CODONML (in paml version 4.10.7, June 2023)  /home/rachel/ruminants_paml/6406-phy-tree/ENSBTAT00000002317.fasta.phy
Model: free dN/dS Ratios for branches,  kappa = 2.000 fixed

Codon frequency model: F3x4
ns =  54  ls =  26

Codon usage in sequences
--------------------------------------------------------------------------------------------------------------------------------------
Phe TTT   1   1   1   1   1   1 | Ser TCT   0   0   0   0   0   0 | Tyr TAT   0   0   0   0   0   0 | Cys TGT   1   1   1   1   1   1
    TTC   0   0   0   0   0   0 |     TCC   1   1   1   1   1   1 |     TAC   2   2   2   2   2   2 |     TGC   1   1   1   1   1   1
Leu TTA   0   0   0   0   0   0 |     TCA   0   0   0   0   0   0 | *** TAA   0   0   0   0   0   0 | *** TGA   0   0   0   0   0   0
    TTG   0   0   0   0   0   0 |     TCG   0   0   0   0   0   0 |     TAG   0   0   0   0   0   0 | Trp TGG   0   0   0   0   0   0
--------------------------------------------------------------------------------------------------------------------------------------
Leu CTT   0   0   0   0   1   0 | Pro CCT   0   0   0   0   0   0 | His CAT   0   0   0   0   0   0 | Arg CGT   0   0   0   0   0   0
    CTC   0   0   0   0   0   0 |     CCC   1   1   1   1   1   1 |     CAC   0   0   0   0   0   0 |     CGC   1   1   1   1   1   1
    CTA   1   0   1   0   0   1 |     CCA   0   0   0   0   0   0 | Gln CAA   0   0   0   0   0   1 |     CGA   0   0   0   0   0   0
    CTG   0   1   0   1   0   0 |     CCG   0   0   0   0   0   0 |     CAG   1   1   1   1   1   0 |     CGG   1   1   1   1   1   1
--------------------------------------------------------------------------------------------------------------------------------------
Ile ATT   0   0   0   0   0   0 | Thr ACT   0   0   0   0   0   0 | Asn AAT   0   0   0   0   0   1 | Ser AGT   0   0   0   0   0   0
    ATC   1   1   1   1   1   1 |     ACC   0   0   0   0   0   0 |     AAC   2   2   2   2   2   1 |     AGC   1   1   1   1   1   1
    ATA   0   0   0   0   0   0 |     ACA   0   0   0   0   0   0 | Lys AAA   0   0   0   0   0   1 | Arg AGA   0   0   0   0   0   0
Met ATG   1   1   1   1   1   1 |     ACG   0   0   0   0   0   0 |     AAG   3   3   3   3   3   2 |     AGG   0   0   0   0   0   0
--------------------------------------------------------------------------------------------------------------------------------------
Val GTT   0   0   0   0   0   0 | Ala GCT   0   0   0   0   0   0 | Asp GAT   0   0   0   0   0   0 | Gly GGT   0   0   0   0   0   0
    GTC   0   0   0   0   0   0 |     GCC   0   0   0   0   0   1 |     GAC   1   1   1   1   1   1 |     GGC   2   2   2   2   3   2
    GTA   0   0   0   0   0   0 |     GCA   0   0   1   0   0   0 | Glu GAA   0   0   0   0   0   0 |     GGA   0   0   0   0   0   0
    GTG   2   2   2   2   2   2 |     GCG   1   1   0   1   1   0 |     GAG   0   0   0   0   0   0 |     GGG   1   1   1   1   0   1
--------------------------------------------------------------------------------------------------------------------------------------

--------------------------------------------------------------------------------------------------------------------------------------
Phe TTT   1   1   1   1   1   1 | Ser TCT   0   0   0   0   0   0 | Tyr TAT   0   0   0   0   0   0 | Cys TGT   1   1   1   1   1   1
    TTC   0   0   0   0   0   0 |     TCC   1   1   1   1   1   1 |     TAC   2   2   2   2   2   2 |     TGC   1   1   1   1   1   1
Leu TTA   0   0   0   0   0   0 |     TCA   0   0   0   0   0   0 | *** TAA   0   0   0   0   0   0 | *** TGA   0   0   0   0   0   0
    TTG   0   0   0   0   0   0 |     TCG   0   0   0   0   0   0 |     TAG   0   0   0   0   0   0 | Trp TGG   0   0   0   0   0   0
--------------------------------------------------------------------------------------------------------------------------------------
Leu CTT   0   0   0   0   0   0 | Pro CCT   0   0   1   0   0   0 | His CAT   0   0   0   0   0   0 | Arg CGT   0   0   0   0   0   0
    CTC   0   0   0   0   0   0 |     CCC   1   1   0   1   1   1 |     CAC   0   0   0   0   0   0 |     CGC   1   1   1   1   1   1
    CTA   1   1   1   1   1   0 |     CCA   0   0   0   0   0   0 | Gln CAA   0   0   0   0   0   0 |     CGA   0   0   0   0   0   0
    CTG   0   0   0   0   0   1 |     CCG   0   0   0   0   0   0 |     CAG   1   1   1   1   1   1 |     CGG   1   1   1   1   1   1
--------------------------------------------------------------------------------------------------------------------------------------
Ile ATT   0   0   0   0   0   0 | Thr ACT   0   0   0   0   0   0 | Asn AAT   0   0   0   0   0   0 | Ser AGT   0   0   0   0   0   0
    ATC   1   1   1   1   1   1 |     ACC   0   0   0   0   0   0 |     AAC   2   2   2   2   2   2 |     AGC   1   1   1   1   1   1
    ATA   0   0   0   0   0   0 |     ACA   0   0   0   0   0   0 | Lys AAA   0   0   0   0   0   0 | Arg AGA   0   0   0   0   0   0
Met ATG   1   1   1   1   1   1 |     ACG   0   0   0   0   0   0 |     AAG   3   3   3   3   3   3 |     AGG   0   0   0   0   0   0
--------------------------------------------------------------------------------------------------------------------------------------
Val GTT   0   0   0   0   0   0 | Ala GCT   0   0   0   0   0   0 | Asp GAT   0   0   0   0   0   0 | Gly GGT   0   0   0   0   0   0
    GTC   0   0   0   0   0   0 |     GCC   0   0   0   0   0   0 |     GAC   1   1   1   1   1   1 |     GGC   2   2   2   2   2   2
    GTA   0   0   0   0   0   0 |     GCA   0   0   1   0   0   0 | Glu GAA   0   0   0   0   0   0 |     GGA   1   0   0   0   0   0
    GTG   2   2   2   2   2   2 |     GCG   1   1   0   1   1   1 |     GAG   0   0   0   0   0   0 |     GGG   0   1   1   1   1   1
--------------------------------------------------------------------------------------------------------------------------------------

--------------------------------------------------------------------------------------------------------------------------------------
Phe TTT   1   1   1   1   1   1 | Ser TCT   0   0   1   0   0   0 | Tyr TAT   0   0   0   0   0   0 | Cys TGT   1   1   1   1   1   1
    TTC   0   0   0   0   0   0 |     TCC   1   1   0   1   1   1 |     TAC   2   2   2   2   2   2 |     TGC   1   1   1   1   1   1
Leu TTA   0   0   0   0   0   0 |     TCA   0   0   0   0   0   0 | *** TAA   0   0   0   0   0   0 | *** TGA   0   0   0   0   0   0
    TTG   0   0   0   0   0   0 |     TCG   0   0   0   0   0   0 |     TAG   0   0   0   0   0   0 | Trp TGG   0   0   0   0   0   0
--------------------------------------------------------------------------------------------------------------------------------------
Leu CTT   0   0   0   0   0   0 | Pro CCT   0   0   0   1   0   0 | His CAT   0   0   0   0   0   0 | Arg CGT   0   0   0   0   0   0
    CTC   0   0   0   0   0   0 |     CCC   1   1   1   0   1   1 |     CAC   0   0   0   0   0   0 |     CGC   1   1   1   1   1   1
    CTA   1   1   1   1   1   1 |     CCA   0   0   0   0   0   0 | Gln CAA   0   0   0   0   0   0 |     CGA   0   0   0   0   0   0
    CTG   0   0   0   0   0   0 |     CCG   0   0   0   0   0   0 |     CAG   1   1   1   1   1   1 |     CGG   1   1   1   1   1   1
--------------------------------------------------------------------------------------------------------------------------------------
Ile ATT   0   0   0   0   0   0 | Thr ACT   0   0   0   0   0   0 | Asn AAT   0   0   0   0   1   0 | Ser AGT   0   0   0   0   0   0
    ATC   1   1   1   1   1   1 |     ACC   0   0   0   0   0   0 |     AAC   2   2   2   2   1   2 |     AGC   1   1   1   1   1   1
    ATA   0   0   0   0   0   0 |     ACA   0   0   0   0   0   0 | Lys AAA   0   0   0   0   0   0 | Arg AGA   0   0   0   0   0   0
Met ATG   1   1   1   1   1   1 |     ACG   0   0   0   0   0   0 |     AAG   3   3   3   3   3   3 |     AGG   0   0   0   0   0   0
--------------------------------------------------------------------------------------------------------------------------------------
Val GTT   0   0   0   0   0   0 | Ala GCT   0   0   0   0   0   0 | Asp GAT   0   0   0   0   0   0 | Gly GGT   0   0   0   0   0   0
    GTC   0   0   0   0   0   0 |     GCC   0   0   0   0   1   0 |     GAC   1   1   1   1   1   1 |     GGC   2   2   2   2   2   2
    GTA   0   0   0   0   0   0 |     GCA   0   0   0   0   0   0 | Glu GAA   0   0   0   0   0   0 |     GGA   0   0   0   0   0   0
    GTG   2   2   2   2   2   2 |     GCG   1   1   1   1   0   1 |     GAG   0   0   0   0   0   0 |     GGG   1   1   1   1   1   1
--------------------------------------------------------------------------------------------------------------------------------------

--------------------------------------------------------------------------------------------------------------------------------------
Phe TTT   1   1   1   1   1   1 | Ser TCT   0   0   0   0   0   0 | Tyr TAT   0   0   0   0   0   0 | Cys TGT   2   1   1   1   1   1
    TTC   0   0   0   0   0   0 |     TCC   1   1   1   1   1   1 |     TAC   2   2   2   2   2   2 |     TGC   0   1   1   1   1   1
Leu TTA   0   0   0   0   0   0 |     TCA   0   0   0   0   0   0 | *** TAA   0   0   0   0   0   0 | *** TGA   0   0   0   0   0   0
    TTG   0   0   0   0   0   0 |     TCG   0   0   0   0   0   0 |     TAG   0   0   0   0   0   0 | Trp TGG   0   0   0   0   0   0
--------------------------------------------------------------------------------------------------------------------------------------
Leu CTT   0   0   0   0   0   0 | Pro CCT   0   0   0   0   0   0 | His CAT   0   0   0   0   0   0 | Arg CGT   0   0   0   0   0   0
    CTC   0   0   0   0   0   0 |     CCC   1   1   1   1   1   1 |     CAC   0   0   0   0   0   0 |     CGC   1   1   1   1   1   1
    CTA   1   1   1   1   1   1 |     CCA   0   0   0   0   0   0 | Gln CAA   0   0   0   0   0   0 |     CGA   0   0   0   0   0   0
    CTG   0   0   0   0   0   0 |     CCG   0   0   0   0   0   0 |     CAG   1   1   1   1   1   1 |     CGG   1   1   1   1   1   1
--------------------------------------------------------------------------------------------------------------------------------------
Ile ATT   0   0   0   0   0   0 | Thr ACT   0   0   0   0   0   0 | Asn AAT   1   0   0   0   0   0 | Ser AGT   0   0   0   0   0   0
    ATC   1   1   1   1   1   1 |     ACC   0   0   0   0   0   0 |     AAC   1   2   2   2   2   2 |     AGC   1   1   1   1   1   1
    ATA   0   0   0   0   0   0 |     ACA   0   0   0   0   0   0 | Lys AAA   0   0   0   0   0   0 | Arg AGA   0   0   0   0   0   0
Met ATG   1   1   1   1   1   1 |     ACG   0   0   0   0   0   0 |     AAG   3   3   3   3   3   3 |     AGG   0   0   0   0   0   0
--------------------------------------------------------------------------------------------------------------------------------------
Val GTT   0   0   0   0   0   0 | Ala GCT   0   0   0   0   0   0 | Asp GAT   0   0   0   0   0   0 | Gly GGT   0   0   0   0   0   0
    GTC   0   0   0   0   0   0 |     GCC   1   1   0   0   0   0 |     GAC   1   1   1   1   1   1 |     GGC   2   2   2   2   2   2
    GTA   0   0   0   0   0   0 |     GCA   0   0   0   0   0   0 | Glu GAA   0   0   0   0   0   0 |     GGA   0   0   0   0   0   0
    GTG   2   2   2   2   2   2 |     GCG   0   0   1   1   1   1 |     GAG   0   0   0   0   0   0 |     GGG   1   1   1   1   1   1
--------------------------------------------------------------------------------------------------------------------------------------

--------------------------------------------------------------------------------------------------------------------------------------
Phe TTT   1   1   1   1   1   1 | Ser TCT   0   0   0   0   1   0 | Tyr TAT   0   0   0   0   0   0 | Cys TGT   2   1   1   1   1   1
    TTC   0   0   0   0   0   0 |     TCC   1   1   1   1   0   1 |     TAC   2   2   2   2   2   2 |     TGC   0   1   1   1   1   1
Leu TTA   0   0   0   0   0   0 |     TCA   0   0   0   0   0   0 | *** TAA   0   0   0   0   0   0 | *** TGA   0   0   0   0   0   0
    TTG   0   0   0   0   0   0 |     TCG   0   0   0   0   0   0 |     TAG   0   0   0   0   0   0 | Trp TGG   0   0   0   0   0   0
--------------------------------------------------------------------------------------------------------------------------------------
Leu CTT   0   0   0   0   0   0 | Pro CCT   0   0   0   0   0   0 | His CAT   0   0   0   0   0   0 | Arg CGT   0   0   0   0   0   0
    CTC   0   0   0   0   0   0 |     CCC   1   1   1   1   1   1 |     CAC   0   0   0   0   0   0 |     CGC   1   1   1   1   1   1
    CTA   0   0   1   1   1   1 |     CCA   0   0   0   0   0   0 | Gln CAA   0   0   0   1   0   0 |     CGA   0   0   0   0   0   0
    CTG   1   1   0   0   0   0 |     CCG   0   0   0   0   0   0 |     CAG   1   1   1   0   1   1 |     CGG   1   1   1   1   1   1
--------------------------------------------------------------------------------------------------------------------------------------
Ile ATT   0   0   0   0   0   0 | Thr ACT   0   0   0   0   0   0 | Asn AAT   0   0   0   0   0   0 | Ser AGT   0   0   0   0   0   0
    ATC   1   1   1   1   1   1 |     ACC   0   0   0   0   0   0 |     AAC   2   2   2   2   2   2 |     AGC   1   1   1   1   1   1
    ATA   0   0   0   0   0   0 |     ACA   0   0   0   0   0   0 | Lys AAA   0   0   0   0   0   0 | Arg AGA   0   0   0   0   0   0
Met ATG   1   1   1   1   1   1 |     ACG   0   0   0   0   0   0 |     AAG   3   3   3   3   3   3 |     AGG   0   0   0   0   0   0
--------------------------------------------------------------------------------------------------------------------------------------
Val GTT   0   0   0   0   0   0 | Ala GCT   0   0   0   0   0   0 | Asp GAT   0   0   0   0   0   0 | Gly GGT   0   0   0   0   0   0
    GTC   0   0   0   0   0   0 |     GCC   0   0   0   0   0   0 |     GAC   1   1   1   1   1   1 |     GGC   2   2   2   2   2   2
    GTA   0   0   0   0   0   0 |     GCA   0   0   0   0   0   1 | Glu GAA   0   0   0   0   0   0 |     GGA   0   0   0   0   0   0
    GTG   2   2   2   2   2   2 |     GCG   1   1   1   1   1   0 |     GAG   0   0   0   0   0   0 |     GGG   1   1   1   1   1   1
--------------------------------------------------------------------------------------------------------------------------------------

--------------------------------------------------------------------------------------------------------------------------------------
Phe TTT   1   1   1   1   1   1 | Ser TCT   0   0   0   0   0   1 | Tyr TAT   1   0   0   0   0   0 | Cys TGT   1   1   1   1   1   1
    TTC   0   0   0   0   0   0 |     TCC   1   1   1   1   1   0 |     TAC   1   2   2   2   2   2 |     TGC   1   1   1   1   1   1
Leu TTA   0   0   0   0   0   0 |     TCA   0   0   0   0   0   0 | *** TAA   0   0   0   0   0   0 | *** TGA   0   0   0   0   0   0
    TTG   0   0   0   0   0   0 |     TCG   0   0   0   0   0   0 |     TAG   0   0   0   0   0   0 | Trp TGG   0   0   0   0   0   0
--------------------------------------------------------------------------------------------------------------------------------------
Leu CTT   0   0   0   0   0   0 | Pro CCT   0   0   0   1   0   0 | His CAT   0   0   0   0   0   0 | Arg CGT   0   0   0   0   0   0
    CTC   0   0   0   0   0   0 |     CCC   1   1   1   0   1   1 |     CAC   0   0   0   0   0   0 |     CGC   1   1   1   1   1   1
    CTA   1   1   0   1   1   1 |     CCA   0   0   0   0   0   0 | Gln CAA   0   0   0   0   0   0 |     CGA   0   0   0   0   0   0
    CTG   0   0   1   0   0   0 |     CCG   0   0   0   0   0   0 |     CAG   1   1   1   1   1   1 |     CGG   1   1   1   1   1   1
--------------------------------------------------------------------------------------------------------------------------------------
Ile ATT   0   0   0   0   0   0 | Thr ACT   0   0   0   0   0   0 | Asn AAT   0   0   0   0   0   0 | Ser AGT   0   0   0   0   0   0
    ATC   1   1   1   1   1   1 |     ACC   0   0   0   0   0   0 |     AAC   2   2   2   2   2   2 |     AGC   1   1   1   1   1   1
    ATA   0   0   0   0   0   0 |     ACA   0   0   0   0   0   0 | Lys AAA   0   0   0   0   0   0 | Arg AGA   0   0   0   0   0   0
Met ATG   1   1   1   1   1   1 |     ACG   0   0   0   0   0   0 |     AAG   3   3   3   3   3   3 |     AGG   0   0   0   0   0   0
--------------------------------------------------------------------------------------------------------------------------------------
Val GTT   0   0   0   0   0   0 | Ala GCT   0   0   0   0   0   0 | Asp GAT   0   0   0   0   0   0 | Gly GGT   0   0   0   0   0   0
    GTC   0   0   0   0   0   0 |     GCC   0   0   0   0   0   0 |     GAC   1   1   1   1   1   1 |     GGC   2   2   2   2   2   2
    GTA   0   0   0   0   0   0 |     GCA   0   1   0   0   0   0 | Glu GAA   0   0   0   0   0   0 |     GGA   0   0   0   0   0   0
    GTG   2   2   2   2   2   2 |     GCG   1   0   1   1   1   1 |     GAG   0   0   0   0   0   0 |     GGG   1   1   1   1   1   1
--------------------------------------------------------------------------------------------------------------------------------------

--------------------------------------------------------------------------------------------------------------------------------------
Phe TTT   1   1   1   1   1   1 | Ser TCT   0   0   0   0   1   0 | Tyr TAT   0   0   0   0   0   0 | Cys TGT   1   1   1   1   1   1
    TTC   0   0   0   0   0   0 |     TCC   1   1   1   1   0   1 |     TAC   2   2   2   2   2   2 |     TGC   1   1   1   1   1   1
Leu TTA   0   0   0   0   0   0 |     TCA   0   0   0   0   0   0 | *** TAA   0   0   0   0   0   0 | *** TGA   0   0   0   0   0   0
    TTG   0   0   0   0   0   0 |     TCG   0   0   0   0   0   0 |     TAG   0   0   0   0   0   0 | Trp TGG   0   0   0   0   0   0
--------------------------------------------------------------------------------------------------------------------------------------
Leu CTT   0   0   0   0   0   0 | Pro CCT   0   0   0   0   0   0 | His CAT   0   0   0   0   0   0 | Arg CGT   0   0   0   0   0   0
    CTC   0   0   0   0   0   0 |     CCC   1   1   1   1   1   1 |     CAC   0   0   0   0   0   0 |     CGC   1   1   1   1   1   1
    CTA   1   1   1   1   1   0 |     CCA   0   0   0   0   0   0 | Gln CAA   0   0   0   0   0   0 |     CGA   0   0   0   0   0   0
    CTG   0   0   0   0   0   1 |     CCG   0   0   0   0   0   0 |     CAG   1   1   1   1   1   1 |     CGG   1   1   1   1   1   1
--------------------------------------------------------------------------------------------------------------------------------------
Ile ATT   0   0   0   0   0   0 | Thr ACT   0   0   0   0   0   0 | Asn AAT   0   0   0   0   0   0 | Ser AGT   0   0   0   0   0   0
    ATC   1   1   1   1   1   1 |     ACC   0   0   0   0   0   0 |     AAC   2   2   2   2   2   2 |     AGC   1   1   1   1   1   1
    ATA   0   0   0   0   0   0 |     ACA   0   0   0   0   0   0 | Lys AAA   0   0   0   0   0   0 | Arg AGA   0   0   0   0   0   0
Met ATG   1   1   1   1   1   1 |     ACG   0   0   0   0   0   0 |     AAG   3   3   3   3   3   3 |     AGG   0   0   0   0   0   0
--------------------------------------------------------------------------------------------------------------------------------------
Val GTT   0   0   0   0   0   0 | Ala GCT   0   0   0   0   0   0 | Asp GAT   0   0   0   0   0   0 | Gly GGT   0   0   0   0   0   0
    GTC   0   0   0   0   0   0 |     GCC   0   0   0   0   0   0 |     GAC   1   1   1   1   1   1 |     GGC   2   2   2   2   2   2
    GTA   0   0   0   0   0   0 |     GCA   0   0   0   0   0   0 | Glu GAA   0   0   0   0   0   0 |     GGA   0   0   0   1   0   0
    GTG   2   2   2   2   2   2 |     GCG   1   1   1   1   1   1 |     GAG   0   0   0   0   0   0 |     GGG   1   1   1   0   1   1
--------------------------------------------------------------------------------------------------------------------------------------

--------------------------------------------------------------------------------------------------------------------------------------
Phe TTT   1   1   1   1   1   1 | Ser TCT   0   0   0   0   0   0 | Tyr TAT   0   0   0   0   0   0 | Cys TGT   1   1   1   1   1   1
    TTC   0   0   0   0   0   0 |     TCC   1   1   1   1   1   1 |     TAC   2   2   2   2   2   2 |     TGC   1   1   1   1   1   1
Leu TTA   0   0   0   0   0   0 |     TCA   0   0   0   0   0   0 | *** TAA   0   0   0   0   0   0 | *** TGA   0   0   0   0   0   0
    TTG   0   0   0   0   0   0 |     TCG   0   0   0   0   0   0 |     TAG   0   0   0   0   0   0 | Trp TGG   0   0   0   0   0   0
--------------------------------------------------------------------------------------------------------------------------------------
Leu CTT   0   0   0   0   0   0 | Pro CCT   0   0   0   0   0   0 | His CAT   0   0   0   0   0   0 | Arg CGT   0   0   0   0   0   0
    CTC   0   0   0   0   0   0 |     CCC   1   1   1   1   1   1 |     CAC   0   0   0   0   0   0 |     CGC   1   0   1   1   1   1
    CTA   0   1   0   0   1   1 |     CCA   0   0   0   0   0   0 | Gln CAA   0   1   0   0   0   0 |     CGA   0   1   0   0   0   0
    CTG   1   0   1   1   0   0 |     CCG   0   0   0   0   0   0 |     CAG   1   0   1   1   1   1 |     CGG   1   1   1   1   1   1
--------------------------------------------------------------------------------------------------------------------------------------
Ile ATT   0   0   0   0   0   0 | Thr ACT   0   0   0   0   0   0 | Asn AAT   0   0   0   0   0   0 | Ser AGT   0   0   0   0   0   0
    ATC   1   1   1   1   1   1 |     ACC   0   0   0   0   0   0 |     AAC   2   2   2   2   2   2 |     AGC   1   1   1   1   1   1
    ATA   0   0   0   0   0   0 |     ACA   0   0   0   0   0   0 | Lys AAA   0   0   0   0   0   0 | Arg AGA   0   0   0   0   0   0
Met ATG   1   1   1   1   1   1 |     ACG   0   0   0   0   0   0 |     AAG   3   3   3   3   3   3 |     AGG   0   0   0   0   0   0
--------------------------------------------------------------------------------------------------------------------------------------
Val GTT   0   0   0   0   0   0 | Ala GCT   0   0   0   0   0   0 | Asp GAT   0   0   0   0   0   0 | Gly GGT   0   0   0   0   0   0
    GTC   0   0   0   0   0   0 |     GCC   0   0   0   0   0   0 |     GAC   1   1   1   1   1   1 |     GGC   2   2   2   2   2   2
    GTA   0   0   0   0   0   0 |     GCA   0   0   0   0   0   1 | Glu GAA   0   0   0   0   0   0 |     GGA   0   0   0   0   0   0
    GTG   2   2   2   2   2   2 |     GCG   1   1   1   1   1   0 |     GAG   0   0   0   0   0   0 |     GGG   1   1   1   1   1   1
--------------------------------------------------------------------------------------------------------------------------------------

--------------------------------------------------------------------------------------------------------------------------------------
Phe TTT   1   1   1   1   1   1 | Ser TCT   0   0   0   0   0   0 | Tyr TAT   0   0   0   0   0   0 | Cys TGT   2   2   1   1   1   1
    TTC   0   0   0   0   0   0 |     TCC   1   1   1   1   1   1 |     TAC   2   2   2   2   2   2 |     TGC   0   0   1   1   1   1
Leu TTA   0   0   0   0   0   0 |     TCA   0   0   0   0   0   0 | *** TAA   0   0   0   0   0   0 | *** TGA   0   0   0   0   0   0
    TTG   0   0   0   0   0   0 |     TCG   0   0   0   0   0   0 |     TAG   0   0   0   0   0   0 | Trp TGG   0   0   0   0   0   0
--------------------------------------------------------------------------------------------------------------------------------------
Leu CTT   0   0   0   0   0   0 | Pro CCT   0   0   0   0   0   0 | His CAT   0   0   0   0   0   0 | Arg CGT   0   0   0   0   0   0
    CTC   0   0   0   0   0   0 |     CCC   1   1   1   1   1   1 |     CAC   0   0   0   0   0   0 |     CGC   1   1   1   1   1   1
    CTA   1   1   1   0   1   1 |     CCA   0   0   0   0   0   0 | Gln CAA   0   0   0   0   0   0 |     CGA   0   0   0   0   0   0
    CTG   0   0   0   1   0   0 |     CCG   0   0   0   0   0   0 |     CAG   1   1   1   1   1   1 |     CGG   1   1   1   1   1   1
--------------------------------------------------------------------------------------------------------------------------------------
Ile ATT   0   0   0   0   0   0 | Thr ACT   0   0   0   0   0   0 | Asn AAT   0   0   0   0   0   0 | Ser AGT   0   0   0   0   0   0
    ATC   1   1   1   1   1   1 |     ACC   0   0   0   0   0   0 |     AAC   2   2   2   2   2   2 |     AGC   1   1   1   1   1   1
    ATA   0   0   0   0   0   0 |     ACA   0   0   0   0   0   0 | Lys AAA   0   0   0   0   0   0 | Arg AGA   0   0   0   0   0   0
Met ATG   1   1   1   1   1   1 |     ACG   0   0   0   0   0   0 |     AAG   3   3   3   3   3   3 |     AGG   0   0   0   0   0   0
--------------------------------------------------------------------------------------------------------------------------------------
Val GTT   0   0   0   0   0   0 | Ala GCT   0   0   0   0   0   0 | Asp GAT   0   0   0   0   0   0 | Gly GGT   0   0   0   0   0   0
    GTC   0   0   0   0   0   0 |     GCC   0   0   0   0   0   0 |     GAC   1   1   1   1   1   1 |     GGC   2   2   2   2   2   2
    GTA   1   0   0   0   0   0 |     GCA   0   1   1   0   1   1 | Glu GAA   0   0   0   0   0   0 |     GGA   0   0   0   0   0   0
    GTG   1   2   2   2   2   2 |     GCG   1   0   0   1   0   0 |     GAG   0   0   0   0   0   0 |     GGG   1   1   1   1   1   1
--------------------------------------------------------------------------------------------------------------------------------------

Codon position x base (3x4) table for each sequence.

#1: Argali         
position  1:    T:0.23077    C:0.19231    A:0.30769    G:0.26923
position  2:    T:0.23077    C:0.11538    A:0.34615    G:0.30769
position  3:    T:0.07692    C:0.50000    A:0.03846    G:0.38462
Average         T:0.17949    C:0.26923    A:0.23077    G:0.32051

#2: LesserMouseDeer
position  1:    T:0.23077    C:0.19231    A:0.30769    G:0.26923
position  2:    T:0.23077    C:0.11538    A:0.34615    G:0.30769
position  3:    T:0.07692    C:0.50000    A:0.00000    G:0.42308
Average         T:0.17949    C:0.26923    A:0.21795    G:0.33333

#3: LesserKudu     
position  1:    T:0.23077    C:0.19231    A:0.30769    G:0.26923
position  2:    T:0.23077    C:0.11538    A:0.34615    G:0.30769
position  3:    T:0.07692    C:0.50000    A:0.07692    G:0.34615
Average         T:0.17949    C:0.26923    A:0.24359    G:0.30769

#4: ForestMuskDeer2
position  1:    T:0.23077    C:0.19231    A:0.30769    G:0.26923
position  2:    T:0.23077    C:0.11538    A:0.34615    G:0.30769
position  3:    T:0.07692    C:0.50000    A:0.00000    G:0.42308
Average         T:0.17949    C:0.26923    A:0.21795    G:0.33333

#5: Camel          
position  1:    T:0.23077    C:0.19231    A:0.30769    G:0.26923
position  2:    T:0.23077    C:0.11538    A:0.34615    G:0.30769
position  3:    T:0.11538    C:0.53846    A:0.00000    G:0.34615
Average         T:0.19231    C:0.28205    A:0.21795    G:0.30769

#6: KillerWhale    
position  1:    T:0.23077    C:0.19231    A:0.30769    G:0.26923
position  2:    T:0.23077    C:0.11538    A:0.34615    G:0.30769
position  3:    T:0.11538    C:0.50000    A:0.11538    G:0.26923
Average         T:0.19231    C:0.26923    A:0.25641    G:0.28205

#7: DefassaWaterbuck
position  1:    T:0.23077    C:0.19231    A:0.30769    G:0.26923
position  2:    T:0.23077    C:0.11538    A:0.34615    G:0.30769
position  3:    T:0.07692    C:0.50000    A:0.07692    G:0.34615
Average         T:0.17949    C:0.26923    A:0.24359    G:0.30769

#8: Sheep          
position  1:    T:0.23077    C:0.19231    A:0.30769    G:0.26923
position  2:    T:0.23077    C:0.11538    A:0.34615    G:0.30769
position  3:    T:0.07692    C:0.50000    A:0.03846    G:0.38462
Average         T:0.17949    C:0.26923    A:0.23077    G:0.32051

#9: MaxwellsDuiker 
position  1:    T:0.23077    C:0.19231    A:0.30769    G:0.26923
position  2:    T:0.23077    C:0.11538    A:0.34615    G:0.30769
position  3:    T:0.11538    C:0.46154    A:0.07692    G:0.34615
Average         T:0.19231    C:0.25641    A:0.24359    G:0.30769

#10: GazellaPrzewalskyi
position  1:    T:0.23077    C:0.19231    A:0.30769    G:0.26923
position  2:    T:0.23077    C:0.11538    A:0.34615    G:0.30769
position  3:    T:0.07692    C:0.50000    A:0.03846    G:0.38462
Average         T:0.17949    C:0.26923    A:0.23077    G:0.32051

#11: MountainNyala  
position  1:    T:0.23077    C:0.19231    A:0.30769    G:0.26923
position  2:    T:0.23077    C:0.11538    A:0.34615    G:0.30769
position  3:    T:0.07692    C:0.50000    A:0.03846    G:0.38462
Average         T:0.17949    C:0.26923    A:0.23077    G:0.32051

#12: MuntiacusMuntjak
position  1:    T:0.23077    C:0.19231    A:0.30769    G:0.26923
position  2:    T:0.23077    C:0.11538    A:0.34615    G:0.30769
position  3:    T:0.07692    C:0.50000    A:0.00000    G:0.42308
Average         T:0.17949    C:0.26923    A:0.21795    G:0.33333

#13: goat           
position  1:    T:0.23077    C:0.19231    A:0.30769    G:0.26923
position  2:    T:0.23077    C:0.11538    A:0.34615    G:0.30769
position  3:    T:0.07692    C:0.50000    A:0.03846    G:0.38462
Average         T:0.17949    C:0.26923    A:0.23077    G:0.32051

#14: AfricanBuffalo 
position  1:    T:0.23077    C:0.19231    A:0.30769    G:0.26923
position  2:    T:0.23077    C:0.11538    A:0.34615    G:0.30769
position  3:    T:0.07692    C:0.50000    A:0.03846    G:0.38462
Average         T:0.17949    C:0.26923    A:0.23077    G:0.32051

#15: Topi           
position  1:    T:0.23077    C:0.19231    A:0.30769    G:0.26923
position  2:    T:0.23077    C:0.11538    A:0.34615    G:0.30769
position  3:    T:0.11538    C:0.46154    A:0.03846    G:0.38462
Average         T:0.19231    C:0.25641    A:0.23077    G:0.32051

#16: CommonDuiker   
position  1:    T:0.23077    C:0.19231    A:0.30769    G:0.26923
position  2:    T:0.23077    C:0.11538    A:0.34615    G:0.30769
position  3:    T:0.11538    C:0.46154    A:0.03846    G:0.38462
Average         T:0.19231    C:0.25641    A:0.23077    G:0.32051

#17: Suni           
position  1:    T:0.23077    C:0.19231    A:0.30769    G:0.26923
position  2:    T:0.23077    C:0.11538    A:0.34615    G:0.30769
position  3:    T:0.11538    C:0.50000    A:0.03846    G:0.34615
Average         T:0.19231    C:0.26923    A:0.23077    G:0.30769

#18: Springbuck     
position  1:    T:0.23077    C:0.19231    A:0.30769    G:0.26923
position  2:    T:0.23077    C:0.11538    A:0.34615    G:0.30769
position  3:    T:0.07692    C:0.50000    A:0.03846    G:0.38462
Average         T:0.17949    C:0.26923    A:0.23077    G:0.32051

#19: Okapi          
position  1:    T:0.23077    C:0.19231    A:0.30769    G:0.26923
position  2:    T:0.23077    C:0.11538    A:0.34615    G:0.30769
position  3:    T:0.15385    C:0.46154    A:0.03846    G:0.34615
Average         T:0.20513    C:0.25641    A:0.23077    G:0.30769

#20: Giraffe        
position  1:    T:0.23077    C:0.19231    A:0.30769    G:0.26923
position  2:    T:0.23077    C:0.11538    A:0.34615    G:0.30769
position  3:    T:0.07692    C:0.53846    A:0.03846    G:0.34615
Average         T:0.17949    C:0.28205    A:0.23077    G:0.30769

#21: TibetanAntelope
position  1:    T:0.23077    C:0.19231    A:0.30769    G:0.26923
position  2:    T:0.23077    C:0.11538    A:0.34615    G:0.30769
position  3:    T:0.07692    C:0.50000    A:0.03846    G:0.38462
Average         T:0.17949    C:0.26923    A:0.23077    G:0.32051

#22: Sitatunga      
position  1:    T:0.23077    C:0.19231    A:0.30769    G:0.26923
position  2:    T:0.23077    C:0.11538    A:0.34615    G:0.30769
position  3:    T:0.07692    C:0.50000    A:0.03846    G:0.38462
Average         T:0.17949    C:0.26923    A:0.23077    G:0.32051

#23: Oribi          
position  1:    T:0.23077    C:0.19231    A:0.30769    G:0.26923
position  2:    T:0.23077    C:0.11538    A:0.34615    G:0.30769
position  3:    T:0.07692    C:0.50000    A:0.03846    G:0.38462
Average         T:0.17949    C:0.26923    A:0.23077    G:0.32051

#24: BarbarySheep   
position  1:    T:0.23077    C:0.19231    A:0.30769    G:0.26923
position  2:    T:0.23077    C:0.11538    A:0.34615    G:0.30769
position  3:    T:0.07692    C:0.50000    A:0.03846    G:0.38462
Average         T:0.17949    C:0.26923    A:0.23077    G:0.32051

#25: Daviddeer      
position  1:    T:0.23077    C:0.19231    A:0.30769    G:0.26923
position  2:    T:0.23077    C:0.11538    A:0.34615    G:0.30769
position  3:    T:0.11538    C:0.46154    A:0.00000    G:0.42308
Average         T:0.19231    C:0.25641    A:0.21795    G:0.33333

#26: Reindeer       
position  1:    T:0.23077    C:0.19231    A:0.30769    G:0.26923
position  2:    T:0.23077    C:0.11538    A:0.34615    G:0.30769
position  3:    T:0.07692    C:0.50000    A:0.00000    G:0.42308
Average         T:0.17949    C:0.26923    A:0.21795    G:0.33333

#27: Ibex           
position  1:    T:0.23077    C:0.19231    A:0.30769    G:0.26923
position  2:    T:0.23077    C:0.11538    A:0.34615    G:0.30769
position  3:    T:0.07692    C:0.50000    A:0.03846    G:0.38462
Average         T:0.17949    C:0.26923    A:0.23077    G:0.32051

#28: GyrantGazelle  
position  1:    T:0.23077    C:0.19231    A:0.30769    G:0.26923
position  2:    T:0.23077    C:0.11538    A:0.34615    G:0.30769
position  3:    T:0.07692    C:0.50000    A:0.07692    G:0.34615
Average         T:0.17949    C:0.26923    A:0.24359    G:0.30769

#29: Hartebeest     
position  1:    T:0.23077    C:0.19231    A:0.30769    G:0.26923
position  2:    T:0.23077    C:0.11538    A:0.34615    G:0.30769
position  3:    T:0.11538    C:0.46154    A:0.03846    G:0.38462
Average         T:0.19231    C:0.25641    A:0.23077    G:0.32051

#30: Bongo          
position  1:    T:0.23077    C:0.19231    A:0.30769    G:0.26923
position  2:    T:0.23077    C:0.11538    A:0.34615    G:0.30769
position  3:    T:0.07692    C:0.50000    A:0.07692    G:0.34615
Average         T:0.17949    C:0.26923    A:0.24359    G:0.30769

#31: Gerenuk        
position  1:    T:0.23077    C:0.19231    A:0.30769    G:0.26923
position  2:    T:0.23077    C:0.11538    A:0.34615    G:0.30769
position  3:    T:0.11538    C:0.46154    A:0.03846    G:0.38462
Average         T:0.19231    C:0.25641    A:0.23077    G:0.32051

#32: CommonEland    
position  1:    T:0.23077    C:0.19231    A:0.30769    G:0.26923
position  2:    T:0.23077    C:0.11538    A:0.34615    G:0.30769
position  3:    T:0.07692    C:0.50000    A:0.07692    G:0.34615
Average         T:0.17949    C:0.26923    A:0.24359    G:0.30769

#33: MuntiacusReevesi
position  1:    T:0.23077    C:0.19231    A:0.30769    G:0.26923
position  2:    T:0.23077    C:0.11538    A:0.34615    G:0.30769
position  3:    T:0.07692    C:0.50000    A:0.00000    G:0.42308
Average         T:0.17949    C:0.26923    A:0.21795    G:0.33333

#34: HarveysDuiker  
position  1:    T:0.23077    C:0.19231    A:0.30769    G:0.26923
position  2:    T:0.23077    C:0.11538    A:0.34615    G:0.30769
position  3:    T:0.11538    C:0.46154    A:0.03846    G:0.38462
Average         T:0.19231    C:0.25641    A:0.23077    G:0.32051

#35: Pronghorn      
position  1:    T:0.23077    C:0.19231    A:0.30769    G:0.26923
position  2:    T:0.23077    C:0.11538    A:0.34615    G:0.30769
position  3:    T:0.07692    C:0.50000    A:0.03846    G:0.38462
Average         T:0.17949    C:0.26923    A:0.23077    G:0.32051

#36: BlueWildebeest 
position  1:    T:0.23077    C:0.19231    A:0.30769    G:0.26923
position  2:    T:0.23077    C:0.11538    A:0.34615    G:0.30769
position  3:    T:0.11538    C:0.46154    A:0.03846    G:0.38462
Average         T:0.19231    C:0.25641    A:0.23077    G:0.32051

#37: Gemsbok        
position  1:    T:0.23077    C:0.19231    A:0.30769    G:0.26923
position  2:    T:0.23077    C:0.11538    A:0.34615    G:0.30769
position  3:    T:0.07692    C:0.50000    A:0.03846    G:0.38462
Average         T:0.17949    C:0.26923    A:0.23077    G:0.32051

#38: Yak            
position  1:    T:0.23077    C:0.19231    A:0.30769    G:0.26923
position  2:    T:0.23077    C:0.11538    A:0.34615    G:0.30769
position  3:    T:0.07692    C:0.50000    A:0.03846    G:0.38462
Average         T:0.17949    C:0.26923    A:0.23077    G:0.32051

#39: BlueSheep      
position  1:    T:0.23077    C:0.19231    A:0.30769    G:0.26923
position  2:    T:0.23077    C:0.11538    A:0.34615    G:0.30769
position  3:    T:0.07692    C:0.50000    A:0.03846    G:0.38462
Average         T:0.17949    C:0.26923    A:0.23077    G:0.32051

#40: BohorReedbuck  
position  1:    T:0.23077    C:0.19231    A:0.30769    G:0.26923
position  2:    T:0.23077    C:0.11538    A:0.34615    G:0.30769
position  3:    T:0.07692    C:0.50000    A:0.07692    G:0.34615
Average         T:0.17949    C:0.26923    A:0.24359    G:0.30769

#41: KirksDik       
position  1:    T:0.23077    C:0.19231    A:0.30769    G:0.26923
position  2:    T:0.23077    C:0.11538    A:0.34615    G:0.30769
position  3:    T:0.11538    C:0.46154    A:0.03846    G:0.38462
Average         T:0.19231    C:0.25641    A:0.23077    G:0.32051

#42: RoeDeer        
position  1:    T:0.23077    C:0.19231    A:0.30769    G:0.26923
position  2:    T:0.23077    C:0.11538    A:0.34615    G:0.30769
position  3:    T:0.07692    C:0.50000    A:0.00000    G:0.42308
Average         T:0.17949    C:0.26923    A:0.21795    G:0.33333

#43: WhiteLippedDeer
position  1:    T:0.23077    C:0.19231    A:0.30769    G:0.26923
position  2:    T:0.23077    C:0.11538    A:0.34615    G:0.30769
position  3:    T:0.07692    C:0.50000    A:0.00000    G:0.42308
Average         T:0.17949    C:0.26923    A:0.21795    G:0.33333

#44: ThomsonGazelle 
position  1:    T:0.23077    C:0.19231    A:0.30769    G:0.26923
position  2:    T:0.23077    C:0.11538    A:0.34615    G:0.30769
position  3:    T:0.07692    C:0.46154    A:0.11538    G:0.34615
Average         T:0.17949    C:0.25641    A:0.25641    G:0.30769

#45: MuntiacusCrinifrons
position  1:    T:0.23077    C:0.19231    A:0.30769    G:0.26923
position  2:    T:0.23077    C:0.11538    A:0.34615    G:0.30769
position  3:    T:0.07692    C:0.50000    A:0.00000    G:0.42308
Average         T:0.17949    C:0.26923    A:0.21795    G:0.33333

#46: WhiteTailedDeer
position  1:    T:0.23077    C:0.19231    A:0.30769    G:0.26923
position  2:    T:0.23077    C:0.11538    A:0.34615    G:0.30769
position  3:    T:0.07692    C:0.50000    A:0.00000    G:0.42308
Average         T:0.17949    C:0.26923    A:0.21795    G:0.33333

#47: Cattle         
position  1:    T:0.23077    C:0.19231    A:0.30769    G:0.26923
position  2:    T:0.23077    C:0.11538    A:0.34615    G:0.30769
position  3:    T:0.07692    C:0.50000    A:0.03846    G:0.38462
Average         T:0.17949    C:0.26923    A:0.23077    G:0.32051

#48: RoyalAntelope  
position  1:    T:0.23077    C:0.19231    A:0.30769    G:0.26923
position  2:    T:0.23077    C:0.11538    A:0.34615    G:0.30769
position  3:    T:0.07692    C:0.50000    A:0.07692    G:0.34615
Average         T:0.17949    C:0.26923    A:0.24359    G:0.30769

#49: Steenbok       
position  1:    T:0.23077    C:0.19231    A:0.30769    G:0.26923
position  2:    T:0.23077    C:0.11538    A:0.34615    G:0.30769
position  3:    T:0.11538    C:0.46154    A:0.07692    G:0.34615
Average         T:0.19231    C:0.25641    A:0.24359    G:0.30769

#50: Impala         
position  1:    T:0.23077    C:0.19231    A:0.30769    G:0.26923
position  2:    T:0.23077    C:0.11538    A:0.34615    G:0.30769
position  3:    T:0.11538    C:0.46154    A:0.07692    G:0.34615
Average         T:0.19231    C:0.25641    A:0.24359    G:0.30769

#51: Klipspringer   
position  1:    T:0.23077    C:0.19231    A:0.30769    G:0.26923
position  2:    T:0.23077    C:0.11538    A:0.34615    G:0.30769
