1
52 1
Argali 0.000000 0.604600 0.210600 0.500100 0.207600 0.086000 0.198800 0.190100 0.260300 0.309500 0.110700 0.218500 0.208400 0.200100 0.194700 0.177900 0.345700 0.355100 0.099100 0.295100 0.178800 0.120500 0.324000 0.296000 0.097200 0.166400 0.195800 0.285200 0.212000 0.254900 0.321200 0.178400 0.329700 0.220500 0.177700 0.179300 0.109300 0.207900 0.185600 0.290900 0.282300 0.166500 0.298100 0.283900 0.138600 0.194400 0.175500 0.148400 0.191300 0.248400 0.319100 0.272100
LesserMous 0.604600 0.000000 0.504700 0.565500 0.666900 0.631500 0.537500 0.601100 0.565600 0.562000 0.604100 0.662600 0.646300 0.574900 0.641800 0.610500 0.519100 0.488100 0.608900 0.584500 0.705300 0.656700 0.570200 0.512300 0.567800 0.591300 0.630300 0.619000 0.607200 0.568600 0.543300 0.565600 0.545100 0.602500 0.552800 0.576200 0.581200 0.668000 0.580500 0.501600 0.510400 0.599600 0.566400 0.496700 0.552800 0.657900 0.694600 0.501500 0.614500 0.574000 0.646800 0.555000
LesserKudu 0.210600 0.504700 0.000000 0.537400 0.236200 0.186500 0.216600 0.209400 0.148700 0.313800 0.150200 0.203700 0.247600 0.217700 0.235500 0.219100 0.363200 0.346100 0.170300 0.179200 0.221100 0.203000 0.394300 0.351100 0.156300 0.185300 0.234500 0.170100 0.218900 0.111400 0.350400 0.219300 0.335200 0.237600 0.195500 0.154500 0.169900 0.236600 0.161300 0.308200 0.338100 0.210900 0.327400 0.338700 0.115300 0.234600 0.216100 0.144800 0.209300 0.243000 0.200100 0.108800
KillerWhal 0.500100 0.565500 0.537400 0.000000 0.531600 0.491100 0.466300 0.595500 0.498400 0.502700 0.557500 0.466000 0.479300 0.468500 0.372200 0.465800 0.472600 0.414900 0.401000 0.559100 0.517700 0.506800 0.460900 0.414100 0.526500 0.481400 0.449100 0.561500 0.574500 0.544400 0.515300 0.441500 0.405100 0.454100 0.513000 0.488600 0.505900 0.532500 0.487100 0.436600 0.456900 0.535800 0.535300 0.429600 0.484100 0.588600 0.491100 0.483100 0.533200 0.420000 0.604400 0.553900
DefassaWat 0.207600 0.666900 0.236200 0.531600 0.000000 0.182300 0.212000 0.203700 0.285100 0.335700 0.212300 0.265500 0.231900 0.224700 0.230200 0.189600 0.401900 0.412800 0.174700 0.320900 0.228200 0.221300 0.377400 0.321300 0.195300 0.190000 0.220300 0.299700 0.236800 0.256900 0.374700 0.202400 0.371900 0.200700 0.178600 0.214800 0.198200 0.018900 0.165100 0.329400 0.347600 0.190000 0.350500 0.309100 0.217800 0.229200 0.209900 0.172100 0.215800 0.285000 0.334400 0.299900
Sheep 0.086000 0.631500 0.186500 0.491100 0.182300 0.000000 0.185100 0.199300 0.257000 0.256600 0.099000 0.205600 0.174100 0.186200 0.192600 0.153200 0.317700 0.338100 0.077500 0.268700 0.188100 0.119000 0.332100 0.279100 0.086100 0.153300 0.162400 0.259100 0.175400 0.229400 0.292000 0.165000 0.326100 0.206900 0.164300 0.198800 0.097800 0.182600 0.150700 0.263100 0.279100 0.176400 0.269600 0.267400 0.158100 0.203400 0.162300 0.135300 0.155300 0.233900 0.291900 0.224800
MaxwellsDu 0.198800 0.537500 0.216600 0.466300 0.212000 0.185100 0.000000 0.183400 0.243200 0.303600 0.146300 0.258100 0.180200 0.091800 0.199900 0.181900 0.343300 0.350800 0.156100 0.231100 0.172800 0.190600 0.345200 0.289800 0.131600 0.159100 0.169000 0.244300 0.181700 0.214000 0.303400 0.092500 0.299000 0.171300 0.125700 0.207300 0.145200 0.212400 0.156300 0.297800 0.289800 0.183800 0.292000 0.277600 0.187400 0.211300 0.178900 0.118000 0.172400 0.207700 0.277300 0.233600
GazellaPrz 0.190100 0.601100 0.209400 0.595500 0.203700 0.199300 0.183400 0.000000 0.236000 0.320700 0.183600 0.238900 0.239500 0.208700 0.214300 0.172700 0.387300 0.398400 0.181100 0.271100 0.163700 0.193800 0.336000 0.307100 0.167200 0.149900 0.227200 0.261200 0.196400 0.230200 0.333400 0.185900 0.357700 0.230600 0.185200 0.165700 0.182200 0.203900 0.147000 0.289700 0.280700 0.149100 0.309600 0.294500 0.168000 0.202400 0.205000 0.154900 0.175800 0.270100 0.295300 0.273000
MountainNy 0.260300 0.565600 0.148700 0.498400 0.285100 0.257000 0.243200 0.236000 0.000000 0.340100 0.198600 0.229000 0.262200 0.244700 0.216000 0.245800 0.354600 0.389200 0.217800 0.105000 0.226100 0.239300 0.394500 0.326200 0.204800 0.223100 0.261300 0.105700 0.269700 0.107800 0.351400 0.245800 0.362900 0.231400 0.245000 0.181000 0.219300 0.285600 0.197500 0.274700 0.339400 0.238900 0.328900 0.337700 0.183700 0.205300 0.254000 0.194500 0.259600 0.279400 0.152100 0.134500
MuntiacusM 0.309500 0.562000 0.313800 0.502700 0.335700 0.256600 0.303600 0.320700 0.340100 0.000000 0.292600 0.319200 0.309600 0.304800 0.309300 0.290700 0.299100 0.303600 0.261400 0.390200 0.310800 0.287800 0.143100 0.122100 0.284100 0.265800 0.283500 0.380400 0.317600 0.322900 0.028900 0.255600 0.292900 0.298900 0.254400 0.316000 0.288600 0.336700 0.286700 0.131000 0.121800 0.284800 0.019300 0.111600 0.283500 0.309400 0.313500 0.249800 0.310000 0.253000 0.405800 0.355000
goat 0.110700 0.604100 0.150200 0.557500 0.212300 0.099000 0.146300 0.183600 0.198600 0.292600 0.000000 0.258100 0.202100 0.193600 0.223200 0.178800 0.371000 0.393900 0.101400 0.209100 0.150000 0.113000 0.359800 0.303400 0.029100 0.155600 0.190600 0.199500 0.178000 0.169900 0.315600 0.171500 0.340100 0.215900 0.171000 0.207500 0.060100 0.212600 0.156400 0.286300 0.303400 0.180000 0.291800 0.291000 0.165000 0.211500 0.168200 0.118000 0.184900 0.242600 0.230400 0.210800
AfricanBuf 0.218500 0.662600 0.203700 0.466000 0.265500 0.205600 0.258100 0.238900 0.229000 0.319200 0.258100 0.000000 0.200800 0.236700 0.197600 0.192300 0.308900 0.338100 0.209900 0.239700 0.205700 0.211300 0.358600 0.355700 0.240400 0.192400 0.189700 0.230800 0.214800 0.223200 0.329800 0.214900 0.301900 0.234600 0.236900 0.141800 0.233000 0.266000 0.211900 0.313500 0.329900 0.217500 0.332600 0.343700 0.123400 0.218100 0.189900 0.185500 0.228000 0.217300 0.239600 0.220200
Topi 0.208400 0.646300 0.247600 0.479300 0.231900 0.174100 0.180200 0.239500 0.262200 0.309600 0.202100 0.200800 0.000000 0.181600 0.188000 0.168900 0.275000 0.354800 0.177700 0.273400 0.229700 0.189700 0.310800 0.308000 0.186500 0.191500 0.044700 0.264200 0.190600 0.279200 0.306800 0.182500 0.304600 0.082600 0.118000 0.216500 0.157200 0.232300 0.211300 0.243800 0.283400 0.216600 0.309600 0.296300 0.176000 0.230500 0.189600 0.153500 0.195000 0.239900 0.319400 0.253100
CommonDuik 0.200100 0.574900 0.217700 0.468500 0.224700 0.186200 0.091800 0.208700 0.244700 0.304800 0.193600 0.236700 0.181600 0.000000 0.155900 0.183100 0.319700 0.353400 0.157100 0.279200 0.198000 0.191800 0.347000 0.291200 0.177000 0.115800 0.170300 0.269800 0.182800 0.262300 0.305200 0.060800 0.340900 0.172500 0.126200 0.208600 0.168900 0.225000 0.180000 0.274300 0.291400 0.185100 0.293700 0.254100 0.188600 0.212500 0.203600 0.118700 0.137800 0.208800 0.328100 0.305800
Suni 0.194700 0.641800 0.235500 0.372200 0.230200 0.192600 0.199900 0.214300 0.216000 0.309300 0.223200 0.197600 0.188000 0.155900 0.000000 0.212800 0.297200 0.301100 0.130800 0.271700 0.180600 0.209800 0.285200 0.269400 0.205900 0.167200 0.198000 0.262800 0.236700 0.232800 0.346600 0.179200 0.291100 0.178700 0.178700 0.169500 0.198300 0.230500 0.186600 0.278700 0.269700 0.191700 0.323400 0.258500 0.172100 0.228800 0.187300 0.149200 0.215900 0.237400 0.319400 0.274400
Springbuck 0.177900 0.610500 0.219100 0.465800 0.189600 0.153200 0.181900 0.172700 0.245800 0.290700 0.178800 0.192300 0.168900 0.183100 0.212800 0.000000 0.306700 0.338700 0.156700 0.257700 0.116300 0.169400 0.292300 0.265000 0.166000 0.082100 0.181200 0.248000 0.092300 0.239900 0.302300 0.160900 0.340000 0.205900 0.160300 0.186700 0.135100 0.189900 0.144400 0.248700 0.264800 0.099500 0.279200 0.253100 0.166700 0.197100 0.156700 0.130100 0.150800 0.220500 0.256500 0.259700
Okapi 0.345700 0.519100 0.363200 0.472600 0.401900 0.317700 0.343300 0.387300 0.354600 0.299100 0.371000 0.308900 0.275000 0.319700 0.297200 0.306700 0.000000 0.131900 0.339600 0.352900 0.373700 0.341900 0.287700 0.287000 0.345700 0.319200 0.296300 0.368900 0.319300 0.361800 0.285600 0.347100 0.187700 0.310300 0.319400 0.302400 0.326400 0.402800 0.378300 0.259500 0.251000 0.327700 0.300200 0.251900 0.271300 0.359700 0.363400 0.316200 0.350900 0.269700 0.431700 0.342800
Giraffe 0.355100 0.488100 0.346100 0.414900 0.412800 0.338100 0.350800 0.398400 0.389200 0.303600 0.393900 0.338100 0.354800 0.353400 0.301100 0.338700 0.131900 0.000000 0.331600 0.387800 0.386300 0.375400 0.292300 0.291800 0.368500 0.325400 0.353500 0.404700 0.379600 0.381300 0.316400 0.355100 0.187400 0.370200 0.325800 0.308900 0.347900 0.413400 0.376100 0.313800 0.253800 0.307300 0.305600 0.254800 0.276200 0.368600 0.416700 0.294600 0.359200 0.259900 0.415200 0.311200
TibetanAnt 0.099100 0.608900 0.170300 0.401000 0.174700 0.077500 0.156100 0.181100 0.217800 0.261400 0.101400 0.209900 0.177700 0.157100 0.130800 0.156700 0.339600 0.331600 0.000000 0.240800 0.147800 0.100500 0.326900 0.247900 0.088500 0.134700 0.166600 0.265100 0.179400 0.212500 0.272100 0.135700 0.321200 0.190700 0.145800 0.160300 0.079800 0.175000 0.132300 0.257000 0.273200 0.157000 0.274900 0.261100 0.119600 0.184700 0.144000 0.116200 0.158900 0.216200 0.298500 0.231100
Sitatunga 0.295100 0.584500 0.179200 0.559100 0.320900 0.268700 0.231100 0.271100 0.105000 0.390200 0.209100 0.239700 0.273400 0.279200 0.271700 0.257700 0.352900 0.387800 0.240800 0.000000 0.237000 0.271800 0.447300 0.375300 0.215100 0.257600 0.272400 0.096300 0.234300 0.136200 0.363600 0.257300 0.348300 0.286700 0.280600 0.191500 0.230000 0.321500 0.231000 0.345100 0.389300 0.276100 0.378700 0.363600 0.194300 0.239700 0.264700 0.228700 0.272300 0.303400 0.123500 0.115200
Oribi 0.178800 0.705300 0.221100 0.517700 0.228200 0.188100 0.172800 0.163700 0.226100 0.310800 0.150000 0.205700 0.229700 0.198000 0.180600 0.116300 0.373700 0.386300 0.147800 0.237000 0.000000 0.172400 0.352800 0.295800 0.156000 0.116800 0.216000 0.228000 0.149500 0.197100 0.322800 0.175300 0.332600 0.219200 0.175000 0.176800 0.147700 0.228600 0.159700 0.305100 0.296000 0.113500 0.299000 0.310200 0.158300 0.192400 0.147800 0.144100 0.189300 0.224500 0.237700 0.285300
BarbaryShe 0.120500 0.656700 0.203000 0.506800 0.221300 0.119000 0.190600 0.193800 0.239300 0.287800 0.113000 0.211300 0.189700 0.191800 0.209800 0.169400 0.341900 0.375400 0.100500 0.271800 0.172400 0.000000 0.315800 0.274600 0.109800 0.147000 0.167500 0.263700 0.203800 0.233600 0.299400 0.147100 0.336500 0.180800 0.169200 0.194600 0.101200 0.221700 0.177300 0.246700 0.262400 0.169900 0.276500 0.262600 0.152700 0.186300 0.178400 0.139500 0.183000 0.194300 0.275100 0.252200
Daviddeer 0.324000 0.570200 0.394300 0.460900 0.377400 0.332100 0.345200 0.336000 0.394500 0.143100 0.359800 0.358600 0.310800 0.347000 0.285200 0.292300 0.287700 0.292300 0.326900 0.447300 0.352800 0.315800 0.000000 0.101500 0.336300 0.319600 0.322100 0.464500 0.375100 0.430600 0.154300 0.295600 0.268800 0.338700 0.294300 0.356700 0.302800 0.378200 0.353600 0.132300 0.059500 0.314500 0.144500 0.091100 0.323100 0.336500 0.355500 0.290500 0.353000 0.328300 0.505500 0.436800
Reindeer 0.296000 0.512300 0.351100 0.414100 0.321300 0.279100 0.289800 0.307100 0.326200 0.122100 0.303400 0.355700 0.308000 0.291200 0.269400 0.265000 0.287000 0.291800 0.247900 0.375300 0.295800 0.274600 0.101500 0.000000 0.282500 0.265600 0.270700 0.419200 0.317300 0.386100 0.133000 0.242400 0.280500 0.285900 0.241500 0.327800 0.275300 0.322000 0.298600 0.110000 0.079900 0.300100 0.123100 0.049300 0.295200 0.308000 0.325400 0.236500 0.296100 0.276500 0.458400 0.392800
Ibex 0.097200 0.567800 0.156300 0.526500 0.195300 0.086100 0.131600 0.167200 0.204800 0.284100 0.029100 0.240400 0.186500 0.177000 0.205900 0.166000 0.345700 0.368500 0.088500 0.215100 0.156000 0.109800 0.336300 0.282500 0.000000 0.144000 0.174300 0.205700 0.165800 0.176600 0.295600 0.155700 0.317700 0.198200 0.155300 0.190000 0.048300 0.195600 0.141400 0.266500 0.282500 0.166600 0.272900 0.270600 0.149100 0.205400 0.152800 0.103900 0.168500 0.225000 0.237200 0.215700
GyrantGaze 0.166400 0.591300 0.185300 0.481400 0.190000 0.153300 0.159100 0.149900 0.223100 0.265800 0.155600 0.192400 0.191500 0.115800 0.167200 0.082100 0.319200 0.325400 0.134700 0.257600 0.116800 0.147000 0.319600 0.265600 0.144000 0.000000 0.181300 0.247900 0.114700 0.217100 0.277300 0.127500 0.313400 0.183700 0.126600 0.164500 0.135500 0.190300 0.123900 0.249500 0.265700 0.099900 0.254500 0.229400 0.144600 0.174000 0.157400 0.107500 0.139500 0.175500 0.256400 0.259700
Hartebeest 0.195800 0.630300 0.234500 0.449100 0.220300 0.162400 0.169000 0.227200 0.261300 0.283500 0.190600 0.189700 0.044700 0.170300 0.198000 0.181200 0.296300 0.353500 0.166600 0.272400 0.216000 0.167500 0.322100 0.270700 0.174300 0.181300 0.000000 0.263300 0.181200 0.278200 0.270300 0.149500 0.315800 0.072600 0.107300 0.203900 0.166600 0.220600 0.199800 0.255300 0.271000 0.205800 0.272700 0.259500 0.164100 0.218800 0.222300 0.142200 0.161300 0.206300 0.318400 0.250900
Bongo 0.285200 0.619000 0.170100 0.561500 0.299700 0.259100 0.244300 0.261200 0.105700 0.380400 0.199500 0.230800 0.264200 0.269800 0.262800 0.248000 0.368900 0.404700 0.265100 0.096300 0.228000 0.263700 0.464500 0.419200 0.205700 0.247900 0.263300 0.000000 0.247600 0.089600 0.392200 0.271100 0.391300 0.254900 0.270600 0.203500 0.220400 0.300200 0.199000 0.335900 0.405400 0.265700 0.369000 0.379600 0.206500 0.274300 0.255000 0.218800 0.262300 0.281500 0.042700 0.125600
Gerenuk 0.212000 0.607200 0.218900 0.574500 0.236800 0.175400 0.181700 0.196400 0.269700 0.317600 0.178000 0.214800 0.190600 0.182800 0.236700 0.092300 0.319300 0.379600 0.179400 0.234300 0.149500 0.203800 0.375100 0.317300 0.165800 0.114700 0.181200 0.247600 0.000000 0.239700 0.302900 0.184300 0.326900 0.229000 0.160300 0.186700 0.157600 0.237300 0.167000 0.299800 0.317700 0.134200 0.306000 0.304800 0.166600 0.195200 0.167100 0.153400 0.150800 0.243400 0.279600 0.283800
CommonElan 0.254900 0.568600 0.111400 0.544400 0.256900 0.229400 0.214000 0.230200 0.107800 0.322900 0.169900 0.223200 0.279200 0.262300 0.232800 0.239900 0.361800 0.381300 0.212500 0.136200 0.197100 0.233600 0.430600 0.386100 0.176600 0.217100 0.278200 0.089600 0.239700 0.000000 0.359600 0.240200 0.357900 0.247500 0.239700 0.174600 0.190600 0.257300 0.181500 0.328700 0.372700 0.232900 0.336600 0.373500 0.177200 0.255300 0.202500 0.188000 0.254500 0.251600 0.117300 0.127000
MuntiacusR 0.321200 0.543300 0.350400 0.515300 0.374700 0.292000 0.303400 0.333400 0.351400 0.028900 0.315600 0.329800 0.306800 0.305200 0.346600 0.302300 0.285600 0.316400 0.272100 0.363600 0.322800 0.299400 0.154300 0.133000 0.295600 0.277300 0.270300 0.392200 0.302900 0.359600 0.000000 0.255400 0.278800 0.310200 0.265900 0.301800 0.300200 0.375300 0.324200 0.141900 0.133000 0.297000 0.028900 0.122400 0.269700 0.292200 0.351400 0.261600 0.322100 0.253500 0.430200 0.392100
HarveysDui 0.178400 0.565600 0.219300 0.441500 0.202400 0.165000 0.092500 0.185900 0.245800 0.255600 0.171500 0.214900 0.182500 0.060800 0.179200 0.160900 0.347100 0.355100 0.135700 0.257300 0.175300 0.147100 0.295600 0.242400 0.155700 0.127500 0.149500 0.271100 0.184300 0.240200 0.255400 0.000000 0.315900 0.151500 0.127200 0.187000 0.147300 0.202700 0.158100 0.250900 0.242600 0.161200 0.244300 0.230600 0.167000 0.190300 0.181500 0.096800 0.138900 0.186700 0.305400 0.283300
Pronghorn 0.329700 0.545100 0.335200 0.405100 0.371900 0.326100 0.299000 0.357700 0.362900 0.292900 0.340100 0.301900 0.304600 0.340900 0.291100 0.340000 0.187700 0.187400 0.321200 0.348300 0.332600 0.336500 0.268800 0.280500 0.317700 0.313400 0.315800 0.391300 0.326900 0.357900 0.278800 0.315900 0.000000 0.332600 0.314600 0.273200 0.310200 0.372700 0.348200 0.315500 0.255300 0.267800 0.294400 0.268400 0.240800 0.329700 0.336000 0.283900 0.360200 0.261400 0.430100 0.351700
BlueWildeb 0.220500 0.602500 0.237600 0.454100 0.200700 0.206900 0.171300 0.230600 0.231400 0.298900 0.215900 0.234600 0.082600 0.172500 0.178700 0.205900 0.310300 0.370200 0.190700 0.286700 0.219200 0.180800 0.338700 0.285900 0.198200 0.183700 0.072600 0.254900 0.229000 0.247500 0.310200 0.151500 0.332600 0.000000 0.108800 0.184800 0.190700 0.201000 0.202500 0.200700 0.286100 0.209000 0.287900 0.274300 0.187600 0.244600 0.202500 0.122400 0.208600 0.229900 0.309900 0.264400
Gemsbok 0.177700 0.552800 0.195500 0.513000 0.178600 0.164300 0.125700 0.185200 0.245000 0.254400 0.171000 0.236900 0.118000 0.126200 0.178700 0.160300 0.319400 0.325800 0.145800 0.280600 0.175000 0.169200 0.294300 0.241500 0.155300 0.126600 0.107300 0.270600 0.160300 0.239700 0.265900 0.127200 0.314600 0.108800 0.000000 0.186400 0.147000 0.178900 0.157600 0.250000 0.241500 0.160600 0.243200 0.229700 0.166400 0.200600 0.181000 0.096500 0.128300 0.209400 0.304800 0.258400
Yak 0.179300 0.576200 0.154500 0.488600 0.214800 0.198800 0.207300 0.165700 0.181000 0.316000 0.207500 0.141800 0.216500 0.208600 0.169500 0.186700 0.302400 0.308900 0.160300 0.191500 0.176800 0.194600 0.356700 0.327800 0.190000 0.164500 0.203900 0.203500 0.186700 0.174600 0.301800 0.187000 0.273200 0.184800 0.186400 0.000000 0.182300 0.215100 0.184100 0.261300 0.302500 0.164400 0.304700 0.315700 0.037200 0.169300 0.206400 0.135000 0.200100 0.211400 0.234700 0.213100
BlueSheep 0.109300 0.581200 0.169900 0.505900 0.198200 0.097800 0.145200 0.182200 0.219300 0.288600 0.060100 0.233000 0.157200 0.168900 0.198300 0.135100 0.326400 0.347900 0.079800 0.230000 0.147700 0.101200 0.302800 0.275300 0.048300 0.135500 0.166600 0.220400 0.157600 0.190600 0.300200 0.147300 0.310200 0.190700 0.147000 0.182300 0.000000 0.198600 0.155100 0.234700 0.250200 0.157900 0.277300 0.263200 0.141000 0.197700 0.144600 0.094900 0.160200 0.217400 0.252700 0.230400
BohorReedb 0.207900 0.668000 0.236600 0.532500 0.018900 0.182600 0.212400 0.203900 0.285600 0.336700 0.212600 0.266000 0.232300 0.225000 0.230500 0.189900 0.402800 0.413400 0.175000 0.321500 0.228600 0.221700 0.378200 0.322000 0.195600 0.190300 0.220600 0.300200 0.237300 0.257300 0.375300 0.202700 0.372700 0.201000 0.178900 0.215100 0.198600 0.000000 0.165300 0.330100 0.348200 0.190300 0.351000 0.309800 0.218100 0.229500 0.210200 0.172400 0.215700 0.285500 0.335000 0.300400
KirksDik 0.185600 0.580500 0.161300 0.487100 0.165100 0.150700 0.156300 0.147000 0.197500 0.286700 0.156400 0.211900 0.211300 0.180000 0.186600 0.144400 0.378300 0.376100 0.132300 0.231000 0.159700 0.177300 0.353600 0.298600 0.141400 0.123900 0.199800 0.199000 0.167000 0.181500 0.324200 0.158100 0.348200 0.202500 0.157600 0.184100 0.155100 0.165300 0.000000 0.281700 0.298400 0.145000 0.301000 0.286500 0.164400 0.198200 0.155100 0.127900 0.170800 0.239800 0.230900 0.222600
RoeDeer 0.290900 0.501600 0.308200 0.436600 0.329400 0.263100 0.297800 0.289700 0.274700 0.131000 0.286300 0.313500 0.243800 0.274300 0.278700 0.248700 0.259500 0.313800 0.257000 0.345100 0.305100 0.246700 0.132300 0.110000 0.266500 0.249500 0.255300 0.335900 0.299800 0.328700 0.141900 0.250900 0.315500 0.200700 0.250000 0.261300 0.234700 0.330100 0.281700 0.000000 0.089200 0.282100 0.132100 0.099700 0.254300 0.291300 0.282200 0.220400 0.279000 0.284100 0.397500 0.335600
WhiteLippe 0.282300 0.510400 0.338100 0.456900 0.347600 0.279100 0.289800 0.280700 0.339400 0.121800 0.303400 0.329900 0.283400 0.291400 0.269700 0.264800 0.251000 0.253800 0.273200 0.389300 0.296000 0.262400 0.059500 0.079900 0.282500 0.265700 0.271000 0.405400 0.317700 0.372700 0.133000 0.242600 0.255300 0.286100 0.241500 0.302500 0.250200 0.348200 0.298400 0.089200 0.000000 0.272700 0.123200 0.069700 0.270100 0.282700 0.325300 0.236600 0.296200 0.276300 0.443800 0.379300
ThomsonGaz 0.166500 0.599600 0.210900 0.535800 0.190000 0.176400 0.183800 0.149100 0.238900 0.284800 0.180000 0.217500 0.216600 0.185100 0.191700 0.099500 0.327700 0.307300 0.157000 0.276100 0.113500 0.169900 0.314500 0.300100 0.166600 0.099900 0.205800 0.265700 0.134200 0.232900 0.297000 0.161200 0.267800 0.209000 0.160600 0.164400 0.157900 0.190300 0.145000 0.282100 0.272700 0.000000 0.272700 0.287000 0.143200 0.174200 0.156800 0.128300 0.175300 0.236200 0.300200 0.278200
MuntiacusC 0.298100 0.566400 0.327400 0.535300 0.350500 0.269600 0.292000 0.309600 0.328900 0.019300 0.291800 0.332600 0.309600 0.293700 0.323400 0.279200 0.300200 0.305600 0.274900 0.378700 0.299000 0.276500 0.144500 0.123100 0.272900 0.254500 0.272700 0.369000 0.306000 0.336600 0.028900 0.244300 0.294400 0.287900 0.243200 0.304700 0.277300 0.351000 0.301000 0.132100 0.123200 0.272700 0.000000 0.112500 0.272300 0.308800 0.327800 0.238300 0.298300 0.254100 0.406000 0.368700
WhiteTaile 0.283900 0.496700 0.338700 0.429600 0.309100 0.267400 0.277600 0.294500 0.337700 0.111600 0.291000 0.343700 0.296300 0.254100 0.258500 0.253100 0.251900 0.254800 0.261100 0.363600 0.310200 0.262600 0.091100 0.049300 0.270600 0.229400 0.259500 0.379600 0.304800 0.373500 0.122400 0.230600 0.268400 0.274300 0.229700 0.315700 0.263200 0.309800 0.286500 0.099700 0.069700 0.287000 0.112500 0.000000 0.283200 0.295900 0.312900 0.224400 0.283700 0.241500 0.417300 0.354200
Cattle 0.138600 0.552800 0.115300 0.484100 0.217800 0.158100 0.187400 0.168000 0.183700 0.283500 0.165000 0.123400 0.176000 0.188600 0.172100 0.166700 0.271300 0.276200 0.119600 0.194300 0.158300 0.152700 0.323100 0.295200 0.149100 0.144600 0.164100 0.206500 0.166600 0.177200 0.269700 0.167000 0.240800 0.187600 0.166400 0.037200 0.141000 0.218100 0.164400 0.254300 0.270100 0.143200 0.272300 0.283200 0.000000 0.150000 0.186600 0.114800 0.179900 0.181500 0.238200 0.194700
RoyalAntel 0.194400 0.657900 0.234600 0.588600 0.229200 0.203400 0.211300 0.202400 0.205300 0.309400 0.211500 0.218100 0.230500 0.212500 0.228800 0.197100 0.359700 0.368600 0.184700 0.239700 0.192400 0.186300 0.336500 0.308000 0.205400 0.174000 0.218800 0.274300 0.195200 0.255300 0.292200 0.190300 0.329700 0.244600 0.200600 0.169300 0.197700 0.229500 0.198200 0.291300 0.282700 0.174200 0.308800 0.295900 0.150000 0.000000 0.221200 0.171200 0.214800 0.248700 0.285800 0.274900
Steenbok 0.175500 0.694600 0.216100 0.491100 0.209900 0.162300 0.178900 0.205000 0.254000 0.313500 0.168200 0.189900 0.189600 0.203600 0.187300 0.156700 0.363400 0.416700 0.144000 0.264700 0.147800 0.178400 0.355500 0.325400 0.152800 0.157400 0.222300 0.255000 0.167100 0.202500 0.351400 0.181500 0.336000 0.202500 0.181000 0.206400 0.144600 0.210200 0.155100 0.282200 0.325300 0.156800 0.327800 0.312900 0.186600 0.221200 0.000000 0.151000 0.195100 0.263600 0.288300 0.267500
Impala 0.148400 0.501500 0.144800 0.483100 0.172100 0.135300 0.118000 0.154900 0.194500 0.249800 0.118000 0.185500 0.153500 0.118700 0.149200 0.130100 0.316200 0.294600 0.116200 0.228700 0.144100 0.139500 0.290500 0.236500 0.103900 0.107500 0.142200 0.218800 0.153400 0.188000 0.261600 0.096800 0.283900 0.122400 0.096500 0.135000 0.094900 0.172400 0.127900 0.220400 0.236600 0.128300 0.238300 0.224400 0.114800 0.171200 0.151000 0.000000 0.132100 0.180200 0.228400 0.207000
Klipspring 0.191300 0.614500 0.209300 0.533200 0.215800 0.155300 0.172400 0.175800 0.259600 0.310000 0.184900 0.228000 0.195000 0.137800 0.215900 0.150800 0.350900 0.359200 0.158900 0.272300 0.189300 0.183000 0.353000 0.296100 0.168500 0.139500 0.161300 0.262300 0.150800 0.254500 0.322100 0.138900 0.360200 0.208600 0.128300 0.200100 0.160200 0.215700 0.170800 0.279000 0.296200 0.175300 0.298300 0.283700 0.179900 0.214800 0.195100 0.132100 0.000000 0.246900 0.296600 0.273900
ForestMusk 0.248400 0.574000 0.243000 0.420000 0.285000 0.233900 0.207700 0.270100 0.279400 0.253000 0.242600 0.217300 0.239900 0.208800 0.237400 0.220500 0.269700 0.259900 0.216200 0.303400 0.224500 0.194300 0.328300 0.276500 0.225000 0.175500 0.206300 0.281500 0.243400 0.251600 0.253500 0.186700 0.261400 0.229900 0.209400 0.211400 0.217400 0.285500 0.239800 0.284100 0.276300 0.236200 0.254100 0.241500 0.181500 0.248700 0.263600 0.180200 0.246900 0.000000 0.304100 0.282800
Bushbuck 0.319100 0.646800 0.200100 0.604400 0.334400 0.291900 0.277300 0.295300 0.152100 0.405800 0.230400 0.239600 0.319400 0.328100 0.319400 0.256500 0.431700 0.415200 0.298500 0.123500 0.237700 0.275100 0.505500 0.458400 0.237200 0.256400 0.318400 0.042700 0.279600 0.117300 0.430200 0.305400 0.430100 0.309900 0.304800 0.234700 0.252700 0.335000 0.230900 0.397500 0.443800 0.300200 0.406000 0.417300 0.238200 0.285800 0.288300 0.228400 0.296600 0.304100 0.000000 0.134300
GreaterKud 0.272100 0.555000 0.108800 0.553900 0.299900 0.224800 0.233600 0.273000 0.134500 0.355000 0.210800 0.220200 0.253100 0.305800 0.274400 0.259700 0.342800 0.311200 0.231100 0.115200 0.285300 0.252200 0.436800 0.392800 0.215700 0.259700 0.250900 0.125600 0.283800 0.127000 0.392100 0.283300 0.351700 0.264400 0.258400 0.213100 0.230400 0.300400 0.222600 0.335600 0.379300 0.278200 0.368700 0.354200 0.194700 0.274900 0.267500 0.207000 0.273900 0.282800 0.134300 0.000000
