CODONML (in paml version 4.10.7, June 2023)  /home/rachel/ruminants_paml/6406-phy-tree/ENSBTAT00000039812.fasta.phy
Model: free dN/dS Ratios for branches,  kappa = 2.000 fixed

Codon frequency model: F3x4
ns =  54  ls =  44

Codon usage in sequences
--------------------------------------------------------------------------------------------------------------------------------------
Phe TTT   0   0   0   1   1   0 | Ser TCT   0   0   0   0   0   0 | Tyr TAT   0   0   0   0   0   0 | Cys TGT   0   0   0   0   0   0
    TTC   1   1   1   0   0   1 |     TCC   0   0   0   0   1   0 |     TAC   1   1   1   1   1   1 |     TGC   0   0   0   0   0   0
Leu TTA   0   0   0   0   0   0 |     TCA   1   1   1   1   0   1 | *** TAA   0   0   0   0   0   0 | *** TGA   0   0   0   0   0   0
    TTG   0   0   0   0   0   0 |     TCG   0   0   0   0   0   0 |     TAG   0   0   0   0   0   0 | Trp TGG   0   0   0   0   0   0
--------------------------------------------------------------------------------------------------------------------------------------
Leu CTT   1   1   1   1   0   1 | Pro CCT   2   1   2   2   2   2 | His CAT   0   0   0   0   1   0 | Arg CGT   1   0   0   1   0   0
    CTC   0   1   0   0   1   0 |     CCC   1   2   1   1   1   1 |     CAC   1   1   1   1   0   1 |     CGC   0   1   1   1   1   1
    CTA   1   0   2   1   0   1 |     CCA   1   1   1   1   1   1 | Gln CAA   2   2   2   2   0   0 |     CGA   0   0   0   0   0   0
    CTG   1   1   0   1   1   1 |     CCG   0   0   0   0   0   0 |     CAG   2   2   2   2   3   3 |     CGG   1   1   1   0   1   1
--------------------------------------------------------------------------------------------------------------------------------------
Ile ATT   0   0   0   0   1   0 | Thr ACT   1   1   1   1   1   1 | Asn AAT   1   1   1   2   2   1 | Ser AGT   1   0   1   1   0   1
    ATC   1   2   1   1   1   2 |     ACC   1   1   1   1   1   1 |     AAC   1   1   1   0   1   1 |     AGC   1   1   1   1   1   1
    ATA   1   0   1   1   0   0 |     ACA   0   0   0   0   0   0 | Lys AAA   3   3   3   3   4   4 | Arg AGA   0   1   0   0   0   0
Met ATG   1   1   1   1   1   1 |     ACG   0   0   0   0   0   0 |     AAG   0   0   0   0   0   0 |     AGG   0   0   0   0   0   0
--------------------------------------------------------------------------------------------------------------------------------------
Val GTT   2   1   1   1   1   1 | Ala GCT   0   1   0   0   0   0 | Asp GAT   0   0   0   0   0   0 | Gly GGT   0   0   0   0   0   0
    GTC   1   1   1   1   1   1 |     GCC   2   3   2   2   2   2 |     GAC   1   0   1   1   1   1 |     GGC   0   0   0   0   1   0
    GTA   0   0   1   1   2   1 |     GCA   1   1   1   1   1   1 | Glu GAA   2   2   2   2   2   2 |     GGA   0   0   0   0   0   0
    GTG   1   2   1   1   1   1 |     GCG   1   0   1   1   1   1 |     GAG   2   2   2   2   2   2 |     GGG   2   2   2   2   1   2
--------------------------------------------------------------------------------------------------------------------------------------

--------------------------------------------------------------------------------------------------------------------------------------
Phe TTT   0   0   1   0   0   0 | Ser TCT   0   0   0   0   0   0 | Tyr TAT   0   0   0   0   0   0 | Cys TGT   0   0   0   0   0   0
    TTC   1   1   0   1   1   1 |     TCC   0   0   0   0   0   0 |     TAC   1   1   1   1   1   1 |     TGC   0   0   0   0   0   0
Leu TTA   0   0   0   0   0   0 |     TCA   1   1   1   1   1   1 | *** TAA   0   0   0   0   0   0 | *** TGA   0   0   0   0   0   0
    TTG   0   0   0   0   0   0 |     TCG   0   0   0   0   0   0 |     TAG   0   0   0   0   0   0 | Trp TGG   0   0   0   0   0   0
--------------------------------------------------------------------------------------------------------------------------------------
Leu CTT   1   1   1   1   1   1 | Pro CCT   2   2   2   2   2   2 | His CAT   0   0   0   0   1   0 | Arg CGT   0   0   1   0   0   0
    CTC   0   0   0   0   0   0 |     CCC   1   1   1   1   1   1 |     CAC   1   1   1   1   0   1 |     CGC   1   1   0   1   1   1
    CTA   1   1   1   1   1   1 |     CCA   1   1   1   1   1   1 | Gln CAA   2   2   2   2   2   2 |     CGA   0   0   0   0   0   0
    CTG   1   1   1   1   1   1 |     CCG   0   0   0   0   0   0 |     CAG   2   2   2   2   2   2 |     CGG   1   1   1   1   1   1
--------------------------------------------------------------------------------------------------------------------------------------
Ile ATT   0   0   0   0   0   0 | Thr ACT   1   1   1   1   1   1 | Asn AAT   1   1   1   1   1   1 | Ser AGT   1   1   0   1   1   1
    ATC   1   1   1   1   1   1 |     ACC   1   1   1   0   1   1 |     AAC   1   1   1   1   1   1 |     AGC   1   1   1   1   1   1
    ATA   1   1   1   1   1   1 |     ACA   0   0   0   0   0   0 | Lys AAA   3   3   3   3   3   3 | Arg AGA   0   0   0   0   0   0
Met ATG   1   1   1   1   1   1 |     ACG   0   0   0   1   0   0 |     AAG   0   0   0   0   0   0 |     AGG   0   0   1   0   0   0
--------------------------------------------------------------------------------------------------------------------------------------
Val GTT   2   2   1   1   1   1 | Ala GCT   0   0   0   0   0   0 | Asp GAT   0   0   1   0   0   0 | Gly GGT   0   0   0   0   0   0
    GTC   2   1   1   1   1   1 |     GCC   2   2   2   2   2   2 |     GAC   1   1   0   1   1   1 |     GGC   0   0   0   0   0   0
    GTA   0   0   1   1   1   1 |     GCA   1   1   1   1   1   1 | Glu GAA   2   2   1   2   2   2 |     GGA   0   0   0   0   0   0
    GTG   0   1   1   1   1   1 |     GCG   1   1   1   1   1   1 |     GAG   2   2   3   2   2   2 |     GGG   2   2   2   2   2   2
--------------------------------------------------------------------------------------------------------------------------------------

--------------------------------------------------------------------------------------------------------------------------------------
Phe TTT   0   0   0   0   0   0 | Ser TCT   0   0   0   0   0   0 | Tyr TAT   0   0   0   0   0   0 | Cys TGT   0   0   0   0   0   0
    TTC   1   1   1   1   1   1 |     TCC   0   0   0   0   0   0 |     TAC   1   1   1   1   1   1 |     TGC   0   0   0   0   0   0
Leu TTA   0   0   0   0   0   0 |     TCA   1   1   1   1   1   1 | *** TAA   0   0   0   0   0   0 | *** TGA   0   0   0   0   0   0
    TTG   0   0   0   0   0   0 |     TCG   0   0   0   0   0   0 |     TAG   0   0   0   0   0   0 | Trp TGG   0   0   0   0   0   0
--------------------------------------------------------------------------------------------------------------------------------------
Leu CTT   1   0   1   1   1   1 | Pro CCT   2   2   2   2   2   2 | His CAT   0   0   0   1   0   0 | Arg CGT   0   0   0   0   1   0
    CTC   0   0   0   0   1   0 |     CCC   1   1   1   1   1   1 |     CAC   1   1   1   0   1   1 |     CGC   1   1   1   1   0   1
    CTA   1   1   1   1   0   1 |     CCA   1   1   1   1   1   1 | Gln CAA   2   2   1   2   2   2 |     CGA   0   0   0   0   0   0
    CTG   1   1   1   1   1   1 |     CCG   0   0   0   0   0   0 |     CAG   2   2   3   2   2   2 |     CGG   1   1   1   1   1   1
--------------------------------------------------------------------------------------------------------------------------------------
Ile ATT   0   1   0   0   0   0 | Thr ACT   1   0   1   1   1   1 | Asn AAT   1   1   1   1   1   1 | Ser AGT   1   1   1   1   1   1
    ATC   1   1   1   1   1   1 |     ACC   1   0   1   1   1   1 |     AAC   1   1   1   1   1   1 |     AGC   1   1   1   1   1   1
    ATA   1   1   1   1   1   1 |     ACA   0   0   0   0   0   0 | Lys AAA   3   3   3   3   3   3 | Arg AGA   0   0   0   0   0   0
Met ATG   1   1   1   1   1   1 |     ACG   0   1   0   0   0   0 |     AAG   0   0   0   0   0   0 |     AGG   0   0   0   0   0   0
--------------------------------------------------------------------------------------------------------------------------------------
Val GTT   2   2   1   1   1   1 | Ala GCT   0   0   0   0   0   0 | Asp GAT   0   0   0   0   0   0 | Gly GGT   0   0   0   0   0   0
    GTC   1   1   1   1   1   1 |     GCC   2   2   2   2   2   2 |     GAC   1   1   1   1   1   1 |     GGC   0   0   0   0   0   0
    GTA   0   1   1   1   1   1 |     GCA   1   2   2   1   1   1 | Glu GAA   2   2   2   2   2   2 |     GGA   0   0   0   0   0   0
    GTG   1   1   1   1   1   1 |     GCG   1   0   0   1   1   1 |     GAG   2   2   2   2   2   2 |     GGG   2   2   2   2   2   2
--------------------------------------------------------------------------------------------------------------------------------------

--------------------------------------------------------------------------------------------------------------------------------------
Phe TTT   0   0   0   0   0   0 | Ser TCT   0   0   0   0   0   0 | Tyr TAT   0   1   0   0   0   0 | Cys TGT   0   0   0   0   0   0
    TTC   1   1   1   1   1   1 |     TCC   0   0   0   0   0   0 |     TAC   1   0   1   1   1   1 |     TGC   0   0   0   0   0   0
Leu TTA   0   0   0   0   0   0 |     TCA   1   1   1   1   1   1 | *** TAA   0   0   0   0   0   0 | *** TGA   0   0   0   0   0   0
    TTG   0   0   0   0   0   0 |     TCG   0   0   0   0   0   0 |     TAG   0   0   0   0   0   0 | Trp TGG   0   0   0   0   0   0
--------------------------------------------------------------------------------------------------------------------------------------
Leu CTT   1   1   1   1   1   1 | Pro CCT   2   2   2   2   2   2 | His CAT   0   0   0   0   0   0 | Arg CGT   0   0   0   0   0   0
    CTC   0   0   0   0   0   0 |     CCC   1   1   1   1   1   1 |     CAC   1   1   1   1   1   1 |     CGC   1   1   1   1   1   1
    CTA   2   2   1   1   1   1 |     CCA   1   1   1   1   1   1 | Gln CAA   2   2   2   2   2   2 |     CGA   0   0   0   0   0   0
    CTG   0   0   1   1   1   1 |     CCG   0   0   0   0   0   0 |     CAG   2   2   2   2   2   2 |     CGG   1   1   1   1   1   1
--------------------------------------------------------------------------------------------------------------------------------------
Ile ATT   0   0   0   0   0   0 | Thr ACT   1   1   1   1   1   1 | Asn AAT   1   1   1   1   1   1 | Ser AGT   1   1   1   1   0   1
    ATC   1   1   1   1   1   1 |     ACC   1   1   1   1   1   1 |     AAC   1   1   1   1   1   1 |     AGC   1   1   1   1   1   1
    ATA   0   0   1   1   1   1 |     ACA   0   0   0   0   0   0 | Lys AAA   3   3   3   3   3   3 | Arg AGA   0   0   0   0   0   0
Met ATG   2   2   1   1   1   1 |     ACG   0   0   0   0   0   0 |     AAG   0   0   0   0   0   0 |     AGG   0   0   0   0   0   0
--------------------------------------------------------------------------------------------------------------------------------------
Val GTT   1   1   2   1   2   2 | Ala GCT   0   0   0   0   0   0 | Asp GAT   0   0   0   0   0   0 | Gly GGT   0   0   0   0   0   0
    GTC   1   1   1   1   1   1 |     GCC   2   2   2   2   1   2 |     GAC   1   1   1   1   1   1 |     GGC   0   0   0   0   0   0
    GTA   1   1   0   1   1   0 |     GCA   2   2   2   1   1   1 | Glu GAA   3   3   2   2   2   2 |     GGA   0   0   0   0   0   0
    GTG   1   1   1   1   1   1 |     GCG   0   0   0   1   2   1 |     GAG   1   1   2   2   2   2 |     GGG   2   2   2   2   2   2
--------------------------------------------------------------------------------------------------------------------------------------

--------------------------------------------------------------------------------------------------------------------------------------
Phe TTT   0   0   0   0   0   0 | Ser TCT   0   0   0   0   0   0 | Tyr TAT   0   0   0   0   0   0 | Cys TGT   0   0   0   0   0   0
    TTC   1   1   1   1   1   1 |     TCC   0   0   0   0   0   0 |     TAC   1   1   1   1   1   1 |     TGC   0   0   0   0   0   0
Leu TTA   0   0   0   0   0   0 |     TCA   1   1   1   1   1   1 | *** TAA   0   0   0   0   0   0 | *** TGA   0   0   0   0   0   0
    TTG   0   0   0   0   0   0 |     TCG   0   0   0   0   0   0 |     TAG   0   0   0   0   0   0 | Trp TGG   0   0   0   0   0   0
--------------------------------------------------------------------------------------------------------------------------------------
Leu CTT   1   1   1   1   1   1 | Pro CCT   2   2   2   2   2   2 | His CAT   0   1   0   0   0   0 | Arg CGT   0   0   0   0   0   0
    CTC   0   0   0   0   0   0 |     CCC   1   1   1   1   1   1 |     CAC   1   0   1   1   1   1 |     CGC   1   1   1   1   1   1
    CTA   1   1   1   1   1   1 |     CCA   1   1   1   1   1   1 | Gln CAA   3   2   2   2   1   2 |     CGA   0   0   0   0   0   0
    CTG   1   1   1   1   1   1 |     CCG   0   0   0   0   0   0 |     CAG   1   2   2   2   3   2 |     CGG   1   1   1   1   1   1
--------------------------------------------------------------------------------------------------------------------------------------
Ile ATT   0   0   0   0   0   0 | Thr ACT   1   1   1   1   1   1 | Asn AAT   1   1   1   1   1   1 | Ser AGT   1   1   1   1   1   1
    ATC   1   1   1   1   1   1 |     ACC   1   1   1   1   1   1 |     AAC   1   1   1   1   1   1 |     AGC   1   1   1   1   1   1
    ATA   1   1   1   1   1   1 |     ACA   0   0   0   0   0   0 | Lys AAA   3   3   3   3   3   3 | Arg AGA   0   0   0   0   0   0
Met ATG   1   1   1   1   1   1 |     ACG   0   0   0   0   0   0 |     AAG   0   0   0   0   0   0 |     AGG   0   0   0   0   0   0
--------------------------------------------------------------------------------------------------------------------------------------
Val GTT   1   1   2   1   1   1 | Ala GCT   0   0   0   0   0   0 | Asp GAT   0   0   0   0   0   0 | Gly GGT   0   0   0   0   0   0
    GTC   1   1   1   1   1   1 |     GCC   2   2   2   2   2   2 |     GAC   1   1   1   1   1   1 |     GGC   0   0   0   0   0   0
    GTA   1   1   0   1   1   1 |     GCA   1   1   1   1   2   1 | Glu GAA   2   2   2   2   2   2 |     GGA   0   0   0   0   0   0
    GTG   1   1   1   1   1   1 |     GCG   1   1   1   1   0   1 |     GAG   2   2   2   2   2   2 |     GGG   2   2   2   2   2   2
--------------------------------------------------------------------------------------------------------------------------------------

--------------------------------------------------------------------------------------------------------------------------------------
Phe TTT   0   0   0   0   0   0 | Ser TCT   0   0   0   0   0   0 | Tyr TAT   0   0   0   0   0   0 | Cys TGT   0   0   0   0   0   0
    TTC   1   1   1   1   1   1 |     TCC   0   0   0   0   0   0 |     TAC   1   1   1   1   1   1 |     TGC   0   0   0   0   0   0
Leu TTA   0   0   0   0   0   0 |     TCA   1   1   1   1   1   1 | *** TAA   0   0   0   0   0   0 | *** TGA   0   0   0   0   0   0
    TTG   0   0   0   0   0   0 |     TCG   0   0   0   0   0   0 |     TAG   0   0   0   0   0   0 | Trp TGG   0   0   0   0   0   0
--------------------------------------------------------------------------------------------------------------------------------------
Leu CTT   1   1   1   1   1   1 | Pro CCT   2   2   2   2   2   2 | His CAT   0   0   0   0   0   0 | Arg CGT   0   0   0   0   0   0
    CTC   0   0   0   1   0   0 |     CCC   1   1   1   1   1   1 |     CAC   1   1   1   1   1   1 |     CGC   1   1   1   1   1   1
    CTA   1   1   1   0   2   1 |     CCA   1   1   1   1   1   1 | Gln CAA   2   2   3   2   1   1 |     CGA   0   0   0   0   0   0
    CTG   1   1   1   1   0   1 |     CCG   0   0   0   0   0   0 |     CAG   2   2   1   2   3   3 |     CGG   1   1   1   1   1   1
--------------------------------------------------------------------------------------------------------------------------------------
Ile ATT   0   0   0   0   0   0 | Thr ACT   1   1   1   1   1   1 | Asn AAT   1   1   1   1   1   1 | Ser AGT   1   1   1   1   1   1
    ATC   1   1   1   1   1   1 |     ACC   1   1   1   1   1   1 |     AAC   1   1   1   1   1   1 |     AGC   1   1   1   1   1   1
    ATA   1   1   1   1   0   1 |     ACA   0   0   0   0   0   0 | Lys AAA   3   3   3   3   3   3 | Arg AGA   0   0   0   0   0   0
Met ATG   1   1   1   1   2   1 |     ACG   0   0   0   0   0   0 |     AAG   0   0   0   0   0   0 |     AGG   0   0   0   0   0   0
--------------------------------------------------------------------------------------------------------------------------------------
Val GTT   1   1   1   1   1   0 | Ala GCT   0   0   0   0   0   0 | Asp GAT   0   0   0   0   0   0 | Gly GGT   0   0   0   0   0   0
    GTC   1   1   1   1   1   2 |     GCC   2   2   2   2   2   2 |     GAC   1   1   1   1   1   1 |     GGC   0   0   0   0   0   0
    GTA   1   1   1   1   1   1 |     GCA   1   1   1   1   1   2 | Glu GAA   2   2   2   1   2   2 |     GGA   0   0   0   0   1   0
    GTG   1   1   1   1   1   1 |     GCG   1   1   1   1   1   0 |     GAG   2   2   2   3   2   2 |     GGG   2   2   2   2   1   2
--------------------------------------------------------------------------------------------------------------------------------------

--------------------------------------------------------------------------------------------------------------------------------------
Phe TTT   0   0   0   0   0   0 | Ser TCT   0   0   0   0   0   0 | Tyr TAT   0   0   0   0   0   0 | Cys TGT   0   0   0   0   0   0
    TTC   1   1   1   1   1   1 |     TCC   0   0   0   0   0   0 |     TAC   1   1   1   1   1   1 |     TGC   0   0   0   0   0   0
Leu TTA   0   0   0   0   0   0 |     TCA   1   1   1   1   1   1 | *** TAA   0   0   0   0   0   0 | *** TGA   0   0   0   0   0   0
    TTG   0   0   0   0   0   0 |     TCG   0   0   0   0   0   0 |     TAG   0   0   0   0   0   0 | Trp TGG   0   0   0   0   0   0
--------------------------------------------------------------------------------------------------------------------------------------
Leu CTT   1   1   1   1   1   1 | Pro CCT   2   2   2   2   2   2 | His CAT   0   0   0   0   0   0 | Arg CGT   0   0   0   0   0   0
    CTC   0   0   0   0   0   0 |     CCC   1   1   1   1   1   1 |     CAC   1   1   1   1   1   1 |     CGC   1   1   1   1   1   1
    CTA   1   1   1   1   1   1 |     CCA   1   1   1   1   1   1 | Gln CAA   2   2   2   2   3   3 |     CGA   0   0   0   0   0   0
    CTG   1   1   1   1   1   1 |     CCG   0   0   0   0   0   0 |     CAG   2   2   2   2   1   1 |     CGG   1   1   1   1   1   1
--------------------------------------------------------------------------------------------------------------------------------------
Ile ATT   0   0   0   0   0   0 | Thr ACT   1   1   1   1   1   1 | Asn AAT   1   1   1   1   1   1 | Ser AGT   1   1   1   1   1   1
    ATC   1   1   1   1   1   1 |     ACC   1   0   1   1   1   1 |     AAC   1   1   1   1   1   1 |     AGC   1   1   1   1   1   1
    ATA   0   1   1   1   1   1 |     ACA   0   0   0   0   0   0 | Lys AAA   3   3   3   3   3   3 | Arg AGA   0   0   0   0   0   0
Met ATG   2   1   1   1   1   1 |     ACG   0   1   0   0   0   0 |     AAG   0   0   0   0   0   0 |     AGG   0   0   0   0   0   0
--------------------------------------------------------------------------------------------------------------------------------------
Val GTT   1   1   2   2   1   1 | Ala GCT   0   0   0   0   0   0 | Asp GAT   0   0   0   0   0   0 | Gly GGT   0   0   0   0   0   0
    GTC   1   1   1   2   1   1 |     GCC   1   2   2   2   2   2 |     GAC   2   1   1   1   1   1 |     GGC   0   0   0   0   0   0
    GTA   1   1   0   0   1   1 |     GCA   2   2   1   1   1   1 | Glu GAA   2   2   2   2   2   2 |     GGA   0   0   0   0   0   0
    GTG   1   1   1   0   1   1 |     GCG   0   0   1   1   1   1 |     GAG   2   2   2   2   2   2 |     GGG   2   2   2   2   2   2
--------------------------------------------------------------------------------------------------------------------------------------

--------------------------------------------------------------------------------------------------------------------------------------
Phe TTT   0   0   0   0   0   1 | Ser TCT   0   0   0   0   0   0 | Tyr TAT   0   0   0   0   0   0 | Cys TGT   0   0   0   0   0   0
    TTC   1   1   1   1   1   0 |     TCC   0   0   0   0   0   0 |     TAC   1   1   1   1   1   1 |     TGC   0   0   0   0   0   0
Leu TTA   0   0   0   0   0   0 |     TCA   1   1   1   1   1   1 | *** TAA   0   0   0   0   0   0 | *** TGA   0   0   0   0   0   0
    TTG   0   0   0   0   0   0 |     TCG   0   0   0   0   0   0 |     TAG   0   0   0   0   0   0 | Trp TGG   0   0   0   0   0   0
--------------------------------------------------------------------------------------------------------------------------------------
Leu CTT   1   1   1   1   1   1 | Pro CCT   2   2   2   2   2   2 | His CAT   0   0   0   1   0   0 | Arg CGT   0   0   0   0   0   0
    CTC   0   0   0   0   0   0 |     CCC   1   1   1   1   1   1 |     CAC   1   1   1   0   1   1 |     CGC   1   1   1   1   1   1
    CTA   1   1   1   1   1   1 |     CCA   1   1   1   1   1   1 | Gln CAA   3   2   2   2   2   2 |     CGA   0   0   0   0   0   0
    CTG   1   1   1   1   1   1 |     CCG   0   0   0   0   0   0 |     CAG   1   2   2   2   2   2 |     CGG   1   1   1   1   1   1
--------------------------------------------------------------------------------------------------------------------------------------
Ile ATT   0   0   0   0   0   0 | Thr ACT   1   1   1   1   1   1 | Asn AAT   1   1   1   1   1   1 | Ser AGT   1   1   1   1   1   1
    ATC   1   1   1   1   1   1 |     ACC   1   1   1   1   0   1 |     AAC   1   1   1   1   1   1 |     AGC   1   1   1   1   1   1
    ATA   1   1   1   1   1   1 |     ACA   0   0   0   0   0   0 | Lys AAA   3   3   3   3   3   3 | Arg AGA   0   0   0   0   0   0
Met ATG   1   1   1   1   1   1 |     ACG   0   0   0   0   1   0 |     AAG   0   0   0   0   0   0 |     AGG   0   0   0   0   0   0
--------------------------------------------------------------------------------------------------------------------------------------
Val GTT   1   1   1   1   1   1 | Ala GCT   0   1   0   0   0   0 | Asp GAT   0   0   0   0   0   0 | Gly GGT   0   0   0   0   0   0
    GTC   1   1   1   1   2   1 |     GCC   2   1   2   2   2   2 |     GAC   1   1   1   1   1   1 |     GGC   0   0   0   0   0   0
    GTA   1   1   1   1   1   1 |     GCA   1   1   1   1   2   2 | Glu GAA   2   2   2   2   2   2 |     GGA   0   0   0   0   0   0
    GTG   1   1   1   1   0   1 |     GCG   1   1   1   1   0   0 |     GAG   2   2   2   2   2   2 |     GGG   2   2   2   2   2   2
--------------------------------------------------------------------------------------------------------------------------------------

--------------------------------------------------------------------------------------------------------------------------------------
Phe TTT   0   1   0   1   0   0 | Ser TCT   0   0   0   0   0   0 | Tyr TAT   0   0   0   0   0   0 | Cys TGT   0   0   0   0   0   0
    TTC   1   0   1   0   1   1 |     TCC   0   0   0   0   0   0 |     TAC   1   1   1   1   1   1 |     TGC   0   0   0   0   0   0
Leu TTA   0   1   0   0   0   0 |     TCA   1   0   1   1   1   1 | *** TAA   0   0   0   0   0   0 | *** TGA   0   0   0   0   0   0
    TTG   0   0   0   0   0   0 |     TCG   0   0   0   0   0   0 |     TAG   0   0   0   0   0   0 | Trp TGG   0   0   0   0   0   0
--------------------------------------------------------------------------------------------------------------------------------------
Leu CTT   1   1   1   1   1   1 | Pro CCT   2   2   2   2   2   2 | His CAT   0   0   0   0   0   0 | Arg CGT   0   0   0   1   0   0
    CTC   0   0   1   0   0   0 |     CCC   1   1   1   1   1   1 |     CAC   1   1   1   1   1   1 |     CGC   1   1   1   1   1   1
    CTA   1   2   0   1   1   1 |     CCA   1   1   1   1   1   1 | Gln CAA   1   2   2   2   2   2 |     CGA   0   0   0   0   0   0
    CTG   1   0   1   1   1   1 |     CCG   0   0   0   0   0   0 |     CAG   3   2   2   2   2   2 |     CGG   1   1   1   0   1   1
--------------------------------------------------------------------------------------------------------------------------------------
Ile ATT   0   0   0   0   0   0 | Thr ACT   1   1   1   1   1   1 | Asn AAT   1   1   1   2   1   1 | Ser AGT   1   1   1   1   1   1
    ATC   1   1   1   1   1   1 |     ACC   1   1   1   1   1   1 |     AAC   1   1   1   0   1   1 |     AGC   1   1   1   1   1   1
    ATA   1   1   1   1   1   1 |     ACA   0   0   0   0   0   0 | Lys AAA   3   3   3   3   3   3 | Arg AGA   0   0   0   0   0   0
Met ATG   1   1   1   1   1   1 |     ACG   0   0   0   0   0   0 |     AAG   0   0   0   0   0   0 |     AGG   0   0   0   0   0   0
--------------------------------------------------------------------------------------------------------------------------------------
Val GTT   1   1   1   1   1   1 | Ala GCT   0   0   0   0   0   0 | Asp GAT   0   0   0   0   0   0 | Gly GGT   0   0   0   0   0   0
    GTC   1   1   1   1   1   1 |     GCC   2   2   2   2   2   2 |     GAC   1   0   1   1   1   1 |     GGC   0   1   0   0   0   0
    GTA   0   1   1   1   1   1 |     GCA   1   1   1   1   1   1 | Glu GAA   2   2   2   2   2   2 |     GGA   0   0   0   0   0   0
    GTG   2   1   1   1   1   1 |     GCG   1   1   1   1   1   1 |     GAG   2   2   2   2   2   2 |     GGG   2   2   2   2   2   2
--------------------------------------------------------------------------------------------------------------------------------------

Codon position x base (3x4) table for each sequence.

#1: Argali         
position  1:    T:0.06818    C:0.31818    A:0.27273    G:0.34091
position  2:    T:0.25000    C:0.25000    A:0.36364    G:0.13636
position  3:    T:0.20455    C:0.27273    A:0.27273    G:0.25000
Average         T:0.17424    C:0.28030    A:0.30303    G:0.24242

#2: LesserMouseDeer
position  1:    T:0.06818    C:0.31818    A:0.27273    G:0.34091
position  2:    T:0.25000    C:0.27273    A:0.34091    G:0.13636
position  3:    T:0.13636    C:0.36364    A:0.25000    G:0.25000
Average         T:0.15152    C:0.31818    A:0.28788    G:0.24242

#3: LesserKudu     
position  1:    T:0.06818    C:0.31818    A:0.27273    G:0.34091
position  2:    T:0.25000    C:0.25000    A:0.36364    G:0.13636
position  3:    T:0.15909    C:0.29545    A:0.31818    G:0.22727
Average         T:0.15909    C:0.28788    A:0.31818    G:0.23485

#4: ForestMuskDeer2
position  1:    T:0.06818    C:0.31818    A:0.27273    G:0.34091
position  2:    T:0.25000    C:0.25000    A:0.36364    G:0.13636
position  3:    T:0.22727    C:0.25000    A:0.29545    G:0.22727
Average         T:0.18182    C:0.27273    A:0.31061    G:0.23485

#5: Camel          
position  1:    T:0.06818    C:0.27273    A:0.29545    G:0.36364
position  2:    T:0.25000    C:0.25000    A:0.38636    G:0.11364
position  3:    T:0.20455    C:0.31818    A:0.22727    G:0.25000
Average         T:0.17424    C:0.28030    A:0.30303    G:0.24242

#6: KillerWhale    
position  1:    T:0.06818    C:0.29545    A:0.29545    G:0.34091
position  2:    T:0.25000    C:0.25000    A:0.36364    G:0.13636
position  3:    T:0.15909    C:0.31818    A:0.25000    G:0.27273
Average         T:0.15909    C:0.28788    A:0.30303    G:0.25000

#7: DefassaWaterbuck
position  1:    T:0.06818    C:0.31818    A:0.27273    G:0.34091
position  2:    T:0.25000    C:0.25000    A:0.36364    G:0.13636
position  3:    T:0.18182    C:0.31818    A:0.27273    G:0.22727
Average         T:0.16667    C:0.29545    A:0.30303    G:0.23485

#8: Sheep          
position  1:    T:0.06818    C:0.31818    A:0.27273    G:0.34091
position  2:    T:0.25000    C:0.25000    A:0.36364    G:0.13636
position  3:    T:0.18182    C:0.29545    A:0.27273    G:0.25000
Average         T:0.16667    C:0.28788    A:0.30303    G:0.24242

#9: MaxwellsDuiker 
position  1:    T:0.06818    C:0.31818    A:0.27273    G:0.34091
position  2:    T:0.25000    C:0.25000    A:0.36364    G:0.13636
position  3:    T:0.20455    C:0.22727    A:0.27273    G:0.29545
Average         T:0.17424    C:0.26515    A:0.30303    G:0.25758

#10: GazellaPrzewalskyi
position  1:    T:0.06818    C:0.31818    A:0.27273    G:0.34091
position  2:    T:0.25000    C:0.25000    A:0.36364    G:0.13636
position  3:    T:0.15909    C:0.27273    A:0.29545    G:0.27273
Average         T:0.15909    C:0.28030    A:0.31061    G:0.25000

#11: MountainNyala  
position  1:    T:0.06818    C:0.31818    A:0.27273    G:0.34091
position  2:    T:0.25000    C:0.25000    A:0.36364    G:0.13636
position  3:    T:0.18182    C:0.27273    A:0.29545    G:0.25000
Average         T:0.16667    C:0.28030    A:0.31061    G:0.24242

#12: MuntiacusMuntjak
position  1:    T:0.06818    C:0.31818    A:0.27273    G:0.34091
position  2:    T:0.25000    C:0.25000    A:0.36364    G:0.13636
position  3:    T:0.15909    C:0.29545    A:0.29545    G:0.25000
Average         T:0.15909    C:0.28788    A:0.31061    G:0.24242

#13: goat           
position  1:    T:0.06818    C:0.31818    A:0.27273    G:0.34091
position  2:    T:0.25000    C:0.25000    A:0.36364    G:0.13636
position  3:    T:0.18182    C:0.29545    A:0.27273    G:0.25000
Average         T:0.16667    C:0.28788    A:0.30303    G:0.24242

#14: AfricanBuffalo 
position  1:    T:0.06818    C:0.29545    A:0.27273    G:0.36364
position  2:    T:0.27273    C:0.22727    A:0.36364    G:0.13636
position  3:    T:0.15909    C:0.27273    A:0.31818    G:0.25000
Average         T:0.16667    C:0.26515    A:0.31818    G:0.25000

#15: Topi           
position  1:    T:0.06818    C:0.31818    A:0.27273    G:0.34091
position  2:    T:0.25000    C:0.25000    A:0.36364    G:0.13636
position  3:    T:0.15909    C:0.29545    A:0.29545    G:0.25000
Average         T:0.15909    C:0.28788    A:0.31061    G:0.24242

#16: CommonDuiker   
position  1:    T:0.06818    C:0.31818    A:0.27273    G:0.34091
position  2:    T:0.25000    C:0.25000    A:0.36364    G:0.13636
position  3:    T:0.18182    C:0.27273    A:0.29545    G:0.25000
Average         T:0.16667    C:0.28030    A:0.31061    G:0.24242

#17: Suni           
position  1:    T:0.06818    C:0.31818    A:0.27273    G:0.34091
position  2:    T:0.25000    C:0.25000    A:0.36364    G:0.13636
position  3:    T:0.18182    C:0.29545    A:0.27273    G:0.25000
Average         T:0.16667    C:0.28788    A:0.30303    G:0.24242

#18: Springbuck     
position  1:    T:0.06818    C:0.31818    A:0.27273    G:0.34091
position  2:    T:0.25000    C:0.25000    A:0.36364    G:0.13636
position  3:    T:0.15909    C:0.29545    A:0.29545    G:0.25000
Average         T:0.15909    C:0.28788    A:0.31061    G:0.24242

#19: Okapi          
position  1:    T:0.06818    C:0.31818    A:0.27273    G:0.34091
position  2:    T:0.25000    C:0.25000    A:0.36364    G:0.13636
position  3:    T:0.15909    C:0.29545    A:0.34091    G:0.20455
Average         T:0.15909    C:0.28788    A:0.32576    G:0.22727

#20: Giraffe        
position  1:    T:0.06818    C:0.31818    A:0.27273    G:0.34091
position  2:    T:0.25000    C:0.25000    A:0.36364    G:0.13636
position  3:    T:0.18182    C:0.27273    A:0.34091    G:0.20455
Average         T:0.16667    C:0.28030    A:0.32576    G:0.22727

#21: TibetanAntelope
position  1:    T:0.06818    C:0.31818    A:0.27273    G:0.34091
position  2:    T:0.25000    C:0.25000    A:0.36364    G:0.13636
position  3:    T:0.18182    C:0.29545    A:0.29545    G:0.22727
Average         T:0.16667    C:0.28788    A:0.31061    G:0.23485

#22: Sitatunga      
position  1:    T:0.06818    C:0.31818    A:0.27273    G:0.34091
position  2:    T:0.25000    C:0.25000    A:0.36364    G:0.13636
position  3:    T:0.15909    C:0.29545    A:0.29545    G:0.25000
Average         T:0.15909    C:0.28788    A:0.31061    G:0.24242

#23: Oribi          
position  1:    T:0.06818    C:0.31818    A:0.25000    G:0.36364
position  2:    T:0.27273    C:0.25000    A:0.36364    G:0.11364
position  3:    T:0.15909    C:0.27273    A:0.29545    G:0.27273
Average         T:0.16667    C:0.28030    A:0.30303    G:0.25000

#24: BarbarySheep   
position  1:    T:0.06818    C:0.31818    A:0.27273    G:0.34091
position  2:    T:0.25000    C:0.25000    A:0.36364    G:0.13636
position  3:    T:0.18182    C:0.29545    A:0.27273    G:0.25000
Average         T:0.16667    C:0.28788    A:0.30303    G:0.24242

#25: Daviddeer      
position  1:    T:0.06818    C:0.31818    A:0.27273    G:0.34091
position  2:    T:0.25000    C:0.25000    A:0.36364    G:0.13636
position  3:    T:0.15909    C:0.29545    A:0.31818    G:0.22727
Average         T:0.15909    C:0.28788    A:0.31818    G:0.23485

#26: Reindeer       
position  1:    T:0.06818    C:0.31818    A:0.27273    G:0.34091
position  2:    T:0.25000    C:0.25000    A:0.36364    G:0.13636
position  3:    T:0.18182    C:0.27273    A:0.29545    G:0.25000
Average         T:0.16667    C:0.28030    A:0.31061    G:0.24242

#27: Ibex           
position  1:    T:0.06818    C:0.31818    A:0.27273    G:0.34091
position  2:    T:0.25000    C:0.25000    A:0.36364    G:0.13636
position  3:    T:0.18182    C:0.29545    A:0.27273    G:0.25000
Average         T:0.16667    C:0.28788    A:0.30303    G:0.24242

#28: GyrantGazelle  
position  1:    T:0.06818    C:0.31818    A:0.27273    G:0.34091
position  2:    T:0.25000    C:0.25000    A:0.36364    G:0.13636
position  3:    T:0.15909    C:0.29545    A:0.29545    G:0.25000
Average         T:0.15909    C:0.28788    A:0.31061    G:0.24242

#29: Hartebeest     
position  1:    T:0.06818    C:0.31818    A:0.27273    G:0.34091
position  2:    T:0.25000    C:0.25000    A:0.36364    G:0.13636
position  3:    T:0.15909    C:0.29545    A:0.29545    G:0.25000
Average         T:0.15909    C:0.28788    A:0.31061    G:0.24242

#30: Bongo          
position  1:    T:0.06818    C:0.31818    A:0.27273    G:0.34091
position  2:    T:0.25000    C:0.25000    A:0.36364    G:0.13636
position  3:    T:0.15909    C:0.29545    A:0.29545    G:0.25000
Average         T:0.15909    C:0.28788    A:0.31061    G:0.24242

#31: Gerenuk        
position  1:    T:0.06818    C:0.31818    A:0.27273    G:0.34091
position  2:    T:0.25000    C:0.25000    A:0.36364    G:0.13636
position  3:    T:0.15909    C:0.29545    A:0.29545    G:0.25000
Average         T:0.15909    C:0.28788    A:0.31061    G:0.24242

#32: CommonEland    
position  1:    T:0.06818    C:0.31818    A:0.27273    G:0.34091
position  2:    T:0.25000    C:0.25000    A:0.36364    G:0.13636
position  3:    T:0.15909    C:0.29545    A:0.29545    G:0.25000
Average         T:0.15909    C:0.28788    A:0.31061    G:0.24242

#33: MuntiacusReevesi
position  1:    T:0.06818    C:0.31818    A:0.27273    G:0.34091
position  2:    T:0.25000    C:0.25000    A:0.36364    G:0.13636
position  3:    T:0.15909    C:0.29545    A:0.31818    G:0.22727
Average         T:0.15909    C:0.28788    A:0.31818    G:0.23485

#34: HarveysDuiker  
position  1:    T:0.06818    C:0.31818    A:0.27273    G:0.34091
position  2:    T:0.25000    C:0.25000    A:0.36364    G:0.13636
position  3:    T:0.15909    C:0.31818    A:0.25000    G:0.27273
Average         T:0.15909    C:0.29545    A:0.29545    G:0.25000

#35: Pronghorn      
position  1:    T:0.06818    C:0.31818    A:0.27273    G:0.34091
position  2:    T:0.25000    C:0.25000    A:0.36364    G:0.13636
position  3:    T:0.15909    C:0.29545    A:0.29545    G:0.25000
Average         T:0.15909    C:0.28788    A:0.31061    G:0.24242

#36: BlueWildebeest 
position  1:    T:0.06818    C:0.31818    A:0.27273    G:0.34091
position  2:    T:0.25000    C:0.25000    A:0.36364    G:0.13636
position  3:    T:0.13636    C:0.31818    A:0.29545    G:0.25000
Average         T:0.15152    C:0.29545    A:0.31061    G:0.24242

#37: Gemsbok        
position  1:    T:0.06818    C:0.31818    A:0.27273    G:0.34091
position  2:    T:0.25000    C:0.22727    A:0.38636    G:0.13636
position  3:    T:0.15909    C:0.29545    A:0.29545    G:0.25000
Average         T:0.15909    C:0.28030    A:0.31818    G:0.24242

#38: Yak            
position  1:    T:0.06818    C:0.31818    A:0.27273    G:0.34091
position  2:    T:0.25000    C:0.25000    A:0.36364    G:0.13636
position  3:    T:0.15909    C:0.27273    A:0.31818    G:0.25000
Average         T:0.15909    C:0.28030    A:0.31818    G:0.24242

#39: BlueSheep      
position  1:    T:0.06818    C:0.31818    A:0.27273    G:0.34091
position  2:    T:0.25000    C:0.25000    A:0.36364    G:0.13636
position  3:    T:0.18182    C:0.29545    A:0.27273    G:0.25000
Average         T:0.16667    C:0.28788    A:0.30303    G:0.24242

#40: BohorReedbuck  
position  1:    T:0.06818    C:0.31818    A:0.27273    G:0.34091
position  2:    T:0.25000    C:0.25000    A:0.36364    G:0.13636
position  3:    T:0.18182    C:0.31818    A:0.27273    G:0.22727
Average         T:0.16667    C:0.29545    A:0.30303    G:0.23485

#41: KirksDik       
position  1:    T:0.06818    C:0.31818    A:0.27273    G:0.34091
position  2:    T:0.25000    C:0.25000    A:0.36364    G:0.13636
position  3:    T:0.15909    C:0.29545    A:0.31818    G:0.22727
Average         T:0.15909    C:0.28788    A:0.31818    G:0.23485

#42: RoeDeer        
position  1:    T:0.06818    C:0.31818    A:0.27273    G:0.34091
position  2:    T:0.25000    C:0.25000    A:0.36364    G:0.13636
position  3:    T:0.15909    C:0.29545    A:0.31818    G:0.22727
Average         T:0.15909    C:0.28788    A:0.31818    G:0.23485

#43: WhiteLippedDeer
position  1:    T:0.06818    C:0.31818    A:0.27273    G:0.34091
position  2:    T:0.25000    C:0.25000    A:0.36364    G:0.13636
position  3:    T:0.15909    C:0.29545    A:0.31818    G:0.22727
Average         T:0.15909    C:0.28788    A:0.31818    G:0.23485

#44: ThomsonGazelle 
position  1:    T:0.06818    C:0.31818    A:0.27273    G:0.34091
position  2:    T:0.25000    C:0.25000    A:0.36364    G:0.13636
position  3:    T:0.18182    C:0.27273    A:0.29545    G:0.25000
Average         T:0.16667    C:0.28030    A:0.31061    G:0.24242

#45: MuntiacusCrinifrons
position  1:    T:0.06818    C:0.31818    A:0.27273    G:0.34091
position  2:    T:0.25000    C:0.25000    A:0.36364    G:0.13636
position  3:    T:0.15909    C:0.29545    A:0.29545    G:0.25000
Average         T:0.15909    C:0.28788    A:0.31061    G:0.24242

#46: WhiteTailedDeer
position  1:    T:0.06818    C:0.31818    A:0.27273    G:0.34091
position  2:    T:0.25000    C:0.25000    A:0.36364    G:0.13636
position  3:    T:0.18182    C:0.27273    A:0.29545    G:0.25000
Average         T:0.16667    C:0.28030    A:0.31061    G:0.24242

#47: Cattle         
position  1:    T:0.06818    C:0.31818    A:0.27273    G:0.34091
position  2:    T:0.25000    C:0.25000    A:0.36364    G:0.13636
position  3:    T:0.15909    C:0.29545    A:0.31818    G:0.22727
Average         T:0.15909    C:0.28788    A:0.31818    G:0.23485

#48: RoyalAntelope  
position  1:    T:0.06818    C:0.31818    A:0.27273    G:0.34091
position  2:    T:0.25000    C:0.25000    A:0.36364    G:0.13636
position  3:    T:0.18182    C:0.27273    A:0.31818    G:0.22727
Average         T:0.16667    C:0.28030    A:0.31818    G:0.23485

#49: Steenbok       
position  1:    T:0.06818    C:0.31818    A:0.27273    G:0.34091
position  2:    T:0.25000    C:0.25000    A:0.36364    G:0.13636
position  3:    T:0.15909    C:0.29545    A:0.25000    G:0.29545
Average         T:0.15909    C:0.28788    A:0.29545    G:0.25758

#50: Impala         
position  1:    T:0.06818    C:0.31818    A:0.27273    G:0.34091
position  2:    T:0.27273    C:0.22727    A:0.34091    G:0.15909
position  3:    T:0.18182    C:0.27273    A:0.31818    G:0.22727
Average         T:0.17424    C:0.27273    A:0.31061    G:0.24242

#51: Klipspringer   
position  1:    T:0.06818    C:0.31818    A:0.27273    G:0.34091
position  2:    T:0.25000    C:0.25000    A:0.36364    G:0.13636
