1
52 1
Argali 0.000000 0.370300 0.069400 0.236700 0.070200 0.022800 0.046300 0.045200 0.069400 0.118700 0.022400 0.069500 0.045600 0.091700 0.045900 0.069400 0.092300 0.092300 0.067900 0.093600 0.069000 0.022400 0.145000 0.120800 0.022900 0.068900 0.022800 0.094100 0.069000 0.069400 0.116700 0.093600 0.119500 0.022400 0.022400 0.093900 0.045300 0.070200 0.096000 0.092300 0.167200 0.070300 0.116700 0.120800 0.093900 0.067400 0.045300 0.045200 0.095200 0.092900 0.093400 0.069400
LesserMous 0.370300 0.000000 0.339600 0.284500 0.380500 0.339500 0.313500 0.374700 0.339600 0.409600 0.339500 0.379200 0.375100 0.365300 0.340000 0.416000 0.367200 0.367100 0.395000 0.302100 0.337300 0.339500 0.410400 0.346300 0.339500 0.411500 0.339500 0.377300 0.411400 0.339600 0.329000 0.375700 0.502500 0.339500 0.339500 0.374000 0.370300 0.380500 0.385800 0.368100 0.477300 0.339400 0.329000 0.346300 0.374000 0.399000 0.302100 0.374200 0.459400 0.450900 0.374200 0.339600
LesserKudu 0.069400 0.339600 0.000000 0.272700 0.070800 0.046100 0.023100 0.069900 0.000000 0.094400 0.046100 0.095400 0.069900 0.069100 0.070800 0.095300 0.068900 0.068900 0.044500 0.023000 0.094800 0.046100 0.094000 0.123200 0.046100 0.045700 0.046100 0.022700 0.094800 0.000000 0.092800 0.069900 0.095100 0.046100 0.046700 0.022600 0.022400 0.070800 0.123900 0.068900 0.142200 0.095400 0.092800 0.123200 0.022600 0.092400 0.069900 0.069700 0.122600 0.069300 0.022500 0.000000
KillerWhal 0.236700 0.284500 0.272700 0.000000 0.276700 0.209400 0.244700 0.238300 0.272700 0.268100 0.209400 0.274100 0.239100 0.234400 0.242400 0.152200 0.236700 0.176400 0.260400 0.305100 0.270200 0.209400 0.302500 0.211800 0.209400 0.208000 0.209400 0.305300 0.208300 0.272700 0.202200 0.305500 0.341800 0.209400 0.209400 0.304600 0.236400 0.276700 0.246900 0.234000 0.324800 0.210400 0.202200 0.211800 0.304600 0.261100 0.239100 0.179000 0.243200 0.237400 0.304300 0.272700
DefassaWat 0.070200 0.380500 0.070800 0.276700 0.000000 0.046600 0.041600 0.022900 0.070800 0.148400 0.046600 0.096700 0.070700 0.119500 0.071700 0.096500 0.120300 0.120300 0.092800 0.095500 0.095900 0.046600 0.069500 0.151400 0.046600 0.095700 0.046600 0.046600 0.095900 0.070800 0.146000 0.095600 0.149700 0.047100 0.046600 0.095700 0.070300 0.000000 0.125400 0.120100 0.144100 0.096600 0.146000 0.151400 0.095700 0.093400 0.070700 0.070600 0.124000 0.121100 0.046200 0.070800
Sheep 0.022800 0.339500 0.046100 0.209400 0.046600 0.000000 0.023100 0.022500 0.046100 0.094400 0.000000 0.046100 0.022500 0.068900 0.022800 0.046900 0.068900 0.068900 0.045200 0.070500 0.045800 0.000000 0.120100 0.096200 0.000000 0.045700 0.000000 0.070300 0.045800 0.046100 0.092800 0.069900 0.095100 0.000000 0.000000 0.070100 0.022400 0.046600 0.071800 0.068800 0.142200 0.047300 0.092800 0.096200 0.070100 0.044700 0.022500 0.022500 0.071000 0.069300 0.069700 0.046100
MaxwellsDu 0.046300 0.313500 0.023100 0.244700 0.041600 0.023100 0.000000 0.046400 0.023100 0.121700 0.023100 0.071600 0.046600 0.094400 0.047300 0.071500 0.095100 0.095100 0.068800 0.046800 0.070800 0.023100 0.117300 0.124200 0.023100 0.071000 0.023100 0.046900 0.071100 0.023100 0.119600 0.046800 0.123200 0.023100 0.023100 0.046900 0.046200 0.041600 0.099300 0.094500 0.171200 0.071700 0.119600 0.124200 0.046900 0.068900 0.046600 0.046500 0.098100 0.095700 0.046700 0.023100
GazellaPrz 0.045200 0.374700 0.069900 0.238300 0.022900 0.022500 0.046400 0.000000 0.069900 0.118800 0.022500 0.070000 0.045600 0.092400 0.046200 0.069900 0.093000 0.093000 0.067400 0.094300 0.069200 0.022500 0.093700 0.121200 0.022500 0.069300 0.022500 0.045800 0.069500 0.069900 0.117000 0.094400 0.120400 0.022500 0.022500 0.094500 0.045200 0.022900 0.096800 0.092500 0.115600 0.070000 0.117000 0.121200 0.094500 0.067500 0.045600 0.045500 0.095700 0.093600 0.045600 0.069900
MountainNy 0.069400 0.339600 0.000000 0.272700 0.070800 0.046100 0.023100 0.069900 0.000000 0.094400 0.046100 0.095400 0.069900 0.068400 0.070800 0.095300 0.068900 0.068900 0.044500 0.022800 0.094800 0.046100 0.094000 0.123200 0.046100 0.046800 0.046100 0.022700 0.094800 0.000000 0.092800 0.069900 0.095100 0.046100 0.046100 0.022600 0.022600 0.070800 0.123900 0.068900 0.142200 0.095400 0.092800 0.123200 0.022600 0.092400 0.069900 0.069700 0.122600 0.069300 0.022500 0.000000
MuntiacusM 0.118700 0.409600 0.094400 0.268100 0.148400 0.094400 0.121700 0.118800 0.094400 0.000000 0.094400 0.146500 0.119200 0.116600 0.120900 0.146300 0.117500 0.117500 0.091300 0.119200 0.145300 0.094400 0.068600 0.070200 0.094400 0.093700 0.094400 0.119400 0.146000 0.094400 0.044300 0.173500 0.146600 0.094400 0.094400 0.119900 0.068700 0.148400 0.123000 0.022000 0.090300 0.146600 0.044300 0.070200 0.119900 0.141500 0.119200 0.119000 0.122400 0.118400 0.119000 0.094400
goat 0.022400 0.339500 0.046100 0.209400 0.046600 0.000000 0.023100 0.022500 0.046100 0.094400 0.000000 0.046500 0.023100 0.068400 0.022800 0.047100 0.069100 0.068900 0.044500 0.069900 0.045800 0.000000 0.120100 0.096200 0.000000 0.045700 0.000000 0.070300 0.045800 0.046100 0.092800 0.069900 0.095100 0.000000 0.000000 0.070100 0.023000 0.046600 0.071800 0.068800 0.142200 0.046100 0.092800 0.096200 0.070100 0.044700 0.022500 0.022500 0.071000 0.069300 0.069700 0.046100
AfricanBuf 0.069500 0.379200 0.095400 0.274100 0.096700 0.046100 0.071600 0.070000 0.095400 0.146500 0.046500 0.000000 0.070100 0.093200 0.070900 0.095500 0.093700 0.119200 0.091900 0.095100 0.070100 0.046100 0.174800 0.149500 0.046100 0.094700 0.046100 0.121700 0.094900 0.095400 0.144500 0.121100 0.148300 0.046100 0.046100 0.121100 0.069300 0.096700 0.124000 0.118800 0.197400 0.070600 0.144500 0.149500 0.121100 0.092600 0.046000 0.070100 0.122500 0.120000 0.120700 0.095400
Topi 0.045600 0.375100 0.069900 0.239100 0.070700 0.022500 0.046600 0.045600 0.069900 0.119200 0.023100 0.070100 0.000000 0.092400 0.046200 0.069900 0.093000 0.093000 0.067400 0.094300 0.069500 0.022500 0.146000 0.121500 0.022500 0.069300 0.022500 0.094800 0.069500 0.069900 0.117400 0.094400 0.120300 0.022500 0.023000 0.094500 0.045600 0.070700 0.096700 0.092800 0.168100 0.070000 0.117400 0.121500 0.094500 0.067800 0.045600 0.046400 0.095700 0.093600 0.094100 0.069900
CommonDuik 0.091700 0.365300 0.069100 0.234400 0.119500 0.068900 0.094400 0.092400 0.068400 0.116600 0.068400 0.093200 0.092400 0.000000 0.093500 0.068700 0.044000 0.091100 0.066100 0.044600 0.068000 0.068700 0.143000 0.146200 0.068400 0.067900 0.068400 0.092900 0.117400 0.068400 0.115100 0.143800 0.117900 0.068400 0.068400 0.092500 0.044300 0.119500 0.147000 0.090900 0.164900 0.069400 0.115100 0.146200 0.092500 0.114700 0.044600 0.044700 0.093800 0.091700 0.092200 0.068400
Suni 0.045900 0.340000 0.070800 0.242400 0.071700 0.022800 0.047300 0.046200 0.070800 0.120900 0.022800 0.070900 0.046200 0.093500 0.000000 0.070800 0.094100 0.094100 0.068200 0.095500 0.070400 0.023300 0.148000 0.123300 0.022800 0.070300 0.022900 0.096100 0.070400 0.070800 0.118900 0.095600 0.121900 0.023100 0.023300 0.095800 0.045800 0.072100 0.098100 0.094000 0.170300 0.070900 0.118900 0.123300 0.095800 0.068600 0.046200 0.046100 0.097000 0.094800 0.095300 0.070800
Springbuck 0.069400 0.416000 0.095300 0.152200 0.096500 0.046900 0.071500 0.069900 0.095300 0.146300 0.047100 0.095500 0.069900 0.068700 0.070800 0.000000 0.118800 0.118800 0.091700 0.120600 0.094800 0.046100 0.174400 0.149300 0.046100 0.045800 0.046100 0.121300 0.045900 0.095300 0.144100 0.120700 0.147700 0.046100 0.046100 0.120800 0.069200 0.096500 0.123900 0.118600 0.196700 0.046300 0.144100 0.149300 0.123000 0.092300 0.069900 0.022600 0.071100 0.069500 0.120300 0.095300
Okapi 0.092300 0.367200 0.068900 0.236700 0.120300 0.068900 0.095100 0.093000 0.068900 0.117500 0.069100 0.093700 0.093000 0.044000 0.094100 0.118800 0.000000 0.044500 0.066500 0.044900 0.068400 0.068900 0.143800 0.147300 0.068900 0.068400 0.068900 0.093400 0.118100 0.068900 0.115800 0.144700 0.118700 0.068900 0.068900 0.093100 0.044600 0.120300 0.148100 0.091500 0.165700 0.068900 0.115800 0.147300 0.093100 0.115300 0.044900 0.092800 0.146600 0.092600 0.092200 0.069200
Giraffe 0.092300 0.367100 0.068900 0.176400 0.120300 0.068900 0.095100 0.093000 0.068900 0.117500 0.068900 0.119200 0.093000 0.091100 0.094100 0.118800 0.044500 0.000000 0.066500 0.092800 0.118300 0.068900 0.143800 0.147300 0.068900 0.068400 0.068900 0.093400 0.118100 0.068900 0.067000 0.144700 0.118700 0.068900 0.068900 0.093100 0.044600 0.120300 0.148100 0.091500 0.165700 0.119000 0.067000 0.147300 0.093100 0.115300 0.093000 0.092800 0.146600 0.092200 0.092800 0.068900
TibetanAnt 0.067900 0.395000 0.044500 0.260400 0.092800 0.045200 0.068800 0.067400 0.044500 0.091300 0.044500 0.091900 0.067400 0.066100 0.068200 0.091700 0.066500 0.066500 0.000000 0.067400 0.091500 0.044500 0.115900 0.118500 0.044500 0.045100 0.044500 0.067800 0.091400 0.044500 0.089700 0.116200 0.091700 0.044500 0.044500 0.067600 0.021900 0.092800 0.119000 0.066600 0.137600 0.091900 0.089700 0.118500 0.067600 0.043400 0.067400 0.067300 0.118100 0.066900 0.067300 0.044500
Sitatunga 0.093600 0.302100 0.023000 0.305100 0.095500 0.070500 0.046800 0.094300 0.022800 0.119200 0.069900 0.095100 0.094300 0.044600 0.095500 0.120600 0.044900 0.092800 0.067400 0.000000 0.069400 0.069900 0.118900 0.149600 0.069900 0.069300 0.069900 0.045800 0.119900 0.022500 0.117400 0.094400 0.120300 0.069900 0.069900 0.045700 0.045200 0.095500 0.150500 0.092800 0.168200 0.069900 0.117400 0.149600 0.045700 0.116900 0.045500 0.094100 0.148800 0.093600 0.045500 0.023000
Oribi 0.069000 0.337300 0.094800 0.270200 0.095900 0.045800 0.070800 0.069200 0.094800 0.145300 0.045800 0.070100 0.069500 0.068000 0.070400 0.094800 0.068400 0.118300 0.091500 0.069400 0.000000 0.045800 0.173000 0.148000 0.045800 0.094100 0.045800 0.120200 0.094200 0.094800 0.143100 0.120100 0.147300 0.045800 0.045800 0.120300 0.068900 0.095900 0.123000 0.117700 0.195500 0.045800 0.143100 0.148000 0.120300 0.091500 0.022400 0.069400 0.121800 0.119100 0.119800 0.094800
BarbaryShe 0.022400 0.339500 0.046100 0.209400 0.046600 0.000000 0.023100 0.022500 0.046100 0.094400 0.000000 0.046100 0.022500 0.068700 0.023300 0.046100 0.068900 0.068900 0.044500 0.069900 0.045800 0.000000 0.120100 0.096200 0.000000 0.045700 0.000000 0.070300 0.045800 0.046100 0.092800 0.069900 0.095100 0.000000 0.000000 0.070100 0.022300 0.046600 0.071800 0.068800 0.142200 0.046100 0.092800 0.096200 0.070100 0.044700 0.022500 0.022500 0.071000 0.069300 0.069700 0.046100
Daviddeer 0.145000 0.410400 0.094000 0.302500 0.069500 0.120100 0.117300 0.093700 0.094000 0.068600 0.120100 0.174800 0.146000 0.143000 0.148000 0.174400 0.143800 0.143800 0.115900 0.118900 0.173000 0.120100 0.000000 0.095100 0.120100 0.119200 0.120100 0.069200 0.173600 0.094000 0.067400 0.173000 0.174500 0.120100 0.120100 0.119400 0.093100 0.069500 0.150200 0.044500 0.066700 0.174700 0.067400 0.094500 0.119400 0.168400 0.146000 0.145700 0.206300 0.144900 0.069000 0.094000
Reindeer 0.120800 0.346300 0.123200 0.211800 0.151400 0.096200 0.124200 0.121200 0.123200 0.070200 0.096200 0.149500 0.121500 0.146200 0.123300 0.149300 0.147300 0.147300 0.118500 0.149600 0.148000 0.096200 0.095100 0.000000 0.096200 0.122200 0.096200 0.149800 0.148600 0.123200 0.068800 0.176900 0.178900 0.096200 0.096200 0.150200 0.095400 0.151400 0.125400 0.045500 0.117000 0.149600 0.069300 0.000000 0.150200 0.143800 0.121500 0.121300 0.180400 0.148400 0.149300 0.123200
Ibex 0.022900 0.339500 0.046100 0.209400 0.046600 0.000000 0.023100 0.022500 0.046100 0.094400 0.000000 0.046100 0.022500 0.068400 0.022800 0.046100 0.068900 0.068900 0.044500 0.069900 0.045800 0.000000 0.120100 0.096200 0.000000 0.045700 0.000000 0.070300 0.045800 0.046100 0.092800 0.069900 0.095100 0.000000 0.000000 0.070100 0.022400 0.047400 0.071800 0.068800 0.142200 0.046100 0.092800 0.096200 0.070100 0.044700 0.023300 0.022500 0.071000 0.070400 0.069700 0.046100
GyrantGaze 0.068900 0.411500 0.045700 0.208000 0.095700 0.045700 0.071000 0.069300 0.046800 0.093700 0.045700 0.094700 0.069300 0.067900 0.070300 0.045800 0.068400 0.068400 0.045100 0.069300 0.094100 0.045700 0.119200 0.122200 0.045700 0.000000 0.045700 0.069700 0.045600 0.045600 0.092100 0.119700 0.094300 0.045700 0.045700 0.069600 0.022200 0.095700 0.123000 0.068400 0.141300 0.045900 0.092100 0.122200 0.069600 0.091700 0.069300 0.069200 0.121700 0.023000 0.069200 0.046900
Hartebeest 0.022800 0.339500 0.046100 0.209400 0.046600 0.000000 0.023100 0.022500 0.046100 0.094400 0.000000 0.046100 0.022500 0.068400 0.022900 0.046100 0.068900 0.068900 0.044500 0.069900 0.045800 0.000000 0.120100 0.096200 0.000000 0.045700 0.000000 0.070300 0.045800 0.046700 0.092800 0.069900 0.095100 0.000000 0.000000 0.070100 0.022400 0.046600 0.071800 0.068800 0.142200 0.046100 0.092800 0.096200 0.070100 0.044700 0.022500 0.022700 0.071000 0.069300 0.069700 0.046100
Bongo 0.094100 0.377300 0.022700 0.305300 0.046600 0.070300 0.046900 0.045800 0.022700 0.119400 0.070300 0.121700 0.094800 0.092900 0.096100 0.121300 0.093400 0.093400 0.067800 0.045800 0.120200 0.070300 0.069200 0.149800 0.070300 0.069700 0.070300 0.000000 0.120500 0.022700 0.117600 0.094900 0.121000 0.070300 0.070300 0.045900 0.045400 0.046600 0.151300 0.092900 0.116100 0.121500 0.117600 0.149800 0.045900 0.117100 0.094800 0.094700 0.149600 0.094100 0.000100 0.022700
Gerenuk 0.069000 0.411400 0.094800 0.208300 0.095900 0.045800 0.071100 0.069500 0.094800 0.146000 0.045800 0.094900 0.069500 0.117400 0.070400 0.045900 0.118100 0.118100 0.091400 0.119900 0.094200 0.045800 0.173600 0.148600 0.045800 0.045600 0.045800 0.120500 0.000000 0.094800 0.143500 0.119900 0.146900 0.047100 0.045800 0.120300 0.068900 0.095900 0.123200 0.118100 0.196000 0.046000 0.143500 0.148600 0.120300 0.091900 0.069500 0.069400 0.121900 0.069100 0.119600 0.094800
CommonElan 0.069400 0.339600 0.000000 0.272700 0.070800 0.046100 0.023100 0.069900 0.000000 0.094400 0.046100 0.095400 0.069900 0.068400 0.070800 0.095300 0.068900 0.068900 0.044500 0.022500 0.094800 0.046100 0.094000 0.123200 0.046100 0.045600 0.046700 0.022700 0.094800 0.000000 0.092800 0.069900 0.095100 0.047200 0.046100 0.023200 0.022400 0.070800 0.123900 0.068900 0.142200 0.095400 0.092800 0.123200 0.023100 0.092400 0.069900 0.069700 0.122600 0.069300 0.022700 0.000000
MuntiacusR 0.116700 0.329000 0.092800 0.202200 0.146000 0.092800 0.119600 0.117000 0.092800 0.044300 0.092800 0.144500 0.117400 0.115100 0.118900 0.144100 0.115800 0.067000 0.089700 0.117400 0.143100 0.092800 0.067400 0.068800 0.092800 0.092100 0.092800 0.117600 0.143500 0.092800 0.000000 0.170800 0.144200 0.092800 0.092800 0.117800 0.067500 0.146000 0.120600 0.021800 0.088800 0.144400 0.000000 0.068800 0.117800 0.139400 0.117400 0.117200 0.173600 0.116600 0.117200 0.092800
HarveysDui 0.093600 0.375700 0.069900 0.305500 0.095600 0.069900 0.046800 0.094400 0.069900 0.173500 0.069900 0.121100 0.094400 0.143800 0.095600 0.120700 0.144700 0.144700 0.116200 0.094400 0.120100 0.069900 0.173000 0.176900 0.069900 0.119700 0.069900 0.094900 0.119900 0.069900 0.170800 0.000000 0.175200 0.069900 0.069900 0.094500 0.093500 0.096100 0.150600 0.144400 0.225300 0.120900 0.170800 0.176900 0.094500 0.117000 0.094300 0.094200 0.148900 0.145600 0.094200 0.069900
Pronghorn 0.119500 0.502500 0.095100 0.341800 0.149700 0.095100 0.123200 0.120400 0.095100 0.146600 0.095100 0.148300 0.120300 0.117900 0.121900 0.147700 0.118700 0.118700 0.091700 0.120300 0.147300 0.095100 0.174500 0.178900 0.095100 0.094300 0.095100 0.121000 0.146900 0.095100 0.144200 0.175200 0.000000 0.096400 0.095100 0.120500 0.069100 0.149700 0.179700 0.118600 0.196900 0.148000 0.144200 0.178900 0.120500 0.143200 0.120300 0.120100 0.177800 0.119300 0.120100 0.095100
BlueWildeb 0.022400 0.339500 0.046100 0.209400 0.047100 0.000000 0.023100 0.022500 0.046100 0.094400 0.000000 0.046100 0.022500 0.068400 0.023100 0.046100 0.068900 0.068900 0.044500 0.069900 0.045800 0.000000 0.120100 0.096200 0.000000 0.045700 0.000000 0.070300 0.047100 0.047200 0.092800 0.069900 0.096400 0.000000 0.000000 0.070100 0.022600 0.047000 0.071800 0.068800 0.142200 0.046100 0.092800 0.096200 0.070100 0.044700 0.022600 0.022900 0.071000 0.069300 0.069700 0.046100
Gemsbok 0.022400 0.339500 0.046700 0.209400 0.046600 0.000000 0.023100 0.022500 0.046100 0.094400 0.000000 0.046100 0.023000 0.068400 0.023300 0.046100 0.068900 0.068900 0.044500 0.069900 0.045800 0.000000 0.120100 0.096200 0.000000 0.045700 0.000000 0.070300 0.045800 0.046100 0.092800 0.069900 0.095100 0.000000 0.000000 0.070100 0.022400 0.046600 0.071800 0.068800 0.142200 0.046100 0.092800 0.096200 0.070100 0.044700 0.023000 0.022900 0.071000 0.069300 0.069700 0.046100
Yak 0.093900 0.374000 0.022600 0.304600 0.095700 0.070100 0.046900 0.094500 0.022600 0.119900 0.070100 0.121100 0.094500 0.092500 0.095800 0.120800 0.093100 0.093100 0.067600 0.045700 0.120300 0.070100 0.119400 0.150200 0.070100 0.069600 0.070100 0.045900 0.120300 0.023200 0.117800 0.094500 0.120500 0.070100 0.070100 0.000000 0.045300 0.095700 0.150900 0.093200 0.168800 0.121000 0.117800 0.150200 0.000000 0.117100 0.094500 0.094300 0.149400 0.093800 0.045600 0.023300
BlueSheep 0.045300 0.370300 0.022400 0.236400 0.070300 0.022400 0.046200 0.045200 0.022600 0.068700 0.023000 0.069300 0.045600 0.044300 0.045800 0.069200 0.044600 0.044600 0.021900 0.045200 0.068900 0.022300 0.093100 0.095400 0.022400 0.022200 0.022400 0.045400 0.068900 0.022400 0.067500 0.093500 0.069100 0.022600 0.022400 0.045300 0.000000 0.070100 0.095900 0.044600 0.114900 0.069300 0.067500 0.095400 0.045300 0.067200 0.045200 0.045100 0.095000 0.045500 0.045100 0.022400
BohorReedb 0.070200 0.380500 0.070800 0.276700 0.000000 0.046600 0.041600 0.022900 0.070800 0.148400 0.046600 0.096700 0.070700 0.119500 0.072100 0.096500 0.120300 0.120300 0.092800 0.095500 0.095900 0.046600 0.069500 0.151400 0.047400 0.095700 0.046600 0.046600 0.095900 0.070800 0.146000 0.096100 0.149700 0.047000 0.046600 0.095700 0.070100 0.000000 0.125400 0.120100 0.144100 0.097400 0.146000 0.151400 0.095700 0.093400 0.070700 0.070600 0.124000 0.121100 0.046200 0.070800
KirksDik 0.096000 0.385800 0.123900 0.246900 0.125400 0.071800 0.099300 0.096800 0.123900 0.123000 0.071800 0.124000 0.096700 0.147000 0.098100 0.123900 0.148100 0.148100 0.119000 0.150500 0.123000 0.071800 0.150200 0.125400 0.071800 0.123000 0.071800 0.151300 0.123200 0.123900 0.120600 0.150600 0.179700 0.071800 0.071800 0.150900 0.095900 0.125400 0.000000 0.095500 0.172400 0.124200 0.120600 0.125400 0.150900 0.119700 0.096700 0.096600 0.153400 0.149300 0.150100 0.123900
RoeDeer 0.092300 0.368100 0.068900 0.234000 0.120100 0.068800 0.094500 0.092500 0.068900 0.022000 0.068800 0.118800 0.092800 0.090900 0.094000 0.118600 0.091500 0.091500 0.066600 0.092800 0.117700 0.068800 0.044500 0.045500 0.068800 0.068400 0.068800 0.092900 0.118100 0.068900 0.021800 0.144400 0.118600 0.068800 0.068800 0.093200 0.044600 0.120100 0.095500 0.000000 0.066000 0.118800 0.021800 0.045500 0.093200 0.114800 0.092800 0.092600 0.147200 0.092100 0.092600 0.068900
WhiteLippe 0.167200 0.477300 0.142200 0.324800 0.144100 0.142200 0.171200 0.115600 0.142200 0.090300 0.142200 0.197400 0.168100 0.164900 0.170300 0.196700 0.165700 0.165700 0.137600 0.168200 0.195500 0.142200 0.066700 0.117000 0.142200 0.141300 0.142200 0.116100 0.196000 0.142200 0.088800 0.225300 0.196900 0.142200 0.142200 0.168800 0.114900 0.144100 0.172400 0.066000 0.000000 0.197100 0.088800 0.117000 0.168800 0.190300 0.168100 0.167700 0.229000 0.167000 0.115800 0.142200
ThomsonGaz 0.070300 0.339400 0.095400 0.210400 0.096600 0.047300 0.071700 0.070000 0.095400 0.146600 0.046100 0.070600 0.070000 0.069400 0.070900 0.046300 0.068900 0.119000 0.091900 0.069900 0.045800 0.046100 0.174700 0.149600 0.046100 0.045900 0.046100 0.121500 0.046000 0.095400 0.144400 0.120900 0.148000 0.046100 0.046100 0.121000 0.069300 0.097400 0.124200 0.118800 0.197100 0.000000 0.144400 0.149600 0.121000 0.092500 0.022700 0.069900 0.122500 0.069700 0.120600 0.095400
MuntiacusC 0.116700 0.329000 0.092800 0.202200 0.146000 0.092800 0.119600 0.117000 0.092800 0.044300 0.092800 0.144500 0.117400 0.115100 0.118900 0.144100 0.115800 0.067000 0.089700 0.117400 0.143100 0.092800 0.067400 0.069300 0.092800 0.092100 0.092800 0.117600 0.143500 0.092800 0.000000 0.170800 0.144200 0.092800 0.092800 0.117800 0.067500 0.146000 0.120600 0.021800 0.088800 0.144400 0.000000 0.069000 0.117800 0.139400 0.117400 0.117200 0.173600 0.116600 0.117200 0.092800
WhiteTaile 0.120800 0.346300 0.123200 0.211800 0.151400 0.096200 0.124200 0.121200 0.123200 0.070200 0.096200 0.149500 0.121500 0.146200 0.123300 0.149300 0.147300 0.147300 0.118500 0.149600 0.148000 0.096200 0.094500 0.000000 0.096200 0.122200 0.096200 0.149800 0.148600 0.123200 0.068800 0.176900 0.178900 0.096200 0.096200 0.150200 0.095400 0.151400 0.125400 0.045500 0.117000 0.149600 0.069000 0.000000 0.150200 0.143800 0.121500 0.121300 0.180400 0.148400 0.149300 0.123200
Cattle 0.093900 0.374000 0.022600 0.304600 0.095700 0.070100 0.046900 0.094500 0.022600 0.119900 0.070100 0.121100 0.094500 0.092500 0.095800 0.123000 0.093100 0.093100 0.067600 0.045700 0.120300 0.070100 0.119400 0.150200 0.070100 0.069600 0.070100 0.045900 0.120300 0.023100 0.117800 0.094500 0.120500 0.070100 0.070100 0.000000 0.045300 0.095700 0.150900 0.093200 0.168800 0.121000 0.117800 0.150200 0.000000 0.117100 0.094500 0.094300 0.149400 0.093800 0.045600 0.022600
RoyalAntel 0.067400 0.399000 0.092400 0.261100 0.093400 0.044700 0.068900 0.067500 0.092400 0.141500 0.044700 0.092600 0.067800 0.114700 0.068600 0.092300 0.115300 0.115300 0.043400 0.116900 0.091500 0.044700 0.168400 0.143800 0.044700 0.091700 0.044700 0.117100 0.091900 0.092400 0.139400 0.117000 0.143200 0.044700 0.044700 0.117100 0.067200 0.093400 0.119700 0.114800 0.190300 0.092500 0.139400 0.143800 0.117100 0.000000 0.067800 0.067700 0.118500 0.116000 0.116700 0.092400
Steenbok 0.045300 0.302100 0.069900 0.239100 0.070700 0.022500 0.046600 0.045600 0.069900 0.119200 0.022500 0.046000 0.045600 0.044600 0.046200 0.069900 0.044900 0.093000 0.067400 0.045500 0.022400 0.022500 0.146000 0.121500 0.023300 0.069300 0.022500 0.094800 0.069500 0.069900 0.117400 0.094300 0.120300 0.022600 0.023000 0.094500 0.045200 0.070700 0.096700 0.092800 0.168100 0.022700 0.117400 0.121500 0.094500 0.067800 0.000000 0.045500 0.095700 0.093600 0.094100 0.069900
Impala 0.045200 0.374200 0.069700 0.179000 0.070600 0.022500 0.046500 0.045500 0.069700 0.119000 0.022500 0.070100 0.046400 0.044700 0.046100 0.022600 0.092800 0.092800 0.067300 0.094100 0.069400 0.022500 0.145700 0.121300 0.022500 0.069200 0.022700 0.094700 0.069400 0.069700 0.117200 0.094200 0.120100 0.022900 0.022900 0.094300 0.045100 0.070600 0.096600 0.092600 0.167700 0.069900 0.117200 0.121300 0.094300 0.067700 0.045500 0.000000 0.046300 0.093400 0.093900 0.069700
Klipspring 0.095200 0.459400 0.122600 0.243200 0.124000 0.071000 0.098100 0.095700 0.122600 0.122400 0.071000 0.122500 0.095700 0.093800 0.097000 0.071100 0.146600 0.146600 0.118100 0.148800 0.121800 0.071000 0.206300 0.180400 0.071000 0.121700 0.071000 0.149600 0.121900 0.122600 0.173600 0.148900 0.177800 0.071000 0.071000 0.149400 0.095000 0.124000 0.153400 0.147200 0.229000 0.122500 0.173600 0.180400 0.149400 0.118500 0.095700 0.046300 0.000000 0.147600 0.148500 0.122600
ForestMusk 0.092900 0.450900 0.069300 0.237400 0.121100 0.069300 0.095700 0.093600 0.069300 0.118400 0.069300 0.120000 0.093600 0.091700 0.094800 0.069500 0.092600 0.092200 0.066900 0.093600 0.119100 0.069300 0.144900 0.148400 0.070400 0.023000 0.069300 0.094100 0.069100 0.069300 0.116600 0.145600 0.119300 0.069300 0.069300 0.093800 0.045500 0.121100 0.149300 0.092100 0.167000 0.069700 0.116600 0.148400 0.093800 0.116000 0.093600 0.093400 0.147600 0.000000 0.094400 0.069300
Bushbuck 0.093400 0.374200 0.022500 0.304300 0.046200 0.069700 0.046700 0.045600 0.022500 0.119000 0.069700 0.120700 0.094100 0.092200 0.095300 0.120300 0.092200 0.092800 0.067300 0.045500 0.119800 0.069700 0.069000 0.149300 0.069700 0.069200 0.069700 0.000100 0.119600 0.022700 0.117200 0.094200 0.120100 0.069700 0.069700 0.045600 0.045100 0.046200 0.150100 0.092600 0.115800 0.120600 0.117200 0.149300 0.045600 0.116700 0.094100 0.093900 0.148500 0.094400 0.000000 0.022500
GreaterKud 0.069400 0.339600 0.000000 0.272700 0.070800 0.046100 0.023100 0.069900 0.000000 0.094400 0.046100 0.095400 0.069900 0.068400 0.070800 0.095300 0.069200 0.068900 0.044500 0.023000 0.094800 0.046100 0.094000 0.123200 0.046100 0.046900 0.046100 0.022700 0.094800 0.000000 0.092800 0.069900 0.095100 0.046100 0.046100 0.023300 0.022400 0.070800 0.123900 0.068900 0.142200 0.095400 0.092800 0.123200 0.022600 0.092400 0.069900 0.069700 0.122600 0.069300 0.022500 0.000000
