1
52 1
Argali 0.000000 0.228600 0.080300 0.168600 0.057200 0.003200 0.060900 0.061000 0.076900 0.100100 0.020900 0.069900 0.052500 0.054200 0.062900 0.047500 0.106100 0.099400 0.034000 0.078400 0.054300 0.025800 0.100200 0.107100 0.019300 0.052500 0.052500 0.076600 0.050800 0.080300 0.103700 0.050800 0.110300 0.049100 0.050800 0.061000 0.022500 0.053900 0.066100 0.102000 0.100000 0.061000 0.101700 0.098100 0.068000 0.066100 0.062700 0.054100 0.059300 0.062900 0.075100 0.075000
LesserMous 0.228600 0.000000 0.230400 0.219500 0.242400 0.232800 0.232500 0.224800 0.235300 0.249300 0.231100 0.224500 0.232800 0.239200 0.245200 0.228900 0.240800 0.231700 0.218100 0.228500 0.235900 0.220500 0.239200 0.250900 0.229000 0.235000 0.228600 0.230400 0.234700 0.231000 0.253600 0.239100 0.258300 0.224600 0.222000 0.225200 0.230400 0.236200 0.250000 0.247600 0.225800 0.237300 0.250900 0.250800 0.231300 0.236700 0.237700 0.233700 0.247400 0.226000 0.231100 0.226700
LesserKudu 0.080300 0.230400 0.000000 0.151200 0.071600 0.080300 0.075100 0.068100 0.019400 0.093100 0.071700 0.049500 0.076800 0.064800 0.069900 0.064800 0.092100 0.088900 0.071600 0.021000 0.068400 0.069900 0.091400 0.103400 0.070000 0.068200 0.076800 0.016100 0.071800 0.019400 0.093100 0.061300 0.094300 0.073400 0.082000 0.049300 0.073400 0.064700 0.090900 0.098500 0.096600 0.080500 0.091200 0.101900 0.052700 0.083600 0.078700 0.073200 0.077000 0.059500 0.016100 0.017700
KillerWhal 0.168600 0.219500 0.151200 0.000000 0.166400 0.166600 0.159000 0.159200 0.149300 0.169300 0.161100 0.141500 0.151200 0.153000 0.157400 0.159100 0.171500 0.162900 0.155200 0.143300 0.161300 0.162800 0.169700 0.180300 0.159100 0.164900 0.151300 0.145100 0.168700 0.143600 0.171200 0.147300 0.168100 0.157100 0.163100 0.137200 0.164800 0.160500 0.178100 0.157800 0.169200 0.170900 0.171000 0.184300 0.142500 0.179500 0.170600 0.158500 0.166700 0.145600 0.145600 0.141600
DefassaWat 0.057200 0.242400 0.071600 0.166400 0.000000 0.053800 0.052400 0.052500 0.071700 0.087700 0.048800 0.061300 0.053800 0.042400 0.051000 0.042400 0.099000 0.090600 0.052200 0.073200 0.045900 0.050500 0.089300 0.092600 0.047100 0.049100 0.053800 0.071500 0.045800 0.071600 0.087700 0.039000 0.103000 0.050400 0.053700 0.056000 0.050500 0.016000 0.064400 0.087500 0.094700 0.057600 0.089300 0.089300 0.062900 0.057200 0.059300 0.049000 0.054200 0.057700 0.071700 0.069900
Sheep 0.003200 0.232800 0.080300 0.166600 0.053800 0.000000 0.057500 0.057600 0.076900 0.096500 0.020900 0.066400 0.049100 0.050800 0.059500 0.044100 0.102600 0.095800 0.034000 0.078400 0.050900 0.025800 0.098400 0.103500 0.019300 0.049100 0.049100 0.076700 0.047500 0.080300 0.100100 0.047400 0.106700 0.045800 0.050800 0.057600 0.019300 0.050500 0.062700 0.098400 0.096400 0.057600 0.098100 0.094600 0.064500 0.062700 0.059300 0.050700 0.055900 0.059400 0.075200 0.075100
MaxwellsDu 0.060900 0.232500 0.075100 0.159000 0.052400 0.057500 0.000000 0.052500 0.071700 0.098400 0.055900 0.061300 0.049000 0.029100 0.057800 0.045800 0.099100 0.088800 0.055800 0.069800 0.052600 0.054100 0.089400 0.101600 0.054200 0.049100 0.045700 0.071500 0.049200 0.071700 0.098400 0.025800 0.108600 0.049100 0.057500 0.059400 0.052500 0.049100 0.067800 0.092900 0.098200 0.055900 0.100000 0.096300 0.066300 0.064300 0.064500 0.052400 0.054200 0.068000 0.071700 0.069900
GazellaPrz 0.061000 0.224800 0.068100 0.159200 0.052500 0.057600 0.052500 0.000000 0.068200 0.094900 0.052600 0.061400 0.050800 0.045800 0.057900 0.032500 0.099200 0.085400 0.045800 0.069700 0.035900 0.050800 0.096800 0.098300 0.050900 0.039100 0.050800 0.068000 0.035800 0.068100 0.091300 0.042400 0.105100 0.054200 0.059200 0.056000 0.054200 0.049100 0.054200 0.089600 0.094900 0.044200 0.096500 0.100100 0.062900 0.055900 0.045900 0.049100 0.047500 0.061200 0.068200 0.066400
MountainNy 0.076900 0.235300 0.019400 0.149300 0.071700 0.076900 0.071700 0.068200 0.000000 0.086100 0.068300 0.042700 0.069900 0.061300 0.066500 0.061400 0.097400 0.087200 0.068200 0.011300 0.065000 0.066500 0.084400 0.096600 0.066600 0.064800 0.069900 0.006400 0.068300 0.009700 0.086100 0.057900 0.087300 0.066500 0.078600 0.042600 0.070000 0.064800 0.087500 0.087900 0.086000 0.077000 0.084200 0.091300 0.046000 0.080400 0.071800 0.069700 0.070000 0.056100 0.006400 0.011300
MuntiacusM 0.100100 0.249300 0.093100 0.169300 0.087700 0.096500 0.098400 0.094900 0.086100 0.000000 0.091300 0.069500 0.094800 0.087700 0.093100 0.084300 0.099400 0.088900 0.094800 0.087600 0.091500 0.089400 0.052900 0.049300 0.089500 0.084200 0.091200 0.085800 0.087800 0.089600 0.009600 0.084200 0.101900 0.093100 0.091200 0.067700 0.096600 0.085900 0.111000 0.042700 0.057900 0.093200 0.004800 0.052700 0.074800 0.103800 0.105700 0.085600 0.096700 0.068300 0.086100 0.084300
goat 0.020900 0.231100 0.071700 0.161100 0.048800 0.020900 0.055900 0.052600 0.068300 0.091300 0.000000 0.061300 0.044100 0.045800 0.054400 0.042500 0.100900 0.090600 0.025800 0.069800 0.045900 0.017600 0.094900 0.101800 0.004800 0.045800 0.044100 0.068100 0.045800 0.071700 0.094800 0.042400 0.101400 0.040800 0.042400 0.052600 0.017600 0.045500 0.057600 0.093100 0.094700 0.054200 0.092900 0.096500 0.059500 0.057600 0.057700 0.045700 0.050900 0.054400 0.068300 0.066500
AfricanBuf 0.069900 0.224500 0.049500 0.141500 0.061300 0.066400 0.061300 0.061400 0.042700 0.069500 0.061300 0.000000 0.063000 0.054500 0.063000 0.051100 0.086500 0.076600 0.057900 0.041000 0.054600 0.059600 0.075200 0.079800 0.059600 0.051100 0.059600 0.039300 0.054600 0.042700 0.069400 0.051100 0.081900 0.059600 0.064700 0.019400 0.063000 0.057900 0.076900 0.064300 0.080400 0.063100 0.068000 0.074600 0.025900 0.066500 0.071700 0.056000 0.063100 0.045900 0.039400 0.041000
Topi 0.052500 0.232800 0.076800 0.151200 0.053800 0.049100 0.049000 0.050800 0.069900 0.094800 0.044100 0.063000 0.000000 0.047400 0.056100 0.047400 0.095400 0.085200 0.040700 0.071500 0.050900 0.045700 0.093000 0.099900 0.042400 0.054100 0.006300 0.069700 0.050800 0.069900 0.094700 0.044000 0.110300 0.016100 0.032400 0.057600 0.042400 0.050500 0.066100 0.091200 0.101900 0.059300 0.096400 0.094600 0.064500 0.062600 0.064400 0.050700 0.052500 0.066200 0.069900 0.068100
CommonDuik 0.054200 0.239200 0.064800 0.153000 0.042400 0.050800 0.029100 0.045800 0.061300 0.087700 0.045800 0.054500 0.047400 0.000000 0.051000 0.035800 0.093800 0.083600 0.042400 0.062900 0.042500 0.044100 0.089600 0.094700 0.044100 0.042400 0.047400 0.061200 0.042500 0.061300 0.087700 0.016000 0.092500 0.044100 0.052400 0.049200 0.047400 0.035700 0.061000 0.082500 0.091200 0.050900 0.089300 0.089400 0.052600 0.050800 0.052600 0.042300 0.044100 0.057700 0.061400 0.059600
Suni 0.062900 0.245200 0.069900 0.157400 0.051000 0.059500 0.057800 0.057900 0.066500 0.093100 0.054400 0.063000 0.056100 0.051000 0.000000 0.047700 0.093800 0.083600 0.057800 0.068100 0.047800 0.056100 0.091400 0.096400 0.052700 0.051000 0.056100 0.066400 0.051100 0.070000 0.093000 0.044300 0.103200 0.052700 0.061200 0.054300 0.052600 0.045900 0.069900 0.091300 0.100200 0.059400 0.094700 0.087500 0.061200 0.066400 0.061300 0.047500 0.059600 0.056000 0.066500 0.068200
Springbuck 0.047500 0.228900 0.064800 0.159100 0.042400 0.044100 0.045800 0.032500 0.061400 0.084300 0.042500 0.051100 0.047400 0.035800 0.047700 0.000000 0.097400 0.087100 0.042400 0.062900 0.025900 0.044100 0.086100 0.091200 0.040800 0.025900 0.044100 0.061200 0.012900 0.064800 0.080700 0.035800 0.092500 0.044100 0.045700 0.049200 0.044100 0.035800 0.044100 0.082500 0.087700 0.034200 0.085900 0.085900 0.052700 0.049100 0.035800 0.042400 0.047500 0.054400 0.061400 0.059600
Okapi 0.106100 0.240800 0.092100 0.171500 0.099000 0.102600 0.099100 0.099200 0.097400 0.099400 0.100900 0.086500 0.095400 0.093800 0.093800 0.097400 0.000000 0.037000 0.102600 0.099000 0.101100 0.099000 0.103000 0.102800 0.095600 0.093800 0.095400 0.097200 0.101000 0.097400 0.103000 0.083200 0.102600 0.099000 0.100700 0.079500 0.102600 0.095500 0.118800 0.103000 0.115500 0.099200 0.101000 0.109900 0.086500 0.109800 0.104600 0.086400 0.092100 0.076100 0.097400 0.095600
Giraffe 0.099400 0.231700 0.088900 0.162900 0.090600 0.095800 0.088800 0.085400 0.087200 0.088900 0.090600 0.076600 0.085200 0.083600 0.083600 0.087100 0.037000 0.000000 0.092300 0.088700 0.090800 0.092300 0.092700 0.099500 0.088800 0.087100 0.085200 0.086900 0.090700 0.087200 0.092400 0.076600 0.095800 0.088800 0.092200 0.066000 0.092300 0.085300 0.110200 0.087400 0.101500 0.088900 0.090500 0.101400 0.073000 0.104800 0.104900 0.076300 0.085400 0.066100 0.087200 0.085400
TibetanAnt 0.034000 0.218100 0.071600 0.155200 0.052200 0.034000 0.055800 0.045800 0.068200 0.094800 0.025800 0.057900 0.040700 0.042400 0.057800 0.042400 0.102600 0.092300 0.000000 0.069800 0.049200 0.027400 0.094900 0.101500 0.024100 0.052500 0.040800 0.068000 0.049200 0.068200 0.094800 0.045700 0.101300 0.040800 0.045700 0.052600 0.030700 0.045500 0.061000 0.089600 0.091200 0.061000 0.096400 0.096400 0.056000 0.057300 0.057600 0.049000 0.047500 0.064600 0.068200 0.066400
Sitatunga 0.078400 0.228500 0.021000 0.143300 0.073200 0.078400 0.069800 0.069700 0.011300 0.087600 0.069800 0.041000 0.071500 0.062900 0.068100 0.062900 0.099000 0.088700 0.069800 0.000000 0.066500 0.068000 0.085900 0.098100 0.068100 0.066400 0.071500 0.008000 0.069900 0.011300 0.087600 0.059500 0.083600 0.068100 0.080100 0.040800 0.071500 0.066300 0.089000 0.089400 0.087600 0.078600 0.085700 0.089300 0.044200 0.082000 0.069900 0.071300 0.075100 0.054300 0.008000 0.012900
Oribi 0.054300 0.235900 0.068400 0.161300 0.045900 0.050900 0.052600 0.035900 0.065000 0.091500 0.045900 0.054600 0.050900 0.042500 0.047800 0.025900 0.101100 0.090800 0.049200 0.066500 0.000000 0.047500 0.086200 0.098400 0.044200 0.025900 0.050900 0.064800 0.029300 0.068400 0.087900 0.039200 0.101300 0.047500 0.050900 0.052700 0.044200 0.042500 0.047600 0.086200 0.095000 0.034200 0.093100 0.093100 0.059600 0.052600 0.042600 0.045800 0.051000 0.057900 0.065000 0.063200
BarbaryShe 0.025800 0.220500 0.069900 0.162800 0.050500 0.025800 0.054100 0.050800 0.066500 0.089400 0.017600 0.059600 0.045700 0.044100 0.056100 0.044100 0.099000 0.092300 0.027400 0.068000 0.047500 0.000000 0.096600 0.099900 0.016000 0.044100 0.045700 0.066300 0.047500 0.069900 0.093000 0.040700 0.099600 0.039100 0.044100 0.054200 0.025800 0.047100 0.059300 0.094800 0.096400 0.055900 0.091000 0.094600 0.061100 0.055900 0.059300 0.047300 0.052500 0.052600 0.066500 0.064700
Daviddeer 0.100200 0.239200 0.091400 0.169700 0.089300 0.098400 0.089400 0.096800 0.084400 0.052900 0.094900 0.075200 0.093000 0.089600 0.091400 0.086100 0.103000 0.092700 0.094900 0.085900 0.086200 0.096600 0.000000 0.052700 0.093200 0.091300 0.086000 0.084100 0.086100 0.087900 0.052900 0.082500 0.107400 0.089600 0.089500 0.076900 0.096600 0.087500 0.109400 0.042700 0.024400 0.095000 0.054500 0.057900 0.084000 0.109300 0.104100 0.091000 0.095000 0.080500 0.084400 0.082500
Reindeer 0.107100 0.250900 0.103400 0.180300 0.092600 0.103500 0.101600 0.098300 0.096600 0.049300 0.101800 0.079800 0.099900 0.094700 0.096400 0.091200 0.102800 0.099500 0.101500 0.098100 0.098400 0.099900 0.052700 0.000000 0.100000 0.092900 0.096400 0.096300 0.091200 0.100100 0.052700 0.091100 0.114200 0.098200 0.092500 0.081500 0.101500 0.092600 0.117700 0.044000 0.061200 0.100100 0.054300 0.035700 0.088600 0.101600 0.112800 0.095800 0.096500 0.082000 0.096600 0.094700
Ibex 0.019300 0.229000 0.070000 0.159100 0.047100 0.019300 0.054200 0.050900 0.066600 0.089500 0.004800 0.059600 0.042400 0.044100 0.052700 0.040800 0.095600 0.088800 0.024100 0.068100 0.044200 0.016000 0.093200 0.100000 0.000000 0.044100 0.042400 0.066400 0.044200 0.070000 0.093000 0.040700 0.099600 0.039100 0.040800 0.050900 0.016000 0.043800 0.055900 0.091400 0.093000 0.052600 0.091100 0.094700 0.057700 0.055900 0.056000 0.044000 0.049200 0.052700 0.066600 0.064800
GyrantGaze 0.052500 0.235000 0.068200 0.164900 0.049100 0.049100 0.049100 0.039100 0.064800 0.084200 0.045800 0.051100 0.054100 0.042400 0.051000 0.025900 0.093800 0.087100 0.052500 0.066400 0.025900 0.044100 0.091300 0.092900 0.044100 0.000000 0.050800 0.064600 0.027500 0.068300 0.084100 0.039100 0.097900 0.050800 0.052400 0.049200 0.050800 0.042400 0.050800 0.089500 0.096500 0.021000 0.085800 0.087600 0.056000 0.052500 0.045800 0.045700 0.050900 0.054300 0.064800 0.063000
Hartebeest 0.052500 0.228600 0.076800 0.151300 0.053800 0.049100 0.045700 0.050800 0.069900 0.091200 0.044100 0.059600 0.006300 0.047400 0.056100 0.044100 0.095400 0.085200 0.040800 0.071500 0.050900 0.045700 0.086000 0.096400 0.042400 0.050800 0.000000 0.069700 0.047500 0.069900 0.091200 0.044000 0.110300 0.016100 0.029100 0.057600 0.042400 0.050500 0.066100 0.087700 0.098300 0.055900 0.092800 0.091000 0.064500 0.062700 0.064400 0.050700 0.049100 0.066300 0.069900 0.068100
Bongo 0.076600 0.230400 0.016100 0.145100 0.071500 0.076700 0.071500 0.068000 0.006400 0.085800 0.068100 0.039300 0.069700 0.061200 0.066400 0.061200 0.097200 0.086900 0.068000 0.008000 0.064800 0.066300 0.084100 0.096300 0.066400 0.064600 0.069700 0.000000 0.068100 0.003200 0.085800 0.057800 0.087100 0.066300 0.078300 0.039100 0.069800 0.064600 0.087200 0.087600 0.085800 0.076800 0.083900 0.091000 0.042500 0.080200 0.071600 0.069500 0.073300 0.055900 0.003200 0.008000
Gerenuk 0.050800 0.234700 0.071800 0.168700 0.045800 0.047500 0.049200 0.035800 0.068300 0.087800 0.045800 0.054600 0.050800 0.042500 0.051100 0.012900 0.101000 0.090700 0.049200 0.069900 0.029300 0.047500 0.086100 0.091200 0.044200 0.027500 0.047500 0.068100 0.000000 0.071800 0.084200 0.039100 0.099700 0.047500 0.049100 0.052600 0.047500 0.042500 0.047500 0.086100 0.091300 0.035800 0.089500 0.085900 0.059500 0.052500 0.042500 0.045700 0.050900 0.057800 0.068300 0.066500
CommonElan 0.080300 0.231000 0.019400 0.143600 0.071600 0.080300 0.071700 0.068100 0.009700 0.089600 0.071700 0.042700 0.069900 0.061300 0.070000 0.064800 0.097400 0.087200 0.068200 0.011300 0.068400 0.069900 0.087900 0.100100 0.070000 0.068300 0.069900 0.003200 0.071800 0.000000 0.089600 0.061300 0.090800 0.069900 0.082000 0.042600 0.073400 0.068200 0.091000 0.091400 0.089500 0.080500 0.087700 0.094800 0.046000 0.083900 0.075300 0.069700 0.073500 0.059500 0.006400 0.011300
MuntiacusR 0.103700 0.253600 0.093100 0.171200 0.087700 0.100100 0.098400 0.091300 0.086100 0.009600 0.094800 0.069400 0.094700 0.087700 0.093000 0.080700 0.103000 0.092400 0.094800 0.087600 0.087900 0.093000 0.052900 0.052700 0.093000 0.084100 0.091200 0.085800 0.084200 0.089600 0.000000 0.084100 0.101900 0.093000 0.091100 0.071200 0.096500 0.085900 0.107300 0.042700 0.057900 0.089600 0.011200 0.056100 0.078300 0.100100 0.102100 0.089100 0.096700 0.071700 0.086000 0.084200
HarveysDui 0.050800 0.239100 0.061300 0.147300 0.039000 0.047400 0.025800 0.042400 0.057900 0.084200 0.042400 0.051100 0.044000 0.016000 0.044300 0.035800 0.083200 0.076600 0.045700 0.059500 0.039200 0.040700 0.082500 0.091100 0.040700 0.039100 0.044000 0.057800 0.039100 0.061300 0.084100 0.000000 0.090400 0.037400 0.049000 0.045800 0.044100 0.035700 0.057600 0.082500 0.091200 0.044100 0.085800 0.089300 0.052600 0.047400 0.052500 0.042300 0.040800 0.054300 0.057900 0.056200
Pronghorn 0.110300 0.258300 0.094300 0.168100 0.103000 0.106700 0.108600 0.105100 0.087300 0.101900 0.101400 0.081900 0.110300 0.092500 0.103200 0.092500 0.102600 0.095800 0.101300 0.083600 0.101300 0.099600 0.107400 0.114200 0.099600 0.097900 0.110300 0.087100 0.099700 0.090800 0.101900 0.090400 0.000000 0.104900 0.104800 0.078100 0.103100 0.096000 0.117600 0.103700 0.109100 0.103300 0.103500 0.107100 0.078200 0.114000 0.108700 0.095600 0.101400 0.074800 0.087300 0.081900
BlueWildeb 0.049100 0.224600 0.073400 0.157100 0.050400 0.045800 0.049100 0.054200 0.066500 0.093100 0.040800 0.059600 0.016100 0.044100 0.052700 0.044100 0.099000 0.088800 0.040800 0.068100 0.047500 0.039100 0.089600 0.098200 0.039100 0.050800 0.016100 0.066300 0.047500 0.069900 0.093000 0.037400 0.104900 0.000000 0.030800 0.054300 0.039100 0.047000 0.059300 0.089300 0.098400 0.055900 0.094700 0.092900 0.061200 0.059300 0.061100 0.050700 0.052300 0.062900 0.066500 0.064700
Gemsbok 0.050800 0.222000 0.082000 0.163100 0.053700 0.050800 0.057500 0.059200 0.078600 0.091200 0.042400 0.064700 0.032400 0.052400 0.061200 0.045700 0.100700 0.092200 0.045700 0.080100 0.050900 0.044100 0.089500 0.092500 0.040800 0.052400 0.029100 0.078300 0.049100 0.082000 0.091100 0.049000 0.104800 0.030800 0.000000 0.062700 0.044000 0.052100 0.064400 0.087700 0.096400 0.057600 0.092800 0.091000 0.069600 0.064000 0.065800 0.055700 0.057600 0.064500 0.078600 0.076700
Yak 0.061000 0.225200 0.049300 0.137200 0.056000 0.057600 0.059400 0.056000 0.042600 0.067700 0.052600 0.019400 0.057600 0.049200 0.054300 0.049200 0.079500 0.066000 0.052600 0.040800 0.052700 0.054200 0.076900 0.081500 0.050900 0.049200 0.057600 0.039100 0.052600 0.042600 0.071200 0.045800 0.078100 0.054300 0.062700 0.000000 0.057600 0.050900 0.071400 0.066100 0.078600 0.057700 0.065900 0.076300 0.006400 0.064500 0.066300 0.044000 0.057700 0.039000 0.039200 0.040900
BlueSheep 0.022500 0.230400 0.073400 0.164800 0.050500 0.019300 0.052500 0.054200 0.070000 0.096600 0.017600 0.063000 0.042400 0.047400 0.052600 0.044100 0.102600 0.092300 0.030700 0.071500 0.044200 0.025800 0.096600 0.101500 0.016000 0.050800 0.042400 0.069800 0.047500 0.073400 0.096500 0.044100 0.103100 0.039100 0.044000 0.057600 0.000000 0.047100 0.059300 0.093100 0.094600 0.055900 0.098200 0.096400 0.064500 0.059100 0.057600 0.050700 0.052600 0.059500 0.070000 0.068200
BohorReedb 0.053900 0.236200 0.064700 0.160500 0.016000 0.050500 0.049100 0.049100 0.064800 0.085900 0.045500 0.057900 0.050500 0.035700 0.045900 0.035800 0.095500 0.085300 0.045500 0.066300 0.042500 0.047100 0.087500 0.092600 0.043800 0.042400 0.050500 0.064600 0.042500 0.068200 0.085900 0.035700 0.096000 0.047000 0.052100 0.050900 0.047100 0.000000 0.061000 0.084200 0.089400 0.054200 0.087500 0.087500 0.054300 0.053800 0.052500 0.040700 0.050900 0.052600 0.064800 0.063000
KirksDik 0.066100 0.250000 0.090900 0.178100 0.064400 0.062700 0.067800 0.054200 0.087500 0.111000 0.057600 0.076900 0.066100 0.061000 0.069900 0.044100 0.118800 0.110200 0.061000 0.089000 0.047600 0.059300 0.109400 0.117700 0.055900 0.050800 0.066100 0.087200 0.047500 0.091000 0.107300 0.057600 0.117600 0.059300 0.064400 0.071400 0.059300 0.061000 0.000000 0.108900 0.112800 0.059300 0.112600 0.112200 0.078400 0.070700 0.057700 0.064300 0.066200 0.076700 0.087500 0.085600
RoeDeer 0.102000 0.247600 0.098500 0.157800 0.087500 0.098400 0.092900 0.089600 0.087900 0.042700 0.093100 0.064300 0.091200 0.082500 0.091300 0.082500 0.103000 0.087400 0.089600 0.089400 0.086200 0.094800 0.042700 0.044000 0.091400 0.089500 0.087700 0.087600 0.086100 0.091400 0.042700 0.082500 0.103700 0.089300 0.087700 0.066100 0.093100 0.084200 0.108900 0.000000 0.047800 0.093200 0.044300 0.042500 0.073100 0.099900 0.104000 0.083900 0.093000 0.073500 0.087900 0.086000
WhiteLippe 0.100000 0.225800 0.096600 0.169200 0.094700 0.096400 0.098200 0.094900 0.086000 0.057900 0.094700 0.080400 0.101900 0.091200 0.100200 0.087700 0.115500 0.101500 0.091200 0.087600 0.095000 0.096400 0.024400 0.061200 0.093000 0.096500 0.098300 0.085800 0.091300 0.089500 0.057900 0.091200 0.109100 0.098400 0.096400 0.078600 0.094600 0.089400 0.112800 0.047800 0.000000 0.100200 0.059500 0.062900 0.082200 0.111000 0.105700 0.096200 0.103800 0.085700 0.086000 0.084200
ThomsonGaz 0.061000 0.237300 0.080500 0.170900 0.057600 0.057600 0.055900 0.044200 0.077000 0.093200 0.054200 0.063100 0.059300 0.050900 0.059400 0.034200 0.099200 0.088900 0.061000 0.078600 0.034200 0.055900 0.095000 0.100100 0.052600 0.021000 0.055900 0.076800 0.035800 0.080500 0.089600 0.044100 0.103300 0.055900 0.057600 0.057700 0.055900 0.054200 0.059300 0.093200 0.100200 0.000000 0.094800 0.098300 0.064600 0.059300 0.054300 0.054100 0.056000 0.066300 0.077000 0.075200
MuntiacusC 0.101700 0.250900 0.091200 0.171000 0.089300 0.098100 0.100000 0.096500 0.084200 0.004800 0.092900 0.068000 0.096400 0.089300 0.094700 0.085900 0.101000 0.090500 0.096400 0.085700 0.093100 0.091000 0.054500 0.054300 0.091100 0.085800 0.092800 0.083900 0.089500 0.087700 0.011200 0.085800 0.103500 0.094700 0.092800 0.065900 0.098200 0.087500 0.112600 0.044300 0.059500 0.094800 0.000000 0.057700 0.073000 0.105400 0.107300 0.087200 0.098300 0.069900 0.084200 0.085900
WhiteTaile 0.098100 0.250800 0.101900 0.184300 0.089300 0.094600 0.096300 0.100100 0.091300 0.052700 0.096500 0.074600 0.094600 0.089400 0.087500 0.085900 0.109900 0.101400 0.096400 0.089300 0.093100 0.094600 0.057900 0.035700 0.094700 0.087600 0.091000 0.091000 0.085900 0.094800 0.056100 0.089300 0.107100 0.092900 0.091000 0.076300 0.096400 0.087500 0.112200 0.042500 0.062900 0.098300 0.057700 0.000000 0.079900 0.099900 0.100100 0.090800 0.101900 0.069800 0.091300 0.089400
Cattle 0.068000 0.231300 0.052700 0.142500 0.062900 0.064500 0.066300 0.062900 0.046000 0.074800 0.059500 0.025900 0.064500 0.052600 0.061200 0.052700 0.086500 0.073000 0.056000 0.044200 0.059600 0.061100 0.084000 0.088600 0.057700 0.056000 0.064500 0.042500 0.059500 0.046000 0.078300 0.052600 0.078200 0.061200 0.069600 0.006400 0.064500 0.054300 0.078400 0.073100 0.082200 0.064600 0.073000 0.079900 0.000000 0.071500 0.069800 0.050800 0.064700 0.044100 0.042600 0.044300
RoyalAntel 0.066100 0.236700 0.083600 0.179500 0.057200 0.062700 0.064300 0.055900 0.080400 0.103800 0.057600 0.066500 0.062600 0.050800 0.066400 0.049100 0.109800 0.104800 0.057300 0.082000 0.052600 0.055900 0.109300 0.101600 0.055900 0.052500 0.062700 0.080200 0.052500 0.083900 0.100100 0.047400 0.114000 0.059300 0.064000 0.064500 0.059100 0.053800 0.070700 0.099900 0.111000 0.059300 0.105400 0.099900 0.071500 0.000000 0.066100 0.056900 0.062700 0.069700 0.080400 0.078600
Steenbok 0.062700 0.237700 0.078700 0.170600 0.059300 0.059300 0.064500 0.045900 0.071800 0.105700 0.057700 0.071700 0.064400 0.052600 0.061300 0.035800 0.104600 0.104900 0.057600 0.069900 0.042600 0.059300 0.104100 0.112800 0.056000 0.045800 0.064400 0.071600 0.042500 0.075300 0.102100 0.052500 0.108700 0.061100 0.065800 0.066300 0.057600 0.052500 0.057700 0.104000 0.105700 0.054300 0.107300 0.100100 0.069800 0.066100 0.000000 0.059200 0.064500 0.068100 0.071800 0.073500
Impala 0.054100 0.233700 0.073200 0.158500 0.049000 0.050700 0.052400 0.049100 0.069700 0.085600 0.045700 0.056000 0.050700 0.042300 0.047500 0.042400 0.086400 0.076300 0.049000 0.071300 0.045800 0.047300 0.091000 0.095800 0.044000 0.045700 0.050700 0.069500 0.045700 0.069700 0.089100 0.042300 0.095600 0.050700 0.055700 0.044000 0.050700 0.040700 0.064300 0.083900 0.096200 0.054100 0.087200 0.090800 0.050800 0.056900 0.059200 0.000000 0.050800 0.052500 0.069700 0.067900
Klipspring 0.059300 0.247400 0.077000 0.166700 0.054200 0.055900 0.054200 0.047500 0.070000 0.096700 0.050900 0.063100 0.052500 0.044100 0.059600 0.047500 0.092100 0.085400 0.047500 0.075100 0.051000 0.052500 0.095000 0.096500 0.049200 0.050900 0.049100 0.073300 0.050900 0.073500 0.096700 0.040800 0.101400 0.052300 0.057600 0.057700 0.052600 0.050900 0.066200 0.093000 0.103800 0.056000 0.098300 0.101900 0.064700 0.062700 0.064500 0.050800 0.000000 0.066400 0.073500 0.071700
ForestMusk 0.062900 0.226000 0.059500 0.145600 0.057700 0.059400 0.068000 0.061200 0.056100 0.068300 0.054400 0.045900 0.066200 0.057700 0.056000 0.054400 0.076100 0.066100 0.064600 0.054300 0.057900 0.052600 0.080500 0.082000 0.052700 0.054300 0.066300 0.055900 0.057800 0.059500 0.071700 0.054300 0.074800 0.062900 0.064500 0.039000 0.059500 0.052600 0.076700 0.073500 0.085700 0.066300 0.069900 0.069800 0.044100 0.069700 0.068100 0.052500 0.066400 0.000000 0.056100 0.054400
Bushbuck 0.075100 0.231100 0.016100 0.145600 0.071700 0.075200 0.071700 0.068200 0.006400 0.086100 0.068300 0.039400 0.069900 0.061400 0.066500 0.061400 0.097400 0.087200 0.068200 0.008000 0.065000 0.066500 0.084400 0.096600 0.066600 0.064800 0.069900 0.003200 0.068300 0.006400 0.086000 0.057900 0.087300 0.066500 0.078600 0.039200 0.070000 0.064800 0.087500 0.087900 0.086000 0.077000 0.084200 0.091300 0.042600 0.080400 0.071800 0.069700 0.073500 0.056100 0.000000 0.008000
GreaterKud 0.075000 0.226700 0.017700 0.141600 0.069900 0.075100 0.069900 0.066400 0.011300 0.084300 0.066500 0.041000 0.068100 0.059600 0.068200 0.059600 0.095600 0.085400 0.066400 0.012900 0.063200 0.064700 0.082500 0.094700 0.064800 0.063000 0.068100 0.008000 0.066500 0.011300 0.084200 0.056200 0.081900 0.064700 0.076700 0.040900 0.068200 0.063000 0.085600 0.086000 0.084200 0.075200 0.085900 0.089400 0.044300 0.078600 0.073500 0.067900 0.071700 0.054400 0.008000 0.000000
