CODONML (in paml version 4.10.7, June 2023)  /home/rachel/ruminants_paml/6406-phy-tree/ENSBTAT00000004132.fasta.phy
Model: free dN/dS Ratios for branches,  kappa = 2.000 fixed

Codon frequency model: F3x4
ns =  54  ls =  97

Codon usage in sequences
--------------------------------------------------------------------------------------------------------------------------------------
Phe TTT   2   3   2   2   3   3 | Ser TCT   2   1   1   2   1   1 | Tyr TAT   1   1   0   0   1   1 | Cys TGT   2   2   2   2   3   2
    TTC   2   1   2   2   1   1 |     TCC   0   1   1   0   1   1 |     TAC   3   3   4   4   3   3 |     TGC   2   2   2   2   2   2
Leu TTA   1   1   1   1   1   1 |     TCA   2   2   2   2   2   2 | *** TAA   0   0   0   0   0   0 | *** TGA   0   0   0   0   0   0
    TTG   2   2   2   2   2   2 |     TCG   0   0   0   0   0   0 |     TAG   0   0   0   0   0   0 | Trp TGG   0   0   0   0   0   0
--------------------------------------------------------------------------------------------------------------------------------------
Leu CTT   0   0   0   0   0   0 | Pro CCT   3   3   3   3   3   3 | His CAT   0   1   0   0   1   0 | Arg CGT   0   0   0   1   0   0
    CTC   0   1   2   0   0   1 |     CCC   0   0   0   0   1   0 |     CAC   1   0   1   1   1   1 |     CGC   2   2   2   2   2   2
    CTA   0   0   0   0   0   0 |     CCA   1   1   1   1   1   1 | Gln CAA   0   1   0   0   1   0 |     CGA   1   1   1   1   0   1
    CTG   6   6   4   6   6   5 |     CCG   1   1   1   1   0   1 |     CAG   7   5   8   7   7   7 |     CGG   1   2   1   1   1   1
--------------------------------------------------------------------------------------------------------------------------------------
Ile ATT   1   0   1   1   1   1 | Thr ACT   0   0   0   0   1   0 | Asn AAT   1   0   1   1   0   1 | Ser AGT   0   1   0   0   0   1
    ATC   0   0   0   0   0   0 |     ACC   1   1   1   1   0   1 |     AAC   0   0   0   0   0   0 |     AGC   2   1   2   1   1   1
    ATA   1   1   1   1   0   1 |     ACA   0   0   0   0   0   0 | Lys AAA   7   7   7   7   6   6 | Arg AGA   1   1   1   1   1   1
Met ATG   3   2   3   3   3   3 |     ACG   0   1   0   0   0   1 |     AAG   7   7   6   7   7   8 |     AGG   1   0   1   1   1   1
--------------------------------------------------------------------------------------------------------------------------------------
Val GTT   2   3   2   2   2   1 | Ala GCT   1   1   2   2   1   1 | Asp GAT   1   2   1   1   2   3 | Gly GGT   2   2   2   2   1   1
    GTC   0   0   0   0   0   0 |     GCC   2   2   2   1   2   3 |     GAC   3   3   3   3   3   2 |     GGC   0   1   0   0   1   0
    GTA   0   0   0   0   1   0 |     GCA   0   0   0   1   0   0 | Glu GAA   4   2   4   4   3   4 |     GGA   1   1   1   1   1   1
    GTG   3   3   3   4   3   4 |     GCG   3   2   2   1   3   1 |     GAG   5   7   5   5   5   5 |     GGG   3   3   3   3   4   3
--------------------------------------------------------------------------------------------------------------------------------------

--------------------------------------------------------------------------------------------------------------------------------------
Phe TTT   2   2   2   2   2   2 | Ser TCT   1   2   1   1   1   1 | Tyr TAT   0   0   0   0   0   1 | Cys TGT   2   2   2   2   2   2
    TTC   2   2   2   2   2   2 |     TCC   1   0   1   1   1   1 |     TAC   4   4   4   4   4   3 |     TGC   2   2   2   2   2   2
Leu TTA   1   1   1   1   1   1 |     TCA   2   2   2   2   2   2 | *** TAA   0   0   0   0   0   0 | *** TGA   0   0   0   0   0   0
    TTG   1   2   2   2   2   2 |     TCG   0   0   0   0   0   0 |     TAG   0   0   0   0   0   0 | Trp TGG   0   0   0   0   0   0
--------------------------------------------------------------------------------------------------------------------------------------
Leu CTT   0   0   0   0   0   0 | Pro CCT   3   3   3   3   3   3 | His CAT   0   0   0   0   0   0 | Arg CGT   0   0   0   0   0   0
    CTC   0   0   0   0   2   0 |     CCC   0   0   0   0   0   0 |     CAC   1   1   1   1   1   1 |     CGC   2   2   2   2   2   2
    CTA   0   0   0   0   0   0 |     CCA   1   1   1   1   1   1 | Gln CAA   0   0   0   0   1   0 |     CGA   1   1   2   1   1   1
    CTG   7   6   6   6   4   6 |     CCG   1   1   1   1   1   1 |     CAG   8   7   7   7   7   7 |     CGG   1   1   1   1   1   1
--------------------------------------------------------------------------------------------------------------------------------------
Ile ATT   1   1   1   1   1   1 | Thr ACT   0   0   0   1   0   0 | Asn AAT   1   1   1   1   0   1 | Ser AGT   0   0   0   0   1   0
    ATC   0   0   0   0   0   0 |     ACC   1   1   1   1   1   1 |     AAC   0   0   0   0   0   0 |     AGC   2   2   2   2   2   2
    ATA   1   1   1   1   1   1 |     ACA   0   0   0   0   0   0 | Lys AAA   7   7   7   7   7   7 | Arg AGA   1   1   0   1   2   1
Met ATG   3   3   3   3   3   3 |     ACG   0   0   0   0   0   0 |     AAG   6   7   7   7   6   7 |     AGG   1   1   1   1   0   0
--------------------------------------------------------------------------------------------------------------------------------------
Val GTT   2   2   1   2   2   2 | Ala GCT   1   1   1   1   2   2 | Asp GAT   1   1   1   1   1   1 | Gly GGT   2   2   2   1   2   2
    GTC   0   0   1   0   0   0 |     GCC   2   2   2   1   1   1 |     GAC   3   3   3   2   3   3 |     GGC   0   0   0   2   0   0
    GTA   0   0   0   0   0   0 |     GCA   0   0   0   0   0   1 | Glu GAA   4   4   4   4   4   4 |     GGA   1   1   1   1   1   1
    GTG   3   3   3   3   3   3 |     GCG   3   3   3   3   3   2 |     GAG   5   5   5   5   5   5 |     GGG   3   3   3   3   3   4
--------------------------------------------------------------------------------------------------------------------------------------

--------------------------------------------------------------------------------------------------------------------------------------
Phe TTT   2   2   2   2   2   2 | Ser TCT   2   1   1   1   1   1 | Tyr TAT   0   1   0   0   0   0 | Cys TGT   2   2   2   2   2   2
    TTC   2   2   2   2   2   2 |     TCC   0   1   1   1   1   0 |     TAC   4   3   4   4   4   4 |     TGC   2   2   2   2   2   2
Leu TTA   1   1   1   1   1   1 |     TCA   2   2   2   2   2   2 | *** TAA   0   0   0   0   0   0 | *** TGA   0   0   0   0   0   0
    TTG   2   2   2   2   2   2 |     TCG   0   0   0   0   0   0 |     TAG   0   0   0   0   0   0 | Trp TGG   0   0   0   0   0   0
--------------------------------------------------------------------------------------------------------------------------------------
Leu CTT   0   0   0   0   0   0 | Pro CCT   3   3   3   3   3   3 | His CAT   0   0   0   0   0   0 | Arg CGT   0   0   0   0   0   0
    CTC   0   0   0   0   0   0 |     CCC   0   0   0   0   0   0 |     CAC   1   1   1   1   1   1 |     CGC   2   2   2   2   2   2
    CTA   0   0   0   0   0   0 |     CCA   1   1   1   1   1   1 | Gln CAA   0   0   0   0   0   0 |     CGA   1   1   1   2   1   1
    CTG   6   6   6   6   6   6 |     CCG   1   1   1   1   1   1 |     CAG   7   8   7   7   7   7 |     CGG   1   1   1   1   1   1
--------------------------------------------------------------------------------------------------------------------------------------
Ile ATT   1   1   1   1   1   1 | Thr ACT   0   0   0   0   0   0 | Asn AAT   1   1   1   1   1   1 | Ser AGT   0   0   0   0   0   0
    ATC   0   0   0   0   0   0 |     ACC   1   1   1   2   1   2 |     AAC   0   0   0   0   0   0 |     AGC   2   2   2   2   2   2
    ATA   1   1   1   1   1   1 |     ACA   0   0   0   0   0   0 | Lys AAA   7   7   7   7   7   7 | Arg AGA   1   1   1   0   1   1
Met ATG   3   3   3   3   3   3 |     ACG   0   0   0   0   0   0 |     AAG   7   6   7   7   7   7 |     AGG   1   1   1   1   1   1
--------------------------------------------------------------------------------------------------------------------------------------
Val GTT   2   2   2   1   2   2 | Ala GCT   1   1   1   1   1   1 | Asp GAT   1   2   1   1   1   1 | Gly GGT   2   2   2   2   2   2
    GTC   0   0   0   1   0   0 |     GCC   2   2   2   1   2   2 |     GAC   3   2   3   3   3   3 |     GGC   0   0   0   0   0   1
    GTA   0   0   0   0   1   0 |     GCA   0   1   0   0   0   0 | Glu GAA   4   4   3   4   4   4 |     GGA   1   1   1   1   1   1
    GTG   3   3   3   3   2   3 |     GCG   3   3   3   3   3   3 |     GAG   5   4   6   5   5   5 |     GGG   3   3   3   3   3   2
--------------------------------------------------------------------------------------------------------------------------------------

--------------------------------------------------------------------------------------------------------------------------------------
Phe TTT   2   2   2   2   2   2 | Ser TCT   1   1   1   1   1   2 | Tyr TAT   1   0   0   0   0   0 | Cys TGT   2   2   2   2   2   2
    TTC   2   2   2   2   2   2 |     TCC   1   1   1   1   1   0 |     TAC   3   4   4   4   4   4 |     TGC   2   2   2   2   2   2
Leu TTA   1   1   1   1   1   1 |     TCA   2   2   2   2   2   2 | *** TAA   0   0   0   0   0   0 | *** TGA   0   0   0   0   0   0
    TTG   2   2   2   2   2   2 |     TCG   0   0   0   0   0   0 |     TAG   0   0   0   0   0   0 | Trp TGG   0   0   0   0   0   0
--------------------------------------------------------------------------------------------------------------------------------------
Leu CTT   0   0   0   0   0   0 | Pro CCT   3   3   3   3   3   3 | His CAT   0   1   0   0   0   0 | Arg CGT   0   0   0   0   0   0
    CTC   0   0   0   2   0   0 |     CCC   0   0   0   0   1   0 |     CAC   1   1   1   1   1   1 |     CGC   2   2   2   2   2   2
    CTA   0   0   0   0   0   0 |     CCA   1   1   1   1   0   1 | Gln CAA   0   0   0   0   0   0 |     CGA   1   1   1   1   1   1
    CTG   6   6   6   4   6   6 |     CCG   1   1   1   1   1   1 |     CAG   8   7   7   8   6   7 |     CGG   1   1   1   1   2   1
--------------------------------------------------------------------------------------------------------------------------------------
Ile ATT   1   1   1   1   1   1 | Thr ACT   0   0   0   0   1   0 | Asn AAT   1   1   1   0   1   1 | Ser AGT   1   1   0   1   0   0
    ATC   0   0   0   0   0   0 |     ACC   1   1   1   1   1   1 |     AAC   0   0   0   0   0   0 |     AGC   1   1   2   2   2   2
    ATA   0   1   1   1   1   1 |     ACA   0   0   0   0   0   0 | Lys AAA   7   7   7   7   7   7 | Arg AGA   1   1   1   1   1   1
Met ATG   3   3   3   3   3   3 |     ACG   0   0   0   0   0   0 |     AAG   5   6   7   6   7   7 |     AGG   2   1   1   1   1   1
--------------------------------------------------------------------------------------------------------------------------------------
Val GTT   2   2   2   2   2   2 | Ala GCT   1   1   1   2   1   1 | Asp GAT   1   1   1   1   1   1 | Gly GGT   2   2   2   2   2   2
    GTC   0   0   0   0   0   0 |     GCC   2   2   2   1   1   2 |     GAC   3   3   3   3   3   3 |     GGC   0   0   0   0   0   0
    GTA   1   0   0   0   0   0 |     GCA   0   1   0   0   0   0 | Glu GAA   4   4   4   4   4   4 |     GGA   1   1   1   1   1   1
    GTG   3   3   3   3   3   3 |     GCG   3   2   3   3   3   3 |     GAG   5   5   5   5   5   5 |     GGG   3   3   3   3   3   3
--------------------------------------------------------------------------------------------------------------------------------------

--------------------------------------------------------------------------------------------------------------------------------------
Phe TTT   2   2   2   2   2   2 | Ser TCT   1   1   2   1   1   1 | Tyr TAT   0   0   0   0   0   0 | Cys TGT   2   2   2   2   2   2
    TTC   2   2   2   2   2   2 |     TCC   1   1   0   0   1   1 |     TAC   4   4   4   4   4   4 |     TGC   2   2   2   2   2   3
Leu TTA   1   1   1   1   1   1 |     TCA   2   2   2   2   2   2 | *** TAA   0   0   0   0   0   0 | *** TGA   0   0   0   0   0   0
    TTG   2   2   2   2   2   2 |     TCG   0   0   0   0   0   0 |     TAG   0   0   0   0   0   0 | Trp TGG   0   0   0   0   0   0
--------------------------------------------------------------------------------------------------------------------------------------
Leu CTT   0   0   0   0   0   0 | Pro CCT   3   3   3   3   3   3 | His CAT   0   0   0   0   0   0 | Arg CGT   0   0   0   0   0   0
    CTC   0   0   0   0   0   2 |     CCC   0   0   0   0   0   0 |     CAC   1   1   1   1   1   1 |     CGC   2   2   2   2   2   1
    CTA   0   0   0   0   0   0 |     CCA   1   1   1   1   1   1 | Gln CAA   0   0   0   0   0   0 |     CGA   1   1   1   1   1   1
    CTG   6   6   6   6   6   4 |     CCG   1   1   1   1   1   1 |     CAG   7   7   7   7   7   8 |     CGG   1   1   1   1   1   1
--------------------------------------------------------------------------------------------------------------------------------------
Ile ATT   1   1   1   1   1   1 | Thr ACT   0   0   0   0   0   0 | Asn AAT   1   1   1   1   1   0 | Ser AGT   0   0   0   0   0   1
    ATC   0   0   0   0   0   0 |     ACC   1   1   1   2   1   1 |     AAC   0   0   0   0   0   0 |     AGC   2   2   2   2   2   2
    ATA   1   1   1   1   1   1 |     ACA   0   0   0   0   0   0 | Lys AAA   7   7   7   7   7   7 | Arg AGA   1   1   1   1   1   1
Met ATG   3   3   3   3   3   3 |     ACG   0   0   0   0   0   0 |     AAG   7   7   7   7   7   6 |     AGG   1   1   1   1   1   1
--------------------------------------------------------------------------------------------------------------------------------------
Val GTT   2   2   2   2   2   2 | Ala GCT   1   2   1   1   1   2 | Asp GAT   1   1   1   2   1   1 | Gly GGT   2   2   2   2   2   2
    GTC   0   0   0   0   0   0 |     GCC   2   1   2   2   2   1 |     GAC   3   3   3   2   3   3 |     GGC   0   0   0   0   0   0
    GTA   0   0   0   0   0   0 |     GCA   0   0   0   0   0   0 | Glu GAA   3   4   4   4   4   4 |     GGA   1   1   1   1   1   1
    GTG   3   4   3   3   4   4 |     GCG   3   2   3   3   2   2 |     GAG   6   5   5   5   5   5 |     GGG   3   3   3   3   3   3
--------------------------------------------------------------------------------------------------------------------------------------

--------------------------------------------------------------------------------------------------------------------------------------
Phe TTT   2   2   2   2   2   2 | Ser TCT   1   1   1   1   1   1 | Tyr TAT   0   0   0   0   0   0 | Cys TGT   2   2   2   2   2   2
    TTC   2   2   2   2   2   2 |     TCC   1   1   1   1   1   1 |     TAC   4   4   4   4   4   4 |     TGC   2   2   2   2   2   2
Leu TTA   0   1   1   1   1   1 |     TCA   2   2   2   2   2   2 | *** TAA   0   0   0   0   0   0 | *** TGA   0   0   0   0   0   0
    TTG   2   2   2   2   2   2 |     TCG   0   0   0   0   0   0 |     TAG   0   0   0   0   0   0 | Trp TGG   0   0   0   0   0   0
--------------------------------------------------------------------------------------------------------------------------------------
Leu CTT   0   0   0   0   0   0 | Pro CCT   3   3   3   3   3   3 | His CAT   0   0   0   0   0   0 | Arg CGT   0   0   0   0   0   0
    CTC   0   2   0   0   0   0 |     CCC   0   0   0   0   1   0 |     CAC   1   1   1   1   1   1 |     CGC   2   2   2   2   2   2
    CTA   0   0   1   0   0   0 |     CCA   1   1   1   1   1   1 | Gln CAA   0   0   0   0   0   0 |     CGA   1   1   1   2   1   1
    CTG   6   4   4   6   6   6 |     CCG   1   1   1   1   1   1 |     CAG   7   8   7   7   6   7 |     CGG   1   1   1   1   2   1
--------------------------------------------------------------------------------------------------------------------------------------
Ile ATT   1   1   1   1   1   1 | Thr ACT   0   0   0   0   0   0 | Asn AAT   2   0   1   1   1   1 | Ser AGT   0   1   0   0   1   0
    ATC   0   0   0   0   0   0 |     ACC   1   1   1   1   1   1 |     AAC   0   0   0   0   0   0 |     AGC   2   2   2   2   1   2
    ATA   1   1   1   1   0   1 |     ACA   0   0   0   0   0   0 | Lys AAA   6   7   7   7   7   7 | Arg AGA   1   1   1   0   1   1
Met ATG   3   3   3   3   3   3 |     ACG   0   0   0   0   0   0 |     AAG   7   6   7   7   7   7 |     AGG   1   1   0   1   1   1
--------------------------------------------------------------------------------------------------------------------------------------
Val GTT   2   2   2   1   2   2 | Ala GCT   1   2   2   1   1   1 | Asp GAT   1   1   1   1   1   1 | Gly GGT   2   2   2   2   1   2
    GTC   0   0   0   1   0   0 |     GCC   2   1   1   2   1   2 |     GAC   3   3   3   3   3   3 |     GGC   1   0   0   0   1   0
    GTA   1   0   0   0   1   0 |     GCA   0   1   0   0   0   0 | Glu GAA   4   4   4   4   4   4 |     GGA   1   1   1   2   1   1
    GTG   3   3   4   3   3   3 |     GCG   3   2   3   3   3   3 |     GAG   5   5   5   5   5   5 |     GGG   2   3   4   2   3   3
--------------------------------------------------------------------------------------------------------------------------------------

--------------------------------------------------------------------------------------------------------------------------------------
Phe TTT   2   2   2   2   2   2 | Ser TCT   1   1   2   1   1   2 | Tyr TAT   0   0   0   0   0   1 | Cys TGT   2   2   2   2   2   2
    TTC   2   2   2   2   2   2 |     TCC   1   1   0   1   0   0 |     TAC   4   4   4   4   4   3 |     TGC   2   2   2   2   2   2
Leu TTA   1   1   1   1   1   1 |     TCA   2   2   2   2   2   2 | *** TAA   0   0   0   0   0   0 | *** TGA   0   0   0   0   0   0
    TTG   2   3   2   2   2   2 |     TCG   0   0   0   0   0   0 |     TAG   0   0   0   0   0   0 | Trp TGG   0   0   0   0   0   0
--------------------------------------------------------------------------------------------------------------------------------------
Leu CTT   0   0   0   0   0   0 | Pro CCT   3   3   3   3   3   3 | His CAT   0   0   0   0   0   0 | Arg CGT   0   0   0   0   0   0
    CTC   0   0   0   0   0   0 |     CCC   0   0   0   0   1   0 |     CAC   1   1   1   1   1   1 |     CGC   1   2   2   2   2   1
    CTA   0   0   1   0   1   0 |     CCA   1   1   1   1   1   1 | Gln CAA   0   0   0   0   1   0 |     CGA   2   1   1   1   1   2
    CTG   6   5   5   7   5   6 |     CCG   1   1   1   1   0   1 |     CAG   6   8   7   7   6   7 |     CGG   2   1   1   1   1   1
--------------------------------------------------------------------------------------------------------------------------------------
Ile ATT   1   1   1   1   1   1 | Thr ACT   0   0   0   0   0   1 | Asn AAT   1   1   1   1   1   1 | Ser AGT   0   0   0   0   0   0
    ATC   0   0   0   0   1   0 |     ACC   1   1   1   1   2   0 |     AAC   0   0   0   0   0   0 |     AGC   2   2   2   2   2   2
    ATA   1   1   1   1   0   1 |     ACA   0   0   0   0   0   0 | Lys AAA   6   7   7   7   7   7 | Arg AGA   1   1   1   1   1   1
Met ATG   3   3   3   2   3   3 |     ACG   0   0   0   0   0   0 |     AAG   8   6   7   7   6   7 |     AGG   1   1   1   1   2   1
--------------------------------------------------------------------------------------------------------------------------------------
Val GTT   2   2   2   2   2   2 | Ala GCT   1   1   1   1   1   1 | Asp GAT   1   1   1   1   1   1 | Gly GGT   2   2   2   2   2   2
    GTC   0   0   0   0   0   0 |     GCC   2   2   2   2   2   2 |     GAC   2   3   3   3   3   3 |     GGC   1   0   0   0   0   0
    GTA   0   0   0   0   0   0 |     GCA   0   0   0   0   1   0 | Glu GAA   3   4   4   4   3   4 |     GGA   1   1   1   1   1   1
    GTG   3   3   3   3   3   3 |     GCG   3   4   3   3   2   3 |     GAG   6   4   5   5   6   5 |     GGG   3   3   3   3   3   3
--------------------------------------------------------------------------------------------------------------------------------------

--------------------------------------------------------------------------------------------------------------------------------------
Phe TTT   2   3   2   2   2   2 | Ser TCT   1   1   1   1   1   2 | Tyr TAT   0   0   1   0   0   1 | Cys TGT   2   2   2   2   2   2
    TTC   2   1   2   2   2   2 |     TCC   1   0   1   1   1   0 |     TAC   4   4   3   4   4   3 |     TGC   2   2   2   2   2   2
Leu TTA   1   1   1   1   1   1 |     TCA   2   2   2   2   2   2 | *** TAA   0   0   0   0   0   0 | *** TGA   0   0   0   0   0   0
    TTG   2   2   2   2   2   2 |     TCG   0   0   0   0   0   0 |     TAG   0   0   0   0   0   0 | Trp TGG   0   0   0   0   0   0
--------------------------------------------------------------------------------------------------------------------------------------
Leu CTT   0   0   0   0   0   0 | Pro CCT   3   3   3   3   3   3 | His CAT   0   0   0   0   0   0 | Arg CGT   0   0   0   0   0   0
    CTC   0   0   0   0   0   0 |     CCC   0   0   0   0   0   0 |     CAC   1   1   1   1   1   1 |     CGC   2   2   2   2   2   2
    CTA   0   0   0   0   0   0 |     CCA   1   1   1   1   1   1 | Gln CAA   0   0   0   0   0   0 |     CGA   1   1   1   1   1   1
    CTG   6   6   6   6   6   6 |     CCG   1   1   1   1   1   1 |     CAG   7   7   7   7   8   7 |     CGG   1   1   1   1   1   1
--------------------------------------------------------------------------------------------------------------------------------------
Ile ATT   1   1   1   1   1   1 | Thr ACT   0   0   0   0   0   0 | Asn AAT   1   1   1   1   1   1 | Ser AGT   0   0   0   0   0   0
    ATC   0   0   0   0   0   0 |     ACC   1   2   1   1   1   1 |     AAC   0   0   0   0   0   0 |     AGC   2   2   2   2   2   2
    ATA   1   1   1   1   1   1 |     ACA   0   0   0   0   0   0 | Lys AAA   7   7   7   7   7   6 | Arg AGA   1   1   1   1   1   2
Met ATG   3   3   3   3   3   3 |     ACG   0   0   0   0   0   0 |     AAG   7   7   7   7   6   7 |     AGG   1   1   0   1   1   1
--------------------------------------------------------------------------------------------------------------------------------------
Val GTT   2   2   2   2   2   3 | Ala GCT   1   1   2   1   1   1 | Asp GAT   1   2   1   1   1   1 | Gly GGT   2   2   2   2   2   2
    GTC   0   0   0   0   0   0 |     GCC   2   2   1   2   2   1 |     GAC   3   2   3   3   3   3 |     GGC   0   0   0   0   0   0
    GTA   0   0   0   0   0   0 |     GCA   0   0   0   0   0   0 | Glu GAA   3   5   4   4   4   4 |     GGA   1   1   1   1   1   1
    GTG   3   3   3   3   3   3 |     GCG   3   3   3   3   4   3 |     GAG   6   4   5   5   4   5 |     GGG   3   3   4   3   3   3
--------------------------------------------------------------------------------------------------------------------------------------

--------------------------------------------------------------------------------------------------------------------------------------
Phe TTT   2   2   3   2   2   2 | Ser TCT   1   1   1   2   1   1 | Tyr TAT   0   0   0   0   0   0 | Cys TGT   1   2   1   2   2   2
    TTC   2   2   2   2   2   2 |     TCC   1   1   1   0   1   1 |     TAC   4   4   4   4   4   4 |     TGC   3   2   2   2   2   2
Leu TTA   1   1   1   1   1   1 |     TCA   2   2   2   2   2   2 | *** TAA   0   0   0   0   0   0 | *** TGA   0   0   0   0   0   0
    TTG   2   3   2   2   2   2 |     TCG   0   0   0   0   0   0 |     TAG   0   0   0   0   0   0 | Trp TGG   0   0   0   0   0   0
--------------------------------------------------------------------------------------------------------------------------------------
Leu CTT   0   0   0   0   0   0 | Pro CCT   3   3   3   3   3   3 | His CAT   0   0   0   0   0   0 | Arg CGT   0   0   0   1   0   0
    CTC   0   0   0   0   2   2 |     CCC   0   0   0   0   0   0 |     CAC   1   1   1   1   1   1 |     CGC   2   2   2   2   2   2
    CTA   0   0   0   0   0   0 |     CCA   1   1   1   1   1   1 | Gln CAA   0   0   1   0   0   0 |     CGA   1   1   1   1   1   1
    CTG   6   5   6   6   4   4 |     CCG   1   1   1   1   0   1 |     CAG   7   7   6   7   8   8 |     CGG   2   1   1   1   2   1
--------------------------------------------------------------------------------------------------------------------------------------
Ile ATT   1   1   0   1   1   1 | Thr ACT   0   0   1   0   0   0 | Asn AAT   1   1   1   1   0   0 | Ser AGT   0   0   0   0   1   1
    ATC   0   0   0   0   0   0 |     ACC   2   1   0   1   1   1 |     AAC   0   0   0   0   0   0 |     AGC   2   2   2   1   2   2
    ATA   1   1   1   1   1   1 |     ACA   0   0   0   0   0   0 | Lys AAA   7   8   7   7   7   7 | Arg AGA   1   1   1   1   1   1
Met ATG   3   3   3   3   3   3 |     ACG   0   0   0   0   0   0 |     AAG   7   6   7   7   6   6 |     AGG   0   1   1   1   1   1
--------------------------------------------------------------------------------------------------------------------------------------
Val GTT   2   2   3   2   2   2 | Ala GCT   1   1   1   2   2   2 | Asp GAT   1   1   2   1   1   1 | Gly GGT   2   2   2   2   2   2
    GTC   0   0   0   0   0   0 |     GCC   1   2   2   1   1   1 |     GAC   3   3   2   3   3   3 |     GGC   0   0   0   0   0   0
    GTA   0   0   0   0   0   0 |     GCA   0   1   0   1   0   0 | Glu GAA   4   4   4   4   4   4 |     GGA   1   1   1   1   1   1
    GTG   3   3   3   4   3   3 |     GCG   3   2   3   1   3   3 |     GAG   5   5   5   5   5   5 |     GGG   3   3   3   3   3   3
--------------------------------------------------------------------------------------------------------------------------------------

Codon position x base (3x4) table for each sequence.

#1: Argali         
position  1:    T:0.19588    C:0.23711    A:0.25773    G:0.30928
position  2:    T:0.23711    C:0.16495    A:0.41237    G:0.18557
position  3:    T:0.18557    C:0.18557    A:0.19588    G:0.43299
Average         T:0.20619    C:0.19588    A:0.28866    G:0.30928

#2: LesserMouseDeer
position  1:    T:0.19588    C:0.24742    A:0.22680    G:0.32990
position  2:    T:0.23711    C:0.16495    A:0.40206    G:0.19588
position  3:    T:0.20619    C:0.18557    A:0.18557    G:0.42268
Average         T:0.21306    C:0.19931    A:0.27148    G:0.31615

#3: LesserKudu     
position  1:    T:0.19588    C:0.24742    A:0.24742    G:0.30928
position  2:    T:0.23711    C:0.16495    A:0.41237    G:0.18557
position  3:    T:0.17526    C:0.22680    A:0.19588    G:0.40206
Average         T:0.20275    C:0.21306    A:0.28522    G:0.29897

#4: ForestMuskDeer2
position  1:    T:0.19588    C:0.24742    A:0.24742    G:0.30928
position  2:    T:0.24742    C:0.15464    A:0.41237    G:0.18557
position  3:    T:0.19588    C:0.17526    A:0.20619    G:0.42268
Average         T:0.21306    C:0.19244    A:0.28866    G:0.30584

#5: Camel          
position  1:    T:0.20619    C:0.24742    A:0.21649    G:0.32990
position  2:    T:0.23711    C:0.16495    A:0.41237    G:0.18557
position  3:    T:0.20619    C:0.18557    A:0.17526    G:0.43299
Average         T:0.21649    C:0.19931    A:0.26804    G:0.31615

#6: KillerWhale    
position  1:    T:0.19588    C:0.23711    A:0.26804    G:0.29897
position  2:    T:0.23711    C:0.16495    A:0.42268    G:0.17526
position  3:    T:0.19588    C:0.18557    A:0.18557    G:0.43299
Average         T:0.20962    C:0.19588    A:0.29210    G:0.30241

#7: DefassaWaterbuck
position  1:    T:0.18557    C:0.25773    A:0.24742    G:0.30928
position  2:    T:0.23711    C:0.16495    A:0.41237    G:0.18557
position  3:    T:0.16495    C:0.20619    A:0.19588    G:0.43299
Average         T:0.19588    C:0.20962    A:0.28522    G:0.30928

#8: Sheep          
position  1:    T:0.19588    C:0.23711    A:0.25773    G:0.30928
position  2:    T:0.23711    C:0.16495    A:0.41237    G:0.18557
position  3:    T:0.17526    C:0.19588    A:0.19588    G:0.43299
Average         T:0.20275    C:0.19931    A:0.28866    G:0.30928

#9: MaxwellsDuiker 
position  1:    T:0.19588    C:0.24742    A:0.24742    G:0.30928
position  2:    T:0.23711    C:0.16495    A:0.41237    G:0.18557
position  3:    T:0.15464    C:0.21649    A:0.19588    G:0.43299
Average         T:0.19588    C:0.20962    A:0.28522    G:0.30928

#10: GazellaPrzewalskyi
position  1:    T:0.19588    C:0.23711    A:0.26804    G:0.29897
position  2:    T:0.23711    C:0.16495    A:0.40206    G:0.19588
position  3:    T:0.16495    C:0.20619    A:0.19588    G:0.43299
Average         T:0.19931    C:0.20275    A:0.28866    G:0.30928

#11: MountainNyala  
position  1:    T:0.19588    C:0.24742    A:0.24742    G:0.30928
position  2:    T:0.23711    C:0.16495    A:0.40206    G:0.19588
position  3:    T:0.17526    C:0.21649    A:0.21649    G:0.39175
Average         T:0.20275    C:0.20962    A:0.28866    G:0.29897

#12: MuntiacusMuntjak
position  1:    T:0.19588    C:0.23711    A:0.24742    G:0.31959
position  2:    T:0.23711    C:0.16495    A:0.41237    G:0.18557
position  3:    T:0.18557    C:0.18557    A:0.20619    G:0.42268
Average         T:0.20619    C:0.19588    A:0.28866    G:0.30928

#13: goat           
position  1:    T:0.19588    C:0.23711    A:0.25773    G:0.30928
position  2:    T:0.23711    C:0.16495    A:0.41237    G:0.18557
position  3:    T:0.17526    C:0.19588    A:0.19588    G:0.43299
Average         T:0.20275    C:0.19931    A:0.28866    G:0.30928

#14: AfricanBuffalo 
position  1:    T:0.19588    C:0.24742    A:0.24742    G:0.30928
position  2:    T:0.23711    C:0.17526    A:0.40206    G:0.18557
position  3:    T:0.18557    C:0.18557    A:0.20619    G:0.42268
Average         T:0.20619    C:0.20275    A:0.28522    G:0.30584

#15: Topi           
position  1:    T:0.19588    C:0.23711    A:0.25773    G:0.30928
position  2:    T:0.23711    C:0.16495    A:0.41237    G:0.18557
position  3:    T:0.16495    C:0.20619    A:0.18557    G:0.44330
Average         T:0.19931    C:0.20275    A:0.28522    G:0.31271

#16: CommonDuiker   
position  1:    T:0.19588    C:0.24742    A:0.25773    G:0.29897
position  2:    T:0.23711    C:0.16495    A:0.41237    G:0.18557
position  3:    T:0.15464    C:0.21649    A:0.19588    G:0.43299
Average         T:0.19588    C:0.20962    A:0.28866    G:0.30584

#17: Suni           
position  1:    T:0.19588    C:0.23711    A:0.25773    G:0.30928
position  2:    T:0.23711    C:0.16495    A:0.41237    G:0.18557
position  3:    T:0.16495    C:0.20619    A:0.20619    G:0.42268
Average         T:0.19931    C:0.20275    A:0.29210    G:0.30584

#18: Springbuck     
position  1:    T:0.18557    C:0.23711    A:0.26804    G:0.30928
position  2:    T:0.23711    C:0.16495    A:0.41237    G:0.18557
position  3:    T:0.16495    C:0.21649    A:0.19588    G:0.42268
Average         T:0.19588    C:0.20619    A:0.29210    G:0.30584

#19: Okapi          
position  1:    T:0.19588    C:0.24742    A:0.23711    G:0.31959
position  2:    T:0.23711    C:0.16495    A:0.40206    G:0.19588
position  3:    T:0.18557    C:0.18557    A:0.19588    G:0.43299
Average         T:0.20619    C:0.19931    A:0.27835    G:0.31615

#20: Giraffe        
position  1:    T:0.19588    C:0.24742    A:0.24742    G:0.30928
position  2:    T:0.23711    C:0.16495    A:0.41237    G:0.18557
position  3:    T:0.18557    C:0.19588    A:0.20619    G:0.41237
Average         T:0.20619    C:0.20275    A:0.28866    G:0.30241

#21: TibetanAntelope
position  1:    T:0.19588    C:0.23711    A:0.25773    G:0.30928
position  2:    T:0.23711    C:0.16495    A:0.41237    G:0.18557
position  3:    T:0.16495    C:0.20619    A:0.19588    G:0.43299
Average         T:0.19931    C:0.20275    A:0.28866    G:0.30928

#22: Sitatunga      
position  1:    T:0.19588    C:0.24742    A:0.24742    G:0.30928
position  2:    T:0.23711    C:0.16495    A:0.40206    G:0.19588
position  3:    T:0.17526    C:0.21649    A:0.19588    G:0.41237
Average         T:0.20275    C:0.20962    A:0.28179    G:0.30584

#23: Oribi          
position  1:    T:0.19588    C:0.23711    A:0.26804    G:0.29897
position  2:    T:0.23711    C:0.16495    A:0.40206    G:0.19588
position  3:    T:0.17526    C:0.20619    A:0.18557    G:0.43299
Average         T:0.20275    C:0.20275    A:0.28522    G:0.30928

#24: BarbarySheep   
position  1:    T:0.19588    C:0.23711    A:0.25773    G:0.30928
position  2:    T:0.23711    C:0.16495    A:0.41237    G:0.18557
position  3:    T:0.17526    C:0.19588    A:0.19588    G:0.43299
Average         T:0.20275    C:0.19931    A:0.28866    G:0.30928

#25: Daviddeer      
position  1:    T:0.19588    C:0.23711    A:0.25773    G:0.30928
position  2:    T:0.23711    C:0.16495    A:0.41237    G:0.18557
position  3:    T:0.16495    C:0.20619    A:0.18557    G:0.44330
Average         T:0.19931    C:0.20275    A:0.28522    G:0.31271

#26: Reindeer       
position  1:    T:0.19588    C:0.23711    A:0.25773    G:0.30928
position  2:    T:0.24742    C:0.15464    A:0.41237    G:0.18557
position  3:    T:0.17526    C:0.19588    A:0.19588    G:0.43299
Average         T:0.20619    C:0.19588    A:0.28866    G:0.30928

#27: Ibex           
position  1:    T:0.19588    C:0.23711    A:0.25773    G:0.30928
position  2:    T:0.23711    C:0.16495    A:0.41237    G:0.18557
position  3:    T:0.17526    C:0.19588    A:0.19588    G:0.43299
Average         T:0.20275    C:0.19931    A:0.28866    G:0.30928

#28: GyrantGazelle  
position  1:    T:0.18557    C:0.23711    A:0.26804    G:0.30928
position  2:    T:0.23711    C:0.16495    A:0.41237    G:0.18557
position  3:    T:0.17526    C:0.19588    A:0.19588    G:0.43299
Average         T:0.19931    C:0.19931    A:0.29210    G:0.30928

#29: Hartebeest     
position  1:    T:0.19588    C:0.23711    A:0.25773    G:0.30928
position  2:    T:0.24742    C:0.15464    A:0.41237    G:0.18557
position  3:    T:0.16495    C:0.20619    A:0.19588    G:0.43299
Average         T:0.20275    C:0.19931    A:0.28866    G:0.30928

#30: Bongo          
position  1:    T:0.20619    C:0.23711    A:0.24742    G:0.30928
position  2:    T:0.24742    C:0.15464    A:0.40206    G:0.19588
position  3:    T:0.17526    C:0.21649    A:0.19588    G:0.41237
Average         T:0.20962    C:0.20275    A:0.28179    G:0.30584

#31: Gerenuk        
position  1:    T:0.18557    C:0.23711    A:0.25773    G:0.31959
position  2:    T:0.23711    C:0.16495    A:0.41237    G:0.18557
position  3:    T:0.17526    C:0.21649    A:0.18557    G:0.42268
Average         T:0.19931    C:0.20619    A:0.28522    G:0.30928

#32: CommonEland    
position  1:    T:0.19588    C:0.24742    A:0.24742    G:0.30928
position  2:    T:0.23711    C:0.16495    A:0.40206    G:0.19588
position  3:    T:0.17526    C:0.21649    A:0.20619    G:0.40206
Average         T:0.20275    C:0.20962    A:0.28522    G:0.30241

#33: MuntiacusReevesi
position  1:    T:0.19588    C:0.22680    A:0.24742    G:0.32990
position  2:    T:0.23711    C:0.16495    A:0.41237    G:0.18557
position  3:    T:0.17526    C:0.19588    A:0.20619    G:0.42268
Average         T:0.20275    C:0.19588    A:0.28866    G:0.31271

#34: HarveysDuiker  
position  1:    T:0.19588    C:0.24742    A:0.24742    G:0.30928
position  2:    T:0.23711    C:0.16495    A:0.41237    G:0.18557
position  3:    T:0.15464    C:0.21649    A:0.20619    G:0.42268
Average         T:0.19588    C:0.20962    A:0.28866    G:0.30584

#35: Pronghorn      
position  1:    T:0.19588    C:0.24742    A:0.24742    G:0.30928
position  2:    T:0.23711    C:0.16495    A:0.40206    G:0.19588
position  3:    T:0.16495    C:0.20619    A:0.19588    G:0.43299
Average         T:0.19931    C:0.20619    A:0.28179    G:0.31271

#36: BlueWildebeest 
position  1:    T:0.19588    C:0.23711    A:0.25773    G:0.30928
position  2:    T:0.23711    C:0.16495    A:0.41237    G:0.18557
position  3:    T:0.16495    C:0.20619    A:0.19588    G:0.43299
Average         T:0.19931    C:0.20275    A:0.28866    G:0.30928

#37: Gemsbok        
position  1:    T:0.19588    C:0.23711    A:0.25773    G:0.30928
position  2:    T:0.23711    C:0.16495    A:0.39175    G:0.20619
position  3:    T:0.16495    C:0.19588    A:0.18557    G:0.45361
Average         T:0.19931    C:0.19931    A:0.27835    G:0.32302

#38: Yak            
position  1:    T:0.20619    C:0.23711    A:0.24742    G:0.30928
position  2:    T:0.23711    C:0.17526    A:0.40206    G:0.18557
position  3:    T:0.16495    C:0.20619    A:0.19588    G:0.43299
Average         T:0.20275    C:0.20619    A:0.28179    G:0.30928

#39: BlueSheep      
position  1:    T:0.19588    C:0.23711    A:0.25773    G:0.30928
position  2:    T:0.23711    C:0.16495    A:0.41237    G:0.18557
position  3:    T:0.17526    C:0.19588    A:0.20619    G:0.42268
Average         T:0.20275    C:0.19931    A:0.29210    G:0.30584

#40: BohorReedbuck  
position  1:    T:0.19588    C:0.24742    A:0.24742    G:0.30928
position  2:    T:0.23711    C:0.16495    A:0.41237    G:0.18557
position  3:    T:0.16495    C:0.20619    A:0.19588    G:0.43299
Average         T:0.19931    C:0.20619    A:0.28522    G:0.30928

#41: KirksDik       
position  1:    T:0.18557    C:0.23711    A:0.26804    G:0.30928
position  2:    T:0.23711    C:0.16495    A:0.40206    G:0.19588
position  3:    T:0.16495    C:0.22680    A:0.20619    G:0.40206
Average         T:0.19588    C:0.20962    A:0.29210    G:0.30241

#42: RoeDeer        
position  1:    T:0.19588    C:0.23711    A:0.25773    G:0.30928
position  2:    T:0.23711    C:0.16495    A:0.41237    G:0.18557
position  3:    T:0.19588    C:0.16495    A:0.20619    G:0.43299
Average         T:0.20962    C:0.18900    A:0.29210    G:0.30928

#43: WhiteLippedDeer
position  1:    T:0.19588    C:0.23711    A:0.25773    G:0.30928
position  2:    T:0.23711    C:0.16495    A:0.41237    G:0.18557
position  3:    T:0.16495    C:0.20619    A:0.18557    G:0.44330
Average         T:0.19931    C:0.20275    A:0.28522    G:0.31271

#44: ThomsonGazelle 
position  1:    T:0.18557    C:0.23711    A:0.26804    G:0.30928
position  2:    T:0.23711    C:0.16495    A:0.41237    G:0.18557
position  3:    T:0.18557    C:0.18557    A:0.20619    G:0.42268
Average         T:0.20275    C:0.19588    A:0.29553    G:0.30584

#45: MuntiacusCrinifrons
position  1:    T:0.19588    C:0.23711    A:0.24742    G:0.31959
position  2:    T:0.23711    C:0.16495    A:0.41237    G:0.18557
position  3:    T:0.18557    C:0.18557    A:0.19588    G:0.43299
Average         T:0.20619    C:0.19588    A:0.28522    G:0.31271

#46: WhiteTailedDeer
position  1:    T:0.19588    C:0.23711    A:0.25773    G:0.30928
position  2:    T:0.23711    C:0.16495    A:0.41237    G:0.18557
position  3:    T:0.16495    C:0.20619    A:0.19588    G:0.43299
Average         T:0.19931    C:0.20275    A:0.28866    G:0.30928

#47: Cattle         
position  1:    T:0.19588    C:0.24742    A:0.24742    G:0.30928
position  2:    T:0.23711    C:0.17526    A:0.40206    G:0.18557
position  3:    T:0.16495    C:0.20619    A:0.19588    G:0.43299
Average         T:0.19931    C:0.20962    A:0.28179    G:0.30928

#48: RoyalAntelope  
position  1:    T:0.19588    C:0.23711    A:0.25773    G:0.30928
position  2:    T:0.24742    C:0.15464    A:0.40206    G:0.19588
position  3:    T:0.19588    C:0.17526    A:0.19588    G:0.43299
Average         T:0.21306    C:0.18900    A:0.28522    G:0.31271

#49: Steenbok       
position  1:    T:0.19588    C:0.24742    A:0.25773    G:0.29897
position  2:    T:0.23711    C:0.16495    A:0.41237    G:0.18557
position  3:    T:0.15464    C:0.21649    A:0.19588    G:0.43299
Average         T:0.19588    C:0.20962    A:0.28866    G:0.30584

#50: Impala         
position  1:    T:0.20619    C:0.22680    A:0.25773    G:0.30928
position  2:    T:0.23711    C:0.16495    A:0.41237    G:0.18557
position  3:    T:0.16495    C:0.20619    A:0.21649    G:0.41237
Average         T:0.20275    C:0.19931    A:0.29553    G:0.30241

#51: Klipspringer   
position  1:    T:0.19588    C:0.23711    A:0.24742    G:0.31959
position  2:    T:0.24742    C:0.16495    A:0.41237    G:0.17526
