CODONML (in paml version 4.10.7, June 2023)  /home/rachel/ruminants_paml/6406-phy-tree/ENSBTAT00000012044.fasta.phy
Model: free dN/dS Ratios for branches,  kappa = 2.000 fixed

Codon frequency model: F3x4
ns =  54  ls =  65

Codon usage in sequences
--------------------------------------------------------------------------------------------------------------------------------------
Phe TTT   1   1   1   1   1   1 | Ser TCT   0   0   0   0   1   1 | Tyr TAT   0   0   0   0   0   0 | Cys TGT   0   0   0   0   0   0
    TTC   1   1   1   1   1   1 |     TCC   1   1   1   1   1   1 |     TAC   3   3   3   3   3   3 |     TGC   1   1   1   1   1   1
Leu TTA   0   0   0   0   0   0 |     TCA   1   0   0   0   0   0 | *** TAA   0   0   0   0   0   0 | *** TGA   0   0   0   0   0   0
    TTG   1   1   1   1   2   1 |     TCG   1   2   2   2   1   1 |     TAG   0   0   0   0   0   0 | Trp TGG   0   0   0   0   0   0
--------------------------------------------------------------------------------------------------------------------------------------
Leu CTT   1   1   1   1   0   1 | Pro CCT   3   4   3   3   1   2 | His CAT   1   0   1   0   0   0 | Arg CGT   0   1   0   0   0   0
    CTC   2   2   2   2   1   2 |     CCC   6   5   6   6   7   7 |     CAC   0   0   0   1   1   1 |     CGC   1   1   1   1   1   1
    CTA   0   0   0   0   0   0 |     CCA   1   0   0   0   1   1 | Gln CAA   0   0   0   0   0   0 |     CGA   2   1   1   2   0   2
    CTG   2   2   2   2   4   2 |     CCG   1   2   2   2   1   1 |     CAG   6   7   6   6   6   6 |     CGG   2   1   2   2   4   1
--------------------------------------------------------------------------------------------------------------------------------------
Ile ATT   1   1   1   1   1   0 | Thr ACT   1   1   1   1   0   0 | Asn AAT   0   1   0   0   0   0 | Ser AGT   0   0   0   0   1   0
    ATC   1   1   1   1   1   2 |     ACC   3   3   3   3   4   4 |     AAC   2   1   2   2   2   2 |     AGC   1   1   1   1   0   1
    ATA   0   0   1   0   1   1 |     ACA   0   0   0   0   0   0 | Lys AAA   0   0   0   0   0   0 | Arg AGA   0   0   1   0   0   0
Met ATG   1   1   1   1   0   1 |     ACG   0   0   0   0   0   0 |     AAG   0   0   0   0   0   0 |     AGG   0   1   0   0   0   1
--------------------------------------------------------------------------------------------------------------------------------------
Val GTT   1   0   0   0   0   0 | Ala GCT   0   0   0   0   0   0 | Asp GAT   1   1   0   0   1   1 | Gly GGT   0   0   0   0   0   0
    GTC   0   0   0   0   0   0 |     GCC   0   1   0   0   2   1 |     GAC   4   4   5   5   4   4 |     GGC   0   0   0   0   0   0
    GTA   0   1   0   1   0   0 |     GCA   1   0   1   1   0   0 | Glu GAA   2   2   2   2   1   2 |     GGA   0   1   0   0   0   0
    GTG   2   2   2   2   2   2 |     GCG   0   0   0   0   0   0 |     GAG   4   4   4   4   5   4 |     GGG   2   1   2   2   2   2
--------------------------------------------------------------------------------------------------------------------------------------

--------------------------------------------------------------------------------------------------------------------------------------
Phe TTT   1   1   1   1   1   1 | Ser TCT   0   0   0   0   0   0 | Tyr TAT   0   0   0   0   0   0 | Cys TGT   0   0   0   0   0   0
    TTC   1   1   1   1   1   1 |     TCC   1   1   1   1   1   1 |     TAC   3   3   3   3   3   3 |     TGC   1   1   1   1   1   1
Leu TTA   0   0   0   0   0   0 |     TCA   1   1   1   1   0   0 | *** TAA   0   0   0   0   0   0 | *** TGA   0   0   0   0   0   0
    TTG   1   1   1   1   1   1 |     TCG   1   1   1   1   2   2 |     TAG   0   0   0   0   0   0 | Trp TGG   0   0   0   0   0   0
--------------------------------------------------------------------------------------------------------------------------------------
Leu CTT   1   1   1   1   1   1 | Pro CCT   3   3   4   3   3   3 | His CAT   0   1   1   1   1   0 | Arg CGT   0   0   0   0   0   0
    CTC   2   2   2   2   2   2 |     CCC   6   6   5   6   6   6 |     CAC   1   0   0   0   0   1 |     CGC   1   1   1   1   1   1
    CTA   0   0   1   0   0   0 |     CCA   0   1   1   1   0   0 | Gln CAA   0   0   0   0   0   0 |     CGA   2   2   2   2   1   2
    CTG   2   2   1   2   2   2 |     CCG   2   1   1   1   2   2 |     CAG   6   6   6   6   6   6 |     CGG   2   2   2   2   2   2
--------------------------------------------------------------------------------------------------------------------------------------
Ile ATT   1   1   1   1   1   1 | Thr ACT   1   1   1   0   1   1 | Asn AAT   0   0   0   0   0   0 | Ser AGT   0   0   0   0   0   0
    ATC   1   1   1   1   1   1 |     ACC   3   3   3   3   3   3 |     AAC   2   2   2   2   2   2 |     AGC   1   1   1   1   1   1
    ATA   0   0   0   0   1   0 |     ACA   0   0   0   0   0   0 | Lys AAA   0   0   0   0   0   0 | Arg AGA   0   0   0   0   1   0
Met ATG   1   1   1   1   1   1 |     ACG   0   0   0   1   0   0 |     AAG   0   0   0   0   0   0 |     AGG   0   0   0   0   0   0
--------------------------------------------------------------------------------------------------------------------------------------
Val GTT   0   1   0   0   0   0 | Ala GCT   0   0   0   0   0   0 | Asp GAT   1   1   0   0   1   0 | Gly GGT   0   0   0   0   0   0
    GTC   0   0   0   0   0   0 |     GCC   0   0   0   0   0   0 |     GAC   4   4   5   5   4   5 |     GGC   0   0   0   0   0   0
    GTA   1   0   1   1   0   1 |     GCA   1   1   1   1   1   1 | Glu GAA   2   2   2   2   2   2 |     GGA   1   0   0   0   0   0
    GTG   2   2   2   2   2   2 |     GCG   0   0   0   0   0   0 |     GAG   4   4   4   4   4   4 |     GGG   1   2   2   2   2   2
--------------------------------------------------------------------------------------------------------------------------------------

--------------------------------------------------------------------------------------------------------------------------------------
Phe TTT   1   1   1   1   1   1 | Ser TCT   0   0   0   0   0   0 | Tyr TAT   0   0   1   0   0   0 | Cys TGT   0   0   0   0   0   0
    TTC   1   1   1   1   1   1 |     TCC   1   1   1   1   1   1 |     TAC   3   3   2   3   3   3 |     TGC   1   1   1   1   1   1
Leu TTA   0   0   0   0   0   0 |     TCA   1   0   1   1   1   1 | *** TAA   0   0   0   0   0   0 | *** TGA   0   0   0   0   0   0
    TTG   1   1   1   1   1   1 |     TCG   1   2   1   1   1   1 |     TAG   0   0   0   0   0   0 | Trp TGG   0   0   0   0   0   0
--------------------------------------------------------------------------------------------------------------------------------------
Leu CTT   1   1   1   1   1   1 | Pro CCT   3   3   3   3   3   3 | His CAT   0   1   0   1   0   0 | Arg CGT   0   0   0   0   0   0
    CTC   2   2   2   2   2   2 |     CCC   6   6   6   6   6   6 |     CAC   1   0   1   0   1   1 |     CGC   1   1   1   1   1   1
    CTA   0   0   0   0   0   0 |     CCA   1   0   1   1   0   1 | Gln CAA   0   0   0   0   0   0 |     CGA   2   2   2   2   1   2
    CTG   2   2   2   2   2   2 |     CCG   1   2   1   1   2   1 |     CAG   6   6   6   6   6   6 |     CGG   2   2   2   2   3   2
--------------------------------------------------------------------------------------------------------------------------------------
Ile ATT   1   1   1   1   1   1 | Thr ACT   1   1   1   1   1   0 | Asn AAT   0   0   0   0   0   0 | Ser AGT   0   0   0   0   1   0
    ATC   1   1   1   1   1   1 |     ACC   3   3   3   3   3   3 |     AAC   2   2   2   2   2   2 |     AGC   1   1   1   1   0   1
    ATA   0   0   0   0   0   0 |     ACA   0   0   0   0   0   0 | Lys AAA   0   0   0   0   0   0 | Arg AGA   0   0   0   0   0   0
Met ATG   1   1   1   1   1   1 |     ACG   0   0   0   0   0   1 |     AAG   0   0   0   0   0   0 |     AGG   0   0   0   0   0   0
--------------------------------------------------------------------------------------------------------------------------------------
Val GTT   1   0   0   0   0   0 | Ala GCT   0   0   0   0   0   0 | Asp GAT   1   0   1   0   0   0 | Gly GGT   0   0   0   0   0   0
    GTC   0   0   0   0   0   0 |     GCC   0   0   0   0   0   0 |     GAC   4   5   4   5   5   5 |     GGC   0   0   0   0   0   0
    GTA   0   1   1   1   1   1 |     GCA   1   1   1   1   1   1 | Glu GAA   2   2   3   2   2   2 |     GGA   0   0   0   0   0   0
    GTG   2   2   2   2   2   2 |     GCG   0   0   0   0   0   0 |     GAG   4   4   3   4   4   4 |     GGG   2   2   2   2   2   2
--------------------------------------------------------------------------------------------------------------------------------------

--------------------------------------------------------------------------------------------------------------------------------------
Phe TTT   1   1   1   1   1   1 | Ser TCT   0   0   0   0   1   0 | Tyr TAT   0   1   0   0   0   0 | Cys TGT   0   0   0   0   0   0
    TTC   1   1   1   1   1   1 |     TCC   1   1   1   1   1   1 |     TAC   3   2   3   3   3   3 |     TGC   1   1   1   1   1   1
Leu TTA   0   0   0   0   0   0 |     TCA   0   0   1   0   1   1 | *** TAA   0   0   0   0   0   0 | *** TGA   0   0   0   0   0   0
    TTG   1   1   1   1   1   1 |     TCG   2   2   1   2   0   1 |     TAG   0   0   0   0   0   0 | Trp TGG   0   0   0   0   0   0
--------------------------------------------------------------------------------------------------------------------------------------
Leu CTT   1   1   1   1   1   1 | Pro CCT   3   3   3   3   3   3 | His CAT   0   0   0   1   0   0 | Arg CGT   0   0   0   0   0   0
    CTC   2   2   2   2   2   2 |     CCC   6   6   6   6   6   6 |     CAC   1   1   1   0   1   1 |     CGC   1   1   1   1   1   1
    CTA   0   0   0   0   0   0 |     CCA   0   0   1   0   0   1 | Gln CAA   0   0   0   0   0   0 |     CGA   1   1   2   1   2   2
    CTG   2   2   2   2   2   2 |     CCG   2   2   1   2   2   1 |     CAG   6   6   6   6   6   6 |     CGG   2   2   2   2   2   2
--------------------------------------------------------------------------------------------------------------------------------------
Ile ATT   1   1   1   1   1   1 | Thr ACT   1   1   1   1   0   1 | Asn AAT   0   0   0   0   0   0 | Ser AGT   0   0   0   0   0   0
    ATC   1   1   1   1   1   1 |     ACC   3   3   3   3   3   3 |     AAC   2   2   2   2   2   2 |     AGC   1   1   1   1   1   1
    ATA   0   0   0   1   0   0 |     ACA   0   0   0   0   1   0 | Lys AAA   0   0   0   0   0   0 | Arg AGA   1   1   0   1   0   0
Met ATG   1   1   1   1   1   1 |     ACG   0   0   0   0   0   0 |     AAG   0   0   0   0   0   0 |     AGG   0   0   0   0   0   0
--------------------------------------------------------------------------------------------------------------------------------------
Val GTT   0   0   1   0   0   1 | Ala GCT   0   0   0   0   0   0 | Asp GAT   0   0   0   1   0   1 | Gly GGT   0   0   0   0   0   0
    GTC   0   0   0   0   0   0 |     GCC   0   0   0   0   0   0 |     GAC   5   5   5   4   5   4 |     GGC   0   0   0   0   0   0
    GTA   1   1   0   0   1   0 |     GCA   1   1   1   1   1   1 | Glu GAA   2   2   2   2   2   2 |     GGA   0   0   0   0   0   0
    GTG   2   2   2   2   2   2 |     GCG   0   0   0   0   0   0 |     GAG   4   4   4   4   4   4 |     GGG   2   2   2   2   2   2
--------------------------------------------------------------------------------------------------------------------------------------

--------------------------------------------------------------------------------------------------------------------------------------
Phe TTT   1   1   1   1   1   1 | Ser TCT   0   0   0   0   0   0 | Tyr TAT   0   0   0   0   1   0 | Cys TGT   0   0   0   0   0   0
    TTC   1   1   1   1   1   1 |     TCC   1   1   1   1   1   1 |     TAC   3   3   3   3   2   3 |     TGC   1   1   1   1   1   1
Leu TTA   0   0   0   0   0   0 |     TCA   0   0   1   1   1   0 | *** TAA   0   0   0   0   0   0 | *** TGA   0   0   0   0   0   0
    TTG   1   1   1   1   1   1 |     TCG   2   2   1   1   1   2 |     TAG   0   0   0   0   0   0 | Trp TGG   0   0   0   0   0   0
--------------------------------------------------------------------------------------------------------------------------------------
Leu CTT   1   1   1   1   1   1 | Pro CCT   3   3   3   3   3   3 | His CAT   0   0   0   0   0   1 | Arg CGT   0   0   0   0   0   0
    CTC   2   2   2   2   2   2 |     CCC   6   6   6   6   6   6 |     CAC   1   1   1   1   1   0 |     CGC   1   1   1   1   1   1
    CTA   0   0   0   0   0   0 |     CCA   0   1   1   1   1   0 | Gln CAA   0   0   0   0   0   0 |     CGA   2   2   2   2   2   1
    CTG   2   2   2   2   2   2 |     CCG   2   1   1   1   1   2 |     CAG   6   6   6   6   6   6 |     CGG   2   2   2   2   2   2
--------------------------------------------------------------------------------------------------------------------------------------
Ile ATT   1   1   1   1   1   1 | Thr ACT   1   1   1   0   1   1 | Asn AAT   0   0   0   0   0   0 | Ser AGT   0   0   0   0   0   0
    ATC   1   1   1   1   1   1 |     ACC   3   3   3   3   3   3 |     AAC   2   2   2   2   2   2 |     AGC   1   1   1   1   1   1
    ATA   0   0   0   0   0   1 |     ACA   0   0   0   0   0   0 | Lys AAA   0   0   0   0   0   0 | Arg AGA   0   0   0   0   0   1
Met ATG   1   1   1   1   1   1 |     ACG   0   0   0   1   0   0 |     AAG   0   0   0   0   0   0 |     AGG   0   0   0   0   0   0
--------------------------------------------------------------------------------------------------------------------------------------
Val GTT   0   0   1   0   0   0 | Ala GCT   0   0   0   0   0   0 | Asp GAT   0   0   1   0   1   1 | Gly GGT   0   0   0   0   0   0
    GTC   0   0   0   0   0   0 |     GCC   0   0   0   0   0   0 |     GAC   5   5   4   5   4   4 |     GGC   0   0   0   0   0   0
    GTA   1   1   0   1   1   0 |     GCA   1   1   1   1   1   1 | Glu GAA   1   2   2   2   3   2 |     GGA   0   0   0   0   0   0
    GTG   2   2   2   2   2   2 |     GCG   0   0   0   0   0   0 |     GAG   5   4   4   4   3   4 |     GGG   2   2   2   2   2   2
--------------------------------------------------------------------------------------------------------------------------------------

--------------------------------------------------------------------------------------------------------------------------------------
Phe TTT   1   1   1   0   0   1 | Ser TCT   0   0   0   0   0   0 | Tyr TAT   0   0   0   0   0   1 | Cys TGT   0   0   0   0   0   0
    TTC   1   1   1   2   2   1 |     TCC   1   1   1   1   0   1 |     TAC   3   3   3   3   3   2 |     TGC   1   1   1   1   1   1
Leu TTA   0   0   0   0   0   0 |     TCA   1   0   0   1   0   1 | *** TAA   0   0   0   0   0   0 | *** TGA   0   0   0   0   0   0
    TTG   1   1   1   1   0   1 |     TCG   1   2   2   1   3   1 |     TAG   0   0   0   0   0   0 | Trp TGG   0   0   0   0   0   0
--------------------------------------------------------------------------------------------------------------------------------------
Leu CTT   1   1   1   1   0   1 | Pro CCT   3   3   3   3   0   3 | His CAT   0   1   0   1   0   0 | Arg CGT   0   0   0   0   0   0
    CTC   2   2   2   2   1   2 |     CCC   6   6   6   6   7   6 |     CAC   1   0   1   0   1   1 |     CGC   1   1   1   1   2   1
    CTA   0   0   0   0   1   0 |     CCA   1   1   0   1   0   1 | Gln CAA   0   0   0   0   1   0 |     CGA   2   1   2   2   0   2
    CTG   2   2   2   2   6   2 |     CCG   1   1   2   1   4   1 |     CAG   6   6   6   6   5   6 |     CGG   2   2   2   2   2   2
--------------------------------------------------------------------------------------------------------------------------------------
Ile ATT   1   1   1   1   0   1 | Thr ACT   0   1   1   1   0   1 | Asn AAT   0   0   0   0   0   0 | Ser AGT   0   0   0   0   0   0
    ATC   1   1   1   1   3   1 |     ACC   3   3   3   3   2   3 |     AAC   2   2   2   2   2   2 |     AGC   1   1   1   1   1   1
    ATA   0   1   0   0   0   0 |     ACA   0   0   0   0   0   0 | Lys AAA   0   0   0   0   0   0 | Arg AGA   0   1   0   0   1   0
Met ATG   1   1   1   1   0   1 |     ACG   1   0   0   0   2   0 |     AAG   0   0   0   0   0   0 |     AGG   0   0   0   0   0   0
--------------------------------------------------------------------------------------------------------------------------------------
Val GTT   0   0   0   0   0   0 | Ala GCT   0   0   0   0   0   0 | Asp GAT   0   1   0   0   1   1 | Gly GGT   0   0   0   0   0   0
    GTC   0   0   0   0   0   0 |     GCC   0   0   0   0   0   0 |     GAC   5   4   5   5   4   4 |     GGC   0   0   0   0   1   0
    GTA   1   0   1   1   0   1 |     GCA   1   1   1   1   1   1 | Glu GAA   2   2   2   2   0   3 |     GGA   0   0   0   0   0   0
    GTG   2   2   2   2   1   2 |     GCG   0   0   0   0   0   0 |     GAG   4   4   4   4   6   3 |     GGG   2   2   2   2   1   2
--------------------------------------------------------------------------------------------------------------------------------------

--------------------------------------------------------------------------------------------------------------------------------------
Phe TTT   1   1   1   1   1   1 | Ser TCT   0   0   0   0   0   0 | Tyr TAT   0   0   0   0   0   0 | Cys TGT   0   0   0   0   0   0
    TTC   1   1   1   1   1   1 |     TCC   1   1   1   1   1   1 |     TAC   3   3   3   3   3   3 |     TGC   1   1   1   1   1   1
Leu TTA   0   0   0   1   0   0 |     TCA   1   0   1   1   1   0 | *** TAA   0   0   0   0   0   0 | *** TGA   0   0   0   0   0   0
    TTG   1   1   1   0   1   1 |     TCG   1   2   1   1   1   2 |     TAG   0   0   0   0   0   0 | Trp TGG   0   0   0   0   0   0
--------------------------------------------------------------------------------------------------------------------------------------
Leu CTT   1   1   1   1   1   1 | Pro CCT   3   3   3   3   4   3 | His CAT   0   0   0   0   1   0 | Arg CGT   0   0   0   0   0   0
    CTC   2   2   2   2   2   2 |     CCC   6   6   6   6   5   6 |     CAC   1   1   1   1   0   1 |     CGC   1   1   1   1   1   1
    CTA   0   0   0   0   0   0 |     CCA   2   0   1   0   1   0 | Gln CAA   0   0   0   0   0   0 |     CGA   2   2   2   2   2   2
    CTG   2   2   2   2   2   2 |     CCG   0   2   1   2   1   2 |     CAG   6   6   6   6   6   6 |     CGG   2   2   2   2   2   2
--------------------------------------------------------------------------------------------------------------------------------------
Ile ATT   1   1   1   1   1   1 | Thr ACT   1   1   1   1   0   1 | Asn AAT   0   0   0   0   0   0 | Ser AGT   0   0   0   0   0   0
    ATC   1   1   1   1   1   1 |     ACC   3   3   3   3   3   3 |     AAC   2   2   2   2   2   2 |     AGC   1   1   1   1   1   1
    ATA   0   0   0   0   0   0 |     ACA   0   0   0   0   0   0 | Lys AAA   0   0   0   0   0   0 | Arg AGA   0   0   0   0   0   0
Met ATG   1   1   1   1   1   1 |     ACG   0   0   0   0   1   0 |     AAG   0   0   0   0   0   0 |     AGG   0   0   0   0   0   0
--------------------------------------------------------------------------------------------------------------------------------------
Val GTT   0   0   1   0   0   1 | Ala GCT   0   0   0   0   0   0 | Asp GAT   1   0   1   1   1   0 | Gly GGT   0   0   0   0   0   0
    GTC   0   0   0   0   0   0 |     GCC   0   0   0   0   0   0 |     GAC   4   5   4   4   4   5 |     GGC   0   0   0   0   0   0
    GTA   1   1   0   1   1   1 |     GCA   1   1   1   1   1   1 | Glu GAA   2   2   2   2   2   2 |     GGA   0   0   0   1   0   0
    GTG   2   2   2   2   2   1 |     GCG   0   0   0   0   0   0 |     GAG   4   4   4   4   4   4 |     GGG   2   2   2   1   2   2
--------------------------------------------------------------------------------------------------------------------------------------

--------------------------------------------------------------------------------------------------------------------------------------
Phe TTT   1   1   1   1   1   1 | Ser TCT   0   0   0   0   0   0 | Tyr TAT   0   0   0   0   0   0 | Cys TGT   0   0   0   0   0   0
    TTC   1   1   1   1   1   1 |     TCC   1   1   1   1   1   1 |     TAC   3   3   3   3   3   3 |     TGC   1   1   1   1   1   1
Leu TTA   0   0   0   0   0   0 |     TCA   0   1   0   0   0   1 | *** TAA   0   0   0   0   0   0 | *** TGA   0   0   0   0   0   0
    TTG   1   1   1   1   1   1 |     TCG   2   1   2   2   2   1 |     TAG   0   0   0   0   0   0 | Trp TGG   0   0   0   0   0   0
--------------------------------------------------------------------------------------------------------------------------------------
Leu CTT   1   1   1   1   1   1 | Pro CCT   3   3   3   3   3   3 | His CAT   0   0   0   0   0   0 | Arg CGT   0   0   0   0   0   0
    CTC   2   2   2   2   2   2 |     CCC   6   6   6   6   6   6 |     CAC   1   1   1   1   1   1 |     CGC   1   1   1   1   1   1
    CTA   0   0   0   0   0   0 |     CCA   0   1   0   0   0   0 | Gln CAA   0   0   0   0   0   0 |     CGA   2   2   2   2   2   2
    CTG   2   2   2   2   2   2 |     CCG   2   1   2   2   2   2 |     CAG   6   6   6   6   6   6 |     CGG   2   2   2   2   2   2
--------------------------------------------------------------------------------------------------------------------------------------
Ile ATT   1   1   1   1   1   1 | Thr ACT   1   0   1   1   1   2 | Asn AAT   0   0   0   0   0   0 | Ser AGT   0   0   0   0   0   0
    ATC   1   1   1   1   1   1 |     ACC   3   3   3   3   3   2 |     AAC   2   2   2   2   2   2 |     AGC   1   1   1   1   1   1
    ATA   0   0   0   0   0   0 |     ACA   0   0   0   0   0   0 | Lys AAA   0   0   0   0   0   0 | Arg AGA   0   0   0   0   0   0
Met ATG   1   1   1   1   1   1 |     ACG   0   1   0   0   0   0 |     AAG   0   0   0   0   0   0 |     AGG   0   0   0   0   0   0
--------------------------------------------------------------------------------------------------------------------------------------
Val GTT   0   0   0   0   0   0 | Ala GCT   0   0   0   0   0   0 | Asp GAT   0   0   0   0   0   0 | Gly GGT   0   0   0   0   0   0
    GTC   0   0   0   0   0   0 |     GCC   0   0   0   0   0   0 |     GAC   5   5   5   5   5   5 |     GGC   0   0   0   0   0   0
    GTA   1   1   1   1   1   1 |     GCA   1   1   1   1   1   1 | Glu GAA   1   2   2   2   2   2 |     GGA   0   0   0   0   0   0
    GTG   2   2   2   2   2   2 |     GCG   0   0   0   0   0   0 |     GAG   5   4   4   4   4   4 |     GGG   2   2   2   2   2   2
--------------------------------------------------------------------------------------------------------------------------------------

--------------------------------------------------------------------------------------------------------------------------------------
Phe TTT   1   1   1   1   1   1 | Ser TCT   0   0   0   0   0   0 | Tyr TAT   0   0   0   0   0   0 | Cys TGT   0   0   0   0   0   0
    TTC   1   1   1   1   1   1 |     TCC   1   1   1   1   1   1 |     TAC   3   3   3   3   3   3 |     TGC   1   1   1   1   1   1
Leu TTA   0   0   0   0   0   0 |     TCA   1   1   1   0   0   0 | *** TAA   0   0   0   0   0   0 | *** TGA   0   0   0   0   0   0
    TTG   1   1   1   1   1   1 |     TCG   1   1   1   2   2   2 |     TAG   0   0   0   0   0   0 | Trp TGG   0   0   0   0   0   0
--------------------------------------------------------------------------------------------------------------------------------------
Leu CTT   1   1   2   1   1   1 | Pro CCT   3   3   5   3   3   3 | His CAT   0   0   0   0   1   1 | Arg CGT   0   0   0   0   0   0
    CTC   2   2   1   2   2   2 |     CCC   6   6   4   6   6   6 |     CAC   1   1   1   1   0   0 |     CGC   1   1   1   1   1   1
    CTA   0   0   0   0   0   0 |     CCA   1   0   0   0   0   0 | Gln CAA   0   0   0   0   0   0 |     CGA   2   1   2   2   2   1
    CTG   2   2   2   2   2   2 |     CCG   1   2   2   2   2   2 |     CAG   6   6   6   6   6   6 |     CGG   2   3   2   2   2   2
--------------------------------------------------------------------------------------------------------------------------------------
Ile ATT   1   1   1   1   1   1 | Thr ACT   0   1   1   1   1   1 | Asn AAT   0   0   0   0   0   0 | Ser AGT   0   0   0   0   0   0
    ATC   1   1   1   1   1   1 |     ACC   3   3   3   3   3   3 |     AAC   2   2   2   2   2   2 |     AGC   1   1   1   1   1   1
    ATA   0   0   0   0   1   1 |     ACA   0   0   0   0   0   0 | Lys AAA   0   0   0   0   0   0 | Arg AGA   0   0   0   0   0   1
Met ATG   1   1   1   1   1   1 |     ACG   1   0   0   0   0   0 |     AAG   0   0   0   0   0   0 |     AGG   0   0   0   0   0   0
--------------------------------------------------------------------------------------------------------------------------------------
Val GTT   0   0   0   0   0   0 | Ala GCT   0   0   0   0   0   0 | Asp GAT   0   1   0   0   0   1 | Gly GGT   0   0   0   0   0   0
    GTC   0   0   0   0   0   0 |     GCC   0   0   0   0   0   0 |     GAC   5   4   5   5   5   4 |     GGC   0   0   0   0   0   0
    GTA   1   1   1   1   0   0 |     GCA   1   1   1   1   1   1 | Glu GAA   2   2   2   2   2   2 |     GGA   0   0   1   0   0   0
    GTG   2   2   2   2   2   2 |     GCG   0   0   0   0   0   0 |     GAG   4   4   4   4   4   4 |     GGG   2   2   1   2   2   2
--------------------------------------------------------------------------------------------------------------------------------------

Codon position x base (3x4) table for each sequence.

#1: Argali         
position  1:    T:0.15385    C:0.43077    A:0.15385    G:0.26154
position  2:    T:0.21538    C:0.29231    A:0.35385    G:0.13846
position  3:    T:0.15385    C:0.40000    A:0.10769    G:0.33846
Average         T:0.17436    C:0.37436    A:0.20513    G:0.24615

#2: LesserMouseDeer
position  1:    T:0.15385    C:0.41538    A:0.16923    G:0.26154
position  2:    T:0.21538    C:0.29231    A:0.35385    G:0.13846
position  3:    T:0.16923    C:0.38462    A:0.07692    G:0.36923
Average         T:0.17949    C:0.36410    A:0.20000    G:0.25641

#3: LesserKudu     
position  1:    T:0.15385    C:0.41538    A:0.18462    G:0.24615
position  2:    T:0.21538    C:0.29231    A:0.35385    G:0.13846
position  3:    T:0.12308    C:0.41538    A:0.09231    G:0.36923
Average         T:0.16410    C:0.37436    A:0.21026    G:0.25128

#4: ForestMuskDeer2
position  1:    T:0.15385    C:0.43077    A:0.15385    G:0.26154
position  2:    T:0.21538    C:0.29231    A:0.35385    G:0.13846
position  3:    T:0.10769    C:0.43077    A:0.09231    G:0.36923
Average         T:0.15897    C:0.38462    A:0.20000    G:0.25641

#5: Camel          
position  1:    T:0.16923    C:0.41538    A:0.15385    G:0.26154
position  2:    T:0.21538    C:0.29231    A:0.35385    G:0.13846
position  3:    T:0.09231    C:0.44615    A:0.04615    G:0.41538
Average         T:0.15897    C:0.38462    A:0.18462    G:0.27179

#6: KillerWhale    
position  1:    T:0.15385    C:0.41538    A:0.18462    G:0.24615
position  2:    T:0.21538    C:0.29231    A:0.35385    G:0.13846
position  3:    T:0.09231    C:0.47692    A:0.09231    G:0.33846
Average         T:0.15385    C:0.39487    A:0.21026    G:0.24103

#7: DefassaWaterbuck
position  1:    T:0.15385    C:0.43077    A:0.15385    G:0.26154
position  2:    T:0.21538    C:0.29231    A:0.35385    G:0.13846
position  3:    T:0.12308    C:0.41538    A:0.12308    G:0.33846
Average         T:0.16410    C:0.37949    A:0.21026    G:0.24615

#8: Sheep          
position  1:    T:0.15385    C:0.43077    A:0.15385    G:0.26154
position  2:    T:0.21538    C:0.29231    A:0.35385    G:0.13846
position  3:    T:0.15385    C:0.40000    A:0.10769    G:0.33846
Average         T:0.17436    C:0.37436    A:0.20513    G:0.24615

#9: MaxwellsDuiker 
position  1:    T:0.15385    C:0.43077    A:0.15385    G:0.26154
position  2:    T:0.21538    C:0.29231    A:0.35385    G:0.13846
position  3:    T:0.13846    C:0.40000    A:0.13846    G:0.32308
Average         T:0.16923    C:0.37436    A:0.21538    G:0.24103

#10: GazellaPrzewalskyi
position  1:    T:0.15385    C:0.43077    A:0.15385    G:0.26154
position  2:    T:0.21538    C:0.29231    A:0.35385    G:0.13846
position  3:    T:0.10769    C:0.41538    A:0.12308    G:0.35385
Average         T:0.15897    C:0.37949    A:0.21026    G:0.25128

#11: MountainNyala  
position  1:    T:0.15385    C:0.41538    A:0.18462    G:0.24615
position  2:    T:0.21538    C:0.29231    A:0.35385    G:0.13846
position  3:    T:0.13846    C:0.40000    A:0.09231    G:0.36923
Average         T:0.16923    C:0.36923    A:0.21026    G:0.25128

#12: MuntiacusMuntjak
position  1:    T:0.15385    C:0.43077    A:0.15385    G:0.26154
position  2:    T:0.21538    C:0.29231    A:0.35385    G:0.13846
position  3:    T:0.10769    C:0.43077    A:0.09231    G:0.36923
Average         T:0.15897    C:0.38462    A:0.20000    G:0.25641

#13: goat           
position  1:    T:0.15385    C:0.43077    A:0.15385    G:0.26154
position  2:    T:0.21538    C:0.29231    A:0.35385    G:0.13846
position  3:    T:0.13846    C:0.41538    A:0.10769    G:0.33846
Average         T:0.16923    C:0.37949    A:0.20513    G:0.24615

#14: AfricanBuffalo 
position  1:    T:0.15385    C:0.43077    A:0.15385    G:0.26154
position  2:    T:0.21538    C:0.29231    A:0.35385    G:0.13846
position  3:    T:0.12308    C:0.41538    A:0.09231    G:0.36923
Average         T:0.16410    C:0.37949    A:0.20000    G:0.25641

#15: Topi           
position  1:    T:0.15385    C:0.43077    A:0.15385    G:0.26154
position  2:    T:0.21538    C:0.29231    A:0.35385    G:0.13846
position  3:    T:0.13846    C:0.40000    A:0.13846    G:0.32308
Average         T:0.16923    C:0.37436    A:0.21538    G:0.24103

#16: CommonDuiker   
position  1:    T:0.15385    C:0.43077    A:0.15385    G:0.26154
position  2:    T:0.21538    C:0.29231    A:0.35385    G:0.13846
position  3:    T:0.12308    C:0.41538    A:0.12308    G:0.33846
Average         T:0.16410    C:0.37949    A:0.21026    G:0.24615

#17: Suni           
position  1:    T:0.15385    C:0.43077    A:0.15385    G:0.26154
position  2:    T:0.21538    C:0.29231    A:0.35385    G:0.13846
position  3:    T:0.12308    C:0.41538    A:0.09231    G:0.36923
Average         T:0.16410    C:0.37949    A:0.20000    G:0.25641

#18: Springbuck     
position  1:    T:0.15385    C:0.43077    A:0.15385    G:0.26154
position  2:    T:0.21538    C:0.29231    A:0.35385    G:0.13846
position  3:    T:0.09231    C:0.43077    A:0.12308    G:0.35385
Average         T:0.15385    C:0.38462    A:0.21026    G:0.25128

#19: Okapi          
position  1:    T:0.15385    C:0.41538    A:0.16923    G:0.26154
position  2:    T:0.21538    C:0.29231    A:0.35385    G:0.13846
position  3:    T:0.10769    C:0.43077    A:0.09231    G:0.36923
Average         T:0.15897    C:0.37949    A:0.20513    G:0.25641

#20: Giraffe        
position  1:    T:0.15385    C:0.41538    A:0.16923    G:0.26154
position  2:    T:0.21538    C:0.29231    A:0.35385    G:0.13846
position  3:    T:0.12308    C:0.41538    A:0.09231    G:0.36923
Average         T:0.16410    C:0.37436    A:0.20513    G:0.25641

#21: TibetanAntelope
position  1:    T:0.15385    C:0.43077    A:0.15385    G:0.26154
position  2:    T:0.21538    C:0.29231    A:0.35385    G:0.13846
position  3:    T:0.12308    C:0.43077    A:0.10769    G:0.33846
Average         T:0.16410    C:0.38462    A:0.20513    G:0.24615

#22: Sitatunga      
position  1:    T:0.15385    C:0.41538    A:0.18462    G:0.24615
position  2:    T:0.21538    C:0.29231    A:0.35385    G:0.13846
position  3:    T:0.13846    C:0.40000    A:0.09231    G:0.36923
Average         T:0.16923    C:0.36923    A:0.21026    G:0.25128

#23: Oribi          
position  1:    T:0.15385    C:0.43077    A:0.15385    G:0.26154
position  2:    T:0.21538    C:0.29231    A:0.35385    G:0.13846
position  3:    T:0.10769    C:0.43077    A:0.12308    G:0.33846
Average         T:0.15897    C:0.38462    A:0.21026    G:0.24615

#24: BarbarySheep   
position  1:    T:0.15385    C:0.43077    A:0.15385    G:0.26154
position  2:    T:0.21538    C:0.29231    A:0.35385    G:0.13846
position  3:    T:0.13846    C:0.41538    A:0.10769    G:0.33846
Average         T:0.16923    C:0.37949    A:0.20513    G:0.24615

#25: Daviddeer      
position  1:    T:0.15385    C:0.43077    A:0.15385    G:0.26154
position  2:    T:0.21538    C:0.29231    A:0.35385    G:0.13846
position  3:    T:0.10769    C:0.43077    A:0.07692    G:0.38462
Average         T:0.15897    C:0.38462    A:0.19487    G:0.26154

#26: Reindeer       
position  1:    T:0.15385    C:0.43077    A:0.15385    G:0.26154
position  2:    T:0.21538    C:0.29231    A:0.35385    G:0.13846
position  3:    T:0.10769    C:0.43077    A:0.10769    G:0.35385
Average         T:0.15897    C:0.38462    A:0.20513    G:0.25128

#27: Ibex           
position  1:    T:0.15385    C:0.43077    A:0.15385    G:0.26154
position  2:    T:0.21538    C:0.29231    A:0.35385    G:0.13846
position  3:    T:0.13846    C:0.41538    A:0.10769    G:0.33846
Average         T:0.16923    C:0.37949    A:0.20513    G:0.24615

#28: GyrantGazelle  
position  1:    T:0.15385    C:0.43077    A:0.15385    G:0.26154
position  2:    T:0.21538    C:0.29231    A:0.35385    G:0.13846
position  3:    T:0.09231    C:0.43077    A:0.12308    G:0.35385
Average         T:0.15385    C:0.38462    A:0.21026    G:0.25128

#29: Hartebeest     
position  1:    T:0.15385    C:0.43077    A:0.15385    G:0.26154
position  2:    T:0.21538    C:0.29231    A:0.35385    G:0.13846
position  3:    T:0.13846    C:0.40000    A:0.13846    G:0.32308
Average         T:0.16923    C:0.37436    A:0.21538    G:0.24103

#30: Bongo          
position  1:    T:0.15385    C:0.41538    A:0.18462    G:0.24615
position  2:    T:0.21538    C:0.29231    A:0.35385    G:0.13846
position  3:    T:0.13846    C:0.40000    A:0.09231    G:0.36923
Average         T:0.16923    C:0.36923    A:0.21026    G:0.25128

#31: Gerenuk        
position  1:    T:0.15385    C:0.43077    A:0.15385    G:0.26154
position  2:    T:0.21538    C:0.29231    A:0.35385    G:0.13846
position  3:    T:0.09231    C:0.43077    A:0.12308    G:0.35385
Average         T:0.15385    C:0.38462    A:0.21026    G:0.25128

#32: CommonEland    
position  1:    T:0.15385    C:0.41538    A:0.18462    G:0.24615
position  2:    T:0.21538    C:0.29231    A:0.35385    G:0.13846
position  3:    T:0.13846    C:0.40000    A:0.10769    G:0.35385
Average         T:0.16923    C:0.36923    A:0.21538    G:0.24615

#33: MuntiacusReevesi
position  1:    T:0.15385    C:0.43077    A:0.15385    G:0.26154
position  2:    T:0.21538    C:0.29231    A:0.35385    G:0.13846
position  3:    T:0.10769    C:0.43077    A:0.09231    G:0.36923
Average         T:0.15897    C:0.38462    A:0.20000    G:0.25641

#34: HarveysDuiker  
position  1:    T:0.15385    C:0.43077    A:0.15385    G:0.26154
position  2:    T:0.21538    C:0.29231    A:0.35385    G:0.13846
position  3:    T:0.10769    C:0.43077    A:0.12308    G:0.33846
Average         T:0.15897    C:0.38462    A:0.21026    G:0.24615

#35: Pronghorn      
position  1:    T:0.13846    C:0.46154    A:0.16923    G:0.23077
position  2:    T:0.21538    C:0.29231    A:0.35385    G:0.13846
position  3:    T:0.01538    C:0.46154    A:0.06154    G:0.46154
Average         T:0.12308    C:0.40513    A:0.19487    G:0.27692

#36: BlueWildebeest 
position  1:    T:0.15385    C:0.43077    A:0.15385    G:0.26154
position  2:    T:0.21538    C:0.29231    A:0.35385    G:0.13846
position  3:    T:0.13846    C:0.40000    A:0.13846    G:0.32308
Average         T:0.16923    C:0.37436    A:0.21538    G:0.24103

#37: Gemsbok        
position  1:    T:0.15385    C:0.43077    A:0.15385    G:0.26154
position  2:    T:0.21538    C:0.29231    A:0.35385    G:0.13846
position  3:    T:0.12308    C:0.41538    A:0.13846    G:0.32308
Average         T:0.16410    C:0.37949    A:0.21538    G:0.24103

#38: Yak            
position  1:    T:0.15385    C:0.43077    A:0.15385    G:0.26154
position  2:    T:0.21538    C:0.29231    A:0.35385    G:0.13846
position  3:    T:0.10769    C:0.43077    A:0.09231    G:0.36923
Average         T:0.15897    C:0.38462    A:0.20000    G:0.25641

#39: BlueSheep      
position  1:    T:0.15385    C:0.43077    A:0.15385    G:0.26154
position  2:    T:0.21538    C:0.29231    A:0.35385    G:0.13846
position  3:    T:0.13846    C:0.41538    A:0.10769    G:0.33846
Average         T:0.16923    C:0.37949    A:0.20513    G:0.24615

#40: BohorReedbuck  
position  1:    T:0.15385    C:0.43077    A:0.15385    G:0.26154
position  2:    T:0.21538    C:0.29231    A:0.35385    G:0.13846
position  3:    T:0.12308    C:0.41538    A:0.13846    G:0.32308
Average         T:0.16410    C:0.37949    A:0.21538    G:0.24103

#41: KirksDik       
position  1:    T:0.15385    C:0.43077    A:0.15385    G:0.26154
position  2:    T:0.21538    C:0.29231    A:0.35385    G:0.13846
position  3:    T:0.13846    C:0.38462    A:0.12308    G:0.35385
Average         T:0.16923    C:0.36923    A:0.21026    G:0.25128

#42: RoeDeer        
position  1:    T:0.15385    C:0.43077    A:0.15385    G:0.26154
position  2:    T:0.21538    C:0.29231    A:0.35385    G:0.13846
position  3:    T:0.12308    C:0.43077    A:0.09231    G:0.35385
Average         T:0.16410    C:0.38462    A:0.20000    G:0.25128

#43: WhiteLippedDeer
position  1:    T:0.15385    C:0.43077    A:0.15385    G:0.26154
position  2:    T:0.21538    C:0.29231    A:0.35385    G:0.13846
position  3:    T:0.10769    C:0.43077    A:0.07692    G:0.38462
Average         T:0.15897    C:0.38462    A:0.19487    G:0.26154

#44: ThomsonGazelle 
position  1:    T:0.15385    C:0.43077    A:0.15385    G:0.26154
position  2:    T:0.21538    C:0.29231    A:0.35385    G:0.13846
position  3:    T:0.09231    C:0.43077    A:0.12308    G:0.35385
Average         T:0.15385    C:0.38462    A:0.21026    G:0.25128

#45: MuntiacusCrinifrons
position  1:    T:0.15385    C:0.43077    A:0.15385    G:0.26154
position  2:    T:0.21538    C:0.29231    A:0.35385    G:0.13846
position  3:    T:0.10769    C:0.43077    A:0.09231    G:0.36923
Average         T:0.15897    C:0.38462    A:0.20000    G:0.25641

#46: WhiteTailedDeer
position  1:    T:0.15385    C:0.43077    A:0.15385    G:0.26154
position  2:    T:0.21538    C:0.29231    A:0.35385    G:0.13846
position  3:    T:0.10769    C:0.43077    A:0.09231    G:0.36923
Average         T:0.15897    C:0.38462    A:0.20000    G:0.25641

#47: Cattle         
position  1:    T:0.15385    C:0.43077    A:0.15385    G:0.26154
position  2:    T:0.21538    C:0.29231    A:0.35385    G:0.13846
position  3:    T:0.10769    C:0.43077    A:0.09231    G:0.36923
Average         T:0.15897    C:0.38462    A:0.20000    G:0.25641

#48: RoyalAntelope  
position  1:    T:0.15385    C:0.43077    A:0.15385    G:0.26154
position  2:    T:0.21538    C:0.29231    A:0.35385    G:0.13846
position  3:    T:0.12308    C:0.41538    A:0.10769    G:0.35385
Average         T:0.16410    C:0.37949    A:0.20513    G:0.25128

#49: Steenbok       
position  1:    T:0.15385    C:0.43077    A:0.15385    G:0.26154
position  2:    T:0.21538    C:0.29231    A:0.35385    G:0.13846
position  3:    T:0.09231    C:0.43077    A:0.12308    G:0.35385
Average         T:0.15385    C:0.38462    A:0.21026    G:0.25128

#50: Impala         
position  1:    T:0.15385    C:0.43077    A:0.15385    G:0.26154
position  2:    T:0.21538    C:0.29231    A:0.35385    G:0.13846
position  3:    T:0.12308    C:0.41538    A:0.09231    G:0.36923
Average         T:0.16410    C:0.37949    A:0.20000    G:0.25641

#51: Klipspringer   
position  1:    T:0.15385    C:0.43077    A:0.15385    G:0.26154
position  2:    T:0.21538    C:0.29231    A:0.35385    G:0.13846
