1
52 1
Argali 0.000000 0.291600 0.069200 0.280100 0.039800 0.016700 0.070900 0.070600 0.063300 0.100800 0.028200 0.074400 0.056900 0.045500 0.076100 0.100100 0.088300 0.082100 0.039800 0.069600 0.057900 0.028200 0.093900 0.113400 0.028000 0.069600 0.051000 0.075000 0.087400 0.074900 0.101200 0.039900 0.115200 0.051100 0.045300 0.081500 0.028100 0.046000 0.057100 0.112500 0.126100 0.069600 0.095000 0.125900 0.081500 0.070000 0.070100 0.093600 0.057900 0.077200 0.069200 0.057200
LesserMous 0.291600 0.000000 0.217600 0.278600 0.240700 0.298600 0.262600 0.267000 0.225700 0.236000 0.255700 0.274700 0.283400 0.246800 0.273100 0.272800 0.258600 0.250400 0.254700 0.234600 0.266300 0.254700 0.258300 0.235700 0.269200 0.241100 0.275400 0.224300 0.247500 0.224100 0.237200 0.241700 0.298000 0.276200 0.260500 0.288100 0.277800 0.250200 0.238500 0.248700 0.287300 0.234000 0.229900 0.265800 0.287500 0.266500 0.299400 0.262500 0.256000 0.223100 0.217600 0.217300
LesserKudu 0.069200 0.217600 0.000000 0.251400 0.045300 0.075000 0.071600 0.071300 0.017000 0.070700 0.051900 0.063000 0.063300 0.039200 0.082200 0.088500 0.064600 0.064400 0.056900 0.022900 0.063900 0.051900 0.075100 0.083000 0.051600 0.070200 0.057400 0.022200 0.075800 0.028400 0.071000 0.040300 0.116600 0.057500 0.062400 0.070000 0.057700 0.051700 0.062900 0.094700 0.108000 0.058200 0.064900 0.107800 0.070000 0.070700 0.083100 0.069900 0.083000 0.065500 0.011300 0.011300
KillerWhal 0.280100 0.278600 0.251400 0.000000 0.243900 0.271700 0.233300 0.239300 0.244100 0.263200 0.244200 0.247600 0.264600 0.235800 0.263300 0.245000 0.231100 0.254500 0.259100 0.253300 0.223400 0.258900 0.238500 0.255000 0.257700 0.237300 0.256600 0.258300 0.235800 0.242800 0.264600 0.230000 0.245600 0.257400 0.264600 0.260100 0.274200 0.238400 0.265400 0.252400 0.275200 0.237200 0.257000 0.278200 0.275800 0.270900 0.239600 0.299400 0.286700 0.227800 0.251300 0.235300
DefassaWat 0.039800 0.240700 0.045300 0.243900 0.000000 0.045600 0.041200 0.041000 0.034400 0.070800 0.034400 0.057300 0.051600 0.028500 0.046700 0.070300 0.058600 0.064600 0.034400 0.040500 0.028800 0.034400 0.063300 0.083200 0.034200 0.040400 0.045700 0.046000 0.058000 0.046000 0.071100 0.022900 0.097300 0.045800 0.039900 0.064300 0.046000 0.017100 0.040000 0.082400 0.095500 0.028700 0.065000 0.095400 0.076400 0.040700 0.052700 0.064000 0.052600 0.047300 0.040200 0.028500
Sheep 0.016700 0.298600 0.075000 0.271700 0.045600 0.000000 0.076900 0.076600 0.069100 0.106900 0.033900 0.080200 0.050900 0.039600 0.082100 0.106100 0.094300 0.088100 0.045500 0.075400 0.063800 0.033800 0.099900 0.119500 0.033700 0.075500 0.045100 0.080800 0.093300 0.068900 0.107200 0.045700 0.134500 0.045300 0.051000 0.087500 0.045400 0.051800 0.074800 0.105900 0.132200 0.075500 0.101100 0.132000 0.099700 0.075900 0.076000 0.099600 0.075900 0.083200 0.075000 0.062900
MaxwellsDu 0.070900 0.262600 0.071600 0.233300 0.041200 0.076900 0.000000 0.041700 0.065500 0.078500 0.053300 0.076900 0.070900 0.047100 0.041500 0.065500 0.078700 0.085000 0.053200 0.072100 0.047700 0.053100 0.077400 0.091600 0.053000 0.059700 0.064800 0.077600 0.077800 0.077500 0.078800 0.029400 0.105900 0.065000 0.058900 0.084500 0.065300 0.035500 0.059000 0.103500 0.110600 0.059600 0.072600 0.104200 0.097100 0.047700 0.072700 0.083400 0.072400 0.067300 0.071600 0.059200
GazellaPrz 0.070600 0.267000 0.071300 0.239300 0.041000 0.076600 0.041700 0.000000 0.065200 0.078000 0.053000 0.064400 0.070700 0.046900 0.053400 0.065200 0.065800 0.084500 0.052900 0.071800 0.047500 0.053000 0.063500 0.095600 0.052700 0.047200 0.064500 0.077200 0.065100 0.077200 0.078300 0.041100 0.105200 0.064800 0.058700 0.084100 0.064700 0.035300 0.058800 0.102900 0.109300 0.047100 0.072100 0.116500 0.096700 0.059700 0.072300 0.082400 0.072100 0.066800 0.071300 0.058900
MountainNy 0.063300 0.225700 0.017000 0.244100 0.034400 0.069100 0.065500 0.065200 0.000000 0.070800 0.046100 0.057200 0.063300 0.040100 0.070800 0.094900 0.070800 0.076800 0.046000 0.005700 0.052500 0.046000 0.075500 0.083200 0.045800 0.064300 0.057400 0.011300 0.082100 0.011200 0.071100 0.034500 0.110200 0.057600 0.051600 0.064100 0.057800 0.040500 0.051800 0.094800 0.108200 0.052300 0.065100 0.108000 0.076200 0.064700 0.077000 0.076100 0.076900 0.059500 0.005600 0.005600
MuntiacusM 0.100800 0.236000 0.070700 0.263200 0.070800 0.106900 0.078500 0.078000 0.070800 0.000000 0.083100 0.106800 0.094300 0.070600 0.088100 0.101900 0.071500 0.071400 0.083000 0.077400 0.077700 0.082900 0.053200 0.052900 0.082600 0.089700 0.088100 0.076600 0.101800 0.082700 0.017300 0.071000 0.110800 0.088300 0.088600 0.114900 0.082600 0.065200 0.076500 0.070500 0.077100 0.089700 0.011500 0.077200 0.121300 0.090200 0.103100 0.094600 0.102800 0.072700 0.070700 0.064500
goat 0.028200 0.255700 0.051900 0.244200 0.034400 0.033900 0.053300 0.053000 0.046100 0.083100 0.000000 0.057200 0.039800 0.028500 0.058700 0.082500 0.070700 0.076800 0.022800 0.052300 0.040600 0.011300 0.076000 0.095500 0.011200 0.052300 0.034000 0.057700 0.069900 0.057600 0.083400 0.022800 0.097300 0.034100 0.028300 0.064100 0.022700 0.028800 0.051700 0.094800 0.108100 0.052200 0.077300 0.107900 0.076200 0.052600 0.064800 0.076100 0.052600 0.047300 0.051900 0.040000
AfricanBuf 0.074400 0.274700 0.063000 0.247600 0.057300 0.080200 0.076900 0.064400 0.057200 0.106800 0.057200 0.000000 0.062600 0.051200 0.069900 0.081400 0.081900 0.100400 0.057200 0.063400 0.063800 0.057200 0.087400 0.113100 0.056900 0.063400 0.056700 0.068800 0.057100 0.068700 0.107200 0.045700 0.134600 0.056900 0.051000 0.051500 0.068900 0.051800 0.074800 0.105800 0.119200 0.063400 0.101000 0.119000 0.063300 0.076000 0.088300 0.093400 0.088200 0.083100 0.063000 0.051100
Topi 0.056900 0.283400 0.063300 0.264600 0.051600 0.050900 0.070900 0.070700 0.063300 0.094300 0.039800 0.062600 0.000000 0.028200 0.076100 0.081700 0.088400 0.088300 0.039800 0.069700 0.058000 0.039800 0.086800 0.106800 0.039600 0.069700 0.005500 0.069000 0.069300 0.063100 0.094700 0.039900 0.128300 0.005500 0.022400 0.081700 0.045100 0.046100 0.069000 0.093500 0.106600 0.069700 0.088600 0.106400 0.087800 0.070100 0.082400 0.081200 0.070100 0.077200 0.063300 0.057200
CommonDuik 0.045500 0.246800 0.039200 0.235800 0.028500 0.039600 0.047100 0.046900 0.040100 0.070600 0.028500 0.051200 0.028200 0.000000 0.052500 0.064000 0.064400 0.058300 0.028400 0.046200 0.034600 0.028400 0.063000 0.082900 0.028300 0.046200 0.022500 0.039900 0.051800 0.039900 0.070800 0.017000 0.103400 0.022600 0.034000 0.058000 0.034200 0.022900 0.045700 0.082200 0.095200 0.046200 0.064800 0.095000 0.057900 0.046500 0.058500 0.057800 0.058400 0.053200 0.034200 0.034100
Suni 0.076100 0.273100 0.082200 0.263300 0.046700 0.082100 0.041500 0.053400 0.070800 0.088100 0.058700 0.069900 0.076100 0.052500 0.000000 0.075100 0.084000 0.090200 0.058600 0.077400 0.053100 0.058500 0.089300 0.096900 0.058300 0.052800 0.070000 0.082700 0.083000 0.082700 0.088100 0.034900 0.111000 0.070200 0.064200 0.077200 0.070600 0.041000 0.064300 0.108700 0.122500 0.065000 0.082100 0.096500 0.089600 0.065400 0.077900 0.088500 0.071400 0.066400 0.076800 0.064400
Springbuck 0.100100 0.272800 0.088500 0.245000 0.070300 0.106100 0.065500 0.065200 0.094900 0.101900 0.082500 0.081400 0.081700 0.064000 0.075100 0.000000 0.095800 0.102000 0.082400 0.101700 0.064800 0.082400 0.094500 0.108700 0.082000 0.064500 0.075600 0.094400 0.034400 0.106900 0.102300 0.058400 0.136300 0.075800 0.075700 0.114200 0.088400 0.064700 0.088200 0.113900 0.127700 0.064500 0.096100 0.114600 0.114100 0.089700 0.088200 0.093800 0.089700 0.097300 0.088500 0.088300
Okapi 0.088300 0.258600 0.064600 0.231100 0.058600 0.094300 0.078700 0.065800 0.070800 0.071500 0.070700 0.081900 0.088400 0.064400 0.084000 0.095800 0.000000 0.040800 0.070600 0.077300 0.065200 0.070600 0.059400 0.077700 0.070300 0.064800 0.082200 0.082700 0.082900 0.082600 0.071700 0.058800 0.109500 0.082500 0.076200 0.101800 0.082800 0.052900 0.076400 0.083200 0.096300 0.064800 0.065600 0.096300 0.114600 0.077700 0.090300 0.101800 0.090200 0.060100 0.076800 0.064400
Giraffe 0.082100 0.250400 0.064400 0.254500 0.064600 0.088100 0.085000 0.084500 0.076800 0.071400 0.076800 0.100400 0.088300 0.058300 0.090200 0.102000 0.040800 0.000000 0.076700 0.083400 0.071300 0.076600 0.071800 0.083800 0.076400 0.083300 0.082100 0.076400 0.089000 0.088700 0.071700 0.064800 0.117800 0.082300 0.082300 0.107800 0.082700 0.059000 0.082400 0.083200 0.083700 0.083200 0.065600 0.096200 0.107800 0.083800 0.096600 0.095300 0.096300 0.066300 0.070500 0.070400
TibetanAnt 0.039800 0.254700 0.056900 0.259100 0.034400 0.045500 0.053200 0.052900 0.046000 0.083000 0.022800 0.057200 0.039800 0.028400 0.058600 0.082400 0.070600 0.076700 0.000000 0.052200 0.040600 0.022700 0.075600 0.095400 0.022600 0.052200 0.034000 0.057600 0.069900 0.057600 0.083300 0.022800 0.110000 0.034100 0.028300 0.064000 0.034200 0.028800 0.051700 0.094600 0.108000 0.052200 0.077200 0.107800 0.076100 0.052500 0.064700 0.063800 0.052500 0.059400 0.051900 0.040000
Sitatunga 0.069600 0.234600 0.022900 0.253300 0.040500 0.075400 0.072100 0.071800 0.005700 0.077400 0.052300 0.063400 0.069700 0.046200 0.077400 0.101700 0.077300 0.083400 0.052200 0.000000 0.058900 0.052200 0.081900 0.089900 0.052000 0.070700 0.063600 0.017000 0.088700 0.017000 0.077700 0.040500 0.117400 0.063800 0.057800 0.070500 0.064100 0.046700 0.058000 0.101500 0.102400 0.058600 0.071600 0.115000 0.082800 0.071200 0.083600 0.082600 0.083500 0.066000 0.011300 0.011300
Oribi 0.057900 0.266300 0.063900 0.223400 0.028800 0.063800 0.047700 0.047500 0.052500 0.077700 0.040600 0.063800 0.058000 0.034600 0.053100 0.064800 0.065200 0.071300 0.040600 0.058900 0.000000 0.040600 0.070100 0.090200 0.040400 0.046800 0.052000 0.064300 0.052400 0.064300 0.078000 0.028900 0.091900 0.052200 0.046200 0.071000 0.052400 0.023200 0.046300 0.089400 0.102700 0.046700 0.071800 0.102600 0.083200 0.047100 0.047100 0.070700 0.059200 0.053900 0.058500 0.046400
BarbaryShe 0.028200 0.254700 0.051900 0.258900 0.034400 0.033800 0.053100 0.053000 0.046000 0.082900 0.011300 0.057200 0.039800 0.028400 0.058500 0.082400 0.070600 0.076600 0.022700 0.052200 0.040600 0.000000 0.075500 0.095300 0.011200 0.052200 0.034000 0.057600 0.057800 0.045800 0.083200 0.022800 0.109800 0.034100 0.028300 0.064100 0.022300 0.028700 0.051700 0.094500 0.107800 0.052200 0.077100 0.107700 0.076200 0.052500 0.064700 0.075800 0.052500 0.059300 0.051900 0.040000
Daviddeer 0.093900 0.258300 0.075100 0.238500 0.063300 0.099900 0.077400 0.063500 0.075500 0.053200 0.076000 0.087400 0.086800 0.063000 0.089300 0.094500 0.059400 0.071800 0.075600 0.081900 0.070100 0.075500 0.000000 0.057500 0.075500 0.069800 0.081000 0.081300 0.082000 0.087700 0.047300 0.063600 0.125300 0.081200 0.080800 0.107400 0.075400 0.057500 0.081700 0.081900 0.046600 0.069700 0.041300 0.076300 0.114000 0.082900 0.095900 0.101300 0.095300 0.060400 0.075600 0.068900
Reindeer 0.113400 0.235700 0.083000 0.255000 0.083200 0.119500 0.091600 0.095600 0.083200 0.052900 0.095500 0.113100 0.106800 0.082900 0.096900 0.108700 0.077700 0.083800 0.095400 0.089900 0.090200 0.095300 0.057500 0.000000 0.095000 0.083400 0.100500 0.089000 0.108100 0.095200 0.047100 0.071100 0.137900 0.100800 0.088500 0.127900 0.095000 0.077500 0.076500 0.076600 0.083500 0.083300 0.041200 0.034900 0.134400 0.090100 0.116000 0.108300 0.115700 0.085300 0.083100 0.076700
Ibex 0.028000 0.269200 0.051600 0.257700 0.034200 0.033700 0.053000 0.052700 0.045800 0.082600 0.011200 0.056900 0.039600 0.028300 0.058300 0.082000 0.070300 0.076400 0.022600 0.052000 0.040400 0.011200 0.075500 0.095000 0.000000 0.052000 0.033800 0.057400 0.069500 0.057300 0.082900 0.022700 0.109500 0.033900 0.028200 0.063700 0.022600 0.028600 0.051500 0.094200 0.107500 0.051900 0.076800 0.107300 0.075700 0.052300 0.064400 0.075700 0.052300 0.059100 0.051600 0.039800
GyrantGaze 0.069600 0.241100 0.070200 0.237300 0.040400 0.075500 0.059700 0.047200 0.064300 0.089700 0.052300 0.063400 0.069700 0.046200 0.052800 0.064500 0.064800 0.083300 0.052200 0.070700 0.046800 0.052200 0.069800 0.083400 0.052000 0.000000 0.063700 0.076100 0.052200 0.076000 0.090000 0.040500 0.117200 0.063800 0.045900 0.082900 0.064100 0.034800 0.046000 0.088800 0.115000 0.022900 0.083900 0.101900 0.095200 0.046800 0.071200 0.082500 0.064800 0.065900 0.070200 0.058000
Hartebeest 0.051000 0.275400 0.057400 0.256600 0.045700 0.045100 0.064800 0.064500 0.057400 0.088100 0.034000 0.056700 0.005500 0.022500 0.070000 0.075600 0.082200 0.082100 0.034000 0.063600 0.052000 0.034000 0.081000 0.100500 0.033800 0.063700 0.000000 0.063100 0.063300 0.057200 0.088400 0.034100 0.121800 0.000000 0.016700 0.075500 0.039600 0.040200 0.063000 0.087300 0.100300 0.063600 0.082400 0.100100 0.081500 0.064000 0.076300 0.075400 0.064000 0.071000 0.057300 0.051300
Bongo 0.075000 0.224300 0.022200 0.258300 0.046000 0.080800 0.077600 0.077200 0.011300 0.076600 0.057700 0.068800 0.069000 0.039900 0.082700 0.094400 0.082700 0.076400 0.057600 0.017000 0.064300 0.057600 0.081300 0.089000 0.057400 0.076100 0.063100 0.000000 0.081700 0.022500 0.076900 0.046000 0.122700 0.063300 0.063200 0.075900 0.063500 0.052200 0.063400 0.100600 0.114100 0.064000 0.070900 0.107600 0.075800 0.076600 0.089000 0.075700 0.088900 0.071500 0.005600 0.016900
Gerenuk 0.087400 0.247500 0.075800 0.235800 0.058000 0.093300 0.077800 0.065100 0.082100 0.101800 0.069900 0.057100 0.069300 0.051800 0.083000 0.034400 0.082900 0.089000 0.069900 0.088700 0.052400 0.057800 0.082000 0.108100 0.069500 0.052200 0.063300 0.081700 0.000000 0.081700 0.102100 0.058100 0.136200 0.063400 0.063400 0.088500 0.075800 0.052400 0.075600 0.100800 0.114200 0.052200 0.095900 0.114000 0.088400 0.076800 0.076900 0.082100 0.089100 0.084200 0.075900 0.075700
CommonElan 0.074900 0.224100 0.028400 0.242800 0.046000 0.068900 0.077500 0.077200 0.011200 0.082700 0.057600 0.068700 0.063100 0.039900 0.082700 0.106900 0.082600 0.088700 0.057600 0.017000 0.064300 0.045800 0.087700 0.095200 0.057300 0.076000 0.057200 0.022500 0.081700 0.000000 0.083000 0.046000 0.122600 0.057300 0.063100 0.075900 0.069400 0.052200 0.063400 0.106800 0.120400 0.064000 0.077000 0.120200 0.088100 0.076500 0.089000 0.087900 0.088800 0.071400 0.016900 0.016800
MuntiacusR 0.101200 0.237200 0.071000 0.264600 0.071100 0.107200 0.078800 0.078300 0.071100 0.017300 0.083400 0.107200 0.094700 0.070800 0.088100 0.102300 0.071700 0.071700 0.083300 0.077700 0.078000 0.083200 0.047300 0.047100 0.082900 0.090000 0.088400 0.076900 0.102100 0.083000 0.000000 0.071300 0.111300 0.088700 0.088900 0.115400 0.082900 0.065400 0.076800 0.077000 0.071300 0.090000 0.005800 0.071400 0.121800 0.090600 0.103600 0.094700 0.103200 0.073000 0.071000 0.064700
HarveysDui 0.039900 0.241700 0.040300 0.230000 0.022900 0.045700 0.029400 0.041100 0.034500 0.071000 0.022800 0.045700 0.039900 0.017000 0.034900 0.058400 0.058800 0.064800 0.022800 0.040500 0.028900 0.022800 0.063600 0.071100 0.022700 0.040500 0.034100 0.046000 0.058100 0.046000 0.071300 0.000000 0.097700 0.034200 0.028400 0.052300 0.034300 0.017200 0.040100 0.082700 0.095800 0.040500 0.065200 0.083200 0.064300 0.040800 0.052900 0.064200 0.052700 0.047400 0.040300 0.028500
Pronghorn 0.115200 0.298000 0.116600 0.245600 0.097300 0.134500 0.105900 0.105200 0.110200 0.110800 0.097300 0.134600 0.128300 0.103400 0.111000 0.136300 0.109500 0.117800 0.110000 0.117400 0.091900 0.109800 0.125300 0.137900 0.109500 0.117200 0.121800 0.122700 0.136200 0.122600 0.111300 0.097700 0.000000 0.122100 0.115700 0.143500 0.109700 0.091700 0.102900 0.123500 0.151100 0.117100 0.105000 0.151100 0.143300 0.117900 0.118300 0.142400 0.117700 0.100000 0.116600 0.103300
BlueWildeb 0.051100 0.276200 0.057500 0.257400 0.045800 0.045300 0.065000 0.064800 0.057600 0.088300 0.034100 0.056900 0.005500 0.022600 0.070200 0.075800 0.082500 0.082300 0.034100 0.063800 0.052200 0.034100 0.081200 0.100800 0.033900 0.063800 0.000000 0.063300 0.063400 0.057300 0.088700 0.034200 0.122100 0.000000 0.016800 0.075800 0.039500 0.040300 0.063200 0.087600 0.100600 0.063800 0.082600 0.100400 0.081900 0.064200 0.076500 0.075400 0.064200 0.071200 0.057500 0.051500
Gemsbok 0.045300 0.260500 0.062400 0.264600 0.039900 0.051000 0.058900 0.058700 0.051600 0.088600 0.028300 0.051000 0.022400 0.034000 0.064200 0.075700 0.076200 0.082300 0.028300 0.057800 0.046200 0.028300 0.080800 0.088500 0.028200 0.045900 0.016700 0.063200 0.063400 0.063100 0.088900 0.028400 0.115700 0.016800 0.000000 0.069700 0.039800 0.034400 0.045500 0.075500 0.100800 0.045900 0.082800 0.088200 0.081800 0.046200 0.070300 0.075500 0.058200 0.065100 0.057400 0.045600
Yak 0.081500 0.288100 0.070000 0.260100 0.064300 0.087500 0.084500 0.084100 0.064100 0.114900 0.064100 0.051500 0.081700 0.058000 0.077200 0.114200 0.101800 0.107800 0.064000 0.070500 0.071000 0.064100 0.107400 0.127900 0.063700 0.082900 0.075500 0.075900 0.088500 0.075900 0.115400 0.052300 0.143500 0.075800 0.069700 0.000000 0.075800 0.058700 0.082000 0.126700 0.140900 0.082900 0.109100 0.140600 0.011400 0.083300 0.083400 0.094600 0.095800 0.090800 0.070100 0.057900
BlueSheep 0.028100 0.277800 0.057700 0.274200 0.046000 0.045400 0.065300 0.064700 0.057800 0.082600 0.022700 0.068900 0.045100 0.034200 0.070600 0.088400 0.082800 0.082700 0.034200 0.064100 0.052400 0.022300 0.075400 0.095000 0.022600 0.064100 0.039600 0.063500 0.075800 0.069400 0.082900 0.034300 0.109700 0.039500 0.039800 0.075800 0.000000 0.040400 0.051600 0.094300 0.107500 0.064000 0.076800 0.107300 0.069700 0.064400 0.076800 0.069700 0.052400 0.071500 0.057700 0.051600
BohorReedb 0.046000 0.250200 0.051700 0.238400 0.017100 0.051800 0.035500 0.035300 0.040500 0.065200 0.028800 0.051800 0.046100 0.022900 0.041000 0.064700 0.052900 0.059000 0.028800 0.046700 0.023200 0.028700 0.057500 0.077500 0.028600 0.034800 0.040200 0.052200 0.052400 0.052200 0.065400 0.017200 0.091700 0.040300 0.034400 0.058700 0.040400 0.000000 0.034400 0.076900 0.089900 0.034800 0.059400 0.089800 0.070800 0.035000 0.047000 0.058400 0.047000 0.041600 0.046400 0.034500
KirksDik 0.057100 0.238500 0.062900 0.265400 0.040000 0.074800 0.059000 0.058800 0.051800 0.076500 0.051700 0.074800 0.069000 0.045700 0.064300 0.088200 0.076400 0.082400 0.051700 0.058000 0.046300 0.051700 0.081700 0.076500 0.051500 0.046000 0.063000 0.063400 0.075600 0.063400 0.076800 0.040100 0.102900 0.063200 0.045500 0.082000 0.051600 0.034400 0.000000 0.088000 0.113800 0.046000 0.070700 0.100900 0.082000 0.046300 0.070500 0.069700 0.046200 0.065200 0.057600 0.045700
RoeDeer 0.112500 0.248700 0.094700 0.252400 0.082400 0.105900 0.103500 0.102900 0.094800 0.070500 0.094800 0.105800 0.093500 0.082200 0.108700 0.113900 0.083200 0.083200 0.094600 0.101500 0.089400 0.094500 0.081900 0.076600 0.094200 0.088800 0.087300 0.100600 0.100800 0.106800 0.077000 0.082700 0.123500 0.087600 0.075500 0.126700 0.094300 0.076900 0.088000 0.000000 0.088700 0.088800 0.070900 0.076300 0.133200 0.089400 0.115000 0.113600 0.114700 0.084600 0.094700 0.088200
WhiteLippe 0.126100 0.287300 0.108000 0.275200 0.095500 0.132200 0.110600 0.109300 0.108200 0.077100 0.108100 0.119200 0.106600 0.095200 0.122500 0.127700 0.096300 0.083700 0.108000 0.102400 0.102700 0.107800 0.046600 0.083500 0.107500 0.115000 0.100300 0.114100 0.114200 0.120400 0.071300 0.095800 0.151100 0.100600 0.100800 0.140900 0.107500 0.089900 0.113800 0.088700 0.000000 0.114900 0.065300 0.083100 0.147400 0.115700 0.129000 0.127400 0.128600 0.097900 0.107900 0.101400
ThomsonGaz 0.069600 0.234000 0.058200 0.237200 0.028700 0.075500 0.059600 0.047100 0.052300 0.089700 0.052200 0.063400 0.069700 0.046200 0.065000 0.064500 0.064800 0.083200 0.052200 0.058600 0.046700 0.052200 0.069700 0.083300 0.051900 0.022900 0.063600 0.064000 0.052200 0.064000 0.090000 0.040500 0.117100 0.063800 0.045900 0.082900 0.064000 0.034800 0.046000 0.088800 0.114900 0.000000 0.083800 0.101900 0.095300 0.046800 0.071100 0.082500 0.071000 0.065800 0.058200 0.046100
MuntiacusC 0.095000 0.229900 0.064900 0.257000 0.065000 0.101100 0.072600 0.072100 0.065100 0.011500 0.077300 0.101000 0.088600 0.064800 0.082100 0.096100 0.065600 0.065600 0.077200 0.071600 0.071800 0.077100 0.041300 0.041200 0.076800 0.083900 0.082400 0.070900 0.095900 0.077000 0.005800 0.065200 0.105000 0.082600 0.082800 0.109100 0.076800 0.059400 0.070700 0.070900 0.065300 0.083800 0.000000 0.065300 0.115500 0.084400 0.097300 0.088800 0.097000 0.066800 0.065000 0.058700
WhiteTaile 0.125900 0.265800 0.107800 0.278200 0.095400 0.132000 0.104200 0.116500 0.108000 0.077200 0.107900 0.119000 0.106400 0.095000 0.096500 0.114600 0.096300 0.096200 0.107800 0.115000 0.102600 0.107700 0.076300 0.034900 0.107300 0.101900 0.100100 0.107600 0.114000 0.120200 0.071400 0.083200 0.151100 0.100400 0.088200 0.140600 0.107300 0.089800 0.100900 0.076300 0.083100 0.101900 0.065300 0.000000 0.147200 0.102600 0.128800 0.127200 0.128300 0.091400 0.107800 0.101300
Cattle 0.081500 0.287500 0.070000 0.275800 0.076400 0.099700 0.097100 0.096700 0.076200 0.121300 0.076200 0.063300 0.087800 0.057900 0.089600 0.114100 0.114600 0.107800 0.076100 0.082800 0.083200 0.076200 0.114000 0.134400 0.075700 0.095200 0.081500 0.075800 0.088400 0.088100 0.121800 0.064300 0.143300 0.081900 0.081800 0.011400 0.069700 0.070800 0.082000 0.133200 0.147400 0.095300 0.115500 0.147200 0.000000 0.095800 0.095900 0.094600 0.095700 0.103600 0.070000 0.069900
RoyalAntel 0.070000 0.266500 0.070700 0.270900 0.040700 0.075900 0.047700 0.059700 0.064700 0.090200 0.052600 0.076000 0.070100 0.046500 0.065400 0.089700 0.077700 0.083800 0.052500 0.071200 0.047100 0.052500 0.082900 0.090100 0.052300 0.046800 0.064000 0.076600 0.076800 0.076500 0.090600 0.040800 0.117900 0.064200 0.046200 0.083300 0.064400 0.035000 0.046300 0.089400 0.115700 0.046800 0.084400 0.102600 0.095800 0.000000 0.065400 0.083000 0.071400 0.066300 0.070700 0.058400
Steenbok 0.070100 0.299400 0.083100 0.239600 0.052700 0.076000 0.072700 0.072300 0.077000 0.103100 0.064800 0.088300 0.082400 0.058500 0.077900 0.088200 0.090300 0.096600 0.064700 0.083600 0.047100 0.064700 0.095900 0.116000 0.064400 0.071200 0.076300 0.089000 0.076900 0.089000 0.103600 0.052900 0.118300 0.076500 0.070300 0.083400 0.076800 0.047000 0.070500 0.115000 0.129000 0.071100 0.097300 0.128800 0.095900 0.065400 0.000000 0.095700 0.084100 0.079000 0.083100 0.070600
Impala 0.093600 0.262500 0.069900 0.299400 0.064000 0.099600 0.083400 0.082400 0.076100 0.094600 0.076100 0.093400 0.081200 0.057800 0.088500 0.093800 0.101800 0.095300 0.063800 0.082600 0.070700 0.075800 0.101300 0.108300 0.075700 0.082500 0.075400 0.075700 0.082100 0.087900 0.094700 0.064200 0.142400 0.075400 0.075500 0.094600 0.069700 0.058400 0.069700 0.113600 0.127400 0.082500 0.088800 0.127200 0.094600 0.083000 0.095700 0.000000 0.095400 0.090500 0.069900 0.069800
Klipspring 0.057900 0.256000 0.083000 0.286700 0.052600 0.075900 0.072400 0.072100 0.076900 0.102800 0.052600 0.088200 0.070100 0.058400 0.071400 0.089700 0.090200 0.096300 0.052500 0.083500 0.059200 0.052500 0.095300 0.115700 0.052300 0.064800 0.064000 0.088900 0.089100 0.088800 0.103200 0.052700 0.117700 0.064200 0.058200 0.095800 0.052400 0.047000 0.046200 0.114700 0.128600 0.071000 0.097000 0.128300 0.095700 0.071400 0.084100 0.095400 0.000000 0.078800 0.083000 0.070500
ForestMusk 0.077200 0.223100 0.065500 0.227800 0.047300 0.083200 0.067300 0.066800 0.059500 0.072700 0.047300 0.083100 0.077200 0.053200 0.066400 0.097300 0.060100 0.066300 0.059400 0.066000 0.053900 0.059300 0.060400 0.085300 0.059100 0.065900 0.071000 0.071500 0.084200 0.071400 0.073000 0.047400 0.100000 0.071200 0.065100 0.090800 0.071500 0.041600 0.065200 0.084600 0.097900 0.065800 0.066800 0.091400 0.103600 0.066300 0.079000 0.090500 0.078800 0.000000 0.065500 0.053100
Bushbuck 0.069200 0.217600 0.011300 0.251300 0.040200 0.075000 0.071600 0.071300 0.005600 0.070700 0.051900 0.063000 0.063300 0.034200 0.076800 0.088500 0.076800 0.070500 0.051900 0.011300 0.058500 0.051900 0.075600 0.083100 0.051600 0.070200 0.057300 0.005600 0.075900 0.016900 0.071000 0.040300 0.116600 0.057500 0.057400 0.070100 0.057700 0.046400 0.057600 0.094700 0.107900 0.058200 0.065000 0.107800 0.070000 0.070700 0.083100 0.069900 0.083000 0.065500 0.000000 0.011300
GreaterKud 0.057200 0.217300 0.011300 0.235300 0.028500 0.062900 0.059200 0.058900 0.005600 0.064500 0.040000 0.051100 0.057200 0.034100 0.064400 0.088300 0.064400 0.070400 0.040000 0.011300 0.046400 0.040000 0.068900 0.076700 0.039800 0.058000 0.051300 0.016900 0.075700 0.016800 0.064700 0.028500 0.103300 0.051500 0.045600 0.057900 0.051600 0.034500 0.045700 0.088200 0.101400 0.046100 0.058700 0.101300 0.069900 0.058400 0.070600 0.069800 0.070500 0.053100 0.011300 0.000000
