CODONML (in paml version 4.10.7, June 2023)  /home/rachel/ruminants_paml/6406-phy-tree/ENSBTAT00000007149.fasta.phy
Model: free dN/dS Ratios for branches,  kappa = 2.000 fixed

Codon frequency model: F3x4
ns =  54  ls =  34

Codon usage in sequences
--------------------------------------------------------------------------------------------------------------------------------------
Phe TTT   0   0   0   0   0   0 | Ser TCT   0   0   0   0   0   0 | Tyr TAT   0   0   0   0   0   0 | Cys TGT   0   0   0   0   0   0
    TTC   0   0   0   0   0   0 |     TCC   1   1   1   1   1   1 |     TAC   1   1   1   1   1   0 |     TGC   0   0   0   0   0   0
Leu TTA   0   0   0   0   0   0 |     TCA   0   0   0   0   0   0 | *** TAA   0   0   0   0   0   0 | *** TGA   0   0   0   0   0   0
    TTG   1   1   1   1   1   1 |     TCG   0   0   0   0   0   0 |     TAG   0   0   0   0   0   0 | Trp TGG   0   0   0   0   0   0
--------------------------------------------------------------------------------------------------------------------------------------
Leu CTT   0   0   0   0   0   0 | Pro CCT   1   1   1   1   0   0 | His CAT   0   0   0   0   0   0 | Arg CGT   0   0   0   0   0   0
    CTC   0   0   0   0   0   0 |     CCC   1   1   2   1   3   2 |     CAC   0   0   0   0   0   1 |     CGC   0   0   0   0   0   0
    CTA   0   0   0   0   0   0 |     CCA   0   1   0   0   0   1 | Gln CAA   0   1   0   0   0   0 |     CGA   0   0   0   0   0   0
    CTG   0   0   0   0   0   0 |     CCG   2   1   2   2   1   1 |     CAG   2   1   2   2   2   2 |     CGG   0   0   0   0   0   0
--------------------------------------------------------------------------------------------------------------------------------------
Ile ATT   0   0   0   0   0   0 | Thr ACT   0   0   0   0   0   1 | Asn AAT   0   0   0   0   0   0 | Ser AGT   0   0   0   0   0   0
    ATC   1   1   1   1   1   1 |     ACC   2   4   3   2   4   1 |     AAC   1   1   1   1   2   1 |     AGC   1   1   1   1   0   2
    ATA   0   0   0   0   0   0 |     ACA   0   0   0   0   0   0 | Lys AAA   0   0   0   0   1   0 | Arg AGA   0   0   0   0   0   0
Met ATG   0   0   0   0   0   0 |     ACG   0   0   0   0   0   1 |     AAG   4   4   4   4   3   4 |     AGG   0   0   0   0   0   0
--------------------------------------------------------------------------------------------------------------------------------------
Val GTT   0   0   0   0   0   0 | Ala GCT   0   1   0   0   0   0 | Asp GAT   0   0   0   0   0   0 | Gly GGT   1   1   1   1   1   0
    GTC   0   0   0   0   0   0 |     GCC   4   0   1   4   1   2 |     GAC   1   2   1   1   2   1 |     GGC   2   3   2   2   3   3
    GTA   0   0   0   0   0   0 |     GCA   0   1   0   0   1   1 | Glu GAA   1   1   1   1   1   1 |     GGA   1   0   1   1   0   0
    GTG   0   0   0   0   0   0 |     GCG   0   0   1   0   0   0 |     GAG   5   4   5   5   4   5 |     GGG   1   1   1   1   1   1
--------------------------------------------------------------------------------------------------------------------------------------

--------------------------------------------------------------------------------------------------------------------------------------
Phe TTT   0   0   0   0   0   0 | Ser TCT   0   0   0   0   0   1 | Tyr TAT   0   0   1   0   0   1 | Cys TGT   0   0   0   0   0   0
    TTC   0   0   0   0   0   0 |     TCC   1   1   1   1   1   0 |     TAC   1   1   0   1   1   0 |     TGC   0   0   0   0   0   0
Leu TTA   0   0   0   0   0   0 |     TCA   0   0   0   0   0   0 | *** TAA   0   0   0   0   0   0 | *** TGA   0   0   0   0   0   0
    TTG   1   1   1   1   1   1 |     TCG   0   0   0   0   0   0 |     TAG   0   0   0   0   0   0 | Trp TGG   0   0   0   0   0   0
--------------------------------------------------------------------------------------------------------------------------------------
Leu CTT   0   0   0   0   0   0 | Pro CCT   1   1   1   1   1   1 | His CAT   0   0   0   0   0   0 | Arg CGT   0   0   0   0   0   0
    CTC   0   0   0   0   0   0 |     CCC   1   1   2   1   2   1 |     CAC   0   0   0   0   0   0 |     CGC   0   0   0   0   0   0
    CTA   0   0   0   0   0   0 |     CCA   0   0   0   0   0   0 | Gln CAA   0   0   0   0   0   0 |     CGA   0   0   0   0   0   0
    CTG   0   0   0   0   0   0 |     CCG   2   2   2   2   2   2 |     CAG   2   2   2   2   2   2 |     CGG   0   0   0   0   0   0
--------------------------------------------------------------------------------------------------------------------------------------
Ile ATT   0   0   0   0   0   0 | Thr ACT   0   0   0   0   0   0 | Asn AAT   0   0   0   0   0   0 | Ser AGT   1   0   0   0   0   0
    ATC   1   1   1   1   1   1 |     ACC   2   2   1   2   3   2 |     AAC   1   1   1   1   1   1 |     AGC   1   1   1   1   1   1
    ATA   0   0   0   0   0   0 |     ACA   0   0   0   0   0   0 | Lys AAA   0   0   0   0   0   0 | Arg AGA   0   0   0   0   0   0
Met ATG   0   0   0   0   0   0 |     ACG   0   0   0   0   0   0 |     AAG   4   4   4   4   4   4 |     AGG   0   0   0   0   0   0
--------------------------------------------------------------------------------------------------------------------------------------
Val GTT   0   0   0   0   0   0 | Ala GCT   0   0   0   1   0   0 | Asp GAT   0   0   0   0   0   0 | Gly GGT   0   1   2   1   1   1
    GTC   0   0   0   0   0   0 |     GCC   4   4   4   3   1   4 |     GAC   1   1   2   1   1   1 |     GGC   2   2   1   2   2   2
    GTA   0   0   0   0   0   0 |     GCA   0   0   0   0   1   0 | Glu GAA   1   1   1   1   1   1 |     GGA   1   1   1   1   1   1
    GTG   0   0   0   0   0   0 |     GCG   0   0   0   0   0   0 |     GAG   5   5   4   5   5   5 |     GGG   1   1   1   1   1   1
--------------------------------------------------------------------------------------------------------------------------------------

--------------------------------------------------------------------------------------------------------------------------------------
Phe TTT   0   0   0   0   0   0 | Ser TCT   0   0   0   0   0   0 | Tyr TAT   1   0   0   0   0   0 | Cys TGT   0   0   0   0   0   0
    TTC   0   0   0   0   0   0 |     TCC   1   1   1   1   1   1 |     TAC   0   1   1   1   1   1 |     TGC   0   0   0   0   0   0
Leu TTA   0   0   0   0   0   0 |     TCA   0   0   0   0   0   0 | *** TAA   0   0   0   0   0   0 | *** TGA   0   0   0   0   0   0
    TTG   1   1   1   1   1   1 |     TCG   0   0   0   0   0   0 |     TAG   0   0   0   0   0   0 | Trp TGG   0   0   0   0   0   0
--------------------------------------------------------------------------------------------------------------------------------------
Leu CTT   0   0   0   0   0   0 | Pro CCT   1   1   1   2   1   2 | His CAT   0   0   0   0   0   0 | Arg CGT   0   0   0   0   0   0
    CTC   0   0   0   0   0   0 |     CCC   1   2   1   1   1   1 |     CAC   0   0   0   0   0   0 |     CGC   0   0   0   0   0   0
    CTA   0   0   0   0   0   0 |     CCA   0   0   0   0   0   0 | Gln CAA   0   0   0   0   0   0 |     CGA   0   0   0   0   0   0
    CTG   0   0   0   0   0   0 |     CCG   2   2   2   1   2   1 |     CAG   2   2   2   2   2   2 |     CGG   0   0   0   0   0   0
--------------------------------------------------------------------------------------------------------------------------------------
Ile ATT   0   0   0   0   0   0 | Thr ACT   0   0   1   0   0   2 | Asn AAT   0   0   0   0   0   0 | Ser AGT   0   0   0   0   0   0
    ATC   1   1   1   1   1   1 |     ACC   2   3   1   2   2   0 |     AAC   1   1   1   1   1   1 |     AGC   1   1   1   1   1   1
    ATA   0   0   0   0   0   0 |     ACA   0   0   0   0   0   0 | Lys AAA   0   0   0   0   0   0 | Arg AGA   0   0   0   0   0   0
Met ATG   0   0   0   0   0   0 |     ACG   0   0   0   0   0   0 |     AAG   4   4   4   4   4   4 |     AGG   0   0   0   0   0   0
--------------------------------------------------------------------------------------------------------------------------------------
Val GTT   0   0   0   0   0   1 | Ala GCT   0   0   0   0   0   0 | Asp GAT   0   0   0   0   0   0 | Gly GGT   1   1   1   2   1   0
    GTC   0   0   0   0   0   0 |     GCC   4   1   4   4   4   4 |     GAC   1   1   1   1   1   1 |     GGC   2   2   2   1   2   2
    GTA   0   0   0   0   0   0 |     GCA   0   0   0   0   0   0 | Glu GAA   1   1   2   1   1   1 |     GGA   1   1   1   1   1   1
    GTG   0   0   0   0   0   0 |     GCG   0   1   0   0   0   0 |     GAG   5   5   4   5   5   5 |     GGG   1   1   1   1   1   1
--------------------------------------------------------------------------------------------------------------------------------------

--------------------------------------------------------------------------------------------------------------------------------------
Phe TTT   0   0   0   0   0   0 | Ser TCT   0   0   0   0   0   0 | Tyr TAT   0   0   0   1   0   1 | Cys TGT   0   0   0   0   0   0
    TTC   0   0   0   0   0   0 |     TCC   1   1   1   1   1   1 |     TAC   1   1   1   0   1   0 |     TGC   0   0   0   0   0   0
Leu TTA   0   0   0   0   0   0 |     TCA   0   0   0   0   0   0 | *** TAA   0   0   0   0   0   0 | *** TGA   0   0   0   0   0   0
    TTG   1   0   1   1   1   1 |     TCG   0   0   0   0   0   0 |     TAG   0   0   0   0   0   0 | Trp TGG   0   0   0   0   0   0
--------------------------------------------------------------------------------------------------------------------------------------
Leu CTT   0   0   0   0   0   0 | Pro CCT   1   1   1   1   1   1 | His CAT   0   0   0   0   0   0 | Arg CGT   0   0   0   0   0   0
    CTC   0   0   0   0   0   0 |     CCC   1   1   1   2   2   1 |     CAC   0   0   0   0   0   0 |     CGC   0   0   0   0   0   0
    CTA   0   0   0   0   0   0 |     CCA   1   1   0   0   1   0 | Gln CAA   0   0   0   0   0   0 |     CGA   0   0   0   0   0   0
    CTG   0   0   0   0   0   0 |     CCG   1   1   2   2   0   2 |     CAG   2   2   2   2   2   2 |     CGG   0   0   0   0   0   0
--------------------------------------------------------------------------------------------------------------------------------------
Ile ATT   0   0   0   0   0   0 | Thr ACT   0   0   0   0   1   0 | Asn AAT   0   0   0   0   0   0 | Ser AGT   0   0   0   0   0   0
    ATC   1   1   1   1   1   1 |     ACC   2   2   2   3   1   2 |     AAC   1   1   1   1   1   1 |     AGC   1   1   1   1   1   1
    ATA   0   0   0   0   0   0 |     ACA   0   0   0   0   0   0 | Lys AAA   0   0   0   0   0   0 | Arg AGA   0   0   0   0   0   0
Met ATG   0   1   0   0   0   0 |     ACG   0   0   0   0   0   0 |     AAG   4   4   4   4   4   3 |     AGG   0   0   0   0   0   1
--------------------------------------------------------------------------------------------------------------------------------------
Val GTT   0   0   0   0   0   0 | Ala GCT   0   0   0   0   0   0 | Asp GAT   0   0   0   0   0   0 | Gly GGT   1   1   1   1   1   1
    GTC   0   0   0   0   0   0 |     GCC   4   4   4   2   4   4 |     GAC   1   1   1   1   1   1 |     GGC   2   2   2   2   2   2
    GTA   0   0   0   0   0   0 |     GCA   0   0   0   0   0   0 | Glu GAA   1   1   2   1   1   1 |     GGA   1   1   1   1   1   1
    GTG   0   0   0   0   0   0 |     GCG   0   0   0   0   0   0 |     GAG   5   5   4   5   5   5 |     GGG   1   1   1   1   1   1
--------------------------------------------------------------------------------------------------------------------------------------

--------------------------------------------------------------------------------------------------------------------------------------
Phe TTT   0   0   0   0   0   0 | Ser TCT   0   0   0   0   0   0 | Tyr TAT   1   1   0   0   0   0 | Cys TGT   0   0   0   0   0   0
    TTC   0   0   0   0   0   0 |     TCC   1   1   1   1   1   1 |     TAC   0   0   1   1   1   1 |     TGC   0   0   0   0   0   0
Leu TTA   0   0   0   0   0   0 |     TCA   0   0   0   0   0   0 | *** TAA   0   0   0   0   0   0 | *** TGA   0   0   0   0   0   0
    TTG   1   1   1   1   1   1 |     TCG   0   0   0   0   0   0 |     TAG   0   0   0   0   0   0 | Trp TGG   0   0   0   0   0   0
--------------------------------------------------------------------------------------------------------------------------------------
Leu CTT   0   0   0   0   0   0 | Pro CCT   1   1   1   1   1   1 | His CAT   0   0   0   0   0   0 | Arg CGT   0   0   0   0   0   0
    CTC   0   0   0   0   0   0 |     CCC   1   1   1   1   1   2 |     CAC   0   0   0   0   0   0 |     CGC   0   0   0   0   0   0
    CTA   0   0   0   0   0   0 |     CCA   0   0   0   0   0   0 | Gln CAA   0   0   0   0   0   0 |     CGA   0   0   0   0   0   0
    CTG   0   0   0   0   0   0 |     CCG   2   2   2   2   2   2 |     CAG   2   2   2   2   2   2 |     CGG   0   0   0   0   0   0
--------------------------------------------------------------------------------------------------------------------------------------
Ile ATT   0   0   0   0   0   0 | Thr ACT   0   0   0   1   1   0 | Asn AAT   0   0   0   0   0   0 | Ser AGT   0   0   0   0   0   0
    ATC   1   1   1   1   1   1 |     ACC   2   2   2   1   1   3 |     AAC   1   1   1   1   1   1 |     AGC   1   1   1   1   1   1
    ATA   0   0   0   0   0   0 |     ACA   0   0   0   0   0   0 | Lys AAA   0   0   0   0   1   0 | Arg AGA   0   0   0   0   0   0
Met ATG   0   0   0   0   0   0 |     ACG   0   0   0   0   0   0 |     AAG   4   4   4   4   3   4 |     AGG   0   0   0   0   0   0
--------------------------------------------------------------------------------------------------------------------------------------
Val GTT   0   0   0   0   0   0 | Ala GCT   0   0   1   0   0   0 | Asp GAT   0   0   0   0   0   0 | Gly GGT   1   1   1   1   1   1
    GTC   0   0   0   0   0   0 |     GCC   3   4   3   4   4   2 |     GAC   1   2   1   1   1   1 |     GGC   2   2   2   1   2   2
    GTA   0   0   0   0   0   0 |     GCA   1   0   0   0   0   0 | Glu GAA   1   1   1   1   2   1 |     GGA   1   1   1   1   1   1
    GTG   0   0   0   0   0   0 |     GCG   0   0   0   0   0   0 |     GAG   5   4   5   5   4   5 |     GGG   1   1   1   2   1   1
--------------------------------------------------------------------------------------------------------------------------------------

--------------------------------------------------------------------------------------------------------------------------------------
Phe TTT   0   0   0   0   0   0 | Ser TCT   0   0   0   0   0   0 | Tyr TAT   0   1   1   0   0   0 | Cys TGT   0   0   0   0   0   0
    TTC   0   0   0   0   0   0 |     TCC   1   1   1   1   1   1 |     TAC   1   0   0   1   1   1 |     TGC   0   0   0   0   0   0
Leu TTA   0   0   0   0   0   0 |     TCA   0   0   0   0   0   0 | *** TAA   0   0   0   0   0   0 | *** TGA   0   0   0   0   0   0
    TTG   1   1   1   1   1   1 |     TCG   0   0   0   0   0   0 |     TAG   0   0   0   0   0   0 | Trp TGG   0   0   0   0   0   0
--------------------------------------------------------------------------------------------------------------------------------------
Leu CTT   0   0   0   0   0   0 | Pro CCT   1   1   1   1   1   1 | His CAT   0   0   0   0   0   0 | Arg CGT   0   0   0   0   0   0
    CTC   0   0   0   0   0   0 |     CCC   1   2   1   1   1   1 |     CAC   0   0   0   0   0   0 |     CGC   0   0   0   0   0   0
    CTA   0   0   0   0   0   0 |     CCA   0   0   0   0   0   0 | Gln CAA   0   0   0   0   0   0 |     CGA   0   0   0   0   0   0
    CTG   0   0   0   0   0   0 |     CCG   2   2   2   2   2   2 |     CAG   2   2   2   2   2   2 |     CGG   0   0   0   0   0   0
--------------------------------------------------------------------------------------------------------------------------------------
Ile ATT   0   0   0   0   0   0 | Thr ACT   1   0   0   0   0   1 | Asn AAT   0   0   0   0   0   0 | Ser AGT   0   0   0   0   0   0
    ATC   1   1   1   1   1   1 |     ACC   1   3   2   2   2   1 |     AAC   1   1   1   1   1   1 |     AGC   1   1   1   1   1   1
    ATA   0   0   0   0   0   0 |     ACA   0   0   0   0   0   0 | Lys AAA   0   0   0   0   0   0 | Arg AGA   0   0   0   0   0   0
Met ATG   0   0   0   0   0   0 |     ACG   0   0   0   0   0   0 |     AAG   4   4   4   4   4   4 |     AGG   0   0   0   0   0   0
--------------------------------------------------------------------------------------------------------------------------------------
Val GTT   1   0   0   0   0   0 | Ala GCT   0   0   0   0   0   0 | Asp GAT   0   0   0   0   0   0 | Gly GGT   0   1   1   2   1   1
    GTC   0   0   0   0   0   0 |     GCC   4   2   4   4   4   4 |     GAC   1   1   1   2   1   1 |     GGC   2   2   2   1   2   2
    GTA   0   0   0   0   0   0 |     GCA   0   0   0   0   0   0 | Glu GAA   1   1   1   1   1   2 |     GGA   1   1   1   1   1   1
    GTG   0   0   0   0   0   0 |     GCG   0   0   0   0   0   0 |     GAG   5   5   5   4   5   4 |     GGG   1   1   1   1   1   1
--------------------------------------------------------------------------------------------------------------------------------------

--------------------------------------------------------------------------------------------------------------------------------------
Phe TTT   0   0   0   0   0   0 | Ser TCT   0   0   0   0   0   0 | Tyr TAT   0   0   1   0   0   1 | Cys TGT   0   0   0   0   0   0
    TTC   0   0   0   0   0   0 |     TCC   1   1   1   1   1   1 |     TAC   1   1   0   1   1   0 |     TGC   0   0   0   0   0   0
Leu TTA   0   0   0   0   0   0 |     TCA   0   0   0   0   0   0 | *** TAA   0   0   0   0   0   0 | *** TGA   0   0   0   0   0   0
    TTG   1   1   1   1   1   1 |     TCG   0   0   0   0   0   0 |     TAG   0   0   0   0   0   0 | Trp TGG   0   0   0   0   0   0
--------------------------------------------------------------------------------------------------------------------------------------
Leu CTT   0   0   0   0   0   0 | Pro CCT   1   1   1   1   1   1 | His CAT   0   0   0   0   0   0 | Arg CGT   0   0   0   0   0   0
    CTC   0   0   0   0   0   0 |     CCC   1   2   1   1   1   1 |     CAC   0   0   0   0   0   0 |     CGC   0   0   0   0   0   0
    CTA   0   0   0   0   0   0 |     CCA   0   0   0   0   0   0 | Gln CAA   0   0   0   0   0   0 |     CGA   0   0   0   0   0   0
    CTG   0   0   0   0   0   0 |     CCG   2   2   2   2   2   2 |     CAG   2   2   2   2   2   2 |     CGG   0   0   0   0   0   0
--------------------------------------------------------------------------------------------------------------------------------------
Ile ATT   0   0   0   0   0   0 | Thr ACT   0   0   1   0   0   0 | Asn AAT   0   0   0   0   0   0 | Ser AGT   0   0   0   1   0   0
    ATC   1   1   1   1   1   1 |     ACC   2   3   1   2   2   1 |     AAC   1   1   1   1   1   1 |     AGC   1   1   1   1   1   1
    ATA   0   0   0   0   0   0 |     ACA   0   0   0   0   0   0 | Lys AAA   0   0   0   0   0   0 | Arg AGA   0   0   0   0   0   0
Met ATG   0   0   0   0   0   0 |     ACG   0   0   0   0   0   1 |     AAG   4   4   4   4   4   4 |     AGG   0   0   0   0   0   0
--------------------------------------------------------------------------------------------------------------------------------------
Val GTT   0   0   0   0   0   0 | Ala GCT   0   0   1   0   1   0 | Asp GAT   0   0   0   0   0   0 | Gly GGT   1   1   1   0   0   1
    GTC   0   0   0   0   0   0 |     GCC   4   1   3   4   3   4 |     GAC   1   1   1   1   1   1 |     GGC   2   2   2   2   3   2
    GTA   0   0   0   0   0   0 |     GCA   0   0   0   0   0   0 | Glu GAA   1   1   1   1   1   1 |     GGA   2   1   1   1   0   1
    GTG   0   0   0   0   0   0 |     GCG   0   1   0   0   0   0 |     GAG   5   5   5   5   5   5 |     GGG   0   1   1   1   2   1
--------------------------------------------------------------------------------------------------------------------------------------

--------------------------------------------------------------------------------------------------------------------------------------
Phe TTT   0   0   0   0   0   0 | Ser TCT   0   0   0   0   0   1 | Tyr TAT   1   0   1   1   0   1 | Cys TGT   0   0   0   0   0   0
    TTC   0   0   0   0   0   0 |     TCC   1   1   1   1   1   1 |     TAC   0   1   0   0   1   0 |     TGC   0   0   0   0   0   0
Leu TTA   0   0   0   0   0   1 |     TCA   0   0   0   0   0   0 | *** TAA   0   0   0   0   0   0 | *** TGA   0   0   0   0   0   0
    TTG   1   1   1   1   1   0 |     TCG   0   0   0   0   0   0 |     TAG   0   0   0   0   0   0 | Trp TGG   0   0   0   0   0   0
--------------------------------------------------------------------------------------------------------------------------------------
Leu CTT   0   0   0   0   0   0 | Pro CCT   1   1   1   1   1   0 | His CAT   0   0   0   0   0   0 | Arg CGT   0   0   0   0   0   0
    CTC   0   0   0   0   0   0 |     CCC   1   1   1   1   2   1 |     CAC   0   0   0   0   0   0 |     CGC   0   0   0   0   0   0
    CTA   0   0   0   0   0   0 |     CCA   0   0   0   0   0   0 | Gln CAA   0   0   0   0   0   0 |     CGA   0   0   0   0   0   0
    CTG   1   0   0   0   0   0 |     CCG   1   2   2   2   2   2 |     CAG   2   2   2   2   2   2 |     CGG   0   0   0   0   0   0
--------------------------------------------------------------------------------------------------------------------------------------
Ile ATT   0   0   0   0   0   0 | Thr ACT   0   1   0   0   0   0 | Asn AAT   0   0   0   0   0   0 | Ser AGT   0   0   0   0   0   0
    ATC   1   1   1   1   1   1 |     ACC   2   1   2   2   3   2 |     AAC   1   1   1   1   1   1 |     AGC   1   1   1   1   1   1
    ATA   0   0   0   0   0   0 |     ACA   0   0   0   0   0   0 | Lys AAA   0   0   0   0   0   1 | Arg AGA   0   0   0   0   0   0
Met ATG   0   0   0   0   0   0 |     ACG   0   0   0   0   0   0 |     AAG   4   4   4   4   4   3 |     AGG   0   0   0   0   0   0
--------------------------------------------------------------------------------------------------------------------------------------
Val GTT   0   0   0   0   0   0 | Ala GCT   0   0   0   0   0   0 | Asp GAT   0   0   0   0   0   0 | Gly GGT   1   1   1   1   1   1
    GTC   0   0   0   0   0   0 |     GCC   4   4   4   4   1   3 |     GAC   1   1   1   2   1   1 |     GGC   2   1   2   2   2   2
    GTA   0   0   0   0   0   0 |     GCA   0   0   0   0   0   0 | Glu GAA   1   1   2   1   1   1 |     GGA   1   1   1   1   1   1
    GTG   0   0   0   0   0   0 |     GCG   0   0   0   0   1   1 |     GAG   5   5   4   4   5   5 |     GGG   1   2   1   1   1   1
--------------------------------------------------------------------------------------------------------------------------------------

--------------------------------------------------------------------------------------------------------------------------------------
Phe TTT   0   0   0   0   0   0 | Ser TCT   0   0   0   0   0   0 | Tyr TAT   0   0   0   0   1   0 | Cys TGT   0   0   0   0   0   0
    TTC   0   0   0   0   0   0 |     TCC   1   1   0   1   1   1 |     TAC   1   1   1   1   0   1 |     TGC   0   0   0   0   0   0
Leu TTA   0   0   0   0   0   0 |     TCA   0   0   0   0   0   0 | *** TAA   0   0   0   0   0   0 | *** TGA   0   0   0   0   0   0
    TTG   1   1   1   1   1   1 |     TCG   0   0   0   0   0   0 |     TAG   0   0   0   0   0   0 | Trp TGG   0   0   0   0   0   0
--------------------------------------------------------------------------------------------------------------------------------------
Leu CTT   0   0   0   0   0   0 | Pro CCT   1   1   1   1   1   1 | His CAT   0   0   0   0   0   0 | Arg CGT   0   0   0   0   0   0
    CTC   0   0   0   0   0   0 |     CCC   1   1   1   1   2   2 |     CAC   0   0   0   0   0   0 |     CGC   0   0   0   0   0   0
    CTA   0   0   0   0   0   0 |     CCA   0   0   0   0   0   0 | Gln CAA   0   0   0   0   0   0 |     CGA   0   0   0   0   0   0
    CTG   0   0   0   0   0   0 |     CCG   2   2   2   2   2   2 |     CAG   2   2   2   2   2   2 |     CGG   0   0   0   0   0   0
--------------------------------------------------------------------------------------------------------------------------------------
Ile ATT   0   0   0   0   0   0 | Thr ACT   0   0   1   0   0   0 | Asn AAT   0   1   0   0   0   0 | Ser AGT   0   0   0   0   0   0
    ATC   1   1   1   1   1   1 |     ACC   2   3   1   2   3   3 |     AAC   1   0   1   1   1   1 |     AGC   1   1   1   1   1   1
    ATA   0   0   0   0   0   0 |     ACA   0   0   0   0   0   0 | Lys AAA   0   0   0   0   0   0 | Arg AGA   0   0   0   0   0   0
Met ATG   0   0   0   0   0   0 |     ACG   0   0   0   0   0   0 |     AAG   4   4   4   4   4   4 |     AGG   0   0   0   0   0   0
--------------------------------------------------------------------------------------------------------------------------------------
Val GTT   0   0   0   0   0   0 | Ala GCT   0   0   0   0   0   0 | Asp GAT   0   0   0   0   0   0 | Gly GGT   1   1   2   1   1   1
    GTC   0   0   0   0   0   0 |     GCC   4   3   5   4   2   2 |     GAC   1   1   1   1   1   1 |     GGC   2   2   1   2   2   2
    GTA   0   0   0   0   0   0 |     GCA   0   0   0   0   0   0 | Glu GAA   1   1   1   1   1   1 |     GGA   1   1   1   1   1   1
    GTG   0   0   0   0   0   0 |     GCG   0   0   0   0   0   0 |     GAG   5   5   5   5   5   5 |     GGG   1   1   1   1   1   1
--------------------------------------------------------------------------------------------------------------------------------------

Codon position x base (3x4) table for each sequence.

#1: Argali         
position  1:    T:0.08824    C:0.17647    A:0.26471    G:0.47059
position  2:    T:0.05882    C:0.32353    A:0.44118    G:0.17647
position  3:    T:0.05882    C:0.44118    A:0.05882    G:0.44118
Average         T:0.06863    C:0.31373    A:0.25490    G:0.36275

#2: LesserMouseDeer
position  1:    T:0.08824    C:0.17647    A:0.32353    G:0.41176
position  2:    T:0.05882    C:0.32353    A:0.44118    G:0.17647
position  3:    T:0.08824    C:0.44118    A:0.11765    G:0.35294
Average         T:0.07843    C:0.31373    A:0.29412    G:0.31373

#3: LesserKudu     
position  1:    T:0.08824    C:0.20588    A:0.29412    G:0.41176
position  2:    T:0.05882    C:0.32353    A:0.44118    G:0.17647
position  3:    T:0.05882    C:0.41176    A:0.05882    G:0.47059
Average         T:0.06863    C:0.31373    A:0.26471    G:0.35294

#4: ForestMuskDeer2
position  1:    T:0.08824    C:0.17647    A:0.26471    G:0.47059
position  2:    T:0.05882    C:0.32353    A:0.44118    G:0.17647
position  3:    T:0.05882    C:0.44118    A:0.05882    G:0.44118
Average         T:0.06863    C:0.31373    A:0.25490    G:0.36275

#5: Camel          
position  1:    T:0.08824    C:0.17647    A:0.32353    G:0.41176
position  2:    T:0.05882    C:0.32353    A:0.47059    G:0.14706
position  3:    T:0.02941    C:0.52941    A:0.08824    G:0.35294
Average         T:0.05882    C:0.34314    A:0.29412    G:0.30392

#6: KillerWhale    
position  1:    T:0.05882    C:0.20588    A:0.32353    G:0.41176
position  2:    T:0.05882    C:0.32353    A:0.44118    G:0.17647
position  3:    T:0.02941    C:0.44118    A:0.08824    G:0.44118
Average         T:0.04902    C:0.32353    A:0.28431    G:0.34314

#7: DefassaWaterbuck
position  1:    T:0.08824    C:0.17647    A:0.29412    G:0.44118
position  2:    T:0.05882    C:0.32353    A:0.44118    G:0.17647
position  3:    T:0.05882    C:0.44118    A:0.05882    G:0.44118
Average         T:0.06863    C:0.31373    A:0.26471    G:0.35294

#8: Sheep          
position  1:    T:0.08824    C:0.17647    A:0.26471    G:0.47059
position  2:    T:0.05882    C:0.32353    A:0.44118    G:0.17647
position  3:    T:0.05882    C:0.44118    A:0.05882    G:0.44118
Average         T:0.06863    C:0.31373    A:0.25490    G:0.36275

#9: MaxwellsDuiker 
position  1:    T:0.08824    C:0.20588    A:0.23529    G:0.47059
position  2:    T:0.05882    C:0.32353    A:0.44118    G:0.17647
position  3:    T:0.11765    C:0.41176    A:0.05882    G:0.41176
Average         T:0.08824    C:0.31373    A:0.24510    G:0.35294

#10: GazellaPrzewalskyi
position  1:    T:0.08824    C:0.17647    A:0.26471    G:0.47059
position  2:    T:0.05882    C:0.32353    A:0.44118    G:0.17647
position  3:    T:0.08824    C:0.41176    A:0.05882    G:0.44118
Average         T:0.07843    C:0.30392    A:0.25490    G:0.36275

#11: MountainNyala  
position  1:    T:0.08824    C:0.20588    A:0.29412    G:0.41176
position  2:    T:0.05882    C:0.32353    A:0.44118    G:0.17647
position  3:    T:0.05882    C:0.41176    A:0.08824    G:0.44118
Average         T:0.06863    C:0.31373    A:0.27451    G:0.34314

#12: MuntiacusMuntjak
position  1:    T:0.08824    C:0.17647    A:0.26471    G:0.47059
position  2:    T:0.05882    C:0.32353    A:0.44118    G:0.17647
position  3:    T:0.11765    C:0.38235    A:0.05882    G:0.44118
Average         T:0.08824    C:0.29412    A:0.25490    G:0.36275

#13: goat           
position  1:    T:0.08824    C:0.17647    A:0.26471    G:0.47059
position  2:    T:0.05882    C:0.32353    A:0.44118    G:0.17647
position  3:    T:0.08824    C:0.41176    A:0.05882    G:0.44118
Average         T:0.07843    C:0.30392    A:0.25490    G:0.36275

#14: AfricanBuffalo 
position  1:    T:0.08824    C:0.20588    A:0.29412    G:0.41176
position  2:    T:0.05882    C:0.32353    A:0.44118    G:0.17647
position  3:    T:0.05882    C:0.41176    A:0.05882    G:0.47059
Average         T:0.06863    C:0.31373    A:0.26471    G:0.35294

#15: Topi           
position  1:    T:0.08824    C:0.17647    A:0.26471    G:0.47059
position  2:    T:0.05882    C:0.32353    A:0.44118    G:0.17647
position  3:    T:0.08824    C:0.41176    A:0.08824    G:0.41176
Average         T:0.07843    C:0.30392    A:0.26471    G:0.35294

#16: CommonDuiker   
position  1:    T:0.08824    C:0.17647    A:0.26471    G:0.47059
position  2:    T:0.05882    C:0.32353    A:0.44118    G:0.17647
position  3:    T:0.11765    C:0.41176    A:0.05882    G:0.41176
Average         T:0.08824    C:0.30392    A:0.25490    G:0.35294

#17: Suni           
position  1:    T:0.08824    C:0.17647    A:0.26471    G:0.47059
position  2:    T:0.05882    C:0.32353    A:0.44118    G:0.17647
position  3:    T:0.05882    C:0.44118    A:0.05882    G:0.44118
Average         T:0.06863    C:0.31373    A:0.25490    G:0.36275

#18: Springbuck     
position  1:    T:0.08824    C:0.17647    A:0.26471    G:0.47059
position  2:    T:0.08824    C:0.32353    A:0.44118    G:0.14706
position  3:    T:0.14706    C:0.38235    A:0.05882    G:0.41176
Average         T:0.10784    C:0.29412    A:0.25490    G:0.34314

#19: Okapi          
position  1:    T:0.08824    C:0.17647    A:0.26471    G:0.47059
position  2:    T:0.05882    C:0.32353    A:0.44118    G:0.17647
position  3:    T:0.05882    C:0.44118    A:0.08824    G:0.41176
Average         T:0.06863    C:0.31373    A:0.26471    G:0.35294

#20: Giraffe        
position  1:    T:0.05882    C:0.17647    A:0.29412    G:0.47059
position  2:    T:0.05882    C:0.32353    A:0.44118    G:0.17647
position  3:    T:0.05882    C:0.44118    A:0.08824    G:0.41176
Average         T:0.05882    C:0.31373    A:0.27451    G:0.35294

#21: TibetanAntelope
position  1:    T:0.08824    C:0.17647    A:0.26471    G:0.47059
position  2:    T:0.05882    C:0.32353    A:0.44118    G:0.17647
position  3:    T:0.05882    C:0.44118    A:0.08824    G:0.41176
Average         T:0.06863    C:0.31373    A:0.26471    G:0.35294

#22: Sitatunga      
position  1:    T:0.08824    C:0.20588    A:0.29412    G:0.41176
position  2:    T:0.05882    C:0.32353    A:0.44118    G:0.17647
position  3:    T:0.08824    C:0.41176    A:0.05882    G:0.44118
Average         T:0.07843    C:0.31373    A:0.26471    G:0.34314

#23: Oribi          
position  1:    T:0.08824    C:0.17647    A:0.26471    G:0.47059
position  2:    T:0.05882    C:0.32353    A:0.44118    G:0.17647
position  3:    T:0.08824    C:0.44118    A:0.08824    G:0.38235
Average         T:0.07843    C:0.31373    A:0.26471    G:0.34314

#24: BarbarySheep   
position  1:    T:0.08824    C:0.17647    A:0.26471    G:0.47059
position  2:    T:0.05882    C:0.32353    A:0.41176    G:0.20588
position  3:    T:0.08824    C:0.41176    A:0.05882    G:0.44118
Average         T:0.07843    C:0.30392    A:0.24510    G:0.37255

#25: Daviddeer      
position  1:    T:0.08824    C:0.17647    A:0.26471    G:0.47059
position  2:    T:0.05882    C:0.32353    A:0.44118    G:0.17647
position  3:    T:0.08824    C:0.38235    A:0.08824    G:0.44118
Average         T:0.07843    C:0.29412    A:0.26471    G:0.36275

#26: Reindeer       
position  1:    T:0.08824    C:0.17647    A:0.26471    G:0.47059
position  2:    T:0.05882    C:0.32353    A:0.44118    G:0.17647
position  3:    T:0.08824    C:0.44118    A:0.05882    G:0.41176
Average         T:0.07843    C:0.31373    A:0.25490    G:0.35294

#27: Ibex           
position  1:    T:0.08824    C:0.17647    A:0.26471    G:0.47059
position  2:    T:0.05882    C:0.32353    A:0.44118    G:0.17647
position  3:    T:0.08824    C:0.41176    A:0.05882    G:0.44118
Average         T:0.07843    C:0.30392    A:0.25490    G:0.36275

#28: GyrantGazelle  
position  1:    T:0.08824    C:0.17647    A:0.26471    G:0.47059
position  2:    T:0.05882    C:0.32353    A:0.44118    G:0.17647
position  3:    T:0.08824    C:0.38235    A:0.05882    G:0.47059
Average         T:0.07843    C:0.29412    A:0.25490    G:0.37255

#29: Hartebeest     
position  1:    T:0.08824    C:0.17647    A:0.26471    G:0.47059
position  2:    T:0.05882    C:0.32353    A:0.44118    G:0.17647
position  3:    T:0.08824    C:0.41176    A:0.11765    G:0.38235
Average         T:0.07843    C:0.30392    A:0.27451    G:0.34314

#30: Bongo          
position  1:    T:0.08824    C:0.20588    A:0.29412    G:0.41176
position  2:    T:0.05882    C:0.32353    A:0.44118    G:0.17647
position  3:    T:0.05882    C:0.44118    A:0.05882    G:0.44118
Average         T:0.06863    C:0.32353    A:0.26471    G:0.34314

#31: Gerenuk        
position  1:    T:0.08824    C:0.17647    A:0.26471    G:0.47059
position  2:    T:0.08824    C:0.32353    A:0.44118    G:0.14706
position  3:    T:0.08824    C:0.41176    A:0.05882    G:0.44118
Average         T:0.08824    C:0.30392    A:0.25490    G:0.35294

#32: CommonEland    
position  1:    T:0.08824    C:0.20588    A:0.29412    G:0.41176
position  2:    T:0.05882    C:0.32353    A:0.44118    G:0.17647
position  3:    T:0.08824    C:0.41176    A:0.05882    G:0.44118
Average         T:0.07843    C:0.31373    A:0.26471    G:0.34314

#33: MuntiacusReevesi
position  1:    T:0.08824    C:0.17647    A:0.26471    G:0.47059
position  2:    T:0.05882    C:0.32353    A:0.44118    G:0.17647
position  3:    T:0.08824    C:0.41176    A:0.05882    G:0.44118
Average         T:0.07843    C:0.30392    A:0.25490    G:0.36275

#34: HarveysDuiker  
position  1:    T:0.08824    C:0.17647    A:0.26471    G:0.47059
position  2:    T:0.05882    C:0.32353    A:0.44118    G:0.17647
position  3:    T:0.08824    C:0.44118    A:0.05882    G:0.41176
Average         T:0.07843    C:0.31373    A:0.25490    G:0.35294

#35: Pronghorn      
position  1:    T:0.08824    C:0.17647    A:0.26471    G:0.47059
position  2:    T:0.05882    C:0.32353    A:0.44118    G:0.17647
position  3:    T:0.05882    C:0.44118    A:0.05882    G:0.44118
Average         T:0.06863    C:0.31373    A:0.25490    G:0.36275

#36: BlueWildebeest 
position  1:    T:0.08824    C:0.17647    A:0.26471    G:0.47059
position  2:    T:0.05882    C:0.32353    A:0.44118    G:0.17647
position  3:    T:0.08824    C:0.41176    A:0.08824    G:0.41176
Average         T:0.07843    C:0.30392    A:0.26471    G:0.35294

#37: Gemsbok        
position  1:    T:0.08824    C:0.17647    A:0.26471    G:0.47059
position  2:    T:0.05882    C:0.32353    A:0.44118    G:0.17647
position  3:    T:0.05882    C:0.44118    A:0.08824    G:0.41176
Average         T:0.06863    C:0.31373    A:0.26471    G:0.35294

#38: Yak            
position  1:    T:0.08824    C:0.20588    A:0.29412    G:0.41176
position  2:    T:0.05882    C:0.32353    A:0.44118    G:0.17647
position  3:    T:0.05882    C:0.41176    A:0.05882    G:0.47059
Average         T:0.06863    C:0.31373    A:0.26471    G:0.35294

#39: BlueSheep      
position  1:    T:0.08824    C:0.17647    A:0.26471    G:0.47059
position  2:    T:0.05882    C:0.32353    A:0.44118    G:0.17647
position  3:    T:0.14706    C:0.35294    A:0.05882    G:0.44118
Average         T:0.09804    C:0.28431    A:0.25490    G:0.36275

#40: BohorReedbuck  
position  1:    T:0.08824    C:0.17647    A:0.29412    G:0.44118
position  2:    T:0.05882    C:0.32353    A:0.44118    G:0.17647
position  3:    T:0.05882    C:0.44118    A:0.05882    G:0.44118
Average         T:0.06863    C:0.31373    A:0.26471    G:0.35294

#41: KirksDik       
position  1:    T:0.08824    C:0.17647    A:0.26471    G:0.47059
position  2:    T:0.05882    C:0.32353    A:0.44118    G:0.17647
position  3:    T:0.05882    C:0.44118    A:0.02941    G:0.47059
Average         T:0.06863    C:0.31373    A:0.24510    G:0.37255

#42: RoeDeer        
position  1:    T:0.08824    C:0.17647    A:0.26471    G:0.47059
position  2:    T:0.05882    C:0.32353    A:0.44118    G:0.17647
position  3:    T:0.08824    C:0.38235    A:0.05882    G:0.47059
Average         T:0.07843    C:0.29412    A:0.25490    G:0.37255

#43: WhiteLippedDeer
position  1:    T:0.08824    C:0.17647    A:0.26471    G:0.47059
position  2:    T:0.08824    C:0.29412    A:0.44118    G:0.17647
position  3:    T:0.08824    C:0.41176    A:0.05882    G:0.44118
Average         T:0.08824    C:0.29412    A:0.25490    G:0.36275

#44: ThomsonGazelle 
position  1:    T:0.08824    C:0.17647    A:0.26471    G:0.47059
position  2:    T:0.05882    C:0.32353    A:0.44118    G:0.17647
position  3:    T:0.08824    C:0.38235    A:0.05882    G:0.47059
Average         T:0.07843    C:0.29412    A:0.25490    G:0.37255

#45: MuntiacusCrinifrons
position  1:    T:0.08824    C:0.17647    A:0.26471    G:0.47059
position  2:    T:0.05882    C:0.32353    A:0.44118    G:0.17647
position  3:    T:0.08824    C:0.41176    A:0.08824    G:0.41176
Average         T:0.07843    C:0.30392    A:0.26471    G:0.35294

#46: WhiteTailedDeer
position  1:    T:0.08824    C:0.17647    A:0.26471    G:0.47059
position  2:    T:0.05882    C:0.32353    A:0.44118    G:0.17647
position  3:    T:0.08824    C:0.44118    A:0.05882    G:0.41176
Average         T:0.07843    C:0.31373    A:0.25490    G:0.35294

#47: Cattle         
position  1:    T:0.08824    C:0.20588    A:0.29412    G:0.41176
position  2:    T:0.05882    C:0.32353    A:0.44118    G:0.17647
position  3:    T:0.05882    C:0.41176    A:0.05882    G:0.47059
Average         T:0.06863    C:0.31373    A:0.26471    G:0.35294

#48: RoyalAntelope  
position  1:    T:0.11765    C:0.14706    A:0.26471    G:0.47059
position  2:    T:0.05882    C:0.32353    A:0.44118    G:0.17647
position  3:    T:0.08824    C:0.38235    A:0.11765    G:0.41176
Average         T:0.08824    C:0.28431    A:0.27451    G:0.35294

#49: Steenbok       
position  1:    T:0.08824    C:0.17647    A:0.26471    G:0.47059
position  2:    T:0.05882    C:0.32353    A:0.44118    G:0.17647
position  3:    T:0.05882    C:0.44118    A:0.05882    G:0.44118
Average         T:0.06863    C:0.31373    A:0.25490    G:0.36275

#50: Impala         
position  1:    T:0.08824    C:0.17647    A:0.29412    G:0.44118
position  2:    T:0.05882    C:0.32353    A:0.44118    G:0.17647
position  3:    T:0.08824    C:0.41176    A:0.05882    G:0.44118
Average         T:0.07843    C:0.30392    A:0.26471    G:0.35294

#51: Klipspringer   
position  1:    T:0.05882    C:0.17647    A:0.26471    G:0.50000
position  2:    T:0.05882    C:0.32353    A:0.44118    G:0.17647
