1
52 1
Argali 0.000000 0.217200 0.031100 0.207600 0.026400 0.000000 0.049300 0.049100 0.035400 0.133300 0.017500 0.058700 0.035500 0.035400 0.049300 0.049100 0.107700 0.112100 0.035000 0.040100 0.053800 0.013000 0.143900 0.142900 0.017500 0.053800 0.031000 0.035600 0.058500 0.035600 0.128300 0.039300 0.132400 0.030900 0.049400 0.049300 0.013100 0.030400 0.053800 0.134100 0.138300 0.049200 0.123300 0.128200 0.049300 0.035300 0.035300 0.044500 0.053700 0.092100 0.049200 0.035600
LesserMous 0.217200 0.000000 0.194800 0.205900 0.188000 0.217200 0.205000 0.193700 0.199000 0.148300 0.210100 0.206300 0.205500 0.198400 0.200000 0.205200 0.148000 0.147100 0.211100 0.205300 0.199700 0.204800 0.159000 0.158000 0.210100 0.199700 0.199900 0.199900 0.216300 0.211300 0.143300 0.204500 0.137000 0.199900 0.217200 0.205700 0.216200 0.187600 0.210500 0.154200 0.153400 0.205200 0.138100 0.153400 0.194500 0.192900 0.193100 0.198700 0.204500 0.147000 0.205000 0.199900
LesserKudu 0.031100 0.194800 0.000000 0.196000 0.004300 0.031100 0.026500 0.026400 0.004300 0.112800 0.022000 0.035300 0.017600 0.013100 0.031000 0.035500 0.097600 0.102000 0.031100 0.008600 0.030900 0.017500 0.122700 0.122400 0.022000 0.040000 0.013200 0.004300 0.044600 0.013100 0.108000 0.017500 0.112100 0.013200 0.031100 0.026300 0.026500 0.013100 0.030900 0.113500 0.117800 0.035500 0.103000 0.107900 0.026000 0.017500 0.017500 0.021900 0.035400 0.077900 0.017400 0.004300
KillerWhal 0.207600 0.205900 0.196000 0.000000 0.189100 0.207600 0.206900 0.183800 0.200200 0.158500 0.211800 0.218900 0.194700 0.199700 0.201900 0.184300 0.158600 0.152000 0.213100 0.206800 0.178800 0.206300 0.158600 0.168400 0.211800 0.189900 0.189100 0.201000 0.195400 0.201500 0.153400 0.206000 0.174000 0.189100 0.206500 0.200800 0.206700 0.188400 0.178600 0.154300 0.152800 0.184300 0.148000 0.153200 0.206500 0.193900 0.182900 0.211300 0.200200 0.157500 0.194800 0.201000
DefassaWat 0.026400 0.188000 0.004300 0.189100 0.000000 0.026300 0.021900 0.022000 0.008600 0.107100 0.017400 0.030900 0.013100 0.008700 0.026400 0.030800 0.092100 0.096400 0.026500 0.013100 0.026300 0.013000 0.117300 0.116600 0.017500 0.035300 0.008600 0.008700 0.039800 0.017500 0.102300 0.013000 0.106400 0.008700 0.026200 0.021900 0.021900 0.008600 0.026300 0.107800 0.112000 0.030800 0.097400 0.102300 0.021900 0.012900 0.012900 0.017400 0.030700 0.072600 0.021900 0.008700
Sheep 0.000000 0.217200 0.031100 0.207600 0.026300 0.000000 0.049300 0.049100 0.035400 0.133300 0.017400 0.058700 0.035500 0.035400 0.049300 0.049200 0.107700 0.112100 0.036100 0.040100 0.053800 0.013000 0.143900 0.142900 0.017300 0.053100 0.030500 0.035600 0.058500 0.035600 0.128300 0.040000 0.132400 0.031000 0.049400 0.049300 0.013100 0.030800 0.053800 0.134100 0.138300 0.049200 0.123300 0.128200 0.049300 0.035300 0.035300 0.044500 0.053700 0.092500 0.049200 0.035600
MaxwellsDu 0.049300 0.205000 0.026500 0.206900 0.021900 0.049300 0.000000 0.044400 0.030800 0.122600 0.039900 0.053900 0.035600 0.021700 0.049200 0.053700 0.107200 0.111500 0.049200 0.035500 0.049100 0.035400 0.133000 0.132100 0.039400 0.058300 0.030600 0.030900 0.062900 0.040100 0.117700 0.026400 0.121800 0.031000 0.049300 0.044500 0.043900 0.030800 0.049000 0.123400 0.127500 0.053700 0.112800 0.117600 0.044500 0.035200 0.035200 0.039800 0.053600 0.087300 0.044400 0.030900
GazellaPrz 0.049100 0.193700 0.026400 0.183800 0.022000 0.049100 0.044400 0.000000 0.021900 0.112200 0.039700 0.035500 0.035400 0.021600 0.040000 0.008700 0.077800 0.081500 0.049100 0.026400 0.004300 0.035300 0.112500 0.111800 0.039300 0.013000 0.030500 0.021900 0.017500 0.030900 0.107400 0.026100 0.101700 0.030500 0.044100 0.026400 0.044300 0.021700 0.021900 0.103000 0.107200 0.008700 0.102500 0.097500 0.026400 0.025900 0.017400 0.030700 0.044300 0.077500 0.035300 0.021900
MountainNy 0.035400 0.199000 0.004300 0.200200 0.008600 0.035400 0.030800 0.021900 0.000000 0.117100 0.026500 0.030900 0.021900 0.008600 0.026400 0.030800 0.092200 0.096500 0.035400 0.004300 0.026400 0.021900 0.117400 0.116700 0.026000 0.034800 0.017400 0.000000 0.039800 0.008700 0.112200 0.012900 0.106500 0.017500 0.035500 0.021900 0.030400 0.008600 0.026300 0.107800 0.112100 0.030800 0.107300 0.101300 0.021900 0.012900 0.013000 0.017400 0.030400 0.072700 0.013000 0.000000
MuntiacusM 0.133300 0.148300 0.112800 0.158500 0.107100 0.133300 0.122600 0.112200 0.117100 0.000000 0.127300 0.123100 0.122800 0.116800 0.107800 0.122600 0.069200 0.073500 0.128000 0.122600 0.117500 0.122300 0.036200 0.045200 0.127300 0.117500 0.117900 0.117600 0.132700 0.128000 0.013300 0.122200 0.073300 0.117700 0.133300 0.122700 0.132700 0.106800 0.117500 0.055100 0.031500 0.122600 0.008900 0.040200 0.122700 0.111700 0.111800 0.116900 0.122200 0.078400 0.122300 0.117600
goat 0.017500 0.210100 0.022000 0.211800 0.017400 0.017400 0.039900 0.039700 0.026500 0.127300 0.000000 0.049100 0.026200 0.026200 0.044500 0.048900 0.102100 0.106400 0.026400 0.030900 0.044400 0.004300 0.137800 0.136900 0.000000 0.053500 0.021700 0.026400 0.058100 0.035400 0.122400 0.030600 0.126500 0.021800 0.039500 0.039900 0.013100 0.026200 0.044300 0.128100 0.132300 0.048900 0.117400 0.122300 0.039900 0.030700 0.030700 0.026300 0.048800 0.091900 0.039800 0.026400
AfricanBuf 0.058700 0.206300 0.035300 0.218900 0.030900 0.058700 0.053900 0.035500 0.030900 0.123100 0.049100 0.000000 0.044700 0.030900 0.049200 0.040100 0.107700 0.112000 0.058600 0.035100 0.040000 0.044500 0.123000 0.122700 0.049100 0.044600 0.040100 0.030400 0.049200 0.039600 0.118200 0.035500 0.122300 0.040100 0.058800 0.026200 0.053800 0.030900 0.049000 0.113700 0.118000 0.040100 0.113200 0.118100 0.026000 0.035300 0.035400 0.039800 0.053700 0.087600 0.044300 0.030900
Topi 0.035500 0.205500 0.017600 0.194700 0.013100 0.035500 0.035600 0.035400 0.021900 0.122800 0.026200 0.044700 0.000000 0.021900 0.040100 0.043700 0.107300 0.111700 0.035500 0.026500 0.040000 0.021900 0.133200 0.132300 0.026400 0.049000 0.004300 0.022000 0.053700 0.031100 0.117900 0.026400 0.122000 0.004300 0.022000 0.035500 0.030900 0.021900 0.040000 0.123500 0.127700 0.044600 0.112900 0.117800 0.035500 0.026300 0.026000 0.030900 0.039900 0.087400 0.035400 0.022000
CommonDuik 0.035400 0.198400 0.013100 0.199700 0.008700 0.035400 0.021700 0.021600 0.008600 0.116800 0.026200 0.030900 0.021900 0.000000 0.026400 0.030800 0.092000 0.096300 0.035500 0.013100 0.026300 0.021800 0.117100 0.116400 0.026000 0.034800 0.017500 0.008700 0.039300 0.017500 0.112000 0.004300 0.106300 0.017300 0.035400 0.021900 0.030600 0.008600 0.026300 0.107600 0.110500 0.030400 0.107100 0.102100 0.021900 0.012900 0.012900 0.017400 0.030300 0.072500 0.021800 0.008700
Suni 0.049300 0.200000 0.031000 0.201900 0.026400 0.049300 0.049200 0.040000 0.026400 0.107800 0.044500 0.049200 0.040100 0.026400 0.000000 0.049200 0.092700 0.097100 0.053900 0.030900 0.044500 0.039900 0.107700 0.107400 0.044500 0.044600 0.035500 0.026400 0.058400 0.035500 0.103000 0.030900 0.107100 0.035500 0.054000 0.039900 0.049100 0.017500 0.035400 0.098600 0.102800 0.049200 0.098100 0.093100 0.039900 0.021900 0.021900 0.026300 0.030900 0.087500 0.039900 0.026400
Springbuck 0.049100 0.205200 0.035500 0.184300 0.030800 0.049200 0.053700 0.008700 0.030800 0.122600 0.048900 0.040100 0.043700 0.030800 0.049200 0.000000 0.087700 0.092000 0.058400 0.035400 0.013100 0.044300 0.122900 0.122100 0.048900 0.004300 0.039300 0.030900 0.008700 0.031000 0.117700 0.035300 0.111800 0.040000 0.053900 0.030900 0.044000 0.030700 0.030900 0.113300 0.117500 0.000000 0.112700 0.107700 0.030900 0.035200 0.026300 0.039800 0.053500 0.087300 0.044400 0.030900
Okapi 0.107700 0.148000 0.097600 0.158600 0.092100 0.107700 0.107200 0.077800 0.092200 0.069200 0.102100 0.107700 0.107300 0.092000 0.092700 0.087700 0.000000 0.021800 0.112400 0.097500 0.082800 0.097200 0.069300 0.068900 0.102100 0.082800 0.102400 0.092600 0.097400 0.102600 0.064500 0.097100 0.059300 0.102400 0.117600 0.097400 0.097500 0.082300 0.092400 0.069700 0.064400 0.087700 0.058000 0.055000 0.097400 0.077600 0.077500 0.092100 0.106900 0.054600 0.097300 0.092600
Giraffe 0.112100 0.147100 0.102000 0.152000 0.096400 0.112100 0.111500 0.081500 0.096500 0.073500 0.106400 0.112000 0.111700 0.096300 0.097100 0.092000 0.021800 0.000000 0.116800 0.101900 0.087100 0.101600 0.069000 0.073300 0.106900 0.086200 0.106700 0.096900 0.101700 0.106900 0.068900 0.101400 0.063600 0.106700 0.122000 0.101800 0.101800 0.086700 0.096800 0.074000 0.064100 0.092000 0.064100 0.059000 0.101800 0.081900 0.081900 0.096400 0.111200 0.058900 0.101600 0.096900
TibetanAnt 0.035000 0.211100 0.031100 0.213100 0.026500 0.036100 0.049200 0.049100 0.035400 0.128000 0.026400 0.058600 0.035500 0.035500 0.053900 0.058400 0.112400 0.116800 0.000000 0.040100 0.053800 0.021800 0.138400 0.137600 0.026200 0.063100 0.031000 0.035500 0.067700 0.044700 0.123100 0.039600 0.127100 0.031000 0.049300 0.049200 0.030900 0.035300 0.053700 0.128800 0.132900 0.058400 0.118000 0.123000 0.049200 0.039800 0.039400 0.044400 0.058000 0.092300 0.049100 0.035500
Sitatunga 0.040100 0.205300 0.008600 0.206800 0.013100 0.040100 0.035500 0.026400 0.004300 0.122600 0.030900 0.035100 0.026500 0.013100 0.030900 0.035400 0.097500 0.101900 0.040100 0.000000 0.030800 0.026400 0.122600 0.122200 0.030900 0.040000 0.022000 0.004300 0.044500 0.012900 0.117800 0.017500 0.111900 0.022000 0.040200 0.026300 0.035400 0.013100 0.030800 0.113300 0.117600 0.035400 0.112800 0.107700 0.026300 0.017500 0.017500 0.021900 0.035400 0.077800 0.017400 0.004300
Oribi 0.053800 0.199700 0.030900 0.178800 0.026300 0.053800 0.049100 0.004300 0.026400 0.117500 0.044400 0.040000 0.040000 0.026300 0.044500 0.013100 0.082800 0.087100 0.053800 0.030800 0.000000 0.039800 0.117400 0.117100 0.044400 0.017500 0.035500 0.026400 0.022000 0.035400 0.112600 0.030800 0.106900 0.035500 0.049300 0.030800 0.049000 0.026300 0.026300 0.108200 0.112500 0.013100 0.107700 0.102700 0.030800 0.030700 0.021800 0.035200 0.049000 0.082500 0.039800 0.026400
BarbaryShe 0.013000 0.204800 0.017500 0.206300 0.013000 0.013000 0.035400 0.035300 0.021900 0.122300 0.004300 0.044500 0.021900 0.021800 0.039900 0.044300 0.097200 0.101600 0.021800 0.026400 0.039800 0.000000 0.132700 0.131900 0.004300 0.048900 0.017300 0.021900 0.053500 0.030900 0.117500 0.026300 0.121500 0.017400 0.035400 0.035300 0.008600 0.021700 0.039800 0.123000 0.127300 0.044400 0.112500 0.117400 0.035300 0.026200 0.025900 0.030700 0.044300 0.087100 0.035300 0.021900
Daviddeer 0.143900 0.159000 0.122700 0.158600 0.117300 0.143900 0.133000 0.112500 0.117400 0.036200 0.137800 0.123000 0.133200 0.117100 0.107700 0.122900 0.069300 0.069000 0.138400 0.122600 0.117400 0.132700 0.000000 0.036100 0.137800 0.117800 0.128000 0.117500 0.133100 0.127900 0.031600 0.122500 0.068900 0.128000 0.143900 0.117600 0.143200 0.107100 0.117400 0.045800 0.004400 0.122900 0.027000 0.031600 0.122600 0.112000 0.112100 0.116900 0.122500 0.069000 0.112200 0.117500
Reindeer 0.142900 0.158000 0.122400 0.168400 0.116600 0.142900 0.132100 0.111800 0.116700 0.045200 0.136900 0.122700 0.132300 0.116400 0.107400 0.122100 0.068900 0.073300 0.137600 0.122200 0.117100 0.131900 0.036100 0.000000 0.136900 0.117100 0.127200 0.117200 0.132200 0.127500 0.040600 0.121700 0.073300 0.127200 0.143000 0.122300 0.142300 0.106500 0.117100 0.045500 0.031400 0.122100 0.036000 0.013200 0.122300 0.111300 0.111400 0.116500 0.121700 0.078200 0.121900 0.117200
Ibex 0.017500 0.210100 0.022000 0.211800 0.017500 0.017300 0.039400 0.039300 0.026000 0.127300 0.000000 0.049100 0.026400 0.026000 0.044500 0.048900 0.102100 0.106900 0.026200 0.030900 0.044400 0.004300 0.137800 0.136900 0.000000 0.053500 0.021900 0.026400 0.058100 0.035400 0.122400 0.030700 0.126500 0.021800 0.040200 0.039900 0.012900 0.026200 0.044300 0.128100 0.132300 0.048900 0.117400 0.122300 0.039900 0.030700 0.030700 0.026300 0.048400 0.091900 0.039800 0.026400
GyrantGaze 0.053800 0.199700 0.040000 0.189900 0.035300 0.053100 0.058300 0.013000 0.034800 0.117500 0.053500 0.044600 0.049000 0.034800 0.044600 0.004300 0.082800 0.086200 0.063100 0.040000 0.017500 0.048900 0.117800 0.117100 0.053500 0.000000 0.044500 0.035400 0.013100 0.035500 0.112700 0.039800 0.106900 0.044500 0.057400 0.035400 0.049000 0.035200 0.035400 0.108300 0.111600 0.004300 0.107700 0.102700 0.035400 0.039700 0.030300 0.035300 0.058100 0.092200 0.049000 0.035400
Hartebeest 0.031000 0.199900 0.013200 0.189100 0.008600 0.030500 0.030600 0.030500 0.017400 0.117900 0.021700 0.040100 0.004300 0.017500 0.035500 0.039300 0.102400 0.106700 0.031000 0.022000 0.035500 0.017300 0.128000 0.127200 0.021900 0.044500 0.000000 0.017600 0.049100 0.026600 0.112800 0.021600 0.116900 0.000000 0.017400 0.031000 0.026400 0.017500 0.035400 0.118400 0.122600 0.040000 0.107900 0.112700 0.031000 0.021900 0.021700 0.026400 0.035400 0.082600 0.030900 0.017600
Bongo 0.035600 0.199900 0.004300 0.201000 0.008700 0.035600 0.030900 0.021900 0.000000 0.117600 0.026400 0.030400 0.022000 0.008700 0.026400 0.030900 0.092600 0.096900 0.035500 0.004300 0.026400 0.021900 0.117500 0.117200 0.026400 0.035400 0.017600 0.000000 0.040000 0.008700 0.112700 0.013100 0.107000 0.017600 0.035600 0.021900 0.030900 0.008700 0.026300 0.108300 0.112600 0.030900 0.107700 0.102800 0.021400 0.013100 0.013100 0.017400 0.030900 0.073000 0.013000 0.000000
Gerenuk 0.058500 0.216300 0.044600 0.195400 0.039800 0.058500 0.062900 0.017500 0.039800 0.132700 0.058100 0.049200 0.053700 0.039300 0.058400 0.008700 0.097400 0.101700 0.067700 0.044500 0.022000 0.053500 0.133100 0.132200 0.058100 0.013100 0.049100 0.040000 0.000000 0.031000 0.127800 0.044400 0.121800 0.049100 0.063200 0.039900 0.053600 0.039700 0.039900 0.123400 0.127600 0.008700 0.122800 0.117700 0.039900 0.044200 0.034900 0.048900 0.062800 0.097100 0.053600 0.040000
CommonElan 0.035600 0.211300 0.013100 0.201500 0.017500 0.035600 0.040100 0.030900 0.008700 0.128000 0.035400 0.039600 0.031100 0.017500 0.035500 0.031000 0.102600 0.106900 0.044700 0.012900 0.035400 0.030900 0.127900 0.127500 0.035400 0.035500 0.026600 0.008700 0.031000 0.000000 0.123100 0.022000 0.117200 0.026600 0.044800 0.030800 0.030900 0.017500 0.035400 0.118600 0.122900 0.031000 0.118000 0.113000 0.030800 0.021900 0.021900 0.026300 0.040000 0.082700 0.021800 0.008600
MuntiacusR 0.128300 0.143300 0.108000 0.153400 0.102300 0.128300 0.117700 0.107400 0.112200 0.013300 0.122400 0.118200 0.117900 0.112000 0.103000 0.117700 0.064500 0.068900 0.123100 0.117800 0.112600 0.117500 0.031600 0.040600 0.122400 0.112700 0.112800 0.112700 0.127800 0.123100 0.000000 0.117300 0.068900 0.112800 0.128300 0.117800 0.127800 0.102000 0.112700 0.050500 0.027000 0.117700 0.004400 0.036200 0.117800 0.106900 0.107000 0.112100 0.117300 0.073900 0.117400 0.112700
HarveysDui 0.039300 0.204500 0.017500 0.206000 0.013000 0.040000 0.026400 0.026100 0.012900 0.122200 0.030600 0.035500 0.026400 0.004300 0.030900 0.035300 0.097100 0.101400 0.039600 0.017500 0.030800 0.026300 0.122500 0.121700 0.030700 0.039800 0.021600 0.013100 0.044400 0.022000 0.117300 0.000000 0.111600 0.021600 0.040000 0.026400 0.035300 0.012900 0.030800 0.112900 0.116200 0.034800 0.112400 0.107400 0.026400 0.017200 0.017300 0.021900 0.035300 0.077500 0.026300 0.013100
Pronghorn 0.132400 0.137000 0.112100 0.174000 0.106400 0.132400 0.121800 0.101700 0.106500 0.073300 0.126500 0.122300 0.122000 0.106300 0.107100 0.111800 0.059300 0.063600 0.127100 0.111900 0.106900 0.121500 0.068900 0.073300 0.126500 0.106900 0.116900 0.107000 0.121800 0.117200 0.068900 0.111600 0.000000 0.116900 0.132500 0.111700 0.131800 0.095400 0.116700 0.074100 0.064000 0.111800 0.064200 0.059400 0.121900 0.101300 0.101400 0.106400 0.121400 0.063700 0.106700 0.107000
BlueWildeb 0.030900 0.199900 0.013200 0.189100 0.008700 0.031000 0.031000 0.030500 0.017500 0.117700 0.021800 0.040100 0.004300 0.017300 0.035500 0.040000 0.102400 0.106700 0.031000 0.022000 0.035500 0.017400 0.128000 0.127200 0.021800 0.044500 0.000000 0.017600 0.049100 0.026600 0.112800 0.021600 0.116900 0.000000 0.017500 0.031000 0.026400 0.017500 0.035400 0.118400 0.122600 0.040000 0.107900 0.112700 0.031000 0.021500 0.021500 0.026400 0.035400 0.082600 0.030900 0.017600
Gemsbok 0.049400 0.217200 0.031100 0.206500 0.026200 0.049400 0.049300 0.044100 0.035500 0.133300 0.039500 0.058800 0.022000 0.035400 0.054000 0.053900 0.117600 0.122000 0.049300 0.040200 0.049300 0.035400 0.143900 0.143000 0.040200 0.057400 0.017400 0.035600 0.063200 0.044800 0.128300 0.040000 0.132500 0.017500 0.000000 0.049300 0.044500 0.034900 0.049200 0.134100 0.138300 0.053400 0.123300 0.128300 0.049300 0.039600 0.039900 0.044600 0.053800 0.102300 0.049200 0.035600
Yak 0.049300 0.205700 0.026300 0.200800 0.021900 0.049300 0.044500 0.026400 0.021900 0.122700 0.039900 0.026200 0.035500 0.021900 0.039900 0.030900 0.097400 0.101800 0.049200 0.026300 0.030800 0.035300 0.117600 0.122300 0.039900 0.035400 0.031000 0.021900 0.039900 0.030800 0.117800 0.026400 0.111700 0.031000 0.049300 0.000000 0.044500 0.021900 0.030800 0.113400 0.112700 0.030900 0.112800 0.117700 0.008600 0.026300 0.017400 0.030700 0.044400 0.082500 0.030700 0.021900
BlueSheep 0.013100 0.216200 0.026500 0.206700 0.021900 0.013100 0.043900 0.044300 0.030400 0.132700 0.013100 0.053800 0.030900 0.030600 0.049100 0.044000 0.097500 0.101800 0.030900 0.035400 0.049000 0.008600 0.143200 0.142300 0.012900 0.049000 0.026400 0.030900 0.053600 0.030900 0.127800 0.035300 0.131800 0.026400 0.044500 0.044500 0.000000 0.030500 0.049000 0.133500 0.137700 0.044400 0.122700 0.127700 0.044400 0.026300 0.035200 0.039700 0.053500 0.096900 0.044400 0.030900
BohorReedb 0.030400 0.187600 0.013100 0.188400 0.008600 0.030800 0.030800 0.021700 0.008600 0.106800 0.026200 0.030900 0.021900 0.008600 0.017500 0.030700 0.082300 0.086700 0.035300 0.013100 0.026300 0.021700 0.107100 0.106500 0.026200 0.035200 0.017500 0.008700 0.039700 0.017500 0.102000 0.012900 0.095400 0.017500 0.034900 0.021900 0.030500 0.000000 0.026300 0.096900 0.101900 0.030700 0.097200 0.092300 0.021900 0.004300 0.004300 0.017400 0.021800 0.067800 0.021800 0.008700
KirksDik 0.053800 0.210500 0.030900 0.178600 0.026300 0.053800 0.049000 0.021900 0.026300 0.117500 0.044300 0.049000 0.040000 0.026300 0.035400 0.030900 0.092400 0.096800 0.053700 0.030800 0.026300 0.039800 0.117400 0.117100 0.044300 0.035400 0.035400 0.026300 0.039900 0.035400 0.112700 0.030800 0.116700 0.035400 0.049200 0.030800 0.049000 0.026300 0.000000 0.098200 0.112500 0.030900 0.107700 0.102700 0.030800 0.030700 0.021800 0.035200 0.039800 0.092100 0.039700 0.026300
RoeDeer 0.134100 0.154200 0.113500 0.154300 0.107800 0.134100 0.123400 0.103000 0.107800 0.055100 0.128100 0.113700 0.123500 0.107600 0.098600 0.113300 0.069700 0.074000 0.128800 0.113300 0.108200 0.123000 0.045800 0.045500 0.128100 0.108300 0.118400 0.108300 0.123400 0.118600 0.050500 0.112900 0.074100 0.118400 0.134100 0.113400 0.133500 0.096900 0.098200 0.000000 0.040200 0.113300 0.045800 0.041100 0.103300 0.102500 0.102600 0.107700 0.112900 0.078900 0.113000 0.108300
WhiteLippe 0.138300 0.153400 0.117800 0.152800 0.112000 0.138300 0.127500 0.107200 0.112100 0.031500 0.132300 0.118000 0.127700 0.110500 0.102800 0.117500 0.064400 0.064100 0.132900 0.117600 0.112500 0.127300 0.004400 0.031400 0.132300 0.111600 0.122600 0.112600 0.127600 0.122900 0.027000 0.116200 0.064000 0.122600 0.138300 0.112700 0.137700 0.101900 0.112500 0.040200 0.000000 0.117500 0.022400 0.027000 0.117700 0.106800 0.106900 0.112000 0.117200 0.064100 0.107300 0.112600
ThomsonGaz 0.049200 0.205200 0.035500 0.184300 0.030800 0.049200 0.053700 0.008700 0.030800 0.122600 0.048900 0.040100 0.044600 0.030400 0.049200 0.000000 0.087700 0.092000 0.058400 0.035400 0.013100 0.044400 0.122900 0.122100 0.048900 0.004300 0.040000 0.030900 0.008700 0.031000 0.117700 0.034800 0.111800 0.040000 0.053400 0.030900 0.044400 0.030700 0.030900 0.113300 0.117500 0.000000 0.112700 0.107700 0.030900 0.035200 0.026300 0.039800 0.053500 0.087300 0.044400 0.030900
MuntiacusC 0.123300 0.138100 0.103000 0.148000 0.097400 0.123300 0.112800 0.102500 0.107300 0.008900 0.117400 0.113200 0.112900 0.107100 0.098100 0.112700 0.058000 0.064100 0.118000 0.112800 0.107700 0.112500 0.027000 0.036000 0.117400 0.107700 0.107900 0.107700 0.122800 0.118000 0.004400 0.112400 0.064200 0.107900 0.123300 0.112800 0.122700 0.097200 0.107700 0.045800 0.022400 0.112700 0.000000 0.031400 0.112800 0.102000 0.102100 0.107200 0.111700 0.069000 0.112500 0.107700
WhiteTaile 0.128200 0.153400 0.107900 0.153200 0.102300 0.128200 0.117600 0.097500 0.101300 0.040200 0.122300 0.118100 0.117800 0.102100 0.093100 0.107700 0.055000 0.059000 0.123000 0.107700 0.102700 0.117400 0.031600 0.013200 0.122300 0.102700 0.112700 0.102800 0.117700 0.113000 0.036200 0.107400 0.059400 0.112700 0.128300 0.117700 0.127700 0.092300 0.102700 0.041100 0.027000 0.107700 0.031400 0.000000 0.117700 0.097100 0.097200 0.102200 0.107400 0.064200 0.107500 0.102800
Cattle 0.049300 0.194500 0.026000 0.206500 0.021900 0.049300 0.044500 0.026400 0.021900 0.122700 0.039900 0.026000 0.035500 0.021900 0.039900 0.030900 0.097400 0.101800 0.049200 0.026300 0.030800 0.035300 0.122600 0.122300 0.039900 0.035400 0.031000 0.021400 0.039900 0.030800 0.117800 0.026400 0.121900 0.031000 0.049300 0.008600 0.044400 0.021900 0.030800 0.103300 0.117700 0.030900 0.112800 0.117700 0.000000 0.026300 0.017400 0.030700 0.044400 0.087300 0.035200 0.021700
RoyalAntel 0.035300 0.192900 0.017500 0.193900 0.012900 0.035300 0.035200 0.025900 0.012900 0.111700 0.030700 0.035300 0.026300 0.012900 0.021900 0.035200 0.077600 0.081900 0.039800 0.017500 0.030700 0.026200 0.112000 0.111300 0.030700 0.039700 0.021900 0.013100 0.044200 0.021900 0.106900 0.017200 0.101300 0.021500 0.039600 0.026300 0.026300 0.004300 0.030700 0.102500 0.106800 0.035200 0.102000 0.097100 0.026300 0.000000 0.008600 0.021800 0.026200 0.072500 0.026300 0.013100
Steenbok 0.035300 0.193100 0.017500 0.182900 0.012900 0.035300 0.035200 0.017400 0.013000 0.111800 0.030700 0.035400 0.026000 0.012900 0.021900 0.026300 0.077500 0.081900 0.039400 0.017500 0.021800 0.025900 0.112100 0.111400 0.030700 0.030300 0.021700 0.013100 0.034900 0.021900 0.107000 0.017300 0.101400 0.021500 0.039900 0.017400 0.035200 0.004300 0.021800 0.102600 0.106900 0.026300 0.102100 0.097200 0.017400 0.008600 0.000000 0.021800 0.026200 0.072500 0.026300 0.013100
Impala 0.044500 0.198700 0.021900 0.211300 0.017400 0.044500 0.039800 0.030700 0.017400 0.116900 0.026300 0.039800 0.030900 0.017400 0.026300 0.039800 0.092100 0.096400 0.044400 0.021900 0.035200 0.030700 0.116900 0.116500 0.026300 0.035300 0.026400 0.017400 0.048900 0.026300 0.112100 0.021900 0.106400 0.026400 0.044600 0.030700 0.039700 0.017400 0.035200 0.107700 0.112000 0.039800 0.107200 0.102200 0.030700 0.021800 0.021800 0.000000 0.039700 0.082200 0.030700 0.017400
Klipspring 0.053700 0.204500 0.035400 0.200200 0.030700 0.053700 0.053600 0.044300 0.030400 0.122200 0.048800 0.053700 0.039900 0.030300 0.030900 0.053500 0.106900 0.111200 0.058000 0.035400 0.049000 0.044300 0.122500 0.121700 0.048400 0.058100 0.035400 0.030900 0.062800 0.040000 0.117300 0.035300 0.121400 0.035400 0.053800 0.044400 0.053500 0.021800 0.039800 0.112900 0.117200 0.053500 0.111700 0.107400 0.044400 0.026200 0.026200 0.039700 0.000000 0.091900 0.044400 0.030900
ForestMusk 0.092100 0.147000 0.077900 0.157500 0.072600 0.092500 0.087300 0.077500 0.072700 0.078400 0.091900 0.087600 0.087400 0.072500 0.087500 0.087300 0.054600 0.058900 0.092300 0.077800 0.082500 0.087100 0.069000 0.078200 0.091900 0.092200 0.082600 0.073000 0.097100 0.082700 0.073900 0.077500 0.063700 0.082600 0.102300 0.082500 0.096900 0.067800 0.092100 0.078900 0.064100 0.087300 0.069000 0.064200 0.087300 0.072500 0.072500 0.082200 0.091900 0.000000 0.068100 0.073000
Bushbuck 0.049200 0.205000 0.017400 0.194800 0.021900 0.049200 0.044400 0.035300 0.013000 0.122300 0.039800 0.044300 0.035400 0.021800 0.039900 0.044400 0.097300 0.101600 0.049100 0.017400 0.039800 0.035300 0.112200 0.121900 0.039800 0.049000 0.030900 0.013000 0.053600 0.021800 0.117400 0.026300 0.106700 0.030900 0.049200 0.030700 0.044400 0.021800 0.039700 0.113000 0.107300 0.044400 0.112500 0.107500 0.035200 0.026300 0.026300 0.030700 0.044400 0.068100 0.000000 0.013000
GreaterKud 0.035600 0.199900 0.004300 0.201000 0.008700 0.035600 0.030900 0.021900 0.000000 0.117600 0.026400 0.030900 0.022000 0.008700 0.026400 0.030900 0.092600 0.096900 0.035500 0.004300 0.026400 0.021900 0.117500 0.117200 0.026400 0.035400 0.017600 0.000000 0.040000 0.008600 0.112700 0.013100 0.107000 0.017600 0.035600 0.021900 0.030900 0.008700 0.026300 0.108300 0.112600 0.030900 0.107700 0.102800 0.021700 0.013100 0.013100 0.017400 0.030900 0.073000 0.013000 0.000000
