1
52 1
Argali 0.000000 0.293400 0.128500 0.194700 0.083500 0.013400 0.083700 0.128800 0.128500 0.143100 0.054900 0.145600 0.083500 0.098100 0.097800 0.097600 0.145400 0.099700 0.083500 0.128500 0.128700 0.054200 0.130600 0.113100 0.041000 0.128000 0.083500 0.144000 0.113400 0.128500 0.127700 0.083500 0.163100 0.083500 0.069000 0.132800 0.041500 0.083100 0.083600 0.127800 0.145400 0.127600 0.127700 0.161000 0.148800 0.158500 0.083900 0.082700 0.068900 0.217900 0.144000 0.144000
LesserMous 0.293400 0.000000 0.271900 0.234800 0.234100 0.310800 0.234600 0.233000 0.271900 0.308100 0.326400 0.293800 0.252500 0.252800 0.232000 0.269000 0.293700 0.276800 0.234200 0.271900 0.290000 0.286600 0.311600 0.269200 0.310500 0.268700 0.252500 0.253400 0.252500 0.271900 0.287700 0.234100 0.375700 0.252500 0.251800 0.280900 0.352200 0.268800 0.232800 0.287100 0.291400 0.267600 0.287700 0.252200 0.281100 0.328900 0.233900 0.249400 0.250400 0.320700 0.253400 0.272200
LesserKudu 0.128500 0.271900 0.000000 0.193600 0.068500 0.112800 0.068900 0.112400 0.000000 0.127600 0.126300 0.068400 0.068500 0.082900 0.097100 0.082500 0.113600 0.098900 0.040400 0.000000 0.112300 0.097000 0.145000 0.097700 0.113200 0.112200 0.068500 0.013100 0.097900 0.000000 0.112300 0.068500 0.145100 0.068500 0.054500 0.055500 0.175400 0.068200 0.068600 0.112200 0.129000 0.111900 0.112300 0.144300 0.069900 0.173500 0.068600 0.082300 0.082600 0.179300 0.013200 0.013100
KillerWhal 0.194700 0.234800 0.193600 0.000000 0.160200 0.210500 0.160600 0.144400 0.193600 0.159400 0.224500 0.145700 0.128700 0.176500 0.159900 0.113000 0.194100 0.178700 0.160200 0.193600 0.209800 0.191500 0.212000 0.159800 0.211000 0.143300 0.128700 0.210600 0.160300 0.193600 0.143500 0.160200 0.248000 0.128700 0.144300 0.164800 0.227000 0.128300 0.160100 0.175200 0.194400 0.112500 0.143500 0.210800 0.148300 0.242500 0.160700 0.174700 0.143600 0.233500 0.210600 0.210600
DefassaWat 0.083500 0.234100 0.068500 0.160200 0.000000 0.068700 0.026800 0.068400 0.068500 0.082500 0.081100 0.083400 0.026700 0.040300 0.054000 0.040200 0.083500 0.069300 0.026700 0.068500 0.068100 0.054000 0.098600 0.054300 0.068900 0.068200 0.026700 0.054300 0.054400 0.068500 0.068200 0.026700 0.098900 0.026700 0.013300 0.070500 0.127600 0.026600 0.026800 0.068200 0.083500 0.068100 0.068200 0.068800 0.085300 0.126200 0.026800 0.040100 0.040300 0.146800 0.082800 0.082900
Sheep 0.013400 0.310800 0.112800 0.210500 0.068700 0.000000 0.068900 0.113000 0.112800 0.127100 0.040600 0.129200 0.068700 0.083000 0.082800 0.082600 0.129000 0.114200 0.068700 0.112800 0.112900 0.040200 0.114500 0.097700 0.027000 0.112400 0.068700 0.127900 0.097900 0.112800 0.112000 0.068700 0.146200 0.068700 0.054500 0.116400 0.055400 0.068400 0.068800 0.112100 0.129000 0.112100 0.112000 0.144200 0.131900 0.173500 0.069000 0.068100 0.082900 0.199000 0.127900 0.127900
MaxwellsDu 0.083700 0.234600 0.068900 0.160600 0.026800 0.068900 0.000000 0.068800 0.068900 0.082800 0.080600 0.083900 0.026800 0.013300 0.054300 0.040400 0.083800 0.069500 0.026800 0.068900 0.068700 0.054100 0.098900 0.054500 0.069100 0.068600 0.026800 0.083400 0.054600 0.068900 0.068400 0.000000 0.099200 0.026800 0.013300 0.070700 0.127300 0.026700 0.026900 0.068400 0.083800 0.068400 0.068400 0.069000 0.085500 0.126600 0.026900 0.040200 0.040400 0.147600 0.054600 0.083400
GazellaPrz 0.128800 0.233000 0.112400 0.144400 0.068400 0.113000 0.068800 0.000000 0.112400 0.097000 0.126500 0.068400 0.068400 0.082700 0.068300 0.054100 0.098200 0.113700 0.068400 0.112400 0.082700 0.097100 0.083800 0.068400 0.113300 0.082600 0.068400 0.127600 0.068600 0.112400 0.082400 0.068100 0.145400 0.068400 0.054500 0.085200 0.176000 0.040300 0.040500 0.082400 0.069000 0.054100 0.082400 0.112900 0.100200 0.173100 0.040500 0.082300 0.082700 0.130800 0.127600 0.127600
MountainNy 0.128500 0.271900 0.000000 0.193600 0.068500 0.112800 0.068900 0.112400 0.000000 0.127600 0.126300 0.068400 0.068500 0.082900 0.097100 0.082500 0.113600 0.098900 0.040400 0.000000 0.112300 0.097000 0.145000 0.097700 0.113200 0.111900 0.068500 0.013200 0.097900 0.000000 0.112300 0.068500 0.145100 0.068500 0.054500 0.055500 0.175400 0.068200 0.068600 0.112200 0.129000 0.111900 0.112300 0.144300 0.069900 0.173500 0.068600 0.082300 0.082600 0.179300 0.013200 0.013200
MuntiacusM 0.143100 0.308100 0.127600 0.159400 0.082500 0.127100 0.082800 0.097000 0.127600 0.000000 0.139900 0.112900 0.082500 0.068200 0.111500 0.096600 0.112700 0.128600 0.082600 0.127600 0.127000 0.110900 0.097900 0.053700 0.127400 0.126700 0.082500 0.143200 0.082500 0.127600 0.013100 0.082600 0.156500 0.082500 0.068100 0.099800 0.189900 0.082200 0.082400 0.067200 0.082600 0.126300 0.013100 0.097300 0.115000 0.156300 0.082600 0.096100 0.096400 0.178400 0.143300 0.143200
goat 0.054900 0.326400 0.126300 0.224500 0.081100 0.040600 0.080600 0.126500 0.126300 0.139900 0.000000 0.143000 0.081100 0.095800 0.095600 0.095400 0.110500 0.127000 0.081100 0.126300 0.126300 0.026300 0.127200 0.109800 0.004600 0.126100 0.081100 0.141700 0.110500 0.126300 0.124500 0.081100 0.161800 0.081100 0.065700 0.129600 0.040800 0.080800 0.080500 0.124600 0.142100 0.125700 0.124500 0.157600 0.145400 0.189100 0.081500 0.082200 0.093400 0.214000 0.141700 0.141700
AfricanBuf 0.145600 0.293800 0.068400 0.145700 0.083400 0.129200 0.083900 0.068400 0.068400 0.112900 0.143000 0.000000 0.083400 0.098200 0.083200 0.068700 0.084200 0.099600 0.083400 0.068400 0.128500 0.112600 0.130000 0.083400 0.129500 0.128000 0.082900 0.082800 0.113600 0.068400 0.097900 0.083400 0.162500 0.083400 0.069100 0.013600 0.194000 0.054500 0.083600 0.097800 0.114200 0.097700 0.097900 0.129400 0.027500 0.158500 0.083600 0.097500 0.097900 0.147900 0.082800 0.082800
Topi 0.083500 0.252500 0.068500 0.128700 0.026700 0.068700 0.026800 0.068400 0.068500 0.082500 0.081100 0.083400 0.000000 0.040200 0.054000 0.013200 0.083500 0.069300 0.026700 0.067600 0.068000 0.054000 0.098600 0.054300 0.068900 0.040300 0.000000 0.082700 0.026800 0.068500 0.068200 0.026700 0.098900 0.000000 0.013300 0.070500 0.127600 0.026600 0.026800 0.068100 0.083500 0.040200 0.068200 0.098000 0.055900 0.126200 0.026800 0.040100 0.040300 0.146800 0.082700 0.082000
CommonDuik 0.098100 0.252800 0.082900 0.176500 0.040300 0.083000 0.013300 0.082700 0.082900 0.068200 0.095800 0.098200 0.040200 0.000000 0.068100 0.054000 0.098300 0.083900 0.040300 0.082900 0.082600 0.068000 0.113600 0.068400 0.083300 0.082500 0.040200 0.097600 0.040400 0.082900 0.082600 0.013200 0.111200 0.040200 0.026800 0.085300 0.143000 0.040200 0.040400 0.082500 0.098300 0.082300 0.082600 0.083200 0.100400 0.111100 0.040400 0.053900 0.054100 0.162700 0.068500 0.097600
Suni 0.097800 0.232000 0.097100 0.159900 0.054000 0.082800 0.054300 0.068300 0.097100 0.111500 0.095600 0.083200 0.054000 0.068100 0.000000 0.040100 0.112800 0.098100 0.054000 0.097100 0.096900 0.067900 0.128700 0.082600 0.083100 0.097000 0.054300 0.111900 0.082700 0.097100 0.096700 0.054100 0.129000 0.054000 0.040400 0.099900 0.142700 0.026600 0.054300 0.096700 0.113000 0.068000 0.096700 0.127800 0.115100 0.156500 0.054300 0.040000 0.068000 0.178600 0.112000 0.111900
Springbuck 0.097600 0.269000 0.082500 0.113000 0.040200 0.082600 0.040400 0.054100 0.082500 0.096600 0.095400 0.068700 0.013200 0.054000 0.040100 0.000000 0.097800 0.083300 0.040200 0.082500 0.082200 0.067700 0.113100 0.068100 0.082900 0.054000 0.013200 0.097100 0.040300 0.082500 0.082100 0.040200 0.113400 0.013200 0.026600 0.084800 0.142300 0.013200 0.040300 0.082000 0.097800 0.026500 0.082100 0.112400 0.070000 0.140700 0.040300 0.053600 0.053800 0.161700 0.097100 0.097100
Okapi 0.145400 0.293700 0.113600 0.194100 0.083500 0.129000 0.083800 0.098200 0.113600 0.112700 0.110500 0.084200 0.083500 0.098300 0.112800 0.097800 0.000000 0.041100 0.069100 0.113600 0.128600 0.082700 0.129800 0.083300 0.098600 0.128200 0.083500 0.129000 0.113400 0.113600 0.097700 0.083600 0.130800 0.083500 0.079400 0.070800 0.159300 0.083100 0.083500 0.097600 0.114000 0.127800 0.097700 0.129100 0.085600 0.158200 0.083700 0.097300 0.108300 0.115900 0.129000 0.129000
Giraffe 0.099700 0.276800 0.098900 0.178700 0.069300 0.114200 0.069500 0.113700 0.098900 0.128600 0.127000 0.099600 0.069300 0.083900 0.098100 0.083300 0.041100 0.000000 0.055000 0.098900 0.113700 0.097800 0.146300 0.098500 0.114300 0.113200 0.069300 0.114000 0.098700 0.098900 0.113200 0.069300 0.115700 0.069300 0.054900 0.086400 0.144700 0.068900 0.069200 0.113100 0.130100 0.112900 0.113200 0.145600 0.101700 0.112500 0.069400 0.083000 0.054800 0.132400 0.114100 0.114000
TibetanAnt 0.083500 0.234200 0.040400 0.160200 0.026700 0.068700 0.026800 0.068400 0.040400 0.082600 0.081100 0.083400 0.026700 0.040300 0.054000 0.040200 0.069100 0.055000 0.000000 0.040400 0.068300 0.054000 0.098600 0.054300 0.068900 0.068200 0.026700 0.054400 0.054400 0.040400 0.068200 0.026700 0.098900 0.026700 0.013300 0.070500 0.127600 0.026600 0.026800 0.068200 0.083500 0.068100 0.068200 0.098000 0.085300 0.126200 0.026800 0.040100 0.040300 0.130900 0.053900 0.054300
Sitatunga 0.128500 0.271900 0.000000 0.193600 0.068500 0.112800 0.068900 0.112400 0.000000 0.127600 0.126300 0.068400 0.067600 0.082900 0.097100 0.082500 0.113600 0.098900 0.040400 0.000000 0.112300 0.097000 0.145000 0.097700 0.113200 0.112200 0.068500 0.013100 0.097900 0.000000 0.112300 0.068500 0.145100 0.068100 0.054500 0.055500 0.175400 0.068200 0.068600 0.112200 0.129000 0.111900 0.112300 0.144300 0.069900 0.173500 0.068600 0.082300 0.082600 0.179300 0.013200 0.013100
Oribi 0.128700 0.290000 0.112300 0.209800 0.068100 0.112900 0.068700 0.082700 0.112300 0.127000 0.126300 0.128500 0.068000 0.082600 0.096900 0.082200 0.128600 0.113700 0.068300 0.112300 0.000000 0.096900 0.144800 0.097500 0.113200 0.082400 0.068300 0.127500 0.068500 0.112300 0.111900 0.068300 0.145200 0.068300 0.054400 0.115900 0.175800 0.068100 0.040500 0.111900 0.098400 0.082200 0.111900 0.143800 0.131500 0.172900 0.040500 0.082200 0.082600 0.196600 0.127500 0.127500
BarbaryShe 0.054200 0.286600 0.097000 0.191500 0.054000 0.040200 0.054100 0.097100 0.097000 0.110900 0.026300 0.112600 0.054000 0.068000 0.067900 0.067700 0.082700 0.097800 0.054000 0.097000 0.096900 0.000000 0.098200 0.082200 0.013200 0.096900 0.054000 0.111700 0.082400 0.097000 0.096300 0.054000 0.128800 0.054000 0.040200 0.099600 0.068400 0.053900 0.054100 0.096300 0.112500 0.096600 0.096300 0.127300 0.114700 0.155800 0.054300 0.053500 0.067800 0.179000 0.111800 0.111700
Daviddeer 0.130600 0.311600 0.145000 0.212000 0.098600 0.114500 0.098900 0.083800 0.145000 0.097900 0.127200 0.130000 0.098600 0.113600 0.128700 0.113100 0.129800 0.146300 0.098600 0.145000 0.144800 0.098200 0.000000 0.068700 0.114800 0.144500 0.098600 0.160900 0.129100 0.145000 0.082800 0.098600 0.162600 0.098600 0.083900 0.116900 0.177900 0.098300 0.098800 0.082800 0.040500 0.144100 0.082800 0.113500 0.132500 0.208400 0.099000 0.112700 0.113200 0.165400 0.160900 0.160900
Reindeer 0.113100 0.269200 0.097700 0.159800 0.054300 0.097700 0.054500 0.068400 0.097700 0.053700 0.109800 0.083400 0.054300 0.068400 0.082600 0.068100 0.083300 0.098500 0.054300 0.097700 0.097500 0.082200 0.068700 0.000000 0.098000 0.097300 0.054300 0.112700 0.082800 0.097700 0.040000 0.054300 0.129200 0.054300 0.040400 0.070300 0.158300 0.054100 0.054300 0.040000 0.054300 0.097000 0.040000 0.068300 0.085000 0.157000 0.054500 0.067800 0.068100 0.146900 0.112700 0.112700
Ibex 0.041000 0.310500 0.113200 0.211000 0.068900 0.027000 0.069100 0.113300 0.113200 0.127400 0.004600 0.129500 0.068900 0.083300 0.083100 0.082900 0.098600 0.114300 0.068900 0.113200 0.113200 0.013200 0.114800 0.098000 0.000000 0.112900 0.068900 0.128300 0.098200 0.113200 0.112400 0.068900 0.146400 0.068900 0.054700 0.116500 0.053700 0.068700 0.069100 0.112500 0.129400 0.112600 0.112400 0.144600 0.132100 0.173800 0.069200 0.068300 0.083100 0.198900 0.128300 0.128300
GyrantGaze 0.128000 0.268700 0.112200 0.143300 0.068200 0.112400 0.068600 0.082600 0.111900 0.126700 0.126100 0.128000 0.040300 0.082500 0.097000 0.054000 0.128200 0.113200 0.068200 0.112200 0.082400 0.096900 0.144500 0.097300 0.112900 0.000000 0.040300 0.127300 0.040400 0.112200 0.111600 0.068200 0.144800 0.040300 0.054300 0.115200 0.175100 0.068000 0.040400 0.111700 0.128400 0.026500 0.111600 0.143500 0.099800 0.172500 0.040600 0.082100 0.082400 0.195200 0.127400 0.127300
Hartebeest 0.083500 0.252500 0.068500 0.128700 0.026700 0.068700 0.026800 0.068400 0.068500 0.082500 0.081100 0.082900 0.000000 0.040200 0.054300 0.013200 0.083500 0.069300 0.026700 0.068500 0.068300 0.054000 0.098600 0.054300 0.068900 0.040300 0.000000 0.082900 0.026800 0.068500 0.068200 0.026700 0.098900 0.000000 0.013300 0.070500 0.127600 0.026600 0.026800 0.068100 0.083500 0.040200 0.068200 0.098000 0.055900 0.126200 0.026800 0.040100 0.040300 0.146800 0.082900 0.082900
Bongo 0.144000 0.253400 0.013100 0.210600 0.054300 0.127900 0.083400 0.127600 0.013200 0.143200 0.141700 0.082800 0.082700 0.097600 0.111900 0.097100 0.129000 0.114000 0.054400 0.013100 0.127500 0.111700 0.160900 0.112700 0.128300 0.127300 0.082900 0.000000 0.112800 0.013100 0.127600 0.082900 0.160900 0.082900 0.068600 0.069900 0.191800 0.082500 0.083000 0.127400 0.144700 0.127000 0.127600 0.128700 0.084600 0.189900 0.083000 0.096800 0.097100 0.195900 0.026500 0.026500
Gerenuk 0.113400 0.252500 0.097900 0.160300 0.054400 0.097900 0.054600 0.068600 0.097900 0.082500 0.110500 0.113600 0.026800 0.040400 0.082700 0.040300 0.113400 0.098700 0.054400 0.097900 0.068500 0.082400 0.129100 0.082800 0.098200 0.040400 0.026800 0.112800 0.000000 0.097900 0.097100 0.054400 0.126600 0.026800 0.040500 0.100500 0.158900 0.054200 0.026800 0.097100 0.113400 0.040300 0.097100 0.128400 0.085300 0.126200 0.026800 0.068000 0.068200 0.180200 0.112900 0.112800
CommonElan 0.128500 0.271900 0.000000 0.193600 0.068500 0.112800 0.068900 0.112400 0.000000 0.127600 0.126300 0.068400 0.068500 0.082900 0.097100 0.082500 0.113600 0.098900 0.040400 0.000000 0.112300 0.097000 0.145000 0.097700 0.113200 0.112200 0.068500 0.013100 0.097900 0.000000 0.112300 0.068500 0.145100 0.068500 0.054500 0.055500 0.175400 0.068200 0.068600 0.112200 0.129000 0.111900 0.112300 0.144300 0.069900 0.173500 0.068600 0.082300 0.082600 0.179300 0.013200 0.013100
MuntiacusR 0.127700 0.287700 0.112300 0.143500 0.068200 0.112000 0.068400 0.082400 0.112300 0.013100 0.124500 0.097900 0.068200 0.082600 0.096700 0.082100 0.097700 0.113200 0.068200 0.112300 0.111900 0.096300 0.082800 0.040000 0.112400 0.111600 0.068200 0.127600 0.097100 0.112300 0.000000 0.068200 0.144000 0.068200 0.054100 0.084800 0.173500 0.067900 0.068100 0.053500 0.068300 0.111300 0.000000 0.082400 0.099700 0.172200 0.068300 0.081700 0.082000 0.162100 0.127600 0.127600
HarveysDui 0.083500 0.234100 0.068500 0.160200 0.026700 0.068700 0.000000 0.068100 0.068500 0.082600 0.081100 0.083400 0.026700 0.013200 0.054100 0.040200 0.083600 0.069300 0.026700 0.068500 0.068300 0.054000 0.098600 0.054300 0.068900 0.068200 0.026700 0.082900 0.054400 0.068500 0.068200 0.000000 0.098900 0.026700 0.013300 0.070500 0.127500 0.026600 0.026800 0.068200 0.083500 0.067700 0.068200 0.068800 0.085300 0.126200 0.026800 0.040100 0.040300 0.146700 0.054300 0.082900
Pronghorn 0.163100 0.375700 0.145100 0.248000 0.098900 0.146200 0.099200 0.145400 0.145100 0.156500 0.161800 0.162500 0.098900 0.111200 0.129000 0.113400 0.130800 0.115700 0.098900 0.145100 0.145200 0.128800 0.162600 0.129200 0.146400 0.144800 0.098900 0.160900 0.126600 0.145100 0.144000 0.098900 0.000000 0.098900 0.084200 0.149700 0.214800 0.098600 0.099300 0.144200 0.162400 0.144400 0.144000 0.178200 0.166000 0.173500 0.099500 0.113100 0.084100 0.201300 0.160900 0.160900
BlueWildeb 0.083500 0.252500 0.068500 0.128700 0.026700 0.068700 0.026800 0.068400 0.068500 0.082500 0.081100 0.083400 0.000000 0.040200 0.054000 0.013200 0.083500 0.069300 0.026700 0.068100 0.068300 0.054000 0.098600 0.054300 0.068900 0.040300 0.000000 0.082900 0.026800 0.068500 0.068200 0.026700 0.098900 0.000000 0.013300 0.070500 0.127600 0.026800 0.026800 0.068100 0.083500 0.040200 0.068200 0.098000 0.055900 0.126200 0.026800 0.040100 0.040300 0.146800 0.082900 0.082900
Gemsbok 0.069000 0.251800 0.054500 0.144300 0.013300 0.054500 0.013300 0.054500 0.054500 0.068100 0.065700 0.069100 0.013300 0.026800 0.040400 0.026600 0.079400 0.054900 0.013300 0.054500 0.054400 0.040200 0.083900 0.040400 0.054700 0.054300 0.013300 0.068600 0.040500 0.054500 0.054100 0.013300 0.084200 0.013300 0.000000 0.055900 0.111700 0.013200 0.013300 0.054100 0.069000 0.054200 0.054100 0.083300 0.070300 0.111100 0.013300 0.032200 0.026700 0.131500 0.068600 0.068600
Yak 0.132800 0.280900 0.055500 0.164800 0.070500 0.116400 0.070700 0.085200 0.055500 0.099800 0.129600 0.013600 0.070500 0.085300 0.099900 0.084800 0.070800 0.086400 0.070500 0.055500 0.115900 0.099600 0.116900 0.070300 0.116500 0.115200 0.070500 0.069900 0.100500 0.055500 0.084800 0.070500 0.149700 0.070500 0.055900 0.000000 0.181000 0.070100 0.070500 0.084700 0.101000 0.114900 0.084800 0.116300 0.013600 0.145600 0.070700 0.084300 0.084800 0.135700 0.069900 0.069900
BlueSheep 0.041500 0.352200 0.175400 0.227000 0.127600 0.055400 0.127300 0.176000 0.175400 0.189900 0.040800 0.194000 0.127600 0.143000 0.142700 0.142300 0.159300 0.144700 0.127600 0.175400 0.175800 0.068400 0.177900 0.158300 0.053700 0.175100 0.127600 0.191800 0.158900 0.175400 0.173500 0.127500 0.214800 0.127600 0.111700 0.181000 0.000000 0.127000 0.127300 0.173800 0.193300 0.174500 0.173500 0.209800 0.197900 0.208200 0.128300 0.127900 0.110000 0.272900 0.191800 0.191800
BohorReedb 0.083100 0.268800 0.068200 0.128300 0.026600 0.068400 0.026700 0.040300 0.068200 0.082200 0.080800 0.054500 0.026600 0.040200 0.026600 0.013200 0.083100 0.068900 0.026600 0.068200 0.068100 0.053900 0.098300 0.054100 0.068700 0.068000 0.026600 0.082500 0.054200 0.068200 0.067900 0.026600 0.098600 0.026800 0.013200 0.070100 0.127000 0.000000 0.026700 0.067900 0.083200 0.040200 0.067900 0.097600 0.084800 0.125600 0.026700 0.040000 0.040100 0.145900 0.082500 0.082000
KirksDik 0.083600 0.232800 0.068600 0.160100 0.026800 0.068800 0.026900 0.040500 0.068600 0.082400 0.080500 0.083600 0.026800 0.040400 0.054300 0.040300 0.083500 0.069200 0.026800 0.068600 0.040500 0.054100 0.098800 0.054300 0.069100 0.040400 0.026800 0.083000 0.026800 0.068600 0.068100 0.026800 0.099300 0.026800 0.013300 0.070500 0.127300 0.026700 0.000000 0.068200 0.083600 0.040300 0.068100 0.098000 0.085200 0.126100 0.000000 0.040200 0.040400 0.147500 0.083000 0.083000
RoeDeer 0.127800 0.287100 0.112200 0.175200 0.068200 0.112100 0.068400 0.082400 0.112200 0.067200 0.124600 0.097800 0.068100 0.082500 0.096700 0.082000 0.097600 0.113100 0.068200 0.112200 0.111900 0.096300 0.082800 0.040000 0.112500 0.111700 0.068100 0.127400 0.097100 0.112200 0.053500 0.068200 0.144200 0.068100 0.054100 0.084700 0.173800 0.067900 0.068200 0.000000 0.068200 0.111300 0.053500 0.082300 0.099600 0.172100 0.068400 0.081700 0.082000 0.162300 0.127400 0.127400
WhiteLippe 0.145400 0.291400 0.129000 0.194400 0.083500 0.129000 0.083800 0.069000 0.129000 0.082600 0.142100 0.114200 0.083500 0.098300 0.113000 0.097800 0.114000 0.130100 0.083500 0.129000 0.098400 0.112500 0.040500 0.054300 0.129400 0.128400 0.083500 0.144700 0.113400 0.129000 0.068300 0.083500 0.162400 0.083500 0.069000 0.101000 0.193300 0.083200 0.083600 0.068200 0.000000 0.128000 0.068300 0.098100 0.116300 0.191000 0.083800 0.097400 0.097800 0.148300 0.144700 0.144700
ThomsonGaz 0.127600 0.267600 0.111900 0.112500 0.068100 0.112100 0.068400 0.054100 0.111900 0.126300 0.125700 0.097700 0.040200 0.082300 0.068000 0.026500 0.127800 0.112900 0.068100 0.111900 0.082200 0.096600 0.144100 0.097000 0.112600 0.026500 0.040200 0.127000 0.040300 0.111900 0.111300 0.067700 0.144400 0.040200 0.054200 0.114900 0.174500 0.040200 0.040300 0.111300 0.128000 0.000000 0.111300 0.143000 0.099600 0.172000 0.040300 0.081900 0.082200 0.194600 0.127000 0.127000
MuntiacusC 0.127700 0.287700 0.112300 0.143500 0.068200 0.112000 0.068400 0.082400 0.112300 0.013100 0.124500 0.097900 0.068200 0.082600 0.096700 0.082100 0.097700 0.113200 0.068200 0.112300 0.111900 0.096300 0.082800 0.040000 0.112400 0.111600 0.068200 0.127600 0.097100 0.112300 0.000000 0.068200 0.144000 0.068200 0.054100 0.084800 0.173500 0.067900 0.068100 0.053500 0.068300 0.111300 0.000000 0.082400 0.099700 0.172200 0.068300 0.081700 0.082000 0.162100 0.127600 0.127600
WhiteTaile 0.161000 0.252200 0.144300 0.210800 0.068800 0.144200 0.069000 0.112900 0.144300 0.097300 0.157600 0.129400 0.098000 0.083200 0.127800 0.112400 0.129100 0.145600 0.098000 0.144300 0.143800 0.127300 0.113500 0.068300 0.144600 0.143500 0.098000 0.128700 0.128400 0.144300 0.082400 0.068800 0.178200 0.098000 0.083300 0.116300 0.209800 0.097600 0.098000 0.082300 0.098100 0.143000 0.082400 0.000000 0.131900 0.207100 0.098300 0.111900 0.112400 0.164500 0.128600 0.160300
Cattle 0.148800 0.281100 0.069900 0.148300 0.085300 0.131900 0.085500 0.100200 0.069900 0.115000 0.145400 0.027500 0.055900 0.100400 0.115100 0.070000 0.085600 0.101700 0.085300 0.069900 0.131500 0.114700 0.132500 0.085000 0.132100 0.099800 0.055900 0.084600 0.085300 0.069900 0.099700 0.085300 0.166000 0.055900 0.070300 0.013600 0.197900 0.084800 0.085200 0.099600 0.116300 0.099600 0.099700 0.131900 0.000000 0.161700 0.085500 0.099100 0.099700 0.151900 0.084600 0.084600
RoyalAntel 0.158500 0.328900 0.173500 0.242500 0.126200 0.173500 0.126600 0.173100 0.173500 0.156300 0.189100 0.158500 0.126200 0.111100 0.156500 0.140700 0.158200 0.112500 0.126200 0.173500 0.172900 0.155800 0.208400 0.157000 0.173800 0.172500 0.126200 0.189900 0.126200 0.173500 0.172200 0.126200 0.173500 0.126200 0.111100 0.145600 0.208200 0.125600 0.126100 0.172100 0.191000 0.172000 0.172200 0.207100 0.161700 0.000000 0.126500 0.140100 0.110700 0.195200 0.189900 0.189900
Steenbok 0.083900 0.233900 0.068600 0.160700 0.026800 0.069000 0.026900 0.040500 0.068600 0.082600 0.081500 0.083600 0.026800 0.040400 0.054300 0.040300 0.083700 0.069400 0.026800 0.068600 0.040500 0.054300 0.099000 0.054500 0.069200 0.040600 0.026800 0.083000 0.026800 0.068600 0.068300 0.026800 0.099500 0.026800 0.013300 0.070700 0.128300 0.026700 0.000000 0.068400 0.083800 0.040300 0.068300 0.098300 0.085500 0.126500 0.000000 0.040300 0.040400 0.147500 0.083000 0.083000
Impala 0.082700 0.249400 0.082300 0.174700 0.040100 0.068100 0.040200 0.082300 0.082300 0.096100 0.082200 0.097500 0.040100 0.053900 0.040000 0.053600 0.097300 0.083000 0.040100 0.082300 0.082200 0.053500 0.112700 0.067800 0.068300 0.082100 0.040100 0.096800 0.068000 0.082300 0.081700 0.040100 0.113100 0.040100 0.032200 0.084300 0.127900 0.040000 0.040200 0.081700 0.097400 0.081900 0.081700 0.111900 0.099100 0.140100 0.040300 0.000000 0.061000 0.162100 0.096800 0.096800
Klipspring 0.068900 0.250400 0.082600 0.143600 0.040300 0.082900 0.040400 0.082700 0.082600 0.096400 0.093400 0.097900 0.040300 0.054100 0.068000 0.053800 0.108300 0.054800 0.040300 0.082600 0.082600 0.067800 0.113200 0.068100 0.083100 0.082400 0.040300 0.097100 0.068200 0.082600 0.082000 0.040300 0.084100 0.040300 0.026700 0.084800 0.110000 0.040100 0.040400 0.082000 0.097800 0.082200 0.082000 0.112400 0.099700 0.110700 0.040400 0.061000 0.000000 0.163200 0.097100 0.097100
ForestMusk 0.217900 0.320700 0.179300 0.233500 0.146800 0.199000 0.147600 0.130800 0.179300 0.178400 0.214000 0.147900 0.146800 0.162700 0.178600 0.161700 0.115900 0.132400 0.130900 0.179300 0.196600 0.179000 0.165400 0.146900 0.198900 0.195200 0.146800 0.195900 0.180200 0.179300 0.162100 0.146700 0.201300 0.146800 0.131500 0.135700 0.272900 0.145900 0.147500 0.162300 0.148300 0.194600 0.162100 0.164500 0.151900 0.195200 0.147500 0.162100 0.163200 0.000000 0.195900 0.195900
Bushbuck 0.144000 0.253400 0.013200 0.210600 0.082800 0.127900 0.054600 0.127600 0.013200 0.143300 0.141700 0.082800 0.082700 0.068500 0.112000 0.097100 0.129000 0.114100 0.053900 0.013200 0.127500 0.111800 0.160900 0.112700 0.128300 0.127400 0.082900 0.026500 0.112900 0.013200 0.127600 0.054300 0.160900 0.082900 0.068600 0.069900 0.191800 0.082500 0.083000 0.127400 0.144700 0.127000 0.127600 0.128600 0.084600 0.189900 0.083000 0.096800 0.097100 0.195900 0.000000 0.026500
GreaterKud 0.144000 0.272200 0.013100 0.210600 0.082900 0.127900 0.083400 0.127600 0.013200 0.143200 0.141700 0.082800 0.082000 0.097600 0.111900 0.097100 0.129000 0.114000 0.054300 0.013100 0.127500 0.111700 0.160900 0.112700 0.128300 0.127300 0.082900 0.026500 0.112800 0.013100 0.127600 0.082900 0.160900 0.082900 0.068600 0.069900 0.191800 0.082000 0.083000 0.127400 0.144700 0.127000 0.127600 0.160300 0.084600 0.189900 0.083000 0.096800 0.097100 0.195900 0.026500 0.000000
