1
52 1
Argali 0.000000 0.258500 0.053500 0.223400 0.033200 0.001900 0.041100 0.041200 0.059500 0.091100 0.013500 0.055500 0.025300 0.031300 0.033200 0.035200 0.065500 0.072100 0.027300 0.051300 0.029300 0.017400 0.082900 0.087100 0.011600 0.035300 0.027300 0.049300 0.045200 0.059600 0.089000 0.041200 0.099400 0.031200 0.035300 0.045300 0.013500 0.033200 0.053300 0.095700 0.085000 0.039300 0.084800 0.085000 0.041300 0.033100 0.041200 0.047400 0.051400 0.063700 0.057500 0.051400
LesserMous 0.258500 0.000000 0.269800 0.319100 0.264000 0.256000 0.247900 0.251000 0.266600 0.265200 0.256000 0.261700 0.265700 0.249100 0.256400 0.240900 0.233800 0.260600 0.258700 0.269200 0.256500 0.258900 0.255200 0.247400 0.253200 0.251600 0.261300 0.266800 0.243400 0.274800 0.267700 0.251300 0.277100 0.261100 0.256300 0.251000 0.261300 0.264100 0.248500 0.263300 0.252600 0.252000 0.260000 0.260600 0.251100 0.245400 0.248500 0.275500 0.259400 0.249300 0.269400 0.269400
LesserKudu 0.053500 0.269800 0.000000 0.226700 0.063500 0.051400 0.059200 0.055200 0.021400 0.095600 0.051200 0.055400 0.055300 0.053300 0.055300 0.045000 0.080200 0.091200 0.061600 0.017400 0.053200 0.059500 0.091300 0.097700 0.049200 0.057400 0.049200 0.011600 0.059300 0.017500 0.095600 0.055300 0.110400 0.057300 0.065700 0.039200 0.047200 0.063600 0.071700 0.108600 0.093400 0.057400 0.089200 0.097600 0.035200 0.051300 0.057300 0.069900 0.069800 0.073800 0.019400 0.013500
KillerWhal 0.223400 0.319100 0.226700 0.000000 0.231100 0.220900 0.222700 0.225600 0.234000 0.252300 0.221100 0.219100 0.226200 0.228700 0.221000 0.223200 0.236400 0.242000 0.229000 0.229000 0.225800 0.226200 0.245200 0.247700 0.218400 0.228600 0.228700 0.226400 0.228100 0.239300 0.254800 0.228300 0.256800 0.233700 0.224000 0.221300 0.221100 0.230700 0.240700 0.247500 0.244900 0.228900 0.247100 0.247300 0.216300 0.215200 0.225800 0.234200 0.231600 0.244300 0.234100 0.228900
DefassaWat 0.033200 0.264000 0.063500 0.231100 0.000000 0.031200 0.047200 0.047200 0.065400 0.089000 0.039200 0.061700 0.043300 0.037300 0.047300 0.041200 0.063700 0.070300 0.045300 0.061300 0.037200 0.043300 0.089200 0.093600 0.037200 0.045300 0.037200 0.059300 0.047200 0.065500 0.089000 0.039200 0.101500 0.041200 0.049400 0.051400 0.039200 0.003800 0.055300 0.102200 0.091400 0.045400 0.082700 0.091400 0.047300 0.039100 0.045300 0.053500 0.057600 0.065800 0.063400 0.057200
Sheep 0.001900 0.256000 0.051400 0.220900 0.031200 0.000000 0.039100 0.039200 0.057500 0.089000 0.011600 0.053500 0.023300 0.029300 0.031300 0.033200 0.063500 0.070000 0.025300 0.049300 0.027300 0.015500 0.080800 0.085000 0.009600 0.033300 0.025300 0.047300 0.043200 0.057500 0.086900 0.039200 0.097300 0.029200 0.033300 0.043300 0.011600 0.031200 0.051300 0.093500 0.082900 0.037300 0.082700 0.082900 0.039300 0.031200 0.039200 0.045400 0.049400 0.061700 0.055500 0.049300
MaxwellsDu 0.041100 0.247900 0.059200 0.222700 0.047200 0.039100 0.000000 0.039100 0.065300 0.088800 0.039100 0.057300 0.047200 0.017400 0.043100 0.033100 0.065600 0.074200 0.045200 0.053100 0.033200 0.047200 0.084700 0.091300 0.037100 0.033200 0.045200 0.055100 0.043100 0.061300 0.088800 0.031200 0.097000 0.049200 0.045200 0.045200 0.043200 0.047100 0.047100 0.097600 0.086900 0.037200 0.082500 0.091100 0.041200 0.027100 0.041100 0.057400 0.053300 0.057400 0.055100 0.057100
GazellaPrz 0.041200 0.251000 0.055200 0.225600 0.047200 0.039200 0.039100 0.000000 0.065300 0.093200 0.038900 0.061600 0.047300 0.033300 0.043200 0.025200 0.067800 0.078600 0.049100 0.061300 0.025300 0.047300 0.084900 0.091400 0.037200 0.025300 0.045200 0.055100 0.035100 0.061300 0.093200 0.031200 0.097200 0.049300 0.053400 0.043200 0.039200 0.047200 0.039100 0.097800 0.087000 0.029000 0.086800 0.087100 0.039200 0.035100 0.029200 0.057500 0.057500 0.065700 0.063300 0.057200
MountainNy 0.059500 0.266600 0.021400 0.234000 0.065400 0.057500 0.065300 0.065300 0.000000 0.095400 0.061300 0.055300 0.061400 0.059300 0.061400 0.051000 0.075800 0.084700 0.067700 0.019400 0.059300 0.065500 0.091100 0.097500 0.059300 0.063400 0.055200 0.009600 0.065400 0.019400 0.099700 0.065400 0.110200 0.063400 0.071900 0.045200 0.057300 0.065600 0.077800 0.108400 0.093200 0.063500 0.093300 0.101800 0.041200 0.057300 0.059200 0.076100 0.065500 0.080100 0.009600 0.011600
MuntiacusM 0.091100 0.265200 0.095600 0.252300 0.089000 0.089000 0.088800 0.093200 0.095400 0.000000 0.089100 0.095500 0.097700 0.087000 0.089000 0.078400 0.078500 0.089500 0.095400 0.099700 0.086900 0.097600 0.043400 0.049600 0.086900 0.089100 0.091200 0.093300 0.093200 0.099800 0.011600 0.093300 0.110700 0.095500 0.104300 0.082700 0.089100 0.088900 0.101700 0.051500 0.041400 0.089200 0.005600 0.045500 0.082700 0.080400 0.091200 0.104200 0.095600 0.102100 0.093300 0.091200
goat 0.013500 0.256000 0.051200 0.221100 0.039200 0.011600 0.039100 0.038900 0.061300 0.089100 0.000000 0.053500 0.027300 0.033300 0.035300 0.037200 0.065800 0.072400 0.029300 0.049100 0.031300 0.019400 0.084700 0.091400 0.001900 0.032900 0.029300 0.051100 0.047200 0.057000 0.091100 0.038900 0.101600 0.033200 0.033300 0.043300 0.011600 0.039200 0.055300 0.097800 0.086800 0.041300 0.086900 0.087100 0.039300 0.031200 0.043200 0.049400 0.053500 0.065500 0.055200 0.053200
AfricanBuf 0.055500 0.261700 0.055400 0.219100 0.061700 0.053500 0.057300 0.061600 0.055300 0.095500 0.053500 0.000000 0.057600 0.055500 0.057500 0.055400 0.074100 0.084800 0.059700 0.057400 0.055500 0.061700 0.095700 0.097900 0.051400 0.059600 0.055500 0.051300 0.061600 0.061500 0.099800 0.057500 0.108100 0.059600 0.068000 0.041200 0.057600 0.061500 0.069800 0.102200 0.095700 0.059700 0.093400 0.102200 0.037200 0.049200 0.059500 0.068000 0.059600 0.072100 0.059500 0.053300
Topi 0.025300 0.265700 0.055300 0.226200 0.043300 0.023300 0.047200 0.047300 0.061400 0.097700 0.027300 0.057600 0.000000 0.037300 0.031300 0.041200 0.072100 0.078800 0.037300 0.053200 0.035300 0.027300 0.089300 0.095800 0.025300 0.041300 0.009700 0.051200 0.047300 0.061500 0.093400 0.047300 0.101700 0.017500 0.033300 0.047400 0.027300 0.043200 0.059500 0.097900 0.091500 0.045400 0.091300 0.091400 0.039300 0.039200 0.047300 0.049500 0.057600 0.065900 0.059400 0.053200
CommonDuik 0.031300 0.249100 0.053300 0.228700 0.037300 0.029300 0.017400 0.033300 0.059300 0.087000 0.033300 0.055500 0.037300 0.000000 0.037300 0.027300 0.061700 0.072500 0.035300 0.047100 0.023400 0.037300 0.083000 0.085200 0.031300 0.031300 0.035300 0.049200 0.037200 0.059400 0.087000 0.021400 0.093200 0.039300 0.043400 0.041300 0.033300 0.037200 0.039200 0.095900 0.085100 0.031400 0.080700 0.085100 0.037300 0.025300 0.035300 0.047400 0.051500 0.053500 0.053300 0.051200
Suni 0.033200 0.256400 0.055300 0.221000 0.047300 0.031300 0.043100 0.043200 0.061400 0.089000 0.035300 0.057500 0.031300 0.037300 0.000000 0.037200 0.063700 0.074500 0.045400 0.057300 0.035200 0.039300 0.076600 0.087100 0.033200 0.033300 0.037300 0.051200 0.043200 0.061500 0.089000 0.043300 0.095200 0.033300 0.049400 0.043300 0.035300 0.047200 0.051300 0.093500 0.082900 0.037300 0.082700 0.082800 0.039300 0.035100 0.045300 0.049400 0.049400 0.067900 0.059400 0.053200
Springbuck 0.035200 0.240900 0.045000 0.223200 0.041200 0.033200 0.033100 0.025200 0.051000 0.078400 0.037200 0.055400 0.041200 0.027300 0.037200 0.000000 0.061600 0.072300 0.043300 0.047000 0.019400 0.041200 0.074400 0.085000 0.035200 0.019400 0.039200 0.041000 0.017400 0.051100 0.078400 0.033200 0.090900 0.043200 0.047300 0.041200 0.033200 0.041100 0.037100 0.091400 0.076500 0.019400 0.072200 0.080700 0.037200 0.029100 0.023300 0.047300 0.047300 0.063700 0.049100 0.043000
Okapi 0.065500 0.233800 0.080200 0.236400 0.063700 0.063500 0.065600 0.067800 0.075800 0.078500 0.065800 0.074100 0.072100 0.061700 0.063700 0.061600 0.000000 0.029300 0.074200 0.080100 0.061600 0.072000 0.072300 0.072400 0.063700 0.063800 0.065800 0.075900 0.071900 0.075800 0.078500 0.067800 0.086500 0.065800 0.076300 0.063700 0.067900 0.063600 0.076000 0.087200 0.072400 0.065900 0.072200 0.072400 0.063800 0.059400 0.061600 0.078400 0.076300 0.074200 0.078000 0.073800
Giraffe 0.072100 0.260600 0.091200 0.242000 0.070300 0.070000 0.074200 0.078600 0.084700 0.089500 0.072400 0.084800 0.078800 0.072500 0.074500 0.072300 0.029300 0.000000 0.085200 0.089000 0.070300 0.078700 0.085300 0.087600 0.070200 0.070300 0.076600 0.084700 0.078600 0.084700 0.093800 0.074500 0.097400 0.080800 0.085200 0.074500 0.074500 0.070200 0.087000 0.098400 0.085400 0.076700 0.087300 0.083300 0.070300 0.068000 0.076500 0.089500 0.083000 0.080900 0.082600 0.082600
TibetanAnt 0.027300 0.258700 0.061600 0.229000 0.045300 0.025300 0.045200 0.049100 0.067700 0.095400 0.029300 0.059700 0.037300 0.035300 0.045400 0.043300 0.074200 0.085200 0.000000 0.059400 0.039300 0.033200 0.078700 0.097900 0.027300 0.047400 0.035300 0.057400 0.053400 0.067800 0.095400 0.045300 0.103900 0.039200 0.039300 0.053500 0.029200 0.045300 0.057400 0.100000 0.085000 0.047400 0.089000 0.089300 0.049400 0.041200 0.049400 0.051300 0.059700 0.068000 0.065700 0.059500
Sitatunga 0.051300 0.269200 0.017400 0.229000 0.061300 0.049300 0.053100 0.061300 0.019400 0.099700 0.049100 0.057400 0.053200 0.047100 0.057300 0.047000 0.080100 0.089000 0.059400 0.000000 0.051100 0.057300 0.095400 0.101900 0.047100 0.055200 0.051200 0.009300 0.061300 0.015000 0.099700 0.061400 0.112400 0.055200 0.059400 0.045200 0.049200 0.061400 0.073700 0.112800 0.097600 0.059400 0.093300 0.101800 0.041200 0.053200 0.059300 0.067700 0.071800 0.080100 0.009600 0.011500
Oribi 0.029300 0.256500 0.053200 0.225800 0.037200 0.027300 0.033200 0.025300 0.059300 0.086900 0.031300 0.055500 0.035300 0.023400 0.035200 0.019400 0.061600 0.070300 0.039300 0.051100 0.000000 0.035200 0.082900 0.087200 0.029300 0.021400 0.035200 0.049100 0.029200 0.059400 0.086900 0.033300 0.090900 0.039200 0.043300 0.041300 0.027300 0.037200 0.037200 0.093600 0.085000 0.023400 0.080600 0.082900 0.037300 0.025200 0.027300 0.043300 0.051400 0.063700 0.057300 0.047100
BarbaryShe 0.017400 0.258900 0.059500 0.226200 0.043300 0.015500 0.047200 0.047300 0.065500 0.097600 0.019400 0.061700 0.027300 0.037300 0.039300 0.041200 0.072000 0.078700 0.033200 0.057300 0.035200 0.000000 0.089300 0.095700 0.017400 0.041300 0.033200 0.055300 0.047300 0.065600 0.091200 0.047300 0.105900 0.037200 0.041300 0.047400 0.019300 0.043200 0.059400 0.102200 0.091400 0.045400 0.091200 0.091400 0.043300 0.039200 0.047300 0.049400 0.053500 0.070000 0.063500 0.057400
Daviddeer 0.082900 0.255200 0.091300 0.245200 0.089200 0.080800 0.084700 0.084900 0.091100 0.043400 0.084700 0.095700 0.089300 0.083000 0.076600 0.074400 0.072300 0.085300 0.078700 0.095400 0.082900 0.089300 0.000000 0.045600 0.082800 0.078700 0.082900 0.089000 0.089100 0.091200 0.043400 0.085000 0.108700 0.087100 0.087300 0.085000 0.085000 0.089100 0.097600 0.055800 0.017600 0.082700 0.037400 0.041500 0.085000 0.076300 0.091400 0.093500 0.087300 0.089300 0.093300 0.086900
Reindeer 0.087100 0.247400 0.097700 0.247700 0.093600 0.085000 0.091300 0.091400 0.097500 0.049600 0.091400 0.097900 0.095800 0.085200 0.087100 0.085000 0.072400 0.087600 0.097900 0.101900 0.087200 0.095700 0.045600 0.000000 0.089200 0.089400 0.093600 0.095500 0.099900 0.102000 0.049500 0.095600 0.115400 0.097900 0.106800 0.083000 0.091500 0.091300 0.104200 0.045700 0.039500 0.093800 0.043500 0.023500 0.087200 0.082700 0.091400 0.111100 0.106700 0.100200 0.099800 0.093300
Ibex 0.011600 0.253200 0.049200 0.218400 0.037200 0.009600 0.037100 0.037200 0.059300 0.086900 0.001900 0.051400 0.025300 0.031300 0.033200 0.035200 0.063700 0.070200 0.027300 0.047100 0.029300 0.017400 0.082800 0.089200 0.000000 0.031300 0.027300 0.049100 0.045200 0.055300 0.089000 0.037200 0.099400 0.031200 0.031300 0.041300 0.009600 0.037100 0.053300 0.095600 0.084900 0.039300 0.084700 0.084900 0.037300 0.029200 0.041200 0.047400 0.051400 0.063700 0.053200 0.051100
GyrantGaze 0.035300 0.251600 0.057400 0.228600 0.045300 0.033300 0.033200 0.025300 0.063400 0.089100 0.032900 0.059600 0.041300 0.031300 0.033300 0.019400 0.063800 0.070300 0.047400 0.055200 0.021400 0.041300 0.078700 0.089400 0.031300 0.000000 0.043300 0.053200 0.029200 0.055300 0.089100 0.033300 0.099600 0.047400 0.047400 0.045400 0.037300 0.045200 0.041200 0.095800 0.080800 0.011100 0.084900 0.085100 0.041300 0.033200 0.031300 0.051500 0.051500 0.063800 0.057300 0.055200
Hartebeest 0.027300 0.261300 0.049200 0.228700 0.037200 0.025300 0.045200 0.045200 0.055200 0.091200 0.029300 0.055500 0.009700 0.035300 0.037300 0.039200 0.065800 0.076600 0.035300 0.051200 0.035200 0.033200 0.082900 0.093600 0.027300 0.043300 0.000000 0.049100 0.049300 0.051200 0.091200 0.045300 0.099500 0.015500 0.031300 0.045300 0.029300 0.037200 0.057400 0.095700 0.085000 0.043400 0.084800 0.089300 0.041300 0.037100 0.045300 0.047400 0.055600 0.063800 0.053200 0.047100
Bongo 0.049300 0.266800 0.011600 0.226400 0.059300 0.047300 0.055100 0.055100 0.009600 0.093300 0.051100 0.051300 0.051200 0.049200 0.051200 0.041000 0.075900 0.084700 0.057400 0.009300 0.049100 0.055300 0.089000 0.095500 0.049100 0.053200 0.049100 0.000000 0.055200 0.013200 0.093300 0.055200 0.105900 0.053200 0.061500 0.039200 0.047200 0.059400 0.067500 0.106300 0.091100 0.053300 0.086900 0.095400 0.035200 0.047200 0.053200 0.065700 0.065600 0.073900 0.007700 0.005600
Gerenuk 0.045200 0.243400 0.059300 0.228100 0.047200 0.043200 0.043100 0.035100 0.065400 0.093200 0.047200 0.061600 0.047300 0.037200 0.043200 0.017400 0.071900 0.078600 0.053400 0.061300 0.029200 0.047300 0.089100 0.099900 0.045200 0.029200 0.049300 0.055200 0.000000 0.065500 0.093200 0.039200 0.097300 0.053300 0.057500 0.051300 0.043200 0.047200 0.043100 0.106400 0.091200 0.029300 0.086800 0.095600 0.043300 0.039100 0.033200 0.057500 0.049300 0.069900 0.063400 0.057200
CommonElan 0.059600 0.274800 0.017500 0.239300 0.065500 0.057500 0.061300 0.061300 0.019400 0.099800 0.057000 0.061500 0.061500 0.059400 0.061500 0.051100 0.075800 0.084700 0.067800 0.015000 0.059400 0.065600 0.091200 0.102000 0.055300 0.055300 0.051200 0.013200 0.065500 0.000000 0.099800 0.061400 0.112400 0.063500 0.067800 0.049300 0.057400 0.065600 0.077900 0.112900 0.093300 0.063300 0.093400 0.101900 0.045300 0.057300 0.063400 0.076200 0.076100 0.080200 0.013500 0.011300
MuntiacusR 0.089000 0.267700 0.095600 0.254800 0.089000 0.086900 0.088800 0.093200 0.099700 0.011600 0.091100 0.099800 0.093400 0.087000 0.089000 0.078400 0.078500 0.093800 0.095400 0.099700 0.086900 0.091200 0.043400 0.049500 0.089000 0.089100 0.091200 0.093300 0.093200 0.099800 0.000000 0.093300 0.110600 0.095400 0.104300 0.086900 0.086900 0.088800 0.101700 0.055700 0.041400 0.089200 0.009700 0.045400 0.087000 0.084500 0.091200 0.104200 0.099900 0.102000 0.097600 0.091100
HarveysDui 0.041200 0.251300 0.055300 0.228300 0.039200 0.039200 0.031200 0.031200 0.065400 0.093300 0.038900 0.057500 0.047300 0.021400 0.043300 0.033200 0.067800 0.074500 0.045300 0.061400 0.033300 0.047300 0.085000 0.095600 0.037200 0.033300 0.045300 0.055200 0.039200 0.061400 0.093300 0.000000 0.101600 0.049300 0.049400 0.043300 0.039300 0.039200 0.043200 0.102200 0.087100 0.037000 0.086900 0.091400 0.039300 0.035100 0.041200 0.057600 0.053500 0.057600 0.063400 0.057300
Pronghorn 0.099400 0.277100 0.110400 0.256800 0.101500 0.097300 0.097000 0.097200 0.110200 0.110700 0.101600 0.108100 0.101700 0.093200 0.095200 0.090900 0.086500 0.097400 0.103900 0.112400 0.090900 0.105900 0.108700 0.115400 0.099400 0.099600 0.099500 0.105900 0.097300 0.112400 0.110600 0.101600 0.000000 0.108100 0.103800 0.099500 0.093100 0.101400 0.105800 0.122000 0.108700 0.097500 0.104100 0.112900 0.091000 0.088500 0.095100 0.112600 0.110400 0.103900 0.110200 0.099400
BlueWildeb 0.031200 0.261100 0.057300 0.233700 0.041200 0.029200 0.049200 0.049300 0.063400 0.095500 0.033200 0.059600 0.017500 0.039300 0.033300 0.043200 0.065800 0.080800 0.039200 0.055200 0.039200 0.037200 0.087100 0.097900 0.031200 0.047400 0.015500 0.053200 0.053300 0.063500 0.095400 0.049300 0.108100 0.000000 0.035300 0.045300 0.033200 0.041200 0.053300 0.100000 0.089300 0.047400 0.089000 0.093500 0.045300 0.041100 0.045300 0.051500 0.055500 0.065800 0.061400 0.055200
Gemsbok 0.035300 0.256300 0.065700 0.224000 0.049400 0.033300 0.045200 0.053400 0.071900 0.104300 0.033300 0.068000 0.033300 0.043400 0.049400 0.047300 0.076300 0.085200 0.039300 0.059400 0.043300 0.041300 0.087300 0.106800 0.031300 0.047400 0.031300 0.061500 0.057500 0.067800 0.104300 0.049400 0.103800 0.035300 0.000000 0.057700 0.037300 0.049300 0.065700 0.108900 0.089400 0.049500 0.097800 0.102300 0.053600 0.041200 0.053500 0.055700 0.063900 0.072200 0.065700 0.063600
Yak 0.045300 0.251000 0.039200 0.221300 0.051400 0.043300 0.045200 0.043200 0.045200 0.082700 0.043300 0.041200 0.047400 0.041300 0.043300 0.041200 0.063700 0.074500 0.053500 0.045200 0.041300 0.047400 0.085000 0.083000 0.041300 0.045400 0.045300 0.039200 0.051300 0.049300 0.086900 0.043300 0.099500 0.045300 0.057700 0.000000 0.043300 0.051300 0.055400 0.095800 0.087100 0.045400 0.080600 0.082900 0.007500 0.039200 0.049300 0.057600 0.047400 0.063800 0.043200 0.041200
BlueSheep 0.013500 0.261300 0.047200 0.221100 0.039200 0.011600 0.043200 0.039200 0.057300 0.089100 0.011600 0.057600 0.027300 0.033300 0.035300 0.033200 0.067900 0.074500 0.029200 0.049200 0.027300 0.019300 0.085000 0.091500 0.009600 0.037300 0.029300 0.047200 0.043200 0.057400 0.086900 0.039300 0.093100 0.033200 0.037300 0.043300 0.000000 0.039200 0.055400 0.097900 0.087100 0.041300 0.082700 0.087100 0.039300 0.031200 0.039300 0.045400 0.049400 0.065800 0.055300 0.045100
BohorReedb 0.033200 0.264100 0.063600 0.230700 0.003800 0.031200 0.047100 0.047200 0.065600 0.088900 0.039200 0.061500 0.043200 0.037200 0.047200 0.041100 0.063600 0.070200 0.045300 0.061400 0.037200 0.043200 0.089100 0.091300 0.037100 0.045200 0.037200 0.059400 0.047200 0.065600 0.088800 0.039200 0.101400 0.041200 0.049300 0.051300 0.039200 0.000000 0.055300 0.102000 0.091200 0.045300 0.082500 0.089100 0.047300 0.039100 0.045200 0.053400 0.057500 0.065700 0.063500 0.057400
KirksDik 0.053300 0.248500 0.071700 0.240700 0.055300 0.051300 0.047100 0.039100 0.077800 0.101700 0.055300 0.069800 0.059500 0.039200 0.051300 0.037100 0.076000 0.087000 0.057400 0.073700 0.037200 0.059400 0.097600 0.104200 0.053300 0.041200 0.057400 0.067500 0.043100 0.077900 0.101700 0.043200 0.105800 0.053300 0.065700 0.055400 0.055400 0.055300 0.000000 0.110700 0.099800 0.041200 0.095300 0.099800 0.055400 0.047100 0.045200 0.065700 0.061600 0.063700 0.075800 0.069500
RoeDeer 0.095700 0.263300 0.108600 0.247500 0.102200 0.093500 0.097600 0.097800 0.108400 0.051500 0.097800 0.102200 0.097900 0.095900 0.093500 0.091400 0.087200 0.098400 0.100000 0.112800 0.093600 0.102200 0.055800 0.045700 0.095600 0.095800 0.095700 0.106300 0.106400 0.112900 0.055700 0.102200 0.122000 0.100000 0.108900 0.095800 0.097900 0.102000 0.110700 0.000000 0.045600 0.096000 0.045400 0.041600 0.095800 0.093300 0.104400 0.113300 0.106700 0.106700 0.110600 0.104100
WhiteLippe 0.085000 0.252600 0.093400 0.244900 0.091400 0.082900 0.086900 0.087000 0.093200 0.041400 0.086800 0.095700 0.091500 0.085100 0.082900 0.076500 0.072400 0.085400 0.085000 0.097600 0.085000 0.091400 0.017600 0.039500 0.084900 0.080800 0.085000 0.091100 0.091200 0.093300 0.041400 0.087100 0.108700 0.089300 0.089400 0.087100 0.087100 0.091200 0.099800 0.045600 0.000000 0.084900 0.035400 0.035500 0.087100 0.078400 0.093500 0.098000 0.091500 0.091500 0.095400 0.089000
ThomsonGaz 0.039300 0.252000 0.057400 0.228900 0.045400 0.037300 0.037200 0.029000 0.063500 0.089200 0.041300 0.059700 0.045400 0.031400 0.037300 0.019400 0.065900 0.076700 0.047400 0.059400 0.023400 0.045400 0.082700 0.093800 0.039300 0.011100 0.043400 0.053300 0.029300 0.063300 0.089200 0.037000 0.097500 0.047400 0.049500 0.045400 0.041300 0.045300 0.041200 0.096000 0.084900 0.000000 0.085000 0.089500 0.041400 0.033200 0.031300 0.051500 0.051500 0.063600 0.061500 0.055300
MuntiacusC 0.084800 0.260000 0.089200 0.247100 0.082700 0.082700 0.082500 0.086800 0.093300 0.005600 0.086900 0.093400 0.091300 0.080700 0.082700 0.072200 0.072200 0.087300 0.089000 0.093300 0.080600 0.091200 0.037400 0.043500 0.084700 0.084900 0.084800 0.086900 0.086800 0.093400 0.009700 0.086900 0.104100 0.089000 0.097800 0.080600 0.082700 0.082500 0.095300 0.045400 0.035400 0.085000 0.000000 0.039400 0.080600 0.078200 0.084800 0.097800 0.093400 0.095600 0.091200 0.084800
WhiteTaile 0.085000 0.260600 0.097600 0.247300 0.091400 0.082900 0.091100 0.087100 0.101800 0.045500 0.087100 0.102200 0.091400 0.085100 0.082800 0.080700 0.072400 0.083300 0.089300 0.101800 0.082900 0.091400 0.041500 0.023500 0.084900 0.085100 0.089300 0.095400 0.095600 0.101900 0.045400 0.091400 0.112900 0.093500 0.102300 0.082900 0.087100 0.089100 0.099800 0.041600 0.035500 0.089500 0.039400 0.000000 0.087200 0.082600 0.089300 0.106700 0.098000 0.100100 0.099700 0.093200
Cattle 0.041300 0.251100 0.035200 0.216300 0.047300 0.039300 0.041200 0.039200 0.041200 0.082700 0.039300 0.037200 0.039300 0.037300 0.039300 0.037200 0.063800 0.070300 0.049400 0.041200 0.037300 0.043300 0.085000 0.087200 0.037300 0.041300 0.041300 0.035200 0.043300 0.045300 0.087000 0.039300 0.091000 0.045300 0.053600 0.007500 0.039300 0.047300 0.055400 0.095800 0.087100 0.041400 0.080600 0.087200 0.000000 0.035200 0.045300 0.053500 0.047400 0.061700 0.039200 0.037200
RoyalAntel 0.033100 0.245400 0.051300 0.215200 0.039100 0.031200 0.027100 0.035100 0.057300 0.080400 0.031200 0.049200 0.039200 0.025300 0.035100 0.029100 0.059400 0.068000 0.041200 0.053200 0.025200 0.039200 0.076300 0.082700 0.029200 0.033200 0.037100 0.047200 0.039100 0.057300 0.084500 0.035100 0.088500 0.041100 0.041200 0.039200 0.031200 0.039100 0.047100 0.093300 0.078400 0.033200 0.078200 0.082600 0.035200 0.000000 0.037100 0.045200 0.049300 0.053300 0.055300 0.045100
Steenbok 0.041200 0.248500 0.057300 0.225800 0.045300 0.039200 0.041100 0.029200 0.059200 0.091200 0.043200 0.059500 0.047300 0.035300 0.045300 0.023300 0.061600 0.076500 0.049400 0.059300 0.027300 0.047300 0.091400 0.091400 0.041200 0.031300 0.045300 0.053200 0.033200 0.063400 0.091200 0.041200 0.095100 0.045300 0.053500 0.049300 0.039300 0.045200 0.045200 0.104400 0.093500 0.031300 0.084800 0.089300 0.045300 0.037100 0.000000 0.059600 0.051400 0.072000 0.061400 0.055200
Impala 0.047400 0.275500 0.069900 0.234200 0.053500 0.045400 0.057400 0.057500 0.076100 0.104200 0.049400 0.068000 0.049500 0.047400 0.049400 0.047300 0.078400 0.089500 0.051300 0.067700 0.043300 0.049400 0.093500 0.111100 0.047400 0.051500 0.047400 0.065700 0.057500 0.076200 0.104200 0.057600 0.112600 0.051500 0.055700 0.057600 0.045400 0.053400 0.065700 0.113300 0.098000 0.051500 0.097800 0.106700 0.053500 0.045200 0.059600 0.000000 0.059700 0.084800 0.074000 0.063600
Klipspring 0.051400 0.259400 0.069800 0.231600 0.057600 0.049400 0.053300 0.057500 0.065500 0.095600 0.053500 0.059600 0.057600 0.051500 0.049400 0.047300 0.076300 0.083000 0.059700 0.071800 0.051400 0.053500 0.087300 0.106700 0.051400 0.051500 0.055600 0.065600 0.049300 0.076100 0.099900 0.053500 0.110400 0.055500 0.063900 0.047400 0.049400 0.057500 0.061600 0.106700 0.091500 0.051500 0.093400 0.098000 0.047400 0.049300 0.051400 0.059700 0.000000 0.074200 0.069800 0.067700
ForestMusk 0.063700 0.249300 0.073800 0.244300 0.065800 0.061700 0.057400 0.065700 0.080100 0.102100 0.065500 0.072100 0.065900 0.053500 0.067900 0.063700 0.074200 0.080900 0.068000 0.080100 0.063700 0.070000 0.089300 0.100200 0.063700 0.063800 0.063800 0.073900 0.069900 0.080200 0.102000 0.057600 0.103900 0.065800 0.072200 0.063800 0.065800 0.065700 0.063700 0.106700 0.091500 0.063600 0.095600 0.100100 0.061700 0.053300 0.072000 0.084800 0.074200 0.000000 0.082300 0.076000
Bushbuck 0.057500 0.269400 0.019400 0.234100 0.063400 0.055500 0.055100 0.063300 0.009600 0.093300 0.055200 0.059500 0.059400 0.053300 0.059400 0.049100 0.078000 0.082600 0.065700 0.009600 0.057300 0.063500 0.093300 0.099800 0.053200 0.057300 0.053200 0.007700 0.063400 0.013500 0.097600 0.063400 0.110200 0.061400 0.065700 0.043200 0.055300 0.063500 0.075800 0.110600 0.095400 0.061500 0.091200 0.099700 0.039200 0.055300 0.061400 0.074000 0.069800 0.082300 0.000000 0.009600
GreaterKud 0.051400 0.269400 0.013500 0.228900 0.057200 0.049300 0.057100 0.057200 0.011600 0.091200 0.053200 0.053300 0.053200 0.051200 0.053200 0.043000 0.073800 0.082600 0.059500 0.011500 0.047100 0.057400 0.086900 0.093300 0.051100 0.055200 0.047100 0.005600 0.057200 0.011300 0.091100 0.057300 0.099400 0.055200 0.063600 0.041200 0.045100 0.057400 0.069500 0.104100 0.089000 0.055300 0.084800 0.093200 0.037200 0.045100 0.055200 0.063600 0.067700 0.076000 0.009600 0.000000
