CODONML (in paml version 4.10.7, June 2023)  /home/rachel/ruminants_paml/6406-phy-tree/ENSBTAT00000025337.fasta.phy
Model: free dN/dS Ratios for branches,  kappa = 2.000 fixed

Codon frequency model: F3x4
ns =  54  ls =  27

Codon usage in sequences
--------------------------------------------------------------------------------------------------------------------------------------
Phe TTT   1   1   1   1   1   1 | Ser TCT   0   0   0   0   0   0 | Tyr TAT   0   0   0   0   0   0 | Cys TGT   0   0   0   0   0   0
    TTC   0   0   0   0   0   0 |     TCC   0   0   0   0   0   0 |     TAC   0   0   0   0   0   0 |     TGC   0   0   0   0   0   0
Leu TTA   1   1   1   1   1   1 |     TCA   0   0   0   0   0   0 | *** TAA   0   0   0   0   0   0 | *** TGA   0   0   0   0   0   0
    TTG   0   0   0   0   0   0 |     TCG   0   0   0   0   0   0 |     TAG   0   0   0   0   0   0 | Trp TGG   0   0   0   0   0   0
--------------------------------------------------------------------------------------------------------------------------------------
Leu CTT   0   0   0   0   0   0 | Pro CCT   2   1   2   2   1   1 | His CAT   0   0   0   0   0   1 | Arg CGT   0   0   0   0   0   0
    CTC   1   1   1   1   1   1 |     CCC   0   0   0   0   1   0 |     CAC   2   2   2   2   2   2 |     CGC   0   0   0   0   0   0
    CTA   0   0   0   0   0   0 |     CCA   0   0   0   0   0   0 | Gln CAA   1   1   1   1   1   1 |     CGA   1   0   1   1   0   0
    CTG   1   1   1   1   1   1 |     CCG   0   1   0   0   0   0 |     CAG   2   2   2   2   2   2 |     CGG   0   1   0   0   0   0
--------------------------------------------------------------------------------------------------------------------------------------
Ile ATT   0   0   0   0   0   0 | Thr ACT   0   0   0   0   0   0 | Asn AAT   0   0   0   0   0   0 | Ser AGT   0   0   0   0   0   0
    ATC   1   1   1   1   1   2 |     ACC   0   0   0   0   0   0 |     AAC   1   1   1   1   1   1 |     AGC   0   0   0   0   0   0
    ATA   0   0   0   0   0   0 |     ACA   1   1   1   1   1   1 | Lys AAA   0   0   0   0   1   1 | Arg AGA   0   0   0   0   0   0
Met ATG   2   2   2   2   2   2 |     ACG   0   0   0   0   0   0 |     AAG   0   0   0   0   0   0 |     AGG   1   1   1   1   1   1
--------------------------------------------------------------------------------------------------------------------------------------
Val GTT   0   0   0   0   0   0 | Ala GCT   0   0   0   0   0   0 | Asp GAT   1   1   1   1   1   0 | Gly GGT   0   0   0   0   0   0
    GTC   1   1   1   1   1   0 |     GCC   3   4   3   3   4   3 |     GAC   1   1   1   1   1   1 |     GGC   0   0   0   0   0   0
    GTA   1   0   1   1   1   1 |     GCA   1   0   1   1   0   1 | Glu GAA   0   0   0   0   0   0 |     GGA   0   0   0   0   0   0
    GTG   0   1   0   0   0   0 |     GCG   0   0   0   0   0   0 |     GAG   0   0   0   0   0   1 |     GGG   1   1   1   1   1   1
--------------------------------------------------------------------------------------------------------------------------------------

--------------------------------------------------------------------------------------------------------------------------------------
Phe TTT   1   1   1   0   1   1 | Ser TCT   0   0   0   0   0   0 | Tyr TAT   0   0   0   0   0   0 | Cys TGT   0   0   0   0   0   0
    TTC   0   0   0   0   0   0 |     TCC   0   0   0   0   0   0 |     TAC   0   0   0   0   0   0 |     TGC   0   0   0   0   0   0
Leu TTA   1   1   1   1   1   1 |     TCA   0   0   0   0   0   0 | *** TAA   0   0   0   0   0   0 | *** TGA   0   0   0   0   0   0
    TTG   0   0   0   1   0   0 |     TCG   0   0   0   0   0   0 |     TAG   0   0   0   0   0   0 | Trp TGG   0   0   0   0   0   0
--------------------------------------------------------------------------------------------------------------------------------------
Leu CTT   0   0   0   0   0   0 | Pro CCT   2   2   2   2   2   2 | His CAT   0   0   0   0   0   0 | Arg CGT   0   0   0   0   0   0
    CTC   1   1   1   1   1   1 |     CCC   0   0   0   0   0   0 |     CAC   2   2   2   2   2   2 |     CGC   0   0   0   0   0   0
    CTA   1   0   0   0   0   0 |     CCA   0   0   0   0   0   0 | Gln CAA   1   1   1   1   1   1 |     CGA   1   1   1   1   1   1
    CTG   0   1   1   1   1   1 |     CCG   0   0   0   0   0   0 |     CAG   2   2   2   2   2   2 |     CGG   0   0   0   0   0   0
--------------------------------------------------------------------------------------------------------------------------------------
Ile ATT   0   0   0   0   0   0 | Thr ACT   0   0   0   0   0   0 | Asn AAT   0   0   0   0   0   0 | Ser AGT   0   0   0   0   0   0
    ATC   0   1   1   1   1   1 |     ACC   0   0   0   0   0   0 |     AAC   1   1   1   1   1   1 |     AGC   0   0   0   0   0   0
    ATA   0   0   0   0   0   0 |     ACA   1   1   1   1   1   1 | Lys AAA   0   0   0   0   0   0 | Arg AGA   0   0   0   0   0   0
Met ATG   3   2   2   2   2   2 |     ACG   0   0   0   0   0   0 |     AAG   0   0   0   0   0   0 |     AGG   1   1   1   1   1   1
--------------------------------------------------------------------------------------------------------------------------------------
Val GTT   0   0   0   0   0   0 | Ala GCT   0   0   0   0   0   0 | Asp GAT   1   1   1   1   1   1 | Gly GGT   0   0   0   0   0   0
    GTC   1   1   1   1   1   2 |     GCC   3   3   3   2   3   3 |     GAC   1   1   1   1   1   1 |     GGC   0   0   0   0   0   0
    GTA   1   1   1   1   1   0 |     GCA   1   1   1   1   1   1 | Glu GAA   0   0   0   0   0   0 |     GGA   0   0   0   0   0   0
    GTG   0   0   0   0   0   0 |     GCG   0   0   0   1   0   0 |     GAG   0   0   0   0   0   0 |     GGG   1   1   1   1   1   1
--------------------------------------------------------------------------------------------------------------------------------------

--------------------------------------------------------------------------------------------------------------------------------------
Phe TTT   1   1   1   1   1   1 | Ser TCT   0   0   0   0   0   0 | Tyr TAT   0   0   0   0   0   0 | Cys TGT   0   0   0   0   0   0
    TTC   0   0   0   0   0   0 |     TCC   0   0   0   0   0   0 |     TAC   0   0   0   0   0   0 |     TGC   0   0   0   0   0   0
Leu TTA   1   1   1   1   1   1 |     TCA   0   0   0   0   0   0 | *** TAA   0   0   0   0   0   0 | *** TGA   0   0   0   0   0   0
    TTG   0   0   0   0   0   0 |     TCG   0   0   0   0   0   0 |     TAG   0   0   0   0   0   0 | Trp TGG   0   0   0   0   0   0
--------------------------------------------------------------------------------------------------------------------------------------
Leu CTT   0   0   0   0   0   0 | Pro CCT   2   2   2   2   2   2 | His CAT   0   0   0   0   0   0 | Arg CGT   0   0   0   0   0   0
    CTC   1   1   1   1   1   1 |     CCC   0   0   0   0   0   0 |     CAC   2   2   2   2   2   2 |     CGC   0   0   0   0   0   0
    CTA   0   0   0   0   0   0 |     CCA   0   0   0   0   0   0 | Gln CAA   1   1   1   1   1   1 |     CGA   1   1   1   1   1   1
    CTG   1   1   1   1   1   1 |     CCG   0   0   0   0   0   0 |     CAG   2   2   2   2   2   2 |     CGG   0   0   0   0   0   0
--------------------------------------------------------------------------------------------------------------------------------------
Ile ATT   0   0   0   0   0   0 | Thr ACT   0   0   0   0   0   0 | Asn AAT   0   0   0   0   0   0 | Ser AGT   0   0   0   0   0   0
    ATC   1   1   1   1   1   1 |     ACC   0   0   0   0   0   0 |     AAC   1   1   1   1   1   1 |     AGC   0   0   0   0   0   0
    ATA   0   0   0   0   0   0 |     ACA   1   1   1   1   1   1 | Lys AAA   0   0   0   0   0   0 | Arg AGA   0   0   0   0   0   0
Met ATG   2   2   2   2   2   2 |     ACG   0   0   0   0   0   0 |     AAG   0   0   0   0   0   0 |     AGG   1   1   1   1   1   1
--------------------------------------------------------------------------------------------------------------------------------------
Val GTT   0   0   0   0   0   0 | Ala GCT   0   0   0   0   0   0 | Asp GAT   1   1   1   1   1   1 | Gly GGT   0   0   0   0   0   0
    GTC   1   1   1   1   1   1 |     GCC   3   3   3   3   3   2 |     GAC   1   1   1   1   1   1 |     GGC   0   0   0   0   0   0
    GTA   1   1   1   1   1   1 |     GCA   1   0   1   1   1   2 | Glu GAA   0   0   0   0   0   0 |     GGA   0   0   0   1   0   0
    GTG   0   0   0   0   0   0 |     GCG   0   1   0   0   0   0 |     GAG   0   0   0   0   0   0 |     GGG   1   1   1   0   1   1
--------------------------------------------------------------------------------------------------------------------------------------

--------------------------------------------------------------------------------------------------------------------------------------
Phe TTT   1   1   1   1   1   1 | Ser TCT   0   0   0   0   0   0 | Tyr TAT   0   0   0   0   0   0 | Cys TGT   0   0   0   0   0   0
    TTC   0   0   0   0   0   0 |     TCC   0   0   0   0   0   0 |     TAC   0   0   0   0   0   0 |     TGC   0   0   0   0   0   0
Leu TTA   1   1   1   1   1   1 |     TCA   0   0   0   0   0   0 | *** TAA   0   0   0   0   0   0 | *** TGA   0   0   0   0   0   0
    TTG   0   0   0   0   0   0 |     TCG   0   0   0   0   0   0 |     TAG   0   0   0   0   0   0 | Trp TGG   0   0   0   0   0   0
--------------------------------------------------------------------------------------------------------------------------------------
Leu CTT   0   0   0   0   0   0 | Pro CCT   2   2   2   2   2   2 | His CAT   0   0   0   0   0   0 | Arg CGT   0   0   0   0   0   0
    CTC   1   1   1   1   1   1 |     CCC   0   0   0   0   0   0 |     CAC   2   2   2   2   2   2 |     CGC   0   0   0   0   0   0
    CTA   0   0   0   0   0   0 |     CCA   0   0   0   0   0   0 | Gln CAA   1   1   1   1   1   1 |     CGA   1   1   1   1   1   1
    CTG   1   1   1   1   1   1 |     CCG   0   0   0   0   0   0 |     CAG   2   2   2   2   2   2 |     CGG   0   0   0   0   0   0
--------------------------------------------------------------------------------------------------------------------------------------
Ile ATT   0   0   0   0   0   0 | Thr ACT   0   0   0   0   0   0 | Asn AAT   0   0   0   0   0   0 | Ser AGT   0   0   0   0   0   0
    ATC   1   1   1   1   1   1 |     ACC   0   0   0   0   0   0 |     AAC   1   1   1   1   1   1 |     AGC   0   0   0   0   0   0
    ATA   0   0   0   0   0   0 |     ACA   1   1   1   1   1   1 | Lys AAA   0   0   0   0   0   0 | Arg AGA   0   0   0   0   0   0
Met ATG   2   2   2   2   2   2 |     ACG   0   0   0   0   0   0 |     AAG   0   0   0   0   0   0 |     AGG   1   1   1   1   1   1
--------------------------------------------------------------------------------------------------------------------------------------
Val GTT   0   0   0   0   0   0 | Ala GCT   0   0   0   0   0   0 | Asp GAT   1   1   1   1   1   1 | Gly GGT   0   0   0   0   0   0
    GTC   1   1   1   1   1   1 |     GCC   3   3   3   3   2   3 |     GAC   1   1   1   1   1   1 |     GGC   0   0   0   0   0   0
    GTA   1   1   1   1   1   1 |     GCA   1   1   1   1   1   1 | Glu GAA   0   0   0   0   0   0 |     GGA   0   0   0   0   0   0
    GTG   0   0   0   0   0   0 |     GCG   0   0   0   0   1   0 |     GAG   0   0   0   0   0   0 |     GGG   1   1   1   1   1   1
--------------------------------------------------------------------------------------------------------------------------------------

--------------------------------------------------------------------------------------------------------------------------------------
Phe TTT   1   1   1   1   1   1 | Ser TCT   0   0   0   0   0   0 | Tyr TAT   0   0   0   0   0   0 | Cys TGT   0   0   0   0   0   0
    TTC   0   0   0   0   0   0 |     TCC   0   0   0   0   0   0 |     TAC   0   0   0   0   0   0 |     TGC   0   0   0   0   0   0
Leu TTA   1   1   1   1   1   1 |     TCA   0   0   0   0   0   0 | *** TAA   0   0   0   0   0   0 | *** TGA   0   0   0   0   0   0
    TTG   0   0   0   0   0   0 |     TCG   0   0   0   0   0   0 |     TAG   0   0   0   0   0   0 | Trp TGG   0   0   0   0   0   0
--------------------------------------------------------------------------------------------------------------------------------------
Leu CTT   0   0   0   0   0   0 | Pro CCT   2   2   2   2   2   2 | His CAT   0   0   0   0   0   0 | Arg CGT   0   0   0   0   0   0
    CTC   1   1   1   1   1   1 |     CCC   0   0   0   0   0   0 |     CAC   2   2   2   2   2   2 |     CGC   0   0   0   0   0   0
    CTA   0   0   0   0   0   0 |     CCA   0   0   0   0   0   0 | Gln CAA   1   1   1   1   1   1 |     CGA   1   1   1   1   1   1
    CTG   1   1   1   1   1   1 |     CCG   0   0   0   0   0   0 |     CAG   2   2   2   2   2   2 |     CGG   0   0   0   0   0   0
--------------------------------------------------------------------------------------------------------------------------------------
Ile ATT   0   0   0   0   0   0 | Thr ACT   0   0   0   0   0   0 | Asn AAT   0   0   0   0   0   0 | Ser AGT   0   0   0   0   0   0
    ATC   1   1   1   1   1   1 |     ACC   0   0   0   0   0   0 |     AAC   1   1   1   1   1   1 |     AGC   0   0   0   0   0   0
    ATA   0   0   0   0   0   0 |     ACA   1   1   1   1   1   1 | Lys AAA   0   0   0   0   0   0 | Arg AGA   0   0   0   0   0   0
Met ATG   2   2   2   2   2   2 |     ACG   0   0   0   0   0   0 |     AAG   0   0   0   0   0   0 |     AGG   1   1   1   1   1   1
--------------------------------------------------------------------------------------------------------------------------------------
Val GTT   0   0   0   0   0   0 | Ala GCT   0   0   0   0   0   0 | Asp GAT   1   1   1   1   1   1 | Gly GGT   0   0   0   0   0   0
    GTC   1   1   1   1   1   1 |     GCC   3   3   3   2   3   3 |     GAC   1   1   1   1   1   1 |     GGC   0   0   0   0   0   0
    GTA   1   1   1   1   1   1 |     GCA   1   1   1   1   1   1 | Glu GAA   0   0   0   0   0   0 |     GGA   1   0   0   0   0   0
    GTG   0   0   0   0   0   0 |     GCG   0   0   0   1   0   0 |     GAG   0   0   0   0   0   0 |     GGG   0   1   1   1   1   1
--------------------------------------------------------------------------------------------------------------------------------------

--------------------------------------------------------------------------------------------------------------------------------------
Phe TTT   1   1   1   1   1   1 | Ser TCT   0   0   0   0   0   0 | Tyr TAT   0   0   0   0   0   0 | Cys TGT   0   0   0   0   0   0
    TTC   0   0   0   0   0   0 |     TCC   0   0   0   0   0   0 |     TAC   0   0   0   0   0   0 |     TGC   0   0   0   0   0   0
Leu TTA   1   1   1   1   0   1 |     TCA   0   0   0   0   0   0 | *** TAA   0   0   0   0   0   0 | *** TGA   0   0   0   0   0   0
    TTG   0   0   0   0   0   0 |     TCG   0   0   0   0   0   0 |     TAG   0   0   0   0   0   0 | Trp TGG   0   0   0   0   0   0
--------------------------------------------------------------------------------------------------------------------------------------
Leu CTT   0   0   0   0   0   0 | Pro CCT   2   2   2   2   2   2 | His CAT   0   0   0   0   1   0 | Arg CGT   0   0   0   0   0   0
    CTC   1   1   1   1   1   1 |     CCC   0   0   0   0   0   0 |     CAC   2   2   2   2   1   2 |     CGC   0   0   0   0   0   0
    CTA   0   0   0   0   1   0 |     CCA   0   0   0   0   0   0 | Gln CAA   1   1   1   1   1   1 |     CGA   1   1   1   1   1   1
    CTG   1   1   1   1   1   1 |     CCG   0   0   0   0   0   0 |     CAG   2   2   2   2   2   2 |     CGG   0   0   0   0   0   0
--------------------------------------------------------------------------------------------------------------------------------------
Ile ATT   0   0   0   0   0   0 | Thr ACT   0   0   0   0   0   0 | Asn AAT   0   0   0   0   0   0 | Ser AGT   0   0   0   0   0   0
    ATC   1   1   1   1   1   1 |     ACC   0   0   0   0   0   0 |     AAC   1   1   1   1   1   1 |     AGC   0   0   0   0   0   0
    ATA   0   0   0   0   0   0 |     ACA   1   1   1   1   1   1 | Lys AAA   0   0   0   0   0   0 | Arg AGA   0   0   0   0   0   0
Met ATG   2   2   2   2   2   2 |     ACG   0   0   0   0   0   0 |     AAG   0   0   0   0   0   0 |     AGG   1   1   1   1   1   1
--------------------------------------------------------------------------------------------------------------------------------------
Val GTT   0   0   0   0   0   0 | Ala GCT   0   0   0   0   0   0 | Asp GAT   1   1   1   1   1   1 | Gly GGT   0   0   0   0   0   0
    GTC   1   1   2   1   1   1 |     GCC   2   3   3   3   3   3 |     GAC   1   1   1   1   1   1 |     GGC   0   0   0   0   0   0
    GTA   1   1   0   1   0   1 |     GCA   2   1   1   1   1   1 | Glu GAA   0   0   0   0   0   0 |     GGA   0   1   0   1   0   0
    GTG   0   0   0   0   1   0 |     GCG   0   0   0   0   0   0 |     GAG   0   0   0   0   0   0 |     GGG   1   0   1   0   1   1
--------------------------------------------------------------------------------------------------------------------------------------

--------------------------------------------------------------------------------------------------------------------------------------
Phe TTT   1   1   1   1   1   1 | Ser TCT   0   0   0   0   0   0 | Tyr TAT   0   0   0   0   0   0 | Cys TGT   0   0   0   0   0   0
    TTC   0   0   0   0   0   0 |     TCC   0   0   0   0   0   0 |     TAC   0   0   0   0   0   0 |     TGC   0   0   0   0   0   0
Leu TTA   1   1   1   1   1   1 |     TCA   0   0   0   0   0   0 | *** TAA   0   0   0   0   0   0 | *** TGA   0   0   0   0   0   0
    TTG   0   0   0   0   0   0 |     TCG   0   0   0   0   0   0 |     TAG   0   0   0   0   0   0 | Trp TGG   0   0   0   0   0   0
--------------------------------------------------------------------------------------------------------------------------------------
Leu CTT   0   0   0   0   0   0 | Pro CCT   2   2   2   2   2   2 | His CAT   0   0   0   0   0   0 | Arg CGT   0   0   0   0   0   0
    CTC   1   1   1   1   1   1 |     CCC   0   0   0   0   0   0 |     CAC   2   2   2   2   2   2 |     CGC   0   0   0   0   0   0
    CTA   0   0   0   0   0   0 |     CCA   0   0   0   0   0   0 | Gln CAA   1   1   1   1   1   1 |     CGA   1   1   1   1   1   1
    CTG   1   1   1   1   1   1 |     CCG   0   0   0   0   0   0 |     CAG   2   2   2   2   2   2 |     CGG   0   0   0   0   0   0
--------------------------------------------------------------------------------------------------------------------------------------
Ile ATT   0   0   0   0   0   0 | Thr ACT   0   0   0   0   0   0 | Asn AAT   0   0   0   0   0   0 | Ser AGT   0   0   0   0   0   0
    ATC   1   1   1   1   1   1 |     ACC   0   0   0   0   0   0 |     AAC   1   1   1   1   1   1 |     AGC   0   0   0   0   0   0
    ATA   0   0   0   0   0   0 |     ACA   1   1   1   1   1   1 | Lys AAA   0   0   0   0   0   0 | Arg AGA   0   0   0   0   0   0
Met ATG   2   2   2   2   2   2 |     ACG   0   0   0   0   0   0 |     AAG   0   0   0   0   0   0 |     AGG   1   1   1   1   1   1
--------------------------------------------------------------------------------------------------------------------------------------
Val GTT   0   0   0   0   0   0 | Ala GCT   0   0   0   0   0   0 | Asp GAT   1   1   1   1   1   1 | Gly GGT   0   0   0   0   0   0
    GTC   1   1   1   1   1   1 |     GCC   3   3   3   3   2   3 |     GAC   1   1   1   1   1   1 |     GGC   0   0   0   0   0   0
    GTA   1   1   1   1   1   1 |     GCA   1   1   1   1   1   1 | Glu GAA   0   0   0   0   0   0 |     GGA   0   0   0   0   0   0
    GTG   0   0   0   0   0   0 |     GCG   0   0   0   0   1   0 |     GAG   0   0   0   0   0   0 |     GGG   1   1   1   1   1   1
--------------------------------------------------------------------------------------------------------------------------------------

--------------------------------------------------------------------------------------------------------------------------------------
Phe TTT   1   1   1   1   1   1 | Ser TCT   0   0   0   0   0   0 | Tyr TAT   0   0   0   0   0   0 | Cys TGT   0   0   0   0   0   0
    TTC   0   0   0   0   0   0 |     TCC   0   0   0   0   0   0 |     TAC   0   0   0   0   0   0 |     TGC   0   0   0   0   0   0
Leu TTA   1   1   1   1   1   1 |     TCA   0   0   0   0   0   0 | *** TAA   0   0   0   0   0   0 | *** TGA   0   0   0   0   0   0
    TTG   0   0   0   0   0   0 |     TCG   0   0   0   0   0   0 |     TAG   0   0   0   0   0   0 | Trp TGG   0   0   0   0   0   0
--------------------------------------------------------------------------------------------------------------------------------------
Leu CTT   0   0   0   0   0   0 | Pro CCT   2   2   2   2   2   2 | His CAT   0   0   0   0   0   1 | Arg CGT   0   0   0   0   0   0
    CTC   1   1   1   1   1   1 |     CCC   0   0   0   0   0   0 |     CAC   2   2   2   2   2   1 |     CGC   0   0   0   0   0   0
    CTA   0   0   0   0   0   0 |     CCA   0   0   0   0   0   0 | Gln CAA   1   1   1   1   1   1 |     CGA   1   1   1   1   1   1
    CTG   1   1   1   1   1   1 |     CCG   0   0   0   0   0   0 |     CAG   2   2   2   2   2   2 |     CGG   0   0   0   0   0   0
--------------------------------------------------------------------------------------------------------------------------------------
Ile ATT   0   0   0   0   0   0 | Thr ACT   0   0   0   0   0   0 | Asn AAT   0   0   0   0   0   1 | Ser AGT   0   0   0   0   0   0
    ATC   1   1   1   1   1   1 |     ACC   0   0   0   0   0   0 |     AAC   1   1   1   1   1   0 |     AGC   0   0   0   0   0   0
    ATA   0   0   0   0   0   0 |     ACA   1   1   1   1   1   1 | Lys AAA   0   0   0   0   0   0 | Arg AGA   0   0   0   0   0   0
Met ATG   2   2   2   2   2   2 |     ACG   0   0   0   0   0   0 |     AAG   0   0   0   0   0   0 |     AGG   1   1   1   1   1   1
--------------------------------------------------------------------------------------------------------------------------------------
Val GTT   0   0   0   0   0   0 | Ala GCT   0   0   0   0   0   0 | Asp GAT   1   1   1   1   1   1 | Gly GGT   0   0   0   0   0   0
    GTC   1   1   2   1   1   1 |     GCC   3   2   3   3   3   3 |     GAC   1   1   1   1   1   1 |     GGC   0   0   0   0   0   0
    GTA   1   1   0   1   1   1 |     GCA   1   1   1   1   1   1 | Glu GAA   0   0   0   0   0   0 |     GGA   1   0   0   0   0   0
    GTG   0   0   0   0   0   0 |     GCG   0   1   0   0   0   0 |     GAG   0   0   0   0   0   0 |     GGG   0   1   1   1   1   1
--------------------------------------------------------------------------------------------------------------------------------------

--------------------------------------------------------------------------------------------------------------------------------------
Phe TTT   1   1   1   1   1   1 | Ser TCT   0   0   0   0   0   0 | Tyr TAT   0   0   0   0   0   0 | Cys TGT   0   0   0   0   0   0
    TTC   0   0   0   0   0   0 |     TCC   0   0   0   0   0   0 |     TAC   0   0   0   0   0   0 |     TGC   0   0   0   0   0   0
Leu TTA   1   1   1   1   1   1 |     TCA   0   0   0   0   0   0 | *** TAA   0   0   0   0   0   0 | *** TGA   0   0   0   0   0   0
    TTG   0   0   0   0   0   0 |     TCG   0   0   0   0   0   0 |     TAG   0   0   0   0   0   0 | Trp TGG   0   0   0   0   0   0
--------------------------------------------------------------------------------------------------------------------------------------
Leu CTT   0   0   0   0   0   0 | Pro CCT   2   2   2   2   2   2 | His CAT   0   0   0   0   0   0 | Arg CGT   0   0   0   0   0   0
    CTC   1   1   1   1   1   1 |     CCC   0   0   0   0   0   0 |     CAC   2   2   2   2   2   2 |     CGC   0   0   0   0   0   0
    CTA   0   0   0   0   0   0 |     CCA   0   0   0   0   0   0 | Gln CAA   1   1   1   1   1   1 |     CGA   1   1   1   1   1   1
    CTG   1   1   1   1   1   1 |     CCG   0   0   0   0   0   0 |     CAG   2   2   2   2   2   2 |     CGG   0   0   0   0   0   0
--------------------------------------------------------------------------------------------------------------------------------------
Ile ATT   0   0   0   0   0   0 | Thr ACT   0   0   0   0   0   0 | Asn AAT   0   0   0   0   0   0 | Ser AGT   0   0   0   0   0   0
    ATC   1   1   1   1   1   1 |     ACC   0   0   0   0   0   0 |     AAC   1   1   1   1   1   1 |     AGC   0   0   0   0   0   0
    ATA   0   0   0   0   0   0 |     ACA   1   1   1   1   1   1 | Lys AAA   0   0   0   0   0   0 | Arg AGA   0   0   0   0   0   0
Met ATG   2   2   2   2   2   2 |     ACG   0   0   0   0   0   0 |     AAG   0   0   0   0   0   0 |     AGG   1   1   1   1   1   1
--------------------------------------------------------------------------------------------------------------------------------------
Val GTT   0   0   0   0   0   0 | Ala GCT   0   0   0   0   0   0 | Asp GAT   1   1   1   1   1   1 | Gly GGT   0   0   0   0   0   0
    GTC   1   1   1   1   1   1 |     GCC   2   3   3   3   3   3 |     GAC   1   1   1   1   1   1 |     GGC   0   0   0   0   0   0
    GTA   1   1   1   1   1   1 |     GCA   1   1   1   1   1   1 | Glu GAA   0   0   0   0   0   0 |     GGA   0   0   0   0   0   0
    GTG   0   0   0   0   0   0 |     GCG   1   0   0   0   0   0 |     GAG   0   0   0   0   0   0 |     GGG   1   1   1   1   1   1
--------------------------------------------------------------------------------------------------------------------------------------

Codon position x base (3x4) table for each sequence.

#1: Argali         
position  1:    T:0.07407    C:0.37037    A:0.22222    G:0.33333
position  2:    T:0.33333    C:0.25926    A:0.29630    G:0.11111
position  3:    T:0.14815    C:0.37037    A:0.22222    G:0.25926
Average         T:0.18519    C:0.33333    A:0.24691    G:0.23457

#2: LesserMouseDeer
position  1:    T:0.07407    C:0.37037    A:0.22222    G:0.33333
position  2:    T:0.33333    C:0.25926    A:0.29630    G:0.11111
position  3:    T:0.11111    C:0.40741    A:0.11111    G:0.37037
Average         T:0.17284    C:0.34568    A:0.20988    G:0.27160

#3: LesserKudu     
position  1:    T:0.07407    C:0.37037    A:0.22222    G:0.33333
position  2:    T:0.33333    C:0.25926    A:0.29630    G:0.11111
position  3:    T:0.14815    C:0.37037    A:0.22222    G:0.25926
Average         T:0.18519    C:0.33333    A:0.24691    G:0.23457

#4: ForestMuskDeer2
position  1:    T:0.07407    C:0.37037    A:0.22222    G:0.33333
position  2:    T:0.33333    C:0.25926    A:0.29630    G:0.11111
position  3:    T:0.14815    C:0.37037    A:0.22222    G:0.25926
Average         T:0.18519    C:0.33333    A:0.24691    G:0.23457

#5: Camel          
position  1:    T:0.07407    C:0.33333    A:0.25926    G:0.33333
position  2:    T:0.33333    C:0.25926    A:0.33333    G:0.07407
position  3:    T:0.11111    C:0.44444    A:0.18519    G:0.25926
Average         T:0.17284    C:0.34568    A:0.25926    G:0.22222

#6: KillerWhale    
position  1:    T:0.07407    C:0.33333    A:0.29630    G:0.29630
position  2:    T:0.33333    C:0.22222    A:0.37037    G:0.07407
position  3:    T:0.11111    C:0.37037    A:0.22222    G:0.29630
Average         T:0.17284    C:0.30864    A:0.29630    G:0.22222

#7: DefassaWaterbuck
position  1:    T:0.07407    C:0.37037    A:0.22222    G:0.33333
position  2:    T:0.33333    C:0.25926    A:0.29630    G:0.11111
position  3:    T:0.14815    C:0.33333    A:0.25926    G:0.25926
Average         T:0.18519    C:0.32099    A:0.25926    G:0.23457

#8: Sheep          
position  1:    T:0.07407    C:0.37037    A:0.22222    G:0.33333
position  2:    T:0.33333    C:0.25926    A:0.29630    G:0.11111
position  3:    T:0.14815    C:0.37037    A:0.22222    G:0.25926
Average         T:0.18519    C:0.33333    A:0.24691    G:0.23457

#9: MaxwellsDuiker 
position  1:    T:0.07407    C:0.37037    A:0.22222    G:0.33333
position  2:    T:0.33333    C:0.25926    A:0.29630    G:0.11111
position  3:    T:0.14815    C:0.37037    A:0.22222    G:0.25926
Average         T:0.18519    C:0.33333    A:0.24691    G:0.23457

#10: GazellaPrzewalskyi
position  1:    T:0.07407    C:0.37037    A:0.22222    G:0.33333
position  2:    T:0.33333    C:0.25926    A:0.29630    G:0.11111
position  3:    T:0.11111    C:0.33333    A:0.22222    G:0.33333
Average         T:0.17284    C:0.32099    A:0.24691    G:0.25926

#11: MountainNyala  
position  1:    T:0.07407    C:0.37037    A:0.22222    G:0.33333
position  2:    T:0.33333    C:0.25926    A:0.29630    G:0.11111
position  3:    T:0.14815    C:0.37037    A:0.22222    G:0.25926
Average         T:0.18519    C:0.33333    A:0.24691    G:0.23457

#12: MuntiacusMuntjak
position  1:    T:0.07407    C:0.37037    A:0.22222    G:0.33333
position  2:    T:0.33333    C:0.25926    A:0.29630    G:0.11111
position  3:    T:0.14815    C:0.40741    A:0.18519    G:0.25926
Average         T:0.18519    C:0.34568    A:0.23457    G:0.23457

#13: goat           
position  1:    T:0.07407    C:0.37037    A:0.22222    G:0.33333
position  2:    T:0.33333    C:0.25926    A:0.29630    G:0.11111
position  3:    T:0.14815    C:0.37037    A:0.22222    G:0.25926
Average         T:0.18519    C:0.33333    A:0.24691    G:0.23457

#14: AfricanBuffalo 
position  1:    T:0.07407    C:0.37037    A:0.22222    G:0.33333
position  2:    T:0.33333    C:0.25926    A:0.29630    G:0.11111
position  3:    T:0.14815    C:0.37037    A:0.18519    G:0.29630
Average         T:0.18519    C:0.33333    A:0.23457    G:0.24691

#15: Topi           
position  1:    T:0.07407    C:0.37037    A:0.22222    G:0.33333
position  2:    T:0.33333    C:0.25926    A:0.29630    G:0.11111
position  3:    T:0.14815    C:0.37037    A:0.22222    G:0.25926
Average         T:0.18519    C:0.33333    A:0.24691    G:0.23457

#16: CommonDuiker   
position  1:    T:0.07407    C:0.37037    A:0.22222    G:0.33333
position  2:    T:0.33333    C:0.25926    A:0.29630    G:0.11111
position  3:    T:0.14815    C:0.37037    A:0.25926    G:0.22222
Average         T:0.18519    C:0.33333    A:0.25926    G:0.22222

#17: Suni           
position  1:    T:0.07407    C:0.37037    A:0.22222    G:0.33333
position  2:    T:0.33333    C:0.25926    A:0.29630    G:0.11111
position  3:    T:0.14815    C:0.37037    A:0.22222    G:0.25926
Average         T:0.18519    C:0.33333    A:0.24691    G:0.23457

#18: Springbuck     
position  1:    T:0.07407    C:0.37037    A:0.22222    G:0.33333
position  2:    T:0.33333    C:0.25926    A:0.29630    G:0.11111
position  3:    T:0.14815    C:0.33333    A:0.25926    G:0.25926
Average         T:0.18519    C:0.32099    A:0.25926    G:0.23457

#19: Okapi          
position  1:    T:0.07407    C:0.37037    A:0.22222    G:0.33333
position  2:    T:0.33333    C:0.25926    A:0.29630    G:0.11111
position  3:    T:0.14815    C:0.37037    A:0.22222    G:0.25926
Average         T:0.18519    C:0.33333    A:0.24691    G:0.23457

#20: Giraffe        
position  1:    T:0.07407    C:0.37037    A:0.22222    G:0.33333
position  2:    T:0.33333    C:0.25926    A:0.29630    G:0.11111
position  3:    T:0.14815    C:0.37037    A:0.22222    G:0.25926
Average         T:0.18519    C:0.33333    A:0.24691    G:0.23457

#21: TibetanAntelope
position  1:    T:0.07407    C:0.37037    A:0.22222    G:0.33333
position  2:    T:0.33333    C:0.25926    A:0.29630    G:0.11111
position  3:    T:0.14815    C:0.37037    A:0.22222    G:0.25926
Average         T:0.18519    C:0.33333    A:0.24691    G:0.23457

#22: Sitatunga      
position  1:    T:0.07407    C:0.37037    A:0.22222    G:0.33333
position  2:    T:0.33333    C:0.25926    A:0.29630    G:0.11111
position  3:    T:0.14815    C:0.37037    A:0.22222    G:0.25926
Average         T:0.18519    C:0.33333    A:0.24691    G:0.23457

#23: Oribi          
position  1:    T:0.07407    C:0.37037    A:0.22222    G:0.33333
position  2:    T:0.33333    C:0.25926    A:0.29630    G:0.11111
position  3:    T:0.14815    C:0.33333    A:0.22222    G:0.29630
Average         T:0.18519    C:0.32099    A:0.24691    G:0.24691

#24: BarbarySheep   
position  1:    T:0.07407    C:0.37037    A:0.22222    G:0.33333
position  2:    T:0.33333    C:0.25926    A:0.29630    G:0.11111
position  3:    T:0.14815    C:0.37037    A:0.22222    G:0.25926
Average         T:0.18519    C:0.33333    A:0.24691    G:0.23457

#25: Daviddeer      
position  1:    T:0.07407    C:0.37037    A:0.22222    G:0.33333
position  2:    T:0.33333    C:0.25926    A:0.29630    G:0.11111
position  3:    T:0.14815    C:0.37037    A:0.25926    G:0.22222
Average         T:0.18519    C:0.33333    A:0.25926    G:0.22222

#26: Reindeer       
position  1:    T:0.07407    C:0.37037    A:0.22222    G:0.33333
position  2:    T:0.33333    C:0.25926    A:0.29630    G:0.11111
position  3:    T:0.14815    C:0.37037    A:0.22222    G:0.25926
Average         T:0.18519    C:0.33333    A:0.24691    G:0.23457

#27: Ibex           
position  1:    T:0.07407    C:0.37037    A:0.22222    G:0.33333
position  2:    T:0.33333    C:0.25926    A:0.29630    G:0.11111
position  3:    T:0.14815    C:0.37037    A:0.22222    G:0.25926
Average         T:0.18519    C:0.33333    A:0.24691    G:0.23457

#28: GyrantGazelle  
position  1:    T:0.07407    C:0.37037    A:0.22222    G:0.33333
position  2:    T:0.33333    C:0.25926    A:0.29630    G:0.11111
position  3:    T:0.14815    C:0.33333    A:0.22222    G:0.29630
Average         T:0.18519    C:0.32099    A:0.24691    G:0.24691

#29: Hartebeest     
position  1:    T:0.07407    C:0.37037    A:0.22222    G:0.33333
position  2:    T:0.33333    C:0.25926    A:0.29630    G:0.11111
position  3:    T:0.14815    C:0.37037    A:0.22222    G:0.25926
Average         T:0.18519    C:0.33333    A:0.24691    G:0.23457

#30: Bongo          
position  1:    T:0.07407    C:0.37037    A:0.22222    G:0.33333
position  2:    T:0.33333    C:0.25926    A:0.29630    G:0.11111
position  3:    T:0.14815    C:0.37037    A:0.22222    G:0.25926
Average         T:0.18519    C:0.33333    A:0.24691    G:0.23457

#31: Gerenuk        
position  1:    T:0.07407    C:0.37037    A:0.22222    G:0.33333
position  2:    T:0.33333    C:0.25926    A:0.29630    G:0.11111
position  3:    T:0.14815    C:0.33333    A:0.25926    G:0.25926
Average         T:0.18519    C:0.32099    A:0.25926    G:0.23457

#32: CommonEland    
position  1:    T:0.07407    C:0.37037    A:0.22222    G:0.33333
position  2:    T:0.33333    C:0.25926    A:0.29630    G:0.11111
position  3:    T:0.14815    C:0.37037    A:0.25926    G:0.22222
Average         T:0.18519    C:0.33333    A:0.25926    G:0.22222

#33: MuntiacusReevesi
position  1:    T:0.07407    C:0.37037    A:0.22222    G:0.33333
position  2:    T:0.33333    C:0.25926    A:0.29630    G:0.11111
position  3:    T:0.14815    C:0.40741    A:0.18519    G:0.25926
Average         T:0.18519    C:0.34568    A:0.23457    G:0.23457

#34: HarveysDuiker  
position  1:    T:0.07407    C:0.37037    A:0.22222    G:0.33333
position  2:    T:0.33333    C:0.25926    A:0.29630    G:0.11111
position  3:    T:0.14815    C:0.37037    A:0.25926    G:0.22222
Average         T:0.18519    C:0.33333    A:0.25926    G:0.22222

#35: Pronghorn      
position  1:    T:0.03704    C:0.40741    A:0.22222    G:0.33333
position  2:    T:0.33333    C:0.25926    A:0.29630    G:0.11111
position  3:    T:0.18519    C:0.33333    A:0.18519    G:0.29630
Average         T:0.18519    C:0.33333    A:0.23457    G:0.24691

#36: BlueWildebeest 
position  1:    T:0.07407    C:0.37037    A:0.22222    G:0.33333
position  2:    T:0.33333    C:0.25926    A:0.29630    G:0.11111
position  3:    T:0.14815    C:0.37037    A:0.22222    G:0.25926
Average         T:0.18519    C:0.33333    A:0.24691    G:0.23457

#37: Gemsbok        
position  1:    T:0.07407    C:0.37037    A:0.22222    G:0.33333
position  2:    T:0.33333    C:0.25926    A:0.29630    G:0.11111
position  3:    T:0.14815    C:0.37037    A:0.22222    G:0.25926
Average         T:0.18519    C:0.33333    A:0.24691    G:0.23457

#38: Yak            
position  1:    T:0.07407    C:0.37037    A:0.22222    G:0.33333
position  2:    T:0.33333    C:0.25926    A:0.29630    G:0.11111
position  3:    T:0.14815    C:0.37037    A:0.22222    G:0.25926
Average         T:0.18519    C:0.33333    A:0.24691    G:0.23457

#39: BlueSheep      
position  1:    T:0.07407    C:0.37037    A:0.22222    G:0.33333
position  2:    T:0.33333    C:0.25926    A:0.29630    G:0.11111
position  3:    T:0.14815    C:0.37037    A:0.22222    G:0.25926
Average         T:0.18519    C:0.33333    A:0.24691    G:0.23457

#40: BohorReedbuck  
position  1:    T:0.07407    C:0.37037    A:0.22222    G:0.33333
position  2:    T:0.33333    C:0.25926    A:0.29630    G:0.11111
position  3:    T:0.14815    C:0.37037    A:0.22222    G:0.25926
Average         T:0.18519    C:0.33333    A:0.24691    G:0.23457

#41: KirksDik       
position  1:    T:0.07407    C:0.37037    A:0.22222    G:0.33333
position  2:    T:0.33333    C:0.25926    A:0.29630    G:0.11111
position  3:    T:0.14815    C:0.33333    A:0.22222    G:0.29630
Average         T:0.18519    C:0.32099    A:0.24691    G:0.24691

#42: RoeDeer        
position  1:    T:0.07407    C:0.37037    A:0.22222    G:0.33333
position  2:    T:0.33333    C:0.25926    A:0.29630    G:0.11111
position  3:    T:0.14815    C:0.37037    A:0.22222    G:0.25926
Average         T:0.18519    C:0.33333    A:0.24691    G:0.23457

#43: WhiteLippedDeer
position  1:    T:0.07407    C:0.37037    A:0.22222    G:0.33333
position  2:    T:0.33333    C:0.25926    A:0.29630    G:0.11111
position  3:    T:0.14815    C:0.37037    A:0.25926    G:0.22222
Average         T:0.18519    C:0.33333    A:0.25926    G:0.22222

#44: ThomsonGazelle 
position  1:    T:0.07407    C:0.37037    A:0.22222    G:0.33333
position  2:    T:0.33333    C:0.25926    A:0.29630    G:0.11111
position  3:    T:0.14815    C:0.33333    A:0.22222    G:0.29630
Average         T:0.18519    C:0.32099    A:0.24691    G:0.24691

#45: MuntiacusCrinifrons
position  1:    T:0.07407    C:0.37037    A:0.22222    G:0.33333
position  2:    T:0.33333    C:0.25926    A:0.29630    G:0.11111
position  3:    T:0.14815    C:0.40741    A:0.18519    G:0.25926
Average         T:0.18519    C:0.34568    A:0.23457    G:0.23457

#46: WhiteTailedDeer
position  1:    T:0.07407    C:0.37037    A:0.22222    G:0.33333
position  2:    T:0.33333    C:0.25926    A:0.29630    G:0.11111
position  3:    T:0.14815    C:0.37037    A:0.22222    G:0.25926
Average         T:0.18519    C:0.33333    A:0.24691    G:0.23457

#47: Cattle         
position  1:    T:0.07407    C:0.37037    A:0.22222    G:0.33333
position  2:    T:0.33333    C:0.25926    A:0.29630    G:0.11111
position  3:    T:0.14815    C:0.37037    A:0.22222    G:0.25926
Average         T:0.18519    C:0.33333    A:0.24691    G:0.23457

#48: RoyalAntelope  
position  1:    T:0.07407    C:0.37037    A:0.22222    G:0.33333
position  2:    T:0.33333    C:0.25926    A:0.29630    G:0.11111
position  3:    T:0.22222    C:0.29630    A:0.22222    G:0.25926
Average         T:0.20988    C:0.30864    A:0.24691    G:0.23457

#49: Steenbok       
position  1:    T:0.07407    C:0.37037    A:0.22222    G:0.33333
position  2:    T:0.33333    C:0.25926    A:0.29630    G:0.11111
position  3:    T:0.14815    C:0.33333    A:0.22222    G:0.29630
Average         T:0.18519    C:0.32099    A:0.24691    G:0.24691

#50: Impala         
position  1:    T:0.07407    C:0.37037    A:0.22222    G:0.33333
position  2:    T:0.33333    C:0.25926    A:0.29630    G:0.11111
position  3:    T:0.14815    C:0.37037    A:0.22222    G:0.25926
Average         T:0.18519    C:0.33333    A:0.24691    G:0.23457

#51: Klipspringer   
position  1:    T:0.07407    C:0.37037    A:0.22222    G:0.33333
position  2:    T:0.33333    C:0.25926    A:0.29630    G:0.11111
