1
52 1
Argali 0.000000 0.067300 0.028000 0.059600 0.009800 0.001900 0.007800 0.012000 0.023800 0.032000 0.003900 0.021800 0.007800 0.011800 0.017800 0.013800 0.030800 0.029800 0.005800 0.019800 0.019700 0.003900 0.023800 0.033900 0.005800 0.017700 0.009700 0.023800 0.013800 0.029900 0.034000 0.009800 0.028000 0.007800 0.009700 0.023700 0.005800 0.011800 0.019700 0.031800 0.025900 0.016200 0.031900 0.029800 0.023700 0.025800 0.027800 0.019800 0.017800 0.037900 0.023900 0.027800
LesserMous 0.067300 0.000000 0.072200 0.075800 0.069500 0.065100 0.067400 0.072200 0.067600 0.069700 0.063200 0.068800 0.059500 0.071600 0.078800 0.073800 0.063100 0.064800 0.065300 0.063200 0.075900 0.063200 0.063100 0.071700 0.065500 0.080600 0.057400 0.067700 0.073700 0.074800 0.071900 0.070500 0.070100 0.059400 0.065200 0.068600 0.070600 0.069300 0.071600 0.066100 0.066500 0.076000 0.069600 0.069300 0.068600 0.075900 0.083700 0.076100 0.074000 0.084600 0.068200 0.072700
LesserKudu 0.028000 0.072200 0.000000 0.063500 0.021700 0.025900 0.023700 0.027900 0.011800 0.027800 0.024000 0.015700 0.026400 0.027700 0.029900 0.029900 0.022500 0.025600 0.026100 0.007800 0.039000 0.024000 0.019700 0.029700 0.026100 0.036400 0.028600 0.011800 0.029800 0.015700 0.029800 0.021700 0.025700 0.026500 0.026000 0.015700 0.030100 0.021700 0.034800 0.026500 0.025700 0.030900 0.027700 0.025700 0.015700 0.038000 0.042100 0.030900 0.029800 0.035800 0.007800 0.015700
KillerWhal 0.059600 0.075800 0.063500 0.000000 0.061100 0.056800 0.059000 0.064100 0.059100 0.064800 0.059100 0.061200 0.062700 0.058900 0.069800 0.061200 0.052900 0.054100 0.061200 0.054900 0.071200 0.059100 0.056400 0.058800 0.061200 0.068100 0.064800 0.059100 0.061100 0.065400 0.067000 0.062100 0.063700 0.062600 0.061100 0.060900 0.067200 0.061000 0.067500 0.061600 0.056400 0.067600 0.064800 0.058400 0.060900 0.067700 0.072400 0.071700 0.065500 0.076600 0.059200 0.063300
DefassaWat 0.009800 0.069500 0.021700 0.061100 0.000000 0.007800 0.005800 0.005800 0.017700 0.027700 0.005900 0.017700 0.009700 0.009700 0.008000 0.007800 0.024400 0.023600 0.007900 0.013700 0.017600 0.005900 0.019700 0.029600 0.007900 0.014000 0.011700 0.017700 0.007800 0.023600 0.030100 0.003900 0.025900 0.009700 0.011700 0.017600 0.011800 0.001900 0.013700 0.027600 0.021700 0.009800 0.027600 0.025600 0.017600 0.019700 0.021600 0.009800 0.015700 0.031700 0.017700 0.021600
Sheep 0.001900 0.065100 0.025900 0.056800 0.007800 0.000000 0.005900 0.010000 0.021800 0.029900 0.001900 0.021800 0.005800 0.009800 0.015800 0.011800 0.028700 0.027800 0.003900 0.017800 0.021700 0.001900 0.021800 0.031900 0.003900 0.017900 0.007800 0.021800 0.011800 0.027900 0.032000 0.007900 0.030100 0.005800 0.007800 0.021700 0.007800 0.009800 0.017700 0.029800 0.023900 0.013800 0.029900 0.027800 0.021700 0.023800 0.025800 0.017800 0.015800 0.035900 0.021800 0.025800
MaxwellsDu 0.007800 0.067400 0.023700 0.059000 0.005800 0.005900 0.000000 0.008000 0.019700 0.029700 0.003900 0.019700 0.007800 0.007800 0.013700 0.009800 0.026500 0.025600 0.005900 0.015700 0.019600 0.003900 0.021700 0.031600 0.005900 0.015900 0.009700 0.019700 0.009700 0.025600 0.031700 0.005800 0.028000 0.007800 0.009800 0.019600 0.009800 0.007800 0.015700 0.029600 0.023700 0.011700 0.029700 0.027600 0.019600 0.021600 0.023600 0.015700 0.013700 0.033700 0.019700 0.023600
GazellaPrz 0.012000 0.072200 0.027900 0.064100 0.005800 0.010000 0.008000 0.000000 0.023600 0.034100 0.008100 0.023700 0.012100 0.012000 0.013700 0.009800 0.031300 0.030300 0.010100 0.019600 0.019700 0.008100 0.026300 0.036500 0.010100 0.015900 0.014100 0.023700 0.009800 0.029900 0.036100 0.010100 0.032700 0.012000 0.014100 0.023300 0.014100 0.007800 0.011800 0.034300 0.028400 0.007800 0.034000 0.032400 0.023300 0.021700 0.023700 0.011700 0.018000 0.038400 0.023700 0.027900
MountainNy 0.023800 0.067600 0.011800 0.059100 0.017700 0.021800 0.019700 0.023600 0.000000 0.023700 0.019800 0.011700 0.022200 0.023600 0.025700 0.025700 0.020300 0.023600 0.021800 0.003900 0.034600 0.019800 0.015700 0.025600 0.021800 0.032100 0.024300 0.003900 0.025700 0.015700 0.025700 0.017700 0.023700 0.022200 0.021700 0.011700 0.025800 0.017700 0.030500 0.022300 0.021600 0.026600 0.023700 0.021600 0.011700 0.033800 0.037900 0.026600 0.025700 0.031600 0.007800 0.007800
MuntiacusM 0.032000 0.069700 0.027800 0.064800 0.027700 0.029900 0.029700 0.034100 0.023700 0.000000 0.030100 0.027700 0.033800 0.033700 0.035900 0.035900 0.024500 0.027600 0.032100 0.019700 0.045000 0.030000 0.007800 0.013700 0.032100 0.042400 0.035800 0.023700 0.035800 0.027700 0.005900 0.027700 0.036500 0.033700 0.030800 0.027600 0.036100 0.027600 0.042000 0.011700 0.013700 0.037900 0.003900 0.009800 0.027600 0.040000 0.044100 0.033800 0.035900 0.039800 0.023700 0.027700
goat 0.003900 0.063200 0.024000 0.059100 0.005900 0.001900 0.003900 0.008100 0.019800 0.030100 0.000000 0.019900 0.003900 0.007900 0.013900 0.009900 0.026800 0.025900 0.001900 0.015900 0.019800 0.000000 0.022000 0.032000 0.001900 0.016100 0.005800 0.019900 0.009900 0.025900 0.032100 0.005900 0.028200 0.003900 0.005900 0.019800 0.005800 0.007900 0.015800 0.030000 0.024000 0.011900 0.030000 0.028000 0.019800 0.021900 0.023900 0.015800 0.013800 0.033900 0.019900 0.023900
AfricanBuf 0.021800 0.068800 0.015700 0.061200 0.017700 0.021800 0.019700 0.023700 0.011700 0.027700 0.019900 0.000000 0.022200 0.023600 0.025800 0.025800 0.024400 0.023600 0.021900 0.007800 0.033800 0.019900 0.019700 0.029600 0.021900 0.030300 0.024400 0.011800 0.025700 0.019700 0.029700 0.017700 0.020300 0.022300 0.021700 0.003900 0.023900 0.017700 0.030600 0.026500 0.021700 0.026600 0.027700 0.025600 0.003900 0.033900 0.040000 0.026700 0.021700 0.031700 0.011800 0.015700
Topi 0.007800 0.059500 0.026400 0.062700 0.009700 0.005800 0.007800 0.012100 0.022200 0.033800 0.003900 0.022200 0.000000 0.011700 0.017700 0.013700 0.030600 0.029600 0.005800 0.018200 0.023600 0.003900 0.025700 0.035700 0.005900 0.019900 0.001900 0.022300 0.013700 0.029700 0.035800 0.009700 0.029700 0.000000 0.009800 0.022000 0.009800 0.011700 0.015700 0.029700 0.027700 0.015700 0.033700 0.031600 0.022000 0.025700 0.027700 0.019600 0.017700 0.037700 0.022300 0.026400
CommonDuik 0.011800 0.071600 0.027700 0.058900 0.009700 0.009800 0.007800 0.012000 0.023600 0.033700 0.007900 0.023600 0.011700 0.000000 0.017600 0.009700 0.030500 0.029500 0.009800 0.019600 0.019600 0.007900 0.025600 0.035600 0.009900 0.015900 0.013700 0.023600 0.009700 0.029600 0.035700 0.009700 0.032000 0.011700 0.013700 0.023600 0.013800 0.011700 0.019600 0.033600 0.027600 0.015600 0.033700 0.031500 0.023600 0.025600 0.023600 0.019600 0.013700 0.037700 0.023600 0.027600
Suni 0.017800 0.078800 0.029900 0.069800 0.008000 0.015800 0.013700 0.013700 0.025700 0.035900 0.013900 0.025800 0.017700 0.017600 0.000000 0.015700 0.032600 0.031700 0.015800 0.021700 0.025700 0.013800 0.027800 0.037800 0.015900 0.022000 0.019700 0.025800 0.015700 0.031800 0.033800 0.011700 0.034200 0.017700 0.019700 0.025900 0.019800 0.009900 0.021700 0.035800 0.029800 0.017700 0.035800 0.033800 0.025900 0.027700 0.029800 0.017700 0.023700 0.031800 0.025800 0.029800
Springbuck 0.013800 0.073800 0.029900 0.061200 0.007800 0.011800 0.009800 0.009800 0.025700 0.035900 0.009900 0.025800 0.013700 0.009700 0.015700 0.000000 0.032600 0.031700 0.011800 0.021700 0.013700 0.009900 0.027800 0.037800 0.011900 0.005900 0.015700 0.025800 0.000100 0.031800 0.037900 0.011700 0.034200 0.013700 0.015700 0.025700 0.011800 0.009800 0.017700 0.035800 0.029800 0.005900 0.035900 0.033800 0.025700 0.023700 0.021700 0.017700 0.019700 0.039900 0.025800 0.029800
Okapi 0.030800 0.063100 0.022500 0.052900 0.024400 0.028700 0.026500 0.031300 0.020300 0.024500 0.026800 0.024400 0.030600 0.030500 0.032600 0.032600 0.000000 0.007800 0.028800 0.016300 0.041800 0.026900 0.016400 0.026400 0.028800 0.039300 0.032700 0.020400 0.032700 0.024400 0.026500 0.024600 0.028900 0.030600 0.028500 0.024100 0.032800 0.024400 0.034500 0.022200 0.022500 0.034700 0.024400 0.022300 0.024100 0.038800 0.045000 0.034600 0.032500 0.036300 0.020300 0.024300
Giraffe 0.029800 0.064800 0.025600 0.054100 0.023600 0.027800 0.025600 0.030300 0.023600 0.027600 0.025900 0.023600 0.029600 0.029500 0.031700 0.031700 0.007800 0.000000 0.027800 0.019600 0.041800 0.025800 0.019600 0.029500 0.027900 0.038100 0.031600 0.023600 0.031600 0.027500 0.029600 0.023500 0.028100 0.029600 0.027600 0.023500 0.031800 0.023500 0.033700 0.025500 0.021600 0.033700 0.027600 0.025500 0.023500 0.033700 0.046000 0.033600 0.031700 0.035600 0.023600 0.027500
TibetanAnt 0.005800 0.065300 0.026100 0.061200 0.007900 0.003900 0.005900 0.010100 0.021800 0.032100 0.001900 0.021900 0.005800 0.009800 0.015800 0.011800 0.028800 0.027800 0.000000 0.017900 0.021800 0.001900 0.023900 0.034000 0.003900 0.018000 0.007800 0.021900 0.011800 0.028000 0.034100 0.007900 0.030200 0.005800 0.007800 0.021700 0.007800 0.009900 0.017800 0.031900 0.026000 0.013800 0.032000 0.029900 0.021700 0.023900 0.025800 0.017800 0.015800 0.035900 0.022000 0.025900
Sitatunga 0.019800 0.063200 0.007800 0.054900 0.013700 0.017800 0.015700 0.019600 0.003900 0.019700 0.015900 0.007800 0.018200 0.019600 0.021700 0.021700 0.016300 0.019600 0.017900 0.000000 0.030700 0.015900 0.011700 0.021600 0.017900 0.028100 0.020300 0.003900 0.021700 0.011700 0.021700 0.013700 0.019600 0.018200 0.017700 0.007800 0.021900 0.013700 0.026500 0.018300 0.017700 0.022600 0.019600 0.017600 0.007800 0.029800 0.033800 0.022600 0.021700 0.027600 0.003900 0.007800
Oribi 0.019700 0.075900 0.039000 0.071200 0.017600 0.021700 0.019600 0.019700 0.034600 0.045000 0.019800 0.033800 0.023600 0.019600 0.025700 0.013700 0.041800 0.041800 0.021800 0.030700 0.000000 0.019800 0.036800 0.042900 0.021800 0.017700 0.021600 0.034700 0.013700 0.041400 0.047100 0.021600 0.040300 0.023600 0.025600 0.035700 0.017800 0.019600 0.027700 0.044800 0.039900 0.020300 0.044900 0.038700 0.035700 0.033700 0.030500 0.027600 0.029700 0.050100 0.035300 0.039300
BarbaryShe 0.003900 0.063200 0.024000 0.059100 0.005900 0.001900 0.003900 0.008100 0.019800 0.030000 0.000000 0.019900 0.003900 0.007900 0.013800 0.009900 0.026900 0.025800 0.001900 0.015900 0.019800 0.000000 0.021900 0.032000 0.001900 0.016000 0.005800 0.019900 0.009900 0.025900 0.032100 0.005900 0.028100 0.003900 0.005800 0.019700 0.005800 0.007900 0.015800 0.029900 0.023900 0.011900 0.030000 0.027900 0.019800 0.021900 0.023800 0.015800 0.013800 0.033900 0.019900 0.023800
Daviddeer 0.023800 0.063100 0.019700 0.056400 0.019700 0.021800 0.021700 0.026300 0.015700 0.007800 0.022000 0.019700 0.025700 0.025600 0.027800 0.027800 0.016400 0.019600 0.023900 0.011700 0.036800 0.021900 0.000000 0.009800 0.024000 0.034200 0.027700 0.015700 0.027700 0.019600 0.009800 0.019600 0.028300 0.025600 0.022600 0.019600 0.028000 0.019600 0.033800 0.007800 0.005900 0.029800 0.007800 0.005800 0.019600 0.031800 0.035900 0.025700 0.027700 0.031600 0.015700 0.019600
Reindeer 0.033900 0.071700 0.029700 0.058800 0.029600 0.031900 0.031600 0.036500 0.025600 0.013700 0.032000 0.029600 0.035700 0.035600 0.037800 0.037800 0.026400 0.029500 0.034000 0.021600 0.042900 0.032000 0.009800 0.000000 0.034000 0.044400 0.037700 0.025600 0.037800 0.029600 0.015700 0.029600 0.038400 0.035700 0.032700 0.029500 0.038100 0.029600 0.043900 0.013700 0.011700 0.039900 0.013700 0.003900 0.029500 0.037900 0.046100 0.035700 0.037800 0.041700 0.025600 0.029600
Ibex 0.005800 0.065500 0.026100 0.061200 0.007900 0.003900 0.005900 0.010100 0.021800 0.032100 0.001900 0.021900 0.005900 0.009900 0.015900 0.011900 0.028800 0.027900 0.003900 0.017900 0.021800 0.001900 0.024000 0.034000 0.000000 0.018100 0.007800 0.021900 0.011900 0.028000 0.034100 0.007900 0.030300 0.005800 0.007800 0.021800 0.007800 0.009900 0.017800 0.032000 0.026000 0.013900 0.032100 0.030000 0.021800 0.023900 0.025900 0.017800 0.015900 0.036000 0.022000 0.025900
GyrantGaze 0.017700 0.080600 0.036400 0.068100 0.014000 0.017900 0.015900 0.015900 0.032100 0.042400 0.016100 0.030300 0.019900 0.015900 0.022000 0.005900 0.039300 0.038100 0.018000 0.028100 0.017700 0.016000 0.034200 0.044400 0.018100 0.000000 0.021900 0.032200 0.006000 0.038300 0.044500 0.017900 0.036900 0.019900 0.021900 0.032000 0.015800 0.015900 0.023900 0.042200 0.036300 0.007800 0.042400 0.040300 0.032000 0.030000 0.028100 0.023900 0.025900 0.046300 0.032200 0.036200
Hartebeest 0.009700 0.057400 0.028600 0.064800 0.011700 0.007800 0.009700 0.014100 0.024300 0.035800 0.005800 0.024400 0.001900 0.013700 0.019700 0.015700 0.032700 0.031600 0.007800 0.020300 0.021600 0.005800 0.027700 0.037700 0.007800 0.021900 0.000000 0.024400 0.015700 0.031700 0.037900 0.011700 0.031800 0.001900 0.011700 0.024100 0.011700 0.013700 0.017700 0.031700 0.029700 0.017700 0.035800 0.033700 0.024100 0.027700 0.029700 0.021600 0.019700 0.039800 0.024400 0.028400
Bongo 0.023800 0.067700 0.011800 0.059100 0.017700 0.021800 0.019700 0.023700 0.003900 0.023700 0.019900 0.011800 0.022300 0.023600 0.025800 0.025800 0.020400 0.023600 0.021900 0.003900 0.034700 0.019900 0.015700 0.025600 0.021900 0.032200 0.024400 0.000000 0.025700 0.015700 0.025700 0.017700 0.023700 0.022300 0.021700 0.011700 0.025900 0.017700 0.030600 0.022300 0.021700 0.026600 0.023700 0.021600 0.011700 0.033900 0.038000 0.026600 0.025700 0.031700 0.007800 0.007800
Gerenuk 0.013800 0.073700 0.029800 0.061100 0.007800 0.011800 0.009700 0.009800 0.025700 0.035800 0.009900 0.025700 0.013700 0.009700 0.015700 0.000100 0.032700 0.031600 0.011800 0.021700 0.013700 0.009900 0.027700 0.037800 0.011900 0.006000 0.015700 0.025700 0.000000 0.031700 0.037900 0.011700 0.034100 0.013700 0.015700 0.025700 0.011800 0.009800 0.017700 0.035800 0.029800 0.005900 0.035800 0.033700 0.025700 0.023700 0.021700 0.017700 0.019700 0.039900 0.025700 0.029700
CommonElan 0.029900 0.074800 0.015700 0.065400 0.023600 0.027900 0.025600 0.029900 0.015700 0.027700 0.025900 0.019700 0.029700 0.029600 0.031800 0.031800 0.024400 0.027500 0.028000 0.011700 0.041400 0.025900 0.019600 0.029600 0.028000 0.038300 0.031700 0.015700 0.031700 0.000000 0.025700 0.023600 0.028200 0.029700 0.027600 0.019600 0.032000 0.023600 0.034700 0.027600 0.025600 0.032800 0.027600 0.025600 0.019600 0.039900 0.044100 0.032800 0.029700 0.035700 0.007800 0.015600
MuntiacusR 0.034000 0.071900 0.029800 0.067000 0.030100 0.032000 0.031700 0.036100 0.025700 0.005900 0.032100 0.029700 0.035800 0.035700 0.033800 0.037900 0.026500 0.029600 0.034100 0.021700 0.047100 0.032100 0.009800 0.015700 0.034100 0.044500 0.037900 0.025700 0.037900 0.025700 0.000000 0.029700 0.038500 0.035800 0.032800 0.029600 0.038200 0.030000 0.044100 0.013700 0.015700 0.040000 0.005900 0.011700 0.029600 0.042000 0.046200 0.035800 0.037900 0.041800 0.025700 0.029700
HarveysDui 0.009800 0.070500 0.021700 0.062100 0.003900 0.007900 0.005800 0.010100 0.017700 0.027700 0.005900 0.017700 0.009700 0.009700 0.011700 0.011700 0.024600 0.023500 0.007900 0.013700 0.021600 0.005900 0.019600 0.029600 0.007900 0.017900 0.011700 0.017700 0.011700 0.023600 0.029700 0.000000 0.025900 0.009700 0.011700 0.017600 0.007900 0.005800 0.017600 0.027600 0.021600 0.013700 0.027600 0.025600 0.017600 0.023600 0.025600 0.013700 0.015700 0.029600 0.017700 0.021600
Pronghorn 0.028000 0.070100 0.025700 0.063700 0.025900 0.030100 0.028000 0.032700 0.023700 0.036500 0.028200 0.020300 0.029700 0.032000 0.034200 0.034200 0.028900 0.028100 0.030200 0.019600 0.040300 0.028100 0.028300 0.038400 0.030300 0.036900 0.031800 0.023700 0.034100 0.028200 0.038500 0.025900 0.000000 0.029700 0.030000 0.023600 0.030200 0.025900 0.036100 0.033700 0.030400 0.036400 0.036400 0.034300 0.023600 0.042400 0.049500 0.036200 0.030000 0.040400 0.021700 0.025600
BlueWildeb 0.007800 0.059400 0.026500 0.062600 0.009700 0.005800 0.007800 0.012000 0.022200 0.033700 0.003900 0.022300 0.000000 0.011700 0.017700 0.013700 0.030600 0.029600 0.005800 0.018200 0.023600 0.003900 0.025600 0.035700 0.005800 0.019900 0.001900 0.022300 0.013700 0.029700 0.035800 0.009700 0.029700 0.000000 0.009800 0.022000 0.009800 0.011700 0.015700 0.029700 0.027700 0.015700 0.033700 0.031600 0.022000 0.025600 0.027700 0.019600 0.017700 0.037700 0.022300 0.026300
Gemsbok 0.009700 0.065200 0.026000 0.061100 0.011700 0.007800 0.009800 0.014100 0.021700 0.030800 0.005900 0.021700 0.009800 0.013700 0.019700 0.015700 0.028500 0.027600 0.007800 0.017700 0.025600 0.005800 0.022600 0.032700 0.007800 0.021900 0.011700 0.021700 0.015700 0.027600 0.032800 0.011700 0.030000 0.009800 0.000000 0.021600 0.011700 0.011700 0.021700 0.030500 0.024700 0.017700 0.030600 0.028600 0.021600 0.027700 0.029700 0.021600 0.019700 0.035700 0.021700 0.025600
Yak 0.023700 0.068600 0.015700 0.060900 0.017600 0.021700 0.019600 0.023300 0.011700 0.027600 0.019800 0.003900 0.022000 0.023600 0.025900 0.025700 0.024100 0.023500 0.021700 0.007800 0.035700 0.019700 0.019600 0.029500 0.021800 0.032000 0.024100 0.011700 0.025700 0.019600 0.029600 0.017600 0.023600 0.022000 0.021600 0.000000 0.025800 0.017600 0.030400 0.026200 0.021600 0.026400 0.027600 0.025500 0.000000 0.033800 0.039900 0.026400 0.021700 0.027600 0.011700 0.015600
BlueSheep 0.005800 0.070600 0.030100 0.067200 0.011800 0.007800 0.009800 0.014100 0.025800 0.036100 0.005800 0.023900 0.009800 0.013800 0.019800 0.011800 0.032800 0.031800 0.007800 0.021900 0.017800 0.005800 0.028000 0.038100 0.007800 0.015800 0.011700 0.025900 0.011800 0.032000 0.038200 0.007900 0.030200 0.009800 0.011700 0.025800 0.000000 0.013800 0.021800 0.036000 0.030000 0.014200 0.036100 0.034000 0.025800 0.027900 0.029900 0.021800 0.019800 0.038000 0.025900 0.029900
BohorReedb 0.011800 0.069300 0.021700 0.061000 0.001900 0.009800 0.007800 0.007800 0.017700 0.027600 0.007900 0.017700 0.011700 0.011700 0.009900 0.009800 0.024400 0.023500 0.009900 0.013700 0.019600 0.007900 0.019600 0.029600 0.009900 0.015900 0.013700 0.017700 0.009800 0.023600 0.030000 0.005800 0.025900 0.011700 0.011700 0.017600 0.013800 0.000000 0.015700 0.027600 0.021600 0.011700 0.027600 0.025600 0.017600 0.021600 0.023600 0.011700 0.017700 0.031600 0.017700 0.021600
KirksDik 0.019700 0.071600 0.034800 0.067500 0.013700 0.017700 0.015700 0.011800 0.030500 0.042000 0.015800 0.030600 0.015700 0.019600 0.021700 0.017700 0.034500 0.033700 0.017800 0.026500 0.027700 0.015800 0.033800 0.043900 0.017800 0.023900 0.017700 0.030600 0.017700 0.034700 0.044100 0.017600 0.036100 0.015700 0.021700 0.030400 0.021800 0.015700 0.000000 0.039900 0.035900 0.015700 0.041900 0.039800 0.030400 0.027700 0.031800 0.019700 0.021700 0.046800 0.028600 0.032600
RoeDeer 0.031800 0.066100 0.026500 0.061600 0.027600 0.029800 0.029600 0.034300 0.022300 0.011700 0.030000 0.026500 0.029700 0.033600 0.035800 0.035800 0.022200 0.025500 0.031900 0.018300 0.044800 0.029900 0.007800 0.013700 0.032000 0.042200 0.031700 0.022300 0.035800 0.027600 0.013700 0.027600 0.033700 0.029700 0.030500 0.026200 0.036000 0.027600 0.039900 0.000000 0.013700 0.037800 0.011700 0.009700 0.026200 0.037800 0.044000 0.033700 0.035800 0.039700 0.022300 0.026300
WhiteLippe 0.025900 0.066500 0.025700 0.056400 0.021700 0.023900 0.023700 0.028400 0.021600 0.013700 0.024000 0.021700 0.027700 0.027600 0.029800 0.029800 0.022500 0.021600 0.026000 0.017700 0.039900 0.023900 0.005900 0.011700 0.026000 0.036300 0.029700 0.021700 0.029800 0.025600 0.015700 0.021600 0.030400 0.027700 0.024700 0.021600 0.030000 0.021600 0.035900 0.013700 0.000000 0.031800 0.013700 0.007800 0.021600 0.029800 0.040000 0.027700 0.029800 0.033700 0.021700 0.025600
ThomsonGaz 0.016200 0.076000 0.030900 0.067600 0.009800 0.013800 0.011700 0.007800 0.026600 0.037900 0.011900 0.026600 0.015700 0.015600 0.017700 0.005900 0.034700 0.033700 0.013800 0.022600 0.020300 0.011900 0.029800 0.039900 0.013900 0.007800 0.017700 0.026600 0.005900 0.032800 0.040000 0.013700 0.036400 0.015700 0.017700 0.026400 0.014200 0.011700 0.015700 0.037800 0.031800 0.000000 0.037800 0.035800 0.026400 0.025700 0.027700 0.015700 0.021700 0.041900 0.026600 0.030700
MuntiacusC 0.031900 0.069600 0.027700 0.064800 0.027600 0.029900 0.029700 0.034000 0.023700 0.003900 0.030000 0.027700 0.033700 0.033700 0.035800 0.035900 0.024400 0.027600 0.032000 0.019600 0.044900 0.030000 0.007800 0.013700 0.032100 0.042400 0.035800 0.023700 0.035800 0.027600 0.005900 0.027600 0.036400 0.033700 0.030600 0.027600 0.036100 0.027600 0.041900 0.011700 0.013700 0.037800 0.000000 0.009700 0.027600 0.040700 0.044100 0.033800 0.035800 0.039800 0.023700 0.027600
WhiteTaile 0.029800 0.069300 0.025700 0.058400 0.025600 0.027800 0.027600 0.032400 0.021600 0.009800 0.028000 0.025600 0.031600 0.031500 0.033800 0.033800 0.022300 0.025500 0.029900 0.017600 0.038700 0.027900 0.005800 0.003900 0.030000 0.040300 0.033700 0.021600 0.033700 0.025600 0.011700 0.025600 0.034300 0.031600 0.028600 0.025500 0.034000 0.025600 0.039800 0.009700 0.007800 0.035800 0.009700 0.000000 0.025500 0.033800 0.041900 0.031700 0.033700 0.037600 0.021600 0.025600
Cattle 0.023700 0.068600 0.015700 0.060900 0.017600 0.021700 0.019600 0.023300 0.011700 0.027600 0.019800 0.003900 0.022000 0.023600 0.025900 0.025700 0.024100 0.023500 0.021700 0.007800 0.035700 0.019800 0.019600 0.029500 0.021800 0.032000 0.024100 0.011700 0.025700 0.019600 0.029600 0.017600 0.023600 0.022000 0.021600 0.000000 0.025800 0.017600 0.030400 0.026200 0.021600 0.026400 0.027600 0.025500 0.000000 0.033800 0.039900 0.026400 0.021700 0.027600 0.011700 0.015600
RoyalAntel 0.025800 0.075900 0.038000 0.067700 0.019700 0.023800 0.021600 0.021700 0.033800 0.040000 0.021900 0.033900 0.025700 0.025600 0.027700 0.023700 0.038800 0.033700 0.023900 0.029800 0.033700 0.021900 0.031800 0.037900 0.023900 0.030000 0.027700 0.033900 0.023700 0.039900 0.042000 0.023600 0.042400 0.025600 0.027700 0.033800 0.027900 0.021600 0.027700 0.037800 0.029800 0.025700 0.040700 0.033800 0.033800 0.000000 0.033800 0.025700 0.025700 0.046400 0.033900 0.037900
Steenbok 0.027800 0.083700 0.042100 0.072400 0.021600 0.025800 0.023600 0.023700 0.037900 0.044100 0.023900 0.040000 0.027700 0.023600 0.029800 0.021700 0.045000 0.046000 0.025800 0.033800 0.030500 0.023800 0.035900 0.046100 0.025900 0.028100 0.029700 0.038000 0.021700 0.044100 0.046200 0.025600 0.049500 0.027700 0.029700 0.039900 0.029900 0.023600 0.031800 0.044000 0.040000 0.027700 0.044100 0.041900 0.039900 0.033800 0.000000 0.027700 0.033800 0.054400 0.038000 0.042000
Impala 0.019800 0.076100 0.030900 0.071700 0.009800 0.017800 0.015700 0.011700 0.026600 0.033800 0.015800 0.026700 0.019600 0.019600 0.017700 0.017700 0.034600 0.033600 0.017800 0.022600 0.027600 0.015800 0.025700 0.035700 0.017800 0.023900 0.021600 0.026600 0.017700 0.032800 0.035800 0.013700 0.036200 0.019600 0.021600 0.026400 0.021800 0.011700 0.019700 0.033700 0.027700 0.015700 0.033800 0.031700 0.026400 0.025700 0.027700 0.000000 0.025700 0.041900 0.026600 0.030700
Klipspring 0.017800 0.074000 0.029800 0.065500 0.015700 0.015800 0.013700 0.018000 0.025700 0.035900 0.013800 0.021700 0.017700 0.013700 0.023700 0.019700 0.032500 0.031700 0.015800 0.021700 0.029700 0.013800 0.027700 0.037800 0.015900 0.025900 0.019700 0.025700 0.019700 0.029700 0.037900 0.015700 0.030000 0.017700 0.019700 0.021700 0.019800 0.017700 0.021700 0.035800 0.029800 0.021700 0.035800 0.033700 0.021700 0.025700 0.033800 0.025700 0.000000 0.039900 0.023700 0.027700
ForestMusk 0.037900 0.084600 0.035800 0.076600 0.031700 0.035900 0.033700 0.038400 0.031600 0.039800 0.033900 0.031700 0.037700 0.037700 0.031800 0.039900 0.036300 0.035600 0.035900 0.027600 0.050100 0.033900 0.031600 0.041700 0.036000 0.046300 0.039800 0.031700 0.039900 0.035700 0.041800 0.029600 0.040400 0.037700 0.035700 0.027600 0.038000 0.031600 0.046800 0.039700 0.033700 0.041900 0.039800 0.037600 0.027600 0.046400 0.054400 0.041900 0.039900 0.000000 0.031700 0.035700
Bushbuck 0.023900 0.068200 0.007800 0.059200 0.017700 0.021800 0.019700 0.023700 0.007800 0.023700 0.019900 0.011800 0.022300 0.023600 0.025800 0.025800 0.020300 0.023600 0.022000 0.003900 0.035300 0.019900 0.015700 0.025600 0.022000 0.032200 0.024400 0.007800 0.025700 0.007800 0.025700 0.017700 0.021700 0.022300 0.021700 0.011700 0.025900 0.017700 0.028600 0.022300 0.021700 0.026600 0.023700 0.021600 0.011700 0.033900 0.038000 0.026600 0.023700 0.031700 0.000000 0.007800
GreaterKud 0.027800 0.072700 0.015700 0.063300 0.021600 0.025800 0.023600 0.027900 0.007800 0.027700 0.023900 0.015700 0.026400 0.027600 0.029800 0.029800 0.024300 0.027500 0.025900 0.007800 0.039300 0.023800 0.019600 0.029600 0.025900 0.036200 0.028400 0.007800 0.029700 0.015600 0.029700 0.021600 0.025600 0.026300 0.025600 0.015600 0.029900 0.021600 0.032600 0.026300 0.025600 0.030700 0.027600 0.025600 0.015600 0.037900 0.042000 0.030700 0.027700 0.035700 0.007800 0.000000
