1
52 1
Argali 0.000000 0.719600 0.045600 0.489000 0.139600 0.000000 0.044200 0.095800 0.097500 0.206400 0.049100 0.186100 0.089400 0.277600 0.149000 0.144200 0.266200 0.266200 0.139500 0.142700 0.230500 0.049100 0.262800 0.256500 0.049100 0.189600 0.142700 0.097500 0.095500 0.097500 0.249800 0.272400 0.494500 0.190600 0.185000 0.234400 0.047600 0.233200 0.095400 0.325500 0.349400 0.143000 0.249800 0.333400 0.231200 0.187700 0.142600 0.000000 0.148300 0.440200 0.097500 0.097500
LesserMous 0.719600 0.000000 0.806400 1.434600 0.691700 0.719600 0.698800 0.717500 0.734900 0.526800 0.649400 0.780100 0.849200 0.837200 0.825400 0.815200 0.435800 0.435800 0.760100 0.780100 0.909200 0.649400 0.626100 0.605000 0.649400 0.876200 0.780100 0.734900 0.717500 0.734900 0.572400 0.834000 0.479300 0.874800 0.740000 0.948300 0.649400 0.876300 0.714100 0.614000 0.372100 0.788300 0.572400 0.539700 0.935000 0.867100 0.784900 0.719600 0.843200 0.663300 0.734900 0.734900
LesserKudu 0.045600 0.806400 0.000000 0.400300 0.184800 0.044500 0.090200 0.142700 0.046300 0.255700 0.097500 0.132400 0.042100 0.220100 0.094300 0.190900 0.316800 0.316800 0.185000 0.090600 0.275800 0.097500 0.312600 0.193700 0.097100 0.135100 0.090600 0.046300 0.142700 0.046300 0.297900 0.215500 0.546800 0.136100 0.230300 0.178100 0.097500 0.278500 0.142000 0.376500 0.403900 0.189600 0.297900 0.386100 0.175800 0.133800 0.189000 0.044500 0.093800 0.494600 0.046300 0.046300
KillerWhal 0.489000 1.434600 0.400300 0.000000 0.643500 0.489000 0.552200 0.593100 0.500100 0.604500 0.608900 0.474100 0.447900 0.663900 0.573900 0.671900 0.721700 0.721700 0.706400 0.547900 0.774900 0.608900 0.699000 0.499100 0.608900 0.550400 0.547900 0.500100 0.593100 0.500100 0.649100 0.650000 0.793500 0.617800 0.711800 0.598400 0.608900 0.723000 0.586400 0.840400 0.742400 0.662100 0.649100 0.694600 0.595900 0.607800 0.657200 0.489000 0.573000 0.749300 0.500100 0.500100
DefassaWat 0.139600 0.691700 0.184800 0.643500 0.000000 0.139600 0.184900 0.138300 0.139700 0.198400 0.094000 0.127300 0.225500 0.311000 0.189200 0.185400 0.256400 0.256400 0.178800 0.181400 0.266000 0.094000 0.253300 0.246100 0.092300 0.227300 0.181400 0.139700 0.138300 0.139700 0.239900 0.307500 0.481800 0.227000 0.222900 0.270700 0.094000 0.081800 0.137700 0.314800 0.337400 0.183100 0.239900 0.320600 0.267300 0.128900 0.182500 0.139600 0.189300 0.423100 0.139700 0.140800
Sheep 0.000000 0.719600 0.044500 0.489000 0.139600 0.000000 0.044000 0.095800 0.097500 0.206400 0.049100 0.186100 0.089400 0.277600 0.149000 0.144800 0.266200 0.266200 0.139500 0.142700 0.230500 0.047500 0.262800 0.256500 0.049100 0.189600 0.142700 0.097500 0.095800 0.097500 0.249800 0.272400 0.494500 0.190600 0.185000 0.234400 0.047500 0.233200 0.095400 0.325500 0.349400 0.143000 0.249800 0.333500 0.231200 0.187700 0.142600 0.000000 0.148300 0.440200 0.097500 0.097500
MaxwellsDu 0.044200 0.698800 0.090200 0.552200 0.184900 0.044000 0.000000 0.142500 0.144700 0.256500 0.097200 0.231300 0.132600 0.217900 0.196700 0.190900 0.259500 0.259500 0.184600 0.187500 0.275000 0.097200 0.313900 0.306400 0.097200 0.235400 0.188300 0.144700 0.143100 0.144700 0.298200 0.214200 0.484100 0.236100 0.131000 0.279700 0.097200 0.279000 0.141800 0.379700 0.340600 0.189100 0.298200 0.388300 0.276100 0.233000 0.188500 0.045500 0.195800 0.429800 0.144700 0.144700
GazellaPrz 0.095800 0.717500 0.142700 0.593100 0.138300 0.095800 0.142500 0.000000 0.095900 0.096400 0.048400 0.086900 0.185600 0.273000 0.146200 0.044900 0.148900 0.148900 0.137700 0.140100 0.128800 0.048400 0.147300 0.143200 0.048400 0.088100 0.140500 0.094300 0.000000 0.095900 0.139800 0.269200 0.357200 0.186800 0.086300 0.130900 0.048400 0.131100 0.000100 0.202200 0.215900 0.044400 0.139800 0.205900 0.129200 0.184800 0.043500 0.095800 0.146100 0.303500 0.095900 0.095900
MountainNy 0.097500 0.734900 0.046300 0.500100 0.139700 0.097500 0.144700 0.095900 0.000000 0.207000 0.049200 0.088900 0.090600 0.176300 0.047300 0.144300 0.267100 0.267100 0.139600 0.045000 0.230700 0.049200 0.263600 0.146600 0.049200 0.090500 0.045500 0.000000 0.096000 0.000000 0.250600 0.173000 0.497600 0.091000 0.185200 0.134100 0.049200 0.233500 0.095500 0.326800 0.351200 0.143100 0.250600 0.334700 0.132400 0.089600 0.142700 0.097500 0.047200 0.442200 0.000000 0.000000
MuntiacusM 0.206400 0.526800 0.255700 0.604500 0.198400 0.206400 0.256500 0.096400 0.207000 0.000000 0.157100 0.139300 0.297900 0.391600 0.260400 0.145100 0.048700 0.048700 0.247000 0.250600 0.229700 0.157100 0.048200 0.046600 0.157100 0.188700 0.250600 0.207000 0.096400 0.207000 0.044900 0.388100 0.249400 0.301000 0.185200 0.234400 0.157100 0.186800 0.095200 0.099100 0.105900 0.143000 0.047200 0.100600 0.232600 0.298400 0.142400 0.206400 0.263100 0.310600 0.207000 0.207000
goat 0.049100 0.649400 0.097500 0.608900 0.094000 0.049100 0.097200 0.048400 0.049200 0.157100 0.000000 0.140700 0.142700 0.232000 0.099900 0.097100 0.216000 0.216000 0.093900 0.095700 0.185400 0.000000 0.213300 0.207500 0.000000 0.143100 0.095700 0.049200 0.048300 0.049200 0.202200 0.228100 0.445500 0.143500 0.139800 0.188600 0.000000 0.188200 0.048200 0.275300 0.296000 0.096100 0.202200 0.281600 0.186100 0.141600 0.095800 0.049100 0.099800 0.388300 0.049200 0.049200
AfricanBuf 0.186100 0.780100 0.132400 0.474100 0.127300 0.186100 0.231300 0.086900 0.088900 0.139300 0.140700 0.000000 0.172900 0.254800 0.135500 0.130900 0.191600 0.191600 0.223500 0.129500 0.209600 0.140700 0.189500 0.088200 0.140700 0.082200 0.130200 0.088900 0.086900 0.088900 0.180200 0.251400 0.397000 0.173700 0.168400 0.122400 0.140700 0.121200 0.086400 0.244200 0.260100 0.129500 0.180200 0.248700 0.120900 0.172000 0.129200 0.186100 0.135300 0.344500 0.088900 0.088900
Topi 0.089400 0.849200 0.042100 0.447900 0.225500 0.089400 0.132600 0.185600 0.090600 0.297900 0.142700 0.172900 0.000000 0.166500 0.138800 0.233000 0.358300 0.358300 0.226300 0.042700 0.216300 0.142700 0.353600 0.235900 0.142700 0.176700 0.042700 0.090600 0.185600 0.090600 0.231500 0.253800 0.582200 0.085800 0.172800 0.218400 0.142700 0.317600 0.184900 0.416500 0.445400 0.231800 0.231500 0.427500 0.215600 0.175100 0.231100 0.087600 0.137600 0.535000 0.090600 0.090600
CommonDuik 0.277600 0.837200 0.220100 0.663900 0.311000 0.277600 0.217900 0.273000 0.176300 0.391600 0.232000 0.254800 0.166500 0.000000 0.127400 0.321200 0.396400 0.396400 0.209100 0.124600 0.298000 0.232000 0.449800 0.324900 0.232000 0.259700 0.124600 0.176300 0.273000 0.176300 0.318700 0.150900 0.623200 0.167100 0.161400 0.202300 0.232000 0.404900 0.271900 0.519300 0.486400 0.318700 0.318700 0.531000 0.200000 0.162000 0.213200 0.277600 0.223600 0.572900 0.176300 0.176300
Suni 0.149000 0.825400 0.094300 0.573900 0.189200 0.149000 0.196700 0.146200 0.047300 0.260400 0.099900 0.135500 0.138800 0.127400 0.000000 0.195700 0.325400 0.325400 0.089300 0.092700 0.282200 0.099900 0.321000 0.198400 0.099900 0.138000 0.092700 0.047300 0.146200 0.047300 0.303400 0.220400 0.562400 0.139400 0.236000 0.085500 0.099900 0.285400 0.144300 0.386700 0.415700 0.194100 0.303400 0.397200 0.084900 0.043100 0.091200 0.149000 0.096000 0.509100 0.047300 0.047300
Springbuck 0.144200 0.815200 0.190900 0.671900 0.185400 0.144800 0.190900 0.044900 0.144300 0.145100 0.097100 0.130900 0.233000 0.321200 0.195700 0.000000 0.199800 0.199800 0.184400 0.187400 0.172500 0.097100 0.197300 0.191900 0.097100 0.132600 0.187400 0.145000 0.044900 0.144300 0.187100 0.317100 0.413700 0.234600 0.130000 0.175400 0.097100 0.175500 0.044600 0.254600 0.271900 0.089100 0.187100 0.258900 0.173100 0.232200 0.088800 0.144200 0.195500 0.357600 0.144300 0.144300
Okapi 0.266200 0.435800 0.316800 0.721700 0.256400 0.266200 0.259500 0.148900 0.267100 0.048700 0.216000 0.191600 0.358300 0.396400 0.325400 0.199800 0.000000 0.000000 0.306200 0.310000 0.284000 0.216000 0.099400 0.096100 0.216000 0.243200 0.310000 0.267100 0.148900 0.267100 0.093700 0.393600 0.195600 0.362400 0.187300 0.290000 0.216000 0.241100 0.148300 0.154200 0.052000 0.196500 0.093700 0.155800 0.285900 0.360000 0.195700 0.266200 0.326200 0.252200 0.267100 0.267100
Giraffe 0.266200 0.435800 0.316800 0.721700 0.256400 0.266200 0.259500 0.148900 0.267100 0.048700 0.216000 0.191600 0.358300 0.396400 0.325400 0.199800 0.000000 0.000000 0.306100 0.310000 0.284000 0.216000 0.099400 0.095700 0.216000 0.243200 0.310000 0.267100 0.148900 0.267100 0.093700 0.393600 0.195600 0.362400 0.187300 0.290000 0.216000 0.241100 0.148300 0.153800 0.052000 0.196500 0.093700 0.155800 0.285900 0.360000 0.195700 0.266200 0.326200 0.252200 0.267100 0.265400
TibetanAnt 0.139500 0.760100 0.185000 0.706400 0.178800 0.139500 0.184600 0.137700 0.139600 0.247000 0.093900 0.223500 0.226300 0.209100 0.089300 0.184400 0.306200 0.306100 0.000000 0.181700 0.265500 0.093800 0.301900 0.294900 0.093600 0.227000 0.181700 0.139600 0.137700 0.139600 0.287300 0.306200 0.529800 0.227600 0.222100 0.169700 0.093800 0.269400 0.137100 0.364500 0.390200 0.183000 0.287300 0.372100 0.167500 0.127200 0.084900 0.139500 0.188800 0.475000 0.139600 0.139600
Sitatunga 0.142700 0.780100 0.090600 0.547900 0.181400 0.142700 0.187500 0.140100 0.045000 0.250600 0.095700 0.129500 0.042700 0.124600 0.092700 0.187400 0.310000 0.310000 0.181700 0.000000 0.173100 0.095700 0.306000 0.190000 0.095700 0.132800 0.000000 0.045500 0.140100 0.045500 0.186300 0.211800 0.534000 0.042900 0.129900 0.175100 0.095700 0.273300 0.139500 0.368200 0.394300 0.186100 0.186300 0.377400 0.172900 0.131600 0.185600 0.142700 0.092200 0.483300 0.045500 0.045500
Oribi 0.230500 0.909200 0.275800 0.774900 0.266000 0.230500 0.275000 0.128800 0.230700 0.229700 0.185400 0.209600 0.216300 0.298000 0.282200 0.172500 0.284000 0.284000 0.265500 0.173100 0.000000 0.185400 0.280900 0.274600 0.185400 0.121200 0.173100 0.230700 0.127500 0.230700 0.171500 0.393500 0.491200 0.217400 0.120100 0.253800 0.185400 0.252900 0.128800 0.337600 0.359000 0.081200 0.171500 0.344200 0.250500 0.313400 0.170600 0.230500 0.281000 0.440600 0.230700 0.230700
BarbaryShe 0.049100 0.649400 0.097500 0.608900 0.094000 0.047500 0.097200 0.048400 0.049200 0.157100 0.000000 0.140700 0.142700 0.232000 0.099900 0.097100 0.216000 0.216000 0.093800 0.095700 0.185400 0.000000 0.213300 0.207500 0.000000 0.143100 0.095700 0.047600 0.048400 0.049200 0.202200 0.228100 0.445500 0.143500 0.139800 0.188600 0.000000 0.188200 0.048200 0.275300 0.296000 0.096100 0.202200 0.281600 0.186100 0.141600 0.095800 0.047700 0.099800 0.388300 0.047600 0.049200
Daviddeer 0.262800 0.626100 0.312600 0.699000 0.253300 0.262800 0.313900 0.147300 0.263600 0.048200 0.213300 0.189500 0.353600 0.449800 0.321000 0.197300 0.099400 0.099400 0.301900 0.306000 0.280900 0.213300 0.000000 0.095100 0.213300 0.240400 0.306000 0.263600 0.147300 0.263600 0.092800 0.446100 0.306200 0.357300 0.235900 0.286200 0.213300 0.238200 0.146600 0.152100 0.162300 0.194300 0.092800 0.154100 0.282300 0.355100 0.193500 0.262800 0.321900 0.370500 0.263600 0.263600
Reindeer 0.256500 0.605000 0.193700 0.499100 0.246100 0.256500 0.306400 0.143200 0.146600 0.046600 0.207500 0.088200 0.235900 0.324900 0.198400 0.191900 0.096100 0.095700 0.294900 0.190000 0.274600 0.207500 0.095100 0.000000 0.207500 0.134600 0.190000 0.146600 0.143200 0.146600 0.090100 0.321200 0.295700 0.237700 0.230300 0.178000 0.207500 0.232100 0.142600 0.146700 0.156400 0.189400 0.090100 0.149100 0.175700 0.235500 0.188700 0.256500 0.198500 0.360400 0.146600 0.146600
Ibex 0.049100 0.649400 0.097100 0.608900 0.092300 0.049100 0.097200 0.048400 0.049200 0.157100 0.000000 0.140700 0.142700 0.232000 0.099900 0.097100 0.216000 0.216000 0.093600 0.095700 0.185400 0.000000 0.213300 0.207500 0.000000 0.143100 0.095700 0.049200 0.047300 0.049200 0.202200 0.228100 0.445500 0.143500 0.139800 0.188600 0.000000 0.188200 0.048200 0.275300 0.296000 0.096100 0.202200 0.281600 0.186100 0.141600 0.095800 0.049100 0.099800 0.388300 0.047600 0.049200
GyrantGaze 0.189600 0.876200 0.135100 0.550400 0.227300 0.189600 0.235400 0.088100 0.090500 0.188700 0.143100 0.082200 0.176700 0.259700 0.138000 0.132600 0.243200 0.243200 0.227000 0.132800 0.121200 0.143100 0.240400 0.134600 0.143100 0.000000 0.132800 0.090500 0.088100 0.090500 0.229300 0.254900 0.452500 0.177500 0.170800 0.124200 0.143100 0.215500 0.088100 0.297100 0.316600 0.041200 0.229300 0.303400 0.122700 0.175000 0.131400 0.189600 0.137600 0.401800 0.090500 0.090500
Hartebeest 0.142700 0.780100 0.090600 0.547900 0.181400 0.142700 0.188300 0.140500 0.045500 0.250600 0.095700 0.130200 0.042700 0.124600 0.092700 0.187400 0.310000 0.310000 0.181700 0.000000 0.173100 0.095700 0.306000 0.190000 0.095700 0.132800 0.000000 0.045500 0.140100 0.044600 0.186300 0.211800 0.534000 0.042500 0.129900 0.175100 0.095700 0.273300 0.139500 0.368200 0.394300 0.186100 0.186300 0.377400 0.172900 0.131600 0.185600 0.142700 0.092200 0.483300 0.045500 0.045500
Bongo 0.097500 0.734900 0.046300 0.500100 0.139700 0.097500 0.144700 0.094300 0.000000 0.207000 0.049200 0.088900 0.090600 0.176300 0.047300 0.145000 0.267100 0.267100 0.139600 0.045500 0.230700 0.047600 0.263600 0.146600 0.049200 0.090500 0.045500 0.000000 0.095900 0.000000 0.250600 0.173000 0.497600 0.091000 0.184700 0.134100 0.049200 0.233500 0.095500 0.326800 0.351200 0.143100 0.250600 0.334700 0.132400 0.089600 0.142700 0.097500 0.046200 0.442200 0.000000 0.000000
Gerenuk 0.095500 0.717500 0.142700 0.593100 0.138300 0.095800 0.143100 0.000000 0.096000 0.096400 0.048300 0.086900 0.185600 0.273000 0.146200 0.044900 0.148900 0.148900 0.137700 0.140100 0.127500 0.048400 0.147300 0.143200 0.047300 0.088100 0.140100 0.095900 0.000000 0.095900 0.139800 0.269200 0.357200 0.186800 0.086300 0.130900 0.048400 0.130900 0.000100 0.202200 0.215900 0.043900 0.139800 0.205900 0.129200 0.184800 0.044300 0.095800 0.146100 0.303500 0.095900 0.095900
CommonElan 0.097500 0.734900 0.046300 0.500100 0.139700 0.097500 0.144700 0.095900 0.000000 0.207000 0.049200 0.088900 0.090600 0.176300 0.047300 0.144300 0.267100 0.267100 0.139600 0.045500 0.230700 0.049200 0.263600 0.146600 0.049200 0.090500 0.044600 0.000000 0.095900 0.000000 0.250600 0.173000 0.497600 0.091000 0.185200 0.134100 0.049200 0.233500 0.095500 0.326800 0.351200 0.143100 0.250600 0.334700 0.132400 0.089600 0.142700 0.097500 0.047200 0.442200 0.000000 0.000000
MuntiacusR 0.249800 0.572400 0.297900 0.649100 0.239900 0.249800 0.298200 0.139800 0.250600 0.044900 0.202200 0.180200 0.231500 0.318700 0.303400 0.187100 0.093700 0.093700 0.287300 0.186300 0.171500 0.202200 0.092800 0.090100 0.202200 0.229300 0.186300 0.250600 0.139800 0.250600 0.000000 0.424400 0.287800 0.233300 0.129300 0.273400 0.202200 0.226400 0.138100 0.142900 0.152200 0.184900 0.000000 0.145200 0.271300 0.338100 0.184100 0.249800 0.305400 0.350400 0.250600 0.250600
HarveysDui 0.272400 0.834000 0.215500 0.650000 0.307500 0.272400 0.214200 0.269200 0.173000 0.388100 0.228100 0.251400 0.253800 0.150900 0.220400 0.317100 0.393600 0.393600 0.306200 0.211800 0.393500 0.228100 0.446100 0.321200 0.228100 0.254900 0.211800 0.173000 0.269200 0.173000 0.424400 0.000000 0.622800 0.255200 0.248800 0.295700 0.228100 0.400300 0.268200 0.517300 0.484600 0.313600 0.424400 0.527000 0.292200 0.252600 0.312500 0.272400 0.219500 0.566500 0.173000 0.173000
Pronghorn 0.494500 0.479300 0.546800 0.793500 0.481800 0.494500 0.484100 0.357200 0.497600 0.249400 0.445500 0.397000 0.582200 0.623200 0.562400 0.413700 0.195600 0.195600 0.529800 0.534000 0.491200 0.445500 0.306200 0.295700 0.445500 0.452500 0.534000 0.497600 0.357200 0.497600 0.287800 0.622800 0.000000 0.592200 0.386600 0.502400 0.445500 0.453800 0.357100 0.374800 0.149900 0.404900 0.287800 0.249700 0.495400 0.590500 0.402600 0.494500 0.565200 0.341400 0.497600 0.497600
BlueWildeb 0.190600 0.874800 0.136100 0.617800 0.227000 0.190600 0.236100 0.186800 0.091000 0.301000 0.143500 0.173700 0.085800 0.167100 0.139400 0.234600 0.362400 0.362400 0.227600 0.042900 0.217400 0.143500 0.357300 0.237700 0.143500 0.177500 0.042500 0.091000 0.186800 0.091000 0.233300 0.255200 0.592200 0.000000 0.173700 0.219500 0.143500 0.320000 0.186200 0.421900 0.452100 0.233200 0.233300 0.432900 0.216700 0.175900 0.232500 0.190600 0.138200 0.542200 0.091000 0.091000
Gemsbok 0.185000 0.740000 0.230300 0.711800 0.222900 0.185000 0.131000 0.086300 0.185200 0.185200 0.139800 0.168400 0.172800 0.161400 0.236000 0.130000 0.187300 0.187300 0.222100 0.129900 0.120100 0.139800 0.235900 0.230300 0.139800 0.170800 0.129900 0.184700 0.086300 0.185200 0.129300 0.248800 0.386600 0.173700 0.000000 0.211900 0.139800 0.211700 0.085900 0.292200 0.253500 0.128800 0.129300 0.297600 0.209100 0.269200 0.128500 0.185000 0.234900 0.336300 0.185200 0.185200
Yak 0.234400 0.948300 0.178100 0.598400 0.270700 0.234400 0.279700 0.130900 0.134100 0.234400 0.188600 0.122400 0.218400 0.202300 0.085500 0.175400 0.290000 0.290000 0.169700 0.175100 0.253800 0.188600 0.286200 0.178000 0.188600 0.124200 0.175100 0.134100 0.130900 0.134100 0.273400 0.295700 0.502400 0.219500 0.211900 0.000000 0.188600 0.257100 0.129400 0.344800 0.367300 0.173800 0.273400 0.353000 0.000100 0.122800 0.082000 0.234400 0.181400 0.449900 0.134100 0.134100
BlueSheep 0.047600 0.649400 0.097500 0.608900 0.094000 0.047500 0.097200 0.048400 0.049200 0.157100 0.000000 0.140700 0.142700 0.232000 0.099900 0.097100 0.216000 0.216000 0.093800 0.095700 0.185400 0.000000 0.213300 0.207500 0.000000 0.143100 0.095700 0.049200 0.048400 0.049200 0.202200 0.228100 0.445500 0.143500 0.139800 0.188600 0.000000 0.188200 0.048200 0.275300 0.296000 0.096100 0.202200 0.281600 0.186100 0.141600 0.095800 0.049100 0.099800 0.388300 0.049200 0.049200
BohorReedb 0.233200 0.876300 0.278500 0.723000 0.081800 0.233200 0.279000 0.131100 0.233500 0.186800 0.188200 0.121200 0.317600 0.404900 0.285400 0.175500 0.241100 0.241100 0.269400 0.273300 0.252900 0.188200 0.238200 0.232100 0.188200 0.215500 0.273300 0.233500 0.130900 0.233500 0.226400 0.400300 0.453800 0.320000 0.211700 0.257100 0.188200 0.000000 0.130200 0.295900 0.315300 0.173400 0.226400 0.300900 0.254000 0.216000 0.172900 0.233200 0.284600 0.398200 0.233500 0.233500
KirksDik 0.095400 0.714100 0.142000 0.586400 0.137700 0.095400 0.141800 0.000100 0.095500 0.095200 0.048200 0.086400 0.184900 0.271900 0.144300 0.044600 0.148300 0.148300 0.137100 0.139500 0.128800 0.048200 0.146600 0.142600 0.048200 0.088100 0.139500 0.095500 0.000100 0.095500 0.138100 0.268200 0.357100 0.186200 0.085900 0.129400 0.048200 0.130200 0.000000 0.201200 0.215400 0.044400 0.138100 0.205200 0.128500 0.184000 0.044000 0.095400 0.145500 0.303200 0.095500 0.095500
RoeDeer 0.325500 0.614000 0.376500 0.840400 0.314800 0.325500 0.379700 0.202200 0.326800 0.099100 0.275300 0.244200 0.416500 0.519300 0.386700 0.254600 0.154200 0.153800 0.364500 0.368200 0.337600 0.275300 0.152100 0.146700 0.275300 0.297100 0.368200 0.326800 0.202200 0.326800 0.142900 0.517300 0.374800 0.421900 0.292200 0.344800 0.275300 0.295900 0.201200 0.000000 0.225100 0.250000 0.142900 0.212500 0.340000 0.420000 0.248900 0.325500 0.388800 0.443200 0.326800 0.326800
WhiteLippe 0.349400 0.372100 0.403900 0.742400 0.337400 0.349400 0.340600 0.215900 0.351200 0.105900 0.296000 0.260100 0.445400 0.486400 0.415700 0.271900 0.052000 0.052000 0.390200 0.394300 0.359000 0.296000 0.162300 0.156400 0.296000 0.316600 0.394300 0.351200 0.215900 0.351200 0.152200 0.484600 0.149900 0.452100 0.253500 0.367300 0.296000 0.315300 0.215400 0.225100 0.000000 0.266600 0.152200 0.105900 0.361800 0.449900 0.265300 0.349400 0.417900 0.204900 0.351200 0.351200
ThomsonGaz 0.143000 0.788300 0.189600 0.662100 0.183100 0.143000 0.189100 0.044400 0.143100 0.143000 0.096100 0.129500 0.231800 0.318700 0.194100 0.089100 0.196500 0.196500 0.183000 0.186100 0.081200 0.096100 0.194300 0.189400 0.096100 0.041200 0.186100 0.143100 0.043900 0.143100 0.184900 0.313600 0.404900 0.233200 0.128800 0.173800 0.096100 0.173400 0.044400 0.250000 0.266600 0.000000 0.184900 0.255000 0.171600 0.230300 0.088100 0.143000 0.193600 0.352700 0.143100 0.143100
MuntiacusC 0.249800 0.572400 0.297900 0.649100 0.239900 0.249800 0.298200 0.139800 0.250600 0.047200 0.202200 0.180200 0.231500 0.318700 0.303400 0.187100 0.093700 0.093700 0.287300 0.186300 0.171500 0.202200 0.092800 0.090100 0.202200 0.229300 0.186300 0.250600 0.139800 0.250600 0.000000 0.424400 0.287800 0.233300 0.129300 0.273400 0.202200 0.226400 0.138100 0.142900 0.152200 0.184900 0.000000 0.145200 0.271300 0.338100 0.184100 0.249800 0.305400 0.350400 0.250600 0.250600
WhiteTaile 0.333400 0.539700 0.386100 0.694600 0.320600 0.333500 0.388300 0.205900 0.334700 0.100600 0.281600 0.248700 0.427500 0.531000 0.397200 0.258900 0.155800 0.155800 0.372100 0.377400 0.344200 0.281600 0.154100 0.149100 0.281600 0.303400 0.377400 0.334700 0.205900 0.334700 0.145200 0.527000 0.249700 0.432900 0.297600 0.353000 0.281600 0.300900 0.205200 0.212500 0.105900 0.255000 0.145200 0.000000 0.346300 0.429500 0.253900 0.333400 0.397300 0.311300 0.334700 0.334700
Cattle 0.231200 0.935000 0.175800 0.595900 0.267300 0.231200 0.276100 0.129200 0.132400 0.232600 0.186100 0.120900 0.215600 0.200000 0.084900 0.173100 0.285900 0.285900 0.167500 0.172900 0.250500 0.186100 0.282300 0.175700 0.186100 0.122700 0.172900 0.132400 0.129200 0.132400 0.271300 0.292200 0.495400 0.216700 0.209100 0.000100 0.186100 0.254000 0.128500 0.340000 0.361800 0.171600 0.271300 0.346300 0.000000 0.121400 0.081000 0.231200 0.179100 0.443500 0.132400 0.132400
RoyalAntel 0.187700 0.867100 0.133800 0.607800 0.128900 0.187700 0.233000 0.184800 0.089600 0.298400 0.141600 0.172000 0.175100 0.162000 0.043100 0.232200 0.360000 0.360000 0.127200 0.131600 0.313400 0.141600 0.355100 0.235500 0.141600 0.175000 0.131600 0.089600 0.184800 0.089600 0.338100 0.252600 0.590500 0.175900 0.269200 0.122800 0.141600 0.216000 0.184000 0.420000 0.449900 0.230300 0.338100 0.429500 0.121400 0.000000 0.129700 0.187700 0.136400 0.536600 0.089600 0.089600
Steenbok 0.142600 0.784900 0.189000 0.657200 0.182500 0.142600 0.188500 0.043500 0.142700 0.142400 0.095800 0.129200 0.231100 0.213200 0.091200 0.088800 0.195700 0.195700 0.084900 0.185600 0.170600 0.095800 0.193500 0.188700 0.095800 0.131400 0.185600 0.142700 0.044300 0.142700 0.184100 0.312500 0.402600 0.232500 0.128500 0.082000 0.095800 0.172900 0.044000 0.248900 0.265300 0.088100 0.184100 0.253900 0.081000 0.129700 0.000000 0.142600 0.193000 0.351100 0.142700 0.142700
Impala 0.000000 0.719600 0.044500 0.489000 0.139600 0.000000 0.045500 0.095800 0.097500 0.206400 0.049100 0.186100 0.087600 0.277600 0.149000 0.144200 0.266200 0.266200 0.139500 0.142700 0.230500 0.047700 0.262800 0.256500 0.049100 0.189600 0.142700 0.097500 0.095800 0.097500 0.249800 0.272400 0.494500 0.190600 0.185000 0.234400 0.049100 0.233200 0.095400 0.325500 0.349400 0.143000 0.249800 0.333400 0.231200 0.187700 0.142600 0.000000 0.148300 0.440200 0.097500 0.097500
Klipspring 0.148300 0.843200 0.093800 0.573000 0.189300 0.148300 0.195800 0.146100 0.047200 0.263100 0.099800 0.135300 0.137600 0.223600 0.096000 0.195500 0.326200 0.326200 0.188800 0.092200 0.281000 0.099800 0.321900 0.198500 0.099800 0.137600 0.092200 0.046200 0.146100 0.047200 0.305400 0.219500 0.565200 0.138200 0.234900 0.181400 0.099800 0.284600 0.145500 0.388800 0.417900 0.193600 0.305400 0.397300 0.179100 0.136400 0.193000 0.148300 0.000000 0.506700 0.047200 0.047200
ForestMusk 0.440200 0.663300 0.494600 0.749300 0.423100 0.440200 0.429800 0.303500 0.442200 0.310600 0.388300 0.344500 0.535000 0.572900 0.509100 0.357600 0.252200 0.252200 0.475000 0.483300 0.440600 0.388300 0.370500 0.360400 0.388300 0.401800 0.483300 0.442200 0.303500 0.442200 0.350400 0.566500 0.341400 0.542200 0.336300 0.449900 0.388300 0.398200 0.303200 0.443200 0.204900 0.352700 0.350400 0.311300 0.443500 0.536600 0.351100 0.440200 0.506700 0.000000 0.442200 0.442200
Bushbuck 0.097500 0.734900 0.046300 0.500100 0.139700 0.097500 0.144700 0.095900 0.000000 0.207000 0.049200 0.088900 0.090600 0.176300 0.047300 0.144300 0.267100 0.267100 0.139600 0.045500 0.230700 0.047600 0.263600 0.146600 0.047600 0.090500 0.045500 0.000000 0.095900 0.000000 0.250600 0.173000 0.497600 0.091000 0.185200 0.134100 0.049200 0.233500 0.095500 0.326800 0.351200 0.143100 0.250600 0.334700 0.132400 0.089600 0.142700 0.097500 0.047200 0.442200 0.000000 0.000000
GreaterKud 0.097500 0.734900 0.046300 0.500100 0.140800 0.097500 0.144700 0.095900 0.000000 0.207000 0.049200 0.088900 0.090600 0.176300 0.047300 0.144300 0.267100 0.265400 0.139600 0.045500 0.230700 0.049200 0.263600 0.146600 0.049200 0.090500 0.045500 0.000000 0.095900 0.000000 0.250600 0.173000 0.497600 0.091000 0.185200 0.134100 0.049200 0.233500 0.095500 0.326800 0.351200 0.143100 0.250600 0.334700 0.132400 0.089600 0.142700 0.097500 0.047200 0.442200 0.000000 0.000000
