1
52 1
Argali 0.000000 0.040600 0.014800 0.032700 0.009000 0.001000 0.014000 0.017000 0.014800 0.018200 0.001300 0.015400 0.004800 0.012600 0.016100 0.014400 0.019700 0.018400 0.002900 0.014200 0.011100 0.001000 0.017300 0.021500 0.001000 0.014700 0.004500 0.014200 0.013100 0.015500 0.018600 0.011600 0.019100 0.006400 0.006700 0.014500 0.001900 0.009900 0.013100 0.019700 0.016700 0.015700 0.018300 0.020500 0.014200 0.010000 0.015100 0.012500 0.011500 0.011900 0.015500 0.015500
LesserMous 0.040600 0.000000 0.043300 0.037500 0.043400 0.040900 0.046300 0.048100 0.044000 0.038000 0.041700 0.045200 0.043400 0.045500 0.046100 0.046900 0.042600 0.039500 0.041600 0.043300 0.045300 0.041200 0.036400 0.041300 0.041300 0.046500 0.043000 0.043300 0.045700 0.044300 0.038700 0.045700 0.038600 0.044400 0.045000 0.041600 0.041900 0.043700 0.046400 0.040200 0.036400 0.046200 0.038700 0.041000 0.041200 0.044700 0.048500 0.041500 0.044300 0.036500 0.044300 0.044300
LesserKudu 0.014800 0.043300 0.000000 0.036400 0.019700 0.014800 0.022400 0.024500 0.001900 0.020500 0.014800 0.010900 0.015500 0.020300 0.023300 0.022300 0.022600 0.019000 0.015800 0.001300 0.019900 0.014500 0.020300 0.022800 0.014500 0.021000 0.015800 0.001300 0.020700 0.002500 0.021500 0.020000 0.023900 0.017100 0.017700 0.010600 0.015100 0.021000 0.020900 0.021900 0.020300 0.022700 0.021200 0.022800 0.010300 0.019400 0.023900 0.018400 0.020900 0.014500 0.002500 0.002600
KillerWhal 0.032700 0.037500 0.036400 0.000000 0.037300 0.032300 0.039100 0.041900 0.036400 0.032900 0.032700 0.036900 0.033700 0.038100 0.037800 0.035000 0.035600 0.032900 0.033000 0.035700 0.035200 0.032300 0.032200 0.036500 0.032400 0.035600 0.034000 0.035700 0.035300 0.037100 0.033600 0.037700 0.032900 0.035400 0.035900 0.035000 0.032600 0.038400 0.038300 0.033900 0.030900 0.037300 0.033600 0.035500 0.034700 0.037400 0.038800 0.031300 0.037600 0.029700 0.037000 0.036700
DefassaWat 0.009000 0.043400 0.019700 0.037300 0.000000 0.008300 0.016400 0.019600 0.019700 0.019900 0.009000 0.018300 0.011200 0.014800 0.018700 0.018300 0.021600 0.020900 0.009300 0.019000 0.015000 0.008600 0.019600 0.023100 0.008700 0.018600 0.010900 0.019000 0.017000 0.020300 0.020600 0.013500 0.021300 0.012800 0.012500 0.018100 0.009300 0.003500 0.017000 0.021300 0.019000 0.019600 0.019900 0.022900 0.017800 0.013800 0.018400 0.016400 0.013800 0.015400 0.020300 0.020300
Sheep 0.001000 0.040900 0.014800 0.032300 0.008300 0.000000 0.013300 0.016400 0.014800 0.018200 0.001000 0.014800 0.004500 0.011900 0.016100 0.013700 0.019600 0.018400 0.002600 0.014200 0.010500 0.000600 0.017300 0.021500 0.000600 0.014100 0.004200 0.014200 0.012400 0.015500 0.018600 0.010900 0.019100 0.006100 0.006400 0.013900 0.001000 0.009300 0.012400 0.019700 0.016700 0.015000 0.018200 0.020500 0.013500 0.009400 0.014500 0.012500 0.011200 0.011900 0.015400 0.015500
MaxwellsDu 0.014000 0.046300 0.022400 0.039100 0.016400 0.013300 0.000000 0.023000 0.022400 0.023200 0.013400 0.021100 0.013600 0.009600 0.022400 0.020000 0.025700 0.023600 0.013600 0.021800 0.017400 0.013000 0.023900 0.026900 0.013000 0.019100 0.013900 0.021800 0.019400 0.023100 0.023200 0.008000 0.026000 0.015200 0.015500 0.020500 0.013600 0.017400 0.019500 0.025300 0.022700 0.020700 0.023200 0.026500 0.020200 0.015900 0.021400 0.018800 0.018100 0.018500 0.023100 0.023100
GazellaPrz 0.017000 0.048100 0.024500 0.041900 0.019600 0.016400 0.023000 0.000000 0.024500 0.027200 0.016400 0.024800 0.018000 0.021600 0.025600 0.012200 0.028100 0.027400 0.017300 0.023800 0.009000 0.016000 0.026700 0.030200 0.016000 0.012500 0.018300 0.023800 0.010900 0.025200 0.027600 0.021500 0.030800 0.019600 0.020200 0.024100 0.016700 0.020600 0.009900 0.028800 0.026000 0.012200 0.027200 0.029000 0.023800 0.020600 0.012500 0.022500 0.019600 0.022600 0.025100 0.025200
MountainNy 0.014800 0.044000 0.001900 0.036400 0.019700 0.014800 0.022400 0.024500 0.000000 0.021200 0.014800 0.010900 0.015500 0.020300 0.023300 0.023000 0.022000 0.019600 0.015800 0.000600 0.020000 0.014500 0.020900 0.023500 0.014500 0.021700 0.015800 0.000600 0.020700 0.001300 0.022200 0.020000 0.023900 0.017100 0.017700 0.010600 0.015100 0.021000 0.021600 0.022600 0.021000 0.023300 0.021900 0.023200 0.010300 0.020100 0.024000 0.018400 0.021000 0.015100 0.001300 0.001300
MuntiacusM 0.018200 0.038000 0.020500 0.032900 0.019900 0.018200 0.023200 0.027200 0.021200 0.000000 0.018300 0.022100 0.019200 0.021800 0.023800 0.024700 0.023500 0.022100 0.018600 0.020600 0.022700 0.017900 0.007600 0.010100 0.017900 0.024400 0.019500 0.020600 0.024100 0.021900 0.001300 0.021800 0.020900 0.020900 0.020800 0.019900 0.018600 0.020500 0.024000 0.008800 0.006900 0.026000 0.000600 0.010700 0.019600 0.021500 0.026400 0.018500 0.021400 0.014000 0.021900 0.021200
goat 0.001300 0.041700 0.014800 0.032700 0.009000 0.001000 0.013400 0.016400 0.014800 0.018300 0.000000 0.014800 0.004200 0.011300 0.016100 0.013700 0.019700 0.018400 0.002200 0.014200 0.010500 0.000300 0.017300 0.021500 0.000300 0.014100 0.004500 0.014200 0.012400 0.015500 0.018600 0.011000 0.019800 0.005800 0.006100 0.013900 0.001300 0.010000 0.012400 0.019700 0.016700 0.015000 0.018300 0.020500 0.013500 0.009300 0.014500 0.012500 0.011200 0.011900 0.015400 0.015500
AfricanBuf 0.015400 0.045200 0.010900 0.036900 0.018300 0.014800 0.021100 0.024800 0.010900 0.022100 0.014800 0.000000 0.015400 0.018700 0.022000 0.022300 0.022200 0.020900 0.015100 0.010200 0.019300 0.014400 0.021800 0.023000 0.014500 0.022300 0.015800 0.010200 0.020600 0.011500 0.022400 0.018700 0.023500 0.017100 0.017000 0.007400 0.015100 0.020300 0.021600 0.022200 0.021200 0.023300 0.022100 0.022800 0.007100 0.017700 0.023600 0.018400 0.019600 0.015700 0.011500 0.011500
Topi 0.004800 0.043400 0.015500 0.033700 0.011200 0.004500 0.013600 0.018000 0.015500 0.019200 0.004200 0.015400 0.000000 0.012300 0.017800 0.015400 0.021300 0.019300 0.005100 0.014800 0.012100 0.003800 0.018900 0.022800 0.003800 0.015000 0.000300 0.014800 0.014100 0.016100 0.020200 0.011300 0.020000 0.002200 0.004500 0.015800 0.004800 0.012200 0.014100 0.020700 0.018300 0.016700 0.019900 0.021600 0.015500 0.011400 0.016100 0.013500 0.013500 0.013500 0.016100 0.016100
CommonDuik 0.012600 0.045500 0.020300 0.038100 0.014800 0.011900 0.009600 0.021600 0.020300 0.021800 0.011300 0.018700 0.012300 0.000000 0.021000 0.019600 0.024600 0.022600 0.012200 0.019700 0.016400 0.011600 0.022500 0.024800 0.011600 0.018700 0.012500 0.019700 0.018300 0.021000 0.021800 0.006100 0.024500 0.013800 0.014800 0.018500 0.012200 0.016400 0.018700 0.023800 0.021300 0.020000 0.021800 0.025100 0.018100 0.015500 0.020700 0.017400 0.016400 0.016800 0.021000 0.021000
Suni 0.016100 0.046100 0.023300 0.037800 0.018700 0.016100 0.022400 0.025600 0.023300 0.023800 0.016100 0.022000 0.017800 0.021000 0.000000 0.023000 0.026000 0.024600 0.016400 0.022700 0.020400 0.015800 0.022200 0.027100 0.015800 0.024000 0.018100 0.022700 0.022300 0.024000 0.024200 0.020700 0.022400 0.019400 0.019100 0.020100 0.016400 0.019800 0.022300 0.024600 0.022200 0.025000 0.023800 0.026100 0.019800 0.020100 0.024300 0.015000 0.021600 0.017400 0.023400 0.024000
Springbuck 0.014400 0.046900 0.022300 0.035000 0.018300 0.013700 0.020000 0.012200 0.023000 0.024700 0.013700 0.022300 0.015400 0.019600 0.023000 0.000000 0.026900 0.025600 0.014700 0.022300 0.006100 0.013400 0.023800 0.028000 0.013400 0.004500 0.015700 0.022300 0.003800 0.023600 0.025100 0.019000 0.027200 0.016400 0.018000 0.021900 0.014100 0.019300 0.008700 0.026200 0.023200 0.005400 0.024700 0.026500 0.021500 0.017000 0.011600 0.019900 0.017900 0.019100 0.023600 0.023700
Okapi 0.019700 0.042600 0.022600 0.035600 0.021600 0.019600 0.025700 0.028100 0.022000 0.023500 0.019700 0.022200 0.021300 0.024600 0.026000 0.026900 0.000000 0.007000 0.019300 0.021300 0.024100 0.019300 0.022900 0.026400 0.019400 0.026500 0.021600 0.021300 0.026200 0.022600 0.024100 0.024200 0.020600 0.022900 0.022200 0.021300 0.020000 0.023200 0.026100 0.024300 0.023000 0.027600 0.024100 0.026900 0.021000 0.023900 0.027200 0.021300 0.025200 0.017400 0.022600 0.022700
Giraffe 0.018400 0.039500 0.019000 0.032900 0.020900 0.018400 0.023600 0.027400 0.019600 0.022100 0.018400 0.020900 0.019300 0.022600 0.024600 0.025600 0.007000 0.000000 0.018000 0.019000 0.023500 0.018000 0.021000 0.025700 0.018100 0.025200 0.019600 0.019000 0.025500 0.020300 0.022800 0.022200 0.020900 0.021000 0.020300 0.019300 0.018700 0.022600 0.024500 0.022900 0.021700 0.026300 0.022800 0.025500 0.019000 0.022600 0.026500 0.018700 0.024500 0.015500 0.020300 0.020300
TibetanAnt 0.002900 0.041600 0.015800 0.033000 0.009300 0.002600 0.013600 0.017300 0.015800 0.018600 0.002200 0.015100 0.005100 0.012200 0.016400 0.014700 0.019300 0.018000 0.000000 0.015100 0.011500 0.001900 0.017600 0.021100 0.001900 0.015000 0.005400 0.015100 0.013400 0.016400 0.018900 0.011200 0.019400 0.006700 0.006400 0.014200 0.002900 0.010900 0.013400 0.020000 0.017000 0.016000 0.018600 0.020900 0.013900 0.009600 0.014800 0.012900 0.011500 0.012200 0.016400 0.016400
Sitatunga 0.014200 0.043300 0.001300 0.035700 0.019000 0.014200 0.021800 0.023800 0.000600 0.020600 0.014200 0.010200 0.014800 0.019700 0.022700 0.022300 0.021300 0.019000 0.015100 0.000000 0.019300 0.013800 0.020300 0.022800 0.013800 0.021000 0.015100 0.000000 0.020000 0.001300 0.021500 0.019400 0.023200 0.016400 0.017100 0.010000 0.014500 0.020300 0.020900 0.021900 0.020300 0.022700 0.021200 0.022500 0.009600 0.019400 0.023300 0.017700 0.020300 0.014500 0.001300 0.001300
Oribi 0.011100 0.045300 0.019900 0.035200 0.015000 0.010500 0.017400 0.009000 0.020000 0.022700 0.010500 0.019300 0.012100 0.016400 0.020400 0.006100 0.024100 0.023500 0.011500 0.019300 0.000000 0.010100 0.021800 0.025900 0.010100 0.005800 0.012400 0.019300 0.004200 0.020600 0.023000 0.015700 0.025400 0.013100 0.014700 0.019500 0.010800 0.015700 0.005400 0.024100 0.021200 0.006800 0.022700 0.024400 0.019100 0.014700 0.008600 0.017300 0.015300 0.017100 0.020600 0.020600
BarbaryShe 0.001000 0.041200 0.014500 0.032300 0.008600 0.000600 0.013000 0.016000 0.014500 0.017900 0.000300 0.014400 0.003800 0.011600 0.015800 0.013400 0.019300 0.018000 0.001900 0.013800 0.010100 0.000000 0.017000 0.021100 0.000000 0.013700 0.004100 0.013800 0.012100 0.015100 0.018200 0.010600 0.019400 0.005400 0.005700 0.013500 0.001000 0.009600 0.012100 0.019300 0.016400 0.014700 0.017900 0.020200 0.013200 0.009000 0.014100 0.012200 0.010900 0.011500 0.015100 0.015100
Daviddeer 0.017300 0.036400 0.020300 0.032200 0.019600 0.017300 0.023900 0.026700 0.020900 0.007600 0.017300 0.021800 0.018900 0.022500 0.022200 0.023800 0.022900 0.021000 0.017600 0.020300 0.021800 0.017000 0.000000 0.010700 0.017000 0.024100 0.019300 0.020300 0.023200 0.021600 0.007900 0.022500 0.020300 0.020600 0.019900 0.019600 0.017600 0.020300 0.023100 0.010100 0.002500 0.025100 0.007600 0.010100 0.019300 0.020600 0.025500 0.018900 0.020500 0.013100 0.021600 0.020900
Reindeer 0.021500 0.041300 0.022800 0.036500 0.023100 0.021500 0.026900 0.030200 0.023500 0.010100 0.021500 0.023000 0.022800 0.024800 0.027100 0.028000 0.026400 0.025700 0.021100 0.022800 0.025900 0.021100 0.010700 0.000000 0.021100 0.028300 0.023100 0.022800 0.026700 0.024100 0.010400 0.025400 0.025100 0.024400 0.023000 0.021500 0.021800 0.023700 0.027200 0.010100 0.010100 0.029300 0.010100 0.006300 0.021200 0.024400 0.029600 0.022400 0.024700 0.017900 0.024100 0.023500
Ibex 0.001000 0.041300 0.014500 0.032400 0.008700 0.000600 0.013000 0.016000 0.014500 0.017900 0.000300 0.014500 0.003800 0.011600 0.015800 0.013400 0.019400 0.018100 0.001900 0.013800 0.010100 0.000000 0.017000 0.021100 0.000000 0.013700 0.004200 0.013800 0.012100 0.015100 0.018300 0.010700 0.019400 0.005400 0.005700 0.013500 0.001000 0.009600 0.012100 0.019400 0.016400 0.014700 0.017900 0.020200 0.013200 0.009000 0.014200 0.012200 0.010900 0.011600 0.015100 0.015100
GyrantGaze 0.014700 0.046500 0.021000 0.035600 0.018600 0.014100 0.019100 0.012500 0.021700 0.024400 0.014100 0.022300 0.015000 0.018700 0.024000 0.004500 0.026500 0.025200 0.015000 0.021000 0.005800 0.013700 0.024100 0.028300 0.013700 0.000000 0.015400 0.021000 0.003500 0.022300 0.025400 0.017300 0.026800 0.016000 0.018300 0.022500 0.014400 0.019600 0.008300 0.025900 0.023500 0.002900 0.025000 0.026800 0.022200 0.017700 0.010900 0.019600 0.018300 0.018800 0.022300 0.022300
Hartebeest 0.004500 0.043000 0.015800 0.034000 0.010900 0.004200 0.013900 0.018300 0.015800 0.019500 0.004500 0.015800 0.000300 0.012500 0.018100 0.015700 0.021600 0.019600 0.005400 0.015100 0.012400 0.004100 0.019300 0.023100 0.004200 0.015400 0.000000 0.015100 0.014400 0.016400 0.020500 0.011600 0.019700 0.002600 0.004800 0.016100 0.005100 0.011900 0.014400 0.021000 0.018600 0.017000 0.020200 0.021900 0.015800 0.011700 0.016400 0.013800 0.013800 0.013800 0.016400 0.016400
Bongo 0.014200 0.043300 0.001300 0.035700 0.019000 0.014200 0.021800 0.023800 0.000600 0.020600 0.014200 0.010200 0.014800 0.019700 0.022700 0.022300 0.021300 0.019000 0.015100 0.000000 0.019300 0.013800 0.020300 0.022800 0.013800 0.021000 0.015100 0.000000 0.020000 0.001300 0.021500 0.019400 0.023200 0.016400 0.017100 0.010000 0.014500 0.020300 0.020900 0.021900 0.020300 0.022700 0.021200 0.022500 0.009600 0.019400 0.023300 0.017700 0.020300 0.014500 0.001300 0.001300
Gerenuk 0.013100 0.045700 0.020700 0.035300 0.017000 0.012400 0.019400 0.010900 0.020700 0.024100 0.012400 0.020600 0.014100 0.018300 0.022300 0.003800 0.026200 0.025500 0.013400 0.020000 0.004200 0.012100 0.023200 0.026700 0.012100 0.003500 0.014400 0.020000 0.000000 0.021300 0.024400 0.017600 0.026500 0.015000 0.016600 0.020900 0.012700 0.018000 0.007400 0.024900 0.022500 0.004500 0.024100 0.025100 0.020500 0.016000 0.009900 0.018600 0.016600 0.018400 0.021300 0.021300
CommonElan 0.015500 0.044300 0.002500 0.037100 0.020300 0.015500 0.023100 0.025200 0.001300 0.021900 0.015500 0.011500 0.016100 0.021000 0.024000 0.023600 0.022600 0.020300 0.016400 0.001300 0.020600 0.015100 0.021600 0.024100 0.015100 0.022300 0.016400 0.001300 0.021300 0.000000 0.022900 0.020700 0.024600 0.017700 0.018400 0.011300 0.015800 0.021600 0.022200 0.023300 0.021600 0.024000 0.022500 0.023800 0.010900 0.020800 0.024600 0.019000 0.021600 0.015800 0.001300 0.001900
MuntiacusR 0.018600 0.038700 0.021500 0.033600 0.020600 0.018600 0.023200 0.027600 0.022200 0.001300 0.018600 0.022400 0.020200 0.021800 0.024200 0.025100 0.024100 0.022800 0.018900 0.021500 0.023000 0.018200 0.007900 0.010400 0.018300 0.025400 0.020500 0.021500 0.024400 0.022900 0.000000 0.021800 0.021600 0.021800 0.021100 0.020200 0.018900 0.021200 0.024300 0.009500 0.006600 0.026400 0.000600 0.011000 0.019900 0.021800 0.026700 0.019500 0.021100 0.015000 0.022800 0.022200
HarveysDui 0.011600 0.045700 0.020000 0.037700 0.013500 0.010900 0.008000 0.021500 0.020000 0.021800 0.011000 0.018700 0.011300 0.006100 0.020700 0.019000 0.024200 0.022200 0.011200 0.019400 0.015700 0.010600 0.022500 0.025400 0.010700 0.017300 0.011600 0.019400 0.017600 0.020700 0.021800 0.000000 0.024300 0.012200 0.013800 0.018500 0.011300 0.015400 0.017700 0.023900 0.021300 0.018600 0.021800 0.025100 0.018100 0.014500 0.019000 0.016400 0.015700 0.016400 0.020600 0.020700
Pronghorn 0.019100 0.038600 0.023900 0.032900 0.021300 0.019100 0.026000 0.030800 0.023900 0.020900 0.019800 0.023500 0.020000 0.024500 0.022400 0.027200 0.020600 0.020900 0.019400 0.023200 0.025400 0.019400 0.020300 0.025100 0.019400 0.026800 0.019700 0.023200 0.026500 0.024600 0.021600 0.024300 0.000000 0.021700 0.021600 0.020600 0.020000 0.022900 0.027500 0.022700 0.020300 0.028200 0.021600 0.024900 0.020300 0.023100 0.028900 0.018700 0.024900 0.017000 0.024500 0.024600
BlueWildeb 0.006400 0.044400 0.017100 0.035400 0.012800 0.006100 0.015200 0.019600 0.017100 0.020900 0.005800 0.017100 0.002200 0.013800 0.019400 0.016400 0.022900 0.021000 0.006700 0.016400 0.013100 0.005400 0.020600 0.024400 0.005400 0.016000 0.002600 0.016400 0.015000 0.017700 0.021800 0.012200 0.021700 0.000000 0.006100 0.017500 0.006400 0.013800 0.015700 0.022300 0.019600 0.017700 0.021500 0.022500 0.017100 0.013000 0.017800 0.015100 0.015100 0.015100 0.017700 0.017800
Gemsbok 0.006700 0.045000 0.017700 0.035900 0.012500 0.006400 0.015500 0.020200 0.017700 0.020800 0.006100 0.017000 0.004500 0.014800 0.019100 0.018000 0.022200 0.020300 0.006400 0.017100 0.014700 0.005700 0.019900 0.023000 0.005700 0.018300 0.004800 0.017100 0.016600 0.018400 0.021100 0.013800 0.021600 0.006100 0.000000 0.016800 0.006700 0.014100 0.016700 0.021600 0.019300 0.019300 0.020800 0.022500 0.016400 0.013300 0.018400 0.015400 0.014700 0.015100 0.018300 0.018400
Yak 0.014500 0.041600 0.010600 0.035000 0.018100 0.013900 0.020500 0.024100 0.010600 0.019900 0.013900 0.007400 0.015800 0.018500 0.020100 0.021900 0.021300 0.019300 0.014200 0.010000 0.019500 0.013500 0.019600 0.021500 0.013500 0.022500 0.016100 0.010000 0.020900 0.011300 0.020200 0.018500 0.020600 0.017500 0.016800 0.000000 0.014200 0.020100 0.021800 0.020600 0.019000 0.023500 0.019900 0.021200 0.000300 0.016800 0.023800 0.016800 0.019400 0.014200 0.011300 0.011300
BlueSheep 0.001900 0.041900 0.015100 0.032600 0.009300 0.001000 0.013600 0.016700 0.015100 0.018600 0.001300 0.015100 0.004800 0.012200 0.016400 0.014100 0.020000 0.018700 0.002900 0.014500 0.010800 0.001000 0.017600 0.021800 0.001000 0.014400 0.005100 0.014500 0.012700 0.015800 0.018900 0.011300 0.020000 0.006400 0.006700 0.014200 0.000000 0.010300 0.012800 0.020000 0.017000 0.015400 0.018600 0.020900 0.013900 0.009600 0.014800 0.012800 0.011500 0.012200 0.015800 0.015800
BohorReedb 0.009900 0.043700 0.021000 0.038400 0.003500 0.009300 0.017400 0.020600 0.021000 0.020500 0.010000 0.020300 0.012200 0.016400 0.019800 0.019300 0.023200 0.022600 0.010900 0.020300 0.015700 0.009600 0.020300 0.023700 0.009600 0.019600 0.011900 0.020300 0.018000 0.021600 0.021200 0.015400 0.022900 0.013800 0.014100 0.020100 0.010300 0.000000 0.018000 0.021900 0.019300 0.020600 0.020500 0.023500 0.019700 0.015100 0.019400 0.017300 0.015400 0.017100 0.021600 0.021700
KirksDik 0.013100 0.046400 0.020900 0.038300 0.017000 0.012400 0.019500 0.009900 0.021600 0.024000 0.012400 0.021600 0.014100 0.018700 0.022300 0.008700 0.026100 0.024500 0.013400 0.020900 0.005400 0.012100 0.023100 0.027200 0.012100 0.008300 0.014400 0.020900 0.007400 0.022200 0.024300 0.017700 0.027500 0.015700 0.016700 0.021800 0.012800 0.018000 0.000000 0.024900 0.022500 0.008700 0.024000 0.026400 0.021400 0.016700 0.009000 0.018600 0.016600 0.018700 0.022200 0.022300
RoeDeer 0.019700 0.040200 0.021900 0.033900 0.021300 0.019700 0.025300 0.028800 0.022600 0.008800 0.019700 0.022200 0.020700 0.023800 0.024600 0.026200 0.024300 0.022900 0.020000 0.021900 0.024100 0.019300 0.010100 0.010100 0.019400 0.025900 0.021000 0.021900 0.024900 0.023300 0.009500 0.023900 0.022700 0.022300 0.021600 0.020600 0.020000 0.021900 0.024900 0.000000 0.010100 0.027600 0.008800 0.009500 0.020300 0.022900 0.027900 0.020000 0.023500 0.016000 0.023200 0.022600
WhiteLippe 0.016700 0.036400 0.020300 0.030900 0.019000 0.016700 0.022700 0.026000 0.021000 0.006900 0.016700 0.021200 0.018300 0.021300 0.022200 0.023200 0.023000 0.021700 0.017000 0.020300 0.021200 0.016400 0.002500 0.010100 0.016400 0.023500 0.018600 0.020300 0.022500 0.021600 0.006600 0.021300 0.020300 0.019600 0.019300 0.019000 0.017000 0.019300 0.022500 0.010100 0.000000 0.024500 0.006300 0.010100 0.018700 0.020000 0.024900 0.018300 0.019300 0.013100 0.021600 0.020900
ThomsonGaz 0.015700 0.046200 0.022700 0.037300 0.019600 0.015000 0.020700 0.012200 0.023300 0.026000 0.015000 0.023300 0.016700 0.020000 0.025000 0.005400 0.027600 0.026300 0.016000 0.022700 0.006800 0.014700 0.025100 0.029300 0.014700 0.002900 0.017000 0.022700 0.004500 0.024000 0.026400 0.018600 0.028200 0.017700 0.019300 0.023500 0.015400 0.020600 0.008700 0.027600 0.024500 0.000000 0.026000 0.027800 0.023200 0.018700 0.011900 0.020600 0.018600 0.020400 0.024000 0.024000
MuntiacusC 0.018300 0.038700 0.021200 0.033600 0.019900 0.018200 0.023200 0.027200 0.021900 0.000600 0.018300 0.022100 0.019900 0.021800 0.023800 0.024700 0.024100 0.022800 0.018600 0.021200 0.022700 0.017900 0.007600 0.010100 0.017900 0.025000 0.020200 0.021200 0.024100 0.022500 0.000600 0.021800 0.021600 0.021500 0.020800 0.019900 0.018600 0.020500 0.024000 0.008800 0.006300 0.026000 0.000000 0.010700 0.019600 0.021500 0.026400 0.019200 0.020800 0.014700 0.022500 0.021900
WhiteTaile 0.020500 0.041000 0.022800 0.035500 0.022900 0.020500 0.026500 0.029000 0.023200 0.010700 0.020500 0.022800 0.021600 0.025100 0.026100 0.026500 0.026900 0.025500 0.020900 0.022500 0.024400 0.020200 0.010100 0.006300 0.020200 0.026800 0.021900 0.022500 0.025100 0.023800 0.011000 0.025100 0.024900 0.022500 0.022500 0.021200 0.020900 0.023500 0.026400 0.009500 0.010100 0.027800 0.010700 0.000000 0.020900 0.023500 0.028800 0.021500 0.023800 0.017200 0.023800 0.023200
Cattle 0.014200 0.041200 0.010300 0.034700 0.017800 0.013500 0.020200 0.023800 0.010300 0.019600 0.013500 0.007100 0.015500 0.018100 0.019800 0.021500 0.021000 0.019000 0.013900 0.009600 0.019100 0.013200 0.019300 0.021200 0.013200 0.022200 0.015800 0.009600 0.020500 0.010900 0.019900 0.018100 0.020300 0.017100 0.016400 0.000300 0.013900 0.019700 0.021400 0.020300 0.018700 0.023200 0.019600 0.020900 0.000000 0.016500 0.023500 0.016500 0.019100 0.013900 0.010900 0.010900
RoyalAntel 0.010000 0.044700 0.019400 0.037400 0.013800 0.009400 0.015900 0.020600 0.020100 0.021500 0.009300 0.017700 0.011400 0.015500 0.020100 0.017000 0.023900 0.022600 0.009600 0.019400 0.014700 0.009000 0.020600 0.024400 0.009000 0.017700 0.011700 0.019400 0.016000 0.020800 0.021800 0.014500 0.023100 0.013000 0.013300 0.016800 0.009600 0.015100 0.016700 0.022900 0.020000 0.018700 0.021500 0.023500 0.016500 0.000000 0.018700 0.015500 0.014800 0.016100 0.020800 0.020500
Steenbok 0.015100 0.048500 0.023900 0.038800 0.018400 0.014500 0.021400 0.012500 0.024000 0.026400 0.014500 0.023600 0.016100 0.020700 0.024300 0.011600 0.027200 0.026500 0.014800 0.023300 0.008600 0.014100 0.025500 0.029600 0.014200 0.010900 0.016400 0.023300 0.009900 0.024600 0.026700 0.019000 0.028900 0.017800 0.018400 0.023800 0.014800 0.019400 0.009000 0.027900 0.024900 0.011900 0.026400 0.028800 0.023500 0.018700 0.000000 0.021300 0.018400 0.020400 0.024600 0.024600
Impala 0.012500 0.041500 0.018400 0.031300 0.016400 0.012500 0.018800 0.022500 0.018400 0.018500 0.012500 0.018400 0.013500 0.017400 0.015000 0.019900 0.021300 0.018700 0.012900 0.017700 0.017300 0.012200 0.018900 0.022400 0.012200 0.019600 0.013800 0.017700 0.018600 0.019000 0.019500 0.016400 0.018700 0.015100 0.015400 0.016800 0.012800 0.017300 0.018600 0.020000 0.018300 0.020600 0.019200 0.021500 0.016500 0.015500 0.021300 0.000000 0.018000 0.013500 0.019000 0.018400
Klipspring 0.011500 0.044300 0.020900 0.037600 0.013800 0.011200 0.018100 0.019600 0.021000 0.021400 0.011200 0.019600 0.013500 0.016400 0.021600 0.017900 0.025200 0.024500 0.011500 0.020300 0.015300 0.010900 0.020500 0.024700 0.010900 0.018300 0.013800 0.020300 0.016600 0.021600 0.021100 0.015700 0.024900 0.015100 0.014700 0.019400 0.011500 0.015400 0.016600 0.023500 0.019300 0.018600 0.020800 0.023800 0.019100 0.014800 0.018400 0.018000 0.000000 0.017400 0.021600 0.021600
ForestMusk 0.011900 0.036500 0.014500 0.029700 0.015400 0.011900 0.018500 0.022600 0.015100 0.014000 0.011900 0.015700 0.013500 0.016800 0.017400 0.019100 0.017400 0.015500 0.012200 0.014500 0.017100 0.011500 0.013100 0.017900 0.011600 0.018800 0.013800 0.014500 0.018400 0.015800 0.015000 0.016400 0.017000 0.015100 0.015100 0.014200 0.012200 0.017100 0.018700 0.016000 0.013100 0.020400 0.014700 0.017200 0.013900 0.016100 0.020400 0.013500 0.017400 0.000000 0.015800 0.015800
Bushbuck 0.015500 0.044300 0.002500 0.037000 0.020300 0.015400 0.023100 0.025100 0.001300 0.021900 0.015400 0.011500 0.016100 0.021000 0.023400 0.023600 0.022600 0.020300 0.016400 0.001300 0.020600 0.015100 0.021600 0.024100 0.015100 0.022300 0.016400 0.001300 0.021300 0.001300 0.022800 0.020600 0.024500 0.017700 0.018300 0.011300 0.015800 0.021600 0.022200 0.023200 0.021600 0.024000 0.022500 0.023800 0.010900 0.020800 0.024600 0.019000 0.021600 0.015800 0.000000 0.001900
GreaterKud 0.015500 0.044300 0.002600 0.036700 0.020300 0.015500 0.023100 0.025200 0.001300 0.021200 0.015500 0.011500 0.016100 0.021000 0.024000 0.023700 0.022700 0.020300 0.016400 0.001300 0.020600 0.015100 0.020900 0.023500 0.015100 0.022300 0.016400 0.001300 0.021300 0.001900 0.022200 0.020700 0.024600 0.017800 0.018400 0.011300 0.015800 0.021700 0.022300 0.022600 0.020900 0.024000 0.021900 0.023200 0.010900 0.020500 0.024600 0.018400 0.021600 0.015800 0.001900 0.000000
