1
52 1
Argali 0.000000 0.103600 0.042200 0.080300 0.035900 0.000000 0.017800 0.017800 0.048300 0.067500 0.005900 0.042200 0.023800 0.048000 0.030000 0.048600 0.042500 0.042500 0.036000 0.042200 0.029900 0.005800 0.061100 0.067500 0.011800 0.042200 0.028600 0.048600 0.048200 0.036000 0.080400 0.029900 0.049200 0.035100 0.029900 0.023900 0.011900 0.029700 0.030100 0.067700 0.061100 0.029900 0.067500 0.061000 0.023900 0.036000 0.042100 0.035900 0.036300 0.029900 0.048300 0.054700
LesserMous 0.103600 0.000000 0.090800 0.164500 0.130400 0.103600 0.110000 0.110000 0.110100 0.144100 0.097200 0.123900 0.103300 0.143100 0.110700 0.097700 0.110600 0.110700 0.130800 0.103700 0.097100 0.097200 0.137400 0.144100 0.104000 0.084200 0.109300 0.110800 0.103500 0.103600 0.144000 0.123500 0.118300 0.118000 0.123800 0.104100 0.103800 0.123100 0.111300 0.158500 0.137400 0.097200 0.144100 0.137000 0.104000 0.116900 0.110300 0.116500 0.102100 0.123100 0.110100 0.117200
LesserKudu 0.042200 0.090800 0.000000 0.093600 0.067300 0.042200 0.048400 0.048300 0.017300 0.080600 0.036100 0.048600 0.042100 0.066900 0.048600 0.054900 0.042600 0.042700 0.067500 0.011900 0.048400 0.036100 0.074100 0.080600 0.042400 0.048500 0.048000 0.018000 0.054600 0.017900 0.093800 0.061000 0.062000 0.055200 0.061100 0.030100 0.042300 0.060700 0.048900 0.094000 0.074100 0.048500 0.080600 0.074100 0.030000 0.054700 0.060900 0.054600 0.053600 0.054800 0.017800 0.024000
KillerWhal 0.080300 0.164500 0.093600 0.000000 0.093500 0.080300 0.073800 0.073600 0.093500 0.100400 0.087000 0.093900 0.093100 0.105900 0.074100 0.107200 0.087300 0.087400 0.113700 0.093600 0.100000 0.086900 0.093700 0.093700 0.087300 0.086700 0.099100 0.100800 0.106400 0.093500 0.113900 0.086800 0.081300 0.107500 0.113600 0.080700 0.093600 0.093200 0.100900 0.094000 0.093700 0.100200 0.100400 0.087000 0.080600 0.106600 0.099700 0.093000 0.090800 0.073900 0.100000 0.107100
DefassaWat 0.035900 0.130400 0.067300 0.093500 0.000000 0.035900 0.029900 0.042000 0.060900 0.067200 0.030000 0.054700 0.048200 0.060400 0.030000 0.061100 0.055000 0.055000 0.048400 0.067300 0.042100 0.029800 0.067300 0.067600 0.036000 0.048400 0.053900 0.074000 0.060700 0.060900 0.080100 0.042100 0.061900 0.061200 0.048400 0.048500 0.036100 0.028500 0.042500 0.080600 0.067300 0.042200 0.067200 0.061100 0.048500 0.048300 0.048200 0.048200 0.048800 0.054600 0.073500 0.080200
Sheep 0.000000 0.103600 0.042200 0.080300 0.035900 0.000000 0.017800 0.017800 0.048300 0.067500 0.005900 0.042200 0.023800 0.048000 0.030000 0.048600 0.042500 0.042500 0.036000 0.042200 0.029900 0.005800 0.061100 0.067500 0.011600 0.042200 0.028500 0.048600 0.048200 0.036000 0.080400 0.029900 0.049200 0.036200 0.029900 0.023900 0.011900 0.029700 0.030100 0.067700 0.061100 0.029900 0.067500 0.061000 0.023900 0.036000 0.042100 0.035900 0.036300 0.029900 0.048300 0.054700
MaxwellsDu 0.017800 0.110000 0.048400 0.073800 0.029900 0.017800 0.000000 0.023700 0.054500 0.073900 0.011900 0.048400 0.029800 0.029700 0.023900 0.042300 0.036200 0.036300 0.042300 0.048400 0.023800 0.011800 0.067500 0.061100 0.017900 0.036000 0.035700 0.054900 0.042000 0.042100 0.086900 0.011800 0.042800 0.042500 0.036000 0.030000 0.017900 0.023700 0.024000 0.074000 0.067500 0.023800 0.073900 0.054700 0.030000 0.029900 0.035900 0.029800 0.030100 0.036000 0.054500 0.061000
GazellaPrz 0.017800 0.110000 0.048300 0.073600 0.042000 0.017800 0.023700 0.000000 0.054400 0.086700 0.023800 0.060800 0.042000 0.054000 0.036000 0.042300 0.036200 0.036200 0.054600 0.048300 0.023800 0.023800 0.080200 0.073700 0.023900 0.035900 0.047800 0.054800 0.042000 0.042100 0.099900 0.035900 0.042700 0.055000 0.048300 0.042200 0.029900 0.035800 0.024000 0.074000 0.080200 0.023800 0.086700 0.067300 0.042200 0.029800 0.035800 0.042000 0.042400 0.036000 0.054400 0.060900
MountainNy 0.048300 0.110100 0.017300 0.093500 0.060900 0.048300 0.054500 0.054400 0.000000 0.074100 0.042200 0.042300 0.048200 0.073000 0.042300 0.061100 0.048800 0.048800 0.061000 0.005900 0.054600 0.042200 0.067600 0.074100 0.048500 0.054600 0.054100 0.011900 0.060700 0.011900 0.087100 0.067200 0.068300 0.061400 0.067300 0.036200 0.048400 0.066900 0.055000 0.087300 0.067600 0.054600 0.074100 0.067500 0.036000 0.060800 0.067000 0.060700 0.059900 0.061000 0.011500 0.017900
MuntiacusM 0.067500 0.144100 0.080600 0.100400 0.067200 0.067500 0.073900 0.086700 0.074100 0.000000 0.061300 0.074200 0.080200 0.105900 0.074300 0.100600 0.074300 0.074400 0.080700 0.080600 0.080400 0.061200 0.011800 0.024000 0.067800 0.087000 0.086200 0.087600 0.099900 0.080600 0.011800 0.086900 0.074900 0.094300 0.087100 0.067900 0.067700 0.086600 0.087700 0.036300 0.011800 0.080500 0.000000 0.017900 0.067800 0.093500 0.093300 0.080300 0.092500 0.073800 0.086900 0.093900
goat 0.005900 0.097200 0.036100 0.087000 0.030000 0.005900 0.011900 0.023800 0.042200 0.061300 0.000000 0.036200 0.017800 0.041900 0.024000 0.042400 0.036400 0.036400 0.030100 0.036100 0.023900 0.000000 0.054900 0.061300 0.005900 0.036100 0.023700 0.042500 0.042100 0.030000 0.074100 0.023900 0.043000 0.030200 0.023900 0.017900 0.005900 0.023800 0.024100 0.074300 0.054900 0.023900 0.061300 0.054900 0.017900 0.030000 0.036000 0.029900 0.030200 0.036100 0.042200 0.048600
AfricanBuf 0.042200 0.123900 0.048600 0.093900 0.054700 0.042200 0.048400 0.060800 0.042300 0.074200 0.036200 0.000000 0.042100 0.079600 0.036200 0.067700 0.061600 0.061600 0.054900 0.048500 0.061000 0.036100 0.067700 0.074200 0.042400 0.061000 0.048000 0.055000 0.067100 0.042300 0.087200 0.061000 0.068500 0.055200 0.061100 0.030100 0.042400 0.060700 0.061500 0.087500 0.067700 0.061100 0.074200 0.067700 0.030100 0.067400 0.073600 0.054500 0.053000 0.061200 0.054600 0.061200
Topi 0.023800 0.103300 0.042100 0.093100 0.048200 0.023800 0.029800 0.042000 0.048200 0.080200 0.017800 0.042100 0.000000 0.060300 0.030000 0.048500 0.054900 0.055000 0.048400 0.042100 0.042100 0.017800 0.073800 0.080200 0.023900 0.042100 0.017600 0.048500 0.048100 0.035900 0.093300 0.042100 0.061800 0.024000 0.042100 0.023900 0.023900 0.041900 0.042400 0.093500 0.073800 0.042100 0.080200 0.073700 0.023900 0.048300 0.054400 0.035900 0.036300 0.054600 0.048200 0.054600
CommonDuik 0.048000 0.143100 0.066900 0.105900 0.060400 0.048000 0.029700 0.054000 0.073000 0.105900 0.041900 0.079600 0.060300 0.000000 0.054400 0.073400 0.067100 0.067200 0.073300 0.066800 0.054200 0.041900 0.099300 0.092600 0.048200 0.066800 0.066200 0.073500 0.072900 0.060500 0.119300 0.029700 0.074200 0.073700 0.066900 0.060700 0.048100 0.054000 0.054600 0.106100 0.099300 0.054200 0.105900 0.086000 0.060600 0.060400 0.054100 0.060300 0.061000 0.066700 0.073000 0.079700
Suni 0.030000 0.110700 0.048600 0.074100 0.030000 0.030000 0.023900 0.036000 0.042300 0.074300 0.024000 0.036200 0.030000 0.054400 0.000000 0.042500 0.048900 0.048900 0.042500 0.048600 0.036100 0.024000 0.067900 0.061400 0.030200 0.036200 0.035800 0.055100 0.042200 0.042300 0.087400 0.036100 0.055700 0.042700 0.048600 0.030100 0.030100 0.036000 0.036400 0.074500 0.067900 0.036200 0.074300 0.055000 0.030100 0.042300 0.048400 0.029900 0.027100 0.048600 0.054700 0.061300
Springbuck 0.048600 0.097700 0.054900 0.107200 0.061100 0.048600 0.042300 0.042300 0.061100 0.100600 0.042400 0.067700 0.048500 0.073400 0.042500 0.000000 0.055300 0.055300 0.074200 0.054900 0.017900 0.042400 0.093900 0.074300 0.048800 0.030000 0.054400 0.061500 0.036100 0.048600 0.114100 0.054800 0.062100 0.061700 0.055000 0.048800 0.048700 0.054600 0.042700 0.100800 0.093900 0.030100 0.100600 0.080700 0.048700 0.048600 0.054700 0.048400 0.046800 0.067600 0.061100 0.067700
Okapi 0.042500 0.110600 0.042600 0.087300 0.055000 0.042500 0.036200 0.036200 0.048800 0.074300 0.036400 0.061600 0.054900 0.067100 0.048900 0.055300 0.000000 0.012000 0.067900 0.042600 0.036300 0.036300 0.067800 0.061400 0.042700 0.048700 0.060800 0.049100 0.054900 0.042600 0.087400 0.048700 0.043000 0.068400 0.061400 0.042700 0.042600 0.048500 0.036600 0.074400 0.067800 0.036300 0.074300 0.055000 0.042700 0.042500 0.048600 0.054900 0.053100 0.036200 0.048700 0.055300
Giraffe 0.042500 0.110700 0.042700 0.087400 0.055000 0.042500 0.036300 0.036200 0.048800 0.074400 0.036400 0.061600 0.055000 0.067200 0.048900 0.055300 0.012000 0.000000 0.067900 0.042600 0.036300 0.036400 0.067900 0.061500 0.042700 0.048800 0.060900 0.049100 0.054900 0.042600 0.087400 0.048700 0.043100 0.068300 0.061500 0.042700 0.042600 0.048500 0.036600 0.074500 0.067900 0.036400 0.074400 0.055100 0.042700 0.042500 0.048600 0.054900 0.053500 0.036300 0.048800 0.055300
TibetanAnt 0.036000 0.130800 0.067500 0.113700 0.048400 0.036000 0.042300 0.054600 0.061000 0.080700 0.030100 0.054900 0.048400 0.073300 0.042500 0.074200 0.067900 0.067900 0.000000 0.067400 0.054700 0.029900 0.074200 0.080600 0.036100 0.067500 0.054100 0.074200 0.073600 0.061100 0.093800 0.054800 0.075100 0.061400 0.054800 0.048700 0.036200 0.054300 0.055200 0.094000 0.074200 0.054800 0.080700 0.074100 0.048600 0.061100 0.067300 0.060900 0.061600 0.067500 0.073700 0.080400
Sitatunga 0.042200 0.103700 0.011900 0.093600 0.067300 0.042200 0.048400 0.048300 0.005900 0.080600 0.036100 0.048500 0.042100 0.066800 0.048600 0.054900 0.042600 0.042600 0.067400 0.000000 0.048400 0.036100 0.074100 0.080600 0.042400 0.048400 0.048000 0.006000 0.054500 0.005900 0.093700 0.060900 0.062000 0.055100 0.061000 0.030100 0.042300 0.060700 0.048800 0.093900 0.074100 0.048500 0.080600 0.074000 0.029900 0.054700 0.060800 0.054500 0.053600 0.054800 0.005900 0.011900
Oribi 0.029900 0.097100 0.048400 0.100000 0.042100 0.029900 0.023800 0.023800 0.054600 0.080400 0.023900 0.061000 0.042100 0.054200 0.036100 0.017900 0.036300 0.036300 0.054700 0.048400 0.000000 0.023900 0.073900 0.067500 0.030000 0.023800 0.047900 0.054900 0.029800 0.042200 0.093500 0.036000 0.042900 0.055100 0.036100 0.042300 0.030000 0.035800 0.024000 0.080600 0.073900 0.011800 0.080400 0.061100 0.042300 0.029900 0.035900 0.042000 0.042500 0.048400 0.054500 0.061100
BarbaryShe 0.005800 0.097200 0.036100 0.086900 0.029800 0.005800 0.011800 0.023800 0.042200 0.061200 0.000000 0.036100 0.017800 0.041900 0.024000 0.042400 0.036300 0.036400 0.029900 0.036100 0.023900 0.000000 0.054900 0.061200 0.005800 0.036100 0.023600 0.042500 0.042100 0.030000 0.074100 0.023900 0.042900 0.028900 0.023900 0.017900 0.005900 0.023700 0.024100 0.074200 0.054900 0.023900 0.061200 0.054800 0.017900 0.029900 0.036000 0.029900 0.030200 0.036100 0.042200 0.048600
Daviddeer 0.061100 0.137400 0.074100 0.093700 0.067300 0.061100 0.067500 0.080200 0.067600 0.011800 0.054900 0.067700 0.073800 0.099300 0.067900 0.093900 0.067800 0.067900 0.074200 0.074100 0.073900 0.054900 0.000000 0.017900 0.061400 0.080500 0.079700 0.081000 0.093300 0.074000 0.023900 0.080400 0.068400 0.087700 0.080500 0.061500 0.061300 0.080000 0.081100 0.030100 0.000000 0.074000 0.011800 0.011900 0.061400 0.086900 0.086700 0.073800 0.086100 0.067400 0.080400 0.087200
Reindeer 0.067500 0.144100 0.080600 0.093700 0.067600 0.067500 0.061100 0.073700 0.074100 0.024000 0.061300 0.074200 0.080200 0.092600 0.061400 0.074300 0.061400 0.061500 0.080600 0.080600 0.067500 0.061200 0.017900 0.000000 0.067800 0.080400 0.086200 0.087600 0.086700 0.080600 0.036200 0.073900 0.062000 0.094300 0.087000 0.067900 0.067700 0.073600 0.074600 0.024000 0.017900 0.067600 0.024000 0.005900 0.067800 0.080400 0.086600 0.067400 0.079200 0.061100 0.086900 0.093900
Ibex 0.011800 0.104000 0.042400 0.087300 0.036000 0.011600 0.017900 0.023900 0.048500 0.067800 0.005900 0.042400 0.023900 0.048200 0.030200 0.048800 0.042700 0.042700 0.036100 0.042400 0.030000 0.005800 0.061400 0.067800 0.000000 0.042400 0.029700 0.048900 0.048500 0.036200 0.080800 0.030000 0.043100 0.036400 0.030100 0.024000 0.011900 0.029800 0.030300 0.080900 0.061400 0.030100 0.067800 0.061300 0.024000 0.036200 0.042300 0.036100 0.036500 0.042400 0.048500 0.055000
GyrantGaze 0.042200 0.084200 0.048500 0.086700 0.048400 0.042200 0.036000 0.035900 0.054600 0.087000 0.036100 0.061000 0.042100 0.066800 0.036200 0.030000 0.048700 0.048800 0.067500 0.048400 0.023800 0.036100 0.080500 0.080400 0.042400 0.000000 0.048000 0.054900 0.029800 0.042200 0.100200 0.048400 0.055500 0.055100 0.061000 0.042400 0.042300 0.048200 0.036300 0.093800 0.080500 0.023900 0.087000 0.073800 0.042300 0.042200 0.023800 0.042100 0.030200 0.060900 0.054500 0.061100
Hartebeest 0.028600 0.109300 0.048000 0.099100 0.053900 0.028500 0.035700 0.047800 0.054100 0.086200 0.023700 0.048000 0.017600 0.066200 0.035800 0.054400 0.060800 0.060900 0.054100 0.048000 0.047900 0.023600 0.079700 0.086200 0.029700 0.048000 0.000000 0.048300 0.054000 0.041800 0.099300 0.048000 0.067800 0.029100 0.048000 0.029800 0.029700 0.047600 0.048300 0.099500 0.079700 0.048000 0.086200 0.079600 0.029700 0.054100 0.060300 0.041700 0.042200 0.060400 0.054000 0.060500
Bongo 0.048600 0.110800 0.018000 0.100800 0.074000 0.048600 0.054900 0.054800 0.011900 0.087600 0.042500 0.055000 0.048500 0.073500 0.055100 0.061500 0.049100 0.049100 0.074200 0.006000 0.054900 0.042500 0.081000 0.087600 0.048900 0.054900 0.048300 0.000000 0.061100 0.011900 0.100900 0.067600 0.068800 0.061800 0.067700 0.036400 0.048800 0.067400 0.049100 0.101100 0.081000 0.055000 0.087600 0.080900 0.036400 0.061300 0.067500 0.061100 0.059900 0.061400 0.011900 0.018000
Gerenuk 0.048200 0.103500 0.054600 0.106400 0.060700 0.048200 0.042000 0.042000 0.060700 0.099900 0.042100 0.067100 0.048100 0.072900 0.042200 0.036100 0.054900 0.054900 0.073600 0.054500 0.029800 0.042100 0.093300 0.086700 0.048500 0.029800 0.054000 0.061100 0.000000 0.048300 0.113300 0.054500 0.061700 0.061300 0.067200 0.048400 0.048400 0.054200 0.042400 0.100100 0.093300 0.029900 0.099900 0.080100 0.048400 0.048200 0.054400 0.048100 0.046500 0.067100 0.060700 0.067200
CommonElan 0.036000 0.103600 0.017900 0.093500 0.060900 0.036000 0.042100 0.042100 0.011900 0.080600 0.030000 0.042300 0.035900 0.060500 0.042300 0.048600 0.042600 0.042600 0.061100 0.005900 0.042200 0.030000 0.074000 0.080600 0.036200 0.042200 0.041800 0.011900 0.048300 0.000000 0.093700 0.054600 0.061900 0.048800 0.054700 0.024000 0.036100 0.054400 0.042600 0.093900 0.074000 0.042200 0.080600 0.074000 0.023900 0.048400 0.054500 0.048300 0.046900 0.054800 0.011900 0.017900
MuntiacusR 0.080400 0.144000 0.093800 0.113900 0.080100 0.080400 0.086900 0.099900 0.087100 0.011800 0.074100 0.087200 0.093300 0.119300 0.087400 0.114100 0.087400 0.087400 0.093800 0.093700 0.093500 0.074100 0.023900 0.036200 0.080800 0.100200 0.099300 0.100900 0.113300 0.093700 0.000000 0.100100 0.088100 0.107800 0.100300 0.080900 0.080600 0.099700 0.101000 0.048700 0.023900 0.093700 0.011500 0.030000 0.080700 0.106800 0.106600 0.093400 0.106100 0.086800 0.100100 0.107200
HarveysDui 0.029900 0.123500 0.061000 0.086800 0.042100 0.029900 0.011800 0.035900 0.067200 0.086900 0.023900 0.061000 0.042100 0.029700 0.036100 0.054800 0.048700 0.048700 0.054800 0.060900 0.036000 0.023900 0.080400 0.073900 0.030000 0.048400 0.048000 0.067600 0.054500 0.054600 0.100100 0.000000 0.055500 0.055100 0.048500 0.042400 0.030000 0.035900 0.036300 0.087100 0.080400 0.036000 0.086900 0.067400 0.042300 0.042100 0.048300 0.042100 0.042500 0.048400 0.067100 0.073800
Pronghorn 0.049200 0.118300 0.062000 0.081300 0.061900 0.049200 0.042800 0.042700 0.068300 0.074900 0.043000 0.068500 0.061800 0.074200 0.055700 0.062100 0.043000 0.043100 0.075100 0.062000 0.042900 0.042900 0.068400 0.062000 0.043100 0.055500 0.067800 0.068800 0.061700 0.061900 0.088100 0.055500 0.000000 0.075400 0.068500 0.049400 0.049300 0.055300 0.055900 0.075000 0.068400 0.042900 0.074900 0.055500 0.049300 0.061900 0.068200 0.061800 0.054800 0.042800 0.068300 0.075100
BlueWildeb 0.035100 0.118000 0.055200 0.107500 0.061200 0.036200 0.042500 0.055000 0.061400 0.094300 0.030200 0.055200 0.024000 0.073700 0.042700 0.061700 0.068400 0.068300 0.061400 0.055100 0.055100 0.028900 0.087700 0.094300 0.036400 0.055100 0.029100 0.061800 0.061300 0.048800 0.107800 0.055100 0.075400 0.000000 0.055200 0.036500 0.036500 0.054700 0.055600 0.107800 0.087700 0.055200 0.094300 0.087600 0.036400 0.061400 0.067700 0.048700 0.049100 0.067900 0.061300 0.068000
Gemsbok 0.029900 0.123800 0.061100 0.113600 0.048400 0.029900 0.036000 0.048300 0.067300 0.087100 0.023900 0.061100 0.042100 0.066900 0.048600 0.055000 0.061400 0.061500 0.054800 0.061000 0.036100 0.023900 0.080500 0.087000 0.030100 0.061000 0.048000 0.067700 0.067200 0.054700 0.100300 0.048500 0.068500 0.055200 0.000000 0.042400 0.030000 0.042100 0.048800 0.100500 0.080500 0.048500 0.087100 0.080400 0.042400 0.054700 0.060900 0.054600 0.055200 0.061000 0.067200 0.073900
Yak 0.023900 0.104100 0.030100 0.080700 0.048500 0.023900 0.030000 0.042200 0.036200 0.067900 0.017900 0.030100 0.023900 0.060700 0.030100 0.048800 0.042700 0.042700 0.048700 0.030100 0.042300 0.017900 0.061500 0.067900 0.024000 0.042400 0.029800 0.036400 0.048400 0.024000 0.080900 0.042400 0.049400 0.036500 0.042400 0.000000 0.024000 0.042200 0.042700 0.081000 0.061500 0.042400 0.067900 0.061400 0.000000 0.048600 0.042300 0.036100 0.034100 0.042400 0.036100 0.042500
BlueSheep 0.011900 0.103800 0.042300 0.093600 0.036100 0.011900 0.017900 0.029900 0.048400 0.067700 0.005900 0.042400 0.023900 0.048100 0.030100 0.048700 0.042600 0.042600 0.036200 0.042300 0.030000 0.005900 0.061300 0.067700 0.011900 0.042300 0.029700 0.048800 0.048400 0.036100 0.080600 0.030000 0.049300 0.036500 0.030000 0.024000 0.000000 0.029900 0.030200 0.080800 0.061300 0.030000 0.067700 0.061200 0.024000 0.036100 0.042200 0.036000 0.036500 0.042300 0.048400 0.054900
BohorReedb 0.029700 0.123100 0.060700 0.093200 0.028500 0.029700 0.023700 0.035800 0.066900 0.086600 0.023800 0.060700 0.041900 0.054000 0.036000 0.054600 0.048500 0.048500 0.054300 0.060700 0.035800 0.023700 0.080000 0.073600 0.029800 0.048200 0.047600 0.067400 0.054200 0.054400 0.099700 0.035900 0.055300 0.054700 0.042100 0.042200 0.029900 0.000000 0.036100 0.080200 0.080000 0.035900 0.086600 0.067100 0.042100 0.042000 0.048000 0.041900 0.042300 0.048200 0.066900 0.073500
KirksDik 0.030100 0.111300 0.048900 0.100900 0.042500 0.030100 0.024000 0.024000 0.055000 0.087700 0.024100 0.061500 0.042400 0.054600 0.036400 0.042700 0.036600 0.036600 0.055200 0.048800 0.024000 0.024100 0.081100 0.074600 0.030300 0.036300 0.048300 0.049100 0.042400 0.042600 0.101000 0.036300 0.055900 0.055600 0.048800 0.042700 0.030200 0.036100 0.000000 0.087900 0.081100 0.024100 0.087700 0.068000 0.042600 0.030200 0.036200 0.042400 0.040300 0.048800 0.055000 0.061600
RoeDeer 0.067700 0.158500 0.094000 0.094000 0.080600 0.067700 0.074000 0.074000 0.087300 0.036300 0.074300 0.087500 0.093500 0.106100 0.074500 0.100800 0.074400 0.074500 0.094000 0.093900 0.080600 0.074200 0.030100 0.024000 0.080900 0.093800 0.099500 0.101100 0.100100 0.093900 0.048700 0.087100 0.075000 0.107800 0.100500 0.081000 0.080800 0.080200 0.087900 0.000000 0.030100 0.080700 0.036300 0.017900 0.080900 0.093700 0.100100 0.080500 0.093000 0.061200 0.100300 0.100600
WhiteLippe 0.061100 0.137400 0.074100 0.093700 0.067300 0.061100 0.067500 0.080200 0.067600 0.011800 0.054900 0.067700 0.073800 0.099300 0.067900 0.093900 0.067800 0.067900 0.074200 0.074100 0.073900 0.054900 0.000000 0.017900 0.061400 0.080500 0.079700 0.081000 0.093300 0.074000 0.023900 0.080400 0.068400 0.087700 0.080500 0.061500 0.061300 0.080000 0.081100 0.030100 0.000000 0.074000 0.011800 0.011900 0.061400 0.086900 0.086700 0.073800 0.086100 0.067400 0.080400 0.087200
ThomsonGaz 0.029900 0.097200 0.048500 0.100200 0.042200 0.029900 0.023800 0.023800 0.054600 0.080500 0.023900 0.061100 0.042100 0.054200 0.036200 0.030100 0.036300 0.036400 0.054800 0.048500 0.011800 0.023900 0.074000 0.067600 0.030100 0.023900 0.048000 0.055000 0.029900 0.042200 0.093700 0.036000 0.042900 0.055200 0.048500 0.042400 0.030000 0.035900 0.024100 0.080700 0.074000 0.000000 0.080500 0.061200 0.042300 0.030000 0.036000 0.042100 0.042600 0.048500 0.054600 0.061200
MuntiacusC 0.067500 0.144100 0.080600 0.100400 0.067200 0.067500 0.073900 0.086700 0.074100 0.000000 0.061300 0.074200 0.080200 0.105900 0.074300 0.100600 0.074300 0.074400 0.080700 0.080600 0.080400 0.061200 0.011800 0.024000 0.067800 0.087000 0.086200 0.087600 0.099900 0.080600 0.011500 0.086900 0.074900 0.094300 0.087100 0.067900 0.067700 0.086600 0.087700 0.036300 0.011800 0.080500 0.000000 0.017900 0.067800 0.093500 0.093300 0.080300 0.092500 0.073800 0.086900 0.093900
WhiteTaile 0.061000 0.137000 0.074100 0.087000 0.061100 0.061000 0.054700 0.067300 0.067500 0.017900 0.054900 0.067700 0.073700 0.086000 0.055000 0.080700 0.055000 0.055100 0.074100 0.074000 0.061100 0.054800 0.011900 0.005900 0.061300 0.073800 0.079600 0.080900 0.080100 0.074000 0.030000 0.067400 0.055500 0.087600 0.080400 0.061400 0.061200 0.067100 0.068000 0.017900 0.011900 0.061200 0.017900 0.000000 0.061300 0.073800 0.080100 0.061000 0.072500 0.054700 0.080300 0.087200
Cattle 0.023900 0.104000 0.030000 0.080600 0.048500 0.023900 0.030000 0.042200 0.036000 0.067800 0.017900 0.030100 0.023900 0.060600 0.030100 0.048700 0.042700 0.042700 0.048600 0.029900 0.042300 0.017900 0.061400 0.067800 0.024000 0.042300 0.029700 0.036400 0.048400 0.023900 0.080700 0.042300 0.049300 0.036400 0.042400 0.000000 0.024000 0.042100 0.042600 0.080900 0.061400 0.042300 0.067800 0.061300 0.000000 0.048500 0.042300 0.036000 0.034300 0.042400 0.035100 0.042400
RoyalAntel 0.036000 0.116900 0.054700 0.106600 0.048300 0.036000 0.029900 0.029800 0.060800 0.093500 0.030000 0.067400 0.048300 0.060400 0.042300 0.048600 0.042500 0.042500 0.061100 0.054700 0.029900 0.029900 0.086900 0.080400 0.036200 0.042200 0.054100 0.061300 0.048200 0.048400 0.106800 0.042100 0.061900 0.061400 0.054700 0.048600 0.036100 0.042000 0.030200 0.093700 0.086900 0.030000 0.093500 0.073800 0.048500 0.000000 0.042100 0.048200 0.036200 0.054600 0.060800 0.067400
Steenbok 0.042100 0.110300 0.060900 0.099700 0.048200 0.042100 0.035900 0.035800 0.067000 0.093300 0.036000 0.073600 0.054400 0.054100 0.048400 0.054700 0.048600 0.048600 0.067300 0.060800 0.035900 0.036000 0.086700 0.086600 0.042300 0.023800 0.060300 0.067500 0.054400 0.054500 0.106600 0.048300 0.068200 0.067700 0.060900 0.042300 0.042200 0.048000 0.036200 0.100100 0.086700 0.036000 0.093300 0.080100 0.042300 0.042100 0.000000 0.054400 0.042500 0.060800 0.067000 0.073700
Impala 0.035900 0.116500 0.054600 0.093000 0.048200 0.035900 0.029800 0.042000 0.060700 0.080300 0.029900 0.054500 0.035900 0.060300 0.029900 0.048400 0.054900 0.054900 0.060900 0.054500 0.042000 0.029900 0.073800 0.067400 0.036100 0.042100 0.041700 0.061100 0.048100 0.048300 0.093400 0.042100 0.061800 0.048700 0.054600 0.036100 0.036000 0.041900 0.042400 0.080500 0.073800 0.042100 0.080300 0.061000 0.036000 0.048200 0.054400 0.000000 0.036200 0.054500 0.060700 0.067200
Klipspring 0.036300 0.102100 0.053600 0.090800 0.048800 0.036300 0.030100 0.042400 0.059900 0.092500 0.030200 0.053000 0.036300 0.061000 0.027100 0.046800 0.053100 0.053500 0.061600 0.053600 0.042500 0.030200 0.086100 0.079200 0.036500 0.030200 0.042200 0.059900 0.046500 0.046900 0.106100 0.042500 0.054800 0.049100 0.055200 0.034100 0.036500 0.042300 0.040300 0.093000 0.086100 0.042600 0.092500 0.072500 0.034300 0.036200 0.042500 0.036200 0.000000 0.055100 0.059900 0.066400
ForestMusk 0.029900 0.123100 0.054800 0.073900 0.054600 0.029900 0.036000 0.036000 0.061000 0.073800 0.036100 0.061200 0.054600 0.066700 0.048600 0.067600 0.036200 0.036300 0.067500 0.054800 0.048400 0.036100 0.067400 0.061100 0.042400 0.060900 0.060400 0.061400 0.067100 0.054800 0.086800 0.048400 0.042800 0.067900 0.061000 0.042400 0.042300 0.048200 0.048800 0.061200 0.067400 0.048500 0.073800 0.054700 0.042400 0.054600 0.060800 0.054500 0.055100 0.000000 0.061000 0.067600
Bushbuck 0.048300 0.110100 0.017800 0.100000 0.073500 0.048300 0.054500 0.054400 0.011500 0.086900 0.042200 0.054600 0.048200 0.073000 0.054700 0.061100 0.048700 0.048800 0.073700 0.005900 0.054500 0.042200 0.080400 0.086900 0.048500 0.054500 0.054000 0.011900 0.060700 0.011900 0.100100 0.067100 0.068300 0.061300 0.067200 0.036100 0.048400 0.066900 0.055000 0.100300 0.080400 0.054600 0.086900 0.080300 0.035100 0.060800 0.067000 0.060700 0.059900 0.061000 0.000000 0.017900
GreaterKud 0.054700 0.117200 0.024000 0.107100 0.080200 0.054700 0.061000 0.060900 0.017900 0.093900 0.048600 0.061200 0.054600 0.079700 0.061300 0.067700 0.055300 0.055300 0.080400 0.011900 0.061100 0.048600 0.087200 0.093900 0.055000 0.061100 0.060500 0.018000 0.067200 0.017900 0.107200 0.073800 0.075100 0.068000 0.073900 0.042500 0.054900 0.073500 0.061600 0.100600 0.087200 0.061200 0.093900 0.087200 0.042400 0.067400 0.073700 0.067200 0.066400 0.067600 0.017900 0.000000
