1
52 1
Argali 0.000000 0.246100 0.036400 0.126900 0.011800 0.000000 0.036400 0.086700 0.023900 0.024200 0.011700 0.048500 0.011800 0.024000 0.049600 0.036200 0.062300 0.074800 0.000000 0.036000 0.073200 0.023700 0.024200 0.036700 0.012000 0.048500 0.012000 0.011900 0.048800 0.024000 0.036400 0.048300 0.049500 0.000000 0.024000 0.048600 0.000000 0.024500 0.073100 0.036800 0.024200 0.048500 0.036700 0.049100 0.060900 0.023700 0.048300 0.048800 0.074200 0.048900 0.011900 0.024100
LesserMous 0.246100 0.000000 0.259400 0.155100 0.263600 0.246100 0.293700 0.305800 0.242100 0.244000 0.261000 0.242100 0.246200 0.276000 0.313000 0.291900 0.261900 0.245000 0.246100 0.257000 0.339700 0.279000 0.244000 0.199600 0.261000 0.274200 0.246200 0.228000 0.309900 0.242900 0.258900 0.307200 0.246100 0.246100 0.243300 0.243000 0.246100 0.281200 0.306800 0.261000 0.244000 0.274200 0.260800 0.213400 0.257200 0.276200 0.274500 0.291200 0.308900 0.242800 0.228000 0.243700
LesserKudu 0.036400 0.259400 0.000000 0.167000 0.049100 0.036400 0.074100 0.099600 0.035800 0.061100 0.048700 0.060500 0.048700 0.061000 0.087700 0.073600 0.100700 0.113400 0.036400 0.047800 0.111700 0.061600 0.061100 0.074400 0.048700 0.086300 0.048700 0.023900 0.086900 0.035900 0.073600 0.085900 0.087600 0.036400 0.060900 0.060700 0.036400 0.049200 0.111600 0.048800 0.060700 0.086300 0.074200 0.086900 0.072900 0.061100 0.086000 0.086300 0.113200 0.086400 0.023900 0.035800
KillerWhal 0.126900 0.155100 0.167000 0.000000 0.141400 0.126900 0.168200 0.225400 0.152000 0.125000 0.140100 0.151900 0.140300 0.153300 0.184200 0.167200 0.113300 0.099600 0.126900 0.165300 0.208600 0.154900 0.125900 0.113100 0.140100 0.152500 0.140300 0.139000 0.182300 0.152300 0.139100 0.180300 0.126800 0.126900 0.153200 0.152400 0.126900 0.156200 0.179800 0.140300 0.125900 0.152500 0.140200 0.125900 0.165400 0.153500 0.152500 0.181100 0.211600 0.125200 0.139000 0.152900
DefassaWat 0.011800 0.263600 0.049100 0.141400 0.000000 0.011900 0.049100 0.100300 0.036300 0.036800 0.024300 0.061300 0.023700 0.036400 0.062800 0.048800 0.075700 0.088400 0.011900 0.048600 0.086400 0.036800 0.036800 0.049500 0.024300 0.061300 0.023500 0.024200 0.061800 0.036400 0.049200 0.061100 0.062700 0.011800 0.036400 0.061500 0.011800 0.012200 0.086400 0.049600 0.036800 0.061300 0.049600 0.062200 0.074000 0.036500 0.061100 0.061700 0.087600 0.061800 0.024200 0.036500
Sheep 0.000000 0.246100 0.036400 0.126900 0.011900 0.000000 0.036400 0.086700 0.023900 0.024200 0.012000 0.048500 0.011800 0.024000 0.049600 0.036200 0.062300 0.074800 0.000000 0.036000 0.073200 0.023800 0.024200 0.036700 0.012000 0.048500 0.011700 0.011900 0.048800 0.024000 0.036400 0.048300 0.049500 0.000000 0.024000 0.048600 0.000000 0.024500 0.073100 0.036800 0.024200 0.048500 0.036700 0.049100 0.060900 0.024000 0.048300 0.048800 0.074200 0.048900 0.011900 0.024100
MaxwellsDu 0.036400 0.293700 0.074100 0.168200 0.049100 0.036400 0.000000 0.099700 0.060900 0.061600 0.048700 0.086300 0.048800 0.011700 0.062200 0.048500 0.074800 0.087500 0.036400 0.073300 0.085800 0.061700 0.061600 0.074700 0.048700 0.061000 0.048000 0.048600 0.061400 0.061000 0.074100 0.035900 0.088300 0.036400 0.061000 0.086600 0.036100 0.062200 0.085700 0.074900 0.061600 0.061000 0.074700 0.087700 0.099100 0.036200 0.060700 0.086900 0.087100 0.061400 0.048600 0.061200
GazellaPrz 0.086700 0.305800 0.099600 0.225400 0.100300 0.086700 0.099700 0.000000 0.086100 0.113100 0.099500 0.112000 0.099500 0.086300 0.127700 0.047500 0.155300 0.168800 0.086700 0.098700 0.084100 0.113300 0.113100 0.127100 0.099500 0.059700 0.099500 0.073500 0.060000 0.086200 0.126300 0.111800 0.141600 0.086700 0.112100 0.112300 0.086700 0.114200 0.083900 0.127200 0.113100 0.059700 0.100100 0.140800 0.125200 0.059900 0.084500 0.099300 0.140000 0.139900 0.073500 0.086500
MountainNy 0.023900 0.242100 0.035800 0.152000 0.036300 0.023900 0.060900 0.086100 0.000000 0.048200 0.036000 0.047700 0.036000 0.048200 0.074100 0.060600 0.086800 0.099400 0.023900 0.011700 0.098000 0.048600 0.048200 0.061100 0.036000 0.073100 0.036000 0.011600 0.073500 0.023500 0.060600 0.072700 0.074000 0.023900 0.048100 0.048000 0.023900 0.049000 0.097900 0.061000 0.048200 0.073100 0.061000 0.073500 0.059900 0.048200 0.072800 0.073000 0.099300 0.073100 0.011800 0.023700
MuntiacusM 0.024200 0.244000 0.061100 0.125000 0.036800 0.024200 0.061600 0.113100 0.048200 0.000000 0.036500 0.073300 0.036500 0.048700 0.075000 0.061200 0.061800 0.074200 0.024200 0.060300 0.099000 0.049200 0.000000 0.036500 0.036500 0.048400 0.036500 0.036100 0.074300 0.048300 0.011700 0.073500 0.049100 0.024200 0.048600 0.073500 0.024200 0.049600 0.098900 0.011800 0.000000 0.048400 0.012000 0.048800 0.086000 0.048800 0.073500 0.073800 0.100400 0.048500 0.035700 0.048500
goat 0.011700 0.261000 0.048700 0.140100 0.024300 0.012000 0.048700 0.099500 0.036000 0.036500 0.000000 0.060800 0.023700 0.036100 0.062200 0.048500 0.075000 0.087600 0.011800 0.048200 0.085900 0.012000 0.036500 0.049100 0.000000 0.060800 0.024100 0.024000 0.061200 0.036100 0.048700 0.060600 0.062100 0.012000 0.035300 0.061000 0.012000 0.036800 0.085700 0.049200 0.036500 0.060800 0.049100 0.061600 0.073400 0.036200 0.060700 0.061200 0.086800 0.061300 0.024000 0.036300
AfricanBuf 0.048500 0.242100 0.060500 0.151900 0.061300 0.048500 0.086300 0.112000 0.047700 0.073300 0.060800 0.000000 0.060800 0.073100 0.100000 0.085900 0.086800 0.099400 0.048500 0.059900 0.124300 0.073900 0.073300 0.086600 0.060800 0.098600 0.060800 0.035500 0.099200 0.047800 0.085800 0.098200 0.100000 0.048500 0.073000 0.047900 0.048500 0.074400 0.124100 0.085600 0.073300 0.098600 0.086400 0.099200 0.035600 0.073300 0.098300 0.098500 0.125700 0.098700 0.035700 0.048000
Topi 0.011800 0.246200 0.048700 0.140300 0.023700 0.011800 0.048800 0.099500 0.036000 0.036500 0.023700 0.060800 0.000000 0.036100 0.062300 0.048300 0.075000 0.087600 0.011800 0.048200 0.085800 0.036600 0.036500 0.049100 0.024100 0.060900 0.000000 0.024000 0.061300 0.036100 0.048800 0.060600 0.062200 0.012000 0.035300 0.061000 0.011800 0.036800 0.085700 0.049200 0.036500 0.060900 0.049200 0.061700 0.073400 0.036200 0.060700 0.061200 0.086900 0.061300 0.024000 0.036300
CommonDuik 0.024000 0.276000 0.061000 0.153300 0.036400 0.024000 0.011700 0.086300 0.048200 0.048700 0.036100 0.073100 0.036100 0.000000 0.074800 0.036000 0.087600 0.100300 0.024000 0.060400 0.072800 0.048800 0.048700 0.061500 0.036100 0.048200 0.036100 0.036000 0.048500 0.048200 0.061100 0.023700 0.074700 0.023700 0.048200 0.073400 0.024000 0.049200 0.072700 0.061600 0.048700 0.048200 0.061500 0.074200 0.085800 0.023600 0.048000 0.073600 0.073700 0.048500 0.036000 0.048400
Suni 0.049600 0.313000 0.087700 0.184200 0.062800 0.049600 0.062200 0.127700 0.074100 0.075000 0.062200 0.100000 0.062300 0.074800 0.000000 0.087800 0.088700 0.101500 0.049600 0.086700 0.126600 0.075600 0.075000 0.088800 0.062200 0.100800 0.062300 0.061700 0.101600 0.074200 0.087800 0.100300 0.102500 0.049600 0.074700 0.100400 0.049600 0.076300 0.126600 0.088800 0.075000 0.100800 0.075300 0.101700 0.113100 0.074900 0.100400 0.087500 0.128800 0.101100 0.061700 0.074600
Springbuck 0.036200 0.291900 0.073600 0.167200 0.048800 0.036200 0.048500 0.047500 0.060600 0.061200 0.048500 0.085900 0.048300 0.036000 0.087800 0.000000 0.100700 0.113600 0.036200 0.072900 0.035100 0.061300 0.061200 0.074200 0.048500 0.011500 0.048500 0.048300 0.011600 0.060700 0.073700 0.060400 0.087700 0.036200 0.060600 0.086100 0.036200 0.061800 0.035000 0.074400 0.061200 0.011500 0.074200 0.087100 0.098600 0.011700 0.035300 0.086500 0.086400 0.086600 0.048300 0.060900
Okapi 0.062300 0.261900 0.100700 0.113300 0.075700 0.062300 0.074800 0.155300 0.086800 0.061800 0.075000 0.086800 0.075000 0.087600 0.088700 0.100700 0.000000 0.011800 0.062300 0.099500 0.140200 0.088700 0.061800 0.075100 0.075000 0.087100 0.075000 0.074300 0.114700 0.087000 0.074400 0.113500 0.088500 0.062300 0.087600 0.087100 0.062300 0.089300 0.140100 0.075100 0.061800 0.087100 0.075000 0.087800 0.099800 0.087800 0.113500 0.113900 0.142200 0.087300 0.074300 0.087400
Giraffe 0.074800 0.245000 0.113400 0.099600 0.088400 0.074800 0.087500 0.168800 0.099400 0.074200 0.087600 0.099400 0.087600 0.100300 0.101500 0.113600 0.011800 0.000000 0.074800 0.112200 0.153300 0.101400 0.074400 0.087800 0.087600 0.099800 0.087600 0.086800 0.127700 0.099600 0.086900 0.126300 0.101300 0.074800 0.100200 0.099700 0.074800 0.102200 0.153100 0.087700 0.074200 0.099800 0.087600 0.100500 0.112400 0.100500 0.099800 0.126800 0.155500 0.099900 0.086800 0.100000
TibetanAnt 0.000000 0.246100 0.036400 0.126900 0.011900 0.000000 0.036400 0.086700 0.023900 0.024200 0.011800 0.048500 0.011800 0.024000 0.049600 0.036200 0.062300 0.074800 0.000000 0.036000 0.073200 0.023700 0.024200 0.036700 0.011800 0.048500 0.012000 0.011900 0.048800 0.024000 0.036400 0.048300 0.049500 0.000000 0.024000 0.048600 0.000000 0.024500 0.073100 0.036800 0.024200 0.048500 0.036700 0.049100 0.060900 0.024000 0.048300 0.048800 0.074200 0.048900 0.011900 0.024100
Sitatunga 0.036000 0.257000 0.047800 0.165300 0.048600 0.036000 0.073300 0.098700 0.011700 0.060300 0.048200 0.059900 0.048200 0.060400 0.086700 0.072900 0.099500 0.112200 0.036000 0.000000 0.110800 0.061000 0.060400 0.073500 0.048200 0.085500 0.048200 0.023300 0.086000 0.035500 0.072800 0.085100 0.086600 0.036000 0.060300 0.060300 0.036000 0.061400 0.110600 0.073500 0.059400 0.085500 0.073400 0.086000 0.072200 0.060500 0.085200 0.085400 0.112100 0.085500 0.023100 0.035700
Oribi 0.073200 0.339700 0.111700 0.208600 0.086400 0.073200 0.085800 0.084100 0.098000 0.099000 0.085900 0.124300 0.085800 0.072800 0.126600 0.035100 0.140200 0.153300 0.073200 0.110800 0.000000 0.099400 0.099000 0.112500 0.085900 0.047000 0.085800 0.085600 0.046500 0.098300 0.111900 0.072500 0.126700 0.073200 0.098200 0.124600 0.073200 0.099900 0.071000 0.112700 0.099000 0.047000 0.112600 0.125700 0.137600 0.047300 0.071400 0.125100 0.125100 0.125100 0.085600 0.098700
BarbaryShe 0.023700 0.279000 0.061600 0.154900 0.036800 0.023800 0.061700 0.113300 0.048600 0.049200 0.012000 0.073900 0.036600 0.048800 0.075600 0.061300 0.088700 0.101400 0.023700 0.061000 0.099400 0.000000 0.049200 0.062100 0.011700 0.073900 0.036600 0.036400 0.074400 0.048800 0.061700 0.073700 0.075500 0.024300 0.048700 0.074200 0.023800 0.049600 0.099200 0.062300 0.049200 0.073900 0.062200 0.074900 0.086800 0.048900 0.073700 0.074400 0.100500 0.074500 0.036400 0.049000
Daviddeer 0.024200 0.244000 0.061100 0.125900 0.036800 0.024200 0.061600 0.113100 0.048200 0.000000 0.036500 0.073300 0.036500 0.048700 0.075000 0.061200 0.061800 0.074400 0.024200 0.060400 0.099000 0.049200 0.000000 0.036500 0.036500 0.048400 0.036500 0.035400 0.074300 0.048300 0.011700 0.073500 0.049100 0.024200 0.048600 0.073500 0.024200 0.049600 0.098900 0.011800 0.000000 0.048400 0.011800 0.048800 0.086000 0.048800 0.073500 0.073800 0.100400 0.048500 0.036100 0.048500
Reindeer 0.036700 0.199600 0.074400 0.113100 0.049500 0.036700 0.074700 0.127100 0.061100 0.036500 0.049100 0.086600 0.049100 0.061500 0.088800 0.074200 0.075100 0.087800 0.036700 0.073500 0.112500 0.062100 0.036500 0.000000 0.049100 0.061200 0.049100 0.048800 0.087700 0.061200 0.048800 0.086600 0.036800 0.036700 0.061400 0.086900 0.036700 0.062700 0.112500 0.049300 0.036500 0.061200 0.049200 0.012000 0.099500 0.061600 0.086700 0.087300 0.114300 0.036300 0.048800 0.061500
Ibex 0.012000 0.261000 0.048700 0.140100 0.024300 0.012000 0.048700 0.099500 0.036000 0.036500 0.000000 0.060800 0.024100 0.036100 0.062200 0.048500 0.075000 0.087600 0.011800 0.048200 0.085900 0.011700 0.036500 0.049100 0.000000 0.060800 0.024100 0.024000 0.061200 0.036100 0.048700 0.060600 0.062100 0.011700 0.036100 0.061000 0.011700 0.036800 0.085700 0.049200 0.036500 0.060800 0.049100 0.061600 0.073400 0.034700 0.060700 0.061200 0.086800 0.061300 0.024000 0.036300
GyrantGaze 0.048500 0.274200 0.086300 0.152500 0.061300 0.048500 0.061000 0.059700 0.073100 0.048400 0.060800 0.098600 0.060900 0.048200 0.100800 0.011500 0.087100 0.099800 0.048500 0.085500 0.047000 0.073900 0.048400 0.061200 0.060800 0.000000 0.060900 0.060700 0.023200 0.073200 0.060700 0.072800 0.074300 0.048500 0.073100 0.098900 0.048500 0.074500 0.046200 0.061200 0.048400 0.000000 0.061200 0.073800 0.111500 0.023300 0.047300 0.099300 0.099500 0.073400 0.060700 0.073400
Hartebeest 0.012000 0.246200 0.048700 0.140300 0.023500 0.011700 0.048000 0.099500 0.036000 0.036500 0.024100 0.060800 0.000000 0.036100 0.062300 0.048500 0.075000 0.087600 0.012000 0.048200 0.085800 0.036600 0.036500 0.049100 0.024100 0.060900 0.000000 0.024000 0.061300 0.036100 0.048800 0.060600 0.062200 0.012000 0.036100 0.061000 0.012000 0.036800 0.085700 0.049200 0.036500 0.061300 0.049200 0.061700 0.073400 0.036400 0.060700 0.061200 0.086900 0.061300 0.024000 0.036300
Bongo 0.011900 0.228000 0.023900 0.139000 0.024200 0.011900 0.048600 0.073500 0.011600 0.036100 0.024000 0.035500 0.024000 0.036000 0.061700 0.048300 0.074300 0.086800 0.011900 0.023300 0.085600 0.036400 0.035400 0.048800 0.024000 0.060700 0.024000 0.000000 0.061100 0.011700 0.048300 0.060400 0.061600 0.011900 0.036000 0.035800 0.011900 0.036700 0.085500 0.048800 0.036100 0.060700 0.048700 0.061100 0.047900 0.036100 0.060500 0.060600 0.086700 0.060500 0.000000 0.011700
Gerenuk 0.048800 0.309900 0.086900 0.182300 0.061800 0.048800 0.061400 0.060000 0.073500 0.074300 0.061200 0.099200 0.061300 0.048500 0.101600 0.011600 0.114700 0.127700 0.048800 0.086000 0.046500 0.074400 0.074300 0.087700 0.061200 0.023200 0.061300 0.061100 0.000000 0.073600 0.087000 0.073300 0.101400 0.048800 0.073600 0.099500 0.048800 0.075000 0.047200 0.087800 0.074300 0.023200 0.087700 0.100700 0.112200 0.023300 0.047200 0.100000 0.073900 0.100100 0.061100 0.073900
CommonElan 0.024000 0.242900 0.035900 0.152300 0.036400 0.024000 0.061000 0.086200 0.023500 0.048300 0.036100 0.047800 0.036100 0.048200 0.074200 0.060700 0.087000 0.099600 0.024000 0.035500 0.098300 0.048800 0.048300 0.061200 0.036100 0.073200 0.036100 0.011700 0.073600 0.000000 0.061000 0.072800 0.074200 0.024000 0.048200 0.048000 0.024000 0.049100 0.098100 0.061200 0.048300 0.073200 0.061100 0.073600 0.060100 0.048300 0.072900 0.073100 0.073500 0.073200 0.011600 0.023800
MuntiacusR 0.036400 0.258900 0.073600 0.139100 0.049200 0.036400 0.074100 0.126300 0.060600 0.011700 0.048700 0.085800 0.048800 0.061100 0.087800 0.073700 0.074400 0.086900 0.036400 0.072800 0.111900 0.061700 0.011700 0.048800 0.048700 0.060700 0.048800 0.048300 0.087000 0.061000 0.000000 0.086000 0.061200 0.036400 0.061000 0.086100 0.036400 0.062200 0.111800 0.023700 0.011900 0.060700 0.024100 0.061200 0.098600 0.061200 0.086100 0.086400 0.113400 0.060800 0.048300 0.060900
HarveysDui 0.048300 0.307200 0.085900 0.180300 0.061100 0.048300 0.035900 0.111800 0.072700 0.073500 0.060600 0.098200 0.060600 0.023700 0.100300 0.060400 0.113500 0.126300 0.048300 0.085100 0.072500 0.073700 0.073500 0.086600 0.060600 0.072800 0.060600 0.060400 0.073300 0.072800 0.086000 0.000000 0.100200 0.048300 0.072800 0.098500 0.048300 0.074200 0.097800 0.086800 0.073500 0.072800 0.086700 0.099500 0.111200 0.048100 0.072600 0.098900 0.098900 0.048200 0.060400 0.073100
Pronghorn 0.049500 0.246100 0.087600 0.126800 0.062700 0.049500 0.088300 0.141600 0.074000 0.049100 0.062100 0.100000 0.062200 0.074700 0.102500 0.087700 0.088500 0.101300 0.049500 0.086600 0.126700 0.075500 0.049100 0.036800 0.062100 0.074300 0.062200 0.061600 0.101400 0.074200 0.061200 0.100200 0.000000 0.049500 0.074600 0.100300 0.049500 0.076200 0.126600 0.062200 0.049100 0.074300 0.062100 0.049300 0.113100 0.074800 0.100300 0.087500 0.128600 0.048800 0.061600 0.074500
BlueWildeb 0.000000 0.246100 0.036400 0.126900 0.011800 0.000000 0.036400 0.086700 0.023900 0.024200 0.012000 0.048500 0.012000 0.023700 0.049600 0.036200 0.062300 0.074800 0.000000 0.036000 0.073200 0.024300 0.024200 0.036700 0.011700 0.048500 0.012000 0.011900 0.048800 0.024000 0.036400 0.048300 0.049500 0.000000 0.024000 0.048600 0.000000 0.024500 0.073100 0.036800 0.024200 0.048500 0.036700 0.049100 0.060900 0.024000 0.048300 0.048800 0.074200 0.048900 0.011900 0.024100
Gemsbok 0.024000 0.243300 0.060900 0.153200 0.036400 0.024000 0.061000 0.112100 0.048100 0.048600 0.035300 0.073000 0.035300 0.048200 0.074700 0.060600 0.087600 0.100200 0.024000 0.060300 0.098200 0.048700 0.048600 0.061400 0.036100 0.073100 0.036100 0.036000 0.073600 0.048200 0.061000 0.072800 0.074600 0.024000 0.000000 0.073300 0.023400 0.048000 0.098100 0.061500 0.048600 0.073100 0.061500 0.074100 0.085700 0.048300 0.072900 0.073500 0.073400 0.073600 0.036000 0.048400
Yak 0.048600 0.243000 0.060700 0.152400 0.061500 0.048600 0.086600 0.112300 0.048000 0.073500 0.061000 0.047900 0.061000 0.073400 0.100400 0.086100 0.087100 0.099700 0.048600 0.060300 0.124600 0.074200 0.073500 0.086900 0.061000 0.098900 0.061000 0.035800 0.099500 0.048000 0.086100 0.098500 0.100300 0.048600 0.073300 0.000000 0.048600 0.074700 0.124500 0.086900 0.073500 0.098900 0.086700 0.099500 0.011700 0.073500 0.098600 0.098900 0.126100 0.099000 0.035800 0.048200
BlueSheep 0.000000 0.246100 0.036400 0.126900 0.011800 0.000000 0.036100 0.086700 0.023900 0.024200 0.012000 0.048500 0.011800 0.024000 0.049600 0.036200 0.062300 0.074800 0.000000 0.036000 0.073200 0.023800 0.024200 0.036700 0.011700 0.048500 0.012000 0.011900 0.048800 0.024000 0.036400 0.048300 0.049500 0.000000 0.023400 0.048600 0.000000 0.024500 0.073100 0.036800 0.024200 0.048500 0.036700 0.049100 0.060900 0.024000 0.048300 0.048800 0.074200 0.048900 0.011900 0.024100
BohorReedb 0.024500 0.281200 0.049200 0.156200 0.012200 0.024500 0.062200 0.114200 0.049000 0.049600 0.036800 0.074400 0.036800 0.049200 0.076300 0.061800 0.089300 0.102200 0.024500 0.061400 0.099900 0.049600 0.049600 0.062700 0.036800 0.074500 0.036800 0.036700 0.075000 0.049100 0.062200 0.074200 0.076200 0.024500 0.048000 0.074700 0.024500 0.000000 0.099900 0.049800 0.049600 0.074500 0.062700 0.075600 0.087300 0.049200 0.074200 0.075000 0.101400 0.075100 0.036700 0.049300
KirksDik 0.073100 0.306800 0.111600 0.179800 0.086400 0.073100 0.085700 0.083900 0.097900 0.098900 0.085700 0.124100 0.085700 0.072700 0.126600 0.035000 0.140100 0.153100 0.073100 0.110600 0.071000 0.099200 0.098900 0.112500 0.085700 0.046200 0.085700 0.085500 0.047200 0.098100 0.111800 0.097800 0.126600 0.073100 0.098100 0.124500 0.073100 0.099900 0.000000 0.112600 0.098900 0.046900 0.112500 0.125600 0.137400 0.046400 0.046900 0.098300 0.125000 0.125000 0.085500 0.085600
RoeDeer 0.036800 0.261000 0.048800 0.140300 0.049600 0.036800 0.074900 0.127200 0.061000 0.011800 0.049200 0.085600 0.049200 0.061600 0.088800 0.074400 0.075100 0.087700 0.036800 0.073500 0.112700 0.062300 0.011800 0.049300 0.049200 0.061200 0.049200 0.048800 0.087800 0.061200 0.023700 0.086800 0.062200 0.036800 0.061500 0.086900 0.036800 0.049800 0.112600 0.000000 0.011800 0.061200 0.024300 0.061800 0.099400 0.061700 0.086800 0.087200 0.114400 0.061400 0.048800 0.061400
WhiteLippe 0.024200 0.244000 0.060700 0.125900 0.036800 0.024200 0.061600 0.113100 0.048200 0.000000 0.036500 0.073300 0.036500 0.048700 0.075000 0.061200 0.061800 0.074200 0.024200 0.059400 0.099000 0.049200 0.000000 0.036500 0.036500 0.048400 0.036500 0.036100 0.074300 0.048300 0.011900 0.073500 0.049100 0.024200 0.048600 0.073500 0.024200 0.049600 0.098900 0.011800 0.000000 0.048400 0.012000 0.048800 0.086000 0.048800 0.073500 0.073800 0.100400 0.048500 0.036100 0.048500
ThomsonGaz 0.048500 0.274200 0.086300 0.152500 0.061300 0.048500 0.061000 0.059700 0.073100 0.048400 0.060800 0.098600 0.060900 0.048200 0.100800 0.011500 0.087100 0.099800 0.048500 0.085500 0.047000 0.073900 0.048400 0.061200 0.060800 0.000000 0.061300 0.060700 0.023200 0.073200 0.060700 0.072800 0.074300 0.048500 0.073100 0.098900 0.048500 0.074500 0.046900 0.061200 0.048400 0.000000 0.061200 0.073800 0.111500 0.023200 0.047300 0.099300 0.099500 0.073400 0.060700 0.073400
MuntiacusC 0.036700 0.260800 0.074200 0.140200 0.049600 0.036700 0.074700 0.100100 0.061000 0.012000 0.049100 0.086400 0.049200 0.061500 0.075300 0.074200 0.075000 0.087600 0.036700 0.073400 0.112600 0.062200 0.011800 0.049200 0.049100 0.061200 0.049200 0.048700 0.087700 0.061100 0.024100 0.086700 0.062100 0.036700 0.061500 0.086700 0.036700 0.062700 0.112500 0.024300 0.012000 0.061200 0.000000 0.061700 0.099100 0.061600 0.086700 0.061300 0.114300 0.061300 0.048700 0.061300
WhiteTaile 0.049100 0.213400 0.086900 0.125900 0.062200 0.049100 0.087700 0.140800 0.073500 0.048800 0.061600 0.099200 0.061700 0.074200 0.101700 0.087100 0.087800 0.100500 0.049100 0.086000 0.125700 0.074900 0.048800 0.012000 0.061600 0.073800 0.061700 0.061100 0.100700 0.073600 0.061200 0.099500 0.049300 0.049100 0.074100 0.099500 0.049100 0.075600 0.125600 0.061800 0.048800 0.073800 0.061700 0.000000 0.112100 0.074300 0.099600 0.100000 0.127700 0.048500 0.061100 0.074200
Cattle 0.060900 0.257200 0.072900 0.165400 0.074000 0.060900 0.099100 0.125200 0.059900 0.086000 0.073400 0.035600 0.073400 0.085800 0.113100 0.098600 0.099800 0.112400 0.060900 0.072200 0.137600 0.086800 0.086000 0.099500 0.073400 0.111500 0.073400 0.047900 0.112200 0.060100 0.098600 0.111200 0.113100 0.060900 0.085700 0.011700 0.060900 0.087300 0.137400 0.099400 0.086000 0.111500 0.099100 0.112100 0.000000 0.085900 0.111200 0.111500 0.139000 0.111600 0.047900 0.060400
RoyalAntel 0.023700 0.276200 0.061100 0.153500 0.036500 0.024000 0.036200 0.059900 0.048200 0.048800 0.036200 0.073300 0.036200 0.023600 0.074900 0.011700 0.087800 0.100500 0.024000 0.060500 0.047300 0.048900 0.048800 0.061600 0.034700 0.023300 0.036400 0.036100 0.023300 0.048300 0.061200 0.048100 0.074800 0.024000 0.048300 0.073500 0.024000 0.049200 0.046400 0.061700 0.048800 0.023200 0.061600 0.074300 0.085900 0.000000 0.023100 0.073800 0.073800 0.073900 0.036100 0.048500
Steenbok 0.048300 0.274500 0.086000 0.152500 0.061100 0.048300 0.060700 0.084500 0.072800 0.073500 0.060700 0.098300 0.060700 0.048000 0.100400 0.035300 0.113500 0.099800 0.048300 0.085200 0.071400 0.073700 0.073500 0.086700 0.060700 0.047300 0.060700 0.060500 0.047200 0.072900 0.086100 0.072600 0.100300 0.048300 0.072900 0.098600 0.048300 0.074200 0.046900 0.086800 0.073500 0.047300 0.086700 0.099600 0.111200 0.023100 0.000000 0.098900 0.099100 0.099100 0.060500 0.073200
Impala 0.048800 0.291200 0.086300 0.181100 0.061700 0.048800 0.086900 0.099300 0.073000 0.073800 0.061200 0.098500 0.061200 0.073600 0.087500 0.086500 0.113900 0.126800 0.048800 0.085400 0.125100 0.074400 0.073800 0.087300 0.061200 0.099300 0.061200 0.060600 0.100000 0.073100 0.086400 0.098900 0.087500 0.048800 0.073500 0.098900 0.048800 0.075000 0.098300 0.087200 0.073800 0.099300 0.061300 0.100000 0.111500 0.073800 0.098900 0.000000 0.126700 0.099400 0.061100 0.060800
Klipspring 0.074200 0.308900 0.113200 0.211600 0.087600 0.074200 0.087100 0.140000 0.099300 0.100400 0.086800 0.125700 0.086900 0.073700 0.128800 0.086400 0.142200 0.155500 0.074200 0.112100 0.125100 0.100500 0.100400 0.114300 0.086800 0.099500 0.086900 0.086700 0.073900 0.073500 0.113400 0.098900 0.128600 0.074200 0.073400 0.126100 0.074200 0.101400 0.125000 0.114400 0.100400 0.099500 0.114300 0.127700 0.139000 0.073800 0.099100 0.126700 0.000000 0.126900 0.086700 0.099800
ForestMusk 0.048900 0.242800 0.086400 0.125200 0.061800 0.048900 0.061400 0.139900 0.073100 0.048500 0.061300 0.098700 0.061300 0.048500 0.101100 0.086600 0.087300 0.099900 0.048900 0.085500 0.125100 0.074500 0.048500 0.036300 0.061300 0.073400 0.061300 0.060500 0.100100 0.073200 0.060800 0.048200 0.048800 0.048900 0.073600 0.099000 0.048900 0.075100 0.125000 0.061400 0.048500 0.073400 0.061300 0.048500 0.111600 0.073900 0.099100 0.099400 0.126900 0.000000 0.060800 0.073500
Bushbuck 0.011900 0.228000 0.023900 0.139000 0.024200 0.011900 0.048600 0.073500 0.011800 0.035700 0.024000 0.035700 0.024000 0.036000 0.061700 0.048300 0.074300 0.086800 0.011900 0.023100 0.085600 0.036400 0.036100 0.048800 0.024000 0.060700 0.024000 0.000000 0.061100 0.011600 0.048300 0.060400 0.061600 0.011900 0.036000 0.035800 0.011900 0.036700 0.085500 0.048800 0.036100 0.060700 0.048700 0.061100 0.047900 0.036100 0.060500 0.061100 0.086700 0.060800 0.000000 0.011700
GreaterKud 0.024100 0.243700 0.035800 0.152900 0.036500 0.024100 0.061200 0.086500 0.023700 0.048500 0.036300 0.048000 0.036300 0.048400 0.074600 0.060900 0.087400 0.100000 0.024100 0.035700 0.098700 0.049000 0.048500 0.061500 0.036300 0.073400 0.036300 0.011700 0.073900 0.023800 0.060900 0.073100 0.074500 0.024100 0.048400 0.048200 0.024100 0.049300 0.085600 0.061400 0.048500 0.073400 0.061300 0.074200 0.060400 0.048500 0.073200 0.060800 0.099800 0.073500 0.011700 0.000000
