CODONML (in paml version 4.10.7, June 2023)  /home/rachel/ruminants_paml/6406-phy-tree/ENSBTAT00000012128.fasta.phy
Model: free dN/dS Ratios for branches,  kappa = 2.000 fixed

Codon frequency model: F3x4
ns =  54  ls =  24

Codon usage in sequences
--------------------------------------------------------------------------------------------------------------------------------------
Phe TTT   1   1   1   1   1   1 | Ser TCT   0   1   0   0   1   0 | Tyr TAT   0   0   0   0   1   0 | Cys TGT   0   0   0   0   1   0
    TTC   2   2   2   2   2   2 |     TCC   1   0   1   1   0   2 |     TAC   2   2   2   2   1   2 |     TGC   1   1   1   1   0   1
Leu TTA   0   0   0   0   0   0 |     TCA   0   0   0   0   0   0 | *** TAA   0   0   0   0   0   0 | *** TGA   0   0   0   0   0   0
    TTG   1   0   0   1   0   0 |     TCG   0   0   0   0   0   0 |     TAG   0   0   0   0   0   0 | Trp TGG   0   0   0   0   0   0
--------------------------------------------------------------------------------------------------------------------------------------
Leu CTT   0   0   0   0   0   0 | Pro CCT   0   0   0   0   0   0 | His CAT   0   0   0   0   0   0 | Arg CGT   0   0   0   0   0   0
    CTC   0   1   0   0   0   0 |     CCC   1   1   1   1   1   0 |     CAC   0   0   0   0   0   0 |     CGC   0   0   0   0   0   0
    CTA   0   0   0   1   1   1 |     CCA   2   1   2   2   2   2 | Gln CAA   0   0   0   0   0   0 |     CGA   0   0   0   0   0   0
    CTG   2   2   3   1   2   2 |     CCG   0   1   0   0   0   0 |     CAG   1   1   1   1   1   1 |     CGG   1   1   1   1   1   1
--------------------------------------------------------------------------------------------------------------------------------------
Ile ATT   0   0   0   0   0   0 | Thr ACT   0   0   0   0   0   0 | Asn AAT   0   0   0   0   0   0 | Ser AGT   0   0   0   0   0   0
    ATC   0   0   0   0   0   0 |     ACC   1   1   2   1   1   1 |     AAC   0   1   0   0   0   0 |     AGC   2   0   1   2   1   1
    ATA   0   0   0   0   0   0 |     ACA   0   0   0   0   0   0 | Lys AAA   0   0   0   0   0   0 | Arg AGA   0   0   0   0   0   0
Met ATG   1   1   1   1   1   1 |     ACG   1   1   1   1   1   1 |     AAG   0   0   0   0   0   0 |     AGG   0   0   0   0   0   0
--------------------------------------------------------------------------------------------------------------------------------------
Val GTT   0   0   0   0   0   0 | Ala GCT   0   0   0   0   0   0 | Asp GAT   0   0   0   0   0   0 | Gly GGT   0   0   0   0   0   0
    GTC   0   0   0   0   0   0 |     GCC   0   0   0   0   0   0 |     GAC   0   0   0   0   0   0 |     GGC   0   2   0   0   1   1
    GTA   0   0   0   0   0   0 |     GCA   0   0   0   0   0   0 | Glu GAA   1   0   0   0   0   0 |     GGA   2   2   2   2   2   2
    GTG   0   0   0   0   0   0 |     GCG   0   0   0   0   0   0 |     GAG   0   1   1   1   1   1 |     GGG   1   0   1   1   1   1
--------------------------------------------------------------------------------------------------------------------------------------

--------------------------------------------------------------------------------------------------------------------------------------
Phe TTT   1   1   1   1   1   1 | Ser TCT   0   0   0   0   0   0 | Tyr TAT   0   0   0   0   0   0 | Cys TGT   0   0   0   0   0   0
    TTC   2   2   2   2   2   2 |     TCC   1   1   1   1   1   2 |     TAC   2   2   2   2   2   2 |     TGC   1   1   1   1   1   1
Leu TTA   0   0   0   0   0   0 |     TCA   0   0   0   0   0   0 | *** TAA   0   0   0   0   0   0 | *** TGA   0   0   0   0   0   0
    TTG   1   1   1   0   0   1 |     TCG   0   0   0   0   0   0 |     TAG   0   0   0   0   0   0 | Trp TGG   0   0   0   0   0   0
--------------------------------------------------------------------------------------------------------------------------------------
Leu CTT   0   0   0   0   0   0 | Pro CCT   0   0   0   0   0   0 | His CAT   0   0   0   0   0   0 | Arg CGT   0   0   0   0   0   0
    CTC   0   0   1   0   0   0 |     CCC   1   1   1   1   1   0 |     CAC   0   0   0   0   0   0 |     CGC   0   0   0   0   0   0
    CTA   0   0   0   0   0   0 |     CCA   2   2   2   2   2   2 | Gln CAA   0   0   0   0   0   1 |     CGA   0   0   0   0   0   0
    CTG   2   2   1   3   3   2 |     CCG   0   0   0   0   0   0 |     CAG   1   1   1   1   1   0 |     CGG   1   1   1   1   1   1
--------------------------------------------------------------------------------------------------------------------------------------
Ile ATT   0   0   0   0   0   0 | Thr ACT   0   0   0   0   0   0 | Asn AAT   0   0   0   0   0   0 | Ser AGT   0   0   0   0   0   0
    ATC   0   0   0   0   0   0 |     ACC   1   1   1   1   2   1 |     AAC   0   0   0   0   0   0 |     AGC   2   2   2   2   1   2
    ATA   0   0   0   0   0   0 |     ACA   0   0   0   0   0   0 | Lys AAA   0   0   0   0   0   0 | Arg AGA   0   0   0   0   0   0
Met ATG   1   1   1   1   1   1 |     ACG   1   1   1   1   1   1 |     AAG   0   0   0   0   0   0 |     AGG   0   0   0   0   0   0
--------------------------------------------------------------------------------------------------------------------------------------
Val GTT   0   0   0   0   0   0 | Ala GCT   0   0   0   0   0   0 | Asp GAT   0   0   0   0   0   0 | Gly GGT   0   0   0   0   0   0
    GTC   0   0   0   0   0   0 |     GCC   0   0   0   0   0   0 |     GAC   0   0   0   0   0   0 |     GGC   0   0   0   0   0   0
    GTA   0   0   0   0   0   0 |     GCA   0   0   0   0   0   0 | Glu GAA   0   1   0   0   0   0 |     GGA   2   2   2   2   2   2
    GTG   0   0   0   0   0   0 |     GCG   0   0   0   0   0   0 |     GAG   1   0   1   1   1   1 |     GGG   1   1   1   1   1   1
--------------------------------------------------------------------------------------------------------------------------------------

--------------------------------------------------------------------------------------------------------------------------------------
Phe TTT   1   1   1   1   1   1 | Ser TCT   0   0   0   0   0   0 | Tyr TAT   0   0   0   1   0   0 | Cys TGT   0   0   0   0   0   0
    TTC   2   2   2   2   2   2 |     TCC   1   1   1   1   1   1 |     TAC   2   2   2   1   2   2 |     TGC   1   1   1   1   1   1
Leu TTA   0   0   0   0   0   0 |     TCA   0   0   0   0   0   0 | *** TAA   0   0   0   0   0   0 | *** TGA   0   0   0   0   0   0
    TTG   1   0   0   1   1   0 |     TCG   0   0   0   0   0   0 |     TAG   0   0   0   0   0   0 | Trp TGG   0   0   0   0   0   0
--------------------------------------------------------------------------------------------------------------------------------------
Leu CTT   0   0   0   0   0   0 | Pro CCT   0   0   0   0   0   0 | His CAT   0   0   0   0   0   0 | Arg CGT   0   0   0   0   0   0
    CTC   0   0   0   0   0   0 |     CCC   1   1   1   1   1   1 |     CAC   0   0   0   0   0   0 |     CGC   0   0   0   0   0   0
    CTA   0   0   0   0   0   0 |     CCA   2   2   2   2   1   2 | Gln CAA   0   0   0   0   0   0 |     CGA   0   0   0   0   0   0
    CTG   2   3   3   2   2   3 |     CCG   0   0   0   0   1   0 |     CAG   1   1   1   1   1   1 |     CGG   1   1   1   1   1   1
--------------------------------------------------------------------------------------------------------------------------------------
Ile ATT   0   0   0   0   0   0 | Thr ACT   0   0   0   0   0   0 | Asn AAT   0   0   0   0   0   0 | Ser AGT   0   0   0   0   0   0
    ATC   0   0   0   0   0   0 |     ACC   1   1   1   1   1   1 |     AAC   0   0   0   0   0   0 |     AGC   2   2   2   2   2   2
    ATA   0   0   0   0   0   0 |     ACA   0   0   0   0   0   0 | Lys AAA   0   0   0   0   0   0 | Arg AGA   0   0   0   0   0   0
Met ATG   1   1   1   1   1   1 |     ACG   1   1   1   1   1   1 |     AAG   0   0   0   0   0   0 |     AGG   0   0   0   0   0   0
--------------------------------------------------------------------------------------------------------------------------------------
Val GTT   0   0   0   0   0   0 | Ala GCT   0   0   0   0   0   0 | Asp GAT   0   0   0   0   0   0 | Gly GGT   0   0   0   0   0   0
    GTC   0   0   0   0   0   0 |     GCC   0   0   0   0   0   0 |     GAC   0   0   0   0   0   0 |     GGC   0   0   0   0   0   0
    GTA   0   0   0   0   0   0 |     GCA   0   0   0   0   0   0 | Glu GAA   1   0   0   0   0   0 |     GGA   2   2   2   2   2   2
    GTG   0   0   0   0   0   0 |     GCG   0   0   0   0   0   0 |     GAG   0   1   1   1   1   1 |     GGG   1   1   1   1   1   1
--------------------------------------------------------------------------------------------------------------------------------------

--------------------------------------------------------------------------------------------------------------------------------------
Phe TTT   1   1   1   1   1   1 | Ser TCT   0   0   0   0   0   0 | Tyr TAT   0   0   0   0   0   0 | Cys TGT   0   0   0   0   0   0
    TTC   2   2   2   2   2   2 |     TCC   1   1   1   1   1   1 |     TAC   2   2   2   2   2   2 |     TGC   1   1   1   1   1   1
Leu TTA   0   0   0   0   0   0 |     TCA   0   0   0   0   0   0 | *** TAA   0   0   0   0   0   0 | *** TGA   0   0   0   0   0   0
    TTG   1   1   1   0   0   1 |     TCG   0   0   0   0   0   0 |     TAG   0   0   0   0   0   0 | Trp TGG   0   0   0   0   0   0
--------------------------------------------------------------------------------------------------------------------------------------
Leu CTT   0   0   0   0   0   0 | Pro CCT   0   0   0   0   0   0 | His CAT   0   0   0   0   0   0 | Arg CGT   0   0   0   0   0   0
    CTC   0   0   0   0   0   0 |     CCC   1   1   1   1   1   1 |     CAC   0   0   0   0   0   0 |     CGC   0   0   0   0   0   0
    CTA   0   0   0   0   0   0 |     CCA   2   2   2   2   2   2 | Gln CAA   0   0   0   0   0   0 |     CGA   0   0   0   0   0   0
    CTG   2   2   2   3   3   2 |     CCG   0   0   0   0   0   0 |     CAG   1   1   1   1   1   1 |     CGG   1   1   1   1   1   1
--------------------------------------------------------------------------------------------------------------------------------------
Ile ATT   0   0   0   0   0   0 | Thr ACT   0   0   0   0   0   0 | Asn AAT   0   0   0   0   0   0 | Ser AGT   0   0   0   0   0   0
    ATC   0   0   0   0   0   0 |     ACC   1   1   1   2   1   1 |     AAC   0   0   0   0   0   0 |     AGC   2   2   2   1   2   2
    ATA   0   0   0   0   0   0 |     ACA   1   1   0   0   0   0 | Lys AAA   0   0   0   0   0   0 | Arg AGA   0   0   0   0   0   0
Met ATG   1   1   1   1   1   1 |     ACG   0   0   1   1   1   1 |     AAG   0   0   0   0   0   0 |     AGG   0   0   0   0   0   0
--------------------------------------------------------------------------------------------------------------------------------------
Val GTT   0   0   0   0   0   0 | Ala GCT   0   0   0   0   0   0 | Asp GAT   0   0   0   0   0   0 | Gly GGT   0   0   0   0   0   0
    GTC   0   0   0   0   0   0 |     GCC   0   0   0   0   0   0 |     GAC   0   0   0   0   0   0 |     GGC   0   0   0   0   0   0
    GTA   0   0   0   0   0   0 |     GCA   0   0   0   0   0   0 | Glu GAA   0   0   1   0   0   1 |     GGA   2   2   2   2   2   2
    GTG   0   0   0   0   0   0 |     GCG   0   0   0   0   0   0 |     GAG   1   1   0   1   1   0 |     GGG   1   1   1   1   1   1
--------------------------------------------------------------------------------------------------------------------------------------

--------------------------------------------------------------------------------------------------------------------------------------
Phe TTT   1   1   1   1   1   1 | Ser TCT   0   0   0   0   0   0 | Tyr TAT   0   0   0   0   0   0 | Cys TGT   0   0   0   0   0   0
    TTC   2   2   2   2   2   2 |     TCC   2   2   1   1   1   1 |     TAC   2   2   2   2   2   2 |     TGC   1   1   1   1   1   1
Leu TTA   0   0   0   0   0   0 |     TCA   0   0   0   0   0   0 | *** TAA   0   0   0   0   0   0 | *** TGA   0   0   0   0   0   0
    TTG   1   1   1   0   0   0 |     TCG   0   0   0   0   0   0 |     TAG   0   0   0   0   0   0 | Trp TGG   0   0   0   0   0   0
--------------------------------------------------------------------------------------------------------------------------------------
Leu CTT   0   0   0   0   0   0 | Pro CCT   0   0   0   0   0   0 | His CAT   0   0   0   0   0   0 | Arg CGT   0   0   0   0   0   0
    CTC   0   0   0   0   0   0 |     CCC   0   0   1   1   1   1 |     CAC   0   0   0   0   0   0 |     CGC   0   0   0   0   0   0
    CTA   0   0   0   0   0   0 |     CCA   2   2   2   2   2   2 | Gln CAA   0   0   0   0   0   0 |     CGA   0   0   0   0   0   0
    CTG   2   2   2   3   3   3 |     CCG   0   0   0   0   0   0 |     CAG   1   1   1   1   1   1 |     CGG   1   1   1   1   1   1
--------------------------------------------------------------------------------------------------------------------------------------
Ile ATT   0   0   0   0   0   0 | Thr ACT   0   0   0   0   0   0 | Asn AAT   0   0   0   0   0   0 | Ser AGT   0   0   0   0   0   0
    ATC   0   0   0   0   0   0 |     ACC   1   1   1   1   1   2 |     AAC   0   0   0   0   0   0 |     AGC   2   2   2   2   2   1
    ATA   0   0   0   0   0   0 |     ACA   0   0   0   0   0   0 | Lys AAA   0   0   0   0   0   0 | Arg AGA   0   0   0   0   0   0
Met ATG   1   1   1   1   1   1 |     ACG   1   1   1   1   1   1 |     AAG   0   0   0   0   0   0 |     AGG   0   0   0   0   0   0
--------------------------------------------------------------------------------------------------------------------------------------
Val GTT   0   0   0   0   0   0 | Ala GCT   0   0   0   0   0   0 | Asp GAT   0   0   0   0   0   0 | Gly GGT   0   0   0   0   0   0
    GTC   0   0   0   0   0   0 |     GCC   0   0   0   0   0   0 |     GAC   0   0   0   0   0   0 |     GGC   0   0   0   0   0   0
    GTA   0   0   0   0   0   0 |     GCA   0   0   0   0   0   0 | Glu GAA   0   0   1   0   0   0 |     GGA   2   2   2   2   2   2
    GTG   0   0   0   0   0   0 |     GCG   0   0   0   0   0   0 |     GAG   1   1   0   1   1   1 |     GGG   1   1   1   1   1   1
--------------------------------------------------------------------------------------------------------------------------------------

--------------------------------------------------------------------------------------------------------------------------------------
Phe TTT   1   1   1   1   1   1 | Ser TCT   0   0   0   0   0   0 | Tyr TAT   0   0   0   0   0   0 | Cys TGT   0   0   0   0   0   0
    TTC   2   2   2   2   2   2 |     TCC   1   1   2   1   1   1 |     TAC   2   2   2   2   2   2 |     TGC   1   1   1   1   1   1
Leu TTA   0   0   0   0   0   0 |     TCA   0   0   0   0   0   0 | *** TAA   0   0   0   0   0   0 | *** TGA   0   0   0   0   0   0
    TTG   0   0   1   1   1   1 |     TCG   0   0   0   0   0   0 |     TAG   0   0   0   0   0   0 | Trp TGG   0   0   0   0   0   0
--------------------------------------------------------------------------------------------------------------------------------------
Leu CTT   0   0   0   0   0   0 | Pro CCT   0   0   0   0   0   0 | His CAT   0   0   0   0   0   0 | Arg CGT   0   0   0   0   0   0
    CTC   0   0   0   0   0   0 |     CCC   1   1   0   1   1   1 |     CAC   0   0   0   0   0   0 |     CGC   0   0   0   0   0   0
    CTA   0   0   0   0   0   0 |     CCA   2   2   2   2   2   2 | Gln CAA   0   0   0   0   0   0 |     CGA   0   0   0   0   0   0
    CTG   3   3   2   2   2   2 |     CCG   0   0   0   0   0   0 |     CAG   1   1   1   1   1   1 |     CGG   1   1   1   1   1   1
--------------------------------------------------------------------------------------------------------------------------------------
Ile ATT   0   0   0   0   0   0 | Thr ACT   0   0   0   0   0   0 | Asn AAT   0   0   0   0   0   0 | Ser AGT   0   0   0   0   0   0
    ATC   0   0   0   0   0   0 |     ACC   1   1   1   1   1   1 |     AAC   0   0   0   0   0   0 |     AGC   2   1   2   2   2   2
    ATA   0   0   0   0   0   0 |     ACA   0   0   0   0   1   0 | Lys AAA   0   0   0   0   0   0 | Arg AGA   0   0   0   0   0   0
Met ATG   1   1   1   1   1   1 |     ACG   1   2   1   1   0   1 |     AAG   0   0   0   0   0   0 |     AGG   0   0   0   0   0   0
--------------------------------------------------------------------------------------------------------------------------------------
Val GTT   0   0   0   0   0   0 | Ala GCT   0   0   0   0   0   0 | Asp GAT   0   0   0   0   0   0 | Gly GGT   0   0   0   0   0   0
    GTC   0   0   0   0   0   0 |     GCC   0   0   0   0   0   0 |     GAC   0   0   0   0   0   0 |     GGC   0   0   0   0   0   0
    GTA   0   0   0   0   0   0 |     GCA   0   0   0   0   0   0 | Glu GAA   0   0   0   0   0   0 |     GGA   2   2   2   2   2   2
    GTG   0   0   0   0   0   0 |     GCG   0   0   0   0   0   0 |     GAG   1   1   1   1   1   1 |     GGG   1   1   1   1   1   1
--------------------------------------------------------------------------------------------------------------------------------------

--------------------------------------------------------------------------------------------------------------------------------------
Phe TTT   1   1   1   1   1   1 | Ser TCT   0   0   0   0   0   0 | Tyr TAT   0   0   0   0   0   1 | Cys TGT   0   0   0   0   0   0
    TTC   2   2   2   2   2   2 |     TCC   1   1   1   1   1   2 |     TAC   2   2   2   2   2   1 |     TGC   1   1   1   1   1   1
Leu TTA   0   0   0   0   0   0 |     TCA   0   0   0   0   0   0 | *** TAA   0   0   0   0   0   0 | *** TGA   0   0   0   0   0   0
    TTG   1   0   0   1   0   1 |     TCG   0   0   0   0   0   0 |     TAG   0   0   0   0   0   0 | Trp TGG   0   0   0   0   0   0
--------------------------------------------------------------------------------------------------------------------------------------
Leu CTT   0   0   0   0   0   0 | Pro CCT   0   0   0   0   0   0 | His CAT   0   0   0   0   0   0 | Arg CGT   0   0   0   0   0   0
    CTC   0   0   0   0   0   0 |     CCC   1   1   1   1   1   0 |     CAC   0   0   0   0   0   0 |     CGC   0   0   0   0   0   0
    CTA   0   0   0   0   0   0 |     CCA   2   2   2   2   2   2 | Gln CAA   0   0   0   0   0   0 |     CGA   0   0   0   0   0   0
    CTG   2   3   3   2   3   2 |     CCG   0   0   0   0   0   0 |     CAG   1   1   1   1   1   1 |     CGG   1   1   1   1   1   1
--------------------------------------------------------------------------------------------------------------------------------------
Ile ATT   0   0   0   0   0   0 | Thr ACT   0   0   0   0   0   0 | Asn AAT   0   0   0   0   0   0 | Ser AGT   0   0   0   0   0   0
    ATC   0   0   0   0   0   0 |     ACC   1   1   1   1   1   1 |     AAC   0   0   0   0   0   0 |     AGC   2   2   2   2   2   2
    ATA   0   0   0   0   0   0 |     ACA   0   0   0   0   0   0 | Lys AAA   0   0   0   0   0   0 | Arg AGA   0   0   0   0   0   0
Met ATG   1   1   1   1   1   1 |     ACG   1   1   1   1   1   1 |     AAG   0   0   0   0   0   0 |     AGG   0   0   0   0   0   0
--------------------------------------------------------------------------------------------------------------------------------------
Val GTT   0   0   0   0   0   0 | Ala GCT   0   0   0   0   0   0 | Asp GAT   0   0   0   0   0   0 | Gly GGT   0   0   0   0   0   0
    GTC   0   0   0   0   0   0 |     GCC   0   0   0   0   0   0 |     GAC   0   0   0   0   0   0 |     GGC   0   0   0   0   0   0
    GTA   0   0   0   0   0   0 |     GCA   0   0   0   0   0   0 | Glu GAA   0   0   1   0   0   0 |     GGA   2   2   2   2   2   2
    GTG   0   0   0   0   0   0 |     GCG   0   0   0   0   0   0 |     GAG   1   1   0   1   1   1 |     GGG   1   1   1   1   1   1
--------------------------------------------------------------------------------------------------------------------------------------

--------------------------------------------------------------------------------------------------------------------------------------
Phe TTT   1   1   1   1   1   1 | Ser TCT   0   0   0   0   0   0 | Tyr TAT   0   0   0   0   0   0 | Cys TGT   0   0   0   0   0   0
    TTC   2   2   2   2   2   2 |     TCC   2   1   2   2   1   1 |     TAC   2   2   2   2   2   2 |     TGC   1   1   1   1   1   1
Leu TTA   0   0   0   0   0   0 |     TCA   0   0   0   0   0   0 | *** TAA   0   0   0   0   0   0 | *** TGA   0   0   0   0   0   0
    TTG   1   0   1   1   0   0 |     TCG   0   0   0   0   0   0 |     TAG   0   0   0   0   0   0 | Trp TGG   0   0   0   0   0   0
--------------------------------------------------------------------------------------------------------------------------------------
Leu CTT   0   0   0   0   0   0 | Pro CCT   0   0   0   0   0   0 | His CAT   0   0   0   0   0   0 | Arg CGT   0   0   0   0   0   0
    CTC   0   0   0   0   0   0 |     CCC   0   1   0   0   1   1 |     CAC   0   0   0   0   0   0 |     CGC   0   0   0   0   0   0
    CTA   0   0   0   0   0   0 |     CCA   2   2   2   2   2   2 | Gln CAA   0   0   0   0   0   0 |     CGA   0   0   0   0   0   0
    CTG   2   3   2   2   3   3 |     CCG   0   0   0   0   0   0 |     CAG   1   1   1   1   1   1 |     CGG   1   1   1   1   1   1
--------------------------------------------------------------------------------------------------------------------------------------
Ile ATT   0   0   0   0   0   0 | Thr ACT   0   0   0   0   0   0 | Asn AAT   0   0   0   0   0   0 | Ser AGT   0   0   0   0   0   0
    ATC   0   0   0   0   0   0 |     ACC   1   1   1   1   1   1 |     AAC   0   0   0   0   0   0 |     AGC   2   2   2   2   2   2
    ATA   0   0   0   0   0   0 |     ACA   0   0   0   0   0   0 | Lys AAA   0   0   0   0   0   0 | Arg AGA   0   0   0   0   0   0
Met ATG   1   1   1   1   1   1 |     ACG   1   1   1   1   1   1 |     AAG   0   0   0   0   0   0 |     AGG   0   0   0   0   0   0
--------------------------------------------------------------------------------------------------------------------------------------
Val GTT   0   0   0   0   0   0 | Ala GCT   0   0   0   0   0   0 | Asp GAT   0   0   0   0   0   0 | Gly GGT   0   0   0   0   0   0
    GTC   0   0   0   0   0   0 |     GCC   0   0   0   0   0   0 |     GAC   0   0   0   0   0   0 |     GGC   0   0   0   0   0   0
    GTA   0   0   0   0   0   0 |     GCA   0   0   0   0   0   0 | Glu GAA   0   0   0   0   0   0 |     GGA   2   2   2   2   2   2
    GTG   0   0   0   0   0   0 |     GCG   0   0   0   0   0   0 |     GAG   1   1   1   1   1   1 |     GGG   1   1   1   1   1   1
--------------------------------------------------------------------------------------------------------------------------------------

--------------------------------------------------------------------------------------------------------------------------------------
Phe TTT   1   1   1   1   1   1 | Ser TCT   0   0   0   0   0   0 | Tyr TAT   0   0   0   0   0   0 | Cys TGT   0   0   0   0   0   0
    TTC   2   2   2   2   2   2 |     TCC   1   1   1   1   1   1 |     TAC   2   2   2   2   2   2 |     TGC   1   1   1   1   1   1
Leu TTA   0   0   0   0   0   0 |     TCA   0   0   0   0   0   0 | *** TAA   0   0   0   0   0   0 | *** TGA   0   0   0   0   0   0
    TTG   1   1   1   1   0   0 |     TCG   0   0   0   0   0   0 |     TAG   0   0   0   0   0   0 | Trp TGG   0   0   0   0   0   0
--------------------------------------------------------------------------------------------------------------------------------------
Leu CTT   0   0   0   0   0   0 | Pro CCT   0   0   0   0   0   0 | His CAT   0   0   0   0   0   0 | Arg CGT   0   0   0   0   0   0
    CTC   0   0   0   0   0   0 |     CCC   1   1   1   1   1   1 |     CAC   0   0   0   0   0   0 |     CGC   0   0   0   0   0   0
    CTA   0   0   0   1   0   0 |     CCA   2   2   2   2   2   2 | Gln CAA   0   0   0   0   0   0 |     CGA   0   0   0   0   0   0
    CTG   2   2   2   1   3   3 |     CCG   0   0   0   0   0   0 |     CAG   1   1   1   1   1   1 |     CGG   1   1   1   1   1   1
--------------------------------------------------------------------------------------------------------------------------------------
Ile ATT   0   0   0   0   0   0 | Thr ACT   0   0   0   0   0   0 | Asn AAT   0   0   0   0   0   0 | Ser AGT   0   1   0   0   0   0
    ATC   0   0   0   0   0   0 |     ACC   1   1   1   1   2   2 |     AAC   0   0   0   0   0   0 |     AGC   2   1   2   2   1   1
    ATA   0   0   0   0   0   0 |     ACA   0   0   0   0   0   0 | Lys AAA   0   0   0   0   0   0 | Arg AGA   0   0   0   0   0   0
Met ATG   1   1   1   1   1   1 |     ACG   1   1   1   1   1   1 |     AAG   0   0   0   0   0   0 |     AGG   0   0   0   0   0   0
--------------------------------------------------------------------------------------------------------------------------------------
Val GTT   0   0   0   0   0   0 | Ala GCT   0   0   0   0   0   0 | Asp GAT   0   0   0   0   0   0 | Gly GGT   0   0   0   0   0   0
    GTC   0   0   0   0   0   0 |     GCC   0   0   0   0   0   0 |     GAC   0   0   0   0   0   0 |     GGC   0   0   0   0   0   0
    GTA   0   0   0   0   0   0 |     GCA   0   0   0   0   0   0 | Glu GAA   0   0   0   0   0   0 |     GGA   2   2   2   2   2   2
    GTG   0   0   0   0   0   0 |     GCG   0   0   0   1   0   0 |     GAG   1   1   1   1   1   1 |     GGG   1   1   1   0   1   1
--------------------------------------------------------------------------------------------------------------------------------------

Codon position x base (3x4) table for each sequence.

#1: Argali         
position  1:    T:0.33333    C:0.29167    A:0.20833    G:0.16667
position  2:    T:0.29167    C:0.25000    A:0.16667    G:0.29167
position  3:    T:0.04167    C:0.41667    A:0.20833    G:0.33333
Average         T:0.22222    C:0.31944    A:0.19444    G:0.26389

#2: LesserMouseDeer
position  1:    T:0.29167    C:0.33333    A:0.16667    G:0.20833
position  2:    T:0.29167    C:0.25000    A:0.20833    G:0.25000
position  3:    T:0.08333    C:0.45833    A:0.12500    G:0.33333
Average         T:0.22222    C:0.34722    A:0.16667    G:0.26389

#3: LesserKudu     
position  1:    T:0.29167    C:0.33333    A:0.20833    G:0.16667
position  2:    T:0.29167    C:0.29167    A:0.16667    G:0.25000
position  3:    T:0.04167    C:0.41667    A:0.16667    G:0.37500
Average         T:0.20833    C:0.34722    A:0.18056    G:0.26389

#4: ForestMuskDeer2
position  1:    T:0.33333    C:0.29167    A:0.20833    G:0.16667
position  2:    T:0.29167    C:0.25000    A:0.16667    G:0.29167
position  3:    T:0.04167    C:0.41667    A:0.20833    G:0.33333
Average         T:0.22222    C:0.31944    A:0.19444    G:0.26389

#5: Camel          
position  1:    T:0.29167    C:0.33333    A:0.16667    G:0.20833
position  2:    T:0.29167    C:0.25000    A:0.16667    G:0.29167
position  3:    T:0.16667    C:0.29167    A:0.20833    G:0.33333
Average         T:0.25000    C:0.29167    A:0.18056    G:0.27778

#6: KillerWhale    
position  1:    T:0.33333    C:0.29167    A:0.16667    G:0.20833
position  2:    T:0.29167    C:0.25000    A:0.16667    G:0.29167
position  3:    T:0.04167    C:0.41667    A:0.20833    G:0.33333
Average         T:0.22222    C:0.31944    A:0.18056    G:0.27778

#7: DefassaWaterbuck
position  1:    T:0.33333    C:0.29167    A:0.20833    G:0.16667
position  2:    T:0.29167    C:0.25000    A:0.16667    G:0.29167
position  3:    T:0.04167    C:0.41667    A:0.16667    G:0.37500
Average         T:0.22222    C:0.31944    A:0.18056    G:0.27778

#8: Sheep          
position  1:    T:0.33333    C:0.29167    A:0.20833    G:0.16667
position  2:    T:0.29167    C:0.25000    A:0.16667    G:0.29167
position  3:    T:0.04167    C:0.41667    A:0.20833    G:0.33333
Average         T:0.22222    C:0.31944    A:0.19444    G:0.26389

#9: MaxwellsDuiker 
position  1:    T:0.33333    C:0.29167    A:0.20833    G:0.16667
position  2:    T:0.29167    C:0.25000    A:0.16667    G:0.29167
position  3:    T:0.04167    C:0.45833    A:0.16667    G:0.33333
Average         T:0.22222    C:0.33333    A:0.18056    G:0.26389

#10: GazellaPrzewalskyi
position  1:    T:0.29167    C:0.33333    A:0.20833    G:0.16667
position  2:    T:0.29167    C:0.25000    A:0.16667    G:0.29167
position  3:    T:0.04167    C:0.41667    A:0.16667    G:0.37500
Average         T:0.20833    C:0.33333    A:0.18056    G:0.27778

#11: MountainNyala  
position  1:    T:0.29167    C:0.33333    A:0.20833    G:0.16667
position  2:    T:0.29167    C:0.29167    A:0.16667    G:0.25000
position  3:    T:0.04167    C:0.41667    A:0.16667    G:0.37500
Average         T:0.20833    C:0.34722    A:0.18056    G:0.26389

#12: MuntiacusMuntjak
position  1:    T:0.37500    C:0.25000    A:0.20833    G:0.16667
position  2:    T:0.29167    C:0.25000    A:0.16667    G:0.29167
position  3:    T:0.04167    C:0.41667    A:0.20833    G:0.33333
Average         T:0.23611    C:0.30556    A:0.19444    G:0.26389

#13: goat           
position  1:    T:0.33333    C:0.29167    A:0.20833    G:0.16667
position  2:    T:0.29167    C:0.25000    A:0.16667    G:0.29167
position  3:    T:0.04167    C:0.41667    A:0.20833    G:0.33333
Average         T:0.22222    C:0.31944    A:0.19444    G:0.26389

#14: AfricanBuffalo 
position  1:    T:0.29167    C:0.33333    A:0.20833    G:0.16667
position  2:    T:0.29167    C:0.25000    A:0.16667    G:0.29167
position  3:    T:0.04167    C:0.41667    A:0.16667    G:0.37500
Average         T:0.20833    C:0.33333    A:0.18056    G:0.27778

#15: Topi           
position  1:    T:0.29167    C:0.33333    A:0.20833    G:0.16667
position  2:    T:0.29167    C:0.25000    A:0.16667    G:0.29167
position  3:    T:0.04167    C:0.41667    A:0.16667    G:0.37500
Average         T:0.20833    C:0.33333    A:0.18056    G:0.27778

#16: CommonDuiker   
position  1:    T:0.33333    C:0.29167    A:0.20833    G:0.16667
position  2:    T:0.29167    C:0.25000    A:0.16667    G:0.29167
position  3:    T:0.08333    C:0.37500    A:0.16667    G:0.37500
Average         T:0.23611    C:0.30556    A:0.18056    G:0.27778

#17: Suni           
position  1:    T:0.33333    C:0.29167    A:0.20833    G:0.16667
position  2:    T:0.29167    C:0.25000    A:0.16667    G:0.29167
position  3:    T:0.04167    C:0.41667    A:0.12500    G:0.41667
Average         T:0.22222    C:0.31944    A:0.16667    G:0.29167

#18: Springbuck     
position  1:    T:0.29167    C:0.33333    A:0.20833    G:0.16667
position  2:    T:0.29167    C:0.25000    A:0.16667    G:0.29167
position  3:    T:0.04167    C:0.41667    A:0.16667    G:0.37500
Average         T:0.20833    C:0.33333    A:0.18056    G:0.27778

#19: Okapi          
position  1:    T:0.33333    C:0.29167    A:0.20833    G:0.16667
position  2:    T:0.29167    C:0.25000    A:0.16667    G:0.29167
position  3:    T:0.04167    C:0.41667    A:0.20833    G:0.33333
Average         T:0.22222    C:0.31944    A:0.19444    G:0.26389

#20: Giraffe        
position  1:    T:0.33333    C:0.29167    A:0.20833    G:0.16667
position  2:    T:0.29167    C:0.25000    A:0.16667    G:0.29167
position  3:    T:0.04167    C:0.41667    A:0.20833    G:0.33333
Average         T:0.22222    C:0.31944    A:0.19444    G:0.26389

#21: TibetanAntelope
position  1:    T:0.33333    C:0.29167    A:0.20833    G:0.16667
position  2:    T:0.29167    C:0.25000    A:0.16667    G:0.29167
position  3:    T:0.04167    C:0.41667    A:0.20833    G:0.33333
Average         T:0.22222    C:0.31944    A:0.19444    G:0.26389

#22: Sitatunga      
position  1:    T:0.29167    C:0.33333    A:0.20833    G:0.16667
position  2:    T:0.29167    C:0.29167    A:0.16667    G:0.25000
position  3:    T:0.04167    C:0.41667    A:0.16667    G:0.37500
Average         T:0.20833    C:0.34722    A:0.18056    G:0.26389

#23: Oribi          
position  1:    T:0.29167    C:0.33333    A:0.20833    G:0.16667
position  2:    T:0.29167    C:0.25000    A:0.16667    G:0.29167
position  3:    T:0.04167    C:0.41667    A:0.16667    G:0.37500
Average         T:0.20833    C:0.33333    A:0.18056    G:0.27778

#24: BarbarySheep   
position  1:    T:0.33333    C:0.29167    A:0.20833    G:0.16667
position  2:    T:0.29167    C:0.25000    A:0.16667    G:0.29167
position  3:    T:0.04167    C:0.41667    A:0.20833    G:0.33333
Average         T:0.22222    C:0.31944    A:0.19444    G:0.26389

#25: Daviddeer      
position  1:    T:0.37500    C:0.25000    A:0.20833    G:0.16667
position  2:    T:0.29167    C:0.25000    A:0.16667    G:0.29167
position  3:    T:0.04167    C:0.41667    A:0.16667    G:0.37500
Average         T:0.23611    C:0.30556    A:0.18056    G:0.27778

#26: Reindeer       
position  1:    T:0.37500    C:0.25000    A:0.20833    G:0.16667
position  2:    T:0.29167    C:0.25000    A:0.16667    G:0.29167
position  3:    T:0.04167    C:0.41667    A:0.16667    G:0.37500
Average         T:0.23611    C:0.30556    A:0.18056    G:0.27778

#27: Ibex           
position  1:    T:0.33333    C:0.29167    A:0.20833    G:0.16667
position  2:    T:0.29167    C:0.25000    A:0.16667    G:0.29167
position  3:    T:0.04167    C:0.41667    A:0.20833    G:0.33333
Average         T:0.22222    C:0.31944    A:0.19444    G:0.26389

#28: GyrantGazelle  
position  1:    T:0.29167    C:0.33333    A:0.20833    G:0.16667
position  2:    T:0.29167    C:0.25000    A:0.16667    G:0.29167
position  3:    T:0.04167    C:0.41667    A:0.16667    G:0.37500
Average         T:0.20833    C:0.33333    A:0.18056    G:0.27778

#29: Hartebeest     
position  1:    T:0.29167    C:0.33333    A:0.20833    G:0.16667
position  2:    T:0.29167    C:0.25000    A:0.16667    G:0.29167
position  3:    T:0.04167    C:0.41667    A:0.16667    G:0.37500
Average         T:0.20833    C:0.33333    A:0.18056    G:0.27778

#30: Bongo          
position  1:    T:0.29167    C:0.33333    A:0.20833    G:0.16667
position  2:    T:0.29167    C:0.29167    A:0.16667    G:0.25000
position  3:    T:0.04167    C:0.41667    A:0.16667    G:0.37500
Average         T:0.20833    C:0.34722    A:0.18056    G:0.26389

#31: Gerenuk        
position  1:    T:0.29167    C:0.33333    A:0.20833    G:0.16667
position  2:    T:0.29167    C:0.25000    A:0.16667    G:0.29167
position  3:    T:0.04167    C:0.41667    A:0.16667    G:0.37500
Average         T:0.20833    C:0.33333    A:0.18056    G:0.27778

#32: CommonEland    
position  1:    T:0.29167    C:0.33333    A:0.20833    G:0.16667
position  2:    T:0.29167    C:0.29167    A:0.16667    G:0.25000
position  3:    T:0.04167    C:0.37500    A:0.16667    G:0.41667
Average         T:0.20833    C:0.33333    A:0.18056    G:0.27778

#33: MuntiacusReevesi
position  1:    T:0.37500    C:0.25000    A:0.20833    G:0.16667
position  2:    T:0.29167    C:0.25000    A:0.16667    G:0.29167
position  3:    T:0.04167    C:0.41667    A:0.16667    G:0.37500
Average         T:0.23611    C:0.30556    A:0.18056    G:0.27778

#34: HarveysDuiker  
position  1:    T:0.33333    C:0.29167    A:0.20833    G:0.16667
position  2:    T:0.29167    C:0.25000    A:0.16667    G:0.29167
position  3:    T:0.04167    C:0.41667    A:0.16667    G:0.37500
Average         T:0.22222    C:0.31944    A:0.18056    G:0.27778

#35: Pronghorn      
position  1:    T:0.33333    C:0.29167    A:0.20833    G:0.16667
position  2:    T:0.29167    C:0.25000    A:0.16667    G:0.29167
position  3:    T:0.04167    C:0.41667    A:0.20833    G:0.33333
Average         T:0.22222    C:0.31944    A:0.19444    G:0.26389

#36: BlueWildebeest 
position  1:    T:0.33333    C:0.29167    A:0.20833    G:0.16667
position  2:    T:0.29167    C:0.25000    A:0.16667    G:0.29167
position  3:    T:0.04167    C:0.41667    A:0.16667    G:0.37500
Average         T:0.22222    C:0.31944    A:0.18056    G:0.27778

#37: Gemsbok        
position  1:    T:0.33333    C:0.29167    A:0.20833    G:0.16667
position  2:    T:0.29167    C:0.25000    A:0.16667    G:0.29167
position  3:    T:0.04167    C:0.41667    A:0.16667    G:0.37500
Average         T:0.22222    C:0.31944    A:0.18056    G:0.27778

#38: Yak            
position  1:    T:0.29167    C:0.33333    A:0.20833    G:0.16667
position  2:    T:0.29167    C:0.25000    A:0.16667    G:0.29167
position  3:    T:0.04167    C:0.41667    A:0.16667    G:0.37500
Average         T:0.20833    C:0.33333    A:0.18056    G:0.27778

#39: BlueSheep      
position  1:    T:0.29167    C:0.33333    A:0.20833    G:0.16667
position  2:    T:0.29167    C:0.25000    A:0.16667    G:0.29167
position  3:    T:0.04167    C:0.41667    A:0.20833    G:0.33333
Average         T:0.20833    C:0.33333    A:0.19444    G:0.26389

#40: BohorReedbuck  
position  1:    T:0.33333    C:0.29167    A:0.20833    G:0.16667
position  2:    T:0.29167    C:0.25000    A:0.16667    G:0.29167
position  3:    T:0.04167    C:0.41667    A:0.16667    G:0.37500
Average         T:0.22222    C:0.31944    A:0.18056    G:0.27778

#41: KirksDik       
position  1:    T:0.29167    C:0.33333    A:0.20833    G:0.16667
position  2:    T:0.29167    C:0.25000    A:0.16667    G:0.29167
position  3:    T:0.04167    C:0.41667    A:0.16667    G:0.37500
Average         T:0.20833    C:0.33333    A:0.18056    G:0.27778

#42: RoeDeer        
position  1:    T:0.37500    C:0.25000    A:0.20833    G:0.16667
position  2:    T:0.29167    C:0.25000    A:0.16667    G:0.29167
position  3:    T:0.08333    C:0.37500    A:0.16667    G:0.37500
Average         T:0.25000    C:0.29167    A:0.18056    G:0.27778

#43: WhiteLippedDeer
position  1:    T:0.37500    C:0.25000    A:0.20833    G:0.16667
position  2:    T:0.29167    C:0.25000    A:0.16667    G:0.29167
position  3:    T:0.04167    C:0.41667    A:0.16667    G:0.37500
Average         T:0.23611    C:0.30556    A:0.18056    G:0.27778

#44: ThomsonGazelle 
position  1:    T:0.29167    C:0.33333    A:0.20833    G:0.16667
position  2:    T:0.29167    C:0.25000    A:0.16667    G:0.29167
position  3:    T:0.04167    C:0.41667    A:0.16667    G:0.37500
Average         T:0.20833    C:0.33333    A:0.18056    G:0.27778

#45: MuntiacusCrinifrons
position  1:    T:0.37500    C:0.25000    A:0.20833    G:0.16667
position  2:    T:0.29167    C:0.25000    A:0.16667    G:0.29167
position  3:    T:0.04167    C:0.41667    A:0.16667    G:0.37500
Average         T:0.23611    C:0.30556    A:0.18056    G:0.27778

#46: WhiteTailedDeer
position  1:    T:0.37500    C:0.25000    A:0.20833    G:0.16667
position  2:    T:0.29167    C:0.25000    A:0.16667    G:0.29167
position  3:    T:0.04167    C:0.41667    A:0.16667    G:0.37500
Average         T:0.23611    C:0.30556    A:0.18056    G:0.27778

#47: Cattle         
position  1:    T:0.29167    C:0.33333    A:0.20833    G:0.16667
position  2:    T:0.29167    C:0.25000    A:0.16667    G:0.29167
position  3:    T:0.04167    C:0.41667    A:0.16667    G:0.37500
Average         T:0.20833    C:0.33333    A:0.18056    G:0.27778

#48: RoyalAntelope  
position  1:    T:0.29167    C:0.33333    A:0.20833    G:0.16667
position  2:    T:0.29167    C:0.25000    A:0.16667    G:0.29167
position  3:    T:0.04167    C:0.41667    A:0.16667    G:0.37500
Average         T:0.20833    C:0.33333    A:0.18056    G:0.27778

#49: Steenbok       
position  1:    T:0.33333    C:0.29167    A:0.20833    G:0.16667
position  2:    T:0.29167    C:0.25000    A:0.16667    G:0.29167
position  3:    T:0.04167    C:0.41667    A:0.16667    G:0.37500
Average         T:0.22222    C:0.31944    A:0.18056    G:0.27778

#50: Impala         
position  1:    T:0.33333    C:0.29167    A:0.20833    G:0.16667
position  2:    T:0.29167    C:0.25000    A:0.16667    G:0.29167
position  3:    T:0.08333    C:0.37500    A:0.16667    G:0.37500
Average         T:0.23611    C:0.30556    A:0.18056    G:0.27778

#51: Klipspringer   
position  1:    T:0.33333    C:0.29167    A:0.20833    G:0.16667
position  2:    T:0.29167    C:0.25000    A:0.16667    G:0.29167
