CODONML (in paml version 4.10.7, June 2023)  /home/rachel/ruminants_paml/6406-phy-tree/ENSBTAT00000007607.fasta.phy
Model: free dN/dS Ratios for branches,  kappa = 2.000 fixed

Codon frequency model: F3x4
ns =  54  ls = 236

Codon usage in sequences
--------------------------------------------------------------------------------------------------------------------------------------
Phe TTT   8   8   9   8   9   9 | Ser TCT   1   0   1   1   0   0 | Tyr TAT   5   6   5   4   5   4 | Cys TGT   2   3   1   1   3   3
    TTC   8   7   7   8   7   6 |     TCC   4   4   4   4   4   4 |     TAC   2   1   2   3   2   3 |     TGC   4   3   5   5   3   3
Leu TTA   7   7   7   7   4   6 |     TCA   3   4   3   3   4   3 | *** TAA   0   0   0   0   0   0 | *** TGA   0   0   0   0   0   0
    TTG   6   7   6   6   7   6 |     TCG   0   0   0   0   0   1 |     TAG   0   0   0   0   0   0 | Trp TGG   5   5   5   5   5   5
--------------------------------------------------------------------------------------------------------------------------------------
Leu CTT  10  11  10   9   9  11 | Pro CCT   5   5   5   5   6   6 | His CAT   4   6   5   5   6   6 | Arg CGT   2   3   2   2   1   1
    CTC   7   7   7   8   9   7 |     CCC   4   3   4   4   3   2 |     CAC   5   3   3   4   3   3 |     CGC   0   0   0   0   0   1
    CTA   2   1   3   3   2   2 |     CCA   5   5   5   5   5   5 | Gln CAA   4   4   4   4   4   5 |     CGA   0   0   0   0   0   0
    CTG   3   2   2   2   4   4 |     CCG   0   1   0   0   0   1 |     CAG   7   7   8   7   7   6 |     CGG   1   1   1   1   2   1
--------------------------------------------------------------------------------------------------------------------------------------
Ile ATT   6   5   6   6   6   6 | Thr ACT   4   3   4   4   5   4 | Asn AAT   5   5   5   5   6   6 | Ser AGT   4   3   4   3   2   2
    ATC   1   2   1   1   2   1 |     ACC   3   4   3   3   3   4 |     AAC   2   2   2   2   1   0 |     AGC   2   3   2   3   4   4
    ATA   3   3   3   3   3   3 |     ACA   4   3   4   3   3   4 | Lys AAA   9   9   8   9   9   9 | Arg AGA   4   4   4   4   4   4
Met ATG   9   9   9   9   9   9 |     ACG   1   2   1   2   1   1 |     AAG   2   2   3   2   2   2 |     AGG   1   1   1   1   1   1
--------------------------------------------------------------------------------------------------------------------------------------
Val GTT   8   8   8   7   6   9 | Ala GCT   5   5   5   5   5   5 | Asp GAT   2   2   3   3   2   3 | Gly GGT   4   5   5   4   5   5
    GTC   2   2   2   2   5   1 |     GCC   1   1   1   1   0   2 |     GAC   1   0   0   0   1   0 |     GGC   1   0   0   1   0   0
    GTA   6   7   6   7   5   6 |     GCA  10  11  10  10  11  10 | Glu GAA   7   7   7   8   7   5 |     GGA   3   3   2   3   3   3
    GTG   5   4   5   5   4   5 |     GCG   1   0   1   1   1   0 |     GAG   4   5   4   3   4   6 |     GGG   2   2   3   2   2   2
--------------------------------------------------------------------------------------------------------------------------------------

--------------------------------------------------------------------------------------------------------------------------------------
Phe TTT   9   8  10   9   9   9 | Ser TCT   1   1   1   1   1   1 | Tyr TAT   5   5   5   5   5   5 | Cys TGT   2   2   2   2   1   2
    TTC   7   8   6   7   7   7 |     TCC   4   4   4   4   4   4 |     TAC   2   2   2   3   2   2 |     TGC   4   4   4   4   5   4
Leu TTA   7   7   7   7   7   8 |     TCA   3   3   3   3   3   3 | *** TAA   0   0   0   0   0   0 | *** TGA   0   0   0   0   0   0
    TTG   6   6   6   6   6   6 |     TCG   0   0   0   0   0   0 |     TAG   0   0   0   0   0   0 | Trp TGG   5   5   5   5   5   5
--------------------------------------------------------------------------------------------------------------------------------------
Leu CTT  10   9   8  10  10  11 | Pro CCT   5   5   5   5   5   5 | His CAT   4   4   4   4   5   5 | Arg CGT   2   2   2   2   2   2
    CTC   7   8   8   7   7   6 |     CCC   4   4   4   4   4   5 |     CAC   5   5   5   5   3   4 |     CGC   0   0   0   0   0   0
    CTA   3   2   3   3   3   2 |     CCA   5   5   5   4   5   4 | Gln CAA   3   4   4   5   4   3 |     CGA   0   0   0   0   0   0
    CTG   2   3   3   2   2   2 |     CCG   0   0   0   1   0   0 |     CAG   8   7   7   6   8   8 |     CGG   1   1   1   1   1   1
--------------------------------------------------------------------------------------------------------------------------------------
Ile ATT   6   6   6   6   6   6 | Thr ACT   4   4   4   4   4   4 | Asn AAT   5   5   5   5   5   5 | Ser AGT   3   4   3   4   4   3
    ATC   1   1   1   1   1   1 |     ACC   3   3   3   3   4   3 |     AAC   2   2   2   2   2   2 |     AGC   3   2   3   2   2   3
    ATA   3   3   3   3   3   3 |     ACA   4   4   4   4   3   4 | Lys AAA   9   9   9   9   8   9 | Arg AGA   4   4   4   4   4   4
Met ATG   9   9   9   9   9   9 |     ACG   1   1   1   1   1   1 |     AAG   2   2   2   2   3   2 |     AGG   1   1   1   1   1   1
--------------------------------------------------------------------------------------------------------------------------------------
Val GTT   8   8   8   8   8   8 | Ala GCT   5   5   5   4   5   5 | Asp GAT   3   2   3   3   3   3 | Gly GGT   5   5   5   5   5   5
    GTC   2   2   2   2   2   2 |     GCC   1   1   1   1   1   1 |     GAC   0   1   0   0   0   0 |     GGC   0   0   0   0   0   0
    GTA   6   6   6   6   6   5 |     GCA  10  10  10  11  10  11 | Glu GAA   7   7   7   7   7   7 |     GGA   3   3   4   3   3   3
    GTG   5   5   5   5   5   6 |     GCG   1   1   1   0   1   0 |     GAG   4   4   4   4   4   4 |     GGG   2   2   1   2   2   2
--------------------------------------------------------------------------------------------------------------------------------------

--------------------------------------------------------------------------------------------------------------------------------------
Phe TTT   7   9   9  10   9   9 | Ser TCT   1   1   1   1   1   2 | Tyr TAT   5   5   5   5   4   5 | Cys TGT   3   1   2   2   2   2
    TTC   9   7   7   6   7   7 |     TCC   4   4   4   4   4   3 |     TAC   2   2   2   2   3   2 |     TGC   3   5   4   4   4   4
Leu TTA   7   7   7   7   7   7 |     TCA   3   3   3   3   3   3 | *** TAA   0   0   0   0   0   0 | *** TGA   0   0   0   0   0   0
    TTG   6   5   6   6   6   6 |     TCG   0   0   0   0   0   0 |     TAG   0   0   0   0   0   0 | Trp TGG   5   5   5   5   5   5
--------------------------------------------------------------------------------------------------------------------------------------
Leu CTT  10  10  10   9  10  10 | Pro CCT   5   5   5   5   5   5 | His CAT   4   4   4   4   2   4 | Arg CGT   2   2   2   2   2   2
    CTC   7   7   7   7   7   7 |     CCC   4   4   4   4   4   5 |     CAC   5   5   5   5   7   5 |     CGC   0   0   0   0   0   0
    CTA   2   3   3   3   3   3 |     CCA   3   4   5   5   5   4 | Gln CAA   4   4   4   4   4   4 |     CGA   0   0   0   0   0   0
    CTG   3   3   2   3   2   2 |     CCG   2   1   0   0   0   0 |     CAG   7   7   7   7   7   7 |     CGG   1   1   1   1   1   1
--------------------------------------------------------------------------------------------------------------------------------------
Ile ATT   6   6   6   6   6   5 | Thr ACT   4   4   4   5   4   4 | Asn AAT   5   5   5   5   5   5 | Ser AGT   4   3   4   4   4   4
    ATC   1   1   1   1   1   1 |     ACC   3   3   3   3   3   3 |     AAC   2   2   2   2   2   2 |     AGC   2   3   2   2   2   2
    ATA   3   3   3   3   3   4 |     ACA   4   4   4   4   4   4 | Lys AAA   9   7   9   9   9   9 | Arg AGA   4   4   4   4   4   4
Met ATG   9   9   9   9   9   9 |     ACG   1   1   1   1   1   1 |     AAG   2   4   2   2   2   2 |     AGG   1   1   1   1   1   1
--------------------------------------------------------------------------------------------------------------------------------------
Val GTT   8   8   8   8   6   8 | Ala GCT   5   6   5   4   5   5 | Asp GAT   3   3   3   3   3   3 | Gly GGT   5   5   5   5   5   5
    GTC   2   2   2   2   3   2 |     GCC   1   1   1   1   1   1 |     GAC   0   0   0   0   0   0 |     GGC   0   0   0   0   0   0
    GTA   6   6   6   6   6   6 |     GCA  10   8  10  10   8  10 | Glu GAA   7   7   7   7   7   7 |     GGA   3   3   3   3   3   3
    GTG   5   5   5   5   6   5 |     GCG   1   2   1   1   3   1 |     GAG   4   4   4   4   4   4 |     GGG   2   2   2   2   2   2
--------------------------------------------------------------------------------------------------------------------------------------

--------------------------------------------------------------------------------------------------------------------------------------
Phe TTT   9   9   8   9   9   8 | Ser TCT   1   1   2   1   1   1 | Tyr TAT   5   5   5   5   5   5 | Cys TGT   3   3   2   1   2   2
    TTC   7   7   8   7   7   8 |     TCC   4   4   3   4   4   4 |     TAC   2   2   2   2   2   2 |     TGC   3   3   4   5   4   4
Leu TTA   8   8   6   7   7   7 |     TCA   3   3   3   3   3   3 | *** TAA   0   0   0   0   0   0 | *** TGA   0   0   0   0   0   0
    TTG   5   6   7   6   6   6 |     TCG   0   0   0   0   0   0 |     TAG   0   0   0   0   0   0 | Trp TGG   5   5   5   5   5   5
--------------------------------------------------------------------------------------------------------------------------------------
Leu CTT  10   9  10  10  10  10 | Pro CCT   5   5   5   5   5   5 | His CAT   6   6   4   5   4   4 | Arg CGT   2   2   2   2   2   2
    CTC   7   6   7   7   7   7 |     CCC   4   4   4   4   4   4 |     CAC   3   3   5   3   5   5 |     CGC   0   0   0   0   0   0
    CTA   2   1   2   3   3   2 |     CCA   5   5   5   5   5   5 | Gln CAA   4   4   4   4   4   4 |     CGA   0   0   0   0   0   0
    CTG   3   4   3   2   2   3 |     CCG   0   0   0   0   0   0 |     CAG   7   7   7   8   7   7 |     CGG   1   1   1   1   1   1
--------------------------------------------------------------------------------------------------------------------------------------
Ile ATT   6   6   6   6   7   6 | Thr ACT   5   4   4   4   4   4 | Asn AAT   5   5   5   5   5   5 | Ser AGT   3   3   4   4   4   4
    ATC   1   2   1   1   1   1 |     ACC   2   3   2   4   3   3 |     AAC   2   2   2   2   2   2 |     AGC   3   3   2   2   2   2
    ATA   3   3   3   3   4   3 |     ACA   4   4   4   3   4   4 | Lys AAA   9   9   9   8   9   9 | Arg AGA   4   4   4   4   4   4
Met ATG   9   9   9   9   9   9 |     ACG   1   1   1   1   1   1 |     AAG   2   2   2   3   2   2 |     AGG   1   1   1   1   1   1
--------------------------------------------------------------------------------------------------------------------------------------
Val GTT   8   8   8   8   7   8 | Ala GCT   5   5   5   5   5   5 | Asp GAT   3   3   3   3   3   3 | Gly GGT   5   5   5   5   5   5
    GTC   1   1   2   2   2   2 |     GCC   2   2   2   1   1   1 |     GAC   0   0   0   0   0   0 |     GGC   0   0   0   0   0   0
    GTA   6   6   6   6   5   6 |     GCA  11  11  10  10  10  10 | Glu GAA   7   7   7   7   7   7 |     GGA   3   3   3   3   3   3
    GTG   5   5   5   5   5   5 |     GCG   0   0   1   1   1   1 |     GAG   4   4   4   4   4   4 |     GGG   2   2   2   2   2   2
--------------------------------------------------------------------------------------------------------------------------------------

--------------------------------------------------------------------------------------------------------------------------------------
Phe TTT   9   8   7   9   9   9 | Ser TCT   1   1   1   1   1   1 | Tyr TAT   4   5   5   5   5   5 | Cys TGT   2   2   3   2   2   1
    TTC   7   8   9   7   7   7 |     TCC   4   3   4   4   4   4 |     TAC   3   1   2   2   2   2 |     TGC   4   4   3   4   4   5
Leu TTA   8   8   7   7   7   7 |     TCA   3   4   3   2   3   3 | *** TAA   0   0   0   0   0   0 | *** TGA   0   0   0   0   0   0
    TTG   6   6   6   6   6   6 |     TCG   0   0   0   1   0   0 |     TAG   0   0   0   0   0   0 | Trp TGG   5   5   5   5   5   5
--------------------------------------------------------------------------------------------------------------------------------------
Leu CTT  11  11  10   9  10  10 | Pro CCT   5   5   5   5   5   5 | His CAT   6   5   4   4   4   5 | Arg CGT   2   2   2   2   2   2
    CTC   6   6   7   8   7   7 |     CCC   5   5   4   5   4   4 |     CAC   3   5   5   5   5   3 |     CGC   0   0   0   0   0   0
    CTA   2   2   2   2   3   3 |     CCA   4   4   5   4   5   5 | Gln CAA   4   4   4   3   4   4 |     CGA   0   0   0   0   0   0
    CTG   2   2   3   3   2   2 |     CCG   0   0   0   0   0   0 |     CAG   7   7   7   8   7   8 |     CGG   1   1   1   1   1   1
--------------------------------------------------------------------------------------------------------------------------------------
Ile ATT   6   5   6   6   6   6 | Thr ACT   4   4   4   4   4   4 | Asn AAT   5   5   4   5   5   5 | Ser AGT   3   3   4   4   4   4
    ATC   1   1   1   1   1   1 |     ACC   3   3   3   3   3   4 |     AAC   2   2   3   2   2   2 |     AGC   3   3   2   2   2   2
    ATA   3   4   3   3   3   3 |     ACA   4   4   4   3   4   3 | Lys AAA   9   9   9   9   9   8 | Arg AGA   4   4   4   3   4   4
Met ATG   9   9   9   9   9   9 |     ACG   1   1   1   2   1   1 |     AAG   2   2   2   2   2   3 |     AGG   1   1   1   2   1   1
--------------------------------------------------------------------------------------------------------------------------------------
Val GTT   8   8   8   7   8   8 | Ala GCT   5   5   5   5   5   5 | Asp GAT   3   3   3   3   3   3 | Gly GGT   5   5   5   4   5   5
    GTC   2   3   2   3   2   2 |     GCC   1   1   1   2   1   1 |     GAC   0   0   0   0   0   0 |     GGC   0   0   0   0   0   0
    GTA   6   5   6   6   6   6 |     GCA  10  11  10   9  10  10 | Glu GAA   7   7   7   7   7   7 |     GGA   3   3   3   4   3   3
    GTG   5   5   5   5   5   5 |     GCG   1   0   1   1   1   1 |     GAG   4   4   4   4   4   4 |     GGG   2   2   2   2   2   2
--------------------------------------------------------------------------------------------------------------------------------------

--------------------------------------------------------------------------------------------------------------------------------------
Phe TTT   9   9   9  10   9   9 | Ser TCT   1   1   1   2   2   1 | Tyr TAT   5   5   5   5   5   5 | Cys TGT   2   1   2   2   2   2
    TTC   7   7   7   6   7   7 |     TCC   4   4   4   4   3   4 |     TAC   2   2   2   2   2   2 |     TGC   4   5   4   4   4   4
Leu TTA   7   7   8   7   8   7 |     TCA   3   3   3   2   3   3 | *** TAA   0   0   0   0   0   0 | *** TGA   0   0   0   0   0   0
    TTG   6   6   6   6   6   6 |     TCG   0   0   0   0   0   0 |     TAG   0   0   0   0   0   0 | Trp TGG   5   5   5   5   5   5
--------------------------------------------------------------------------------------------------------------------------------------
Leu CTT  10  10  11   9  10  10 | Pro CCT   6   5   5   5   4   5 | His CAT   4   5   5   4   6   4 | Arg CGT   2   2   2   2   1   2
    CTC   7   7   6   7   7   7 |     CCC   4   4   5   4   4   4 |     CAC   5   3   4   5   3   5 |     CGC   0   0   0   0   0   0
    CTA   3   3   2   3   2   3 |     CCA   4   5   4   5   5   5 | Gln CAA   4   4   3   4   4   4 |     CGA   0   0   0   0   0   0
    CTG   2   2   2   3   2   2 |     CCG   0   0   0   0   0   0 |     CAG   7   8   8   7   7   7 |     CGG   1   1   1   1   2   1
--------------------------------------------------------------------------------------------------------------------------------------
Ile ATT   6   6   6   6   5   6 | Thr ACT   4   4   4   4   4   4 | Asn AAT   5   5   5   5   5   5 | Ser AGT   4   4   3   4   3   4
    ATC   1   1   1   1   1   1 |     ACC   3   3   3   3   3   3 |     AAC   2   2   2   2   2   2 |     AGC   2   2   3   2   3   2
    ATA   3   3   3   3   3   3 |     ACA   4   4   4   4   4   4 | Lys AAA   9   8   9   9  10   9 | Arg AGA   4   4   4   4   3   4
Met ATG   9   9   9   9   9   9 |     ACG   1   1   1   1   1   1 |     AAG   2   3   2   2   1   2 |     AGG   1   1   1   1   2   1
--------------------------------------------------------------------------------------------------------------------------------------
Val GTT   8   8   8   8   9   8 | Ala GCT   5   5   5   7   5   5 | Asp GAT   3   3   3   3   2   3 | Gly GGT   5   5   5   4   4   5
    GTC   2   2   2   2   2   3 |     GCC   1   1   1   1   1   1 |     GAC   0   0   0   0   1   0 |     GGC   0   0   0   0   2   0
    GTA   7   6   6   7   6   6 |     GCA  10  10  11   9  11  10 | Glu GAA   7   7   7   7   7   7 |     GGA   3   3   3   3   2   3
    GTG   4   5   5   4   5   4 |     GCG   1   1   0   1   1   1 |     GAG   4   4   4   4   4   4 |     GGG   2   2   2   2   2   2
--------------------------------------------------------------------------------------------------------------------------------------

--------------------------------------------------------------------------------------------------------------------------------------
Phe TTT   9   9   8   9   9   9 | Ser TCT   1   2   1   1   1   1 | Tyr TAT   5   5   5   5   5   5 | Cys TGT   2   2   2   2   2   2
    TTC   7   7   8   7   7   7 |     TCC   4   3   4   4   5   4 |     TAC   2   2   2   2   2   2 |     TGC   4   4   4   4   4   4
Leu TTA   7   7   7   7   7   8 |     TCA   3   3   3   3   1   3 | *** TAA   0   0   0   0   0   0 | *** TGA   0   0   0   0   0   0
    TTG   6   5   6   6   6   6 |     TCG   0   0   0   0   1   0 |     TAG   0   0   0   0   0   0 | Trp TGG   5   5   5   5   5   5
--------------------------------------------------------------------------------------------------------------------------------------
Leu CTT  10  10  10  10  10  11 | Pro CCT   5   5   5   5   5   5 | His CAT   4   4   4   4   5   5 | Arg CGT   2   2   2   2   2   2
    CTC   7   7   7   7   7   6 |     CCC   4   4   4   4   4   5 |     CAC   5   5   5   5   4   4 |     CGC   0   0   0   0   0   0
    CTA   3   3   2   3   4   3 |     CCA   5   4   5   5   5   4 | Gln CAA   4   4   4   4   4   4 |     CGA   0   0   0   0   0   0
    CTG   2   3   3   2   1   1 |     CCG   0   1   0   0   0   0 |     CAG   7   7   7   7   7   7 |     CGG   1   1   1   1   1   1
--------------------------------------------------------------------------------------------------------------------------------------
Ile ATT   6   6   6   6   7   6 | Thr ACT   4   4   4   4   4   4 | Asn AAT   5   5   5   5   4   5 | Ser AGT   4   3   4   3   4   3
    ATC   1   1   1   1   1   1 |     ACC   3   3   3   3   3   3 |     AAC   2   2   2   2   3   2 |     AGC   2   3   2   3   2   3
    ATA   3   3   3   3   3   3 |     ACA   2   4   4   4   4   4 | Lys AAA   9   8   9   9   9   9 | Arg AGA   4   4   4   4   4   4
Met ATG   9   9   9   9   9   9 |     ACG   3   1   1   1   0   1 |     AAG   2   3   2   2   2   2 |     AGG   1   1   1   1   1   1
--------------------------------------------------------------------------------------------------------------------------------------
Val GTT   8   7   8   8   7   8 | Ala GCT   5   5   5   5   5   5 | Asp GAT   3   3   3   3   3   3 | Gly GGT   4   5   5   5   5   5
    GTC   2   3   2   2   2   2 |     GCC   1   1   1   1   1   1 |     GAC   0   0   0   0   0   0 |     GGC   1   0   0   0   0   0
    GTA   6   6   6   6   5   6 |     GCA   8   9  10  10  11  11 | Glu GAA   7   7   7   7   7   7 |     GGA   3   3   3   3   3   3
    GTG   5   5   5   5   6   5 |     GCG   3   2   1   1   1   0 |     GAG   4   4   4   4   4   4 |     GGG   2   2   2   2   2   2
--------------------------------------------------------------------------------------------------------------------------------------

--------------------------------------------------------------------------------------------------------------------------------------
Phe TTT   9   9   9   8   9   9 | Ser TCT   1   1   1   1   1   1 | Tyr TAT   4   5   5   5   5   5 | Cys TGT   2   2   2   2   2   2
    TTC   7   7   7   8   7   7 |     TCC   4   4   4   3   4   4 |     TAC   3   2   2   1   2   2 |     TGC   4   4   4   4   4   4
Leu TTA   8   7   8   9   7   8 |     TCA   3   2   3   4   3   3 | *** TAA   0   0   0   0   0   0 | *** TGA   0   0   0   0   0   0
    TTG   6   6   6   5   5   5 |     TCG   0   1   0   0   0   0 |     TAG   0   0   0   0   0   0 | Trp TGG   5   5   5   5   5   5
--------------------------------------------------------------------------------------------------------------------------------------
Leu CTT  11   9  11  11  10  10 | Pro CCT   5   5   5   5   5   4 | His CAT   6   4   5   5   4   5 | Arg CGT   2   1   2   2   2   2
    CTC   6   8   6   6   7   7 |     CCC   5   5   5   5   4   4 |     CAC   3   5   4   5   5   4 |     CGC   0   1   0   0   0   0
    CTA   2   2   2   2   3   2 |     CCA   4   4   4   4   4   6 | Gln CAA   4   3   3   4   4   4 |     CGA   0   0   0   0   0   0
    CTG   2   3   2   2   3   4 |     CCG   0   0   0   0   1   0 |     CAG   7   8   8   7   7   7 |     CGG   1   1   1   1   1   1
--------------------------------------------------------------------------------------------------------------------------------------
Ile ATT   6   6   6   5   6   7 | Thr ACT   4   4   4   4   4   4 | Asn AAT   5   5   5   5   5   5 | Ser AGT   3   4   3   3   3   4
    ATC   1   1   1   1   1   1 |     ACC   3   3   3   3   3   3 |     AAC   2   2   2   2   2   2 |     AGC   3   2   3   3   3   2
    ATA   3   3   3   4   3   2 |     ACA   4   3   4   4   4   4 | Lys AAA   9   9   9   9   8   9 | Arg AGA   4   3   4   4   4   4
Met ATG   9   9   9   9   9   9 |     ACG   1   2   1   1   1   1 |     AAG   2   2   2   2   3   2 |     AGG   1   2   1   1   1   1
--------------------------------------------------------------------------------------------------------------------------------------
Val GTT   8   7   8   8   7   8 | Ala GCT   5   5   5   6   5   5 | Asp GAT   3   3   3   3   3   3 | Gly GGT   5   4   5   5   5   5
    GTC   2   3   2   3   3   2 |     GCC   1   2   1   1   1   1 |     GAC   0   0   0   0   0   0 |     GGC   0   1   0   0   0   0
    GTA   6   6   5   5   6   6 |     GCA  10   9  11  10   9  10 | Glu GAA   7   7   7   7   7   7 |     GGA   3   3   3   3   3   3
    GTG   5   5   6   5   5   4 |     GCG   1   1   0   0   2   1 |     GAG   4   4   4   4   4   4 |     GGG   2   2   2   2   2   2
--------------------------------------------------------------------------------------------------------------------------------------

--------------------------------------------------------------------------------------------------------------------------------------
Phe TTT   9   9   8   8   9   9 | Ser TCT   1   1   2   1   1   1 | Tyr TAT   5   5   5   4   5   5 | Cys TGT   3   3   3   1   1   2
    TTC   7   7   7   8   7   7 |     TCC   4   4   3   4   4   4 |     TAC   2   2   2   3   2   2 |     TGC   3   3   3   5   5   4
Leu TTA   7   7   7   7   7   7 |     TCA   3   3   4   3   3   3 | *** TAA   0   0   0   0   0   0 | *** TGA   0   0   0   0   0   0
    TTG   6   6   7   6   6   6 |     TCG   0   0   0   0   0   0 |     TAG   0   0   0   0   0   0 | Trp TGG   5   5   5   5   5   5
--------------------------------------------------------------------------------------------------------------------------------------
Leu CTT  10  10  10   9  10  10 | Pro CCT   5   5   5   5   5   5 | His CAT   4   4   4   5   5   5 | Arg CGT   2   2   2   2   2   2
    CTC   7   7   7   8   7   7 |     CCC   4   4   4   4   4   4 |     CAC   5   5   5   4   3   3 |     CGC   0   0   0   0   0   0
    CTA   3   3   3   3   3   3 |     CCA   5   5   5   5   5   5 | Gln CAA   4   4   5   4   4   4 |     CGA   0   0   0   0   0   0
    CTG   2   2   2   2   2   2 |     CCG   0   0   0   0   0   0 |     CAG   7   7   6   7   8   8 |     CGG   1   1   1   1   1   1
--------------------------------------------------------------------------------------------------------------------------------------
Ile ATT   6   6   6   6   6   6 | Thr ACT   4   4   4   4   4   4 | Asn AAT   4   5   5   5   5   5 | Ser AGT   4   4   4   3   4   3
    ATC   1   1   1   1   1   1 |     ACC   3   3   3   3   3   3 |     AAC   3   2   2   2   2   2 |     AGC   2   2   2   3   2   3
    ATA   3   3   3   3   3   3 |     ACA   4   4   4   2   4   4 | Lys AAA   9   8   9   9   8   8 | Arg AGA   3   4   4   4   4   4
Met ATG   9   9   9   9   9   9 |     ACG   0   1   1   3   1   1 |     AAG   2   3   2   2   3   3 |     AGG   2   1   1   1   1   1
--------------------------------------------------------------------------------------------------------------------------------------
Val GTT   9   8   8   7   8   8 | Ala GCT   5   5   4   5   5   5 | Asp GAT   3   3   3   3   3   3 | Gly GGT   5   5   5   4   5   5
    GTC   2   2   2   2   2   2 |     GCC   1   1   1   1   1   1 |     GAC   0   0   0   0   0   0 |     GGC   0   0   0   1   0   0
    GTA   7   6   6   7   6   6 |     GCA  10  10   9  10  10  10 | Glu GAA   7   7   7   8   7   7 |     GGA   3   3   3   3   3   3
    GTG   4   5   5   5   5   5 |     GCG   1   1   2   1   1   1 |     GAG   4   4   4   3   4   4 |     GGG   2   2   2   2   2   2
--------------------------------------------------------------------------------------------------------------------------------------

Codon position x base (3x4) table for each sequence.

#1: Argali         
position  1:    T:0.23305    C:0.25000    A:0.25424    G:0.26271
position  2:    T:0.38559    C:0.21610    A:0.25000    G:0.14831
position  3:    T:0.31780    C:0.19915    A:0.28390    G:0.19915
Average         T:0.31215    C:0.22175    A:0.26271    G:0.20339

#2: LesserMouseDeer
position  1:    T:0.23305    C:0.25000    A:0.25424    G:0.26271
position  2:    T:0.38136    C:0.21610    A:0.25000    G:0.15254
position  3:    T:0.33051    C:0.17797    A:0.28814    G:0.20339
Average         T:0.31497    C:0.21469    A:0.26412    G:0.20621

#3: LesserKudu     
position  1:    T:0.23305    C:0.25000    A:0.25424    G:0.26271
position  2:    T:0.38559    C:0.21610    A:0.25000    G:0.14831
position  3:    T:0.33051    C:0.18220    A:0.27966    G:0.20763
Average         T:0.31638    C:0.21610    A:0.26130    G:0.20621

#4: ForestMuskDeer2
position  1:    T:0.23305    C:0.25000    A:0.25424    G:0.26271
position  2:    T:0.38559    C:0.21610    A:0.25000    G:0.14831
position  3:    T:0.30508    C:0.20763    A:0.29237    G:0.19492
Average         T:0.30791    C:0.22458    A:0.26554    G:0.20198

#5: Camel          
position  1:    T:0.22458    C:0.25847    A:0.25847    G:0.25847
position  2:    T:0.38559    C:0.21610    A:0.25000    G:0.14831
position  3:    T:0.32203    C:0.19915    A:0.27119    G:0.20763
Average         T:0.31073    C:0.22458    A:0.25989    G:0.20480

#6: KillerWhale    
position  1:    T:0.22458    C:0.25847    A:0.25424    G:0.26271
position  2:    T:0.38559    C:0.22034    A:0.24576    G:0.14831
position  3:    T:0.33898    C:0.17373    A:0.27542    G:0.21186
Average         T:0.31638    C:0.21751    A:0.25847    G:0.20763

#7: DefassaWaterbuck
position  1:    T:0.23305    C:0.25000    A:0.25424    G:0.26271
position  2:    T:0.38559    C:0.21610    A:0.25000    G:0.14831
position  3:    T:0.32627    C:0.19068    A:0.28390    G:0.19915
Average         T:0.31497    C:0.21893    A:0.26271    G:0.20339

#8: Sheep          
position  1:    T:0.23305    C:0.25000    A:0.25424    G:0.26271
position  2:    T:0.38559    C:0.21610    A:0.25000    G:0.14831
position  3:    T:0.31780    C:0.19915    A:0.28390    G:0.19915
Average         T:0.31215    C:0.22175    A:0.26271    G:0.20339

#9: MaxwellsDuiker 
position  1:    T:0.23305    C:0.25000    A:0.25424    G:0.26271
position  2:    T:0.38559    C:0.21610    A:0.25000    G:0.14831
position  3:    T:0.32203    C:0.19068    A:0.29237    G:0.19492
Average         T:0.31356    C:0.21893    A:0.26554    G:0.20198

#10: GazellaPrzewalskyi
position  1:    T:0.23729    C:0.25000    A:0.25424    G:0.25847
position  2:    T:0.38559    C:0.21186    A:0.25424    G:0.14831
position  3:    T:0.32627    C:0.19068    A:0.29237    G:0.19068
Average         T:0.31638    C:0.21751    A:0.26695    G:0.19915

#11: MountainNyala  
position  1:    T:0.23305    C:0.25000    A:0.25424    G:0.26271
position  2:    T:0.38559    C:0.21610    A:0.25000    G:0.14831
position  3:    T:0.33051    C:0.18644    A:0.27966    G:0.20339
Average         T:0.31638    C:0.21751    A:0.26130    G:0.20480

#12: MuntiacusMuntjak
position  1:    T:0.23729    C:0.24576    A:0.25424    G:0.26271
position  2:    T:0.38559    C:0.21610    A:0.25000    G:0.14831
position  3:    T:0.33475    C:0.18644    A:0.27966    G:0.19915
Average         T:0.31921    C:0.21610    A:0.26130    G:0.20339

#13: goat           
position  1:    T:0.23305    C:0.25000    A:0.25424    G:0.26271
position  2:    T:0.38559    C:0.21610    A:0.25000    G:0.14831
position  3:    T:0.32627    C:0.19068    A:0.27542    G:0.20763
Average         T:0.31497    C:0.21893    A:0.25989    G:0.20621

#14: AfricanBuffalo 
position  1:    T:0.22881    C:0.25424    A:0.25424    G:0.26271
position  2:    T:0.38559    C:0.21610    A:0.25000    G:0.14831
position  3:    T:0.32627    C:0.19492    A:0.26695    G:0.21186
Average         T:0.31356    C:0.22175    A:0.25706    G:0.20763

#15: Topi           
position  1:    T:0.23305    C:0.25000    A:0.25424    G:0.26271
position  2:    T:0.38559    C:0.21610    A:0.25000    G:0.14831
position  3:    T:0.33051    C:0.18644    A:0.28814    G:0.19492
Average         T:0.31638    C:0.21751    A:0.26412    G:0.20198

#16: CommonDuiker   
position  1:    T:0.23305    C:0.25000    A:0.25847    G:0.25847
position  2:    T:0.38559    C:0.21610    A:0.25000    G:0.14831
position  3:    T:0.33051    C:0.18220    A:0.28814    G:0.19915
Average         T:0.31638    C:0.21610    A:0.26554    G:0.20198

#17: Suni           
position  1:    T:0.23305    C:0.25000    A:0.25424    G:0.26271
position  2:    T:0.38559    C:0.21610    A:0.25000    G:0.14831
position  3:    T:0.30932    C:0.20339    A:0.27966    G:0.20763
Average         T:0.30932    C:0.22316    A:0.26130    G:0.20621

#18: Springbuck     
position  1:    T:0.23305    C:0.25000    A:0.25424    G:0.26271
position  2:    T:0.38559    C:0.21610    A:0.25000    G:0.14831
position  3:    T:0.33051    C:0.18644    A:0.28814    G:0.19492
Average         T:0.31638    C:0.21751    A:0.26412    G:0.20198

#19: Okapi          
position  1:    T:0.23305    C:0.25000    A:0.25424    G:0.26271
position  2:    T:0.38136    C:0.22034    A:0.25000    G:0.14831
position  3:    T:0.34322    C:0.17373    A:0.29237    G:0.19068
Average         T:0.31921    C:0.21469    A:0.26554    G:0.20056

#20: Giraffe        
position  1:    T:0.23729    C:0.24153    A:0.25847    G:0.26271
position  2:    T:0.38136    C:0.22034    A:0.25000    G:0.14831
position  3:    T:0.33475    C:0.17797    A:0.28814    G:0.19915
Average         T:0.31780    C:0.21328    A:0.26554    G:0.20339

#21: TibetanAntelope
position  1:    T:0.23305    C:0.25000    A:0.25000    G:0.26695
position  2:    T:0.38559    C:0.21610    A:0.25000    G:0.14831
position  3:    T:0.33051    C:0.18644    A:0.27966    G:0.20339
Average         T:0.31638    C:0.21751    A:0.25989    G:0.20621

#22: Sitatunga      
position  1:    T:0.23305    C:0.25000    A:0.25424    G:0.26271
position  2:    T:0.38559    C:0.21610    A:0.25000    G:0.14831
position  3:    T:0.33051    C:0.18644    A:0.27966    G:0.20339
Average         T:0.31638    C:0.21751    A:0.26130    G:0.20480

#23: Oribi          
position  1:    T:0.23305    C:0.25000    A:0.26271    G:0.25424
position  2:    T:0.38559    C:0.21610    A:0.25000    G:0.14831
position  3:    T:0.33051    C:0.18644    A:0.28814    G:0.19492
Average         T:0.31638    C:0.21751    A:0.26695    G:0.19915

#24: BarbarySheep   
position  1:    T:0.23305    C:0.25000    A:0.25424    G:0.26271
position  2:    T:0.38559    C:0.21610    A:0.25000    G:0.14831
position  3:    T:0.32627    C:0.19068    A:0.28390    G:0.19915
Average         T:0.31497    C:0.21893    A:0.26271    G:0.20339

#25: Daviddeer      
position  1:    T:0.23729    C:0.24576    A:0.25424    G:0.26271
position  2:    T:0.38559    C:0.21610    A:0.25000    G:0.14831
position  3:    T:0.33475    C:0.18644    A:0.28390    G:0.19492
Average         T:0.31921    C:0.21610    A:0.26271    G:0.20198

#26: Reindeer       
position  1:    T:0.23305    C:0.25000    A:0.25424    G:0.26271
position  2:    T:0.38559    C:0.21610    A:0.25000    G:0.14831
position  3:    T:0.32627    C:0.19068    A:0.29237    G:0.19068
Average         T:0.31497    C:0.21893    A:0.26554    G:0.20056

#27: Ibex           
position  1:    T:0.23305    C:0.25000    A:0.25424    G:0.26271
position  2:    T:0.38559    C:0.21610    A:0.25000    G:0.14831
position  3:    T:0.32203    C:0.19492    A:0.28390    G:0.19915
Average         T:0.31356    C:0.22034    A:0.26271    G:0.20339

#28: GyrantGazelle  
position  1:    T:0.23305    C:0.25000    A:0.25424    G:0.26271
position  2:    T:0.38559    C:0.21610    A:0.25000    G:0.14831
position  3:    T:0.31780    C:0.20339    A:0.26271    G:0.21610
Average         T:0.31215    C:0.22316    A:0.25565    G:0.20904

#29: Hartebeest     
position  1:    T:0.23305    C:0.25000    A:0.25424    G:0.26271
position  2:    T:0.38559    C:0.21610    A:0.25000    G:0.14831
position  3:    T:0.33051    C:0.18644    A:0.28814    G:0.19492
Average         T:0.31638    C:0.21751    A:0.26412    G:0.20198

#30: Bongo          
position  1:    T:0.23305    C:0.25000    A:0.25424    G:0.26271
position  2:    T:0.38559    C:0.21610    A:0.25000    G:0.14831
position  3:    T:0.33051    C:0.18644    A:0.27966    G:0.20339
Average         T:0.31638    C:0.21751    A:0.26130    G:0.20480

#31: Gerenuk        
position  1:    T:0.23305    C:0.25000    A:0.25424    G:0.26271
position  2:    T:0.38559    C:0.21610    A:0.25000    G:0.14831
position  3:    T:0.33475    C:0.18644    A:0.28814    G:0.19068
Average         T:0.31780    C:0.21751    A:0.26412    G:0.20056

#32: CommonEland    
position  1:    T:0.23305    C:0.25000    A:0.25424    G:0.26271
position  2:    T:0.38559    C:0.21610    A:0.25000    G:0.14831
position  3:    T:0.33051    C:0.18220    A:0.28390    G:0.20339
Average         T:0.31638    C:0.21610    A:0.26271    G:0.20480

#33: MuntiacusReevesi
position  1:    T:0.23729    C:0.24576    A:0.25424    G:0.26271
position  2:    T:0.38559    C:0.21610    A:0.25000    G:0.14831
position  3:    T:0.33475    C:0.18644    A:0.28390    G:0.19492
Average         T:0.31921    C:0.21610    A:0.26271    G:0.20198

#34: HarveysDuiker  
position  1:    T:0.23305    C:0.25000    A:0.25424    G:0.26271
position  2:    T:0.38559    C:0.22034    A:0.25000    G:0.14407
position  3:    T:0.33898    C:0.18220    A:0.28390    G:0.19492
Average         T:0.31921    C:0.21751    A:0.26271    G:0.20056

#35: Pronghorn      
position  1:    T:0.23729    C:0.24153    A:0.25000    G:0.27119
position  2:    T:0.38559    C:0.21610    A:0.25000    G:0.14831
position  3:    T:0.32203    C:0.19068    A:0.28814    G:0.19915
Average         T:0.31497    C:0.21610    A:0.26271    G:0.20621

#36: BlueWildebeest 
position  1:    T:0.23305    C:0.25000    A:0.25424    G:0.26271
position  2:    T:0.38559    C:0.21610    A:0.25000    G:0.14831
position  3:    T:0.33051    C:0.19068    A:0.28814    G:0.19068
Average         T:0.31638    C:0.21893    A:0.26412    G:0.20056

#37: Gemsbok        
position  1:    T:0.23305    C:0.25000    A:0.25424    G:0.26271
position  2:    T:0.38559    C:0.21610    A:0.25000    G:0.14831
position  3:    T:0.32627    C:0.19068    A:0.27119    G:0.21186
Average         T:0.31497    C:0.21893    A:0.25847    G:0.20763

#38: Yak            
position  1:    T:0.22881    C:0.25424    A:0.25424    G:0.26271
position  2:    T:0.38559    C:0.21610    A:0.25000    G:0.14831
position  3:    T:0.32627    C:0.19068    A:0.27542    G:0.20763
Average         T:0.31356    C:0.22034    A:0.25989    G:0.20621

#39: BlueSheep      
position  1:    T:0.23305    C:0.25000    A:0.25424    G:0.26271
position  2:    T:0.38559    C:0.21610    A:0.25000    G:0.14831
position  3:    T:0.32627    C:0.19068    A:0.28390    G:0.19915
Average         T:0.31497    C:0.21893    A:0.26271    G:0.20339

#40: BohorReedbuck  
position  1:    T:0.23305    C:0.25000    A:0.25424    G:0.26271
position  2:    T:0.38559    C:0.21610    A:0.25000    G:0.14831
position  3:    T:0.32627    C:0.19068    A:0.28814    G:0.19492
Average         T:0.31497    C:0.21893    A:0.26412    G:0.20198

#41: KirksDik       
position  1:    T:0.23305    C:0.25000    A:0.25424    G:0.26271
position  2:    T:0.38559    C:0.21610    A:0.25000    G:0.14831
position  3:    T:0.33051    C:0.19068    A:0.28390    G:0.19492
Average         T:0.31638    C:0.21893    A:0.26271    G:0.20198

#42: RoeDeer        
position  1:    T:0.23729    C:0.24576    A:0.25424    G:0.26271
position  2:    T:0.38559    C:0.21610    A:0.25000    G:0.14831
position  3:    T:0.33475    C:0.18644    A:0.29237    G:0.18644
Average         T:0.31921    C:0.21610    A:0.26554    G:0.19915

#43: WhiteLippedDeer
position  1:    T:0.23729    C:0.24576    A:0.25424    G:0.26271
position  2:    T:0.38559    C:0.21610    A:0.25000    G:0.14831
position  3:    T:0.33475    C:0.18644    A:0.28390    G:0.19492
Average         T:0.31921    C:0.21610    A:0.26271    G:0.20198

#44: ThomsonGazelle 
position  1:    T:0.23305    C:0.25000    A:0.25424    G:0.26271
position  2:    T:0.38559    C:0.21610    A:0.25000    G:0.14831
position  3:    T:0.31356    C:0.21186    A:0.25847    G:0.21610
Average         T:0.31073    C:0.22599    A:0.25424    G:0.20904

#45: MuntiacusCrinifrons
position  1:    T:0.23729    C:0.24576    A:0.25424    G:0.26271
position  2:    T:0.38559    C:0.21610    A:0.25000    G:0.14831
position  3:    T:0.33475    C:0.18644    A:0.27966    G:0.19915
Average         T:0.31921    C:0.21610    A:0.26130    G:0.20339

#46: WhiteTailedDeer
position  1:    T:0.23305    C:0.25000    A:0.25424    G:0.26271
position  2:    T:0.38559    C:0.21610    A:0.25000    G:0.14831
position  3:    T:0.33051    C:0.19068    A:0.29237    G:0.18644
Average         T:0.31638    C:0.21893    A:0.26554    G:0.19915

#47: Cattle         
position  1:    T:0.22881    C:0.25424    A:0.25424    G:0.26271
position  2:    T:0.38559    C:0.21610    A:0.25000    G:0.14831
position  3:    T:0.32203    C:0.19492    A:0.27542    G:0.20763
Average         T:0.31215    C:0.22175    A:0.25989    G:0.20621

#48: RoyalAntelope  
position  1:    T:0.23305    C:0.25424    A:0.25424    G:0.25847
position  2:    T:0.38559    C:0.21610    A:0.25000    G:0.14831
position  3:    T:0.33475    C:0.18220    A:0.28814    G:0.19492
Average         T:0.31780    C:0.21751    A:0.26412    G:0.20056

#49: Steenbok       
position  1:    T:0.23305    C:0.25000    A:0.25000    G:0.26695
position  2:    T:0.38983    C:0.21186    A:0.25000    G:0.14831
position  3:    T:0.33475    C:0.18644    A:0.28814    G:0.19068
Average         T:0.31921    C:0.21610    A:0.26271    G:0.20198

#50: Impala         
position  1:    T:0.23305    C:0.25000    A:0.25424    G:0.26271
position  2:    T:0.38559    C:0.21610    A:0.25000    G:0.14831
position  3:    T:0.33475    C:0.18220    A:0.28390    G:0.19915
Average         T:0.31780    C:0.21610    A:0.26271    G:0.20339

#51: Klipspringer   
position  1:    T:0.23729    C:0.25000    A:0.25424    G:0.25847
position  2:    T:0.38559    C:0.21610    A:0.25000    G:0.14831
