CODONML (in paml version 4.10.7, June 2023)  /home/rachel/ruminants_paml/6406-phy-tree/ENSBTAT00000038885.fasta.phy
Model: free dN/dS Ratios for branches,  kappa = 2.000 fixed

Codon frequency model: F3x4
ns =  54  ls =  61

Codon usage in sequences
--------------------------------------------------------------------------------------------------------------------------------------
Phe TTT   2   2   2   2   2   2 | Ser TCT   2   2   2   2   2   2 | Tyr TAT   1   1   1   1   1   1 | Cys TGT   1   1   1   1   1   1
    TTC   0   0   0   0   0   0 |     TCC   1   1   1   1   1   1 |     TAC   1   1   1   1   1   1 |     TGC   1   1   1   1   1   1
Leu TTA   0   0   0   0   0   0 |     TCA   1   1   1   1   1   1 | *** TAA   0   0   0   0   0   0 | *** TGA   0   0   0   0   0   0
    TTG   0   0   0   0   0   0 |     TCG   0   0   0   0   0   0 |     TAG   0   0   0   0   0   0 | Trp TGG   0   0   0   0   0   0
--------------------------------------------------------------------------------------------------------------------------------------
Leu CTT   2   2   2   2   2   2 | Pro CCT   0   0   0   0   0   0 | His CAT   4   3   4   4   4   4 | Arg CGT   1   1   1   1   1   1
    CTC   1   1   1   1   1   1 |     CCC   0   0   0   0   0   0 |     CAC   1   2   1   1   1   1 |     CGC   0   0   0   0   0   0
    CTA   1   1   1   1   1   1 |     CCA   0   0   0   0   0   0 | Gln CAA   1   1   1   1   1   1 |     CGA   0   0   0   0   0   0
    CTG   1   1   1   1   1   1 |     CCG   0   0   0   0   0   0 |     CAG   3   3   3   3   3   3 |     CGG   0   0   0   0   0   0
--------------------------------------------------------------------------------------------------------------------------------------
Ile ATT   2   2   2   2   2   2 | Thr ACT   1   1   1   1   1   1 | Asn AAT   1   1   1   1   1   1 | Ser AGT   2   2   2   2   2   2
    ATC   0   0   0   0   0   0 |     ACC   0   0   0   0   0   0 |     AAC   1   1   1   1   1   1 |     AGC   0   0   0   0   0   0
    ATA   0   0   0   0   0   0 |     ACA   2   2   2   2   2   2 | Lys AAA   1   1   1   1   1   1 | Arg AGA   1   1   1   1   1   1
Met ATG   2   2   2   2   2   2 |     ACG   0   0   0   0   0   0 |     AAG   3   3   3   3   3   3 |     AGG   3   3   3   3   3   3
--------------------------------------------------------------------------------------------------------------------------------------
Val GTT   2   2   2   2   3   2 | Ala GCT   0   0   0   0   0   0 | Asp GAT   2   2   2   2   2   2 | Gly GGT   0   0   0   0   0   0
    GTC   0   0   0   0   0   0 |     GCC   2   2   2   2   2   2 |     GAC   1   1   1   1   1   1 |     GGC   0   0   0   0   0   0
    GTA   3   3   3   3   2   3 |     GCA   1   1   1   1   1   1 | Glu GAA   3   3   3   3   3   3 |     GGA   1   1   1   1   1   1
    GTG   2   2   2   2   2   2 |     GCG   0   0   0   0   0   0 |     GAG   0   0   0   0   0   0 |     GGG   0   0   0   0   0   0
--------------------------------------------------------------------------------------------------------------------------------------

--------------------------------------------------------------------------------------------------------------------------------------
Phe TTT   2   2   2   2   2   2 | Ser TCT   2   2   2   2   2   2 | Tyr TAT   1   1   1   1   1   1 | Cys TGT   1   1   1   1   1   1
    TTC   0   0   0   0   0   0 |     TCC   1   1   1   1   1   1 |     TAC   1   1   1   1   1   1 |     TGC   1   1   1   1   1   1
Leu TTA   0   0   0   0   0   0 |     TCA   1   1   1   1   1   1 | *** TAA   0   0   0   0   0   0 | *** TGA   0   0   0   0   0   0
    TTG   0   0   0   0   0   0 |     TCG   0   0   0   0   0   0 |     TAG   0   0   0   0   0   0 | Trp TGG   0   0   0   0   0   0
--------------------------------------------------------------------------------------------------------------------------------------
Leu CTT   2   2   2   2   2   2 | Pro CCT   0   0   0   0   0   0 | His CAT   3   4   4   3   4   4 | Arg CGT   1   1   1   1   1   1
    CTC   1   1   1   1   1   1 |     CCC   0   0   0   0   0   0 |     CAC   2   1   1   2   1   1 |     CGC   0   0   0   0   0   0
    CTA   1   1   1   1   1   1 |     CCA   0   0   0   0   0   0 | Gln CAA   1   1   1   1   1   1 |     CGA   0   0   0   0   0   0
    CTG   1   1   1   1   1   1 |     CCG   0   0   0   0   0   0 |     CAG   3   3   3   3   3   3 |     CGG   0   0   0   0   0   0
--------------------------------------------------------------------------------------------------------------------------------------
Ile ATT   2   2   2   2   2   2 | Thr ACT   1   1   1   1   1   0 | Asn AAT   1   1   1   1   1   1 | Ser AGT   2   2   2   2   2   2
    ATC   0   0   0   0   0   0 |     ACC   0   0   0   0   0   0 |     AAC   1   1   1   1   1   1 |     AGC   0   0   0   0   0   0
    ATA   0   0   0   0   0   0 |     ACA   2   2   2   2   2   1 | Lys AAA   1   1   1   1   1   1 | Arg AGA   1   1   1   1   1   1
Met ATG   2   2   2   2   2   2 |     ACG   0   0   0   0   0   2 |     AAG   3   3   3   3   3   3 |     AGG   3   3   3   3   3   3
--------------------------------------------------------------------------------------------------------------------------------------
Val GTT   2   2   2   2   2   2 | Ala GCT   0   0   0   0   0   0 | Asp GAT   2   2   2   2   2   2 | Gly GGT   0   0   0   0   0   0
    GTC   0   0   0   0   0   0 |     GCC   2   2   2   2   2   2 |     GAC   1   1   1   1   1   1 |     GGC   0   0   0   0   0   0
    GTA   3   3   3   3   3   3 |     GCA   1   1   1   1   1   1 | Glu GAA   3   3   3   3   3   3 |     GGA   1   1   1   1   1   1
    GTG   2   2   2   2   2   2 |     GCG   0   0   0   0   0   0 |     GAG   0   0   0   0   0   0 |     GGG   0   0   0   0   0   0
--------------------------------------------------------------------------------------------------------------------------------------

--------------------------------------------------------------------------------------------------------------------------------------
Phe TTT   2   2   2   2   2   2 | Ser TCT   2   2   2   2   2   2 | Tyr TAT   1   1   1   1   1   1 | Cys TGT   1   1   1   1   1   1
    TTC   0   0   0   0   0   0 |     TCC   1   1   1   1   1   1 |     TAC   1   1   1   1   1   1 |     TGC   1   1   1   1   1   1
Leu TTA   0   0   0   0   0   0 |     TCA   1   1   1   1   1   1 | *** TAA   0   0   0   0   0   0 | *** TGA   0   0   0   0   0   0
    TTG   0   0   0   0   0   0 |     TCG   0   0   0   0   0   0 |     TAG   0   0   0   0   0   0 | Trp TGG   0   0   0   0   0   0
--------------------------------------------------------------------------------------------------------------------------------------
Leu CTT   2   2   2   2   2   2 | Pro CCT   0   0   0   0   0   0 | His CAT   4   4   4   4   3   4 | Arg CGT   1   1   1   1   1   1
    CTC   1   1   1   1   1   1 |     CCC   0   0   0   0   0   0 |     CAC   1   1   1   1   2   1 |     CGC   0   0   0   0   0   0
    CTA   1   1   1   1   1   1 |     CCA   0   0   0   0   0   0 | Gln CAA   1   1   1   1   1   1 |     CGA   0   0   0   0   0   0
    CTG   1   1   1   1   1   1 |     CCG   0   0   0   0   0   0 |     CAG   3   3   3   3   3   3 |     CGG   0   0   0   0   0   0
--------------------------------------------------------------------------------------------------------------------------------------
Ile ATT   2   2   2   2   2   2 | Thr ACT   1   1   1   1   1   1 | Asn AAT   1   1   1   1   1   1 | Ser AGT   2   2   2   2   2   2
    ATC   0   0   0   0   0   0 |     ACC   0   0   0   0   0   0 |     AAC   1   1   1   1   1   1 |     AGC   0   0   0   0   0   0
    ATA   0   0   0   0   0   0 |     ACA   2   2   2   2   2   2 | Lys AAA   1   1   1   1   1   1 | Arg AGA   1   1   1   1   1   1
Met ATG   2   2   2   2   2   2 |     ACG   0   0   0   0   0   0 |     AAG   3   3   3   3   3   3 |     AGG   3   3   3   3   3   3
--------------------------------------------------------------------------------------------------------------------------------------
Val GTT   2   2   2   2   2   2 | Ala GCT   0   0   0   0   0   0 | Asp GAT   2   2   2   2   2   2 | Gly GGT   0   0   0   0   0   0
    GTC   0   0   0   0   0   0 |     GCC   2   2   2   2   2   2 |     GAC   1   1   1   1   1   1 |     GGC   0   0   0   0   0   0
    GTA   3   3   3   3   3   3 |     GCA   1   1   1   1   1   1 | Glu GAA   3   3   3   3   3   3 |     GGA   1   1   1   1   1   1
    GTG   2   2   2   2   2   2 |     GCG   0   0   0   0   0   0 |     GAG   0   0   0   0   0   0 |     GGG   0   0   0   0   0   0
--------------------------------------------------------------------------------------------------------------------------------------

--------------------------------------------------------------------------------------------------------------------------------------
Phe TTT   2   2   2   2   2   2 | Ser TCT   2   2   2   2   2   2 | Tyr TAT   1   1   1   1   1   1 | Cys TGT   1   1   1   1   1   1
    TTC   0   0   0   0   0   0 |     TCC   1   1   1   1   1   1 |     TAC   1   1   1   1   1   1 |     TGC   1   1   1   1   1   1
Leu TTA   0   0   0   0   0   0 |     TCA   1   1   1   1   1   1 | *** TAA   0   0   0   0   0   0 | *** TGA   0   0   0   0   0   0
    TTG   0   0   0   0   0   0 |     TCG   0   0   0   0   0   0 |     TAG   0   0   0   0   0   0 | Trp TGG   0   0   0   0   0   0
--------------------------------------------------------------------------------------------------------------------------------------
Leu CTT   2   2   2   2   2   2 | Pro CCT   0   0   0   0   0   0 | His CAT   4   4   4   4   4   4 | Arg CGT   1   1   1   1   1   1
    CTC   1   1   1   1   1   1 |     CCC   0   0   0   0   0   0 |     CAC   1   1   1   1   1   1 |     CGC   0   0   0   0   0   0
    CTA   1   1   1   1   1   1 |     CCA   0   0   0   0   0   0 | Gln CAA   1   1   1   1   1   1 |     CGA   0   0   0   0   0   0
    CTG   1   1   1   1   1   1 |     CCG   0   0   0   0   0   0 |     CAG   3   3   3   3   3   3 |     CGG   0   0   0   0   0   0
--------------------------------------------------------------------------------------------------------------------------------------
Ile ATT   2   2   2   2   2   2 | Thr ACT   1   1   1   1   1   1 | Asn AAT   1   1   1   1   1   1 | Ser AGT   2   2   2   2   2   2
    ATC   0   0   0   0   0   0 |     ACC   0   0   0   0   0   0 |     AAC   1   1   1   1   1   1 |     AGC   0   0   0   0   0   0
    ATA   0   0   0   0   0   0 |     ACA   2   2   2   2   2   2 | Lys AAA   1   1   1   1   1   1 | Arg AGA   1   1   1   1   1   1
Met ATG   2   2   2   2   2   2 |     ACG   0   0   0   0   0   0 |     AAG   3   3   3   3   3   3 |     AGG   3   3   3   3   3   3
--------------------------------------------------------------------------------------------------------------------------------------
Val GTT   2   2   2   2   2   2 | Ala GCT   0   0   0   0   0   0 | Asp GAT   1   2   2   2   2   2 | Gly GGT   0   0   0   0   0   0
    GTC   0   0   0   0   0   0 |     GCC   2   2   2   2   2   2 |     GAC   2   1   1   1   1   1 |     GGC   0   0   0   0   0   0
    GTA   3   3   3   3   3   3 |     GCA   1   1   1   1   1   1 | Glu GAA   3   3   3   3   3   3 |     GGA   1   1   1   1   1   1
    GTG   2   2   2   2   2   2 |     GCG   0   0   0   0   0   0 |     GAG   0   0   0   0   0   0 |     GGG   0   0   0   0   0   0
--------------------------------------------------------------------------------------------------------------------------------------

--------------------------------------------------------------------------------------------------------------------------------------
Phe TTT   2   2   2   2   2   2 | Ser TCT   2   2   2   2   2   2 | Tyr TAT   1   1   1   1   1   1 | Cys TGT   1   1   1   1   1   1
    TTC   0   0   0   0   0   0 |     TCC   1   1   1   1   1   1 |     TAC   1   1   1   1   1   1 |     TGC   1   1   1   1   1   1
Leu TTA   0   0   0   0   0   0 |     TCA   1   1   1   1   1   1 | *** TAA   0   0   0   0   0   0 | *** TGA   0   0   0   0   0   0
    TTG   0   0   0   0   0   0 |     TCG   0   0   0   0   0   0 |     TAG   0   0   0   0   0   0 | Trp TGG   0   0   0   0   0   0
--------------------------------------------------------------------------------------------------------------------------------------
Leu CTT   2   2   2   2   2   2 | Pro CCT   0   0   0   0   0   0 | His CAT   4   4   4   4   4   4 | Arg CGT   1   1   1   1   1   1
    CTC   1   1   1   1   1   1 |     CCC   0   0   0   0   0   0 |     CAC   1   1   1   1   1   1 |     CGC   0   0   0   0   0   0
    CTA   1   1   1   1   1   1 |     CCA   0   0   0   0   0   0 | Gln CAA   1   1   1   1   1   1 |     CGA   0   0   0   0   0   0
    CTG   1   1   1   1   1   1 |     CCG   0   0   0   0   0   0 |     CAG   3   3   3   3   3   3 |     CGG   0   0   0   0   0   0
--------------------------------------------------------------------------------------------------------------------------------------
Ile ATT   2   2   2   2   2   2 | Thr ACT   1   1   1   1   1   1 | Asn AAT   1   1   1   1   1   1 | Ser AGT   2   2   2   2   2   2
    ATC   0   0   0   0   0   0 |     ACC   0   0   0   0   0   0 |     AAC   1   1   1   1   1   1 |     AGC   0   0   0   0   0   0
    ATA   0   0   0   0   0   0 |     ACA   2   2   2   2   2   2 | Lys AAA   1   1   1   1   1   1 | Arg AGA   1   1   1   1   1   1
Met ATG   2   2   2   2   2   2 |     ACG   0   0   0   0   0   0 |     AAG   3   3   3   3   3   3 |     AGG   3   3   3   3   3   3
--------------------------------------------------------------------------------------------------------------------------------------
Val GTT   2   2   2   2   2   2 | Ala GCT   0   0   0   0   0   0 | Asp GAT   2   2   2   2   2   2 | Gly GGT   0   0   0   0   0   0
    GTC   0   0   0   0   0   0 |     GCC   2   2   2   2   2   2 |     GAC   1   1   1   1   1   1 |     GGC   0   0   0   0   0   0
    GTA   3   3   3   3   3   3 |     GCA   1   1   1   1   1   1 | Glu GAA   3   3   3   3   3   3 |     GGA   1   1   1   1   1   1
    GTG   2   2   2   2   2   2 |     GCG   0   0   0   0   0   0 |     GAG   0   0   0   0   0   0 |     GGG   0   0   0   0   0   0
--------------------------------------------------------------------------------------------------------------------------------------

--------------------------------------------------------------------------------------------------------------------------------------
Phe TTT   2   2   2   2   2   2 | Ser TCT   2   2   2   2   2   2 | Tyr TAT   1   1   1   1   1   1 | Cys TGT   1   1   1   1   1   1
    TTC   0   0   0   0   0   0 |     TCC   1   1   1   1   1   1 |     TAC   1   1   1   1   1   1 |     TGC   1   1   1   1   1   1
Leu TTA   0   0   0   0   0   0 |     TCA   1   1   1   1   1   1 | *** TAA   0   0   0   0   0   0 | *** TGA   0   0   0   0   0   0
    TTG   0   0   0   0   0   0 |     TCG   0   0   0   0   0   0 |     TAG   0   0   0   0   0   0 | Trp TGG   0   0   0   0   0   0
--------------------------------------------------------------------------------------------------------------------------------------
Leu CTT   2   2   2   2   2   2 | Pro CCT   0   0   0   0   0   0 | His CAT   4   4   4   4   4   4 | Arg CGT   1   1   1   1   1   1
    CTC   1   1   1   1   1   1 |     CCC   0   0   0   0   0   0 |     CAC   1   1   1   1   1   1 |     CGC   0   0   0   0   0   0
    CTA   1   1   1   1   1   1 |     CCA   0   0   0   0   0   0 | Gln CAA   1   1   1   1   1   1 |     CGA   0   0   0   0   0   0
    CTG   1   1   1   1   1   1 |     CCG   0   0   0   0   0   0 |     CAG   3   3   3   3   3   3 |     CGG   0   0   0   0   0   0
--------------------------------------------------------------------------------------------------------------------------------------
Ile ATT   2   2   2   2   2   2 | Thr ACT   1   1   0   1   1   1 | Asn AAT   1   1   1   1   1   1 | Ser AGT   2   2   2   2   2   2
    ATC   0   0   0   0   0   0 |     ACC   0   0   0   0   0   0 |     AAC   1   1   1   1   1   1 |     AGC   0   0   0   0   0   0
    ATA   0   0   0   0   0   0 |     ACA   2   2   1   2   2   2 | Lys AAA   1   1   1   1   1   1 | Arg AGA   1   1   1   1   1   1
Met ATG   2   2   2   2   2   2 |     ACG   0   0   2   0   0   0 |     AAG   3   3   3   3   3   3 |     AGG   3   3   3   3   3   3
--------------------------------------------------------------------------------------------------------------------------------------
Val GTT   2   2   2   2   2   2 | Ala GCT   0   0   0   0   0   0 | Asp GAT   2   2   2   2   2   2 | Gly GGT   0   0   0   0   0   0
    GTC   0   0   0   0   0   0 |     GCC   2   2   2   2   2   2 |     GAC   1   1   1   1   1   1 |     GGC   0   0   0   0   0   0
    GTA   3   3   3   3   3   3 |     GCA   1   1   1   1   1   1 | Glu GAA   3   3   3   3   2   3 |     GGA   1   1   1   1   1   1
    GTG   2   2   2   2   2   2 |     GCG   0   0   0   0   0   0 |     GAG   0   0   0   0   1   0 |     GGG   0   0   0   0   0   0
--------------------------------------------------------------------------------------------------------------------------------------

--------------------------------------------------------------------------------------------------------------------------------------
Phe TTT   2   2   2   2   2   2 | Ser TCT   2   2   2   2   2   2 | Tyr TAT   1   1   1   1   1   1 | Cys TGT   1   1   1   1   1   1
    TTC   0   0   0   0   0   0 |     TCC   1   1   1   1   1   1 |     TAC   1   1   1   1   1   1 |     TGC   1   1   1   1   1   1
Leu TTA   0   0   0   0   0   0 |     TCA   1   1   1   1   1   1 | *** TAA   0   0   0   0   0   0 | *** TGA   0   0   0   0   0   0
    TTG   0   0   0   0   0   0 |     TCG   0   0   0   0   0   0 |     TAG   0   0   0   0   0   0 | Trp TGG   0   0   0   0   0   0
--------------------------------------------------------------------------------------------------------------------------------------
Leu CTT   2   2   2   2   2   2 | Pro CCT   0   0   0   0   0   0 | His CAT   4   4   4   3   4   4 | Arg CGT   1   1   1   1   1   1
    CTC   1   1   1   1   1   1 |     CCC   0   0   0   0   0   0 |     CAC   1   1   1   2   1   1 |     CGC   0   0   0   0   0   0
    CTA   1   1   1   1   1   1 |     CCA   0   0   0   0   0   0 | Gln CAA   1   1   1   1   1   1 |     CGA   0   0   0   0   0   0
    CTG   1   1   1   1   1   1 |     CCG   0   0   0   0   0   0 |     CAG   3   3   3   3   3   3 |     CGG   0   0   0   0   0   0
--------------------------------------------------------------------------------------------------------------------------------------
Ile ATT   2   2   2   2   2   2 | Thr ACT   1   1   1   1   1   1 | Asn AAT   1   1   1   1   1   1 | Ser AGT   2   2   2   2   2   2
    ATC   0   0   0   0   0   0 |     ACC   0   0   0   0   0   0 |     AAC   1   1   1   1   1   1 |     AGC   0   0   0   0   0   0
    ATA   0   0   0   0   0   0 |     ACA   2   2   2   2   2   2 | Lys AAA   1   1   1   1   1   1 | Arg AGA   1   1   1   1   1   1
Met ATG   2   2   2   2   2   2 |     ACG   0   0   0   0   0   0 |     AAG   3   3   3   3   3   3 |     AGG   3   3   3   3   3   3
--------------------------------------------------------------------------------------------------------------------------------------
Val GTT   2   2   2   2   2   2 | Ala GCT   0   0   0   0   0   0 | Asp GAT   2   2   2   2   2   2 | Gly GGT   0   0   0   0   0   0
    GTC   0   0   0   0   0   0 |     GCC   2   2   2   2   2   2 |     GAC   1   1   1   1   1   1 |     GGC   0   0   0   0   0   0
    GTA   3   3   3   3   3   3 |     GCA   1   1   1   1   1   1 | Glu GAA   3   3   3   3   3   3 |     GGA   1   1   1   1   1   1
    GTG   2   2   2   2   2   2 |     GCG   0   0   0   0   0   0 |     GAG   0   0   0   0   0   0 |     GGG   0   0   0   0   0   0
--------------------------------------------------------------------------------------------------------------------------------------

--------------------------------------------------------------------------------------------------------------------------------------
Phe TTT   2   2   2   2   2   2 | Ser TCT   2   2   2   2   2   2 | Tyr TAT   1   1   1   1   1   1 | Cys TGT   1   1   1   1   1   1
    TTC   0   0   0   0   0   0 |     TCC   1   1   1   1   1   1 |     TAC   1   1   1   1   1   1 |     TGC   1   1   1   1   1   1
Leu TTA   0   0   0   0   0   0 |     TCA   1   1   1   1   1   1 | *** TAA   0   0   0   0   0   0 | *** TGA   0   0   0   0   0   0
    TTG   0   0   0   0   0   0 |     TCG   0   0   0   0   0   0 |     TAG   0   0   0   0   0   0 | Trp TGG   0   0   0   0   0   0
--------------------------------------------------------------------------------------------------------------------------------------
Leu CTT   2   2   2   2   2   2 | Pro CCT   0   0   0   0   0   0 | His CAT   4   4   4   4   4   4 | Arg CGT   1   1   1   1   1   1
    CTC   1   1   1   1   1   1 |     CCC   0   0   0   0   0   0 |     CAC   1   1   1   1   1   1 |     CGC   0   0   0   0   0   0
    CTA   1   1   1   1   1   1 |     CCA   0   0   0   0   0   0 | Gln CAA   1   1   1   1   1   1 |     CGA   0   0   0   0   0   0
    CTG   1   1   1   1   1   1 |     CCG   0   0   0   0   0   0 |     CAG   3   3   3   3   3   3 |     CGG   0   0   0   0   0   0
--------------------------------------------------------------------------------------------------------------------------------------
Ile ATT   2   2   2   2   2   2 | Thr ACT   1   1   0   1   1   1 | Asn AAT   1   1   1   1   1   1 | Ser AGT   2   2   2   2   2   2
    ATC   0   0   0   0   0   0 |     ACC   0   0   0   0   0   0 |     AAC   1   1   1   1   1   1 |     AGC   0   0   0   0   0   0
    ATA   0   0   0   0   0   0 |     ACA   2   2   1   2   2   2 | Lys AAA   1   1   1   1   1   1 | Arg AGA   1   1   1   1   1   1
Met ATG   2   2   2   2   2   2 |     ACG   0   0   2   0   0   0 |     AAG   3   3   3   3   3   3 |     AGG   3   3   3   3   3   3
--------------------------------------------------------------------------------------------------------------------------------------
Val GTT   2   2   2   2   2   2 | Ala GCT   0   0   0   0   0   0 | Asp GAT   2   2   2   2   2   2 | Gly GGT   0   0   0   0   0   0
    GTC   0   0   0   0   0   0 |     GCC   2   2   2   2   2   2 |     GAC   1   1   1   1   1   1 |     GGC   0   0   0   0   0   0
    GTA   3   3   3   3   3   3 |     GCA   1   1   1   1   1   1 | Glu GAA   3   3   3   3   3   3 |     GGA   1   1   1   1   1   1
    GTG   2   2   2   2   2   2 |     GCG   0   0   0   0   0   0 |     GAG   0   0   0   0   0   0 |     GGG   0   0   0   0   0   0
--------------------------------------------------------------------------------------------------------------------------------------

--------------------------------------------------------------------------------------------------------------------------------------
Phe TTT   2   2   2   2   2   2 | Ser TCT   2   2   2   2   2   2 | Tyr TAT   1   1   1   1   1   1 | Cys TGT   1   1   1   1   1   1
    TTC   0   0   0   0   0   0 |     TCC   1   1   1   1   1   1 |     TAC   1   1   1   1   1   1 |     TGC   1   1   1   1   1   1
Leu TTA   0   0   0   0   0   0 |     TCA   1   1   1   1   1   1 | *** TAA   0   0   0   0   0   0 | *** TGA   0   0   0   0   0   0
    TTG   0   0   0   0   0   0 |     TCG   0   0   0   0   0   0 |     TAG   0   0   0   0   0   0 | Trp TGG   0   0   0   0   0   0
--------------------------------------------------------------------------------------------------------------------------------------
Leu CTT   2   2   2   2   2   2 | Pro CCT   0   0   0   0   0   0 | His CAT   4   3   4   4   4   4 | Arg CGT   1   1   1   1   1   1
    CTC   1   1   1   1   1   1 |     CCC   0   0   0   0   0   0 |     CAC   1   2   1   1   1   1 |     CGC   0   0   0   0   0   0
    CTA   1   1   1   1   1   1 |     CCA   0   0   0   0   0   0 | Gln CAA   1   1   1   1   1   1 |     CGA   0   0   0   0   0   0
    CTG   1   1   1   1   1   1 |     CCG   0   0   0   0   0   0 |     CAG   3   3   3   3   3   3 |     CGG   0   0   0   0   0   0
--------------------------------------------------------------------------------------------------------------------------------------
Ile ATT   2   2   2   2   2   2 | Thr ACT   1   1   1   1   1   1 | Asn AAT   1   1   1   1   1   1 | Ser AGT   2   2   2   2   2   2
    ATC   0   0   0   0   0   0 |     ACC   0   0   0   0   0   0 |     AAC   1   1   1   1   1   1 |     AGC   0   0   0   0   0   0
    ATA   0   0   0   0   0   0 |     ACA   2   2   2   2   2   2 | Lys AAA   1   1   1   1   1   1 | Arg AGA   1   1   1   1   1   1
Met ATG   2   2   2   2   2   2 |     ACG   0   0   0   0   0   0 |     AAG   3   3   3   3   3   3 |     AGG   3   3   3   3   3   3
--------------------------------------------------------------------------------------------------------------------------------------
Val GTT   2   2   2   2   2   2 | Ala GCT   0   0   0   0   0   0 | Asp GAT   2   2   2   2   2   2 | Gly GGT   0   0   0   0   0   0
    GTC   0   0   0   0   0   0 |     GCC   2   2   2   2   2   2 |     GAC   1   1   1   1   1   1 |     GGC   0   0   0   0   0   0
    GTA   3   3   3   3   3   3 |     GCA   1   1   1   1   1   1 | Glu GAA   3   3   3   3   3   3 |     GGA   1   1   1   1   1   1
    GTG   2   2   2   2   2   2 |     GCG   0   0   0   0   0   0 |     GAG   0   0   0   0   0   0 |     GGG   0   0   0   0   0   0
--------------------------------------------------------------------------------------------------------------------------------------

Codon position x base (3x4) table for each sequence.

#1: Argali         
position  1:    T:0.16393    C:0.24590    A:0.31148    G:0.27869
position  2:    T:0.29508    C:0.16393    A:0.37705    G:0.16393
position  3:    T:0.37705    C:0.14754    A:0.24590    G:0.22951
Average         T:0.27869    C:0.18579    A:0.31148    G:0.22404

#2: LesserMouseDeer
position  1:    T:0.16393    C:0.24590    A:0.31148    G:0.27869
position  2:    T:0.29508    C:0.16393    A:0.37705    G:0.16393
position  3:    T:0.36066    C:0.16393    A:0.24590    G:0.22951
Average         T:0.27322    C:0.19126    A:0.31148    G:0.22404

#3: LesserKudu     
position  1:    T:0.16393    C:0.24590    A:0.31148    G:0.27869
position  2:    T:0.29508    C:0.16393    A:0.37705    G:0.16393
position  3:    T:0.37705    C:0.14754    A:0.24590    G:0.22951
Average         T:0.27869    C:0.18579    A:0.31148    G:0.22404

#4: ForestMuskDeer2
position  1:    T:0.16393    C:0.24590    A:0.31148    G:0.27869
position  2:    T:0.29508    C:0.16393    A:0.37705    G:0.16393
position  3:    T:0.37705    C:0.14754    A:0.24590    G:0.22951
Average         T:0.27869    C:0.18579    A:0.31148    G:0.22404

#5: Camel          
position  1:    T:0.16393    C:0.24590    A:0.31148    G:0.27869
position  2:    T:0.29508    C:0.16393    A:0.37705    G:0.16393
position  3:    T:0.39344    C:0.14754    A:0.22951    G:0.22951
Average         T:0.28415    C:0.18579    A:0.30601    G:0.22404

#6: KillerWhale    
position  1:    T:0.16393    C:0.24590    A:0.31148    G:0.27869
position  2:    T:0.29508    C:0.16393    A:0.37705    G:0.16393
position  3:    T:0.37705    C:0.14754    A:0.24590    G:0.22951
Average         T:0.27869    C:0.18579    A:0.31148    G:0.22404

#7: DefassaWaterbuck
position  1:    T:0.16393    C:0.24590    A:0.31148    G:0.27869
position  2:    T:0.29508    C:0.16393    A:0.37705    G:0.16393
position  3:    T:0.36066    C:0.16393    A:0.24590    G:0.22951
Average         T:0.27322    C:0.19126    A:0.31148    G:0.22404

#8: Sheep          
position  1:    T:0.16393    C:0.24590    A:0.31148    G:0.27869
position  2:    T:0.29508    C:0.16393    A:0.37705    G:0.16393
position  3:    T:0.37705    C:0.14754    A:0.24590    G:0.22951
Average         T:0.27869    C:0.18579    A:0.31148    G:0.22404

#9: MaxwellsDuiker 
position  1:    T:0.16393    C:0.24590    A:0.31148    G:0.27869
position  2:    T:0.29508    C:0.16393    A:0.37705    G:0.16393
position  3:    T:0.37705    C:0.14754    A:0.24590    G:0.22951
Average         T:0.27869    C:0.18579    A:0.31148    G:0.22404

#10: GazellaPrzewalskyi
position  1:    T:0.16393    C:0.24590    A:0.31148    G:0.27869
position  2:    T:0.29508    C:0.16393    A:0.37705    G:0.16393
position  3:    T:0.36066    C:0.16393    A:0.24590    G:0.22951
Average         T:0.27322    C:0.19126    A:0.31148    G:0.22404

#11: MountainNyala  
position  1:    T:0.16393    C:0.24590    A:0.31148    G:0.27869
position  2:    T:0.29508    C:0.16393    A:0.37705    G:0.16393
position  3:    T:0.37705    C:0.14754    A:0.24590    G:0.22951
Average         T:0.27869    C:0.18579    A:0.31148    G:0.22404

#12: MuntiacusMuntjak
position  1:    T:0.16393    C:0.24590    A:0.31148    G:0.27869
position  2:    T:0.29508    C:0.16393    A:0.37705    G:0.16393
position  3:    T:0.36066    C:0.14754    A:0.22951    G:0.26230
Average         T:0.27322    C:0.18579    A:0.30601    G:0.23497

#13: goat           
position  1:    T:0.16393    C:0.24590    A:0.31148    G:0.27869
position  2:    T:0.29508    C:0.16393    A:0.37705    G:0.16393
position  3:    T:0.37705    C:0.14754    A:0.24590    G:0.22951
Average         T:0.27869    C:0.18579    A:0.31148    G:0.22404

#14: AfricanBuffalo 
position  1:    T:0.16393    C:0.24590    A:0.31148    G:0.27869
position  2:    T:0.29508    C:0.16393    A:0.37705    G:0.16393
position  3:    T:0.37705    C:0.14754    A:0.24590    G:0.22951
Average         T:0.27869    C:0.18579    A:0.31148    G:0.22404

#15: Topi           
position  1:    T:0.16393    C:0.24590    A:0.31148    G:0.27869
position  2:    T:0.29508    C:0.16393    A:0.37705    G:0.16393
position  3:    T:0.37705    C:0.14754    A:0.24590    G:0.22951
Average         T:0.27869    C:0.18579    A:0.31148    G:0.22404

#16: CommonDuiker   
position  1:    T:0.16393    C:0.24590    A:0.31148    G:0.27869
position  2:    T:0.29508    C:0.16393    A:0.37705    G:0.16393
position  3:    T:0.37705    C:0.14754    A:0.24590    G:0.22951
Average         T:0.27869    C:0.18579    A:0.31148    G:0.22404

#17: Suni           
position  1:    T:0.16393    C:0.24590    A:0.31148    G:0.27869
position  2:    T:0.29508    C:0.16393    A:0.37705    G:0.16393
position  3:    T:0.36066    C:0.16393    A:0.24590    G:0.22951
Average         T:0.27322    C:0.19126    A:0.31148    G:0.22404

#18: Springbuck     
position  1:    T:0.16393    C:0.24590    A:0.31148    G:0.27869
position  2:    T:0.29508    C:0.16393    A:0.37705    G:0.16393
position  3:    T:0.37705    C:0.14754    A:0.24590    G:0.22951
Average         T:0.27869    C:0.18579    A:0.31148    G:0.22404

#19: Okapi          
position  1:    T:0.16393    C:0.24590    A:0.31148    G:0.27869
position  2:    T:0.29508    C:0.16393    A:0.37705    G:0.16393
position  3:    T:0.36066    C:0.16393    A:0.24590    G:0.22951
Average         T:0.27322    C:0.19126    A:0.31148    G:0.22404

#20: Giraffe        
position  1:    T:0.16393    C:0.24590    A:0.31148    G:0.27869
position  2:    T:0.29508    C:0.16393    A:0.37705    G:0.16393
position  3:    T:0.37705    C:0.14754    A:0.24590    G:0.22951
Average         T:0.27869    C:0.18579    A:0.31148    G:0.22404

#21: TibetanAntelope
position  1:    T:0.16393    C:0.24590    A:0.31148    G:0.27869
position  2:    T:0.29508    C:0.16393    A:0.37705    G:0.16393
position  3:    T:0.37705    C:0.14754    A:0.24590    G:0.22951
Average         T:0.27869    C:0.18579    A:0.31148    G:0.22404

#22: Sitatunga      
position  1:    T:0.16393    C:0.24590    A:0.31148    G:0.27869
position  2:    T:0.29508    C:0.16393    A:0.37705    G:0.16393
position  3:    T:0.37705    C:0.14754    A:0.24590    G:0.22951
Average         T:0.27869    C:0.18579    A:0.31148    G:0.22404

#23: Oribi          
position  1:    T:0.16393    C:0.24590    A:0.31148    G:0.27869
position  2:    T:0.29508    C:0.16393    A:0.37705    G:0.16393
position  3:    T:0.37705    C:0.14754    A:0.24590    G:0.22951
Average         T:0.27869    C:0.18579    A:0.31148    G:0.22404

#24: BarbarySheep   
position  1:    T:0.16393    C:0.24590    A:0.31148    G:0.27869
position  2:    T:0.29508    C:0.16393    A:0.37705    G:0.16393
position  3:    T:0.37705    C:0.14754    A:0.24590    G:0.22951
Average         T:0.27869    C:0.18579    A:0.31148    G:0.22404

#25: Daviddeer      
position  1:    T:0.16393    C:0.24590    A:0.31148    G:0.27869
position  2:    T:0.29508    C:0.16393    A:0.37705    G:0.16393
position  3:    T:0.37705    C:0.14754    A:0.24590    G:0.22951
Average         T:0.27869    C:0.18579    A:0.31148    G:0.22404

#26: Reindeer       
position  1:    T:0.16393    C:0.24590    A:0.31148    G:0.27869
position  2:    T:0.29508    C:0.16393    A:0.37705    G:0.16393
position  3:    T:0.37705    C:0.14754    A:0.24590    G:0.22951
Average         T:0.27869    C:0.18579    A:0.31148    G:0.22404

#27: Ibex           
position  1:    T:0.16393    C:0.24590    A:0.31148    G:0.27869
position  2:    T:0.29508    C:0.16393    A:0.37705    G:0.16393
position  3:    T:0.37705    C:0.14754    A:0.24590    G:0.22951
Average         T:0.27869    C:0.18579    A:0.31148    G:0.22404

#28: GyrantGazelle  
position  1:    T:0.16393    C:0.24590    A:0.31148    G:0.27869
position  2:    T:0.29508    C:0.16393    A:0.37705    G:0.16393
position  3:    T:0.37705    C:0.14754    A:0.24590    G:0.22951
Average         T:0.27869    C:0.18579    A:0.31148    G:0.22404

#29: Hartebeest     
position  1:    T:0.16393    C:0.24590    A:0.31148    G:0.27869
position  2:    T:0.29508    C:0.16393    A:0.37705    G:0.16393
position  3:    T:0.37705    C:0.14754    A:0.24590    G:0.22951
Average         T:0.27869    C:0.18579    A:0.31148    G:0.22404

#30: Bongo          
position  1:    T:0.16393    C:0.24590    A:0.31148    G:0.27869
position  2:    T:0.29508    C:0.16393    A:0.37705    G:0.16393
position  3:    T:0.37705    C:0.14754    A:0.24590    G:0.22951
Average         T:0.27869    C:0.18579    A:0.31148    G:0.22404

#31: Gerenuk        
position  1:    T:0.16393    C:0.24590    A:0.31148    G:0.27869
position  2:    T:0.29508    C:0.16393    A:0.37705    G:0.16393
position  3:    T:0.37705    C:0.14754    A:0.24590    G:0.22951
Average         T:0.27869    C:0.18579    A:0.31148    G:0.22404

#32: CommonEland    
position  1:    T:0.16393    C:0.24590    A:0.31148    G:0.27869
position  2:    T:0.29508    C:0.16393    A:0.37705    G:0.16393
position  3:    T:0.37705    C:0.14754    A:0.24590    G:0.22951
Average         T:0.27869    C:0.18579    A:0.31148    G:0.22404

#33: MuntiacusReevesi
position  1:    T:0.16393    C:0.24590    A:0.31148    G:0.27869
position  2:    T:0.29508    C:0.16393    A:0.37705    G:0.16393
position  3:    T:0.36066    C:0.14754    A:0.22951    G:0.26230
Average         T:0.27322    C:0.18579    A:0.30601    G:0.23497

#34: HarveysDuiker  
position  1:    T:0.16393    C:0.24590    A:0.31148    G:0.27869
position  2:    T:0.29508    C:0.16393    A:0.37705    G:0.16393
position  3:    T:0.37705    C:0.14754    A:0.24590    G:0.22951
Average         T:0.27869    C:0.18579    A:0.31148    G:0.22404

#35: Pronghorn      
position  1:    T:0.16393    C:0.24590    A:0.31148    G:0.27869
position  2:    T:0.29508    C:0.16393    A:0.37705    G:0.16393
position  3:    T:0.37705    C:0.14754    A:0.22951    G:0.24590
Average         T:0.27869    C:0.18579    A:0.30601    G:0.22951

#36: BlueWildebeest 
position  1:    T:0.16393    C:0.24590    A:0.31148    G:0.27869
position  2:    T:0.29508    C:0.16393    A:0.37705    G:0.16393
position  3:    T:0.37705    C:0.14754    A:0.24590    G:0.22951
Average         T:0.27869    C:0.18579    A:0.31148    G:0.22404

#37: Gemsbok        
position  1:    T:0.16393    C:0.24590    A:0.31148    G:0.27869
position  2:    T:0.29508    C:0.16393    A:0.37705    G:0.16393
position  3:    T:0.37705    C:0.14754    A:0.24590    G:0.22951
Average         T:0.27869    C:0.18579    A:0.31148    G:0.22404

#38: Yak            
position  1:    T:0.16393    C:0.24590    A:0.31148    G:0.27869
position  2:    T:0.29508    C:0.16393    A:0.37705    G:0.16393
position  3:    T:0.37705    C:0.14754    A:0.24590    G:0.22951
Average         T:0.27869    C:0.18579    A:0.31148    G:0.22404

#39: BlueSheep      
position  1:    T:0.16393    C:0.24590    A:0.31148    G:0.27869
position  2:    T:0.29508    C:0.16393    A:0.37705    G:0.16393
position  3:    T:0.37705    C:0.14754    A:0.24590    G:0.22951
Average         T:0.27869    C:0.18579    A:0.31148    G:0.22404

#40: BohorReedbuck  
position  1:    T:0.16393    C:0.24590    A:0.31148    G:0.27869
position  2:    T:0.29508    C:0.16393    A:0.37705    G:0.16393
position  3:    T:0.36066    C:0.16393    A:0.24590    G:0.22951
Average         T:0.27322    C:0.19126    A:0.31148    G:0.22404

#41: KirksDik       
position  1:    T:0.16393    C:0.24590    A:0.31148    G:0.27869
position  2:    T:0.29508    C:0.16393    A:0.37705    G:0.16393
position  3:    T:0.37705    C:0.14754    A:0.24590    G:0.22951
Average         T:0.27869    C:0.18579    A:0.31148    G:0.22404

#42: RoeDeer        
position  1:    T:0.16393    C:0.24590    A:0.31148    G:0.27869
position  2:    T:0.29508    C:0.16393    A:0.37705    G:0.16393
position  3:    T:0.37705    C:0.14754    A:0.24590    G:0.22951
Average         T:0.27869    C:0.18579    A:0.31148    G:0.22404

#43: WhiteLippedDeer
position  1:    T:0.16393    C:0.24590    A:0.31148    G:0.27869
position  2:    T:0.29508    C:0.16393    A:0.37705    G:0.16393
position  3:    T:0.37705    C:0.14754    A:0.24590    G:0.22951
Average         T:0.27869    C:0.18579    A:0.31148    G:0.22404

#44: ThomsonGazelle 
position  1:    T:0.16393    C:0.24590    A:0.31148    G:0.27869
position  2:    T:0.29508    C:0.16393    A:0.37705    G:0.16393
position  3:    T:0.37705    C:0.14754    A:0.24590    G:0.22951
Average         T:0.27869    C:0.18579    A:0.31148    G:0.22404

#45: MuntiacusCrinifrons
position  1:    T:0.16393    C:0.24590    A:0.31148    G:0.27869
position  2:    T:0.29508    C:0.16393    A:0.37705    G:0.16393
position  3:    T:0.36066    C:0.14754    A:0.22951    G:0.26230
Average         T:0.27322    C:0.18579    A:0.30601    G:0.23497

#46: WhiteTailedDeer
position  1:    T:0.16393    C:0.24590    A:0.31148    G:0.27869
position  2:    T:0.29508    C:0.16393    A:0.37705    G:0.16393
position  3:    T:0.37705    C:0.14754    A:0.24590    G:0.22951
Average         T:0.27869    C:0.18579    A:0.31148    G:0.22404

#47: Cattle         
position  1:    T:0.16393    C:0.24590    A:0.31148    G:0.27869
position  2:    T:0.29508    C:0.16393    A:0.37705    G:0.16393
position  3:    T:0.37705    C:0.14754    A:0.24590    G:0.22951
Average         T:0.27869    C:0.18579    A:0.31148    G:0.22404

#48: RoyalAntelope  
position  1:    T:0.16393    C:0.24590    A:0.31148    G:0.27869
position  2:    T:0.29508    C:0.16393    A:0.37705    G:0.16393
position  3:    T:0.37705    C:0.14754    A:0.24590    G:0.22951
Average         T:0.27869    C:0.18579    A:0.31148    G:0.22404

#49: Steenbok       
position  1:    T:0.16393    C:0.24590    A:0.31148    G:0.27869
position  2:    T:0.29508    C:0.16393    A:0.37705    G:0.16393
position  3:    T:0.37705    C:0.14754    A:0.24590    G:0.22951
Average         T:0.27869    C:0.18579    A:0.31148    G:0.22404

#50: Impala         
position  1:    T:0.16393    C:0.24590    A:0.31148    G:0.27869
position  2:    T:0.29508    C:0.16393    A:0.37705    G:0.16393
position  3:    T:0.36066    C:0.16393    A:0.24590    G:0.22951
Average         T:0.27322    C:0.19126    A:0.31148    G:0.22404

#51: Klipspringer   
position  1:    T:0.16393    C:0.24590    A:0.31148    G:0.27869
position  2:    T:0.29508    C:0.16393    A:0.37705    G:0.16393
