1
52 1
Argali 0.000000 0.106900 0.025600 0.076700 0.025500 0.000000 0.043400 0.021000 0.038600 0.020000 0.003100 0.026300 0.022300 0.022300 0.009500 0.027100 0.044600 0.041300 0.006300 0.025500 0.013900 0.000000 0.015800 0.019100 0.003100 0.037100 0.019000 0.025600 0.017600 0.028800 0.020000 0.025600 0.025600 0.022200 0.019100 0.030400 0.000000 0.025500 0.017000 0.022300 0.015800 0.030500 0.020400 0.025500 0.034400 0.028800 0.013700 0.009500 0.015900 0.028700 0.028800 0.032100
LesserMous 0.106900 0.000000 0.106800 0.107400 0.110200 0.106900 0.120500 0.107900 0.114000 0.100400 0.103300 0.110700 0.114800 0.107500 0.103200 0.117000 0.115700 0.118200 0.107100 0.106700 0.100500 0.106900 0.095700 0.095800 0.110600 0.115000 0.110900 0.106900 0.104000 0.110400 0.100400 0.111300 0.099600 0.112000 0.114400 0.111400 0.106900 0.110300 0.100400 0.099300 0.095700 0.111300 0.100200 0.103100 0.115200 0.103800 0.100300 0.099600 0.112100 0.103000 0.110400 0.106900
LesserKudu 0.025600 0.106800 0.000000 0.083700 0.025500 0.025600 0.046900 0.028900 0.012700 0.015900 0.022300 0.009500 0.025900 0.026000 0.015900 0.035300 0.038900 0.035400 0.019200 0.000000 0.022400 0.025600 0.009500 0.012700 0.028800 0.032200 0.022700 0.006300 0.025600 0.003100 0.015900 0.029400 0.019100 0.025900 0.025600 0.012700 0.025600 0.025500 0.025600 0.015800 0.009500 0.025600 0.015800 0.009500 0.015900 0.033000 0.022300 0.025600 0.022400 0.022200 0.003100 0.006300
KillerWhal 0.076700 0.107400 0.083700 0.000000 0.079900 0.076700 0.085500 0.078000 0.097800 0.076200 0.073200 0.084400 0.080200 0.087500 0.073200 0.094200 0.105000 0.089100 0.077000 0.083500 0.078000 0.076700 0.073000 0.069600 0.080200 0.088600 0.076500 0.083700 0.081400 0.083600 0.076200 0.084100 0.083700 0.080000 0.083900 0.088200 0.076700 0.087000 0.074400 0.073000 0.073000 0.081100 0.075200 0.076600 0.092000 0.087200 0.077800 0.076700 0.074700 0.087000 0.087100 0.087300
DefassaWat 0.025500 0.110200 0.025500 0.079900 0.000000 0.025500 0.043400 0.028800 0.038500 0.022300 0.022200 0.028800 0.019400 0.026000 0.015800 0.035200 0.035500 0.032000 0.025600 0.025400 0.022300 0.025500 0.015800 0.019000 0.028700 0.045300 0.016100 0.025500 0.025500 0.028700 0.022300 0.022800 0.025500 0.019400 0.025500 0.031900 0.025500 0.006300 0.025500 0.022200 0.015800 0.038600 0.022200 0.025500 0.035200 0.033300 0.022200 0.025500 0.022300 0.028600 0.028700 0.028800
Sheep 0.000000 0.106900 0.025600 0.076700 0.025500 0.000000 0.043400 0.021000 0.038600 0.020000 0.003100 0.026300 0.022300 0.022300 0.009500 0.027100 0.044600 0.041300 0.006300 0.025500 0.013900 0.000000 0.015800 0.019100 0.003100 0.037100 0.019000 0.025600 0.017600 0.028800 0.020000 0.025600 0.025600 0.022200 0.019100 0.030400 0.000000 0.025500 0.017000 0.022300 0.015800 0.030500 0.020400 0.025500 0.034400 0.028800 0.013700 0.009500 0.015900 0.028700 0.028800 0.032100
MaxwellsDu 0.043400 0.120500 0.046900 0.085500 0.043400 0.043400 0.000000 0.046800 0.060900 0.044000 0.039900 0.043400 0.046700 0.029700 0.033100 0.053600 0.064900 0.061100 0.043400 0.046900 0.039900 0.043400 0.036600 0.040100 0.046800 0.057100 0.043300 0.046900 0.043300 0.050300 0.044000 0.033100 0.043400 0.046700 0.043400 0.053800 0.043400 0.043500 0.043500 0.043400 0.036600 0.057200 0.043400 0.047000 0.050400 0.053500 0.039900 0.043300 0.040000 0.046800 0.050300 0.053900
GazellaPrz 0.021000 0.107900 0.028900 0.078000 0.028800 0.021000 0.046800 0.000000 0.042000 0.019200 0.019100 0.029400 0.025600 0.025600 0.012700 0.012700 0.047700 0.044300 0.020200 0.028800 0.006300 0.021000 0.019100 0.022400 0.024400 0.022400 0.022300 0.028900 0.003200 0.032100 0.019200 0.028900 0.028900 0.025500 0.022400 0.028800 0.020700 0.028800 0.009500 0.025600 0.019100 0.015900 0.019100 0.028900 0.032200 0.025600 0.006300 0.022400 0.019200 0.032000 0.032100 0.035500
MountainNy 0.038600 0.114000 0.012700 0.097800 0.038500 0.038600 0.060900 0.042000 0.000000 0.028800 0.035300 0.022300 0.039300 0.039300 0.028800 0.048500 0.050200 0.048600 0.032200 0.012600 0.035400 0.038600 0.022200 0.025500 0.041900 0.045300 0.036000 0.012700 0.038600 0.015800 0.028800 0.042700 0.032000 0.039300 0.038600 0.025500 0.038600 0.038500 0.038700 0.028700 0.022200 0.038600 0.028700 0.022300 0.028700 0.046400 0.035300 0.038600 0.035400 0.035100 0.009400 0.019100
MuntiacusM 0.020000 0.100400 0.015900 0.076200 0.022300 0.020000 0.044000 0.019200 0.028800 0.000000 0.019100 0.019200 0.022600 0.022600 0.012700 0.025500 0.035600 0.032200 0.020000 0.015900 0.012700 0.020000 0.006300 0.009500 0.023400 0.035500 0.019300 0.015900 0.015900 0.019100 0.000000 0.026000 0.015900 0.022500 0.022400 0.015900 0.019900 0.022300 0.015900 0.012700 0.006300 0.022300 0.000100 0.015900 0.019100 0.029500 0.012700 0.022300 0.019200 0.019000 0.019100 0.022400
goat 0.003100 0.103300 0.022300 0.073200 0.022200 0.003100 0.039900 0.019100 0.035300 0.019100 0.000000 0.022900 0.019000 0.019100 0.006300 0.025500 0.041200 0.037900 0.009500 0.022300 0.012700 0.003100 0.012600 0.015900 0.006300 0.035400 0.015800 0.022300 0.015900 0.025500 0.019100 0.022300 0.022300 0.019000 0.015900 0.028700 0.003100 0.022200 0.015900 0.019000 0.012600 0.028800 0.019000 0.022300 0.032000 0.025500 0.012600 0.006300 0.012700 0.025400 0.025500 0.028800
AfricanBuf 0.026300 0.110700 0.009500 0.084400 0.028800 0.026300 0.043400 0.029400 0.022300 0.019200 0.022900 0.000000 0.028900 0.022400 0.016300 0.036000 0.042300 0.038800 0.019500 0.009500 0.022900 0.026300 0.012700 0.015900 0.029600 0.039600 0.025600 0.015900 0.026300 0.012700 0.019200 0.025600 0.019100 0.028800 0.026500 0.009500 0.026100 0.028800 0.026000 0.019100 0.012700 0.032700 0.019100 0.019100 0.012700 0.035500 0.022700 0.026000 0.022800 0.025500 0.012700 0.015900
Topi 0.022300 0.114800 0.025900 0.080200 0.019400 0.022300 0.046700 0.025600 0.039300 0.022600 0.019000 0.028900 0.000000 0.025500 0.012600 0.031900 0.042200 0.032100 0.022400 0.026000 0.019100 0.022300 0.016000 0.019300 0.025500 0.042000 0.003100 0.025900 0.022300 0.029200 0.022600 0.022300 0.028400 0.006300 0.015800 0.032500 0.022300 0.025800 0.022300 0.022600 0.016000 0.035300 0.022500 0.025900 0.036000 0.025500 0.019000 0.022300 0.019100 0.029100 0.029100 0.029300
CommonDuik 0.022300 0.107500 0.026000 0.087500 0.026000 0.022300 0.029700 0.025600 0.039300 0.022600 0.019100 0.022400 0.025500 0.000000 0.012700 0.025500 0.046000 0.043100 0.022400 0.026000 0.019100 0.022300 0.016100 0.019400 0.019100 0.042100 0.022300 0.026000 0.022400 0.029300 0.022600 0.003200 0.022400 0.025500 0.022400 0.032600 0.022300 0.025900 0.022400 0.022700 0.016100 0.035400 0.022600 0.026000 0.036200 0.025500 0.019100 0.022300 0.019200 0.016100 0.029300 0.032700
Suni 0.009500 0.103200 0.015900 0.073200 0.015800 0.009500 0.033100 0.012700 0.028800 0.012700 0.006300 0.016300 0.012600 0.012700 0.000000 0.019000 0.034400 0.031200 0.009500 0.015800 0.006300 0.009500 0.006300 0.009500 0.012700 0.028900 0.009400 0.015900 0.009500 0.019000 0.012700 0.015900 0.015900 0.012600 0.009500 0.022300 0.009500 0.015800 0.009500 0.012600 0.006300 0.022300 0.012600 0.015900 0.025500 0.019100 0.006300 0.009500 0.006300 0.019000 0.019000 0.022300
Springbuck 0.027100 0.117000 0.035300 0.094200 0.035200 0.027100 0.053600 0.012700 0.048500 0.025500 0.025500 0.036000 0.031900 0.025500 0.019000 0.000000 0.054300 0.050800 0.026600 0.035200 0.012600 0.027100 0.025400 0.028700 0.023700 0.028800 0.028600 0.035300 0.009500 0.038500 0.025500 0.028800 0.035300 0.031900 0.025500 0.035200 0.026900 0.035200 0.015900 0.031900 0.025400 0.022300 0.025400 0.035300 0.038600 0.025500 0.012600 0.028800 0.025600 0.031900 0.038500 0.042000
Okapi 0.044600 0.115700 0.038900 0.105000 0.035500 0.044600 0.064900 0.047700 0.050200 0.035600 0.041200 0.042300 0.042200 0.046000 0.034400 0.054300 0.000000 0.015900 0.044000 0.038800 0.041000 0.044600 0.028900 0.032200 0.048000 0.064700 0.038800 0.038900 0.044600 0.042100 0.035600 0.049600 0.041500 0.042000 0.044800 0.045400 0.044400 0.035500 0.044100 0.035500 0.028900 0.054300 0.035500 0.038900 0.048800 0.048800 0.041100 0.044200 0.040800 0.042000 0.042100 0.045600
Giraffe 0.041300 0.118200 0.035400 0.089100 0.032000 0.041300 0.061100 0.044300 0.048600 0.032200 0.037900 0.038800 0.032100 0.043100 0.031200 0.050800 0.015900 0.000000 0.040500 0.035300 0.037700 0.041300 0.025500 0.028800 0.044700 0.061100 0.028800 0.035400 0.041300 0.035300 0.032200 0.039300 0.038000 0.032000 0.041600 0.041900 0.041000 0.038600 0.040700 0.032000 0.025500 0.050900 0.032000 0.035400 0.045200 0.045300 0.037300 0.040800 0.030700 0.038500 0.038600 0.038700
TibetanAnt 0.006300 0.107100 0.019200 0.077000 0.025600 0.006300 0.043400 0.020200 0.032200 0.020000 0.009500 0.019500 0.022400 0.022400 0.009500 0.026600 0.044000 0.040500 0.000000 0.019100 0.013400 0.006300 0.015900 0.019200 0.009500 0.030300 0.019100 0.025700 0.016800 0.022400 0.020000 0.025700 0.025700 0.022300 0.019200 0.023300 0.006300 0.025600 0.016600 0.022400 0.015900 0.030200 0.020000 0.022400 0.026900 0.028900 0.013300 0.012700 0.016000 0.028800 0.022400 0.025700
Sitatunga 0.025500 0.106700 0.000000 0.083500 0.025400 0.025500 0.046900 0.028800 0.012600 0.015900 0.022300 0.009500 0.026000 0.026000 0.015800 0.035200 0.038800 0.035300 0.019100 0.000000 0.022300 0.025500 0.009400 0.012600 0.028800 0.032100 0.022700 0.006300 0.025500 0.003100 0.015900 0.029300 0.019000 0.026000 0.025500 0.012600 0.025500 0.025500 0.025600 0.015800 0.009400 0.025500 0.015800 0.009500 0.015800 0.033000 0.022300 0.025500 0.022400 0.022200 0.003100 0.006300
Oribi 0.013900 0.100500 0.022400 0.078000 0.022300 0.013900 0.039900 0.006300 0.035400 0.012700 0.012700 0.022900 0.019100 0.019100 0.006300 0.012600 0.041000 0.037700 0.013400 0.022300 0.000000 0.013900 0.012600 0.015900 0.017300 0.022400 0.015800 0.022400 0.003100 0.025600 0.012700 0.022400 0.022300 0.019000 0.015900 0.022300 0.013700 0.022300 0.003200 0.019100 0.012600 0.015900 0.012700 0.022300 0.025600 0.025600 0.000000 0.015900 0.012700 0.025500 0.025500 0.028900
BarbaryShe 0.000000 0.106900 0.025600 0.076700 0.025500 0.000000 0.043400 0.021000 0.038600 0.020000 0.003100 0.026300 0.022300 0.022300 0.009500 0.027100 0.044600 0.041300 0.006300 0.025500 0.013900 0.000000 0.015800 0.019100 0.003100 0.037100 0.019000 0.025600 0.017600 0.028800 0.020000 0.025600 0.025600 0.022200 0.019100 0.030400 0.000000 0.025500 0.017000 0.022300 0.015800 0.030500 0.020400 0.025500 0.034400 0.028800 0.013700 0.009500 0.015900 0.028700 0.028800 0.032100
Daviddeer 0.015800 0.095700 0.009500 0.073000 0.015800 0.015800 0.036600 0.019100 0.022200 0.006300 0.012600 0.012700 0.016000 0.016100 0.006300 0.025400 0.028900 0.025500 0.015900 0.009400 0.012600 0.015800 0.000000 0.003100 0.019000 0.035300 0.012800 0.009500 0.015800 0.012600 0.006300 0.019400 0.009400 0.016000 0.015800 0.015800 0.015800 0.015800 0.015900 0.006300 0.000000 0.022200 0.006300 0.009400 0.019000 0.023000 0.012600 0.015800 0.012700 0.012600 0.012600 0.015800
Reindeer 0.019100 0.095800 0.012700 0.069600 0.019000 0.019100 0.040100 0.022400 0.025500 0.009500 0.015900 0.015900 0.019300 0.019400 0.009500 0.028700 0.032200 0.028800 0.019200 0.012600 0.015900 0.019100 0.003100 0.000000 0.022300 0.032100 0.016100 0.012700 0.019100 0.015800 0.009500 0.022700 0.012600 0.019300 0.019100 0.019000 0.019100 0.019000 0.012700 0.003100 0.003100 0.025500 0.009400 0.006300 0.022300 0.019700 0.015800 0.019100 0.015900 0.015800 0.015800 0.019100
Ibex 0.003100 0.110600 0.028800 0.080200 0.028700 0.003100 0.046800 0.024400 0.041900 0.023400 0.006300 0.029600 0.025500 0.019100 0.012700 0.023700 0.048000 0.044700 0.009500 0.028800 0.017300 0.003100 0.019000 0.022300 0.000000 0.040500 0.022200 0.028800 0.021000 0.032000 0.023400 0.022400 0.028800 0.025400 0.022300 0.033800 0.003200 0.028700 0.020300 0.025500 0.019000 0.033900 0.023700 0.028800 0.037700 0.025500 0.017100 0.012700 0.019100 0.025400 0.032000 0.035400
GyrantGaze 0.037100 0.115000 0.032200 0.088600 0.045300 0.037100 0.057100 0.022400 0.045300 0.035500 0.035400 0.039600 0.042000 0.042100 0.028900 0.028800 0.064700 0.061100 0.030300 0.032100 0.022400 0.037100 0.035300 0.032100 0.040500 0.000000 0.038600 0.038800 0.019100 0.035400 0.035500 0.045500 0.045400 0.041900 0.038800 0.038700 0.037000 0.045300 0.019100 0.035400 0.035300 0.019100 0.035400 0.028900 0.042100 0.035400 0.022300 0.038800 0.035500 0.048500 0.035400 0.038800
Hartebeest 0.019000 0.110900 0.022700 0.076500 0.016100 0.019000 0.043300 0.022300 0.036000 0.019300 0.015800 0.025600 0.003100 0.022300 0.009400 0.028600 0.038800 0.028800 0.019100 0.022700 0.015800 0.019000 0.012800 0.016100 0.022200 0.038600 0.000000 0.022700 0.019000 0.025900 0.019300 0.019100 0.025100 0.003100 0.019000 0.029200 0.019000 0.022500 0.019100 0.019300 0.012800 0.032000 0.019300 0.022700 0.032700 0.022200 0.015800 0.019000 0.015900 0.025800 0.025800 0.026000
Bongo 0.025600 0.106900 0.006300 0.083700 0.025500 0.025600 0.046900 0.028900 0.012700 0.015900 0.022300 0.015900 0.025900 0.026000 0.015900 0.035300 0.038900 0.035400 0.025700 0.006300 0.022400 0.025600 0.009500 0.012700 0.028800 0.038800 0.022700 0.000000 0.025600 0.009500 0.015900 0.029400 0.019100 0.025900 0.025600 0.019100 0.025600 0.025500 0.025600 0.015800 0.009500 0.025600 0.015800 0.012700 0.022300 0.033000 0.022300 0.025600 0.022400 0.022200 0.003100 0.012600
Gerenuk 0.017600 0.104000 0.025600 0.081400 0.025500 0.017600 0.043300 0.003200 0.038600 0.015900 0.015900 0.026300 0.022300 0.022400 0.009500 0.009500 0.044600 0.041300 0.016800 0.025500 0.003100 0.017600 0.015800 0.019100 0.021000 0.019100 0.019000 0.025600 0.000000 0.028800 0.015900 0.025600 0.025500 0.022200 0.019100 0.025500 0.017300 0.025500 0.006300 0.022300 0.015800 0.012700 0.015800 0.025600 0.028800 0.022300 0.003100 0.019100 0.015900 0.028700 0.028800 0.032100
CommonElan 0.028800 0.110400 0.003100 0.083600 0.028700 0.028800 0.050300 0.032100 0.015800 0.019100 0.025500 0.012700 0.029200 0.029300 0.019000 0.038500 0.042100 0.035300 0.022400 0.003100 0.025600 0.028800 0.012600 0.015800 0.032000 0.035400 0.025900 0.009500 0.028800 0.000000 0.019100 0.032600 0.022300 0.029100 0.028800 0.015800 0.028800 0.028700 0.028800 0.019000 0.012600 0.028800 0.019000 0.012600 0.019000 0.036300 0.025500 0.028800 0.022400 0.025400 0.006300 0.009500
MuntiacusR 0.020000 0.100400 0.015900 0.076200 0.022300 0.020000 0.044000 0.019200 0.028800 0.000000 0.019100 0.019200 0.022600 0.022600 0.012700 0.025500 0.035600 0.032200 0.020000 0.015900 0.012700 0.020000 0.006300 0.009500 0.023400 0.035500 0.019300 0.015900 0.015900 0.019100 0.000000 0.026000 0.015900 0.022500 0.022400 0.015900 0.019900 0.022300 0.015900 0.012700 0.006300 0.022300 0.000100 0.015900 0.019100 0.029500 0.012700 0.022300 0.019200 0.019000 0.019100 0.022400
HarveysDui 0.025600 0.111300 0.029400 0.084100 0.022800 0.025600 0.033100 0.028900 0.042700 0.026000 0.022300 0.025600 0.022300 0.003200 0.015900 0.028800 0.049600 0.039300 0.025700 0.029300 0.022400 0.025600 0.019400 0.022700 0.022400 0.045500 0.019100 0.029400 0.025600 0.032600 0.026000 0.000000 0.025600 0.022300 0.025600 0.035900 0.025600 0.029200 0.025700 0.026000 0.019400 0.038700 0.025900 0.029400 0.039500 0.028800 0.022300 0.025600 0.022400 0.019400 0.032600 0.032700
Pronghorn 0.025600 0.099600 0.019100 0.083700 0.025500 0.025600 0.043400 0.028900 0.032000 0.015900 0.022300 0.019100 0.028400 0.022400 0.015900 0.035300 0.041500 0.038000 0.025700 0.019000 0.022300 0.025600 0.009400 0.012600 0.028800 0.045400 0.025100 0.019100 0.025500 0.022300 0.015900 0.025600 0.000000 0.028400 0.025600 0.025500 0.025600 0.025500 0.025600 0.015800 0.009400 0.032000 0.015800 0.019100 0.028700 0.028600 0.022300 0.025600 0.022400 0.022200 0.022300 0.025600
BlueWildeb 0.022200 0.112000 0.025900 0.080000 0.019400 0.022200 0.046700 0.025500 0.039300 0.022500 0.019000 0.028800 0.006300 0.025500 0.012600 0.031900 0.042000 0.032000 0.022300 0.026000 0.019000 0.022200 0.016000 0.019300 0.025400 0.041900 0.003100 0.025900 0.022200 0.029100 0.022500 0.022300 0.028400 0.000000 0.022200 0.032400 0.022200 0.025800 0.022300 0.022600 0.016000 0.035200 0.022500 0.025900 0.036000 0.025400 0.019000 0.022200 0.019100 0.029000 0.029100 0.029200
Gemsbok 0.019100 0.114400 0.025600 0.083900 0.025500 0.019100 0.043400 0.022400 0.038600 0.022400 0.015900 0.026500 0.015800 0.022400 0.009500 0.025500 0.044800 0.041600 0.019200 0.025500 0.015900 0.019100 0.015800 0.019100 0.022300 0.038800 0.019000 0.025600 0.019100 0.028800 0.022400 0.025600 0.025600 0.022200 0.000000 0.032000 0.019100 0.025500 0.019100 0.022300 0.015800 0.032100 0.022300 0.025600 0.035300 0.028800 0.015900 0.019100 0.015900 0.028700 0.028800 0.032100
Yak 0.030400 0.111400 0.012700 0.088200 0.031900 0.030400 0.053800 0.028800 0.025500 0.015900 0.028700 0.009500 0.032500 0.032600 0.022300 0.035200 0.045400 0.041900 0.023300 0.012600 0.022300 0.030400 0.015800 0.019000 0.033800 0.038700 0.029200 0.019100 0.025500 0.015800 0.015900 0.035900 0.025500 0.032400 0.032000 0.000000 0.030300 0.032000 0.025600 0.022200 0.015800 0.032000 0.015800 0.022300 0.003100 0.039700 0.022300 0.032000 0.028800 0.028600 0.015800 0.019100
BlueSheep 0.000000 0.106900 0.025600 0.076700 0.025500 0.000000 0.043400 0.020700 0.038600 0.019900 0.003100 0.026100 0.022300 0.022300 0.009500 0.026900 0.044400 0.041000 0.006300 0.025500 0.013700 0.000000 0.015800 0.019100 0.003200 0.037000 0.019000 0.025600 0.017300 0.028800 0.019900 0.025600 0.025600 0.022200 0.019100 0.030300 0.000000 0.025500 0.016800 0.022300 0.015800 0.030300 0.020200 0.025600 0.034100 0.028800 0.013500 0.009500 0.015900 0.028700 0.028800 0.032100
BohorReedb 0.025500 0.110300 0.025500 0.087000 0.006300 0.025500 0.043500 0.028800 0.038500 0.022300 0.022200 0.028800 0.025800 0.025900 0.015800 0.035200 0.035500 0.038600 0.025600 0.025500 0.022300 0.025500 0.015800 0.019000 0.028700 0.045300 0.022500 0.025500 0.025500 0.028700 0.022300 0.029200 0.025500 0.025800 0.025500 0.032000 0.025500 0.000000 0.025600 0.022200 0.015800 0.038600 0.022200 0.025500 0.035300 0.032900 0.022200 0.025500 0.022300 0.028600 0.028700 0.032100
KirksDik 0.017000 0.100400 0.025600 0.074400 0.025500 0.017000 0.043500 0.009500 0.038700 0.015900 0.015900 0.026000 0.022300 0.022400 0.009500 0.015900 0.044100 0.040700 0.016600 0.025600 0.003200 0.017000 0.015900 0.012700 0.020300 0.019100 0.019100 0.025600 0.006300 0.028800 0.015900 0.025700 0.025600 0.022300 0.019100 0.025600 0.016800 0.025600 0.000000 0.015900 0.015900 0.019100 0.015900 0.019100 0.028800 0.022300 0.003100 0.019100 0.016000 0.028800 0.028800 0.032200
RoeDeer 0.022300 0.099300 0.015800 0.073000 0.022200 0.022300 0.043400 0.025600 0.028700 0.012700 0.019000 0.019100 0.022600 0.022700 0.012600 0.031900 0.035500 0.032000 0.022400 0.015800 0.019100 0.022300 0.006300 0.003100 0.025500 0.035400 0.019300 0.015800 0.022300 0.019000 0.012700 0.026000 0.015800 0.022600 0.022300 0.022200 0.022300 0.022200 0.015900 0.000000 0.006300 0.028700 0.012600 0.009400 0.025400 0.023100 0.019000 0.022300 0.019100 0.018900 0.019000 0.022300
WhiteLippe 0.015800 0.095700 0.009500 0.073000 0.015800 0.015800 0.036600 0.019100 0.022200 0.006300 0.012600 0.012700 0.016000 0.016100 0.006300 0.025400 0.028900 0.025500 0.015900 0.009400 0.012600 0.015800 0.000000 0.003100 0.019000 0.035300 0.012800 0.009500 0.015800 0.012600 0.006300 0.019400 0.009400 0.016000 0.015800 0.015800 0.015800 0.015800 0.015900 0.006300 0.000000 0.022200 0.006300 0.009400 0.019000 0.023000 0.012600 0.015800 0.012700 0.012600 0.012600 0.015800
ThomsonGaz 0.030500 0.111300 0.025600 0.081100 0.038600 0.030500 0.057200 0.015900 0.038600 0.022300 0.028800 0.032700 0.035300 0.035400 0.022300 0.022300 0.054300 0.050900 0.030200 0.025500 0.015900 0.030500 0.022200 0.025500 0.033900 0.019100 0.032000 0.025600 0.012700 0.028800 0.022300 0.038700 0.032000 0.035200 0.032100 0.032000 0.030300 0.038600 0.019100 0.028700 0.022200 0.000000 0.022300 0.025500 0.035300 0.035400 0.015800 0.032100 0.028900 0.035200 0.028700 0.032100
MuntiacusC 0.020400 0.100200 0.015800 0.075200 0.022200 0.020400 0.043400 0.019100 0.028700 0.000100 0.019000 0.019100 0.022500 0.022600 0.012600 0.025400 0.035500 0.032000 0.020000 0.015800 0.012700 0.020400 0.006300 0.009400 0.023700 0.035400 0.019300 0.015800 0.015800 0.019000 0.000100 0.025900 0.015800 0.022500 0.022300 0.015800 0.020200 0.022200 0.015900 0.012600 0.006300 0.022300 0.000000 0.015800 0.019000 0.029600 0.012600 0.022200 0.019100 0.018900 0.019000 0.022300
WhiteTaile 0.025500 0.103100 0.009500 0.076600 0.025500 0.025500 0.047000 0.028900 0.022300 0.015900 0.022300 0.019100 0.025900 0.026000 0.015900 0.035300 0.038900 0.035400 0.022400 0.009500 0.022300 0.025500 0.009400 0.006300 0.028800 0.028900 0.022700 0.012700 0.025600 0.012600 0.015900 0.029400 0.019100 0.025900 0.025600 0.022300 0.025600 0.025500 0.019100 0.009400 0.009400 0.025500 0.015800 0.000000 0.025500 0.026500 0.022300 0.025600 0.022400 0.022200 0.012600 0.015900
Cattle 0.034400 0.115200 0.015900 0.092000 0.035200 0.034400 0.050400 0.032200 0.028700 0.019100 0.032000 0.012700 0.036000 0.036200 0.025500 0.038600 0.048800 0.045200 0.026900 0.015800 0.025600 0.034400 0.019000 0.022300 0.037700 0.042100 0.032700 0.022300 0.028800 0.019000 0.019100 0.039500 0.028700 0.036000 0.035300 0.003100 0.034100 0.035300 0.028800 0.025400 0.019000 0.035300 0.019000 0.025500 0.000000 0.043500 0.025500 0.035300 0.032100 0.031900 0.019000 0.022300
RoyalAntel 0.028800 0.103800 0.033000 0.087200 0.033300 0.028800 0.053500 0.025600 0.046400 0.029500 0.025500 0.035500 0.025500 0.025500 0.019100 0.025500 0.048800 0.045300 0.028900 0.033000 0.025600 0.028800 0.023000 0.019700 0.025500 0.035400 0.022200 0.033000 0.022300 0.036300 0.029500 0.028800 0.028600 0.025400 0.028800 0.039700 0.028800 0.032900 0.022300 0.023100 0.023000 0.035400 0.029600 0.026500 0.043500 0.000000 0.025500 0.022300 0.025600 0.029600 0.036300 0.039800
Steenbok 0.013700 0.100300 0.022300 0.077800 0.022200 0.013700 0.039900 0.006300 0.035300 0.012700 0.012600 0.022700 0.019000 0.019100 0.006300 0.012600 0.041100 0.037300 0.013300 0.022300 0.000000 0.013700 0.012600 0.015800 0.017100 0.022300 0.015800 0.022300 0.003100 0.025500 0.012700 0.022300 0.022300 0.019000 0.015900 0.022300 0.013500 0.022200 0.003100 0.019000 0.012600 0.015800 0.012600 0.022300 0.025500 0.025500 0.000000 0.015800 0.012700 0.025400 0.025500 0.028800
Impala 0.009500 0.099600 0.025600 0.076700 0.025500 0.009500 0.043300 0.022400 0.038600 0.022300 0.006300 0.026000 0.022300 0.022300 0.009500 0.028800 0.044200 0.040800 0.012700 0.025500 0.015900 0.009500 0.015800 0.019100 0.012700 0.038800 0.019000 0.025600 0.019100 0.028800 0.022300 0.025600 0.025600 0.022200 0.019100 0.032000 0.009500 0.025500 0.019100 0.022300 0.015800 0.032100 0.022200 0.025600 0.035300 0.022300 0.015800 0.000000 0.015900 0.028700 0.028800 0.032100
Klipspring 0.015900 0.112100 0.022400 0.074700 0.022300 0.015900 0.040000 0.019200 0.035400 0.019200 0.012700 0.022800 0.019100 0.019200 0.006300 0.025600 0.040800 0.030700 0.016000 0.022400 0.012700 0.015900 0.012700 0.015900 0.019100 0.035500 0.015900 0.022400 0.015900 0.022400 0.019200 0.022400 0.022400 0.019100 0.015900 0.028800 0.015900 0.022300 0.016000 0.019100 0.012700 0.028900 0.019100 0.022400 0.032100 0.025600 0.012700 0.015900 0.000000 0.025500 0.025600 0.029000
ForestMusk 0.028700 0.103000 0.022200 0.087000 0.028600 0.028700 0.046800 0.032000 0.035100 0.019000 0.025400 0.025500 0.029100 0.016100 0.019000 0.031900 0.042000 0.038500 0.028800 0.022200 0.025500 0.028700 0.012600 0.015800 0.025400 0.048500 0.025800 0.022200 0.028700 0.025400 0.019000 0.019400 0.022200 0.029000 0.028700 0.028600 0.028700 0.028600 0.028800 0.018900 0.012600 0.035200 0.018900 0.022200 0.031900 0.029600 0.025400 0.028700 0.025500 0.000000 0.025400 0.028700
Bushbuck 0.028800 0.110400 0.003100 0.087100 0.028700 0.028800 0.050300 0.032100 0.009400 0.019100 0.025500 0.012700 0.029100 0.029300 0.019000 0.038500 0.042100 0.038600 0.022400 0.003100 0.025500 0.028800 0.012600 0.015800 0.032000 0.035400 0.025800 0.003100 0.028800 0.006300 0.019100 0.032600 0.022300 0.029100 0.028800 0.015800 0.028800 0.028700 0.028800 0.019000 0.012600 0.028700 0.019000 0.012600 0.019000 0.036300 0.025500 0.028800 0.025600 0.025400 0.000000 0.009500
GreaterKud 0.032100 0.106900 0.006300 0.087300 0.028800 0.032100 0.053900 0.035500 0.019100 0.022400 0.028800 0.015900 0.029300 0.032700 0.022300 0.042000 0.045600 0.038700 0.025700 0.006300 0.028900 0.032100 0.015800 0.019100 0.035400 0.038800 0.026000 0.012600 0.032100 0.009500 0.022400 0.032700 0.025600 0.029200 0.032100 0.019100 0.032100 0.032100 0.032200 0.022300 0.015800 0.032100 0.022300 0.015900 0.022300 0.039800 0.028800 0.032100 0.029000 0.028700 0.009500 0.000000
