1
52 1
Argali 0.000000 0.502700 0.138000 0.472100 0.072500 0.000000 0.116100 0.099000 0.123500 0.239200 0.028300 0.114900 0.127600 0.085600 0.070300 0.201600 0.181200 0.144000 0.071100 0.125000 0.131000 0.042300 0.192200 0.227300 0.028200 0.198700 0.130100 0.139200 0.164400 0.149300 0.200300 0.057400 0.174800 0.128200 0.070200 0.145800 0.042200 0.089000 0.128300 0.261300 0.190100 0.170500 0.238400 0.198100 0.131600 0.099300 0.115900 0.083900 0.101500 0.149700 0.140000 0.166900
LesserMous 0.502700 0.000000 0.601500 0.625400 0.466500 0.502700 0.484100 0.492800 0.564900 0.598000 0.460300 0.467800 0.485600 0.505900 0.425300 0.593900 0.568700 0.479000 0.513000 0.558600 0.444300 0.460200 0.628700 0.522400 0.456900 0.579800 0.447500 0.600400 0.521000 0.599900 0.638900 0.470100 0.512900 0.489900 0.497000 0.465500 0.455600 0.507200 0.465100 0.570600 0.620700 0.489300 0.591800 0.483900 0.449400 0.525400 0.474900 0.520200 0.458100 0.454200 0.586900 0.639100
LesserKudu 0.138000 0.601500 0.000000 0.444400 0.155700 0.138000 0.213200 0.150100 0.062400 0.273500 0.140100 0.135800 0.209000 0.181400 0.151600 0.188300 0.154600 0.148100 0.167100 0.037300 0.182200 0.123900 0.227500 0.229100 0.139600 0.186200 0.212700 0.076000 0.162200 0.086700 0.202600 0.154200 0.162900 0.209900 0.134300 0.165200 0.153800 0.142200 0.179100 0.297200 0.225500 0.159100 0.273000 0.234500 0.151900 0.181400 0.167800 0.164400 0.153800 0.169800 0.076400 0.101500
KillerWhal 0.472100 0.625400 0.444400 0.000000 0.425500 0.472100 0.446800 0.441200 0.419600 0.519500 0.431800 0.440600 0.480500 0.400800 0.449300 0.510600 0.486700 0.401200 0.472000 0.448400 0.442500 0.431300 0.615800 0.569300 0.428800 0.502200 0.488300 0.446300 0.462300 0.451500 0.511900 0.459000 0.533700 0.461500 0.465000 0.485500 0.428600 0.433800 0.480000 0.593900 0.609900 0.422200 0.523800 0.557600 0.468100 0.513400 0.468300 0.464900 0.426800 0.475400 0.430300 0.479700
DefassaWat 0.072500 0.466500 0.155700 0.425500 0.000000 0.072500 0.071600 0.085700 0.140500 0.159600 0.043400 0.100800 0.084300 0.071700 0.056600 0.155800 0.168000 0.099100 0.057000 0.141900 0.086100 0.028300 0.178200 0.179500 0.043200 0.153900 0.085900 0.156900 0.117700 0.166900 0.186200 0.043200 0.129500 0.084600 0.056400 0.131800 0.057700 0.014500 0.084500 0.210600 0.176300 0.126100 0.190700 0.150500 0.117600 0.085800 0.065800 0.070500 0.057400 0.103700 0.158100 0.184500
Sheep 0.000000 0.502700 0.138000 0.472100 0.072500 0.000000 0.116100 0.099000 0.123500 0.239200 0.028300 0.114900 0.127600 0.085600 0.070300 0.201600 0.181200 0.144000 0.071100 0.125000 0.131000 0.042300 0.192200 0.227300 0.028200 0.198700 0.130100 0.139200 0.164400 0.149300 0.200300 0.057400 0.174800 0.128200 0.070200 0.145800 0.042200 0.089000 0.128300 0.261300 0.190100 0.170500 0.238400 0.198100 0.131600 0.099300 0.115900 0.083900 0.101500 0.149700 0.140000 0.166900
MaxwellsDu 0.116100 0.484100 0.213200 0.446800 0.071600 0.116100 0.000000 0.128500 0.183300 0.236100 0.086900 0.144600 0.126600 0.083100 0.099100 0.199800 0.210600 0.142100 0.099800 0.185700 0.113700 0.071000 0.223400 0.224000 0.086500 0.197000 0.113000 0.200400 0.144400 0.209300 0.230100 0.055700 0.141500 0.126900 0.098800 0.176300 0.100900 0.087900 0.127000 0.256900 0.220800 0.168800 0.235700 0.195200 0.162100 0.128600 0.114700 0.112700 0.100400 0.131600 0.201700 0.235300
GazellaPrz 0.099000 0.492800 0.150100 0.441200 0.085700 0.099000 0.128500 0.000000 0.106400 0.216600 0.100700 0.158100 0.140100 0.098100 0.083400 0.121600 0.192400 0.156000 0.113700 0.137100 0.054600 0.084700 0.237200 0.238700 0.100300 0.120100 0.142400 0.150800 0.084000 0.131800 0.211100 0.100400 0.155500 0.140400 0.112400 0.189700 0.114600 0.102300 0.081800 0.272400 0.234800 0.093500 0.216100 0.209800 0.175700 0.142400 0.069200 0.126100 0.084400 0.161900 0.151800 0.148400
MountainNy 0.123500 0.564900 0.062400 0.419600 0.140500 0.123500 0.183300 0.106400 0.000000 0.193400 0.125400 0.121700 0.163000 0.122400 0.136700 0.159800 0.100500 0.120100 0.138100 0.050200 0.136600 0.109400 0.180400 0.246100 0.125000 0.171600 0.165600 0.063000 0.131900 0.023900 0.130500 0.125000 0.178700 0.163600 0.107300 0.151000 0.138900 0.158000 0.164100 0.278800 0.178500 0.145100 0.193100 0.217800 0.137600 0.165900 0.122700 0.149800 0.138500 0.124200 0.063100 0.036700
MuntiacusM 0.239200 0.598000 0.273500 0.519500 0.159600 0.239200 0.236100 0.216600 0.193400 0.000000 0.208400 0.154800 0.213400 0.202700 0.218500 0.224600 0.221000 0.216600 0.187500 0.261300 0.218300 0.189700 0.150600 0.122100 0.207400 0.204900 0.216600 0.209300 0.233000 0.187400 0.050500 0.207100 0.215000 0.213900 0.202900 0.186600 0.222200 0.178000 0.182100 0.150800 0.148900 0.208500 0.025300 0.095500 0.205200 0.216200 0.198400 0.199200 0.222100 0.158500 0.277300 0.222800
goat 0.028300 0.460300 0.140100 0.431800 0.043400 0.028300 0.086900 0.100700 0.125400 0.208400 0.000000 0.085900 0.099000 0.056900 0.042100 0.171900 0.183900 0.114800 0.042500 0.127000 0.101600 0.014000 0.161900 0.196200 0.000000 0.169400 0.100500 0.141400 0.134000 0.151600 0.170800 0.028600 0.145100 0.099100 0.042000 0.115900 0.014000 0.059200 0.099500 0.229100 0.160100 0.141500 0.207700 0.167100 0.101800 0.070800 0.086700 0.055800 0.072300 0.119500 0.142400 0.169400
AfricanBuf 0.114900 0.467800 0.135800 0.440600 0.100800 0.114900 0.144600 0.158100 0.121700 0.154800 0.085900 0.000000 0.155600 0.113600 0.098000 0.165300 0.178400 0.111200 0.069500 0.122800 0.158900 0.070200 0.111400 0.142300 0.085600 0.133800 0.158300 0.107600 0.155800 0.118100 0.121500 0.085600 0.140400 0.156100 0.068800 0.054300 0.099800 0.117700 0.125700 0.172500 0.110100 0.136400 0.154400 0.114500 0.040800 0.097000 0.144400 0.082000 0.129900 0.115400 0.137800 0.150600
Topi 0.127600 0.485600 0.209000 0.480500 0.084300 0.127600 0.126600 0.140100 0.163000 0.213400 0.099000 0.155600 0.000000 0.125900 0.081900 0.195300 0.131600 0.094700 0.111500 0.165000 0.141100 0.083300 0.200500 0.202200 0.098600 0.207300 0.026400 0.210700 0.173900 0.188600 0.208200 0.098200 0.183800 0.026100 0.081400 0.155200 0.083300 0.100500 0.108900 0.234500 0.198400 0.179800 0.212900 0.174100 0.141500 0.110100 0.096700 0.123800 0.112500 0.128100 0.180800 0.176100
CommonDuik 0.085600 0.505900 0.181400 0.400800 0.071700 0.085600 0.083100 0.098100 0.122400 0.202700 0.056900 0.113600 0.125900 0.000000 0.069600 0.167900 0.210600 0.142100 0.070100 0.154200 0.083800 0.041900 0.189900 0.224000 0.056700 0.165500 0.112900 0.168600 0.113300 0.148100 0.166400 0.026100 0.172900 0.112200 0.069300 0.144200 0.070800 0.087900 0.126900 0.256900 0.187700 0.138100 0.202100 0.195200 0.130200 0.098300 0.114600 0.083000 0.100300 0.131600 0.169600 0.169700
Suni 0.070300 0.425300 0.151600 0.449300 0.056600 0.070300 0.099100 0.083400 0.136700 0.218500 0.042100 0.098000 0.081900 0.069600 0.000000 0.152200 0.164200 0.097100 0.055500 0.138400 0.084000 0.027600 0.172800 0.174700 0.042000 0.150300 0.083600 0.152700 0.114700 0.162500 0.180900 0.042000 0.126200 0.082400 0.054800 0.127800 0.027600 0.072400 0.082400 0.206300 0.171000 0.123000 0.218000 0.146400 0.114000 0.083300 0.069700 0.068300 0.055900 0.131400 0.123900 0.180100
Springbuck 0.201600 0.593900 0.188300 0.510600 0.155800 0.201600 0.199800 0.121600 0.159800 0.224600 0.171900 0.165300 0.195300 0.167900 0.152200 0.000000 0.217000 0.194900 0.184400 0.175300 0.108300 0.154500 0.245100 0.227900 0.183500 0.074500 0.198200 0.189500 0.065900 0.155400 0.219800 0.171400 0.194400 0.195800 0.151500 0.229200 0.185600 0.142200 0.149800 0.294900 0.242500 0.049700 0.224400 0.233100 0.215200 0.181200 0.123900 0.135200 0.154100 0.186500 0.221900 0.203800
Okapi 0.181200 0.568700 0.154600 0.486700 0.168000 0.181200 0.210600 0.192400 0.100500 0.221000 0.183900 0.178400 0.131600 0.210600 0.164200 0.217000 0.000000 0.062800 0.196000 0.129300 0.226000 0.166600 0.208100 0.209500 0.183200 0.260000 0.162900 0.114800 0.223400 0.124700 0.185500 0.183100 0.205900 0.161000 0.133300 0.177900 0.166700 0.186200 0.191100 0.241300 0.205900 0.217100 0.220700 0.182200 0.195400 0.224900 0.179800 0.207500 0.166400 0.121800 0.115400 0.113500
Giraffe 0.144000 0.479000 0.148100 0.401200 0.099100 0.144000 0.142100 0.156000 0.120100 0.216600 0.114800 0.111200 0.094700 0.142100 0.097100 0.194900 0.062800 0.000000 0.127400 0.121600 0.157100 0.098500 0.203300 0.172700 0.114300 0.192500 0.126000 0.135500 0.152500 0.145500 0.210600 0.114200 0.138700 0.124300 0.067400 0.141000 0.098600 0.116000 0.154300 0.204400 0.201200 0.150300 0.216200 0.144700 0.127300 0.156400 0.142300 0.139700 0.098200 0.113800 0.107400 0.133500
TibetanAnt 0.071100 0.513000 0.167100 0.472000 0.057000 0.071100 0.099800 0.113700 0.138100 0.187500 0.042500 0.069500 0.111500 0.070100 0.055500 0.184400 0.196000 0.127400 0.000000 0.139700 0.114600 0.027800 0.142800 0.175300 0.042300 0.151300 0.113900 0.154100 0.146800 0.164100 0.152000 0.042300 0.158000 0.112300 0.055300 0.098800 0.056400 0.072900 0.082900 0.191500 0.141300 0.154100 0.187000 0.146900 0.084900 0.084000 0.099900 0.068900 0.085700 0.132700 0.155100 0.157300
Sitatunga 0.125000 0.558600 0.037300 0.448400 0.141900 0.125000 0.185700 0.137100 0.050200 0.261300 0.127000 0.122800 0.165000 0.154200 0.138400 0.175300 0.129300 0.121600 0.139700 0.000000 0.168600 0.110800 0.214800 0.215800 0.126500 0.173500 0.167800 0.063600 0.133700 0.074700 0.191000 0.126600 0.180900 0.165600 0.108500 0.122800 0.140700 0.128200 0.136000 0.282900 0.212600 0.146800 0.260600 0.220900 0.109400 0.137500 0.154600 0.151400 0.140300 0.156600 0.063900 0.089300
Oribi 0.131000 0.444300 0.182200 0.442500 0.086100 0.131000 0.113700 0.054600 0.136600 0.218300 0.101600 0.158900 0.141100 0.083800 0.084000 0.108300 0.226000 0.157100 0.114600 0.168600 0.000000 0.085400 0.239200 0.240700 0.101400 0.107200 0.112900 0.183600 0.055600 0.162400 0.212700 0.085800 0.156600 0.141500 0.113300 0.191300 0.115600 0.102700 0.082400 0.274200 0.236700 0.080500 0.217700 0.211600 0.177200 0.143500 0.069800 0.127100 0.085100 0.131300 0.184800 0.180100
BarbaryShe 0.042300 0.460200 0.123900 0.431300 0.028300 0.042300 0.071000 0.084700 0.109400 0.189700 0.014000 0.070200 0.083300 0.041900 0.027600 0.154500 0.166600 0.098500 0.027800 0.110800 0.085400 0.000000 0.144300 0.177500 0.014000 0.152400 0.084500 0.124900 0.116700 0.135300 0.153400 0.014100 0.128100 0.083300 0.027500 0.099400 0.027000 0.043500 0.083700 0.209500 0.142700 0.124900 0.189100 0.148800 0.085500 0.055600 0.070900 0.041100 0.056800 0.102500 0.125700 0.152300
Daviddeer 0.192200 0.628700 0.227500 0.615800 0.178200 0.192200 0.223400 0.237200 0.180400 0.150600 0.161900 0.111400 0.200500 0.189900 0.172800 0.245100 0.208100 0.203300 0.142800 0.214800 0.239200 0.144300 0.000000 0.167900 0.161200 0.224100 0.203700 0.165400 0.256000 0.175000 0.132300 0.161200 0.235400 0.201100 0.157600 0.141700 0.175800 0.197600 0.169400 0.198900 0.025200 0.228200 0.150300 0.140600 0.159200 0.171100 0.190000 0.154700 0.208900 0.145200 0.230500 0.210300
Reindeer 0.227300 0.522400 0.229100 0.569300 0.179500 0.227300 0.224000 0.238700 0.246100 0.122100 0.196200 0.142300 0.202200 0.224000 0.174700 0.227900 0.209500 0.172700 0.175300 0.215800 0.240700 0.177500 0.167900 0.000000 0.195300 0.193400 0.205800 0.197700 0.221200 0.238700 0.147100 0.195200 0.203600 0.202900 0.190600 0.173700 0.177600 0.165300 0.170000 0.081100 0.166200 0.196600 0.121800 0.026800 0.192500 0.204900 0.224800 0.187100 0.210800 0.178600 0.233100 0.277200
Ibex 0.028200 0.456900 0.139600 0.428800 0.043200 0.028200 0.086500 0.100300 0.125000 0.207400 0.000000 0.085600 0.098600 0.056700 0.042000 0.183500 0.183200 0.114300 0.042300 0.126500 0.101400 0.014000 0.161200 0.195300 0.000000 0.180800 0.100500 0.140900 0.143000 0.151000 0.170100 0.028500 0.144500 0.099100 0.041900 0.115900 0.014000 0.058900 0.099100 0.227900 0.159400 0.152600 0.206700 0.166300 0.101800 0.070600 0.086400 0.055600 0.072000 0.119000 0.141800 0.168700
GyrantGaze 0.198700 0.579800 0.186200 0.502200 0.153900 0.198700 0.197000 0.120100 0.171600 0.204900 0.169400 0.133800 0.207300 0.165500 0.150300 0.074500 0.260000 0.192500 0.151300 0.173500 0.107200 0.152400 0.224100 0.193400 0.180800 0.000000 0.210300 0.187100 0.065000 0.167100 0.200500 0.169100 0.192200 0.207800 0.149500 0.194000 0.183100 0.140500 0.119000 0.257300 0.222000 0.049000 0.204800 0.197600 0.180500 0.179000 0.136400 0.162600 0.137500 0.198700 0.219200 0.201100
Hartebeest 0.130100 0.447500 0.212700 0.488300 0.085900 0.130100 0.113000 0.142400 0.165600 0.216600 0.100500 0.158300 0.026400 0.112900 0.083600 0.198200 0.162900 0.126000 0.113900 0.167800 0.112900 0.084500 0.203700 0.205800 0.100500 0.210300 0.000000 0.214200 0.159900 0.191500 0.210900 0.085200 0.187000 0.026400 0.112500 0.157100 0.084600 0.102500 0.110600 0.238300 0.201600 0.182400 0.216000 0.177300 0.143300 0.112100 0.098300 0.126300 0.114500 0.099600 0.184000 0.210100
Bongo 0.139200 0.600400 0.076000 0.446300 0.156900 0.139200 0.200400 0.150800 0.063000 0.209300 0.141400 0.107600 0.210700 0.168600 0.152700 0.189500 0.114800 0.135500 0.154100 0.063600 0.183600 0.124900 0.165400 0.197700 0.140900 0.187100 0.214200 0.000000 0.180500 0.061300 0.144800 0.141100 0.195400 0.211400 0.122400 0.136700 0.155100 0.175100 0.150100 0.228900 0.163800 0.160100 0.208900 0.170000 0.153400 0.151400 0.169100 0.135400 0.154900 0.140100 0.050600 0.102400
Gerenuk 0.164400 0.521000 0.162200 0.462300 0.117700 0.164400 0.144400 0.084000 0.131900 0.233000 0.134000 0.155800 0.173900 0.113300 0.114700 0.065900 0.223400 0.152500 0.146800 0.133700 0.055600 0.116700 0.256000 0.221200 0.143000 0.065000 0.159900 0.180500 0.000000 0.158700 0.227300 0.115800 0.153700 0.174300 0.113900 0.188900 0.148200 0.103500 0.112800 0.289800 0.253100 0.039100 0.233000 0.226900 0.174300 0.176700 0.100200 0.159700 0.116200 0.143200 0.181400 0.177000
CommonElan 0.149300 0.599900 0.086700 0.451500 0.166900 0.149300 0.209300 0.131800 0.023900 0.187400 0.151600 0.118100 0.188600 0.148100 0.162500 0.155400 0.124700 0.145500 0.164100 0.074700 0.162400 0.135300 0.175000 0.238700 0.151000 0.167100 0.191500 0.061300 0.158700 0.000000 0.126600 0.151200 0.174500 0.189200 0.132600 0.176500 0.164900 0.184900 0.175300 0.238400 0.173300 0.141100 0.187200 0.211200 0.163200 0.132400 0.148600 0.145400 0.164800 0.150200 0.087300 0.036000
MuntiacusR 0.200300 0.638900 0.202600 0.511900 0.186200 0.200300 0.230100 0.211100 0.130500 0.050500 0.170800 0.121500 0.208200 0.166400 0.180900 0.219800 0.185500 0.210600 0.152000 0.191000 0.212700 0.153400 0.132300 0.147100 0.170100 0.200500 0.210900 0.144800 0.227300 0.126600 0.000000 0.169500 0.209300 0.208700 0.166700 0.151400 0.184100 0.204800 0.177900 0.176900 0.130600 0.204000 0.050400 0.120900 0.168300 0.179300 0.198100 0.163600 0.215800 0.154300 0.205500 0.157800
HarveysDui 0.057400 0.470100 0.154200 0.459000 0.043200 0.057400 0.055700 0.100400 0.125000 0.207100 0.028600 0.085600 0.098200 0.026100 0.042000 0.171400 0.183100 0.114200 0.042300 0.126600 0.085800 0.014100 0.161200 0.195200 0.028500 0.169100 0.085200 0.141100 0.115800 0.151200 0.169500 0.000000 0.144800 0.099100 0.041800 0.115800 0.042700 0.059000 0.099200 0.227900 0.159400 0.141100 0.206500 0.166200 0.101800 0.070600 0.086400 0.055600 0.072100 0.103000 0.142100 0.173100
Pronghorn 0.174800 0.512900 0.162900 0.533700 0.129500 0.174800 0.141500 0.155500 0.178700 0.215000 0.145100 0.140400 0.183800 0.172900 0.126200 0.194400 0.205900 0.138700 0.158000 0.180900 0.156600 0.128100 0.235400 0.203600 0.144500 0.192200 0.187000 0.195400 0.153700 0.174500 0.209300 0.144800 0.000000 0.184300 0.125200 0.170900 0.159100 0.147400 0.139100 0.203200 0.233200 0.164200 0.214800 0.175400 0.157200 0.155900 0.141900 0.169800 0.128300 0.143800 0.196700 0.192800
BlueWildeb 0.128200 0.489900 0.209900 0.461500 0.084600 0.128200 0.126900 0.140400 0.163600 0.213900 0.099100 0.156100 0.026100 0.112200 0.082400 0.195800 0.161000 0.124300 0.112300 0.165600 0.141500 0.083300 0.201100 0.202900 0.099100 0.207800 0.026400 0.211400 0.174300 0.189200 0.208700 0.099100 0.184300 0.000000 0.111000 0.155000 0.083400 0.100900 0.109100 0.235000 0.199000 0.180100 0.213400 0.174700 0.141400 0.110600 0.096900 0.124600 0.112800 0.128400 0.181500 0.207800
Gemsbok 0.070200 0.497000 0.134300 0.465000 0.056400 0.070200 0.098800 0.112400 0.107300 0.202900 0.042000 0.068800 0.081400 0.069300 0.054800 0.151500 0.133300 0.067400 0.055300 0.108500 0.113300 0.027500 0.157600 0.190600 0.041900 0.149500 0.112500 0.122400 0.113900 0.132600 0.166700 0.041800 0.125200 0.111000 0.000000 0.097700 0.055800 0.072100 0.111200 0.222300 0.155800 0.122500 0.202400 0.162200 0.084000 0.083000 0.098800 0.068200 0.084600 0.100100 0.123000 0.120600
Yak 0.145800 0.465500 0.165200 0.485500 0.131800 0.145800 0.176300 0.189700 0.151000 0.186600 0.115900 0.054300 0.155200 0.144200 0.127800 0.229200 0.177900 0.141000 0.098800 0.122800 0.191300 0.099400 0.141700 0.173700 0.115900 0.194000 0.157100 0.136700 0.188900 0.176500 0.151400 0.115800 0.170900 0.155000 0.097700 0.000000 0.129700 0.149700 0.095800 0.204400 0.140000 0.198000 0.186000 0.145500 0.013300 0.126800 0.176000 0.141600 0.161200 0.115000 0.167700 0.180800
BlueSheep 0.042200 0.455600 0.153800 0.428600 0.057700 0.042200 0.100900 0.114600 0.138900 0.222200 0.014000 0.099800 0.083300 0.070800 0.027600 0.185600 0.166700 0.098600 0.056400 0.140700 0.115600 0.027000 0.175800 0.177600 0.014000 0.183100 0.084600 0.155100 0.148200 0.164900 0.184100 0.042700 0.159100 0.083400 0.055800 0.129700 0.000000 0.073700 0.113300 0.209600 0.173900 0.155100 0.221500 0.148900 0.115700 0.084700 0.100700 0.069500 0.086400 0.133800 0.125800 0.183000
BohorReedb 0.089000 0.507200 0.142200 0.433800 0.014500 0.089000 0.087900 0.102300 0.158000 0.178000 0.059200 0.117700 0.100500 0.087900 0.072400 0.142200 0.186200 0.116000 0.072900 0.128200 0.102700 0.043500 0.197600 0.165300 0.058900 0.140500 0.102500 0.175100 0.103500 0.184900 0.204800 0.059000 0.147400 0.100900 0.072100 0.149700 0.073700 0.000000 0.100900 0.231400 0.195500 0.112500 0.210000 0.169700 0.135300 0.102400 0.082300 0.086400 0.073400 0.121300 0.176600 0.203200
KirksDik 0.128300 0.465100 0.179100 0.480000 0.084500 0.128300 0.127000 0.081800 0.164100 0.182100 0.099500 0.125700 0.108900 0.126900 0.082400 0.149800 0.191100 0.154300 0.082900 0.136000 0.082400 0.083700 0.169400 0.170000 0.099100 0.119000 0.110600 0.150100 0.112800 0.175300 0.177900 0.099200 0.139100 0.109100 0.111200 0.095800 0.113300 0.100900 0.000000 0.185500 0.167600 0.121100 0.181700 0.142300 0.111700 0.096300 0.068500 0.124700 0.083500 0.128600 0.181500 0.184400
RoeDeer 0.261300 0.570600 0.297200 0.593900 0.210600 0.261300 0.256900 0.272400 0.278800 0.150800 0.229100 0.172500 0.234500 0.256900 0.206300 0.294900 0.241300 0.204400 0.191500 0.282900 0.274200 0.209500 0.198900 0.081100 0.227900 0.257300 0.238300 0.228900 0.289800 0.238400 0.176900 0.227900 0.203200 0.235000 0.222300 0.204400 0.209600 0.231400 0.185500 0.000000 0.197000 0.261100 0.150500 0.054300 0.224100 0.204200 0.258200 0.218300 0.244100 0.211100 0.266200 0.270900
WhiteLippe 0.190100 0.620700 0.225500 0.609900 0.176300 0.190100 0.220800 0.234800 0.178500 0.148900 0.160100 0.110100 0.198400 0.187700 0.171000 0.242500 0.205900 0.201200 0.141300 0.212600 0.236700 0.142700 0.025200 0.166200 0.159400 0.222000 0.201600 0.163800 0.253100 0.173300 0.130600 0.159400 0.233200 0.199000 0.155800 0.140000 0.173900 0.195500 0.167600 0.197000 0.000000 0.225700 0.148600 0.139200 0.157300 0.169400 0.188000 0.153000 0.206800 0.143600 0.228300 0.208000
ThomsonGaz 0.170500 0.489300 0.159100 0.422200 0.126100 0.170500 0.168800 0.093500 0.145100 0.208500 0.141500 0.136400 0.179800 0.138100 0.123000 0.049700 0.217100 0.150300 0.154100 0.146800 0.080500 0.124900 0.228200 0.196600 0.152600 0.049000 0.182400 0.160100 0.039100 0.141100 0.204000 0.141100 0.164200 0.180100 0.122500 0.198000 0.155100 0.112500 0.121100 0.261100 0.225700 0.000000 0.208200 0.201100 0.184300 0.151400 0.109200 0.135600 0.124500 0.170500 0.191400 0.188200
MuntiacusC 0.238400 0.591800 0.273000 0.523800 0.190700 0.238400 0.235700 0.216100 0.193100 0.025300 0.207700 0.154400 0.212900 0.202100 0.218000 0.224400 0.220700 0.216200 0.187000 0.260600 0.217700 0.189100 0.150300 0.121800 0.206700 0.204800 0.216000 0.208900 0.233000 0.187200 0.050400 0.206500 0.214800 0.213400 0.202400 0.186000 0.221500 0.210000 0.181700 0.150500 0.148600 0.208200 0.000000 0.095300 0.204500 0.215800 0.202700 0.198600 0.221500 0.158100 0.276700 0.222300
WhiteTaile 0.198100 0.483900 0.234500 0.557600 0.150500 0.198100 0.195200 0.209800 0.217800 0.095500 0.167100 0.114500 0.174100 0.195200 0.146400 0.233100 0.182200 0.144700 0.146900 0.220900 0.211600 0.148800 0.140600 0.026800 0.166300 0.197600 0.177300 0.170000 0.226900 0.211200 0.120900 0.166200 0.175400 0.174700 0.162200 0.145500 0.148900 0.169700 0.142300 0.054300 0.139200 0.201100 0.095300 0.000000 0.163800 0.176400 0.195700 0.159100 0.181600 0.149800 0.204800 0.248400
Cattle 0.131600 0.449400 0.151900 0.468100 0.117600 0.131600 0.162100 0.175700 0.137600 0.205200 0.101800 0.040800 0.141500 0.130200 0.114000 0.215200 0.195400 0.127300 0.084900 0.109400 0.177200 0.085500 0.159200 0.192500 0.101800 0.180500 0.143300 0.153400 0.174300 0.163200 0.168300 0.101800 0.157200 0.141400 0.084000 0.013300 0.115700 0.135300 0.111700 0.224100 0.157300 0.184300 0.204500 0.163800 0.000000 0.113100 0.161800 0.127800 0.147000 0.132300 0.154200 0.167100
RoyalAntel 0.099300 0.525400 0.181400 0.513400 0.085800 0.099300 0.128600 0.142400 0.165900 0.216200 0.070800 0.097000 0.110100 0.098300 0.083300 0.181200 0.224900 0.156400 0.084000 0.137500 0.143500 0.055600 0.171100 0.204900 0.070600 0.179000 0.112100 0.151400 0.176700 0.132400 0.179300 0.070600 0.155900 0.110600 0.083000 0.126800 0.084700 0.102400 0.096300 0.204200 0.169400 0.151400 0.215800 0.176400 0.113100 0.000000 0.128700 0.067600 0.114600 0.162100 0.183800 0.179600
Steenbok 0.115900 0.474900 0.167800 0.468300 0.065800 0.115900 0.114700 0.069200 0.122700 0.198400 0.086700 0.144400 0.096700 0.114600 0.069700 0.123900 0.179800 0.142300 0.099900 0.154600 0.069800 0.070900 0.190000 0.224800 0.086400 0.136400 0.098300 0.169100 0.100200 0.148600 0.198100 0.086400 0.141900 0.096900 0.098800 0.176000 0.100700 0.082300 0.068500 0.258200 0.188000 0.109200 0.202700 0.195700 0.161800 0.128700 0.000000 0.098300 0.070700 0.116100 0.170100 0.166000
Impala 0.083900 0.520200 0.164400 0.464900 0.070500 0.083900 0.112700 0.126100 0.149800 0.199200 0.055800 0.082000 0.123800 0.083000 0.068300 0.135200 0.207500 0.139700 0.068900 0.151400 0.127100 0.041100 0.154700 0.187100 0.055600 0.162600 0.126300 0.135400 0.159700 0.145400 0.163600 0.055600 0.169800 0.124600 0.068200 0.141600 0.069500 0.086400 0.124700 0.218300 0.153000 0.135600 0.198600 0.159100 0.127800 0.067600 0.098300 0.000000 0.098500 0.145100 0.166700 0.193300
Klipspring 0.101500 0.458100 0.153800 0.426800 0.057400 0.101500 0.100400 0.084400 0.138500 0.222100 0.072300 0.129900 0.112500 0.100300 0.055900 0.154100 0.166400 0.098200 0.085700 0.140300 0.085100 0.056800 0.208900 0.210800 0.072000 0.137500 0.114500 0.154900 0.116200 0.164800 0.215800 0.072100 0.128300 0.112800 0.084600 0.161200 0.086400 0.073400 0.083500 0.244100 0.206800 0.124500 0.221500 0.181600 0.147000 0.114600 0.070700 0.098500 0.000000 0.133300 0.156000 0.182400
ForestMusk 0.149700 0.454200 0.169800 0.475400 0.103700 0.149700 0.131600 0.161900 0.124200 0.158500 0.119500 0.115400 0.128100 0.131600 0.131400 0.186500 0.121800 0.113800 0.132700 0.156600 0.131300 0.102500 0.145200 0.178600 0.119000 0.198700 0.099600 0.140100 0.143200 0.150200 0.154300 0.103000 0.143800 0.128400 0.100100 0.115000 0.133800 0.121300 0.128600 0.211100 0.143600 0.170500 0.158100 0.149800 0.132300 0.162100 0.116100 0.145100 0.133300 0.000000 0.172200 0.168200
Bushbuck 0.140000 0.586900 0.076400 0.430300 0.158100 0.140000 0.201700 0.151800 0.063100 0.277300 0.142400 0.137800 0.180800 0.169600 0.123900 0.221900 0.115400 0.107400 0.155100 0.063900 0.184800 0.125700 0.230500 0.233100 0.141800 0.219200 0.184000 0.050600 0.181400 0.087300 0.205500 0.142100 0.196700 0.181500 0.123000 0.167700 0.125800 0.176600 0.181500 0.266200 0.228300 0.191400 0.276700 0.204800 0.154200 0.183800 0.170100 0.166700 0.156000 0.172200 0.000000 0.102700
GreaterKud 0.166900 0.639100 0.101500 0.479700 0.184500 0.166900 0.235300 0.148400 0.036700 0.222800 0.169400 0.150600 0.176100 0.169700 0.180100 0.203800 0.113500 0.133500 0.157300 0.089300 0.180100 0.152300 0.210300 0.277200 0.168700 0.201100 0.210100 0.102400 0.177000 0.036000 0.157800 0.173100 0.192800 0.207800 0.120600 0.180800 0.183000 0.203200 0.184400 0.270900 0.208000 0.188200 0.222300 0.248400 0.167100 0.179600 0.166000 0.193300 0.182400 0.168200 0.102700 0.000000
