1
52 1
Argali 0.000000 0.189000 0.078100 0.196300 0.024000 0.000000 0.024300 0.025200 0.050200 0.049500 0.000000 0.104400 0.000100 0.024600 0.024300 0.052800 0.077300 0.077500 0.049800 0.050900 0.024900 0.000100 0.049500 0.049500 0.000000 0.025700 0.000000 0.050200 0.025500 0.050200 0.049500 0.000100 0.076100 0.051100 0.000000 0.158000 0.000000 0.023100 0.025400 0.074900 0.049500 0.049900 0.049500 0.024900 0.156600 0.024500 0.050000 0.052900 0.153800 0.024600 0.050200 0.050900
LesserMous 0.189000 0.000000 0.162300 0.194600 0.214900 0.189000 0.216600 0.160500 0.190900 0.161600 0.189000 0.229500 0.188000 0.223600 0.217000 0.198800 0.107100 0.107400 0.187000 0.193600 0.157100 0.188500 0.161600 0.161600 0.189000 0.131100 0.189000 0.190900 0.161000 0.190900 0.161600 0.187200 0.164000 0.195400 0.189000 0.291100 0.189000 0.217200 0.139500 0.190100 0.161600 0.158100 0.161600 0.158800 0.289700 0.218700 0.156600 0.197600 0.403100 0.157000 0.190900 0.193600
LesserKudu 0.078100 0.162300 0.000000 0.139600 0.103400 0.078100 0.105000 0.052800 0.024800 0.077600 0.078100 0.077400 0.078300 0.106200 0.105100 0.083100 0.052200 0.052300 0.078100 0.051500 0.052200 0.078500 0.077600 0.077600 0.078100 0.053900 0.078100 0.024800 0.053300 0.024800 0.077600 0.078100 0.106100 0.080300 0.078100 0.163100 0.078100 0.103700 0.053200 0.104400 0.077600 0.078300 0.077600 0.052100 0.128800 0.106100 0.078400 0.083200 0.250700 0.051400 0.024800 0.051500
KillerWhal 0.196300 0.194600 0.139600 0.000000 0.222500 0.196300 0.226500 0.169600 0.166900 0.164100 0.196300 0.200400 0.196600 0.230100 0.226600 0.173800 0.106900 0.116200 0.195600 0.169300 0.167100 0.197000 0.164100 0.164100 0.196300 0.172900 0.196300 0.166900 0.171400 0.166900 0.164100 0.195600 0.162700 0.168300 0.196300 0.227200 0.196300 0.223700 0.163100 0.193700 0.164100 0.167000 0.164100 0.166400 0.258200 0.229800 0.167200 0.197500 0.377400 0.165000 0.166900 0.169300
DefassaWat 0.024000 0.214900 0.103400 0.222500 0.000000 0.024000 0.048100 0.049900 0.074800 0.073700 0.024000 0.129000 0.024000 0.027600 0.048100 0.078100 0.101900 0.102100 0.073700 0.075700 0.049300 0.024000 0.073700 0.073700 0.024000 0.050800 0.024000 0.074800 0.050300 0.074800 0.073700 0.023900 0.100400 0.076000 0.024000 0.183300 0.024000 0.000100 0.050200 0.099000 0.073700 0.074100 0.073700 0.049300 0.182000 0.048500 0.074000 0.078100 0.178300 0.048600 0.074800 0.075700
Sheep 0.000000 0.189000 0.078100 0.196300 0.024000 0.000000 0.024300 0.025200 0.050200 0.049500 0.000000 0.104400 0.000100 0.024600 0.024300 0.052800 0.077300 0.077500 0.049800 0.050900 0.024900 0.000100 0.049500 0.049500 0.000000 0.025700 0.000000 0.050200 0.025500 0.050200 0.049500 0.000100 0.076100 0.051100 0.000000 0.158000 0.000000 0.024100 0.025400 0.074900 0.049500 0.049900 0.049500 0.024900 0.156600 0.024500 0.050000 0.052900 0.153800 0.024600 0.050200 0.050900
MaxwellsDu 0.024300 0.216600 0.105000 0.226500 0.048100 0.024300 0.000000 0.050700 0.075900 0.074600 0.024300 0.131200 0.024300 0.049600 0.048800 0.079600 0.103300 0.103600 0.075000 0.076900 0.049900 0.024300 0.074600 0.074600 0.024300 0.051600 0.024300 0.075900 0.051100 0.075900 0.074600 0.024200 0.101700 0.077200 0.024300 0.186400 0.024300 0.048500 0.051000 0.049000 0.074600 0.075200 0.074600 0.049900 0.184400 0.000200 0.075300 0.079800 0.181100 0.049200 0.075900 0.076900
GazellaPrz 0.025200 0.160500 0.052800 0.169600 0.049900 0.025200 0.050700 0.000000 0.078800 0.077300 0.025200 0.136300 0.025200 0.051600 0.050700 0.026700 0.052000 0.052200 0.025100 0.080000 0.000200 0.025300 0.077300 0.077300 0.025200 0.000100 0.025200 0.078800 0.000100 0.078800 0.077300 0.025100 0.105700 0.080400 0.025200 0.193700 0.025200 0.050200 0.000100 0.104000 0.077300 0.025100 0.077300 0.051900 0.191500 0.051200 0.025200 0.026700 0.187400 0.051200 0.078800 0.080000
MountainNy 0.050200 0.190900 0.024800 0.166900 0.074800 0.050200 0.075900 0.078800 0.000000 0.049900 0.050200 0.049800 0.050300 0.076800 0.075900 0.110100 0.077900 0.078100 0.103700 0.024800 0.077800 0.050500 0.049900 0.049900 0.050200 0.080400 0.050200 0.000000 0.079500 0.000000 0.049900 0.050200 0.076700 0.051500 0.050200 0.130600 0.050200 0.075000 0.079300 0.075500 0.049900 0.103900 0.049900 0.025100 0.099400 0.076600 0.104100 0.110200 0.214200 0.024800 0.000000 0.024800
MuntiacusM 0.049500 0.161600 0.077600 0.164100 0.073700 0.049500 0.074600 0.077300 0.049900 0.000000 0.049500 0.050100 0.049600 0.075900 0.074600 0.107900 0.050600 0.050700 0.101900 0.050600 0.076400 0.049600 0.000000 0.000000 0.049500 0.078800 0.049500 0.049900 0.078000 0.049900 0.000000 0.049400 0.049700 0.050800 0.049500 0.101200 0.049500 0.074100 0.077800 0.023900 0.000000 0.102000 0.000000 0.024700 0.100400 0.075300 0.102100 0.107900 0.209100 0.024400 0.049900 0.050600
goat 0.000000 0.189000 0.078100 0.196300 0.024000 0.000000 0.024300 0.025200 0.050200 0.049500 0.000000 0.104400 0.000100 0.024600 0.024300 0.052800 0.077300 0.077500 0.049800 0.047200 0.024900 0.000100 0.049500 0.049500 0.000000 0.025700 0.000000 0.050200 0.025500 0.050200 0.049500 0.000100 0.076100 0.051100 0.000000 0.158000 0.000000 0.024100 0.025400 0.074900 0.049500 0.049900 0.049500 0.024900 0.156600 0.024500 0.050000 0.052900 0.153800 0.024600 0.050200 0.050900
AfricanBuf 0.104400 0.229500 0.077400 0.200400 0.129000 0.104400 0.131200 0.136300 0.049800 0.050100 0.104400 0.000000 0.104400 0.133800 0.131200 0.172000 0.106400 0.106900 0.160800 0.077400 0.134500 0.104200 0.050100 0.050100 0.104400 0.139100 0.104400 0.049800 0.137600 0.049800 0.050100 0.104100 0.104800 0.107300 0.104400 0.076900 0.104400 0.130200 0.137300 0.075700 0.050100 0.161800 0.050100 0.077900 0.048800 0.132500 0.162000 0.172200 0.278500 0.077000 0.049800 0.077400
Topi 0.000100 0.188000 0.078300 0.196600 0.024000 0.000100 0.024300 0.025200 0.050300 0.049600 0.000100 0.104400 0.000000 0.024700 0.024200 0.052800 0.077300 0.077500 0.049700 0.051000 0.024900 0.000100 0.049600 0.049600 0.000100 0.025700 0.000100 0.050300 0.025500 0.050300 0.049600 0.000100 0.076100 0.051300 0.000100 0.158800 0.000100 0.024100 0.025400 0.074900 0.049600 0.049900 0.049600 0.024900 0.157300 0.024500 0.049900 0.052900 0.153800 0.024600 0.050300 0.051000
CommonDuik 0.024600 0.223600 0.106200 0.230100 0.027600 0.024600 0.049600 0.051600 0.076800 0.075900 0.024600 0.133800 0.024700 0.000000 0.049600 0.081100 0.084100 0.105700 0.076400 0.077900 0.051000 0.024800 0.075900 0.075900 0.024600 0.052600 0.023900 0.076800 0.052000 0.076800 0.075900 0.024600 0.103700 0.078400 0.023600 0.188700 0.024600 0.049100 0.052000 0.102000 0.075900 0.076500 0.075900 0.050900 0.186900 0.050100 0.076800 0.081400 0.183600 0.050200 0.076800 0.077900
Suni 0.024300 0.217000 0.105100 0.226600 0.048100 0.024300 0.048800 0.050700 0.075900 0.074600 0.024300 0.131200 0.024200 0.049600 0.000000 0.079700 0.103400 0.103700 0.074900 0.077000 0.049900 0.024300 0.074600 0.074600 0.024300 0.051600 0.024300 0.075900 0.051100 0.075900 0.074600 0.024200 0.102100 0.077300 0.024300 0.186800 0.024300 0.048500 0.051100 0.100500 0.074600 0.075300 0.074600 0.049900 0.184700 0.049300 0.075300 0.079800 0.181400 0.049300 0.075900 0.077000
Springbuck 0.052800 0.198800 0.083100 0.173800 0.078100 0.052800 0.079600 0.026700 0.110100 0.107900 0.052800 0.172000 0.052800 0.081100 0.079700 0.000000 0.081600 0.082000 0.052500 0.111900 0.026300 0.052900 0.107900 0.107900 0.052800 0.027200 0.052800 0.110100 0.026900 0.110100 0.107900 0.052500 0.138400 0.054800 0.052800 0.233600 0.052800 0.078700 0.026900 0.136100 0.107900 0.052700 0.107900 0.081500 0.230200 0.080400 0.052700 0.027400 0.164200 0.080400 0.110100 0.111900
Okapi 0.077300 0.107100 0.052200 0.106900 0.101900 0.077300 0.103300 0.052000 0.077900 0.050600 0.077300 0.106400 0.077300 0.084100 0.103400 0.081600 0.000000 0.000200 0.076800 0.079000 0.051400 0.077300 0.050600 0.050600 0.077300 0.053100 0.077300 0.077900 0.052500 0.077900 0.050600 0.077000 0.050300 0.079500 0.077300 0.161700 0.077300 0.102700 0.041700 0.076400 0.050600 0.077000 0.050600 0.051400 0.160300 0.104500 0.077000 0.081500 0.245500 0.050700 0.077900 0.079000
Giraffe 0.077500 0.107400 0.052300 0.116200 0.102100 0.077500 0.103600 0.052200 0.078100 0.050700 0.077500 0.106900 0.077500 0.105700 0.103700 0.082000 0.000200 0.000000 0.077100 0.079200 0.051500 0.077600 0.050700 0.050700 0.077500 0.053200 0.077500 0.078100 0.052600 0.078100 0.050700 0.077100 0.050500 0.079700 0.077500 0.162200 0.077500 0.102900 0.043500 0.076500 0.050700 0.077300 0.050700 0.051500 0.160800 0.104800 0.077400 0.081900 0.246100 0.050800 0.078100 0.079200
TibetanAnt 0.049800 0.187000 0.078100 0.195600 0.073700 0.049800 0.075000 0.025100 0.103700 0.101900 0.049800 0.160800 0.049700 0.076400 0.074900 0.052500 0.076800 0.077100 0.000000 0.105100 0.024800 0.049700 0.101900 0.101900 0.049800 0.025500 0.049800 0.103700 0.025300 0.103700 0.101900 0.049600 0.130500 0.105600 0.049800 0.218500 0.049800 0.074400 0.025200 0.128400 0.101900 0.049700 0.101900 0.076800 0.216400 0.075700 0.049700 0.052600 0.154600 0.075800 0.103700 0.105100
Sitatunga 0.050900 0.193600 0.051500 0.169300 0.075700 0.050900 0.076900 0.080000 0.024800 0.050600 0.047200 0.077400 0.051000 0.077900 0.077000 0.111900 0.079000 0.079200 0.105100 0.000000 0.079000 0.051200 0.050600 0.050600 0.050900 0.081600 0.050900 0.024800 0.080700 0.024800 0.050600 0.050900 0.077700 0.052300 0.047300 0.132500 0.050900 0.076000 0.080500 0.076500 0.050600 0.105400 0.050600 0.025500 0.128800 0.077700 0.105600 0.112000 0.217000 0.025100 0.024800 0.000000
Oribi 0.024900 0.157100 0.052200 0.167100 0.049300 0.024900 0.049900 0.000200 0.077800 0.076400 0.024900 0.134500 0.024900 0.051000 0.049900 0.026300 0.051400 0.051500 0.024800 0.079000 0.000000 0.025000 0.076400 0.076400 0.024900 0.000300 0.024900 0.077800 0.000300 0.077800 0.076400 0.024800 0.104400 0.079300 0.024900 0.190900 0.024900 0.049600 0.000300 0.102600 0.076400 0.024900 0.076400 0.051300 0.188800 0.050500 0.024800 0.026400 0.185400 0.050600 0.077800 0.079000
BarbaryShe 0.000100 0.188500 0.078500 0.197000 0.024000 0.000100 0.024300 0.025300 0.050500 0.049600 0.000100 0.104200 0.000100 0.024800 0.024300 0.052900 0.077300 0.077600 0.049700 0.051200 0.025000 0.000000 0.049600 0.049600 0.000100 0.025800 0.000100 0.050500 0.025500 0.050500 0.049600 0.000100 0.076200 0.051400 0.000100 0.159000 0.000100 0.024200 0.025500 0.075100 0.049600 0.050000 0.049600 0.025000 0.157500 0.024500 0.050100 0.053000 0.154200 0.024600 0.050500 0.051200
Daviddeer 0.049500 0.161600 0.077600 0.164100 0.073700 0.049500 0.074600 0.077300 0.049900 0.000000 0.049500 0.050100 0.049600 0.075900 0.074600 0.107900 0.050600 0.050700 0.101900 0.050600 0.076400 0.049600 0.000000 0.000000 0.049500 0.078800 0.049500 0.049900 0.078000 0.049900 0.000000 0.049400 0.049700 0.050800 0.049500 0.101200 0.049500 0.074100 0.077800 0.023900 0.000000 0.102000 0.000000 0.024700 0.100400 0.075300 0.102100 0.107900 0.209100 0.024400 0.049900 0.050600
Reindeer 0.049500 0.161600 0.077600 0.164100 0.073700 0.049500 0.074600 0.077300 0.049900 0.000000 0.049500 0.050100 0.049600 0.075900 0.074600 0.107900 0.050600 0.050700 0.101900 0.050600 0.076400 0.049600 0.000000 0.000000 0.049500 0.078800 0.049500 0.049900 0.078000 0.049900 0.000000 0.049400 0.049700 0.050800 0.049500 0.101200 0.049500 0.074100 0.077800 0.023100 0.000000 0.102000 0.000000 0.024700 0.100400 0.075300 0.102100 0.107900 0.209100 0.024400 0.049900 0.050600
Ibex 0.000000 0.189000 0.078100 0.196300 0.024000 0.000000 0.024300 0.025200 0.050200 0.049500 0.000000 0.104400 0.000100 0.024600 0.024300 0.052800 0.077300 0.077500 0.049800 0.050900 0.024900 0.000100 0.049500 0.049500 0.000000 0.025700 0.000000 0.050200 0.025500 0.050200 0.049500 0.000100 0.076100 0.051100 0.000000 0.158000 0.000000 0.023200 0.025400 0.074900 0.049500 0.049900 0.049500 0.024900 0.156600 0.024500 0.050000 0.052900 0.153800 0.024600 0.050200 0.050900
GyrantGaze 0.025700 0.131100 0.053900 0.172900 0.050800 0.025700 0.051600 0.000100 0.080400 0.078800 0.025700 0.139100 0.025700 0.052600 0.051600 0.027200 0.053100 0.053200 0.025500 0.081600 0.000300 0.025800 0.078800 0.078800 0.025700 0.000000 0.025700 0.080400 0.000100 0.080400 0.078800 0.025600 0.107800 0.082000 0.025700 0.197400 0.025700 0.051200 0.000100 0.105900 0.078800 0.025700 0.078800 0.052900 0.195500 0.052100 0.025800 0.027200 0.190200 0.052300 0.080400 0.081600
Hartebeest 0.000000 0.189000 0.078100 0.196300 0.024000 0.000000 0.024300 0.025200 0.050200 0.049500 0.000000 0.104400 0.000100 0.023900 0.024300 0.052800 0.077300 0.077500 0.049800 0.050900 0.024900 0.000100 0.049500 0.049500 0.000000 0.025700 0.000000 0.050200 0.025500 0.050200 0.049500 0.000100 0.076100 0.051100 0.000000 0.158000 0.000000 0.024100 0.025400 0.074900 0.049500 0.049900 0.049500 0.024900 0.156600 0.024500 0.050000 0.052900 0.153800 0.024600 0.050200 0.050900
Bongo 0.050200 0.190900 0.024800 0.166900 0.074800 0.050200 0.075900 0.078800 0.000000 0.049900 0.050200 0.049800 0.050300 0.076800 0.075900 0.110100 0.077900 0.078100 0.103700 0.024800 0.077800 0.050500 0.049900 0.049900 0.050200 0.080400 0.050200 0.000000 0.079500 0.000000 0.049900 0.050200 0.076700 0.051500 0.050200 0.130800 0.050200 0.075000 0.079300 0.075500 0.049900 0.103900 0.049900 0.025100 0.099400 0.076600 0.104100 0.110200 0.214200 0.024800 0.000000 0.024800
Gerenuk 0.025500 0.161000 0.053300 0.171400 0.050300 0.025500 0.051100 0.000100 0.079500 0.078000 0.025500 0.137600 0.025500 0.052000 0.051100 0.026900 0.052500 0.052600 0.025300 0.080700 0.000300 0.025500 0.078000 0.078000 0.025500 0.000100 0.025500 0.079500 0.000000 0.079500 0.078000 0.025400 0.106700 0.081200 0.025500 0.195800 0.025500 0.050700 0.000100 0.104900 0.078000 0.025400 0.078000 0.052400 0.193400 0.051600 0.025400 0.027000 0.189300 0.051700 0.079500 0.080700
CommonElan 0.050200 0.190900 0.024800 0.166900 0.074800 0.050200 0.075900 0.078800 0.000000 0.049900 0.050200 0.049800 0.050300 0.076800 0.075900 0.110100 0.077900 0.078100 0.103700 0.024800 0.077800 0.050500 0.049900 0.049900 0.050200 0.080400 0.050200 0.000000 0.079500 0.000000 0.049900 0.050200 0.076700 0.051500 0.050200 0.130600 0.050200 0.075000 0.079300 0.075500 0.049900 0.103900 0.049900 0.025100 0.099400 0.076600 0.104100 0.110200 0.214200 0.024800 0.000000 0.024800
MuntiacusR 0.049500 0.161600 0.077600 0.164100 0.073700 0.049500 0.074600 0.077300 0.049900 0.000000 0.049500 0.050100 0.049600 0.075900 0.074600 0.107900 0.050600 0.050700 0.101900 0.050600 0.076400 0.049600 0.000000 0.000000 0.049500 0.078800 0.049500 0.049900 0.078000 0.049900 0.000000 0.049400 0.049700 0.050800 0.049500 0.101200 0.049500 0.074100 0.077800 0.023900 0.000000 0.102000 0.000000 0.024700 0.100400 0.075300 0.102100 0.107900 0.209100 0.024400 0.049900 0.050600
HarveysDui 0.000100 0.187200 0.078100 0.195600 0.023900 0.000100 0.024200 0.025100 0.050200 0.049400 0.000100 0.104100 0.000100 0.024600 0.024200 0.052500 0.077000 0.077100 0.049600 0.050900 0.024800 0.000100 0.049400 0.049400 0.000100 0.025600 0.000100 0.050200 0.025400 0.050200 0.049400 0.000000 0.075800 0.051000 0.000100 0.158200 0.000100 0.024100 0.025300 0.074700 0.049400 0.049700 0.049400 0.024800 0.156800 0.024400 0.049800 0.052600 0.153500 0.024500 0.050200 0.050900
Pronghorn 0.076100 0.164000 0.106100 0.162700 0.100400 0.076100 0.101700 0.105700 0.076700 0.049700 0.076100 0.104800 0.076100 0.103700 0.102100 0.138400 0.050300 0.050500 0.130500 0.077700 0.104400 0.076200 0.049700 0.049700 0.076100 0.107800 0.076100 0.076700 0.106700 0.076700 0.049700 0.075800 0.000000 0.078100 0.076100 0.103100 0.076100 0.101100 0.099900 0.075100 0.049700 0.130700 0.049700 0.050500 0.102300 0.102900 0.130800 0.138400 0.242000 0.049900 0.076700 0.077700
BlueWildeb 0.051100 0.195400 0.080300 0.168300 0.076000 0.051100 0.077200 0.080400 0.051500 0.050800 0.051100 0.107300 0.051300 0.078400 0.077300 0.054800 0.079500 0.079700 0.105600 0.052300 0.079300 0.051400 0.050800 0.050800 0.051100 0.082000 0.051100 0.051500 0.081200 0.051500 0.050800 0.051000 0.078100 0.000000 0.051100 0.162200 0.051100 0.076300 0.081000 0.076700 0.050800 0.105800 0.050800 0.025500 0.160500 0.078100 0.106000 0.082200 0.158300 0.025200 0.051500 0.052300
Gemsbok 0.000000 0.189000 0.078100 0.196300 0.024000 0.000000 0.024300 0.025200 0.050200 0.049500 0.000000 0.104400 0.000100 0.023600 0.024300 0.052800 0.077300 0.077500 0.049800 0.047300 0.024900 0.000100 0.049500 0.049500 0.000000 0.025700 0.000000 0.050200 0.025500 0.050200 0.049500 0.000100 0.076100 0.051100 0.000000 0.158000 0.000000 0.024100 0.025400 0.074900 0.049500 0.049900 0.049500 0.024900 0.156600 0.024500 0.050000 0.052900 0.153800 0.024600 0.050200 0.050900
Yak 0.158000 0.291100 0.163100 0.227200 0.183300 0.158000 0.186400 0.193700 0.130600 0.101200 0.158000 0.076900 0.158800 0.188700 0.186800 0.233600 0.161700 0.162200 0.218500 0.132500 0.190900 0.159000 0.101200 0.101200 0.158000 0.197400 0.158000 0.130800 0.195800 0.130600 0.101200 0.158200 0.103100 0.162200 0.158000 0.000000 0.158000 0.183800 0.195100 0.127700 0.101200 0.218900 0.101200 0.131200 0.074800 0.188700 0.219100 0.168700 0.273400 0.129700 0.130200 0.132500
BlueSheep 0.000000 0.189000 0.078100 0.196300 0.024000 0.000000 0.024300 0.025200 0.050200 0.049500 0.000000 0.104400 0.000100 0.024600 0.024300 0.052800 0.077300 0.077500 0.049800 0.050900 0.024900 0.000100 0.049500 0.049500 0.000000 0.025700 0.000000 0.050200 0.025500 0.050200 0.049500 0.000100 0.076100 0.051100 0.000000 0.158000 0.000000 0.024100 0.025400 0.074900 0.049500 0.049900 0.049500 0.024900 0.156600 0.024500 0.050000 0.052900 0.153800 0.024600 0.046200 0.050900
BohorReedb 0.023100 0.217200 0.103700 0.223700 0.000100 0.024100 0.048500 0.050200 0.075000 0.074100 0.024100 0.130200 0.024100 0.049100 0.048500 0.078700 0.102700 0.102900 0.074400 0.076000 0.049600 0.024200 0.074100 0.074100 0.023200 0.051200 0.024100 0.075000 0.050700 0.075000 0.074100 0.024100 0.101100 0.076300 0.024100 0.183800 0.024100 0.000000 0.050600 0.099600 0.074100 0.074600 0.074100 0.049600 0.182400 0.048900 0.074700 0.078900 0.179200 0.049000 0.075000 0.076000
KirksDik 0.025400 0.139500 0.053200 0.163100 0.050200 0.025400 0.051000 0.000100 0.079300 0.077800 0.025400 0.137300 0.025400 0.052000 0.051100 0.026900 0.041700 0.043500 0.025200 0.080500 0.000300 0.025500 0.077800 0.077800 0.025400 0.000100 0.025400 0.079300 0.000100 0.079300 0.077800 0.025300 0.099900 0.081000 0.025400 0.195100 0.025400 0.050600 0.000000 0.104700 0.077800 0.025400 0.077800 0.052300 0.192600 0.051600 0.025300 0.027000 0.189000 0.051600 0.079300 0.080500
RoeDeer 0.074900 0.190100 0.104400 0.193700 0.099000 0.074900 0.049000 0.104000 0.075500 0.023900 0.074900 0.075700 0.074900 0.102000 0.100500 0.136100 0.076400 0.076500 0.128400 0.076500 0.102600 0.075100 0.023900 0.023100 0.074900 0.105900 0.074900 0.075500 0.104900 0.075500 0.023900 0.074700 0.075100 0.076700 0.074900 0.127700 0.074900 0.099600 0.104700 0.000000 0.023900 0.128600 0.023900 0.049700 0.126600 0.049500 0.128700 0.136400 0.238500 0.049100 0.075500 0.076500
WhiteLippe 0.049500 0.161600 0.077600 0.164100 0.073700 0.049500 0.074600 0.077300 0.049900 0.000000 0.049500 0.050100 0.049600 0.075900 0.074600 0.107900 0.050600 0.050700 0.101900 0.050600 0.076400 0.049600 0.000000 0.000000 0.049500 0.078800 0.049500 0.049900 0.078000 0.049900 0.000000 0.049400 0.049700 0.050800 0.049500 0.101200 0.049500 0.074100 0.077800 0.023900 0.000000 0.102000 0.000000 0.024700 0.100400 0.075300 0.102100 0.107900 0.209100 0.024400 0.049900 0.050600
ThomsonGaz 0.049900 0.158100 0.078300 0.167000 0.074100 0.049900 0.075200 0.025100 0.103900 0.102000 0.049900 0.161800 0.049900 0.076500 0.075300 0.052700 0.077000 0.077300 0.049700 0.105400 0.024900 0.050000 0.102000 0.102000 0.049900 0.025700 0.049900 0.103900 0.025400 0.103900 0.102000 0.049700 0.130700 0.105800 0.049900 0.218900 0.049900 0.074600 0.025400 0.128600 0.102000 0.000000 0.102000 0.076900 0.216800 0.075900 0.000100 0.052700 0.184800 0.076000 0.103900 0.105400
MuntiacusC 0.049500 0.161600 0.077600 0.164100 0.073700 0.049500 0.074600 0.077300 0.049900 0.000000 0.049500 0.050100 0.049600 0.075900 0.074600 0.107900 0.050600 0.050700 0.101900 0.050600 0.076400 0.049600 0.000000 0.000000 0.049500 0.078800 0.049500 0.049900 0.078000 0.049900 0.000000 0.049400 0.049700 0.050800 0.049500 0.101200 0.049500 0.074100 0.077800 0.023900 0.000000 0.102000 0.000000 0.024700 0.100400 0.075300 0.102100 0.107900 0.209100 0.024400 0.049900 0.050600
WhiteTaile 0.024900 0.158800 0.052100 0.166400 0.049300 0.024900 0.049900 0.051900 0.025100 0.024700 0.024900 0.077900 0.024900 0.050900 0.049900 0.081500 0.051400 0.051500 0.076800 0.025500 0.051300 0.025000 0.024700 0.024700 0.024900 0.052900 0.024900 0.025100 0.052400 0.025100 0.024700 0.024800 0.050500 0.025500 0.024900 0.131200 0.024900 0.049600 0.052300 0.049700 0.024700 0.076900 0.024700 0.000000 0.129900 0.050500 0.077000 0.081600 0.183200 0.000300 0.025100 0.025500
Cattle 0.156600 0.289700 0.128800 0.258200 0.182000 0.156600 0.184400 0.191500 0.099400 0.100400 0.156600 0.048800 0.157300 0.186900 0.184700 0.230200 0.160300 0.160800 0.216400 0.128800 0.188800 0.157500 0.100400 0.100400 0.156600 0.195500 0.156600 0.099400 0.193400 0.099400 0.100400 0.156800 0.102300 0.160500 0.156600 0.074800 0.156600 0.182400 0.192600 0.126600 0.100400 0.216800 0.100400 0.129900 0.000000 0.186500 0.216900 0.230500 0.336500 0.128700 0.099400 0.128800
RoyalAntel 0.024500 0.218700 0.106100 0.229800 0.048500 0.024500 0.000200 0.051200 0.076600 0.075300 0.024500 0.132500 0.024500 0.050100 0.049300 0.080400 0.104500 0.104800 0.075700 0.077700 0.050500 0.024500 0.075300 0.075300 0.024500 0.052100 0.024500 0.076600 0.051600 0.076600 0.075300 0.024400 0.102900 0.078100 0.024500 0.188700 0.024500 0.048900 0.051600 0.049500 0.075300 0.075900 0.075300 0.050500 0.186500 0.000000 0.075900 0.080700 0.183400 0.049800 0.076600 0.077700
Steenbok 0.050000 0.156600 0.078400 0.167200 0.074000 0.050000 0.075300 0.025200 0.104100 0.102100 0.050000 0.162000 0.049900 0.076800 0.075300 0.052700 0.077000 0.077400 0.049700 0.105600 0.024800 0.050100 0.102100 0.102100 0.050000 0.025800 0.050000 0.104100 0.025400 0.104100 0.102100 0.049800 0.130800 0.106000 0.050000 0.219100 0.050000 0.074700 0.025300 0.128700 0.102100 0.000100 0.102100 0.077000 0.216900 0.075900 0.000000 0.052800 0.184800 0.076100 0.104100 0.105600
Impala 0.052900 0.197600 0.083200 0.197500 0.078100 0.052900 0.079800 0.026700 0.110200 0.107900 0.052900 0.172200 0.052900 0.081400 0.079800 0.027400 0.081500 0.081900 0.052600 0.112000 0.026400 0.053000 0.107900 0.107900 0.052900 0.027200 0.052900 0.110200 0.027000 0.110200 0.107900 0.052600 0.138400 0.082200 0.052900 0.168700 0.052900 0.078900 0.027000 0.136400 0.107900 0.052700 0.107900 0.081600 0.230500 0.080700 0.052800 0.000000 0.133000 0.080400 0.110200 0.112000
Klipspring 0.153800 0.403100 0.250700 0.377400 0.178300 0.153800 0.181100 0.187400 0.214200 0.209100 0.153800 0.278500 0.153800 0.183600 0.181400 0.164200 0.245500 0.246100 0.154600 0.217000 0.185400 0.154200 0.209100 0.209100 0.153800 0.190200 0.153800 0.214200 0.189300 0.214200 0.209100 0.153500 0.242000 0.158300 0.153800 0.273400 0.153800 0.179200 0.189000 0.238500 0.209100 0.184800 0.209100 0.183200 0.336500 0.183400 0.184800 0.133000 0.000000 0.181500 0.214200 0.217000
ForestMusk 0.024600 0.157000 0.051400 0.165000 0.048600 0.024600 0.049200 0.051200 0.024800 0.024400 0.024600 0.077000 0.024600 0.050200 0.049300 0.080400 0.050700 0.050800 0.075800 0.025100 0.050600 0.024600 0.024400 0.024400 0.024600 0.052300 0.024600 0.024800 0.051700 0.024800 0.024400 0.024500 0.049900 0.025200 0.024600 0.129700 0.024600 0.049000 0.051600 0.049100 0.024400 0.076000 0.024400 0.000300 0.128700 0.049800 0.076100 0.080400 0.181500 0.000000 0.024800 0.025100
Bushbuck 0.050200 0.190900 0.024800 0.166900 0.074800 0.050200 0.075900 0.078800 0.000000 0.049900 0.050200 0.049800 0.050300 0.076800 0.075900 0.110100 0.077900 0.078100 0.103700 0.024800 0.077800 0.050500 0.049900 0.049900 0.050200 0.080400 0.050200 0.000000 0.079500 0.000000 0.049900 0.050200 0.076700 0.051500 0.050200 0.130200 0.046200 0.075000 0.079300 0.075500 0.049900 0.103900 0.049900 0.025100 0.099400 0.076600 0.104100 0.110200 0.214200 0.024800 0.000000 0.024800
GreaterKud 0.050900 0.193600 0.051500 0.169300 0.075700 0.050900 0.076900 0.080000 0.024800 0.050600 0.050900 0.077400 0.051000 0.077900 0.077000 0.111900 0.079000 0.079200 0.105100 0.000000 0.079000 0.051200 0.050600 0.050600 0.050900 0.081600 0.050900 0.024800 0.080700 0.024800 0.050600 0.050900 0.077700 0.052300 0.050900 0.132500 0.050900 0.076000 0.080500 0.076500 0.050600 0.105400 0.050600 0.025500 0.128800 0.077700 0.105600 0.112000 0.217000 0.025100 0.024800 0.000000
