CODONML (in paml version 4.10.7, June 2023)  /home/rachel/ruminants_paml/6406-phy-tree/ENSBTAT00000032005.fasta.phy
Model: free dN/dS Ratios for branches,  kappa = 2.000 fixed

Codon frequency model: F3x4
ns =  54  ls =  16

Codon usage in sequences
--------------------------------------------------------------------------------------------------------------------------------------
Phe TTT   0   0   0   0   0   0 | Ser TCT   0   0   0   0   0   0 | Tyr TAT   0   0   0   0   0   0 | Cys TGT   0   0   0   0   0   0
    TTC   0   0   0   0   0   0 |     TCC   0   0   0   0   0   0 |     TAC   0   0   0   0   0   0 |     TGC   0   0   0   0   0   0
Leu TTA   1   1   1   0   0   1 |     TCA   0   0   0   0   0   0 | *** TAA   0   0   0   0   0   0 | *** TGA   0   0   0   0   0   0
    TTG   2   2   2   1   1   2 |     TCG   0   0   0   0   0   0 |     TAG   0   0   0   0   0   0 | Trp TGG   0   0   0   0   0   0
--------------------------------------------------------------------------------------------------------------------------------------
Leu CTT   0   0   0   0   0   0 | Pro CCT   0   0   0   0   0   0 | His CAT   0   0   0   0   0   0 | Arg CGT   0   0   0   0   0   0
    CTC   0   0   0   0   0   0 |     CCC   0   0   0   0   0   0 |     CAC   0   0   0   0   0   0 |     CGC   0   0   0   0   0   0
    CTA   0   0   0   1   1   0 |     CCA   0   0   0   0   0   0 | Gln CAA   0   0   0   0   0   0 |     CGA   0   0   0   0   0   0
    CTG   0   0   0   1   1   0 |     CCG   0   0   0   0   0   0 |     CAG   0   0   0   0   0   0 |     CGG   1   1   1   1   1   1
--------------------------------------------------------------------------------------------------------------------------------------
Ile ATT   0   0   0   0   0   0 | Thr ACT   0   0   0   0   0   0 | Asn AAT   0   0   0   0   0   0 | Ser AGT   1   0   1   0   1   1
    ATC   1   1   1   1   1   1 |     ACC   0   0   0   0   0   0 |     AAC   1   1   1   1   1   1 |     AGC   1   2   1   2   1   1
    ATA   0   0   0   0   0   0 |     ACA   0   0   0   0   0   0 | Lys AAA   0   0   0   1   0   0 | Arg AGA   1   0   1   1   1   1
Met ATG   0   0   0   0   0   0 |     ACG   0   0   0   0   0   0 |     AAG   0   0   0   0   0   0 |     AGG   0   1   0   0   0   0
--------------------------------------------------------------------------------------------------------------------------------------
Val GTT   0   0   0   0   0   0 | Ala GCT   0   0   0   0   0   0 | Asp GAT   0   0   0   0   0   0 | Gly GGT   0   0   0   0   0   0
    GTC   1   1   1   1   1   1 |     GCC   0   0   0   0   0   0 |     GAC   0   0   0   0   0   0 |     GGC   0   0   0   0   0   0
    GTA   0   0   0   0   0   0 |     GCA   0   0   0   0   0   0 | Glu GAA   3   3   3   2   3   3 |     GGA   0   0   0   0   0   0
    GTG   0   0   0   0   0   0 |     GCG   0   0   0   0   0   0 |     GAG   3   3   3   3   3   3 |     GGG   0   0   0   0   0   0
--------------------------------------------------------------------------------------------------------------------------------------

--------------------------------------------------------------------------------------------------------------------------------------
Phe TTT   0   0   0   0   0   0 | Ser TCT   0   0   0   0   0   0 | Tyr TAT   0   0   0   0   0   0 | Cys TGT   0   0   0   0   0   0
    TTC   0   0   0   0   0   0 |     TCC   0   0   0   0   0   0 |     TAC   0   0   0   0   0   0 |     TGC   0   0   0   0   0   0
Leu TTA   1   1   1   1   1   0 |     TCA   0   0   0   0   0   0 | *** TAA   0   0   0   0   0   0 | *** TGA   0   0   0   0   0   0
    TTG   2   2   2   2   2   2 |     TCG   0   0   0   0   0   0 |     TAG   0   0   0   0   0   0 | Trp TGG   0   0   0   0   0   0
--------------------------------------------------------------------------------------------------------------------------------------
Leu CTT   0   0   0   0   0   0 | Pro CCT   0   0   0   0   0   0 | His CAT   0   0   0   0   0   0 | Arg CGT   0   0   0   0   0   0
    CTC   0   0   0   0   0   0 |     CCC   0   0   0   0   0   0 |     CAC   0   0   0   0   0   0 |     CGC   0   0   0   0   0   0
    CTA   0   0   0   0   0   1 |     CCA   0   0   0   0   0   0 | Gln CAA   0   0   0   0   0   0 |     CGA   0   0   0   0   0   0
    CTG   0   0   0   0   0   0 |     CCG   0   0   0   0   0   0 |     CAG   0   0   0   0   0   0 |     CGG   1   1   1   1   1   1
--------------------------------------------------------------------------------------------------------------------------------------
Ile ATT   0   0   0   0   0   1 | Thr ACT   0   0   0   0   0   0 | Asn AAT   0   0   0   0   0   0 | Ser AGT   0   0   0   0   1   1
    ATC   1   1   1   1   1   0 |     ACC   0   0   0   0   0   0 |     AAC   1   1   1   1   1   1 |     AGC   2   2   2   2   1   1
    ATA   0   0   0   0   0   0 |     ACA   0   0   0   0   0   0 | Lys AAA   0   0   0   0   0   0 | Arg AGA   1   1   1   1   1   1
Met ATG   0   0   0   0   0   0 |     ACG   0   0   0   0   0   0 |     AAG   0   0   0   0   0   0 |     AGG   0   0   0   0   0   0
--------------------------------------------------------------------------------------------------------------------------------------
Val GTT   0   0   0   0   0   0 | Ala GCT   0   0   0   0   0   0 | Asp GAT   0   0   0   0   0   0 | Gly GGT   0   0   0   0   0   0
    GTC   1   1   1   1   1   1 |     GCC   0   0   0   0   0   0 |     GAC   0   0   0   0   0   0 |     GGC   0   0   0   0   0   0
    GTA   0   0   0   0   0   0 |     GCA   0   0   0   0   0   0 | Glu GAA   3   3   4   3   3   4 |     GGA   0   0   0   0   0   0
    GTG   0   0   0   0   0   0 |     GCG   0   0   0   0   0   0 |     GAG   3   3   2   3   3   2 |     GGG   0   0   0   0   0   0
--------------------------------------------------------------------------------------------------------------------------------------

--------------------------------------------------------------------------------------------------------------------------------------
Phe TTT   0   0   0   0   0   0 | Ser TCT   0   0   0   0   0   0 | Tyr TAT   0   0   0   0   0   0 | Cys TGT   0   0   0   0   0   0
    TTC   0   0   0   0   0   0 |     TCC   0   0   0   0   0   0 |     TAC   0   0   0   0   0   0 |     TGC   0   0   0   0   0   0
Leu TTA   1   1   1   1   1   1 |     TCA   0   0   0   0   0   0 | *** TAA   0   0   0   0   0   0 | *** TGA   0   0   0   0   0   0
    TTG   2   2   2   1   2   2 |     TCG   0   0   0   0   0   0 |     TAG   0   0   0   0   0   0 | Trp TGG   0   0   0   0   0   0
--------------------------------------------------------------------------------------------------------------------------------------
Leu CTT   0   0   0   0   0   0 | Pro CCT   0   0   0   0   0   0 | His CAT   0   0   0   0   0   0 | Arg CGT   0   0   0   0   0   0
    CTC   0   0   0   0   0   0 |     CCC   0   0   0   0   0   0 |     CAC   0   0   0   0   0   0 |     CGC   0   0   0   0   0   0
    CTA   0   0   0   0   0   0 |     CCA   0   0   0   0   0   0 | Gln CAA   0   0   0   0   0   0 |     CGA   0   0   0   0   0   0
    CTG   0   0   0   1   0   0 |     CCG   0   0   0   0   0   0 |     CAG   0   0   0   0   0   0 |     CGG   1   1   1   1   1   1
--------------------------------------------------------------------------------------------------------------------------------------
Ile ATT   0   0   0   0   0   0 | Thr ACT   0   0   0   0   0   0 | Asn AAT   0   1   0   0   0   0 | Ser AGT   0   0   0   0   0   0
    ATC   1   1   1   1   1   1 |     ACC   0   0   0   0   0   0 |     AAC   1   1   1   1   1   1 |     AGC   2   1   2   2   2   2
    ATA   0   0   0   0   0   0 |     ACA   0   0   0   0   0   0 | Lys AAA   0   0   0   0   0   0 | Arg AGA   1   1   1   1   1   1
Met ATG   0   0   0   0   0   0 |     ACG   0   0   0   0   0   0 |     AAG   0   0   0   0   0   0 |     AGG   0   0   0   0   0   0
--------------------------------------------------------------------------------------------------------------------------------------
Val GTT   0   0   0   0   0   0 | Ala GCT   0   0   0   0   0   0 | Asp GAT   0   0   0   0   0   0 | Gly GGT   0   0   0   0   0   0
    GTC   1   1   1   1   1   1 |     GCC   0   0   0   0   0   0 |     GAC   0   0   0   0   0   0 |     GGC   0   0   0   0   0   0
    GTA   0   0   0   0   0   0 |     GCA   0   0   0   0   0   0 | Glu GAA   3   3   3   4   3   3 |     GGA   0   0   0   0   0   0
    GTG   0   0   0   0   0   0 |     GCG   0   0   0   0   0   0 |     GAG   3   3   3   2   3   3 |     GGG   0   0   0   0   0   0
--------------------------------------------------------------------------------------------------------------------------------------

--------------------------------------------------------------------------------------------------------------------------------------
Phe TTT   0   0   0   0   0   0 | Ser TCT   0   0   0   0   0   0 | Tyr TAT   0   0   0   0   0   0 | Cys TGT   0   0   0   0   0   0
    TTC   0   0   0   0   0   0 |     TCC   0   0   0   0   0   0 |     TAC   0   0   0   0   0   0 |     TGC   0   0   0   0   0   0
Leu TTA   1   1   1   1   1   1 |     TCA   0   0   0   0   0   0 | *** TAA   0   0   0   0   0   0 | *** TGA   0   0   0   0   0   0
    TTG   2   2   2   2   2   2 |     TCG   0   0   0   0   0   0 |     TAG   0   0   0   0   0   0 | Trp TGG   0   0   0   0   0   0
--------------------------------------------------------------------------------------------------------------------------------------
Leu CTT   0   0   0   0   0   0 | Pro CCT   0   0   0   0   0   0 | His CAT   0   0   0   0   0   0 | Arg CGT   0   0   0   0   0   0
    CTC   0   0   0   0   0   0 |     CCC   0   0   0   0   0   0 |     CAC   0   0   0   0   0   0 |     CGC   0   0   0   0   0   0
    CTA   0   0   0   0   0   0 |     CCA   0   0   0   0   0   0 | Gln CAA   0   0   0   0   0   0 |     CGA   0   0   0   0   0   0
    CTG   0   0   0   0   0   0 |     CCG   0   0   0   0   0   0 |     CAG   0   0   0   0   0   0 |     CGG   1   1   1   1   1   1
--------------------------------------------------------------------------------------------------------------------------------------
Ile ATT   0   0   0   0   0   0 | Thr ACT   0   0   0   0   0   0 | Asn AAT   0   0   0   0   0   0 | Ser AGT   1   1   0   1   0   0
    ATC   1   1   1   1   1   1 |     ACC   0   0   0   0   0   0 |     AAC   1   1   1   1   1   1 |     AGC   1   1   2   1   2   2
    ATA   0   0   0   0   0   0 |     ACA   0   0   0   0   0   0 | Lys AAA   0   0   0   0   0   0 | Arg AGA   1   1   1   1   1   1
Met ATG   0   0   0   0   0   0 |     ACG   0   0   0   0   0   0 |     AAG   0   0   0   0   0   0 |     AGG   0   0   0   0   0   0
--------------------------------------------------------------------------------------------------------------------------------------
Val GTT   0   0   0   0   0   0 | Ala GCT   0   0   0   0   0   0 | Asp GAT   0   0   0   0   0   0 | Gly GGT   0   0   0   0   0   0
    GTC   1   1   1   1   1   1 |     GCC   0   0   0   0   0   0 |     GAC   0   0   0   0   0   0 |     GGC   0   0   0   0   0   0
    GTA   0   0   0   0   0   0 |     GCA   0   0   0   0   0   0 | Glu GAA   3   3   3   3   3   3 |     GGA   0   0   0   0   0   0
    GTG   0   0   0   0   0   0 |     GCG   0   0   0   0   0   0 |     GAG   3   3   3   3   3   3 |     GGG   0   0   0   0   0   0
--------------------------------------------------------------------------------------------------------------------------------------

--------------------------------------------------------------------------------------------------------------------------------------
Phe TTT   0   0   0   0   0   0 | Ser TCT   0   0   0   0   0   0 | Tyr TAT   0   0   0   0   0   0 | Cys TGT   0   0   0   0   0   0
    TTC   0   0   0   0   0   0 |     TCC   0   0   0   0   0   0 |     TAC   0   0   0   0   0   0 |     TGC   0   0   0   0   0   0
Leu TTA   1   1   1   1   1   1 |     TCA   0   0   0   0   0   0 | *** TAA   0   0   0   0   0   0 | *** TGA   0   0   0   0   0   0
    TTG   2   2   1   2   2   2 |     TCG   0   0   0   0   0   0 |     TAG   0   0   0   0   0   0 | Trp TGG   0   0   0   0   0   0
--------------------------------------------------------------------------------------------------------------------------------------
Leu CTT   0   0   0   0   0   0 | Pro CCT   0   0   0   0   0   0 | His CAT   0   0   0   0   0   0 | Arg CGT   0   0   0   0   0   0
    CTC   0   0   0   0   0   0 |     CCC   0   0   0   0   0   0 |     CAC   0   0   0   0   0   0 |     CGC   0   0   0   0   0   0
    CTA   0   0   0   0   0   0 |     CCA   0   0   0   0   0   0 | Gln CAA   0   0   0   0   0   0 |     CGA   0   0   0   0   0   0
    CTG   0   0   1   0   0   0 |     CCG   0   0   0   0   0   0 |     CAG   0   0   0   0   0   1 |     CGG   1   1   1   1   1   0
--------------------------------------------------------------------------------------------------------------------------------------
Ile ATT   0   0   0   0   0   0 | Thr ACT   0   0   0   0   0   0 | Asn AAT   0   0   0   0   0   0 | Ser AGT   1   1   0   0   0   1
    ATC   1   1   1   1   1   1 |     ACC   0   0   0   0   0   0 |     AAC   1   1   1   1   1   1 |     AGC   1   1   2   2   2   1
    ATA   0   0   0   0   0   0 |     ACA   0   0   0   0   0   0 | Lys AAA   0   0   0   0   0   0 | Arg AGA   1   1   1   1   1   1
Met ATG   0   0   0   0   0   0 |     ACG   0   0   0   0   0   0 |     AAG   0   0   0   0   0   0 |     AGG   0   0   0   0   0   0
--------------------------------------------------------------------------------------------------------------------------------------
Val GTT   0   0   0   0   0   0 | Ala GCT   0   0   0   0   0   0 | Asp GAT   0   0   0   0   0   0 | Gly GGT   0   0   0   0   0   0
    GTC   1   1   1   1   1   1 |     GCC   0   0   0   0   0   0 |     GAC   0   0   0   0   0   0 |     GGC   0   0   0   0   0   0
    GTA   0   0   0   0   0   0 |     GCA   0   0   0   0   0   0 | Glu GAA   4   4   3   3   3   3 |     GGA   0   0   0   0   0   0
    GTG   0   0   0   0   0   0 |     GCG   0   0   0   0   0   0 |     GAG   2   2   3   3   3   3 |     GGG   0   0   0   0   0   0
--------------------------------------------------------------------------------------------------------------------------------------

--------------------------------------------------------------------------------------------------------------------------------------
Phe TTT   0   0   0   0   0   0 | Ser TCT   0   0   0   0   0   0 | Tyr TAT   0   0   0   0   0   0 | Cys TGT   0   0   0   0   0   0
    TTC   0   0   0   0   0   0 |     TCC   0   0   0   0   0   0 |     TAC   0   0   0   0   0   0 |     TGC   0   0   0   0   0   0
Leu TTA   1   1   0   1   1   1 |     TCA   0   0   0   0   0   0 | *** TAA   0   0   0   0   0   0 | *** TGA   0   0   0   0   0   0
    TTG   2   2   2   2   1   2 |     TCG   0   0   0   0   0   0 |     TAG   0   0   0   0   0   0 | Trp TGG   0   0   0   0   0   0
--------------------------------------------------------------------------------------------------------------------------------------
Leu CTT   0   0   0   0   0   0 | Pro CCT   0   0   0   0   0   0 | His CAT   0   0   0   0   0   0 | Arg CGT   0   0   0   0   0   0
    CTC   0   0   0   0   0   0 |     CCC   0   0   0   0   0   0 |     CAC   0   0   0   0   0   0 |     CGC   0   0   0   0   0   0
    CTA   0   0   1   0   0   0 |     CCA   0   0   0   0   0   0 | Gln CAA   0   0   0   0   0   0 |     CGA   0   0   0   0   0   0
    CTG   0   0   0   0   1   0 |     CCG   0   0   0   0   0   0 |     CAG   0   0   0   0   0   0 |     CGG   1   1   1   1   1   1
--------------------------------------------------------------------------------------------------------------------------------------
Ile ATT   0   0   1   0   0   0 | Thr ACT   0   0   0   0   0   0 | Asn AAT   0   0   0   0   0   0 | Ser AGT   0   1   1   1   1   0
    ATC   1   1   0   1   1   1 |     ACC   0   0   0   0   0   0 |     AAC   1   1   1   1   1   1 |     AGC   2   1   1   1   1   2
    ATA   0   0   0   0   0   0 |     ACA   0   0   0   0   0   0 | Lys AAA   0   0   0   0   0   0 | Arg AGA   1   1   1   1   1   1
Met ATG   0   0   0   0   0   0 |     ACG   0   0   0   0   0   0 |     AAG   0   0   0   0   0   0 |     AGG   0   0   0   0   0   0
--------------------------------------------------------------------------------------------------------------------------------------
Val GTT   0   0   0   0   0   0 | Ala GCT   0   0   0   0   0   0 | Asp GAT   0   0   0   0   0   0 | Gly GGT   0   0   0   0   0   0
    GTC   1   1   1   1   1   1 |     GCC   0   0   0   0   0   0 |     GAC   0   0   0   0   0   0 |     GGC   0   0   0   0   0   0
    GTA   0   0   0   0   0   0 |     GCA   0   0   0   0   0   0 | Glu GAA   3   3   4   4   3   3 |     GGA   0   0   0   0   0   0
    GTG   0   0   0   0   0   0 |     GCG   0   0   0   0   0   0 |     GAG   3   3   2   2   3   3 |     GGG   0   0   0   0   0   0
--------------------------------------------------------------------------------------------------------------------------------------

--------------------------------------------------------------------------------------------------------------------------------------
Phe TTT   0   0   0   0   0   0 | Ser TCT   0   0   0   0   0   0 | Tyr TAT   0   0   0   0   0   0 | Cys TGT   0   0   0   0   0   0
    TTC   0   0   0   0   0   0 |     TCC   0   0   0   0   0   0 |     TAC   0   0   0   0   0   0 |     TGC   0   0   0   0   0   0
Leu TTA   1   1   1   1   1   1 |     TCA   0   0   0   0   0   0 | *** TAA   0   0   0   0   0   0 | *** TGA   0   0   0   0   0   0
    TTG   1   2   2   2   1   2 |     TCG   0   0   0   0   0   0 |     TAG   0   0   0   0   0   0 | Trp TGG   0   0   0   0   0   0
--------------------------------------------------------------------------------------------------------------------------------------
Leu CTT   0   0   0   0   0   0 | Pro CCT   0   0   0   0   0   0 | His CAT   0   0   0   0   0   0 | Arg CGT   0   0   0   0   0   0
    CTC   0   0   0   0   0   0 |     CCC   0   0   0   0   0   0 |     CAC   0   0   0   0   0   0 |     CGC   0   0   0   0   0   0
    CTA   0   0   0   0   0   0 |     CCA   0   0   0   0   0   0 | Gln CAA   0   0   0   0   0   0 |     CGA   0   0   0   0   0   0
    CTG   1   0   0   0   1   0 |     CCG   0   0   0   0   0   0 |     CAG   0   0   0   0   0   0 |     CGG   1   1   1   1   1   1
--------------------------------------------------------------------------------------------------------------------------------------
Ile ATT   0   0   0   0   0   0 | Thr ACT   0   0   0   0   0   0 | Asn AAT   0   0   0   0   0   0 | Ser AGT   1   1   0   0   0   1
    ATC   1   1   1   1   1   1 |     ACC   0   0   0   0   0   0 |     AAC   1   1   1   1   1   1 |     AGC   1   1   2   2   2   1
    ATA   0   0   0   0   0   0 |     ACA   0   0   0   0   0   0 | Lys AAA   0   0   0   0   0   0 | Arg AGA   1   1   1   1   1   1
Met ATG   0   0   0   0   0   0 |     ACG   0   0   0   0   0   0 |     AAG   0   0   0   0   0   0 |     AGG   0   0   0   0   0   0
--------------------------------------------------------------------------------------------------------------------------------------
Val GTT   0   0   0   0   0   0 | Ala GCT   0   0   0   0   0   0 | Asp GAT   0   0   0   0   0   0 | Gly GGT   0   0   0   0   0   0
    GTC   1   1   1   1   1   1 |     GCC   0   0   0   0   0   0 |     GAC   0   0   0   0   0   0 |     GGC   0   0   0   0   0   0
    GTA   0   0   0   0   0   0 |     GCA   0   0   0   0   0   0 | Glu GAA   3   3   3   3   3   4 |     GGA   0   0   0   0   0   0
    GTG   0   0   0   0   0   0 |     GCG   0   0   0   0   0   0 |     GAG   3   3   3   3   3   2 |     GGG   0   0   0   0   0   0
--------------------------------------------------------------------------------------------------------------------------------------

--------------------------------------------------------------------------------------------------------------------------------------
Phe TTT   0   0   0   0   0   0 | Ser TCT   0   0   0   0   0   0 | Tyr TAT   0   0   0   0   0   0 | Cys TGT   0   0   0   0   0   0
    TTC   0   0   0   0   0   0 |     TCC   0   0   0   0   0   0 |     TAC   0   0   0   0   0   0 |     TGC   0   0   0   0   0   0
Leu TTA   1   1   0   1   1   1 |     TCA   0   0   0   0   0   0 | *** TAA   0   0   0   0   0   0 | *** TGA   0   0   0   0   0   0
    TTG   2   2   2   2   2   2 |     TCG   0   0   0   0   0   0 |     TAG   0   0   0   0   0   0 | Trp TGG   0   0   0   0   0   0
--------------------------------------------------------------------------------------------------------------------------------------
Leu CTT   0   0   0   0   0   0 | Pro CCT   0   0   0   0   0   0 | His CAT   0   0   0   0   0   0 | Arg CGT   0   0   0   0   0   0
    CTC   0   0   0   0   0   0 |     CCC   0   0   0   0   0   0 |     CAC   0   0   0   0   0   0 |     CGC   0   0   0   0   0   0
    CTA   0   0   1   0   0   0 |     CCA   0   0   0   0   0   0 | Gln CAA   0   0   0   0   0   0 |     CGA   0   0   0   0   0   0
    CTG   0   0   0   0   0   0 |     CCG   0   0   0   0   0   0 |     CAG   0   0   0   0   0   0 |     CGG   1   1   1   1   1   1
--------------------------------------------------------------------------------------------------------------------------------------
Ile ATT   0   0   1   0   0   0 | Thr ACT   0   0   0   0   0   0 | Asn AAT   0   0   0   0   0   0 | Ser AGT   1   0   1   1   1   0
    ATC   1   1   0   1   1   1 |     ACC   0   0   0   0   0   0 |     AAC   1   1   1   1   1   1 |     AGC   1   2   1   1   1   2
    ATA   0   0   0   0   0   0 |     ACA   0   0   0   0   0   0 | Lys AAA   0   0   0   0   0   0 | Arg AGA   1   1   1   1   1   1
Met ATG   0   0   0   0   0   0 |     ACG   0   0   0   0   0   0 |     AAG   0   0   0   0   0   0 |     AGG   0   0   0   0   0   0
--------------------------------------------------------------------------------------------------------------------------------------
Val GTT   0   0   0   0   0   0 | Ala GCT   0   0   0   0   0   0 | Asp GAT   0   0   0   0   0   0 | Gly GGT   0   0   0   0   0   0
    GTC   1   1   1   1   1   1 |     GCC   0   0   0   0   0   0 |     GAC   0   0   0   0   0   0 |     GGC   0   0   0   0   0   0
    GTA   0   0   0   0   0   0 |     GCA   0   0   0   0   0   0 | Glu GAA   4   3   4   4   3   3 |     GGA   0   0   0   0   0   0
    GTG   0   0   0   0   0   0 |     GCG   0   0   0   0   0   0 |     GAG   2   3   2   2   3   3 |     GGG   0   0   0   0   0   0
--------------------------------------------------------------------------------------------------------------------------------------

--------------------------------------------------------------------------------------------------------------------------------------
Phe TTT   0   0   0   0   0   0 | Ser TCT   0   0   0   0   0   0 | Tyr TAT   0   0   0   0   0   0 | Cys TGT   0   0   0   0   0   0
    TTC   0   0   0   0   0   0 |     TCC   0   0   0   0   0   0 |     TAC   0   0   0   0   0   0 |     TGC   0   0   0   0   0   0
Leu TTA   1   1   1   1   0   1 |     TCA   0   0   0   0   0   0 | *** TAA   0   0   0   0   0   0 | *** TGA   0   0   0   0   0   0
    TTG   2   1   1   2   2   2 |     TCG   0   0   0   0   0   0 |     TAG   0   0   0   0   0   0 | Trp TGG   0   0   0   0   0   0
--------------------------------------------------------------------------------------------------------------------------------------
Leu CTT   0   0   0   0   0   0 | Pro CCT   0   0   0   0   0   0 | His CAT   0   0   0   0   0   0 | Arg CGT   0   0   0   0   0   0
    CTC   0   0   0   0   0   0 |     CCC   0   0   0   0   0   0 |     CAC   0   0   0   0   0   0 |     CGC   0   0   0   0   0   0
    CTA   0   0   0   0   1   0 |     CCA   0   0   0   0   0   0 | Gln CAA   0   0   0   0   0   0 |     CGA   0   0   0   0   0   0
    CTG   0   1   1   0   0   0 |     CCG   0   0   0   0   0   0 |     CAG   0   0   0   0   0   0 |     CGG   1   1   1   1   1   1
--------------------------------------------------------------------------------------------------------------------------------------
Ile ATT   0   0   0   0   0   0 | Thr ACT   0   0   0   0   0   0 | Asn AAT   0   0   0   0   0   0 | Ser AGT   0   1   0   1   0   1
    ATC   1   1   1   1   1   1 |     ACC   0   0   0   0   0   0 |     AAC   1   1   1   1   1   1 |     AGC   2   1   2   1   2   1
    ATA   0   0   0   0   0   0 |     ACA   0   0   0   0   0   0 | Lys AAA   0   0   0   0   1   0 | Arg AGA   1   1   1   1   1   1
Met ATG   0   0   0   0   0   0 |     ACG   0   0   0   0   0   0 |     AAG   0   0   0   0   0   0 |     AGG   0   0   0   0   0   0
--------------------------------------------------------------------------------------------------------------------------------------
Val GTT   0   0   0   0   0   0 | Ala GCT   0   0   0   0   0   0 | Asp GAT   0   0   0   0   0   0 | Gly GGT   0   0   0   0   0   0
    GTC   1   1   1   1   1   1 |     GCC   0   0   0   0   0   0 |     GAC   0   0   0   0   0   0 |     GGC   0   0   0   0   0   0
    GTA   0   0   0   0   0   0 |     GCA   0   0   0   0   0   0 | Glu GAA   2   3   3   3   2   3 |     GGA   0   0   0   0   0   0
    GTG   0   0   0   0   0   0 |     GCG   0   0   0   0   0   0 |     GAG   4   3   3   3   3   3 |     GGG   0   0   0   0   0   0
--------------------------------------------------------------------------------------------------------------------------------------

Codon position x base (3x4) table for each sequence.

#1: Argali         
position  1:    T:0.18750    C:0.06250    A:0.31250    G:0.43750
position  2:    T:0.31250    C:0.00000    A:0.43750    G:0.25000
position  3:    T:0.06250    C:0.25000    A:0.31250    G:0.37500
Average         T:0.18750    C:0.10417    A:0.35417    G:0.35417

#2: LesserMouseDeer
position  1:    T:0.18750    C:0.06250    A:0.31250    G:0.43750
position  2:    T:0.31250    C:0.00000    A:0.43750    G:0.25000
position  3:    T:0.00000    C:0.31250    A:0.25000    G:0.43750
Average         T:0.16667    C:0.12500    A:0.33333    G:0.37500

#3: LesserKudu     
position  1:    T:0.18750    C:0.06250    A:0.31250    G:0.43750
position  2:    T:0.31250    C:0.00000    A:0.43750    G:0.25000
position  3:    T:0.06250    C:0.25000    A:0.31250    G:0.37500
Average         T:0.18750    C:0.10417    A:0.35417    G:0.35417

#4: ForestMuskDeer2
position  1:    T:0.06250    C:0.18750    A:0.37500    G:0.37500
position  2:    T:0.31250    C:0.00000    A:0.43750    G:0.25000
position  3:    T:0.00000    C:0.31250    A:0.31250    G:0.37500
Average         T:0.12500    C:0.16667    A:0.37500    G:0.33333

#5: Camel          
position  1:    T:0.06250    C:0.18750    A:0.31250    G:0.43750
position  2:    T:0.31250    C:0.00000    A:0.43750    G:0.25000
position  3:    T:0.06250    C:0.25000    A:0.31250    G:0.37500
Average         T:0.14583    C:0.14583    A:0.35417    G:0.35417

#6: KillerWhale    
position  1:    T:0.18750    C:0.06250    A:0.31250    G:0.43750
position  2:    T:0.31250    C:0.00000    A:0.43750    G:0.25000
position  3:    T:0.06250    C:0.25000    A:0.31250    G:0.37500
Average         T:0.18750    C:0.10417    A:0.35417    G:0.35417

#7: DefassaWaterbuck
position  1:    T:0.18750    C:0.06250    A:0.31250    G:0.43750
position  2:    T:0.31250    C:0.00000    A:0.43750    G:0.25000
position  3:    T:0.00000    C:0.31250    A:0.31250    G:0.37500
Average         T:0.16667    C:0.12500    A:0.35417    G:0.35417

#8: Sheep          
position  1:    T:0.18750    C:0.06250    A:0.31250    G:0.43750
position  2:    T:0.31250    C:0.00000    A:0.43750    G:0.25000
position  3:    T:0.00000    C:0.31250    A:0.31250    G:0.37500
Average         T:0.16667    C:0.12500    A:0.35417    G:0.35417

#9: MaxwellsDuiker 
position  1:    T:0.18750    C:0.06250    A:0.31250    G:0.43750
position  2:    T:0.31250    C:0.00000    A:0.43750    G:0.25000
position  3:    T:0.00000    C:0.31250    A:0.37500    G:0.31250
Average         T:0.16667    C:0.12500    A:0.37500    G:0.33333

#10: GazellaPrzewalskyi
position  1:    T:0.18750    C:0.06250    A:0.31250    G:0.43750
position  2:    T:0.31250    C:0.00000    A:0.43750    G:0.25000
position  3:    T:0.00000    C:0.31250    A:0.31250    G:0.37500
Average         T:0.16667    C:0.12500    A:0.35417    G:0.35417

#11: MountainNyala  
position  1:    T:0.18750    C:0.06250    A:0.31250    G:0.43750
position  2:    T:0.31250    C:0.00000    A:0.43750    G:0.25000
position  3:    T:0.06250    C:0.25000    A:0.31250    G:0.37500
Average         T:0.18750    C:0.10417    A:0.35417    G:0.35417

#12: MuntiacusMuntjak
position  1:    T:0.12500    C:0.12500    A:0.31250    G:0.43750
position  2:    T:0.31250    C:0.00000    A:0.43750    G:0.25000
position  3:    T:0.12500    C:0.18750    A:0.37500    G:0.31250
Average         T:0.18750    C:0.10417    A:0.37500    G:0.33333

#13: goat           
position  1:    T:0.18750    C:0.06250    A:0.31250    G:0.43750
position  2:    T:0.31250    C:0.00000    A:0.43750    G:0.25000
position  3:    T:0.00000    C:0.31250    A:0.31250    G:0.37500
Average         T:0.16667    C:0.12500    A:0.35417    G:0.35417

#14: AfricanBuffalo 
position  1:    T:0.18750    C:0.06250    A:0.31250    G:0.43750
position  2:    T:0.31250    C:0.00000    A:0.50000    G:0.18750
position  3:    T:0.06250    C:0.25000    A:0.31250    G:0.37500
Average         T:0.18750    C:0.10417    A:0.37500    G:0.33333

#15: Topi           
position  1:    T:0.18750    C:0.06250    A:0.31250    G:0.43750
position  2:    T:0.31250    C:0.00000    A:0.43750    G:0.25000
position  3:    T:0.00000    C:0.31250    A:0.31250    G:0.37500
Average         T:0.16667    C:0.12500    A:0.35417    G:0.35417

#16: CommonDuiker   
position  1:    T:0.12500    C:0.12500    A:0.31250    G:0.43750
position  2:    T:0.31250    C:0.00000    A:0.43750    G:0.25000
position  3:    T:0.00000    C:0.31250    A:0.37500    G:0.31250
Average         T:0.14583    C:0.14583    A:0.37500    G:0.33333

#17: Suni           
position  1:    T:0.18750    C:0.06250    A:0.31250    G:0.43750
position  2:    T:0.31250    C:0.00000    A:0.43750    G:0.25000
position  3:    T:0.00000    C:0.31250    A:0.31250    G:0.37500
Average         T:0.16667    C:0.12500    A:0.35417    G:0.35417

#18: Springbuck     
position  1:    T:0.18750    C:0.06250    A:0.31250    G:0.43750
position  2:    T:0.31250    C:0.00000    A:0.43750    G:0.25000
position  3:    T:0.00000    C:0.31250    A:0.31250    G:0.37500
Average         T:0.16667    C:0.12500    A:0.35417    G:0.35417

#19: Okapi          
position  1:    T:0.18750    C:0.06250    A:0.31250    G:0.43750
position  2:    T:0.31250    C:0.00000    A:0.43750    G:0.25000
position  3:    T:0.06250    C:0.25000    A:0.31250    G:0.37500
Average         T:0.18750    C:0.10417    A:0.35417    G:0.35417

#20: Giraffe        
position  1:    T:0.18750    C:0.06250    A:0.31250    G:0.43750
position  2:    T:0.31250    C:0.00000    A:0.43750    G:0.25000
position  3:    T:0.06250    C:0.25000    A:0.31250    G:0.37500
Average         T:0.18750    C:0.10417    A:0.35417    G:0.35417

#21: TibetanAntelope
position  1:    T:0.18750    C:0.06250    A:0.31250    G:0.43750
position  2:    T:0.31250    C:0.00000    A:0.43750    G:0.25000
position  3:    T:0.00000    C:0.31250    A:0.31250    G:0.37500
Average         T:0.16667    C:0.12500    A:0.35417    G:0.35417

#22: Sitatunga      
position  1:    T:0.18750    C:0.06250    A:0.31250    G:0.43750
position  2:    T:0.31250    C:0.00000    A:0.43750    G:0.25000
position  3:    T:0.06250    C:0.25000    A:0.31250    G:0.37500
Average         T:0.18750    C:0.10417    A:0.35417    G:0.35417

#23: Oribi          
position  1:    T:0.18750    C:0.06250    A:0.31250    G:0.43750
position  2:    T:0.31250    C:0.00000    A:0.43750    G:0.25000
position  3:    T:0.00000    C:0.31250    A:0.31250    G:0.37500
Average         T:0.16667    C:0.12500    A:0.35417    G:0.35417

#24: BarbarySheep   
position  1:    T:0.18750    C:0.06250    A:0.31250    G:0.43750
position  2:    T:0.31250    C:0.00000    A:0.43750    G:0.25000
position  3:    T:0.00000    C:0.31250    A:0.31250    G:0.37500
Average         T:0.16667    C:0.12500    A:0.35417    G:0.35417

#25: Daviddeer      
position  1:    T:0.18750    C:0.06250    A:0.31250    G:0.43750
position  2:    T:0.31250    C:0.00000    A:0.43750    G:0.25000
position  3:    T:0.06250    C:0.25000    A:0.37500    G:0.31250
Average         T:0.18750    C:0.10417    A:0.37500    G:0.33333

#26: Reindeer       
position  1:    T:0.18750    C:0.06250    A:0.31250    G:0.43750
position  2:    T:0.31250    C:0.00000    A:0.43750    G:0.25000
position  3:    T:0.06250    C:0.25000    A:0.37500    G:0.31250
Average         T:0.18750    C:0.10417    A:0.37500    G:0.33333

#27: Ibex           
position  1:    T:0.12500    C:0.12500    A:0.31250    G:0.43750
position  2:    T:0.31250    C:0.00000    A:0.43750    G:0.25000
position  3:    T:0.00000    C:0.31250    A:0.31250    G:0.37500
Average         T:0.14583    C:0.14583    A:0.35417    G:0.35417

#28: GyrantGazelle  
position  1:    T:0.18750    C:0.06250    A:0.31250    G:0.43750
position  2:    T:0.31250    C:0.00000    A:0.43750    G:0.25000
position  3:    T:0.00000    C:0.31250    A:0.31250    G:0.37500
Average         T:0.16667    C:0.12500    A:0.35417    G:0.35417

#29: Hartebeest     
position  1:    T:0.18750    C:0.06250    A:0.31250    G:0.43750
position  2:    T:0.31250    C:0.00000    A:0.43750    G:0.25000
position  3:    T:0.00000    C:0.31250    A:0.31250    G:0.37500
Average         T:0.16667    C:0.12500    A:0.35417    G:0.35417

#30: Bongo          
position  1:    T:0.18750    C:0.06250    A:0.31250    G:0.43750
position  2:    T:0.31250    C:0.00000    A:0.50000    G:0.18750
position  3:    T:0.06250    C:0.25000    A:0.31250    G:0.37500
Average         T:0.18750    C:0.10417    A:0.37500    G:0.33333

#31: Gerenuk        
position  1:    T:0.18750    C:0.06250    A:0.31250    G:0.43750
position  2:    T:0.31250    C:0.00000    A:0.43750    G:0.25000
position  3:    T:0.00000    C:0.31250    A:0.31250    G:0.37500
Average         T:0.16667    C:0.12500    A:0.35417    G:0.35417

#32: CommonEland    
position  1:    T:0.18750    C:0.06250    A:0.31250    G:0.43750
position  2:    T:0.31250    C:0.00000    A:0.43750    G:0.25000
position  3:    T:0.06250    C:0.25000    A:0.31250    G:0.37500
Average         T:0.18750    C:0.10417    A:0.35417    G:0.35417

#33: MuntiacusReevesi
position  1:    T:0.12500    C:0.12500    A:0.31250    G:0.43750
position  2:    T:0.31250    C:0.00000    A:0.43750    G:0.25000
position  3:    T:0.12500    C:0.18750    A:0.37500    G:0.31250
Average         T:0.18750    C:0.10417    A:0.37500    G:0.33333

#34: HarveysDuiker  
position  1:    T:0.18750    C:0.06250    A:0.31250    G:0.43750
position  2:    T:0.31250    C:0.00000    A:0.43750    G:0.25000
position  3:    T:0.06250    C:0.25000    A:0.37500    G:0.31250
Average         T:0.18750    C:0.10417    A:0.37500    G:0.33333

#35: Pronghorn      
position  1:    T:0.12500    C:0.12500    A:0.31250    G:0.43750
position  2:    T:0.31250    C:0.00000    A:0.43750    G:0.25000
position  3:    T:0.06250    C:0.25000    A:0.31250    G:0.37500
Average         T:0.16667    C:0.12500    A:0.35417    G:0.35417

#36: BlueWildebeest 
position  1:    T:0.18750    C:0.06250    A:0.31250    G:0.43750
position  2:    T:0.31250    C:0.00000    A:0.43750    G:0.25000
position  3:    T:0.00000    C:0.31250    A:0.31250    G:0.37500
Average         T:0.16667    C:0.12500    A:0.35417    G:0.35417

#37: Gemsbok        
position  1:    T:0.12500    C:0.12500    A:0.31250    G:0.43750
position  2:    T:0.31250    C:0.00000    A:0.43750    G:0.25000
position  3:    T:0.06250    C:0.25000    A:0.31250    G:0.37500
Average         T:0.16667    C:0.12500    A:0.35417    G:0.35417

#38: Yak            
position  1:    T:0.18750    C:0.06250    A:0.31250    G:0.43750
position  2:    T:0.31250    C:0.00000    A:0.43750    G:0.25000
position  3:    T:0.06250    C:0.25000    A:0.31250    G:0.37500
Average         T:0.18750    C:0.10417    A:0.35417    G:0.35417

#39: BlueSheep      
position  1:    T:0.18750    C:0.06250    A:0.31250    G:0.43750
position  2:    T:0.31250    C:0.00000    A:0.43750    G:0.25000
position  3:    T:0.00000    C:0.31250    A:0.31250    G:0.37500
Average         T:0.16667    C:0.12500    A:0.35417    G:0.35417

#40: BohorReedbuck  
position  1:    T:0.18750    C:0.06250    A:0.31250    G:0.43750
position  2:    T:0.31250    C:0.00000    A:0.43750    G:0.25000
position  3:    T:0.00000    C:0.31250    A:0.31250    G:0.37500
Average         T:0.16667    C:0.12500    A:0.35417    G:0.35417

#41: KirksDik       
position  1:    T:0.12500    C:0.12500    A:0.31250    G:0.43750
position  2:    T:0.31250    C:0.00000    A:0.43750    G:0.25000
position  3:    T:0.00000    C:0.31250    A:0.31250    G:0.37500
Average         T:0.14583    C:0.14583    A:0.35417    G:0.35417

#42: RoeDeer        
position  1:    T:0.18750    C:0.06250    A:0.31250    G:0.43750
position  2:    T:0.31250    C:0.00000    A:0.43750    G:0.25000
position  3:    T:0.06250    C:0.25000    A:0.37500    G:0.31250
Average         T:0.18750    C:0.10417    A:0.37500    G:0.33333

#43: WhiteLippedDeer
position  1:    T:0.18750    C:0.06250    A:0.31250    G:0.43750
position  2:    T:0.31250    C:0.00000    A:0.43750    G:0.25000
position  3:    T:0.06250    C:0.25000    A:0.37500    G:0.31250
Average         T:0.18750    C:0.10417    A:0.37500    G:0.33333

#44: ThomsonGazelle 
position  1:    T:0.18750    C:0.06250    A:0.31250    G:0.43750
position  2:    T:0.31250    C:0.00000    A:0.43750    G:0.25000
position  3:    T:0.00000    C:0.31250    A:0.31250    G:0.37500
Average         T:0.16667    C:0.12500    A:0.35417    G:0.35417

#45: MuntiacusCrinifrons
position  1:    T:0.12500    C:0.12500    A:0.31250    G:0.43750
position  2:    T:0.31250    C:0.00000    A:0.43750    G:0.25000
position  3:    T:0.12500    C:0.18750    A:0.37500    G:0.31250
Average         T:0.18750    C:0.10417    A:0.37500    G:0.33333

#46: WhiteTailedDeer
position  1:    T:0.18750    C:0.06250    A:0.31250    G:0.43750
position  2:    T:0.31250    C:0.00000    A:0.43750    G:0.25000
position  3:    T:0.06250    C:0.25000    A:0.37500    G:0.31250
Average         T:0.18750    C:0.10417    A:0.37500    G:0.33333

#47: Cattle         
position  1:    T:0.18750    C:0.06250    A:0.31250    G:0.43750
position  2:    T:0.31250    C:0.00000    A:0.43750    G:0.25000
position  3:    T:0.06250    C:0.25000    A:0.31250    G:0.37500
Average         T:0.18750    C:0.10417    A:0.35417    G:0.35417

#48: RoyalAntelope  
position  1:    T:0.18750    C:0.06250    A:0.31250    G:0.43750
position  2:    T:0.31250    C:0.00000    A:0.43750    G:0.25000
position  3:    T:0.00000    C:0.31250    A:0.31250    G:0.37500
Average         T:0.16667    C:0.12500    A:0.35417    G:0.35417

#49: Steenbok       
position  1:    T:0.18750    C:0.06250    A:0.31250    G:0.43750
position  2:    T:0.31250    C:0.00000    A:0.43750    G:0.25000
position  3:    T:0.00000    C:0.31250    A:0.25000    G:0.43750
Average         T:0.16667    C:0.12500    A:0.33333    G:0.37500

#50: Impala         
position  1:    T:0.12500    C:0.12500    A:0.31250    G:0.43750
position  2:    T:0.31250    C:0.00000    A:0.43750    G:0.25000
position  3:    T:0.06250    C:0.25000    A:0.31250    G:0.37500
Average         T:0.16667    C:0.12500    A:0.35417    G:0.35417

#51: Klipspringer   
position  1:    T:0.12500    C:0.12500    A:0.31250    G:0.43750
position  2:    T:0.31250    C:0.00000    A:0.43750    G:0.25000
