1
52 1
Argali 0.000000 0.140400 0.033000 0.109400 0.023800 0.009200 0.020900 0.028200 0.028200 0.045100 0.006900 0.028100 0.030300 0.025700 0.028300 0.028300 0.052300 0.047400 0.013800 0.032900 0.028000 0.006900 0.038100 0.038100 0.006900 0.035400 0.023200 0.028200 0.033000 0.032800 0.042800 0.023400 0.033300 0.023200 0.025600 0.030400 0.006900 0.023800 0.035500 0.045700 0.038200 0.035200 0.045200 0.045300 0.037600 0.030400 0.030600 0.040800 0.037900 0.028100 0.030500 0.032900
LesserMous 0.140400 0.000000 0.130000 0.112500 0.137600 0.153200 0.140000 0.130200 0.126600 0.144800 0.143400 0.131800 0.141000 0.137900 0.132500 0.130100 0.141000 0.129300 0.140100 0.132100 0.137400 0.137100 0.139300 0.138800 0.143000 0.137700 0.135500 0.126600 0.135400 0.129000 0.143900 0.138500 0.133300 0.131200 0.135700 0.134200 0.137700 0.137700 0.148000 0.150100 0.139600 0.137200 0.146900 0.147100 0.137500 0.134400 0.141100 0.141000 0.141100 0.127300 0.129100 0.132100
LesserKudu 0.033000 0.130000 0.000000 0.109900 0.030800 0.042800 0.030600 0.023800 0.004600 0.045500 0.035400 0.014000 0.042600 0.030800 0.030900 0.028500 0.040400 0.035500 0.028100 0.009300 0.030700 0.030500 0.038400 0.038300 0.035400 0.038000 0.037800 0.004600 0.033300 0.011600 0.043100 0.028400 0.028600 0.037800 0.028300 0.016300 0.030600 0.030700 0.033400 0.048200 0.036000 0.033000 0.045600 0.045600 0.025900 0.035500 0.030800 0.045700 0.043100 0.035700 0.002300 0.009300
KillerWhal 0.109400 0.112500 0.109900 0.000000 0.109900 0.121400 0.112200 0.110800 0.104600 0.123800 0.112300 0.109500 0.118600 0.112900 0.110700 0.110800 0.115700 0.110300 0.109200 0.109800 0.112600 0.106500 0.116500 0.116100 0.112000 0.118300 0.113200 0.104600 0.116200 0.109200 0.121100 0.110500 0.106700 0.104000 0.115200 0.109500 0.106800 0.104700 0.124400 0.119100 0.116700 0.117800 0.124000 0.124100 0.112400 0.107000 0.118500 0.118200 0.121300 0.102000 0.107000 0.109800
DefassaWat 0.023800 0.137600 0.030800 0.109900 0.000000 0.033600 0.021500 0.026000 0.025900 0.042900 0.026200 0.025900 0.036000 0.021100 0.021200 0.026000 0.050100 0.045200 0.023700 0.025900 0.021100 0.021300 0.035900 0.035800 0.026200 0.035500 0.028800 0.025900 0.031500 0.033000 0.040500 0.021200 0.031000 0.028700 0.031000 0.028200 0.021400 0.004600 0.033300 0.045600 0.036000 0.035400 0.043000 0.043100 0.035400 0.028200 0.028400 0.038600 0.035600 0.028300 0.028300 0.025900
Sheep 0.009200 0.153200 0.042800 0.121400 0.033600 0.000000 0.030500 0.038100 0.037900 0.055200 0.016200 0.037800 0.040000 0.035500 0.038100 0.038100 0.062500 0.057500 0.023300 0.042800 0.037800 0.016200 0.048100 0.048100 0.016200 0.045300 0.032800 0.037900 0.042900 0.042700 0.052800 0.033100 0.043200 0.032900 0.035300 0.040200 0.016200 0.033600 0.045500 0.055800 0.048200 0.045100 0.055300 0.055400 0.047500 0.040200 0.040400 0.047700 0.047900 0.037900 0.040300 0.042800
MaxwellsDu 0.020900 0.140000 0.030600 0.112200 0.021500 0.030500 0.000000 0.025900 0.025800 0.045200 0.023300 0.025700 0.032700 0.018700 0.025900 0.025900 0.049900 0.045000 0.020800 0.030600 0.025700 0.018500 0.038200 0.038100 0.023200 0.035400 0.025600 0.025800 0.030700 0.032900 0.042900 0.016400 0.030900 0.025600 0.028000 0.028100 0.018600 0.021500 0.033200 0.047900 0.038300 0.035200 0.045300 0.040500 0.035200 0.028100 0.023500 0.038400 0.035500 0.028200 0.028100 0.030600
GazellaPrz 0.028200 0.130200 0.023800 0.110800 0.026000 0.038100 0.025900 0.000000 0.019000 0.045700 0.030700 0.023700 0.035900 0.026000 0.028600 0.018900 0.040600 0.036000 0.028200 0.023800 0.021200 0.025800 0.038600 0.038600 0.030600 0.028400 0.031000 0.019000 0.023700 0.026100 0.043300 0.023700 0.026900 0.031000 0.025900 0.026100 0.025900 0.026000 0.021800 0.048400 0.038700 0.028300 0.045800 0.045900 0.028400 0.028300 0.016800 0.041200 0.033300 0.031200 0.021300 0.023800
MountainNy 0.028200 0.126600 0.004600 0.104600 0.025900 0.037900 0.025800 0.019000 0.000000 0.040600 0.030600 0.009300 0.037700 0.026000 0.026100 0.023700 0.035500 0.030700 0.028100 0.004600 0.025900 0.025700 0.033500 0.033400 0.030600 0.033200 0.032900 0.000000 0.028400 0.006900 0.038200 0.023600 0.023800 0.033000 0.028300 0.011600 0.025800 0.025900 0.031000 0.043300 0.031100 0.033000 0.040700 0.040700 0.023500 0.030700 0.026000 0.040700 0.038200 0.030900 0.002300 0.004600
MuntiacusM 0.045100 0.144800 0.045500 0.123800 0.042900 0.055200 0.045200 0.045700 0.040600 0.000000 0.047600 0.042800 0.054900 0.043800 0.045700 0.045700 0.060200 0.055200 0.047500 0.045500 0.042900 0.045000 0.011700 0.011700 0.047500 0.048000 0.052600 0.040600 0.050600 0.047800 0.002300 0.041300 0.043400 0.047600 0.050200 0.045200 0.045100 0.045400 0.055800 0.021200 0.011700 0.047800 0.004600 0.018800 0.055300 0.050200 0.050500 0.060500 0.058000 0.036100 0.042900 0.045500
goat 0.006900 0.143400 0.035400 0.112300 0.026200 0.016200 0.023300 0.030700 0.030600 0.047600 0.000000 0.030500 0.032700 0.028200 0.030700 0.030700 0.049900 0.049900 0.016200 0.035400 0.030500 0.004600 0.040600 0.040600 0.000000 0.040200 0.025600 0.030600 0.035500 0.035300 0.045300 0.025800 0.035700 0.025600 0.028000 0.032800 0.009200 0.026300 0.038000 0.048200 0.040700 0.040100 0.047700 0.047800 0.037700 0.032800 0.033000 0.038300 0.035500 0.030600 0.032900 0.035400
AfricanBuf 0.028100 0.131800 0.014000 0.109500 0.025900 0.037800 0.025700 0.023700 0.009300 0.042800 0.030500 0.000000 0.040000 0.021100 0.028400 0.028400 0.040200 0.035400 0.028000 0.014000 0.028200 0.025600 0.035800 0.035700 0.030500 0.038000 0.032800 0.009300 0.033200 0.016300 0.040500 0.018800 0.023700 0.032900 0.030500 0.006900 0.025700 0.025800 0.030900 0.045500 0.035900 0.037800 0.042900 0.043000 0.023400 0.030600 0.025900 0.040600 0.038100 0.030700 0.011600 0.014000
Topi 0.030300 0.141000 0.042600 0.118600 0.036000 0.040000 0.032700 0.035900 0.037700 0.054900 0.032700 0.040000 0.000000 0.036300 0.040300 0.037900 0.055300 0.042500 0.030200 0.042600 0.035200 0.027800 0.047900 0.047800 0.032600 0.047400 0.006900 0.037700 0.042700 0.044800 0.052500 0.033700 0.043200 0.015700 0.027900 0.042300 0.027900 0.036100 0.042700 0.055500 0.048000 0.047200 0.055000 0.055100 0.047600 0.037500 0.037700 0.053300 0.045100 0.037700 0.040100 0.042600
CommonDuik 0.025700 0.137900 0.030800 0.112900 0.021100 0.035500 0.018700 0.026000 0.026000 0.043800 0.028200 0.021100 0.036300 0.000000 0.026100 0.026100 0.050200 0.042700 0.023300 0.030700 0.021600 0.023300 0.036500 0.036600 0.028100 0.035600 0.030500 0.026000 0.030800 0.033000 0.041300 0.007000 0.031100 0.030500 0.031200 0.023400 0.023400 0.021100 0.033400 0.046400 0.036600 0.035400 0.043800 0.044000 0.030600 0.025800 0.026000 0.036100 0.036300 0.028400 0.028300 0.030700
Suni 0.028300 0.132500 0.030900 0.110700 0.021200 0.038100 0.025900 0.028600 0.026100 0.045700 0.030700 0.028400 0.040300 0.026100 0.000000 0.028600 0.052900 0.047900 0.028200 0.030900 0.026000 0.025800 0.038600 0.038600 0.030700 0.038200 0.033100 0.026100 0.033400 0.033200 0.043300 0.023700 0.033700 0.033100 0.035600 0.030800 0.025900 0.026000 0.036000 0.048400 0.033700 0.038000 0.045800 0.045900 0.038100 0.030800 0.031000 0.031500 0.038600 0.026100 0.028500 0.030900
Springbuck 0.028300 0.130100 0.028500 0.110800 0.026000 0.038100 0.025900 0.018900 0.023700 0.045700 0.030700 0.028400 0.037900 0.026100 0.028600 0.000000 0.045500 0.040600 0.028300 0.028500 0.011700 0.025800 0.038600 0.038600 0.030700 0.014100 0.033100 0.023700 0.004700 0.030800 0.043300 0.023700 0.031600 0.033100 0.031100 0.030800 0.025900 0.026000 0.031100 0.048400 0.038700 0.014000 0.045800 0.045900 0.033200 0.030800 0.021300 0.041200 0.035800 0.030900 0.026000 0.028500
Okapi 0.052300 0.141000 0.040400 0.115700 0.050100 0.062500 0.049900 0.040600 0.035500 0.060200 0.049900 0.040200 0.055300 0.050200 0.052900 0.045500 0.000000 0.014400 0.052200 0.040300 0.047600 0.049700 0.053100 0.053000 0.049800 0.052700 0.055300 0.035500 0.050400 0.042600 0.057800 0.047900 0.040900 0.054100 0.047600 0.042600 0.049800 0.045200 0.054000 0.058000 0.053200 0.052500 0.060300 0.060400 0.042700 0.050000 0.048700 0.060900 0.055300 0.051300 0.037800 0.040300
Giraffe 0.047400 0.129300 0.035500 0.110300 0.045200 0.057500 0.045000 0.036000 0.030700 0.055200 0.049900 0.035400 0.042500 0.042700 0.047900 0.040600 0.014400 0.000000 0.047300 0.035500 0.042700 0.044800 0.048100 0.048000 0.049800 0.047700 0.042500 0.030700 0.045400 0.037800 0.052800 0.042900 0.036000 0.041300 0.042700 0.037700 0.045000 0.040300 0.043100 0.052900 0.048200 0.047500 0.055300 0.055300 0.040600 0.045100 0.038000 0.061000 0.055300 0.040400 0.033000 0.035500
TibetanAnt 0.013800 0.140100 0.028100 0.109200 0.023700 0.023300 0.020800 0.028200 0.028100 0.047500 0.016200 0.028000 0.030200 0.023300 0.028200 0.028300 0.052200 0.047300 0.000000 0.032900 0.028000 0.011500 0.040500 0.040400 0.016100 0.037700 0.023200 0.028100 0.033100 0.032800 0.045100 0.021000 0.033200 0.023200 0.025500 0.030300 0.011500 0.023700 0.033100 0.048000 0.040600 0.032700 0.047600 0.047700 0.035100 0.025600 0.025700 0.035700 0.038400 0.030500 0.030400 0.032900
Sitatunga 0.032900 0.132100 0.009300 0.109800 0.025900 0.042800 0.030600 0.023800 0.004600 0.045500 0.035400 0.014000 0.042600 0.030700 0.030900 0.028500 0.040300 0.035500 0.032900 0.000000 0.030700 0.030500 0.038400 0.038600 0.035300 0.038000 0.037700 0.004600 0.033300 0.011600 0.043100 0.028400 0.028600 0.037800 0.033000 0.016300 0.030600 0.025900 0.035800 0.048200 0.036000 0.037900 0.045600 0.045600 0.028300 0.035500 0.030800 0.043200 0.043000 0.035700 0.006900 0.000000
Oribi 0.028000 0.137400 0.030700 0.112600 0.021100 0.037800 0.025700 0.021200 0.025900 0.042900 0.030500 0.028200 0.035200 0.021600 0.026000 0.011700 0.047600 0.042700 0.028000 0.030700 0.000000 0.025600 0.035900 0.035800 0.030400 0.021100 0.032800 0.025900 0.016400 0.033000 0.040500 0.021600 0.031700 0.032900 0.028500 0.030500 0.025700 0.021100 0.030800 0.045600 0.035900 0.021000 0.043000 0.043000 0.035400 0.030500 0.021100 0.041000 0.035500 0.030700 0.028200 0.030700
BarbaryShe 0.006900 0.137100 0.030500 0.106500 0.021300 0.016200 0.018500 0.025800 0.025700 0.045000 0.004600 0.025600 0.027800 0.023300 0.025800 0.025800 0.049700 0.044800 0.011500 0.030500 0.025600 0.000000 0.038000 0.038000 0.004600 0.035300 0.020800 0.025700 0.030500 0.030400 0.042700 0.021000 0.030800 0.020800 0.023200 0.027900 0.004600 0.021400 0.033000 0.045500 0.038100 0.035100 0.045100 0.045200 0.035100 0.027900 0.028100 0.038200 0.035300 0.028100 0.028000 0.030500
Daviddeer 0.038100 0.139300 0.038400 0.116500 0.035900 0.048100 0.038200 0.038600 0.033500 0.011700 0.040600 0.035800 0.047900 0.036500 0.038600 0.038600 0.053100 0.048100 0.040500 0.038400 0.035900 0.038000 0.000000 0.004700 0.040500 0.040900 0.045500 0.033500 0.043500 0.040700 0.009400 0.034100 0.036200 0.040600 0.043100 0.038200 0.038100 0.038300 0.048600 0.014200 0.004700 0.040800 0.011800 0.011800 0.048200 0.043200 0.043400 0.053400 0.051300 0.033400 0.035900 0.038400
Reindeer 0.038100 0.138800 0.038300 0.116100 0.035800 0.048100 0.038100 0.038600 0.033400 0.011700 0.040600 0.035700 0.047800 0.036600 0.038600 0.038600 0.053000 0.048000 0.040400 0.038600 0.035800 0.038000 0.004700 0.000000 0.040500 0.040900 0.045500 0.033400 0.043500 0.040600 0.009400 0.034100 0.036100 0.040500 0.043100 0.038100 0.038100 0.038300 0.043600 0.014100 0.004700 0.040700 0.007000 0.007000 0.048100 0.043100 0.043300 0.053600 0.050900 0.033300 0.035800 0.038600
Ibex 0.006900 0.143000 0.035400 0.112000 0.026200 0.016200 0.023200 0.030600 0.030600 0.047500 0.000000 0.030500 0.032600 0.028100 0.030700 0.030700 0.049800 0.049800 0.016100 0.035300 0.030400 0.004600 0.040500 0.040500 0.000000 0.040200 0.025600 0.030600 0.035400 0.035200 0.045200 0.025800 0.035700 0.025600 0.028000 0.032800 0.009200 0.026300 0.038000 0.048100 0.040600 0.040000 0.047600 0.047700 0.037600 0.032800 0.033000 0.038000 0.035400 0.030500 0.032900 0.035300
GyrantGaze 0.035400 0.137700 0.038000 0.118300 0.035500 0.045300 0.035400 0.028400 0.033200 0.048000 0.040200 0.038000 0.047400 0.035600 0.038200 0.014100 0.052700 0.047700 0.037700 0.038000 0.021100 0.035300 0.040900 0.040900 0.040200 0.000000 0.042600 0.033200 0.018800 0.040300 0.045600 0.033300 0.039300 0.040200 0.040800 0.040300 0.035400 0.035500 0.040700 0.050700 0.041000 0.009300 0.048100 0.048200 0.042800 0.040300 0.030800 0.051200 0.045400 0.038000 0.035500 0.038000
Hartebeest 0.023200 0.135500 0.037800 0.113200 0.028800 0.032800 0.025600 0.031000 0.032900 0.052600 0.025600 0.032800 0.006900 0.030500 0.033100 0.033100 0.055300 0.042500 0.023200 0.037700 0.032800 0.020800 0.045500 0.045500 0.025600 0.042600 0.000000 0.032900 0.037800 0.040000 0.050200 0.028200 0.038100 0.008400 0.025600 0.035200 0.020900 0.028900 0.035500 0.053200 0.045600 0.042400 0.052700 0.052700 0.042800 0.030400 0.030600 0.045900 0.037900 0.030500 0.035300 0.037700
Bongo 0.028200 0.126600 0.004600 0.104600 0.025900 0.037900 0.025800 0.019000 0.000000 0.040600 0.030600 0.009300 0.037700 0.026000 0.026100 0.023700 0.035500 0.030700 0.028100 0.004600 0.025900 0.025700 0.033500 0.033400 0.030600 0.033200 0.032900 0.000000 0.028400 0.006900 0.038200 0.023600 0.023800 0.033000 0.028300 0.011600 0.025800 0.025900 0.031000 0.043300 0.031100 0.033000 0.040700 0.040700 0.023500 0.030700 0.026000 0.040700 0.038200 0.030900 0.002300 0.004600
Gerenuk 0.033000 0.135400 0.033300 0.116200 0.031500 0.042900 0.030700 0.023700 0.028400 0.050600 0.035500 0.033200 0.042700 0.030800 0.033400 0.004700 0.050400 0.045400 0.033100 0.033300 0.016400 0.030500 0.043500 0.043500 0.035400 0.018800 0.037800 0.028400 0.000000 0.035600 0.048200 0.028500 0.036900 0.037900 0.035900 0.035600 0.030600 0.030800 0.035900 0.053400 0.043600 0.018700 0.050700 0.050800 0.038000 0.035600 0.026000 0.046200 0.040600 0.035700 0.030800 0.033300
CommonElan 0.032800 0.129000 0.011600 0.109200 0.033000 0.042700 0.032900 0.026100 0.006900 0.047800 0.035300 0.016300 0.044800 0.033000 0.033200 0.030800 0.042600 0.037800 0.032800 0.011600 0.033000 0.030400 0.040700 0.040600 0.035200 0.040300 0.040000 0.006900 0.035600 0.000000 0.045400 0.030700 0.030900 0.040100 0.035300 0.018600 0.030500 0.033000 0.038100 0.050500 0.038300 0.040100 0.047900 0.043000 0.030600 0.037800 0.033100 0.047900 0.045400 0.038000 0.009200 0.011600
MuntiacusR 0.042800 0.143900 0.043100 0.121100 0.040500 0.052800 0.042900 0.043300 0.038200 0.002300 0.045300 0.040500 0.052500 0.041300 0.043300 0.043300 0.057800 0.052800 0.045100 0.043100 0.040500 0.042700 0.009400 0.009400 0.045200 0.045600 0.050200 0.038200 0.048200 0.045400 0.000000 0.038900 0.041000 0.045300 0.047800 0.042800 0.042800 0.043000 0.053400 0.018800 0.009400 0.045400 0.002300 0.016400 0.052900 0.047800 0.048100 0.058100 0.055600 0.038600 0.040600 0.043100
HarveysDui 0.023400 0.138500 0.028400 0.110500 0.021200 0.033100 0.016400 0.023700 0.023600 0.041300 0.025800 0.018800 0.033700 0.007000 0.023700 0.023700 0.047900 0.042900 0.021000 0.028400 0.021600 0.021000 0.034100 0.034100 0.025800 0.033300 0.028200 0.023600 0.028500 0.030700 0.038900 0.000000 0.028700 0.028200 0.028700 0.021100 0.021100 0.021200 0.031000 0.043900 0.034100 0.033100 0.041400 0.041500 0.028300 0.023500 0.023600 0.033700 0.033900 0.026000 0.025900 0.028400
Pronghorn 0.033300 0.133300 0.028600 0.106700 0.031000 0.043200 0.030900 0.026900 0.023800 0.043400 0.035700 0.023700 0.043200 0.031100 0.033700 0.031600 0.040900 0.036000 0.033200 0.028600 0.031700 0.030800 0.036200 0.036100 0.035700 0.039300 0.038100 0.023800 0.036900 0.030900 0.041000 0.028700 0.000000 0.033200 0.035700 0.026100 0.030900 0.031000 0.032100 0.046000 0.036300 0.039200 0.043400 0.043500 0.038300 0.035800 0.029500 0.046000 0.041800 0.031100 0.026100 0.028600
BlueWildeb 0.023200 0.131200 0.037800 0.104000 0.028700 0.032900 0.025600 0.031000 0.033000 0.047600 0.025600 0.032900 0.015700 0.030500 0.033100 0.033100 0.054100 0.041300 0.023200 0.037800 0.032900 0.020800 0.040600 0.040500 0.025600 0.040200 0.008400 0.033000 0.037900 0.040100 0.045300 0.028200 0.033200 0.000000 0.025600 0.035200 0.020900 0.028800 0.035600 0.048200 0.040700 0.040000 0.047700 0.047800 0.042800 0.030400 0.030600 0.045900 0.037900 0.025700 0.035300 0.037800
Gemsbok 0.025600 0.135700 0.028300 0.115200 0.031000 0.035300 0.028000 0.025900 0.028300 0.050200 0.028000 0.030500 0.027900 0.031200 0.035600 0.031100 0.047600 0.042700 0.025500 0.033000 0.028500 0.023200 0.043100 0.043100 0.028000 0.040800 0.025600 0.028300 0.035900 0.035300 0.047800 0.028700 0.035700 0.025600 0.000000 0.032900 0.023300 0.031000 0.035600 0.050600 0.043200 0.040600 0.050300 0.050300 0.038100 0.037600 0.030700 0.048000 0.043400 0.037800 0.025900 0.033000
Yak 0.030400 0.134200 0.016300 0.109500 0.028200 0.040200 0.028100 0.026100 0.011600 0.045200 0.032800 0.006900 0.042300 0.023400 0.030800 0.030800 0.042600 0.037700 0.030300 0.016300 0.030500 0.027900 0.038200 0.038100 0.032800 0.040300 0.035200 0.011600 0.035600 0.018600 0.042800 0.021100 0.026100 0.035200 0.032900 0.000000 0.028000 0.028200 0.033300 0.047900 0.038300 0.040100 0.045300 0.045400 0.021000 0.032900 0.028300 0.043000 0.040400 0.033100 0.013900 0.016300
BlueSheep 0.006900 0.137700 0.030600 0.106800 0.021400 0.016200 0.018600 0.025900 0.025800 0.045100 0.009200 0.025700 0.027900 0.023400 0.025900 0.025900 0.049800 0.045000 0.011500 0.030600 0.025700 0.004600 0.038100 0.038100 0.009200 0.035400 0.020900 0.025800 0.030600 0.030500 0.042800 0.021100 0.030900 0.020900 0.023300 0.028000 0.000000 0.021400 0.033100 0.045700 0.038200 0.035200 0.045200 0.045300 0.035200 0.028000 0.028200 0.038300 0.035400 0.028200 0.028100 0.030600
BohorReedb 0.023800 0.137700 0.030700 0.104700 0.004600 0.033600 0.021500 0.026000 0.025900 0.045400 0.026300 0.025800 0.036100 0.021100 0.026000 0.026000 0.045200 0.040300 0.023700 0.025900 0.021100 0.021400 0.038300 0.038300 0.026300 0.035500 0.028900 0.025900 0.030800 0.033000 0.043000 0.021200 0.031000 0.028800 0.031000 0.028200 0.021400 0.000000 0.033300 0.043100 0.038400 0.035400 0.045400 0.045500 0.030600 0.023400 0.028300 0.038600 0.035600 0.028300 0.028300 0.025900
KirksDik 0.035500 0.148000 0.033400 0.124400 0.033300 0.045500 0.033200 0.021800 0.031000 0.055800 0.038000 0.030900 0.042700 0.033400 0.036000 0.031100 0.054000 0.043100 0.033100 0.035800 0.030800 0.033000 0.048600 0.043600 0.038000 0.040700 0.035500 0.031000 0.035900 0.038100 0.053400 0.031000 0.032100 0.035600 0.035600 0.033300 0.033100 0.033300 0.000000 0.058600 0.048700 0.038100 0.050900 0.050900 0.036000 0.038100 0.018900 0.048800 0.043200 0.033400 0.033300 0.035800
RoeDeer 0.045700 0.150100 0.048200 0.119100 0.045600 0.055800 0.047900 0.048400 0.043300 0.021200 0.048200 0.045500 0.055500 0.046400 0.048400 0.048400 0.058000 0.052900 0.048000 0.048200 0.045600 0.045500 0.014200 0.014100 0.048100 0.050700 0.053200 0.043300 0.053400 0.050500 0.018800 0.043900 0.046000 0.048200 0.050600 0.047900 0.045700 0.043100 0.058600 0.000000 0.014200 0.050500 0.021200 0.021200 0.053100 0.043000 0.053300 0.063300 0.060800 0.043000 0.045600 0.048200
WhiteLippe 0.038200 0.139600 0.036000 0.116700 0.036000 0.048200 0.038300 0.038700 0.031100 0.011700 0.040700 0.035900 0.048000 0.036600 0.033700 0.038700 0.053200 0.048200 0.040600 0.036000 0.035900 0.038100 0.004700 0.004700 0.040600 0.041000 0.045600 0.031100 0.043600 0.038300 0.009400 0.034100 0.036300 0.040700 0.043200 0.038300 0.038200 0.038400 0.048700 0.014200 0.000000 0.040800 0.011800 0.011800 0.048300 0.043200 0.043500 0.053500 0.051400 0.033400 0.033500 0.036000
ThomsonGaz 0.035200 0.137200 0.033000 0.117800 0.035400 0.045100 0.035200 0.028300 0.033000 0.047800 0.040100 0.037800 0.047200 0.035400 0.038000 0.014000 0.052500 0.047500 0.032700 0.037900 0.021000 0.035100 0.040800 0.040700 0.040000 0.009300 0.042400 0.033000 0.018700 0.040100 0.045400 0.033100 0.039200 0.040000 0.040600 0.040100 0.035200 0.035400 0.038100 0.050500 0.040800 0.000000 0.047900 0.048000 0.040200 0.040100 0.030600 0.051000 0.045200 0.037900 0.035400 0.037900
MuntiacusC 0.045200 0.146900 0.045600 0.124000 0.043000 0.055300 0.045300 0.045800 0.040700 0.004600 0.047700 0.042900 0.055000 0.043800 0.045800 0.045800 0.060300 0.055300 0.047600 0.045600 0.043000 0.045100 0.011800 0.007000 0.047600 0.048100 0.052700 0.040700 0.050700 0.047900 0.002300 0.041400 0.043400 0.047700 0.050300 0.045300 0.045200 0.045400 0.050900 0.021200 0.011800 0.047900 0.000000 0.014100 0.055400 0.050300 0.050600 0.060600 0.058100 0.041100 0.043000 0.045600
WhiteTaile 0.045300 0.147100 0.045600 0.124100 0.043100 0.055400 0.040500 0.045900 0.040700 0.018800 0.047800 0.043000 0.055100 0.044000 0.045900 0.045900 0.060400 0.055300 0.047700 0.045600 0.043000 0.045200 0.011800 0.007000 0.047700 0.048200 0.052700 0.040700 0.050800 0.043000 0.016400 0.041500 0.043500 0.047800 0.050300 0.045400 0.045300 0.045500 0.050900 0.021200 0.011800 0.048000 0.014100 0.000000 0.055400 0.050400 0.045700 0.060700 0.058200 0.040500 0.043100 0.045600
Cattle 0.037600 0.137500 0.025900 0.112400 0.035400 0.047500 0.035200 0.028400 0.023500 0.055300 0.037700 0.023400 0.047600 0.030600 0.038100 0.033200 0.042700 0.040600 0.035100 0.028300 0.035400 0.035100 0.048200 0.048100 0.037600 0.042800 0.042800 0.023500 0.038000 0.030600 0.052900 0.028300 0.038300 0.042800 0.038100 0.021000 0.035200 0.030600 0.036000 0.053100 0.048300 0.040200 0.055400 0.055400 0.000000 0.035300 0.035900 0.047900 0.045600 0.040700 0.025800 0.028300
RoyalAntel 0.030400 0.134400 0.035500 0.107000 0.028200 0.040200 0.028100 0.028300 0.030700 0.050200 0.032800 0.030600 0.037500 0.025800 0.030800 0.030800 0.050000 0.045100 0.025600 0.035500 0.030500 0.027900 0.043200 0.043100 0.032800 0.040300 0.030400 0.030700 0.035600 0.037800 0.047800 0.023500 0.035800 0.030400 0.037600 0.032900 0.028000 0.023400 0.038100 0.043000 0.043200 0.040100 0.050300 0.050400 0.035300 0.000000 0.028300 0.039000 0.029200 0.033100 0.033000 0.035500
Steenbok 0.030600 0.141100 0.030800 0.118500 0.028400 0.040400 0.023500 0.016800 0.026000 0.050500 0.033000 0.025900 0.037700 0.026000 0.031000 0.021300 0.048700 0.038000 0.025700 0.030800 0.021100 0.028100 0.043400 0.043300 0.033000 0.030800 0.030600 0.026000 0.026000 0.033100 0.048100 0.023600 0.029500 0.030600 0.030700 0.028300 0.028200 0.028300 0.018900 0.053300 0.043500 0.030600 0.050600 0.045700 0.035900 0.028300 0.000000 0.038300 0.038800 0.028400 0.028300 0.030800
Impala 0.040800 0.141000 0.045700 0.118200 0.038600 0.047700 0.038400 0.041200 0.040700 0.060500 0.038300 0.040600 0.053300 0.036100 0.031500 0.041200 0.060900 0.061000 0.035700 0.043200 0.041000 0.038200 0.053400 0.053600 0.038000 0.051200 0.045900 0.040700 0.046200 0.047900 0.058100 0.033700 0.046000 0.045900 0.048000 0.043000 0.038300 0.038600 0.048800 0.063300 0.053500 0.051000 0.060600 0.060700 0.047900 0.039000 0.038300 0.000000 0.047300 0.038600 0.043100 0.043200
Klipspring 0.037900 0.141100 0.043100 0.121300 0.035600 0.047900 0.035500 0.033300 0.038200 0.058000 0.035500 0.038100 0.045100 0.036300 0.038600 0.035800 0.055300 0.055300 0.038400 0.043000 0.035500 0.035300 0.051300 0.050900 0.035400 0.045400 0.037900 0.038200 0.040600 0.045400 0.055600 0.033900 0.041800 0.037900 0.043400 0.040400 0.035400 0.035600 0.043200 0.060800 0.051400 0.045200 0.058100 0.058200 0.045600 0.029200 0.038800 0.047300 0.000000 0.040600 0.040500 0.043000
ForestMusk 0.028100 0.127300 0.035700 0.102000 0.028300 0.037900 0.028200 0.031200 0.030900 0.036100 0.030600 0.030700 0.037700 0.028400 0.026100 0.030900 0.051300 0.040400 0.030500 0.035700 0.030700 0.028100 0.033400 0.033300 0.030500 0.038000 0.030500 0.030900 0.035700 0.038000 0.038600 0.026000 0.031100 0.025700 0.037800 0.033100 0.028200 0.028300 0.033400 0.043000 0.033400 0.037900 0.041100 0.040500 0.040700 0.033100 0.028400 0.038600 0.040600 0.000000 0.033200 0.035700
Bushbuck 0.030500 0.129100 0.002300 0.107000 0.028300 0.040300 0.028100 0.021300 0.002300 0.042900 0.032900 0.011600 0.040100 0.028300 0.028500 0.026000 0.037800 0.033000 0.030400 0.006900 0.028200 0.028000 0.035900 0.035800 0.032900 0.035500 0.035300 0.002300 0.030800 0.009200 0.040600 0.025900 0.026100 0.035300 0.025900 0.013900 0.028100 0.028300 0.033300 0.045600 0.033500 0.035400 0.043000 0.043100 0.025800 0.033000 0.028300 0.043100 0.040500 0.033200 0.000000 0.006900
GreaterKud 0.032900 0.132100 0.009300 0.109800 0.025900 0.042800 0.030600 0.023800 0.004600 0.045500 0.035400 0.014000 0.042600 0.030700 0.030900 0.028500 0.040300 0.035500 0.032900 0.000000 0.030700 0.030500 0.038400 0.038600 0.035300 0.038000 0.037700 0.004600 0.033300 0.011600 0.043100 0.028400 0.028600 0.037800 0.033000 0.016300 0.030600 0.025900 0.035800 0.048200 0.036000 0.037900 0.045600 0.045600 0.028300 0.035500 0.030800 0.043200 0.043000 0.035700 0.006900 0.000000
