CODONML (in paml version 4.10.7, June 2023)  /home/rachel/ruminants_paml/6406-phy-tree/ENSBTAT00000007680.fasta.phy
Model: free dN/dS Ratios for branches,  kappa = 2.000 fixed

Codon frequency model: F3x4
ns =  54  ls =  93

Codon usage in sequences
--------------------------------------------------------------------------------------------------------------------------------------
Phe TTT   4   3   4   3   4   4 | Ser TCT   2   2   2   2   2   2 | Tyr TAT   1   1   1   1   2   2 | Cys TGT   1   1   1   1   1   1
    TTC   1   2   1   2   1   1 |     TCC   1   1   1   1   1   1 |     TAC   2   2   2   2   1   1 |     TGC   0   0   0   0   0   0
Leu TTA   0   0   0   0   0   0 |     TCA   0   0   0   0   0   0 | *** TAA   0   0   0   0   0   0 | *** TGA   0   0   0   0   0   0
    TTG   0   0   0   0   1   0 |     TCG   0   0   0   0   0   0 |     TAG   0   0   0   0   0   0 | Trp TGG   0   0   0   0   0   0
--------------------------------------------------------------------------------------------------------------------------------------
Leu CTT   3   3   3   3   3   3 | Pro CCT   1   1   1   1   1   1 | His CAT   0   0   0   0   0   0 | Arg CGT   0   0   0   0   0   0
    CTC   2   2   2   2   1   1 |     CCC   0   0   0   0   0   0 |     CAC   1   1   1   1   1   1 |     CGC   0   0   0   0   0   0
    CTA   1   1   1   1   1   1 |     CCA   3   3   3   3   1   2 | Gln CAA   0   0   0   0   0   0 |     CGA   2   2   2   2   1   2
    CTG   1   1   1   1   1   2 |     CCG   0   0   0   0   2   1 |     CAG   5   5   5   5   5   5 |     CGG   0   0   0   0   1   0
--------------------------------------------------------------------------------------------------------------------------------------
Ile ATT   2   2   2   2   2   2 | Thr ACT   2   2   2   2   2   2 | Asn AAT   3   3   3   3   3   3 | Ser AGT   1   2   1   1   3   3
    ATC   2   2   2   2   2   2 |     ACC   2   1   1   1   1   1 |     AAC   1   1   1   1   1   1 |     AGC   3   2   3   3   1   1
    ATA   1   1   1   1   1   1 |     ACA   2   3   1   3   3   3 | Lys AAA   5   4   5   5   5   4 | Arg AGA   0   0   0   0   0   1
Met ATG   1   1   1   1   1   1 |     ACG   0   0   2   0   0   0 |     AAG   7   8   7   7   7   7 |     AGG   2   2   2   2   2   2
--------------------------------------------------------------------------------------------------------------------------------------
Val GTT   0   0   0   0   0   0 | Ala GCT   2   2   2   2   1   2 | Asp GAT   2   2   2   2   1   2 | Gly GGT   1   1   1   1   1   1
    GTC   1   0   0   0   0   0 |     GCC   0   0   0   0   1   0 |     GAC   1   1   1   1   2   1 |     GGC   0   0   0   0   0   0
    GTA   0   1   1   1   1   1 |     GCA   4   4   5   5   3   5 | Glu GAA   8   7   8   8   9   8 |     GGA   0   0   0   0   0   0
    GTG   2   2   2   2   2   2 |     GCG   1   1   0   0   2   0 |     GAG   4   5   4   4   3   4 |     GGG   2   2   2   2   2   2
--------------------------------------------------------------------------------------------------------------------------------------

--------------------------------------------------------------------------------------------------------------------------------------
Phe TTT   4   4   4   4   4   4 | Ser TCT   2   2   2   2   2   2 | Tyr TAT   0   1   1   1   1   1 | Cys TGT   1   1   1   1   1   1
    TTC   1   1   1   1   1   1 |     TCC   1   1   1   1   1   1 |     TAC   3   2   2   2   2   2 |     TGC   0   0   0   0   0   0
Leu TTA   0   0   0   0   0   0 |     TCA   0   0   0   0   0   0 | *** TAA   0   0   0   0   0   0 | *** TGA   0   0   0   0   0   0
    TTG   0   0   0   0   0   0 |     TCG   0   0   0   0   0   0 |     TAG   0   0   0   0   0   0 | Trp TGG   0   0   0   0   0   0
--------------------------------------------------------------------------------------------------------------------------------------
Leu CTT   3   3   3   3   3   3 | Pro CCT   0   1   1   1   1   1 | His CAT   0   0   0   0   0   0 | Arg CGT   0   0   0   0   0   0
    CTC   2   2   2   2   2   2 |     CCC   0   0   0   0   0   0 |     CAC   1   1   1   1   1   1 |     CGC   0   0   0   0   0   0
    CTA   1   1   1   1   1   1 |     CCA   3   3   3   3   3   3 | Gln CAA   0   0   0   0   0   0 |     CGA   1   2   2   2   2   2
    CTG   1   1   1   1   1   1 |     CCG   1   0   0   0   0   0 |     CAG   5   5   5   5   5   5 |     CGG   1   0   0   0   0   0
--------------------------------------------------------------------------------------------------------------------------------------
Ile ATT   2   2   2   2   2   2 | Thr ACT   2   2   2   2   2   2 | Asn AAT   3   3   3   3   3   3 | Ser AGT   1   1   1   2   2   2
    ATC   2   2   2   2   2   2 |     ACC   1   2   1   1   1   1 |     AAC   1   1   1   1   1   1 |     AGC   3   3   3   2   2   2
    ATA   1   1   1   1   1   1 |     ACA   3   2   3   3   1   2 | Lys AAA   5   5   5   5   5   5 | Arg AGA   0   0   0   0   0   0
Met ATG   1   1   1   1   1   1 |     ACG   0   0   0   0   2   1 |     AAG   7   7   7   7   7   7 |     AGG   2   2   2   2   2   2
--------------------------------------------------------------------------------------------------------------------------------------
Val GTT   0   0   0   0   0   0 | Ala GCT   2   2   2   2   2   2 | Asp GAT   2   2   2   2   2   2 | Gly GGT   1   1   1   1   1   1
    GTC   1   1   1   1   0   0 |     GCC   0   0   0   0   0   0 |     GAC   1   1   1   1   1   1 |     GGC   0   0   0   0   0   0
    GTA   0   0   0   0   1   1 |     GCA   3   4   3   4   5   5 | Glu GAA   8   8   8   8   8   8 |     GGA   0   0   0   0   0   0
    GTG   2   2   2   2   2   2 |     GCG   2   1   2   1   0   0 |     GAG   4   4   4   4   4   4 |     GGG   2   2   2   2   2   2
--------------------------------------------------------------------------------------------------------------------------------------

--------------------------------------------------------------------------------------------------------------------------------------
Phe TTT   4   4   4   4   2   4 | Ser TCT   2   2   2   2   2   2 | Tyr TAT   1   1   1   1   0   1 | Cys TGT   1   1   1   1   1   1
    TTC   1   1   1   1   3   1 |     TCC   1   1   1   1   1   1 |     TAC   2   2   2   2   3   2 |     TGC   0   0   0   0   0   0
Leu TTA   0   0   0   0   0   0 |     TCA   0   0   0   0   0   0 | *** TAA   0   0   0   0   0   0 | *** TGA   0   0   0   0   0   0
    TTG   0   0   0   0   0   0 |     TCG   0   0   0   0   0   0 |     TAG   0   0   0   0   0   0 | Trp TGG   0   0   0   0   0   0
--------------------------------------------------------------------------------------------------------------------------------------
Leu CTT   3   3   3   3   3   3 | Pro CCT   1   1   1   1   1   1 | His CAT   0   0   0   0   0   0 | Arg CGT   0   0   0   0   0   0
    CTC   2   2   2   2   2   2 |     CCC   0   0   0   0   0   0 |     CAC   1   1   1   1   1   1 |     CGC   0   0   0   0   0   0
    CTA   1   1   1   1   1   1 |     CCA   3   3   3   3   3   3 | Gln CAA   0   0   0   0   0   0 |     CGA   2   2   2   2   1   2
    CTG   1   1   1   1   1   1 |     CCG   0   0   0   0   0   0 |     CAG   5   5   5   5   5   5 |     CGG   0   0   0   0   1   0
--------------------------------------------------------------------------------------------------------------------------------------
Ile ATT   2   2   2   2   1   2 | Thr ACT   2   2   2   2   2   2 | Asn AAT   3   3   3   3   2   3 | Ser AGT   1   1   2   1   1   2
    ATC   2   2   2   2   3   2 |     ACC   2   1   2   1   1   1 |     AAC   1   1   1   1   2   1 |     AGC   3   3   2   3   3   2
    ATA   1   2   1   1   1   1 |     ACA   2   2   2   3   2   3 | Lys AAA   5   5   5   5   5   5 | Arg AGA   0   0   0   0   0   0
Met ATG   1   0   1   1   0   1 |     ACG   0   1   0   0   1   0 |     AAG   7   7   7   7   7   7 |     AGG   2   2   2   2   2   2
--------------------------------------------------------------------------------------------------------------------------------------
Val GTT   0   0   0   0   0   0 | Ala GCT   2   2   2   2   2   2 | Asp GAT   2   2   2   2   2   2 | Gly GGT   1   1   1   1   1   1
    GTC   1   0   1   1   1   1 |     GCC   0   0   0   0   0   0 |     GAC   1   1   1   1   1   1 |     GGC   0   0   0   0   0   0
    GTA   0   1   0   0   0   0 |     GCA   4   5   4   4   4   4 | Glu GAA   8   8   8   8   8   8 |     GGA   0   0   0   0   0   0
    GTG   2   2   2   2   3   2 |     GCG   1   0   1   1   1   1 |     GAG   4   4   4   4   4   4 |     GGG   2   2   2   2   2   2
--------------------------------------------------------------------------------------------------------------------------------------

--------------------------------------------------------------------------------------------------------------------------------------
Phe TTT   4   4   4   4   4   4 | Ser TCT   2   2   2   2   2   2 | Tyr TAT   1   1   1   1   1   1 | Cys TGT   1   1   1   1   1   1
    TTC   1   1   1   1   1   1 |     TCC   1   1   1   1   1   1 |     TAC   2   2   2   2   2   2 |     TGC   0   0   0   0   0   0
Leu TTA   0   0   0   0   0   0 |     TCA   0   0   0   0   0   0 | *** TAA   0   0   0   0   0   0 | *** TGA   0   0   0   0   0   0
    TTG   0   0   0   0   0   0 |     TCG   0   0   0   0   0   0 |     TAG   0   0   0   0   0   0 | Trp TGG   0   0   0   0   0   0
--------------------------------------------------------------------------------------------------------------------------------------
Leu CTT   3   3   3   3   3   3 | Pro CCT   1   1   1   1   1   1 | His CAT   0   0   0   0   0   0 | Arg CGT   0   0   0   0   0   0
    CTC   2   2   2   2   2   2 |     CCC   0   0   0   0   0   0 |     CAC   1   1   1   1   1   1 |     CGC   0   0   0   0   0   0
    CTA   0   1   1   1   1   1 |     CCA   3   3   3   3   3   3 | Gln CAA   0   0   0   0   0   0 |     CGA   2   2   2   2   2   2
    CTG   2   1   1   1   1   1 |     CCG   0   0   0   0   0   0 |     CAG   5   5   5   5   5   5 |     CGG   0   0   0   0   0   0
--------------------------------------------------------------------------------------------------------------------------------------
Ile ATT   2   2   2   2   2   2 | Thr ACT   2   2   2   2   2   2 | Asn AAT   3   3   3   3   3   3 | Ser AGT   2   2   1   1   2   1
    ATC   2   2   2   2   2   2 |     ACC   1   2   2   1   1   2 |     AAC   1   1   1   1   1   1 |     AGC   2   2   3   3   2   3
    ATA   1   1   1   1   1   1 |     ACA   2   2   2   2   3   2 | Lys AAA   5   5   5   5   5   5 | Arg AGA   0   0   0   0   0   0
Met ATG   1   1   1   1   1   1 |     ACG   1   0   0   1   0   0 |     AAG   7   7   7   7   7   7 |     AGG   2   2   2   2   2   2
--------------------------------------------------------------------------------------------------------------------------------------
Val GTT   0   0   0   0   0   0 | Ala GCT   2   2   2   2   2   2 | Asp GAT   2   2   2   2   2   2 | Gly GGT   1   1   1   1   1   0
    GTC   0   0   1   0   1   1 |     GCC   0   0   0   0   0   0 |     GAC   1   1   1   1   1   1 |     GGC   0   0   0   0   0   1
    GTA   0   0   0   1   0   0 |     GCA   5   5   4   5   4   4 | Glu GAA   8   8   8   8   8   7 |     GGA   0   0   0   0   0   0
    GTG   3   3   2   2   2   2 |     GCG   0   0   1   0   1   1 |     GAG   4   4   4   4   4   5 |     GGG   2   2   2   2   2   2
--------------------------------------------------------------------------------------------------------------------------------------

--------------------------------------------------------------------------------------------------------------------------------------
Phe TTT   4   4   4   4   4   4 | Ser TCT   2   2   2   2   2   2 | Tyr TAT   1   1   1   1   1   1 | Cys TGT   1   1   1   1   1   1
    TTC   1   1   1   1   1   1 |     TCC   1   1   1   1   1   1 |     TAC   2   2   2   2   2   2 |     TGC   0   0   0   0   0   0
Leu TTA   0   0   0   0   0   0 |     TCA   0   0   0   0   0   0 | *** TAA   0   0   0   0   0   0 | *** TGA   0   0   0   0   0   0
    TTG   0   0   0   0   0   0 |     TCG   0   0   0   0   0   0 |     TAG   0   0   0   0   0   0 | Trp TGG   0   0   0   0   0   0
--------------------------------------------------------------------------------------------------------------------------------------
Leu CTT   3   2   3   3   3   3 | Pro CCT   1   1   1   1   1   1 | His CAT   0   0   0   0   0   0 | Arg CGT   0   0   0   0   0   0
    CTC   2   3   2   2   2   2 |     CCC   0   0   0   0   0   0 |     CAC   1   1   1   1   1   1 |     CGC   0   0   0   0   0   0
    CTA   1   1   1   1   1   1 |     CCA   3   3   3   3   3   3 | Gln CAA   0   0   0   0   0   0 |     CGA   2   2   2   2   2   2
    CTG   1   1   1   1   1   1 |     CCG   0   0   0   0   0   0 |     CAG   5   5   5   5   5   5 |     CGG   0   0   0   0   0   0
--------------------------------------------------------------------------------------------------------------------------------------
Ile ATT   2   2   2   2   2   2 | Thr ACT   2   2   2   2   2   2 | Asn AAT   3   3   3   3   3   3 | Ser AGT   2   2   1   1   2   1
    ATC   2   2   2   2   2   2 |     ACC   1   1   2   1   2   1 |     AAC   1   1   1   1   1   1 |     AGC   2   2   3   3   2   3
    ATA   1   1   1   1   1   1 |     ACA   3   3   2   3   2   1 | Lys AAA   5   5   5   5   5   5 | Arg AGA   0   0   0   0   0   0
Met ATG   1   1   1   1   1   1 |     ACG   0   0   0   0   0   2 |     AAG   7   7   7   7   7   7 |     AGG   2   2   2   2   2   2
--------------------------------------------------------------------------------------------------------------------------------------
Val GTT   0   0   0   0   0   0 | Ala GCT   2   2   2   2   2   2 | Asp GAT   2   2   2   2   2   2 | Gly GGT   1   1   1   1   1   1
    GTC   0   0   1   0   1   0 |     GCC   0   0   0   0   0   0 |     GAC   1   1   1   1   1   1 |     GGC   0   0   0   0   0   0
    GTA   1   2   0   0   0   1 |     GCA   5   5   4   4   4   5 | Glu GAA   8   8   8   9   8   8 |     GGA   0   0   0   0   0   0
    GTG   2   1   2   3   2   2 |     GCG   0   0   1   1   1   0 |     GAG   4   4   4   3   4   4 |     GGG   2   2   2   2   2   2
--------------------------------------------------------------------------------------------------------------------------------------

--------------------------------------------------------------------------------------------------------------------------------------
Phe TTT   3   4   4   4   4   4 | Ser TCT   2   2   2   2   2   2 | Tyr TAT   1   1   1   1   1   1 | Cys TGT   1   1   1   1   1   1
    TTC   2   1   1   1   1   1 |     TCC   1   1   1   1   1   1 |     TAC   2   2   2   2   2   2 |     TGC   0   0   0   0   0   0
Leu TTA   0   0   0   0   0   0 |     TCA   0   0   0   0   0   0 | *** TAA   0   0   0   0   0   0 | *** TGA   0   0   0   0   0   0
    TTG   0   0   0   0   0   0 |     TCG   0   0   0   0   0   0 |     TAG   0   0   0   0   0   0 | Trp TGG   0   0   0   0   0   0
--------------------------------------------------------------------------------------------------------------------------------------
Leu CTT   3   3   3   3   3   3 | Pro CCT   1   1   1   1   1   1 | His CAT   0   0   0   0   0   0 | Arg CGT   0   0   0   0   0   0
    CTC   3   2   2   2   2   2 |     CCC   0   0   0   0   0   0 |     CAC   1   1   1   1   1   1 |     CGC   0   0   0   0   0   0
    CTA   1   1   1   1   1   1 |     CCA   3   3   3   3   3   3 | Gln CAA   0   0   0   0   0   0 |     CGA   2   2   2   2   2   2
    CTG   0   1   1   1   1   1 |     CCG   0   0   0   0   0   0 |     CAG   5   5   5   5   5   5 |     CGG   0   0   0   0   0   0
--------------------------------------------------------------------------------------------------------------------------------------
Ile ATT   2   2   2   2   2   2 | Thr ACT   2   2   2   2   2   2 | Asn AAT   3   3   3   3   3   3 | Ser AGT   1   1   2   1   3   2
    ATC   2   2   2   2   2   2 |     ACC   1   1   1   1   1   2 |     AAC   1   1   1   1   1   1 |     AGC   3   3   2   3   1   2
    ATA   1   1   1   1   1   1 |     ACA   3   1   2   3   3   2 | Lys AAA   5   5   5   6   5   5 | Arg AGA   0   0   0   0   0   0
Met ATG   0   1   1   1   1   1 |     ACG   0   2   1   0   0   0 |     AAG   7   7   7   6   7   7 |     AGG   2   2   2   2   2   2
--------------------------------------------------------------------------------------------------------------------------------------
Val GTT   0   0   0   0   0   0 | Ala GCT   2   2   2   2   2   2 | Asp GAT   2   2   2   2   2   2 | Gly GGT   1   1   1   1   1   1
    GTC   1   0   0   1   0   1 |     GCC   0   0   0   0   0   0 |     GAC   1   1   1   1   1   1 |     GGC   0   0   0   0   0   0
    GTA   0   1   1   0   1   0 |     GCA   3   5   5   5   5   4 | Glu GAA   7   8   8   8   8   8 |     GGA   0   0   0   0   0   0
    GTG   3   2   2   2   2   2 |     GCG   2   0   1   0   0   1 |     GAG   5   4   3   4   4   4 |     GGG   2   2   2   2   2   2
--------------------------------------------------------------------------------------------------------------------------------------

--------------------------------------------------------------------------------------------------------------------------------------
Phe TTT   4   4   4   4   4   3 | Ser TCT   2   2   2   2   2   3 | Tyr TAT   1   1   1   0   1   1 | Cys TGT   1   1   1   1   1   1
    TTC   1   1   1   1   1   2 |     TCC   1   1   1   1   1   0 |     TAC   2   2   2   3   2   2 |     TGC   0   0   0   0   0   0
Leu TTA   0   0   0   0   0   0 |     TCA   0   0   0   0   0   0 | *** TAA   0   0   0   0   0   0 | *** TGA   0   0   0   0   0   0
    TTG   0   0   0   0   1   0 |     TCG   0   0   0   0   0   0 |     TAG   0   0   0   0   0   0 | Trp TGG   0   0   0   0   0   0
--------------------------------------------------------------------------------------------------------------------------------------
Leu CTT   3   3   3   3   3   3 | Pro CCT   1   1   1   0   1   1 | His CAT   0   0   0   0   0   0 | Arg CGT   0   0   0   0   0   0
    CTC   2   2   2   2   2   2 |     CCC   0   0   0   0   0   0 |     CAC   1   1   1   1   1   1 |     CGC   0   0   0   0   0   0
    CTA   1   1   1   1   1   1 |     CCA   3   3   3   3   2   3 | Gln CAA   0   0   0   0   0   0 |     CGA   2   2   2   1   2   2
    CTG   1   1   1   1   0   1 |     CCG   0   0   0   1   1   0 |     CAG   5   5   5   5   5   5 |     CGG   0   0   0   1   0   0
--------------------------------------------------------------------------------------------------------------------------------------
Ile ATT   2   2   2   2   2   2 | Thr ACT   2   2   2   1   2   2 | Asn AAT   3   3   3   3   3   3 | Ser AGT   2   3   1   1   2   2
    ATC   2   2   2   2   2   2 |     ACC   2   1   2   1   1   2 |     AAC   1   1   1   1   1   1 |     AGC   2   1   3   3   2   2
    ATA   1   1   1   1   1   1 |     ACA   2   2   2   3   3   2 | Lys AAA   5   5   5   5   5   5 | Arg AGA   0   0   0   0   0   0
Met ATG   1   1   1   1   1   1 |     ACG   0   1   0   1   0   0 |     AAG   7   7   7   7   7   7 |     AGG   2   2   2   2   2   2
--------------------------------------------------------------------------------------------------------------------------------------
Val GTT   0   0   0   0   0   0 | Ala GCT   2   2   2   2   2   2 | Asp GAT   2   2   2   2   2   2 | Gly GGT   1   1   1   0   1   1
    GTC   1   0   1   1   1   0 |     GCC   0   0   0   0   0   0 |     GAC   1   1   1   1   1   1 |     GGC   0   0   0   1   0   0
    GTA   0   1   0   0   0   1 |     GCA   4   5   4   3   5   5 | Glu GAA   8   8   8   8   8   8 |     GGA   0   0   0   0   0   0
    GTG   2   2   2   2   2   2 |     GCG   1   0   1   2   0   0 |     GAG   4   4   4   4   4   4 |     GGG   2   2   2   2   2   2
--------------------------------------------------------------------------------------------------------------------------------------

--------------------------------------------------------------------------------------------------------------------------------------
Phe TTT   4   4   4   4   4   4 | Ser TCT   2   2   2   2   2   2 | Tyr TAT   1   1   1   1   1   1 | Cys TGT   1   1   1   1   1   1
    TTC   1   1   1   1   1   1 |     TCC   1   1   1   1   1   1 |     TAC   2   2   2   2   2   2 |     TGC   0   0   0   0   0   0
Leu TTA   0   0   0   0   0   0 |     TCA   0   0   0   0   0   0 | *** TAA   0   0   0   0   0   0 | *** TGA   0   0   0   0   0   0
    TTG   0   0   0   0   0   0 |     TCG   0   0   0   0   0   0 |     TAG   0   0   0   0   0   0 | Trp TGG   0   0   0   0   0   0
--------------------------------------------------------------------------------------------------------------------------------------
Leu CTT   3   3   3   2   3   3 | Pro CCT   1   1   1   1   1   1 | His CAT   0   0   0   0   0   0 | Arg CGT   0   0   0   0   0   0
    CTC   2   2   2   3   2   2 |     CCC   0   0   0   0   0   0 |     CAC   1   1   1   1   1   1 |     CGC   0   0   0   0   0   0
    CTA   1   1   1   1   1   1 |     CCA   3   3   3   3   3   3 | Gln CAA   0   0   0   0   0   0 |     CGA   2   2   2   2   2   1
    CTG   1   1   1   1   1   1 |     CCG   0   0   0   0   0   0 |     CAG   5   5   5   5   5   5 |     CGG   0   0   0   0   0   1
--------------------------------------------------------------------------------------------------------------------------------------
Ile ATT   2   2   2   2   2   2 | Thr ACT   2   2   2   2   2   2 | Asn AAT   3   3   3   3   3   3 | Ser AGT   1   1   2   2   2   1
    ATC   2   2   2   2   2   2 |     ACC   1   1   1   1   1   1 |     AAC   1   1   1   1   1   1 |     AGC   3   3   2   2   2   3
    ATA   1   1   1   1   1   1 |     ACA   3   3   2   3   2   2 | Lys AAA   5   5   5   5   5   5 | Arg AGA   0   0   0   0   0   0
Met ATG   1   0   1   1   1   1 |     ACG   0   0   1   0   1   1 |     AAG   7   7   7   7   7   7 |     AGG   2   2   2   2   2   2
--------------------------------------------------------------------------------------------------------------------------------------
Val GTT   0   0   0   0   0   0 | Ala GCT   2   2   2   2   2   2 | Asp GAT   2   2   2   2   2   2 | Gly GGT   1   0   1   1   1   1
    GTC   0   0   0   0   0   1 |     GCC   0   0   0   0   0   0 |     GAC   1   1   1   1   1   1 |     GGC   0   1   0   0   0   0
    GTA   1   0   1   1   1   0 |     GCA   5   4   5   5   5   4 | Glu GAA   8   9   8   8   8   7 |     GGA   0   0   0   0   0   0
    GTG   2   4   2   2   2   2 |     GCG   0   1   0   0   0   1 |     GAG   4   3   4   4   4   5 |     GGG   2   2   2   2   2   2
--------------------------------------------------------------------------------------------------------------------------------------

--------------------------------------------------------------------------------------------------------------------------------------
Phe TTT   4   4   4   3   4   4 | Ser TCT   2   2   2   2   2   2 | Tyr TAT   1   1   2   1   1   1 | Cys TGT   1   1   1   1   1   1
    TTC   1   1   1   2   1   1 |     TCC   1   1   1   1   1   1 |     TAC   2   2   1   2   2   2 |     TGC   0   0   0   0   0   0
Leu TTA   0   0   0   0   0   0 |     TCA   0   0   0   0   0   0 | *** TAA   0   0   0   0   0   0 | *** TGA   0   0   0   0   0   0
    TTG   0   0   1   0   0   0 |     TCG   0   0   0   0   0   0 |     TAG   0   0   0   0   0   0 | Trp TGG   0   0   0   0   0   0
--------------------------------------------------------------------------------------------------------------------------------------
Leu CTT   3   3   3   3   3   3 | Pro CCT   1   1   1   1   1   1 | His CAT   0   0   0   0   0   0 | Arg CGT   0   0   0   0   0   0
    CTC   2   2   2   2   2   2 |     CCC   0   0   0   0   0   0 |     CAC   1   1   1   1   1   1 |     CGC   0   0   0   0   0   0
    CTA   1   1   1   1   1   1 |     CCA   3   2   3   3   3   3 | Gln CAA   0   0   0   0   0   0 |     CGA   2   2   2   2   2   2
    CTG   1   1   0   1   1   1 |     CCG   0   1   0   0   0   0 |     CAG   5   5   5   5   5   5 |     CGG   0   0   0   0   0   0
--------------------------------------------------------------------------------------------------------------------------------------
Ile ATT   2   2   2   2   2   2 | Thr ACT   2   2   2   2   2   2 | Asn AAT   3   2   3   3   3   3 | Ser AGT   1   2   2   1   1   1
    ATC   2   2   2   2   2   2 |     ACC   1   1   1   1   1   1 |     AAC   1   2   1   1   1   1 |     AGC   3   2   2   3   3   3
    ATA   1   1   1   1   1   1 |     ACA   3   3   3   3   1   1 | Lys AAA   5   5   5   5   5   5 | Arg AGA   0   0   0   0   0   0
Met ATG   1   1   1   1   1   1 |     ACG   0   0   0   0   2   2 |     AAG   7   7   7   7   7   7 |     AGG   2   2   2   2   2   2
--------------------------------------------------------------------------------------------------------------------------------------
Val GTT   0   0   0   0   0   0 | Ala GCT   2   2   2   2   2   2 | Asp GAT   2   2   2   2   2   2 | Gly GGT   1   1   1   1   1   1
    GTC   1   1   1   0   0   0 |     GCC   0   0   0   0   0   0 |     GAC   1   1   1   1   1   1 |     GGC   0   0   0   0   0   0
    GTA   0   0   0   1   1   1 |     GCA   4   4   4   5   5   5 | Glu GAA   8   7   7   8   8   8 |     GGA   0   0   0   0   0   0
    GTG   2   2   2   2   2   2 |     GCG   1   1   1   0   0   0 |     GAG   4   5   5   4   4   4 |     GGG   2   2   2   2   2   2
--------------------------------------------------------------------------------------------------------------------------------------

Codon position x base (3x4) table for each sequence.

#1: Argali         
position  1:    T:0.12903    C:0.20430    A:0.36559    G:0.30108
position  2:    T:0.22581    C:0.21505    A:0.43011    G:0.12903
position  3:    T:0.26882    C:0.18280    A:0.27957    G:0.26882
Average         T:0.20789    C:0.20072    A:0.35842    G:0.23297

#2: LesserMouseDeer
position  1:    T:0.12903    C:0.20430    A:0.36559    G:0.30108
position  2:    T:0.22581    C:0.21505    A:0.43011    G:0.12903
position  3:    T:0.26882    C:0.16129    A:0.27957    G:0.29032
Average         T:0.20789    C:0.19355    A:0.35842    G:0.24014

#3: LesserKudu     
position  1:    T:0.12903    C:0.20430    A:0.36559    G:0.30108
position  2:    T:0.22581    C:0.21505    A:0.43011    G:0.12903
position  3:    T:0.26882    C:0.16129    A:0.29032    G:0.27957
Average         T:0.20789    C:0.19355    A:0.36201    G:0.23656

#4: ForestMuskDeer2
position  1:    T:0.12903    C:0.20430    A:0.36559    G:0.30108
position  2:    T:0.22581    C:0.21505    A:0.43011    G:0.12903
position  3:    T:0.25806    C:0.17204    A:0.31183    G:0.25806
Average         T:0.20430    C:0.19713    A:0.36918    G:0.22939

#5: Camel          
position  1:    T:0.13978    C:0.19355    A:0.36559    G:0.30108
position  2:    T:0.22581    C:0.21505    A:0.43011    G:0.12903
position  3:    T:0.27957    C:0.13978    A:0.26882    G:0.31183
Average         T:0.21505    C:0.18280    A:0.35484    G:0.24731

#6: KillerWhale    
position  1:    T:0.12903    C:0.20430    A:0.36559    G:0.30108
position  2:    T:0.22581    C:0.21505    A:0.41935    G:0.13978
position  3:    T:0.30108    C:0.11828    A:0.30108    G:0.27957
Average         T:0.21864    C:0.17921    A:0.36201    G:0.24014

#7: DefassaWaterbuck
position  1:    T:0.12903    C:0.20430    A:0.36559    G:0.30108
position  2:    T:0.22581    C:0.21505    A:0.43011    G:0.12903
position  3:    T:0.24731    C:0.18280    A:0.26882    G:0.30108
Average         T:0.20072    C:0.20072    A:0.35484    G:0.24373

#8: Sheep          
position  1:    T:0.12903    C:0.20430    A:0.36559    G:0.30108
position  2:    T:0.22581    C:0.21505    A:0.43011    G:0.12903
position  3:    T:0.26882    C:0.18280    A:0.27957    G:0.26882
Average         T:0.20789    C:0.20072    A:0.35842    G:0.23297

#9: MaxwellsDuiker 
position  1:    T:0.12903    C:0.20430    A:0.36559    G:0.30108
position  2:    T:0.22581    C:0.21505    A:0.43011    G:0.12903
position  3:    T:0.26882    C:0.17204    A:0.27957    G:0.27957
Average         T:0.20789    C:0.19713    A:0.35842    G:0.23656

#10: GazellaPrzewalskyi
position  1:    T:0.12903    C:0.20430    A:0.36559    G:0.30108
position  2:    T:0.22581    C:0.21505    A:0.43011    G:0.12903
position  3:    T:0.27957    C:0.16129    A:0.29032    G:0.26882
Average         T:0.21147    C:0.19355    A:0.36201    G:0.23297

#11: MountainNyala  
position  1:    T:0.12903    C:0.20430    A:0.36559    G:0.30108
position  2:    T:0.22581    C:0.21505    A:0.43011    G:0.12903
position  3:    T:0.27957    C:0.15054    A:0.29032    G:0.27957
Average         T:0.21147    C:0.18996    A:0.36201    G:0.23656

#12: MuntiacusMuntjak
position  1:    T:0.12903    C:0.20430    A:0.36559    G:0.30108
position  2:    T:0.22581    C:0.21505    A:0.43011    G:0.12903
position  3:    T:0.27957    C:0.15054    A:0.30108    G:0.26882
Average         T:0.21147    C:0.18996    A:0.36559    G:0.23297

#13: goat           
position  1:    T:0.12903    C:0.20430    A:0.36559    G:0.30108
position  2:    T:0.22581    C:0.21505    A:0.43011    G:0.12903
position  3:    T:0.26882    C:0.18280    A:0.27957    G:0.26882
Average         T:0.20789    C:0.20072    A:0.35842    G:0.23297

#14: AfricanBuffalo 
position  1:    T:0.12903    C:0.20430    A:0.36559    G:0.30108
position  2:    T:0.22581    C:0.21505    A:0.43011    G:0.12903
position  3:    T:0.26882    C:0.16129    A:0.31183    G:0.25806
Average         T:0.20789    C:0.19355    A:0.36918    G:0.22939

#15: Topi           
position  1:    T:0.12903    C:0.20430    A:0.36559    G:0.30108
position  2:    T:0.22581    C:0.21505    A:0.43011    G:0.12903
position  3:    T:0.27957    C:0.17204    A:0.27957    G:0.26882
Average         T:0.21147    C:0.19713    A:0.35842    G:0.23297

#16: CommonDuiker   
position  1:    T:0.12903    C:0.20430    A:0.36559    G:0.30108
position  2:    T:0.22581    C:0.21505    A:0.43011    G:0.12903
position  3:    T:0.26882    C:0.17204    A:0.29032    G:0.26882
Average         T:0.20789    C:0.19713    A:0.36201    G:0.23297

#17: Suni           
position  1:    T:0.12903    C:0.20430    A:0.35484    G:0.31183
position  2:    T:0.22581    C:0.21505    A:0.43011    G:0.12903
position  3:    T:0.21505    C:0.22581    A:0.26882    G:0.29032
Average         T:0.18996    C:0.21505    A:0.35125    G:0.24373

#18: Springbuck     
position  1:    T:0.12903    C:0.20430    A:0.36559    G:0.30108
position  2:    T:0.22581    C:0.21505    A:0.43011    G:0.12903
position  3:    T:0.27957    C:0.16129    A:0.29032    G:0.26882
Average         T:0.21147    C:0.19355    A:0.36201    G:0.23297

#19: Okapi          
position  1:    T:0.12903    C:0.20430    A:0.36559    G:0.30108
position  2:    T:0.22581    C:0.21505    A:0.43011    G:0.12903
position  3:    T:0.27957    C:0.15054    A:0.27957    G:0.29032
Average         T:0.21147    C:0.18996    A:0.35842    G:0.24014

#20: Giraffe        
position  1:    T:0.12903    C:0.20430    A:0.36559    G:0.30108
position  2:    T:0.22581    C:0.21505    A:0.43011    G:0.12903
position  3:    T:0.27957    C:0.16129    A:0.29032    G:0.26882
Average         T:0.21147    C:0.19355    A:0.36201    G:0.23297

#21: TibetanAntelope
position  1:    T:0.12903    C:0.20430    A:0.36559    G:0.30108
position  2:    T:0.22581    C:0.21505    A:0.43011    G:0.12903
position  3:    T:0.26882    C:0.18280    A:0.27957    G:0.26882
Average         T:0.20789    C:0.20072    A:0.35842    G:0.23297

#22: Sitatunga      
position  1:    T:0.12903    C:0.20430    A:0.36559    G:0.30108
position  2:    T:0.22581    C:0.21505    A:0.43011    G:0.12903
position  3:    T:0.26882    C:0.16129    A:0.30108    G:0.26882
Average         T:0.20789    C:0.19355    A:0.36559    G:0.23297

#23: Oribi          
position  1:    T:0.12903    C:0.20430    A:0.36559    G:0.30108
position  2:    T:0.22581    C:0.21505    A:0.43011    G:0.12903
position  3:    T:0.27957    C:0.16129    A:0.29032    G:0.26882
Average         T:0.21147    C:0.19355    A:0.36201    G:0.23297

#24: BarbarySheep   
position  1:    T:0.12903    C:0.20430    A:0.36559    G:0.30108
position  2:    T:0.22581    C:0.21505    A:0.43011    G:0.12903
position  3:    T:0.25806    C:0.19355    A:0.26882    G:0.27957
Average         T:0.20430    C:0.20430    A:0.35484    G:0.23656

#25: Daviddeer      
position  1:    T:0.12903    C:0.20430    A:0.36559    G:0.30108
position  2:    T:0.22581    C:0.21505    A:0.43011    G:0.12903
position  3:    T:0.27957    C:0.15054    A:0.31183    G:0.25806
Average         T:0.21147    C:0.18996    A:0.36918    G:0.22939

#26: Reindeer       
position  1:    T:0.12903    C:0.20430    A:0.36559    G:0.30108
position  2:    T:0.22581    C:0.21505    A:0.43011    G:0.12903
position  3:    T:0.26882    C:0.16129    A:0.32258    G:0.24731
Average         T:0.20789    C:0.19355    A:0.37276    G:0.22581

#27: Ibex           
position  1:    T:0.12903    C:0.20430    A:0.36559    G:0.30108
position  2:    T:0.22581    C:0.21505    A:0.43011    G:0.12903
position  3:    T:0.26882    C:0.18280    A:0.27957    G:0.26882
Average         T:0.20789    C:0.20072    A:0.35842    G:0.23297

#28: GyrantGazelle  
position  1:    T:0.12903    C:0.20430    A:0.36559    G:0.30108
position  2:    T:0.22581    C:0.21505    A:0.43011    G:0.12903
position  3:    T:0.26882    C:0.16129    A:0.30108    G:0.26882
Average         T:0.20789    C:0.19355    A:0.36559    G:0.23297

#29: Hartebeest     
position  1:    T:0.12903    C:0.20430    A:0.36559    G:0.30108
position  2:    T:0.22581    C:0.21505    A:0.43011    G:0.12903
position  3:    T:0.27957    C:0.17204    A:0.27957    G:0.26882
Average         T:0.21147    C:0.19713    A:0.35842    G:0.23297

#30: Bongo          
position  1:    T:0.12903    C:0.20430    A:0.36559    G:0.30108
position  2:    T:0.22581    C:0.21505    A:0.43011    G:0.12903
position  3:    T:0.26882    C:0.16129    A:0.29032    G:0.27957
Average         T:0.20789    C:0.19355    A:0.36201    G:0.23656

#31: Gerenuk        
position  1:    T:0.12903    C:0.20430    A:0.35484    G:0.31183
position  2:    T:0.22581    C:0.21505    A:0.43011    G:0.12903
position  3:    T:0.25806    C:0.19355    A:0.26882    G:0.27957
Average         T:0.20430    C:0.20430    A:0.35125    G:0.24014

#32: CommonEland    
position  1:    T:0.12903    C:0.20430    A:0.36559    G:0.30108
position  2:    T:0.22581    C:0.21505    A:0.43011    G:0.12903
position  3:    T:0.26882    C:0.16129    A:0.29032    G:0.27957
Average         T:0.20789    C:0.19355    A:0.36201    G:0.23656

#33: MuntiacusReevesi
position  1:    T:0.12903    C:0.20430    A:0.36559    G:0.30108
position  2:    T:0.22581    C:0.22581    A:0.41935    G:0.12903
position  3:    T:0.27957    C:0.15054    A:0.30108    G:0.26882
Average         T:0.21147    C:0.19355    A:0.36201    G:0.23297

#34: HarveysDuiker  
position  1:    T:0.12903    C:0.20430    A:0.36559    G:0.30108
position  2:    T:0.22581    C:0.21505    A:0.43011    G:0.12903
position  3:    T:0.26882    C:0.17204    A:0.31183    G:0.24731
Average         T:0.20789    C:0.19713    A:0.36918    G:0.22581

#35: Pronghorn      
position  1:    T:0.12903    C:0.20430    A:0.36559    G:0.30108
position  2:    T:0.22581    C:0.21505    A:0.43011    G:0.12903
position  3:    T:0.29032    C:0.13978    A:0.31183    G:0.25806
Average         T:0.21505    C:0.18638    A:0.36918    G:0.22939

#36: BlueWildebeest 
position  1:    T:0.12903    C:0.20430    A:0.36559    G:0.30108
position  2:    T:0.22581    C:0.21505    A:0.43011    G:0.12903
position  3:    T:0.27957    C:0.17204    A:0.27957    G:0.26882
Average         T:0.21147    C:0.19713    A:0.35842    G:0.23297

#37: Gemsbok        
position  1:    T:0.12903    C:0.20430    A:0.36559    G:0.30108
position  2:    T:0.22581    C:0.21505    A:0.43011    G:0.12903
position  3:    T:0.27957    C:0.17204    A:0.27957    G:0.26882
Average         T:0.21147    C:0.19713    A:0.35842    G:0.23297

#38: Yak            
position  1:    T:0.12903    C:0.20430    A:0.36559    G:0.30108
position  2:    T:0.22581    C:0.21505    A:0.43011    G:0.12903
position  3:    T:0.29032    C:0.13978    A:0.30108    G:0.26882
Average         T:0.21505    C:0.18638    A:0.36559    G:0.23297

#39: BlueSheep      
position  1:    T:0.12903    C:0.20430    A:0.36559    G:0.30108
position  2:    T:0.22581    C:0.21505    A:0.43011    G:0.12903
position  3:    T:0.26882    C:0.18280    A:0.27957    G:0.26882
Average         T:0.20789    C:0.20072    A:0.35842    G:0.23297

#40: BohorReedbuck  
position  1:    T:0.12903    C:0.20430    A:0.36559    G:0.30108
position  2:    T:0.22581    C:0.21505    A:0.43011    G:0.12903
position  3:    T:0.22581    C:0.19355    A:0.26882    G:0.31183
Average         T:0.19355    C:0.20430    A:0.35484    G:0.24731

#41: KirksDik       
position  1:    T:0.13978    C:0.19355    A:0.36559    G:0.30108
position  2:    T:0.22581    C:0.21505    A:0.43011    G:0.12903
position  3:    T:0.27957    C:0.16129    A:0.29032    G:0.26882
Average         T:0.21505    C:0.18996    A:0.36201    G:0.23297

#42: RoeDeer        
position  1:    T:0.12903    C:0.20430    A:0.36559    G:0.30108
position  2:    T:0.22581    C:0.21505    A:0.43011    G:0.12903
position  3:    T:0.27957    C:0.16129    A:0.30108    G:0.25806
Average         T:0.21147    C:0.19355    A:0.36559    G:0.22939

#43: WhiteLippedDeer
position  1:    T:0.12903    C:0.20430    A:0.36559    G:0.30108
position  2:    T:0.22581    C:0.21505    A:0.43011    G:0.12903
position  3:    T:0.26882    C:0.16129    A:0.31183    G:0.25806
Average         T:0.20789    C:0.19355    A:0.36918    G:0.22939

#44: ThomsonGazelle 
position  1:    T:0.12903    C:0.20430    A:0.35484    G:0.31183
position  2:    T:0.22581    C:0.21505    A:0.43011    G:0.12903
position  3:    T:0.25806    C:0.17204    A:0.30108    G:0.26882
Average         T:0.20430    C:0.19713    A:0.36201    G:0.23656

#45: MuntiacusCrinifrons
position  1:    T:0.12903    C:0.20430    A:0.36559    G:0.30108
position  2:    T:0.22581    C:0.21505    A:0.43011    G:0.12903
position  3:    T:0.27957    C:0.15054    A:0.30108    G:0.26882
Average         T:0.21147    C:0.18996    A:0.36559    G:0.23297

#46: WhiteTailedDeer
position  1:    T:0.12903    C:0.20430    A:0.36559    G:0.30108
position  2:    T:0.22581    C:0.21505    A:0.43011    G:0.12903
position  3:    T:0.26882    C:0.16129    A:0.31183    G:0.25806
Average         T:0.20789    C:0.19355    A:0.36918    G:0.22939

#47: Cattle         
position  1:    T:0.12903    C:0.20430    A:0.36559    G:0.30108
position  2:    T:0.22581    C:0.21505    A:0.43011    G:0.12903
position  3:    T:0.27957    C:0.15054    A:0.30108    G:0.26882
Average         T:0.21147    C:0.18996    A:0.36559    G:0.23297

#48: RoyalAntelope  
position  1:    T:0.12903    C:0.20430    A:0.36559    G:0.30108
position  2:    T:0.22581    C:0.21505    A:0.43011    G:0.12903
position  3:    T:0.26882    C:0.17204    A:0.25806    G:0.30108
Average         T:0.20789    C:0.19713    A:0.35125    G:0.24373

#49: Steenbok       
position  1:    T:0.12903    C:0.20430    A:0.36559    G:0.30108
position  2:    T:0.22581    C:0.21505    A:0.43011    G:0.12903
position  3:    T:0.26882    C:0.17204    A:0.29032    G:0.26882
Average         T:0.20789    C:0.19713    A:0.36201    G:0.23297

#50: Impala         
position  1:    T:0.12903    C:0.20430    A:0.36559    G:0.30108
position  2:    T:0.22581    C:0.21505    A:0.43011    G:0.12903
position  3:    T:0.26882    C:0.17204    A:0.26882    G:0.29032
Average         T:0.20789    C:0.19713    A:0.35484    G:0.24014

#51: Klipspringer   
position  1:    T:0.13978    C:0.19355    A:0.36559    G:0.30108
position  2:    T:0.22581    C:0.21505    A:0.43011    G:0.12903
