1
52 1
Argali 0.000000 0.324800 0.083900 0.236100 0.040700 0.027800 0.058900 0.041100 0.069900 0.068500 0.026200 0.055100 0.026700 0.026900 0.040700 0.083900 0.070300 0.070300 0.000100 0.069900 0.040700 0.000100 0.067700 0.100200 0.013100 0.053800 0.013300 0.069900 0.068000 0.069900 0.083000 0.070500 0.086000 0.013300 0.027000 0.085400 0.013000 0.040200 0.053700 0.100300 0.083000 0.040000 0.068500 0.117800 0.099700 0.026700 0.040400 0.027300 0.040200 0.067400 0.054600 0.069900
LesserMous 0.324800 0.000000 0.350300 0.300600 0.327600 0.364500 0.404800 0.332300 0.352800 0.248800 0.339900 0.324500 0.274900 0.325200 0.315800 0.298400 0.251500 0.251500 0.321600 0.352800 0.323900 0.321600 0.267300 0.299900 0.321900 0.293900 0.300900 0.352800 0.294000 0.352800 0.269700 0.379000 0.276000 0.300900 0.326200 0.356300 0.319000 0.297600 0.292300 0.302100 0.248100 0.271900 0.248800 0.331300 0.379500 0.374500 0.345200 0.330600 0.321600 0.390800 0.374300 0.352800
LesserKudu 0.083900 0.350300 0.000000 0.278500 0.068300 0.117300 0.121200 0.068700 0.012800 0.067000 0.081300 0.026200 0.082900 0.083500 0.083900 0.097000 0.068400 0.068400 0.082900 0.012900 0.068600 0.082900 0.095100 0.097500 0.067500 0.081300 0.068800 0.012800 0.096300 0.012800 0.081000 0.131000 0.083600 0.068800 0.083900 0.053900 0.067200 0.067300 0.081100 0.098300 0.081000 0.067300 0.067000 0.111700 0.067700 0.098400 0.067800 0.084300 0.067400 0.126700 0.025700 0.012800
KillerWhal 0.236100 0.300600 0.278500 0.000000 0.233700 0.261800 0.318900 0.214600 0.280100 0.230500 0.250500 0.256600 0.253800 0.255400 0.248400 0.201100 0.211400 0.211400 0.234000 0.280100 0.232700 0.234000 0.229300 0.280300 0.233500 0.250500 0.234400 0.280100 0.249600 0.280100 0.251300 0.302400 0.233400 0.234400 0.255500 0.283600 0.232200 0.210400 0.249800 0.280300 0.229900 0.229700 0.230500 0.286100 0.305400 0.278300 0.256000 0.258800 0.252900 0.228300 0.279100 0.280100
DefassaWat 0.040700 0.327600 0.068300 0.233700 0.000000 0.071300 0.073600 0.026500 0.054500 0.053300 0.067300 0.040300 0.040100 0.040400 0.054400 0.082500 0.054600 0.054600 0.040300 0.054500 0.026500 0.040300 0.081400 0.083400 0.053900 0.039300 0.026700 0.054500 0.053000 0.054500 0.067200 0.084500 0.069600 0.026700 0.040500 0.069300 0.053600 0.026100 0.039200 0.083800 0.067200 0.026000 0.053300 0.099900 0.083400 0.068700 0.026500 0.040900 0.053600 0.081200 0.068500 0.054500
Sheep 0.027800 0.364500 0.117300 0.261800 0.071300 0.000000 0.093800 0.071900 0.102800 0.101000 0.054900 0.086800 0.056100 0.056700 0.071300 0.101900 0.087800 0.087800 0.027500 0.102800 0.071300 0.027500 0.069400 0.136500 0.041300 0.084900 0.042100 0.102800 0.069500 0.102800 0.116800 0.072300 0.104800 0.042100 0.056800 0.120000 0.041100 0.041200 0.084700 0.136300 0.084900 0.070000 0.101000 0.156300 0.135200 0.056200 0.070900 0.028000 0.070400 0.068900 0.086000 0.102800
MaxwellsDu 0.058900 0.404800 0.121200 0.318900 0.073600 0.093800 0.000000 0.074200 0.106400 0.104000 0.087000 0.089600 0.057600 0.058300 0.073400 0.137300 0.106800 0.106800 0.058300 0.106400 0.073400 0.058200 0.136000 0.140700 0.072800 0.087100 0.043400 0.106400 0.102500 0.106400 0.120000 0.071700 0.125100 0.043400 0.058500 0.090500 0.072300 0.072400 0.086800 0.141100 0.119900 0.072000 0.104000 0.161300 0.105500 0.089400 0.105300 0.059600 0.072400 0.134400 0.122100 0.106400
GazellaPrz 0.041100 0.332300 0.068700 0.214600 0.026500 0.071900 0.074200 0.000000 0.054800 0.053700 0.067800 0.040500 0.040300 0.040700 0.054800 0.083100 0.055000 0.055000 0.040600 0.054800 0.026600 0.040600 0.082100 0.084100 0.054300 0.039500 0.026800 0.054800 0.053300 0.054800 0.067700 0.085300 0.070100 0.026800 0.040800 0.069800 0.054000 0.026200 0.039400 0.084300 0.067700 0.026100 0.053700 0.069900 0.084000 0.069300 0.054400 0.041300 0.054000 0.081900 0.068900 0.054800
MountainNy 0.069900 0.352800 0.012800 0.280100 0.054500 0.102800 0.106400 0.054800 0.000000 0.053500 0.097300 0.013100 0.069000 0.069500 0.084500 0.113800 0.054600 0.054600 0.069100 0.000000 0.054800 0.069100 0.081300 0.083400 0.083300 0.067600 0.055000 0.000000 0.082200 0.000000 0.067300 0.116400 0.069600 0.055000 0.069800 0.040300 0.082900 0.053700 0.067400 0.084100 0.067300 0.053700 0.053500 0.097000 0.054000 0.084300 0.054100 0.070300 0.083100 0.112000 0.012800 0.000000
MuntiacusM 0.068500 0.248800 0.067000 0.230500 0.053300 0.101000 0.104000 0.053700 0.053500 0.000000 0.095400 0.039500 0.039500 0.068000 0.082500 0.111900 0.026100 0.026100 0.067700 0.053500 0.053400 0.067700 0.025300 0.025700 0.081700 0.066100 0.053800 0.053500 0.080400 0.053500 0.012500 0.114000 0.039800 0.053800 0.068200 0.053700 0.081200 0.052600 0.066000 0.026000 0.012500 0.052500 0.000000 0.039700 0.067300 0.097200 0.053000 0.068800 0.081300 0.109700 0.067200 0.053500
goat 0.026200 0.339900 0.081300 0.250500 0.067300 0.054900 0.087000 0.067800 0.097300 0.095400 0.000000 0.082100 0.052900 0.053400 0.053500 0.081200 0.097500 0.097500 0.025900 0.097300 0.067500 0.025900 0.094300 0.127900 0.012700 0.080200 0.039600 0.097300 0.094800 0.097300 0.110100 0.097700 0.113700 0.039600 0.053500 0.113100 0.012600 0.066500 0.080000 0.128300 0.110000 0.066300 0.095400 0.146300 0.127700 0.052900 0.066900 0.053900 0.038900 0.093900 0.081400 0.097300
AfricanBuf 0.055100 0.324500 0.026200 0.256600 0.040300 0.086800 0.089600 0.040500 0.013100 0.039500 0.082100 0.000000 0.054100 0.054700 0.069100 0.097800 0.040300 0.040300 0.054400 0.013100 0.040400 0.054400 0.066700 0.068400 0.068400 0.053200 0.040600 0.013100 0.067300 0.013100 0.053000 0.100000 0.054700 0.040400 0.054900 0.026500 0.067900 0.039700 0.053000 0.068900 0.053000 0.039700 0.039500 0.081800 0.039800 0.083500 0.039900 0.055400 0.068200 0.096300 0.026200 0.013100
Topi 0.026700 0.274900 0.082900 0.253800 0.040100 0.056100 0.057600 0.040300 0.069000 0.039500 0.052900 0.054100 0.000000 0.026400 0.039700 0.097300 0.069000 0.069000 0.026300 0.069000 0.040100 0.026300 0.067000 0.068700 0.039700 0.052900 0.013100 0.069000 0.066800 0.069000 0.053100 0.069000 0.084400 0.013100 0.026400 0.084000 0.039500 0.039300 0.052700 0.068900 0.053100 0.039400 0.039500 0.084500 0.098300 0.053600 0.068200 0.026800 0.039500 0.095700 0.083200 0.069000
CommonDuik 0.026900 0.325200 0.083500 0.255400 0.040400 0.056700 0.058300 0.040700 0.069500 0.068000 0.053400 0.054700 0.026400 0.000000 0.040300 0.098100 0.069500 0.069500 0.026400 0.069500 0.040500 0.026600 0.096800 0.099300 0.040100 0.053300 0.013200 0.069500 0.052600 0.069500 0.082300 0.069700 0.085100 0.013200 0.013100 0.084700 0.039800 0.039800 0.053100 0.099700 0.082300 0.039700 0.068000 0.116700 0.084000 0.054400 0.068800 0.027000 0.012800 0.096500 0.083800 0.069500
Suni 0.040700 0.315800 0.083900 0.248400 0.054400 0.071300 0.073400 0.054800 0.084500 0.082500 0.053500 0.069100 0.039700 0.040300 0.000000 0.098300 0.084300 0.084300 0.040200 0.084500 0.054500 0.040200 0.111700 0.114700 0.040100 0.067400 0.026600 0.084500 0.081700 0.084500 0.097000 0.084300 0.100300 0.026600 0.040500 0.099900 0.039800 0.053600 0.067100 0.115300 0.097000 0.053500 0.082500 0.132800 0.114600 0.068500 0.083300 0.040900 0.039900 0.111500 0.099000 0.084500
Springbuck 0.083900 0.298400 0.097000 0.201100 0.082500 0.101900 0.137300 0.083100 0.113800 0.111900 0.081200 0.097800 0.097300 0.098100 0.098300 0.000000 0.082400 0.082400 0.082900 0.113800 0.082500 0.082900 0.111500 0.146600 0.067500 0.066500 0.083100 0.113800 0.066600 0.113800 0.127500 0.131000 0.098000 0.083100 0.098300 0.130600 0.067200 0.067200 0.095700 0.146600 0.111700 0.052700 0.111900 0.166900 0.146100 0.113500 0.097700 0.099100 0.081600 0.111300 0.113500 0.113800
Okapi 0.070300 0.251500 0.068400 0.211400 0.054600 0.087800 0.106800 0.055000 0.054600 0.026100 0.097500 0.040300 0.069000 0.069500 0.084300 0.082400 0.000000 0.000000 0.069400 0.054600 0.054600 0.069200 0.039300 0.054300 0.083700 0.067700 0.055100 0.054600 0.067600 0.054600 0.039400 0.101200 0.013100 0.055100 0.069800 0.054900 0.083100 0.039700 0.067400 0.054400 0.026000 0.053700 0.026100 0.069600 0.068600 0.099500 0.054100 0.070600 0.083200 0.096900 0.068700 0.054600
Giraffe 0.070300 0.251500 0.068400 0.211400 0.054600 0.087800 0.106800 0.055000 0.054600 0.026100 0.097500 0.040300 0.069000 0.069500 0.084300 0.082400 0.000000 0.000000 0.069400 0.054600 0.054600 0.069400 0.039300 0.054300 0.083700 0.067700 0.055100 0.054600 0.067600 0.054600 0.039400 0.100900 0.013100 0.055100 0.069800 0.054900 0.083100 0.039900 0.067400 0.054400 0.026000 0.053700 0.026100 0.069600 0.068800 0.099500 0.054100 0.070600 0.083200 0.096900 0.068700 0.054600
TibetanAnt 0.000100 0.321600 0.082900 0.234000 0.040300 0.027500 0.058300 0.040600 0.069100 0.067700 0.025900 0.054400 0.026300 0.026400 0.040200 0.082900 0.069400 0.069400 0.000000 0.069100 0.040300 0.000000 0.066900 0.099100 0.013000 0.053200 0.013200 0.069100 0.067100 0.069100 0.082100 0.069700 0.084900 0.013200 0.026700 0.084300 0.012900 0.039700 0.052700 0.099200 0.082000 0.039600 0.067700 0.116500 0.098500 0.026300 0.039900 0.027000 0.039700 0.066600 0.054000 0.069100
Sitatunga 0.069900 0.352800 0.012900 0.280100 0.054500 0.102800 0.106400 0.054800 0.000000 0.053500 0.097300 0.013100 0.069000 0.069500 0.084500 0.113800 0.054600 0.054600 0.069100 0.000000 0.054800 0.069100 0.081300 0.083400 0.083300 0.067600 0.055000 0.000000 0.082200 0.000000 0.067300 0.116400 0.069600 0.055000 0.069800 0.040300 0.082900 0.053700 0.067400 0.084100 0.067300 0.053700 0.053500 0.097000 0.054000 0.084300 0.054100 0.070300 0.083100 0.112000 0.012800 0.000000
Oribi 0.040700 0.323900 0.068600 0.232700 0.026500 0.071300 0.073400 0.026600 0.054800 0.053400 0.067500 0.040400 0.040100 0.040500 0.054500 0.082500 0.054600 0.054600 0.040300 0.054800 0.000000 0.040300 0.081400 0.083400 0.054000 0.039300 0.026700 0.054800 0.053100 0.054800 0.067300 0.084500 0.069600 0.026700 0.040600 0.069400 0.053700 0.026100 0.039200 0.083800 0.067300 0.026100 0.053400 0.099800 0.083500 0.068600 0.054100 0.040900 0.053700 0.051900 0.068700 0.054800
BarbaryShe 0.000100 0.321600 0.082900 0.234000 0.040300 0.027500 0.058200 0.040600 0.069100 0.067700 0.025900 0.054400 0.026300 0.026600 0.040200 0.082900 0.069200 0.069400 0.000000 0.069100 0.040300 0.000000 0.066900 0.099100 0.013000 0.053200 0.013200 0.069100 0.067000 0.069100 0.082100 0.069500 0.084900 0.013200 0.026500 0.084300 0.013000 0.039600 0.053000 0.099200 0.082000 0.039600 0.067700 0.116500 0.098500 0.026500 0.039900 0.027000 0.039700 0.066600 0.054000 0.069100
Daviddeer 0.067700 0.267300 0.095100 0.229300 0.081400 0.069400 0.136000 0.082100 0.081300 0.025300 0.094300 0.066700 0.067000 0.096800 0.111700 0.111500 0.039300 0.039300 0.066900 0.081300 0.081400 0.066900 0.000000 0.052700 0.080700 0.094400 0.082000 0.081300 0.079500 0.081300 0.038300 0.112800 0.053400 0.082000 0.097000 0.081700 0.080300 0.052200 0.094200 0.052700 0.012500 0.080000 0.025300 0.067600 0.095700 0.096100 0.052200 0.098000 0.110500 0.079200 0.066200 0.081300
Reindeer 0.100200 0.299900 0.097500 0.280300 0.083400 0.136500 0.140700 0.084100 0.083400 0.025700 0.127900 0.068400 0.068700 0.099300 0.114700 0.146600 0.054300 0.054300 0.099100 0.083400 0.083400 0.099100 0.052700 0.000000 0.113700 0.096500 0.084200 0.083400 0.111800 0.083400 0.039100 0.149500 0.069200 0.084200 0.099700 0.083900 0.113100 0.082300 0.096400 0.054000 0.039100 0.081900 0.025800 0.013100 0.098200 0.130900 0.082800 0.100800 0.113100 0.143200 0.098000 0.083400
Ibex 0.013100 0.321900 0.067500 0.233500 0.053900 0.041300 0.072800 0.054300 0.083300 0.081700 0.012700 0.068400 0.039700 0.040100 0.040100 0.067500 0.083700 0.083700 0.013000 0.083300 0.054000 0.013000 0.080700 0.113700 0.000000 0.066800 0.026500 0.083300 0.081100 0.083300 0.096200 0.083900 0.099600 0.026500 0.040200 0.098900 0.000100 0.053300 0.066600 0.114000 0.096200 0.053000 0.081700 0.131700 0.113400 0.039700 0.053500 0.040600 0.025900 0.080300 0.067800 0.083300
GyrantGaze 0.053800 0.293900 0.081300 0.250500 0.039300 0.084900 0.087100 0.039500 0.067600 0.066100 0.080200 0.053200 0.052900 0.053300 0.067400 0.066500 0.067700 0.067700 0.053200 0.067600 0.039300 0.053200 0.094400 0.096500 0.066800 0.000000 0.039600 0.067600 0.038400 0.067600 0.080100 0.068000 0.082800 0.039600 0.053500 0.082400 0.066400 0.038800 0.051800 0.096800 0.080100 0.012700 0.066100 0.113400 0.096500 0.081700 0.066900 0.053900 0.066500 0.094300 0.081600 0.067600
Hartebeest 0.013300 0.300900 0.068800 0.234400 0.026700 0.042100 0.043400 0.026800 0.055000 0.053800 0.039600 0.040600 0.013100 0.013200 0.026600 0.083100 0.055100 0.055100 0.013200 0.055000 0.026700 0.013200 0.082000 0.084200 0.026500 0.039600 0.000000 0.055000 0.053300 0.055000 0.067800 0.055200 0.070200 0.000000 0.013200 0.069800 0.026300 0.026300 0.039400 0.084500 0.067800 0.026200 0.053800 0.100900 0.083900 0.040400 0.054500 0.013400 0.026300 0.081700 0.069100 0.055000
Bongo 0.069900 0.352800 0.012800 0.280100 0.054500 0.102800 0.106400 0.054800 0.000000 0.053500 0.097300 0.013100 0.069000 0.069500 0.084500 0.113800 0.054600 0.054600 0.069100 0.000000 0.054800 0.069100 0.081300 0.083400 0.083300 0.067600 0.055000 0.000000 0.082200 0.000000 0.067300 0.116400 0.069600 0.055000 0.069800 0.040300 0.082900 0.053700 0.067400 0.084100 0.067300 0.053700 0.053500 0.097000 0.054000 0.084300 0.054100 0.070300 0.083100 0.112000 0.012800 0.000000
Gerenuk 0.068000 0.294000 0.096300 0.249600 0.053000 0.069500 0.102500 0.053300 0.082200 0.080400 0.094800 0.067300 0.066800 0.052600 0.081700 0.066600 0.067600 0.067600 0.067100 0.082200 0.053100 0.067000 0.079500 0.111800 0.081100 0.038400 0.053300 0.082200 0.000000 0.082200 0.094700 0.082200 0.082700 0.053300 0.039200 0.097200 0.080500 0.025400 0.065500 0.112200 0.065700 0.025400 0.080400 0.129400 0.096600 0.096200 0.081100 0.068200 0.065600 0.079600 0.096500 0.082200
CommonElan 0.069900 0.352800 0.012800 0.280100 0.054500 0.102800 0.106400 0.054800 0.000000 0.053500 0.097300 0.013100 0.069000 0.069500 0.084500 0.113800 0.054600 0.054600 0.069100 0.000000 0.054800 0.069100 0.081300 0.083400 0.083300 0.067600 0.055000 0.000000 0.082200 0.000000 0.067300 0.116400 0.069600 0.055000 0.069800 0.040300 0.082900 0.053700 0.067400 0.084100 0.067300 0.053700 0.053500 0.097000 0.054000 0.084300 0.054100 0.070300 0.083100 0.112000 0.012800 0.000000
MuntiacusR 0.083000 0.269700 0.081000 0.251300 0.067200 0.116800 0.120000 0.067700 0.067300 0.012500 0.110100 0.053000 0.053100 0.082300 0.097000 0.127500 0.039400 0.039400 0.082100 0.067300 0.067300 0.082100 0.038300 0.039100 0.096200 0.080100 0.067800 0.067300 0.094700 0.067300 0.000000 0.129700 0.053500 0.067800 0.082600 0.067600 0.095700 0.066400 0.079900 0.039200 0.025100 0.066100 0.012500 0.053400 0.081500 0.112300 0.066700 0.083300 0.095700 0.124800 0.081300 0.067300
HarveysDui 0.070500 0.379000 0.131000 0.302400 0.084500 0.072300 0.071700 0.085300 0.116400 0.114000 0.097700 0.100000 0.069000 0.069700 0.084300 0.131000 0.101200 0.100900 0.069700 0.116400 0.084500 0.069500 0.112800 0.149500 0.083900 0.068000 0.055200 0.116400 0.082200 0.116400 0.129700 0.000000 0.117900 0.055200 0.069900 0.133200 0.083300 0.054000 0.097400 0.149600 0.097700 0.083000 0.114000 0.169900 0.148400 0.099800 0.115200 0.070800 0.083400 0.112300 0.131800 0.116400
Pronghorn 0.086000 0.276000 0.083600 0.233400 0.069600 0.104800 0.125100 0.070100 0.069600 0.039800 0.113700 0.054700 0.084400 0.085100 0.100300 0.098000 0.013100 0.013100 0.084900 0.069600 0.069600 0.084900 0.053400 0.069200 0.099600 0.082800 0.070200 0.069600 0.082700 0.069600 0.053500 0.117900 0.000000 0.070200 0.085400 0.069900 0.098900 0.054200 0.082500 0.069300 0.039700 0.068400 0.039800 0.085200 0.084100 0.100000 0.069000 0.086600 0.099100 0.112900 0.084000 0.069600
BlueWildeb 0.013300 0.300900 0.068800 0.234400 0.026700 0.042100 0.043400 0.026800 0.055000 0.053800 0.039600 0.040400 0.013100 0.013200 0.026600 0.083100 0.055100 0.055100 0.013200 0.055000 0.026700 0.013200 0.082000 0.084200 0.026500 0.039600 0.000000 0.055000 0.053300 0.055000 0.067800 0.055200 0.070200 0.000000 0.013200 0.070100 0.026300 0.026300 0.039200 0.084500 0.067800 0.026200 0.053800 0.100900 0.083900 0.040400 0.054500 0.013400 0.026300 0.081700 0.069100 0.055000
Gemsbok 0.027000 0.326200 0.083900 0.255500 0.040500 0.056800 0.058500 0.040800 0.069800 0.068200 0.053500 0.054900 0.026400 0.013100 0.040500 0.098300 0.069800 0.069800 0.026700 0.069800 0.040600 0.026500 0.097000 0.099700 0.040200 0.053500 0.013200 0.069800 0.039200 0.069800 0.082600 0.069900 0.085400 0.013200 0.000000 0.085000 0.039900 0.039700 0.053300 0.100100 0.082500 0.039800 0.068200 0.117100 0.084400 0.054500 0.069000 0.027100 0.026000 0.096700 0.084200 0.069800
Yak 0.085400 0.356300 0.053900 0.283600 0.069300 0.120000 0.090500 0.069800 0.040300 0.053700 0.113100 0.026500 0.084000 0.084700 0.099900 0.130600 0.054900 0.054900 0.084300 0.040300 0.069400 0.084300 0.081700 0.083900 0.098900 0.082400 0.069800 0.040300 0.097200 0.040300 0.067600 0.133200 0.069900 0.070100 0.085000 0.000000 0.098200 0.068200 0.082100 0.084400 0.067600 0.068100 0.053700 0.098400 0.012900 0.115300 0.068400 0.085900 0.098500 0.128000 0.054000 0.040300
BlueSheep 0.013000 0.319000 0.067200 0.232200 0.053600 0.041100 0.072300 0.054000 0.082900 0.081200 0.012600 0.067900 0.039500 0.039800 0.039800 0.067200 0.083100 0.083100 0.012900 0.082900 0.053700 0.013000 0.080300 0.113100 0.000100 0.066400 0.026300 0.082900 0.080500 0.082900 0.095700 0.083300 0.098900 0.026300 0.039900 0.098200 0.000000 0.052900 0.066200 0.113300 0.095700 0.052700 0.081200 0.130900 0.112500 0.039400 0.053100 0.040300 0.025800 0.080100 0.067400 0.082900
BohorReedb 0.040200 0.297600 0.067300 0.210400 0.026100 0.041200 0.072400 0.026200 0.053700 0.052600 0.066500 0.039700 0.039300 0.039800 0.053600 0.067200 0.039700 0.039900 0.039700 0.053700 0.026100 0.039600 0.052200 0.082300 0.053300 0.038800 0.026300 0.053700 0.025400 0.053700 0.066400 0.054000 0.054200 0.026300 0.039700 0.068200 0.052900 0.000000 0.038600 0.082500 0.038700 0.025700 0.052600 0.098700 0.082000 0.067700 0.053300 0.040400 0.053000 0.052100 0.067600 0.053700
KirksDik 0.053700 0.292300 0.081100 0.249800 0.039200 0.084700 0.086800 0.039400 0.067400 0.066000 0.080000 0.053000 0.052700 0.053100 0.067100 0.095700 0.067400 0.067400 0.052700 0.067400 0.039200 0.053000 0.094200 0.096400 0.066600 0.051800 0.039400 0.067400 0.065500 0.067400 0.079900 0.097400 0.082500 0.039200 0.053300 0.082100 0.066200 0.038600 0.000000 0.096600 0.079900 0.038600 0.066000 0.113200 0.096100 0.081400 0.066700 0.053800 0.066400 0.093900 0.081400 0.067400
RoeDeer 0.100300 0.302100 0.098300 0.280300 0.083800 0.136300 0.141100 0.084300 0.084100 0.026000 0.128300 0.068900 0.068900 0.099700 0.115300 0.146600 0.054400 0.054400 0.099200 0.084100 0.083800 0.099200 0.052700 0.054000 0.114000 0.096800 0.084500 0.084100 0.112200 0.084100 0.039200 0.149600 0.069300 0.084500 0.100100 0.084400 0.113300 0.082500 0.096600 0.000000 0.039200 0.082300 0.026000 0.069100 0.098900 0.131000 0.083100 0.101100 0.113400 0.143400 0.098500 0.084100
WhiteLippe 0.083000 0.248100 0.081000 0.229900 0.067200 0.084900 0.119900 0.067700 0.067300 0.012500 0.110000 0.053000 0.053100 0.082300 0.097000 0.111700 0.026000 0.026000 0.082000 0.067300 0.067300 0.082000 0.012500 0.039100 0.096200 0.080100 0.067800 0.067300 0.065700 0.067300 0.025100 0.097700 0.039700 0.067800 0.082500 0.067600 0.095700 0.038700 0.079900 0.039200 0.000000 0.066100 0.012500 0.053400 0.081400 0.112200 0.066700 0.083200 0.095700 0.094200 0.081300 0.067300
ThomsonGaz 0.040000 0.271900 0.067300 0.229700 0.026000 0.070000 0.072000 0.026100 0.053700 0.052500 0.066300 0.039700 0.039400 0.039700 0.053500 0.052700 0.053700 0.053700 0.039600 0.053700 0.026100 0.039600 0.080000 0.081900 0.053000 0.012700 0.026200 0.053700 0.025400 0.053700 0.066100 0.083000 0.068400 0.026200 0.039800 0.068100 0.052700 0.025700 0.038600 0.082300 0.066100 0.000000 0.052500 0.098100 0.082000 0.067400 0.053100 0.040100 0.052800 0.080000 0.067400 0.053700
MuntiacusC 0.068500 0.248800 0.067000 0.230500 0.053300 0.101000 0.104000 0.053700 0.053500 0.000000 0.095400 0.039500 0.039500 0.068000 0.082500 0.111900 0.026100 0.026100 0.067700 0.053500 0.053400 0.067700 0.025300 0.025800 0.081700 0.066100 0.053800 0.053500 0.080400 0.053500 0.012500 0.114000 0.039800 0.053800 0.068200 0.053700 0.081200 0.052600 0.066000 0.026000 0.012500 0.052500 0.000000 0.039700 0.067300 0.097200 0.053000 0.068800 0.081300 0.109700 0.067200 0.053500
WhiteTaile 0.117800 0.331300 0.111700 0.286100 0.099900 0.156300 0.161300 0.069900 0.097000 0.039700 0.146300 0.081800 0.084500 0.116700 0.132800 0.166900 0.069600 0.069600 0.116500 0.097000 0.099800 0.116500 0.067600 0.013100 0.131700 0.113400 0.100900 0.097000 0.129400 0.097000 0.053400 0.169900 0.085200 0.100900 0.117100 0.098400 0.130900 0.098700 0.113200 0.069100 0.053400 0.098100 0.039700 0.000000 0.113300 0.150000 0.099200 0.118400 0.130900 0.162600 0.112500 0.097000
Cattle 0.099700 0.379500 0.067700 0.305400 0.083400 0.135200 0.105500 0.084000 0.054000 0.067300 0.127700 0.039800 0.098300 0.084000 0.114600 0.146100 0.068600 0.068800 0.098500 0.054000 0.083500 0.098500 0.095700 0.098200 0.113400 0.096500 0.083900 0.054000 0.096600 0.054000 0.081500 0.148400 0.084100 0.083900 0.084400 0.012900 0.112500 0.082000 0.096100 0.098900 0.081400 0.082000 0.067300 0.113300 0.000000 0.130000 0.082600 0.100400 0.097800 0.143100 0.067700 0.054000
RoyalAntel 0.026700 0.374500 0.098400 0.278300 0.068700 0.056200 0.089400 0.069300 0.084300 0.097200 0.052900 0.083500 0.053600 0.054400 0.068500 0.113500 0.099500 0.099500 0.026300 0.084300 0.068600 0.026500 0.096100 0.130900 0.039700 0.081700 0.040400 0.084300 0.096200 0.084300 0.112300 0.099800 0.100000 0.040400 0.054500 0.115300 0.039400 0.067700 0.081400 0.131000 0.112200 0.067400 0.097200 0.150000 0.130000 0.000000 0.068000 0.055200 0.067800 0.095500 0.068600 0.084300
Steenbok 0.040400 0.345200 0.067800 0.256000 0.026500 0.070900 0.105300 0.054400 0.054100 0.053000 0.066900 0.039900 0.068200 0.068800 0.083300 0.097700 0.054100 0.054100 0.039900 0.054100 0.054100 0.039900 0.052200 0.082800 0.053500 0.066900 0.054500 0.054100 0.081100 0.054100 0.066700 0.115200 0.069000 0.054500 0.069000 0.068400 0.053100 0.053300 0.066700 0.083100 0.066700 0.053100 0.053000 0.099200 0.082600 0.068000 0.000000 0.069800 0.082300 0.080600 0.039600 0.054100
Impala 0.027300 0.330600 0.084300 0.258800 0.040900 0.028000 0.059600 0.041300 0.070300 0.068800 0.053900 0.055400 0.026800 0.027000 0.040900 0.099100 0.070600 0.070600 0.027000 0.070300 0.040900 0.027000 0.098000 0.100800 0.040600 0.053900 0.013400 0.070300 0.068200 0.070300 0.083300 0.070800 0.086600 0.013400 0.027100 0.085900 0.040300 0.040400 0.053800 0.101100 0.083200 0.040100 0.068800 0.118400 0.100400 0.055200 0.069800 0.000000 0.040300 0.097300 0.084800 0.070300
Klipspring 0.040200 0.321600 0.067400 0.252900 0.053600 0.070400 0.072400 0.054000 0.083100 0.081300 0.038900 0.068200 0.039500 0.012800 0.039900 0.081600 0.083200 0.083200 0.039700 0.083100 0.053700 0.039700 0.110500 0.113100 0.025900 0.066500 0.026300 0.083100 0.065600 0.083100 0.095700 0.083400 0.099100 0.026300 0.026000 0.098500 0.025800 0.053000 0.066400 0.113400 0.095700 0.052800 0.081300 0.130900 0.097800 0.067800 0.082300 0.040300 0.000000 0.110300 0.097500 0.083100
ForestMusk 0.067400 0.390800 0.126700 0.228300 0.081200 0.068900 0.134400 0.081900 0.112000 0.109700 0.093900 0.096300 0.095700 0.096500 0.111500 0.111300 0.096900 0.096900 0.066600 0.112000 0.051900 0.066600 0.079200 0.143200 0.080300 0.094300 0.081700 0.112000 0.079600 0.112000 0.124800 0.112300 0.112900 0.081700 0.096700 0.128000 0.080100 0.052100 0.093900 0.143400 0.094200 0.080000 0.109700 0.162600 0.143100 0.095500 0.080600 0.097300 0.110300 0.000000 0.095700 0.112000
Bushbuck 0.054600 0.374300 0.025700 0.279100 0.068500 0.086000 0.122100 0.068900 0.012800 0.067200 0.081400 0.026200 0.083200 0.083800 0.099000 0.113500 0.068700 0.068700 0.054000 0.012800 0.068700 0.054000 0.066200 0.098000 0.067800 0.081600 0.069100 0.012800 0.096500 0.012800 0.081300 0.131800 0.084000 0.069100 0.084200 0.054000 0.067400 0.067600 0.081400 0.098500 0.081300 0.067400 0.067200 0.112500 0.067700 0.068600 0.039600 0.084800 0.097500 0.095700 0.000000 0.012800
GreaterKud 0.069900 0.352800 0.012800 0.280100 0.054500 0.102800 0.106400 0.054800 0.000000 0.053500 0.097300 0.013100 0.069000 0.069500 0.084500 0.113800 0.054600 0.054600 0.069100 0.000000 0.054800 0.069100 0.081300 0.083400 0.083300 0.067600 0.055000 0.000000 0.082200 0.000000 0.067300 0.116400 0.069600 0.055000 0.069800 0.040300 0.082900 0.053700 0.067400 0.084100 0.067300 0.053700 0.053500 0.097000 0.054000 0.084300 0.054100 0.070300 0.083100 0.112000 0.012800 0.000000
