1
52 1
Argali 0.000000 0.210300 0.085100 0.197700 0.073700 0.000100 0.088300 0.070700 0.085800 0.114700 0.014100 0.070700 0.071500 0.124900 0.072600 0.056400 0.205000 0.186600 0.014200 0.103500 0.057000 0.042300 0.122100 0.072300 0.014100 0.040900 0.055600 0.070000 0.041000 0.070000 0.131100 0.103300 0.136700 0.040400 0.086400 0.104200 0.028200 0.135800 0.072800 0.123400 0.104400 0.057300 0.114700 0.072400 0.103800 0.066000 0.057100 0.086800 0.073100 0.087800 0.070000 0.069400
LesserMous 0.210300 0.000000 0.236100 0.253900 0.234600 0.210600 0.219400 0.196400 0.236800 0.241500 0.193500 0.198600 0.197300 0.205400 0.183000 0.144600 0.223000 0.203300 0.195100 0.260700 0.180100 0.226000 0.180800 0.199800 0.193500 0.162800 0.179900 0.219400 0.162800 0.219400 0.260000 0.197700 0.129600 0.163400 0.179300 0.239400 0.209800 0.271100 0.195900 0.182300 0.161400 0.185300 0.241500 0.198700 0.244100 0.183400 0.182100 0.178900 0.165000 0.144500 0.219400 0.219000
LesserKudu 0.085100 0.236100 0.000000 0.183700 0.104400 0.085600 0.108100 0.090100 0.028900 0.167300 0.069800 0.029100 0.090600 0.145200 0.092800 0.075100 0.193200 0.210600 0.070300 0.044300 0.075300 0.100900 0.143000 0.092700 0.069800 0.059900 0.075100 0.014400 0.060000 0.014400 0.184400 0.109500 0.159200 0.060100 0.089300 0.060100 0.085800 0.171900 0.092900 0.144300 0.124900 0.077400 0.167300 0.092700 0.060000 0.087900 0.076200 0.106500 0.093000 0.140500 0.014400 0.014400
KillerWhal 0.197700 0.253900 0.183700 0.000000 0.221500 0.198000 0.205900 0.182100 0.183800 0.247900 0.180900 0.147900 0.146700 0.252500 0.169300 0.130200 0.223800 0.242800 0.181200 0.205900 0.166100 0.213700 0.225700 0.186000 0.180900 0.148400 0.165800 0.167000 0.148600 0.167000 0.266500 0.208800 0.212400 0.149200 0.202100 0.186700 0.196900 0.300100 0.181500 0.188000 0.204500 0.170800 0.247900 0.186000 0.186500 0.182800 0.167900 0.202500 0.188700 0.185600 0.167000 0.166600
DefassaWat 0.073700 0.234600 0.104400 0.221500 0.000000 0.073800 0.056200 0.088500 0.105200 0.166800 0.058900 0.089600 0.089100 0.126900 0.057800 0.073500 0.191000 0.172600 0.059000 0.089100 0.074000 0.088400 0.107600 0.090900 0.058900 0.057000 0.072900 0.089200 0.057900 0.089200 0.184300 0.091000 0.157500 0.057600 0.104700 0.090300 0.073600 0.057800 0.073700 0.143800 0.123900 0.041400 0.166800 0.090800 0.089900 0.085100 0.074500 0.105400 0.091000 0.106100 0.089200 0.088500
Sheep 0.000100 0.210600 0.085600 0.198000 0.073800 0.000000 0.088800 0.071200 0.086300 0.115100 0.014100 0.071200 0.072000 0.125400 0.073100 0.057000 0.205500 0.187100 0.014200 0.104100 0.057600 0.042300 0.122600 0.072800 0.014100 0.040400 0.056100 0.070600 0.041700 0.070600 0.131500 0.104300 0.137200 0.041000 0.087100 0.104700 0.028300 0.136100 0.073300 0.123900 0.104900 0.057800 0.115100 0.072800 0.104300 0.067100 0.057700 0.087200 0.073500 0.088300 0.070600 0.070000
MaxwellsDu 0.088300 0.219400 0.108100 0.205900 0.056200 0.088800 0.000000 0.076300 0.108500 0.153700 0.073200 0.077000 0.076400 0.062100 0.062000 0.060800 0.215200 0.196000 0.074000 0.105800 0.061000 0.103900 0.111300 0.078400 0.073200 0.045600 0.060900 0.092900 0.045600 0.092900 0.170800 0.030200 0.144800 0.045700 0.108900 0.093400 0.088200 0.120000 0.061400 0.129800 0.110900 0.057800 0.153700 0.078400 0.093200 0.074000 0.061700 0.092300 0.046500 0.109200 0.092900 0.092600
GazellaPrz 0.070700 0.196400 0.090100 0.182100 0.088500 0.071200 0.076300 0.000000 0.090400 0.134800 0.055800 0.059600 0.059500 0.111300 0.061000 0.044400 0.193100 0.174700 0.056900 0.107800 0.044600 0.086000 0.109500 0.060900 0.055800 0.029600 0.044400 0.075200 0.029600 0.075200 0.151300 0.077200 0.125100 0.029700 0.090600 0.091900 0.070600 0.120200 0.030100 0.110200 0.092200 0.045900 0.134800 0.060800 0.091700 0.055900 0.045100 0.074900 0.061100 0.107600 0.075200 0.074900
MountainNy 0.085800 0.236800 0.028900 0.183800 0.105200 0.086300 0.108500 0.090400 0.000000 0.168000 0.070400 0.029100 0.090900 0.145700 0.093200 0.075400 0.193700 0.211200 0.071000 0.044400 0.075600 0.101600 0.143500 0.093000 0.070400 0.060100 0.075400 0.014400 0.060200 0.014400 0.185200 0.109800 0.159700 0.060300 0.089500 0.060300 0.086500 0.172900 0.093300 0.144700 0.125400 0.077600 0.168000 0.093000 0.060200 0.088700 0.076400 0.106800 0.093200 0.141000 0.014400 0.014500
MuntiacusM 0.114700 0.241500 0.167300 0.247900 0.166800 0.115100 0.153700 0.134800 0.168000 0.000000 0.099900 0.135500 0.135500 0.192900 0.121800 0.119800 0.236300 0.218000 0.100300 0.187400 0.120000 0.129700 0.119900 0.104500 0.099900 0.104600 0.119700 0.152400 0.104600 0.152400 0.013500 0.155700 0.168000 0.104700 0.167800 0.170600 0.114500 0.234400 0.138600 0.121200 0.103300 0.123300 0.000000 0.104700 0.170200 0.134400 0.121300 0.119200 0.138800 0.119900 0.152400 0.151900
goat 0.014100 0.193500 0.069800 0.180900 0.058900 0.014100 0.073200 0.055800 0.070400 0.099900 0.000000 0.055700 0.056700 0.109200 0.057200 0.041600 0.189100 0.170800 0.000200 0.088000 0.042200 0.028100 0.106600 0.056900 0.000000 0.024100 0.040500 0.054500 0.025700 0.054500 0.116000 0.088200 0.121200 0.024800 0.071200 0.089000 0.014100 0.120500 0.057400 0.107900 0.089100 0.041800 0.099900 0.057100 0.088600 0.050000 0.042100 0.071900 0.057700 0.072800 0.054500 0.054000
AfricanBuf 0.070700 0.198600 0.029100 0.147900 0.089600 0.071200 0.077000 0.059600 0.029100 0.135500 0.055700 0.000000 0.059900 0.112000 0.061400 0.044700 0.159400 0.176500 0.056500 0.044900 0.044800 0.086100 0.110300 0.061200 0.055700 0.029800 0.044700 0.014300 0.029800 0.014300 0.152000 0.077700 0.126100 0.029800 0.090800 0.029800 0.070600 0.155700 0.061500 0.111200 0.092900 0.046100 0.135500 0.061300 0.029800 0.055300 0.045300 0.075400 0.061500 0.108200 0.014300 0.014200
Topi 0.071500 0.197300 0.090600 0.146700 0.089100 0.072000 0.076400 0.059500 0.090900 0.135500 0.056700 0.059900 0.000000 0.111400 0.061200 0.044600 0.194300 0.176100 0.057500 0.108400 0.044700 0.086900 0.109800 0.061000 0.056700 0.029700 0.014700 0.075700 0.029700 0.075700 0.151900 0.077300 0.125600 0.029700 0.090700 0.092300 0.071500 0.154900 0.061300 0.110700 0.092600 0.046000 0.135500 0.061000 0.092200 0.057000 0.045100 0.075300 0.061300 0.107900 0.075700 0.075400
CommonDuik 0.124900 0.205400 0.145200 0.252500 0.126900 0.125400 0.062100 0.111300 0.145700 0.192900 0.109200 0.112000 0.111400 0.000000 0.094100 0.095100 0.239800 0.219600 0.110000 0.145400 0.095500 0.140700 0.131500 0.114800 0.109200 0.079200 0.095200 0.129300 0.079300 0.129300 0.210900 0.046600 0.166200 0.079400 0.128400 0.130100 0.124800 0.177800 0.096000 0.150900 0.131000 0.081000 0.192900 0.114700 0.129900 0.113000 0.096300 0.094600 0.063900 0.128600 0.129300 0.129000
Suni 0.072600 0.183000 0.092800 0.169300 0.057800 0.073100 0.062000 0.061000 0.093200 0.121800 0.057200 0.061400 0.061200 0.094100 0.000000 0.045700 0.180100 0.161700 0.058000 0.077900 0.045900 0.088200 0.062500 0.046600 0.057200 0.030500 0.045700 0.077600 0.030500 0.077600 0.138300 0.062800 0.111500 0.030600 0.092900 0.061900 0.072400 0.123100 0.046600 0.096500 0.078300 0.015400 0.121800 0.046700 0.061900 0.057700 0.046400 0.077200 0.063000 0.077500 0.077600 0.077400
Springbuck 0.056400 0.144600 0.075100 0.130200 0.073500 0.057000 0.060800 0.044400 0.075400 0.119800 0.041600 0.044700 0.044600 0.095100 0.045700 0.000000 0.142400 0.125000 0.042200 0.092500 0.029700 0.071900 0.093700 0.045600 0.041600 0.014800 0.029600 0.060200 0.014800 0.060200 0.135900 0.061600 0.076900 0.014800 0.075200 0.076500 0.056400 0.138100 0.045700 0.094400 0.076800 0.030500 0.119800 0.045600 0.076400 0.039500 0.030000 0.059900 0.045800 0.060500 0.060200 0.060100
Okapi 0.205000 0.223000 0.193200 0.223800 0.191000 0.205500 0.215200 0.193100 0.193700 0.236300 0.189100 0.159400 0.194300 0.239800 0.180100 0.142400 0.000000 0.014700 0.189600 0.215000 0.177000 0.220900 0.177600 0.195800 0.189100 0.160200 0.177100 0.177600 0.160300 0.177600 0.253900 0.180800 0.118300 0.160800 0.191900 0.197200 0.204400 0.225900 0.199000 0.179400 0.158700 0.191500 0.236300 0.196000 0.197000 0.178400 0.161900 0.177100 0.162700 0.142100 0.177600 0.177100
Giraffe 0.186600 0.203300 0.210600 0.242800 0.172600 0.187100 0.196000 0.174700 0.211200 0.218000 0.170800 0.176500 0.176100 0.219600 0.161700 0.125000 0.014700 0.000000 0.171400 0.233100 0.159100 0.202400 0.159400 0.177400 0.170800 0.142400 0.159200 0.194800 0.142500 0.194800 0.235500 0.162200 0.099900 0.143100 0.173800 0.215100 0.186100 0.207100 0.180200 0.160900 0.141100 0.163500 0.218000 0.177500 0.214900 0.159400 0.143900 0.158900 0.144500 0.124800 0.194800 0.194300
TibetanAnt 0.014200 0.195100 0.070300 0.181200 0.059000 0.014200 0.074000 0.056900 0.071000 0.100300 0.000200 0.056500 0.057500 0.110000 0.058000 0.042200 0.189600 0.171400 0.000000 0.088500 0.042900 0.028300 0.107000 0.057300 0.000200 0.025500 0.041500 0.055000 0.026500 0.055000 0.116600 0.075100 0.121700 0.026400 0.072500 0.089700 0.014100 0.120800 0.058300 0.108200 0.089500 0.042800 0.100300 0.057000 0.089300 0.052200 0.043400 0.072600 0.058400 0.073600 0.055000 0.054400
Sitatunga 0.103500 0.260700 0.044300 0.205900 0.089100 0.104100 0.105800 0.107800 0.044400 0.187400 0.088000 0.044900 0.108400 0.145400 0.077900 0.092500 0.215000 0.233100 0.088500 0.000000 0.092800 0.119500 0.127900 0.111200 0.088000 0.076900 0.092500 0.029600 0.077000 0.029600 0.205200 0.108400 0.180000 0.077100 0.106800 0.045300 0.104200 0.157000 0.094000 0.164800 0.144400 0.062300 0.187400 0.111200 0.045200 0.106600 0.093800 0.124900 0.111400 0.125600 0.029600 0.029500
Oribi 0.057000 0.180100 0.075300 0.166100 0.074000 0.057600 0.061000 0.044600 0.075600 0.120000 0.042200 0.044800 0.044700 0.095500 0.045900 0.029700 0.177000 0.159100 0.042900 0.092800 0.000000 0.072400 0.094100 0.045800 0.042200 0.014800 0.029700 0.060400 0.014800 0.060400 0.136300 0.061900 0.109600 0.014900 0.075500 0.076700 0.056900 0.138700 0.045900 0.094700 0.077000 0.030600 0.120000 0.045800 0.076600 0.040500 0.030100 0.060000 0.046000 0.092300 0.060400 0.060200
BarbaryShe 0.042300 0.226000 0.100900 0.213700 0.088400 0.042300 0.103900 0.086000 0.101600 0.129700 0.028100 0.086100 0.086900 0.140700 0.088200 0.071900 0.220900 0.202400 0.028300 0.119500 0.072400 0.000000 0.137600 0.087900 0.028100 0.055800 0.071100 0.086000 0.056800 0.086000 0.146200 0.119600 0.152300 0.056300 0.070100 0.119700 0.013900 0.150700 0.088500 0.139100 0.119800 0.073200 0.129700 0.087800 0.119300 0.083200 0.072700 0.102100 0.088600 0.103200 0.086000 0.085400
Daviddeer 0.122100 0.180800 0.143000 0.225700 0.107600 0.122600 0.111300 0.109500 0.143500 0.119900 0.106600 0.110300 0.109800 0.131500 0.062500 0.093700 0.177600 0.159400 0.107000 0.127900 0.094100 0.137600 0.000000 0.046400 0.106600 0.078100 0.093800 0.127500 0.078100 0.127500 0.135700 0.079200 0.109900 0.078300 0.109100 0.111200 0.121900 0.140100 0.095600 0.030800 0.014900 0.063200 0.119900 0.046500 0.111000 0.107800 0.095200 0.126500 0.079400 0.061100 0.127500 0.127100
Reindeer 0.072300 0.199800 0.092700 0.186000 0.090900 0.072800 0.078400 0.060900 0.093000 0.104500 0.056900 0.061200 0.061000 0.114800 0.046600 0.045600 0.195800 0.177400 0.057300 0.111200 0.045800 0.087900 0.046400 0.000000 0.056900 0.030300 0.045600 0.077400 0.030400 0.077400 0.120600 0.079500 0.127200 0.030400 0.092700 0.094600 0.072100 0.158400 0.062800 0.046700 0.030400 0.047100 0.104500 0.000300 0.094400 0.055400 0.046300 0.076800 0.062900 0.110400 0.077400 0.077200
Ibex 0.014100 0.193500 0.069800 0.180900 0.058900 0.014100 0.073200 0.055800 0.070400 0.099900 0.000000 0.055700 0.056700 0.109200 0.057200 0.041600 0.189100 0.170800 0.000200 0.088000 0.042200 0.028100 0.106600 0.056900 0.000000 0.024100 0.040500 0.054500 0.025700 0.054500 0.116000 0.088200 0.121200 0.024800 0.071200 0.089000 0.014100 0.120500 0.057400 0.107900 0.089100 0.041800 0.099900 0.057100 0.088600 0.050000 0.042100 0.071900 0.057700 0.072800 0.054500 0.054000
GyrantGaze 0.040900 0.162800 0.059900 0.148400 0.057000 0.040400 0.045600 0.029600 0.060100 0.104600 0.024100 0.029800 0.029700 0.079200 0.030500 0.014800 0.160200 0.142400 0.025500 0.076900 0.014800 0.055800 0.078100 0.030300 0.024100 0.000000 0.014800 0.045000 0.000100 0.045000 0.120600 0.046200 0.093500 0.000200 0.060200 0.061100 0.039800 0.121800 0.030500 0.078600 0.061400 0.015300 0.104600 0.030300 0.061100 0.021800 0.015000 0.044900 0.030600 0.076700 0.045000 0.044900
Hartebeest 0.055600 0.179900 0.075100 0.165800 0.072900 0.056100 0.060900 0.044400 0.075400 0.119700 0.040500 0.044700 0.014700 0.095200 0.045700 0.029600 0.177100 0.159200 0.041500 0.092500 0.029700 0.071100 0.093800 0.045600 0.040500 0.014800 0.000000 0.060200 0.014800 0.060200 0.135900 0.061600 0.109400 0.014800 0.075300 0.076600 0.055500 0.138300 0.045800 0.094500 0.076800 0.030500 0.119700 0.045500 0.076500 0.039700 0.030000 0.059900 0.045800 0.092100 0.060200 0.060100
Bongo 0.070000 0.219400 0.014400 0.167000 0.089200 0.070600 0.092900 0.075200 0.014400 0.152400 0.054500 0.014300 0.075700 0.129300 0.077600 0.060200 0.177600 0.194800 0.055000 0.029600 0.060400 0.086000 0.127500 0.077400 0.054500 0.045000 0.060200 0.000000 0.045100 0.000000 0.169200 0.094100 0.143700 0.045200 0.074500 0.045200 0.070800 0.156600 0.077600 0.128600 0.109600 0.062100 0.152400 0.077400 0.045100 0.072400 0.061000 0.091500 0.077700 0.125100 0.000000 0.000100
Gerenuk 0.041000 0.162800 0.060000 0.148600 0.057900 0.041700 0.045600 0.029600 0.060200 0.104600 0.025700 0.029800 0.029700 0.079300 0.030500 0.014800 0.160300 0.142500 0.026500 0.077000 0.014800 0.056800 0.078100 0.030400 0.025700 0.000100 0.014800 0.045100 0.000000 0.045100 0.120600 0.046300 0.093600 0.000200 0.060200 0.061200 0.040900 0.122300 0.030500 0.078700 0.061400 0.015300 0.104600 0.030400 0.061100 0.022000 0.015000 0.044900 0.030600 0.076700 0.045100 0.045000
CommonElan 0.070000 0.219400 0.014400 0.167000 0.089200 0.070600 0.092900 0.075200 0.014400 0.152400 0.054500 0.014300 0.075700 0.129300 0.077600 0.060200 0.177600 0.194800 0.055000 0.029600 0.060400 0.086000 0.127500 0.077400 0.054500 0.045000 0.060200 0.000000 0.045100 0.000000 0.169200 0.094100 0.143700 0.045200 0.074500 0.045200 0.070800 0.156600 0.077600 0.128600 0.109600 0.062100 0.152400 0.077400 0.045100 0.072400 0.061000 0.091500 0.077700 0.125100 0.000000 0.000100
MuntiacusR 0.131100 0.260000 0.184400 0.266500 0.184300 0.131500 0.170800 0.151300 0.185200 0.013500 0.116000 0.152000 0.151900 0.210900 0.138300 0.135900 0.253900 0.235500 0.116600 0.205200 0.136300 0.146200 0.135700 0.120600 0.116000 0.120600 0.135900 0.169200 0.120600 0.169200 0.000000 0.172800 0.184800 0.120700 0.184900 0.187800 0.130900 0.253000 0.155500 0.137500 0.118800 0.140000 0.013500 0.120700 0.187400 0.151900 0.137700 0.135300 0.155500 0.136100 0.169200 0.168700
HarveysDui 0.103300 0.197700 0.109500 0.208800 0.091000 0.104300 0.030200 0.077200 0.109800 0.155700 0.088200 0.077700 0.077300 0.046600 0.062800 0.061600 0.180800 0.162200 0.075100 0.108400 0.061900 0.119600 0.079200 0.079500 0.088200 0.046200 0.061600 0.094100 0.046300 0.094100 0.172800 0.000000 0.111900 0.046300 0.077300 0.094600 0.103200 0.123300 0.062200 0.096900 0.078900 0.047200 0.155700 0.092600 0.094500 0.076200 0.062500 0.093500 0.015400 0.077500 0.094100 0.093800
Pronghorn 0.136700 0.129600 0.159200 0.212400 0.157500 0.137200 0.144800 0.125100 0.159700 0.168000 0.121200 0.126100 0.125600 0.166200 0.111500 0.076900 0.118300 0.099900 0.121700 0.180000 0.109600 0.152300 0.109900 0.127200 0.121200 0.093500 0.109400 0.143700 0.093600 0.143700 0.184800 0.111900 0.000000 0.093800 0.124600 0.162500 0.136400 0.191200 0.129100 0.111000 0.092600 0.112700 0.168000 0.127300 0.162300 0.124600 0.110800 0.142600 0.095000 0.076700 0.143700 0.143300
BlueWildeb 0.040400 0.163400 0.060100 0.149200 0.057600 0.041000 0.045700 0.029700 0.060300 0.104700 0.024800 0.029800 0.029700 0.079400 0.030600 0.014800 0.160800 0.143100 0.026400 0.077100 0.014900 0.056300 0.078300 0.030400 0.024800 0.000200 0.014800 0.045200 0.000200 0.045200 0.120700 0.046300 0.093800 0.000000 0.060300 0.061300 0.040300 0.122800 0.030600 0.078800 0.061600 0.015300 0.104700 0.030400 0.061200 0.023100 0.015000 0.045000 0.030600 0.076800 0.045200 0.045000
Gemsbok 0.086400 0.179300 0.089300 0.202100 0.104700 0.087100 0.108900 0.090600 0.089500 0.167800 0.071200 0.090800 0.090700 0.128400 0.092900 0.075200 0.191900 0.173800 0.072500 0.106800 0.075500 0.070100 0.109100 0.092700 0.071200 0.060200 0.075300 0.074500 0.060200 0.074500 0.184900 0.077300 0.124600 0.060300 0.000000 0.124600 0.053800 0.137000 0.093300 0.109900 0.091900 0.077700 0.167800 0.092700 0.124400 0.089300 0.076300 0.106500 0.061000 0.107400 0.074500 0.074300
Yak 0.104200 0.239400 0.060100 0.186700 0.090300 0.104700 0.093400 0.091900 0.060300 0.170600 0.089000 0.029800 0.092300 0.130100 0.061900 0.076500 0.197200 0.215100 0.089700 0.045300 0.076700 0.119700 0.111200 0.094600 0.089000 0.061100 0.076600 0.045200 0.061200 0.045200 0.187800 0.094600 0.162500 0.061300 0.124600 0.000000 0.104100 0.156600 0.078000 0.147300 0.127500 0.046500 0.170600 0.094600 0.000100 0.090300 0.077500 0.108700 0.094900 0.109100 0.045200 0.045000
BlueSheep 0.028200 0.209800 0.085800 0.196900 0.073600 0.028300 0.088200 0.070600 0.086500 0.114500 0.014100 0.070600 0.071500 0.124800 0.072400 0.056400 0.204400 0.186100 0.014100 0.104200 0.056900 0.013900 0.121900 0.072100 0.014100 0.039800 0.055500 0.070800 0.040900 0.070800 0.130900 0.103200 0.136400 0.040300 0.053800 0.104100 0.000000 0.135600 0.072700 0.123200 0.104200 0.057200 0.114500 0.072200 0.103700 0.065800 0.057100 0.086600 0.072800 0.088300 0.070800 0.070200
BohorReedb 0.135800 0.271100 0.171900 0.300100 0.057800 0.136100 0.120000 0.120200 0.172900 0.234400 0.120500 0.155700 0.154900 0.177800 0.123100 0.138100 0.225900 0.207100 0.120800 0.157000 0.138700 0.150700 0.140100 0.158400 0.120500 0.121800 0.138300 0.156600 0.122300 0.156600 0.253000 0.123300 0.191200 0.122800 0.137000 0.156600 0.135600 0.000000 0.140000 0.177600 0.156500 0.107300 0.234400 0.158000 0.156100 0.153700 0.140000 0.171600 0.123400 0.138000 0.156600 0.155900
KirksDik 0.072800 0.195900 0.092900 0.181500 0.073700 0.073300 0.061400 0.030100 0.093300 0.138600 0.057400 0.061500 0.061300 0.096000 0.046600 0.045700 0.199000 0.180200 0.058300 0.094000 0.045900 0.088500 0.095600 0.062800 0.057400 0.030500 0.045800 0.077600 0.030500 0.077600 0.155500 0.062200 0.129100 0.030600 0.093300 0.078000 0.072700 0.140000 0.000000 0.114000 0.095100 0.031100 0.138600 0.062800 0.077900 0.057100 0.046500 0.077200 0.063100 0.093800 0.077600 0.077400
RoeDeer 0.123400 0.182300 0.144300 0.188000 0.143800 0.123900 0.129800 0.110200 0.144700 0.121200 0.107900 0.111200 0.110700 0.150900 0.096500 0.094400 0.179400 0.160900 0.108200 0.164800 0.094700 0.139100 0.030800 0.046700 0.107900 0.078600 0.094500 0.128600 0.078700 0.128600 0.137500 0.096900 0.111000 0.078800 0.109900 0.147300 0.123200 0.177600 0.114000 0.000000 0.015100 0.097500 0.121200 0.046800 0.147000 0.109400 0.095800 0.127600 0.079900 0.094300 0.128600 0.128300
WhiteLippe 0.104400 0.161400 0.124900 0.204500 0.123900 0.104900 0.110900 0.092200 0.125400 0.103300 0.089100 0.092900 0.092600 0.131000 0.078300 0.076800 0.158700 0.141100 0.089500 0.144400 0.077000 0.119800 0.014900 0.030400 0.089100 0.061400 0.076800 0.109600 0.061400 0.109600 0.118800 0.078900 0.092600 0.061600 0.091900 0.127500 0.104200 0.156500 0.095100 0.015100 0.000000 0.079200 0.103300 0.030400 0.127300 0.089600 0.077900 0.108800 0.062300 0.076600 0.109600 0.109300
ThomsonGaz 0.057300 0.185300 0.077400 0.170800 0.041400 0.057800 0.057800 0.045900 0.077600 0.123300 0.041800 0.046100 0.046000 0.081000 0.015400 0.030500 0.191500 0.163500 0.042800 0.062300 0.030600 0.073200 0.063200 0.047100 0.041800 0.015300 0.030500 0.062100 0.015300 0.062100 0.140000 0.047200 0.112700 0.015300 0.077700 0.046500 0.057200 0.107300 0.031100 0.097500 0.079200 0.000000 0.123300 0.047100 0.046400 0.040700 0.030900 0.061700 0.047300 0.062200 0.062100 0.061800
MuntiacusC 0.114700 0.241500 0.167300 0.247900 0.166800 0.115100 0.153700 0.134800 0.168000 0.000000 0.099900 0.135500 0.135500 0.192900 0.121800 0.119800 0.236300 0.218000 0.100300 0.187400 0.120000 0.129700 0.119900 0.104500 0.099900 0.104600 0.119700 0.152400 0.104600 0.152400 0.013500 0.155700 0.168000 0.104700 0.167800 0.170600 0.114500 0.234400 0.138600 0.121200 0.103300 0.123300 0.000000 0.104700 0.170200 0.134400 0.121300 0.119200 0.138800 0.119900 0.152400 0.151900
WhiteTaile 0.072400 0.198700 0.092700 0.186000 0.090800 0.072800 0.078400 0.060800 0.093000 0.104700 0.057100 0.061300 0.061000 0.114700 0.046700 0.045600 0.196000 0.177500 0.057000 0.111200 0.045800 0.087800 0.046500 0.000300 0.057100 0.030300 0.045500 0.077400 0.030400 0.077400 0.120700 0.092600 0.127300 0.030400 0.092700 0.094600 0.072200 0.158000 0.062800 0.046800 0.030400 0.047100 0.104700 0.000000 0.094500 0.055100 0.046300 0.076900 0.062900 0.110400 0.077400 0.077200
Cattle 0.103800 0.244100 0.060000 0.186500 0.089900 0.104300 0.093200 0.091700 0.060200 0.170200 0.088600 0.029800 0.092200 0.129900 0.061900 0.076400 0.197000 0.214900 0.089300 0.045200 0.076600 0.119300 0.111000 0.094400 0.088600 0.061100 0.076500 0.045100 0.061100 0.045100 0.187400 0.094500 0.162300 0.061200 0.124400 0.000100 0.103700 0.156100 0.077900 0.147000 0.127300 0.046400 0.170200 0.094500 0.000000 0.091100 0.077500 0.108500 0.094800 0.108900 0.045100 0.044900
RoyalAntel 0.066000 0.183400 0.087900 0.182800 0.085100 0.067100 0.074000 0.055900 0.088700 0.134400 0.050000 0.055300 0.057000 0.113000 0.057700 0.039500 0.178400 0.159400 0.052200 0.106600 0.040500 0.083200 0.107800 0.055400 0.050000 0.021800 0.039700 0.072400 0.022000 0.072400 0.151900 0.076200 0.124600 0.023100 0.089300 0.090300 0.065800 0.153700 0.057100 0.109400 0.089600 0.040700 0.134400 0.055100 0.091100 0.000000 0.041800 0.072500 0.058300 0.107200 0.072400 0.071800
Steenbok 0.057100 0.182100 0.076200 0.167900 0.074500 0.057700 0.061700 0.045100 0.076400 0.121300 0.042100 0.045300 0.045100 0.096300 0.046400 0.030000 0.161900 0.143900 0.043400 0.093800 0.030100 0.072700 0.095200 0.046300 0.042100 0.015000 0.030000 0.061000 0.015000 0.061000 0.137700 0.062500 0.110800 0.015000 0.076300 0.077500 0.057100 0.140000 0.046500 0.095800 0.077900 0.030900 0.121300 0.046300 0.077500 0.041800 0.000000 0.060600 0.046400 0.093200 0.061000 0.060900
Impala 0.086800 0.178900 0.106500 0.202500 0.105400 0.087200 0.092300 0.074900 0.106800 0.119200 0.071900 0.075400 0.075300 0.094600 0.077200 0.059900 0.177100 0.158900 0.072600 0.124900 0.060000 0.102100 0.126500 0.076800 0.071900 0.044900 0.059900 0.091500 0.044900 0.091500 0.135300 0.093500 0.142600 0.045000 0.106500 0.108700 0.086600 0.171600 0.077200 0.127600 0.108800 0.061700 0.119200 0.076900 0.108500 0.072500 0.060600 0.000000 0.077200 0.124500 0.091500 0.091300
Klipspring 0.073100 0.165000 0.093000 0.188700 0.091000 0.073500 0.046500 0.061100 0.093200 0.138800 0.057700 0.061500 0.061300 0.063900 0.063000 0.045800 0.162700 0.144500 0.058400 0.111400 0.046000 0.088600 0.079400 0.062900 0.057700 0.030600 0.045800 0.077700 0.030600 0.077700 0.155500 0.015400 0.095000 0.030600 0.061000 0.094900 0.072800 0.123400 0.063100 0.079900 0.062300 0.047300 0.138800 0.062900 0.094800 0.058300 0.046400 0.077200 0.000000 0.077800 0.077700 0.077400
ForestMusk 0.087800 0.144500 0.140500 0.185600 0.106100 0.088300 0.109200 0.107600 0.141000 0.119900 0.072800 0.108200 0.107900 0.128600 0.077500 0.060500 0.142100 0.124800 0.073600 0.125600 0.092300 0.103200 0.061100 0.110400 0.072800 0.076700 0.092100 0.125100 0.076700 0.125100 0.136100 0.077500 0.076700 0.076800 0.107400 0.109100 0.088300 0.138000 0.093800 0.094300 0.076600 0.062200 0.119900 0.110400 0.108900 0.107200 0.093200 0.124500 0.077800 0.000000 0.125100 0.124800
Bushbuck 0.070000 0.219400 0.014400 0.167000 0.089200 0.070600 0.092900 0.075200 0.014400 0.152400 0.054500 0.014300 0.075700 0.129300 0.077600 0.060200 0.177600 0.194800 0.055000 0.029600 0.060400 0.086000 0.127500 0.077400 0.054500 0.045000 0.060200 0.000000 0.045100 0.000000 0.169200 0.094100 0.143700 0.045200 0.074500 0.045200 0.070800 0.156600 0.077600 0.128600 0.109600 0.062100 0.152400 0.077400 0.045100 0.072400 0.061000 0.091500 0.077700 0.125100 0.000000 0.000100
GreaterKud 0.069400 0.219000 0.014400 0.166600 0.088500 0.070000 0.092600 0.074900 0.014500 0.151900 0.054000 0.014200 0.075400 0.129000 0.077400 0.060100 0.177100 0.194300 0.054400 0.029500 0.060200 0.085400 0.127100 0.077200 0.054000 0.044900 0.060100 0.000100 0.045000 0.000100 0.168700 0.093800 0.143300 0.045000 0.074300 0.045000 0.070200 0.155900 0.077400 0.128300 0.109300 0.061800 0.151900 0.077200 0.044900 0.071800 0.060900 0.091300 0.077400 0.124800 0.000100 0.000000
