1
52 1
Argali 0.000000 0.298400 0.088500 0.269800 0.042700 0.000000 0.020500 0.020400 0.065200 0.088500 0.042900 0.042800 0.113000 0.020300 0.064600 0.065200 0.041200 0.021000 0.021000 0.041900 0.065200 0.021000 0.135200 0.087700 0.020400 0.065200 0.112500 0.065200 0.065200 0.065200 0.088500 0.020500 0.133800 0.112500 0.088600 0.065200 0.042200 0.042700 0.043100 0.110600 0.111600 0.065200 0.088500 0.087700 0.065200 0.113100 0.042800 0.133900 0.064200 0.087700 0.042800 0.065200
LesserMous 0.298400 0.000000 0.308000 0.478800 0.303400 0.298400 0.271800 0.326800 0.275700 0.311000 0.305900 0.302300 0.408100 0.271800 0.333400 0.336800 0.329500 0.330400 0.271800 0.245000 0.336800 0.271800 0.432200 0.368000 0.271800 0.336800 0.405900 0.275700 0.336800 0.275700 0.311000 0.271800 0.328500 0.405900 0.370200 0.275700 0.299000 0.303400 0.306800 0.396700 0.338200 0.336800 0.311000 0.368000 0.275700 0.345500 0.302600 0.358700 0.328600 0.245100 0.245000 0.275700
LesserKudu 0.088500 0.308000 0.000000 0.277800 0.043900 0.088500 0.066000 0.111500 0.021500 0.043900 0.090200 0.043900 0.166300 0.066000 0.066400 0.067200 0.089000 0.066100 0.066000 0.043800 0.067200 0.066000 0.090400 0.044200 0.066000 0.067200 0.166200 0.021400 0.067200 0.021900 0.044800 0.065800 0.137400 0.166200 0.139700 0.021400 0.088400 0.043200 0.090500 0.066800 0.021400 0.067200 0.043800 0.044200 0.021500 0.168300 0.089600 0.089000 0.111800 0.089900 0.043800 0.021300
KillerWhal 0.269800 0.478800 0.277800 0.000000 0.332600 0.269800 0.300500 0.298000 0.246900 0.279700 0.336300 0.217600 0.405300 0.300500 0.303700 0.366700 0.214800 0.243900 0.300500 0.272800 0.366700 0.300500 0.273700 0.336700 0.300500 0.366700 0.401900 0.246900 0.366700 0.246900 0.279700 0.300500 0.328500 0.401900 0.367300 0.246900 0.328700 0.332600 0.304500 0.365200 0.307300 0.366700 0.279700 0.336700 0.246900 0.312300 0.273300 0.243500 0.360100 0.244600 0.272800 0.246900
DefassaWat 0.042700 0.303400 0.043900 0.332600 0.000000 0.042700 0.021200 0.064600 0.066000 0.044100 0.043400 0.087500 0.114200 0.020700 0.065500 0.021600 0.087800 0.065200 0.021200 0.043200 0.021600 0.021200 0.137000 0.042300 0.021200 0.021600 0.114000 0.066000 0.020900 0.066000 0.044100 0.020900 0.135300 0.114000 0.089500 0.066000 0.042700 0.000000 0.043600 0.065800 0.066400 0.021200 0.043000 0.041700 0.066000 0.115200 0.088500 0.134900 0.064700 0.088600 0.043200 0.066000
Sheep 0.000000 0.298400 0.088500 0.269800 0.042700 0.000000 0.021000 0.020400 0.065300 0.088500 0.042900 0.042800 0.113000 0.020400 0.064600 0.065200 0.042400 0.021000 0.021000 0.042800 0.065200 0.020500 0.135200 0.087700 0.020600 0.065000 0.112500 0.065200 0.064800 0.065200 0.088500 0.021000 0.133800 0.112500 0.088600 0.065200 0.042200 0.042700 0.043100 0.110600 0.111600 0.065200 0.088500 0.087700 0.065200 0.113100 0.042800 0.133100 0.064200 0.087700 0.042800 0.065200
MaxwellsDu 0.020500 0.271800 0.066000 0.300500 0.021200 0.021000 0.000000 0.042400 0.042100 0.066200 0.020900 0.065200 0.089700 0.000000 0.042800 0.042500 0.064700 0.042700 0.000000 0.020700 0.043200 0.000000 0.160600 0.065500 0.000000 0.043200 0.089400 0.043200 0.043200 0.042100 0.066200 0.000000 0.110700 0.089400 0.066000 0.043200 0.020600 0.020800 0.021400 0.088000 0.088800 0.043200 0.065600 0.065500 0.042600 0.090200 0.065200 0.110600 0.042500 0.065300 0.021200 0.043200
GazellaPrz 0.020400 0.326800 0.111500 0.298000 0.064600 0.020400 0.042400 0.000000 0.087700 0.111400 0.065000 0.064700 0.137100 0.042400 0.086900 0.087500 0.064200 0.042400 0.040400 0.064700 0.087600 0.042400 0.159400 0.110500 0.042400 0.087500 0.136300 0.087700 0.087500 0.087700 0.111400 0.042400 0.157800 0.136300 0.111800 0.087900 0.063900 0.064600 0.065400 0.110200 0.135100 0.087500 0.111400 0.110500 0.087700 0.136600 0.064900 0.109900 0.086400 0.110600 0.064700 0.087700
MountainNy 0.065200 0.275700 0.021500 0.246900 0.066000 0.065300 0.042100 0.087700 0.000000 0.067300 0.066300 0.021500 0.139800 0.043200 0.043400 0.089800 0.065500 0.042700 0.043200 0.021500 0.089800 0.043200 0.113400 0.066400 0.043200 0.089800 0.139500 0.000000 0.089800 0.000000 0.067300 0.043200 0.112200 0.139500 0.114100 0.000000 0.064300 0.066000 0.066600 0.089200 0.042900 0.089800 0.067300 0.066400 0.000000 0.140900 0.066000 0.065600 0.087800 0.066200 0.021300 0.000000
MuntiacusM 0.088500 0.311000 0.043900 0.279700 0.044100 0.088500 0.066200 0.111400 0.067300 0.000000 0.090400 0.089700 0.166400 0.066200 0.066700 0.067500 0.089200 0.066300 0.066200 0.089800 0.067500 0.066200 0.139500 0.044400 0.066200 0.067500 0.166400 0.067300 0.067500 0.067300 0.000000 0.066200 0.137600 0.166400 0.139800 0.067300 0.088700 0.044100 0.090600 0.067100 0.067800 0.066100 0.000000 0.044400 0.066700 0.118100 0.137800 0.136600 0.111900 0.090100 0.089800 0.067300
goat 0.042900 0.305900 0.090200 0.336300 0.043400 0.042900 0.020900 0.065000 0.066300 0.090400 0.000000 0.088900 0.089500 0.021300 0.043000 0.066400 0.088300 0.064600 0.020800 0.043400 0.066400 0.021300 0.162400 0.066200 0.021300 0.066400 0.114600 0.066300 0.066400 0.066300 0.090400 0.020700 0.136200 0.114600 0.090000 0.066300 0.041500 0.043400 0.043800 0.089000 0.089800 0.066400 0.090400 0.066200 0.066300 0.115600 0.088800 0.135900 0.040600 0.089100 0.043400 0.066300
AfricanBuf 0.042800 0.302300 0.043900 0.217600 0.087500 0.042800 0.065200 0.064700 0.021500 0.089700 0.088900 0.000000 0.164300 0.065200 0.065500 0.112700 0.042900 0.021300 0.065200 0.043300 0.112700 0.065200 0.089100 0.089000 0.065200 0.112700 0.163700 0.021500 0.112700 0.021500 0.090000 0.065200 0.135600 0.163700 0.137900 0.021000 0.087300 0.088500 0.089400 0.112100 0.066300 0.112700 0.090000 0.089000 0.021500 0.164800 0.043300 0.088100 0.110600 0.088700 0.042000 0.021000
Topi 0.113000 0.408100 0.166300 0.405300 0.114200 0.113000 0.089700 0.137100 0.139800 0.166400 0.089500 0.164300 0.000000 0.089700 0.113800 0.139700 0.162900 0.138000 0.089700 0.114300 0.139700 0.089700 0.245500 0.139200 0.089700 0.139700 0.090300 0.139800 0.139700 0.139800 0.166400 0.089700 0.216200 0.090300 0.113700 0.139800 0.112800 0.114200 0.089500 0.163800 0.165600 0.139700 0.166400 0.139200 0.139800 0.194900 0.164700 0.215800 0.112800 0.164500 0.114300 0.139800
CommonDuik 0.020300 0.271800 0.066000 0.300500 0.020700 0.020400 0.000000 0.042400 0.043200 0.066200 0.021300 0.065200 0.089700 0.000000 0.042800 0.043200 0.065000 0.042700 0.000000 0.021200 0.043200 0.000000 0.160600 0.065500 0.000000 0.043200 0.089400 0.042300 0.043200 0.043200 0.066200 0.000000 0.110700 0.089400 0.066000 0.043200 0.021000 0.021200 0.021400 0.088000 0.088800 0.043200 0.066200 0.065500 0.043200 0.090200 0.065200 0.110600 0.042500 0.065300 0.020700 0.043000
Suni 0.064600 0.333400 0.066400 0.303700 0.065500 0.064600 0.042800 0.086900 0.043400 0.066700 0.043000 0.065500 0.113800 0.042800 0.000000 0.089000 0.065000 0.042100 0.042800 0.065400 0.089000 0.042800 0.111800 0.021400 0.042800 0.089300 0.139000 0.043400 0.089000 0.043400 0.066700 0.042800 0.111300 0.138100 0.113000 0.043400 0.064700 0.065500 0.065300 0.043100 0.043400 0.089000 0.066700 0.021000 0.043400 0.139700 0.111600 0.110900 0.042400 0.111800 0.065400 0.043400
Springbuck 0.065200 0.336800 0.067200 0.366700 0.021600 0.065200 0.042500 0.087500 0.089800 0.067500 0.066400 0.112700 0.139700 0.043200 0.089000 0.000000 0.111800 0.088500 0.043200 0.066000 0.000000 0.043200 0.163000 0.066600 0.043200 0.000000 0.090800 0.089800 0.000000 0.089800 0.067500 0.043200 0.160900 0.090800 0.114100 0.089800 0.064400 0.021000 0.066600 0.089500 0.090400 0.000000 0.067500 0.066600 0.089800 0.141400 0.112600 0.160100 0.087800 0.112900 0.066000 0.089800
Okapi 0.041200 0.329500 0.089000 0.214800 0.087800 0.042400 0.064700 0.064200 0.065500 0.089200 0.088300 0.042900 0.162900 0.065000 0.065000 0.111800 0.000000 0.020600 0.064700 0.087800 0.111800 0.064700 0.136000 0.088400 0.064700 0.111800 0.162200 0.065500 0.111800 0.065500 0.089200 0.064100 0.087000 0.162200 0.135600 0.065500 0.086800 0.087800 0.088600 0.111400 0.112400 0.111800 0.089200 0.088400 0.065500 0.163500 0.087900 0.134300 0.109800 0.135100 0.087800 0.065300
Giraffe 0.021000 0.330400 0.066100 0.243900 0.065200 0.021000 0.042700 0.042400 0.042700 0.066300 0.064600 0.021300 0.138000 0.042700 0.042100 0.088500 0.020600 0.000000 0.042700 0.065200 0.088200 0.042700 0.112100 0.065600 0.042700 0.088200 0.137500 0.043300 0.088500 0.043300 0.066300 0.042700 0.110800 0.137500 0.112600 0.043300 0.064400 0.065200 0.065800 0.088100 0.089000 0.088500 0.066300 0.065600 0.043300 0.138600 0.065300 0.110700 0.086900 0.111400 0.065200 0.043300
TibetanAnt 0.021000 0.271800 0.066000 0.300500 0.021200 0.021000 0.000000 0.040400 0.043200 0.066200 0.020800 0.065200 0.089700 0.000000 0.042800 0.043200 0.064700 0.042700 0.000000 0.020800 0.043200 0.000000 0.160600 0.065500 0.000000 0.042000 0.089400 0.043000 0.043200 0.043200 0.066200 0.000000 0.110700 0.089400 0.066000 0.043200 0.021000 0.021200 0.021400 0.088000 0.088800 0.043200 0.066200 0.065500 0.043400 0.090200 0.065200 0.110600 0.042500 0.065300 0.020800 0.043200
Sitatunga 0.041900 0.245000 0.043800 0.272800 0.043200 0.042800 0.020700 0.064700 0.021500 0.089800 0.043400 0.043300 0.114300 0.021200 0.065400 0.066000 0.087800 0.065200 0.020800 0.000000 0.066000 0.021200 0.136700 0.088800 0.021200 0.066000 0.114000 0.020900 0.066000 0.021100 0.089800 0.021200 0.135300 0.114000 0.089600 0.021100 0.041700 0.043200 0.043600 0.111900 0.066300 0.066000 0.089800 0.088300 0.021500 0.114800 0.043300 0.088000 0.064800 0.043300 0.000000 0.021500
Oribi 0.065200 0.336800 0.067200 0.366700 0.021600 0.065200 0.043200 0.087600 0.089800 0.067500 0.066400 0.112700 0.139700 0.043200 0.089000 0.000000 0.111800 0.088200 0.043200 0.066000 0.000000 0.043200 0.163000 0.066600 0.043200 0.000000 0.090800 0.089800 0.000000 0.089800 0.067500 0.043200 0.160900 0.090800 0.114100 0.089800 0.065200 0.021200 0.066600 0.089500 0.090400 0.000000 0.067500 0.066600 0.089800 0.141400 0.112600 0.160100 0.087800 0.112900 0.066000 0.089800
BarbaryShe 0.021000 0.271800 0.066000 0.300500 0.021200 0.020500 0.000000 0.042400 0.043200 0.066200 0.021300 0.065200 0.089700 0.000000 0.042800 0.043200 0.064700 0.042700 0.000000 0.021200 0.043200 0.000000 0.160600 0.065500 0.000000 0.043200 0.089400 0.042300 0.043200 0.042500 0.066200 0.000000 0.110700 0.089400 0.066000 0.043200 0.021000 0.021200 0.021400 0.088000 0.088800 0.043200 0.066200 0.065500 0.043200 0.090200 0.065200 0.110600 0.042500 0.065300 0.020700 0.042000
Daviddeer 0.135200 0.432200 0.090400 0.273700 0.137000 0.135200 0.160600 0.159400 0.113400 0.139500 0.162400 0.089100 0.245500 0.160600 0.111800 0.163000 0.136000 0.112100 0.160600 0.136700 0.163000 0.160600 0.000000 0.089200 0.160600 0.163000 0.273100 0.113400 0.163000 0.113400 0.139500 0.160600 0.240000 0.273100 0.243700 0.113400 0.184700 0.137000 0.189200 0.112400 0.066400 0.163000 0.139500 0.089100 0.113400 0.275000 0.136900 0.186100 0.158600 0.187300 0.136700 0.113400
Reindeer 0.087700 0.368000 0.044200 0.336700 0.042300 0.087700 0.065500 0.110500 0.066400 0.044400 0.066200 0.089000 0.139200 0.065500 0.021400 0.066600 0.088400 0.065600 0.065500 0.088800 0.066600 0.065500 0.089200 0.000000 0.065500 0.066600 0.164500 0.066400 0.066600 0.066400 0.044400 0.065500 0.136200 0.164500 0.138300 0.066400 0.087800 0.043500 0.089600 0.021500 0.021200 0.066600 0.044400 0.000000 0.066400 0.166800 0.136500 0.135400 0.064700 0.136800 0.088800 0.066400
Ibex 0.020400 0.271800 0.066000 0.300500 0.021200 0.020600 0.000000 0.042400 0.043200 0.066200 0.021300 0.065200 0.089700 0.000000 0.042800 0.043200 0.064700 0.042700 0.000000 0.021200 0.043200 0.000000 0.160600 0.065500 0.000000 0.043200 0.089400 0.043200 0.043200 0.043200 0.066200 0.000000 0.110700 0.089400 0.066000 0.042500 0.021000 0.020800 0.021400 0.088000 0.088800 0.043200 0.066200 0.065500 0.042200 0.090200 0.064900 0.110600 0.041700 0.065300 0.020800 0.043200
GyrantGaze 0.065200 0.336800 0.067200 0.366700 0.021600 0.065000 0.043200 0.087500 0.089800 0.067500 0.066400 0.112700 0.139700 0.043200 0.089300 0.000000 0.111800 0.088200 0.042000 0.066000 0.000000 0.043200 0.163000 0.066600 0.043200 0.000000 0.090800 0.089200 0.000000 0.089800 0.065900 0.043200 0.160900 0.090800 0.114100 0.089800 0.065200 0.021100 0.066600 0.089500 0.090400 0.000000 0.067500 0.066600 0.089800 0.141400 0.112600 0.160100 0.087800 0.112900 0.066000 0.089800
Hartebeest 0.112500 0.405900 0.166200 0.401900 0.114000 0.112500 0.089400 0.136300 0.139500 0.166400 0.114600 0.163700 0.090300 0.089400 0.139000 0.090800 0.162200 0.137500 0.089400 0.114000 0.090800 0.089400 0.273100 0.164500 0.089400 0.090800 0.000000 0.139500 0.090800 0.139500 0.166400 0.089400 0.215100 0.000000 0.066500 0.139500 0.112400 0.114000 0.089200 0.189600 0.191800 0.090800 0.166400 0.164500 0.139500 0.195000 0.163900 0.214300 0.136600 0.163900 0.114000 0.139500
Bongo 0.065200 0.275700 0.021400 0.246900 0.066000 0.065200 0.043200 0.087700 0.000000 0.067300 0.066300 0.021500 0.139800 0.042300 0.043400 0.089800 0.065500 0.043300 0.043000 0.020900 0.089800 0.042300 0.113400 0.066400 0.043200 0.089200 0.139500 0.000000 0.089800 0.000000 0.067300 0.043200 0.112200 0.139500 0.114100 0.000000 0.065100 0.066000 0.066600 0.089200 0.044000 0.089800 0.067300 0.066400 0.000000 0.140900 0.066000 0.065600 0.087800 0.066200 0.021100 0.000000
Gerenuk 0.065200 0.336800 0.067200 0.366700 0.020900 0.064800 0.043200 0.087500 0.089800 0.067500 0.066400 0.112700 0.139700 0.043200 0.089000 0.000000 0.111800 0.088500 0.043200 0.066000 0.000000 0.043200 0.163000 0.066600 0.043200 0.000000 0.090800 0.089800 0.000000 0.089800 0.067500 0.043200 0.160900 0.090800 0.114100 0.089800 0.065200 0.021000 0.066600 0.089500 0.089900 0.000000 0.067500 0.066600 0.089800 0.141400 0.112600 0.160100 0.087800 0.112900 0.066300 0.089800
CommonElan 0.065200 0.275700 0.021900 0.246900 0.066000 0.065200 0.042100 0.087700 0.000000 0.067300 0.066300 0.021500 0.139800 0.043200 0.043400 0.089800 0.065500 0.043300 0.043200 0.021100 0.089800 0.042500 0.113400 0.066400 0.043200 0.089800 0.139500 0.000000 0.089800 0.000000 0.067300 0.043200 0.112200 0.139500 0.114100 0.000000 0.065100 0.066000 0.066600 0.089200 0.044100 0.089800 0.067300 0.066400 0.000000 0.140900 0.066000 0.065600 0.087800 0.066200 0.021100 0.000000
MuntiacusR 0.088500 0.311000 0.044800 0.279700 0.044100 0.088500 0.066200 0.111400 0.067300 0.000000 0.090400 0.090000 0.166400 0.066200 0.066700 0.067500 0.089200 0.066300 0.066200 0.089800 0.067500 0.066200 0.139500 0.044400 0.066200 0.065900 0.166400 0.067300 0.067500 0.067300 0.000000 0.065500 0.137600 0.166400 0.139800 0.067300 0.088700 0.044100 0.090600 0.067100 0.067800 0.067500 0.000000 0.044400 0.067300 0.118100 0.137800 0.136600 0.111900 0.090100 0.089800 0.067300
HarveysDui 0.020500 0.271800 0.065800 0.300500 0.020900 0.021000 0.000000 0.042400 0.043200 0.066200 0.020700 0.065200 0.089700 0.000000 0.042800 0.043200 0.064100 0.042700 0.000000 0.021200 0.043200 0.000000 0.160600 0.065500 0.000000 0.043200 0.089400 0.043200 0.043200 0.043200 0.065500 0.000000 0.110700 0.089400 0.066000 0.043200 0.020500 0.021200 0.021100 0.088000 0.088800 0.043200 0.066200 0.065500 0.043200 0.090200 0.065200 0.110600 0.042500 0.065300 0.020900 0.042200
Pronghorn 0.133800 0.328500 0.137400 0.328500 0.135300 0.133800 0.110700 0.157800 0.112200 0.137600 0.136200 0.135600 0.216200 0.110700 0.111300 0.160900 0.087000 0.110800 0.110700 0.135300 0.160900 0.110700 0.240000 0.136200 0.110700 0.160900 0.215100 0.112200 0.160900 0.112200 0.137600 0.110700 0.000000 0.215100 0.187700 0.112200 0.133700 0.135300 0.136700 0.159600 0.161900 0.160900 0.137600 0.136200 0.112200 0.215500 0.185600 0.184400 0.158100 0.184600 0.135300 0.112200
BlueWildeb 0.112500 0.405900 0.166200 0.401900 0.114000 0.112500 0.089400 0.136300 0.139500 0.166400 0.114600 0.163700 0.090300 0.089400 0.138100 0.090800 0.162200 0.137500 0.089400 0.114000 0.090800 0.089400 0.273100 0.164500 0.089400 0.090800 0.000000 0.139500 0.090800 0.139500 0.166400 0.089400 0.215100 0.000000 0.066500 0.139500 0.112400 0.114000 0.088200 0.189600 0.191800 0.090800 0.166400 0.164500 0.139500 0.195000 0.163900 0.214300 0.136600 0.163900 0.114000 0.139500
Gemsbok 0.088600 0.370200 0.139700 0.367300 0.089500 0.088600 0.066000 0.111800 0.114100 0.139800 0.090000 0.137900 0.113700 0.066000 0.113000 0.114100 0.135600 0.112600 0.066000 0.089600 0.114100 0.066000 0.243700 0.138300 0.066000 0.114100 0.066500 0.114100 0.114100 0.114100 0.139800 0.066000 0.187700 0.066500 0.000000 0.114100 0.088400 0.089700 0.065800 0.162700 0.164500 0.114100 0.139800 0.138300 0.114100 0.116000 0.138100 0.187500 0.112000 0.138100 0.089600 0.114100
Yak 0.065200 0.275700 0.021400 0.246900 0.066000 0.065200 0.043200 0.087900 0.000000 0.067300 0.066300 0.021000 0.139800 0.043200 0.043400 0.089800 0.065500 0.043300 0.043200 0.021100 0.089800 0.043200 0.113400 0.066400 0.042500 0.089800 0.139500 0.000000 0.089800 0.000000 0.067300 0.043200 0.112200 0.139500 0.114100 0.000000 0.065100 0.066000 0.066600 0.089200 0.044100 0.089800 0.067300 0.066400 0.000000 0.140900 0.066000 0.065600 0.087800 0.066200 0.021000 0.000000
BlueSheep 0.042200 0.299000 0.088400 0.328700 0.042700 0.042200 0.020600 0.063900 0.064300 0.088700 0.041500 0.087300 0.112800 0.021000 0.064700 0.064400 0.086800 0.064400 0.021000 0.041700 0.065200 0.021000 0.184700 0.087800 0.021000 0.065200 0.112400 0.065100 0.065200 0.065100 0.088700 0.020500 0.133700 0.112400 0.088400 0.065100 0.000000 0.042400 0.043000 0.110700 0.111600 0.065200 0.088700 0.087800 0.065100 0.113300 0.087400 0.133300 0.064100 0.087500 0.042600 0.065100
BohorReedb 0.042700 0.303400 0.043200 0.332600 0.000000 0.042700 0.020800 0.064600 0.066000 0.044100 0.043400 0.088500 0.114200 0.021200 0.065500 0.021000 0.087800 0.065200 0.021200 0.043200 0.021200 0.021200 0.137000 0.043500 0.020800 0.021100 0.114000 0.066000 0.021000 0.066000 0.044100 0.021200 0.135300 0.114000 0.089700 0.066000 0.042400 0.000000 0.042200 0.065800 0.066400 0.021200 0.044100 0.043500 0.066000 0.115200 0.088500 0.134900 0.064700 0.088600 0.043200 0.065000
KirksDik 0.043100 0.306800 0.090500 0.304500 0.043600 0.043100 0.021400 0.065400 0.066600 0.090600 0.043800 0.089400 0.089500 0.021400 0.065300 0.066600 0.088600 0.065800 0.021400 0.043600 0.066600 0.021400 0.189200 0.089600 0.021400 0.066600 0.089200 0.066600 0.066600 0.066600 0.090600 0.021100 0.136700 0.088200 0.065800 0.066600 0.043000 0.042200 0.000000 0.113000 0.114200 0.066600 0.090600 0.089600 0.067100 0.115800 0.089600 0.136800 0.065400 0.089500 0.043600 0.066600
RoeDeer 0.110600 0.396700 0.066800 0.365200 0.065800 0.110600 0.088000 0.110200 0.089200 0.067100 0.089000 0.112100 0.163800 0.088000 0.043100 0.089500 0.111400 0.088100 0.088000 0.111900 0.089500 0.088000 0.112400 0.021500 0.088000 0.089500 0.189600 0.089200 0.089500 0.089200 0.067100 0.088000 0.159600 0.189600 0.162700 0.089200 0.110700 0.065800 0.113000 0.000000 0.043700 0.089500 0.067100 0.021500 0.089200 0.191300 0.160600 0.134900 0.086900 0.159600 0.111900 0.089200
WhiteLippe 0.111600 0.338200 0.021400 0.307300 0.066400 0.111600 0.088800 0.135100 0.042900 0.067800 0.089800 0.066300 0.165600 0.088800 0.043400 0.090400 0.112400 0.089000 0.088800 0.066300 0.090400 0.088800 0.066400 0.021200 0.088800 0.090400 0.191800 0.044000 0.089900 0.044100 0.067800 0.088800 0.161900 0.191800 0.164500 0.044100 0.111600 0.066400 0.114200 0.043700 0.000000 0.090400 0.067800 0.021300 0.043900 0.194300 0.113000 0.112100 0.087600 0.113300 0.066300 0.042800
ThomsonGaz 0.065200 0.336800 0.067200 0.366700 0.021200 0.065200 0.043200 0.087500 0.089800 0.066100 0.066400 0.112700 0.139700 0.043200 0.089000 0.000000 0.111800 0.088500 0.043200 0.066000 0.000000 0.043200 0.163000 0.066600 0.043200 0.000000 0.090800 0.089800 0.000000 0.089800 0.067500 0.043200 0.160900 0.090800 0.114100 0.089800 0.065200 0.021200 0.066600 0.089500 0.090400 0.000000 0.067500 0.066600 0.089800 0.141400 0.112600 0.160100 0.087800 0.112900 0.066000 0.089800
MuntiacusC 0.088500 0.311000 0.043800 0.279700 0.043000 0.088500 0.065600 0.111400 0.067300 0.000000 0.090400 0.090000 0.166400 0.066200 0.066700 0.067500 0.089200 0.066300 0.066200 0.089800 0.067500 0.066200 0.139500 0.044400 0.066200 0.067500 0.166400 0.067300 0.067500 0.067300 0.000000 0.066200 0.137600 0.166400 0.139800 0.067300 0.088700 0.044100 0.090600 0.067100 0.067800 0.067500 0.000000 0.044400 0.067300 0.118100 0.137800 0.136600 0.111900 0.090100 0.089800 0.067300
WhiteTaile 0.087700 0.368000 0.044200 0.336700 0.041700 0.087700 0.065500 0.110500 0.066400 0.044400 0.066200 0.089000 0.139200 0.065500 0.021000 0.066600 0.088400 0.065600 0.065500 0.088300 0.066600 0.065500 0.089100 0.000000 0.065500 0.066600 0.164500 0.066400 0.066600 0.066400 0.044400 0.065500 0.136200 0.164500 0.138300 0.066400 0.087800 0.043500 0.089600 0.021500 0.021300 0.066600 0.044400 0.000000 0.066400 0.166800 0.136500 0.135400 0.064700 0.136800 0.088800 0.066400
Cattle 0.065200 0.275700 0.021500 0.246900 0.066000 0.065200 0.042600 0.087700 0.000000 0.066700 0.066300 0.021500 0.139800 0.043200 0.043400 0.089800 0.065500 0.043300 0.043400 0.021500 0.089800 0.043200 0.113400 0.066400 0.042200 0.089800 0.139500 0.000000 0.089800 0.000000 0.067300 0.043200 0.112200 0.139500 0.114100 0.000000 0.065100 0.066000 0.067100 0.089200 0.043900 0.089800 0.067300 0.066400 0.000000 0.140900 0.066000 0.065600 0.087800 0.066200 0.021100 0.000000
RoyalAntel 0.113100 0.345500 0.168300 0.312300 0.115200 0.113100 0.090200 0.136600 0.140900 0.118100 0.115600 0.164800 0.194900 0.090200 0.139700 0.141400 0.163500 0.138600 0.090200 0.114800 0.141400 0.090200 0.275000 0.166800 0.090200 0.141400 0.195000 0.140900 0.141400 0.140900 0.118100 0.090200 0.215500 0.195000 0.116000 0.140900 0.113300 0.115200 0.115800 0.191300 0.194300 0.141400 0.118100 0.166800 0.140900 0.000000 0.164400 0.214400 0.137300 0.114800 0.114800 0.140900
Steenbok 0.042800 0.302600 0.089600 0.273300 0.088500 0.042800 0.065200 0.064900 0.066000 0.137800 0.088800 0.043300 0.164700 0.065200 0.111600 0.112600 0.087900 0.065300 0.065200 0.043300 0.112600 0.065200 0.136900 0.136500 0.064900 0.112600 0.163900 0.066000 0.112600 0.066000 0.137800 0.065200 0.185600 0.163900 0.138100 0.066000 0.087400 0.088500 0.089600 0.160600 0.113000 0.112600 0.137800 0.136500 0.066000 0.164400 0.000000 0.135700 0.110900 0.088800 0.041300 0.066000
Impala 0.133900 0.358700 0.089000 0.243500 0.134900 0.133100 0.110600 0.109900 0.065600 0.136600 0.135900 0.088100 0.215800 0.110600 0.110900 0.160100 0.134300 0.110700 0.110600 0.088000 0.160100 0.110600 0.186100 0.135400 0.110600 0.160100 0.214300 0.065600 0.160100 0.065600 0.136600 0.110600 0.184400 0.214300 0.187500 0.065600 0.133300 0.134900 0.136800 0.134900 0.112100 0.160100 0.136600 0.135400 0.065600 0.214400 0.135700 0.000000 0.158000 0.087900 0.088000 0.065600
Klipspring 0.064200 0.328600 0.111800 0.360100 0.064700 0.064200 0.042500 0.086400 0.087800 0.111900 0.040600 0.110600 0.112800 0.042500 0.042400 0.087800 0.109800 0.086900 0.042500 0.064800 0.087800 0.042500 0.158600 0.064700 0.041700 0.087800 0.136600 0.087800 0.087800 0.087800 0.111900 0.042500 0.158100 0.136600 0.112000 0.087800 0.064100 0.064700 0.065400 0.086900 0.087600 0.087800 0.111900 0.064700 0.087800 0.137300 0.110900 0.158000 0.000000 0.110800 0.064800 0.087800
ForestMusk 0.087700 0.245100 0.089900 0.244600 0.088600 0.087700 0.065300 0.110600 0.066200 0.090100 0.089100 0.088700 0.164500 0.065300 0.111800 0.112900 0.135100 0.111400 0.065300 0.043300 0.112900 0.065300 0.187300 0.136800 0.065300 0.112900 0.163900 0.066200 0.112900 0.066200 0.090100 0.065300 0.184600 0.163900 0.138100 0.066200 0.087500 0.088600 0.089500 0.159600 0.113300 0.112900 0.090100 0.136800 0.066200 0.114800 0.088800 0.087900 0.110800 0.000000 0.043300 0.066200
Bushbuck 0.042800 0.245000 0.043800 0.272800 0.043200 0.042800 0.021200 0.064700 0.021300 0.089800 0.043400 0.042000 0.114300 0.020700 0.065400 0.066000 0.087800 0.065200 0.020800 0.000000 0.066000 0.020700 0.136700 0.088800 0.020800 0.066000 0.114000 0.021100 0.066300 0.021100 0.089800 0.020900 0.135300 0.114000 0.089600 0.021000 0.042600 0.043200 0.043600 0.111900 0.066300 0.066000 0.089800 0.088800 0.021100 0.114800 0.041300 0.088000 0.064800 0.043300 0.000000 0.021500
GreaterKud 0.065200 0.275700 0.021300 0.246900 0.066000 0.065200 0.043200 0.087700 0.000000 0.067300 0.066300 0.021000 0.139800 0.043000 0.043400 0.089800 0.065300 0.043300 0.043200 0.021500 0.089800 0.042000 0.113400 0.066400 0.043200 0.089800 0.139500 0.000000 0.089800 0.000000 0.067300 0.042200 0.112200 0.139500 0.114100 0.000000 0.065100 0.065000 0.066600 0.089200 0.042800 0.089800 0.067300 0.066400 0.000000 0.140900 0.066000 0.065600 0.087800 0.066200 0.021500 0.000000
