CODONML (in paml version 4.10.7, June 2023)  /home/rachel/ruminants_paml/6406-phy-tree/ENSBTAT00000034608.fasta.phy
Model: free dN/dS Ratios for branches,  kappa = 2.000 fixed

Codon frequency model: F3x4
ns =  54  ls =  93

Codon usage in sequences
--------------------------------------------------------------------------------------------------------------------------------------
Phe TTT   1   1   1   1   0   1 | Ser TCT   1   1   1   1   1   1 | Tyr TAT   0   0   0   0   0   1 | Cys TGT   3   4   3   3   2   1
    TTC   2   2   2   2   3   2 |     TCC   3   3   3   3   3   3 |     TAC   1   1   1   1   1   1 |     TGC   1   0   1   1   2   1
Leu TTA   2   2   3   2   1   2 |     TCA   2   2   3   2   2   2 | *** TAA   0   0   0   0   0   0 | *** TGA   0   0   0   0   0   0
    TTG   2   2   2   2   1   0 |     TCG   1   1   0   1   1   1 |     TAG   0   0   0   0   0   0 | Trp TGG   1   1   1   1   1   1
--------------------------------------------------------------------------------------------------------------------------------------
Leu CTT   2   2   2   2   2   2 | Pro CCT   1   2   1   1   2   1 | His CAT   0   0   0   0   0   0 | Arg CGT   0   0   0   0   0   0
    CTC   3   3   3   3   5   4 |     CCC   2   2   2   2   1   2 |     CAC   0   0   0   0   0   0 |     CGC   0   0   0   0   0   0
    CTA   1   2   0   1   0   1 |     CCA   1   1   1   1   2   1 | Gln CAA   3   1   3   3   1   2 |     CGA   0   0   0   0   0   0
    CTG   4   3   4   4   5   5 |     CCG   0   0   0   0   0   1 |     CAG   5   6   5   5   5   6 |     CGG   0   0   0   0   2   0
--------------------------------------------------------------------------------------------------------------------------------------
Ile ATT   2   1   1   2   1   1 | Thr ACT   2   2   2   3   1   2 | Asn AAT   0   3   0   0   0   2 | Ser AGT   0   0   0   0   2   1
    ATC   2   3   2   3   2   1 |     ACC   1   0   2   1   0   2 |     AAC   4   3   4   4   3   4 |     AGC   2   2   2   2   2   2
    ATA   0   0   0   0   2   0 |     ACA   2   2   2   2   1   1 | Lys AAA   5   6   6   5   5   5 | Arg AGA   1   1   1   1   1   1
Met ATG   1   2   1   1   2   1 |     ACG   1   0   0   1   1   1 |     AAG   3   4   2   3   4   2 |     AGG   2   1   2   2   1   2
--------------------------------------------------------------------------------------------------------------------------------------
Val GTT   0   0   1   0   1   0 | Ala GCT   2   0   2   1   0   0 | Asp GAT   2   2   2   2   3   2 | Gly GGT   1   1   2   1   1   1
    GTC   3   2   3   1   1   2 |     GCC   2   4   2   2   2   2 |     GAC   0   1   0   1   1   0 |     GGC   1   0   0   1   1   2
    GTA   1   0   1   1   0   1 |     GCA   0   0   0   1   0   0 | Glu GAA   6   7   6   5   4   4 |     GGA   0   0   0   0   0   0
    GTG   0   1   0   0   1   1 |     GCG   1   0   1   0   2   1 |     GAG   3   2   3   4   4   6 |     GGG   1   1   1   1   1   1
--------------------------------------------------------------------------------------------------------------------------------------

--------------------------------------------------------------------------------------------------------------------------------------
Phe TTT   1   1   1   1   1   1 | Ser TCT   1   1   1   1   1   2 | Tyr TAT   0   0   0   0   0   0 | Cys TGT   3   3   3   3   4   3
    TTC   2   2   2   2   2   2 |     TCC   3   3   3   3   3   2 |     TAC   1   1   1   1   1   1 |     TGC   1   1   1   1   0   1
Leu TTA   2   2   2   2   3   2 |     TCA   2   2   2   2   3   2 | *** TAA   0   0   0   0   0   0 | *** TGA   0   0   0   0   0   0
    TTG   2   2   2   2   2   2 |     TCG   1   1   1   1   0   1 |     TAG   0   0   0   0   0   0 | Trp TGG   1   1   1   2   1   1
--------------------------------------------------------------------------------------------------------------------------------------
Leu CTT   2   2   2   2   2   2 | Pro CCT   1   1   1   1   1   1 | His CAT   0   0   0   0   0   0 | Arg CGT   0   0   0   0   0   0
    CTC   3   3   3   3   3   3 |     CCC   2   2   2   2   2   1 |     CAC   0   0   0   0   0   0 |     CGC   0   0   0   0   0   0
    CTA   1   1   0   1   0   1 |     CCA   1   1   1   1   1   1 | Gln CAA   3   3   2   3   3   3 |     CGA   0   0   0   0   0   0
    CTG   4   4   5   4   4   5 |     CCG   0   0   0   0   0   1 |     CAG   5   5   6   5   5   5 |     CGG   0   0   0   0   0   0
--------------------------------------------------------------------------------------------------------------------------------------
Ile ATT   2   2   2   2   1   2 | Thr ACT   3   2   3   3   3   4 | Asn AAT   0   0   0   0   0   0 | Ser AGT   0   0   0   0   0   0
    ATC   2   2   2   2   2   2 |     ACC   1   1   2   1   2   0 |     AAC   4   4   4   3   4   4 |     AGC   2   2   2   3   2   2
    ATA   0   0   0   0   0   0 |     ACA   2   2   2   2   2   1 | Lys AAA   5   5   5   5   6   5 | Arg AGA   1   1   1   1   1   1
Met ATG   1   1   1   1   1   2 |     ACG   1   1   1   1   0   0 |     AAG   3   3   3   4   2   3 |     AGG   3   2   2   1   2   2
--------------------------------------------------------------------------------------------------------------------------------------
Val GTT   0   0   0   0   1   0 | Ala GCT   1   2   1   1   1   1 | Asp GAT   2   2   2   2   2   2 | Gly GGT   1   1   1   1   2   1
    GTC   3   3   2   3   3   3 |     GCC   2   2   2   2   2   2 |     GAC   0   0   0   0   0   0 |     GGC   1   1   1   1   0   1
    GTA   1   1   1   1   1   1 |     GCA   0   0   1   1   0   0 | Glu GAA   6   6   6   6   6   6 |     GGA   0   0   0   0   0   0
    GTG   0   0   0   0   0   0 |     GCG   1   1   0   0   1   1 |     GAG   3   3   4   2   3   3 |     GGG   0   1   0   1   1   1
--------------------------------------------------------------------------------------------------------------------------------------

--------------------------------------------------------------------------------------------------------------------------------------
Phe TTT   1   1   1   1   2   1 | Ser TCT   1   1   1   1   1   1 | Tyr TAT   0   0   0   0   0   0 | Cys TGT   3   4   3   3   3   3
    TTC   2   2   2   2   2   2 |     TCC   3   3   3   3   3   3 |     TAC   1   1   1   1   1   1 |     TGC   1   0   1   1   1   1
Leu TTA   2   2   2   2   2   2 |     TCA   2   2   2   2   2   2 | *** TAA   0   0   0   0   0   0 | *** TGA   0   0   0   0   0   0
    TTG   2   2   2   2   0   1 |     TCG   1   1   1   1   1   1 |     TAG   0   0   0   0   0   0 | Trp TGG   1   1   1   1   1   1
--------------------------------------------------------------------------------------------------------------------------------------
Leu CTT   2   2   2   2   3   2 | Pro CCT   1   1   1   1   1   1 | His CAT   0   0   0   0   0   0 | Arg CGT   0   0   0   0   0   0
    CTC   3   3   3   3   2   3 |     CCC   2   1   2   2   2   2 |     CAC   0   0   0   0   0   0 |     CGC   0   0   0   0   0   0
    CTA   1   2   1   0   1   1 |     CCA   1   1   1   1   1   1 | Gln CAA   3   3   3   2   3   3 |     CGA   0   0   0   0   0   0
    CTG   4   3   4   5   5   5 |     CCG   0   1   0   0   0   0 |     CAG   5   5   5   6   5   5 |     CGG   0   0   0   0   0   0
--------------------------------------------------------------------------------------------------------------------------------------
Ile ATT   2   2   2   2   2   2 | Thr ACT   3   3   3   3   2   3 | Asn AAT   0   0   0   0   0   1 | Ser AGT   0   0   0   0   0   0
    ATC   2   2   3   2   3   2 |     ACC   1   1   1   1   1   1 |     AAC   4   4   4   4   4   3 |     AGC   2   2   2   2   2   2
    ATA   0   0   0   0   0   0 |     ACA   2   3   2   2   2   2 | Lys AAA   5   6   5   6   5   5 | Arg AGA   1   0   1   0   1   1
Met ATG   1   1   1   1   1   1 |     ACG   1   0   1   1   1   1 |     AAG   3   3   3   3   3   4 |     AGG   2   2   2   2   3   2
--------------------------------------------------------------------------------------------------------------------------------------
Val GTT   0   0   0   0   0   0 | Ala GCT   1   1   1   1   2   1 | Asp GAT   2   2   2   2   2   2 | Gly GGT   1   1   1   1   1   1
    GTC   3   3   2   3   2   3 |     GCC   2   2   2   2   2   2 |     GAC   0   0   0   0   0   0 |     GGC   1   1   1   1   1   1
    GTA   1   1   1   1   1   1 |     GCA   0   1   1   1   0   1 | Glu GAA   6   6   6   6   6   6 |     GGA   0   0   0   0   0   0
    GTG   0   0   0   0   0   0 |     GCG   1   0   0   0   1   0 |     GAG   3   3   4   4   3   2 |     GGG   1   1   0   0   0   1
--------------------------------------------------------------------------------------------------------------------------------------

--------------------------------------------------------------------------------------------------------------------------------------
Phe TTT   1   1   1   1   1   1 | Ser TCT   1   1   1   1   2   1 | Tyr TAT   0   0   0   0   0   0 | Cys TGT   3   3   3   4   3   3
    TTC   2   2   2   2   2   2 |     TCC   3   3   3   3   3   3 |     TAC   1   1   1   1   1   1 |     TGC   1   1   1   0   1   1
Leu TTA   2   2   2   3   2   2 |     TCA   2   1   2   3   2   2 | *** TAA   0   0   0   0   0   0 | *** TGA   0   0   0   0   0   0
    TTG   2   2   2   2   2   2 |     TCG   1   2   1   0   1   1 |     TAG   0   0   0   0   0   0 | Trp TGG   1   1   1   1   1   1
--------------------------------------------------------------------------------------------------------------------------------------
Leu CTT   2   2   2   2   2   2 | Pro CCT   1   1   1   1   0   1 | His CAT   0   0   0   0   0   0 | Arg CGT   0   0   0   0   0   0
    CTC   3   3   3   3   3   3 |     CCC   1   2   2   2   2   2 |     CAC   0   0   0   0   0   0 |     CGC   0   0   0   0   0   0
    CTA   1   1   1   0   1   1 |     CCA   2   1   1   1   1   1 | Gln CAA   3   3   2   3   3   3 |     CGA   0   0   1   0   0   0
    CTG   4   4   4   4   4   4 |     CCG   0   0   0   0   0   0 |     CAG   5   5   5   5   5   5 |     CGG   0   0   0   0   0   0
--------------------------------------------------------------------------------------------------------------------------------------
Ile ATT   2   2   2   1   2   2 | Thr ACT   2   1   3   3   3   3 | Asn AAT   0   1   0   0   1   0 | Ser AGT   1   1   0   0   0   0
    ATC   2   2   2   2   3   2 |     ACC   2   2   1   2   0   1 |     AAC   4   3   4   4   2   4 |     AGC   1   1   2   2   2   2
    ATA   0   0   0   0   0   0 |     ACA   3   2   2   2   3   2 | Lys AAA   5   5   5   6   5   5 | Arg AGA   1   1   1   1   1   1
Met ATG   1   1   1   1   1   1 |     ACG   0   1   1   0   1   1 |     AAG   3   2   3   2   4   3 |     AGG   2   2   2   2   2   2
--------------------------------------------------------------------------------------------------------------------------------------
Val GTT   0   0   0   1   0   0 | Ala GCT   1   3   1   1   1   1 | Asp GAT   2   2   2   2   2   2 | Gly GGT   1   1   1   2   1   1
    GTC   2   2   3   3   3   3 |     GCC   3   2   2   2   2   2 |     GAC   0   0   0   0   0   0 |     GGC   1   1   1   0   1   1
    GTA   1   1   1   1   1   1 |     GCA   1   0   0   0   1   0 | Glu GAA   6   6   6   6   6   6 |     GGA   0   0   0   0   0   0
    GTG   0   1   0   0   0   0 |     GCG   0   0   1   1   0   1 |     GAG   3   4   3   3   2   3 |     GGG   1   1   1   1   1   1
--------------------------------------------------------------------------------------------------------------------------------------

--------------------------------------------------------------------------------------------------------------------------------------
Phe TTT   1   1   1   1   1   1 | Ser TCT   1   0   1   1   1   1 | Tyr TAT   0   0   0   0   0   0 | Cys TGT   3   3   3   3   3   3
    TTC   2   2   2   2   2   2 |     TCC   3   4   3   3   3   3 |     TAC   1   1   1   1   1   1 |     TGC   1   1   1   1   1   1
Leu TTA   2   2   2   2   2   3 |     TCA   2   2   2   2   2   3 | *** TAA   0   0   0   0   0   0 | *** TGA   0   0   0   0   0   0
    TTG   2   2   2   2   2   2 |     TCG   1   1   1   1   1   0 |     TAG   0   0   0   0   0   0 | Trp TGG   1   1   1   1   1   1
--------------------------------------------------------------------------------------------------------------------------------------
Leu CTT   2   2   2   2   2   2 | Pro CCT   1   1   1   1   1   1 | His CAT   0   0   0   0   0   0 | Arg CGT   0   0   0   0   0   0
    CTC   3   3   3   3   3   3 |     CCC   1   1   2   2   2   2 |     CAC   0   0   0   0   0   0 |     CGC   0   0   0   0   0   0
    CTA   1   1   1   1   1   0 |     CCA   1   1   1   1   1   1 | Gln CAA   3   3   3   3   3   3 |     CGA   0   0   0   0   0   0
    CTG   4   4   5   4   4   4 |     CCG   1   1   0   0   0   0 |     CAG   4   5   4   5   5   5 |     CGG   0   0   0   0   0   0
--------------------------------------------------------------------------------------------------------------------------------------
Ile ATT   2   2   2   2   2   1 | Thr ACT   3   3   3   3   3   3 | Asn AAT   0   0   0   1   0   0 | Ser AGT   0   0   0   0   0   0
    ATC   2   2   2   2   3   2 |     ACC   0   0   1   1   1   2 |     AAC   4   3   4   3   4   4 |     AGC   2   3   2   2   2   2
    ATA   0   1   0   0   0   0 |     ACA   2   2   2   2   2   2 | Lys AAA   5   5   5   5   5   6 | Arg AGA   1   1   1   1   1   1
Met ATG   1   1   1   1   1   1 |     ACG   2   2   1   1   1   0 |     AAG   4   3   3   4   3   2 |     AGG   2   2   2   2   2   2
--------------------------------------------------------------------------------------------------------------------------------------
Val GTT   0   0   0   0   0   1 | Ala GCT   1   1   1   1   1   1 | Asp GAT   2   2   2   2   2   2 | Gly GGT   1   1   1   1   1   2
    GTC   3   2   3   3   2   3 |     GCC   2   2   2   2   2   2 |     GAC   0   0   0   0   0   0 |     GGC   1   1   1   1   1   0
    GTA   1   0   1   1   1   1 |     GCA   0   1   0   1   0   0 | Glu GAA   6   6   6   6   6   6 |     GGA   0   0   0   0   0   0
    GTG   0   0   0   0   0   0 |     GCG   1   1   1   0   1   1 |     GAG   3   3   3   2   3   3 |     GGG   1   1   1   1   1   1
--------------------------------------------------------------------------------------------------------------------------------------

--------------------------------------------------------------------------------------------------------------------------------------
Phe TTT   1   1   3   1   2   1 | Ser TCT   1   1   1   1   2   1 | Tyr TAT   0   0   0   0   0   0 | Cys TGT   3   3   3   3   3   3
    TTC   2   2   1   2   2   2 |     TCC   3   3   2   3   4   3 |     TAC   1   1   1   1   1   1 |     TGC   1   1   1   1   1   1
Leu TTA   2   3   2   2   2   2 |     TCA   2   3   2   2   0   2 | *** TAA   0   0   0   0   0   0 | *** TGA   0   0   0   0   0   0
    TTG   2   2   3   2   2   2 |     TCG   1   0   0   1   1   1 |     TAG   0   0   0   0   0   0 | Trp TGG   1   1   1   1   1   1
--------------------------------------------------------------------------------------------------------------------------------------
Leu CTT   2   2   2   2   1   2 | Pro CCT   1   1   1   1   2   1 | His CAT   0   0   0   0   0   0 | Arg CGT   0   0   0   0   0   0
    CTC   3   3   3   3   3   3 |     CCC   1   2   1   2   1   2 |     CAC   0   0   0   0   0   0 |     CGC   0   0   0   0   0   0
    CTA   1   0   1   0   1   1 |     CCA   2   1   1   1   1   1 | Gln CAA   3   3   3   2   3   3 |     CGA   0   0   0   0   0   0
    CTG   4   4   5   5   4   4 |     CCG   0   0   1   0   0   0 |     CAG   5   5   5   6   5   5 |     CGG   0   0   0   0   0   0
--------------------------------------------------------------------------------------------------------------------------------------
Ile ATT   2   1   2   2   1   2 | Thr ACT   3   3   4   3   3   3 | Asn AAT   1   0   0   0   0   0 | Ser AGT   0   0   0   0   1   0
    ATC   2   4   2   2   3   3 |     ACC   1   1   0   1   1   1 |     AAC   3   4   4   4   4   4 |     AGC   2   2   2   2   1   2
    ATA   0   0   0   0   0   0 |     ACA   2   2   1   2   3   2 | Lys AAA   5   6   5   5   5   5 | Arg AGA   1   1   1   1   1   1
Met ATG   1   1   2   1   0   1 |     ACG   1   0   0   1   0   1 |     AAG   4   2   3   3   3   3 |     AGG   2   2   2   2   2   2
--------------------------------------------------------------------------------------------------------------------------------------
Val GTT   0   1   0   0   0   0 | Ala GCT   1   1   1   1   2   1 | Asp GAT   2   2   2   2   2   2 | Gly GGT   1   2   1   1   1   1
    GTC   3   2   3   3   3   2 |     GCC   2   2   2   2   1   2 |     GAC   0   0   0   0   0   0 |     GGC   1   0   1   1   1   1
    GTA   1   1   1   1   1   1 |     GCA   1   1   0   1   1   0 | Glu GAA   6   6   6   6   6   6 |     GGA   0   0   0   0   0   0
    GTG   0   0   0   0   1   0 |     GCG   0   0   1   0   0   1 |     GAG   2   3   3   4   3   3 |     GGG   1   1   1   0   1   1
--------------------------------------------------------------------------------------------------------------------------------------

--------------------------------------------------------------------------------------------------------------------------------------
Phe TTT   1   1   1   1   1   1 | Ser TCT   1   1   1   1   1   0 | Tyr TAT   0   0   0   0   0   0 | Cys TGT   3   4   3   3   3   3
    TTC   2   2   2   2   2   2 |     TCC   3   3   3   3   4   4 |     TAC   1   1   1   1   1   1 |     TGC   1   0   1   1   1   1
Leu TTA   2   2   2   2   2   2 |     TCA   3   2   2   2   2   1 | *** TAA   0   0   0   0   0   0 | *** TGA   0   0   0   0   0   0
    TTG   2   2   2   2   2   2 |     TCG   0   1   1   1   0   2 |     TAG   0   0   0   0   0   0 | Trp TGG   1   1   1   1   1   1
--------------------------------------------------------------------------------------------------------------------------------------
Leu CTT   2   2   2   2   2   2 | Pro CCT   1   1   1   1   1   1 | His CAT   0   0   0   0   0   0 | Arg CGT   0   0   0   0   0   0
    CTC   4   3   3   3   3   3 |     CCC   2   1   2   2   2   1 |     CAC   0   0   0   0   0   0 |     CGC   0   0   0   0   0   0
    CTA   1   1   1   1   1   1 |     CCA   1   1   1   1   1   1 | Gln CAA   3   3   3   3   3   3 |     CGA   0   0   0   0   0   0
    CTG   4   4   4   4   3   4 |     CCG   0   1   0   0   0   1 |     CAG   5   5   5   5   5   5 |     CGG   0   0   0   0   0   0
--------------------------------------------------------------------------------------------------------------------------------------
Ile ATT   2   2   2   2   2   2 | Thr ACT   3   2   3   3   3   3 | Asn AAT   0   0   0   0   1   0 | Ser AGT   0   0   0   0   0   0
    ATC   1   3   2   2   2   2 |     ACC   1   1   1   1   1   0 |     AAC   4   4   4   4   3   4 |     AGC   2   2   2   2   2   2
    ATA   1   0   0   0   1   0 |     ACA   3   3   2   2   2   2 | Lys AAA   5   5   5   5   5   5 | Arg AGA   1   1   1   1   1   1
Met ATG   1   1   1   1   1   1 |     ACG   0   0   1   1   1   2 |     AAG   3   3   3   3   4   3 |     AGG   2   2   2   3   2   2
--------------------------------------------------------------------------------------------------------------------------------------
Val GTT   0   0   0   0   0   0 | Ala GCT   1   2   1   1   1   1 | Asp GAT   2   2   2   2   2   2 | Gly GGT   1   1   1   1   1   1
    GTC   3   2   3   3   2   2 |     GCC   2   2   2   2   2   2 |     GAC   0   0   0   0   0   0 |     GGC   1   1   1   1   1   1
    GTA   0   1   1   1   1   2 |     GCA   1   1   0   0   1   0 | Glu GAA   6   7   6   6   6   6 |     GGA   0   0   0   0   0   0
    GTG   0   0   1   0   1   1 |     GCG   0   0   0   1   0   0 |     GAG   3   2   3   3   2   3 |     GGG   1   1   1   0   1   1
--------------------------------------------------------------------------------------------------------------------------------------

--------------------------------------------------------------------------------------------------------------------------------------
Phe TTT   1   1   1   1   1   1 | Ser TCT   1   1   2   0   1   1 | Tyr TAT   0   0   0   0   0   0 | Cys TGT   3   3   3   3   4   3
    TTC   2   2   2   2   2   2 |     TCC   3   3   2   4   3   3 |     TAC   1   1   1   1   1   1 |     TGC   1   1   1   1   0   1
Leu TTA   2   2   2   2   2   2 |     TCA   2   2   2   2   2   3 | *** TAA   0   0   0   0   0   0 | *** TGA   0   0   0   0   0   0
    TTG   2   2   2   2   2   2 |     TCG   1   1   1   1   1   0 |     TAG   0   0   0   0   0   0 | Trp TGG   1   1   1   1   1   1
--------------------------------------------------------------------------------------------------------------------------------------
Leu CTT   2   2   2   2   2   2 | Pro CCT   1   1   1   1   1   1 | His CAT   0   0   0   0   0   0 | Arg CGT   0   0   0   0   0   0
    CTC   3   3   3   3   3   3 |     CCC   1   2   1   1   1   2 |     CAC   0   0   0   0   0   0 |     CGC   0   0   0   0   0   0
    CTA   1   1   2   1   1   1 |     CCA   1   1   1   1   1   1 | Gln CAA   3   3   3   3   3   3 |     CGA   0   0   0   0   0   0
    CTG   4   4   4   4   4   4 |     CCG   1   0   1   1   1   0 |     CAG   4   5   5   5   5   5 |     CGG   0   0   0   0   0   0
--------------------------------------------------------------------------------------------------------------------------------------
Ile ATT   2   2   2   2   1   3 | Thr ACT   3   3   4   4   2   3 | Asn AAT   0   1   0   0   0   0 | Ser AGT   0   0   0   0   0   0
    ATC   2   2   2   2   3   1 |     ACC   0   1   1   0   1   1 |     AAC   4   3   4   3   4   4 |     AGC   2   2   3   3   2   2
    ATA   0   0   0   0   1   0 |     ACA   2   3   1   2   3   2 | Lys AAA   5   5   5   5   5   5 | Arg AGA   1   1   1   1   1   1
Met ATG   1   1   2   1   1   1 |     ACG   2   0   0   2   0   1 |     AAG   4   4   3   3   3   3 |     AGG   2   2   2   2   2   2
--------------------------------------------------------------------------------------------------------------------------------------
Val GTT   0   0   0   0   0   0 | Ala GCT   1   1   1   1   2   1 | Asp GAT   2   2   2   2   2   3 | Gly GGT   1   1   1   1   1   1
    GTC   3   3   3   2   2   3 |     GCC   2   2   1   2   2   2 |     GAC   0   0   0   0   0   0 |     GGC   1   1   0   1   1   1
    GTA   1   1   1   1   1   1 |     GCA   0   1   0   0   1   0 | Glu GAA   6   6   6   6   7   5 |     GGA   0   0   0   0   0   0
    GTG   0   0   0   0   0   0 |     GCG   1   0   1   1   0   1 |     GAG   3   2   3   3   2   3 |     GGG   1   1   1   1   1   1
--------------------------------------------------------------------------------------------------------------------------------------

--------------------------------------------------------------------------------------------------------------------------------------
Phe TTT   1   0   1   1   1   1 | Ser TCT   1   0   1   1   1   1 | Tyr TAT   0   0   0   0   0   0 | Cys TGT   3   3   3   3   3   3
    TTC   2   3   2   2   2   2 |     TCC   3   4   3   3   3   3 |     TAC   1   1   1   1   1   1 |     TGC   1   1   1   1   1   1
Leu TTA   2   2   2   2   3   3 |     TCA   3   2   2   2   3   3 | *** TAA   0   0   0   0   0   0 | *** TGA   0   0   0   0   0   0
    TTG   2   2   2   2   2   2 |     TCG   0   1   1   1   0   0 |     TAG   0   0   0   0   0   0 | Trp TGG   1   1   1   1   1   1
--------------------------------------------------------------------------------------------------------------------------------------
Leu CTT   2   2   2   2   2   2 | Pro CCT   2   1   2   1   1   1 | His CAT   0   0   0   0   0   0 | Arg CGT   0   0   0   0   0   0
    CTC   3   3   3   3   3   3 |     CCC   1   2   1   2   3   2 |     CAC   0   0   0   0   0   0 |     CGC   0   0   0   0   0   0
    CTA   1   1   1   1   0   1 |     CCA   1   1   1   1   0   1 | Gln CAA   3   2   3   3   3   3 |     CGA   0   0   0   0   0   0
    CTG   4   3   4   4   4   3 |     CCG   0   0   0   0   0   0 |     CAG   5   5   5   5   5   5 |     CGG   0   0   0   0   0   0
--------------------------------------------------------------------------------------------------------------------------------------
Ile ATT   2   2   2   2   1   1 | Thr ACT   3   3   3   3   3   3 | Asn AAT   0   0   0   0   0   0 | Ser AGT   0   0   0   0   0   0
    ATC   2   2   2   3   2   3 |     ACC   1   1   1   1   2   2 |     AAC   4   4   4   4   4   4 |     AGC   2   2   2   2   2   2
    ATA   0   0   0   0   0   0 |     ACA   2   2   2   2   2   2 | Lys AAA   5   5   5   5   6   6 | Arg AGA   1   2   1   1   1   1
Met ATG   1   2   1   1   1   1 |     ACG   1   1   1   1   0   0 |     AAG   4   3   3   3   2   2 |     AGG   2   2   2   2   2   2
--------------------------------------------------------------------------------------------------------------------------------------
Val GTT   0   0   0   0   1   1 | Ala GCT   1   1   0   1   1   1 | Asp GAT   2   2   2   2   2   2 | Gly GGT   1   1   1   1   2   2
    GTC   3   3   3   1   3   2 |     GCC   2   2   2   2   2   2 |     GAC   0   0   0   1   0   0 |     GGC   1   1   1   1   0   0
    GTA   1   1   1   1   1   1 |     GCA   1   1   0   0   1   0 | Glu GAA   6   7   6   5   6   6 |     GGA   0   0   0   0   0   0
    GTG   0   0   0   0   0   0 |     GCG   0   0   2   1   0   1 |     GAG   2   3   3   4   3   3 |     GGG   1   0   1   1   1   1
--------------------------------------------------------------------------------------------------------------------------------------

Codon position x base (3x4) table for each sequence.

#1: Argali         
position  1:    T:0.21505    C:0.23656    A:0.30108    G:0.24731
position  2:    T:0.27957    C:0.23656    A:0.34409    G:0.13978
position  3:    T:0.18280    C:0.29032    A:0.25806    G:0.26882
Average         T:0.22581    C:0.25448    A:0.30108    G:0.21864

#2: LesserMouseDeer
position  1:    T:0.21505    C:0.23656    A:0.32258    G:0.22581
position  2:    T:0.27957    C:0.21505    A:0.38710    G:0.11828
position  3:    T:0.20430    C:0.27957    A:0.25806    G:0.25806
Average         T:0.23297    C:0.24373    A:0.32258    G:0.20072

#3: LesserKudu     
position  1:    T:0.22581    C:0.22581    A:0.29032    G:0.25806
position  2:    T:0.27957    C:0.23656    A:0.34409    G:0.13978
position  3:    T:0.19355    C:0.29032    A:0.27957    G:0.23656
Average         T:0.23297    C:0.25090    A:0.30466    G:0.21147

#4: ForestMuskDeer2
position  1:    T:0.21505    C:0.23656    A:0.32258    G:0.22581
position  2:    T:0.26882    C:0.23656    A:0.35484    G:0.13978
position  3:    T:0.18280    C:0.29032    A:0.25806    G:0.26882
Average         T:0.22222    C:0.25448    A:0.31183    G:0.21147

#5: Camel          
position  1:    T:0.19355    C:0.26882    A:0.30108    G:0.23656
position  2:    T:0.29032    C:0.20430    A:0.33333    G:0.17204
position  3:    T:0.17204    C:0.29032    A:0.20430    G:0.33333
Average         T:0.21864    C:0.25448    A:0.27957    G:0.24731

#6: KillerWhale    
position  1:    T:0.18280    C:0.26882    A:0.30108    G:0.24731
position  2:    T:0.25806    C:0.22581    A:0.37634    G:0.13978
position  3:    T:0.17204    C:0.30108    A:0.21505    G:0.31183
Average         T:0.20430    C:0.26523    A:0.29749    G:0.23297

#7: DefassaWaterbuck
position  1:    T:0.21505    C:0.23656    A:0.32258    G:0.22581
position  2:    T:0.27957    C:0.23656    A:0.34409    G:0.13978
position  3:    T:0.18280    C:0.29032    A:0.25806    G:0.26882
Average         T:0.22581    C:0.25448    A:0.30824    G:0.21147

#8: Sheep          
position  1:    T:0.21505    C:0.23656    A:0.30108    G:0.24731
position  2:    T:0.27957    C:0.23656    A:0.34409    G:0.13978
position  3:    T:0.18280    C:0.29032    A:0.25806    G:0.26882
Average         T:0.22581    C:0.25448    A:0.30108    G:0.21864

#9: MaxwellsDuiker 
position  1:    T:0.21505    C:0.23656    A:0.32258    G:0.22581
position  2:    T:0.26882    C:0.24731    A:0.35484    G:0.12903
position  3:    T:0.18280    C:0.29032    A:0.24731    G:0.27957
Average         T:0.22222    C:0.25806    A:0.30824    G:0.21147

#10: GazellaPrzewalskyi
position  1:    T:0.22581    C:0.23656    A:0.31183    G:0.22581
position  2:    T:0.27957    C:0.23656    A:0.33333    G:0.15054
position  3:    T:0.18280    C:0.29032    A:0.26882    G:0.25806
Average         T:0.22939    C:0.25448    A:0.30466    G:0.21147

#11: MountainNyala  
position  1:    T:0.22581    C:0.22581    A:0.30108    G:0.24731
position  2:    T:0.27957    C:0.23656    A:0.34409    G:0.13978
position  3:    T:0.20430    C:0.27957    A:0.27957    G:0.23656
Average         T:0.23656    C:0.24731    A:0.30824    G:0.20789

#12: MuntiacusMuntjak
position  1:    T:0.21505    C:0.24731    A:0.30108    G:0.23656
position  2:    T:0.30108    C:0.21505    A:0.34409    G:0.13978
position  3:    T:0.20430    C:0.25806    A:0.24731    G:0.29032
Average         T:0.24014    C:0.24014    A:0.29749    G:0.22222

#13: goat           
position  1:    T:0.21505    C:0.23656    A:0.31183    G:0.23656
position  2:    T:0.27957    C:0.23656    A:0.34409    G:0.13978
position  3:    T:0.18280    C:0.29032    A:0.25806    G:0.26882
Average         T:0.22581    C:0.25448    A:0.30466    G:0.21505

#14: AfricanBuffalo 
position  1:    T:0.21505    C:0.23656    A:0.31183    G:0.23656
position  2:    T:0.27957    C:0.23656    A:0.35484    G:0.12903
position  3:    T:0.19355    C:0.26882    A:0.29032    G:0.24731
Average         T:0.22939    C:0.24731    A:0.31900    G:0.20430

#15: Topi           
position  1:    T:0.21505    C:0.23656    A:0.32258    G:0.22581
position  2:    T:0.27957    C:0.23656    A:0.35484    G:0.12903
position  3:    T:0.18280    C:0.29032    A:0.26882    G:0.25806
Average         T:0.22581    C:0.25448    A:0.31541    G:0.20430

#16: CommonDuiker   
position  1:    T:0.21505    C:0.23656    A:0.31183    G:0.23656
position  2:    T:0.27957    C:0.23656    A:0.36559    G:0.11828
position  3:    T:0.18280    C:0.29032    A:0.24731    G:0.27957
Average         T:0.22581    C:0.25448    A:0.30824    G:0.21147

#17: Suni           
position  1:    T:0.20430    C:0.24731    A:0.32258    G:0.22581
position  2:    T:0.27957    C:0.23656    A:0.34409    G:0.13978
position  3:    T:0.20430    C:0.27957    A:0.25806    G:0.25806
Average         T:0.22939    C:0.25448    A:0.30824    G:0.20789

#18: Springbuck     
position  1:    T:0.20430    C:0.24731    A:0.32258    G:0.22581
position  2:    T:0.27957    C:0.23656    A:0.34409    G:0.13978
position  3:    T:0.19355    C:0.27957    A:0.26882    G:0.25806
Average         T:0.22581    C:0.25448    A:0.31183    G:0.20789

#19: Okapi          
position  1:    T:0.21505    C:0.23656    A:0.31183    G:0.23656
position  2:    T:0.26882    C:0.24731    A:0.34409    G:0.13978
position  3:    T:0.18280    C:0.27957    A:0.29032    G:0.24731
Average         T:0.22222    C:0.25448    A:0.31541    G:0.20789

#20: Giraffe        
position  1:    T:0.21505    C:0.23656    A:0.29032    G:0.25806
position  2:    T:0.27957    C:0.23656    A:0.34409    G:0.13978
position  3:    T:0.20430    C:0.26882    A:0.24731    G:0.27957
Average         T:0.23297    C:0.24731    A:0.29391    G:0.22581

#21: TibetanAntelope
position  1:    T:0.21505    C:0.23656    A:0.31183    G:0.23656
position  2:    T:0.27957    C:0.23656    A:0.33333    G:0.15054
position  3:    T:0.18280    C:0.29032    A:0.25806    G:0.26882
Average         T:0.22581    C:0.25448    A:0.30108    G:0.21864

#22: Sitatunga      
position  1:    T:0.22581    C:0.22581    A:0.30108    G:0.24731
position  2:    T:0.27957    C:0.23656    A:0.34409    G:0.13978
position  3:    T:0.20430    C:0.27957    A:0.27957    G:0.23656
Average         T:0.23656    C:0.24731    A:0.30824    G:0.20789

#23: Oribi          
position  1:    T:0.22581    C:0.22581    A:0.32258    G:0.22581
position  2:    T:0.29032    C:0.23656    A:0.33333    G:0.13978
position  3:    T:0.19355    C:0.26882    A:0.27957    G:0.25806
Average         T:0.23656    C:0.24373    A:0.31183    G:0.20789

#24: BarbarySheep   
position  1:    T:0.21505    C:0.23656    A:0.31183    G:0.23656
position  2:    T:0.27957    C:0.23656    A:0.34409    G:0.13978
position  3:    T:0.18280    C:0.29032    A:0.25806    G:0.26882
Average         T:0.22581    C:0.25448    A:0.30466    G:0.21505

#25: Daviddeer      
position  1:    T:0.21505    C:0.22581    A:0.32258    G:0.23656
position  2:    T:0.27957    C:0.23656    A:0.34409    G:0.13978
position  3:    T:0.18280    C:0.26882    A:0.25806    G:0.29032
Average         T:0.22581    C:0.24373    A:0.30824    G:0.22222

#26: Reindeer       
position  1:    T:0.21505    C:0.23656    A:0.32258    G:0.22581
position  2:    T:0.26882    C:0.24731    A:0.33333    G:0.15054
position  3:    T:0.17204    C:0.26882    A:0.26882    G:0.29032
Average         T:0.21864    C:0.25090    A:0.30824    G:0.22222

#27: Ibex           
position  1:    T:0.21505    C:0.23656    A:0.31183    G:0.23656
position  2:    T:0.29032    C:0.23656    A:0.33333    G:0.13978
position  3:    T:0.18280    C:0.29032    A:0.25806    G:0.26882
Average         T:0.22939    C:0.25448    A:0.30108    G:0.21505

#28: GyrantGazelle  
position  1:    T:0.21505    C:0.23656    A:0.32258    G:0.22581
position  2:    T:0.27957    C:0.23656    A:0.34409    G:0.13978
position  3:    T:0.19355    C:0.27957    A:0.26882    G:0.25806
Average         T:0.22939    C:0.25090    A:0.31183    G:0.20789

#29: Hartebeest     
position  1:    T:0.21505    C:0.23656    A:0.32258    G:0.22581
position  2:    T:0.27957    C:0.23656    A:0.34409    G:0.13978
position  3:    T:0.18280    C:0.29032    A:0.25806    G:0.26882
Average         T:0.22581    C:0.25448    A:0.30824    G:0.21147

#30: Bongo          
position  1:    T:0.22581    C:0.22581    A:0.30108    G:0.24731
position  2:    T:0.27957    C:0.23656    A:0.34409    G:0.13978
position  3:    T:0.19355    C:0.29032    A:0.27957    G:0.23656
Average         T:0.23297    C:0.25090    A:0.30824    G:0.20789

#31: Gerenuk        
position  1:    T:0.21505    C:0.23656    A:0.32258    G:0.22581
position  2:    T:0.27957    C:0.23656    A:0.34409    G:0.13978
position  3:    T:0.19355    C:0.26882    A:0.27957    G:0.25806
Average         T:0.22939    C:0.24731    A:0.31541    G:0.20789

#32: CommonEland    
position  1:    T:0.22581    C:0.22581    A:0.31183    G:0.23656
position  2:    T:0.29032    C:0.22581    A:0.34409    G:0.13978
position  3:    T:0.19355    C:0.29032    A:0.29032    G:0.22581
Average         T:0.23656    C:0.24731    A:0.31541    G:0.20072

#33: MuntiacusReevesi
position  1:    T:0.21505    C:0.24731    A:0.30108    G:0.23656
position  2:    T:0.32258    C:0.19355    A:0.34409    G:0.13978
position  3:    T:0.21505    C:0.24731    A:0.24731    G:0.29032
Average         T:0.25090    C:0.22939    A:0.29749    G:0.22222

#34: HarveysDuiker  
position  1:    T:0.21505    C:0.23656    A:0.31183    G:0.23656
position  2:    T:0.27957    C:0.23656    A:0.35484    G:0.12903
position  3:    T:0.18280    C:0.29032    A:0.24731    G:0.27957
Average         T:0.22581    C:0.25448    A:0.30466    G:0.21505

#35: Pronghorn      
position  1:    T:0.22581    C:0.22581    A:0.30108    G:0.24731
position  2:    T:0.27957    C:0.23656    A:0.34409    G:0.13978
position  3:    T:0.21505    C:0.27957    A:0.25806    G:0.24731
Average         T:0.24014    C:0.24731    A:0.30108    G:0.21147

#36: BlueWildebeest 
position  1:    T:0.21505    C:0.23656    A:0.32258    G:0.22581
position  2:    T:0.27957    C:0.23656    A:0.34409    G:0.13978
position  3:    T:0.18280    C:0.29032    A:0.25806    G:0.26882
Average         T:0.22581    C:0.25448    A:0.30824    G:0.21147

#37: Gemsbok        
position  1:    T:0.21505    C:0.24731    A:0.31183    G:0.22581
position  2:    T:0.27957    C:0.23656    A:0.34409    G:0.13978
position  3:    T:0.18280    C:0.29032    A:0.29032    G:0.23656
Average         T:0.22581    C:0.25806    A:0.31541    G:0.20072

#38: Yak            
position  1:    T:0.21505    C:0.23656    A:0.31183    G:0.23656
position  2:    T:0.27957    C:0.23656    A:0.34409    G:0.13978
position  3:    T:0.19355    C:0.26882    A:0.29032    G:0.24731
Average         T:0.22939    C:0.24731    A:0.31541    G:0.20789

#39: BlueSheep      
position  1:    T:0.21505    C:0.23656    A:0.31183    G:0.23656
position  2:    T:0.29032    C:0.22581    A:0.34409    G:0.13978
position  3:    T:0.18280    C:0.29032    A:0.25806    G:0.26882
Average         T:0.22939    C:0.25090    A:0.30466    G:0.21505

#40: BohorReedbuck  
position  1:    T:0.21505    C:0.23656    A:0.32258    G:0.22581
position  2:    T:0.27957    C:0.23656    A:0.34409    G:0.13978
position  3:    T:0.18280    C:0.29032    A:0.25806    G:0.26882
Average         T:0.22581    C:0.25448    A:0.30824    G:0.21147

#41: KirksDik       
position  1:    T:0.21505    C:0.22581    A:0.33333    G:0.22581
position  2:    T:0.27957    C:0.23656    A:0.34409    G:0.13978
position  3:    T:0.19355    C:0.27957    A:0.27957    G:0.24731
Average         T:0.22939    C:0.24731    A:0.31900    G:0.20430

#42: RoeDeer        
position  1:    T:0.21505    C:0.23656    A:0.31183    G:0.23656
position  2:    T:0.29032    C:0.22581    A:0.34409    G:0.13978
position  3:    T:0.17204    C:0.26882    A:0.25806    G:0.30108
Average         T:0.22581    C:0.24373    A:0.30466    G:0.22581

#43: WhiteLippedDeer
position  1:    T:0.21505    C:0.22581    A:0.32258    G:0.23656
position  2:    T:0.27957    C:0.23656    A:0.34409    G:0.13978
position  3:    T:0.18280    C:0.26882    A:0.25806    G:0.29032
Average         T:0.22581    C:0.24373    A:0.30824    G:0.22222

#44: ThomsonGazelle 
position  1:    T:0.21505    C:0.23656    A:0.32258    G:0.22581
position  2:    T:0.27957    C:0.23656    A:0.34409    G:0.13978
position  3:    T:0.19355    C:0.27957    A:0.27957    G:0.24731
Average         T:0.22939    C:0.25090    A:0.31541    G:0.20430

#45: MuntiacusCrinifrons
position  1:    T:0.21505    C:0.24731    A:0.32258    G:0.21505
position  2:    T:0.30108    C:0.21505    A:0.34409    G:0.13978
position  3:    T:0.20430    C:0.25806    A:0.25806    G:0.27957
Average         T:0.24014    C:0.24014    A:0.30824    G:0.21147

#46: WhiteTailedDeer
position  1:    T:0.21505    C:0.23656    A:0.32258    G:0.22581
position  2:    T:0.26882    C:0.24731    A:0.33333    G:0.15054
position  3:    T:0.18280    C:0.26882    A:0.25806    G:0.29032
Average         T:0.22222    C:0.25090    A:0.30466    G:0.22222

#47: Cattle         
position  1:    T:0.21505    C:0.23656    A:0.31183    G:0.23656
position  2:    T:0.27957    C:0.23656    A:0.34409    G:0.13978
position  3:    T:0.18280    C:0.26882    A:0.30108    G:0.24731
Average         T:0.22581    C:0.24731    A:0.31900    G:0.20789

#48: RoyalAntelope  
position  1:    T:0.21505    C:0.23656    A:0.31183    G:0.23656
position  2:    T:0.27957    C:0.23656    A:0.34409    G:0.13978
position  3:    T:0.20430    C:0.27957    A:0.25806    G:0.25806
Average         T:0.23297    C:0.25090    A:0.30466    G:0.21147

#49: Steenbok       
position  1:    T:0.21505    C:0.23656    A:0.32258    G:0.22581
position  2:    T:0.27957    C:0.23656    A:0.34409    G:0.13978
position  3:    T:0.19355    C:0.27957    A:0.27957    G:0.24731
Average         T:0.22939    C:0.25090    A:0.31541    G:0.20430

#50: Impala         
position  1:    T:0.21505    C:0.21505    A:0.33333    G:0.23656
position  2:    T:0.27957    C:0.23656    A:0.34409    G:0.13978
position  3:    T:0.16129    C:0.31183    A:0.27957    G:0.24731
Average         T:0.21864    C:0.25448    A:0.31900    G:0.20789

#51: Klipspringer   
position  1:    T:0.21505    C:0.23656    A:0.31183    G:0.23656
position  2:    T:0.27957    C:0.23656    A:0.34409    G:0.13978
