1
52 1
Argali 0.000000 0.173900 0.185400 0.138700 0.030500 0.030600 0.041100 0.085900 0.051800 0.157100 0.040600 0.062700 0.041500 0.030900 0.118000 0.073500 0.084200 0.072900 0.071600 0.062600 0.106100 0.030500 0.145900 0.120200 0.041100 0.084000 0.041500 0.051800 0.085100 0.062800 0.144000 0.041200 0.121400 0.030900 0.050800 0.062100 0.030500 0.041000 0.084000 0.224800 0.145900 0.062300 0.157100 0.120200 0.062100 0.073600 0.083800 0.062100 0.072300 0.108100 0.084500 0.062000
LesserMous 0.173900 0.000000 0.221100 0.170700 0.138400 0.149400 0.151400 0.178700 0.116900 0.180600 0.148900 0.128800 0.140300 0.140400 0.176200 0.139800 0.104600 0.093100 0.170700 0.117300 0.174000 0.138400 0.181400 0.191600 0.150800 0.139300 0.140300 0.116900 0.140400 0.129000 0.167000 0.127800 0.166200 0.151900 0.137100 0.127400 0.138400 0.148900 0.139300 0.275600 0.181400 0.127700 0.180600 0.191600 0.127400 0.164000 0.150400 0.127400 0.172900 0.117900 0.140500 0.127300
LesserKudu 0.185400 0.221100 0.000000 0.207200 0.173100 0.173000 0.186700 0.214800 0.151000 0.284200 0.183900 0.163400 0.213600 0.175900 0.175200 0.199300 0.161500 0.149200 0.182800 0.150400 0.235500 0.173100 0.285200 0.254600 0.185900 0.198700 0.213600 0.151000 0.213100 0.163600 0.268700 0.162800 0.229000 0.199500 0.171800 0.161800 0.173100 0.183900 0.198700 0.314500 0.285200 0.186300 0.284200 0.254600 0.161800 0.199500 0.210400 0.161800 0.184400 0.200300 0.150800 0.161800
KillerWhal 0.138700 0.170700 0.207200 0.000000 0.104500 0.115200 0.116700 0.142300 0.083500 0.156200 0.093100 0.094900 0.140800 0.105900 0.117000 0.128400 0.082900 0.071800 0.136400 0.094700 0.139100 0.104500 0.156800 0.130900 0.116300 0.127900 0.140800 0.083500 0.140900 0.095000 0.143100 0.094100 0.142500 0.128300 0.125500 0.093900 0.104500 0.114900 0.127900 0.195100 0.156800 0.116500 0.156200 0.130900 0.093900 0.128600 0.116300 0.093900 0.114900 0.095300 0.117200 0.093800
DefassaWat 0.030500 0.138400 0.173100 0.104500 0.000000 0.010000 0.030900 0.052700 0.020600 0.145200 0.010000 0.031500 0.031100 0.020500 0.084300 0.041200 0.051600 0.041200 0.040100 0.030700 0.072900 0.000000 0.134000 0.108700 0.010200 0.051500 0.030900 0.020600 0.052200 0.030800 0.132200 0.010100 0.109700 0.020400 0.019900 0.030400 0.000000 0.010100 0.051500 0.211900 0.134000 0.030800 0.145200 0.108700 0.030400 0.041300 0.051900 0.030400 0.061400 0.074200 0.051800 0.030400
Sheep 0.030600 0.149400 0.173000 0.115200 0.010000 0.000000 0.040900 0.063300 0.030500 0.156600 0.020100 0.041100 0.041300 0.030800 0.094900 0.051600 0.062100 0.051200 0.050300 0.041000 0.083500 0.010000 0.145300 0.119700 0.020300 0.061900 0.041300 0.030500 0.062700 0.041200 0.143400 0.020200 0.120900 0.030600 0.030000 0.041000 0.010100 0.020000 0.061900 0.224000 0.145300 0.040900 0.156600 0.119700 0.040800 0.051700 0.061800 0.040700 0.071800 0.085000 0.062300 0.040700
MaxwellsDu 0.041100 0.151400 0.186700 0.116700 0.030900 0.040900 0.000000 0.064200 0.031200 0.134300 0.041000 0.041700 0.041700 0.010300 0.096200 0.052300 0.062900 0.051800 0.072300 0.041600 0.084500 0.030700 0.123100 0.098000 0.041300 0.062800 0.041700 0.030900 0.063600 0.042100 0.121400 0.020500 0.098900 0.030900 0.030300 0.041200 0.030700 0.040800 0.063000 0.200600 0.123100 0.041400 0.134300 0.098000 0.041200 0.052400 0.062700 0.041200 0.072700 0.086100 0.062900 0.041200
GazellaPrz 0.085900 0.178700 0.214800 0.142300 0.052700 0.063300 0.064200 0.000000 0.053200 0.139400 0.063100 0.042600 0.087300 0.053700 0.122000 0.032300 0.086600 0.074900 0.095400 0.064400 0.064200 0.052700 0.126500 0.100600 0.064000 0.042400 0.087300 0.053200 0.043000 0.064700 0.149400 0.042400 0.125600 0.075500 0.073600 0.063700 0.052700 0.063100 0.042700 0.154300 0.126500 0.042400 0.138000 0.100600 0.063700 0.076000 0.042700 0.063700 0.096600 0.088000 0.086800 0.063700
MountainNy 0.051800 0.116900 0.151000 0.083500 0.020600 0.030500 0.031200 0.053200 0.000000 0.122800 0.030900 0.010300 0.052500 0.020700 0.063200 0.041600 0.031000 0.020400 0.061800 0.010300 0.073600 0.020300 0.111600 0.086900 0.030800 0.052000 0.052500 0.000000 0.052700 0.010300 0.110100 0.010200 0.087700 0.041500 0.040600 0.010300 0.020400 0.030700 0.052000 0.188300 0.111600 0.030900 0.122800 0.086900 0.010200 0.041700 0.051900 0.010100 0.061900 0.053000 0.031100 0.010100
MuntiacusM 0.157100 0.180600 0.284200 0.156200 0.145200 0.156600 0.134300 0.139400 0.122800 0.000000 0.156000 0.135600 0.159900 0.123500 0.172300 0.147700 0.122700 0.110200 0.166200 0.135000 0.183700 0.145200 0.010900 0.054400 0.158500 0.134400 0.159900 0.122800 0.136200 0.135800 0.010800 0.134700 0.114500 0.146600 0.167200 0.133600 0.145200 0.156000 0.134400 0.141000 0.010900 0.134600 0.000000 0.054400 0.133600 0.172800 0.158600 0.133600 0.168100 0.101000 0.159500 0.133600
goat 0.040600 0.148900 0.183900 0.093100 0.010000 0.020100 0.041000 0.063100 0.030900 0.156000 0.000000 0.041000 0.041200 0.030700 0.094600 0.051400 0.061900 0.051000 0.050100 0.040900 0.083100 0.010100 0.144800 0.119300 0.020100 0.061700 0.041200 0.030700 0.062500 0.041100 0.142900 0.020200 0.120500 0.030500 0.029900 0.040500 0.010000 0.019900 0.061700 0.223200 0.144800 0.041100 0.156000 0.119300 0.040500 0.051500 0.061600 0.040900 0.071600 0.084700 0.062200 0.040500
AfricanBuf 0.062700 0.128800 0.163400 0.094900 0.031500 0.041100 0.041700 0.042600 0.010300 0.135600 0.041000 0.000000 0.063700 0.031300 0.074600 0.031200 0.041700 0.030900 0.072300 0.020700 0.063100 0.030800 0.124200 0.098900 0.041800 0.041700 0.063700 0.010400 0.042200 0.020800 0.122500 0.020600 0.099800 0.052500 0.051300 0.020700 0.030800 0.041400 0.041900 0.176700 0.124200 0.042200 0.135600 0.098900 0.020600 0.052700 0.041600 0.020600 0.073000 0.064300 0.041800 0.020700
Topi 0.041500 0.140300 0.213600 0.140800 0.031100 0.041300 0.041700 0.087300 0.052500 0.159900 0.041200 0.063700 0.000000 0.031300 0.120100 0.063700 0.085500 0.074200 0.072500 0.063600 0.096600 0.030900 0.148400 0.122200 0.041700 0.074400 0.000000 0.052500 0.075300 0.063800 0.146400 0.041800 0.123400 0.010200 0.051500 0.063000 0.030900 0.041200 0.074400 0.229200 0.148400 0.052500 0.159900 0.122200 0.063000 0.074800 0.074200 0.063000 0.095400 0.109800 0.085800 0.063000
CommonDuik 0.030900 0.140400 0.175900 0.105900 0.020500 0.030800 0.010300 0.053700 0.020700 0.123500 0.030700 0.031300 0.031300 0.000000 0.085800 0.042000 0.052500 0.041500 0.061800 0.031200 0.074200 0.020500 0.112300 0.087400 0.031100 0.052500 0.031300 0.020700 0.053100 0.031400 0.110700 0.010300 0.087800 0.020600 0.040900 0.031000 0.020500 0.030700 0.052500 0.189500 0.112300 0.031100 0.123500 0.087400 0.031000 0.042000 0.052400 0.031000 0.062500 0.075600 0.052700 0.030900
Suni 0.118000 0.176200 0.175200 0.117000 0.084300 0.094900 0.096200 0.122000 0.063200 0.172300 0.094600 0.074600 0.120100 0.085800 0.000000 0.108300 0.063400 0.073800 0.104700 0.074300 0.142100 0.084300 0.186400 0.158600 0.096000 0.096200 0.120100 0.063200 0.120600 0.074700 0.158500 0.074100 0.147600 0.107800 0.105100 0.073600 0.084300 0.094600 0.096200 0.229900 0.186400 0.096300 0.172300 0.158600 0.073600 0.108500 0.118800 0.073600 0.083600 0.109700 0.096700 0.073500
Springbuck 0.073500 0.139800 0.199300 0.128400 0.041200 0.051600 0.052300 0.032300 0.041600 0.147700 0.051400 0.031200 0.063700 0.042000 0.108300 0.000000 0.074000 0.062900 0.082900 0.052400 0.031400 0.041200 0.136200 0.110400 0.052400 0.010400 0.063700 0.041600 0.010500 0.052700 0.134300 0.031100 0.111300 0.052500 0.061700 0.051900 0.041200 0.052100 0.010400 0.189700 0.136200 0.010400 0.147600 0.110400 0.051900 0.063600 0.010300 0.051900 0.083900 0.097900 0.074300 0.051900
Okapi 0.084200 0.104600 0.161500 0.082900 0.051600 0.062100 0.062900 0.086600 0.031000 0.122700 0.061900 0.041700 0.085500 0.052500 0.063400 0.074000 0.000000 0.010100 0.082800 0.041600 0.106900 0.051600 0.123300 0.098200 0.062700 0.073800 0.085500 0.031000 0.085700 0.041800 0.110100 0.041500 0.075500 0.073900 0.072200 0.041200 0.051600 0.062100 0.073800 0.173300 0.123300 0.062800 0.122700 0.098200 0.041200 0.074300 0.084500 0.041200 0.083800 0.052600 0.063100 0.041200
Giraffe 0.072900 0.093100 0.149200 0.071800 0.041200 0.051200 0.051800 0.074900 0.020400 0.110200 0.051000 0.030900 0.074200 0.041500 0.073800 0.062900 0.010100 0.000000 0.071700 0.030800 0.095100 0.040800 0.110600 0.086200 0.051600 0.062500 0.074000 0.020600 0.074100 0.031000 0.097800 0.030700 0.063900 0.062700 0.061300 0.030600 0.040800 0.051000 0.063100 0.159600 0.110600 0.051700 0.110200 0.086200 0.030600 0.063800 0.073100 0.030600 0.072400 0.041600 0.052000 0.030600
TibetanAnt 0.071600 0.170700 0.182800 0.136400 0.040100 0.050300 0.072300 0.095400 0.061800 0.166200 0.050100 0.072300 0.072500 0.061800 0.104700 0.082900 0.082800 0.071700 0.000000 0.072100 0.115200 0.040100 0.179800 0.153200 0.050700 0.071700 0.072500 0.061300 0.094500 0.072400 0.153000 0.050800 0.142900 0.061500 0.060200 0.050600 0.040400 0.029800 0.071700 0.248000 0.179800 0.071800 0.166200 0.153200 0.050600 0.083100 0.093200 0.071500 0.081500 0.106200 0.093900 0.071500
Sitatunga 0.062600 0.117300 0.150400 0.094700 0.030700 0.041000 0.041600 0.064400 0.010300 0.135000 0.040900 0.020700 0.063600 0.031200 0.074300 0.052400 0.041600 0.030800 0.072100 0.000000 0.084700 0.030800 0.123700 0.098600 0.041400 0.063100 0.063600 0.010300 0.063700 0.020700 0.122100 0.020600 0.099400 0.052300 0.051200 0.020700 0.030800 0.040900 0.062900 0.201800 0.123700 0.041800 0.135000 0.098600 0.020400 0.052500 0.062800 0.020400 0.072900 0.064100 0.020600 0.020400
Oribi 0.106100 0.174000 0.235500 0.139100 0.072900 0.083500 0.084500 0.064200 0.073600 0.183700 0.083100 0.063100 0.096600 0.074200 0.142100 0.031400 0.106900 0.095100 0.115200 0.084700 0.000000 0.072900 0.172100 0.145100 0.084300 0.041600 0.096600 0.073600 0.042300 0.085100 0.169700 0.062800 0.146300 0.084800 0.093600 0.084500 0.072900 0.083100 0.041300 0.227700 0.172100 0.041200 0.183700 0.145100 0.083900 0.096300 0.020400 0.083900 0.094200 0.131800 0.107200 0.083900
BarbaryShe 0.030500 0.138400 0.173100 0.104500 0.000000 0.010000 0.030700 0.052700 0.020300 0.145200 0.010100 0.030800 0.030900 0.020500 0.084300 0.041200 0.051600 0.040800 0.040100 0.030800 0.072900 0.000000 0.134000 0.108700 0.010200 0.051500 0.030900 0.020300 0.052200 0.031300 0.132200 0.010100 0.109700 0.020600 0.020300 0.030400 0.000000 0.010100 0.051500 0.211900 0.134000 0.030600 0.145200 0.108700 0.030400 0.041300 0.051400 0.030700 0.061400 0.074200 0.051800 0.030400
Daviddeer 0.145900 0.181400 0.285200 0.156800 0.134000 0.145300 0.123100 0.126500 0.111600 0.010900 0.144800 0.124200 0.148400 0.112300 0.186400 0.136200 0.123300 0.110600 0.179800 0.123700 0.172100 0.134000 0.000000 0.043600 0.147100 0.147700 0.148400 0.111600 0.124900 0.124500 0.021600 0.123500 0.115100 0.135300 0.156000 0.122900 0.134000 0.144800 0.147700 0.141600 0.000000 0.123400 0.010900 0.043600 0.122500 0.161200 0.147200 0.122500 0.181900 0.101500 0.148000 0.122400
Reindeer 0.120200 0.191600 0.254600 0.130900 0.108700 0.119700 0.098000 0.100600 0.086900 0.054400 0.119300 0.098900 0.122200 0.087400 0.158600 0.110400 0.098200 0.086200 0.153200 0.098600 0.145100 0.108700 0.043600 0.000000 0.121100 0.121500 0.122200 0.086900 0.123200 0.099100 0.065300 0.098300 0.089500 0.109700 0.130200 0.097600 0.108700 0.119300 0.121500 0.114600 0.043900 0.098200 0.054400 0.000000 0.097600 0.134400 0.121200 0.097600 0.154900 0.099800 0.121900 0.097600
Ibex 0.041100 0.150800 0.185900 0.116300 0.010200 0.020300 0.041300 0.064000 0.030800 0.158500 0.020100 0.041800 0.041700 0.031100 0.096000 0.052400 0.062700 0.051600 0.050700 0.041400 0.084300 0.010200 0.147100 0.121100 0.000000 0.062600 0.041700 0.031100 0.063400 0.041900 0.145100 0.020400 0.122200 0.030900 0.030600 0.041100 0.010100 0.020100 0.062600 0.227000 0.147100 0.041300 0.158500 0.121100 0.041100 0.052300 0.062500 0.041100 0.072500 0.085800 0.062900 0.041000
GyrantGaze 0.084000 0.139300 0.198700 0.127900 0.051500 0.061900 0.062800 0.042400 0.052000 0.134400 0.061700 0.041700 0.074400 0.052500 0.096200 0.010400 0.073800 0.062500 0.071700 0.063100 0.041600 0.051500 0.147700 0.121500 0.062600 0.000000 0.074400 0.052000 0.021100 0.063200 0.121500 0.041400 0.110800 0.063000 0.072000 0.062300 0.051500 0.062300 0.000000 0.188900 0.147600 0.020700 0.134400 0.121500 0.062300 0.074200 0.020700 0.062300 0.072600 0.097500 0.084900 0.062300
Hartebeest 0.041500 0.140300 0.213600 0.140800 0.030900 0.041300 0.041700 0.087300 0.052500 0.159900 0.041200 0.063700 0.000000 0.031300 0.120100 0.063700 0.085500 0.074000 0.072500 0.063600 0.096600 0.030900 0.148400 0.122200 0.041700 0.074400 0.000000 0.052500 0.075300 0.063800 0.146400 0.041800 0.123400 0.010300 0.051500 0.063000 0.030900 0.041400 0.074400 0.229200 0.148400 0.052500 0.159900 0.122200 0.063000 0.074800 0.074200 0.063000 0.095400 0.109800 0.085800 0.063000
Bongo 0.051800 0.116900 0.151000 0.083500 0.020600 0.030500 0.030900 0.053200 0.000000 0.122800 0.030700 0.010400 0.052500 0.020700 0.063200 0.041600 0.031000 0.020600 0.061300 0.010300 0.073600 0.020300 0.111600 0.086900 0.031100 0.052000 0.052500 0.000000 0.052700 0.010400 0.110100 0.010200 0.087700 0.042000 0.040600 0.010300 0.020700 0.030400 0.052000 0.188300 0.111600 0.030900 0.122800 0.086900 0.010300 0.041700 0.051900 0.010300 0.061900 0.053000 0.031100 0.010300
Gerenuk 0.085100 0.140400 0.213100 0.140900 0.052200 0.062700 0.063600 0.043000 0.052700 0.136200 0.062500 0.042200 0.075300 0.053100 0.120600 0.010500 0.085700 0.074100 0.094500 0.063700 0.042300 0.052200 0.124900 0.123200 0.063400 0.021100 0.075300 0.052700 0.000000 0.064500 0.123100 0.042000 0.124200 0.063800 0.072900 0.063100 0.052200 0.062500 0.021100 0.204600 0.124900 0.020700 0.136200 0.123200 0.063100 0.075100 0.020700 0.063100 0.095600 0.110200 0.086000 0.063100
CommonElan 0.062800 0.129000 0.163600 0.095000 0.030800 0.041200 0.042100 0.064700 0.010300 0.135800 0.041100 0.020800 0.063800 0.031400 0.074700 0.052700 0.041800 0.031000 0.072400 0.020700 0.085100 0.031300 0.124500 0.099100 0.041900 0.063200 0.063800 0.010400 0.064500 0.000000 0.122700 0.020600 0.099900 0.052600 0.051300 0.020500 0.030800 0.041100 0.063200 0.203100 0.124500 0.041900 0.135800 0.099100 0.020700 0.052800 0.063100 0.020600 0.073100 0.064400 0.041900 0.020800
MuntiacusR 0.144000 0.167000 0.268700 0.143100 0.132200 0.143400 0.121400 0.149400 0.110100 0.010800 0.142900 0.122500 0.146400 0.110700 0.158500 0.134300 0.110100 0.097800 0.153000 0.122100 0.169700 0.132200 0.021600 0.065300 0.145100 0.121500 0.146400 0.110100 0.123100 0.122700 0.000000 0.121800 0.101600 0.133500 0.154000 0.120900 0.132200 0.142900 0.121500 0.152500 0.021800 0.121700 0.010700 0.065300 0.120900 0.158900 0.145200 0.120900 0.154800 0.112100 0.146100 0.120800
HarveysDui 0.041200 0.127800 0.162800 0.094100 0.010100 0.020200 0.020500 0.042400 0.010200 0.134700 0.020200 0.020600 0.041800 0.010300 0.074100 0.031100 0.041500 0.030700 0.050800 0.020600 0.062800 0.010100 0.123500 0.098300 0.020400 0.041400 0.041800 0.010200 0.042000 0.020600 0.121800 0.000000 0.098800 0.031000 0.030300 0.020400 0.010100 0.020200 0.041400 0.201400 0.123500 0.020500 0.134700 0.098300 0.020400 0.031100 0.041400 0.020400 0.051400 0.063900 0.041600 0.020400
Pronghorn 0.121400 0.166200 0.229000 0.142500 0.109700 0.120900 0.098900 0.125600 0.087700 0.114500 0.120500 0.099800 0.123400 0.087800 0.147600 0.111300 0.075500 0.063900 0.142900 0.099400 0.146300 0.109700 0.115100 0.089500 0.122200 0.110800 0.123400 0.087700 0.124200 0.099900 0.101600 0.098800 0.000000 0.110800 0.131600 0.098500 0.109700 0.120500 0.110800 0.166200 0.115100 0.099000 0.114500 0.089500 0.098500 0.135400 0.122200 0.098500 0.144400 0.111900 0.123100 0.098500
BlueWildeb 0.030900 0.151900 0.199500 0.128300 0.020400 0.030600 0.030900 0.075500 0.041500 0.146600 0.030500 0.052500 0.010200 0.020600 0.107800 0.052500 0.073900 0.062700 0.061500 0.052300 0.084800 0.020600 0.135300 0.109700 0.030900 0.063000 0.010300 0.042000 0.063800 0.052600 0.133500 0.031000 0.110800 0.000000 0.040800 0.051900 0.020500 0.030500 0.063000 0.214100 0.135300 0.041500 0.146600 0.110500 0.051900 0.063400 0.062800 0.052200 0.083800 0.097600 0.074200 0.051900
Gemsbok 0.050800 0.137100 0.171800 0.125500 0.019900 0.030000 0.030300 0.073600 0.040600 0.167200 0.029900 0.051300 0.051500 0.040900 0.105100 0.061700 0.072200 0.061300 0.060200 0.051200 0.093600 0.020300 0.156000 0.130200 0.030600 0.072000 0.051500 0.040600 0.072900 0.051300 0.154000 0.030300 0.131600 0.040800 0.000000 0.050700 0.020000 0.029900 0.072000 0.235000 0.156000 0.050900 0.167200 0.130200 0.050700 0.061900 0.071900 0.050700 0.081900 0.095300 0.072500 0.050700
Yak 0.062100 0.127400 0.161800 0.093900 0.030400 0.041000 0.041200 0.063700 0.010300 0.133600 0.040500 0.020700 0.063000 0.031000 0.073600 0.051900 0.041200 0.030600 0.050600 0.020700 0.084500 0.030400 0.122900 0.097600 0.041100 0.062300 0.063000 0.010300 0.063100 0.020500 0.120900 0.020400 0.098500 0.051900 0.050700 0.000000 0.030700 0.020500 0.062300 0.199600 0.122500 0.041100 0.133600 0.097600 0.000000 0.052000 0.062200 0.020300 0.072200 0.063500 0.041400 0.020500
BlueSheep 0.030500 0.138400 0.173100 0.104500 0.000000 0.010100 0.030700 0.052700 0.020400 0.145200 0.010000 0.030800 0.030900 0.020500 0.084300 0.041200 0.051600 0.040800 0.040400 0.030800 0.072900 0.000000 0.134000 0.108700 0.010100 0.051500 0.030900 0.020700 0.052200 0.030800 0.132200 0.010100 0.109700 0.020500 0.020000 0.030700 0.000000 0.010000 0.051500 0.211900 0.134000 0.030600 0.145200 0.108700 0.030400 0.041300 0.051400 0.030700 0.061400 0.074200 0.051800 0.030800
BohorReedb 0.041000 0.148900 0.183900 0.114900 0.010100 0.020000 0.040800 0.063100 0.030700 0.156000 0.019900 0.041400 0.041200 0.030700 0.094600 0.052100 0.062100 0.051000 0.029800 0.040900 0.083100 0.010100 0.144800 0.119300 0.020100 0.062300 0.041400 0.030400 0.062500 0.041100 0.142900 0.020200 0.120500 0.030500 0.029900 0.020500 0.010000 0.000000 0.061700 0.223200 0.144800 0.041000 0.156000 0.119300 0.020100 0.051500 0.061600 0.040500 0.071600 0.084700 0.062100 0.040800
KirksDik 0.084000 0.139300 0.198700 0.127900 0.051500 0.061900 0.063000 0.042700 0.052000 0.134400 0.061700 0.041900 0.074400 0.052500 0.096200 0.010400 0.073800 0.063100 0.071700 0.062900 0.041300 0.051500 0.147700 0.121500 0.062600 0.000000 0.074400 0.052000 0.021100 0.063200 0.121500 0.041400 0.110800 0.063000 0.072000 0.062300 0.051500 0.061700 0.000000 0.188900 0.147600 0.020700 0.134400 0.121500 0.062300 0.074200 0.020700 0.062300 0.072600 0.097500 0.085400 0.062300
RoeDeer 0.224800 0.275600 0.314500 0.195100 0.211900 0.224000 0.200600 0.154300 0.188300 0.141000 0.223200 0.176700 0.229200 0.189500 0.229900 0.189700 0.173300 0.159600 0.248000 0.201800 0.227700 0.211900 0.141600 0.114600 0.227000 0.188900 0.229200 0.188300 0.204600 0.203100 0.152500 0.201400 0.166200 0.214100 0.235000 0.199600 0.211900 0.223200 0.188900 0.000000 0.141600 0.201400 0.141000 0.114600 0.199600 0.243700 0.201000 0.199600 0.223700 0.190000 0.228500 0.199500
WhiteLippe 0.145900 0.181400 0.285200 0.156800 0.134000 0.145300 0.123100 0.126500 0.111600 0.010900 0.144800 0.124200 0.148400 0.112300 0.186400 0.136200 0.123300 0.110600 0.179800 0.123700 0.172100 0.134000 0.000000 0.043900 0.147100 0.147600 0.148400 0.111600 0.124900 0.124500 0.021800 0.123500 0.115100 0.135300 0.156000 0.122500 0.134000 0.144800 0.147600 0.141600 0.000000 0.123400 0.010900 0.043600 0.122500 0.161200 0.147200 0.122500 0.181900 0.101500 0.148000 0.122400
ThomsonGaz 0.062300 0.127700 0.186300 0.116500 0.030800 0.040900 0.041400 0.042400 0.030900 0.134600 0.041100 0.042200 0.052500 0.031100 0.096300 0.010400 0.062800 0.051700 0.071800 0.041800 0.041200 0.030600 0.123400 0.098200 0.041300 0.020700 0.052500 0.030900 0.020700 0.041900 0.121700 0.020500 0.099000 0.041500 0.050900 0.041100 0.030600 0.041000 0.020700 0.201400 0.123400 0.000000 0.134600 0.098200 0.041400 0.052400 0.020700 0.041100 0.072700 0.086000 0.063000 0.041300
MuntiacusC 0.157100 0.180600 0.284200 0.156200 0.145200 0.156600 0.134300 0.138000 0.122800 0.000000 0.156000 0.135600 0.159900 0.123500 0.172300 0.147600 0.122700 0.110200 0.166200 0.135000 0.183700 0.145200 0.010900 0.054400 0.158500 0.134400 0.159900 0.122800 0.136200 0.135800 0.010700 0.134700 0.114500 0.146600 0.167200 0.133600 0.145200 0.156000 0.134400 0.141000 0.010900 0.134600 0.000000 0.054400 0.133600 0.172800 0.158600 0.133600 0.168100 0.101000 0.159500 0.133600
WhiteTaile 0.120200 0.191600 0.254600 0.130900 0.108700 0.119700 0.098000 0.100600 0.086900 0.054400 0.119300 0.098900 0.122200 0.087400 0.158600 0.110400 0.098200 0.086200 0.153200 0.098600 0.145100 0.108700 0.043600 0.000000 0.121100 0.121500 0.122200 0.086900 0.123200 0.099100 0.065300 0.098300 0.089500 0.110500 0.130200 0.097600 0.108700 0.119300 0.121500 0.114600 0.043600 0.098200 0.054400 0.000000 0.097600 0.134400 0.121200 0.097600 0.154900 0.100200 0.121900 0.097600
Cattle 0.062100 0.127400 0.161800 0.093900 0.030400 0.040800 0.041200 0.063700 0.010200 0.133600 0.040500 0.020600 0.063000 0.031000 0.073600 0.051900 0.041200 0.030600 0.050600 0.020400 0.083900 0.030400 0.122500 0.097600 0.041100 0.062300 0.063000 0.010300 0.063100 0.020700 0.120900 0.020400 0.098500 0.051900 0.050700 0.000000 0.030400 0.020100 0.062300 0.199600 0.122500 0.041400 0.133600 0.097600 0.000000 0.052000 0.062200 0.020500 0.072200 0.063500 0.041400 0.020500
RoyalAntel 0.073600 0.164000 0.199500 0.128600 0.041300 0.051700 0.052400 0.076000 0.041700 0.172800 0.051500 0.052700 0.074800 0.042000 0.108500 0.063600 0.074300 0.063800 0.083100 0.052500 0.096300 0.041300 0.161200 0.134400 0.052300 0.074200 0.074800 0.041700 0.075100 0.052800 0.158900 0.031100 0.135400 0.063400 0.061900 0.052000 0.041300 0.051500 0.074200 0.243700 0.161200 0.052400 0.172800 0.134400 0.052000 0.000000 0.074100 0.052000 0.084100 0.098100 0.074400 0.052000
Steenbok 0.083800 0.150400 0.210400 0.116300 0.051900 0.061800 0.062700 0.042700 0.051900 0.158600 0.061600 0.041600 0.074200 0.052400 0.118800 0.010300 0.084500 0.073100 0.093200 0.062800 0.020400 0.051400 0.147200 0.121200 0.062500 0.020700 0.074200 0.051900 0.020700 0.063100 0.145200 0.041400 0.122200 0.062800 0.071900 0.062200 0.051400 0.061600 0.020700 0.201000 0.147200 0.020700 0.158600 0.121200 0.062200 0.074100 0.000000 0.062200 0.094300 0.108500 0.084700 0.062200
Impala 0.062100 0.127400 0.161800 0.093900 0.030400 0.040700 0.041200 0.063700 0.010100 0.133600 0.040900 0.020600 0.063000 0.031000 0.073600 0.051900 0.041200 0.030600 0.071500 0.020400 0.083900 0.030700 0.122500 0.097600 0.041100 0.062300 0.063000 0.010300 0.063100 0.020600 0.120900 0.020400 0.098500 0.052200 0.050700 0.020300 0.030700 0.040500 0.062300 0.199600 0.122500 0.041100 0.133600 0.097600 0.020500 0.052000 0.062200 0.000000 0.072200 0.063500 0.041400 0.020300
Klipspring 0.072300 0.172900 0.184400 0.114900 0.061400 0.071800 0.072700 0.096600 0.061900 0.168100 0.071600 0.073000 0.095400 0.062500 0.083600 0.083900 0.083800 0.072400 0.081500 0.072900 0.094200 0.061400 0.181900 0.154900 0.072500 0.072600 0.095400 0.061900 0.095600 0.073100 0.154800 0.051400 0.144400 0.083800 0.081900 0.072200 0.061400 0.071600 0.072600 0.223700 0.181900 0.072700 0.168100 0.154900 0.072200 0.084100 0.094300 0.072200 0.000000 0.107300 0.094800 0.072100
ForestMusk 0.108100 0.117900 0.200300 0.095300 0.074200 0.085000 0.086100 0.088000 0.053000 0.101000 0.084700 0.064300 0.109800 0.075600 0.109700 0.097900 0.052600 0.041600 0.106200 0.064100 0.131800 0.074200 0.101500 0.099800 0.085800 0.097500 0.109800 0.053000 0.110200 0.064400 0.112100 0.063900 0.111900 0.097600 0.095300 0.063500 0.074200 0.084700 0.097500 0.190000 0.101500 0.086000 0.101000 0.100200 0.063500 0.098100 0.108500 0.063500 0.107300 0.000000 0.086400 0.063400
Bushbuck 0.084500 0.140500 0.150800 0.117200 0.051800 0.062300 0.062900 0.086800 0.031100 0.159500 0.062200 0.041800 0.085800 0.052700 0.096700 0.074300 0.063100 0.052000 0.093900 0.020600 0.107200 0.051800 0.148000 0.121900 0.062900 0.084900 0.085800 0.031100 0.086000 0.041900 0.146100 0.041600 0.123100 0.074200 0.072500 0.041400 0.051800 0.062100 0.085400 0.228500 0.148000 0.063000 0.159500 0.121900 0.041400 0.074400 0.084700 0.041400 0.094800 0.086400 0.000000 0.041300
GreaterKud 0.062000 0.127300 0.161800 0.093800 0.030400 0.040700 0.041200 0.063700 0.010100 0.133600 0.040500 0.020700 0.063000 0.030900 0.073500 0.051900 0.041200 0.030600 0.071500 0.020400 0.083900 0.030400 0.122400 0.097600 0.041000 0.062300 0.063000 0.010300 0.063100 0.020800 0.120800 0.020400 0.098500 0.051900 0.050700 0.020500 0.030800 0.040800 0.062300 0.199500 0.122400 0.041300 0.133600 0.097600 0.020500 0.052000 0.062200 0.020300 0.072100 0.063400 0.041300 0.000000
