CODONML (in paml version 4.10.7, June 2023)  /home/rachel/ruminants_paml/6406-phy-tree/ENSBTAT00000000600.fasta.phy
Model: free dN/dS Ratios for branches,  kappa = 2.000 fixed

Codon frequency model: F3x4
ns =  54  ls =  20

Codon usage in sequences
--------------------------------------------------------------------------------------------------------------------------------------
Phe TTT   0   0   0   0   0   0 | Ser TCT   1   1   1   1   1   1 | Tyr TAT   1   1   1   2   1   1 | Cys TGT   0   0   0   0   0   0
    TTC   0   0   0   0   0   0 |     TCC   0   0   0   0   0   0 |     TAC   0   0   0   0   0   0 |     TGC   0   0   0   0   0   0
Leu TTA   0   0   0   0   0   0 |     TCA   0   0   0   0   0   0 | *** TAA   0   0   0   0   0   0 | *** TGA   0   0   0   0   0   0
    TTG   0   0   0   0   0   0 |     TCG   0   0   0   0   0   0 |     TAG   0   0   0   0   0   0 | Trp TGG   1   1   1   1   1   1
--------------------------------------------------------------------------------------------------------------------------------------
Leu CTT   1   1   1   1   1   1 | Pro CCT   0   0   0   0   0   0 | His CAT   0   0   0   0   0   0 | Arg CGT   0   0   0   0   0   0
    CTC   0   0   0   0   0   0 |     CCC   0   0   0   0   0   0 |     CAC   0   0   0   0   0   0 |     CGC   0   0   0   0   0   0
    CTA   1   0   1   2   1   1 |     CCA   1   1   1   1   1   1 | Gln CAA   0   1   0   0   1   0 |     CGA   1   1   1   1   0   1
    CTG   0   1   0   0   0   0 |     CCG   0   0   0   0   0   0 |     CAG   0   0   0   0   0   0 |     CGG   0   0   0   0   0   0
--------------------------------------------------------------------------------------------------------------------------------------
Ile ATT   0   0   0   0   0   0 | Thr ACT   0   0   0   0   0   0 | Asn AAT   1   0   1   1   0   1 | Ser AGT   0   1   0   0   0   0
    ATC   0   0   0   0   0   0 |     ACC   0   0   0   0   0   0 |     AAC   0   0   0   0   1   0 |     AGC   0   0   0   0   0   0
    ATA   1   0   1   0   0   0 |     ACA   0   0   0   0   0   0 | Lys AAA   0   0   0   0   0   0 | Arg AGA   1   0   1   1   1   1
Met ATG   2   2   2   2   2   2 |     ACG   0   0   0   0   0   0 |     AAG   0   0   0   0   0   0 |     AGG   0   0   0   0   0   0
--------------------------------------------------------------------------------------------------------------------------------------
Val GTT   0   0   0   0   0   0 | Ala GCT   1   1   1   1   1   1 | Asp GAT   3   2   3   2   3   3 | Gly GGT   0   0   0   0   0   0
    GTC   0   0   0   0   0   0 |     GCC   0   0   0   0   0   0 |     GAC   0   2   0   0   0   0 |     GGC   0   0   0   0   0   0
    GTA   1   2   1   1   2   2 |     GCA   0   0   0   0   0   0 | Glu GAA   2   1   2   2   2   2 |     GGA   1   1   1   1   1   1
    GTG   0   0   0   0   0   0 |     GCG   0   0   0   0   0   0 |     GAG   0   0   0   0   0   0 |     GGG   0   0   0   0   0   0
--------------------------------------------------------------------------------------------------------------------------------------

--------------------------------------------------------------------------------------------------------------------------------------
Phe TTT   0   0   0   0   0   0 | Ser TCT   1   1   1   1   1   1 | Tyr TAT   1   1   1   1   1   1 | Cys TGT   0   0   0   0   0   0
    TTC   0   0   0   0   0   0 |     TCC   0   0   0   0   0   0 |     TAC   0   0   0   0   0   0 |     TGC   0   0   0   0   0   0
Leu TTA   0   0   0   0   0   0 |     TCA   0   0   0   0   0   0 | *** TAA   0   0   0   0   0   0 | *** TGA   0   0   0   0   0   0
    TTG   0   0   0   0   0   0 |     TCG   0   0   0   0   0   0 |     TAG   0   0   0   0   0   0 | Trp TGG   1   1   1   1   1   1
--------------------------------------------------------------------------------------------------------------------------------------
Leu CTT   1   1   1   1   1   1 | Pro CCT   0   0   0   0   0   0 | His CAT   0   0   0   0   0   0 | Arg CGT   0   0   0   0   0   0
    CTC   0   0   0   0   0   0 |     CCC   0   0   0   0   0   0 |     CAC   0   0   0   0   0   0 |     CGC   0   0   0   0   0   0
    CTA   1   1   1   1   1   1 |     CCA   1   1   1   1   1   1 | Gln CAA   0   0   0   0   0   1 |     CGA   1   1   1   1   1   0
    CTG   0   0   0   0   0   0 |     CCG   0   0   0   0   0   0 |     CAG   0   0   0   0   0   0 |     CGG   0   0   0   0   0   0
--------------------------------------------------------------------------------------------------------------------------------------
Ile ATT   0   0   0   0   0   0 | Thr ACT   0   0   0   0   0   0 | Asn AAT   1   1   1   1   1   1 | Ser AGT   0   0   0   0   0   0
    ATC   0   0   0   0   0   0 |     ACC   0   0   0   0   0   0 |     AAC   0   0   0   0   0   0 |     AGC   0   0   0   0   0   0
    ATA   1   1   1   1   1   1 |     ACA   0   0   0   0   0   0 | Lys AAA   0   0   0   0   0   0 | Arg AGA   1   1   1   1   1   1
Met ATG   1   2   2   2   2   2 |     ACG   1   0   0   0   0   0 |     AAG   0   0   0   0   0   0 |     AGG   0   0   0   0   0   0
--------------------------------------------------------------------------------------------------------------------------------------
Val GTT   0   0   0   0   0   0 | Ala GCT   1   1   1   1   1   1 | Asp GAT   3   3   3   3   3   3 | Gly GGT   0   0   0   0   0   0
    GTC   0   0   0   0   0   0 |     GCC   0   0   0   0   0   0 |     GAC   0   0   0   0   0   0 |     GGC   0   0   0   0   0   0
    GTA   1   1   1   1   1   1 |     GCA   0   0   0   0   0   0 | Glu GAA   2   2   2   2   2   2 |     GGA   1   1   1   1   1   1
    GTG   0   0   0   0   0   0 |     GCG   0   0   0   0   0   0 |     GAG   0   0   0   0   0   0 |     GGG   0   0   0   0   0   0
--------------------------------------------------------------------------------------------------------------------------------------

--------------------------------------------------------------------------------------------------------------------------------------
Phe TTT   0   0   0   0   0   0 | Ser TCT   1   1   1   1   1   1 | Tyr TAT   1   1   1   1   1   1 | Cys TGT   0   0   0   0   0   0
    TTC   0   0   0   0   0   0 |     TCC   0   0   0   0   0   0 |     TAC   0   0   0   0   0   0 |     TGC   0   0   0   0   0   0
Leu TTA   0   0   0   0   0   0 |     TCA   0   0   0   0   0   0 | *** TAA   0   0   0   0   0   0 | *** TGA   0   0   0   0   0   0
    TTG   0   0   0   0   0   0 |     TCG   0   0   0   0   0   0 |     TAG   0   0   0   0   0   0 | Trp TGG   1   1   1   1   1   1
--------------------------------------------------------------------------------------------------------------------------------------
Leu CTT   1   1   1   1   1   1 | Pro CCT   0   0   0   0   0   0 | His CAT   0   0   0   0   0   0 | Arg CGT   0   0   0   0   0   0
    CTC   0   0   0   0   0   0 |     CCC   0   0   0   0   0   0 |     CAC   0   0   0   0   0   0 |     CGC   0   0   0   0   0   0
    CTA   1   1   1   1   1   1 |     CCA   1   1   1   1   1   1 | Gln CAA   0   0   0   1   0   0 |     CGA   1   1   1   0   1   1
    CTG   0   0   0   0   0   0 |     CCG   0   0   0   0   0   0 |     CAG   0   0   0   0   0   0 |     CGG   0   0   0   0   0   0
--------------------------------------------------------------------------------------------------------------------------------------
Ile ATT   0   0   0   0   0   0 | Thr ACT   0   0   0   0   0   0 | Asn AAT   1   1   1   1   1   1 | Ser AGT   0   0   0   0   0   0
    ATC   0   0   0   0   0   0 |     ACC   0   0   0   0   0   0 |     AAC   0   0   0   0   0   0 |     AGC   0   0   0   0   0   0
    ATA   1   1   1   1   1   1 |     ACA   0   0   0   0   0   0 | Lys AAA   0   0   0   0   0   0 | Arg AGA   1   1   1   1   1   1
Met ATG   2   2   2   2   2   2 |     ACG   0   0   0   0   0   0 |     AAG   0   0   0   0   0   0 |     AGG   0   0   0   0   0   0
--------------------------------------------------------------------------------------------------------------------------------------
Val GTT   0   0   0   0   0   0 | Ala GCT   1   1   1   1   1   1 | Asp GAT   3   3   3   3   2   3 | Gly GGT   0   0   0   0   0   0
    GTC   0   0   0   0   0   0 |     GCC   0   0   0   0   0   0 |     GAC   0   0   0   0   1   0 |     GGC   0   0   0   0   0   0
    GTA   1   1   1   1   1   1 |     GCA   0   0   0   0   0   0 | Glu GAA   2   2   2   2   2   2 |     GGA   1   1   1   1   1   1
    GTG   0   0   0   0   0   0 |     GCG   0   0   0   0   0   0 |     GAG   0   0   0   0   0   0 |     GGG   0   0   0   0   0   0
--------------------------------------------------------------------------------------------------------------------------------------

--------------------------------------------------------------------------------------------------------------------------------------
Phe TTT   0   0   0   0   0   0 | Ser TCT   1   2   1   1   1   1 | Tyr TAT   1   1   1   1   1   1 | Cys TGT   0   0   0   0   0   0
    TTC   0   0   0   0   0   0 |     TCC   0   0   0   0   0   0 |     TAC   0   0   0   0   0   0 |     TGC   0   0   0   0   0   0
Leu TTA   0   0   0   0   0   0 |     TCA   0   0   0   0   0   0 | *** TAA   0   0   0   0   0   0 | *** TGA   0   0   0   0   0   0
    TTG   0   0   0   0   0   0 |     TCG   0   0   0   0   0   0 |     TAG   0   0   0   0   0   0 | Trp TGG   1   1   1   1   1   1
--------------------------------------------------------------------------------------------------------------------------------------
Leu CTT   1   1   1   1   1   1 | Pro CCT   0   0   0   0   0   0 | His CAT   0   0   0   0   0   0 | Arg CGT   0   0   0   0   0   0
    CTC   0   0   0   0   0   0 |     CCC   0   0   0   0   0   0 |     CAC   0   0   0   0   0   0 |     CGC   0   0   0   0   0   0
    CTA   1   1   1   1   1   1 |     CCA   1   1   1   1   1   1 | Gln CAA   1   1   0   0   0   0 |     CGA   0   0   1   1   1   1
    CTG   0   0   0   0   0   0 |     CCG   0   0   0   0   0   0 |     CAG   0   0   0   0   0   0 |     CGG   0   0   0   0   0   0
--------------------------------------------------------------------------------------------------------------------------------------
Ile ATT   0   0   0   0   0   0 | Thr ACT   0   0   0   0   0   0 | Asn AAT   1   1   1   1   1   1 | Ser AGT   0   0   0   0   0   0
    ATC   0   0   0   0   0   0 |     ACC   0   0   0   0   0   0 |     AAC   0   0   0   0   0   0 |     AGC   0   0   0   0   0   0
    ATA   1   1   1   1   1   1 |     ACA   0   0   0   0   0   0 | Lys AAA   0   0   0   0   0   0 | Arg AGA   1   1   1   1   1   1
Met ATG   2   1   2   2   2   2 |     ACG   0   1   0   0   0   0 |     AAG   0   0   0   0   0   0 |     AGG   0   0   0   0   0   0
--------------------------------------------------------------------------------------------------------------------------------------
Val GTT   0   0   0   0   0   0 | Ala GCT   1   0   1   1   1   1 | Asp GAT   2   2   3   3   3   3 | Gly GGT   0   0   0   0   0   0
    GTC   0   0   0   0   0   0 |     GCC   0   0   0   0   0   0 |     GAC   0   1   0   0   0   0 |     GGC   1   0   0   0   0   0
    GTA   1   1   1   1   1   1 |     GCA   0   0   0   0   0   0 | Glu GAA   2   2   2   2   2   2 |     GGA   1   1   1   1   1   1
    GTG   0   0   0   0   0   0 |     GCG   0   0   0   0   0   0 |     GAG   0   0   0   0   0   0 |     GGG   0   0   0   0   0   0
--------------------------------------------------------------------------------------------------------------------------------------

--------------------------------------------------------------------------------------------------------------------------------------
Phe TTT   0   0   0   0   0   0 | Ser TCT   1   1   1   1   1   1 | Tyr TAT   1   1   1   1   1   1 | Cys TGT   0   0   0   0   0   0
    TTC   0   0   0   0   0   0 |     TCC   0   0   0   0   0   0 |     TAC   0   0   0   0   0   0 |     TGC   0   0   0   0   0   0
Leu TTA   0   0   0   0   0   0 |     TCA   0   0   0   0   0   0 | *** TAA   0   0   0   0   0   0 | *** TGA   0   0   0   0   0   0
    TTG   0   0   0   0   0   0 |     TCG   0   0   0   0   0   0 |     TAG   0   0   0   0   0   0 | Trp TGG   1   1   1   1   1   1
--------------------------------------------------------------------------------------------------------------------------------------
Leu CTT   1   1   1   1   1   1 | Pro CCT   0   0   0   0   0   0 | His CAT   0   0   0   0   0   0 | Arg CGT   0   0   0   0   0   0
    CTC   0   0   0   0   0   0 |     CCC   0   0   0   0   0   0 |     CAC   0   0   0   0   0   0 |     CGC   0   0   0   0   0   0
    CTA   1   1   1   1   1   1 |     CCA   1   1   1   1   1   1 | Gln CAA   0   0   0   0   0   0 |     CGA   1   1   1   1   1   1
    CTG   0   0   0   0   0   0 |     CCG   0   0   0   0   0   0 |     CAG   0   0   0   0   0   0 |     CGG   0   0   0   0   0   0
--------------------------------------------------------------------------------------------------------------------------------------
Ile ATT   0   0   0   0   0   0 | Thr ACT   0   0   0   0   0   0 | Asn AAT   1   1   1   1   1   1 | Ser AGT   0   0   0   0   0   0
    ATC   0   0   0   0   0   0 |     ACC   0   0   0   0   0   0 |     AAC   0   0   0   0   0   0 |     AGC   0   0   0   0   0   0
    ATA   1   1   1   1   1   1 |     ACA   0   0   0   0   0   0 | Lys AAA   0   0   0   0   0   0 | Arg AGA   1   1   1   1   1   1
Met ATG   2   2   2   2   2   2 |     ACG   0   0   0   0   0   0 |     AAG   0   0   0   0   0   0 |     AGG   0   0   0   0   0   0
--------------------------------------------------------------------------------------------------------------------------------------
Val GTT   0   0   0   0   0   0 | Ala GCT   1   1   1   1   1   1 | Asp GAT   3   3   3   3   3   3 | Gly GGT   0   0   0   0   0   0
    GTC   0   0   0   0   0   0 |     GCC   0   0   0   0   0   0 |     GAC   0   0   0   0   0   0 |     GGC   0   0   0   0   0   0
    GTA   1   1   1   1   1   1 |     GCA   0   0   0   0   0   0 | Glu GAA   2   2   2   2   2   2 |     GGA   1   1   1   1   1   1
    GTG   0   0   0   0   0   0 |     GCG   0   0   0   0   0   0 |     GAG   0   0   0   0   0   0 |     GGG   0   0   0   0   0   0
--------------------------------------------------------------------------------------------------------------------------------------

--------------------------------------------------------------------------------------------------------------------------------------
Phe TTT   0   0   0   0   0   0 | Ser TCT   1   1   1   1   1   1 | Tyr TAT   1   1   1   1   1   1 | Cys TGT   0   0   0   0   0   0
    TTC   0   0   0   0   0   0 |     TCC   0   0   0   0   0   0 |     TAC   0   0   0   0   0   0 |     TGC   0   0   0   0   0   0
Leu TTA   0   0   0   0   0   0 |     TCA   0   0   0   0   0   0 | *** TAA   0   0   0   0   0   0 | *** TGA   0   0   0   0   0   0
    TTG   0   0   0   0   0   0 |     TCG   0   0   0   0   0   0 |     TAG   0   0   0   0   0   0 | Trp TGG   1   1   1   1   1   1
--------------------------------------------------------------------------------------------------------------------------------------
Leu CTT   1   1   1   1   1   1 | Pro CCT   0   0   0   0   0   0 | His CAT   0   0   0   0   0   0 | Arg CGT   0   0   0   0   0   0
    CTC   0   0   0   0   0   0 |     CCC   0   0   0   0   0   0 |     CAC   0   0   0   0   0   0 |     CGC   0   0   0   0   0   0
    CTA   1   1   1   1   1   1 |     CCA   1   1   1   1   1   1 | Gln CAA   0   0   0   1   0   0 |     CGA   1   1   1   0   1   1
    CTG   0   0   0   0   0   0 |     CCG   0   0   0   0   0   0 |     CAG   0   0   0   0   0   0 |     CGG   0   0   0   0   0   0
--------------------------------------------------------------------------------------------------------------------------------------
Ile ATT   0   0   0   0   0   0 | Thr ACT   0   0   0   0   0   0 | Asn AAT   1   1   1   1   1   1 | Ser AGT   0   0   0   0   0   0
    ATC   0   0   0   0   0   0 |     ACC   0   0   0   0   0   0 |     AAC   0   0   0   0   0   0 |     AGC   0   0   0   0   0   0
    ATA   1   1   1   1   1   1 |     ACA   0   0   0   0   0   0 | Lys AAA   0   0   0   0   0   0 | Arg AGA   1   1   1   1   1   1
Met ATG   2   2   2   2   2   2 |     ACG   0   0   0   0   0   0 |     AAG   0   0   0   0   0   0 |     AGG   0   0   0   0   0   0
--------------------------------------------------------------------------------------------------------------------------------------
Val GTT   0   0   0   0   0   0 | Ala GCT   1   1   1   1   1   1 | Asp GAT   3   3   3   3   3   3 | Gly GGT   0   0   0   0   0   0
    GTC   0   0   0   0   0   0 |     GCC   0   0   0   0   0   0 |     GAC   0   0   0   0   0   0 |     GGC   0   0   0   0   0   0
    GTA   1   1   1   1   1   1 |     GCA   0   0   0   0   0   0 | Glu GAA   2   2   2   2   2   2 |     GGA   1   1   1   1   1   1
    GTG   0   0   0   0   0   0 |     GCG   0   0   0   0   0   0 |     GAG   0   0   0   0   0   0 |     GGG   0   0   0   0   0   0
--------------------------------------------------------------------------------------------------------------------------------------

--------------------------------------------------------------------------------------------------------------------------------------
Phe TTT   0   0   0   0   0   0 | Ser TCT   1   1   1   1   1   1 | Tyr TAT   1   1   1   1   1   1 | Cys TGT   0   0   0   0   0   0
    TTC   0   0   0   0   0   0 |     TCC   0   0   0   0   0   0 |     TAC   0   0   0   0   0   0 |     TGC   0   0   0   0   0   0
Leu TTA   0   0   0   0   0   0 |     TCA   0   0   0   0   0   0 | *** TAA   0   0   0   0   0   0 | *** TGA   0   0   0   0   0   0
    TTG   0   0   0   0   0   0 |     TCG   0   0   0   0   0   0 |     TAG   0   0   0   0   0   0 | Trp TGG   1   1   1   1   1   1
--------------------------------------------------------------------------------------------------------------------------------------
Leu CTT   1   1   1   1   1   1 | Pro CCT   0   0   0   0   0   0 | His CAT   0   0   0   0   0   0 | Arg CGT   0   0   0   0   0   0
    CTC   0   0   0   0   0   0 |     CCC   0   0   0   0   0   0 |     CAC   0   0   0   0   0   0 |     CGC   0   0   0   0   0   0
    CTA   1   1   1   1   1   1 |     CCA   1   1   1   1   1   1 | Gln CAA   0   0   1   0   0   0 |     CGA   1   1   0   1   1   1
    CTG   0   0   0   0   0   0 |     CCG   0   0   0   0   0   0 |     CAG   0   0   0   0   0   0 |     CGG   0   0   0   0   0   0
--------------------------------------------------------------------------------------------------------------------------------------
Ile ATT   0   0   0   0   0   1 | Thr ACT   0   0   0   0   0   0 | Asn AAT   1   1   1   1   0   1 | Ser AGT   0   0   0   0   0   0
    ATC   0   0   0   0   0   0 |     ACC   0   0   0   0   0   0 |     AAC   0   0   0   0   1   0 |     AGC   0   0   0   0   0   0
    ATA   1   1   1   1   1   0 |     ACA   0   0   0   0   0   0 | Lys AAA   0   0   0   0   0   0 | Arg AGA   1   1   1   1   1   1
Met ATG   2   2   2   2   2   2 |     ACG   0   0   0   0   0   0 |     AAG   0   0   0   0   0   0 |     AGG   0   0   0   0   0   0
--------------------------------------------------------------------------------------------------------------------------------------
Val GTT   0   0   0   0   0   0 | Ala GCT   1   1   1   1   1   1 | Asp GAT   3   3   3   3   3   3 | Gly GGT   0   0   0   0   0   0
    GTC   0   0   0   0   0   0 |     GCC   0   0   0   0   0   0 |     GAC   0   0   0   0   0   0 |     GGC   0   0   0   0   0   0
    GTA   1   1   1   1   1   1 |     GCA   0   0   0   0   0   0 | Glu GAA   2   2   2   2   2   2 |     GGA   1   1   1   1   1   1
    GTG   0   0   0   0   0   0 |     GCG   0   0   0   0   0   0 |     GAG   0   0   0   0   0   0 |     GGG   0   0   0   0   0   0
--------------------------------------------------------------------------------------------------------------------------------------

--------------------------------------------------------------------------------------------------------------------------------------
Phe TTT   0   0   0   0   0   0 | Ser TCT   1   1   1   1   1   1 | Tyr TAT   1   1   1   1   1   1 | Cys TGT   0   0   0   0   0   0
    TTC   0   0   0   0   0   0 |     TCC   0   0   0   0   0   0 |     TAC   0   0   0   0   0   0 |     TGC   0   0   0   0   0   0
Leu TTA   0   0   0   0   0   0 |     TCA   0   0   0   0   0   0 | *** TAA   0   0   0   0   0   0 | *** TGA   0   0   0   0   0   0
    TTG   0   0   0   0   0   0 |     TCG   0   0   0   0   0   0 |     TAG   0   0   0   0   0   0 | Trp TGG   1   1   1   1   1   1
--------------------------------------------------------------------------------------------------------------------------------------
Leu CTT   1   1   1   1   1   1 | Pro CCT   0   0   0   0   0   0 | His CAT   0   0   0   0   0   0 | Arg CGT   0   0   0   0   0   0
    CTC   0   0   0   0   0   0 |     CCC   0   0   0   0   0   0 |     CAC   0   0   0   0   0   0 |     CGC   0   0   0   0   0   0
    CTA   1   1   1   1   1   1 |     CCA   1   1   1   1   1   1 | Gln CAA   0   0   1   0   0   0 |     CGA   1   1   0   1   1   1
    CTG   0   0   0   0   0   0 |     CCG   0   0   0   0   0   0 |     CAG   0   0   0   0   0   0 |     CGG   0   0   0   0   0   0
--------------------------------------------------------------------------------------------------------------------------------------
Ile ATT   0   0   0   0   0   0 | Thr ACT   0   0   0   0   0   0 | Asn AAT   1   1   1   1   1   1 | Ser AGT   0   0   0   0   0   0
    ATC   0   0   0   0   0   0 |     ACC   0   0   0   0   0   0 |     AAC   0   0   0   0   0   0 |     AGC   0   0   0   0   0   0
    ATA   1   1   1   1   1   1 |     ACA   0   0   0   0   0   0 | Lys AAA   0   0   0   0   0   0 | Arg AGA   1   1   1   1   1   1
Met ATG   2   2   2   2   2   2 |     ACG   0   0   0   0   0   0 |     AAG   0   0   0   0   0   0 |     AGG   0   0   0   0   0   0
--------------------------------------------------------------------------------------------------------------------------------------
Val GTT   0   0   0   0   0   0 | Ala GCT   1   1   1   1   1   0 | Asp GAT   3   3   3   3   3   3 | Gly GGT   0   0   0   0   0   0
    GTC   0   0   0   0   0   0 |     GCC   0   0   0   0   0   0 |     GAC   0   0   0   0   0   0 |     GGC   0   0   0   0   0   0
    GTA   1   1   1   1   1   1 |     GCA   0   0   0   0   0   0 | Glu GAA   2   2   2   2   2   2 |     GGA   1   1   1   1   1   1
    GTG   0   0   0   0   0   0 |     GCG   0   0   0   0   0   1 |     GAG   0   0   0   0   0   0 |     GGG   0   0   0   0   0   0
--------------------------------------------------------------------------------------------------------------------------------------

--------------------------------------------------------------------------------------------------------------------------------------
Phe TTT   0   0   0   0   0   0 | Ser TCT   1   1   1   1   1   1 | Tyr TAT   1   1   1   2   1   1 | Cys TGT   0   0   0   0   0   0
    TTC   0   0   0   0   0   0 |     TCC   0   0   0   0   0   0 |     TAC   0   0   0   0   0   0 |     TGC   0   0   0   0   0   0
Leu TTA   0   0   0   0   0   0 |     TCA   0   0   0   0   0   0 | *** TAA   0   0   0   0   0   0 | *** TGA   0   0   0   0   0   0
    TTG   0   0   0   0   0   0 |     TCG   0   0   0   0   0   0 |     TAG   0   0   0   0   0   0 | Trp TGG   1   1   1   1   1   1
--------------------------------------------------------------------------------------------------------------------------------------
Leu CTT   1   1   1   1   1   1 | Pro CCT   0   0   0   0   0   0 | His CAT   0   0   0   0   0   0 | Arg CGT   0   0   0   0   0   0
    CTC   0   0   0   0   0   0 |     CCC   0   0   0   0   0   0 |     CAC   0   0   0   0   0   0 |     CGC   0   0   0   0   0   0
    CTA   1   1   0   2   1   1 |     CCA   1   1   1   1   1   1 | Gln CAA   0   0   1   0   0   0 |     CGA   1   1   0   1   1   1
    CTG   0   0   0   0   0   0 |     CCG   0   0   0   0   0   0 |     CAG   0   0   0   0   0   0 |     CGG   0   0   0   0   0   0
--------------------------------------------------------------------------------------------------------------------------------------
Ile ATT   0   0   0   0   0   0 | Thr ACT   0   0   0   0   0   0 | Asn AAT   1   1   1   1   1   1 | Ser AGT   0   0   0   0   0   0
    ATC   0   0   0   0   0   0 |     ACC   0   0   0   0   0   0 |     AAC   0   0   0   0   0   0 |     AGC   0   0   0   0   0   0
    ATA   1   1   2   0   1   1 |     ACA   0   0   0   0   0   0 | Lys AAA   0   0   0   0   0   0 | Arg AGA   1   1   1   1   1   1
Met ATG   2   2   1   2   2   2 |     ACG   0   0   1   0   0   0 |     AAG   0   0   0   0   0   0 |     AGG   0   0   0   0   0   0
--------------------------------------------------------------------------------------------------------------------------------------
Val GTT   0   0   0   0   0   0 | Ala GCT   1   1   1   1   1   1 | Asp GAT   3   3   3   2   3   3 | Gly GGT   0   0   0   0   0   0
    GTC   0   0   0   0   0   0 |     GCC   0   0   0   0   0   0 |     GAC   0   0   0   0   0   0 |     GGC   0   0   0   0   0   0
    GTA   1   1   1   1   1   1 |     GCA   0   0   0   0   0   0 | Glu GAA   2   2   2   2   2   2 |     GGA   1   1   1   1   1   1
    GTG   0   0   0   0   0   0 |     GCG   0   0   0   0   0   0 |     GAG   0   0   0   0   0   0 |     GGG   0   0   0   0   0   0
--------------------------------------------------------------------------------------------------------------------------------------

Codon position x base (3x4) table for each sequence.

#1: Argali         
position  1:    T:0.15000    C:0.20000    A:0.25000    G:0.40000
position  2:    T:0.30000    C:0.15000    A:0.35000    G:0.20000
position  3:    T:0.40000    C:0.00000    A:0.45000    G:0.15000
Average         T:0.28333    C:0.11667    A:0.35000    G:0.25000

#2: LesserMouseDeer
position  1:    T:0.15000    C:0.25000    A:0.15000    G:0.45000
position  2:    T:0.30000    C:0.15000    A:0.35000    G:0.20000
position  3:    T:0.35000    C:0.10000    A:0.35000    G:0.20000
Average         T:0.26667    C:0.16667    A:0.28333    G:0.28333

#3: LesserKudu     
position  1:    T:0.15000    C:0.20000    A:0.25000    G:0.40000
position  2:    T:0.30000    C:0.15000    A:0.35000    G:0.20000
position  3:    T:0.40000    C:0.00000    A:0.45000    G:0.15000
Average         T:0.28333    C:0.11667    A:0.35000    G:0.25000

#4: ForestMuskDeer2
position  1:    T:0.20000    C:0.25000    A:0.20000    G:0.35000
position  2:    T:0.30000    C:0.15000    A:0.35000    G:0.20000
position  3:    T:0.40000    C:0.00000    A:0.45000    G:0.15000
Average         T:0.30000    C:0.13333    A:0.33333    G:0.23333

#5: Camel          
position  1:    T:0.15000    C:0.20000    A:0.20000    G:0.45000
position  2:    T:0.30000    C:0.15000    A:0.40000    G:0.15000
position  3:    T:0.35000    C:0.05000    A:0.45000    G:0.15000
Average         T:0.26667    C:0.13333    A:0.35000    G:0.25000

#6: KillerWhale    
position  1:    T:0.15000    C:0.20000    A:0.20000    G:0.45000
position  2:    T:0.30000    C:0.15000    A:0.35000    G:0.20000
position  3:    T:0.40000    C:0.00000    A:0.45000    G:0.15000
Average         T:0.28333    C:0.11667    A:0.33333    G:0.26667

#7: DefassaWaterbuck
position  1:    T:0.15000    C:0.20000    A:0.25000    G:0.40000
position  2:    T:0.25000    C:0.20000    A:0.35000    G:0.20000
position  3:    T:0.40000    C:0.00000    A:0.45000    G:0.15000
Average         T:0.26667    C:0.13333    A:0.35000    G:0.25000

#8: Sheep          
position  1:    T:0.15000    C:0.20000    A:0.25000    G:0.40000
position  2:    T:0.30000    C:0.15000    A:0.35000    G:0.20000
position  3:    T:0.40000    C:0.00000    A:0.45000    G:0.15000
Average         T:0.28333    C:0.11667    A:0.35000    G:0.25000

#9: MaxwellsDuiker 
position  1:    T:0.15000    C:0.20000    A:0.25000    G:0.40000
position  2:    T:0.30000    C:0.15000    A:0.35000    G:0.20000
position  3:    T:0.40000    C:0.00000    A:0.45000    G:0.15000
Average         T:0.28333    C:0.11667    A:0.35000    G:0.25000

#10: GazellaPrzewalskyi
position  1:    T:0.15000    C:0.20000    A:0.25000    G:0.40000
position  2:    T:0.30000    C:0.15000    A:0.35000    G:0.20000
position  3:    T:0.40000    C:0.00000    A:0.45000    G:0.15000
Average         T:0.28333    C:0.11667    A:0.35000    G:0.25000

#11: MountainNyala  
position  1:    T:0.15000    C:0.20000    A:0.25000    G:0.40000
position  2:    T:0.30000    C:0.15000    A:0.35000    G:0.20000
position  3:    T:0.40000    C:0.00000    A:0.45000    G:0.15000
Average         T:0.28333    C:0.11667    A:0.35000    G:0.25000

#12: MuntiacusMuntjak
position  1:    T:0.15000    C:0.20000    A:0.25000    G:0.40000
position  2:    T:0.30000    C:0.15000    A:0.40000    G:0.15000
position  3:    T:0.40000    C:0.00000    A:0.45000    G:0.15000
Average         T:0.28333    C:0.11667    A:0.36667    G:0.23333

#13: goat           
position  1:    T:0.15000    C:0.20000    A:0.25000    G:0.40000
position  2:    T:0.30000    C:0.15000    A:0.35000    G:0.20000
position  3:    T:0.40000    C:0.00000    A:0.45000    G:0.15000
Average         T:0.28333    C:0.11667    A:0.35000    G:0.25000

#14: AfricanBuffalo 
position  1:    T:0.15000    C:0.20000    A:0.25000    G:0.40000
position  2:    T:0.30000    C:0.15000    A:0.35000    G:0.20000
position  3:    T:0.40000    C:0.00000    A:0.45000    G:0.15000
Average         T:0.28333    C:0.11667    A:0.35000    G:0.25000

#15: Topi           
position  1:    T:0.15000    C:0.20000    A:0.25000    G:0.40000
position  2:    T:0.30000    C:0.15000    A:0.35000    G:0.20000
position  3:    T:0.40000    C:0.00000    A:0.45000    G:0.15000
Average         T:0.28333    C:0.11667    A:0.35000    G:0.25000

#16: CommonDuiker   
position  1:    T:0.15000    C:0.20000    A:0.25000    G:0.40000
position  2:    T:0.30000    C:0.15000    A:0.40000    G:0.15000
position  3:    T:0.40000    C:0.00000    A:0.45000    G:0.15000
Average         T:0.28333    C:0.11667    A:0.36667    G:0.23333

#17: Suni           
position  1:    T:0.15000    C:0.20000    A:0.25000    G:0.40000
position  2:    T:0.30000    C:0.15000    A:0.35000    G:0.20000
position  3:    T:0.35000    C:0.05000    A:0.45000    G:0.15000
Average         T:0.26667    C:0.13333    A:0.35000    G:0.25000

#18: Springbuck     
position  1:    T:0.15000    C:0.20000    A:0.25000    G:0.40000
position  2:    T:0.30000    C:0.15000    A:0.35000    G:0.20000
position  3:    T:0.40000    C:0.00000    A:0.45000    G:0.15000
Average         T:0.28333    C:0.11667    A:0.35000    G:0.25000

#19: Okapi          
position  1:    T:0.15000    C:0.20000    A:0.25000    G:0.40000
position  2:    T:0.30000    C:0.15000    A:0.35000    G:0.20000
position  3:    T:0.35000    C:0.05000    A:0.45000    G:0.15000
Average         T:0.26667    C:0.13333    A:0.35000    G:0.25000

#20: Giraffe        
position  1:    T:0.20000    C:0.20000    A:0.25000    G:0.35000
position  2:    T:0.25000    C:0.20000    A:0.40000    G:0.15000
position  3:    T:0.35000    C:0.05000    A:0.45000    G:0.15000
Average         T:0.26667    C:0.15000    A:0.36667    G:0.21667

#21: TibetanAntelope
position  1:    T:0.15000    C:0.20000    A:0.25000    G:0.40000
position  2:    T:0.30000    C:0.15000    A:0.35000    G:0.20000
position  3:    T:0.40000    C:0.00000    A:0.45000    G:0.15000
Average         T:0.28333    C:0.11667    A:0.35000    G:0.25000

#22: Sitatunga      
position  1:    T:0.15000    C:0.20000    A:0.25000    G:0.40000
position  2:    T:0.30000    C:0.15000    A:0.35000    G:0.20000
position  3:    T:0.40000    C:0.00000    A:0.45000    G:0.15000
Average         T:0.28333    C:0.11667    A:0.35000    G:0.25000

#23: Oribi          
position  1:    T:0.15000    C:0.20000    A:0.25000    G:0.40000
position  2:    T:0.30000    C:0.15000    A:0.35000    G:0.20000
position  3:    T:0.40000    C:0.00000    A:0.45000    G:0.15000
Average         T:0.28333    C:0.11667    A:0.35000    G:0.25000

#24: BarbarySheep   
position  1:    T:0.15000    C:0.20000    A:0.25000    G:0.40000
position  2:    T:0.30000    C:0.15000    A:0.35000    G:0.20000
position  3:    T:0.40000    C:0.00000    A:0.45000    G:0.15000
Average         T:0.28333    C:0.11667    A:0.35000    G:0.25000

#25: Daviddeer      
position  1:    T:0.15000    C:0.20000    A:0.25000    G:0.40000
position  2:    T:0.30000    C:0.15000    A:0.35000    G:0.20000
position  3:    T:0.40000    C:0.00000    A:0.45000    G:0.15000
Average         T:0.28333    C:0.11667    A:0.35000    G:0.25000

#26: Reindeer       
position  1:    T:0.15000    C:0.20000    A:0.25000    G:0.40000
position  2:    T:0.30000    C:0.15000    A:0.35000    G:0.20000
position  3:    T:0.40000    C:0.00000    A:0.45000    G:0.15000
Average         T:0.28333    C:0.11667    A:0.35000    G:0.25000

#27: Ibex           
position  1:    T:0.15000    C:0.20000    A:0.25000    G:0.40000
position  2:    T:0.30000    C:0.15000    A:0.35000    G:0.20000
position  3:    T:0.40000    C:0.00000    A:0.45000    G:0.15000
Average         T:0.28333    C:0.11667    A:0.35000    G:0.25000

#28: GyrantGazelle  
position  1:    T:0.15000    C:0.20000    A:0.25000    G:0.40000
position  2:    T:0.30000    C:0.15000    A:0.35000    G:0.20000
position  3:    T:0.40000    C:0.00000    A:0.45000    G:0.15000
Average         T:0.28333    C:0.11667    A:0.35000    G:0.25000

#29: Hartebeest     
position  1:    T:0.15000    C:0.20000    A:0.25000    G:0.40000
position  2:    T:0.30000    C:0.15000    A:0.35000    G:0.20000
position  3:    T:0.40000    C:0.00000    A:0.45000    G:0.15000
Average         T:0.28333    C:0.11667    A:0.35000    G:0.25000

#30: Bongo          
position  1:    T:0.15000    C:0.20000    A:0.25000    G:0.40000
position  2:    T:0.30000    C:0.15000    A:0.35000    G:0.20000
position  3:    T:0.40000    C:0.00000    A:0.45000    G:0.15000
Average         T:0.28333    C:0.11667    A:0.35000    G:0.25000

#31: Gerenuk        
position  1:    T:0.15000    C:0.20000    A:0.25000    G:0.40000
position  2:    T:0.30000    C:0.15000    A:0.35000    G:0.20000
position  3:    T:0.40000    C:0.00000    A:0.45000    G:0.15000
Average         T:0.28333    C:0.11667    A:0.35000    G:0.25000

#32: CommonEland    
position  1:    T:0.15000    C:0.20000    A:0.25000    G:0.40000
position  2:    T:0.30000    C:0.15000    A:0.35000    G:0.20000
position  3:    T:0.40000    C:0.00000    A:0.45000    G:0.15000
Average         T:0.28333    C:0.11667    A:0.35000    G:0.25000

#33: MuntiacusReevesi
position  1:    T:0.15000    C:0.20000    A:0.25000    G:0.40000
position  2:    T:0.30000    C:0.15000    A:0.35000    G:0.20000
position  3:    T:0.40000    C:0.00000    A:0.45000    G:0.15000
Average         T:0.28333    C:0.11667    A:0.35000    G:0.25000

#34: HarveysDuiker  
position  1:    T:0.15000    C:0.20000    A:0.25000    G:0.40000
position  2:    T:0.30000    C:0.15000    A:0.40000    G:0.15000
position  3:    T:0.40000    C:0.00000    A:0.45000    G:0.15000
Average         T:0.28333    C:0.11667    A:0.36667    G:0.23333

#35: Pronghorn      
position  1:    T:0.15000    C:0.20000    A:0.25000    G:0.40000
position  2:    T:0.30000    C:0.15000    A:0.35000    G:0.20000
position  3:    T:0.40000    C:0.00000    A:0.45000    G:0.15000
Average         T:0.28333    C:0.11667    A:0.35000    G:0.25000

#36: BlueWildebeest 
position  1:    T:0.15000    C:0.20000    A:0.25000    G:0.40000
position  2:    T:0.30000    C:0.15000    A:0.35000    G:0.20000
position  3:    T:0.40000    C:0.00000    A:0.45000    G:0.15000
Average         T:0.28333    C:0.11667    A:0.35000    G:0.25000

#37: Gemsbok        
position  1:    T:0.15000    C:0.20000    A:0.25000    G:0.40000
position  2:    T:0.30000    C:0.15000    A:0.35000    G:0.20000
position  3:    T:0.40000    C:0.00000    A:0.45000    G:0.15000
Average         T:0.28333    C:0.11667    A:0.35000    G:0.25000

#38: Yak            
position  1:    T:0.15000    C:0.20000    A:0.25000    G:0.40000
position  2:    T:0.30000    C:0.15000    A:0.35000    G:0.20000
position  3:    T:0.40000    C:0.00000    A:0.45000    G:0.15000
Average         T:0.28333    C:0.11667    A:0.35000    G:0.25000

#39: BlueSheep      
position  1:    T:0.15000    C:0.20000    A:0.25000    G:0.40000
position  2:    T:0.30000    C:0.15000    A:0.40000    G:0.15000
position  3:    T:0.40000    C:0.00000    A:0.45000    G:0.15000
Average         T:0.28333    C:0.11667    A:0.36667    G:0.23333

#40: BohorReedbuck  
position  1:    T:0.15000    C:0.20000    A:0.25000    G:0.40000
position  2:    T:0.30000    C:0.15000    A:0.35000    G:0.20000
position  3:    T:0.40000    C:0.00000    A:0.45000    G:0.15000
Average         T:0.28333    C:0.11667    A:0.35000    G:0.25000

#41: KirksDik       
position  1:    T:0.15000    C:0.20000    A:0.25000    G:0.40000
position  2:    T:0.30000    C:0.15000    A:0.35000    G:0.20000
position  3:    T:0.35000    C:0.05000    A:0.45000    G:0.15000
Average         T:0.26667    C:0.13333    A:0.35000    G:0.25000

#42: RoeDeer        
position  1:    T:0.15000    C:0.20000    A:0.25000    G:0.40000
position  2:    T:0.30000    C:0.15000    A:0.35000    G:0.20000
position  3:    T:0.45000    C:0.00000    A:0.40000    G:0.15000
Average         T:0.30000    C:0.11667    A:0.33333    G:0.25000

#43: WhiteLippedDeer
position  1:    T:0.15000    C:0.20000    A:0.25000    G:0.40000
position  2:    T:0.30000    C:0.15000    A:0.35000    G:0.20000
position  3:    T:0.40000    C:0.00000    A:0.45000    G:0.15000
Average         T:0.28333    C:0.11667    A:0.35000    G:0.25000

#44: ThomsonGazelle 
position  1:    T:0.15000    C:0.20000    A:0.25000    G:0.40000
position  2:    T:0.30000    C:0.15000    A:0.35000    G:0.20000
position  3:    T:0.40000    C:0.00000    A:0.45000    G:0.15000
Average         T:0.28333    C:0.11667    A:0.35000    G:0.25000

#45: MuntiacusCrinifrons
position  1:    T:0.15000    C:0.20000    A:0.25000    G:0.40000
position  2:    T:0.30000    C:0.15000    A:0.40000    G:0.15000
position  3:    T:0.40000    C:0.00000    A:0.45000    G:0.15000
Average         T:0.28333    C:0.11667    A:0.36667    G:0.23333

#46: WhiteTailedDeer
position  1:    T:0.15000    C:0.20000    A:0.25000    G:0.40000
position  2:    T:0.30000    C:0.15000    A:0.35000    G:0.20000
position  3:    T:0.40000    C:0.00000    A:0.45000    G:0.15000
Average         T:0.28333    C:0.11667    A:0.35000    G:0.25000

#47: Cattle         
position  1:    T:0.15000    C:0.20000    A:0.25000    G:0.40000
position  2:    T:0.30000    C:0.15000    A:0.35000    G:0.20000
position  3:    T:0.40000    C:0.00000    A:0.45000    G:0.15000
Average         T:0.28333    C:0.11667    A:0.35000    G:0.25000

#48: RoyalAntelope  
position  1:    T:0.15000    C:0.20000    A:0.25000    G:0.40000
position  2:    T:0.30000    C:0.15000    A:0.35000    G:0.20000
position  3:    T:0.35000    C:0.00000    A:0.45000    G:0.20000
Average         T:0.26667    C:0.11667    A:0.35000    G:0.26667

#49: Steenbok       
position  1:    T:0.15000    C:0.20000    A:0.25000    G:0.40000
position  2:    T:0.30000    C:0.15000    A:0.35000    G:0.20000
position  3:    T:0.40000    C:0.00000    A:0.45000    G:0.15000
Average         T:0.28333    C:0.11667    A:0.35000    G:0.25000

#50: Impala         
position  1:    T:0.15000    C:0.20000    A:0.25000    G:0.40000
position  2:    T:0.30000    C:0.15000    A:0.35000    G:0.20000
position  3:    T:0.40000    C:0.00000    A:0.45000    G:0.15000
Average         T:0.28333    C:0.11667    A:0.35000    G:0.25000

#51: Klipspringer   
position  1:    T:0.15000    C:0.15000    A:0.30000    G:0.40000
position  2:    T:0.25000    C:0.20000    A:0.40000    G:0.15000
