1
52 1
Argali 0.000000 0.226900 0.022500 0.241200 0.011500 0.011300 0.011500 0.059900 0.022500 0.058500 0.000000 0.023100 0.000000 0.011400 0.022600 0.047200 0.034100 0.034400 0.000000 0.022600 0.023100 0.000000 0.046300 0.082600 0.000000 0.048200 0.000000 0.011300 0.035200 0.011300 0.070800 0.011500 0.046500 0.023000 0.011600 0.011300 0.000000 0.000000 0.023300 0.057800 0.046300 0.059900 0.070200 0.091600 0.011300 0.034800 0.035600 0.046100 0.034200 0.033800 0.022600 0.011300
LesserMous 0.226900 0.000000 0.251200 0.254700 0.244000 0.238600 0.228000 0.244800 0.251600 0.242900 0.226900 0.242200 0.226900 0.254300 0.252200 0.243500 0.267500 0.270700 0.225700 0.251800 0.240200 0.226900 0.226300 0.242400 0.226900 0.218900 0.226900 0.239600 0.228800 0.239500 0.259100 0.228600 0.257900 0.257000 0.259000 0.239100 0.226900 0.226900 0.242500 0.239100 0.226300 0.262100 0.256500 0.262100 0.239500 0.257400 0.262100 0.283800 0.237600 0.234200 0.252500 0.239500
LesserKudu 0.022500 0.251200 0.000000 0.235300 0.034200 0.033600 0.034200 0.083100 0.000100 0.081300 0.022500 0.022600 0.022500 0.033800 0.022100 0.070100 0.033500 0.033700 0.022400 0.022100 0.045800 0.022500 0.068900 0.105400 0.022500 0.071600 0.022500 0.011100 0.058200 0.011100 0.093600 0.034300 0.045500 0.045600 0.034400 0.011100 0.022500 0.022500 0.046100 0.080200 0.068900 0.058600 0.092900 0.113700 0.011100 0.057500 0.058800 0.069000 0.056600 0.055900 0.000100 0.011100
KillerWhal 0.241200 0.254700 0.235300 0.000000 0.258100 0.252400 0.229000 0.251600 0.235700 0.256900 0.241200 0.227000 0.241200 0.254600 0.236200 0.250300 0.250700 0.253700 0.239200 0.236600 0.246500 0.241200 0.240400 0.255700 0.241200 0.225800 0.241200 0.224600 0.235600 0.224600 0.272800 0.229500 0.240900 0.270500 0.259400 0.223900 0.241200 0.241200 0.248800 0.253000 0.240400 0.237400 0.269900 0.274900 0.224600 0.287200 0.268200 0.300000 0.250800 0.248500 0.236800 0.224600
DefassaWat 0.011500 0.244000 0.034200 0.258100 0.000000 0.022900 0.023300 0.072900 0.034200 0.071200 0.011500 0.035100 0.011500 0.023000 0.034300 0.059800 0.046100 0.046500 0.011500 0.034300 0.035100 0.011500 0.058700 0.095700 0.011500 0.061100 0.011500 0.022900 0.047600 0.022900 0.083800 0.023400 0.058900 0.034900 0.023500 0.022900 0.011500 0.011500 0.035400 0.070300 0.058700 0.072800 0.083100 0.104400 0.022900 0.047000 0.048100 0.058700 0.046200 0.045600 0.034300 0.022900
Sheep 0.011300 0.238600 0.033600 0.252400 0.022900 0.000000 0.022900 0.071400 0.033600 0.069800 0.011300 0.034400 0.011300 0.022600 0.033700 0.058600 0.045300 0.045700 0.011200 0.033600 0.034500 0.011300 0.057500 0.093900 0.011300 0.059900 0.011300 0.022500 0.046700 0.022500 0.082100 0.022900 0.057800 0.034200 0.023000 0.022500 0.011300 0.011300 0.034700 0.068900 0.057500 0.071400 0.081500 0.102500 0.022500 0.046100 0.047200 0.057600 0.045400 0.044800 0.033700 0.022500
MaxwellsDu 0.011500 0.228000 0.034200 0.229000 0.023300 0.022900 0.000000 0.072900 0.034200 0.071200 0.011500 0.035100 0.011500 0.022900 0.034400 0.059800 0.046200 0.046600 0.011500 0.034300 0.035200 0.011500 0.058700 0.095800 0.011500 0.061100 0.011500 0.022900 0.047600 0.022900 0.083800 0.023300 0.059000 0.034900 0.023500 0.022900 0.011500 0.011500 0.035400 0.070300 0.058700 0.072900 0.083100 0.104400 0.022900 0.047100 0.048200 0.058800 0.046300 0.045600 0.034400 0.022900
GazellaPrz 0.059900 0.244800 0.083100 0.251600 0.072900 0.071400 0.072900 0.000000 0.083100 0.123500 0.059900 0.085300 0.059900 0.071900 0.083500 0.084500 0.096000 0.096900 0.059600 0.083300 0.058900 0.059900 0.109700 0.109200 0.059900 0.036100 0.059900 0.071600 0.072100 0.071600 0.113100 0.048100 0.085000 0.084800 0.073300 0.071500 0.059900 0.059900 0.035200 0.121700 0.109800 0.072500 0.135900 0.143500 0.071600 0.098000 0.047900 0.110100 0.096300 0.094900 0.083400 0.071600
MountainNy 0.022500 0.251600 0.000100 0.235700 0.034200 0.033600 0.034200 0.083100 0.000000 0.081300 0.022500 0.022600 0.022500 0.033800 0.022100 0.070100 0.033500 0.033800 0.022400 0.022100 0.045900 0.022500 0.068900 0.105500 0.022500 0.071600 0.022500 0.011100 0.058200 0.011100 0.093700 0.034300 0.045500 0.045600 0.034400 0.011100 0.022500 0.022500 0.046200 0.080300 0.068900 0.058600 0.092900 0.113700 0.011100 0.057500 0.058800 0.069000 0.056600 0.055900 0.000000 0.011100
MuntiacusM 0.058500 0.242900 0.081300 0.256900 0.071200 0.069800 0.071200 0.123500 0.081300 0.000000 0.058500 0.083400 0.058500 0.070300 0.081500 0.084100 0.093900 0.094700 0.058300 0.081400 0.082900 0.058500 0.011400 0.046500 0.058500 0.085700 0.058500 0.070100 0.071700 0.070000 0.034900 0.047100 0.083100 0.082900 0.071600 0.069900 0.058500 0.058500 0.083300 0.022800 0.034600 0.097900 0.011400 0.056400 0.070000 0.095800 0.097700 0.107700 0.094100 0.092900 0.081600 0.070000
goat 0.000000 0.226900 0.022500 0.241200 0.011500 0.011300 0.011500 0.059900 0.022500 0.058500 0.000000 0.023100 0.000000 0.011400 0.022600 0.047200 0.034100 0.034400 0.000000 0.022600 0.023100 0.000000 0.046300 0.082600 0.000000 0.048200 0.000000 0.011300 0.035200 0.011300 0.070800 0.011500 0.046500 0.023000 0.011600 0.011300 0.000000 0.000000 0.023300 0.057800 0.046300 0.059900 0.070200 0.091600 0.011300 0.034800 0.035600 0.046100 0.034200 0.033800 0.022600 0.011300
AfricanBuf 0.023100 0.242200 0.022600 0.227000 0.035100 0.034400 0.035100 0.085300 0.022600 0.083400 0.023100 0.000000 0.023100 0.034700 0.022700 0.071900 0.034300 0.034600 0.023000 0.022600 0.047000 0.023100 0.070600 0.108100 0.023100 0.073500 0.023100 0.011400 0.059700 0.011400 0.096100 0.035200 0.046700 0.046700 0.035300 0.011300 0.023100 0.023100 0.047300 0.082200 0.070600 0.060100 0.095300 0.116500 0.011400 0.059000 0.060400 0.070700 0.045900 0.057200 0.022700 0.011400
Topi 0.000000 0.226900 0.022500 0.241200 0.011500 0.011300 0.011500 0.059900 0.022500 0.058500 0.000000 0.023100 0.000000 0.011400 0.022600 0.047200 0.034100 0.034400 0.000000 0.022600 0.023100 0.000000 0.046300 0.082600 0.000000 0.048200 0.000000 0.011300 0.035200 0.011300 0.070800 0.011500 0.046500 0.023000 0.011600 0.011300 0.000000 0.000000 0.023300 0.057800 0.046300 0.059900 0.070200 0.091600 0.011300 0.034800 0.035600 0.046100 0.034200 0.033800 0.022600 0.011300
CommonDuik 0.011400 0.254300 0.033800 0.254600 0.023000 0.022600 0.022900 0.071900 0.033800 0.070300 0.011400 0.034700 0.011400 0.000000 0.033900 0.059000 0.045600 0.046000 0.011300 0.033900 0.034700 0.011400 0.057900 0.094500 0.011400 0.060300 0.011400 0.022700 0.047000 0.022700 0.082700 0.023000 0.058200 0.034500 0.023200 0.022600 0.011400 0.011400 0.034900 0.069400 0.057900 0.071900 0.082000 0.103200 0.022700 0.046500 0.047500 0.058000 0.045700 0.045100 0.033900 0.022700
Suni 0.022600 0.252200 0.022100 0.236200 0.034300 0.033700 0.034400 0.083500 0.022100 0.081500 0.022600 0.022700 0.022600 0.033900 0.000000 0.070300 0.033600 0.033900 0.022500 0.022200 0.046000 0.022600 0.069100 0.105700 0.022600 0.071900 0.022600 0.011100 0.058400 0.011100 0.093900 0.034400 0.045700 0.045700 0.034500 0.011100 0.022600 0.022600 0.046300 0.080500 0.069100 0.058800 0.093200 0.113900 0.011100 0.057700 0.059000 0.069200 0.056800 0.056000 0.022200 0.011100
Springbuck 0.047200 0.243500 0.070100 0.250300 0.059800 0.058600 0.059800 0.084500 0.070100 0.084100 0.047200 0.071900 0.047200 0.059000 0.070300 0.000000 0.082700 0.058800 0.047000 0.070200 0.046600 0.047200 0.071200 0.109100 0.047200 0.048000 0.047200 0.058700 0.011000 0.058700 0.073400 0.035500 0.071700 0.071500 0.060100 0.058600 0.047200 0.047200 0.046900 0.082800 0.071200 0.059300 0.096000 0.117600 0.058700 0.084400 0.059800 0.096300 0.082900 0.081800 0.070400 0.058700
Okapi 0.034100 0.267500 0.033500 0.250700 0.046100 0.045300 0.046200 0.096000 0.033500 0.093900 0.034100 0.034300 0.034100 0.045600 0.033600 0.082700 0.000000 0.022500 0.034000 0.033500 0.057900 0.034100 0.081200 0.118400 0.034100 0.084500 0.034100 0.022400 0.070600 0.022400 0.106500 0.046200 0.057500 0.057500 0.046400 0.022400 0.034100 0.034100 0.058300 0.092700 0.081200 0.071100 0.105700 0.126400 0.022400 0.069800 0.068600 0.081400 0.068600 0.067800 0.033600 0.022400
Giraffe 0.034400 0.270700 0.033700 0.253700 0.046500 0.045700 0.046600 0.096900 0.033800 0.094700 0.034400 0.034600 0.034400 0.046000 0.033900 0.058800 0.022500 0.000000 0.034300 0.033800 0.058500 0.034400 0.081900 0.119500 0.034400 0.085300 0.034400 0.022600 0.071300 0.022600 0.107500 0.046600 0.058100 0.058000 0.046800 0.022600 0.034400 0.034400 0.058900 0.093500 0.082000 0.071700 0.106500 0.127500 0.022600 0.070400 0.070300 0.082100 0.069200 0.068300 0.033900 0.022600
TibetanAnt 0.000000 0.225700 0.022400 0.239200 0.011500 0.011200 0.011500 0.059600 0.022400 0.058300 0.000000 0.023000 0.000000 0.011300 0.022500 0.047000 0.034000 0.034300 0.000000 0.022500 0.023000 0.000000 0.046100 0.082300 0.000000 0.048000 0.000000 0.011300 0.035100 0.011300 0.070500 0.011500 0.046300 0.022900 0.011500 0.011300 0.000000 0.000000 0.023200 0.057600 0.046100 0.059600 0.070000 0.091200 0.011300 0.034700 0.035500 0.046200 0.034100 0.033700 0.022500 0.011300
Sitatunga 0.022600 0.251800 0.022100 0.236600 0.034300 0.033600 0.034300 0.083300 0.022100 0.081400 0.022600 0.022600 0.022600 0.033900 0.022200 0.070200 0.033500 0.033800 0.022500 0.000000 0.045900 0.022600 0.069000 0.105700 0.022600 0.071800 0.022600 0.011100 0.058300 0.011100 0.093800 0.034300 0.045600 0.045600 0.034500 0.011100 0.022600 0.022600 0.046200 0.080400 0.069000 0.058700 0.093100 0.113900 0.010600 0.057600 0.058900 0.069100 0.056700 0.056000 0.022200 0.010600
Oribi 0.023100 0.240200 0.045800 0.246500 0.035100 0.034500 0.035200 0.058900 0.045900 0.082900 0.023100 0.047000 0.023100 0.034700 0.046000 0.046600 0.057900 0.058500 0.023000 0.045900 0.000000 0.023100 0.069900 0.094400 0.023100 0.023500 0.023100 0.034600 0.034800 0.034600 0.072500 0.035200 0.071000 0.046800 0.035400 0.034500 0.023100 0.023100 0.022900 0.081500 0.069900 0.035000 0.094800 0.103500 0.034600 0.059100 0.035100 0.070800 0.058100 0.057300 0.046000 0.034600
BarbaryShe 0.000000 0.226900 0.022500 0.241200 0.011500 0.011300 0.011500 0.059900 0.022500 0.058500 0.000000 0.023100 0.000000 0.011400 0.022600 0.047200 0.034100 0.034400 0.000000 0.022600 0.023100 0.000000 0.046300 0.082600 0.000000 0.048200 0.000000 0.011300 0.035200 0.011300 0.070800 0.011500 0.046500 0.023000 0.011600 0.011300 0.000000 0.000000 0.023300 0.057800 0.046300 0.059900 0.070200 0.091600 0.011300 0.034800 0.035600 0.046100 0.034200 0.033800 0.022600 0.011300
Daviddeer 0.046300 0.226300 0.068900 0.240400 0.058700 0.057500 0.058700 0.109700 0.068900 0.011400 0.046300 0.070600 0.046300 0.057900 0.069100 0.071200 0.081200 0.081900 0.046100 0.069000 0.069900 0.046300 0.000000 0.034500 0.046300 0.072200 0.046300 0.057700 0.058900 0.057700 0.023000 0.034900 0.070400 0.070200 0.059000 0.057600 0.046300 0.046300 0.070000 0.011300 0.022700 0.084500 0.022800 0.044600 0.057700 0.082800 0.084300 0.094600 0.081400 0.080300 0.069100 0.057700
Reindeer 0.082600 0.242400 0.105400 0.255700 0.095700 0.093900 0.095800 0.109200 0.105500 0.046500 0.082600 0.108100 0.082600 0.094500 0.105700 0.109100 0.118400 0.119500 0.082300 0.105700 0.094400 0.082600 0.034500 0.000000 0.082600 0.071300 0.082600 0.094300 0.096400 0.094200 0.046500 0.071200 0.107800 0.107500 0.096300 0.094000 0.082600 0.082600 0.095500 0.045900 0.058100 0.109800 0.058200 0.055900 0.094200 0.120700 0.109600 0.132700 0.118600 0.117100 0.105800 0.094200
Ibex 0.000000 0.226900 0.022500 0.241200 0.011500 0.011300 0.011500 0.059900 0.022500 0.058500 0.000000 0.023100 0.000000 0.011400 0.022600 0.047200 0.034100 0.034400 0.000000 0.022600 0.023100 0.000000 0.046300 0.082600 0.000000 0.048200 0.000000 0.011300 0.035200 0.011300 0.070800 0.011500 0.046500 0.023000 0.011600 0.011300 0.000000 0.000000 0.023300 0.057800 0.046300 0.059900 0.070200 0.091600 0.011300 0.034800 0.035600 0.046100 0.034200 0.033800 0.022600 0.011300
GyrantGaze 0.048200 0.218900 0.071600 0.225800 0.061100 0.059900 0.061100 0.036100 0.071600 0.085700 0.048200 0.073500 0.048200 0.060300 0.071900 0.048000 0.084500 0.085300 0.048000 0.071800 0.023500 0.048200 0.072200 0.071300 0.048200 0.000000 0.048200 0.060000 0.035900 0.060000 0.074900 0.036300 0.073300 0.073100 0.061500 0.059900 0.048200 0.048200 0.023600 0.084100 0.072200 0.036100 0.097900 0.106800 0.060000 0.086300 0.036200 0.098500 0.084700 0.083500 0.071900 0.060000
Hartebeest 0.000000 0.226900 0.022500 0.241200 0.011500 0.011300 0.011500 0.059900 0.022500 0.058500 0.000000 0.023100 0.000000 0.011400 0.022600 0.047200 0.034100 0.034400 0.000000 0.022600 0.023100 0.000000 0.046300 0.082600 0.000000 0.048200 0.000000 0.011300 0.035200 0.011300 0.070800 0.011500 0.046500 0.023000 0.011600 0.011300 0.000000 0.000000 0.023300 0.057800 0.046300 0.059900 0.070200 0.091600 0.011300 0.034800 0.035600 0.046100 0.034200 0.033800 0.022600 0.011300
Bongo 0.011300 0.239600 0.011100 0.224600 0.022900 0.022500 0.022900 0.071600 0.011100 0.070100 0.011300 0.011400 0.011300 0.022700 0.011100 0.058700 0.022400 0.022600 0.011300 0.011100 0.034600 0.011300 0.057700 0.094300 0.011300 0.060000 0.011300 0.000000 0.046800 0.000000 0.082400 0.023000 0.034300 0.034300 0.023100 0.000000 0.011300 0.011300 0.034800 0.069100 0.057700 0.047100 0.081700 0.102800 0.000000 0.046300 0.047300 0.057800 0.045500 0.044900 0.011100 0.000000
Gerenuk 0.035200 0.228800 0.058200 0.235600 0.047600 0.046700 0.047600 0.072100 0.058200 0.071700 0.035200 0.059700 0.035200 0.047000 0.058400 0.011000 0.070600 0.071300 0.035100 0.058300 0.034800 0.035200 0.058900 0.096400 0.035200 0.035900 0.035200 0.046800 0.000000 0.046800 0.060800 0.023600 0.059500 0.059400 0.047900 0.046700 0.035200 0.035200 0.035000 0.070500 0.058900 0.047300 0.083600 0.105400 0.046800 0.072000 0.047700 0.084000 0.070800 0.069800 0.058400 0.046800
CommonElan 0.011300 0.239500 0.011100 0.224600 0.022900 0.022500 0.022900 0.071600 0.011100 0.070000 0.011300 0.011400 0.011300 0.022700 0.011100 0.058700 0.022400 0.022600 0.011300 0.011100 0.034600 0.011300 0.057700 0.094200 0.011300 0.060000 0.011300 0.000000 0.046800 0.000000 0.082400 0.023000 0.034300 0.034300 0.023100 0.000000 0.011300 0.011300 0.034800 0.069100 0.057700 0.047100 0.081700 0.102800 0.000000 0.046300 0.047300 0.057800 0.045500 0.044900 0.011100 0.000000
MuntiacusR 0.070800 0.259100 0.093600 0.272800 0.083800 0.082100 0.083800 0.113100 0.093700 0.034900 0.070800 0.096100 0.070800 0.082700 0.093900 0.073400 0.106500 0.107500 0.070500 0.093800 0.072500 0.070800 0.023000 0.046500 0.070800 0.074900 0.070800 0.082400 0.060800 0.082400 0.000000 0.059300 0.095800 0.095500 0.084300 0.082200 0.070800 0.070800 0.072900 0.034400 0.046500 0.087100 0.046500 0.068200 0.082400 0.108700 0.087000 0.120600 0.106700 0.105300 0.094000 0.082400
HarveysDui 0.011500 0.228600 0.034300 0.229500 0.023400 0.022900 0.023300 0.048100 0.034300 0.047100 0.011500 0.035200 0.011500 0.023000 0.034400 0.035500 0.046200 0.046600 0.011500 0.034300 0.035200 0.011500 0.034900 0.071200 0.011500 0.036300 0.011500 0.023000 0.023600 0.023000 0.059300 0.000000 0.035100 0.035000 0.023500 0.022900 0.011500 0.011500 0.011700 0.046400 0.034900 0.048100 0.058800 0.080500 0.023000 0.047200 0.023900 0.058900 0.046300 0.045700 0.034400 0.023000
Pronghorn 0.046500 0.257900 0.045500 0.240900 0.058900 0.057800 0.059000 0.085000 0.045500 0.083100 0.046500 0.046700 0.046500 0.058200 0.045700 0.071700 0.057500 0.058100 0.046300 0.045600 0.071000 0.046500 0.070400 0.107800 0.046500 0.073300 0.046500 0.034300 0.059500 0.034300 0.095800 0.035100 0.000000 0.070600 0.059300 0.034300 0.046500 0.046500 0.047200 0.081900 0.070400 0.059900 0.094900 0.116000 0.034300 0.083200 0.060200 0.095100 0.081800 0.080600 0.045700 0.034300
BlueWildeb 0.023000 0.257000 0.045600 0.270500 0.034900 0.034200 0.034900 0.084800 0.045600 0.082900 0.023000 0.046700 0.023000 0.034500 0.045700 0.071500 0.057500 0.058000 0.022900 0.045600 0.046800 0.023000 0.070200 0.107500 0.023000 0.073100 0.023000 0.034300 0.059400 0.034300 0.095500 0.035000 0.070600 0.000000 0.035100 0.034300 0.023000 0.023000 0.047000 0.081800 0.070200 0.084800 0.094700 0.115800 0.034300 0.058700 0.060000 0.070300 0.057700 0.056900 0.045700 0.034300
Gemsbok 0.011600 0.259000 0.034400 0.259400 0.023500 0.023000 0.023500 0.073300 0.034400 0.071600 0.011600 0.035300 0.011600 0.023200 0.034500 0.060100 0.046400 0.046800 0.011500 0.034500 0.035400 0.011600 0.059000 0.096300 0.011600 0.061500 0.011600 0.023100 0.047900 0.023100 0.084300 0.023500 0.059300 0.035100 0.000000 0.023000 0.011600 0.011600 0.035600 0.070700 0.059000 0.073300 0.083600 0.105100 0.023100 0.047300 0.048400 0.059100 0.046500 0.045900 0.034500 0.023100
Yak 0.011300 0.239100 0.011100 0.223900 0.022900 0.022500 0.022900 0.071500 0.011100 0.069900 0.011300 0.011300 0.011300 0.022600 0.011100 0.058600 0.022400 0.022600 0.011300 0.011100 0.034500 0.011300 0.057600 0.094000 0.011300 0.059900 0.011300 0.000000 0.046700 0.000000 0.082200 0.022900 0.034300 0.034300 0.023000 0.000000 0.011300 0.011300 0.034700 0.069000 0.057600 0.047000 0.081500 0.102600 0.000000 0.046200 0.047200 0.057700 0.045400 0.044800 0.011100 0.000000
BlueSheep 0.000000 0.226900 0.022500 0.241200 0.011500 0.011300 0.011500 0.059900 0.022500 0.058500 0.000000 0.023100 0.000000 0.011400 0.022600 0.047200 0.034100 0.034400 0.000000 0.022600 0.023100 0.000000 0.046300 0.082600 0.000000 0.048200 0.000000 0.011300 0.035200 0.011300 0.070800 0.011500 0.046500 0.023000 0.011600 0.011300 0.000000 0.000000 0.023300 0.057800 0.046300 0.059900 0.070200 0.091600 0.011300 0.034800 0.035600 0.046100 0.034200 0.033800 0.022600 0.011300
BohorReedb 0.000000 0.226900 0.022500 0.241200 0.011500 0.011300 0.011500 0.059900 0.022500 0.058500 0.000000 0.023100 0.000000 0.011400 0.022600 0.047200 0.034100 0.034400 0.000000 0.022600 0.023100 0.000000 0.046300 0.082600 0.000000 0.048200 0.000000 0.011300 0.035200 0.011300 0.070800 0.011500 0.046500 0.023000 0.011600 0.011300 0.000000 0.000000 0.023300 0.057800 0.046300 0.059900 0.070200 0.091600 0.011300 0.034800 0.035600 0.046100 0.034200 0.033800 0.022600 0.011300
KirksDik 0.023300 0.242500 0.046100 0.248800 0.035400 0.034700 0.035400 0.035200 0.046200 0.083300 0.023300 0.047300 0.023300 0.034900 0.046300 0.046900 0.058300 0.058900 0.023200 0.046200 0.022900 0.023300 0.070000 0.095500 0.023300 0.023600 0.023300 0.034800 0.035000 0.034800 0.072900 0.011700 0.047200 0.047000 0.035600 0.034700 0.023300 0.023300 0.000000 0.081800 0.070000 0.035200 0.095200 0.104000 0.034800 0.059400 0.011600 0.071300 0.058400 0.057700 0.046300 0.034800
RoeDeer 0.057800 0.239100 0.080200 0.253000 0.070300 0.068900 0.070300 0.121700 0.080300 0.022800 0.057800 0.082200 0.057800 0.069400 0.080500 0.082800 0.092700 0.093500 0.057600 0.080400 0.081500 0.057800 0.011300 0.045900 0.057800 0.084100 0.057800 0.069100 0.070500 0.069100 0.034400 0.046400 0.081900 0.081800 0.070700 0.069000 0.057800 0.057800 0.081800 0.000000 0.034100 0.096400 0.034200 0.055700 0.069100 0.094500 0.096400 0.106300 0.092900 0.091700 0.080500 0.069100
WhiteLippe 0.046300 0.226300 0.068900 0.240400 0.058700 0.057500 0.058700 0.109800 0.068900 0.034600 0.046300 0.070600 0.046300 0.057900 0.069100 0.071200 0.081200 0.082000 0.046100 0.069000 0.069900 0.046300 0.022700 0.058100 0.046300 0.072200 0.046300 0.057700 0.058900 0.057700 0.046500 0.034900 0.070400 0.070200 0.059000 0.057600 0.046300 0.046300 0.070000 0.034100 0.000000 0.084500 0.046100 0.067600 0.057700 0.082800 0.084300 0.094600 0.081400 0.080300 0.069100 0.057700
ThomsonGaz 0.059900 0.262100 0.058600 0.237400 0.072800 0.071400 0.072900 0.072500 0.058600 0.097900 0.059900 0.060100 0.059900 0.071900 0.058800 0.059300 0.071100 0.071700 0.059600 0.058700 0.035000 0.059900 0.084500 0.109800 0.059900 0.036100 0.059900 0.047100 0.047300 0.047100 0.087100 0.048100 0.059900 0.084800 0.073300 0.047000 0.059900 0.059900 0.035200 0.096400 0.084500 0.000000 0.110100 0.118400 0.047100 0.098000 0.047900 0.084500 0.096200 0.094900 0.058800 0.047100
MuntiacusC 0.070200 0.256500 0.092900 0.269900 0.083100 0.081500 0.083100 0.135900 0.092900 0.011400 0.070200 0.095300 0.070200 0.082000 0.093200 0.096000 0.105700 0.106500 0.070000 0.093100 0.094800 0.070200 0.022800 0.058200 0.070200 0.097900 0.070200 0.081700 0.083600 0.081700 0.046500 0.058800 0.094900 0.094700 0.083600 0.081500 0.070200 0.070200 0.095200 0.034200 0.046100 0.110100 0.000000 0.067700 0.081700 0.107800 0.109900 0.094400 0.105900 0.104500 0.093300 0.081700
WhiteTaile 0.091600 0.262100 0.113700 0.274900 0.104400 0.102500 0.104400 0.143500 0.113700 0.056400 0.091600 0.116500 0.091600 0.103200 0.113900 0.117600 0.126400 0.127500 0.091200 0.113900 0.103500 0.091600 0.044600 0.055900 0.091600 0.106800 0.091600 0.102800 0.105400 0.102800 0.068200 0.080500 0.116000 0.115800 0.105100 0.102600 0.091600 0.091600 0.104000 0.055700 0.067600 0.118400 0.067700 0.000000 0.102800 0.116500 0.118300 0.140500 0.126600 0.101300 0.114100 0.102800
Cattle 0.011300 0.239500 0.011100 0.224600 0.022900 0.022500 0.022900 0.071600 0.011100 0.070000 0.011300 0.011400 0.011300 0.022700 0.011100 0.058700 0.022400 0.022600 0.011300 0.010600 0.034600 0.011300 0.057700 0.094200 0.011300 0.060000 0.011300 0.000000 0.046800 0.000000 0.082400 0.023000 0.034300 0.034300 0.023100 0.000000 0.011300 0.011300 0.034800 0.069100 0.057700 0.047100 0.081700 0.102800 0.000000 0.046300 0.047300 0.057800 0.045500 0.044900 0.011100 0.000000
RoyalAntel 0.034800 0.257400 0.057500 0.287200 0.047000 0.046100 0.047100 0.098000 0.057500 0.095800 0.034800 0.059000 0.034800 0.046500 0.057700 0.084400 0.069800 0.070400 0.034700 0.057600 0.059100 0.034800 0.082800 0.120700 0.034800 0.086300 0.034800 0.046300 0.072000 0.046300 0.108700 0.047200 0.083200 0.058700 0.047300 0.046200 0.034800 0.034800 0.059400 0.094500 0.082800 0.098000 0.107800 0.116500 0.046300 0.000000 0.072800 0.082900 0.070000 0.069000 0.057700 0.046300
Steenbok 0.035600 0.262100 0.058800 0.268200 0.048100 0.047200 0.048200 0.047900 0.058800 0.097700 0.035600 0.060400 0.035600 0.047500 0.059000 0.059800 0.068600 0.070300 0.035500 0.058900 0.035100 0.035600 0.084300 0.109600 0.035600 0.036200 0.035600 0.047300 0.047700 0.047300 0.087000 0.023900 0.060200 0.060000 0.048400 0.047200 0.035600 0.035600 0.011600 0.096400 0.084300 0.047900 0.109900 0.118300 0.047300 0.072800 0.000000 0.084900 0.071500 0.070500 0.059000 0.047300
Impala 0.046100 0.283800 0.069000 0.300000 0.058700 0.057600 0.058800 0.110100 0.069000 0.107700 0.046100 0.070700 0.046100 0.058000 0.069200 0.096300 0.081400 0.082100 0.046200 0.069100 0.070800 0.046100 0.094600 0.132700 0.046100 0.098500 0.046100 0.057800 0.084000 0.057800 0.120600 0.058900 0.095100 0.070300 0.059100 0.057700 0.046100 0.046100 0.071300 0.106300 0.094600 0.084500 0.094400 0.140500 0.057800 0.082900 0.084900 0.000000 0.057600 0.080500 0.069200 0.057800
Klipspring 0.034200 0.237600 0.056600 0.250800 0.046200 0.045400 0.046300 0.096300 0.056600 0.094100 0.034200 0.045900 0.034200 0.045700 0.056800 0.082900 0.068600 0.069200 0.034100 0.056700 0.058100 0.034200 0.081400 0.118600 0.034200 0.084700 0.034200 0.045500 0.070800 0.045500 0.106700 0.046300 0.081800 0.057700 0.046500 0.045400 0.034200 0.034200 0.058400 0.092900 0.081400 0.096200 0.105900 0.126600 0.045500 0.070000 0.071500 0.057600 0.000000 0.067900 0.056800 0.045500
ForestMusk 0.033800 0.234200 0.055900 0.248500 0.045600 0.044800 0.045600 0.094900 0.055900 0.092900 0.033800 0.057200 0.033800 0.045100 0.056000 0.081800 0.067800 0.068300 0.033700 0.056000 0.057300 0.033800 0.080300 0.117100 0.033800 0.083500 0.033800 0.044900 0.069800 0.044900 0.105300 0.045700 0.080600 0.056900 0.045900 0.044800 0.033800 0.033800 0.057700 0.091700 0.080300 0.094900 0.104500 0.101300 0.044900 0.069000 0.070500 0.080500 0.067900 0.000000 0.056100 0.044900
Bushbuck 0.022600 0.252500 0.000100 0.236800 0.034300 0.033700 0.034400 0.083400 0.000000 0.081600 0.022600 0.022700 0.022600 0.033900 0.022200 0.070400 0.033600 0.033900 0.022500 0.022200 0.046000 0.022600 0.069100 0.105800 0.022600 0.071900 0.022600 0.011100 0.058400 0.011100 0.094000 0.034400 0.045700 0.045700 0.034500 0.011100 0.022600 0.022600 0.046300 0.080500 0.069100 0.058800 0.093300 0.114100 0.011100 0.057700 0.059000 0.069200 0.056800 0.056100 0.000000 0.011100
GreaterKud 0.011300 0.239500 0.011100 0.224600 0.022900 0.022500 0.022900 0.071600 0.011100 0.070000 0.011300 0.011400 0.011300 0.022700 0.011100 0.058700 0.022400 0.022600 0.011300 0.010600 0.034600 0.011300 0.057700 0.094200 0.011300 0.060000 0.011300 0.000000 0.046800 0.000000 0.082400 0.023000 0.034300 0.034300 0.023100 0.000000 0.011300 0.011300 0.034800 0.069100 0.057700 0.047100 0.081700 0.102800 0.000000 0.046300 0.047300 0.057800 0.045500 0.044900 0.011100 0.000000
