1
52 1
Argali 0.000000 0.153600 0.043900 0.144600 0.018400 0.006000 0.024600 0.056300 0.043700 0.056100 0.006100 0.024700 0.030800 0.024600 0.031000 0.050100 0.037300 0.037400 0.018400 0.048200 0.031000 0.000100 0.056600 0.063200 0.000100 0.031100 0.037200 0.043700 0.050100 0.031000 0.049800 0.018300 0.056900 0.037400 0.043300 0.031000 0.000100 0.030800 0.037800 0.062600 0.056400 0.037300 0.049800 0.056600 0.043900 0.043600 0.037300 0.036900 0.024500 0.049600 0.037200 0.043600
LesserMous 0.153600 0.000000 0.177200 0.172600 0.131700 0.153400 0.154700 0.175600 0.182100 0.155100 0.161500 0.153900 0.153900 0.154000 0.152900 0.192300 0.134400 0.134900 0.146200 0.175900 0.154600 0.153500 0.141400 0.149200 0.153400 0.154900 0.154100 0.176200 0.177000 0.161900 0.148200 0.131600 0.157900 0.162800 0.176000 0.158200 0.153500 0.131600 0.171200 0.147700 0.127000 0.161400 0.148200 0.141900 0.166300 0.162000 0.177100 0.168400 0.169000 0.147900 0.168400 0.175900
LesserKudu 0.043900 0.177200 0.000000 0.148800 0.037600 0.050700 0.044000 0.076700 0.012300 0.094700 0.050400 0.031000 0.050400 0.037500 0.056900 0.070400 0.057100 0.057300 0.050300 0.012200 0.050700 0.043800 0.081500 0.063400 0.043800 0.064000 0.056900 0.012300 0.057100 0.024800 0.088000 0.037400 0.077600 0.057300 0.076400 0.037300 0.043800 0.050300 0.071300 0.083200 0.081000 0.057100 0.088000 0.063400 0.050200 0.063500 0.070400 0.056400 0.062000 0.083100 0.006100 0.012200
KillerWhal 0.144600 0.172600 0.148800 0.000000 0.122900 0.152800 0.145300 0.174600 0.153000 0.139400 0.152200 0.141200 0.152200 0.145100 0.138200 0.175600 0.126100 0.112100 0.152000 0.147700 0.153500 0.144400 0.126000 0.126200 0.144400 0.168700 0.152400 0.148000 0.160600 0.149000 0.146900 0.120100 0.134100 0.160900 0.166600 0.148400 0.144400 0.122800 0.170400 0.118100 0.111800 0.160400 0.146900 0.126200 0.156200 0.152300 0.176000 0.151300 0.144600 0.124900 0.140500 0.149000
DefassaWat 0.018400 0.131700 0.037600 0.122900 0.000000 0.024800 0.018400 0.050000 0.037400 0.049800 0.024600 0.018500 0.024700 0.018400 0.024800 0.056800 0.018400 0.018500 0.024600 0.041400 0.024800 0.018400 0.037400 0.043800 0.018400 0.037600 0.031000 0.037400 0.043900 0.037500 0.043500 0.012100 0.037600 0.031200 0.049900 0.024800 0.018400 0.012200 0.044400 0.043400 0.037300 0.031100 0.043500 0.037400 0.037600 0.024700 0.043800 0.030700 0.030900 0.044800 0.031000 0.037300
Sheep 0.006000 0.153400 0.050700 0.152800 0.024800 0.000000 0.031100 0.063200 0.050400 0.063000 0.012300 0.031200 0.031000 0.031000 0.037600 0.056900 0.043900 0.044000 0.024700 0.055200 0.037600 0.006100 0.063400 0.070200 0.006100 0.037600 0.037400 0.050400 0.056900 0.037600 0.056600 0.024700 0.063900 0.037600 0.043500 0.037600 0.006100 0.037400 0.044500 0.069600 0.063300 0.043900 0.056600 0.063500 0.050600 0.050300 0.043900 0.043400 0.031000 0.056400 0.043900 0.050300
MaxwellsDu 0.024600 0.154700 0.044000 0.145300 0.018400 0.031100 0.000000 0.056400 0.043800 0.069300 0.030900 0.024600 0.030900 0.024500 0.031100 0.063300 0.024500 0.037400 0.030900 0.047900 0.031100 0.024600 0.056700 0.063300 0.024600 0.044000 0.037300 0.043700 0.050300 0.043900 0.062900 0.018200 0.057100 0.037500 0.056300 0.031000 0.024600 0.030900 0.050900 0.062700 0.056600 0.037400 0.062900 0.056800 0.043900 0.043700 0.050300 0.037000 0.037100 0.062600 0.037300 0.043700
GazellaPrz 0.056300 0.175600 0.076700 0.174600 0.050000 0.063200 0.056400 0.000000 0.076300 0.089100 0.062900 0.056600 0.062800 0.056300 0.063200 0.069300 0.069600 0.069900 0.062800 0.081700 0.037200 0.056200 0.089700 0.096700 0.056200 0.050000 0.056400 0.076200 0.056300 0.076500 0.082600 0.049900 0.090300 0.069900 0.075700 0.063100 0.056200 0.062800 0.044100 0.095800 0.089600 0.043400 0.082600 0.089800 0.063300 0.069600 0.056300 0.068900 0.069200 0.095600 0.069600 0.063000
MountainNy 0.043700 0.182100 0.012300 0.153000 0.037400 0.050400 0.043800 0.076300 0.000000 0.094100 0.050100 0.030900 0.050100 0.037300 0.056700 0.056800 0.056800 0.057000 0.037300 0.017700 0.050500 0.043600 0.081200 0.063100 0.043600 0.063600 0.056700 0.012200 0.043900 0.024700 0.087500 0.037300 0.077200 0.057000 0.076000 0.037100 0.043600 0.050100 0.071000 0.082800 0.080700 0.056800 0.087500 0.063200 0.037200 0.063200 0.056900 0.056200 0.062100 0.082600 0.006100 0.012200
MuntiacusM 0.056100 0.155100 0.094700 0.139400 0.049800 0.063000 0.069300 0.089100 0.094100 0.000000 0.062600 0.073600 0.075700 0.069100 0.080800 0.096300 0.056300 0.056500 0.062500 0.093900 0.076200 0.056000 0.037200 0.056500 0.056000 0.076300 0.082500 0.094000 0.096300 0.067200 0.006100 0.049700 0.076500 0.083000 0.075500 0.077900 0.056000 0.049700 0.063800 0.043300 0.037100 0.082700 0.006100 0.050000 0.091600 0.075900 0.082800 0.068800 0.069000 0.068900 0.087200 0.093900
goat 0.006100 0.161500 0.050400 0.152200 0.024600 0.012300 0.030900 0.062900 0.050100 0.062600 0.000000 0.031000 0.037100 0.030800 0.037400 0.056600 0.043700 0.043800 0.024600 0.055300 0.037400 0.006100 0.063100 0.069800 0.006100 0.037500 0.043600 0.050100 0.056700 0.037400 0.056300 0.024500 0.063500 0.043800 0.049700 0.037300 0.006100 0.037100 0.044300 0.069200 0.063000 0.043700 0.056300 0.063200 0.050300 0.050000 0.043700 0.043200 0.030800 0.056100 0.043600 0.050000
AfricanBuf 0.024700 0.153900 0.031000 0.141200 0.018500 0.031200 0.024600 0.056600 0.030900 0.073600 0.031000 0.000000 0.031000 0.018300 0.037400 0.063500 0.037500 0.037600 0.031000 0.030800 0.031200 0.024700 0.060900 0.050200 0.024600 0.044100 0.037400 0.030800 0.050400 0.030900 0.067000 0.018200 0.057300 0.037600 0.056500 0.006100 0.024700 0.031000 0.051000 0.063000 0.060400 0.037500 0.067000 0.043700 0.018400 0.031100 0.050400 0.037100 0.042000 0.062900 0.024600 0.030800
Topi 0.030800 0.153900 0.050400 0.152200 0.024700 0.031000 0.030900 0.062800 0.050100 0.075700 0.037100 0.031000 0.000000 0.030900 0.037400 0.069700 0.043700 0.043800 0.037100 0.042200 0.037400 0.030800 0.063100 0.069800 0.030800 0.050300 0.006000 0.037300 0.056600 0.050200 0.069300 0.024600 0.063500 0.006100 0.049700 0.024700 0.030800 0.037200 0.057300 0.069200 0.063000 0.043700 0.069300 0.063200 0.037500 0.050000 0.056600 0.043200 0.043400 0.069100 0.043600 0.050000
CommonDuik 0.024600 0.154000 0.037500 0.145100 0.018400 0.031000 0.024500 0.056300 0.037300 0.069100 0.030800 0.018300 0.030900 0.000000 0.024700 0.063200 0.037300 0.037400 0.030800 0.040900 0.031100 0.024500 0.056600 0.063200 0.024500 0.043900 0.037200 0.037300 0.050200 0.037400 0.062800 0.018300 0.057000 0.037400 0.056100 0.024700 0.024500 0.030800 0.050800 0.062600 0.056500 0.037300 0.062800 0.056600 0.037500 0.043600 0.050100 0.036900 0.037100 0.062500 0.030900 0.037200
Suni 0.031000 0.152900 0.056900 0.138200 0.024800 0.037600 0.031100 0.063200 0.056700 0.080800 0.037400 0.037400 0.037400 0.024700 0.000000 0.070200 0.043900 0.044000 0.037400 0.061700 0.037600 0.031000 0.068000 0.070200 0.031000 0.050600 0.043800 0.056600 0.057000 0.056800 0.074200 0.024600 0.063900 0.044100 0.060300 0.043700 0.031000 0.037400 0.057700 0.069600 0.067600 0.044000 0.074200 0.063600 0.056800 0.050300 0.057000 0.037100 0.049300 0.069400 0.050100 0.056600
Springbuck 0.050100 0.192300 0.070400 0.175600 0.056800 0.056900 0.063300 0.069300 0.056800 0.096300 0.056600 0.063500 0.069700 0.063200 0.070200 0.000000 0.076700 0.076900 0.043700 0.075400 0.031000 0.050100 0.097000 0.097100 0.050100 0.031100 0.076400 0.069900 0.024700 0.070300 0.089700 0.056600 0.097700 0.076900 0.082700 0.070100 0.050100 0.069700 0.050800 0.103100 0.096900 0.037200 0.089700 0.097200 0.070200 0.083200 0.031000 0.075900 0.063000 0.089400 0.063300 0.056700
Okapi 0.037300 0.134400 0.057100 0.126100 0.018400 0.043900 0.024500 0.069600 0.056800 0.056300 0.043700 0.037500 0.043700 0.037300 0.043900 0.076700 0.000000 0.012400 0.043600 0.056700 0.044000 0.037200 0.043800 0.050400 0.037200 0.057000 0.050200 0.056800 0.063400 0.044000 0.050000 0.018500 0.044100 0.050500 0.069400 0.043900 0.037200 0.030900 0.057600 0.049900 0.043800 0.050300 0.050000 0.043900 0.057000 0.043700 0.063400 0.049700 0.050000 0.049900 0.050200 0.056700
Giraffe 0.037400 0.134900 0.057300 0.112100 0.018500 0.044000 0.037400 0.069900 0.057000 0.056500 0.043800 0.037600 0.043800 0.037400 0.044000 0.076900 0.012400 0.000000 0.043800 0.056800 0.044100 0.037300 0.031100 0.037600 0.037300 0.057200 0.050300 0.057000 0.063700 0.044200 0.050200 0.018600 0.031400 0.050600 0.069600 0.044000 0.037300 0.031000 0.057800 0.037200 0.031100 0.050400 0.050200 0.031200 0.057200 0.043800 0.063600 0.049900 0.050100 0.037200 0.050400 0.056900
TibetanAnt 0.018400 0.146200 0.050300 0.152000 0.024600 0.024700 0.030900 0.062800 0.037300 0.062500 0.024600 0.031000 0.037100 0.030800 0.037400 0.043700 0.043600 0.043800 0.000000 0.054800 0.037400 0.018300 0.063000 0.069700 0.018300 0.037400 0.043500 0.050000 0.043700 0.037400 0.056200 0.024600 0.063500 0.043800 0.049700 0.037300 0.018300 0.037100 0.044200 0.069100 0.063000 0.043600 0.056200 0.063100 0.037400 0.049900 0.031000 0.043200 0.030800 0.056000 0.043600 0.050000
Sitatunga 0.048200 0.175900 0.012200 0.147700 0.041400 0.055200 0.047900 0.081700 0.017700 0.093900 0.055300 0.030800 0.042200 0.040900 0.061700 0.075400 0.056700 0.056800 0.054800 0.000000 0.055500 0.048400 0.081000 0.063000 0.048300 0.068800 0.048800 0.000000 0.061900 0.024600 0.087300 0.040700 0.076900 0.048800 0.081100 0.024500 0.048400 0.054500 0.076100 0.082600 0.080500 0.061800 0.087300 0.063000 0.037100 0.068300 0.075500 0.060400 0.067100 0.082400 0.006100 0.012200
Oribi 0.031000 0.154600 0.050700 0.153500 0.024800 0.037600 0.031100 0.037200 0.050500 0.076200 0.037400 0.031200 0.037400 0.031100 0.037600 0.031000 0.044000 0.044100 0.037400 0.055500 0.000000 0.031000 0.063500 0.070300 0.031000 0.012200 0.043900 0.050400 0.018500 0.050600 0.069800 0.024700 0.064000 0.044100 0.056500 0.037600 0.031000 0.037400 0.031400 0.069600 0.063500 0.006100 0.069800 0.063600 0.050600 0.050300 0.018500 0.043500 0.043700 0.069500 0.043900 0.037500
BarbaryShe 0.000100 0.153500 0.043800 0.144400 0.018400 0.006100 0.024600 0.056200 0.043600 0.056000 0.006100 0.024700 0.030800 0.024500 0.031000 0.050100 0.037200 0.037300 0.018300 0.048400 0.031000 0.000000 0.056500 0.063100 0.000000 0.031000 0.037100 0.043600 0.050100 0.031000 0.049700 0.018300 0.056800 0.037300 0.043300 0.030900 0.000000 0.030800 0.037700 0.062500 0.056400 0.037200 0.049700 0.056500 0.043800 0.043500 0.037300 0.036800 0.024500 0.049500 0.037200 0.043500
Daviddeer 0.056600 0.141400 0.081500 0.126000 0.037400 0.063400 0.056700 0.089700 0.081200 0.037200 0.063100 0.060900 0.063100 0.056600 0.068000 0.097000 0.043800 0.031100 0.063000 0.081000 0.063500 0.056500 0.000000 0.031200 0.056400 0.076900 0.069800 0.081200 0.083400 0.067900 0.030900 0.037300 0.050600 0.070200 0.076200 0.065100 0.056500 0.050100 0.077700 0.030900 0.012200 0.070000 0.030900 0.024800 0.078800 0.063200 0.083400 0.056300 0.069500 0.056400 0.074400 0.081100
Reindeer 0.063200 0.149200 0.063400 0.126200 0.043800 0.070200 0.063300 0.096700 0.063100 0.056500 0.069800 0.050200 0.069800 0.063200 0.070200 0.097100 0.050400 0.037600 0.069700 0.063000 0.070300 0.063100 0.031200 0.000000 0.063100 0.083800 0.076600 0.063100 0.070200 0.056900 0.050200 0.043800 0.057200 0.077000 0.082900 0.056700 0.063100 0.056600 0.084700 0.037300 0.031100 0.076800 0.050200 0.006100 0.070000 0.069900 0.090300 0.062900 0.076300 0.063000 0.056500 0.063000
Ibex 0.000100 0.153400 0.043800 0.144400 0.018400 0.006100 0.024600 0.056200 0.043600 0.056000 0.006100 0.024600 0.030800 0.024500 0.031000 0.050100 0.037200 0.037300 0.018300 0.048300 0.031000 0.000000 0.056400 0.063100 0.000000 0.031000 0.037100 0.043600 0.050100 0.031000 0.049700 0.018200 0.056800 0.037300 0.043300 0.030900 0.000000 0.030800 0.037700 0.062500 0.056400 0.037200 0.049700 0.056500 0.043800 0.043500 0.037300 0.036800 0.024500 0.049500 0.037200 0.043500
GyrantGaze 0.031100 0.154900 0.064000 0.168700 0.037600 0.037600 0.044000 0.050000 0.063600 0.076300 0.037500 0.044100 0.050300 0.043900 0.050600 0.031100 0.057000 0.057200 0.037400 0.068800 0.012200 0.031000 0.076900 0.083800 0.031000 0.000000 0.056900 0.063600 0.031100 0.050700 0.069900 0.037400 0.077500 0.057200 0.056600 0.050500 0.031000 0.050300 0.031500 0.083000 0.076900 0.018000 0.069900 0.077000 0.063900 0.063500 0.018500 0.056400 0.043800 0.069700 0.056900 0.050400
Hartebeest 0.037200 0.154100 0.056900 0.152400 0.031000 0.037400 0.037300 0.056400 0.056700 0.082500 0.043600 0.037400 0.006000 0.037200 0.043800 0.076400 0.050200 0.050300 0.043500 0.048800 0.043900 0.037100 0.069800 0.076600 0.037100 0.056900 0.000000 0.043700 0.063200 0.056800 0.076000 0.030900 0.070300 0.012300 0.043400 0.031000 0.037100 0.043600 0.064100 0.075800 0.069700 0.050200 0.076000 0.069900 0.031100 0.056500 0.063200 0.049700 0.049900 0.075700 0.050100 0.056600
Bongo 0.043700 0.176200 0.012300 0.148000 0.037400 0.050400 0.043700 0.076200 0.012200 0.094000 0.050100 0.030800 0.037300 0.037300 0.056600 0.069900 0.056800 0.057000 0.050000 0.000000 0.050400 0.043600 0.081200 0.063100 0.043600 0.063600 0.043700 0.000000 0.056800 0.024700 0.087400 0.037200 0.077100 0.044000 0.075900 0.024500 0.043600 0.050100 0.070900 0.082700 0.080700 0.056800 0.087400 0.063100 0.037100 0.063200 0.070000 0.056100 0.061800 0.082600 0.006100 0.012200
Gerenuk 0.050100 0.177000 0.057100 0.160600 0.043900 0.056900 0.050300 0.056300 0.043900 0.096300 0.056700 0.050400 0.056600 0.050200 0.057000 0.024700 0.063400 0.063700 0.043700 0.061900 0.018500 0.050100 0.083400 0.070200 0.050100 0.031100 0.063200 0.056800 0.000000 0.070300 0.089800 0.043700 0.084000 0.063600 0.082800 0.056900 0.050100 0.056700 0.050800 0.089500 0.083400 0.024700 0.089800 0.070200 0.057100 0.069900 0.031000 0.062800 0.063100 0.089400 0.050300 0.043800
CommonElan 0.031000 0.161900 0.024800 0.149000 0.037500 0.037600 0.043900 0.076500 0.024700 0.067200 0.037400 0.030900 0.050200 0.037400 0.056800 0.070300 0.044000 0.044200 0.037400 0.024600 0.050600 0.031000 0.067900 0.056900 0.031000 0.050700 0.056800 0.024700 0.070300 0.000000 0.060600 0.024800 0.064100 0.057200 0.063100 0.037200 0.031000 0.050200 0.057800 0.069800 0.067400 0.057000 0.060600 0.050400 0.050100 0.063400 0.057000 0.056300 0.048800 0.056600 0.018400 0.024600
MuntiacusR 0.049800 0.148200 0.088000 0.146900 0.043500 0.056600 0.062900 0.082600 0.087500 0.006100 0.056300 0.067000 0.069300 0.062800 0.074200 0.089700 0.050000 0.050200 0.056200 0.087300 0.069800 0.049700 0.030900 0.050200 0.049700 0.069900 0.076000 0.087400 0.089800 0.060600 0.000000 0.043400 0.070000 0.076500 0.069200 0.071300 0.049700 0.043400 0.057400 0.049700 0.030900 0.076200 0.000000 0.043700 0.085000 0.069400 0.076300 0.062400 0.062700 0.062600 0.080600 0.087300
HarveysDui 0.018300 0.131600 0.037400 0.120100 0.012100 0.024700 0.018200 0.049900 0.037300 0.049700 0.024500 0.018200 0.024600 0.018300 0.024600 0.056600 0.018500 0.018600 0.024600 0.040700 0.024700 0.018300 0.037300 0.043800 0.018200 0.037400 0.030900 0.037200 0.043700 0.024800 0.043400 0.000000 0.037600 0.031100 0.049700 0.024600 0.018300 0.024500 0.044300 0.043300 0.037200 0.030900 0.043400 0.037300 0.037400 0.037100 0.043700 0.030500 0.030700 0.043300 0.030900 0.037200
Pronghorn 0.056900 0.157900 0.077600 0.134100 0.037600 0.063900 0.057100 0.090300 0.077200 0.076500 0.063500 0.057300 0.063500 0.057000 0.063900 0.097700 0.044100 0.031400 0.063500 0.076900 0.064000 0.056800 0.050600 0.057200 0.056800 0.077500 0.070300 0.077100 0.084000 0.064100 0.070000 0.037600 0.000000 0.070700 0.090000 0.063900 0.056800 0.050400 0.078200 0.056700 0.050500 0.070500 0.070000 0.050700 0.077500 0.063600 0.084000 0.069700 0.063300 0.056700 0.070300 0.077000
BlueWildeb 0.037400 0.162800 0.057300 0.160900 0.031200 0.037600 0.037500 0.069900 0.057000 0.083000 0.043800 0.037600 0.006100 0.037400 0.044100 0.076900 0.050500 0.050600 0.043800 0.048800 0.044100 0.037300 0.070200 0.077000 0.037300 0.057200 0.012300 0.044000 0.063600 0.057200 0.076500 0.031100 0.070700 0.000000 0.056500 0.031200 0.037300 0.043800 0.064400 0.076300 0.070100 0.050500 0.076500 0.070300 0.044200 0.056900 0.063600 0.050000 0.050200 0.069600 0.050400 0.056900
Gemsbok 0.043300 0.176000 0.076400 0.166600 0.049900 0.043500 0.056300 0.075700 0.076000 0.075500 0.049700 0.056500 0.049700 0.056100 0.060300 0.082700 0.069400 0.069600 0.049700 0.081100 0.056500 0.043300 0.076200 0.082900 0.043300 0.056600 0.043400 0.075900 0.082800 0.063100 0.069200 0.049700 0.090000 0.056500 0.000000 0.063000 0.043300 0.062700 0.070400 0.082200 0.076100 0.062900 0.069200 0.076200 0.063200 0.075900 0.056500 0.055900 0.056100 0.081900 0.069300 0.075900
Yak 0.031000 0.158200 0.037300 0.148400 0.024800 0.037600 0.031000 0.063100 0.037100 0.077900 0.037300 0.006100 0.024700 0.024700 0.043700 0.070100 0.043900 0.044000 0.037300 0.024500 0.037600 0.030900 0.065100 0.056700 0.030900 0.050500 0.031000 0.024500 0.056900 0.037200 0.071300 0.024600 0.063900 0.031200 0.063000 0.000000 0.030900 0.037300 0.057600 0.069500 0.064700 0.043900 0.071300 0.050200 0.012200 0.037500 0.056900 0.043400 0.047500 0.069400 0.030700 0.037000
BlueSheep 0.000100 0.153500 0.043800 0.144400 0.018400 0.006100 0.024600 0.056200 0.043600 0.056000 0.006100 0.024700 0.030800 0.024500 0.031000 0.050100 0.037200 0.037300 0.018300 0.048400 0.031000 0.000000 0.056500 0.063100 0.000000 0.031000 0.037100 0.043600 0.050100 0.031000 0.049700 0.018300 0.056800 0.037300 0.043300 0.030900 0.000000 0.030800 0.037700 0.062500 0.056400 0.037200 0.049700 0.056500 0.043800 0.043500 0.037300 0.036800 0.024500 0.049500 0.037200 0.043500
BohorReedb 0.030800 0.131600 0.050300 0.122800 0.012200 0.037400 0.030900 0.062800 0.050100 0.049700 0.037100 0.031000 0.037200 0.030800 0.037400 0.069700 0.030900 0.031000 0.037100 0.054500 0.037400 0.030800 0.050100 0.056600 0.030800 0.050300 0.043600 0.050100 0.056700 0.050200 0.043400 0.024500 0.050400 0.043800 0.062700 0.037300 0.030800 0.000000 0.057400 0.056100 0.037200 0.043700 0.043400 0.050100 0.050300 0.037200 0.056600 0.043200 0.043400 0.057900 0.043600 0.050000
KirksDik 0.037800 0.171200 0.071300 0.170400 0.044400 0.044500 0.050900 0.044100 0.071000 0.063800 0.044300 0.051000 0.057300 0.050800 0.057700 0.050800 0.057600 0.057800 0.044200 0.076100 0.031400 0.037700 0.077700 0.084700 0.037700 0.031500 0.064100 0.070900 0.050800 0.057800 0.057400 0.044300 0.078200 0.064400 0.070400 0.057600 0.037700 0.057400 0.000000 0.083900 0.077600 0.037700 0.057400 0.077900 0.071200 0.070800 0.037800 0.063500 0.050700 0.077000 0.064100 0.057500
RoeDeer 0.062600 0.147700 0.083200 0.118100 0.043400 0.069600 0.062700 0.095800 0.082800 0.043300 0.069200 0.063000 0.069200 0.062600 0.069600 0.103100 0.049900 0.037200 0.069100 0.082600 0.069600 0.062500 0.030900 0.037300 0.062500 0.083000 0.075800 0.082700 0.089500 0.069800 0.049700 0.043300 0.056700 0.076300 0.082200 0.069500 0.062500 0.056100 0.083900 0.000000 0.030800 0.076100 0.049700 0.031000 0.083000 0.069300 0.089500 0.062300 0.075500 0.062400 0.076000 0.082600
WhiteLippe 0.056400 0.127000 0.081000 0.111800 0.037300 0.063300 0.056600 0.089600 0.080700 0.037100 0.063000 0.060400 0.063000 0.056500 0.067600 0.096900 0.043800 0.031100 0.063000 0.080500 0.063500 0.056400 0.012200 0.031100 0.056400 0.076900 0.069700 0.080700 0.083400 0.067400 0.030900 0.037200 0.050500 0.070100 0.076100 0.064700 0.056400 0.037200 0.077600 0.030800 0.000000 0.069900 0.030900 0.024800 0.078300 0.063100 0.083300 0.056200 0.069500 0.056200 0.073900 0.080600
ThomsonGaz 0.037300 0.161400 0.057100 0.160400 0.031100 0.043900 0.037400 0.043400 0.056800 0.082700 0.043700 0.037500 0.043700 0.037300 0.044000 0.037200 0.050300 0.050400 0.043600 0.061800 0.006100 0.037200 0.070000 0.076800 0.037200 0.018000 0.050200 0.056800 0.024700 0.057000 0.076200 0.030900 0.070500 0.050500 0.062900 0.043900 0.037200 0.043700 0.037700 0.076100 0.069900 0.000000 0.076200 0.070100 0.057000 0.056700 0.024700 0.049800 0.050000 0.076000 0.050200 0.043800
MuntiacusC 0.049800 0.148200 0.088000 0.146900 0.043500 0.056600 0.062900 0.082600 0.087500 0.006100 0.056300 0.067000 0.069300 0.062800 0.074200 0.089700 0.050000 0.050200 0.056200 0.087300 0.069800 0.049700 0.030900 0.050200 0.049700 0.069900 0.076000 0.087400 0.089800 0.060600 0.000000 0.043400 0.070000 0.076500 0.069200 0.071300 0.049700 0.043400 0.057400 0.049700 0.030900 0.076200 0.000000 0.043700 0.085000 0.069400 0.076300 0.062400 0.062700 0.062600 0.080600 0.087300
WhiteTaile 0.056600 0.141900 0.063400 0.126200 0.037400 0.063500 0.056800 0.089800 0.063200 0.050000 0.063200 0.043700 0.063200 0.056600 0.063600 0.097200 0.043900 0.031200 0.063100 0.063000 0.063600 0.056500 0.024800 0.006100 0.056500 0.077000 0.069900 0.063100 0.070200 0.050400 0.043700 0.037300 0.050700 0.070300 0.076200 0.050200 0.056500 0.050100 0.077900 0.031000 0.024800 0.070100 0.043700 0.000000 0.063400 0.063300 0.083500 0.056400 0.069600 0.056500 0.056500 0.063000
Cattle 0.043900 0.166300 0.050200 0.156200 0.037600 0.050600 0.043900 0.063300 0.037200 0.091600 0.050300 0.018400 0.037500 0.037500 0.056800 0.070200 0.057000 0.057200 0.037400 0.037100 0.050600 0.043800 0.078800 0.070000 0.043800 0.063900 0.031100 0.037100 0.057100 0.050100 0.085000 0.037400 0.077500 0.044200 0.063200 0.012200 0.043800 0.050300 0.071200 0.083000 0.078300 0.057000 0.085000 0.063400 0.000000 0.050500 0.057000 0.056400 0.060900 0.082900 0.043500 0.049800
RoyalAntel 0.043600 0.162000 0.063500 0.152300 0.024700 0.050300 0.043700 0.069600 0.063200 0.075900 0.050000 0.031100 0.050000 0.043600 0.050300 0.083200 0.043700 0.043800 0.049900 0.068300 0.050300 0.043500 0.063200 0.069900 0.043500 0.063500 0.056500 0.063200 0.069900 0.063400 0.069400 0.037100 0.063600 0.056900 0.075900 0.037500 0.043500 0.037200 0.070800 0.069300 0.063100 0.056700 0.069400 0.063300 0.050500 0.000000 0.069900 0.056100 0.043500 0.069100 0.056600 0.063100
Steenbok 0.037300 0.177100 0.070400 0.176000 0.043800 0.043900 0.050300 0.056300 0.056900 0.082800 0.043700 0.050400 0.056600 0.050100 0.057000 0.031000 0.063400 0.063600 0.031000 0.075500 0.018500 0.037300 0.083400 0.090300 0.037300 0.018500 0.063200 0.070000 0.031000 0.057000 0.076300 0.043700 0.084000 0.063600 0.056500 0.056900 0.037300 0.056600 0.037800 0.089500 0.083300 0.024700 0.076300 0.083500 0.057000 0.069900 0.000000 0.062700 0.050100 0.076000 0.063300 0.056700
Impala 0.036900 0.168400 0.056400 0.151300 0.030700 0.043400 0.037000 0.068900 0.056200 0.068800 0.043200 0.037100 0.043200 0.036900 0.037100 0.075900 0.049700 0.049900 0.043200 0.060400 0.043500 0.036800 0.056300 0.062900 0.036800 0.056400 0.049700 0.056100 0.062800 0.056300 0.062400 0.030500 0.069700 0.050000 0.055900 0.043400 0.036800 0.043200 0.063500 0.062300 0.056200 0.049800 0.062400 0.056400 0.056400 0.056100 0.062700 0.000000 0.049500 0.075100 0.049700 0.056100
Klipspring 0.024500 0.169000 0.062000 0.144600 0.030900 0.031000 0.037100 0.069200 0.062100 0.069000 0.030800 0.042000 0.043400 0.037100 0.049300 0.063000 0.050000 0.050100 0.030800 0.067100 0.043700 0.024500 0.069500 0.076300 0.024500 0.043800 0.049900 0.061800 0.063100 0.048800 0.062700 0.030700 0.063300 0.050200 0.056100 0.047500 0.024500 0.043400 0.050700 0.075500 0.069500 0.050000 0.062700 0.069600 0.060900 0.043500 0.050100 0.049500 0.000000 0.062400 0.055200 0.061700
ForestMusk 0.049600 0.147900 0.083100 0.124900 0.044800 0.056400 0.062600 0.095600 0.082600 0.068900 0.056100 0.062900 0.069100 0.062500 0.069400 0.089400 0.049900 0.037200 0.056000 0.082400 0.069500 0.049500 0.056400 0.063000 0.049500 0.069700 0.075700 0.082600 0.089400 0.056600 0.062600 0.043300 0.056700 0.069600 0.081900 0.069400 0.049500 0.057900 0.077000 0.062400 0.056200 0.076000 0.062600 0.056500 0.082900 0.069100 0.076000 0.075100 0.062400 0.000000 0.075900 0.082500
Bushbuck 0.037200 0.168400 0.006100 0.140500 0.031000 0.043900 0.037300 0.069600 0.006100 0.087200 0.043600 0.024600 0.043600 0.030900 0.050100 0.063300 0.050200 0.050400 0.043600 0.006100 0.043900 0.037200 0.074400 0.056500 0.037200 0.056900 0.050100 0.006100 0.050300 0.018400 0.080600 0.030900 0.070300 0.050400 0.069300 0.030700 0.037200 0.043600 0.064100 0.076000 0.073900 0.050200 0.080600 0.056500 0.043500 0.056600 0.063300 0.049700 0.055200 0.075900 0.000000 0.006100
GreaterKud 0.043600 0.175900 0.012200 0.149000 0.037300 0.050300 0.043700 0.063000 0.012200 0.093900 0.050000 0.030800 0.050000 0.037200 0.056600 0.056700 0.056700 0.056900 0.050000 0.012200 0.037500 0.043500 0.081100 0.063000 0.043500 0.050400 0.056600 0.012200 0.043800 0.024600 0.087300 0.037200 0.077000 0.056900 0.075900 0.037000 0.043500 0.050000 0.057500 0.082600 0.080600 0.043800 0.087300 0.063000 0.049800 0.063100 0.056700 0.056100 0.061700 0.082500 0.006100 0.000000
