CODONML (in paml version 4.10.7, June 2023)  /home/rachel/ruminants_paml/6406-phy-tree/ENSBTAT00000013318.fasta.phy
Model: free dN/dS Ratios for branches,  kappa = 2.000 fixed

Codon frequency model: F3x4
ns =  54  ls =  12

Codon usage in sequences
--------------------------------------------------------------------------------------------------------------------------------------
Phe TTT   0   0   1   1   1   0 | Ser TCT   0   0   0   0   0   0 | Tyr TAT   0   0   0   0   0   0 | Cys TGT   0   0   0   0   0   0
    TTC   1   1   0   0   0   1 |     TCC   0   0   0   0   0   0 |     TAC   0   0   0   0   0   0 |     TGC   0   0   0   0   0   0
Leu TTA   0   0   0   0   0   0 |     TCA   0   0   0   0   0   0 | *** TAA   0   0   0   0   0   0 | *** TGA   0   0   0   0   0   0
    TTG   0   0   0   0   0   0 |     TCG   0   0   0   0   0   0 |     TAG   0   0   0   0   0   0 | Trp TGG   0   0   0   0   0   0
--------------------------------------------------------------------------------------------------------------------------------------
Leu CTT   0   0   0   0   0   0 | Pro CCT   0   0   0   0   0   0 | His CAT   0   0   0   0   0   1 | Arg CGT   0   0   0   0   0   0
    CTC   0   0   0   0   0   0 |     CCC   0   0   0   0   0   0 |     CAC   1   1   1   1   1   0 |     CGC   0   0   0   0   0   0
    CTA   0   0   0   0   1   0 |     CCA   0   0   0   0   0   0 | Gln CAA   0   0   0   0   0   0 |     CGA   0   0   0   0   0   0
    CTG   1   1   1   1   0   1 |     CCG   0   0   0   0   0   0 |     CAG   0   0   0   0   0   0 |     CGG   0   0   0   0   0   0
--------------------------------------------------------------------------------------------------------------------------------------
Ile ATT   0   0   0   0   0   0 | Thr ACT   0   1   1   1   1   0 | Asn AAT   0   0   0   0   0   0 | Ser AGT   1   1   1   1   0   1
    ATC   0   0   0   0   0   0 |     ACC   1   0   0   0   0   0 |     AAC   0   0   0   0   0   0 |     AGC   0   0   0   0   1   0
    ATA   0   0   0   0   0   0 |     ACA   0   0   0   0   0   0 | Lys AAA   0   0   0   0   0   0 | Arg AGA   0   0   0   0   0   0
Met ATG   0   0   0   0   0   0 |     ACG   0   0   0   0   0   1 |     AAG   0   0   0   0   0   0 |     AGG   0   0   0   0   0   0
--------------------------------------------------------------------------------------------------------------------------------------
Val GTT   0   0   0   0   0   0 | Ala GCT   0   0   0   0   0   0 | Asp GAT   0   0   0   0   0   0 | Gly GGT   1   1   1   0   1   0
    GTC   0   0   0   0   0   0 |     GCC   0   0   0   0   0   0 |     GAC   0   0   0   0   0   0 |     GGC   2   3   2   1   1   3
    GTA   0   0   0   0   0   0 |     GCA   1   2   1   1   2   1 | Glu GAA   0   0   0   0   0   0 |     GGA   0   0   0   1   1   0
    GTG   1   1   1   1   1   1 |     GCG   1   0   1   1   0   1 |     GAG   0   0   0   0   0   0 |     GGG   1   0   1   2   1   1
--------------------------------------------------------------------------------------------------------------------------------------

--------------------------------------------------------------------------------------------------------------------------------------
Phe TTT   0   0   0   0   1   0 | Ser TCT   0   0   0   0   0   0 | Tyr TAT   0   0   0   0   0   0 | Cys TGT   0   0   0   0   0   0
    TTC   1   1   1   1   0   1 |     TCC   0   0   0   0   0   0 |     TAC   0   0   0   0   0   0 |     TGC   0   0   0   0   0   0
Leu TTA   0   0   0   0   0   0 |     TCA   0   0   0   0   0   0 | *** TAA   0   0   0   0   0   0 | *** TGA   0   0   0   0   0   0
    TTG   0   0   0   0   0   0 |     TCG   0   0   0   0   0   0 |     TAG   0   0   0   0   0   0 | Trp TGG   0   0   0   0   0   0
--------------------------------------------------------------------------------------------------------------------------------------
Leu CTT   0   0   0   0   0   0 | Pro CCT   0   0   0   0   0   0 | His CAT   0   0   0   0   0   0 | Arg CGT   0   0   0   0   0   0
    CTC   0   0   0   0   0   0 |     CCC   0   0   0   0   0   0 |     CAC   1   1   1   1   1   1 |     CGC   0   0   0   0   0   0
    CTA   0   0   0   0   0   0 |     CCA   0   0   0   0   0   0 | Gln CAA   0   0   0   0   0   0 |     CGA   0   0   0   0   0   0
    CTG   1   1   1   1   1   1 |     CCG   0   0   0   0   0   0 |     CAG   0   0   0   0   0   0 |     CGG   0   0   0   0   0   0
--------------------------------------------------------------------------------------------------------------------------------------
Ile ATT   0   0   0   0   0   0 | Thr ACT   0   0   0   0   1   0 | Asn AAT   0   0   0   0   0   0 | Ser AGT   1   1   1   1   1   1
    ATC   0   0   0   0   0   0 |     ACC   1   1   1   1   0   1 |     AAC   0   0   0   0   0   0 |     AGC   0   0   0   0   0   0
    ATA   0   0   0   0   0   0 |     ACA   0   0   0   0   0   0 | Lys AAA   0   0   0   0   0   0 | Arg AGA   0   0   0   0   0   0
Met ATG   0   0   0   0   0   0 |     ACG   0   0   0   0   0   0 |     AAG   0   0   0   0   0   0 |     AGG   0   0   0   0   0   0
--------------------------------------------------------------------------------------------------------------------------------------
Val GTT   0   0   0   0   0   0 | Ala GCT   0   0   0   0   0   0 | Asp GAT   0   0   0   0   0   0 | Gly GGT   1   1   1   1   1   1
    GTC   0   0   0   0   0   0 |     GCC   0   0   0   0   0   0 |     GAC   0   0   0   0   0   0 |     GGC   2   2   2   2   2   2
    GTA   0   0   0   0   0   0 |     GCA   2   2   2   2   1   1 | Glu GAA   0   0   0   0   0   0 |     GGA   0   0   0   0   0   0
    GTG   1   1   1   1   1   1 |     GCG   0   0   0   0   1   1 |     GAG   0   0   0   0   0   0 |     GGG   1   1   1   1   1   1
--------------------------------------------------------------------------------------------------------------------------------------

--------------------------------------------------------------------------------------------------------------------------------------
Phe TTT   0   0   0   0   0   0 | Ser TCT   0   0   0   0   0   0 | Tyr TAT   0   0   0   0   0   0 | Cys TGT   0   0   0   0   0   0
    TTC   1   1   1   1   1   1 |     TCC   0   0   0   0   0   0 |     TAC   0   0   0   0   0   0 |     TGC   0   0   0   0   0   0
Leu TTA   0   0   0   0   0   0 |     TCA   0   0   0   0   0   0 | *** TAA   0   0   0   0   0   0 | *** TGA   0   0   0   0   0   0
    TTG   0   0   0   0   0   0 |     TCG   0   0   0   0   0   0 |     TAG   0   0   0   0   0   0 | Trp TGG   0   0   0   0   0   0
--------------------------------------------------------------------------------------------------------------------------------------
Leu CTT   0   0   0   0   0   0 | Pro CCT   0   0   0   0   0   0 | His CAT   0   0   0   0   0   0 | Arg CGT   0   0   0   0   0   0
    CTC   0   0   0   0   0   0 |     CCC   0   0   0   0   0   0 |     CAC   1   1   1   1   1   1 |     CGC   0   0   0   0   0   0
    CTA   0   0   0   0   0   0 |     CCA   0   0   0   0   0   0 | Gln CAA   0   0   0   0   0   0 |     CGA   0   0   0   0   0   0
    CTG   1   1   1   1   1   1 |     CCG   0   0   0   0   0   0 |     CAG   0   0   0   0   0   0 |     CGG   0   0   0   0   0   0
--------------------------------------------------------------------------------------------------------------------------------------
Ile ATT   0   0   0   0   0   0 | Thr ACT   0   0   0   0   0   1 | Asn AAT   0   0   0   0   0   0 | Ser AGT   1   1   1   1   1   1
    ATC   0   0   0   0   0   0 |     ACC   1   1   1   1   1   0 |     AAC   0   0   0   0   0   0 |     AGC   0   0   0   0   0   0
    ATA   0   0   0   0   0   0 |     ACA   0   0   0   0   0   0 | Lys AAA   0   0   0   0   0   0 | Arg AGA   0   0   0   0   0   0
Met ATG   0   0   0   0   0   0 |     ACG   0   0   0   0   0   0 |     AAG   0   0   0   0   0   0 |     AGG   0   0   0   0   0   0
--------------------------------------------------------------------------------------------------------------------------------------
Val GTT   0   0   0   0   0   0 | Ala GCT   0   0   0   0   0   0 | Asp GAT   0   0   0   0   0   0 | Gly GGT   1   1   1   1   1   1
    GTC   0   0   0   0   0   0 |     GCC   0   0   0   0   0   0 |     GAC   0   0   0   0   0   0 |     GGC   2   2   2   2   2   2
    GTA   0   0   0   0   0   0 |     GCA   1   1   1   1   1   1 | Glu GAA   0   0   0   0   0   0 |     GGA   0   0   0   0   0   0
    GTG   1   1   1   1   1   1 |     GCG   1   1   1   1   1   1 |     GAG   0   0   0   0   0   0 |     GGG   1   1   1   1   1   1
--------------------------------------------------------------------------------------------------------------------------------------

--------------------------------------------------------------------------------------------------------------------------------------
Phe TTT   0   0   0   1   1   0 | Ser TCT   0   0   0   0   0   0 | Tyr TAT   0   0   0   0   0   0 | Cys TGT   0   0   0   0   0   0
    TTC   1   1   1   0   0   1 |     TCC   0   0   0   0   0   0 |     TAC   0   0   0   0   0   0 |     TGC   0   0   0   0   0   0
Leu TTA   0   0   0   0   0   0 |     TCA   0   0   0   0   0   0 | *** TAA   0   0   0   0   0   0 | *** TGA   0   0   0   0   0   0
    TTG   0   0   0   0   0   0 |     TCG   0   0   0   0   0   0 |     TAG   0   0   0   0   0   0 | Trp TGG   0   0   0   0   0   0
--------------------------------------------------------------------------------------------------------------------------------------
Leu CTT   0   0   0   0   0   0 | Pro CCT   0   0   0   0   0   0 | His CAT   0   0   0   0   0   0 | Arg CGT   0   0   0   0   0   0
    CTC   0   0   0   0   0   0 |     CCC   0   0   0   0   0   0 |     CAC   1   1   1   1   1   1 |     CGC   0   0   0   0   0   0
    CTA   0   0   0   0   0   0 |     CCA   0   0   0   0   0   0 | Gln CAA   0   0   0   0   0   0 |     CGA   0   0   0   0   0   0
    CTG   1   1   1   1   1   1 |     CCG   0   0   0   0   0   0 |     CAG   0   0   0   0   0   0 |     CGG   0   0   0   0   0   0
--------------------------------------------------------------------------------------------------------------------------------------
Ile ATT   0   0   0   0   0   0 | Thr ACT   0   0   1   1   0   0 | Asn AAT   0   0   0   0   0   0 | Ser AGT   1   1   1   1   1   1
    ATC   0   0   0   0   0   0 |     ACC   1   1   0   0   1   1 |     AAC   0   0   0   0   0   0 |     AGC   0   0   0   0   0   0
    ATA   0   0   0   0   0   0 |     ACA   0   0   0   0   0   0 | Lys AAA   0   0   0   0   0   0 | Arg AGA   0   0   0   0   0   0
Met ATG   0   0   0   0   0   0 |     ACG   0   0   0   0   0   0 |     AAG   0   0   0   0   0   0 |     AGG   0   0   0   0   0   0
--------------------------------------------------------------------------------------------------------------------------------------
Val GTT   0   0   0   0   0   0 | Ala GCT   0   0   0   0   0   0 | Asp GAT   0   0   0   0   0   0 | Gly GGT   2   2   1   1   1   1
    GTC   0   0   0   0   0   0 |     GCC   0   0   0   0   0   0 |     GAC   0   0   0   0   0   0 |     GGC   1   1   2   2   2   2
    GTA   0   0   0   0   0   0 |     GCA   2   2   1   1   1   1 | Glu GAA   0   0   0   0   0   0 |     GGA   0   0   0   0   0   0
    GTG   1   1   1   1   1   1 |     GCG   0   0   1   1   1   1 |     GAG   0   0   0   0   0   0 |     GGG   1   1   1   1   1   1
--------------------------------------------------------------------------------------------------------------------------------------

--------------------------------------------------------------------------------------------------------------------------------------
Phe TTT   0   0   0   1   1   1 | Ser TCT   0   0   0   0   0   0 | Tyr TAT   0   0   0   0   0   0 | Cys TGT   0   0   0   0   0   0
    TTC   1   1   1   0   0   0 |     TCC   0   0   0   0   0   0 |     TAC   0   0   0   0   0   0 |     TGC   0   0   0   0   0   0
Leu TTA   0   0   0   0   0   0 |     TCA   0   0   0   0   0   0 | *** TAA   0   0   0   0   0   0 | *** TGA   0   0   0   0   0   0
    TTG   0   0   0   0   0   0 |     TCG   0   0   0   0   0   0 |     TAG   0   0   0   0   0   0 | Trp TGG   0   0   0   0   0   0
--------------------------------------------------------------------------------------------------------------------------------------
Leu CTT   0   0   0   0   0   0 | Pro CCT   0   0   0   0   0   0 | His CAT   0   0   0   0   0   0 | Arg CGT   0   0   0   0   0   0
    CTC   0   0   0   0   0   0 |     CCC   0   0   0   0   0   0 |     CAC   1   1   1   1   1   1 |     CGC   0   0   0   0   0   0
    CTA   0   0   0   0   0   0 |     CCA   0   0   0   0   0   0 | Gln CAA   0   0   0   0   0   0 |     CGA   0   0   0   0   0   0
    CTG   1   1   1   1   1   1 |     CCG   0   0   0   0   0   0 |     CAG   0   0   0   0   0   0 |     CGG   0   0   0   0   0   0
--------------------------------------------------------------------------------------------------------------------------------------
Ile ATT   0   0   0   0   0   0 | Thr ACT   0   1   0   1   0   1 | Asn AAT   0   0   0   0   0   0 | Ser AGT   1   1   1   1   1   1
    ATC   0   0   0   0   0   0 |     ACC   1   0   1   0   1   0 |     AAC   0   0   0   0   0   0 |     AGC   0   0   0   0   0   0
    ATA   0   0   0   0   0   0 |     ACA   0   0   0   0   0   0 | Lys AAA   0   0   0   0   0   0 | Arg AGA   0   0   0   0   0   0
Met ATG   0   0   0   0   0   0 |     ACG   0   0   0   0   0   0 |     AAG   0   0   0   0   0   0 |     AGG   0   0   0   0   0   0
--------------------------------------------------------------------------------------------------------------------------------------
Val GTT   0   0   0   0   0   0 | Ala GCT   0   0   0   0   0   0 | Asp GAT   0   0   0   0   0   0 | Gly GGT   1   1   1   1   1   1
    GTC   0   0   0   0   0   0 |     GCC   0   0   0   0   0   0 |     GAC   0   0   0   0   0   0 |     GGC   2   2   2   2   2   2
    GTA   0   0   0   0   0   0 |     GCA   1   1   1   0   1   1 | Glu GAA   0   0   0   0   0   0 |     GGA   0   0   0   0   0   0
    GTG   1   1   1   1   1   1 |     GCG   1   1   1   2   1   1 |     GAG   0   0   0   0   0   0 |     GGG   1   1   1   1   1   1
--------------------------------------------------------------------------------------------------------------------------------------

--------------------------------------------------------------------------------------------------------------------------------------
Phe TTT   0   1   0   0   1   0 | Ser TCT   0   0   0   0   0   0 | Tyr TAT   0   0   0   0   0   0 | Cys TGT   0   0   0   0   0   0
    TTC   1   0   1   1   0   1 |     TCC   0   0   0   0   0   0 |     TAC   0   0   0   0   0   0 |     TGC   0   0   0   0   0   0
Leu TTA   0   0   0   0   0   0 |     TCA   0   0   0   0   0   0 | *** TAA   0   0   0   0   0   0 | *** TGA   0   0   0   0   0   0
    TTG   0   0   0   0   0   0 |     TCG   0   0   0   0   0   0 |     TAG   0   0   0   0   0   0 | Trp TGG   0   0   0   0   0   0
--------------------------------------------------------------------------------------------------------------------------------------
Leu CTT   0   0   0   0   0   0 | Pro CCT   0   0   0   0   0   0 | His CAT   0   0   0   0   0   0 | Arg CGT   0   0   0   0   0   0
    CTC   0   0   0   0   0   0 |     CCC   0   0   0   0   0   0 |     CAC   1   1   1   1   1   1 |     CGC   0   0   0   0   0   0
    CTA   0   0   0   0   0   0 |     CCA   0   0   0   0   0   0 | Gln CAA   0   0   0   0   0   0 |     CGA   0   0   0   0   0   0
    CTG   1   1   1   1   1   1 |     CCG   0   0   0   0   0   0 |     CAG   0   0   0   0   0   0 |     CGG   0   0   0   0   0   0
--------------------------------------------------------------------------------------------------------------------------------------
Ile ATT   0   0   0   0   0   0 | Thr ACT   1   1   0   0   0   0 | Asn AAT   0   0   0   0   0   0 | Ser AGT   1   1   1   1   1   1
    ATC   0   0   0   0   0   0 |     ACC   0   0   1   1   1   1 |     AAC   0   0   0   0   0   0 |     AGC   0   0   0   0   0   0
    ATA   0   0   0   0   0   0 |     ACA   0   0   0   0   0   0 | Lys AAA   0   0   0   0   0   0 | Arg AGA   0   0   0   0   0   0
Met ATG   0   0   0   0   0   0 |     ACG   0   0   0   0   0   0 |     AAG   0   0   0   0   0   0 |     AGG   0   0   0   0   0   0
--------------------------------------------------------------------------------------------------------------------------------------
Val GTT   0   0   0   0   0   0 | Ala GCT   0   0   0   0   0   0 | Asp GAT   0   0   0   0   0   0 | Gly GGT   1   1   1   1   1   1
    GTC   0   0   0   0   0   0 |     GCC   0   0   0   0   0   0 |     GAC   0   0   0   0   0   0 |     GGC   2   2   2   2   2   2
    GTA   0   0   0   0   0   0 |     GCA   1   2   1   1   2   1 | Glu GAA   0   0   0   0   0   0 |     GGA   0   0   0   0   0   0
    GTG   1   1   1   1   1   1 |     GCG   1   0   1   1   0   1 |     GAG   0   0   0   0   0   0 |     GGG   1   1   1   1   1   1
--------------------------------------------------------------------------------------------------------------------------------------

--------------------------------------------------------------------------------------------------------------------------------------
Phe TTT   0   0   0   0   1   0 | Ser TCT   0   0   0   0   0   0 | Tyr TAT   0   0   0   0   0   0 | Cys TGT   0   0   0   0   0   0
    TTC   1   1   1   1   0   1 |     TCC   0   0   0   0   0   0 |     TAC   0   0   0   0   0   0 |     TGC   0   0   0   0   0   0
Leu TTA   0   0   0   0   0   0 |     TCA   0   0   0   0   0   0 | *** TAA   0   0   0   0   0   0 | *** TGA   0   0   0   0   0   0
    TTG   0   0   0   0   0   0 |     TCG   0   0   0   0   0   0 |     TAG   0   0   0   0   0   0 | Trp TGG   0   0   0   0   0   0
--------------------------------------------------------------------------------------------------------------------------------------
Leu CTT   0   0   0   0   0   0 | Pro CCT   0   0   0   0   0   0 | His CAT   0   0   0   0   0   0 | Arg CGT   0   0   0   0   0   0
    CTC   0   0   0   0   0   0 |     CCC   0   0   0   0   0   0 |     CAC   1   1   1   1   1   1 |     CGC   0   0   0   0   0   0
    CTA   0   0   0   0   0   0 |     CCA   0   0   0   0   0   0 | Gln CAA   0   0   0   0   0   0 |     CGA   0   0   0   0   0   0
    CTG   1   1   1   1   1   1 |     CCG   0   0   0   0   0   0 |     CAG   0   0   0   0   0   0 |     CGG   0   0   0   0   0   0
--------------------------------------------------------------------------------------------------------------------------------------
Ile ATT   0   0   0   0   0   0 | Thr ACT   0   0   0   0   0   0 | Asn AAT   0   0   0   0   0   0 | Ser AGT   1   1   1   1   1   1
    ATC   0   0   0   0   0   0 |     ACC   1   1   1   1   1   1 |     AAC   0   0   0   0   0   0 |     AGC   0   0   0   0   0   0
    ATA   0   0   0   0   0   0 |     ACA   0   0   0   0   0   0 | Lys AAA   0   0   0   0   0   0 | Arg AGA   0   0   0   0   0   0
Met ATG   0   0   0   0   0   0 |     ACG   0   0   0   0   0   0 |     AAG   0   0   0   0   0   0 |     AGG   0   0   0   0   0   0
--------------------------------------------------------------------------------------------------------------------------------------
Val GTT   0   0   0   0   0   0 | Ala GCT   0   0   0   0   0   0 | Asp GAT   0   0   0   0   0   0 | Gly GGT   1   1   1   1   1   1
    GTC   0   0   0   0   0   0 |     GCC   0   0   0   0   0   0 |     GAC   0   0   0   0   0   0 |     GGC   2   2   2   2   2   2
    GTA   0   0   0   0   0   0 |     GCA   1   1   1   1   1   1 | Glu GAA   0   0   0   0   0   0 |     GGA   0   0   0   0   0   0
    GTG   1   1   1   1   1   1 |     GCG   1   1   1   1   1   1 |     GAG   0   0   0   0   0   0 |     GGG   1   1   1   1   1   1
--------------------------------------------------------------------------------------------------------------------------------------

--------------------------------------------------------------------------------------------------------------------------------------
Phe TTT   0   1   0   1   0   0 | Ser TCT   0   0   0   0   0   0 | Tyr TAT   0   0   0   0   0   0 | Cys TGT   0   0   0   0   0   0
    TTC   1   0   1   0   1   1 |     TCC   0   0   0   0   0   0 |     TAC   0   0   0   0   0   0 |     TGC   0   0   0   0   0   0
Leu TTA   0   0   0   0   0   0 |     TCA   0   0   0   0   0   0 | *** TAA   0   0   0   0   0   0 | *** TGA   0   0   0   0   0   0
    TTG   0   0   0   0   0   0 |     TCG   0   0   0   0   0   0 |     TAG   0   0   0   0   0   0 | Trp TGG   0   0   0   0   0   0
--------------------------------------------------------------------------------------------------------------------------------------
Leu CTT   0   0   0   0   0   0 | Pro CCT   0   0   0   0   0   0 | His CAT   0   0   0   0   0   0 | Arg CGT   0   0   0   0   0   0
    CTC   0   0   0   0   0   0 |     CCC   0   0   0   0   0   0 |     CAC   1   1   1   1   1   1 |     CGC   0   0   0   0   0   0
    CTA   0   0   0   0   0   0 |     CCA   0   0   0   0   0   0 | Gln CAA   0   0   0   0   0   0 |     CGA   0   0   0   0   0   0
    CTG   1   1   1   1   1   1 |     CCG   0   0   0   0   0   0 |     CAG   0   0   0   0   0   0 |     CGG   0   0   0   0   0   0
--------------------------------------------------------------------------------------------------------------------------------------
Ile ATT   0   0   0   0   0   0 | Thr ACT   0   1   0   0   0   1 | Asn AAT   0   0   0   0   0   0 | Ser AGT   1   1   1   1   1   1
    ATC   0   0   0   0   0   0 |     ACC   1   0   1   1   1   0 |     AAC   0   0   0   0   0   0 |     AGC   0   0   0   0   0   0
    ATA   0   0   0   0   0   0 |     ACA   0   0   0   0   0   0 | Lys AAA   0   0   0   0   0   0 | Arg AGA   0   0   0   0   0   0
Met ATG   0   0   0   0   0   0 |     ACG   0   0   0   0   0   0 |     AAG   0   0   0   0   0   0 |     AGG   0   0   0   0   0   0
--------------------------------------------------------------------------------------------------------------------------------------
Val GTT   0   0   0   0   0   0 | Ala GCT   0   0   0   0   0   0 | Asp GAT   0   0   0   0   0   0 | Gly GGT   1   1   1   1   1   1
    GTC   0   0   0   0   0   0 |     GCC   0   0   0   0   0   0 |     GAC   0   0   0   0   0   0 |     GGC   2   2   2   2   2   2
    GTA   0   0   0   0   0   0 |     GCA   1   1   1   1   1   2 | Glu GAA   0   0   0   0   0   0 |     GGA   0   0   0   0   0   0
    GTG   1   1   1   1   1   1 |     GCG   1   1   1   1   1   0 |     GAG   0   0   0   0   0   0 |     GGG   1   1   1   1   1   1
--------------------------------------------------------------------------------------------------------------------------------------

--------------------------------------------------------------------------------------------------------------------------------------
Phe TTT   0   0   0   1   1   1 | Ser TCT   0   0   0   0   0   0 | Tyr TAT   0   0   0   0   0   0 | Cys TGT   0   0   0   0   0   0
    TTC   1   1   1   0   0   0 |     TCC   0   0   0   0   0   0 |     TAC   0   0   0   0   0   0 |     TGC   0   0   0   0   0   0
Leu TTA   0   0   0   0   0   0 |     TCA   0   0   0   0   0   0 | *** TAA   0   0   0   0   0   0 | *** TGA   0   0   0   0   0   0
    TTG   0   0   0   0   0   0 |     TCG   0   0   0   0   0   0 |     TAG   0   0   0   0   0   0 | Trp TGG   0   0   0   0   0   0
--------------------------------------------------------------------------------------------------------------------------------------
Leu CTT   0   0   0   0   0   0 | Pro CCT   0   0   0   0   0   0 | His CAT   0   0   0   0   0   0 | Arg CGT   0   0   0   0   0   0
    CTC   0   0   0   0   0   0 |     CCC   0   0   0   0   0   0 |     CAC   1   1   1   1   1   1 |     CGC   0   0   0   0   0   0
    CTA   0   0   0   0   0   0 |     CCA   0   0   0   0   0   0 | Gln CAA   0   0   0   0   0   0 |     CGA   0   0   0   0   0   0
    CTG   1   1   1   1   1   1 |     CCG   0   0   0   0   0   0 |     CAG   0   0   0   0   0   0 |     CGG   0   0   0   0   0   0
--------------------------------------------------------------------------------------------------------------------------------------
Ile ATT   0   0   0   0   0   0 | Thr ACT   0   0   0   0   1   1 | Asn AAT   0   0   0   0   0   0 | Ser AGT   1   1   1   1   1   1
    ATC   0   0   0   0   0   0 |     ACC   1   1   1   1   0   0 |     AAC   0   0   0   0   0   0 |     AGC   0   0   0   0   0   0
    ATA   0   0   0   0   0   0 |     ACA   0   0   0   0   0   0 | Lys AAA   0   0   0   0   0   0 | Arg AGA   0   0   0   0   0   0
Met ATG   0   0   0   0   0   0 |     ACG   0   0   0   0   0   0 |     AAG   0   0   0   0   0   0 |     AGG   0   0   0   0   0   0
--------------------------------------------------------------------------------------------------------------------------------------
Val GTT   0   0   0   0   0   0 | Ala GCT   0   0   0   0   0   0 | Asp GAT   0   0   0   0   0   0 | Gly GGT   1   1   1   1   1   1
    GTC   0   0   0   0   0   0 |     GCC   0   0   0   0   0   0 |     GAC   0   0   0   0   0   0 |     GGC   2   2   2   2   2   2
    GTA   0   0   0   0   0   0 |     GCA   1   1   1   2   1   1 | Glu GAA   0   0   0   0   0   0 |     GGA   0   0   0   0   0   0
    GTG   1   1   1   1   1   1 |     GCG   1   1   1   0   1   1 |     GAG   0   0   0   0   0   0 |     GGG   1   1   1   1   1   1
--------------------------------------------------------------------------------------------------------------------------------------

Codon position x base (3x4) table for each sequence.

#1: Argali         
position  1:    T:0.08333    C:0.16667    A:0.16667    G:0.58333
position  2:    T:0.25000    C:0.25000    A:0.08333    G:0.41667
position  3:    T:0.16667    C:0.41667    A:0.08333    G:0.33333
Average         T:0.16667    C:0.27778    A:0.11111    G:0.44444

#2: LesserMouseDeer
position  1:    T:0.08333    C:0.16667    A:0.16667    G:0.58333
position  2:    T:0.25000    C:0.25000    A:0.08333    G:0.41667
position  3:    T:0.25000    C:0.41667    A:0.16667    G:0.16667
Average         T:0.19444    C:0.27778    A:0.13889    G:0.38889

#3: LesserKudu     
position  1:    T:0.08333    C:0.16667    A:0.16667    G:0.58333
position  2:    T:0.25000    C:0.25000    A:0.08333    G:0.41667
position  3:    T:0.33333    C:0.25000    A:0.08333    G:0.33333
Average         T:0.22222    C:0.22222    A:0.11111    G:0.44444

#4: ForestMuskDeer2
position  1:    T:0.08333    C:0.16667    A:0.16667    G:0.58333
position  2:    T:0.25000    C:0.25000    A:0.08333    G:0.41667
position  3:    T:0.25000    C:0.16667    A:0.16667    G:0.41667
Average         T:0.19444    C:0.19444    A:0.13889    G:0.47222

#5: Camel          
position  1:    T:0.08333    C:0.16667    A:0.16667    G:0.58333
position  2:    T:0.25000    C:0.25000    A:0.08333    G:0.41667
position  3:    T:0.25000    C:0.25000    A:0.33333    G:0.16667
Average         T:0.19444    C:0.22222    A:0.19444    G:0.38889

#6: KillerWhale    
position  1:    T:0.08333    C:0.16667    A:0.16667    G:0.58333
position  2:    T:0.25000    C:0.25000    A:0.08333    G:0.41667
position  3:    T:0.16667    C:0.33333    A:0.08333    G:0.41667
Average         T:0.16667    C:0.25000    A:0.11111    G:0.47222

#7: DefassaWaterbuck
position  1:    T:0.08333    C:0.16667    A:0.16667    G:0.58333
position  2:    T:0.25000    C:0.25000    A:0.08333    G:0.41667
position  3:    T:0.16667    C:0.41667    A:0.16667    G:0.25000
Average         T:0.16667    C:0.27778    A:0.13889    G:0.41667

#8: Sheep          
position  1:    T:0.08333    C:0.16667    A:0.16667    G:0.58333
position  2:    T:0.25000    C:0.25000    A:0.08333    G:0.41667
position  3:    T:0.16667    C:0.41667    A:0.16667    G:0.25000
Average         T:0.16667    C:0.27778    A:0.13889    G:0.41667

#9: MaxwellsDuiker 
position  1:    T:0.08333    C:0.16667    A:0.16667    G:0.58333
position  2:    T:0.25000    C:0.25000    A:0.08333    G:0.41667
position  3:    T:0.16667    C:0.41667    A:0.16667    G:0.25000
Average         T:0.16667    C:0.27778    A:0.13889    G:0.41667

#10: GazellaPrzewalskyi
position  1:    T:0.08333    C:0.16667    A:0.16667    G:0.58333
position  2:    T:0.25000    C:0.25000    A:0.08333    G:0.41667
position  3:    T:0.16667    C:0.41667    A:0.16667    G:0.25000
Average         T:0.16667    C:0.27778    A:0.13889    G:0.41667

#11: MountainNyala  
position  1:    T:0.08333    C:0.16667    A:0.16667    G:0.58333
position  2:    T:0.25000    C:0.25000    A:0.08333    G:0.41667
position  3:    T:0.33333    C:0.25000    A:0.08333    G:0.33333
Average         T:0.22222    C:0.22222    A:0.11111    G:0.44444

#12: MuntiacusMuntjak
position  1:    T:0.08333    C:0.16667    A:0.16667    G:0.58333
position  2:    T:0.25000    C:0.25000    A:0.08333    G:0.41667
position  3:    T:0.16667    C:0.41667    A:0.08333    G:0.33333
Average         T:0.16667    C:0.27778    A:0.11111    G:0.44444

#13: goat           
position  1:    T:0.08333    C:0.16667    A:0.16667    G:0.58333
position  2:    T:0.25000    C:0.25000    A:0.08333    G:0.41667
position  3:    T:0.16667    C:0.41667    A:0.08333    G:0.33333
Average         T:0.16667    C:0.27778    A:0.11111    G:0.44444

#14: AfricanBuffalo 
position  1:    T:0.08333    C:0.16667    A:0.16667    G:0.58333
position  2:    T:0.25000    C:0.25000    A:0.08333    G:0.41667
position  3:    T:0.16667    C:0.41667    A:0.08333    G:0.33333
Average         T:0.16667    C:0.27778    A:0.11111    G:0.44444

#15: Topi           
position  1:    T:0.08333    C:0.16667    A:0.16667    G:0.58333
position  2:    T:0.25000    C:0.25000    A:0.08333    G:0.41667
position  3:    T:0.16667    C:0.41667    A:0.08333    G:0.33333
Average         T:0.16667    C:0.27778    A:0.11111    G:0.44444

#16: CommonDuiker   
position  1:    T:0.08333    C:0.16667    A:0.16667    G:0.58333
position  2:    T:0.25000    C:0.25000    A:0.08333    G:0.41667
position  3:    T:0.16667    C:0.41667    A:0.08333    G:0.33333
Average         T:0.16667    C:0.27778    A:0.11111    G:0.44444

#17: Suni           
position  1:    T:0.08333    C:0.16667    A:0.16667    G:0.58333
position  2:    T:0.25000    C:0.25000    A:0.08333    G:0.41667
position  3:    T:0.16667    C:0.41667    A:0.08333    G:0.33333
Average         T:0.16667    C:0.27778    A:0.11111    G:0.44444

#18: Springbuck     
position  1:    T:0.08333    C:0.16667    A:0.16667    G:0.58333
position  2:    T:0.25000    C:0.25000    A:0.08333    G:0.41667
position  3:    T:0.25000    C:0.33333    A:0.08333    G:0.33333
Average         T:0.19444    C:0.25000    A:0.11111    G:0.44444

#19: Okapi          
position  1:    T:0.08333    C:0.16667    A:0.16667    G:0.58333
position  2:    T:0.25000    C:0.25000    A:0.08333    G:0.41667
position  3:    T:0.25000    C:0.33333    A:0.16667    G:0.25000
Average         T:0.19444    C:0.25000    A:0.13889    G:0.41667

#20: Giraffe        
position  1:    T:0.08333    C:0.16667    A:0.16667    G:0.58333
position  2:    T:0.25000    C:0.25000    A:0.08333    G:0.41667
position  3:    T:0.25000    C:0.33333    A:0.16667    G:0.25000
Average         T:0.19444    C:0.25000    A:0.13889    G:0.41667

#21: TibetanAntelope
position  1:    T:0.08333    C:0.16667    A:0.16667    G:0.58333
position  2:    T:0.25000    C:0.25000    A:0.08333    G:0.41667
position  3:    T:0.25000    C:0.33333    A:0.08333    G:0.33333
Average         T:0.19444    C:0.25000    A:0.11111    G:0.44444

#22: Sitatunga      
position  1:    T:0.08333    C:0.16667    A:0.16667    G:0.58333
position  2:    T:0.25000    C:0.25000    A:0.08333    G:0.41667
position  3:    T:0.33333    C:0.25000    A:0.08333    G:0.33333
Average         T:0.22222    C:0.22222    A:0.11111    G:0.44444

#23: Oribi          
position  1:    T:0.08333    C:0.16667    A:0.16667    G:0.58333
position  2:    T:0.25000    C:0.25000    A:0.08333    G:0.41667
position  3:    T:0.25000    C:0.33333    A:0.08333    G:0.33333
Average         T:0.19444    C:0.25000    A:0.11111    G:0.44444

#24: BarbarySheep   
position  1:    T:0.08333    C:0.16667    A:0.16667    G:0.58333
position  2:    T:0.25000    C:0.25000    A:0.08333    G:0.41667
position  3:    T:0.16667    C:0.41667    A:0.08333    G:0.33333
Average         T:0.16667    C:0.27778    A:0.11111    G:0.44444

#25: Daviddeer      
position  1:    T:0.08333    C:0.16667    A:0.16667    G:0.58333
position  2:    T:0.25000    C:0.25000    A:0.08333    G:0.41667
position  3:    T:0.16667    C:0.41667    A:0.08333    G:0.33333
Average         T:0.16667    C:0.27778    A:0.11111    G:0.44444

#26: Reindeer       
position  1:    T:0.08333    C:0.16667    A:0.16667    G:0.58333
position  2:    T:0.25000    C:0.25000    A:0.08333    G:0.41667
position  3:    T:0.25000    C:0.33333    A:0.08333    G:0.33333
Average         T:0.19444    C:0.25000    A:0.11111    G:0.44444

#27: Ibex           
position  1:    T:0.08333    C:0.16667    A:0.16667    G:0.58333
position  2:    T:0.25000    C:0.25000    A:0.08333    G:0.41667
position  3:    T:0.16667    C:0.41667    A:0.08333    G:0.33333
Average         T:0.16667    C:0.27778    A:0.11111    G:0.44444

#28: GyrantGazelle  
position  1:    T:0.08333    C:0.16667    A:0.16667    G:0.58333
position  2:    T:0.25000    C:0.25000    A:0.08333    G:0.41667
position  3:    T:0.33333    C:0.25000    A:0.00000    G:0.41667
Average         T:0.22222    C:0.22222    A:0.08333    G:0.47222

#29: Hartebeest     
position  1:    T:0.08333    C:0.16667    A:0.16667    G:0.58333
position  2:    T:0.25000    C:0.25000    A:0.08333    G:0.41667
position  3:    T:0.25000    C:0.33333    A:0.08333    G:0.33333
Average         T:0.19444    C:0.25000    A:0.11111    G:0.44444

#30: Bongo          
position  1:    T:0.08333    C:0.16667    A:0.16667    G:0.58333
position  2:    T:0.25000    C:0.25000    A:0.08333    G:0.41667
position  3:    T:0.33333    C:0.25000    A:0.08333    G:0.33333
Average         T:0.22222    C:0.22222    A:0.11111    G:0.44444

#31: Gerenuk        
position  1:    T:0.08333    C:0.16667    A:0.16667    G:0.58333
position  2:    T:0.25000    C:0.25000    A:0.08333    G:0.41667
position  3:    T:0.25000    C:0.33333    A:0.08333    G:0.33333
Average         T:0.19444    C:0.25000    A:0.11111    G:0.44444

#32: CommonEland    
position  1:    T:0.08333    C:0.16667    A:0.16667    G:0.58333
position  2:    T:0.25000    C:0.25000    A:0.08333    G:0.41667
position  3:    T:0.33333    C:0.25000    A:0.16667    G:0.25000
Average         T:0.22222    C:0.22222    A:0.13889    G:0.41667

#33: MuntiacusReevesi
position  1:    T:0.08333    C:0.16667    A:0.16667    G:0.58333
position  2:    T:0.25000    C:0.25000    A:0.08333    G:0.41667
position  3:    T:0.16667    C:0.41667    A:0.08333    G:0.33333
Average         T:0.16667    C:0.27778    A:0.11111    G:0.44444

#34: HarveysDuiker  
position  1:    T:0.08333    C:0.16667    A:0.16667    G:0.58333
position  2:    T:0.25000    C:0.25000    A:0.08333    G:0.41667
position  3:    T:0.16667    C:0.41667    A:0.08333    G:0.33333
Average         T:0.16667    C:0.27778    A:0.11111    G:0.44444

#35: Pronghorn      
position  1:    T:0.08333    C:0.16667    A:0.16667    G:0.58333
position  2:    T:0.25000    C:0.25000    A:0.08333    G:0.41667
position  3:    T:0.25000    C:0.33333    A:0.16667    G:0.25000
Average         T:0.19444    C:0.25000    A:0.13889    G:0.41667

#36: BlueWildebeest 
position  1:    T:0.08333    C:0.16667    A:0.16667    G:0.58333
position  2:    T:0.25000    C:0.25000    A:0.08333    G:0.41667
position  3:    T:0.16667    C:0.41667    A:0.08333    G:0.33333
Average         T:0.16667    C:0.27778    A:0.11111    G:0.44444

#37: Gemsbok        
position  1:    T:0.08333    C:0.16667    A:0.16667    G:0.58333
position  2:    T:0.25000    C:0.25000    A:0.08333    G:0.41667
position  3:    T:0.16667    C:0.41667    A:0.08333    G:0.33333
Average         T:0.16667    C:0.27778    A:0.11111    G:0.44444

#38: Yak            
position  1:    T:0.08333    C:0.16667    A:0.16667    G:0.58333
position  2:    T:0.25000    C:0.25000    A:0.08333    G:0.41667
position  3:    T:0.16667    C:0.41667    A:0.08333    G:0.33333
Average         T:0.16667    C:0.27778    A:0.11111    G:0.44444

#39: BlueSheep      
position  1:    T:0.08333    C:0.16667    A:0.16667    G:0.58333
position  2:    T:0.25000    C:0.25000    A:0.08333    G:0.41667
position  3:    T:0.16667    C:0.41667    A:0.08333    G:0.33333
Average         T:0.16667    C:0.27778    A:0.11111    G:0.44444

#40: BohorReedbuck  
position  1:    T:0.08333    C:0.16667    A:0.16667    G:0.58333
position  2:    T:0.25000    C:0.25000    A:0.08333    G:0.41667
position  3:    T:0.16667    C:0.41667    A:0.08333    G:0.33333
Average         T:0.16667    C:0.27778    A:0.11111    G:0.44444

#41: KirksDik       
position  1:    T:0.08333    C:0.16667    A:0.16667    G:0.58333
position  2:    T:0.25000    C:0.25000    A:0.08333    G:0.41667
position  3:    T:0.25000    C:0.33333    A:0.08333    G:0.33333
Average         T:0.19444    C:0.25000    A:0.11111    G:0.44444

#42: RoeDeer        
position  1:    T:0.08333    C:0.16667    A:0.16667    G:0.58333
position  2:    T:0.25000    C:0.25000    A:0.08333    G:0.41667
position  3:    T:0.16667    C:0.41667    A:0.08333    G:0.33333
Average         T:0.16667    C:0.27778    A:0.11111    G:0.44444

#43: WhiteLippedDeer
position  1:    T:0.08333    C:0.16667    A:0.16667    G:0.58333
position  2:    T:0.25000    C:0.25000    A:0.08333    G:0.41667
position  3:    T:0.16667    C:0.41667    A:0.08333    G:0.33333
Average         T:0.16667    C:0.27778    A:0.11111    G:0.44444

#44: ThomsonGazelle 
position  1:    T:0.08333    C:0.16667    A:0.16667    G:0.58333
position  2:    T:0.25000    C:0.25000    A:0.08333    G:0.41667
position  3:    T:0.33333    C:0.25000    A:0.08333    G:0.33333
Average         T:0.22222    C:0.22222    A:0.11111    G:0.44444

#45: MuntiacusCrinifrons
position  1:    T:0.08333    C:0.16667    A:0.16667    G:0.58333
position  2:    T:0.25000    C:0.25000    A:0.08333    G:0.41667
position  3:    T:0.16667    C:0.41667    A:0.08333    G:0.33333
Average         T:0.16667    C:0.27778    A:0.11111    G:0.44444

#46: WhiteTailedDeer
position  1:    T:0.08333    C:0.16667    A:0.16667    G:0.58333
position  2:    T:0.25000    C:0.25000    A:0.08333    G:0.41667
position  3:    T:0.25000    C:0.33333    A:0.08333    G:0.33333
Average         T:0.19444    C:0.25000    A:0.11111    G:0.44444

#47: Cattle         
position  1:    T:0.08333    C:0.16667    A:0.16667    G:0.58333
position  2:    T:0.25000    C:0.25000    A:0.08333    G:0.41667
position  3:    T:0.16667    C:0.41667    A:0.08333    G:0.33333
Average         T:0.16667    C:0.27778    A:0.11111    G:0.44444

#48: RoyalAntelope  
position  1:    T:0.08333    C:0.16667    A:0.16667    G:0.58333
position  2:    T:0.25000    C:0.25000    A:0.08333    G:0.41667
position  3:    T:0.25000    C:0.33333    A:0.16667    G:0.25000
Average         T:0.19444    C:0.25000    A:0.13889    G:0.41667

#49: Steenbok       
position  1:    T:0.08333    C:0.16667    A:0.16667    G:0.58333
position  2:    T:0.25000    C:0.25000    A:0.08333    G:0.41667
position  3:    T:0.16667    C:0.41667    A:0.08333    G:0.33333
Average         T:0.16667    C:0.27778    A:0.11111    G:0.44444

#50: Impala         
position  1:    T:0.08333    C:0.16667    A:0.16667    G:0.58333
position  2:    T:0.25000    C:0.25000    A:0.08333    G:0.41667
position  3:    T:0.16667    C:0.41667    A:0.08333    G:0.33333
Average         T:0.16667    C:0.27778    A:0.11111    G:0.44444

#51: Klipspringer   
position  1:    T:0.08333    C:0.16667    A:0.16667    G:0.58333
position  2:    T:0.25000    C:0.25000    A:0.08333    G:0.41667
