1
52 1
Argali 0.000000 0.716200 0.149300 0.589600 0.144800 0.026600 0.080700 0.144300 0.104400 0.149400 0.043600 0.118900 0.053800 0.072000 0.128000 0.092100 0.202000 0.218700 0.062700 0.124600 0.100900 0.035000 0.168000 0.161700 0.043600 0.109300 0.062600 0.115200 0.110200 0.152000 0.166800 0.063300 0.200000 0.062600 0.054300 0.122400 0.035000 0.150600 0.090500 0.130200 0.158100 0.100700 0.158300 0.170000 0.122200 0.100700 0.098600 0.080000 0.072100 0.202600 0.126900 0.124200
LesserMous 0.716200 0.000000 0.712800 0.527900 0.745200 0.718700 0.699700 0.767700 0.701100 0.679400 0.742100 0.730300 0.693800 0.705600 0.761600 0.728500 0.748500 0.793500 0.698000 0.701300 0.735400 0.728900 0.666900 0.693700 0.742100 0.747100 0.706300 0.685400 0.780200 0.694400 0.703900 0.693400 0.781600 0.706300 0.661700 0.692100 0.728900 0.807700 0.732200 0.670600 0.690300 0.737800 0.693900 0.702800 0.689200 0.779700 0.767300 0.727000 0.716200 0.701000 0.726600 0.695700
LesserKudu 0.149300 0.712800 0.000000 0.601600 0.214700 0.169900 0.167800 0.234400 0.064300 0.158900 0.157600 0.090000 0.139700 0.159100 0.156900 0.182200 0.211600 0.228200 0.138100 0.064400 0.191000 0.148800 0.177500 0.171400 0.137900 0.199000 0.148700 0.055300 0.189600 0.072200 0.175300 0.150400 0.241000 0.148700 0.121100 0.092400 0.148800 0.220800 0.199900 0.180700 0.167700 0.190400 0.167900 0.179800 0.092300 0.169500 0.207400 0.099600 0.148600 0.129800 0.065800 0.063300
KillerWhal 0.589600 0.527900 0.601600 0.000000 0.634300 0.590600 0.531200 0.621500 0.584900 0.537700 0.547100 0.588300 0.544100 0.519000 0.562900 0.603800 0.556000 0.628400 0.556000 0.585300 0.613700 0.570600 0.526900 0.530200 0.581900 0.605800 0.555300 0.571900 0.635200 0.584100 0.559100 0.508900 0.660100 0.555300 0.529500 0.539200 0.570600 0.612700 0.624000 0.543700 0.548200 0.596600 0.515100 0.539100 0.536500 0.564000 0.655300 0.601800 0.519900 0.541100 0.601600 0.581600
DefassaWat 0.144800 0.745200 0.214700 0.634300 0.000000 0.155200 0.115200 0.177300 0.170800 0.164800 0.152900 0.192600 0.126100 0.125400 0.162500 0.146000 0.237200 0.252300 0.144200 0.191600 0.135900 0.144400 0.203500 0.156600 0.152900 0.142800 0.134800 0.182300 0.174300 0.218700 0.182000 0.116900 0.245000 0.134800 0.108200 0.158200 0.144400 0.049600 0.144100 0.165800 0.193500 0.134500 0.173700 0.175400 0.157100 0.154100 0.170400 0.153500 0.115400 0.238000 0.195000 0.190900
Sheep 0.026600 0.718700 0.169900 0.590600 0.155200 0.000000 0.090400 0.154600 0.124900 0.160200 0.071600 0.129100 0.063300 0.081800 0.138300 0.102300 0.213700 0.230400 0.062700 0.145600 0.111100 0.062900 0.178900 0.172800 0.071600 0.119500 0.072200 0.136000 0.110300 0.173100 0.177600 0.073000 0.221600 0.072200 0.063900 0.133100 0.062900 0.171400 0.100400 0.140700 0.168900 0.110800 0.169100 0.181200 0.132800 0.110800 0.108500 0.109600 0.091200 0.214200 0.148200 0.145000
MaxwellsDu 0.080700 0.699700 0.167800 0.531200 0.115200 0.090400 0.000000 0.114600 0.123300 0.100200 0.089200 0.147200 0.062600 0.026300 0.117500 0.081900 0.189400 0.185700 0.080500 0.143600 0.090600 0.080500 0.118300 0.091800 0.089200 0.080300 0.071300 0.134300 0.109100 0.150800 0.117500 0.017600 0.218100 0.071300 0.044800 0.131300 0.080500 0.094900 0.099200 0.081600 0.108900 0.090300 0.109000 0.100400 0.131000 0.090300 0.126400 0.108300 0.053100 0.169800 0.146200 0.123100
GazellaPrz 0.144300 0.767700 0.234400 0.621500 0.177300 0.154600 0.114600 0.000000 0.190600 0.174000 0.132900 0.171400 0.106500 0.124800 0.132600 0.069400 0.225400 0.219800 0.143600 0.211800 0.078800 0.124400 0.192100 0.166000 0.132900 0.068500 0.096400 0.202400 0.078300 0.217400 0.190900 0.116400 0.212900 0.115000 0.107700 0.177100 0.124400 0.194000 0.087300 0.155000 0.182400 0.060200 0.182600 0.174100 0.175900 0.144000 0.094700 0.172200 0.096200 0.195600 0.215600 0.211000
MountainNy 0.104400 0.701100 0.064300 0.584900 0.170800 0.124900 0.123300 0.190600 0.000000 0.134400 0.133500 0.103500 0.094900 0.114300 0.132900 0.136700 0.187700 0.204900 0.113600 0.018300 0.145800 0.124400 0.153400 0.146800 0.133500 0.154300 0.104100 0.009200 0.144700 0.046300 0.151500 0.105300 0.217800 0.104100 0.075900 0.086400 0.124400 0.177600 0.155000 0.156300 0.143400 0.145400 0.143500 0.155500 0.086200 0.145300 0.163000 0.093700 0.104000 0.166800 0.019100 0.018500
MuntiacusM 0.149400 0.679400 0.158900 0.537700 0.164800 0.160200 0.100200 0.174000 0.134400 0.000000 0.157800 0.158500 0.110500 0.110500 0.147600 0.172500 0.139100 0.145800 0.169300 0.134400 0.181300 0.148900 0.035100 0.045000 0.157800 0.169000 0.119400 0.125100 0.180000 0.141700 0.017300 0.101800 0.167700 0.119400 0.092400 0.122500 0.148900 0.161900 0.190100 0.053900 0.026300 0.180700 0.008700 0.053700 0.122300 0.170800 0.197700 0.138400 0.139600 0.120100 0.136800 0.134000
goat 0.043600 0.742100 0.157600 0.547100 0.152900 0.071600 0.089200 0.132900 0.133500 0.157800 0.000000 0.127100 0.062400 0.080600 0.097900 0.100700 0.168500 0.205400 0.052900 0.154000 0.109400 0.008400 0.176100 0.149600 0.016900 0.117700 0.071100 0.144600 0.099400 0.160500 0.175000 0.071600 0.187000 0.071100 0.081800 0.130900 0.008400 0.158600 0.098900 0.118900 0.166400 0.109200 0.166600 0.157900 0.130700 0.080800 0.126000 0.107100 0.080600 0.168600 0.156800 0.153500
AfricanBuf 0.118900 0.730300 0.090000 0.588300 0.192600 0.129100 0.147200 0.171400 0.103500 0.158500 0.127100 0.000000 0.119600 0.138500 0.127100 0.139800 0.211200 0.205600 0.137900 0.103600 0.149300 0.118400 0.177000 0.171000 0.108100 0.136700 0.128400 0.094300 0.168700 0.091500 0.175800 0.129900 0.219300 0.128400 0.120700 0.054300 0.118400 0.209600 0.138000 0.139300 0.167200 0.128300 0.167400 0.179300 0.053900 0.148000 0.125600 0.108500 0.126500 0.149100 0.105400 0.103200
Topi 0.053800 0.693800 0.139700 0.544100 0.126100 0.063300 0.062600 0.106500 0.094900 0.110500 0.062400 0.119600 0.000000 0.053800 0.090100 0.073400 0.160800 0.177600 0.072200 0.114900 0.082300 0.053600 0.128700 0.121900 0.062400 0.090700 0.008600 0.105500 0.081700 0.142400 0.127900 0.045100 0.190000 0.008600 0.035900 0.103200 0.053600 0.142500 0.091100 0.111200 0.119200 0.082100 0.119300 0.130400 0.103000 0.072700 0.099300 0.081100 0.063000 0.161300 0.117000 0.114500
CommonDuik 0.072000 0.705600 0.159100 0.519000 0.125400 0.081800 0.026300 0.124800 0.114300 0.110500 0.080600 0.138500 0.053800 0.000000 0.108700 0.073000 0.180500 0.177000 0.071800 0.134600 0.081800 0.071800 0.109400 0.102000 0.080600 0.071600 0.062600 0.125200 0.100300 0.141900 0.127800 0.008800 0.209800 0.062700 0.054400 0.122400 0.071800 0.123000 0.090600 0.091700 0.119200 0.081600 0.119300 0.110600 0.122200 0.081600 0.117800 0.099600 0.062700 0.160900 0.137100 0.134200
Suni 0.128000 0.761600 0.156900 0.562900 0.162500 0.138300 0.117500 0.132600 0.132900 0.147600 0.097900 0.127100 0.090100 0.108700 0.000000 0.100600 0.177900 0.184500 0.108200 0.153300 0.109300 0.089300 0.165800 0.139400 0.097900 0.117500 0.080100 0.143900 0.108500 0.149900 0.164700 0.100100 0.228100 0.098900 0.110400 0.120700 0.089300 0.178700 0.117900 0.128600 0.156200 0.108900 0.156400 0.147800 0.120400 0.109100 0.145300 0.116800 0.118100 0.158100 0.156000 0.152800
Springbuck 0.092100 0.728500 0.182200 0.603800 0.146000 0.102300 0.081900 0.069400 0.136700 0.172500 0.100700 0.139800 0.073400 0.073000 0.100600 0.000000 0.204600 0.199100 0.091800 0.157800 0.026900 0.091900 0.191400 0.164200 0.100700 0.035400 0.063400 0.148200 0.026700 0.164500 0.190100 0.064200 0.213100 0.082400 0.074200 0.144700 0.091900 0.163100 0.035700 0.152700 0.181400 0.026100 0.181500 0.172800 0.143700 0.091500 0.062200 0.120500 0.082000 0.205400 0.160700 0.157200
Okapi 0.202000 0.748500 0.211600 0.556000 0.237200 0.213700 0.189400 0.225400 0.187700 0.139100 0.168500 0.211200 0.160800 0.180500 0.177900 0.204600 0.000000 0.060800 0.201100 0.166200 0.213600 0.180000 0.157300 0.130800 0.188900 0.221500 0.169800 0.178200 0.211900 0.215700 0.156400 0.171900 0.199300 0.169800 0.162400 0.195600 0.180000 0.232000 0.222700 0.140000 0.147700 0.213000 0.147900 0.139200 0.195200 0.150600 0.252200 0.189400 0.170000 0.170300 0.191300 0.187200
Giraffe 0.218700 0.793500 0.228200 0.628400 0.252300 0.230400 0.185700 0.219800 0.204900 0.145800 0.205400 0.205600 0.177600 0.177000 0.184500 0.199100 0.060800 0.000000 0.217700 0.183400 0.209000 0.196700 0.163800 0.137700 0.205400 0.195300 0.186500 0.195600 0.207500 0.190100 0.162800 0.168400 0.205100 0.186500 0.179400 0.212800 0.196700 0.248200 0.217900 0.146700 0.154200 0.207400 0.154400 0.145900 0.211200 0.166700 0.245600 0.206200 0.185900 0.176600 0.208800 0.204300
TibetanAnt 0.062700 0.698000 0.138100 0.556000 0.144200 0.062700 0.080500 0.143600 0.113600 0.169300 0.052900 0.137900 0.072200 0.071800 0.108200 0.091800 0.201100 0.217700 0.000000 0.133800 0.100600 0.044200 0.188000 0.161200 0.052900 0.108900 0.081000 0.124500 0.080800 0.120900 0.186700 0.063100 0.208700 0.081000 0.072900 0.121800 0.044200 0.151100 0.109300 0.149900 0.178100 0.100300 0.178300 0.169600 0.121600 0.081200 0.136700 0.109000 0.062300 0.180600 0.136200 0.133400
Sitatunga 0.124600 0.701300 0.064400 0.585300 0.191600 0.145600 0.143600 0.211800 0.018300 0.134400 0.154000 0.103600 0.114900 0.134600 0.153300 0.157800 0.166200 0.183400 0.133800 0.000000 0.166900 0.144900 0.153500 0.146800 0.154000 0.175300 0.124100 0.009200 0.165600 0.046300 0.151500 0.125600 0.218200 0.124100 0.095700 0.086500 0.144900 0.198200 0.176200 0.156400 0.143400 0.166500 0.143600 0.155500 0.086300 0.166300 0.184000 0.113400 0.124100 0.166900 0.019200 0.018700
Oribi 0.100900 0.735400 0.191000 0.613700 0.135900 0.111100 0.090600 0.078800 0.145800 0.181300 0.109400 0.149300 0.082300 0.081800 0.109300 0.026900 0.213600 0.209000 0.100600 0.166900 0.000000 0.100600 0.200200 0.173100 0.109400 0.044300 0.072200 0.157400 0.053700 0.173500 0.198900 0.073100 0.221900 0.091200 0.083100 0.153800 0.100600 0.152300 0.044400 0.161500 0.190200 0.035600 0.190300 0.161100 0.153500 0.110900 0.052900 0.129300 0.091200 0.193200 0.170000 0.166300
BarbaryShe 0.035000 0.728900 0.148800 0.570600 0.144400 0.062900 0.080500 0.124400 0.124400 0.148900 0.008400 0.118400 0.053600 0.071800 0.089300 0.091900 0.180000 0.196700 0.044200 0.144900 0.100600 0.000000 0.167300 0.140700 0.008500 0.109000 0.062400 0.135500 0.090600 0.151600 0.166200 0.062900 0.178300 0.062400 0.072900 0.122000 0.000000 0.150200 0.090200 0.110100 0.157600 0.100400 0.157800 0.149100 0.121800 0.072100 0.117400 0.098500 0.071900 0.159800 0.147500 0.144400
Daviddeer 0.168000 0.666900 0.177500 0.526900 0.203500 0.178900 0.118300 0.192100 0.153400 0.035100 0.176100 0.177000 0.128700 0.109400 0.165800 0.191400 0.157300 0.163800 0.188000 0.153500 0.200200 0.167300 0.000000 0.063000 0.176100 0.187800 0.137600 0.144200 0.198700 0.160500 0.052200 0.120100 0.166200 0.137500 0.110600 0.161400 0.167300 0.199700 0.209200 0.071800 0.026000 0.199800 0.043700 0.071400 0.161100 0.189500 0.216500 0.156600 0.158000 0.118700 0.156300 0.153000
Reindeer 0.161700 0.693700 0.171400 0.530200 0.156600 0.172800 0.091800 0.166000 0.146800 0.045000 0.149600 0.171000 0.121900 0.102000 0.139400 0.164200 0.130800 0.137700 0.161200 0.146800 0.173100 0.140700 0.063000 0.000000 0.149600 0.140300 0.130900 0.137300 0.171800 0.154000 0.062500 0.093200 0.159200 0.130900 0.103400 0.155000 0.140700 0.153600 0.161000 0.026800 0.053800 0.151600 0.053800 0.026800 0.154700 0.162600 0.211000 0.150300 0.131300 0.111700 0.149500 0.146400
Ibex 0.043600 0.742100 0.137900 0.581900 0.152900 0.071600 0.089200 0.132900 0.133500 0.157800 0.016900 0.108100 0.062400 0.080600 0.097900 0.100700 0.188900 0.205400 0.052900 0.154000 0.109400 0.008500 0.176100 0.149600 0.000000 0.117700 0.071100 0.144600 0.099400 0.160500 0.175000 0.071600 0.187000 0.071100 0.081800 0.130900 0.008400 0.158600 0.098900 0.118900 0.166400 0.109200 0.166600 0.157900 0.130700 0.080800 0.126000 0.088600 0.080600 0.168600 0.156800 0.153500
GyrantGaze 0.109300 0.747100 0.199000 0.605800 0.142800 0.119500 0.080300 0.068500 0.154300 0.169000 0.117700 0.136700 0.090700 0.071600 0.117500 0.035400 0.221500 0.195300 0.108900 0.175300 0.044300 0.109000 0.187800 0.140300 0.117700 0.000000 0.080600 0.165800 0.062200 0.161100 0.186300 0.062900 0.187400 0.099500 0.091600 0.141400 0.109000 0.159700 0.034900 0.149600 0.177700 0.008600 0.177900 0.169200 0.140400 0.118600 0.059400 0.137400 0.080200 0.180000 0.178500 0.174700
Hartebeest 0.062600 0.706300 0.148700 0.555300 0.134800 0.072200 0.071300 0.096400 0.104100 0.119400 0.071100 0.128400 0.008600 0.062600 0.080100 0.063400 0.169800 0.186500 0.081000 0.124100 0.072200 0.062400 0.137600 0.130900 0.071100 0.080600 0.000000 0.114800 0.071700 0.151500 0.136700 0.054000 0.198900 0.017100 0.044400 0.112200 0.062400 0.151100 0.080900 0.120200 0.128100 0.072000 0.128200 0.139400 0.112000 0.081600 0.089100 0.089900 0.071800 0.170300 0.126400 0.123700
Bongo 0.115200 0.685400 0.055300 0.571900 0.182300 0.136000 0.134300 0.202400 0.009200 0.125100 0.144600 0.094300 0.105500 0.125200 0.143900 0.148200 0.178200 0.195600 0.124500 0.009200 0.157400 0.135500 0.144200 0.137300 0.144600 0.165800 0.114800 0.000000 0.156100 0.037100 0.142300 0.116200 0.208500 0.114800 0.086300 0.077000 0.135500 0.188900 0.166600 0.146900 0.134100 0.156900 0.134300 0.146100 0.076900 0.156800 0.174500 0.104200 0.114700 0.157300 0.009600 0.009200
Gerenuk 0.110200 0.780200 0.189600 0.635200 0.174300 0.110300 0.109100 0.078300 0.144700 0.180000 0.099400 0.168700 0.081700 0.100300 0.108500 0.026700 0.211900 0.207500 0.080800 0.165600 0.053700 0.090600 0.198700 0.171800 0.099400 0.062200 0.071700 0.156100 0.000000 0.172100 0.197400 0.091700 0.199000 0.090500 0.101900 0.173700 0.090600 0.181000 0.062400 0.160400 0.188700 0.053600 0.188900 0.180200 0.173300 0.110000 0.089200 0.138700 0.090600 0.212700 0.168600 0.165000
CommonElan 0.152000 0.694400 0.072200 0.584100 0.218700 0.173100 0.150800 0.217400 0.046300 0.141700 0.160500 0.091500 0.142400 0.141900 0.149900 0.164500 0.215700 0.190100 0.120900 0.046300 0.173500 0.151600 0.160500 0.154000 0.160500 0.161100 0.151500 0.037100 0.172100 0.000000 0.158500 0.133000 0.245600 0.151500 0.123400 0.094200 0.151600 0.224900 0.182400 0.163500 0.150600 0.172900 0.150800 0.162700 0.094000 0.172700 0.190100 0.140600 0.151400 0.152700 0.047400 0.045700
MuntiacusR 0.166800 0.703900 0.175300 0.559100 0.182000 0.177600 0.117500 0.190900 0.151500 0.017300 0.175000 0.175800 0.127900 0.127800 0.164700 0.190100 0.156400 0.162800 0.186700 0.151500 0.198900 0.166200 0.052200 0.062500 0.175000 0.186300 0.136700 0.142300 0.197400 0.158500 0.000000 0.119300 0.184900 0.136700 0.109900 0.140200 0.166200 0.178700 0.207500 0.071300 0.043400 0.198200 0.025900 0.071000 0.139900 0.188300 0.215000 0.155600 0.157000 0.137500 0.155000 0.151100
HarveysDui 0.063300 0.693400 0.150400 0.508900 0.116900 0.073000 0.017600 0.116400 0.105300 0.101800 0.071600 0.129900 0.045100 0.008800 0.100100 0.064200 0.171900 0.168400 0.063100 0.125600 0.073100 0.062900 0.120100 0.093200 0.071600 0.062900 0.054000 0.116200 0.091700 0.133000 0.119300 0.000000 0.201100 0.054000 0.045500 0.113500 0.062900 0.114700 0.081900 0.083000 0.110600 0.072900 0.110700 0.101900 0.113300 0.072900 0.109200 0.091000 0.054000 0.152100 0.127900 0.125200
Pronghorn 0.200000 0.781600 0.241000 0.660100 0.245000 0.221600 0.218100 0.212900 0.217800 0.167700 0.187000 0.219300 0.190000 0.209800 0.228100 0.213100 0.199300 0.205100 0.208700 0.218200 0.221900 0.178300 0.166200 0.159200 0.187000 0.187400 0.198900 0.208500 0.199000 0.245600 0.184900 0.201100 0.000000 0.198900 0.191700 0.226100 0.178300 0.250700 0.188400 0.168500 0.176200 0.178900 0.176500 0.187900 0.225600 0.232600 0.216800 0.230400 0.178100 0.178800 0.220800 0.217200
BlueWildeb 0.062600 0.706300 0.148700 0.555300 0.134800 0.072200 0.071300 0.115000 0.104100 0.119400 0.071100 0.128400 0.008600 0.062700 0.098900 0.082400 0.169800 0.186500 0.081000 0.124100 0.091200 0.062400 0.137500 0.130900 0.071100 0.099500 0.017100 0.114800 0.090500 0.151500 0.136700 0.054000 0.198900 0.000000 0.044800 0.112200 0.062400 0.151100 0.099900 0.120200 0.128100 0.090900 0.128200 0.139400 0.112000 0.081600 0.108000 0.089900 0.071800 0.170300 0.126400 0.123700
Gemsbok 0.054300 0.661700 0.121100 0.529500 0.108200 0.063900 0.044800 0.107700 0.075900 0.092400 0.081800 0.120700 0.035900 0.054400 0.110400 0.074200 0.162400 0.179400 0.072900 0.095700 0.083100 0.072900 0.110600 0.103400 0.081800 0.091600 0.044400 0.086300 0.101900 0.123400 0.109900 0.045500 0.191700 0.044800 0.000000 0.104200 0.072900 0.124800 0.091900 0.112700 0.101200 0.082800 0.101300 0.112100 0.104000 0.082800 0.100200 0.081900 0.045100 0.163000 0.097500 0.095400
Yak 0.122400 0.692100 0.092400 0.539200 0.158200 0.133100 0.131300 0.177100 0.086400 0.122500 0.130900 0.054300 0.103200 0.122400 0.120700 0.144700 0.195600 0.212800 0.121800 0.086500 0.153800 0.122000 0.161400 0.155000 0.130900 0.141400 0.112200 0.077000 0.173700 0.094200 0.140200 0.113500 0.226100 0.112200 0.104200 0.000000 0.122000 0.174600 0.162900 0.143600 0.151400 0.132700 0.131600 0.163500 0.000000 0.132600 0.150100 0.111400 0.112200 0.133000 0.088100 0.086200
BlueSheep 0.035000 0.728900 0.148800 0.570600 0.144400 0.062900 0.080500 0.124400 0.124400 0.148900 0.008400 0.118400 0.053600 0.071800 0.089300 0.091900 0.180000 0.196700 0.044200 0.144900 0.100600 0.000000 0.167300 0.140700 0.008400 0.109000 0.062400 0.135500 0.090600 0.151600 0.166200 0.062900 0.178300 0.062400 0.072900 0.122000 0.000000 0.150200 0.090200 0.110100 0.157600 0.100400 0.157800 0.149100 0.121800 0.072100 0.117400 0.098500 0.071900 0.159800 0.147500 0.144400
BohorReedb 0.150600 0.807700 0.220800 0.612700 0.049600 0.171400 0.094900 0.194000 0.177600 0.161900 0.158600 0.209600 0.142500 0.123000 0.178700 0.163100 0.232000 0.248200 0.151100 0.198200 0.152300 0.150200 0.199700 0.153600 0.158600 0.159700 0.151100 0.188900 0.181000 0.224900 0.178700 0.114700 0.250700 0.151100 0.124800 0.174600 0.150200 0.000000 0.160400 0.162600 0.189900 0.151500 0.170500 0.181600 0.174300 0.171200 0.187300 0.159200 0.104600 0.254000 0.201600 0.177200
KirksDik 0.090500 0.732200 0.199900 0.624000 0.144100 0.100400 0.099200 0.087300 0.155000 0.190100 0.098900 0.138000 0.091100 0.090600 0.117900 0.035700 0.222700 0.217900 0.109300 0.176200 0.044400 0.090200 0.209200 0.161000 0.098900 0.034900 0.080900 0.166600 0.062400 0.182400 0.207500 0.081900 0.188400 0.099900 0.091900 0.162900 0.090200 0.160400 0.000000 0.149800 0.198800 0.026300 0.199100 0.190300 0.162600 0.119700 0.061400 0.138000 0.100000 0.223400 0.179400 0.175500
RoeDeer 0.130200 0.670600 0.180700 0.543700 0.165800 0.140700 0.081600 0.155000 0.156300 0.053900 0.118900 0.139300 0.111200 0.091700 0.128600 0.152700 0.140000 0.146700 0.149900 0.156400 0.161500 0.110100 0.071800 0.026800 0.118900 0.149600 0.120200 0.146900 0.160400 0.163500 0.071300 0.083000 0.168500 0.120200 0.112700 0.143600 0.110100 0.162600 0.149800 0.000000 0.062700 0.161100 0.062700 0.035700 0.143400 0.151300 0.178100 0.139300 0.120600 0.120900 0.159300 0.155900
WhiteLippe 0.158100 0.690300 0.167700 0.548200 0.193500 0.168900 0.108900 0.182400 0.143400 0.026300 0.166400 0.167200 0.119200 0.119200 0.156200 0.181400 0.147700 0.154200 0.178100 0.143400 0.190200 0.157600 0.026000 0.053800 0.166400 0.177700 0.128100 0.134100 0.188700 0.150600 0.043400 0.110600 0.176200 0.128100 0.101200 0.151400 0.157600 0.189900 0.198800 0.062700 0.000000 0.189500 0.034900 0.062400 0.151100 0.179600 0.206400 0.147000 0.148300 0.128800 0.146000 0.143000
ThomsonGaz 0.100700 0.737800 0.190400 0.596600 0.134500 0.110800 0.090300 0.060200 0.145400 0.180700 0.109200 0.128300 0.082100 0.081600 0.108900 0.026100 0.213000 0.207400 0.100300 0.166500 0.035600 0.100400 0.199800 0.151600 0.109200 0.008600 0.072000 0.156900 0.053600 0.172900 0.198200 0.072900 0.178900 0.090900 0.082800 0.132700 0.100400 0.151500 0.026300 0.161100 0.189500 0.000000 0.189700 0.180900 0.131800 0.110000 0.052400 0.128900 0.071700 0.192000 0.169500 0.165800
MuntiacusC 0.158300 0.693900 0.167900 0.515100 0.173700 0.169100 0.109000 0.182600 0.143500 0.008700 0.166600 0.167400 0.119300 0.119300 0.156400 0.181500 0.147900 0.154400 0.178300 0.143600 0.190300 0.157800 0.043700 0.053800 0.166600 0.177900 0.128200 0.134300 0.188900 0.150800 0.025900 0.110700 0.176500 0.128200 0.101300 0.131600 0.157800 0.170500 0.199100 0.062700 0.034900 0.189700 0.000000 0.062500 0.131300 0.179900 0.206600 0.147200 0.148500 0.129000 0.146100 0.143200
WhiteTaile 0.170000 0.702800 0.179800 0.539100 0.175400 0.181200 0.100400 0.174100 0.155500 0.053700 0.157900 0.179300 0.130400 0.110600 0.147800 0.172800 0.139200 0.145900 0.169600 0.155500 0.161100 0.149100 0.071400 0.026800 0.157900 0.169200 0.139400 0.146100 0.180200 0.162700 0.071000 0.101900 0.187900 0.139400 0.112100 0.163500 0.149100 0.181600 0.190300 0.035700 0.062400 0.180900 0.062500 0.000000 0.163200 0.171100 0.198400 0.158700 0.139800 0.100900 0.158400 0.155100
Cattle 0.122200 0.689200 0.092300 0.536500 0.157100 0.132800 0.131000 0.175900 0.086200 0.122300 0.130700 0.053900 0.103000 0.122200 0.120400 0.143700 0.195200 0.211200 0.121600 0.086300 0.153500 0.121800 0.161100 0.154700 0.130700 0.140400 0.112000 0.076900 0.173300 0.094000 0.139900 0.113300 0.225600 0.112000 0.104000 0.000000 0.121800 0.174300 0.162600 0.143400 0.151100 0.131800 0.131300 0.163200 0.000000 0.132300 0.149000 0.111200 0.111400 0.132700 0.087900 0.086000
RoyalAntel 0.100700 0.779700 0.169500 0.564000 0.154100 0.110800 0.090300 0.144000 0.145300 0.170800 0.080800 0.148000 0.072700 0.081600 0.109100 0.091500 0.150600 0.166700 0.081200 0.166300 0.110900 0.072100 0.189500 0.162600 0.080800 0.118600 0.081600 0.156800 0.110000 0.172700 0.188300 0.072900 0.232600 0.081600 0.082800 0.132600 0.072100 0.171200 0.119700 0.151300 0.179600 0.110000 0.179900 0.171100 0.132300 0.000000 0.146700 0.128900 0.090500 0.182000 0.169400 0.165700
Steenbok 0.098600 0.767300 0.207400 0.655300 0.170400 0.108500 0.126400 0.094700 0.163000 0.197700 0.126000 0.125600 0.099300 0.117800 0.145300 0.062200 0.252200 0.245600 0.136700 0.184000 0.052900 0.117400 0.216500 0.211000 0.126000 0.059400 0.089100 0.174500 0.089200 0.190100 0.215000 0.109200 0.216800 0.108000 0.100200 0.150100 0.117400 0.187300 0.061400 0.178100 0.206400 0.052400 0.206600 0.198400 0.149000 0.146700 0.000000 0.145900 0.107500 0.209600 0.187300 0.183300
Impala 0.080000 0.727000 0.099600 0.601800 0.153500 0.109600 0.108300 0.172200 0.093700 0.138400 0.107100 0.108500 0.081100 0.099600 0.116800 0.120500 0.189400 0.206200 0.109000 0.113400 0.129300 0.098500 0.156600 0.150300 0.088600 0.137400 0.089900 0.104200 0.138700 0.140600 0.155600 0.091000 0.230400 0.089900 0.081900 0.111400 0.098500 0.159200 0.138000 0.139300 0.147000 0.128900 0.147200 0.158700 0.111200 0.128900 0.145900 0.000000 0.099700 0.169700 0.115500 0.113100
Klipspring 0.072100 0.716200 0.148600 0.519900 0.115400 0.091200 0.053100 0.096200 0.104000 0.139600 0.080600 0.126500 0.063000 0.062700 0.118100 0.082000 0.170000 0.185900 0.062300 0.124100 0.091200 0.071900 0.158000 0.131300 0.080600 0.080200 0.071800 0.114700 0.090600 0.151400 0.157000 0.054000 0.178100 0.071800 0.045100 0.112200 0.071900 0.104600 0.100000 0.120600 0.148300 0.071700 0.148500 0.139800 0.111400 0.090500 0.107500 0.099700 0.000000 0.170400 0.126300 0.123600
ForestMusk 0.202600 0.701000 0.129800 0.541100 0.238000 0.214200 0.169800 0.195600 0.166800 0.120100 0.168600 0.149100 0.161300 0.160900 0.158100 0.205400 0.170300 0.176600 0.180600 0.166900 0.193200 0.159800 0.118700 0.111700 0.168600 0.180000 0.170300 0.157300 0.212700 0.152700 0.137500 0.152100 0.178800 0.170300 0.163000 0.133000 0.159800 0.254000 0.223400 0.120900 0.128800 0.192000 0.129000 0.100900 0.132700 0.182000 0.209600 0.169700 0.170400 0.000000 0.170000 0.166300
Bushbuck 0.126900 0.726600 0.065800 0.601600 0.195000 0.148200 0.146200 0.215600 0.019100 0.136800 0.156800 0.105400 0.117000 0.137100 0.156000 0.160700 0.191300 0.208800 0.136200 0.019200 0.170000 0.147500 0.156300 0.149500 0.156800 0.178500 0.126400 0.009600 0.168600 0.047400 0.155000 0.127900 0.220800 0.126400 0.097500 0.088100 0.147500 0.201600 0.179400 0.159300 0.146000 0.169500 0.146100 0.158400 0.087900 0.169400 0.187300 0.115500 0.126300 0.170000 0.000000 0.019100
GreaterKud 0.124200 0.695700 0.063300 0.581600 0.190900 0.145000 0.123100 0.211000 0.018500 0.134000 0.153500 0.103200 0.114500 0.134200 0.152800 0.157200 0.187200 0.204300 0.133400 0.018700 0.166300 0.144400 0.153000 0.146400 0.153500 0.174700 0.123700 0.009200 0.165000 0.045700 0.151100 0.125200 0.217200 0.123700 0.095400 0.086200 0.144400 0.177200 0.175500 0.155900 0.143000 0.165800 0.143200 0.155100 0.086000 0.165700 0.183300 0.113100 0.123600 0.166300 0.019100 0.000000
