1
52 1
Argali 0.000000 0.087200 0.014200 0.070800 0.014100 0.003500 0.014200 0.036800 0.017700 0.036500 0.006900 0.010500 0.007100 0.021400 0.014200 0.029200 0.010500 0.017600 0.010600 0.021400 0.029400 0.014100 0.039600 0.021700 0.003500 0.029300 0.010700 0.024800 0.025600 0.017800 0.040100 0.014100 0.010700 0.010600 0.010600 0.017700 0.007000 0.017800 0.033000 0.033200 0.039700 0.025600 0.040100 0.025300 0.014100 0.025200 0.025600 0.007100 0.014200 0.025100 0.014100 0.017800
LesserMous 0.087200 0.000000 0.088200 0.108700 0.096000 0.091200 0.096300 0.109500 0.091700 0.113900 0.078700 0.090800 0.088800 0.091800 0.088200 0.103900 0.083000 0.083300 0.084200 0.096600 0.104100 0.083300 0.116200 0.097500 0.082800 0.096400 0.092500 0.091300 0.100700 0.092100 0.109200 0.095900 0.084800 0.092100 0.092200 0.100100 0.087900 0.100700 0.100200 0.111400 0.112500 0.100400 0.109100 0.101100 0.095600 0.101100 0.100400 0.088100 0.096300 0.100500 0.087800 0.092200
LesserKudu 0.014200 0.088200 0.000000 0.083900 0.014300 0.017800 0.021700 0.037100 0.010700 0.036900 0.014100 0.010600 0.010800 0.021700 0.021700 0.029200 0.025000 0.025000 0.017900 0.007100 0.029400 0.021500 0.040000 0.021900 0.010600 0.029500 0.010800 0.017800 0.025700 0.003600 0.040600 0.014300 0.018000 0.010700 0.018000 0.017900 0.014300 0.018000 0.033100 0.033600 0.040200 0.033200 0.040500 0.025500 0.014200 0.025500 0.025700 0.014400 0.014300 0.032800 0.000100 0.003600
KillerWhal 0.070800 0.108700 0.083900 0.000000 0.083200 0.074800 0.083900 0.100600 0.087500 0.101300 0.066500 0.082600 0.076100 0.083800 0.075500 0.083400 0.066900 0.078800 0.071600 0.092100 0.087800 0.075200 0.104500 0.084800 0.070700 0.092900 0.071700 0.095200 0.084300 0.087900 0.105100 0.083400 0.072100 0.071400 0.079800 0.091600 0.075400 0.083800 0.087500 0.090100 0.104300 0.093100 0.105000 0.088600 0.087200 0.096600 0.087700 0.067400 0.083700 0.095900 0.083600 0.087700
DefassaWat 0.014100 0.096000 0.014300 0.083200 0.000000 0.017700 0.021600 0.036500 0.025100 0.036700 0.014000 0.017600 0.010800 0.021600 0.021600 0.028700 0.024900 0.024900 0.017800 0.021500 0.028800 0.021400 0.039800 0.021800 0.010500 0.029000 0.010700 0.032300 0.025300 0.017900 0.040300 0.014200 0.017900 0.010700 0.017900 0.025000 0.014200 0.003500 0.032500 0.033400 0.040000 0.032700 0.040300 0.025400 0.021300 0.025400 0.025200 0.014300 0.014300 0.032800 0.014200 0.017900
Sheep 0.003500 0.091200 0.017800 0.074800 0.017700 0.000000 0.017800 0.040800 0.021300 0.040300 0.010400 0.014000 0.010700 0.025100 0.017800 0.033000 0.014000 0.021100 0.014100 0.025100 0.033300 0.017700 0.043300 0.025400 0.007000 0.033100 0.014300 0.028400 0.029400 0.021400 0.043900 0.017700 0.014200 0.014200 0.014200 0.021300 0.010600 0.021500 0.036800 0.037000 0.043500 0.029400 0.043800 0.029000 0.017600 0.028900 0.029400 0.010600 0.017800 0.028700 0.017700 0.021400
MaxwellsDu 0.014200 0.096300 0.021700 0.083900 0.021600 0.017800 0.000000 0.029700 0.017900 0.037000 0.014200 0.017800 0.014500 0.014400 0.021800 0.021900 0.025100 0.025100 0.017900 0.021700 0.022200 0.021600 0.040100 0.029500 0.010600 0.022100 0.018200 0.025100 0.018300 0.018000 0.040600 0.007100 0.018100 0.018100 0.018100 0.032600 0.014300 0.025500 0.025700 0.041400 0.040300 0.025900 0.040600 0.033100 0.028800 0.018100 0.018300 0.014400 0.007100 0.025400 0.021600 0.025400
GazellaPrz 0.036800 0.109500 0.037100 0.100600 0.036500 0.040800 0.029700 0.000000 0.033100 0.053000 0.028700 0.032800 0.033600 0.029700 0.037100 0.021500 0.048100 0.048200 0.025300 0.037100 0.021600 0.036400 0.048500 0.045300 0.033100 0.021800 0.033500 0.040500 0.018000 0.033200 0.056700 0.022200 0.041000 0.033400 0.041200 0.048200 0.037300 0.040500 0.017900 0.057800 0.048700 0.025400 0.056800 0.041200 0.044300 0.033600 0.018000 0.037400 0.022300 0.036900 0.037000 0.040700
MountainNy 0.017700 0.091700 0.010700 0.087500 0.025100 0.021300 0.017900 0.033100 0.000000 0.040300 0.017600 0.014100 0.018100 0.025200 0.025200 0.025300 0.028400 0.028500 0.014200 0.010700 0.025500 0.025000 0.036000 0.032900 0.014100 0.025600 0.021600 0.007000 0.021800 0.007100 0.044000 0.017800 0.021600 0.021500 0.021600 0.028600 0.017800 0.028900 0.029100 0.044800 0.036200 0.029300 0.043900 0.036500 0.024900 0.029000 0.021800 0.017900 0.017900 0.021500 0.010600 0.014300
MuntiacusM 0.036500 0.113900 0.036900 0.101300 0.036700 0.040300 0.037000 0.053000 0.040300 0.000000 0.036300 0.032600 0.033500 0.036700 0.044600 0.044600 0.040200 0.040200 0.040400 0.036800 0.044900 0.044200 0.010700 0.014700 0.032700 0.045000 0.033300 0.047800 0.041200 0.033000 0.003600 0.029200 0.033200 0.033200 0.040800 0.040400 0.036800 0.040800 0.048600 0.026200 0.010800 0.048900 0.003600 0.018300 0.044100 0.040900 0.041000 0.036900 0.029200 0.048400 0.036700 0.033000
goat 0.006900 0.078700 0.014100 0.066500 0.014000 0.010400 0.014200 0.028700 0.017600 0.036300 0.000000 0.017400 0.007100 0.021300 0.014100 0.021200 0.017500 0.017500 0.003500 0.021300 0.021200 0.007000 0.039300 0.021600 0.003500 0.021400 0.010600 0.024700 0.017800 0.017700 0.039900 0.014000 0.010600 0.010500 0.010600 0.024700 0.007000 0.017700 0.024800 0.033000 0.039500 0.025000 0.039800 0.025100 0.021100 0.025100 0.017700 0.007000 0.014100 0.024900 0.014100 0.017700
AfricanBuf 0.010500 0.090800 0.010600 0.082600 0.017600 0.014000 0.017800 0.032800 0.014100 0.032600 0.017400 0.000000 0.014300 0.017700 0.025000 0.025100 0.021000 0.028200 0.021200 0.010600 0.025300 0.024800 0.035700 0.025300 0.014000 0.025300 0.014200 0.021100 0.021600 0.007000 0.036100 0.010500 0.021300 0.014200 0.021400 0.014000 0.017700 0.021400 0.028900 0.036800 0.035800 0.021600 0.036100 0.028800 0.010500 0.021400 0.021600 0.017800 0.010600 0.028700 0.010500 0.014100
Topi 0.007100 0.088800 0.010800 0.076100 0.010800 0.010700 0.014500 0.033600 0.018100 0.033500 0.007100 0.014300 0.000000 0.018200 0.014500 0.025900 0.017900 0.017900 0.010700 0.018200 0.026000 0.014400 0.036700 0.018400 0.003500 0.026000 0.007200 0.025300 0.022300 0.014500 0.037100 0.010800 0.010800 0.007200 0.010800 0.021700 0.007200 0.014500 0.029900 0.030000 0.036800 0.029800 0.037100 0.022000 0.018000 0.022000 0.022200 0.007200 0.010800 0.026000 0.010800 0.014500
CommonDuik 0.021400 0.091800 0.021700 0.083800 0.021600 0.025100 0.014400 0.029700 0.025200 0.036700 0.021300 0.017700 0.018200 0.000000 0.029100 0.021900 0.032300 0.032300 0.025200 0.021600 0.022200 0.028800 0.039900 0.029300 0.017800 0.018300 0.018100 0.032400 0.018300 0.017900 0.040300 0.007100 0.025400 0.018000 0.025500 0.032500 0.021600 0.025400 0.025700 0.041100 0.040000 0.022000 0.040300 0.032900 0.028700 0.018000 0.018300 0.021700 0.007100 0.032700 0.021600 0.025300
Suni 0.014200 0.088200 0.021700 0.075500 0.021600 0.017800 0.021800 0.037100 0.025200 0.044600 0.014100 0.025000 0.014500 0.029100 0.000000 0.036800 0.010600 0.017800 0.017900 0.029100 0.036900 0.021500 0.047600 0.029400 0.010600 0.037100 0.018100 0.025100 0.033300 0.025400 0.040600 0.021600 0.018100 0.018000 0.018000 0.032600 0.014300 0.025400 0.033200 0.041400 0.047800 0.040900 0.040600 0.033100 0.028800 0.025600 0.033200 0.007200 0.021700 0.033200 0.021600 0.025300
Springbuck 0.029200 0.103900 0.029200 0.083400 0.028700 0.033000 0.021900 0.021500 0.025300 0.044600 0.021200 0.025100 0.025900 0.021900 0.036800 0.000000 0.040100 0.040200 0.017700 0.029200 0.007000 0.028600 0.040300 0.037000 0.025700 0.014300 0.025800 0.032600 0.003500 0.025400 0.048300 0.014500 0.033000 0.025700 0.033300 0.040100 0.029400 0.025200 0.017700 0.049200 0.040400 0.017900 0.048300 0.040700 0.036300 0.025800 0.010600 0.029400 0.014600 0.032800 0.029100 0.033000
Okapi 0.010500 0.083000 0.025000 0.066900 0.024900 0.014000 0.025100 0.048100 0.028400 0.040200 0.017500 0.021000 0.017900 0.032300 0.010600 0.040100 0.000000 0.014000 0.021300 0.032300 0.040500 0.024800 0.043200 0.025300 0.014000 0.040400 0.021400 0.028300 0.036600 0.028600 0.036300 0.024900 0.014200 0.021300 0.021400 0.028500 0.017700 0.028700 0.036500 0.036900 0.043400 0.036700 0.036300 0.028900 0.024800 0.028800 0.036600 0.010600 0.025000 0.036400 0.024900 0.028600
Giraffe 0.017600 0.083300 0.025000 0.078800 0.024900 0.021100 0.025100 0.048200 0.028500 0.040200 0.017500 0.028200 0.017900 0.032300 0.017800 0.040200 0.014000 0.000000 0.021300 0.032300 0.040400 0.024800 0.043300 0.025400 0.014000 0.040500 0.021500 0.028400 0.036700 0.028600 0.036400 0.024900 0.014200 0.021400 0.021400 0.035900 0.017700 0.028700 0.036700 0.037000 0.043400 0.044300 0.036300 0.028900 0.032100 0.028900 0.036600 0.017800 0.025000 0.036600 0.024900 0.028600
TibetanAnt 0.010600 0.084200 0.017900 0.071600 0.017800 0.014100 0.017900 0.025300 0.014200 0.040400 0.003500 0.021200 0.010700 0.025200 0.017900 0.017700 0.021300 0.021300 0.000000 0.025200 0.017800 0.010600 0.036100 0.025500 0.007000 0.017900 0.014300 0.021300 0.014300 0.021500 0.044100 0.017800 0.014300 0.014300 0.014300 0.028700 0.010600 0.021500 0.021500 0.037100 0.036200 0.021600 0.044100 0.029100 0.024900 0.029100 0.014200 0.010700 0.017900 0.021500 0.017800 0.021500
Sitatunga 0.021400 0.096600 0.007100 0.092100 0.021500 0.025100 0.021700 0.037100 0.010700 0.036800 0.021300 0.010600 0.018200 0.021600 0.029100 0.029200 0.032300 0.032300 0.025200 0.000000 0.029300 0.028800 0.039900 0.029400 0.017800 0.029400 0.018100 0.017800 0.025700 0.003600 0.040400 0.014300 0.025300 0.018000 0.025400 0.025100 0.021600 0.025400 0.033000 0.041200 0.040100 0.033100 0.040400 0.032900 0.021400 0.025500 0.025600 0.021700 0.014300 0.032800 0.007100 0.010700
Oribi 0.029400 0.104100 0.029400 0.087800 0.028800 0.033300 0.022200 0.021600 0.025500 0.044900 0.021200 0.025300 0.026000 0.022200 0.036900 0.007000 0.040500 0.040400 0.017800 0.029300 0.000000 0.028800 0.040600 0.037300 0.026100 0.014300 0.025900 0.032800 0.010700 0.025600 0.048600 0.014800 0.033200 0.025900 0.033700 0.040300 0.029600 0.025300 0.017800 0.049500 0.040700 0.017900 0.048600 0.040900 0.036500 0.026100 0.010600 0.029500 0.014700 0.033000 0.029300 0.033100
BarbaryShe 0.014100 0.083300 0.021500 0.075200 0.021400 0.017700 0.021600 0.036400 0.025000 0.044200 0.007000 0.024800 0.014400 0.028800 0.021500 0.028600 0.024800 0.024800 0.010600 0.028800 0.028800 0.000000 0.047200 0.029200 0.010500 0.028900 0.017900 0.032200 0.025300 0.025100 0.047800 0.021400 0.017900 0.017800 0.017900 0.032300 0.014200 0.025200 0.032400 0.041000 0.047400 0.032700 0.047800 0.032800 0.028500 0.032700 0.025100 0.014300 0.021500 0.032400 0.021400 0.025100
Daviddeer 0.039600 0.116200 0.040000 0.104500 0.039800 0.043300 0.040100 0.048500 0.036000 0.010700 0.039300 0.035700 0.036700 0.039900 0.047600 0.040300 0.043200 0.043300 0.036100 0.039900 0.040600 0.047200 0.000000 0.018100 0.035800 0.033100 0.036500 0.043300 0.036900 0.036200 0.014300 0.032400 0.036300 0.036300 0.044000 0.043500 0.039900 0.043900 0.044200 0.029500 0.007100 0.036800 0.014300 0.021600 0.047100 0.044000 0.036800 0.040000 0.032500 0.043900 0.039800 0.036100
Reindeer 0.021700 0.097500 0.021900 0.084800 0.021800 0.025400 0.029500 0.045300 0.032900 0.014700 0.021600 0.025300 0.018400 0.029300 0.029400 0.037000 0.025300 0.025400 0.025500 0.029400 0.037300 0.029200 0.018100 0.000000 0.018000 0.037500 0.018300 0.040300 0.033600 0.025600 0.018300 0.021800 0.018300 0.018200 0.025700 0.033000 0.021900 0.025700 0.041000 0.011100 0.018200 0.041300 0.018300 0.003600 0.029200 0.033400 0.033500 0.022000 0.021900 0.040800 0.021800 0.025600
Ibex 0.003500 0.082800 0.010600 0.070700 0.010500 0.007000 0.010600 0.033100 0.014100 0.032700 0.003500 0.014000 0.003500 0.017800 0.010600 0.025700 0.014000 0.014000 0.007000 0.017800 0.026100 0.010500 0.035800 0.018000 0.000000 0.025600 0.007100 0.021100 0.022000 0.014100 0.036300 0.010500 0.007100 0.007000 0.007100 0.021200 0.003500 0.014200 0.029300 0.029400 0.035900 0.029500 0.036300 0.021600 0.017600 0.021500 0.021900 0.003500 0.010600 0.021300 0.010500 0.014100
GyrantGaze 0.029300 0.096400 0.029500 0.092900 0.029000 0.033100 0.022100 0.021800 0.025600 0.045000 0.021400 0.025300 0.026000 0.018300 0.037100 0.014300 0.040400 0.040500 0.017900 0.029400 0.014300 0.028900 0.033100 0.037500 0.025600 0.000000 0.025900 0.032900 0.010800 0.025600 0.048800 0.014600 0.033300 0.025800 0.033500 0.040500 0.029600 0.032900 0.017900 0.049700 0.040800 0.003600 0.048700 0.041100 0.036600 0.025900 0.010700 0.029600 0.014600 0.033100 0.029400 0.033200
Hartebeest 0.010700 0.092500 0.010800 0.071700 0.010700 0.014300 0.018200 0.033500 0.021600 0.033300 0.010600 0.014200 0.007200 0.018100 0.018100 0.025800 0.021400 0.021500 0.014300 0.018100 0.025900 0.017900 0.036500 0.018300 0.007100 0.025900 0.000000 0.028900 0.022200 0.014400 0.036900 0.010800 0.014400 0.000000 0.014400 0.021600 0.010700 0.014400 0.022200 0.022200 0.036700 0.029700 0.036900 0.021900 0.017900 0.021900 0.022200 0.010800 0.010800 0.029700 0.010700 0.014400
Bongo 0.024800 0.091300 0.017800 0.095200 0.032300 0.028400 0.025100 0.040500 0.007000 0.047800 0.024700 0.021100 0.025300 0.032400 0.025100 0.032600 0.028300 0.028400 0.021300 0.017800 0.032800 0.032200 0.043300 0.040300 0.021100 0.032900 0.028900 0.000000 0.029100 0.014200 0.043900 0.024900 0.028800 0.028700 0.028800 0.035900 0.024900 0.036200 0.029000 0.052400 0.043500 0.036600 0.043800 0.043800 0.032100 0.028900 0.029100 0.025100 0.025000 0.029100 0.017700 0.021400
Gerenuk 0.025600 0.100700 0.025700 0.084300 0.025300 0.029400 0.018300 0.018000 0.021800 0.041200 0.017800 0.021600 0.022300 0.018300 0.033300 0.003500 0.036600 0.036700 0.014300 0.025700 0.010700 0.025300 0.036900 0.033600 0.022000 0.010800 0.022200 0.029100 0.000000 0.022000 0.044900 0.010900 0.029600 0.022100 0.029700 0.036700 0.025800 0.029200 0.014300 0.045700 0.037000 0.014400 0.044900 0.037200 0.032900 0.022200 0.007100 0.025800 0.011000 0.029400 0.025600 0.029400
CommonElan 0.017800 0.092100 0.003600 0.087900 0.017900 0.021400 0.018000 0.033200 0.007100 0.033000 0.017700 0.007000 0.014500 0.017900 0.025400 0.025400 0.028600 0.028600 0.021500 0.003600 0.025600 0.025100 0.036200 0.025600 0.014100 0.025600 0.014400 0.014200 0.022000 0.000000 0.036700 0.010700 0.021600 0.014300 0.021700 0.021500 0.017900 0.021700 0.029200 0.037300 0.036300 0.029300 0.036600 0.029200 0.017800 0.021700 0.021900 0.018000 0.010700 0.029000 0.003500 0.007100
MuntiacusR 0.040100 0.109200 0.040600 0.105100 0.040300 0.043900 0.040600 0.056700 0.044000 0.003600 0.039900 0.036100 0.037100 0.040300 0.040600 0.048300 0.036300 0.036400 0.044100 0.040400 0.048600 0.047800 0.014300 0.018300 0.036300 0.048800 0.036900 0.043900 0.044900 0.036700 0.000000 0.032800 0.036800 0.036800 0.044500 0.044100 0.040400 0.044400 0.044600 0.029900 0.014400 0.052600 0.000000 0.021900 0.047800 0.036900 0.044800 0.040500 0.032900 0.052700 0.040400 0.036700
HarveysDui 0.014100 0.095900 0.014300 0.083400 0.014200 0.017700 0.007100 0.022200 0.017800 0.029200 0.014000 0.010500 0.010800 0.007100 0.021600 0.014500 0.024900 0.024900 0.017800 0.014300 0.014800 0.021400 0.032400 0.021800 0.010500 0.014600 0.010800 0.024900 0.010900 0.010700 0.032800 0.000000 0.017900 0.010700 0.018000 0.025000 0.014200 0.018000 0.018300 0.033400 0.032500 0.018300 0.032800 0.025400 0.021300 0.010700 0.011000 0.014300 0.000100 0.025200 0.014200 0.017900
Pronghorn 0.010700 0.084800 0.018000 0.072100 0.017900 0.014200 0.018100 0.041000 0.021600 0.033200 0.010600 0.021300 0.010800 0.025400 0.018100 0.033000 0.014200 0.014200 0.014300 0.025300 0.033200 0.017900 0.036300 0.018300 0.007100 0.033300 0.014400 0.028800 0.029600 0.021600 0.036800 0.017900 0.000000 0.014400 0.014400 0.028900 0.010700 0.021800 0.037000 0.029800 0.036500 0.037200 0.036800 0.021900 0.025200 0.029300 0.029500 0.010800 0.018000 0.029200 0.018000 0.021600
BlueWildeb 0.010600 0.092100 0.010700 0.071400 0.010700 0.014200 0.018100 0.033400 0.021500 0.033200 0.010500 0.014200 0.007200 0.018000 0.018000 0.025700 0.021300 0.021400 0.014300 0.018000 0.025900 0.017800 0.036300 0.018200 0.007000 0.025800 0.000000 0.028700 0.022100 0.014300 0.036800 0.010700 0.014400 0.000000 0.014400 0.021500 0.010700 0.014400 0.022200 0.022200 0.036500 0.029600 0.036800 0.021800 0.017800 0.021800 0.022100 0.010800 0.010800 0.029600 0.010700 0.014300
Gemsbok 0.010600 0.092200 0.018000 0.079800 0.017900 0.014200 0.018100 0.041200 0.021600 0.040800 0.010600 0.021400 0.010800 0.025500 0.018000 0.033300 0.021400 0.021400 0.014300 0.025400 0.033700 0.017900 0.044000 0.025700 0.007100 0.033500 0.014400 0.028800 0.029700 0.021700 0.044500 0.018000 0.014400 0.014400 0.000000 0.028900 0.003500 0.021700 0.037400 0.037500 0.044200 0.037400 0.044500 0.029300 0.025100 0.021700 0.029700 0.010800 0.018100 0.029400 0.017900 0.021600
Yak 0.017700 0.100100 0.017900 0.091600 0.025000 0.021300 0.032600 0.048200 0.028600 0.040400 0.024700 0.014000 0.021700 0.032500 0.032600 0.040100 0.028500 0.035900 0.028700 0.025100 0.040300 0.032300 0.043500 0.033000 0.021200 0.040500 0.021600 0.035900 0.036700 0.021500 0.044100 0.025000 0.028900 0.021500 0.028900 0.000000 0.025100 0.028900 0.044100 0.044800 0.043600 0.036700 0.044000 0.036600 0.003500 0.036400 0.036600 0.025200 0.025100 0.043900 0.017800 0.014200
BlueSheep 0.007000 0.087900 0.014300 0.075400 0.014200 0.010600 0.014300 0.037300 0.017800 0.036800 0.007000 0.017700 0.007200 0.021600 0.014300 0.029400 0.017700 0.017700 0.010600 0.021600 0.029600 0.014200 0.039900 0.021900 0.003500 0.029600 0.010700 0.024900 0.025800 0.017900 0.040400 0.014200 0.010700 0.010700 0.003500 0.025100 0.000000 0.017900 0.033200 0.033500 0.040100 0.033300 0.040400 0.025500 0.021400 0.017900 0.025800 0.007100 0.014300 0.025200 0.014200 0.017900
BohorReedb 0.017800 0.100700 0.018000 0.083800 0.003500 0.021500 0.025500 0.040500 0.028900 0.040800 0.017700 0.021400 0.014500 0.025400 0.025400 0.025200 0.028700 0.028700 0.021500 0.025400 0.025300 0.025200 0.043900 0.025700 0.014200 0.032900 0.014400 0.036200 0.029200 0.021700 0.044400 0.018000 0.021800 0.014400 0.021700 0.028900 0.017900 0.000000 0.036500 0.037400 0.044000 0.036700 0.044400 0.029300 0.025100 0.029300 0.029100 0.018000 0.018000 0.036800 0.018000 0.021700
KirksDik 0.033000 0.100200 0.033100 0.087500 0.032500 0.036800 0.025700 0.017900 0.029100 0.048600 0.024800 0.028900 0.029900 0.025700 0.033200 0.017700 0.036500 0.036700 0.021500 0.033000 0.017800 0.032400 0.044200 0.041000 0.029300 0.017900 0.022200 0.029000 0.014300 0.029200 0.044600 0.018300 0.037000 0.022200 0.037400 0.044100 0.033200 0.036500 0.000000 0.045400 0.044300 0.021600 0.044600 0.037000 0.040300 0.022100 0.014200 0.033300 0.018400 0.037300 0.033000 0.036800
RoeDeer 0.033200 0.111400 0.033600 0.090100 0.033400 0.037000 0.041400 0.057800 0.044800 0.026200 0.033000 0.036800 0.030000 0.041100 0.041400 0.049200 0.036900 0.037000 0.037100 0.041200 0.049500 0.041000 0.029500 0.011100 0.029400 0.049700 0.022200 0.052400 0.045700 0.037300 0.029900 0.033400 0.029800 0.022200 0.037500 0.044800 0.033500 0.037400 0.045400 0.000000 0.029700 0.053600 0.029900 0.014800 0.040800 0.045400 0.045600 0.033600 0.033600 0.053000 0.033400 0.037300
WhiteLippe 0.039700 0.112500 0.040200 0.104300 0.040000 0.043500 0.040300 0.048700 0.036200 0.010800 0.039500 0.035800 0.036800 0.040000 0.047800 0.040400 0.043400 0.043400 0.036200 0.040100 0.040700 0.047400 0.007100 0.018200 0.035900 0.040800 0.036700 0.043500 0.037000 0.036300 0.014400 0.032500 0.036500 0.036500 0.044200 0.043600 0.040100 0.044000 0.044300 0.029700 0.000000 0.044600 0.014400 0.021700 0.047300 0.044200 0.036900 0.040200 0.032600 0.044100 0.040000 0.036300
ThomsonGaz 0.025600 0.100400 0.033200 0.093100 0.032700 0.029400 0.025900 0.025400 0.029300 0.048900 0.025000 0.021600 0.029800 0.022000 0.040900 0.017900 0.036700 0.044300 0.021600 0.033100 0.017900 0.032700 0.036800 0.041300 0.029500 0.003600 0.029700 0.036600 0.014400 0.029300 0.052600 0.018300 0.037200 0.029600 0.037400 0.036700 0.033300 0.036700 0.021600 0.053600 0.044600 0.000000 0.052500 0.044900 0.032900 0.029700 0.014300 0.033400 0.018300 0.036800 0.033100 0.037000
MuntiacusC 0.040100 0.109100 0.040500 0.105000 0.040300 0.043800 0.040600 0.056800 0.043900 0.003600 0.039800 0.036100 0.037100 0.040300 0.040600 0.048300 0.036300 0.036300 0.044100 0.040400 0.048600 0.047800 0.014300 0.018300 0.036300 0.048700 0.036900 0.043800 0.044900 0.036600 0.000000 0.032800 0.036800 0.036800 0.044500 0.044000 0.040400 0.044400 0.044600 0.029900 0.014400 0.052500 0.000000 0.021900 0.047700 0.036900 0.044700 0.040500 0.032800 0.052700 0.040300 0.036600
WhiteTaile 0.025300 0.101100 0.025500 0.088600 0.025400 0.029000 0.033100 0.041200 0.036500 0.018300 0.025100 0.028800 0.022000 0.032900 0.033100 0.040700 0.028900 0.028900 0.029100 0.032900 0.040900 0.032800 0.021600 0.003600 0.021600 0.041100 0.021900 0.043800 0.037200 0.029200 0.021900 0.025400 0.021900 0.021800 0.029300 0.036600 0.025500 0.029300 0.037000 0.014800 0.021700 0.044900 0.021900 0.000000 0.032700 0.037000 0.037100 0.025600 0.025500 0.044400 0.025400 0.029200
Cattle 0.014100 0.095600 0.014200 0.087200 0.021300 0.017600 0.028800 0.044300 0.024900 0.044100 0.021100 0.010500 0.018000 0.028700 0.028800 0.036300 0.024800 0.032100 0.024900 0.021400 0.036500 0.028500 0.047100 0.029200 0.017600 0.036600 0.017900 0.032100 0.032900 0.017800 0.047800 0.021300 0.025200 0.017800 0.025100 0.003500 0.021400 0.025100 0.040300 0.040800 0.047300 0.032900 0.047700 0.032700 0.000000 0.032600 0.032800 0.021500 0.021400 0.039900 0.014200 0.017800
RoyalAntel 0.025200 0.101100 0.025500 0.096600 0.025400 0.028900 0.018100 0.033600 0.029000 0.040900 0.025100 0.021400 0.022000 0.018000 0.025600 0.025800 0.028800 0.028900 0.029100 0.025500 0.026100 0.032700 0.044000 0.033400 0.021500 0.025900 0.021900 0.028900 0.022200 0.021700 0.036900 0.010700 0.029300 0.021800 0.021700 0.036400 0.017900 0.029300 0.022100 0.045400 0.044200 0.029700 0.036900 0.037000 0.032600 0.000000 0.022200 0.025600 0.010800 0.037200 0.025400 0.029100
Steenbok 0.025600 0.100400 0.025700 0.087700 0.025200 0.029400 0.018300 0.018000 0.021800 0.041000 0.017700 0.021600 0.022200 0.018300 0.033200 0.010600 0.036600 0.036600 0.014200 0.025600 0.010600 0.025100 0.036800 0.033500 0.021900 0.010700 0.022200 0.029100 0.007100 0.021900 0.044800 0.011000 0.029500 0.022100 0.029700 0.036600 0.025800 0.029100 0.014200 0.045600 0.036900 0.014300 0.044700 0.037100 0.032800 0.022200 0.000000 0.025800 0.011000 0.029300 0.025600 0.029300
Impala 0.007100 0.088100 0.014400 0.067400 0.014300 0.010600 0.014400 0.037400 0.017900 0.036900 0.007000 0.017800 0.007200 0.021700 0.007200 0.029400 0.010600 0.017800 0.010700 0.021700 0.029500 0.014300 0.040000 0.022000 0.003500 0.029600 0.010800 0.025100 0.025800 0.018000 0.040500 0.014300 0.010800 0.010800 0.010800 0.025200 0.007100 0.018000 0.033300 0.033600 0.040200 0.033400 0.040500 0.025600 0.021500 0.025600 0.025800 0.000000 0.014400 0.025400 0.014300 0.018000
Klipspring 0.014200 0.096300 0.014300 0.083700 0.014300 0.017800 0.007100 0.022300 0.017900 0.029200 0.014100 0.010600 0.010800 0.007100 0.021700 0.014600 0.025000 0.025000 0.017900 0.014300 0.014700 0.021500 0.032500 0.021900 0.010600 0.014600 0.010800 0.025000 0.011000 0.010700 0.032900 0.000100 0.018000 0.010800 0.018100 0.025100 0.014300 0.018000 0.018400 0.033600 0.032600 0.018300 0.032800 0.025500 0.021400 0.010800 0.011000 0.014400 0.000000 0.025300 0.014300 0.017900
ForestMusk 0.025100 0.100500 0.032800 0.095900 0.032800 0.028700 0.025400 0.036900 0.021500 0.048400 0.024900 0.028700 0.026000 0.032700 0.033200 0.032800 0.036400 0.036600 0.021500 0.032800 0.033000 0.032400 0.043900 0.040800 0.021300 0.033100 0.029700 0.029100 0.029400 0.029000 0.052700 0.025200 0.029200 0.029600 0.029400 0.043900 0.025200 0.036800 0.037300 0.053000 0.044100 0.036800 0.052700 0.044400 0.039900 0.037200 0.029300 0.025400 0.025300 0.000000 0.032600 0.036500
Bushbuck 0.014100 0.087800 0.000100 0.083600 0.014200 0.017700 0.021600 0.037000 0.010600 0.036700 0.014100 0.010500 0.010800 0.021600 0.021600 0.029100 0.024900 0.024900 0.017800 0.007100 0.029300 0.021400 0.039800 0.021800 0.010500 0.029400 0.010700 0.017700 0.025600 0.003500 0.040400 0.014200 0.018000 0.010700 0.017900 0.017800 0.014200 0.018000 0.033000 0.033400 0.040000 0.033100 0.040300 0.025400 0.014200 0.025400 0.025600 0.014300 0.014300 0.032600 0.000000 0.003500
GreaterKud 0.017800 0.092200 0.003600 0.087700 0.017900 0.021400 0.025400 0.040700 0.014300 0.033000 0.017700 0.014100 0.014500 0.025300 0.025300 0.033000 0.028600 0.028600 0.021500 0.010700 0.033100 0.025100 0.036100 0.025600 0.014100 0.033200 0.014400 0.021400 0.029400 0.007100 0.036700 0.017900 0.021600 0.014300 0.021600 0.014200 0.017900 0.021700 0.036800 0.037300 0.036300 0.037000 0.036600 0.029200 0.017800 0.029100 0.029300 0.018000 0.017900 0.036500 0.003500 0.000000
