CODONML (in paml version 4.10.7, June 2023)  /home/rachel/ruminants_paml/6406-phy-tree/ENSBTAT00000001991.fasta.phy
Model: free dN/dS Ratios for branches,  kappa = 2.000 fixed

Codon frequency model: F3x4
ns =  54  ls = 116

Codon usage in sequences
--------------------------------------------------------------------------------------------------------------------------------------
Phe TTT   0   0   0   0   1   1 | Ser TCT   0   0   0   0   0   0 | Tyr TAT   4   0   4   4   4   5 | Cys TGT   0   0   0   0   0   0
    TTC   2   1   1   2   1   1 |     TCC   1   1   1   1   1   1 |     TAC   1   6   2   1   2   1 |     TGC   0   0   0   0   0   0
Leu TTA   0   0   0   0   0   0 |     TCA   2   1   2   2   2   2 | *** TAA   0   0   0   0   0   0 | *** TGA   0   0   0   0   0   0
    TTG   2   1   2   2   1   1 |     TCG   0   1   0   0   0   0 |     TAG   0   0   0   0   0   0 | Trp TGG   3   3   3   3   3   3
--------------------------------------------------------------------------------------------------------------------------------------
Leu CTT   1   0   1   1   1   1 | Pro CCT   4   3   4   4   3   4 | His CAT   1   1   1   1   1   2 | Arg CGT   1   0   1   1   1   0
    CTC   1   2   1   1   1   1 |     CCC   4   5   4   4   5   5 |     CAC   2   2   2   2   2   1 |     CGC   1   1   1   2   0   1
    CTA   2   1   2   2   2   2 |     CCA   0   0   0   0   0   0 | Gln CAA   1   0   1   0   0   0 |     CGA   3   2   2   1   1   1
    CTG   0   2   0   0   1   1 |     CCG   1   1   1   1   1   0 |     CAG   1   2   1   2   2   2 |     CGG   1   2   2   2   4   3
--------------------------------------------------------------------------------------------------------------------------------------
Ile ATT   1   2   2   1   3   2 | Thr ACT   3   2   2   3   3   2 | Asn AAT   0   0   0   0   0   0 | Ser AGT   0   1   0   1   0   1
    ATC   4   4   3   4   4   4 |     ACC   2   2   3   2   2   3 |     AAC   1   1   1   1   1   1 |     AGC   1   1   1   0   1   1
    ATA   0   0   0   0   0   0 |     ACA   4   2   4   3   3   3 | Lys AAA   5   6   5   5   5   5 | Arg AGA   3   3   4   4   6   6
Met ATG   4   5   4   4   4   3 |     ACG   0   3   0   1   0   0 |     AAG   3   2   3   3   3   3 |     AGG   2   2   1   1   0   0
--------------------------------------------------------------------------------------------------------------------------------------
Val GTT   2   1   2   2   0   1 | Ala GCT   2   2   2   2   2   2 | Asp GAT   6   4   6   5   5   4 | Gly GGT   0   0   0   0   1   1
    GTC   3   3   3   3   3   3 |     GCC   0   1   0   0   0   0 |     GAC   2   4   2   3   2   2 |     GGC   3   3   3   3   2   3
    GTA   1   1   1   1   1   1 |     GCA   3   2   2   3   2   2 | Glu GAA   5   4   4   4   6   5 |     GGA   3   3   3   3   3   3
    GTG   6   4   6   5   5   6 |     GCG   0   1   1   1   1   1 |     GAG   7   8   8   8   7   8 |     GGG   1   1   1   1   1   1
--------------------------------------------------------------------------------------------------------------------------------------

--------------------------------------------------------------------------------------------------------------------------------------
Phe TTT   0   0   0   0   0   0 | Ser TCT   0   0   0   0   0   0 | Tyr TAT   3   4   4   4   4   4 | Cys TGT   0   0   0   0   0   0
    TTC   2   2   2   2   1   2 |     TCC   1   1   1   1   1   1 |     TAC   2   1   1   1   2   1 |     TGC   0   0   0   0   0   0
Leu TTA   0   0   0   0   0   0 |     TCA   2   2   2   2   2   2 | *** TAA   0   0   0   0   0   0 | *** TGA   0   0   0   0   0   0
    TTG   2   2   2   2   2   2 |     TCG   0   0   0   0   0   0 |     TAG   0   0   0   0   0   0 | Trp TGG   3   3   3   3   3   3
--------------------------------------------------------------------------------------------------------------------------------------
Leu CTT   1   1   1   1   1   1 | Pro CCT   4   4   3   4   4   4 | His CAT   1   1   1   1   1   1 | Arg CGT   1   1   1   1   1   1
    CTC   1   1   1   1   1   1 |     CCC   4   4   4   4   4   4 |     CAC   2   2   2   2   2   2 |     CGC   1   1   1   1   1   1
    CTA   2   2   2   2   2   2 |     CCA   0   0   1   0   0   0 | Gln CAA   1   1   1   1   1   1 |     CGA   2   3   3   2   2   2
    CTG   0   0   0   0   0   0 |     CCG   1   1   1   1   1   1 |     CAG   1   1   1   1   1   1 |     CGG   2   1   1   2   2   2
--------------------------------------------------------------------------------------------------------------------------------------
Ile ATT   1   1   1   1   1   1 | Thr ACT   2   3   2   3   2   3 | Asn AAT   0   0   0   0   0   0 | Ser AGT   0   0   1   1   0   0
    ATC   4   4   4   5   5   4 |     ACC   3   2   3   2   3   2 |     AAC   1   1   1   1   1   1 |     AGC   1   1   0   0   1   1
    ATA   0   0   0   0   0   0 |     ACA   4   4   4   4   4   4 | Lys AAA   5   5   5   5   5   4 | Arg AGA   4   3   3   3   4   4
Met ATG   4   4   4   3   4   4 |     ACG   0   0   0   0   0   0 |     AAG   3   3   3   3   3   4 |     AGG   1   2   2   2   1   1
--------------------------------------------------------------------------------------------------------------------------------------
Val GTT   2   2   2   2   2   2 | Ala GCT   2   2   2   2   2   2 | Asp GAT   6   6   7   6   6   6 | Gly GGT   0   0   0   0   0   0
    GTC   3   3   3   2   2   3 |     GCC   0   0   0   0   0   0 |     GAC   2   2   1   2   2   2 |     GGC   3   3   3   3   3   3
    GTA   1   1   1   1   2   3 |     GCA   2   3   2   2   2   2 | Glu GAA   4   5   5   4   4   4 |     GGA   3   3   3   3   3   3
    GTG   6   6   6   7   5   4 |     GCG   1   0   1   1   1   1 |     GAG   8   7   7   8   8   8 |     GGG   1   1   1   1   1   1
--------------------------------------------------------------------------------------------------------------------------------------

--------------------------------------------------------------------------------------------------------------------------------------
Phe TTT   0   0   0   0   0   0 | Ser TCT   0   0   0   0   0   0 | Tyr TAT   4   4   4   4   4   4 | Cys TGT   0   0   0   0   0   0
    TTC   2   2   2   2   2   2 |     TCC   1   1   1   1   1   1 |     TAC   1   1   1   1   1   1 |     TGC   0   0   0   0   0   0
Leu TTA   0   0   0   0   1   0 |     TCA   2   2   2   2   2   2 | *** TAA   0   0   0   0   0   0 | *** TGA   0   0   0   0   0   0
    TTG   2   2   2   2   2   1 |     TCG   0   0   0   0   0   0 |     TAG   0   0   0   0   0   0 | Trp TGG   3   3   3   3   3   3
--------------------------------------------------------------------------------------------------------------------------------------
Leu CTT   1   0   1   1   1   1 | Pro CCT   4   4   4   4   4   4 | His CAT   1   1   1   1   1   1 | Arg CGT   1   1   1   1   1   1
    CTC   1   2   2   1   1   1 |     CCC   4   4   4   4   4   4 |     CAC   2   2   2   2   2   2 |     CGC   1   1   1   1   2   1
    CTA   2   1   1   2   1   2 |     CCA   0   0   0   0   0   0 | Gln CAA   1   1   1   1   1   1 |     CGA   3   2   2   3   2   2
    CTG   0   1   0   0   0   1 |     CCG   1   1   1   1   1   1 |     CAG   1   1   1   1   1   1 |     CGG   1   2   2   1   1   2
--------------------------------------------------------------------------------------------------------------------------------------
Ile ATT   1   1   2   1   2   1 | Thr ACT   2   2   2   2   2   3 | Asn AAT   0   0   0   0   0   0 | Ser AGT   0   0   0   0   0   1
    ATC   4   4   3   4   3   4 |     ACC   3   3   3   3   3   1 |     AAC   1   1   1   1   1   2 |     AGC   1   1   1   1   1   0
    ATA   0   0   0   0   0   0 |     ACA   4   4   4   4   4   4 | Lys AAA   5   5   5   5   5   5 | Arg AGA   3   5   3   3   4   3
Met ATG   4   4   4   4   4   4 |     ACG   0   0   0   0   0   0 |     AAG   3   3   3   3   3   3 |     AGG   2   0   2   2   1   2
--------------------------------------------------------------------------------------------------------------------------------------
Val GTT   2   2   2   2   2   2 | Ala GCT   2   2   2   2   2   2 | Asp GAT   6   6   6   6   5   6 | Gly GGT   0   0   0   0   0   0
    GTC   3   3   3   3   3   3 |     GCC   0   0   0   0   0   0 |     GAC   2   2   2   2   2   2 |     GGC   3   3   3   3   3   3
    GTA   1   1   1   1   2   1 |     GCA   2   2   2   2   2   2 | Glu GAA   4   4   4   4   5   4 |     GGA   3   3   3   3   3   3
    GTG   6   6   6   6   5   6 |     GCG   1   1   1   1   1   1 |     GAG   8   8   8   8   8   8 |     GGG   1   1   1   1   1   1
--------------------------------------------------------------------------------------------------------------------------------------

--------------------------------------------------------------------------------------------------------------------------------------
Phe TTT   0   0   0   0   0   0 | Ser TCT   0   0   0   0   0   0 | Tyr TAT   4   3   3   4   4   4 | Cys TGT   0   0   0   0   0   0
    TTC   2   2   2   1   2   2 |     TCC   1   1   1   1   1   1 |     TAC   1   2   2   2   1   1 |     TGC   0   0   0   0   0   0
Leu TTA   0   0   0   0   0   0 |     TCA   2   2   2   2   2   2 | *** TAA   0   0   0   0   0   0 | *** TGA   0   0   0   0   0   0
    TTG   2   2   2   2   2   2 |     TCG   0   0   0   0   0   0 |     TAG   0   0   0   0   0   0 | Trp TGG   3   3   3   3   3   3
--------------------------------------------------------------------------------------------------------------------------------------
Leu CTT   1   1   1   1   1   1 | Pro CCT   4   4   4   4   4   4 | His CAT   1   1   1   1   1   1 | Arg CGT   1   1   1   1   1   1
    CTC   1   1   1   1   1   1 |     CCC   4   4   4   4   4   4 |     CAC   2   2   2   2   2   2 |     CGC   1   1   1   1   1   1
    CTA   2   2   2   2   2   2 |     CCA   1   1   0   0   0   0 | Gln CAA   0   0   1   1   1   1 |     CGA   2   2   3   2   2   3
    CTG   0   0   0   0   0   0 |     CCG   0   0   1   1   1   1 |     CAG   2   2   1   1   1   1 |     CGG   2   2   1   2   2   1
--------------------------------------------------------------------------------------------------------------------------------------
Ile ATT   1   1   1   1   1   1 | Thr ACT   3   3   1   2   3   2 | Asn AAT   0   0   0   0   0   0 | Ser AGT   0   0   1   0   1   0
    ATC   4   4   4   4   4   4 |     ACC   2   2   4   3   2   3 |     AAC   1   1   1   1   1   1 |     AGC   1   1   0   1   0   1
    ATA   0   0   0   0   0   0 |     ACA   4   4   4   4   4   4 | Lys AAA   5   5   5   5   5   5 | Arg AGA   4   4   3   4   3   3
Met ATG   4   4   5   4   4   4 |     ACG   0   0   0   0   0   0 |     AAG   3   3   3   3   3   3 |     AGG   1   1   2   1   2   2
--------------------------------------------------------------------------------------------------------------------------------------
Val GTT   3   3   2   2   2   2 | Ala GCT   2   2   2   2   2   2 | Asp GAT   6   6   6   6   6   6 | Gly GGT   0   0   0   0   0   0
    GTC   2   2   3   3   3   3 |     GCC   0   0   0   0   0   0 |     GAC   2   2   2   2   2   2 |     GGC   3   3   3   3   3   3
    GTA   1   1   1   2   2   1 |     GCA   2   2   2   2   2   2 | Glu GAA   4   4   4   4   4   4 |     GGA   2   3   3   3   3   3
    GTG   6   6   5   5   5   6 |     GCG   1   1   1   1   1   1 |     GAG   8   8   8   8   8   8 |     GGG   2   1   1   1   1   1
--------------------------------------------------------------------------------------------------------------------------------------

--------------------------------------------------------------------------------------------------------------------------------------
Phe TTT   0   0   0   0   0   0 | Ser TCT   0   0   0   0   0   0 | Tyr TAT   4   4   4   4   4   4 | Cys TGT   0   0   0   0   0   0
    TTC   2   2   2   2   2   1 |     TCC   1   1   1   1   1   1 |     TAC   1   1   1   1   1   2 |     TGC   0   0   0   0   0   0
Leu TTA   0   0   0   0   0   0 |     TCA   2   2   2   2   2   2 | *** TAA   0   0   0   0   0   0 | *** TGA   0   0   0   0   0   0
    TTG   2   2   2   1   1   2 |     TCG   0   0   0   0   0   0 |     TAG   0   0   0   0   0   0 | Trp TGG   3   3   3   3   3   3
--------------------------------------------------------------------------------------------------------------------------------------
Leu CTT   1   1   1   1   1   1 | Pro CCT   4   4   4   4   5   4 | His CAT   1   1   1   1   1   1 | Arg CGT   1   1   1   1   1   1
    CTC   1   1   1   1   1   1 |     CCC   4   4   4   4   4   4 |     CAC   2   2   2   2   2   2 |     CGC   1   1   1   1   1   1
    CTA   2   2   2   2   2   2 |     CCA   0   0   0   0   0   0 | Gln CAA   1   1   1   1   1   1 |     CGA   2   2   3   2   2   2
    CTG   0   0   0   1   1   0 |     CCG   1   1   1   1   1   1 |     CAG   1   1   1   1   1   1 |     CGG   2   2   1   2   2   2
--------------------------------------------------------------------------------------------------------------------------------------
Ile ATT   1   1   1   1   1   1 | Thr ACT   3   3   2   3   1   2 | Asn AAT   0   0   0   0   0   0 | Ser AGT   0   0   0   1   0   0
    ATC   4   5   4   4   4   4 |     ACC   2   2   3   2   3   3 |     AAC   1   1   1   1   1   1 |     AGC   1   1   1   0   1   1
    ATA   0   0   0   0   0   0 |     ACA   4   4   4   4   4   4 | Lys AAA   5   4   6   5   5   5 | Arg AGA   4   4   3   3   3   4
Met ATG   4   4   4   4   4   4 |     ACG   0   0   0   0   0   0 |     AAG   3   4   2   3   3   3 |     AGG   1   1   2   2   2   1
--------------------------------------------------------------------------------------------------------------------------------------
Val GTT   2   2   2   2   2   2 | Ala GCT   2   2   2   2   2   2 | Asp GAT   6   5   6   6   6   6 | Gly GGT   0   1   0   0   0   0
    GTC   3   2   3   3   3   3 |     GCC   0   0   0   0   0   0 |     GAC   2   2   2   2   2   2 |     GGC   3   3   3   3   3   3
    GTA   2   2   1   1   1   1 |     GCA   2   3   2   2   2   2 | Glu GAA   4   4   4   4   4   5 |     GGA   3   4   3   3   3   3
    GTG   5   5   6   6   6   7 |     GCG   1   0   1   1   1   0 |     GAG   8   8   8   8   8   7 |     GGG   1   0   1   1   1   1
--------------------------------------------------------------------------------------------------------------------------------------

--------------------------------------------------------------------------------------------------------------------------------------
Phe TTT   0   0   0   0   0   0 | Ser TCT   0   0   0   0   0   0 | Tyr TAT   4   4   4   4   3   4 | Cys TGT   0   0   0   0   0   0
    TTC   2   1   2   2   1   2 |     TCC   1   1   1   1   1   1 |     TAC   1   2   1   1   3   1 |     TGC   0   0   0   0   0   0
Leu TTA   0   0   0   0   0   0 |     TCA   2   2   2   2   2   2 | *** TAA   0   0   0   0   0   0 | *** TGA   0   0   0   0   0   0
    TTG   1   2   2   2   2   1 |     TCG   0   0   0   0   0   0 |     TAG   0   0   0   0   0   0 | Trp TGG   3   3   3   3   3   3
--------------------------------------------------------------------------------------------------------------------------------------
Leu CTT   1   1   1   1   1   1 | Pro CCT   4   4   4   4   4   5 | His CAT   1   1   1   1   1   1 | Arg CGT   1   1   1   1   1   1
    CTC   1   1   1   1   1   1 |     CCC   4   4   4   4   4   4 |     CAC   2   2   2   2   2   2 |     CGC   1   1   1   1   1   1
    CTA   2   2   2   2   2   2 |     CCA   0   1   0   0   0   0 | Gln CAA   1   1   1   1   0   1 |     CGA   2   2   2   3   2   2
    CTG   1   0   0   0   0   1 |     CCG   1   0   1   1   1   1 |     CAG   1   1   1   1   2   1 |     CGG   2   2   2   1   2   2
--------------------------------------------------------------------------------------------------------------------------------------
Ile ATT   1   1   1   1   1   1 | Thr ACT   3   2   3   3   3   1 | Asn AAT   0   0   0   0   0   0 | Ser AGT   1   0   0   0   1   0
    ATC   4   4   4   4   4   4 |     ACC   2   3   2   2   2   3 |     AAC   1   1   0   1   1   1 |     AGC   0   1   2   1   0   1
    ATA   0   0   0   0   0   0 |     ACA   4   4   4   4   4   4 | Lys AAA   5   5   5   5   5   5 | Arg AGA   3   4   4   3   4   3
Met ATG   4   4   4   4   4   4 |     ACG   0   0   0   0   0   0 |     AAG   3   3   3   3   3   3 |     AGG   2   1   1   2   1   2
--------------------------------------------------------------------------------------------------------------------------------------
Val GTT   2   2   2   2   2   2 | Ala GCT   2   2   2   2   2   2 | Asp GAT   6   6   6   6   6   6 | Gly GGT   0   0   0   0   0   0
    GTC   3   3   3   3   3   3 |     GCC   0   0   1   0   0   0 |     GAC   2   2   2   2   2   2 |     GGC   3   3   3   3   3   3
    GTA   1   2   3   1   2   1 |     GCA   2   2   2   2   2   3 | Glu GAA   4   4   4   4   4   4 |     GGA   3   3   3   3   3   3
    GTG   6   5   4   5   4   6 |     GCG   1   1   0   2   2   0 |     GAG   8   8   8   8   8   8 |     GGG   1   1   1   1   1   1
--------------------------------------------------------------------------------------------------------------------------------------

--------------------------------------------------------------------------------------------------------------------------------------
Phe TTT   0   0   0   0   0   0 | Ser TCT   1   0   0   0   0   0 | Tyr TAT   4   4   4   3   4   4 | Cys TGT   0   0   0   0   0   0
    TTC   2   2   2   2   2   2 |     TCC   1   1   1   1   1   1 |     TAC   1   1   1   2   1   1 |     TGC   0   0   0   0   0   0
Leu TTA   0   0   0   0   0   0 |     TCA   1   2   2   2   2   2 | *** TAA   0   0   0   0   0   0 | *** TGA   0   0   0   0   0   0
    TTG   2   2   2   2   1   2 |     TCG   0   0   0   0   0   0 |     TAG   0   0   0   0   0   0 | Trp TGG   3   3   3   3   3   3
--------------------------------------------------------------------------------------------------------------------------------------
Leu CTT   1   1   1   1   1   1 | Pro CCT   4   4   4   4   4   4 | His CAT   1   1   1   1   1   1 | Arg CGT   1   1   1   1   1   1
    CTC   1   1   1   1   1   1 |     CCC   4   4   4   4   5   4 |     CAC   2   2   2   2   2   2 |     CGC   1   1   1   1   1   1
    CTA   2   2   2   2   0   2 |     CCA   0   1   0   0   0   0 | Gln CAA   1   1   1   1   1   1 |     CGA   2   2   3   2   2   2
    CTG   0   0   0   0   3   0 |     CCG   1   0   1   1   0   1 |     CAG   1   1   1   1   1   1 |     CGG   2   2   1   2   2   2
--------------------------------------------------------------------------------------------------------------------------------------
Ile ATT   1   1   1   1   1   1 | Thr ACT   2   2   2   2   3   3 | Asn AAT   0   0   0   0   0   0 | Ser AGT   0   0   0   0   1   0
    ATC   4   4   4   4   4   4 |     ACC   3   3   3   3   2   2 |     AAC   1   1   1   1   1   1 |     AGC   1   1   1   1   0   1
    ATA   0   0   0   0   0   0 |     ACA   4   4   4   4   3   4 | Lys AAA   5   5   5   5   5   5 | Arg AGA   3   4   3   4   3   4
Met ATG   4   4   4   4   4   4 |     ACG   0   0   0   0   1   0 |     AAG   3   3   3   3   3   3 |     AGG   2   1   2   1   2   1
--------------------------------------------------------------------------------------------------------------------------------------
Val GTT   2   2   2   2   2   2 | Ala GCT   2   2   2   2   2   2 | Asp GAT   6   6   6   6   4   6 | Gly GGT   0   0   0   0   0   0
    GTC   3   3   3   3   3   3 |     GCC   0   0   0   0   0   0 |     GAC   2   2   2   2   4   2 |     GGC   3   3   3   3   3   3
    GTA   1   1   1   1   1   2 |     GCA   2   2   2   2   2   2 | Glu GAA   4   5   4   4   4   4 |     GGA   3   3   3   3   3   3
    GTG   6   6   6   6   6   5 |     GCG   1   1   1   1   1   1 |     GAG   8   7   8   8   8   8 |     GGG   1   1   1   1   1   1
--------------------------------------------------------------------------------------------------------------------------------------

--------------------------------------------------------------------------------------------------------------------------------------
Phe TTT   0   0   0   0   0   0 | Ser TCT   0   0   0   0   0   0 | Tyr TAT   4   4   4   4   4   4 | Cys TGT   0   0   0   0   0   0
    TTC   2   2   2   2   2   2 |     TCC   1   1   1   1   1   1 |     TAC   1   1   1   1   1   1 |     TGC   0   0   0   0   0   0
Leu TTA   0   0   0   0   0   0 |     TCA   2   2   2   2   2   2 | *** TAA   0   0   0   0   0   0 | *** TGA   0   0   0   0   0   0
    TTG   2   1   2   2   2   1 |     TCG   0   0   0   0   0   0 |     TAG   0   0   0   0   0   0 | Trp TGG   3   3   3   3   3   3
--------------------------------------------------------------------------------------------------------------------------------------
Leu CTT   1   1   1   1   1   1 | Pro CCT   4   4   4   4   4   4 | His CAT   1   1   1   1   1   1 | Arg CGT   1   1   1   1   1   1
    CTC   1   1   1   1   1   1 |     CCC   4   4   4   4   4   4 |     CAC   2   2   2   2   2   2 |     CGC   1   1   1   1   1   1
    CTA   2   2   2   2   2   2 |     CCA   0   0   0   0   1   0 | Gln CAA   1   1   1   1   1   1 |     CGA   2   2   2   2   2   2
    CTG   0   1   0   0   0   1 |     CCG   1   1   1   1   0   1 |     CAG   1   1   1   1   1   1 |     CGG   2   2   2   2   2   2
--------------------------------------------------------------------------------------------------------------------------------------
Ile ATT   1   1   1   1   1   1 | Thr ACT   3   3   3   3   2   2 | Asn AAT   0   0   0   0   0   0 | Ser AGT   0   1   0   0   0   0
    ATC   4   4   4   4   4   5 |     ACC   2   2   2   2   3   3 |     AAC   1   1   1   1   1   1 |     AGC   1   0   1   1   1   1
    ATA   0   0   0   0   0   0 |     ACA   4   4   4   4   4   4 | Lys AAA   5   5   4   4   5   5 | Arg AGA   4   3   4   4   4   3
Met ATG   4   4   4   4   4   4 |     ACG   0   0   0   0   0   0 |     AAG   3   3   4   4   3   3 |     AGG   1   2   1   1   1   2
--------------------------------------------------------------------------------------------------------------------------------------
Val GTT   2   2   2   2   2   2 | Ala GCT   2   2   2   2   2   2 | Asp GAT   6   6   6   6   6   6 | Gly GGT   0   0   0   0   0   0
    GTC   3   3   3   3   3   2 |     GCC   0   0   0   0   0   0 |     GAC   2   2   2   2   2   2 |     GGC   3   3   3   3   3   3
    GTA   2   1   3   2   1   1 |     GCA   2   2   2   3   2   2 | Glu GAA   4   4   4   4   5   4 |     GGA   3   3   3   4   3   3
    GTG   5   6   4   5   6   6 |     GCG   1   1   1   0   1   1 |     GAG   8   8   8   8   7   8 |     GGG   1   1   1   0   1   1
--------------------------------------------------------------------------------------------------------------------------------------

--------------------------------------------------------------------------------------------------------------------------------------
Phe TTT   0   1   0   0   0   0 | Ser TCT   0   0   0   0   0   0 | Tyr TAT   4   3   4   4   4   4 | Cys TGT   0   0   0   0   0   0
    TTC   2   1   2   2   1   1 |     TCC   1   1   1   1   1   1 |     TAC   1   2   1   1   2   2 |     TGC   0   0   0   0   0   0
Leu TTA   0   0   0   0   0   0 |     TCA   2   2   2   2   2   2 | *** TAA   0   0   0   0   0   0 | *** TGA   0   0   0   0   0   0
    TTG   2   2   2   2   2   2 |     TCG   0   0   0   0   0   0 |     TAG   0   0   0   0   0   0 | Trp TGG   3   3   3   3   3   3
--------------------------------------------------------------------------------------------------------------------------------------
Leu CTT   1   0   1   1   1   1 | Pro CCT   4   4   4   4   4   4 | His CAT   1   1   1   1   1   1 | Arg CGT   1   1   1   1   1   1
    CTC   1   2   1   1   1   1 |     CCC   4   4   4   4   4   4 |     CAC   2   2   2   2   2   2 |     CGC   1   1   2   2   1   1
    CTA   2   2   2   2   2   2 |     CCA   0   0   0   0   0   0 | Gln CAA   1   1   1   0   1   1 |     CGA   2   2   2   1   2   2
    CTG   0   0   0   0   0   0 |     CCG   1   1   1   1   1   1 |     CAG   1   1   1   2   1   1 |     CGG   2   2   1   2   2   2
--------------------------------------------------------------------------------------------------------------------------------------
Ile ATT   1   1   1   1   1   1 | Thr ACT   3   2   2   3   2   2 | Asn AAT   0   0   0   0   0   0 | Ser AGT   1   0   0   1   0   0
    ATC   4   4   4   4   4   4 |     ACC   2   3   3   2   3   3 |     AAC   1   1   0   1   1   1 |     AGC   0   1   2   0   1   1
    ATA   0   0   0   0   0   0 |     ACA   4   4   3   3   4   4 | Lys AAA   5   5   5   5   5   5 | Arg AGA   3   3   3   4   4   4
Met ATG   4   4   4   4   4   4 |     ACG   0   0   1   1   0   0 |     AAG   3   3   3   3   3   3 |     AGG   2   2   2   1   1   1
--------------------------------------------------------------------------------------------------------------------------------------
Val GTT   2   2   2   2   2   2 | Ala GCT   2   2   2   2   2   2 | Asp GAT   6   6   6   5   6   6 | Gly GGT   0   0   0   0   0   0
    GTC   3   3   3   3   3   3 |     GCC   0   0   0   0   0   0 |     GAC   2   2   2   3   2   2 |     GGC   3   3   3   3   3   3
    GTA   1   2   1   1   2   2 |     GCA   2   2   1   3   2   2 | Glu GAA   4   4   4   4   4   4 |     GGA   3   3   3   3   3   3
    GTG   6   5   6   5   5   5 |     GCG   1   1   2   1   1   1 |     GAG   8   8   8   8   8   8 |     GGG   1   1   1   1   1   1
--------------------------------------------------------------------------------------------------------------------------------------

Codon position x base (3x4) table for each sequence.

#1: Argali         
position  1:    T:0.12931    C:0.20690    A:0.28448    G:0.37931
position  2:    T:0.25000    C:0.22414    A:0.33621    G:0.18966
position  3:    T:0.21552    C:0.24138    A:0.27586    G:0.26724
Average         T:0.19828    C:0.22414    A:0.29885    G:0.27874

#2: LesserMouseDeer
position  1:    T:0.12069    C:0.20690    A:0.31034    G:0.36207
position  2:    T:0.23276    C:0.23276    A:0.34483    G:0.18966
position  3:    T:0.13793    C:0.31897    A:0.21552    G:0.32759
Average         T:0.16379    C:0.25287    A:0.29023    G:0.29310

#3: LesserKudu     
position  1:    T:0.12931    C:0.20690    A:0.28448    G:0.37931
position  2:    T:0.24138    C:0.22414    A:0.34483    G:0.18966
position  3:    T:0.21552    C:0.24138    A:0.25862    G:0.28448
Average         T:0.19540    C:0.22414    A:0.29598    G:0.28448

#4: ForestMuskDeer2
position  1:    T:0.12931    C:0.20690    A:0.28448    G:0.37931
position  2:    T:0.24138    C:0.23276    A:0.33621    G:0.18966
position  3:    T:0.21552    C:0.25000    A:0.24138    G:0.29310
Average         T:0.19540    C:0.22989    A:0.28736    G:0.28736

#5: Camel          
position  1:    T:0.12931    C:0.21552    A:0.30172    G:0.35345
position  2:    T:0.24138    C:0.21552    A:0.34483    G:0.19828
position  3:    T:0.21552    C:0.23276    A:0.26724    G:0.28448
Average         T:0.19540    C:0.22126    A:0.30460    G:0.27874

#6: KillerWhale    
position  1:    T:0.12931    C:0.20690    A:0.29310    G:0.37069
position  2:    T:0.24138    C:0.21552    A:0.33621    G:0.20690
position  3:    T:0.22414    C:0.24138    A:0.25862    G:0.27586
Average         T:0.19828    C:0.22126    A:0.29598    G:0.28448

#7: DefassaWaterbuck
position  1:    T:0.12931    C:0.20690    A:0.28448    G:0.37931
position  2:    T:0.25000    C:0.22414    A:0.33621    G:0.18966
position  3:    T:0.19828    C:0.25862    A:0.25862    G:0.28448
Average         T:0.19253    C:0.22989    A:0.29310    G:0.28448

#8: Sheep          
position  1:    T:0.12931    C:0.20690    A:0.28448    G:0.37931
position  2:    T:0.25000    C:0.22414    A:0.33621    G:0.18966
position  3:    T:0.21552    C:0.24138    A:0.27586    G:0.26724
Average         T:0.19828    C:0.22414    A:0.29885    G:0.27874

#9: MaxwellsDuiker 
position  1:    T:0.12931    C:0.20690    A:0.28448    G:0.37931
position  2:    T:0.25000    C:0.22414    A:0.33621    G:0.18966
position  3:    T:0.21552    C:0.23276    A:0.27586    G:0.27586
Average         T:0.19828    C:0.22126    A:0.29885    G:0.28161

#10: GazellaPrzewalskyi
position  1:    T:0.12931    C:0.20690    A:0.28448    G:0.37931
position  2:    T:0.25000    C:0.22414    A:0.33621    G:0.18966
position  3:    T:0.22414    C:0.23276    A:0.25000    G:0.29310
Average         T:0.20115    C:0.22126    A:0.29023    G:0.28736

#11: MountainNyala  
position  1:    T:0.12931    C:0.20690    A:0.29310    G:0.37069
position  2:    T:0.24138    C:0.22414    A:0.34483    G:0.18966
position  3:    T:0.20690    C:0.25000    A:0.26724    G:0.27586
Average         T:0.19253    C:0.22701    A:0.30172    G:0.27874

#12: MuntiacusMuntjak
position  1:    T:0.12931    C:0.20690    A:0.28448    G:0.37931
position  2:    T:0.25000    C:0.22414    A:0.33621    G:0.18966
position  3:    T:0.21552    C:0.24138    A:0.26724    G:0.27586
Average         T:0.19828    C:0.22414    A:0.29598    G:0.28161

#13: goat           
position  1:    T:0.12931    C:0.20690    A:0.28448    G:0.37931
position  2:    T:0.25000    C:0.22414    A:0.33621    G:0.18966
position  3:    T:0.20690    C:0.25000    A:0.25862    G:0.28448
Average         T:0.19540    C:0.22701    A:0.29310    G:0.28448

#14: AfricanBuffalo 
position  1:    T:0.12931    C:0.20690    A:0.28448    G:0.37931
position  2:    T:0.25000    C:0.22414    A:0.33621    G:0.18966
position  3:    T:0.19828    C:0.25862    A:0.25862    G:0.28448
Average         T:0.19253    C:0.22989    A:0.29310    G:0.28448

#15: Topi           
position  1:    T:0.12931    C:0.20690    A:0.28448    G:0.37931
position  2:    T:0.25000    C:0.22414    A:0.33621    G:0.18966
position  3:    T:0.21552    C:0.25000    A:0.24138    G:0.29310
Average         T:0.19828    C:0.22701    A:0.28736    G:0.28736

#16: CommonDuiker   
position  1:    T:0.12931    C:0.20690    A:0.28448    G:0.37931
position  2:    T:0.25000    C:0.22414    A:0.33621    G:0.18966
position  3:    T:0.20690    C:0.25000    A:0.25862    G:0.28448
Average         T:0.19540    C:0.22701    A:0.29310    G:0.28448

#17: Suni           
position  1:    T:0.13793    C:0.19828    A:0.28448    G:0.37931
position  2:    T:0.25000    C:0.22414    A:0.33621    G:0.18966
position  3:    T:0.20690    C:0.25000    A:0.27586    G:0.26724
Average         T:0.19828    C:0.22414    A:0.29885    G:0.27874

#18: Springbuck     
position  1:    T:0.12069    C:0.21552    A:0.28448    G:0.37931
position  2:    T:0.25000    C:0.21552    A:0.34483    G:0.18966
position  3:    T:0.22414    C:0.23276    A:0.25000    G:0.29310
Average         T:0.19828    C:0.22126    A:0.29310    G:0.28736

#19: Okapi          
position  1:    T:0.12931    C:0.20690    A:0.28448    G:0.37931
position  2:    T:0.25000    C:0.22414    A:0.33621    G:0.18966
position  3:    T:0.22414    C:0.23276    A:0.25000    G:0.29310
Average         T:0.20115    C:0.22126    A:0.29023    G:0.28736

#20: Giraffe        
position  1:    T:0.12931    C:0.20690    A:0.28448    G:0.37931
position  2:    T:0.25000    C:0.22414    A:0.33621    G:0.18966
position  3:    T:0.21552    C:0.24138    A:0.25862    G:0.28448
Average         T:0.19828    C:0.22414    A:0.29310    G:0.28448

#21: TibetanAntelope
position  1:    T:0.12931    C:0.20690    A:0.29310    G:0.37069
position  2:    T:0.25000    C:0.22414    A:0.33621    G:0.18966
position  3:    T:0.19828    C:0.25862    A:0.25862    G:0.28448
Average         T:0.19253    C:0.22989    A:0.29598    G:0.28161

#22: Sitatunga      
position  1:    T:0.12931    C:0.20690    A:0.28448    G:0.37931
position  2:    T:0.24138    C:0.22414    A:0.34483    G:0.18966
position  3:    T:0.20690    C:0.25000    A:0.26724    G:0.27586
Average         T:0.19253    C:0.22701    A:0.29885    G:0.28161

#23: Oribi          
position  1:    T:0.12931    C:0.20690    A:0.28448    G:0.37931
position  2:    T:0.25000    C:0.22414    A:0.33621    G:0.18966
position  3:    T:0.22414    C:0.23276    A:0.25862    G:0.28448
Average         T:0.20115    C:0.22126    A:0.29310    G:0.28448

#24: BarbarySheep   
position  1:    T:0.12931    C:0.20690    A:0.28448    G:0.37931
position  2:    T:0.25000    C:0.22414    A:0.33621    G:0.18966
position  3:    T:0.20690    C:0.25000    A:0.25862    G:0.28448
Average         T:0.19540    C:0.22701    A:0.29310    G:0.28448

#25: Daviddeer      
position  1:    T:0.12931    C:0.20690    A:0.28448    G:0.37931
position  2:    T:0.25000    C:0.22414    A:0.33621    G:0.18966
position  3:    T:0.21552    C:0.24138    A:0.26724    G:0.27586
Average         T:0.19828    C:0.22414    A:0.29598    G:0.28161

#26: Reindeer       
position  1:    T:0.12931    C:0.20690    A:0.29310    G:0.37069
position  2:    T:0.25000    C:0.22414    A:0.32759    G:0.19828
position  3:    T:0.21552    C:0.24138    A:0.27586    G:0.26724
Average         T:0.19828    C:0.22414    A:0.29885    G:0.27874

#27: Ibex           
position  1:    T:0.12931    C:0.20690    A:0.28448    G:0.37931
position  2:    T:0.25000    C:0.22414    A:0.33621    G:0.18966
position  3:    T:0.20690    C:0.25000    A:0.26724    G:0.27586
Average         T:0.19540    C:0.22701    A:0.29598    G:0.28161

#28: GyrantGazelle  
position  1:    T:0.12069    C:0.21552    A:0.28448    G:0.37931
position  2:    T:0.25000    C:0.22414    A:0.33621    G:0.18966
position  3:    T:0.22414    C:0.23276    A:0.25000    G:0.29310
Average         T:0.19828    C:0.22414    A:0.29023    G:0.28736

#29: Hartebeest     
position  1:    T:0.12069    C:0.22414    A:0.27586    G:0.37931
position  2:    T:0.25000    C:0.22414    A:0.33621    G:0.18966
position  3:    T:0.20690    C:0.25000    A:0.25000    G:0.29310
Average         T:0.19253    C:0.23276    A:0.28736    G:0.28736

#30: Bongo          
position  1:    T:0.12931    C:0.20690    A:0.28448    G:0.37931
position  2:    T:0.25000    C:0.21552    A:0.34483    G:0.18966
position  3:    T:0.20690    C:0.25000    A:0.26724    G:0.27586
Average         T:0.19540    C:0.22414    A:0.29885    G:0.28161

#31: Gerenuk        
position  1:    T:0.12069    C:0.21552    A:0.28448    G:0.37931
position  2:    T:0.25000    C:0.22414    A:0.33621    G:0.18966
position  3:    T:0.22414    C:0.23276    A:0.25000    G:0.29310
Average         T:0.19828    C:0.22414    A:0.29023    G:0.28736

#32: CommonEland    
position  1:    T:0.12931    C:0.20690    A:0.28448    G:0.37931
position  2:    T:0.24138    C:0.22414    A:0.34483    G:0.18966
position  3:    T:0.20690    C:0.25000    A:0.27586    G:0.26724
Average         T:0.19253    C:0.22701    A:0.30172    G:0.27874

#33: MuntiacusReevesi
position  1:    T:0.12931    C:0.20690    A:0.28448    G:0.37931
position  2:    T:0.25000    C:0.22414    A:0.32759    G:0.19828
position  3:    T:0.21552    C:0.25000    A:0.27586    G:0.25862
Average         T:0.19828    C:0.22701    A:0.29598    G:0.27874

#34: HarveysDuiker  
position  1:    T:0.12931    C:0.20690    A:0.28448    G:0.37931
position  2:    T:0.24138    C:0.23276    A:0.33621    G:0.18966
position  3:    T:0.21552    C:0.24138    A:0.25862    G:0.28448
Average         T:0.19540    C:0.22701    A:0.29310    G:0.28448

#35: Pronghorn      
position  1:    T:0.12931    C:0.20690    A:0.28448    G:0.37931
position  2:    T:0.23276    C:0.23276    A:0.34483    G:0.18966
position  3:    T:0.21552    C:0.24138    A:0.25862    G:0.28448
Average         T:0.19253    C:0.22701    A:0.29598    G:0.28448

#36: BlueWildebeest 
position  1:    T:0.12069    C:0.22414    A:0.27586    G:0.37931
position  2:    T:0.25000    C:0.22414    A:0.33621    G:0.18966
position  3:    T:0.20690    C:0.25000    A:0.25862    G:0.28448
Average         T:0.19253    C:0.23276    A:0.29023    G:0.28448

#37: Gemsbok        
position  1:    T:0.12931    C:0.20690    A:0.28448    G:0.37931
position  2:    T:0.25000    C:0.22414    A:0.33621    G:0.18966
position  3:    T:0.21552    C:0.25000    A:0.24138    G:0.29310
Average         T:0.19828    C:0.22701    A:0.28736    G:0.28736

#38: Yak            
position  1:    T:0.12931    C:0.20690    A:0.28448    G:0.37931
position  2:    T:0.25000    C:0.22414    A:0.33621    G:0.18966
position  3:    T:0.20690    C:0.25000    A:0.27586    G:0.26724
Average         T:0.19540    C:0.22701    A:0.29885    G:0.27874

#39: BlueSheep      
position  1:    T:0.12931    C:0.20690    A:0.28448    G:0.37931
position  2:    T:0.25000    C:0.22414    A:0.33621    G:0.18966
position  3:    T:0.20690    C:0.25000    A:0.25862    G:0.28448
Average         T:0.19540    C:0.22701    A:0.29310    G:0.28448

#40: BohorReedbuck  
position  1:    T:0.12931    C:0.20690    A:0.28448    G:0.37931
position  2:    T:0.25000    C:0.22414    A:0.33621    G:0.18966
position  3:    T:0.19828    C:0.25862    A:0.25862    G:0.28448
Average         T:0.19253    C:0.22989    A:0.29310    G:0.28448

#41: KirksDik       
position  1:    T:0.12069    C:0.21552    A:0.28448    G:0.37931
position  2:    T:0.25000    C:0.22414    A:0.33621    G:0.18966
position  3:    T:0.20690    C:0.25862    A:0.22414    G:0.31034
Average         T:0.19253    C:0.23276    A:0.28161    G:0.29310

#42: RoeDeer        
position  1:    T:0.12931    C:0.20690    A:0.28448    G:0.37931
position  2:    T:0.25000    C:0.22414    A:0.33621    G:0.18966
position  3:    T:0.21552    C:0.24138    A:0.26724    G:0.27586
Average         T:0.19828    C:0.22414    A:0.29598    G:0.28161

#43: WhiteLippedDeer
position  1:    T:0.12931    C:0.20690    A:0.28448    G:0.37931
position  2:    T:0.25000    C:0.22414    A:0.33621    G:0.18966
position  3:    T:0.21552    C:0.24138    A:0.26724    G:0.27586
Average         T:0.19828    C:0.22414    A:0.29598    G:0.28161

#44: ThomsonGazelle 
position  1:    T:0.12069    C:0.21552    A:0.28448    G:0.37931
position  2:    T:0.25000    C:0.22414    A:0.33621    G:0.18966
position  3:    T:0.22414    C:0.23276    A:0.25000    G:0.29310
Average         T:0.19828    C:0.22414    A:0.29023    G:0.28736

#45: MuntiacusCrinifrons
position  1:    T:0.12931    C:0.20690    A:0.28448    G:0.37931
position  2:    T:0.25000    C:0.22414    A:0.33621    G:0.18966
position  3:    T:0.21552    C:0.24138    A:0.26724    G:0.27586
Average         T:0.19828    C:0.22414    A:0.29598    G:0.28161

#46: WhiteTailedDeer
position  1:    T:0.12931    C:0.20690    A:0.28448    G:0.37931
position  2:    T:0.25000    C:0.22414    A:0.33621    G:0.18966
position  3:    T:0.21552    C:0.24138    A:0.27586    G:0.26724
Average         T:0.19828    C:0.22414    A:0.29885    G:0.27874

#47: Cattle         
position  1:    T:0.12931    C:0.20690    A:0.28448    G:0.37931
position  2:    T:0.25000    C:0.22414    A:0.33621    G:0.18966
position  3:    T:0.20690    C:0.25000    A:0.27586    G:0.26724
Average         T:0.19540    C:0.22701    A:0.29885    G:0.27874

#48: RoyalAntelope  
position  1:    T:0.12069    C:0.21552    A:0.29310    G:0.37069
position  2:    T:0.25000    C:0.22414    A:0.33621    G:0.18966
position  3:    T:0.20690    C:0.25000    A:0.25000    G:0.29310
Average         T:0.19253    C:0.22989    A:0.29310    G:0.28448

#49: Steenbok       
position  1:    T:0.12931    C:0.20690    A:0.28448    G:0.37931
position  2:    T:0.25000    C:0.22414    A:0.33621    G:0.18966
position  3:    T:0.22414    C:0.23276    A:0.25000    G:0.29310
Average         T:0.20115    C:0.22126    A:0.29023    G:0.28736

#50: Impala         
position  1:    T:0.12931    C:0.20690    A:0.28448    G:0.37931
position  2:    T:0.25000    C:0.22414    A:0.33621    G:0.18966
position  3:    T:0.19828    C:0.25862    A:0.25862    G:0.28448
Average         T:0.19253    C:0.22989    A:0.29310    G:0.28448

#51: Klipspringer   
position  1:    T:0.12931    C:0.20690    A:0.28448    G:0.37931
position  2:    T:0.25000    C:0.22414    A:0.32759    G:0.19828
