CODONML (in paml version 4.10.7, June 2023)  /home/rachel/ruminants_paml/6406-phy-tree/ENSBTAT00000033914.fasta.phy
Model: free dN/dS Ratios for branches,  kappa = 2.000 fixed

Codon frequency model: F3x4
ns =  54  ls =  26

Codon usage in sequences
--------------------------------------------------------------------------------------------------------------------------------------
Phe TTT   0   0   0   0   0   0 | Ser TCT   0   0   0   0   0   0 | Tyr TAT   0   0   0   0   0   0 | Cys TGT   0   0   0   0   0   0
    TTC   0   0   0   0   0   0 |     TCC   0   0   0   0   0   1 |     TAC   0   0   0   0   0   0 |     TGC   1   0   0   1   1   1
Leu TTA   0   0   0   0   0   0 |     TCA   1   1   0   1   1   1 | *** TAA   0   0   0   0   0   0 | *** TGA   0   0   0   0   0   0
    TTG   0   0   0   0   1   1 |     TCG   0   0   1   0   0   0 |     TAG   0   0   0   0   0   0 | Trp TGG   0   1   1   1   0   0
--------------------------------------------------------------------------------------------------------------------------------------
Leu CTT   0   0   0   0   0   0 | Pro CCT   1   1   1   1   1   1 | His CAT   0   0   0   0   0   0 | Arg CGT   0   0   0   0   0   0
    CTC   0   0   0   0   0   0 |     CCC   1   1   1   1   1   0 |     CAC   0   1   1   0   0   0 |     CGC   0   0   0   0   0   0
    CTA   0   0   0   0   0   0 |     CCA   1   2   2   2   2   2 | Gln CAA   0   0   0   0   0   0 |     CGA   0   0   0   0   0   0
    CTG   1   1   1   1   1   1 |     CCG   1   0   0   0   0   0 |     CAG   1   1   1   1   1   1 |     CGG   0   0   0   0   0   0
--------------------------------------------------------------------------------------------------------------------------------------
Ile ATT   0   0   0   0   0   0 | Thr ACT   1   0   1   1   1   1 | Asn AAT   1   0   0   1   0   0 | Ser AGT   1   1   1   1   1   1
    ATC   0   0   0   0   0   0 |     ACC   0   1   0   0   0   0 |     AAC   0   0   1   0   0   0 |     AGC   2   2   1   2   2   2
    ATA   0   0   0   0   0   0 |     ACA   1   2   1   2   1   1 | Lys AAA   0   0   0   0   0   0 | Arg AGA   0   0   0   0   0   0
Met ATG   0   0   0   0   0   0 |     ACG   1   1   1   0   1   1 |     AAG   3   3   3   3   4   4 |     AGG   0   0   0   0   0   0
--------------------------------------------------------------------------------------------------------------------------------------
Val GTT   0   0   0   0   0   0 | Ala GCT   0   0   0   0   0   0 | Asp GAT   0   0   0   0   0   0 | Gly GGT   0   0   0   0   0   0
    GTC   0   0   0   0   0   0 |     GCC   1   1   1   1   1   1 |     GAC   2   2   2   2   2   2 |     GGC   0   0   1   0   0   0
    GTA   0   0   0   0   0   0 |     GCA   0   0   0   0   0   0 | Glu GAA   1   1   1   1   1   1 |     GGA   0   0   0   1   0   0
    GTG   0   0   0   0   1   0 |     GCG   0   0   0   0   0   0 |     GAG   2   2   2   2   1   1 |     GGG   2   1   1   0   1   2
--------------------------------------------------------------------------------------------------------------------------------------

--------------------------------------------------------------------------------------------------------------------------------------
Phe TTT   0   0   0   0   0   0 | Ser TCT   0   0   0   0   0   0 | Tyr TAT   0   0   0   0   0   0 | Cys TGT   0   0   0   0   0   0
    TTC   0   0   0   0   0   0 |     TCC   0   0   0   0   0   0 |     TAC   0   0   0   0   0   0 |     TGC   1   1   1   1   1   1
Leu TTA   0   0   0   0   0   0 |     TCA   1   1   1   0   1   1 | *** TAA   0   0   0   0   0   0 | *** TGA   0   0   0   0   0   0
    TTG   0   0   0   0   0   0 |     TCG   0   0   0   0   0   0 |     TAG   0   0   0   0   0   0 | Trp TGG   1   0   1   1   1   1
--------------------------------------------------------------------------------------------------------------------------------------
Leu CTT   0   0   0   0   0   0 | Pro CCT   1   1   1   1   1   1 | His CAT   0   0   0   1   0   0 | Arg CGT   0   0   0   0   0   0
    CTC   0   0   0   0   0   0 |     CCC   1   1   1   1   1   1 |     CAC   0   0   0   0   0   0 |     CGC   0   0   0   0   0   0
    CTA   0   0   0   0   0   1 |     CCA   2   1   2   2   2   1 | Gln CAA   0   0   0   0   0   0 |     CGA   0   0   0   0   0   0
    CTG   1   1   1   1   1   1 |     CCG   0   1   0   0   0   0 |     CAG   1   1   1   1   1   1 |     CGG   0   0   0   0   0   0
--------------------------------------------------------------------------------------------------------------------------------------
Ile ATT   0   0   0   0   0   0 | Thr ACT   1   1   1   1   1   1 | Asn AAT   1   1   1   0   1   1 | Ser AGT   1   1   1   1   2   1
    ATC   0   0   0   0   0   0 |     ACC   0   0   0   0   0   0 |     AAC   0   0   0   0   0   0 |     AGC   2   2   2   1   1   2
    ATA   0   0   0   0   0   0 |     ACA   1   1   1   1   1   1 | Lys AAA   0   0   0   0   0   0 | Arg AGA   0   0   0   0   0   0
Met ATG   0   0   0   0   0   0 |     ACG   1   1   1   1   1   1 |     AAG   3   3   3   3   3   3 |     AGG   0   0   0   0   0   0
--------------------------------------------------------------------------------------------------------------------------------------
Val GTT   0   0   0   0   0   0 | Ala GCT   0   0   0   0   0   0 | Asp GAT   0   0   0   0   0   0 | Gly GGT   0   0   0   0   0   0
    GTC   0   0   0   0   0   0 |     GCC   1   1   1   1   1   1 |     GAC   2   2   2   2   2   2 |     GGC   0   0   0   1   0   0
    GTA   0   0   0   0   0   0 |     GCA   0   0   0   1   0   0 | Glu GAA   1   1   1   1   1   1 |     GGA   0   0   0   0   0   0
    GTG   0   0   0   0   0   0 |     GCG   0   0   0   0   0   0 |     GAG   2   2   2   2   2   2 |     GGG   1   2   1   1   1   1
--------------------------------------------------------------------------------------------------------------------------------------

--------------------------------------------------------------------------------------------------------------------------------------
Phe TTT   0   0   0   0   0   0 | Ser TCT   0   0   0   0   0   0 | Tyr TAT   0   0   0   0   0   0 | Cys TGT   0   0   0   0   0   0
    TTC   0   0   0   0   0   0 |     TCC   0   0   0   0   0   0 |     TAC   0   0   0   0   1   0 |     TGC   1   1   1   1   0   1
Leu TTA   0   0   0   0   0   0 |     TCA   1   1   1   1   1   1 | *** TAA   0   0   0   0   0   0 | *** TGA   0   0   0   0   0   0
    TTG   0   0   0   0   0   0 |     TCG   0   0   0   0   0   0 |     TAG   0   0   0   0   0   0 | Trp TGG   1   1   1   1   1   1
--------------------------------------------------------------------------------------------------------------------------------------
Leu CTT   0   0   0   0   0   0 | Pro CCT   1   1   1   1   1   1 | His CAT   0   0   0   0   0   0 | Arg CGT   0   0   0   0   0   0
    CTC   0   0   0   0   0   0 |     CCC   1   1   1   1   1   1 |     CAC   0   0   0   0   0   0 |     CGC   0   0   0   0   0   0
    CTA   0   0   0   0   0   0 |     CCA   1   2   2   2   2   2 | Gln CAA   0   0   0   0   0   0 |     CGA   0   0   0   0   0   0
    CTG   1   1   1   1   1   1 |     CCG   1   0   0   0   0   0 |     CAG   1   1   1   1   1   1 |     CGG   0   0   0   0   0   0
--------------------------------------------------------------------------------------------------------------------------------------
Ile ATT   0   0   0   0   0   0 | Thr ACT   1   1   1   1   1   1 | Asn AAT   1   1   2   1   1   0 | Ser AGT   1   1   0   1   1   1
    ATC   0   0   0   0   0   0 |     ACC   0   0   0   0   0   0 |     AAC   0   0   0   0   0   1 |     AGC   2   2   2   2   2   2
    ATA   0   0   0   0   0   0 |     ACA   1   1   1   1   1   1 | Lys AAA   0   1   0   0   0   0 | Arg AGA   0   0   0   0   0   0
Met ATG   0   0   0   0   0   0 |     ACG   1   1   1   1   1   1 |     AAG   3   2   3   3   3   3 |     AGG   0   0   0   0   0   0
--------------------------------------------------------------------------------------------------------------------------------------
Val GTT   0   0   0   0   0   0 | Ala GCT   0   0   0   0   0   0 | Asp GAT   0   0   0   0   0   0 | Gly GGT   0   0   0   0   0   0
    GTC   0   0   0   0   0   0 |     GCC   1   1   1   1   1   1 |     GAC   2   2   2   2   2   2 |     GGC   0   0   0   0   0   0
    GTA   0   0   0   0   0   0 |     GCA   0   0   0   0   0   0 | Glu GAA   1   1   1   1   1   1 |     GGA   0   0   0   0   0   0
    GTG   0   0   0   0   0   0 |     GCG   0   0   0   0   0   0 |     GAG   2   2   2   2   2   2 |     GGG   1   1   1   1   1   1
--------------------------------------------------------------------------------------------------------------------------------------

--------------------------------------------------------------------------------------------------------------------------------------
Phe TTT   0   0   0   0   0   0 | Ser TCT   0   0   0   0   0   0 | Tyr TAT   0   0   0   0   0   0 | Cys TGT   1   0   0   0   0   0
    TTC   0   0   0   0   0   0 |     TCC   0   0   0   0   0   0 |     TAC   0   0   0   0   0   0 |     TGC   0   1   1   1   1   1
Leu TTA   0   0   0   0   0   0 |     TCA   1   1   1   1   1   1 | *** TAA   0   0   0   0   0   0 | *** TGA   0   0   0   0   0   0
    TTG   0   0   0   0   0   0 |     TCG   0   0   0   0   0   0 |     TAG   0   0   0   0   0   0 | Trp TGG   1   1   1   1   1   1
--------------------------------------------------------------------------------------------------------------------------------------
Leu CTT   0   0   0   0   0   0 | Pro CCT   1   1   1   1   1   1 | His CAT   0   0   0   0   0   0 | Arg CGT   0   0   0   0   0   0
    CTC   0   0   0   0   0   0 |     CCC   1   1   1   1   1   1 |     CAC   0   0   0   0   0   0 |     CGC   0   0   0   0   0   0
    CTA   0   0   0   0   0   0 |     CCA   2   2   1   2   2   1 | Gln CAA   0   0   0   0   0   0 |     CGA   0   0   0   0   0   0
    CTG   1   1   1   1   1   1 |     CCG   0   0   1   0   0   1 |     CAG   1   1   1   1   1   1 |     CGG   0   0   0   0   0   0
--------------------------------------------------------------------------------------------------------------------------------------
Ile ATT   0   0   0   0   0   0 | Thr ACT   0   1   1   1   1   1 | Asn AAT   1   1   1   1   1   1 | Ser AGT   1   1   1   1   1   1
    ATC   0   0   0   0   0   0 |     ACC   0   0   0   0   0   0 |     AAC   0   0   0   0   0   0 |     AGC   2   2   2   2   2   2
    ATA   0   0   0   0   0   0 |     ACA   2   1   1   1   1   1 | Lys AAA   0   0   0   0   0   0 | Arg AGA   0   0   0   0   0   0
Met ATG   0   0   0   0   0   0 |     ACG   1   1   1   1   1   1 |     AAG   3   3   3   3   3   3 |     AGG   0   0   0   0   0   0
--------------------------------------------------------------------------------------------------------------------------------------
Val GTT   0   0   0   0   0   0 | Ala GCT   0   0   0   0   0   0 | Asp GAT   0   0   0   0   0   0 | Gly GGT   0   0   0   0   0   0
    GTC   0   0   0   0   0   0 |     GCC   1   1   1   1   1   1 |     GAC   2   2   2   2   2   2 |     GGC   0   0   0   0   0   0
    GTA   0   0   0   0   0   0 |     GCA   0   0   0   0   0   0 | Glu GAA   2   2   1   1   1   1 |     GGA   0   0   0   0   0   0
    GTG   0   0   0   0   0   0 |     GCG   0   0   0   0   0   0 |     GAG   1   1   2   2   2   2 |     GGG   1   1   1   1   1   1
--------------------------------------------------------------------------------------------------------------------------------------

--------------------------------------------------------------------------------------------------------------------------------------
Phe TTT   0   0   0   0   0   0 | Ser TCT   0   0   0   0   0   0 | Tyr TAT   0   0   0   0   0   0 | Cys TGT   0   0   0   0   0   0
    TTC   0   0   0   0   0   0 |     TCC   0   0   0   0   0   0 |     TAC   0   0   0   0   0   0 |     TGC   1   1   1   1   1   1
Leu TTA   0   0   0   0   0   0 |     TCA   1   1   1   1   1   1 | *** TAA   0   0   0   0   0   0 | *** TGA   0   0   0   0   0   0
    TTG   0   0   0   0   0   0 |     TCG   0   0   0   0   0   0 |     TAG   0   0   0   0   0   0 | Trp TGG   1   1   1   1   1   1
--------------------------------------------------------------------------------------------------------------------------------------
Leu CTT   0   0   0   0   0   0 | Pro CCT   1   1   1   1   1   1 | His CAT   0   0   0   0   0   0 | Arg CGT   0   0   0   0   0   0
    CTC   0   0   0   0   0   0 |     CCC   1   1   1   1   1   1 |     CAC   0   0   0   0   0   0 |     CGC   0   0   0   0   0   0
    CTA   0   0   0   0   0   0 |     CCA   2   2   1   2   2   2 | Gln CAA   0   0   0   0   0   0 |     CGA   0   0   0   0   0   0
    CTG   1   1   1   1   1   1 |     CCG   0   0   1   0   0   0 |     CAG   1   1   1   1   1   1 |     CGG   0   0   0   0   0   0
--------------------------------------------------------------------------------------------------------------------------------------
Ile ATT   0   0   0   0   0   0 | Thr ACT   1   2   1   1   1   1 | Asn AAT   1   1   1   1   2   1 | Ser AGT   1   1   1   1   0   1
    ATC   0   0   0   0   0   0 |     ACC   0   0   0   0   0   0 |     AAC   0   0   0   0   0   0 |     AGC   2   2   2   2   2   2
    ATA   0   0   0   0   0   0 |     ACA   2   1   1   2   1   1 | Lys AAA   0   0   0   0   0   0 | Arg AGA   0   0   0   0   0   0
Met ATG   0   0   0   0   0   0 |     ACG   0   0   1   0   1   1 |     AAG   3   3   3   3   3   3 |     AGG   0   0   0   0   0   0
--------------------------------------------------------------------------------------------------------------------------------------
Val GTT   0   0   0   0   0   0 | Ala GCT   0   0   0   0   0   0 | Asp GAT   0   0   0   0   0   0 | Gly GGT   0   0   0   0   0   0
    GTC   0   0   0   0   0   0 |     GCC   1   1   1   1   1   1 |     GAC   2   2   2   2   2   2 |     GGC   0   0   0   0   0   0
    GTA   0   0   0   0   0   0 |     GCA   0   0   0   0   0   0 | Glu GAA   1   1   1   2   1   1 |     GGA   0   0   0   0   0   0
    GTG   0   0   0   0   0   0 |     GCG   0   0   0   0   0   0 |     GAG   2   2   2   1   2   2 |     GGG   1   1   1   1   1   1
--------------------------------------------------------------------------------------------------------------------------------------

--------------------------------------------------------------------------------------------------------------------------------------
Phe TTT   0   0   0   0   0   0 | Ser TCT   0   0   0   0   0   0 | Tyr TAT   0   0   0   0   0   0 | Cys TGT   0   0   0   0   0   0
    TTC   0   0   0   0   0   0 |     TCC   0   0   0   0   0   0 |     TAC   0   0   0   0   0   0 |     TGC   1   1   1   1   1   1
Leu TTA   0   0   0   0   0   0 |     TCA   1   1   1   1   1   1 | *** TAA   0   0   0   0   0   0 | *** TGA   0   0   0   0   0   0
    TTG   0   0   0   1   0   0 |     TCG   0   0   0   0   0   0 |     TAG   0   0   0   0   0   0 | Trp TGG   1   1   1   1   1   1
--------------------------------------------------------------------------------------------------------------------------------------
Leu CTT   0   0   0   0   0   0 | Pro CCT   1   1   1   1   1   1 | His CAT   0   0   0   0   0   0 | Arg CGT   0   0   0   0   0   0
    CTC   0   0   0   0   0   0 |     CCC   1   1   1   1   1   1 |     CAC   0   0   0   0   0   0 |     CGC   0   0   0   0   0   0
    CTA   0   0   1   0   0   0 |     CCA   2   2   1   2   2   2 | Gln CAA   0   0   0   0   0   0 |     CGA   0   0   0   0   0   0
    CTG   1   1   1   0   1   1 |     CCG   0   0   0   0   0   0 |     CAG   1   1   1   1   1   1 |     CGG   0   0   0   0   0   0
--------------------------------------------------------------------------------------------------------------------------------------
Ile ATT   0   0   0   0   0   0 | Thr ACT   1   1   1   1   1   1 | Asn AAT   1   1   1   1   1   2 | Ser AGT   1   1   1   1   1   0
    ATC   0   0   0   0   0   0 |     ACC   0   0   0   0   0   0 |     AAC   0   0   0   0   0   0 |     AGC   2   2   2   2   2   2
    ATA   0   0   0   0   0   0 |     ACA   1   1   1   1   1   1 | Lys AAA   0   0   0   0   0   0 | Arg AGA   0   0   0   0   0   0
Met ATG   0   0   0   0   0   0 |     ACG   1   1   1   1   1   1 |     AAG   3   3   3   3   3   3 |     AGG   0   0   0   0   0   0
--------------------------------------------------------------------------------------------------------------------------------------
Val GTT   0   0   0   0   0   0 | Ala GCT   0   0   0   0   0   0 | Asp GAT   0   0   0   0   0   0 | Gly GGT   0   0   0   0   0   0
    GTC   0   0   0   0   0   0 |     GCC   1   1   1   1   1   1 |     GAC   2   2   2   2   2   2 |     GGC   0   0   0   0   0   0
    GTA   0   0   0   0   0   0 |     GCA   0   0   0   0   0   0 | Glu GAA   1   1   1   1   1   1 |     GGA   0   0   0   0   0   0
    GTG   0   0   0   0   0   0 |     GCG   0   0   0   0   0   0 |     GAG   2   2   2   2   2   2 |     GGG   1   1   1   1   1   1
--------------------------------------------------------------------------------------------------------------------------------------

--------------------------------------------------------------------------------------------------------------------------------------
Phe TTT   0   0   0   0   0   0 | Ser TCT   0   0   0   0   0   0 | Tyr TAT   0   0   0   0   0   0 | Cys TGT   0   0   0   0   0   0
    TTC   0   0   0   0   0   0 |     TCC   0   0   0   0   0   0 |     TAC   0   0   0   0   0   0 |     TGC   1   1   1   1   1   1
Leu TTA   0   0   0   0   0   0 |     TCA   1   1   1   1   1   1 | *** TAA   0   0   0   0   0   0 | *** TGA   0   0   0   0   0   0
    TTG   0   0   0   0   0   0 |     TCG   0   0   0   0   0   0 |     TAG   0   0   0   0   0   0 | Trp TGG   1   1   1   1   1   1
--------------------------------------------------------------------------------------------------------------------------------------
Leu CTT   0   0   0   0   0   0 | Pro CCT   1   1   1   1   1   1 | His CAT   0   0   0   0   0   0 | Arg CGT   0   0   0   0   0   0
    CTC   0   0   0   0   0   0 |     CCC   1   1   1   1   1   1 |     CAC   0   0   0   0   0   0 |     CGC   0   0   0   0   0   0
    CTA   0   0   0   0   0   0 |     CCA   2   2   1   2   2   2 | Gln CAA   0   0   0   0   0   0 |     CGA   0   0   0   0   0   0
    CTG   1   1   1   1   1   1 |     CCG   0   0   1   0   0   0 |     CAG   1   1   1   1   1   1 |     CGG   0   0   0   0   0   0
--------------------------------------------------------------------------------------------------------------------------------------
Ile ATT   0   0   0   0   0   0 | Thr ACT   1   1   1   1   1   1 | Asn AAT   0   1   1   1   1   1 | Ser AGT   1   1   1   1   1   0
    ATC   0   0   0   0   0   0 |     ACC   0   0   0   0   0   0 |     AAC   0   0   0   0   0   0 |     AGC   2   2   2   2   2   3
    ATA   0   0   0   0   0   0 |     ACA   1   1   1   1   1   1 | Lys AAA   2   0   0   0   0   0 | Arg AGA   0   0   0   0   0   0
Met ATG   0   0   0   0   0   0 |     ACG   1   1   1   1   1   1 |     AAG   2   3   3   3   3   3 |     AGG   0   0   0   0   0   0
--------------------------------------------------------------------------------------------------------------------------------------
Val GTT   0   0   0   0   0   0 | Ala GCT   0   0   0   0   0   0 | Asp GAT   0   0   0   0   0   0 | Gly GGT   0   0   0   0   0   0
    GTC   0   0   0   0   0   0 |     GCC   1   1   1   1   1   1 |     GAC   2   2   2   2   2   2 |     GGC   0   0   0   0   0   0
    GTA   0   0   0   0   0   0 |     GCA   0   0   0   0   0   0 | Glu GAA   1   1   1   1   1   1 |     GGA   0   0   0   0   0   0
    GTG   0   0   0   0   0   0 |     GCG   0   0   0   0   0   0 |     GAG   2   2   2   2   2   2 |     GGG   1   1   1   1   1   1
--------------------------------------------------------------------------------------------------------------------------------------

--------------------------------------------------------------------------------------------------------------------------------------
Phe TTT   0   0   0   0   0   0 | Ser TCT   0   0   0   0   0   0 | Tyr TAT   0   0   0   0   0   0 | Cys TGT   0   0   0   0   0   0
    TTC   1   0   0   0   0   0 |     TCC   0   0   0   0   0   0 |     TAC   0   0   0   0   0   0 |     TGC   0   1   1   1   1   1
Leu TTA   0   0   0   0   0   0 |     TCA   1   1   1   1   1   1 | *** TAA   0   0   0   0   0   0 | *** TGA   0   0   0   0   0   0
    TTG   0   0   0   0   0   0 |     TCG   0   0   0   0   0   0 |     TAG   0   0   0   0   0   0 | Trp TGG   1   1   1   1   1   1
--------------------------------------------------------------------------------------------------------------------------------------
Leu CTT   0   0   0   0   0   0 | Pro CCT   1   1   1   1   1   1 | His CAT   0   0   0   0   0   0 | Arg CGT   0   0   0   0   0   0
    CTC   0   0   0   0   0   0 |     CCC   1   1   1   1   1   1 |     CAC   0   0   0   0   0   0 |     CGC   0   0   0   0   0   0
    CTA   0   0   1   0   0   0 |     CCA   2   2   1   2   2   2 | Gln CAA   0   0   0   0   0   0 |     CGA   0   0   0   0   0   0
    CTG   1   1   1   1   1   1 |     CCG   0   0   0   0   0   0 |     CAG   1   1   1   1   1   1 |     CGG   0   0   0   0   0   0
--------------------------------------------------------------------------------------------------------------------------------------
Ile ATT   0   0   0   0   0   0 | Thr ACT   1   1   1   2   1   1 | Asn AAT   1   1   1   1   1   1 | Ser AGT   1   1   1   1   1   1
    ATC   0   0   0   0   0   0 |     ACC   0   0   0   0   0   0 |     AAC   0   0   0   0   0   0 |     AGC   2   2   2   2   2   2
    ATA   0   0   0   0   0   0 |     ACA   1   1   1   1   1   0 | Lys AAA   0   0   0   0   0   0 | Arg AGA   0   0   0   0   0   0
Met ATG   0   0   0   0   0   0 |     ACG   1   1   1   0   1   2 |     AAG   3   3   3   3   3   3 |     AGG   0   0   0   0   0   0
--------------------------------------------------------------------------------------------------------------------------------------
Val GTT   0   0   0   0   0   0 | Ala GCT   0   0   0   0   0   0 | Asp GAT   0   0   0   0   0   0 | Gly GGT   0   0   0   0   0   0
    GTC   0   0   0   0   0   0 |     GCC   1   1   1   1   1   1 |     GAC   2   2   2   2   2   2 |     GGC   0   0   0   0   0   0
    GTA   0   0   0   0   0   0 |     GCA   0   0   0   0   0   0 | Glu GAA   1   2   1   1   1   1 |     GGA   0   0   0   0   0   0
    GTG   0   0   0   0   0   0 |     GCG   0   0   0   0   0   0 |     GAG   2   1   2   2   2   2 |     GGG   1   1   1   1   1   1
--------------------------------------------------------------------------------------------------------------------------------------

--------------------------------------------------------------------------------------------------------------------------------------
Phe TTT   0   0   0   0   0   0 | Ser TCT   0   0   0   0   0   0 | Tyr TAT   0   0   0   0   0   0 | Cys TGT   0   0   0   0   0   0
    TTC   0   0   0   0   0   0 |     TCC   0   0   0   0   0   0 |     TAC   0   0   0   0   0   0 |     TGC   1   1   1   1   1   1
Leu TTA   0   0   0   0   0   0 |     TCA   1   1   1   1   1   1 | *** TAA   0   0   0   0   0   0 | *** TGA   0   0   0   0   0   0
    TTG   0   0   0   0   0   0 |     TCG   0   0   0   0   0   0 |     TAG   0   0   0   0   0   0 | Trp TGG   1   1   1   1   1   1
--------------------------------------------------------------------------------------------------------------------------------------
Leu CTT   0   0   0   0   0   0 | Pro CCT   1   1   1   1   1   1 | His CAT   0   0   0   0   0   0 | Arg CGT   0   0   0   0   0   0
    CTC   0   0   0   0   0   0 |     CCC   1   1   1   1   1   1 |     CAC   0   0   0   0   0   0 |     CGC   0   0   0   0   0   0
    CTA   0   0   0   0   0   0 |     CCA   2   2   2   2   2   2 | Gln CAA   0   0   0   0   0   0 |     CGA   0   0   0   0   0   0
    CTG   1   1   1   1   1   1 |     CCG   0   0   0   0   0   0 |     CAG   1   1   1   1   1   1 |     CGG   0   0   0   0   0   0
--------------------------------------------------------------------------------------------------------------------------------------
Ile ATT   0   0   0   0   0   0 | Thr ACT   1   1   1   1   1   1 | Asn AAT   1   1   1   1   1   1 | Ser AGT   1   1   1   1   1   1
    ATC   0   0   0   0   0   0 |     ACC   0   0   0   0   0   0 |     AAC   0   0   0   0   0   0 |     AGC   2   2   2   2   2   2
    ATA   0   0   0   0   0   0 |     ACA   1   1   1   2   1   0 | Lys AAA   0   0   0   0   0   0 | Arg AGA   0   0   0   0   0   0
Met ATG   0   0   0   0   0   0 |     ACG   1   1   1   0   1   2 |     AAG   3   3   3   3   3   3 |     AGG   0   0   0   0   0   0
--------------------------------------------------------------------------------------------------------------------------------------
Val GTT   0   0   0   0   0   0 | Ala GCT   0   0   0   0   0   0 | Asp GAT   0   0   0   0   0   0 | Gly GGT   0   0   0   0   0   0
    GTC   0   0   0   0   0   0 |     GCC   1   1   1   1   1   1 |     GAC   2   2   2   2   2   2 |     GGC   0   0   0   0   0   0
    GTA   0   0   0   0   0   0 |     GCA   0   0   0   0   0   0 | Glu GAA   1   1   1   1   1   1 |     GGA   0   0   0   1   0   0
    GTG   0   0   0   0   0   0 |     GCG   0   0   0   0   0   0 |     GAG   2   2   2   2   2   2 |     GGG   1   1   1   0   1   1
--------------------------------------------------------------------------------------------------------------------------------------

Codon position x base (3x4) table for each sequence.

#1: Argali         
position  1:    T:0.07692    C:0.23077    A:0.38462    G:0.30769
position  2:    T:0.03846    C:0.34615    A:0.38462    G:0.23077
position  3:    T:0.15385    C:0.26923    A:0.15385    G:0.42308
Average         T:0.08974    C:0.28205    A:0.30769    G:0.32051

#2: LesserMouseDeer
position  1:    T:0.07692    C:0.26923    A:0.38462    G:0.26923
position  2:    T:0.03846    C:0.38462    A:0.38462    G:0.19231
position  3:    T:0.07692    C:0.30769    A:0.23077    G:0.38462
Average         T:0.06410    C:0.32051    A:0.33333    G:0.28205

#3: LesserKudu     
position  1:    T:0.07692    C:0.26923    A:0.34615    G:0.30769
position  2:    T:0.03846    C:0.34615    A:0.42308    G:0.19231
position  3:    T:0.11538    C:0.30769    A:0.15385    G:0.42308
Average         T:0.07692    C:0.30769    A:0.30769    G:0.30769

#4: ForestMuskDeer2
position  1:    T:0.11538    C:0.23077    A:0.38462    G:0.26923
position  2:    T:0.03846    C:0.34615    A:0.38462    G:0.23077
position  3:    T:0.15385    C:0.26923    A:0.26923    G:0.30769
Average         T:0.10256    C:0.28205    A:0.34615    G:0.26923

#5: Camel          
position  1:    T:0.11538    C:0.23077    A:0.38462    G:0.26923
position  2:    T:0.11538    C:0.34615    A:0.34615    G:0.19231
position  3:    T:0.11538    C:0.26923    A:0.19231    G:0.42308
Average         T:0.11538    C:0.28205    A:0.30769    G:0.29487

#6: KillerWhale    
position  1:    T:0.15385    C:0.19231    A:0.38462    G:0.26923
position  2:    T:0.07692    C:0.34615    A:0.34615    G:0.23077
position  3:    T:0.11538    C:0.26923    A:0.19231    G:0.42308
Average         T:0.11538    C:0.26923    A:0.30769    G:0.30769

#7: DefassaWaterbuck
position  1:    T:0.11538    C:0.23077    A:0.38462    G:0.26923
position  2:    T:0.03846    C:0.34615    A:0.38462    G:0.23077
position  3:    T:0.15385    C:0.26923    A:0.19231    G:0.38462
Average         T:0.10256    C:0.28205    A:0.32051    G:0.29487

#8: Sheep          
position  1:    T:0.07692    C:0.23077    A:0.38462    G:0.30769
position  2:    T:0.03846    C:0.34615    A:0.38462    G:0.23077
position  3:    T:0.15385    C:0.26923    A:0.15385    G:0.42308
Average         T:0.08974    C:0.28205    A:0.30769    G:0.32051

#9: MaxwellsDuiker 
position  1:    T:0.11538    C:0.23077    A:0.38462    G:0.26923
position  2:    T:0.03846    C:0.34615    A:0.38462    G:0.23077
position  3:    T:0.15385    C:0.26923    A:0.19231    G:0.38462
Average         T:0.10256    C:0.28205    A:0.32051    G:0.29487

#10: GazellaPrzewalskyi
position  1:    T:0.07692    C:0.26923    A:0.30769    G:0.34615
position  2:    T:0.03846    C:0.34615    A:0.38462    G:0.23077
position  3:    T:0.15385    C:0.26923    A:0.19231    G:0.38462
Average         T:0.08974    C:0.29487    A:0.29487    G:0.32051

#11: MountainNyala  
position  1:    T:0.11538    C:0.23077    A:0.38462    G:0.26923
position  2:    T:0.03846    C:0.34615    A:0.38462    G:0.23077
position  3:    T:0.19231    C:0.23077    A:0.19231    G:0.38462
Average         T:0.11538    C:0.26923    A:0.32051    G:0.29487

#12: MuntiacusMuntjak
position  1:    T:0.11538    C:0.23077    A:0.38462    G:0.26923
position  2:    T:0.07692    C:0.30769    A:0.38462    G:0.23077
position  3:    T:0.15385    C:0.26923    A:0.19231    G:0.38462
Average         T:0.11538    C:0.26923    A:0.32051    G:0.29487

#13: goat           
position  1:    T:0.11538    C:0.23077    A:0.38462    G:0.26923
position  2:    T:0.03846    C:0.34615    A:0.38462    G:0.23077
position  3:    T:0.15385    C:0.26923    A:0.15385    G:0.42308
Average         T:0.10256    C:0.28205    A:0.30769    G:0.30769

#14: AfricanBuffalo 
position  1:    T:0.11538    C:0.23077    A:0.38462    G:0.26923
position  2:    T:0.03846    C:0.34615    A:0.38462    G:0.23077
position  3:    T:0.15385    C:0.26923    A:0.23077    G:0.34615
Average         T:0.10256    C:0.28205    A:0.33333    G:0.28205

#15: Topi           
position  1:    T:0.11538    C:0.23077    A:0.38462    G:0.26923
position  2:    T:0.03846    C:0.34615    A:0.42308    G:0.19231
position  3:    T:0.15385    C:0.26923    A:0.19231    G:0.38462
Average         T:0.10256    C:0.28205    A:0.33333    G:0.28205

#16: CommonDuiker   
position  1:    T:0.11538    C:0.23077    A:0.38462    G:0.26923
position  2:    T:0.03846    C:0.34615    A:0.38462    G:0.23077
position  3:    T:0.15385    C:0.26923    A:0.19231    G:0.38462
Average         T:0.10256    C:0.28205    A:0.32051    G:0.29487

#17: Suni           
position  1:    T:0.11538    C:0.23077    A:0.38462    G:0.26923
position  2:    T:0.03846    C:0.34615    A:0.42308    G:0.19231
position  3:    T:0.15385    C:0.26923    A:0.19231    G:0.38462
Average         T:0.10256    C:0.28205    A:0.33333    G:0.28205

#18: Springbuck     
position  1:    T:0.11538    C:0.23077    A:0.38462    G:0.26923
position  2:    T:0.03846    C:0.34615    A:0.38462    G:0.23077
position  3:    T:0.11538    C:0.30769    A:0.19231    G:0.38462
Average         T:0.08974    C:0.29487    A:0.32051    G:0.29487

#19: Okapi          
position  1:    T:0.11538    C:0.23077    A:0.38462    G:0.26923
position  2:    T:0.03846    C:0.34615    A:0.38462    G:0.23077
position  3:    T:0.15385    C:0.23077    A:0.26923    G:0.34615
Average         T:0.10256    C:0.26923    A:0.34615    G:0.28205

#20: Giraffe        
position  1:    T:0.11538    C:0.23077    A:0.38462    G:0.26923
position  2:    T:0.03846    C:0.34615    A:0.38462    G:0.23077
position  3:    T:0.15385    C:0.26923    A:0.23077    G:0.34615
Average         T:0.10256    C:0.28205    A:0.33333    G:0.28205

#21: TibetanAntelope
position  1:    T:0.11538    C:0.23077    A:0.38462    G:0.26923
position  2:    T:0.03846    C:0.34615    A:0.38462    G:0.23077
position  3:    T:0.15385    C:0.26923    A:0.15385    G:0.42308
Average         T:0.10256    C:0.28205    A:0.30769    G:0.30769

#22: Sitatunga      
position  1:    T:0.11538    C:0.23077    A:0.38462    G:0.26923
position  2:    T:0.03846    C:0.34615    A:0.38462    G:0.23077
position  3:    T:0.15385    C:0.26923    A:0.19231    G:0.38462
Average         T:0.10256    C:0.28205    A:0.32051    G:0.29487

#23: Oribi          
position  1:    T:0.11538    C:0.23077    A:0.38462    G:0.26923
position  2:    T:0.03846    C:0.34615    A:0.38462    G:0.23077
position  3:    T:0.15385    C:0.26923    A:0.19231    G:0.38462
Average         T:0.10256    C:0.28205    A:0.32051    G:0.29487

#24: BarbarySheep   
position  1:    T:0.11538    C:0.23077    A:0.38462    G:0.26923
position  2:    T:0.03846    C:0.34615    A:0.38462    G:0.23077
position  3:    T:0.15385    C:0.26923    A:0.15385    G:0.42308
Average         T:0.10256    C:0.28205    A:0.30769    G:0.30769

#25: Daviddeer      
position  1:    T:0.11538    C:0.23077    A:0.38462    G:0.26923
position  2:    T:0.03846    C:0.34615    A:0.38462    G:0.23077
position  3:    T:0.15385    C:0.26923    A:0.23077    G:0.34615
Average         T:0.10256    C:0.28205    A:0.33333    G:0.28205

#26: Reindeer       
position  1:    T:0.11538    C:0.23077    A:0.38462    G:0.26923
position  2:    T:0.03846    C:0.34615    A:0.38462    G:0.23077
position  3:    T:0.19231    C:0.26923    A:0.19231    G:0.34615
Average         T:0.11538    C:0.28205    A:0.32051    G:0.28205

#27: Ibex           
position  1:    T:0.11538    C:0.23077    A:0.38462    G:0.26923
position  2:    T:0.03846    C:0.34615    A:0.38462    G:0.23077
position  3:    T:0.15385    C:0.26923    A:0.15385    G:0.42308
Average         T:0.10256    C:0.28205    A:0.30769    G:0.30769

#28: GyrantGazelle  
position  1:    T:0.11538    C:0.23077    A:0.38462    G:0.26923
position  2:    T:0.03846    C:0.34615    A:0.38462    G:0.23077
position  3:    T:0.15385    C:0.26923    A:0.26923    G:0.30769
Average         T:0.10256    C:0.28205    A:0.34615    G:0.26923

#29: Hartebeest     
position  1:    T:0.11538    C:0.23077    A:0.38462    G:0.26923
position  2:    T:0.03846    C:0.34615    A:0.42308    G:0.19231
position  3:    T:0.15385    C:0.26923    A:0.19231    G:0.38462
Average         T:0.10256    C:0.28205    A:0.33333    G:0.28205

#30: Bongo          
position  1:    T:0.11538    C:0.23077    A:0.38462    G:0.26923
position  2:    T:0.03846    C:0.34615    A:0.38462    G:0.23077
position  3:    T:0.15385    C:0.26923    A:0.19231    G:0.38462
Average         T:0.10256    C:0.28205    A:0.32051    G:0.29487

#31: Gerenuk        
position  1:    T:0.11538    C:0.23077    A:0.38462    G:0.26923
position  2:    T:0.03846    C:0.34615    A:0.38462    G:0.23077
position  3:    T:0.15385    C:0.26923    A:0.19231    G:0.38462
Average         T:0.10256    C:0.28205    A:0.32051    G:0.29487

#32: CommonEland    
position  1:    T:0.11538    C:0.23077    A:0.38462    G:0.26923
position  2:    T:0.03846    C:0.34615    A:0.38462    G:0.23077
position  3:    T:0.15385    C:0.26923    A:0.19231    G:0.38462
Average         T:0.10256    C:0.28205    A:0.32051    G:0.29487

#33: MuntiacusReevesi
position  1:    T:0.11538    C:0.23077    A:0.38462    G:0.26923
position  2:    T:0.07692    C:0.30769    A:0.38462    G:0.23077
position  3:    T:0.15385    C:0.26923    A:0.19231    G:0.38462
Average         T:0.11538    C:0.26923    A:0.32051    G:0.29487

#34: HarveysDuiker  
position  1:    T:0.15385    C:0.19231    A:0.38462    G:0.26923
position  2:    T:0.03846    C:0.34615    A:0.38462    G:0.23077
position  3:    T:0.15385    C:0.26923    A:0.19231    G:0.38462
Average         T:0.11538    C:0.26923    A:0.32051    G:0.29487

#35: Pronghorn      
position  1:    T:0.11538    C:0.23077    A:0.38462    G:0.26923
position  2:    T:0.03846    C:0.34615    A:0.38462    G:0.23077
position  3:    T:0.15385    C:0.26923    A:0.19231    G:0.38462
Average         T:0.10256    C:0.28205    A:0.32051    G:0.29487

#36: BlueWildebeest 
position  1:    T:0.11538    C:0.23077    A:0.38462    G:0.26923
position  2:    T:0.03846    C:0.34615    A:0.42308    G:0.19231
position  3:    T:0.15385    C:0.26923    A:0.19231    G:0.38462
Average         T:0.10256    C:0.28205    A:0.33333    G:0.28205

#37: Gemsbok        
position  1:    T:0.11538    C:0.23077    A:0.38462    G:0.26923
position  2:    T:0.03846    C:0.34615    A:0.38462    G:0.23077
position  3:    T:0.11538    C:0.26923    A:0.26923    G:0.34615
Average         T:0.08974    C:0.28205    A:0.34615    G:0.28205

#38: Yak            
position  1:    T:0.11538    C:0.23077    A:0.38462    G:0.26923
position  2:    T:0.03846    C:0.34615    A:0.38462    G:0.23077
position  3:    T:0.15385    C:0.26923    A:0.19231    G:0.38462
Average         T:0.10256    C:0.28205    A:0.32051    G:0.29487

#39: BlueSheep      
position  1:    T:0.11538    C:0.23077    A:0.38462    G:0.26923
position  2:    T:0.03846    C:0.34615    A:0.38462    G:0.23077
position  3:    T:0.15385    C:0.26923    A:0.15385    G:0.42308
Average         T:0.10256    C:0.28205    A:0.30769    G:0.30769

#40: BohorReedbuck  
position  1:    T:0.11538    C:0.23077    A:0.38462    G:0.26923
position  2:    T:0.03846    C:0.34615    A:0.38462    G:0.23077
position  3:    T:0.15385    C:0.26923    A:0.19231    G:0.38462
Average         T:0.10256    C:0.28205    A:0.32051    G:0.29487

#41: KirksDik       
position  1:    T:0.11538    C:0.23077    A:0.38462    G:0.26923
position  2:    T:0.03846    C:0.34615    A:0.38462    G:0.23077
position  3:    T:0.15385    C:0.26923    A:0.19231    G:0.38462
Average         T:0.10256    C:0.28205    A:0.32051    G:0.29487

#42: RoeDeer        
position  1:    T:0.11538    C:0.23077    A:0.38462    G:0.26923
position  2:    T:0.03846    C:0.34615    A:0.38462    G:0.23077
position  3:    T:0.11538    C:0.30769    A:0.19231    G:0.38462
Average         T:0.08974    C:0.29487    A:0.32051    G:0.29487

#43: WhiteLippedDeer
position  1:    T:0.11538    C:0.23077    A:0.38462    G:0.26923
position  2:    T:0.07692    C:0.34615    A:0.38462    G:0.19231
position  3:    T:0.15385    C:0.26923    A:0.19231    G:0.38462
Average         T:0.11538    C:0.28205    A:0.32051    G:0.28205

#44: ThomsonGazelle 
position  1:    T:0.11538    C:0.23077    A:0.38462    G:0.26923
position  2:    T:0.03846    C:0.34615    A:0.38462    G:0.23077
position  3:    T:0.15385    C:0.26923    A:0.23077    G:0.34615
Average         T:0.10256    C:0.28205    A:0.33333    G:0.28205

#45: MuntiacusCrinifrons
position  1:    T:0.11538    C:0.23077    A:0.38462    G:0.26923
position  2:    T:0.07692    C:0.30769    A:0.38462    G:0.23077
position  3:    T:0.15385    C:0.26923    A:0.19231    G:0.38462
Average         T:0.11538    C:0.26923    A:0.32051    G:0.29487

#46: WhiteTailedDeer
position  1:    T:0.11538    C:0.23077    A:0.38462    G:0.26923
position  2:    T:0.03846    C:0.34615    A:0.38462    G:0.23077
position  3:    T:0.19231    C:0.26923    A:0.19231    G:0.34615
Average         T:0.11538    C:0.28205    A:0.32051    G:0.28205

#47: Cattle         
position  1:    T:0.11538    C:0.23077    A:0.38462    G:0.26923
position  2:    T:0.03846    C:0.34615    A:0.38462    G:0.23077
position  3:    T:0.15385    C:0.26923    A:0.19231    G:0.38462
Average         T:0.10256    C:0.28205    A:0.32051    G:0.29487

#48: RoyalAntelope  
position  1:    T:0.11538    C:0.23077    A:0.38462    G:0.26923
position  2:    T:0.03846    C:0.34615    A:0.38462    G:0.23077
position  3:    T:0.15385    C:0.26923    A:0.15385    G:0.42308
Average         T:0.10256    C:0.28205    A:0.30769    G:0.30769

#49: Steenbok       
position  1:    T:0.11538    C:0.23077    A:0.38462    G:0.26923
position  2:    T:0.03846    C:0.34615    A:0.38462    G:0.23077
position  3:    T:0.15385    C:0.26923    A:0.19231    G:0.38462
Average         T:0.10256    C:0.28205    A:0.32051    G:0.29487

#50: Impala         
position  1:    T:0.11538    C:0.23077    A:0.38462    G:0.26923
position  2:    T:0.03846    C:0.34615    A:0.38462    G:0.23077
position  3:    T:0.15385    C:0.26923    A:0.19231    G:0.38462
Average         T:0.10256    C:0.28205    A:0.32051    G:0.29487

#51: Klipspringer   
position  1:    T:0.11538    C:0.23077    A:0.38462    G:0.26923
position  2:    T:0.03846    C:0.34615    A:0.38462    G:0.23077
