1
52 1
Argali 0.000000 0.500900 0.051900 0.388700 0.093600 0.000000 0.078700 0.065800 0.079200 0.125200 0.025400 0.079300 0.051800 0.106300 0.148100 0.107100 0.108700 0.152100 0.064600 0.078600 0.079200 0.051800 0.154500 0.157500 0.051000 0.078600 0.039000 0.079300 0.093500 0.052000 0.125300 0.105500 0.199100 0.065400 0.079100 0.118600 0.025500 0.064600 0.052300 0.220300 0.156100 0.078600 0.139300 0.190900 0.078400 0.065600 0.078500 0.106700 0.108800 0.136900 0.078700 0.079300
LesserMous 0.500900 0.000000 0.475900 0.742400 0.530700 0.500900 0.557900 0.486600 0.499600 0.616300 0.512500 0.547600 0.510600 0.586800 0.526400 0.565900 0.608100 0.713400 0.557900 0.493800 0.507700 0.513500 0.589000 0.605400 0.560500 0.611100 0.491200 0.478600 0.599800 0.502200 0.591300 0.601600 0.754200 0.490200 0.513800 0.606500 0.512500 0.497800 0.543800 0.681300 0.576800 0.611700 0.641300 0.640600 0.491700 0.518400 0.535900 0.534900 0.578900 0.632400 0.523500 0.478600
LesserKudu 0.051900 0.475900 0.000000 0.365800 0.123300 0.051900 0.108000 0.094500 0.038000 0.139800 0.079800 0.079100 0.108200 0.136800 0.120800 0.137500 0.108500 0.151600 0.121400 0.038400 0.108800 0.108300 0.154100 0.157200 0.107800 0.107600 0.094700 0.025600 0.123400 0.038600 0.125000 0.107200 0.214500 0.123100 0.137800 0.118400 0.079800 0.092700 0.079200 0.236100 0.125300 0.107500 0.154100 0.190400 0.051400 0.123800 0.107800 0.079800 0.139700 0.166700 0.025400 0.025600
KillerWhal 0.388700 0.742400 0.365800 0.000000 0.455100 0.388700 0.431900 0.413800 0.345300 0.410400 0.434800 0.366700 0.390000 0.454900 0.449100 0.413000 0.412600 0.448000 0.452300 0.343400 0.436500 0.413100 0.430700 0.439800 0.478000 0.430200 0.415100 0.366600 0.415000 0.386600 0.433100 0.491400 0.404800 0.413300 0.436400 0.418000 0.434800 0.361900 0.437700 0.479600 0.395400 0.431100 0.386600 0.488600 0.380300 0.461100 0.411500 0.430300 0.443200 0.409100 0.406300 0.366600
DefassaWat 0.093600 0.530700 0.123300 0.455100 0.000000 0.093600 0.066700 0.026300 0.094600 0.143100 0.066800 0.094700 0.066700 0.066400 0.166200 0.066600 0.156100 0.202800 0.079900 0.122300 0.039600 0.095100 0.142300 0.145100 0.094800 0.094400 0.053400 0.094700 0.081000 0.123700 0.143100 0.094000 0.253600 0.080800 0.095000 0.134700 0.066800 0.052100 0.067600 0.208300 0.143500 0.094200 0.157500 0.178600 0.122100 0.081500 0.066400 0.123600 0.096500 0.154300 0.122900 0.094700
Sheep 0.000000 0.500900 0.051900 0.388700 0.093600 0.000000 0.078700 0.065800 0.079200 0.125200 0.025500 0.079300 0.051800 0.106300 0.148100 0.107100 0.108700 0.152100 0.064600 0.078600 0.078100 0.051300 0.154500 0.157500 0.051300 0.078600 0.039000 0.079300 0.093500 0.052000 0.125300 0.105500 0.199100 0.065400 0.079100 0.118600 0.025500 0.064600 0.052300 0.220300 0.156100 0.078600 0.139300 0.190900 0.078400 0.065800 0.078500 0.106700 0.108800 0.136900 0.078700 0.079300
MaxwellsDu 0.078700 0.557900 0.108000 0.431900 0.066700 0.078700 0.000000 0.039400 0.079900 0.126700 0.052400 0.080000 0.052400 0.079400 0.150200 0.080000 0.139700 0.185400 0.092900 0.107300 0.052600 0.079900 0.126000 0.128500 0.079700 0.079700 0.039400 0.080000 0.066500 0.108300 0.126800 0.079100 0.201100 0.066100 0.079900 0.119600 0.052600 0.065300 0.053000 0.190200 0.127100 0.079600 0.141000 0.161000 0.107000 0.066600 0.052100 0.108300 0.081300 0.138200 0.107700 0.080000
GazellaPrz 0.065800 0.486600 0.094500 0.413800 0.026300 0.065800 0.039400 0.000000 0.066700 0.112500 0.039500 0.066700 0.039400 0.066400 0.136400 0.066700 0.125900 0.170700 0.079900 0.093800 0.039600 0.066900 0.112100 0.114300 0.066600 0.066400 0.026300 0.066800 0.053300 0.094900 0.112600 0.093800 0.219900 0.053100 0.066900 0.106200 0.039500 0.052200 0.039900 0.175600 0.113300 0.066300 0.126700 0.146400 0.093500 0.053500 0.039300 0.094700 0.067800 0.124400 0.094200 0.066800
MountainNy 0.079200 0.499600 0.038000 0.345300 0.094600 0.079200 0.079900 0.066700 0.000000 0.124700 0.080200 0.065600 0.080100 0.108000 0.121300 0.108600 0.123600 0.167300 0.121900 0.025400 0.080500 0.108800 0.139300 0.142000 0.108200 0.108000 0.066800 0.012700 0.094700 0.025600 0.139800 0.107300 0.199400 0.094600 0.108900 0.104600 0.080200 0.092700 0.079600 0.187300 0.110800 0.107900 0.138800 0.174600 0.064700 0.095000 0.079900 0.080000 0.110200 0.151900 0.038400 0.012600
MuntiacusM 0.125200 0.616300 0.139800 0.410400 0.143100 0.125200 0.126700 0.112500 0.124700 0.000000 0.126800 0.139800 0.096900 0.156800 0.185900 0.157300 0.141200 0.156200 0.156000 0.123800 0.127500 0.157900 0.067700 0.054700 0.126800 0.156700 0.112600 0.139800 0.142700 0.155100 0.013100 0.187900 0.218400 0.142100 0.157900 0.181100 0.126800 0.120200 0.128500 0.096900 0.082400 0.156300 0.012700 0.083900 0.138400 0.143400 0.126000 0.111600 0.128800 0.200300 0.169500 0.139800
goat 0.025400 0.512500 0.079800 0.434800 0.066800 0.025500 0.052400 0.039500 0.080200 0.126800 0.000000 0.080300 0.025500 0.079600 0.120900 0.080300 0.110200 0.153900 0.038700 0.107500 0.052800 0.025900 0.126400 0.128900 0.025400 0.052300 0.013000 0.080400 0.066800 0.052600 0.126900 0.078900 0.201700 0.039200 0.052700 0.119900 0.000000 0.065300 0.026100 0.190900 0.127800 0.052300 0.141100 0.161500 0.107100 0.039500 0.052300 0.079900 0.081500 0.138700 0.079600 0.080400
AfricanBuf 0.079300 0.547600 0.079100 0.366700 0.094700 0.079300 0.080000 0.066700 0.065600 0.139800 0.080300 0.000000 0.080200 0.108100 0.150700 0.108700 0.109200 0.122100 0.122100 0.092400 0.080600 0.108900 0.124600 0.127000 0.108300 0.079500 0.066800 0.052200 0.094800 0.093300 0.125000 0.136300 0.216100 0.094600 0.108900 0.063900 0.080300 0.092800 0.081200 0.170900 0.126100 0.108100 0.154100 0.158900 0.051200 0.095100 0.079900 0.108300 0.110300 0.137400 0.079000 0.052200
Topi 0.051800 0.510600 0.108200 0.390000 0.066700 0.051800 0.052400 0.039400 0.080100 0.096900 0.025500 0.080200 0.000000 0.079500 0.150400 0.080200 0.110200 0.154000 0.065500 0.107400 0.052700 0.052600 0.096500 0.098400 0.052400 0.079800 0.013000 0.080300 0.066700 0.080300 0.096900 0.107000 0.201800 0.039200 0.052600 0.119800 0.025900 0.065300 0.053100 0.158300 0.097500 0.079700 0.110800 0.129600 0.107000 0.039400 0.052300 0.108400 0.053400 0.138600 0.108000 0.080300
CommonDuik 0.106300 0.586800 0.136800 0.454900 0.066400 0.106300 0.079400 0.066400 0.108000 0.156800 0.079600 0.108100 0.079500 0.000000 0.119900 0.079800 0.170300 0.184200 0.065000 0.135900 0.052300 0.107900 0.156100 0.159300 0.107500 0.107600 0.066500 0.108100 0.080100 0.137300 0.156900 0.106600 0.251500 0.093700 0.108000 0.119100 0.079600 0.092400 0.080500 0.223100 0.157800 0.107500 0.171400 0.159900 0.106400 0.064700 0.078700 0.107700 0.109800 0.137500 0.136500 0.108100
Suni 0.148100 0.526400 0.120800 0.449100 0.166200 0.148100 0.150200 0.136400 0.121300 0.185900 0.120900 0.150700 0.150400 0.119900 0.000000 0.180900 0.183400 0.197200 0.105500 0.119900 0.151200 0.121100 0.153900 0.156800 0.149900 0.149500 0.136700 0.121500 0.166300 0.121200 0.186000 0.149000 0.247600 0.166100 0.181500 0.161300 0.120900 0.162900 0.122300 0.219800 0.155500 0.149400 0.200700 0.157600 0.119700 0.136400 0.149900 0.065000 0.168500 0.197000 0.092000 0.121500
Springbuck 0.107100 0.565900 0.137500 0.413000 0.066600 0.107100 0.080000 0.066700 0.108600 0.157300 0.080300 0.108700 0.080200 0.079800 0.180900 0.000000 0.171200 0.217700 0.093400 0.136500 0.052900 0.108900 0.156900 0.160100 0.108400 0.079500 0.066900 0.108800 0.066700 0.138100 0.157400 0.107300 0.270100 0.066100 0.079900 0.148900 0.080300 0.102800 0.081200 0.224400 0.158800 0.079700 0.171900 0.194000 0.135900 0.095200 0.079900 0.137600 0.110500 0.169300 0.137200 0.108800
Okapi 0.108700 0.608100 0.108500 0.412600 0.156100 0.108700 0.139700 0.125900 0.123600 0.141200 0.110200 0.109200 0.110200 0.170300 0.183400 0.171200 0.000000 0.066500 0.153700 0.152000 0.140900 0.140300 0.125900 0.128500 0.139500 0.139100 0.126300 0.109400 0.156600 0.123500 0.126300 0.168100 0.154000 0.156200 0.171800 0.149800 0.110200 0.152800 0.108800 0.206600 0.127600 0.139000 0.155600 0.160800 0.136500 0.157000 0.139800 0.139400 0.142500 0.109000 0.108400 0.109400
Giraffe 0.152100 0.713400 0.151600 0.448000 0.202800 0.152100 0.185400 0.170700 0.167300 0.156200 0.153900 0.122100 0.154000 0.184200 0.197200 0.217700 0.066500 0.000000 0.199200 0.196800 0.186500 0.153600 0.139800 0.142500 0.154000 0.152700 0.170600 0.152300 0.202500 0.167000 0.140800 0.183300 0.200000 0.201700 0.185200 0.133000 0.153900 0.198700 0.154000 0.187400 0.140900 0.184000 0.170800 0.143200 0.150000 0.170600 0.184400 0.154000 0.188400 0.121900 0.151100 0.152300
TibetanAnt 0.064600 0.557900 0.121400 0.452300 0.079900 0.064600 0.092900 0.079900 0.121900 0.156000 0.038700 0.122100 0.065500 0.065000 0.105500 0.093400 0.153700 0.199200 0.000000 0.150000 0.065600 0.065500 0.155400 0.158500 0.065300 0.092800 0.052600 0.122100 0.108200 0.093300 0.156100 0.092000 0.215900 0.079400 0.093400 0.132900 0.038700 0.106000 0.066200 0.221900 0.157000 0.092700 0.170500 0.192200 0.120200 0.079900 0.092700 0.065400 0.124100 0.167600 0.121100 0.122100
Sitatunga 0.078600 0.493800 0.038400 0.343400 0.122300 0.078600 0.107300 0.093800 0.025400 0.123800 0.107500 0.092400 0.107400 0.135900 0.119900 0.136500 0.152000 0.196800 0.150000 0.000000 0.108000 0.136800 0.168100 0.171300 0.136200 0.135900 0.094100 0.038500 0.122400 0.051600 0.138800 0.135400 0.229900 0.122200 0.136900 0.131700 0.107500 0.092000 0.107100 0.217500 0.139100 0.135800 0.137800 0.204900 0.064300 0.122900 0.107100 0.107500 0.123900 0.180800 0.038100 0.038500
Oribi 0.079200 0.507700 0.108800 0.436500 0.039600 0.078100 0.052600 0.039600 0.080500 0.127500 0.052800 0.080600 0.052700 0.052300 0.151200 0.052900 0.140900 0.186500 0.065600 0.108000 0.000000 0.080500 0.126900 0.129500 0.080200 0.080200 0.039700 0.080600 0.067000 0.109200 0.127600 0.079500 0.236700 0.066600 0.079400 0.120400 0.053400 0.065600 0.053400 0.191700 0.128300 0.080100 0.141900 0.162300 0.107600 0.067100 0.052500 0.109000 0.081900 0.139200 0.108500 0.080600
BarbaryShe 0.051800 0.513500 0.108300 0.413100 0.095100 0.051300 0.079900 0.066900 0.108800 0.157900 0.025900 0.108900 0.052600 0.107900 0.121100 0.108900 0.140300 0.153600 0.065500 0.136800 0.080500 0.000000 0.126600 0.129100 0.052400 0.079800 0.039600 0.109000 0.095100 0.080300 0.158000 0.078800 0.235300 0.066300 0.052300 0.119700 0.025900 0.093000 0.053200 0.191200 0.128000 0.079700 0.172500 0.161800 0.136200 0.066900 0.079800 0.108400 0.110700 0.169600 0.108000 0.109000
Daviddeer 0.154500 0.589000 0.154100 0.430700 0.142300 0.154500 0.126000 0.112100 0.139300 0.067700 0.126400 0.124600 0.096500 0.156100 0.153900 0.156900 0.125900 0.139800 0.155400 0.168100 0.126900 0.126600 0.000000 0.026900 0.126000 0.156100 0.112300 0.124700 0.142300 0.170200 0.053800 0.186200 0.234100 0.141900 0.157400 0.165400 0.126400 0.139000 0.128000 0.096700 0.040100 0.155800 0.081300 0.055000 0.152300 0.142900 0.125700 0.111000 0.128400 0.184200 0.153800 0.124700
Reindeer 0.157500 0.605400 0.157200 0.439800 0.145100 0.157500 0.128500 0.114300 0.142000 0.054700 0.128900 0.127000 0.098400 0.159300 0.156800 0.160100 0.128500 0.142500 0.158500 0.171300 0.129500 0.129100 0.026900 0.000000 0.128600 0.159300 0.114600 0.127200 0.145300 0.173600 0.040800 0.189900 0.238800 0.144800 0.160600 0.168500 0.128900 0.141800 0.130600 0.068300 0.041000 0.159000 0.068400 0.041000 0.155200 0.145800 0.128200 0.113100 0.130900 0.187800 0.156800 0.127200
Ibex 0.051000 0.560500 0.107800 0.478000 0.094800 0.051300 0.079700 0.066600 0.108200 0.126800 0.025400 0.108300 0.052400 0.107500 0.149900 0.108400 0.139500 0.154000 0.065300 0.136200 0.080200 0.052400 0.126000 0.128600 0.000000 0.079500 0.039400 0.108400 0.066400 0.079900 0.126800 0.107100 0.200800 0.066100 0.079900 0.148600 0.025800 0.092700 0.052900 0.190400 0.127200 0.079400 0.141100 0.161200 0.135800 0.066600 0.079400 0.079800 0.110200 0.168700 0.107500 0.108400
GyrantGaze 0.078600 0.611100 0.107600 0.430200 0.094400 0.078600 0.079700 0.066400 0.108000 0.156700 0.052300 0.079500 0.079800 0.107600 0.149500 0.079500 0.139100 0.152700 0.092800 0.135900 0.080200 0.079800 0.156100 0.159300 0.079500 0.000000 0.066400 0.108200 0.066300 0.107900 0.156800 0.106900 0.233700 0.094100 0.108400 0.118900 0.052300 0.102400 0.053000 0.188800 0.157700 0.025600 0.171300 0.193100 0.106200 0.094700 0.079500 0.107700 0.109900 0.168400 0.107300 0.108200
Hartebeest 0.039000 0.491200 0.094700 0.415100 0.053400 0.039000 0.039400 0.026300 0.066800 0.112600 0.013000 0.066800 0.013000 0.066500 0.136700 0.066900 0.126300 0.170600 0.052600 0.094100 0.039700 0.039600 0.112300 0.114600 0.039400 0.066400 0.000000 0.067000 0.053400 0.067000 0.112700 0.093800 0.220300 0.026300 0.039600 0.106400 0.013000 0.052200 0.040000 0.175700 0.113600 0.066500 0.126800 0.146700 0.093500 0.026400 0.039400 0.094800 0.067900 0.124800 0.094500 0.067000
Bongo 0.079300 0.478600 0.025600 0.366600 0.094700 0.079300 0.080000 0.066800 0.012700 0.139800 0.080400 0.052200 0.080300 0.108100 0.121500 0.108800 0.109400 0.152300 0.122100 0.038500 0.080600 0.109000 0.124700 0.127200 0.108400 0.108200 0.067000 0.000000 0.094900 0.038700 0.125100 0.107400 0.216000 0.094800 0.109100 0.091100 0.080400 0.092800 0.079700 0.204000 0.096600 0.108100 0.154100 0.159200 0.051500 0.095200 0.080000 0.080100 0.110400 0.137400 0.025500 0.000000
Gerenuk 0.093500 0.599800 0.123400 0.415000 0.081000 0.093500 0.066500 0.053300 0.094700 0.142700 0.066800 0.094800 0.066700 0.080100 0.166300 0.066700 0.156600 0.202500 0.108200 0.122400 0.067000 0.095100 0.142300 0.145300 0.066400 0.066300 0.053400 0.094900 0.000000 0.123900 0.142800 0.122200 0.219200 0.080900 0.095100 0.134800 0.066800 0.088200 0.067600 0.208700 0.144000 0.066200 0.157200 0.178800 0.121900 0.081400 0.066400 0.123500 0.096400 0.154900 0.123100 0.094900
CommonElan 0.052000 0.502200 0.038600 0.386600 0.123700 0.052000 0.108300 0.094900 0.025600 0.155100 0.052600 0.093300 0.080300 0.137300 0.121200 0.138100 0.123500 0.167000 0.093300 0.051600 0.109200 0.080300 0.170200 0.173600 0.079900 0.107900 0.067000 0.038700 0.123900 0.000000 0.170800 0.107200 0.199200 0.094700 0.109000 0.133000 0.052600 0.121200 0.079500 0.220400 0.141100 0.107800 0.169500 0.207700 0.092100 0.095200 0.108300 0.080000 0.140300 0.182900 0.038400 0.038700
MuntiacusR 0.125300 0.591300 0.125000 0.433100 0.143100 0.125300 0.126800 0.112600 0.139800 0.013100 0.126900 0.125000 0.096900 0.156900 0.186000 0.157400 0.126300 0.140800 0.156100 0.138800 0.127600 0.158000 0.053800 0.040800 0.126800 0.156800 0.112700 0.125100 0.142800 0.170800 0.000000 0.187800 0.235200 0.142300 0.158000 0.166000 0.126900 0.120200 0.128600 0.111800 0.068300 0.156400 0.026300 0.069500 0.123600 0.143500 0.126100 0.111700 0.128900 0.184700 0.154300 0.125100
HarveysDui 0.105500 0.601600 0.107200 0.491400 0.094000 0.105500 0.079100 0.093800 0.107300 0.187900 0.078900 0.136300 0.107000 0.106600 0.149000 0.107300 0.168100 0.183300 0.092000 0.135400 0.079500 0.078800 0.186200 0.189900 0.107100 0.106900 0.093800 0.107400 0.122200 0.107200 0.187800 0.000000 0.266100 0.121400 0.106800 0.147000 0.078900 0.120300 0.079400 0.255200 0.187400 0.106700 0.202900 0.225200 0.135300 0.122400 0.106300 0.107500 0.138600 0.198200 0.106700 0.107400
Pronghorn 0.199100 0.754200 0.214500 0.404800 0.253600 0.199100 0.201100 0.219900 0.199400 0.218400 0.201700 0.216100 0.201800 0.251500 0.247600 0.270100 0.154000 0.200000 0.215900 0.229900 0.236700 0.235300 0.234100 0.238800 0.200800 0.233700 0.220300 0.216000 0.219200 0.199200 0.235200 0.266100 0.000000 0.253400 0.271100 0.243000 0.201700 0.248400 0.202300 0.289300 0.236900 0.233500 0.233700 0.276400 0.229100 0.254800 0.201400 0.201100 0.239600 0.214400 0.214200 0.216000
BlueWildeb 0.065400 0.490200 0.123100 0.413300 0.080800 0.065400 0.066100 0.053100 0.094600 0.142100 0.039200 0.094600 0.039200 0.093700 0.166100 0.066100 0.156200 0.201700 0.079400 0.122200 0.066600 0.066300 0.141900 0.144800 0.066100 0.094100 0.026300 0.094800 0.080900 0.094700 0.142300 0.121400 0.253400 0.000000 0.039100 0.134700 0.039200 0.051800 0.067300 0.208300 0.143800 0.094000 0.156600 0.178200 0.121600 0.052200 0.066100 0.123200 0.096100 0.154400 0.122900 0.094800
Gemsbok 0.079100 0.513800 0.137800 0.436400 0.095000 0.079100 0.079900 0.066900 0.108900 0.157900 0.052700 0.108900 0.052600 0.108000 0.181500 0.079900 0.171800 0.185200 0.093400 0.136900 0.079400 0.052300 0.157400 0.160600 0.079900 0.108400 0.039600 0.109100 0.095100 0.109000 0.158000 0.106800 0.271100 0.039100 0.000000 0.119900 0.052700 0.093000 0.081100 0.191100 0.159400 0.108300 0.172500 0.194800 0.136300 0.066900 0.052300 0.138000 0.110800 0.169800 0.137600 0.109100
Yak 0.118600 0.606500 0.118400 0.418000 0.134700 0.118600 0.119600 0.106200 0.104600 0.181100 0.119900 0.063900 0.119800 0.119100 0.161300 0.148900 0.149800 0.133000 0.132900 0.131700 0.120400 0.119700 0.165400 0.168500 0.148600 0.118900 0.106400 0.091100 0.134800 0.133000 0.166000 0.147000 0.243000 0.134700 0.119900 0.000000 0.119900 0.132200 0.121300 0.213000 0.167300 0.148300 0.195600 0.201600 0.062900 0.135300 0.119500 0.119500 0.151100 0.178500 0.118300 0.091100
BlueSheep 0.025500 0.512500 0.079800 0.434800 0.066800 0.025500 0.052600 0.039500 0.080200 0.126800 0.000000 0.080300 0.025900 0.079600 0.120900 0.080300 0.110200 0.153900 0.038700 0.107500 0.053400 0.025900 0.126400 0.128900 0.025800 0.052300 0.013000 0.080400 0.066800 0.052600 0.126900 0.078900 0.201700 0.039200 0.052700 0.119900 0.000000 0.065300 0.026100 0.190900 0.127800 0.052300 0.141100 0.161500 0.107100 0.039500 0.052300 0.079900 0.081500 0.138700 0.079600 0.080400
BohorReedb 0.064600 0.497800 0.092700 0.361900 0.052100 0.064600 0.065300 0.052200 0.092700 0.120200 0.065300 0.092800 0.065300 0.092400 0.162900 0.102800 0.152800 0.198700 0.106000 0.092000 0.065600 0.093000 0.139000 0.141800 0.092700 0.102400 0.052200 0.092800 0.088200 0.121200 0.120200 0.120300 0.248400 0.051800 0.093000 0.132200 0.065300 0.000000 0.066100 0.203400 0.140300 0.101100 0.134600 0.174500 0.091900 0.079700 0.065000 0.121100 0.094400 0.151300 0.120500 0.092800
KirksDik 0.052300 0.543800 0.079200 0.437700 0.067600 0.052300 0.053000 0.039900 0.079600 0.128500 0.026100 0.081200 0.053100 0.080500 0.122300 0.081200 0.108800 0.154000 0.066200 0.107100 0.053400 0.053200 0.128000 0.130600 0.052900 0.053000 0.040000 0.079700 0.067600 0.079500 0.128600 0.079400 0.202300 0.067300 0.081100 0.121300 0.026100 0.066100 0.000000 0.193400 0.129400 0.052900 0.142900 0.163700 0.108400 0.067600 0.052900 0.078700 0.082500 0.140400 0.079000 0.079700
RoeDeer 0.220300 0.681300 0.236100 0.479600 0.208300 0.220300 0.190200 0.175600 0.187300 0.096900 0.190900 0.170900 0.158300 0.223100 0.219800 0.224400 0.206600 0.187400 0.221900 0.217500 0.191700 0.191200 0.096700 0.068300 0.190400 0.188800 0.175700 0.204000 0.208700 0.220400 0.111800 0.255200 0.289300 0.208300 0.191100 0.213000 0.190900 0.203400 0.193400 0.000000 0.112600 0.222700 0.110900 0.112400 0.199600 0.209400 0.157400 0.173900 0.161000 0.269900 0.235800 0.204000
WhiteLippe 0.156100 0.576800 0.125300 0.395400 0.143500 0.156100 0.127100 0.113300 0.110800 0.082400 0.127800 0.126100 0.097500 0.157800 0.155500 0.158800 0.127600 0.140900 0.157000 0.139100 0.128300 0.128000 0.040100 0.041000 0.127200 0.157700 0.113600 0.096600 0.144000 0.141100 0.068300 0.187400 0.236900 0.143800 0.159400 0.167300 0.127800 0.140300 0.129400 0.112600 0.000000 0.157500 0.096200 0.069900 0.153700 0.144500 0.127300 0.112000 0.129800 0.186700 0.125200 0.096600
ThomsonGaz 0.078600 0.611700 0.107500 0.431100 0.094200 0.078600 0.079600 0.066300 0.107900 0.156300 0.052300 0.108100 0.079700 0.107500 0.149400 0.079700 0.139000 0.184000 0.092700 0.135800 0.080100 0.079700 0.155800 0.159000 0.079400 0.025600 0.066500 0.108100 0.066200 0.107800 0.156400 0.106700 0.233500 0.094000 0.108300 0.148300 0.052300 0.101100 0.052900 0.222700 0.157500 0.000000 0.170900 0.190300 0.135300 0.094600 0.079400 0.107500 0.109800 0.168700 0.107200 0.108100
MuntiacusC 0.139300 0.641300 0.154100 0.386600 0.157500 0.139300 0.141000 0.126700 0.138800 0.012700 0.141100 0.154100 0.110800 0.171400 0.200700 0.171900 0.155600 0.170800 0.170500 0.137800 0.141900 0.172500 0.081300 0.068400 0.141100 0.171300 0.126800 0.154100 0.157200 0.169500 0.026300 0.202900 0.233700 0.156600 0.172500 0.195600 0.141100 0.134600 0.142900 0.110900 0.096200 0.170900 0.000000 0.098000 0.152600 0.158000 0.140200 0.125700 0.143400 0.215300 0.184000 0.154100
WhiteTaile 0.190900 0.640600 0.190400 0.488600 0.178600 0.190900 0.161000 0.146400 0.174600 0.083900 0.161500 0.158900 0.129600 0.159900 0.157600 0.194000 0.160800 0.143200 0.192200 0.204900 0.162300 0.161800 0.055000 0.041000 0.161200 0.193100 0.146700 0.159200 0.178800 0.207700 0.069500 0.225200 0.276400 0.178200 0.194800 0.201600 0.161500 0.174500 0.163700 0.112400 0.069900 0.190300 0.098000 0.000000 0.188000 0.146400 0.160600 0.145000 0.164100 0.188600 0.190000 0.159200
Cattle 0.078400 0.491700 0.051400 0.380300 0.122100 0.078400 0.107000 0.093500 0.064700 0.138400 0.107100 0.051200 0.107000 0.106400 0.119700 0.135900 0.136500 0.150000 0.120200 0.064300 0.107600 0.136200 0.152300 0.155200 0.135800 0.106200 0.093500 0.051500 0.121900 0.092100 0.123600 0.135300 0.229100 0.121600 0.136300 0.062900 0.107100 0.091900 0.108400 0.199600 0.153700 0.135300 0.152600 0.188000 0.000000 0.122400 0.106600 0.079000 0.138100 0.164900 0.078000 0.051500
RoyalAntel 0.065600 0.518400 0.123800 0.461100 0.081500 0.065800 0.066600 0.053500 0.095000 0.143400 0.039500 0.095100 0.039400 0.064700 0.136400 0.095200 0.157000 0.170600 0.079900 0.122900 0.067100 0.066900 0.142900 0.145800 0.066600 0.094700 0.026400 0.095200 0.081400 0.095200 0.143500 0.122400 0.254800 0.052200 0.066900 0.135300 0.039500 0.079700 0.067600 0.209400 0.144500 0.094600 0.158000 0.146400 0.122400 0.000000 0.066400 0.124000 0.096700 0.109400 0.123500 0.095200
Steenbok 0.078500 0.535900 0.107800 0.411500 0.066400 0.078500 0.052100 0.039300 0.079900 0.126000 0.052300 0.079900 0.052300 0.078700 0.149900 0.079900 0.139800 0.184400 0.092700 0.107100 0.052500 0.079800 0.125700 0.128200 0.079400 0.079500 0.039400 0.080000 0.066400 0.108300 0.126100 0.106300 0.201400 0.066100 0.052300 0.119500 0.052300 0.065000 0.052900 0.157400 0.127300 0.079400 0.140200 0.160600 0.106600 0.066400 0.000000 0.107800 0.081100 0.138200 0.107600 0.080000
Impala 0.106700 0.534900 0.079800 0.430300 0.123600 0.106700 0.108300 0.094700 0.080000 0.111600 0.079900 0.108300 0.108400 0.107700 0.065000 0.137600 0.139400 0.154000 0.065400 0.107500 0.109000 0.108400 0.111000 0.113100 0.079800 0.107700 0.094800 0.080100 0.123500 0.080000 0.111700 0.107500 0.201100 0.123200 0.138000 0.119500 0.079900 0.121100 0.078700 0.173900 0.112000 0.107500 0.125700 0.145000 0.079000 0.124000 0.107800 0.000000 0.140000 0.184200 0.079500 0.080100
Klipspring 0.108800 0.578900 0.139700 0.443200 0.096500 0.108800 0.081300 0.067800 0.110200 0.128800 0.081500 0.110300 0.053400 0.109800 0.168500 0.110500 0.142500 0.188400 0.124100 0.123900 0.081900 0.110700 0.128400 0.130900 0.110200 0.109900 0.067900 0.110400 0.096400 0.140300 0.128900 0.138600 0.239600 0.096100 0.110800 0.151100 0.081500 0.094400 0.082500 0.161000 0.129800 0.109800 0.143400 0.164100 0.138100 0.096700 0.081100 0.140000 0.000000 0.172100 0.124500 0.110400
ForestMusk 0.136900 0.632400 0.166700 0.409100 0.154300 0.136900 0.138200 0.124400 0.151900 0.200300 0.138700 0.137400 0.138600 0.137500 0.197000 0.169300 0.109000 0.121900 0.167600 0.180800 0.139200 0.169600 0.184200 0.187800 0.168700 0.168400 0.124800 0.137400 0.154900 0.182900 0.184700 0.198200 0.214400 0.154400 0.169800 0.178500 0.138700 0.151300 0.140400 0.269900 0.186700 0.168700 0.215300 0.188600 0.164900 0.109400 0.138200 0.184200 0.172100 0.000000 0.166700 0.137400
Bushbuck 0.078700 0.523500 0.025400 0.406300 0.122900 0.078700 0.107700 0.094200 0.038400 0.169500 0.079600 0.079000 0.108000 0.136500 0.092000 0.137200 0.108400 0.151100 0.121100 0.038100 0.108500 0.108000 0.153800 0.156800 0.107500 0.107300 0.094500 0.025500 0.123100 0.038400 0.154300 0.106700 0.214200 0.122900 0.137600 0.118300 0.079600 0.120500 0.079000 0.235800 0.125200 0.107200 0.184000 0.190000 0.078000 0.123500 0.107600 0.079500 0.124500 0.166700 0.000000 0.025500
GreaterKud 0.079300 0.478600 0.025600 0.366600 0.094700 0.079300 0.080000 0.066800 0.012600 0.139800 0.080400 0.052200 0.080300 0.108100 0.121500 0.108800 0.109400 0.152300 0.122100 0.038500 0.080600 0.109000 0.124700 0.127200 0.108400 0.108200 0.067000 0.000000 0.094900 0.038700 0.125100 0.107400 0.216000 0.094800 0.109100 0.091100 0.080400 0.092800 0.079700 0.204000 0.096600 0.108100 0.154100 0.159200 0.051500 0.095200 0.080000 0.080100 0.110400 0.137400 0.025500 0.000000
