CODONML (in paml version 4.10.7, June 2023)  /home/rachel/ruminants_paml/6406-phy-tree/ENSBTAT00000010113.fasta.phy
Model: free dN/dS Ratios for branches,  kappa = 2.000 fixed

Codon frequency model: F3x4
ns =  54  ls =  31

Codon usage in sequences
--------------------------------------------------------------------------------------------------------------------------------------
Phe TTT   0   0   0   0   0   0 | Ser TCT   1   1   1   1   1   1 | Tyr TAT   0   0   0   0   0   0 | Cys TGT   0   0   0   0   0   0
    TTC   2   2   2   2   2   2 |     TCC   0   1   0   0   0   0 |     TAC   0   0   0   0   0   0 |     TGC   0   0   0   0   0   0
Leu TTA   0   0   0   1   0   0 |     TCA   2   1   2   2   2   2 | *** TAA   0   0   0   0   0   0 | *** TGA   0   0   0   0   0   0
    TTG   1   0   1   1   1   0 |     TCG   0   0   0   0   0   0 |     TAG   0   0   0   0   0   0 | Trp TGG   0   0   0   0   0   0
--------------------------------------------------------------------------------------------------------------------------------------
Leu CTT   0   0   0   0   0   0 | Pro CCT   0   0   0   0   0   0 | His CAT   0   0   0   0   0   0 | Arg CGT   0   0   0   0   0   0
    CTC   0   0   1   0   0   0 |     CCC   0   0   0   0   0   0 |     CAC   1   2   1   1   1   1 |     CGC   0   0   0   0   0   0
    CTA   1   2   1   0   1   1 |     CCA   0   0   0   0   0   0 | Gln CAA   0   0   0   0   0   0 |     CGA   0   0   0   0   0   0
    CTG   1   1   0   1   1   2 |     CCG   0   0   0   0   0   0 |     CAG   0   0   0   0   0   0 |     CGG   0   0   0   0   0   0
--------------------------------------------------------------------------------------------------------------------------------------
Ile ATT   1   1   2   2   2   2 | Thr ACT   0   0   0   0   0   0 | Asn AAT   1   1   1   1   2   2 | Ser AGT   1   1   1   1   1   0
    ATC   1   1   1   1   1   1 |     ACC   0   0   0   0   0   0 |     AAC   1   2   2   2   2   2 |     AGC   1   1   1   1   0   1
    ATA   0   0   0   0   0   0 |     ACA   1   1   1   1   1   1 | Lys AAA   0   0   0   0   0   0 | Arg AGA   1   1   1   1   1   1
Met ATG   2   2   2   2   2   3 |     ACG   0   0   0   0   0   0 |     AAG   0   0   0   0   0   0 |     AGG   0   0   0   0   0   0
--------------------------------------------------------------------------------------------------------------------------------------
Val GTT   1   2   1   0   0   0 | Ala GCT   0   0   0   0   0   0 | Asp GAT   0   0   0   0   1   1 | Gly GGT   1   1   1   1   0   0
    GTC   1   0   0   1   1   1 |     GCC   3   3   3   3   3   3 |     GAC   3   1   2   2   1   1 |     GGC   0   0   0   0   1   1
    GTA   0   0   0   0   0   0 |     GCA   1   1   1   1   1   1 | Glu GAA   0   1   1   1   1   1 |     GGA   0   0   0   0   0   0
    GTG   1   1   1   1   1   0 |     GCG   0   0   0   0   0   0 |     GAG   1   0   0   0   0   0 |     GGG   0   0   0   0   0   0
--------------------------------------------------------------------------------------------------------------------------------------

--------------------------------------------------------------------------------------------------------------------------------------
Phe TTT   0   0   0   0   0   0 | Ser TCT   1   1   1   1   1   1 | Tyr TAT   0   0   0   0   0   0 | Cys TGT   0   0   0   0   0   0
    TTC   2   2   2   2   2   2 |     TCC   0   0   0   0   0   0 |     TAC   0   0   0   0   0   0 |     TGC   0   0   0   0   0   0
Leu TTA   0   0   0   0   0   0 |     TCA   2   2   2   2   2   2 | *** TAA   0   0   0   0   0   0 | *** TGA   0   0   0   0   0   0
    TTG   1   1   1   1   1   1 |     TCG   0   0   0   0   0   0 |     TAG   0   0   0   0   0   0 | Trp TGG   0   0   0   0   0   0
--------------------------------------------------------------------------------------------------------------------------------------
Leu CTT   0   0   0   0   0   0 | Pro CCT   0   0   0   0   0   0 | His CAT   0   0   0   0   1   0 | Arg CGT   0   0   0   0   0   0
    CTC   0   0   0   0   1   0 |     CCC   0   0   0   0   0   0 |     CAC   1   1   1   1   0   1 |     CGC   0   0   0   0   0   0
    CTA   1   1   1   1   1   2 |     CCA   0   0   0   0   0   0 | Gln CAA   0   0   0   0   0   0 |     CGA   0   0   0   0   0   0
    CTG   1   1   1   1   0   0 |     CCG   0   0   0   0   0   0 |     CAG   0   0   0   0   0   0 |     CGG   0   0   0   0   0   0
--------------------------------------------------------------------------------------------------------------------------------------
Ile ATT   2   1   2   2   2   2 | Thr ACT   0   0   0   0   0   0 | Asn AAT   1   1   1   1   1   1 | Ser AGT   1   1   1   1   1   1
    ATC   1   1   1   1   1   1 |     ACC   0   0   0   0   0   0 |     AAC   2   1   2   2   2   2 |     AGC   1   1   1   1   1   1
    ATA   0   0   0   0   0   0 |     ACA   1   1   1   1   1   1 | Lys AAA   0   0   0   0   0   0 | Arg AGA   1   1   1   1   1   1
Met ATG   2   2   2   2   2   2 |     ACG   0   0   0   0   0   0 |     AAG   0   0   0   0   0   0 |     AGG   0   0   0   0   0   0
--------------------------------------------------------------------------------------------------------------------------------------
Val GTT   0   1   0   0   0   0 | Ala GCT   0   0   0   0   0   0 | Asp GAT   1   0   0   0   0   0 | Gly GGT   1   1   1   1   1   1
    GTC   1   1   1   1   1   1 |     GCC   3   3   3   3   3   3 |     GAC   1   3   2   2   2   2 |     GGC   0   0   0   0   0   0
    GTA   0   0   0   0   0   0 |     GCA   1   1   1   1   1   1 | Glu GAA   1   0   1   1   1   1 |     GGA   0   0   0   0   0   0
    GTG   1   1   1   1   1   1 |     GCG   0   0   0   0   0   0 |     GAG   0   1   0   0   0   0 |     GGG   0   0   0   0   0   0
--------------------------------------------------------------------------------------------------------------------------------------

--------------------------------------------------------------------------------------------------------------------------------------
Phe TTT   0   0   0   0   0   0 | Ser TCT   1   1   1   1   1   1 | Tyr TAT   0   0   0   0   0   0 | Cys TGT   0   0   0   0   0   0
    TTC   2   2   2   2   2   2 |     TCC   0   0   0   0   0   0 |     TAC   0   0   0   0   0   0 |     TGC   0   0   0   0   0   0
Leu TTA   0   0   0   0   0   0 |     TCA   2   2   2   2   2   2 | *** TAA   0   0   0   0   0   0 | *** TGA   0   0   0   0   0   0
    TTG   1   1   1   1   1   1 |     TCG   0   0   0   0   0   0 |     TAG   0   0   0   0   0   0 | Trp TGG   0   0   0   0   0   0
--------------------------------------------------------------------------------------------------------------------------------------
Leu CTT   0   0   0   0   0   0 | Pro CCT   0   0   0   0   0   0 | His CAT   0   0   0   0   0   0 | Arg CGT   0   0   0   0   0   0
    CTC   0   0   0   0   0   0 |     CCC   0   0   0   0   0   0 |     CAC   1   1   1   2   1   1 |     CGC   0   0   0   0   0   0
    CTA   1   1   0   1   1   1 |     CCA   0   0   0   0   0   0 | Gln CAA   0   0   0   0   0   0 |     CGA   0   0   0   0   0   0
    CTG   1   1   2   1   1   1 |     CCG   0   0   0   0   0   0 |     CAG   0   0   0   0   0   0 |     CGG   0   0   0   0   0   0
--------------------------------------------------------------------------------------------------------------------------------------
Ile ATT   1   2   1   2   2   2 | Thr ACT   0   0   0   0   0   0 | Asn AAT   1   1   1   1   0   1 | Ser AGT   1   1   1   1   1   1
    ATC   1   1   1   1   1   1 |     ACC   0   0   0   0   0   0 |     AAC   1   2   1   1   3   1 |     AGC   1   1   1   1   1   1
    ATA   0   0   0   0   0   0 |     ACA   1   1   1   1   1   1 | Lys AAA   0   0   0   0   0   0 | Arg AGA   1   1   0   1   1   1
Met ATG   2   2   2   2   2   2 |     ACG   0   0   0   0   0   0 |     AAG   0   0   0   0   0   0 |     AGG   0   0   1   0   0   0
--------------------------------------------------------------------------------------------------------------------------------------
Val GTT   1   0   1   0   0   0 | Ala GCT   0   0   0   0   0   0 | Asp GAT   0   0   0   0   0   0 | Gly GGT   1   1   1   1   1   1
    GTC   1   1   1   1   1   1 |     GCC   3   3   3   3   3   3 |     GAC   3   2   3   2   2   3 |     GGC   0   0   0   0   0   0
    GTA   0   0   0   0   0   0 |     GCA   1   1   1   1   1   1 | Glu GAA   0   1   1   1   1   1 |     GGA   0   0   0   0   0   0
    GTG   1   1   1   1   1   1 |     GCG   0   0   0   0   0   0 |     GAG   1   0   0   0   0   0 |     GGG   0   0   0   0   0   0
--------------------------------------------------------------------------------------------------------------------------------------

--------------------------------------------------------------------------------------------------------------------------------------
Phe TTT   0   0   0   0   0   0 | Ser TCT   1   1   1   1   2   1 | Tyr TAT   0   0   0   0   0   0 | Cys TGT   0   0   0   0   0   0
    TTC   2   2   2   2   2   2 |     TCC   0   0   0   0   0   0 |     TAC   0   0   0   0   0   0 |     TGC   0   0   0   0   0   0
Leu TTA   0   0   0   0   0   0 |     TCA   2   2   2   2   1   2 | *** TAA   0   0   0   0   0   0 | *** TGA   0   0   0   0   0   0
    TTG   1   1   1   1   1   1 |     TCG   0   0   0   0   0   0 |     TAG   0   0   0   0   0   0 | Trp TGG   0   0   0   0   0   0
--------------------------------------------------------------------------------------------------------------------------------------
Leu CTT   0   0   0   0   0   0 | Pro CCT   0   0   0   0   0   0 | His CAT   0   0   0   0   0   0 | Arg CGT   0   0   0   0   0   0
    CTC   0   0   0   1   0   0 |     CCC   0   0   0   0   0   0 |     CAC   1   1   1   1   1   1 |     CGC   0   0   0   0   0   0
    CTA   1   1   1   1   1   1 |     CCA   0   0   0   0   0   0 | Gln CAA   0   0   0   0   0   0 |     CGA   0   0   0   0   0   0
    CTG   1   1   1   0   1   1 |     CCG   0   0   0   0   0   0 |     CAG   0   0   0   0   0   0 |     CGG   0   0   0   0   0   0
--------------------------------------------------------------------------------------------------------------------------------------
Ile ATT   0   0   1   2   2   1 | Thr ACT   0   0   0   0   0   0 | Asn AAT   1   1   1   1   1   1 | Ser AGT   1   1   1   1   1   1
    ATC   2   2   1   1   1   1 |     ACC   0   0   0   0   0   0 |     AAC   2   2   1   2   2   1 |     AGC   1   1   1   1   1   1
    ATA   0   0   0   0   0   0 |     ACA   1   1   1   1   1   1 | Lys AAA   0   0   0   0   0   0 | Arg AGA   1   1   1   1   1   1
Met ATG   2   2   2   2   2   2 |     ACG   0   0   0   0   0   0 |     AAG   0   0   0   0   0   0 |     AGG   0   0   0   0   0   0
--------------------------------------------------------------------------------------------------------------------------------------
Val GTT   1   1   1   0   0   1 | Ala GCT   0   0   0   0   0   0 | Asp GAT   0   0   0   0   0   0 | Gly GGT   1   1   1   1   1   1
    GTC   1   1   1   1   1   1 |     GCC   3   3   3   3   3   3 |     GAC   2   2   3   2   2   3 |     GGC   0   0   0   0   0   0
    GTA   0   0   0   0   0   0 |     GCA   1   1   1   1   1   1 | Glu GAA   1   1   1   1   1   0 |     GGA   0   0   0   0   0   0
    GTG   1   1   1   1   1   1 |     GCG   0   0   0   0   0   0 |     GAG   0   0   0   0   0   1 |     GGG   0   0   0   0   0   0
--------------------------------------------------------------------------------------------------------------------------------------

--------------------------------------------------------------------------------------------------------------------------------------
Phe TTT   0   0   0   0   0   0 | Ser TCT   1   1   1   1   1   1 | Tyr TAT   0   0   0   0   0   0 | Cys TGT   0   0   0   0   0   0
    TTC   2   2   2   2   2   2 |     TCC   0   0   0   0   0   0 |     TAC   0   0   0   0   0   0 |     TGC   0   0   0   0   0   0
Leu TTA   1   1   0   0   0   0 |     TCA   2   2   2   2   2   2 | *** TAA   0   0   0   0   0   0 | *** TGA   0   0   0   0   0   0
    TTG   1   0   1   1   1   1 |     TCG   0   0   0   0   0   0 |     TAG   0   0   0   0   0   0 | Trp TGG   0   0   0   0   0   0
--------------------------------------------------------------------------------------------------------------------------------------
Leu CTT   0   0   0   0   0   0 | Pro CCT   0   0   0   0   0   0 | His CAT   0   0   0   0   0   0 | Arg CGT   0   0   0   0   0   0
    CTC   0   0   0   0   0   1 |     CCC   0   0   0   0   0   0 |     CAC   1   1   1   1   1   1 |     CGC   0   0   0   0   0   0
    CTA   1   1   1   1   0   1 |     CCA   0   0   0   0   0   0 | Gln CAA   0   0   0   0   0   0 |     CGA   0   0   0   0   0   0
    CTG   0   1   1   1   2   0 |     CCG   0   0   0   0   0   0 |     CAG   0   0   0   0   0   0 |     CGG   0   0   0   0   0   0
--------------------------------------------------------------------------------------------------------------------------------------
Ile ATT   2   2   1   2   1   2 | Thr ACT   0   0   0   0   0   0 | Asn AAT   1   1   1   1   1   1 | Ser AGT   1   1   1   1   1   1
    ATC   0   1   1   1   1   1 |     ACC   0   0   0   0   0   0 |     AAC   2   2   1   1   2   2 |     AGC   1   1   1   1   1   1
    ATA   1   0   0   0   0   0 |     ACA   1   1   1   1   1   1 | Lys AAA   0   0   0   0   0   0 | Arg AGA   1   1   1   1   0   1
Met ATG   2   2   2   2   2   2 |     ACG   0   0   0   0   0   0 |     AAG   0   0   0   0   0   0 |     AGG   0   0   0   0   1   0
--------------------------------------------------------------------------------------------------------------------------------------
Val GTT   0   0   1   0   1   0 | Ala GCT   0   0   0   0   0   0 | Asp GAT   0   0   0   0   0   0 | Gly GGT   1   1   1   1   1   1
    GTC   1   1   1   1   1   1 |     GCC   3   3   3   3   3   3 |     GAC   2   2   3   3   2   2 |     GGC   0   0   0   0   0   0
    GTA   0   0   0   0   0   0 |     GCA   1   1   1   1   1   1 | Glu GAA   1   1   0   1   1   1 |     GGA   0   0   0   0   0   0
    GTG   1   1   1   1   1   1 |     GCG   0   0   0   0   0   0 |     GAG   0   0   1   0   0   0 |     GGG   0   0   0   0   0   0
--------------------------------------------------------------------------------------------------------------------------------------

--------------------------------------------------------------------------------------------------------------------------------------
Phe TTT   0   0   0   0   0   0 | Ser TCT   1   1   1   1   1   1 | Tyr TAT   0   0   0   0   0   0 | Cys TGT   0   0   0   0   0   0
    TTC   2   2   2   2   1   2 |     TCC   0   0   0   0   0   0 |     TAC   0   0   0   0   0   0 |     TGC   0   0   0   0   0   0
Leu TTA   0   0   0   0   1   0 |     TCA   2   2   2   2   1   2 | *** TAA   0   0   0   0   0   0 | *** TGA   0   0   0   0   0   0
    TTG   1   1   1   1   1   1 |     TCG   0   0   0   0   1   0 |     TAG   0   0   0   0   0   0 | Trp TGG   0   0   0   0   0   0
--------------------------------------------------------------------------------------------------------------------------------------
Leu CTT   0   0   0   0   0   0 | Pro CCT   0   0   0   0   0   0 | His CAT   0   0   0   0   0   0 | Arg CGT   0   0   0   0   0   0
    CTC   0   1   0   0   0   0 |     CCC   0   0   0   0   0   0 |     CAC   1   1   1   2   1   1 |     CGC   0   0   0   0   0   0
    CTA   1   1   1   1   1   0 |     CCA   0   0   0   0   0   0 | Gln CAA   0   0   0   0   0   0 |     CGA   0   0   0   0   0   0
    CTG   1   0   1   1   1   2 |     CCG   0   0   0   0   0   0 |     CAG   0   0   0   0   0   0 |     CGG   0   0   0   0   0   0
--------------------------------------------------------------------------------------------------------------------------------------
Ile ATT   2   2   2   2   2   1 | Thr ACT   0   0   0   0   0   0 | Asn AAT   1   1   1   1   1   1 | Ser AGT   1   1   1   1   1   1
    ATC   1   1   1   1   1   1 |     ACC   0   0   0   0   0   0 |     AAC   1   2   2   1   2   2 |     AGC   1   1   1   1   1   1
    ATA   0   0   0   0   0   0 |     ACA   1   1   1   1   1   1 | Lys AAA   0   0   0   0   0   0 | Arg AGA   1   1   1   1   1   0
Met ATG   2   2   2   2   2   2 |     ACG   0   0   0   0   0   0 |     AAG   0   0   0   0   0   0 |     AGG   0   0   0   0   0   1
--------------------------------------------------------------------------------------------------------------------------------------
Val GTT   0   0   0   0   0   1 | Ala GCT   0   0   0   0   0   0 | Asp GAT   0   0   0   0   0   0 | Gly GGT   1   1   1   1   1   1
    GTC   1   1   1   1   1   1 |     GCC   3   3   3   3   3   3 |     GAC   3   2   2   2   2   2 |     GGC   0   0   0   0   0   0
    GTA   0   0   0   0   0   0 |     GCA   1   1   1   1   1   1 | Glu GAA   1   1   1   1   1   1 |     GGA   0   0   0   0   0   0
    GTG   1   1   1   1   1   1 |     GCG   0   0   0   0   0   0 |     GAG   0   0   0   0   0   0 |     GGG   0   0   0   0   0   0
--------------------------------------------------------------------------------------------------------------------------------------

--------------------------------------------------------------------------------------------------------------------------------------
Phe TTT   0   0   0   0   0   0 | Ser TCT   1   1   1   1   1   1 | Tyr TAT   0   0   0   0   0   0 | Cys TGT   0   0   0   0   0   0
    TTC   2   2   2   2   2   2 |     TCC   0   0   0   0   0   0 |     TAC   0   0   0   0   0   0 |     TGC   0   0   0   0   0   0
Leu TTA   0   0   0   0   0   1 |     TCA   2   2   2   2   1   2 | *** TAA   0   0   0   0   0   0 | *** TGA   0   0   0   0   0   0
    TTG   1   1   1   1   2   0 |     TCG   0   0   0   0   1   0 |     TAG   0   0   0   0   0   0 | Trp TGG   0   0   0   0   0   0
--------------------------------------------------------------------------------------------------------------------------------------
Leu CTT   0   0   0   0   0   0 | Pro CCT   0   0   0   0   0   0 | His CAT   0   0   0   0   0   0 | Arg CGT   0   0   0   0   0   0
    CTC   0   0   0   0   0   1 |     CCC   0   0   0   0   0   0 |     CAC   1   1   1   1   1   1 |     CGC   0   0   0   0   0   0
    CTA   1   1   1   1   1   1 |     CCA   0   0   0   0   0   0 | Gln CAA   0   0   0   0   0   0 |     CGA   0   0   0   0   0   0
    CTG   1   1   1   1   1   0 |     CCG   0   0   0   0   0   0 |     CAG   0   0   0   0   0   0 |     CGG   0   0   0   0   0   0
--------------------------------------------------------------------------------------------------------------------------------------
Ile ATT   1   1   1   2   1   2 | Thr ACT   0   0   0   0   0   0 | Asn AAT   1   1   1   1   1   1 | Ser AGT   1   1   1   1   1   1
    ATC   1   1   1   1   1   1 |     ACC   0   0   0   0   0   0 |     AAC   3   2   1   2   2   2 |     AGC   0   1   1   1   1   1
    ATA   0   0   0   0   0   0 |     ACA   1   1   1   1   1   1 | Lys AAA   0   0   0   0   0   0 | Arg AGA   1   1   1   1   1   1
Met ATG   2   2   2   2   1   2 |     ACG   0   0   0   0   0   0 |     AAG   0   0   0   0   0   0 |     AGG   0   0   0   0   0   0
--------------------------------------------------------------------------------------------------------------------------------------
Val GTT   1   1   1   0   1   0 | Ala GCT   0   0   0   0   0   0 | Asp GAT   0   0   0   0   0   0 | Gly GGT   1   1   1   1   1   1
    GTC   1   1   1   1   1   1 |     GCC   3   3   3   3   4   3 |     GAC   2   2   3   2   2   2 |     GGC   0   0   0   0   0   0
    GTA   0   0   0   0   0   0 |     GCA   1   1   1   1   0   1 | Glu GAA   1   1   0   1   1   1 |     GGA   0   0   0   0   0   0
    GTG   1   1   1   1   1   1 |     GCG   0   0   0   0   0   0 |     GAG   0   0   1   0   0   0 |     GGG   0   0   0   0   0   0
--------------------------------------------------------------------------------------------------------------------------------------

--------------------------------------------------------------------------------------------------------------------------------------
Phe TTT   0   0   0   0   0   0 | Ser TCT   1   1   1   1   1   1 | Tyr TAT   0   0   0   0   0   0 | Cys TGT   0   0   0   0   0   0
    TTC   2   2   2   2   2   2 |     TCC   0   0   0   0   0   0 |     TAC   0   0   0   0   0   0 |     TGC   0   0   0   0   0   0
Leu TTA   1   0   0   1   0   0 |     TCA   2   2   2   2   2   2 | *** TAA   0   0   0   0   0   0 | *** TGA   0   0   0   0   0   0
    TTG   0   1   1   0   1   1 |     TCG   0   0   0   0   0   0 |     TAG   0   0   0   0   0   0 | Trp TGG   0   0   0   0   0   0
--------------------------------------------------------------------------------------------------------------------------------------
Leu CTT   0   0   0   0   0   0 | Pro CCT   0   0   0   0   0   0 | His CAT   0   0   0   0   0   0 | Arg CGT   0   0   0   0   0   0
    CTC   0   0   0   0   0   0 |     CCC   0   0   0   0   0   0 |     CAC   1   1   1   1   1   1 |     CGC   0   0   0   0   0   0
    CTA   1   1   1   1   1   1 |     CCA   0   0   0   0   0   0 | Gln CAA   0   0   0   0   0   0 |     CGA   0   0   0   0   0   0
    CTG   1   1   1   1   1   1 |     CCG   0   0   0   0   0   0 |     CAG   0   0   0   0   0   0 |     CGG   0   0   0   0   0   0
--------------------------------------------------------------------------------------------------------------------------------------
Ile ATT   2   2   2   2   1   2 | Thr ACT   0   0   0   0   0   0 | Asn AAT   1   1   1   1   1   1 | Ser AGT   1   1   1   1   1   1
    ATC   1   1   1   1   1   1 |     ACC   0   0   0   0   0   0 |     AAC   2   1   2   2   2   2 |     AGC   1   1   1   1   1   1
    ATA   0   0   0   0   0   0 |     ACA   1   1   1   1   1   1 | Lys AAA   0   0   0   0   0   0 | Arg AGA   1   1   1   1   1   1
Met ATG   2   2   2   2   2   2 |     ACG   0   0   0   0   0   0 |     AAG   0   0   0   0   0   0 |     AGG   0   0   0   0   0   0
--------------------------------------------------------------------------------------------------------------------------------------
Val GTT   0   0   0   0   1   0 | Ala GCT   0   1   0   0   0   0 | Asp GAT   0   0   0   0   0   0 | Gly GGT   1   1   1   1   1   1
    GTC   1   1   1   1   1   1 |     GCC   3   2   3   3   3   3 |     GAC   2   3   2   2   2   2 |     GGC   0   0   0   0   0   0
    GTA   0   0   0   0   0   0 |     GCA   1   1   1   1   1   1 | Glu GAA   1   1   1   1   1   1 |     GGA   0   0   0   0   0   0
    GTG   1   1   1   1   1   1 |     GCG   0   0   0   0   0   0 |     GAG   0   0   0   0   0   0 |     GGG   0   0   0   0   0   0
--------------------------------------------------------------------------------------------------------------------------------------

--------------------------------------------------------------------------------------------------------------------------------------
Phe TTT   0   0   0   0   0   0 | Ser TCT   1   1   1   1   1   1 | Tyr TAT   0   0   0   0   0   0 | Cys TGT   0   0   0   0   0   0
    TTC   2   2   2   2   2   2 |     TCC   0   0   0   0   0   0 |     TAC   0   0   0   0   0   0 |     TGC   0   0   0   0   0   0
Leu TTA   0   0   0   1   0   0 |     TCA   2   2   2   2   2   2 | *** TAA   0   0   0   0   0   0 | *** TGA   0   0   0   0   0   0
    TTG   2   1   1   1   1   1 |     TCG   0   0   0   0   0   0 |     TAG   0   0   0   0   0   0 | Trp TGG   0   0   0   0   0   0
--------------------------------------------------------------------------------------------------------------------------------------
Leu CTT   0   0   0   0   0   0 | Pro CCT   0   0   0   0   0   0 | His CAT   0   0   0   0   0   0 | Arg CGT   0   0   0   0   0   0
    CTC   0   0   0   0   1   1 |     CCC   0   0   0   0   0   0 |     CAC   1   1   1   1   1   1 |     CGC   0   0   0   0   0   0
    CTA   1   1   1   0   1   1 |     CCA   0   0   0   0   0   0 | Gln CAA   0   0   0   0   0   0 |     CGA   0   0   0   0   0   0
    CTG   1   1   1   1   0   0 |     CCG   0   0   0   0   0   0 |     CAG   0   0   0   0   0   0 |     CGG   0   0   0   0   0   0
--------------------------------------------------------------------------------------------------------------------------------------
Ile ATT   2   2   2   2   2   2 | Thr ACT   0   0   0   0   0   0 | Asn AAT   1   0   1   1   1   1 | Ser AGT   1   1   1   1   1   1
    ATC   1   1   1   1   1   1 |     ACC   0   0   0   0   0   0 |     AAC   2   3   2   2   2   2 |     AGC   1   1   1   1   1   1
    ATA   0   0   0   0   0   0 |     ACA   1   1   1   1   1   1 | Lys AAA   0   0   0   0   0   0 | Arg AGA   1   1   1   1   1   1
Met ATG   1   2   2   2   2   2 |     ACG   0   0   0   0   0   0 |     AAG   0   0   0   0   0   0 |     AGG   0   0   0   0   0   0
--------------------------------------------------------------------------------------------------------------------------------------
Val GTT   0   0   0   0   0   0 | Ala GCT   0   0   0   0   0   0 | Asp GAT   0   0   0   0   0   0 | Gly GGT   1   1   1   1   1   1
    GTC   1   1   1   1   1   1 |     GCC   4   3   3   3   3   3 |     GAC   2   2   2   2   2   2 |     GGC   0   0   0   0   0   0
    GTA   0   0   0   0   0   0 |     GCA   0   1   1   1   1   1 | Glu GAA   1   1   1   1   1   1 |     GGA   0   0   0   0   0   0
    GTG   1   1   1   1   1   1 |     GCG   0   0   0   0   0   0 |     GAG   0   0   0   0   0   0 |     GGG   0   0   0   0   0   0
--------------------------------------------------------------------------------------------------------------------------------------

Codon position x base (3x4) table for each sequence.

#1: Argali         
position  1:    T:0.19355    C:0.09677    A:0.32258    G:0.38710
position  2:    T:0.38710    C:0.25806    A:0.22581    G:0.12903
position  3:    T:0.19355    C:0.41935    A:0.19355    G:0.19355
Average         T:0.25806    C:0.25806    A:0.24731    G:0.23656

#2: LesserMouseDeer
position  1:    T:0.16129    C:0.16129    A:0.35484    G:0.32258
position  2:    T:0.38710    C:0.25806    A:0.22581    G:0.12903
position  3:    T:0.22581    C:0.41935    A:0.22581    G:0.12903
Average         T:0.25806    C:0.27957    A:0.26882    G:0.19355

#3: LesserKudu     
position  1:    T:0.19355    C:0.09677    A:0.38710    G:0.32258
position  2:    T:0.38710    C:0.25806    A:0.22581    G:0.12903
position  3:    T:0.22581    C:0.41935    A:0.22581    G:0.12903
Average         T:0.26882    C:0.25806    A:0.27957    G:0.19355

#4: ForestMuskDeer2
position  1:    T:0.22581    C:0.06452    A:0.38710    G:0.32258
position  2:    T:0.38710    C:0.25806    A:0.22581    G:0.12903
position  3:    T:0.19355    C:0.41935    A:0.22581    G:0.16129
Average         T:0.26882    C:0.24731    A:0.27957    G:0.20430

#5: Camel          
position  1:    T:0.19355    C:0.09677    A:0.38710    G:0.32258
position  2:    T:0.38710    C:0.25806    A:0.25806    G:0.09677
position  3:    T:0.22581    C:0.38710    A:0.22581    G:0.16129
Average         T:0.26882    C:0.24731    A:0.29032    G:0.19355

#6: KillerWhale    
position  1:    T:0.16129    C:0.12903    A:0.41935    G:0.29032
position  2:    T:0.38710    C:0.25806    A:0.25806    G:0.09677
position  3:    T:0.19355    C:0.41935    A:0.22581    G:0.16129
Average         T:0.24731    C:0.26882    A:0.30108    G:0.18280

#7: DefassaWaterbuck
position  1:    T:0.19355    C:0.09677    A:0.38710    G:0.32258
position  2:    T:0.38710    C:0.25806    A:0.22581    G:0.12903
position  3:    T:0.22581    C:0.38710    A:0.22581    G:0.16129
Average         T:0.26882    C:0.24731    A:0.27957    G:0.20430

#8: Sheep          
position  1:    T:0.19355    C:0.09677    A:0.32258    G:0.38710
position  2:    T:0.38710    C:0.25806    A:0.22581    G:0.12903
position  3:    T:0.19355    C:0.41935    A:0.19355    G:0.19355
Average         T:0.25806    C:0.25806    A:0.24731    G:0.23656

#9: MaxwellsDuiker 
position  1:    T:0.19355    C:0.09677    A:0.38710    G:0.32258
position  2:    T:0.38710    C:0.25806    A:0.22581    G:0.12903
position  3:    T:0.19355    C:0.41935    A:0.22581    G:0.16129
Average         T:0.25806    C:0.25806    A:0.27957    G:0.20430

#10: GazellaPrzewalskyi
position  1:    T:0.19355    C:0.09677    A:0.38710    G:0.32258
position  2:    T:0.38710    C:0.25806    A:0.22581    G:0.12903
position  3:    T:0.19355    C:0.41935    A:0.22581    G:0.16129
Average         T:0.25806    C:0.25806    A:0.27957    G:0.20430

#11: MountainNyala  
position  1:    T:0.19355    C:0.09677    A:0.38710    G:0.32258
position  2:    T:0.38710    C:0.25806    A:0.22581    G:0.12903
position  3:    T:0.22581    C:0.41935    A:0.22581    G:0.12903
Average         T:0.26882    C:0.25806    A:0.27957    G:0.19355

#12: MuntiacusMuntjak
position  1:    T:0.19355    C:0.09677    A:0.38710    G:0.32258
position  2:    T:0.38710    C:0.25806    A:0.22581    G:0.12903
position  3:    T:0.19355    C:0.41935    A:0.25806    G:0.12903
Average         T:0.25806    C:0.25806    A:0.29032    G:0.19355

#13: goat           
position  1:    T:0.19355    C:0.09677    A:0.32258    G:0.38710
position  2:    T:0.38710    C:0.25806    A:0.22581    G:0.12903
position  3:    T:0.19355    C:0.41935    A:0.19355    G:0.19355
Average         T:0.25806    C:0.25806    A:0.24731    G:0.23656

#14: AfricanBuffalo 
position  1:    T:0.19355    C:0.09677    A:0.38710    G:0.32258
position  2:    T:0.38710    C:0.25806    A:0.22581    G:0.12903
position  3:    T:0.19355    C:0.41935    A:0.22581    G:0.16129
Average         T:0.25806    C:0.25806    A:0.27957    G:0.20430

#15: Topi           
position  1:    T:0.19355    C:0.09677    A:0.32258    G:0.38710
position  2:    T:0.38710    C:0.25806    A:0.22581    G:0.12903
position  3:    T:0.19355    C:0.41935    A:0.16129    G:0.22581
Average         T:0.25806    C:0.25806    A:0.23656    G:0.24731

#16: CommonDuiker   
position  1:    T:0.19355    C:0.12903    A:0.35484    G:0.32258
position  2:    T:0.38710    C:0.25806    A:0.22581    G:0.12903
position  3:    T:0.19355    C:0.41935    A:0.22581    G:0.16129
Average         T:0.25806    C:0.26882    A:0.26882    G:0.20430

#17: Suni           
position  1:    T:0.19355    C:0.09677    A:0.38710    G:0.32258
position  2:    T:0.38710    C:0.25806    A:0.22581    G:0.12903
position  3:    T:0.16129    C:0.45161    A:0.22581    G:0.16129
Average         T:0.24731    C:0.26882    A:0.27957    G:0.20430

#18: Springbuck     
position  1:    T:0.19355    C:0.09677    A:0.35484    G:0.35484
position  2:    T:0.38710    C:0.25806    A:0.22581    G:0.12903
position  3:    T:0.19355    C:0.41935    A:0.22581    G:0.16129
Average         T:0.25806    C:0.25806    A:0.26882    G:0.21505

#19: Okapi          
position  1:    T:0.19355    C:0.09677    A:0.35484    G:0.35484
position  2:    T:0.38710    C:0.25806    A:0.22581    G:0.12903
position  3:    T:0.16129    C:0.45161    A:0.22581    G:0.16129
Average         T:0.24731    C:0.26882    A:0.26882    G:0.21505

#20: Giraffe        
position  1:    T:0.19355    C:0.09677    A:0.35484    G:0.35484
position  2:    T:0.38710    C:0.25806    A:0.22581    G:0.12903
position  3:    T:0.16129    C:0.45161    A:0.22581    G:0.16129
Average         T:0.24731    C:0.26882    A:0.26882    G:0.21505

#21: TibetanAntelope
position  1:    T:0.19355    C:0.09677    A:0.32258    G:0.38710
position  2:    T:0.38710    C:0.25806    A:0.22581    G:0.12903
position  3:    T:0.19355    C:0.41935    A:0.22581    G:0.16129
Average         T:0.25806    C:0.25806    A:0.25806    G:0.22581

#22: Sitatunga      
position  1:    T:0.19355    C:0.09677    A:0.38710    G:0.32258
position  2:    T:0.38710    C:0.25806    A:0.22581    G:0.12903
position  3:    T:0.19355    C:0.45161    A:0.22581    G:0.12903
Average         T:0.25806    C:0.26882    A:0.27957    G:0.19355

#23: Oribi          
position  1:    T:0.19355    C:0.09677    A:0.38710    G:0.32258
position  2:    T:0.38710    C:0.25806    A:0.22581    G:0.12903
position  3:    T:0.22581    C:0.41935    A:0.19355    G:0.16129
Average         T:0.26882    C:0.25806    A:0.26882    G:0.20430

#24: BarbarySheep   
position  1:    T:0.19355    C:0.09677    A:0.32258    G:0.38710
position  2:    T:0.38710    C:0.25806    A:0.22581    G:0.12903
position  3:    T:0.19355    C:0.41935    A:0.19355    G:0.19355
Average         T:0.25806    C:0.25806    A:0.24731    G:0.23656

#25: Daviddeer      
position  1:    T:0.22581    C:0.06452    A:0.38710    G:0.32258
position  2:    T:0.38710    C:0.25806    A:0.22581    G:0.12903
position  3:    T:0.19355    C:0.38710    A:0.29032    G:0.12903
Average         T:0.26882    C:0.23656    A:0.30108    G:0.19355

#26: Reindeer       
position  1:    T:0.19355    C:0.09677    A:0.38710    G:0.32258
position  2:    T:0.38710    C:0.25806    A:0.22581    G:0.12903
position  3:    T:0.19355    C:0.41935    A:0.25806    G:0.12903
Average         T:0.25806    C:0.25806    A:0.29032    G:0.19355

#27: Ibex           
position  1:    T:0.19355    C:0.09677    A:0.32258    G:0.38710
position  2:    T:0.38710    C:0.25806    A:0.22581    G:0.12903
position  3:    T:0.19355    C:0.41935    A:0.19355    G:0.19355
Average         T:0.25806    C:0.25806    A:0.24731    G:0.23656

#28: GyrantGazelle  
position  1:    T:0.19355    C:0.09677    A:0.35484    G:0.35484
position  2:    T:0.38710    C:0.25806    A:0.22581    G:0.12903
position  3:    T:0.19355    C:0.41935    A:0.22581    G:0.16129
Average         T:0.25806    C:0.25806    A:0.26882    G:0.21505

#29: Hartebeest     
position  1:    T:0.19355    C:0.09677    A:0.35484    G:0.35484
position  2:    T:0.38710    C:0.25806    A:0.22581    G:0.12903
position  3:    T:0.19355    C:0.41935    A:0.16129    G:0.22581
Average         T:0.25806    C:0.25806    A:0.24731    G:0.23656

#30: Bongo          
position  1:    T:0.19355    C:0.09677    A:0.38710    G:0.32258
position  2:    T:0.38710    C:0.25806    A:0.22581    G:0.12903
position  3:    T:0.19355    C:0.45161    A:0.22581    G:0.12903
Average         T:0.25806    C:0.26882    A:0.27957    G:0.19355

#31: Gerenuk        
position  1:    T:0.19355    C:0.09677    A:0.35484    G:0.35484
position  2:    T:0.38710    C:0.25806    A:0.22581    G:0.12903
position  3:    T:0.19355    C:0.41935    A:0.22581    G:0.16129
Average         T:0.25806    C:0.25806    A:0.26882    G:0.21505

#32: CommonEland    
position  1:    T:0.19355    C:0.09677    A:0.38710    G:0.32258
position  2:    T:0.38710    C:0.25806    A:0.22581    G:0.12903
position  3:    T:0.19355    C:0.45161    A:0.22581    G:0.12903
Average         T:0.25806    C:0.26882    A:0.27957    G:0.19355

#33: MuntiacusReevesi
position  1:    T:0.19355    C:0.09677    A:0.38710    G:0.32258
position  2:    T:0.38710    C:0.25806    A:0.22581    G:0.12903
position  3:    T:0.19355    C:0.41935    A:0.22581    G:0.16129
Average         T:0.25806    C:0.25806    A:0.27957    G:0.20430

#34: HarveysDuiker  
position  1:    T:0.19355    C:0.12903    A:0.35484    G:0.32258
position  2:    T:0.38710    C:0.25806    A:0.22581    G:0.12903
position  3:    T:0.19355    C:0.41935    A:0.22581    G:0.16129
Average         T:0.25806    C:0.26882    A:0.26882    G:0.20430

#35: Pronghorn      
position  1:    T:0.19355    C:0.09677    A:0.38710    G:0.32258
position  2:    T:0.38710    C:0.25806    A:0.22581    G:0.12903
position  3:    T:0.19355    C:0.38710    A:0.22581    G:0.19355
Average         T:0.25806    C:0.24731    A:0.27957    G:0.21505

#36: BlueWildebeest 
position  1:    T:0.19355    C:0.09677    A:0.35484    G:0.35484
position  2:    T:0.38710    C:0.25806    A:0.22581    G:0.12903
position  3:    T:0.19355    C:0.41935    A:0.16129    G:0.22581
Average         T:0.25806    C:0.25806    A:0.24731    G:0.23656

#37: Gemsbok        
position  1:    T:0.19355    C:0.09677    A:0.35484    G:0.35484
position  2:    T:0.38710    C:0.25806    A:0.25806    G:0.09677
position  3:    T:0.19355    C:0.41935    A:0.22581    G:0.16129
Average         T:0.25806    C:0.25806    A:0.27957    G:0.20430

#38: Yak            
position  1:    T:0.19355    C:0.09677    A:0.35484    G:0.35484
position  2:    T:0.38710    C:0.25806    A:0.22581    G:0.12903
position  3:    T:0.19355    C:0.41935    A:0.22581    G:0.16129
Average         T:0.25806    C:0.25806    A:0.26882    G:0.21505

#39: BlueSheep      
position  1:    T:0.19355    C:0.09677    A:0.32258    G:0.38710
position  2:    T:0.38710    C:0.25806    A:0.22581    G:0.12903
position  3:    T:0.19355    C:0.41935    A:0.19355    G:0.19355
Average         T:0.25806    C:0.25806    A:0.24731    G:0.23656

#40: BohorReedbuck  
position  1:    T:0.19355    C:0.09677    A:0.38710    G:0.32258
position  2:    T:0.38710    C:0.25806    A:0.22581    G:0.12903
position  3:    T:0.19355    C:0.41935    A:0.22581    G:0.16129
Average         T:0.25806    C:0.25806    A:0.27957    G:0.20430

#41: KirksDik       
position  1:    T:0.22581    C:0.09677    A:0.32258    G:0.35484
position  2:    T:0.38710    C:0.25806    A:0.22581    G:0.12903
position  3:    T:0.19355    C:0.45161    A:0.16129    G:0.19355
Average         T:0.26882    C:0.26882    A:0.23656    G:0.22581

#42: RoeDeer        
position  1:    T:0.19355    C:0.09677    A:0.38710    G:0.32258
position  2:    T:0.38710    C:0.25806    A:0.22581    G:0.12903
position  3:    T:0.19355    C:0.45161    A:0.25806    G:0.09677
Average         T:0.25806    C:0.26882    A:0.29032    G:0.18280

#43: WhiteLippedDeer
position  1:    T:0.19355    C:0.09677    A:0.38710    G:0.32258
position  2:    T:0.38710    C:0.25806    A:0.22581    G:0.12903
position  3:    T:0.19355    C:0.41935    A:0.25806    G:0.12903
Average         T:0.25806    C:0.25806    A:0.29032    G:0.19355

#44: ThomsonGazelle 
position  1:    T:0.19355    C:0.09677    A:0.35484    G:0.35484
position  2:    T:0.38710    C:0.25806    A:0.22581    G:0.12903
position  3:    T:0.22581    C:0.38710    A:0.22581    G:0.16129
Average         T:0.26882    C:0.24731    A:0.26882    G:0.21505

#45: MuntiacusCrinifrons
position  1:    T:0.19355    C:0.09677    A:0.38710    G:0.32258
position  2:    T:0.38710    C:0.25806    A:0.22581    G:0.12903
position  3:    T:0.19355    C:0.41935    A:0.22581    G:0.16129
Average         T:0.25806    C:0.25806    A:0.27957    G:0.20430

#46: WhiteTailedDeer
position  1:    T:0.19355    C:0.09677    A:0.38710    G:0.32258
position  2:    T:0.38710    C:0.25806    A:0.22581    G:0.12903
position  3:    T:0.19355    C:0.41935    A:0.25806    G:0.12903
Average         T:0.25806    C:0.25806    A:0.29032    G:0.19355

#47: Cattle         
position  1:    T:0.19355    C:0.09677    A:0.35484    G:0.35484
position  2:    T:0.38710    C:0.25806    A:0.22581    G:0.12903
position  3:    T:0.19355    C:0.41935    A:0.22581    G:0.16129
Average         T:0.25806    C:0.25806    A:0.26882    G:0.21505

#48: RoyalAntelope  
position  1:    T:0.19355    C:0.09677    A:0.38710    G:0.32258
position  2:    T:0.38710    C:0.25806    A:0.22581    G:0.12903
position  3:    T:0.19355    C:0.41935    A:0.22581    G:0.16129
Average         T:0.25806    C:0.25806    A:0.27957    G:0.20430

#49: Steenbok       
position  1:    T:0.22581    C:0.09677    A:0.35484    G:0.32258
position  2:    T:0.38710    C:0.25806    A:0.22581    G:0.12903
position  3:    T:0.19355    C:0.45161    A:0.19355    G:0.16129
Average         T:0.26882    C:0.26882    A:0.25806    G:0.20430

#50: Impala         
position  1:    T:0.19355    C:0.09677    A:0.38710    G:0.32258
position  2:    T:0.38710    C:0.25806    A:0.22581    G:0.12903
position  3:    T:0.16129    C:0.45161    A:0.22581    G:0.16129
Average         T:0.24731    C:0.26882    A:0.27957    G:0.20430

#51: Klipspringer   
position  1:    T:0.19355    C:0.09677    A:0.38710    G:0.32258
position  2:    T:0.38710    C:0.25806    A:0.22581    G:0.12903
