CODONML (in paml version 4.10.7, June 2023)  /home/rachel/ruminants_paml/6406-phy-tree/ENSBTAT00000004690.fasta.phy
Model: free dN/dS Ratios for branches,  kappa = 2.000 fixed

Codon frequency model: F3x4
ns =  54  ls =  26

Codon usage in sequences
--------------------------------------------------------------------------------------------------------------------------------------
Phe TTT   1   0   1   1   0   0 | Ser TCT   0   0   0   0   0   0 | Tyr TAT   0   1   0   1   0   0 | Cys TGT   0   0   0   0   0   0
    TTC   1   2   1   1   2   2 |     TCC   0   0   0   0   0   0 |     TAC   1   0   1   0   1   1 |     TGC   0   0   0   0   0   0
Leu TTA   0   0   0   0   0   0 |     TCA   1   0   1   1   1   1 | *** TAA   0   0   0   0   0   0 | *** TGA   0   0   0   0   0   0
    TTG   0   0   0   0   0   0 |     TCG   0   1   0   0   0   0 |     TAG   0   0   0   0   0   0 | Trp TGG   1   1   1   1   1   1
--------------------------------------------------------------------------------------------------------------------------------------
Leu CTT   0   0   0   0   0   0 | Pro CCT   0   0   0   0   0   0 | His CAT   0   0   0   0   0   1 | Arg CGT   0   0   0   0   0   0
    CTC   0   0   0   0   0   0 |     CCC   0   0   0   0   0   0 |     CAC   1   1   1   1   1   0 |     CGC   1   1   1   1   1   1
    CTA   0   0   0   0   0   0 |     CCA   0   0   0   0   0   0 | Gln CAA   0   0   0   0   0   0 |     CGA   0   0   0   0   0   0
    CTG   3   3   3   3   3   3 |     CCG   0   0   0   0   0   0 |     CAG   0   0   0   0   0   0 |     CGG   0   0   0   0   0   0
--------------------------------------------------------------------------------------------------------------------------------------
Ile ATT   0   0   0   0   0   0 | Thr ACT   1   0   0   1   1   0 | Asn AAT   1   0   1   1   1   1 | Ser AGT   1   1   1   1   0   1
    ATC   0   0   0   0   0   0 |     ACC   0   1   1   0   0   1 |     AAC   0   0   0   0   0   0 |     AGC   0   0   0   0   1   0
    ATA   0   0   0   0   0   0 |     ACA   0   0   0   0   0   0 | Lys AAA   0   0   0   1   0   0 | Arg AGA   0   0   0   0   0   0
Met ATG   0   0   0   0   0   0 |     ACG   0   0   0   0   0   0 |     AAG   3   4   3   2   3   3 |     AGG   0   0   0   0   0   0
--------------------------------------------------------------------------------------------------------------------------------------
Val GTT   0   0   0   0   0   0 | Ala GCT   0   0   0   0   0   0 | Asp GAT   0   0   0   0   0   0 | Gly GGT   0   0   0   0   0   0
    GTC   0   0   0   0   0   0 |     GCC   2   3   2   2   3   3 |     GAC   0   0   0   0   0   0 |     GGC   1   1   1   1   1   1
    GTA   1   1   0   0   0   0 |     GCA   1   0   2   1   0   0 | Glu GAA   0   0   0   1   0   0 |     GGA   0   0   0   0   0   0
    GTG   1   1   2   2   2   2 |     GCG   1   1   0   1   1   1 |     GAG   3   3   3   2   3   3 |     GGG   0   0   0   0   0   0
--------------------------------------------------------------------------------------------------------------------------------------

--------------------------------------------------------------------------------------------------------------------------------------
Phe TTT   1   1   1   1   1   1 | Ser TCT   0   0   0   0   0   0 | Tyr TAT   0   0   0   0   0   0 | Cys TGT   0   0   0   0   0   0
    TTC   1   1   1   1   1   1 |     TCC   0   0   0   0   0   0 |     TAC   1   1   1   1   1   1 |     TGC   0   0   0   0   0   0
Leu TTA   0   0   0   0   0   0 |     TCA   1   1   1   1   1   1 | *** TAA   0   0   0   0   0   0 | *** TGA   0   0   0   0   0   0
    TTG   0   0   0   0   0   0 |     TCG   0   0   0   0   0   0 |     TAG   0   0   0   0   0   0 | Trp TGG   1   1   1   1   1   1
--------------------------------------------------------------------------------------------------------------------------------------
Leu CTT   0   0   0   0   0   0 | Pro CCT   0   0   0   0   0   0 | His CAT   0   0   0   0   0   0 | Arg CGT   0   0   0   0   0   0
    CTC   0   0   0   0   0   0 |     CCC   0   0   0   0   0   0 |     CAC   1   1   1   1   1   1 |     CGC   1   1   1   1   1   1
    CTA   0   0   0   0   0   0 |     CCA   0   0   0   0   0   0 | Gln CAA   0   0   0   0   0   0 |     CGA   0   0   0   0   0   0
    CTG   3   3   3   3   3   3 |     CCG   0   0   0   0   0   0 |     CAG   0   0   0   0   0   0 |     CGG   0   0   0   0   0   0
--------------------------------------------------------------------------------------------------------------------------------------
Ile ATT   0   0   0   0   0   0 | Thr ACT   1   1   1   1   0   0 | Asn AAT   1   1   1   1   1   1 | Ser AGT   1   1   1   1   1   0
    ATC   0   0   0   0   0   0 |     ACC   0   0   0   0   1   0 |     AAC   0   0   0   0   0   0 |     AGC   0   0   0   0   0   1
    ATA   0   0   0   0   0   0 |     ACA   0   0   0   0   0   0 | Lys AAA   0   0   0   1   0   0 | Arg AGA   0   0   0   0   0   0
Met ATG   0   0   0   0   0   0 |     ACG   0   0   0   0   0   1 |     AAG   3   3   3   2   3   3 |     AGG   0   0   0   0   0   0
--------------------------------------------------------------------------------------------------------------------------------------
Val GTT   0   0   0   0   0   0 | Ala GCT   0   0   0   0   0   0 | Asp GAT   0   0   0   0   0   0 | Gly GGT   0   0   0   0   0   0
    GTC   0   0   0   0   0   0 |     GCC   2   2   2   2   2   2 |     GAC   0   0   0   0   0   0 |     GGC   1   1   1   1   1   1
    GTA   0   1   0   0   0   0 |     GCA   1   1   1   1   2   1 | Glu GAA   0   0   0   0   0   1 |     GGA   0   0   0   0   0   0
    GTG   2   1   2   2   2   2 |     GCG   1   1   1   1   0   1 |     GAG   3   3   3   3   3   2 |     GGG   0   0   0   0   0   0
--------------------------------------------------------------------------------------------------------------------------------------

--------------------------------------------------------------------------------------------------------------------------------------
Phe TTT   1   1   1   1   1   1 | Ser TCT   0   0   0   0   0   0 | Tyr TAT   0   0   0   0   0   1 | Cys TGT   0   0   0   0   0   0
    TTC   1   1   1   1   1   1 |     TCC   0   0   0   0   0   0 |     TAC   1   1   1   1   1   0 |     TGC   0   0   0   0   0   0
Leu TTA   0   0   0   0   0   0 |     TCA   1   1   1   1   1   1 | *** TAA   0   0   0   0   0   0 | *** TGA   0   0   0   0   0   0
    TTG   0   0   0   0   0   0 |     TCG   0   0   0   0   0   0 |     TAG   0   0   0   0   0   0 | Trp TGG   1   1   1   1   1   1
--------------------------------------------------------------------------------------------------------------------------------------
Leu CTT   0   0   0   0   0   0 | Pro CCT   0   0   0   0   0   0 | His CAT   0   0   0   0   0   0 | Arg CGT   0   0   0   0   0   0
    CTC   0   0   0   0   0   0 |     CCC   0   0   0   0   0   0 |     CAC   1   1   1   1   1   2 |     CGC   1   1   1   1   1   0
    CTA   1   0   0   0   0   0 |     CCA   0   0   0   0   0   0 | Gln CAA   0   0   0   0   0   0 |     CGA   0   0   0   0   0   0
    CTG   2   3   3   3   3   3 |     CCG   0   0   0   0   0   0 |     CAG   0   0   0   0   0   0 |     CGG   0   0   0   0   0   0
--------------------------------------------------------------------------------------------------------------------------------------
Ile ATT   0   0   0   0   0   0 | Thr ACT   1   1   1   1   1   1 | Asn AAT   1   1   1   1   1   1 | Ser AGT   1   1   1   0   1   1
    ATC   0   0   0   0   0   0 |     ACC   0   0   0   0   0   0 |     AAC   0   0   0   0   0   0 |     AGC   0   0   0   1   0   0
    ATA   0   0   0   0   0   0 |     ACA   0   0   0   0   0   0 | Lys AAA   0   0   0   0   1   0 | Arg AGA   0   0   0   0   0   0
Met ATG   0   0   0   0   0   0 |     ACG   0   0   0   0   0   0 |     AAG   3   3   3   3   2   3 |     AGG   0   0   0   0   0   0
--------------------------------------------------------------------------------------------------------------------------------------
Val GTT   0   0   0   0   0   0 | Ala GCT   0   0   0   0   0   0 | Asp GAT   0   0   0   0   0   0 | Gly GGT   0   0   0   0   0   0
    GTC   0   0   0   0   0   0 |     GCC   2   2   2   2   2   2 |     GAC   0   0   0   0   0   0 |     GGC   1   1   1   1   1   1
    GTA   1   0   1   0   0   0 |     GCA   1   1   1   1   2   1 | Glu GAA   0   0   0   0   0   0 |     GGA   0   0   0   0   0   0
    GTG   1   2   1   2   2   2 |     GCG   1   1   1   1   0   1 |     GAG   3   3   3   3   3   3 |     GGG   0   0   0   0   0   0
--------------------------------------------------------------------------------------------------------------------------------------

--------------------------------------------------------------------------------------------------------------------------------------
Phe TTT   1   1   1   1   1   1 | Ser TCT   0   0   0   0   0   0 | Tyr TAT   0   0   0   0   0   0 | Cys TGT   0   0   0   0   0   0
    TTC   1   1   1   1   1   1 |     TCC   0   0   0   0   0   0 |     TAC   1   1   1   1   1   1 |     TGC   0   0   0   0   0   0
Leu TTA   0   0   0   0   0   0 |     TCA   1   1   1   1   1   1 | *** TAA   0   0   0   0   0   0 | *** TGA   0   0   0   0   0   0
    TTG   0   0   0   0   0   0 |     TCG   0   0   0   0   0   0 |     TAG   0   0   0   0   0   0 | Trp TGG   1   1   1   1   1   1
--------------------------------------------------------------------------------------------------------------------------------------
Leu CTT   0   0   0   0   0   0 | Pro CCT   0   0   0   0   0   0 | His CAT   0   0   0   0   0   0 | Arg CGT   0   0   0   0   0   0
    CTC   0   0   0   0   0   0 |     CCC   0   0   0   0   0   0 |     CAC   1   1   1   1   1   1 |     CGC   1   1   1   1   1   1
    CTA   0   0   0   0   0   0 |     CCA   0   0   0   0   0   0 | Gln CAA   0   0   0   0   0   0 |     CGA   0   0   0   0   0   0
    CTG   3   3   3   3   3   3 |     CCG   0   0   0   0   0   0 |     CAG   0   0   0   0   0   0 |     CGG   0   0   0   0   0   0
--------------------------------------------------------------------------------------------------------------------------------------
Ile ATT   0   0   0   0   0   0 | Thr ACT   0   0   1   0   1   1 | Asn AAT   0   1   1   1   1   1 | Ser AGT   1   1   1   1   1   1
    ATC   0   0   0   0   0   0 |     ACC   1   1   0   1   0   0 |     AAC   1   0   0   0   0   0 |     AGC   0   0   0   0   0   0
    ATA   0   0   0   0   0   0 |     ACA   0   0   0   0   0   0 | Lys AAA   0   0   0   0   0   0 | Arg AGA   0   0   0   0   0   0
Met ATG   0   0   0   0   0   0 |     ACG   0   0   0   0   0   0 |     AAG   3   3   3   3   3   3 |     AGG   0   0   0   0   0   0
--------------------------------------------------------------------------------------------------------------------------------------
Val GTT   0   0   0   0   0   0 | Ala GCT   0   0   0   0   0   0 | Asp GAT   0   0   0   0   0   0 | Gly GGT   0   0   0   0   0   0
    GTC   0   0   0   0   0   0 |     GCC   2   3   2   2   2   2 |     GAC   0   0   0   0   0   0 |     GGC   1   1   1   1   1   1
    GTA   0   0   1   0   0   1 |     GCA   2   1   1   2   1   1 | Glu GAA   0   0   0   0   0   0 |     GGA   0   0   0   0   0   0
    GTG   2   2   1   2   2   1 |     GCG   0   0   1   0   1   1 |     GAG   3   3   3   3   3   3 |     GGG   0   0   0   0   0   0
--------------------------------------------------------------------------------------------------------------------------------------

--------------------------------------------------------------------------------------------------------------------------------------
Phe TTT   1   1   1   1   1   1 | Ser TCT   0   0   0   0   0   0 | Tyr TAT   0   0   0   0   0   0 | Cys TGT   0   0   0   0   0   0
    TTC   1   1   1   1   1   1 |     TCC   0   0   0   0   0   0 |     TAC   1   1   1   1   1   1 |     TGC   0   0   0   0   0   0
Leu TTA   0   0   0   0   0   0 |     TCA   1   1   1   1   1   1 | *** TAA   0   0   0   0   0   0 | *** TGA   0   0   0   0   0   0
    TTG   0   0   0   0   0   0 |     TCG   0   0   0   0   0   0 |     TAG   0   0   0   0   0   0 | Trp TGG   1   1   1   1   1   1
--------------------------------------------------------------------------------------------------------------------------------------
Leu CTT   0   0   0   0   0   0 | Pro CCT   0   0   0   0   0   0 | His CAT   0   0   0   0   0   0 | Arg CGT   0   0   0   0   0   0
    CTC   0   0   0   0   0   0 |     CCC   0   0   0   0   0   0 |     CAC   1   1   1   1   1   1 |     CGC   1   1   1   1   1   1
    CTA   0   0   1   0   0   0 |     CCA   0   0   0   0   0   0 | Gln CAA   0   0   0   0   0   0 |     CGA   0   0   0   0   0   0
    CTG   3   3   2   3   3   3 |     CCG   0   0   0   0   0   0 |     CAG   0   0   0   0   0   0 |     CGG   0   0   0   0   0   0
--------------------------------------------------------------------------------------------------------------------------------------
Ile ATT   0   0   0   0   0   0 | Thr ACT   0   0   1   1   1   0 | Asn AAT   1   0   1   1   1   1 | Ser AGT   0   0   1   1   1   1
    ATC   0   0   0   0   0   0 |     ACC   0   0   0   0   0   1 |     AAC   0   1   0   0   0   0 |     AGC   1   1   0   0   0   0
    ATA   0   0   0   0   0   0 |     ACA   0   0   0   0   0   0 | Lys AAA   0   0   0   0   0   0 | Arg AGA   0   0   0   0   0   0
Met ATG   0   0   0   0   0   0 |     ACG   1   1   0   0   0   0 |     AAG   3   3   3   3   3   3 |     AGG   0   0   0   0   0   0
--------------------------------------------------------------------------------------------------------------------------------------
Val GTT   0   0   0   0   0   0 | Ala GCT   0   0   0   0   0   0 | Asp GAT   0   0   0   0   0   0 | Gly GGT   0   0   0   0   0   0
    GTC   0   0   0   0   0   0 |     GCC   2   2   2   2   2   2 |     GAC   0   0   0   0   0   0 |     GGC   1   1   1   1   1   1
    GTA   0   0   1   0   1   0 |     GCA   1   1   1   1   1   2 | Glu GAA   1   0   0   0   0   0 |     GGA   0   0   0   0   0   0
    GTG   2   2   1   2   1   2 |     GCG   1   1   1   1   1   0 |     GAG   2   3   3   3   3   3 |     GGG   0   0   0   0   0   0
--------------------------------------------------------------------------------------------------------------------------------------

--------------------------------------------------------------------------------------------------------------------------------------
Phe TTT   1   1   1   1   1   1 | Ser TCT   0   0   0   0   0   0 | Tyr TAT   1   0   0   0   0   0 | Cys TGT   0   0   0   0   0   0
    TTC   1   1   1   1   1   1 |     TCC   0   0   0   0   0   0 |     TAC   0   1   1   1   1   1 |     TGC   0   0   0   0   0   0
Leu TTA   0   0   0   0   0   0 |     TCA   1   1   1   1   1   1 | *** TAA   0   0   0   0   0   0 | *** TGA   0   0   0   0   0   0
    TTG   0   0   0   0   0   0 |     TCG   0   0   0   0   0   0 |     TAG   0   0   0   0   0   0 | Trp TGG   1   1   1   1   1   1
--------------------------------------------------------------------------------------------------------------------------------------
Leu CTT   0   0   0   0   0   0 | Pro CCT   0   0   0   0   0   0 | His CAT   0   0   0   0   0   0 | Arg CGT   0   0   0   0   0   0
    CTC   0   0   0   0   0   0 |     CCC   0   0   0   0   0   0 |     CAC   1   1   1   1   1   1 |     CGC   1   1   1   1   1   1
    CTA   0   0   0   0   0   0 |     CCA   0   0   0   0   0   0 | Gln CAA   0   0   0   0   0   0 |     CGA   0   0   0   0   0   0
    CTG   3   3   3   3   3   3 |     CCG   0   0   0   0   0   0 |     CAG   0   0   0   0   0   0 |     CGG   0   0   0   0   0   0
--------------------------------------------------------------------------------------------------------------------------------------
Ile ATT   0   0   0   0   0   0 | Thr ACT   1   0   0   1   1   1 | Asn AAT   1   1   1   1   1   1 | Ser AGT   1   1   0   1   1   1
    ATC   0   0   0   0   0   0 |     ACC   0   1   0   0   0   0 |     AAC   0   0   0   0   0   0 |     AGC   0   0   1   0   0   0
    ATA   0   0   0   0   0   0 |     ACA   0   0   0   0   0   0 | Lys AAA   1   0   0   0   0   0 | Arg AGA   0   0   0   0   0   0
Met ATG   0   0   0   0   0   0 |     ACG   0   0   1   0   0   0 |     AAG   2   3   3   3   3   3 |     AGG   0   0   0   0   0   0
--------------------------------------------------------------------------------------------------------------------------------------
Val GTT   0   0   0   0   0   0 | Ala GCT   0   0   0   0   0   0 | Asp GAT   0   0   0   0   0   0 | Gly GGT   0   0   0   0   0   0
    GTC   0   0   0   0   0   0 |     GCC   2   2   2   2   2   2 |     GAC   0   0   0   0   0   0 |     GGC   1   1   1   1   1   1
    GTA   0   0   0   0   0   1 |     GCA   1   2   1   1   2   1 | Glu GAA   0   0   1   0   0   0 |     GGA   0   0   0   0   0   0
    GTG   2   2   2   2   2   1 |     GCG   1   0   1   1   0   1 |     GAG   3   3   2   3   3   3 |     GGG   0   0   0   0   0   0
--------------------------------------------------------------------------------------------------------------------------------------

--------------------------------------------------------------------------------------------------------------------------------------
Phe TTT   0   1   1   1   1   1 | Ser TCT   1   0   0   0   0   0 | Tyr TAT   1   0   0   0   1   0 | Cys TGT   0   0   0   0   0   0
    TTC   2   1   1   1   1   1 |     TCC   0   0   0   0   0   0 |     TAC   0   1   1   1   0   1 |     TGC   0   0   0   0   0   0
Leu TTA   0   0   0   0   0   0 |     TCA   0   1   1   1   1   1 | *** TAA   0   0   0   0   0   0 | *** TGA   0   0   0   0   0   0
    TTG   0   0   0   0   0   0 |     TCG   0   0   0   0   0   0 |     TAG   0   0   0   0   0   0 | Trp TGG   1   1   1   1   1   1
--------------------------------------------------------------------------------------------------------------------------------------
Leu CTT   0   0   0   0   0   0 | Pro CCT   0   0   0   0   0   0 | His CAT   0   0   0   0   0   0 | Arg CGT   0   0   0   0   0   0
    CTC   0   0   0   0   0   0 |     CCC   0   0   0   0   0   0 |     CAC   1   1   1   1   1   1 |     CGC   0   1   1   1   1   1
    CTA   0   0   0   0   0   0 |     CCA   0   0   0   0   0   0 | Gln CAA   1   0   0   0   0   0 |     CGA   0   0   0   0   0   0
    CTG   3   3   3   3   3   3 |     CCG   0   0   0   0   0   0 |     CAG   0   0   0   0   0   0 |     CGG   0   0   0   0   0   0
--------------------------------------------------------------------------------------------------------------------------------------
Ile ATT   0   0   0   0   0   0 | Thr ACT   0   1   1   1   1   0 | Asn AAT   0   1   1   1   1   0 | Ser AGT   0   0   1   1   1   0
    ATC   0   0   0   0   0   0 |     ACC   0   0   0   0   0   0 |     AAC   1   0   0   0   0   1 |     AGC   1   1   0   0   0   1
    ATA   0   0   0   0   0   0 |     ACA   0   0   0   0   0   0 | Lys AAA   0   0   0   0   0   0 | Arg AGA   0   0   0   0   0   0
Met ATG   0   0   0   0   0   0 |     ACG   0   0   0   0   0   1 |     AAG   3   3   3   3   3   3 |     AGG   0   0   0   0   0   0
--------------------------------------------------------------------------------------------------------------------------------------
Val GTT   0   0   0   0   0   0 | Ala GCT   0   0   0   0   0   0 | Asp GAT   1   0   0   0   0   0 | Gly GGT   0   0   0   0   0   0
    GTC   0   0   0   0   0   0 |     GCC   4   2   2   2   2   2 |     GAC   0   0   0   0   0   0 |     GGC   1   1   1   1   1   1
    GTA   0   0   1   0   0   0 |     GCA   0   1   1   1   1   0 | Glu GAA   0   0   0   0   0   0 |     GGA   0   0   0   0   0   0
    GTG   2   2   1   2   2   2 |     GCG   0   1   1   1   1   2 |     GAG   2   3   3   3   3   3 |     GGG   1   0   0   0   0   0
--------------------------------------------------------------------------------------------------------------------------------------

--------------------------------------------------------------------------------------------------------------------------------------
Phe TTT   1   1   1   1   1   1 | Ser TCT   0   0   0   0   0   0 | Tyr TAT   0   0   0   1   1   0 | Cys TGT   0   0   0   0   0   0
    TTC   1   1   1   1   1   1 |     TCC   0   0   0   0   0   0 |     TAC   1   1   1   0   0   1 |     TGC   0   0   0   0   0   0
Leu TTA   0   0   0   0   0   0 |     TCA   1   1   1   1   1   1 | *** TAA   0   0   0   0   0   0 | *** TGA   0   0   0   0   0   0
    TTG   0   0   0   0   0   0 |     TCG   0   0   0   0   0   0 |     TAG   0   0   0   0   0   0 | Trp TGG   1   1   1   1   1   1
--------------------------------------------------------------------------------------------------------------------------------------
Leu CTT   0   0   0   0   0   0 | Pro CCT   0   0   0   0   0   0 | His CAT   0   0   0   0   0   0 | Arg CGT   0   0   0   0   0   0
    CTC   0   0   0   0   0   0 |     CCC   0   0   0   0   0   0 |     CAC   1   1   1   1   1   1 |     CGC   1   1   1   1   1   1
    CTA   0   0   0   0   0   0 |     CCA   0   0   0   0   0   0 | Gln CAA   0   0   0   0   0   0 |     CGA   0   0   0   0   0   0
    CTG   3   3   3   3   3   3 |     CCG   0   0   0   0   0   0 |     CAG   0   0   0   0   0   0 |     CGG   0   0   0   0   0   0
--------------------------------------------------------------------------------------------------------------------------------------
Ile ATT   0   0   0   0   0   0 | Thr ACT   0   1   0   0   1   1 | Asn AAT   1   1   1   0   1   1 | Ser AGT   0   1   0   0   0   1
    ATC   0   0   0   0   0   0 |     ACC   0   0   0   0   0   0 |     AAC   0   0   0   1   0   0 |     AGC   1   0   1   1   1   0
    ATA   0   0   0   0   0   0 |     ACA   0   0   0   1   0   0 | Lys AAA   0   0   0   0   0   0 | Arg AGA   0   0   0   0   0   0
Met ATG   0   0   0   0   0   0 |     ACG   1   0   1   0   0   0 |     AAG   3   3   3   3   3   3 |     AGG   0   0   0   0   0   0
--------------------------------------------------------------------------------------------------------------------------------------
Val GTT   0   0   0   0   0   0 | Ala GCT   0   0   0   0   0   0 | Asp GAT   0   0   0   0   0   0 | Gly GGT   0   0   0   0   0   0
    GTC   0   0   0   0   0   0 |     GCC   2   2   2   2   2   2 |     GAC   0   0   0   0   0   0 |     GGC   1   1   1   1   1   1
    GTA   0   0   0   0   0   1 |     GCA   1   1   1   2   1   2 | Glu GAA   1   0   1   0   0   0 |     GGA   0   0   0   0   0   0
    GTG   2   2   2   2   2   1 |     GCG   1   1   1   0   1   0 |     GAG   2   3   2   3   3   3 |     GGG   0   0   0   0   0   0
--------------------------------------------------------------------------------------------------------------------------------------

--------------------------------------------------------------------------------------------------------------------------------------
Phe TTT   1   1   1   1   1   1 | Ser TCT   0   0   0   0   0   0 | Tyr TAT   0   0   0   1   0   0 | Cys TGT   0   0   0   0   0   0
    TTC   1   1   1   1   1   1 |     TCC   0   0   0   0   0   0 |     TAC   1   1   1   0   1   1 |     TGC   0   0   0   0   0   0
Leu TTA   0   0   0   0   0   0 |     TCA   1   1   1   1   1   1 | *** TAA   0   0   0   0   0   0 | *** TGA   0   0   0   0   0   0
    TTG   0   0   0   0   0   0 |     TCG   0   0   0   0   0   0 |     TAG   0   0   0   0   0   0 | Trp TGG   1   1   1   1   1   1
--------------------------------------------------------------------------------------------------------------------------------------
Leu CTT   0   0   0   0   0   0 | Pro CCT   0   0   0   0   0   0 | His CAT   0   0   0   0   0   0 | Arg CGT   0   0   0   0   0   0
    CTC   0   0   0   0   0   0 |     CCC   0   0   0   0   0   0 |     CAC   1   1   1   1   1   1 |     CGC   1   1   1   1   1   1
    CTA   0   0   0   0   0   0 |     CCA   0   0   0   0   0   0 | Gln CAA   0   0   0   0   0   0 |     CGA   0   0   0   0   0   0
    CTG   3   3   3   3   3   3 |     CCG   0   0   0   0   0   0 |     CAG   0   0   0   0   0   0 |     CGG   0   0   0   0   0   0
--------------------------------------------------------------------------------------------------------------------------------------
Ile ATT   0   0   0   0   0   0 | Thr ACT   1   1   1   1   0   0 | Asn AAT   1   0   1   1   1   1 | Ser AGT   1   0   1   1   1   1
    ATC   0   0   0   0   0   0 |     ACC   0   0   0   0   1   1 |     AAC   0   1   0   0   0   0 |     AGC   0   1   0   0   0   0
    ATA   0   0   0   0   0   0 |     ACA   0   0   0   0   0   0 | Lys AAA   0   0   0   1   0   0 | Arg AGA   0   0   0   0   0   0
Met ATG   0   0   0   0   0   0 |     ACG   0   0   0   0   0   0 |     AAG   3   3   3   2   3   3 |     AGG   0   0   0   0   0   0
--------------------------------------------------------------------------------------------------------------------------------------
Val GTT   0   0   0   0   0   0 | Ala GCT   0   0   0   0   0   0 | Asp GAT   0   0   0   0   0   0 | Gly GGT   0   0   0   0   0   0
    GTC   0   0   0   0   0   0 |     GCC   2   2   2   2   2   2 |     GAC   0   0   0   0   0   0 |     GGC   1   1   1   1   1   1
    GTA   0   0   0   0   0   0 |     GCA   1   2   1   1   2   2 | Glu GAA   0   1   0   1   0   0 |     GGA   0   0   0   0   0   0
    GTG   2   2   2   2   2   2 |     GCG   1   0   1   1   0   0 |     GAG   3   2   3   2   3   3 |     GGG   0   0   0   0   0   0
--------------------------------------------------------------------------------------------------------------------------------------

Codon position x base (3x4) table for each sequence.

#1: Argali         
position  1:    T:0.19231    C:0.19231    A:0.23077    G:0.38462
position  2:    T:0.26923    C:0.23077    A:0.34615    G:0.15385
position  3:    T:0.15385    C:0.26923    A:0.11538    G:0.46154
Average         T:0.20513    C:0.23077    A:0.23077    G:0.33333

#2: LesserMouseDeer
position  1:    T:0.19231    C:0.19231    A:0.23077    G:0.38462
position  2:    T:0.26923    C:0.23077    A:0.34615    G:0.15385
position  3:    T:0.07692    C:0.34615    A:0.03846    G:0.53846
Average         T:0.17949    C:0.25641    A:0.20513    G:0.35897

#3: LesserKudu     
position  1:    T:0.19231    C:0.19231    A:0.23077    G:0.38462
position  2:    T:0.26923    C:0.23077    A:0.34615    G:0.15385
position  3:    T:0.11538    C:0.30769    A:0.11538    G:0.46154
Average         T:0.19231    C:0.24359    A:0.23077    G:0.33333

#4: ForestMuskDeer2
position  1:    T:0.19231    C:0.19231    A:0.23077    G:0.38462
position  2:    T:0.26923    C:0.23077    A:0.34615    G:0.15385
position  3:    T:0.19231    C:0.23077    A:0.15385    G:0.42308
Average         T:0.21795    C:0.21795    A:0.24359    G:0.32051

#5: Camel          
position  1:    T:0.19231    C:0.19231    A:0.23077    G:0.38462
position  2:    T:0.26923    C:0.23077    A:0.34615    G:0.15385
position  3:    T:0.07692    C:0.38462    A:0.03846    G:0.50000
Average         T:0.17949    C:0.26923    A:0.20513    G:0.34615

#6: KillerWhale    
position  1:    T:0.19231    C:0.19231    A:0.23077    G:0.38462
position  2:    T:0.26923    C:0.23077    A:0.34615    G:0.15385
position  3:    T:0.11538    C:0.34615    A:0.03846    G:0.50000
Average         T:0.19231    C:0.25641    A:0.20513    G:0.34615

#7: DefassaWaterbuck
position  1:    T:0.19231    C:0.19231    A:0.23077    G:0.38462
position  2:    T:0.26923    C:0.23077    A:0.34615    G:0.15385
position  3:    T:0.15385    C:0.26923    A:0.07692    G:0.50000
Average         T:0.20513    C:0.23077    A:0.21795    G:0.34615

#8: Sheep          
position  1:    T:0.19231    C:0.19231    A:0.23077    G:0.38462
position  2:    T:0.26923    C:0.23077    A:0.34615    G:0.15385
position  3:    T:0.15385    C:0.26923    A:0.11538    G:0.46154
Average         T:0.20513    C:0.23077    A:0.23077    G:0.33333

#9: MaxwellsDuiker 
position  1:    T:0.19231    C:0.19231    A:0.23077    G:0.38462
position  2:    T:0.26923    C:0.23077    A:0.34615    G:0.15385
position  3:    T:0.15385    C:0.26923    A:0.07692    G:0.50000
Average         T:0.20513    C:0.23077    A:0.21795    G:0.34615

#10: GazellaPrzewalskyi
position  1:    T:0.19231    C:0.19231    A:0.23077    G:0.38462
position  2:    T:0.26923    C:0.23077    A:0.34615    G:0.15385
position  3:    T:0.15385    C:0.26923    A:0.11538    G:0.46154
Average         T:0.20513    C:0.23077    A:0.23077    G:0.33333

#11: MountainNyala  
position  1:    T:0.19231    C:0.19231    A:0.23077    G:0.38462
position  2:    T:0.26923    C:0.23077    A:0.34615    G:0.15385
position  3:    T:0.11538    C:0.30769    A:0.11538    G:0.46154
Average         T:0.19231    C:0.24359    A:0.23077    G:0.33333

#12: MuntiacusMuntjak
position  1:    T:0.19231    C:0.19231    A:0.23077    G:0.38462
position  2:    T:0.26923    C:0.23077    A:0.34615    G:0.15385
position  3:    T:0.07692    C:0.30769    A:0.11538    G:0.50000
Average         T:0.17949    C:0.24359    A:0.23077    G:0.34615

#13: goat           
position  1:    T:0.19231    C:0.19231    A:0.23077    G:0.38462
position  2:    T:0.26923    C:0.23077    A:0.34615    G:0.15385
position  3:    T:0.15385    C:0.26923    A:0.15385    G:0.42308
Average         T:0.20513    C:0.23077    A:0.24359    G:0.32051

#14: AfricanBuffalo 
position  1:    T:0.19231    C:0.19231    A:0.23077    G:0.38462
position  2:    T:0.26923    C:0.23077    A:0.34615    G:0.15385
position  3:    T:0.15385    C:0.26923    A:0.07692    G:0.50000
Average         T:0.20513    C:0.23077    A:0.21795    G:0.34615

#15: Topi           
position  1:    T:0.19231    C:0.19231    A:0.23077    G:0.38462
position  2:    T:0.26923    C:0.23077    A:0.34615    G:0.15385
position  3:    T:0.15385    C:0.26923    A:0.11538    G:0.46154
Average         T:0.20513    C:0.23077    A:0.23077    G:0.33333

#16: CommonDuiker   
position  1:    T:0.19231    C:0.19231    A:0.23077    G:0.38462
position  2:    T:0.26923    C:0.23077    A:0.34615    G:0.15385
position  3:    T:0.11538    C:0.30769    A:0.07692    G:0.50000
Average         T:0.19231    C:0.24359    A:0.21795    G:0.34615

#17: Suni           
position  1:    T:0.19231    C:0.19231    A:0.23077    G:0.38462
position  2:    T:0.26923    C:0.23077    A:0.34615    G:0.15385
position  3:    T:0.15385    C:0.26923    A:0.15385    G:0.42308
Average         T:0.20513    C:0.23077    A:0.24359    G:0.32051

#18: Springbuck     
position  1:    T:0.19231    C:0.19231    A:0.23077    G:0.38462
position  2:    T:0.26923    C:0.23077    A:0.38462    G:0.11538
position  3:    T:0.19231    C:0.23077    A:0.07692    G:0.50000
Average         T:0.21795    C:0.21795    A:0.23077    G:0.33333

#19: Okapi          
position  1:    T:0.19231    C:0.19231    A:0.23077    G:0.38462
position  2:    T:0.26923    C:0.23077    A:0.34615    G:0.15385
position  3:    T:0.07692    C:0.34615    A:0.11538    G:0.46154
Average         T:0.17949    C:0.25641    A:0.23077    G:0.33333

#20: Giraffe        
position  1:    T:0.19231    C:0.19231    A:0.23077    G:0.38462
position  2:    T:0.26923    C:0.23077    A:0.34615    G:0.15385
position  3:    T:0.11538    C:0.34615    A:0.07692    G:0.46154
Average         T:0.19231    C:0.25641    A:0.21795    G:0.33333

#21: TibetanAntelope
position  1:    T:0.19231    C:0.19231    A:0.23077    G:0.38462
position  2:    T:0.26923    C:0.23077    A:0.34615    G:0.15385
position  3:    T:0.15385    C:0.26923    A:0.11538    G:0.46154
Average         T:0.20513    C:0.23077    A:0.23077    G:0.33333

#22: Sitatunga      
position  1:    T:0.19231    C:0.19231    A:0.23077    G:0.38462
position  2:    T:0.26923    C:0.23077    A:0.34615    G:0.15385
position  3:    T:0.11538    C:0.30769    A:0.11538    G:0.46154
Average         T:0.19231    C:0.24359    A:0.23077    G:0.33333

#23: Oribi          
position  1:    T:0.19231    C:0.19231    A:0.23077    G:0.38462
position  2:    T:0.26923    C:0.23077    A:0.34615    G:0.15385
position  3:    T:0.15385    C:0.26923    A:0.07692    G:0.50000
Average         T:0.20513    C:0.23077    A:0.21795    G:0.34615

#24: BarbarySheep   
position  1:    T:0.19231    C:0.19231    A:0.23077    G:0.38462
position  2:    T:0.26923    C:0.23077    A:0.34615    G:0.15385
position  3:    T:0.15385    C:0.26923    A:0.11538    G:0.46154
Average         T:0.20513    C:0.23077    A:0.23077    G:0.33333

#25: Daviddeer      
position  1:    T:0.19231    C:0.19231    A:0.23077    G:0.38462
position  2:    T:0.26923    C:0.23077    A:0.34615    G:0.15385
position  3:    T:0.07692    C:0.30769    A:0.11538    G:0.50000
Average         T:0.17949    C:0.24359    A:0.23077    G:0.34615

#26: Reindeer       
position  1:    T:0.19231    C:0.19231    A:0.23077    G:0.38462
position  2:    T:0.26923    C:0.23077    A:0.34615    G:0.15385
position  3:    T:0.03846    C:0.34615    A:0.07692    G:0.53846
Average         T:0.16667    C:0.25641    A:0.21795    G:0.35897

#27: Ibex           
position  1:    T:0.19231    C:0.19231    A:0.23077    G:0.38462
position  2:    T:0.26923    C:0.23077    A:0.34615    G:0.15385
position  3:    T:0.15385    C:0.26923    A:0.15385    G:0.42308
Average         T:0.20513    C:0.23077    A:0.24359    G:0.32051

#28: GyrantGazelle  
position  1:    T:0.19231    C:0.19231    A:0.23077    G:0.38462
position  2:    T:0.26923    C:0.23077    A:0.34615    G:0.15385
position  3:    T:0.15385    C:0.26923    A:0.07692    G:0.50000
Average         T:0.20513    C:0.23077    A:0.21795    G:0.34615

#29: Hartebeest     
position  1:    T:0.19231    C:0.19231    A:0.23077    G:0.38462
position  2:    T:0.26923    C:0.23077    A:0.34615    G:0.15385
position  3:    T:0.15385    C:0.26923    A:0.11538    G:0.46154
Average         T:0.20513    C:0.23077    A:0.23077    G:0.33333

#30: Bongo          
position  1:    T:0.19231    C:0.19231    A:0.23077    G:0.38462
position  2:    T:0.26923    C:0.23077    A:0.34615    G:0.15385
position  3:    T:0.11538    C:0.30769    A:0.11538    G:0.46154
Average         T:0.19231    C:0.24359    A:0.23077    G:0.33333

#31: Gerenuk        
position  1:    T:0.19231    C:0.19231    A:0.23077    G:0.38462
position  2:    T:0.26923    C:0.23077    A:0.34615    G:0.15385
position  3:    T:0.19231    C:0.23077    A:0.11538    G:0.46154
Average         T:0.21795    C:0.21795    A:0.23077    G:0.33333

#32: CommonEland    
position  1:    T:0.19231    C:0.19231    A:0.23077    G:0.38462
position  2:    T:0.26923    C:0.23077    A:0.34615    G:0.15385
position  3:    T:0.11538    C:0.30769    A:0.11538    G:0.46154
Average         T:0.19231    C:0.24359    A:0.23077    G:0.33333

#33: MuntiacusReevesi
position  1:    T:0.19231    C:0.19231    A:0.23077    G:0.38462
position  2:    T:0.26923    C:0.23077    A:0.34615    G:0.15385
position  3:    T:0.07692    C:0.30769    A:0.11538    G:0.50000
Average         T:0.17949    C:0.24359    A:0.23077    G:0.34615

#34: HarveysDuiker  
position  1:    T:0.19231    C:0.19231    A:0.23077    G:0.38462
position  2:    T:0.26923    C:0.23077    A:0.34615    G:0.15385
position  3:    T:0.15385    C:0.26923    A:0.07692    G:0.50000
Average         T:0.20513    C:0.23077    A:0.21795    G:0.34615

#35: Pronghorn      
position  1:    T:0.19231    C:0.19231    A:0.23077    G:0.38462
position  2:    T:0.26923    C:0.23077    A:0.34615    G:0.15385
position  3:    T:0.15385    C:0.26923    A:0.11538    G:0.46154
Average         T:0.20513    C:0.23077    A:0.23077    G:0.33333

#36: BlueWildebeest 
position  1:    T:0.19231    C:0.19231    A:0.23077    G:0.38462
position  2:    T:0.26923    C:0.23077    A:0.34615    G:0.15385
position  3:    T:0.15385    C:0.26923    A:0.11538    G:0.46154
Average         T:0.20513    C:0.23077    A:0.23077    G:0.33333

#37: Gemsbok        
position  1:    T:0.19231    C:0.19231    A:0.19231    G:0.42308
position  2:    T:0.26923    C:0.19231    A:0.38462    G:0.15385
position  3:    T:0.11538    C:0.38462    A:0.03846    G:0.46154
Average         T:0.19231    C:0.25641    A:0.20513    G:0.34615

#38: Yak            
position  1:    T:0.19231    C:0.19231    A:0.23077    G:0.38462
position  2:    T:0.26923    C:0.23077    A:0.34615    G:0.15385
position  3:    T:0.11538    C:0.30769    A:0.07692    G:0.50000
Average         T:0.19231    C:0.24359    A:0.21795    G:0.34615

#39: BlueSheep      
position  1:    T:0.19231    C:0.19231    A:0.23077    G:0.38462
position  2:    T:0.26923    C:0.23077    A:0.34615    G:0.15385
position  3:    T:0.15385    C:0.26923    A:0.11538    G:0.46154
Average         T:0.20513    C:0.23077    A:0.23077    G:0.33333

#40: BohorReedbuck  
position  1:    T:0.19231    C:0.19231    A:0.23077    G:0.38462
position  2:    T:0.26923    C:0.23077    A:0.34615    G:0.15385
position  3:    T:0.15385    C:0.26923    A:0.07692    G:0.50000
Average         T:0.20513    C:0.23077    A:0.21795    G:0.34615

#41: KirksDik       
position  1:    T:0.19231    C:0.19231    A:0.23077    G:0.38462
position  2:    T:0.26923    C:0.23077    A:0.34615    G:0.15385
position  3:    T:0.19231    C:0.23077    A:0.07692    G:0.50000
Average         T:0.21795    C:0.21795    A:0.21795    G:0.34615

#42: RoeDeer        
position  1:    T:0.19231    C:0.19231    A:0.23077    G:0.38462
position  2:    T:0.26923    C:0.23077    A:0.34615    G:0.15385
position  3:    T:0.03846    C:0.34615    A:0.03846    G:0.57692
Average         T:0.16667    C:0.25641    A:0.20513    G:0.37179

#43: WhiteLippedDeer
position  1:    T:0.19231    C:0.19231    A:0.23077    G:0.38462
position  2:    T:0.26923    C:0.23077    A:0.34615    G:0.15385
position  3:    T:0.07692    C:0.30769    A:0.11538    G:0.50000
Average         T:0.17949    C:0.24359    A:0.23077    G:0.34615

#44: ThomsonGazelle 
position  1:    T:0.19231    C:0.19231    A:0.23077    G:0.38462
position  2:    T:0.26923    C:0.23077    A:0.34615    G:0.15385
position  3:    T:0.15385    C:0.26923    A:0.07692    G:0.50000
Average         T:0.20513    C:0.23077    A:0.21795    G:0.34615

#45: MuntiacusCrinifrons
position  1:    T:0.19231    C:0.19231    A:0.23077    G:0.38462
position  2:    T:0.26923    C:0.23077    A:0.34615    G:0.15385
position  3:    T:0.07692    C:0.30769    A:0.11538    G:0.50000
Average         T:0.17949    C:0.24359    A:0.23077    G:0.34615

#46: WhiteTailedDeer
position  1:    T:0.19231    C:0.19231    A:0.23077    G:0.38462
position  2:    T:0.26923    C:0.23077    A:0.34615    G:0.15385
position  3:    T:0.07692    C:0.30769    A:0.15385    G:0.46154
Average         T:0.17949    C:0.24359    A:0.24359    G:0.33333

#47: Cattle         
position  1:    T:0.19231    C:0.19231    A:0.23077    G:0.38462
position  2:    T:0.26923    C:0.23077    A:0.34615    G:0.15385
position  3:    T:0.15385    C:0.26923    A:0.07692    G:0.50000
Average         T:0.20513    C:0.23077    A:0.21795    G:0.34615

#48: RoyalAntelope  
position  1:    T:0.19231    C:0.19231    A:0.23077    G:0.38462
position  2:    T:0.26923    C:0.23077    A:0.34615    G:0.15385
position  3:    T:0.15385    C:0.26923    A:0.15385    G:0.42308
Average         T:0.20513    C:0.23077    A:0.24359    G:0.32051

#49: Steenbok       
position  1:    T:0.19231    C:0.19231    A:0.23077    G:0.38462
position  2:    T:0.26923    C:0.23077    A:0.34615    G:0.15385
position  3:    T:0.15385    C:0.26923    A:0.07692    G:0.50000
Average         T:0.20513    C:0.23077    A:0.21795    G:0.34615

#50: Impala         
position  1:    T:0.19231    C:0.19231    A:0.23077    G:0.38462
position  2:    T:0.26923    C:0.23077    A:0.34615    G:0.15385
position  3:    T:0.07692    C:0.34615    A:0.15385    G:0.42308
Average         T:0.17949    C:0.25641    A:0.24359    G:0.32051

#51: Klipspringer   
position  1:    T:0.19231    C:0.19231    A:0.23077    G:0.38462
position  2:    T:0.26923    C:0.23077    A:0.34615    G:0.15385
