1
52 1
Argali 0.000000 0.349400 0.101700 0.284600 0.048000 0.003800 0.052100 0.096600 0.098300 0.164800 0.015600 0.068800 0.052000 0.052400 0.072400 0.089700 0.123800 0.102500 0.043700 0.094100 0.092600 0.023200 0.176900 0.144800 0.019300 0.084900 0.059700 0.098000 0.085400 0.102300 0.174400 0.056600 0.142300 0.055500 0.048100 0.090500 0.000000 0.044000 0.122400 0.229500 0.172400 0.076600 0.169000 0.163300 0.098600 0.072400 0.067800 0.102300 0.068400 0.095400 0.106400 0.085000
LesserMous 0.349400 0.000000 0.335300 0.342500 0.328100 0.354800 0.346300 0.347800 0.344900 0.374100 0.359700 0.340900 0.316600 0.322900 0.343100 0.357800 0.348900 0.339000 0.360400 0.339900 0.363100 0.358600 0.388600 0.375800 0.362500 0.349100 0.324600 0.343800 0.357400 0.349500 0.361400 0.317500 0.326500 0.329400 0.329200 0.343200 0.349400 0.339600 0.397800 0.448100 0.381800 0.350000 0.379000 0.345300 0.352500 0.349100 0.358200 0.357200 0.345200 0.308500 0.342700 0.331600
LesserKudu 0.101700 0.335300 0.000000 0.268800 0.102200 0.097300 0.106600 0.148300 0.019500 0.197300 0.109900 0.081100 0.089200 0.107100 0.109800 0.141900 0.154500 0.141800 0.132400 0.023500 0.144200 0.126900 0.199900 0.167000 0.113400 0.131800 0.096900 0.027300 0.128400 0.023400 0.197300 0.102900 0.164300 0.101000 0.093900 0.094500 0.101700 0.107000 0.171100 0.254200 0.200100 0.132000 0.201600 0.176700 0.102500 0.109800 0.127000 0.119300 0.114900 0.125900 0.027300 0.031200
KillerWhal 0.284600 0.342500 0.268800 0.000000 0.260700 0.279000 0.270800 0.261700 0.275800 0.293400 0.294100 0.281600 0.246000 0.272500 0.254300 0.285400 0.255100 0.266200 0.295700 0.271400 0.276600 0.303600 0.296500 0.285300 0.297100 0.279100 0.243900 0.275300 0.280500 0.280200 0.293600 0.267600 0.255300 0.258000 0.276900 0.262500 0.284600 0.271600 0.287000 0.386800 0.312800 0.269100 0.297800 0.291000 0.271100 0.279400 0.272300 0.279700 0.270500 0.238200 0.264500 0.280000
DefassaWat 0.048000 0.328100 0.102200 0.260700 0.000000 0.052000 0.035900 0.080200 0.090200 0.146800 0.056000 0.077300 0.035800 0.036100 0.056100 0.072900 0.098200 0.094500 0.068800 0.086100 0.067900 0.072400 0.158900 0.127200 0.059600 0.068200 0.043400 0.089900 0.068600 0.094200 0.156300 0.040300 0.129500 0.039500 0.040200 0.073800 0.048000 0.028000 0.105600 0.210200 0.154500 0.060200 0.151100 0.145500 0.081500 0.056100 0.059600 0.077100 0.051900 0.096000 0.098300 0.077000
Sheep 0.003800 0.354800 0.097300 0.279000 0.052000 0.000000 0.056100 0.100700 0.093800 0.169300 0.019500 0.072900 0.056000 0.056400 0.076400 0.093900 0.128000 0.106700 0.047700 0.089700 0.096700 0.027200 0.181400 0.139900 0.023200 0.089000 0.063700 0.093500 0.089500 0.097800 0.178900 0.060700 0.146600 0.059500 0.052200 0.094700 0.003900 0.048100 0.126600 0.234300 0.176900 0.080700 0.173500 0.167700 0.102700 0.076400 0.071800 0.106400 0.072500 0.099700 0.101900 0.080700
MaxwellsDu 0.052100 0.346300 0.106600 0.270800 0.035900 0.056100 0.000000 0.084400 0.094500 0.151600 0.060100 0.073400 0.039900 0.032100 0.060200 0.077400 0.111300 0.098800 0.073000 0.090400 0.080400 0.076600 0.163800 0.131900 0.063800 0.064400 0.047700 0.094200 0.068800 0.098600 0.161200 0.028000 0.134000 0.043600 0.044300 0.069600 0.052100 0.040200 0.110000 0.205200 0.159200 0.056200 0.155900 0.150200 0.077600 0.052000 0.064000 0.081400 0.043900 0.095900 0.102700 0.081300
GazellaPrz 0.096600 0.347800 0.148300 0.261700 0.080200 0.100700 0.084400 0.000000 0.136300 0.185100 0.104700 0.127600 0.075700 0.076500 0.096500 0.063400 0.148700 0.136100 0.113700 0.132100 0.058500 0.121600 0.202200 0.179500 0.108200 0.067100 0.083300 0.135900 0.051200 0.140300 0.194800 0.080800 0.172000 0.079100 0.088900 0.115200 0.096600 0.084700 0.074700 0.250400 0.197600 0.050900 0.189300 0.188900 0.123200 0.083800 0.034800 0.122500 0.084200 0.138100 0.135700 0.122500
MountainNy 0.098300 0.344900 0.019500 0.275800 0.090200 0.093800 0.094500 0.136300 0.000000 0.194200 0.106500 0.077600 0.085700 0.095000 0.106400 0.129600 0.142300 0.129500 0.120300 0.011700 0.132100 0.123600 0.196700 0.163800 0.110000 0.128600 0.093400 0.015400 0.116200 0.011500 0.194200 0.099500 0.161200 0.097500 0.081800 0.082400 0.098300 0.094900 0.158900 0.251400 0.201700 0.119900 0.198500 0.173500 0.090400 0.097800 0.114900 0.116000 0.102800 0.131500 0.007800 0.019100
MuntiacusM 0.164800 0.374100 0.197300 0.293400 0.146800 0.169300 0.151600 0.185100 0.194200 0.000000 0.173600 0.180600 0.137300 0.143000 0.155200 0.165100 0.159900 0.155600 0.188700 0.189800 0.176600 0.168500 0.084300 0.080000 0.177000 0.159300 0.140500 0.193700 0.169800 0.198500 0.007900 0.148000 0.155900 0.144800 0.152400 0.162400 0.164800 0.152100 0.219500 0.153600 0.080000 0.159500 0.004100 0.088900 0.166200 0.164200 0.167600 0.189200 0.170000 0.149000 0.202900 0.198300
goat 0.015600 0.359700 0.109900 0.294100 0.056000 0.019500 0.060100 0.104700 0.106500 0.173600 0.000000 0.076900 0.060000 0.060400 0.080400 0.097900 0.132100 0.110800 0.043500 0.098100 0.100700 0.039100 0.185800 0.153400 0.018900 0.093000 0.067700 0.097600 0.093600 0.110500 0.183300 0.064700 0.150700 0.063500 0.056200 0.098800 0.015600 0.052000 0.130600 0.238800 0.181200 0.084700 0.177800 0.172000 0.106800 0.072100 0.075700 0.110500 0.076500 0.103800 0.114600 0.093200
AfricanBuf 0.068800 0.340900 0.081100 0.281600 0.077300 0.072900 0.073400 0.127600 0.077600 0.180600 0.076900 0.000000 0.073200 0.082300 0.102700 0.120400 0.129300 0.116600 0.098600 0.073500 0.114800 0.093600 0.187800 0.159900 0.080500 0.106600 0.080700 0.077400 0.107100 0.081600 0.190400 0.086700 0.148000 0.085100 0.069400 0.036300 0.068800 0.073600 0.154300 0.237000 0.183200 0.098500 0.184900 0.169400 0.044100 0.094100 0.097300 0.111700 0.081300 0.118400 0.085700 0.081500
Topi 0.052000 0.316600 0.089200 0.246000 0.035800 0.056000 0.039900 0.075700 0.085700 0.137300 0.060000 0.073200 0.000000 0.040100 0.060100 0.068600 0.102400 0.090000 0.072800 0.081600 0.071800 0.076400 0.149600 0.127200 0.063600 0.064100 0.015600 0.085500 0.064400 0.089700 0.146700 0.044300 0.124800 0.019500 0.044100 0.069400 0.052000 0.040100 0.100900 0.190100 0.145200 0.055900 0.141500 0.136300 0.077400 0.043600 0.055500 0.081200 0.048000 0.091400 0.093800 0.072700
CommonDuik 0.052400 0.322900 0.107100 0.272500 0.036100 0.056400 0.032100 0.076500 0.095000 0.143000 0.060400 0.082300 0.040100 0.000000 0.060600 0.069300 0.111900 0.099400 0.073400 0.090800 0.072500 0.077000 0.150400 0.118700 0.064100 0.064700 0.047900 0.094700 0.060800 0.099100 0.152500 0.011900 0.134700 0.043800 0.044500 0.078500 0.052400 0.040400 0.101900 0.190900 0.145900 0.056400 0.147200 0.127800 0.082400 0.044100 0.056100 0.090400 0.048300 0.101100 0.103200 0.081700
Suni 0.072400 0.343100 0.109800 0.254300 0.056100 0.076400 0.060200 0.096500 0.106400 0.155200 0.080400 0.102700 0.060100 0.060600 0.000000 0.094000 0.128300 0.115700 0.093600 0.102300 0.096800 0.097100 0.167500 0.144600 0.084000 0.084800 0.067800 0.106100 0.089600 0.101800 0.164700 0.056500 0.124400 0.063600 0.064600 0.099000 0.072400 0.060400 0.118200 0.217600 0.163000 0.084900 0.159400 0.163100 0.107000 0.080400 0.080200 0.089500 0.076700 0.104000 0.114500 0.093100
Springbuck 0.089700 0.357800 0.141900 0.285400 0.072900 0.093900 0.077400 0.063400 0.129600 0.165100 0.097900 0.120400 0.068600 0.069300 0.094000 0.000000 0.133100 0.120500 0.111400 0.125400 0.051300 0.114900 0.177200 0.159100 0.101400 0.051500 0.076100 0.129300 0.034900 0.133700 0.174700 0.073700 0.156300 0.072100 0.081900 0.112700 0.089700 0.077700 0.088300 0.224500 0.172800 0.035500 0.169300 0.159100 0.120200 0.076800 0.043200 0.111300 0.085300 0.113400 0.137900 0.111500
Okapi 0.123800 0.348900 0.154500 0.255100 0.098200 0.128000 0.111300 0.148700 0.142300 0.159900 0.132100 0.129300 0.102400 0.111900 0.128300 0.133100 0.000000 0.043700 0.146200 0.138100 0.144400 0.149500 0.172000 0.153800 0.135500 0.136800 0.110100 0.141900 0.137600 0.146400 0.169500 0.116500 0.102500 0.114200 0.116100 0.112200 0.123800 0.111700 0.175700 0.224100 0.167600 0.128100 0.164100 0.153800 0.120300 0.123700 0.136000 0.146400 0.119800 0.112900 0.150600 0.146100
Giraffe 0.102500 0.339000 0.141800 0.266200 0.094500 0.106700 0.098800 0.136100 0.129500 0.155600 0.110800 0.116600 0.090000 0.099400 0.115700 0.120500 0.043700 0.000000 0.124500 0.125300 0.131900 0.123500 0.158600 0.140500 0.114300 0.124100 0.097800 0.129200 0.124900 0.133600 0.165200 0.103800 0.116200 0.101900 0.103500 0.099600 0.102500 0.099200 0.172100 0.204600 0.154100 0.115500 0.159900 0.140500 0.107700 0.111200 0.123500 0.133600 0.107200 0.100200 0.137800 0.133400
TibetanAnt 0.043700 0.360400 0.132400 0.295700 0.068800 0.047700 0.073000 0.113700 0.120300 0.188700 0.043500 0.098600 0.072800 0.073400 0.093600 0.111400 0.146200 0.124500 0.000000 0.116100 0.114100 0.068000 0.200800 0.168100 0.055400 0.106400 0.080500 0.119900 0.107000 0.124300 0.188800 0.077700 0.165300 0.076200 0.069000 0.112500 0.043700 0.060700 0.140300 0.250300 0.196100 0.097900 0.193000 0.177300 0.120500 0.093600 0.088800 0.124200 0.089600 0.117700 0.119700 0.106600
Sitatunga 0.094100 0.339900 0.023500 0.271400 0.086100 0.089700 0.090400 0.132100 0.011700 0.189800 0.098100 0.073500 0.081600 0.090800 0.102300 0.125400 0.138100 0.125300 0.116100 0.000000 0.127900 0.119400 0.192400 0.159500 0.105900 0.124400 0.089300 0.007700 0.112000 0.015400 0.189900 0.095300 0.156900 0.093400 0.077700 0.078200 0.094100 0.090700 0.154600 0.246800 0.197400 0.115700 0.194100 0.169200 0.086300 0.089500 0.110800 0.111800 0.098700 0.127300 0.019600 0.015300
Oribi 0.092600 0.363100 0.144200 0.276600 0.067900 0.096700 0.080400 0.058500 0.132100 0.176600 0.100700 0.114800 0.071800 0.072500 0.096800 0.051300 0.144400 0.131900 0.114100 0.127900 0.000000 0.117500 0.188700 0.175500 0.104200 0.055000 0.079400 0.131700 0.039200 0.136100 0.186200 0.076700 0.167600 0.075200 0.084900 0.119800 0.092600 0.080700 0.082900 0.241500 0.184200 0.039000 0.180900 0.175400 0.127800 0.079900 0.038800 0.114100 0.088600 0.124900 0.131500 0.118400
BarbaryShe 0.023200 0.358600 0.126900 0.303600 0.072400 0.027200 0.076600 0.121600 0.123600 0.168500 0.039100 0.093600 0.076400 0.077000 0.097100 0.114900 0.149500 0.123500 0.068000 0.119400 0.117500 0.000000 0.190000 0.157600 0.034900 0.101400 0.084100 0.123200 0.110500 0.127600 0.178100 0.081300 0.159500 0.079800 0.072600 0.116000 0.022800 0.068500 0.147800 0.233100 0.185500 0.093000 0.172700 0.176200 0.124000 0.097100 0.092200 0.127700 0.084800 0.121100 0.131800 0.110000
Daviddeer 0.176900 0.388600 0.199900 0.296500 0.158900 0.181400 0.163800 0.202200 0.196700 0.084300 0.185800 0.187800 0.149600 0.150400 0.167500 0.177200 0.172000 0.158600 0.200800 0.192400 0.188700 0.190000 0.000000 0.087800 0.189100 0.171400 0.152600 0.196300 0.172400 0.201000 0.093200 0.155400 0.191600 0.156800 0.164600 0.169700 0.176900 0.164200 0.231600 0.161300 0.028400 0.171600 0.088400 0.087900 0.173500 0.176300 0.179600 0.191300 0.182200 0.156600 0.205400 0.200900
Reindeer 0.144800 0.375800 0.167000 0.285300 0.127200 0.139900 0.131900 0.179500 0.163800 0.080000 0.153400 0.159900 0.127200 0.118700 0.144600 0.159100 0.153800 0.140500 0.168100 0.159500 0.175500 0.157600 0.087800 0.000000 0.156800 0.158300 0.130400 0.163400 0.159200 0.168000 0.088900 0.123500 0.159000 0.134600 0.132500 0.142100 0.144800 0.132300 0.208300 0.118500 0.083600 0.158500 0.084200 0.032500 0.145900 0.153700 0.157200 0.168300 0.149700 0.124500 0.172400 0.167800
Ibex 0.019300 0.362500 0.113400 0.297100 0.059600 0.023200 0.063800 0.108200 0.110000 0.177000 0.018900 0.080500 0.063600 0.064100 0.084000 0.101400 0.135500 0.114300 0.055400 0.105900 0.104200 0.034900 0.189100 0.156800 0.000000 0.088200 0.071300 0.109700 0.097100 0.114000 0.186600 0.068300 0.154100 0.067100 0.059800 0.102300 0.019300 0.055700 0.134000 0.242000 0.184600 0.079900 0.181200 0.175400 0.110300 0.084000 0.079300 0.114000 0.080100 0.107300 0.118100 0.096700
GyrantGaze 0.084900 0.349100 0.131800 0.279100 0.068200 0.089000 0.064400 0.067100 0.128600 0.159300 0.093000 0.106600 0.064100 0.064700 0.084800 0.051500 0.136800 0.124100 0.106400 0.124400 0.055000 0.101400 0.171400 0.158300 0.088200 0.000000 0.071500 0.128200 0.039300 0.132600 0.168900 0.060600 0.150800 0.067500 0.077100 0.103300 0.084900 0.072900 0.091900 0.223200 0.167000 0.015500 0.163500 0.158200 0.110900 0.076200 0.046900 0.114800 0.072200 0.117200 0.128000 0.110600
Hartebeest 0.059700 0.324600 0.096900 0.243900 0.043400 0.063700 0.047700 0.083300 0.093400 0.140500 0.067700 0.080700 0.015600 0.047900 0.067800 0.076100 0.110100 0.097800 0.080500 0.089300 0.079400 0.084100 0.152600 0.130400 0.071300 0.071500 0.000000 0.093200 0.071900 0.097400 0.149800 0.052100 0.132500 0.019300 0.043800 0.077200 0.059700 0.047800 0.108500 0.192700 0.148200 0.063600 0.144600 0.139500 0.084900 0.051300 0.061500 0.080500 0.055500 0.099300 0.101500 0.080400
Bongo 0.098000 0.343800 0.027300 0.275300 0.089900 0.093500 0.094200 0.135900 0.015400 0.193700 0.097600 0.077400 0.085500 0.094700 0.106100 0.129300 0.141900 0.129200 0.119900 0.007700 0.131700 0.123200 0.196300 0.163400 0.109700 0.128200 0.093200 0.000000 0.115900 0.019200 0.193700 0.099200 0.160700 0.097300 0.081600 0.082100 0.098000 0.094600 0.158400 0.250700 0.201300 0.119600 0.198000 0.173100 0.090200 0.089000 0.114600 0.115700 0.102500 0.131100 0.023500 0.019100
Gerenuk 0.085400 0.357400 0.128400 0.280500 0.068600 0.089500 0.068800 0.051200 0.116200 0.169800 0.093600 0.107100 0.064400 0.060800 0.089600 0.034900 0.137600 0.124900 0.107000 0.112000 0.039200 0.110500 0.172400 0.159200 0.097100 0.039300 0.071900 0.115900 0.000000 0.120300 0.179500 0.060800 0.160900 0.067900 0.077600 0.103900 0.085400 0.073400 0.075700 0.224600 0.167900 0.023500 0.174100 0.159100 0.111500 0.072600 0.031200 0.106800 0.076500 0.108600 0.115700 0.098400
CommonElan 0.102300 0.349500 0.023400 0.280200 0.094200 0.097800 0.098600 0.140300 0.011500 0.198500 0.110500 0.081600 0.089700 0.099100 0.101800 0.133700 0.146400 0.133600 0.124300 0.015400 0.136100 0.127600 0.201000 0.168000 0.114000 0.132600 0.097400 0.019200 0.120300 0.000000 0.198500 0.103500 0.156200 0.101500 0.085900 0.086400 0.102300 0.098900 0.163000 0.251000 0.206000 0.124000 0.202800 0.177700 0.094500 0.101800 0.119000 0.120100 0.106900 0.135700 0.019500 0.023400
MuntiacusR 0.174400 0.361400 0.197300 0.293600 0.156300 0.178900 0.161200 0.194800 0.194200 0.007900 0.183300 0.190400 0.146700 0.152500 0.164700 0.174700 0.169500 0.165200 0.188800 0.189900 0.186200 0.178100 0.093200 0.088900 0.186600 0.168900 0.149800 0.193700 0.179500 0.198500 0.000000 0.157600 0.165400 0.154100 0.152400 0.172100 0.174400 0.161700 0.229600 0.163500 0.088900 0.169100 0.012300 0.097800 0.175900 0.173800 0.177200 0.199100 0.179700 0.158700 0.193200 0.198300
HarveysDui 0.056600 0.317500 0.102900 0.267600 0.040300 0.060700 0.028000 0.080800 0.099500 0.148000 0.064700 0.086700 0.044300 0.011900 0.056500 0.073700 0.116500 0.103800 0.077700 0.095300 0.076700 0.081300 0.155400 0.123500 0.068300 0.060600 0.052100 0.099200 0.060800 0.103500 0.157600 0.000000 0.130400 0.047900 0.048700 0.082900 0.056600 0.044600 0.106400 0.196400 0.150900 0.060700 0.152300 0.132700 0.091000 0.048200 0.060300 0.094800 0.048300 0.092300 0.107700 0.086100
Pronghorn 0.142300 0.326500 0.164300 0.255300 0.129500 0.146600 0.134000 0.172000 0.161200 0.155900 0.150700 0.148000 0.124800 0.134700 0.124400 0.156300 0.102500 0.116200 0.165300 0.156900 0.167600 0.159500 0.191600 0.159000 0.154100 0.150800 0.132500 0.160700 0.160900 0.156200 0.165400 0.130400 0.000000 0.136700 0.134500 0.135100 0.142300 0.134500 0.204600 0.219500 0.187100 0.151000 0.160100 0.149600 0.143200 0.146500 0.159000 0.160700 0.142600 0.104400 0.169600 0.165100
BlueWildeb 0.055500 0.329400 0.101000 0.258000 0.039500 0.059500 0.043600 0.079100 0.097500 0.144800 0.063500 0.085100 0.019500 0.043800 0.063600 0.072100 0.114200 0.101900 0.076200 0.093400 0.075200 0.079800 0.156800 0.134600 0.067100 0.067500 0.019300 0.097300 0.067900 0.101500 0.154100 0.047900 0.136700 0.000000 0.047800 0.081300 0.055500 0.043700 0.104100 0.207000 0.152400 0.059400 0.148900 0.152900 0.089300 0.055300 0.059000 0.093000 0.059700 0.094800 0.105600 0.084400
Gemsbok 0.048100 0.329200 0.093900 0.276900 0.040200 0.052200 0.044300 0.088900 0.081800 0.152400 0.056200 0.069400 0.044100 0.044500 0.064600 0.081900 0.116100 0.103500 0.069000 0.077700 0.084900 0.072600 0.164600 0.132500 0.059800 0.077100 0.043800 0.081600 0.077600 0.085900 0.152400 0.048700 0.134500 0.047800 0.000000 0.074100 0.048100 0.044400 0.114600 0.216800 0.160100 0.068800 0.156700 0.151000 0.082200 0.064600 0.068300 0.094500 0.060700 0.096300 0.090000 0.068800
Yak 0.090500 0.343200 0.094500 0.262500 0.073800 0.094700 0.069600 0.115200 0.082400 0.162400 0.098800 0.036300 0.069400 0.078500 0.099000 0.112700 0.112200 0.099600 0.112500 0.078200 0.119800 0.116000 0.169700 0.142100 0.102300 0.103300 0.077200 0.082100 0.103900 0.086400 0.172100 0.082900 0.135100 0.081300 0.074100 0.000000 0.090500 0.078400 0.150700 0.227800 0.165200 0.094800 0.166700 0.151500 0.007900 0.090400 0.102700 0.108000 0.077900 0.119100 0.090500 0.086300
BlueSheep 0.000000 0.349400 0.101700 0.284600 0.048000 0.003900 0.052100 0.096600 0.098300 0.164800 0.015600 0.068800 0.052000 0.052400 0.072400 0.089700 0.123800 0.102500 0.043700 0.094100 0.092600 0.022800 0.176900 0.144800 0.019300 0.084900 0.059700 0.098000 0.085400 0.102300 0.174400 0.056600 0.142300 0.055500 0.048100 0.090500 0.000000 0.044000 0.122400 0.229500 0.172400 0.076600 0.169000 0.163300 0.098600 0.072400 0.067800 0.102300 0.068400 0.095400 0.106400 0.085000
BohorReedb 0.044000 0.339600 0.107000 0.271600 0.028000 0.048100 0.040200 0.084700 0.094900 0.152100 0.052000 0.073600 0.040100 0.040400 0.060400 0.077700 0.111700 0.099200 0.060700 0.090700 0.080700 0.068500 0.164200 0.132300 0.055700 0.072900 0.047800 0.094600 0.073400 0.098900 0.161700 0.044600 0.134500 0.043700 0.044400 0.078400 0.044000 0.000000 0.110400 0.216300 0.159700 0.064600 0.156400 0.150700 0.086500 0.060400 0.055900 0.090200 0.056500 0.100800 0.103100 0.081600
KirksDik 0.122400 0.397800 0.171100 0.287000 0.105600 0.126600 0.110000 0.074700 0.158900 0.219500 0.130600 0.154300 0.100900 0.101900 0.118200 0.088300 0.175700 0.172100 0.140300 0.154600 0.082900 0.147800 0.231600 0.208300 0.134000 0.091900 0.108500 0.158400 0.075700 0.163000 0.229600 0.106400 0.204600 0.104100 0.114600 0.150700 0.122400 0.110400 0.000000 0.283000 0.226900 0.075400 0.213800 0.218000 0.158800 0.092100 0.058700 0.149100 0.118300 0.160900 0.158200 0.144700
RoeDeer 0.229500 0.448100 0.254200 0.386800 0.210200 0.234300 0.205200 0.250400 0.251400 0.153600 0.238800 0.237000 0.190100 0.190900 0.217600 0.224500 0.224100 0.204600 0.250300 0.246800 0.241500 0.233100 0.161300 0.118500 0.242000 0.223200 0.192700 0.250700 0.224600 0.251000 0.163500 0.196400 0.219500 0.207000 0.216800 0.227800 0.229500 0.216300 0.283000 0.000000 0.156700 0.223500 0.153100 0.114000 0.231600 0.218500 0.231900 0.245700 0.225000 0.203000 0.260600 0.255600
WhiteLippe 0.172400 0.381800 0.200100 0.312800 0.154500 0.176900 0.159200 0.197600 0.201700 0.080000 0.181200 0.183200 0.145200 0.145900 0.163000 0.172800 0.167600 0.154100 0.196100 0.197400 0.184200 0.185500 0.028400 0.083600 0.184600 0.167000 0.148200 0.201300 0.167900 0.206000 0.088900 0.150900 0.187100 0.152400 0.160100 0.165200 0.172400 0.159700 0.226900 0.156700 0.000000 0.167200 0.084100 0.092400 0.169000 0.171800 0.175200 0.182100 0.177600 0.152100 0.210400 0.205900
ThomsonGaz 0.076600 0.350000 0.132000 0.269100 0.060200 0.080700 0.056200 0.050900 0.119900 0.159500 0.084700 0.098500 0.055900 0.056400 0.084900 0.035500 0.128100 0.115500 0.097900 0.115700 0.039000 0.093000 0.171600 0.158500 0.079900 0.015500 0.063600 0.119600 0.023500 0.124000 0.169100 0.060700 0.151000 0.059400 0.068800 0.094800 0.076600 0.064600 0.075400 0.223500 0.167200 0.000000 0.163800 0.158400 0.102800 0.068000 0.031200 0.106300 0.064200 0.108400 0.119300 0.102100
MuntiacusC 0.169000 0.379000 0.201600 0.297800 0.151100 0.173500 0.155900 0.189300 0.198500 0.004100 0.177800 0.184900 0.141500 0.147200 0.159400 0.169300 0.164100 0.159900 0.193000 0.194100 0.180900 0.172700 0.088400 0.084200 0.181200 0.163500 0.144600 0.198000 0.174100 0.202800 0.012300 0.152300 0.160100 0.148900 0.156700 0.166700 0.169000 0.156400 0.213800 0.153100 0.084100 0.163800 0.000000 0.093000 0.170500 0.168400 0.171900 0.193500 0.174200 0.153300 0.207300 0.202600
WhiteTaile 0.163300 0.345300 0.176700 0.291000 0.145500 0.167700 0.150200 0.188900 0.173500 0.088900 0.172000 0.169400 0.136300 0.127800 0.163100 0.159100 0.153800 0.140500 0.177300 0.169200 0.175400 0.176200 0.087900 0.032500 0.175400 0.158200 0.139500 0.173100 0.159100 0.177700 0.097800 0.132700 0.149600 0.152900 0.151000 0.151500 0.163300 0.150700 0.218000 0.114000 0.092400 0.158400 0.093000 0.000000 0.155300 0.153800 0.166500 0.177900 0.149800 0.124400 0.182100 0.177500
Cattle 0.098600 0.352500 0.102500 0.271100 0.081500 0.102700 0.077600 0.123200 0.090400 0.166200 0.106800 0.044100 0.077400 0.082400 0.107000 0.120200 0.120300 0.107700 0.120500 0.086300 0.127800 0.124000 0.173500 0.145900 0.110300 0.110900 0.084900 0.090200 0.111500 0.094500 0.175900 0.091000 0.143200 0.089300 0.082200 0.007900 0.098600 0.086500 0.158800 0.231600 0.169000 0.102800 0.170500 0.155300 0.000000 0.098400 0.110200 0.116100 0.085600 0.127300 0.098600 0.094300
RoyalAntel 0.072400 0.349100 0.109800 0.279400 0.056100 0.076400 0.052000 0.083800 0.097800 0.164200 0.072100 0.094100 0.043600 0.044100 0.080400 0.076800 0.123700 0.111200 0.093600 0.089500 0.079900 0.097100 0.176300 0.153700 0.084000 0.076200 0.051300 0.089000 0.072600 0.101800 0.173800 0.048200 0.146500 0.055300 0.064600 0.090400 0.072400 0.060400 0.092100 0.218500 0.171800 0.068000 0.168400 0.153800 0.098400 0.000000 0.063500 0.098000 0.060100 0.121800 0.105900 0.084600
Steenbok 0.067800 0.358200 0.127000 0.272300 0.059600 0.071800 0.064000 0.034800 0.114900 0.167600 0.075700 0.097300 0.055500 0.056100 0.080200 0.043200 0.136000 0.123500 0.088800 0.110800 0.038800 0.092200 0.179600 0.157200 0.079300 0.046900 0.061500 0.114600 0.031200 0.119000 0.177200 0.060300 0.159000 0.059000 0.068300 0.102700 0.067800 0.055900 0.058700 0.231900 0.175200 0.031200 0.171900 0.166500 0.110200 0.063500 0.000000 0.105700 0.071800 0.116500 0.114400 0.101500
Impala 0.102300 0.357200 0.119300 0.279700 0.077100 0.106400 0.081400 0.122500 0.116000 0.189200 0.110500 0.111700 0.081200 0.090400 0.089500 0.111300 0.146400 0.133600 0.124200 0.111800 0.114100 0.127700 0.191300 0.168300 0.114000 0.114800 0.080500 0.115700 0.106800 0.120100 0.199100 0.094800 0.160700 0.093000 0.094500 0.108000 0.102300 0.090200 0.149100 0.245700 0.182100 0.106300 0.193500 0.177900 0.116100 0.098000 0.105700 0.000000 0.094000 0.144800 0.124200 0.106800
Klipspring 0.068400 0.345200 0.114900 0.270500 0.051900 0.072500 0.043900 0.084200 0.102800 0.170000 0.076500 0.081300 0.048000 0.048300 0.076700 0.085300 0.119800 0.107200 0.089600 0.098700 0.088600 0.084800 0.182200 0.149700 0.080100 0.072200 0.055500 0.102500 0.076500 0.106900 0.179700 0.048300 0.142600 0.059700 0.060700 0.077900 0.068400 0.056500 0.118300 0.225000 0.177600 0.064200 0.174200 0.149800 0.085600 0.060100 0.071800 0.094000 0.000000 0.112900 0.111000 0.089500
ForestMusk 0.095400 0.308500 0.125900 0.238200 0.096000 0.099700 0.095900 0.138100 0.131500 0.149000 0.103800 0.118400 0.091400 0.101100 0.104000 0.113400 0.112900 0.100200 0.117700 0.127300 0.124900 0.121100 0.156600 0.124500 0.107300 0.117200 0.099300 0.131100 0.108600 0.135700 0.158700 0.092300 0.104400 0.094800 0.096300 0.119100 0.095400 0.100800 0.160900 0.203000 0.152100 0.108400 0.153300 0.124400 0.127300 0.121800 0.116500 0.144800 0.112900 0.000000 0.140000 0.135400
Bushbuck 0.106400 0.342700 0.027300 0.264500 0.098300 0.101900 0.102700 0.135700 0.007800 0.202900 0.114600 0.085700 0.093800 0.103200 0.114500 0.137900 0.150600 0.137800 0.119700 0.019600 0.131500 0.131800 0.205400 0.172400 0.118100 0.128000 0.101500 0.023500 0.115700 0.019500 0.193200 0.107700 0.169600 0.105600 0.090000 0.090500 0.106400 0.103100 0.158200 0.260600 0.210400 0.119300 0.207300 0.182100 0.098600 0.105900 0.114400 0.124200 0.111000 0.140000 0.000000 0.027400
GreaterKud 0.085000 0.331600 0.031200 0.280000 0.077000 0.080700 0.081300 0.122500 0.019100 0.198300 0.093200 0.081500 0.072700 0.081700 0.093100 0.111500 0.146100 0.133400 0.106600 0.015300 0.118400 0.110000 0.200900 0.167800 0.096700 0.110600 0.080400 0.019100 0.098400 0.023400 0.198300 0.086100 0.165100 0.084400 0.068800 0.086300 0.085000 0.081600 0.144700 0.255600 0.205900 0.102100 0.202600 0.177500 0.094300 0.084600 0.101500 0.106800 0.089500 0.135400 0.027400 0.000000
