CODONML (in paml version 4.10.7, June 2023)  /home/rachel/ruminants_paml/6406-phy-tree/ENSBTAT00000003613.fasta.phy
Model: free dN/dS Ratios for branches,  kappa = 2.000 fixed

Codon frequency model: F3x4
ns =  54  ls =  61

Codon usage in sequences
--------------------------------------------------------------------------------------------------------------------------------------
Phe TTT   1   1   1   1   1   1 | Ser TCT   1   1   1   1   0   1 | Tyr TAT   1   1   1   1   1   1 | Cys TGT   3   2   3   3   2   2
    TTC   0   0   0   0   0   0 |     TCC   0   0   0   0   0   0 |     TAC   0   0   0   0   0   0 |     TGC   0   1   0   0   1   1
Leu TTA   1   1   1   1   1   1 |     TCA   1   0   1   0   0   0 | *** TAA   0   0   0   0   0   0 | *** TGA   0   0   0   0   0   0
    TTG   0   0   0   0   0   0 |     TCG   0   0   0   0   1   0 |     TAG   0   0   0   0   0   0 | Trp TGG   0   0   0   0   0   0
--------------------------------------------------------------------------------------------------------------------------------------
Leu CTT   0   1   1   1   1   1 | Pro CCT   0   0   0   0   1   0 | His CAT   0   0   0   0   0   0 | Arg CGT   0   0   0   0   0   0
    CTC   0   0   0   0   0   0 |     CCC   1   1   1   1   1   1 |     CAC   1   0   1   1   0   0 |     CGC   0   0   0   0   0   0
    CTA   0   0   0   0   0   0 |     CCA   1   1   0   2   1   2 | Gln CAA   0   0   0   0   2   1 |     CGA   0   1   1   1   0   1
    CTG   3   2   2   2   2   2 |     CCG   0   1   1   0   0   0 |     CAG   2   3   2   2   1   2 |     CGG   1   0   0   0   1   0
--------------------------------------------------------------------------------------------------------------------------------------
Ile ATT   0   0   0   0   0   0 | Thr ACT   1   1   1   1   2   2 | Asn AAT   1   1   2   2   2   1 | Ser AGT   1   1   1   1   1   2
    ATC   1   1   1   1   0   0 |     ACC   2   1   2   2   2   2 |     AAC   0   1   0   0   0   1 |     AGC   2   2   2   2   1   0
    ATA   2   2   2   2   2   2 |     ACA   1   2   1   2   1   1 | Lys AAA   3   3   3   2   3   2 | Arg AGA   0   0   0   1   0   0
Met ATG   2   2   2   2   2   2 |     ACG   1   0   1   0   0   0 |     AAG   4   4   4   4   4   5 |     AGG   0   0   0   0   0   0
--------------------------------------------------------------------------------------------------------------------------------------
Val GTT   0   0   0   0   1   0 | Ala GCT   1   1   1   1   1   1 | Asp GAT   2   1   1   1   1   1 | Gly GGT   0   0   0   0   1   2
    GTC   1   2   1   0   2   2 |     GCC   1   1   1   1   1   1 |     GAC   2   2   2   2   2   3 |     GGC   1   1   1   1   1   1
    GTA   1   1   1   1   0   1 |     GCA   2   3   2   2   2   2 | Glu GAA   3   3   3   3   2   3 |     GGA   1   1   1   1   1   0
    GTG   2   2   2   3   2   2 |     GCG   1   0   1   1   1   1 |     GAG   3   3   3   3   4   2 |     GGG   2   2   2   2   2   2
--------------------------------------------------------------------------------------------------------------------------------------

--------------------------------------------------------------------------------------------------------------------------------------
Phe TTT   1   1   1   1   1   1 | Ser TCT   0   1   1   1   1   1 | Tyr TAT   1   1   1   1   1   1 | Cys TGT   3   3   3   3   3   3
    TTC   0   0   0   0   0   0 |     TCC   0   0   0   0   0   0 |     TAC   0   0   0   0   0   0 |     TGC   0   0   0   0   0   0
Leu TTA   1   1   1   1   1   1 |     TCA   1   1   1   1   1   0 | *** TAA   0   0   0   0   0   0 | *** TGA   0   0   0   0   0   0
    TTG   0   0   0   0   0   0 |     TCG   0   0   0   0   0   0 |     TAG   0   0   0   0   0   0 | Trp TGG   0   0   0   0   0   0
--------------------------------------------------------------------------------------------------------------------------------------
Leu CTT   1   0   1   1   1   1 | Pro CCT   2   0   0   0   0   0 | His CAT   0   0   0   0   0   0 | Arg CGT   0   0   0   0   0   0
    CTC   0   0   0   0   0   0 |     CCC   0   1   1   1   1   1 |     CAC   1   1   1   1   1   1 |     CGC   0   0   0   0   0   0
    CTA   0   0   0   0   0   0 |     CCA   1   1   1   1   0   2 | Gln CAA   0   0   0   0   0   1 |     CGA   1   0   1   1   1   1
    CTG   2   3   2   2   2   2 |     CCG   0   0   0   0   1   0 |     CAG   2   2   2   2   2   1 |     CGG   0   1   0   0   0   0
--------------------------------------------------------------------------------------------------------------------------------------
Ile ATT   0   0   0   0   0   0 | Thr ACT   0   1   1   1   1   1 | Asn AAT   1   1   1   1   2   2 | Ser AGT   1   1   1   2   1   1
    ATC   1   1   1   1   1   1 |     ACC   3   2   2   2   2   3 |     AAC   0   0   0   1   0   0 |     AGC   2   2   2   0   2   2
    ATA   2   2   2   2   2   2 |     ACA   2   1   1   1   1   1 | Lys AAA   2   3   3   3   3   3 | Arg AGA   1   0   0   0   0   0
Met ATG   2   2   2   2   2   2 |     ACG   0   1   1   0   1   0 |     AAG   4   4   4   3   4   4 |     AGG   0   0   0   0   0   0
--------------------------------------------------------------------------------------------------------------------------------------
Val GTT   0   0   0   0   0   0 | Ala GCT   1   1   1   1   1   1 | Asp GAT   2   2   2   1   1   1 | Gly GGT   0   0   0   0   0   0
    GTC   1   1   1   1   1   1 |     GCC   1   1   1   1   1   1 |     GAC   2   2   2   3   2   2 |     GGC   1   1   1   2   1   1
    GTA   1   1   1   2   1   1 |     GCA   2   2   2   2   2   2 | Glu GAA   3   3   3   3   3   3 |     GGA   1   1   1   1   1   1
    GTG   2   2   2   1   2   2 |     GCG   1   1   1   2   1   1 |     GAG   3   3   3   3   3   3 |     GGG   2   2   2   2   2   2
--------------------------------------------------------------------------------------------------------------------------------------

--------------------------------------------------------------------------------------------------------------------------------------
Phe TTT   1   1   1   1   1   1 | Ser TCT   1   1   1   1   0   1 | Tyr TAT   1   1   1   1   1   1 | Cys TGT   3   3   3   3   3   3
    TTC   0   0   0   0   0   0 |     TCC   0   0   0   0   1   0 |     TAC   0   0   0   0   0   0 |     TGC   0   0   0   0   0   0
Leu TTA   1   1   1   1   1   1 |     TCA   1   1   1   1   1   1 | *** TAA   0   0   0   0   0   0 | *** TGA   0   0   0   0   0   0
    TTG   0   0   0   0   0   0 |     TCG   0   0   0   0   0   0 |     TAG   0   0   0   0   0   0 | Trp TGG   0   0   0   0   0   0
--------------------------------------------------------------------------------------------------------------------------------------
Leu CTT   1   1   0   1   1   1 | Pro CCT   0   1   0   0   0   0 | His CAT   0   0   0   0   0   0 | Arg CGT   0   0   0   0   0   0
    CTC   0   0   1   0   0   0 |     CCC   1   0   1   1   1   1 |     CAC   1   1   1   1   1   1 |     CGC   0   0   0   0   0   0
    CTA   0   0   0   0   0   0 |     CCA   1   1   1   1   1   1 | Gln CAA   0   0   0   0   0   0 |     CGA   0   1   1   1   1   1
    CTG   2   2   2   2   2   2 |     CCG   0   0   0   0   0   0 |     CAG   2   2   2   2   2   2 |     CGG   1   0   0   0   0   0
--------------------------------------------------------------------------------------------------------------------------------------
Ile ATT   0   0   0   0   0   0 | Thr ACT   1   1   1   1   1   1 | Asn AAT   1   2   1   1   1   1 | Ser AGT   1   1   1   1   1   1
    ATC   1   1   1   1   1   1 |     ACC   2   2   2   2   2   2 |     AAC   0   0   0   0   0   0 |     AGC   2   2   2   2   2   2
    ATA   2   2   2   2   2   2 |     ACA   1   1   1   1   1   1 | Lys AAA   3   3   3   3   3   3 | Arg AGA   0   0   0   0   0   0
Met ATG   2   2   2   2   2   2 |     ACG   1   1   1   1   1   1 |     AAG   4   4   4   4   4   4 |     AGG   0   0   0   0   0   0
--------------------------------------------------------------------------------------------------------------------------------------
Val GTT   0   0   0   0   0   0 | Ala GCT   1   1   1   1   1   1 | Asp GAT   2   1   2   2   1   2 | Gly GGT   0   0   0   0   1   0
    GTC   1   1   1   1   1   1 |     GCC   1   1   1   1   1   1 |     GAC   2   2   2   2   2   2 |     GGC   1   1   1   1   1   1
    GTA   2   1   1   1   0   1 |     GCA   2   2   2   2   1   2 | Glu GAA   3   3   3   3   3   3 |     GGA   1   1   1   1   1   1
    GTG   1   2   2   2   3   2 |     GCG   1   1   1   1   2   1 |     GAG   3   3   3   3   3   3 |     GGG   2   2   2   2   2   2
--------------------------------------------------------------------------------------------------------------------------------------

--------------------------------------------------------------------------------------------------------------------------------------
Phe TTT   1   1   1   1   1   1 | Ser TCT   1   1   1   1   1   1 | Tyr TAT   1   1   1   1   1   1 | Cys TGT   3   3   3   3   3   3
    TTC   0   0   0   0   0   0 |     TCC   0   0   0   0   0   0 |     TAC   0   0   0   0   0   0 |     TGC   0   0   0   0   0   0
Leu TTA   1   1   1   1   1   1 |     TCA   0   0   1   1   1   1 | *** TAA   0   0   0   0   0   0 | *** TGA   0   0   0   0   0   0
    TTG   0   0   0   0   0   0 |     TCG   0   0   0   0   0   0 |     TAG   0   0   0   0   0   0 | Trp TGG   0   0   0   0   0   0
--------------------------------------------------------------------------------------------------------------------------------------
Leu CTT   1   1   1   1   1   1 | Pro CCT   1   0   0   0   0   0 | His CAT   0   0   0   0   0   0 | Arg CGT   0   0   0   0   0   0
    CTC   0   0   0   0   0   0 |     CCC   0   1   1   1   1   1 |     CAC   1   1   1   1   1   1 |     CGC   0   0   0   0   0   0
    CTA   0   0   0   0   0   0 |     CCA   2   2   1   0   1   1 | Gln CAA   0   0   0   0   0   0 |     CGA   1   1   0   1   1   0
    CTG   2   2   2   2   2   2 |     CCG   0   0   0   1   0   0 |     CAG   2   2   2   2   2   2 |     CGG   0   0   1   0   0   1
--------------------------------------------------------------------------------------------------------------------------------------
Ile ATT   0   0   0   0   0   0 | Thr ACT   1   1   1   1   1   1 | Asn AAT   2   2   1   2   1   1 | Ser AGT   1   1   1   1   1   1
    ATC   1   1   1   1   1   1 |     ACC   2   2   2   2   2   2 |     AAC   0   0   0   0   0   0 |     AGC   2   2   2   2   2   2
    ATA   2   2   2   2   2   2 |     ACA   2   2   1   1   1   1 | Lys AAA   3   3   3   3   3   3 | Arg AGA   0   0   0   0   0   0
Met ATG   2   2   2   2   2   2 |     ACG   0   0   1   1   1   1 |     AAG   4   4   4   4   4   4 |     AGG   0   0   0   0   0   0
--------------------------------------------------------------------------------------------------------------------------------------
Val GTT   0   0   0   0   0   0 | Ala GCT   1   1   1   1   2   1 | Asp GAT   1   1   2   1   2   2 | Gly GGT   0   0   0   0   0   0
    GTC   1   1   1   1   1   1 |     GCC   1   1   1   1   1   1 |     GAC   2   2   2   2   2   2 |     GGC   1   1   1   1   1   1
    GTA   2   1   1   1   1   1 |     GCA   2   2   3   2   2   2 | Glu GAA   3   3   3   3   3   3 |     GGA   1   1   1   1   1   1
    GTG   1   2   2   2   2   2 |     GCG   1   1   0   1   0   1 |     GAG   3   3   3   3   3   3 |     GGG   2   2   2   2   2   2
--------------------------------------------------------------------------------------------------------------------------------------

--------------------------------------------------------------------------------------------------------------------------------------
Phe TTT   1   1   1   1   1   1 | Ser TCT   1   1   1   1   1   1 | Tyr TAT   1   1   1   1   1   1 | Cys TGT   3   3   3   3   3   3
    TTC   0   0   0   0   0   0 |     TCC   0   0   0   0   0   0 |     TAC   0   0   0   0   0   0 |     TGC   0   0   0   0   0   0
Leu TTA   1   1   1   1   1   1 |     TCA   0   0   1   1   1   1 | *** TAA   0   0   0   0   0   0 | *** TGA   0   0   0   0   0   0
    TTG   0   0   0   0   0   0 |     TCG   0   0   0   0   0   0 |     TAG   0   0   0   0   0   0 | Trp TGG   0   0   0   0   0   0
--------------------------------------------------------------------------------------------------------------------------------------
Leu CTT   1   1   1   1   1   1 | Pro CCT   0   0   0   1   0   0 | His CAT   0   0   0   0   0   0 | Arg CGT   0   0   0   0   0   0
    CTC   0   0   0   0   0   0 |     CCC   1   1   1   0   1   1 |     CAC   1   1   1   1   1   1 |     CGC   0   0   0   0   0   0
    CTA   0   0   0   0   0   0 |     CCA   2   2   1   1   1   0 | Gln CAA   0   0   0   0   0   0 |     CGA   1   1   0   1   1   1
    CTG   2   2   2   2   2   2 |     CCG   0   0   0   0   0   1 |     CAG   2   2   2   2   2   2 |     CGG   0   0   1   0   0   0
--------------------------------------------------------------------------------------------------------------------------------------
Ile ATT   0   0   0   0   0   0 | Thr ACT   2   1   1   1   1   1 | Asn AAT   2   2   1   0   1   2 | Ser AGT   1   1   1   1   1   1
    ATC   1   2   1   1   1   1 |     ACC   2   3   2   2   2   2 |     AAC   0   0   0   1   0   0 |     AGC   2   2   2   2   2   2
    ATA   2   2   2   2   2   2 |     ACA   1   1   1   1   1   1 | Lys AAA   3   3   3   3   3   3 | Arg AGA   0   0   0   0   0   0
Met ATG   2   2   2   2   2   2 |     ACG   0   0   1   1   1   1 |     AAG   4   4   4   4   4   4 |     AGG   0   0   0   0   0   0
--------------------------------------------------------------------------------------------------------------------------------------
Val GTT   0   0   0   0   0   0 | Ala GCT   1   1   1   1   1   1 | Asp GAT   1   1   2   2   2   1 | Gly GGT   0   0   0   0   0   0
    GTC   1   0   1   1   1   1 |     GCC   1   1   1   1   1   1 |     GAC   2   2   2   2   2   2 |     GGC   1   1   1   1   1   1
    GTA   1   1   2   1   1   1 |     GCA   2   2   2   2   2   2 | Glu GAA   3   4   3   3   3   3 |     GGA   1   2   1   1   1   1
    GTG   2   2   1   2   2   2 |     GCG   1   1   1   1   1   1 |     GAG   3   2   3   3   3   3 |     GGG   2   1   2   2   2   2
--------------------------------------------------------------------------------------------------------------------------------------

--------------------------------------------------------------------------------------------------------------------------------------
Phe TTT   1   1   1   1   1   1 | Ser TCT   1   1   1   1   1   1 | Tyr TAT   1   1   1   1   1   1 | Cys TGT   3   3   3   3   2   3
    TTC   0   0   0   0   0   0 |     TCC   0   0   0   0   0   0 |     TAC   0   0   0   0   0   0 |     TGC   0   0   0   0   1   0
Leu TTA   1   1   1   1   1   1 |     TCA   1   1   0   1   0   1 | *** TAA   0   0   0   0   0   0 | *** TGA   0   0   0   0   0   0
    TTG   0   0   0   0   0   0 |     TCG   0   0   0   0   0   0 |     TAG   0   0   0   0   0   0 | Trp TGG   0   0   0   0   0   0
--------------------------------------------------------------------------------------------------------------------------------------
Leu CTT   1   1   1   1   1   1 | Pro CCT   1   0   0   0   0   0 | His CAT   0   0   0   0   0   0 | Arg CGT   0   0   0   0   0   0
    CTC   0   0   0   0   0   0 |     CCC   0   1   1   1   1   1 |     CAC   1   1   1   1   1   1 |     CGC   0   0   0   0   0   0
    CTA   0   0   0   0   0   0 |     CCA   1   0   2   1   2   1 | Gln CAA   0   0   0   0   0   0 |     CGA   1   1   1   1   0   1
    CTG   2   2   2   2   2   2 |     CCG   0   1   0   0   0   0 |     CAG   2   2   2   2   2   2 |     CGG   0   0   0   0   1   0
--------------------------------------------------------------------------------------------------------------------------------------
Ile ATT   0   0   0   0   0   0 | Thr ACT   1   1   1   1   1   1 | Asn AAT   1   2   2   1   2   1 | Ser AGT   1   1   1   1   1   1
    ATC   1   1   1   1   1   1 |     ACC   1   2   3   2   2   2 |     AAC   0   0   0   0   0   0 |     AGC   2   2   2   2   2   2
    ATA   2   2   2   2   2   2 |     ACA   1   1   1   1   2   1 | Lys AAA   3   3   3   3   3   3 | Arg AGA   0   0   0   0   0   0
Met ATG   2   2   2   2   2   2 |     ACG   2   1   0   1   0   1 |     AAG   4   4   4   4   3   4 |     AGG   0   0   0   0   1   0
--------------------------------------------------------------------------------------------------------------------------------------
Val GTT   0   0   0   0   0   0 | Ala GCT   1   1   1   1   1   1 | Asp GAT   2   1   1   2   1   2 | Gly GGT   0   0   0   0   0   0
    GTC   1   1   1   1   1   1 |     GCC   1   1   1   1   1   1 |     GAC   2   2   2   2   2   2 |     GGC   1   1   1   1   1   1
    GTA   1   1   1   1   1   1 |     GCA   2   2   2   2   2   3 | Glu GAA   3   3   3   3   3   3 |     GGA   1   1   1   1   1   1
    GTG   2   2   2   2   2   2 |     GCG   1   1   1   1   1   0 |     GAG   3   3   3   3   3   3 |     GGG   2   2   2   2   2   2
--------------------------------------------------------------------------------------------------------------------------------------

--------------------------------------------------------------------------------------------------------------------------------------
Phe TTT   1   1   1   1   1   1 | Ser TCT   1   1   1   0   1   1 | Tyr TAT   1   1   1   1   1   1 | Cys TGT   3   3   3   3   3   3
    TTC   0   0   0   0   0   0 |     TCC   0   0   0   0   0   0 |     TAC   0   0   0   0   0   0 |     TGC   0   0   0   0   0   0
Leu TTA   1   1   1   1   1   1 |     TCA   1   1   1   1   1   0 | *** TAA   0   0   0   0   0   0 | *** TGA   0   0   0   0   0   0
    TTG   0   0   0   0   0   0 |     TCG   0   0   0   0   0   0 |     TAG   0   0   0   0   0   0 | Trp TGG   0   0   0   0   0   0
--------------------------------------------------------------------------------------------------------------------------------------
Leu CTT   1   1   1   1   1   1 | Pro CCT   0   0   0   2   0   0 | His CAT   0   0   0   0   0   0 | Arg CGT   0   0   0   0   0   0
    CTC   0   0   0   0   0   0 |     CCC   1   1   1   0   1   1 |     CAC   1   1   1   1   1   1 |     CGC   0   0   0   0   0   0
    CTA   0   0   0   0   0   0 |     CCA   1   1   1   1   1   2 | Gln CAA   0   0   0   0   0   0 |     CGA   1   1   0   1   1   1
    CTG   2   2   2   2   2   2 |     CCG   0   0   0   0   0   0 |     CAG   2   2   2   2   2   2 |     CGG   0   0   1   0   0   0
--------------------------------------------------------------------------------------------------------------------------------------
Ile ATT   0   0   0   0   0   0 | Thr ACT   1   1   1   0   1   1 | Asn AAT   1   2   1   1   1   2 | Ser AGT   1   1   1   1   1   1
    ATC   1   1   1   1   1   1 |     ACC   2   2   2   3   2   3 |     AAC   0   0   0   0   0   0 |     AGC   2   2   2   2   2   2
    ATA   2   2   2   2   2   2 |     ACA   1   2   1   2   1   1 | Lys AAA   3   3   3   2   3   3 | Arg AGA   0   0   0   1   0   0
Met ATG   2   2   2   2   2   2 |     ACG   1   0   1   0   1   0 |     AAG   4   4   4   4   4   4 |     AGG   0   0   0   0   0   0
--------------------------------------------------------------------------------------------------------------------------------------
Val GTT   0   0   0   0   0   0 | Ala GCT   1   1   1   1   1   1 | Asp GAT   2   1   2   2   2   1 | Gly GGT   0   0   0   0   0   0
    GTC   1   1   1   1   1   1 |     GCC   1   1   1   1   1   1 |     GAC   2   2   2   2   2   2 |     GGC   1   1   1   1   1   1
    GTA   1   1   1   1   1   1 |     GCA   2   2   2   2   2   2 | Glu GAA   3   3   3   2   3   3 |     GGA   1   1   1   1   1   1
    GTG   2   2   2   2   2   2 |     GCG   1   1   1   1   1   1 |     GAG   3   3   3   4   3   3 |     GGG   2   2   2   2   2   2
--------------------------------------------------------------------------------------------------------------------------------------

--------------------------------------------------------------------------------------------------------------------------------------
Phe TTT   1   1   1   1   1   1 | Ser TCT   1   1   1   1   1   1 | Tyr TAT   1   1   1   1   1   1 | Cys TGT   3   3   3   3   3   3
    TTC   0   0   0   0   0   0 |     TCC   0   0   0   0   0   0 |     TAC   0   0   0   0   0   0 |     TGC   0   0   0   0   0   0
Leu TTA   1   0   1   1   1   1 |     TCA   0   1   0   0   1   1 | *** TAA   0   0   0   0   0   0 | *** TGA   0   0   0   0   0   0
    TTG   0   0   0   0   0   0 |     TCG   0   0   0   0   0   0 |     TAG   0   0   0   0   0   0 | Trp TGG   0   0   0   0   0   0
--------------------------------------------------------------------------------------------------------------------------------------
Leu CTT   1   1   1   1   1   1 | Pro CCT   0   1   0   0   0   0 | His CAT   0   0   0   0   0   0 | Arg CGT   0   0   0   0   0   0
    CTC   0   0   0   0   0   0 |     CCC   1   0   1   1   1   1 |     CAC   1   1   1   1   1   1 |     CGC   0   0   0   0   0   0
    CTA   0   1   0   0   0   0 |     CCA   2   1   2   2   1   1 | Gln CAA   0   0   0   0   0   0 |     CGA   1   1   1   1   1   1
    CTG   2   2   2   2   2   2 |     CCG   0   0   0   0   0   0 |     CAG   2   2   2   2   2   2 |     CGG   0   0   0   0   0   0
--------------------------------------------------------------------------------------------------------------------------------------
Ile ATT   0   0   0   0   0   0 | Thr ACT   1   1   1   1   1   2 | Asn AAT   2   0   2   2   2   1 | Ser AGT   1   1   1   1   1   1
    ATC   1   1   1   2   1   1 |     ACC   3   2   3   3   2   1 |     AAC   0   1   0   0   0   0 |     AGC   2   1   2   2   2   2
    ATA   2   2   2   2   2   2 |     ACA   1   1   1   1   2   1 | Lys AAA   3   2   3   3   3   3 | Arg AGA   0   1   0   0   0   0
Met ATG   2   2   2   2   2   2 |     ACG   0   1   0   0   0   1 |     AAG   4   4   4   4   4   4 |     AGG   0   0   0   0   0   0
--------------------------------------------------------------------------------------------------------------------------------------
Val GTT   0   0   0   0   0   0 | Ala GCT   1   1   1   1   1   1 | Asp GAT   1   2   1   1   1   2 | Gly GGT   0   0   0   0   0   0
    GTC   1   1   1   0   1   1 |     GCC   1   1   1   1   1   1 |     GAC   2   2   2   2   2   2 |     GGC   1   2   1   1   1   1
    GTA   1   1   1   1   1   1 |     GCA   2   2   2   2   2   2 | Glu GAA   3   3   3   4   3   3 |     GGA   1   1   1   2   1   1
    GTG   2   2   2   2   2   2 |     GCG   1   1   1   1   1   1 |     GAG   3   3   3   2   3   3 |     GGG   2   2   2   1   2   2
--------------------------------------------------------------------------------------------------------------------------------------

--------------------------------------------------------------------------------------------------------------------------------------
Phe TTT   1   1   1   1   1   1 | Ser TCT   1   0   1   1   1   1 | Tyr TAT   1   1   1   1   1   1 | Cys TGT   3   3   3   3   3   3
    TTC   0   0   0   0   0   0 |     TCC   0   0   0   0   0   0 |     TAC   0   0   0   0   0   0 |     TGC   0   0   0   0   0   0
Leu TTA   1   1   1   1   1   1 |     TCA   1   1   1   0   1   1 | *** TAA   0   0   0   0   0   0 | *** TGA   0   0   0   0   0   0
    TTG   0   0   0   0   0   0 |     TCG   0   1   0   0   0   0 |     TAG   0   0   0   0   0   0 | Trp TGG   0   0   0   0   0   0
--------------------------------------------------------------------------------------------------------------------------------------
Leu CTT   1   1   1   1   1   1 | Pro CCT   0   0   0   0   0   0 | His CAT   0   0   0   0   0   0 | Arg CGT   0   0   0   0   0   0
    CTC   0   0   0   0   0   0 |     CCC   1   1   1   1   1   1 |     CAC   1   1   1   1   1   1 |     CGC   0   0   0   0   0   0
    CTA   0   0   0   0   0   0 |     CCA   1   1   1   2   0   1 | Gln CAA   0   1   0   0   0   0 |     CGA   1   1   1   1   1   1
    CTG   2   2   2   2   2   2 |     CCG   0   0   0   0   1   0 |     CAG   2   1   2   2   2   2 |     CGG   0   0   0   0   0   0
--------------------------------------------------------------------------------------------------------------------------------------
Ile ATT   0   0   0   0   0   0 | Thr ACT   1   1   1   1   1   1 | Asn AAT   1   0   1   1   2   2 | Ser AGT   1   1   1   1   1   1
    ATC   1   1   1   1   1   1 |     ACC   2   2   2   2   2   2 |     AAC   0   1   0   1   0   0 |     AGC   2   2   1   2   2   2
    ATA   2   2   2   2   2   2 |     ACA   2   1   1   2   1   1 | Lys AAA   3   2   3   2   3   3 | Arg AGA   0   0   0   1   0   0
Met ATG   2   2   2   2   2   2 |     ACG   0   0   1   0   1   1 |     AAG   4   5   4   4   4   4 |     AGG   0   0   0   0   0   0
--------------------------------------------------------------------------------------------------------------------------------------
Val GTT   0   0   0   0   0   0 | Ala GCT   1   1   1   1   1   1 | Asp GAT   2   2   2   1   1   1 | Gly GGT   0   0   0   0   0   0
    GTC   1   1   1   0   1   1 |     GCC   1   1   1   1   1   1 |     GAC   2   2   2   2   2   2 |     GGC   1   1   2   1   1   1
    GTA   1   2   0   1   1   1 |     GCA   2   2   2   2   2   2 | Glu GAA   3   3   3   3   3   3 |     GGA   2   1   1   1   1   1
    GTG   2   1   3   3   2   2 |     GCG   1   2   1   1   1   1 |     GAG   3   3   3   3   3   3 |     GGG   1   2   2   2   2   2
--------------------------------------------------------------------------------------------------------------------------------------

Codon position x base (3x4) table for each sequence.

#1: Argali         
position  1:    T:0.13115    C:0.14754    A:0.34426    G:0.37705
position  2:    T:0.22951    C:0.22951    A:0.36066    G:0.18033
position  3:    T:0.19672    C:0.19672    A:0.26230    G:0.34426
Average         T:0.18579    C:0.19126    A:0.32240    G:0.30055

#2: LesserMouseDeer
position  1:    T:0.11475    C:0.16393    A:0.34426    G:0.37705
position  2:    T:0.24590    C:0.21311    A:0.36066    G:0.18033
position  3:    T:0.18033    C:0.21311    A:0.29508    G:0.31148
Average         T:0.18033    C:0.19672    A:0.33333    G:0.28962

#3: LesserKudu     
position  1:    T:0.13115    C:0.14754    A:0.36066    G:0.36066
position  2:    T:0.22951    C:0.22951    A:0.36066    G:0.18033
position  3:    T:0.21311    C:0.19672    A:0.26230    G:0.32787
Average         T:0.19126    C:0.19126    A:0.32787    G:0.28962

#4: ForestMuskDeer2
position  1:    T:0.11475    C:0.16393    A:0.36066    G:0.36066
position  2:    T:0.22951    C:0.22951    A:0.34426    G:0.19672
position  3:    T:0.21311    C:0.18033    A:0.29508    G:0.31148
Average         T:0.18579    C:0.19126    A:0.33333    G:0.28962

#5: Camel          
position  1:    T:0.11475    C:0.16393    A:0.32787    G:0.39344
position  2:    T:0.22951    C:0.22951    A:0.36066    G:0.18033
position  3:    T:0.24590    C:0.18033    A:0.24590    G:0.32787
Average         T:0.19672    C:0.19126    A:0.31148    G:0.30055

#6: KillerWhale    
position  1:    T:0.11475    C:0.16393    A:0.32787    G:0.39344
position  2:    T:0.22951    C:0.22951    A:0.36066    G:0.18033
position  3:    T:0.24590    C:0.19672    A:0.26230    G:0.29508
Average         T:0.19672    C:0.19672    A:0.31694    G:0.28962

#7: DefassaWaterbuck
position  1:    T:0.11475    C:0.16393    A:0.34426    G:0.37705
position  2:    T:0.22951    C:0.22951    A:0.34426    G:0.19672
position  3:    T:0.21311    C:0.19672    A:0.29508    G:0.29508
Average         T:0.18579    C:0.19672    A:0.32787    G:0.28962

#8: Sheep          
position  1:    T:0.13115    C:0.14754    A:0.34426    G:0.37705
position  2:    T:0.22951    C:0.22951    A:0.36066    G:0.18033
position  3:    T:0.19672    C:0.19672    A:0.26230    G:0.34426
Average         T:0.18579    C:0.19126    A:0.32240    G:0.30055

#9: MaxwellsDuiker 
position  1:    T:0.13115    C:0.14754    A:0.34426    G:0.37705
position  2:    T:0.22951    C:0.22951    A:0.36066    G:0.18033
position  3:    T:0.21311    C:0.19672    A:0.27869    G:0.31148
Average         T:0.19126    C:0.19126    A:0.32787    G:0.28962

#10: GazellaPrzewalskyi
position  1:    T:0.13115    C:0.14754    A:0.31148    G:0.40984
position  2:    T:0.22951    C:0.22951    A:0.36066    G:0.18033
position  3:    T:0.21311    C:0.21311    A:0.29508    G:0.27869
Average         T:0.19126    C:0.19672    A:0.32240    G:0.28962

#11: MountainNyala  
position  1:    T:0.13115    C:0.14754    A:0.36066    G:0.36066
position  2:    T:0.22951    C:0.22951    A:0.36066    G:0.18033
position  3:    T:0.21311    C:0.19672    A:0.26230    G:0.32787
Average         T:0.19126    C:0.19126    A:0.32787    G:0.28962

#12: MuntiacusMuntjak
position  1:    T:0.11475    C:0.16393    A:0.36066    G:0.36066
position  2:    T:0.22951    C:0.22951    A:0.36066    G:0.18033
position  3:    T:0.21311    C:0.21311    A:0.29508    G:0.27869
Average         T:0.18579    C:0.20219    A:0.33880    G:0.27322

#13: goat           
position  1:    T:0.13115    C:0.14754    A:0.34426    G:0.37705
position  2:    T:0.22951    C:0.22951    A:0.36066    G:0.18033
position  3:    T:0.21311    C:0.19672    A:0.27869    G:0.31148
Average         T:0.19126    C:0.19126    A:0.32787    G:0.28962

#14: AfricanBuffalo 
position  1:    T:0.13115    C:0.14754    A:0.36066    G:0.36066
position  2:    T:0.22951    C:0.22951    A:0.36066    G:0.18033
position  3:    T:0.22951    C:0.18033    A:0.27869    G:0.31148
Average         T:0.19672    C:0.18579    A:0.33333    G:0.28415

#15: Topi           
position  1:    T:0.13115    C:0.14754    A:0.34426    G:0.37705
position  2:    T:0.22951    C:0.22951    A:0.36066    G:0.18033
position  3:    T:0.19672    C:0.21311    A:0.27869    G:0.31148
Average         T:0.18579    C:0.19672    A:0.32787    G:0.28962

#16: CommonDuiker   
position  1:    T:0.13115    C:0.14754    A:0.34426    G:0.37705
position  2:    T:0.22951    C:0.22951    A:0.36066    G:0.18033
position  3:    T:0.21311    C:0.19672    A:0.27869    G:0.31148
Average         T:0.19126    C:0.19126    A:0.32787    G:0.28962

#17: Suni           
position  1:    T:0.13115    C:0.14754    A:0.34426    G:0.37705
position  2:    T:0.22951    C:0.22951    A:0.34426    G:0.19672
position  3:    T:0.19672    C:0.21311    A:0.24590    G:0.34426
Average         T:0.18579    C:0.19672    A:0.31148    G:0.30601

#18: Springbuck     
position  1:    T:0.13115    C:0.14754    A:0.34426    G:0.37705
position  2:    T:0.22951    C:0.22951    A:0.36066    G:0.18033
position  3:    T:0.21311    C:0.19672    A:0.27869    G:0.31148
Average         T:0.19126    C:0.19126    A:0.32787    G:0.28962

#19: Okapi          
position  1:    T:0.11475    C:0.16393    A:0.36066    G:0.36066
position  2:    T:0.22951    C:0.22951    A:0.36066    G:0.18033
position  3:    T:0.22951    C:0.18033    A:0.31148    G:0.27869
Average         T:0.19126    C:0.19126    A:0.34426    G:0.27322

#20: Giraffe        
position  1:    T:0.11475    C:0.16393    A:0.36066    G:0.36066
position  2:    T:0.22951    C:0.22951    A:0.36066    G:0.18033
position  3:    T:0.21311    C:0.19672    A:0.29508    G:0.29508
Average         T:0.18579    C:0.19672    A:0.33880    G:0.27869

#21: TibetanAntelope
position  1:    T:0.13115    C:0.14754    A:0.34426    G:0.37705
position  2:    T:0.22951    C:0.22951    A:0.36066    G:0.18033
position  3:    T:0.21311    C:0.19672    A:0.27869    G:0.31148
Average         T:0.19126    C:0.19126    A:0.32787    G:0.28962

#22: Sitatunga      
position  1:    T:0.13115    C:0.14754    A:0.36066    G:0.36066
position  2:    T:0.22951    C:0.22951    A:0.36066    G:0.18033
position  3:    T:0.21311    C:0.19672    A:0.26230    G:0.32787
Average         T:0.19126    C:0.19126    A:0.32787    G:0.28962

#23: Oribi          
position  1:    T:0.13115    C:0.14754    A:0.34426    G:0.37705
position  2:    T:0.22951    C:0.22951    A:0.36066    G:0.18033
position  3:    T:0.22951    C:0.19672    A:0.27869    G:0.29508
Average         T:0.19672    C:0.19126    A:0.32787    G:0.28415

#24: BarbarySheep   
position  1:    T:0.13115    C:0.14754    A:0.34426    G:0.37705
position  2:    T:0.22951    C:0.22951    A:0.36066    G:0.18033
position  3:    T:0.21311    C:0.19672    A:0.26230    G:0.32787
Average         T:0.19126    C:0.19126    A:0.32240    G:0.29508

#25: Daviddeer      
position  1:    T:0.11475    C:0.16393    A:0.36066    G:0.36066
position  2:    T:0.22951    C:0.22951    A:0.36066    G:0.18033
position  3:    T:0.22951    C:0.19672    A:0.27869    G:0.29508
Average         T:0.19126    C:0.19672    A:0.33333    G:0.27869

#26: Reindeer       
position  1:    T:0.11475    C:0.16393    A:0.37705    G:0.34426
position  2:    T:0.22951    C:0.22951    A:0.36066    G:0.18033
position  3:    T:0.21311    C:0.21311    A:0.31148    G:0.26230
Average         T:0.18579    C:0.20219    A:0.34973    G:0.26230

#27: Ibex           
position  1:    T:0.13115    C:0.14754    A:0.34426    G:0.37705
position  2:    T:0.22951    C:0.22951    A:0.36066    G:0.18033
position  3:    T:0.21311    C:0.19672    A:0.27869    G:0.31148
Average         T:0.19126    C:0.19126    A:0.32787    G:0.28962

#28: GyrantGazelle  
position  1:    T:0.13115    C:0.14754    A:0.34426    G:0.37705
position  2:    T:0.22951    C:0.22951    A:0.36066    G:0.18033
position  3:    T:0.21311    C:0.19672    A:0.27869    G:0.31148
Average         T:0.19126    C:0.19126    A:0.32787    G:0.28962

#29: Hartebeest     
position  1:    T:0.13115    C:0.14754    A:0.34426    G:0.37705
position  2:    T:0.22951    C:0.22951    A:0.36066    G:0.18033
position  3:    T:0.21311    C:0.19672    A:0.27869    G:0.31148
Average         T:0.19126    C:0.19126    A:0.32787    G:0.28962

#30: Bongo          
position  1:    T:0.13115    C:0.14754    A:0.36066    G:0.36066
position  2:    T:0.22951    C:0.22951    A:0.36066    G:0.18033
position  3:    T:0.21311    C:0.19672    A:0.26230    G:0.32787
Average         T:0.19126    C:0.19126    A:0.32787    G:0.28962

#31: Gerenuk        
position  1:    T:0.13115    C:0.14754    A:0.34426    G:0.37705
position  2:    T:0.22951    C:0.22951    A:0.36066    G:0.18033
position  3:    T:0.22951    C:0.16393    A:0.27869    G:0.32787
Average         T:0.19672    C:0.18033    A:0.32787    G:0.29508

#32: CommonEland    
position  1:    T:0.13115    C:0.14754    A:0.36066    G:0.36066
position  2:    T:0.22951    C:0.22951    A:0.36066    G:0.18033
position  3:    T:0.21311    C:0.19672    A:0.26230    G:0.32787
Average         T:0.19126    C:0.19126    A:0.32787    G:0.28962

#33: MuntiacusReevesi
position  1:    T:0.11475    C:0.16393    A:0.36066    G:0.36066
position  2:    T:0.22951    C:0.22951    A:0.36066    G:0.18033
position  3:    T:0.21311    C:0.21311    A:0.27869    G:0.29508
Average         T:0.18579    C:0.20219    A:0.33333    G:0.27869

#34: HarveysDuiker  
position  1:    T:0.13115    C:0.14754    A:0.34426    G:0.37705
position  2:    T:0.22951    C:0.22951    A:0.36066    G:0.18033
position  3:    T:0.21311    C:0.19672    A:0.27869    G:0.31148
Average         T:0.19126    C:0.19126    A:0.32787    G:0.28962

#35: Pronghorn      
position  1:    T:0.11475    C:0.16393    A:0.36066    G:0.36066
position  2:    T:0.22951    C:0.22951    A:0.34426    G:0.19672
position  3:    T:0.19672    C:0.21311    A:0.27869    G:0.31148
Average         T:0.18033    C:0.20219    A:0.32787    G:0.28962

#36: BlueWildebeest 
position  1:    T:0.13115    C:0.14754    A:0.34426    G:0.37705
position  2:    T:0.22951    C:0.22951    A:0.36066    G:0.18033
position  3:    T:0.21311    C:0.19672    A:0.29508    G:0.29508
Average         T:0.19126    C:0.19126    A:0.33333    G:0.28415

#37: Gemsbok        
position  1:    T:0.13115    C:0.14754    A:0.34426    G:0.37705
position  2:    T:0.22951    C:0.22951    A:0.36066    G:0.18033
position  3:    T:0.21311    C:0.19672    A:0.27869    G:0.31148
Average         T:0.19126    C:0.19126    A:0.32787    G:0.28962

#38: Yak            
position  1:    T:0.13115    C:0.14754    A:0.36066    G:0.36066
position  2:    T:0.22951    C:0.22951    A:0.36066    G:0.18033
position  3:    T:0.21311    C:0.19672    A:0.29508    G:0.29508
Average         T:0.19126    C:0.19126    A:0.33880    G:0.27869

#39: BlueSheep      
position  1:    T:0.13115    C:0.14754    A:0.34426    G:0.37705
position  2:    T:0.22951    C:0.22951    A:0.36066    G:0.18033
position  3:    T:0.21311    C:0.19672    A:0.26230    G:0.32787
Average         T:0.19126    C:0.19126    A:0.32240    G:0.29508

#40: BohorReedbuck  
position  1:    T:0.11475    C:0.16393    A:0.34426    G:0.37705
position  2:    T:0.22951    C:0.22951    A:0.34426    G:0.19672
position  3:    T:0.21311    C:0.19672    A:0.27869    G:0.31148
Average         T:0.18579    C:0.19672    A:0.32240    G:0.29508

#41: KirksDik       
position  1:    T:0.13115    C:0.14754    A:0.34426    G:0.37705
position  2:    T:0.22951    C:0.22951    A:0.36066    G:0.18033
position  3:    T:0.21311    C:0.19672    A:0.27869    G:0.31148
Average         T:0.19126    C:0.19126    A:0.32787    G:0.28962

#42: RoeDeer        
position  1:    T:0.11475    C:0.16393    A:0.36066    G:0.36066
position  2:    T:0.22951    C:0.22951    A:0.36066    G:0.18033
position  3:    T:0.21311    C:0.21311    A:0.27869    G:0.29508
Average         T:0.18579    C:0.20219    A:0.33333    G:0.27869

#43: WhiteLippedDeer
position  1:    T:0.11475    C:0.16393    A:0.36066    G:0.36066
position  2:    T:0.22951    C:0.22951    A:0.36066    G:0.18033
position  3:    T:0.21311    C:0.21311    A:0.27869    G:0.29508
Average         T:0.18579    C:0.20219    A:0.33333    G:0.27869

#44: ThomsonGazelle 
position  1:    T:0.11475    C:0.16393    A:0.32787    G:0.39344
position  2:    T:0.22951    C:0.22951    A:0.34426    G:0.19672
position  3:    T:0.21311    C:0.19672    A:0.27869    G:0.31148
Average         T:0.18579    C:0.19672    A:0.31694    G:0.30055

#45: MuntiacusCrinifrons
position  1:    T:0.11475    C:0.16393    A:0.36066    G:0.36066
position  2:    T:0.22951    C:0.22951    A:0.36066    G:0.18033
position  3:    T:0.21311    C:0.21311    A:0.27869    G:0.29508
Average         T:0.18579    C:0.20219    A:0.33333    G:0.27869

#46: WhiteTailedDeer
position  1:    T:0.11475    C:0.16393    A:0.37705    G:0.34426
position  2:    T:0.22951    C:0.22951    A:0.36066    G:0.18033
position  3:    T:0.21311    C:0.21311    A:0.31148    G:0.26230
Average         T:0.18579    C:0.20219    A:0.34973    G:0.26230

#47: Cattle         
position  1:    T:0.13115    C:0.14754    A:0.36066    G:0.36066
position  2:    T:0.22951    C:0.22951    A:0.36066    G:0.18033
position  3:    T:0.21311    C:0.19672    A:0.29508    G:0.29508
Average         T:0.19126    C:0.19126    A:0.33880    G:0.27869

#48: RoyalAntelope  
position  1:    T:0.13115    C:0.14754    A:0.34426    G:0.37705
position  2:    T:0.22951    C:0.22951    A:0.36066    G:0.18033
position  3:    T:0.22951    C:0.18033    A:0.27869    G:0.31148
Average         T:0.19672    C:0.18579    A:0.32787    G:0.28962

#49: Steenbok       
position  1:    T:0.13115    C:0.14754    A:0.34426    G:0.37705
position  2:    T:0.22951    C:0.22951    A:0.36066    G:0.18033
position  3:    T:0.21311    C:0.19672    A:0.31148    G:0.27869
Average         T:0.19126    C:0.19126    A:0.33880    G:0.27869

#50: Impala         
position  1:    T:0.13115    C:0.14754    A:0.32787    G:0.39344
position  2:    T:0.22951    C:0.22951    A:0.36066    G:0.18033
position  3:    T:0.18033    C:0.21311    A:0.29508    G:0.31148
Average         T:0.18033    C:0.19672    A:0.32787    G:0.29508

#51: Klipspringer   
position  1:    T:0.13115    C:0.14754    A:0.32787    G:0.39344
position  2:    T:0.22951    C:0.22951    A:0.36066    G:0.18033
