1
52 1
Argali 0.000000 0.564000 0.061900 0.332900 0.076100 0.000000 0.093700 0.106100 0.061200 0.177900 0.059300 0.077300 0.091900 0.109500 0.108400 0.095700 0.110300 0.124600 0.060000 0.061200 0.061800 0.060700 0.230300 0.148400 0.044600 0.147300 0.093100 0.061500 0.094700 0.076800 0.125200 0.094500 0.133100 0.093100 0.076200 0.055500 0.044600 0.124700 0.093300 0.169700 0.170800 0.111500 0.130900 0.125900 0.055500 0.123100 0.076900 0.126700 0.091500 0.073400 0.077200 0.078800
LesserMous 0.564000 0.000000 0.525500 0.719900 0.524400 0.564000 0.483900 0.540600 0.535400 0.589300 0.558900 0.550600 0.572300 0.446800 0.529300 0.502400 0.529900 0.545400 0.479400 0.535400 0.538000 0.536900 0.714800 0.610900 0.529700 0.421800 0.566500 0.539000 0.506200 0.494500 0.531300 0.491200 0.561900 0.567400 0.512000 0.517000 0.529700 0.483800 0.556700 0.630600 0.671600 0.479600 0.584900 0.581700 0.517000 0.515500 0.539200 0.633200 0.494500 0.532600 0.567200 0.566700
LesserKudu 0.061900 0.525500 0.000000 0.252300 0.000800 0.061900 0.031200 0.035800 0.000100 0.108700 0.030300 0.015400 0.030600 0.046900 0.046200 0.064600 0.047000 0.064500 0.030100 0.000100 0.063600 0.016500 0.149400 0.075200 0.015200 0.116400 0.031100 0.000100 0.064100 0.015400 0.050300 0.031500 0.064800 0.031000 0.015200 0.000300 0.015200 0.054800 0.063200 0.094200 0.094700 0.080600 0.058600 0.058800 0.000300 0.060900 0.015200 0.062700 0.030300 0.042300 0.015500 0.015700
KillerWhal 0.332900 0.719900 0.252300 0.000000 0.267400 0.332900 0.298600 0.311100 0.259000 0.345300 0.291900 0.278800 0.303400 0.274700 0.314200 0.335500 0.267500 0.280500 0.295100 0.259000 0.338900 0.269900 0.450300 0.341900 0.274200 0.363100 0.297000 0.260400 0.342800 0.279100 0.286000 0.302200 0.324000 0.296700 0.272900 0.262700 0.274200 0.329600 0.334900 0.359200 0.373300 0.361800 0.321300 0.284400 0.262700 0.288700 0.274200 0.341100 0.240900 0.266000 0.281100 0.275700
DefassaWat 0.076100 0.524400 0.000800 0.267400 0.000000 0.076100 0.045700 0.055700 0.000900 0.121700 0.044400 0.020700 0.044900 0.061000 0.060400 0.079400 0.055300 0.072900 0.045100 0.000900 0.076500 0.045700 0.162700 0.089000 0.029700 0.130200 0.045500 0.000900 0.078500 0.018500 0.065100 0.043300 0.072300 0.045500 0.029800 0.000600 0.029700 0.044700 0.077400 0.107800 0.108500 0.095100 0.072500 0.073200 0.000600 0.075200 0.030000 0.076900 0.044700 0.057800 0.018700 0.019900
Sheep 0.000000 0.564000 0.061900 0.332900 0.076100 0.000000 0.093700 0.106100 0.061200 0.177900 0.059300 0.077300 0.091900 0.109500 0.108400 0.095700 0.110300 0.124600 0.060000 0.061200 0.061800 0.060700 0.230300 0.148400 0.044600 0.147300 0.093100 0.061500 0.094700 0.076800 0.125200 0.094500 0.133100 0.093100 0.076200 0.055500 0.044600 0.124700 0.093300 0.169700 0.170800 0.111500 0.130900 0.125900 0.055500 0.123100 0.076900 0.126700 0.091500 0.073400 0.077200 0.078800
MaxwellsDu 0.093700 0.483900 0.031200 0.298600 0.045700 0.093700 0.000000 0.074800 0.030900 0.151300 0.060700 0.046500 0.061400 0.014900 0.077500 0.097900 0.079000 0.097500 0.061700 0.030900 0.096300 0.062500 0.197000 0.116600 0.045700 0.150600 0.062200 0.031100 0.096700 0.046400 0.093300 0.000000 0.100600 0.062100 0.045700 0.031100 0.045700 0.093400 0.095200 0.137200 0.138200 0.114000 0.099000 0.100500 0.031100 0.092300 0.046000 0.094600 0.061000 0.076400 0.046700 0.047600
GazellaPrz 0.106100 0.540600 0.035800 0.311100 0.055700 0.106100 0.074800 0.000000 0.035000 0.162900 0.071100 0.053900 0.071100 0.091400 0.055800 0.098500 0.088300 0.107200 0.072900 0.035000 0.110200 0.071800 0.198600 0.127700 0.054500 0.131600 0.072800 0.035000 0.103200 0.052200 0.101700 0.074800 0.108200 0.073400 0.054800 0.036400 0.054500 0.106700 0.078000 0.149800 0.150400 0.129600 0.108700 0.109500 0.036400 0.104400 0.030100 0.106800 0.073100 0.083300 0.052400 0.054000
MountainNy 0.061200 0.535400 0.000100 0.259000 0.000900 0.061200 0.030900 0.035000 0.000000 0.107500 0.030000 0.015300 0.030300 0.046400 0.045700 0.063900 0.046500 0.063600 0.029700 0.000000 0.062800 0.017700 0.148000 0.074300 0.015000 0.115000 0.030700 0.000000 0.063300 0.015100 0.058100 0.031100 0.064100 0.030700 0.015000 0.000400 0.015000 0.053500 0.062500 0.093100 0.093900 0.079700 0.057900 0.058100 0.000400 0.060100 0.015000 0.062000 0.030000 0.041200 0.015200 0.015600
MuntiacusM 0.177900 0.589300 0.108700 0.345300 0.121700 0.177900 0.151300 0.162900 0.107500 0.000000 0.146100 0.124900 0.147400 0.168500 0.132800 0.186900 0.127400 0.147200 0.147900 0.107500 0.186200 0.134400 0.163300 0.092200 0.129900 0.246300 0.148900 0.108000 0.185400 0.089200 0.076300 0.144000 0.154100 0.149100 0.130600 0.109400 0.129900 0.138100 0.180800 0.109900 0.110600 0.204800 0.045100 0.078200 0.109400 0.146000 0.130000 0.186100 0.147000 0.131300 0.124600 0.127400
goat 0.059300 0.558900 0.030300 0.291900 0.044400 0.059300 0.060700 0.071100 0.030000 0.146100 0.000000 0.045200 0.029400 0.076000 0.075300 0.094900 0.076800 0.094500 0.029200 0.030000 0.093300 0.029700 0.189600 0.111900 0.014500 0.145500 0.029800 0.030200 0.093800 0.045100 0.088400 0.061300 0.097300 0.029800 0.044500 0.030200 0.014500 0.090900 0.092400 0.131900 0.132900 0.110300 0.094900 0.095800 0.030200 0.089900 0.044700 0.060500 0.059400 0.073500 0.045400 0.046200
AfricanBuf 0.077300 0.550600 0.015400 0.278800 0.020700 0.077300 0.046500 0.053900 0.015300 0.124900 0.045200 0.000000 0.045700 0.062100 0.061400 0.080400 0.062500 0.080500 0.045700 0.015300 0.079300 0.046300 0.166000 0.057700 0.030200 0.132400 0.046300 0.015400 0.079900 0.030600 0.069000 0.046900 0.059500 0.046300 0.030300 0.015400 0.030200 0.072500 0.078700 0.110600 0.111100 0.096500 0.075200 0.076400 0.015400 0.076200 0.030400 0.078000 0.045400 0.059300 0.030800 0.031400
Topi 0.091900 0.572300 0.030600 0.303400 0.044900 0.091900 0.061400 0.071100 0.030300 0.147400 0.029400 0.045700 0.000000 0.076800 0.076100 0.095800 0.077500 0.095500 0.062900 0.030300 0.094400 0.066600 0.192200 0.113200 0.044900 0.147200 0.000200 0.030500 0.098500 0.045600 0.095900 0.062000 0.097500 0.000100 0.044900 0.030600 0.044900 0.091700 0.093300 0.133500 0.134500 0.111500 0.095800 0.096800 0.030600 0.090700 0.045200 0.060900 0.059900 0.073500 0.045800 0.046700
CommonDuik 0.109500 0.446800 0.046900 0.274700 0.061000 0.109500 0.014900 0.091400 0.046400 0.168500 0.076000 0.062100 0.076800 0.000000 0.093100 0.114500 0.095000 0.114000 0.077200 0.046400 0.112700 0.078300 0.215200 0.133600 0.061100 0.131200 0.077900 0.046700 0.113100 0.062000 0.110700 0.015100 0.117900 0.077800 0.061100 0.046700 0.061100 0.109200 0.111300 0.154600 0.155700 0.130600 0.116000 0.118100 0.046700 0.108000 0.061400 0.110600 0.044900 0.092600 0.062300 0.063500
Suni 0.108400 0.529300 0.046200 0.314200 0.060400 0.108400 0.077500 0.055800 0.045700 0.132800 0.075300 0.061400 0.076100 0.093100 0.000000 0.113400 0.094000 0.112300 0.076500 0.045700 0.111300 0.077400 0.194300 0.133700 0.060400 0.130500 0.077100 0.046000 0.112200 0.061200 0.112000 0.078200 0.116400 0.077100 0.060500 0.045900 0.060400 0.108000 0.110200 0.154600 0.155600 0.129200 0.081700 0.117900 0.045900 0.075100 0.060800 0.109400 0.075600 0.091500 0.061600 0.062800
Springbuck 0.095700 0.502400 0.064600 0.335500 0.079400 0.095700 0.097900 0.098500 0.063900 0.186900 0.094900 0.080400 0.095800 0.114500 0.113400 0.000000 0.080400 0.095800 0.096200 0.063900 0.031300 0.086200 0.193400 0.153300 0.079300 0.048200 0.097200 0.064300 0.000200 0.080200 0.129500 0.098800 0.100200 0.097100 0.079500 0.060300 0.079300 0.129900 0.017900 0.176000 0.177000 0.015500 0.135600 0.133000 0.060300 0.128400 0.072300 0.131600 0.095400 0.075600 0.080500 0.082300
Okapi 0.110300 0.529900 0.047000 0.267500 0.055300 0.110300 0.079000 0.088300 0.046500 0.127400 0.076800 0.062500 0.077500 0.095000 0.094000 0.080400 0.000000 0.015400 0.077800 0.046500 0.113300 0.067200 0.132100 0.094400 0.061500 0.132400 0.078600 0.046800 0.080000 0.062200 0.078300 0.079800 0.052900 0.078500 0.061600 0.047100 0.061500 0.106100 0.112200 0.113000 0.113700 0.096700 0.078200 0.080000 0.047100 0.108700 0.061900 0.111400 0.076800 0.062700 0.062600 0.063900
Giraffe 0.124600 0.545400 0.064500 0.280500 0.072900 0.124600 0.097500 0.107200 0.063600 0.147200 0.094500 0.080500 0.095500 0.114000 0.112300 0.095800 0.015400 0.000000 0.096000 0.063600 0.131000 0.079700 0.152900 0.113100 0.078900 0.151300 0.096900 0.064000 0.095700 0.079900 0.091400 0.098500 0.070500 0.096900 0.079100 0.064500 0.078900 0.125000 0.127400 0.132800 0.133500 0.113700 0.096200 0.102900 0.064500 0.128000 0.079300 0.130900 0.094700 0.075400 0.080400 0.082100
TibetanAnt 0.060000 0.479400 0.030100 0.295100 0.045100 0.060000 0.061700 0.072900 0.029700 0.147900 0.029200 0.045700 0.062900 0.077200 0.076500 0.096200 0.077800 0.096000 0.000000 0.029700 0.094900 0.029800 0.175100 0.095900 0.014500 0.113300 0.063900 0.029800 0.094300 0.045300 0.088200 0.062300 0.095700 0.064000 0.045200 0.030300 0.014500 0.092300 0.093700 0.133500 0.117600 0.078900 0.095600 0.096600 0.030300 0.090900 0.045300 0.077200 0.048400 0.072900 0.045500 0.046500
Sitatunga 0.061200 0.535400 0.000100 0.259000 0.000900 0.061200 0.030900 0.035000 0.000000 0.107500 0.030000 0.015300 0.030300 0.046400 0.045700 0.063900 0.046500 0.063600 0.029700 0.000000 0.062800 0.017700 0.148000 0.074300 0.015000 0.115000 0.030700 0.000000 0.063300 0.015100 0.058100 0.031100 0.064100 0.030700 0.015000 0.000400 0.015000 0.053500 0.062500 0.093100 0.093900 0.079700 0.057900 0.058100 0.000400 0.060100 0.015000 0.062000 0.030000 0.041200 0.015200 0.015600
Oribi 0.061800 0.538000 0.063600 0.338900 0.076500 0.061800 0.096300 0.110200 0.062800 0.186200 0.093300 0.079300 0.094400 0.112700 0.111300 0.031300 0.113300 0.131000 0.094900 0.062800 0.000000 0.096300 0.239100 0.153700 0.078100 0.080900 0.095900 0.063200 0.031000 0.078900 0.130000 0.096900 0.136400 0.095800 0.078300 0.060100 0.078100 0.126900 0.030600 0.175900 0.176800 0.047000 0.135400 0.134400 0.060100 0.126600 0.078800 0.130000 0.093900 0.074900 0.079200 0.080900
BarbaryShe 0.060700 0.536900 0.016500 0.269900 0.045700 0.060700 0.062500 0.071800 0.017700 0.134400 0.029700 0.046300 0.066600 0.078300 0.077400 0.086200 0.067200 0.079700 0.029800 0.017700 0.096300 0.000000 0.179400 0.098400 0.014900 0.150300 0.062100 0.017700 0.096500 0.035400 0.056200 0.063100 0.081500 0.062100 0.045700 0.031000 0.014900 0.093500 0.095100 0.119400 0.119500 0.113800 0.079300 0.080300 0.031000 0.092100 0.046000 0.094500 0.050200 0.052300 0.035600 0.033500
Daviddeer 0.230300 0.714800 0.149400 0.450300 0.162700 0.230300 0.197000 0.198600 0.148000 0.163300 0.189600 0.166000 0.192200 0.215200 0.194300 0.193400 0.132100 0.152900 0.175100 0.148000 0.239100 0.179400 0.000000 0.095200 0.172700 0.262900 0.194200 0.148900 0.172700 0.165000 0.112300 0.187800 0.159900 0.194400 0.173500 0.149500 0.172700 0.218300 0.215500 0.148700 0.046700 0.218300 0.112300 0.115200 0.149500 0.227300 0.155200 0.193700 0.153400 0.179000 0.166100 0.150600
Reindeer 0.148400 0.610900 0.075200 0.341900 0.089000 0.148400 0.116600 0.127700 0.074300 0.092200 0.111900 0.057700 0.113200 0.133600 0.133700 0.153300 0.094400 0.113100 0.095900 0.074300 0.153700 0.098400 0.095200 0.000000 0.095800 0.212100 0.114200 0.074600 0.134200 0.090500 0.045300 0.110100 0.094300 0.114500 0.096600 0.075600 0.095800 0.139800 0.151300 0.077500 0.046100 0.171300 0.045300 0.046300 0.075600 0.146800 0.096300 0.114200 0.078300 0.101400 0.091100 0.093300
Ibex 0.044600 0.529700 0.015200 0.274200 0.029700 0.044600 0.045700 0.054500 0.015000 0.129900 0.014500 0.030200 0.044900 0.061100 0.060400 0.079300 0.061500 0.078900 0.014500 0.015000 0.078100 0.014900 0.172700 0.095800 0.000000 0.130000 0.045500 0.015100 0.078500 0.030100 0.071200 0.046100 0.080300 0.045500 0.029800 0.015100 0.000000 0.076000 0.077300 0.115500 0.116300 0.095000 0.078600 0.079000 0.015100 0.075000 0.029900 0.077000 0.044700 0.057200 0.030300 0.030900
GyrantGaze 0.147300 0.421800 0.116400 0.363100 0.130200 0.147300 0.150600 0.131600 0.115000 0.246300 0.145500 0.132400 0.147200 0.131200 0.130500 0.048200 0.132400 0.151300 0.113300 0.115000 0.080900 0.150300 0.262900 0.212100 0.130000 0.000000 0.149400 0.115800 0.047700 0.132000 0.189000 0.152100 0.157200 0.149300 0.128900 0.113200 0.130000 0.182800 0.079700 0.236900 0.238400 0.031800 0.193200 0.194200 0.113200 0.181100 0.131300 0.186000 0.111500 0.128700 0.132500 0.135500
Hartebeest 0.093100 0.566500 0.031100 0.297000 0.045500 0.093100 0.062200 0.072800 0.030700 0.148900 0.029800 0.046300 0.000200 0.077900 0.077100 0.097200 0.078600 0.096900 0.063900 0.030700 0.095900 0.062100 0.194200 0.114200 0.045500 0.149400 0.000000 0.031000 0.100400 0.046200 0.089100 0.062800 0.098800 0.000000 0.045500 0.031000 0.045500 0.092900 0.094600 0.134800 0.135700 0.113100 0.096500 0.097500 0.031000 0.091900 0.045800 0.061800 0.060800 0.074800 0.046500 0.047400
Bongo 0.061500 0.539000 0.000100 0.260400 0.000900 0.061500 0.031100 0.035000 0.000000 0.108000 0.030200 0.015400 0.030500 0.046700 0.046000 0.064300 0.046800 0.064000 0.029800 0.000000 0.063200 0.017700 0.148900 0.074600 0.015100 0.115800 0.031000 0.000000 0.063800 0.015300 0.058300 0.031400 0.064200 0.030900 0.015100 0.000400 0.015100 0.053600 0.062900 0.093500 0.094400 0.080200 0.058100 0.058200 0.000400 0.060500 0.015100 0.062400 0.030100 0.041200 0.015400 0.015700
Gerenuk 0.094700 0.506200 0.064100 0.342800 0.078500 0.094700 0.096700 0.103200 0.063300 0.185400 0.093800 0.079900 0.098500 0.113100 0.112200 0.000200 0.080000 0.095700 0.094300 0.063300 0.031000 0.096500 0.172700 0.134200 0.078500 0.047700 0.100400 0.063800 0.000000 0.079600 0.128200 0.097600 0.099400 0.100700 0.078800 0.060000 0.078500 0.128400 0.018600 0.174600 0.157100 0.015400 0.134400 0.131800 0.060000 0.127000 0.073200 0.113000 0.084600 0.075200 0.079900 0.081600
CommonElan 0.076800 0.494500 0.015400 0.279100 0.018500 0.076800 0.046400 0.052200 0.015100 0.089200 0.045100 0.030600 0.045600 0.062000 0.061200 0.080200 0.062200 0.079900 0.045300 0.015100 0.078900 0.035400 0.165000 0.090500 0.030100 0.132000 0.046200 0.015300 0.079600 0.000000 0.074300 0.046800 0.081400 0.046100 0.030100 0.015300 0.030100 0.035800 0.078400 0.109500 0.110300 0.096100 0.074100 0.075000 0.015300 0.075600 0.030300 0.077800 0.045200 0.057900 0.030500 0.031200
MuntiacusR 0.125200 0.531300 0.050300 0.286000 0.065100 0.125200 0.093300 0.101700 0.058100 0.076300 0.088400 0.069000 0.095900 0.110700 0.112000 0.129500 0.078300 0.091400 0.088200 0.058100 0.130000 0.056200 0.112300 0.045300 0.071200 0.189000 0.089100 0.058300 0.128200 0.074300 0.000000 0.087800 0.102300 0.089700 0.072200 0.051600 0.071200 0.117900 0.127400 0.061700 0.062100 0.148300 0.029900 0.030800 0.051600 0.123900 0.071000 0.126100 0.089200 0.077600 0.074800 0.069900
HarveysDui 0.094500 0.491200 0.031500 0.302200 0.043300 0.094500 0.000000 0.074800 0.031100 0.144000 0.061300 0.046900 0.062000 0.015100 0.078200 0.098800 0.079800 0.098500 0.062300 0.031100 0.096900 0.063100 0.187800 0.110100 0.046100 0.152100 0.062800 0.031400 0.097600 0.046800 0.087800 0.000000 0.102100 0.062700 0.046200 0.031400 0.046100 0.093100 0.096100 0.129900 0.130900 0.115100 0.093300 0.095000 0.031400 0.093300 0.046400 0.095600 0.061500 0.076800 0.047100 0.048000
Pronghorn 0.133100 0.561900 0.064800 0.324000 0.072300 0.133100 0.100600 0.108200 0.064100 0.154100 0.097300 0.059500 0.097500 0.117900 0.116400 0.100200 0.052900 0.070500 0.095700 0.064100 0.136400 0.081500 0.159900 0.094300 0.080300 0.157200 0.098800 0.064200 0.099400 0.081400 0.102300 0.102100 0.000000 0.099200 0.081100 0.065900 0.080300 0.127800 0.135000 0.103500 0.140000 0.118100 0.101800 0.096300 0.065900 0.095700 0.080500 0.134200 0.097400 0.085900 0.081900 0.083700
BlueWildeb 0.093100 0.567400 0.031000 0.296700 0.045500 0.093100 0.062100 0.073400 0.030700 0.149100 0.029800 0.046300 0.000100 0.077800 0.077100 0.097100 0.078500 0.096900 0.064000 0.030700 0.095800 0.062100 0.194400 0.114500 0.045500 0.149300 0.000000 0.030900 0.100700 0.046100 0.089700 0.062700 0.099200 0.000000 0.045500 0.031000 0.045500 0.092900 0.094500 0.135000 0.136000 0.113000 0.096800 0.097900 0.031000 0.091800 0.045700 0.061700 0.060700 0.075000 0.046400 0.047300
Gemsbok 0.076200 0.512000 0.015200 0.272900 0.029800 0.076200 0.045700 0.054800 0.015000 0.130600 0.044500 0.030300 0.044900 0.061100 0.060500 0.079500 0.061600 0.079100 0.045200 0.015000 0.078300 0.045700 0.173500 0.096600 0.029800 0.128900 0.045500 0.015100 0.078800 0.030100 0.072200 0.046200 0.081100 0.045500 0.000000 0.015200 0.029800 0.076000 0.077500 0.116300 0.117000 0.095200 0.079300 0.080000 0.015200 0.075100 0.030000 0.075300 0.044700 0.057500 0.030300 0.030800
Yak 0.055500 0.517000 0.000300 0.262700 0.000600 0.055500 0.031100 0.036400 0.000400 0.109400 0.030200 0.015400 0.030600 0.046700 0.045900 0.060300 0.047100 0.064500 0.030300 0.000400 0.060100 0.031000 0.149500 0.075600 0.015100 0.113200 0.031000 0.000400 0.060000 0.015300 0.051600 0.031400 0.065900 0.031000 0.015200 0.000000 0.015100 0.056000 0.056300 0.094400 0.095000 0.077500 0.059100 0.060200 0.000000 0.061000 0.015200 0.062600 0.030300 0.034100 0.015400 0.015700
BlueSheep 0.044600 0.529700 0.015200 0.274200 0.029700 0.044600 0.045700 0.054500 0.015000 0.129900 0.014500 0.030200 0.044900 0.061100 0.060400 0.079300 0.061500 0.078900 0.014500 0.015000 0.078100 0.014900 0.172700 0.095800 0.000000 0.130000 0.045500 0.015100 0.078500 0.030100 0.071200 0.046100 0.080300 0.045500 0.029800 0.015100 0.000000 0.076000 0.077300 0.115500 0.116300 0.095000 0.078600 0.079000 0.015100 0.075000 0.029900 0.077000 0.044700 0.057200 0.030300 0.030900
BohorReedb 0.124700 0.483800 0.054800 0.329600 0.044700 0.124700 0.093400 0.106700 0.053500 0.138100 0.090900 0.072500 0.091700 0.109200 0.108000 0.129900 0.106100 0.125000 0.092300 0.053500 0.126900 0.093500 0.218300 0.139800 0.076000 0.182800 0.092900 0.053600 0.128400 0.035800 0.117900 0.093100 0.127800 0.092900 0.076000 0.056000 0.076000 0.000000 0.126500 0.160000 0.161100 0.145600 0.123100 0.125600 0.056000 0.122900 0.076400 0.125800 0.091300 0.108100 0.070400 0.072800
KirksDik 0.093300 0.556700 0.063200 0.334900 0.077400 0.093300 0.095200 0.078000 0.062500 0.180800 0.092400 0.078700 0.093300 0.111300 0.110200 0.017900 0.112200 0.127400 0.093700 0.062500 0.030600 0.095100 0.215500 0.151300 0.077300 0.079700 0.094600 0.062900 0.018600 0.078400 0.127400 0.096100 0.135000 0.094500 0.077500 0.056300 0.077300 0.126500 0.000000 0.173100 0.174200 0.046300 0.133300 0.128400 0.056300 0.125100 0.045400 0.128300 0.092900 0.075000 0.078800 0.080400
RoeDeer 0.169700 0.630600 0.094200 0.359200 0.107800 0.169700 0.137200 0.149800 0.093100 0.109900 0.131900 0.110600 0.133500 0.154600 0.154600 0.176000 0.113000 0.132800 0.133500 0.093100 0.175900 0.119400 0.148700 0.077500 0.115500 0.236900 0.134800 0.093500 0.174600 0.109500 0.061700 0.129900 0.103500 0.135000 0.116300 0.094400 0.115500 0.160000 0.173100 0.000000 0.095900 0.194300 0.061700 0.063400 0.094400 0.131400 0.116300 0.171700 0.132800 0.121200 0.110300 0.112900
WhiteLippe 0.170800 0.671600 0.094700 0.373300 0.108500 0.170800 0.138200 0.150400 0.093900 0.110600 0.132900 0.111100 0.134500 0.155700 0.155600 0.177000 0.113700 0.133500 0.117600 0.093900 0.176800 0.119500 0.046700 0.046100 0.116300 0.238400 0.135700 0.094400 0.157100 0.110300 0.062100 0.130900 0.140000 0.136000 0.117000 0.095000 0.116300 0.161100 0.174200 0.095900 0.000000 0.195600 0.062100 0.063700 0.095000 0.168700 0.117000 0.135600 0.098100 0.121800 0.111100 0.095500
ThomsonGaz 0.111500 0.479600 0.080600 0.361800 0.095100 0.111500 0.114000 0.129600 0.079700 0.204800 0.110300 0.096500 0.111500 0.130600 0.129200 0.015500 0.096700 0.113700 0.078900 0.079700 0.047000 0.113800 0.218300 0.171300 0.095000 0.031800 0.113100 0.080200 0.015400 0.096100 0.148300 0.115100 0.118100 0.113000 0.095200 0.077500 0.095000 0.145600 0.046300 0.194300 0.195600 0.000000 0.153300 0.152300 0.077500 0.144100 0.095500 0.147500 0.110900 0.092600 0.096500 0.098600
MuntiacusC 0.130900 0.584900 0.058600 0.321300 0.072500 0.130900 0.099000 0.108700 0.057900 0.045100 0.094900 0.075200 0.095800 0.116000 0.081700 0.135600 0.078200 0.096200 0.095600 0.057900 0.135400 0.079300 0.112300 0.045300 0.078600 0.193200 0.096500 0.058100 0.134400 0.074100 0.029900 0.093300 0.101800 0.096800 0.079300 0.059100 0.078600 0.123100 0.133300 0.061700 0.062100 0.153300 0.000000 0.030700 0.059100 0.095000 0.078800 0.132200 0.095600 0.084000 0.074700 0.076600
WhiteTaile 0.125900 0.581700 0.058800 0.284400 0.073200 0.125900 0.100500 0.109500 0.058100 0.078200 0.095800 0.076400 0.096800 0.118100 0.117900 0.133000 0.080000 0.102900 0.096600 0.058100 0.134400 0.080300 0.115200 0.046300 0.079000 0.194200 0.097500 0.058200 0.131800 0.075000 0.030800 0.095000 0.096300 0.097900 0.080000 0.060200 0.079000 0.125600 0.128400 0.063400 0.063700 0.152300 0.030700 0.000000 0.060200 0.132200 0.079000 0.134400 0.096800 0.078500 0.075600 0.077600
Cattle 0.055500 0.517000 0.000300 0.262700 0.000600 0.055500 0.031100 0.036400 0.000400 0.109400 0.030200 0.015400 0.030600 0.046700 0.045900 0.060300 0.047100 0.064500 0.030300 0.000400 0.060100 0.031000 0.149500 0.075600 0.015100 0.113200 0.031000 0.000400 0.060000 0.015300 0.051600 0.031400 0.065900 0.031000 0.015200 0.000000 0.015100 0.056000 0.056300 0.094400 0.095000 0.077500 0.059100 0.060200 0.000000 0.061000 0.015200 0.062600 0.030300 0.034100 0.015400 0.015700
RoyalAntel 0.123100 0.515500 0.060900 0.288700 0.075200 0.123100 0.092300 0.104400 0.060100 0.146000 0.089900 0.076200 0.090700 0.108000 0.075100 0.128400 0.108700 0.128000 0.090900 0.060100 0.126600 0.092100 0.227300 0.146800 0.075000 0.181100 0.091900 0.060500 0.127000 0.075600 0.123900 0.093300 0.095700 0.091800 0.075100 0.061000 0.075000 0.122900 0.125100 0.131400 0.168700 0.144100 0.095000 0.132200 0.061000 0.000000 0.075500 0.124600 0.090300 0.106300 0.076100 0.077600
Steenbok 0.076900 0.539200 0.015200 0.274200 0.030000 0.076900 0.046000 0.030100 0.015000 0.130000 0.044700 0.030400 0.045200 0.061400 0.060800 0.072300 0.061900 0.079300 0.045300 0.015000 0.078800 0.046000 0.155200 0.096300 0.029900 0.131300 0.045800 0.015100 0.073200 0.030300 0.071000 0.046400 0.080500 0.045700 0.030000 0.015200 0.029900 0.076400 0.045400 0.116300 0.117000 0.095500 0.078800 0.079000 0.015200 0.075500 0.000000 0.077600 0.044900 0.057800 0.030500 0.031100
Impala 0.126700 0.633200 0.062700 0.341100 0.076900 0.126700 0.094600 0.106800 0.062000 0.186100 0.060500 0.078000 0.060900 0.110600 0.109400 0.131600 0.111400 0.130900 0.077200 0.062000 0.130000 0.094500 0.193700 0.114200 0.077000 0.186000 0.061800 0.062400 0.113000 0.077800 0.126100 0.095600 0.134200 0.061700 0.075300 0.062600 0.077000 0.125800 0.128300 0.171700 0.135600 0.147500 0.132200 0.134400 0.062600 0.124600 0.077600 0.000000 0.060700 0.108800 0.078300 0.079800
Klipspring 0.091500 0.494500 0.030300 0.240900 0.044700 0.091500 0.061000 0.073100 0.030000 0.147000 0.059400 0.045400 0.059900 0.044900 0.075600 0.095400 0.076800 0.094700 0.048400 0.030000 0.093900 0.050200 0.153400 0.078300 0.044700 0.111500 0.060800 0.030100 0.084600 0.045200 0.089200 0.061500 0.097400 0.060700 0.044700 0.030300 0.044700 0.091300 0.092900 0.132800 0.098100 0.110900 0.095600 0.096800 0.030300 0.090300 0.044900 0.060700 0.000000 0.073900 0.045400 0.046300
ForestMusk 0.073400 0.532600 0.042300 0.266000 0.057800 0.073400 0.076400 0.083300 0.041200 0.131300 0.073500 0.059300 0.073500 0.092600 0.091500 0.075600 0.062700 0.075400 0.072900 0.041200 0.074900 0.052300 0.179000 0.101400 0.057200 0.128700 0.074800 0.041200 0.075200 0.057900 0.077600 0.076800 0.085900 0.075000 0.057500 0.034100 0.057200 0.108100 0.075000 0.121200 0.121800 0.092600 0.084000 0.078500 0.034100 0.106300 0.057800 0.108800 0.073900 0.000000 0.058400 0.060500
Bushbuck 0.077200 0.567200 0.015500 0.281100 0.018700 0.077200 0.046700 0.052400 0.015200 0.124600 0.045400 0.030800 0.045800 0.062300 0.061600 0.080500 0.062600 0.080400 0.045500 0.015200 0.079200 0.035600 0.166100 0.091100 0.030300 0.132500 0.046500 0.015400 0.079900 0.030500 0.074800 0.047100 0.081900 0.046400 0.030300 0.015400 0.030300 0.070400 0.078800 0.110300 0.111100 0.096500 0.074700 0.075600 0.015400 0.076100 0.030500 0.078300 0.045400 0.058400 0.000000 0.031400
GreaterKud 0.078800 0.566700 0.015700 0.275700 0.019900 0.078800 0.047600 0.054000 0.015600 0.127400 0.046200 0.031400 0.046700 0.063500 0.062800 0.082300 0.063900 0.082100 0.046500 0.015600 0.080900 0.033500 0.150600 0.093300 0.030900 0.135500 0.047400 0.015700 0.081600 0.031200 0.069900 0.048000 0.083700 0.047300 0.030800 0.015700 0.030900 0.072800 0.080400 0.112900 0.095500 0.098600 0.076600 0.077600 0.015700 0.077600 0.031100 0.079800 0.046300 0.060500 0.031400 0.000000
