1
52 1
Argali 0.000000 0.392200 0.160000 0.342500 0.115400 0.040100 0.228900 0.199600 0.160000 0.214000 0.082700 0.321700 0.039900 0.224800 0.114200 0.191200 0.219700 0.217500 0.079500 0.160000 0.073100 0.079100 0.195500 0.204600 0.039600 0.153000 0.078000 0.160000 0.155200 0.160000 0.214000 0.188000 0.277000 0.039900 0.039900 0.199900 0.039700 0.152700 0.119100 0.158600 0.121400 0.116600 0.213500 0.204600 0.199900 0.152200 0.233600 0.118100 0.077600 0.113900 0.199100 0.160000
LesserMous 0.392200 0.000000 0.431300 0.423800 0.481300 0.424500 0.389300 0.257000 0.431300 0.389500 0.471700 0.500900 0.393600 0.616700 0.352700 0.244700 0.280700 0.280800 0.441300 0.431300 0.363400 0.328300 0.354000 0.372500 0.394900 0.298000 0.432200 0.431300 0.206400 0.431300 0.389500 0.566800 0.449900 0.393600 0.393600 0.358900 0.394900 0.521700 0.373200 0.312900 0.273900 0.258400 0.377400 0.372500 0.358900 0.520600 0.508900 0.362900 0.435500 0.316000 0.363300 0.431300
LesserKudu 0.160000 0.431300 0.000000 0.383000 0.196900 0.216700 0.308500 0.287300 0.000000 0.211400 0.169100 0.225800 0.120100 0.303600 0.193000 0.269800 0.259000 0.259000 0.159200 0.000000 0.234500 0.160900 0.194300 0.161600 0.121300 0.231600 0.157000 0.000000 0.233800 0.000000 0.211400 0.267200 0.184100 0.120100 0.120100 0.112300 0.121300 0.231800 0.198500 0.157300 0.120100 0.195300 0.256300 0.161600 0.112300 0.146700 0.314400 0.199200 0.075800 0.111300 0.036000 0.000000
KillerWhal 0.342500 0.423800 0.383000 0.000000 0.316900 0.443100 0.577500 0.381900 0.383000 0.179500 0.417900 0.409900 0.343400 0.438700 0.374600 0.475400 0.287300 0.288100 0.275100 0.383000 0.430100 0.394000 0.377100 0.394900 0.345300 0.426400 0.271200 0.383000 0.431500 0.383000 0.179500 0.398100 0.520400 0.343400 0.343400 0.383200 0.345300 0.356800 0.321000 0.333700 0.292100 0.383100 0.174400 0.394900 0.383200 0.467500 0.403800 0.274200 0.386600 0.379100 0.429300 0.383000
DefassaWat 0.115400 0.481300 0.196900 0.316900 0.000000 0.166600 0.181300 0.236900 0.196900 0.161100 0.122300 0.265500 0.078300 0.102900 0.149900 0.225900 0.302500 0.303200 0.117000 0.196900 0.188200 0.116900 0.232300 0.242700 0.078200 0.188400 0.036800 0.196900 0.190700 0.196900 0.161100 0.069000 0.312100 0.078300 0.078300 0.236500 0.078200 0.108100 0.155800 0.196100 0.159800 0.152800 0.202100 0.242700 0.236500 0.187300 0.183400 0.154700 0.115000 0.236200 0.235300 0.196900
Sheep 0.040100 0.424500 0.216700 0.443100 0.166600 0.000000 0.289300 0.263200 0.216700 0.289200 0.134800 0.397300 0.085300 0.283300 0.163100 0.247500 0.292200 0.290100 0.127800 0.216700 0.117700 0.128100 0.256700 0.270200 0.085500 0.206000 0.125300 0.216700 0.208800 0.216700 0.289200 0.243400 0.345700 0.085300 0.085300 0.260700 0.085500 0.205000 0.170700 0.216300 0.176400 0.166800 0.287000 0.270200 0.260700 0.204500 0.295700 0.174700 0.125700 0.163400 0.259600 0.216700
MaxwellsDu 0.228900 0.389300 0.308500 0.577500 0.181300 0.289300 0.000000 0.263800 0.308500 0.377200 0.240600 0.474600 0.190600 0.130800 0.258200 0.172700 0.431400 0.431600 0.229100 0.308500 0.216900 0.148600 0.345800 0.361700 0.192500 0.214400 0.224700 0.308500 0.139800 0.308500 0.377200 0.098100 0.333800 0.190600 0.190600 0.348700 0.192500 0.296000 0.184500 0.310100 0.275900 0.180600 0.425900 0.361700 0.348700 0.295200 0.211500 0.267700 0.226800 0.258900 0.259200 0.308500
GazellaPrz 0.199600 0.257000 0.287300 0.381900 0.236900 0.263200 0.263800 0.000000 0.287300 0.251600 0.211900 0.356300 0.162300 0.347300 0.148700 0.144100 0.300200 0.300800 0.202200 0.287300 0.188400 0.117000 0.147600 0.240500 0.162200 0.034800 0.198900 0.287300 0.109500 0.287300 0.251600 0.309900 0.312700 0.162300 0.162300 0.234700 0.162200 0.274200 0.155800 0.194600 0.158400 0.073300 0.295100 0.240500 0.234700 0.272300 0.184000 0.153300 0.198700 0.236700 0.235700 0.287300
MountainNy 0.160000 0.431300 0.000000 0.383000 0.196900 0.216700 0.308500 0.287300 0.000000 0.211400 0.169100 0.225800 0.120100 0.303600 0.193000 0.269800 0.259000 0.259000 0.159200 0.000000 0.234500 0.160900 0.194300 0.161600 0.121300 0.231600 0.157000 0.000000 0.233800 0.000000 0.211400 0.267200 0.184100 0.120100 0.120100 0.112300 0.121300 0.231800 0.198500 0.157300 0.120100 0.195300 0.256300 0.161600 0.112300 0.146700 0.314400 0.199200 0.075800 0.111300 0.036000 0.000000
MuntiacusM 0.214000 0.389500 0.211400 0.179500 0.161100 0.289200 0.377200 0.251600 0.211400 0.000000 0.228400 0.193700 0.173900 0.273200 0.158400 0.237900 0.327800 0.329300 0.216000 0.211400 0.292800 0.216800 0.158900 0.165700 0.174100 0.198800 0.121600 0.211400 0.200800 0.211400 0.000000 0.235800 0.333600 0.173900 0.173900 0.161400 0.174100 0.199100 0.258800 0.120800 0.082100 0.161200 0.038500 0.165700 0.161400 0.290000 0.282900 0.163600 0.213000 0.253400 0.252200 0.211400
goat 0.082700 0.471700 0.169100 0.417900 0.122300 0.134800 0.240600 0.211900 0.169100 0.228400 0.000000 0.338900 0.042200 0.236000 0.120400 0.201000 0.280000 0.280900 0.083900 0.169100 0.161000 0.084000 0.207200 0.217200 0.042300 0.161100 0.082300 0.169100 0.163400 0.169100 0.228400 0.197800 0.291700 0.042200 0.042200 0.210800 0.042200 0.160800 0.125500 0.168400 0.129200 0.122900 0.274900 0.217200 0.210800 0.160100 0.245500 0.124600 0.082400 0.211100 0.210100 0.169100
AfricanBuf 0.321700 0.500900 0.225800 0.409900 0.265500 0.397300 0.474600 0.356300 0.225800 0.193700 0.338900 0.000000 0.280900 0.370100 0.179000 0.336000 0.437800 0.437400 0.319500 0.225800 0.396000 0.323200 0.263300 0.232800 0.283300 0.298600 0.226200 0.225800 0.300400 0.225800 0.193700 0.334700 0.294800 0.280900 0.280900 0.181300 0.283300 0.299400 0.359800 0.227200 0.191900 0.263100 0.235100 0.232800 0.181300 0.296200 0.381500 0.267800 0.228100 0.262000 0.262100 0.225800
Topi 0.039900 0.393600 0.120100 0.343400 0.078300 0.085300 0.190600 0.162300 0.120100 0.173900 0.042200 0.280900 0.000000 0.187200 0.076700 0.153200 0.221700 0.221800 0.040000 0.120100 0.116600 0.040400 0.158800 0.166600 0.000100 0.115000 0.039100 0.120100 0.116700 0.120100 0.173900 0.150300 0.237400 0.000000 0.000000 0.159900 0.000100 0.114600 0.079800 0.121000 0.082500 0.078400 0.219000 0.166600 0.159900 0.114400 0.194800 0.079500 0.039500 0.159200 0.159300 0.120100
CommonDuik 0.224800 0.616700 0.303600 0.438700 0.102900 0.283300 0.130800 0.347300 0.303600 0.273200 0.236000 0.370100 0.187200 0.000000 0.254300 0.329600 0.421600 0.421500 0.224400 0.303600 0.295200 0.226600 0.340600 0.262500 0.188900 0.292000 0.141100 0.303600 0.295200 0.303600 0.273200 0.031000 0.417800 0.187200 0.187200 0.343200 0.188900 0.209100 0.262400 0.305100 0.271100 0.257700 0.316100 0.262500 0.343200 0.207700 0.206700 0.262400 0.222900 0.340800 0.341300 0.303600
Suni 0.114200 0.352700 0.193000 0.374600 0.149900 0.163100 0.258200 0.148700 0.193000 0.158400 0.120400 0.179000 0.076700 0.254300 0.000000 0.141200 0.297300 0.297200 0.114500 0.193000 0.186100 0.115100 0.146300 0.152300 0.077100 0.106200 0.112700 0.193000 0.107200 0.193000 0.158400 0.218800 0.305800 0.076700 0.076700 0.147800 0.077100 0.184700 0.152500 0.111000 0.075400 0.071700 0.199500 0.152300 0.147800 0.183700 0.263500 0.072700 0.113200 0.230200 0.230500 0.193000
Springbuck 0.191200 0.244700 0.269800 0.475400 0.225900 0.247500 0.172700 0.144100 0.269800 0.237900 0.201000 0.336000 0.153200 0.329600 0.141200 0.000000 0.386200 0.385900 0.191700 0.269800 0.181100 0.112000 0.219500 0.229200 0.154600 0.102900 0.187800 0.269800 0.033700 0.269800 0.237900 0.292500 0.296500 0.153200 0.153200 0.221100 0.154600 0.258900 0.148400 0.184900 0.150500 0.069500 0.280300 0.229200 0.221100 0.258500 0.256000 0.146300 0.189400 0.222200 0.222400 0.269800
Okapi 0.219700 0.280700 0.259000 0.287300 0.302500 0.292200 0.431400 0.300200 0.259000 0.327800 0.280000 0.437800 0.221700 0.421600 0.297300 0.386200 0.000000 0.000100 0.264500 0.259000 0.203600 0.265500 0.202100 0.310500 0.221800 0.342500 0.260600 0.259000 0.346700 0.259000 0.327800 0.381600 0.283500 0.221700 0.221700 0.258700 0.221800 0.342800 0.308700 0.163700 0.219000 0.303300 0.318400 0.310500 0.258700 0.241300 0.438000 0.307100 0.260600 0.256200 0.300900 0.259000
Giraffe 0.217500 0.280800 0.259000 0.288100 0.303200 0.290100 0.431600 0.300800 0.259000 0.329300 0.280900 0.437400 0.221800 0.421500 0.297200 0.385900 0.000100 0.000000 0.264700 0.259000 0.201800 0.266300 0.202400 0.311300 0.222400 0.342100 0.260600 0.259000 0.346800 0.259000 0.329300 0.381500 0.283500 0.221800 0.221800 0.258500 0.222400 0.342700 0.308900 0.164000 0.219500 0.303400 0.317600 0.311300 0.258500 0.241300 0.437800 0.306800 0.261400 0.258900 0.300900 0.259000
TibetanAnt 0.079500 0.441300 0.159200 0.275100 0.117000 0.127800 0.229100 0.202200 0.159200 0.216000 0.083900 0.319500 0.040000 0.224400 0.114500 0.191700 0.264500 0.264700 0.000000 0.159200 0.155200 0.080600 0.197300 0.207200 0.040400 0.153200 0.078000 0.159200 0.155800 0.159200 0.216000 0.187200 0.276700 0.040000 0.040000 0.198800 0.040400 0.152300 0.038100 0.160300 0.122900 0.116800 0.261200 0.207200 0.198800 0.152300 0.192200 0.038000 0.078800 0.198300 0.198500 0.159200
Sitatunga 0.160000 0.431300 0.000000 0.383000 0.196900 0.216700 0.308500 0.287300 0.000000 0.211400 0.169100 0.225800 0.120100 0.303600 0.193000 0.269800 0.259000 0.259000 0.159200 0.000000 0.234500 0.160900 0.194300 0.161600 0.121300 0.231600 0.157000 0.000000 0.233800 0.000000 0.211400 0.267200 0.184100 0.120100 0.120100 0.112300 0.121300 0.231800 0.198500 0.157300 0.120100 0.195300 0.256300 0.161600 0.112300 0.146700 0.314400 0.199200 0.075800 0.111300 0.036000 0.000000
Oribi 0.073100 0.363400 0.234500 0.430100 0.188200 0.117700 0.216900 0.188400 0.234500 0.292800 0.161000 0.396000 0.116600 0.295200 0.186100 0.181100 0.203600 0.201800 0.155200 0.234500 0.000000 0.074700 0.183200 0.280200 0.116000 0.144900 0.152300 0.234500 0.146900 0.234500 0.292800 0.258700 0.179000 0.116600 0.116600 0.234400 0.116000 0.224500 0.112500 0.148300 0.197300 0.110200 0.292700 0.280200 0.234400 0.142900 0.221300 0.192600 0.151600 0.107900 0.187800 0.234500
BarbaryShe 0.079100 0.328300 0.160900 0.394000 0.116900 0.128100 0.148600 0.117000 0.160900 0.216800 0.084000 0.323200 0.040400 0.226600 0.115100 0.112000 0.265500 0.266300 0.080600 0.160900 0.074700 0.000000 0.197300 0.207400 0.040400 0.074700 0.078800 0.160900 0.075900 0.160900 0.216800 0.189100 0.192300 0.040400 0.040400 0.200900 0.040100 0.153800 0.039000 0.160400 0.123000 0.038000 0.261200 0.207400 0.200900 0.153800 0.151800 0.119600 0.078800 0.116600 0.116100 0.160900
Daviddeer 0.195500 0.354000 0.194300 0.377100 0.232300 0.256700 0.345800 0.147600 0.194300 0.158900 0.207200 0.263300 0.158800 0.340600 0.146300 0.219500 0.202100 0.202400 0.197300 0.194300 0.183200 0.197300 0.000000 0.152300 0.158600 0.105900 0.195000 0.194300 0.184800 0.194300 0.158900 0.304800 0.220100 0.158800 0.158800 0.111600 0.158600 0.269300 0.236100 0.036400 0.075400 0.148400 0.199500 0.152300 0.111600 0.182500 0.261600 0.150200 0.194700 0.232500 0.231600 0.194300
Reindeer 0.204600 0.372500 0.161600 0.394900 0.242700 0.270200 0.361700 0.240500 0.161600 0.165700 0.217200 0.232800 0.166600 0.262500 0.152300 0.229200 0.310500 0.311300 0.207200 0.161600 0.280200 0.207400 0.152300 0.000000 0.166400 0.191300 0.203800 0.161600 0.193500 0.161600 0.165700 0.316600 0.279600 0.166600 0.166600 0.116000 0.166400 0.280500 0.248500 0.115800 0.078600 0.155200 0.207800 0.000000 0.116000 0.151800 0.367500 0.157200 0.162900 0.201900 0.201000 0.161600
Ibex 0.039600 0.394900 0.121300 0.345300 0.078200 0.085500 0.192500 0.162200 0.121300 0.174100 0.042300 0.283300 0.000100 0.188900 0.077100 0.154600 0.221800 0.222400 0.040400 0.121300 0.116000 0.040400 0.158600 0.166400 0.000000 0.116100 0.039500 0.121300 0.117900 0.121300 0.174100 0.151700 0.239600 0.000100 0.000100 0.161400 0.000000 0.115700 0.080600 0.120900 0.082400 0.078800 0.218200 0.166400 0.161400 0.115500 0.196600 0.079900 0.039500 0.161700 0.160900 0.121300
GyrantGaze 0.153000 0.298000 0.231600 0.426400 0.188400 0.206000 0.214400 0.034800 0.231600 0.198800 0.161100 0.298600 0.115000 0.292000 0.106200 0.102900 0.342500 0.342100 0.153200 0.231600 0.144900 0.074700 0.105900 0.191300 0.116100 0.000000 0.150400 0.231600 0.069500 0.231600 0.198800 0.255900 0.259000 0.115000 0.115000 0.184800 0.116100 0.222000 0.111100 0.148400 0.113300 0.034800 0.240600 0.191300 0.184800 0.221200 0.140100 0.109700 0.151700 0.185400 0.185500 0.231600
Hartebeest 0.078000 0.432200 0.157000 0.271200 0.036800 0.125300 0.224700 0.198900 0.157000 0.121600 0.082300 0.226200 0.039100 0.141100 0.112700 0.187800 0.260600 0.260600 0.078000 0.157000 0.152300 0.078800 0.195000 0.203800 0.039500 0.150400 0.000000 0.157000 0.152300 0.157000 0.121600 0.106600 0.271900 0.039100 0.039100 0.196300 0.039500 0.071900 0.116800 0.158100 0.121000 0.114400 0.163200 0.203800 0.196300 0.149600 0.146300 0.116600 0.077300 0.195100 0.195300 0.157000
Bongo 0.160000 0.431300 0.000000 0.383000 0.196900 0.216700 0.308500 0.287300 0.000000 0.211400 0.169100 0.225800 0.120100 0.303600 0.193000 0.269800 0.259000 0.259000 0.159200 0.000000 0.234500 0.160900 0.194300 0.161600 0.121300 0.231600 0.157000 0.000000 0.233800 0.000000 0.211400 0.267200 0.184100 0.120100 0.120100 0.112300 0.121300 0.231800 0.198500 0.157300 0.120100 0.195300 0.256300 0.161600 0.112300 0.146700 0.314400 0.199200 0.075800 0.111300 0.036200 0.000000
Gerenuk 0.155200 0.206400 0.233800 0.431500 0.190700 0.208800 0.139800 0.109500 0.233800 0.200800 0.163400 0.300400 0.116700 0.295200 0.107200 0.033700 0.346700 0.346800 0.155800 0.233800 0.146900 0.075900 0.184800 0.193500 0.117900 0.069500 0.152300 0.233800 0.000000 0.233800 0.200800 0.258000 0.262100 0.116700 0.116700 0.186100 0.117900 0.224200 0.113100 0.149800 0.114600 0.035300 0.242900 0.193500 0.186100 0.224100 0.221800 0.111400 0.153800 0.187400 0.187500 0.233800
CommonElan 0.160000 0.431300 0.000000 0.383000 0.196900 0.216700 0.308500 0.287300 0.000000 0.211400 0.169100 0.225800 0.120100 0.303600 0.193000 0.269800 0.259000 0.259000 0.159200 0.000000 0.234500 0.160900 0.194300 0.161600 0.121300 0.231600 0.157000 0.000000 0.233800 0.000000 0.211400 0.267200 0.184100 0.120100 0.120800 0.112300 0.121300 0.231800 0.198500 0.157300 0.120100 0.195300 0.256300 0.161600 0.112300 0.146700 0.314400 0.199200 0.075800 0.111300 0.036000 0.000000
MuntiacusR 0.214000 0.389500 0.211400 0.179500 0.161100 0.289200 0.377200 0.251600 0.211400 0.000000 0.228400 0.193700 0.173900 0.273200 0.158400 0.237900 0.327800 0.329300 0.216000 0.211400 0.292800 0.216800 0.158900 0.165700 0.174100 0.198800 0.121600 0.211400 0.200800 0.211400 0.000000 0.235800 0.333600 0.173900 0.173900 0.161400 0.174100 0.199100 0.258800 0.120800 0.082100 0.161200 0.038500 0.165700 0.161400 0.290000 0.282900 0.163600 0.213000 0.253400 0.252200 0.211400
HarveysDui 0.188000 0.566800 0.267200 0.398100 0.069000 0.243400 0.098100 0.309900 0.267200 0.235800 0.197800 0.334700 0.150300 0.031000 0.218800 0.292500 0.381600 0.381500 0.187200 0.267200 0.258700 0.189100 0.304800 0.316600 0.151700 0.255900 0.106600 0.267200 0.258000 0.267200 0.235800 0.000000 0.380200 0.150300 0.150300 0.306900 0.151700 0.175000 0.224600 0.268800 0.233800 0.221200 0.278500 0.316600 0.306900 0.254100 0.172300 0.225100 0.186500 0.304100 0.304400 0.267200
Pronghorn 0.277000 0.449900 0.184100 0.520400 0.312100 0.345700 0.333800 0.312700 0.184100 0.333600 0.291700 0.294800 0.237400 0.417800 0.305800 0.296500 0.283500 0.283500 0.276700 0.184100 0.179000 0.192300 0.220100 0.279600 0.239600 0.259000 0.271900 0.184100 0.262100 0.184100 0.333600 0.380200 0.000000 0.237400 0.237400 0.184100 0.239600 0.345400 0.228800 0.185300 0.236400 0.224400 0.380400 0.279600 0.184100 0.174500 0.340000 0.317200 0.187100 0.141900 0.141900 0.184100
BlueWildeb 0.039900 0.393600 0.120100 0.343400 0.078300 0.085300 0.190600 0.162300 0.120100 0.173900 0.042200 0.280900 0.000000 0.187200 0.076700 0.153200 0.221700 0.221800 0.040000 0.120100 0.116600 0.040400 0.158800 0.166600 0.000100 0.115000 0.039100 0.120100 0.116700 0.120100 0.173900 0.150300 0.237400 0.000000 0.000000 0.159900 0.000100 0.114600 0.079800 0.121000 0.082500 0.078000 0.219000 0.166600 0.159900 0.114400 0.194800 0.079500 0.039500 0.159200 0.159300 0.120100
Gemsbok 0.039900 0.393600 0.120100 0.343400 0.078300 0.085300 0.190600 0.162300 0.120100 0.173900 0.042200 0.280900 0.000000 0.187200 0.076700 0.153200 0.221700 0.221800 0.040000 0.120100 0.116600 0.040400 0.158800 0.166600 0.000100 0.115000 0.039100 0.120100 0.116700 0.120800 0.173900 0.150300 0.237400 0.000000 0.000000 0.159900 0.000100 0.114600 0.079800 0.121000 0.082500 0.077700 0.219000 0.166600 0.159900 0.114200 0.194800 0.079500 0.039500 0.159200 0.159300 0.120100
Yak 0.199900 0.358900 0.112300 0.383200 0.236500 0.260700 0.348700 0.234700 0.112300 0.161400 0.210800 0.181300 0.159900 0.343200 0.147800 0.221100 0.258700 0.258500 0.198800 0.112300 0.234400 0.200900 0.111600 0.116000 0.161400 0.184800 0.196300 0.112300 0.186100 0.112300 0.161400 0.306900 0.184100 0.159900 0.159900 0.000000 0.161400 0.271300 0.238100 0.075300 0.076600 0.149400 0.203700 0.116000 0.000000 0.146600 0.354600 0.152200 0.113700 0.148600 0.148600 0.112300
BlueSheep 0.039700 0.394900 0.121300 0.345300 0.078200 0.085500 0.192500 0.162200 0.121300 0.174100 0.042200 0.283300 0.000100 0.188900 0.077100 0.154600 0.221800 0.222400 0.040400 0.121300 0.116000 0.040100 0.158600 0.166400 0.000000 0.116100 0.039500 0.121300 0.117900 0.121300 0.174100 0.151700 0.239600 0.000100 0.000100 0.161400 0.000000 0.115700 0.080600 0.120900 0.082400 0.078800 0.218200 0.166400 0.161400 0.115500 0.196600 0.079900 0.039500 0.161700 0.160900 0.121300
BohorReedb 0.152700 0.521700 0.231800 0.356800 0.108100 0.205000 0.296000 0.274200 0.231800 0.199100 0.160800 0.299400 0.114600 0.209100 0.184700 0.258900 0.342800 0.342700 0.152300 0.231800 0.224500 0.153800 0.269300 0.280500 0.115700 0.222000 0.071900 0.231800 0.224200 0.231800 0.199100 0.175000 0.345400 0.114600 0.114600 0.271300 0.115700 0.000000 0.190200 0.233200 0.197600 0.187000 0.241300 0.280500 0.271300 0.220500 0.216300 0.190400 0.151400 0.269100 0.269400 0.231800
KirksDik 0.119100 0.373200 0.198500 0.321000 0.155800 0.170700 0.184500 0.155800 0.198500 0.258800 0.125500 0.359800 0.079800 0.262400 0.152500 0.148400 0.308700 0.308900 0.038100 0.198500 0.112500 0.039000 0.236100 0.248500 0.080600 0.111100 0.116800 0.198500 0.113100 0.198500 0.258800 0.224600 0.228800 0.079800 0.079800 0.238100 0.080600 0.190200 0.000000 0.199800 0.163500 0.075500 0.304600 0.248500 0.238100 0.190600 0.148600 0.075900 0.118000 0.152900 0.153000 0.198500
RoeDeer 0.158600 0.312900 0.157300 0.333700 0.196100 0.216300 0.310100 0.194600 0.157300 0.120800 0.168400 0.227200 0.121000 0.305100 0.111000 0.184900 0.163700 0.164000 0.160300 0.157300 0.148300 0.160400 0.036400 0.115800 0.120900 0.148400 0.158100 0.157300 0.149800 0.157300 0.120800 0.268800 0.185300 0.121000 0.121000 0.075300 0.120900 0.233200 0.199800 0.000000 0.038300 0.112800 0.161400 0.115800 0.075300 0.147700 0.315800 0.114200 0.157900 0.196000 0.195200 0.157300
WhiteLippe 0.121400 0.273900 0.120100 0.292100 0.159800 0.176400 0.275900 0.158400 0.120100 0.082100 0.129200 0.191900 0.082500 0.271100 0.075400 0.150500 0.219000 0.219500 0.122900 0.120100 0.197300 0.123000 0.075400 0.078600 0.082400 0.113300 0.121000 0.120100 0.114600 0.120100 0.082100 0.233800 0.236400 0.082500 0.082500 0.076600 0.082400 0.197600 0.163500 0.038300 0.000000 0.076700 0.123200 0.078600 0.076600 0.196300 0.281200 0.077700 0.120900 0.159700 0.159000 0.120100
ThomsonGaz 0.116600 0.258400 0.195300 0.383100 0.152800 0.166800 0.180600 0.073300 0.195300 0.161200 0.122900 0.263100 0.078400 0.257700 0.071700 0.069500 0.303300 0.303400 0.116800 0.195300 0.110200 0.038000 0.148400 0.155200 0.078800 0.034800 0.114400 0.195300 0.035300 0.195300 0.161200 0.221200 0.224400 0.078000 0.077700 0.149400 0.078800 0.187000 0.075500 0.112800 0.076700 0.000000 0.202900 0.155200 0.149400 0.186700 0.184500 0.074300 0.115500 0.150200 0.150300 0.195300
MuntiacusC 0.213500 0.377400 0.256300 0.174400 0.202100 0.287000 0.425900 0.295100 0.256300 0.038500 0.274900 0.235100 0.219000 0.316100 0.199500 0.280300 0.318400 0.317600 0.261200 0.256300 0.292700 0.261200 0.199500 0.207800 0.218200 0.240600 0.163200 0.256300 0.242900 0.256300 0.038500 0.278500 0.380400 0.219000 0.219000 0.203700 0.218200 0.241300 0.304600 0.161400 0.123200 0.202900 0.000000 0.207800 0.203700 0.335100 0.326800 0.205900 0.256600 0.261000 0.297500 0.256300
WhiteTaile 0.204600 0.372500 0.161600 0.394900 0.242700 0.270200 0.361700 0.240500 0.161600 0.165700 0.217200 0.232800 0.166600 0.262500 0.152300 0.229200 0.310500 0.311300 0.207200 0.161600 0.280200 0.207400 0.152300 0.000000 0.166400 0.191300 0.203800 0.161600 0.193500 0.161600 0.165700 0.316600 0.279600 0.166600 0.166600 0.116000 0.166400 0.280500 0.248500 0.115800 0.078600 0.155200 0.207800 0.000000 0.116000 0.151800 0.367500 0.157200 0.162900 0.201900 0.201000 0.161600
Cattle 0.199900 0.358900 0.112300 0.383200 0.236500 0.260700 0.348700 0.234700 0.112300 0.161400 0.210800 0.181300 0.159900 0.343200 0.147800 0.221100 0.258700 0.258500 0.198800 0.112300 0.234400 0.200900 0.111600 0.116000 0.161400 0.184800 0.196300 0.112300 0.186100 0.112300 0.161400 0.306900 0.184100 0.159900 0.159900 0.000000 0.161400 0.271300 0.238100 0.075300 0.076600 0.149400 0.203700 0.116000 0.000000 0.146600 0.354600 0.152200 0.113700 0.148600 0.148600 0.112300
RoyalAntel 0.152200 0.520600 0.146700 0.467500 0.187300 0.204500 0.295200 0.272300 0.146700 0.290000 0.160100 0.296200 0.114400 0.207700 0.183700 0.258500 0.241300 0.241300 0.152300 0.146700 0.142900 0.153800 0.182500 0.151800 0.115500 0.221200 0.149600 0.146700 0.224100 0.146700 0.290000 0.254100 0.174500 0.114400 0.114200 0.146600 0.115500 0.220500 0.190600 0.147700 0.196300 0.186700 0.335100 0.151800 0.146600 0.000000 0.300800 0.190400 0.072400 0.182600 0.182700 0.146700
Steenbok 0.233600 0.508900 0.314400 0.403800 0.183400 0.295700 0.211500 0.184000 0.314400 0.282900 0.245500 0.381500 0.194800 0.206700 0.263500 0.256000 0.438000 0.437800 0.192200 0.314400 0.221300 0.151800 0.261600 0.367500 0.196600 0.140100 0.146300 0.314400 0.221800 0.314400 0.282900 0.172300 0.340000 0.194800 0.194800 0.354600 0.196600 0.216300 0.148600 0.315800 0.281200 0.184500 0.326800 0.367500 0.354600 0.300800 0.000000 0.230500 0.231400 0.264100 0.264400 0.314400
Impala 0.118100 0.362900 0.199200 0.274200 0.154700 0.174700 0.267700 0.153300 0.199200 0.163600 0.124600 0.267800 0.079500 0.262400 0.072700 0.146300 0.307100 0.306800 0.038000 0.199200 0.192600 0.119600 0.150200 0.157200 0.079900 0.109700 0.116600 0.199200 0.111400 0.199200 0.163600 0.225100 0.317200 0.079500 0.079500 0.152200 0.079900 0.190400 0.075900 0.114200 0.077700 0.074300 0.205900 0.157200 0.152200 0.190400 0.230500 0.000000 0.117200 0.238300 0.238600 0.199200
Klipspring 0.077600 0.435500 0.075800 0.386600 0.115000 0.125700 0.226800 0.198700 0.075800 0.213000 0.082400 0.228100 0.039500 0.222900 0.113200 0.189400 0.260600 0.261400 0.078800 0.075800 0.151600 0.078800 0.194700 0.162900 0.039500 0.151700 0.077300 0.075800 0.153800 0.075800 0.213000 0.186500 0.187100 0.039500 0.039500 0.113700 0.039500 0.151400 0.118000 0.157900 0.120900 0.115500 0.256600 0.162900 0.113700 0.072400 0.231400 0.117200 0.000000 0.113500 0.113100 0.075800
ForestMusk 0.113900 0.316000 0.111300 0.379100 0.236200 0.163400 0.258900 0.236700 0.111300 0.253400 0.211100 0.262000 0.159200 0.340800 0.230200 0.222200 0.256200 0.258900 0.198300 0.111300 0.107900 0.116600 0.232500 0.201900 0.161700 0.185400 0.195100 0.111300 0.187400 0.111300 0.253400 0.304100 0.141900 0.159200 0.159200 0.148600 0.161700 0.269100 0.152900 0.196000 0.159700 0.150200 0.261000 0.201900 0.148600 0.182600 0.264100 0.238300 0.113500 0.000000 0.071400 0.111300
Bushbuck 0.199100 0.363300 0.036000 0.429300 0.235300 0.259600 0.259200 0.235700 0.036000 0.252200 0.210100 0.262100 0.159300 0.341300 0.230500 0.222400 0.300900 0.300900 0.198500 0.036000 0.187800 0.116100 0.231600 0.201000 0.160900 0.185500 0.195300 0.036200 0.187500 0.036000 0.252200 0.304400 0.141900 0.159300 0.159300 0.148600 0.160900 0.269400 0.153000 0.195200 0.159000 0.150300 0.297500 0.201000 0.148600 0.182700 0.264400 0.238600 0.113100 0.071400 0.000000 0.036000
GreaterKud 0.160000 0.431300 0.000000 0.383000 0.196900 0.216700 0.308500 0.287300 0.000000 0.211400 0.169100 0.225800 0.120100 0.303600 0.193000 0.269800 0.259000 0.259000 0.159200 0.000000 0.234500 0.160900 0.194300 0.161600 0.121300 0.231600 0.157000 0.000000 0.233800 0.000000 0.211400 0.267200 0.184100 0.120100 0.120100 0.112300 0.121300 0.231800 0.198500 0.157300 0.120100 0.195300 0.256300 0.161600 0.112300 0.146700 0.314400 0.199200 0.075800 0.111300 0.036000 0.000000
