1
52 1
Argali 0.000000 0.387200 0.103800 0.438200 0.076700 0.000000 0.128000 0.135500 0.129100 0.224700 0.048900 0.076700 0.133500 0.183100 0.125000 0.124200 0.106700 0.133200 0.048900 0.102600 0.127800 0.073300 0.482900 0.168900 0.072600 0.178300 0.133500 0.128900 0.100500 0.103800 0.265900 0.200200 0.140100 0.206100 0.076700 0.155700 0.048900 0.076700 0.077300 0.199800 0.206200 0.124200 0.254700 0.161000 0.155700 0.076700 0.160500 0.100200 0.106600 0.106100 0.103800 0.128700
LesserMous 0.387200 0.000000 0.321900 0.387200 0.283700 0.387200 0.348800 0.326000 0.352500 0.327800 0.313900 0.283700 0.320500 0.427900 0.339200 0.416300 0.255400 0.287600 0.313900 0.320800 0.349300 0.346200 0.634900 0.261600 0.340100 0.412000 0.320500 0.352400 0.427100 0.321900 0.301100 0.425900 0.226900 0.265400 0.283700 0.342400 0.313900 0.283700 0.285900 0.299800 0.346800 0.416300 0.364400 0.322900 0.342400 0.283700 0.314300 0.308300 0.425400 0.332000 0.321900 0.352000
LesserKudu 0.103800 0.321900 0.000000 0.370500 0.025900 0.103800 0.025100 0.082000 0.025300 0.170200 0.051200 0.025700 0.081200 0.077000 0.075700 0.130200 0.053900 0.080600 0.051200 0.000000 0.077100 0.076600 0.428900 0.112900 0.075800 0.188000 0.081200 0.025300 0.132400 0.000000 0.208600 0.083600 0.084800 0.148600 0.025700 0.104500 0.051200 0.025700 0.026100 0.144500 0.149000 0.130200 0.199600 0.108400 0.104500 0.025900 0.108100 0.050700 0.111500 0.053300 0.000000 0.025200
KillerWhal 0.438200 0.387200 0.370500 0.000000 0.329800 0.438200 0.397700 0.375600 0.402000 0.413000 0.361200 0.329800 0.369200 0.482700 0.350700 0.469200 0.300700 0.334400 0.361200 0.369200 0.399100 0.395000 0.810800 0.343600 0.387600 0.416700 0.369200 0.403600 0.481600 0.370500 0.386500 0.544700 0.306300 0.348800 0.329800 0.334400 0.361200 0.329800 0.332700 0.384300 0.438300 0.469200 0.451700 0.371500 0.334400 0.329800 0.460300 0.354200 0.482500 0.382300 0.370500 0.401900
DefassaWat 0.076700 0.283700 0.025900 0.329800 0.000000 0.076700 0.050800 0.053800 0.051100 0.139300 0.025200 0.000000 0.053200 0.104000 0.049600 0.102400 0.026500 0.052800 0.025200 0.025800 0.050600 0.050300 0.390000 0.083200 0.049800 0.158200 0.053200 0.051100 0.104200 0.025700 0.175500 0.112900 0.055500 0.116700 0.000000 0.076900 0.025200 0.000000 0.000000 0.113500 0.116800 0.102400 0.168000 0.079900 0.076900 0.000000 0.079700 0.024900 0.082200 0.026200 0.025700 0.051000
Sheep 0.000000 0.387200 0.103800 0.438200 0.076700 0.000000 0.128000 0.135500 0.129100 0.224700 0.048900 0.076700 0.133500 0.183100 0.125000 0.124200 0.106700 0.133200 0.048900 0.102800 0.127800 0.073300 0.482900 0.168900 0.072100 0.178300 0.133500 0.128900 0.100500 0.103800 0.265900 0.200200 0.140100 0.206100 0.076700 0.155700 0.049000 0.076700 0.077300 0.199800 0.206200 0.124200 0.254700 0.161000 0.155700 0.076700 0.160500 0.100200 0.106600 0.106100 0.103800 0.128700
MaxwellsDu 0.128000 0.348800 0.025100 0.397700 0.050800 0.128000 0.000000 0.107900 0.049800 0.195800 0.075800 0.050800 0.106800 0.049200 0.099700 0.154300 0.079800 0.105900 0.075800 0.025100 0.101500 0.100800 0.454600 0.139100 0.048500 0.212400 0.106800 0.050000 0.156900 0.025300 0.234800 0.109800 0.111400 0.175700 0.050800 0.129200 0.075800 0.050800 0.051400 0.171000 0.176200 0.154300 0.225000 0.133600 0.129200 0.050800 0.133400 0.075100 0.137400 0.078900 0.025100 0.049800
GazellaPrz 0.135500 0.326000 0.082000 0.375600 0.053800 0.135500 0.107900 0.000000 0.108700 0.172000 0.080000 0.053800 0.053000 0.166000 0.105000 0.161300 0.054500 0.081400 0.080000 0.081700 0.107200 0.106400 0.389300 0.114200 0.105100 0.223500 0.053000 0.108600 0.164400 0.082000 0.210900 0.181600 0.085700 0.116300 0.053800 0.136600 0.080000 0.053800 0.053100 0.145900 0.116500 0.161300 0.201800 0.109700 0.136600 0.053800 0.140800 0.079000 0.145600 0.083800 0.082000 0.108400
MountainNy 0.129100 0.352500 0.025300 0.402000 0.051100 0.129100 0.049800 0.108700 0.000000 0.197200 0.076400 0.051300 0.107400 0.102000 0.100300 0.155100 0.080300 0.106700 0.076400 0.025300 0.102300 0.101500 0.456000 0.140200 0.100500 0.213100 0.107400 0.050100 0.157900 0.025300 0.236700 0.110600 0.112300 0.177100 0.051100 0.129700 0.076400 0.051100 0.051700 0.172100 0.177400 0.155100 0.226700 0.134600 0.129700 0.051100 0.134200 0.075500 0.138500 0.079400 0.025300 0.050000
MuntiacusM 0.224700 0.327800 0.170200 0.413000 0.139300 0.224700 0.195800 0.172000 0.197200 0.000000 0.165700 0.139300 0.110100 0.258300 0.190200 0.252800 0.112600 0.140300 0.165700 0.169500 0.194600 0.193000 0.318500 0.083900 0.190600 0.320800 0.110100 0.197300 0.257900 0.170200 0.027400 0.284900 0.085700 0.117000 0.139300 0.227700 0.165700 0.139300 0.140400 0.084900 0.116800 0.252800 0.026400 0.109800 0.227700 0.139300 0.235000 0.163600 0.243600 0.174200 0.170200 0.197100
goat 0.048900 0.313900 0.051200 0.361200 0.025200 0.048900 0.075800 0.080000 0.076400 0.165700 0.000000 0.025200 0.079000 0.128800 0.073900 0.126800 0.052600 0.078600 0.000000 0.050800 0.075400 0.024100 0.415400 0.110700 0.023800 0.182800 0.079000 0.076300 0.102500 0.051200 0.203000 0.140800 0.082600 0.144600 0.025200 0.102300 0.000000 0.025200 0.025400 0.140500 0.144800 0.126800 0.194500 0.105600 0.102300 0.025200 0.105300 0.049400 0.108700 0.052300 0.051200 0.076200
AfricanBuf 0.076700 0.283700 0.025700 0.329800 0.000000 0.076700 0.050800 0.053800 0.051300 0.139300 0.025200 0.000000 0.053200 0.104000 0.049600 0.102400 0.026500 0.052800 0.025200 0.025800 0.050600 0.050300 0.390000 0.083200 0.049800 0.158200 0.053200 0.051100 0.104200 0.025700 0.175500 0.112900 0.055500 0.116700 0.000000 0.075900 0.025200 0.000000 0.000000 0.113500 0.116800 0.102400 0.168000 0.079900 0.076900 0.000000 0.079700 0.024900 0.082200 0.026200 0.025700 0.051000
Topi 0.133500 0.320500 0.081200 0.369200 0.053200 0.133500 0.106800 0.053000 0.107400 0.110100 0.079000 0.053200 0.000000 0.163300 0.103800 0.160600 0.053800 0.080400 0.079000 0.080800 0.105700 0.105000 0.314800 0.112600 0.103900 0.221400 0.000000 0.107500 0.163500 0.081200 0.144100 0.179200 0.084600 0.055700 0.053200 0.135300 0.079000 0.053200 0.053500 0.144200 0.115100 0.160600 0.138200 0.108100 0.135300 0.053200 0.139200 0.078200 0.143600 0.082800 0.081200 0.107300
CommonDuik 0.183100 0.427900 0.077000 0.482700 0.104000 0.183100 0.049200 0.166000 0.102000 0.258300 0.128800 0.104000 0.163300 0.000000 0.152400 0.209800 0.135700 0.162300 0.128800 0.076700 0.100800 0.154200 0.532800 0.199400 0.098700 0.272100 0.163300 0.102100 0.213500 0.077000 0.301800 0.109300 0.170900 0.239900 0.104000 0.185800 0.128800 0.104000 0.104700 0.233700 0.240900 0.209800 0.288700 0.191200 0.185800 0.104000 0.190800 0.127500 0.196700 0.134500 0.077000 0.101800
Suni 0.125000 0.339200 0.075700 0.350700 0.049600 0.125000 0.099700 0.105000 0.100300 0.190200 0.073900 0.049600 0.103800 0.152400 0.000000 0.150100 0.077600 0.103100 0.073900 0.075400 0.099000 0.098300 0.443700 0.135200 0.097200 0.205800 0.103800 0.100300 0.152700 0.075700 0.228100 0.166100 0.108300 0.170600 0.049600 0.126100 0.073900 0.049600 0.050000 0.165900 0.170900 0.150100 0.218800 0.130000 0.126100 0.049600 0.129600 0.073000 0.134500 0.077200 0.075700 0.100100
Springbuck 0.124200 0.416300 0.130200 0.469200 0.102400 0.124200 0.154300 0.161300 0.155100 0.252800 0.126800 0.102400 0.160600 0.209800 0.150100 0.000000 0.133400 0.159500 0.126800 0.129600 0.152900 0.151800 0.518300 0.195700 0.150300 0.047800 0.160600 0.155300 0.048000 0.130200 0.294900 0.228900 0.167800 0.235100 0.102400 0.182700 0.126800 0.102400 0.102800 0.229000 0.236000 0.000000 0.282500 0.188400 0.182700 0.102400 0.187400 0.125500 0.132700 0.132600 0.130200 0.155000
Okapi 0.106700 0.255400 0.053900 0.300700 0.026500 0.106700 0.079800 0.054500 0.080300 0.112600 0.052600 0.026500 0.053800 0.135700 0.077600 0.133400 0.000000 0.026500 0.052600 0.053700 0.079200 0.078600 0.394300 0.055700 0.077700 0.192700 0.053800 0.080300 0.135900 0.053900 0.147900 0.149000 0.027700 0.118300 0.026500 0.107600 0.052600 0.026500 0.026700 0.086000 0.117600 0.133400 0.140500 0.053100 0.107600 0.026500 0.111000 0.051900 0.114700 0.055100 0.053900 0.080200
Giraffe 0.133200 0.287600 0.080600 0.334400 0.052800 0.133200 0.105900 0.081400 0.106700 0.140300 0.078600 0.052800 0.080400 0.162300 0.103100 0.159500 0.026500 0.000000 0.078600 0.080300 0.105400 0.104600 0.389000 0.083300 0.103300 0.219300 0.080400 0.106600 0.162600 0.080600 0.177000 0.178200 0.055600 0.147400 0.052800 0.134000 0.078600 0.052800 0.053200 0.114300 0.146500 0.159500 0.168200 0.080000 0.134000 0.052800 0.138200 0.077600 0.143000 0.082300 0.080600 0.106500
TibetanAnt 0.048900 0.313900 0.051200 0.361200 0.025200 0.048900 0.075800 0.080000 0.076400 0.165700 0.000000 0.025200 0.079000 0.128800 0.073900 0.126800 0.052600 0.078600 0.000000 0.050700 0.075400 0.024100 0.415400 0.110700 0.023800 0.182800 0.079000 0.076300 0.102500 0.051200 0.203000 0.140800 0.082600 0.144600 0.025200 0.102300 0.000000 0.025200 0.025400 0.140500 0.144800 0.126800 0.194500 0.105600 0.102300 0.025200 0.105300 0.049400 0.108700 0.052300 0.051200 0.076200
Sitatunga 0.102600 0.320800 0.000000 0.369200 0.025800 0.102800 0.025100 0.081700 0.025300 0.169500 0.050800 0.025800 0.080800 0.076700 0.075400 0.129600 0.053700 0.080300 0.050700 0.000000 0.076900 0.074800 0.426000 0.113200 0.075100 0.187200 0.080800 0.025300 0.131900 0.000000 0.207600 0.083800 0.084500 0.148000 0.025800 0.104700 0.051200 0.025800 0.025900 0.143800 0.148300 0.129600 0.198800 0.107900 0.104700 0.025800 0.107700 0.050500 0.111000 0.053400 0.000000 0.025200
Oribi 0.127800 0.349300 0.077100 0.399100 0.050600 0.127800 0.101500 0.107200 0.102300 0.194600 0.075400 0.050600 0.105700 0.100800 0.099000 0.152900 0.079200 0.105400 0.075400 0.076900 0.000000 0.100300 0.449700 0.139200 0.099200 0.210400 0.105700 0.102200 0.155700 0.077100 0.233800 0.169800 0.110800 0.174500 0.050600 0.128400 0.075400 0.050600 0.051000 0.169600 0.174700 0.152900 0.223800 0.133100 0.128400 0.050600 0.077300 0.074400 0.136700 0.078800 0.077100 0.102000
BarbaryShe 0.073300 0.346200 0.076600 0.395000 0.050300 0.073300 0.100800 0.106400 0.101500 0.193000 0.024100 0.050300 0.105000 0.154200 0.098300 0.151800 0.078600 0.104600 0.024100 0.074800 0.100300 0.000000 0.445200 0.138000 0.047500 0.208300 0.105000 0.101400 0.127800 0.076600 0.231800 0.168500 0.109900 0.173200 0.050300 0.127500 0.024200 0.050300 0.050600 0.168200 0.173400 0.151800 0.222000 0.131700 0.127500 0.050300 0.131300 0.073900 0.135600 0.078200 0.076600 0.101200
Daviddeer 0.482900 0.634900 0.428900 0.810800 0.390000 0.482900 0.454600 0.389300 0.456000 0.318500 0.415400 0.390000 0.314800 0.532800 0.443700 0.518300 0.394300 0.389000 0.415400 0.426000 0.449700 0.445200 0.000000 0.360200 0.440100 0.612300 0.314800 0.458500 0.528400 0.428900 0.364700 0.590400 0.368000 0.333300 0.390000 0.501700 0.415400 0.390000 0.392600 0.365400 0.335000 0.518300 0.349300 0.383300 0.501700 0.390000 0.513600 0.382000 0.528800 0.439400 0.428900 0.458400
Reindeer 0.168900 0.261600 0.112900 0.343600 0.083200 0.168900 0.139100 0.114200 0.140200 0.083900 0.110700 0.083200 0.112600 0.199400 0.135200 0.195700 0.055700 0.083300 0.110700 0.113200 0.139200 0.138000 0.360200 0.000000 0.136300 0.260200 0.112600 0.140200 0.199600 0.112900 0.117600 0.220200 0.028000 0.120000 0.083200 0.169300 0.110700 0.083200 0.083800 0.057000 0.086000 0.195700 0.111700 0.082400 0.169300 0.083200 0.175000 0.108500 0.181500 0.115600 0.112900 0.140000
Ibex 0.072600 0.340100 0.075800 0.387600 0.049800 0.072100 0.048500 0.105100 0.100500 0.190600 0.023800 0.049800 0.103900 0.098700 0.097200 0.150300 0.077700 0.103300 0.023800 0.075100 0.099200 0.047500 0.440100 0.136300 0.000000 0.206500 0.103900 0.100500 0.126500 0.075800 0.228500 0.166500 0.108500 0.170900 0.049800 0.126400 0.023800 0.049800 0.050100 0.166200 0.171200 0.150300 0.219200 0.130200 0.126400 0.049800 0.130000 0.073200 0.133900 0.077300 0.075800 0.100300
GyrantGaze 0.178300 0.412000 0.188000 0.416700 0.158200 0.178300 0.212400 0.223500 0.213100 0.320800 0.182800 0.158200 0.221400 0.272100 0.205800 0.047800 0.192700 0.219300 0.182800 0.187200 0.210400 0.208300 0.612300 0.260200 0.206500 0.000000 0.221400 0.213800 0.099100 0.188000 0.368100 0.296900 0.231100 0.304900 0.158200 0.209200 0.182800 0.158200 0.159400 0.296900 0.307100 0.047800 0.351600 0.249300 0.209200 0.158200 0.249500 0.181000 0.192000 0.191700 0.188000 0.213700
Hartebeest 0.133500 0.320500 0.081200 0.369200 0.053200 0.133500 0.106800 0.053000 0.107400 0.110100 0.079000 0.053200 0.000000 0.163300 0.103800 0.160600 0.053800 0.080400 0.079000 0.080800 0.105700 0.105000 0.314800 0.112600 0.103900 0.221400 0.000000 0.107500 0.163500 0.081200 0.144100 0.179200 0.084600 0.055500 0.053200 0.135300 0.079000 0.053200 0.053500 0.144200 0.115100 0.160600 0.138200 0.108100 0.135300 0.053200 0.139200 0.078200 0.143600 0.082800 0.081200 0.107300
Bongo 0.128900 0.352400 0.025300 0.403600 0.051100 0.128900 0.050000 0.108600 0.050100 0.197300 0.076300 0.051100 0.107500 0.102100 0.100300 0.155300 0.080300 0.106600 0.076300 0.025300 0.102200 0.101400 0.458500 0.140200 0.100500 0.213800 0.107500 0.000000 0.157900 0.025300 0.236700 0.110600 0.112200 0.177000 0.051100 0.130000 0.076300 0.051100 0.051700 0.142500 0.177600 0.155300 0.226700 0.134500 0.130000 0.051100 0.134300 0.075600 0.138300 0.079400 0.025400 0.050100
Gerenuk 0.100500 0.427100 0.132400 0.481600 0.104200 0.100500 0.156900 0.164400 0.157900 0.257900 0.102500 0.104200 0.163500 0.213500 0.152700 0.048000 0.135900 0.162600 0.102500 0.131900 0.155700 0.127800 0.528400 0.199600 0.126500 0.099100 0.163500 0.157900 0.000000 0.132400 0.301300 0.233400 0.171100 0.240000 0.104200 0.185700 0.102500 0.104200 0.104200 0.233400 0.240800 0.048500 0.288400 0.192000 0.185700 0.104200 0.190800 0.127600 0.135300 0.135100 0.132400 0.157600
CommonElan 0.103800 0.321900 0.000000 0.370500 0.025700 0.103800 0.025300 0.082000 0.025300 0.170200 0.051200 0.025700 0.081200 0.077000 0.075700 0.130200 0.053900 0.080600 0.051200 0.000000 0.077100 0.076600 0.428900 0.112900 0.075800 0.188000 0.081200 0.025300 0.132400 0.000000 0.208600 0.083600 0.084800 0.148600 0.025900 0.104500 0.051200 0.025700 0.026100 0.144500 0.149000 0.130200 0.199600 0.108400 0.104500 0.025700 0.108100 0.050700 0.111500 0.053300 0.000000 0.025200
MuntiacusR 0.265900 0.301100 0.208600 0.386500 0.175500 0.265900 0.234800 0.210900 0.236700 0.027400 0.203000 0.175500 0.144100 0.301800 0.228100 0.294900 0.147900 0.177000 0.203000 0.207600 0.233800 0.231800 0.364700 0.117600 0.228500 0.368100 0.144100 0.236700 0.301300 0.208600 0.000000 0.335400 0.120200 0.089500 0.175500 0.269300 0.203000 0.175500 0.176900 0.118900 0.153600 0.294900 0.055400 0.144000 0.269300 0.175500 0.278500 0.200100 0.289700 0.214100 0.208600 0.236500
HarveysDui 0.200200 0.425900 0.083600 0.544700 0.112900 0.200200 0.109800 0.181600 0.110600 0.284900 0.140800 0.112900 0.179200 0.109300 0.166100 0.228900 0.149000 0.178200 0.140800 0.083800 0.169800 0.168500 0.590400 0.220200 0.166500 0.296900 0.179200 0.110600 0.233400 0.083600 0.335400 0.000000 0.188700 0.266400 0.112900 0.201300 0.140800 0.112900 0.114500 0.258300 0.267300 0.228900 0.318900 0.210000 0.201300 0.112900 0.174300 0.139000 0.216700 0.085200 0.083600 0.110400
Pronghorn 0.140100 0.226900 0.084800 0.306300 0.055500 0.140100 0.111400 0.085700 0.112300 0.085700 0.082600 0.055500 0.084600 0.170900 0.108300 0.167800 0.027700 0.055600 0.082600 0.084500 0.110800 0.109900 0.368000 0.028000 0.108500 0.231100 0.084600 0.112200 0.171100 0.084800 0.120200 0.188700 0.000000 0.090100 0.055500 0.141000 0.082600 0.055500 0.056000 0.058200 0.089500 0.167800 0.114100 0.084200 0.141000 0.055500 0.145800 0.081500 0.151300 0.086800 0.084800 0.112000
BlueWildeb 0.206100 0.265400 0.148600 0.348800 0.116700 0.206100 0.175700 0.116300 0.177100 0.117000 0.144600 0.116700 0.055700 0.239900 0.170600 0.235100 0.118300 0.147400 0.144600 0.148000 0.174500 0.173200 0.333300 0.120000 0.170900 0.304900 0.055500 0.177000 0.240000 0.148600 0.089500 0.266400 0.090100 0.000000 0.116700 0.208300 0.144600 0.116700 0.117500 0.153600 0.122700 0.235100 0.147000 0.178500 0.208300 0.116700 0.215200 0.142700 0.223500 0.152300 0.148600 0.176600
Gemsbok 0.076700 0.283700 0.025700 0.329800 0.000000 0.076700 0.050800 0.053800 0.051100 0.139300 0.025200 0.000000 0.053200 0.104000 0.049600 0.102400 0.026500 0.052800 0.025200 0.025800 0.050600 0.050300 0.390000 0.083200 0.049800 0.158200 0.053200 0.051100 0.104200 0.025900 0.175500 0.112900 0.055500 0.116700 0.000000 0.076900 0.025200 0.000000 0.000000 0.113500 0.116800 0.102400 0.168000 0.079900 0.076900 0.000000 0.079700 0.024900 0.082200 0.026200 0.025700 0.051000
Yak 0.155700 0.342400 0.104500 0.334400 0.076900 0.155700 0.129200 0.136600 0.129700 0.227700 0.102300 0.075900 0.135300 0.185800 0.126100 0.182700 0.107600 0.134000 0.102300 0.104700 0.128400 0.127500 0.501700 0.169300 0.126400 0.209200 0.135300 0.130000 0.185700 0.104500 0.269300 0.201300 0.141000 0.208300 0.076900 0.000000 0.102300 0.076900 0.078000 0.202700 0.208900 0.182700 0.258000 0.162500 0.000000 0.076900 0.162400 0.101300 0.167400 0.106400 0.104500 0.129800
BlueSheep 0.048900 0.313900 0.051200 0.361200 0.025200 0.049000 0.075800 0.080000 0.076400 0.165700 0.000000 0.025200 0.079000 0.128800 0.073900 0.126800 0.052600 0.078600 0.000000 0.051200 0.075400 0.024200 0.415400 0.110700 0.023800 0.182800 0.079000 0.076300 0.102500 0.051200 0.203000 0.140800 0.082600 0.144600 0.025200 0.102300 0.000000 0.025200 0.025400 0.140500 0.144800 0.126800 0.194500 0.105600 0.102300 0.025200 0.105300 0.049400 0.108700 0.052300 0.051200 0.076200
BohorReedb 0.076700 0.283700 0.025700 0.329800 0.000000 0.076700 0.050800 0.053800 0.051100 0.139300 0.025200 0.000000 0.053200 0.104000 0.049600 0.102400 0.026500 0.052800 0.025200 0.025800 0.050600 0.050300 0.390000 0.083200 0.049800 0.158200 0.053200 0.051100 0.104200 0.025700 0.175500 0.112900 0.055500 0.116700 0.000000 0.076900 0.025200 0.000000 0.000000 0.113500 0.116800 0.102400 0.168000 0.079900 0.076900 0.000000 0.079700 0.024900 0.082200 0.026200 0.025700 0.051000
KirksDik 0.077300 0.285900 0.026100 0.332700 0.000000 0.077300 0.051400 0.053100 0.051700 0.140400 0.025400 0.000000 0.053500 0.104700 0.050000 0.102800 0.026700 0.053200 0.025400 0.025900 0.051000 0.050600 0.392600 0.083800 0.050100 0.159400 0.053500 0.051700 0.104200 0.026100 0.176900 0.114500 0.056000 0.117500 0.000000 0.078000 0.025400 0.000000 0.000000 0.114300 0.117700 0.102500 0.169300 0.080700 0.078000 0.000000 0.080200 0.025100 0.082800 0.026600 0.026100 0.051600
RoeDeer 0.199800 0.299800 0.144500 0.384300 0.113500 0.199800 0.171000 0.145900 0.172100 0.084900 0.140500 0.113500 0.144200 0.233700 0.165900 0.229000 0.086000 0.114300 0.140500 0.143800 0.169600 0.168200 0.365400 0.057000 0.166200 0.296900 0.144200 0.142500 0.233400 0.144500 0.118900 0.258300 0.058200 0.153600 0.113500 0.202700 0.140500 0.113500 0.114300 0.000000 0.089300 0.229000 0.113700 0.083900 0.202700 0.113500 0.209300 0.138800 0.217000 0.147900 0.144500 0.172100
WhiteLippe 0.206200 0.346800 0.149000 0.438300 0.116800 0.206200 0.176200 0.116500 0.177400 0.116800 0.144800 0.116800 0.115100 0.240900 0.170900 0.236000 0.117600 0.146500 0.144800 0.148300 0.174700 0.173400 0.335000 0.086000 0.171200 0.307100 0.115100 0.177600 0.240800 0.149000 0.153600 0.267300 0.089500 0.122700 0.116800 0.208900 0.144800 0.116800 0.117700 0.089300 0.000000 0.236000 0.145600 0.114500 0.208900 0.116800 0.216000 0.142900 0.223300 0.152500 0.149000 0.177200
ThomsonGaz 0.124200 0.416300 0.130200 0.469200 0.102400 0.124200 0.154300 0.161300 0.155100 0.252800 0.126800 0.102400 0.160600 0.209800 0.150100 0.000000 0.133400 0.159500 0.126800 0.129600 0.152900 0.151800 0.518300 0.195700 0.150300 0.047800 0.160600 0.155300 0.048500 0.130200 0.294900 0.228900 0.167800 0.235100 0.102400 0.182700 0.126800 0.102400 0.102500 0.229000 0.236000 0.000000 0.282500 0.188400 0.182700 0.102400 0.187400 0.125500 0.132700 0.132600 0.130200 0.155000
MuntiacusC 0.254700 0.364400 0.199600 0.451700 0.168000 0.254700 0.225000 0.201800 0.226700 0.026400 0.194500 0.168000 0.138200 0.288700 0.218800 0.282500 0.140500 0.168200 0.194500 0.198800 0.223800 0.222000 0.349300 0.111700 0.219200 0.351600 0.138200 0.226700 0.288400 0.199600 0.055400 0.318900 0.114100 0.147000 0.168000 0.258000 0.194500 0.168000 0.169300 0.113700 0.145600 0.282500 0.000000 0.137000 0.258000 0.168000 0.266100 0.191900 0.276100 0.204500 0.199600 0.226400
WhiteTaile 0.161000 0.322900 0.108400 0.371500 0.079900 0.161000 0.133600 0.109700 0.134600 0.109800 0.105600 0.079900 0.108100 0.191200 0.130000 0.188400 0.053100 0.080000 0.105600 0.107900 0.133100 0.131700 0.383300 0.082400 0.130200 0.249300 0.108100 0.134500 0.192000 0.108400 0.144000 0.210000 0.084200 0.178500 0.079900 0.162500 0.105600 0.079900 0.080700 0.083900 0.114500 0.188400 0.137000 0.000000 0.162500 0.079900 0.168000 0.104300 0.173300 0.110700 0.108400 0.134300
Cattle 0.155700 0.342400 0.104500 0.334400 0.076900 0.155700 0.129200 0.136600 0.129700 0.227700 0.102300 0.076900 0.135300 0.185800 0.126100 0.182700 0.107600 0.134000 0.102300 0.104700 0.128400 0.127500 0.501700 0.169300 0.126400 0.209200 0.135300 0.130000 0.185700 0.104500 0.269300 0.201300 0.141000 0.208300 0.076900 0.000000 0.102300 0.076900 0.078000 0.202700 0.208900 0.182700 0.258000 0.162500 0.000000 0.076900 0.162400 0.101300 0.167400 0.106400 0.104500 0.129800
RoyalAntel 0.076700 0.283700 0.025900 0.329800 0.000000 0.076700 0.050800 0.053800 0.051100 0.139300 0.025200 0.000000 0.053200 0.104000 0.049600 0.102400 0.026500 0.052800 0.025200 0.025800 0.050600 0.050300 0.390000 0.083200 0.049800 0.158200 0.053200 0.051100 0.104200 0.025700 0.175500 0.112900 0.055500 0.116700 0.000000 0.076900 0.025200 0.000000 0.000000 0.113500 0.116800 0.102400 0.168000 0.079900 0.076900 0.000000 0.079700 0.024900 0.082200 0.026100 0.025900 0.051000
Steenbok 0.160500 0.314300 0.108100 0.460300 0.079700 0.160500 0.133400 0.140800 0.134200 0.235000 0.105300 0.079700 0.139200 0.190800 0.129600 0.187400 0.111000 0.138200 0.105300 0.107700 0.077300 0.131300 0.513600 0.175000 0.130000 0.249500 0.139200 0.134300 0.190800 0.108100 0.278500 0.174300 0.145800 0.215200 0.079700 0.162400 0.105300 0.079700 0.080200 0.209300 0.216000 0.187400 0.266100 0.168000 0.162400 0.079700 0.000000 0.104100 0.172600 0.110400 0.108100 0.134000
Impala 0.100200 0.308300 0.050700 0.354200 0.024900 0.100200 0.075100 0.079000 0.075500 0.163600 0.049400 0.024900 0.078200 0.127500 0.073000 0.125500 0.051900 0.077600 0.049400 0.050500 0.074400 0.073900 0.382000 0.108500 0.073200 0.181000 0.078200 0.075600 0.127600 0.050700 0.200100 0.139000 0.081500 0.142700 0.024900 0.101300 0.049400 0.024900 0.025100 0.138800 0.142900 0.125500 0.191900 0.104300 0.101300 0.024900 0.104100 0.000000 0.107300 0.051600 0.050700 0.075400
Klipspring 0.106600 0.425400 0.111500 0.482500 0.082200 0.106600 0.137400 0.145600 0.138500 0.243600 0.108700 0.082200 0.143600 0.196700 0.134500 0.132700 0.114700 0.143000 0.108700 0.111000 0.136700 0.135600 0.528800 0.181500 0.133900 0.192000 0.143600 0.138300 0.135300 0.111500 0.289700 0.216700 0.151300 0.223500 0.082200 0.167400 0.108700 0.082200 0.082800 0.217000 0.223300 0.132700 0.276100 0.173300 0.167400 0.082200 0.172600 0.107300 0.000000 0.114100 0.111500 0.138100
ForestMusk 0.106100 0.332000 0.053300 0.382300 0.026200 0.106100 0.078900 0.083800 0.079400 0.174200 0.052300 0.026200 0.082800 0.134500 0.077200 0.132600 0.055100 0.082300 0.052300 0.053400 0.078800 0.078200 0.439400 0.115600 0.077300 0.191700 0.082800 0.079400 0.135100 0.053300 0.214100 0.085200 0.086800 0.152300 0.026200 0.106400 0.052300 0.026200 0.026600 0.147900 0.152500 0.132600 0.204500 0.110700 0.106400 0.026100 0.110400 0.051600 0.114100 0.000000 0.053300 0.079200
Bushbuck 0.103800 0.321900 0.000000 0.370500 0.025700 0.103800 0.025100 0.082000 0.025300 0.170200 0.051200 0.025700 0.081200 0.077000 0.075700 0.130200 0.053900 0.080600 0.051200 0.000000 0.077100 0.076600 0.428900 0.112900 0.075800 0.188000 0.081200 0.025400 0.132400 0.000000 0.208600 0.083600 0.084800 0.148600 0.025700 0.104500 0.051200 0.025700 0.026100 0.144500 0.149000 0.130200 0.199600 0.108400 0.104500 0.025900 0.108100 0.050700 0.111500 0.053300 0.000000 0.025200
GreaterKud 0.128700 0.352000 0.025200 0.401900 0.051000 0.128700 0.049800 0.108400 0.050000 0.197100 0.076200 0.051000 0.107300 0.101800 0.100100 0.155000 0.080200 0.106500 0.076200 0.025200 0.102000 0.101200 0.458400 0.140000 0.100300 0.213700 0.107300 0.050100 0.157600 0.025200 0.236500 0.110400 0.112000 0.176600 0.051000 0.129800 0.076200 0.051000 0.051600 0.172100 0.177200 0.155000 0.226400 0.134300 0.129800 0.051000 0.134000 0.075400 0.138100 0.079200 0.025200 0.000000
