1
52 1
Argali 0.000000 0.376200 0.030400 0.202400 0.030300 0.000000 0.010000 0.020100 0.030400 0.094100 0.000000 0.030000 0.010000 0.000100 0.030300 0.040800 0.051100 0.051300 0.000000 0.030400 0.010000 0.000000 0.094200 0.072800 0.000000 0.040900 0.000100 0.040900 0.020100 0.030400 0.105100 0.000100 0.093500 0.000100 0.000000 0.030300 0.000000 0.040700 0.040700 0.116300 0.094200 0.030300 0.105300 0.105400 0.030300 0.010000 0.010000 0.020400 0.010000 0.072900 0.030400 0.030400
LesserMous 0.376200 0.000000 0.378500 0.442800 0.408400 0.376200 0.391000 0.408500 0.378500 0.360800 0.373200 0.355700 0.392600 0.376900 0.363100 0.377900 0.357700 0.357200 0.373200 0.378500 0.392700 0.373200 0.358000 0.362100 0.373200 0.392700 0.376700 0.394600 0.376900 0.378500 0.347000 0.376900 0.357500 0.376700 0.373200 0.393000 0.373200 0.425000 0.394300 0.376800 0.354900 0.391200 0.344000 0.374200 0.393000 0.390700 0.391700 0.367500 0.392700 0.360800 0.378500 0.378500
LesserKudu 0.030400 0.378500 0.000000 0.216400 0.061800 0.030400 0.040900 0.051300 0.000000 0.105400 0.030200 0.009900 0.040700 0.030500 0.061800 0.072900 0.061800 0.062100 0.030200 0.000000 0.040800 0.030200 0.094400 0.084200 0.030200 0.072900 0.030400 0.009600 0.051200 0.000000 0.116700 0.030500 0.082900 0.030400 0.030200 0.020100 0.030200 0.072700 0.072600 0.128300 0.094300 0.062100 0.105500 0.116900 0.020100 0.040800 0.040800 0.041500 0.040900 0.062100 0.000000 0.000000
KillerWhal 0.202400 0.442800 0.216400 0.000000 0.227700 0.202400 0.215600 0.229000 0.216400 0.239300 0.200900 0.213000 0.214800 0.203100 0.241500 0.203400 0.176800 0.177600 0.200900 0.216400 0.190200 0.200900 0.240000 0.215300 0.200900 0.256900 0.202700 0.216600 0.228300 0.216400 0.252400 0.203100 0.212700 0.202700 0.200900 0.215300 0.200900 0.241600 0.255300 0.265600 0.240000 0.228200 0.252900 0.254200 0.215300 0.215700 0.215800 0.232800 0.215100 0.215900 0.216400 0.216400
DefassaWat 0.030300 0.408400 0.061800 0.227700 0.000000 0.030300 0.020200 0.051000 0.062500 0.105100 0.030100 0.061100 0.040500 0.030400 0.061500 0.072200 0.082900 0.083300 0.030100 0.061800 0.037400 0.030100 0.105300 0.083900 0.030100 0.072500 0.030200 0.065600 0.050900 0.061800 0.116300 0.030400 0.127100 0.030200 0.030100 0.061500 0.030100 0.030200 0.072300 0.105000 0.105100 0.061700 0.116500 0.116400 0.061500 0.040600 0.040600 0.052000 0.040700 0.105700 0.061800 0.061800
Sheep 0.000000 0.376200 0.030400 0.202400 0.030300 0.000000 0.010000 0.020100 0.030400 0.094100 0.000000 0.030000 0.010000 0.000100 0.030300 0.040800 0.051100 0.051300 0.000000 0.030400 0.010000 0.000000 0.094200 0.072800 0.000000 0.040900 0.000100 0.040900 0.020100 0.030400 0.105100 0.000100 0.093500 0.000100 0.000000 0.030300 0.000000 0.040700 0.040700 0.116300 0.094200 0.030300 0.105300 0.105400 0.030300 0.010000 0.010000 0.020400 0.010000 0.072900 0.030400 0.030400
MaxwellsDu 0.010000 0.391000 0.040900 0.215600 0.020200 0.010000 0.000000 0.030500 0.040900 0.083400 0.009900 0.040400 0.020100 0.009700 0.040800 0.051500 0.061900 0.062200 0.009900 0.040900 0.020200 0.009900 0.083600 0.062300 0.009900 0.051600 0.010000 0.051600 0.030400 0.040900 0.094400 0.010000 0.104800 0.010000 0.009900 0.040700 0.009900 0.051300 0.051300 0.105400 0.083600 0.040800 0.094600 0.094700 0.040700 0.020200 0.020200 0.030900 0.020100 0.084000 0.040900 0.040900
GazellaPrz 0.020100 0.408500 0.051300 0.229000 0.051000 0.020100 0.030500 0.000000 0.051300 0.116200 0.020000 0.050700 0.030300 0.020200 0.051100 0.062000 0.072500 0.051500 0.020000 0.051300 0.030400 0.020000 0.116400 0.095000 0.020000 0.062100 0.020100 0.062100 0.040600 0.051300 0.127500 0.020200 0.116100 0.020100 0.020000 0.051100 0.020000 0.040700 0.061700 0.138900 0.094300 0.051400 0.127700 0.128100 0.051100 0.009700 0.030400 0.041500 0.030400 0.073000 0.047000 0.051300
MountainNy 0.030400 0.378500 0.000000 0.216400 0.062500 0.030400 0.040900 0.051300 0.000000 0.105400 0.030200 0.009900 0.040700 0.030500 0.061800 0.072900 0.061800 0.062100 0.030200 0.000000 0.040800 0.030200 0.094400 0.084200 0.030200 0.072900 0.030400 0.009600 0.051200 0.000000 0.117100 0.030500 0.082900 0.030400 0.030200 0.020100 0.030200 0.072700 0.072600 0.128000 0.094300 0.062100 0.105500 0.116900 0.019100 0.040800 0.040800 0.041500 0.040900 0.062100 0.000000 0.000000
MuntiacusM 0.094100 0.360800 0.105400 0.239300 0.105100 0.094100 0.083400 0.116200 0.105400 0.000000 0.093300 0.104300 0.104900 0.094400 0.105100 0.094200 0.082400 0.082700 0.093300 0.105400 0.105100 0.093300 0.019900 0.020100 0.093300 0.116600 0.093900 0.116800 0.093900 0.105400 0.009900 0.094400 0.126500 0.093900 0.093300 0.104900 0.093300 0.139200 0.116400 0.040400 0.040300 0.105300 0.009900 0.050700 0.104900 0.104900 0.104900 0.118700 0.105400 0.105100 0.105400 0.105400
goat 0.000000 0.373200 0.030200 0.200900 0.030100 0.000000 0.009900 0.020000 0.030200 0.093300 0.000000 0.029700 0.009900 0.000100 0.030100 0.040600 0.050800 0.051000 0.000000 0.030200 0.009900 0.000000 0.093500 0.072300 0.000000 0.040600 0.000000 0.040600 0.019900 0.030200 0.104400 0.000100 0.092900 0.000000 0.000000 0.030100 0.000000 0.040400 0.040400 0.115400 0.093500 0.030100 0.104500 0.104700 0.030100 0.009900 0.009900 0.020300 0.009900 0.072400 0.030200 0.030200
AfricanBuf 0.030000 0.355700 0.009900 0.213000 0.061100 0.030000 0.040400 0.050700 0.009900 0.104300 0.029700 0.000000 0.040200 0.030100 0.061100 0.072100 0.061100 0.061400 0.029700 0.009900 0.040400 0.029700 0.082300 0.083000 0.029700 0.072100 0.030000 0.020000 0.050600 0.009900 0.115400 0.030100 0.081700 0.030000 0.029700 0.019900 0.029700 0.071800 0.071800 0.126600 0.082300 0.061200 0.093200 0.115600 0.019900 0.040300 0.040300 0.030500 0.040300 0.061400 0.009900 0.009900
Topi 0.010000 0.392600 0.040700 0.214800 0.040500 0.010000 0.020100 0.030300 0.040700 0.104900 0.009900 0.040200 0.000000 0.010000 0.040500 0.051200 0.061500 0.061700 0.009900 0.040700 0.020100 0.009900 0.105000 0.083700 0.009900 0.051200 0.010000 0.051200 0.030200 0.040700 0.116000 0.010000 0.104600 0.009600 0.009900 0.040500 0.009900 0.051000 0.051000 0.127300 0.104900 0.040700 0.116200 0.116200 0.040500 0.020100 0.020100 0.030800 0.020100 0.083500 0.040700 0.040700
CommonDuik 0.000100 0.376900 0.030500 0.203100 0.030400 0.000100 0.009700 0.020200 0.030500 0.094400 0.000100 0.030100 0.010000 0.000000 0.030400 0.041000 0.051300 0.051600 0.000100 0.030500 0.010100 0.000100 0.094500 0.073100 0.000100 0.041000 0.000000 0.041000 0.020200 0.030500 0.105500 0.000000 0.093900 0.000000 0.000100 0.030400 0.000100 0.040800 0.040800 0.116700 0.094500 0.030500 0.105600 0.105800 0.030400 0.010000 0.010000 0.020500 0.010000 0.073100 0.030500 0.030500
Suni 0.030300 0.363100 0.061800 0.241500 0.061500 0.030300 0.040800 0.051100 0.061800 0.105100 0.030100 0.061100 0.040500 0.030400 0.000000 0.051300 0.083100 0.083500 0.030100 0.061800 0.040700 0.030100 0.127800 0.106200 0.030100 0.051300 0.030300 0.072700 0.030300 0.061800 0.116400 0.030400 0.127400 0.030300 0.030100 0.061500 0.030100 0.072400 0.051100 0.127700 0.127700 0.040800 0.116500 0.116500 0.061500 0.040600 0.040600 0.052100 0.040800 0.105900 0.056400 0.061800
Springbuck 0.040800 0.377900 0.072900 0.203400 0.072200 0.040800 0.051500 0.062000 0.072900 0.094200 0.040600 0.072100 0.051200 0.041000 0.051300 0.000000 0.072600 0.072900 0.040600 0.072900 0.051400 0.040600 0.116700 0.095200 0.040600 0.040900 0.040800 0.083200 0.040800 0.072900 0.105300 0.041000 0.116300 0.040800 0.040600 0.072600 0.040600 0.083600 0.061900 0.116500 0.116700 0.030500 0.105400 0.128300 0.072600 0.051300 0.051300 0.063200 0.051500 0.095000 0.072900 0.072900
Okapi 0.051100 0.357700 0.061800 0.176800 0.082900 0.051100 0.061900 0.072500 0.061800 0.082400 0.050800 0.061100 0.061500 0.051300 0.083100 0.072600 0.000000 0.020100 0.050800 0.061800 0.061800 0.050800 0.082600 0.061800 0.050800 0.094700 0.050900 0.051300 0.072300 0.061800 0.093300 0.051300 0.082400 0.051000 0.050800 0.061500 0.050800 0.094100 0.094000 0.104100 0.082700 0.061800 0.093400 0.093700 0.061500 0.061700 0.061700 0.073700 0.061800 0.061700 0.061800 0.061800
Giraffe 0.051300 0.357200 0.062100 0.177600 0.083300 0.051300 0.062200 0.051500 0.062100 0.082700 0.051000 0.061400 0.061700 0.051600 0.083500 0.072900 0.020100 0.000000 0.051000 0.062100 0.062100 0.051000 0.082900 0.062000 0.051000 0.095200 0.051300 0.051500 0.072600 0.062100 0.093600 0.051600 0.082800 0.051300 0.051000 0.061800 0.051000 0.072800 0.094500 0.104500 0.061600 0.062100 0.093700 0.094200 0.061800 0.040900 0.062100 0.074100 0.062100 0.040900 0.062100 0.062100
TibetanAnt 0.000000 0.373200 0.030200 0.200900 0.030100 0.000000 0.009900 0.020000 0.030200 0.093300 0.000000 0.029700 0.009900 0.000100 0.030100 0.040600 0.050800 0.051000 0.000000 0.030200 0.009900 0.000000 0.093500 0.072300 0.000000 0.040600 0.000000 0.040600 0.019900 0.030200 0.104400 0.000100 0.092900 0.000000 0.000000 0.030100 0.000000 0.040400 0.040400 0.115400 0.093500 0.030100 0.104500 0.104700 0.030100 0.009900 0.009900 0.020300 0.009900 0.072400 0.030200 0.030200
Sitatunga 0.030400 0.378500 0.000000 0.216400 0.061800 0.030400 0.040900 0.051300 0.000000 0.105400 0.030200 0.009900 0.040700 0.030500 0.061800 0.072900 0.061800 0.062100 0.030200 0.000000 0.040800 0.030200 0.094400 0.084200 0.030200 0.072900 0.030400 0.009600 0.051200 0.000000 0.116700 0.030500 0.082900 0.030400 0.030200 0.020100 0.030200 0.072700 0.072600 0.128000 0.094300 0.062100 0.105500 0.116900 0.019000 0.040800 0.040800 0.041500 0.040900 0.062100 0.000000 0.000000
Oribi 0.010000 0.392700 0.040800 0.190200 0.037400 0.010000 0.020200 0.030400 0.040800 0.105100 0.009900 0.040400 0.020100 0.010100 0.040700 0.051400 0.061800 0.062100 0.009900 0.040800 0.000000 0.009900 0.105300 0.084000 0.009900 0.051400 0.009700 0.051400 0.030300 0.040800 0.116300 0.010100 0.104900 0.009600 0.009900 0.040600 0.009900 0.046900 0.051100 0.127300 0.105300 0.040900 0.116500 0.116800 0.040600 0.019400 0.020100 0.030900 0.020200 0.083800 0.040800 0.040800
BarbaryShe 0.000000 0.373200 0.030200 0.200900 0.030100 0.000000 0.009900 0.020000 0.030200 0.093300 0.000000 0.029700 0.009900 0.000100 0.030100 0.040600 0.050800 0.051000 0.000000 0.030200 0.009900 0.000000 0.093500 0.072300 0.000000 0.040600 0.000000 0.040600 0.019900 0.030200 0.104400 0.000100 0.092900 0.000000 0.000000 0.030100 0.000000 0.040400 0.040400 0.115400 0.093500 0.030100 0.104500 0.104700 0.030100 0.009900 0.009900 0.020300 0.009900 0.072400 0.030200 0.030200
Daviddeer 0.094200 0.358000 0.094400 0.240000 0.105300 0.094200 0.083600 0.116400 0.094400 0.019900 0.093500 0.082300 0.105000 0.094500 0.127800 0.116700 0.082600 0.082900 0.093500 0.094400 0.105300 0.093500 0.000000 0.020200 0.093500 0.139800 0.094000 0.105600 0.116300 0.094400 0.030000 0.094500 0.126600 0.094000 0.093500 0.105100 0.093500 0.139500 0.139500 0.061300 0.019900 0.128100 0.009600 0.050800 0.105100 0.105100 0.105200 0.095800 0.105600 0.105300 0.094400 0.094400
Reindeer 0.072800 0.362100 0.084200 0.215300 0.083900 0.072800 0.062300 0.095000 0.084200 0.020100 0.072300 0.083000 0.083700 0.073100 0.106200 0.095200 0.061800 0.062000 0.072300 0.084200 0.084000 0.072300 0.020200 0.000000 0.072300 0.117900 0.072900 0.095500 0.094800 0.084200 0.030400 0.073100 0.104900 0.072900 0.072300 0.083800 0.072300 0.117600 0.117600 0.040700 0.020100 0.106100 0.030400 0.030400 0.083800 0.083800 0.083900 0.096600 0.083900 0.084000 0.084200 0.084200
Ibex 0.000000 0.373200 0.030200 0.200900 0.030100 0.000000 0.009900 0.020000 0.030200 0.093300 0.000000 0.029700 0.009900 0.000100 0.030100 0.040600 0.050800 0.051000 0.000000 0.030200 0.009900 0.000000 0.093500 0.072300 0.000000 0.040600 0.000000 0.040600 0.019900 0.030200 0.104400 0.000100 0.092900 0.000000 0.000000 0.030100 0.000000 0.040400 0.040400 0.115400 0.093500 0.030100 0.104500 0.104700 0.030100 0.009900 0.009900 0.020300 0.009900 0.072400 0.030200 0.030200
GyrantGaze 0.040900 0.392700 0.072900 0.256900 0.072500 0.040900 0.051600 0.062100 0.072900 0.116600 0.040600 0.072100 0.051200 0.041000 0.051300 0.040900 0.094700 0.095200 0.040600 0.072900 0.051400 0.040600 0.139800 0.117900 0.040600 0.000000 0.040800 0.084100 0.040800 0.072900 0.128000 0.041000 0.139400 0.040800 0.040600 0.061800 0.040600 0.083600 0.040800 0.139400 0.140000 0.030500 0.128200 0.152000 0.061800 0.051400 0.051400 0.063200 0.051500 0.117800 0.072900 0.072900
Hartebeest 0.000100 0.376700 0.030400 0.202700 0.030200 0.000100 0.010000 0.020100 0.030400 0.093900 0.000000 0.030000 0.010000 0.000000 0.030300 0.040800 0.050900 0.051300 0.000000 0.030400 0.009700 0.000000 0.094000 0.072900 0.000000 0.040800 0.000000 0.040800 0.020100 0.030400 0.104900 0.000000 0.093700 0.000000 0.000000 0.030200 0.000000 0.040600 0.040600 0.116100 0.094000 0.030400 0.105100 0.105200 0.030200 0.010000 0.009700 0.020500 0.010000 0.072800 0.030400 0.030400
Bongo 0.040900 0.394600 0.009600 0.216600 0.065600 0.040900 0.051600 0.062100 0.009600 0.116800 0.040600 0.020000 0.051200 0.041000 0.072700 0.083200 0.051300 0.051500 0.040600 0.009600 0.051400 0.040600 0.105600 0.095500 0.040600 0.084100 0.040800 0.000000 0.061900 0.010000 0.128200 0.041000 0.094000 0.040800 0.040600 0.030300 0.040600 0.083700 0.083600 0.139700 0.105600 0.051400 0.116800 0.128700 0.030300 0.051400 0.051400 0.052300 0.051500 0.073000 0.010000 0.009600
Gerenuk 0.020100 0.376900 0.051200 0.228300 0.050900 0.020100 0.030400 0.040600 0.051200 0.093900 0.019900 0.050600 0.030200 0.020200 0.030300 0.040800 0.072300 0.072600 0.019900 0.051200 0.030300 0.019900 0.116300 0.094800 0.019900 0.040800 0.020100 0.061900 0.000000 0.051200 0.104900 0.020200 0.115900 0.020100 0.019900 0.050900 0.019900 0.061600 0.040600 0.116100 0.116300 0.030400 0.105100 0.127800 0.050900 0.030300 0.030300 0.041400 0.030400 0.094600 0.051200 0.051200
CommonElan 0.030400 0.378500 0.000000 0.216400 0.061800 0.030400 0.040900 0.051300 0.000000 0.105400 0.030200 0.009900 0.040700 0.030500 0.061800 0.072900 0.061800 0.062100 0.030200 0.000000 0.040800 0.030200 0.094400 0.084200 0.030200 0.072900 0.030400 0.010000 0.051200 0.000000 0.116900 0.030500 0.082900 0.030400 0.030200 0.020100 0.030200 0.072700 0.072600 0.128000 0.094300 0.062100 0.105500 0.116900 0.020100 0.040800 0.040800 0.041500 0.040900 0.062100 0.000000 0.000000
MuntiacusR 0.105100 0.347000 0.116700 0.252400 0.116300 0.105100 0.094400 0.127500 0.117100 0.009900 0.104400 0.115400 0.116000 0.105500 0.116400 0.105300 0.093300 0.093600 0.104400 0.116700 0.116300 0.104400 0.030000 0.030400 0.104400 0.128000 0.104900 0.128200 0.104900 0.116900 0.000000 0.105500 0.137900 0.104900 0.104400 0.116100 0.104400 0.150800 0.127700 0.050100 0.050600 0.116500 0.019900 0.061200 0.116100 0.116100 0.116100 0.130200 0.116600 0.116300 0.116700 0.116700
HarveysDui 0.000100 0.376900 0.030500 0.203100 0.030400 0.000100 0.010000 0.020200 0.030500 0.094400 0.000100 0.030100 0.010000 0.000000 0.030400 0.041000 0.051300 0.051600 0.000100 0.030500 0.010100 0.000100 0.094500 0.073100 0.000100 0.041000 0.000000 0.041000 0.020200 0.030500 0.105500 0.000000 0.093900 0.000000 0.000100 0.030400 0.000100 0.040800 0.040800 0.116700 0.094500 0.030500 0.105600 0.105800 0.030400 0.010000 0.010000 0.020500 0.010000 0.073100 0.030500 0.030500
Pronghorn 0.093500 0.357500 0.082900 0.212700 0.127100 0.093500 0.104800 0.116100 0.082900 0.126500 0.092900 0.081700 0.104600 0.093900 0.127400 0.116300 0.082400 0.082800 0.092900 0.082900 0.104900 0.092900 0.126600 0.104900 0.092900 0.139400 0.093700 0.094000 0.115900 0.082900 0.137900 0.093900 0.000000 0.093700 0.092900 0.082500 0.092900 0.138800 0.138800 0.149400 0.126500 0.127300 0.138000 0.138200 0.082500 0.104800 0.093700 0.117900 0.104800 0.082700 0.082900 0.082900
BlueWildeb 0.000100 0.376700 0.030400 0.202700 0.030200 0.000100 0.010000 0.020100 0.030400 0.093900 0.000000 0.030000 0.009600 0.000000 0.030300 0.040800 0.051000 0.051300 0.000000 0.030400 0.009600 0.000000 0.094000 0.072900 0.000000 0.040800 0.000000 0.040800 0.020100 0.030400 0.104900 0.000000 0.093700 0.000000 0.000000 0.030200 0.000000 0.040600 0.040600 0.116100 0.093900 0.030400 0.105100 0.105200 0.030200 0.010000 0.009600 0.020500 0.010000 0.072800 0.030400 0.030400
Gemsbok 0.000000 0.373200 0.030200 0.200900 0.030100 0.000000 0.009900 0.020000 0.030200 0.093300 0.000000 0.029700 0.009900 0.000100 0.030100 0.040600 0.050800 0.051000 0.000000 0.030200 0.009900 0.000000 0.093500 0.072300 0.000000 0.040600 0.000000 0.040600 0.019900 0.030200 0.104400 0.000100 0.092900 0.000000 0.000000 0.030100 0.000000 0.040400 0.040400 0.115400 0.093500 0.030100 0.104500 0.104700 0.030100 0.009900 0.009900 0.020300 0.009900 0.072400 0.030200 0.030200
Yak 0.030300 0.393000 0.020100 0.215300 0.061500 0.030300 0.040700 0.051100 0.020100 0.104900 0.030100 0.019900 0.040500 0.030400 0.061500 0.072600 0.061500 0.061800 0.030100 0.020100 0.040600 0.030100 0.105100 0.083800 0.030100 0.061800 0.030200 0.030300 0.050900 0.020100 0.116100 0.030400 0.082500 0.030200 0.030100 0.000000 0.030100 0.072300 0.072300 0.127300 0.105000 0.061800 0.116300 0.116400 0.000000 0.040600 0.040600 0.052000 0.040700 0.061800 0.020100 0.020100
BlueSheep 0.000000 0.373200 0.030200 0.200900 0.030100 0.000000 0.009900 0.020000 0.030200 0.093300 0.000000 0.029700 0.009900 0.000100 0.030100 0.040600 0.050800 0.051000 0.000000 0.030200 0.009900 0.000000 0.093500 0.072300 0.000000 0.040600 0.000000 0.040600 0.019900 0.030200 0.104400 0.000100 0.092900 0.000000 0.000000 0.030100 0.000000 0.040400 0.040400 0.115400 0.093500 0.030100 0.104500 0.104700 0.030100 0.009900 0.009900 0.020300 0.009900 0.072400 0.030200 0.030200
BohorReedb 0.040700 0.425000 0.072700 0.241600 0.030200 0.040700 0.051300 0.040700 0.072700 0.139200 0.040400 0.071800 0.051000 0.040800 0.072400 0.083600 0.094100 0.072800 0.040400 0.072700 0.046900 0.040400 0.139500 0.117600 0.040400 0.083600 0.040600 0.083700 0.061600 0.072700 0.150800 0.040800 0.138800 0.040600 0.040400 0.072300 0.040400 0.000000 0.083300 0.139000 0.116700 0.072600 0.151100 0.151300 0.072300 0.030400 0.051100 0.062900 0.051300 0.094900 0.072700 0.072700
KirksDik 0.040700 0.394300 0.072600 0.255300 0.072300 0.040700 0.051300 0.061700 0.072600 0.116400 0.040400 0.071800 0.051000 0.040800 0.051100 0.061900 0.094000 0.094500 0.040400 0.072600 0.051100 0.040400 0.139500 0.117600 0.040400 0.040800 0.040600 0.083600 0.040600 0.072600 0.127700 0.040800 0.138800 0.040600 0.040400 0.072300 0.040400 0.083300 0.000000 0.139200 0.139400 0.051300 0.128000 0.151200 0.072300 0.051100 0.051100 0.062900 0.051200 0.105800 0.072600 0.072600
RoeDeer 0.116300 0.376800 0.128300 0.265600 0.105000 0.116300 0.105400 0.138900 0.128000 0.040400 0.115400 0.126600 0.127300 0.116700 0.127700 0.116500 0.104100 0.104500 0.115400 0.128000 0.127300 0.115400 0.061300 0.040700 0.115400 0.139400 0.116100 0.139700 0.116100 0.128000 0.050100 0.116700 0.149400 0.116100 0.115400 0.127300 0.115400 0.139000 0.139200 0.000000 0.061100 0.127800 0.050800 0.071700 0.127300 0.127300 0.127400 0.142000 0.128000 0.127600 0.128000 0.128000
WhiteLippe 0.094200 0.354900 0.094300 0.240000 0.105100 0.094200 0.083600 0.094300 0.094300 0.040300 0.093500 0.082300 0.104900 0.094500 0.127700 0.116700 0.082700 0.061600 0.093500 0.094300 0.105300 0.093500 0.019900 0.020100 0.093500 0.140000 0.094000 0.105600 0.116300 0.094300 0.050600 0.094500 0.126500 0.093900 0.093500 0.105000 0.093500 0.116700 0.139400 0.061100 0.000000 0.128200 0.030000 0.050800 0.105000 0.083200 0.105200 0.095700 0.105500 0.083300 0.094300 0.094300
ThomsonGaz 0.030300 0.391200 0.062100 0.228200 0.061700 0.030300 0.040800 0.051400 0.062100 0.105300 0.030100 0.061200 0.040700 0.030500 0.040800 0.030500 0.061800 0.062100 0.030100 0.062100 0.040900 0.030100 0.128100 0.106100 0.030100 0.030500 0.030400 0.051400 0.030400 0.062100 0.116500 0.030500 0.127300 0.030400 0.030100 0.061800 0.030100 0.072600 0.051300 0.127800 0.128200 0.000000 0.116700 0.140000 0.061800 0.040800 0.040800 0.052100 0.040800 0.106300 0.062100 0.062100
MuntiacusC 0.105300 0.344000 0.105500 0.252900 0.116500 0.105300 0.094600 0.127700 0.105500 0.009900 0.104500 0.093200 0.116200 0.105600 0.116500 0.105400 0.093400 0.093700 0.104500 0.105500 0.116500 0.104500 0.009600 0.030400 0.104500 0.128200 0.105100 0.116800 0.105100 0.105500 0.019900 0.105600 0.138000 0.105100 0.104500 0.116300 0.104500 0.151100 0.128000 0.050800 0.030000 0.116700 0.000000 0.061200 0.116300 0.116200 0.116300 0.107100 0.116800 0.116500 0.105500 0.105500
WhiteTaile 0.105400 0.374200 0.116900 0.254200 0.116400 0.105400 0.094700 0.128100 0.116900 0.050700 0.104700 0.115600 0.116200 0.105800 0.116500 0.128300 0.093700 0.094200 0.104700 0.116900 0.116800 0.104700 0.050800 0.030400 0.104700 0.152000 0.105200 0.128700 0.127800 0.116900 0.061200 0.105800 0.138200 0.105200 0.104700 0.116400 0.104700 0.151300 0.151200 0.071700 0.050800 0.140000 0.061200 0.000000 0.116400 0.116600 0.116600 0.130600 0.116900 0.116700 0.116900 0.116900
Cattle 0.030300 0.393000 0.020100 0.215300 0.061500 0.030300 0.040700 0.051100 0.019100 0.104900 0.030100 0.019900 0.040500 0.030400 0.061500 0.072600 0.061500 0.061800 0.030100 0.019000 0.040600 0.030100 0.105100 0.083800 0.030100 0.061800 0.030200 0.030300 0.050900 0.020100 0.116100 0.030400 0.082500 0.030200 0.030100 0.000000 0.030100 0.072300 0.072300 0.127300 0.105000 0.061800 0.116300 0.116400 0.000000 0.040600 0.040600 0.052000 0.040700 0.061800 0.020100 0.020100
RoyalAntel 0.010000 0.390700 0.040800 0.215700 0.040600 0.010000 0.020200 0.009700 0.040800 0.104900 0.009900 0.040300 0.020100 0.010000 0.040600 0.051300 0.061700 0.040900 0.009900 0.040800 0.019400 0.009900 0.105100 0.083800 0.009900 0.051400 0.010000 0.051400 0.030300 0.040800 0.116100 0.010000 0.104800 0.010000 0.009900 0.040600 0.009900 0.030400 0.051100 0.127300 0.083200 0.040800 0.116200 0.116600 0.040600 0.000000 0.020100 0.030900 0.020200 0.062100 0.040800 0.037600
Steenbok 0.010000 0.391700 0.040800 0.215800 0.040600 0.010000 0.020200 0.030400 0.040800 0.104900 0.009900 0.040300 0.020100 0.010000 0.040600 0.051300 0.061700 0.062100 0.009900 0.040800 0.020100 0.009900 0.105200 0.083900 0.009900 0.051400 0.009700 0.051400 0.030300 0.040800 0.116100 0.010000 0.093700 0.009600 0.009900 0.040600 0.009900 0.051100 0.051100 0.127400 0.105200 0.040800 0.116300 0.116600 0.040600 0.020100 0.000000 0.030900 0.020200 0.083700 0.040800 0.040800
Impala 0.020400 0.367500 0.041500 0.232800 0.052000 0.020400 0.030900 0.041500 0.041500 0.118700 0.020300 0.030500 0.030800 0.020500 0.052100 0.063200 0.073700 0.074100 0.020300 0.041500 0.030900 0.020300 0.095800 0.096600 0.020300 0.063200 0.020500 0.052300 0.041400 0.041500 0.130200 0.020500 0.117900 0.020500 0.020300 0.052000 0.020300 0.062900 0.062900 0.142000 0.095700 0.052100 0.107100 0.130600 0.052000 0.030900 0.030900 0.000000 0.030900 0.096600 0.041500 0.041500
Klipspring 0.010000 0.392700 0.040900 0.215100 0.040700 0.010000 0.020100 0.030400 0.040900 0.105400 0.009900 0.040300 0.020100 0.010000 0.040800 0.051500 0.061800 0.062100 0.009900 0.040900 0.020200 0.009900 0.105600 0.083900 0.009900 0.051500 0.010000 0.051500 0.030400 0.040900 0.116600 0.010000 0.104800 0.010000 0.009900 0.040700 0.009900 0.051300 0.051200 0.128000 0.105500 0.040800 0.116800 0.116900 0.040700 0.020200 0.020200 0.030900 0.000000 0.083900 0.040900 0.040900
ForestMusk 0.072900 0.360800 0.062100 0.215900 0.105700 0.072900 0.084000 0.073000 0.062100 0.105100 0.072400 0.061400 0.083500 0.073100 0.105900 0.095000 0.061700 0.040900 0.072400 0.062100 0.083800 0.072400 0.105300 0.084000 0.072400 0.117800 0.072800 0.073000 0.094600 0.062100 0.116300 0.073100 0.082700 0.072800 0.072400 0.061800 0.072400 0.094900 0.105800 0.127600 0.083300 0.106300 0.116500 0.116700 0.061800 0.062100 0.083700 0.096600 0.083900 0.000000 0.062100 0.062100
Bushbuck 0.030400 0.378500 0.000000 0.216400 0.061800 0.030400 0.040900 0.047000 0.000000 0.105400 0.030200 0.009900 0.040700 0.030500 0.056400 0.072900 0.061800 0.062100 0.030200 0.000000 0.040800 0.030200 0.094400 0.084200 0.030200 0.072900 0.030400 0.010000 0.051200 0.000000 0.116700 0.030500 0.082900 0.030400 0.030200 0.020100 0.030200 0.072700 0.072600 0.128000 0.094300 0.062100 0.105500 0.116900 0.020100 0.040800 0.040800 0.041500 0.040900 0.062100 0.000000 0.000000
GreaterKud 0.030400 0.378500 0.000000 0.216400 0.061800 0.030400 0.040900 0.051300 0.000000 0.105400 0.030200 0.009900 0.040700 0.030500 0.061800 0.072900 0.061800 0.062100 0.030200 0.000000 0.040800 0.030200 0.094400 0.084200 0.030200 0.072900 0.030400 0.009600 0.051200 0.000000 0.116700 0.030500 0.082900 0.030400 0.030200 0.020100 0.030200 0.072700 0.072600 0.128000 0.094300 0.062100 0.105500 0.116900 0.020100 0.037600 0.040800 0.041500 0.040900 0.062100 0.000000 0.000000
