CODONML (in paml version 4.10.7, June 2023)  /home/rachel/ruminants_paml/6406-phy-tree/ENSBTAT00000024007.fasta.phy
Model: free dN/dS Ratios for branches,  kappa = 2.000 fixed

Codon frequency model: F3x4
ns =  54  ls =  32

Codon usage in sequences
--------------------------------------------------------------------------------------------------------------------------------------
Phe TTT   1   1   1   1   1   1 | Ser TCT   0   0   0   0   0   0 | Tyr TAT   1   1   1   1   1   1 | Cys TGT   0   0   0   0   0   0
    TTC   1   1   1   1   1   1 |     TCC   0   0   0   0   0   0 |     TAC   0   0   0   0   0   0 |     TGC   0   0   0   0   0   0
Leu TTA   0   0   0   0   0   0 |     TCA   1   1   1   1   1   1 | *** TAA   0   0   0   0   0   0 | *** TGA   0   0   0   0   0   0
    TTG   1   1   1   1   1   1 |     TCG   0   0   0   0   0   0 |     TAG   0   0   0   0   0   0 | Trp TGG   0   0   0   0   0   0
--------------------------------------------------------------------------------------------------------------------------------------
Leu CTT   1   1   1   1   1   1 | Pro CCT   1   1   1   1   1   1 | His CAT   1   1   1   1   1   1 | Arg CGT   0   0   0   0   0   0
    CTC   0   0   0   0   0   0 |     CCC   0   0   0   0   0   0 |     CAC   1   1   1   1   1   1 |     CGC   0   0   0   0   0   0
    CTA   0   0   0   0   0   0 |     CCA   1   1   1   1   1   1 | Gln CAA   1   1   1   1   1   1 |     CGA   0   0   0   0   0   0
    CTG   1   1   1   1   1   1 |     CCG   0   0   0   0   0   0 |     CAG   0   0   0   0   0   0 |     CGG   0   0   0   0   0   0
--------------------------------------------------------------------------------------------------------------------------------------
Ile ATT   0   0   0   0   0   0 | Thr ACT   0   0   0   0   0   0 | Asn AAT   2   2   2   2   2   2 | Ser AGT   0   0   0   0   0   0
    ATC   2   2   2   2   2   2 |     ACC   0   0   0   0   0   0 |     AAC   1   1   1   1   1   1 |     AGC   1   1   1   1   1   1
    ATA   1   1   1   1   1   1 |     ACA   0   0   0   0   0   0 | Lys AAA   1   1   1   1   1   0 | Arg AGA   0   0   0   0   0   0
Met ATG   2   2   2   2   2   2 |     ACG   0   0   0   0   0   0 |     AAG   2   2   2   2   2   3 |     AGG   0   0   0   0   0   0
--------------------------------------------------------------------------------------------------------------------------------------
Val GTT   2   2   2   2   1   2 | Ala GCT   0   0   0   0   0   0 | Asp GAT   1   1   1   1   1   1 | Gly GGT   0   0   0   0   0   0
    GTC   0   0   0   0   1   0 |     GCC   1   1   1   1   1   1 |     GAC   2   2   2   2   2   2 |     GGC   0   0   0   0   0   0
    GTA   0   0   0   0   0   0 |     GCA   0   0   0   0   0   0 | Glu GAA   1   1   1   1   1   1 |     GGA   0   0   0   0   0   0
    GTG   1   1   1   1   1   1 |     GCG   0   0   0   0   0   0 |     GAG   0   0   0   0   0   0 |     GGG   0   0   0   0   0   0
--------------------------------------------------------------------------------------------------------------------------------------

--------------------------------------------------------------------------------------------------------------------------------------
Phe TTT   1   1   1   1   1   1 | Ser TCT   0   0   0   0   0   0 | Tyr TAT   1   1   1   1   1   1 | Cys TGT   0   0   0   0   0   0
    TTC   1   1   1   1   1   1 |     TCC   0   0   0   0   0   0 |     TAC   0   0   0   0   0   0 |     TGC   0   0   0   0   0   0
Leu TTA   0   0   0   0   0   0 |     TCA   1   1   1   1   1   0 | *** TAA   0   0   0   0   0   0 | *** TGA   0   0   0   0   0   0
    TTG   1   1   1   1   1   1 |     TCG   0   0   0   0   0   1 |     TAG   0   0   0   0   0   0 | Trp TGG   0   0   0   0   0   0
--------------------------------------------------------------------------------------------------------------------------------------
Leu CTT   1   1   1   1   1   1 | Pro CCT   1   1   1   1   1   1 | His CAT   1   1   1   1   1   1 | Arg CGT   0   0   0   0   0   0
    CTC   0   0   0   0   0   0 |     CCC   0   0   0   0   0   0 |     CAC   1   1   1   1   1   1 |     CGC   0   0   0   0   0   0
    CTA   0   0   0   0   0   0 |     CCA   1   1   1   1   1   1 | Gln CAA   1   1   1   1   1   1 |     CGA   0   0   0   0   0   0
    CTG   1   1   1   1   1   1 |     CCG   0   0   0   0   0   0 |     CAG   0   0   0   0   0   0 |     CGG   0   0   0   0   0   0
--------------------------------------------------------------------------------------------------------------------------------------
Ile ATT   0   0   0   0   0   0 | Thr ACT   0   0   0   0   0   0 | Asn AAT   2   2   2   2   2   2 | Ser AGT   0   0   0   0   0   0
    ATC   2   2   2   2   2   2 |     ACC   0   0   0   0   0   0 |     AAC   1   1   1   1   1   1 |     AGC   1   1   1   1   1   1
    ATA   1   1   1   1   1   1 |     ACA   0   0   0   0   0   0 | Lys AAA   1   1   1   1   1   1 | Arg AGA   0   0   0   0   0   0
Met ATG   2   2   2   2   2   2 |     ACG   0   0   0   0   0   0 |     AAG   2   2   2   2   2   2 |     AGG   0   0   0   0   0   0
--------------------------------------------------------------------------------------------------------------------------------------
Val GTT   2   2   2   2   2   2 | Ala GCT   0   0   0   0   0   0 | Asp GAT   1   1   1   1   1   1 | Gly GGT   0   0   0   0   0   0
    GTC   0   0   0   0   0   0 |     GCC   1   1   1   1   1   1 |     GAC   2   2   2   2   2   2 |     GGC   0   0   0   0   0   0
    GTA   0   0   0   0   0   0 |     GCA   0   0   0   0   0   0 | Glu GAA   1   1   1   1   1   1 |     GGA   0   0   0   0   0   0
    GTG   1   1   1   1   1   1 |     GCG   0   0   0   0   0   0 |     GAG   0   0   0   0   0   0 |     GGG   0   0   0   0   0   0
--------------------------------------------------------------------------------------------------------------------------------------

--------------------------------------------------------------------------------------------------------------------------------------
Phe TTT   1   1   1   1   1   1 | Ser TCT   0   0   0   0   0   0 | Tyr TAT   1   1   1   1   1   1 | Cys TGT   0   0   0   0   0   0
    TTC   1   1   1   1   1   1 |     TCC   0   0   0   0   0   0 |     TAC   0   0   0   0   0   0 |     TGC   0   0   0   0   0   0
Leu TTA   0   0   0   0   0   0 |     TCA   1   1   1   1   1   1 | *** TAA   0   0   0   0   0   0 | *** TGA   0   0   0   0   0   0
    TTG   1   1   1   1   1   1 |     TCG   0   0   0   0   0   0 |     TAG   0   0   0   0   0   0 | Trp TGG   0   0   0   0   0   0
--------------------------------------------------------------------------------------------------------------------------------------
Leu CTT   1   1   1   1   1   1 | Pro CCT   1   1   1   1   1   1 | His CAT   1   1   1   1   1   1 | Arg CGT   0   0   0   0   0   0
    CTC   0   0   0   0   0   0 |     CCC   0   0   0   0   0   0 |     CAC   1   1   1   1   1   1 |     CGC   0   0   0   0   0   0
    CTA   0   0   0   0   0   0 |     CCA   1   1   1   1   1   1 | Gln CAA   1   1   1   1   1   1 |     CGA   0   0   0   0   0   0
    CTG   1   1   1   1   1   1 |     CCG   0   0   0   0   0   0 |     CAG   0   0   0   0   0   0 |     CGG   0   0   0   0   0   0
--------------------------------------------------------------------------------------------------------------------------------------
Ile ATT   0   0   0   0   0   1 | Thr ACT   0   0   0   0   0   0 | Asn AAT   2   2   2   2   2   2 | Ser AGT   0   0   0   0   0   0
    ATC   2   2   2   2   2   2 |     ACC   0   0   0   0   0   0 |     AAC   1   1   1   1   1   1 |     AGC   1   1   1   1   1   1
    ATA   1   1   1   1   1   0 |     ACA   0   0   0   0   0   0 | Lys AAA   1   1   1   1   1   1 | Arg AGA   0   0   0   0   0   0
Met ATG   2   2   2   2   2   2 |     ACG   0   0   0   0   0   0 |     AAG   2   2   2   2   2   2 |     AGG   0   0   0   0   0   0
--------------------------------------------------------------------------------------------------------------------------------------
Val GTT   2   2   2   2   2   2 | Ala GCT   0   0   0   0   0   0 | Asp GAT   1   1   1   1   1   1 | Gly GGT   0   0   0   0   0   0
    GTC   0   0   0   0   0   0 |     GCC   1   1   1   1   1   1 |     GAC   2   2   2   2   2   2 |     GGC   0   0   0   0   0   0
    GTA   0   0   0   0   0   0 |     GCA   0   0   0   0   0   0 | Glu GAA   1   1   1   1   1   1 |     GGA   0   0   0   0   0   0
    GTG   1   1   1   1   1   1 |     GCG   0   0   0   0   0   0 |     GAG   0   0   0   0   0   0 |     GGG   0   0   0   0   0   0
--------------------------------------------------------------------------------------------------------------------------------------

--------------------------------------------------------------------------------------------------------------------------------------
Phe TTT   1   1   1   1   1   1 | Ser TCT   0   0   0   0   0   0 | Tyr TAT   1   1   1   1   1   1 | Cys TGT   0   0   0   0   0   0
    TTC   1   1   1   1   1   1 |     TCC   0   0   0   0   0   0 |     TAC   0   0   0   0   0   0 |     TGC   0   0   0   0   0   0
Leu TTA   0   0   0   0   0   0 |     TCA   1   1   1   1   1   1 | *** TAA   0   0   0   0   0   0 | *** TGA   0   0   0   0   0   0
    TTG   1   1   1   1   1   1 |     TCG   0   0   0   0   0   0 |     TAG   0   0   0   0   0   0 | Trp TGG   0   0   0   0   0   0
--------------------------------------------------------------------------------------------------------------------------------------
Leu CTT   1   1   1   1   1   1 | Pro CCT   1   1   1   1   1   1 | His CAT   1   1   1   1   1   1 | Arg CGT   0   0   0   0   0   0
    CTC   0   0   0   0   0   0 |     CCC   0   0   0   0   0   0 |     CAC   1   1   1   1   1   1 |     CGC   0   0   0   0   0   0
    CTA   0   0   0   0   0   0 |     CCA   1   1   1   1   1   1 | Gln CAA   1   1   1   1   1   1 |     CGA   0   0   0   0   0   0
    CTG   1   1   1   1   1   1 |     CCG   0   0   0   0   0   0 |     CAG   0   0   0   0   0   0 |     CGG   0   0   0   0   0   0
--------------------------------------------------------------------------------------------------------------------------------------
Ile ATT   1   1   0   0   0   0 | Thr ACT   0   0   0   0   0   0 | Asn AAT   2   2   2   2   2   2 | Ser AGT   0   0   0   0   0   0
    ATC   1   1   2   2   2   2 |     ACC   0   0   0   0   0   0 |     AAC   1   1   1   1   1   1 |     AGC   1   1   1   1   1   1
    ATA   1   1   1   1   1   1 |     ACA   0   0   0   0   0   0 | Lys AAA   1   1   1   1   1   1 | Arg AGA   0   0   0   0   0   0
Met ATG   2   2   2   2   2   2 |     ACG   0   0   0   0   0   0 |     AAG   2   2   2   2   2   2 |     AGG   0   0   0   0   0   0
--------------------------------------------------------------------------------------------------------------------------------------
Val GTT   2   2   2   2   2   2 | Ala GCT   0   0   0   0   0   0 | Asp GAT   1   1   1   1   1   1 | Gly GGT   0   0   0   0   0   0
    GTC   0   0   0   0   0   0 |     GCC   1   1   1   1   1   1 |     GAC   2   2   2   2   2   2 |     GGC   0   0   0   0   0   0
    GTA   0   0   0   0   0   0 |     GCA   0   0   0   0   0   0 | Glu GAA   1   1   1   1   1   1 |     GGA   0   0   0   0   0   0
    GTG   1   1   1   1   1   1 |     GCG   0   0   0   0   0   0 |     GAG   0   0   0   0   0   0 |     GGG   0   0   0   0   0   0
--------------------------------------------------------------------------------------------------------------------------------------

--------------------------------------------------------------------------------------------------------------------------------------
Phe TTT   1   1   1   1   1   1 | Ser TCT   0   0   0   0   0   0 | Tyr TAT   1   1   1   1   1   1 | Cys TGT   0   0   0   0   0   0
    TTC   1   1   1   1   1   1 |     TCC   0   0   0   0   0   0 |     TAC   0   0   0   0   0   0 |     TGC   0   0   0   0   0   0
Leu TTA   0   0   0   0   0   0 |     TCA   0   0   1   1   1   1 | *** TAA   0   0   0   0   0   0 | *** TGA   0   0   0   0   0   0
    TTG   1   1   1   1   1   1 |     TCG   1   1   0   0   0   0 |     TAG   0   0   0   0   0   0 | Trp TGG   0   0   0   0   0   0
--------------------------------------------------------------------------------------------------------------------------------------
Leu CTT   1   1   1   1   1   1 | Pro CCT   1   1   1   1   1   1 | His CAT   0   1   1   1   1   1 | Arg CGT   0   0   0   0   0   0
    CTC   0   0   0   0   0   0 |     CCC   0   0   0   0   0   0 |     CAC   2   1   1   1   1   1 |     CGC   0   0   0   0   0   0
    CTA   0   0   0   0   0   0 |     CCA   1   1   1   1   1   1 | Gln CAA   1   1   1   1   1   1 |     CGA   0   0   0   0   0   0
    CTG   1   1   1   1   1   1 |     CCG   0   0   0   0   0   0 |     CAG   0   0   0   0   0   0 |     CGG   0   0   0   0   0   0
--------------------------------------------------------------------------------------------------------------------------------------
Ile ATT   0   0   0   0   0   0 | Thr ACT   0   0   0   0   0   0 | Asn AAT   2   2   2   2   2   2 | Ser AGT   0   0   0   0   0   0
    ATC   2   2   2   2   2   2 |     ACC   0   0   0   0   0   0 |     AAC   1   1   1   1   1   1 |     AGC   1   1   1   1   1   1
    ATA   1   1   1   1   1   1 |     ACA   0   0   0   0   0   0 | Lys AAA   1   0   1   1   1   1 | Arg AGA   0   0   0   0   0   0
Met ATG   2   2   2   2   2   2 |     ACG   0   0   0   0   0   0 |     AAG   2   3   2   2   2   2 |     AGG   0   0   0   0   0   0
--------------------------------------------------------------------------------------------------------------------------------------
Val GTT   2   2   2   2   2   2 | Ala GCT   0   0   0   0   0   0 | Asp GAT   1   1   1   1   1   1 | Gly GGT   0   0   0   0   0   0
    GTC   0   0   0   0   0   0 |     GCC   1   1   1   1   1   1 |     GAC   2   2   2   2   2   2 |     GGC   0   0   0   0   0   0
    GTA   0   0   0   0   0   0 |     GCA   0   0   0   0   0   0 | Glu GAA   1   1   1   1   1   1 |     GGA   0   0   0   0   0   0
    GTG   1   1   1   1   1   1 |     GCG   0   0   0   0   0   0 |     GAG   0   0   0   0   0   0 |     GGG   0   0   0   0   0   0
--------------------------------------------------------------------------------------------------------------------------------------

--------------------------------------------------------------------------------------------------------------------------------------
Phe TTT   1   1   1   1   1   1 | Ser TCT   0   0   0   0   0   0 | Tyr TAT   1   1   1   1   1   1 | Cys TGT   0   0   0   0   0   0
    TTC   1   1   1   1   1   1 |     TCC   0   0   0   0   0   0 |     TAC   0   0   0   0   0   0 |     TGC   0   0   0   0   0   0
Leu TTA   0   0   0   0   0   0 |     TCA   1   1   0   1   1   1 | *** TAA   0   0   0   0   0   0 | *** TGA   0   0   0   0   0   0
    TTG   1   1   1   1   1   1 |     TCG   0   0   1   0   0   0 |     TAG   0   0   0   0   0   0 | Trp TGG   0   0   0   0   0   0
--------------------------------------------------------------------------------------------------------------------------------------
Leu CTT   1   1   1   1   1   1 | Pro CCT   1   1   1   1   1   1 | His CAT   1   1   1   1   1   1 | Arg CGT   0   0   0   0   0   0
    CTC   0   0   0   0   0   0 |     CCC   0   0   0   0   0   0 |     CAC   1   1   1   1   1   1 |     CGC   0   0   0   0   0   0
    CTA   0   0   0   0   0   0 |     CCA   1   1   1   1   1   1 | Gln CAA   1   1   1   1   1   1 |     CGA   0   0   0   0   0   0
    CTG   1   1   1   1   1   1 |     CCG   0   0   0   0   0   0 |     CAG   0   0   0   0   0   0 |     CGG   0   0   0   0   0   0
--------------------------------------------------------------------------------------------------------------------------------------
Ile ATT   0   0   0   0   0   0 | Thr ACT   0   0   0   0   0   0 | Asn AAT   2   2   2   1   2   2 | Ser AGT   0   0   0   0   0   0
    ATC   2   2   2   2   2   2 |     ACC   0   0   0   0   0   0 |     AAC   1   1   1   2   1   1 |     AGC   1   1   1   1   1   1
    ATA   1   1   1   1   1   1 |     ACA   0   0   0   0   0   0 | Lys AAA   1   1   1   1   1   1 | Arg AGA   0   0   0   0   0   0
Met ATG   2   2   2   2   2   2 |     ACG   0   0   0   0   0   0 |     AAG   2   2   2   2   2   2 |     AGG   0   0   0   0   0   0
--------------------------------------------------------------------------------------------------------------------------------------
Val GTT   2   2   2   2   2   2 | Ala GCT   0   0   0   0   0   0 | Asp GAT   1   1   1   1   1   1 | Gly GGT   0   0   0   0   0   0
    GTC   0   0   0   0   0   0 |     GCC   1   1   1   1   1   1 |     GAC   2   2   2   2   2   2 |     GGC   0   0   0   0   0   0
    GTA   0   0   0   0   0   0 |     GCA   0   0   0   0   0   0 | Glu GAA   1   1   1   1   1   1 |     GGA   0   0   0   0   0   0
    GTG   1   1   1   1   1   1 |     GCG   0   0   0   0   0   0 |     GAG   0   0   0   0   0   0 |     GGG   0   0   0   0   0   0
--------------------------------------------------------------------------------------------------------------------------------------

--------------------------------------------------------------------------------------------------------------------------------------
Phe TTT   1   1   1   1   1   1 | Ser TCT   0   0   0   0   0   0 | Tyr TAT   1   1   1   1   1   1 | Cys TGT   0   0   0   0   0   0
    TTC   1   1   1   1   1   1 |     TCC   0   0   0   0   0   0 |     TAC   0   0   0   0   0   0 |     TGC   0   0   0   0   0   0
Leu TTA   0   0   0   0   0   0 |     TCA   1   1   1   1   1   0 | *** TAA   0   0   0   0   0   0 | *** TGA   0   0   0   0   0   0
    TTG   1   1   1   1   1   1 |     TCG   0   0   0   0   0   1 |     TAG   0   0   0   0   0   0 | Trp TGG   0   0   0   0   0   0
--------------------------------------------------------------------------------------------------------------------------------------
Leu CTT   1   1   1   1   1   1 | Pro CCT   1   1   1   1   1   1 | His CAT   1   1   1   1   1   1 | Arg CGT   0   0   0   0   0   0
    CTC   0   0   0   0   0   0 |     CCC   0   0   0   0   0   0 |     CAC   1   1   1   1   1   1 |     CGC   0   0   0   0   0   0
    CTA   0   0   0   0   0   0 |     CCA   1   1   1   1   1   1 | Gln CAA   1   1   1   1   1   0 |     CGA   0   0   0   0   0   0
    CTG   1   1   1   1   1   1 |     CCG   0   0   0   0   0   0 |     CAG   0   0   0   0   0   1 |     CGG   0   0   0   0   0   0
--------------------------------------------------------------------------------------------------------------------------------------
Ile ATT   0   0   0   0   0   0 | Thr ACT   0   0   0   0   0   0 | Asn AAT   2   2   2   2   2   2 | Ser AGT   0   0   0   0   0   0
    ATC   2   2   2   2   2   2 |     ACC   0   0   0   0   0   0 |     AAC   1   1   1   1   1   1 |     AGC   1   1   1   1   1   1
    ATA   1   1   1   1   1   1 |     ACA   0   0   0   0   0   0 | Lys AAA   1   1   1   1   1   1 | Arg AGA   0   0   0   0   0   0
Met ATG   2   2   2   2   2   2 |     ACG   0   0   0   0   0   0 |     AAG   2   2   2   2   2   2 |     AGG   0   0   0   0   0   0
--------------------------------------------------------------------------------------------------------------------------------------
Val GTT   2   2   2   2   2   2 | Ala GCT   0   0   0   0   0   0 | Asp GAT   1   1   1   1   1   1 | Gly GGT   0   0   0   0   0   0
    GTC   0   0   0   0   0   0 |     GCC   1   1   1   1   1   1 |     GAC   2   2   2   2   2   2 |     GGC   0   0   0   0   0   0
    GTA   0   0   0   0   0   0 |     GCA   0   0   0   0   0   0 | Glu GAA   1   1   1   1   1   1 |     GGA   0   0   0   0   0   0
    GTG   1   1   1   1   1   1 |     GCG   0   0   0   0   0   0 |     GAG   0   0   0   0   0   0 |     GGG   0   0   0   0   0   0
--------------------------------------------------------------------------------------------------------------------------------------

--------------------------------------------------------------------------------------------------------------------------------------
Phe TTT   1   1   1   1   1   1 | Ser TCT   0   0   0   0   0   0 | Tyr TAT   1   1   1   1   1   1 | Cys TGT   0   0   0   0   0   0
    TTC   1   1   1   1   1   1 |     TCC   0   0   0   0   0   0 |     TAC   0   0   0   0   0   0 |     TGC   0   0   0   0   0   0
Leu TTA   0   0   0   0   0   0 |     TCA   0   1   0   0   1   1 | *** TAA   0   0   0   0   0   0 | *** TGA   0   0   0   0   0   0
    TTG   1   1   1   1   1   1 |     TCG   1   0   1   1   0   0 |     TAG   0   0   0   0   0   0 | Trp TGG   0   0   0   0   0   0
--------------------------------------------------------------------------------------------------------------------------------------
Leu CTT   1   1   1   1   1   1 | Pro CCT   1   1   1   1   1   1 | His CAT   0   1   1   1   1   1 | Arg CGT   0   0   0   0   0   0
    CTC   0   0   0   0   0   0 |     CCC   0   0   0   0   0   0 |     CAC   2   1   1   1   1   1 |     CGC   0   0   0   0   0   0
    CTA   0   0   0   0   0   0 |     CCA   1   1   1   1   1   1 | Gln CAA   1   1   1   1   1   1 |     CGA   0   0   0   0   0   0
    CTG   1   1   1   1   1   1 |     CCG   0   0   0   0   0   0 |     CAG   0   0   0   0   0   0 |     CGG   0   0   0   0   0   0
--------------------------------------------------------------------------------------------------------------------------------------
Ile ATT   0   0   0   0   0   0 | Thr ACT   0   0   0   0   0   0 | Asn AAT   2   2   2   2   2   2 | Ser AGT   0   0   0   0   0   0
    ATC   2   2   2   2   2   2 |     ACC   0   0   0   0   0   0 |     AAC   1   1   1   1   1   1 |     AGC   1   1   1   1   1   1
    ATA   1   1   1   1   1   1 |     ACA   0   0   0   0   0   0 | Lys AAA   1   1   1   0   1   1 | Arg AGA   0   0   0   0   0   0
Met ATG   2   2   2   2   2   2 |     ACG   0   0   0   0   0   0 |     AAG   2   2   2   3   2   2 |     AGG   0   0   0   0   0   0
--------------------------------------------------------------------------------------------------------------------------------------
Val GTT   2   2   2   2   2   2 | Ala GCT   0   0   0   0   0   0 | Asp GAT   1   1   1   1   1   1 | Gly GGT   0   0   0   0   0   0
    GTC   0   0   0   0   0   0 |     GCC   1   1   1   1   1   1 |     GAC   2   2   2   2   2   2 |     GGC   0   0   0   0   0   0
    GTA   0   0   0   0   0   0 |     GCA   0   0   0   0   0   0 | Glu GAA   1   1   1   1   1   1 |     GGA   0   0   0   0   0   0
    GTG   1   1   1   1   1   1 |     GCG   0   0   0   0   0   0 |     GAG   0   0   0   0   0   0 |     GGG   0   0   0   0   0   0
--------------------------------------------------------------------------------------------------------------------------------------

--------------------------------------------------------------------------------------------------------------------------------------
Phe TTT   1   1   1   1   1   1 | Ser TCT   0   0   0   0   0   0 | Tyr TAT   1   1   1   1   1   1 | Cys TGT   0   0   0   0   0   0
    TTC   1   1   1   1   1   1 |     TCC   0   0   0   0   0   0 |     TAC   0   0   0   0   0   0 |     TGC   0   0   0   0   0   0
Leu TTA   0   0   0   0   0   0 |     TCA   1   1   1   1   1   1 | *** TAA   0   0   0   0   0   0 | *** TGA   0   0   0   0   0   0
    TTG   1   1   1   1   1   1 |     TCG   0   0   0   0   0   0 |     TAG   0   0   0   0   0   0 | Trp TGG   0   0   0   0   0   0
--------------------------------------------------------------------------------------------------------------------------------------
Leu CTT   1   1   1   1   1   1 | Pro CCT   1   1   1   1   1   1 | His CAT   1   1   1   1   1   1 | Arg CGT   0   0   0   0   0   0
    CTC   0   0   0   0   0   0 |     CCC   0   0   0   0   0   0 |     CAC   1   1   1   1   1   1 |     CGC   0   0   0   0   0   0
    CTA   0   0   0   0   0   0 |     CCA   1   1   1   1   1   1 | Gln CAA   1   1   1   1   1   1 |     CGA   0   0   0   0   0   0
    CTG   1   1   1   1   1   1 |     CCG   0   0   0   0   0   0 |     CAG   0   0   0   0   0   0 |     CGG   0   0   0   0   0   0
--------------------------------------------------------------------------------------------------------------------------------------
Ile ATT   0   0   0   0   0   0 | Thr ACT   0   0   0   0   0   0 | Asn AAT   2   2   2   2   2   2 | Ser AGT   0   0   0   0   0   0
    ATC   2   2   2   2   2   2 |     ACC   0   0   0   0   0   0 |     AAC   1   1   1   1   1   1 |     AGC   1   1   1   1   1   1
    ATA   1   1   1   1   1   1 |     ACA   0   0   0   0   0   0 | Lys AAA   1   1   1   1   1   1 | Arg AGA   0   0   0   0   0   0
Met ATG   2   2   2   2   2   2 |     ACG   0   0   0   0   0   0 |     AAG   2   2   2   2   2   2 |     AGG   0   0   0   0   0   0
--------------------------------------------------------------------------------------------------------------------------------------
Val GTT   2   2   2   2   2   2 | Ala GCT   0   0   0   0   0   0 | Asp GAT   1   1   1   1   1   1 | Gly GGT   0   0   0   0   0   0
    GTC   0   0   0   0   0   0 |     GCC   1   1   1   1   1   1 |     GAC   2   2   2   2   2   2 |     GGC   0   0   0   0   0   0
    GTA   0   0   0   0   0   0 |     GCA   0   0   0   0   0   0 | Glu GAA   1   1   1   1   1   1 |     GGA   0   0   0   0   0   0
    GTG   1   1   1   1   1   1 |     GCG   0   0   0   0   0   0 |     GAG   0   0   0   0   0   0 |     GGG   0   0   0   0   0   0
--------------------------------------------------------------------------------------------------------------------------------------

Codon position x base (3x4) table for each sequence.

#1: Argali         
position  1:    T:0.15625    C:0.21875    A:0.37500    G:0.25000
position  2:    T:0.40625    C:0.12500    A:0.43750    G:0.03125
position  3:    T:0.31250    C:0.28125    A:0.18750    G:0.21875
Average         T:0.29167    C:0.20833    A:0.33333    G:0.16667

#2: LesserMouseDeer
position  1:    T:0.15625    C:0.21875    A:0.37500    G:0.25000
position  2:    T:0.40625    C:0.12500    A:0.43750    G:0.03125
position  3:    T:0.31250    C:0.28125    A:0.18750    G:0.21875
Average         T:0.29167    C:0.20833    A:0.33333    G:0.16667

#3: LesserKudu     
position  1:    T:0.15625    C:0.21875    A:0.37500    G:0.25000
position  2:    T:0.40625    C:0.12500    A:0.43750    G:0.03125
position  3:    T:0.31250    C:0.28125    A:0.18750    G:0.21875
Average         T:0.29167    C:0.20833    A:0.33333    G:0.16667

#4: ForestMuskDeer2
position  1:    T:0.15625    C:0.21875    A:0.37500    G:0.25000
position  2:    T:0.40625    C:0.12500    A:0.43750    G:0.03125
position  3:    T:0.31250    C:0.28125    A:0.18750    G:0.21875
Average         T:0.29167    C:0.20833    A:0.33333    G:0.16667

#5: Camel          
position  1:    T:0.15625    C:0.21875    A:0.37500    G:0.25000
position  2:    T:0.40625    C:0.12500    A:0.43750    G:0.03125
position  3:    T:0.28125    C:0.31250    A:0.18750    G:0.21875
Average         T:0.28125    C:0.21875    A:0.33333    G:0.16667

#6: KillerWhale    
position  1:    T:0.15625    C:0.21875    A:0.37500    G:0.25000
position  2:    T:0.40625    C:0.12500    A:0.43750    G:0.03125
position  3:    T:0.31250    C:0.28125    A:0.15625    G:0.25000
Average         T:0.29167    C:0.20833    A:0.32292    G:0.17708

#7: DefassaWaterbuck
position  1:    T:0.15625    C:0.21875    A:0.37500    G:0.25000
position  2:    T:0.40625    C:0.12500    A:0.43750    G:0.03125
position  3:    T:0.31250    C:0.28125    A:0.18750    G:0.21875
Average         T:0.29167    C:0.20833    A:0.33333    G:0.16667

#8: Sheep          
position  1:    T:0.15625    C:0.21875    A:0.37500    G:0.25000
position  2:    T:0.40625    C:0.12500    A:0.43750    G:0.03125
position  3:    T:0.31250    C:0.28125    A:0.18750    G:0.21875
Average         T:0.29167    C:0.20833    A:0.33333    G:0.16667

#9: MaxwellsDuiker 
position  1:    T:0.15625    C:0.21875    A:0.37500    G:0.25000
position  2:    T:0.40625    C:0.12500    A:0.43750    G:0.03125
position  3:    T:0.31250    C:0.28125    A:0.18750    G:0.21875
Average         T:0.29167    C:0.20833    A:0.33333    G:0.16667

#10: GazellaPrzewalskyi
position  1:    T:0.15625    C:0.21875    A:0.37500    G:0.25000
position  2:    T:0.40625    C:0.12500    A:0.43750    G:0.03125
position  3:    T:0.31250    C:0.28125    A:0.18750    G:0.21875
Average         T:0.29167    C:0.20833    A:0.33333    G:0.16667

#11: MountainNyala  
position  1:    T:0.15625    C:0.21875    A:0.37500    G:0.25000
position  2:    T:0.40625    C:0.12500    A:0.43750    G:0.03125
position  3:    T:0.31250    C:0.28125    A:0.18750    G:0.21875
Average         T:0.29167    C:0.20833    A:0.33333    G:0.16667

#12: MuntiacusMuntjak
position  1:    T:0.15625    C:0.21875    A:0.37500    G:0.25000
position  2:    T:0.40625    C:0.12500    A:0.43750    G:0.03125
position  3:    T:0.31250    C:0.28125    A:0.15625    G:0.25000
Average         T:0.29167    C:0.20833    A:0.32292    G:0.17708

#13: goat           
position  1:    T:0.15625    C:0.21875    A:0.37500    G:0.25000
position  2:    T:0.40625    C:0.12500    A:0.43750    G:0.03125
position  3:    T:0.31250    C:0.28125    A:0.18750    G:0.21875
Average         T:0.29167    C:0.20833    A:0.33333    G:0.16667

#14: AfricanBuffalo 
position  1:    T:0.15625    C:0.21875    A:0.37500    G:0.25000
position  2:    T:0.40625    C:0.12500    A:0.43750    G:0.03125
position  3:    T:0.31250    C:0.28125    A:0.18750    G:0.21875
Average         T:0.29167    C:0.20833    A:0.33333    G:0.16667

#15: Topi           
position  1:    T:0.15625    C:0.21875    A:0.37500    G:0.25000
position  2:    T:0.40625    C:0.12500    A:0.43750    G:0.03125
position  3:    T:0.31250    C:0.28125    A:0.18750    G:0.21875
Average         T:0.29167    C:0.20833    A:0.33333    G:0.16667

#16: CommonDuiker   
position  1:    T:0.15625    C:0.21875    A:0.37500    G:0.25000
position  2:    T:0.40625    C:0.12500    A:0.43750    G:0.03125
position  3:    T:0.31250    C:0.28125    A:0.18750    G:0.21875
Average         T:0.29167    C:0.20833    A:0.33333    G:0.16667

#17: Suni           
position  1:    T:0.15625    C:0.21875    A:0.37500    G:0.25000
position  2:    T:0.40625    C:0.12500    A:0.43750    G:0.03125
position  3:    T:0.31250    C:0.28125    A:0.18750    G:0.21875
Average         T:0.29167    C:0.20833    A:0.33333    G:0.16667

#18: Springbuck     
position  1:    T:0.15625    C:0.21875    A:0.37500    G:0.25000
position  2:    T:0.40625    C:0.12500    A:0.43750    G:0.03125
position  3:    T:0.34375    C:0.28125    A:0.15625    G:0.21875
Average         T:0.30208    C:0.20833    A:0.32292    G:0.16667

#19: Okapi          
position  1:    T:0.15625    C:0.21875    A:0.37500    G:0.25000
position  2:    T:0.40625    C:0.12500    A:0.43750    G:0.03125
position  3:    T:0.34375    C:0.25000    A:0.18750    G:0.21875
Average         T:0.30208    C:0.19792    A:0.33333    G:0.16667

#20: Giraffe        
position  1:    T:0.15625    C:0.21875    A:0.37500    G:0.25000
position  2:    T:0.40625    C:0.12500    A:0.43750    G:0.03125
position  3:    T:0.34375    C:0.25000    A:0.18750    G:0.21875
Average         T:0.30208    C:0.19792    A:0.33333    G:0.16667

#21: TibetanAntelope
position  1:    T:0.15625    C:0.21875    A:0.37500    G:0.25000
position  2:    T:0.40625    C:0.12500    A:0.43750    G:0.03125
position  3:    T:0.31250    C:0.28125    A:0.18750    G:0.21875
Average         T:0.29167    C:0.20833    A:0.33333    G:0.16667

#22: Sitatunga      
position  1:    T:0.15625    C:0.21875    A:0.37500    G:0.25000
position  2:    T:0.40625    C:0.12500    A:0.43750    G:0.03125
position  3:    T:0.31250    C:0.28125    A:0.18750    G:0.21875
Average         T:0.29167    C:0.20833    A:0.33333    G:0.16667

#23: Oribi          
position  1:    T:0.15625    C:0.21875    A:0.37500    G:0.25000
position  2:    T:0.40625    C:0.12500    A:0.43750    G:0.03125
position  3:    T:0.31250    C:0.28125    A:0.18750    G:0.21875
Average         T:0.29167    C:0.20833    A:0.33333    G:0.16667

#24: BarbarySheep   
position  1:    T:0.15625    C:0.21875    A:0.37500    G:0.25000
position  2:    T:0.40625    C:0.12500    A:0.43750    G:0.03125
position  3:    T:0.31250    C:0.28125    A:0.18750    G:0.21875
Average         T:0.29167    C:0.20833    A:0.33333    G:0.16667

#25: Daviddeer      
position  1:    T:0.15625    C:0.21875    A:0.37500    G:0.25000
position  2:    T:0.40625    C:0.12500    A:0.43750    G:0.03125
position  3:    T:0.28125    C:0.31250    A:0.15625    G:0.25000
Average         T:0.28125    C:0.21875    A:0.32292    G:0.17708

#26: Reindeer       
position  1:    T:0.15625    C:0.21875    A:0.37500    G:0.25000
position  2:    T:0.40625    C:0.12500    A:0.43750    G:0.03125
position  3:    T:0.31250    C:0.28125    A:0.12500    G:0.28125
Average         T:0.29167    C:0.20833    A:0.31250    G:0.18750

#27: Ibex           
position  1:    T:0.15625    C:0.21875    A:0.37500    G:0.25000
position  2:    T:0.40625    C:0.12500    A:0.43750    G:0.03125
position  3:    T:0.31250    C:0.28125    A:0.18750    G:0.21875
Average         T:0.29167    C:0.20833    A:0.33333    G:0.16667

#28: GyrantGazelle  
position  1:    T:0.15625    C:0.21875    A:0.37500    G:0.25000
position  2:    T:0.40625    C:0.12500    A:0.43750    G:0.03125
position  3:    T:0.31250    C:0.28125    A:0.18750    G:0.21875
Average         T:0.29167    C:0.20833    A:0.33333    G:0.16667

#29: Hartebeest     
position  1:    T:0.15625    C:0.21875    A:0.37500    G:0.25000
position  2:    T:0.40625    C:0.12500    A:0.43750    G:0.03125
position  3:    T:0.31250    C:0.28125    A:0.18750    G:0.21875
Average         T:0.29167    C:0.20833    A:0.33333    G:0.16667

#30: Bongo          
position  1:    T:0.15625    C:0.21875    A:0.37500    G:0.25000
position  2:    T:0.40625    C:0.12500    A:0.43750    G:0.03125
position  3:    T:0.31250    C:0.28125    A:0.18750    G:0.21875
Average         T:0.29167    C:0.20833    A:0.33333    G:0.16667

#31: Gerenuk        
position  1:    T:0.15625    C:0.21875    A:0.37500    G:0.25000
position  2:    T:0.40625    C:0.12500    A:0.43750    G:0.03125
position  3:    T:0.31250    C:0.28125    A:0.18750    G:0.21875
Average         T:0.29167    C:0.20833    A:0.33333    G:0.16667

#32: CommonEland    
position  1:    T:0.15625    C:0.21875    A:0.37500    G:0.25000
position  2:    T:0.40625    C:0.12500    A:0.43750    G:0.03125
position  3:    T:0.31250    C:0.28125    A:0.18750    G:0.21875
Average         T:0.29167    C:0.20833    A:0.33333    G:0.16667

#33: MuntiacusReevesi
position  1:    T:0.15625    C:0.21875    A:0.37500    G:0.25000
position  2:    T:0.40625    C:0.12500    A:0.43750    G:0.03125
position  3:    T:0.31250    C:0.28125    A:0.15625    G:0.25000
Average         T:0.29167    C:0.20833    A:0.32292    G:0.17708

#34: HarveysDuiker  
position  1:    T:0.15625    C:0.21875    A:0.37500    G:0.25000
position  2:    T:0.40625    C:0.12500    A:0.43750    G:0.03125
position  3:    T:0.28125    C:0.31250    A:0.18750    G:0.21875
Average         T:0.28125    C:0.21875    A:0.33333    G:0.16667

#35: Pronghorn      
position  1:    T:0.15625    C:0.21875    A:0.37500    G:0.25000
position  2:    T:0.40625    C:0.12500    A:0.43750    G:0.03125
position  3:    T:0.31250    C:0.28125    A:0.18750    G:0.21875
Average         T:0.29167    C:0.20833    A:0.33333    G:0.16667

#36: BlueWildebeest 
position  1:    T:0.15625    C:0.21875    A:0.37500    G:0.25000
position  2:    T:0.40625    C:0.12500    A:0.43750    G:0.03125
position  3:    T:0.31250    C:0.28125    A:0.18750    G:0.21875
Average         T:0.29167    C:0.20833    A:0.33333    G:0.16667

#37: Gemsbok        
position  1:    T:0.15625    C:0.21875    A:0.37500    G:0.25000
position  2:    T:0.40625    C:0.12500    A:0.43750    G:0.03125
position  3:    T:0.31250    C:0.28125    A:0.18750    G:0.21875
Average         T:0.29167    C:0.20833    A:0.33333    G:0.16667

#38: Yak            
position  1:    T:0.15625    C:0.21875    A:0.37500    G:0.25000
position  2:    T:0.40625    C:0.12500    A:0.43750    G:0.03125
position  3:    T:0.31250    C:0.28125    A:0.18750    G:0.21875
Average         T:0.29167    C:0.20833    A:0.33333    G:0.16667

#39: BlueSheep      
position  1:    T:0.15625    C:0.21875    A:0.37500    G:0.25000
position  2:    T:0.40625    C:0.12500    A:0.43750    G:0.03125
position  3:    T:0.31250    C:0.28125    A:0.18750    G:0.21875
Average         T:0.29167    C:0.20833    A:0.33333    G:0.16667

#40: BohorReedbuck  
position  1:    T:0.15625    C:0.21875    A:0.37500    G:0.25000
position  2:    T:0.40625    C:0.12500    A:0.43750    G:0.03125
position  3:    T:0.31250    C:0.28125    A:0.18750    G:0.21875
Average         T:0.29167    C:0.20833    A:0.33333    G:0.16667

#41: KirksDik       
position  1:    T:0.15625    C:0.21875    A:0.37500    G:0.25000
position  2:    T:0.40625    C:0.12500    A:0.43750    G:0.03125
position  3:    T:0.31250    C:0.28125    A:0.18750    G:0.21875
Average         T:0.29167    C:0.20833    A:0.33333    G:0.16667

#42: RoeDeer        
position  1:    T:0.15625    C:0.21875    A:0.37500    G:0.25000
position  2:    T:0.40625    C:0.12500    A:0.43750    G:0.03125
position  3:    T:0.31250    C:0.28125    A:0.12500    G:0.28125
Average         T:0.29167    C:0.20833    A:0.31250    G:0.18750

#43: WhiteLippedDeer
position  1:    T:0.15625    C:0.21875    A:0.37500    G:0.25000
position  2:    T:0.40625    C:0.12500    A:0.43750    G:0.03125
position  3:    T:0.28125    C:0.31250    A:0.15625    G:0.25000
Average         T:0.28125    C:0.21875    A:0.32292    G:0.17708

#44: ThomsonGazelle 
position  1:    T:0.15625    C:0.21875    A:0.37500    G:0.25000
position  2:    T:0.40625    C:0.12500    A:0.43750    G:0.03125
position  3:    T:0.31250    C:0.28125    A:0.18750    G:0.21875
Average         T:0.29167    C:0.20833    A:0.33333    G:0.16667

#45: MuntiacusCrinifrons
position  1:    T:0.15625    C:0.21875    A:0.37500    G:0.25000
position  2:    T:0.40625    C:0.12500    A:0.43750    G:0.03125
position  3:    T:0.31250    C:0.28125    A:0.15625    G:0.25000
Average         T:0.29167    C:0.20833    A:0.32292    G:0.17708

#46: WhiteTailedDeer
position  1:    T:0.15625    C:0.21875    A:0.37500    G:0.25000
position  2:    T:0.40625    C:0.12500    A:0.43750    G:0.03125
position  3:    T:0.31250    C:0.28125    A:0.12500    G:0.28125
Average         T:0.29167    C:0.20833    A:0.31250    G:0.18750

#47: Cattle         
position  1:    T:0.15625    C:0.21875    A:0.37500    G:0.25000
position  2:    T:0.40625    C:0.12500    A:0.43750    G:0.03125
position  3:    T:0.31250    C:0.28125    A:0.18750    G:0.21875
Average         T:0.29167    C:0.20833    A:0.33333    G:0.16667

#48: RoyalAntelope  
position  1:    T:0.15625    C:0.21875    A:0.37500    G:0.25000
position  2:    T:0.40625    C:0.12500    A:0.43750    G:0.03125
position  3:    T:0.31250    C:0.28125    A:0.18750    G:0.21875
Average         T:0.29167    C:0.20833    A:0.33333    G:0.16667

#49: Steenbok       
position  1:    T:0.15625    C:0.21875    A:0.37500    G:0.25000
position  2:    T:0.40625    C:0.12500    A:0.43750    G:0.03125
position  3:    T:0.31250    C:0.28125    A:0.18750    G:0.21875
Average         T:0.29167    C:0.20833    A:0.33333    G:0.16667

#50: Impala         
position  1:    T:0.15625    C:0.21875    A:0.37500    G:0.25000
position  2:    T:0.40625    C:0.12500    A:0.43750    G:0.03125
position  3:    T:0.31250    C:0.28125    A:0.18750    G:0.21875
Average         T:0.29167    C:0.20833    A:0.33333    G:0.16667

#51: Klipspringer   
position  1:    T:0.15625    C:0.21875    A:0.37500    G:0.25000
position  2:    T:0.40625    C:0.12500    A:0.43750    G:0.03125
