CODONML (in paml version 4.10.7, June 2023)  /home/rachel/ruminants_paml/6406-phy-tree/ENSBTAT00000019342.fasta.phy
Model: free dN/dS Ratios for branches,  kappa = 2.000 fixed

Codon frequency model: F3x4
ns =  54  ls =  43

Codon usage in sequences
--------------------------------------------------------------------------------------------------------------------------------------
Phe TTT   3   3   3   3   3   3 | Ser TCT   0   0   0   0   0   0 | Tyr TAT   1   1   1   1   1   1 | Cys TGT   2   2   2   2   2   2
    TTC   2   2   2   2   2   2 |     TCC   0   0   0   0   0   0 |     TAC   0   0   0   0   0   0 |     TGC   0   0   0   0   0   0
Leu TTA   1   1   1   1   1   2 |     TCA   1   1   1   1   1   1 | *** TAA   0   0   0   0   0   0 | *** TGA   0   0   0   0   0   0
    TTG   4   3   3   3   3   2 |     TCG   0   0   0   0   0   0 |     TAG   0   0   0   0   0   0 | Trp TGG   0   0   0   0   0   0
--------------------------------------------------------------------------------------------------------------------------------------
Leu CTT   0   0   0   0   0   0 | Pro CCT   0   0   0   0   0   0 | His CAT   0   1   0   0   0   1 | Arg CGT   0   0   0   0   0   0
    CTC   0   0   0   0   0   0 |     CCC   2   2   2   2   2   2 |     CAC   2   1   2   2   2   1 |     CGC   0   0   0   0   0   0
    CTA   0   0   0   0   0   0 |     CCA   0   0   0   0   0   0 | Gln CAA   0   0   0   0   1   1 |     CGA   0   0   0   0   0   0
    CTG   0   1   1   1   1   1 |     CCG   0   0   0   0   0   0 |     CAG   1   1   1   1   0   0 |     CGG   0   0   0   0   0   0
--------------------------------------------------------------------------------------------------------------------------------------
Ile ATT   0   0   0   0   0   0 | Thr ACT   0   0   0   0   0   0 | Asn AAT   2   3   2   2   3   3 | Ser AGT   0   0   0   0   0   1
    ATC   1   1   1   1   1   1 |     ACC   0   0   0   0   0   0 |     AAC   4   3   4   4   3   2 |     AGC   0   0   0   0   0   0
    ATA   1   1   1   1   1   1 |     ACA   0   0   0   0   0   0 | Lys AAA   3   3   3   3   3   3 | Arg AGA   0   0   0   0   0   0
Met ATG   1   1   1   1   1   1 |     ACG   0   0   0   0   0   0 |     AAG   0   0   0   0   0   0 |     AGG   0   0   0   0   0   0
--------------------------------------------------------------------------------------------------------------------------------------
Val GTT   0   0   0   0   0   0 | Ala GCT   0   1   0   0   1   1 | Asp GAT   5   3   4   5   5   5 | Gly GGT   1   0   1   1   1   0
    GTC   1   1   1   1   1   1 |     GCC   1   1   1   1   1   1 |     GAC   0   3   1   0   0   0 |     GGC   0   0   0   0   0   1
    GTA   0   0   0   0   0   0 |     GCA   0   0   0   1   0   0 | Glu GAA   1   1   1   1   1   1 |     GGA   1   1   1   1   1   1
    GTG   0   0   0   0   0   0 |     GCG   1   0   1   0   0   0 |     GAG   1   0   1   1   1   1 |     GGG   0   1   0   0   0   0
--------------------------------------------------------------------------------------------------------------------------------------

--------------------------------------------------------------------------------------------------------------------------------------
Phe TTT   3   3   3   3   3   3 | Ser TCT   0   0   0   0   0   0 | Tyr TAT   1   1   1   1   1   1 | Cys TGT   1   2   2   2   2   2
    TTC   2   2   2   2   2   2 |     TCC   0   0   0   0   0   0 |     TAC   0   0   0   0   0   0 |     TGC   1   0   0   0   0   0
Leu TTA   1   1   1   1   1   1 |     TCA   1   1   1   1   1   1 | *** TAA   0   0   0   0   0   0 | *** TGA   0   0   0   0   0   0
    TTG   4   4   4   4   3   3 |     TCG   0   0   0   0   0   0 |     TAG   0   0   0   0   0   0 | Trp TGG   0   0   0   0   0   0
--------------------------------------------------------------------------------------------------------------------------------------
Leu CTT   0   0   0   0   0   0 | Pro CCT   0   0   0   0   0   0 | His CAT   0   0   0   1   0   0 | Arg CGT   0   0   0   0   0   0
    CTC   0   0   0   0   0   0 |     CCC   2   2   2   2   2   2 |     CAC   2   2   2   1   2   2 |     CGC   0   0   0   0   0   0
    CTA   0   0   0   0   0   0 |     CCA   0   0   0   0   0   0 | Gln CAA   0   0   0   0   0   0 |     CGA   0   0   0   0   0   0
    CTG   0   0   0   0   1   1 |     CCG   0   0   0   0   0   0 |     CAG   1   1   1   1   1   1 |     CGG   0   0   0   0   0   0
--------------------------------------------------------------------------------------------------------------------------------------
Ile ATT   0   0   0   0   0   0 | Thr ACT   0   0   0   0   0   0 | Asn AAT   1   2   2   2   2   2 | Ser AGT   0   0   0   0   0   0
    ATC   1   1   1   1   1   1 |     ACC   0   0   0   0   0   0 |     AAC   5   4   4   4   4   3 |     AGC   0   0   0   0   0   1
    ATA   1   1   1   1   1   1 |     ACA   0   0   0   0   0   0 | Lys AAA   3   3   3   3   3   3 | Arg AGA   0   0   0   0   0   0
Met ATG   1   1   1   1   1   1 |     ACG   0   0   0   0   0   0 |     AAG   0   0   0   0   0   0 |     AGG   0   0   0   0   0   0
--------------------------------------------------------------------------------------------------------------------------------------
Val GTT   0   0   0   0   0   0 | Ala GCT   0   0   0   0   0   0 | Asp GAT   4   5   4   5   4   5 | Gly GGT   1   1   1   1   1   1
    GTC   1   1   1   1   1   1 |     GCC   1   1   1   1   1   1 |     GAC   1   0   1   0   1   0 |     GGC   0   0   0   0   0   0
    GTA   0   0   0   0   0   0 |     GCA   0   0   0   0   0   0 | Glu GAA   1   1   1   1   1   1 |     GGA   1   1   1   1   1   1
    GTG   0   0   0   0   0   0 |     GCG   1   1   1   1   1   1 |     GAG   1   1   1   1   1   1 |     GGG   0   0   0   0   0   0
--------------------------------------------------------------------------------------------------------------------------------------

--------------------------------------------------------------------------------------------------------------------------------------
Phe TTT   3   2   3   3   3   3 | Ser TCT   0   0   0   0   0   0 | Tyr TAT   1   2   1   1   1   1 | Cys TGT   2   2   2   2   2   2
    TTC   2   2   2   2   2   2 |     TCC   0   0   0   0   0   0 |     TAC   0   0   0   0   0   0 |     TGC   0   0   0   0   0   0
Leu TTA   1   1   1   1   1   1 |     TCA   1   1   1   1   1   1 | *** TAA   0   0   0   0   0   0 | *** TGA   0   0   0   0   0   0
    TTG   4   3   4   4   3   4 |     TCG   0   0   0   0   0   0 |     TAG   0   0   0   0   0   0 | Trp TGG   0   0   0   0   0   0
--------------------------------------------------------------------------------------------------------------------------------------
Leu CTT   0   0   0   0   0   0 | Pro CCT   0   0   0   0   0   0 | His CAT   0   0   0   0   0   0 | Arg CGT   0   0   0   0   0   0
    CTC   0   0   0   0   0   0 |     CCC   2   2   2   2   2   2 |     CAC   2   2   2   2   2   2 |     CGC   0   0   0   0   0   0
    CTA   0   0   0   0   0   0 |     CCA   0   0   0   0   0   0 | Gln CAA   0   0   0   0   0   0 |     CGA   0   0   0   0   0   0
    CTG   0   1   0   0   1   0 |     CCG   0   0   0   0   0   0 |     CAG   1   1   1   1   1   1 |     CGG   0   0   0   0   0   0
--------------------------------------------------------------------------------------------------------------------------------------
Ile ATT   0   0   0   0   0   0 | Thr ACT   0   0   0   0   0   0 | Asn AAT   2   2   2   2   2   2 | Ser AGT   0   0   0   0   0   0
    ATC   1   1   1   1   1   1 |     ACC   0   0   0   0   0   0 |     AAC   4   4   4   4   4   4 |     AGC   0   0   0   0   0   0
    ATA   1   1   1   1   1   1 |     ACA   0   0   0   0   0   0 | Lys AAA   3   3   3   3   3   3 | Arg AGA   0   0   0   0   0   0
Met ATG   1   1   1   1   1   1 |     ACG   0   0   0   0   0   0 |     AAG   0   0   0   0   0   0 |     AGG   0   0   0   0   0   0
--------------------------------------------------------------------------------------------------------------------------------------
Val GTT   0   0   0   0   0   0 | Ala GCT   0   0   0   0   0   0 | Asp GAT   5   5   5   5   5   5 | Gly GGT   1   1   1   1   1   1
    GTC   1   1   1   1   1   1 |     GCC   1   1   1   1   1   1 |     GAC   0   0   0   0   0   0 |     GGC   0   0   0   0   0   0
    GTA   0   0   0   0   0   0 |     GCA   0   0   0   0   0   0 | Glu GAA   1   1   1   1   1   1 |     GGA   1   1   1   1   1   1
    GTG   0   0   0   0   0   0 |     GCG   1   1   1   1   1   1 |     GAG   1   1   1   1   1   1 |     GGG   0   0   0   0   0   0
--------------------------------------------------------------------------------------------------------------------------------------

--------------------------------------------------------------------------------------------------------------------------------------
Phe TTT   3   3   3   3   3   3 | Ser TCT   0   0   0   0   0   0 | Tyr TAT   1   1   1   1   1   1 | Cys TGT   2   2   2   2   2   2
    TTC   2   2   2   2   2   2 |     TCC   0   0   0   0   0   0 |     TAC   0   0   0   0   0   0 |     TGC   0   0   0   0   0   0
Leu TTA   1   1   1   1   1   1 |     TCA   1   1   1   1   1   1 | *** TAA   0   0   0   0   0   0 | *** TGA   0   0   0   0   0   0
    TTG   3   3   4   3   4   4 |     TCG   0   0   0   0   0   0 |     TAG   0   0   0   0   0   0 | Trp TGG   0   0   0   0   0   0
--------------------------------------------------------------------------------------------------------------------------------------
Leu CTT   0   0   0   0   0   0 | Pro CCT   0   0   0   0   0   0 | His CAT   0   0   0   0   0   0 | Arg CGT   0   0   0   0   0   0
    CTC   0   0   0   0   0   0 |     CCC   2   2   2   2   2   2 |     CAC   2   2   2   2   2   2 |     CGC   0   0   0   0   0   0
    CTA   0   0   0   0   0   0 |     CCA   0   0   0   0   0   0 | Gln CAA   0   0   0   0   0   0 |     CGA   0   0   0   0   0   0
    CTG   1   1   0   1   0   0 |     CCG   0   0   0   0   0   0 |     CAG   1   1   1   1   1   1 |     CGG   0   0   0   0   0   0
--------------------------------------------------------------------------------------------------------------------------------------
Ile ATT   0   0   0   0   0   0 | Thr ACT   0   0   0   0   0   0 | Asn AAT   2   2   2   2   2   2 | Ser AGT   0   0   0   0   0   0
    ATC   1   1   1   1   1   1 |     ACC   0   0   0   0   0   0 |     AAC   4   4   4   4   4   4 |     AGC   0   0   0   0   0   0
    ATA   1   1   1   1   1   1 |     ACA   0   0   0   0   0   0 | Lys AAA   3   3   3   3   3   3 | Arg AGA   0   0   0   0   0   0
Met ATG   1   1   1   1   1   1 |     ACG   0   0   0   0   0   0 |     AAG   0   0   0   0   0   0 |     AGG   0   0   0   0   0   0
--------------------------------------------------------------------------------------------------------------------------------------
Val GTT   0   0   0   0   0   0 | Ala GCT   0   0   0   0   0   0 | Asp GAT   5   5   5   4   5   5 | Gly GGT   1   1   1   1   1   1
    GTC   1   1   1   1   1   1 |     GCC   1   1   1   1   1   1 |     GAC   0   0   0   1   0   0 |     GGC   0   0   0   0   0   0
    GTA   0   0   0   0   0   0 |     GCA   1   1   0   0   1   0 | Glu GAA   1   1   1   1   1   1 |     GGA   1   1   1   1   1   1
    GTG   0   0   0   0   0   0 |     GCG   0   0   1   1   0   1 |     GAG   1   1   1   1   1   1 |     GGG   0   0   0   0   0   0
--------------------------------------------------------------------------------------------------------------------------------------

--------------------------------------------------------------------------------------------------------------------------------------
Phe TTT   3   2   3   3   3   3 | Ser TCT   0   0   0   0   0   0 | Tyr TAT   1   1   1   1   1   1 | Cys TGT   2   2   2   2   2   2
    TTC   2   3   2   2   2   2 |     TCC   0   0   0   0   0   0 |     TAC   0   0   0   0   0   0 |     TGC   0   0   0   0   0   0
Leu TTA   1   1   1   1   1   1 |     TCA   1   1   1   1   1   1 | *** TAA   0   0   0   0   0   0 | *** TGA   0   0   0   0   0   0
    TTG   3   3   4   4   4   3 |     TCG   0   0   0   0   0   0 |     TAG   0   0   0   0   0   0 | Trp TGG   0   0   0   0   0   0
--------------------------------------------------------------------------------------------------------------------------------------
Leu CTT   0   0   0   0   0   0 | Pro CCT   0   0   0   0   0   0 | His CAT   0   0   0   0   0   0 | Arg CGT   0   0   0   0   0   0
    CTC   0   0   0   0   0   0 |     CCC   2   2   2   2   2   2 |     CAC   2   2   2   2   2   2 |     CGC   0   0   0   0   0   0
    CTA   0   0   0   0   0   0 |     CCA   0   0   0   0   0   0 | Gln CAA   0   0   0   0   0   0 |     CGA   0   0   0   0   0   0
    CTG   1   1   0   0   0   1 |     CCG   0   0   0   0   0   0 |     CAG   1   1   1   1   1   1 |     CGG   0   0   0   0   0   0
--------------------------------------------------------------------------------------------------------------------------------------
Ile ATT   0   0   0   0   0   0 | Thr ACT   0   0   0   0   0   0 | Asn AAT   2   2   2   2   2   2 | Ser AGT   0   0   0   0   0   0
    ATC   1   1   1   1   1   1 |     ACC   0   0   0   0   0   0 |     AAC   4   4   4   4   4   4 |     AGC   0   0   0   0   0   0
    ATA   1   1   1   1   1   1 |     ACA   0   0   0   0   0   0 | Lys AAA   3   3   3   3   3   3 | Arg AGA   0   0   0   0   0   0
Met ATG   1   1   1   1   1   1 |     ACG   0   0   0   0   0   0 |     AAG   0   0   0   0   0   0 |     AGG   0   0   0   0   0   0
--------------------------------------------------------------------------------------------------------------------------------------
Val GTT   0   0   0   0   0   0 | Ala GCT   0   0   0   0   0   0 | Asp GAT   5   5   5   5   5   4 | Gly GGT   1   1   1   1   1   1
    GTC   1   1   1   1   1   1 |     GCC   1   1   1   1   1   1 |     GAC   0   0   0   0   0   1 |     GGC   0   0   0   0   0   0
    GTA   0   0   0   0   0   0 |     GCA   0   0   0   0   0   0 | Glu GAA   1   1   1   1   1   1 |     GGA   1   1   1   1   1   1
    GTG   0   0   0   0   0   0 |     GCG   1   1   1   1   1   1 |     GAG   1   1   1   1   1   1 |     GGG   0   0   0   0   0   0
--------------------------------------------------------------------------------------------------------------------------------------

--------------------------------------------------------------------------------------------------------------------------------------
Phe TTT   3   3   3   3   3   3 | Ser TCT   0   0   0   0   0   0 | Tyr TAT   1   1   1   1   1   1 | Cys TGT   2   2   2   2   2   2
    TTC   2   2   2   2   2   2 |     TCC   0   0   0   0   0   0 |     TAC   0   0   0   0   0   0 |     TGC   0   0   0   0   0   0
Leu TTA   1   1   1   1   1   1 |     TCA   1   1   1   1   1   1 | *** TAA   0   0   0   0   0   0 | *** TGA   0   0   0   0   0   0
    TTG   4   3   3   4   3   4 |     TCG   0   0   0   0   0   0 |     TAG   0   0   0   0   0   0 | Trp TGG   0   0   0   0   0   0
--------------------------------------------------------------------------------------------------------------------------------------
Leu CTT   0   0   0   0   0   0 | Pro CCT   0   0   0   0   0   0 | His CAT   0   0   0   0   0   0 | Arg CGT   0   0   0   0   0   0
    CTC   0   0   0   0   0   0 |     CCC   2   2   2   2   2   2 |     CAC   2   2   2   2   2   2 |     CGC   0   0   0   0   0   0
    CTA   0   0   0   0   0   0 |     CCA   0   0   0   0   0   0 | Gln CAA   0   0   0   0   0   0 |     CGA   0   0   0   0   0   0
    CTG   0   1   1   0   1   0 |     CCG   0   0   0   0   0   0 |     CAG   1   1   1   1   1   1 |     CGG   0   0   0   0   0   0
--------------------------------------------------------------------------------------------------------------------------------------
Ile ATT   0   0   0   0   0   0 | Thr ACT   0   0   0   0   0   0 | Asn AAT   2   2   2   2   2   2 | Ser AGT   0   0   0   0   0   0
    ATC   1   1   1   1   1   1 |     ACC   0   0   0   0   0   0 |     AAC   3   4   3   4   4   4 |     AGC   1   0   1   0   0   0
    ATA   1   1   1   1   1   1 |     ACA   0   0   0   0   0   0 | Lys AAA   3   3   3   3   3   3 | Arg AGA   0   0   0   0   0   0
Met ATG   1   1   1   1   1   1 |     ACG   0   0   0   0   0   0 |     AAG   0   0   0   0   0   0 |     AGG   0   0   0   0   0   0
--------------------------------------------------------------------------------------------------------------------------------------
Val GTT   0   0   0   0   0   0 | Ala GCT   0   0   0   0   0   0 | Asp GAT   5   4   5   5   5   5 | Gly GGT   1   1   1   1   1   1
    GTC   1   1   1   1   1   1 |     GCC   1   1   1   1   1   1 |     GAC   0   1   0   0   0   0 |     GGC   0   0   0   0   0   0
    GTA   0   0   0   0   0   0 |     GCA   0   0   0   0   0   0 | Glu GAA   1   1   1   1   1   1 |     GGA   1   1   1   1   1   1
    GTG   0   0   0   0   0   0 |     GCG   1   1   1   1   1   1 |     GAG   1   1   1   1   1   1 |     GGG   0   0   0   0   0   0
--------------------------------------------------------------------------------------------------------------------------------------

--------------------------------------------------------------------------------------------------------------------------------------
Phe TTT   3   2   3   3   3   3 | Ser TCT   0   0   0   0   0   0 | Tyr TAT   1   2   1   1   1   1 | Cys TGT   2   2   2   2   2   2
    TTC   2   2   2   2   2   2 |     TCC   0   0   0   0   0   0 |     TAC   0   0   0   0   0   0 |     TGC   0   0   0   0   0   0
Leu TTA   1   1   1   1   1   1 |     TCA   1   1   1   1   1   1 | *** TAA   0   0   0   0   0   0 | *** TGA   0   0   0   0   0   0
    TTG   4   3   4   4   4   3 |     TCG   0   0   0   0   0   0 |     TAG   0   0   0   0   0   0 | Trp TGG   0   0   0   0   0   0
--------------------------------------------------------------------------------------------------------------------------------------
Leu CTT   0   0   0   0   0   0 | Pro CCT   0   0   0   0   0   0 | His CAT   0   0   0   0   0   0 | Arg CGT   0   0   0   0   0   0
    CTC   0   0   0   0   0   0 |     CCC   2   2   2   2   2   2 |     CAC   2   2   2   2   2   2 |     CGC   0   0   0   0   0   0
    CTA   0   0   0   0   0   0 |     CCA   0   0   0   0   0   0 | Gln CAA   0   0   0   0   0   0 |     CGA   0   0   0   0   0   0
    CTG   0   1   0   0   0   1 |     CCG   0   0   0   0   0   0 |     CAG   1   1   1   1   1   1 |     CGG   0   0   0   0   0   0
--------------------------------------------------------------------------------------------------------------------------------------
Ile ATT   0   0   0   0   0   1 | Thr ACT   0   0   0   0   0   0 | Asn AAT   2   2   2   2   2   3 | Ser AGT   0   0   0   0   0   0
    ATC   1   1   1   1   1   1 |     ACC   0   0   0   0   0   0 |     AAC   4   4   4   4   4   3 |     AGC   0   0   0   0   0   0
    ATA   1   1   1   1   1   0 |     ACA   0   0   0   0   0   0 | Lys AAA   3   3   3   3   3   3 | Arg AGA   0   0   0   0   0   0
Met ATG   1   1   1   1   1   1 |     ACG   0   0   0   0   0   0 |     AAG   0   0   0   0   0   0 |     AGG   0   0   0   0   0   0
--------------------------------------------------------------------------------------------------------------------------------------
Val GTT   0   0   0   0   0   0 | Ala GCT   0   0   0   0   0   0 | Asp GAT   5   5   5   5   5   5 | Gly GGT   1   1   1   1   1   1
    GTC   1   1   1   1   1   1 |     GCC   1   1   1   1   1   1 |     GAC   0   0   0   0   0   0 |     GGC   0   0   0   0   0   0
    GTA   0   0   0   0   0   0 |     GCA   0   0   0   0   0   0 | Glu GAA   1   1   1   1   1   1 |     GGA   1   1   1   1   1   1
    GTG   0   0   0   0   0   0 |     GCG   1   1   1   1   1   1 |     GAG   1   1   1   1   1   1 |     GGG   0   0   0   0   0   0
--------------------------------------------------------------------------------------------------------------------------------------

--------------------------------------------------------------------------------------------------------------------------------------
Phe TTT   3   3   3   2   2   3 | Ser TCT   0   0   0   0   0   0 | Tyr TAT   1   1   1   1   2   1 | Cys TGT   2   2   2   2   2   2
    TTC   2   2   2   3   2   2 |     TCC   0   0   0   0   0   0 |     TAC   0   0   0   0   0   0 |     TGC   0   0   0   0   0   0
Leu TTA   1   1   1   1   1   1 |     TCA   1   1   1   1   1   1 | *** TAA   0   0   0   0   0   0 | *** TGA   0   0   0   0   0   0
    TTG   3   4   3   3   3   4 |     TCG   0   0   0   0   0   0 |     TAG   0   0   0   0   0   0 | Trp TGG   0   0   0   0   0   0
--------------------------------------------------------------------------------------------------------------------------------------
Leu CTT   0   0   0   0   0   0 | Pro CCT   0   0   0   0   0   0 | His CAT   0   0   0   0   0   0 | Arg CGT   0   0   0   0   0   0
    CTC   0   0   0   0   0   0 |     CCC   2   2   2   2   2   2 |     CAC   2   2   2   2   2   2 |     CGC   0   0   0   0   0   0
    CTA   0   0   0   0   0   0 |     CCA   0   0   0   0   0   0 | Gln CAA   0   0   0   0   0   0 |     CGA   0   0   0   0   0   0
    CTG   1   0   1   1   1   0 |     CCG   0   0   0   0   0   0 |     CAG   1   1   1   1   1   1 |     CGG   0   0   0   0   0   0
--------------------------------------------------------------------------------------------------------------------------------------
Ile ATT   0   0   0   0   0   0 | Thr ACT   0   0   0   0   0   0 | Asn AAT   2   2   2   2   2   2 | Ser AGT   0   0   0   0   0   0
    ATC   1   1   1   1   1   1 |     ACC   0   0   0   0   0   0 |     AAC   4   4   3   4   4   4 |     AGC   0   0   1   0   0   0
    ATA   1   1   1   1   1   1 |     ACA   0   0   0   0   0   0 | Lys AAA   3   3   3   3   3   3 | Arg AGA   0   0   0   0   0   0
Met ATG   1   1   1   1   1   1 |     ACG   0   0   0   0   0   0 |     AAG   0   0   0   0   0   0 |     AGG   0   0   0   0   0   0
--------------------------------------------------------------------------------------------------------------------------------------
Val GTT   0   0   0   0   0   0 | Ala GCT   0   0   0   0   0   0 | Asp GAT   5   5   5   5   5   5 | Gly GGT   1   1   1   1   1   1
    GTC   1   1   1   1   1   1 |     GCC   1   1   1   1   1   1 |     GAC   0   0   0   0   0   0 |     GGC   0   0   0   0   0   0
    GTA   0   0   0   0   0   0 |     GCA   0   0   0   0   0   0 | Glu GAA   1   1   1   1   1   1 |     GGA   1   1   1   1   1   1
    GTG   0   0   0   0   0   0 |     GCG   1   1   1   1   1   1 |     GAG   1   1   1   1   1   1 |     GGG   0   0   0   0   0   0
--------------------------------------------------------------------------------------------------------------------------------------

--------------------------------------------------------------------------------------------------------------------------------------
Phe TTT   3   2   3   3   3   3 | Ser TCT   0   0   0   0   0   0 | Tyr TAT   1   1   1   1   1   1 | Cys TGT   2   2   2   2   2   2
    TTC   2   3   2   2   2   2 |     TCC   0   0   0   0   0   0 |     TAC   0   0   0   0   0   0 |     TGC   0   0   0   0   0   0
Leu TTA   1   1   1   1   1   1 |     TCA   1   1   1   1   1   1 | *** TAA   0   0   0   0   0   0 | *** TGA   0   0   0   0   0   0
    TTG   4   4   4   3   3   3 |     TCG   0   0   0   0   0   0 |     TAG   0   0   0   0   0   0 | Trp TGG   0   0   0   0   0   0
--------------------------------------------------------------------------------------------------------------------------------------
Leu CTT   0   0   0   0   0   0 | Pro CCT   0   0   0   0   0   0 | His CAT   0   0   0   0   0   0 | Arg CGT   0   0   0   0   0   0
    CTC   0   0   0   0   0   0 |     CCC   2   2   2   2   2   2 |     CAC   2   2   2   2   2   2 |     CGC   0   0   0   0   0   0
    CTA   0   0   0   0   0   0 |     CCA   0   0   0   0   0   0 | Gln CAA   0   0   0   0   0   0 |     CGA   0   0   0   0   0   0
    CTG   0   0   0   1   1   1 |     CCG   0   0   0   0   0   0 |     CAG   1   1   1   1   1   1 |     CGG   0   0   0   0   0   0
--------------------------------------------------------------------------------------------------------------------------------------
Ile ATT   0   0   0   0   0   0 | Thr ACT   0   0   0   0   0   0 | Asn AAT   2   2   2   2   2   2 | Ser AGT   0   0   0   0   0   0
    ATC   1   1   1   1   1   1 |     ACC   0   0   0   0   0   0 |     AAC   4   4   4   4   4   4 |     AGC   0   0   0   0   0   0
    ATA   1   1   1   1   1   1 |     ACA   0   0   0   0   0   0 | Lys AAA   3   3   3   3   3   3 | Arg AGA   0   0   0   0   0   0
Met ATG   1   1   1   1   1   1 |     ACG   0   0   0   0   0   0 |     AAG   0   0   0   0   0   0 |     AGG   0   0   0   0   0   0
--------------------------------------------------------------------------------------------------------------------------------------
Val GTT   0   0   0   0   0   0 | Ala GCT   0   0   0   0   0   0 | Asp GAT   5   5   5   5   4   4 | Gly GGT   1   1   1   1   1   1
    GTC   1   1   1   1   1   1 |     GCC   1   1   1   1   1   1 |     GAC   0   0   0   0   1   1 |     GGC   0   0   0   0   0   0
    GTA   0   0   0   0   0   0 |     GCA   0   0   0   1   0   0 | Glu GAA   1   1   1   1   1   1 |     GGA   1   1   1   1   1   1
    GTG   0   0   0   0   0   0 |     GCG   1   1   1   0   1   1 |     GAG   1   1   1   1   1   1 |     GGG   0   0   0   0   0   0
--------------------------------------------------------------------------------------------------------------------------------------

Codon position x base (3x4) table for each sequence.

#1: Argali         
position  1:    T:0.32558    C:0.11628    A:0.27907    G:0.27907
position  2:    T:0.32558    C:0.11628    A:0.46512    G:0.09302
position  3:    T:0.32558    C:0.30233    A:0.18605    G:0.18605
Average         T:0.32558    C:0.17829    A:0.31008    G:0.18605

#2: LesserMouseDeer
position  1:    T:0.30233    C:0.13953    A:0.27907    G:0.27907
position  2:    T:0.32558    C:0.11628    A:0.46512    G:0.09302
position  3:    T:0.32558    C:0.32558    A:0.18605    G:0.16279
Average         T:0.31783    C:0.19380    A:0.31008    G:0.17829

#3: LesserKudu     
position  1:    T:0.30233    C:0.13953    A:0.27907    G:0.27907
position  2:    T:0.32558    C:0.11628    A:0.46512    G:0.09302
position  3:    T:0.30233    C:0.32558    A:0.18605    G:0.18605
Average         T:0.31008    C:0.19380    A:0.31008    G:0.18605

#4: ForestMuskDeer2
position  1:    T:0.30233    C:0.13953    A:0.27907    G:0.27907
position  2:    T:0.32558    C:0.11628    A:0.46512    G:0.09302
position  3:    T:0.32558    C:0.30233    A:0.20930    G:0.16279
Average         T:0.31783    C:0.18605    A:0.31783    G:0.17829

#5: Camel          
position  1:    T:0.30233    C:0.13953    A:0.27907    G:0.27907
position  2:    T:0.32558    C:0.11628    A:0.46512    G:0.09302
position  3:    T:0.37209    C:0.27907    A:0.20930    G:0.13953
Average         T:0.33333    C:0.17829    A:0.31783    G:0.17054

#6: KillerWhale    
position  1:    T:0.30233    C:0.13953    A:0.27907    G:0.27907
position  2:    T:0.32558    C:0.11628    A:0.44186    G:0.11628
position  3:    T:0.39535    C:0.25581    A:0.23256    G:0.11628
Average         T:0.34109    C:0.17054    A:0.31783    G:0.17054

#7: DefassaWaterbuck
position  1:    T:0.32558    C:0.11628    A:0.27907    G:0.27907
position  2:    T:0.32558    C:0.11628    A:0.46512    G:0.09302
position  3:    T:0.25581    C:0.37209    A:0.18605    G:0.18605
Average         T:0.30233    C:0.20155    A:0.31008    G:0.18605

#8: Sheep          
position  1:    T:0.32558    C:0.11628    A:0.27907    G:0.27907
position  2:    T:0.32558    C:0.11628    A:0.46512    G:0.09302
position  3:    T:0.32558    C:0.30233    A:0.18605    G:0.18605
Average         T:0.32558    C:0.17829    A:0.31008    G:0.18605

#9: MaxwellsDuiker 
position  1:    T:0.32558    C:0.11628    A:0.27907    G:0.27907
position  2:    T:0.32558    C:0.11628    A:0.46512    G:0.09302
position  3:    T:0.30233    C:0.32558    A:0.18605    G:0.18605
Average         T:0.31783    C:0.18605    A:0.31008    G:0.18605

#10: GazellaPrzewalskyi
position  1:    T:0.32558    C:0.11628    A:0.27907    G:0.27907
position  2:    T:0.32558    C:0.11628    A:0.46512    G:0.09302
position  3:    T:0.34884    C:0.27907    A:0.18605    G:0.18605
Average         T:0.33333    C:0.17054    A:0.31008    G:0.18605

#11: MountainNyala  
position  1:    T:0.30233    C:0.13953    A:0.27907    G:0.27907
position  2:    T:0.32558    C:0.11628    A:0.46512    G:0.09302
position  3:    T:0.30233    C:0.32558    A:0.18605    G:0.18605
Average         T:0.31008    C:0.19380    A:0.31008    G:0.18605

#12: MuntiacusMuntjak
position  1:    T:0.30233    C:0.13953    A:0.27907    G:0.27907
position  2:    T:0.32558    C:0.11628    A:0.44186    G:0.11628
position  3:    T:0.32558    C:0.30233    A:0.18605    G:0.18605
Average         T:0.31783    C:0.18605    A:0.30233    G:0.19380

#13: goat           
position  1:    T:0.32558    C:0.11628    A:0.27907    G:0.27907
position  2:    T:0.32558    C:0.11628    A:0.46512    G:0.09302
position  3:    T:0.32558    C:0.30233    A:0.18605    G:0.18605
Average         T:0.32558    C:0.17829    A:0.31008    G:0.18605

#14: AfricanBuffalo 
position  1:    T:0.30233    C:0.13953    A:0.27907    G:0.27907
position  2:    T:0.30233    C:0.11628    A:0.48837    G:0.09302
position  3:    T:0.32558    C:0.30233    A:0.18605    G:0.18605
Average         T:0.31008    C:0.18605    A:0.31783    G:0.18605

#15: Topi           
position  1:    T:0.32558    C:0.11628    A:0.27907    G:0.27907
position  2:    T:0.32558    C:0.11628    A:0.46512    G:0.09302
position  3:    T:0.32558    C:0.30233    A:0.18605    G:0.18605
Average         T:0.32558    C:0.17829    A:0.31008    G:0.18605

#16: CommonDuiker   
position  1:    T:0.32558    C:0.11628    A:0.27907    G:0.27907
position  2:    T:0.32558    C:0.11628    A:0.46512    G:0.09302
position  3:    T:0.32558    C:0.30233    A:0.18605    G:0.18605
Average         T:0.32558    C:0.17829    A:0.31008    G:0.18605

#17: Suni           
position  1:    T:0.30233    C:0.13953    A:0.27907    G:0.27907
position  2:    T:0.32558    C:0.11628    A:0.46512    G:0.09302
position  3:    T:0.32558    C:0.30233    A:0.18605    G:0.18605
Average         T:0.31783    C:0.18605    A:0.31008    G:0.18605

#18: Springbuck     
position  1:    T:0.32558    C:0.11628    A:0.27907    G:0.27907
position  2:    T:0.32558    C:0.11628    A:0.46512    G:0.09302
position  3:    T:0.32558    C:0.30233    A:0.18605    G:0.18605
Average         T:0.32558    C:0.17829    A:0.31008    G:0.18605

#19: Okapi          
position  1:    T:0.30233    C:0.13953    A:0.27907    G:0.27907
position  2:    T:0.32558    C:0.11628    A:0.46512    G:0.09302
position  3:    T:0.32558    C:0.30233    A:0.20930    G:0.16279
Average         T:0.31783    C:0.18605    A:0.31783    G:0.17829

#20: Giraffe        
position  1:    T:0.30233    C:0.13953    A:0.27907    G:0.27907
position  2:    T:0.32558    C:0.11628    A:0.46512    G:0.09302
position  3:    T:0.32558    C:0.30233    A:0.20930    G:0.16279
Average         T:0.31783    C:0.18605    A:0.31783    G:0.17829

#21: TibetanAntelope
position  1:    T:0.32558    C:0.11628    A:0.27907    G:0.27907
position  2:    T:0.32558    C:0.11628    A:0.46512    G:0.09302
position  3:    T:0.32558    C:0.30233    A:0.18605    G:0.18605
Average         T:0.32558    C:0.17829    A:0.31008    G:0.18605

#22: Sitatunga      
position  1:    T:0.30233    C:0.13953    A:0.27907    G:0.27907
position  2:    T:0.32558    C:0.11628    A:0.46512    G:0.09302
position  3:    T:0.30233    C:0.32558    A:0.18605    G:0.18605
Average         T:0.31008    C:0.19380    A:0.31008    G:0.18605

#23: Oribi          
position  1:    T:0.32558    C:0.11628    A:0.27907    G:0.27907
position  2:    T:0.32558    C:0.11628    A:0.46512    G:0.09302
position  3:    T:0.32558    C:0.30233    A:0.20930    G:0.16279
Average         T:0.32558    C:0.17829    A:0.31783    G:0.17829

#24: BarbarySheep   
position  1:    T:0.32558    C:0.11628    A:0.27907    G:0.27907
position  2:    T:0.32558    C:0.11628    A:0.46512    G:0.09302
position  3:    T:0.32558    C:0.30233    A:0.18605    G:0.18605
Average         T:0.32558    C:0.17829    A:0.31008    G:0.18605

#25: Daviddeer      
position  1:    T:0.30233    C:0.13953    A:0.27907    G:0.27907
position  2:    T:0.32558    C:0.11628    A:0.46512    G:0.09302
position  3:    T:0.32558    C:0.30233    A:0.18605    G:0.18605
Average         T:0.31783    C:0.18605    A:0.31008    G:0.18605

#26: Reindeer       
position  1:    T:0.30233    C:0.13953    A:0.27907    G:0.27907
position  2:    T:0.32558    C:0.11628    A:0.46512    G:0.09302
position  3:    T:0.30233    C:0.32558    A:0.18605    G:0.18605
Average         T:0.31008    C:0.19380    A:0.31008    G:0.18605

#27: Ibex           
position  1:    T:0.32558    C:0.11628    A:0.27907    G:0.27907
position  2:    T:0.32558    C:0.11628    A:0.46512    G:0.09302
position  3:    T:0.32558    C:0.30233    A:0.18605    G:0.18605
Average         T:0.32558    C:0.17829    A:0.31008    G:0.18605

#28: GyrantGazelle  
position  1:    T:0.32558    C:0.11628    A:0.27907    G:0.27907
position  2:    T:0.32558    C:0.11628    A:0.46512    G:0.09302
position  3:    T:0.32558    C:0.30233    A:0.18605    G:0.18605
Average         T:0.32558    C:0.17829    A:0.31008    G:0.18605

#29: Hartebeest     
position  1:    T:0.32558    C:0.11628    A:0.27907    G:0.27907
position  2:    T:0.32558    C:0.11628    A:0.46512    G:0.09302
position  3:    T:0.32558    C:0.30233    A:0.18605    G:0.18605
Average         T:0.32558    C:0.17829    A:0.31008    G:0.18605

#30: Bongo          
position  1:    T:0.30233    C:0.13953    A:0.27907    G:0.27907
position  2:    T:0.32558    C:0.11628    A:0.46512    G:0.09302
position  3:    T:0.30233    C:0.32558    A:0.18605    G:0.18605
Average         T:0.31008    C:0.19380    A:0.31008    G:0.18605

#31: Gerenuk        
position  1:    T:0.32558    C:0.11628    A:0.27907    G:0.27907
position  2:    T:0.32558    C:0.11628    A:0.44186    G:0.11628
position  3:    T:0.32558    C:0.30233    A:0.18605    G:0.18605
Average         T:0.32558    C:0.17829    A:0.30233    G:0.19380

#32: CommonEland    
position  1:    T:0.30233    C:0.13953    A:0.27907    G:0.27907
position  2:    T:0.32558    C:0.11628    A:0.46512    G:0.09302
position  3:    T:0.30233    C:0.32558    A:0.18605    G:0.18605
Average         T:0.31008    C:0.19380    A:0.31008    G:0.18605

#33: MuntiacusReevesi
position  1:    T:0.30233    C:0.13953    A:0.27907    G:0.27907
position  2:    T:0.32558    C:0.11628    A:0.44186    G:0.11628
position  3:    T:0.32558    C:0.30233    A:0.18605    G:0.18605
Average         T:0.31783    C:0.18605    A:0.30233    G:0.19380

#34: HarveysDuiker  
position  1:    T:0.32558    C:0.11628    A:0.27907    G:0.27907
position  2:    T:0.32558    C:0.11628    A:0.46512    G:0.09302
position  3:    T:0.32558    C:0.30233    A:0.18605    G:0.18605
Average         T:0.32558    C:0.17829    A:0.31008    G:0.18605

#35: Pronghorn      
position  1:    T:0.30233    C:0.13953    A:0.27907    G:0.27907
position  2:    T:0.32558    C:0.11628    A:0.46512    G:0.09302
position  3:    T:0.32558    C:0.30233    A:0.18605    G:0.18605
Average         T:0.31783    C:0.18605    A:0.31008    G:0.18605

#36: BlueWildebeest 
position  1:    T:0.32558    C:0.11628    A:0.27907    G:0.27907
position  2:    T:0.32558    C:0.11628    A:0.46512    G:0.09302
position  3:    T:0.32558    C:0.30233    A:0.18605    G:0.18605
Average         T:0.32558    C:0.17829    A:0.31008    G:0.18605

#37: Gemsbok        
position  1:    T:0.32558    C:0.11628    A:0.27907    G:0.27907
position  2:    T:0.32558    C:0.11628    A:0.46512    G:0.09302
position  3:    T:0.32558    C:0.30233    A:0.18605    G:0.18605
Average         T:0.32558    C:0.17829    A:0.31008    G:0.18605

#38: Yak            
position  1:    T:0.30233    C:0.13953    A:0.27907    G:0.27907
position  2:    T:0.30233    C:0.11628    A:0.48837    G:0.09302
position  3:    T:0.32558    C:0.30233    A:0.18605    G:0.18605
Average         T:0.31008    C:0.18605    A:0.31783    G:0.18605

#39: BlueSheep      
position  1:    T:0.32558    C:0.11628    A:0.27907    G:0.27907
position  2:    T:0.32558    C:0.11628    A:0.46512    G:0.09302
position  3:    T:0.32558    C:0.30233    A:0.18605    G:0.18605
Average         T:0.32558    C:0.17829    A:0.31008    G:0.18605

#40: BohorReedbuck  
position  1:    T:0.32558    C:0.11628    A:0.27907    G:0.27907
position  2:    T:0.32558    C:0.11628    A:0.46512    G:0.09302
position  3:    T:0.32558    C:0.30233    A:0.18605    G:0.18605
Average         T:0.32558    C:0.17829    A:0.31008    G:0.18605

#41: KirksDik       
position  1:    T:0.32558    C:0.11628    A:0.27907    G:0.27907
position  2:    T:0.32558    C:0.11628    A:0.46512    G:0.09302
position  3:    T:0.32558    C:0.30233    A:0.18605    G:0.18605
Average         T:0.32558    C:0.17829    A:0.31008    G:0.18605

#42: RoeDeer        
position  1:    T:0.30233    C:0.13953    A:0.27907    G:0.27907
position  2:    T:0.32558    C:0.11628    A:0.46512    G:0.09302
position  3:    T:0.37209    C:0.27907    A:0.16279    G:0.18605
Average         T:0.33333    C:0.17829    A:0.30233    G:0.18605

#43: WhiteLippedDeer
position  1:    T:0.30233    C:0.13953    A:0.27907    G:0.27907
position  2:    T:0.32558    C:0.11628    A:0.46512    G:0.09302
position  3:    T:0.32558    C:0.30233    A:0.18605    G:0.18605
Average         T:0.31783    C:0.18605    A:0.31008    G:0.18605

#44: ThomsonGazelle 
position  1:    T:0.32558    C:0.11628    A:0.27907    G:0.27907
position  2:    T:0.32558    C:0.11628    A:0.46512    G:0.09302
position  3:    T:0.32558    C:0.30233    A:0.18605    G:0.18605
Average         T:0.32558    C:0.17829    A:0.31008    G:0.18605

#45: MuntiacusCrinifrons
position  1:    T:0.30233    C:0.13953    A:0.27907    G:0.27907
position  2:    T:0.32558    C:0.11628    A:0.44186    G:0.11628
position  3:    T:0.32558    C:0.30233    A:0.18605    G:0.18605
Average         T:0.31783    C:0.18605    A:0.30233    G:0.19380

#46: WhiteTailedDeer
position  1:    T:0.30233    C:0.13953    A:0.27907    G:0.27907
position  2:    T:0.32558    C:0.11628    A:0.46512    G:0.09302
position  3:    T:0.30233    C:0.32558    A:0.18605    G:0.18605
Average         T:0.31008    C:0.19380    A:0.31008    G:0.18605

#47: Cattle         
position  1:    T:0.30233    C:0.13953    A:0.27907    G:0.27907
position  2:    T:0.30233    C:0.11628    A:0.48837    G:0.09302
position  3:    T:0.32558    C:0.30233    A:0.18605    G:0.18605
Average         T:0.31008    C:0.18605    A:0.31783    G:0.18605

#48: RoyalAntelope  
position  1:    T:0.32558    C:0.11628    A:0.27907    G:0.27907
position  2:    T:0.32558    C:0.11628    A:0.46512    G:0.09302
position  3:    T:0.32558    C:0.30233    A:0.18605    G:0.18605
Average         T:0.32558    C:0.17829    A:0.31008    G:0.18605

#49: Steenbok       
position  1:    T:0.32558    C:0.11628    A:0.27907    G:0.27907
position  2:    T:0.32558    C:0.11628    A:0.46512    G:0.09302
position  3:    T:0.32558    C:0.30233    A:0.18605    G:0.18605
Average         T:0.32558    C:0.17829    A:0.31008    G:0.18605

#50: Impala         
position  1:    T:0.32558    C:0.11628    A:0.27907    G:0.27907
position  2:    T:0.32558    C:0.11628    A:0.46512    G:0.09302
position  3:    T:0.30233    C:0.32558    A:0.18605    G:0.18605
Average         T:0.31783    C:0.18605    A:0.31008    G:0.18605

#51: Klipspringer   
position  1:    T:0.32558    C:0.11628    A:0.27907    G:0.27907
position  2:    T:0.32558    C:0.11628    A:0.46512    G:0.09302
