1
52 1
Argali 0.000000 0.278600 0.104900 0.451700 0.126500 0.000000 0.122300 0.106400 0.104900 0.105700 0.016800 0.060500 0.122400 0.104700 0.085300 0.125000 0.068700 0.067700 0.033400 0.104900 0.104900 0.016800 0.101200 0.086200 0.016500 0.087500 0.104200 0.105900 0.125600 0.123500 0.123100 0.104700 0.068200 0.104200 0.141800 0.068700 0.016700 0.087900 0.141600 0.104500 0.101200 0.145100 0.105700 0.124400 0.085700 0.105600 0.122200 0.068200 0.050100 0.205100 0.104900 0.086300
LesserMous 0.278600 0.000000 0.304000 0.430000 0.330800 0.278600 0.323300 0.309000 0.304000 0.257500 0.255900 0.294900 0.299600 0.302600 0.277400 0.285300 0.251700 0.250100 0.255700 0.304000 0.259200 0.255900 0.249000 0.232500 0.252800 0.278300 0.277900 0.306100 0.326000 0.304500 0.276600 0.302600 0.275300 0.277900 0.277500 0.258800 0.278500 0.285600 0.279100 0.232300 0.249000 0.301700 0.257500 0.258900 0.278100 0.306300 0.278400 0.257600 0.277300 0.430100 0.304000 0.280300
LesserKudu 0.104900 0.304000 0.000000 0.402000 0.106500 0.104900 0.049600 0.033600 0.000000 0.068200 0.105100 0.062500 0.068100 0.033100 0.049400 0.086400 0.033200 0.032700 0.123900 0.000000 0.067500 0.105100 0.064000 0.050100 0.104500 0.050800 0.050800 0.000100 0.086800 0.016600 0.085100 0.033100 0.033000 0.050800 0.086100 0.033200 0.123700 0.069100 0.102300 0.067400 0.064000 0.105200 0.068200 0.086000 0.049800 0.104400 0.084200 0.032900 0.049400 0.162000 0.000000 0.016600
KillerWhal 0.451700 0.430000 0.402000 0.000000 0.464800 0.451700 0.422500 0.410100 0.402000 0.457200 0.481000 0.448100 0.477700 0.454400 0.372200 0.437600 0.395800 0.393100 0.481100 0.402000 0.405700 0.481000 0.442800 0.422500 0.478000 0.436800 0.452800 0.406800 0.492300 0.370600 0.479400 0.454400 0.419800 0.452800 0.507200 0.405800 0.452000 0.435000 0.428800 0.422500 0.442800 0.495300 0.457200 0.458100 0.427600 0.554000 0.427400 0.401800 0.424300 0.571600 0.402000 0.428100
DefassaWat 0.126500 0.330800 0.106500 0.464800 0.000000 0.126500 0.123700 0.088600 0.106500 0.105600 0.126700 0.101700 0.125600 0.105900 0.086500 0.106500 0.068700 0.067600 0.146300 0.106500 0.087300 0.126700 0.102100 0.086100 0.125900 0.070000 0.106800 0.107500 0.107500 0.125300 0.122900 0.105900 0.085500 0.106800 0.145700 0.069600 0.146100 0.034600 0.123600 0.104400 0.102100 0.126800 0.105600 0.126200 0.086800 0.165800 0.104600 0.069200 0.086400 0.123800 0.106500 0.087600
Sheep 0.000000 0.278600 0.104900 0.451700 0.126500 0.000000 0.122300 0.106400 0.104900 0.105700 0.016600 0.060500 0.122400 0.104700 0.085300 0.125000 0.068700 0.067700 0.033600 0.104900 0.104900 0.016500 0.101200 0.086200 0.016500 0.087500 0.104200 0.105900 0.125600 0.123500 0.123100 0.104700 0.068200 0.104200 0.141800 0.068700 0.016600 0.087900 0.141600 0.104500 0.101200 0.145100 0.105700 0.124400 0.085700 0.105600 0.122200 0.068200 0.050100 0.205100 0.104900 0.086300
MaxwellsDu 0.122300 0.323300 0.049600 0.422500 0.123700 0.122300 0.000000 0.085400 0.049600 0.085000 0.122500 0.065900 0.083900 0.016200 0.032300 0.103600 0.049800 0.049000 0.141400 0.049600 0.084300 0.122500 0.081000 0.066600 0.121700 0.067700 0.066300 0.050300 0.104000 0.066700 0.101900 0.016300 0.048600 0.066300 0.103200 0.047100 0.141200 0.085800 0.119500 0.084100 0.081000 0.122600 0.085000 0.101300 0.064200 0.121700 0.101100 0.049400 0.065900 0.179200 0.049600 0.032900
GazellaPrz 0.106400 0.309000 0.033600 0.410100 0.088600 0.106400 0.085400 0.000000 0.033600 0.069100 0.106600 0.063300 0.105700 0.068300 0.050100 0.050700 0.033800 0.033200 0.125700 0.033600 0.033000 0.106600 0.064900 0.050800 0.106000 0.016600 0.087500 0.034000 0.050900 0.050700 0.086200 0.068300 0.033500 0.087500 0.124700 0.033700 0.125500 0.051900 0.067200 0.068300 0.064900 0.068500 0.069100 0.087200 0.050500 0.104000 0.049400 0.033400 0.050100 0.143600 0.033600 0.050800
MountainNy 0.104900 0.304000 0.000000 0.402000 0.106500 0.104900 0.049600 0.033600 0.000000 0.068200 0.105100 0.062500 0.068100 0.033100 0.049400 0.086400 0.033200 0.032700 0.123900 0.000000 0.067500 0.105100 0.064000 0.050100 0.104500 0.050800 0.050800 0.000100 0.086800 0.016500 0.085100 0.033100 0.033000 0.050800 0.086100 0.033200 0.123700 0.068800 0.102300 0.067400 0.064000 0.105200 0.068200 0.086000 0.049800 0.104400 0.084200 0.033500 0.050000 0.162000 0.000000 0.016400
MuntiacusM 0.105700 0.257500 0.068200 0.457200 0.105600 0.105700 0.085000 0.069100 0.068200 0.000000 0.105900 0.061200 0.105000 0.067900 0.049900 0.087000 0.038000 0.039100 0.124900 0.068200 0.068200 0.105900 0.016100 0.016300 0.105200 0.051200 0.086900 0.068800 0.087300 0.085900 0.016100 0.067900 0.049500 0.086900 0.086800 0.033500 0.124800 0.069500 0.103500 0.032600 0.016100 0.106000 0.000000 0.050400 0.050200 0.143700 0.085200 0.033300 0.049900 0.141900 0.068200 0.050500
goat 0.016800 0.255900 0.105100 0.481000 0.126700 0.016600 0.122500 0.106600 0.105100 0.105900 0.000000 0.060600 0.103900 0.104900 0.085400 0.125300 0.068800 0.067800 0.016600 0.105100 0.105100 0.000000 0.101400 0.086400 0.000100 0.087700 0.086000 0.106200 0.125900 0.123700 0.123300 0.104900 0.068300 0.086000 0.123000 0.068800 0.033600 0.088000 0.141800 0.104700 0.101400 0.145400 0.105900 0.124600 0.085800 0.105900 0.122400 0.068300 0.050100 0.205500 0.105100 0.086500
AfricanBuf 0.060500 0.294900 0.062500 0.448100 0.101700 0.060500 0.065900 0.063300 0.062500 0.061200 0.060600 0.000000 0.084800 0.049300 0.043800 0.079300 0.019300 0.020000 0.079300 0.062500 0.062700 0.060600 0.052900 0.042000 0.057100 0.041700 0.067400 0.060500 0.077900 0.080700 0.079000 0.049300 0.024600 0.067400 0.118600 0.016300 0.079300 0.063400 0.098600 0.060500 0.052900 0.098400 0.061200 0.067200 0.032500 0.099800 0.080200 0.024600 0.000100 0.156700 0.062500 0.044000
Topi 0.122400 0.299600 0.068100 0.477700 0.125600 0.122400 0.083900 0.105700 0.068100 0.105000 0.103900 0.084800 0.000000 0.066700 0.084800 0.124200 0.068200 0.067200 0.122300 0.068100 0.104200 0.103900 0.101000 0.085700 0.103200 0.086900 0.016400 0.068800 0.124800 0.085900 0.085600 0.066700 0.067800 0.016400 0.085400 0.068200 0.141300 0.087200 0.140700 0.103800 0.101000 0.144000 0.105000 0.123700 0.085200 0.143400 0.121500 0.067800 0.084800 0.203600 0.068100 0.050500
CommonDuik 0.104700 0.302600 0.033100 0.454400 0.105900 0.104700 0.016200 0.068300 0.033100 0.067900 0.104900 0.049300 0.066700 0.000000 0.049400 0.086200 0.033100 0.032600 0.123600 0.033100 0.067400 0.104900 0.063700 0.049900 0.104200 0.050700 0.049000 0.033500 0.086600 0.050000 0.084700 0.000000 0.031500 0.049000 0.085900 0.029300 0.123500 0.068700 0.102200 0.067100 0.063700 0.105000 0.067900 0.083900 0.047000 0.104200 0.084100 0.032900 0.049400 0.161000 0.033100 0.016400
Suni 0.085300 0.277400 0.049400 0.372200 0.086500 0.085300 0.032300 0.050100 0.049400 0.049900 0.085400 0.043800 0.084800 0.049400 0.000000 0.067400 0.016300 0.016100 0.103600 0.049400 0.049500 0.085400 0.045300 0.032600 0.084900 0.033100 0.067400 0.050100 0.067600 0.066400 0.066500 0.049400 0.016200 0.067400 0.102600 0.016300 0.103500 0.050400 0.083400 0.049400 0.045300 0.085500 0.049900 0.067200 0.032500 0.121100 0.065900 0.016200 0.032600 0.140100 0.049400 0.032600
Springbuck 0.125000 0.285300 0.086400 0.437600 0.106500 0.125000 0.103600 0.050700 0.086400 0.087000 0.125300 0.079300 0.124200 0.086200 0.067400 0.000000 0.050900 0.050100 0.144700 0.086400 0.050000 0.125300 0.082400 0.068100 0.124500 0.033300 0.105800 0.087200 0.068200 0.104500 0.104200 0.086200 0.050600 0.105800 0.144000 0.050900 0.144500 0.069400 0.084100 0.086000 0.082400 0.086200 0.087000 0.105200 0.067700 0.122500 0.066500 0.050600 0.067400 0.123700 0.086400 0.068200
Okapi 0.068700 0.251700 0.033200 0.395800 0.068700 0.068700 0.049800 0.033800 0.033200 0.038000 0.068800 0.019300 0.068200 0.033100 0.016300 0.050900 0.000000 0.000100 0.086900 0.033200 0.033400 0.068800 0.026000 0.018900 0.068300 0.016700 0.050900 0.033500 0.051100 0.050300 0.055900 0.033100 0.016000 0.050900 0.086400 0.000400 0.086800 0.034000 0.067400 0.037500 0.026000 0.068900 0.038000 0.056600 0.016300 0.104900 0.050000 0.000300 0.016300 0.121600 0.033200 0.016400
Giraffe 0.067700 0.250100 0.032700 0.393100 0.067600 0.067700 0.049000 0.033200 0.032700 0.039100 0.067800 0.020000 0.067200 0.032600 0.016100 0.050100 0.000100 0.000000 0.085600 0.032700 0.032800 0.067800 0.027300 0.019900 0.067300 0.016400 0.050100 0.033000 0.050300 0.049600 0.057000 0.032600 0.015900 0.050100 0.085100 0.000300 0.085500 0.033400 0.066400 0.038700 0.027300 0.067800 0.039100 0.057400 0.016100 0.103300 0.049200 0.000200 0.016100 0.119900 0.032700 0.016200
TibetanAnt 0.033400 0.255700 0.123900 0.481100 0.146300 0.033600 0.141400 0.125700 0.123900 0.124900 0.016600 0.079300 0.122300 0.123600 0.103600 0.144700 0.086900 0.085600 0.000000 0.123900 0.123900 0.016500 0.120300 0.104700 0.016500 0.106300 0.104200 0.125100 0.145300 0.142900 0.142500 0.123600 0.086300 0.104200 0.141800 0.086900 0.016800 0.106700 0.122300 0.086000 0.120300 0.165400 0.124900 0.105200 0.104100 0.124700 0.141400 0.086300 0.067500 0.226900 0.123900 0.104800
Sitatunga 0.104900 0.304000 0.000000 0.402000 0.106500 0.104900 0.049600 0.033600 0.000000 0.068200 0.105100 0.062500 0.068100 0.033100 0.049400 0.086400 0.033200 0.032700 0.123900 0.000000 0.068200 0.105100 0.064000 0.050100 0.104500 0.050800 0.050800 0.000100 0.086800 0.016600 0.085100 0.033100 0.033000 0.050800 0.086100 0.033200 0.123700 0.068800 0.102300 0.067400 0.064000 0.105200 0.068200 0.086000 0.049800 0.104400 0.084200 0.032900 0.049400 0.162000 0.000000 0.016400
Oribi 0.104900 0.259200 0.067500 0.405700 0.087300 0.104900 0.084300 0.033000 0.067500 0.068200 0.105100 0.062700 0.104200 0.067400 0.049500 0.050000 0.033400 0.032800 0.123900 0.068200 0.000000 0.105100 0.064000 0.050100 0.104500 0.016300 0.086300 0.068400 0.050100 0.085100 0.085100 0.067400 0.033100 0.086300 0.122700 0.033300 0.123800 0.050800 0.032300 0.067500 0.064000 0.067500 0.068200 0.086000 0.049900 0.102500 0.016000 0.033000 0.049500 0.141400 0.067500 0.050000
BarbaryShe 0.016800 0.255900 0.105100 0.481000 0.126700 0.016500 0.122500 0.106600 0.105100 0.105900 0.000000 0.060600 0.103900 0.104900 0.085400 0.125300 0.068800 0.067800 0.016500 0.105100 0.105100 0.000000 0.101400 0.086400 0.000100 0.087700 0.086000 0.106200 0.125900 0.123700 0.123300 0.104900 0.068300 0.086000 0.123000 0.068800 0.033900 0.088000 0.141800 0.104700 0.101400 0.145400 0.105900 0.124600 0.085800 0.105900 0.122400 0.068300 0.050100 0.205500 0.105100 0.086500
Daviddeer 0.101200 0.249000 0.064000 0.442800 0.102100 0.101200 0.081000 0.064900 0.064000 0.016100 0.101400 0.052900 0.101000 0.063700 0.045300 0.082400 0.026000 0.027300 0.120300 0.064000 0.064000 0.101400 0.000000 0.000200 0.099900 0.045500 0.082800 0.064000 0.082000 0.081900 0.032000 0.063700 0.045800 0.082800 0.082700 0.026700 0.120100 0.065400 0.099500 0.015900 0.000000 0.101300 0.016100 0.032800 0.044900 0.139300 0.081200 0.027200 0.045300 0.137600 0.064000 0.045800
Reindeer 0.086200 0.232500 0.050100 0.422500 0.086100 0.086200 0.066600 0.050800 0.050100 0.016300 0.086400 0.042000 0.085700 0.049900 0.032600 0.068100 0.018900 0.019900 0.104700 0.050100 0.050100 0.086400 0.000200 0.000000 0.085800 0.033400 0.068100 0.050600 0.068400 0.067400 0.032000 0.049900 0.032400 0.068100 0.068100 0.016400 0.104500 0.051000 0.084400 0.016200 0.000200 0.086400 0.016200 0.032900 0.032700 0.123000 0.066700 0.016300 0.032600 0.121400 0.050100 0.033000
Ibex 0.016500 0.252800 0.104500 0.478000 0.125900 0.016500 0.121700 0.106000 0.104500 0.105200 0.000100 0.057100 0.103200 0.104200 0.084900 0.124500 0.068300 0.067300 0.016500 0.104500 0.104500 0.000100 0.099900 0.085800 0.000000 0.087200 0.085400 0.105400 0.125100 0.122900 0.122500 0.104200 0.067900 0.085400 0.122200 0.068300 0.033300 0.087400 0.141000 0.103900 0.099900 0.144500 0.105200 0.123700 0.085200 0.105200 0.121700 0.067900 0.049800 0.204200 0.104500 0.085900
GyrantGaze 0.087500 0.278300 0.050800 0.436800 0.070000 0.087500 0.067700 0.016600 0.050800 0.051200 0.087700 0.041700 0.086900 0.050700 0.033100 0.033300 0.016700 0.016400 0.106300 0.050800 0.016300 0.087700 0.045500 0.033400 0.087200 0.000000 0.069000 0.051300 0.033500 0.068300 0.068100 0.050700 0.016600 0.069000 0.105600 0.016700 0.106200 0.034100 0.049500 0.050600 0.045500 0.051100 0.051200 0.068900 0.033300 0.085700 0.032600 0.016600 0.033100 0.123800 0.050800 0.033500
Hartebeest 0.104200 0.277900 0.050800 0.452800 0.106800 0.104200 0.066300 0.087500 0.050800 0.086900 0.086000 0.067400 0.016400 0.049000 0.067400 0.105800 0.050900 0.050100 0.104200 0.050800 0.086300 0.086000 0.082800 0.068100 0.085400 0.069000 0.000000 0.051200 0.106100 0.068200 0.068000 0.049000 0.050500 0.000000 0.067900 0.050800 0.122800 0.069200 0.122200 0.085900 0.082800 0.125100 0.086900 0.105200 0.067700 0.124600 0.103400 0.050500 0.067300 0.183600 0.050800 0.033400
Bongo 0.105900 0.306100 0.000100 0.406800 0.107500 0.105900 0.050300 0.034000 0.000100 0.068800 0.106200 0.060500 0.068800 0.033500 0.050100 0.087200 0.033500 0.033000 0.125100 0.000100 0.068400 0.106200 0.064000 0.050600 0.105400 0.051300 0.051200 0.000000 0.087600 0.016600 0.085900 0.033500 0.033300 0.051200 0.087200 0.033500 0.124900 0.069600 0.103700 0.068000 0.064000 0.106200 0.068800 0.086800 0.050300 0.105800 0.085300 0.033400 0.050000 0.163600 0.000100 0.016600
Gerenuk 0.125600 0.326000 0.086800 0.492300 0.107500 0.125600 0.104000 0.050900 0.086800 0.087300 0.125900 0.077900 0.124800 0.086600 0.067600 0.068200 0.051100 0.050300 0.145300 0.086800 0.050100 0.125900 0.082000 0.068400 0.125100 0.033500 0.106100 0.087600 0.000000 0.105000 0.104600 0.086600 0.050700 0.106100 0.145000 0.051000 0.145100 0.069600 0.084300 0.086300 0.082000 0.086600 0.087300 0.105700 0.067900 0.123200 0.066700 0.050700 0.067600 0.163500 0.086800 0.068500
CommonElan 0.123500 0.304500 0.016600 0.370600 0.125300 0.123500 0.066700 0.050700 0.016500 0.085900 0.123700 0.080700 0.085900 0.050000 0.066400 0.104500 0.050300 0.049600 0.142900 0.016600 0.085100 0.123700 0.081900 0.067400 0.122900 0.068300 0.068200 0.016600 0.105000 0.000000 0.103000 0.050000 0.050000 0.068200 0.104200 0.050300 0.142600 0.086600 0.120400 0.085000 0.081900 0.105300 0.085900 0.104000 0.067000 0.104500 0.102000 0.049800 0.066400 0.181600 0.016400 0.033000
MuntiacusR 0.123100 0.276600 0.085100 0.479400 0.122900 0.123100 0.101900 0.086200 0.085100 0.016100 0.123300 0.079000 0.085600 0.084700 0.066500 0.104200 0.055900 0.057000 0.142500 0.085100 0.085100 0.123300 0.032000 0.032000 0.122500 0.068100 0.068000 0.085900 0.104600 0.103000 0.000000 0.084700 0.065900 0.068000 0.104100 0.050100 0.142300 0.086700 0.120700 0.048400 0.032000 0.123400 0.015800 0.067000 0.066800 0.161500 0.102100 0.049800 0.066500 0.159400 0.085100 0.067200
HarveysDui 0.104700 0.302600 0.033100 0.454400 0.105900 0.104700 0.016300 0.068300 0.033100 0.067900 0.104900 0.049300 0.066700 0.000000 0.049400 0.086200 0.033100 0.032600 0.123600 0.033100 0.067400 0.104900 0.063700 0.049900 0.104200 0.050700 0.049000 0.033500 0.086600 0.050000 0.084700 0.000000 0.031500 0.049000 0.085900 0.029300 0.123500 0.068600 0.102200 0.067100 0.063700 0.105000 0.067900 0.083900 0.047000 0.104200 0.084100 0.032900 0.049400 0.161000 0.033300 0.016300
Pronghorn 0.068200 0.275300 0.033000 0.419800 0.085500 0.068200 0.048600 0.033500 0.033000 0.049500 0.068300 0.024600 0.067800 0.031500 0.016200 0.050600 0.016000 0.015900 0.086300 0.033000 0.033100 0.068300 0.045800 0.032400 0.067900 0.016600 0.050500 0.033300 0.050700 0.050000 0.065900 0.031500 0.000000 0.050500 0.085700 0.000100 0.086200 0.033700 0.066900 0.049000 0.045800 0.068300 0.049500 0.050400 0.016200 0.104100 0.049500 0.000100 0.016200 0.138400 0.033000 0.016300
BlueWildeb 0.104200 0.277900 0.050800 0.452800 0.106800 0.104200 0.066300 0.087500 0.050800 0.086900 0.086000 0.067400 0.016400 0.049000 0.067400 0.105800 0.050900 0.050100 0.104200 0.050800 0.086300 0.086000 0.082800 0.068100 0.085400 0.069000 0.000000 0.051200 0.106100 0.068200 0.068000 0.049000 0.050500 0.000000 0.067900 0.050800 0.122800 0.069200 0.122200 0.085900 0.082800 0.125100 0.086900 0.105200 0.067700 0.124600 0.103400 0.050500 0.067300 0.183600 0.050800 0.033400
Gemsbok 0.141800 0.277500 0.086100 0.507200 0.145700 0.141800 0.103200 0.124700 0.086100 0.086800 0.123000 0.118600 0.085400 0.085900 0.102600 0.144000 0.086400 0.085100 0.141800 0.086100 0.122700 0.123000 0.082700 0.068100 0.122200 0.105600 0.067900 0.087200 0.145000 0.104200 0.104100 0.085900 0.085700 0.067900 0.000000 0.086200 0.161100 0.105500 0.121100 0.085800 0.082700 0.164700 0.086800 0.105100 0.103400 0.163500 0.140100 0.085400 0.102600 0.226300 0.086100 0.067900
Yak 0.068700 0.258800 0.033200 0.405800 0.069600 0.068700 0.047100 0.033700 0.033200 0.033500 0.068800 0.016300 0.068200 0.029300 0.016300 0.050900 0.000400 0.000300 0.086900 0.033200 0.033300 0.068800 0.026700 0.016400 0.068300 0.016700 0.050800 0.033500 0.051000 0.050300 0.050100 0.029300 0.000100 0.050800 0.086200 0.000000 0.086800 0.033900 0.067300 0.033100 0.026700 0.068800 0.033500 0.050700 0.016300 0.104800 0.049900 0.000100 0.016300 0.123200 0.033200 0.016400
BlueSheep 0.016700 0.278500 0.123700 0.452000 0.146100 0.016600 0.141200 0.125500 0.123700 0.124800 0.033600 0.079300 0.141300 0.123500 0.103500 0.144500 0.086800 0.085500 0.016800 0.123700 0.123800 0.033900 0.120100 0.104500 0.033300 0.106200 0.122800 0.124900 0.145100 0.142600 0.142300 0.123500 0.086200 0.122800 0.161100 0.086800 0.000000 0.106700 0.122200 0.085900 0.120100 0.165100 0.124800 0.105100 0.104000 0.124500 0.141300 0.086200 0.067500 0.226500 0.123700 0.104700
BohorReedb 0.087900 0.285600 0.069100 0.435000 0.034600 0.087900 0.085800 0.051900 0.068800 0.069500 0.088000 0.063400 0.087200 0.068700 0.050400 0.069400 0.034000 0.033400 0.106700 0.068800 0.050800 0.088000 0.065400 0.051000 0.087400 0.034100 0.069200 0.069600 0.069600 0.086600 0.086700 0.068600 0.033700 0.069200 0.105500 0.033900 0.106700 0.000000 0.085600 0.068700 0.065400 0.088000 0.069500 0.087700 0.050800 0.124600 0.067600 0.033800 0.050400 0.125200 0.069000 0.051000
KirksDik 0.141600 0.279100 0.102300 0.428800 0.123600 0.141600 0.119500 0.067200 0.102300 0.103500 0.141800 0.098600 0.140700 0.102200 0.083400 0.084100 0.067400 0.066400 0.122300 0.102300 0.032300 0.141800 0.099500 0.084400 0.141000 0.049500 0.122200 0.103700 0.084300 0.120400 0.120700 0.102200 0.066900 0.122200 0.121100 0.067300 0.122200 0.085600 0.000000 0.066700 0.099500 0.102300 0.103500 0.085000 0.084100 0.138100 0.048400 0.066600 0.083400 0.179000 0.102300 0.084200
RoeDeer 0.104500 0.232300 0.067400 0.422500 0.104400 0.104500 0.084100 0.068300 0.067400 0.032600 0.104700 0.060500 0.103800 0.067100 0.049400 0.086000 0.037500 0.038700 0.086000 0.067400 0.067500 0.104700 0.015900 0.016200 0.103900 0.050600 0.085900 0.068000 0.086300 0.085000 0.048400 0.067100 0.049000 0.085900 0.085800 0.033100 0.085900 0.068700 0.066700 0.000000 0.015900 0.104700 0.032300 0.016200 0.049600 0.142000 0.084200 0.032900 0.049400 0.140200 0.067400 0.049900
WhiteLippe 0.101200 0.249000 0.064000 0.442800 0.102100 0.101200 0.081000 0.064900 0.064000 0.016100 0.101400 0.052900 0.101000 0.063700 0.045300 0.082400 0.026000 0.027300 0.120300 0.064000 0.064000 0.101400 0.000000 0.000200 0.099900 0.045500 0.082800 0.064000 0.082000 0.081900 0.032000 0.063700 0.045800 0.082800 0.082700 0.026700 0.120100 0.065400 0.099500 0.015900 0.000000 0.101300 0.016100 0.032800 0.044900 0.139300 0.081200 0.027200 0.045300 0.137600 0.064000 0.045800
ThomsonGaz 0.145100 0.301700 0.105200 0.495300 0.126800 0.145100 0.122600 0.068500 0.105200 0.106000 0.145400 0.098400 0.144000 0.105000 0.085500 0.086200 0.068900 0.067800 0.165400 0.105200 0.067500 0.145400 0.101300 0.086400 0.144500 0.051100 0.125100 0.106200 0.086600 0.105300 0.123400 0.105000 0.068300 0.125100 0.164700 0.068800 0.165100 0.088000 0.102300 0.104700 0.101300 0.000000 0.106000 0.124700 0.085900 0.104100 0.084200 0.068300 0.085400 0.183800 0.105200 0.086500
MuntiacusC 0.105700 0.257500 0.068200 0.457200 0.105600 0.105700 0.085000 0.069100 0.068200 0.000000 0.105900 0.061200 0.105000 0.067900 0.049900 0.087000 0.038000 0.039100 0.124900 0.068200 0.068200 0.105900 0.016100 0.016200 0.105200 0.051200 0.086900 0.068800 0.087300 0.085900 0.015800 0.067900 0.049500 0.086900 0.086800 0.033500 0.124800 0.069500 0.103500 0.032300 0.016100 0.106000 0.000000 0.050400 0.050200 0.143700 0.085200 0.033300 0.049900 0.141900 0.068200 0.050500
WhiteTaile 0.124400 0.258900 0.086000 0.458100 0.126200 0.124400 0.101300 0.087200 0.086000 0.050400 0.124600 0.067200 0.123700 0.083900 0.067200 0.105200 0.056600 0.057400 0.105200 0.086000 0.086000 0.124600 0.032800 0.032900 0.123700 0.068900 0.105200 0.086800 0.105700 0.104000 0.067000 0.083900 0.050400 0.105200 0.105100 0.050700 0.105100 0.087700 0.085000 0.016200 0.032800 0.124700 0.050400 0.000000 0.067500 0.163000 0.103100 0.050400 0.067200 0.163400 0.086000 0.067900
Cattle 0.085700 0.278100 0.049800 0.427600 0.086800 0.085700 0.064200 0.050500 0.049800 0.050200 0.085800 0.032500 0.085200 0.047000 0.032500 0.067700 0.016300 0.016100 0.104100 0.049800 0.049900 0.085800 0.044900 0.032700 0.085200 0.033300 0.067700 0.050300 0.067900 0.067000 0.066800 0.047000 0.016200 0.067700 0.103400 0.016300 0.104000 0.050800 0.084100 0.049600 0.044900 0.085900 0.050200 0.067500 0.000000 0.122100 0.032600 0.016200 0.032500 0.140700 0.049800 0.032800
RoyalAntel 0.105600 0.306300 0.104400 0.554000 0.165800 0.105600 0.121700 0.104000 0.104400 0.143700 0.105900 0.099800 0.143400 0.104200 0.121100 0.122500 0.104900 0.103300 0.124700 0.104400 0.102500 0.105900 0.139300 0.123000 0.105200 0.085700 0.124600 0.105800 0.123200 0.104500 0.161500 0.104200 0.104100 0.124600 0.163500 0.104800 0.124500 0.124600 0.138100 0.142000 0.139300 0.104100 0.143700 0.163000 0.122100 0.000000 0.119400 0.103700 0.084500 0.225000 0.104400 0.085700
Steenbok 0.122200 0.278400 0.084200 0.427400 0.104600 0.122200 0.101100 0.049400 0.084200 0.085200 0.122400 0.080200 0.121500 0.084100 0.065900 0.066500 0.050000 0.049200 0.141400 0.084200 0.016000 0.122400 0.081200 0.066700 0.121700 0.032600 0.103400 0.085300 0.066700 0.102000 0.102100 0.084100 0.049500 0.103400 0.140100 0.049900 0.141300 0.067600 0.048400 0.084200 0.081200 0.084200 0.085200 0.103100 0.032600 0.119400 0.000000 0.049600 0.065900 0.158900 0.084200 0.066800
Impala 0.068200 0.257600 0.032900 0.401800 0.069200 0.068200 0.049400 0.033400 0.033500 0.033300 0.068300 0.024600 0.067800 0.032900 0.016200 0.050600 0.000300 0.000200 0.086300 0.032900 0.033000 0.068300 0.027200 0.016300 0.067900 0.016600 0.050500 0.033400 0.050700 0.049800 0.049800 0.032900 0.000100 0.050500 0.085400 0.000100 0.086200 0.033800 0.066600 0.032900 0.027200 0.068300 0.033300 0.050400 0.016200 0.103700 0.049600 0.000000 0.016300 0.122400 0.033200 0.016500
Klipspring 0.050100 0.277300 0.049400 0.424300 0.086400 0.050100 0.065900 0.050100 0.050000 0.049900 0.050100 0.000100 0.084800 0.049400 0.032600 0.067400 0.016300 0.016100 0.067500 0.049400 0.049500 0.050100 0.045300 0.032600 0.049800 0.033100 0.067300 0.050000 0.067600 0.066400 0.066500 0.049400 0.016200 0.067300 0.102600 0.016300 0.067500 0.050400 0.083400 0.049400 0.045300 0.085400 0.049900 0.067200 0.032500 0.084500 0.065900 0.016300 0.000000 0.140000 0.049400 0.032600
ForestMusk 0.205100 0.430100 0.162000 0.571600 0.123800 0.205100 0.179200 0.143600 0.162000 0.141900 0.205500 0.156700 0.203600 0.161000 0.140100 0.123700 0.121600 0.119900 0.226900 0.162000 0.141400 0.205500 0.137600 0.121400 0.204200 0.123800 0.183600 0.163600 0.163500 0.181600 0.159400 0.161000 0.138400 0.183600 0.226300 0.123200 0.226500 0.125200 0.179000 0.140200 0.137600 0.183800 0.141900 0.163400 0.140700 0.225000 0.158900 0.122400 0.140000 0.000000 0.162000 0.141900
Bushbuck 0.104900 0.304000 0.000000 0.402000 0.106500 0.104900 0.049600 0.033600 0.000000 0.068200 0.105100 0.062500 0.068100 0.033100 0.049400 0.086400 0.033200 0.032700 0.123900 0.000000 0.067500 0.105100 0.064000 0.050100 0.104500 0.050800 0.050800 0.000100 0.086800 0.016400 0.085100 0.033300 0.033000 0.050800 0.086100 0.033200 0.123700 0.069000 0.102300 0.067400 0.064000 0.105200 0.068200 0.086000 0.049800 0.104400 0.084200 0.033200 0.049400 0.162000 0.000000 0.016500
GreaterKud 0.086300 0.280300 0.016600 0.428100 0.087600 0.086300 0.032900 0.050800 0.016400 0.050500 0.086500 0.044000 0.050500 0.016400 0.032600 0.068200 0.016400 0.016200 0.104800 0.016400 0.050000 0.086500 0.045800 0.033000 0.085900 0.033500 0.033400 0.016600 0.068500 0.033000 0.067200 0.016300 0.016300 0.033400 0.067900 0.016400 0.104700 0.051000 0.084200 0.049900 0.045800 0.086500 0.050500 0.067900 0.032800 0.085700 0.066800 0.016500 0.032600 0.141900 0.016500 0.000000
