1
52 1
Argali 0.000000 0.193200 0.090200 0.152200 0.034500 0.000000 0.035100 0.168400 0.070800 0.034700 0.000000 0.071100 0.017300 0.035200 0.052600 0.107600 0.017000 0.034700 0.000100 0.070600 0.108100 0.017200 0.052700 0.052300 0.017100 0.108500 0.017300 0.070600 0.107600 0.070600 0.034700 0.035200 0.034700 0.017300 0.017300 0.034100 0.052000 0.034500 0.107600 0.034700 0.052700 0.090100 0.034700 0.052300 0.034400 0.052800 0.127200 0.052200 0.000200 0.034600 0.070600 0.053200
LesserMous 0.193200 0.000000 0.172900 0.191900 0.170900 0.193200 0.173900 0.332400 0.150400 0.193700 0.193200 0.151200 0.215800 0.173700 0.193000 0.281000 0.167200 0.234100 0.193000 0.150400 0.281400 0.193200 0.216400 0.171800 0.213700 0.237400 0.215800 0.150400 0.281000 0.150400 0.193700 0.173700 0.150200 0.215800 0.215400 0.149700 0.190700 0.171100 0.281000 0.193700 0.216400 0.216500 0.193700 0.171800 0.149700 0.238000 0.305400 0.169700 0.191800 0.192700 0.150400 0.152300
LesserKudu 0.090200 0.172900 0.000000 0.132300 0.071000 0.090200 0.110300 0.257600 0.017200 0.090400 0.090200 0.090100 0.109700 0.110100 0.109500 0.189400 0.070700 0.128600 0.090000 0.017300 0.189700 0.090100 0.071700 0.109000 0.108800 0.190300 0.109700 0.017300 0.189400 0.017300 0.090400 0.110100 0.053000 0.109700 0.071400 0.052700 0.127300 0.071100 0.189400 0.090400 0.071700 0.170200 0.090400 0.109000 0.052700 0.150100 0.210800 0.070900 0.105500 0.090100 0.017300 0.017400
KillerWhal 0.152200 0.191900 0.132300 0.000000 0.171000 0.152200 0.133100 0.284900 0.111000 0.194700 0.152200 0.151800 0.173800 0.132900 0.194300 0.235700 0.170700 0.151700 0.151900 0.110900 0.236200 0.152200 0.173900 0.214300 0.172200 0.194100 0.173800 0.110900 0.235700 0.110900 0.194700 0.132900 0.150700 0.173800 0.132100 0.149900 0.191500 0.171300 0.235700 0.194700 0.173900 0.174000 0.194700 0.214300 0.149900 0.153500 0.258000 0.170100 0.151200 0.192900 0.110900 0.092700
DefassaWat 0.034500 0.170900 0.071000 0.171000 0.000000 0.034500 0.034300 0.164300 0.052200 0.034600 0.034500 0.052300 0.052400 0.034200 0.052200 0.105400 0.016900 0.070000 0.034400 0.052200 0.105600 0.033900 0.052500 0.052000 0.051900 0.106100 0.052400 0.052200 0.105400 0.052200 0.034600 0.034200 0.017100 0.052400 0.052300 0.017000 0.068300 0.000100 0.105400 0.034600 0.052500 0.088000 0.034600 0.052000 0.017000 0.088800 0.124700 0.034200 0.034000 0.034400 0.052200 0.052800
Sheep 0.000000 0.193200 0.090200 0.152200 0.034500 0.000000 0.035100 0.168400 0.070800 0.034700 0.000000 0.071100 0.017200 0.035200 0.052600 0.107600 0.017000 0.034700 0.000100 0.070600 0.108100 0.017200 0.052900 0.052300 0.017100 0.108500 0.017300 0.070600 0.107600 0.070600 0.034700 0.035200 0.034700 0.017100 0.017300 0.034200 0.052000 0.034500 0.107600 0.034400 0.052700 0.090100 0.034700 0.052300 0.034100 0.052800 0.127200 0.052200 0.000200 0.034600 0.070600 0.053200
MaxwellsDu 0.035100 0.173900 0.110300 0.133100 0.034300 0.035100 0.000000 0.146500 0.090200 0.071500 0.034700 0.053400 0.053400 0.000100 0.090300 0.106800 0.052500 0.071300 0.035100 0.089900 0.107300 0.034600 0.090500 0.089800 0.052900 0.070500 0.053400 0.089900 0.106800 0.089900 0.071500 0.000100 0.053100 0.053400 0.053400 0.052100 0.069600 0.034300 0.106800 0.071500 0.090500 0.052700 0.071500 0.089800 0.051900 0.090700 0.126300 0.070800 0.034800 0.071300 0.089000 0.072300
GazellaPrz 0.168400 0.332400 0.257600 0.284900 0.164300 0.168400 0.146500 0.000000 0.232100 0.210900 0.168400 0.210300 0.189900 0.146500 0.188300 0.051500 0.186800 0.209600 0.167900 0.232500 0.051600 0.165300 0.233500 0.231500 0.188100 0.069800 0.189900 0.232500 0.051500 0.232500 0.210900 0.146500 0.189200 0.189900 0.189400 0.188000 0.204300 0.164300 0.051500 0.210900 0.233500 0.088300 0.210900 0.231500 0.188000 0.189300 0.069600 0.208500 0.166700 0.210500 0.232500 0.213100
MountainNy 0.070800 0.150400 0.017200 0.111000 0.052200 0.070800 0.090200 0.232100 0.000000 0.071000 0.070800 0.070800 0.089700 0.090000 0.089500 0.166900 0.052100 0.108100 0.070700 0.000100 0.167200 0.070700 0.052800 0.089100 0.088900 0.167700 0.089700 0.000100 0.166900 0.000100 0.071000 0.090000 0.034700 0.089700 0.052600 0.034500 0.106900 0.052300 0.166900 0.071000 0.052800 0.148300 0.071000 0.089100 0.034500 0.128700 0.187500 0.052200 0.070100 0.070700 0.000100 0.000100
MuntiacusM 0.034700 0.193700 0.090400 0.194700 0.034600 0.034700 0.071500 0.210900 0.071000 0.000000 0.034400 0.071200 0.052800 0.071600 0.052700 0.146600 0.017000 0.070600 0.034700 0.070800 0.147300 0.052600 0.017100 0.017000 0.052300 0.147700 0.052800 0.070800 0.146600 0.070800 0.000000 0.071600 0.034800 0.052800 0.052800 0.034500 0.088300 0.034600 0.146600 0.000000 0.017100 0.128700 0.000000 0.016900 0.034300 0.089800 0.167100 0.052200 0.034400 0.034700 0.070800 0.071800
goat 0.000000 0.193200 0.090200 0.152200 0.034500 0.000000 0.034700 0.168400 0.070800 0.034400 0.000000 0.071100 0.017300 0.035200 0.052600 0.107600 0.017000 0.034700 0.000100 0.070600 0.108100 0.017200 0.052700 0.052000 0.017100 0.108500 0.017100 0.071100 0.107600 0.070600 0.034700 0.035200 0.034700 0.017300 0.017300 0.034400 0.052000 0.034500 0.107600 0.034700 0.052700 0.090100 0.034700 0.052300 0.034400 0.052800 0.127200 0.052200 0.000200 0.034600 0.070600 0.053200
AfricanBuf 0.071100 0.151200 0.090100 0.151800 0.052300 0.071100 0.053400 0.210300 0.070800 0.071200 0.071100 0.000000 0.090100 0.053200 0.089700 0.167000 0.052200 0.108200 0.071000 0.070800 0.167300 0.070900 0.090100 0.089400 0.089300 0.128400 0.090100 0.070800 0.167000 0.070800 0.071200 0.053200 0.034700 0.090100 0.089900 0.034500 0.107000 0.052400 0.167000 0.071200 0.090100 0.109600 0.071200 0.089400 0.034500 0.128500 0.188100 0.052100 0.070300 0.070800 0.070800 0.071600
Topi 0.017300 0.215800 0.109700 0.173800 0.052400 0.017200 0.053400 0.189900 0.089700 0.052800 0.017300 0.090100 0.000000 0.053400 0.071100 0.127300 0.034400 0.052600 0.017300 0.089900 0.127900 0.034900 0.071300 0.071000 0.034600 0.128400 0.000000 0.089500 0.127300 0.089500 0.052200 0.053400 0.052700 0.000000 0.035000 0.051800 0.070200 0.052500 0.127300 0.052800 0.071300 0.109700 0.052800 0.070600 0.052300 0.071400 0.147400 0.070500 0.017100 0.052700 0.089500 0.071900
CommonDuik 0.035200 0.173700 0.110100 0.132900 0.034200 0.035200 0.000100 0.146500 0.090000 0.071600 0.035200 0.053200 0.053400 0.000000 0.090200 0.107000 0.052500 0.071300 0.035100 0.090000 0.107200 0.034500 0.090700 0.089900 0.053000 0.070600 0.053400 0.090000 0.107000 0.090000 0.071600 0.000000 0.053000 0.053400 0.053300 0.052700 0.069500 0.034300 0.107000 0.071600 0.090700 0.052800 0.071600 0.089900 0.052700 0.090600 0.126500 0.070700 0.034700 0.071200 0.090000 0.072200
Suni 0.052600 0.193000 0.109500 0.194300 0.052200 0.052600 0.090300 0.188300 0.089500 0.052700 0.052600 0.089700 0.071100 0.090200 0.000000 0.126500 0.034300 0.089000 0.052500 0.089400 0.126700 0.070700 0.071200 0.070500 0.070400 0.127600 0.071100 0.089400 0.126500 0.089400 0.052700 0.090200 0.052500 0.071100 0.071000 0.052200 0.106700 0.052200 0.126500 0.052700 0.071200 0.108900 0.052700 0.070500 0.052200 0.070700 0.146300 0.070100 0.052000 0.052400 0.089400 0.090500
Springbuck 0.107600 0.281000 0.189400 0.235700 0.105400 0.107600 0.106800 0.051500 0.166900 0.146600 0.107600 0.167000 0.127300 0.107000 0.126500 0.000000 0.125800 0.146400 0.107700 0.166400 0.000100 0.106100 0.167100 0.165800 0.126100 0.033700 0.127300 0.166400 0.000000 0.166400 0.146600 0.107000 0.127200 0.127300 0.127300 0.126100 0.142800 0.105600 0.000000 0.146600 0.167100 0.051600 0.146600 0.165800 0.126100 0.127000 0.016800 0.145700 0.106700 0.146700 0.166400 0.148300
Okapi 0.017000 0.167200 0.070700 0.170700 0.016900 0.017000 0.052500 0.186800 0.052100 0.017000 0.017000 0.052200 0.034400 0.052500 0.034300 0.125800 0.000000 0.051800 0.016900 0.052100 0.126000 0.034300 0.034500 0.029000 0.034200 0.126600 0.034400 0.052100 0.125800 0.052100 0.017000 0.052500 0.017000 0.034400 0.034400 0.016900 0.069100 0.016900 0.125800 0.017000 0.034500 0.108000 0.017000 0.029000 0.016900 0.070100 0.145600 0.034100 0.016700 0.017000 0.052100 0.052600
Giraffe 0.034700 0.234100 0.128600 0.151700 0.070000 0.034700 0.071300 0.209600 0.108100 0.070600 0.034700 0.108200 0.052600 0.071300 0.089000 0.146400 0.051800 0.000000 0.034600 0.108100 0.146700 0.052400 0.089500 0.086700 0.052200 0.147300 0.052600 0.108100 0.146400 0.108100 0.070600 0.071300 0.070500 0.052600 0.052600 0.070100 0.087900 0.070100 0.146400 0.070600 0.089500 0.128300 0.070600 0.086700 0.070100 0.052600 0.166800 0.088400 0.034300 0.070400 0.108100 0.090200
TibetanAnt 0.000100 0.193000 0.090000 0.151900 0.034400 0.000100 0.035100 0.167900 0.070700 0.034700 0.000100 0.071000 0.017300 0.035100 0.052500 0.107700 0.016900 0.034600 0.000000 0.070700 0.107900 0.017200 0.052800 0.052300 0.017100 0.108600 0.017300 0.070700 0.107700 0.070700 0.034700 0.035100 0.034600 0.017300 0.017300 0.034400 0.051800 0.034400 0.107700 0.034700 0.052800 0.090200 0.034700 0.052300 0.034400 0.052700 0.127300 0.052000 0.000300 0.034600 0.070700 0.053100
Sitatunga 0.070600 0.150400 0.017300 0.110900 0.052200 0.070600 0.089900 0.232500 0.000100 0.070800 0.070600 0.070800 0.089900 0.090000 0.089400 0.166400 0.052100 0.108100 0.070700 0.000000 0.167200 0.070700 0.052600 0.088900 0.088600 0.167200 0.089500 0.000000 0.166400 0.000000 0.070800 0.090000 0.034700 0.089500 0.052600 0.033900 0.106900 0.052300 0.166400 0.070800 0.052600 0.147800 0.070800 0.088900 0.033900 0.128600 0.187000 0.052100 0.070000 0.070700 0.000000 0.000100
Oribi 0.108100 0.281400 0.189700 0.236200 0.105600 0.108100 0.107300 0.051600 0.167200 0.147300 0.108100 0.167300 0.127900 0.107200 0.126700 0.000100 0.126000 0.146700 0.107900 0.167200 0.000000 0.106300 0.167900 0.166500 0.126700 0.034100 0.127900 0.167200 0.000100 0.167200 0.147300 0.107200 0.127400 0.127900 0.127500 0.126700 0.143000 0.105800 0.000100 0.147300 0.167900 0.051800 0.147300 0.166500 0.126700 0.127200 0.016900 0.146000 0.106900 0.147000 0.167200 0.148700
BarbaryShe 0.017200 0.193200 0.090100 0.152200 0.033900 0.017200 0.034600 0.165300 0.070700 0.052600 0.017200 0.070900 0.034900 0.034500 0.070700 0.106100 0.034300 0.052400 0.017200 0.070700 0.106300 0.000000 0.071100 0.070500 0.034600 0.106900 0.034900 0.070700 0.106100 0.070700 0.052600 0.034500 0.034700 0.034900 0.034800 0.034400 0.033700 0.033900 0.106100 0.052600 0.071100 0.088800 0.052600 0.070500 0.034400 0.071000 0.125300 0.052000 0.017000 0.052400 0.070700 0.053100
Daviddeer 0.052700 0.216400 0.071700 0.173900 0.052500 0.052900 0.090500 0.233500 0.052800 0.017100 0.052700 0.090100 0.071300 0.090700 0.071200 0.167100 0.034500 0.089500 0.052800 0.052600 0.167900 0.071100 0.000000 0.034300 0.070600 0.168300 0.071300 0.052600 0.167100 0.052600 0.017100 0.090700 0.052800 0.071300 0.034900 0.052200 0.107400 0.052600 0.167100 0.017000 0.000000 0.148900 0.016900 0.034400 0.052500 0.109500 0.187900 0.070500 0.052300 0.052700 0.052600 0.053400
Reindeer 0.052300 0.171800 0.109000 0.214300 0.052000 0.052300 0.089800 0.231500 0.089100 0.017000 0.052000 0.089400 0.071000 0.089900 0.070500 0.165800 0.029000 0.086700 0.052300 0.088900 0.166500 0.070500 0.034300 0.000000 0.070000 0.167000 0.070600 0.088200 0.165800 0.088900 0.017000 0.089900 0.052400 0.070600 0.070700 0.051900 0.106500 0.052100 0.165800 0.017000 0.034400 0.147700 0.017000 0.000000 0.051900 0.108200 0.186600 0.069900 0.051800 0.052300 0.088900 0.090100
Ibex 0.017100 0.213700 0.108800 0.172200 0.051900 0.017100 0.052900 0.188100 0.088900 0.052300 0.017100 0.089300 0.034600 0.053000 0.070400 0.126100 0.034200 0.052200 0.017100 0.088600 0.126700 0.034600 0.070600 0.070000 0.000000 0.127200 0.034400 0.088700 0.126100 0.088600 0.051800 0.053000 0.052300 0.034800 0.034700 0.051800 0.034200 0.052000 0.126100 0.052300 0.070500 0.108900 0.052300 0.070000 0.051800 0.070700 0.146000 0.069800 0.016900 0.052200 0.088600 0.071200
GyrantGaze 0.108500 0.237400 0.190300 0.194100 0.106100 0.108500 0.070500 0.069800 0.167700 0.147700 0.108500 0.128400 0.128400 0.070600 0.127600 0.033700 0.126600 0.147300 0.108600 0.167200 0.034100 0.106900 0.168300 0.167000 0.127200 0.000000 0.128400 0.167200 0.034000 0.167200 0.147700 0.070600 0.127800 0.128400 0.128400 0.126700 0.143600 0.106200 0.034000 0.147700 0.168300 0.017000 0.147700 0.167000 0.126700 0.128100 0.051300 0.146300 0.107600 0.147500 0.167200 0.149200
Hartebeest 0.017300 0.215800 0.109700 0.173800 0.052400 0.017300 0.053400 0.189900 0.089700 0.052800 0.017100 0.090100 0.000000 0.053400 0.071100 0.127300 0.034400 0.052600 0.017300 0.089500 0.127900 0.034900 0.071300 0.070600 0.034400 0.128400 0.000000 0.089500 0.127300 0.089500 0.052100 0.053400 0.052700 0.000000 0.035000 0.052300 0.070200 0.052500 0.127300 0.052800 0.071300 0.109700 0.052800 0.070600 0.051500 0.071400 0.147400 0.070500 0.017100 0.052700 0.089500 0.071900
Bongo 0.070600 0.150400 0.017300 0.110900 0.052200 0.070600 0.089900 0.232500 0.000100 0.070800 0.071100 0.070800 0.089500 0.090000 0.089400 0.166400 0.052100 0.108100 0.070700 0.000000 0.167200 0.070700 0.052600 0.088200 0.088700 0.167200 0.089500 0.000000 0.166400 0.000000 0.070800 0.090000 0.034700 0.089500 0.052600 0.034000 0.106900 0.052300 0.166400 0.070800 0.052600 0.147800 0.070800 0.088900 0.034400 0.128600 0.187000 0.052100 0.070000 0.070700 0.000000 0.000100
Gerenuk 0.107600 0.281000 0.189400 0.235700 0.105400 0.107600 0.106800 0.051500 0.166900 0.146600 0.107600 0.167000 0.127300 0.107000 0.126500 0.000000 0.125800 0.146400 0.107700 0.166400 0.000100 0.106100 0.167100 0.165800 0.126100 0.034000 0.127300 0.166400 0.000000 0.166400 0.146600 0.107000 0.127200 0.127300 0.127300 0.126100 0.142800 0.105600 0.000000 0.146600 0.167100 0.051100 0.146600 0.165800 0.126100 0.127000 0.016800 0.145700 0.106700 0.146700 0.166400 0.148300
CommonElan 0.070600 0.150400 0.017300 0.110900 0.052200 0.070600 0.089900 0.232500 0.000100 0.070800 0.070600 0.070800 0.089500 0.090000 0.089400 0.166400 0.052100 0.108100 0.070700 0.000000 0.167200 0.070700 0.052600 0.088900 0.088600 0.167200 0.089500 0.000000 0.166400 0.000000 0.070800 0.090000 0.034700 0.089500 0.052600 0.034400 0.106900 0.052300 0.166400 0.070800 0.052600 0.147800 0.070800 0.088900 0.034400 0.128600 0.187000 0.052100 0.070000 0.070700 0.000000 0.000100
MuntiacusR 0.034700 0.193700 0.090400 0.194700 0.034600 0.034700 0.071500 0.210900 0.071000 0.000000 0.034700 0.071200 0.052200 0.071600 0.052700 0.146600 0.017000 0.070600 0.034700 0.070800 0.147300 0.052600 0.017100 0.017000 0.051800 0.147700 0.052100 0.070800 0.146600 0.070800 0.000000 0.071600 0.034800 0.052800 0.052800 0.034500 0.088300 0.034600 0.146600 0.000000 0.016800 0.128700 0.000000 0.017000 0.034500 0.089800 0.167100 0.052200 0.034400 0.034700 0.070800 0.071800
HarveysDui 0.035200 0.173700 0.110100 0.132900 0.034200 0.035200 0.000100 0.146500 0.090000 0.071600 0.035200 0.053200 0.053400 0.000000 0.090200 0.107000 0.052500 0.071300 0.035100 0.090000 0.107200 0.034500 0.090700 0.089900 0.053000 0.070600 0.053400 0.090000 0.107000 0.090000 0.071600 0.000000 0.053000 0.053400 0.053300 0.052700 0.069500 0.034300 0.107000 0.071600 0.090700 0.052800 0.071600 0.089900 0.052700 0.090600 0.126500 0.070700 0.034700 0.071200 0.090000 0.072200
Pronghorn 0.034700 0.150200 0.053000 0.150700 0.017100 0.034700 0.053100 0.189200 0.034700 0.034800 0.034700 0.034700 0.052700 0.053000 0.052500 0.127200 0.017000 0.070500 0.034600 0.034700 0.127400 0.034700 0.052800 0.052400 0.052300 0.127800 0.052700 0.034700 0.127200 0.034700 0.034800 0.053000 0.000000 0.052700 0.052600 0.000100 0.069800 0.017100 0.127200 0.034800 0.052800 0.109000 0.034800 0.052400 0.000100 0.089400 0.147300 0.017100 0.034300 0.034700 0.034700 0.035000
BlueWildeb 0.017300 0.215800 0.109700 0.173800 0.052400 0.017100 0.053400 0.189900 0.089700 0.052800 0.017300 0.090100 0.000000 0.053400 0.071100 0.127300 0.034400 0.052600 0.017300 0.089500 0.127900 0.034900 0.071300 0.070600 0.034800 0.128400 0.000000 0.089500 0.127300 0.089500 0.052800 0.053400 0.052700 0.000000 0.035000 0.052300 0.070200 0.052500 0.127300 0.052800 0.071300 0.109700 0.052800 0.070600 0.051700 0.071400 0.147400 0.070500 0.017100 0.052700 0.089500 0.071900
Gemsbok 0.017300 0.215400 0.071400 0.132100 0.052300 0.017300 0.053400 0.189400 0.052600 0.052800 0.017300 0.089900 0.035000 0.053300 0.071000 0.127300 0.034400 0.052600 0.017300 0.052600 0.127500 0.034800 0.034900 0.070700 0.034700 0.128400 0.035000 0.052600 0.127300 0.052600 0.052800 0.053300 0.052600 0.035000 0.000000 0.052300 0.070000 0.052400 0.127300 0.052800 0.034900 0.109600 0.052800 0.070700 0.052300 0.071400 0.147200 0.070300 0.017100 0.052500 0.052600 0.035100
Yak 0.034100 0.149700 0.052700 0.149900 0.017000 0.034200 0.052100 0.188000 0.034500 0.034500 0.034400 0.034500 0.051800 0.052700 0.052200 0.126100 0.016900 0.070100 0.034400 0.033900 0.126700 0.034400 0.052200 0.051900 0.051800 0.126700 0.052300 0.034000 0.126100 0.034400 0.034500 0.052700 0.000100 0.052300 0.052300 0.000000 0.069400 0.017000 0.126100 0.034500 0.052400 0.108100 0.034500 0.051900 0.000000 0.088900 0.146000 0.017000 0.034100 0.034500 0.034400 0.034800
BlueSheep 0.052000 0.190700 0.127300 0.191500 0.068300 0.052000 0.069600 0.204300 0.106900 0.088300 0.052000 0.107000 0.070200 0.069500 0.106700 0.142800 0.069100 0.087900 0.051800 0.106900 0.143000 0.033700 0.107400 0.106500 0.034200 0.143600 0.070200 0.106900 0.142800 0.106900 0.088300 0.069500 0.069800 0.070200 0.070000 0.069400 0.000000 0.068400 0.142800 0.088300 0.107400 0.125000 0.088300 0.106500 0.069400 0.107200 0.162600 0.087300 0.051300 0.088000 0.106900 0.089200
BohorReedb 0.034500 0.171100 0.071100 0.171300 0.000100 0.034500 0.034300 0.164300 0.052300 0.034600 0.034500 0.052400 0.052500 0.034300 0.052200 0.105600 0.016900 0.070100 0.034400 0.052300 0.105800 0.033900 0.052600 0.052100 0.052000 0.106200 0.052500 0.052300 0.105600 0.052300 0.034600 0.034300 0.017100 0.052500 0.052400 0.017000 0.068400 0.000000 0.105600 0.034600 0.052600 0.088100 0.034600 0.052100 0.017000 0.089000 0.124800 0.034300 0.034100 0.034500 0.052300 0.052900
KirksDik 0.107600 0.281000 0.189400 0.235700 0.105400 0.107600 0.106800 0.051500 0.166900 0.146600 0.107600 0.167000 0.127300 0.107000 0.126500 0.000000 0.125800 0.146400 0.107700 0.166400 0.000100 0.106100 0.167100 0.165800 0.126100 0.034000 0.127300 0.166400 0.000000 0.166400 0.146600 0.107000 0.127200 0.127300 0.127300 0.126100 0.142800 0.105600 0.000000 0.146600 0.167100 0.051500 0.146600 0.165800 0.126100 0.127000 0.016700 0.145700 0.106700 0.146700 0.166400 0.148300
RoeDeer 0.034700 0.193700 0.090400 0.194700 0.034600 0.034400 0.071500 0.210900 0.071000 0.000000 0.034700 0.071200 0.052800 0.071600 0.052700 0.146600 0.017000 0.070600 0.034700 0.070800 0.147300 0.052600 0.017000 0.017000 0.052300 0.147700 0.052800 0.070800 0.146600 0.070800 0.000000 0.071600 0.034800 0.052800 0.052800 0.034500 0.088300 0.034600 0.146600 0.000000 0.017000 0.128700 0.000000 0.016900 0.034500 0.089800 0.167100 0.052200 0.034400 0.034700 0.070800 0.071800
WhiteLippe 0.052700 0.216400 0.071700 0.173900 0.052500 0.052700 0.090500 0.233500 0.052800 0.017100 0.052700 0.090100 0.071300 0.090700 0.071200 0.167100 0.034500 0.089500 0.052800 0.052600 0.167900 0.071100 0.000000 0.034400 0.070500 0.168300 0.071300 0.052600 0.167100 0.052600 0.016800 0.090700 0.052800 0.071300 0.034900 0.052400 0.107400 0.052600 0.167100 0.017000 0.000000 0.148900 0.017100 0.034400 0.052400 0.109500 0.187900 0.070500 0.052300 0.052700 0.052600 0.053400
ThomsonGaz 0.090100 0.216500 0.170200 0.174000 0.088000 0.090100 0.052700 0.088300 0.148300 0.128700 0.090100 0.109600 0.109700 0.052800 0.108900 0.051600 0.108000 0.128300 0.090200 0.147800 0.051800 0.088800 0.148900 0.147700 0.108900 0.017000 0.109700 0.147800 0.051100 0.147800 0.128700 0.052800 0.109000 0.109700 0.109600 0.108100 0.125000 0.088100 0.051500 0.128700 0.148900 0.000000 0.128700 0.147700 0.108400 0.109400 0.069600 0.127300 0.089300 0.128300 0.147800 0.129900
MuntiacusC 0.034700 0.193700 0.090400 0.194700 0.034600 0.034700 0.071500 0.210900 0.071000 0.000000 0.034700 0.071200 0.052800 0.071600 0.052700 0.146600 0.017000 0.070600 0.034700 0.070800 0.147300 0.052600 0.016900 0.017000 0.052300 0.147700 0.052800 0.070800 0.146600 0.070800 0.000000 0.071600 0.034800 0.052800 0.052800 0.034500 0.088300 0.034600 0.146600 0.000000 0.017100 0.128700 0.000000 0.016900 0.034500 0.089800 0.167100 0.052200 0.034400 0.034700 0.070800 0.071800
WhiteTaile 0.052300 0.171800 0.109000 0.214300 0.052000 0.052300 0.089800 0.231500 0.089100 0.016900 0.052300 0.089400 0.070600 0.089900 0.070500 0.165800 0.029000 0.086700 0.052300 0.088900 0.166500 0.070500 0.034400 0.000000 0.070000 0.167000 0.070600 0.088900 0.165800 0.088900 0.017000 0.089900 0.052400 0.070600 0.070700 0.051900 0.106500 0.052100 0.165800 0.016900 0.034400 0.147700 0.016900 0.000000 0.051900 0.108200 0.186600 0.069900 0.051800 0.052300 0.088900 0.090100
Cattle 0.034400 0.149700 0.052700 0.149900 0.017000 0.034100 0.051900 0.188000 0.034500 0.034300 0.034400 0.034500 0.052300 0.052700 0.052200 0.126100 0.016900 0.070100 0.034400 0.033900 0.126700 0.034400 0.052500 0.051900 0.051800 0.126700 0.051500 0.034400 0.126100 0.034400 0.034500 0.052700 0.000100 0.051700 0.052300 0.000000 0.069400 0.017000 0.126100 0.034500 0.052400 0.108400 0.034500 0.051900 0.000000 0.088900 0.146000 0.017000 0.034100 0.034500 0.034400 0.034800
RoyalAntel 0.052800 0.238000 0.150100 0.153500 0.088800 0.052800 0.090700 0.189300 0.128700 0.089800 0.052800 0.128500 0.071400 0.090600 0.070700 0.127000 0.070100 0.052600 0.052700 0.128600 0.127200 0.071000 0.109500 0.108200 0.070700 0.128100 0.071400 0.128600 0.127000 0.128600 0.089800 0.090600 0.089400 0.071400 0.071400 0.088900 0.107200 0.089000 0.127000 0.089800 0.109500 0.109400 0.089800 0.108200 0.088900 0.000000 0.146700 0.107400 0.052200 0.089200 0.128600 0.110400
Steenbok 0.127200 0.305400 0.210800 0.258000 0.124700 0.127200 0.126300 0.069600 0.187500 0.167100 0.127200 0.188100 0.147400 0.126500 0.146300 0.016800 0.145600 0.166800 0.127300 0.187000 0.016900 0.125300 0.187900 0.186600 0.146000 0.051300 0.147400 0.187000 0.016800 0.187000 0.167100 0.126500 0.147300 0.147400 0.147200 0.146000 0.162600 0.124800 0.016700 0.167100 0.187900 0.069600 0.167100 0.186600 0.146000 0.146700 0.000000 0.166200 0.126100 0.167300 0.187000 0.168700
Impala 0.052200 0.169700 0.070900 0.170100 0.034200 0.052200 0.070800 0.208500 0.052200 0.052200 0.052200 0.052100 0.070500 0.070700 0.070100 0.145700 0.034100 0.088400 0.052000 0.052100 0.146000 0.052000 0.070500 0.069900 0.069800 0.146300 0.070500 0.052100 0.145700 0.052100 0.052200 0.070700 0.017100 0.070500 0.070300 0.017000 0.087300 0.034300 0.145700 0.052200 0.070500 0.127300 0.052200 0.069900 0.017000 0.107400 0.166200 0.000000 0.051500 0.052100 0.052100 0.052600
Klipspring 0.000200 0.191800 0.105500 0.151200 0.034000 0.000200 0.034800 0.166700 0.070100 0.034400 0.000200 0.070300 0.017100 0.034700 0.052000 0.106700 0.016700 0.034300 0.000300 0.070000 0.106900 0.017000 0.052300 0.051800 0.016900 0.107600 0.017100 0.070000 0.106700 0.070000 0.034400 0.034700 0.034300 0.017100 0.017100 0.034100 0.051300 0.034100 0.106700 0.034400 0.052300 0.089300 0.034400 0.051800 0.034100 0.052200 0.126100 0.051500 0.000000 0.034200 0.070000 0.052600
ForestMusk 0.034600 0.192700 0.090100 0.192900 0.034400 0.034600 0.071300 0.210500 0.070700 0.034700 0.034600 0.070800 0.052700 0.071200 0.052400 0.146700 0.017000 0.070400 0.034600 0.070700 0.147000 0.052400 0.052700 0.052300 0.052200 0.147500 0.052700 0.070700 0.146700 0.070700 0.034700 0.071200 0.034700 0.052700 0.052500 0.034500 0.088000 0.034500 0.146700 0.034700 0.052700 0.128300 0.034700 0.052300 0.034500 0.089200 0.167300 0.052100 0.034200 0.000000 0.070700 0.071400
Bushbuck 0.070600 0.150400 0.017300 0.110900 0.052200 0.070600 0.089000 0.232500 0.000100 0.070800 0.070600 0.070800 0.089500 0.090000 0.089400 0.166400 0.052100 0.108100 0.070700 0.000000 0.167200 0.070700 0.052600 0.088900 0.088600 0.167200 0.089500 0.000000 0.166400 0.000000 0.070800 0.090000 0.034700 0.089500 0.052600 0.034400 0.106900 0.052300 0.166400 0.070800 0.052600 0.147800 0.070800 0.088900 0.034400 0.128600 0.187000 0.052100 0.070000 0.070700 0.000000 0.000100
GreaterKud 0.053200 0.152300 0.017400 0.092700 0.052800 0.053200 0.072300 0.213100 0.000100 0.071800 0.053200 0.071600 0.071900 0.072200 0.090500 0.148300 0.052600 0.090200 0.053100 0.000100 0.148700 0.053100 0.053400 0.090100 0.071200 0.149200 0.071900 0.000100 0.148300 0.000100 0.071800 0.072200 0.035000 0.071900 0.035100 0.034800 0.089200 0.052900 0.148300 0.071800 0.053400 0.129900 0.071800 0.090100 0.034800 0.110400 0.168700 0.052600 0.052600 0.071400 0.000100 0.000000
