1
52 1
Argali 0.000000 0.239200 0.039600 0.155800 0.039800 0.000000 0.048500 0.064200 0.047800 0.079700 0.023400 0.056200 0.031400 0.056400 0.056300 0.048100 0.081000 0.099100 0.015600 0.039700 0.048100 0.031500 0.040000 0.064400 0.015600 0.056000 0.039500 0.031700 0.048400 0.031800 0.072000 0.056800 0.056600 0.039500 0.039600 0.056000 0.038900 0.064800 0.055300 0.081600 0.048300 0.064700 0.071700 0.064400 0.056000 0.080100 0.072500 0.097000 0.047800 0.055600 0.040000 0.056600
LesserMous 0.239200 0.000000 0.209100 0.297500 0.231800 0.239200 0.223400 0.218800 0.199300 0.237500 0.228500 0.232400 0.218500 0.232700 0.232200 0.200000 0.238400 0.254600 0.220000 0.209400 0.200100 0.241500 0.190500 0.199100 0.219800 0.198500 0.230100 0.199500 0.201500 0.200700 0.228800 0.234400 0.266200 0.229300 0.209300 0.232700 0.247500 0.222000 0.226700 0.243200 0.180100 0.221200 0.228100 0.198600 0.232700 0.259200 0.230500 0.269300 0.219400 0.219200 0.211100 0.245500
LesserKudu 0.039600 0.209100 0.000000 0.129000 0.048300 0.039600 0.024100 0.039800 0.023800 0.055400 0.031600 0.032100 0.023600 0.032000 0.032000 0.023900 0.056300 0.073800 0.023800 0.015500 0.023900 0.039900 0.015900 0.040000 0.023700 0.031800 0.031700 0.007800 0.024000 0.007900 0.047700 0.024100 0.056900 0.031700 0.015800 0.032000 0.047300 0.040200 0.047500 0.056700 0.024000 0.040200 0.047500 0.040000 0.032000 0.055600 0.048100 0.072200 0.023800 0.047800 0.015900 0.040200
KillerWhal 0.155800 0.297500 0.129000 0.000000 0.167500 0.155800 0.140700 0.137300 0.138600 0.155100 0.146500 0.148800 0.118900 0.139300 0.148400 0.129200 0.156700 0.178200 0.138500 0.129200 0.139400 0.157000 0.112100 0.138400 0.136500 0.147500 0.128400 0.120300 0.140100 0.121000 0.146900 0.149900 0.177900 0.128200 0.129100 0.149000 0.163500 0.158700 0.164300 0.139000 0.121800 0.158000 0.146400 0.138200 0.149000 0.172500 0.167000 0.183300 0.138000 0.147600 0.130100 0.140300
DefassaWat 0.039800 0.231800 0.048300 0.167500 0.000000 0.039800 0.057400 0.073300 0.056700 0.089100 0.047900 0.065600 0.039900 0.048700 0.065400 0.057100 0.090600 0.109200 0.040100 0.048400 0.057100 0.048300 0.048800 0.073700 0.040100 0.048300 0.048200 0.040200 0.057400 0.040500 0.081200 0.066000 0.074100 0.048100 0.048400 0.065500 0.063900 0.023900 0.047700 0.073900 0.057400 0.057000 0.081000 0.073600 0.065500 0.089500 0.081900 0.097900 0.056700 0.064600 0.048700 0.074300
Sheep 0.000000 0.239200 0.039600 0.155800 0.039800 0.000000 0.048500 0.064200 0.047800 0.079700 0.023400 0.056200 0.031400 0.056400 0.056300 0.048100 0.081000 0.099100 0.015600 0.039700 0.048100 0.031500 0.040000 0.064400 0.015600 0.056000 0.039500 0.031700 0.048400 0.031800 0.072000 0.056800 0.056600 0.039500 0.039600 0.056000 0.038900 0.064800 0.055300 0.081600 0.048300 0.064700 0.071700 0.064400 0.056000 0.080100 0.072500 0.097000 0.047800 0.055600 0.040000 0.056600
MaxwellsDu 0.048500 0.223400 0.024100 0.140700 0.057400 0.048500 0.000000 0.048700 0.032300 0.064600 0.040200 0.040900 0.032100 0.032300 0.040700 0.032500 0.057200 0.075000 0.032300 0.024100 0.032500 0.048800 0.024300 0.049000 0.032300 0.040500 0.040400 0.016100 0.032700 0.016100 0.056700 0.024300 0.066300 0.024000 0.024100 0.040800 0.056200 0.049200 0.056500 0.066100 0.032700 0.049200 0.056500 0.048900 0.040800 0.064800 0.057200 0.081400 0.032300 0.056900 0.024300 0.049400
GazellaPrz 0.064200 0.218800 0.039800 0.137300 0.073300 0.064200 0.048700 0.000000 0.048100 0.080200 0.055900 0.056800 0.039700 0.056800 0.056600 0.015700 0.081500 0.099700 0.048100 0.039900 0.032000 0.064600 0.040200 0.064800 0.046800 0.039800 0.048000 0.031800 0.032100 0.032000 0.072400 0.057100 0.082400 0.047900 0.039900 0.056700 0.071800 0.065100 0.055700 0.082000 0.048600 0.048300 0.072200 0.064700 0.056700 0.080600 0.056200 0.080000 0.048100 0.072600 0.040200 0.065300
MountainNy 0.047800 0.199300 0.023800 0.138600 0.056700 0.047800 0.032300 0.048100 0.000000 0.063800 0.039700 0.040400 0.031700 0.040300 0.040200 0.032100 0.064800 0.082500 0.031900 0.023900 0.032100 0.048200 0.024000 0.048300 0.031900 0.040000 0.039900 0.015900 0.032300 0.015900 0.056000 0.040600 0.065500 0.039800 0.023800 0.040300 0.055500 0.048600 0.055800 0.065300 0.032300 0.048500 0.055800 0.048300 0.040300 0.064000 0.056500 0.080700 0.031900 0.056200 0.007900 0.031900
MuntiacusM 0.079700 0.237500 0.055400 0.155100 0.089100 0.079700 0.064600 0.080200 0.063800 0.000000 0.071500 0.064300 0.063400 0.072600 0.072300 0.064100 0.063700 0.098200 0.063700 0.055500 0.064100 0.080200 0.039500 0.063800 0.063700 0.071900 0.071800 0.047500 0.064400 0.047700 0.007700 0.073000 0.098300 0.071700 0.055400 0.072400 0.070900 0.080900 0.087700 0.080900 0.046900 0.080800 0.007500 0.063800 0.072400 0.096100 0.088700 0.113100 0.063700 0.071800 0.055900 0.081200
goat 0.023400 0.228500 0.031600 0.146500 0.047900 0.023400 0.040200 0.055900 0.039700 0.071500 0.000000 0.048000 0.023500 0.048200 0.048100 0.040000 0.072700 0.090500 0.007800 0.031700 0.040000 0.023600 0.031900 0.056200 0.007800 0.047800 0.031500 0.023700 0.040200 0.023800 0.063700 0.048500 0.065100 0.031500 0.031600 0.047800 0.031000 0.056500 0.063600 0.073200 0.040200 0.056400 0.063500 0.056100 0.047800 0.071800 0.064300 0.088600 0.039700 0.063900 0.031900 0.048400
AfricanBuf 0.056200 0.232400 0.032100 0.148800 0.065600 0.056200 0.040900 0.056800 0.040400 0.064300 0.048000 0.000000 0.040100 0.049000 0.048900 0.040600 0.073800 0.092000 0.039900 0.032200 0.040600 0.056600 0.032400 0.057100 0.039800 0.048600 0.048400 0.024000 0.040900 0.024200 0.064700 0.032600 0.073400 0.048400 0.032100 0.032300 0.063900 0.057400 0.064600 0.074300 0.040800 0.057300 0.064500 0.057000 0.032300 0.073000 0.065300 0.090000 0.040400 0.064900 0.032400 0.056900
Topi 0.031400 0.218500 0.023600 0.118900 0.039900 0.031400 0.032100 0.039700 0.031700 0.063400 0.023500 0.040100 0.000000 0.040100 0.040000 0.031900 0.064400 0.081800 0.015700 0.023700 0.031900 0.031600 0.023900 0.048000 0.015700 0.039800 0.007700 0.015700 0.032100 0.015800 0.055600 0.040300 0.065200 0.007700 0.023700 0.040000 0.038300 0.048300 0.055500 0.064900 0.032100 0.048200 0.055500 0.048000 0.040000 0.063700 0.056100 0.072000 0.031700 0.055900 0.023800 0.048400
CommonDuik 0.056400 0.232700 0.032000 0.139300 0.048700 0.056400 0.032300 0.056800 0.040300 0.072600 0.048200 0.049000 0.040100 0.000000 0.048800 0.040600 0.065300 0.083300 0.040300 0.032100 0.040600 0.048500 0.032400 0.057000 0.040300 0.032000 0.048400 0.024000 0.040800 0.024200 0.064700 0.040600 0.074500 0.048300 0.032100 0.048900 0.064100 0.040600 0.047900 0.048700 0.040800 0.040500 0.064500 0.057000 0.048900 0.072900 0.065200 0.089800 0.040300 0.064900 0.032300 0.049000
Suni 0.056300 0.232200 0.032000 0.148400 0.065400 0.056300 0.040700 0.056600 0.040200 0.072300 0.048100 0.048900 0.040000 0.048800 0.000000 0.040500 0.073500 0.091600 0.040200 0.032100 0.040500 0.056700 0.032300 0.056900 0.040100 0.048400 0.048300 0.024000 0.040700 0.024100 0.064500 0.049100 0.057400 0.048200 0.032000 0.048800 0.064000 0.057000 0.064300 0.074100 0.040700 0.057100 0.064300 0.056800 0.048800 0.072700 0.065000 0.089600 0.040200 0.064700 0.032300 0.057300
Springbuck 0.048100 0.200000 0.023900 0.129200 0.057100 0.048100 0.032500 0.015700 0.032100 0.064100 0.040000 0.040600 0.031900 0.040600 0.040500 0.000000 0.065200 0.081600 0.032100 0.024000 0.015900 0.048500 0.024100 0.048600 0.030400 0.023900 0.040100 0.015900 0.016100 0.016000 0.056300 0.040800 0.065900 0.040100 0.023900 0.040500 0.055800 0.048900 0.039800 0.065700 0.032400 0.032200 0.056100 0.048600 0.040500 0.064400 0.040200 0.081300 0.032100 0.056500 0.024100 0.049000
Okapi 0.081000 0.238400 0.056300 0.156700 0.090600 0.081000 0.057200 0.081500 0.064800 0.063700 0.072700 0.073800 0.064400 0.065300 0.073500 0.065200 0.000000 0.065100 0.064800 0.056500 0.065200 0.081600 0.040300 0.064900 0.064700 0.073100 0.072900 0.048200 0.065600 0.048500 0.055900 0.065800 0.100000 0.072800 0.056400 0.073700 0.071900 0.082300 0.089200 0.082200 0.048700 0.082200 0.055700 0.064800 0.073700 0.097700 0.090100 0.115000 0.064800 0.072800 0.056800 0.082500
Giraffe 0.099100 0.254600 0.073800 0.178200 0.109200 0.099100 0.075000 0.099700 0.082500 0.098200 0.090500 0.092000 0.081800 0.083300 0.091600 0.081600 0.065100 0.000000 0.082600 0.074000 0.081600 0.099800 0.057500 0.082800 0.082400 0.089900 0.090600 0.065500 0.080900 0.065900 0.090300 0.083900 0.119000 0.090500 0.073900 0.082700 0.106500 0.100700 0.090100 0.100600 0.066200 0.099500 0.090000 0.082700 0.082700 0.107400 0.108600 0.134000 0.082600 0.090700 0.074400 0.100900
TibetanAnt 0.015600 0.220000 0.023800 0.138500 0.040100 0.015600 0.032300 0.048100 0.031900 0.063700 0.007800 0.039900 0.015700 0.040300 0.040200 0.032100 0.064800 0.082600 0.000000 0.023800 0.032100 0.015800 0.024000 0.048300 0.000100 0.040000 0.023700 0.015800 0.032300 0.015900 0.055900 0.040600 0.057100 0.023700 0.023800 0.039700 0.023300 0.048600 0.055800 0.065300 0.032300 0.048500 0.055800 0.048300 0.039700 0.064000 0.056400 0.080700 0.031900 0.056200 0.024000 0.040500
Sitatunga 0.039700 0.209400 0.015500 0.129200 0.048400 0.039700 0.024100 0.039900 0.023900 0.055500 0.031700 0.032200 0.023700 0.032100 0.032100 0.024000 0.056500 0.074000 0.023800 0.000000 0.024000 0.040000 0.015900 0.040100 0.023800 0.031900 0.031800 0.007900 0.024100 0.007900 0.047800 0.032300 0.057100 0.031700 0.015800 0.032100 0.047400 0.040300 0.047700 0.056900 0.024100 0.040300 0.047600 0.040100 0.032100 0.055800 0.048200 0.072400 0.023800 0.047900 0.015900 0.040300
Oribi 0.048100 0.200100 0.023900 0.139400 0.057100 0.048100 0.032500 0.032000 0.032100 0.064100 0.040000 0.040600 0.031900 0.040600 0.040500 0.015900 0.065200 0.081600 0.032100 0.024000 0.000000 0.048500 0.024100 0.048600 0.032100 0.023900 0.040100 0.015900 0.016100 0.016000 0.056300 0.040800 0.065900 0.040100 0.023900 0.040500 0.055800 0.048900 0.039800 0.065700 0.032400 0.032200 0.056100 0.048600 0.040500 0.064400 0.040200 0.081300 0.032100 0.056500 0.024100 0.049000
BarbaryShe 0.031500 0.241500 0.039900 0.157000 0.048300 0.031500 0.048800 0.064600 0.048200 0.080200 0.023600 0.056600 0.031600 0.048500 0.056700 0.048500 0.081600 0.099800 0.015800 0.040000 0.048500 0.000000 0.040300 0.064900 0.015700 0.048100 0.039800 0.031900 0.048800 0.032100 0.072400 0.057200 0.073900 0.039700 0.039900 0.056500 0.039200 0.056900 0.063900 0.073600 0.048700 0.056800 0.072200 0.064800 0.056500 0.080600 0.073100 0.097600 0.048200 0.072700 0.040200 0.057000
Daviddeer 0.040000 0.190500 0.015900 0.112100 0.048800 0.040000 0.024300 0.040200 0.024000 0.039500 0.031900 0.032400 0.023900 0.032400 0.032300 0.024100 0.040300 0.057500 0.024000 0.015900 0.024100 0.040300 0.000000 0.024100 0.024000 0.032100 0.032000 0.007900 0.024300 0.008000 0.031800 0.032600 0.057500 0.032000 0.015900 0.032300 0.047700 0.040600 0.048000 0.040600 0.007900 0.040600 0.031600 0.024000 0.032300 0.056100 0.048500 0.072800 0.024000 0.032000 0.016000 0.040800
Reindeer 0.064400 0.199100 0.040000 0.138400 0.073700 0.064400 0.049000 0.064800 0.048300 0.063800 0.056200 0.057100 0.048000 0.057000 0.056900 0.048600 0.064900 0.082800 0.048300 0.040100 0.048600 0.064900 0.024100 0.000000 0.048300 0.056600 0.056400 0.032000 0.048900 0.032200 0.056000 0.057400 0.082900 0.056300 0.040000 0.057000 0.072100 0.065500 0.072500 0.065400 0.032300 0.065400 0.055900 0.000100 0.057000 0.080900 0.073200 0.080800 0.048300 0.056300 0.040400 0.065600
Ibex 0.015600 0.219800 0.023700 0.136500 0.040100 0.015600 0.032300 0.046800 0.031900 0.063700 0.007800 0.039800 0.015700 0.040300 0.040100 0.030400 0.064700 0.082400 0.000100 0.023800 0.032100 0.015700 0.024000 0.048300 0.000000 0.039900 0.023700 0.015800 0.032200 0.015900 0.055900 0.040500 0.057100 0.023700 0.023800 0.039700 0.023300 0.048500 0.055700 0.065200 0.032200 0.048500 0.055700 0.048200 0.039700 0.063900 0.056400 0.080600 0.031800 0.056100 0.023900 0.040400
GyrantGaze 0.056000 0.198500 0.031800 0.147500 0.048300 0.056000 0.040500 0.039800 0.040000 0.071900 0.047800 0.048600 0.039800 0.032000 0.048400 0.023900 0.073100 0.089900 0.040000 0.031900 0.023900 0.048100 0.032100 0.056600 0.039900 0.000000 0.048000 0.023800 0.024100 0.024000 0.064100 0.048800 0.073900 0.047900 0.031800 0.048500 0.063600 0.040200 0.031400 0.056700 0.040400 0.023300 0.063900 0.056500 0.048500 0.072300 0.048100 0.089200 0.040000 0.064400 0.032100 0.057000
Hartebeest 0.039500 0.230100 0.031700 0.128400 0.048200 0.039500 0.040400 0.048000 0.039900 0.071800 0.031500 0.048400 0.007700 0.048400 0.048300 0.040100 0.072900 0.090600 0.023700 0.031800 0.040100 0.039800 0.032000 0.056400 0.023700 0.048000 0.000000 0.023800 0.040300 0.023900 0.064000 0.048700 0.073700 0.015400 0.031700 0.048300 0.047000 0.056700 0.063800 0.073400 0.040300 0.056600 0.063800 0.056300 0.048300 0.072000 0.064500 0.080500 0.039800 0.064300 0.032000 0.056900
Bongo 0.031700 0.199500 0.007800 0.120300 0.040200 0.031700 0.016100 0.031800 0.015900 0.047500 0.023700 0.024000 0.015700 0.024000 0.024000 0.015900 0.048200 0.065500 0.015800 0.007900 0.015900 0.031900 0.007900 0.032000 0.015800 0.023800 0.023800 0.000000 0.016000 0.000000 0.039700 0.024200 0.048800 0.023700 0.007900 0.024000 0.039400 0.032200 0.039600 0.048600 0.016000 0.032100 0.039600 0.032000 0.024000 0.047700 0.040000 0.064100 0.015800 0.039800 0.007900 0.032200
Gerenuk 0.048400 0.201500 0.024000 0.140100 0.057400 0.048400 0.032700 0.032100 0.032300 0.064400 0.040200 0.040900 0.032100 0.040800 0.040700 0.016100 0.065600 0.080900 0.032300 0.024100 0.016100 0.048800 0.024300 0.048900 0.032200 0.024100 0.040300 0.016000 0.000000 0.016100 0.056600 0.041100 0.066300 0.040300 0.024100 0.040800 0.056100 0.049200 0.040000 0.066100 0.032600 0.032500 0.056400 0.048900 0.040800 0.056400 0.040400 0.081700 0.032300 0.056800 0.024300 0.049300
CommonElan 0.031800 0.200700 0.007900 0.121000 0.040500 0.031800 0.016100 0.032000 0.015900 0.047700 0.023800 0.024200 0.015800 0.024200 0.024100 0.016000 0.048500 0.065900 0.015900 0.007900 0.016000 0.032100 0.008000 0.032200 0.015900 0.024000 0.023900 0.000000 0.016100 0.000000 0.039900 0.024300 0.049000 0.023900 0.007900 0.024100 0.039600 0.032400 0.039800 0.048900 0.016100 0.032300 0.039800 0.032100 0.024100 0.047900 0.040200 0.064500 0.015900 0.040100 0.007900 0.032400
MuntiacusR 0.072000 0.228800 0.047700 0.146900 0.081200 0.072000 0.056700 0.072400 0.056000 0.007700 0.063700 0.064700 0.055600 0.064700 0.064500 0.056300 0.055900 0.090300 0.055900 0.047800 0.056300 0.072400 0.031800 0.056000 0.055900 0.064100 0.064000 0.039700 0.056600 0.039900 0.000000 0.065100 0.090400 0.063900 0.047700 0.064600 0.063200 0.073100 0.080000 0.073000 0.040100 0.073000 0.000000 0.056000 0.064600 0.088300 0.080900 0.105300 0.055900 0.064000 0.048100 0.073300
HarveysDui 0.056800 0.234400 0.024100 0.149900 0.066000 0.056800 0.024300 0.057100 0.040600 0.073000 0.048500 0.032600 0.040300 0.040600 0.049100 0.040800 0.065800 0.083900 0.040600 0.032300 0.040800 0.057200 0.032600 0.057400 0.040500 0.048800 0.048700 0.024200 0.041100 0.024300 0.065100 0.000000 0.075000 0.048700 0.032300 0.032500 0.064600 0.057700 0.064900 0.074700 0.041000 0.057600 0.064900 0.057300 0.032500 0.073300 0.065700 0.090400 0.040600 0.065400 0.032500 0.057900
Pronghorn 0.056600 0.266200 0.056900 0.177900 0.074100 0.056600 0.066300 0.082400 0.065500 0.098300 0.065100 0.073400 0.065200 0.074500 0.057400 0.065900 0.100000 0.119000 0.057100 0.057100 0.065900 0.073900 0.057500 0.082900 0.057100 0.073900 0.073700 0.048800 0.066300 0.049000 0.090400 0.075000 0.000000 0.073700 0.056900 0.073100 0.081100 0.083100 0.073000 0.100700 0.066200 0.083100 0.090100 0.082800 0.073100 0.098700 0.090900 0.116300 0.065500 0.073400 0.057400 0.065800
BlueWildeb 0.039500 0.229300 0.031700 0.128200 0.048100 0.039500 0.024000 0.047900 0.039800 0.071700 0.031500 0.048400 0.007700 0.048300 0.048200 0.040100 0.072800 0.090500 0.023700 0.031700 0.040100 0.039700 0.032000 0.056300 0.023700 0.047900 0.015400 0.023700 0.040300 0.023900 0.063900 0.048700 0.073700 0.000000 0.031700 0.048300 0.046200 0.056600 0.063800 0.073400 0.040300 0.056600 0.063700 0.056300 0.048300 0.072000 0.064400 0.080400 0.039800 0.064200 0.031900 0.056800
Gemsbok 0.039600 0.209300 0.015800 0.129100 0.048400 0.039600 0.024100 0.039900 0.023800 0.055400 0.031600 0.032100 0.023700 0.032100 0.032000 0.023900 0.056400 0.073900 0.023800 0.015800 0.023900 0.039900 0.015900 0.040000 0.023800 0.031800 0.031700 0.007900 0.024100 0.007900 0.047700 0.032300 0.056900 0.031700 0.000000 0.032000 0.047300 0.040300 0.047600 0.056800 0.024000 0.040200 0.047500 0.040000 0.032000 0.055700 0.048100 0.072300 0.023800 0.047900 0.015900 0.040400
Yak 0.056000 0.232700 0.032000 0.149000 0.065500 0.056000 0.040800 0.056700 0.040300 0.072400 0.047800 0.032300 0.040000 0.048900 0.048800 0.040500 0.073700 0.082700 0.039700 0.032100 0.040500 0.056500 0.032300 0.057000 0.039700 0.048500 0.048300 0.024000 0.040800 0.024100 0.064600 0.032500 0.073100 0.048300 0.032000 0.000000 0.063700 0.057300 0.064500 0.074200 0.040700 0.057200 0.064400 0.056900 0.000000 0.072800 0.065200 0.089800 0.040300 0.064900 0.032300 0.056700
BlueSheep 0.038900 0.247500 0.047300 0.163500 0.063900 0.038900 0.056200 0.071800 0.055500 0.070900 0.031000 0.063900 0.038300 0.064100 0.064000 0.055800 0.071900 0.106500 0.023300 0.047400 0.055800 0.039200 0.047700 0.072100 0.023300 0.063600 0.047000 0.039400 0.056100 0.039600 0.063200 0.064600 0.081100 0.046200 0.047300 0.063700 0.000000 0.055700 0.079400 0.089300 0.056100 0.072400 0.063000 0.072000 0.063700 0.087700 0.080200 0.104500 0.055500 0.079900 0.047700 0.064400
BohorReedb 0.064800 0.222000 0.040200 0.158700 0.023900 0.064800 0.049200 0.065100 0.048600 0.080900 0.056500 0.057400 0.048300 0.040600 0.057000 0.048900 0.082300 0.100700 0.048600 0.040300 0.048900 0.056900 0.040600 0.065500 0.048500 0.040200 0.056700 0.032200 0.049200 0.032400 0.073100 0.057700 0.083100 0.056600 0.040300 0.057300 0.055700 0.000000 0.056000 0.065600 0.049200 0.048800 0.072900 0.065400 0.057300 0.081300 0.073700 0.089700 0.048600 0.073400 0.040600 0.066000
KirksDik 0.055300 0.226700 0.047500 0.164300 0.047700 0.055300 0.056500 0.055700 0.055800 0.087700 0.063600 0.064600 0.055500 0.047900 0.064300 0.039800 0.089200 0.090100 0.055800 0.047700 0.039800 0.063900 0.048000 0.072500 0.055700 0.031400 0.063800 0.039600 0.040000 0.039800 0.080000 0.064900 0.073000 0.063800 0.047600 0.064500 0.079400 0.056000 0.000000 0.072700 0.056400 0.039700 0.079700 0.072400 0.064500 0.088200 0.063900 0.088300 0.055800 0.063600 0.048000 0.073000
RoeDeer 0.081600 0.243200 0.056700 0.139000 0.073900 0.081600 0.066100 0.082000 0.065300 0.080900 0.073200 0.074300 0.064900 0.048700 0.074100 0.065700 0.082200 0.100600 0.065300 0.056900 0.065700 0.073600 0.040600 0.065400 0.065200 0.056700 0.073400 0.048600 0.066100 0.048900 0.073000 0.074700 0.100700 0.073400 0.056800 0.074200 0.089300 0.065600 0.072700 0.000000 0.049100 0.065600 0.072800 0.065300 0.074200 0.098300 0.090700 0.107000 0.065300 0.073400 0.057300 0.065800
WhiteLippe 0.048300 0.180100 0.024000 0.121800 0.057400 0.048300 0.032700 0.048600 0.032300 0.046900 0.040200 0.040800 0.032100 0.040800 0.040700 0.032400 0.048700 0.066200 0.032300 0.024100 0.032400 0.048700 0.007900 0.032300 0.032200 0.040400 0.040300 0.016000 0.032600 0.016100 0.040100 0.041000 0.066200 0.040300 0.024000 0.040700 0.056100 0.049200 0.056400 0.049100 0.000000 0.049100 0.039900 0.032300 0.040700 0.064700 0.057100 0.081500 0.032200 0.032100 0.024300 0.049300
ThomsonGaz 0.064700 0.221200 0.040200 0.158000 0.057000 0.064700 0.049200 0.048300 0.048500 0.080800 0.056400 0.057300 0.048200 0.040500 0.057100 0.032200 0.082200 0.099500 0.048500 0.040300 0.032200 0.056800 0.040600 0.065400 0.048500 0.023300 0.056600 0.032100 0.032500 0.032300 0.073000 0.057600 0.083100 0.056600 0.040200 0.057200 0.072400 0.048800 0.039700 0.065600 0.049100 0.000000 0.072700 0.065300 0.057200 0.081200 0.056700 0.098400 0.048500 0.073200 0.040500 0.065900
MuntiacusC 0.071700 0.228100 0.047500 0.146400 0.081000 0.071700 0.056500 0.072200 0.055800 0.007500 0.063500 0.064500 0.055500 0.064500 0.064300 0.056100 0.055700 0.090000 0.055800 0.047600 0.056100 0.072200 0.031600 0.055900 0.055700 0.063900 0.063800 0.039600 0.056400 0.039800 0.000000 0.064900 0.090100 0.063700 0.047500 0.064400 0.063000 0.072900 0.079700 0.072800 0.039900 0.072700 0.000000 0.055800 0.064400 0.088100 0.080600 0.105000 0.055700 0.063800 0.047900 0.073100
WhiteTaile 0.064400 0.198600 0.040000 0.138200 0.073600 0.064400 0.048900 0.064700 0.048300 0.063800 0.056100 0.057000 0.048000 0.057000 0.056800 0.048600 0.064800 0.082700 0.048300 0.040100 0.048600 0.064800 0.024000 0.000100 0.048200 0.056500 0.056300 0.032000 0.048900 0.032100 0.056000 0.057300 0.082800 0.056300 0.040000 0.056900 0.072000 0.065400 0.072400 0.065300 0.032300 0.065300 0.055800 0.000000 0.056900 0.080800 0.073100 0.080700 0.048300 0.056200 0.040300 0.065500
Cattle 0.056000 0.232700 0.032000 0.149000 0.065500 0.056000 0.040800 0.056700 0.040300 0.072400 0.047800 0.032300 0.040000 0.048900 0.048800 0.040500 0.073700 0.082700 0.039700 0.032100 0.040500 0.056500 0.032300 0.057000 0.039700 0.048500 0.048300 0.024000 0.040800 0.024100 0.064600 0.032500 0.073100 0.048300 0.032000 0.000000 0.063700 0.057300 0.064500 0.074200 0.040700 0.057200 0.064400 0.056900 0.000000 0.072800 0.065200 0.089800 0.040300 0.064900 0.032300 0.056700
RoyalAntel 0.080100 0.259200 0.055600 0.172500 0.089500 0.080100 0.064800 0.080600 0.064000 0.096100 0.071800 0.073000 0.063700 0.072900 0.072700 0.064400 0.097700 0.107400 0.064000 0.055800 0.064400 0.080600 0.056100 0.080900 0.063900 0.072300 0.072000 0.047700 0.056400 0.047900 0.088300 0.073300 0.098700 0.072000 0.055700 0.072800 0.087700 0.081300 0.088200 0.098300 0.064700 0.081200 0.088100 0.080800 0.072800 0.000000 0.089000 0.113700 0.047500 0.071700 0.056100 0.081500
Steenbok 0.072500 0.230500 0.048100 0.167000 0.081900 0.072500 0.057200 0.056200 0.056500 0.088700 0.064300 0.065300 0.056100 0.065200 0.065000 0.040200 0.090100 0.108600 0.056400 0.048200 0.040200 0.073100 0.048500 0.073200 0.056400 0.048100 0.064500 0.040000 0.040400 0.040200 0.080900 0.065700 0.090900 0.064400 0.048100 0.065200 0.080200 0.073700 0.063900 0.090700 0.057100 0.056700 0.080600 0.073100 0.065200 0.089000 0.000000 0.106100 0.056400 0.081200 0.048500 0.074000
Impala 0.097000 0.269300 0.072200 0.183300 0.097900 0.097000 0.081400 0.080000 0.080700 0.113100 0.088600 0.090000 0.072000 0.089800 0.089600 0.081300 0.115000 0.134000 0.080700 0.072400 0.081300 0.097600 0.072800 0.080800 0.080600 0.089200 0.080500 0.064100 0.081700 0.064500 0.105300 0.090400 0.116300 0.080400 0.072300 0.089800 0.104500 0.089700 0.088300 0.107000 0.081500 0.098400 0.105000 0.080700 0.089800 0.113700 0.106100 0.000000 0.080800 0.105600 0.072800 0.098600
Klipspring 0.047800 0.219400 0.023800 0.138000 0.056700 0.047800 0.032300 0.048100 0.031900 0.063700 0.039700 0.040400 0.031700 0.040300 0.040200 0.032100 0.064800 0.082600 0.031900 0.023800 0.032100 0.048200 0.024000 0.048300 0.031800 0.040000 0.039800 0.015800 0.032300 0.015900 0.055900 0.040600 0.065500 0.039800 0.023800 0.040300 0.055500 0.048600 0.055800 0.065300 0.032200 0.048500 0.055700 0.048300 0.040300 0.047500 0.056400 0.080800 0.000000 0.056100 0.024000 0.048700
ForestMusk 0.055600 0.219200 0.047800 0.147600 0.064600 0.055600 0.056900 0.072600 0.056200 0.071800 0.063900 0.064900 0.055900 0.064900 0.064700 0.056500 0.072800 0.090700 0.056200 0.047900 0.056500 0.072700 0.032000 0.056300 0.056100 0.064400 0.064300 0.039800 0.056800 0.040100 0.064000 0.065400 0.073400 0.064200 0.047900 0.064900 0.079900 0.073400 0.063600 0.073400 0.032100 0.073200 0.063800 0.056200 0.064900 0.071700 0.081200 0.105600 0.056100 0.000000 0.048300 0.073600
Bushbuck 0.040000 0.211100 0.015900 0.130100 0.048700 0.040000 0.024300 0.040200 0.007900 0.055900 0.031900 0.032400 0.023800 0.032300 0.032300 0.024100 0.056800 0.074400 0.024000 0.015900 0.024100 0.040200 0.016000 0.040400 0.023900 0.032100 0.032000 0.007900 0.024300 0.007900 0.048100 0.032500 0.057400 0.031900 0.015900 0.032300 0.047700 0.040600 0.048000 0.057300 0.024300 0.040500 0.047900 0.040300 0.032300 0.056100 0.048500 0.072800 0.024000 0.048300 0.000000 0.024000
GreaterKud 0.056600 0.245500 0.040200 0.140300 0.074300 0.056600 0.049400 0.065300 0.031900 0.081200 0.048400 0.056900 0.048400 0.049000 0.057300 0.049000 0.082500 0.100900 0.040500 0.040300 0.049000 0.057000 0.040800 0.065600 0.040400 0.057000 0.056900 0.032200 0.049300 0.032400 0.073300 0.057900 0.065800 0.056800 0.040400 0.056700 0.064400 0.066000 0.073000 0.065800 0.049300 0.065900 0.073100 0.065500 0.056700 0.081500 0.074000 0.098600 0.048700 0.073600 0.024000 0.000000
