CODONML (in paml version 4.10.7, June 2023)  /home/rachel/ruminants_paml/6406-phy-tree/ENSBTAT00000026862.fasta.phy
Model: free dN/dS Ratios for branches,  kappa = 2.000 fixed

Codon frequency model: F3x4
ns =  54  ls =  28

Codon usage in sequences
--------------------------------------------------------------------------------------------------------------------------------------
Phe TTT   1   1   1   1   1   1 | Ser TCT   1   0   1   1   1   1 | Tyr TAT   0   0   0   0   0   0 | Cys TGT   0   0   0   0   0   0
    TTC   1   1   1   1   1   1 |     TCC   0   0   0   0   0   0 |     TAC   0   0   0   0   0   0 |     TGC   0   0   0   0   0   0
Leu TTA   0   0   0   0   0   0 |     TCA   0   0   0   0   0   0 | *** TAA   0   0   0   0   0   0 | *** TGA   0   0   0   0   0   0
    TTG   1   1   1   1   1   1 |     TCG   0   1   0   0   0   0 |     TAG   0   0   0   0   0   0 | Trp TGG   1   1   1   1   1   1
--------------------------------------------------------------------------------------------------------------------------------------
Leu CTT   0   0   0   0   0   0 | Pro CCT   1   1   1   1   1   1 | His CAT   1   1   1   1   1   1 | Arg CGT   0   0   0   0   0   0
    CTC   0   0   0   0   0   0 |     CCC   0   0   0   0   0   0 |     CAC   0   0   0   0   0   0 |     CGC   0   0   0   0   0   0
    CTA   0   0   0   0   0   0 |     CCA   1   1   1   1   1   1 | Gln CAA   2   1   2   2   1   2 |     CGA   0   0   0   0   0   0
    CTG   1   1   1   1   1   1 |     CCG   0   0   0   0   0   0 |     CAG   0   1   0   0   1   0 |     CGG   0   0   0   0   0   0
--------------------------------------------------------------------------------------------------------------------------------------
Ile ATT   2   2   2   2   2   2 | Thr ACT   1   1   1   1   1   1 | Asn AAT   0   0   0   0   0   0 | Ser AGT   0   0   0   0   0   0
    ATC   2   2   2   2   2   2 |     ACC   0   0   0   0   0   0 |     AAC   0   0   0   0   0   0 |     AGC   0   0   0   0   0   0
    ATA   2   2   2   2   2   2 |     ACA   0   0   0   0   0   0 | Lys AAA   0   0   0   0   0   0 | Arg AGA   0   0   0   0   0   0
Met ATG   2   2   2   2   2   2 |     ACG   0   0   0   0   0   0 |     AAG   0   0   0   0   0   0 |     AGG   0   0   0   0   0   0
--------------------------------------------------------------------------------------------------------------------------------------
Val GTT   0   0   0   0   0   0 | Ala GCT   0   0   0   0   0   0 | Asp GAT   1   1   1   1   1   1 | Gly GGT   0   0   0   0   0   0
    GTC   0   0   0   0   0   0 |     GCC   0   0   0   0   0   0 |     GAC   0   0   0   0   0   0 |     GGC   0   0   0   0   0   0
    GTA   0   0   0   0   0   0 |     GCA   1   1   1   1   1   1 | Glu GAA   1   1   1   1   1   1 |     GGA   2   2   2   2   2   2
    GTG   3   3   3   3   3   3 |     GCG   0   0   0   0   0   0 |     GAG   0   0   0   0   0   0 |     GGG   0   0   0   0   0   0
--------------------------------------------------------------------------------------------------------------------------------------

--------------------------------------------------------------------------------------------------------------------------------------
Phe TTT   1   1   1   1   1   1 | Ser TCT   1   1   1   1   1   1 | Tyr TAT   0   0   0   0   0   0 | Cys TGT   0   0   0   0   0   0
    TTC   1   1   1   1   1   1 |     TCC   0   0   0   0   0   0 |     TAC   0   0   0   0   0   0 |     TGC   0   0   0   0   0   0
Leu TTA   0   0   0   0   0   0 |     TCA   0   0   0   0   0   0 | *** TAA   0   0   0   0   0   0 | *** TGA   0   0   0   0   0   0
    TTG   1   1   1   1   1   1 |     TCG   0   0   0   0   0   0 |     TAG   0   0   0   0   0   0 | Trp TGG   1   1   1   1   1   1
--------------------------------------------------------------------------------------------------------------------------------------
Leu CTT   0   0   0   0   0   0 | Pro CCT   1   1   1   1   1   1 | His CAT   1   1   1   1   1   1 | Arg CGT   0   0   0   0   0   0
    CTC   0   0   0   0   0   0 |     CCC   0   0   0   0   0   0 |     CAC   0   0   0   0   0   0 |     CGC   0   0   0   0   0   0
    CTA   0   0   0   0   0   0 |     CCA   1   1   1   1   1   1 | Gln CAA   2   2   2   2   2   2 |     CGA   0   0   0   0   0   0
    CTG   1   1   1   1   1   1 |     CCG   0   0   0   0   0   0 |     CAG   0   0   0   0   0   0 |     CGG   0   0   0   0   0   0
--------------------------------------------------------------------------------------------------------------------------------------
Ile ATT   2   2   2   2   2   2 | Thr ACT   1   1   1   1   1   1 | Asn AAT   0   0   0   0   0   0 | Ser AGT   0   0   0   0   0   0
    ATC   2   2   2   2   2   2 |     ACC   0   0   0   0   0   0 |     AAC   0   0   0   0   0   0 |     AGC   0   0   0   0   0   0
    ATA   2   2   2   2   2   2 |     ACA   0   0   0   0   0   0 | Lys AAA   0   0   0   0   0   0 | Arg AGA   0   0   0   0   0   0
Met ATG   2   2   2   2   2   2 |     ACG   0   0   0   0   0   0 |     AAG   0   0   0   0   0   0 |     AGG   0   0   0   0   0   0
--------------------------------------------------------------------------------------------------------------------------------------
Val GTT   0   0   0   0   0   0 | Ala GCT   0   0   0   0   0   0 | Asp GAT   1   1   1   1   1   1 | Gly GGT   0   0   0   0   0   0
    GTC   0   0   0   0   0   0 |     GCC   0   0   0   0   0   0 |     GAC   0   0   0   0   0   0 |     GGC   0   0   0   0   0   0
    GTA   0   0   0   0   0   0 |     GCA   1   1   1   1   1   1 | Glu GAA   1   1   1   1   1   1 |     GGA   2   2   2   2   2   2
    GTG   3   3   3   3   3   3 |     GCG   0   0   0   0   0   0 |     GAG   0   0   0   0   0   0 |     GGG   0   0   0   0   0   0
--------------------------------------------------------------------------------------------------------------------------------------

--------------------------------------------------------------------------------------------------------------------------------------
Phe TTT   1   1   1   1   1   1 | Ser TCT   1   1   1   1   1   1 | Tyr TAT   0   0   0   0   0   0 | Cys TGT   0   0   0   0   0   0
    TTC   1   1   1   1   1   1 |     TCC   0   0   0   0   0   0 |     TAC   0   0   0   0   0   0 |     TGC   0   0   0   0   0   0
Leu TTA   0   0   0   0   0   0 |     TCA   0   0   0   0   0   0 | *** TAA   0   0   0   0   0   0 | *** TGA   0   0   0   0   0   0
    TTG   1   1   1   1   1   1 |     TCG   0   0   0   0   0   0 |     TAG   0   0   0   0   0   0 | Trp TGG   1   1   1   1   1   1
--------------------------------------------------------------------------------------------------------------------------------------
Leu CTT   0   0   0   0   0   0 | Pro CCT   1   1   1   1   1   1 | His CAT   1   1   1   1   1   1 | Arg CGT   0   0   0   0   0   0
    CTC   0   0   0   0   0   0 |     CCC   0   0   0   0   0   0 |     CAC   0   0   0   0   0   0 |     CGC   0   0   0   0   0   0
    CTA   0   0   0   0   0   0 |     CCA   1   1   1   1   1   1 | Gln CAA   2   2   2   2   2   2 |     CGA   0   0   0   0   0   0
    CTG   1   1   1   1   1   1 |     CCG   0   0   0   0   0   0 |     CAG   0   0   0   0   0   0 |     CGG   0   0   0   0   0   0
--------------------------------------------------------------------------------------------------------------------------------------
Ile ATT   2   2   2   2   2   2 | Thr ACT   1   1   1   1   1   1 | Asn AAT   0   0   0   0   0   0 | Ser AGT   0   0   0   0   0   0
    ATC   2   2   2   2   2   2 |     ACC   0   0   0   0   0   0 |     AAC   0   0   0   0   0   0 |     AGC   0   0   0   0   0   0
    ATA   2   2   2   2   2   2 |     ACA   0   0   0   0   0   0 | Lys AAA   0   0   0   0   0   0 | Arg AGA   0   0   0   0   0   0
Met ATG   2   2   2   2   2   2 |     ACG   0   0   0   0   0   0 |     AAG   0   0   0   0   0   0 |     AGG   0   0   0   0   0   0
--------------------------------------------------------------------------------------------------------------------------------------
Val GTT   0   0   0   0   0   0 | Ala GCT   0   0   0   0   0   0 | Asp GAT   1   1   1   1   1   1 | Gly GGT   0   0   0   0   0   0
    GTC   0   0   0   0   0   0 |     GCC   0   0   0   0   0   0 |     GAC   0   0   0   0   0   0 |     GGC   0   0   0   0   0   0
    GTA   0   0   0   0   0   0 |     GCA   1   1   1   1   1   1 | Glu GAA   1   1   1   1   1   1 |     GGA   2   2   2   2   2   2
    GTG   3   3   3   3   3   3 |     GCG   0   0   0   0   0   0 |     GAG   0   0   0   0   0   0 |     GGG   0   0   0   0   0   0
--------------------------------------------------------------------------------------------------------------------------------------

--------------------------------------------------------------------------------------------------------------------------------------
Phe TTT   1   1   1   1   1   1 | Ser TCT   1   1   1   1   1   1 | Tyr TAT   0   0   0   0   0   0 | Cys TGT   0   0   0   0   0   0
    TTC   1   1   1   1   1   1 |     TCC   0   0   0   0   0   0 |     TAC   0   0   0   0   0   0 |     TGC   0   0   0   0   0   0
Leu TTA   0   0   0   0   0   0 |     TCA   0   0   0   0   0   0 | *** TAA   0   0   0   0   0   0 | *** TGA   0   0   0   0   0   0
    TTG   1   1   1   1   1   1 |     TCG   0   0   0   0   0   0 |     TAG   0   0   0   0   0   0 | Trp TGG   1   1   1   1   1   1
--------------------------------------------------------------------------------------------------------------------------------------
Leu CTT   0   0   0   0   0   0 | Pro CCT   1   1   1   1   1   1 | His CAT   1   1   1   1   1   1 | Arg CGT   0   0   0   0   0   0
    CTC   0   0   0   0   0   0 |     CCC   0   0   0   0   0   0 |     CAC   0   0   0   0   0   0 |     CGC   0   0   0   0   0   0
    CTA   0   0   0   0   0   0 |     CCA   1   1   1   1   1   1 | Gln CAA   2   2   2   2   2   2 |     CGA   0   0   0   0   0   0
    CTG   1   1   1   1   1   1 |     CCG   0   0   0   0   0   0 |     CAG   0   0   0   0   0   0 |     CGG   0   0   0   0   0   0
--------------------------------------------------------------------------------------------------------------------------------------
Ile ATT   2   2   2   2   2   2 | Thr ACT   1   1   1   1   1   1 | Asn AAT   0   0   0   0   0   0 | Ser AGT   0   0   0   0   0   0
    ATC   2   2   2   2   2   2 |     ACC   0   0   0   0   0   0 |     AAC   0   0   0   0   0   0 |     AGC   0   0   0   0   0   0
    ATA   2   2   2   2   2   2 |     ACA   0   0   0   0   0   0 | Lys AAA   0   0   0   0   0   0 | Arg AGA   0   0   0   0   0   0
Met ATG   2   2   2   2   2   2 |     ACG   0   0   0   0   0   0 |     AAG   0   0   0   0   0   0 |     AGG   0   0   0   0   0   0
--------------------------------------------------------------------------------------------------------------------------------------
Val GTT   0   0   0   0   0   0 | Ala GCT   0   0   0   0   0   0 | Asp GAT   1   1   1   1   1   1 | Gly GGT   0   0   0   0   0   0
    GTC   0   0   0   0   0   0 |     GCC   0   0   0   0   0   0 |     GAC   0   0   0   0   0   0 |     GGC   0   0   0   0   0   0
    GTA   0   0   0   0   0   0 |     GCA   1   1   1   1   1   1 | Glu GAA   1   1   1   1   1   1 |     GGA   2   2   2   2   2   2
    GTG   3   3   3   3   3   3 |     GCG   0   0   0   0   0   0 |     GAG   0   0   0   0   0   0 |     GGG   0   0   0   0   0   0
--------------------------------------------------------------------------------------------------------------------------------------

--------------------------------------------------------------------------------------------------------------------------------------
Phe TTT   1   1   1   1   1   1 | Ser TCT   1   1   1   1   1   1 | Tyr TAT   0   0   0   0   0   0 | Cys TGT   0   0   0   0   0   0
    TTC   1   1   1   1   1   1 |     TCC   0   0   0   0   0   0 |     TAC   0   0   0   0   0   0 |     TGC   0   0   0   0   0   0
Leu TTA   0   0   0   0   0   0 |     TCA   0   0   0   0   0   0 | *** TAA   0   0   0   0   0   0 | *** TGA   0   0   0   0   0   0
    TTG   1   1   1   1   1   1 |     TCG   0   0   0   0   0   0 |     TAG   0   0   0   0   0   0 | Trp TGG   1   1   1   1   1   1
--------------------------------------------------------------------------------------------------------------------------------------
Leu CTT   0   0   0   0   0   0 | Pro CCT   1   1   1   1   1   1 | His CAT   1   1   1   1   1   1 | Arg CGT   0   0   0   0   0   0
    CTC   0   0   0   0   0   0 |     CCC   0   0   0   0   0   0 |     CAC   0   0   0   0   0   0 |     CGC   0   0   0   0   0   0
    CTA   0   0   0   0   0   0 |     CCA   1   1   1   1   1   1 | Gln CAA   2   2   2   2   2   2 |     CGA   0   0   0   0   0   0
    CTG   1   1   1   1   1   1 |     CCG   0   0   0   0   0   0 |     CAG   0   0   0   0   0   0 |     CGG   0   0   0   0   0   0
--------------------------------------------------------------------------------------------------------------------------------------
Ile ATT   2   2   2   2   2   2 | Thr ACT   1   1   1   1   1   1 | Asn AAT   0   0   0   0   0   0 | Ser AGT   0   0   0   0   0   0
    ATC   2   2   2   2   2   2 |     ACC   0   0   0   0   0   0 |     AAC   0   0   0   0   0   0 |     AGC   0   0   0   0   0   0
    ATA   2   2   2   2   2   2 |     ACA   0   0   0   0   0   0 | Lys AAA   0   0   0   0   0   0 | Arg AGA   0   0   0   0   0   0
Met ATG   2   2   2   2   2   2 |     ACG   0   0   0   0   0   0 |     AAG   0   0   0   0   0   0 |     AGG   0   0   0   0   0   0
--------------------------------------------------------------------------------------------------------------------------------------
Val GTT   0   0   0   0   0   0 | Ala GCT   0   0   0   0   0   0 | Asp GAT   1   1   1   1   1   1 | Gly GGT   0   0   0   0   0   0
    GTC   0   0   0   0   0   0 |     GCC   0   0   0   0   0   0 |     GAC   0   0   0   0   0   0 |     GGC   0   0   0   0   0   0
    GTA   0   0   0   0   0   0 |     GCA   1   1   1   1   1   1 | Glu GAA   1   1   1   1   1   1 |     GGA   2   2   2   2   2   2
    GTG   3   3   3   3   3   3 |     GCG   0   0   0   0   0   0 |     GAG   0   0   0   0   0   0 |     GGG   0   0   0   0   0   0
--------------------------------------------------------------------------------------------------------------------------------------

--------------------------------------------------------------------------------------------------------------------------------------
Phe TTT   1   1   1   1   1   1 | Ser TCT   1   1   1   1   1   1 | Tyr TAT   0   0   0   0   0   0 | Cys TGT   0   0   0   0   0   0
    TTC   1   1   1   1   1   1 |     TCC   0   0   0   0   0   0 |     TAC   0   0   0   0   0   0 |     TGC   0   0   0   0   0   0
Leu TTA   0   0   0   0   0   0 |     TCA   0   0   0   0   0   0 | *** TAA   0   0   0   0   0   0 | *** TGA   0   0   0   0   0   0
    TTG   1   1   1   1   1   1 |     TCG   0   0   0   0   0   0 |     TAG   0   0   0   0   0   0 | Trp TGG   1   1   1   1   1   1
--------------------------------------------------------------------------------------------------------------------------------------
Leu CTT   0   0   0   0   0   0 | Pro CCT   1   1   1   1   1   1 | His CAT   1   1   1   1   1   1 | Arg CGT   0   0   0   0   0   0
    CTC   0   0   0   0   0   0 |     CCC   0   0   0   0   0   0 |     CAC   0   0   0   0   0   0 |     CGC   0   0   0   0   0   0
    CTA   0   0   0   0   0   0 |     CCA   1   1   1   1   1   1 | Gln CAA   2   2   2   2   1   2 |     CGA   0   0   0   0   0   0
    CTG   1   1   1   1   1   1 |     CCG   0   0   0   0   0   0 |     CAG   0   0   0   0   1   0 |     CGG   0   0   0   0   0   0
--------------------------------------------------------------------------------------------------------------------------------------
Ile ATT   2   2   2   2   2   2 | Thr ACT   1   1   1   1   1   1 | Asn AAT   0   0   0   0   0   0 | Ser AGT   0   0   0   0   0   0
    ATC   2   2   2   2   2   2 |     ACC   0   0   0   0   0   0 |     AAC   0   0   0   0   0   0 |     AGC   0   0   0   0   0   0
    ATA   2   2   2   2   2   2 |     ACA   0   0   0   0   0   0 | Lys AAA   0   0   0   0   0   0 | Arg AGA   0   0   0   0   0   0
Met ATG   2   2   2   2   2   2 |     ACG   0   0   0   0   0   0 |     AAG   0   0   0   0   0   0 |     AGG   0   0   0   0   0   0
--------------------------------------------------------------------------------------------------------------------------------------
Val GTT   0   0   0   0   0   0 | Ala GCT   0   0   0   0   0   0 | Asp GAT   1   1   1   1   1   1 | Gly GGT   0   0   0   0   0   0
    GTC   0   0   0   0   0   0 |     GCC   0   0   0   0   0   0 |     GAC   0   0   0   0   0   0 |     GGC   0   0   0   0   0   0
    GTA   0   0   0   0   0   0 |     GCA   1   1   1   1   1   1 | Glu GAA   1   1   1   1   1   1 |     GGA   2   2   2   2   2   2
    GTG   3   3   3   3   3   3 |     GCG   0   0   0   0   0   0 |     GAG   0   0   0   0   0   0 |     GGG   0   0   0   0   0   0
--------------------------------------------------------------------------------------------------------------------------------------

--------------------------------------------------------------------------------------------------------------------------------------
Phe TTT   1   1   1   1   1   1 | Ser TCT   1   1   1   1   1   1 | Tyr TAT   0   0   0   0   0   0 | Cys TGT   0   0   0   0   0   0
    TTC   1   1   1   1   1   1 |     TCC   0   0   0   0   0   0 |     TAC   0   0   0   0   0   0 |     TGC   0   0   0   0   0   0
Leu TTA   0   0   0   0   0   0 |     TCA   0   0   0   0   0   0 | *** TAA   0   0   0   0   0   0 | *** TGA   0   0   0   0   0   0
    TTG   1   1   1   1   1   1 |     TCG   0   0   0   0   0   0 |     TAG   0   0   0   0   0   0 | Trp TGG   1   1   1   1   1   1
--------------------------------------------------------------------------------------------------------------------------------------
Leu CTT   0   0   0   0   0   0 | Pro CCT   1   1   1   1   1   1 | His CAT   1   1   1   1   1   1 | Arg CGT   0   0   0   0   0   0
    CTC   0   0   0   0   0   0 |     CCC   0   0   0   0   0   0 |     CAC   0   0   0   0   0   0 |     CGC   0   0   0   0   0   0
    CTA   0   0   0   0   0   0 |     CCA   1   1   1   1   1   1 | Gln CAA   2   2   2   2   2   2 |     CGA   0   0   0   0   0   0
    CTG   1   1   1   1   1   1 |     CCG   0   0   0   0   0   0 |     CAG   0   0   0   0   0   0 |     CGG   0   0   0   0   0   0
--------------------------------------------------------------------------------------------------------------------------------------
Ile ATT   2   2   2   2   2   2 | Thr ACT   1   1   1   1   1   1 | Asn AAT   0   0   0   0   0   0 | Ser AGT   0   0   0   0   0   0
    ATC   2   2   2   2   2   2 |     ACC   0   0   0   0   0   0 |     AAC   0   0   0   0   0   0 |     AGC   0   0   0   0   0   0
    ATA   2   2   2   2   2   2 |     ACA   0   0   0   0   0   0 | Lys AAA   0   0   0   0   0   0 | Arg AGA   0   0   0   0   0   0
Met ATG   2   2   2   2   2   2 |     ACG   0   0   0   0   0   0 |     AAG   0   0   0   0   0   0 |     AGG   0   0   0   0   0   0
--------------------------------------------------------------------------------------------------------------------------------------
Val GTT   0   0   0   0   0   0 | Ala GCT   0   0   0   0   0   0 | Asp GAT   1   1   1   1   1   1 | Gly GGT   0   0   0   0   0   0
    GTC   0   0   0   0   0   0 |     GCC   0   0   0   0   0   0 |     GAC   0   0   0   0   0   0 |     GGC   0   0   0   0   0   0
    GTA   0   0   0   0   0   0 |     GCA   1   1   1   1   1   1 | Glu GAA   1   1   1   1   1   1 |     GGA   2   2   2   2   2   2
    GTG   3   3   3   3   3   3 |     GCG   0   0   0   0   0   0 |     GAG   0   0   0   0   0   0 |     GGG   0   0   0   0   0   0
--------------------------------------------------------------------------------------------------------------------------------------

--------------------------------------------------------------------------------------------------------------------------------------
Phe TTT   1   1   1   1   1   1 | Ser TCT   1   1   1   1   1   1 | Tyr TAT   0   0   0   0   0   0 | Cys TGT   0   0   0   0   0   0
    TTC   1   1   1   1   1   1 |     TCC   0   0   0   0   0   0 |     TAC   0   0   0   0   0   0 |     TGC   0   0   0   0   0   0
Leu TTA   0   0   0   0   0   0 |     TCA   0   0   0   0   0   0 | *** TAA   0   0   0   0   0   0 | *** TGA   0   0   0   0   0   0
    TTG   1   1   1   1   1   1 |     TCG   0   0   0   0   0   0 |     TAG   0   0   0   0   0   0 | Trp TGG   1   1   1   1   1   1
--------------------------------------------------------------------------------------------------------------------------------------
Leu CTT   0   0   0   0   0   0 | Pro CCT   1   1   1   1   1   1 | His CAT   1   1   1   1   1   1 | Arg CGT   0   0   0   0   0   0
    CTC   0   0   0   0   0   0 |     CCC   0   0   0   0   0   0 |     CAC   0   0   0   0   0   0 |     CGC   0   0   0   0   0   0
    CTA   0   0   0   0   0   0 |     CCA   1   1   1   1   1   1 | Gln CAA   2   2   2   2   2   2 |     CGA   0   0   0   0   0   0
    CTG   1   1   1   1   1   1 |     CCG   0   0   0   0   0   0 |     CAG   0   0   0   0   0   0 |     CGG   0   0   0   0   0   0
--------------------------------------------------------------------------------------------------------------------------------------
Ile ATT   2   2   2   2   2   2 | Thr ACT   1   1   1   1   1   1 | Asn AAT   0   0   0   0   0   0 | Ser AGT   0   0   0   0   0   0
    ATC   2   2   2   2   2   2 |     ACC   0   0   0   0   0   0 |     AAC   0   0   0   0   0   0 |     AGC   0   0   0   0   0   0
    ATA   2   2   2   2   2   2 |     ACA   0   0   0   0   0   0 | Lys AAA   0   0   0   0   0   0 | Arg AGA   0   0   0   0   0   0
Met ATG   2   2   2   2   2   2 |     ACG   0   0   0   0   0   0 |     AAG   0   0   0   0   0   0 |     AGG   0   0   0   0   0   0
--------------------------------------------------------------------------------------------------------------------------------------
Val GTT   0   0   0   0   0   0 | Ala GCT   0   0   0   0   0   0 | Asp GAT   1   1   1   1   1   1 | Gly GGT   0   0   0   0   0   0
    GTC   0   0   0   0   0   0 |     GCC   0   0   0   0   0   0 |     GAC   0   0   0   0   0   0 |     GGC   0   0   0   0   0   0
    GTA   0   0   0   0   0   0 |     GCA   1   1   1   1   1   1 | Glu GAA   1   1   1   1   1   1 |     GGA   2   2   2   2   2   2
    GTG   3   3   3   3   3   3 |     GCG   0   0   0   0   0   0 |     GAG   0   0   0   0   0   0 |     GGG   0   0   0   0   0   0
--------------------------------------------------------------------------------------------------------------------------------------

--------------------------------------------------------------------------------------------------------------------------------------
Phe TTT   1   1   1   1   1   1 | Ser TCT   1   1   1   1   1   1 | Tyr TAT   0   0   0   0   0   0 | Cys TGT   0   0   0   0   0   0
    TTC   1   1   1   1   1   1 |     TCC   0   0   0   0   0   0 |     TAC   0   0   0   0   0   0 |     TGC   0   0   0   0   0   0
Leu TTA   0   0   0   0   0   0 |     TCA   0   0   0   0   0   0 | *** TAA   0   0   0   0   0   0 | *** TGA   0   0   0   0   0   0
    TTG   1   1   1   1   1   1 |     TCG   0   0   0   0   0   0 |     TAG   0   0   0   0   0   0 | Trp TGG   1   1   1   1   1   1
--------------------------------------------------------------------------------------------------------------------------------------
Leu CTT   0   0   0   0   0   0 | Pro CCT   1   1   1   1   1   1 | His CAT   1   1   1   1   1   1 | Arg CGT   0   0   0   0   0   0
    CTC   0   0   0   0   0   0 |     CCC   0   0   0   0   0   0 |     CAC   0   0   0   0   0   0 |     CGC   0   0   0   0   0   0
    CTA   0   0   0   0   0   0 |     CCA   1   1   1   1   1   1 | Gln CAA   1   2   2   2   2   2 |     CGA   0   0   0   0   0   0
    CTG   1   1   1   1   1   1 |     CCG   0   0   0   0   0   0 |     CAG   1   0   0   0   0   0 |     CGG   0   0   0   0   0   0
--------------------------------------------------------------------------------------------------------------------------------------
Ile ATT   2   2   2   2   2   2 | Thr ACT   1   1   1   1   1   1 | Asn AAT   0   0   0   0   0   0 | Ser AGT   0   0   0   0   0   0
    ATC   2   2   2   2   2   2 |     ACC   0   0   0   0   0   0 |     AAC   0   0   0   0   0   0 |     AGC   0   0   0   0   0   0
    ATA   2   2   2   2   2   2 |     ACA   0   0   0   0   0   0 | Lys AAA   0   0   0   0   0   0 | Arg AGA   0   0   0   0   0   0
Met ATG   2   2   2   2   2   2 |     ACG   0   0   0   0   0   0 |     AAG   0   0   0   0   0   0 |     AGG   0   0   0   0   0   0
--------------------------------------------------------------------------------------------------------------------------------------
Val GTT   0   0   0   0   0   0 | Ala GCT   0   0   0   0   0   0 | Asp GAT   1   1   1   1   1   1 | Gly GGT   0   0   0   0   0   0
    GTC   0   0   0   0   0   0 |     GCC   0   0   0   0   0   0 |     GAC   0   0   0   0   0   0 |     GGC   0   0   0   0   0   0
    GTA   0   0   0   0   0   0 |     GCA   1   1   1   1   1   1 | Glu GAA   1   1   1   1   1   1 |     GGA   2   2   2   2   2   2
    GTG   3   3   3   3   3   3 |     GCG   0   0   0   0   0   0 |     GAG   0   0   0   0   0   0 |     GGG   0   0   0   0   0   0
--------------------------------------------------------------------------------------------------------------------------------------

Codon position x base (3x4) table for each sequence.

#1: Argali         
position  1:    T:0.17857    C:0.21429    A:0.32143    G:0.28571
position  2:    T:0.53571    C:0.17857    A:0.17857    G:0.10714
position  3:    T:0.28571    C:0.10714    A:0.32143    G:0.28571
Average         T:0.33333    C:0.16667    A:0.27381    G:0.22619

#2: LesserMouseDeer
position  1:    T:0.17857    C:0.21429    A:0.32143    G:0.28571
position  2:    T:0.53571    C:0.17857    A:0.17857    G:0.10714
position  3:    T:0.25000    C:0.10714    A:0.28571    G:0.35714
Average         T:0.32143    C:0.16667    A:0.26190    G:0.25000

#3: LesserKudu     
position  1:    T:0.17857    C:0.21429    A:0.32143    G:0.28571
position  2:    T:0.53571    C:0.17857    A:0.17857    G:0.10714
position  3:    T:0.28571    C:0.10714    A:0.32143    G:0.28571
Average         T:0.33333    C:0.16667    A:0.27381    G:0.22619

#4: ForestMuskDeer2
position  1:    T:0.17857    C:0.21429    A:0.32143    G:0.28571
position  2:    T:0.53571    C:0.17857    A:0.17857    G:0.10714
position  3:    T:0.28571    C:0.10714    A:0.32143    G:0.28571
Average         T:0.33333    C:0.16667    A:0.27381    G:0.22619

#5: Camel          
position  1:    T:0.17857    C:0.21429    A:0.32143    G:0.28571
position  2:    T:0.53571    C:0.17857    A:0.17857    G:0.10714
position  3:    T:0.28571    C:0.10714    A:0.28571    G:0.32143
Average         T:0.33333    C:0.16667    A:0.26190    G:0.23810

#6: KillerWhale    
position  1:    T:0.17857    C:0.21429    A:0.32143    G:0.28571
position  2:    T:0.53571    C:0.17857    A:0.17857    G:0.10714
position  3:    T:0.28571    C:0.10714    A:0.32143    G:0.28571
Average         T:0.33333    C:0.16667    A:0.27381    G:0.22619

#7: DefassaWaterbuck
position  1:    T:0.17857    C:0.21429    A:0.32143    G:0.28571
position  2:    T:0.53571    C:0.17857    A:0.17857    G:0.10714
position  3:    T:0.28571    C:0.10714    A:0.32143    G:0.28571
Average         T:0.33333    C:0.16667    A:0.27381    G:0.22619

#8: Sheep          
position  1:    T:0.17857    C:0.21429    A:0.32143    G:0.28571
position  2:    T:0.53571    C:0.17857    A:0.17857    G:0.10714
position  3:    T:0.28571    C:0.10714    A:0.32143    G:0.28571
Average         T:0.33333    C:0.16667    A:0.27381    G:0.22619

#9: MaxwellsDuiker 
position  1:    T:0.17857    C:0.21429    A:0.32143    G:0.28571
position  2:    T:0.53571    C:0.17857    A:0.17857    G:0.10714
position  3:    T:0.28571    C:0.10714    A:0.32143    G:0.28571
Average         T:0.33333    C:0.16667    A:0.27381    G:0.22619

#10: GazellaPrzewalskyi
position  1:    T:0.17857    C:0.21429    A:0.32143    G:0.28571
position  2:    T:0.53571    C:0.17857    A:0.17857    G:0.10714
position  3:    T:0.28571    C:0.10714    A:0.32143    G:0.28571
Average         T:0.33333    C:0.16667    A:0.27381    G:0.22619

#11: MountainNyala  
position  1:    T:0.17857    C:0.21429    A:0.32143    G:0.28571
position  2:    T:0.53571    C:0.17857    A:0.17857    G:0.10714
position  3:    T:0.28571    C:0.10714    A:0.32143    G:0.28571
Average         T:0.33333    C:0.16667    A:0.27381    G:0.22619

#12: MuntiacusMuntjak
position  1:    T:0.17857    C:0.21429    A:0.32143    G:0.28571
position  2:    T:0.53571    C:0.17857    A:0.17857    G:0.10714
position  3:    T:0.28571    C:0.10714    A:0.32143    G:0.28571
Average         T:0.33333    C:0.16667    A:0.27381    G:0.22619

#13: goat           
position  1:    T:0.17857    C:0.21429    A:0.32143    G:0.28571
position  2:    T:0.53571    C:0.17857    A:0.17857    G:0.10714
position  3:    T:0.28571    C:0.10714    A:0.32143    G:0.28571
Average         T:0.33333    C:0.16667    A:0.27381    G:0.22619

#14: AfricanBuffalo 
position  1:    T:0.17857    C:0.21429    A:0.32143    G:0.28571
position  2:    T:0.53571    C:0.17857    A:0.17857    G:0.10714
position  3:    T:0.28571    C:0.10714    A:0.32143    G:0.28571
Average         T:0.33333    C:0.16667    A:0.27381    G:0.22619

#15: Topi           
position  1:    T:0.17857    C:0.21429    A:0.32143    G:0.28571
position  2:    T:0.53571    C:0.17857    A:0.17857    G:0.10714
position  3:    T:0.28571    C:0.10714    A:0.32143    G:0.28571
Average         T:0.33333    C:0.16667    A:0.27381    G:0.22619

#16: CommonDuiker   
position  1:    T:0.17857    C:0.21429    A:0.32143    G:0.28571
position  2:    T:0.53571    C:0.17857    A:0.17857    G:0.10714
position  3:    T:0.28571    C:0.10714    A:0.32143    G:0.28571
Average         T:0.33333    C:0.16667    A:0.27381    G:0.22619

#17: Suni           
position  1:    T:0.17857    C:0.21429    A:0.32143    G:0.28571
position  2:    T:0.53571    C:0.17857    A:0.17857    G:0.10714
position  3:    T:0.28571    C:0.10714    A:0.32143    G:0.28571
Average         T:0.33333    C:0.16667    A:0.27381    G:0.22619

#18: Springbuck     
position  1:    T:0.17857    C:0.21429    A:0.32143    G:0.28571
position  2:    T:0.53571    C:0.17857    A:0.17857    G:0.10714
position  3:    T:0.28571    C:0.10714    A:0.32143    G:0.28571
Average         T:0.33333    C:0.16667    A:0.27381    G:0.22619

#19: Okapi          
position  1:    T:0.17857    C:0.21429    A:0.32143    G:0.28571
position  2:    T:0.53571    C:0.17857    A:0.17857    G:0.10714
position  3:    T:0.28571    C:0.10714    A:0.32143    G:0.28571
Average         T:0.33333    C:0.16667    A:0.27381    G:0.22619

#20: Giraffe        
position  1:    T:0.17857    C:0.21429    A:0.32143    G:0.28571
position  2:    T:0.53571    C:0.17857    A:0.17857    G:0.10714
position  3:    T:0.28571    C:0.10714    A:0.32143    G:0.28571
Average         T:0.33333    C:0.16667    A:0.27381    G:0.22619

#21: TibetanAntelope
position  1:    T:0.17857    C:0.21429    A:0.32143    G:0.28571
position  2:    T:0.53571    C:0.17857    A:0.17857    G:0.10714
position  3:    T:0.28571    C:0.10714    A:0.32143    G:0.28571
Average         T:0.33333    C:0.16667    A:0.27381    G:0.22619

#22: Sitatunga      
position  1:    T:0.17857    C:0.21429    A:0.32143    G:0.28571
position  2:    T:0.53571    C:0.17857    A:0.17857    G:0.10714
position  3:    T:0.28571    C:0.10714    A:0.32143    G:0.28571
Average         T:0.33333    C:0.16667    A:0.27381    G:0.22619

#23: Oribi          
position  1:    T:0.17857    C:0.21429    A:0.32143    G:0.28571
position  2:    T:0.53571    C:0.17857    A:0.17857    G:0.10714
position  3:    T:0.28571    C:0.10714    A:0.32143    G:0.28571
Average         T:0.33333    C:0.16667    A:0.27381    G:0.22619

#24: BarbarySheep   
position  1:    T:0.17857    C:0.21429    A:0.32143    G:0.28571
position  2:    T:0.53571    C:0.17857    A:0.17857    G:0.10714
position  3:    T:0.28571    C:0.10714    A:0.32143    G:0.28571
Average         T:0.33333    C:0.16667    A:0.27381    G:0.22619

#25: Daviddeer      
position  1:    T:0.17857    C:0.21429    A:0.32143    G:0.28571
position  2:    T:0.53571    C:0.17857    A:0.17857    G:0.10714
position  3:    T:0.28571    C:0.10714    A:0.32143    G:0.28571
Average         T:0.33333    C:0.16667    A:0.27381    G:0.22619

#26: Reindeer       
position  1:    T:0.17857    C:0.21429    A:0.32143    G:0.28571
position  2:    T:0.53571    C:0.17857    A:0.17857    G:0.10714
position  3:    T:0.28571    C:0.10714    A:0.32143    G:0.28571
Average         T:0.33333    C:0.16667    A:0.27381    G:0.22619

#27: Ibex           
position  1:    T:0.17857    C:0.21429    A:0.32143    G:0.28571
position  2:    T:0.53571    C:0.17857    A:0.17857    G:0.10714
position  3:    T:0.28571    C:0.10714    A:0.32143    G:0.28571
Average         T:0.33333    C:0.16667    A:0.27381    G:0.22619

#28: GyrantGazelle  
position  1:    T:0.17857    C:0.21429    A:0.32143    G:0.28571
position  2:    T:0.53571    C:0.17857    A:0.17857    G:0.10714
position  3:    T:0.28571    C:0.10714    A:0.32143    G:0.28571
Average         T:0.33333    C:0.16667    A:0.27381    G:0.22619

#29: Hartebeest     
position  1:    T:0.17857    C:0.21429    A:0.32143    G:0.28571
position  2:    T:0.53571    C:0.17857    A:0.17857    G:0.10714
position  3:    T:0.28571    C:0.10714    A:0.32143    G:0.28571
Average         T:0.33333    C:0.16667    A:0.27381    G:0.22619

#30: Bongo          
position  1:    T:0.17857    C:0.21429    A:0.32143    G:0.28571
position  2:    T:0.53571    C:0.17857    A:0.17857    G:0.10714
position  3:    T:0.28571    C:0.10714    A:0.32143    G:0.28571
Average         T:0.33333    C:0.16667    A:0.27381    G:0.22619

#31: Gerenuk        
position  1:    T:0.17857    C:0.21429    A:0.32143    G:0.28571
position  2:    T:0.53571    C:0.17857    A:0.17857    G:0.10714
position  3:    T:0.28571    C:0.10714    A:0.32143    G:0.28571
Average         T:0.33333    C:0.16667    A:0.27381    G:0.22619

#32: CommonEland    
position  1:    T:0.17857    C:0.21429    A:0.32143    G:0.28571
position  2:    T:0.53571    C:0.17857    A:0.17857    G:0.10714
position  3:    T:0.28571    C:0.10714    A:0.32143    G:0.28571
Average         T:0.33333    C:0.16667    A:0.27381    G:0.22619

#33: MuntiacusReevesi
position  1:    T:0.17857    C:0.21429    A:0.32143    G:0.28571
position  2:    T:0.53571    C:0.17857    A:0.17857    G:0.10714
position  3:    T:0.28571    C:0.10714    A:0.32143    G:0.28571
Average         T:0.33333    C:0.16667    A:0.27381    G:0.22619

#34: HarveysDuiker  
position  1:    T:0.17857    C:0.21429    A:0.32143    G:0.28571
position  2:    T:0.53571    C:0.17857    A:0.17857    G:0.10714
position  3:    T:0.28571    C:0.10714    A:0.32143    G:0.28571
Average         T:0.33333    C:0.16667    A:0.27381    G:0.22619

#35: Pronghorn      
position  1:    T:0.17857    C:0.21429    A:0.32143    G:0.28571
position  2:    T:0.53571    C:0.17857    A:0.17857    G:0.10714
position  3:    T:0.28571    C:0.10714    A:0.28571    G:0.32143
Average         T:0.33333    C:0.16667    A:0.26190    G:0.23810

#36: BlueWildebeest 
position  1:    T:0.17857    C:0.21429    A:0.32143    G:0.28571
position  2:    T:0.53571    C:0.17857    A:0.17857    G:0.10714
position  3:    T:0.28571    C:0.10714    A:0.32143    G:0.28571
Average         T:0.33333    C:0.16667    A:0.27381    G:0.22619

#37: Gemsbok        
position  1:    T:0.17857    C:0.21429    A:0.32143    G:0.28571
position  2:    T:0.53571    C:0.17857    A:0.17857    G:0.10714
position  3:    T:0.28571    C:0.10714    A:0.32143    G:0.28571
Average         T:0.33333    C:0.16667    A:0.27381    G:0.22619

#38: Yak            
position  1:    T:0.17857    C:0.21429    A:0.32143    G:0.28571
position  2:    T:0.53571    C:0.17857    A:0.17857    G:0.10714
position  3:    T:0.28571    C:0.10714    A:0.32143    G:0.28571
Average         T:0.33333    C:0.16667    A:0.27381    G:0.22619

#39: BlueSheep      
position  1:    T:0.17857    C:0.21429    A:0.32143    G:0.28571
position  2:    T:0.53571    C:0.17857    A:0.17857    G:0.10714
position  3:    T:0.28571    C:0.10714    A:0.32143    G:0.28571
Average         T:0.33333    C:0.16667    A:0.27381    G:0.22619

#40: BohorReedbuck  
position  1:    T:0.17857    C:0.21429    A:0.32143    G:0.28571
position  2:    T:0.53571    C:0.17857    A:0.17857    G:0.10714
position  3:    T:0.28571    C:0.10714    A:0.32143    G:0.28571
Average         T:0.33333    C:0.16667    A:0.27381    G:0.22619

#41: KirksDik       
position  1:    T:0.17857    C:0.21429    A:0.32143    G:0.28571
position  2:    T:0.53571    C:0.17857    A:0.17857    G:0.10714
position  3:    T:0.28571    C:0.10714    A:0.32143    G:0.28571
Average         T:0.33333    C:0.16667    A:0.27381    G:0.22619

#42: RoeDeer        
position  1:    T:0.17857    C:0.21429    A:0.32143    G:0.28571
position  2:    T:0.53571    C:0.17857    A:0.17857    G:0.10714
position  3:    T:0.28571    C:0.10714    A:0.32143    G:0.28571
Average         T:0.33333    C:0.16667    A:0.27381    G:0.22619

#43: WhiteLippedDeer
position  1:    T:0.17857    C:0.21429    A:0.32143    G:0.28571
position  2:    T:0.53571    C:0.17857    A:0.17857    G:0.10714
position  3:    T:0.28571    C:0.10714    A:0.32143    G:0.28571
Average         T:0.33333    C:0.16667    A:0.27381    G:0.22619

#44: ThomsonGazelle 
position  1:    T:0.17857    C:0.21429    A:0.32143    G:0.28571
position  2:    T:0.53571    C:0.17857    A:0.17857    G:0.10714
position  3:    T:0.28571    C:0.10714    A:0.32143    G:0.28571
Average         T:0.33333    C:0.16667    A:0.27381    G:0.22619

#45: MuntiacusCrinifrons
position  1:    T:0.17857    C:0.21429    A:0.32143    G:0.28571
position  2:    T:0.53571    C:0.17857    A:0.17857    G:0.10714
position  3:    T:0.28571    C:0.10714    A:0.32143    G:0.28571
Average         T:0.33333    C:0.16667    A:0.27381    G:0.22619

#46: WhiteTailedDeer
position  1:    T:0.17857    C:0.21429    A:0.32143    G:0.28571
position  2:    T:0.53571    C:0.17857    A:0.17857    G:0.10714
position  3:    T:0.28571    C:0.10714    A:0.32143    G:0.28571
Average         T:0.33333    C:0.16667    A:0.27381    G:0.22619

#47: Cattle         
position  1:    T:0.17857    C:0.21429    A:0.32143    G:0.28571
position  2:    T:0.53571    C:0.17857    A:0.17857    G:0.10714
position  3:    T:0.28571    C:0.10714    A:0.32143    G:0.28571
Average         T:0.33333    C:0.16667    A:0.27381    G:0.22619

#48: RoyalAntelope  
position  1:    T:0.17857    C:0.21429    A:0.32143    G:0.28571
position  2:    T:0.53571    C:0.17857    A:0.17857    G:0.10714
position  3:    T:0.28571    C:0.10714    A:0.32143    G:0.28571
Average         T:0.33333    C:0.16667    A:0.27381    G:0.22619

#49: Steenbok       
position  1:    T:0.17857    C:0.21429    A:0.32143    G:0.28571
position  2:    T:0.53571    C:0.17857    A:0.17857    G:0.10714
position  3:    T:0.28571    C:0.10714    A:0.28571    G:0.32143
Average         T:0.33333    C:0.16667    A:0.26190    G:0.23810

#50: Impala         
position  1:    T:0.17857    C:0.21429    A:0.32143    G:0.28571
position  2:    T:0.53571    C:0.17857    A:0.17857    G:0.10714
position  3:    T:0.28571    C:0.10714    A:0.32143    G:0.28571
Average         T:0.33333    C:0.16667    A:0.27381    G:0.22619

#51: Klipspringer   
position  1:    T:0.17857    C:0.21429    A:0.32143    G:0.28571
position  2:    T:0.53571    C:0.17857    A:0.17857    G:0.10714
