1
52 1
Argali 0.000000 0.143000 0.070300 0.140800 0.098800 0.000000 0.042200 0.041500 0.070300 0.071200 0.041300 0.070600 0.056200 0.042000 0.055700 0.041600 0.083400 0.069100 0.055800 0.056200 0.070700 0.085000 0.070300 0.071100 0.041300 0.041900 0.056200 0.056200 0.070300 0.056200 0.056300 0.056400 0.056100 0.056200 0.041400 0.055400 0.027200 0.069400 0.114300 0.056200 0.070300 0.057000 0.056200 0.056200 0.055400 0.071900 0.041700 0.069900 0.056200 0.056000 0.056800 0.056300
LesserMous 0.143000 0.000000 0.159300 0.131300 0.172400 0.143100 0.127100 0.125800 0.158000 0.108700 0.194900 0.159800 0.155400 0.127500 0.140000 0.124900 0.121800 0.107400 0.140700 0.143600 0.160200 0.176400 0.124600 0.126000 0.194900 0.125000 0.155400 0.143600 0.158500 0.143600 0.108700 0.144200 0.125300 0.155400 0.124700 0.140200 0.176500 0.153100 0.172000 0.109200 0.124600 0.125700 0.109200 0.109200 0.140200 0.162900 0.125400 0.156600 0.141800 0.126400 0.144100 0.142700
LesserKudu 0.070300 0.159300 0.000000 0.157300 0.113500 0.070400 0.056500 0.055500 0.027300 0.085700 0.115400 0.055900 0.070600 0.056000 0.069900 0.055700 0.097800 0.083300 0.070000 0.013700 0.085200 0.099600 0.084700 0.085700 0.115400 0.056100 0.070600 0.013100 0.084700 0.013700 0.070700 0.070800 0.070400 0.070600 0.055500 0.041100 0.100300 0.083700 0.098900 0.070500 0.084700 0.071600 0.070500 0.070500 0.041100 0.086700 0.055800 0.069800 0.070500 0.070300 0.013800 0.013700
KillerWhal 0.140800 0.131300 0.157300 0.000000 0.169000 0.140500 0.092400 0.123500 0.156700 0.141800 0.193100 0.157400 0.141000 0.092600 0.139200 0.123300 0.152000 0.137500 0.139700 0.141700 0.157600 0.174300 0.139600 0.141600 0.193100 0.124200 0.141000 0.141700 0.156300 0.141700 0.124500 0.108600 0.123900 0.141000 0.122800 0.138400 0.174500 0.154000 0.219200 0.124200 0.139600 0.143100 0.124200 0.124200 0.138400 0.161700 0.123500 0.090000 0.140600 0.124200 0.142700 0.141200
DefassaWat 0.098800 0.172400 0.113500 0.169000 0.000000 0.098600 0.084700 0.054800 0.113000 0.084300 0.113900 0.113600 0.069300 0.084700 0.054600 0.083400 0.096300 0.082300 0.068900 0.099200 0.083800 0.098400 0.083400 0.084200 0.113900 0.055200 0.069300 0.099200 0.083300 0.099200 0.069500 0.099400 0.069200 0.069300 0.054600 0.097400 0.098500 0.026600 0.127500 0.069300 0.083400 0.070400 0.069300 0.069300 0.097400 0.100500 0.054900 0.082800 0.069300 0.069400 0.099800 0.098900
Sheep 0.000000 0.143100 0.070400 0.140500 0.098600 0.000000 0.042100 0.041500 0.070100 0.071000 0.041400 0.070500 0.068800 0.042100 0.055600 0.041500 0.083200 0.069200 0.055600 0.056300 0.070500 0.085200 0.070100 0.070900 0.041400 0.041800 0.068800 0.056300 0.070100 0.056300 0.056200 0.056500 0.056000 0.068800 0.041300 0.055200 0.027200 0.069200 0.114100 0.056000 0.070100 0.056900 0.056000 0.056000 0.055200 0.072000 0.041600 0.069700 0.056000 0.056000 0.056700 0.056100
MaxwellsDu 0.042200 0.127100 0.056500 0.092400 0.084700 0.042100 0.000000 0.027800 0.056400 0.057000 0.086600 0.056600 0.042300 0.028200 0.041800 0.027800 0.069600 0.055500 0.041900 0.042400 0.056700 0.071200 0.056300 0.057000 0.086600 0.028000 0.042300 0.042400 0.056300 0.042400 0.042300 0.042600 0.042200 0.042300 0.027700 0.041600 0.071200 0.055600 0.100000 0.042200 0.056300 0.042900 0.042200 0.042200 0.041600 0.057900 0.027800 0.056100 0.042200 0.042200 0.042700 0.042300
GazellaPrz 0.041500 0.125800 0.055500 0.123500 0.054800 0.041500 0.027800 0.000000 0.055600 0.056200 0.055700 0.055800 0.013600 0.026900 0.013500 0.027400 0.068600 0.054600 0.013500 0.041600 0.027500 0.041300 0.055500 0.056100 0.055700 0.000100 0.013600 0.041600 0.027300 0.041600 0.041700 0.039400 0.041600 0.013600 0.000000 0.041000 0.041300 0.027000 0.069300 0.041600 0.055500 0.013900 0.041600 0.041600 0.041000 0.042300 0.000000 0.027200 0.013600 0.041500 0.042100 0.041700
MountainNy 0.070300 0.158000 0.027300 0.156700 0.113000 0.070100 0.056400 0.055600 0.000000 0.085500 0.115400 0.055700 0.070400 0.056400 0.069700 0.055500 0.097400 0.083300 0.069800 0.013700 0.084900 0.099700 0.084400 0.085400 0.115400 0.055800 0.070400 0.013700 0.084400 0.013700 0.070500 0.070900 0.070200 0.070400 0.055300 0.013500 0.099700 0.083300 0.098400 0.070300 0.084400 0.071300 0.070300 0.070300 0.013500 0.086700 0.055600 0.069500 0.070200 0.070300 0.013700 0.013600
MuntiacusM 0.071200 0.108700 0.085700 0.141800 0.084300 0.071000 0.057000 0.056200 0.085500 0.000000 0.116900 0.085800 0.071200 0.057000 0.070500 0.056100 0.069200 0.055200 0.070600 0.071400 0.086000 0.101000 0.027300 0.027600 0.116900 0.056500 0.071200 0.071400 0.085400 0.071400 0.013700 0.071700 0.041900 0.071200 0.055900 0.070100 0.101000 0.084300 0.114500 0.013600 0.027300 0.042300 0.013600 0.013600 0.070100 0.087700 0.056200 0.085000 0.071100 0.041900 0.071900 0.071300
goat 0.041300 0.194900 0.115400 0.193100 0.113900 0.041400 0.086600 0.055700 0.115400 0.116900 0.000000 0.116000 0.070800 0.086200 0.070100 0.085200 0.128400 0.113400 0.070300 0.100900 0.085500 0.070000 0.115500 0.116800 0.000000 0.056300 0.070800 0.100900 0.085000 0.100900 0.101200 0.101200 0.100700 0.070800 0.055700 0.099400 0.013100 0.084000 0.129800 0.100900 0.115500 0.071900 0.100900 0.100900 0.099400 0.102400 0.056000 0.084600 0.070700 0.070600 0.102000 0.101000
AfricanBuf 0.070600 0.159800 0.055900 0.157400 0.113600 0.070500 0.056600 0.055800 0.055700 0.085800 0.116000 0.000000 0.070700 0.056600 0.070000 0.055700 0.097800 0.083700 0.070100 0.041900 0.085000 0.100100 0.084800 0.085700 0.116000 0.056100 0.070700 0.041900 0.084700 0.041900 0.070800 0.071200 0.070500 0.070700 0.055500 0.041100 0.100200 0.083800 0.099000 0.070600 0.084800 0.071700 0.070600 0.070600 0.041100 0.057200 0.055900 0.069800 0.070600 0.070600 0.042200 0.041800
Topi 0.056200 0.155400 0.070600 0.141000 0.069300 0.068800 0.042300 0.013600 0.070400 0.071200 0.070800 0.070700 0.000000 0.042300 0.027400 0.013700 0.083400 0.069400 0.027400 0.056500 0.041700 0.055900 0.070300 0.071100 0.070800 0.013600 0.000000 0.056500 0.013600 0.056500 0.056400 0.056700 0.056200 0.000000 0.013600 0.055400 0.056000 0.041000 0.084200 0.056200 0.070300 0.028000 0.056200 0.056200 0.055400 0.057400 0.013600 0.041200 0.027700 0.056200 0.056800 0.056300
CommonDuik 0.042000 0.127500 0.056000 0.092600 0.084700 0.042100 0.028200 0.026900 0.056400 0.057000 0.086200 0.056600 0.042300 0.000000 0.041800 0.027800 0.069500 0.055300 0.041900 0.042300 0.056600 0.070900 0.056300 0.056900 0.086200 0.028000 0.042300 0.042300 0.056300 0.042300 0.042300 0.013500 0.042200 0.042300 0.027700 0.041600 0.070900 0.055600 0.100000 0.042200 0.056300 0.042800 0.042200 0.042200 0.041600 0.057700 0.027800 0.027600 0.042200 0.042000 0.042700 0.042300
Suni 0.055700 0.140000 0.069900 0.139200 0.054600 0.055600 0.041800 0.013500 0.069700 0.070500 0.070100 0.070000 0.027400 0.041800 0.000000 0.041200 0.082700 0.068700 0.027100 0.055900 0.041300 0.055400 0.069700 0.070400 0.070100 0.013600 0.027400 0.055900 0.041000 0.055900 0.055800 0.056100 0.055600 0.027400 0.013500 0.054900 0.055400 0.040600 0.083400 0.055700 0.069700 0.027800 0.055700 0.055700 0.054900 0.056700 0.013500 0.040900 0.027300 0.055600 0.056200 0.055700
Springbuck 0.041600 0.124900 0.055700 0.123300 0.083400 0.041500 0.027800 0.027400 0.055500 0.056100 0.085200 0.055700 0.013700 0.027800 0.041200 0.000000 0.068500 0.054700 0.041200 0.041800 0.055800 0.070100 0.055400 0.056000 0.085200 0.027500 0.013700 0.041800 0.027300 0.041800 0.041700 0.041900 0.041500 0.013700 0.027200 0.041000 0.070200 0.054700 0.098400 0.041600 0.055400 0.042200 0.041600 0.041600 0.041000 0.056900 0.027400 0.055200 0.041600 0.041600 0.042000 0.041600
Okapi 0.083400 0.121800 0.097800 0.152000 0.096300 0.083200 0.069600 0.068600 0.097400 0.069200 0.128400 0.097800 0.083400 0.069500 0.082700 0.068500 0.000000 0.013100 0.082800 0.083700 0.097900 0.112700 0.068400 0.069100 0.128400 0.069100 0.083400 0.083700 0.097400 0.083700 0.054800 0.084000 0.054600 0.083400 0.068300 0.082200 0.112700 0.096300 0.141700 0.054600 0.068400 0.084600 0.054600 0.054600 0.082200 0.099800 0.068700 0.096800 0.083300 0.054700 0.084200 0.083500
Giraffe 0.069100 0.107400 0.083300 0.137500 0.082300 0.069200 0.055500 0.054600 0.083300 0.055200 0.113400 0.083700 0.069400 0.055300 0.068700 0.054700 0.013100 0.000000 0.068800 0.069300 0.083700 0.097900 0.054600 0.055200 0.113400 0.055100 0.069400 0.069300 0.083300 0.069300 0.041000 0.069600 0.040900 0.069400 0.054500 0.068400 0.098000 0.082300 0.127100 0.040900 0.054600 0.070400 0.040900 0.040900 0.068400 0.085000 0.054800 0.082800 0.069300 0.040800 0.070100 0.069400
TibetanAnt 0.055800 0.140700 0.070000 0.139700 0.068900 0.055600 0.041900 0.013500 0.069800 0.070600 0.070300 0.070100 0.027400 0.041900 0.027100 0.041200 0.082800 0.068800 0.000000 0.056000 0.041400 0.055500 0.069800 0.070500 0.070300 0.013600 0.027400 0.056000 0.041100 0.056000 0.055900 0.056200 0.055700 0.027400 0.013500 0.055000 0.055600 0.040700 0.083600 0.055800 0.069800 0.027800 0.055800 0.055800 0.055000 0.056900 0.013500 0.041000 0.027400 0.055800 0.056400 0.055900
Sitatunga 0.056200 0.143600 0.013700 0.141700 0.099200 0.056300 0.042400 0.041600 0.013700 0.071400 0.100900 0.041900 0.056500 0.042300 0.055900 0.041800 0.083700 0.069300 0.056000 0.000000 0.071000 0.085300 0.070500 0.071400 0.100900 0.042100 0.056500 0.000000 0.070500 0.000000 0.056600 0.056700 0.056300 0.056500 0.041600 0.027400 0.085400 0.069700 0.084600 0.056400 0.070500 0.057300 0.056400 0.056400 0.027400 0.072200 0.041800 0.055800 0.056400 0.056200 0.000000 0.000000
Oribi 0.070700 0.160200 0.085200 0.157600 0.083800 0.070500 0.056700 0.027500 0.084900 0.086000 0.085500 0.085000 0.041700 0.056600 0.041300 0.055800 0.097900 0.083700 0.041400 0.071000 0.000000 0.070400 0.084900 0.085900 0.085500 0.027600 0.041700 0.071000 0.055600 0.071000 0.070700 0.071200 0.070600 0.041700 0.027300 0.069700 0.070400 0.054900 0.099000 0.070700 0.084900 0.042300 0.070700 0.070700 0.069700 0.072100 0.027500 0.055400 0.041700 0.070700 0.071500 0.070800
BarbaryShe 0.085000 0.176400 0.099600 0.174300 0.098400 0.085200 0.071200 0.041300 0.099700 0.101000 0.070000 0.100100 0.055900 0.070900 0.055400 0.070100 0.112700 0.097900 0.055500 0.085300 0.070400 0.000000 0.099700 0.100900 0.070000 0.041600 0.055900 0.085300 0.069900 0.085300 0.085600 0.085600 0.085200 0.055900 0.041200 0.083900 0.055300 0.069100 0.082700 0.085400 0.099700 0.056700 0.085400 0.085400 0.083900 0.086600 0.041500 0.069600 0.055800 0.085000 0.086200 0.085500
Daviddeer 0.070300 0.124600 0.084700 0.139600 0.083400 0.070100 0.056300 0.055500 0.084400 0.027300 0.115500 0.084800 0.070300 0.056300 0.069700 0.055400 0.068400 0.054600 0.069800 0.070500 0.084900 0.099700 0.000000 0.027200 0.115500 0.055800 0.070300 0.070500 0.084400 0.070500 0.013500 0.056300 0.041400 0.070300 0.055200 0.069300 0.099700 0.083400 0.113200 0.013000 0.000000 0.071300 0.012900 0.013000 0.069300 0.086600 0.055600 0.083900 0.070200 0.041400 0.071000 0.070400
Reindeer 0.071100 0.126000 0.085700 0.141600 0.084200 0.070900 0.057000 0.056100 0.085400 0.027600 0.116800 0.085700 0.071100 0.056900 0.070400 0.056000 0.069100 0.055200 0.070500 0.071400 0.085900 0.100900 0.027200 0.000000 0.116800 0.056500 0.071100 0.071400 0.085300 0.071400 0.013700 0.071600 0.041900 0.071100 0.055900 0.070000 0.100900 0.084300 0.114400 0.013600 0.027200 0.072100 0.013600 0.013600 0.070000 0.087600 0.056200 0.084900 0.071000 0.041900 0.071800 0.071200
Ibex 0.041300 0.194900 0.115400 0.193100 0.113900 0.041400 0.086600 0.055700 0.115400 0.116900 0.000000 0.116000 0.070800 0.086200 0.070100 0.085200 0.128400 0.113400 0.070300 0.100900 0.085500 0.070000 0.115500 0.116800 0.000000 0.056300 0.070800 0.100900 0.085000 0.100900 0.101200 0.101200 0.100700 0.070800 0.055700 0.099400 0.013100 0.084000 0.129800 0.100900 0.115500 0.071900 0.100900 0.100900 0.099400 0.102400 0.056000 0.084600 0.070700 0.070600 0.102000 0.101000
GyrantGaze 0.041900 0.125000 0.056100 0.124200 0.055200 0.041800 0.028000 0.000100 0.055800 0.056500 0.056300 0.056100 0.013600 0.028000 0.013600 0.027500 0.069100 0.055100 0.013600 0.042100 0.027600 0.041600 0.055800 0.056500 0.056300 0.000000 0.013600 0.042100 0.027400 0.042100 0.042000 0.042200 0.041800 0.013600 0.000200 0.041200 0.041700 0.027100 0.069800 0.041800 0.055800 0.013500 0.041800 0.041800 0.041200 0.042700 0.000200 0.034300 0.000200 0.041900 0.042300 0.042000
Hartebeest 0.056200 0.155400 0.070600 0.141000 0.069300 0.068800 0.042300 0.013600 0.070400 0.071200 0.070800 0.070700 0.000000 0.042300 0.027400 0.013700 0.083400 0.069400 0.027400 0.056500 0.041700 0.055900 0.070300 0.071100 0.070800 0.013600 0.000000 0.056500 0.013600 0.056500 0.056400 0.056700 0.056200 0.000000 0.013600 0.055400 0.056000 0.041000 0.084200 0.056200 0.070300 0.028000 0.056200 0.056200 0.055400 0.057400 0.013600 0.041200 0.027700 0.056200 0.056800 0.056300
Bongo 0.056200 0.143600 0.013100 0.141700 0.099200 0.056300 0.042400 0.041600 0.013700 0.071400 0.100900 0.041900 0.056500 0.042300 0.055900 0.041800 0.083700 0.069300 0.056000 0.000000 0.071000 0.085300 0.070500 0.071400 0.100900 0.042100 0.056500 0.000000 0.070500 0.000000 0.056600 0.056700 0.056300 0.056500 0.041600 0.027400 0.085400 0.069700 0.084600 0.056400 0.070500 0.057300 0.056400 0.056400 0.027400 0.072200 0.041800 0.055800 0.056400 0.056200 0.000000 0.000000
Gerenuk 0.070300 0.158500 0.084700 0.156300 0.083300 0.070100 0.056300 0.027300 0.084400 0.085400 0.085000 0.084700 0.013600 0.056300 0.041000 0.027300 0.097400 0.083300 0.041100 0.070500 0.055600 0.069900 0.084400 0.085300 0.085000 0.027400 0.013600 0.070500 0.000000 0.070500 0.070400 0.070800 0.070100 0.013600 0.027200 0.069200 0.070000 0.054700 0.098400 0.070200 0.084400 0.042000 0.070200 0.070200 0.069200 0.071600 0.027300 0.055000 0.041500 0.070200 0.071000 0.070400
CommonElan 0.056200 0.143600 0.013700 0.141700 0.099200 0.056300 0.042400 0.041600 0.013700 0.071400 0.100900 0.041900 0.056500 0.042300 0.055900 0.041800 0.083700 0.069300 0.056000 0.000000 0.071000 0.085300 0.070500 0.071400 0.100900 0.042100 0.056500 0.000000 0.070500 0.000000 0.056600 0.056700 0.056300 0.056500 0.041600 0.027400 0.085400 0.069700 0.084600 0.056400 0.070500 0.057300 0.056400 0.056400 0.027400 0.072200 0.041800 0.055800 0.056400 0.056200 0.000000 0.000000
MuntiacusR 0.056300 0.108700 0.070700 0.124500 0.069500 0.056200 0.042300 0.041700 0.070500 0.013700 0.101200 0.070800 0.056400 0.042300 0.055800 0.041700 0.054800 0.041000 0.055900 0.056600 0.070700 0.085600 0.013500 0.013700 0.101200 0.042000 0.056400 0.056600 0.070400 0.056600 0.000000 0.056700 0.027700 0.056400 0.041500 0.055500 0.085600 0.069600 0.099100 0.000100 0.013500 0.057200 0.000100 0.000100 0.055500 0.072300 0.041800 0.070100 0.056300 0.027700 0.056900 0.056400
HarveysDui 0.056400 0.144200 0.070800 0.108600 0.099400 0.056500 0.042600 0.039400 0.070900 0.071700 0.101200 0.071200 0.056700 0.013500 0.056100 0.041900 0.084000 0.069600 0.056200 0.056700 0.071200 0.085600 0.056300 0.071600 0.101200 0.042200 0.056700 0.056700 0.070800 0.056700 0.056700 0.000000 0.056500 0.056700 0.041700 0.055800 0.085600 0.069900 0.115100 0.056600 0.056300 0.057500 0.056600 0.056600 0.055800 0.072500 0.042000 0.041600 0.056600 0.056400 0.057300 0.056700
Pronghorn 0.056100 0.125300 0.070400 0.123900 0.069200 0.056000 0.042200 0.041600 0.070200 0.041900 0.100700 0.070500 0.056200 0.042200 0.055600 0.041500 0.054600 0.040900 0.055700 0.056300 0.070600 0.085200 0.041400 0.041900 0.100700 0.041800 0.056200 0.056300 0.070100 0.056300 0.027700 0.056500 0.000000 0.056200 0.041300 0.055300 0.085200 0.069300 0.114100 0.027600 0.041400 0.056900 0.027600 0.027600 0.055300 0.072000 0.041600 0.069800 0.056100 0.027600 0.056700 0.056200
BlueWildeb 0.056200 0.155400 0.070600 0.141000 0.069300 0.068800 0.042300 0.013600 0.070400 0.071200 0.070800 0.070700 0.000000 0.042300 0.027400 0.013700 0.083400 0.069400 0.027400 0.056500 0.041700 0.055900 0.070300 0.071100 0.070800 0.013600 0.000000 0.056500 0.013600 0.056500 0.056400 0.056700 0.056200 0.000000 0.013600 0.055400 0.056000 0.041000 0.084200 0.056200 0.070300 0.028000 0.056200 0.056200 0.055400 0.057400 0.013600 0.041200 0.027700 0.056200 0.056800 0.056300
Gemsbok 0.041400 0.124700 0.055500 0.122800 0.054600 0.041300 0.027700 0.000000 0.055300 0.055900 0.055700 0.055500 0.013600 0.027700 0.013500 0.027200 0.068300 0.054500 0.013500 0.041600 0.027300 0.041200 0.055200 0.055900 0.055700 0.000200 0.013600 0.041600 0.027200 0.041600 0.041500 0.041700 0.041300 0.013600 0.000000 0.040800 0.041200 0.026900 0.069000 0.041400 0.055200 0.013800 0.041400 0.041400 0.040800 0.042200 0.000100 0.027000 0.013600 0.041400 0.041900 0.041500
Yak 0.055400 0.140200 0.041100 0.138400 0.097400 0.055200 0.041600 0.041000 0.013500 0.070100 0.099400 0.041100 0.055400 0.041600 0.054900 0.041000 0.082200 0.068400 0.055000 0.027400 0.069700 0.083900 0.069300 0.070000 0.099400 0.041200 0.055400 0.027400 0.069200 0.027400 0.055500 0.055800 0.055300 0.055400 0.040800 0.000000 0.084200 0.068400 0.083100 0.055400 0.069300 0.056200 0.055400 0.055400 0.000000 0.071100 0.041100 0.054800 0.055300 0.055400 0.027600 0.027300
BlueSheep 0.027200 0.176500 0.100300 0.174500 0.098500 0.027200 0.071200 0.041300 0.099700 0.101000 0.013100 0.100200 0.056000 0.070900 0.055400 0.070200 0.112700 0.098000 0.055600 0.085400 0.070400 0.055300 0.099700 0.100900 0.013100 0.041700 0.056000 0.085400 0.070000 0.085400 0.085600 0.085600 0.085200 0.056000 0.041200 0.084200 0.000000 0.069100 0.113900 0.085400 0.099700 0.056800 0.085400 0.085400 0.084200 0.086700 0.041500 0.069600 0.055900 0.085000 0.086300 0.085500
BohorReedb 0.069400 0.153100 0.083700 0.154000 0.026600 0.069200 0.055600 0.027000 0.083300 0.084300 0.084000 0.083800 0.041000 0.055600 0.040600 0.054700 0.096300 0.082300 0.040700 0.069700 0.054900 0.069100 0.083400 0.084300 0.084000 0.027100 0.041000 0.069700 0.054700 0.069700 0.069600 0.069900 0.069300 0.041000 0.026900 0.068400 0.069100 0.000000 0.097300 0.069400 0.083400 0.041600 0.069400 0.069400 0.068400 0.070600 0.027000 0.054300 0.041000 0.069400 0.070100 0.069500
KirksDik 0.114300 0.172000 0.098900 0.219200 0.127500 0.114100 0.100000 0.069300 0.098400 0.114500 0.129800 0.099000 0.084200 0.100000 0.083400 0.098400 0.141700 0.127100 0.083600 0.084600 0.099000 0.082700 0.113200 0.114400 0.129800 0.069800 0.084200 0.084600 0.098400 0.084600 0.099100 0.115100 0.114100 0.084200 0.069000 0.083100 0.113900 0.097300 0.000000 0.098800 0.113200 0.085500 0.098800 0.098800 0.083100 0.116300 0.069400 0.083300 0.084200 0.114300 0.085200 0.084400
RoeDeer 0.056200 0.109200 0.070500 0.124200 0.069300 0.056000 0.042200 0.041600 0.070300 0.013600 0.100900 0.070600 0.056200 0.042200 0.055700 0.041600 0.054600 0.040900 0.055800 0.056400 0.070700 0.085400 0.013000 0.013600 0.100900 0.041800 0.056200 0.056400 0.070200 0.056400 0.000100 0.056600 0.027600 0.056200 0.041400 0.055400 0.085400 0.069400 0.098800 0.000000 0.013500 0.057000 0.000000 0.000000 0.055400 0.072100 0.041600 0.069900 0.056100 0.027600 0.056800 0.056300
WhiteLippe 0.070300 0.124600 0.084700 0.139600 0.083400 0.070100 0.056300 0.055500 0.084400 0.027300 0.115500 0.084800 0.070300 0.056300 0.069700 0.055400 0.068400 0.054600 0.069800 0.070500 0.084900 0.099700 0.000000 0.027200 0.115500 0.055800 0.070300 0.070500 0.084400 0.070500 0.013500 0.056300 0.041400 0.070300 0.055200 0.069300 0.099700 0.083400 0.113200 0.013500 0.000000 0.071300 0.013500 0.013500 0.069300 0.086600 0.055600 0.083900 0.070200 0.041400 0.071000 0.070400
ThomsonGaz 0.057000 0.125700 0.071600 0.143100 0.070400 0.056900 0.042900 0.013900 0.071300 0.042300 0.071900 0.071700 0.028000 0.042800 0.027800 0.042200 0.084600 0.070400 0.027800 0.057300 0.042300 0.056700 0.071300 0.072100 0.071900 0.013500 0.028000 0.057300 0.042000 0.057300 0.057200 0.057500 0.056900 0.028000 0.013800 0.056200 0.056800 0.041600 0.085500 0.057000 0.071300 0.000000 0.057000 0.057000 0.056200 0.058200 0.013900 0.050500 0.013900 0.057000 0.057700 0.057100
MuntiacusC 0.056200 0.109200 0.070500 0.124200 0.069300 0.056000 0.042200 0.041600 0.070300 0.013600 0.100900 0.070600 0.056200 0.042200 0.055700 0.041600 0.054600 0.040900 0.055800 0.056400 0.070700 0.085400 0.012900 0.013600 0.100900 0.041800 0.056200 0.056400 0.070200 0.056400 0.000100 0.056600 0.027600 0.056200 0.041400 0.055400 0.085400 0.069400 0.098800 0.000000 0.013500 0.057000 0.000000 0.000000 0.055400 0.072100 0.041600 0.069900 0.056100 0.027600 0.056800 0.056300
WhiteTaile 0.056200 0.109200 0.070500 0.124200 0.069300 0.056000 0.042200 0.041600 0.070300 0.013600 0.100900 0.070600 0.056200 0.042200 0.055700 0.041600 0.054600 0.040900 0.055800 0.056400 0.070700 0.085400 0.013000 0.013600 0.100900 0.041800 0.056200 0.056400 0.070200 0.056400 0.000100 0.056600 0.027600 0.056200 0.041400 0.055400 0.085400 0.069400 0.098800 0.000000 0.013500 0.057000 0.000000 0.000000 0.055400 0.072100 0.041600 0.069900 0.056100 0.027600 0.056800 0.056300
Cattle 0.055400 0.140200 0.041100 0.138400 0.097400 0.055200 0.041600 0.041000 0.013500 0.070100 0.099400 0.041100 0.055400 0.041600 0.054900 0.041000 0.082200 0.068400 0.055000 0.027400 0.069700 0.083900 0.069300 0.070000 0.099400 0.041200 0.055400 0.027400 0.069200 0.027400 0.055500 0.055800 0.055300 0.055400 0.040800 0.000000 0.084200 0.068400 0.083100 0.055400 0.069300 0.056200 0.055400 0.055400 0.000000 0.071100 0.041100 0.054800 0.055300 0.055400 0.027600 0.027300
RoyalAntel 0.071900 0.162900 0.086700 0.161700 0.100500 0.072000 0.057900 0.042300 0.086700 0.087700 0.102400 0.057200 0.057400 0.057700 0.056700 0.056900 0.099800 0.085000 0.056900 0.072200 0.072100 0.086600 0.086600 0.087600 0.102400 0.042700 0.057400 0.072200 0.071600 0.072200 0.072300 0.072500 0.072000 0.057400 0.042200 0.071100 0.086700 0.070600 0.116300 0.072100 0.086600 0.058200 0.072100 0.072100 0.071100 0.000000 0.042500 0.071300 0.057300 0.071900 0.073000 0.072300
Steenbok 0.041700 0.125400 0.055800 0.123500 0.054900 0.041600 0.027800 0.000000 0.055600 0.056200 0.056000 0.055900 0.013600 0.027800 0.013500 0.027400 0.068700 0.054800 0.013500 0.041800 0.027500 0.041500 0.055600 0.056200 0.056000 0.000200 0.013600 0.041800 0.027300 0.041800 0.041800 0.042000 0.041600 0.013600 0.000100 0.041100 0.041500 0.027000 0.069400 0.041600 0.055600 0.013900 0.041600 0.041600 0.041100 0.042500 0.000000 0.027200 0.013600 0.041700 0.042100 0.041700
Impala 0.069900 0.156600 0.069800 0.090000 0.082800 0.069700 0.056100 0.027200 0.069500 0.085000 0.084600 0.069800 0.041200 0.027600 0.040900 0.055200 0.096800 0.082800 0.041000 0.055800 0.055400 0.069600 0.083900 0.084900 0.084600 0.034300 0.041200 0.055800 0.055000 0.055800 0.070100 0.041600 0.069800 0.041200 0.027000 0.054800 0.069600 0.054300 0.083300 0.069900 0.083900 0.050500 0.069900 0.069900 0.054800 0.071300 0.027200 0.000000 0.041200 0.069900 0.056200 0.055700
Klipspring 0.056200 0.141800 0.070500 0.140600 0.069300 0.056000 0.042200 0.013600 0.070200 0.071100 0.070700 0.070600 0.027700 0.042200 0.027300 0.041600 0.083300 0.069300 0.027400 0.056400 0.041700 0.055800 0.070200 0.071000 0.070700 0.000200 0.027700 0.056400 0.041500 0.056400 0.056300 0.056600 0.056100 0.027700 0.013600 0.055300 0.055900 0.041000 0.084200 0.056100 0.070200 0.013900 0.056100 0.056100 0.055300 0.057300 0.013600 0.041200 0.000000 0.056200 0.056800 0.056300
ForestMusk 0.056000 0.126400 0.070300 0.124200 0.069400 0.056000 0.042200 0.041500 0.070300 0.041900 0.070600 0.070600 0.056200 0.042000 0.055600 0.041600 0.054700 0.040800 0.055800 0.056200 0.070700 0.085000 0.041400 0.041900 0.070600 0.041900 0.056200 0.056200 0.070200 0.056200 0.027700 0.056400 0.027600 0.056200 0.041400 0.055400 0.085000 0.069400 0.114300 0.027600 0.041400 0.057000 0.027600 0.027600 0.055400 0.071900 0.041700 0.069900 0.056200 0.000000 0.056800 0.056300
Bushbuck 0.056800 0.144100 0.013800 0.142700 0.099800 0.056700 0.042700 0.042100 0.013700 0.071900 0.102000 0.042200 0.056800 0.042700 0.056200 0.042000 0.084200 0.070100 0.056400 0.000000 0.071500 0.086200 0.071000 0.071800 0.102000 0.042300 0.056800 0.000000 0.071000 0.000000 0.056900 0.057300 0.056700 0.056800 0.041900 0.027600 0.086300 0.070100 0.085200 0.056800 0.071000 0.057700 0.056800 0.056800 0.027600 0.073000 0.042100 0.056200 0.056800 0.056800 0.000000 0.000100
GreaterKud 0.056300 0.142700 0.013700 0.141200 0.098900 0.056100 0.042300 0.041700 0.013600 0.071300 0.101000 0.041800 0.056300 0.042300 0.055700 0.041600 0.083500 0.069400 0.055900 0.000000 0.070800 0.085500 0.070400 0.071200 0.101000 0.042000 0.056300 0.000000 0.070400 0.000000 0.056400 0.056700 0.056200 0.056300 0.041500 0.027300 0.085500 0.069500 0.084400 0.056300 0.070400 0.057100 0.056300 0.056300 0.027300 0.072300 0.041700 0.055700 0.056300 0.056300 0.000100 0.000000
