CODONML (in paml version 4.10.7, June 2023)  /home/rachel/ruminants_paml/6406-phy-tree/ENSBTAT00000000119.fasta.phy
Model: free dN/dS Ratios for branches,  kappa = 2.000 fixed

Codon frequency model: F3x4
ns =  54  ls = 159

Codon usage in sequences
--------------------------------------------------------------------------------------------------------------------------------------
Phe TTT   3   3   2   2   2   2 | Ser TCT   3   3   3   3   4   3 | Tyr TAT   2   3   2   3   2   2 | Cys TGT   1   1   1   1   1   1
    TTC   1   1   2   2   2   2 |     TCC   1   0   1   1   1   2 |     TAC   2   1   2   1   2   2 |     TGC   2   2   2   2   2   2
Leu TTA   1   2   1   1   1   1 |     TCA   1   1   1   2   1   1 | *** TAA   0   0   0   0   0   0 | *** TGA   0   0   0   0   0   0
    TTG   4   3   4   4   4   4 |     TCG   0   1   0   0   1   0 |     TAG   0   0   0   0   0   0 | Trp TGG   0   0   0   0   0   0
--------------------------------------------------------------------------------------------------------------------------------------
Leu CTT   1   1   1   1   1   1 | Pro CCT   1   1   1   1   1   2 | His CAT   3   3   3   3   2   3 | Arg CGT   0   0   0   0   0   0
    CTC   3   4   3   3   2   2 |     CCC   3   3   3   3   4   3 |     CAC   1   1   1   1   2   1 |     CGC   0   0   0   0   0   0
    CTA   2   1   2   2   2   1 |     CCA   6   6   6   6   6   6 | Gln CAA   3   3   3   3   3   3 |     CGA   3   3   3   3   3   3
    CTG   1   1   1   1   2   3 |     CCG   2   2   2   1   1   1 |     CAG   5   5   5   5   5   5 |     CGG   1   1   1   1   1   1
--------------------------------------------------------------------------------------------------------------------------------------
Ile ATT   4   4   4   4   4   4 | Thr ACT   2   3   2   2   3   2 | Asn AAT   4   2   4   4   4   3 | Ser AGT   3   1   1   2   2   1
    ATC   2   2   2   2   2   2 |     ACC   3   3   3   3   0   3 |     AAC   0   2   0   0   0   1 |     AGC   2   4   4   3   2   3
    ATA   0   0   0   0   0   0 |     ACA   3   1   3   3   3   1 | Lys AAA   6   6   6   6   6   6 | Arg AGA   2   2   2   2   2   2
Met ATG   5   5   5   5   5   5 |     ACG   0   1   0   0   0   1 |     AAG   7   7   7   7   7   7 |     AGG   0   0   0   0   0   0
--------------------------------------------------------------------------------------------------------------------------------------
Val GTT   3   2   3   3   2   3 | Ala GCT  11  10  13  13  13  14 | Asp GAT   2   2   3   3   3   3 | Gly GGT   3   2   2   3   5   5
    GTC   3   4   3   3   3   3 |     GCC   7   9   5   6   8   6 |     GAC   1   1   0   0   0   0 |     GGC   5   6   6   5   5   4
    GTA   1   1   2   1   2   1 |     GCA   2   2   2   2   1   1 | Glu GAA   5   6   5   5   5   5 |     GGA   4   3   2   3   2   3
    GTG   4   4   3   4   4   4 |     GCG   2   1   2   1   0   1 |     GAG   4   3   4   4   4   4 |     GGG   3   4   5   4   4   4
--------------------------------------------------------------------------------------------------------------------------------------

--------------------------------------------------------------------------------------------------------------------------------------
Phe TTT   2   3   2   2   2   2 | Ser TCT   3   3   3   3   3   3 | Tyr TAT   2   2   1   2   2   2 | Cys TGT   1   1   1   1   1   1
    TTC   2   1   2   2   2   2 |     TCC   1   1   1   1   1   1 |     TAC   2   2   3   2   2   2 |     TGC   2   2   2   2   2   2
Leu TTA   1   1   1   0   1   1 |     TCA   1   1   1   1   1   1 | *** TAA   0   0   0   0   0   0 | *** TGA   0   0   0   0   0   0
    TTG   4   4   4   4   4   4 |     TCG   0   0   0   0   0   0 |     TAG   0   0   0   0   0   0 | Trp TGG   0   0   0   0   0   0
--------------------------------------------------------------------------------------------------------------------------------------
Leu CTT   1   1   1   1   1   1 | Pro CCT   1   1   1   1   1   1 | His CAT   3   3   3   3   3   3 | Arg CGT   0   0   0   0   0   0
    CTC   3   3   3   3   3   3 |     CCC   3   3   3   3   3   3 |     CAC   1   1   1   1   1   1 |     CGC   0   0   0   0   0   0
    CTA   2   2   2   3   2   2 |     CCA   7   6   6   4   6   6 | Gln CAA   3   3   3   3   3   3 |     CGA   3   3   3   3   3   3
    CTG   1   1   1   1   1   1 |     CCG   1   2   2   4   2   2 |     CAG   5   5   6   5   5   5 |     CGG   1   1   0   1   1   1
--------------------------------------------------------------------------------------------------------------------------------------
Ile ATT   4   4   5   4   4   4 | Thr ACT   2   2   2   2   2   2 | Asn AAT   4   4   4   4   4   4 | Ser AGT   2   3   1   2   1   2
    ATC   2   2   1   2   2   2 |     ACC   3   3   3   3   3   3 |     AAC   0   0   0   0   0   0 |     AGC   3   2   4   3   4   3
    ATA   0   0   0   0   0   0 |     ACA   3   3   3   3   3   3 | Lys AAA   6   6   6   6   6   7 | Arg AGA   2   2   2   2   2   2
Met ATG   5   5   5   5   5   5 |     ACG   0   0   0   0   0   0 |     AAG   7   7   7   7   7   6 |     AGG   0   0   0   0   0   0
--------------------------------------------------------------------------------------------------------------------------------------
Val GTT   3   3   3   3   3   3 | Ala GCT  12  10  12  13  12  14 | Asp GAT   3   2   3   3   3   3 | Gly GGT   2   3   2   3   2   2
    GTC   2   3   3   3   3   3 |     GCC   7   8   6   6   6   5 |     GAC   0   1   0   0   0   0 |     GGC   4   5   5   5   6   6
    GTA   1   1   1   1   1   1 |     GCA   2   2   2   2   2   2 | Glu GAA   5   5   5   5   5   4 |     GGA   3   4   3   3   2   3
    GTG   5   4   4   4   4   4 |     GCG   3   2   2   1   2   1 |     GAG   4   4   4   4   4   5 |     GGG   4   3   5   4   5   4
--------------------------------------------------------------------------------------------------------------------------------------

--------------------------------------------------------------------------------------------------------------------------------------
Phe TTT   2   2   2   2   3   3 | Ser TCT   3   3   3   3   3   3 | Tyr TAT   2   2   2   2   2   2 | Cys TGT   1   1   1   1   0   1
    TTC   2   2   2   2   1   1 |     TCC   1   1   1   1   1   1 |     TAC   2   2   2   2   2   2 |     TGC   2   2   2   2   3   2
Leu TTA   1   1   1   1   1   0 |     TCA   1   1   1   1   1   1 | *** TAA   0   0   0   0   0   0 | *** TGA   0   0   0   0   0   0
    TTG   4   4   4   4   4   4 |     TCG   0   0   0   0   0   0 |     TAG   0   0   0   0   0   0 | Trp TGG   0   0   0   0   0   0
--------------------------------------------------------------------------------------------------------------------------------------
Leu CTT   1   1   2   1   1   1 | Pro CCT   1   1   1   1   1   1 | His CAT   3   3   3   3   3   3 | Arg CGT   0   0   0   0   0   0
    CTC   3   3   2   3   3   3 |     CCC   3   3   3   3   3   3 |     CAC   1   1   1   1   1   1 |     CGC   0   0   0   0   0   0
    CTA   2   2   2   2   2   3 |     CCA   6   6   6   6   6   6 | Gln CAA   3   3   3   3   3   3 |     CGA   3   3   3   3   3   2
    CTG   1   1   1   1   1   1 |     CCG   2   2   2   2   2   2 |     CAG   5   5   5   5   5   5 |     CGG   1   1   1   1   1   2
--------------------------------------------------------------------------------------------------------------------------------------
Ile ATT   4   4   4   4   4   4 | Thr ACT   2   2   3   2   2   2 | Asn AAT   4   4   4   4   4   4 | Ser AGT   3   2   2   2   2   2
    ATC   2   2   2   2   2   2 |     ACC   3   3   2   3   3   2 |     AAC   0   0   0   0   0   0 |     AGC   2   3   3   3   3   3
    ATA   0   0   0   0   0   0 |     ACA   3   3   3   3   3   3 | Lys AAA   6   6   6   6   6   6 | Arg AGA   2   2   2   2   2   2
Met ATG   5   5   5   5   5   5 |     ACG   0   0   1   0   0   0 |     AAG   7   7   7   7   7   7 |     AGG   0   0   0   0   0   0
--------------------------------------------------------------------------------------------------------------------------------------
Val GTT   3   3   3   3   3   3 | Ala GCT  11  12  12  12  12  12 | Asp GAT   2   3   3   3   3   3 | Gly GGT   3   2   3   2   2   2
    GTC   3   3   3   3   3   3 |     GCC   7   6   6   6   6   7 |     GAC   1   0   0   0   0   0 |     GGC   5   5   5   5   6   5
    GTA   1   1   1   1   1   1 |     GCA   2   2   2   2   2   2 | Glu GAA   5   5   5   5   5   5 |     GGA   4   3   3   3   3   4
    GTG   4   4   4   4   4   4 |     GCG   2   2   1   2   2   2 |     GAG   4   4   4   4   4   4 |     GGG   3   5   4   5   4   4
--------------------------------------------------------------------------------------------------------------------------------------

--------------------------------------------------------------------------------------------------------------------------------------
Phe TTT   2   2   2   2   3   2 | Ser TCT   2   3   3   3   3   3 | Tyr TAT   2   2   2   2   2   2 | Cys TGT   1   1   1   1   1   1
    TTC   2   2   2   2   1   2 |     TCC   1   1   1   1   1   1 |     TAC   2   2   2   2   2   2 |     TGC   2   2   2   2   2   2
Leu TTA   1   2   1   1   0   1 |     TCA   1   1   1   1   1   1 | *** TAA   0   0   0   0   0   0 | *** TGA   0   0   0   0   0   0
    TTG   4   3   4   4   4   4 |     TCG   1   0   0   0   0   0 |     TAG   0   0   0   0   0   0 | Trp TGG   0   0   0   0   0   0
--------------------------------------------------------------------------------------------------------------------------------------
Leu CTT   0   0   1   1   1   1 | Pro CCT   1   1   1   1   2   1 | His CAT   3   3   3   3   3   3 | Arg CGT   0   0   0   0   0   0
    CTC   4   4   3   3   3   3 |     CCC   3   3   3   3   3   3 |     CAC   1   1   1   1   1   1 |     CGC   0   0   0   0   0   0
    CTA   2   2   2   2   3   2 |     CCA   5   6   6   6   6   7 | Gln CAA   3   3   3   3   3   3 |     CGA   3   3   3   3   3   3
    CTG   1   1   1   1   1   1 |     CCG   3   2   2   2   1   1 |     CAG   5   5   5   5   5   5 |     CGG   1   1   1   1   1   1
--------------------------------------------------------------------------------------------------------------------------------------
Ile ATT   4   4   4   4   4   4 | Thr ACT   2   3   2   2   2   2 | Asn AAT   4   4   4   4   4   4 | Ser AGT   2   2   3   1   2   3
    ATC   2   2   2   2   2   2 |     ACC   3   3   4   3   2   3 |     AAC   0   0   0   0   0   0 |     AGC   3   3   2   4   3   2
    ATA   0   0   0   0   0   0 |     ACA   2   1   1   3   3   3 | Lys AAA   7   7   7   6   6   6 | Arg AGA   2   2   2   2   2   2
Met ATG   5   5   5   5   5   5 |     ACG   1   1   0   0   0   0 |     AAG   6   6   6   7   7   7 |     AGG   0   0   0   0   0   0
--------------------------------------------------------------------------------------------------------------------------------------
Val GTT   3   3   3   3   3   3 | Ala GCT  14  14  11  13  12  11 | Asp GAT   3   3   2   3   3   2 | Gly GGT   2   2   3   2   3   3
    GTC   3   3   3   3   3   3 |     GCC   5   5   7   5   7   7 |     GAC   0   0   1   0   0   1 |     GGC   5   5   5   6   4   5
    GTA   1   1   1   1   1   1 |     GCA   2   2   3   2   2   2 | Glu GAA   5   5   5   5   5   5 |     GGA   3   3   3   3   3   4
    GTG   4   4   4   5   4   4 |     GCG   1   1   2   2   2   2 |     GAG   4   4   4   4   4   4 |     GGG   5   5   4   3   5   3
--------------------------------------------------------------------------------------------------------------------------------------

--------------------------------------------------------------------------------------------------------------------------------------
Phe TTT   2   2   2   3   3   2 | Ser TCT   3   2   3   3   3   3 | Tyr TAT   2   2   2   2   2   2 | Cys TGT   1   1   1   1   1   1
    TTC   2   2   2   1   1   2 |     TCC   1   1   1   1   1   1 |     TAC   2   2   2   2   2   2 |     TGC   2   2   2   2   2   2
Leu TTA   1   1   1   0   1   1 |     TCA   1   1   1   1   1   1 | *** TAA   0   0   0   0   0   0 | *** TGA   0   0   0   0   0   0
    TTG   4   4   4   4   4   4 |     TCG   0   1   0   0   0   0 |     TAG   0   0   0   0   0   0 | Trp TGG   0   0   0   0   0   0
--------------------------------------------------------------------------------------------------------------------------------------
Leu CTT   1   1   2   1   2   1 | Pro CCT   1   1   1   1   1   1 | His CAT   3   3   3   3   3   3 | Arg CGT   0   0   0   0   0   0
    CTC   3   3   2   3   2   3 |     CCC   3   3   3   3   3   3 |     CAC   1   1   1   1   1   1 |     CGC   0   0   0   0   0   0
    CTA   1   2   2   3   2   2 |     CCA   6   6   6   7   6   6 | Gln CAA   3   3   3   3   3   3 |     CGA   3   3   3   3   3   3
    CTG   2   1   1   1   1   1 |     CCG   2   1   2   1   2   2 |     CAG   5   6   5   5   5   5 |     CGG   1   1   1   1   1   1
--------------------------------------------------------------------------------------------------------------------------------------
Ile ATT   4   4   4   3   4   4 | Thr ACT   2   2   2   2   3   2 | Asn AAT   4   4   4   4   4   4 | Ser AGT   2   2   3   2   2   1
    ATC   2   2   2   3   2   2 |     ACC   3   3   3   2   2   3 |     AAC   0   0   0   0   0   0 |     AGC   3   3   2   3   3   4
    ATA   0   0   0   0   0   0 |     ACA   3   3   3   3   3   3 | Lys AAA   7   7   6   6   6   6 | Arg AGA   2   2   2   2   2   2
Met ATG   5   5   5   5   5   5 |     ACG   0   0   0   0   1   0 |     AAG   6   6   7   7   7   7 |     AGG   0   0   0   0   0   0
--------------------------------------------------------------------------------------------------------------------------------------
Val GTT   3   3   3   3   3   3 | Ala GCT  13  13  11  12  12  12 | Asp GAT   3   3   2   3   3   3 | Gly GGT   2   2   3   2   3   2
    GTC   3   3   3   3   3   3 |     GCC   6   6   7   7   6   6 |     GAC   0   0   1   0   0   0 |     GGC   5   6   5   5   5   6
    GTA   1   1   1   1   1   1 |     GCA   2   2   2   2   2   2 | Glu GAA   5   4   5   5   5   5 |     GGA   3   3   4   3   3   2
    GTG   4   4   4   4   4   4 |     GCG   1   1   2   2   1   2 |     GAG   4   5   4   4   4   4 |     GGG   5   4   3   5   4   5
--------------------------------------------------------------------------------------------------------------------------------------

--------------------------------------------------------------------------------------------------------------------------------------
Phe TTT   3   2   2   2   2   2 | Ser TCT   3   3   3   3   3   3 | Tyr TAT   2   2   2   2   2   2 | Cys TGT   1   1   1   1   1   1
    TTC   1   2   2   2   2   2 |     TCC   1   1   1   1   1   1 |     TAC   2   2   2   2   2   2 |     TGC   2   2   2   2   2   2
Leu TTA   0   1   1   2   1   1 |     TCA   1   1   1   1   1   1 | *** TAA   0   0   0   0   0   0 | *** TGA   0   0   0   0   0   0
    TTG   4   4   4   3   4   4 |     TCG   0   0   0   0   0   0 |     TAG   0   0   0   0   0   0 | Trp TGG   0   0   0   0   0   0
--------------------------------------------------------------------------------------------------------------------------------------
Leu CTT   1   1   1   1   0   2 | Pro CCT   1   1   1   1   1   1 | His CAT   3   3   3   3   3   3 | Arg CGT   0   0   0   0   0   0
    CTC   3   3   3   3   4   2 |     CCC   3   3   3   3   3   3 |     CAC   1   1   1   1   1   1 |     CGC   0   0   0   0   0   0
    CTA   3   2   2   2   2   2 |     CCA   6   6   6   6   6   6 | Gln CAA   3   3   3   3   3   3 |     CGA   2   3   3   3   2   3
    CTG   1   1   1   1   1   1 |     CCG   2   2   2   2   2   2 |     CAG   5   5   5   5   5   5 |     CGG   2   1   1   1   2   1
--------------------------------------------------------------------------------------------------------------------------------------
Ile ATT   4   4   4   4   3   4 | Thr ACT   2   2   2   2   2   3 | Asn AAT   4   4   4   4   4   4 | Ser AGT   2   1   2   2   2   2
    ATC   2   2   2   2   3   2 |     ACC   2   3   3   3   3   2 |     AAC   0   0   0   0   0   0 |     AGC   3   4   3   3   3   3
    ATA   0   0   0   0   0   0 |     ACA   3   3   3   3   1   3 | Lys AAA   6   6   7   6   6   6 | Arg AGA   2   2   2   2   2   2
Met ATG   5   5   5   5   4   5 |     ACG   0   0   0   0   1   1 |     AAG   7   7   6   7   7   7 |     AGG   0   0   0   0   0   0
--------------------------------------------------------------------------------------------------------------------------------------
Val GTT   3   3   3   3   3   3 | Ala GCT  12  12  14  12  13  12 | Asp GAT   3   3   3   3   3   3 | Gly GGT   3   2   2   2   2   3
    GTC   3   3   3   3   3   3 |     GCC   7   6   5   7   6   6 |     GAC   0   0   0   0   0   0 |     GGC   5   6   6   4   5   5
    GTA   1   1   1   1   1   1 |     GCA   2   2   2   2   2   2 | Glu GAA   5   5   4   5   4   5 |     GGA   3   3   3   4   3   3
    GTG   4   4   4   4   5   4 |     GCG   2   2   1   2   3   1 |     GAG   4   5   5   4   5   4 |     GGG   4   3   4   4   4   4
--------------------------------------------------------------------------------------------------------------------------------------

--------------------------------------------------------------------------------------------------------------------------------------
Phe TTT   2   2   2   2   2   2 | Ser TCT   2   3   3   3   3   3 | Tyr TAT   2   2   2   2   2   2 | Cys TGT   1   1   1   1   1   1
    TTC   2   2   2   2   2   2 |     TCC   1   1   1   1   1   1 |     TAC   2   2   2   2   2   2 |     TGC   2   2   2   2   2   2
Leu TTA   1   1   1   1   0   1 |     TCA   2   1   1   1   1   1 | *** TAA   0   0   0   0   0   0 | *** TGA   0   0   0   0   0   0
    TTG   4   4   4   4   4   4 |     TCG   0   0   0   0   0   0 |     TAG   0   0   0   0   0   0 | Trp TGG   0   0   0   0   0   0
--------------------------------------------------------------------------------------------------------------------------------------
Leu CTT   1   1   1   1   1   1 | Pro CCT   1   1   1   1   1   1 | His CAT   3   3   3   3   3   3 | Arg CGT   0   0   0   0   0   0
    CTC   3   3   3   3   3   3 |     CCC   3   3   3   3   3   3 |     CAC   1   1   1   1   1   1 |     CGC   0   0   0   0   0   0
    CTA   2   2   2   2   3   2 |     CCA   6   6   6   7   6   5 | Gln CAA   3   3   3   3   3   3 |     CGA   3   3   3   3   3   3
    CTG   1   1   1   1   1   1 |     CCG   2   2   2   1   2   2 |     CAG   5   5   5   5   5   6 |     CGG   1   1   1   1   1   1
--------------------------------------------------------------------------------------------------------------------------------------
Ile ATT   4   4   4   5   5   4 | Thr ACT   3   2   2   2   2   2 | Asn AAT   4   4   4   4   4   4 | Ser AGT   2   2   3   2   2   2
    ATC   2   2   2   2   2   2 |     ACC   2   3   3   3   2   3 |     AAC   0   0   0   0   1   0 |     AGC   3   3   2   3   3   3
    ATA   0   0   0   0   0   0 |     ACA   3   3   3   3   3   3 | Lys AAA   6   6   6   6   6   7 | Arg AGA   2   2   2   2   2   2
Met ATG   5   5   5   5   5   5 |     ACG   0   0   0   0   0   0 |     AAG   7   7   7   7   7   6 |     AGG   0   0   0   0   0   0
--------------------------------------------------------------------------------------------------------------------------------------
Val GTT   3   3   3   2   2   3 | Ala GCT  12  12  11  12  13  13 | Asp GAT   3   3   2   3   3   3 | Gly GGT   3   2   4   2   2   3
    GTC   3   3   3   2   3   3 |     GCC   6   6   7   7   6   6 |     GAC   0   0   1   0   0   0 |     GGC   5   5   4   4   6   4
    GTA   1   1   1   1   1   1 |     GCA   2   2   2   2   2   2 | Glu GAA   5   5   5   5   5   4 |     GGA   3   3   4   3   3   3
    GTG   4   4   4   5   4   4 |     GCG   2   2   2   2   1   1 |     GAG   4   4   4   4   4   5 |     GGG   4   5   3   5   4   5
--------------------------------------------------------------------------------------------------------------------------------------

--------------------------------------------------------------------------------------------------------------------------------------
Phe TTT   2   3   2   2   2   4 | Ser TCT   3   3   3   3   3   3 | Tyr TAT   2   2   3   2   2   2 | Cys TGT   1   1   1   1   1   2
    TTC   2   1   2   2   2   1 |     TCC   1   1   1   1   1   1 |     TAC   2   2   1   2   2   1 |     TGC   2   2   2   2   2   1
Leu TTA   1   0   1   1   1   1 |     TCA   1   1   1   1   1   1 | *** TAA   0   0   0   0   0   0 | *** TGA   0   0   0   0   0   0
    TTG   4   4   4   4   4   4 |     TCG   0   0   0   0   0   0 |     TAG   0   0   0   0   0   0 | Trp TGG   0   0   0   0   0   0
--------------------------------------------------------------------------------------------------------------------------------------
Leu CTT   1   1   1   1   1   1 | Pro CCT   1   1   1   1   1   1 | His CAT   3   3   3   3   3   3 | Arg CGT   0   0   0   0   0   0
    CTC   3   3   3   3   3   3 |     CCC   3   3   3   3   3   3 |     CAC   1   1   1   1   1   1 |     CGC   0   0   0   0   0   0
    CTA   1   3   2   2   2   2 |     CCA   6   7   6   6   6   7 | Gln CAA   3   3   3   3   3   3 |     CGA   3   3   3   3   3   3
    CTG   2   1   1   1   1   1 |     CCG   2   1   2   1   2   1 |     CAG   5   5   5   6   5   6 |     CGG   1   1   1   1   1   0
--------------------------------------------------------------------------------------------------------------------------------------
Ile ATT   4   3   4   4   4   4 | Thr ACT   2   2   2   2   2   2 | Asn AAT   4   4   4   4   4   4 | Ser AGT   2   2   2   2   2   3
    ATC   2   3   2   2   2   2 |     ACC   3   2   3   3   3   3 |     AAC   0   0   0   0   0   0 |     AGC   3   3   3   3   3   2
    ATA   0   0   0   0   0   0 |     ACA   3   3   3   3   3   3 | Lys AAA   7   6   7   7   6   6 | Arg AGA   2   2   2   2   2   2
Met ATG   5   5   5   5   5   5 |     ACG   0   0   0   0   0   0 |     AAG   6   7   6   6   7   7 |     AGG   0   0   0   0   0   0
--------------------------------------------------------------------------------------------------------------------------------------
Val GTT   3   3   3   3   3   3 | Ala GCT  13  12  14  13  12  12 | Asp GAT   3   3   3   3   3   3 | Gly GGT   2   2   2   2   2   2
    GTC   3   3   3   3   3   3 |     GCC   6   7   5   6   6   6 |     GAC   0   0   0   0   0   0 |     GGC   5   6   6   6   5   6
    GTA   1   1   1   1   1   1 |     GCA   2   2   2   2   2   2 | Glu GAA   5   5   4   4   5   5 |     GGA   4   3   3   3   3   3
    GTG   4   4   4   4   4   4 |     GCG   1   2   1   1   2   2 |     GAG   4   4   5   5   4   4 |     GGG   4   4   4   4   5   4
--------------------------------------------------------------------------------------------------------------------------------------

--------------------------------------------------------------------------------------------------------------------------------------
Phe TTT   2   2   2   2   2   2 | Ser TCT   3   3   3   3   3   3 | Tyr TAT   2   2   2   3   2   2 | Cys TGT   1   2   1   1   1   1
    TTC   2   2   2   2   2   2 |     TCC   1   1   1   1   1   1 |     TAC   2   2   2   1   2   2 |     TGC   2   1   2   2   2   2
Leu TTA   0   1   1   1   1   1 |     TCA   1   1   1   2   1   1 | *** TAA   0   0   0   0   0   0 | *** TGA   0   0   0   0   0   0
    TTG   4   4   4   4   4   4 |     TCG   0   0   0   0   0   0 |     TAG   0   0   0   0   0   0 | Trp TGG   0   0   0   0   0   0
--------------------------------------------------------------------------------------------------------------------------------------
Leu CTT   1   1   1   1   1   1 | Pro CCT   1   1   1   1   1   1 | His CAT   3   3   3   3   3   3 | Arg CGT   0   0   0   0   0   0
    CTC   3   3   3   3   3   3 |     CCC   3   4   3   3   3   3 |     CAC   1   1   1   1   1   1 |     CGC   0   0   0   0   0   0
    CTA   3   2   2   2   2   2 |     CCA   6   6   6   6   6   6 | Gln CAA   3   3   3   3   3   3 |     CGA   3   3   3   3   3   3
    CTG   1   1   1   1   1   1 |     CCG   2   2   2   1   2   2 |     CAG   5   5   5   5   5   5 |     CGG   1   1   1   1   1   1
--------------------------------------------------------------------------------------------------------------------------------------
Ile ATT   4   4   4   4   4   4 | Thr ACT   2   2   2   2   2   2 | Asn AAT   4   4   4   4   4   4 | Ser AGT   2   2   2   3   1   1
    ATC   2   2   2   2   2   2 |     ACC   3   2   3   3   3   3 |     AAC   0   0   0   0   0   0 |     AGC   3   3   3   3   4   4
    ATA   0   0   0   0   0   0 |     ACA   3   3   2   3   3   3 | Lys AAA   6   6   5   6   6   6 | Arg AGA   2   2   2   2   2   2
Met ATG   5   5   5   5   5   5 |     ACG   0   0   0   0   0   0 |     AAG   7   7   8   7   7   7 |     AGG   0   0   0   0   0   0
--------------------------------------------------------------------------------------------------------------------------------------
Val GTT   3   3   3   3   3   3 | Ala GCT  13  12  12  13  13  13 | Asp GAT   3   3   3   3   3   3 | Gly GGT   2   2   2   2   2   3
    GTC   3   3   3   3   3   3 |     GCC   6   6   6   6   5   5 |     GAC   0   0   0   0   0   0 |     GGC   6   5   5   5   6   6
    GTA   1   1   1   1   1   1 |     GCA   2   2   3   2   2   2 | Glu GAA   5   5   5   5   5   5 |     GGA   3   3   3   3   2   2
    GTG   4   4   4   4   4   4 |     GCG   1   2   2   1   2   2 |     GAG   4   4   4   4   4   4 |     GGG   4   5   5   4   5   4
--------------------------------------------------------------------------------------------------------------------------------------

Codon position x base (3x4) table for each sequence.

#1: Argali         
position  1:    T:0.13208    C:0.22013    A:0.27044    G:0.37736
position  2:    T:0.23899    C:0.29560    A:0.28302    G:0.18239
position  3:    T:0.28931    C:0.22642    A:0.24528    G:0.23899
Average         T:0.22013    C:0.24738    A:0.26625    G:0.26625

#2: LesserMouseDeer
position  1:    T:0.13208    C:0.22013    A:0.27044    G:0.37736
position  2:    T:0.23899    C:0.29560    A:0.28302    G:0.18239
position  3:    T:0.25786    C:0.27044    A:0.23270    G:0.23899
Average         T:0.20964    C:0.26205    A:0.26205    G:0.26625

#3: LesserKudu     
position  1:    T:0.13208    C:0.22013    A:0.27044    G:0.37736
position  2:    T:0.23899    C:0.29560    A:0.28302    G:0.18239
position  3:    T:0.28302    C:0.23270    A:0.23899    G:0.24528
Average         T:0.21803    C:0.24948    A:0.26415    G:0.26834

#4: ForestMuskDeer2
position  1:    T:0.13836    C:0.21384    A:0.27044    G:0.37736
position  2:    T:0.23899    C:0.29560    A:0.28302    G:0.18239
position  3:    T:0.30189    C:0.22013    A:0.24528    G:0.23270
Average         T:0.22642    C:0.24319    A:0.26625    G:0.26415

#5: Camel          
position  1:    T:0.14465    C:0.22013    A:0.25157    G:0.38365
position  2:    T:0.23899    C:0.29560    A:0.28302    G:0.18239
position  3:    T:0.30818    C:0.22013    A:0.23270    G:0.23899
Average         T:0.23061    C:0.24528    A:0.25577    G:0.26834

#6: KillerWhale    
position  1:    T:0.13836    C:0.22013    A:0.25786    G:0.38365
position  2:    T:0.23899    C:0.29560    A:0.28302    G:0.18239
position  3:    T:0.30818    C:0.22642    A:0.21384    G:0.25157
Average         T:0.22851    C:0.24738    A:0.25157    G:0.27254

#7: DefassaWaterbuck
position  1:    T:0.13208    C:0.22013    A:0.27044    G:0.37736
position  2:    T:0.23899    C:0.30818    A:0.28302    G:0.16981
position  3:    T:0.28302    C:0.22013    A:0.24528    G:0.25157
Average         T:0.21803    C:0.24948    A:0.26625    G:0.26625

#8: Sheep          
position  1:    T:0.13208    C:0.22013    A:0.27044    G:0.37736
position  2:    T:0.23899    C:0.29560    A:0.28302    G:0.18239
position  3:    T:0.28302    C:0.23270    A:0.24528    G:0.23899
Average         T:0.21803    C:0.24948    A:0.26625    G:0.26625

#9: MaxwellsDuiker 
position  1:    T:0.13208    C:0.22013    A:0.27044    G:0.37736
position  2:    T:0.23899    C:0.29560    A:0.28931    G:0.17610
position  3:    T:0.27673    C:0.23270    A:0.23899    G:0.25157
Average         T:0.21593    C:0.24948    A:0.26625    G:0.26834

#10: GazellaPrzewalskyi
position  1:    T:0.12579    C:0.22642    A:0.27044    G:0.37736
position  2:    T:0.23899    C:0.29560    A:0.28302    G:0.18239
position  3:    T:0.29560    C:0.22642    A:0.22642    G:0.25157
Average         T:0.22013    C:0.24948    A:0.25996    G:0.27044

#11: MountainNyala  
position  1:    T:0.13208    C:0.22013    A:0.27044    G:0.37736
position  2:    T:0.23899    C:0.29560    A:0.28302    G:0.18239
position  3:    T:0.27673    C:0.23899    A:0.23270    G:0.25157
Average         T:0.21593    C:0.25157    A:0.26205    G:0.27044

#12: MuntiacusMuntjak
position  1:    T:0.13208    C:0.22013    A:0.27044    G:0.37736
position  2:    T:0.23899    C:0.29560    A:0.28302    G:0.18239
position  3:    T:0.29560    C:0.22642    A:0.23899    G:0.23899
Average         T:0.22222    C:0.24738    A:0.26415    G:0.26625

#13: goat           
position  1:    T:0.13208    C:0.22013    A:0.27044    G:0.37736
position  2:    T:0.23899    C:0.29560    A:0.28302    G:0.18239
position  3:    T:0.28302    C:0.23270    A:0.24528    G:0.23899
Average         T:0.21803    C:0.24948    A:0.26625    G:0.26625

#14: AfricanBuffalo 
position  1:    T:0.13208    C:0.22013    A:0.27044    G:0.37736
position  2:    T:0.23899    C:0.29560    A:0.28302    G:0.18239
position  3:    T:0.28302    C:0.22642    A:0.23899    G:0.25157
Average         T:0.21803    C:0.24738    A:0.26415    G:0.27044

#15: Topi           
position  1:    T:0.13208    C:0.22013    A:0.27673    G:0.37107
position  2:    T:0.23899    C:0.29560    A:0.28302    G:0.18239
position  3:    T:0.30189    C:0.21384    A:0.23899    G:0.24528
Average         T:0.22432    C:0.24319    A:0.26625    G:0.26625

#16: CommonDuiker   
position  1:    T:0.13208    C:0.22013    A:0.27044    G:0.37736
position  2:    T:0.23899    C:0.29560    A:0.28302    G:0.18239
position  3:    T:0.28302    C:0.22642    A:0.23899    G:0.25157
Average         T:0.21803    C:0.24738    A:0.26415    G:0.27044

#17: Suni           
position  1:    T:0.13208    C:0.22013    A:0.27044    G:0.37736
position  2:    T:0.23899    C:0.29560    A:0.28302    G:0.18239
position  3:    T:0.28302    C:0.23270    A:0.23899    G:0.24528
Average         T:0.21803    C:0.24948    A:0.26415    G:0.26834

#18: Springbuck     
position  1:    T:0.12579    C:0.22642    A:0.26415    G:0.38365
position  2:    T:0.23899    C:0.29560    A:0.28302    G:0.18239
position  3:    T:0.28931    C:0.22013    A:0.23899    G:0.25157
Average         T:0.21803    C:0.24738    A:0.26205    G:0.27254

#19: Okapi          
position  1:    T:0.13208    C:0.22013    A:0.27044    G:0.37736
position  2:    T:0.23899    C:0.29560    A:0.28302    G:0.18239
position  3:    T:0.28302    C:0.22642    A:0.23270    G:0.25786
Average         T:0.21803    C:0.24738    A:0.26205    G:0.27254

#20: Giraffe        
position  1:    T:0.13208    C:0.22013    A:0.27044    G:0.37736
position  2:    T:0.23899    C:0.29560    A:0.28302    G:0.18239
position  3:    T:0.29560    C:0.22642    A:0.23899    G:0.23899
Average         T:0.22222    C:0.24738    A:0.26415    G:0.26625

#21: TibetanAntelope
position  1:    T:0.13208    C:0.22013    A:0.26415    G:0.38365
position  2:    T:0.23899    C:0.29560    A:0.28302    G:0.18239
position  3:    T:0.28302    C:0.23899    A:0.23899    G:0.23899
Average         T:0.21803    C:0.25157    A:0.26205    G:0.26834

#22: Sitatunga      
position  1:    T:0.13208    C:0.22013    A:0.27044    G:0.37736
position  2:    T:0.24528    C:0.29560    A:0.28302    G:0.17610
position  3:    T:0.28302    C:0.23270    A:0.23899    G:0.24528
Average         T:0.22013    C:0.24948    A:0.26415    G:0.26625

#23: Oribi          
position  1:    T:0.12579    C:0.22642    A:0.26415    G:0.38365
position  2:    T:0.23899    C:0.29560    A:0.28302    G:0.18239
position  3:    T:0.30189    C:0.21384    A:0.23899    G:0.24528
Average         T:0.22222    C:0.24528    A:0.26205    G:0.27044

#24: BarbarySheep   
position  1:    T:0.13208    C:0.22013    A:0.27044    G:0.37736
position  2:    T:0.23899    C:0.29560    A:0.28302    G:0.18239
position  3:    T:0.28302    C:0.23270    A:0.25157    G:0.23270
Average         T:0.21803    C:0.24948    A:0.26834    G:0.26415

#25: Daviddeer      
position  1:    T:0.13208    C:0.22013    A:0.27044    G:0.37736
position  2:    T:0.23899    C:0.29560    A:0.28302    G:0.18239
position  3:    T:0.28931    C:0.22642    A:0.23899    G:0.24528
Average         T:0.22013    C:0.24738    A:0.26415    G:0.26834

#26: Reindeer       
position  1:    T:0.13208    C:0.22013    A:0.27044    G:0.37736
position  2:    T:0.23899    C:0.28931    A:0.28931    G:0.18239
position  3:    T:0.28302    C:0.23270    A:0.23899    G:0.24528
Average         T:0.21803    C:0.24738    A:0.26625    G:0.26834

#27: Ibex           
position  1:    T:0.13208    C:0.22013    A:0.27044    G:0.37736
position  2:    T:0.23899    C:0.29560    A:0.28302    G:0.18239
position  3:    T:0.28931    C:0.22642    A:0.24528    G:0.23899
Average         T:0.22013    C:0.24738    A:0.26625    G:0.26625

#28: GyrantGazelle  
position  1:    T:0.12579    C:0.22642    A:0.26415    G:0.38365
position  2:    T:0.23899    C:0.29560    A:0.28302    G:0.18239
position  3:    T:0.28302    C:0.22642    A:0.24528    G:0.24528
Average         T:0.21593    C:0.24948    A:0.26415    G:0.27044

#29: Hartebeest     
position  1:    T:0.13208    C:0.22013    A:0.27673    G:0.37107
position  2:    T:0.23899    C:0.29560    A:0.28302    G:0.18239
position  3:    T:0.30818    C:0.20755    A:0.23899    G:0.24528
Average         T:0.22642    C:0.24109    A:0.26625    G:0.26625

#30: Bongo          
position  1:    T:0.13208    C:0.22013    A:0.27044    G:0.37736
position  2:    T:0.23899    C:0.29560    A:0.28302    G:0.18239
position  3:    T:0.27673    C:0.23899    A:0.23270    G:0.25157
Average         T:0.21593    C:0.25157    A:0.26205    G:0.27044

#31: Gerenuk        
position  1:    T:0.12579    C:0.22642    A:0.26415    G:0.38365
position  2:    T:0.23899    C:0.29560    A:0.28302    G:0.18239
position  3:    T:0.29560    C:0.22013    A:0.23270    G:0.25157
Average         T:0.22013    C:0.24738    A:0.25996    G:0.27254

#32: CommonEland    
position  1:    T:0.13208    C:0.22013    A:0.27044    G:0.37736
position  2:    T:0.23899    C:0.29560    A:0.28931    G:0.17610
position  3:    T:0.27673    C:0.23899    A:0.23899    G:0.24528
Average         T:0.21593    C:0.25157    A:0.26625    G:0.26625

#33: MuntiacusReevesi
position  1:    T:0.13208    C:0.22013    A:0.27044    G:0.37736
position  2:    T:0.23899    C:0.29560    A:0.28302    G:0.18239
position  3:    T:0.29560    C:0.22642    A:0.23899    G:0.23899
Average         T:0.22222    C:0.24738    A:0.26415    G:0.26625

#34: HarveysDuiker  
position  1:    T:0.13208    C:0.22013    A:0.27044    G:0.37736
position  2:    T:0.23899    C:0.30189    A:0.28302    G:0.17610
position  3:    T:0.28302    C:0.22642    A:0.25157    G:0.23899
Average         T:0.21803    C:0.24948    A:0.26834    G:0.26415

#35: Pronghorn      
position  1:    T:0.13208    C:0.22013    A:0.25786    G:0.38994
position  2:    T:0.23899    C:0.30189    A:0.28302    G:0.17610
position  3:    T:0.27673    C:0.23899    A:0.21384    G:0.27044
Average         T:0.21593    C:0.25367    A:0.25157    G:0.27883

#36: BlueWildebeest 
position  1:    T:0.13208    C:0.22013    A:0.27673    G:0.37107
position  2:    T:0.23899    C:0.29560    A:0.28302    G:0.18239
position  3:    T:0.30189    C:0.21384    A:0.23899    G:0.24528
Average         T:0.22432    C:0.24319    A:0.26625    G:0.26625

#37: Gemsbok        
position  1:    T:0.13208    C:0.22013    A:0.27044    G:0.37736
position  2:    T:0.23899    C:0.29560    A:0.28302    G:0.18239
position  3:    T:0.28931    C:0.22013    A:0.24528    G:0.24528
Average         T:0.22013    C:0.24528    A:0.26625    G:0.26834

#38: Yak            
position  1:    T:0.13208    C:0.22013    A:0.27044    G:0.37736
position  2:    T:0.23899    C:0.29560    A:0.28302    G:0.18239
position  3:    T:0.28302    C:0.22642    A:0.23899    G:0.25157
Average         T:0.21803    C:0.24738    A:0.26415    G:0.27044

#39: BlueSheep      
position  1:    T:0.13208    C:0.22013    A:0.27044    G:0.37736
position  2:    T:0.23899    C:0.29560    A:0.28302    G:0.18239
position  3:    T:0.28931    C:0.22642    A:0.24528    G:0.23899
Average         T:0.22013    C:0.24738    A:0.26625    G:0.26625

#40: BohorReedbuck  
position  1:    T:0.13208    C:0.22013    A:0.27673    G:0.37107
position  2:    T:0.23899    C:0.30189    A:0.28302    G:0.17610
position  3:    T:0.28302    C:0.22013    A:0.24528    G:0.25157
Average         T:0.21803    C:0.24738    A:0.26834    G:0.26625

#41: KirksDik       
position  1:    T:0.12579    C:0.22642    A:0.27673    G:0.37107
position  2:    T:0.23899    C:0.28931    A:0.28931    G:0.18239
position  3:    T:0.28931    C:0.23270    A:0.23899    G:0.23899
Average         T:0.21803    C:0.24948    A:0.26834    G:0.26415

#42: RoeDeer        
position  1:    T:0.13208    C:0.22013    A:0.27044    G:0.37736
position  2:    T:0.23899    C:0.28931    A:0.28931    G:0.18239
position  3:    T:0.29560    C:0.22013    A:0.23270    G:0.25157
Average         T:0.22222    C:0.24319    A:0.26415    G:0.27044

#43: WhiteLippedDeer
position  1:    T:0.13208    C:0.22013    A:0.27044    G:0.37736
position  2:    T:0.23899    C:0.29560    A:0.28302    G:0.18239
position  3:    T:0.28931    C:0.22642    A:0.24528    G:0.23899
Average         T:0.22013    C:0.24738    A:0.26625    G:0.26625

#44: ThomsonGazelle 
position  1:    T:0.12579    C:0.22642    A:0.26415    G:0.38365
position  2:    T:0.23899    C:0.29560    A:0.28302    G:0.18239
position  3:    T:0.28302    C:0.23270    A:0.24528    G:0.23899
Average         T:0.21593    C:0.25157    A:0.26415    G:0.26834

#45: MuntiacusCrinifrons
position  1:    T:0.13208    C:0.22013    A:0.27044    G:0.37736
position  2:    T:0.23899    C:0.29560    A:0.28302    G:0.18239
position  3:    T:0.30189    C:0.22013    A:0.23899    G:0.23899
Average         T:0.22432    C:0.24528    A:0.26415    G:0.26625

#46: WhiteTailedDeer
position  1:    T:0.13208    C:0.22013    A:0.27044    G:0.37736
position  2:    T:0.23899    C:0.28931    A:0.28931    G:0.18239
position  3:    T:0.28931    C:0.23270    A:0.23899    G:0.23899
Average         T:0.22013    C:0.24738    A:0.26625    G:0.26625

#47: Cattle         
position  1:    T:0.13208    C:0.22013    A:0.27044    G:0.37736
position  2:    T:0.23899    C:0.29560    A:0.28302    G:0.18239
position  3:    T:0.28302    C:0.22642    A:0.23899    G:0.25157
Average         T:0.21803    C:0.24738    A:0.26415    G:0.27044

#48: RoyalAntelope  
position  1:    T:0.13208    C:0.22013    A:0.27044    G:0.37736
position  2:    T:0.24528    C:0.29560    A:0.28302    G:0.17610
position  3:    T:0.30818    C:0.20755    A:0.24528    G:0.23899
Average         T:0.22851    C:0.24109    A:0.26625    G:0.26415

#49: Steenbok       
position  1:    T:0.12579    C:0.22642    A:0.27044    G:0.37736
position  2:    T:0.23899    C:0.29560    A:0.28302    G:0.18239
position  3:    T:0.28931    C:0.23270    A:0.23899    G:0.23899
Average         T:0.21803    C:0.25157    A:0.26415    G:0.26625

#50: Impala         
position  1:    T:0.13208    C:0.22642    A:0.26415    G:0.37736
position  2:    T:0.23899    C:0.29560    A:0.28302    G:0.18239
position  3:    T:0.28931    C:0.22013    A:0.23899    G:0.25157
Average         T:0.22013    C:0.24738    A:0.26205    G:0.27044

#51: Klipspringer   
position  1:    T:0.13208    C:0.22013    A:0.26415    G:0.38365
position  2:    T:0.23899    C:0.29560    A:0.28302    G:0.18239
