1
52 1
Argali 0.000000 0.178300 0.028000 0.249600 0.057900 0.000000 0.000200 0.059500 0.028200 0.058300 0.028000 0.060000 0.028300 0.028200 0.057600 0.028300 0.056100 0.119000 0.087400 0.028200 0.028600 0.027600 0.056700 0.088600 0.028000 0.028100 0.028100 0.028200 0.028300 0.059200 0.058300 0.028200 0.056900 0.028200 0.117000 0.055700 0.027700 0.028300 0.060200 0.090700 0.056700 0.028200 0.058300 0.057400 0.056500 0.028400 0.028100 0.028800 0.059100 0.088700 0.028300 0.028300
LesserMous 0.178300 0.000000 0.206800 0.198300 0.260800 0.178300 0.176700 0.181400 0.211700 0.096600 0.213800 0.254900 0.214400 0.212200 0.250900 0.215100 0.168700 0.253900 0.302100 0.211700 0.219200 0.215400 0.171000 0.134500 0.213800 0.234600 0.213600 0.211700 0.215100 0.264700 0.096600 0.212200 0.172700 0.213000 0.245300 0.226700 0.215400 0.215100 0.265700 0.229400 0.171000 0.212200 0.096600 0.174700 0.249400 0.251500 0.213600 0.217800 0.266500 0.211300 0.210900 0.213200
LesserKudu 0.028000 0.206800 0.000000 0.198900 0.027600 0.028000 0.027900 0.027500 0.000200 0.087300 0.000500 0.028000 0.000500 0.000600 0.026300 0.000500 0.026600 0.084800 0.055600 0.000200 0.000700 0.000600 0.026900 0.056100 0.000500 0.000700 0.000400 0.000200 0.000500 0.028200 0.087300 0.000600 0.026800 0.000500 0.083000 0.026700 0.000600 0.000500 0.028400 0.057300 0.026900 0.000600 0.087300 0.027100 0.027100 0.000700 0.000400 0.000600 0.027900 0.056200 0.000200 0.000300
KillerWhal 0.249600 0.198300 0.198900 0.000000 0.244500 0.249600 0.248900 0.246900 0.198900 0.162200 0.201100 0.247700 0.203500 0.200700 0.239700 0.201800 0.141800 0.226900 0.285300 0.198900 0.199000 0.201800 0.159300 0.124700 0.201100 0.201700 0.201100 0.198900 0.201800 0.246900 0.162200 0.200700 0.155800 0.201700 0.231500 0.231800 0.201800 0.201800 0.250200 0.205300 0.159300 0.200700 0.162200 0.156800 0.235200 0.198700 0.201100 0.206000 0.242500 0.186900 0.200500 0.201200
DefassaWat 0.057900 0.260800 0.027600 0.244500 0.000000 0.057900 0.057700 0.058000 0.027700 0.120500 0.027400 0.058600 0.027600 0.027600 0.056400 0.027500 0.055000 0.117000 0.085600 0.027700 0.027900 0.027500 0.055500 0.086600 0.027400 0.027400 0.027500 0.027700 0.027500 0.057900 0.120500 0.027600 0.055800 0.027600 0.114500 0.054600 0.027500 0.027500 0.058700 0.088900 0.055500 0.027600 0.120500 0.056200 0.055300 0.027800 0.027500 0.028100 0.057600 0.087100 0.027700 0.027900
Sheep 0.000000 0.178300 0.028000 0.249600 0.057900 0.000000 0.000200 0.059500 0.028200 0.058300 0.028000 0.060000 0.028300 0.028200 0.057600 0.028300 0.056100 0.119000 0.087400 0.028200 0.028600 0.028100 0.056700 0.088600 0.028000 0.028100 0.028100 0.028200 0.028300 0.059200 0.058300 0.028200 0.056900 0.028200 0.117000 0.055700 0.028100 0.028300 0.060200 0.090700 0.056700 0.028200 0.058300 0.057400 0.056500 0.028400 0.028100 0.028800 0.059100 0.088700 0.028300 0.028300
MaxwellsDu 0.000200 0.176700 0.027900 0.248900 0.057700 0.000200 0.000000 0.059300 0.028100 0.057900 0.027900 0.059700 0.028200 0.028100 0.057400 0.028200 0.055900 0.118800 0.087300 0.028100 0.028400 0.028100 0.056500 0.088200 0.027900 0.027900 0.028000 0.028100 0.028200 0.059000 0.057900 0.028100 0.056800 0.028100 0.116600 0.055400 0.028100 0.028200 0.060000 0.090300 0.056500 0.028100 0.057900 0.057200 0.056300 0.028300 0.028000 0.028700 0.058900 0.088600 0.028200 0.028200
GazellaPrz 0.059500 0.181400 0.027500 0.246900 0.058000 0.059500 0.059300 0.000000 0.027800 0.123900 0.028000 0.059700 0.028300 0.028200 0.057600 0.028300 0.056300 0.120000 0.087900 0.027800 0.028500 0.028200 0.056900 0.089100 0.028000 0.027900 0.028100 0.027800 0.028300 0.059300 0.123900 0.028200 0.057100 0.028200 0.117400 0.055700 0.028200 0.028300 0.060200 0.091000 0.056900 0.028200 0.123900 0.057500 0.056600 0.028400 0.028100 0.028800 0.059100 0.089100 0.028000 0.028200
MountainNy 0.028200 0.211700 0.000200 0.198900 0.027700 0.028200 0.028100 0.027800 0.000000 0.087600 0.000400 0.028300 0.000400 0.000500 0.026800 0.000400 0.026800 0.085000 0.055800 0.000000 0.000600 0.000500 0.027100 0.056300 0.000400 0.000600 0.000300 0.000000 0.000400 0.028300 0.087600 0.000500 0.027000 0.000400 0.083400 0.026700 0.000500 0.000400 0.028600 0.057600 0.027100 0.000500 0.087600 0.027300 0.027000 0.000600 0.000300 0.000500 0.028100 0.056400 0.000100 0.000100
MuntiacusM 0.058300 0.096600 0.087300 0.162200 0.120500 0.058300 0.057900 0.123900 0.087600 0.000000 0.087500 0.123400 0.088200 0.087300 0.119100 0.087800 0.055400 0.117500 0.152400 0.087600 0.088800 0.087900 0.055900 0.027400 0.087500 0.087200 0.087400 0.087600 0.087800 0.122800 0.000000 0.087300 0.056200 0.087800 0.115200 0.115500 0.087900 0.087800 0.124400 0.089200 0.055900 0.087300 0.000000 0.056600 0.117100 0.088600 0.087400 0.089500 0.122700 0.087500 0.087900 0.088400
goat 0.028000 0.213800 0.000500 0.201100 0.027400 0.028000 0.027900 0.028000 0.000400 0.087500 0.000000 0.028100 0.000200 0.000200 0.027100 0.000200 0.026600 0.084700 0.055100 0.000400 0.000300 0.000100 0.026900 0.056000 0.000000 0.000300 0.000100 0.000400 0.000200 0.028200 0.087500 0.000200 0.026900 0.000200 0.083100 0.026400 0.000100 0.000200 0.028400 0.057300 0.026900 0.000200 0.087500 0.027100 0.026800 0.000300 0.000100 0.000200 0.028000 0.056100 0.000300 0.000500
AfricanBuf 0.060000 0.254900 0.028000 0.247700 0.058600 0.060000 0.059700 0.059700 0.028300 0.123400 0.028100 0.000000 0.028200 0.028300 0.057600 0.028400 0.056600 0.119600 0.088400 0.028300 0.028400 0.028300 0.057100 0.089000 0.028100 0.028200 0.028100 0.028300 0.028400 0.059500 0.123400 0.028300 0.057400 0.028100 0.117400 0.055800 0.028300 0.028400 0.060500 0.058400 0.057100 0.028300 0.123400 0.057900 0.056900 0.028400 0.028100 0.028800 0.059300 0.089500 0.028400 0.028400
Topi 0.028300 0.214400 0.000500 0.203500 0.027600 0.028300 0.028200 0.028300 0.000400 0.088200 0.000200 0.028200 0.000000 0.000200 0.027400 0.000200 0.026800 0.085600 0.055700 0.000400 0.000300 0.000200 0.027100 0.056500 0.000200 0.000300 0.000100 0.000400 0.000200 0.028400 0.088200 0.000200 0.027100 0.000200 0.084000 0.026600 0.000200 0.000200 0.028600 0.057800 0.027100 0.000200 0.088200 0.027400 0.027000 0.000300 0.000100 0.000200 0.028200 0.056700 0.000300 0.000500
CommonDuik 0.028200 0.212200 0.000600 0.200700 0.027600 0.028200 0.028100 0.028200 0.000500 0.087300 0.000200 0.028300 0.000200 0.000000 0.027400 0.000100 0.026700 0.084900 0.055500 0.000500 0.000200 0.000200 0.027000 0.056100 0.000200 0.000100 0.000200 0.000500 0.000100 0.028200 0.087300 0.000000 0.027100 0.000200 0.083600 0.026400 0.000200 0.000100 0.028600 0.057400 0.027000 0.000000 0.087300 0.027300 0.026900 0.000200 0.000200 0.000200 0.028100 0.056300 0.000400 0.000600
Suni 0.057600 0.250900 0.026300 0.239700 0.056400 0.057600 0.057400 0.057600 0.026800 0.119100 0.027100 0.057600 0.027400 0.027400 0.000000 0.027500 0.054600 0.115700 0.084900 0.026800 0.027600 0.027400 0.055200 0.085800 0.027100 0.027200 0.027300 0.026800 0.027500 0.056900 0.119100 0.027400 0.055400 0.027300 0.114400 0.053900 0.027400 0.027500 0.058400 0.088000 0.055200 0.027400 0.119100 0.055800 0.054900 0.027500 0.027300 0.027900 0.057400 0.086400 0.027000 0.026600
Springbuck 0.028300 0.215100 0.000500 0.201800 0.027500 0.028300 0.028200 0.028300 0.000400 0.087800 0.000200 0.028400 0.000200 0.000100 0.027500 0.000000 0.026800 0.085300 0.055600 0.000400 0.000200 0.000100 0.027100 0.056300 0.000200 0.000200 0.000100 0.000400 0.000000 0.028300 0.087800 0.000100 0.027200 0.000200 0.083400 0.026500 0.000100 0.000000 0.028700 0.057600 0.027100 0.000100 0.087800 0.027400 0.027000 0.000200 0.000100 0.000100 0.028100 0.056500 0.000300 0.000500
Okapi 0.056100 0.168700 0.026600 0.141800 0.055000 0.056100 0.055900 0.056300 0.026800 0.055400 0.026600 0.056600 0.026800 0.026700 0.054600 0.026800 0.000000 0.053900 0.083300 0.026800 0.027000 0.026700 0.000100 0.026700 0.026600 0.026600 0.026700 0.026800 0.026800 0.056200 0.055400 0.026700 0.000200 0.026700 0.053000 0.053100 0.026700 0.026800 0.056700 0.027300 0.000100 0.026700 0.055400 0.000200 0.053900 0.026900 0.026700 0.027300 0.056000 0.026800 0.026800 0.026900
Giraffe 0.119000 0.253900 0.084800 0.226900 0.117000 0.119000 0.118800 0.120000 0.085000 0.117500 0.084700 0.119600 0.085600 0.084900 0.115700 0.085300 0.053900 0.000000 0.148000 0.085000 0.086100 0.085100 0.054400 0.084900 0.084700 0.084800 0.084900 0.085000 0.085300 0.119200 0.117500 0.084900 0.054700 0.085200 0.112200 0.112300 0.085100 0.085300 0.120200 0.027400 0.054400 0.084900 0.117500 0.055100 0.113900 0.085900 0.084900 0.086800 0.118900 0.063100 0.085300 0.085800
TibetanAnt 0.087400 0.302100 0.055600 0.285300 0.085600 0.087400 0.087300 0.087900 0.055800 0.152400 0.055100 0.088400 0.055700 0.055500 0.084900 0.055600 0.083300 0.148000 0.000000 0.055800 0.056400 0.055300 0.083900 0.116900 0.055100 0.055300 0.055400 0.055800 0.055600 0.027600 0.152400 0.055500 0.084400 0.055600 0.144800 0.082600 0.055300 0.055600 0.088600 0.119400 0.083900 0.055500 0.152400 0.085000 0.083700 0.056000 0.055400 0.056600 0.087400 0.116800 0.055900 0.056200
Sitatunga 0.028200 0.211700 0.000200 0.198900 0.027700 0.028200 0.028100 0.027800 0.000000 0.087600 0.000400 0.028300 0.000400 0.000500 0.026800 0.000400 0.026800 0.085000 0.055800 0.000000 0.000600 0.000500 0.027100 0.056300 0.000400 0.000600 0.000300 0.000000 0.000400 0.028300 0.087600 0.000500 0.027000 0.000400 0.083400 0.026700 0.000500 0.000400 0.028600 0.057600 0.027100 0.000500 0.087600 0.027300 0.027000 0.000600 0.000300 0.000500 0.028100 0.056400 0.000100 0.000100
Oribi 0.028600 0.219200 0.000700 0.199000 0.027900 0.028600 0.028400 0.028500 0.000600 0.088800 0.000300 0.028400 0.000300 0.000200 0.027600 0.000200 0.027000 0.086100 0.056400 0.000600 0.000000 0.000200 0.027300 0.056900 0.000300 0.000300 0.000200 0.000600 0.000200 0.028600 0.088800 0.000200 0.027400 0.000300 0.084600 0.026600 0.000200 0.000200 0.028900 0.058100 0.027300 0.000200 0.088800 0.027600 0.027100 0.000200 0.000200 0.000200 0.028400 0.057100 0.000500 0.000700
BarbaryShe 0.027600 0.215400 0.000600 0.201800 0.027500 0.028100 0.028100 0.028200 0.000500 0.087900 0.000100 0.028300 0.000200 0.000200 0.027400 0.000100 0.026700 0.085100 0.055300 0.000500 0.000200 0.000000 0.027000 0.056300 0.000100 0.000200 0.000200 0.000500 0.000100 0.028300 0.087900 0.000200 0.027100 0.000200 0.083600 0.026500 0.000000 0.000100 0.028600 0.057500 0.027000 0.000200 0.087900 0.027300 0.026900 0.000200 0.000200 0.000200 0.028100 0.056300 0.000400 0.000600
Daviddeer 0.056700 0.171000 0.026900 0.159300 0.055500 0.056700 0.056500 0.056900 0.027100 0.055900 0.026900 0.057100 0.027100 0.027000 0.055200 0.027100 0.000100 0.054400 0.083900 0.027100 0.027300 0.027000 0.000000 0.026900 0.026900 0.026900 0.027000 0.027100 0.027100 0.056700 0.055900 0.027000 0.000200 0.027000 0.053400 0.053600 0.027000 0.027100 0.057300 0.027600 0.000000 0.027000 0.055900 0.000100 0.054400 0.027200 0.027000 0.027600 0.056500 0.027100 0.027100 0.027200
Reindeer 0.088600 0.134500 0.056100 0.124700 0.086600 0.088600 0.088200 0.089100 0.056300 0.027400 0.056000 0.089000 0.056500 0.056100 0.085800 0.056300 0.026700 0.084900 0.116900 0.056300 0.056900 0.056300 0.026900 0.000000 0.056000 0.055900 0.056100 0.056300 0.056300 0.088600 0.027400 0.056100 0.027100 0.056200 0.083000 0.083500 0.056300 0.056300 0.089300 0.057200 0.026900 0.056100 0.027400 0.027300 0.084600 0.056600 0.056100 0.057300 0.088200 0.056200 0.056400 0.056700
Ibex 0.028000 0.213800 0.000500 0.201100 0.027400 0.028000 0.027900 0.028000 0.000400 0.087500 0.000000 0.028100 0.000200 0.000200 0.027100 0.000200 0.026600 0.084700 0.055100 0.000400 0.000300 0.000100 0.026900 0.056000 0.000000 0.000300 0.000100 0.000400 0.000200 0.028200 0.087500 0.000200 0.026900 0.000200 0.083100 0.026400 0.000100 0.000200 0.028400 0.057300 0.026900 0.000200 0.087500 0.027100 0.026800 0.000300 0.000100 0.000200 0.028000 0.056100 0.000300 0.000500
GyrantGaze 0.028100 0.234600 0.000700 0.201700 0.027400 0.028100 0.027900 0.027900 0.000600 0.087200 0.000300 0.028200 0.000300 0.000100 0.027200 0.000200 0.026600 0.084800 0.055300 0.000600 0.000300 0.000200 0.026900 0.055900 0.000300 0.000000 0.000200 0.000600 0.000200 0.028100 0.087200 0.000100 0.026900 0.000300 0.083400 0.026200 0.000200 0.000200 0.028400 0.058700 0.026900 0.000100 0.087200 0.027100 0.026700 0.000300 0.000200 0.000200 0.027900 0.056100 0.000500 0.000700
Hartebeest 0.028100 0.213600 0.000400 0.201100 0.027500 0.028100 0.028000 0.028100 0.000300 0.087400 0.000100 0.028100 0.000100 0.000200 0.027300 0.000100 0.026700 0.084900 0.055400 0.000300 0.000200 0.000200 0.027000 0.056100 0.000100 0.000200 0.000000 0.000300 0.000100 0.028200 0.087400 0.000200 0.027000 0.000100 0.083300 0.026500 0.000200 0.000100 0.028500 0.057400 0.027000 0.000200 0.087400 0.027300 0.026800 0.000200 0.000000 0.000200 0.028000 0.056300 0.000200 0.000400
Bongo 0.028200 0.211700 0.000200 0.198900 0.027700 0.028200 0.028100 0.027800 0.000000 0.087600 0.000400 0.028300 0.000400 0.000500 0.026800 0.000400 0.026800 0.085000 0.055800 0.000000 0.000600 0.000500 0.027100 0.056300 0.000400 0.000600 0.000300 0.000000 0.000400 0.028300 0.087600 0.000500 0.027000 0.000400 0.083400 0.026700 0.000500 0.000400 0.028600 0.057600 0.027100 0.000500 0.087600 0.027300 0.027000 0.000600 0.000300 0.000500 0.028100 0.056400 0.000100 0.000100
Gerenuk 0.028300 0.215100 0.000500 0.201800 0.027500 0.028300 0.028200 0.028300 0.000400 0.087800 0.000200 0.028400 0.000200 0.000100 0.027500 0.000000 0.026800 0.085300 0.055600 0.000400 0.000200 0.000100 0.027100 0.056300 0.000200 0.000200 0.000100 0.000400 0.000000 0.028300 0.087800 0.000100 0.027200 0.000200 0.083400 0.026500 0.000100 0.000000 0.028700 0.057600 0.027100 0.000100 0.087800 0.027400 0.027000 0.000200 0.000100 0.000100 0.028100 0.056500 0.000300 0.000500
CommonElan 0.059200 0.264700 0.028200 0.246900 0.057900 0.059200 0.059000 0.059300 0.028300 0.122800 0.028200 0.059500 0.028400 0.028200 0.056900 0.028300 0.056200 0.119200 0.027600 0.028300 0.028600 0.028300 0.056700 0.088600 0.028200 0.028100 0.028200 0.028300 0.028300 0.000000 0.122800 0.028200 0.056900 0.028300 0.116200 0.055700 0.028300 0.028300 0.059800 0.090500 0.056700 0.028200 0.122800 0.057300 0.056500 0.028400 0.028200 0.028800 0.058900 0.088700 0.028300 0.028200
MuntiacusR 0.058300 0.096600 0.087300 0.162200 0.120500 0.058300 0.057900 0.123900 0.087600 0.000000 0.087500 0.123400 0.088200 0.087300 0.119100 0.087800 0.055400 0.117500 0.152400 0.087600 0.088800 0.087900 0.055900 0.027400 0.087500 0.087200 0.087400 0.087600 0.087800 0.122800 0.000000 0.087300 0.056200 0.087800 0.115200 0.115500 0.087900 0.087800 0.124400 0.089200 0.055900 0.087300 0.000000 0.056600 0.117100 0.088600 0.087400 0.089500 0.122700 0.087500 0.087900 0.088400
HarveysDui 0.028200 0.212200 0.000600 0.200700 0.027600 0.028200 0.028100 0.028200 0.000500 0.087300 0.000200 0.028300 0.000200 0.000000 0.027400 0.000100 0.026700 0.084900 0.055500 0.000500 0.000200 0.000200 0.027000 0.056100 0.000200 0.000100 0.000200 0.000500 0.000100 0.028200 0.087300 0.000000 0.027100 0.000200 0.083600 0.026400 0.000200 0.000100 0.028600 0.057400 0.027000 0.000000 0.087300 0.027300 0.026900 0.000200 0.000200 0.000200 0.028100 0.056300 0.000400 0.000600
Pronghorn 0.056900 0.172700 0.026800 0.155800 0.055800 0.056900 0.056800 0.057100 0.027000 0.056200 0.026900 0.057400 0.027100 0.027100 0.055400 0.027200 0.000200 0.054700 0.084400 0.027000 0.027400 0.027100 0.000200 0.027100 0.026900 0.026900 0.027000 0.027000 0.027200 0.056900 0.056200 0.027100 0.000000 0.027000 0.053600 0.053800 0.027100 0.027200 0.057600 0.027600 0.000200 0.027100 0.056200 0.000100 0.054600 0.027300 0.027000 0.027600 0.056700 0.027200 0.027100 0.027100
BlueWildeb 0.028200 0.213000 0.000500 0.201700 0.027600 0.028200 0.028100 0.028200 0.000400 0.087800 0.000200 0.028100 0.000200 0.000200 0.027300 0.000200 0.026700 0.085200 0.055600 0.000400 0.000300 0.000200 0.027000 0.056200 0.000200 0.000300 0.000100 0.000400 0.000200 0.028300 0.087800 0.000200 0.027000 0.000000 0.083700 0.026500 0.000200 0.000200 0.028600 0.057600 0.027000 0.000200 0.087800 0.027300 0.026900 0.000300 0.000100 0.000200 0.028100 0.056500 0.000300 0.000500
Gemsbok 0.117000 0.245300 0.083000 0.231500 0.114500 0.117000 0.116600 0.117400 0.083400 0.115200 0.083100 0.117400 0.084000 0.083600 0.114400 0.083400 0.053000 0.112200 0.144800 0.083400 0.084600 0.083600 0.053400 0.083000 0.083100 0.083400 0.083300 0.083400 0.083400 0.116200 0.115200 0.083600 0.053600 0.083700 0.000000 0.110100 0.083600 0.083400 0.118300 0.085000 0.053400 0.083600 0.115200 0.054000 0.111800 0.084600 0.083300 0.085200 0.116900 0.083400 0.083600 0.083900
Yak 0.055700 0.226700 0.026700 0.231800 0.054600 0.055700 0.055400 0.055700 0.026700 0.115500 0.026400 0.055800 0.026600 0.026400 0.053900 0.026500 0.053100 0.112300 0.082600 0.026700 0.026600 0.026500 0.053600 0.083500 0.026400 0.026200 0.026500 0.026700 0.026500 0.055700 0.115500 0.026400 0.053800 0.026500 0.110100 0.000000 0.026500 0.026500 0.056100 0.085300 0.053600 0.026400 0.115500 0.054200 0.000200 0.026500 0.026500 0.026900 0.055300 0.083900 0.026700 0.026800
BlueSheep 0.027700 0.215400 0.000600 0.201800 0.027500 0.028100 0.028100 0.028200 0.000500 0.087900 0.000100 0.028300 0.000200 0.000200 0.027400 0.000100 0.026700 0.085100 0.055300 0.000500 0.000200 0.000000 0.027000 0.056300 0.000100 0.000200 0.000200 0.000500 0.000100 0.028300 0.087900 0.000200 0.027100 0.000200 0.083600 0.026500 0.000000 0.000100 0.028600 0.057500 0.027000 0.000200 0.087900 0.027300 0.026900 0.000200 0.000200 0.000200 0.028100 0.056300 0.000400 0.000600
BohorReedb 0.028300 0.215100 0.000500 0.201800 0.027500 0.028300 0.028200 0.028300 0.000400 0.087800 0.000200 0.028400 0.000200 0.000100 0.027500 0.000000 0.026800 0.085300 0.055600 0.000400 0.000200 0.000100 0.027100 0.056300 0.000200 0.000200 0.000100 0.000400 0.000000 0.028300 0.087800 0.000100 0.027200 0.000200 0.083400 0.026500 0.000100 0.000000 0.028700 0.057600 0.027100 0.000100 0.087800 0.027400 0.027000 0.000200 0.000100 0.000100 0.028100 0.056500 0.000300 0.000500
KirksDik 0.060200 0.265700 0.028400 0.250200 0.058700 0.060200 0.060000 0.060200 0.028600 0.124400 0.028400 0.060500 0.028600 0.028600 0.058400 0.028700 0.056700 0.120200 0.088600 0.028600 0.028900 0.028600 0.057300 0.089300 0.028400 0.028400 0.028500 0.028600 0.028700 0.059800 0.124400 0.028600 0.057600 0.028600 0.118300 0.056100 0.028600 0.028700 0.000000 0.091800 0.057300 0.028600 0.124400 0.058000 0.057100 0.028700 0.028500 0.029200 0.059800 0.089500 0.028600 0.028700
RoeDeer 0.090700 0.229400 0.057300 0.205300 0.088900 0.090700 0.090300 0.091000 0.057600 0.089200 0.057300 0.058400 0.057800 0.057400 0.088000 0.057600 0.027300 0.027400 0.119400 0.057600 0.058100 0.057500 0.027600 0.057200 0.057300 0.058700 0.057400 0.057600 0.057600 0.090500 0.089200 0.057400 0.027600 0.057600 0.085000 0.085300 0.057500 0.057600 0.091800 0.000000 0.027600 0.057400 0.089200 0.027900 0.086500 0.058000 0.057400 0.058600 0.090400 0.032500 0.057800 0.058000
WhiteLippe 0.056700 0.171000 0.026900 0.159300 0.055500 0.056700 0.056500 0.056900 0.027100 0.055900 0.026900 0.057100 0.027100 0.027000 0.055200 0.027100 0.000100 0.054400 0.083900 0.027100 0.027300 0.027000 0.000000 0.026900 0.026900 0.026900 0.027000 0.027100 0.027100 0.056700 0.055900 0.027000 0.000200 0.027000 0.053400 0.053600 0.027000 0.027100 0.057300 0.027600 0.000000 0.027000 0.055900 0.000100 0.054400 0.027200 0.027000 0.027600 0.056500 0.027100 0.027100 0.027200
ThomsonGaz 0.028200 0.212200 0.000600 0.200700 0.027600 0.028200 0.028100 0.028200 0.000500 0.087300 0.000200 0.028300 0.000200 0.000000 0.027400 0.000100 0.026700 0.084900 0.055500 0.000500 0.000200 0.000200 0.027000 0.056100 0.000200 0.000100 0.000200 0.000500 0.000100 0.028200 0.087300 0.000000 0.027100 0.000200 0.083600 0.026400 0.000200 0.000100 0.028600 0.057400 0.027000 0.000000 0.087300 0.027300 0.026900 0.000200 0.000200 0.000200 0.028100 0.056300 0.000400 0.000600
MuntiacusC 0.058300 0.096600 0.087300 0.162200 0.120500 0.058300 0.057900 0.123900 0.087600 0.000000 0.087500 0.123400 0.088200 0.087300 0.119100 0.087800 0.055400 0.117500 0.152400 0.087600 0.088800 0.087900 0.055900 0.027400 0.087500 0.087200 0.087400 0.087600 0.087800 0.122800 0.000000 0.087300 0.056200 0.087800 0.115200 0.115500 0.087900 0.087800 0.124400 0.089200 0.055900 0.087300 0.000000 0.056600 0.117100 0.088600 0.087400 0.089500 0.122700 0.087500 0.087900 0.088400
WhiteTaile 0.057400 0.174700 0.027100 0.156800 0.056200 0.057400 0.057200 0.057500 0.027300 0.056600 0.027100 0.057900 0.027400 0.027300 0.055800 0.027400 0.000200 0.055100 0.085000 0.027300 0.027600 0.027300 0.000100 0.027300 0.027100 0.027100 0.027300 0.027300 0.027400 0.057300 0.056600 0.027300 0.000100 0.027300 0.054000 0.054200 0.027300 0.027400 0.058000 0.027900 0.000100 0.027300 0.056600 0.000000 0.055000 0.027500 0.027300 0.027900 0.057100 0.027400 0.027400 0.027400
Cattle 0.056500 0.249400 0.027100 0.235200 0.055300 0.056500 0.056300 0.056600 0.027000 0.117100 0.026800 0.056900 0.027000 0.026900 0.054900 0.027000 0.053900 0.113900 0.083700 0.027000 0.027100 0.026900 0.054400 0.084600 0.026800 0.026700 0.026800 0.027000 0.027000 0.056500 0.117100 0.026900 0.054600 0.026900 0.111800 0.000200 0.026900 0.027000 0.057100 0.086500 0.054400 0.026900 0.117100 0.055000 0.000000 0.027100 0.026800 0.027400 0.056200 0.084900 0.027100 0.027200
RoyalAntel 0.028400 0.251500 0.000700 0.198700 0.027800 0.028400 0.028300 0.028400 0.000600 0.088600 0.000300 0.028400 0.000300 0.000200 0.027500 0.000200 0.026900 0.085900 0.056000 0.000600 0.000200 0.000200 0.027200 0.056600 0.000300 0.000300 0.000200 0.000600 0.000200 0.028400 0.088600 0.000200 0.027300 0.000300 0.084600 0.026500 0.000200 0.000200 0.028700 0.058000 0.027200 0.000200 0.088600 0.027500 0.027100 0.000000 0.000200 0.000200 0.028200 0.056900 0.000500 0.000700
Steenbok 0.028100 0.213600 0.000400 0.201100 0.027500 0.028100 0.028000 0.028100 0.000300 0.087400 0.000100 0.028100 0.000100 0.000200 0.027300 0.000100 0.026700 0.084900 0.055400 0.000300 0.000200 0.000200 0.027000 0.056100 0.000100 0.000200 0.000000 0.000300 0.000100 0.028200 0.087400 0.000200 0.027000 0.000100 0.083300 0.026500 0.000200 0.000100 0.028500 0.057400 0.027000 0.000200 0.087400 0.027300 0.026800 0.000200 0.000000 0.000200 0.028000 0.056300 0.000200 0.000400
Impala 0.028800 0.217800 0.000600 0.206000 0.028100 0.028800 0.028700 0.028800 0.000500 0.089500 0.000200 0.028800 0.000200 0.000200 0.027900 0.000100 0.027300 0.086800 0.056600 0.000500 0.000200 0.000200 0.027600 0.057300 0.000200 0.000200 0.000200 0.000500 0.000100 0.028800 0.089500 0.000200 0.027600 0.000200 0.085200 0.026900 0.000200 0.000100 0.029200 0.058600 0.027600 0.000200 0.089500 0.027900 0.027400 0.000200 0.000200 0.000000 0.028700 0.057600 0.000400 0.000600
Klipspring 0.059100 0.266500 0.027900 0.242500 0.057600 0.059100 0.058900 0.059100 0.028100 0.122700 0.028000 0.059300 0.028200 0.028100 0.057400 0.028100 0.056000 0.118900 0.087400 0.028100 0.028400 0.028100 0.056500 0.088200 0.028000 0.027900 0.028000 0.028100 0.028100 0.058900 0.122700 0.028100 0.056700 0.028100 0.116900 0.055300 0.028100 0.028100 0.059800 0.090400 0.056500 0.028100 0.122700 0.057100 0.056200 0.028200 0.028000 0.028700 0.000000 0.088400 0.028100 0.028200
ForestMusk 0.088700 0.211300 0.056200 0.186900 0.087100 0.088700 0.088600 0.089100 0.056400 0.087500 0.056100 0.089500 0.056700 0.056300 0.086400 0.056500 0.026800 0.063100 0.116800 0.056400 0.057100 0.056300 0.027100 0.056200 0.056100 0.056100 0.056300 0.056400 0.056500 0.088700 0.087500 0.056300 0.027200 0.056500 0.083400 0.083900 0.056300 0.056500 0.089500 0.032500 0.027100 0.056300 0.087500 0.027400 0.084900 0.056900 0.056300 0.057600 0.088400 0.000000 0.056500 0.056800
Bushbuck 0.028300 0.210900 0.000200 0.200500 0.027700 0.028300 0.028200 0.028000 0.000100 0.087900 0.000300 0.028400 0.000300 0.000400 0.027000 0.000300 0.026800 0.085300 0.055900 0.000100 0.000500 0.000400 0.027100 0.056400 0.000300 0.000500 0.000200 0.000100 0.000300 0.028300 0.087900 0.000400 0.027100 0.000300 0.083600 0.026700 0.000400 0.000300 0.028600 0.057800 0.027100 0.000400 0.087900 0.027400 0.027100 0.000500 0.000200 0.000400 0.028100 0.056500 0.000000 0.000200
GreaterKud 0.028300 0.213200 0.000300 0.201200 0.027900 0.028300 0.028200 0.028200 0.000100 0.088400 0.000500 0.028400 0.000500 0.000600 0.026600 0.000500 0.026900 0.085800 0.056200 0.000100 0.000700 0.000600 0.027200 0.056700 0.000500 0.000700 0.000400 0.000100 0.000500 0.028200 0.088400 0.000600 0.027100 0.000500 0.083900 0.026800 0.000600 0.000500 0.028700 0.058000 0.027200 0.000600 0.088400 0.027400 0.027200 0.000700 0.000400 0.000600 0.028200 0.056800 0.000200 0.000000
