1
52 1
Argali 0.000000 0.441900 0.165600 0.298100 0.148400 0.000000 0.151700 0.135100 0.166400 0.184900 0.071700 0.143300 0.072900 0.171400 0.155600 0.147000 0.145900 0.213500 0.056400 0.162100 0.119000 0.085100 0.134000 0.170100 0.070600 0.119100 0.072900 0.166400 0.129100 0.117700 0.169400 0.170700 0.134100 0.071800 0.145500 0.134700 0.057600 0.179000 0.150800 0.206300 0.134000 0.149000 0.150700 0.142700 0.132700 0.202400 0.145400 0.147700 0.136900 0.161600 0.166400 0.132500
LesserMous 0.441900 0.000000 0.532600 0.489000 0.534900 0.441900 0.493700 0.396600 0.510600 0.493700 0.535200 0.534500 0.436400 0.598400 0.513700 0.474400 0.444900 0.445300 0.454300 0.493000 0.411600 0.496700 0.465400 0.494300 0.494400 0.465500 0.436400 0.510600 0.467300 0.484400 0.497100 0.561000 0.434300 0.402200 0.550300 0.442100 0.515800 0.579100 0.518400 0.506000 0.465400 0.477700 0.463600 0.459500 0.508300 0.469800 0.495500 0.389300 0.450900 0.423200 0.510600 0.485600
LesserKudu 0.165600 0.532600 0.000000 0.387900 0.171300 0.165600 0.247400 0.157500 0.122000 0.228500 0.154900 0.131900 0.123700 0.254500 0.143600 0.168400 0.198300 0.236400 0.105000 0.118700 0.174200 0.168400 0.173100 0.145000 0.185400 0.107400 0.123700 0.122000 0.150100 0.043700 0.211900 0.196600 0.187200 0.154400 0.201600 0.155200 0.140000 0.203600 0.174300 0.215500 0.173100 0.138100 0.191100 0.116900 0.170400 0.211400 0.134800 0.168500 0.125400 0.182900 0.122000 0.089000
KillerWhal 0.298100 0.489000 0.387900 0.000000 0.234400 0.298100 0.315200 0.256700 0.350000 0.372500 0.366800 0.369400 0.332500 0.364800 0.343100 0.304900 0.264200 0.284600 0.305200 0.378800 0.254900 0.379200 0.309400 0.342200 0.360900 0.295300 0.332500 0.350000 0.317400 0.327800 0.354900 0.381000 0.271000 0.308600 0.418800 0.310400 0.351200 0.304200 0.313700 0.361300 0.309400 0.329200 0.370300 0.349700 0.364900 0.334500 0.282500 0.285700 0.319500 0.262400 0.350000 0.346500
DefassaWat 0.148400 0.534900 0.171300 0.234400 0.000000 0.148800 0.191300 0.107100 0.207700 0.209900 0.137300 0.116300 0.107200 0.161500 0.161100 0.151600 0.216700 0.220600 0.088700 0.201800 0.123000 0.150800 0.155800 0.192500 0.167400 0.091100 0.107200 0.207700 0.102100 0.121700 0.193500 0.177000 0.205900 0.121500 0.183300 0.139200 0.122700 0.057900 0.123300 0.233400 0.155800 0.121500 0.173400 0.164100 0.153400 0.209400 0.057400 0.151800 0.141600 0.166000 0.207700 0.170600
Sheep 0.000000 0.441900 0.165600 0.298100 0.148800 0.000000 0.151700 0.135100 0.166400 0.184900 0.071700 0.143300 0.072900 0.171400 0.155600 0.147000 0.145900 0.213500 0.056400 0.162100 0.120100 0.085100 0.134000 0.170100 0.070600 0.119100 0.072900 0.166400 0.129100 0.117700 0.169400 0.170700 0.134100 0.071800 0.145500 0.134700 0.057600 0.179000 0.150800 0.206300 0.134000 0.149000 0.150700 0.142700 0.132700 0.202400 0.145400 0.147700 0.136900 0.161600 0.166400 0.132500
MaxwellsDu 0.151700 0.493700 0.247400 0.315200 0.191300 0.151700 0.000000 0.177100 0.211900 0.213900 0.174100 0.167200 0.125300 0.095200 0.147600 0.224900 0.221900 0.262100 0.122500 0.241300 0.176300 0.187800 0.194400 0.230300 0.205300 0.195400 0.125300 0.211900 0.203400 0.192900 0.197400 0.077900 0.174500 0.123300 0.222500 0.158600 0.159000 0.224400 0.195200 0.164600 0.194400 0.228200 0.176800 0.201100 0.191200 0.253000 0.187000 0.207600 0.110600 0.204300 0.211900 0.174300
GazellaPrz 0.135100 0.396600 0.157500 0.256700 0.107100 0.135100 0.177100 0.000000 0.193300 0.160500 0.123500 0.134600 0.093100 0.182000 0.147000 0.138200 0.169100 0.206200 0.074800 0.187800 0.092100 0.137400 0.108500 0.146900 0.153800 0.076700 0.093100 0.193300 0.088700 0.107700 0.144400 0.162400 0.157200 0.123800 0.170300 0.092100 0.108500 0.138300 0.108900 0.182100 0.108500 0.107500 0.125500 0.118500 0.139500 0.195800 0.104800 0.172300 0.127500 0.152500 0.193300 0.156700
MountainNy 0.166400 0.510600 0.122000 0.350000 0.207700 0.166400 0.211900 0.193300 0.000000 0.266900 0.122200 0.163700 0.124200 0.199900 0.145000 0.204700 0.233500 0.237100 0.105600 0.028500 0.175000 0.169300 0.208800 0.210200 0.152200 0.141500 0.124200 0.000000 0.184000 0.074600 0.249700 0.162400 0.223100 0.155100 0.202100 0.173500 0.107500 0.241000 0.176200 0.254400 0.208800 0.173000 0.227500 0.181500 0.172300 0.213300 0.168800 0.169900 0.126500 0.218100 0.000000 0.058500
MuntiacusM 0.184900 0.493700 0.228500 0.372500 0.209900 0.184900 0.213900 0.160500 0.266900 0.000000 0.192700 0.201600 0.142300 0.219900 0.200500 0.244000 0.169400 0.189200 0.139800 0.223000 0.194500 0.171800 0.044900 0.146900 0.207000 0.178300 0.142300 0.266900 0.153300 0.175000 0.014600 0.237200 0.157100 0.173700 0.242400 0.124800 0.177300 0.243300 0.213600 0.078200 0.044900 0.193400 0.029700 0.118400 0.173100 0.234400 0.205100 0.243800 0.162600 0.152900 0.266900 0.227100
goat 0.071700 0.535200 0.154900 0.366800 0.137300 0.071700 0.174100 0.123500 0.122200 0.192700 0.000000 0.132300 0.059900 0.178900 0.144200 0.168300 0.200100 0.238600 0.043400 0.118800 0.139600 0.071900 0.139500 0.145100 0.028200 0.107200 0.059900 0.122200 0.117700 0.105900 0.176500 0.159700 0.188900 0.089700 0.134400 0.123000 0.014500 0.168700 0.139700 0.215300 0.139500 0.137900 0.156800 0.117000 0.121300 0.192200 0.134500 0.169100 0.125200 0.167300 0.122200 0.121200
AfricanBuf 0.143300 0.534500 0.131900 0.369400 0.116300 0.143300 0.167200 0.134600 0.163700 0.201600 0.132300 0.000000 0.102900 0.171500 0.121200 0.178200 0.207500 0.244400 0.085600 0.159500 0.150300 0.145500 0.149700 0.154100 0.161400 0.118500 0.102900 0.163700 0.128700 0.085600 0.186000 0.153000 0.196600 0.132200 0.177200 0.101600 0.118000 0.146100 0.150100 0.223400 0.149700 0.148300 0.166900 0.127000 0.115700 0.201600 0.114000 0.146000 0.120000 0.192200 0.163700 0.130500
Topi 0.072900 0.436400 0.123700 0.332500 0.107200 0.072900 0.125300 0.093100 0.124200 0.142300 0.059900 0.102900 0.000000 0.147000 0.112000 0.138400 0.169400 0.206600 0.014500 0.120900 0.109000 0.074100 0.108500 0.147200 0.089600 0.076900 0.000000 0.124200 0.088700 0.075500 0.126400 0.128300 0.139500 0.028300 0.105100 0.092200 0.045200 0.138500 0.109000 0.162900 0.108500 0.107600 0.108200 0.118700 0.090800 0.160800 0.104900 0.138300 0.077500 0.151800 0.124200 0.090700
CommonDuik 0.171400 0.598400 0.254500 0.364800 0.161500 0.171400 0.095200 0.182000 0.199900 0.219900 0.178900 0.171500 0.147000 0.000000 0.151800 0.230900 0.264500 0.269400 0.125900 0.229800 0.217400 0.192900 0.163000 0.200500 0.210800 0.200900 0.147000 0.199900 0.208700 0.198400 0.202900 0.080100 0.254000 0.179400 0.228400 0.163000 0.163400 0.194700 0.200700 0.169400 0.163000 0.234600 0.181600 0.171000 0.196500 0.260100 0.192100 0.213200 0.148600 0.245900 0.199900 0.179300
Suni 0.155600 0.513700 0.143600 0.343100 0.161100 0.155600 0.147600 0.147000 0.145000 0.200500 0.144200 0.121200 0.112000 0.151800 0.000000 0.159300 0.172400 0.210400 0.093000 0.174700 0.164000 0.158300 0.145000 0.200800 0.175600 0.095300 0.112000 0.145000 0.139600 0.093600 0.183700 0.132500 0.178800 0.143600 0.192700 0.111200 0.128800 0.194300 0.129300 0.150600 0.145000 0.126900 0.163100 0.171200 0.125800 0.166000 0.123700 0.092200 0.063400 0.173200 0.145000 0.109600
Springbuck 0.147000 0.474400 0.168400 0.304900 0.151600 0.147000 0.224900 0.138200 0.204700 0.244000 0.168300 0.178200 0.138400 0.230900 0.159300 0.000000 0.215100 0.289900 0.118600 0.233100 0.121400 0.181600 0.188200 0.223400 0.165600 0.089900 0.138400 0.204700 0.101000 0.152500 0.227600 0.210400 0.204100 0.168900 0.215000 0.170900 0.153600 0.182900 0.121700 0.231200 0.188200 0.119900 0.206600 0.195000 0.184500 0.207200 0.148400 0.151000 0.140100 0.232000 0.204700 0.168500
Okapi 0.145900 0.444900 0.198300 0.264200 0.216700 0.145900 0.221900 0.169100 0.233500 0.169400 0.200100 0.207500 0.169400 0.264500 0.172400 0.215100 0.000000 0.099600 0.149100 0.227500 0.168300 0.213400 0.119100 0.219800 0.197000 0.152300 0.169400 0.233500 0.194700 0.148900 0.154000 0.242900 0.102200 0.166800 0.248200 0.166800 0.185400 0.249200 0.220300 0.190200 0.119100 0.183000 0.168700 0.191800 0.215700 0.222900 0.178300 0.165000 0.171600 0.130200 0.233500 0.181300
Giraffe 0.213500 0.445300 0.236400 0.284600 0.220600 0.213500 0.262100 0.206200 0.237100 0.189200 0.238600 0.244400 0.206600 0.269400 0.210400 0.289900 0.099600 0.000000 0.184500 0.230800 0.170400 0.216500 0.153200 0.256800 0.230900 0.188700 0.206600 0.237100 0.231600 0.184400 0.190300 0.285100 0.167600 0.203400 0.288100 0.169800 0.223500 0.253700 0.260400 0.229000 0.153200 0.183200 0.205200 0.228100 0.219900 0.263400 0.214800 0.235500 0.209400 0.163800 0.237100 0.218600
TibetanAnt 0.056400 0.454300 0.105000 0.305200 0.088700 0.056400 0.122500 0.074800 0.105600 0.139800 0.043400 0.085600 0.014500 0.125900 0.093000 0.118600 0.149100 0.184500 0.000000 0.102700 0.090100 0.057300 0.090100 0.128500 0.070800 0.059400 0.014500 0.105600 0.070900 0.058700 0.124200 0.108200 0.137100 0.043500 0.086900 0.074500 0.029100 0.118800 0.090200 0.160000 0.090100 0.089000 0.106300 0.100700 0.073400 0.139400 0.086900 0.119100 0.074900 0.133200 0.105600 0.073400
Sitatunga 0.162100 0.493000 0.118700 0.378800 0.201800 0.162100 0.241300 0.187800 0.028500 0.223000 0.118800 0.159500 0.120900 0.229800 0.174700 0.233100 0.227500 0.230800 0.102700 0.000000 0.170100 0.132700 0.169100 0.172900 0.148200 0.137500 0.120900 0.028500 0.147000 0.071800 0.206700 0.192000 0.217100 0.151000 0.196800 0.168800 0.104500 0.234300 0.205300 0.246400 0.169100 0.168300 0.186500 0.145100 0.167600 0.242800 0.164300 0.198200 0.155900 0.179100 0.028500 0.087200
Oribi 0.119000 0.411600 0.174200 0.254900 0.123000 0.120100 0.176300 0.092100 0.175000 0.194500 0.139600 0.150300 0.109000 0.217400 0.164000 0.121400 0.168300 0.170400 0.090100 0.170100 0.000000 0.153300 0.140800 0.178200 0.170200 0.060800 0.109000 0.175000 0.103800 0.123700 0.178200 0.196900 0.156500 0.107300 0.186600 0.107900 0.124600 0.154500 0.125100 0.217500 0.140800 0.091100 0.158300 0.149700 0.139400 0.213300 0.120300 0.188900 0.144100 0.151900 0.175000 0.173300
BarbaryShe 0.085100 0.496700 0.168400 0.379200 0.150800 0.085100 0.187800 0.137400 0.169300 0.171800 0.071900 0.145500 0.074100 0.192900 0.158300 0.181600 0.213400 0.216500 0.057300 0.132700 0.153300 0.000000 0.120700 0.157900 0.101700 0.121100 0.074100 0.169300 0.100400 0.119700 0.156100 0.173700 0.202500 0.103500 0.147800 0.136900 0.058600 0.181900 0.153300 0.193000 0.120700 0.151400 0.137400 0.130200 0.134900 0.205800 0.148500 0.182600 0.139200 0.163700 0.169300 0.134700
Daviddeer 0.134000 0.465400 0.173100 0.309400 0.155800 0.134000 0.194400 0.108500 0.208800 0.044900 0.139500 0.149700 0.108500 0.163000 0.145000 0.188200 0.119100 0.153200 0.090100 0.169100 0.140800 0.120700 0.000000 0.099100 0.170000 0.125200 0.108500 0.208800 0.103800 0.122900 0.030000 0.179400 0.139400 0.139300 0.187000 0.107500 0.124500 0.187900 0.158600 0.060800 0.000000 0.156500 0.044700 0.071300 0.154900 0.177400 0.152300 0.188000 0.144200 0.103500 0.208800 0.172100
Reindeer 0.170100 0.494300 0.145000 0.342200 0.192500 0.170100 0.230300 0.146900 0.210200 0.146900 0.145100 0.154100 0.147200 0.200500 0.200800 0.223400 0.219800 0.256800 0.128500 0.172900 0.178200 0.157900 0.099100 0.000000 0.173900 0.163300 0.147200 0.210200 0.141100 0.129200 0.132200 0.216300 0.209200 0.176700 0.222000 0.145800 0.162700 0.223400 0.195800 0.133400 0.099100 0.193400 0.115100 0.026100 0.191700 0.249200 0.188600 0.223200 0.182200 0.156600 0.210200 0.175400
Ibex 0.070600 0.494400 0.185400 0.360900 0.167400 0.070600 0.205300 0.153800 0.152200 0.207000 0.028200 0.161400 0.089600 0.210800 0.175600 0.165600 0.197000 0.230900 0.070800 0.148200 0.170200 0.101700 0.170000 0.173900 0.000000 0.137400 0.089600 0.152200 0.146500 0.135800 0.208100 0.191100 0.185800 0.119300 0.163900 0.137200 0.043000 0.198900 0.170200 0.247700 0.170000 0.133500 0.187800 0.145900 0.135200 0.223700 0.164000 0.166400 0.156000 0.197500 0.152200 0.151000
GyrantGaze 0.119100 0.465500 0.107400 0.295300 0.091100 0.119100 0.195400 0.076700 0.141500 0.178300 0.107200 0.118500 0.076900 0.200900 0.095300 0.089900 0.152300 0.188700 0.059400 0.137500 0.060800 0.121100 0.125200 0.163300 0.137400 0.000000 0.076900 0.141500 0.073400 0.060100 0.162000 0.180800 0.140300 0.107300 0.153300 0.108600 0.091700 0.122100 0.091500 0.200800 0.125200 0.029500 0.142500 0.134700 0.123100 0.160600 0.058500 0.121800 0.077600 0.136200 0.141500 0.107000
Hartebeest 0.072900 0.436400 0.123700 0.332500 0.107200 0.072900 0.125300 0.093100 0.124200 0.142300 0.059900 0.102900 0.000000 0.147000 0.112000 0.138400 0.169400 0.206600 0.014500 0.120900 0.109000 0.074100 0.108500 0.147200 0.089600 0.076900 0.000000 0.124200 0.088700 0.075500 0.126400 0.128300 0.139500 0.028700 0.105100 0.092200 0.045200 0.138500 0.109000 0.162900 0.108500 0.107600 0.108200 0.118700 0.090800 0.160800 0.104900 0.138300 0.077500 0.151800 0.124200 0.090700
Bongo 0.166400 0.510600 0.122000 0.350000 0.207700 0.166400 0.211900 0.193300 0.000000 0.266900 0.122200 0.163700 0.124200 0.199900 0.145000 0.204700 0.233500 0.237100 0.105600 0.028500 0.175000 0.169300 0.208800 0.210200 0.152200 0.141500 0.124200 0.000000 0.184000 0.074600 0.249700 0.162400 0.223100 0.155100 0.202100 0.173500 0.107500 0.241000 0.176200 0.254400 0.208800 0.173000 0.227500 0.181500 0.172300 0.213300 0.168800 0.169900 0.126500 0.218100 0.000000 0.059000
Gerenuk 0.129100 0.467300 0.150100 0.317400 0.102100 0.129100 0.203400 0.088700 0.184000 0.153300 0.117700 0.128700 0.088700 0.208700 0.139600 0.101000 0.194700 0.231600 0.070900 0.147000 0.103800 0.100400 0.103800 0.141100 0.146500 0.073400 0.088700 0.184000 0.000000 0.102700 0.138000 0.189000 0.150300 0.118100 0.162500 0.119400 0.103500 0.132000 0.103800 0.173600 0.103800 0.102500 0.120100 0.113700 0.133100 0.186300 0.100100 0.164200 0.121400 0.146200 0.184000 0.149300
CommonElan 0.117700 0.484400 0.043700 0.327800 0.121700 0.117700 0.192900 0.107700 0.074600 0.175000 0.105900 0.085600 0.075500 0.198400 0.093600 0.152500 0.148900 0.184400 0.058700 0.071800 0.123700 0.119700 0.122900 0.129200 0.135800 0.060100 0.075500 0.074600 0.102700 0.000000 0.159000 0.143900 0.137000 0.105500 0.151400 0.106100 0.091300 0.152900 0.123800 0.196900 0.122900 0.090000 0.139900 0.101300 0.121000 0.158600 0.087900 0.119700 0.076600 0.133900 0.074000 0.043500
MuntiacusR 0.169400 0.497100 0.211900 0.354900 0.193500 0.169400 0.197400 0.144400 0.249700 0.014600 0.176500 0.186000 0.126400 0.202900 0.183700 0.227600 0.154000 0.190300 0.124200 0.206700 0.178200 0.156100 0.030000 0.132200 0.208100 0.162000 0.126400 0.249700 0.138000 0.159000 0.000000 0.220100 0.141400 0.157800 0.226200 0.143100 0.161100 0.226800 0.197000 0.062600 0.030000 0.194500 0.014600 0.103600 0.192500 0.217500 0.189100 0.227400 0.146300 0.137600 0.249700 0.210600
HarveysDui 0.170700 0.561000 0.196600 0.381000 0.177000 0.170700 0.077900 0.162400 0.162400 0.237200 0.159700 0.153000 0.128300 0.080100 0.132500 0.210400 0.242900 0.285100 0.108200 0.192000 0.196900 0.173700 0.179400 0.216300 0.191100 0.180800 0.128300 0.162400 0.189000 0.143900 0.220100 0.000000 0.232300 0.160000 0.208000 0.143900 0.144500 0.210200 0.180600 0.186500 0.179400 0.213800 0.198300 0.186900 0.142600 0.237900 0.173000 0.193100 0.129700 0.225000 0.162400 0.126200
Pronghorn 0.134100 0.434300 0.187200 0.271000 0.205900 0.134100 0.174500 0.157200 0.223100 0.157100 0.188900 0.196600 0.139500 0.254000 0.178800 0.204100 0.102200 0.167600 0.137100 0.217100 0.156500 0.202500 0.139400 0.209200 0.185800 0.140300 0.139500 0.223100 0.150300 0.137000 0.141400 0.232300 0.000000 0.137400 0.237600 0.155000 0.173900 0.238900 0.209400 0.178100 0.139400 0.171600 0.156300 0.180600 0.204800 0.211800 0.167100 0.169300 0.125100 0.118000 0.223100 0.186100
BlueWildeb 0.071800 0.402200 0.154400 0.308600 0.121500 0.071800 0.123300 0.123800 0.155100 0.173700 0.089700 0.132200 0.028300 0.179400 0.143600 0.168900 0.166800 0.203400 0.043500 0.151000 0.107300 0.103500 0.139300 0.176700 0.119300 0.107300 0.028700 0.155100 0.118100 0.105500 0.157800 0.160000 0.137400 0.000000 0.134900 0.122700 0.075100 0.152700 0.139900 0.195200 0.139300 0.138100 0.138900 0.148300 0.120900 0.192800 0.119000 0.152500 0.108200 0.133700 0.155100 0.120700
Gemsbok 0.145500 0.550300 0.201600 0.418800 0.183300 0.145500 0.222500 0.170300 0.202100 0.242400 0.134400 0.177200 0.105100 0.228400 0.192700 0.215000 0.248200 0.288100 0.086900 0.196800 0.186600 0.147800 0.187000 0.222000 0.163900 0.153300 0.105100 0.202100 0.162500 0.151400 0.226200 0.208000 0.237600 0.134900 0.000000 0.169800 0.120000 0.215000 0.186300 0.266600 0.187000 0.184100 0.205400 0.193800 0.166900 0.241100 0.179400 0.216200 0.171800 0.230700 0.202100 0.166600
Yak 0.134700 0.442100 0.155200 0.310400 0.139200 0.134700 0.158600 0.092100 0.173500 0.124800 0.123000 0.101600 0.092200 0.163000 0.111200 0.170900 0.166800 0.169800 0.074500 0.168800 0.107900 0.136900 0.107500 0.145800 0.137200 0.108600 0.092200 0.173500 0.119400 0.106100 0.143100 0.143900 0.155000 0.122700 0.169800 0.000000 0.108100 0.171000 0.141600 0.180300 0.107500 0.123400 0.124400 0.117500 0.043300 0.195200 0.136100 0.137300 0.110000 0.151300 0.173500 0.154400
BlueSheep 0.057600 0.515800 0.140000 0.351200 0.122700 0.057600 0.159000 0.108500 0.107500 0.177300 0.014500 0.118000 0.045200 0.163400 0.128800 0.153600 0.185400 0.223500 0.029100 0.104500 0.124600 0.058600 0.124500 0.162700 0.043000 0.091700 0.045200 0.107500 0.103500 0.091300 0.161100 0.144500 0.173900 0.075100 0.120000 0.108100 0.000000 0.154100 0.124700 0.199600 0.124500 0.123100 0.141700 0.134100 0.106600 0.176900 0.120100 0.154400 0.110100 0.168800 0.107500 0.106600
BohorReedb 0.179000 0.579100 0.203600 0.304200 0.057900 0.179000 0.224400 0.138300 0.241000 0.243300 0.168700 0.146100 0.138500 0.194700 0.194300 0.182900 0.249200 0.253700 0.118800 0.234300 0.154500 0.181900 0.187900 0.223400 0.198900 0.122100 0.138500 0.241000 0.132000 0.152900 0.226800 0.210200 0.238900 0.152700 0.215000 0.171000 0.154100 0.000000 0.121400 0.268100 0.187900 0.152600 0.205800 0.195000 0.185000 0.243000 0.086600 0.183100 0.173900 0.197400 0.241000 0.202700
KirksDik 0.150800 0.518400 0.174300 0.313700 0.123300 0.150800 0.195200 0.108900 0.176200 0.213600 0.139700 0.150100 0.109000 0.200700 0.129300 0.121700 0.220300 0.260400 0.090200 0.205300 0.125100 0.153300 0.158600 0.195800 0.170200 0.091500 0.109000 0.176200 0.103800 0.123800 0.197000 0.180600 0.209400 0.139900 0.186300 0.141600 0.124700 0.121400 0.000000 0.200600 0.158600 0.123500 0.176400 0.166900 0.156000 0.177600 0.120500 0.155000 0.110500 0.203200 0.176200 0.140000
RoeDeer 0.206300 0.506000 0.215500 0.361300 0.233400 0.206300 0.164600 0.182100 0.254400 0.078200 0.215300 0.223400 0.162900 0.169400 0.150600 0.231200 0.190200 0.229000 0.160000 0.246400 0.217500 0.193000 0.060800 0.133400 0.247700 0.200800 0.162900 0.254400 0.173600 0.196900 0.062600 0.186500 0.178100 0.195200 0.266600 0.180300 0.199600 0.268100 0.200600 0.000000 0.061400 0.234400 0.077800 0.103900 0.231900 0.221200 0.227700 0.231000 0.148700 0.173100 0.254400 0.214300
WhiteLippe 0.134000 0.465400 0.173100 0.309400 0.155800 0.134000 0.194400 0.108500 0.208800 0.044900 0.139500 0.149700 0.108500 0.163000 0.145000 0.188200 0.119100 0.153200 0.090100 0.169100 0.140800 0.120700 0.000000 0.099100 0.170000 0.125200 0.108500 0.208800 0.103800 0.122900 0.030000 0.179400 0.139400 0.139300 0.187000 0.107500 0.124500 0.187900 0.158600 0.061400 0.000000 0.156500 0.044700 0.071100 0.154900 0.177400 0.152300 0.188000 0.144200 0.103500 0.208800 0.172100
ThomsonGaz 0.149000 0.477700 0.138100 0.329200 0.121500 0.149000 0.228200 0.107500 0.173000 0.193400 0.137900 0.148300 0.107600 0.234600 0.126900 0.119900 0.183000 0.183200 0.089000 0.168300 0.091100 0.151400 0.156500 0.193400 0.133500 0.029500 0.107600 0.173000 0.102500 0.090000 0.194500 0.213800 0.171600 0.138100 0.184100 0.123400 0.123100 0.152600 0.123500 0.234400 0.156500 0.000000 0.174300 0.164800 0.137700 0.158000 0.087700 0.152400 0.108500 0.166600 0.173000 0.137500
MuntiacusC 0.150700 0.463600 0.191100 0.370300 0.173400 0.150700 0.176800 0.125500 0.227500 0.029700 0.156800 0.166900 0.108200 0.181600 0.163100 0.206600 0.168700 0.205200 0.106300 0.186500 0.158300 0.137400 0.044700 0.115100 0.187800 0.142500 0.108200 0.227500 0.120100 0.139900 0.014600 0.198300 0.156300 0.138900 0.205400 0.124400 0.141700 0.205800 0.176400 0.077800 0.044700 0.174300 0.000000 0.086900 0.172500 0.233100 0.169500 0.206400 0.127100 0.152200 0.227500 0.190000
WhiteTaile 0.142700 0.459500 0.116900 0.349700 0.164100 0.142700 0.201100 0.118500 0.181500 0.118400 0.117000 0.127000 0.118700 0.171000 0.171200 0.195000 0.191800 0.228100 0.100700 0.145100 0.149700 0.130200 0.071300 0.026100 0.145900 0.134700 0.118700 0.181500 0.113700 0.101300 0.103600 0.186900 0.180600 0.148300 0.193800 0.117500 0.134100 0.195000 0.166900 0.103900 0.071100 0.164800 0.086900 0.000000 0.163300 0.219600 0.160700 0.194800 0.153000 0.129000 0.181500 0.147200
Cattle 0.132700 0.508300 0.170400 0.364900 0.153400 0.132700 0.191200 0.139500 0.172300 0.173100 0.121300 0.115700 0.090800 0.196500 0.125800 0.184500 0.215700 0.219900 0.073400 0.167600 0.139400 0.134900 0.154900 0.191700 0.135200 0.123100 0.090800 0.172300 0.133100 0.121000 0.192500 0.142600 0.204800 0.120900 0.166900 0.043300 0.106600 0.185000 0.156000 0.231900 0.154900 0.137700 0.172500 0.163300 0.000000 0.209400 0.150200 0.151100 0.124500 0.198900 0.172300 0.153100
RoyalAntel 0.202400 0.469800 0.211400 0.334500 0.209400 0.202400 0.253000 0.195800 0.213300 0.234400 0.192200 0.201600 0.160800 0.260100 0.166000 0.207200 0.222900 0.263400 0.139400 0.242800 0.213300 0.205800 0.177400 0.249200 0.223700 0.160600 0.160800 0.213300 0.186300 0.158600 0.217500 0.237900 0.211800 0.192800 0.241100 0.195200 0.176900 0.243000 0.177600 0.221200 0.177400 0.158000 0.233100 0.219600 0.209400 0.000000 0.187700 0.191000 0.145800 0.205300 0.213300 0.175300
Steenbok 0.145400 0.495500 0.134800 0.282500 0.057400 0.145400 0.187000 0.104800 0.168800 0.205100 0.134500 0.114000 0.104900 0.192100 0.123700 0.148400 0.178300 0.214800 0.086900 0.164300 0.120300 0.148500 0.152300 0.188600 0.164000 0.058500 0.104900 0.168800 0.100100 0.087900 0.189100 0.173000 0.167100 0.119000 0.179400 0.136100 0.120100 0.086600 0.120500 0.227700 0.152300 0.087700 0.169500 0.160700 0.150200 0.187700 0.000000 0.116800 0.105800 0.130600 0.168800 0.134200
Impala 0.147700 0.389300 0.168500 0.285700 0.151800 0.147700 0.207600 0.172300 0.169900 0.243800 0.169100 0.146000 0.138300 0.213200 0.092200 0.151000 0.165000 0.235500 0.119100 0.198200 0.188900 0.182600 0.188000 0.223200 0.166400 0.121800 0.138300 0.169900 0.164200 0.119700 0.227400 0.193100 0.169300 0.152500 0.216200 0.137300 0.154400 0.183100 0.155000 0.231000 0.188000 0.152400 0.206400 0.194800 0.151100 0.191000 0.116800 0.000000 0.091200 0.163700 0.169900 0.103600
Klipspring 0.136900 0.450900 0.125400 0.319500 0.141600 0.136900 0.110600 0.127500 0.126500 0.162600 0.125200 0.120000 0.077500 0.148600 0.063400 0.140100 0.171600 0.209400 0.074900 0.155900 0.144100 0.139200 0.144200 0.182200 0.156000 0.077600 0.077500 0.126500 0.121400 0.076600 0.146300 0.129700 0.125100 0.108200 0.171800 0.110000 0.110100 0.173900 0.110500 0.148700 0.144200 0.108500 0.127100 0.153000 0.124500 0.145800 0.105800 0.091200 0.000000 0.154700 0.126500 0.092300
ForestMusk 0.161600 0.423200 0.182900 0.262400 0.166000 0.161600 0.204300 0.152500 0.218100 0.152900 0.167300 0.192200 0.151800 0.245900 0.173200 0.232000 0.130200 0.163800 0.133200 0.179100 0.151900 0.163700 0.103500 0.156600 0.197500 0.136200 0.151800 0.218100 0.146200 0.133900 0.137600 0.225000 0.118000 0.133700 0.230700 0.151300 0.168800 0.197400 0.203200 0.173100 0.103500 0.166600 0.152200 0.129000 0.198900 0.205300 0.130600 0.163700 0.154700 0.000000 0.218100 0.181900
Bushbuck 0.166400 0.510600 0.122000 0.350000 0.207700 0.166400 0.211900 0.193300 0.000000 0.266900 0.122200 0.163700 0.124200 0.199900 0.145000 0.204700 0.233500 0.237100 0.105600 0.028500 0.175000 0.169300 0.208800 0.210200 0.152200 0.141500 0.124200 0.000000 0.184000 0.074000 0.249700 0.162400 0.223100 0.155100 0.202100 0.173500 0.107500 0.241000 0.176200 0.254400 0.208800 0.173000 0.227500 0.181500 0.172300 0.213300 0.168800 0.169900 0.126500 0.218100 0.000000 0.059000
GreaterKud 0.132500 0.485600 0.089000 0.346500 0.170600 0.132500 0.174300 0.156700 0.058500 0.227100 0.121200 0.130500 0.090700 0.179300 0.109600 0.168500 0.181300 0.218600 0.073400 0.087200 0.173300 0.134700 0.172100 0.175400 0.151000 0.107000 0.090700 0.059000 0.149300 0.043500 0.210600 0.126200 0.186100 0.120700 0.166600 0.154400 0.106600 0.202700 0.140000 0.214300 0.172100 0.137500 0.190000 0.147200 0.153100 0.175300 0.134200 0.103600 0.092300 0.181900 0.059000 0.000000
