1
52 1
Argali 0.000000 0.479600 0.232700 0.475800 0.167000 0.031000 0.173200 0.164400 0.232700 0.187400 0.094900 0.164200 0.100400 0.125800 0.142800 0.235300 0.235100 0.097500 0.094900 0.262900 0.134600 0.095400 0.226700 0.255500 0.094900 0.150900 0.133000 0.265700 0.133800 0.264700 0.185800 0.135000 0.302400 0.067700 0.201000 0.064000 0.064300 0.207800 0.165600 0.258700 0.228100 0.127600 0.189800 0.296800 0.101400 0.225100 0.230000 0.133100 0.102100 0.201000 0.269600 0.232700
LesserMous 0.479600 0.000000 0.339100 0.268900 0.390300 0.510600 0.465400 0.545600 0.339100 0.510200 0.438600 0.546900 0.425100 0.476800 0.549200 0.506700 0.497000 0.527300 0.553200 0.369300 0.405500 0.559800 0.563400 0.535800 0.438600 0.568400 0.366600 0.373900 0.518300 0.371500 0.506600 0.515200 0.379800 0.432600 0.558100 0.515400 0.516300 0.444000 0.447800 0.478200 0.563300 0.606600 0.514800 0.520700 0.476200 0.490200 0.520900 0.362500 0.478100 0.549100 0.375500 0.339100
LesserKudu 0.232700 0.339100 0.000000 0.389400 0.186800 0.261100 0.269300 0.255600 0.000000 0.291200 0.256500 0.256100 0.194600 0.288500 0.241500 0.250600 0.331500 0.348500 0.256900 0.026500 0.227700 0.259200 0.331700 0.356900 0.256500 0.309800 0.155500 0.026700 0.226900 0.026600 0.289000 0.229300 0.317900 0.163400 0.294200 0.227000 0.227800 0.225500 0.185900 0.275800 0.332800 0.291200 0.294200 0.311000 0.196600 0.241900 0.245900 0.303800 0.197600 0.293700 0.027200 0.000000
KillerWhal 0.475800 0.268900 0.389400 0.000000 0.505100 0.507500 0.648900 0.560600 0.389400 0.458900 0.516500 0.617600 0.487400 0.610000 0.623500 0.529100 0.352700 0.413800 0.569200 0.421000 0.527800 0.489500 0.511200 0.485000 0.516500 0.560000 0.422400 0.426600 0.578500 0.383600 0.456200 0.584900 0.340700 0.496300 0.557500 0.583500 0.585600 0.571000 0.459500 0.431700 0.512500 0.670800 0.463700 0.471600 0.544100 0.622000 0.587300 0.518500 0.546000 0.550800 0.433300 0.389400
DefassaWat 0.167000 0.390300 0.186800 0.505100 0.000000 0.196900 0.162700 0.122300 0.186800 0.219200 0.191600 0.191400 0.129700 0.224400 0.174600 0.188400 0.341900 0.275300 0.191400 0.147400 0.163800 0.193100 0.257600 0.282500 0.191600 0.320800 0.161200 0.217500 0.162500 0.216500 0.217200 0.164700 0.331400 0.098300 0.193700 0.161500 0.162200 0.090100 0.193400 0.205200 0.258800 0.226400 0.221700 0.326300 0.131800 0.209800 0.186100 0.237300 0.132700 0.230500 0.220500 0.186800
Sheep 0.031000 0.510600 0.261100 0.507500 0.196900 0.000000 0.203800 0.193900 0.261100 0.220700 0.124200 0.193800 0.131500 0.154600 0.174900 0.264800 0.264400 0.127800 0.124300 0.290900 0.165000 0.125300 0.259800 0.287200 0.124200 0.178500 0.163400 0.293900 0.164400 0.292300 0.219000 0.165600 0.334700 0.099600 0.230500 0.094300 0.094700 0.237900 0.195300 0.290200 0.261300 0.156800 0.223300 0.328200 0.132800 0.257400 0.260700 0.163100 0.133600 0.230900 0.298100 0.261100
MaxwellsDu 0.173200 0.465400 0.269300 0.648900 0.162700 0.203800 0.000000 0.128200 0.269300 0.227700 0.200000 0.199900 0.135600 0.160000 0.181400 0.196300 0.272900 0.206800 0.199800 0.299400 0.098400 0.201700 0.268500 0.296500 0.200000 0.255600 0.168400 0.302900 0.097800 0.301100 0.226400 0.098900 0.344900 0.102800 0.202300 0.168800 0.169500 0.202400 0.129200 0.299800 0.269800 0.161800 0.230400 0.254000 0.136900 0.181200 0.193300 0.246500 0.137900 0.238700 0.307100 0.269300
GazellaPrz 0.164400 0.545600 0.255600 0.560600 0.122300 0.193900 0.128200 0.000000 0.255600 0.214300 0.122100 0.189000 0.128200 0.153000 0.169700 0.185300 0.258100 0.272200 0.121600 0.211600 0.093800 0.158100 0.252400 0.278800 0.122100 0.243900 0.159500 0.287800 0.092800 0.212900 0.212600 0.094000 0.325100 0.097000 0.225000 0.159900 0.160500 0.231500 0.058700 0.201600 0.253800 0.153500 0.217200 0.318400 0.129400 0.250900 0.183900 0.233700 0.130300 0.225400 0.291600 0.255600
MountainNy 0.232700 0.339100 0.000000 0.389400 0.186800 0.261100 0.269300 0.255600 0.000000 0.291200 0.256500 0.256100 0.194600 0.288500 0.241500 0.250600 0.331500 0.348500 0.256900 0.026500 0.227700 0.259200 0.331700 0.356900 0.256500 0.309800 0.155500 0.026700 0.226900 0.026600 0.289000 0.229300 0.317900 0.163400 0.294200 0.227000 0.227800 0.225500 0.185900 0.275800 0.332800 0.291200 0.294200 0.311000 0.196600 0.241900 0.245900 0.303800 0.197600 0.293700 0.027200 0.000000
MuntiacusM 0.187400 0.510200 0.291200 0.458900 0.219200 0.220700 0.227700 0.214300 0.291200 0.000000 0.177800 0.215500 0.146300 0.212400 0.196800 0.246300 0.210500 0.142300 0.215700 0.323300 0.145200 0.217700 0.036500 0.070600 0.177800 0.359300 0.181700 0.327600 0.182000 0.325600 0.000100 0.184300 0.188500 0.111000 0.256000 0.182200 0.183000 0.265500 0.216500 0.071200 0.036800 0.253700 0.000100 0.107600 0.147800 0.196600 0.289200 0.225700 0.149000 0.176300 0.332500 0.291200
goat 0.094900 0.438600 0.256500 0.516500 0.191600 0.124200 0.200000 0.122100 0.256500 0.177800 0.000000 0.188700 0.127900 0.087300 0.171600 0.234400 0.222200 0.160200 0.058200 0.285500 0.093000 0.090700 0.215100 0.240800 0.000000 0.244500 0.159000 0.288700 0.161900 0.213300 0.176200 0.162300 0.287000 0.096900 0.224300 0.091800 0.092100 0.233400 0.123000 0.245400 0.216200 0.154400 0.179900 0.281900 0.129900 0.251900 0.255000 0.159600 0.130800 0.192200 0.292800 0.256500
AfricanBuf 0.164200 0.546900 0.256100 0.617600 0.191400 0.193800 0.199900 0.189000 0.256100 0.215500 0.188700 0.000000 0.127600 0.152000 0.171600 0.258300 0.337400 0.271400 0.188600 0.285000 0.161100 0.190300 0.253700 0.278300 0.188700 0.316900 0.158700 0.215000 0.160000 0.286700 0.213700 0.093800 0.242300 0.096700 0.224000 0.092100 0.159700 0.233200 0.190700 0.283600 0.254800 0.223100 0.218000 0.321200 0.062600 0.251200 0.254600 0.233600 0.063000 0.156000 0.217700 0.256100
Topi 0.100400 0.425100 0.194600 0.487400 0.129700 0.131500 0.135600 0.128200 0.194600 0.146300 0.127900 0.127600 0.000000 0.160200 0.104800 0.196300 0.272600 0.206300 0.127900 0.224400 0.098500 0.129000 0.184200 0.135000 0.127900 0.256100 0.031100 0.226700 0.097800 0.225600 0.145100 0.099100 0.175200 0.030400 0.162500 0.097100 0.097600 0.169000 0.129200 0.215900 0.185300 0.161800 0.148100 0.253200 0.066100 0.182600 0.193600 0.169500 0.066600 0.164500 0.230000 0.194600
CommonDuik 0.125800 0.476800 0.288500 0.610000 0.224400 0.154600 0.160000 0.153000 0.288500 0.212400 0.087300 0.152000 0.160200 0.000000 0.204800 0.192300 0.336200 0.193000 0.151600 0.317500 0.059700 0.152800 0.250300 0.276800 0.087300 0.205800 0.191400 0.246000 0.124400 0.319300 0.210700 0.060400 0.239700 0.129300 0.257600 0.059300 0.123000 0.266000 0.154100 0.280100 0.251600 0.118800 0.214900 0.316600 0.093500 0.287600 0.214500 0.190700 0.094200 0.153800 0.249200 0.288500
Suni 0.142800 0.549200 0.241500 0.623500 0.174600 0.174900 0.181400 0.169700 0.241500 0.196800 0.171600 0.171600 0.104800 0.204800 0.000000 0.244300 0.328800 0.259100 0.170900 0.271800 0.140300 0.172700 0.237400 0.266800 0.171600 0.305100 0.138500 0.275300 0.138600 0.273500 0.195000 0.140900 0.314800 0.070900 0.209200 0.139000 0.139600 0.217900 0.171400 0.269600 0.238500 0.206800 0.199200 0.311400 0.105900 0.235000 0.240400 0.218300 0.106600 0.211400 0.279400 0.241500
Springbuck 0.235300 0.506700 0.250600 0.529100 0.188400 0.264800 0.196300 0.185300 0.250600 0.246300 0.234400 0.258300 0.196300 0.192300 0.244300 0.000000 0.368600 0.303000 0.186000 0.279000 0.132000 0.187500 0.284600 0.309600 0.234400 0.311500 0.228100 0.282000 0.089800 0.280600 0.244400 0.159400 0.356500 0.164900 0.220300 0.229300 0.230200 0.227800 0.186700 0.313500 0.286000 0.217200 0.249600 0.349900 0.198200 0.332300 0.115800 0.281600 0.199400 0.254200 0.285500 0.250600
Okapi 0.235100 0.497000 0.331500 0.352700 0.341900 0.264400 0.272900 0.258100 0.331500 0.210500 0.222200 0.337400 0.272600 0.336200 0.328800 0.368600 0.000000 0.122300 0.257800 0.361700 0.272000 0.303700 0.248300 0.272700 0.222200 0.311500 0.306600 0.366200 0.309000 0.283100 0.208900 0.313100 0.321500 0.239900 0.379400 0.307400 0.308300 0.395500 0.260500 0.278100 0.249600 0.293800 0.213000 0.160300 0.277700 0.331000 0.413700 0.268700 0.279200 0.298100 0.371700 0.331500
Giraffe 0.097500 0.527300 0.348500 0.413800 0.275300 0.127800 0.206800 0.272200 0.348500 0.142300 0.160200 0.271400 0.206300 0.193000 0.259100 0.303000 0.122300 0.000000 0.194600 0.379500 0.206500 0.196200 0.179300 0.206400 0.160200 0.250200 0.239900 0.384900 0.242500 0.382300 0.141100 0.245300 0.251200 0.173300 0.311500 0.163900 0.164500 0.325200 0.275100 0.210400 0.180400 0.230700 0.144100 0.168700 0.210000 0.260800 0.345300 0.203600 0.211400 0.234000 0.390800 0.348500
TibetanAnt 0.094900 0.553200 0.256900 0.569200 0.191400 0.124300 0.199800 0.121600 0.256900 0.215700 0.058200 0.188600 0.127900 0.151600 0.170900 0.186000 0.257800 0.194600 0.000000 0.286300 0.161600 0.029200 0.254100 0.278700 0.058200 0.244000 0.159100 0.289400 0.092700 0.213800 0.213900 0.162400 0.328200 0.096800 0.153700 0.091800 0.092200 0.233000 0.122400 0.284300 0.255400 0.153600 0.218300 0.321200 0.129900 0.252000 0.183300 0.233400 0.130800 0.226600 0.293500 0.256900
Sitatunga 0.262900 0.369300 0.026500 0.421000 0.147400 0.290900 0.299400 0.211600 0.026500 0.323300 0.285500 0.285000 0.224400 0.317500 0.271800 0.279000 0.361700 0.379500 0.286300 0.000000 0.257100 0.288700 0.364100 0.388100 0.285500 0.338200 0.184600 0.052900 0.256400 0.052800 0.320900 0.259200 0.349700 0.193600 0.323500 0.256600 0.257400 0.254600 0.214700 0.227200 0.365200 0.320300 0.326600 0.341400 0.226600 0.273200 0.274000 0.333400 0.227700 0.322700 0.053900 0.026500
Oribi 0.134600 0.405500 0.227700 0.527800 0.163800 0.165000 0.098400 0.093800 0.227700 0.145200 0.093000 0.161100 0.098500 0.059700 0.140300 0.132000 0.272000 0.206500 0.161600 0.257100 0.000000 0.163100 0.182700 0.211600 0.093000 0.217700 0.130400 0.259800 0.063600 0.258500 0.144000 0.064000 0.254700 0.066400 0.196900 0.131000 0.131500 0.203700 0.094500 0.214200 0.183800 0.126100 0.147100 0.250900 0.099400 0.220000 0.156300 0.130300 0.100100 0.163200 0.263300 0.227700
BarbaryShe 0.095400 0.559800 0.259200 0.489500 0.193100 0.125300 0.201700 0.158100 0.259200 0.217700 0.090700 0.190300 0.129000 0.152800 0.172700 0.187500 0.303700 0.196200 0.029200 0.288700 0.163100 0.000000 0.256500 0.281300 0.090700 0.245800 0.160500 0.291900 0.093500 0.255100 0.215900 0.163800 0.331200 0.097600 0.155000 0.092600 0.092900 0.235200 0.159400 0.287000 0.257900 0.154800 0.220400 0.324400 0.131000 0.254500 0.184700 0.235600 0.131900 0.228600 0.296000 0.259200
Daviddeer 0.226700 0.563400 0.331700 0.511200 0.257600 0.259800 0.268500 0.252400 0.331700 0.036500 0.215100 0.253700 0.184200 0.250300 0.237400 0.284600 0.248300 0.179300 0.254100 0.364100 0.182700 0.256500 0.000000 0.106400 0.215100 0.350900 0.220000 0.369500 0.220200 0.366900 0.035900 0.223700 0.228600 0.148900 0.295500 0.220600 0.178400 0.258200 0.255200 0.107400 0.074000 0.293000 0.037000 0.144000 0.185000 0.237700 0.328800 0.265200 0.187600 0.213100 0.375100 0.331700
Reindeer 0.255500 0.535800 0.356900 0.485000 0.282500 0.287200 0.296500 0.278800 0.356900 0.070600 0.240800 0.278300 0.135000 0.276800 0.266800 0.309600 0.272700 0.206400 0.278700 0.388100 0.211600 0.281300 0.106400 0.000000 0.240800 0.424200 0.167800 0.393900 0.248100 0.391200 0.070000 0.252100 0.175300 0.178200 0.319000 0.246800 0.247600 0.332900 0.281900 0.138700 0.107200 0.318500 0.071500 0.173900 0.215800 0.267400 0.353800 0.292800 0.217200 0.240500 0.399400 0.356900
Ibex 0.094900 0.438600 0.256500 0.516500 0.191600 0.124200 0.200000 0.122100 0.256500 0.177800 0.000000 0.188700 0.127900 0.087300 0.171600 0.234400 0.222200 0.160200 0.058200 0.285500 0.093000 0.090700 0.215100 0.240800 0.000000 0.244500 0.159000 0.288700 0.161900 0.213300 0.176200 0.162300 0.287000 0.096900 0.224300 0.091800 0.092100 0.233400 0.123000 0.245400 0.216200 0.154400 0.179900 0.281900 0.129900 0.251900 0.255000 0.159600 0.130800 0.192200 0.292800 0.256500
GyrantGaze 0.150900 0.568400 0.309800 0.560000 0.320800 0.178500 0.255600 0.243900 0.309800 0.359300 0.244500 0.316900 0.256100 0.205800 0.305100 0.311500 0.311500 0.250200 0.244000 0.338200 0.217700 0.245800 0.350900 0.424200 0.244500 0.000000 0.215000 0.342000 0.216100 0.340300 0.356800 0.218300 0.385800 0.225300 0.357000 0.214900 0.144300 0.278100 0.177500 0.340800 0.403000 0.081900 0.363900 0.467000 0.258100 0.398800 0.308300 0.287600 0.260000 0.355800 0.346700 0.309800
Hartebeest 0.133000 0.366600 0.155500 0.422400 0.161200 0.163400 0.168400 0.159500 0.155500 0.181700 0.159000 0.158700 0.031100 0.191400 0.138500 0.228100 0.306600 0.239900 0.159100 0.184600 0.130400 0.160500 0.220000 0.167800 0.159000 0.215000 0.000000 0.186300 0.129600 0.185500 0.180200 0.131300 0.134300 0.065300 0.194100 0.128800 0.129300 0.201600 0.093100 0.171900 0.221100 0.193300 0.183900 0.287900 0.098500 0.217800 0.225000 0.202200 0.099100 0.196300 0.188900 0.155500
Bongo 0.265700 0.373900 0.026700 0.426600 0.217500 0.293900 0.302900 0.287800 0.026700 0.327600 0.288700 0.215000 0.226700 0.246000 0.275300 0.282000 0.366200 0.384900 0.289400 0.052900 0.259800 0.291900 0.369500 0.393900 0.288700 0.342000 0.186300 0.000000 0.259200 0.053100 0.325400 0.188700 0.270500 0.195600 0.327300 0.186700 0.260300 0.257400 0.216800 0.310600 0.370500 0.324000 0.331000 0.345900 0.157200 0.276400 0.276800 0.337700 0.158000 0.250400 0.000100 0.026700
Gerenuk 0.133800 0.518300 0.226900 0.578500 0.162500 0.164400 0.097800 0.092800 0.226900 0.182000 0.161900 0.160000 0.097800 0.124400 0.138600 0.089800 0.309000 0.242500 0.092700 0.256400 0.063600 0.093500 0.220200 0.248100 0.161900 0.216100 0.129600 0.259200 0.000000 0.257800 0.180400 0.063700 0.293400 0.065900 0.125300 0.130200 0.130700 0.202000 0.093400 0.251200 0.221500 0.123900 0.184500 0.288000 0.098700 0.219000 0.089800 0.204100 0.099400 0.196400 0.262600 0.226900
CommonElan 0.264700 0.371500 0.026600 0.383600 0.216500 0.292300 0.301100 0.212900 0.026600 0.325600 0.213300 0.286700 0.225600 0.319300 0.273500 0.280600 0.283100 0.382300 0.213800 0.052800 0.258500 0.255100 0.366900 0.391200 0.213300 0.340300 0.185500 0.053100 0.257800 0.000000 0.323300 0.260500 0.352300 0.194600 0.325500 0.258000 0.258900 0.256000 0.147800 0.308800 0.367900 0.322200 0.328900 0.343700 0.227900 0.274700 0.275400 0.335500 0.228900 0.324500 0.054100 0.026600
MuntiacusR 0.185800 0.506600 0.289000 0.456200 0.217200 0.219000 0.226400 0.212600 0.289000 0.000100 0.176200 0.213700 0.145100 0.210700 0.195000 0.244400 0.208900 0.141100 0.213900 0.320900 0.144000 0.215900 0.035900 0.070000 0.176200 0.356800 0.180200 0.325400 0.180400 0.323300 0.000000 0.183300 0.187000 0.110000 0.254000 0.180700 0.181400 0.263200 0.214800 0.070600 0.036500 0.251700 0.000100 0.106600 0.146600 0.194900 0.286900 0.223700 0.147700 0.174900 0.330200 0.289000
HarveysDui 0.135000 0.515200 0.229300 0.584900 0.164700 0.165600 0.098900 0.094000 0.229300 0.184300 0.162300 0.093800 0.099100 0.060400 0.140900 0.159400 0.313100 0.245300 0.162400 0.259200 0.064000 0.163800 0.223700 0.252100 0.162300 0.218300 0.131300 0.188700 0.063700 0.260500 0.183300 0.000000 0.213800 0.066800 0.198300 0.063500 0.132100 0.204700 0.094600 0.255000 0.224900 0.126200 0.186800 0.294800 0.032200 0.221400 0.157200 0.205300 0.032400 0.127900 0.191300 0.229300
Pronghorn 0.302400 0.379800 0.317900 0.340700 0.331400 0.334700 0.344900 0.325100 0.317900 0.188500 0.287000 0.242300 0.175200 0.239700 0.314800 0.356500 0.321500 0.251200 0.328200 0.349700 0.254700 0.331200 0.228600 0.175300 0.287000 0.385800 0.134300 0.270500 0.293400 0.352300 0.187000 0.213800 0.000000 0.222400 0.371500 0.211200 0.295500 0.384500 0.244600 0.178600 0.230000 0.366900 0.190900 0.298800 0.177900 0.316800 0.403000 0.341300 0.179300 0.203400 0.274600 0.317900
BlueWildeb 0.067700 0.432600 0.163400 0.496300 0.098300 0.099600 0.102800 0.097000 0.163400 0.111000 0.096900 0.096700 0.030400 0.129300 0.070900 0.164900 0.239900 0.173300 0.096800 0.193600 0.066400 0.097600 0.148900 0.178200 0.096900 0.225300 0.065300 0.195600 0.065900 0.194600 0.110000 0.066800 0.222400 0.000000 0.131200 0.065400 0.065700 0.136600 0.097800 0.181600 0.149800 0.130600 0.112400 0.219100 0.033400 0.147700 0.162700 0.137100 0.033700 0.132900 0.198400 0.163400
Gemsbok 0.201000 0.558100 0.294200 0.557500 0.193700 0.230500 0.202300 0.225000 0.294200 0.256000 0.224300 0.224000 0.162500 0.257600 0.209200 0.220300 0.379400 0.311500 0.153700 0.323500 0.196900 0.155000 0.295500 0.319000 0.224300 0.357000 0.194100 0.327300 0.125300 0.325500 0.254000 0.198300 0.371500 0.131200 0.000000 0.194600 0.195300 0.235800 0.227100 0.325300 0.296700 0.260300 0.259000 0.363400 0.165200 0.254500 0.217300 0.271600 0.166300 0.263700 0.332100 0.294200
Yak 0.064000 0.515400 0.227000 0.583500 0.161500 0.094300 0.168800 0.159900 0.227000 0.182200 0.091800 0.092100 0.097100 0.059300 0.139000 0.229300 0.307400 0.163900 0.091800 0.256600 0.131000 0.092600 0.220600 0.246800 0.091800 0.214900 0.128800 0.186700 0.130200 0.258000 0.180700 0.063500 0.211200 0.065400 0.194600 0.000000 0.062200 0.202200 0.161300 0.251700 0.221800 0.124100 0.184400 0.289100 0.031800 0.219100 0.225600 0.202800 0.032000 0.126400 0.189300 0.227000
BlueSheep 0.064300 0.516300 0.227800 0.585600 0.162200 0.094700 0.169500 0.160500 0.227800 0.183000 0.092100 0.159700 0.097600 0.123000 0.139600 0.230200 0.308300 0.164500 0.092200 0.257400 0.131500 0.092900 0.178400 0.247600 0.092100 0.144300 0.129300 0.260300 0.130700 0.258900 0.181400 0.132100 0.295500 0.065700 0.195300 0.062200 0.000000 0.126700 0.161900 0.252500 0.222600 0.124600 0.185200 0.290100 0.098800 0.219900 0.226400 0.203500 0.099800 0.197400 0.264000 0.227800
BohorReedb 0.207800 0.444000 0.225500 0.571000 0.090100 0.237900 0.202400 0.231500 0.225500 0.265500 0.233400 0.233200 0.169000 0.266000 0.217900 0.227800 0.395500 0.325200 0.233000 0.254600 0.203700 0.235200 0.258200 0.332900 0.233400 0.278100 0.201600 0.257400 0.202000 0.256000 0.263200 0.204700 0.384500 0.136600 0.235800 0.202200 0.126700 0.000000 0.233800 0.336700 0.307300 0.268600 0.268500 0.378300 0.170300 0.254100 0.224700 0.282400 0.170700 0.273500 0.260900 0.225500
KirksDik 0.165600 0.447800 0.185900 0.459500 0.193400 0.195300 0.129200 0.058700 0.185900 0.216500 0.123000 0.190700 0.129200 0.154100 0.171400 0.186700 0.260500 0.275100 0.122400 0.214700 0.094500 0.159400 0.255200 0.281900 0.123000 0.177500 0.093100 0.216800 0.093400 0.147800 0.214800 0.094600 0.244600 0.097800 0.227100 0.161300 0.161900 0.233800 0.000000 0.205100 0.256400 0.154700 0.219300 0.321800 0.130500 0.253300 0.185400 0.236000 0.131300 0.227500 0.219700 0.185900
RoeDeer 0.258700 0.478200 0.275800 0.431700 0.205200 0.290200 0.299800 0.201600 0.275800 0.071200 0.245400 0.283600 0.215900 0.280100 0.269600 0.313500 0.278100 0.210400 0.284300 0.227200 0.214200 0.287000 0.107400 0.138700 0.245400 0.340800 0.171900 0.310600 0.251200 0.308800 0.070600 0.255000 0.178600 0.181600 0.325300 0.251700 0.252500 0.336700 0.205100 0.000000 0.108200 0.322500 0.072200 0.175800 0.218200 0.270500 0.356400 0.296100 0.219800 0.242000 0.315100 0.275800
WhiteLippe 0.228100 0.563300 0.332800 0.512500 0.258800 0.261300 0.269800 0.253800 0.332800 0.036800 0.216200 0.254800 0.185300 0.251600 0.238500 0.286000 0.249600 0.180400 0.255400 0.365200 0.183800 0.257900 0.074000 0.107200 0.216200 0.403000 0.221100 0.370500 0.221500 0.367900 0.036500 0.224900 0.230000 0.149800 0.296700 0.221800 0.222600 0.307300 0.256400 0.108200 0.000000 0.294500 0.037400 0.145100 0.187200 0.239100 0.332600 0.266500 0.188800 0.214300 0.376200 0.332800
ThomsonGaz 0.127600 0.606600 0.291200 0.670800 0.226400 0.156800 0.161800 0.153500 0.291200 0.253700 0.154400 0.223100 0.161800 0.118800 0.206800 0.217200 0.293800 0.230700 0.153600 0.320300 0.126100 0.154800 0.293000 0.318500 0.154400 0.081900 0.193300 0.324000 0.123900 0.322200 0.251700 0.126200 0.366900 0.130600 0.260300 0.124100 0.124600 0.268600 0.154700 0.322500 0.294500 0.000000 0.257100 0.360000 0.163400 0.291300 0.216800 0.271100 0.164400 0.260900 0.328300 0.291200
MuntiacusC 0.189800 0.514800 0.294200 0.463700 0.221700 0.223300 0.230400 0.217200 0.294200 0.000100 0.179900 0.218000 0.148100 0.214900 0.199200 0.249600 0.213000 0.144100 0.218300 0.326600 0.147100 0.220400 0.037000 0.071500 0.179900 0.363900 0.183900 0.331000 0.184500 0.328900 0.000100 0.186800 0.190900 0.112400 0.259000 0.184400 0.185200 0.268500 0.219300 0.072200 0.037400 0.257100 0.000000 0.109000 0.149700 0.199400 0.293000 0.228400 0.150900 0.178400 0.335900 0.294200
WhiteTaile 0.296800 0.520700 0.311000 0.471600 0.326300 0.328200 0.254000 0.318400 0.311000 0.107600 0.281900 0.321200 0.253200 0.316600 0.311400 0.349900 0.160300 0.168700 0.321200 0.341400 0.250900 0.324400 0.144000 0.173900 0.281900 0.467000 0.287900 0.345900 0.288000 0.343700 0.106600 0.294800 0.298800 0.219100 0.363400 0.289100 0.290100 0.378300 0.321800 0.175800 0.145100 0.360000 0.109000 0.000000 0.255900 0.310800 0.396100 0.336200 0.258000 0.279500 0.350700 0.311000
Cattle 0.101400 0.476200 0.196600 0.544100 0.131800 0.132800 0.136900 0.129400 0.196600 0.147800 0.129900 0.062600 0.066100 0.093500 0.105900 0.198200 0.277700 0.210000 0.129900 0.226600 0.099400 0.131000 0.185000 0.215800 0.129900 0.258100 0.098500 0.157200 0.098700 0.227900 0.146600 0.032200 0.177900 0.033400 0.165200 0.031800 0.098800 0.170300 0.130500 0.218200 0.187200 0.163400 0.149700 0.255900 0.000000 0.184700 0.195500 0.171400 0.000100 0.096100 0.159300 0.196600
RoyalAntel 0.225100 0.490200 0.241900 0.622000 0.209800 0.257400 0.181200 0.250900 0.241900 0.196600 0.251900 0.251200 0.182600 0.287600 0.235000 0.332300 0.331000 0.260800 0.252000 0.273200 0.220000 0.254500 0.237700 0.267400 0.251900 0.398800 0.217800 0.276400 0.219000 0.274700 0.194900 0.221400 0.316800 0.147700 0.254500 0.219100 0.219900 0.254100 0.253300 0.270500 0.239100 0.291300 0.199400 0.310800 0.184700 0.000000 0.325200 0.303500 0.186000 0.294000 0.280700 0.241900
Steenbok 0.230000 0.520900 0.245900 0.587300 0.186100 0.260700 0.193300 0.183900 0.245900 0.289200 0.255000 0.254600 0.193600 0.214500 0.240400 0.115800 0.413700 0.345300 0.183300 0.274000 0.156300 0.184700 0.328800 0.353800 0.255000 0.308300 0.225000 0.276800 0.089800 0.275400 0.286900 0.157200 0.403000 0.162700 0.217300 0.225600 0.226400 0.224700 0.185400 0.356400 0.332600 0.216800 0.293000 0.396100 0.195500 0.325200 0.000000 0.301900 0.196600 0.296700 0.280100 0.245900
Impala 0.133100 0.362500 0.303800 0.518500 0.237300 0.163100 0.246500 0.233700 0.303800 0.225700 0.159600 0.233600 0.169500 0.190700 0.218300 0.281600 0.268700 0.203600 0.233400 0.333400 0.130300 0.235600 0.265200 0.292800 0.159600 0.287600 0.202200 0.337700 0.204100 0.335500 0.223700 0.205300 0.341300 0.137100 0.271600 0.202800 0.203500 0.282400 0.236000 0.296100 0.266500 0.271100 0.228400 0.336200 0.171400 0.303500 0.301900 0.000000 0.172500 0.236500 0.343000 0.303800
Klipspring 0.102100 0.478100 0.197600 0.546000 0.132700 0.133600 0.137900 0.130300 0.197600 0.149000 0.130800 0.063000 0.066600 0.094200 0.106600 0.199400 0.279200 0.211400 0.130800 0.227700 0.100100 0.131900 0.187600 0.217200 0.130800 0.260000 0.099100 0.158000 0.099400 0.228900 0.147700 0.032400 0.179300 0.033700 0.166300 0.032000 0.099800 0.170700 0.131300 0.219800 0.188800 0.164400 0.150900 0.258000 0.000100 0.186000 0.196600 0.172500 0.000000 0.096800 0.160200 0.197600
ForestMusk 0.201000 0.549100 0.293700 0.550800 0.230500 0.230900 0.238700 0.225400 0.293700 0.176300 0.192200 0.156000 0.164500 0.153800 0.211400 0.254200 0.298100 0.234000 0.226600 0.322700 0.163200 0.228600 0.213100 0.240500 0.192200 0.355800 0.196300 0.250400 0.196400 0.324500 0.174900 0.127900 0.203400 0.132900 0.263700 0.126400 0.197400 0.273500 0.227500 0.242000 0.214300 0.260900 0.178400 0.279500 0.096100 0.294000 0.296700 0.236500 0.096800 0.000000 0.253500 0.293700
Bushbuck 0.269600 0.375500 0.027200 0.433300 0.220500 0.298100 0.307100 0.291600 0.027200 0.332500 0.292800 0.217700 0.230000 0.249200 0.279400 0.285500 0.371700 0.390800 0.293500 0.053900 0.263300 0.296000 0.375100 0.399400 0.292800 0.346700 0.188900 0.000100 0.262600 0.054100 0.330200 0.191300 0.274600 0.198400 0.332100 0.189300 0.264000 0.260900 0.219700 0.315100 0.376200 0.328300 0.335900 0.350700 0.159300 0.280700 0.280100 0.343000 0.160200 0.253500 0.000000 0.027200
GreaterKud 0.232700 0.339100 0.000000 0.389400 0.186800 0.261100 0.269300 0.255600 0.000000 0.291200 0.256500 0.256100 0.194600 0.288500 0.241500 0.250600 0.331500 0.348500 0.256900 0.026500 0.227700 0.259200 0.331700 0.356900 0.256500 0.309800 0.155500 0.026700 0.226900 0.026600 0.289000 0.229300 0.317900 0.163400 0.294200 0.227000 0.227800 0.225500 0.185900 0.275800 0.332800 0.291200 0.294200 0.311000 0.196600 0.241900 0.245900 0.303800 0.197600 0.293700 0.027200 0.000000
