1
52 1
Argali 0.000000 0.144500 0.081100 0.114000 0.073700 0.018000 0.091000 0.035800 0.081800 0.160300 0.027300 0.062700 0.073800 0.063600 0.073700 0.054800 0.110200 0.120800 0.073500 0.091500 0.054300 0.018300 0.163700 0.149000 0.027300 0.084000 0.064700 0.101000 0.055300 0.063000 0.170500 0.073100 0.144400 0.064700 0.054800 0.073400 0.037100 0.072900 0.072900 0.096000 0.150000 0.074300 0.172500 0.116300 0.054500 0.082300 0.054300 0.073900 0.064000 0.092200 0.081400 0.072000
LesserMous 0.144500 0.000000 0.111700 0.104600 0.145300 0.135600 0.152500 0.123400 0.133000 0.229500 0.136400 0.121900 0.145500 0.133100 0.155600 0.145600 0.183200 0.173800 0.134500 0.143500 0.123100 0.146000 0.234500 0.206700 0.136400 0.177900 0.136000 0.153600 0.145200 0.112800 0.216800 0.134000 0.157100 0.136000 0.124800 0.124100 0.147200 0.143500 0.133100 0.193400 0.218700 0.157000 0.219300 0.171100 0.113700 0.153100 0.113300 0.144900 0.134500 0.122500 0.131600 0.122200
LesserKudu 0.081100 0.111700 0.000000 0.131700 0.081500 0.072500 0.079700 0.062300 0.034800 0.189000 0.073300 0.052400 0.081600 0.071400 0.081500 0.081800 0.137200 0.128000 0.090600 0.043900 0.062400 0.081900 0.192100 0.176500 0.072800 0.111400 0.072700 0.052800 0.081500 0.017500 0.177200 0.062200 0.130800 0.072700 0.062900 0.044200 0.082400 0.080600 0.044100 0.144100 0.178100 0.082200 0.179200 0.143600 0.044200 0.089900 0.044100 0.081600 0.071900 0.071700 0.034700 0.025900
KillerWhal 0.114000 0.104600 0.131700 0.000000 0.135100 0.115500 0.152400 0.093700 0.133000 0.195200 0.126200 0.121800 0.135400 0.123200 0.114200 0.135400 0.141500 0.162900 0.144900 0.143500 0.113300 0.115200 0.198300 0.195100 0.126200 0.167500 0.125900 0.153600 0.135100 0.112800 0.204700 0.133900 0.146000 0.125800 0.114800 0.124100 0.137000 0.133500 0.123200 0.138200 0.183600 0.146700 0.207100 0.182200 0.113600 0.143100 0.113300 0.114300 0.124500 0.122400 0.131600 0.122200
DefassaWat 0.073700 0.145300 0.081500 0.135100 0.000000 0.064900 0.053800 0.036400 0.063400 0.205700 0.046100 0.044700 0.036300 0.026900 0.093500 0.055100 0.111000 0.101900 0.064200 0.072900 0.036000 0.055300 0.187000 0.171300 0.046100 0.084300 0.027300 0.082200 0.054900 0.063400 0.193400 0.035900 0.145200 0.027300 0.018000 0.054800 0.055800 0.017800 0.054300 0.137700 0.172500 0.074600 0.195600 0.137500 0.036200 0.045000 0.036000 0.055100 0.027500 0.092700 0.081800 0.072400
Sheep 0.018000 0.135600 0.072500 0.115500 0.064900 0.000000 0.082300 0.036200 0.073200 0.162500 0.018600 0.054800 0.065500 0.054800 0.074600 0.046000 0.111500 0.112100 0.074200 0.082800 0.045500 0.018200 0.154500 0.139900 0.018300 0.075100 0.055800 0.092300 0.045800 0.055000 0.161400 0.064300 0.135600 0.055800 0.046000 0.064600 0.027700 0.064100 0.064100 0.097200 0.140900 0.065400 0.163400 0.107200 0.045700 0.073500 0.045500 0.065000 0.055200 0.083500 0.072700 0.063400
MaxwellsDu 0.091000 0.152500 0.079700 0.152400 0.053800 0.082300 0.000000 0.053200 0.080400 0.222900 0.082700 0.043700 0.072400 0.044300 0.091400 0.072500 0.108900 0.099900 0.081500 0.090000 0.053300 0.091900 0.204400 0.188600 0.082700 0.101700 0.063400 0.099300 0.072300 0.062000 0.210700 0.035100 0.141600 0.063400 0.053800 0.072000 0.092600 0.053200 0.071500 0.155200 0.189900 0.092000 0.213000 0.154900 0.053500 0.062200 0.035200 0.091600 0.044700 0.090600 0.080000 0.070800
GazellaPrz 0.035800 0.123400 0.062300 0.093700 0.036400 0.036200 0.053200 0.000000 0.062900 0.159300 0.045700 0.044500 0.036000 0.044800 0.054600 0.036000 0.090600 0.100900 0.063600 0.072700 0.017700 0.036400 0.162500 0.147900 0.045700 0.064400 0.027200 0.081600 0.035900 0.044500 0.169500 0.035600 0.123300 0.027000 0.017800 0.054300 0.055200 0.035800 0.035600 0.095400 0.149000 0.054900 0.171400 0.115400 0.035800 0.044500 0.017700 0.054600 0.026700 0.072800 0.062500 0.053400
MountainNy 0.081800 0.133000 0.034800 0.133000 0.063400 0.073200 0.080400 0.062900 0.000000 0.190900 0.054600 0.052800 0.063500 0.053600 0.082300 0.083000 0.138300 0.129100 0.072400 0.008700 0.062900 0.063700 0.194200 0.178500 0.054600 0.112400 0.054500 0.017500 0.082300 0.017700 0.157300 0.044400 0.132100 0.054500 0.044900 0.026500 0.064100 0.062600 0.044400 0.145500 0.180000 0.083000 0.181000 0.145200 0.026500 0.071800 0.044500 0.063400 0.053900 0.072300 0.035000 0.026100
MuntiacusM 0.160300 0.229500 0.189000 0.195200 0.205700 0.162500 0.222900 0.159300 0.190900 0.000000 0.174300 0.189100 0.183200 0.191600 0.170500 0.206400 0.200400 0.212900 0.216300 0.202400 0.180800 0.162100 0.039600 0.143800 0.174300 0.229300 0.173300 0.213100 0.183400 0.168900 0.028800 0.203700 0.219000 0.173300 0.183400 0.203700 0.186000 0.180900 0.180500 0.089300 0.069200 0.217800 0.009600 0.131600 0.181300 0.190900 0.180700 0.160800 0.193700 0.202800 0.188800 0.178800
goat 0.027300 0.136400 0.073300 0.126200 0.046100 0.018600 0.082700 0.045700 0.054600 0.174300 0.000000 0.054300 0.046200 0.036400 0.084700 0.046200 0.121800 0.112700 0.055400 0.064100 0.045700 0.009300 0.155500 0.140800 0.000000 0.075500 0.037000 0.073500 0.046100 0.054600 0.162400 0.045700 0.136400 0.037000 0.027400 0.045900 0.009300 0.045600 0.064400 0.108000 0.141700 0.065700 0.164400 0.107800 0.027300 0.054900 0.045700 0.046200 0.036600 0.083900 0.073000 0.063600
AfricanBuf 0.062700 0.121900 0.052400 0.121800 0.044700 0.054800 0.043700 0.044500 0.052800 0.189100 0.054300 0.000000 0.063100 0.035300 0.063000 0.063500 0.099000 0.090200 0.072000 0.062000 0.044300 0.063300 0.170700 0.156200 0.054300 0.092100 0.054100 0.071100 0.063000 0.035400 0.177500 0.044200 0.111500 0.054100 0.044600 0.044300 0.063800 0.044700 0.062300 0.124000 0.157200 0.082500 0.179400 0.123900 0.026400 0.071500 0.026300 0.063100 0.053600 0.062400 0.052500 0.043600
Topi 0.073800 0.145500 0.081600 0.135400 0.036300 0.065500 0.072400 0.036000 0.063500 0.183200 0.046200 0.063100 0.000000 0.045300 0.093700 0.055200 0.130800 0.121600 0.064300 0.073000 0.036000 0.055400 0.164400 0.149500 0.046200 0.074500 0.009100 0.082400 0.055000 0.063500 0.171200 0.036000 0.145400 0.009000 0.018300 0.054800 0.056300 0.035900 0.054400 0.116900 0.150600 0.064900 0.173300 0.116600 0.036200 0.026800 0.036000 0.055200 0.027300 0.092900 0.081900 0.072500
CommonDuik 0.063600 0.133100 0.071400 0.123200 0.026900 0.054800 0.044300 0.044800 0.053600 0.191600 0.036400 0.035300 0.045300 0.000000 0.082700 0.064100 0.100000 0.091100 0.035800 0.062900 0.044700 0.045400 0.173000 0.158200 0.036400 0.093100 0.036300 0.072100 0.063900 0.053600 0.179600 0.026600 0.133000 0.036300 0.026900 0.044900 0.045800 0.026600 0.063000 0.125500 0.159200 0.083400 0.181700 0.125400 0.026700 0.035400 0.044700 0.045100 0.017800 0.081900 0.071400 0.062500
Suni 0.073700 0.155600 0.081500 0.114200 0.093500 0.074600 0.091400 0.054600 0.082300 0.170500 0.084700 0.063000 0.093700 0.082700 0.000000 0.093900 0.130100 0.141100 0.102900 0.092100 0.073300 0.074500 0.174100 0.158900 0.084700 0.124200 0.084500 0.101500 0.093600 0.063400 0.180800 0.073400 0.133700 0.084500 0.074200 0.073500 0.094800 0.092400 0.092200 0.105700 0.171800 0.113600 0.183000 0.147000 0.054300 0.101200 0.054400 0.073900 0.083500 0.073200 0.081500 0.072400
Springbuck 0.054800 0.145600 0.081800 0.135400 0.055100 0.046000 0.072500 0.036000 0.083000 0.206400 0.046200 0.063500 0.055200 0.064100 0.093900 0.000000 0.130800 0.121700 0.083600 0.092300 0.036100 0.055400 0.187400 0.171600 0.046200 0.027400 0.046000 0.101800 0.018200 0.063600 0.194000 0.054600 0.145500 0.046000 0.036400 0.074000 0.055800 0.054400 0.054500 0.138000 0.173000 0.036700 0.196300 0.137700 0.054900 0.063700 0.036100 0.074400 0.045500 0.093000 0.082100 0.072600
Okapi 0.110200 0.183200 0.137200 0.141500 0.111000 0.111500 0.108900 0.090600 0.138300 0.200400 0.121800 0.099000 0.130800 0.100000 0.130100 0.130800 0.000000 0.043300 0.140000 0.148600 0.109600 0.111300 0.203400 0.176300 0.121800 0.140300 0.121600 0.158500 0.111000 0.118700 0.209900 0.129500 0.182400 0.121600 0.111000 0.129500 0.132200 0.090700 0.128800 0.123500 0.189100 0.151600 0.212100 0.143400 0.109900 0.119000 0.109600 0.110700 0.120300 0.149100 0.137100 0.127800
Giraffe 0.120800 0.173800 0.128000 0.162900 0.101900 0.112100 0.099900 0.100900 0.129100 0.212900 0.112700 0.090200 0.121600 0.091100 0.141100 0.121700 0.043300 0.000000 0.130900 0.139300 0.100600 0.122000 0.193500 0.166800 0.112700 0.131200 0.112400 0.149100 0.101900 0.109500 0.199800 0.120500 0.173100 0.112400 0.101900 0.120400 0.123000 0.081800 0.119600 0.133800 0.179300 0.142300 0.202000 0.134100 0.100900 0.110000 0.100600 0.101700 0.111200 0.139900 0.127900 0.118700
TibetanAnt 0.073500 0.134500 0.090600 0.144900 0.064200 0.074200 0.081500 0.063600 0.072400 0.216300 0.055400 0.072000 0.064300 0.035800 0.102900 0.083600 0.140000 0.130900 0.000000 0.082000 0.063700 0.064500 0.197600 0.160000 0.055400 0.113900 0.055200 0.091400 0.083400 0.072400 0.203800 0.045000 0.155000 0.055200 0.045500 0.063900 0.065100 0.063500 0.082400 0.147700 0.182900 0.103900 0.206200 0.126700 0.045200 0.054100 0.063700 0.064300 0.036000 0.102000 0.090900 0.081500
Sitatunga 0.091500 0.143500 0.043900 0.143500 0.072900 0.082800 0.090000 0.072700 0.008700 0.202400 0.064100 0.062000 0.073000 0.062900 0.092100 0.092300 0.148600 0.139300 0.082000 0.000000 0.072400 0.073200 0.205900 0.189700 0.064100 0.122700 0.064300 0.026300 0.092000 0.026700 0.168400 0.053700 0.132600 0.064000 0.054200 0.035500 0.073700 0.072000 0.053700 0.156300 0.191300 0.092800 0.192500 0.155800 0.035600 0.081300 0.053700 0.073000 0.063300 0.081900 0.044000 0.035400
Oribi 0.054300 0.123100 0.062400 0.113300 0.036000 0.045500 0.053300 0.017700 0.062900 0.180800 0.045700 0.044300 0.036000 0.044700 0.073300 0.036100 0.109600 0.100600 0.063700 0.072400 0.000000 0.054900 0.162100 0.147500 0.045700 0.064200 0.027100 0.081700 0.036000 0.044500 0.169000 0.035700 0.123000 0.027100 0.017800 0.054200 0.055300 0.035600 0.035300 0.115400 0.148700 0.054800 0.171000 0.115100 0.035800 0.044400 0.017700 0.054500 0.026800 0.072700 0.062400 0.053400
BarbaryShe 0.018300 0.146000 0.081900 0.115200 0.055300 0.018200 0.091900 0.036400 0.063700 0.162100 0.009300 0.063300 0.055400 0.045400 0.074500 0.055400 0.111300 0.122000 0.064500 0.073200 0.054900 0.000000 0.165700 0.150700 0.009100 0.084900 0.046200 0.082600 0.055300 0.064200 0.172500 0.054800 0.146000 0.046200 0.037000 0.055000 0.018400 0.054700 0.073600 0.097000 0.151800 0.075100 0.174500 0.117500 0.036300 0.064000 0.054800 0.055400 0.045700 0.093200 0.082200 0.072700
Daviddeer 0.163700 0.234500 0.192100 0.198300 0.187000 0.154500 0.204400 0.162500 0.194200 0.039600 0.155500 0.170700 0.164400 0.173000 0.174100 0.187400 0.203400 0.193500 0.197600 0.205900 0.162100 0.165700 0.000000 0.124700 0.155500 0.210600 0.154400 0.216800 0.164600 0.171800 0.049200 0.185000 0.199200 0.154400 0.164600 0.185200 0.167200 0.162300 0.183600 0.090800 0.029800 0.199000 0.029500 0.112500 0.162800 0.172600 0.162100 0.142100 0.175000 0.184100 0.191800 0.181800
Reindeer 0.149000 0.206700 0.176500 0.195100 0.171300 0.139900 0.188600 0.147900 0.178500 0.143800 0.140800 0.156200 0.149500 0.158200 0.158900 0.171600 0.176300 0.166800 0.160000 0.189700 0.147500 0.150700 0.124700 0.000000 0.140800 0.193800 0.139700 0.200500 0.149700 0.157000 0.132100 0.169600 0.184000 0.139700 0.149700 0.169700 0.152100 0.147900 0.168200 0.048200 0.133500 0.182700 0.133800 0.028600 0.148100 0.157800 0.147400 0.128200 0.159800 0.168700 0.176300 0.166700
Ibex 0.027300 0.136400 0.072800 0.126200 0.046100 0.018300 0.082700 0.045700 0.054600 0.174300 0.000000 0.054300 0.046200 0.036400 0.084700 0.046200 0.121800 0.112700 0.055400 0.064100 0.045700 0.009100 0.155500 0.140800 0.000000 0.075500 0.037000 0.074300 0.046100 0.054600 0.162400 0.046100 0.136400 0.037000 0.027400 0.045900 0.009200 0.045600 0.064400 0.108000 0.141700 0.065700 0.164400 0.107800 0.027300 0.054900 0.045700 0.046200 0.036600 0.083900 0.073000 0.063600
GyrantGaze 0.084000 0.177900 0.111400 0.167500 0.084300 0.075100 0.101700 0.064400 0.112400 0.229300 0.075500 0.092100 0.074500 0.093100 0.124200 0.027400 0.140300 0.131200 0.113900 0.122700 0.064200 0.084900 0.210600 0.193800 0.075500 0.000000 0.065300 0.132400 0.046000 0.092700 0.216700 0.083600 0.177900 0.065300 0.065100 0.103400 0.085600 0.083300 0.083100 0.159400 0.195400 0.027300 0.219300 0.159000 0.083800 0.092500 0.064200 0.104100 0.074400 0.123100 0.111400 0.102000
Hartebeest 0.064700 0.136000 0.072700 0.125900 0.027300 0.055800 0.063400 0.027200 0.054500 0.173300 0.037000 0.054100 0.009100 0.036300 0.084500 0.046000 0.121600 0.112400 0.055200 0.064300 0.027100 0.046200 0.154400 0.139700 0.037000 0.065300 0.000000 0.073300 0.045900 0.054500 0.161400 0.027000 0.135900 0.000000 0.009000 0.045800 0.047000 0.027400 0.045400 0.107300 0.140800 0.055700 0.163400 0.107000 0.027200 0.036000 0.027100 0.046100 0.018000 0.083700 0.072900 0.063500
Bongo 0.101000 0.153600 0.052800 0.153600 0.082200 0.092300 0.099300 0.081600 0.017500 0.213100 0.073500 0.071100 0.082400 0.072100 0.101500 0.101800 0.158500 0.149100 0.091400 0.026300 0.081700 0.082600 0.216800 0.200500 0.074300 0.132400 0.073300 0.000000 0.101500 0.035100 0.178800 0.062800 0.152500 0.073300 0.063500 0.044600 0.083300 0.081700 0.062800 0.166600 0.202000 0.102400 0.203200 0.166300 0.044600 0.090700 0.062900 0.082400 0.072600 0.091300 0.052900 0.043900
Gerenuk 0.055300 0.145200 0.081500 0.135100 0.054900 0.045800 0.072300 0.035900 0.082300 0.183400 0.046100 0.063000 0.055000 0.063900 0.093600 0.018200 0.111000 0.101900 0.083400 0.092000 0.036000 0.055300 0.164600 0.149700 0.046100 0.046000 0.045900 0.101500 0.000000 0.063400 0.171500 0.054400 0.145100 0.045900 0.036300 0.073700 0.055700 0.035900 0.054300 0.117000 0.150800 0.036600 0.173500 0.116800 0.054800 0.045000 0.036000 0.055200 0.045400 0.092700 0.081800 0.072400
CommonElan 0.063000 0.112800 0.017500 0.112800 0.063400 0.055000 0.062000 0.044500 0.017700 0.168900 0.054600 0.035400 0.063500 0.053600 0.063400 0.063600 0.118700 0.109500 0.072400 0.026700 0.044500 0.064200 0.171800 0.157000 0.054600 0.092700 0.054500 0.035100 0.063400 0.000000 0.157400 0.044900 0.112100 0.054500 0.045500 0.026500 0.064100 0.062700 0.026400 0.124800 0.158200 0.063900 0.159200 0.124500 0.026500 0.071900 0.026400 0.063500 0.053900 0.053700 0.017300 0.008600
MuntiacusR 0.170500 0.216800 0.177200 0.204700 0.193400 0.161400 0.210700 0.169500 0.157300 0.028800 0.162400 0.177500 0.171200 0.179600 0.180800 0.194000 0.209900 0.199800 0.203800 0.168400 0.169000 0.172500 0.049200 0.132100 0.162400 0.216700 0.161400 0.178800 0.171500 0.157400 0.000000 0.191600 0.205400 0.161400 0.171500 0.191600 0.173900 0.169200 0.168700 0.098800 0.078600 0.205300 0.019200 0.120200 0.169600 0.179200 0.169000 0.149200 0.181700 0.190700 0.177000 0.167200
HarveysDui 0.073100 0.134000 0.062200 0.133900 0.035900 0.064300 0.035100 0.035600 0.044400 0.203700 0.045700 0.044200 0.036000 0.026600 0.073400 0.054600 0.129500 0.120500 0.045000 0.053700 0.035700 0.054800 0.185000 0.169600 0.046100 0.083600 0.027000 0.062800 0.054400 0.044900 0.191600 0.000000 0.123200 0.027000 0.017800 0.035800 0.055200 0.035500 0.053900 0.136400 0.170800 0.073900 0.193800 0.136200 0.017700 0.026500 0.017700 0.054600 0.009000 0.072800 0.062500 0.053300
Pronghorn 0.144400 0.157100 0.130800 0.146000 0.145200 0.135600 0.141600 0.123300 0.132100 0.219000 0.136400 0.111500 0.145400 0.133000 0.133700 0.145500 0.182400 0.173100 0.155000 0.132600 0.123000 0.146000 0.199200 0.184000 0.136400 0.177900 0.135900 0.152500 0.145100 0.112100 0.205400 0.123200 0.000000 0.135900 0.124700 0.123300 0.147200 0.143400 0.142900 0.170200 0.207300 0.167200 0.207800 0.170700 0.103300 0.153000 0.102900 0.144900 0.134400 0.132700 0.130700 0.121400
BlueWildeb 0.064700 0.136000 0.072700 0.125800 0.027300 0.055800 0.063400 0.027000 0.054500 0.173300 0.037000 0.054100 0.009000 0.036300 0.084500 0.046000 0.121600 0.112400 0.055200 0.064000 0.027100 0.046200 0.154400 0.139700 0.037000 0.065300 0.000000 0.073300 0.045900 0.054500 0.161400 0.027000 0.135900 0.000000 0.009000 0.045800 0.046600 0.026900 0.045400 0.107300 0.140800 0.055700 0.163400 0.107000 0.027200 0.036000 0.027100 0.046100 0.018200 0.083700 0.072900 0.063500
Gemsbok 0.054800 0.124800 0.062900 0.114800 0.018000 0.046000 0.053800 0.017800 0.044900 0.183400 0.027400 0.044600 0.018300 0.026900 0.074200 0.036400 0.111000 0.101900 0.045500 0.054200 0.017800 0.037000 0.164600 0.149700 0.027400 0.065100 0.009000 0.063500 0.036300 0.045500 0.171500 0.017800 0.124700 0.009000 0.000000 0.036200 0.037100 0.017800 0.035900 0.117000 0.150800 0.055500 0.173500 0.116800 0.017900 0.026800 0.017800 0.036400 0.009000 0.073600 0.063100 0.053900
Yak 0.073400 0.124100 0.044200 0.124100 0.054800 0.064600 0.072000 0.054300 0.026500 0.203700 0.045900 0.044300 0.054800 0.044900 0.073500 0.074000 0.129500 0.120400 0.063900 0.035500 0.054200 0.055000 0.185200 0.169700 0.045900 0.103400 0.045800 0.044600 0.073700 0.026500 0.191600 0.035800 0.123300 0.045800 0.036200 0.000000 0.055500 0.054100 0.053900 0.136500 0.170900 0.073700 0.193900 0.136300 0.017700 0.062900 0.035700 0.054700 0.045300 0.063500 0.044200 0.035300
BlueSheep 0.037100 0.147200 0.082400 0.137000 0.055800 0.027700 0.092600 0.055200 0.064100 0.186000 0.009300 0.063800 0.056300 0.045800 0.094800 0.055800 0.132200 0.123000 0.065100 0.073700 0.055300 0.018400 0.167200 0.152100 0.009200 0.085600 0.047000 0.083300 0.055700 0.064100 0.173900 0.055200 0.147200 0.046600 0.037100 0.055500 0.000000 0.055100 0.074100 0.118700 0.153100 0.075700 0.176000 0.118600 0.036600 0.064500 0.055300 0.055900 0.046100 0.093900 0.082700 0.073200
BohorReedb 0.072900 0.143500 0.080600 0.133500 0.017800 0.064100 0.053200 0.035800 0.062600 0.180900 0.045600 0.044700 0.035900 0.026600 0.092400 0.054400 0.090700 0.081800 0.063500 0.072000 0.035600 0.054700 0.162300 0.147900 0.045600 0.083300 0.027400 0.081700 0.035900 0.062700 0.169200 0.035500 0.143400 0.026900 0.017800 0.054100 0.055100 0.000000 0.053700 0.115500 0.148800 0.073700 0.171100 0.115400 0.035700 0.026500 0.035600 0.036000 0.026700 0.091600 0.080900 0.071600
KirksDik 0.072900 0.133100 0.044100 0.123200 0.054300 0.064100 0.071500 0.035600 0.044400 0.180500 0.064400 0.062300 0.054400 0.063000 0.092200 0.054500 0.128800 0.119600 0.082400 0.053700 0.035300 0.073600 0.183600 0.168200 0.064400 0.083100 0.045400 0.062800 0.054300 0.026400 0.168700 0.053900 0.142900 0.045400 0.035900 0.053900 0.074100 0.053700 0.000000 0.135500 0.169600 0.054500 0.170600 0.135200 0.054000 0.062600 0.035300 0.073100 0.044900 0.082100 0.044100 0.035200
RoeDeer 0.096000 0.193400 0.144100 0.138200 0.137700 0.097200 0.155200 0.095400 0.145500 0.089300 0.108000 0.124000 0.116900 0.125500 0.105700 0.138000 0.123500 0.133800 0.147700 0.156300 0.115400 0.097000 0.090800 0.048200 0.108000 0.159400 0.107300 0.166600 0.117000 0.124800 0.098800 0.136400 0.170200 0.107300 0.117000 0.136500 0.118700 0.115500 0.135500 0.000000 0.099700 0.148700 0.100000 0.038100 0.115800 0.125200 0.115400 0.096300 0.126800 0.135800 0.143900 0.134300
WhiteLippe 0.150000 0.218700 0.178100 0.183600 0.172500 0.140900 0.189900 0.149000 0.180000 0.069200 0.141700 0.157200 0.150600 0.159200 0.171800 0.173000 0.189100 0.179300 0.182900 0.191300 0.148700 0.151800 0.029800 0.133500 0.141700 0.195400 0.140800 0.202000 0.150800 0.158200 0.078600 0.170800 0.207300 0.140800 0.150800 0.170900 0.153100 0.148800 0.169600 0.099700 0.000000 0.184200 0.059200 0.121400 0.149200 0.158800 0.148600 0.129000 0.161000 0.170000 0.177900 0.168000
ThomsonGaz 0.074300 0.157000 0.082200 0.146700 0.074600 0.065400 0.092000 0.054900 0.083000 0.217800 0.065700 0.082500 0.064900 0.083400 0.113600 0.036700 0.151600 0.142300 0.103900 0.092800 0.054800 0.075100 0.199000 0.182700 0.065700 0.027300 0.055700 0.102400 0.036600 0.063900 0.205300 0.073900 0.167200 0.055700 0.055500 0.073700 0.075700 0.073700 0.054500 0.148700 0.184200 0.000000 0.207800 0.148400 0.073800 0.082500 0.054800 0.094200 0.064700 0.103300 0.082200 0.073000
MuntiacusC 0.172500 0.219300 0.179200 0.207100 0.195600 0.163400 0.213000 0.171400 0.181000 0.009600 0.164400 0.179400 0.173300 0.181700 0.183000 0.196300 0.212100 0.202000 0.206200 0.192500 0.171000 0.174500 0.029500 0.133800 0.164400 0.219300 0.163400 0.203200 0.173500 0.159200 0.019200 0.193800 0.207800 0.163400 0.173500 0.193900 0.176000 0.171100 0.170600 0.100000 0.059200 0.207800 0.000000 0.121600 0.171600 0.181200 0.170900 0.151000 0.183800 0.192900 0.179000 0.169100
WhiteTaile 0.116300 0.171100 0.143600 0.182200 0.137500 0.107200 0.154900 0.115400 0.145200 0.131600 0.107800 0.123900 0.116600 0.125400 0.147000 0.137700 0.143400 0.134100 0.126700 0.155800 0.115100 0.117500 0.112500 0.028600 0.107800 0.159000 0.107000 0.166300 0.116800 0.124500 0.120200 0.136200 0.170700 0.107000 0.116800 0.136300 0.118600 0.115400 0.135200 0.038100 0.121400 0.148400 0.121600 0.000000 0.115600 0.125100 0.115100 0.116700 0.126600 0.156600 0.143500 0.134000
Cattle 0.054500 0.113700 0.044200 0.113600 0.036200 0.045700 0.053500 0.035800 0.026500 0.181300 0.027300 0.026400 0.036200 0.026700 0.054300 0.054900 0.109900 0.100900 0.045200 0.035600 0.035800 0.036300 0.162800 0.148100 0.027300 0.083800 0.027200 0.044600 0.054800 0.026500 0.169600 0.017700 0.103300 0.027200 0.017900 0.017700 0.036600 0.035700 0.054000 0.115800 0.149200 0.073800 0.171600 0.115600 0.000000 0.044500 0.017700 0.036100 0.026900 0.054100 0.044200 0.035300
RoyalAntel 0.082300 0.153100 0.089900 0.143100 0.045000 0.073500 0.062200 0.044500 0.071800 0.190900 0.054900 0.071500 0.026800 0.035400 0.101200 0.063700 0.119000 0.110000 0.054100 0.081300 0.044400 0.064000 0.172600 0.157800 0.054900 0.092500 0.036000 0.090700 0.045000 0.071900 0.179200 0.026500 0.153000 0.036000 0.026800 0.062900 0.064500 0.026500 0.062600 0.125200 0.158800 0.082500 0.181200 0.125100 0.044500 0.000000 0.044400 0.045100 0.017700 0.100800 0.089900 0.080800
Steenbok 0.054300 0.113300 0.044100 0.113300 0.036000 0.045500 0.035200 0.017700 0.044500 0.180700 0.045700 0.026300 0.036000 0.044700 0.054400 0.036100 0.109600 0.100600 0.063700 0.053700 0.017700 0.054800 0.162100 0.147400 0.045700 0.064200 0.027100 0.062900 0.036000 0.026400 0.169000 0.017700 0.102900 0.027100 0.017800 0.035700 0.055300 0.035600 0.035300 0.115400 0.148600 0.054800 0.170900 0.115100 0.017700 0.044400 0.000000 0.054500 0.026800 0.053900 0.044100 0.035300
Impala 0.073900 0.144900 0.081600 0.114300 0.055100 0.065000 0.091600 0.054600 0.063400 0.160800 0.046200 0.063100 0.055200 0.045100 0.073900 0.074400 0.110700 0.101700 0.064300 0.073000 0.054500 0.055400 0.142100 0.128200 0.046200 0.104100 0.046100 0.082400 0.055200 0.063500 0.149200 0.054600 0.144900 0.046100 0.036400 0.054700 0.055900 0.036000 0.073100 0.096300 0.129000 0.094200 0.151000 0.116700 0.036100 0.045100 0.054500 0.000000 0.045600 0.073200 0.081600 0.072500
Klipspring 0.064000 0.134500 0.071900 0.124500 0.027500 0.055200 0.044700 0.026700 0.053900 0.193700 0.036600 0.053600 0.027300 0.017800 0.083500 0.045500 0.120300 0.111200 0.036000 0.063300 0.026800 0.045700 0.175000 0.159800 0.036600 0.074400 0.018000 0.072600 0.045400 0.053900 0.181700 0.009000 0.134400 0.018200 0.009000 0.045300 0.046100 0.026700 0.044900 0.126800 0.161000 0.064700 0.183800 0.126600 0.026900 0.017700 0.026800 0.045600 0.000000 0.082800 0.072200 0.063300
ForestMusk 0.092200 0.122500 0.071700 0.122400 0.092700 0.083500 0.090600 0.072800 0.072300 0.202800 0.083900 0.062400 0.092900 0.081900 0.073200 0.093000 0.149100 0.139900 0.102000 0.081900 0.072700 0.093200 0.184100 0.168700 0.083900 0.123100 0.083700 0.091300 0.092700 0.053700 0.190700 0.072800 0.132700 0.083700 0.073600 0.063500 0.093900 0.091600 0.082100 0.135800 0.170000 0.103300 0.192900 0.156600 0.054100 0.100800 0.053900 0.073200 0.082800 0.000000 0.071600 0.062700
Bushbuck 0.081400 0.131600 0.034700 0.131600 0.081800 0.072700 0.080000 0.062500 0.035000 0.188800 0.073000 0.052500 0.081900 0.071400 0.081500 0.082100 0.137100 0.127900 0.090900 0.044000 0.062400 0.082200 0.191800 0.176300 0.073000 0.111400 0.072900 0.052900 0.081800 0.017300 0.177000 0.062500 0.130700 0.072900 0.063100 0.044200 0.082700 0.080900 0.044100 0.143900 0.177900 0.082200 0.179000 0.143500 0.044200 0.089900 0.044100 0.081600 0.072200 0.071600 0.000000 0.026000
GreaterKud 0.072000 0.122200 0.025900 0.122200 0.072400 0.063400 0.070800 0.053400 0.026100 0.178800 0.063600 0.043600 0.072500 0.062500 0.072400 0.072600 0.127800 0.118700 0.081500 0.035400 0.053400 0.072700 0.181800 0.166700 0.063600 0.102000 0.063500 0.043900 0.072400 0.008600 0.167200 0.053300 0.121400 0.063500 0.053900 0.035300 0.073200 0.071600 0.035200 0.134300 0.168000 0.073000 0.169100 0.134000 0.035300 0.080800 0.035300 0.072500 0.063300 0.062700 0.026000 0.000000
