1
52 1
Argali 0.000000 0.294700 0.082500 0.217000 0.046900 0.000000 0.037400 0.061400 0.087100 0.084700 0.027900 0.072100 0.028300 0.032800 0.070800 0.064900 0.095700 0.105000 0.032500 0.088700 0.061300 0.018600 0.111100 0.092900 0.027700 0.069600 0.028300 0.097500 0.051300 0.097300 0.080100 0.037500 0.136800 0.032900 0.037600 0.091500 0.037500 0.032200 0.055600 0.118500 0.116100 0.070100 0.079900 0.097500 0.081200 0.051700 0.060300 0.130700 0.041400 0.079300 0.077300 0.097700
LesserMous 0.294700 0.000000 0.300900 0.339000 0.304300 0.293900 0.307100 0.305800 0.291800 0.276000 0.279100 0.276500 0.298300 0.301200 0.329200 0.317000 0.277000 0.293100 0.285400 0.298300 0.330900 0.289100 0.289400 0.262400 0.284200 0.337400 0.298300 0.305500 0.322300 0.323800 0.284500 0.307800 0.323600 0.303000 0.289800 0.311800 0.327200 0.281000 0.312100 0.313800 0.295000 0.331900 0.283800 0.286400 0.297700 0.285500 0.324200 0.397400 0.312300 0.256400 0.293500 0.321300
LesserKudu 0.082500 0.300900 0.000000 0.224200 0.114500 0.082200 0.094200 0.109300 0.013500 0.109400 0.083700 0.061400 0.090000 0.089200 0.095200 0.122400 0.105300 0.114500 0.088500 0.013600 0.119700 0.084600 0.136600 0.107200 0.083200 0.127700 0.090000 0.022700 0.108600 0.032000 0.104700 0.089300 0.143800 0.094800 0.094700 0.065200 0.104900 0.094700 0.112800 0.143700 0.141600 0.123300 0.104500 0.122200 0.055200 0.097900 0.116900 0.128000 0.107600 0.078600 0.004500 0.022500
KillerWhal 0.217000 0.339000 0.224200 0.000000 0.251700 0.216700 0.212600 0.222700 0.216900 0.199300 0.215500 0.212200 0.224900 0.218100 0.243300 0.234700 0.201900 0.211500 0.203400 0.220500 0.234000 0.205900 0.204900 0.173800 0.214200 0.241500 0.224900 0.216000 0.220500 0.239000 0.194700 0.224000 0.251200 0.229600 0.229700 0.233800 0.245800 0.229200 0.212700 0.196800 0.198400 0.224700 0.194200 0.190100 0.220900 0.247500 0.212400 0.300000 0.243300 0.182900 0.217700 0.240800
DefassaWat 0.046900 0.304300 0.114500 0.251700 0.000000 0.046800 0.066000 0.090700 0.118800 0.115000 0.056300 0.101900 0.057100 0.061300 0.099900 0.088600 0.126500 0.135700 0.060900 0.122700 0.090400 0.047100 0.142200 0.122700 0.056000 0.103500 0.057100 0.129500 0.080000 0.129200 0.110400 0.066200 0.145800 0.061700 0.066500 0.121600 0.071100 0.031800 0.084000 0.138400 0.147200 0.098900 0.110200 0.117000 0.110900 0.075700 0.088900 0.155800 0.069500 0.109700 0.109100 0.131700
Sheep 0.000000 0.293900 0.082200 0.216700 0.046800 0.000000 0.039500 0.061300 0.086900 0.084400 0.027800 0.072000 0.028200 0.032700 0.070600 0.064800 0.095500 0.104700 0.032400 0.088500 0.061200 0.018600 0.110900 0.092600 0.027600 0.069500 0.028200 0.097200 0.051200 0.097000 0.079800 0.037400 0.136400 0.032800 0.037600 0.091300 0.037400 0.032100 0.055500 0.118200 0.115800 0.069900 0.079700 0.097200 0.081000 0.051600 0.060200 0.130500 0.041300 0.079100 0.077100 0.097500
MaxwellsDu 0.037400 0.307100 0.094200 0.212600 0.066000 0.039500 0.000000 0.071000 0.102300 0.096300 0.046800 0.081900 0.047500 0.027800 0.080300 0.074200 0.107200 0.116500 0.046700 0.102300 0.070800 0.037600 0.117300 0.104100 0.046600 0.084000 0.047500 0.109300 0.060700 0.104000 0.091800 0.032600 0.147900 0.052100 0.056900 0.101400 0.060800 0.050900 0.063800 0.129800 0.122000 0.079400 0.091600 0.108700 0.090900 0.061200 0.064900 0.140600 0.060100 0.080700 0.089000 0.111300
GazellaPrz 0.061400 0.305800 0.109300 0.222700 0.090700 0.061300 0.071000 0.000000 0.113700 0.121800 0.061100 0.096900 0.072000 0.066300 0.105100 0.050100 0.122500 0.142500 0.065800 0.117500 0.036900 0.061700 0.132900 0.119000 0.060800 0.054900 0.072000 0.113400 0.036600 0.124000 0.117400 0.071200 0.158200 0.076500 0.081400 0.106300 0.081100 0.074800 0.040900 0.145200 0.137700 0.050400 0.117100 0.133900 0.095800 0.085700 0.045600 0.156200 0.084200 0.111000 0.104000 0.126600
MountainNy 0.087100 0.291800 0.013500 0.216900 0.118800 0.086900 0.102300 0.113700 0.000000 0.103500 0.088200 0.065800 0.094500 0.093600 0.099500 0.126700 0.099400 0.108600 0.093000 0.000000 0.124100 0.089100 0.130300 0.101500 0.087600 0.132000 0.094500 0.009000 0.113000 0.036400 0.098900 0.093800 0.137400 0.099200 0.099200 0.069700 0.109400 0.099000 0.117100 0.137500 0.135300 0.127600 0.098700 0.116300 0.059700 0.092200 0.121200 0.132400 0.101900 0.073100 0.009000 0.017800
MuntiacusM 0.084700 0.276000 0.109400 0.199300 0.115000 0.084400 0.096300 0.121800 0.103500 0.000000 0.094500 0.082000 0.090300 0.091400 0.110400 0.123800 0.077000 0.086300 0.099200 0.106800 0.121300 0.085100 0.071500 0.041200 0.094000 0.134300 0.090300 0.114000 0.110300 0.124100 0.009200 0.096500 0.127200 0.095100 0.105600 0.111900 0.110300 0.098100 0.114300 0.065100 0.076200 0.129600 0.004600 0.045800 0.101300 0.111200 0.119300 0.167500 0.109200 0.061300 0.104000 0.126500
goat 0.027900 0.279100 0.083700 0.215500 0.056300 0.027800 0.046800 0.061100 0.088200 0.094500 0.000000 0.071700 0.037700 0.042100 0.080200 0.074200 0.105600 0.114800 0.032300 0.091500 0.070800 0.028000 0.110600 0.092300 0.009100 0.079200 0.037700 0.098500 0.060600 0.098300 0.089900 0.046900 0.136000 0.042300 0.047000 0.091000 0.037300 0.041400 0.064800 0.128200 0.115500 0.074600 0.089700 0.107100 0.080800 0.061200 0.069600 0.130000 0.050500 0.089400 0.078600 0.100500
AfricanBuf 0.072100 0.276500 0.061400 0.212200 0.101900 0.072000 0.081900 0.096900 0.065800 0.082000 0.071700 0.000000 0.077800 0.077000 0.086000 0.109600 0.103200 0.102200 0.076500 0.068800 0.106800 0.072500 0.113400 0.090200 0.071300 0.115100 0.077800 0.075700 0.096000 0.071300 0.087700 0.077100 0.131700 0.082400 0.092600 0.047200 0.091600 0.085600 0.100100 0.126100 0.118200 0.110300 0.087400 0.104900 0.037400 0.096700 0.105000 0.126700 0.095000 0.076600 0.056400 0.077800
Topi 0.028300 0.298300 0.090000 0.224900 0.057100 0.028200 0.047500 0.072000 0.094500 0.090300 0.037700 0.077800 0.000000 0.042700 0.066400 0.065500 0.101700 0.100700 0.042400 0.097900 0.071800 0.028400 0.117300 0.098500 0.037500 0.085200 0.000000 0.105000 0.061500 0.104900 0.085700 0.047600 0.143300 0.004700 0.038000 0.097400 0.047600 0.042000 0.065800 0.124400 0.122200 0.080500 0.085500 0.103100 0.086900 0.062100 0.070600 0.136800 0.051300 0.085300 0.084700 0.107000
CommonDuik 0.032800 0.301200 0.089200 0.218100 0.061300 0.032700 0.027800 0.066300 0.093600 0.091400 0.042100 0.077000 0.042700 0.000000 0.075400 0.069500 0.102200 0.111500 0.042000 0.097000 0.066000 0.032900 0.117800 0.099300 0.041900 0.079300 0.042700 0.104000 0.056000 0.098800 0.086900 0.013800 0.142800 0.047300 0.052100 0.086400 0.056700 0.046200 0.060200 0.124900 0.122600 0.074700 0.086700 0.103900 0.086000 0.056400 0.060200 0.135700 0.055400 0.080800 0.083900 0.106100
Suni 0.070800 0.329200 0.095200 0.243300 0.099900 0.070600 0.080300 0.105100 0.099500 0.110400 0.080200 0.086000 0.066400 0.075400 0.000000 0.107500 0.121600 0.120600 0.084900 0.103200 0.104700 0.071000 0.137200 0.118000 0.079700 0.117700 0.066400 0.109700 0.094200 0.109500 0.106000 0.080400 0.162400 0.071000 0.090800 0.105300 0.094800 0.074300 0.098100 0.143900 0.141900 0.113100 0.105700 0.122600 0.094900 0.094800 0.093200 0.124100 0.093200 0.094800 0.090000 0.112100
Springbuck 0.064900 0.317000 0.122400 0.234700 0.088600 0.064800 0.074200 0.050100 0.126700 0.123800 0.074200 0.109600 0.065500 0.069500 0.107500 0.000000 0.124500 0.144100 0.078700 0.131100 0.049900 0.065100 0.150600 0.131000 0.073700 0.044500 0.065500 0.126400 0.022300 0.136900 0.119400 0.074300 0.175800 0.069900 0.084500 0.129000 0.089000 0.073200 0.044600 0.157000 0.155300 0.040100 0.119100 0.135600 0.118400 0.088500 0.049100 0.168200 0.087000 0.113200 0.117200 0.139800
Okapi 0.095700 0.277000 0.105300 0.201900 0.126500 0.095500 0.107200 0.122500 0.099400 0.077000 0.105600 0.103200 0.101700 0.102200 0.121600 0.124500 0.000000 0.027900 0.110400 0.102800 0.122000 0.096200 0.102900 0.070200 0.104900 0.130100 0.101700 0.109900 0.111000 0.119100 0.072400 0.107300 0.096900 0.106400 0.106500 0.117600 0.121800 0.109100 0.115000 0.095100 0.107700 0.130400 0.072200 0.074800 0.106900 0.122300 0.120000 0.180100 0.120100 0.061700 0.099900 0.122800
Giraffe 0.105000 0.293100 0.114500 0.211500 0.135700 0.104700 0.116500 0.142500 0.108600 0.086300 0.114800 0.102200 0.100700 0.111500 0.120600 0.144100 0.027900 0.000000 0.119600 0.112000 0.141900 0.105500 0.112300 0.079200 0.114100 0.149800 0.100700 0.119100 0.130700 0.128300 0.081800 0.111600 0.106200 0.105300 0.126300 0.116500 0.125900 0.118200 0.134500 0.104200 0.117000 0.150100 0.081600 0.074200 0.105900 0.131600 0.139600 0.184200 0.129300 0.080800 0.109100 0.131600
TibetanAnt 0.032500 0.285400 0.088500 0.203400 0.060900 0.032400 0.046700 0.065800 0.093000 0.099200 0.032300 0.076500 0.042400 0.042000 0.084900 0.078700 0.110400 0.119600 0.000000 0.096300 0.075400 0.032600 0.115300 0.097000 0.032100 0.083800 0.042400 0.103300 0.065200 0.092900 0.094600 0.046800 0.140900 0.046900 0.051700 0.095800 0.051500 0.045900 0.069400 0.132900 0.120200 0.079200 0.094400 0.111700 0.085500 0.065800 0.064600 0.124600 0.055100 0.089100 0.083400 0.105300
Sitatunga 0.088700 0.298300 0.013600 0.220500 0.122700 0.088500 0.102300 0.117500 0.000000 0.106800 0.091500 0.068800 0.097900 0.097000 0.103200 0.131100 0.102800 0.112000 0.096300 0.000000 0.128400 0.092600 0.134100 0.105100 0.090800 0.127100 0.097900 0.009000 0.117000 0.036500 0.102100 0.097300 0.141700 0.102900 0.102600 0.072300 0.113300 0.102500 0.121300 0.141400 0.139400 0.132100 0.102000 0.120100 0.062000 0.095500 0.125400 0.136600 0.105800 0.076100 0.009000 0.017800
Oribi 0.061300 0.330900 0.119700 0.234000 0.090400 0.061200 0.070800 0.036900 0.124100 0.121300 0.070800 0.106800 0.071800 0.066000 0.104700 0.049900 0.122000 0.141900 0.075400 0.128400 0.000000 0.061600 0.148600 0.128700 0.070400 0.059400 0.071800 0.118700 0.036600 0.134500 0.116900 0.070900 0.174200 0.066500 0.081200 0.126500 0.085800 0.069800 0.040800 0.144600 0.153400 0.054900 0.116600 0.133400 0.115700 0.085400 0.045400 0.161300 0.083900 0.110600 0.114400 0.137300
BarbaryShe 0.018600 0.289100 0.084600 0.205900 0.047100 0.018600 0.037600 0.061700 0.089100 0.085100 0.028000 0.072500 0.028400 0.032900 0.071000 0.065100 0.096200 0.105500 0.032600 0.092600 0.061600 0.000000 0.111700 0.093300 0.027800 0.074900 0.028400 0.099500 0.051500 0.099300 0.080400 0.037700 0.137500 0.033000 0.028200 0.091900 0.037700 0.032300 0.055800 0.119000 0.116600 0.070300 0.080300 0.097900 0.081600 0.051900 0.060500 0.131300 0.041500 0.080100 0.079400 0.101600
Daviddeer 0.111100 0.289400 0.136600 0.204900 0.142200 0.110900 0.117300 0.132900 0.130300 0.071500 0.110600 0.113400 0.117300 0.117800 0.137200 0.150600 0.102900 0.112300 0.115300 0.134100 0.148600 0.111700 0.000000 0.060300 0.109800 0.145900 0.117300 0.141200 0.137000 0.151600 0.072100 0.123100 0.132500 0.121900 0.132800 0.139000 0.137100 0.124500 0.130500 0.089700 0.004600 0.141200 0.066800 0.074500 0.127900 0.127700 0.146000 0.190300 0.125300 0.096700 0.131000 0.154000
Reindeer 0.092900 0.262400 0.107200 0.173800 0.122700 0.092600 0.104100 0.119000 0.101500 0.041200 0.092300 0.090200 0.098500 0.099300 0.118000 0.131000 0.070200 0.079200 0.097000 0.105100 0.128700 0.093300 0.060300 0.000000 0.091700 0.136600 0.098500 0.111800 0.117800 0.121600 0.041500 0.104300 0.113900 0.103100 0.113500 0.099300 0.107900 0.106000 0.121700 0.040300 0.064900 0.132000 0.036700 0.022100 0.089100 0.118700 0.126600 0.163700 0.116700 0.069500 0.102000 0.124200
Ibex 0.027700 0.284200 0.083200 0.214200 0.056000 0.027600 0.046600 0.060800 0.087600 0.094000 0.009100 0.071300 0.037500 0.041900 0.079700 0.073700 0.104900 0.114100 0.032100 0.090800 0.070400 0.027800 0.109800 0.091700 0.000000 0.078800 0.037500 0.097900 0.060200 0.097700 0.089400 0.046600 0.135100 0.042000 0.046800 0.090500 0.037100 0.041100 0.064500 0.127400 0.114700 0.074200 0.089300 0.106400 0.080300 0.060800 0.069200 0.119000 0.050200 0.088800 0.078100 0.099800
GyrantGaze 0.069600 0.337400 0.127700 0.241500 0.103500 0.069500 0.084000 0.054900 0.132000 0.134300 0.079200 0.115100 0.085200 0.079300 0.117700 0.044500 0.130100 0.149800 0.083800 0.127100 0.059400 0.074900 0.145900 0.136600 0.078800 0.000000 0.085200 0.131700 0.022300 0.142300 0.130000 0.084100 0.176700 0.089600 0.094500 0.134600 0.099000 0.087600 0.044700 0.167900 0.150700 0.030900 0.129600 0.146100 0.123900 0.088700 0.053900 0.174100 0.096800 0.123600 0.122400 0.135900
Hartebeest 0.028300 0.298300 0.090000 0.224900 0.057100 0.028200 0.047500 0.072000 0.094500 0.090300 0.037700 0.077800 0.000000 0.042700 0.066400 0.065500 0.101700 0.100700 0.042400 0.097900 0.071800 0.028400 0.117300 0.098500 0.037500 0.085200 0.000000 0.105000 0.061500 0.104900 0.085700 0.047600 0.143300 0.004700 0.038000 0.097400 0.047600 0.042000 0.065800 0.124400 0.122200 0.080500 0.085500 0.103100 0.086900 0.062100 0.070600 0.136800 0.051300 0.085300 0.084700 0.107000
Bongo 0.097500 0.305500 0.022700 0.216000 0.129500 0.097200 0.109300 0.113400 0.009000 0.114000 0.098500 0.075700 0.105000 0.104000 0.109700 0.126400 0.109900 0.119100 0.103300 0.009000 0.118700 0.099500 0.141200 0.111800 0.097900 0.131700 0.105000 0.000000 0.112700 0.045800 0.109400 0.104100 0.148400 0.104600 0.109600 0.079700 0.119200 0.098900 0.116800 0.143000 0.146200 0.127300 0.109200 0.126700 0.069600 0.102800 0.120900 0.143400 0.112200 0.083200 0.018100 0.026900
Gerenuk 0.051300 0.322300 0.108600 0.220500 0.080000 0.051200 0.060700 0.036600 0.113000 0.110300 0.060600 0.096000 0.061500 0.056000 0.094200 0.022300 0.111000 0.130700 0.065200 0.117000 0.036600 0.051500 0.137000 0.117800 0.060200 0.022300 0.061500 0.112700 0.000000 0.123200 0.105900 0.060800 0.162300 0.066000 0.070800 0.115500 0.070600 0.064600 0.031400 0.143700 0.141800 0.017800 0.105700 0.122500 0.104900 0.075100 0.031400 0.154800 0.073800 0.099800 0.103400 0.125800
CommonElan 0.097300 0.323800 0.032000 0.239000 0.129200 0.097000 0.104000 0.124000 0.036400 0.124100 0.098300 0.071300 0.104900 0.098800 0.109500 0.136900 0.119100 0.128300 0.092900 0.036500 0.134500 0.099300 0.151600 0.121600 0.097700 0.142300 0.104900 0.045800 0.123200 0.000000 0.119500 0.098900 0.159500 0.109500 0.109400 0.075400 0.118900 0.109000 0.127200 0.158400 0.156600 0.137900 0.119300 0.136600 0.070500 0.113600 0.121800 0.143100 0.122000 0.088100 0.027300 0.045400
MuntiacusR 0.080100 0.284500 0.104700 0.194700 0.110400 0.079800 0.091800 0.117400 0.098900 0.009200 0.089900 0.087700 0.085700 0.086900 0.106000 0.119400 0.072400 0.081800 0.094600 0.102100 0.116900 0.080400 0.072100 0.041500 0.089400 0.130000 0.085700 0.109400 0.105900 0.119500 0.000000 0.092000 0.122800 0.090500 0.101000 0.107400 0.105800 0.097100 0.109900 0.065600 0.076800 0.125300 0.004600 0.046100 0.096800 0.110300 0.114900 0.163100 0.104900 0.056800 0.099400 0.121800
HarveysDui 0.037500 0.307800 0.089300 0.224000 0.066200 0.037400 0.032600 0.071200 0.093800 0.096500 0.046900 0.077100 0.047600 0.013800 0.080400 0.074300 0.107300 0.111600 0.046800 0.097300 0.070900 0.037700 0.123100 0.104300 0.046600 0.084100 0.047600 0.104100 0.060800 0.098900 0.092000 0.000000 0.148200 0.052200 0.057000 0.086400 0.056500 0.051000 0.065000 0.130100 0.127800 0.079500 0.091700 0.108900 0.086100 0.061300 0.065000 0.135200 0.060200 0.085700 0.084100 0.106300
Pronghorn 0.136800 0.323600 0.143800 0.251200 0.145800 0.136400 0.147900 0.158200 0.137400 0.127200 0.136000 0.131700 0.143300 0.142800 0.162400 0.175800 0.096900 0.106200 0.140900 0.141700 0.174200 0.137500 0.132500 0.113900 0.135100 0.176700 0.143300 0.148400 0.162300 0.159500 0.122800 0.148200 0.000000 0.147900 0.147900 0.153600 0.163600 0.144800 0.165900 0.139500 0.137300 0.177000 0.122500 0.113500 0.142400 0.163400 0.171100 0.204600 0.160600 0.121400 0.138200 0.162100
BlueWildeb 0.032900 0.303000 0.094800 0.229600 0.061700 0.032800 0.052100 0.076500 0.099200 0.095100 0.042300 0.082400 0.004700 0.047300 0.071000 0.069900 0.106400 0.105300 0.046900 0.102900 0.066500 0.033000 0.121900 0.103100 0.042000 0.089600 0.004700 0.104600 0.066000 0.109500 0.090500 0.052200 0.147900 0.000000 0.042600 0.101900 0.052200 0.041700 0.070200 0.118600 0.126900 0.085000 0.090300 0.107700 0.091400 0.066600 0.075000 0.141500 0.055700 0.090000 0.089500 0.111900
Gemsbok 0.037600 0.289800 0.094700 0.229700 0.066500 0.037600 0.056900 0.081400 0.099200 0.105600 0.047000 0.092600 0.038000 0.052100 0.090800 0.084500 0.106500 0.126300 0.051700 0.102600 0.081200 0.028200 0.132800 0.113500 0.046800 0.094500 0.038000 0.109600 0.070800 0.109400 0.101000 0.057000 0.147900 0.042600 0.000000 0.112300 0.057000 0.051200 0.075000 0.139800 0.137800 0.089900 0.100800 0.118200 0.101700 0.071500 0.079900 0.152100 0.060500 0.090000 0.089400 0.111700
Yak 0.091500 0.311800 0.065200 0.233800 0.121600 0.091300 0.101400 0.106300 0.069700 0.111900 0.091000 0.047200 0.097400 0.086400 0.105300 0.129000 0.117600 0.116500 0.095800 0.072300 0.126500 0.091900 0.139000 0.099300 0.090500 0.134600 0.097400 0.079700 0.115500 0.075400 0.107400 0.086400 0.153600 0.101900 0.112300 0.000000 0.111900 0.104800 0.119400 0.135400 0.143800 0.129800 0.107100 0.114000 0.018300 0.116300 0.119500 0.146100 0.114300 0.095900 0.060200 0.081400
BlueSheep 0.037500 0.327200 0.104900 0.245800 0.071100 0.037400 0.060800 0.081100 0.109400 0.110300 0.037300 0.091600 0.047600 0.056700 0.094800 0.089000 0.121800 0.125900 0.051500 0.113300 0.085800 0.037700 0.137100 0.107900 0.037100 0.099000 0.047600 0.119200 0.070600 0.118900 0.105800 0.056500 0.163600 0.052200 0.057000 0.111900 0.000000 0.055700 0.079500 0.128300 0.142600 0.094400 0.105600 0.122800 0.101300 0.075400 0.084400 0.145000 0.065000 0.105100 0.099600 0.122300
BohorReedb 0.032200 0.281000 0.094700 0.229200 0.031800 0.032100 0.050900 0.074800 0.099000 0.098100 0.041400 0.085600 0.042000 0.046200 0.074300 0.073200 0.109100 0.118200 0.045900 0.102500 0.069800 0.032300 0.124500 0.106000 0.041100 0.087600 0.042000 0.098900 0.064600 0.109000 0.097100 0.051000 0.144800 0.041700 0.051200 0.104800 0.055700 0.000000 0.068700 0.126500 0.129400 0.083100 0.093400 0.110600 0.094500 0.065000 0.063900 0.143600 0.054500 0.093100 0.089600 0.111400
KirksDik 0.055600 0.312100 0.112800 0.212700 0.084000 0.055500 0.063800 0.040900 0.117100 0.114300 0.064800 0.100100 0.065800 0.060200 0.098100 0.044600 0.115000 0.134500 0.069400 0.121300 0.040800 0.055800 0.130500 0.121700 0.064500 0.044700 0.065800 0.116800 0.031400 0.127200 0.109900 0.065000 0.165900 0.070200 0.075000 0.119400 0.079500 0.068700 0.000000 0.137400 0.135200 0.049400 0.109600 0.126300 0.108900 0.069500 0.040200 0.158400 0.068000 0.103800 0.107500 0.130100
RoeDeer 0.118500 0.313800 0.143700 0.196800 0.138400 0.118200 0.129800 0.145200 0.137500 0.065100 0.128200 0.126100 0.124400 0.124900 0.143900 0.157000 0.095100 0.104200 0.132900 0.141400 0.144600 0.119000 0.089700 0.040300 0.127400 0.167900 0.124400 0.143000 0.143700 0.158400 0.065600 0.130100 0.139500 0.118600 0.139800 0.135400 0.128300 0.126500 0.137400 0.000000 0.094300 0.163100 0.060500 0.044800 0.124600 0.144800 0.152600 0.196100 0.142300 0.094200 0.138200 0.161000
WhiteLippe 0.116100 0.295000 0.141600 0.198400 0.147200 0.115800 0.122000 0.137700 0.135300 0.076200 0.115500 0.118200 0.122200 0.122600 0.141900 0.155300 0.107700 0.117000 0.120200 0.139400 0.153400 0.116600 0.004600 0.064900 0.114700 0.150700 0.122200 0.146200 0.141800 0.156600 0.076800 0.127800 0.137300 0.126900 0.137800 0.143800 0.142600 0.129400 0.135200 0.094300 0.000000 0.146000 0.071500 0.079200 0.132700 0.132400 0.150700 0.195100 0.130000 0.101400 0.136000 0.159200
ThomsonGaz 0.070100 0.331900 0.123300 0.224700 0.098900 0.069900 0.079400 0.050400 0.127600 0.129600 0.074600 0.110300 0.080500 0.074700 0.113100 0.040100 0.130400 0.150100 0.079200 0.132100 0.054900 0.070300 0.141200 0.132000 0.074200 0.030900 0.080500 0.127300 0.017800 0.137900 0.125300 0.079500 0.177000 0.085000 0.089900 0.129800 0.094400 0.083100 0.049400 0.163100 0.146000 0.000000 0.124900 0.141500 0.119200 0.093900 0.049400 0.169300 0.092300 0.118900 0.118000 0.140800
MuntiacusC 0.079900 0.283800 0.104500 0.194200 0.110200 0.079700 0.091600 0.117100 0.098700 0.004600 0.089700 0.087400 0.085500 0.086700 0.105700 0.119100 0.072200 0.081600 0.094400 0.102000 0.116600 0.080300 0.066800 0.036700 0.089300 0.129600 0.085500 0.109200 0.105700 0.119300 0.004600 0.091700 0.122500 0.090300 0.100800 0.107100 0.105600 0.093400 0.109600 0.060500 0.071500 0.124900 0.000000 0.041200 0.096500 0.106500 0.114600 0.162700 0.104600 0.056600 0.099200 0.121700
WhiteTaile 0.097500 0.286400 0.122200 0.190100 0.117000 0.097200 0.108700 0.133900 0.116300 0.045800 0.107100 0.104900 0.103100 0.103900 0.122600 0.135600 0.074800 0.074200 0.111700 0.120100 0.133400 0.097900 0.074500 0.022100 0.106400 0.146100 0.103100 0.126700 0.122500 0.136600 0.046100 0.108900 0.113500 0.107700 0.118200 0.114000 0.122800 0.110600 0.126300 0.044800 0.079200 0.141500 0.041200 0.000000 0.103600 0.123700 0.131300 0.173500 0.121300 0.074100 0.116800 0.139200
Cattle 0.081200 0.297700 0.055200 0.220900 0.110900 0.081000 0.090900 0.095800 0.059700 0.101300 0.080800 0.037400 0.086900 0.086000 0.094900 0.118400 0.106900 0.105900 0.085500 0.062000 0.115700 0.081600 0.127900 0.089100 0.080300 0.123900 0.086900 0.069600 0.104900 0.070500 0.096800 0.086100 0.142400 0.091400 0.101700 0.018300 0.101300 0.094500 0.108900 0.124600 0.132700 0.119200 0.096500 0.103600 0.000000 0.105700 0.109000 0.135600 0.103900 0.085600 0.050200 0.071200
RoyalAntel 0.051700 0.285500 0.097900 0.247500 0.075700 0.051600 0.061200 0.085700 0.092200 0.111200 0.061200 0.096700 0.062100 0.056400 0.094800 0.088500 0.122300 0.131600 0.065800 0.095500 0.085400 0.051900 0.127700 0.118700 0.060800 0.088700 0.062100 0.102800 0.075100 0.113600 0.110300 0.061300 0.163400 0.066600 0.071500 0.116300 0.075400 0.065000 0.069500 0.144800 0.132400 0.093900 0.106500 0.123700 0.105700 0.000000 0.083900 0.155900 0.064700 0.105600 0.092700 0.104500
Steenbok 0.060300 0.324200 0.116900 0.212400 0.088900 0.060200 0.064900 0.045600 0.121200 0.119300 0.069600 0.105000 0.070600 0.060200 0.093200 0.049100 0.120000 0.139600 0.064600 0.125400 0.045400 0.060500 0.146000 0.126600 0.069200 0.053900 0.070600 0.120900 0.031400 0.121800 0.114900 0.065000 0.171100 0.075000 0.079900 0.119500 0.084400 0.063900 0.040200 0.152600 0.150700 0.049400 0.114600 0.131300 0.109000 0.083900 0.000000 0.163600 0.082500 0.103900 0.111700 0.134100
Impala 0.130700 0.397400 0.128000 0.300000 0.155800 0.130500 0.140600 0.156200 0.132400 0.167500 0.130000 0.126700 0.136800 0.135700 0.124100 0.168200 0.180100 0.184200 0.124600 0.136600 0.161300 0.131300 0.190300 0.163700 0.119000 0.174100 0.136800 0.143400 0.154800 0.143100 0.163100 0.135200 0.204600 0.141500 0.152100 0.146100 0.145000 0.143600 0.158400 0.196100 0.195100 0.169300 0.162700 0.173500 0.135600 0.155900 0.163600 0.000000 0.132500 0.150700 0.122600 0.140200
Klipspring 0.041400 0.312300 0.107600 0.243300 0.069500 0.041300 0.060100 0.084200 0.101900 0.109200 0.050500 0.095000 0.051300 0.055400 0.093200 0.087000 0.120100 0.129300 0.055100 0.105800 0.083900 0.041500 0.125300 0.116700 0.050200 0.096800 0.051300 0.112200 0.073800 0.122000 0.104900 0.060200 0.160600 0.055700 0.060500 0.114300 0.065000 0.054500 0.068000 0.142300 0.130000 0.092300 0.104600 0.121300 0.103900 0.064700 0.082500 0.132500 0.000000 0.103700 0.102400 0.109600
ForestMusk 0.079300 0.256400 0.078600 0.182900 0.109700 0.079100 0.080700 0.111000 0.073100 0.061300 0.089400 0.076600 0.085300 0.080800 0.094800 0.113200 0.061700 0.080800 0.089100 0.076100 0.110600 0.080100 0.096700 0.069500 0.088800 0.123600 0.085300 0.083200 0.099800 0.088100 0.056800 0.085700 0.121400 0.090000 0.090000 0.095900 0.105100 0.093100 0.103800 0.094200 0.101400 0.118900 0.056600 0.074100 0.085600 0.105600 0.103900 0.150700 0.103700 0.000000 0.073500 0.095300
Bushbuck 0.077300 0.293500 0.004500 0.217700 0.109100 0.077100 0.089000 0.104000 0.009000 0.104000 0.078600 0.056400 0.084700 0.083900 0.090000 0.117200 0.099900 0.109100 0.083400 0.009000 0.114400 0.079400 0.131000 0.102000 0.078100 0.122400 0.084700 0.018100 0.103400 0.027300 0.099400 0.084100 0.138200 0.089500 0.089400 0.060200 0.099600 0.089600 0.107500 0.138200 0.136000 0.118000 0.099200 0.116800 0.050200 0.092700 0.111700 0.122600 0.102400 0.073500 0.000000 0.017900
GreaterKud 0.097700 0.321300 0.022500 0.240800 0.131700 0.097500 0.111300 0.126600 0.017800 0.126500 0.100500 0.077800 0.107000 0.106100 0.112100 0.139800 0.122800 0.131600 0.105300 0.017800 0.137300 0.101600 0.154000 0.124200 0.099800 0.135900 0.107000 0.026900 0.125800 0.045400 0.121800 0.106300 0.162100 0.111900 0.111700 0.081400 0.122300 0.111400 0.130100 0.161000 0.159200 0.140800 0.121700 0.139200 0.071200 0.104500 0.134100 0.140200 0.109600 0.095300 0.017900 0.000000
