CODONML (in paml version 4.10.7, June 2023)  /home/rachel/ruminants_paml/6406-phy-tree/ENSBTAT00000060954.fasta.phy
Model: free dN/dS Ratios for branches,  kappa = 2.000 fixed

Codon frequency model: F3x4
ns =  54  ls =  39

Codon usage in sequences
--------------------------------------------------------------------------------------------------------------------------------------
Phe TTT   0   0   0   0   0   0 | Ser TCT   2   2   2   2   2   2 | Tyr TAT   0   0   0   0   0   0 | Cys TGT   1   1   1   1   1   1
    TTC   0   0   0   0   0   0 |     TCC   1   1   1   1   1   1 |     TAC   1   1   1   1   1   1 |     TGC   1   1   1   1   1   1
Leu TTA   0   0   0   0   0   0 |     TCA   2   2   2   2   2   2 | *** TAA   0   0   0   0   0   0 | *** TGA   0   0   0   0   0   0
    TTG   0   0   0   0   0   0 |     TCG   0   0   0   0   0   0 |     TAG   0   0   0   0   0   0 | Trp TGG   0   0   0   0   0   0
--------------------------------------------------------------------------------------------------------------------------------------
Leu CTT   1   1   1   1   2   1 | Pro CCT   0   0   0   0   0   1 | His CAT   0   0   0   0   0   0 | Arg CGT   0   0   0   0   0   0
    CTC   0   0   0   0   0   0 |     CCC   0   0   0   0   0   0 |     CAC   0   0   0   0   0   0 |     CGC   0   0   0   0   0   0
    CTA   0   0   0   0   0   0 |     CCA   2   1   2   2   1   2 | Gln CAA   1   1   1   1   0   1 |     CGA   0   0   0   0   1   0
    CTG   0   0   0   0   0   0 |     CCG   0   1   1   0   1   0 |     CAG   1   1   0   1   1   1 |     CGG   0   0   0   0   0   0
--------------------------------------------------------------------------------------------------------------------------------------
Ile ATT   3   3   3   3   1   1 | Thr ACT   2   1   2   2   1   1 | Asn AAT   1   1   1   1   1   1 | Ser AGT   0   1   0   0   1   0
    ATC   0   0   0   0   1   0 |     ACC   0   0   0   0   0   0 |     AAC   1   1   1   1   1   1 |     AGC   3   4   3   3   2   3
    ATA   0   0   0   0   0   0 |     ACA   1   2   2   2   2   2 | Lys AAA   2   2   2   2   1   1 | Arg AGA   1   1   1   1   1   1
Met ATG   0   1   0   0   0   0 |     ACG   1   0   0   0   0   0 |     AAG   0   0   0   0   1   1 |     AGG   0   0   0   0   0   0
--------------------------------------------------------------------------------------------------------------------------------------
Val GTT   1   1   1   1   1   2 | Ala GCT   1   2   1   1   2   2 | Asp GAT   0   0   0   0   0   0 | Gly GGT   2   2   3   2   4   3
    GTC   1   0   1   1   1   1 |     GCC   0   0   0   0   0   0 |     GAC   0   0   0   0   0   0 |     GGC   2   0   1   2   0   1
    GTA   0   0   0   0   0   1 |     GCA   0   0   0   0   0   0 | Glu GAA   0   0   0   0   0   0 |     GGA   1   1   1   0   2   1
    GTG   1   1   1   1   1   0 |     GCG   0   0   0   0   0   0 |     GAG   0   0   0   0   0   0 |     GGG   2   2   2   3   1   2
--------------------------------------------------------------------------------------------------------------------------------------

--------------------------------------------------------------------------------------------------------------------------------------
Phe TTT   0   0   0   0   0   0 | Ser TCT   2   2   2   4   2   2 | Tyr TAT   0   0   0   0   0   0 | Cys TGT   1   1   0   1   1   1
    TTC   0   0   0   0   0   0 |     TCC   1   1   1   0   1   1 |     TAC   1   1   1   1   1   1 |     TGC   1   1   1   1   1   1
Leu TTA   0   0   0   0   0   0 |     TCA   2   2   2   1   2   2 | *** TAA   0   0   0   0   0   0 | *** TGA   0   0   0   0   0   0
    TTG   0   0   0   0   0   0 |     TCG   0   0   0   0   0   0 |     TAG   0   0   0   0   0   0 | Trp TGG   0   0   0   0   0   0
--------------------------------------------------------------------------------------------------------------------------------------
Leu CTT   1   1   1   1   1   1 | Pro CCT   0   0   0   0   0   0 | His CAT   0   0   0   0   0   0 | Arg CGT   0   0   0   0   0   0
    CTC   0   0   0   0   0   0 |     CCC   0   0   0   0   1   0 |     CAC   0   0   0   0   0   0 |     CGC   0   0   0   0   0   0
    CTA   0   0   0   0   0   0 |     CCA   1   2   1   2   1   2 | Gln CAA   1   1   1   1   1   1 |     CGA   0   0   0   0   0   0
    CTG   0   0   0   0   0   0 |     CCG   1   0   1   0   1   0 |     CAG   1   1   1   1   0   1 |     CGG   0   0   0   0   0   0
--------------------------------------------------------------------------------------------------------------------------------------
Ile ATT   3   3   3   3   3   2 | Thr ACT   2   2   2   2   2   3 | Asn AAT   1   1   1   1   1   1 | Ser AGT   0   0   1   0   0   0
    ATC   0   0   0   0   0   0 |     ACC   0   0   0   0   0   0 |     AAC   1   1   1   1   1   1 |     AGC   3   3   3   3   3   3
    ATA   0   0   0   0   0   0 |     ACA   2   1   2   2   2   2 | Lys AAA   1   2   2   2   2   2 | Arg AGA   2   1   1   1   1   1
Met ATG   0   0   0   0   0   0 |     ACG   0   1   0   0   0   0 |     AAG   0   0   0   0   0   0 |     AGG   0   0   0   0   0   0
--------------------------------------------------------------------------------------------------------------------------------------
Val GTT   1   1   1   1   1   1 | Ala GCT   1   1   1   1   1   1 | Asp GAT   0   0   0   0   0   0 | Gly GGT   3   2   2   2   2   2
    GTC   1   1   1   1   1   1 |     GCC   0   0   0   0   0   0 |     GAC   0   0   0   0   0   0 |     GGC   1   2   2   2   2   2
    GTA   0   0   0   0   0   0 |     GCA   0   0   0   0   0   0 | Glu GAA   0   0   0   0   0   0 |     GGA   1   1   1   1   1   1
    GTG   1   1   1   1   1   1 |     GCG   0   0   0   0   0   0 |     GAG   0   0   0   0   0   0 |     GGG   2   2   2   2   2   2
--------------------------------------------------------------------------------------------------------------------------------------

--------------------------------------------------------------------------------------------------------------------------------------
Phe TTT   0   0   0   0   0   0 | Ser TCT   3   2   2   2   2   2 | Tyr TAT   0   0   0   1   0   0 | Cys TGT   1   1   1   0   1   1
    TTC   0   0   0   0   0   0 |     TCC   0   1   1   1   1   0 |     TAC   1   1   1   1   1   1 |     TGC   1   1   1   1   1   2
Leu TTA   0   0   0   0   0   0 |     TCA   2   2   2   2   2   2 | *** TAA   0   0   0   0   0   0 | *** TGA   0   0   0   0   0   0
    TTG   0   0   0   0   0   0 |     TCG   0   0   0   0   0   0 |     TAG   0   0   0   0   0   0 | Trp TGG   0   0   0   0   0   0
--------------------------------------------------------------------------------------------------------------------------------------
Leu CTT   1   1   1   1   1   1 | Pro CCT   0   0   0   0   0   0 | His CAT   0   0   0   0   0   0 | Arg CGT   0   0   0   0   0   0
    CTC   0   0   0   0   0   0 |     CCC   0   0   0   0   0   0 |     CAC   0   0   0   0   0   0 |     CGC   0   0   0   0   0   0
    CTA   0   0   0   0   0   0 |     CCA   2   2   2   1   1   1 | Gln CAA   1   1   1   1   1   1 |     CGA   0   0   0   0   0   0
    CTG   0   0   0   0   0   0 |     CCG   0   1   0   1   1   1 |     CAG   1   0   1   1   1   1 |     CGG   0   0   0   0   0   0
--------------------------------------------------------------------------------------------------------------------------------------
Ile ATT   3   3   3   3   3   3 | Thr ACT   2   2   2   2   2   2 | Asn AAT   1   1   1   1   1   1 | Ser AGT   0   0   0   0   0   0
    ATC   0   0   0   0   0   0 |     ACC   0   0   0   0   0   0 |     AAC   1   1   1   1   1   1 |     AGC   3   3   3   3   3   3
    ATA   0   0   0   0   0   0 |     ACA   1   2   2   2   2   2 | Lys AAA   2   2   2   2   2   2 | Arg AGA   1   1   1   1   1   1
Met ATG   0   0   0   0   0   0 |     ACG   1   0   0   0   0   0 |     AAG   0   0   0   0   0   0 |     AGG   0   0   0   0   0   0
--------------------------------------------------------------------------------------------------------------------------------------
Val GTT   1   1   1   1   1   1 | Ala GCT   1   1   1   1   1   1 | Asp GAT   0   0   0   0   0   0 | Gly GGT   2   2   2   2   2   2
    GTC   1   1   1   1   1   1 |     GCC   0   0   0   0   0   0 |     GAC   0   0   0   0   0   0 |     GGC   2   2   2   2   2   2
    GTA   0   0   0   0   0   0 |     GCA   0   0   0   0   0   0 | Glu GAA   0   0   0   0   0   0 |     GGA   1   1   1   1   1   1
    GTG   1   1   1   1   1   1 |     GCG   0   0   0   0   0   0 |     GAG   0   0   0   0   0   0 |     GGG   2   2   2   2   2   2
--------------------------------------------------------------------------------------------------------------------------------------

--------------------------------------------------------------------------------------------------------------------------------------
Phe TTT   0   0   0   0   0   0 | Ser TCT   2   2   2   2   2   2 | Tyr TAT   1   0   0   0   0   0 | Cys TGT   0   1   1   1   1   1
    TTC   0   0   0   0   0   0 |     TCC   1   1   1   1   1   1 |     TAC   1   1   1   1   1   1 |     TGC   1   1   1   1   1   1
Leu TTA   0   0   0   0   0   0 |     TCA   2   2   2   2   2   2 | *** TAA   0   0   0   0   0   0 | *** TGA   0   0   0   0   0   0
    TTG   0   0   0   0   0   0 |     TCG   0   0   0   0   0   0 |     TAG   0   0   0   0   0   0 | Trp TGG   0   0   0   0   0   0
--------------------------------------------------------------------------------------------------------------------------------------
Leu CTT   1   1   1   1   1   1 | Pro CCT   0   0   0   0   0   0 | His CAT   0   0   0   0   0   0 | Arg CGT   0   0   0   0   0   0
    CTC   0   0   0   0   0   0 |     CCC   0   0   0   0   0   0 |     CAC   0   0   0   0   0   0 |     CGC   0   0   0   0   0   0
    CTA   0   0   0   0   0   0 |     CCA   2   2   2   1   1   2 | Gln CAA   1   1   1   1   1   1 |     CGA   0   0   0   0   0   0
    CTG   0   0   0   0   0   0 |     CCG   0   0   0   2   1   0 |     CAG   1   1   1   0   1   1 |     CGG   0   0   0   0   0   0
--------------------------------------------------------------------------------------------------------------------------------------
Ile ATT   3   3   3   3   3   3 | Thr ACT   2   2   2   2   2   2 | Asn AAT   1   1   0   1   1   1 | Ser AGT   0   0   1   0   0   0
    ATC   0   0   0   0   0   0 |     ACC   0   0   0   0   0   0 |     AAC   1   1   1   1   1   1 |     AGC   3   3   4   3   3   3
    ATA   0   0   0   0   0   0 |     ACA   2   2   2   2   2   2 | Lys AAA   2   2   2   2   2   2 | Arg AGA   1   1   1   1   1   1
Met ATG   0   0   0   0   0   0 |     ACG   0   0   0   0   0   0 |     AAG   0   0   0   0   0   0 |     AGG   0   0   0   0   0   0
--------------------------------------------------------------------------------------------------------------------------------------
Val GTT   1   1   1   1   1   1 | Ala GCT   1   1   1   1   1   1 | Asp GAT   0   0   0   0   0   0 | Gly GGT   3   3   2   2   2   2
    GTC   1   1   1   1   1   1 |     GCC   0   0   0   0   0   0 |     GAC   0   0   0   0   0   0 |     GGC   1   1   1   2   2   2
    GTA   0   0   0   0   0   0 |     GCA   0   0   0   0   0   0 | Glu GAA   0   0   0   0   0   0 |     GGA   1   1   1   1   1   1
    GTG   1   1   0   1   1   1 |     GCG   0   0   1   0   0   0 |     GAG   0   0   0   0   0   0 |     GGG   2   2   2   2   2   2
--------------------------------------------------------------------------------------------------------------------------------------

--------------------------------------------------------------------------------------------------------------------------------------
Phe TTT   0   0   0   0   0   0 | Ser TCT   2   2   2   2   2   2 | Tyr TAT   0   0   0   0   0   0 | Cys TGT   1   1   1   1   1   2
    TTC   0   0   0   0   0   0 |     TCC   1   1   1   0   1   1 |     TAC   1   1   1   1   1   1 |     TGC   1   1   1   2   1   0
Leu TTA   0   0   0   0   0   0 |     TCA   2   1   2   2   2   2 | *** TAA   0   0   0   0   0   0 | *** TGA   0   0   0   0   0   0
    TTG   0   0   0   0   0   0 |     TCG   0   1   0   0   0   0 |     TAG   0   0   0   0   0   0 | Trp TGG   0   0   0   0   0   0
--------------------------------------------------------------------------------------------------------------------------------------
Leu CTT   1   1   1   1   1   1 | Pro CCT   0   0   0   0   0   0 | His CAT   0   0   0   0   0   0 | Arg CGT   0   0   0   0   0   0
    CTC   0   0   0   0   0   0 |     CCC   0   0   0   0   0   0 |     CAC   0   0   0   0   0   0 |     CGC   0   0   0   0   0   0
    CTA   0   0   0   0   0   0 |     CCA   2   2   2   1   2   1 | Gln CAA   1   1   1   1   1   1 |     CGA   0   0   0   0   0   0
    CTG   0   0   0   0   0   0 |     CCG   0   0   0   1   0   2 |     CAG   0   0   1   1   1   0 |     CGG   1   1   0   0   0   0
--------------------------------------------------------------------------------------------------------------------------------------
Ile ATT   3   3   3   3   3   3 | Thr ACT   2   2   2   2   2   2 | Asn AAT   1   1   1   1   1   1 | Ser AGT   0   0   0   0   0   0
    ATC   0   0   0   0   0   0 |     ACC   0   0   0   0   0   0 |     AAC   1   1   1   1   1   1 |     AGC   3   3   3   3   3   3
    ATA   0   0   0   0   0   0 |     ACA   2   2   1   2   2   2 | Lys AAA   2   2   2   2   2   2 | Arg AGA   1   1   1   1   1   1
Met ATG   0   0   0   0   0   0 |     ACG   0   0   1   0   0   0 |     AAG   0   0   0   0   0   0 |     AGG   0   0   0   0   0   0
--------------------------------------------------------------------------------------------------------------------------------------
Val GTT   1   1   1   1   1   1 | Ala GCT   1   1   1   1   1   1 | Asp GAT   0   0   0   0   0   0 | Gly GGT   2   3   2   2   2   2
    GTC   1   1   1   1   1   1 |     GCC   0   0   0   0   0   0 |     GAC   0   0   0   0   0   0 |     GGC   2   1   2   2   2   2
    GTA   0   0   0   0   0   0 |     GCA   0   0   0   0   0   0 | Glu GAA   0   0   0   0   0   0 |     GGA   1   1   1   1   1   1
    GTG   1   1   1   1   1   1 |     GCG   0   0   0   0   0   0 |     GAG   0   0   0   0   0   0 |     GGG   2   2   2   2   2   2
--------------------------------------------------------------------------------------------------------------------------------------

--------------------------------------------------------------------------------------------------------------------------------------
Phe TTT   0   0   0   0   0   0 | Ser TCT   2   2   2   2   2   2 | Tyr TAT   0   0   0   1   0   0 | Cys TGT   1   1   1   0   1   1
    TTC   0   0   0   0   0   0 |     TCC   1   1   1   1   1   1 |     TAC   1   1   1   1   1   1 |     TGC   1   1   1   1   1   1
Leu TTA   0   0   0   0   0   0 |     TCA   2   2   2   2   2   2 | *** TAA   0   0   0   0   0   0 | *** TGA   0   0   0   0   0   0
    TTG   0   0   0   0   0   0 |     TCG   0   0   0   0   0   0 |     TAG   0   0   0   0   0   0 | Trp TGG   0   0   0   0   0   0
--------------------------------------------------------------------------------------------------------------------------------------
Leu CTT   1   1   1   1   1   1 | Pro CCT   0   0   0   0   0   0 | His CAT   0   0   0   0   0   0 | Arg CGT   0   0   0   0   0   0
    CTC   0   0   0   0   0   0 |     CCC   0   0   0   0   0   0 |     CAC   0   0   0   0   0   0 |     CGC   0   0   0   0   0   0
    CTA   0   0   0   0   0   0 |     CCA   1   2   2   1   2   2 | Gln CAA   1   1   1   1   1   1 |     CGA   0   0   0   0   0   0
    CTG   0   0   0   0   0   0 |     CCG   1   1   0   1   0   0 |     CAG   1   0   1   1   1   1 |     CGG   0   0   0   0   0   0
--------------------------------------------------------------------------------------------------------------------------------------
Ile ATT   3   3   2   3   3   3 | Thr ACT   2   2   3   2   2   2 | Asn AAT   1   1   1   1   1   1 | Ser AGT   0   0   0   0   1   0
    ATC   0   0   0   0   0   0 |     ACC   0   0   0   0   0   0 |     AAC   1   1   1   0   1   1 |     AGC   4   3   3   4   3   3
    ATA   0   0   0   0   0   0 |     ACA   2   2   2   2   2   2 | Lys AAA   2   2   2   2   2   2 | Arg AGA   1   1   1   1   1   1
Met ATG   0   0   0   0   0   0 |     ACG   0   0   0   0   0   0 |     AAG   0   0   0   0   0   0 |     AGG   0   0   0   0   0   0
--------------------------------------------------------------------------------------------------------------------------------------
Val GTT   1   1   1   1   1   1 | Ala GCT   1   1   1   1   1   1 | Asp GAT   0   0   0   0   0   0 | Gly GGT   2   2   2   2   2   2
    GTC   1   1   1   1   1   1 |     GCC   0   0   0   0   0   0 |     GAC   0   0   0   0   0   0 |     GGC   1   2   2   2   2   2
    GTA   0   0   0   0   0   0 |     GCA   0   0   0   0   0   0 | Glu GAA   0   0   0   0   0   0 |     GGA   1   2   1   1   0   1
    GTG   1   1   1   1   1   1 |     GCG   0   0   0   0   0   0 |     GAG   0   0   0   0   0   0 |     GGG   2   1   2   2   2   2
--------------------------------------------------------------------------------------------------------------------------------------

--------------------------------------------------------------------------------------------------------------------------------------
Phe TTT   0   0   0   0   0   0 | Ser TCT   2   2   2   2   2   2 | Tyr TAT   0   0   0   0   0   0 | Cys TGT   1   1   1   1   1   1
    TTC   0   0   0   0   0   0 |     TCC   1   1   1   1   1   1 |     TAC   1   1   1   1   1   1 |     TGC   1   1   1   1   1   1
Leu TTA   0   0   0   0   0   0 |     TCA   2   2   2   2   2   2 | *** TAA   0   0   0   0   0   0 | *** TGA   0   0   0   0   0   0
    TTG   0   0   0   0   0   0 |     TCG   0   0   0   0   0   0 |     TAG   0   0   0   0   0   0 | Trp TGG   0   0   0   0   0   0
--------------------------------------------------------------------------------------------------------------------------------------
Leu CTT   1   1   1   1   1   0 | Pro CCT   0   0   0   0   0   0 | His CAT   0   0   0   0   0   0 | Arg CGT   0   0   0   0   0   0
    CTC   0   0   0   0   0   0 |     CCC   0   0   0   0   0   0 |     CAC   0   0   0   0   0   0 |     CGC   0   0   0   0   0   0
    CTA   0   0   0   0   0   0 |     CCA   2   2   2   1   1   2 | Gln CAA   1   1   1   1   1   1 |     CGA   0   0   0   0   0   0
    CTG   0   0   0   0   0   0 |     CCG   0   1   0   1   1   0 |     CAG   1   0   1   1   1   0 |     CGG   0   0   0   0   0   1
--------------------------------------------------------------------------------------------------------------------------------------
Ile ATT   3   3   3   3   4   3 | Thr ACT   2   0   2   2   1   2 | Asn AAT   1   1   1   1   1   1 | Ser AGT   0   1   0   0   0   0
    ATC   0   0   0   0   0   0 |     ACC   0   1   0   0   0   0 |     AAC   1   1   1   1   1   1 |     AGC   3   2   3   3   3   3
    ATA   0   0   0   0   0   0 |     ACA   2   2   2   2   2   2 | Lys AAA   2   2   2   1   2   2 | Arg AGA   1   1   1   2   1   1
Met ATG   0   0   0   0   0   0 |     ACG   0   0   0   0   0   0 |     AAG   0   0   0   0   0   0 |     AGG   0   0   0   0   0   0
--------------------------------------------------------------------------------------------------------------------------------------
Val GTT   1   1   1   1   1   2 | Ala GCT   1   2   1   1   1   1 | Asp GAT   0   0   0   0   0   0 | Gly GGT   2   2   2   2   4   2
    GTC   1   1   1   1   1   1 |     GCC   0   0   0   0   0   0 |     GAC   0   0   0   0   0   0 |     GGC   2   2   2   2   0   2
    GTA   0   0   0   0   0   0 |     GCA   0   0   0   0   0   0 | Glu GAA   0   0   0   0   0   0 |     GGA   1   1   1   1   1   1
    GTG   1   1   1   1   1   1 |     GCG   0   0   0   0   0   0 |     GAG   0   0   0   0   0   0 |     GGG   2   2   2   2   2   2
--------------------------------------------------------------------------------------------------------------------------------------

--------------------------------------------------------------------------------------------------------------------------------------
Phe TTT   0   0   0   0   0   0 | Ser TCT   2   2   2   2   2   2 | Tyr TAT   0   0   0   0   0   0 | Cys TGT   1   1   1   1   1   1
    TTC   0   0   0   0   0   0 |     TCC   1   0   1   1   1   1 |     TAC   1   1   1   1   1   1 |     TGC   1   2   1   1   1   1
Leu TTA   0   0   0   0   0   0 |     TCA   2   2   2   2   2   2 | *** TAA   0   0   0   0   0   0 | *** TGA   0   0   0   0   0   0
    TTG   0   0   0   0   0   0 |     TCG   0   0   0   0   0   0 |     TAG   0   0   0   0   0   0 | Trp TGG   0   0   0   0   0   0
--------------------------------------------------------------------------------------------------------------------------------------
Leu CTT   1   1   1   1   1   1 | Pro CCT   0   0   0   0   0   0 | His CAT   0   0   0   0   0   0 | Arg CGT   0   0   0   0   0   0
    CTC   0   0   0   0   0   0 |     CCC   0   0   0   0   0   0 |     CAC   0   0   0   0   0   0 |     CGC   0   0   0   0   0   0
    CTA   0   0   0   0   0   0 |     CCA   2   1   2   2   2   1 | Gln CAA   1   1   1   1   1   1 |     CGA   0   0   0   0   0   0
    CTG   0   0   0   0   0   0 |     CCG   0   1   0   0   1   1 |     CAG   0   1   1   0   0   1 |     CGG   1   0   0   1   0   0
--------------------------------------------------------------------------------------------------------------------------------------
Ile ATT   3   3   2   3   3   2 | Thr ACT   2   2   3   2   0   2 | Asn AAT   1   1   1   1   1   1 | Ser AGT   0   0   0   0   1   0
    ATC   0   0   0   0   0   1 |     ACC   0   0   0   0   1   0 |     AAC   1   1   1   1   1   1 |     AGC   3   3   3   3   2   3
    ATA   0   0   0   0   0   0 |     ACA   2   2   2   2   2   2 | Lys AAA   2   2   2   2   2   2 | Arg AGA   1   1   1   1   1   1
Met ATG   0   0   0   0   0   0 |     ACG   0   0   0   0   0   0 |     AAG   0   0   0   0   0   0 |     AGG   0   0   0   0   0   0
--------------------------------------------------------------------------------------------------------------------------------------
Val GTT   1   1   1   1   1   1 | Ala GCT   1   1   1   1   2   1 | Asp GAT   0   0   0   0   0   0 | Gly GGT   2   2   2   3   2   2
    GTC   1   1   1   1   1   1 |     GCC   0   0   0   0   0   0 |     GAC   0   0   0   0   0   0 |     GGC   2   2   2   1   2   2
    GTA   0   0   0   0   0   0 |     GCA   0   0   0   0   0   0 | Glu GAA   0   0   0   0   0   0 |     GGA   1   1   1   1   1   1
    GTG   1   1   1   1   1   1 |     GCG   0   0   0   0   0   0 |     GAG   0   0   0   0   0   0 |     GGG   2   2   2   2   2   2
--------------------------------------------------------------------------------------------------------------------------------------

--------------------------------------------------------------------------------------------------------------------------------------
Phe TTT   0   0   0   0   0   0 | Ser TCT   2   2   2   2   2   2 | Tyr TAT   0   0   0   0   0   0 | Cys TGT   1   1   1   1   1   1
    TTC   0   0   0   0   0   0 |     TCC   1   1   1   1   1   1 |     TAC   1   1   1   1   1   1 |     TGC   1   1   1   1   1   1
Leu TTA   0   0   0   0   0   0 |     TCA   2   2   2   2   2   2 | *** TAA   0   0   0   0   0   0 | *** TGA   0   0   0   0   0   0
    TTG   0   0   0   0   0   0 |     TCG   0   0   0   0   0   0 |     TAG   0   0   0   0   0   0 | Trp TGG   0   0   0   0   0   0
--------------------------------------------------------------------------------------------------------------------------------------
Leu CTT   1   1   1   1   1   1 | Pro CCT   0   0   0   0   0   0 | His CAT   0   0   0   0   0   0 | Arg CGT   0   0   0   0   0   0
    CTC   0   0   0   0   0   0 |     CCC   0   0   0   0   0   0 |     CAC   0   0   0   0   0   0 |     CGC   0   0   0   0   0   0
    CTA   0   0   0   0   0   0 |     CCA   1   1   1   2   1   2 | Gln CAA   1   1   1   1   1   1 |     CGA   0   0   0   0   0   0
    CTG   0   0   0   0   0   0 |     CCG   1   1   1   0   2   1 |     CAG   1   1   0   1   0   0 |     CGG   0   0   0   0   0   0
--------------------------------------------------------------------------------------------------------------------------------------
Ile ATT   3   3   3   3   3   3 | Thr ACT   2   2   2   2   2   2 | Asn AAT   1   1   1   1   1   1 | Ser AGT   0   0   0   0   0   0
    ATC   0   0   0   0   0   0 |     ACC   0   0   0   0   0   0 |     AAC   1   1   1   1   1   1 |     AGC   3   4   3   3   3   3
    ATA   0   0   0   0   0   0 |     ACA   2   2   2   2   2   2 | Lys AAA   2   2   2   2   2   2 | Arg AGA   1   1   1   1   1   1
Met ATG   0   0   0   0   0   0 |     ACG   0   0   0   0   0   0 |     AAG   0   0   1   0   0   0 |     AGG   0   0   0   0   0   0
--------------------------------------------------------------------------------------------------------------------------------------
Val GTT   1   1   1   1   1   1 | Ala GCT   1   1   1   1   1   1 | Asp GAT   0   0   0   0   0   0 | Gly GGT   1   2   2   2   2   2
    GTC   1   1   1   1   1   1 |     GCC   0   0   0   0   0   0 |     GAC   0   0   0   0   0   0 |     GGC   3   1   2   2   2   2
    GTA   0   0   0   0   0   0 |     GCA   0   0   0   0   0   0 | Glu GAA   0   0   0   0   0   0 |     GGA   1   1   1   0   1   1
    GTG   1   1   1   1   1   1 |     GCG   0   0   0   0   0   0 |     GAG   0   0   0   0   0   0 |     GGG   2   2   2   3   2   2
--------------------------------------------------------------------------------------------------------------------------------------

Codon position x base (3x4) table for each sequence.

#1: Argali         
position  1:    T:0.20513    C:0.12821    A:0.38462    G:0.28205
position  2:    T:0.17949    C:0.30769    A:0.17949    G:0.33333
position  3:    T:0.35897    C:0.25641    A:0.25641    G:0.12821
Average         T:0.24786    C:0.23077    A:0.27350    G:0.24786

#2: LesserMouseDeer
position  1:    T:0.20513    C:0.12821    A:0.43590    G:0.23077
position  2:    T:0.17949    C:0.30769    A:0.17949    G:0.33333
position  3:    T:0.38462    C:0.20513    A:0.25641    G:0.15385
Average         T:0.25641    C:0.21368    A:0.29060    G:0.23932

#3: LesserKudu     
position  1:    T:0.20513    C:0.12821    A:0.38462    G:0.28205
position  2:    T:0.17949    C:0.33333    A:0.15385    G:0.33333
position  3:    T:0.38462    C:0.23077    A:0.28205    G:0.10256
Average         T:0.25641    C:0.23077    A:0.27350    G:0.23932

#4: ForestMuskDeer2
position  1:    T:0.20513    C:0.12821    A:0.38462    G:0.28205
position  2:    T:0.17949    C:0.30769    A:0.17949    G:0.33333
position  3:    T:0.35897    C:0.25641    A:0.25641    G:0.12821
Average         T:0.24786    C:0.23077    A:0.27350    G:0.24786

#5: Camel          
position  1:    T:0.20513    C:0.15385    A:0.33333    G:0.30769
position  2:    T:0.17949    C:0.30769    A:0.15385    G:0.35897
position  3:    T:0.41026    C:0.20513    A:0.25641    G:0.12821
Average         T:0.26496    C:0.22222    A:0.24786    G:0.26496

#6: KillerWhale    
position  1:    T:0.20513    C:0.15385    A:0.30769    G:0.33333
position  2:    T:0.15385    C:0.33333    A:0.17949    G:0.33333
position  3:    T:0.38462    C:0.23077    A:0.28205    G:0.10256
Average         T:0.24786    C:0.23932    A:0.25641    G:0.25641

#7: DefassaWaterbuck
position  1:    T:0.20513    C:0.12821    A:0.38462    G:0.28205
position  2:    T:0.17949    C:0.30769    A:0.15385    G:0.35897
position  3:    T:0.38462    C:0.23077    A:0.25641    G:0.12821
Average         T:0.25641    C:0.22222    A:0.26496    G:0.25641

#8: Sheep          
position  1:    T:0.20513    C:0.12821    A:0.38462    G:0.28205
position  2:    T:0.17949    C:0.30769    A:0.17949    G:0.33333
position  3:    T:0.35897    C:0.25641    A:0.25641    G:0.12821
Average         T:0.24786    C:0.23077    A:0.27350    G:0.24786

#9: MaxwellsDuiker 
position  1:    T:0.17949    C:0.12821    A:0.41026    G:0.28205
position  2:    T:0.17949    C:0.30769    A:0.17949    G:0.33333
position  3:    T:0.35897    C:0.25641    A:0.25641    G:0.12821
Average         T:0.23932    C:0.23077    A:0.28205    G:0.24786

#10: GazellaPrzewalskyi
position  1:    T:0.20513    C:0.12821    A:0.38462    G:0.28205
position  2:    T:0.17949    C:0.30769    A:0.17949    G:0.33333
position  3:    T:0.41026    C:0.23077    A:0.25641    G:0.10256
Average         T:0.26496    C:0.22222    A:0.27350    G:0.23932

#11: MountainNyala  
position  1:    T:0.20513    C:0.12821    A:0.38462    G:0.28205
position  2:    T:0.17949    C:0.33333    A:0.15385    G:0.33333
position  3:    T:0.35897    C:0.28205    A:0.25641    G:0.10256
Average         T:0.24786    C:0.24786    A:0.26496    G:0.23932

#12: MuntiacusMuntjak
position  1:    T:0.20513    C:0.12821    A:0.38462    G:0.28205
position  2:    T:0.15385    C:0.33333    A:0.17949    G:0.33333
position  3:    T:0.35897    C:0.25641    A:0.28205    G:0.10256
Average         T:0.23932    C:0.23932    A:0.28205    G:0.23932

#13: goat           
position  1:    T:0.20513    C:0.12821    A:0.38462    G:0.28205
position  2:    T:0.17949    C:0.30769    A:0.17949    G:0.33333
position  3:    T:0.38462    C:0.23077    A:0.25641    G:0.12821
Average         T:0.25641    C:0.22222    A:0.27350    G:0.24786

#14: AfricanBuffalo 
position  1:    T:0.20513    C:0.12821    A:0.38462    G:0.28205
position  2:    T:0.17949    C:0.33333    A:0.15385    G:0.33333
position  3:    T:0.35897    C:0.25641    A:0.28205    G:0.10256
Average         T:0.24786    C:0.23932    A:0.27350    G:0.23932

#15: Topi           
position  1:    T:0.20513    C:0.12821    A:0.38462    G:0.28205
position  2:    T:0.17949    C:0.30769    A:0.17949    G:0.33333
position  3:    T:0.35897    C:0.25641    A:0.28205    G:0.10256
Average         T:0.24786    C:0.23077    A:0.28205    G:0.23932

#16: CommonDuiker   
position  1:    T:0.20513    C:0.12821    A:0.38462    G:0.28205
position  2:    T:0.17949    C:0.30769    A:0.20513    G:0.30769
position  3:    T:0.35897    C:0.25641    A:0.25641    G:0.12821
Average         T:0.24786    C:0.23077    A:0.28205    G:0.23932

#17: Suni           
position  1:    T:0.20513    C:0.12821    A:0.38462    G:0.28205
position  2:    T:0.17949    C:0.30769    A:0.17949    G:0.33333
position  3:    T:0.35897    C:0.25641    A:0.25641    G:0.12821
Average         T:0.24786    C:0.23077    A:0.27350    G:0.24786

#18: Springbuck     
position  1:    T:0.20513    C:0.12821    A:0.38462    G:0.28205
position  2:    T:0.17949    C:0.28205    A:0.17949    G:0.35897
position  3:    T:0.35897    C:0.25641    A:0.25641    G:0.12821
Average         T:0.24786    C:0.22222    A:0.27350    G:0.25641

#19: Okapi          
position  1:    T:0.20513    C:0.12821    A:0.38462    G:0.28205
position  2:    T:0.17949    C:0.30769    A:0.20513    G:0.30769
position  3:    T:0.38462    C:0.23077    A:0.28205    G:0.10256
Average         T:0.25641    C:0.22222    A:0.29060    G:0.23077

#20: Giraffe        
position  1:    T:0.20513    C:0.12821    A:0.38462    G:0.28205
position  2:    T:0.17949    C:0.30769    A:0.17949    G:0.33333
position  3:    T:0.38462    C:0.23077    A:0.28205    G:0.10256
Average         T:0.25641    C:0.22222    A:0.28205    G:0.23932

#21: TibetanAntelope
position  1:    T:0.20513    C:0.12821    A:0.41026    G:0.25641
position  2:    T:0.15385    C:0.33333    A:0.15385    G:0.35897
position  3:    T:0.35897    C:0.25641    A:0.28205    G:0.10256
Average         T:0.23932    C:0.23932    A:0.28205    G:0.23932

#22: Sitatunga      
position  1:    T:0.20513    C:0.12821    A:0.38462    G:0.28205
position  2:    T:0.17949    C:0.33333    A:0.15385    G:0.33333
position  3:    T:0.35897    C:0.25641    A:0.25641    G:0.12821
Average         T:0.24786    C:0.23932    A:0.26496    G:0.24786

#23: Oribi          
position  1:    T:0.20513    C:0.12821    A:0.38462    G:0.28205
position  2:    T:0.17949    C:0.30769    A:0.17949    G:0.33333
position  3:    T:0.35897    C:0.25641    A:0.25641    G:0.12821
Average         T:0.24786    C:0.23077    A:0.27350    G:0.24786

#24: BarbarySheep   
position  1:    T:0.20513    C:0.12821    A:0.38462    G:0.28205
position  2:    T:0.17949    C:0.30769    A:0.17949    G:0.33333
position  3:    T:0.35897    C:0.25641    A:0.28205    G:0.10256
Average         T:0.24786    C:0.23077    A:0.28205    G:0.23932

#25: Daviddeer      
position  1:    T:0.20513    C:0.12821    A:0.38462    G:0.28205
position  2:    T:0.17949    C:0.30769    A:0.15385    G:0.35897
position  3:    T:0.35897    C:0.25641    A:0.28205    G:0.10256
Average         T:0.24786    C:0.23077    A:0.27350    G:0.24786

#26: Reindeer       
position  1:    T:0.20513    C:0.12821    A:0.38462    G:0.28205
position  2:    T:0.17949    C:0.30769    A:0.15385    G:0.35897
position  3:    T:0.38462    C:0.23077    A:0.25641    G:0.12821
Average         T:0.25641    C:0.22222    A:0.26496    G:0.25641

#27: Ibex           
position  1:    T:0.20513    C:0.12821    A:0.38462    G:0.28205
position  2:    T:0.17949    C:0.30769    A:0.17949    G:0.33333
position  3:    T:0.35897    C:0.25641    A:0.25641    G:0.12821
Average         T:0.24786    C:0.23077    A:0.27350    G:0.24786

#28: GyrantGazelle  
position  1:    T:0.20513    C:0.12821    A:0.38462    G:0.28205
position  2:    T:0.17949    C:0.28205    A:0.17949    G:0.35897
position  3:    T:0.35897    C:0.25641    A:0.25641    G:0.12821
Average         T:0.24786    C:0.22222    A:0.27350    G:0.25641

#29: Hartebeest     
position  1:    T:0.20513    C:0.12821    A:0.38462    G:0.28205
position  2:    T:0.17949    C:0.30769    A:0.17949    G:0.33333
position  3:    T:0.35897    C:0.25641    A:0.28205    G:0.10256
Average         T:0.24786    C:0.23077    A:0.28205    G:0.23932

#30: Bongo          
position  1:    T:0.20513    C:0.12821    A:0.38462    G:0.28205
position  2:    T:0.17949    C:0.33333    A:0.15385    G:0.33333
position  3:    T:0.38462    C:0.23077    A:0.25641    G:0.12821
Average         T:0.25641    C:0.23077    A:0.26496    G:0.24786

#31: Gerenuk        
position  1:    T:0.20513    C:0.12821    A:0.41026    G:0.25641
position  2:    T:0.17949    C:0.30769    A:0.17949    G:0.33333
position  3:    T:0.35897    C:0.25641    A:0.25641    G:0.12821
Average         T:0.24786    C:0.23077    A:0.28205    G:0.23932

#32: CommonEland    
position  1:    T:0.20513    C:0.12821    A:0.38462    G:0.28205
position  2:    T:0.17949    C:0.33333    A:0.15385    G:0.33333
position  3:    T:0.35897    C:0.25641    A:0.30769    G:0.07692
Average         T:0.24786    C:0.23932    A:0.28205    G:0.23077

#33: MuntiacusReevesi
position  1:    T:0.20513    C:0.12821    A:0.38462    G:0.28205
position  2:    T:0.15385    C:0.33333    A:0.17949    G:0.33333
position  3:    T:0.35897    C:0.25641    A:0.28205    G:0.10256
Average         T:0.23932    C:0.23932    A:0.28205    G:0.23932

#34: HarveysDuiker  
position  1:    T:0.20513    C:0.12821    A:0.38462    G:0.28205
position  2:    T:0.17949    C:0.30769    A:0.17949    G:0.33333
position  3:    T:0.35897    C:0.25641    A:0.25641    G:0.12821
Average         T:0.24786    C:0.23077    A:0.27350    G:0.24786

#35: Pronghorn      
position  1:    T:0.20513    C:0.12821    A:0.41026    G:0.25641
position  2:    T:0.17949    C:0.30769    A:0.17949    G:0.33333
position  3:    T:0.38462    C:0.25641    A:0.25641    G:0.10256
Average         T:0.25641    C:0.23077    A:0.28205    G:0.23077

#36: BlueWildebeest 
position  1:    T:0.20513    C:0.12821    A:0.38462    G:0.28205
position  2:    T:0.17949    C:0.30769    A:0.17949    G:0.33333
position  3:    T:0.35897    C:0.25641    A:0.28205    G:0.10256
Average         T:0.24786    C:0.23077    A:0.28205    G:0.23932

#37: Gemsbok        
position  1:    T:0.20513    C:0.12821    A:0.38462    G:0.28205
position  2:    T:0.17949    C:0.30769    A:0.17949    G:0.33333
position  3:    T:0.35897    C:0.25641    A:0.28205    G:0.10256
Average         T:0.24786    C:0.23077    A:0.28205    G:0.23932

#38: Yak            
position  1:    T:0.20513    C:0.12821    A:0.35897    G:0.30769
position  2:    T:0.17949    C:0.33333    A:0.15385    G:0.33333
position  3:    T:0.35897    C:0.25641    A:0.28205    G:0.10256
Average         T:0.24786    C:0.23932    A:0.26496    G:0.24786

#39: BlueSheep      
position  1:    T:0.20513    C:0.12821    A:0.38462    G:0.28205
position  2:    T:0.17949    C:0.30769    A:0.17949    G:0.33333
position  3:    T:0.35897    C:0.25641    A:0.28205    G:0.10256
Average         T:0.24786    C:0.23077    A:0.28205    G:0.23932

#40: BohorReedbuck  
position  1:    T:0.20513    C:0.12821    A:0.38462    G:0.28205
position  2:    T:0.17949    C:0.30769    A:0.15385    G:0.35897
position  3:    T:0.35897    C:0.25641    A:0.25641    G:0.12821
Average         T:0.24786    C:0.23077    A:0.26496    G:0.25641

#41: KirksDik       
position  1:    T:0.20513    C:0.12821    A:0.38462    G:0.28205
position  2:    T:0.20513    C:0.28205    A:0.17949    G:0.33333
position  3:    T:0.41026    C:0.20513    A:0.25641    G:0.12821
Average         T:0.27350    C:0.20513    A:0.27350    G:0.24786

#42: RoeDeer        
position  1:    T:0.20513    C:0.10256    A:0.38462    G:0.30769
position  2:    T:0.17949    C:0.30769    A:0.15385    G:0.35897
position  3:    T:0.35897    C:0.25641    A:0.28205    G:0.10256
Average         T:0.24786    C:0.22222    A:0.27350    G:0.25641

#43: WhiteLippedDeer
position  1:    T:0.20513    C:0.12821    A:0.38462    G:0.28205
position  2:    T:0.17949    C:0.30769    A:0.15385    G:0.35897
position  3:    T:0.35897    C:0.25641    A:0.28205    G:0.10256
Average         T:0.24786    C:0.23077    A:0.27350    G:0.24786

#44: ThomsonGazelle 
position  1:    T:0.20513    C:0.12821    A:0.38462    G:0.28205
position  2:    T:0.17949    C:0.28205    A:0.17949    G:0.35897
position  3:    T:0.35897    C:0.25641    A:0.25641    G:0.12821
Average         T:0.24786    C:0.22222    A:0.27350    G:0.25641

#45: MuntiacusCrinifrons
position  1:    T:0.20513    C:0.12821    A:0.38462    G:0.28205
position  2:    T:0.15385    C:0.33333    A:0.17949    G:0.33333
position  3:    T:0.35897    C:0.25641    A:0.28205    G:0.10256
Average         T:0.23932    C:0.23932    A:0.28205    G:0.23932

#46: WhiteTailedDeer
position  1:    T:0.20513    C:0.12821    A:0.38462    G:0.28205
position  2:    T:0.17949    C:0.30769    A:0.15385    G:0.35897
position  3:    T:0.38462    C:0.23077    A:0.28205    G:0.10256
Average         T:0.25641    C:0.22222    A:0.27350    G:0.24786

#47: Cattle         
position  1:    T:0.20513    C:0.12821    A:0.35897    G:0.30769
position  2:    T:0.17949    C:0.33333    A:0.15385    G:0.33333
position  3:    T:0.35897    C:0.25641    A:0.28205    G:0.10256
Average         T:0.24786    C:0.23932    A:0.26496    G:0.24786

#48: RoyalAntelope  
position  1:    T:0.20513    C:0.12821    A:0.38462    G:0.28205
position  2:    T:0.17949    C:0.30769    A:0.17949    G:0.33333
position  3:    T:0.33333    C:0.28205    A:0.25641    G:0.12821
Average         T:0.23932    C:0.23932    A:0.27350    G:0.24786

#49: Steenbok       
position  1:    T:0.20513    C:0.12821    A:0.38462    G:0.28205
position  2:    T:0.17949    C:0.30769    A:0.17949    G:0.33333
position  3:    T:0.33333    C:0.28205    A:0.25641    G:0.12821
Average         T:0.23932    C:0.23932    A:0.27350    G:0.24786

#50: Impala         
position  1:    T:0.20513    C:0.12821    A:0.41026    G:0.25641
position  2:    T:0.17949    C:0.30769    A:0.17949    G:0.33333
position  3:    T:0.35897    C:0.25641    A:0.25641    G:0.12821
Average         T:0.24786    C:0.23077    A:0.28205    G:0.23932

#51: Klipspringer   
position  1:    T:0.20513    C:0.10256    A:0.41026    G:0.28205
position  2:    T:0.17949    C:0.30769    A:0.17949    G:0.33333
