CODONML (in paml version 4.10.7, June 2023)  /home/rachel/ruminants_paml/6406-phy-tree/ENSBTAT00000028634.fasta.phy
Model: free dN/dS Ratios for branches,  kappa = 2.000 fixed

Codon frequency model: F3x4
ns =  54  ls =  48

Codon usage in sequences
--------------------------------------------------------------------------------------------------------------------------------------
Phe TTT   0   0   0   0   0   0 | Ser TCT   0   0   0   0   0   0 | Tyr TAT   1   1   1   1   1   1 | Cys TGT   1   1   1   1   1   1
    TTC   2   2   2   2   2   2 |     TCC   0   0   0   0   0   0 |     TAC   0   0   0   0   0   0 |     TGC   1   1   1   1   1   1
Leu TTA   0   0   0   0   0   0 |     TCA   1   1   1   1   1   1 | *** TAA   0   0   0   0   0   0 | *** TGA   0   0   0   0   0   0
    TTG   2   0   1   1   1   0 |     TCG   0   0   0   0   0   0 |     TAG   0   0   0   0   0   0 | Trp TGG   0   0   0   0   0   0
--------------------------------------------------------------------------------------------------------------------------------------
Leu CTT   1   1   1   1   2   1 | Pro CCT   0   0   0   0   0   0 | His CAT   0   0   0   0   0   0 | Arg CGT   0   0   0   0   0   0
    CTC   1   1   1   1   1   1 |     CCC   0   0   0   0   0   0 |     CAC   0   0   0   0   0   0 |     CGC   0   0   0   0   0   0
    CTA   1   1   1   1   1   0 |     CCA   0   0   0   0   0   0 | Gln CAA   0   0   0   0   0   0 |     CGA   1   1   1   1   1   1
    CTG   3   5   4   4   4   6 |     CCG   0   0   0   0   0   0 |     CAG   0   0   0   0   0   0 |     CGG   2   2   2   2   2   2
--------------------------------------------------------------------------------------------------------------------------------------
Ile ATT   0   1   0   0   2   2 | Thr ACT   1   0   0   0   1   0 | Asn AAT   0   0   0   0   0   0 | Ser AGT   2   2   2   2   2   2
    ATC   3   2   3   3   2   1 |     ACC   1   2   2   2   1   3 |     AAC   1   1   1   1   1   1 |     AGC   0   0   0   0   0   0
    ATA   0   0   0   0   0   0 |     ACA   0   0   0   0   0   0 | Lys AAA   1   1   1   1   1   1 | Arg AGA   3   2   3   3   2   2
Met ATG   1   1   1   1   1   1 |     ACG   0   0   0   0   0   0 |     AAG   2   2   2   2   3   3 |     AGG   1   1   1   1   0   0
--------------------------------------------------------------------------------------------------------------------------------------
Val GTT   2   2   2   2   1   2 | Ala GCT   2   3   2   2   0   2 | Asp GAT   0   0   0   0   0   0 | Gly GGT   0   0   0   0   0   0
    GTC   1   1   1   1   1   1 |     GCC   1   1   1   1   2   0 |     GAC   0   0   0   0   0   0 |     GGC   1   1   1   1   1   1
    GTA   1   0   1   1   0   0 |     GCA   2   1   2   1   2   2 | Glu GAA   1   1   1   2   1   1 |     GGA   2   3   2   2   3   3
    GTG   1   2   1   1   2   2 |     GCG   0   0   0   0   0   0 |     GAG   1   1   1   1   1   1 |     GGG   0   0   0   0   0   0
--------------------------------------------------------------------------------------------------------------------------------------

--------------------------------------------------------------------------------------------------------------------------------------
Phe TTT   1   0   0   0   0   0 | Ser TCT   0   0   0   0   0   0 | Tyr TAT   1   1   1   1   1   1 | Cys TGT   1   1   1   1   1   1
    TTC   1   2   2   2   2   2 |     TCC   0   0   0   0   0   0 |     TAC   0   0   0   0   0   0 |     TGC   1   1   1   1   1   1
Leu TTA   0   0   0   0   0   0 |     TCA   1   1   1   1   1   1 | *** TAA   0   0   0   0   0   0 | *** TGA   0   0   0   0   0   0
    TTG   1   2   1   1   1   1 |     TCG   0   0   0   0   0   0 |     TAG   0   0   0   0   0   0 | Trp TGG   0   0   0   0   0   0
--------------------------------------------------------------------------------------------------------------------------------------
Leu CTT   1   1   1   1   1   1 | Pro CCT   0   0   0   0   0   0 | His CAT   0   0   0   0   0   0 | Arg CGT   0   0   0   0   0   0
    CTC   1   1   1   1   1   1 |     CCC   0   0   0   0   0   0 |     CAC   0   0   0   0   0   0 |     CGC   0   0   0   0   0   0
    CTA   1   1   1   1   1   1 |     CCA   0   0   0   0   0   0 | Gln CAA   0   0   0   0   0   0 |     CGA   1   1   1   1   1   1
    CTG   4   3   4   4   4   4 |     CCG   0   0   0   0   0   0 |     CAG   0   0   0   0   0   0 |     CGG   2   2   2   2   2   2
--------------------------------------------------------------------------------------------------------------------------------------
Ile ATT   0   0   0   0   0   0 | Thr ACT   1   1   1   1   0   0 | Asn AAT   0   0   0   0   0   0 | Ser AGT   1   2   2   1   2   2
    ATC   3   3   3   3   3   3 |     ACC   1   1   1   1   2   2 |     AAC   1   1   1   1   1   1 |     AGC   1   0   0   1   0   0
    ATA   0   0   0   0   0   0 |     ACA   0   0   0   0   0   0 | Lys AAA   2   1   1   1   1   1 | Arg AGA   2   3   3   3   3   3
Met ATG   1   1   1   1   1   1 |     ACG   0   0   0   0   0   0 |     AAG   2   2   2   2   2   2 |     AGG   1   1   1   1   1   1
--------------------------------------------------------------------------------------------------------------------------------------
Val GTT   2   2   2   2   2   3 | Ala GCT   2   2   2   2   2   1 | Asp GAT   0   0   0   0   0   0 | Gly GGT   0   0   0   0   0   0
    GTC   1   1   1   1   1   1 |     GCC   1   1   1   1   1   1 |     GAC   0   0   0   0   0   0 |     GGC   1   1   1   1   1   1
    GTA   1   1   1   1   1   1 |     GCA   2   2   2   2   2   2 | Glu GAA   1   1   1   1   1   1 |     GGA   2   2   2   2   2   2
    GTG   1   1   1   1   1   1 |     GCG   0   0   0   0   0   0 |     GAG   1   1   1   1   1   1 |     GGG   0   0   0   0   0   0
--------------------------------------------------------------------------------------------------------------------------------------

--------------------------------------------------------------------------------------------------------------------------------------
Phe TTT   0   0   0   0   0   0 | Ser TCT   0   0   0   0   0   0 | Tyr TAT   1   1   1   1   1   1 | Cys TGT   1   1   1   1   1   1
    TTC   2   2   2   2   2   2 |     TCC   0   0   0   0   0   0 |     TAC   0   0   0   0   0   0 |     TGC   1   1   1   1   1   1
Leu TTA   0   0   0   0   0   0 |     TCA   1   1   1   1   1   1 | *** TAA   0   0   0   0   0   0 | *** TGA   0   0   0   0   0   0
    TTG   2   1   2   1   1   1 |     TCG   0   0   0   0   0   0 |     TAG   0   0   0   0   0   0 | Trp TGG   0   0   0   0   0   0
--------------------------------------------------------------------------------------------------------------------------------------
Leu CTT   1   1   1   1   2   1 | Pro CCT   0   0   0   0   0   0 | His CAT   0   0   0   0   0   0 | Arg CGT   0   0   0   0   0   0
    CTC   1   1   1   1   0   1 |     CCC   0   0   0   0   0   0 |     CAC   0   0   0   0   0   0 |     CGC   0   0   0   0   0   0
    CTA   1   1   1   1   1   1 |     CCA   0   0   0   0   0   0 | Gln CAA   0   0   0   0   0   0 |     CGA   1   1   1   1   1   1
    CTG   3   4   3   4   4   4 |     CCG   0   0   0   0   0   0 |     CAG   0   0   0   0   1   0 |     CGG   2   2   2   2   1   2
--------------------------------------------------------------------------------------------------------------------------------------
Ile ATT   0   0   0   0   0   0 | Thr ACT   1   0   1   2   1   1 | Asn AAT   0   0   0   0   0   0 | Ser AGT   2   1   2   2   1   1
    ATC   3   3   3   3   3   3 |     ACC   1   2   1   2   1   1 |     AAC   1   1   1   1   1   1 |     AGC   0   0   0   0   1   1
    ATA   0   0   0   0   0   0 |     ACA   0   0   0   0   0   0 | Lys AAA   1   1   1   1   1   1 | Arg AGA   3   3   3   3   3   3
Met ATG   1   1   1   1   1   1 |     ACG   0   0   0   0   0   0 |     AAG   2   2   2   2   2   2 |     AGG   1   1   1   1   1   1
--------------------------------------------------------------------------------------------------------------------------------------
Val GTT   2   2   2   2   1   2 | Ala GCT   2   2   2   1   2   2 | Asp GAT   0   0   0   0   0   0 | Gly GGT   0   1   0   0   0   0
    GTC   1   1   1   1   2   1 |     GCC   1   1   1   0   1   1 |     GAC   0   0   0   0   0   0 |     GGC   1   1   1   1   1   1
    GTA   1   1   1   1   1   1 |     GCA   2   2   2   2   2   2 | Glu GAA   1   1   1   1   1   1 |     GGA   2   2   2   2   2   2
    GTG   1   1   1   1   1   1 |     GCG   0   0   0   0   0   0 |     GAG   1   1   1   1   1   1 |     GGG   0   0   0   0   0   0
--------------------------------------------------------------------------------------------------------------------------------------

--------------------------------------------------------------------------------------------------------------------------------------
Phe TTT   0   0   0   0   0   0 | Ser TCT   0   0   0   0   0   0 | Tyr TAT   1   1   1   1   1   1 | Cys TGT   1   1   1   1   1   1
    TTC   2   2   2   2   2   2 |     TCC   0   0   0   0   0   0 |     TAC   0   0   0   0   0   0 |     TGC   1   1   1   1   1   1
Leu TTA   0   0   0   0   0   0 |     TCA   1   1   1   1   1   1 | *** TAA   0   0   0   0   0   0 | *** TGA   0   0   0   0   0   0
    TTG   1   1   1   1   1   2 |     TCG   0   0   0   0   0   0 |     TAG   0   0   0   0   0   0 | Trp TGG   0   0   0   0   0   0
--------------------------------------------------------------------------------------------------------------------------------------
Leu CTT   1   1   1   1   1   1 | Pro CCT   0   0   0   0   0   0 | His CAT   0   0   0   0   0   0 | Arg CGT   0   0   0   0   0   0
    CTC   1   1   1   1   1   1 |     CCC   0   0   0   0   0   0 |     CAC   0   0   0   0   0   0 |     CGC   0   0   0   0   0   0
    CTA   1   1   1   1   1   1 |     CCA   0   0   0   0   0   0 | Gln CAA   0   0   0   0   0   0 |     CGA   1   1   1   1   1   1
    CTG   4   4   4   4   4   3 |     CCG   0   0   0   0   0   0 |     CAG   0   0   0   0   0   0 |     CGG   2   2   2   2   2   2
--------------------------------------------------------------------------------------------------------------------------------------
Ile ATT   0   0   0   0   0   0 | Thr ACT   1   0   1   0   1   1 | Asn AAT   0   0   0   0   0   0 | Ser AGT   2   2   2   2   1   2
    ATC   3   3   3   3   3   3 |     ACC   1   2   1   2   1   1 |     AAC   1   1   1   1   1   1 |     AGC   0   0   0   0   1   0
    ATA   0   0   0   0   0   0 |     ACA   0   0   0   0   1   0 | Lys AAA   1   1   1   1   0   1 | Arg AGA   3   3   3   3   3   3
Met ATG   1   1   1   1   1   1 |     ACG   0   0   0   0   0   0 |     AAG   2   2   2   2   3   2 |     AGG   1   1   1   1   1   1
--------------------------------------------------------------------------------------------------------------------------------------
Val GTT   2   2   2   2   2   2 | Ala GCT   2   2   2   2   2   1 | Asp GAT   0   0   0   0   0   0 | Gly GGT   0   0   0   0   0   0
    GTC   1   1   1   1   1   1 |     GCC   1   1   1   1   1   2 |     GAC   0   0   0   0   0   0 |     GGC   1   1   1   1   1   1
    GTA   1   1   1   1   1   1 |     GCA   2   2   2   2   1   2 | Glu GAA   1   1   1   1   1   1 |     GGA   2   2   2   2   2   2
    GTG   1   1   1   1   1   1 |     GCG   0   0   0   0   0   0 |     GAG   1   1   1   1   1   1 |     GGG   0   0   0   0   0   0
--------------------------------------------------------------------------------------------------------------------------------------

--------------------------------------------------------------------------------------------------------------------------------------
Phe TTT   0   0   0   0   0   0 | Ser TCT   0   0   0   0   0   0 | Tyr TAT   1   1   1   1   1   1 | Cys TGT   1   1   1   1   1   1
    TTC   2   2   2   2   2   2 |     TCC   0   0   0   0   0   0 |     TAC   0   0   0   0   0   0 |     TGC   1   1   1   1   1   1
Leu TTA   0   0   0   0   0   0 |     TCA   1   1   1   1   1   1 | *** TAA   0   0   0   0   0   0 | *** TGA   0   0   0   0   0   0
    TTG   1   1   2   1   2   1 |     TCG   0   0   0   0   0   0 |     TAG   0   0   0   0   0   0 | Trp TGG   0   0   0   0   0   0
--------------------------------------------------------------------------------------------------------------------------------------
Leu CTT   1   1   1   1   1   1 | Pro CCT   0   0   0   0   0   0 | His CAT   0   0   0   0   0   0 | Arg CGT   0   0   0   0   0   0
    CTC   1   1   1   1   1   1 |     CCC   0   0   0   0   0   0 |     CAC   0   0   0   0   0   0 |     CGC   0   0   0   0   0   0
    CTA   1   1   1   2   1   1 |     CCA   0   0   0   0   0   0 | Gln CAA   0   0   0   0   0   0 |     CGA   1   1   1   1   1   1
    CTG   4   4   3   3   3   4 |     CCG   0   0   0   0   0   0 |     CAG   0   0   0   0   0   0 |     CGG   2   2   2   2   2   2
--------------------------------------------------------------------------------------------------------------------------------------
Ile ATT   0   0   0   0   0   1 | Thr ACT   1   0   1   1   1   0 | Asn AAT   0   0   0   0   0   0 | Ser AGT   2   2   2   1   2   2
    ATC   3   3   3   3   3   2 |     ACC   1   2   1   1   1   2 |     AAC   1   1   1   1   1   1 |     AGC   0   0   0   1   0   0
    ATA   0   0   0   0   0   0 |     ACA   0   0   0   0   0   0 | Lys AAA   1   1   1   1   1   1 | Arg AGA   3   3   3   3   3   3
Met ATG   1   1   1   1   1   1 |     ACG   0   0   0   0   0   0 |     AAG   2   2   2   2   2   2 |     AGG   1   1   1   1   1   1
--------------------------------------------------------------------------------------------------------------------------------------
Val GTT   2   2   2   2   2   2 | Ala GCT   2   2   2   2   2   2 | Asp GAT   0   0   0   0   0   0 | Gly GGT   0   0   0   0   0   0
    GTC   1   1   1   1   1   1 |     GCC   1   1   1   1   1   1 |     GAC   0   0   0   0   0   0 |     GGC   1   1   1   1   1   1
    GTA   0   1   1   1   1   1 |     GCA   3   2   2   2   2   2 | Glu GAA   1   1   1   1   1   1 |     GGA   2   2   2   2   2   2
    GTG   1   1   1   1   1   1 |     GCG   0   0   0   0   0   0 |     GAG   1   1   1   1   1   1 |     GGG   0   0   0   0   0   0
--------------------------------------------------------------------------------------------------------------------------------------

--------------------------------------------------------------------------------------------------------------------------------------
Phe TTT   0   0   0   0   0   0 | Ser TCT   0   0   0   0   0   0 | Tyr TAT   1   1   1   1   1   1 | Cys TGT   1   1   1   1   1   1
    TTC   2   2   2   2   2   2 |     TCC   0   0   0   0   0   0 |     TAC   0   0   0   0   0   0 |     TGC   1   1   1   1   1   1
Leu TTA   0   0   0   0   0   0 |     TCA   1   1   1   1   1   1 | *** TAA   0   0   0   0   0   0 | *** TGA   0   0   0   0   0   0
    TTG   1   1   1   0   1   2 |     TCG   0   0   0   0   0   0 |     TAG   0   0   0   0   0   0 | Trp TGG   0   0   0   0   0   0
--------------------------------------------------------------------------------------------------------------------------------------
Leu CTT   1   1   1   1   1   1 | Pro CCT   0   0   0   0   0   0 | His CAT   0   0   0   0   0   0 | Arg CGT   0   0   0   0   0   0
    CTC   1   1   1   1   1   1 |     CCC   0   0   0   0   0   0 |     CAC   0   0   0   0   0   0 |     CGC   0   0   0   0   0   0
    CTA   1   1   1   1   1   1 |     CCA   0   0   0   0   0   0 | Gln CAA   0   0   0   0   0   0 |     CGA   1   1   1   1   1   1
    CTG   4   4   4   5   4   3 |     CCG   0   0   0   0   0   0 |     CAG   0   0   0   0   0   0 |     CGG   2   2   2   2   2   2
--------------------------------------------------------------------------------------------------------------------------------------
Ile ATT   0   0   0   0   0   0 | Thr ACT   1   0   0   1   0   1 | Asn AAT   0   0   0   0   0   0 | Ser AGT   1   2   2   2   2   2
    ATC   3   3   3   3   3   3 |     ACC   1   2   2   2   3   1 |     AAC   1   1   1   1   1   1 |     AGC   1   0   0   0   0   0
    ATA   0   0   0   0   0   0 |     ACA   0   0   0   0   0   0 | Lys AAA   1   1   1   1   1   1 | Arg AGA   3   3   3   3   3   3
Met ATG   1   1   1   1   1   1 |     ACG   0   0   0   0   0   0 |     AAG   2   2   2   2   2   2 |     AGG   1   1   1   1   1   1
--------------------------------------------------------------------------------------------------------------------------------------
Val GTT   2   2   3   2   2   2 | Ala GCT   2   2   1   2   2   2 | Asp GAT   0   0   0   0   0   0 | Gly GGT   0   0   0   0   0   0
    GTC   1   1   1   1   1   1 |     GCC   1   1   1   0   0   1 |     GAC   0   0   0   0   0   0 |     GGC   1   1   1   1   1   1
    GTA   1   1   1   0   1   1 |     GCA   2   2   2   2   1   2 | Glu GAA   1   1   1   1   1   1 |     GGA   2   2   2   2   1   2
    GTG   1   1   1   2   1   1 |     GCG   0   0   0   0   1   0 |     GAG   1   1   1   1   1   1 |     GGG   0   0   0   0   1   0
--------------------------------------------------------------------------------------------------------------------------------------

--------------------------------------------------------------------------------------------------------------------------------------
Phe TTT   0   0   0   0   0   0 | Ser TCT   0   0   0   0   0   0 | Tyr TAT   1   1   1   1   1   1 | Cys TGT   1   1   1   1   1   1
    TTC   2   2   2   2   2   2 |     TCC   0   0   0   0   0   0 |     TAC   0   0   0   0   0   0 |     TGC   1   1   1   1   1   1
Leu TTA   0   0   0   0   0   0 |     TCA   1   1   1   1   1   1 | *** TAA   0   0   0   0   0   0 | *** TGA   0   0   0   0   0   0
    TTG   1   1   2   1   1   1 |     TCG   0   0   0   0   0   0 |     TAG   0   0   0   0   0   0 | Trp TGG   0   0   0   0   0   0
--------------------------------------------------------------------------------------------------------------------------------------
Leu CTT   1   1   1   1   1   1 | Pro CCT   0   0   0   0   0   0 | His CAT   0   0   0   0   0   0 | Arg CGT   0   0   0   0   0   0
    CTC   1   1   1   1   1   1 |     CCC   0   0   0   0   0   0 |     CAC   0   0   0   0   0   0 |     CGC   0   0   0   0   0   0
    CTA   1   1   1   1   1   1 |     CCA   0   0   0   0   0   0 | Gln CAA   0   0   0   0   0   0 |     CGA   1   1   1   1   1   1
    CTG   4   4   3   4   4   4 |     CCG   0   0   0   0   0   0 |     CAG   0   0   0   0   0   0 |     CGG   2   2   2   2   1   2
--------------------------------------------------------------------------------------------------------------------------------------
Ile ATT   1   0   0   0   0   0 | Thr ACT   1   0   1   1   1   0 | Asn AAT   0   0   0   0   0   0 | Ser AGT   2   2   2   1   1   2
    ATC   2   3   3   3   3   3 |     ACC   1   2   1   1   1   2 |     AAC   1   1   1   1   1   1 |     AGC   0   0   0   1   1   0
    ATA   0   0   0   0   0   0 |     ACA   0   0   0   0   0   0 | Lys AAA   1   1   1   2   1   1 | Arg AGA   3   3   3   2   3   3
Met ATG   1   1   1   1   1   1 |     ACG   0   0   0   0   0   0 |     AAG   2   2   2   2   2   2 |     AGG   1   1   1   1   2   1
--------------------------------------------------------------------------------------------------------------------------------------
Val GTT   2   2   2   2   2   2 | Ala GCT   2   2   2   2   2   2 | Asp GAT   0   0   0   0   0   1 | Gly GGT   0   0   0   0   0   0
    GTC   1   1   1   1   1   1 |     GCC   1   1   1   1   1   1 |     GAC   0   0   0   0   0   0 |     GGC   1   1   1   1   1   1
    GTA   1   1   1   1   1   0 |     GCA   2   2   2   2   2   3 | Glu GAA   1   1   1   1   1   1 |     GGA   2   2   2   2   2   2
    GTG   1   1   1   1   1   1 |     GCG   0   0   0   0   0   0 |     GAG   1   1   1   1   1   0 |     GGG   0   0   0   0   0   0
--------------------------------------------------------------------------------------------------------------------------------------

--------------------------------------------------------------------------------------------------------------------------------------
Phe TTT   0   0   0   0   0   0 | Ser TCT   0   0   0   0   0   0 | Tyr TAT   1   1   1   1   1   1 | Cys TGT   1   1   1   1   1   1
    TTC   2   2   2   2   2   2 |     TCC   0   0   0   0   0   0 |     TAC   0   0   0   0   0   0 |     TGC   1   1   1   1   1   1
Leu TTA   0   0   0   0   0   1 |     TCA   1   1   1   1   1   1 | *** TAA   0   0   0   0   0   0 | *** TGA   0   0   0   0   0   0
    TTG   1   1   1   1   1   0 |     TCG   0   0   0   0   0   0 |     TAG   0   0   0   0   0   0 | Trp TGG   0   0   0   0   0   0
--------------------------------------------------------------------------------------------------------------------------------------
Leu CTT   1   1   1   1   1   1 | Pro CCT   0   0   0   0   0   0 | His CAT   0   0   0   0   0   0 | Arg CGT   0   0   0   0   0   0
    CTC   1   1   1   1   1   1 |     CCC   0   0   0   0   0   0 |     CAC   0   0   0   0   0   0 |     CGC   0   0   0   0   0   0
    CTA   1   1   1   1   1   1 |     CCA   0   0   0   0   0   0 | Gln CAA   0   0   0   0   0   0 |     CGA   1   1   1   1   1   1
    CTG   4   4   4   4   4   4 |     CCG   0   0   0   0   0   0 |     CAG   0   0   0   0   0   0 |     CGG   2   2   2   2   2   2
--------------------------------------------------------------------------------------------------------------------------------------
Ile ATT   0   0   0   0   0   0 | Thr ACT   0   1   0   0   0   2 | Asn AAT   0   0   0   0   0   0 | Ser AGT   2   1   2   2   2   1
    ATC   3   3   3   3   3   3 |     ACC   2   1   2   2   2   0 |     AAC   1   1   1   1   1   1 |     AGC   0   1   0   0   0   1
    ATA   0   0   0   0   0   0 |     ACA   0   0   0   0   0   0 | Lys AAA   1   1   1   1   1   1 | Arg AGA   3   3   3   3   3   3
Met ATG   1   1   1   1   1   1 |     ACG   0   0   0   0   0   0 |     AAG   2   2   2   2   2   2 |     AGG   1   1   1   1   1   1
--------------------------------------------------------------------------------------------------------------------------------------
Val GTT   2   2   3   2   2   2 | Ala GCT   2   2   1   2   2   2 | Asp GAT   0   0   0   0   0   0 | Gly GGT   0   0   0   0   0   0
    GTC   1   1   1   1   1   1 |     GCC   1   1   1   1   1   1 |     GAC   0   0   0   0   0   0 |     GGC   1   1   1   1   1   1
    GTA   0   1   1   1   1   1 |     GCA   3   2   2   2   2   2 | Glu GAA   1   1   1   1   1   1 |     GGA   2   2   2   2   2   2
    GTG   1   1   1   1   1   1 |     GCG   0   0   0   0   0   0 |     GAG   1   1   1   1   1   1 |     GGG   0   0   0   0   0   0
--------------------------------------------------------------------------------------------------------------------------------------

--------------------------------------------------------------------------------------------------------------------------------------
Phe TTT   0   0   0   0   0   0 | Ser TCT   0   0   0   0   0   0 | Tyr TAT   1   1   1   1   1   1 | Cys TGT   1   1   1   1   1   1
    TTC   2   1   2   2   2   2 |     TCC   0   0   0   0   0   0 |     TAC   0   0   0   0   0   0 |     TGC   1   1   1   1   1   1
Leu TTA   0   0   0   0   0   0 |     TCA   1   1   1   1   1   1 | *** TAA   0   0   0   0   0   0 | *** TGA   0   0   0   0   0   0
    TTG   1   1   1   1   1   1 |     TCG   0   0   0   0   0   0 |     TAG   0   0   0   0   0   0 | Trp TGG   0   0   0   0   0   0
--------------------------------------------------------------------------------------------------------------------------------------
Leu CTT   1   1   1   1   1   1 | Pro CCT   0   0   0   0   0   0 | His CAT   0   0   0   0   0   0 | Arg CGT   0   0   0   0   0   0
    CTC   1   2   1   1   1   1 |     CCC   0   0   0   0   0   0 |     CAC   0   0   0   0   0   0 |     CGC   0   0   0   0   0   0
    CTA   1   1   1   1   1   1 |     CCA   0   0   0   0   0   0 | Gln CAA   0   0   0   0   0   0 |     CGA   1   1   1   1   1   1
    CTG   4   4   3   4   4   4 |     CCG   0   0   0   0   0   0 |     CAG   0   0   0   0   0   0 |     CGG   2   2   2   2   2   2
--------------------------------------------------------------------------------------------------------------------------------------
Ile ATT   0   0   0   0   0   0 | Thr ACT   1   1   1   0   0   1 | Asn AAT   0   0   0   0   0   0 | Ser AGT   1   2   1   2   2   2
    ATC   3   3   3   3   3   3 |     ACC   1   1   1   2   2   1 |     AAC   1   1   1   1   1   1 |     AGC   1   0   1   0   0   0
    ATA   0   0   0   0   0   0 |     ACA   0   0   0   0   0   0 | Lys AAA   1   1   1   1   1   1 | Arg AGA   3   3   3   3   3   3
Met ATG   1   1   1   1   1   1 |     ACG   0   0   0   0   0   0 |     AAG   2   2   2   2   2   2 |     AGG   1   1   1   1   1   1
--------------------------------------------------------------------------------------------------------------------------------------
Val GTT   2   2   2   2   2   2 | Ala GCT   2   2   2   2   2   2 | Asp GAT   0   0   0   0   0   0 | Gly GGT   0   0   0   0   0   0
    GTC   1   1   1   1   1   1 |     GCC   1   1   1   1   1   1 |     GAC   0   0   0   0   0   0 |     GGC   1   1   1   1   1   1
    GTA   1   1   1   1   1   1 |     GCA   2   2   2   1   2   2 | Glu GAA   1   1   1   2   1   1 |     GGA   2   2   2   2   2   2
    GTG   1   1   2   1   1   1 |     GCG   0   0   0   0   0   0 |     GAG   1   1   1   1   1   1 |     GGG   0   0   0   0   0   0
--------------------------------------------------------------------------------------------------------------------------------------

Codon position x base (3x4) table for each sequence.

#1: Argali         
position  1:    T:0.16667    C:0.18750    A:0.33333    G:0.31250
position  2:    T:0.39583    C:0.16667    A:0.14583    G:0.29167
position  3:    T:0.20833    C:0.25000    A:0.27083    G:0.27083
Average         T:0.25694    C:0.20139    A:0.25000    G:0.29167

#2: LesserMouseDeer
position  1:    T:0.12500    C:0.22917    A:0.31250    G:0.33333
position  2:    T:0.39583    C:0.16667    A:0.14583    G:0.29167
position  3:    T:0.22917    C:0.25000    A:0.22917    G:0.29167
Average         T:0.25000    C:0.21528    A:0.22917    G:0.30556

#3: LesserKudu     
position  1:    T:0.14583    C:0.20833    A:0.33333    G:0.31250
position  2:    T:0.39583    C:0.16667    A:0.14583    G:0.29167
position  3:    T:0.18750    C:0.27083    A:0.27083    G:0.27083
Average         T:0.24306    C:0.21528    A:0.25000    G:0.29167

#4: ForestMuskDeer2
position  1:    T:0.14583    C:0.20833    A:0.33333    G:0.31250
position  2:    T:0.39583    C:0.14583    A:0.16667    G:0.29167
position  3:    T:0.18750    C:0.27083    A:0.27083    G:0.27083
Average         T:0.24306    C:0.20833    A:0.25694    G:0.29167

#5: Camel          
position  1:    T:0.14583    C:0.22917    A:0.33333    G:0.29167
position  2:    T:0.41667    C:0.14583    A:0.16667    G:0.27083
position  3:    T:0.20833    C:0.25000    A:0.25000    G:0.29167
Average         T:0.25694    C:0.20833    A:0.25000    G:0.28472

#6: KillerWhale    
position  1:    T:0.12500    C:0.22917    A:0.33333    G:0.31250
position  2:    T:0.39583    C:0.16667    A:0.16667    G:0.27083
position  3:    T:0.22917    C:0.22917    A:0.22917    G:0.31250
Average         T:0.25000    C:0.20833    A:0.24306    G:0.29861

#7: DefassaWaterbuck
position  1:    T:0.14583    C:0.20833    A:0.33333    G:0.31250
position  2:    T:0.39583    C:0.16667    A:0.16667    G:0.27083
position  3:    T:0.20833    C:0.25000    A:0.27083    G:0.27083
Average         T:0.25000    C:0.20833    A:0.25694    G:0.28472

#8: Sheep          
position  1:    T:0.16667    C:0.18750    A:0.33333    G:0.31250
position  2:    T:0.39583    C:0.16667    A:0.14583    G:0.29167
position  3:    T:0.20833    C:0.25000    A:0.27083    G:0.27083
Average         T:0.25694    C:0.20139    A:0.25000    G:0.29167

#9: MaxwellsDuiker 
position  1:    T:0.14583    C:0.20833    A:0.33333    G:0.31250
position  2:    T:0.39583    C:0.16667    A:0.14583    G:0.29167
position  3:    T:0.20833    C:0.25000    A:0.27083    G:0.27083
Average         T:0.25000    C:0.20833    A:0.25000    G:0.29167

#10: GazellaPrzewalskyi
position  1:    T:0.14583    C:0.20833    A:0.33333    G:0.31250
position  2:    T:0.39583    C:0.16667    A:0.14583    G:0.29167
position  3:    T:0.18750    C:0.27083    A:0.27083    G:0.27083
Average         T:0.24306    C:0.21528    A:0.25000    G:0.29167

#11: MountainNyala  
position  1:    T:0.14583    C:0.20833    A:0.33333    G:0.31250
position  2:    T:0.39583    C:0.16667    A:0.14583    G:0.29167
position  3:    T:0.18750    C:0.27083    A:0.27083    G:0.27083
Average         T:0.24306    C:0.21528    A:0.25000    G:0.29167

#12: MuntiacusMuntjak
position  1:    T:0.14583    C:0.20833    A:0.33333    G:0.31250
position  2:    T:0.41667    C:0.14583    A:0.14583    G:0.29167
position  3:    T:0.18750    C:0.27083    A:0.27083    G:0.27083
Average         T:0.25000    C:0.20833    A:0.25000    G:0.29167

#13: goat           
position  1:    T:0.16667    C:0.18750    A:0.33333    G:0.31250
position  2:    T:0.39583    C:0.16667    A:0.14583    G:0.29167
position  3:    T:0.20833    C:0.25000    A:0.27083    G:0.27083
Average         T:0.25694    C:0.20139    A:0.25000    G:0.29167

#14: AfricanBuffalo 
position  1:    T:0.14583    C:0.20833    A:0.31250    G:0.33333
position  2:    T:0.39583    C:0.16667    A:0.14583    G:0.29167
position  3:    T:0.18750    C:0.27083    A:0.27083    G:0.27083
Average         T:0.24306    C:0.21528    A:0.24306    G:0.29861

#15: Topi           
position  1:    T:0.16667    C:0.18750    A:0.33333    G:0.31250
position  2:    T:0.39583    C:0.16667    A:0.14583    G:0.29167
position  3:    T:0.20833    C:0.25000    A:0.27083    G:0.27083
Average         T:0.25694    C:0.20139    A:0.25000    G:0.29167

#16: CommonDuiker   
position  1:    T:0.14583    C:0.20833    A:0.37500    G:0.27083
position  2:    T:0.39583    C:0.16667    A:0.14583    G:0.29167
position  3:    T:0.20833    C:0.25000    A:0.27083    G:0.27083
Average         T:0.25000    C:0.20833    A:0.26389    G:0.27778

#17: Suni           
position  1:    T:0.14583    C:0.20833    A:0.33333    G:0.31250
position  2:    T:0.39583    C:0.16667    A:0.16667    G:0.27083
position  3:    T:0.18750    C:0.27083    A:0.27083    G:0.27083
Average         T:0.24306    C:0.21528    A:0.25694    G:0.28472

#18: Springbuck     
position  1:    T:0.14583    C:0.20833    A:0.33333    G:0.31250
position  2:    T:0.39583    C:0.16667    A:0.14583    G:0.29167
position  3:    T:0.18750    C:0.27083    A:0.27083    G:0.27083
Average         T:0.24306    C:0.21528    A:0.25000    G:0.29167

#19: Okapi          
position  1:    T:0.14583    C:0.20833    A:0.33333    G:0.31250
position  2:    T:0.39583    C:0.16667    A:0.14583    G:0.29167
position  3:    T:0.20833    C:0.25000    A:0.27083    G:0.27083
Average         T:0.25000    C:0.20833    A:0.25000    G:0.29167

#20: Giraffe        
position  1:    T:0.14583    C:0.20833    A:0.33333    G:0.31250
position  2:    T:0.39583    C:0.16667    A:0.14583    G:0.29167
position  3:    T:0.18750    C:0.27083    A:0.27083    G:0.27083
Average         T:0.24306    C:0.21528    A:0.25000    G:0.29167

#21: TibetanAntelope
position  1:    T:0.14583    C:0.20833    A:0.33333    G:0.31250
position  2:    T:0.39583    C:0.16667    A:0.14583    G:0.29167
position  3:    T:0.20833    C:0.25000    A:0.27083    G:0.27083
Average         T:0.25000    C:0.20833    A:0.25000    G:0.29167

#22: Sitatunga      
position  1:    T:0.14583    C:0.20833    A:0.33333    G:0.31250
position  2:    T:0.39583    C:0.16667    A:0.14583    G:0.29167
position  3:    T:0.18750    C:0.27083    A:0.27083    G:0.27083
Average         T:0.24306    C:0.21528    A:0.25000    G:0.29167

#23: Oribi          
position  1:    T:0.14583    C:0.20833    A:0.35417    G:0.29167
position  2:    T:0.39583    C:0.16667    A:0.14583    G:0.29167
position  3:    T:0.18750    C:0.27083    A:0.25000    G:0.29167
Average         T:0.24306    C:0.21528    A:0.25000    G:0.29167

#24: BarbarySheep   
position  1:    T:0.16667    C:0.18750    A:0.33333    G:0.31250
position  2:    T:0.39583    C:0.16667    A:0.14583    G:0.29167
position  3:    T:0.18750    C:0.27083    A:0.27083    G:0.27083
Average         T:0.25000    C:0.20833    A:0.25000    G:0.29167

#25: Daviddeer      
position  1:    T:0.14583    C:0.20833    A:0.33333    G:0.31250
position  2:    T:0.37500    C:0.18750    A:0.14583    G:0.29167
position  3:    T:0.20833    C:0.25000    A:0.27083    G:0.27083
Average         T:0.24306    C:0.21528    A:0.25000    G:0.29167

#26: Reindeer       
position  1:    T:0.14583    C:0.20833    A:0.33333    G:0.31250
position  2:    T:0.39583    C:0.16667    A:0.14583    G:0.29167
position  3:    T:0.18750    C:0.27083    A:0.27083    G:0.27083
Average         T:0.24306    C:0.21528    A:0.25000    G:0.29167

#27: Ibex           
position  1:    T:0.16667    C:0.18750    A:0.33333    G:0.31250
position  2:    T:0.39583    C:0.16667    A:0.14583    G:0.29167
position  3:    T:0.20833    C:0.25000    A:0.27083    G:0.27083
Average         T:0.25694    C:0.20139    A:0.25000    G:0.29167

#28: GyrantGazelle  
position  1:    T:0.14583    C:0.20833    A:0.33333    G:0.31250
position  2:    T:0.39583    C:0.16667    A:0.14583    G:0.29167
position  3:    T:0.18750    C:0.27083    A:0.29167    G:0.25000
Average         T:0.24306    C:0.21528    A:0.25694    G:0.28472

#29: Hartebeest     
position  1:    T:0.16667    C:0.18750    A:0.33333    G:0.31250
position  2:    T:0.39583    C:0.16667    A:0.14583    G:0.29167
position  3:    T:0.20833    C:0.25000    A:0.27083    G:0.27083
Average         T:0.25694    C:0.20139    A:0.25000    G:0.29167

#30: Bongo          
position  1:    T:0.14583    C:0.20833    A:0.33333    G:0.31250
position  2:    T:0.39583    C:0.16667    A:0.14583    G:0.29167
position  3:    T:0.20833    C:0.25000    A:0.27083    G:0.27083
Average         T:0.25000    C:0.20833    A:0.25000    G:0.29167

#31: Gerenuk        
position  1:    T:0.14583    C:0.20833    A:0.33333    G:0.31250
position  2:    T:0.39583    C:0.16667    A:0.14583    G:0.29167
position  3:    T:0.18750    C:0.27083    A:0.27083    G:0.27083
Average         T:0.24306    C:0.21528    A:0.25000    G:0.29167

#32: CommonEland    
position  1:    T:0.14583    C:0.20833    A:0.33333    G:0.31250
position  2:    T:0.39583    C:0.16667    A:0.14583    G:0.29167
position  3:    T:0.18750    C:0.27083    A:0.27083    G:0.27083
Average         T:0.24306    C:0.21528    A:0.25000    G:0.29167

#33: MuntiacusReevesi
position  1:    T:0.14583    C:0.20833    A:0.33333    G:0.31250
position  2:    T:0.41667    C:0.14583    A:0.14583    G:0.29167
position  3:    T:0.18750    C:0.27083    A:0.27083    G:0.27083
Average         T:0.25000    C:0.20833    A:0.25000    G:0.29167

#34: HarveysDuiker  
position  1:    T:0.12500    C:0.22917    A:0.35417    G:0.29167
position  2:    T:0.39583    C:0.16667    A:0.14583    G:0.29167
position  3:    T:0.20833    C:0.25000    A:0.25000    G:0.29167
Average         T:0.24306    C:0.21528    A:0.25000    G:0.29167

#35: Pronghorn      
position  1:    T:0.14583    C:0.20833    A:0.35417    G:0.29167
position  2:    T:0.39583    C:0.16667    A:0.14583    G:0.29167
position  3:    T:0.18750    C:0.27083    A:0.22917    G:0.31250
Average         T:0.24306    C:0.21528    A:0.24306    G:0.29861

#36: BlueWildebeest 
position  1:    T:0.16667    C:0.18750    A:0.33333    G:0.31250
position  2:    T:0.39583    C:0.16667    A:0.14583    G:0.29167
position  3:    T:0.20833    C:0.25000    A:0.27083    G:0.27083
Average         T:0.25694    C:0.20139    A:0.25000    G:0.29167

#37: Gemsbok        
position  1:    T:0.14583    C:0.20833    A:0.33333    G:0.31250
position  2:    T:0.39583    C:0.16667    A:0.14583    G:0.29167
position  3:    T:0.22917    C:0.22917    A:0.27083    G:0.27083
Average         T:0.25694    C:0.20139    A:0.25000    G:0.29167

#38: Yak            
position  1:    T:0.14583    C:0.20833    A:0.33333    G:0.31250
position  2:    T:0.39583    C:0.16667    A:0.14583    G:0.29167
position  3:    T:0.18750    C:0.27083    A:0.27083    G:0.27083
Average         T:0.24306    C:0.21528    A:0.25000    G:0.29167

#39: BlueSheep      
position  1:    T:0.16667    C:0.18750    A:0.33333    G:0.31250
position  2:    T:0.39583    C:0.16667    A:0.14583    G:0.29167
position  3:    T:0.20833    C:0.25000    A:0.27083    G:0.27083
Average         T:0.25694    C:0.20139    A:0.25000    G:0.29167

#40: BohorReedbuck  
position  1:    T:0.14583    C:0.20833    A:0.33333    G:0.31250
position  2:    T:0.39583    C:0.16667    A:0.16667    G:0.27083
position  3:    T:0.18750    C:0.27083    A:0.27083    G:0.27083
Average         T:0.24306    C:0.21528    A:0.25694    G:0.28472

#41: KirksDik       
position  1:    T:0.14583    C:0.18750    A:0.35417    G:0.31250
position  2:    T:0.39583    C:0.16667    A:0.14583    G:0.29167
position  3:    T:0.18750    C:0.27083    A:0.27083    G:0.27083
Average         T:0.24306    C:0.20833    A:0.25694    G:0.29167

#42: RoeDeer        
position  1:    T:0.14583    C:0.20833    A:0.33333    G:0.31250
position  2:    T:0.37500    C:0.18750    A:0.14583    G:0.29167
position  3:    T:0.20833    C:0.27083    A:0.27083    G:0.25000
Average         T:0.24306    C:0.22222    A:0.25000    G:0.28472

#43: WhiteLippedDeer
position  1:    T:0.14583    C:0.20833    A:0.33333    G:0.31250
position  2:    T:0.37500    C:0.18750    A:0.14583    G:0.29167
position  3:    T:0.18750    C:0.27083    A:0.27083    G:0.27083
Average         T:0.23611    C:0.22222    A:0.25000    G:0.29167

#44: ThomsonGazelle 
position  1:    T:0.14583    C:0.20833    A:0.33333    G:0.31250
position  2:    T:0.39583    C:0.16667    A:0.14583    G:0.29167
position  3:    T:0.18750    C:0.27083    A:0.27083    G:0.27083
Average         T:0.24306    C:0.21528    A:0.25000    G:0.29167

#45: MuntiacusCrinifrons
position  1:    T:0.14583    C:0.20833    A:0.33333    G:0.31250
position  2:    T:0.41667    C:0.14583    A:0.14583    G:0.29167
position  3:    T:0.18750    C:0.27083    A:0.27083    G:0.27083
Average         T:0.25000    C:0.20833    A:0.25000    G:0.29167

#46: WhiteTailedDeer
position  1:    T:0.14583    C:0.20833    A:0.33333    G:0.31250
position  2:    T:0.39583    C:0.16667    A:0.14583    G:0.29167
position  3:    T:0.18750    C:0.27083    A:0.27083    G:0.27083
Average         T:0.24306    C:0.21528    A:0.25000    G:0.29167

#47: Cattle         
position  1:    T:0.14583    C:0.20833    A:0.33333    G:0.31250
position  2:    T:0.39583    C:0.16667    A:0.14583    G:0.29167
position  3:    T:0.18750    C:0.27083    A:0.27083    G:0.27083
Average         T:0.24306    C:0.21528    A:0.25000    G:0.29167

#48: RoyalAntelope  
position  1:    T:0.14583    C:0.20833    A:0.33333    G:0.31250
position  2:    T:0.39583    C:0.16667    A:0.14583    G:0.29167
position  3:    T:0.20833    C:0.25000    A:0.29167    G:0.25000
Average         T:0.25000    C:0.20833    A:0.25694    G:0.28472

#49: Steenbok       
position  1:    T:0.14583    C:0.20833    A:0.33333    G:0.31250
position  2:    T:0.39583    C:0.16667    A:0.14583    G:0.29167
position  3:    T:0.18750    C:0.27083    A:0.27083    G:0.27083
Average         T:0.24306    C:0.21528    A:0.25000    G:0.29167

#50: Impala         
position  1:    T:0.12500    C:0.22917    A:0.33333    G:0.31250
position  2:    T:0.39583    C:0.16667    A:0.14583    G:0.29167
position  3:    T:0.20833    C:0.25000    A:0.27083    G:0.27083
Average         T:0.24306    C:0.21528    A:0.25000    G:0.29167

#51: Klipspringer   
position  1:    T:0.14583    C:0.18750    A:0.33333    G:0.33333
position  2:    T:0.39583    C:0.16667    A:0.14583    G:0.29167
