CODONML (in paml version 4.10.7, June 2023)  /home/rachel/ruminants_paml/6406-phy-tree/ENSBTAT00000002619.fasta.phy
Model: free dN/dS Ratios for branches,  kappa = 2.000 fixed

Codon frequency model: F3x4
ns =  54  ls = 104

Codon usage in sequences
--------------------------------------------------------------------------------------------------------------------------------------
Phe TTT   1   0   1   1   1   1 | Ser TCT   0   0   0   0   0   0 | Tyr TAT   0   0   0   0   0   0 | Cys TGT   1   1   1   1   1   1
    TTC   1   2   1   1   1   1 |     TCC   0   0   0   0   0   0 |     TAC   0   0   0   0   0   0 |     TGC   1   1   1   1   1   1
Leu TTA   1   1   1   1   1   1 |     TCA   3   2   3   3   3   2 | *** TAA   0   0   0   0   0   0 | *** TGA   0   0   0   0   0   0
    TTG   0   0   0   0   1   1 |     TCG   1   2   1   1   1   2 |     TAG   0   0   0   0   0   0 | Trp TGG   1   1   1   1   1   1
--------------------------------------------------------------------------------------------------------------------------------------
Leu CTT   4   3   4   4   2   4 | Pro CCT   0   0   0   0   0   0 | His CAT   0   0   0   0   0   0 | Arg CGT   0   0   0   0   0   0
    CTC   4   6   4   4   6   5 |     CCC   0   0   0   0   0   0 |     CAC   2   2   2   2   2   2 |     CGC   0   0   0   0   0   0
    CTA   2   1   2   1   1   1 |     CCA   1   1   1   1   0   1 | Gln CAA   5   3   5   6   4   4 |     CGA   1   0   1   1   1   0
    CTG   4   4   4   5   4   3 |     CCG   0   0   0   0   1   0 |     CAG   8  10   8   8   9   9 |     CGG   2   2   2   2   0   1
--------------------------------------------------------------------------------------------------------------------------------------
Ile ATT   2   2   3   2   3   3 | Thr ACT   2   3   2   3   3   2 | Asn AAT   2   2   2   2   4   4 | Ser AGT   1   1   1   1   1   1
    ATC   2   2   1   2   2   1 |     ACC   2   1   2   1   1   2 |     AAC   3   3   3   3   1   1 |     AGC   1   1   1   1   1   1
    ATA   1   1   1   1   0   1 |     ACA   0   1   0   0   0   0 | Lys AAA   7   6   6   6   7   7 | Arg AGA   1   0   1   1   1   1
Met ATG   1   1   1   1   1   1 |     ACG   1   0   1   1   1   1 |     AAG   5   5   6   5   5   5 |     AGG   1   4   1   1   3   2
--------------------------------------------------------------------------------------------------------------------------------------
Val GTT   1   0   1   1   0   1 | Ala GCT   3   4   2   3   2   2 | Asp GAT   2   2   2   2   2   2 | Gly GGT   0   0   0   0   0   0
    GTC   0   0   0   0   0   0 |     GCC   0   0   0   0   1   0 |     GAC   3   3   3   3   3   3 |     GGC   0   0   0   0   0   0
    GTA   0   0   0   0   0   0 |     GCA   2   2   3   2   2   3 | Glu GAA   3   3   3   3   2   4 |     GGA   3   3   3   3   2   3
    GTG   3   3   3   3   3   3 |     GCG   1   1   1   1   2   1 |     GAG   8   8   8   8   9   7 |     GGG   0   0   0   0   1   1
--------------------------------------------------------------------------------------------------------------------------------------

--------------------------------------------------------------------------------------------------------------------------------------
Phe TTT   1   1   1   1   1   0 | Ser TCT   0   0   0   0   0   0 | Tyr TAT   0   0   0   0   0   0 | Cys TGT   1   1   1   1   1   1
    TTC   1   1   1   1   1   2 |     TCC   0   0   0   0   0   0 |     TAC   0   0   0   0   0   0 |     TGC   1   1   1   1   1   1
Leu TTA   1   1   1   1   1   0 |     TCA   3   3   3   3   3   3 | *** TAA   0   0   0   0   0   0 | *** TGA   0   0   0   0   0   0
    TTG   0   0   0   0   0   1 |     TCG   1   1   1   1   1   1 |     TAG   0   0   0   0   0   0 | Trp TGG   1   1   1   1   1   1
--------------------------------------------------------------------------------------------------------------------------------------
Leu CTT   4   4   4   3   5   4 | Pro CCT   0   0   0   0   0   0 | His CAT   0   0   0   0   0   0 | Arg CGT   0   0   0   0   0   0
    CTC   4   4   4   5   3   4 |     CCC   0   0   0   0   0   0 |     CAC   2   2   2   2   2   2 |     CGC   0   0   0   0   0   0
    CTA   1   2   2   3   1   2 |     CCA   1   1   1   1   1   1 | Gln CAA   5   5   5   4   5   4 |     CGA   1   1   1   1   1   1
    CTG   5   4   4   3   5   4 |     CCG   0   0   0   0   0   0 |     CAG   8   8   8   8   8   9 |     CGG   2   2   2   2   2   2
--------------------------------------------------------------------------------------------------------------------------------------
Ile ATT   2   2   2   2   2   2 | Thr ACT   2   2   1   2   2   2 | Asn AAT   2   2   2   2   2   2 | Ser AGT   1   1   1   1   1   1
    ATC   2   2   2   2   2   2 |     ACC   2   2   3   2   2   2 |     AAC   3   3   3   3   3   3 |     AGC   1   1   1   1   1   1
    ATA   1   1   1   1   1   1 |     ACA   0   0   0   0   0   1 | Lys AAA   6   7   6   8   6   7 | Arg AGA   1   1   1   1   1   1
Met ATG   1   1   1   1   1   1 |     ACG   1   1   1   1   1   0 |     AAG   6   5   6   5   6   5 |     AGG   1   1   1   1   1   1
--------------------------------------------------------------------------------------------------------------------------------------
Val GTT   1   1   1   1   1   1 | Ala GCT   3   3   3   3   2   3 | Asp GAT   2   2   1   2   2   2 | Gly GGT   0   0   0   0   0   0
    GTC   0   0   0   0   0   0 |     GCC   0   0   0   0   0   0 |     GAC   3   3   4   3   3   3 |     GGC   0   0   0   0   0   0
    GTA   0   0   0   0   0   0 |     GCA   2   2   2   2   2   2 | Glu GAA   3   3   3   2   3   3 |     GGA   3   3   3   3   3   3
    GTG   3   3   3   3   3   3 |     GCG   1   1   1   1   2   1 |     GAG   8   8   8   9   8   8 |     GGG   0   0   0   0   0   0
--------------------------------------------------------------------------------------------------------------------------------------

--------------------------------------------------------------------------------------------------------------------------------------
Phe TTT   1   1   1   1   1   1 | Ser TCT   0   0   0   0   0   0 | Tyr TAT   0   0   0   0   0   0 | Cys TGT   1   1   1   1   1   1
    TTC   1   1   1   1   1   1 |     TCC   0   0   0   0   0   0 |     TAC   0   0   0   0   0   0 |     TGC   1   1   1   1   1   1
Leu TTA   1   1   1   1   1   1 |     TCA   3   3   3   3   3   2 | *** TAA   0   0   0   0   0   0 | *** TGA   0   0   0   0   0   0
    TTG   0   0   0   0   0   1 |     TCG   1   1   1   1   1   1 |     TAG   0   0   0   0   0   0 | Trp TGG   1   1   1   1   1   1
--------------------------------------------------------------------------------------------------------------------------------------
Leu CTT   5   4   4   4   5   4 | Pro CCT   0   0   0   0   0   0 | His CAT   0   0   0   0   0   0 | Arg CGT   0   0   0   0   0   0
    CTC   3   4   4   4   4   4 |     CCC   0   0   0   0   0   0 |     CAC   2   2   2   2   2   2 |     CGC   0   0   0   0   0   0
    CTA   2   1   2   1   2   2 |     CCA   1   1   1   1   1   1 | Gln CAA   5   5   5   5   5   4 |     CGA   1   1   1   1   1   1
    CTG   4   5   4   5   3   4 |     CCG   0   0   0   0   0   0 |     CAG   8   8   8   8   8   8 |     CGG   2   2   2   2   2   2
--------------------------------------------------------------------------------------------------------------------------------------
Ile ATT   2   2   2   3   2   2 | Thr ACT   2   3   2   1   2   2 | Asn AAT   2   2   2   2   1   2 | Ser AGT   1   1   1   1   1   1
    ATC   2   2   2   1   2   2 |     ACC   2   1   3   3   2   2 |     AAC   3   3   3   3   4   3 |     AGC   1   1   1   1   1   1
    ATA   1   1   1   1   1   1 |     ACA   0   0   0   0   0   0 | Lys AAA   6   6   7   6   7   7 | Arg AGA   2   1   1   1   1   1
Met ATG   1   1   1   1   1   1 |     ACG   1   1   0   1   1   1 |     AAG   5   6   5   6   5   5 |     AGG   1   1   1   1   1   2
--------------------------------------------------------------------------------------------------------------------------------------
Val GTT   1   2   1   1   1   1 | Ala GCT   3   2   3   3   3   3 | Asp GAT   2   2   2   1   1   2 | Gly GGT   0   0   0   0   0   0
    GTC   0   0   0   0   0   0 |     GCC   0   0   0   0   0   0 |     GAC   3   3   3   4   4   3 |     GGC   0   0   0   0   0   0
    GTA   0   0   0   0   0   0 |     GCA   2   2   2   2   2   2 | Glu GAA   2   3   3   3   2   3 |     GGA   3   3   3   3   3   3
    GTG   3   2   3   3   3   3 |     GCG   1   2   1   1   1   1 |     GAG   9   8   8   8   9   8 |     GGG   0   0   0   0   0   0
--------------------------------------------------------------------------------------------------------------------------------------

--------------------------------------------------------------------------------------------------------------------------------------
Phe TTT   1   1   1   1   1   1 | Ser TCT   1   0   0   0   0   0 | Tyr TAT   0   0   0   0   0   0 | Cys TGT   1   1   1   1   1   1
    TTC   1   1   1   1   1   1 |     TCC   0   0   0   0   0   0 |     TAC   0   0   0   0   0   0 |     TGC   1   1   1   1   1   1
Leu TTA   1   1   1   1   1   1 |     TCA   1   3   3   3   3   3 | *** TAA   0   0   0   0   0   0 | *** TGA   0   0   0   0   0   0
    TTG   0   0   0   0   1   0 |     TCG   1   1   1   1   0   1 |     TAG   0   0   0   0   0   0 | Trp TGG   1   2   1   1   1   1
--------------------------------------------------------------------------------------------------------------------------------------
Leu CTT   4   4   4   4   4   4 | Pro CCT   0   0   0   0   0   0 | His CAT   0   0   0   0   0   0 | Arg CGT   0   0   0   0   0   0
    CTC   4   4   4   4   4   4 |     CCC   0   0   0   0   0   0 |     CAC   2   2   2   2   2   2 |     CGC   0   0   0   0   0   0
    CTA   2   2   2   2   1   2 |     CCA   1   1   1   1   1   1 | Gln CAA   4   4   5   5   4   5 |     CGA   2   2   1   1   1   1
    CTG   4   4   4   4   5   4 |     CCG   0   0   0   0   0   0 |     CAG   8   8   8   8   8   8 |     CGG   2   1   2   2   2   2
--------------------------------------------------------------------------------------------------------------------------------------
Ile ATT   2   2   2   3   2   2 | Thr ACT   2   2   2   2   2   2 | Asn AAT   2   2   2   2   2   2 | Ser AGT   1   1   1   1   1   1
    ATC   2   2   2   1   2   2 |     ACC   2   2   2   2   2   2 |     AAC   3   3   3   3   3   3 |     AGC   1   1   1   1   1   1
    ATA   1   1   1   1   1   1 |     ACA   0   0   0   0   0   0 | Lys AAA   7   7   4   6   8   7 | Arg AGA   1   1   1   1   1   1
Met ATG   1   1   0   1   1   1 |     ACG   1   1   1   1   1   1 |     AAG   5   5   8   6   5   5 |     AGG   1   1   1   1   1   1
--------------------------------------------------------------------------------------------------------------------------------------
Val GTT   1   1   1   1   1   1 | Ala GCT   3   3   3   2   3   3 | Asp GAT   2   2   2   2   2   2 | Gly GGT   0   0   0   0   0   0
    GTC   0   0   0   0   0   0 |     GCC   0   0   0   0   0   0 |     GAC   3   3   3   3   3   3 |     GGC   0   0   0   0   0   0
    GTA   0   0   0   0   0   0 |     GCA   2   2   2   3   2   2 | Glu GAA   3   3   3   3   4   3 |     GGA   3   3   3   3   3   3
    GTG   3   3   4   3   3   3 |     GCG   2   1   1   1   1   1 |     GAG   8   8   8   8   7   8 |     GGG   0   0   0   0   0   0
--------------------------------------------------------------------------------------------------------------------------------------

--------------------------------------------------------------------------------------------------------------------------------------
Phe TTT   0   0   1   1   1   1 | Ser TCT   0   0   0   0   0   0 | Tyr TAT   0   0   0   0   0   0 | Cys TGT   1   1   1   1   1   1
    TTC   2   2   1   1   1   1 |     TCC   0   0   0   0   0   0 |     TAC   0   0   0   0   0   0 |     TGC   1   1   1   1   1   1
Leu TTA   1   1   1   1   1   1 |     TCA   3   3   3   3   3   3 | *** TAA   0   0   0   0   0   0 | *** TGA   0   0   0   0   0   0
    TTG   0   0   0   0   0   0 |     TCG   1   1   1   1   1   1 |     TAG   0   0   0   0   0   0 | Trp TGG   1   1   1   1   1   1
--------------------------------------------------------------------------------------------------------------------------------------
Leu CTT   4   4   5   4   4   4 | Pro CCT   0   0   0   0   0   0 | His CAT   0   0   0   0   0   0 | Arg CGT   0   0   0   0   0   0
    CTC   4   4   3   4   4   4 |     CCC   0   0   0   0   0   0 |     CAC   2   2   2   2   2   2 |     CGC   0   0   0   0   0   0
    CTA   2   2   2   1   2   1 |     CCA   1   1   1   1   1   1 | Gln CAA   4   4   5   4   5   5 |     CGA   1   1   1   1   1   1
    CTG   4   4   4   4   4   5 |     CCG   0   0   0   0   0   0 |     CAG   9   9   8   7   8   8 |     CGG   2   2   2   3   2   2
--------------------------------------------------------------------------------------------------------------------------------------
Ile ATT   2   2   2   2   2   2 | Thr ACT   3   3   2   2   2   2 | Asn AAT   2   2   2   2   2   2 | Ser AGT   1   1   1   1   1   1
    ATC   2   2   2   2   2   2 |     ACC   1   1   2   2   3   2 |     AAC   3   3   3   3   3   3 |     AGC   1   1   1   1   1   1
    ATA   1   1   1   1   1   1 |     ACA   1   0   0   0   0   0 | Lys AAA   7   7   8   7   7   6 | Arg AGA   1   1   1   2   1   1
Met ATG   1   1   1   1   1   1 |     ACG   0   1   1   1   0   1 |     AAG   5   5   4   5   5   6 |     AGG   1   1   1   1   1   1
--------------------------------------------------------------------------------------------------------------------------------------
Val GTT   1   1   1   1   1   1 | Ala GCT   3   3   3   3   3   2 | Asp GAT   2   2   2   2   2   2 | Gly GGT   0   0   0   0   0   0
    GTC   0   0   0   0   0   0 |     GCC   0   0   0   0   0   0 |     GAC   3   3   3   3   3   3 |     GGC   0   0   0   0   0   0
    GTA   0   0   0   1   0   0 |     GCA   2   2   2   2   2   2 | Glu GAA   3   3   2   3   3   3 |     GGA   3   3   3   3   3   3
    GTG   3   3   3   3   3   3 |     GCG   1   1   1   1   1   2 |     GAG   8   8   9   8   8   8 |     GGG   0   0   0   0   0   0
--------------------------------------------------------------------------------------------------------------------------------------

--------------------------------------------------------------------------------------------------------------------------------------
Phe TTT   1   1   0   1   1   1 | Ser TCT   0   0   0   1   0   0 | Tyr TAT   0   0   0   0   0   0 | Cys TGT   1   1   1   1   1   1
    TTC   1   1   2   1   1   1 |     TCC   0   0   0   0   0   0 |     TAC   0   0   0   0   0   0 |     TGC   1   1   1   1   1   1
Leu TTA   1   1   1   1   1   1 |     TCA   3   3   3   2   3   3 | *** TAA   0   0   0   0   0   0 | *** TGA   0   0   0   0   0   0
    TTG   0   0   0   0   0   0 |     TCG   1   1   1   1   1   1 |     TAG   0   0   0   0   0   0 | Trp TGG   1   1   1   1   1   1
--------------------------------------------------------------------------------------------------------------------------------------
Leu CTT   4   5   4   4   4   4 | Pro CCT   0   0   0   0   0   0 | His CAT   0   0   0   0   0   0 | Arg CGT   0   0   0   0   0   0
    CTC   4   4   4   4   4   4 |     CCC   0   0   0   0   0   0 |     CAC   2   2   2   2   2   2 |     CGC   0   0   0   0   0   0
    CTA   2   1   2   2   2   2 |     CCA   1   1   1   1   0   1 | Gln CAA   4   5   4   5   4   5 |     CGA   1   1   1   1   1   1
    CTG   4   4   4   4   4   4 |     CCG   0   0   0   0   1   0 |     CAG   8   8   9   8   9   8 |     CGG   2   2   2   2   1   2
--------------------------------------------------------------------------------------------------------------------------------------
Ile ATT   2   2   2   2   2   2 | Thr ACT   2   2   2   1   1   2 | Asn AAT   2   2   2   2   2   2 | Ser AGT   1   1   1   1   1   1
    ATC   2   2   2   2   1   2 |     ACC   2   2   2   3   3   2 |     AAC   3   3   3   3   3   3 |     AGC   1   1   1   1   1   1
    ATA   1   1   1   1   1   1 |     ACA   0   0   1   0   0   0 | Lys AAA   8   6   7   6   7   7 | Arg AGA   1   1   1   1   1   1
Met ATG   1   1   1   1   1   1 |     ACG   1   1   0   1   1   0 |     AAG   5   6   5   6   5   5 |     AGG   1   1   1   1   2   1
--------------------------------------------------------------------------------------------------------------------------------------
Val GTT   1   1   1   1   1   1 | Ala GCT   4   2   3   3   3   3 | Asp GAT   2   2   2   2   2   2 | Gly GGT   0   0   0   0   0   0
    GTC   0   0   0   0   1   0 |     GCC   0   0   0   0   0   1 |     GAC   3   3   3   3   3   3 |     GGC   0   0   0   0   0   0
    GTA   0   0   0   0   0   0 |     GCA   2   2   2   2   1   2 | Glu GAA   3   3   3   3   3   3 |     GGA   3   3   3   3   3   3
    GTG   3   3   3   3   3   3 |     GCG   0   2   1   1   2   1 |     GAG   8   8   8   8   8   8 |     GGG   0   0   0   0   0   0
--------------------------------------------------------------------------------------------------------------------------------------

--------------------------------------------------------------------------------------------------------------------------------------
Phe TTT   1   1   1   1   1   0 | Ser TCT   0   0   0   0   0   0 | Tyr TAT   0   0   0   0   0   0 | Cys TGT   1   1   1   1   1   2
    TTC   1   1   1   1   1   2 |     TCC   0   0   0   0   0   0 |     TAC   0   0   0   0   0   0 |     TGC   1   1   1   1   1   0
Leu TTA   1   1   1   1   1   1 |     TCA   3   3   3   3   3   3 | *** TAA   0   0   0   0   0   0 | *** TGA   0   0   0   0   0   0
    TTG   0   0   0   0   0   0 |     TCG   1   1   1   1   1   1 |     TAG   0   0   0   0   0   0 | Trp TGG   1   1   1   1   1   1
--------------------------------------------------------------------------------------------------------------------------------------
Leu CTT   4   2   5   4   4   4 | Pro CCT   0   0   0   0   0   0 | His CAT   0   0   0   0   0   0 | Arg CGT   0   0   0   0   0   0
    CTC   4   6   3   4   4   4 |     CCC   0   0   0   0   0   0 |     CAC   2   2   2   2   2   2 |     CGC   0   0   0   0   0   0
    CTA   2   1   2   1   2   2 |     CCA   1   1   1   1   1   1 | Gln CAA   5   5   5   4   4   4 |     CGA   1   1   1   1   1   1
    CTG   4   5   4   5   4   4 |     CCG   0   0   0   0   0   0 |     CAG   8   8   8   9   8   9 |     CGG   2   2   2   2   2   2
--------------------------------------------------------------------------------------------------------------------------------------
Ile ATT   2   3   2   2   2   2 | Thr ACT   2   3   2   2   2   3 | Asn AAT   2   2   2   2   2   2 | Ser AGT   1   1   1   1   1   1
    ATC   2   1   2   2   2   2 |     ACC   2   1   2   2   2   1 |     AAC   3   3   3   3   3   3 |     AGC   1   1   1   1   1   1
    ATA   1   1   1   1   1   1 |     ACA   0   0   0   0   0   1 | Lys AAA   8   6   7   6   8   7 | Arg AGA   1   1   1   1   1   1
Met ATG   1   1   1   1   1   1 |     ACG   1   1   1   1   1   0 |     AAG   4   6   5   6   5   5 |     AGG   1   1   1   1   1   1
--------------------------------------------------------------------------------------------------------------------------------------
Val GTT   1   1   1   1   1   1 | Ala GCT   3   2   3   3   3   3 | Asp GAT   2   2   2   2   3   2 | Gly GGT   0   0   0   0   0   0
    GTC   0   0   0   0   1   0 |     GCC   0   0   0   0   0   0 |     GAC   3   3   3   3   2   3 |     GGC   0   0   0   0   0   0
    GTA   0   0   0   0   0   0 |     GCA   2   2   2   2   2   2 | Glu GAA   3   3   2   3   4   3 |     GGA   3   3   3   3   3   3
    GTG   3   3   3   3   2   3 |     GCG   1   2   1   1   1   1 |     GAG   8   8   9   8   7   8 |     GGG   0   0   0   0   0   0
--------------------------------------------------------------------------------------------------------------------------------------

--------------------------------------------------------------------------------------------------------------------------------------
Phe TTT   0   1   0   0   1   1 | Ser TCT   0   0   0   0   0   0 | Tyr TAT   0   0   0   0   0   0 | Cys TGT   1   1   1   1   1   1
    TTC   2   1   2   2   1   1 |     TCC   0   0   0   0   0   0 |     TAC   0   0   0   0   0   0 |     TGC   1   1   1   1   1   1
Leu TTA   1   1   1   1   1   1 |     TCA   3   3   3   3   3   4 | *** TAA   0   0   0   0   0   0 | *** TGA   0   0   0   0   0   0
    TTG   0   0   0   0   0   0 |     TCG   1   1   1   1   1   0 |     TAG   0   0   0   0   0   0 | Trp TGG   1   1   1   1   1   1
--------------------------------------------------------------------------------------------------------------------------------------
Leu CTT   4   4   4   4   2   4 | Pro CCT   0   0   0   0   0   0 | His CAT   0   0   0   0   0   0 | Arg CGT   0   0   0   0   0   0
    CTC   4   4   4   4   6   4 |     CCC   0   0   0   0   0   0 |     CAC   2   2   2   2   2   2 |     CGC   0   0   0   0   0   0
    CTA   2   2   2   2   1   2 |     CCA   1   1   1   1   1   1 | Gln CAA   4   4   4   4   5   5 |     CGA   1   1   1   1   1   1
    CTG   4   4   4   4   5   4 |     CCG   0   0   0   0   0   0 |     CAG   9   7   9   9   8   8 |     CGG   2   3   2   2   2   2
--------------------------------------------------------------------------------------------------------------------------------------
Ile ATT   2   2   2   2   3   2 | Thr ACT   3   1   2   3   3   2 | Asn AAT   2   2   2   2   2   2 | Ser AGT   1   2   1   1   1   1
    ATC   2   2   2   2   1   2 |     ACC   1   2   2   1   1   2 |     AAC   3   3   3   3   3   3 |     AGC   1   1   1   1   1   1
    ATA   1   1   1   1   1   1 |     ACA   1   0   1   0   0   0 | Lys AAA   7   7   7   7   6   6 | Arg AGA   1   2   1   1   1   1
Met ATG   1   1   1   1   1   2 |     ACG   0   1   0   1   1   0 |     AAG   5   5   5   5   6   6 |     AGG   1   1   1   1   1   1
--------------------------------------------------------------------------------------------------------------------------------------
Val GTT   1   1   1   1   1   1 | Ala GCT   3   3   3   3   2   3 | Asp GAT   2   2   2   2   2   2 | Gly GGT   0   0   0   0   0   0
    GTC   0   0   0   0   0   0 |     GCC   0   0   0   0   0   0 |     GAC   3   3   3   3   3   3 |     GGC   0   0   0   0   0   0
    GTA   0   0   0   0   0   0 |     GCA   2   2   2   2   2   2 | Glu GAA   3   4   3   3   3   3 |     GGA   3   3   3   3   3   2
    GTG   3   3   3   3   3   3 |     GCG   1   1   1   1   2   1 |     GAG   8   7   8   8   8   8 |     GGG   0   0   0   0   0   1
--------------------------------------------------------------------------------------------------------------------------------------

--------------------------------------------------------------------------------------------------------------------------------------
Phe TTT   1   1   1   1   1   1 | Ser TCT   0   0   0   0   0   0 | Tyr TAT   0   0   0   0   0   0 | Cys TGT   1   1   1   1   1   1
    TTC   1   1   1   1   1   1 |     TCC   0   0   0   0   0   0 |     TAC   0   0   0   0   0   0 |     TGC   1   1   1   1   1   1
Leu TTA   1   1   1   1   1   1 |     TCA   3   4   3   3   3   3 | *** TAA   0   0   0   0   0   0 | *** TGA   0   0   0   0   0   0
    TTG   0   0   0   0   0   0 |     TCG   1   0   0   1   1   1 |     TAG   0   0   0   0   0   0 | Trp TGG   1   1   1   1   1   1
--------------------------------------------------------------------------------------------------------------------------------------
Leu CTT   4   4   4   4   4   4 | Pro CCT   0   0   0   0   0   0 | His CAT   0   0   0   0   0   0 | Arg CGT   0   0   0   0   0   0
    CTC   4   3   4   4   4   4 |     CCC   0   0   0   0   0   0 |     CAC   2   2   2   2   2   2 |     CGC   0   0   1   0   0   0
    CTA   2   3   2   1   1   1 |     CCA   1   1   1   1   1   1 | Gln CAA   4   4   4   6   5   5 |     CGA   1   1   0   1   1   1
    CTG   4   4   4   5   5   5 |     CCG   0   0   0   0   0   0 |     CAG   8   9   9   8   8   8 |     CGG   2   2   2   2   2   2
--------------------------------------------------------------------------------------------------------------------------------------
Ile ATT   1   2   2   2   2   2 | Thr ACT   2   2   3   3   2   2 | Asn AAT   2   2   1   2   2   2 | Ser AGT   1   1   1   1   1   1
    ATC   2   2   2   2   2   2 |     ACC   2   2   2   1   2   2 |     AAC   3   3   3   3   3   3 |     AGC   1   1   1   1   1   1
    ATA   1   1   1   1   1   1 |     ACA   0   0   0   0   0   0 | Lys AAA   8   7   7   6   6   6 | Arg AGA   1   1   2   1   1   1
Met ATG   2   1   1   1   1   1 |     ACG   1   1   1   1   1   1 |     AAG   5   5   4   5   6   6 |     AGG   1   1   1   1   1   1
--------------------------------------------------------------------------------------------------------------------------------------
Val GTT   1   1   1   1   1   1 | Ala GCT   3   3   3   3   2   2 | Asp GAT   2   1   1   2   2   2 | Gly GGT   0   0   0   0   0   0
    GTC   0   0   0   0   0   0 |     GCC   0   0   0   0   0   0 |     GAC   3   4   4   3   3   3 |     GGC   0   0   0   0   0   0
    GTA   0   0   0   0   0   0 |     GCA   2   2   2   2   2   2 | Glu GAA   3   3   3   3   4   3 |     GGA   3   3   3   3   3   3
    GTG   3   3   3   3   3   3 |     GCG   1   1   2   1   2   2 |     GAG   8   8   8   8   7   8 |     GGG   0   0   0   0   0   0
--------------------------------------------------------------------------------------------------------------------------------------

Codon position x base (3x4) table for each sequence.

#1: Argali         
position  1:    T:0.09615    C:0.31731    A:0.30769    G:0.27885
position  2:    T:0.25962    C:0.15385    A:0.46154    G:0.12500
position  3:    T:0.18269    C:0.18269    A:0.28846    G:0.34615
Average         T:0.17949    C:0.21795    A:0.35256    G:0.25000

#2: LesserMouseDeer
position  1:    T:0.09615    C:0.30769    A:0.31731    G:0.27885
position  2:    T:0.25000    C:0.16346    A:0.45192    G:0.13462
position  3:    T:0.17308    C:0.20192    A:0.23077    G:0.39423
Average         T:0.17308    C:0.22436    A:0.33333    G:0.26923

#3: LesserKudu     
position  1:    T:0.09615    C:0.31731    A:0.30769    G:0.27885
position  2:    T:0.25962    C:0.15385    A:0.46154    G:0.12500
position  3:    T:0.18269    C:0.17308    A:0.28846    G:0.35577
Average         T:0.17949    C:0.21474    A:0.35256    G:0.25321

#4: ForestMuskDeer2
position  1:    T:0.09615    C:0.32692    A:0.29808    G:0.27885
position  2:    T:0.25962    C:0.15385    A:0.46154    G:0.12500
position  3:    T:0.19231    C:0.17308    A:0.27885    G:0.35577
Average         T:0.18269    C:0.21795    A:0.34615    G:0.25321

#5: Camel          
position  1:    T:0.10577    C:0.28846    A:0.32692    G:0.27885
position  2:    T:0.25000    C:0.16346    A:0.46154    G:0.12500
position  3:    T:0.18269    C:0.18269    A:0.23077    G:0.40385
Average         T:0.17949    C:0.21154    A:0.33974    G:0.26923

#6: KillerWhale    
position  1:    T:0.10577    C:0.28846    A:0.31731    G:0.28846
position  2:    T:0.25962    C:0.15385    A:0.46154    G:0.12500
position  3:    T:0.20192    C:0.16346    A:0.26923    G:0.36538
Average         T:0.18910    C:0.20192    A:0.34936    G:0.25962

#7: DefassaWaterbuck
position  1:    T:0.09615    C:0.31731    A:0.30769    G:0.27885
position  2:    T:0.25962    C:0.15385    A:0.46154    G:0.12500
position  3:    T:0.18269    C:0.18269    A:0.26923    G:0.36538
Average         T:0.17949    C:0.21795    A:0.34615    G:0.25641

#8: Sheep          
position  1:    T:0.09615    C:0.31731    A:0.30769    G:0.27885
position  2:    T:0.25962    C:0.15385    A:0.46154    G:0.12500
position  3:    T:0.18269    C:0.18269    A:0.28846    G:0.34615
Average         T:0.17949    C:0.21795    A:0.35256    G:0.25000

#9: MaxwellsDuiker 
position  1:    T:0.09615    C:0.31731    A:0.30769    G:0.27885
position  2:    T:0.25962    C:0.15385    A:0.46154    G:0.12500
position  3:    T:0.16346    C:0.20192    A:0.27885    G:0.35577
Average         T:0.17308    C:0.22436    A:0.34936    G:0.25321

#10: GazellaPrzewalskyi
position  1:    T:0.09615    C:0.30769    A:0.31731    G:0.27885
position  2:    T:0.25962    C:0.15385    A:0.46154    G:0.12500
position  3:    T:0.17308    C:0.19231    A:0.28846    G:0.34615
Average         T:0.17628    C:0.21795    A:0.35577    G:0.25000

#11: MountainNyala  
position  1:    T:0.09615    C:0.31731    A:0.30769    G:0.27885
position  2:    T:0.25962    C:0.15385    A:0.46154    G:0.12500
position  3:    T:0.18269    C:0.17308    A:0.26923    G:0.37500
Average         T:0.17949    C:0.21474    A:0.34615    G:0.25962

#12: MuntiacusMuntjak
position  1:    T:0.09615    C:0.31731    A:0.30769    G:0.27885
position  2:    T:0.25962    C:0.15385    A:0.46154    G:0.12500
position  3:    T:0.17308    C:0.19231    A:0.27885    G:0.35577
Average         T:0.17628    C:0.22115    A:0.34936    G:0.25321

#13: goat           
position  1:    T:0.09615    C:0.31731    A:0.30769    G:0.27885
position  2:    T:0.25962    C:0.15385    A:0.45192    G:0.13462
position  3:    T:0.19231    C:0.17308    A:0.27885    G:0.35577
Average         T:0.18269    C:0.21474    A:0.34615    G:0.25641

#14: AfricanBuffalo 
position  1:    T:0.09615    C:0.31731    A:0.30769    G:0.27885
position  2:    T:0.25962    C:0.15385    A:0.46154    G:0.12500
position  3:    T:0.19231    C:0.17308    A:0.26923    G:0.36538
Average         T:0.18269    C:0.21474    A:0.34615    G:0.25641

#15: Topi           
position  1:    T:0.09615    C:0.31731    A:0.30769    G:0.27885
position  2:    T:0.25962    C:0.15385    A:0.46154    G:0.12500
position  3:    T:0.18269    C:0.19231    A:0.28846    G:0.33654
Average         T:0.17949    C:0.22115    A:0.35256    G:0.24679

#16: CommonDuiker   
position  1:    T:0.09615    C:0.31731    A:0.30769    G:0.27885
position  2:    T:0.25962    C:0.15385    A:0.46154    G:0.12500
position  3:    T:0.17308    C:0.19231    A:0.26923    G:0.36538
Average         T:0.17628    C:0.22115    A:0.34615    G:0.25641

#17: Suni           
position  1:    T:0.09615    C:0.31731    A:0.30769    G:0.27885
position  2:    T:0.25962    C:0.15385    A:0.46154    G:0.12500
position  3:    T:0.17308    C:0.20192    A:0.27885    G:0.34615
Average         T:0.17628    C:0.22436    A:0.34936    G:0.25000

#18: Springbuck     
position  1:    T:0.09615    C:0.30769    A:0.31731    G:0.27885
position  2:    T:0.26923    C:0.14423    A:0.45192    G:0.13462
position  3:    T:0.18269    C:0.18269    A:0.26923    G:0.36538
Average         T:0.18269    C:0.21154    A:0.34615    G:0.25962

#19: Okapi          
position  1:    T:0.08654    C:0.31731    A:0.30769    G:0.28846
position  2:    T:0.25962    C:0.15385    A:0.45192    G:0.13462
position  3:    T:0.19231    C:0.18269    A:0.26923    G:0.35577
Average         T:0.17949    C:0.21795    A:0.34295    G:0.25962

#20: Giraffe        
position  1:    T:0.10577    C:0.30769    A:0.30769    G:0.27885
position  2:    T:0.25962    C:0.15385    A:0.45192    G:0.13462
position  3:    T:0.18269    C:0.18269    A:0.28846    G:0.34615
Average         T:0.18269    C:0.21474    A:0.34936    G:0.25321

#21: TibetanAntelope
position  1:    T:0.09615    C:0.31731    A:0.29808    G:0.28846
position  2:    T:0.25962    C:0.15385    A:0.46154    G:0.12500
position  3:    T:0.18269    C:0.18269    A:0.25962    G:0.37500
Average         T:0.17949    C:0.21795    A:0.33974    G:0.26282

#22: Sitatunga      
position  1:    T:0.09615    C:0.31731    A:0.30769    G:0.27885
position  2:    T:0.25962    C:0.15385    A:0.46154    G:0.12500
position  3:    T:0.18269    C:0.17308    A:0.28846    G:0.35577
Average         T:0.17949    C:0.21474    A:0.35256    G:0.25321

#23: Oribi          
position  1:    T:0.09615    C:0.30769    A:0.31731    G:0.27885
position  2:    T:0.26923    C:0.14423    A:0.46154    G:0.12500
position  3:    T:0.18269    C:0.18269    A:0.28846    G:0.34615
Average         T:0.18269    C:0.21154    A:0.35577    G:0.25000

#24: BarbarySheep   
position  1:    T:0.09615    C:0.31731    A:0.30769    G:0.27885
position  2:    T:0.25962    C:0.15385    A:0.46154    G:0.12500
position  3:    T:0.18269    C:0.18269    A:0.28846    G:0.34615
Average         T:0.17949    C:0.21795    A:0.35256    G:0.25000

#25: Daviddeer      
position  1:    T:0.09615    C:0.31731    A:0.30769    G:0.27885
position  2:    T:0.25962    C:0.15385    A:0.46154    G:0.12500
position  3:    T:0.18269    C:0.18269    A:0.28846    G:0.34615
Average         T:0.17949    C:0.21795    A:0.35256    G:0.25000

#26: Reindeer       
position  1:    T:0.09615    C:0.31731    A:0.30769    G:0.27885
position  2:    T:0.25962    C:0.15385    A:0.46154    G:0.12500
position  3:    T:0.18269    C:0.18269    A:0.27885    G:0.35577
Average         T:0.17949    C:0.21795    A:0.34936    G:0.25321

#27: Ibex           
position  1:    T:0.09615    C:0.31731    A:0.30769    G:0.27885
position  2:    T:0.25962    C:0.15385    A:0.46154    G:0.12500
position  3:    T:0.19231    C:0.17308    A:0.28846    G:0.34615
Average         T:0.18269    C:0.21474    A:0.35256    G:0.25000

#28: GyrantGazelle  
position  1:    T:0.09615    C:0.29808    A:0.31731    G:0.28846
position  2:    T:0.25962    C:0.15385    A:0.44231    G:0.14423
position  3:    T:0.18269    C:0.18269    A:0.28846    G:0.34615
Average         T:0.17949    C:0.21154    A:0.34936    G:0.25962

#29: Hartebeest     
position  1:    T:0.09615    C:0.31731    A:0.30769    G:0.27885
position  2:    T:0.25962    C:0.15385    A:0.46154    G:0.12500
position  3:    T:0.18269    C:0.19231    A:0.28846    G:0.33654
Average         T:0.17949    C:0.22115    A:0.35256    G:0.24679

#30: Bongo          
position  1:    T:0.09615    C:0.31731    A:0.30769    G:0.27885
position  2:    T:0.25962    C:0.15385    A:0.46154    G:0.12500
position  3:    T:0.17308    C:0.18269    A:0.26923    G:0.37500
Average         T:0.17628    C:0.21795    A:0.34615    G:0.25962

#31: Gerenuk        
position  1:    T:0.09615    C:0.30769    A:0.31731    G:0.27885
position  2:    T:0.25962    C:0.15385    A:0.46154    G:0.12500
position  3:    T:0.19231    C:0.18269    A:0.28846    G:0.33654
Average         T:0.18269    C:0.21474    A:0.35577    G:0.24679

#32: CommonEland    
position  1:    T:0.09615    C:0.31731    A:0.30769    G:0.27885
position  2:    T:0.25962    C:0.15385    A:0.46154    G:0.12500
position  3:    T:0.18269    C:0.18269    A:0.26923    G:0.36538
Average         T:0.17949    C:0.21795    A:0.34615    G:0.25641

#33: MuntiacusReevesi
position  1:    T:0.09615    C:0.31731    A:0.30769    G:0.27885
position  2:    T:0.25962    C:0.15385    A:0.46154    G:0.12500
position  3:    T:0.17308    C:0.19231    A:0.28846    G:0.34615
Average         T:0.17628    C:0.22115    A:0.35256    G:0.25000

#34: HarveysDuiker  
position  1:    T:0.09615    C:0.31731    A:0.30769    G:0.27885
position  2:    T:0.25962    C:0.15385    A:0.46154    G:0.12500
position  3:    T:0.18269    C:0.19231    A:0.26923    G:0.35577
Average         T:0.17949    C:0.22115    A:0.34615    G:0.25321

#35: Pronghorn      
position  1:    T:0.09615    C:0.30769    A:0.30769    G:0.28846
position  2:    T:0.25962    C:0.15385    A:0.46154    G:0.12500
position  3:    T:0.17308    C:0.19231    A:0.25962    G:0.37500
Average         T:0.17628    C:0.21795    A:0.34295    G:0.26282

#36: BlueWildebeest 
position  1:    T:0.09615    C:0.31731    A:0.29808    G:0.28846
position  2:    T:0.25962    C:0.15385    A:0.46154    G:0.12500
position  3:    T:0.18269    C:0.19231    A:0.28846    G:0.33654
Average         T:0.17949    C:0.22115    A:0.34936    G:0.25000

#37: Gemsbok        
position  1:    T:0.09615    C:0.31731    A:0.30769    G:0.27885
position  2:    T:0.25962    C:0.15385    A:0.46154    G:0.12500
position  3:    T:0.18269    C:0.18269    A:0.29808    G:0.33654
Average         T:0.17949    C:0.21795    A:0.35577    G:0.24679

#38: Yak            
position  1:    T:0.09615    C:0.31731    A:0.30769    G:0.27885
position  2:    T:0.25962    C:0.15385    A:0.46154    G:0.12500
position  3:    T:0.17308    C:0.18269    A:0.26923    G:0.37500
Average         T:0.17628    C:0.21795    A:0.34615    G:0.25962

#39: BlueSheep      
position  1:    T:0.09615    C:0.31731    A:0.30769    G:0.27885
position  2:    T:0.25962    C:0.15385    A:0.46154    G:0.12500
position  3:    T:0.19231    C:0.17308    A:0.27885    G:0.35577
Average         T:0.18269    C:0.21474    A:0.34936    G:0.25321

#40: BohorReedbuck  
position  1:    T:0.09615    C:0.31731    A:0.30769    G:0.27885
position  2:    T:0.25962    C:0.15385    A:0.46154    G:0.12500
position  3:    T:0.18269    C:0.18269    A:0.25962    G:0.37500
Average         T:0.17949    C:0.21795    A:0.34295    G:0.25962

#41: KirksDik       
position  1:    T:0.09615    C:0.30769    A:0.31731    G:0.27885
position  2:    T:0.25962    C:0.15385    A:0.46154    G:0.12500
position  3:    T:0.19231    C:0.18269    A:0.29808    G:0.32692
Average         T:0.18269    C:0.21474    A:0.35897    G:0.24359

#42: RoeDeer        
position  1:    T:0.09615    C:0.31731    A:0.30769    G:0.27885
position  2:    T:0.25962    C:0.15385    A:0.46154    G:0.12500
position  3:    T:0.19231    C:0.17308    A:0.28846    G:0.34615
Average         T:0.18269    C:0.21474    A:0.35256    G:0.25000

#43: WhiteLippedDeer
position  1:    T:0.09615    C:0.31731    A:0.30769    G:0.27885
position  2:    T:0.25962    C:0.15385    A:0.46154    G:0.12500
position  3:    T:0.18269    C:0.18269    A:0.28846    G:0.34615
Average         T:0.17949    C:0.21795    A:0.35256    G:0.25000

#44: ThomsonGazelle 
position  1:    T:0.09615    C:0.30769    A:0.31731    G:0.27885
position  2:    T:0.25962    C:0.14423    A:0.44231    G:0.15385
position  3:    T:0.18269    C:0.18269    A:0.29808    G:0.33654
Average         T:0.17949    C:0.21154    A:0.35256    G:0.25641

#45: MuntiacusCrinifrons
position  1:    T:0.09615    C:0.31731    A:0.30769    G:0.27885
position  2:    T:0.25962    C:0.15385    A:0.46154    G:0.12500
position  3:    T:0.17308    C:0.19231    A:0.28846    G:0.34615
Average         T:0.17628    C:0.22115    A:0.35256    G:0.25000

#46: WhiteTailedDeer
position  1:    T:0.09615    C:0.31731    A:0.30769    G:0.27885
position  2:    T:0.25962    C:0.15385    A:0.46154    G:0.12500
position  3:    T:0.18269    C:0.18269    A:0.27885    G:0.35577
Average         T:0.17949    C:0.21795    A:0.34936    G:0.25321

#47: Cattle         
position  1:    T:0.09615    C:0.31731    A:0.30769    G:0.27885
position  2:    T:0.25962    C:0.15385    A:0.46154    G:0.12500
position  3:    T:0.17308    C:0.18269    A:0.26923    G:0.37500
Average         T:0.17628    C:0.21795    A:0.34615    G:0.25962

#48: RoyalAntelope  
position  1:    T:0.09615    C:0.31731    A:0.30769    G:0.27885
position  2:    T:0.26923    C:0.14423    A:0.46154    G:0.12500
position  3:    T:0.18269    C:0.18269    A:0.27885    G:0.35577
Average         T:0.18269    C:0.21474    A:0.34936    G:0.25321

#49: Steenbok       
position  1:    T:0.09615    C:0.30769    A:0.31731    G:0.27885
position  2:    T:0.25962    C:0.15385    A:0.46154    G:0.12500
position  3:    T:0.17308    C:0.18269    A:0.28846    G:0.35577
Average         T:0.17628    C:0.21474    A:0.35577    G:0.25321

#50: Impala         
position  1:    T:0.09615    C:0.31731    A:0.30769    G:0.27885
position  2:    T:0.25962    C:0.15385    A:0.46154    G:0.12500
position  3:    T:0.17308    C:0.18269    A:0.29808    G:0.34615
Average         T:0.17628    C:0.21795    A:0.35577    G:0.25000

#51: Klipspringer   
position  1:    T:0.08654    C:0.31731    A:0.30769    G:0.28846
position  2:    T:0.25962    C:0.16346    A:0.44231    G:0.13462
