CODONML (in paml version 4.10.7, June 2023)  /home/rachel/ruminants_paml/6406-phy-tree/ENSBTAT00000031033.fasta.phy
Model: free dN/dS Ratios for branches,  kappa = 2.000 fixed

Codon frequency model: F3x4
ns =  54  ls = 119

Codon usage in sequences
--------------------------------------------------------------------------------------------------------------------------------------
Phe TTT   4   4   4   3   2   4 | Ser TCT   2   2   2   2   1   2 | Tyr TAT   1   1   1   1   0   3 | Cys TGT   7   7   7   7   4   7
    TTC   3   3   3   4   5   3 |     TCC   4   4   4   4   3   4 |     TAC   2   2   2   2   2   1 |     TGC   4   4   4   4   7   4
Leu TTA   0   0   0   0   1   1 |     TCA   2   1   2   2   2   3 | *** TAA   0   0   0   0   0   0 | *** TGA   0   0   0   0   0   0
    TTG   1   2   2   2   1   2 |     TCG   0   1   0   0   2   0 |     TAG   0   0   0   0   0   0 | Trp TGG   1   1   1   1   1   1
--------------------------------------------------------------------------------------------------------------------------------------
Leu CTT   3   2   2   2   2   2 | Pro CCT   1   2   1   1   2   2 | His CAT   4   3   4   4   3   3 | Arg CGT   1   1   1   1   0   1
    CTC   1   2   2   2   1   2 |     CCC   2   1   2   2   4   2 |     CAC   1   2   1   1   3   1 |     CGC   0   0   0   0   1   0
    CTA   0   0   0   0   0   0 |     CCA   4   4   4   4   3   5 | Gln CAA   0   0   0   0   0   0 |     CGA   1   1   1   1   2   1
    CTG   6   5   5   5   6   4 |     CCG   3   3   3   3   1   1 |     CAG   4   4   4   4   4   4 |     CGG   3   3   3   3   2   3
--------------------------------------------------------------------------------------------------------------------------------------
Ile ATT   1   1   1   1   2   2 | Thr ACT   2   3   2   2   1   4 | Asn AAT   1   1   1   1   0   1 | Ser AGT   1   1   1   1   3   2
    ATC   2   2   2   2   1   1 |     ACC   5   4   5   5   4   3 |     AAC   0   0   0   0   0   0 |     AGC   2   3   2   2   1   1
    ATA   0   0   0   0   0   0 |     ACA   0   0   1   0   1   2 | Lys AAA   3   3   3   3   3   3 | Arg AGA   2   2   2   2   1   2
Met ATG   3   3   3   3   2   3 |     ACG   2   2   1   2   1   0 |     AAG   5   4   5   5   5   5 |     AGG   3   4   3   3   4   3
--------------------------------------------------------------------------------------------------------------------------------------
Val GTT   0   0   0   0   0   0 | Ala GCT   2   2   2   2   4   2 | Asp GAT   0   0   0   0   0   0 | Gly GGT   0   0   0   0   0   0
    GTC   0   0   0   0   0   0 |     GCC   2   2   2   2   3   2 |     GAC   0   0   0   0   0   0 |     GGC   1   0   1   1   1   1
    GTA   1   1   1   1   1   0 |     GCA   5   5   5   6   4   6 | Glu GAA   3   3   3   3   1   2 |     GGA   1   1   1   1   1   1
    GTG   1   1   1   1   2   2 |     GCG   1   1   1   0   1   0 |     GAG   4   4   4   4   6   4 |     GGG   1   1   1   1   1   1
--------------------------------------------------------------------------------------------------------------------------------------

--------------------------------------------------------------------------------------------------------------------------------------
Phe TTT   4   4   4   4   4   4 | Ser TCT   2   2   2   3   1   2 | Tyr TAT   1   1   1   0   1   1 | Cys TGT   7   7   8   7   7   7
    TTC   3   3   3   3   3   3 |     TCC   4   4   4   4   5   5 |     TAC   2   2   2   3   2   2 |     TGC   4   4   3   4   4   4
Leu TTA   0   0   0   0   0   0 |     TCA   2   2   2   1   2   2 | *** TAA   0   0   0   0   0   0 | *** TGA   0   0   0   0   0   0
    TTG   1   1   1   2   2   3 |     TCG   0   0   0   0   0   0 |     TAG   0   0   0   0   0   0 | Trp TGG   1   1   1   1   1   1
--------------------------------------------------------------------------------------------------------------------------------------
Leu CTT   3   3   3   3   2   2 | Pro CCT   1   1   1   1   1   1 | His CAT   4   4   4   4   4   4 | Arg CGT   1   1   1   1   1   1
    CTC   1   1   1   1   2   2 |     CCC   2   2   2   2   2   1 |     CAC   1   1   1   1   1   1 |     CGC   0   0   0   0   0   0
    CTA   0   0   0   0   0   0 |     CCA   4   4   3   4   4   4 | Gln CAA   0   0   0   0   0   0 |     CGA   1   1   1   1   1   1
    CTG   6   6   6   5   5   4 |     CCG   3   3   4   3   3   3 |     CAG   4   4   4   4   4   4 |     CGG   3   3   3   3   3   3
--------------------------------------------------------------------------------------------------------------------------------------
Ile ATT   1   1   1   1   1   1 | Thr ACT   2   2   2   2   2   2 | Asn AAT   1   1   1   1   1   1 | Ser AGT   1   1   1   1   1   1
    ATC   2   2   2   2   2   2 |     ACC   5   5   5   5   5   5 |     AAC   0   0   0   0   0   0 |     AGC   2   2   2   2   2   2
    ATA   0   0   0   0   0   0 |     ACA   1   0   0   0   1   0 | Lys AAA   3   3   3   3   3   3 | Arg AGA   2   2   2   2   2   2
Met ATG   3   3   3   2   3   3 |     ACG   1   2   2   2   1   2 |     AAG   5   5   5   5   5   5 |     AGG   3   3   3   3   3   3
--------------------------------------------------------------------------------------------------------------------------------------
Val GTT   0   0   0   0   0   0 | Ala GCT   2   2   2   2   2   2 | Asp GAT   0   0   0   0   0   0 | Gly GGT   0   0   0   0   0   0
    GTC   0   0   0   0   0   0 |     GCC   2   2   2   2   2   2 |     GAC   0   0   0   0   0   0 |     GGC   1   1   1   1   1   1
    GTA   1   1   1   1   1   1 |     GCA   5   5   5   5   6   5 | Glu GAA   3   3   3   3   2   3 |     GGA   1   1   1   1   1   1
    GTG   1   1   1   2   1   1 |     GCG   1   1   1   1   0   1 |     GAG   4   4   4   4   5   4 |     GGG   1   1   1   1   1   1
--------------------------------------------------------------------------------------------------------------------------------------

--------------------------------------------------------------------------------------------------------------------------------------
Phe TTT   4   4   4   4   4   4 | Ser TCT   2   3   2   2   2   2 | Tyr TAT   1   1   1   1   1   1 | Cys TGT   7   7   7   8   7   7
    TTC   3   3   3   3   3   3 |     TCC   4   4   4   4   4   4 |     TAC   2   2   2   2   2   2 |     TGC   4   4   4   3   4   4
Leu TTA   0   0   0   0   0   0 |     TCA   2   2   2   2   2   2 | *** TAA   0   0   0   0   0   0 | *** TGA   0   0   0   0   0   0
    TTG   1   2   1   1   1   2 |     TCG   0   0   0   1   0   0 |     TAG   0   0   0   0   0   0 | Trp TGG   1   1   1   1   1   1
--------------------------------------------------------------------------------------------------------------------------------------
Leu CTT   3   2   3   3   3   3 | Pro CCT   1   1   1   1   1   1 | His CAT   4   4   4   4   4   4 | Arg CGT   1   1   1   1   1   1
    CTC   1   2   1   1   1   1 |     CCC   2   2   2   2   2   2 |     CAC   1   1   1   1   1   1 |     CGC   0   0   0   0   0   0
    CTA   0   0   0   0   1   0 |     CCA   4   4   4   4   4   4 | Gln CAA   0   0   0   0   0   0 |     CGA   1   1   1   1   1   1
    CTG   6   5   6   6   6   5 |     CCG   3   2   3   2   2   3 |     CAG   4   4   4   4   4   4 |     CGG   3   3   3   3   3   3
--------------------------------------------------------------------------------------------------------------------------------------
Ile ATT   1   1   1   1   2   1 | Thr ACT   2   1   2   2   2   2 | Asn AAT   1   1   1   1   1   1 | Ser AGT   1   1   1   1   1   1
    ATC   2   2   2   2   1   2 |     ACC   5   5   5   5   5   5 |     AAC   0   0   0   0   0   0 |     AGC   2   2   2   2   2   2
    ATA   0   0   0   0   0   0 |     ACA   0   0   0   1   0   0 | Lys AAA   3   3   3   3   3   3 | Arg AGA   2   2   2   2   2   2
Met ATG   3   3   3   3   3   3 |     ACG   2   2   2   1   2   2 |     AAG   5   5   5   5   5   5 |     AGG   3   3   3   3   3   3
--------------------------------------------------------------------------------------------------------------------------------------
Val GTT   0   0   0   0   0   0 | Ala GCT   2   2   2   2   2   2 | Asp GAT   0   0   0   0   0   0 | Gly GGT   0   0   0   0   0   0
    GTC   0   0   0   0   0   0 |     GCC   2   2   2   2   2   2 |     GAC   0   0   0   0   0   0 |     GGC   1   1   1   1   1   1
    GTA   1   1   1   1   1   1 |     GCA   5   6   5   5   5   5 | Glu GAA   3   3   3   4   3   3 |     GGA   1   1   1   1   1   1
    GTG   1   1   1   1   1   1 |     GCG   1   1   1   1   1   1 |     GAG   4   4   4   3   4   4 |     GGG   1   1   1   1   1   1
--------------------------------------------------------------------------------------------------------------------------------------

--------------------------------------------------------------------------------------------------------------------------------------
Phe TTT   4   4   4   4   4   4 | Ser TCT   2   2   2   2   2   2 | Tyr TAT   2   2   1   1   1   1 | Cys TGT   7   7   7   7   8   7
    TTC   3   3   3   3   3   3 |     TCC   4   4   4   4   4   4 |     TAC   1   1   2   2   2   2 |     TGC   4   4   4   4   3   4
Leu TTA   0   0   0   0   0   0 |     TCA   2   2   2   2   2   2 | *** TAA   0   0   0   0   0   0 | *** TGA   0   0   0   0   0   0
    TTG   2   2   1   2   2   1 |     TCG   0   0   0   0   0   0 |     TAG   0   0   0   0   0   0 | Trp TGG   1   1   1   1   1   1
--------------------------------------------------------------------------------------------------------------------------------------
Leu CTT   2   2   3   2   3   3 | Pro CCT   1   1   1   1   1   1 | His CAT   4   4   4   4   4   4 | Arg CGT   1   1   1   1   1   1
    CTC   2   2   1   2   1   1 |     CCC   2   2   2   2   2   2 |     CAC   1   1   1   1   1   1 |     CGC   0   0   0   0   0   0
    CTA   0   0   0   0   0   0 |     CCA   5   5   4   4   4   4 | Gln CAA   0   0   0   0   0   0 |     CGA   1   1   1   1   1   1
    CTG   5   5   6   5   5   6 |     CCG   2   2   3   3   3   3 |     CAG   4   4   4   4   4   4 |     CGG   3   3   3   3   3   3
--------------------------------------------------------------------------------------------------------------------------------------
Ile ATT   1   1   1   1   1   1 | Thr ACT   2   2   2   2   2   2 | Asn AAT   1   1   1   1   1   1 | Ser AGT   1   0   1   1   1   1
    ATC   2   2   2   2   2   2 |     ACC   5   5   5   5   5   5 |     AAC   0   0   0   0   0   0 |     AGC   2   3   2   2   2   2
    ATA   0   0   1   0   0   0 |     ACA   1   1   0   1   0   0 | Lys AAA   3   3   3   3   3   3 | Arg AGA   2   2   2   2   2   2
Met ATG   3   3   2   3   3   3 |     ACG   1   1   2   1   2   2 |     AAG   5   5   5   5   5   5 |     AGG   3   3   3   3   3   3
--------------------------------------------------------------------------------------------------------------------------------------
Val GTT   0   0   0   0   0   0 | Ala GCT   2   2   2   2   2   2 | Asp GAT   0   0   0   0   0   0 | Gly GGT   0   0   0   0   0   0
    GTC   0   0   0   0   0   0 |     GCC   2   2   2   2   2   2 |     GAC   0   0   0   0   0   0 |     GGC   1   1   1   1   1   1
    GTA   1   1   1   1   1   1 |     GCA   5   6   5   6   6   5 | Glu GAA   3   3   3   2   3   3 |     GGA   1   1   1   1   1   1
    GTG   1   1   1   1   1   1 |     GCG   1   0   1   0   0   1 |     GAG   4   4   4   5   4   4 |     GGG   1   1   1   1   1   1
--------------------------------------------------------------------------------------------------------------------------------------

--------------------------------------------------------------------------------------------------------------------------------------
Phe TTT   4   4   4   4   4   4 | Ser TCT   2   2   2   2   3   2 | Tyr TAT   1   1   1   1   1   1 | Cys TGT   7   7   7   7   7   8
    TTC   3   3   3   3   3   3 |     TCC   4   5   4   4   3   4 |     TAC   2   2   2   2   2   2 |     TGC   4   4   4   4   4   3
Leu TTA   0   0   0   0   0   0 |     TCA   2   2   2   2   2   2 | *** TAA   0   0   0   0   0   0 | *** TGA   0   0   0   0   0   0
    TTG   1   2   1   2   1   2 |     TCG   0   0   0   0   0   0 |     TAG   0   0   0   0   0   0 | Trp TGG   1   1   1   1   1   1
--------------------------------------------------------------------------------------------------------------------------------------
Leu CTT   2   2   3   3   3   2 | Pro CCT   1   1   2   1   1   1 | His CAT   4   4   4   4   4   4 | Arg CGT   1   1   1   1   1   1
    CTC   2   2   1   1   1   2 |     CCC   2   1   2   2   2   2 |     CAC   1   1   1   1   1   1 |     CGC   0   0   0   0   0   0
    CTA   0   0   0   0   0   0 |     CCA   4   4   4   5   4   5 | Gln CAA   0   0   0   0   0   0 |     CGA   1   1   1   1   1   1
    CTG   6   5   6   5   6   5 |     CCG   3   3   2   2   3   2 |     CAG   4   4   4   4   4   4 |     CGG   3   3   3   3   3   3
--------------------------------------------------------------------------------------------------------------------------------------
Ile ATT   1   1   1   1   1   1 | Thr ACT   2   2   2   2   2   2 | Asn AAT   1   1   1   1   0   1 | Ser AGT   1   1   1   1   2   1
    ATC   2   2   2   2   2   2 |     ACC   5   5   5   5   5   5 |     AAC   0   0   0   0   0   0 |     AGC   2   2   2   2   2   2
    ATA   0   0   0   0   0   0 |     ACA   0   0   0   0   0   1 | Lys AAA   3   3   3   3   3   3 | Arg AGA   2   2   2   2   2   2
Met ATG   3   3   3   3   3   3 |     ACG   2   2   2   2   2   1 |     AAG   5   5   5   5   5   5 |     AGG   3   3   3   3   3   3
--------------------------------------------------------------------------------------------------------------------------------------
Val GTT   0   0   0   0   0   0 | Ala GCT   2   2   2   2   2   2 | Asp GAT   0   0   0   0   0   0 | Gly GGT   0   0   0   0   0   0
    GTC   0   0   0   0   0   0 |     GCC   2   2   2   2   2   2 |     GAC   0   0   0   0   0   0 |     GGC   1   1   1   1   1   1
    GTA   1   1   1   1   1   1 |     GCA   5   5   5   5   5   6 | Glu GAA   3   3   3   2   3   2 |     GGA   1   1   1   1   1   1
    GTG   1   1   1   1   1   1 |     GCG   1   1   1   1   1   0 |     GAG   4   4   4   5   4   5 |     GGG   1   1   1   1   1   1
--------------------------------------------------------------------------------------------------------------------------------------

--------------------------------------------------------------------------------------------------------------------------------------
Phe TTT   4   4   4   4   4   4 | Ser TCT   2   2   2   2   2   2 | Tyr TAT   1   1   1   1   0   1 | Cys TGT   7   7   7   8   7   7
    TTC   3   3   3   3   3   3 |     TCC   4   4   5   4   4   4 |     TAC   2   2   2   2   3   2 |     TGC   4   4   4   3   4   4
Leu TTA   0   0   0   0   0   0 |     TCA   2   2   2   2   2   2 | *** TAA   0   0   0   0   0   0 | *** TGA   0   0   0   0   0   0
    TTG   2   2   3   1   2   1 |     TCG   0   0   0   0   0   0 |     TAG   0   0   0   0   0   0 | Trp TGG   1   1   1   1   1   1
--------------------------------------------------------------------------------------------------------------------------------------
Leu CTT   3   2   2   3   2   3 | Pro CCT   1   1   1   1   1   1 | His CAT   4   4   4   4   3   4 | Arg CGT   1   1   1   1   1   1
    CTC   1   2   2   1   2   1 |     CCC   2   2   1   2   2   2 |     CAC   1   1   1   1   2   1 |     CGC   0   0   0   0   0   0
    CTA   0   0   0   0   0   0 |     CCA   4   4   4   5   4   5 | Gln CAA   0   0   0   0   0   0 |     CGA   1   1   1   1   1   1
    CTG   5   5   4   6   5   6 |     CCG   3   3   3   2   3   2 |     CAG   4   4   4   4   4   4 |     CGG   3   3   3   3   3   3
--------------------------------------------------------------------------------------------------------------------------------------
Ile ATT   1   1   1   1   1   1 | Thr ACT   2   2   2   2   2   2 | Asn AAT   1   1   1   1   1   0 | Ser AGT   1   1   1   1   1   2
    ATC   2   2   2   2   2   2 |     ACC   5   5   5   5   5   5 |     AAC   0   0   0   0   0   0 |     AGC   2   2   2   2   2   2
    ATA   0   0   0   0   0   0 |     ACA   0   1   0   0   0   0 | Lys AAA   3   3   3   3   3   3 | Arg AGA   2   2   2   2   2   2
Met ATG   3   3   3   3   3   3 |     ACG   2   1   2   2   2   2 |     AAG   5   5   5   5   5   5 |     AGG   3   3   3   3   3   3
--------------------------------------------------------------------------------------------------------------------------------------
Val GTT   0   0   0   0   0   0 | Ala GCT   2   2   2   2   2   2 | Asp GAT   0   0   0   0   0   0 | Gly GGT   0   0   0   0   0   0
    GTC   0   0   0   0   0   0 |     GCC   2   2   2   2   2   2 |     GAC   0   0   0   0   0   0 |     GGC   1   1   1   1   1   1
    GTA   1   1   1   1   1   1 |     GCA   5   5   5   5   6   6 | Glu GAA   3   3   3   3   3   3 |     GGA   1   1   1   1   1   1
    GTG   1   1   1   1   1   1 |     GCG   1   1   1   1   0   0 |     GAG   4   4   4   4   5   4 |     GGG   1   1   1   1   0   1
--------------------------------------------------------------------------------------------------------------------------------------

--------------------------------------------------------------------------------------------------------------------------------------
Phe TTT   4   4   4   4   4   4 | Ser TCT   2   2   2   2   2   2 | Tyr TAT   1   1   1   1   1   1 | Cys TGT   7   7   7   7   7   7
    TTC   3   3   3   3   3   3 |     TCC   4   4   4   4   4   5 |     TAC   2   2   2   2   2   2 |     TGC   4   4   4   4   4   4
Leu TTA   0   0   0   0   0   0 |     TCA   2   2   2   2   2   2 | *** TAA   0   0   0   0   0   0 | *** TGA   0   0   0   0   0   0
    TTG   1   2   1   1   2   2 |     TCG   0   0   0   0   0   0 |     TAG   0   0   0   0   0   0 | Trp TGG   1   1   1   1   1   1
--------------------------------------------------------------------------------------------------------------------------------------
Leu CTT   3   2   3   3   3   2 | Pro CCT   1   1   1   2   1   1 | His CAT   4   4   4   4   4   3 | Arg CGT   1   1   1   1   1   1
    CTC   1   2   1   1   1   2 |     CCC   3   2   2   1   2   1 |     CAC   1   1   1   1   1   2 |     CGC   0   0   0   0   0   0
    CTA   0   0   0   0   0   1 |     CCA   5   4   4   4   4   4 | Gln CAA   0   0   0   1   0   0 |     CGA   1   1   1   1   1   1
    CTG   6   5   6   6   6   4 |     CCG   1   3   3   3   2   3 |     CAG   4   4   4   3   4   5 |     CGG   3   3   3   3   3   2
--------------------------------------------------------------------------------------------------------------------------------------
Ile ATT   1   1   1   1   1   1 | Thr ACT   2   2   2   2   2   2 | Asn AAT   1   1   1   1   1   1 | Ser AGT   1   1   1   1   1   1
    ATC   2   2   2   2   2   2 |     ACC   5   5   5   5   5   5 |     AAC   0   0   0   0   0   0 |     AGC   2   2   2   2   2   2
    ATA   0   0   0   0   0   0 |     ACA   0   1   0   1   0   0 | Lys AAA   3   3   3   3   3   3 | Arg AGA   2   2   2   2   2   2
Met ATG   3   3   3   3   3   3 |     ACG   2   1   2   1   2   2 |     AAG   5   5   5   5   5   5 |     AGG   3   3   3   3   3   3
--------------------------------------------------------------------------------------------------------------------------------------
Val GTT   0   0   0   0   0   0 | Ala GCT   2   2   2   2   2   2 | Asp GAT   0   0   0   0   0   0 | Gly GGT   0   0   0   0   0   0
    GTC   0   0   0   0   0   0 |     GCC   2   2   2   2   2   2 |     GAC   0   0   0   0   0   0 |     GGC   1   1   1   1   1   1
    GTA   1   1   1   1   1   1 |     GCA   5   5   5   5   5   5 | Glu GAA   3   3   3   3   3   3 |     GGA   1   1   1   1   1   1
    GTG   1   1   1   1   1   1 |     GCG   1   1   1   1   1   1 |     GAG   4   4   4   4   4   4 |     GGG   1   1   1   1   1   1
--------------------------------------------------------------------------------------------------------------------------------------

--------------------------------------------------------------------------------------------------------------------------------------
Phe TTT   4   4   4   4   4   4 | Ser TCT   2   2   2   2   2   2 | Tyr TAT   1   1   1   0   1   1 | Cys TGT   7   7   7   7   7   7
    TTC   3   3   3   3   3   3 |     TCC   5   4   5   5   4   4 |     TAC   2   2   2   3   2   2 |     TGC   4   4   4   4   4   4
Leu TTA   0   0   0   0   0   0 |     TCA   2   2   2   2   2   2 | *** TAA   0   0   0   0   0   0 | *** TGA   0   0   0   0   0   0
    TTG   1   2   3   2   2   1 |     TCG   0   0   0   0   0   0 |     TAG   0   0   0   0   0   0 | Trp TGG   1   1   1   1   1   1
--------------------------------------------------------------------------------------------------------------------------------------
Leu CTT   2   3   2   2   2   3 | Pro CCT   1   1   1   1   1   1 | His CAT   4   4   4   4   4   4 | Arg CGT   1   1   1   1   1   1
    CTC   2   1   2   2   2   1 |     CCC   1   2   1   1   2   2 |     CAC   1   1   1   1   1   1 |     CGC   0   0   0   0   0   0
    CTA   0   0   0   0   0   0 |     CCA   4   5   4   4   4   4 | Gln CAA   0   0   0   0   0   0 |     CGA   1   1   1   1   1   1
    CTG   6   5   4   5   5   6 |     CCG   3   2   3   3   3   3 |     CAG   4   4   4   4   4   4 |     CGG   3   3   3   3   3   3
--------------------------------------------------------------------------------------------------------------------------------------
Ile ATT   1   1   1   1   1   1 | Thr ACT   2   2   2   2   2   2 | Asn AAT   1   1   1   1   1   1 | Ser AGT   1   1   1   1   1   1
    ATC   2   2   2   2   2   2 |     ACC   5   5   5   5   5   5 |     AAC   0   0   0   0   0   0 |     AGC   2   2   2   2   2   2
    ATA   0   0   0   0   0   0 |     ACA   0   0   0   0   1   0 | Lys AAA   3   3   3   3   3   3 | Arg AGA   2   2   2   2   2   2
Met ATG   3   3   3   4   3   3 |     ACG   2   2   2   1   1   2 |     AAG   5   5   5   5   5   5 |     AGG   3   3   3   3   3   3
--------------------------------------------------------------------------------------------------------------------------------------
Val GTT   0   0   0   0   0   0 | Ala GCT   2   2   2   2   2   2 | Asp GAT   0   0   0   0   0   0 | Gly GGT   0   0   0   0   0   0
    GTC   0   0   0   0   0   0 |     GCC   2   2   2   2   2   2 |     GAC   0   0   0   0   0   0 |     GGC   1   1   1   1   1   1
    GTA   1   1   1   1   1   1 |     GCA   5   5   5   5   5   5 | Glu GAA   3   3   3   3   3   3 |     GGA   1   1   1   1   1   1
    GTG   1   1   1   1   1   1 |     GCG   1   1   1   1   1   1 |     GAG   4   4   4   4   4   4 |     GGG   1   1   1   1   1   1
--------------------------------------------------------------------------------------------------------------------------------------

--------------------------------------------------------------------------------------------------------------------------------------
Phe TTT   4   4   4   3   4   4 | Ser TCT   2   2   3   2   2   2 | Tyr TAT   1   1   1   1   1   1 | Cys TGT   7   7   6   7   7   7
    TTC   3   3   3   4   3   3 |     TCC   4   4   4   4   4   4 |     TAC   2   2   2   2   2   2 |     TGC   4   4   4   4   4   4
Leu TTA   0   0   0   0   0   0 |     TCA   2   2   2   2   2   2 | *** TAA   0   0   0   0   0   0 | *** TGA   0   0   0   0   0   0
    TTG   2   1   1   2   2   2 |     TCG   0   0   0   0   0   0 |     TAG   0   0   0   0   0   0 | Trp TGG   1   1   1   1   1   1
--------------------------------------------------------------------------------------------------------------------------------------
Leu CTT   3   3   3   2   2   2 | Pro CCT   1   2   1   1   1   1 | His CAT   4   4   5   4   4   4 | Arg CGT   1   1   1   1   1   1
    CTC   1   1   1   2   2   2 |     CCC   2   2   2   2   2   2 |     CAC   1   1   0   1   1   1 |     CGC   0   0   0   0   0   0
    CTA   0   0   0   0   0   0 |     CCA   4   3   5   4   5   4 | Gln CAA   0   0   0   0   0   0 |     CGA   1   1   1   1   1   1
    CTG   5   6   6   5   5   5 |     CCG   3   3   2   3   2   3 |     CAG   4   4   4   4   4   4 |     CGG   3   3   3   3   3   3
--------------------------------------------------------------------------------------------------------------------------------------
Ile ATT   2   1   1   1   1   1 | Thr ACT   2   2   2   2   2   2 | Asn AAT   1   1   1   1   1   1 | Ser AGT   1   1   1   1   1   1
    ATC   1   2   2   2   2   2 |     ACC   5   5   5   5   5   5 |     AAC   0   0   0   0   0   0 |     AGC   2   2   2   2   2   2
    ATA   0   0   0   0   0   0 |     ACA   0   0   1   0   1   1 | Lys AAA   3   3   3   3   3   3 | Arg AGA   2   2   2   2   2   2
Met ATG   3   3   3   3   3   3 |     ACG   2   2   1   2   1   1 |     AAG   5   5   5   5   5   5 |     AGG   3   3   3   3   3   3
--------------------------------------------------------------------------------------------------------------------------------------
Val GTT   0   0   0   0   0   0 | Ala GCT   3   2   2   2   2   2 | Asp GAT   0   0   0   0   0   0 | Gly GGT   0   1   0   0   0   0
    GTC   0   0   0   0   0   0 |     GCC   2   2   2   2   2   2 |     GAC   0   0   0   0   0   0 |     GGC   1   0   1   1   1   1
    GTA   1   1   1   1   1   1 |     GCA   5   5   5   6   6   6 | Glu GAA   3   3   3   3   2   2 |     GGA   2   1   1   1   1   1
    GTG   1   1   1   1   1   1 |     GCG   0   1   1   0   0   0 |     GAG   4   4   4   4   5   5 |     GGG   0   1   1   1   1   1
--------------------------------------------------------------------------------------------------------------------------------------

Codon position x base (3x4) table for each sequence.

#1: Argali         
position  1:    T:0.26050    C:0.28571    A:0.26891    G:0.18487
position  2:    T:0.21849    C:0.31092    A:0.23529    G:0.23529
position  3:    T:0.25210    C:0.24370    A:0.18487    G:0.31933
Average         T:0.24370    C:0.28011    A:0.22969    G:0.24650

#2: LesserMouseDeer
position  1:    T:0.26891    C:0.27731    A:0.27731    G:0.17647
position  2:    T:0.21849    C:0.31092    A:0.22689    G:0.24370
position  3:    T:0.25210    C:0.24370    A:0.17647    G:0.32773
Average         T:0.24650    C:0.27731    A:0.22689    G:0.24930

#3: LesserKudu     
position  1:    T:0.26891    C:0.27731    A:0.26891    G:0.18487
position  2:    T:0.21849    C:0.31092    A:0.23529    G:0.23529
position  3:    T:0.24370    C:0.25210    A:0.19328    G:0.31092
Average         T:0.24370    C:0.28011    A:0.23249    G:0.24370

#4: ForestMuskDeer2
position  1:    T:0.26891    C:0.27731    A:0.26891    G:0.18487
position  2:    T:0.21849    C:0.31092    A:0.23529    G:0.23529
position  3:    T:0.23529    C:0.26050    A:0.19328    G:0.31092
Average         T:0.24090    C:0.28291    A:0.23249    G:0.24370

#5: Camel          
position  1:    T:0.26050    C:0.28571    A:0.24370    G:0.21008
position  2:    T:0.21849    C:0.31092    A:0.22689    G:0.24370
position  3:    T:0.20168    C:0.30252    A:0.16807    G:0.32773
Average         T:0.22689    C:0.29972    A:0.21289    G:0.26050

#6: KillerWhale    
position  1:    T:0.29412    C:0.26050    A:0.26891    G:0.17647
position  2:    T:0.21849    C:0.31933    A:0.22689    G:0.23529
position  3:    T:0.29412    C:0.21008    A:0.21849    G:0.27731
Average         T:0.26891    C:0.26331    A:0.23810    G:0.22969

#7: DefassaWaterbuck
position  1:    T:0.26050    C:0.28571    A:0.26891    G:0.18487
position  2:    T:0.21849    C:0.31092    A:0.23529    G:0.23529
position  3:    T:0.25210    C:0.24370    A:0.19328    G:0.31092
Average         T:0.24370    C:0.28011    A:0.23249    G:0.24370

#8: Sheep          
position  1:    T:0.26050    C:0.28571    A:0.26891    G:0.18487
position  2:    T:0.21849    C:0.31092    A:0.23529    G:0.23529
position  3:    T:0.25210    C:0.24370    A:0.18487    G:0.31933
Average         T:0.24370    C:0.28011    A:0.22969    G:0.24650

#9: MaxwellsDuiker 
position  1:    T:0.26050    C:0.28571    A:0.26891    G:0.18487
position  2:    T:0.21849    C:0.31092    A:0.23529    G:0.23529
position  3:    T:0.26050    C:0.23529    A:0.17647    G:0.32773
Average         T:0.24650    C:0.27731    A:0.22689    G:0.24930

#10: GazellaPrzewalskyi
position  1:    T:0.26891    C:0.27731    A:0.26050    G:0.19328
position  2:    T:0.21849    C:0.31092    A:0.23529    G:0.23529
position  3:    T:0.25210    C:0.25210    A:0.17647    G:0.31933
Average         T:0.24650    C:0.28011    A:0.22409    G:0.24930

#11: MountainNyala  
position  1:    T:0.26891    C:0.27731    A:0.26891    G:0.18487
position  2:    T:0.21849    C:0.31092    A:0.23529    G:0.23529
position  3:    T:0.23529    C:0.26050    A:0.19328    G:0.31092
Average         T:0.24090    C:0.28291    A:0.23249    G:0.24370

#12: MuntiacusMuntjak
position  1:    T:0.28571    C:0.26050    A:0.26891    G:0.18487
position  2:    T:0.21849    C:0.31092    A:0.23529    G:0.23529
position  3:    T:0.24370    C:0.25210    A:0.18487    G:0.31933
Average         T:0.24930    C:0.27451    A:0.22969    G:0.24650

#13: goat           
position  1:    T:0.26050    C:0.28571    A:0.26891    G:0.18487
position  2:    T:0.21849    C:0.31092    A:0.23529    G:0.23529
position  3:    T:0.25210    C:0.24370    A:0.18487    G:0.31933
Average         T:0.24370    C:0.28011    A:0.22969    G:0.24650

#14: AfricanBuffalo 
position  1:    T:0.27731    C:0.26891    A:0.26050    G:0.19328
position  2:    T:0.21849    C:0.31092    A:0.23529    G:0.23529
position  3:    T:0.24370    C:0.25210    A:0.19328    G:0.31092
Average         T:0.24650    C:0.27731    A:0.22969    G:0.24650

#15: Topi           
position  1:    T:0.26050    C:0.28571    A:0.26891    G:0.18487
position  2:    T:0.21849    C:0.31092    A:0.23529    G:0.23529
position  3:    T:0.25210    C:0.24370    A:0.18487    G:0.31933
Average         T:0.24370    C:0.28011    A:0.22969    G:0.24650

#16: CommonDuiker   
position  1:    T:0.26891    C:0.27731    A:0.26891    G:0.18487
position  2:    T:0.21849    C:0.31092    A:0.23529    G:0.23529
position  3:    T:0.26050    C:0.23529    A:0.20168    G:0.30252
Average         T:0.24930    C:0.27451    A:0.23529    G:0.24090

#17: Suni           
position  1:    T:0.26050    C:0.28571    A:0.26891    G:0.18487
position  2:    T:0.22689    C:0.30252    A:0.23529    G:0.23529
position  3:    T:0.26050    C:0.23529    A:0.19328    G:0.31092
Average         T:0.24930    C:0.27451    A:0.23249    G:0.24370

#18: Springbuck     
position  1:    T:0.26891    C:0.27731    A:0.26891    G:0.18487
position  2:    T:0.21849    C:0.31092    A:0.23529    G:0.23529
position  3:    T:0.25210    C:0.24370    A:0.18487    G:0.31933
Average         T:0.24650    C:0.27731    A:0.22969    G:0.24650

#19: Okapi          
position  1:    T:0.26891    C:0.27731    A:0.26891    G:0.18487
position  2:    T:0.21849    C:0.31092    A:0.23529    G:0.23529
position  3:    T:0.25210    C:0.24370    A:0.20168    G:0.30252
Average         T:0.24650    C:0.27731    A:0.23529    G:0.24090

#20: Giraffe        
position  1:    T:0.26891    C:0.27731    A:0.26891    G:0.18487
position  2:    T:0.21849    C:0.31092    A:0.23529    G:0.23529
position  3:    T:0.24370    C:0.25210    A:0.21008    G:0.29412
Average         T:0.24370    C:0.28011    A:0.23810    G:0.23810

#21: TibetanAntelope
position  1:    T:0.26050    C:0.28571    A:0.26891    G:0.18487
position  2:    T:0.21849    C:0.31092    A:0.23529    G:0.23529
position  3:    T:0.25210    C:0.24370    A:0.19328    G:0.31092
Average         T:0.24370    C:0.28011    A:0.23249    G:0.24370

#22: Sitatunga      
position  1:    T:0.26891    C:0.27731    A:0.26891    G:0.18487
position  2:    T:0.21849    C:0.31092    A:0.23529    G:0.23529
position  3:    T:0.24370    C:0.25210    A:0.19328    G:0.31092
Average         T:0.24370    C:0.28011    A:0.23249    G:0.24370

#23: Oribi          
position  1:    T:0.26891    C:0.27731    A:0.26891    G:0.18487
position  2:    T:0.21849    C:0.31092    A:0.23529    G:0.23529
position  3:    T:0.26050    C:0.23529    A:0.19328    G:0.31092
Average         T:0.24930    C:0.27451    A:0.23249    G:0.24370

#24: BarbarySheep   
position  1:    T:0.26050    C:0.28571    A:0.26891    G:0.18487
position  2:    T:0.21849    C:0.31092    A:0.23529    G:0.23529
position  3:    T:0.25210    C:0.24370    A:0.18487    G:0.31933
Average         T:0.24370    C:0.28011    A:0.22969    G:0.24650

#25: Daviddeer      
position  1:    T:0.26050    C:0.28571    A:0.26891    G:0.18487
position  2:    T:0.21849    C:0.31092    A:0.23529    G:0.23529
position  3:    T:0.24370    C:0.25210    A:0.18487    G:0.31933
Average         T:0.24090    C:0.28291    A:0.22969    G:0.24650

#26: Reindeer       
position  1:    T:0.27731    C:0.26891    A:0.26891    G:0.18487
position  2:    T:0.21849    C:0.31092    A:0.23529    G:0.23529
position  3:    T:0.24370    C:0.25210    A:0.18487    G:0.31933
Average         T:0.24650    C:0.27731    A:0.22969    G:0.24650

#27: Ibex           
position  1:    T:0.26050    C:0.28571    A:0.26891    G:0.18487
position  2:    T:0.21849    C:0.31092    A:0.23529    G:0.23529
position  3:    T:0.26050    C:0.24370    A:0.18487    G:0.31092
Average         T:0.24650    C:0.28011    A:0.22969    G:0.24370

#28: GyrantGazelle  
position  1:    T:0.26891    C:0.27731    A:0.26891    G:0.18487
position  2:    T:0.21849    C:0.31092    A:0.23529    G:0.23529
position  3:    T:0.25210    C:0.24370    A:0.18487    G:0.31933
Average         T:0.24650    C:0.27731    A:0.22969    G:0.24650

#29: Hartebeest     
position  1:    T:0.26050    C:0.28571    A:0.26891    G:0.18487
position  2:    T:0.21849    C:0.31092    A:0.22689    G:0.24370
position  3:    T:0.26050    C:0.23529    A:0.18487    G:0.31933
Average         T:0.24650    C:0.27731    A:0.22689    G:0.24930

#30: Bongo          
position  1:    T:0.26891    C:0.27731    A:0.26891    G:0.18487
position  2:    T:0.21849    C:0.31092    A:0.23529    G:0.23529
position  3:    T:0.25210    C:0.24370    A:0.20168    G:0.30252
Average         T:0.24650    C:0.27731    A:0.23529    G:0.24090

#31: Gerenuk        
position  1:    T:0.26891    C:0.27731    A:0.26891    G:0.18487
position  2:    T:0.21849    C:0.31092    A:0.23529    G:0.23529
position  3:    T:0.25210    C:0.24370    A:0.18487    G:0.31933
Average         T:0.24650    C:0.27731    A:0.22969    G:0.24650

#32: CommonEland    
position  1:    T:0.26891    C:0.27731    A:0.26891    G:0.18487
position  2:    T:0.21849    C:0.31092    A:0.23529    G:0.23529
position  3:    T:0.24370    C:0.25210    A:0.19328    G:0.31092
Average         T:0.24370    C:0.28011    A:0.23249    G:0.24370

#33: MuntiacusReevesi
position  1:    T:0.28571    C:0.26050    A:0.26891    G:0.18487
position  2:    T:0.21849    C:0.31092    A:0.23529    G:0.23529
position  3:    T:0.24370    C:0.25210    A:0.18487    G:0.31933
Average         T:0.24930    C:0.27451    A:0.22969    G:0.24650

#34: HarveysDuiker  
position  1:    T:0.26050    C:0.28571    A:0.26891    G:0.18487
position  2:    T:0.21849    C:0.31092    A:0.23529    G:0.23529
position  3:    T:0.26050    C:0.23529    A:0.19328    G:0.31092
Average         T:0.24650    C:0.27731    A:0.23249    G:0.24370

#35: Pronghorn      
position  1:    T:0.26891    C:0.27731    A:0.26891    G:0.18487
position  2:    T:0.21849    C:0.31092    A:0.24370    G:0.22689
position  3:    T:0.22689    C:0.26891    A:0.19328    G:0.31092
Average         T:0.23810    C:0.28571    A:0.23529    G:0.24090

#36: BlueWildebeest 
position  1:    T:0.26050    C:0.28571    A:0.26891    G:0.18487
position  2:    T:0.21849    C:0.31092    A:0.22689    G:0.24370
position  3:    T:0.25210    C:0.24370    A:0.20168    G:0.30252
Average         T:0.24370    C:0.28011    A:0.23249    G:0.24370

#37: Gemsbok        
position  1:    T:0.26050    C:0.28571    A:0.26891    G:0.18487
position  2:    T:0.21849    C:0.31092    A:0.23529    G:0.23529
position  3:    T:0.25210    C:0.25210    A:0.19328    G:0.30252
Average         T:0.24370    C:0.28291    A:0.23249    G:0.24090

#38: Yak            
position  1:    T:0.26891    C:0.27731    A:0.26891    G:0.18487
position  2:    T:0.21849    C:0.31092    A:0.23529    G:0.23529
position  3:    T:0.24370    C:0.25210    A:0.19328    G:0.31092
Average         T:0.24370    C:0.28011    A:0.23249    G:0.24370

#39: BlueSheep      
position  1:    T:0.26050    C:0.28571    A:0.26891    G:0.18487
position  2:    T:0.21849    C:0.31092    A:0.23529    G:0.23529
position  3:    T:0.25210    C:0.24370    A:0.18487    G:0.31933
Average         T:0.24370    C:0.28011    A:0.22969    G:0.24650

#40: BohorReedbuck  
position  1:    T:0.26050    C:0.28571    A:0.26891    G:0.18487
position  2:    T:0.21849    C:0.31092    A:0.23529    G:0.23529
position  3:    T:0.26050    C:0.23529    A:0.20168    G:0.30252
Average         T:0.24650    C:0.27731    A:0.23529    G:0.24090

#41: KirksDik       
position  1:    T:0.26891    C:0.27731    A:0.26891    G:0.18487
position  2:    T:0.22689    C:0.30252    A:0.23529    G:0.23529
position  3:    T:0.25210    C:0.24370    A:0.18487    G:0.31933
Average         T:0.24930    C:0.27451    A:0.22969    G:0.24650

#42: RoeDeer        
position  1:    T:0.27731    C:0.26891    A:0.26891    G:0.18487
position  2:    T:0.21849    C:0.31092    A:0.24370    G:0.22689
position  3:    T:0.23529    C:0.26050    A:0.19328    G:0.31092
Average         T:0.24370    C:0.28011    A:0.23529    G:0.24090

#43: WhiteLippedDeer
position  1:    T:0.26891    C:0.27731    A:0.26891    G:0.18487
position  2:    T:0.21849    C:0.31092    A:0.23529    G:0.23529
position  3:    T:0.24370    C:0.25210    A:0.18487    G:0.31933
Average         T:0.24370    C:0.28011    A:0.22969    G:0.24650

#44: ThomsonGazelle 
position  1:    T:0.26891    C:0.27731    A:0.26891    G:0.18487
position  2:    T:0.21849    C:0.31092    A:0.23529    G:0.23529
position  3:    T:0.25210    C:0.24370    A:0.19328    G:0.31092
Average         T:0.24650    C:0.27731    A:0.23249    G:0.24370

#45: MuntiacusCrinifrons
position  1:    T:0.28571    C:0.26050    A:0.26891    G:0.18487
position  2:    T:0.21849    C:0.31092    A:0.23529    G:0.23529
position  3:    T:0.24370    C:0.25210    A:0.18487    G:0.31933
Average         T:0.24930    C:0.27451    A:0.22969    G:0.24650

#46: WhiteTailedDeer
position  1:    T:0.27731    C:0.26891    A:0.26891    G:0.18487
position  2:    T:0.22689    C:0.30252    A:0.23529    G:0.23529
position  3:    T:0.23529    C:0.26050    A:0.18487    G:0.31933
Average         T:0.24650    C:0.27731    A:0.22969    G:0.24650

#47: Cattle         
position  1:    T:0.26891    C:0.27731    A:0.26891    G:0.18487
position  2:    T:0.21849    C:0.31092    A:0.23529    G:0.23529
position  3:    T:0.24370    C:0.25210    A:0.19328    G:0.31092
Average         T:0.24370    C:0.28011    A:0.23249    G:0.24370

#48: RoyalAntelope  
position  1:    T:0.26050    C:0.28571    A:0.26891    G:0.18487
position  2:    T:0.21849    C:0.31092    A:0.23529    G:0.23529
position  3:    T:0.25210    C:0.24370    A:0.18487    G:0.31933
Average         T:0.24370    C:0.28011    A:0.22969    G:0.24650

#49: Steenbok       
position  1:    T:0.26891    C:0.27731    A:0.26891    G:0.18487
position  2:    T:0.21849    C:0.31092    A:0.23529    G:0.23529
position  3:    T:0.26891    C:0.23529    A:0.19328    G:0.30252
Average         T:0.25210    C:0.27451    A:0.23249    G:0.24090

#50: Impala         
position  1:    T:0.26050    C:0.28571    A:0.26891    G:0.18487
position  2:    T:0.21849    C:0.31092    A:0.23529    G:0.23529
position  3:    T:0.26891    C:0.23529    A:0.17647    G:0.31933
Average         T:0.24930    C:0.27731    A:0.22689    G:0.24650

#51: Klipspringer   
position  1:    T:0.26050    C:0.28571    A:0.26891    G:0.18487
position  2:    T:0.21849    C:0.31933    A:0.23529    G:0.22689
