1
52 1
Argali 0.000000 0.243200 0.069100 0.356400 0.000100 0.000000 0.146700 0.068900 0.069100 0.000100 0.000000 0.000100 0.069500 0.071900 0.236000 0.071500 0.000100 0.000100 0.070200 0.069100 0.073900 0.000000 0.071500 0.000100 0.000000 0.000100 0.070200 0.069100 0.136100 0.069100 0.071800 0.146900 0.000100 0.070200 0.000000 0.156000 0.073800 0.000100 0.000100 0.000100 0.136100 0.000100 0.000100 0.066700 0.156000 0.000100 0.000100 0.072300 0.066900 0.000100 0.069100 0.132500
LesserMous 0.243200 0.000000 0.327300 0.256100 0.247700 0.243200 0.070100 0.326500 0.327300 0.247700 0.243200 0.247700 0.149200 0.347700 0.241700 0.150600 0.247700 0.247700 0.335700 0.327300 0.353600 0.243200 0.150600 0.247700 0.243200 0.247700 0.149200 0.327300 0.213200 0.327300 0.342900 0.235000 0.247700 0.149200 0.243200 0.475700 0.356500 0.247700 0.247700 0.247700 0.213200 0.247700 0.247700 0.310900 0.475700 0.247700 0.247700 0.341500 0.311700 0.247700 0.327300 0.388700
LesserKudu 0.069100 0.327300 0.000000 0.448400 0.069200 0.069100 0.220000 0.138000 0.000000 0.069700 0.069100 0.069700 0.141400 0.143700 0.319100 0.142300 0.069700 0.069700 0.141400 0.000000 0.147300 0.069100 0.142300 0.069700 0.069100 0.069700 0.141400 0.000000 0.204800 0.000000 0.143000 0.220600 0.069700 0.141400 0.069100 0.235300 0.148800 0.069700 0.069700 0.069700 0.204800 0.069700 0.069700 0.131800 0.235300 0.069700 0.069700 0.069700 0.133700 0.069700 0.000000 0.060600
KillerWhal 0.356400 0.256100 0.448400 0.000000 0.361700 0.356400 0.337700 0.446500 0.448400 0.361700 0.356400 0.361700 0.242800 0.475800 0.460700 0.466300 0.361700 0.361700 0.460800 0.448400 0.486000 0.356400 0.466300 0.361700 0.356400 0.361700 0.242800 0.448400 0.316600 0.448400 0.469400 0.338500 0.361700 0.242800 0.356400 0.635100 0.491200 0.361700 0.361700 0.361700 0.523500 0.361700 0.361700 0.421000 0.635100 0.361700 0.361700 0.471200 0.231000 0.361700 0.448400 0.506800
DefassaWat 0.000100 0.247700 0.069200 0.361700 0.000000 0.000100 0.147700 0.069400 0.069700 0.000000 0.000100 0.000000 0.071600 0.072300 0.240400 0.071100 0.000000 0.000000 0.071600 0.070300 0.074400 0.000100 0.071900 0.000000 0.000100 0.000000 0.071600 0.068100 0.137200 0.069700 0.072200 0.148100 0.000000 0.071600 0.000100 0.157700 0.075400 0.000000 0.000000 0.000000 0.137200 0.000000 0.000000 0.067100 0.157700 0.000000 0.000000 0.072900 0.067400 0.000000 0.069700 0.133700
Sheep 0.000000 0.243200 0.069100 0.356400 0.000100 0.000000 0.146700 0.068900 0.069100 0.000100 0.000000 0.000100 0.070300 0.071900 0.236000 0.071500 0.000100 0.000100 0.070200 0.069100 0.073900 0.000000 0.071500 0.000100 0.000000 0.000100 0.070200 0.069100 0.136100 0.069100 0.071800 0.146900 0.000100 0.070200 0.000000 0.156000 0.073800 0.000100 0.000100 0.000100 0.136100 0.000100 0.000100 0.066700 0.156000 0.000100 0.000100 0.072300 0.066900 0.000100 0.069100 0.132500
MaxwellsDu 0.146700 0.070100 0.220000 0.337700 0.147700 0.146700 0.000000 0.219300 0.221700 0.147700 0.146700 0.147700 0.067900 0.231100 0.145300 0.068100 0.147700 0.147700 0.227100 0.220000 0.235500 0.146700 0.065500 0.147700 0.146700 0.147700 0.067900 0.220000 0.129200 0.220000 0.229100 0.140700 0.147700 0.067900 0.146700 0.335700 0.239700 0.147700 0.147700 0.147700 0.129200 0.147700 0.147700 0.210200 0.335700 0.147700 0.147700 0.229200 0.211200 0.147700 0.220000 0.281300
GazellaPrz 0.068900 0.326500 0.138000 0.446500 0.069400 0.068900 0.219300 0.000000 0.138000 0.069400 0.068900 0.068300 0.141100 0.143200 0.318700 0.141900 0.069400 0.067500 0.141100 0.138000 0.146800 0.068900 0.141900 0.069400 0.068900 0.069400 0.141100 0.138000 0.205300 0.138000 0.142000 0.219800 0.069100 0.141100 0.068900 0.234400 0.148500 0.069400 0.069400 0.069400 0.204100 0.069400 0.069400 0.132700 0.234400 0.069400 0.069400 0.144000 0.133300 0.069400 0.138000 0.199800
MountainNy 0.069100 0.327300 0.000000 0.448400 0.069700 0.069100 0.221700 0.138000 0.000000 0.069700 0.069100 0.069700 0.141400 0.143700 0.319100 0.141300 0.068000 0.069700 0.141400 0.000000 0.147300 0.069100 0.142300 0.069700 0.069100 0.069700 0.141400 0.000000 0.204800 0.000000 0.143000 0.220600 0.069700 0.141400 0.069100 0.235300 0.148800 0.069700 0.069700 0.069400 0.204800 0.069700 0.069700 0.133100 0.235300 0.069700 0.069700 0.069700 0.133700 0.069700 0.000000 0.060600
MuntiacusM 0.000100 0.247700 0.069700 0.361700 0.000000 0.000100 0.147700 0.069400 0.069700 0.000000 0.000100 0.000000 0.071600 0.072300 0.240400 0.071900 0.000000 0.000000 0.071600 0.069700 0.074100 0.000100 0.071900 0.000000 0.000100 0.000000 0.071600 0.069700 0.137200 0.069700 0.072200 0.148100 0.000000 0.071600 0.000100 0.157700 0.075400 0.000000 0.000000 0.000000 0.137200 0.000000 0.000000 0.067100 0.157700 0.000000 0.000000 0.072900 0.067400 0.000000 0.069700 0.133700
goat 0.000000 0.243200 0.069100 0.356400 0.000100 0.000000 0.146700 0.068900 0.069100 0.000100 0.000000 0.000100 0.070400 0.071900 0.236000 0.071500 0.000100 0.000100 0.068200 0.069100 0.073900 0.000000 0.071500 0.000100 0.000000 0.000100 0.070200 0.069100 0.136100 0.069100 0.071800 0.146900 0.000100 0.070200 0.000000 0.156000 0.073400 0.000100 0.000100 0.000100 0.136100 0.000100 0.000100 0.066700 0.156000 0.000100 0.000100 0.072300 0.066900 0.000100 0.069100 0.132500
AfricanBuf 0.000100 0.247700 0.069700 0.361700 0.000000 0.000100 0.147700 0.068300 0.069700 0.000000 0.000100 0.000000 0.071600 0.072300 0.240400 0.070000 0.000000 0.000000 0.071600 0.069700 0.074400 0.000100 0.071900 0.000000 0.000100 0.000000 0.071600 0.069700 0.137200 0.069700 0.072200 0.148100 0.000000 0.071600 0.000100 0.157700 0.075400 0.000000 0.000000 0.000000 0.137200 0.000000 0.000000 0.067100 0.157700 0.000000 0.000000 0.072900 0.067400 0.000000 0.069700 0.133700
Topi 0.069500 0.149200 0.141400 0.242800 0.071600 0.070300 0.067900 0.141100 0.141400 0.071600 0.070400 0.071600 0.000000 0.147900 0.144900 0.146700 0.071600 0.071600 0.143900 0.141400 0.151400 0.070200 0.146700 0.071600 0.068900 0.071600 0.000000 0.141400 0.209300 0.141400 0.147200 0.068000 0.071600 0.000000 0.070200 0.240600 0.151600 0.071600 0.071600 0.071600 0.209300 0.071600 0.071600 0.136100 0.240600 0.071600 0.071600 0.147600 0.136400 0.071600 0.141400 0.203100
CommonDuik 0.071900 0.347700 0.143700 0.475800 0.072300 0.071900 0.231100 0.143200 0.143700 0.072300 0.071900 0.072300 0.147900 0.000000 0.239200 0.148600 0.072300 0.072300 0.070600 0.143700 0.152300 0.071900 0.148600 0.072300 0.071900 0.072300 0.147900 0.143700 0.213300 0.143700 0.149100 0.146300 0.072300 0.147900 0.071900 0.246100 0.072100 0.072300 0.072300 0.072300 0.213300 0.072300 0.072300 0.137900 0.246100 0.072300 0.072300 0.150000 0.138600 0.072300 0.143700 0.207700
Suni 0.236000 0.241700 0.319100 0.460700 0.240400 0.236000 0.145300 0.318700 0.319100 0.240400 0.236000 0.240400 0.144900 0.239200 0.000000 0.236500 0.240400 0.240400 0.144900 0.319100 0.343200 0.236000 0.236500 0.240400 0.236000 0.240400 0.144900 0.319100 0.300200 0.319100 0.333700 0.068500 0.240400 0.144900 0.236000 0.463700 0.245900 0.240400 0.240400 0.240400 0.300200 0.240400 0.240400 0.302400 0.463700 0.240400 0.240400 0.331900 0.305100 0.240400 0.319100 0.382300
Springbuck 0.071500 0.150600 0.142300 0.466300 0.071100 0.071500 0.068100 0.141900 0.141300 0.071900 0.071500 0.070000 0.146700 0.148600 0.236500 0.000000 0.071100 0.070200 0.146700 0.142300 0.152200 0.071500 0.000000 0.072700 0.071500 0.071900 0.146700 0.142300 0.063100 0.142300 0.147900 0.229000 0.071900 0.146700 0.071500 0.242700 0.154500 0.071900 0.071900 0.071900 0.063100 0.070200 0.070200 0.136600 0.242700 0.071900 0.071900 0.148600 0.137200 0.071900 0.142300 0.204800
Okapi 0.000100 0.247700 0.069700 0.361700 0.000000 0.000100 0.147700 0.069400 0.068000 0.000000 0.000100 0.000000 0.071600 0.072300 0.240400 0.071100 0.000000 0.000000 0.071600 0.069700 0.074400 0.000100 0.071900 0.000000 0.000100 0.000000 0.071600 0.069700 0.137200 0.068200 0.072200 0.148100 0.000000 0.071600 0.000100 0.157700 0.075400 0.000000 0.000000 0.000000 0.137200 0.000000 0.000000 0.067100 0.157700 0.000000 0.000000 0.072200 0.067400 0.000000 0.069700 0.133700
Giraffe 0.000100 0.247700 0.069700 0.361700 0.000000 0.000100 0.147700 0.067500 0.069700 0.000000 0.000100 0.000000 0.071600 0.072300 0.240400 0.070200 0.000000 0.000000 0.071600 0.069700 0.074400 0.000100 0.071900 0.000000 0.000100 0.000000 0.071600 0.069700 0.137200 0.069700 0.072200 0.148100 0.000000 0.071600 0.000100 0.157700 0.075400 0.000000 0.000000 0.000000 0.137100 0.000000 0.000000 0.067100 0.157700 0.000000 0.000000 0.072900 0.067400 0.000000 0.069700 0.133700
TibetanAnt 0.070200 0.335700 0.141400 0.460800 0.071600 0.070200 0.227100 0.141100 0.141400 0.071600 0.068200 0.071600 0.143900 0.070600 0.144900 0.146700 0.071600 0.071600 0.000000 0.141400 0.151400 0.070200 0.146700 0.071600 0.070200 0.071600 0.143900 0.141400 0.209300 0.141400 0.147200 0.068000 0.071600 0.143900 0.070200 0.240600 0.072600 0.071600 0.071600 0.071600 0.209300 0.071600 0.071600 0.136100 0.240600 0.071600 0.071600 0.147600 0.136400 0.071600 0.141400 0.203100
Sitatunga 0.069100 0.327300 0.000000 0.448400 0.070300 0.069100 0.220000 0.138000 0.000000 0.069700 0.069100 0.069700 0.141400 0.143700 0.319100 0.142300 0.069700 0.069700 0.141400 0.000000 0.147300 0.069100 0.142300 0.068300 0.069100 0.068400 0.141400 0.000000 0.204800 0.000000 0.143000 0.220600 0.069700 0.141400 0.069100 0.235300 0.148800 0.069700 0.068000 0.069700 0.204800 0.069700 0.069700 0.133100 0.235300 0.069700 0.067800 0.069000 0.133700 0.069700 0.000000 0.060600
Oribi 0.073900 0.353600 0.147300 0.486000 0.074400 0.073900 0.235500 0.146800 0.147300 0.074100 0.073900 0.074400 0.151400 0.152300 0.343200 0.152200 0.074400 0.074400 0.151400 0.147300 0.000000 0.073900 0.152200 0.074400 0.073900 0.074400 0.151400 0.147300 0.217400 0.147300 0.152700 0.236000 0.074400 0.151400 0.073900 0.252600 0.159900 0.074400 0.074400 0.074400 0.217400 0.074400 0.074400 0.141100 0.252600 0.074400 0.074400 0.154300 0.141800 0.074400 0.147300 0.211900
BarbaryShe 0.000000 0.243200 0.069100 0.356400 0.000100 0.000000 0.146700 0.068900 0.069100 0.000100 0.000000 0.000100 0.070200 0.071900 0.236000 0.071500 0.000100 0.000100 0.070200 0.069100 0.073900 0.000000 0.071500 0.000100 0.000000 0.000100 0.070200 0.069100 0.136100 0.069100 0.071800 0.146900 0.000100 0.070200 0.000000 0.156000 0.073800 0.000100 0.000100 0.000100 0.136100 0.000100 0.000100 0.066700 0.156000 0.000100 0.000100 0.072300 0.066900 0.000100 0.069100 0.132500
Daviddeer 0.071500 0.150600 0.142300 0.466300 0.071900 0.071500 0.065500 0.141900 0.142300 0.071900 0.071500 0.071900 0.146700 0.148600 0.236500 0.000000 0.071900 0.071900 0.146700 0.142300 0.152200 0.071500 0.000000 0.071900 0.071500 0.071900 0.146700 0.142300 0.063100 0.142300 0.147900 0.229000 0.070100 0.146700 0.071500 0.242700 0.154500 0.071900 0.071900 0.070700 0.063100 0.071900 0.071400 0.136600 0.242700 0.071900 0.071900 0.148600 0.137200 0.070100 0.142300 0.204800
Reindeer 0.000100 0.247700 0.069700 0.361700 0.000000 0.000100 0.147700 0.069400 0.069700 0.000000 0.000100 0.000000 0.071600 0.072300 0.240400 0.072700 0.000000 0.000000 0.071600 0.068300 0.074400 0.000100 0.071900 0.000000 0.000100 0.000000 0.071600 0.069700 0.137200 0.069700 0.072200 0.148100 0.000000 0.071600 0.000100 0.157700 0.075400 0.000000 0.000000 0.000000 0.137200 0.000000 0.000000 0.067100 0.157700 0.000000 0.000000 0.072900 0.067400 0.000000 0.068000 0.133700
Ibex 0.000000 0.243200 0.069100 0.356400 0.000100 0.000000 0.146700 0.068900 0.069100 0.000100 0.000000 0.000100 0.068900 0.071900 0.236000 0.071500 0.000100 0.000100 0.070200 0.069100 0.073900 0.000000 0.071500 0.000100 0.000000 0.000100 0.070200 0.069100 0.136100 0.069100 0.071800 0.146900 0.000100 0.070200 0.000000 0.156000 0.073800 0.000100 0.000100 0.000100 0.136100 0.000100 0.000100 0.066700 0.156000 0.000100 0.000100 0.072300 0.066900 0.000100 0.069100 0.132500
GyrantGaze 0.000100 0.247700 0.069700 0.361700 0.000000 0.000100 0.147700 0.069400 0.069700 0.000000 0.000100 0.000000 0.071600 0.072300 0.240400 0.071900 0.000000 0.000000 0.071600 0.068400 0.074400 0.000100 0.071900 0.000000 0.000100 0.000000 0.071600 0.069700 0.137200 0.069700 0.072200 0.148100 0.000000 0.071600 0.000100 0.157700 0.075400 0.000000 0.000000 0.000000 0.137200 0.000000 0.000000 0.067100 0.157700 0.000000 0.000000 0.071700 0.067400 0.000000 0.069900 0.133700
Hartebeest 0.070200 0.149200 0.141400 0.242800 0.071600 0.070200 0.067900 0.141100 0.141400 0.071600 0.070200 0.071600 0.000000 0.147900 0.144900 0.146700 0.071600 0.071600 0.143900 0.141400 0.151400 0.070200 0.146700 0.071600 0.070200 0.071600 0.000000 0.141400 0.209300 0.141400 0.147200 0.068000 0.071600 0.000000 0.070200 0.240600 0.151600 0.071600 0.071600 0.071600 0.209300 0.071600 0.071600 0.136100 0.240600 0.071600 0.071600 0.147600 0.136400 0.071600 0.141400 0.203100
Bongo 0.069100 0.327300 0.000000 0.448400 0.068100 0.069100 0.220000 0.138000 0.000000 0.069700 0.069100 0.069700 0.141400 0.143700 0.319100 0.142300 0.069700 0.069700 0.141400 0.000000 0.147300 0.069100 0.142300 0.069700 0.069100 0.069700 0.141400 0.000000 0.204800 0.000000 0.141400 0.220600 0.069700 0.141400 0.069100 0.235300 0.148800 0.069700 0.069700 0.069700 0.204800 0.069700 0.069700 0.133100 0.235300 0.069700 0.069700 0.069700 0.133700 0.067700 0.000000 0.060600
Gerenuk 0.136100 0.213200 0.204800 0.316600 0.137200 0.136100 0.129200 0.205300 0.204800 0.137200 0.136100 0.137200 0.209300 0.213300 0.300200 0.063100 0.137200 0.137200 0.209300 0.204800 0.217400 0.136100 0.063100 0.137200 0.136100 0.137200 0.209300 0.204800 0.000000 0.204800 0.211400 0.290800 0.134700 0.209300 0.136100 0.308000 0.220200 0.137200 0.137200 0.137200 0.121000 0.137200 0.137200 0.196500 0.308000 0.137200 0.137200 0.212900 0.060700 0.137200 0.204800 0.263400
CommonElan 0.069100 0.327300 0.000000 0.448400 0.069700 0.069100 0.220000 0.138000 0.000000 0.069700 0.069100 0.069700 0.141400 0.143700 0.319100 0.142300 0.068200 0.069700 0.141400 0.000000 0.147300 0.069100 0.142300 0.069700 0.069100 0.069700 0.141400 0.000000 0.204800 0.000000 0.143000 0.220600 0.067700 0.141400 0.069100 0.235300 0.148800 0.067700 0.068500 0.069700 0.204800 0.069700 0.069700 0.133100 0.235300 0.069700 0.069700 0.069700 0.133700 0.069700 0.000000 0.060600
MuntiacusR 0.071800 0.342900 0.143000 0.469400 0.072200 0.071800 0.229100 0.142000 0.143000 0.072200 0.071800 0.072200 0.147200 0.149100 0.333700 0.147900 0.072200 0.072200 0.147200 0.143000 0.152700 0.071800 0.147900 0.072200 0.071800 0.072200 0.147200 0.141400 0.211400 0.143000 0.000000 0.229500 0.072200 0.147200 0.071800 0.244100 0.155100 0.072400 0.072200 0.072200 0.211400 0.070600 0.072200 0.137100 0.244100 0.070700 0.072200 0.149400 0.137800 0.072200 0.143000 0.205800
HarveysDui 0.146900 0.235000 0.220600 0.338500 0.148100 0.146900 0.140700 0.219800 0.220600 0.148100 0.146900 0.148100 0.068000 0.146300 0.068500 0.229000 0.148100 0.148100 0.068000 0.220600 0.236000 0.146900 0.229000 0.148100 0.146900 0.148100 0.068000 0.220600 0.290800 0.220600 0.229500 0.000000 0.148100 0.068000 0.146900 0.336800 0.152300 0.148100 0.148100 0.148100 0.290800 0.148100 0.148100 0.210600 0.336800 0.148100 0.148100 0.229800 0.211600 0.148100 0.220600 0.282000
Pronghorn 0.000100 0.247700 0.069700 0.361700 0.000000 0.000100 0.147700 0.069100 0.069700 0.000000 0.000100 0.000000 0.071600 0.072300 0.240400 0.071900 0.000000 0.000000 0.071600 0.069700 0.074400 0.000100 0.070100 0.000000 0.000100 0.000000 0.071600 0.069700 0.134700 0.067700 0.072200 0.148100 0.000000 0.071600 0.000100 0.157700 0.075400 0.000000 0.000000 0.000000 0.136400 0.000000 0.000000 0.067100 0.157700 0.000000 0.000000 0.072900 0.067400 0.000000 0.069700 0.133700
BlueWildeb 0.070200 0.149200 0.141400 0.242800 0.071600 0.070200 0.067900 0.141100 0.141400 0.071600 0.070200 0.071600 0.000000 0.147900 0.144900 0.146700 0.071600 0.071600 0.143900 0.141400 0.151400 0.070200 0.146700 0.071600 0.070200 0.071600 0.000000 0.141400 0.209300 0.141400 0.147200 0.068000 0.071600 0.000000 0.070200 0.240600 0.151600 0.071600 0.071600 0.071600 0.209300 0.071600 0.071600 0.136100 0.240600 0.071600 0.071600 0.147600 0.136400 0.071600 0.141400 0.203100
Gemsbok 0.000000 0.243200 0.069100 0.356400 0.000100 0.000000 0.146700 0.068900 0.069100 0.000100 0.000000 0.000100 0.070200 0.071900 0.236000 0.071500 0.000100 0.000100 0.070200 0.069100 0.073900 0.000000 0.071500 0.000100 0.000000 0.000100 0.070200 0.069100 0.136100 0.069100 0.071800 0.146900 0.000100 0.070200 0.000000 0.156000 0.073800 0.000100 0.000100 0.000100 0.136100 0.000100 0.000100 0.066700 0.156000 0.000100 0.000100 0.072300 0.066900 0.000100 0.069100 0.132500
Yak 0.156000 0.475700 0.235300 0.635100 0.157700 0.156000 0.335700 0.234400 0.235300 0.157700 0.156000 0.157700 0.240600 0.246100 0.463700 0.242700 0.157700 0.157700 0.240600 0.235300 0.252600 0.156000 0.242700 0.157700 0.156000 0.157700 0.240600 0.235300 0.308000 0.235300 0.244100 0.336800 0.157700 0.240600 0.156000 0.000000 0.254800 0.157700 0.157700 0.157700 0.308000 0.157700 0.157700 0.224000 0.000000 0.157700 0.157700 0.246500 0.225200 0.157700 0.235300 0.300500
BlueSheep 0.073800 0.356500 0.148800 0.491200 0.075400 0.073800 0.239700 0.148500 0.148800 0.075400 0.073400 0.075400 0.151600 0.072100 0.245900 0.154500 0.075400 0.075400 0.072600 0.148800 0.159900 0.073800 0.154500 0.075400 0.073800 0.075400 0.151600 0.148800 0.220200 0.148800 0.155100 0.152300 0.075400 0.151600 0.073800 0.254800 0.000000 0.075400 0.075400 0.075400 0.220200 0.075400 0.075400 0.142900 0.254800 0.075400 0.075400 0.155600 0.143300 0.075400 0.148800 0.213500
BohorReedb 0.000100 0.247700 0.069700 0.361700 0.000000 0.000100 0.147700 0.069400 0.069700 0.000000 0.000100 0.000000 0.071600 0.072300 0.240400 0.071900 0.000000 0.000000 0.071600 0.069700 0.074400 0.000100 0.071900 0.000000 0.000100 0.000000 0.071600 0.069700 0.137200 0.067700 0.072400 0.148100 0.000000 0.071600 0.000100 0.157700 0.075400 0.000000 0.000000 0.000000 0.137200 0.000000 0.000000 0.067100 0.157700 0.000000 0.000000 0.072900 0.067400 0.000000 0.069700 0.133700
KirksDik 0.000100 0.247700 0.069700 0.361700 0.000000 0.000100 0.147700 0.069400 0.069700 0.000000 0.000100 0.000000 0.071600 0.072300 0.240400 0.071900 0.000000 0.000000 0.071600 0.068000 0.074400 0.000100 0.071900 0.000000 0.000100 0.000000 0.071600 0.069700 0.137200 0.068500 0.072200 0.148100 0.000000 0.071600 0.000100 0.157700 0.075400 0.000000 0.000000 0.000000 0.137200 0.000000 0.000000 0.067900 0.157700 0.000000 0.000000 0.072900 0.068000 0.000000 0.069700 0.133700
RoeDeer 0.000100 0.247700 0.069700 0.361700 0.000000 0.000100 0.147700 0.069400 0.069400 0.000000 0.000100 0.000000 0.071600 0.072300 0.240400 0.071900 0.000000 0.000000 0.071600 0.069700 0.074400 0.000100 0.070700 0.000000 0.000100 0.000000 0.071600 0.069700 0.137200 0.069700 0.072200 0.148100 0.000000 0.071600 0.000100 0.157700 0.075400 0.000000 0.000000 0.000000 0.137200 0.000000 0.000000 0.067100 0.157700 0.000000 0.000000 0.072900 0.067400 0.000000 0.069700 0.133700
WhiteLippe 0.136100 0.213200 0.204800 0.523500 0.137200 0.136100 0.129200 0.204100 0.204800 0.137200 0.136100 0.137200 0.209300 0.213300 0.300200 0.063100 0.137200 0.137100 0.209300 0.204800 0.217400 0.136100 0.063100 0.137200 0.136100 0.137200 0.209300 0.204800 0.121000 0.204800 0.211400 0.290800 0.136400 0.209300 0.136100 0.308000 0.220200 0.137200 0.137200 0.137200 0.000000 0.137200 0.137200 0.196500 0.308000 0.137200 0.137200 0.212900 0.197400 0.137200 0.204800 0.263400
ThomsonGaz 0.000100 0.247700 0.069700 0.361700 0.000000 0.000100 0.147700 0.069400 0.069700 0.000000 0.000100 0.000000 0.071600 0.072300 0.240400 0.070200 0.000000 0.000000 0.071600 0.069700 0.074400 0.000100 0.071900 0.000000 0.000100 0.000000 0.071600 0.069700 0.137200 0.069700 0.070600 0.148100 0.000000 0.071600 0.000100 0.157700 0.075400 0.000000 0.000000 0.000000 0.137200 0.000000 0.000000 0.067100 0.157700 0.000000 0.000000 0.072000 0.067400 0.000000 0.069700 0.133700
MuntiacusC 0.000100 0.247700 0.069700 0.361700 0.000000 0.000100 0.147700 0.069400 0.069700 0.000000 0.000100 0.000000 0.071600 0.072300 0.240400 0.070200 0.000000 0.000000 0.071600 0.069700 0.074400 0.000100 0.071400 0.000000 0.000100 0.000000 0.071600 0.069700 0.137200 0.069700 0.072200 0.148100 0.000000 0.071600 0.000100 0.157700 0.075400 0.000000 0.000000 0.000000 0.137200 0.000000 0.000000 0.067100 0.157700 0.000000 0.000000 0.072900 0.067400 0.000000 0.067800 0.133700
WhiteTaile 0.066700 0.310900 0.131800 0.421000 0.067100 0.066700 0.210200 0.132700 0.133100 0.067100 0.066700 0.067100 0.136100 0.137900 0.302400 0.136600 0.067100 0.067100 0.136100 0.133100 0.141100 0.066700 0.136600 0.067100 0.066700 0.067100 0.136100 0.133100 0.196500 0.133100 0.137100 0.210600 0.067100 0.136100 0.066700 0.224000 0.142900 0.067100 0.067900 0.067100 0.196500 0.067100 0.067100 0.000000 0.224000 0.067100 0.067100 0.138700 0.128800 0.067100 0.133100 0.192800
Cattle 0.156000 0.475700 0.235300 0.635100 0.157700 0.156000 0.335700 0.234400 0.235300 0.157700 0.156000 0.157700 0.240600 0.246100 0.463700 0.242700 0.157700 0.157700 0.240600 0.235300 0.252600 0.156000 0.242700 0.157700 0.156000 0.157700 0.240600 0.235300 0.308000 0.235300 0.244100 0.336800 0.157700 0.240600 0.156000 0.000000 0.254800 0.157700 0.157700 0.157700 0.308000 0.157700 0.157700 0.224000 0.000000 0.157700 0.157700 0.246500 0.225200 0.157700 0.235300 0.300500
RoyalAntel 0.000100 0.247700 0.069700 0.361700 0.000000 0.000100 0.147700 0.069400 0.069700 0.000000 0.000100 0.000000 0.071600 0.072300 0.240400 0.071900 0.000000 0.000000 0.071600 0.069700 0.074400 0.000100 0.071900 0.000000 0.000100 0.000000 0.071600 0.069700 0.137200 0.069700 0.070700 0.148100 0.000000 0.071600 0.000100 0.157700 0.075400 0.000000 0.000000 0.000000 0.137200 0.000000 0.000000 0.067100 0.157700 0.000000 0.000000 0.071800 0.067400 0.000000 0.069700 0.133700
Steenbok 0.000100 0.247700 0.069700 0.361700 0.000000 0.000100 0.147700 0.069400 0.069700 0.000000 0.000100 0.000000 0.071600 0.072300 0.240400 0.071900 0.000000 0.000000 0.071600 0.067800 0.074400 0.000100 0.071900 0.000000 0.000100 0.000000 0.071600 0.069700 0.137200 0.069700 0.072200 0.148100 0.000000 0.071600 0.000100 0.157700 0.075400 0.000000 0.000000 0.000000 0.137200 0.000000 0.000000 0.067100 0.157700 0.000000 0.000000 0.072900 0.067400 0.000000 0.069700 0.133700
Impala 0.072300 0.341500 0.069700 0.471200 0.072900 0.072300 0.229200 0.144000 0.069700 0.072900 0.072300 0.072900 0.147600 0.150000 0.331900 0.148600 0.072200 0.072900 0.147600 0.069000 0.154300 0.072300 0.148600 0.072900 0.072300 0.071700 0.147600 0.069700 0.212900 0.069700 0.149400 0.229800 0.072900 0.147600 0.072300 0.246500 0.155600 0.072900 0.072900 0.072900 0.212900 0.072000 0.072900 0.138700 0.246500 0.071800 0.072900 0.000000 0.140000 0.071600 0.069700 0.134000
Klipspring 0.066900 0.311700 0.133700 0.231000 0.067400 0.066900 0.211200 0.133300 0.133700 0.067400 0.066900 0.067400 0.136400 0.138600 0.305100 0.137200 0.067400 0.067400 0.136400 0.133700 0.141800 0.066900 0.137200 0.067400 0.066900 0.067400 0.136400 0.133700 0.060700 0.133700 0.137800 0.211600 0.067400 0.136400 0.066900 0.225200 0.143300 0.067400 0.068000 0.067400 0.197400 0.067400 0.067400 0.128800 0.225200 0.067400 0.067400 0.140000 0.000000 0.067400 0.133700 0.193600
ForestMusk 0.000100 0.247700 0.069700 0.361700 0.000000 0.000100 0.147700 0.069400 0.069700 0.000000 0.000100 0.000000 0.071600 0.072300 0.240400 0.071900 0.000000 0.000000 0.071600 0.069700 0.074400 0.000100 0.070100 0.000000 0.000100 0.000000 0.071600 0.067700 0.137200 0.069700 0.072200 0.148100 0.000000 0.071600 0.000100 0.157700 0.075400 0.000000 0.000000 0.000000 0.137200 0.000000 0.000000 0.067100 0.157700 0.000000 0.000000 0.071600 0.067400 0.000000 0.069700 0.133700
Bushbuck 0.069100 0.327300 0.000000 0.448400 0.069700 0.069100 0.220000 0.138000 0.000000 0.069700 0.069100 0.069700 0.141400 0.143700 0.319100 0.142300 0.069700 0.069700 0.141400 0.000000 0.147300 0.069100 0.142300 0.068000 0.069100 0.069900 0.141400 0.000000 0.204800 0.000000 0.143000 0.220600 0.069700 0.141400 0.069100 0.235300 0.148800 0.069700 0.069700 0.069700 0.204800 0.069700 0.067800 0.133100 0.235300 0.069700 0.069700 0.069700 0.133700 0.069700 0.000000 0.060600
GreaterKud 0.132500 0.388700 0.060600 0.506800 0.133700 0.132500 0.281300 0.199800 0.060600 0.133700 0.132500 0.133700 0.203100 0.207700 0.382300 0.204800 0.133700 0.133700 0.203100 0.060600 0.211900 0.132500 0.204800 0.133700 0.132500 0.133700 0.203100 0.060600 0.263400 0.060600 0.205800 0.282000 0.133700 0.203100 0.132500 0.300500 0.213500 0.133700 0.133700 0.133700 0.263400 0.133700 0.133700 0.192800 0.300500 0.133700 0.133700 0.134000 0.193600 0.133700 0.060600 0.000000
