1
52 1
Argali 0.000000 0.181800 0.038200 0.100600 0.086700 0.000000 0.067200 0.048000 0.048200 0.067800 0.000000 0.018900 0.056800 0.028000 0.037500 0.047700 0.077400 0.078300 0.019000 0.028700 0.047700 0.018600 0.038200 0.058400 0.000000 0.048200 0.057000 0.037600 0.078800 0.057400 0.067800 0.037600 0.101100 0.065900 0.028200 0.038200 0.000000 0.066600 0.077700 0.069100 0.038200 0.057500 0.067800 0.058700 0.038200 0.037900 0.047800 0.057400 0.076600 0.058100 0.038200 0.037600
LesserMous 0.181800 0.000000 0.209800 0.200400 0.267900 0.181800 0.219500 0.221700 0.223200 0.196500 0.181800 0.185600 0.203700 0.218300 0.229300 0.220400 0.220300 0.196100 0.210800 0.199400 0.220400 0.182700 0.185700 0.198600 0.181800 0.197900 0.203700 0.209800 0.249800 0.232900 0.196500 0.231300 0.228700 0.216500 0.194300 0.210100 0.181800 0.268000 0.231800 0.200800 0.185700 0.208300 0.196500 0.187400 0.210100 0.233400 0.221100 0.205600 0.229300 0.186100 0.209800 0.209800
LesserKudu 0.038200 0.209800 0.000000 0.080600 0.067300 0.038200 0.068000 0.048600 0.009500 0.048400 0.038200 0.019100 0.057400 0.028300 0.037900 0.047800 0.058100 0.058400 0.038800 0.009500 0.048300 0.058300 0.019000 0.039000 0.037700 0.069100 0.057400 0.000000 0.079800 0.018800 0.047800 0.038100 0.102500 0.067600 0.028500 0.018800 0.038200 0.047700 0.078600 0.049400 0.019100 0.058400 0.047700 0.039200 0.018900 0.058200 0.068500 0.058100 0.077700 0.038800 0.000000 0.000000
KillerWhal 0.100600 0.200400 0.080600 0.000000 0.132000 0.100600 0.089700 0.090800 0.091600 0.069700 0.100600 0.080700 0.099600 0.089300 0.099400 0.090500 0.079600 0.059300 0.102500 0.092000 0.090500 0.101300 0.059800 0.070700 0.100600 0.113300 0.099600 0.080600 0.124800 0.101000 0.069700 0.100100 0.104200 0.110600 0.069200 0.080600 0.100600 0.132000 0.122800 0.071300 0.059800 0.101500 0.069700 0.071000 0.080600 0.122900 0.112300 0.089900 0.121400 0.080500 0.080600 0.080600
DefassaWat 0.086700 0.267900 0.067300 0.132000 0.000000 0.086700 0.076500 0.057300 0.076700 0.118800 0.086700 0.087900 0.066100 0.056500 0.086100 0.056400 0.128800 0.108000 0.088100 0.078000 0.057000 0.087100 0.087900 0.109500 0.086500 0.077600 0.066100 0.067300 0.087300 0.066800 0.119000 0.066400 0.155200 0.076200 0.057100 0.087800 0.086700 0.018300 0.107800 0.121100 0.087900 0.067000 0.118800 0.110000 0.087800 0.087000 0.076000 0.107600 0.106500 0.108900 0.066800 0.067300
Sheep 0.000000 0.181800 0.038200 0.100600 0.086700 0.000000 0.067200 0.048000 0.048200 0.067800 0.000000 0.018900 0.056800 0.028000 0.037500 0.047700 0.077400 0.077800 0.018800 0.028700 0.047500 0.018600 0.038200 0.058400 0.000000 0.048200 0.056800 0.038200 0.078800 0.057400 0.067400 0.037600 0.101100 0.066800 0.027900 0.038200 0.000000 0.066500 0.077700 0.069100 0.038200 0.057700 0.067800 0.058700 0.038200 0.037900 0.047800 0.057400 0.076800 0.058100 0.038200 0.038200
MaxwellsDu 0.067200 0.219500 0.068000 0.089700 0.076500 0.067200 0.000000 0.038000 0.078500 0.078000 0.067200 0.068200 0.066700 0.037100 0.066500 0.037900 0.087800 0.067700 0.068400 0.078800 0.037900 0.067600 0.048100 0.068600 0.067200 0.058100 0.066700 0.068000 0.068400 0.087800 0.078000 0.047000 0.112000 0.076800 0.037800 0.068100 0.067200 0.076500 0.087800 0.079500 0.048100 0.047800 0.078000 0.069000 0.068100 0.067500 0.057600 0.087700 0.047200 0.068100 0.068000 0.068000
GazellaPrz 0.048000 0.221700 0.048600 0.090800 0.057300 0.048000 0.038000 0.000000 0.058800 0.078900 0.048000 0.048600 0.047600 0.018700 0.047500 0.000000 0.088700 0.068400 0.048800 0.059100 0.000000 0.048300 0.048700 0.069400 0.048000 0.019100 0.047600 0.048600 0.028900 0.068200 0.078900 0.028300 0.113200 0.057600 0.018900 0.048600 0.048000 0.057300 0.048100 0.080400 0.048700 0.009400 0.078900 0.069700 0.048600 0.048100 0.019000 0.068200 0.067500 0.068800 0.048600 0.048600
MountainNy 0.048200 0.223200 0.009500 0.091600 0.076700 0.048200 0.078500 0.058800 0.000000 0.058400 0.048200 0.028600 0.067600 0.038200 0.047800 0.058500 0.067400 0.068800 0.048200 0.019200 0.058500 0.068700 0.029000 0.049200 0.048200 0.079800 0.067300 0.009500 0.090600 0.028600 0.058700 0.048100 0.113900 0.078000 0.038400 0.029000 0.048000 0.057500 0.089300 0.039500 0.028700 0.068900 0.058800 0.049400 0.028500 0.068500 0.079100 0.068400 0.088200 0.048900 0.009500 0.009500
MuntiacusM 0.067800 0.196500 0.048400 0.069700 0.118800 0.067800 0.078000 0.078900 0.058400 0.000000 0.067800 0.048500 0.087800 0.057500 0.067300 0.078400 0.047900 0.048100 0.068900 0.058900 0.078400 0.088700 0.029000 0.038300 0.067800 0.100200 0.087500 0.048400 0.111300 0.068000 0.000000 0.067600 0.091200 0.098000 0.057800 0.048500 0.067800 0.097700 0.109700 0.059400 0.028800 0.089500 0.000000 0.039000 0.048500 0.088600 0.099400 0.088400 0.087700 0.048600 0.048400 0.048500
goat 0.000000 0.181800 0.038200 0.100600 0.086700 0.000000 0.067200 0.048000 0.048200 0.067800 0.000000 0.018900 0.056800 0.028000 0.037500 0.047700 0.077400 0.077800 0.019000 0.028700 0.047700 0.018700 0.038200 0.058400 0.000000 0.047500 0.056800 0.038200 0.078800 0.057400 0.067800 0.037600 0.101100 0.066800 0.027900 0.037500 0.000000 0.066500 0.077700 0.069100 0.038200 0.057700 0.067800 0.058700 0.038200 0.037900 0.047800 0.057400 0.077100 0.058100 0.037600 0.037600
AfricanBuf 0.018900 0.185600 0.019100 0.080700 0.087900 0.018900 0.068200 0.048600 0.028600 0.048500 0.018900 0.000000 0.056700 0.028400 0.038000 0.048400 0.058200 0.058500 0.019200 0.009500 0.047900 0.038200 0.019000 0.039000 0.018900 0.048200 0.057500 0.018900 0.079900 0.038400 0.048500 0.038100 0.081100 0.067400 0.028600 0.018800 0.018900 0.067400 0.078700 0.049500 0.019000 0.057600 0.048300 0.038600 0.019200 0.037900 0.048500 0.058200 0.077800 0.038800 0.019100 0.019000
Topi 0.056800 0.203700 0.057400 0.099600 0.066100 0.056800 0.066700 0.047600 0.067600 0.087800 0.056800 0.056700 0.000000 0.046900 0.056400 0.047300 0.097200 0.077300 0.056600 0.067900 0.047300 0.057200 0.057600 0.078200 0.056900 0.067600 0.000000 0.057500 0.067900 0.076900 0.087500 0.056700 0.121600 0.009100 0.027700 0.057500 0.056800 0.066100 0.056900 0.089100 0.057600 0.057200 0.086100 0.078500 0.057900 0.076200 0.067100 0.056800 0.076500 0.077800 0.057400 0.057400
CommonDuik 0.028000 0.218300 0.028300 0.089300 0.056500 0.028000 0.037100 0.018700 0.038200 0.057500 0.028000 0.028400 0.046900 0.000000 0.027800 0.018700 0.067100 0.067400 0.028500 0.038300 0.018700 0.047500 0.028400 0.048200 0.028000 0.038100 0.046900 0.028300 0.048100 0.047400 0.057500 0.009200 0.111500 0.056700 0.018600 0.028400 0.028000 0.037200 0.067300 0.058600 0.028400 0.028200 0.057500 0.048400 0.028400 0.028100 0.037800 0.047400 0.046900 0.047800 0.028300 0.028300
Suni 0.037500 0.229300 0.037900 0.099400 0.086100 0.037500 0.066500 0.047500 0.047800 0.067300 0.037500 0.038000 0.056400 0.027800 0.000000 0.047400 0.076900 0.077200 0.038100 0.048000 0.047400 0.057100 0.038000 0.058000 0.037500 0.067700 0.056400 0.037900 0.078100 0.057000 0.067300 0.037300 0.121800 0.066300 0.028000 0.037900 0.037500 0.066100 0.077100 0.068500 0.038000 0.057300 0.067300 0.058200 0.037900 0.057100 0.067200 0.057000 0.076300 0.057500 0.037900 0.037900
Springbuck 0.047700 0.220400 0.047800 0.090500 0.056400 0.047700 0.037900 0.000000 0.058500 0.078400 0.047700 0.048400 0.047300 0.018700 0.047400 0.000000 0.088200 0.068000 0.048500 0.058700 0.000000 0.048000 0.048400 0.069000 0.048000 0.018900 0.047300 0.048300 0.028300 0.067800 0.078400 0.028200 0.112600 0.057200 0.018800 0.047700 0.047700 0.056500 0.047800 0.080000 0.047800 0.009400 0.078300 0.069300 0.048300 0.047800 0.018800 0.067800 0.067100 0.068600 0.048300 0.048300
Okapi 0.077400 0.220300 0.058100 0.079600 0.128800 0.077400 0.087800 0.088700 0.067400 0.047900 0.077400 0.058200 0.097200 0.067100 0.076900 0.088200 0.000000 0.018700 0.078700 0.068700 0.088200 0.098500 0.038400 0.048500 0.077400 0.110200 0.097200 0.058500 0.121400 0.077800 0.047600 0.077300 0.101300 0.107800 0.066700 0.058200 0.077400 0.107500 0.119600 0.069300 0.038400 0.098800 0.048000 0.048800 0.058200 0.098500 0.109300 0.098200 0.097500 0.058400 0.058100 0.057200
Giraffe 0.078300 0.196100 0.058400 0.059300 0.108000 0.077800 0.067700 0.068400 0.068800 0.048100 0.077800 0.058500 0.077300 0.067400 0.077200 0.068000 0.018700 0.000000 0.079100 0.069100 0.068000 0.078200 0.038200 0.048800 0.077800 0.089400 0.077100 0.058400 0.100300 0.078100 0.048200 0.077600 0.080400 0.087200 0.047500 0.057900 0.077800 0.107900 0.098900 0.069700 0.038600 0.078400 0.048200 0.047900 0.058400 0.098900 0.088700 0.098700 0.096800 0.058600 0.058400 0.057300
TibetanAnt 0.019000 0.210800 0.038800 0.102500 0.088100 0.018800 0.068400 0.048800 0.048200 0.068900 0.019000 0.019200 0.056600 0.028500 0.038100 0.048500 0.078700 0.079100 0.000000 0.029200 0.048500 0.038600 0.038900 0.059400 0.019000 0.049000 0.057700 0.038800 0.080200 0.058400 0.068900 0.038300 0.103000 0.066300 0.028700 0.038900 0.018700 0.067600 0.079000 0.070400 0.038000 0.058700 0.068900 0.059700 0.038900 0.038500 0.048600 0.058400 0.078100 0.059100 0.038800 0.038800
Sitatunga 0.028700 0.199400 0.009500 0.092000 0.078000 0.028700 0.078800 0.059100 0.019200 0.058900 0.028700 0.009500 0.067900 0.038300 0.048000 0.058700 0.068700 0.069100 0.029200 0.000000 0.058700 0.047900 0.028700 0.049400 0.028300 0.059400 0.067900 0.009600 0.091000 0.028500 0.058900 0.048200 0.092500 0.078300 0.038600 0.029100 0.028700 0.057000 0.089600 0.060200 0.029100 0.069100 0.058900 0.049700 0.029100 0.048200 0.058700 0.068700 0.088200 0.049100 0.009500 0.009600
Oribi 0.047700 0.220400 0.048300 0.090500 0.057000 0.047500 0.037900 0.000000 0.058500 0.078400 0.047700 0.047900 0.047300 0.018700 0.047400 0.000000 0.088200 0.068000 0.048500 0.058700 0.000000 0.047400 0.048400 0.069000 0.047700 0.019000 0.047300 0.048300 0.028800 0.067800 0.078400 0.028200 0.112600 0.057300 0.018800 0.048300 0.047700 0.057000 0.047800 0.079900 0.048400 0.009400 0.078400 0.069300 0.048300 0.047900 0.018800 0.067800 0.067100 0.068600 0.048300 0.048300
BarbaryShe 0.018600 0.182700 0.058300 0.101300 0.087100 0.018600 0.067600 0.048300 0.068700 0.088700 0.018700 0.038200 0.057200 0.047500 0.057100 0.048000 0.098500 0.078200 0.038600 0.047900 0.047400 0.000000 0.058400 0.079300 0.018600 0.048500 0.057100 0.057300 0.079300 0.077900 0.088700 0.057500 0.101700 0.046800 0.028400 0.058300 0.018700 0.087100 0.078100 0.090600 0.058400 0.057200 0.088700 0.079700 0.058300 0.057800 0.048100 0.078000 0.097700 0.078800 0.058300 0.058300
Daviddeer 0.038200 0.185700 0.019000 0.059800 0.087900 0.038200 0.048100 0.048700 0.029000 0.029000 0.038200 0.019000 0.057600 0.028400 0.038000 0.048400 0.038400 0.038200 0.038900 0.028700 0.048400 0.058400 0.000000 0.019300 0.038200 0.069300 0.057600 0.019200 0.079900 0.037900 0.028500 0.038200 0.081200 0.067500 0.028600 0.018900 0.038200 0.066700 0.078300 0.029100 0.000000 0.058600 0.028800 0.019000 0.019000 0.058300 0.068700 0.058200 0.056700 0.019200 0.019200 0.019200
Reindeer 0.058400 0.198600 0.039000 0.070700 0.109500 0.058400 0.068600 0.069400 0.049200 0.038300 0.058400 0.039000 0.078200 0.048200 0.058000 0.069000 0.048500 0.048800 0.059400 0.049400 0.069000 0.079300 0.019300 0.000000 0.058400 0.090700 0.078200 0.039000 0.101800 0.058600 0.038800 0.058300 0.092500 0.088700 0.048400 0.039000 0.058400 0.088400 0.100200 0.028700 0.019300 0.079500 0.038800 0.009500 0.039000 0.079200 0.090000 0.079000 0.078400 0.039100 0.039000 0.038300
Ibex 0.000000 0.181800 0.037700 0.100600 0.086500 0.000000 0.067200 0.048000 0.048200 0.067800 0.000000 0.018900 0.056900 0.028000 0.037500 0.048000 0.077400 0.077800 0.019000 0.028300 0.047700 0.018600 0.038200 0.058400 0.000000 0.048200 0.056800 0.038200 0.078800 0.057400 0.067800 0.037600 0.101100 0.066800 0.028200 0.038200 0.000000 0.066300 0.077700 0.069100 0.038200 0.057700 0.067800 0.058700 0.038200 0.037900 0.047800 0.057400 0.076300 0.058100 0.038000 0.038200
GyrantGaze 0.048200 0.197900 0.069100 0.113300 0.077600 0.048200 0.058100 0.019100 0.079800 0.100200 0.047500 0.048200 0.067600 0.038100 0.067700 0.018900 0.110200 0.089400 0.049000 0.059400 0.019000 0.048500 0.069300 0.090700 0.048200 0.000000 0.067600 0.069100 0.049000 0.089100 0.100200 0.048000 0.113900 0.078000 0.038300 0.069200 0.048200 0.077600 0.068400 0.102400 0.069300 0.009500 0.100200 0.091200 0.069200 0.047800 0.019100 0.089100 0.088100 0.090200 0.069100 0.069100
Hartebeest 0.057000 0.203700 0.057400 0.099600 0.066100 0.056800 0.066700 0.047600 0.067300 0.087500 0.056800 0.057500 0.000000 0.046900 0.056400 0.047300 0.097200 0.077100 0.057700 0.067900 0.047300 0.057100 0.057600 0.078200 0.056800 0.067600 0.000000 0.056700 0.067900 0.076900 0.087500 0.056700 0.121600 0.009100 0.027900 0.057500 0.056500 0.066100 0.055700 0.089100 0.057600 0.056800 0.087900 0.078500 0.057500 0.077000 0.067100 0.056800 0.076000 0.077800 0.056800 0.057400
Bongo 0.037600 0.209800 0.000000 0.080600 0.067300 0.038200 0.068000 0.048600 0.009500 0.048400 0.038200 0.018900 0.057500 0.028300 0.037900 0.048300 0.058500 0.058400 0.038800 0.009600 0.048300 0.057300 0.019200 0.039000 0.038200 0.069100 0.056700 0.000000 0.080100 0.018900 0.048400 0.038100 0.102500 0.067600 0.028500 0.019100 0.038200 0.047500 0.078600 0.048300 0.019200 0.057800 0.047900 0.039200 0.019100 0.058200 0.068500 0.058100 0.077700 0.038800 0.000000 0.000000
Gerenuk 0.078800 0.249800 0.079800 0.124800 0.087300 0.078800 0.068400 0.028900 0.090600 0.111300 0.078800 0.079900 0.067900 0.048100 0.078100 0.028300 0.121400 0.100300 0.080200 0.091000 0.028800 0.079300 0.079900 0.101800 0.078800 0.049000 0.067900 0.080100 0.000000 0.100400 0.111300 0.058200 0.148300 0.078300 0.048400 0.079800 0.078800 0.088100 0.068700 0.113700 0.079900 0.038100 0.111300 0.102300 0.079800 0.079000 0.048600 0.089500 0.068100 0.101200 0.079000 0.079800
CommonElan 0.057400 0.232900 0.018800 0.101000 0.066800 0.057400 0.087800 0.068200 0.028600 0.068000 0.057400 0.038400 0.076900 0.047400 0.057000 0.067800 0.077800 0.078100 0.058400 0.028500 0.067800 0.077900 0.037900 0.058600 0.057400 0.089100 0.076900 0.018900 0.100400 0.000000 0.067800 0.057300 0.123400 0.087200 0.047800 0.038300 0.057400 0.046800 0.098500 0.069300 0.038400 0.078100 0.068000 0.058900 0.038300 0.077900 0.088400 0.077700 0.097500 0.058300 0.018900 0.018800
MuntiacusR 0.067800 0.196500 0.047800 0.069700 0.119000 0.067400 0.078000 0.078900 0.058700 0.000000 0.067800 0.048500 0.087500 0.057500 0.067300 0.078400 0.047600 0.048200 0.068900 0.058900 0.078400 0.088700 0.028500 0.038800 0.067800 0.100200 0.087500 0.048400 0.111300 0.067800 0.000000 0.067600 0.091200 0.098000 0.057800 0.048500 0.067800 0.097700 0.109700 0.059400 0.028800 0.087800 0.000000 0.039000 0.048500 0.088600 0.099400 0.088400 0.087700 0.048600 0.048400 0.048400
HarveysDui 0.037600 0.231300 0.038100 0.100100 0.066400 0.037600 0.047000 0.028300 0.048100 0.067600 0.037600 0.038100 0.056700 0.009200 0.037300 0.028200 0.077300 0.077600 0.038300 0.048200 0.028200 0.057500 0.038200 0.058300 0.037600 0.048000 0.056700 0.038100 0.058200 0.057300 0.067600 0.000000 0.122600 0.066700 0.028100 0.038100 0.037600 0.046800 0.077500 0.068900 0.038200 0.037900 0.067600 0.058500 0.038100 0.037800 0.047600 0.057300 0.056700 0.057800 0.038100 0.038100
Pronghorn 0.101100 0.228700 0.102500 0.104200 0.155200 0.101100 0.112000 0.113200 0.113900 0.091200 0.101100 0.081100 0.121600 0.111500 0.121800 0.112600 0.101300 0.080400 0.103000 0.092500 0.112600 0.101700 0.081200 0.092500 0.101100 0.113900 0.121600 0.102500 0.148300 0.123400 0.091200 0.122600 0.000000 0.133100 0.090500 0.079900 0.101100 0.155200 0.145800 0.115600 0.081200 0.124000 0.091200 0.093000 0.079900 0.123600 0.112900 0.145600 0.144300 0.102900 0.102500 0.101300
BlueWildeb 0.065900 0.216500 0.067600 0.110600 0.076200 0.066800 0.076800 0.057600 0.078000 0.098000 0.066800 0.067400 0.009100 0.056700 0.066300 0.057200 0.107800 0.087200 0.066300 0.078300 0.057300 0.046800 0.067500 0.088700 0.066800 0.078000 0.009100 0.067600 0.078300 0.087200 0.098000 0.066700 0.133100 0.000000 0.037600 0.067700 0.066800 0.077000 0.066900 0.099900 0.067800 0.067300 0.098000 0.089100 0.067700 0.087300 0.077400 0.066600 0.086200 0.088200 0.067600 0.067600
Gemsbok 0.028200 0.194300 0.028500 0.069200 0.057100 0.027900 0.037800 0.018900 0.038400 0.057800 0.027900 0.028600 0.027700 0.018600 0.028000 0.018800 0.066700 0.047500 0.028700 0.038600 0.018800 0.028400 0.028600 0.048400 0.028200 0.038300 0.027900 0.028500 0.048400 0.047800 0.057800 0.028100 0.090500 0.037600 0.000000 0.028100 0.028000 0.056800 0.047700 0.059000 0.028200 0.028400 0.057800 0.048700 0.028500 0.047700 0.038100 0.047700 0.066900 0.048200 0.028500 0.028500
Yak 0.038200 0.210100 0.018800 0.080600 0.087800 0.038200 0.068100 0.048600 0.029000 0.048500 0.037500 0.018800 0.057500 0.028400 0.037900 0.047700 0.058200 0.057900 0.038900 0.029100 0.048300 0.058300 0.018900 0.039000 0.038200 0.069200 0.057500 0.019100 0.079800 0.038300 0.048500 0.038100 0.079900 0.067700 0.028100 0.000000 0.038200 0.067400 0.078600 0.049400 0.018900 0.058700 0.048500 0.039200 0.000000 0.058200 0.068600 0.058100 0.077800 0.038800 0.018900 0.018900
BlueSheep 0.000000 0.181800 0.038200 0.100600 0.086700 0.000000 0.067200 0.048000 0.048000 0.067800 0.000000 0.018900 0.056800 0.028000 0.037500 0.047700 0.077400 0.077800 0.018700 0.028700 0.047700 0.018700 0.038200 0.058400 0.000000 0.048200 0.056500 0.038200 0.078800 0.057400 0.067800 0.037600 0.101100 0.066800 0.028000 0.038200 0.000000 0.066500 0.077700 0.069100 0.038200 0.057700 0.067800 0.058700 0.038200 0.037900 0.047700 0.057400 0.076800 0.058100 0.038200 0.038200
BohorReedb 0.066600 0.268000 0.047700 0.132000 0.018300 0.066500 0.076500 0.057300 0.057500 0.097700 0.066500 0.067400 0.066100 0.037200 0.066100 0.056500 0.107500 0.107900 0.067600 0.057000 0.057000 0.087100 0.066700 0.088400 0.066300 0.077600 0.066100 0.047500 0.088100 0.046800 0.097700 0.046800 0.155200 0.077000 0.056800 0.067400 0.066500 0.000000 0.107700 0.099400 0.067500 0.067000 0.097700 0.088800 0.067400 0.066800 0.077000 0.086900 0.086000 0.087900 0.047500 0.047500
KirksDik 0.077700 0.231800 0.078600 0.122800 0.107800 0.077700 0.087800 0.048100 0.089300 0.109700 0.077700 0.078700 0.056900 0.067300 0.077100 0.047800 0.119600 0.098900 0.079000 0.089600 0.047800 0.078100 0.078300 0.100200 0.077700 0.068400 0.055700 0.078600 0.068700 0.098500 0.109700 0.077500 0.145800 0.066900 0.047700 0.078600 0.077700 0.107700 0.000000 0.111800 0.078700 0.057900 0.109700 0.100400 0.078600 0.098700 0.067900 0.077700 0.077000 0.099700 0.078600 0.078600
RoeDeer 0.069100 0.200800 0.049400 0.071300 0.121100 0.069100 0.079500 0.080400 0.039500 0.059400 0.069100 0.049500 0.089100 0.058600 0.068500 0.080000 0.069300 0.069700 0.070400 0.060200 0.079900 0.090600 0.029100 0.028700 0.069100 0.102400 0.089100 0.048300 0.113700 0.069300 0.059400 0.068900 0.115600 0.099900 0.059000 0.049400 0.069100 0.099400 0.111800 0.000000 0.029400 0.090800 0.059400 0.029300 0.049400 0.090300 0.101400 0.068600 0.089000 0.049500 0.049400 0.048900
WhiteLippe 0.038200 0.185700 0.019100 0.059800 0.087900 0.038200 0.048100 0.048700 0.028700 0.028800 0.038200 0.019000 0.057600 0.028400 0.038000 0.047800 0.038400 0.038600 0.038000 0.029100 0.048400 0.058400 0.000000 0.019300 0.038200 0.069300 0.057600 0.019200 0.079900 0.038400 0.028800 0.038200 0.081200 0.067800 0.028200 0.018900 0.038200 0.067500 0.078700 0.029400 0.000000 0.058600 0.028800 0.019300 0.019200 0.058300 0.068700 0.058200 0.057700 0.019200 0.018900 0.019200
ThomsonGaz 0.057500 0.208300 0.058400 0.101500 0.067000 0.057700 0.047800 0.009400 0.068900 0.089500 0.057700 0.057600 0.057200 0.028200 0.057300 0.009400 0.098800 0.078400 0.058700 0.069100 0.009400 0.057200 0.058600 0.079500 0.057700 0.009500 0.056800 0.057800 0.038100 0.078100 0.087800 0.037900 0.124000 0.067300 0.028400 0.058700 0.057700 0.067000 0.057900 0.090800 0.058600 0.000000 0.089000 0.078800 0.058300 0.057900 0.028500 0.078100 0.077300 0.079100 0.058400 0.058400
MuntiacusC 0.067800 0.196500 0.047700 0.069700 0.118800 0.067800 0.078000 0.078900 0.058800 0.000000 0.067800 0.048300 0.086100 0.057500 0.067300 0.078300 0.048000 0.048200 0.068900 0.058900 0.078400 0.088700 0.028800 0.038800 0.067800 0.100200 0.087900 0.047900 0.111300 0.068000 0.000000 0.067600 0.091200 0.098000 0.057800 0.048500 0.067800 0.097700 0.109700 0.059400 0.028800 0.089000 0.000000 0.039000 0.048500 0.088600 0.099400 0.088400 0.087700 0.048600 0.048400 0.048400
WhiteTaile 0.058700 0.187400 0.039200 0.071000 0.110000 0.058700 0.069000 0.069700 0.049400 0.039000 0.058700 0.038600 0.078500 0.048400 0.058200 0.069300 0.048800 0.047900 0.059700 0.049700 0.069300 0.079700 0.019000 0.009500 0.058700 0.091200 0.078500 0.039200 0.102300 0.058900 0.039000 0.058500 0.093000 0.089100 0.048700 0.039200 0.058700 0.088800 0.100400 0.029300 0.019300 0.078800 0.039000 0.000000 0.039200 0.079600 0.090400 0.079400 0.078700 0.039300 0.039200 0.039200
Cattle 0.038200 0.210100 0.018900 0.080600 0.087800 0.038200 0.068100 0.048600 0.028500 0.048500 0.038200 0.019200 0.057900 0.028400 0.037900 0.048300 0.058200 0.058400 0.038900 0.029100 0.048300 0.058300 0.019000 0.039000 0.038200 0.069200 0.057500 0.019100 0.079800 0.038300 0.048500 0.038100 0.079900 0.067700 0.028500 0.000000 0.038200 0.067400 0.078600 0.049400 0.019200 0.058300 0.048500 0.039200 0.000000 0.058200 0.068600 0.058100 0.077800 0.038800 0.019100 0.019100
RoyalAntel 0.037900 0.233400 0.058200 0.122900 0.087000 0.037900 0.067500 0.048100 0.068500 0.088600 0.037900 0.037900 0.076200 0.028100 0.057100 0.047800 0.098500 0.098900 0.038500 0.048200 0.047900 0.057800 0.058300 0.079200 0.037900 0.047800 0.077000 0.058200 0.079000 0.077900 0.088600 0.037800 0.123600 0.087300 0.047700 0.058200 0.037900 0.066800 0.098700 0.090300 0.058300 0.057900 0.088600 0.079600 0.058200 0.000000 0.048000 0.077800 0.077100 0.078800 0.058200 0.058200
Steenbok 0.047800 0.221100 0.068500 0.112300 0.076000 0.047800 0.057600 0.019000 0.079100 0.099400 0.047800 0.048500 0.067100 0.037800 0.067200 0.018800 0.109300 0.088700 0.048600 0.058700 0.018800 0.048100 0.068700 0.090000 0.047800 0.019100 0.067100 0.068500 0.048600 0.088400 0.099400 0.047600 0.112900 0.077400 0.038100 0.068600 0.047700 0.077000 0.067900 0.101400 0.068700 0.028500 0.099400 0.090400 0.068600 0.048000 0.000000 0.088400 0.087500 0.089500 0.068500 0.068600
Impala 0.057400 0.205600 0.058100 0.089900 0.107600 0.057400 0.087700 0.068200 0.068400 0.088400 0.057400 0.058200 0.056800 0.047400 0.057000 0.067800 0.098200 0.098700 0.058400 0.068700 0.067800 0.078000 0.058200 0.079000 0.057400 0.089100 0.056800 0.058100 0.089500 0.077700 0.088400 0.057300 0.145600 0.066600 0.047700 0.058100 0.057400 0.086900 0.077700 0.068600 0.058200 0.078100 0.088400 0.079400 0.058100 0.077800 0.088400 0.000000 0.076800 0.078600 0.058100 0.058100
Klipspring 0.076600 0.229300 0.077700 0.121400 0.106500 0.076800 0.047200 0.067500 0.088200 0.087700 0.077100 0.077800 0.076500 0.046900 0.076300 0.067100 0.097500 0.096800 0.078100 0.088200 0.067100 0.097700 0.056700 0.078400 0.076300 0.088100 0.076000 0.077700 0.068100 0.097500 0.087700 0.056700 0.144300 0.086200 0.066900 0.077800 0.076800 0.086000 0.077000 0.089000 0.057700 0.077300 0.087700 0.078700 0.077800 0.077100 0.087500 0.076800 0.000000 0.078000 0.077700 0.077700
ForestMusk 0.058100 0.186100 0.038800 0.080500 0.108900 0.058100 0.068100 0.068800 0.048900 0.048600 0.058100 0.038800 0.077800 0.047800 0.057500 0.068600 0.058400 0.058600 0.059100 0.049100 0.068600 0.078800 0.019200 0.039100 0.058100 0.090200 0.077800 0.038800 0.101200 0.058300 0.048600 0.057800 0.102900 0.088200 0.048200 0.038800 0.058100 0.087900 0.099700 0.049500 0.019200 0.079100 0.048600 0.039300 0.038800 0.078800 0.089500 0.078600 0.078000 0.000000 0.038800 0.038800
Bushbuck 0.038200 0.209800 0.000000 0.080600 0.066800 0.038200 0.068000 0.048600 0.009500 0.048400 0.037600 0.019100 0.057400 0.028300 0.037900 0.048300 0.058100 0.058400 0.038800 0.009500 0.048300 0.058300 0.019200 0.039000 0.038000 0.069100 0.056800 0.000000 0.079000 0.018900 0.048400 0.038100 0.102500 0.067600 0.028500 0.018900 0.038200 0.047500 0.078600 0.049400 0.018900 0.058400 0.048400 0.039200 0.019100 0.058200 0.068500 0.058100 0.077700 0.038800 0.000000 0.000000
GreaterKud 0.037600 0.209800 0.000000 0.080600 0.067300 0.038200 0.068000 0.048600 0.009500 0.048500 0.037600 0.019000 0.057400 0.028300 0.037900 0.048300 0.057200 0.057300 0.038800 0.009600 0.048300 0.058300 0.019200 0.038300 0.038200 0.069100 0.057400 0.000000 0.079800 0.018800 0.048400 0.038100 0.101300 0.067600 0.028500 0.018900 0.038200 0.047500 0.078600 0.048900 0.019200 0.058400 0.048400 0.039200 0.019100 0.058200 0.068600 0.058100 0.077700 0.038800 0.000000 0.000000
