CODONML (in paml version 4.10.7, June 2023)  /home/rachel/ruminants_paml/6406-phy-tree/ENSBTAT00000022772.fasta.phy
Model: free dN/dS Ratios for branches,  kappa = 2.000 fixed

Codon frequency model: F3x4
ns =  54  ls =  53

Codon usage in sequences
--------------------------------------------------------------------------------------------------------------------------------------
Phe TTT   0   0   0   0   0   0 | Ser TCT   1   0   0   0   1   2 | Tyr TAT   0   1   0   0   1   0 | Cys TGT   0   0   0   0   0   1
    TTC   3   3   3   3   3   3 |     TCC   0   1   1   1   0   0 |     TAC   1   0   1   1   0   1 |     TGC   2   2   2   2   2   1
Leu TTA   1   1   1   0   0   1 |     TCA   0   0   0   0   0   0 | *** TAA   0   0   0   0   0   0 | *** TGA   0   0   0   0   0   0
    TTG   0   0   0   1   0   0 |     TCG   0   0   0   0   0   0 |     TAG   0   0   0   0   0   0 | Trp TGG   0   0   0   0   0   0
--------------------------------------------------------------------------------------------------------------------------------------
Leu CTT   1   1   1   1   1   2 | Pro CCT   2   2   2   1   1   2 | His CAT   2   1   2   2   2   2 | Arg CGT   0   0   0   0   0   0
    CTC   0   0   0   0   0   0 |     CCC   1   1   1   2   2   0 |     CAC   1   1   1   1   0   0 |     CGC   0   0   0   0   0   0
    CTA   0   1   1   1   1   0 |     CCA   2   2   3   1   1   1 | Gln CAA   2   1   2   2   3   3 |     CGA   0   0   0   0   0   0
    CTG   2   1   1   1   2   2 |     CCG   1   0   0   1   1   1 |     CAG   2   4   2   2   2   1 |     CGG   0   0   0   0   0   0
--------------------------------------------------------------------------------------------------------------------------------------
Ile ATT   1   1   1   1   0   2 | Thr ACT   0   0   0   0   1   1 | Asn AAT   1   2   1   1   0   0 | Ser AGT   0   0   0   0   0   0
    ATC   2   3   2   2   4   2 |     ACC   0   0   0   0   1   0 |     AAC   1   1   1   1   1   1 |     AGC   0   0   0   0   0   0
    ATA   2   1   2   2   0   0 |     ACA   2   2   2   2   1   2 | Lys AAA   0   0   0   0   0   0 | Arg AGA   1   1   1   1   0   1
Met ATG   1   1   1   1   1   1 |     ACG   0   0   0   0   0   0 |     AAG   3   3   3   3   3   3 |     AGG   0   0   0   0   1   0
--------------------------------------------------------------------------------------------------------------------------------------
Val GTT   2   2   2   2   0   2 | Ala GCT   1   2   1   1   2   2 | Asp GAT   2   2   2   1   2   2 | Gly GGT   1   1   2   2   0   1
    GTC   0   0   0   0   1   0 |     GCC   0   0   0   1   1   0 |     GAC   3   2   3   4   2   2 |     GGC   0   0   0   0   1   1
    GTA   1   0   1   1   2   2 |     GCA   0   1   0   0   0   1 | Glu GAA   1   2   1   1   0   1 |     GGA   1   1   1   1   2   1
    GTG   1   1   1   1   1   0 |     GCG   0   0   0   0   0   0 |     GAG   1   1   1   1   2   1 |     GGG   1   0   0   0   1   1
--------------------------------------------------------------------------------------------------------------------------------------

--------------------------------------------------------------------------------------------------------------------------------------
Phe TTT   0   0   0   0   0   0 | Ser TCT   0   1   0   0   0   1 | Tyr TAT   0   0   0   0   0   0 | Cys TGT   0   0   0   0   0   0
    TTC   3   3   3   3   3   3 |     TCC   1   0   1   1   2   1 |     TAC   1   1   1   1   1   1 |     TGC   2   2   2   2   2   2
Leu TTA   1   1   1   1   1   0 |     TCA   0   0   0   0   0   0 | *** TAA   0   0   0   0   0   0 | *** TGA   0   0   0   0   0   0
    TTG   0   0   0   0   0   1 |     TCG   0   0   0   0   0   0 |     TAG   0   0   0   0   0   0 | Trp TGG   0   0   0   0   0   0
--------------------------------------------------------------------------------------------------------------------------------------
Leu CTT   1   1   1   1   1   1 | Pro CCT   2   2   2   2   2   1 | His CAT   2   2   2   1   2   2 | Arg CGT   0   0   0   0   0   0
    CTC   0   0   0   0   0   1 |     CCC   1   1   1   1   0   1 |     CAC   1   1   1   2   1   1 |     CGC   0   0   0   0   0   0
    CTA   1   0   1   1   1   0 |     CCA   2   2   1   1   3   1 | Gln CAA   2   2   2   2   2   2 |     CGA   0   0   0   0   0   0
    CTG   1   2   1   1   1   1 |     CCG   1   1   2   2   0   1 |     CAG   2   2   2   2   2   2 |     CGG   0   0   0   0   0   0
--------------------------------------------------------------------------------------------------------------------------------------
Ile ATT   1   1   1   1   1   0 | Thr ACT   0   0   0   0   0   0 | Asn AAT   0   1   1   1   0   0 | Ser AGT   0   0   0   0   1   0
    ATC   2   2   2   3   2   3 |     ACC   0   0   0   0   0   0 |     AAC   1   1   1   1   1   2 |     AGC   0   0   0   0   0   0
    ATA   2   2   2   1   2   2 |     ACA   2   2   2   2   2   2 | Lys AAA   0   0   0   0   0   0 | Arg AGA   1   1   1   1   1   1
Met ATG   1   1   1   1   1   1 |     ACG   0   0   0   0   0   0 |     AAG   4   3   3   3   3   3 |     AGG   0   0   0   0   0   0
--------------------------------------------------------------------------------------------------------------------------------------
Val GTT   2   2   2   2   2   1 | Ala GCT   1   1   1   1   1   1 | Asp GAT   2   2   2   1   2   2 | Gly GGT   1   1   1   1   2   0
    GTC   0   0   0   0   0   1 |     GCC   0   0   0   0   0   0 |     GAC   3   3   3   4   3   2 |     GGC   0   0   0   0   0   2
    GTA   1   1   1   1   1   1 |     GCA   0   0   0   0   0   1 | Glu GAA   1   1   1   1   1   0 |     GGA   1   1   1   1   1   2
    GTG   1   1   1   1   1   1 |     GCG   0   0   0   0   0   0 |     GAG   1   1   1   1   1   2 |     GGG   1   1   1   1   0   0
--------------------------------------------------------------------------------------------------------------------------------------

--------------------------------------------------------------------------------------------------------------------------------------
Phe TTT   0   0   0   0   0   0 | Ser TCT   0   0   0   0   0   0 | Tyr TAT   0   0   0   0   0   0 | Cys TGT   0   0   0   0   0   0
    TTC   3   3   3   3   3   3 |     TCC   1   1   1   1   1   1 |     TAC   1   1   1   1   1   1 |     TGC   2   2   2   2   2   2
Leu TTA   1   1   1   1   0   1 |     TCA   0   0   0   0   0   0 | *** TAA   0   0   0   0   0   0 | *** TGA   0   0   0   0   0   0
    TTG   0   0   0   0   1   0 |     TCG   0   0   0   0   0   0 |     TAG   0   0   0   0   0   0 | Trp TGG   0   0   0   0   0   0
--------------------------------------------------------------------------------------------------------------------------------------
Leu CTT   1   1   1   1   1   1 | Pro CCT   2   2   2   2   2   1 | His CAT   2   2   2   2   2   1 | Arg CGT   0   0   0   0   0   0
    CTC   0   0   0   0   0   0 |     CCC   1   1   1   1   1   2 |     CAC   1   1   1   1   1   2 |     CGC   0   0   0   0   0   0
    CTA   0   1   1   1   1   1 |     CCA   2   2   2   1   3   2 | Gln CAA   2   2   2   2   2   2 |     CGA   0   0   0   0   0   0
    CTG   2   1   1   1   1   1 |     CCG   1   1   1   2   0   1 |     CAG   2   2   2   2   2   2 |     CGG   0   0   0   0   0   0
--------------------------------------------------------------------------------------------------------------------------------------
Ile ATT   1   1   1   1   1   1 | Thr ACT   0   0   0   0   0   0 | Asn AAT   1   1   1   1   1   1 | Ser AGT   0   0   0   0   0   0
    ATC   2   2   2   2   2   2 |     ACC   0   0   0   0   0   0 |     AAC   1   1   1   1   1   1 |     AGC   0   0   0   0   0   0
    ATA   2   2   2   2   2   2 |     ACA   2   2   2   2   2   2 | Lys AAA   0   0   0   0   0   0 | Arg AGA   1   1   1   1   1   1
Met ATG   1   1   1   1   1   1 |     ACG   0   0   0   0   0   0 |     AAG   3   3   3   3   3   3 |     AGG   0   0   0   0   0   0
--------------------------------------------------------------------------------------------------------------------------------------
Val GTT   2   2   2   2   2   2 | Ala GCT   1   1   1   1   1   1 | Asp GAT   2   2   2   2   1   1 | Gly GGT   1   2   0   1   1   1
    GTC   0   0   0   0   0   0 |     GCC   0   0   0   0   0   0 |     GAC   3   3   3   3   3   4 |     GGC   0   0   1   0   0   0
    GTA   1   1   0   1   1   1 |     GCA   0   0   1   0   0   0 | Glu GAA   1   1   1   1   1   1 |     GGA   1   1   1   1   1   1
    GTG   1   1   1   0   1   1 |     GCG   0   0   0   1   0   0 |     GAG   1   1   1   1   2   1 |     GGG   1   0   1   1   1   1
--------------------------------------------------------------------------------------------------------------------------------------

--------------------------------------------------------------------------------------------------------------------------------------
Phe TTT   0   0   0   0   0   1 | Ser TCT   0   0   0   0   0   0 | Tyr TAT   0   0   0   0   0   0 | Cys TGT   0   0   0   0   0   0
    TTC   3   3   3   3   3   2 |     TCC   1   1   1   1   1   1 |     TAC   1   1   1   1   1   1 |     TGC   2   2   2   2   2   2
Leu TTA   1   1   1   1   1   1 |     TCA   0   0   0   0   0   0 | *** TAA   0   0   0   0   0   0 | *** TGA   0   0   0   0   0   0
    TTG   0   0   0   0   0   0 |     TCG   0   0   0   0   0   0 |     TAG   0   0   0   0   0   0 | Trp TGG   0   0   0   0   0   0
--------------------------------------------------------------------------------------------------------------------------------------
Leu CTT   1   1   1   1   1   1 | Pro CCT   2   2   2   2   2   2 | His CAT   2   2   2   2   2   2 | Arg CGT   0   0   0   0   0   0
    CTC   0   0   0   0   0   0 |     CCC   1   1   1   1   1   1 |     CAC   1   1   1   1   1   1 |     CGC   0   0   0   0   0   0
    CTA   1   1   1   1   1   0 |     CCA   1   1   2   3   1   2 | Gln CAA   2   2   2   2   2   2 |     CGA   0   1   0   0   0   0
    CTG   1   1   1   1   1   2 |     CCG   1   1   1   0   2   1 |     CAG   2   2   2   2   2   2 |     CGG   0   0   0   0   0   0
--------------------------------------------------------------------------------------------------------------------------------------
Ile ATT   1   0   1   1   1   1 | Thr ACT   0   0   0   0   0   0 | Asn AAT   1   1   1   1   1   2 | Ser AGT   0   0   0   0   0   0
    ATC   2   3   2   2   2   2 |     ACC   0   0   0   0   0   0 |     AAC   1   1   1   1   1   1 |     AGC   0   0   0   0   0   0
    ATA   2   2   2   2   2   2 |     ACA   2   2   2   2   2   2 | Lys AAA   0   0   1   0   0   0 | Arg AGA   1   0   1   1   1   1
Met ATG   1   1   1   1   1   1 |     ACG   0   0   0   0   0   0 |     AAG   3   3   2   3   3   3 |     AGG   0   0   0   0   0   0
--------------------------------------------------------------------------------------------------------------------------------------
Val GTT   2   2   2   2   2   2 | Ala GCT   1   1   1   1   1   1 | Asp GAT   2   2   2   2   1   1 | Gly GGT   2   2   1   2   1   1
    GTC   0   0   0   0   0   0 |     GCC   0   0   0   0   0   0 |     GAC   3   3   3   3   4   3 |     GGC   0   0   0   0   0   0
    GTA   1   1   1   1   1   1 |     GCA   1   1   0   0   0   0 | Glu GAA   1   1   1   1   1   1 |     GGA   1   1   1   1   1   1
    GTG   1   1   1   1   1   1 |     GCG   0   0   0   0   0   0 |     GAG   1   1   1   1   1   1 |     GGG   0   0   1   0   1   1
--------------------------------------------------------------------------------------------------------------------------------------

--------------------------------------------------------------------------------------------------------------------------------------
Phe TTT   0   0   0   0   0   0 | Ser TCT   1   1   0   0   0   1 | Tyr TAT   0   0   0   1   0   0 | Cys TGT   0   0   0   0   0   0
    TTC   3   3   3   3   3   3 |     TCC   1   0   1   1   1   0 |     TAC   1   1   1   0   1   1 |     TGC   2   2   2   2   2   2
Leu TTA   0   0   1   1   1   1 |     TCA   0   0   0   0   0   0 | *** TAA   0   0   0   0   0   0 | *** TGA   0   0   0   0   0   0
    TTG   1   1   0   0   0   0 |     TCG   0   0   0   0   0   0 |     TAG   0   0   0   0   0   0 | Trp TGG   0   0   0   0   0   0
--------------------------------------------------------------------------------------------------------------------------------------
Leu CTT   1   2   1   1   1   1 | Pro CCT   1   2   2   1   2   2 | His CAT   2   2   2   1   2   2 | Arg CGT   0   0   0   0   0   0
    CTC   1   0   0   0   0   0 |     CCC   1   1   1   2   1   1 |     CAC   1   1   1   2   1   1 |     CGC   0   0   0   0   0   0
    CTA   0   0   0   1   1   1 |     CCA   0   1   2   1   2   3 | Gln CAA   2   2   2   2   2   2 |     CGA   0   0   0   0   0   0
    CTG   1   1   2   1   1   1 |     CCG   2   1   1   2   1   0 |     CAG   2   2   2   2   2   2 |     CGG   0   0   0   0   0   0
--------------------------------------------------------------------------------------------------------------------------------------
Ile ATT   0   1   1   1   1   1 | Thr ACT   0   1   0   0   0   0 | Asn AAT   0   0   1   1   1   1 | Ser AGT   0   0   0   0   0   0
    ATC   3   2   2   2   2   2 |     ACC   0   0   0   0   0   0 |     AAC   1   1   1   1   1   1 |     AGC   1   1   0   0   0   0
    ATA   1   2   2   2   2   2 |     ACA   2   1   2   2   2   2 | Lys AAA   0   0   0   0   0   0 | Arg AGA   1   1   1   1   1   1
Met ATG   1   1   1   1   1   1 |     ACG   0   0   0   0   0   0 |     AAG   3   3   3   3   3   3 |     AGG   0   0   0   0   0   0
--------------------------------------------------------------------------------------------------------------------------------------
Val GTT   1   1   2   2   2   2 | Ala GCT   1   1   1   1   1   1 | Asp GAT   2   2   2   1   2   2 | Gly GGT   1   1   1   1   0   2
    GTC   2   0   0   0   0   0 |     GCC   0   0   0   0   0   0 |     GAC   2   3   3   4   3   3 |     GGC   1   0   0   0   1   0
    GTA   1   1   1   1   0   1 |     GCA   1   1   0   0   1   0 | Glu GAA   0   0   1   1   1   1 |     GGA   2   2   1   1   1   1
    GTG   1   2   1   1   1   1 |     GCG   0   0   0   0   0   0 |     GAG   2   2   1   1   1   1 |     GGG   0   0   1   1   1   0
--------------------------------------------------------------------------------------------------------------------------------------

--------------------------------------------------------------------------------------------------------------------------------------
Phe TTT   0   0   0   0   0   0 | Ser TCT   0   0   1   0   0   0 | Tyr TAT   0   0   0   0   0   0 | Cys TGT   0   0   0   0   0   0
    TTC   3   3   3   3   3   3 |     TCC   1   1   1   1   1   1 |     TAC   1   1   1   1   1   1 |     TGC   2   2   2   2   2   2
Leu TTA   1   1   0   1   1   1 |     TCA   0   0   0   0   0   0 | *** TAA   0   0   0   0   0   0 | *** TGA   0   0   0   0   0   0
    TTG   0   0   1   0   0   0 |     TCG   0   0   0   0   0   0 |     TAG   0   0   0   0   0   0 | Trp TGG   0   0   0   0   0   0
--------------------------------------------------------------------------------------------------------------------------------------
Leu CTT   1   1   1   1   0   1 | Pro CCT   1   2   1   2   2   2 | His CAT   1   2   2   2   2   2 | Arg CGT   0   0   0   0   0   0
    CTC   0   0   1   0   0   0 |     CCC   2   1   1   1   1   1 |     CAC   2   1   1   1   1   1 |     CGC   0   0   0   0   0   0
    CTA   1   1   0   1   1   1 |     CCA   1   3   1   1   1   2 | Gln CAA   2   2   2   2   2   2 |     CGA   0   0   0   0   0   0
    CTG   1   1   1   1   0   1 |     CCG   2   0   1   2   1   1 |     CAG   2   2   2   2   2   2 |     CGG   0   0   0   0   1   0
--------------------------------------------------------------------------------------------------------------------------------------
Ile ATT   1   1   0   1   3   1 | Thr ACT   0   0   0   0   0   0 | Asn AAT   1   1   0   1   0   1 | Ser AGT   0   0   0   0   0   0
    ATC   2   2   3   2   2   2 |     ACC   0   0   0   0   0   0 |     AAC   1   1   2   1   1   1 |     AGC   0   0   0   0   1   0
    ATA   2   2   2   2   2   2 |     ACA   2   2   2   2   2   2 | Lys AAA   0   0   0   0   0   0 | Arg AGA   1   1   1   1   1   1
Met ATG   1   1   1   1   1   1 |     ACG   0   0   0   0   0   0 |     AAG   3   3   3   3   3   3 |     AGG   0   0   0   0   0   0
--------------------------------------------------------------------------------------------------------------------------------------
Val GTT   2   2   1   2   0   2 | Ala GCT   1   1   1   1   1   1 | Asp GAT   1   1   2   2   1   2 | Gly GGT   1   2   0   1   2   0
    GTC   0   0   1   0   1   0 |     GCC   0   0   0   0   0   0 |     GAC   4   4   2   3   3   3 |     GGC   0   0   2   0   1   1
    GTA   1   1   1   1   1   0 |     GCA   0   0   1   0   1   1 | Glu GAA   1   1   0   1   1   1 |     GGA   1   1   2   1   1   1
    GTG   1   1   1   1   1   1 |     GCG   0   0   0   0   0   0 |     GAG   1   1   2   1   1   1 |     GGG   1   0   0   1   0   1
--------------------------------------------------------------------------------------------------------------------------------------

--------------------------------------------------------------------------------------------------------------------------------------
Phe TTT   0   0   0   0   0   0 | Ser TCT   0   0   0   0   0   0 | Tyr TAT   0   0   0   0   0   0 | Cys TGT   0   0   0   0   0   0
    TTC   3   3   3   3   3   3 |     TCC   1   1   1   1   1   1 |     TAC   1   1   1   1   1   1 |     TGC   2   2   2   2   2   2
Leu TTA   1   1   1   1   1   0 |     TCA   0   0   0   0   0   0 | *** TAA   0   0   0   0   0   0 | *** TGA   0   0   0   0   0   0
    TTG   0   0   0   0   0   1 |     TCG   0   0   0   0   0   0 |     TAG   0   0   0   0   0   0 | Trp TGG   0   0   0   0   0   0
--------------------------------------------------------------------------------------------------------------------------------------
Leu CTT   0   1   1   0   0   2 | Pro CCT   2   2   2   2   2   2 | His CAT   2   2   2   2   2   2 | Arg CGT   0   0   0   0   0   0
    CTC   0   0   0   1   1   0 |     CCC   1   1   1   1   1   1 |     CAC   1   1   1   1   1   1 |     CGC   0   0   0   0   0   0
    CTA   1   1   0   1   1   0 |     CCA   2   2   2   2   1   1 | Gln CAA   2   2   2   2   2   2 |     CGA   0   0   0   0   0   0
    CTG   1   1   2   1   1   1 |     CCG   1   1   1   1   2   1 |     CAG   2   2   2   2   2   2 |     CGG   0   0   0   0   0   0
--------------------------------------------------------------------------------------------------------------------------------------
Ile ATT   2   1   1   1   1   1 | Thr ACT   0   0   0   0   0   0 | Asn AAT   1   0   1   0   1   0 | Ser AGT   0   0   0   0   0   0
    ATC   2   2   2   2   2   2 |     ACC   0   0   0   0   0   0 |     AAC   1   2   1   1   1   1 |     AGC   0   0   0   0   0   1
    ATA   2   2   2   2   2   2 |     ACA   1   2   2   2   1   2 | Lys AAA   0   0   0   0   0   0 | Arg AGA   1   1   1   1   1   1
Met ATG   1   1   1   1   1   1 |     ACG   1   0   0   0   1   0 |     AAG   3   3   3   4   3   3 |     AGG   0   0   0   0   0   0
--------------------------------------------------------------------------------------------------------------------------------------
Val GTT   2   2   2   2   0   2 | Ala GCT   1   1   1   1   1   1 | Asp GAT   2   2   2   2   1   2 | Gly GGT   0   2   1   1   0   1
    GTC   0   0   0   0   1   0 |     GCC   0   0   0   0   0   0 |     GAC   3   3   3   2   4   3 |     GGC   0   0   0   1   1   0
    GTA   0   1   1   1   1   1 |     GCA   1   0   0   0   0   1 | Glu GAA   1   1   1   1   1   0 |     GGA   1   1   1   1   0   2
    GTG   1   1   1   1   2   1 |     GCG   0   0   0   0   0   0 |     GAG   1   1   1   1   1   2 |     GGG   2   0   1   1   2   0
--------------------------------------------------------------------------------------------------------------------------------------

--------------------------------------------------------------------------------------------------------------------------------------
Phe TTT   0   0   0   0   0   0 | Ser TCT   1   0   1   0   0   0 | Tyr TAT   0   0   0   0   0   1 | Cys TGT   0   0   0   0   0   0
    TTC   3   3   3   3   3   3 |     TCC   1   1   1   1   1   1 |     TAC   1   1   1   1   1   0 |     TGC   2   2   2   2   2   2
Leu TTA   0   1   0   0   1   1 |     TCA   0   0   0   0   0   0 | *** TAA   0   0   0   0   0   0 | *** TGA   0   0   0   0   0   0
    TTG   1   0   1   1   0   0 |     TCG   0   0   0   0   0   0 |     TAG   0   0   0   0   0   0 | Trp TGG   0   0   0   0   0   0
--------------------------------------------------------------------------------------------------------------------------------------
Leu CTT   1   1   1   2   1   1 | Pro CCT   1   1   1   1   2   2 | His CAT   2   1   2   2   2   1 | Arg CGT   0   0   0   0   0   0
    CTC   1   0   1   0   0   0 |     CCC   1   2   1   2   1   1 |     CAC   2   2   1   1   1   2 |     CGC   0   0   0   0   0   0
    CTA   0   1   0   0   1   2 |     CCA   0   2   1   1   3   2 | Gln CAA   1   2   2   2   2   2 |     CGA   0   0   0   0   0   0
    CTG   1   1   1   1   1   1 |     CCG   2   1   1   1   0   1 |     CAG   2   2   2   2   2   2 |     CGG   0   0   0   0   0   0
--------------------------------------------------------------------------------------------------------------------------------------
Ile ATT   0   1   0   1   1   1 | Thr ACT   0   0   0   1   0   0 | Asn AAT   0   1   0   0   0   1 | Ser AGT   0   0   0   0   0   0
    ATC   3   2   3   2   2   2 |     ACC   0   0   0   0   0   0 |     AAC   1   1   2   1   2   1 |     AGC   1   0   0   0   0   0
    ATA   1   2   2   2   2   2 |     ACA   2   2   2   1   2   1 | Lys AAA   0   0   0   0   0   0 | Arg AGA   1   1   1   1   1   1
Met ATG   1   1   1   1   1   1 |     ACG   0   0   0   0   0   0 |     AAG   3   3   3   3   3   3 |     AGG   0   0   0   1   0   0
--------------------------------------------------------------------------------------------------------------------------------------
Val GTT   1   2   1   1   2   2 | Ala GCT   1   1   1   1   1   1 | Asp GAT   2   1   2   2   2   2 | Gly GGT   1   1   0   1   2   1
    GTC   2   0   1   0   0   0 |     GCC   0   0   0   0   0   0 |     GAC   2   4   2   3   3   3 |     GGC   1   0   2   0   0   0
    GTA   1   1   1   1   1   0 |     GCA   0   0   1   1   0   1 | Glu GAA   0   1   0   0   1   1 |     GGA   2   1   2   2   1   1
    GTG   1   1   1   2   1   1 |     GCG   1   0   0   0   0   0 |     GAG   2   1   2   2   1   1 |     GGG   0   1   0   0   0   1
--------------------------------------------------------------------------------------------------------------------------------------

--------------------------------------------------------------------------------------------------------------------------------------
Phe TTT   0   0   0   0   0   0 | Ser TCT   0   0   0   0   1   0 | Tyr TAT   0   0   0   0   0   0 | Cys TGT   0   0   0   0   0   0
    TTC   3   3   3   3   3   3 |     TCC   1   1   1   1   0   1 |     TAC   1   1   1   1   1   1 |     TGC   2   2   2   2   2   2
Leu TTA   1   1   1   0   1   1 |     TCA   0   0   0   0   0   0 | *** TAA   0   0   0   0   0   0 | *** TGA   0   0   0   0   0   0
    TTG   0   0   0   1   0   0 |     TCG   0   0   0   0   0   0 |     TAG   0   0   0   0   0   0 | Trp TGG   0   0   0   0   0   0
--------------------------------------------------------------------------------------------------------------------------------------
Leu CTT   1   1   1   1   1   1 | Pro CCT   2   2   2   1   2   2 | His CAT   2   2   2   2   2   2 | Arg CGT   0   0   0   0   0   0
    CTC   0   0   0   0   0   0 |     CCC   2   1   1   2   1   1 |     CAC   1   1   1   1   1   1 |     CGC   0   0   0   0   0   0
    CTA   1   1   1   1   1   1 |     CCA   0   2   2   1   3   3 | Gln CAA   2   2   2   2   2   2 |     CGA   0   0   0   0   0   0
    CTG   1   1   1   1   1   1 |     CCG   2   1   1   1   0   0 |     CAG   2   2   2   2   2   2 |     CGG   0   0   0   0   0   0
--------------------------------------------------------------------------------------------------------------------------------------
Ile ATT   1   1   0   1   1   1 | Thr ACT   0   0   0   0   0   0 | Asn AAT   1   0   1   1   1   1 | Ser AGT   0   0   0   0   0   0
    ATC   2   2   3   2   2   2 |     ACC   0   0   1   0   0   0 |     AAC   1   2   1   1   1   1 |     AGC   0   0   0   0   0   0
    ATA   2   2   2   1   2   2 |     ACA   1   2   1   2   2   2 | Lys AAA   0   0   0   0   0   0 | Arg AGA   1   0   1   1   1   1
Met ATG   1   1   1   1   1   1 |     ACG   0   0   0   0   0   0 |     AAG   3   3   3   3   3   3 |     AGG   0   1   0   0   0   0
--------------------------------------------------------------------------------------------------------------------------------------
Val GTT   2   2   2   2   2   2 | Ala GCT   1   1   2   1   1   1 | Asp GAT   1   2   1   1   2   2 | Gly GGT   1   1   1   2   2   2
    GTC   0   0   0   0   0   0 |     GCC   0   0   0   1   0   0 |     GAC   4   2   2   4   3   3 |     GGC   0   1   1   0   0   0
    GTA   1   1   1   2   1   1 |     GCA   0   0   0   0   0   0 | Glu GAA   1   0   1   1   1   1 |     GGA   1   1   1   1   1   1
    GTG   1   1   1   1   1   1 |     GCG   1   0   0   0   0   0 |     GAG   1   2   1   1   1   1 |     GGG   1   1   1   0   0   0
--------------------------------------------------------------------------------------------------------------------------------------

Codon position x base (3x4) table for each sequence.

#1: Argali         
position  1:    T:0.15094    C:0.30189    A:0.26415    G:0.28302
position  2:    T:0.32075    C:0.18868    A:0.37736    G:0.11321
position  3:    T:0.26415    C:0.26415    A:0.24528    G:0.22642
Average         T:0.24528    C:0.25157    A:0.29560    G:0.20755

#2: LesserMouseDeer
position  1:    T:0.15094    C:0.28302    A:0.28302    G:0.28302
position  2:    T:0.30189    C:0.20755    A:0.39623    G:0.09434
position  3:    T:0.28302    C:0.26415    A:0.24528    G:0.20755
Average         T:0.24528    C:0.25157    A:0.30818    G:0.19497

#3: LesserKudu     
position  1:    T:0.15094    C:0.30189    A:0.26415    G:0.28302
position  2:    T:0.32075    C:0.18868    A:0.37736    G:0.11321
position  3:    T:0.26415    C:0.28302    A:0.28302    G:0.16981
Average         T:0.24528    C:0.25786    A:0.30818    G:0.18868

#4: ForestMuskDeer2
position  1:    T:0.15094    C:0.28302    A:0.26415    G:0.30189
position  2:    T:0.32075    C:0.18868    A:0.37736    G:0.11321
position  3:    T:0.22642    C:0.33962    A:0.22642    G:0.20755
Average         T:0.23270    C:0.27044    A:0.28931    G:0.20755

#5: Camel          
position  1:    T:0.13208    C:0.30189    A:0.24528    G:0.32075
position  2:    T:0.30189    C:0.22642    A:0.33962    G:0.13208
position  3:    T:0.20755    C:0.33962    A:0.18868    G:0.26415
Average         T:0.21384    C:0.28931    A:0.25786    G:0.23899

#6: KillerWhale    
position  1:    T:0.16981    C:0.26415    A:0.24528    G:0.32075
position  2:    T:0.32075    C:0.22642    A:0.32075    G:0.13208
position  3:    T:0.35849    C:0.20755    A:0.24528    G:0.18868
Average         T:0.28302    C:0.23270    A:0.27044    G:0.21384

#7: DefassaWaterbuck
position  1:    T:0.15094    C:0.30189    A:0.26415    G:0.28302
position  2:    T:0.32075    C:0.18868    A:0.37736    G:0.11321
position  3:    T:0.22642    C:0.28302    A:0.26415    G:0.22642
Average         T:0.23270    C:0.25786    A:0.30189    G:0.20755

#8: Sheep          
position  1:    T:0.15094    C:0.30189    A:0.26415    G:0.28302
position  2:    T:0.32075    C:0.18868    A:0.37736    G:0.11321
position  3:    T:0.26415    C:0.26415    A:0.24528    G:0.22642
Average         T:0.24528    C:0.25157    A:0.29560    G:0.20755

#9: MaxwellsDuiker 
position  1:    T:0.15094    C:0.30189    A:0.26415    G:0.28302
position  2:    T:0.32075    C:0.18868    A:0.37736    G:0.11321
position  3:    T:0.24528    C:0.28302    A:0.24528    G:0.22642
Average         T:0.23899    C:0.25786    A:0.29560    G:0.20755

#10: GazellaPrzewalskyi
position  1:    T:0.15094    C:0.30189    A:0.26415    G:0.28302
position  2:    T:0.32075    C:0.18868    A:0.37736    G:0.11321
position  3:    T:0.20755    C:0.33962    A:0.22642    G:0.22642
Average         T:0.22642    C:0.27673    A:0.28931    G:0.20755

#11: MountainNyala  
position  1:    T:0.16981    C:0.28302    A:0.26415    G:0.28302
position  2:    T:0.32075    C:0.18868    A:0.35849    G:0.13208
position  3:    T:0.26415    C:0.28302    A:0.28302    G:0.16981
Average         T:0.25157    C:0.25157    A:0.30189    G:0.19497

#12: MuntiacusMuntjak
position  1:    T:0.16981    C:0.26415    A:0.26415    G:0.30189
position  2:    T:0.32075    C:0.18868    A:0.35849    G:0.13208
position  3:    T:0.16981    C:0.37736    A:0.22642    G:0.22642
Average         T:0.22013    C:0.27673    A:0.28302    G:0.22013

#13: goat           
position  1:    T:0.15094    C:0.30189    A:0.26415    G:0.28302
position  2:    T:0.32075    C:0.18868    A:0.37736    G:0.11321
position  3:    T:0.24528    C:0.28302    A:0.24528    G:0.22642
Average         T:0.23899    C:0.25786    A:0.29560    G:0.20755

#14: AfricanBuffalo 
position  1:    T:0.15094    C:0.30189    A:0.26415    G:0.28302
position  2:    T:0.32075    C:0.18868    A:0.37736    G:0.11321
position  3:    T:0.26415    C:0.28302    A:0.26415    G:0.18868
Average         T:0.24528    C:0.25786    A:0.30189    G:0.19497

#15: Topi           
position  1:    T:0.15094    C:0.30189    A:0.26415    G:0.28302
position  2:    T:0.30189    C:0.20755    A:0.37736    G:0.11321
position  3:    T:0.22642    C:0.30189    A:0.26415    G:0.20755
Average         T:0.22642    C:0.27044    A:0.30189    G:0.20126

#16: CommonDuiker   
position  1:    T:0.15094    C:0.30189    A:0.26415    G:0.28302
position  2:    T:0.30189    C:0.20755    A:0.37736    G:0.11321
position  3:    T:0.24528    C:0.28302    A:0.24528    G:0.22642
Average         T:0.23270    C:0.26415    A:0.29560    G:0.20755

#17: Suni           
position  1:    T:0.15094    C:0.30189    A:0.26415    G:0.28302
position  2:    T:0.32075    C:0.18868    A:0.37736    G:0.11321
position  3:    T:0.22642    C:0.28302    A:0.26415    G:0.22642
Average         T:0.23270    C:0.25786    A:0.30189    G:0.20755

#18: Springbuck     
position  1:    T:0.15094    C:0.30189    A:0.26415    G:0.28302
position  2:    T:0.32075    C:0.18868    A:0.37736    G:0.11321
position  3:    T:0.18868    C:0.33962    A:0.26415    G:0.20755
Average         T:0.22013    C:0.27673    A:0.30189    G:0.20126

#19: Okapi          
position  1:    T:0.15094    C:0.28302    A:0.26415    G:0.30189
position  2:    T:0.32075    C:0.18868    A:0.37736    G:0.11321
position  3:    T:0.26415    C:0.28302    A:0.26415    G:0.18868
Average         T:0.24528    C:0.25157    A:0.30189    G:0.20126

#20: Giraffe        
position  1:    T:0.15094    C:0.30189    A:0.24528    G:0.30189
position  2:    T:0.32075    C:0.18868    A:0.37736    G:0.11321
position  3:    T:0.24528    C:0.30189    A:0.26415    G:0.18868
Average         T:0.23899    C:0.26415    A:0.29560    G:0.20126

#21: TibetanAntelope
position  1:    T:0.15094    C:0.30189    A:0.26415    G:0.28302
position  2:    T:0.32075    C:0.18868    A:0.37736    G:0.11321
position  3:    T:0.24528    C:0.28302    A:0.28302    G:0.18868
Average         T:0.23899    C:0.25786    A:0.30818    G:0.19497

#22: Sitatunga      
position  1:    T:0.15094    C:0.30189    A:0.26415    G:0.28302
position  2:    T:0.32075    C:0.18868    A:0.37736    G:0.11321
position  3:    T:0.26415    C:0.28302    A:0.28302    G:0.16981
Average         T:0.24528    C:0.25786    A:0.30818    G:0.18868

#23: Oribi          
position  1:    T:0.15094    C:0.30189    A:0.26415    G:0.28302
position  2:    T:0.32075    C:0.18868    A:0.37736    G:0.11321
position  3:    T:0.22642    C:0.30189    A:0.24528    G:0.22642
Average         T:0.23270    C:0.26415    A:0.29560    G:0.20755

#24: BarbarySheep   
position  1:    T:0.15094    C:0.30189    A:0.28302    G:0.26415
position  2:    T:0.32075    C:0.18868    A:0.37736    G:0.11321
position  3:    T:0.26415    C:0.26415    A:0.24528    G:0.22642
Average         T:0.24528    C:0.25157    A:0.30189    G:0.20126

#25: Daviddeer      
position  1:    T:0.16981    C:0.26415    A:0.24528    G:0.32075
position  2:    T:0.32075    C:0.18868    A:0.33962    G:0.15094
position  3:    T:0.18868    C:0.37736    A:0.18868    G:0.24528
Average         T:0.22642    C:0.27673    A:0.25786    G:0.23899

#26: Reindeer       
position  1:    T:0.15094    C:0.28302    A:0.26415    G:0.30189
position  2:    T:0.32075    C:0.18868    A:0.35849    G:0.13208
position  3:    T:0.26415    C:0.28302    A:0.20755    G:0.24528
Average         T:0.24528    C:0.25157    A:0.27673    G:0.22642

#27: Ibex           
position  1:    T:0.15094    C:0.30189    A:0.26415    G:0.28302
position  2:    T:0.32075    C:0.18868    A:0.37736    G:0.11321
position  3:    T:0.24528    C:0.28302    A:0.24528    G:0.22642
Average         T:0.23899    C:0.25786    A:0.29560    G:0.20755

#28: GyrantGazelle  
position  1:    T:0.15094    C:0.30189    A:0.26415    G:0.28302
position  2:    T:0.32075    C:0.18868    A:0.37736    G:0.11321
position  3:    T:0.20755    C:0.32075    A:0.24528    G:0.22642
Average         T:0.22642    C:0.27044    A:0.29560    G:0.20755

#29: Hartebeest     
position  1:    T:0.15094    C:0.30189    A:0.26415    G:0.28302
position  2:    T:0.30189    C:0.20755    A:0.37736    G:0.11321
position  3:    T:0.22642    C:0.30189    A:0.26415    G:0.20755
Average         T:0.22642    C:0.27044    A:0.30189    G:0.20126

#30: Bongo          
position  1:    T:0.15094    C:0.30189    A:0.26415    G:0.28302
position  2:    T:0.32075    C:0.18868    A:0.37736    G:0.11321
position  3:    T:0.28302    C:0.26415    A:0.28302    G:0.16981
Average         T:0.25157    C:0.25157    A:0.30818    G:0.18868

#31: Gerenuk        
position  1:    T:0.15094    C:0.30189    A:0.26415    G:0.28302
position  2:    T:0.32075    C:0.18868    A:0.37736    G:0.11321
position  3:    T:0.18868    C:0.33962    A:0.24528    G:0.22642
Average         T:0.22013    C:0.27673    A:0.29560    G:0.20755

#32: CommonEland    
position  1:    T:0.15094    C:0.30189    A:0.26415    G:0.28302
position  2:    T:0.32075    C:0.18868    A:0.37736    G:0.11321
position  3:    T:0.24528    C:0.30189    A:0.28302    G:0.16981
Average         T:0.23899    C:0.26415    A:0.30818    G:0.18868

#33: MuntiacusReevesi
position  1:    T:0.16981    C:0.26415    A:0.26415    G:0.30189
position  2:    T:0.32075    C:0.18868    A:0.35849    G:0.13208
position  3:    T:0.16981    C:0.37736    A:0.22642    G:0.22642
Average         T:0.22013    C:0.27673    A:0.28302    G:0.22013

#34: HarveysDuiker  
position  1:    T:0.15094    C:0.30189    A:0.26415    G:0.28302
position  2:    T:0.32075    C:0.18868    A:0.37736    G:0.11321
position  3:    T:0.24528    C:0.28302    A:0.24528    G:0.22642
Average         T:0.23899    C:0.25786    A:0.29560    G:0.20755

#35: Pronghorn      
position  1:    T:0.15094    C:0.26415    A:0.30189    G:0.28302
position  2:    T:0.30189    C:0.18868    A:0.33962    G:0.16981
position  3:    T:0.20755    C:0.33962    A:0.26415    G:0.18868
Average         T:0.22013    C:0.26415    A:0.30189    G:0.21384

#36: BlueWildebeest 
position  1:    T:0.15094    C:0.30189    A:0.26415    G:0.28302
position  2:    T:0.30189    C:0.20755    A:0.37736    G:0.11321
position  3:    T:0.22642    C:0.30189    A:0.26415    G:0.20755
Average         T:0.22642    C:0.27044    A:0.30189    G:0.20126

#37: Gemsbok        
position  1:    T:0.15094    C:0.28302    A:0.28302    G:0.28302
position  2:    T:0.30189    C:0.20755    A:0.37736    G:0.11321
position  3:    T:0.22642    C:0.28302    A:0.24528    G:0.24528
Average         T:0.22642    C:0.25786    A:0.30189    G:0.21384

#38: Yak            
position  1:    T:0.15094    C:0.30189    A:0.26415    G:0.28302
position  2:    T:0.32075    C:0.18868    A:0.37736    G:0.11321
position  3:    T:0.24528    C:0.30189    A:0.26415    G:0.18868
Average         T:0.23899    C:0.26415    A:0.30189    G:0.19497

#39: BlueSheep      
position  1:    T:0.15094    C:0.30189    A:0.26415    G:0.28302
position  2:    T:0.32075    C:0.18868    A:0.37736    G:0.11321
position  3:    T:0.24528    C:0.28302    A:0.24528    G:0.22642
Average         T:0.23899    C:0.25786    A:0.29560    G:0.20755

#40: BohorReedbuck  
position  1:    T:0.15094    C:0.30189    A:0.26415    G:0.28302
position  2:    T:0.32075    C:0.18868    A:0.35849    G:0.13208
position  3:    T:0.20755    C:0.30189    A:0.26415    G:0.22642
Average         T:0.22642    C:0.26415    A:0.29560    G:0.21384

#41: KirksDik       
position  1:    T:0.15094    C:0.30189    A:0.26415    G:0.28302
position  2:    T:0.32075    C:0.18868    A:0.37736    G:0.11321
position  3:    T:0.15094    C:0.35849    A:0.20755    G:0.28302
Average         T:0.20755    C:0.28302    A:0.28302    G:0.22642

#42: RoeDeer        
position  1:    T:0.15094    C:0.28302    A:0.26415    G:0.30189
position  2:    T:0.32075    C:0.18868    A:0.35849    G:0.13208
position  3:    T:0.24528    C:0.30189    A:0.22642    G:0.22642
Average         T:0.23899    C:0.25786    A:0.28302    G:0.22013

#43: WhiteLippedDeer
position  1:    T:0.16981    C:0.26415    A:0.24528    G:0.32075
position  2:    T:0.32075    C:0.18868    A:0.33962    G:0.15094
position  3:    T:0.18868    C:0.39623    A:0.15094    G:0.26415
Average         T:0.22642    C:0.28302    A:0.24528    G:0.24528

#44: ThomsonGazelle 
position  1:    T:0.15094    C:0.30189    A:0.26415    G:0.28302
position  2:    T:0.32075    C:0.18868    A:0.37736    G:0.11321
position  3:    T:0.18868    C:0.33962    A:0.26415    G:0.20755
Average         T:0.22013    C:0.27673    A:0.30189    G:0.20126

#45: MuntiacusCrinifrons
position  1:    T:0.16981    C:0.26415    A:0.26415    G:0.30189
position  2:    T:0.32075    C:0.18868    A:0.35849    G:0.13208
position  3:    T:0.16981    C:0.37736    A:0.22642    G:0.22642
Average         T:0.22013    C:0.27673    A:0.28302    G:0.22013

#46: WhiteTailedDeer
position  1:    T:0.15094    C:0.28302    A:0.26415    G:0.30189
position  2:    T:0.32075    C:0.18868    A:0.35849    G:0.13208
position  3:    T:0.22642    C:0.30189    A:0.20755    G:0.26415
Average         T:0.23270    C:0.25786    A:0.27673    G:0.23270

#47: Cattle         
position  1:    T:0.15094    C:0.30189    A:0.26415    G:0.28302
position  2:    T:0.32075    C:0.18868    A:0.37736    G:0.11321
position  3:    T:0.24528    C:0.30189    A:0.28302    G:0.16981
Average         T:0.23899    C:0.26415    A:0.30818    G:0.18868

#48: RoyalAntelope  
position  1:    T:0.15094    C:0.32075    A:0.24528    G:0.28302
position  2:    T:0.32075    C:0.18868    A:0.37736    G:0.11321
position  3:    T:0.24528    C:0.28302    A:0.26415    G:0.20755
Average         T:0.23899    C:0.26415    A:0.29560    G:0.20126

#49: Steenbok       
position  1:    T:0.15094    C:0.30189    A:0.24528    G:0.30189
position  2:    T:0.32075    C:0.18868    A:0.37736    G:0.11321
position  3:    T:0.22642    C:0.32075    A:0.20755    G:0.24528
Average         T:0.23270    C:0.27044    A:0.27673    G:0.22013

#50: Impala         
position  1:    T:0.15094    C:0.30189    A:0.26415    G:0.28302
position  2:    T:0.32075    C:0.18868    A:0.35849    G:0.13208
position  3:    T:0.22642    C:0.30189    A:0.22642    G:0.24528
Average         T:0.23270    C:0.26415    A:0.28302    G:0.22013

#51: Klipspringer   
position  1:    T:0.15094    C:0.30189    A:0.26415    G:0.28302
position  2:    T:0.32075    C:0.20755    A:0.33962    G:0.13208
