1
52 1
Argali 0.000000 0.346200 0.098600 0.262800 0.059500 0.015800 0.071600 0.108700 0.092900 0.180400 0.048200 0.059900 0.063200 0.054200 0.105200 0.092900 0.159600 0.134500 0.058700 0.103900 0.082800 0.058200 0.162600 0.153900 0.048200 0.087500 0.064000 0.108900 0.101700 0.109300 0.191800 0.076800 0.161800 0.058300 0.047800 0.071100 0.053400 0.065500 0.156500 0.193700 0.179900 0.105500 0.193600 0.177900 0.092400 0.081400 0.071800 0.147500 0.081800 0.144300 0.109100 0.098200
LesserMous 0.346200 0.000000 0.307700 0.308700 0.339400 0.347000 0.352900 0.337900 0.323500 0.355500 0.338500 0.342800 0.359700 0.328000 0.362300 0.330000 0.309400 0.328500 0.372300 0.321200 0.351000 0.349900 0.336000 0.359100 0.338500 0.352800 0.329200 0.325500 0.306100 0.341600 0.361300 0.342500 0.327000 0.355000 0.335600 0.334100 0.359600 0.334800 0.383800 0.349400 0.347700 0.376300 0.363600 0.371100 0.335600 0.344300 0.330100 0.385700 0.360300 0.348100 0.310200 0.316200
LesserKudu 0.098600 0.307700 0.000000 0.242300 0.102100 0.092400 0.092000 0.128700 0.024700 0.181400 0.101800 0.091500 0.104900 0.096900 0.108100 0.111100 0.186100 0.160700 0.100800 0.030700 0.080300 0.125800 0.158200 0.143500 0.101800 0.117100 0.106100 0.035700 0.143700 0.041000 0.192500 0.097000 0.214700 0.122700 0.100900 0.080200 0.107100 0.102800 0.170000 0.157900 0.187400 0.124800 0.187900 0.154400 0.089800 0.084600 0.092200 0.143200 0.124900 0.134400 0.035800 0.029800
KillerWhal 0.262800 0.308700 0.242300 0.000000 0.258600 0.263400 0.276900 0.299600 0.270300 0.261900 0.298600 0.274200 0.258000 0.281400 0.298900 0.276900 0.232200 0.237300 0.303100 0.268400 0.281900 0.301800 0.269700 0.276400 0.298600 0.270900 0.282000 0.272900 0.268900 0.274400 0.280700 0.295700 0.221800 0.293900 0.268600 0.293800 0.277100 0.240200 0.321300 0.282800 0.281000 0.292400 0.282300 0.288000 0.310200 0.277000 0.262100 0.318700 0.320600 0.280500 0.272000 0.263300
DefassaWat 0.059500 0.339400 0.102100 0.258600 0.000000 0.043000 0.076200 0.101500 0.085800 0.171500 0.063900 0.064600 0.078600 0.068200 0.103900 0.074600 0.169500 0.132300 0.074300 0.096600 0.075900 0.064400 0.154100 0.157700 0.063900 0.069000 0.090700 0.101500 0.072700 0.091000 0.195100 0.081300 0.165700 0.084800 0.074400 0.075700 0.069200 0.026300 0.136300 0.197100 0.183400 0.086400 0.190300 0.168800 0.085400 0.074600 0.076400 0.127900 0.097800 0.148000 0.101800 0.102300
Sheep 0.015800 0.347000 0.092400 0.263400 0.043000 0.000000 0.066100 0.091800 0.076000 0.174700 0.031900 0.043300 0.057900 0.060300 0.088000 0.076000 0.159900 0.134800 0.042500 0.087000 0.064200 0.043200 0.157000 0.160800 0.030800 0.070700 0.058700 0.092000 0.085100 0.092300 0.186100 0.071300 0.156100 0.053000 0.041200 0.065700 0.048200 0.060100 0.138800 0.200900 0.186900 0.087900 0.187800 0.172100 0.075600 0.076000 0.066300 0.130200 0.088000 0.138700 0.092200 0.092700
MaxwellsDu 0.071600 0.352900 0.092000 0.276900 0.076200 0.066100 0.000000 0.102800 0.087000 0.186200 0.087300 0.076700 0.113400 0.048400 0.093500 0.087000 0.165800 0.140500 0.086400 0.097900 0.076900 0.099700 0.156100 0.159900 0.087300 0.093000 0.114900 0.102900 0.107100 0.103300 0.197700 0.036500 0.200800 0.108600 0.086600 0.088200 0.092700 0.082400 0.149600 0.199800 0.198500 0.099000 0.193000 0.171100 0.097900 0.075600 0.076900 0.147200 0.110700 0.137800 0.103100 0.092200
GazellaPrz 0.108700 0.337900 0.128700 0.299600 0.101500 0.091800 0.102800 0.000000 0.111900 0.222900 0.112400 0.090900 0.137800 0.119100 0.130500 0.078600 0.196400 0.171000 0.122700 0.122700 0.068600 0.119400 0.192700 0.184700 0.112400 0.084300 0.139500 0.127500 0.109000 0.128000 0.234400 0.119200 0.218700 0.121800 0.122900 0.102100 0.117700 0.107900 0.150800 0.211300 0.222500 0.101200 0.229800 0.195700 0.099900 0.111900 0.080300 0.153800 0.124200 0.174300 0.127700 0.128500
MountainNy 0.092900 0.323500 0.024700 0.270300 0.085800 0.076000 0.087000 0.111900 0.000000 0.188900 0.085600 0.075200 0.111200 0.091600 0.103200 0.096400 0.187200 0.161700 0.084800 0.020500 0.064300 0.109200 0.159200 0.138600 0.085600 0.102500 0.090100 0.014900 0.127600 0.025600 0.200200 0.092000 0.202900 0.106500 0.096000 0.064100 0.102200 0.097900 0.158900 0.165200 0.188500 0.108400 0.195600 0.149500 0.073800 0.079700 0.087200 0.127100 0.108500 0.135200 0.025600 0.036200
MuntiacusM 0.180400 0.355500 0.181400 0.261900 0.171500 0.174700 0.186200 0.222900 0.188900 0.000000 0.195400 0.172500 0.172300 0.191000 0.214500 0.207000 0.206400 0.193100 0.187300 0.200300 0.179200 0.184700 0.065700 0.111200 0.195400 0.176200 0.186600 0.192500 0.189100 0.180800 0.019500 0.191200 0.222200 0.191900 0.181400 0.184100 0.176400 0.148200 0.223000 0.125800 0.081000 0.208500 0.019700 0.121700 0.193900 0.194800 0.186300 0.236300 0.234000 0.210700 0.191800 0.194200
goat 0.048200 0.338500 0.101800 0.298600 0.063900 0.031900 0.087300 0.112400 0.085600 0.195400 0.000000 0.064300 0.078300 0.081000 0.092200 0.096800 0.181200 0.168200 0.051900 0.096300 0.086900 0.051500 0.177700 0.182000 0.000000 0.080200 0.079200 0.101300 0.094300 0.101600 0.206700 0.092400 0.177600 0.073500 0.063100 0.086700 0.058000 0.081100 0.153600 0.202400 0.207600 0.108900 0.208600 0.193200 0.096300 0.096800 0.087500 0.139000 0.097300 0.147300 0.101500 0.102000
AfricanBuf 0.059900 0.342800 0.091500 0.274200 0.064600 0.043300 0.076700 0.090900 0.075200 0.172500 0.064300 0.000000 0.090200 0.081800 0.104700 0.086500 0.158200 0.133400 0.074800 0.086000 0.073900 0.076200 0.167500 0.159000 0.063800 0.081100 0.091300 0.091000 0.095200 0.091300 0.183900 0.081900 0.166900 0.085400 0.074900 0.053900 0.080800 0.082000 0.137100 0.198700 0.184600 0.098400 0.185500 0.170200 0.063800 0.086400 0.065500 0.140300 0.086900 0.137200 0.091200 0.091700
Topi 0.063200 0.359700 0.104900 0.258000 0.078600 0.057900 0.113400 0.137800 0.111200 0.172300 0.078300 0.090200 0.000000 0.095500 0.118000 0.122500 0.195500 0.170200 0.088500 0.121900 0.112900 0.090000 0.191400 0.183300 0.078300 0.094600 0.039400 0.126700 0.119400 0.115700 0.195300 0.106900 0.198100 0.035100 0.088500 0.101300 0.072600 0.095700 0.185300 0.209800 0.208500 0.123200 0.196900 0.207000 0.121900 0.100000 0.113700 0.152500 0.123200 0.173100 0.127000 0.127700
CommonDuik 0.054200 0.328000 0.096900 0.281400 0.068200 0.060300 0.048400 0.119100 0.091600 0.191000 0.081000 0.081800 0.095500 0.000000 0.122100 0.103400 0.170600 0.145300 0.091500 0.102900 0.093400 0.093200 0.148900 0.152300 0.081000 0.098000 0.085500 0.107800 0.100700 0.108200 0.202500 0.031800 0.185700 0.090800 0.069200 0.070400 0.097700 0.076100 0.154900 0.191700 0.178100 0.104000 0.197700 0.176000 0.091500 0.091900 0.082500 0.146000 0.103900 0.154800 0.108000 0.097200
Suni 0.105200 0.362300 0.108100 0.298900 0.103900 0.088000 0.093500 0.130500 0.103200 0.214500 0.092200 0.104700 0.118000 0.122100 0.000000 0.103000 0.199800 0.173900 0.102600 0.114100 0.093100 0.104500 0.183700 0.201300 0.092200 0.109200 0.131000 0.107500 0.134500 0.107800 0.213000 0.110200 0.216700 0.136600 0.125900 0.115700 0.097600 0.122300 0.178800 0.228500 0.213700 0.127000 0.221400 0.212600 0.125700 0.114700 0.117400 0.150800 0.139200 0.178600 0.107100 0.108200
Springbuck 0.092900 0.330000 0.111100 0.276900 0.074600 0.076000 0.087000 0.078600 0.096400 0.207000 0.096800 0.086500 0.122500 0.103400 0.103000 0.000000 0.180200 0.155100 0.107200 0.107200 0.042200 0.097700 0.177000 0.168700 0.096800 0.046000 0.112400 0.112100 0.072100 0.112500 0.205600 0.103400 0.196300 0.117900 0.107400 0.097800 0.102200 0.092000 0.135200 0.195200 0.206700 0.063300 0.213800 0.179700 0.106900 0.085100 0.064500 0.138300 0.102900 0.158700 0.112300 0.100100
Okapi 0.159600 0.309400 0.186100 0.232200 0.169500 0.159900 0.165800 0.196400 0.187200 0.206400 0.181200 0.158200 0.195500 0.170600 0.199800 0.180200 0.000000 0.054900 0.192500 0.185900 0.152200 0.189800 0.188600 0.193200 0.181200 0.174600 0.185300 0.190700 0.163100 0.191700 0.205100 0.158400 0.125600 0.191100 0.192400 0.163700 0.212600 0.139500 0.197000 0.194200 0.212100 0.181300 0.213100 0.197700 0.179800 0.180700 0.159400 0.254800 0.200700 0.154200 0.190100 0.173900
Giraffe 0.134500 0.328500 0.160700 0.237300 0.132300 0.134800 0.140500 0.171000 0.161700 0.193100 0.168200 0.133400 0.170200 0.145300 0.173900 0.155100 0.054900 0.000000 0.166900 0.160600 0.127500 0.176300 0.175600 0.179900 0.168200 0.149600 0.160100 0.165400 0.150800 0.166300 0.191800 0.133500 0.136900 0.165700 0.166900 0.138800 0.186300 0.115100 0.189800 0.187100 0.198800 0.156000 0.199700 0.197000 0.154700 0.155400 0.134300 0.228000 0.174700 0.148000 0.164800 0.148900
TibetanAnt 0.058700 0.372300 0.100800 0.303100 0.074300 0.042500 0.086400 0.122700 0.084800 0.187300 0.051900 0.074800 0.088500 0.091500 0.102600 0.107200 0.192500 0.166900 0.000000 0.095500 0.073800 0.063700 0.169900 0.186700 0.052300 0.090600 0.089600 0.100400 0.115700 0.100700 0.198500 0.091400 0.195300 0.083800 0.073400 0.097300 0.068300 0.086000 0.157900 0.213500 0.199400 0.119400 0.200300 0.197800 0.095500 0.107200 0.098200 0.155300 0.119400 0.146000 0.100500 0.089800
Sitatunga 0.103900 0.321200 0.030700 0.268400 0.096600 0.087000 0.097900 0.122700 0.020500 0.200300 0.096300 0.086000 0.121900 0.102900 0.114100 0.107200 0.185900 0.160600 0.095500 0.000000 0.074900 0.120200 0.158100 0.149800 0.094900 0.113300 0.100700 0.024700 0.138300 0.025400 0.211600 0.102900 0.201400 0.117300 0.106700 0.074800 0.113000 0.108800 0.157900 0.176400 0.187200 0.119300 0.207000 0.160800 0.084400 0.090400 0.098100 0.137700 0.119400 0.134300 0.025400 0.041300
Oribi 0.082800 0.351000 0.080300 0.281900 0.075900 0.064200 0.076900 0.068600 0.064300 0.179200 0.086900 0.073900 0.112900 0.093400 0.093100 0.042200 0.152200 0.127500 0.073800 0.074900 0.000000 0.099400 0.161500 0.152900 0.086900 0.047800 0.102700 0.079900 0.084200 0.080200 0.178000 0.093500 0.173800 0.108200 0.097600 0.076400 0.092300 0.076400 0.125600 0.167700 0.191300 0.064400 0.185800 0.164100 0.075000 0.086600 0.054300 0.140600 0.098700 0.137300 0.080000 0.080400
BarbaryShe 0.058200 0.349900 0.125800 0.301800 0.064400 0.043200 0.099700 0.119400 0.109200 0.184700 0.051500 0.076200 0.090000 0.093200 0.104500 0.097700 0.189800 0.176300 0.063700 0.120200 0.099400 0.000000 0.167100 0.183800 0.053200 0.103900 0.091100 0.113500 0.095100 0.125600 0.196100 0.104800 0.192400 0.085200 0.074700 0.099100 0.058500 0.081900 0.149100 0.224000 0.196900 0.121700 0.197800 0.195100 0.108700 0.097600 0.100000 0.151800 0.121700 0.160900 0.113700 0.126100
Daviddeer 0.162600 0.336000 0.158200 0.269700 0.154100 0.157000 0.156100 0.192700 0.159200 0.065700 0.177700 0.167500 0.191400 0.148900 0.183700 0.177000 0.188600 0.175600 0.169900 0.158100 0.161500 0.167100 0.000000 0.083900 0.177700 0.171200 0.181700 0.150900 0.172200 0.151600 0.075900 0.149000 0.216700 0.187100 0.164100 0.166400 0.183300 0.131100 0.192800 0.120700 0.034700 0.178100 0.071100 0.094200 0.176300 0.164900 0.168700 0.231200 0.215900 0.192600 0.150400 0.158700
Reindeer 0.153900 0.359100 0.143500 0.276400 0.157700 0.160800 0.159900 0.184700 0.138600 0.111200 0.182000 0.159000 0.183300 0.152300 0.201300 0.168700 0.193200 0.179900 0.186700 0.149800 0.152900 0.183800 0.083900 0.000000 0.182000 0.175400 0.173400 0.154700 0.188300 0.143300 0.121900 0.152600 0.202200 0.178800 0.168000 0.133500 0.187700 0.134100 0.184900 0.072900 0.099800 0.182100 0.117100 0.030000 0.155700 0.156600 0.160200 0.237000 0.182200 0.185100 0.142000 0.143900
Ibex 0.048200 0.338500 0.101800 0.298600 0.063900 0.030800 0.087300 0.112400 0.085600 0.195400 0.000000 0.063800 0.078300 0.081000 0.092200 0.096800 0.181200 0.168200 0.052300 0.094900 0.086900 0.053200 0.177700 0.182000 0.000000 0.080200 0.078200 0.101300 0.094300 0.101600 0.206700 0.092400 0.177600 0.073500 0.063100 0.086700 0.058000 0.081100 0.153600 0.202400 0.207600 0.108900 0.208600 0.193200 0.096300 0.096800 0.087500 0.139000 0.097300 0.147300 0.101500 0.102000
GyrantGaze 0.087500 0.352800 0.117100 0.270900 0.069000 0.070700 0.093000 0.084300 0.102500 0.176200 0.080200 0.081100 0.094600 0.098000 0.109200 0.046000 0.174600 0.149600 0.090600 0.113300 0.047800 0.103900 0.171200 0.175400 0.080200 0.000000 0.095700 0.118200 0.067000 0.107000 0.187200 0.098100 0.190500 0.101100 0.102100 0.092400 0.096900 0.075400 0.129900 0.202100 0.200800 0.047300 0.195000 0.186600 0.102000 0.102500 0.059200 0.110300 0.103200 0.153200 0.118400 0.107500
Hartebeest 0.064000 0.329200 0.106100 0.282000 0.090700 0.058700 0.114900 0.139500 0.090100 0.186600 0.079200 0.091300 0.039400 0.085500 0.131000 0.112400 0.185300 0.160100 0.089600 0.100700 0.102700 0.091100 0.181700 0.173400 0.078200 0.095700 0.000000 0.105600 0.120700 0.094600 0.185300 0.096900 0.194800 0.035500 0.078600 0.091200 0.095600 0.108400 0.175600 0.212500 0.198800 0.124600 0.199500 0.197100 0.112000 0.095700 0.103500 0.142700 0.124700 0.163200 0.105800 0.095100
Bongo 0.108900 0.325500 0.035700 0.272900 0.101500 0.092000 0.102900 0.127500 0.014900 0.192500 0.101300 0.091000 0.126700 0.107800 0.107500 0.112100 0.190700 0.165400 0.100400 0.024700 0.079900 0.113500 0.150900 0.154700 0.101300 0.118200 0.105600 0.000000 0.143000 0.040800 0.203700 0.107900 0.206300 0.122100 0.111600 0.079800 0.117900 0.114100 0.162600 0.181100 0.179700 0.124200 0.199100 0.165600 0.089300 0.095300 0.103100 0.131100 0.124300 0.139000 0.010000 0.046300
Gerenuk 0.101700 0.306100 0.143700 0.268900 0.072700 0.085100 0.107100 0.109000 0.127600 0.189100 0.094300 0.095200 0.119400 0.100700 0.134500 0.072100 0.163100 0.150800 0.115700 0.138300 0.084200 0.095100 0.172200 0.188300 0.094300 0.067000 0.120700 0.143000 0.000000 0.143500 0.199900 0.112000 0.178200 0.126100 0.115800 0.117800 0.110700 0.089700 0.148900 0.208300 0.200900 0.072500 0.207700 0.199300 0.126900 0.116100 0.084800 0.146200 0.116900 0.178100 0.143300 0.132400
CommonElan 0.109300 0.341600 0.041000 0.274400 0.091000 0.092300 0.103300 0.128000 0.025600 0.180800 0.101600 0.091300 0.115700 0.108200 0.107800 0.112500 0.191700 0.166300 0.100700 0.025400 0.080200 0.125600 0.151600 0.143300 0.101600 0.107000 0.094600 0.040800 0.143500 0.000000 0.191900 0.108300 0.207400 0.111000 0.112000 0.080100 0.118400 0.102700 0.163500 0.169700 0.180400 0.124600 0.187300 0.154100 0.089700 0.095600 0.103500 0.131400 0.124700 0.151400 0.040900 0.051700
MuntiacusR 0.191800 0.361300 0.192500 0.280700 0.195100 0.186100 0.197700 0.234400 0.200200 0.019500 0.206700 0.183900 0.195300 0.202500 0.213000 0.205600 0.205100 0.191800 0.198500 0.211600 0.178000 0.196100 0.075900 0.121900 0.206700 0.187200 0.185300 0.203700 0.199900 0.191900 0.000000 0.202600 0.227800 0.203100 0.192600 0.195500 0.199900 0.171400 0.234500 0.136500 0.091200 0.219700 0.029500 0.132400 0.205200 0.206200 0.197800 0.260300 0.245700 0.222100 0.203000 0.192700
HarveysDui 0.076800 0.342500 0.097000 0.295700 0.081300 0.071300 0.036500 0.119200 0.092000 0.191200 0.092400 0.081900 0.106900 0.031800 0.110200 0.103400 0.158400 0.133500 0.091400 0.102900 0.093500 0.104800 0.149000 0.152600 0.092400 0.098100 0.096900 0.107900 0.112000 0.108300 0.202600 0.000000 0.205800 0.102200 0.068300 0.081800 0.109300 0.087500 0.141000 0.192000 0.190800 0.104000 0.197900 0.163700 0.091500 0.080700 0.082600 0.140400 0.115800 0.143500 0.108100 0.097300
Pronghorn 0.161800 0.327000 0.214700 0.221800 0.165700 0.156100 0.200800 0.218700 0.202900 0.222200 0.177600 0.166900 0.198100 0.185700 0.216700 0.196300 0.125600 0.136900 0.195300 0.201400 0.173800 0.192400 0.216700 0.202200 0.177600 0.190500 0.194800 0.206300 0.178200 0.207400 0.227800 0.205800 0.000000 0.193500 0.188800 0.165900 0.209300 0.160500 0.206200 0.235900 0.221200 0.210600 0.229200 0.220600 0.188800 0.215700 0.180900 0.265400 0.203400 0.187700 0.205600 0.209200
BlueWildeb 0.058300 0.355000 0.122700 0.293900 0.084800 0.053000 0.108600 0.121800 0.106500 0.191900 0.073500 0.085400 0.035100 0.090800 0.136600 0.117900 0.191100 0.165700 0.083800 0.117300 0.108200 0.085200 0.187100 0.178800 0.073500 0.101100 0.035500 0.122100 0.126100 0.111000 0.203100 0.102200 0.193500 0.000000 0.072800 0.096500 0.089700 0.102300 0.180900 0.217900 0.204100 0.130100 0.204900 0.202600 0.105800 0.095300 0.109000 0.159500 0.118500 0.168600 0.122400 0.123000
Gemsbok 0.047800 0.335600 0.100900 0.268600 0.074400 0.041200 0.086600 0.122900 0.096000 0.181400 0.063100 0.074900 0.088500 0.069200 0.125900 0.107400 0.192400 0.166900 0.073400 0.106700 0.097600 0.074700 0.164100 0.168000 0.063100 0.102100 0.078600 0.111600 0.115800 0.112000 0.192600 0.068300 0.188800 0.072800 0.000000 0.097400 0.079300 0.080400 0.170300 0.213800 0.193400 0.119500 0.194300 0.179000 0.106800 0.090400 0.075500 0.149300 0.119500 0.146200 0.111800 0.101100
Yak 0.071100 0.334100 0.080200 0.293800 0.075700 0.065700 0.088200 0.102100 0.064100 0.184100 0.086700 0.053900 0.101300 0.070400 0.115700 0.097800 0.163700 0.138800 0.097300 0.074800 0.076400 0.099100 0.166400 0.133500 0.086700 0.092400 0.091200 0.079800 0.117800 0.080100 0.195500 0.081800 0.165900 0.096500 0.097400 0.000000 0.103600 0.093400 0.149200 0.160100 0.183600 0.098300 0.190700 0.156700 0.031400 0.097800 0.088400 0.139500 0.086800 0.125400 0.079500 0.080400
BlueSheep 0.053400 0.359600 0.107100 0.277100 0.069200 0.048200 0.092700 0.117700 0.102200 0.176400 0.058000 0.080800 0.072600 0.097700 0.097600 0.102200 0.212600 0.186300 0.068300 0.113000 0.092300 0.058500 0.183300 0.187700 0.058000 0.096900 0.095600 0.117900 0.110700 0.118400 0.199900 0.109300 0.209300 0.089700 0.079300 0.103600 0.000000 0.086500 0.159200 0.214700 0.213300 0.114300 0.201700 0.199000 0.113000 0.102200 0.098800 0.156000 0.114200 0.177100 0.118200 0.118800
BohorReedb 0.065500 0.334800 0.102800 0.240200 0.026300 0.060100 0.082400 0.107900 0.097900 0.148200 0.081100 0.082000 0.095700 0.076100 0.122300 0.092000 0.139500 0.115100 0.086000 0.108800 0.076400 0.081900 0.131100 0.134100 0.081100 0.075400 0.108400 0.114100 0.089700 0.102700 0.171400 0.087500 0.160500 0.102300 0.080400 0.093400 0.086500 0.000000 0.131300 0.173100 0.159900 0.092600 0.166600 0.145100 0.103000 0.092100 0.071200 0.146100 0.115900 0.131100 0.114000 0.103100
KirksDik 0.156500 0.383800 0.170000 0.321300 0.136300 0.138800 0.149600 0.150800 0.158900 0.223000 0.153600 0.137100 0.185300 0.154900 0.178800 0.135200 0.197000 0.189800 0.157900 0.157900 0.125600 0.149100 0.192800 0.184900 0.153600 0.129900 0.175600 0.162600 0.148900 0.163500 0.234500 0.141000 0.206200 0.180900 0.170300 0.149200 0.159200 0.131300 0.000000 0.223700 0.197200 0.147800 0.229900 0.208700 0.146200 0.171000 0.102900 0.196000 0.159900 0.174200 0.163000 0.170500
RoeDeer 0.193700 0.349400 0.157900 0.282800 0.197100 0.200900 0.199800 0.211300 0.165200 0.125800 0.202400 0.198700 0.209800 0.191700 0.228500 0.195200 0.194200 0.187100 0.213500 0.176400 0.167700 0.224000 0.120700 0.072900 0.202400 0.202100 0.212500 0.181100 0.208300 0.169700 0.136500 0.192000 0.235900 0.217900 0.213800 0.160100 0.214700 0.173100 0.223700 0.000000 0.136800 0.208900 0.131800 0.083200 0.182400 0.195600 0.200100 0.263300 0.208900 0.193100 0.168300 0.182500
WhiteLippe 0.179900 0.347700 0.187400 0.281000 0.183400 0.186900 0.198500 0.222500 0.188500 0.081000 0.207600 0.184600 0.208500 0.178100 0.213700 0.206700 0.212100 0.198800 0.199400 0.187200 0.191300 0.196900 0.034700 0.099800 0.207600 0.200800 0.198800 0.179700 0.200900 0.180400 0.091200 0.190800 0.221200 0.204100 0.193400 0.183600 0.213300 0.159900 0.197200 0.136800 0.000000 0.220900 0.075800 0.121500 0.205900 0.194400 0.186000 0.261600 0.220400 0.209700 0.179100 0.187900
ThomsonGaz 0.105500 0.376300 0.124800 0.292400 0.086400 0.087900 0.099000 0.101200 0.108400 0.208500 0.108900 0.098400 0.123200 0.104000 0.127000 0.063300 0.181300 0.156000 0.119400 0.119300 0.064400 0.121700 0.178100 0.182100 0.108900 0.047300 0.124600 0.124200 0.072500 0.124600 0.219700 0.104000 0.210600 0.130100 0.119500 0.098300 0.114300 0.092600 0.147800 0.208900 0.220900 0.000000 0.228200 0.193300 0.119400 0.120000 0.075900 0.127700 0.109100 0.159500 0.124400 0.113400
MuntiacusC 0.193600 0.363600 0.187900 0.282300 0.190300 0.187800 0.193000 0.229800 0.195600 0.019700 0.208600 0.185500 0.196900 0.197700 0.221400 0.213800 0.213100 0.199700 0.200300 0.207000 0.185800 0.197800 0.071100 0.117100 0.208600 0.195000 0.199500 0.199100 0.207700 0.187300 0.029500 0.197900 0.229200 0.204900 0.194300 0.190700 0.201700 0.166600 0.229900 0.131800 0.075800 0.228200 0.000000 0.127600 0.200500 0.201500 0.193000 0.256000 0.241100 0.217400 0.198400 0.200800
WhiteTaile 0.177900 0.371100 0.154400 0.288000 0.168800 0.172100 0.171100 0.195700 0.149500 0.121700 0.193200 0.170200 0.207000 0.176000 0.212600 0.179700 0.197700 0.197000 0.197800 0.160800 0.164100 0.195100 0.094200 0.030000 0.193200 0.186600 0.197100 0.165600 0.199300 0.154100 0.132400 0.163700 0.220600 0.202600 0.179000 0.156700 0.199000 0.145100 0.208700 0.083200 0.121500 0.193300 0.127600 0.000000 0.179100 0.167600 0.171400 0.248200 0.206400 0.196200 0.152900 0.154800
Cattle 0.092400 0.335600 0.089800 0.310200 0.085400 0.075600 0.097900 0.099900 0.073800 0.193900 0.096300 0.063800 0.121900 0.091500 0.125700 0.106900 0.179800 0.154700 0.095500 0.084400 0.075000 0.108700 0.176300 0.155700 0.096300 0.102000 0.112000 0.089300 0.126900 0.089700 0.205200 0.091500 0.188800 0.105800 0.106800 0.031400 0.113000 0.103000 0.146200 0.182400 0.205900 0.119400 0.200500 0.179100 0.000000 0.107200 0.098200 0.149200 0.119200 0.146300 0.089500 0.101200
RoyalAntel 0.081400 0.344300 0.084600 0.277000 0.074600 0.076000 0.075600 0.111900 0.079700 0.194800 0.096800 0.086400 0.100000 0.091900 0.114700 0.085100 0.180700 0.155400 0.107200 0.090400 0.086600 0.097600 0.164900 0.156600 0.096800 0.102500 0.095700 0.095300 0.116100 0.095600 0.206200 0.080700 0.215700 0.095300 0.090400 0.097800 0.102200 0.092100 0.171000 0.195600 0.194400 0.120000 0.201500 0.167600 0.107200 0.000000 0.081500 0.155900 0.120000 0.152900 0.095500 0.084900
Steenbok 0.071800 0.330100 0.092200 0.262100 0.076400 0.066300 0.076900 0.080300 0.087200 0.186300 0.087500 0.065500 0.113700 0.082500 0.117400 0.064500 0.159400 0.134300 0.098200 0.098100 0.054300 0.100000 0.168700 0.160200 0.087500 0.059200 0.103500 0.103100 0.084800 0.103500 0.197800 0.082600 0.180900 0.109000 0.075500 0.088400 0.098800 0.071200 0.102900 0.200100 0.186000 0.075900 0.193000 0.171400 0.098200 0.081500 0.000000 0.129900 0.087700 0.126300 0.103300 0.092400
Impala 0.147500 0.385700 0.143200 0.318700 0.127900 0.130200 0.147200 0.153800 0.127100 0.236300 0.139000 0.140300 0.152500 0.146000 0.150800 0.138300 0.254800 0.228000 0.155300 0.137700 0.140600 0.151800 0.231200 0.237000 0.139000 0.110300 0.142700 0.131100 0.146200 0.131400 0.260300 0.140400 0.265400 0.159500 0.149300 0.139500 0.156000 0.146100 0.196000 0.263300 0.261600 0.127700 0.256000 0.248200 0.149200 0.155900 0.129900 0.000000 0.162800 0.207800 0.130700 0.143500
Klipspring 0.081800 0.360300 0.124900 0.320600 0.097800 0.088000 0.110700 0.124200 0.108500 0.234000 0.097300 0.086900 0.123200 0.103900 0.139200 0.102900 0.200700 0.174700 0.119400 0.119400 0.098700 0.121700 0.215900 0.182200 0.097300 0.103200 0.124700 0.124300 0.116900 0.124700 0.245700 0.115800 0.203400 0.118500 0.119500 0.086800 0.114200 0.115900 0.159900 0.208900 0.220400 0.109100 0.241100 0.206400 0.119200 0.120000 0.087700 0.162800 0.000000 0.159500 0.124500 0.125200
ForestMusk 0.144300 0.348100 0.134400 0.280500 0.148000 0.138700 0.137800 0.174300 0.135200 0.210700 0.147300 0.137200 0.173100 0.154800 0.178600 0.158700 0.154200 0.148000 0.146000 0.134300 0.137300 0.160900 0.192600 0.185100 0.147300 0.153200 0.163200 0.139000 0.178100 0.151400 0.222100 0.143500 0.187700 0.168600 0.146200 0.125400 0.177100 0.131100 0.174200 0.193100 0.209700 0.159500 0.217400 0.196200 0.146300 0.152900 0.126300 0.207800 0.159500 0.000000 0.139300 0.123200
Bushbuck 0.109100 0.310200 0.035800 0.272000 0.101800 0.092200 0.103100 0.127700 0.025600 0.191800 0.101500 0.091200 0.127000 0.108000 0.107100 0.112300 0.190100 0.164800 0.100500 0.025400 0.080000 0.113700 0.150400 0.142000 0.101500 0.118400 0.105800 0.010000 0.143300 0.040900 0.203000 0.108100 0.205600 0.122400 0.111800 0.079500 0.118200 0.114000 0.163000 0.168300 0.179100 0.124400 0.198400 0.152900 0.089500 0.095500 0.103300 0.130700 0.124500 0.139300 0.000000 0.046400
GreaterKud 0.098200 0.316200 0.029800 0.263300 0.102300 0.092700 0.092200 0.128500 0.036200 0.194200 0.102000 0.091700 0.127700 0.097200 0.108200 0.100100 0.173900 0.148900 0.089800 0.041300 0.080400 0.126100 0.158700 0.143900 0.102000 0.107500 0.095100 0.046300 0.132400 0.051700 0.192700 0.097300 0.209200 0.123000 0.101100 0.080400 0.118800 0.103100 0.170500 0.182500 0.187900 0.113400 0.200800 0.154800 0.101200 0.084900 0.092400 0.143500 0.125200 0.123200 0.046400 0.000000
