1
52 1
Argali 0.000000 0.125400 0.036500 0.091000 0.027500 0.004300 0.036900 0.027400 0.036800 0.046100 0.000000 0.027200 0.013600 0.022900 0.036400 0.027600 0.041700 0.041600 0.009000 0.036500 0.051300 0.004500 0.041500 0.051100 0.004500 0.027500 0.009000 0.032000 0.027400 0.031900 0.041600 0.027500 0.052100 0.013600 0.018400 0.022800 0.013500 0.036700 0.041100 0.042000 0.041500 0.041400 0.046000 0.051100 0.027400 0.045400 0.037000 0.032400 0.031900 0.027500 0.027200 0.031900
LesserMous 0.125400 0.000000 0.145100 0.153700 0.146900 0.130700 0.147000 0.139500 0.120200 0.124900 0.120300 0.129300 0.130900 0.141500 0.155400 0.134900 0.141400 0.141300 0.135600 0.129400 0.162600 0.130700 0.120200 0.130700 0.130700 0.134800 0.125100 0.124700 0.134500 0.134700 0.120500 0.146700 0.144000 0.131000 0.137300 0.130000 0.139900 0.146900 0.159600 0.121500 0.120100 0.150000 0.124600 0.130800 0.135300 0.154300 0.146000 0.142300 0.150700 0.135900 0.129400 0.134700
LesserKudu 0.036500 0.145100 0.000000 0.095200 0.046100 0.031900 0.065100 0.036500 0.022400 0.069400 0.036500 0.022300 0.041300 0.041300 0.054800 0.046200 0.055500 0.055500 0.036500 0.022200 0.070400 0.031900 0.055400 0.065000 0.031900 0.046000 0.036400 0.017800 0.045900 0.017700 0.065000 0.046000 0.066200 0.041300 0.036900 0.026900 0.040900 0.055600 0.059700 0.056000 0.055300 0.060000 0.069300 0.065100 0.031400 0.054000 0.055700 0.051100 0.050300 0.041300 0.013200 0.008800
KillerWhal 0.091000 0.153700 0.095200 0.000000 0.101600 0.086100 0.111900 0.090900 0.080900 0.070400 0.086000 0.080200 0.096300 0.096500 0.110400 0.091600 0.066400 0.066400 0.080900 0.080300 0.117800 0.086200 0.066100 0.065900 0.086100 0.091300 0.090800 0.075600 0.091100 0.085300 0.075800 0.101500 0.077700 0.096300 0.092100 0.085700 0.095400 0.101600 0.115800 0.066600 0.066100 0.106100 0.070200 0.066000 0.090800 0.119700 0.091800 0.107400 0.105700 0.081100 0.090100 0.085300
DefassaWat 0.027500 0.146900 0.046100 0.101600 0.000000 0.022900 0.046500 0.027500 0.046400 0.065500 0.027500 0.036700 0.032300 0.023000 0.036600 0.027700 0.051400 0.051400 0.027500 0.046100 0.051600 0.022900 0.051200 0.061000 0.022900 0.027600 0.027500 0.041500 0.027600 0.041400 0.061000 0.027600 0.062200 0.032300 0.027800 0.032200 0.032000 0.018300 0.041300 0.051800 0.051200 0.041500 0.065300 0.061000 0.036900 0.045600 0.037200 0.032500 0.032000 0.037000 0.046000 0.041400
Sheep 0.004300 0.130700 0.031900 0.086100 0.022900 0.000000 0.041600 0.022800 0.032100 0.050900 0.004500 0.022700 0.018200 0.018300 0.031800 0.023000 0.037000 0.037000 0.004500 0.031900 0.046600 0.000000 0.036900 0.046400 0.000000 0.022900 0.013600 0.027400 0.022800 0.027300 0.046400 0.022900 0.047300 0.018300 0.013800 0.018200 0.009000 0.031600 0.036500 0.037300 0.036800 0.036700 0.050700 0.046400 0.022800 0.040800 0.032300 0.027700 0.027300 0.022900 0.031900 0.027300
MaxwellsDu 0.036900 0.147000 0.065100 0.111900 0.046500 0.041600 0.000000 0.046200 0.065600 0.075200 0.032200 0.055500 0.041700 0.023000 0.055400 0.046600 0.070800 0.070800 0.046300 0.065100 0.061300 0.041700 0.070600 0.080500 0.041600 0.046500 0.036800 0.060500 0.046400 0.060400 0.070700 0.027600 0.082100 0.041700 0.046800 0.051000 0.050700 0.056100 0.060300 0.071400 0.070500 0.060600 0.075000 0.080600 0.055900 0.064200 0.056300 0.051600 0.050800 0.056100 0.055500 0.060400
GazellaPrz 0.027400 0.139500 0.036500 0.090900 0.027500 0.022800 0.046200 0.000000 0.036700 0.065100 0.027300 0.027200 0.032100 0.022800 0.036400 0.009100 0.051100 0.051100 0.027400 0.036500 0.032400 0.022800 0.051000 0.060600 0.022800 0.009100 0.027300 0.031900 0.009100 0.031800 0.060600 0.027500 0.061800 0.032100 0.027700 0.032000 0.031800 0.036800 0.022600 0.051500 0.050900 0.022800 0.064900 0.060700 0.036700 0.045300 0.027600 0.032300 0.031900 0.036800 0.036400 0.031800
MountainNy 0.036800 0.120200 0.022400 0.080900 0.046400 0.032100 0.065600 0.036700 0.000000 0.055500 0.036800 0.017900 0.041600 0.041700 0.055300 0.037000 0.041600 0.041600 0.036800 0.008900 0.061100 0.032200 0.041500 0.051000 0.032200 0.036900 0.036700 0.004400 0.036800 0.022400 0.051000 0.046400 0.052000 0.041600 0.037200 0.022500 0.041200 0.046400 0.060100 0.041900 0.041400 0.050900 0.055400 0.051100 0.025700 0.054400 0.056200 0.051500 0.050700 0.036800 0.016900 0.013400
MuntiacusM 0.046100 0.124900 0.069400 0.070400 0.065500 0.050900 0.075200 0.065100 0.055500 0.000000 0.046100 0.055100 0.051000 0.060600 0.074200 0.055900 0.041400 0.041400 0.055500 0.055100 0.080500 0.050900 0.022700 0.022700 0.050900 0.055800 0.046000 0.050500 0.055600 0.059900 0.004500 0.065400 0.051900 0.051000 0.056200 0.050600 0.059900 0.065500 0.079200 0.022900 0.022700 0.069900 0.000000 0.022700 0.055400 0.083300 0.075400 0.070700 0.069700 0.046100 0.055100 0.059900
goat 0.000000 0.120300 0.036500 0.086000 0.027500 0.004500 0.032200 0.027300 0.036800 0.046100 0.000000 0.027200 0.013600 0.022900 0.036400 0.027600 0.041600 0.041600 0.009000 0.036500 0.051300 0.004500 0.041500 0.051100 0.004500 0.027500 0.009000 0.032000 0.027400 0.031900 0.041600 0.027500 0.052100 0.013600 0.018400 0.022800 0.013500 0.036900 0.041100 0.042000 0.041500 0.041300 0.046000 0.051100 0.027400 0.045400 0.037000 0.032400 0.031900 0.027500 0.027200 0.031900
AfricanBuf 0.027200 0.129300 0.022300 0.080200 0.036700 0.022700 0.055500 0.027200 0.017900 0.055100 0.027200 0.000000 0.031900 0.032000 0.045500 0.036700 0.041300 0.041300 0.027200 0.017800 0.060600 0.022700 0.041200 0.050600 0.022700 0.036600 0.027200 0.013300 0.036500 0.013300 0.050600 0.036600 0.051600 0.031900 0.027500 0.013400 0.031600 0.046000 0.050200 0.041600 0.041100 0.050500 0.054900 0.050700 0.017900 0.044800 0.046200 0.041600 0.041000 0.027300 0.017800 0.013300
Topi 0.013600 0.130900 0.041300 0.096300 0.032300 0.018200 0.041700 0.032100 0.041600 0.051000 0.013600 0.031900 0.000000 0.027600 0.041100 0.032300 0.046500 0.046500 0.022800 0.041300 0.056300 0.018300 0.046400 0.056000 0.018200 0.032200 0.013600 0.036700 0.032200 0.036600 0.046500 0.032200 0.057100 0.018300 0.023100 0.027400 0.027300 0.041700 0.045900 0.046900 0.046300 0.046200 0.050800 0.056100 0.032100 0.050100 0.041800 0.037200 0.036600 0.032300 0.031900 0.036600
CommonDuik 0.022900 0.141500 0.041300 0.096500 0.023000 0.018300 0.023000 0.022800 0.041700 0.060600 0.022900 0.032000 0.027600 0.000000 0.031900 0.023000 0.046600 0.046600 0.022900 0.041300 0.037300 0.018300 0.046500 0.056100 0.018300 0.022900 0.022800 0.036800 0.022900 0.036700 0.056100 0.004600 0.057200 0.027600 0.023100 0.027500 0.027300 0.032300 0.036600 0.047000 0.046400 0.036800 0.060500 0.056200 0.032200 0.040900 0.032400 0.027800 0.027400 0.032300 0.041300 0.036700
Suni 0.036400 0.155400 0.054800 0.110400 0.036600 0.031800 0.055400 0.036400 0.055300 0.074200 0.036400 0.045500 0.041100 0.031900 0.000000 0.036700 0.060300 0.060300 0.036400 0.054900 0.060500 0.031800 0.060100 0.069800 0.031800 0.036500 0.036300 0.050300 0.036500 0.050200 0.069800 0.036500 0.066100 0.041200 0.036800 0.041000 0.040800 0.045900 0.050100 0.060800 0.060000 0.050400 0.074000 0.069800 0.045800 0.054300 0.046100 0.041500 0.040900 0.045900 0.054800 0.050200
Springbuck 0.027600 0.134900 0.046200 0.091600 0.027700 0.023000 0.046600 0.009100 0.037000 0.055900 0.027600 0.036700 0.032300 0.023000 0.036700 0.000000 0.042000 0.041900 0.027600 0.036800 0.023200 0.023000 0.041800 0.051400 0.023000 0.000100 0.027500 0.032200 0.000100 0.041500 0.051400 0.027700 0.052400 0.032400 0.027900 0.032300 0.032100 0.027700 0.022800 0.042300 0.041800 0.013700 0.055800 0.051500 0.037000 0.045700 0.027800 0.032600 0.032100 0.037100 0.046100 0.041500
Okapi 0.041700 0.141400 0.055500 0.066400 0.051400 0.037000 0.070800 0.051100 0.041600 0.041400 0.041600 0.041300 0.046500 0.046600 0.060300 0.042000 0.000000 0.018300 0.041700 0.041300 0.066300 0.037000 0.027500 0.037000 0.037000 0.041800 0.041600 0.036800 0.041700 0.046100 0.046500 0.051400 0.037500 0.046500 0.042100 0.036800 0.046100 0.051400 0.065200 0.037300 0.027500 0.055900 0.041300 0.037000 0.041600 0.069400 0.061300 0.056600 0.055700 0.032300 0.050700 0.046100
Giraffe 0.041600 0.141300 0.055500 0.066400 0.051400 0.037000 0.070800 0.051100 0.041600 0.041400 0.041600 0.041300 0.046500 0.046600 0.060300 0.041900 0.018300 0.000000 0.041600 0.041300 0.066300 0.037000 0.027500 0.036900 0.037000 0.041800 0.041600 0.036800 0.041700 0.046000 0.046500 0.051400 0.037500 0.046500 0.042100 0.036800 0.046100 0.051400 0.065200 0.037300 0.027500 0.046400 0.041300 0.037000 0.041600 0.069400 0.061300 0.046900 0.055700 0.032300 0.050700 0.046000
TibetanAnt 0.009000 0.135600 0.036500 0.080900 0.027500 0.004500 0.046300 0.027400 0.036800 0.055500 0.009000 0.027200 0.022800 0.022900 0.036400 0.027600 0.041700 0.041600 0.000000 0.036500 0.051400 0.004500 0.041500 0.051100 0.004500 0.027500 0.018100 0.032000 0.027400 0.031900 0.051100 0.027500 0.052100 0.022800 0.018400 0.022800 0.013500 0.036900 0.041100 0.042000 0.041500 0.041400 0.055400 0.051100 0.027400 0.045400 0.027600 0.032400 0.031900 0.027500 0.036500 0.031900
Sitatunga 0.036500 0.129400 0.022200 0.080300 0.046100 0.031900 0.065100 0.036500 0.008900 0.055100 0.036500 0.017800 0.041300 0.041300 0.054900 0.036800 0.041300 0.041300 0.036500 0.000000 0.060700 0.031900 0.041200 0.041300 0.031900 0.036600 0.036400 0.004400 0.036600 0.022200 0.050700 0.046000 0.051600 0.041300 0.036900 0.021200 0.040900 0.046100 0.059700 0.041600 0.041100 0.050600 0.055000 0.041300 0.026900 0.054000 0.055700 0.051100 0.050400 0.036600 0.017700 0.012700
Oribi 0.051300 0.162600 0.070400 0.117800 0.051600 0.046600 0.061300 0.032400 0.061100 0.080500 0.051300 0.060600 0.056300 0.037300 0.060500 0.023200 0.066300 0.066300 0.051400 0.060700 0.000000 0.046700 0.066100 0.076000 0.046700 0.023100 0.051200 0.056100 0.023100 0.065600 0.076100 0.042000 0.077600 0.051500 0.052000 0.056200 0.055800 0.051600 0.036800 0.066900 0.066000 0.037100 0.080300 0.076100 0.061100 0.069600 0.046900 0.056800 0.055900 0.061300 0.070300 0.065600
BarbaryShe 0.004500 0.130700 0.031900 0.086200 0.022900 0.000000 0.041700 0.022800 0.032200 0.050900 0.004500 0.022700 0.018300 0.018300 0.031800 0.023000 0.037000 0.037000 0.004500 0.031900 0.046700 0.000000 0.036900 0.046400 0.000000 0.022900 0.013600 0.027400 0.022900 0.027300 0.046400 0.022900 0.047300 0.018300 0.013800 0.018200 0.009000 0.032300 0.036600 0.037300 0.036900 0.036800 0.050800 0.046500 0.022800 0.040800 0.032400 0.027700 0.027300 0.022900 0.031900 0.027300
Daviddeer 0.041500 0.120200 0.055400 0.066100 0.051200 0.036900 0.070600 0.051000 0.041500 0.022700 0.041500 0.041200 0.046400 0.046500 0.060100 0.041800 0.027500 0.027500 0.041500 0.041200 0.066100 0.036900 0.000000 0.018200 0.036900 0.041700 0.041400 0.036600 0.041600 0.045900 0.027500 0.051200 0.037600 0.046400 0.042000 0.036700 0.046000 0.051200 0.065000 0.018400 0.000000 0.055800 0.022700 0.018300 0.041400 0.069200 0.061100 0.056400 0.055500 0.032200 0.050500 0.045900
Reindeer 0.051100 0.130700 0.065000 0.065900 0.061000 0.046400 0.080500 0.060600 0.051000 0.022700 0.051100 0.050600 0.056000 0.056100 0.069800 0.051400 0.037000 0.036900 0.051100 0.041300 0.076000 0.046400 0.018200 0.000000 0.046400 0.051300 0.051000 0.046100 0.051200 0.055400 0.027400 0.060900 0.047300 0.056000 0.051700 0.046200 0.055500 0.061000 0.070000 0.009100 0.018200 0.065500 0.022600 0.000000 0.051000 0.078900 0.070900 0.066200 0.065200 0.041600 0.060100 0.055400
Ibex 0.004500 0.130700 0.031900 0.086100 0.022900 0.000000 0.041600 0.022800 0.032200 0.050900 0.004500 0.022700 0.018200 0.018300 0.031800 0.023000 0.037000 0.037000 0.004500 0.031900 0.046700 0.000000 0.036900 0.046400 0.000000 0.022900 0.013600 0.027400 0.022800 0.027300 0.046400 0.022900 0.047300 0.018300 0.013800 0.018200 0.009000 0.032200 0.036500 0.037300 0.036900 0.036700 0.050800 0.046400 0.022800 0.040800 0.032300 0.027700 0.027300 0.022900 0.031900 0.027300
GyrantGaze 0.027500 0.134800 0.046000 0.091300 0.027600 0.022900 0.046500 0.009100 0.036900 0.055800 0.027500 0.036600 0.032200 0.022900 0.036500 0.000100 0.041800 0.041800 0.027500 0.036600 0.023100 0.022900 0.041700 0.051300 0.022900 0.000000 0.027400 0.032100 0.000000 0.041400 0.051300 0.027600 0.052300 0.032200 0.027800 0.032100 0.031900 0.027600 0.022700 0.042100 0.041600 0.013600 0.055600 0.051300 0.036900 0.045500 0.027700 0.032500 0.032000 0.037000 0.046000 0.041400
Hartebeest 0.009000 0.125100 0.036400 0.090800 0.027500 0.013600 0.036800 0.027300 0.036700 0.046000 0.009000 0.027200 0.013600 0.022800 0.036300 0.027500 0.041600 0.041600 0.018100 0.036400 0.051200 0.013600 0.041400 0.051000 0.013600 0.027400 0.000000 0.031900 0.027400 0.031800 0.041500 0.027400 0.051900 0.004500 0.018300 0.022700 0.022600 0.036800 0.041000 0.041900 0.041400 0.041300 0.045900 0.051000 0.027300 0.045300 0.036900 0.032300 0.031800 0.027500 0.027200 0.031800
Bongo 0.032000 0.124700 0.017800 0.075600 0.041500 0.027400 0.060500 0.031900 0.004400 0.050500 0.032000 0.013300 0.036700 0.036800 0.050300 0.032200 0.036800 0.036800 0.032000 0.004400 0.056100 0.027400 0.036600 0.046100 0.027400 0.032100 0.031900 0.000000 0.032000 0.017800 0.046100 0.041500 0.047000 0.036700 0.032300 0.017900 0.036400 0.041500 0.055200 0.037000 0.036600 0.046000 0.050400 0.046100 0.022400 0.049600 0.051200 0.046500 0.045800 0.032000 0.013300 0.008400
Gerenuk 0.027400 0.134500 0.045900 0.091100 0.027600 0.022800 0.046400 0.009100 0.036800 0.055600 0.027400 0.036500 0.032200 0.022900 0.036500 0.000100 0.041700 0.041700 0.027400 0.036600 0.023100 0.022900 0.041600 0.051200 0.022800 0.000000 0.027400 0.032000 0.000000 0.041300 0.051200 0.027500 0.052200 0.032200 0.027800 0.032100 0.031900 0.027600 0.022700 0.042100 0.041600 0.013600 0.055500 0.051200 0.036800 0.045400 0.027700 0.032400 0.031900 0.036900 0.045900 0.041300
CommonElan 0.031900 0.134700 0.017700 0.085300 0.041400 0.027300 0.060400 0.031800 0.022400 0.059900 0.031900 0.013300 0.036600 0.036700 0.050200 0.041500 0.046100 0.046000 0.031900 0.022200 0.065600 0.027300 0.045900 0.055400 0.027300 0.041400 0.031800 0.017800 0.041300 0.000000 0.055400 0.041400 0.056500 0.036600 0.032200 0.017800 0.036300 0.050800 0.055000 0.046400 0.045900 0.055300 0.059700 0.055500 0.022400 0.040200 0.051000 0.046400 0.045700 0.031900 0.013200 0.008800
MuntiacusR 0.041600 0.120500 0.065000 0.075800 0.061000 0.046400 0.070700 0.060600 0.051000 0.004500 0.041600 0.050600 0.046500 0.056100 0.069800 0.051400 0.046500 0.046500 0.051100 0.050700 0.076100 0.046400 0.027500 0.027400 0.046400 0.051300 0.041500 0.046100 0.051200 0.055400 0.000000 0.060900 0.047300 0.046500 0.051700 0.046200 0.055500 0.061000 0.074800 0.018400 0.027500 0.065500 0.004500 0.027500 0.051000 0.078900 0.071000 0.066200 0.065200 0.051200 0.050600 0.055400
HarveysDui 0.027500 0.146700 0.046000 0.101500 0.027600 0.022900 0.027600 0.027500 0.046400 0.065400 0.027500 0.036600 0.032200 0.004600 0.036500 0.027700 0.051400 0.051400 0.027500 0.046000 0.042000 0.022900 0.051200 0.060900 0.022900 0.027600 0.027400 0.041500 0.027500 0.041400 0.060900 0.000000 0.062100 0.032200 0.027800 0.032100 0.031900 0.037000 0.041300 0.051800 0.051200 0.041500 0.065200 0.061000 0.036900 0.045500 0.037100 0.032500 0.032000 0.037000 0.046000 0.041400
Pronghorn 0.052100 0.144000 0.066200 0.077700 0.062200 0.047300 0.082100 0.061800 0.052000 0.051900 0.052100 0.051600 0.057100 0.057200 0.066100 0.052400 0.037500 0.037500 0.052100 0.051600 0.077600 0.047300 0.037600 0.047300 0.047300 0.052300 0.051900 0.047000 0.052200 0.056500 0.047300 0.062100 0.000000 0.057100 0.052700 0.047000 0.056600 0.062200 0.076300 0.038000 0.037600 0.066700 0.051700 0.047300 0.051900 0.080400 0.072400 0.067500 0.066500 0.052100 0.061200 0.056500
BlueWildeb 0.013600 0.131000 0.041300 0.096300 0.032300 0.018300 0.041700 0.032100 0.041600 0.051000 0.013600 0.031900 0.018300 0.027600 0.041200 0.032400 0.046500 0.046500 0.022800 0.041300 0.051500 0.018300 0.046400 0.056000 0.018300 0.032200 0.004500 0.036700 0.032200 0.036600 0.046500 0.032200 0.057100 0.000000 0.023100 0.027500 0.027300 0.041700 0.046000 0.046900 0.046400 0.046200 0.050900 0.056100 0.032200 0.050200 0.032400 0.037200 0.036600 0.032300 0.031900 0.036600
Gemsbok 0.018400 0.137300 0.036900 0.092100 0.027800 0.013800 0.046800 0.027700 0.037200 0.056200 0.018400 0.027500 0.023100 0.023100 0.036800 0.027900 0.042100 0.042100 0.018400 0.036900 0.052000 0.013800 0.042000 0.051700 0.013800 0.027800 0.018300 0.032300 0.027800 0.032200 0.051700 0.027800 0.052700 0.023100 0.000000 0.023000 0.022900 0.037300 0.041600 0.042500 0.042000 0.041800 0.056100 0.051700 0.027700 0.045900 0.037400 0.032700 0.032300 0.027800 0.036900 0.032200
Yak 0.022800 0.130000 0.026900 0.085700 0.032200 0.018200 0.051000 0.032000 0.022500 0.050600 0.022800 0.013400 0.027400 0.027500 0.041000 0.032300 0.036800 0.036800 0.022800 0.021200 0.056200 0.018200 0.036700 0.046200 0.018200 0.032100 0.022700 0.017900 0.032100 0.017800 0.046200 0.032100 0.047000 0.027500 0.023000 0.000000 0.027200 0.041600 0.045800 0.037100 0.036700 0.046100 0.050500 0.046200 0.004400 0.040400 0.041700 0.037100 0.036500 0.022800 0.022300 0.017000
BlueSheep 0.013500 0.139900 0.040900 0.095400 0.032000 0.009000 0.050700 0.031800 0.041200 0.059900 0.013500 0.031600 0.027300 0.027300 0.040800 0.032100 0.046100 0.046100 0.013500 0.040900 0.055800 0.009000 0.046000 0.055500 0.009000 0.031900 0.022600 0.036400 0.031900 0.036300 0.055500 0.031900 0.056600 0.027300 0.022900 0.027200 0.000000 0.041300 0.045500 0.046500 0.045900 0.045800 0.059800 0.055600 0.031900 0.049700 0.041400 0.036800 0.036300 0.032000 0.040900 0.036300
BohorReedb 0.036700 0.146900 0.055600 0.101600 0.018300 0.031600 0.056100 0.036800 0.046400 0.065500 0.036900 0.046000 0.041700 0.032300 0.045900 0.027700 0.051400 0.051400 0.036900 0.046100 0.051600 0.032300 0.051200 0.061000 0.032200 0.027600 0.036800 0.041500 0.027600 0.050800 0.061000 0.037000 0.062200 0.041700 0.037300 0.041600 0.041300 0.000000 0.050800 0.051800 0.051200 0.041500 0.065300 0.061000 0.046400 0.055000 0.046700 0.042000 0.041400 0.046500 0.055500 0.050800
KirksDik 0.041100 0.159600 0.059700 0.115800 0.041300 0.036500 0.060300 0.022600 0.060100 0.079200 0.041100 0.050200 0.045900 0.036600 0.050100 0.022800 0.065200 0.065200 0.041100 0.059700 0.036800 0.036600 0.065000 0.070000 0.036500 0.022700 0.041000 0.055200 0.022700 0.055000 0.074800 0.041300 0.076300 0.046000 0.041600 0.045800 0.045500 0.050800 0.000000 0.060900 0.065000 0.036500 0.079000 0.070000 0.050600 0.059100 0.041500 0.046300 0.045600 0.050800 0.059600 0.055000
RoeDeer 0.042000 0.121500 0.056000 0.066600 0.051800 0.037300 0.071400 0.051500 0.041900 0.022900 0.042000 0.041600 0.046900 0.047000 0.060800 0.042300 0.037300 0.037300 0.042000 0.041600 0.066900 0.037300 0.018400 0.009100 0.037300 0.042100 0.041900 0.037000 0.042100 0.046400 0.018400 0.051800 0.038000 0.046900 0.042500 0.037100 0.046500 0.051800 0.060900 0.000000 0.018400 0.056400 0.022800 0.009100 0.041900 0.069600 0.061800 0.057000 0.056200 0.042100 0.051100 0.046400
WhiteLippe 0.041500 0.120100 0.055300 0.066100 0.051200 0.036800 0.070500 0.050900 0.041400 0.022700 0.041500 0.041100 0.046300 0.046400 0.060000 0.041800 0.027500 0.027500 0.041500 0.041100 0.066000 0.036900 0.000000 0.018200 0.036900 0.041600 0.041400 0.036600 0.041600 0.045900 0.027500 0.051200 0.037600 0.046400 0.042000 0.036700 0.045900 0.051200 0.065000 0.018400 0.000000 0.055700 0.022700 0.018200 0.041400 0.069100 0.061000 0.056300 0.055500 0.032100 0.050500 0.045900
ThomsonGaz 0.041400 0.150000 0.060000 0.106100 0.041500 0.036700 0.060600 0.022800 0.050900 0.069900 0.041300 0.050500 0.046200 0.036800 0.050400 0.013700 0.055900 0.046400 0.041400 0.050600 0.037100 0.036800 0.055800 0.065500 0.036700 0.013600 0.041300 0.046000 0.013600 0.055300 0.065500 0.041500 0.066700 0.046200 0.041800 0.046100 0.045800 0.041500 0.036500 0.056400 0.055700 0.000000 0.069800 0.065500 0.050900 0.059400 0.041700 0.037000 0.045900 0.051100 0.060000 0.055300
MuntiacusC 0.046000 0.124600 0.069300 0.070200 0.065300 0.050700 0.075000 0.064900 0.055400 0.000000 0.046000 0.054900 0.050800 0.060500 0.074000 0.055800 0.041300 0.041300 0.055400 0.055000 0.080300 0.050800 0.022700 0.022600 0.050800 0.055600 0.045900 0.050400 0.055500 0.059700 0.004500 0.065200 0.051700 0.050900 0.056100 0.050500 0.059800 0.065300 0.079000 0.022800 0.022700 0.069800 0.000000 0.022600 0.055300 0.083100 0.075300 0.070500 0.069500 0.046000 0.054900 0.059700
WhiteTaile 0.051100 0.130800 0.065100 0.066000 0.061000 0.046400 0.080600 0.060700 0.051100 0.022700 0.051100 0.050700 0.056100 0.056200 0.069800 0.051500 0.037000 0.037000 0.051100 0.041300 0.076100 0.046500 0.018300 0.000000 0.046400 0.051300 0.051000 0.046100 0.051200 0.055500 0.027500 0.061000 0.047300 0.056100 0.051700 0.046200 0.055600 0.061000 0.070000 0.009100 0.018200 0.065500 0.022600 0.000000 0.051000 0.079000 0.071000 0.066300 0.065300 0.041700 0.060200 0.055500
Cattle 0.027400 0.135300 0.031400 0.090800 0.036900 0.022800 0.055900 0.036700 0.025700 0.055400 0.027400 0.017900 0.032100 0.032200 0.045800 0.037000 0.041600 0.041600 0.027400 0.026900 0.061100 0.022800 0.041400 0.051000 0.022800 0.036900 0.027300 0.022400 0.036800 0.022400 0.051000 0.036900 0.051900 0.032200 0.027700 0.004400 0.031900 0.046400 0.050600 0.041900 0.041400 0.050900 0.055300 0.051000 0.000000 0.045000 0.046500 0.041800 0.041200 0.027500 0.026800 0.022400
RoyalAntel 0.045400 0.154300 0.054000 0.119700 0.045600 0.040800 0.064200 0.045300 0.054400 0.083300 0.045400 0.044800 0.050100 0.040900 0.054300 0.045700 0.069400 0.069400 0.045400 0.054000 0.069600 0.040800 0.069200 0.078900 0.040800 0.045500 0.045300 0.049600 0.045400 0.040200 0.078900 0.045500 0.080400 0.050200 0.045900 0.040400 0.049700 0.055000 0.059100 0.069600 0.069100 0.059400 0.083100 0.079000 0.045000 0.000000 0.055100 0.050500 0.049800 0.055000 0.054000 0.049400
Steenbok 0.037000 0.146000 0.055700 0.091800 0.037200 0.032300 0.056300 0.027600 0.056200 0.075400 0.037000 0.046200 0.041800 0.032400 0.046100 0.027800 0.061300 0.061300 0.027600 0.055700 0.046900 0.032400 0.061100 0.070900 0.032300 0.027700 0.036900 0.051200 0.027700 0.051000 0.071000 0.037100 0.072400 0.032400 0.037400 0.041700 0.041400 0.046700 0.041500 0.061800 0.061000 0.041700 0.075300 0.071000 0.046500 0.055100 0.000000 0.042200 0.041500 0.046700 0.055700 0.051000
Impala 0.032400 0.142300 0.051100 0.107400 0.032500 0.027700 0.051600 0.032300 0.051500 0.070700 0.032400 0.041600 0.037200 0.027800 0.041500 0.032600 0.056600 0.046900 0.032400 0.051100 0.056800 0.027700 0.056400 0.066200 0.027700 0.032500 0.032300 0.046500 0.032400 0.046400 0.066200 0.032500 0.067500 0.037200 0.032700 0.037100 0.036800 0.042000 0.046300 0.057000 0.056300 0.037000 0.070500 0.066300 0.041800 0.050500 0.042200 0.000000 0.036900 0.042000 0.051000 0.046400
Klipspring 0.031900 0.150700 0.050300 0.105700 0.032000 0.027300 0.050800 0.031900 0.050700 0.069700 0.031900 0.041000 0.036600 0.027400 0.040900 0.032100 0.055700 0.055700 0.031900 0.050400 0.055900 0.027300 0.055500 0.065200 0.027300 0.032000 0.031800 0.045800 0.031900 0.045700 0.065200 0.032000 0.066500 0.036600 0.032300 0.036500 0.036300 0.041400 0.045600 0.056200 0.055500 0.045900 0.069500 0.065300 0.041200 0.049800 0.041500 0.036900 0.000000 0.041400 0.050300 0.045700
ForestMusk 0.027500 0.135900 0.041300 0.081100 0.037000 0.022900 0.056100 0.036800 0.036800 0.046100 0.027500 0.027300 0.032300 0.032300 0.045900 0.037100 0.032300 0.032300 0.027500 0.036600 0.061300 0.022900 0.032200 0.041600 0.022900 0.037000 0.027500 0.032000 0.036900 0.031900 0.051200 0.037000 0.052100 0.032300 0.027800 0.022800 0.032000 0.046500 0.050800 0.042100 0.032100 0.051100 0.046000 0.041700 0.027500 0.055000 0.046700 0.042000 0.041400 0.000000 0.036500 0.031900
Bushbuck 0.027200 0.129400 0.013200 0.090100 0.046000 0.031900 0.055500 0.036400 0.016900 0.055100 0.027200 0.017800 0.031900 0.041300 0.054800 0.046100 0.050700 0.050700 0.036500 0.017700 0.070300 0.031900 0.050500 0.060100 0.031900 0.046000 0.027200 0.013300 0.045900 0.013200 0.050600 0.046000 0.061200 0.031900 0.036900 0.022300 0.040900 0.055500 0.059600 0.051100 0.050500 0.060000 0.054900 0.060200 0.026800 0.054000 0.055700 0.051000 0.050300 0.036500 0.000000 0.004400
GreaterKud 0.031900 0.134700 0.008800 0.085300 0.041400 0.027300 0.060400 0.031800 0.013400 0.059900 0.031900 0.013300 0.036600 0.036700 0.050200 0.041500 0.046100 0.046000 0.031900 0.012700 0.065600 0.027300 0.045900 0.055400 0.027300 0.041400 0.031800 0.008400 0.041300 0.008800 0.055400 0.041400 0.056500 0.036600 0.032200 0.017000 0.036300 0.050800 0.055000 0.046400 0.045900 0.055300 0.059700 0.055500 0.022400 0.049400 0.051000 0.046400 0.045700 0.031900 0.004400 0.000000
