CODONML (in paml version 4.10.7, June 2023)  /home/rachel/ruminants_paml/6406-phy-tree/ENSBTAT00000045669.fasta.phy
Model: free dN/dS Ratios for branches,  kappa = 2.000 fixed

Codon frequency model: F3x4
ns =  54  ls =  34

Codon usage in sequences
--------------------------------------------------------------------------------------------------------------------------------------
Phe TTT   1   2   1   1   1   1 | Ser TCT   0   1   0   0   1   1 | Tyr TAT   1   1   1   1   0   0 | Cys TGT   1   1   1   1   1   2
    TTC   2   2   2   2   2   2 |     TCC   1   0   1   1   1   1 |     TAC   3   2   3   3   2   3 |     TGC   2   2   2   2   2   2
Leu TTA   0   0   0   0   0   0 |     TCA   0   0   1   1   0   0 | *** TAA   0   0   0   0   0   0 | *** TGA   0   0   0   0   0   0
    TTG   0   0   0   0   0   0 |     TCG   1   0   0   0   0   0 |     TAG   0   0   0   0   0   0 | Trp TGG   2   2   2   2   2   2
--------------------------------------------------------------------------------------------------------------------------------------
Leu CTT   0   0   0   0   0   0 | Pro CCT   0   0   0   0   1   0 | His CAT   0   0   0   0   1   0 | Arg CGT   0   0   0   0   0   0
    CTC   0   0   0   0   0   0 |     CCC   1   1   1   1   0   0 |     CAC   1   1   1   1   2   1 |     CGC   0   0   0   0   0   0
    CTA   0   0   0   0   0   1 |     CCA   0   0   0   0   0   1 | Gln CAA   2   1   1   1   1   2 |     CGA   0   0   1   1   0   0
    CTG   2   2   2   2   2   1 |     CCG   0   0   0   0   1   0 |     CAG   0   0   0   0   1   1 |     CGG   1   1   1   1   0   0
--------------------------------------------------------------------------------------------------------------------------------------
Ile ATT   0   0   0   0   0   0 | Thr ACT   0   1   0   0   0   1 | Asn AAT   0   0   0   0   1   0 | Ser AGT   0   0   0   0   0   0
    ATC   0   0   0   0   0   0 |     ACC   1   0   1   1   1   0 |     AAC   1   1   1   1   0   1 |     AGC   1   2   1   1   1   1
    ATA   0   0   0   0   0   0 |     ACA   0   1   0   0   0   0 | Lys AAA   0   0   0   0   0   0 | Arg AGA   0   0   0   0   0   0
Met ATG   0   0   0   0   0   0 |     ACG   0   1   0   0   0   0 |     AAG   2   2   2   2   2   5 |     AGG   2   1   2   2   2   0
--------------------------------------------------------------------------------------------------------------------------------------
Val GTT   0   0   0   0   0   0 | Ala GCT   1   1   2   2   2   2 | Asp GAT   0   0   0   0   0   1 | Gly GGT   0   0   0   0   0   0
    GTC   0   0   0   0   0   0 |     GCC   1   0   0   0   0   0 |     GAC   0   0   0   0   1   0 |     GGC   0   0   1   1   0   0
    GTA   0   0   0   0   0   0 |     GCA   0   1   0   0   0   0 | Glu GAA   0   0   0   0   0   0 |     GGA   1   2   1   1   2   2
    GTG   0   0   0   0   0   0 |     GCG   0   0   0   0   0   0 |     GAG   2   2   2   2   1   0 |     GGG   1   0   0   0   0   0
--------------------------------------------------------------------------------------------------------------------------------------

--------------------------------------------------------------------------------------------------------------------------------------
Phe TTT   1   1   1   1   1   1 | Ser TCT   0   0   0   0   0   1 | Tyr TAT   1   1   1   1   1   2 | Cys TGT   1   1   1   1   1   1
    TTC   2   2   2   2   2   2 |     TCC   1   1   1   1   1   0 |     TAC   3   3   3   3   3   2 |     TGC   2   2   2   2   2   2
Leu TTA   0   0   0   0   0   0 |     TCA   0   0   1   0   1   1 | *** TAA   0   0   0   0   0   0 | *** TGA   0   0   0   0   0   0
    TTG   0   0   0   0   0   0 |     TCG   1   1   0   1   0   0 |     TAG   0   0   0   0   0   0 | Trp TGG   2   2   2   2   2   2
--------------------------------------------------------------------------------------------------------------------------------------
Leu CTT   0   0   0   0   0   0 | Pro CCT   0   0   0   0   0   1 | His CAT   0   0   0   0   0   0 | Arg CGT   0   0   0   0   0   0
    CTC   0   0   0   0   0   0 |     CCC   2   1   1   1   1   1 |     CAC   1   1   1   1   1   1 |     CGC   0   0   0   0   0   0
    CTA   0   1   0   0   0   1 |     CCA   0   0   0   0   0   0 | Gln CAA   1   1   1   2   2   1 |     CGA   1   0   1   0   1   1
    CTG   2   2   2   2   2   1 |     CCG   0   0   0   0   0   0 |     CAG   0   0   0   0   0   0 |     CGG   1   1   1   1   0   1
--------------------------------------------------------------------------------------------------------------------------------------
Ile ATT   0   0   0   0   0   0 | Thr ACT   0   0   0   0   1   0 | Asn AAT   0   0   0   0   0   0 | Ser AGT   0   0   0   0   1   0
    ATC   0   0   0   0   0   0 |     ACC   1   2   1   1   0   1 |     AAC   1   1   2   1   1   1 |     AGC   1   1   1   1   1   1
    ATA   0   0   0   0   0   0 |     ACA   0   0   0   0   0   0 | Lys AAA   0   0   0   0   0   0 | Arg AGA   0   0   0   0   0   0
Met ATG   0   0   0   0   0   0 |     ACG   0   0   0   0   0   0 |     AAG   2   2   2   3   2   2 |     AGG   2   2   1   1   1   2
--------------------------------------------------------------------------------------------------------------------------------------
Val GTT   0   0   0   0   0   0 | Ala GCT   1   1   2   2   2   1 | Asp GAT   0   0   0   0   0   0 | Gly GGT   0   0   0   0   0   0
    GTC   0   0   0   0   0   0 |     GCC   0   0   0   0   0   0 |     GAC   0   0   0   0   0   0 |     GGC   0   0   0   0   1   0
    GTA   0   0   0   0   0   0 |     GCA   0   0   0   0   0   0 | Glu GAA   0   0   0   0   0   0 |     GGA   1   1   0   1   1   1
    GTG   0   0   0   0   0   0 |     GCG   0   0   0   0   0   0 |     GAG   2   2   2   2   2   2 |     GGG   1   1   2   1   0   1
--------------------------------------------------------------------------------------------------------------------------------------

--------------------------------------------------------------------------------------------------------------------------------------
Phe TTT   1   1   1   1   1   1 | Ser TCT   0   0   0   0   0   0 | Tyr TAT   1   1   0   1   1   1 | Cys TGT   1   1   0   1   1   1
    TTC   2   2   2   2   2   2 |     TCC   1   1   2   1   1   1 |     TAC   3   3   2   3   3   3 |     TGC   2   2   3   2   2   2
Leu TTA   0   0   0   0   0   0 |     TCA   0   1   0   0   0   0 | *** TAA   0   0   0   0   0   0 | *** TGA   0   0   0   0   0   0
    TTG   0   0   0   0   0   0 |     TCG   1   0   1   1   1   1 |     TAG   0   0   0   0   0   0 | Trp TGG   2   2   2   2   2   2
--------------------------------------------------------------------------------------------------------------------------------------
Leu CTT   0   0   0   0   0   0 | Pro CCT   0   0   0   0   0   0 | His CAT   0   0   1   0   0   0 | Arg CGT   0   0   0   0   0   0
    CTC   0   0   0   0   0   0 |     CCC   1   1   1   1   1   1 |     CAC   1   1   1   1   1   1 |     CGC   0   0   0   0   0   0
    CTA   0   0   0   0   0   0 |     CCA   0   0   0   0   0   0 | Gln CAA   2   1   1   2   0   1 |     CGA   0   1   1   0   1   1
    CTG   2   2   2   2   2   2 |     CCG   0   0   0   0   0   0 |     CAG   0   0   0   0   1   0 |     CGG   1   1   1   1   1   1
--------------------------------------------------------------------------------------------------------------------------------------
Ile ATT   0   0   0   0   0   0 | Thr ACT   0   0   0   0   0   0 | Asn AAT   0   0   0   0   0   0 | Ser AGT   0   0   0   0   0   0
    ATC   0   0   0   0   0   0 |     ACC   1   1   1   1   1   1 |     AAC   1   1   1   1   1   0 |     AGC   1   1   1   2   1   2
    ATA   0   0   0   0   0   0 |     ACA   0   0   0   0   0   0 | Lys AAA   0   0   0   0   0   0 | Arg AGA   0   0   0   0   0   0
Met ATG   0   0   0   0   0   0 |     ACG   0   0   0   0   0   0 |     AAG   2   2   2   2   2   3 |     AGG   2   1   2   1   1   1
--------------------------------------------------------------------------------------------------------------------------------------
Val GTT   0   0   0   0   0   0 | Ala GCT   2   2   2   2   2   2 | Asp GAT   0   0   0   0   0   0 | Gly GGT   0   0   0   0   0   0
    GTC   0   0   0   0   0   0 |     GCC   0   0   0   0   0   0 |     GAC   0   0   0   0   0   0 |     GGC   0   1   0   0   0   1
    GTA   0   0   0   0   0   0 |     GCA   0   0   0   0   0   0 | Glu GAA   0   0   0   0   0   0 |     GGA   1   1   1   0   1   1
    GTG   0   0   0   0   0   0 |     GCG   0   0   0   0   0   0 |     GAG   2   2   2   2   2   2 |     GGG   1   1   1   2   2   0
--------------------------------------------------------------------------------------------------------------------------------------

--------------------------------------------------------------------------------------------------------------------------------------
Phe TTT   1   1   1   1   1   1 | Ser TCT   0   0   0   0   0   0 | Tyr TAT   1   1   1   1   1   1 | Cys TGT   1   2   1   1   1   1
    TTC   2   2   2   2   2   2 |     TCC   2   1   1   1   1   1 |     TAC   3   3   3   3   3   3 |     TGC   2   1   2   2   2   2
Leu TTA   0   0   0   0   0   0 |     TCA   0   0   0   1   0   0 | *** TAA   0   0   0   0   0   0 | *** TGA   0   0   0   0   0   0
    TTG   0   0   0   0   1   0 |     TCG   0   0   1   0   0   1 |     TAG   0   0   0   0   0   0 | Trp TGG   2   2   2   2   2   2
--------------------------------------------------------------------------------------------------------------------------------------
Leu CTT   0   0   0   0   0   0 | Pro CCT   0   1   0   0   0   0 | His CAT   0   0   0   0   0   0 | Arg CGT   0   0   0   0   0   0
    CTC   0   0   0   0   0   0 |     CCC   1   1   1   1   1   1 |     CAC   1   1   1   1   1   1 |     CGC   0   0   0   0   0   0
    CTA   0   0   0   0   0   0 |     CCA   0   0   0   0   0   0 | Gln CAA   1   1   1   2   1   1 |     CGA   1   1   1   0   1   1
    CTG   2   2   2   2   2   2 |     CCG   0   0   0   0   0   0 |     CAG   0   0   0   0   0   0 |     CGG   1   1   1   1   1   1
--------------------------------------------------------------------------------------------------------------------------------------
Ile ATT   0   0   0   0   0   0 | Thr ACT   0   0   1   0   0   0 | Asn AAT   0   0   0   0   0   0 | Ser AGT   0   0   0   1   0   0
    ATC   0   0   0   0   0   0 |     ACC   1   1   0   1   1   1 |     AAC   1   1   1   1   1   1 |     AGC   1   1   1   1   1   1
    ATA   0   0   0   0   0   0 |     ACA   0   0   0   0   0   0 | Lys AAA   0   0   0   0   0   0 | Arg AGA   0   0   0   0   0   0
Met ATG   0   0   0   0   0   0 |     ACG   0   0   0   0   0   0 |     AAG   3   2   2   2   3   2 |     AGG   1   2   2   1   1   2
--------------------------------------------------------------------------------------------------------------------------------------
Val GTT   0   0   0   0   0   0 | Ala GCT   2   2   2   2   2   2 | Asp GAT   0   0   0   0   0   0 | Gly GGT   0   0   0   0   0   0
    GTC   0   0   0   0   0   0 |     GCC   0   0   0   0   0   0 |     GAC   1   1   0   0   0   0 |     GGC   0   0   0   1   0   0
    GTA   0   0   0   0   0   0 |     GCA   0   0   0   0   0   0 | Glu GAA   0   0   0   0   0   0 |     GGA   1   1   1   1   1   1
    GTG   0   0   0   0   0   0 |     GCG   0   0   0   0   0   0 |     GAG   1   1   2   2   2   2 |     GGG   1   1   1   0   1   1
--------------------------------------------------------------------------------------------------------------------------------------

--------------------------------------------------------------------------------------------------------------------------------------
Phe TTT   1   1   1   1   1   1 | Ser TCT   1   1   0   0   0   0 | Tyr TAT   2   2   1   1   0   1 | Cys TGT   1   1   1   1   0   1
    TTC   2   2   2   2   2   2 |     TCC   0   0   1   1   1   1 |     TAC   2   2   3   3   3   3 |     TGC   2   2   2   2   3   2
Leu TTA   0   0   0   0   0   0 |     TCA   0   1   0   0   0   1 | *** TAA   0   0   0   0   0   0 | *** TGA   0   0   0   0   0   0
    TTG   0   0   0   0   0   0 |     TCG   1   0   1   1   1   0 |     TAG   0   0   0   0   0   0 | Trp TGG   2   2   2   2   2   2
--------------------------------------------------------------------------------------------------------------------------------------
Leu CTT   0   0   0   0   0   0 | Pro CCT   1   1   0   0   0   0 | His CAT   0   0   0   0   1   0 | Arg CGT   0   0   0   0   0   0
    CTC   0   0   0   0   0   0 |     CCC   1   1   1   1   1   1 |     CAC   1   1   1   1   1   1 |     CGC   0   0   0   0   0   0
    CTA   1   1   0   0   0   0 |     CCA   0   0   0   0   0   0 | Gln CAA   2   1   1   1   1   2 |     CGA   0   1   1   1   1   0
    CTG   1   1   2   2   2   2 |     CCG   0   0   0   0   0   0 |     CAG   0   0   0   0   0   0 |     CGG   1   1   1   1   1   1
--------------------------------------------------------------------------------------------------------------------------------------
Ile ATT   0   0   0   0   0   0 | Thr ACT   0   0   0   0   0   0 | Asn AAT   0   0   0   0   0   0 | Ser AGT   0   0   0   0   0   0
    ATC   0   0   0   0   0   0 |     ACC   1   1   1   1   1   1 |     AAC   1   1   1   1   1   1 |     AGC   1   1   1   1   1   1
    ATA   0   0   0   0   0   0 |     ACA   0   0   0   0   0   0 | Lys AAA   0   0   0   1   0   0 | Arg AGA   0   0   0   0   0   0
Met ATG   0   0   0   0   0   0 |     ACG   0   0   0   0   0   0 |     AAG   2   2   2   2   2   2 |     AGG   2   2   2   1   2   2
--------------------------------------------------------------------------------------------------------------------------------------
Val GTT   0   0   0   0   0   0 | Ala GCT   1   1   2   2   2   2 | Asp GAT   0   0   0   0   0   0 | Gly GGT   0   1   0   0   0   0
    GTC   0   0   0   0   0   0 |     GCC   0   0   0   0   0   0 |     GAC   0   0   0   0   0   0 |     GGC   0   0   0   0   0   1
    GTA   0   0   0   0   0   0 |     GCA   0   0   0   0   0   0 | Glu GAA   0   0   0   0   0   0 |     GGA   1   0   1   1   1   1
    GTG   0   0   0   0   0   0 |     GCG   0   0   0   0   0   0 |     GAG   2   2   2   2   2   2 |     GGG   1   1   1   1   1   0
--------------------------------------------------------------------------------------------------------------------------------------

--------------------------------------------------------------------------------------------------------------------------------------
Phe TTT   1   1   1   1   1   1 | Ser TCT   0   0   1   0   0   0 | Tyr TAT   1   1   2   1   1   0 | Cys TGT   1   1   1   2   1   1
    TTC   2   2   2   2   2   2 |     TCC   1   1   0   1   1   1 |     TAC   3   3   2   3   3   4 |     TGC   2   2   2   1   2   2
Leu TTA   0   0   0   0   0   0 |     TCA   0   1   0   0   1   0 | *** TAA   0   0   0   0   0   0 | *** TGA   0   0   0   0   0   0
    TTG   0   0   0   0   0   0 |     TCG   1   0   1   1   0   1 |     TAG   0   0   0   0   0   0 | Trp TGG   2   2   2   2   2   2
--------------------------------------------------------------------------------------------------------------------------------------
Leu CTT   0   0   0   0   0   0 | Pro CCT   0   0   1   0   0   0 | His CAT   0   0   0   0   0   0 | Arg CGT   0   0   0   0   0   0
    CTC   0   0   0   0   1   0 |     CCC   1   1   1   1   1   1 |     CAC   1   1   1   1   1   1 |     CGC   0   0   0   0   0   0
    CTA   0   0   1   0   0   0 |     CCA   0   0   0   0   0   0 | Gln CAA   2   1   1   1   0   1 |     CGA   0   1   1   1   1   1
    CTG   2   2   1   2   1   2 |     CCG   0   0   0   0   0   0 |     CAG   0   0   0   0   0   0 |     CGG   1   1   1   1   2   1
--------------------------------------------------------------------------------------------------------------------------------------
Ile ATT   0   0   0   0   0   0 | Thr ACT   0   0   0   0   0   0 | Asn AAT   0   0   0   0   0   0 | Ser AGT   0   0   0   0   0   0
    ATC   0   0   0   0   0   0 |     ACC   1   1   1   1   1   1 |     AAC   1   1   1   1   1   1 |     AGC   1   1   1   2   1   1
    ATA   0   0   0   0   0   0 |     ACA   0   0   0   0   0   0 | Lys AAA   0   0   0   0   0   0 | Arg AGA   0   0   0   0   0   1
Met ATG   0   0   0   0   0   0 |     ACG   0   0   0   0   0   0 |     AAG   3   2   2   2   3   2 |     AGG   1   2   2   1   1   1
--------------------------------------------------------------------------------------------------------------------------------------
Val GTT   0   0   0   0   0   0 | Ala GCT   2   2   1   2   2   2 | Asp GAT   0   0   0   0   0   0 | Gly GGT   0   0   0   0   0   0
    GTC   0   0   0   0   0   0 |     GCC   0   0   0   0   0   0 |     GAC   0   0   0   0   0   0 |     GGC   1   1   0   0   0   0
    GTA   0   0   0   0   0   0 |     GCA   0   0   0   0   0   0 | Glu GAA   0   0   0   0   0   0 |     GGA   1   1   1   0   1   1
    GTG   0   0   0   0   0   0 |     GCG   0   0   0   0   0   0 |     GAG   2   2   2   2   2   2 |     GGG   0   0   1   2   1   1
--------------------------------------------------------------------------------------------------------------------------------------

--------------------------------------------------------------------------------------------------------------------------------------
Phe TTT   1   1   1   1   1   1 | Ser TCT   0   0   0   0   0   0 | Tyr TAT   1   1   1   1   1   2 | Cys TGT   1   1   1   1   0   1
    TTC   2   2   2   2   2   2 |     TCC   1   1   1   1   1   1 |     TAC   3   3   3   3   3   2 |     TGC   2   2   2   2   3   2
Leu TTA   0   0   0   0   0   0 |     TCA   0   0   0   0   0   1 | *** TAA   0   0   0   0   0   0 | *** TGA   0   0   0   0   0   0
    TTG   0   0   0   0   0   0 |     TCG   1   0   1   1   1   0 |     TAG   0   0   0   0   0   0 | Trp TGG   2   2   2   2   2   2
--------------------------------------------------------------------------------------------------------------------------------------
Leu CTT   0   0   0   0   0   0 | Pro CCT   0   0   0   0   0   1 | His CAT   0   0   0   0   0   0 | Arg CGT   0   0   0   0   0   0
    CTC   0   0   0   0   0   0 |     CCC   1   1   1   1   1   1 |     CAC   1   1   1   1   1   1 |     CGC   0   0   0   0   0   0
    CTA   0   0   0   0   0   1 |     CCA   0   1   0   0   0   0 | Gln CAA   1   1   1   1   1   1 |     CGA   1   1   1   1   1   1
    CTG   2   2   2   2   2   1 |     CCG   0   0   0   0   0   0 |     CAG   0   0   0   0   0   0 |     CGG   1   1   1   1   1   1
--------------------------------------------------------------------------------------------------------------------------------------
Ile ATT   0   0   0   0   0   0 | Thr ACT   0   0   0   0   0   0 | Asn AAT   0   0   0   0   0   0 | Ser AGT   0   0   0   0   0   0
    ATC   0   0   0   0   0   0 |     ACC   1   1   1   1   0   1 |     AAC   1   1   1   1   1   1 |     AGC   1   1   1   1   1   1
    ATA   0   0   0   0   0   0 |     ACA   0   0   0   0   0   0 | Lys AAA   0   0   0   0   0   0 | Arg AGA   0   1   0   0   0   0
Met ATG   1   0   0   0   0   0 |     ACG   0   0   0   0   0   0 |     AAG   2   2   2   2   3   2 |     AGG   1   0   2   2   1   2
--------------------------------------------------------------------------------------------------------------------------------------
Val GTT   0   0   0   0   0   0 | Ala GCT   2   2   2   1   2   1 | Asp GAT   0   0   0   0   0   0 | Gly GGT   0   0   0   0   0   0
    GTC   0   0   0   0   0   0 |     GCC   0   0   0   1   1   0 |     GAC   0   0   0   0   0   0 |     GGC   0   1   0   1   0   0
    GTA   0   0   0   0   0   0 |     GCA   0   0   0   0   0   0 | Glu GAA   0   0   0   0   0   0 |     GGA   1   1   1   1   1   1
    GTG   0   0   0   0   0   0 |     GCG   0   0   0   0   0   0 |     GAG   2   2   2   2   2   2 |     GGG   1   1   1   0   1   1
--------------------------------------------------------------------------------------------------------------------------------------

--------------------------------------------------------------------------------------------------------------------------------------
Phe TTT   1   1   1   1   1   1 | Ser TCT   1   0   1   1   0   1 | Tyr TAT   2   1   2   2   1   1 | Cys TGT   1   1   1   1   1   1
    TTC   2   2   2   2   2   2 |     TCC   0   1   0   0   1   0 |     TAC   2   3   2   2   3   3 |     TGC   2   2   2   2   2   2
Leu TTA   0   0   0   0   0   0 |     TCA   0   0   1   1   0   0 | *** TAA   0   0   0   0   0   0 | *** TGA   0   0   0   0   0   0
    TTG   0   0   0   0   0   0 |     TCG   1   1   0   0   0   1 |     TAG   0   0   0   0   0   0 | Trp TGG   2   2   2   2   2   2
--------------------------------------------------------------------------------------------------------------------------------------
Leu CTT   0   0   0   0   0   0 | Pro CCT   1   0   1   1   0   0 | His CAT   0   0   0   0   0   0 | Arg CGT   0   0   0   0   0   0
    CTC   0   0   0   0   0   0 |     CCC   1   1   1   1   1   1 |     CAC   1   1   1   1   1   1 |     CGC   0   0   0   0   0   0
    CTA   1   0   1   1   0   0 |     CCA   0   0   0   0   1   0 | Gln CAA   1   1   1   1   1   2 |     CGA   1   1   1   1   1   0
    CTG   1   2   1   1   2   2 |     CCG   0   0   0   0   0   0 |     CAG   0   0   0   0   0   0 |     CGG   1   1   1   1   1   1
--------------------------------------------------------------------------------------------------------------------------------------
Ile ATT   0   0   0   0   0   0 | Thr ACT   0   0   0   0   0   0 | Asn AAT   0   0   0   0   0   0 | Ser AGT   0   0   0   1   0   0
    ATC   0   0   0   0   0   0 |     ACC   1   1   1   1   1   1 |     AAC   0   2   1   1   1   1 |     AGC   2   0   1   1   1   1
    ATA   0   0   0   0   0   0 |     ACA   0   0   0   0   0   0 | Lys AAA   0   1   0   0   0   1 | Arg AGA   0   0   0   0   1   0
Met ATG   0   0   0   0   0   0 |     ACG   0   0   0   0   0   0 |     AAG   2   2   2   2   2   1 |     AGG   2   1   2   1   0   1
--------------------------------------------------------------------------------------------------------------------------------------
Val GTT   0   0   0   0   0   0 | Ala GCT   1   2   1   1   2   2 | Asp GAT   0   0   0   0   0   0 | Gly GGT   0   0   0   1   0   0
    GTC   0   0   0   0   0   0 |     GCC   0   0   0   0   0   0 |     GAC   0   0   0   0   0   0 |     GGC   0   0   0   0   1   0
    GTA   0   0   0   0   0   0 |     GCA   0   0   0   0   0   0 | Glu GAA   0   0   0   0   0   0 |     GGA   1   1   1   0   1   1
    GTG   0   0   0   0   0   0 |     GCG   0   0   0   0   0   0 |     GAG   2   2   2   2   2   2 |     GGG   1   1   1   1   1   2
--------------------------------------------------------------------------------------------------------------------------------------

--------------------------------------------------------------------------------------------------------------------------------------
Phe TTT   1   1   1   1   1   1 | Ser TCT   0   0   1   0   0   0 | Tyr TAT   1   1   1   1   1   1 | Cys TGT   1   1   1   1   1   1
    TTC   2   2   2   2   2   2 |     TCC   1   1   0   1   1   1 |     TAC   3   3   3   3   3   3 |     TGC   2   2   2   2   2   2
Leu TTA   0   0   0   0   0   0 |     TCA   0   0   0   1   1   1 | *** TAA   0   0   0   0   0   0 | *** TGA   0   0   0   0   0   0
    TTG   0   0   0   0   0   0 |     TCG   1   1   1   0   0   0 |     TAG   0   0   0   0   0   0 | Trp TGG   2   2   2   2   2   2
--------------------------------------------------------------------------------------------------------------------------------------
Leu CTT   0   0   0   0   0   0 | Pro CCT   0   0   0   0   0   0 | His CAT   0   0   0   0   0   0 | Arg CGT   0   0   0   0   0   0
    CTC   0   0   0   0   0   0 |     CCC   1   1   1   1   1   1 |     CAC   1   1   1   1   1   1 |     CGC   0   0   0   0   0   0
    CTA   0   0   0   0   0   0 |     CCA   0   0   0   0   0   0 | Gln CAA   1   1   1   1   1   1 |     CGA   1   1   1   1   1   1
    CTG   2   2   2   2   2   2 |     CCG   0   0   0   0   0   0 |     CAG   0   0   0   0   0   0 |     CGG   1   1   1   1   1   1
--------------------------------------------------------------------------------------------------------------------------------------
Ile ATT   0   0   0   0   0   0 | Thr ACT   0   0   0   0   0   0 | Asn AAT   0   0   0   0   1   0 | Ser AGT   0   0   0   0   0   0
    ATC   0   0   0   0   0   0 |     ACC   1   1   0   1   1   1 |     AAC   1   1   2   1   0   1 |     AGC   1   1   1   1   1   1
    ATA   0   0   0   0   0   0 |     ACA   0   0   0   0   0   0 | Lys AAA   0   0   0   0   0   0 | Arg AGA   0   0   0   0   0   0
Met ATG   0   0   0   0   0   0 |     ACG   0   0   0   0   0   0 |     AAG   3   3   3   2   3   2 |     AGG   1   1   1   2   1   2
--------------------------------------------------------------------------------------------------------------------------------------
Val GTT   0   0   0   0   0   0 | Ala GCT   2   2   2   2   2   2 | Asp GAT   0   0   0   0   0   0 | Gly GGT   0   0   0   0   0   0
    GTC   0   0   0   0   0   0 |     GCC   0   0   0   0   0   0 |     GAC   0   0   0   0   0   0 |     GGC   0   1   0   1   1   1
    GTA   0   0   0   0   0   0 |     GCA   0   0   0   0   0   0 | Glu GAA   0   0   0   0   0   0 |     GGA   1   1   1   1   1   1
    GTG   0   0   0   0   0   0 |     GCG   0   0   0   0   0   0 |     GAG   2   2   2   2   2   2 |     GGG   1   0   1   0   0   0
--------------------------------------------------------------------------------------------------------------------------------------

Codon position x base (3x4) table for each sequence.

#1: Argali         
position  1:    T:0.41176    C:0.20588    A:0.20588    G:0.17647
position  2:    T:0.14706    C:0.17647    A:0.35294    G:0.32353
position  3:    T:0.11765    C:0.41176    A:0.08824    G:0.38235
Average         T:0.22549    C:0.26471    A:0.21569    G:0.29412

#2: LesserMouseDeer
position  1:    T:0.38235    C:0.17647    A:0.26471    G:0.17647
position  2:    T:0.17647    C:0.20588    A:0.29412    G:0.32353
position  3:    T:0.20588    C:0.32353    A:0.14706    G:0.32353
Average         T:0.25490    C:0.23529    A:0.23529    G:0.27451

#3: LesserKudu     
position  1:    T:0.41176    C:0.20588    A:0.20588    G:0.17647
position  2:    T:0.14706    C:0.17647    A:0.32353    G:0.35294
position  3:    T:0.14706    C:0.41176    A:0.11765    G:0.32353
Average         T:0.23529    C:0.26471    A:0.21569    G:0.28431

#4: ForestMuskDeer2
position  1:    T:0.41176    C:0.20588    A:0.20588    G:0.17647
position  2:    T:0.14706    C:0.17647    A:0.32353    G:0.35294
position  3:    T:0.14706    C:0.41176    A:0.11765    G:0.32353
Average         T:0.23529    C:0.26471    A:0.21569    G:0.28431

#5: Camel          
position  1:    T:0.35294    C:0.26471    A:0.20588    G:0.17647
position  2:    T:0.14706    C:0.20588    A:0.35294    G:0.29412
position  3:    T:0.23529    C:0.35294    A:0.08824    G:0.32353
Average         T:0.24510    C:0.27451    A:0.21569    G:0.26471

#6: KillerWhale    
position  1:    T:0.41176    C:0.20588    A:0.23529    G:0.14706
position  2:    T:0.14706    C:0.17647    A:0.41176    G:0.26471
position  3:    T:0.23529    C:0.32353    A:0.17647    G:0.26471
Average         T:0.26471    C:0.23529    A:0.27451    G:0.22549

#7: DefassaWaterbuck
position  1:    T:0.41176    C:0.23529    A:0.20588    G:0.14706
position  2:    T:0.14706    C:0.17647    A:0.32353    G:0.35294
position  3:    T:0.11765    C:0.41176    A:0.08824    G:0.38235
Average         T:0.22549    C:0.27451    A:0.20588    G:0.29412

#8: Sheep          
position  1:    T:0.41176    C:0.20588    A:0.23529    G:0.14706
position  2:    T:0.17647    C:0.17647    A:0.32353    G:0.32353
position  3:    T:0.11765    C:0.41176    A:0.08824    G:0.38235
Average         T:0.23529    C:0.26471    A:0.21569    G:0.28431

#9: MaxwellsDuiker 
position  1:    T:0.41176    C:0.20588    A:0.20588    G:0.17647
position  2:    T:0.14706    C:0.17647    A:0.35294    G:0.32353
position  3:    T:0.14706    C:0.41176    A:0.08824    G:0.35294
Average         T:0.23529    C:0.26471    A:0.21569    G:0.28431

#10: GazellaPrzewalskyi
position  1:    T:0.41176    C:0.20588    A:0.20588    G:0.17647
position  2:    T:0.14706    C:0.17647    A:0.38235    G:0.29412
position  3:    T:0.14706    C:0.38235    A:0.08824    G:0.38235
Average         T:0.23529    C:0.25490    A:0.22549    G:0.28431

#11: MountainNyala  
position  1:    T:0.41176    C:0.20588    A:0.20588    G:0.17647
position  2:    T:0.14706    C:0.17647    A:0.35294    G:0.32353
position  3:    T:0.20588    C:0.38235    A:0.14706    G:0.26471
Average         T:0.25490    C:0.25490    A:0.23529    G:0.25490

#12: MuntiacusMuntjak
position  1:    T:0.41176    C:0.23529    A:0.20588    G:0.14706
position  2:    T:0.14706    C:0.17647    A:0.32353    G:0.35294
position  3:    T:0.20588    C:0.32353    A:0.14706    G:0.32353
Average         T:0.25490    C:0.24510    A:0.22549    G:0.27451

#13: goat           
position  1:    T:0.41176    C:0.20588    A:0.20588    G:0.17647
position  2:    T:0.14706    C:0.17647    A:0.35294    G:0.32353
position  3:    T:0.14706    C:0.38235    A:0.08824    G:0.38235
Average         T:0.23529    C:0.25490    A:0.21569    G:0.29412

#14: AfricanBuffalo 
position  1:    T:0.41176    C:0.20588    A:0.17647    G:0.20588
position  2:    T:0.14706    C:0.17647    A:0.32353    G:0.35294
position  3:    T:0.14706    C:0.41176    A:0.11765    G:0.32353
Average         T:0.23529    C:0.26471    A:0.20588    G:0.29412

#15: Topi           
position  1:    T:0.38235    C:0.23529    A:0.20588    G:0.17647
position  2:    T:0.14706    C:0.20588    A:0.29412    G:0.35294
position  3:    T:0.11765    C:0.41176    A:0.08824    G:0.38235
Average         T:0.21569    C:0.28431    A:0.19608    G:0.30392

#16: CommonDuiker   
position  1:    T:0.41176    C:0.20588    A:0.20588    G:0.17647
position  2:    T:0.14706    C:0.17647    A:0.35294    G:0.32353
position  3:    T:0.14706    C:0.41176    A:0.05882    G:0.38235
Average         T:0.23529    C:0.26471    A:0.20588    G:0.29412

#17: Suni           
position  1:    T:0.41176    C:0.20588    A:0.17647    G:0.20588
position  2:    T:0.14706    C:0.17647    A:0.32353    G:0.35294
position  3:    T:0.14706    C:0.38235    A:0.05882    G:0.41176
Average         T:0.23529    C:0.25490    A:0.18627    G:0.32353

#18: Springbuck     
position  1:    T:0.41176    C:0.20588    A:0.20588    G:0.17647
position  2:    T:0.14706    C:0.17647    A:0.32353    G:0.35294
position  3:    T:0.14706    C:0.41176    A:0.08824    G:0.35294
Average         T:0.23529    C:0.26471    A:0.20588    G:0.29412

#19: Okapi          
position  1:    T:0.41176    C:0.20588    A:0.20588    G:0.17647
position  2:    T:0.14706    C:0.17647    A:0.35294    G:0.32353
position  3:    T:0.14706    C:0.44118    A:0.08824    G:0.32353
Average         T:0.23529    C:0.27451    A:0.21569    G:0.27451

#20: Giraffe        
position  1:    T:0.38235    C:0.23529    A:0.20588    G:0.17647
position  2:    T:0.14706    C:0.17647    A:0.32353    G:0.35294
position  3:    T:0.20588    C:0.38235    A:0.08824    G:0.32353
Average         T:0.24510    C:0.26471    A:0.20588    G:0.28431

#21: TibetanAntelope
position  1:    T:0.41176    C:0.20588    A:0.20588    G:0.17647
position  2:    T:0.14706    C:0.17647    A:0.32353    G:0.35294
position  3:    T:0.17647    C:0.35294    A:0.08824    G:0.38235
Average         T:0.24510    C:0.24510    A:0.20588    G:0.30392

#22: Sitatunga      
position  1:    T:0.41176    C:0.20588    A:0.20588    G:0.17647
position  2:    T:0.14706    C:0.17647    A:0.35294    G:0.32353
position  3:    T:0.17647    C:0.41176    A:0.11765    G:0.29412
Average         T:0.24510    C:0.26471    A:0.22549    G:0.26471

#23: Oribi          
position  1:    T:0.41176    C:0.20588    A:0.20588    G:0.17647
position  2:    T:0.17647    C:0.14706    A:0.35294    G:0.32353
position  3:    T:0.14706    C:0.38235    A:0.08824    G:0.38235
Average         T:0.24510    C:0.24510    A:0.21569    G:0.29412

#24: BarbarySheep   
position  1:    T:0.41176    C:0.20588    A:0.20588    G:0.17647
position  2:    T:0.14706    C:0.17647    A:0.32353    G:0.35294
position  3:    T:0.14706    C:0.38235    A:0.08824    G:0.38235
Average         T:0.23529    C:0.25490    A:0.20588    G:0.30392

#25: Daviddeer      
position  1:    T:0.41176    C:0.23529    A:0.20588    G:0.14706
position  2:    T:0.14706    C:0.17647    A:0.35294    G:0.32353
position  3:    T:0.20588    C:0.32353    A:0.11765    G:0.35294
Average         T:0.25490    C:0.24510    A:0.22549    G:0.27451

#26: Reindeer       
position  1:    T:0.41176    C:0.23529    A:0.20588    G:0.14706
position  2:    T:0.14706    C:0.17647    A:0.32353    G:0.35294
position  3:    T:0.23529    C:0.32353    A:0.11765    G:0.32353
Average         T:0.26471    C:0.24510    A:0.21569    G:0.27451

#27: Ibex           
position  1:    T:0.41176    C:0.20588    A:0.20588    G:0.17647
position  2:    T:0.14706    C:0.17647    A:0.32353    G:0.35294
position  3:    T:0.14706    C:0.38235    A:0.08824    G:0.38235
Average         T:0.23529    C:0.25490    A:0.20588    G:0.30392

#28: GyrantGazelle  
position  1:    T:0.41176    C:0.20588    A:0.20588    G:0.17647
position  2:    T:0.14706    C:0.17647    A:0.35294    G:0.32353
position  3:    T:0.14706    C:0.38235    A:0.11765    G:0.35294
Average         T:0.23529    C:0.25490    A:0.22549    G:0.28431

#29: Hartebeest     
position  1:    T:0.38235    C:0.23529    A:0.20588    G:0.17647
position  2:    T:0.14706    C:0.17647    A:0.32353    G:0.35294
position  3:    T:0.11765    C:0.41176    A:0.08824    G:0.38235
Average         T:0.21569    C:0.27451    A:0.20588    G:0.30392

#30: Bongo          
position  1:    T:0.41176    C:0.20588    A:0.20588    G:0.17647
position  2:    T:0.14706    C:0.17647    A:0.35294    G:0.32353
position  3:    T:0.14706    C:0.41176    A:0.11765    G:0.32353
Average         T:0.23529    C:0.26471    A:0.22549    G:0.27451

#31: Gerenuk        
position  1:    T:0.41176    C:0.20588    A:0.20588    G:0.17647
position  2:    T:0.14706    C:0.17647    A:0.38235    G:0.29412
position  3:    T:0.14706    C:0.41176    A:0.08824    G:0.35294
Average         T:0.23529    C:0.26471    A:0.22549    G:0.27451

#32: CommonEland    
position  1:    T:0.41176    C:0.20588    A:0.20588    G:0.17647
position  2:    T:0.14706    C:0.17647    A:0.32353    G:0.35294
position  3:    T:0.14706    C:0.41176    A:0.11765    G:0.32353
Average         T:0.23529    C:0.26471    A:0.21569    G:0.28431

#33: MuntiacusReevesi
position  1:    T:0.41176    C:0.23529    A:0.20588    G:0.14706
position  2:    T:0.14706    C:0.17647    A:0.32353    G:0.35294
position  3:    T:0.20588    C:0.32353    A:0.11765    G:0.35294
Average         T:0.25490    C:0.24510    A:0.21569    G:0.28431

#34: HarveysDuiker  
position  1:    T:0.41176    C:0.20588    A:0.20588    G:0.17647
position  2:    T:0.14706    C:0.17647    A:0.32353    G:0.35294
position  3:    T:0.17647    C:0.38235    A:0.05882    G:0.38235
Average         T:0.24510    C:0.25490    A:0.19608    G:0.30392

#35: Pronghorn      
position  1:    T:0.41176    C:0.20588    A:0.20588    G:0.17647
position  2:    T:0.14706    C:0.17647    A:0.32353    G:0.35294
position  3:    T:0.14706    C:0.41176    A:0.08824    G:0.35294
Average         T:0.23529    C:0.26471    A:0.20588    G:0.29412

#36: BlueWildebeest 
position  1:    T:0.41176    C:0.20588    A:0.20588    G:0.17647
position  2:    T:0.14706    C:0.17647    A:0.32353    G:0.35294
position  3:    T:0.11765    C:0.41176    A:0.11765    G:0.35294
Average         T:0.22549    C:0.26471    A:0.21569    G:0.29412

#37: Gemsbok        
position  1:    T:0.41176    C:0.20588    A:0.20588    G:0.17647
position  2:    T:0.17647    C:0.17647    A:0.32353    G:0.32353
position  3:    T:0.14706    C:0.38235    A:0.08824    G:0.38235
Average         T:0.24510    C:0.25490    A:0.20588    G:0.29412

#38: Yak            
position  1:    T:0.38235    C:0.23529    A:0.17647    G:0.20588
position  2:    T:0.14706    C:0.17647    A:0.32353    G:0.35294
position  3:    T:0.14706    C:0.41176    A:0.14706    G:0.29412
Average         T:0.22549    C:0.27451    A:0.21569    G:0.28431

#39: BlueSheep      
position  1:    T:0.41176    C:0.20588    A:0.20588    G:0.17647
position  2:    T:0.14706    C:0.17647    A:0.32353    G:0.35294
position  3:    T:0.14706    C:0.38235    A:0.08824    G:0.38235
Average         T:0.23529    C:0.25490    A:0.20588    G:0.30392

#40: BohorReedbuck  
position  1:    T:0.41176    C:0.20588    A:0.20588    G:0.17647
position  2:    T:0.14706    C:0.17647    A:0.32353    G:0.35294
position  3:    T:0.11765    C:0.44118    A:0.08824    G:0.35294
Average         T:0.22549    C:0.27451    A:0.20588    G:0.29412

#41: KirksDik       
position  1:    T:0.41176    C:0.20588    A:0.17647    G:0.20588
position  2:    T:0.14706    C:0.17647    A:0.35294    G:0.32353
position  3:    T:0.11765    C:0.41176    A:0.08824    G:0.38235
Average         T:0.22549    C:0.26471    A:0.20588    G:0.30392

#42: RoeDeer        
position  1:    T:0.41176    C:0.23529    A:0.20588    G:0.14706
position  2:    T:0.14706    C:0.17647    A:0.32353    G:0.35294
position  3:    T:0.17647    C:0.35294    A:0.14706    G:0.32353
Average         T:0.24510    C:0.25490    A:0.22549    G:0.27451

#43: WhiteLippedDeer
position  1:    T:0.41176    C:0.23529    A:0.20588    G:0.14706
position  2:    T:0.14706    C:0.17647    A:0.29412    G:0.38235
position  3:    T:0.20588    C:0.32353    A:0.11765    G:0.35294
Average         T:0.25490    C:0.24510    A:0.20588    G:0.29412

#44: ThomsonGazelle 
position  1:    T:0.41176    C:0.20588    A:0.20588    G:0.17647
position  2:    T:0.14706    C:0.17647    A:0.38235    G:0.29412
position  3:    T:0.14706    C:0.38235    A:0.11765    G:0.35294
Average         T:0.23529    C:0.25490    A:0.23529    G:0.27451

#45: MuntiacusCrinifrons
position  1:    T:0.41176    C:0.23529    A:0.20588    G:0.14706
position  2:    T:0.14706    C:0.17647    A:0.32353    G:0.35294
position  3:    T:0.20588    C:0.32353    A:0.14706    G:0.32353
Average         T:0.25490    C:0.24510    A:0.22549    G:0.27451

#46: WhiteTailedDeer
position  1:    T:0.41176    C:0.23529    A:0.20588    G:0.14706
position  2:    T:0.14706    C:0.17647    A:0.32353    G:0.35294
position  3:    T:0.26471    C:0.32353    A:0.11765    G:0.29412
Average         T:0.27451    C:0.24510    A:0.21569    G:0.26471

#47: Cattle         
position  1:    T:0.38235    C:0.23529    A:0.17647    G:0.20588
position  2:    T:0.14706    C:0.17647    A:0.32353    G:0.35294
position  3:    T:0.14706    C:0.41176    A:0.14706    G:0.29412
Average         T:0.22549    C:0.27451    A:0.21569    G:0.28431

#48: RoyalAntelope  
position  1:    T:0.41176    C:0.20588    A:0.17647    G:0.20588
position  2:    T:0.14706    C:0.17647    A:0.35294    G:0.32353
position  3:    T:0.17647    C:0.35294    A:0.11765    G:0.35294
Average         T:0.24510    C:0.24510    A:0.21569    G:0.29412

#49: Steenbok       
position  1:    T:0.41176    C:0.20588    A:0.20588    G:0.17647
position  2:    T:0.14706    C:0.17647    A:0.35294    G:0.32353
position  3:    T:0.14706    C:0.38235    A:0.08824    G:0.38235
Average         T:0.23529    C:0.25490    A:0.21569    G:0.29412

#50: Impala         
position  1:    T:0.41176    C:0.20588    A:0.20588    G:0.17647
position  2:    T:0.14706    C:0.17647    A:0.35294    G:0.32353
position  3:    T:0.14706    C:0.41176    A:0.08824    G:0.35294
Average         T:0.23529    C:0.26471    A:0.21569    G:0.28431

#51: Klipspringer   
position  1:    T:0.41176    C:0.20588    A:0.20588    G:0.17647
position  2:    T:0.14706    C:0.14706    A:0.38235    G:0.32353
