1
52 1
Argali 0.000000 0.217800 0.117900 0.274600 0.072600 0.000000 0.048800 0.096600 0.165700 0.148300 0.023600 0.072000 0.093000 0.071800 0.133100 0.096400 0.181800 0.211000 0.023500 0.118000 0.072700 0.000000 0.146700 0.149600 0.000000 0.046700 0.069900 0.141000 0.096100 0.142100 0.173000 0.070500 0.206600 0.115700 0.069900 0.048800 0.023900 0.096100 0.046900 0.146100 0.146700 0.046700 0.148300 0.072500 0.048800 0.072400 0.095900 0.024000 0.071900 0.161100 0.141000 0.117900
LesserMous 0.217800 0.000000 0.233100 0.276800 0.245000 0.217800 0.218900 0.272300 0.288600 0.271800 0.244700 0.242600 0.261600 0.241900 0.337800 0.272600 0.317200 0.351800 0.242900 0.232900 0.245300 0.217600 0.331000 0.339000 0.217600 0.268800 0.235200 0.259100 0.271500 0.322400 0.299800 0.299700 0.347200 0.287500 0.235200 0.218100 0.247200 0.271300 0.294300 0.329900 0.331000 0.268800 0.271800 0.243300 0.217700 0.243600 0.270100 0.248700 0.241900 0.230200 0.259100 0.293300
LesserKudu 0.117900 0.233100 0.000000 0.324600 0.022400 0.117900 0.117400 0.114600 0.042400 0.164400 0.139800 0.090700 0.110200 0.138700 0.150600 0.114500 0.196700 0.224500 0.140400 0.000000 0.092000 0.117000 0.213600 0.215800 0.117000 0.113500 0.088300 0.021000 0.114200 0.064500 0.187900 0.136300 0.222100 0.131800 0.088300 0.069300 0.141000 0.044600 0.113900 0.161800 0.213600 0.113500 0.164400 0.139700 0.069400 0.091700 0.114000 0.141700 0.139800 0.175900 0.021000 0.042800
KillerWhal 0.274600 0.276800 0.324600 0.000000 0.363200 0.274600 0.349600 0.408800 0.388100 0.232500 0.305100 0.339700 0.321800 0.372300 0.506600 0.409800 0.351800 0.390400 0.302200 0.325000 0.378900 0.275500 0.294300 0.302800 0.275500 0.330900 0.292600 0.353900 0.407700 0.352200 0.261900 0.365900 0.309100 0.350300 0.292600 0.314000 0.309200 0.390700 0.331700 0.367100 0.294300 0.330900 0.232500 0.270700 0.314200 0.343100 0.405300 0.275000 0.372600 0.414900 0.353900 0.394200
DefassaWat 0.072600 0.245000 0.022400 0.363200 0.000000 0.072600 0.072800 0.070500 0.067500 0.201100 0.096200 0.071600 0.115800 0.095500 0.103300 0.070400 0.180800 0.210100 0.095600 0.022500 0.047200 0.072600 0.199100 0.203000 0.072600 0.069800 0.092800 0.044700 0.070200 0.045100 0.226200 0.093700 0.205600 0.138300 0.092800 0.048500 0.097100 0.021000 0.070000 0.145200 0.199100 0.069800 0.201100 0.122900 0.048500 0.072000 0.070100 0.097600 0.095900 0.160100 0.044700 0.022400
Sheep 0.000000 0.217800 0.117900 0.274600 0.072600 0.000000 0.048800 0.096600 0.165700 0.148300 0.023600 0.072000 0.093000 0.071800 0.133100 0.096400 0.181800 0.211000 0.023500 0.118000 0.072700 0.000000 0.146700 0.149600 0.000000 0.046700 0.069900 0.141000 0.096100 0.142100 0.173000 0.070500 0.206600 0.115700 0.069900 0.048800 0.023900 0.096100 0.046900 0.146100 0.146700 0.046700 0.148300 0.072500 0.048800 0.072400 0.095900 0.024000 0.071900 0.161100 0.141000 0.117900
MaxwellsDu 0.048800 0.218900 0.117400 0.349600 0.072800 0.048800 0.000000 0.047300 0.166100 0.202900 0.072100 0.071700 0.142000 0.022100 0.133500 0.047200 0.182500 0.211800 0.072200 0.118400 0.023700 0.048400 0.200700 0.203300 0.048400 0.046800 0.118600 0.141400 0.047100 0.141500 0.228200 0.070200 0.207400 0.164800 0.118600 0.048900 0.072900 0.096400 0.046900 0.200000 0.200700 0.046800 0.202900 0.123100 0.048900 0.072600 0.047000 0.073200 0.072100 0.160500 0.141400 0.117400
GazellaPrz 0.096600 0.272300 0.114600 0.408800 0.070500 0.096600 0.047300 0.000000 0.160900 0.251300 0.119900 0.119200 0.138700 0.069800 0.128700 0.045400 0.232200 0.262300 0.119100 0.114700 0.022800 0.096500 0.248700 0.254200 0.096500 0.045100 0.115700 0.137000 0.041500 0.138100 0.276700 0.068500 0.256900 0.161000 0.115700 0.096800 0.121100 0.093300 0.045500 0.193700 0.248700 0.045100 0.251300 0.172100 0.096900 0.119900 0.045500 0.121700 0.119000 0.213600 0.137000 0.114600
MountainNy 0.165700 0.288600 0.042400 0.388100 0.067500 0.165700 0.166100 0.160900 0.000000 0.212400 0.137800 0.137300 0.155900 0.186800 0.201800 0.161000 0.247200 0.276100 0.187900 0.042200 0.138400 0.165500 0.262400 0.266900 0.165500 0.159600 0.133900 0.019500 0.160600 0.108500 0.236000 0.183700 0.273100 0.130000 0.133900 0.115900 0.190000 0.089600 0.160500 0.209000 0.262400 0.159600 0.212400 0.188200 0.116000 0.138100 0.160400 0.191100 0.187200 0.228600 0.020500 0.086500
MuntiacusM 0.148300 0.271800 0.164400 0.232500 0.201100 0.148300 0.202900 0.251300 0.212400 0.000000 0.172000 0.170700 0.189700 0.223900 0.243500 0.251000 0.231200 0.261000 0.171600 0.164600 0.226800 0.148300 0.091800 0.144300 0.148300 0.194400 0.166200 0.187400 0.250200 0.187300 0.022300 0.220300 0.200200 0.212500 0.166200 0.148700 0.173700 0.224600 0.195000 0.193400 0.091800 0.194400 0.000000 0.119900 0.148900 0.171700 0.249700 0.148000 0.225100 0.212700 0.187400 0.215600
goat 0.023600 0.244700 0.139800 0.305100 0.096200 0.023600 0.072100 0.119900 0.137800 0.172000 0.000000 0.094800 0.114900 0.094500 0.158600 0.119800 0.206500 0.236100 0.046700 0.140900 0.096200 0.023500 0.170200 0.172200 0.022100 0.069700 0.092100 0.114000 0.119400 0.163700 0.196500 0.092900 0.231000 0.089300 0.092100 0.072600 0.047100 0.119400 0.069900 0.169600 0.170200 0.069700 0.172000 0.095400 0.072700 0.095900 0.119100 0.047300 0.095300 0.185200 0.114000 0.139800
AfricanBuf 0.072000 0.242600 0.090700 0.339700 0.071600 0.072000 0.071700 0.119200 0.137300 0.170700 0.094800 0.000000 0.163300 0.094000 0.157500 0.119100 0.150200 0.177800 0.094800 0.091300 0.095700 0.071500 0.168900 0.170800 0.071500 0.118000 0.140300 0.113600 0.118800 0.113700 0.195000 0.141600 0.174300 0.185800 0.140300 0.023500 0.095700 0.094800 0.118400 0.168300 0.168900 0.118000 0.170700 0.094800 0.023600 0.046600 0.118500 0.096100 0.094700 0.128200 0.113600 0.090700
Topi 0.093000 0.261600 0.110200 0.321800 0.115800 0.093000 0.142000 0.138700 0.155900 0.189700 0.114900 0.163300 0.000000 0.162900 0.177200 0.138500 0.279100 0.309500 0.115400 0.111000 0.115900 0.092400 0.239600 0.189700 0.092400 0.089600 0.020500 0.132700 0.138100 0.180600 0.213600 0.112000 0.305600 0.063700 0.021300 0.143000 0.068100 0.138100 0.089800 0.136900 0.239600 0.089600 0.189700 0.115000 0.143100 0.165400 0.137700 0.116500 0.164100 0.203000 0.132700 0.157300
CommonDuik 0.071800 0.241900 0.138700 0.372300 0.095500 0.071800 0.022100 0.069800 0.186800 0.223900 0.094500 0.094000 0.162900 0.000000 0.156900 0.069700 0.204500 0.233500 0.094600 0.139700 0.046700 0.071300 0.221600 0.224300 0.071300 0.069100 0.139900 0.162300 0.069500 0.162400 0.248800 0.092100 0.229000 0.185300 0.139900 0.072000 0.095400 0.118500 0.069300 0.220900 0.221600 0.069100 0.223900 0.145000 0.072100 0.095200 0.069300 0.095900 0.094500 0.183300 0.162300 0.138700
Suni 0.133100 0.337800 0.150600 0.506600 0.103300 0.133100 0.133500 0.128700 0.201800 0.243500 0.158600 0.157500 0.177200 0.156900 0.000000 0.128600 0.221400 0.253300 0.157300 0.150900 0.103400 0.133000 0.240800 0.309500 0.133000 0.127300 0.152200 0.175200 0.128100 0.176500 0.270600 0.153900 0.247600 0.201500 0.152200 0.133500 0.160200 0.128100 0.127600 0.240400 0.240800 0.127300 0.243500 0.216900 0.133600 0.158500 0.127800 0.161100 0.157200 0.267600 0.175200 0.150600
Springbuck 0.096400 0.272600 0.114500 0.409800 0.070400 0.096400 0.047200 0.045400 0.161000 0.251000 0.119800 0.119100 0.138500 0.069700 0.128600 0.000000 0.232200 0.262300 0.119000 0.114600 0.022800 0.096300 0.248600 0.253600 0.096300 0.045000 0.115600 0.137000 0.045200 0.138000 0.276200 0.068400 0.256800 0.160800 0.115600 0.096600 0.120900 0.093300 0.045400 0.193500 0.248600 0.045000 0.251000 0.171800 0.096700 0.119700 0.045400 0.121500 0.118900 0.213100 0.137000 0.114500
Okapi 0.181800 0.317200 0.196700 0.351800 0.180800 0.181800 0.182500 0.232200 0.247200 0.231200 0.206500 0.150200 0.279100 0.204500 0.221400 0.232200 0.000000 0.024100 0.150200 0.197000 0.207200 0.181700 0.228800 0.233400 0.181700 0.229600 0.254200 0.220800 0.231400 0.222300 0.256800 0.257100 0.124600 0.303100 0.254200 0.127100 0.208500 0.205100 0.230500 0.228100 0.228800 0.229600 0.231200 0.150800 0.127400 0.151200 0.175300 0.209700 0.205200 0.191300 0.220800 0.196700
Giraffe 0.211000 0.351800 0.224500 0.390400 0.210100 0.211000 0.211800 0.262300 0.276100 0.261000 0.236100 0.177800 0.309500 0.233500 0.253300 0.262300 0.024100 0.000000 0.177800 0.224800 0.236900 0.210900 0.258200 0.263900 0.210900 0.259300 0.284000 0.248900 0.261400 0.250800 0.287200 0.287700 0.151600 0.334000 0.284000 0.154800 0.238300 0.234700 0.260300 0.257600 0.258200 0.259300 0.261000 0.178600 0.155000 0.178900 0.203400 0.239900 0.234500 0.222200 0.248900 0.224500
TibetanAnt 0.023500 0.242900 0.140400 0.302200 0.095600 0.023500 0.072200 0.119100 0.187900 0.171600 0.046700 0.094800 0.115400 0.094600 0.157300 0.119000 0.150200 0.177800 0.000000 0.140500 0.095600 0.023500 0.169100 0.172200 0.023500 0.069200 0.092500 0.163200 0.118600 0.163700 0.196100 0.092900 0.229200 0.137800 0.092500 0.072200 0.047100 0.118700 0.069500 0.168400 0.169100 0.069200 0.171600 0.095500 0.072200 0.095300 0.069400 0.047300 0.094700 0.185100 0.163200 0.139800
Sitatunga 0.118000 0.232900 0.000000 0.325000 0.022500 0.118000 0.118400 0.114700 0.042200 0.164600 0.140900 0.091300 0.111000 0.139700 0.150900 0.114600 0.197000 0.224800 0.140500 0.000000 0.092000 0.117900 0.213900 0.217700 0.117900 0.113600 0.088900 0.020900 0.114300 0.064900 0.188200 0.137300 0.222500 0.132700 0.088900 0.069400 0.142200 0.044600 0.114200 0.161900 0.213900 0.113600 0.164600 0.140800 0.069500 0.091800 0.114100 0.142800 0.139900 0.177500 0.019700 0.043100
Oribi 0.072700 0.245300 0.092000 0.378900 0.047200 0.072700 0.023700 0.022800 0.138400 0.226800 0.096200 0.095700 0.115900 0.046700 0.103400 0.022800 0.207200 0.236900 0.095600 0.092000 0.000000 0.072600 0.224500 0.229100 0.072600 0.022600 0.092800 0.114500 0.022700 0.115400 0.252100 0.045800 0.232000 0.138300 0.092800 0.072800 0.097200 0.070200 0.022800 0.169900 0.224500 0.022600 0.226800 0.147900 0.072900 0.096200 0.022800 0.097600 0.095500 0.187400 0.114500 0.092000
BarbaryShe 0.000000 0.217600 0.117000 0.275500 0.072600 0.000000 0.048400 0.096500 0.165500 0.148300 0.023500 0.071500 0.092400 0.071300 0.133000 0.096300 0.181700 0.210900 0.023500 0.117900 0.072600 0.000000 0.146700 0.148400 0.000000 0.046700 0.069400 0.140900 0.096000 0.141000 0.173000 0.070000 0.206500 0.114900 0.069400 0.048700 0.023700 0.096000 0.046800 0.146000 0.146700 0.046700 0.148300 0.072000 0.048800 0.072400 0.095800 0.023800 0.071900 0.159800 0.140900 0.117000
Daviddeer 0.146700 0.331000 0.213600 0.294300 0.199100 0.146700 0.200700 0.248700 0.262400 0.091800 0.170200 0.168900 0.239600 0.221600 0.240800 0.248600 0.228800 0.258200 0.169100 0.213900 0.224500 0.146700 0.000000 0.142700 0.146700 0.192600 0.215900 0.236700 0.247800 0.185500 0.114800 0.218200 0.196600 0.262500 0.215900 0.147100 0.171800 0.222400 0.193200 0.191400 0.000000 0.192600 0.091800 0.118600 0.147200 0.170000 0.247200 0.146500 0.222800 0.210100 0.236700 0.213600
Reindeer 0.149600 0.339000 0.215800 0.302800 0.203000 0.149600 0.203300 0.254200 0.266900 0.144300 0.172200 0.170800 0.189700 0.224300 0.309500 0.253600 0.233400 0.263900 0.172200 0.217700 0.229100 0.148400 0.142700 0.000000 0.148400 0.196100 0.218300 0.240900 0.252700 0.187500 0.168700 0.220800 0.200300 0.265700 0.218300 0.149800 0.173900 0.226700 0.196600 0.093100 0.142700 0.196100 0.144300 0.070500 0.150100 0.173200 0.252100 0.148200 0.226300 0.156400 0.240900 0.215800
Ibex 0.000000 0.217600 0.117000 0.275500 0.072600 0.000000 0.048400 0.096500 0.165500 0.148300 0.022100 0.071500 0.092400 0.071300 0.133000 0.096300 0.181700 0.210900 0.023500 0.117900 0.072600 0.000000 0.146700 0.148400 0.000000 0.046700 0.069400 0.140900 0.096000 0.141000 0.173000 0.070000 0.206500 0.114900 0.069400 0.048700 0.023700 0.096000 0.046800 0.146000 0.146700 0.046700 0.148300 0.072000 0.048800 0.072400 0.095800 0.023800 0.071900 0.159800 0.140900 0.117000
GyrantGaze 0.046700 0.268800 0.113500 0.330900 0.069800 0.046700 0.046800 0.045100 0.159600 0.194400 0.069700 0.118000 0.089600 0.069100 0.127300 0.045000 0.229600 0.259300 0.069200 0.113600 0.022600 0.046700 0.192600 0.196100 0.046700 0.000000 0.067300 0.135800 0.044900 0.136800 0.218800 0.022100 0.253900 0.111500 0.067300 0.095700 0.070300 0.092400 0.000100 0.140500 0.192600 0.000000 0.194400 0.118800 0.095800 0.118600 0.045000 0.070600 0.117800 0.210600 0.135800 0.113500
Hartebeest 0.069900 0.235200 0.088300 0.292600 0.092800 0.069900 0.118600 0.115700 0.133900 0.166200 0.092100 0.140300 0.020500 0.139900 0.152200 0.115600 0.254200 0.284000 0.092500 0.088900 0.092800 0.069400 0.215900 0.218300 0.069400 0.067300 0.000000 0.110800 0.115200 0.158200 0.189900 0.089700 0.280600 0.042500 0.000000 0.119400 0.045500 0.115300 0.067500 0.163500 0.215900 0.067300 0.166200 0.141200 0.119500 0.142000 0.115000 0.093300 0.140900 0.234100 0.110800 0.135100
Bongo 0.141000 0.259100 0.021000 0.353900 0.044700 0.141000 0.141400 0.137000 0.019500 0.187400 0.114000 0.113600 0.132700 0.162300 0.175200 0.137000 0.220800 0.248900 0.163200 0.020900 0.114500 0.140900 0.236700 0.240900 0.140900 0.135800 0.110800 0.000000 0.136600 0.086200 0.210900 0.159600 0.246300 0.107600 0.110800 0.092100 0.165100 0.066700 0.136600 0.184400 0.236700 0.135800 0.187400 0.163600 0.092200 0.114200 0.136400 0.166000 0.162600 0.201700 0.000000 0.064400
Gerenuk 0.096100 0.271500 0.114200 0.407700 0.070200 0.096100 0.047100 0.041500 0.160600 0.250200 0.119400 0.118800 0.138100 0.069500 0.128100 0.045200 0.231400 0.261400 0.118600 0.114300 0.022700 0.096000 0.247800 0.252700 0.096000 0.044900 0.115200 0.136600 0.000000 0.137600 0.275300 0.068200 0.255900 0.160400 0.115200 0.096300 0.120500 0.093000 0.045300 0.192900 0.247800 0.044900 0.250200 0.171200 0.096400 0.119400 0.045300 0.121200 0.118500 0.212300 0.136600 0.114200
CommonElan 0.142100 0.322400 0.064500 0.352200 0.045100 0.142100 0.141500 0.138100 0.108500 0.187300 0.163700 0.113700 0.180600 0.162400 0.176500 0.138000 0.222300 0.250800 0.163700 0.064900 0.115400 0.141000 0.185500 0.187500 0.141000 0.136800 0.158200 0.086200 0.137600 0.000000 0.210700 0.159700 0.191200 0.202300 0.158200 0.092800 0.165200 0.067200 0.137200 0.185800 0.185500 0.136800 0.187300 0.163700 0.092900 0.115100 0.137300 0.140800 0.163800 0.202000 0.086200 0.021100
MuntiacusR 0.173000 0.299800 0.187900 0.261900 0.226200 0.173000 0.228200 0.276700 0.236000 0.022300 0.196500 0.195000 0.213600 0.248800 0.270600 0.276200 0.256800 0.287200 0.196100 0.188200 0.252100 0.173000 0.114800 0.168700 0.173000 0.218800 0.189900 0.210900 0.275300 0.210700 0.000000 0.245000 0.225200 0.236300 0.189900 0.173500 0.198400 0.249600 0.219300 0.217700 0.114800 0.218800 0.021700 0.144000 0.173700 0.196300 0.274700 0.172800 0.250100 0.239400 0.210900 0.239600
HarveysDui 0.070500 0.299700 0.136300 0.365900 0.093700 0.070500 0.070200 0.068500 0.183700 0.220300 0.092900 0.141600 0.112000 0.092100 0.153900 0.068400 0.257100 0.287700 0.092900 0.137300 0.045800 0.070000 0.218200 0.220800 0.070000 0.022100 0.089700 0.159600 0.068200 0.159700 0.245000 0.000000 0.281400 0.133900 0.089700 0.120500 0.093700 0.116400 0.022200 0.165100 0.218200 0.022100 0.220300 0.142600 0.120600 0.143400 0.068100 0.094200 0.142300 0.236900 0.159600 0.136300
Pronghorn 0.206600 0.347200 0.222100 0.309100 0.205600 0.206600 0.207400 0.256900 0.273100 0.200200 0.231000 0.174300 0.305600 0.229000 0.247600 0.256800 0.124600 0.151600 0.229200 0.222500 0.232000 0.206500 0.196600 0.200300 0.206500 0.253900 0.280600 0.246300 0.255900 0.191200 0.225200 0.281400 0.000000 0.329600 0.280600 0.151800 0.233200 0.229600 0.254900 0.252300 0.196600 0.253900 0.200200 0.175000 0.152100 0.175500 0.255400 0.206300 0.229200 0.217300 0.246300 0.220400
BlueWildeb 0.115700 0.287500 0.131800 0.350300 0.138300 0.115700 0.164800 0.161000 0.130000 0.212500 0.089300 0.185800 0.063700 0.185300 0.201500 0.160800 0.303100 0.334000 0.137800 0.132700 0.138300 0.114900 0.262500 0.265700 0.114900 0.111500 0.042500 0.107600 0.160400 0.202300 0.236300 0.133900 0.329600 0.000000 0.041400 0.165900 0.090300 0.160400 0.111800 0.209200 0.262500 0.111500 0.212500 0.187200 0.166100 0.188100 0.160000 0.139200 0.186700 0.284200 0.107600 0.179100
Gemsbok 0.069900 0.235200 0.088300 0.292600 0.092800 0.069900 0.118600 0.115700 0.133900 0.166200 0.092100 0.140300 0.021300 0.139900 0.152200 0.115600 0.254200 0.284000 0.092500 0.088900 0.092800 0.069400 0.215900 0.218300 0.069400 0.067300 0.000000 0.110800 0.115200 0.158200 0.189900 0.089700 0.280600 0.041400 0.000000 0.119400 0.042400 0.115300 0.067500 0.163500 0.215900 0.067300 0.166200 0.141200 0.119500 0.142000 0.115000 0.093300 0.140900 0.234100 0.110800 0.135100
Yak 0.048800 0.218100 0.069300 0.314000 0.048500 0.048800 0.048900 0.096800 0.115900 0.148700 0.072600 0.023500 0.143000 0.072000 0.133500 0.096600 0.127100 0.154800 0.072200 0.069400 0.072800 0.048700 0.147100 0.149800 0.048700 0.095700 0.119400 0.092100 0.096300 0.092800 0.173500 0.120500 0.151800 0.165900 0.119400 0.000000 0.073400 0.072100 0.096000 0.146400 0.147100 0.095700 0.148700 0.072700 0.000000 0.023700 0.096100 0.073700 0.072300 0.105200 0.092100 0.069300
BlueSheep 0.023900 0.247200 0.141000 0.309200 0.097100 0.023900 0.072900 0.121100 0.190000 0.173700 0.047100 0.095700 0.068100 0.095400 0.160200 0.120900 0.208500 0.238300 0.047100 0.142200 0.097200 0.023700 0.171800 0.173900 0.023700 0.070300 0.045500 0.165100 0.120500 0.165200 0.198400 0.093700 0.233200 0.090300 0.042400 0.073400 0.000000 0.120500 0.070500 0.171100 0.171800 0.070300 0.173700 0.096400 0.073400 0.096900 0.120200 0.047700 0.096100 0.187200 0.165100 0.141000
BohorReedb 0.096100 0.271300 0.044600 0.390700 0.021000 0.096100 0.096400 0.093300 0.089600 0.224600 0.119400 0.094800 0.138100 0.118500 0.128100 0.093300 0.205100 0.234700 0.118700 0.044600 0.070200 0.096000 0.222400 0.226700 0.096000 0.092400 0.115300 0.066700 0.093000 0.067200 0.249600 0.116400 0.229600 0.160400 0.115300 0.072100 0.120500 0.000000 0.092700 0.168300 0.222400 0.092400 0.224600 0.146400 0.072200 0.046500 0.092800 0.121200 0.119000 0.185200 0.066700 0.044600
KirksDik 0.046900 0.294300 0.113900 0.331700 0.070000 0.046900 0.046900 0.045500 0.160500 0.195000 0.069900 0.118400 0.089800 0.069300 0.127600 0.045400 0.230500 0.260300 0.069500 0.114200 0.022800 0.046800 0.193200 0.196600 0.046800 0.000100 0.067500 0.136600 0.045300 0.137200 0.219300 0.022200 0.254900 0.111800 0.067500 0.096000 0.070500 0.092700 0.000000 0.140900 0.193200 0.000100 0.195000 0.119200 0.096100 0.119000 0.045300 0.070800 0.118100 0.211200 0.136600 0.113900
RoeDeer 0.146100 0.329900 0.161800 0.367100 0.145200 0.146100 0.200000 0.193700 0.209000 0.193400 0.169600 0.168300 0.136900 0.220900 0.240400 0.193500 0.228100 0.257600 0.168400 0.161900 0.169900 0.146000 0.191400 0.093100 0.146000 0.140500 0.163500 0.184400 0.192900 0.185800 0.217700 0.165100 0.252300 0.209200 0.163500 0.146400 0.171100 0.168300 0.140900 0.000000 0.191400 0.140500 0.193400 0.069300 0.146600 0.169300 0.192300 0.172100 0.222100 0.153600 0.184400 0.161800
WhiteLippe 0.146700 0.331000 0.213600 0.294300 0.199100 0.146700 0.200700 0.248700 0.262400 0.091800 0.170200 0.168900 0.239600 0.221600 0.240800 0.248600 0.228800 0.258200 0.169100 0.213900 0.224500 0.146700 0.000000 0.142700 0.146700 0.192600 0.215900 0.236700 0.247800 0.185500 0.114800 0.218200 0.196600 0.262500 0.215900 0.147100 0.171800 0.222400 0.193200 0.191400 0.000000 0.192600 0.091800 0.118600 0.147200 0.170000 0.247200 0.146500 0.222800 0.210100 0.236700 0.213600
ThomsonGaz 0.046700 0.268800 0.113500 0.330900 0.069800 0.046700 0.046800 0.045100 0.159600 0.194400 0.069700 0.118000 0.089600 0.069100 0.127300 0.045000 0.229600 0.259300 0.069200 0.113600 0.022600 0.046700 0.192600 0.196100 0.046700 0.000000 0.067300 0.135800 0.044900 0.136800 0.218800 0.022100 0.253900 0.111500 0.067300 0.095700 0.070300 0.092400 0.000100 0.140500 0.192600 0.000000 0.194400 0.118800 0.095800 0.118600 0.045000 0.070600 0.117800 0.210600 0.135800 0.113500
MuntiacusC 0.148300 0.271800 0.164400 0.232500 0.201100 0.148300 0.202900 0.251300 0.212400 0.000000 0.172000 0.170700 0.189700 0.223900 0.243500 0.251000 0.231200 0.261000 0.171600 0.164600 0.226800 0.148300 0.091800 0.144300 0.148300 0.194400 0.166200 0.187400 0.250200 0.187300 0.021700 0.220300 0.200200 0.212500 0.166200 0.148700 0.173700 0.224600 0.195000 0.193400 0.091800 0.194400 0.000000 0.119900 0.148900 0.171700 0.249700 0.148000 0.225100 0.212700 0.187400 0.215600
WhiteTaile 0.072500 0.243300 0.139700 0.270700 0.122900 0.072500 0.123100 0.172100 0.188200 0.119900 0.095400 0.094800 0.115000 0.145000 0.216900 0.171800 0.150800 0.178600 0.095500 0.140800 0.147900 0.072000 0.118600 0.070500 0.072000 0.118800 0.141200 0.163600 0.171200 0.163700 0.144000 0.142600 0.175000 0.187200 0.141200 0.072700 0.096400 0.146400 0.119200 0.069300 0.118600 0.118800 0.119900 0.000000 0.072800 0.096000 0.170800 0.096900 0.146200 0.075700 0.163600 0.139700
Cattle 0.048800 0.217700 0.069400 0.314200 0.048500 0.048800 0.048900 0.096900 0.116000 0.148900 0.072700 0.023600 0.143100 0.072100 0.133600 0.096700 0.127400 0.155000 0.072200 0.069500 0.072900 0.048800 0.147200 0.150100 0.048800 0.095800 0.119500 0.092200 0.096400 0.092900 0.173700 0.120600 0.152100 0.166100 0.119500 0.000000 0.073400 0.072200 0.096100 0.146600 0.147200 0.095800 0.148900 0.072800 0.000000 0.023700 0.096200 0.073800 0.072400 0.105400 0.092200 0.069400
RoyalAntel 0.072400 0.243600 0.091700 0.343100 0.072000 0.072400 0.072600 0.119900 0.138100 0.171700 0.095900 0.046600 0.165400 0.095200 0.158500 0.119700 0.151200 0.178900 0.095300 0.091800 0.096200 0.072400 0.170000 0.173200 0.072400 0.118600 0.142000 0.114200 0.119400 0.115100 0.196300 0.143400 0.175500 0.188100 0.142000 0.023700 0.096900 0.046500 0.119000 0.169300 0.170000 0.118600 0.171700 0.096000 0.023700 0.000000 0.119100 0.097300 0.095300 0.130000 0.114200 0.091700
Steenbok 0.095900 0.270100 0.114000 0.405300 0.070100 0.095900 0.047000 0.045500 0.160400 0.249700 0.119100 0.118500 0.137700 0.069300 0.127800 0.045400 0.175300 0.203400 0.069400 0.114100 0.022800 0.095800 0.247200 0.252100 0.095800 0.045000 0.115000 0.136400 0.045300 0.137300 0.274700 0.068100 0.255400 0.160000 0.115000 0.096100 0.120200 0.092800 0.045300 0.192300 0.247200 0.045000 0.249700 0.170800 0.096200 0.119100 0.000000 0.120800 0.118300 0.211800 0.136400 0.114000
Impala 0.024000 0.248700 0.141700 0.275000 0.097600 0.024000 0.073200 0.121700 0.191100 0.148000 0.047300 0.096100 0.116500 0.095900 0.161100 0.121500 0.209700 0.239900 0.047300 0.142800 0.097600 0.023800 0.146500 0.148200 0.023800 0.070600 0.093300 0.166000 0.121200 0.140800 0.172800 0.094200 0.206300 0.139200 0.093300 0.073700 0.047700 0.121200 0.070800 0.172100 0.146500 0.070600 0.148000 0.096900 0.073800 0.097300 0.120800 0.000000 0.096600 0.188300 0.166000 0.141700
Klipspring 0.071900 0.241900 0.139800 0.372600 0.095900 0.071900 0.072100 0.119000 0.187200 0.225100 0.095300 0.094700 0.164100 0.094500 0.157200 0.118900 0.205200 0.234500 0.094700 0.139900 0.095500 0.071900 0.222800 0.226300 0.071900 0.117800 0.140900 0.162600 0.118500 0.163800 0.250100 0.142300 0.229200 0.186700 0.140900 0.072300 0.096100 0.119000 0.118100 0.222100 0.222800 0.117800 0.225100 0.146200 0.072400 0.095300 0.118300 0.096600 0.000000 0.185100 0.162600 0.139800
ForestMusk 0.161100 0.230200 0.175900 0.414900 0.160100 0.161100 0.160500 0.213600 0.228600 0.212700 0.185200 0.128200 0.203000 0.183300 0.267600 0.213100 0.191300 0.222200 0.185100 0.177500 0.187400 0.159800 0.210100 0.156400 0.159800 0.210600 0.234100 0.201700 0.212300 0.202000 0.239400 0.236900 0.217300 0.284200 0.234100 0.105200 0.187200 0.185200 0.211200 0.153600 0.210100 0.210600 0.212700 0.075700 0.105400 0.130000 0.211800 0.188300 0.185100 0.000000 0.201700 0.175900
Bushbuck 0.141000 0.259100 0.021000 0.353900 0.044700 0.141000 0.141400 0.137000 0.020500 0.187400 0.114000 0.113600 0.132700 0.162300 0.175200 0.137000 0.220800 0.248900 0.163200 0.019700 0.114500 0.140900 0.236700 0.240900 0.140900 0.135800 0.110800 0.000000 0.136600 0.086200 0.210900 0.159600 0.246300 0.107600 0.110800 0.092100 0.165100 0.066700 0.136600 0.184400 0.236700 0.135800 0.187400 0.163600 0.092200 0.114200 0.136400 0.166000 0.162600 0.201700 0.000000 0.064400
GreaterKud 0.117900 0.293300 0.042800 0.394200 0.022400 0.117900 0.117400 0.114600 0.086500 0.215600 0.139800 0.090700 0.157300 0.138700 0.150600 0.114500 0.196700 0.224500 0.139800 0.043100 0.092000 0.117000 0.213600 0.215800 0.117000 0.113500 0.135100 0.064400 0.114200 0.021100 0.239600 0.136300 0.220400 0.179100 0.135100 0.069300 0.141000 0.044600 0.113900 0.161800 0.213600 0.113500 0.215600 0.139700 0.069400 0.091700 0.114000 0.141700 0.139800 0.175900 0.064400 0.000000
