1
52 1
Argali 0.000000 0.288000 0.076000 0.277600 0.056200 0.002500 0.076000 0.070800 0.076000 0.108700 0.019900 0.065100 0.050700 0.072000 0.074800 0.068100 0.105000 0.104800 0.036400 0.077300 0.066700 0.014900 0.110400 0.100300 0.023700 0.077300 0.049400 0.077300 0.061600 0.070500 0.111600 0.070700 0.133800 0.050700 0.050500 0.059800 0.019900 0.057500 0.073600 0.123100 0.114600 0.066600 0.107400 0.101800 0.063800 0.068300 0.070800 0.063900 0.075900 0.099800 0.085400 0.077400
LesserMous 0.288000 0.000000 0.291100 0.348500 0.296600 0.291300 0.308100 0.303200 0.299400 0.277600 0.286500 0.286400 0.288700 0.306200 0.301000 0.284600 0.275200 0.271400 0.301500 0.297400 0.288600 0.286100 0.293900 0.283000 0.288500 0.290300 0.283900 0.301200 0.287800 0.294200 0.280800 0.297600 0.300900 0.285400 0.278700 0.282800 0.283600 0.296600 0.306600 0.298100 0.293200 0.286800 0.277700 0.279900 0.288000 0.288600 0.299800 0.294200 0.296000 0.290900 0.311400 0.298900
LesserKudu 0.076000 0.291100 0.000000 0.285400 0.084500 0.078700 0.088300 0.081600 0.016200 0.106500 0.077200 0.048200 0.090900 0.089500 0.101000 0.093700 0.098500 0.095600 0.084000 0.020000 0.087000 0.077300 0.111000 0.105100 0.081300 0.095200 0.088200 0.015000 0.084500 0.012500 0.109400 0.085600 0.132600 0.089500 0.077100 0.045600 0.079900 0.087200 0.098200 0.122300 0.113700 0.093700 0.102400 0.106600 0.049500 0.083200 0.087100 0.089600 0.084100 0.105800 0.023800 0.021300
KillerWhal 0.277600 0.348500 0.285400 0.000000 0.278700 0.279200 0.292500 0.279000 0.281600 0.292500 0.274700 0.271600 0.280100 0.291100 0.296300 0.278700 0.283700 0.271000 0.282100 0.281800 0.272100 0.278500 0.304000 0.296200 0.273100 0.274600 0.283700 0.286700 0.277900 0.276400 0.293300 0.285500 0.320000 0.281900 0.264300 0.269600 0.274500 0.283700 0.272000 0.315800 0.303700 0.278100 0.286100 0.295000 0.276700 0.275500 0.282600 0.292900 0.280700 0.285200 0.291500 0.280200
DefassaWat 0.056200 0.296600 0.084500 0.278700 0.000000 0.056200 0.064100 0.057600 0.084400 0.103500 0.056000 0.067900 0.064000 0.060100 0.074800 0.058900 0.101200 0.096800 0.066600 0.085700 0.056200 0.053500 0.109400 0.100700 0.062700 0.062800 0.057400 0.085700 0.049800 0.078900 0.099500 0.061500 0.125400 0.058700 0.054600 0.070600 0.058600 0.011200 0.068300 0.128900 0.117800 0.058700 0.100800 0.104900 0.074600 0.065700 0.062900 0.068000 0.062800 0.100000 0.092500 0.088400
Sheep 0.002500 0.291300 0.078700 0.279200 0.056200 0.000000 0.076000 0.070800 0.078600 0.108600 0.019900 0.065100 0.050700 0.072000 0.076100 0.068000 0.104900 0.104700 0.036400 0.080000 0.066700 0.014900 0.110400 0.100300 0.023700 0.077200 0.049400 0.080000 0.061600 0.073200 0.111600 0.070600 0.133700 0.050700 0.050500 0.059800 0.019900 0.057500 0.073500 0.123000 0.114500 0.066600 0.107300 0.101800 0.063800 0.068300 0.070800 0.063800 0.075900 0.099800 0.088000 0.080100
MaxwellsDu 0.076000 0.308100 0.088300 0.292500 0.064100 0.076000 0.000000 0.065200 0.088200 0.121400 0.073100 0.081200 0.075900 0.039000 0.096400 0.066500 0.116400 0.113000 0.083900 0.092300 0.065200 0.075900 0.131800 0.118600 0.078500 0.065200 0.069200 0.089600 0.054800 0.088200 0.118700 0.037700 0.141000 0.073200 0.069000 0.075800 0.075800 0.066700 0.071900 0.141900 0.131600 0.063800 0.118700 0.118700 0.079800 0.060100 0.065300 0.081300 0.063800 0.105400 0.095000 0.097900
GazellaPrz 0.070800 0.303200 0.081600 0.279000 0.057600 0.070800 0.065200 0.000000 0.082900 0.111800 0.070600 0.078700 0.076000 0.063900 0.085700 0.045600 0.110900 0.107400 0.076000 0.084300 0.034000 0.069300 0.120600 0.110300 0.077300 0.046900 0.072000 0.084300 0.036700 0.080200 0.107700 0.065100 0.138100 0.073300 0.070400 0.075800 0.073200 0.060200 0.043100 0.139100 0.120500 0.045500 0.107700 0.116000 0.077200 0.065500 0.039200 0.080100 0.074400 0.106900 0.089700 0.081700
MountainNy 0.076000 0.299400 0.016200 0.281600 0.084400 0.078600 0.088200 0.082900 0.000000 0.103600 0.077100 0.048200 0.088100 0.086900 0.100800 0.090900 0.095600 0.092800 0.081200 0.008700 0.084200 0.077200 0.113700 0.105000 0.081200 0.092400 0.085400 0.003700 0.079000 0.013700 0.103700 0.082800 0.131100 0.089400 0.077100 0.045500 0.079800 0.087100 0.095400 0.122200 0.116300 0.090900 0.094000 0.109300 0.049400 0.080400 0.084300 0.089500 0.081300 0.105600 0.012400 0.022600
MuntiacusM 0.108700 0.277600 0.106500 0.292500 0.103500 0.108600 0.121400 0.111800 0.103600 0.000000 0.108400 0.099200 0.112700 0.114400 0.123000 0.108600 0.088300 0.086800 0.116800 0.105000 0.107500 0.108500 0.052100 0.045400 0.111300 0.114400 0.111400 0.105000 0.105000 0.106300 0.022400 0.115800 0.123400 0.112700 0.111000 0.093600 0.112600 0.107600 0.115900 0.073300 0.055900 0.117100 0.013700 0.055900 0.097800 0.117700 0.110400 0.118300 0.114400 0.113500 0.113300 0.112100
goat 0.019900 0.286500 0.077200 0.274700 0.056000 0.019900 0.073100 0.070600 0.077100 0.108400 0.000000 0.066300 0.050600 0.069100 0.073200 0.066500 0.106200 0.106000 0.037600 0.078400 0.067800 0.014900 0.114400 0.100000 0.013600 0.075700 0.046700 0.078500 0.060100 0.071700 0.109900 0.070500 0.133400 0.048000 0.047800 0.058300 0.019800 0.061300 0.070700 0.125600 0.114200 0.066400 0.105700 0.102900 0.062300 0.072100 0.071900 0.062400 0.075700 0.096700 0.087800 0.078500
AfricanBuf 0.065100 0.286400 0.048200 0.271600 0.067900 0.065100 0.081200 0.078700 0.048200 0.099200 0.066300 0.000000 0.069000 0.079900 0.093600 0.075700 0.087300 0.087100 0.067700 0.057300 0.074500 0.065000 0.100900 0.095100 0.073000 0.082600 0.066400 0.052100 0.074700 0.048100 0.104800 0.078600 0.119300 0.070400 0.063500 0.027500 0.068900 0.070600 0.091000 0.109200 0.103500 0.078400 0.095100 0.096600 0.031300 0.074400 0.080000 0.075700 0.079900 0.088800 0.055900 0.049500
Topi 0.050700 0.288700 0.090900 0.280100 0.064000 0.050700 0.075900 0.076000 0.088100 0.112700 0.050600 0.069000 0.000000 0.077200 0.084100 0.067900 0.105000 0.102000 0.057100 0.092200 0.070600 0.050600 0.120200 0.108500 0.057100 0.074500 0.013600 0.092200 0.064100 0.085300 0.115700 0.063700 0.133600 0.016100 0.042600 0.069000 0.050500 0.069300 0.080200 0.137300 0.120100 0.070400 0.111400 0.111300 0.073000 0.074800 0.074700 0.073100 0.074500 0.095400 0.101700 0.089500
CommonDuik 0.072000 0.306200 0.089500 0.291100 0.060100 0.072000 0.039000 0.063900 0.086900 0.114400 0.069100 0.079900 0.077200 0.000000 0.086900 0.062500 0.112100 0.108800 0.079900 0.091000 0.058600 0.071800 0.121800 0.111600 0.075800 0.062500 0.073200 0.088300 0.050900 0.086800 0.111700 0.033900 0.133700 0.077200 0.070400 0.071700 0.071700 0.062700 0.065300 0.134600 0.124500 0.062400 0.110200 0.113100 0.075800 0.057400 0.063900 0.074600 0.065100 0.104000 0.093600 0.093700
Suni 0.074800 0.301000 0.101000 0.296300 0.074800 0.076100 0.096400 0.085700 0.100800 0.123000 0.073200 0.093600 0.084100 0.086900 0.000000 0.089700 0.133700 0.131600 0.085400 0.096700 0.087000 0.073300 0.137800 0.125800 0.077300 0.087000 0.080000 0.102200 0.080400 0.095200 0.120400 0.088200 0.148200 0.084000 0.081200 0.085400 0.075900 0.077500 0.087100 0.150700 0.140400 0.086800 0.118900 0.128800 0.086800 0.083100 0.085700 0.085500 0.089600 0.129600 0.106300 0.099500
Springbuck 0.068100 0.284600 0.093700 0.278700 0.058900 0.068000 0.066500 0.045600 0.090900 0.108600 0.066500 0.075700 0.067900 0.062500 0.089700 0.000000 0.110600 0.112800 0.073200 0.089500 0.031400 0.067900 0.123100 0.107200 0.073200 0.035200 0.064000 0.092300 0.021200 0.088100 0.104600 0.061100 0.133800 0.065200 0.065000 0.070200 0.070500 0.064100 0.050900 0.133100 0.125800 0.032500 0.104600 0.112900 0.071600 0.062800 0.039200 0.081300 0.066300 0.102500 0.097600 0.091000
Okapi 0.105000 0.275200 0.098500 0.283700 0.101200 0.104900 0.116400 0.110900 0.095600 0.088300 0.106200 0.087300 0.105000 0.112100 0.133700 0.110600 0.000000 0.032700 0.107600 0.105400 0.107800 0.104800 0.098200 0.092400 0.111900 0.119300 0.102200 0.099800 0.101300 0.095600 0.100700 0.112200 0.099700 0.106400 0.100700 0.083100 0.109000 0.102500 0.116500 0.113500 0.107800 0.113400 0.092500 0.098000 0.087300 0.114100 0.112300 0.112100 0.107900 0.104200 0.109500 0.104100
Giraffe 0.104800 0.271400 0.095600 0.271000 0.096800 0.104700 0.113000 0.107400 0.092800 0.086800 0.106000 0.087100 0.102000 0.108800 0.131600 0.112800 0.032700 0.000000 0.107400 0.102400 0.104600 0.104600 0.093900 0.088200 0.111700 0.115700 0.102000 0.096900 0.100700 0.092500 0.095100 0.106000 0.099500 0.103300 0.097600 0.084300 0.108800 0.098100 0.115900 0.110600 0.103400 0.109900 0.088300 0.093800 0.088400 0.110600 0.111700 0.108900 0.107400 0.105400 0.106500 0.102500
TibetanAnt 0.036400 0.301500 0.084000 0.282100 0.066600 0.036400 0.083900 0.076000 0.081200 0.116800 0.037600 0.067700 0.057100 0.079900 0.085400 0.073200 0.107600 0.107400 0.000000 0.085300 0.070500 0.033800 0.123000 0.105600 0.041500 0.079800 0.053200 0.085300 0.069400 0.081200 0.117000 0.078500 0.146400 0.057100 0.055700 0.067700 0.037600 0.074700 0.081500 0.134200 0.128500 0.073100 0.112700 0.111400 0.071700 0.080200 0.077400 0.074400 0.082500 0.105100 0.094800 0.084000
Sitatunga 0.077300 0.297400 0.020000 0.281800 0.085700 0.080000 0.092300 0.084300 0.008700 0.105000 0.078400 0.057300 0.092200 0.091000 0.096700 0.089500 0.105400 0.102400 0.085300 0.000000 0.085600 0.078500 0.117900 0.109100 0.082600 0.088300 0.089500 0.007500 0.080400 0.017500 0.102300 0.086900 0.138200 0.090800 0.079700 0.052000 0.081100 0.088400 0.096700 0.126400 0.120600 0.092300 0.095400 0.114800 0.056000 0.081800 0.083000 0.093600 0.077300 0.109900 0.016200 0.026400
Oribi 0.066700 0.288600 0.087000 0.272100 0.056200 0.066700 0.065200 0.034000 0.084200 0.107500 0.067800 0.074500 0.070600 0.058600 0.087000 0.031400 0.107800 0.104600 0.070500 0.085600 0.000000 0.065200 0.120500 0.103300 0.074600 0.035200 0.066600 0.085600 0.025100 0.081400 0.104800 0.062400 0.135200 0.070500 0.065000 0.069100 0.070500 0.061500 0.044400 0.131800 0.123200 0.025000 0.106200 0.111800 0.070500 0.054900 0.035300 0.075900 0.069000 0.102600 0.088200 0.084300
BarbaryShe 0.014900 0.286100 0.077300 0.278500 0.053500 0.014900 0.075900 0.069300 0.077200 0.108500 0.014900 0.065000 0.050600 0.071800 0.073300 0.067900 0.104800 0.104600 0.033800 0.078500 0.065200 0.000000 0.110300 0.098800 0.018600 0.077100 0.046700 0.078500 0.061400 0.071800 0.105800 0.070500 0.132100 0.048000 0.045200 0.058400 0.017400 0.058700 0.073400 0.124300 0.114400 0.067800 0.104400 0.101700 0.062400 0.070800 0.072000 0.062400 0.075800 0.101000 0.087900 0.078600
Daviddeer 0.110400 0.293900 0.111000 0.304000 0.109400 0.110400 0.131800 0.120600 0.113700 0.052100 0.114400 0.100900 0.120200 0.121800 0.137800 0.123100 0.098200 0.093900 0.123000 0.117900 0.120500 0.110300 0.000000 0.056000 0.114500 0.129000 0.118900 0.115100 0.116600 0.113600 0.061300 0.127500 0.126600 0.120200 0.118500 0.095200 0.117200 0.108000 0.126200 0.080300 0.017400 0.126000 0.053400 0.058700 0.099400 0.122200 0.120600 0.120200 0.119000 0.116600 0.123400 0.118000
Reindeer 0.100300 0.283000 0.105100 0.296200 0.100700 0.100300 0.118600 0.110300 0.105000 0.045400 0.100000 0.095100 0.108500 0.111600 0.125800 0.107200 0.092400 0.088200 0.105600 0.109100 0.103300 0.098800 0.056000 0.000000 0.102900 0.110200 0.107200 0.106400 0.103600 0.104900 0.053200 0.114400 0.112200 0.108500 0.102600 0.086800 0.102800 0.109100 0.113100 0.053300 0.061200 0.110000 0.044100 0.021100 0.090900 0.107900 0.109000 0.111200 0.110200 0.105100 0.114600 0.112000
Ibex 0.023700 0.288500 0.081300 0.273100 0.062700 0.023700 0.078500 0.077300 0.081200 0.111300 0.013600 0.073000 0.057100 0.075800 0.077300 0.073200 0.111900 0.111700 0.041500 0.082600 0.074600 0.018600 0.114500 0.102900 0.000000 0.082500 0.053200 0.082600 0.066800 0.078500 0.112800 0.074500 0.139300 0.054500 0.054400 0.065000 0.023600 0.068000 0.072000 0.128600 0.114300 0.073100 0.108600 0.105800 0.069000 0.076200 0.074700 0.066400 0.079800 0.102400 0.092000 0.085400
GyrantGaze 0.077300 0.290300 0.095200 0.274600 0.062800 0.077200 0.065200 0.046900 0.092400 0.114400 0.075700 0.082600 0.074500 0.062500 0.087000 0.035200 0.119300 0.115700 0.079800 0.088300 0.035200 0.077100 0.129000 0.110200 0.082500 0.000000 0.073300 0.093800 0.030100 0.089600 0.110300 0.061000 0.146900 0.077200 0.071700 0.074400 0.074300 0.068100 0.052200 0.141900 0.131700 0.021100 0.110300 0.118700 0.078500 0.058800 0.043100 0.088100 0.066300 0.098400 0.099100 0.093900
Hartebeest 0.049400 0.283900 0.088200 0.283700 0.057400 0.049400 0.069200 0.072000 0.085400 0.111400 0.046700 0.066400 0.013600 0.073200 0.080000 0.064000 0.102200 0.102000 0.053200 0.089500 0.066600 0.046700 0.118900 0.107200 0.053200 0.073300 0.000000 0.089500 0.060200 0.082600 0.114300 0.063800 0.132200 0.009900 0.038800 0.066400 0.049300 0.062700 0.076100 0.135900 0.118700 0.066500 0.110100 0.109900 0.070400 0.073500 0.070700 0.069100 0.073200 0.094100 0.099000 0.086800
Bongo 0.077300 0.301200 0.015000 0.286700 0.085700 0.080000 0.089600 0.084300 0.003700 0.105000 0.078500 0.052100 0.092200 0.088300 0.102200 0.092300 0.099800 0.096900 0.085300 0.007500 0.085600 0.078500 0.115100 0.106400 0.082600 0.093800 0.089500 0.000000 0.080400 0.012500 0.105100 0.084200 0.132500 0.090800 0.078400 0.046800 0.081100 0.088500 0.096700 0.123600 0.117800 0.092300 0.095400 0.110700 0.050800 0.081800 0.085700 0.090900 0.082700 0.107100 0.011200 0.021300
Gerenuk 0.061600 0.287800 0.084500 0.277900 0.049800 0.061600 0.054800 0.036700 0.079000 0.105000 0.060100 0.074700 0.064100 0.050900 0.080400 0.021200 0.101300 0.100700 0.069400 0.080400 0.025100 0.061400 0.116600 0.103600 0.066800 0.030100 0.060200 0.080400 0.000000 0.076200 0.100900 0.049400 0.125600 0.064100 0.063900 0.066600 0.064000 0.052400 0.036700 0.132200 0.122100 0.023700 0.100900 0.109300 0.068000 0.051100 0.032800 0.070800 0.054600 0.096000 0.085700 0.084500
CommonElan 0.070500 0.294200 0.012500 0.276400 0.078900 0.073200 0.088200 0.080200 0.013700 0.106300 0.071700 0.048100 0.085300 0.086800 0.095200 0.088100 0.095600 0.092500 0.081200 0.017500 0.081400 0.071800 0.113600 0.104900 0.078500 0.089600 0.082600 0.012500 0.076200 0.000000 0.109200 0.082700 0.126600 0.083900 0.075500 0.042900 0.074300 0.081600 0.089800 0.119400 0.116300 0.085300 0.099500 0.109200 0.046800 0.080300 0.084300 0.088100 0.084000 0.102800 0.021200 0.016200
MuntiacusR 0.111600 0.280800 0.109400 0.293300 0.099500 0.111600 0.118700 0.107700 0.103700 0.022400 0.109900 0.104800 0.115700 0.111700 0.120400 0.104600 0.100700 0.095100 0.117000 0.102300 0.104800 0.105800 0.061300 0.053200 0.112800 0.110300 0.114300 0.105100 0.100900 0.109200 0.000000 0.111700 0.127700 0.112800 0.108400 0.099200 0.112700 0.107800 0.113200 0.080000 0.066500 0.113000 0.013600 0.065100 0.100600 0.109400 0.106300 0.112900 0.110300 0.115000 0.113400 0.113600
HarveysDui 0.070700 0.297600 0.085600 0.285500 0.061500 0.070600 0.037700 0.065100 0.082800 0.115800 0.070500 0.078600 0.063700 0.033900 0.088200 0.061100 0.112200 0.106000 0.078500 0.086900 0.062400 0.070500 0.127500 0.114400 0.074500 0.061000 0.063800 0.084200 0.049400 0.082700 0.111700 0.000000 0.136700 0.065100 0.061100 0.073100 0.069100 0.064100 0.069200 0.140500 0.130200 0.063600 0.111700 0.116000 0.077200 0.053500 0.062500 0.073200 0.058500 0.098300 0.092200 0.092400
Pronghorn 0.133800 0.300900 0.132600 0.320000 0.125400 0.133700 0.141000 0.138100 0.131100 0.123400 0.133400 0.119300 0.133600 0.133700 0.148200 0.133800 0.099700 0.099500 0.146400 0.138200 0.135200 0.132100 0.126600 0.112200 0.139300 0.146900 0.132200 0.132500 0.125600 0.126600 0.127700 0.136700 0.000000 0.135000 0.130300 0.115000 0.133400 0.128300 0.144000 0.136900 0.132100 0.139400 0.120600 0.122200 0.116500 0.135800 0.138300 0.139300 0.136700 0.131500 0.141000 0.135400
BlueWildeb 0.050700 0.285400 0.089500 0.281900 0.058700 0.050700 0.073200 0.073300 0.089400 0.112700 0.048000 0.070400 0.016100 0.077200 0.084000 0.065200 0.106400 0.103300 0.057100 0.090800 0.070500 0.048000 0.120200 0.108500 0.054500 0.077200 0.009900 0.090800 0.064100 0.083900 0.112800 0.065100 0.135000 0.000000 0.034900 0.067600 0.050500 0.066600 0.077400 0.137300 0.120100 0.070400 0.108600 0.111300 0.071700 0.077500 0.074700 0.070400 0.077200 0.095400 0.100300 0.088100
Gemsbok 0.050500 0.278700 0.077100 0.264300 0.054600 0.050500 0.069000 0.070400 0.077100 0.111000 0.047800 0.063500 0.042600 0.070400 0.081200 0.065000 0.100700 0.097600 0.055700 0.079700 0.065000 0.045200 0.118500 0.102600 0.054400 0.071700 0.038800 0.078400 0.063900 0.075500 0.108400 0.061100 0.130300 0.034900 0.000000 0.052900 0.045200 0.062500 0.077200 0.130000 0.121200 0.067600 0.104200 0.104100 0.062200 0.069300 0.074500 0.067400 0.070100 0.091000 0.087800 0.081200
Yak 0.059800 0.282800 0.045600 0.269600 0.070600 0.059800 0.075800 0.075800 0.045500 0.093600 0.058300 0.027500 0.069000 0.071700 0.085400 0.070200 0.083100 0.084300 0.067700 0.052000 0.069100 0.058400 0.095200 0.086800 0.065000 0.074400 0.066400 0.046800 0.066600 0.042900 0.099200 0.073100 0.115000 0.067600 0.052900 0.000000 0.058300 0.073200 0.080000 0.103500 0.100600 0.067600 0.089600 0.088200 0.008700 0.066600 0.074500 0.070300 0.074400 0.090100 0.053300 0.046800
BlueSheep 0.019900 0.283600 0.079900 0.274500 0.058600 0.019900 0.075800 0.073200 0.079800 0.112600 0.019800 0.068900 0.050500 0.071700 0.075900 0.070500 0.109000 0.108800 0.037600 0.081100 0.070500 0.017400 0.117200 0.102800 0.023600 0.074300 0.049300 0.081100 0.064000 0.074300 0.112700 0.069100 0.133400 0.050500 0.045200 0.058300 0.000000 0.063900 0.076000 0.128500 0.119900 0.067700 0.108500 0.102900 0.064900 0.072000 0.074600 0.065000 0.078300 0.102200 0.090500 0.081200
BohorReedb 0.057500 0.296600 0.087200 0.283700 0.011200 0.057500 0.066700 0.060200 0.087100 0.107600 0.061300 0.070600 0.069300 0.062700 0.077500 0.064100 0.102500 0.098100 0.074700 0.088400 0.061500 0.058700 0.108000 0.109100 0.068000 0.068100 0.062700 0.088500 0.052400 0.081600 0.107800 0.064100 0.128300 0.066600 0.062500 0.073200 0.063900 0.000000 0.069600 0.131900 0.116300 0.064000 0.109100 0.112000 0.077300 0.068400 0.065500 0.073300 0.064000 0.105600 0.095200 0.088400
KirksDik 0.073600 0.306600 0.098200 0.272000 0.068300 0.073500 0.071900 0.043100 0.095400 0.115900 0.070700 0.091000 0.080200 0.065300 0.087100 0.050900 0.116500 0.115900 0.081500 0.096700 0.044400 0.073400 0.126200 0.113100 0.072000 0.052200 0.076100 0.096700 0.036700 0.089800 0.113200 0.069200 0.144000 0.077400 0.077200 0.080000 0.076000 0.069600 0.000000 0.139100 0.126000 0.045600 0.113200 0.116000 0.081400 0.068200 0.044400 0.085600 0.074500 0.109900 0.102100 0.099600
RoeDeer 0.123100 0.298100 0.122300 0.315800 0.128900 0.123000 0.141900 0.139100 0.122200 0.073300 0.125600 0.109200 0.137300 0.134600 0.150700 0.133100 0.113500 0.110600 0.134200 0.126400 0.131800 0.124300 0.080300 0.053300 0.128600 0.141900 0.135900 0.123600 0.132200 0.119400 0.080000 0.140500 0.136900 0.137300 0.130000 0.103500 0.128500 0.131900 0.139100 0.000000 0.085600 0.138800 0.073300 0.063900 0.107800 0.136700 0.134800 0.130000 0.134600 0.133800 0.129100 0.129400
WhiteLippe 0.114600 0.293200 0.113700 0.303700 0.117800 0.114500 0.131600 0.120500 0.116300 0.055900 0.114200 0.103500 0.120100 0.124500 0.140400 0.125800 0.107800 0.103400 0.128500 0.120600 0.123200 0.114400 0.017400 0.061200 0.114300 0.131700 0.118700 0.117800 0.122100 0.116300 0.066500 0.130200 0.132100 0.120100 0.121200 0.100600 0.119900 0.116300 0.126000 0.085600 0.000000 0.131500 0.058600 0.063900 0.104800 0.124900 0.126100 0.122900 0.124500 0.120700 0.126100 0.117900
ThomsonGaz 0.066600 0.286800 0.093700 0.278100 0.058700 0.066600 0.063800 0.045500 0.090900 0.117100 0.066400 0.078400 0.070400 0.062400 0.086800 0.032500 0.113400 0.109900 0.073100 0.092300 0.025000 0.067800 0.126000 0.110000 0.073100 0.021100 0.066500 0.092300 0.023700 0.085300 0.113000 0.063600 0.139400 0.070400 0.067600 0.067600 0.067700 0.064000 0.045600 0.138800 0.131500 0.000000 0.113000 0.118600 0.071700 0.060000 0.039100 0.079800 0.070200 0.105200 0.094900 0.092300
MuntiacusC 0.107400 0.277700 0.102400 0.286100 0.100800 0.107300 0.118700 0.107700 0.094000 0.013700 0.105700 0.095100 0.111400 0.110200 0.118900 0.104600 0.092500 0.088300 0.112700 0.095400 0.106200 0.104400 0.053400 0.044100 0.108600 0.110300 0.110100 0.095400 0.100900 0.099500 0.013600 0.111700 0.120600 0.108600 0.104200 0.089600 0.108500 0.109100 0.113200 0.073300 0.058600 0.113000 0.000000 0.055900 0.093700 0.110600 0.106300 0.114200 0.110300 0.113600 0.103600 0.106600
WhiteTaile 0.101800 0.279900 0.106600 0.295000 0.104900 0.101800 0.118700 0.116000 0.109300 0.055900 0.102900 0.096600 0.111300 0.113100 0.128800 0.112900 0.098000 0.093800 0.111400 0.114800 0.111800 0.101700 0.058700 0.021100 0.105800 0.118700 0.109900 0.110700 0.109300 0.109200 0.065100 0.116000 0.122200 0.111300 0.104100 0.088200 0.102900 0.112000 0.116000 0.063900 0.063900 0.118600 0.055900 0.000000 0.092400 0.112200 0.114700 0.112600 0.117300 0.115100 0.119000 0.116400
Cattle 0.063800 0.288000 0.049500 0.276700 0.074600 0.063800 0.079800 0.077200 0.049400 0.097800 0.062300 0.031300 0.073000 0.075800 0.086800 0.071600 0.087300 0.088400 0.071700 0.056000 0.070500 0.062400 0.099400 0.090900 0.069000 0.078500 0.070400 0.050800 0.068000 0.046800 0.100600 0.077200 0.116500 0.071700 0.062200 0.008700 0.064900 0.077300 0.081400 0.107800 0.104800 0.071700 0.093700 0.092400 0.000000 0.068000 0.075900 0.074400 0.078500 0.091500 0.057200 0.048200
RoyalAntel 0.068300 0.288600 0.083200 0.275500 0.065700 0.068300 0.060100 0.065500 0.080400 0.117700 0.072100 0.074400 0.074800 0.057400 0.083100 0.062800 0.114100 0.110600 0.080200 0.081800 0.054900 0.070800 0.122200 0.107900 0.076200 0.058800 0.073500 0.081800 0.051100 0.080300 0.109400 0.053500 0.135800 0.077500 0.069300 0.066600 0.072000 0.068400 0.068200 0.136700 0.124900 0.060000 0.110600 0.112200 0.068000 0.000000 0.056300 0.074800 0.061400 0.096000 0.081600 0.084400
Steenbok 0.070800 0.299800 0.087100 0.282600 0.062900 0.070800 0.065300 0.039200 0.084300 0.110400 0.071900 0.080000 0.074700 0.063900 0.085700 0.039200 0.112300 0.111700 0.077400 0.083000 0.035300 0.072000 0.120600 0.109000 0.074700 0.043100 0.070700 0.085700 0.032800 0.084300 0.106300 0.062500 0.138300 0.074700 0.074500 0.074500 0.074600 0.065500 0.044400 0.134800 0.126100 0.039100 0.106300 0.114700 0.075900 0.056300 0.000000 0.078700 0.065100 0.100000 0.088300 0.088500
Impala 0.063900 0.294200 0.089600 0.292900 0.068000 0.063800 0.081300 0.080100 0.089500 0.118300 0.062400 0.075700 0.073100 0.074600 0.085500 0.081300 0.112100 0.108900 0.074400 0.093600 0.075900 0.062400 0.120200 0.111200 0.066400 0.088100 0.069100 0.090900 0.070800 0.088100 0.112900 0.073200 0.139300 0.070400 0.067400 0.070300 0.065000 0.073300 0.085600 0.130000 0.122900 0.079800 0.114200 0.112600 0.074400 0.074800 0.078700 0.000000 0.084000 0.106600 0.097600 0.096500
Klipspring 0.075900 0.296000 0.084100 0.280700 0.062800 0.075900 0.063800 0.074400 0.081300 0.114400 0.075700 0.079900 0.074500 0.065100 0.089600 0.066300 0.107900 0.107400 0.082500 0.077300 0.069000 0.075800 0.119000 0.110200 0.079800 0.066300 0.073200 0.082700 0.054600 0.084000 0.110300 0.058500 0.136700 0.077200 0.070100 0.074400 0.078300 0.064000 0.074500 0.134600 0.124500 0.070200 0.110300 0.117300 0.078500 0.061400 0.065100 0.084000 0.000000 0.104000 0.088000 0.091000
ForestMusk 0.099800 0.290900 0.105800 0.285200 0.100000 0.099800 0.105400 0.106900 0.105600 0.113500 0.096700 0.088800 0.095400 0.104000 0.129600 0.102500 0.104200 0.105400 0.105100 0.109900 0.102600 0.101000 0.116600 0.105100 0.102400 0.098400 0.094100 0.107100 0.096000 0.102800 0.115000 0.098300 0.131500 0.095400 0.091000 0.090100 0.102200 0.105600 0.109900 0.133800 0.120700 0.105200 0.113600 0.115100 0.091500 0.096000 0.100000 0.106600 0.104000 0.000000 0.112500 0.108500
Bushbuck 0.085400 0.311400 0.023800 0.291500 0.092500 0.088000 0.095000 0.089700 0.012400 0.113300 0.087800 0.055900 0.101700 0.093600 0.106300 0.097600 0.109500 0.106500 0.094800 0.016200 0.088200 0.087900 0.123400 0.114600 0.092000 0.099100 0.099000 0.011200 0.085700 0.021200 0.113400 0.092200 0.141000 0.100300 0.087800 0.053300 0.090500 0.095200 0.102100 0.129100 0.126100 0.094900 0.103600 0.119000 0.057200 0.081600 0.088300 0.097600 0.088000 0.112500 0.000000 0.030200
GreaterKud 0.077400 0.298900 0.021300 0.280200 0.088400 0.080100 0.097900 0.081700 0.022600 0.112100 0.078500 0.049500 0.089500 0.093700 0.099500 0.091000 0.104100 0.102500 0.084000 0.026400 0.084300 0.078600 0.118000 0.112000 0.085400 0.093900 0.086800 0.021300 0.084500 0.016200 0.113600 0.092400 0.135400 0.088100 0.081200 0.046800 0.081200 0.088400 0.099600 0.129400 0.117900 0.092300 0.106600 0.116400 0.048200 0.084400 0.088500 0.096500 0.091000 0.108500 0.030200 0.000000
