CODONML (in paml version 4.10.7, June 2023)  /home/rachel/ruminants_paml/6406-phy-tree/ENSBTAT00000000186.fasta.phy
Model: free dN/dS Ratios for branches,  kappa = 2.000 fixed

Codon frequency model: F3x4
ns =  54  ls =  24

Codon usage in sequences
--------------------------------------------------------------------------------------------------------------------------------------
Phe TTT   0   0   0   0   0   0 | Ser TCT   3   3   3   3   3   2 | Tyr TAT   1   1   1   1   1   1 | Cys TGT   1   1   1   1   1   1
    TTC   2   2   2   2   2   2 |     TCC   0   0   0   0   0   1 |     TAC   0   0   0   0   0   0 |     TGC   0   0   0   0   0   0
Leu TTA   0   0   0   0   0   0 |     TCA   0   0   0   0   0   0 | *** TAA   0   0   0   0   0   0 | *** TGA   0   0   0   0   0   0
    TTG   0   0   0   0   0   0 |     TCG   0   0   0   0   0   0 |     TAG   0   0   0   0   0   0 | Trp TGG   0   0   0   0   0   0
--------------------------------------------------------------------------------------------------------------------------------------
Leu CTT   0   1   1   1   1   1 | Pro CCT   0   0   0   0   0   0 | His CAT   1   1   1   1   1   1 | Arg CGT   0   0   0   0   0   0
    CTC   2   1   1   1   1   1 |     CCC   0   0   0   0   0   0 |     CAC   0   0   0   0   0   0 |     CGC   0   0   0   0   0   0
    CTA   0   0   0   0   0   0 |     CCA   0   0   0   0   0   0 | Gln CAA   1   1   0   1   1   1 |     CGA   0   0   0   0   0   0
    CTG   0   0   0   0   0   0 |     CCG   0   0   0   0   0   0 |     CAG   1   1   2   1   1   1 |     CGG   0   0   0   0   0   0
--------------------------------------------------------------------------------------------------------------------------------------
Ile ATT   0   0   0   0   0   0 | Thr ACT   0   0   0   0   0   0 | Asn AAT   0   0   0   0   0   0 | Ser AGT   0   0   0   0   0   0
    ATC   0   0   0   0   0   0 |     ACC   0   0   0   0   0   0 |     AAC   0   0   0   0   0   0 |     AGC   1   1   1   1   1   1
    ATA   0   0   0   0   0   0 |     ACA   0   0   0   0   0   0 | Lys AAA   2   1   2   2   2   2 | Arg AGA   1   1   1   1   1   1
Met ATG   0   0   0   0   0   0 |     ACG   1   1   1   1   1   1 |     AAG   0   1   0   0   0   0 |     AGG   0   0   0   0   0   0
--------------------------------------------------------------------------------------------------------------------------------------
Val GTT   1   1   1   1   1   1 | Ala GCT   0   0   0   0   0   0 | Asp GAT   0   0   0   0   0   0 | Gly GGT   0   0   0   0   0   0
    GTC   0   0   0   0   0   0 |     GCC   0   0   0   0   0   0 |     GAC   0   0   0   0   0   0 |     GGC   1   1   1   1   1   1
    GTA   0   0   0   0   0   0 |     GCA   1   1   1   1   1   1 | Glu GAA   1   1   1   1   1   1 |     GGA   0   0   0   0   0   0
    GTG   2   2   2   2   2   2 |     GCG   0   0   0   0   0   0 |     GAG   1   1   1   1   1   1 |     GGG   0   0   0   0   0   0
--------------------------------------------------------------------------------------------------------------------------------------

--------------------------------------------------------------------------------------------------------------------------------------
Phe TTT   0   0   0   0   0   0 | Ser TCT   3   3   3   3   3   3 | Tyr TAT   1   1   1   1   1   1 | Cys TGT   1   1   1   1   1   1
    TTC   2   2   2   2   2   2 |     TCC   0   0   0   0   0   0 |     TAC   0   0   0   0   0   0 |     TGC   0   0   0   0   0   0
Leu TTA   0   0   0   0   0   0 |     TCA   0   0   0   0   0   0 | *** TAA   0   0   0   0   0   0 | *** TGA   0   0   0   0   0   0
    TTG   0   0   0   0   0   0 |     TCG   0   0   0   0   0   0 |     TAG   0   0   0   0   0   0 | Trp TGG   0   0   0   0   0   0
--------------------------------------------------------------------------------------------------------------------------------------
Leu CTT   0   0   0   0   1   1 | Pro CCT   0   0   0   0   0   0 | His CAT   1   1   1   1   1   1 | Arg CGT   0   0   0   0   0   0
    CTC   2   2   2   2   1   1 |     CCC   0   0   0   0   0   0 |     CAC   0   0   0   0   0   0 |     CGC   0   0   0   0   0   0
    CTA   0   0   0   0   0   0 |     CCA   0   0   0   0   0   0 | Gln CAA   1   1   1   1   0   1 |     CGA   0   0   0   0   0   0
    CTG   0   0   0   0   0   0 |     CCG   0   0   0   0   0   0 |     CAG   1   1   1   1   2   1 |     CGG   0   0   0   0   0   0
--------------------------------------------------------------------------------------------------------------------------------------
Ile ATT   0   0   0   0   0   0 | Thr ACT   0   0   0   0   0   0 | Asn AAT   0   0   0   0   0   0 | Ser AGT   0   0   0   0   0   0
    ATC   0   0   0   0   0   0 |     ACC   0   0   0   0   0   0 |     AAC   0   0   0   0   0   0 |     AGC   1   1   1   1   1   1
    ATA   0   0   0   0   0   0 |     ACA   0   0   0   0   0   0 | Lys AAA   2   2   2   2   2   2 | Arg AGA   1   1   1   1   1   1
Met ATG   0   0   0   0   0   0 |     ACG   1   1   1   1   1   1 |     AAG   0   0   0   0   0   0 |     AGG   0   0   0   0   0   0
--------------------------------------------------------------------------------------------------------------------------------------
Val GTT   1   1   1   1   1   1 | Ala GCT   0   0   0   0   0   0 | Asp GAT   0   0   0   0   0   0 | Gly GGT   0   0   0   0   0   0
    GTC   0   0   0   0   0   0 |     GCC   0   0   0   0   0   0 |     GAC   0   0   0   0   0   0 |     GGC   1   1   1   1   1   1
    GTA   0   0   0   0   0   0 |     GCA   1   1   1   1   1   1 | Glu GAA   1   1   1   1   1   1 |     GGA   0   0   0   0   0   0
    GTG   2   2   2   2   2   2 |     GCG   0   0   0   0   0   0 |     GAG   1   1   1   1   1   1 |     GGG   0   0   0   0   0   0
--------------------------------------------------------------------------------------------------------------------------------------

--------------------------------------------------------------------------------------------------------------------------------------
Phe TTT   0   0   0   0   0   0 | Ser TCT   3   3   3   3   3   3 | Tyr TAT   1   1   1   1   1   1 | Cys TGT   1   1   1   1   1   1
    TTC   2   2   2   2   2   2 |     TCC   0   0   0   0   0   0 |     TAC   0   0   0   0   0   0 |     TGC   0   0   0   0   0   0
Leu TTA   0   0   0   0   0   0 |     TCA   0   0   0   0   0   0 | *** TAA   0   0   0   0   0   0 | *** TGA   0   0   0   0   0   0
    TTG   0   0   0   0   0   0 |     TCG   0   0   0   0   0   0 |     TAG   0   0   0   0   0   0 | Trp TGG   0   0   0   0   0   0
--------------------------------------------------------------------------------------------------------------------------------------
Leu CTT   0   1   0   0   0   0 | Pro CCT   0   0   0   0   0   0 | His CAT   1   1   1   1   1   1 | Arg CGT   0   0   0   0   0   0
    CTC   2   1   2   2   2   2 |     CCC   0   0   0   0   0   0 |     CAC   0   0   0   0   0   0 |     CGC   0   0   0   0   0   0
    CTA   0   0   0   0   0   0 |     CCA   0   0   0   0   0   0 | Gln CAA   1   1   1   1   1   2 |     CGA   0   0   0   0   0   0
    CTG   0   0   0   0   0   0 |     CCG   0   0   0   0   0   0 |     CAG   1   1   1   1   1   0 |     CGG   0   0   0   0   0   0
--------------------------------------------------------------------------------------------------------------------------------------
Ile ATT   0   0   0   0   0   0 | Thr ACT   0   0   0   0   0   0 | Asn AAT   0   0   0   0   0   0 | Ser AGT   0   0   0   0   0   0
    ATC   0   0   0   0   0   0 |     ACC   0   0   0   0   0   0 |     AAC   0   0   0   0   0   0 |     AGC   1   1   1   1   1   1
    ATA   0   0   0   0   0   0 |     ACA   0   0   0   0   0   0 | Lys AAA   2   2   2   2   2   2 | Arg AGA   1   1   1   1   1   1
Met ATG   0   0   0   0   0   0 |     ACG   1   1   1   1   1   1 |     AAG   0   0   0   0   0   0 |     AGG   0   0   0   0   0   0
--------------------------------------------------------------------------------------------------------------------------------------
Val GTT   1   1   1   1   1   1 | Ala GCT   0   0   0   0   0   0 | Asp GAT   0   0   0   0   0   0 | Gly GGT   0   1   0   0   0   0
    GTC   0   0   0   0   0   0 |     GCC   0   0   0   0   0   0 |     GAC   0   0   0   0   0   0 |     GGC   1   0   1   1   1   1
    GTA   0   0   0   0   0   0 |     GCA   1   1   1   1   1   1 | Glu GAA   1   1   1   1   1   1 |     GGA   0   0   0   0   0   0
    GTG   2   2   2   2   2   2 |     GCG   0   0   0   0   0   0 |     GAG   1   1   1   1   1   1 |     GGG   0   0   0   0   0   0
--------------------------------------------------------------------------------------------------------------------------------------

--------------------------------------------------------------------------------------------------------------------------------------
Phe TTT   0   0   0   0   0   0 | Ser TCT   3   3   3   3   3   3 | Tyr TAT   1   1   1   1   1   1 | Cys TGT   1   1   1   1   1   1
    TTC   2   2   2   2   2   2 |     TCC   0   0   0   0   0   0 |     TAC   0   0   0   0   0   0 |     TGC   0   0   0   0   0   0
Leu TTA   0   0   0   0   0   0 |     TCA   0   0   0   0   0   0 | *** TAA   0   0   0   0   0   0 | *** TGA   0   0   0   0   0   0
    TTG   0   0   0   0   0   0 |     TCG   0   0   0   0   0   0 |     TAG   0   0   0   0   0   0 | Trp TGG   0   0   0   0   0   0
--------------------------------------------------------------------------------------------------------------------------------------
Leu CTT   1   1   0   1   0   0 | Pro CCT   0   0   0   0   0   0 | His CAT   1   1   1   1   1   1 | Arg CGT   0   0   0   0   0   0
    CTC   1   1   2   1   2   2 |     CCC   0   0   0   0   0   0 |     CAC   0   0   0   0   0   0 |     CGC   0   0   0   0   0   0
    CTA   0   0   0   0   0   0 |     CCA   0   0   0   0   0   0 | Gln CAA   1   1   1   0   1   1 |     CGA   0   0   0   0   0   0
    CTG   0   0   0   0   0   0 |     CCG   0   0   0   0   0   0 |     CAG   1   1   1   2   1   1 |     CGG   0   0   0   0   0   0
--------------------------------------------------------------------------------------------------------------------------------------
Ile ATT   0   0   0   0   0   0 | Thr ACT   0   0   0   0   1   0 | Asn AAT   0   0   0   0   0   0 | Ser AGT   0   0   0   0   0   0
    ATC   0   0   0   0   0   0 |     ACC   0   0   0   0   0   0 |     AAC   0   0   0   0   0   0 |     AGC   1   1   1   1   1   1
    ATA   0   0   0   0   0   0 |     ACA   0   0   0   0   0   0 | Lys AAA   2   2   1   2   2   2 | Arg AGA   1   1   1   1   1   1
Met ATG   0   0   0   0   0   0 |     ACG   1   1   1   1   0   1 |     AAG   0   0   1   0   0   0 |     AGG   0   0   0   0   0   0
--------------------------------------------------------------------------------------------------------------------------------------
Val GTT   1   1   1   1   1   1 | Ala GCT   0   0   0   0   0   0 | Asp GAT   0   0   0   0   0   0 | Gly GGT   0   0   0   0   0   0
    GTC   0   0   0   0   0   0 |     GCC   0   0   0   0   0   0 |     GAC   0   0   0   0   0   0 |     GGC   1   1   1   1   1   1
    GTA   0   0   0   0   0   0 |     GCA   1   1   1   1   1   1 | Glu GAA   1   1   1   1   1   1 |     GGA   0   0   0   0   0   0
    GTG   2   2   2   2   2   2 |     GCG   0   0   0   0   0   0 |     GAG   1   1   1   1   1   1 |     GGG   0   0   0   0   0   0
--------------------------------------------------------------------------------------------------------------------------------------

--------------------------------------------------------------------------------------------------------------------------------------
Phe TTT   0   0   0   0   0   0 | Ser TCT   3   3   3   3   3   3 | Tyr TAT   1   1   1   1   1   1 | Cys TGT   1   1   1   1   1   1
    TTC   2   2   2   2   2   2 |     TCC   0   0   0   0   0   0 |     TAC   0   0   0   0   0   0 |     TGC   0   0   0   0   0   0
Leu TTA   0   0   0   0   0   0 |     TCA   0   0   0   0   0   0 | *** TAA   0   0   0   0   0   0 | *** TGA   0   0   0   0   0   0
    TTG   0   0   0   0   0   0 |     TCG   0   0   0   0   0   0 |     TAG   0   0   0   0   0   0 | Trp TGG   0   0   0   0   0   0
--------------------------------------------------------------------------------------------------------------------------------------
Leu CTT   1   1   0   0   0   1 | Pro CCT   0   0   0   0   0   0 | His CAT   1   1   1   1   1   1 | Arg CGT   0   0   0   0   0   0
    CTC   1   1   2   2   2   1 |     CCC   0   0   0   0   0   0 |     CAC   0   0   0   0   0   0 |     CGC   0   0   0   0   0   0
    CTA   0   0   0   0   0   0 |     CCA   0   0   0   0   0   0 | Gln CAA   1   1   1   1   1   0 |     CGA   0   0   0   0   0   0
    CTG   0   0   0   0   0   0 |     CCG   0   0   0   0   0   0 |     CAG   1   1   1   1   1   2 |     CGG   0   0   0   0   0   0
--------------------------------------------------------------------------------------------------------------------------------------
Ile ATT   0   0   0   0   0   0 | Thr ACT   0   0   0   0   0   0 | Asn AAT   0   0   0   0   0   0 | Ser AGT   0   0   0   0   0   0
    ATC   0   0   0   0   0   0 |     ACC   0   0   0   0   0   0 |     AAC   0   0   0   0   0   0 |     AGC   1   1   1   1   1   1
    ATA   0   0   0   0   0   0 |     ACA   0   0   0   0   0   0 | Lys AAA   2   2   2   2   2   2 | Arg AGA   1   1   1   1   1   1
Met ATG   0   0   0   0   0   0 |     ACG   1   1   1   1   1   1 |     AAG   0   0   0   0   0   0 |     AGG   0   0   0   0   0   0
--------------------------------------------------------------------------------------------------------------------------------------
Val GTT   1   1   1   1   1   1 | Ala GCT   0   0   0   0   0   0 | Asp GAT   0   0   0   0   0   0 | Gly GGT   0   0   0   0   0   0
    GTC   0   0   0   0   0   0 |     GCC   0   0   0   0   0   0 |     GAC   0   0   0   0   0   0 |     GGC   1   1   1   1   1   1
    GTA   0   0   0   0   0   0 |     GCA   1   1   1   1   1   1 | Glu GAA   1   1   1   1   1   1 |     GGA   0   0   0   0   0   0
    GTG   2   2   2   2   2   2 |     GCG   0   0   0   0   0   0 |     GAG   1   1   1   1   1   1 |     GGG   0   0   0   0   0   0
--------------------------------------------------------------------------------------------------------------------------------------

--------------------------------------------------------------------------------------------------------------------------------------
Phe TTT   0   0   0   0   0   0 | Ser TCT   3   3   3   3   3   3 | Tyr TAT   1   1   1   1   1   1 | Cys TGT   1   1   1   1   1   1
    TTC   2   2   2   2   2   2 |     TCC   0   0   0   0   0   0 |     TAC   0   0   0   0   0   0 |     TGC   0   0   0   0   0   0
Leu TTA   0   0   0   0   0   0 |     TCA   0   0   0   0   0   0 | *** TAA   0   0   0   0   0   0 | *** TGA   0   0   0   0   0   0
    TTG   0   0   0   0   0   0 |     TCG   0   0   0   0   0   0 |     TAG   0   0   0   0   0   0 | Trp TGG   0   0   0   0   0   0
--------------------------------------------------------------------------------------------------------------------------------------
Leu CTT   0   1   1   0   1   0 | Pro CCT   0   0   0   0   0   0 | His CAT   1   1   1   1   1   1 | Arg CGT   0   0   0   0   0   0
    CTC   2   1   1   2   1   2 |     CCC   0   0   0   0   0   0 |     CAC   0   0   0   0   0   0 |     CGC   0   0   0   0   0   0
    CTA   0   0   0   0   0   0 |     CCA   0   0   0   0   0   0 | Gln CAA   1   0   1   1   1   1 |     CGA   0   0   0   0   0   0
    CTG   0   0   0   0   0   0 |     CCG   0   0   0   0   0   0 |     CAG   1   2   1   1   1   1 |     CGG   0   0   0   0   0   0
--------------------------------------------------------------------------------------------------------------------------------------
Ile ATT   0   0   0   0   0   0 | Thr ACT   0   0   0   0   0   0 | Asn AAT   0   0   0   0   0   0 | Ser AGT   0   0   0   0   0   0
    ATC   0   0   0   0   0   0 |     ACC   0   0   0   0   0   0 |     AAC   0   0   0   0   0   0 |     AGC   1   1   1   1   1   1
    ATA   0   0   0   0   0   0 |     ACA   0   0   0   0   0   0 | Lys AAA   2   2   2   2   2   2 | Arg AGA   1   1   1   1   1   1
Met ATG   0   0   0   0   0   0 |     ACG   1   1   1   1   1   1 |     AAG   0   0   0   0   0   0 |     AGG   0   0   0   0   0   0
--------------------------------------------------------------------------------------------------------------------------------------
Val GTT   1   1   1   1   1   1 | Ala GCT   0   0   0   0   0   0 | Asp GAT   0   0   0   0   0   0 | Gly GGT   0   0   0   0   0   0
    GTC   0   0   0   0   0   0 |     GCC   0   0   0   0   0   0 |     GAC   0   0   0   0   0   0 |     GGC   1   1   1   1   1   1
    GTA   0   0   0   0   0   0 |     GCA   1   1   1   1   1   1 | Glu GAA   1   1   1   1   1   1 |     GGA   0   0   0   0   0   0
    GTG   2   2   2   2   2   2 |     GCG   0   0   0   0   0   0 |     GAG   1   1   1   1   1   1 |     GGG   0   0   0   0   0   0
--------------------------------------------------------------------------------------------------------------------------------------

--------------------------------------------------------------------------------------------------------------------------------------
Phe TTT   0   0   0   0   0   0 | Ser TCT   3   3   3   3   3   3 | Tyr TAT   1   1   1   1   1   1 | Cys TGT   1   1   1   1   1   1
    TTC   2   2   2   2   2   2 |     TCC   0   0   0   0   0   0 |     TAC   0   0   0   0   0   0 |     TGC   0   0   0   0   0   0
Leu TTA   0   0   0   0   0   0 |     TCA   0   0   0   0   0   0 | *** TAA   0   0   0   0   0   0 | *** TGA   0   0   0   0   0   0
    TTG   0   0   0   0   0   0 |     TCG   0   0   0   0   0   0 |     TAG   0   0   0   0   0   0 | Trp TGG   0   0   0   0   0   0
--------------------------------------------------------------------------------------------------------------------------------------
Leu CTT   0   1   0   0   0   1 | Pro CCT   0   0   0   0   0   0 | His CAT   1   1   1   1   1   1 | Arg CGT   0   0   0   0   0   0
    CTC   2   1   2   2   2   1 |     CCC   0   0   0   0   0   0 |     CAC   0   0   0   0   0   0 |     CGC   0   0   0   0   0   0
    CTA   0   0   0   0   0   0 |     CCA   0   0   0   0   0   0 | Gln CAA   1   1   1   1   1   1 |     CGA   0   0   0   0   0   0
    CTG   0   0   0   0   0   0 |     CCG   0   0   0   0   0   0 |     CAG   1   1   1   1   1   1 |     CGG   0   0   0   0   0   0
--------------------------------------------------------------------------------------------------------------------------------------
Ile ATT   0   0   0   0   0   0 | Thr ACT   0   0   0   0   0   0 | Asn AAT   0   0   0   0   0   0 | Ser AGT   0   0   0   0   0   0
    ATC   0   0   0   0   0   0 |     ACC   0   0   0   0   0   0 |     AAC   0   0   0   0   0   0 |     AGC   1   1   1   1   1   1
    ATA   0   0   0   0   0   0 |     ACA   0   0   0   0   0   1 | Lys AAA   2   2   2   2   2   2 | Arg AGA   1   1   1   1   1   1
Met ATG   0   0   0   0   0   0 |     ACG   1   1   1   1   1   0 |     AAG   0   0   0   0   0   0 |     AGG   0   0   0   0   0   0
--------------------------------------------------------------------------------------------------------------------------------------
Val GTT   1   1   1   1   1   1 | Ala GCT   0   0   0   0   0   0 | Asp GAT   0   0   0   0   0   0 | Gly GGT   0   0   0   0   0   0
    GTC   0   0   0   0   0   0 |     GCC   0   0   0   0   0   0 |     GAC   0   0   0   0   0   0 |     GGC   1   1   1   1   1   1
    GTA   0   0   0   0   0   0 |     GCA   1   0   1   1   1   1 | Glu GAA   1   1   1   1   1   1 |     GGA   0   0   0   0   0   0
    GTG   2   2   2   2   2   2 |     GCG   0   1   0   0   0   0 |     GAG   1   1   1   1   1   1 |     GGG   0   0   0   0   0   0
--------------------------------------------------------------------------------------------------------------------------------------

--------------------------------------------------------------------------------------------------------------------------------------
Phe TTT   0   0   0   0   0   0 | Ser TCT   3   3   3   3   3   3 | Tyr TAT   1   1   1   1   1   1 | Cys TGT   1   1   1   1   1   1
    TTC   2   2   2   2   2   2 |     TCC   0   0   0   0   0   0 |     TAC   0   0   0   0   0   0 |     TGC   0   0   0   0   0   0
Leu TTA   0   0   0   0   0   0 |     TCA   0   0   0   0   0   0 | *** TAA   0   0   0   0   0   0 | *** TGA   0   0   0   0   0   0
    TTG   0   0   0   0   0   0 |     TCG   0   0   0   0   0   0 |     TAG   0   0   0   0   0   0 | Trp TGG   0   0   0   0   0   0
--------------------------------------------------------------------------------------------------------------------------------------
Leu CTT   1   0   1   1   1   0 | Pro CCT   0   0   0   0   0   0 | His CAT   1   1   1   1   1   1 | Arg CGT   0   0   0   0   0   0
    CTC   1   2   1   1   1   2 |     CCC   0   0   0   0   0   0 |     CAC   0   0   0   0   0   0 |     CGC   0   0   0   0   0   0
    CTA   0   0   0   0   0   0 |     CCA   0   0   0   0   0   0 | Gln CAA   1   1   1   1   1   1 |     CGA   0   0   0   0   0   0
    CTG   0   0   0   0   0   0 |     CCG   0   0   0   0   0   0 |     CAG   1   1   1   1   1   1 |     CGG   0   0   0   0   0   0
--------------------------------------------------------------------------------------------------------------------------------------
Ile ATT   0   0   0   0   0   0 | Thr ACT   0   0   0   0   0   0 | Asn AAT   0   0   0   0   0   0 | Ser AGT   0   0   0   0   0   0
    ATC   0   0   0   0   0   0 |     ACC   0   0   0   0   0   0 |     AAC   0   0   0   0   0   0 |     AGC   1   1   1   1   1   1
    ATA   0   0   0   0   0   0 |     ACA   0   0   0   1   0   0 | Lys AAA   2   2   2   2   2   2 | Arg AGA   1   1   1   1   1   1
Met ATG   0   0   0   0   0   0 |     ACG   1   1   1   0   1   1 |     AAG   0   0   0   0   0   0 |     AGG   0   0   0   0   0   0
--------------------------------------------------------------------------------------------------------------------------------------
Val GTT   1   1   1   1   1   1 | Ala GCT   0   0   0   0   0   0 | Asp GAT   0   0   0   0   0   0 | Gly GGT   0   0   0   0   0   0
    GTC   0   0   0   0   0   0 |     GCC   0   0   0   0   0   0 |     GAC   0   0   0   0   0   0 |     GGC   1   1   1   1   1   1
    GTA   0   0   0   0   0   0 |     GCA   1   1   1   1   0   1 | Glu GAA   1   1   1   1   1   1 |     GGA   0   0   0   0   0   0
    GTG   2   2   2   2   2   2 |     GCG   0   0   0   0   1   0 |     GAG   1   1   1   1   1   1 |     GGG   0   0   0   0   0   0
--------------------------------------------------------------------------------------------------------------------------------------

--------------------------------------------------------------------------------------------------------------------------------------
Phe TTT   0   0   0   0   0   0 | Ser TCT   3   3   3   3   3   3 | Tyr TAT   1   1   1   1   1   1 | Cys TGT   1   1   1   1   1   1
    TTC   2   2   2   2   2   2 |     TCC   0   0   0   0   0   0 |     TAC   0   0   0   0   0   0 |     TGC   0   0   0   0   0   0
Leu TTA   0   0   0   0   0   0 |     TCA   0   0   0   0   0   0 | *** TAA   0   0   0   0   0   0 | *** TGA   0   0   0   0   0   0
    TTG   0   0   0   0   0   0 |     TCG   0   0   0   0   0   0 |     TAG   0   0   0   0   0   0 | Trp TGG   0   0   0   0   0   0
--------------------------------------------------------------------------------------------------------------------------------------
Leu CTT   0   0   0   1   1   1 | Pro CCT   0   0   0   0   0   0 | His CAT   1   1   1   1   1   1 | Arg CGT   0   0   0   0   0   0
    CTC   2   2   2   1   1   1 |     CCC   0   0   0   0   0   0 |     CAC   0   0   0   0   0   0 |     CGC   0   0   0   0   0   0
    CTA   0   0   0   0   0   0 |     CCA   0   0   0   0   0   0 | Gln CAA   1   1   1   1   0   0 |     CGA   0   0   0   0   0   0
    CTG   0   0   0   0   0   0 |     CCG   0   0   0   0   0   0 |     CAG   1   1   1   1   2   2 |     CGG   0   0   0   0   0   0
--------------------------------------------------------------------------------------------------------------------------------------
Ile ATT   0   0   0   0   0   0 | Thr ACT   0   0   0   0   0   0 | Asn AAT   0   0   0   0   0   0 | Ser AGT   0   0   0   0   0   0
    ATC   0   0   0   0   0   0 |     ACC   0   0   0   0   0   0 |     AAC   0   0   0   0   0   0 |     AGC   1   1   1   1   1   1
    ATA   0   0   0   0   0   0 |     ACA   0   1   0   0   0   0 | Lys AAA   2   2   2   2   2   2 | Arg AGA   1   1   1   1   1   1
Met ATG   0   0   0   0   0   0 |     ACG   1   0   1   1   1   1 |     AAG   0   0   0   0   0   0 |     AGG   0   0   0   0   0   0
--------------------------------------------------------------------------------------------------------------------------------------
Val GTT   1   1   1   1   1   1 | Ala GCT   0   0   0   0   0   0 | Asp GAT   0   0   0   0   0   0 | Gly GGT   0   0   0   0   0   0
    GTC   0   0   0   0   0   0 |     GCC   0   0   0   0   0   0 |     GAC   0   0   0   0   0   0 |     GGC   1   1   1   1   1   1
    GTA   0   0   0   0   0   0 |     GCA   1   1   1   1   1   1 | Glu GAA   1   1   1   1   1   1 |     GGA   0   0   0   0   0   0
    GTG   2   2   2   2   2   2 |     GCG   0   0   0   0   0   0 |     GAG   1   1   1   1   1   1 |     GGG   0   0   0   0   0   0
--------------------------------------------------------------------------------------------------------------------------------------

Codon position x base (3x4) table for each sequence.

#1: Argali         
position  1:    T:0.29167    C:0.20833    A:0.20833    G:0.29167
position  2:    T:0.29167    C:0.20833    A:0.33333    G:0.16667
position  3:    T:0.29167    C:0.25000    A:0.25000    G:0.20833
Average         T:0.29167    C:0.22222    A:0.26389    G:0.22222

#2: LesserMouseDeer
position  1:    T:0.29167    C:0.20833    A:0.20833    G:0.29167
position  2:    T:0.29167    C:0.20833    A:0.33333    G:0.16667
position  3:    T:0.33333    C:0.20833    A:0.20833    G:0.25000
Average         T:0.30556    C:0.20833    A:0.25000    G:0.23611

#3: LesserKudu     
position  1:    T:0.29167    C:0.20833    A:0.20833    G:0.29167
position  2:    T:0.29167    C:0.20833    A:0.33333    G:0.16667
position  3:    T:0.33333    C:0.20833    A:0.20833    G:0.25000
Average         T:0.30556    C:0.20833    A:0.25000    G:0.23611

#4: ForestMuskDeer2
position  1:    T:0.29167    C:0.20833    A:0.20833    G:0.29167
position  2:    T:0.29167    C:0.20833    A:0.33333    G:0.16667
position  3:    T:0.33333    C:0.20833    A:0.25000    G:0.20833
Average         T:0.30556    C:0.20833    A:0.26389    G:0.22222

#5: Camel          
position  1:    T:0.29167    C:0.20833    A:0.20833    G:0.29167
position  2:    T:0.29167    C:0.20833    A:0.33333    G:0.16667
position  3:    T:0.33333    C:0.20833    A:0.25000    G:0.20833
Average         T:0.30556    C:0.20833    A:0.26389    G:0.22222

#6: KillerWhale    
position  1:    T:0.29167    C:0.20833    A:0.20833    G:0.29167
position  2:    T:0.29167    C:0.20833    A:0.33333    G:0.16667
position  3:    T:0.29167    C:0.25000    A:0.25000    G:0.20833
Average         T:0.29167    C:0.22222    A:0.26389    G:0.22222

#7: DefassaWaterbuck
position  1:    T:0.29167    C:0.20833    A:0.20833    G:0.29167
position  2:    T:0.29167    C:0.20833    A:0.33333    G:0.16667
position  3:    T:0.29167    C:0.25000    A:0.25000    G:0.20833
Average         T:0.29167    C:0.22222    A:0.26389    G:0.22222

#8: Sheep          
position  1:    T:0.29167    C:0.20833    A:0.20833    G:0.29167
position  2:    T:0.29167    C:0.20833    A:0.33333    G:0.16667
position  3:    T:0.29167    C:0.25000    A:0.25000    G:0.20833
Average         T:0.29167    C:0.22222    A:0.26389    G:0.22222

#9: MaxwellsDuiker 
position  1:    T:0.29167    C:0.20833    A:0.20833    G:0.29167
position  2:    T:0.29167    C:0.20833    A:0.33333    G:0.16667
position  3:    T:0.29167    C:0.25000    A:0.25000    G:0.20833
Average         T:0.29167    C:0.22222    A:0.26389    G:0.22222

#10: GazellaPrzewalskyi
position  1:    T:0.29167    C:0.20833    A:0.20833    G:0.29167
position  2:    T:0.29167    C:0.20833    A:0.33333    G:0.16667
position  3:    T:0.29167    C:0.25000    A:0.25000    G:0.20833
Average         T:0.29167    C:0.22222    A:0.26389    G:0.22222

#11: MountainNyala  
position  1:    T:0.29167    C:0.20833    A:0.20833    G:0.29167
position  2:    T:0.29167    C:0.20833    A:0.33333    G:0.16667
position  3:    T:0.33333    C:0.20833    A:0.20833    G:0.25000
Average         T:0.30556    C:0.20833    A:0.25000    G:0.23611

#12: MuntiacusMuntjak
position  1:    T:0.29167    C:0.20833    A:0.20833    G:0.29167
position  2:    T:0.29167    C:0.20833    A:0.33333    G:0.16667
position  3:    T:0.33333    C:0.20833    A:0.25000    G:0.20833
Average         T:0.30556    C:0.20833    A:0.26389    G:0.22222

#13: goat           
position  1:    T:0.29167    C:0.20833    A:0.20833    G:0.29167
position  2:    T:0.29167    C:0.20833    A:0.33333    G:0.16667
position  3:    T:0.29167    C:0.25000    A:0.25000    G:0.20833
Average         T:0.29167    C:0.22222    A:0.26389    G:0.22222

#14: AfricanBuffalo 
position  1:    T:0.29167    C:0.20833    A:0.20833    G:0.29167
position  2:    T:0.29167    C:0.20833    A:0.33333    G:0.16667
position  3:    T:0.37500    C:0.16667    A:0.25000    G:0.20833
Average         T:0.31944    C:0.19444    A:0.26389    G:0.22222

#15: Topi           
position  1:    T:0.29167    C:0.20833    A:0.20833    G:0.29167
position  2:    T:0.29167    C:0.20833    A:0.33333    G:0.16667
position  3:    T:0.29167    C:0.25000    A:0.25000    G:0.20833
Average         T:0.29167    C:0.22222    A:0.26389    G:0.22222

#16: CommonDuiker   
position  1:    T:0.29167    C:0.20833    A:0.20833    G:0.29167
position  2:    T:0.29167    C:0.20833    A:0.33333    G:0.16667
position  3:    T:0.29167    C:0.25000    A:0.25000    G:0.20833
Average         T:0.29167    C:0.22222    A:0.26389    G:0.22222

#17: Suni           
position  1:    T:0.29167    C:0.20833    A:0.20833    G:0.29167
position  2:    T:0.29167    C:0.20833    A:0.33333    G:0.16667
position  3:    T:0.29167    C:0.25000    A:0.25000    G:0.20833
Average         T:0.29167    C:0.22222    A:0.26389    G:0.22222

#18: Springbuck     
position  1:    T:0.29167    C:0.20833    A:0.20833    G:0.29167
position  2:    T:0.29167    C:0.20833    A:0.33333    G:0.16667
position  3:    T:0.29167    C:0.25000    A:0.29167    G:0.16667
Average         T:0.29167    C:0.22222    A:0.27778    G:0.20833

#19: Okapi          
position  1:    T:0.29167    C:0.20833    A:0.20833    G:0.29167
position  2:    T:0.29167    C:0.20833    A:0.33333    G:0.16667
position  3:    T:0.33333    C:0.20833    A:0.25000    G:0.20833
Average         T:0.30556    C:0.20833    A:0.26389    G:0.22222

#20: Giraffe        
position  1:    T:0.29167    C:0.20833    A:0.20833    G:0.29167
position  2:    T:0.29167    C:0.20833    A:0.33333    G:0.16667
position  3:    T:0.33333    C:0.20833    A:0.25000    G:0.20833
Average         T:0.30556    C:0.20833    A:0.26389    G:0.22222

#21: TibetanAntelope
position  1:    T:0.29167    C:0.20833    A:0.20833    G:0.29167
position  2:    T:0.29167    C:0.20833    A:0.33333    G:0.16667
position  3:    T:0.29167    C:0.25000    A:0.20833    G:0.25000
Average         T:0.29167    C:0.22222    A:0.25000    G:0.23611

#22: Sitatunga      
position  1:    T:0.29167    C:0.20833    A:0.20833    G:0.29167
position  2:    T:0.29167    C:0.20833    A:0.33333    G:0.16667
position  3:    T:0.33333    C:0.20833    A:0.20833    G:0.25000
Average         T:0.30556    C:0.20833    A:0.25000    G:0.23611

#23: Oribi          
position  1:    T:0.29167    C:0.20833    A:0.20833    G:0.29167
position  2:    T:0.29167    C:0.20833    A:0.33333    G:0.16667
position  3:    T:0.33333    C:0.25000    A:0.25000    G:0.16667
Average         T:0.30556    C:0.22222    A:0.26389    G:0.20833

#24: BarbarySheep   
position  1:    T:0.29167    C:0.20833    A:0.20833    G:0.29167
position  2:    T:0.29167    C:0.20833    A:0.33333    G:0.16667
position  3:    T:0.29167    C:0.25000    A:0.25000    G:0.20833
Average         T:0.29167    C:0.22222    A:0.26389    G:0.22222

#25: Daviddeer      
position  1:    T:0.29167    C:0.20833    A:0.20833    G:0.29167
position  2:    T:0.29167    C:0.20833    A:0.33333    G:0.16667
position  3:    T:0.33333    C:0.20833    A:0.25000    G:0.20833
Average         T:0.30556    C:0.20833    A:0.26389    G:0.22222

#26: Reindeer       
position  1:    T:0.29167    C:0.20833    A:0.20833    G:0.29167
position  2:    T:0.29167    C:0.20833    A:0.33333    G:0.16667
position  3:    T:0.33333    C:0.20833    A:0.25000    G:0.20833
Average         T:0.30556    C:0.20833    A:0.26389    G:0.22222

#27: Ibex           
position  1:    T:0.29167    C:0.20833    A:0.20833    G:0.29167
position  2:    T:0.29167    C:0.20833    A:0.33333    G:0.16667
position  3:    T:0.29167    C:0.25000    A:0.25000    G:0.20833
Average         T:0.29167    C:0.22222    A:0.26389    G:0.22222

#28: GyrantGazelle  
position  1:    T:0.29167    C:0.20833    A:0.20833    G:0.29167
position  2:    T:0.29167    C:0.20833    A:0.33333    G:0.16667
position  3:    T:0.29167    C:0.25000    A:0.25000    G:0.20833
Average         T:0.29167    C:0.22222    A:0.26389    G:0.22222

#29: Hartebeest     
position  1:    T:0.29167    C:0.20833    A:0.20833    G:0.29167
position  2:    T:0.29167    C:0.20833    A:0.33333    G:0.16667
position  3:    T:0.29167    C:0.25000    A:0.25000    G:0.20833
Average         T:0.29167    C:0.22222    A:0.26389    G:0.22222

#30: Bongo          
position  1:    T:0.29167    C:0.20833    A:0.20833    G:0.29167
position  2:    T:0.29167    C:0.20833    A:0.33333    G:0.16667
position  3:    T:0.33333    C:0.20833    A:0.20833    G:0.25000
Average         T:0.30556    C:0.20833    A:0.25000    G:0.23611

#31: Gerenuk        
position  1:    T:0.29167    C:0.20833    A:0.20833    G:0.29167
position  2:    T:0.29167    C:0.20833    A:0.33333    G:0.16667
position  3:    T:0.29167    C:0.25000    A:0.25000    G:0.20833
Average         T:0.29167    C:0.22222    A:0.26389    G:0.22222

#32: CommonEland    
position  1:    T:0.29167    C:0.20833    A:0.20833    G:0.29167
position  2:    T:0.29167    C:0.20833    A:0.33333    G:0.16667
position  3:    T:0.33333    C:0.20833    A:0.20833    G:0.25000
Average         T:0.30556    C:0.20833    A:0.25000    G:0.23611

#33: MuntiacusReevesi
position  1:    T:0.29167    C:0.20833    A:0.20833    G:0.29167
position  2:    T:0.29167    C:0.20833    A:0.33333    G:0.16667
position  3:    T:0.33333    C:0.20833    A:0.25000    G:0.20833
Average         T:0.30556    C:0.20833    A:0.26389    G:0.22222

#34: HarveysDuiker  
position  1:    T:0.29167    C:0.20833    A:0.20833    G:0.29167
position  2:    T:0.29167    C:0.20833    A:0.33333    G:0.16667
position  3:    T:0.29167    C:0.25000    A:0.25000    G:0.20833
Average         T:0.29167    C:0.22222    A:0.26389    G:0.22222

#35: Pronghorn      
position  1:    T:0.29167    C:0.20833    A:0.20833    G:0.29167
position  2:    T:0.29167    C:0.20833    A:0.33333    G:0.16667
position  3:    T:0.33333    C:0.20833    A:0.25000    G:0.20833
Average         T:0.30556    C:0.20833    A:0.26389    G:0.22222

#36: BlueWildebeest 
position  1:    T:0.29167    C:0.20833    A:0.20833    G:0.29167
position  2:    T:0.29167    C:0.20833    A:0.33333    G:0.16667
position  3:    T:0.29167    C:0.25000    A:0.25000    G:0.20833
Average         T:0.29167    C:0.22222    A:0.26389    G:0.22222

#37: Gemsbok        
position  1:    T:0.29167    C:0.20833    A:0.20833    G:0.29167
position  2:    T:0.29167    C:0.20833    A:0.33333    G:0.16667
position  3:    T:0.29167    C:0.25000    A:0.25000    G:0.20833
Average         T:0.29167    C:0.22222    A:0.26389    G:0.22222

#38: Yak            
position  1:    T:0.29167    C:0.20833    A:0.20833    G:0.29167
position  2:    T:0.29167    C:0.20833    A:0.33333    G:0.16667
position  3:    T:0.33333    C:0.20833    A:0.20833    G:0.25000
Average         T:0.30556    C:0.20833    A:0.25000    G:0.23611

#39: BlueSheep      
position  1:    T:0.29167    C:0.20833    A:0.20833    G:0.29167
position  2:    T:0.29167    C:0.20833    A:0.33333    G:0.16667
position  3:    T:0.29167    C:0.25000    A:0.25000    G:0.20833
Average         T:0.29167    C:0.22222    A:0.26389    G:0.22222

#40: BohorReedbuck  
position  1:    T:0.29167    C:0.20833    A:0.20833    G:0.29167
position  2:    T:0.29167    C:0.20833    A:0.33333    G:0.16667
position  3:    T:0.29167    C:0.25000    A:0.25000    G:0.20833
Average         T:0.29167    C:0.22222    A:0.26389    G:0.22222

#41: KirksDik       
position  1:    T:0.29167    C:0.20833    A:0.20833    G:0.29167
position  2:    T:0.29167    C:0.20833    A:0.33333    G:0.16667
position  3:    T:0.29167    C:0.25000    A:0.25000    G:0.20833
Average         T:0.29167    C:0.22222    A:0.26389    G:0.22222

#42: RoeDeer        
position  1:    T:0.29167    C:0.20833    A:0.20833    G:0.29167
position  2:    T:0.29167    C:0.20833    A:0.33333    G:0.16667
position  3:    T:0.33333    C:0.20833    A:0.29167    G:0.16667
Average         T:0.30556    C:0.20833    A:0.27778    G:0.20833

#43: WhiteLippedDeer
position  1:    T:0.29167    C:0.20833    A:0.20833    G:0.29167
position  2:    T:0.29167    C:0.20833    A:0.33333    G:0.16667
position  3:    T:0.33333    C:0.20833    A:0.25000    G:0.20833
Average         T:0.30556    C:0.20833    A:0.26389    G:0.22222

#44: ThomsonGazelle 
position  1:    T:0.29167    C:0.20833    A:0.20833    G:0.29167
position  2:    T:0.29167    C:0.20833    A:0.33333    G:0.16667
position  3:    T:0.29167    C:0.25000    A:0.25000    G:0.20833
Average         T:0.29167    C:0.22222    A:0.26389    G:0.22222

#45: MuntiacusCrinifrons
position  1:    T:0.29167    C:0.20833    A:0.20833    G:0.29167
position  2:    T:0.29167    C:0.20833    A:0.33333    G:0.16667
position  3:    T:0.33333    C:0.20833    A:0.25000    G:0.20833
Average         T:0.30556    C:0.20833    A:0.26389    G:0.22222

#46: WhiteTailedDeer
position  1:    T:0.29167    C:0.20833    A:0.20833    G:0.29167
position  2:    T:0.29167    C:0.20833    A:0.33333    G:0.16667
position  3:    T:0.33333    C:0.20833    A:0.29167    G:0.16667
Average         T:0.30556    C:0.20833    A:0.27778    G:0.20833

#47: Cattle         
position  1:    T:0.29167    C:0.20833    A:0.20833    G:0.29167
position  2:    T:0.29167    C:0.20833    A:0.33333    G:0.16667
position  3:    T:0.33333    C:0.20833    A:0.20833    G:0.25000
Average         T:0.30556    C:0.20833    A:0.25000    G:0.23611

#48: RoyalAntelope  
position  1:    T:0.29167    C:0.20833    A:0.20833    G:0.29167
position  2:    T:0.29167    C:0.20833    A:0.33333    G:0.16667
position  3:    T:0.29167    C:0.25000    A:0.25000    G:0.20833
Average         T:0.29167    C:0.22222    A:0.26389    G:0.22222

#49: Steenbok       
position  1:    T:0.29167    C:0.20833    A:0.20833    G:0.29167
position  2:    T:0.29167    C:0.20833    A:0.33333    G:0.16667
position  3:    T:0.29167    C:0.25000    A:0.25000    G:0.20833
Average         T:0.29167    C:0.22222    A:0.26389    G:0.22222

#50: Impala         
position  1:    T:0.29167    C:0.20833    A:0.20833    G:0.29167
position  2:    T:0.29167    C:0.20833    A:0.33333    G:0.16667
position  3:    T:0.29167    C:0.25000    A:0.29167    G:0.16667
Average         T:0.29167    C:0.22222    A:0.27778    G:0.20833

#51: Klipspringer   
position  1:    T:0.29167    C:0.20833    A:0.20833    G:0.29167
position  2:    T:0.29167    C:0.20833    A:0.33333    G:0.16667
