CODONML (in paml version 4.10.7, June 2023)  /home/rachel/ruminants_paml/6406-phy-tree/ENSBTAT00000039422.fasta.phy
Model: free dN/dS Ratios for branches,  kappa = 2.000 fixed

Codon frequency model: F3x4
ns =  54  ls =  20

Codon usage in sequences
--------------------------------------------------------------------------------------------------------------------------------------
Phe TTT   0   0   0   0   0   0 | Ser TCT   1   1   1   1   1   1 | Tyr TAT   0   0   0   0   0   0 | Cys TGT   2   2   2   2   2   2
    TTC   1   1   1   1   1   1 |     TCC   0   0   0   0   0   0 |     TAC   0   0   0   0   0   0 |     TGC   1   1   1   1   1   1
Leu TTA   0   0   0   0   0   0 |     TCA   0   0   0   0   0   0 | *** TAA   0   0   0   0   0   0 | *** TGA   0   0   0   0   0   0
    TTG   0   0   0   0   0   0 |     TCG   0   0   0   0   0   0 |     TAG   0   0   0   0   0   0 | Trp TGG   0   0   0   0   0   0
--------------------------------------------------------------------------------------------------------------------------------------
Leu CTT   0   0   0   0   0   0 | Pro CCT   0   0   0   0   0   0 | His CAT   0   0   0   0   0   0 | Arg CGT   0   1   1   1   1   1
    CTC   1   1   1   1   1   1 |     CCC   0   0   0   0   0   0 |     CAC   1   1   1   1   1   1 |     CGC   1   0   0   0   0   0
    CTA   0   0   0   0   0   0 |     CCA   0   0   0   0   0   0 | Gln CAA   0   0   0   0   0   0 |     CGA   0   0   0   0   0   0
    CTG   0   0   0   0   0   0 |     CCG   0   0   0   0   0   0 |     CAG   2   2   2   2   2   2 |     CGG   0   0   0   0   0   0
--------------------------------------------------------------------------------------------------------------------------------------
Ile ATT   1   2   2   2   2   2 | Thr ACT   0   0   0   0   0   0 | Asn AAT   0   0   0   1   1   1 | Ser AGT   0   0   0   0   0   0
    ATC   1   0   0   0   0   0 |     ACC   0   0   0   0   0   0 |     AAC   1   1   1   0   0   0 |     AGC   1   1   1   1   1   1
    ATA   0   0   0   0   0   0 |     ACA   1   1   1   1   1   1 | Lys AAA   0   0   0   0   0   0 | Arg AGA   0   0   0   0   0   0
Met ATG   0   0   0   0   0   0 |     ACG   0   0   0   0   0   0 |     AAG   0   0   0   0   0   0 |     AGG   0   0   0   0   0   0
--------------------------------------------------------------------------------------------------------------------------------------
Val GTT   1   1   1   1   1   1 | Ala GCT   0   0   0   0   0   0 | Asp GAT   0   0   0   0   0   0 | Gly GGT   0   0   0   0   0   0
    GTC   0   0   0   0   0   0 |     GCC   0   0   0   0   0   0 |     GAC   0   0   0   0   0   0 |     GGC   1   1   1   1   1   1
    GTA   0   0   0   0   0   0 |     GCA   0   0   0   0   0   0 | Glu GAA   0   0   1   0   1   1 |     GGA   1   0   0   1   1   1
    GTG   1   1   1   1   1   1 |     GCG   0   0   0   0   0   0 |     GAG   1   1   0   1   0   0 |     GGG   0   1   1   0   0   0
--------------------------------------------------------------------------------------------------------------------------------------

--------------------------------------------------------------------------------------------------------------------------------------
Phe TTT   0   0   0   0   0   0 | Ser TCT   1   1   1   1   1   1 | Tyr TAT   0   0   0   0   0   0 | Cys TGT   2   2   2   2   2   2
    TTC   1   1   1   1   1   1 |     TCC   0   0   0   0   0   0 |     TAC   0   0   0   0   0   0 |     TGC   1   1   1   1   1   1
Leu TTA   0   0   0   0   0   0 |     TCA   0   0   0   0   0   0 | *** TAA   0   0   0   0   0   0 | *** TGA   0   0   0   0   0   0
    TTG   0   0   0   0   0   0 |     TCG   0   0   0   0   0   0 |     TAG   0   0   0   0   0   0 | Trp TGG   0   0   0   0   0   0
--------------------------------------------------------------------------------------------------------------------------------------
Leu CTT   0   0   0   0   0   0 | Pro CCT   0   0   0   0   0   0 | His CAT   0   0   0   0   0   0 | Arg CGT   1   0   1   1   1   1
    CTC   1   1   1   1   1   1 |     CCC   0   0   0   0   0   0 |     CAC   1   1   1   1   1   1 |     CGC   0   1   0   0   0   0
    CTA   0   0   0   0   0   0 |     CCA   0   0   0   0   0   0 | Gln CAA   0   0   0   0   0   0 |     CGA   0   0   0   0   0   0
    CTG   0   0   0   0   0   0 |     CCG   0   0   0   0   0   0 |     CAG   2   2   2   2   2   2 |     CGG   0   0   0   0   0   0
--------------------------------------------------------------------------------------------------------------------------------------
Ile ATT   2   1   2   2   2   2 | Thr ACT   0   0   0   0   0   0 | Asn AAT   1   0   1   1   0   1 | Ser AGT   0   0   0   0   0   0
    ATC   0   1   0   0   0   0 |     ACC   0   0   0   0   0   0 |     AAC   0   1   0   0   1   0 |     AGC   1   1   1   1   1   1
    ATA   0   0   0   0   0   0 |     ACA   0   1   1   1   1   1 | Lys AAA   0   0   0   0   0   0 | Arg AGA   0   0   0   0   0   0
Met ATG   0   0   0   0   0   0 |     ACG   1   0   0   0   0   0 |     AAG   0   0   0   0   0   0 |     AGG   0   0   0   0   0   0
--------------------------------------------------------------------------------------------------------------------------------------
Val GTT   1   1   1   1   1   1 | Ala GCT   0   0   0   0   0   0 | Asp GAT   0   0   0   0   0   0 | Gly GGT   0   0   0   0   0   0
    GTC   0   0   0   0   0   0 |     GCC   0   0   0   0   0   0 |     GAC   0   0   0   0   0   0 |     GGC   1   1   1   1   1   1
    GTA   0   0   0   0   0   0 |     GCA   0   0   0   0   0   0 | Glu GAA   0   0   0   1   1   0 |     GGA   0   1   1   1   0   1
    GTG   1   1   1   1   1   1 |     GCG   0   0   0   0   0   0 |     GAG   1   1   1   0   0   1 |     GGG   1   0   0   0   1   0
--------------------------------------------------------------------------------------------------------------------------------------

--------------------------------------------------------------------------------------------------------------------------------------
Phe TTT   0   0   0   0   0   0 | Ser TCT   1   1   0   1   1   1 | Tyr TAT   0   0   0   0   0   0 | Cys TGT   2   2   2   2   2   2
    TTC   1   1   1   1   1   1 |     TCC   0   0   1   0   0   0 |     TAC   0   0   0   0   0   0 |     TGC   1   1   1   1   1   1
Leu TTA   0   0   0   0   0   0 |     TCA   0   0   0   0   0   0 | *** TAA   0   0   0   0   0   0 | *** TGA   0   0   0   0   0   0
    TTG   0   0   0   0   0   0 |     TCG   0   0   0   0   0   0 |     TAG   0   0   0   0   0   0 | Trp TGG   0   0   0   0   0   0
--------------------------------------------------------------------------------------------------------------------------------------
Leu CTT   0   0   0   0   0   0 | Pro CCT   0   0   0   0   0   0 | His CAT   0   0   0   0   1   0 | Arg CGT   1   1   0   1   1   1
    CTC   1   1   1   1   1   1 |     CCC   0   0   0   0   0   0 |     CAC   1   1   1   1   0   1 |     CGC   0   0   1   0   0   0
    CTA   0   0   0   0   0   0 |     CCA   0   0   0   0   0   0 | Gln CAA   0   0   0   0   1   0 |     CGA   0   0   0   0   0   0
    CTG   0   0   0   0   0   0 |     CCG   0   0   0   0   0   0 |     CAG   2   2   2   2   1   2 |     CGG   0   0   0   0   0   0
--------------------------------------------------------------------------------------------------------------------------------------
Ile ATT   2   2   2   2   2   2 | Thr ACT   0   0   0   0   0   0 | Asn AAT   1   0   1   1   1   1 | Ser AGT   0   0   0   0   0   0
    ATC   0   0   0   0   0   0 |     ACC   0   0   0   0   0   0 |     AAC   0   1   0   0   0   0 |     AGC   1   1   1   1   1   1
    ATA   0   0   0   0   0   0 |     ACA   1   1   1   1   1   1 | Lys AAA   0   0   0   0   0   0 | Arg AGA   0   0   0   0   0   0
Met ATG   0   0   0   0   0   0 |     ACG   0   0   0   0   0   0 |     AAG   0   0   0   0   0   0 |     AGG   0   0   0   0   0   0
--------------------------------------------------------------------------------------------------------------------------------------
Val GTT   1   1   1   1   1   1 | Ala GCT   0   0   0   0   0   0 | Asp GAT   0   0   0   0   0   0 | Gly GGT   0   0   0   0   0   0
    GTC   0   0   0   0   0   0 |     GCC   0   0   0   0   0   0 |     GAC   0   0   0   0   0   0 |     GGC   1   1   1   1   1   1
    GTA   0   0   0   0   0   0 |     GCA   0   0   0   0   0   0 | Glu GAA   0   0   0   0   0   0 |     GGA   1   0   1   1   1   1
    GTG   1   1   1   1   1   1 |     GCG   0   0   0   0   0   0 |     GAG   1   1   1   1   1   1 |     GGG   0   1   0   0   0   0
--------------------------------------------------------------------------------------------------------------------------------------

--------------------------------------------------------------------------------------------------------------------------------------
Phe TTT   1   0   0   0   0   0 | Ser TCT   1   1   1   1   1   1 | Tyr TAT   0   0   0   0   0   0 | Cys TGT   2   2   2   2   2   2
    TTC   0   1   1   1   1   1 |     TCC   0   0   0   0   0   0 |     TAC   0   0   0   0   0   0 |     TGC   1   1   1   1   1   1
Leu TTA   0   0   0   0   0   0 |     TCA   0   0   0   0   0   0 | *** TAA   0   0   0   0   0   0 | *** TGA   0   0   0   0   0   0
    TTG   0   0   0   0   0   0 |     TCG   0   0   0   0   0   0 |     TAG   0   0   0   0   0   0 | Trp TGG   0   0   0   0   0   0
--------------------------------------------------------------------------------------------------------------------------------------
Leu CTT   0   0   0   0   0   0 | Pro CCT   0   0   0   0   0   0 | His CAT   0   0   0   0   0   0 | Arg CGT   1   1   1   1   1   1
    CTC   1   1   1   1   1   1 |     CCC   0   0   0   0   0   0 |     CAC   1   1   1   1   1   1 |     CGC   0   0   0   0   0   0
    CTA   0   0   0   0   0   0 |     CCA   0   0   0   0   0   0 | Gln CAA   0   0   0   0   0   0 |     CGA   0   0   0   0   0   0
    CTG   0   0   0   0   0   0 |     CCG   0   0   0   0   0   0 |     CAG   2   2   2   2   2   2 |     CGG   0   0   0   0   0   0
--------------------------------------------------------------------------------------------------------------------------------------
Ile ATT   2   2   2   2   2   2 | Thr ACT   0   0   0   0   0   0 | Asn AAT   1   1   1   0   1   1 | Ser AGT   0   0   0   0   0   0
    ATC   0   0   0   0   0   0 |     ACC   0   0   0   0   0   0 |     AAC   0   0   0   1   0   0 |     AGC   1   1   1   1   1   1
    ATA   0   0   0   0   0   0 |     ACA   1   1   1   1   1   1 | Lys AAA   0   0   0   0   0   0 | Arg AGA   0   0   0   0   0   0
Met ATG   0   0   0   0   0   0 |     ACG   0   0   0   0   0   0 |     AAG   0   0   0   0   0   0 |     AGG   0   0   0   0   0   0
--------------------------------------------------------------------------------------------------------------------------------------
Val GTT   1   1   1   1   1   1 | Ala GCT   0   0   0   0   0   0 | Asp GAT   0   0   0   0   0   0 | Gly GGT   0   0   0   0   0   0
    GTC   0   0   0   0   0   0 |     GCC   0   0   0   0   0   0 |     GAC   0   0   0   0   0   0 |     GGC   1   1   1   1   1   1
    GTA   0   0   0   0   0   0 |     GCA   0   0   0   0   0   0 | Glu GAA   0   0   0   1   0   0 |     GGA   1   1   1   0   1   1
    GTG   1   1   1   1   1   1 |     GCG   0   0   0   0   0   0 |     GAG   1   1   1   0   1   1 |     GGG   0   0   0   1   0   0
--------------------------------------------------------------------------------------------------------------------------------------

--------------------------------------------------------------------------------------------------------------------------------------
Phe TTT   0   0   0   0   0   0 | Ser TCT   1   1   1   1   0   1 | Tyr TAT   0   0   0   0   0   0 | Cys TGT   2   2   2   2   2   2
    TTC   1   1   1   1   1   1 |     TCC   0   0   0   0   1   0 |     TAC   0   0   0   0   0   0 |     TGC   1   1   1   1   1   1
Leu TTA   0   0   0   0   0   0 |     TCA   0   0   0   0   0   0 | *** TAA   0   0   0   0   0   0 | *** TGA   0   0   0   0   0   0
    TTG   0   0   0   0   0   0 |     TCG   0   0   0   0   0   0 |     TAG   0   0   0   0   0   0 | Trp TGG   0   0   0   0   0   0
--------------------------------------------------------------------------------------------------------------------------------------
Leu CTT   0   0   0   0   0   0 | Pro CCT   0   0   0   0   0   0 | His CAT   0   0   0   0   0   0 | Arg CGT   1   1   1   1   0   1
    CTC   1   1   1   1   1   1 |     CCC   0   0   0   0   0   0 |     CAC   1   1   1   1   1   1 |     CGC   0   0   0   0   1   0
    CTA   0   0   0   0   0   0 |     CCA   0   0   0   0   0   0 | Gln CAA   0   0   0   0   0   0 |     CGA   0   0   0   0   0   0
    CTG   0   0   0   0   0   0 |     CCG   0   0   0   0   0   0 |     CAG   2   2   2   2   2   2 |     CGG   0   0   0   0   0   0
--------------------------------------------------------------------------------------------------------------------------------------
Ile ATT   2   2   2   2   2   2 | Thr ACT   0   0   0   0   0   0 | Asn AAT   1   1   1   1   1   0 | Ser AGT   0   0   0   0   0   0
    ATC   0   0   0   0   0   0 |     ACC   0   0   0   0   0   0 |     AAC   0   0   0   0   0   1 |     AGC   1   1   1   1   1   1
    ATA   0   0   0   0   0   0 |     ACA   1   1   1   1   1   1 | Lys AAA   0   0   0   0   0   0 | Arg AGA   0   0   0   0   0   0
Met ATG   0   0   0   0   0   0 |     ACG   0   0   0   0   0   0 |     AAG   0   0   0   0   0   0 |     AGG   0   0   0   0   0   0
--------------------------------------------------------------------------------------------------------------------------------------
Val GTT   1   1   1   1   1   1 | Ala GCT   0   0   0   0   0   0 | Asp GAT   0   0   0   0   0   0 | Gly GGT   0   0   0   0   0   0
    GTC   0   0   0   0   0   0 |     GCC   0   0   0   0   0   0 |     GAC   0   0   0   0   0   0 |     GGC   1   1   1   1   1   1
    GTA   0   0   0   0   0   0 |     GCA   0   0   0   0   0   0 | Glu GAA   0   0   0   0   0   1 |     GGA   1   1   1   1   1   0
    GTG   1   1   1   1   1   1 |     GCG   0   0   0   0   0   0 |     GAG   1   1   1   1   1   0 |     GGG   0   0   0   0   0   1
--------------------------------------------------------------------------------------------------------------------------------------

--------------------------------------------------------------------------------------------------------------------------------------
Phe TTT   0   0   0   0   0   0 | Ser TCT   1   1   1   1   1   0 | Tyr TAT   0   0   0   0   0   0 | Cys TGT   2   2   2   2   2   2
    TTC   1   1   1   1   1   1 |     TCC   0   0   0   0   0   1 |     TAC   0   0   0   0   0   0 |     TGC   1   1   1   1   1   1
Leu TTA   0   0   0   0   0   0 |     TCA   0   0   0   0   0   0 | *** TAA   0   0   0   0   0   0 | *** TGA   0   0   0   0   0   0
    TTG   0   0   0   0   0   0 |     TCG   0   0   0   0   0   0 |     TAG   0   0   0   0   0   0 | Trp TGG   0   0   0   0   0   0
--------------------------------------------------------------------------------------------------------------------------------------
Leu CTT   0   0   0   0   0   0 | Pro CCT   0   0   0   0   0   0 | His CAT   0   0   0   0   0   0 | Arg CGT   1   1   1   1   1   0
    CTC   1   1   1   1   1   1 |     CCC   0   0   0   0   0   0 |     CAC   1   1   1   1   1   1 |     CGC   0   0   0   0   0   1
    CTA   0   0   0   0   0   0 |     CCA   0   0   0   0   0   0 | Gln CAA   0   0   0   0   0   0 |     CGA   0   0   0   0   0   0
    CTG   0   0   0   0   0   0 |     CCG   0   0   0   0   0   0 |     CAG   2   2   2   2   2   2 |     CGG   0   0   0   0   0   0
--------------------------------------------------------------------------------------------------------------------------------------
Ile ATT   2   2   2   2   2   2 | Thr ACT   0   0   0   0   0   0 | Asn AAT   1   0   1   1   1   1 | Ser AGT   0   0   0   0   0   0
    ATC   0   0   0   0   0   0 |     ACC   0   0   0   0   0   0 |     AAC   0   1   0   0   0   0 |     AGC   1   1   1   1   1   1
    ATA   0   0   0   0   0   0 |     ACA   1   1   1   1   1   1 | Lys AAA   0   0   0   0   0   0 | Arg AGA   0   0   0   0   0   0
Met ATG   0   0   0   0   0   0 |     ACG   0   0   0   0   0   0 |     AAG   0   0   0   0   0   0 |     AGG   0   0   0   0   0   0
--------------------------------------------------------------------------------------------------------------------------------------
Val GTT   1   1   1   1   1   1 | Ala GCT   0   0   0   0   0   0 | Asp GAT   0   0   0   0   0   0 | Gly GGT   0   0   0   0   0   0
    GTC   0   0   0   0   0   0 |     GCC   0   0   0   0   0   0 |     GAC   0   0   0   0   0   0 |     GGC   1   1   1   1   1   1
    GTA   0   0   0   0   0   0 |     GCA   0   0   0   0   0   0 | Glu GAA   0   1   0   0   0   0 |     GGA   1   0   1   1   1   1
    GTG   1   1   1   1   1   1 |     GCG   0   0   0   0   0   0 |     GAG   1   0   1   1   1   1 |     GGG   0   1   0   0   0   0
--------------------------------------------------------------------------------------------------------------------------------------

--------------------------------------------------------------------------------------------------------------------------------------
Phe TTT   0   0   0   0   0   0 | Ser TCT   1   1   1   1   1   1 | Tyr TAT   0   0   0   0   0   0 | Cys TGT   1   2   2   2   2   2
    TTC   1   1   1   1   1   1 |     TCC   0   0   0   0   0   0 |     TAC   0   0   0   0   0   0 |     TGC   2   1   1   1   1   1
Leu TTA   0   0   0   0   0   0 |     TCA   0   0   0   0   0   0 | *** TAA   0   0   0   0   0   0 | *** TGA   0   0   0   0   0   0
    TTG   0   0   0   0   0   0 |     TCG   0   0   0   0   0   0 |     TAG   0   0   0   0   0   0 | Trp TGG   0   0   0   0   0   0
--------------------------------------------------------------------------------------------------------------------------------------
Leu CTT   0   0   0   0   0   0 | Pro CCT   0   0   0   0   0   0 | His CAT   1   0   0   0   0   0 | Arg CGT   0   1   1   0   1   1
    CTC   1   1   1   1   1   1 |     CCC   0   0   0   0   0   0 |     CAC   0   1   1   1   1   1 |     CGC   1   0   0   1   0   0
    CTA   0   0   0   0   0   0 |     CCA   0   0   0   0   0   0 | Gln CAA   0   0   0   0   0   0 |     CGA   0   0   0   0   0   0
    CTG   0   0   0   0   0   0 |     CCG   0   0   0   0   0   0 |     CAG   2   2   2   2   2   2 |     CGG   0   0   0   0   0   0
--------------------------------------------------------------------------------------------------------------------------------------
Ile ATT   0   2   2   2   2   2 | Thr ACT   0   0   0   0   0   0 | Asn AAT   0   0   1   1   1   1 | Ser AGT   0   0   0   0   0   0
    ATC   1   0   0   0   0   0 |     ACC   0   0   0   0   0   0 |     AAC   1   1   0   0   0   0 |     AGC   1   1   1   1   1   1
    ATA   0   0   0   0   0   0 |     ACA   1   1   1   1   1   1 | Lys AAA   0   0   0   0   0   0 | Arg AGA   0   0   0   0   0   0
Met ATG   0   0   0   0   0   0 |     ACG   0   0   0   0   0   0 |     AAG   0   0   0   0   0   0 |     AGG   0   0   0   0   0   0
--------------------------------------------------------------------------------------------------------------------------------------
Val GTT   1   1   1   1   1   1 | Ala GCT   0   0   0   0   0   0 | Asp GAT   0   0   0   0   0   0 | Gly GGT   0   0   0   0   0   0
    GTC   1   0   0   0   0   0 |     GCC   0   0   0   0   0   0 |     GAC   0   0   0   0   0   0 |     GGC   0   1   1   1   1   1
    GTA   0   0   0   0   0   0 |     GCA   0   0   0   0   0   0 | Glu GAA   0   1   0   0   0   0 |     GGA   0   0   1   0   1   1
    GTG   1   1   1   1   1   1 |     GCG   0   0   0   0   0   0 |     GAG   1   0   1   1   1   1 |     GGG   2   1   0   1   0   0
--------------------------------------------------------------------------------------------------------------------------------------

--------------------------------------------------------------------------------------------------------------------------------------
Phe TTT   0   0   0   0   0   0 | Ser TCT   1   1   1   1   1   1 | Tyr TAT   0   0   0   0   0   0 | Cys TGT   2   2   2   2   2   2
    TTC   1   1   1   1   1   1 |     TCC   0   0   0   0   0   0 |     TAC   0   0   0   0   0   0 |     TGC   1   1   1   1   1   1
Leu TTA   0   0   0   0   0   0 |     TCA   0   0   0   0   0   0 | *** TAA   0   0   0   0   0   0 | *** TGA   0   0   0   0   0   0
    TTG   0   0   0   0   0   0 |     TCG   0   0   0   0   0   0 |     TAG   0   0   0   0   0   0 | Trp TGG   0   0   0   0   0   0
--------------------------------------------------------------------------------------------------------------------------------------
Leu CTT   0   0   0   0   0   0 | Pro CCT   0   0   0   0   0   0 | His CAT   0   0   0   0   0   0 | Arg CGT   1   1   1   1   1   1
    CTC   1   1   1   1   1   1 |     CCC   0   0   0   0   0   0 |     CAC   1   1   1   1   1   1 |     CGC   0   0   0   0   0   0
    CTA   0   0   0   0   0   0 |     CCA   0   0   0   0   0   0 | Gln CAA   0   0   0   0   0   0 |     CGA   0   0   0   0   0   0
    CTG   0   0   0   0   0   0 |     CCG   0   0   0   0   0   0 |     CAG   2   2   2   2   2   2 |     CGG   0   0   0   0   0   0
--------------------------------------------------------------------------------------------------------------------------------------
Ile ATT   2   2   2   2   2   2 | Thr ACT   0   0   0   0   0   0 | Asn AAT   1   1   1   1   0   1 | Ser AGT   0   0   0   0   0   0
    ATC   0   0   0   0   0   0 |     ACC   0   0   0   0   0   0 |     AAC   0   0   0   0   1   0 |     AGC   1   1   1   1   1   1
    ATA   0   0   0   0   0   0 |     ACA   1   1   1   1   1   1 | Lys AAA   0   0   0   0   0   0 | Arg AGA   0   0   0   0   0   0
Met ATG   0   0   0   0   0   0 |     ACG   0   0   0   0   0   0 |     AAG   0   0   0   0   0   0 |     AGG   0   0   0   0   0   0
--------------------------------------------------------------------------------------------------------------------------------------
Val GTT   1   1   1   1   1   1 | Ala GCT   0   0   0   0   0   0 | Asp GAT   0   0   0   0   0   0 | Gly GGT   0   0   0   0   0   0
    GTC   0   0   0   0   0   0 |     GCC   0   0   0   0   0   0 |     GAC   0   0   0   0   0   0 |     GGC   1   1   1   1   1   1
    GTA   0   0   0   0   0   0 |     GCA   0   0   0   0   0   0 | Glu GAA   0   0   0   0   1   0 |     GGA   1   1   1   1   0   0
    GTG   1   1   1   1   1   1 |     GCG   0   0   0   0   0   0 |     GAG   1   1   1   1   0   1 |     GGG   0   0   0   0   1   1
--------------------------------------------------------------------------------------------------------------------------------------

--------------------------------------------------------------------------------------------------------------------------------------
Phe TTT   0   0   0   0   0   0 | Ser TCT   1   1   1   1   1   1 | Tyr TAT   0   0   0   0   0   0 | Cys TGT   2   2   2   2   2   2
    TTC   1   1   1   1   1   1 |     TCC   0   0   0   0   0   0 |     TAC   0   0   0   0   0   0 |     TGC   1   1   1   1   1   1
Leu TTA   0   0   0   0   0   0 |     TCA   0   0   0   0   0   0 | *** TAA   0   0   0   0   0   0 | *** TGA   0   0   0   0   0   0
    TTG   0   0   0   0   0   0 |     TCG   0   0   0   0   0   0 |     TAG   0   0   0   0   0   0 | Trp TGG   0   0   0   0   0   0
--------------------------------------------------------------------------------------------------------------------------------------
Leu CTT   0   0   0   0   0   0 | Pro CCT   0   0   0   0   0   0 | His CAT   0   0   0   0   0   0 | Arg CGT   1   1   1   1   1   1
    CTC   1   1   1   1   1   1 |     CCC   0   0   0   0   0   0 |     CAC   1   1   1   1   1   1 |     CGC   0   0   0   0   0   0
    CTA   0   0   0   0   0   0 |     CCA   0   0   0   0   0   0 | Gln CAA   0   0   0   0   0   0 |     CGA   0   0   0   0   0   0
    CTG   0   0   0   0   0   0 |     CCG   0   0   0   0   0   0 |     CAG   2   2   2   2   2   2 |     CGG   0   0   0   0   0   0
--------------------------------------------------------------------------------------------------------------------------------------
Ile ATT   2   2   2   2   2   2 | Thr ACT   0   0   0   0   0   0 | Asn AAT   1   1   1   1   0   0 | Ser AGT   0   0   0   0   0   0
    ATC   0   0   0   0   0   0 |     ACC   0   0   0   0   0   0 |     AAC   0   0   0   0   1   1 |     AGC   1   1   1   1   1   1
    ATA   0   0   0   0   0   0 |     ACA   1   1   1   1   1   1 | Lys AAA   0   0   0   0   0   0 | Arg AGA   0   0   0   0   0   0
Met ATG   0   0   0   0   0   0 |     ACG   0   0   0   0   0   0 |     AAG   0   0   0   0   0   0 |     AGG   0   0   0   0   0   0
--------------------------------------------------------------------------------------------------------------------------------------
Val GTT   1   1   1   1   1   1 | Ala GCT   0   0   0   0   0   0 | Asp GAT   0   0   0   0   0   0 | Gly GGT   0   0   0   0   0   0
    GTC   0   0   0   0   0   0 |     GCC   0   0   0   0   0   0 |     GAC   0   0   0   0   0   0 |     GGC   1   1   1   1   1   1
    GTA   0   0   0   0   0   0 |     GCA   0   0   0   0   0   0 | Glu GAA   0   0   0   0   1   1 |     GGA   1   1   0   1   0   0
    GTG   1   1   1   1   1   1 |     GCG   0   0   0   0   0   0 |     GAG   1   1   1   1   0   0 |     GGG   0   0   1   0   1   1
--------------------------------------------------------------------------------------------------------------------------------------

Codon position x base (3x4) table for each sequence.

#1: Argali         
position  1:    T:0.25000    C:0.25000    A:0.25000    G:0.25000
position  2:    T:0.30000    C:0.10000    A:0.25000    G:0.35000
position  3:    T:0.25000    C:0.45000    A:0.10000    G:0.20000
Average         T:0.26667    C:0.26667    A:0.20000    G:0.26667

#2: LesserMouseDeer
position  1:    T:0.25000    C:0.25000    A:0.25000    G:0.25000
position  2:    T:0.30000    C:0.10000    A:0.25000    G:0.35000
position  3:    T:0.35000    C:0.35000    A:0.05000    G:0.25000
Average         T:0.30000    C:0.23333    A:0.18333    G:0.28333

#3: LesserKudu     
position  1:    T:0.25000    C:0.25000    A:0.25000    G:0.25000
position  2:    T:0.30000    C:0.10000    A:0.25000    G:0.35000
position  3:    T:0.35000    C:0.35000    A:0.10000    G:0.20000
Average         T:0.30000    C:0.23333    A:0.20000    G:0.26667

#4: ForestMuskDeer2
position  1:    T:0.25000    C:0.25000    A:0.25000    G:0.25000
position  2:    T:0.30000    C:0.10000    A:0.25000    G:0.35000
position  3:    T:0.40000    C:0.30000    A:0.10000    G:0.20000
Average         T:0.31667    C:0.21667    A:0.20000    G:0.26667

#5: Camel          
position  1:    T:0.25000    C:0.25000    A:0.25000    G:0.25000
position  2:    T:0.30000    C:0.10000    A:0.25000    G:0.35000
position  3:    T:0.40000    C:0.30000    A:0.15000    G:0.15000
Average         T:0.31667    C:0.21667    A:0.21667    G:0.25000

#6: KillerWhale    
position  1:    T:0.25000    C:0.25000    A:0.25000    G:0.25000
position  2:    T:0.30000    C:0.10000    A:0.25000    G:0.35000
position  3:    T:0.40000    C:0.30000    A:0.15000    G:0.15000
Average         T:0.31667    C:0.21667    A:0.21667    G:0.25000

#7: DefassaWaterbuck
position  1:    T:0.25000    C:0.25000    A:0.25000    G:0.25000
position  2:    T:0.30000    C:0.10000    A:0.25000    G:0.35000
position  3:    T:0.40000    C:0.30000    A:0.00000    G:0.30000
Average         T:0.31667    C:0.21667    A:0.16667    G:0.30000

#8: Sheep          
position  1:    T:0.25000    C:0.25000    A:0.25000    G:0.25000
position  2:    T:0.30000    C:0.10000    A:0.25000    G:0.35000
position  3:    T:0.25000    C:0.45000    A:0.10000    G:0.20000
Average         T:0.26667    C:0.26667    A:0.20000    G:0.26667

#9: MaxwellsDuiker 
position  1:    T:0.25000    C:0.25000    A:0.25000    G:0.25000
position  2:    T:0.30000    C:0.10000    A:0.25000    G:0.35000
position  3:    T:0.40000    C:0.30000    A:0.10000    G:0.20000
Average         T:0.31667    C:0.21667    A:0.20000    G:0.26667

#10: GazellaPrzewalskyi
position  1:    T:0.25000    C:0.25000    A:0.25000    G:0.25000
position  2:    T:0.30000    C:0.10000    A:0.25000    G:0.35000
position  3:    T:0.40000    C:0.30000    A:0.15000    G:0.15000
Average         T:0.31667    C:0.21667    A:0.21667    G:0.25000

#11: MountainNyala  
position  1:    T:0.25000    C:0.25000    A:0.25000    G:0.25000
position  2:    T:0.30000    C:0.10000    A:0.25000    G:0.35000
position  3:    T:0.35000    C:0.35000    A:0.10000    G:0.20000
Average         T:0.30000    C:0.23333    A:0.20000    G:0.26667

#12: MuntiacusMuntjak
position  1:    T:0.25000    C:0.25000    A:0.25000    G:0.25000
position  2:    T:0.30000    C:0.10000    A:0.25000    G:0.35000
position  3:    T:0.40000    C:0.30000    A:0.10000    G:0.20000
Average         T:0.31667    C:0.21667    A:0.20000    G:0.26667

#13: goat           
position  1:    T:0.25000    C:0.25000    A:0.25000    G:0.25000
position  2:    T:0.30000    C:0.10000    A:0.25000    G:0.35000
position  3:    T:0.40000    C:0.30000    A:0.10000    G:0.20000
Average         T:0.31667    C:0.21667    A:0.20000    G:0.26667

#14: AfricanBuffalo 
position  1:    T:0.25000    C:0.25000    A:0.25000    G:0.25000
position  2:    T:0.30000    C:0.10000    A:0.25000    G:0.35000
position  3:    T:0.35000    C:0.35000    A:0.05000    G:0.25000
Average         T:0.30000    C:0.23333    A:0.18333    G:0.28333

#15: Topi           
position  1:    T:0.25000    C:0.25000    A:0.25000    G:0.25000
position  2:    T:0.30000    C:0.10000    A:0.25000    G:0.35000
position  3:    T:0.30000    C:0.40000    A:0.10000    G:0.20000
Average         T:0.28333    C:0.25000    A:0.20000    G:0.26667

#16: CommonDuiker   
position  1:    T:0.25000    C:0.25000    A:0.25000    G:0.25000
position  2:    T:0.30000    C:0.10000    A:0.25000    G:0.35000
position  3:    T:0.40000    C:0.30000    A:0.10000    G:0.20000
Average         T:0.31667    C:0.21667    A:0.20000    G:0.26667

#17: Suni           
position  1:    T:0.25000    C:0.25000    A:0.25000    G:0.25000
position  2:    T:0.30000    C:0.10000    A:0.25000    G:0.35000
position  3:    T:0.45000    C:0.25000    A:0.15000    G:0.15000
Average         T:0.33333    C:0.20000    A:0.21667    G:0.25000

#18: Springbuck     
position  1:    T:0.25000    C:0.25000    A:0.25000    G:0.25000
position  2:    T:0.30000    C:0.10000    A:0.25000    G:0.35000
position  3:    T:0.40000    C:0.30000    A:0.10000    G:0.20000
Average         T:0.31667    C:0.21667    A:0.20000    G:0.26667

#19: Okapi          
position  1:    T:0.25000    C:0.25000    A:0.25000    G:0.25000
position  2:    T:0.30000    C:0.10000    A:0.25000    G:0.35000
position  3:    T:0.45000    C:0.25000    A:0.10000    G:0.20000
Average         T:0.33333    C:0.20000    A:0.20000    G:0.26667

#20: Giraffe        
position  1:    T:0.25000    C:0.25000    A:0.25000    G:0.25000
position  2:    T:0.30000    C:0.10000    A:0.25000    G:0.35000
position  3:    T:0.40000    C:0.30000    A:0.10000    G:0.20000
Average         T:0.31667    C:0.21667    A:0.20000    G:0.26667

#21: TibetanAntelope
position  1:    T:0.25000    C:0.25000    A:0.25000    G:0.25000
position  2:    T:0.30000    C:0.10000    A:0.25000    G:0.35000
position  3:    T:0.40000    C:0.30000    A:0.10000    G:0.20000
Average         T:0.31667    C:0.21667    A:0.20000    G:0.26667

#22: Sitatunga      
position  1:    T:0.25000    C:0.25000    A:0.25000    G:0.25000
position  2:    T:0.30000    C:0.10000    A:0.25000    G:0.35000
position  3:    T:0.35000    C:0.35000    A:0.10000    G:0.20000
Average         T:0.30000    C:0.23333    A:0.20000    G:0.26667

#23: Oribi          
position  1:    T:0.25000    C:0.25000    A:0.25000    G:0.25000
position  2:    T:0.30000    C:0.10000    A:0.25000    G:0.35000
position  3:    T:0.40000    C:0.30000    A:0.10000    G:0.20000
Average         T:0.31667    C:0.21667    A:0.20000    G:0.26667

#24: BarbarySheep   
position  1:    T:0.25000    C:0.25000    A:0.25000    G:0.25000
position  2:    T:0.30000    C:0.10000    A:0.25000    G:0.35000
position  3:    T:0.40000    C:0.30000    A:0.10000    G:0.20000
Average         T:0.31667    C:0.21667    A:0.20000    G:0.26667

#25: Daviddeer      
position  1:    T:0.25000    C:0.25000    A:0.25000    G:0.25000
position  2:    T:0.30000    C:0.10000    A:0.25000    G:0.35000
position  3:    T:0.40000    C:0.30000    A:0.10000    G:0.20000
Average         T:0.31667    C:0.21667    A:0.20000    G:0.26667

#26: Reindeer       
position  1:    T:0.25000    C:0.25000    A:0.25000    G:0.25000
position  2:    T:0.30000    C:0.10000    A:0.25000    G:0.35000
position  3:    T:0.40000    C:0.30000    A:0.10000    G:0.20000
Average         T:0.31667    C:0.21667    A:0.20000    G:0.26667

#27: Ibex           
position  1:    T:0.25000    C:0.25000    A:0.25000    G:0.25000
position  2:    T:0.30000    C:0.10000    A:0.25000    G:0.35000
position  3:    T:0.40000    C:0.30000    A:0.10000    G:0.20000
Average         T:0.31667    C:0.21667    A:0.20000    G:0.26667

#28: GyrantGazelle  
position  1:    T:0.25000    C:0.25000    A:0.25000    G:0.25000
position  2:    T:0.30000    C:0.10000    A:0.25000    G:0.35000
position  3:    T:0.40000    C:0.30000    A:0.10000    G:0.20000
Average         T:0.31667    C:0.21667    A:0.20000    G:0.26667

#29: Hartebeest     
position  1:    T:0.25000    C:0.25000    A:0.25000    G:0.25000
position  2:    T:0.30000    C:0.10000    A:0.25000    G:0.35000
position  3:    T:0.30000    C:0.40000    A:0.10000    G:0.20000
Average         T:0.28333    C:0.25000    A:0.20000    G:0.26667

#30: Bongo          
position  1:    T:0.25000    C:0.25000    A:0.25000    G:0.25000
position  2:    T:0.30000    C:0.10000    A:0.25000    G:0.35000
position  3:    T:0.35000    C:0.35000    A:0.10000    G:0.20000
Average         T:0.30000    C:0.23333    A:0.20000    G:0.26667

#31: Gerenuk        
position  1:    T:0.25000    C:0.25000    A:0.25000    G:0.25000
position  2:    T:0.30000    C:0.10000    A:0.25000    G:0.35000
position  3:    T:0.40000    C:0.30000    A:0.10000    G:0.20000
Average         T:0.31667    C:0.21667    A:0.20000    G:0.26667

#32: CommonEland    
position  1:    T:0.25000    C:0.25000    A:0.25000    G:0.25000
position  2:    T:0.30000    C:0.10000    A:0.25000    G:0.35000
position  3:    T:0.35000    C:0.35000    A:0.10000    G:0.20000
Average         T:0.30000    C:0.23333    A:0.20000    G:0.26667

#33: MuntiacusReevesi
position  1:    T:0.25000    C:0.25000    A:0.25000    G:0.25000
position  2:    T:0.30000    C:0.10000    A:0.25000    G:0.35000
position  3:    T:0.40000    C:0.30000    A:0.10000    G:0.20000
Average         T:0.31667    C:0.21667    A:0.20000    G:0.26667

#34: HarveysDuiker  
position  1:    T:0.25000    C:0.25000    A:0.25000    G:0.25000
position  2:    T:0.30000    C:0.10000    A:0.25000    G:0.35000
position  3:    T:0.40000    C:0.30000    A:0.10000    G:0.20000
Average         T:0.31667    C:0.21667    A:0.20000    G:0.26667

#35: Pronghorn      
position  1:    T:0.25000    C:0.25000    A:0.25000    G:0.25000
position  2:    T:0.30000    C:0.10000    A:0.25000    G:0.35000
position  3:    T:0.40000    C:0.30000    A:0.10000    G:0.20000
Average         T:0.31667    C:0.21667    A:0.20000    G:0.26667

#36: BlueWildebeest 
position  1:    T:0.25000    C:0.25000    A:0.25000    G:0.25000
position  2:    T:0.30000    C:0.10000    A:0.25000    G:0.35000
position  3:    T:0.30000    C:0.40000    A:0.10000    G:0.20000
Average         T:0.28333    C:0.25000    A:0.20000    G:0.26667

#37: Gemsbok        
position  1:    T:0.25000    C:0.25000    A:0.20000    G:0.30000
position  2:    T:0.30000    C:0.10000    A:0.25000    G:0.35000
position  3:    T:0.20000    C:0.45000    A:0.05000    G:0.30000
Average         T:0.25000    C:0.26667    A:0.16667    G:0.31667

#38: Yak            
position  1:    T:0.25000    C:0.25000    A:0.25000    G:0.25000
position  2:    T:0.30000    C:0.10000    A:0.25000    G:0.35000
position  3:    T:0.35000    C:0.35000    A:0.10000    G:0.20000
Average         T:0.30000    C:0.23333    A:0.20000    G:0.26667

#39: BlueSheep      
position  1:    T:0.25000    C:0.25000    A:0.25000    G:0.25000
position  2:    T:0.30000    C:0.10000    A:0.25000    G:0.35000
position  3:    T:0.40000    C:0.30000    A:0.10000    G:0.20000
Average         T:0.31667    C:0.21667    A:0.20000    G:0.26667

#40: BohorReedbuck  
position  1:    T:0.25000    C:0.25000    A:0.25000    G:0.25000
position  2:    T:0.30000    C:0.10000    A:0.25000    G:0.35000
position  3:    T:0.35000    C:0.35000    A:0.05000    G:0.25000
Average         T:0.30000    C:0.23333    A:0.18333    G:0.28333

#41: KirksDik       
position  1:    T:0.25000    C:0.25000    A:0.25000    G:0.25000
position  2:    T:0.30000    C:0.10000    A:0.25000    G:0.35000
position  3:    T:0.40000    C:0.30000    A:0.10000    G:0.20000
Average         T:0.31667    C:0.21667    A:0.20000    G:0.26667

#42: RoeDeer        
position  1:    T:0.25000    C:0.25000    A:0.25000    G:0.25000
position  2:    T:0.30000    C:0.10000    A:0.25000    G:0.35000
position  3:    T:0.40000    C:0.30000    A:0.10000    G:0.20000
Average         T:0.31667    C:0.21667    A:0.20000    G:0.26667

#43: WhiteLippedDeer
position  1:    T:0.25000    C:0.25000    A:0.25000    G:0.25000
position  2:    T:0.30000    C:0.10000    A:0.25000    G:0.35000
position  3:    T:0.40000    C:0.30000    A:0.10000    G:0.20000
Average         T:0.31667    C:0.21667    A:0.20000    G:0.26667

#44: ThomsonGazelle 
position  1:    T:0.25000    C:0.25000    A:0.25000    G:0.25000
position  2:    T:0.30000    C:0.10000    A:0.25000    G:0.35000
position  3:    T:0.40000    C:0.30000    A:0.10000    G:0.20000
Average         T:0.31667    C:0.21667    A:0.20000    G:0.26667

#45: MuntiacusCrinifrons
position  1:    T:0.25000    C:0.25000    A:0.25000    G:0.25000
position  2:    T:0.30000    C:0.10000    A:0.25000    G:0.35000
position  3:    T:0.40000    C:0.30000    A:0.10000    G:0.20000
Average         T:0.31667    C:0.21667    A:0.20000    G:0.26667

#46: WhiteTailedDeer
position  1:    T:0.25000    C:0.25000    A:0.25000    G:0.25000
position  2:    T:0.30000    C:0.10000    A:0.25000    G:0.35000
position  3:    T:0.40000    C:0.30000    A:0.10000    G:0.20000
Average         T:0.31667    C:0.21667    A:0.20000    G:0.26667

#47: Cattle         
position  1:    T:0.25000    C:0.25000    A:0.25000    G:0.25000
position  2:    T:0.30000    C:0.10000    A:0.25000    G:0.35000
position  3:    T:0.35000    C:0.35000    A:0.10000    G:0.20000
Average         T:0.30000    C:0.23333    A:0.20000    G:0.26667

#48: RoyalAntelope  
position  1:    T:0.25000    C:0.25000    A:0.25000    G:0.25000
position  2:    T:0.30000    C:0.10000    A:0.25000    G:0.35000
position  3:    T:0.40000    C:0.30000    A:0.05000    G:0.25000
Average         T:0.31667    C:0.21667    A:0.18333    G:0.28333

#49: Steenbok       
position  1:    T:0.25000    C:0.25000    A:0.25000    G:0.25000
position  2:    T:0.30000    C:0.10000    A:0.25000    G:0.35000
position  3:    T:0.40000    C:0.30000    A:0.10000    G:0.20000
Average         T:0.31667    C:0.21667    A:0.20000    G:0.26667

#50: Impala         
position  1:    T:0.25000    C:0.25000    A:0.25000    G:0.25000
position  2:    T:0.30000    C:0.10000    A:0.25000    G:0.35000
position  3:    T:0.40000    C:0.30000    A:0.10000    G:0.20000
Average         T:0.31667    C:0.21667    A:0.20000    G:0.26667

#51: Klipspringer   
position  1:    T:0.25000    C:0.25000    A:0.25000    G:0.25000
position  2:    T:0.30000    C:0.10000    A:0.25000    G:0.35000
