1
52 1
Argali 0.000000 0.311900 0.071200 0.299100 0.066500 0.000000 0.059700 0.065300 0.058800 0.084600 0.023900 0.028300 0.035600 0.066200 0.071600 0.066400 0.052900 0.046800 0.029700 0.071000 0.077900 0.023900 0.078200 0.069400 0.023800 0.072400 0.041500 0.058800 0.085200 0.064900 0.083900 0.065700 0.078300 0.035700 0.053500 0.040500 0.035500 0.041200 0.072200 0.091000 0.072300 0.098100 0.084600 0.066200 0.040800 0.065800 0.097000 0.065900 0.072200 0.065500 0.058800 0.058800
LesserMous 0.311900 0.000000 0.266300 0.298700 0.286900 0.310700 0.291400 0.262600 0.257700 0.264000 0.298200 0.286700 0.312300 0.267200 0.305100 0.264300 0.267700 0.261500 0.286800 0.256100 0.279600 0.307700 0.289900 0.274800 0.297300 0.258100 0.311900 0.257700 0.292200 0.257300 0.278400 0.271300 0.310600 0.313700 0.267300 0.284900 0.293400 0.286600 0.257600 0.272700 0.308600 0.292100 0.264400 0.276300 0.278200 0.332900 0.272200 0.299000 0.307200 0.288100 0.257700 0.257800
LesserKudu 0.071200 0.266300 0.000000 0.320800 0.066000 0.071000 0.083700 0.058000 0.011500 0.078200 0.084300 0.041300 0.084500 0.077700 0.083000 0.058900 0.059500 0.066100 0.077500 0.017300 0.070300 0.084300 0.084700 0.085000 0.084100 0.052500 0.084300 0.011500 0.076800 0.017300 0.077600 0.077200 0.090200 0.084800 0.077700 0.041100 0.083200 0.052900 0.052400 0.084700 0.090600 0.083800 0.078300 0.085700 0.041400 0.089400 0.076000 0.077200 0.077100 0.066300 0.011500 0.011500
KillerWhal 0.299100 0.298700 0.320800 0.000000 0.342000 0.297800 0.316300 0.340200 0.311700 0.329100 0.328400 0.297500 0.332000 0.301200 0.351000 0.336500 0.286700 0.298100 0.334700 0.309300 0.341300 0.301900 0.321600 0.305900 0.327500 0.344200 0.331100 0.311700 0.356600 0.319500 0.343600 0.313500 0.339100 0.333400 0.337400 0.304500 0.340200 0.306300 0.327000 0.330500 0.341500 0.370000 0.329300 0.308900 0.316000 0.334400 0.345100 0.318900 0.316300 0.334600 0.311700 0.311600
DefassaWat 0.066500 0.286900 0.066000 0.342000 0.000000 0.066200 0.090500 0.071000 0.065800 0.078900 0.066900 0.060200 0.065900 0.084600 0.089900 0.072300 0.085200 0.079500 0.060100 0.078100 0.083700 0.079500 0.098300 0.085900 0.066700 0.065800 0.071900 0.065800 0.091700 0.071900 0.078200 0.083900 0.111200 0.066100 0.071500 0.072400 0.065900 0.023500 0.078000 0.098400 0.104900 0.097600 0.079000 0.086600 0.072900 0.078000 0.103400 0.084200 0.103500 0.058100 0.065800 0.065800
Sheep 0.000000 0.310700 0.071000 0.297800 0.066200 0.000000 0.059500 0.065100 0.058700 0.084300 0.023800 0.028400 0.035400 0.065900 0.071400 0.066100 0.052800 0.046700 0.029600 0.070800 0.077600 0.023800 0.078000 0.069400 0.023700 0.072200 0.041400 0.058700 0.084900 0.064700 0.083600 0.065400 0.078100 0.035600 0.053300 0.040500 0.035300 0.041100 0.071900 0.090700 0.072100 0.097700 0.084300 0.066100 0.040700 0.065500 0.096700 0.065700 0.071900 0.065400 0.058700 0.058700
MaxwellsDu 0.059700 0.291400 0.083700 0.316300 0.090500 0.059500 0.000000 0.058000 0.077200 0.083700 0.060100 0.053100 0.059200 0.028700 0.082400 0.058900 0.046900 0.029300 0.065800 0.076900 0.070100 0.072600 0.077700 0.065700 0.059900 0.064700 0.059100 0.077200 0.077700 0.083300 0.083100 0.028500 0.096600 0.059400 0.077200 0.065100 0.071500 0.077500 0.058600 0.084200 0.078000 0.089700 0.083800 0.066200 0.065500 0.089100 0.083100 0.076800 0.070800 0.078400 0.077200 0.077200
GazellaPrz 0.065300 0.262600 0.058000 0.340200 0.071000 0.065100 0.058000 0.000000 0.052200 0.076800 0.065800 0.058700 0.064800 0.070200 0.063500 0.011300 0.070700 0.053000 0.059100 0.052000 0.022400 0.078200 0.083200 0.071200 0.065600 0.005600 0.064600 0.052200 0.028600 0.058100 0.076200 0.069700 0.089600 0.065000 0.058300 0.058400 0.077000 0.070700 0.016900 0.083300 0.083600 0.034300 0.076900 0.071800 0.058800 0.088400 0.039900 0.070000 0.070000 0.071500 0.052200 0.052200
MountainNy 0.058800 0.257700 0.011500 0.311700 0.065800 0.058700 0.077200 0.052200 0.000000 0.084100 0.071700 0.029300 0.071800 0.071300 0.070500 0.053100 0.053200 0.059700 0.065100 0.011500 0.064400 0.071700 0.078100 0.078400 0.071500 0.046900 0.071600 0.000000 0.071000 0.005700 0.083500 0.070800 0.090600 0.072000 0.065100 0.029100 0.083300 0.052900 0.046700 0.078100 0.084500 0.077700 0.084200 0.079100 0.029300 0.089500 0.070200 0.064800 0.071100 0.066000 0.000000 0.000000
MuntiacusM 0.084600 0.264000 0.078200 0.329100 0.078900 0.084300 0.083700 0.076800 0.084100 0.000000 0.084800 0.066000 0.084800 0.077800 0.095900 0.065600 0.065700 0.060000 0.090400 0.083800 0.077000 0.097900 0.029000 0.017400 0.084700 0.071600 0.084700 0.084100 0.084000 0.090300 0.011400 0.069600 0.097600 0.085100 0.090500 0.078100 0.071100 0.065700 0.071400 0.029100 0.041100 0.090300 0.000000 0.017500 0.078700 0.090200 0.095800 0.102800 0.096500 0.079200 0.084100 0.084100
goat 0.023900 0.298200 0.084300 0.328400 0.066900 0.023800 0.060100 0.065800 0.071700 0.084800 0.000000 0.040800 0.035800 0.054100 0.072100 0.066800 0.065700 0.046800 0.017800 0.084100 0.078400 0.024000 0.078400 0.066000 0.000000 0.072900 0.041800 0.071700 0.086400 0.077900 0.084100 0.066100 0.084800 0.036000 0.053900 0.053000 0.011700 0.053800 0.072600 0.091300 0.072400 0.092300 0.084800 0.066500 0.053400 0.078800 0.098200 0.066300 0.085400 0.065800 0.071700 0.071700
AfricanBuf 0.028300 0.286700 0.041300 0.297500 0.060200 0.028400 0.053100 0.058700 0.029300 0.066000 0.040800 0.000000 0.041600 0.047300 0.052800 0.047500 0.035500 0.041800 0.047100 0.041100 0.058900 0.041100 0.047700 0.047900 0.040600 0.053400 0.041500 0.029300 0.065600 0.035200 0.065500 0.046900 0.072400 0.041700 0.059500 0.011700 0.052900 0.035100 0.053200 0.072500 0.053900 0.078300 0.066100 0.048300 0.011700 0.059200 0.077400 0.059200 0.053300 0.048000 0.029300 0.029300
Topi 0.035600 0.312300 0.084500 0.332000 0.065900 0.035400 0.059200 0.064800 0.071800 0.084800 0.035800 0.041600 0.000000 0.065600 0.071000 0.065800 0.066100 0.048000 0.029500 0.084100 0.077200 0.048100 0.078800 0.066600 0.035700 0.071700 0.005700 0.071800 0.085000 0.077900 0.084100 0.065100 0.091400 0.000000 0.041000 0.053500 0.047300 0.053000 0.071500 0.091500 0.072600 0.097300 0.084900 0.067100 0.053900 0.077600 0.096600 0.053100 0.084000 0.066600 0.071800 0.071800
CommonDuik 0.066200 0.267200 0.077700 0.301200 0.084600 0.065900 0.028700 0.070200 0.071300 0.077800 0.054100 0.047300 0.065600 0.000000 0.076600 0.059100 0.053300 0.047600 0.059800 0.071100 0.070400 0.066500 0.071800 0.059800 0.053900 0.065000 0.065500 0.071300 0.078000 0.077400 0.077200 0.022800 0.090800 0.065800 0.083800 0.059200 0.065500 0.071600 0.058800 0.078200 0.084600 0.083800 0.077900 0.060200 0.059600 0.083200 0.083400 0.083300 0.071000 0.072300 0.071300 0.071300
Suni 0.071600 0.305100 0.083000 0.351000 0.089900 0.071400 0.082400 0.063500 0.070500 0.095900 0.072100 0.052800 0.071000 0.076600 0.000000 0.052500 0.064700 0.071500 0.077700 0.082600 0.063700 0.071900 0.089800 0.077700 0.071800 0.058300 0.070900 0.070500 0.071000 0.076500 0.095100 0.076000 0.065000 0.071200 0.076600 0.052600 0.083300 0.077100 0.058100 0.102600 0.083600 0.070500 0.096000 0.078300 0.052900 0.070100 0.082500 0.076100 0.088800 0.059400 0.070500 0.070500
Springbuck 0.066400 0.264300 0.058900 0.336500 0.072300 0.066100 0.058900 0.011300 0.053100 0.065600 0.066800 0.047500 0.065800 0.059100 0.052500 0.000000 0.059500 0.053800 0.072600 0.052900 0.011300 0.079500 0.072000 0.060000 0.066600 0.005700 0.065700 0.053100 0.016400 0.059100 0.065100 0.058700 0.078400 0.066000 0.059200 0.047200 0.078300 0.059300 0.005700 0.072100 0.084900 0.028800 0.065700 0.060400 0.047500 0.077400 0.027700 0.083500 0.058900 0.060200 0.053100 0.053100
Okapi 0.052900 0.267700 0.059500 0.286700 0.085200 0.052800 0.046900 0.070700 0.053200 0.065700 0.065700 0.035500 0.066100 0.053300 0.064700 0.059500 0.000000 0.017600 0.071800 0.053000 0.070900 0.053100 0.059700 0.047700 0.065500 0.065400 0.065900 0.053200 0.077900 0.059200 0.077600 0.057500 0.065800 0.066200 0.084300 0.047400 0.077500 0.059500 0.053000 0.059700 0.072300 0.077900 0.065800 0.048100 0.047700 0.070900 0.077000 0.071300 0.064900 0.072800 0.053200 0.053200
Giraffe 0.046800 0.261500 0.066100 0.298100 0.079500 0.046700 0.029300 0.053000 0.059700 0.060000 0.046800 0.041800 0.048000 0.047600 0.071500 0.053800 0.017600 0.000000 0.053100 0.059500 0.065300 0.059800 0.054000 0.041900 0.046700 0.059700 0.047900 0.059700 0.072100 0.065800 0.072000 0.051400 0.072700 0.048200 0.066000 0.053900 0.059000 0.066100 0.047300 0.054000 0.054200 0.085000 0.060100 0.042300 0.054200 0.077800 0.071200 0.065800 0.059200 0.067000 0.059700 0.059700
TibetanAnt 0.029700 0.286800 0.077500 0.334700 0.060100 0.029600 0.065800 0.059100 0.065100 0.090400 0.017800 0.047100 0.029500 0.059800 0.077700 0.072600 0.071800 0.053100 0.000000 0.077400 0.084000 0.029800 0.084000 0.071700 0.017700 0.066100 0.035400 0.065100 0.092100 0.071200 0.089700 0.071700 0.097600 0.029600 0.047300 0.059200 0.029400 0.059700 0.078300 0.096800 0.078100 0.091200 0.090400 0.072300 0.059600 0.084500 0.103800 0.047400 0.091000 0.071900 0.065100 0.065100
Sitatunga 0.071000 0.256100 0.017300 0.309300 0.078100 0.070800 0.076900 0.052000 0.011500 0.083800 0.084100 0.041100 0.084100 0.071100 0.082600 0.052900 0.053000 0.059500 0.077400 0.000000 0.064200 0.084200 0.077800 0.078100 0.083900 0.046700 0.083900 0.011500 0.065400 0.017300 0.083100 0.070600 0.096800 0.084400 0.077200 0.041000 0.095700 0.065000 0.046500 0.077800 0.090700 0.077400 0.083900 0.078700 0.041200 0.101900 0.064600 0.076900 0.070800 0.078300 0.011500 0.011500
Oribi 0.077900 0.279600 0.070300 0.341300 0.083700 0.077600 0.070100 0.022400 0.064400 0.077000 0.078400 0.058900 0.077200 0.070400 0.063700 0.011300 0.070900 0.065300 0.084000 0.064200 0.000000 0.091000 0.083400 0.071400 0.078100 0.017000 0.077000 0.064400 0.028700 0.070400 0.076400 0.069900 0.089800 0.077400 0.070500 0.058600 0.089600 0.070900 0.016900 0.083500 0.096300 0.040200 0.077100 0.072000 0.059000 0.088600 0.040000 0.094800 0.070200 0.071600 0.064400 0.064400
BarbaryShe 0.023900 0.307700 0.084300 0.301900 0.079500 0.023800 0.072600 0.078200 0.071700 0.097900 0.024000 0.041100 0.048100 0.066500 0.071900 0.079500 0.053100 0.059800 0.029800 0.084200 0.091000 0.000000 0.091500 0.079100 0.023900 0.085600 0.054100 0.071700 0.099300 0.077900 0.097100 0.078600 0.091600 0.048200 0.066200 0.053300 0.035600 0.053900 0.085200 0.104600 0.085500 0.092100 0.098000 0.079600 0.053700 0.078700 0.111200 0.060000 0.098200 0.078900 0.071700 0.071800
Daviddeer 0.078200 0.289900 0.084700 0.321600 0.098300 0.078000 0.077700 0.083200 0.078100 0.029000 0.078400 0.047700 0.078800 0.071800 0.089800 0.072000 0.059700 0.054000 0.084000 0.077800 0.083400 0.091500 0.000000 0.011600 0.078300 0.078000 0.078600 0.078100 0.090500 0.084300 0.040600 0.075900 0.091400 0.079000 0.097200 0.059700 0.090200 0.084800 0.077800 0.035100 0.023300 0.096800 0.029100 0.011700 0.060100 0.096600 0.102300 0.096700 0.077900 0.085600 0.078100 0.078100
Reindeer 0.069400 0.274800 0.085000 0.305900 0.085900 0.069400 0.065700 0.071200 0.078400 0.017400 0.066000 0.047900 0.066600 0.059800 0.077700 0.060000 0.047700 0.041900 0.071700 0.078100 0.071400 0.079100 0.011600 0.000000 0.066000 0.066000 0.066400 0.078400 0.078200 0.084600 0.029000 0.063800 0.079100 0.066800 0.084900 0.060000 0.078000 0.072500 0.065700 0.023400 0.023400 0.084600 0.017400 0.000100 0.060400 0.084400 0.090100 0.084500 0.078300 0.073400 0.078400 0.078400
Ibex 0.023800 0.297300 0.084100 0.327500 0.066700 0.023700 0.059900 0.065600 0.071500 0.084700 0.000000 0.040600 0.035700 0.053900 0.071800 0.066600 0.065500 0.046700 0.017700 0.083900 0.078100 0.023900 0.078300 0.066000 0.000000 0.072700 0.041700 0.071500 0.086100 0.077600 0.084000 0.065900 0.084500 0.035800 0.053700 0.052800 0.011600 0.053600 0.072400 0.091200 0.072300 0.092000 0.084700 0.066500 0.053200 0.078500 0.097900 0.066100 0.085100 0.065600 0.071500 0.071500
GyrantGaze 0.072400 0.258100 0.052500 0.344200 0.065800 0.072200 0.064700 0.005600 0.046900 0.071600 0.072900 0.053400 0.071700 0.065000 0.058300 0.005700 0.065400 0.059700 0.066100 0.046700 0.017000 0.085600 0.078000 0.066000 0.072700 0.000000 0.071600 0.046900 0.023100 0.052800 0.071100 0.064500 0.084500 0.072000 0.065000 0.053100 0.084300 0.065200 0.011400 0.078100 0.091000 0.028800 0.071700 0.066500 0.053500 0.083400 0.034500 0.077100 0.064900 0.066200 0.046900 0.046900
Hartebeest 0.041500 0.311900 0.084300 0.331100 0.071900 0.041400 0.059100 0.064600 0.071600 0.084700 0.041800 0.041500 0.005700 0.065500 0.070900 0.065700 0.065900 0.047900 0.035400 0.083900 0.077000 0.054100 0.078600 0.066400 0.041700 0.071600 0.000000 0.071600 0.084800 0.077800 0.084000 0.064900 0.091300 0.005800 0.046800 0.053400 0.053300 0.059000 0.071400 0.091300 0.072500 0.097100 0.084800 0.067000 0.053800 0.077400 0.096500 0.053000 0.083900 0.066500 0.071600 0.071600
Bongo 0.058800 0.257700 0.011500 0.311700 0.065800 0.058700 0.077200 0.052200 0.000000 0.084100 0.071700 0.029300 0.071800 0.071300 0.070500 0.053100 0.053200 0.059700 0.065100 0.011500 0.064400 0.071700 0.078100 0.078400 0.071500 0.046900 0.071600 0.000000 0.071000 0.005700 0.083500 0.070800 0.090600 0.072000 0.065100 0.029100 0.083300 0.052900 0.046700 0.078100 0.084500 0.077700 0.084200 0.079100 0.029300 0.089500 0.070200 0.064800 0.071100 0.066000 0.000000 0.000000
Gerenuk 0.085200 0.292200 0.076800 0.356600 0.091700 0.084900 0.077700 0.028600 0.071000 0.084000 0.086400 0.065600 0.085000 0.078000 0.071000 0.016400 0.077900 0.072100 0.092100 0.065400 0.028700 0.099300 0.090500 0.078200 0.086100 0.023100 0.084800 0.071000 0.000000 0.077100 0.083300 0.077400 0.097300 0.085300 0.065600 0.052700 0.097800 0.078500 0.023100 0.090400 0.104000 0.046800 0.084100 0.078700 0.065700 0.096700 0.034900 0.090100 0.077700 0.078200 0.071000 0.071000
CommonElan 0.064900 0.257300 0.017300 0.319500 0.071900 0.064700 0.083300 0.058100 0.005700 0.090300 0.077900 0.035200 0.077900 0.077400 0.076500 0.059100 0.059200 0.065800 0.071200 0.017300 0.070400 0.077900 0.084300 0.084600 0.077600 0.052800 0.077800 0.005700 0.077100 0.000000 0.089600 0.076900 0.096800 0.078200 0.058900 0.035000 0.089400 0.059000 0.052700 0.084300 0.090800 0.083800 0.090400 0.085300 0.035300 0.095600 0.076300 0.070800 0.077200 0.072200 0.005700 0.005700
MuntiacusR 0.083900 0.278400 0.077600 0.343600 0.078200 0.083600 0.083100 0.076200 0.083500 0.011400 0.084100 0.065500 0.084100 0.077200 0.095100 0.065100 0.077600 0.072000 0.089700 0.083100 0.076400 0.097100 0.040600 0.029000 0.084000 0.071100 0.084000 0.083500 0.083300 0.089600 0.000000 0.069100 0.109800 0.084400 0.089800 0.077500 0.070500 0.065100 0.070800 0.040700 0.052800 0.089600 0.011400 0.029200 0.078000 0.089400 0.095000 0.102000 0.095700 0.078600 0.083500 0.083500
HarveysDui 0.065700 0.271300 0.077200 0.313500 0.083900 0.065400 0.028500 0.069700 0.070800 0.069600 0.066100 0.046900 0.065100 0.022800 0.076000 0.058700 0.057500 0.051400 0.071700 0.070600 0.069900 0.078600 0.075900 0.063800 0.065900 0.064500 0.064900 0.070800 0.077400 0.076900 0.069100 0.000000 0.090100 0.065300 0.083000 0.058800 0.065100 0.071000 0.058300 0.082100 0.089200 0.089400 0.069600 0.064000 0.059200 0.082600 0.082800 0.082600 0.070500 0.076200 0.070800 0.070800
Pronghorn 0.078300 0.310600 0.090200 0.339100 0.111200 0.078100 0.096600 0.089600 0.090600 0.097600 0.084800 0.072400 0.091400 0.090800 0.065000 0.078400 0.065800 0.072700 0.097600 0.096800 0.089800 0.091600 0.091400 0.079100 0.084500 0.084500 0.091300 0.090600 0.097300 0.096800 0.109800 0.090100 0.000000 0.091600 0.097100 0.072000 0.096500 0.097700 0.084200 0.104400 0.097400 0.097200 0.097700 0.079700 0.072500 0.083800 0.109100 0.096400 0.096900 0.085600 0.090600 0.090600
BlueWildeb 0.035700 0.313700 0.084800 0.333400 0.066100 0.035600 0.059400 0.065000 0.072000 0.085100 0.036000 0.041700 0.000000 0.065800 0.071200 0.066000 0.066200 0.048200 0.029600 0.084400 0.077400 0.048200 0.079000 0.066800 0.035800 0.072000 0.005800 0.072000 0.085300 0.078200 0.084400 0.065300 0.091600 0.000000 0.041100 0.053700 0.047500 0.053200 0.071800 0.091800 0.072900 0.097500 0.085200 0.067300 0.054100 0.077800 0.097000 0.053200 0.084300 0.066900 0.072000 0.072000
Gemsbok 0.053500 0.267300 0.077700 0.337400 0.071500 0.053300 0.077200 0.058300 0.065100 0.090500 0.053900 0.059500 0.041000 0.083800 0.076600 0.059200 0.084300 0.066000 0.047300 0.077200 0.070500 0.066200 0.097200 0.084900 0.053700 0.065000 0.046800 0.065100 0.065600 0.058900 0.089800 0.083000 0.097100 0.041100 0.000000 0.047000 0.065200 0.058600 0.064900 0.097300 0.091100 0.090300 0.090500 0.085600 0.059700 0.095800 0.089600 0.058700 0.102400 0.072400 0.065100 0.065100
Yak 0.040500 0.284900 0.041100 0.304500 0.072400 0.040500 0.065100 0.058400 0.029100 0.078100 0.053000 0.011700 0.053500 0.059200 0.052600 0.047200 0.047400 0.053900 0.059200 0.041000 0.058600 0.053300 0.059700 0.060000 0.052800 0.053100 0.053400 0.029100 0.052700 0.035000 0.077500 0.058800 0.072000 0.053700 0.047000 0.000000 0.065000 0.047100 0.052900 0.084700 0.066000 0.077900 0.078300 0.060500 0.011500 0.071200 0.076900 0.058900 0.065200 0.047700 0.029100 0.029100
BlueSheep 0.035500 0.293400 0.083200 0.340200 0.065900 0.035300 0.071500 0.077000 0.083300 0.071100 0.011700 0.052900 0.047300 0.065500 0.083300 0.078300 0.077500 0.059000 0.029400 0.095700 0.089600 0.035600 0.090200 0.078000 0.011600 0.084300 0.053300 0.083300 0.097800 0.089400 0.070500 0.065100 0.096500 0.047500 0.065200 0.065000 0.000000 0.053100 0.084000 0.103100 0.084300 0.103700 0.071100 0.078500 0.065400 0.077600 0.109400 0.077700 0.096700 0.065100 0.083300 0.083300
BohorReedb 0.041200 0.286600 0.052900 0.306300 0.023500 0.041100 0.077500 0.070700 0.052900 0.065700 0.053800 0.035100 0.053000 0.071600 0.077100 0.059300 0.059500 0.066100 0.059700 0.065000 0.070900 0.053900 0.084800 0.072500 0.053600 0.065200 0.059000 0.052900 0.078500 0.059000 0.065100 0.071000 0.097700 0.053200 0.058600 0.047100 0.053100 0.000000 0.065100 0.084700 0.091400 0.090600 0.065700 0.073000 0.047500 0.071200 0.090200 0.083700 0.090200 0.048100 0.052900 0.052900
KirksDik 0.072200 0.257600 0.052400 0.327000 0.078000 0.071900 0.058600 0.016900 0.046700 0.071400 0.072600 0.053200 0.071500 0.058800 0.058100 0.005700 0.053000 0.047300 0.078300 0.046500 0.016900 0.085200 0.077800 0.065700 0.072400 0.011400 0.071400 0.046700 0.023100 0.052700 0.070800 0.058300 0.084200 0.071800 0.064900 0.052900 0.084000 0.065100 0.000000 0.065400 0.090700 0.034600 0.071500 0.066200 0.053300 0.083000 0.022800 0.089200 0.052500 0.065900 0.046700 0.046700
RoeDeer 0.091000 0.272700 0.084700 0.330500 0.098400 0.090700 0.084200 0.083300 0.078100 0.029100 0.091300 0.072500 0.091500 0.078200 0.102600 0.072100 0.059700 0.054000 0.096800 0.077800 0.083500 0.104600 0.035100 0.023400 0.091200 0.078100 0.091300 0.078100 0.090400 0.084300 0.040700 0.082100 0.104400 0.091800 0.097300 0.084700 0.103100 0.084700 0.065400 0.000000 0.047200 0.097000 0.029100 0.023500 0.085300 0.109500 0.089400 0.109600 0.090500 0.098600 0.078100 0.078100
WhiteLippe 0.072300 0.308600 0.090600 0.341500 0.104900 0.072100 0.078000 0.083600 0.084500 0.041100 0.072400 0.053900 0.072600 0.084600 0.083600 0.084900 0.072300 0.054200 0.078100 0.090700 0.096300 0.085500 0.023300 0.023400 0.072300 0.091000 0.072500 0.084500 0.104000 0.090800 0.052800 0.089200 0.097400 0.072900 0.091100 0.066000 0.084300 0.091400 0.090700 0.047200 0.000000 0.110100 0.041100 0.023600 0.066400 0.103200 0.115800 0.090600 0.090800 0.085900 0.084500 0.084500
ThomsonGaz 0.098100 0.292100 0.083800 0.370000 0.097600 0.097700 0.089700 0.034300 0.077700 0.090300 0.092300 0.078300 0.097300 0.083800 0.070500 0.028800 0.077900 0.085000 0.091200 0.077400 0.040200 0.092100 0.096800 0.084600 0.092000 0.028800 0.097100 0.077700 0.046800 0.083800 0.089600 0.089400 0.097200 0.097500 0.090300 0.077900 0.103700 0.090600 0.034600 0.097000 0.110100 0.000000 0.090400 0.085300 0.078400 0.096000 0.058400 0.095900 0.089800 0.091700 0.077700 0.077700
MuntiacusC 0.084600 0.264400 0.078300 0.329300 0.079000 0.084300 0.083800 0.076900 0.084200 0.000000 0.084800 0.066100 0.084900 0.077900 0.096000 0.065700 0.065800 0.060100 0.090400 0.083900 0.077100 0.098000 0.029100 0.017400 0.084700 0.071700 0.084800 0.084200 0.084100 0.090400 0.011400 0.069600 0.097700 0.085200 0.090500 0.078300 0.071100 0.065700 0.071500 0.029100 0.041100 0.090400 0.000000 0.017600 0.078800 0.090300 0.095800 0.103000 0.096600 0.079300 0.084200 0.084200
WhiteTaile 0.066200 0.276300 0.085700 0.308900 0.086600 0.066100 0.066200 0.071800 0.079100 0.017500 0.066500 0.048300 0.067100 0.060200 0.078300 0.060400 0.048100 0.042300 0.072300 0.078700 0.072000 0.079600 0.011700 0.000100 0.066500 0.066500 0.067000 0.079100 0.078700 0.085300 0.029200 0.064000 0.079700 0.067300 0.085600 0.060500 0.078500 0.073000 0.066200 0.023500 0.023600 0.085300 0.017600 0.000000 0.060900 0.085100 0.090700 0.085200 0.078900 0.073900 0.079100 0.079100
Cattle 0.040800 0.278200 0.041400 0.316000 0.072900 0.040700 0.065500 0.058800 0.029300 0.078700 0.053400 0.011700 0.053900 0.059600 0.052900 0.047500 0.047700 0.054200 0.059600 0.041200 0.059000 0.053700 0.060100 0.060400 0.053200 0.053500 0.053800 0.029300 0.065700 0.035300 0.078000 0.059200 0.072500 0.054100 0.059700 0.011500 0.065400 0.047500 0.053300 0.085300 0.066400 0.078400 0.078800 0.060900 0.000000 0.071600 0.077500 0.071700 0.065700 0.048100 0.029300 0.029300
RoyalAntel 0.065800 0.332900 0.089400 0.334400 0.078000 0.065500 0.089100 0.088400 0.089500 0.090200 0.078800 0.059200 0.077600 0.083200 0.070100 0.077400 0.070900 0.077800 0.084500 0.101900 0.088600 0.078700 0.096600 0.084400 0.078500 0.083400 0.077400 0.089500 0.096700 0.095600 0.089400 0.082600 0.083800 0.077800 0.095800 0.071200 0.077600 0.071200 0.083000 0.109500 0.103200 0.096000 0.090300 0.085100 0.071600 0.000000 0.108300 0.082700 0.063900 0.072000 0.089500 0.089500
Steenbok 0.097000 0.272200 0.076000 0.345100 0.103400 0.096700 0.083100 0.039900 0.070200 0.095800 0.098200 0.077400 0.096600 0.083400 0.082500 0.027700 0.077000 0.071200 0.103800 0.064600 0.040000 0.111200 0.102300 0.090100 0.097900 0.034500 0.096500 0.070200 0.034900 0.076300 0.095000 0.082800 0.109100 0.097000 0.089600 0.076900 0.109400 0.090200 0.022800 0.089400 0.115800 0.058400 0.095800 0.090700 0.077500 0.108300 0.000000 0.114600 0.076900 0.090100 0.070200 0.070200
Impala 0.065900 0.299000 0.077200 0.318900 0.084200 0.065700 0.076800 0.070000 0.064800 0.102800 0.066300 0.059200 0.053100 0.083300 0.076100 0.083500 0.071300 0.065800 0.047400 0.076900 0.094800 0.060000 0.096700 0.084500 0.066100 0.077100 0.053000 0.064800 0.090100 0.070800 0.102000 0.082600 0.096400 0.053200 0.058700 0.058900 0.077700 0.083700 0.089200 0.109600 0.090600 0.095900 0.103000 0.085200 0.071700 0.082700 0.114600 0.000000 0.101900 0.078500 0.064800 0.064800
Klipspring 0.072200 0.307200 0.077100 0.316300 0.103500 0.071900 0.070800 0.070000 0.071100 0.096500 0.085400 0.053300 0.084000 0.071000 0.088800 0.058900 0.064900 0.059200 0.091000 0.070800 0.070200 0.098200 0.077900 0.078300 0.085100 0.064900 0.083900 0.071100 0.077700 0.077200 0.095700 0.070500 0.096900 0.084300 0.102400 0.065200 0.096700 0.090200 0.052500 0.090500 0.090800 0.089800 0.096600 0.078900 0.065700 0.063900 0.076900 0.101900 0.000000 0.091200 0.071100 0.071100
ForestMusk 0.065500 0.288100 0.066300 0.334600 0.058100 0.065400 0.078400 0.071500 0.066000 0.079200 0.065800 0.048000 0.066600 0.072300 0.059400 0.060200 0.072800 0.067000 0.071900 0.078300 0.071600 0.078900 0.085600 0.073400 0.065600 0.066200 0.066500 0.066000 0.078200 0.072200 0.078600 0.076200 0.085600 0.066900 0.072400 0.047700 0.065100 0.048100 0.065900 0.098600 0.085900 0.091700 0.079300 0.073900 0.048100 0.072000 0.090100 0.078500 0.091200 0.000000 0.066000 0.066000
Bushbuck 0.058800 0.257700 0.011500 0.311700 0.065800 0.058700 0.077200 0.052200 0.000000 0.084100 0.071700 0.029300 0.071800 0.071300 0.070500 0.053100 0.053200 0.059700 0.065100 0.011500 0.064400 0.071700 0.078100 0.078400 0.071500 0.046900 0.071600 0.000000 0.071000 0.005700 0.083500 0.070800 0.090600 0.072000 0.065100 0.029100 0.083300 0.052900 0.046700 0.078100 0.084500 0.077700 0.084200 0.079100 0.029300 0.089500 0.070200 0.064800 0.071100 0.066000 0.000000 0.000000
GreaterKud 0.058800 0.257800 0.011500 0.311600 0.065800 0.058700 0.077200 0.052200 0.000000 0.084100 0.071700 0.029300 0.071800 0.071300 0.070500 0.053100 0.053200 0.059700 0.065100 0.011500 0.064400 0.071800 0.078100 0.078400 0.071500 0.046900 0.071600 0.000000 0.071000 0.005700 0.083500 0.070800 0.090600 0.072000 0.065100 0.029100 0.083300 0.052900 0.046700 0.078100 0.084500 0.077700 0.084200 0.079100 0.029300 0.089500 0.070200 0.064800 0.071100 0.066000 0.000000 0.000000
