CODONML (in paml version 4.10.7, June 2023)  /home/rachel/ruminants_paml/6406-phy-tree/ENSBTAT00000007309.fasta.phy
Model: free dN/dS Ratios for branches,  kappa = 2.000 fixed

Codon frequency model: F3x4
ns =  54  ls =  38

Codon usage in sequences
--------------------------------------------------------------------------------------------------------------------------------------
Phe TTT   0   0   0   0   0   0 | Ser TCT   0   0   0   1   0   0 | Tyr TAT   0   0   0   0   1   1 | Cys TGT   0   0   0   0   0   0
    TTC   0   0   0   0   0   0 |     TCC   2   1   1   1   1   1 |     TAC   1   1   1   1   0   0 |     TGC   0   0   0   0   0   0
Leu TTA   0   0   0   0   0   0 |     TCA   0   0   1   0   0   0 | *** TAA   0   0   0   0   0   0 | *** TGA   0   0   0   0   0   0
    TTG   0   0   1   0   0   0 |     TCG   0   1   0   0   1   1 |     TAG   0   0   0   0   0   0 | Trp TGG   0   0   0   0   0   0
--------------------------------------------------------------------------------------------------------------------------------------
Leu CTT   0   0   0   0   0   1 | Pro CCT   2   0   1   2   0   0 | His CAT   0   0   0   0   0   0 | Arg CGT   0   0   0   0   0   0
    CTC   2   1   2   2   0   1 |     CCC   0   2   1   0   1   1 |     CAC   1   1   1   1   1   1 |     CGC   0   0   0   0   0   0
    CTA   0   0   0   0   0   0 |     CCA   0   0   0   0   0   0 | Gln CAA   1   1   1   1   1   1 |     CGA   0   0   0   0   0   0
    CTG   2   3   1   2   4   2 |     CCG   0   0   0   0   1   1 |     CAG   2   2   2   2   2   2 |     CGG   0   0   0   0   0   0
--------------------------------------------------------------------------------------------------------------------------------------
Ile ATT   1   1   1   1   1   1 | Thr ACT   0   0   0   0   0   0 | Asn AAT   0   0   0   0   0   1 | Ser AGT   0   1   0   0   1   0
    ATC   0   0   0   0   0   0 |     ACC   1   2   1   1   1   1 |     AAC   1   0   1   1   1   0 |     AGC   1   1   1   1   0   1
    ATA   0   0   0   0   0   0 |     ACA   2   0   2   2   2   2 | Lys AAA   0   0   0   0   0   0 | Arg AGA   1   1   1   1   1   1
Met ATG   3   3   3   3   3   3 |     ACG   1   2   1   1   1   1 |     AAG   1   1   1   1   1   1 |     AGG   1   1   1   1   1   1
--------------------------------------------------------------------------------------------------------------------------------------
Val GTT   0   0   0   0   0   0 | Ala GCT   0   0   0   0   0   1 | Asp GAT   0   0   0   0   0   0 | Gly GGT   0   0   0   0   0   1
    GTC   1   0   1   0   0   0 |     GCC   2   4   2   2   2   1 |     GAC   0   0   0   0   0   0 |     GGC   1   2   1   1   1   0
    GTA   1   1   1   1   0   1 |     GCA   1   1   3   2   3   3 | Glu GAA   1   1   2   1   2   2 |     GGA   1   0   1   1   1   1
    GTG   1   2   1   2   3   2 |     GCG   2   0   0   1   0   0 |     GAG   1   1   0   1   0   0 |     GGG   0   0   0   0   0   0
--------------------------------------------------------------------------------------------------------------------------------------

--------------------------------------------------------------------------------------------------------------------------------------
Phe TTT   0   0   0   0   0   0 | Ser TCT   0   0   0   0   0   0 | Tyr TAT   0   0   0   0   0   0 | Cys TGT   0   0   0   0   0   0
    TTC   0   0   0   0   0   0 |     TCC   2   2   2   2   1   2 |     TAC   1   1   1   1   1   1 |     TGC   0   0   0   0   0   0
Leu TTA   0   0   0   0   0   0 |     TCA   0   0   0   0   1   0 | *** TAA   0   0   0   0   0   0 | *** TGA   0   0   0   0   0   0
    TTG   0   0   0   0   1   0 |     TCG   0   0   0   0   0   0 |     TAG   0   0   0   0   0   0 | Trp TGG   0   0   0   0   0   0
--------------------------------------------------------------------------------------------------------------------------------------
Leu CTT   0   0   0   0   0   0 | Pro CCT   1   2   1   2   1   2 | His CAT   0   0   0   0   0   0 | Arg CGT   0   0   0   0   0   0
    CTC   2   2   2   1   2   2 |     CCC   0   0   0   0   1   0 |     CAC   1   1   1   1   1   1 |     CGC   0   0   0   0   0   0
    CTA   0   0   0   0   0   0 |     CCA   0   0   1   0   0   0 | Gln CAA   1   1   1   2   1   1 |     CGA   0   0   0   0   0   0
    CTG   2   2   2   3   1   2 |     CCG   1   0   0   0   0   0 |     CAG   2   2   2   1   2   2 |     CGG   0   0   0   0   0   0
--------------------------------------------------------------------------------------------------------------------------------------
Ile ATT   1   1   1   0   1   1 | Thr ACT   0   0   0   0   0   0 | Asn AAT   0   0   0   0   0   0 | Ser AGT   0   0   0   0   0   0
    ATC   0   0   0   1   0   0 |     ACC   1   1   1   1   1   1 |     AAC   1   1   1   1   1   1 |     AGC   1   1   1   1   1   1
    ATA   0   0   0   0   0   0 |     ACA   2   2   2   2   2   2 | Lys AAA   0   0   0   0   0   0 | Arg AGA   1   1   1   1   1   1
Met ATG   3   3   3   3   3   3 |     ACG   1   1   1   1   1   1 |     AAG   1   1   1   1   1   1 |     AGG   1   1   1   1   1   1
--------------------------------------------------------------------------------------------------------------------------------------
Val GTT   0   0   0   0   0   0 | Ala GCT   0   0   0   0   0   0 | Asp GAT   0   0   0   0   0   0 | Gly GGT   0   0   0   0   0   0
    GTC   1   1   1   1   1   0 |     GCC   1   2   2   2   2   2 |     GAC   0   0   0   0   0   0 |     GGC   1   1   1   1   1   1
    GTA   1   1   1   1   1   0 |     GCA   3   1   3   3   3   3 | Glu GAA   2   1   2   2   2   2 |     GGA   1   1   1   1   1   1
    GTG   1   1   1   1   1   3 |     GCG   1   2   0   0   0   0 |     GAG   0   1   0   0   0   0 |     GGG   0   0   0   0   0   0
--------------------------------------------------------------------------------------------------------------------------------------

--------------------------------------------------------------------------------------------------------------------------------------
Phe TTT   0   0   0   0   0   0 | Ser TCT   0   0   0   0   0   0 | Tyr TAT   0   0   0   0   0   0 | Cys TGT   0   0   0   0   0   0
    TTC   0   0   0   0   0   0 |     TCC   2   2   2   2   2   2 |     TAC   1   1   1   1   1   1 |     TGC   0   0   0   0   0   0
Leu TTA   0   0   0   0   0   0 |     TCA   0   0   0   0   0   0 | *** TAA   0   0   0   0   0   0 | *** TGA   0   0   0   0   0   0
    TTG   0   0   0   1   0   0 |     TCG   0   0   0   0   0   0 |     TAG   0   0   0   0   0   0 | Trp TGG   0   0   0   0   0   0
--------------------------------------------------------------------------------------------------------------------------------------
Leu CTT   0   0   0   0   0   0 | Pro CCT   2   2   1   2   2   2 | His CAT   0   0   0   0   0   0 | Arg CGT   0   0   0   0   0   0
    CTC   2   2   2   2   2   1 |     CCC   0   0   0   0   0   0 |     CAC   1   1   1   1   1   1 |     CGC   0   0   0   0   0   0
    CTA   0   0   0   0   0   0 |     CCA   0   0   0   0   0   0 | Gln CAA   1   1   1   1   1   1 |     CGA   0   0   0   0   0   0
    CTG   2   2   2   1   2   3 |     CCG   0   0   1   0   0   0 |     CAG   2   2   2   2   2   2 |     CGG   0   0   0   0   0   0
--------------------------------------------------------------------------------------------------------------------------------------
Ile ATT   1   1   1   1   0   0 | Thr ACT   0   0   0   0   0   0 | Asn AAT   0   0   0   0   0   0 | Ser AGT   0   0   0   0   0   0
    ATC   0   0   0   0   1   0 |     ACC   1   1   1   1   1   1 |     AAC   1   1   1   1   1   1 |     AGC   1   1   1   1   1   1
    ATA   0   0   0   0   0   1 |     ACA   2   2   2   2   0   2 | Lys AAA   0   0   0   0   0   0 | Arg AGA   1   1   1   1   1   1
Met ATG   3   3   3   3   3   3 |     ACG   1   1   1   1   3   1 |     AAG   1   1   1   1   1   1 |     AGG   1   1   1   1   1   1
--------------------------------------------------------------------------------------------------------------------------------------
Val GTT   0   0   0   0   0   0 | Ala GCT   0   0   0   0   0   0 | Asp GAT   0   0   0   0   0   0 | Gly GGT   0   0   0   0   0   0
    GTC   1   1   1   1   1   1 |     GCC   2   2   2   2   2   2 |     GAC   0   0   0   0   0   0 |     GGC   1   1   1   1   1   1
    GTA   1   1   1   1   0   1 |     GCA   1   3   2   3   2   3 | Glu GAA   1   2   1   2   2   1 |     GGA   1   1   1   1   1   1
    GTG   1   1   1   1   2   1 |     GCG   2   0   1   0   1   0 |     GAG   1   0   1   0   0   1 |     GGG   0   0   0   0   0   0
--------------------------------------------------------------------------------------------------------------------------------------

--------------------------------------------------------------------------------------------------------------------------------------
Phe TTT   0   0   0   0   0   0 | Ser TCT   0   0   1   0   0   0 | Tyr TAT   0   0   0   0   0   0 | Cys TGT   0   0   0   0   0   0
    TTC   0   0   0   0   0   0 |     TCC   2   2   1   1   2   2 |     TAC   1   1   1   1   1   1 |     TGC   0   0   0   0   0   0
Leu TTA   0   0   0   0   0   0 |     TCA   0   0   0   1   0   0 | *** TAA   0   0   0   0   0   0 | *** TGA   0   0   0   0   0   0
    TTG   0   0   0   1   0   0 |     TCG   0   0   0   0   0   0 |     TAG   0   0   0   0   0   0 | Trp TGG   0   0   0   0   0   0
--------------------------------------------------------------------------------------------------------------------------------------
Leu CTT   0   0   0   0   0   0 | Pro CCT   2   2   2   1   2   2 | His CAT   0   0   0   0   0   0 | Arg CGT   0   0   0   0   0   0
    CTC   2   2   2   2   1   2 |     CCC   0   0   0   1   0   0 |     CAC   1   1   1   1   1   1 |     CGC   0   0   0   0   0   0
    CTA   0   0   0   0   0   0 |     CCA   0   0   0   0   0   0 | Gln CAA   1   1   1   1   1   1 |     CGA   0   0   0   0   0   0
    CTG   2   2   2   1   3   2 |     CCG   0   0   0   0   0   0 |     CAG   2   2   2   2   2   2 |     CGG   0   0   0   0   0   0
--------------------------------------------------------------------------------------------------------------------------------------
Ile ATT   1   1   1   1   1   1 | Thr ACT   0   0   0   0   0   0 | Asn AAT   0   0   0   0   0   0 | Ser AGT   0   0   0   0   0   0
    ATC   0   0   0   0   0   0 |     ACC   1   1   1   1   1   1 |     AAC   1   1   1   1   1   1 |     AGC   1   1   1   1   1   1
    ATA   0   0   0   0   0   0 |     ACA   3   2   2   2   2   2 | Lys AAA   0   0   0   0   0   0 | Arg AGA   1   1   1   1   1   1
Met ATG   3   3   3   3   3   3 |     ACG   0   1   1   1   1   1 |     AAG   1   1   1   1   1   1 |     AGG   1   1   1   1   1   1
--------------------------------------------------------------------------------------------------------------------------------------
Val GTT   0   0   0   0   0   0 | Ala GCT   0   0   0   0   0   0 | Asp GAT   0   0   0   0   0   0 | Gly GGT   0   0   0   0   0   0
    GTC   0   0   1   1   1   1 |     GCC   2   3   2   2   2   2 |     GAC   0   0   0   0   0   0 |     GGC   1   1   1   1   1   1
    GTA   1   1   1   1   1   1 |     GCA   3   2   1   3   3   2 | Glu GAA   2   2   1   2   2   1 |     GGA   1   1   1   1   1   1
    GTG   2   2   1   1   1   1 |     GCG   0   0   2   0   0   1 |     GAG   0   0   1   0   0   1 |     GGG   0   0   0   0   0   0
--------------------------------------------------------------------------------------------------------------------------------------

--------------------------------------------------------------------------------------------------------------------------------------
Phe TTT   0   0   0   0   0   0 | Ser TCT   0   0   0   0   0   0 | Tyr TAT   0   0   0   0   0   0 | Cys TGT   0   0   0   0   0   0
    TTC   0   0   0   0   0   0 |     TCC   2   2   2   2   2   1 |     TAC   1   1   1   1   1   1 |     TGC   0   0   0   0   0   0
Leu TTA   0   0   0   0   0   0 |     TCA   0   0   0   0   0   1 | *** TAA   0   0   0   0   0   0 | *** TGA   0   0   0   0   0   0
    TTG   0   0   0   0   0   1 |     TCG   0   0   0   0   0   0 |     TAG   0   0   0   0   0   0 | Trp TGG   0   0   0   0   0   0
--------------------------------------------------------------------------------------------------------------------------------------
Leu CTT   0   0   0   0   0   0 | Pro CCT   2   2   2   2   1   1 | His CAT   0   0   0   0   0   0 | Arg CGT   0   0   0   0   0   0
    CTC   2   2   2   1   2   2 |     CCC   0   0   0   0   0   1 |     CAC   1   1   1   1   1   1 |     CGC   0   0   0   0   0   0
    CTA   0   0   0   0   0   0 |     CCA   0   0   0   0   0   0 | Gln CAA   1   1   1   1   1   1 |     CGA   0   0   0   0   0   0
    CTG   2   2   2   3   2   1 |     CCG   0   0   0   0   1   0 |     CAG   2   2   2   2   2   2 |     CGG   0   0   0   0   0   0
--------------------------------------------------------------------------------------------------------------------------------------
Ile ATT   1   1   1   0   1   1 | Thr ACT   0   0   0   0   0   0 | Asn AAT   0   0   0   0   0   0 | Ser AGT   0   0   0   0   0   0
    ATC   0   0   0   1   0   0 |     ACC   1   1   1   1   1   1 |     AAC   1   1   1   1   1   1 |     AGC   1   1   1   1   1   1
    ATA   0   0   0   0   0   0 |     ACA   3   2   2   2   2   2 | Lys AAA   0   0   0   0   0   0 | Arg AGA   1   1   1   1   1   1
Met ATG   3   3   3   3   3   3 |     ACG   0   1   1   1   1   1 |     AAG   1   1   1   1   1   1 |     AGG   1   1   1   1   1   1
--------------------------------------------------------------------------------------------------------------------------------------
Val GTT   0   0   0   0   0   0 | Ala GCT   0   0   0   0   0   0 | Asp GAT   0   0   0   0   0   0 | Gly GGT   0   0   0   0   0   0
    GTC   0   0   1   1   1   1 |     GCC   2   2   2   2   2   2 |     GAC   0   0   0   0   0   0 |     GGC   1   1   1   1   1   1
    GTA   0   0   1   1   1   1 |     GCA   3   3   1   3   2   3 | Glu GAA   2   2   1   2   1   2 |     GGA   1   1   1   1   1   1
    GTG   3   3   1   1   1   1 |     GCG   0   0   2   0   1   0 |     GAG   0   0   1   0   1   0 |     GGG   0   0   0   0   0   0
--------------------------------------------------------------------------------------------------------------------------------------

--------------------------------------------------------------------------------------------------------------------------------------
Phe TTT   0   0   0   0   0   0 | Ser TCT   0   0   0   1   0   0 | Tyr TAT   0   0   0   0   0   0 | Cys TGT   0   0   0   0   0   0
    TTC   0   0   0   0   0   0 |     TCC   2   1   2   1   2   2 |     TAC   1   1   1   1   1   1 |     TGC   0   0   0   0   0   0
Leu TTA   0   0   0   0   0   0 |     TCA   0   1   0   0   0   0 | *** TAA   0   0   0   0   0   0 | *** TGA   0   0   0   0   0   0
    TTG   0   1   0   0   0   0 |     TCG   0   0   0   0   0   0 |     TAG   0   0   0   0   0   0 | Trp TGG   0   0   0   0   0   0
--------------------------------------------------------------------------------------------------------------------------------------
Leu CTT   0   0   0   0   0   0 | Pro CCT   2   1   2   2   2   1 | His CAT   0   0   0   0   0   0 | Arg CGT   0   0   0   0   0   0
    CTC   1   2   2   2   2   2 |     CCC   0   1   0   0   0   0 |     CAC   1   1   1   1   1   1 |     CGC   0   0   0   0   0   0
    CTA   0   0   0   0   0   0 |     CCA   0   0   0   0   0   0 | Gln CAA   1   1   1   1   0   1 |     CGA   0   0   0   0   0   0
    CTG   3   1   2   2   2   2 |     CCG   0   0   0   0   0   1 |     CAG   2   2   2   2   3   2 |     CGG   0   0   0   0   0   0
--------------------------------------------------------------------------------------------------------------------------------------
Ile ATT   1   1   1   1   1   1 | Thr ACT   0   0   0   0   0   0 | Asn AAT   0   0   0   0   0   0 | Ser AGT   0   0   0   0   0   0
    ATC   0   0   0   0   0   0 |     ACC   1   1   1   1   2   1 |     AAC   1   1   1   1   1   1 |     AGC   1   1   1   1   1   1
    ATA   0   0   0   0   0   0 |     ACA   2   2   2   2   1   3 | Lys AAA   0   0   0   0   0   0 | Arg AGA   1   1   1   1   1   1
Met ATG   3   3   3   3   3   3 |     ACG   1   1   1   1   1   0 |     AAG   1   1   1   1   1   1 |     AGG   1   1   1   1   1   1
--------------------------------------------------------------------------------------------------------------------------------------
Val GTT   0   0   0   0   0   0 | Ala GCT   0   0   0   0   0   0 | Asp GAT   0   0   0   0   0   0 | Gly GGT   0   0   0   0   0   0
    GTC   1   1   0   1   0   1 |     GCC   2   2   2   2   2   2 |     GAC   0   0   0   0   0   0 |     GGC   1   1   1   1   1   1
    GTA   1   1   0   1   1   1 |     GCA   3   3   3   3   2   2 | Glu GAA   2   2   2   2   1   1 |     GGA   1   1   1   1   1   1
    GTG   1   1   3   1   2   1 |     GCG   0   0   0   0   1   1 |     GAG   0   0   0   0   1   1 |     GGG   0   0   0   0   0   0
--------------------------------------------------------------------------------------------------------------------------------------

--------------------------------------------------------------------------------------------------------------------------------------
Phe TTT   0   0   0   0   0   0 | Ser TCT   0   0   0   0   0   0 | Tyr TAT   0   0   0   0   0   0 | Cys TGT   0   0   0   0   0   0
    TTC   0   0   0   0   0   0 |     TCC   2   2   2   2   2   2 |     TAC   1   1   1   1   1   1 |     TGC   0   0   0   0   0   0
Leu TTA   0   0   0   0   0   0 |     TCA   0   0   0   0   0   0 | *** TAA   0   0   0   0   0   0 | *** TGA   0   0   0   0   0   0
    TTG   0   0   0   0   0   0 |     TCG   0   0   0   0   0   0 |     TAG   0   0   0   0   0   0 | Trp TGG   0   0   0   0   0   0
--------------------------------------------------------------------------------------------------------------------------------------
Leu CTT   0   0   0   0   0   0 | Pro CCT   2   2   2   1   2   2 | His CAT   0   0   0   0   0   0 | Arg CGT   0   0   0   0   0   0
    CTC   2   2   2   2   1   2 |     CCC   0   0   0   0   0   0 |     CAC   1   1   1   1   1   1 |     CGC   0   0   0   0   0   0
    CTA   0   0   0   0   0   0 |     CCA   0   0   0   0   0   0 | Gln CAA   1   1   1   1   1   1 |     CGA   0   0   0   0   0   0
    CTG   2   2   2   2   3   2 |     CCG   0   0   0   1   0   0 |     CAG   2   2   2   2   2   2 |     CGG   0   0   0   0   0   0
--------------------------------------------------------------------------------------------------------------------------------------
Ile ATT   1   1   1   1   0   1 | Thr ACT   0   0   0   0   0   0 | Asn AAT   0   0   0   0   0   0 | Ser AGT   0   0   0   0   0   0
    ATC   0   0   0   0   1   0 |     ACC   1   1   1   1   1   1 |     AAC   1   1   1   1   1   1 |     AGC   1   1   1   1   1   1
    ATA   0   0   0   0   0   0 |     ACA   2   2   2   2   2   2 | Lys AAA   0   0   0   0   0   0 | Arg AGA   1   1   1   1   1   1
Met ATG   3   3   3   3   3   3 |     ACG   1   1   1   1   1   1 |     AAG   1   1   1   1   1   1 |     AGG   1   1   1   1   1   1
--------------------------------------------------------------------------------------------------------------------------------------
Val GTT   1   0   0   1   0   0 | Ala GCT   0   0   0   0   0   0 | Asp GAT   0   0   0   0   0   0 | Gly GGT   0   0   0   0   0   0
    GTC   0   1   1   0   1   0 |     GCC   2   2   2   1   2   2 |     GAC   0   0   0   0   0   0 |     GGC   1   1   1   1   1   1
    GTA   1   1   1   1   1   0 |     GCA   3   3   1   3   3   3 | Glu GAA   1   2   1   2   2   2 |     GGA   1   1   1   1   1   1
    GTG   1   1   1   1   1   3 |     GCG   0   0   2   1   0   0 |     GAG   1   0   1   0   0   0 |     GGG   0   0   0   0   0   0
--------------------------------------------------------------------------------------------------------------------------------------

--------------------------------------------------------------------------------------------------------------------------------------
Phe TTT   0   0   0   0   0   0 | Ser TCT   0   0   0   0   0   1 | Tyr TAT   0   0   0   0   0   0 | Cys TGT   0   0   0   0   0   0
    TTC   0   0   0   0   0   0 |     TCC   2   2   2   2   2   1 |     TAC   1   1   1   1   1   1 |     TGC   0   0   0   0   0   0
Leu TTA   0   0   0   0   0   0 |     TCA   0   0   0   0   0   0 | *** TAA   0   0   0   0   0   0 | *** TGA   0   0   0   0   0   0
    TTG   0   0   0   0   0   0 |     TCG   0   0   0   0   0   0 |     TAG   0   0   0   0   0   0 | Trp TGG   0   0   0   0   0   0
--------------------------------------------------------------------------------------------------------------------------------------
Leu CTT   0   0   1   0   0   0 | Pro CCT   2   2   2   2   2   2 | His CAT   0   0   0   0   0   0 | Arg CGT   0   0   0   0   0   0
    CTC   2   1   1   2   2   2 |     CCC   0   0   0   0   0   0 |     CAC   1   1   1   1   1   1 |     CGC   0   0   0   0   0   0
    CTA   0   0   0   0   0   0 |     CCA   0   0   0   0   0   0 | Gln CAA   1   1   1   1   1   1 |     CGA   0   0   0   0   0   0
    CTG   2   3   2   2   2   2 |     CCG   0   0   0   0   0   0 |     CAG   2   2   2   2   2   2 |     CGG   0   0   0   0   0   0
--------------------------------------------------------------------------------------------------------------------------------------
Ile ATT   1   1   1   1   1   1 | Thr ACT   0   0   0   0   0   0 | Asn AAT   0   0   0   0   0   0 | Ser AGT   0   0   0   0   0   0
    ATC   0   0   0   0   0   0 |     ACC   1   1   1   1   1   2 |     AAC   1   1   1   1   1   1 |     AGC   1   1   1   1   1   1
    ATA   0   0   0   0   0   0 |     ACA   2   2   2   2   2   2 | Lys AAA   0   0   0   0   0   0 | Arg AGA   1   1   1   1   1   1
Met ATG   3   3   3   3   3   3 |     ACG   1   1   1   1   1   0 |     AAG   1   1   1   1   1   1 |     AGG   1   1   1   1   1   1
--------------------------------------------------------------------------------------------------------------------------------------
Val GTT   0   0   0   0   0   0 | Ala GCT   0   0   0   0   0   0 | Asp GAT   0   0   0   0   0   0 | Gly GGT   0   0   0   0   0   0
    GTC   0   1   0   0   1   1 |     GCC   2   2   2   2   2   2 |     GAC   0   0   0   0   0   0 |     GGC   1   1   1   1   1   1
    GTA   0   1   0   0   1   1 |     GCA   3   3   3   3   3   3 | Glu GAA   2   2   2   2   2   2 |     GGA   1   1   1   1   1   1
    GTG   3   1   3   3   1   1 |     GCG   0   0   0   0   0   0 |     GAG   0   0   0   0   0   0 |     GGG   0   0   0   0   0   0
--------------------------------------------------------------------------------------------------------------------------------------

--------------------------------------------------------------------------------------------------------------------------------------
Phe TTT   0   0   0   0   0   0 | Ser TCT   0   0   1   0   0   0 | Tyr TAT   0   0   0   0   0   0 | Cys TGT   0   0   0   0   0   0
    TTC   0   0   0   0   0   0 |     TCC   2   2   1   2   1   1 |     TAC   1   1   1   1   1   1 |     TGC   0   0   0   0   0   0
Leu TTA   0   0   0   0   0   0 |     TCA   0   0   0   0   1   1 | *** TAA   0   0   0   0   0   0 | *** TGA   0   0   0   0   0   0
    TTG   0   0   0   0   1   1 |     TCG   0   0   0   0   0   0 |     TAG   0   0   0   0   0   0 | Trp TGG   0   0   0   0   0   0
--------------------------------------------------------------------------------------------------------------------------------------
Leu CTT   0   0   0   0   0   0 | Pro CCT   1   2   2   2   1   1 | His CAT   0   0   0   0   0   0 | Arg CGT   0   0   0   0   0   0
    CTC   1   0   2   2   2   2 |     CCC   1   0   0   0   1   1 |     CAC   1   1   1   1   1   1 |     CGC   0   0   0   0   0   0
    CTA   0   0   0   0   0   0 |     CCA   0   0   0   0   0   0 | Gln CAA   1   1   1   1   1   1 |     CGA   0   0   0   0   0   0
    CTG   3   4   2   2   1   1 |     CCG   0   0   0   0   0   0 |     CAG   2   2   2   2   2   2 |     CGG   0   0   0   0   0   0
--------------------------------------------------------------------------------------------------------------------------------------
Ile ATT   1   1   1   1   1   1 | Thr ACT   0   0   0   0   0   0 | Asn AAT   0   0   0   0   0   0 | Ser AGT   0   0   0   0   0   0
    ATC   0   0   0   0   0   0 |     ACC   1   1   1   1   1   1 |     AAC   1   1   1   1   1   1 |     AGC   1   1   1   1   1   1
    ATA   0   0   0   0   0   0 |     ACA   2   2   3   2   2   2 | Lys AAA   0   0   0   0   0   0 | Arg AGA   1   1   1   1   1   1
Met ATG   3   3   3   3   3   3 |     ACG   1   1   0   1   1   1 |     AAG   1   1   1   1   1   1 |     AGG   1   1   1   1   1   1
--------------------------------------------------------------------------------------------------------------------------------------
Val GTT   0   2   0   0   0   0 | Ala GCT   0   0   0   0   0   0 | Asp GAT   0   0   0   0   0   0 | Gly GGT   0   0   0   0   0   0
    GTC   1   0   1   0   1   1 |     GCC   2   2   2   2   2   2 |     GAC   0   0   0   0   0   0 |     GGC   1   1   1   1   1   1
    GTA   1   0   1   1   1   1 |     GCA   3   3   3   2   3   3 | Glu GAA   1   2   2   1   2   2 |     GGA   1   1   1   1   1   1
    GTG   1   1   1   2   1   1 |     GCG   0   0   0   1   0   0 |     GAG   1   0   0   1   0   0 |     GGG   0   0   0   0   0   0
--------------------------------------------------------------------------------------------------------------------------------------

Codon position x base (3x4) table for each sequence.

#1: Argali         
position  1:    T:0.07895    C:0.26316    A:0.34211    G:0.31579
position  2:    T:0.28947    C:0.34211    A:0.23684    G:0.13158
position  3:    T:0.07895    C:0.34211    A:0.21053    G:0.36842
Average         T:0.14912    C:0.31579    A:0.26316    G:0.27193

#2: LesserMouseDeer
position  1:    T:0.07895    C:0.26316    A:0.34211    G:0.31579
position  2:    T:0.28947    C:0.34211    A:0.21053    G:0.15789
position  3:    T:0.05263    C:0.39474    A:0.13158    G:0.42105
Average         T:0.14035    C:0.33333    A:0.22807    G:0.29825

#3: LesserKudu     
position  1:    T:0.10526    C:0.23684    A:0.34211    G:0.31579
position  2:    T:0.28947    C:0.34211    A:0.23684    G:0.13158
position  3:    T:0.05263    C:0.34211    A:0.31579    G:0.28947
Average         T:0.14912    C:0.30702    A:0.29825    G:0.24561

#4: ForestMuskDeer2
position  1:    T:0.07895    C:0.26316    A:0.34211    G:0.31579
position  2:    T:0.28947    C:0.34211    A:0.23684    G:0.13158
position  3:    T:0.10526    C:0.28947    A:0.23684    G:0.36842
Average         T:0.15789    C:0.29825    A:0.27193    G:0.27193

#5: Camel          
position  1:    T:0.07895    C:0.26316    A:0.34211    G:0.31579
position  2:    T:0.28947    C:0.34211    A:0.23684    G:0.13158
position  3:    T:0.07895    C:0.21053    A:0.26316    G:0.44737
Average         T:0.14912    C:0.27193    A:0.28070    G:0.29825

#6: KillerWhale    
position  1:    T:0.07895    C:0.26316    A:0.34211    G:0.31579
position  2:    T:0.28947    C:0.34211    A:0.23684    G:0.13158
position  3:    T:0.15789    C:0.18421    A:0.28947    G:0.36842
Average         T:0.17544    C:0.26316    A:0.28947    G:0.27193

#7: DefassaWaterbuck
position  1:    T:0.07895    C:0.26316    A:0.34211    G:0.31579
position  2:    T:0.28947    C:0.34211    A:0.23684    G:0.13158
position  3:    T:0.05263    C:0.31579    A:0.28947    G:0.34211
Average         T:0.14035    C:0.30702    A:0.28947    G:0.26316

#8: Sheep          
position  1:    T:0.07895    C:0.26316    A:0.34211    G:0.31579
position  2:    T:0.28947    C:0.34211    A:0.23684    G:0.13158
position  3:    T:0.07895    C:0.34211    A:0.21053    G:0.36842
Average         T:0.14912    C:0.31579    A:0.26316    G:0.27193

#9: MaxwellsDuiker 
position  1:    T:0.07895    C:0.26316    A:0.34211    G:0.31579
position  2:    T:0.28947    C:0.34211    A:0.23684    G:0.13158
position  3:    T:0.05263    C:0.34211    A:0.31579    G:0.28947
Average         T:0.14035    C:0.31579    A:0.29825    G:0.24561

#10: GazellaPrzewalskyi
position  1:    T:0.07895    C:0.26316    A:0.34211    G:0.31579
position  2:    T:0.28947    C:0.34211    A:0.23684    G:0.13158
position  3:    T:0.05263    C:0.34211    A:0.31579    G:0.28947
Average         T:0.14035    C:0.31579    A:0.29825    G:0.24561

#11: MountainNyala  
position  1:    T:0.10526    C:0.23684    A:0.34211    G:0.31579
position  2:    T:0.28947    C:0.34211    A:0.23684    G:0.13158
position  3:    T:0.05263    C:0.34211    A:0.31579    G:0.28947
Average         T:0.14912    C:0.30702    A:0.29825    G:0.24561

#12: MuntiacusMuntjak
position  1:    T:0.07895    C:0.26316    A:0.34211    G:0.31579
position  2:    T:0.28947    C:0.34211    A:0.23684    G:0.13158
position  3:    T:0.07895    C:0.31579    A:0.26316    G:0.34211
Average         T:0.14912    C:0.30702    A:0.28070    G:0.26316

#13: goat           
position  1:    T:0.07895    C:0.26316    A:0.34211    G:0.31579
position  2:    T:0.28947    C:0.34211    A:0.23684    G:0.13158
position  3:    T:0.07895    C:0.34211    A:0.21053    G:0.36842
Average         T:0.14912    C:0.31579    A:0.26316    G:0.27193

#14: AfricanBuffalo 
position  1:    T:0.07895    C:0.26316    A:0.34211    G:0.31579
position  2:    T:0.28947    C:0.34211    A:0.23684    G:0.13158
position  3:    T:0.07895    C:0.34211    A:0.28947    G:0.28947
Average         T:0.14912    C:0.31579    A:0.28947    G:0.24561

#15: Topi           
position  1:    T:0.07895    C:0.26316    A:0.34211    G:0.31579
position  2:    T:0.28947    C:0.34211    A:0.23684    G:0.13158
position  3:    T:0.05263    C:0.34211    A:0.23684    G:0.36842
Average         T:0.14035    C:0.31579    A:0.27193    G:0.27193

#16: CommonDuiker   
position  1:    T:0.10526    C:0.23684    A:0.34211    G:0.31579
position  2:    T:0.28947    C:0.34211    A:0.23684    G:0.13158
position  3:    T:0.07895    C:0.34211    A:0.28947    G:0.28947
Average         T:0.15789    C:0.30702    A:0.28947    G:0.24561

#17: Suni           
position  1:    T:0.07895    C:0.26316    A:0.34211    G:0.31579
position  2:    T:0.28947    C:0.34211    A:0.23684    G:0.13158
position  3:    T:0.05263    C:0.36842    A:0.18421    G:0.39474
Average         T:0.14035    C:0.32456    A:0.25439    G:0.28070

#18: Springbuck     
position  1:    T:0.07895    C:0.26316    A:0.34211    G:0.31579
position  2:    T:0.28947    C:0.34211    A:0.23684    G:0.13158
position  3:    T:0.05263    C:0.31579    A:0.28947    G:0.34211
Average         T:0.14035    C:0.30702    A:0.28947    G:0.26316

#19: Okapi          
position  1:    T:0.07895    C:0.26316    A:0.34211    G:0.31579
position  2:    T:0.28947    C:0.34211    A:0.23684    G:0.13158
position  3:    T:0.07895    C:0.31579    A:0.31579    G:0.28947
Average         T:0.14912    C:0.30702    A:0.29825    G:0.24561

#20: Giraffe        
position  1:    T:0.07895    C:0.26316    A:0.34211    G:0.31579
position  2:    T:0.28947    C:0.34211    A:0.23684    G:0.13158
position  3:    T:0.07895    C:0.34211    A:0.26316    G:0.31579
Average         T:0.14912    C:0.31579    A:0.28070    G:0.25439

#21: TibetanAntelope
position  1:    T:0.07895    C:0.26316    A:0.34211    G:0.31579
position  2:    T:0.28947    C:0.34211    A:0.23684    G:0.13158
position  3:    T:0.10526    C:0.31579    A:0.21053    G:0.36842
Average         T:0.15789    C:0.30702    A:0.26316    G:0.27193

#22: Sitatunga      
position  1:    T:0.10526    C:0.23684    A:0.34211    G:0.31579
position  2:    T:0.28947    C:0.34211    A:0.23684    G:0.13158
position  3:    T:0.05263    C:0.34211    A:0.31579    G:0.28947
Average         T:0.14912    C:0.30702    A:0.29825    G:0.24561

#23: Oribi          
position  1:    T:0.07895    C:0.26316    A:0.34211    G:0.31579
position  2:    T:0.28947    C:0.34211    A:0.23684    G:0.13158
position  3:    T:0.07895    C:0.31579    A:0.28947    G:0.31579
Average         T:0.14912    C:0.30702    A:0.28947    G:0.25439

#24: BarbarySheep   
position  1:    T:0.07895    C:0.26316    A:0.34211    G:0.31579
position  2:    T:0.28947    C:0.34211    A:0.23684    G:0.13158
position  3:    T:0.07895    C:0.34211    A:0.23684    G:0.34211
Average         T:0.14912    C:0.31579    A:0.27193    G:0.26316

#25: Daviddeer      
position  1:    T:0.07895    C:0.26316    A:0.34211    G:0.31579
position  2:    T:0.28947    C:0.34211    A:0.23684    G:0.13158
position  3:    T:0.07895    C:0.31579    A:0.28947    G:0.31579
Average         T:0.14912    C:0.30702    A:0.28947    G:0.25439

#26: Reindeer       
position  1:    T:0.07895    C:0.26316    A:0.34211    G:0.31579
position  2:    T:0.28947    C:0.34211    A:0.23684    G:0.13158
position  3:    T:0.07895    C:0.31579    A:0.26316    G:0.34211
Average         T:0.14912    C:0.30702    A:0.28070    G:0.26316

#27: Ibex           
position  1:    T:0.07895    C:0.26316    A:0.34211    G:0.31579
position  2:    T:0.28947    C:0.34211    A:0.23684    G:0.13158
position  3:    T:0.07895    C:0.34211    A:0.21053    G:0.36842
Average         T:0.14912    C:0.31579    A:0.26316    G:0.27193

#28: GyrantGazelle  
position  1:    T:0.07895    C:0.26316    A:0.34211    G:0.31579
position  2:    T:0.28947    C:0.34211    A:0.23684    G:0.13158
position  3:    T:0.05263    C:0.34211    A:0.28947    G:0.31579
Average         T:0.14035    C:0.31579    A:0.28947    G:0.25439

#29: Hartebeest     
position  1:    T:0.07895    C:0.26316    A:0.34211    G:0.31579
position  2:    T:0.28947    C:0.34211    A:0.23684    G:0.13158
position  3:    T:0.05263    C:0.34211    A:0.23684    G:0.36842
Average         T:0.14035    C:0.31579    A:0.27193    G:0.27193

#30: Bongo          
position  1:    T:0.10526    C:0.23684    A:0.34211    G:0.31579
position  2:    T:0.28947    C:0.34211    A:0.23684    G:0.13158
position  3:    T:0.05263    C:0.34211    A:0.31579    G:0.28947
Average         T:0.14912    C:0.30702    A:0.29825    G:0.24561

#31: Gerenuk        
position  1:    T:0.07895    C:0.26316    A:0.34211    G:0.31579
position  2:    T:0.28947    C:0.34211    A:0.23684    G:0.13158
position  3:    T:0.07895    C:0.31579    A:0.28947    G:0.31579
Average         T:0.14912    C:0.30702    A:0.28947    G:0.25439

#32: CommonEland    
position  1:    T:0.10526    C:0.23684    A:0.34211    G:0.31579
position  2:    T:0.28947    C:0.34211    A:0.23684    G:0.13158
position  3:    T:0.05263    C:0.34211    A:0.31579    G:0.28947
Average         T:0.14912    C:0.30702    A:0.29825    G:0.24561

#33: MuntiacusReevesi
position  1:    T:0.07895    C:0.26316    A:0.34211    G:0.31579
position  2:    T:0.28947    C:0.34211    A:0.23684    G:0.13158
position  3:    T:0.07895    C:0.31579    A:0.26316    G:0.34211
Average         T:0.14912    C:0.30702    A:0.28070    G:0.26316

#34: HarveysDuiker  
position  1:    T:0.07895    C:0.26316    A:0.34211    G:0.31579
position  2:    T:0.28947    C:0.34211    A:0.23684    G:0.13158
position  3:    T:0.10526    C:0.31579    A:0.28947    G:0.28947
Average         T:0.15789    C:0.30702    A:0.28947    G:0.24561

#35: Pronghorn      
position  1:    T:0.07895    C:0.26316    A:0.34211    G:0.31579
position  2:    T:0.28947    C:0.34211    A:0.23684    G:0.13158
position  3:    T:0.07895    C:0.34211    A:0.18421    G:0.39474
Average         T:0.14912    C:0.31579    A:0.25439    G:0.28070

#36: BlueWildebeest 
position  1:    T:0.07895    C:0.26316    A:0.34211    G:0.31579
position  2:    T:0.28947    C:0.34211    A:0.23684    G:0.13158
position  3:    T:0.05263    C:0.34211    A:0.26316    G:0.34211
Average         T:0.14035    C:0.31579    A:0.28070    G:0.26316

#37: Gemsbok        
position  1:    T:0.07895    C:0.26316    A:0.34211    G:0.31579
position  2:    T:0.28947    C:0.34211    A:0.23684    G:0.13158
position  3:    T:0.10526    C:0.31579    A:0.26316    G:0.31579
Average         T:0.15789    C:0.30702    A:0.28070    G:0.25439

#38: Yak            
position  1:    T:0.07895    C:0.26316    A:0.34211    G:0.31579
position  2:    T:0.28947    C:0.34211    A:0.23684    G:0.13158
position  3:    T:0.07895    C:0.34211    A:0.28947    G:0.28947
Average         T:0.14912    C:0.31579    A:0.28947    G:0.24561

#39: BlueSheep      
position  1:    T:0.07895    C:0.26316    A:0.34211    G:0.31579
position  2:    T:0.28947    C:0.34211    A:0.23684    G:0.13158
position  3:    T:0.07895    C:0.34211    A:0.21053    G:0.36842
Average         T:0.14912    C:0.31579    A:0.26316    G:0.27193

#40: BohorReedbuck  
position  1:    T:0.07895    C:0.26316    A:0.34211    G:0.31579
position  2:    T:0.28947    C:0.34211    A:0.23684    G:0.13158
position  3:    T:0.07895    C:0.28947    A:0.28947    G:0.34211
Average         T:0.14912    C:0.29825    A:0.28947    G:0.26316

#41: KirksDik       
position  1:    T:0.07895    C:0.26316    A:0.34211    G:0.31579
position  2:    T:0.28947    C:0.34211    A:0.23684    G:0.13158
position  3:    T:0.05263    C:0.34211    A:0.28947    G:0.31579
Average         T:0.14035    C:0.31579    A:0.28947    G:0.25439

#42: RoeDeer        
position  1:    T:0.07895    C:0.26316    A:0.34211    G:0.31579
position  2:    T:0.28947    C:0.34211    A:0.23684    G:0.13158
position  3:    T:0.07895    C:0.31579    A:0.26316    G:0.34211
Average         T:0.14912    C:0.30702    A:0.28070    G:0.26316

#43: WhiteLippedDeer
position  1:    T:0.07895    C:0.26316    A:0.34211    G:0.31579
position  2:    T:0.28947    C:0.34211    A:0.23684    G:0.13158
position  3:    T:0.07895    C:0.31579    A:0.26316    G:0.34211
Average         T:0.14912    C:0.30702    A:0.28070    G:0.26316

#44: ThomsonGazelle 
position  1:    T:0.07895    C:0.26316    A:0.34211    G:0.31579
position  2:    T:0.28947    C:0.34211    A:0.23684    G:0.13158
position  3:    T:0.07895    C:0.31579    A:0.28947    G:0.31579
Average         T:0.14912    C:0.30702    A:0.28947    G:0.25439

#45: MuntiacusCrinifrons
position  1:    T:0.07895    C:0.26316    A:0.34211    G:0.31579
position  2:    T:0.28947    C:0.34211    A:0.23684    G:0.13158
position  3:    T:0.10526    C:0.28947    A:0.26316    G:0.34211
Average         T:0.15789    C:0.29825    A:0.28070    G:0.26316

#46: WhiteTailedDeer
position  1:    T:0.07895    C:0.26316    A:0.34211    G:0.31579
position  2:    T:0.28947    C:0.34211    A:0.23684    G:0.13158
position  3:    T:0.07895    C:0.31579    A:0.26316    G:0.34211
Average         T:0.14912    C:0.30702    A:0.28070    G:0.26316

#47: Cattle         
position  1:    T:0.07895    C:0.26316    A:0.34211    G:0.31579
position  2:    T:0.28947    C:0.34211    A:0.23684    G:0.13158
position  3:    T:0.07895    C:0.34211    A:0.28947    G:0.28947
Average         T:0.14912    C:0.31579    A:0.28947    G:0.24561

#48: RoyalAntelope  
position  1:    T:0.07895    C:0.26316    A:0.34211    G:0.31579
position  2:    T:0.28947    C:0.34211    A:0.23684    G:0.13158
position  3:    T:0.10526    C:0.34211    A:0.28947    G:0.26316
Average         T:0.15789    C:0.31579    A:0.28947    G:0.23684

#49: Steenbok       
position  1:    T:0.07895    C:0.26316    A:0.34211    G:0.31579
position  2:    T:0.28947    C:0.34211    A:0.23684    G:0.13158
position  3:    T:0.05263    C:0.34211    A:0.26316    G:0.34211
Average         T:0.14035    C:0.31579    A:0.28070    G:0.26316

#50: Impala         
position  1:    T:0.07895    C:0.26316    A:0.34211    G:0.31579
position  2:    T:0.28947    C:0.34211    A:0.23684    G:0.13158
position  3:    T:0.13158    C:0.26316    A:0.26316    G:0.34211
Average         T:0.16667    C:0.28947    A:0.28070    G:0.26316

#51: Klipspringer   
position  1:    T:0.07895    C:0.26316    A:0.34211    G:0.31579
position  2:    T:0.28947    C:0.34211    A:0.23684    G:0.13158
