1
52 1
Argali 0.000000 0.247800 0.109400 0.318700 0.074100 0.015800 0.106500 0.100200 0.090500 0.109700 0.040600 0.083000 0.057400 0.089700 0.090400 0.079800 0.118800 0.118600 0.041400 0.090500 0.056100 0.040900 0.112400 0.108900 0.049000 0.065200 0.049300 0.106800 0.080300 0.107200 0.136100 0.081400 0.167400 0.049900 0.048500 0.075100 0.032500 0.073800 0.100500 0.136100 0.129700 0.065200 0.120000 0.136500 0.075100 0.142500 0.116000 0.117400 0.085400 0.094200 0.114800 0.106400
LesserMous 0.247800 0.000000 0.307900 0.419600 0.282200 0.244900 0.297400 0.271600 0.280100 0.307400 0.260800 0.295200 0.261300 0.298100 0.290600 0.281200 0.273600 0.297000 0.266400 0.280000 0.298000 0.262700 0.282900 0.304600 0.272800 0.290800 0.252200 0.299300 0.283200 0.300300 0.317300 0.288200 0.386200 0.255600 0.268500 0.264200 0.252200 0.280600 0.293100 0.294000 0.304200 0.290800 0.323400 0.318100 0.264200 0.345600 0.324000 0.328800 0.292100 0.280100 0.308100 0.297500
LesserKudu 0.109400 0.307900 0.000000 0.314400 0.136300 0.108300 0.080800 0.109300 0.031700 0.109600 0.119100 0.091000 0.118900 0.098300 0.098200 0.088200 0.100800 0.100700 0.121000 0.015700 0.133800 0.119600 0.139300 0.136000 0.110000 0.108100 0.110800 0.031400 0.088700 0.031500 0.136100 0.072800 0.186100 0.094000 0.126700 0.066000 0.110700 0.117700 0.100000 0.117900 0.128200 0.108100 0.119900 0.144800 0.066000 0.144700 0.134400 0.125500 0.131500 0.139600 0.039200 0.031300
KillerWhal 0.318700 0.419600 0.314400 0.000000 0.303200 0.338400 0.294900 0.304600 0.308700 0.281800 0.319800 0.291500 0.308000 0.274800 0.254300 0.310100 0.269900 0.293700 0.290900 0.308700 0.316100 0.286400 0.282200 0.314000 0.307500 0.267500 0.299000 0.329000 0.304500 0.306600 0.291500 0.287200 0.331800 0.279400 0.292200 0.247500 0.276000 0.326700 0.276200 0.313500 0.312900 0.267500 0.296900 0.302400 0.247400 0.304900 0.345600 0.335600 0.314200 0.281600 0.315800 0.303700
DefassaWat 0.074100 0.282200 0.136300 0.303200 0.000000 0.090400 0.115000 0.109100 0.116600 0.100600 0.118600 0.091600 0.083100 0.098000 0.098800 0.104800 0.109300 0.127400 0.084500 0.116600 0.098200 0.083600 0.103200 0.090900 0.109500 0.090500 0.075000 0.133100 0.105500 0.133500 0.126800 0.089800 0.156800 0.075800 0.090800 0.066200 0.075000 0.015900 0.109100 0.126700 0.120300 0.090500 0.110700 0.127100 0.066200 0.133200 0.142700 0.126300 0.094200 0.067200 0.123500 0.132500
Sheep 0.015800 0.244900 0.108300 0.338400 0.090400 0.000000 0.105500 0.099200 0.089600 0.126200 0.056700 0.099400 0.073600 0.105800 0.106600 0.079100 0.117700 0.135500 0.057800 0.089600 0.072000 0.057100 0.128600 0.125300 0.065200 0.081300 0.065600 0.088500 0.063000 0.106100 0.152800 0.080400 0.184800 0.066400 0.064500 0.091600 0.048800 0.089900 0.117000 0.134700 0.146000 0.081300 0.136800 0.153200 0.091600 0.141100 0.132300 0.133900 0.093400 0.111100 0.113700 0.105300
MaxwellsDu 0.106500 0.297400 0.080800 0.294900 0.115000 0.105500 0.000000 0.106300 0.063300 0.115300 0.133500 0.072400 0.098300 0.062800 0.063100 0.069800 0.106700 0.106700 0.099900 0.063200 0.104500 0.098800 0.118100 0.132100 0.124400 0.088200 0.090300 0.079000 0.070100 0.079200 0.141200 0.038800 0.190300 0.091300 0.105900 0.064600 0.090300 0.097300 0.089100 0.123500 0.099700 0.088200 0.125400 0.141900 0.064700 0.121300 0.130600 0.105800 0.109600 0.136700 0.070300 0.078700
GazellaPrz 0.100200 0.271600 0.109300 0.304600 0.109100 0.099200 0.106300 0.000000 0.090500 0.074600 0.109700 0.100300 0.091800 0.089500 0.090100 0.079700 0.100700 0.118300 0.091200 0.090400 0.089500 0.092300 0.089600 0.091300 0.100700 0.048300 0.083600 0.106800 0.080100 0.107100 0.100200 0.098200 0.186000 0.084600 0.082300 0.074900 0.083700 0.108600 0.057100 0.082800 0.106300 0.048300 0.084100 0.100700 0.074900 0.106900 0.081400 0.135100 0.103400 0.131100 0.097600 0.089200
MountainNy 0.090500 0.280100 0.031700 0.308700 0.116600 0.089600 0.063300 0.090500 0.000000 0.090700 0.082400 0.072800 0.099700 0.080100 0.080100 0.054400 0.082100 0.082100 0.101300 0.015900 0.114500 0.100200 0.119600 0.116300 0.091000 0.089400 0.091600 0.031000 0.054800 0.031100 0.116400 0.055400 0.164400 0.092600 0.090000 0.048400 0.091600 0.098700 0.081500 0.098800 0.109000 0.089400 0.100400 0.125000 0.048400 0.124600 0.115000 0.106300 0.111300 0.119400 0.038500 0.030900
MuntiacusM 0.109700 0.307400 0.109600 0.281800 0.100600 0.126200 0.115300 0.074600 0.090700 0.000000 0.119500 0.083000 0.101300 0.081300 0.073300 0.105000 0.092300 0.092200 0.103000 0.090600 0.098700 0.101800 0.052100 0.049000 0.110300 0.073700 0.093000 0.089800 0.105700 0.107400 0.024600 0.090100 0.139400 0.094100 0.091400 0.057900 0.093000 0.100200 0.082900 0.040800 0.068900 0.073700 0.008100 0.049300 0.058000 0.134200 0.125500 0.117400 0.113100 0.112900 0.097800 0.089400
goat 0.040600 0.260800 0.119100 0.319800 0.118600 0.056700 0.133500 0.109700 0.082400 0.119500 0.000000 0.110100 0.083200 0.116300 0.117200 0.088600 0.110600 0.110500 0.050200 0.099800 0.098900 0.049600 0.140900 0.136900 0.024300 0.091300 0.075400 0.116300 0.089100 0.116700 0.146400 0.107400 0.140300 0.076300 0.057100 0.084400 0.041200 0.118100 0.118700 0.146200 0.158600 0.091300 0.130100 0.146800 0.084400 0.170900 0.143800 0.145400 0.113300 0.104200 0.124300 0.115800
AfricanBuf 0.083000 0.295200 0.091000 0.291500 0.091600 0.099400 0.072400 0.100300 0.072800 0.083000 0.110100 0.000000 0.074800 0.056100 0.056000 0.063200 0.091700 0.057400 0.076000 0.072800 0.089800 0.075200 0.094400 0.108900 0.101000 0.065000 0.066600 0.088900 0.063600 0.089200 0.108800 0.048000 0.157100 0.067400 0.082500 0.040700 0.066600 0.074000 0.082900 0.108700 0.101900 0.065000 0.092800 0.117500 0.040700 0.124700 0.116300 0.081700 0.085600 0.111700 0.096800 0.088500
Topi 0.057400 0.261300 0.118900 0.308000 0.083100 0.073600 0.098300 0.091800 0.099700 0.101300 0.083200 0.074800 0.000000 0.081500 0.082100 0.088500 0.110200 0.110100 0.050000 0.099600 0.081600 0.049500 0.104200 0.118400 0.074500 0.073800 0.008100 0.116100 0.089000 0.116500 0.109600 0.072900 0.177700 0.024700 0.057000 0.066700 0.041100 0.082700 0.092100 0.127500 0.121400 0.073800 0.111400 0.128000 0.066800 0.116100 0.125400 0.109000 0.076900 0.103800 0.124100 0.115600
CommonDuik 0.089700 0.298100 0.098300 0.274800 0.098000 0.105800 0.062800 0.089500 0.080100 0.081300 0.116300 0.056100 0.081500 0.000000 0.031200 0.070000 0.107000 0.089700 0.082800 0.080100 0.096300 0.081900 0.084300 0.097700 0.107300 0.055200 0.073500 0.096100 0.070100 0.096300 0.106500 0.039000 0.153300 0.074300 0.072300 0.048200 0.073500 0.080700 0.072600 0.106400 0.083600 0.055200 0.090800 0.107100 0.048300 0.113400 0.105100 0.088900 0.092300 0.118900 0.103800 0.079100
Suni 0.090400 0.290600 0.098200 0.254300 0.098800 0.106600 0.063100 0.090100 0.080100 0.073300 0.117200 0.056000 0.082100 0.031200 0.000000 0.070400 0.098900 0.081700 0.083500 0.080000 0.088600 0.082500 0.075400 0.098500 0.108200 0.055800 0.074100 0.096000 0.070800 0.096300 0.090200 0.055400 0.145100 0.074900 0.072900 0.048200 0.074100 0.081300 0.073200 0.098400 0.082400 0.055800 0.082700 0.107000 0.048200 0.114200 0.105900 0.088900 0.093000 0.118800 0.086900 0.079000
Springbuck 0.079800 0.281200 0.088200 0.310100 0.104800 0.079100 0.069800 0.079700 0.054400 0.105000 0.088600 0.063200 0.088500 0.070000 0.070400 0.000000 0.096700 0.096500 0.073000 0.070600 0.073900 0.072200 0.107500 0.121500 0.097000 0.046500 0.080500 0.086300 0.015000 0.086500 0.130300 0.062000 0.159700 0.081400 0.062900 0.055500 0.064000 0.087700 0.079700 0.113100 0.106800 0.046500 0.114800 0.113700 0.055500 0.120000 0.111700 0.095800 0.099200 0.125600 0.094000 0.086000
Okapi 0.118800 0.273600 0.100800 0.269900 0.109300 0.117700 0.106700 0.100700 0.082100 0.092300 0.110600 0.091700 0.110200 0.107000 0.098900 0.096700 0.000000 0.065600 0.094100 0.082100 0.124900 0.084400 0.112200 0.109300 0.101500 0.099500 0.102000 0.098400 0.097300 0.098700 0.118500 0.098700 0.120000 0.103200 0.117900 0.049400 0.084300 0.126800 0.109300 0.083100 0.129600 0.099500 0.102300 0.109800 0.049400 0.142600 0.152600 0.126300 0.122800 0.067800 0.106300 0.097900
Giraffe 0.118600 0.297000 0.100700 0.293700 0.127400 0.135500 0.106700 0.118300 0.082100 0.092200 0.110500 0.057400 0.110100 0.089700 0.081700 0.096500 0.065600 0.000000 0.094000 0.082100 0.124700 0.092900 0.111800 0.091600 0.101400 0.099400 0.101900 0.098400 0.097100 0.098700 0.118400 0.081600 0.138700 0.103100 0.117700 0.049500 0.084200 0.108900 0.109300 0.100400 0.111400 0.099400 0.102200 0.092000 0.049500 0.161000 0.134600 0.108400 0.122700 0.085700 0.106300 0.097900
TibetanAnt 0.041400 0.266400 0.121000 0.290900 0.084500 0.057800 0.099900 0.091200 0.101300 0.103000 0.050200 0.076000 0.050000 0.082800 0.083500 0.073000 0.094100 0.094000 0.000000 0.101300 0.065800 0.016500 0.105500 0.120400 0.041600 0.057900 0.041800 0.118100 0.073400 0.118400 0.129900 0.074400 0.142200 0.042300 0.041100 0.067900 0.008200 0.084100 0.093700 0.129700 0.123100 0.057900 0.110400 0.130200 0.067900 0.136300 0.127500 0.110900 0.078200 0.087300 0.126200 0.117500
Sitatunga 0.090500 0.280000 0.015700 0.308700 0.116600 0.089600 0.063200 0.090400 0.015900 0.090600 0.099800 0.072800 0.099600 0.080100 0.080000 0.070600 0.082100 0.082100 0.101300 0.000000 0.114500 0.100100 0.119600 0.116300 0.090900 0.089400 0.091600 0.015400 0.071000 0.015400 0.116300 0.055400 0.164400 0.092600 0.107300 0.048400 0.091500 0.098600 0.081500 0.098700 0.108900 0.089400 0.100400 0.124900 0.048400 0.124600 0.114900 0.106300 0.111300 0.119300 0.022900 0.015300
Oribi 0.056100 0.298000 0.133800 0.316100 0.098200 0.072000 0.104500 0.089500 0.114500 0.098700 0.098900 0.089800 0.081600 0.096300 0.088600 0.073900 0.124900 0.124700 0.065800 0.114500 0.000000 0.065100 0.101100 0.097900 0.090100 0.055600 0.073500 0.130800 0.070600 0.131100 0.124300 0.088100 0.172500 0.074400 0.072400 0.081900 0.056800 0.097800 0.081500 0.124300 0.117900 0.055600 0.108500 0.125000 0.082000 0.148800 0.104900 0.123800 0.110200 0.119100 0.121800 0.130300
BarbaryShe 0.040900 0.262700 0.119600 0.286400 0.083600 0.057100 0.098800 0.092300 0.100200 0.101800 0.049600 0.075200 0.049500 0.081900 0.082500 0.072200 0.084400 0.092900 0.016500 0.100100 0.065100 0.000000 0.104300 0.119000 0.041100 0.057300 0.041300 0.116700 0.072600 0.117100 0.128300 0.073600 0.140500 0.041800 0.040600 0.067100 0.008100 0.083200 0.092700 0.128200 0.121700 0.057300 0.112000 0.128600 0.067100 0.134700 0.126100 0.109600 0.077300 0.086300 0.124800 0.116200
Daviddeer 0.112400 0.282900 0.139300 0.282200 0.103200 0.128600 0.118100 0.089600 0.119600 0.052100 0.140900 0.094400 0.104200 0.084300 0.075400 0.107500 0.112200 0.111800 0.105500 0.119600 0.101100 0.104300 0.000000 0.051900 0.131500 0.076600 0.095500 0.136100 0.109200 0.136500 0.060700 0.092900 0.160800 0.096600 0.094600 0.086700 0.095500 0.103100 0.095100 0.060500 0.031000 0.076600 0.061000 0.060500 0.086400 0.137300 0.146700 0.128900 0.116200 0.123900 0.126600 0.117700
Reindeer 0.108900 0.304600 0.136000 0.314000 0.090900 0.125300 0.132100 0.091300 0.116300 0.049000 0.136900 0.108900 0.118400 0.097700 0.098500 0.121500 0.109300 0.091600 0.120400 0.116300 0.097900 0.119000 0.051900 0.000000 0.127600 0.090200 0.110200 0.132800 0.122300 0.133200 0.074200 0.106700 0.147200 0.111500 0.108200 0.083500 0.110200 0.090500 0.099800 0.057100 0.068500 0.090200 0.058100 0.040700 0.083500 0.151000 0.124500 0.143900 0.112300 0.103100 0.123200 0.114700
Ibex 0.049000 0.272800 0.110000 0.307500 0.109500 0.065200 0.124400 0.100700 0.091000 0.110300 0.024300 0.101000 0.074500 0.107300 0.108200 0.097000 0.101500 0.101400 0.041600 0.090900 0.090100 0.041100 0.131500 0.127600 0.000000 0.082500 0.066600 0.107400 0.097600 0.107700 0.136900 0.098500 0.130800 0.067400 0.065500 0.075500 0.032800 0.108900 0.109500 0.136800 0.149000 0.082500 0.120700 0.137300 0.075500 0.161300 0.134500 0.136000 0.104000 0.095000 0.115300 0.106900
GyrantGaze 0.065200 0.290800 0.108100 0.267500 0.090500 0.081300 0.088200 0.048300 0.089400 0.073700 0.091300 0.065000 0.073800 0.055200 0.055800 0.046500 0.099500 0.099400 0.057900 0.089400 0.055600 0.057300 0.076600 0.090200 0.082500 0.000000 0.065800 0.105600 0.046600 0.105900 0.099000 0.063700 0.146200 0.066600 0.048200 0.057100 0.049000 0.090100 0.032000 0.099000 0.093200 0.000000 0.083100 0.099600 0.057200 0.123300 0.080600 0.098500 0.067100 0.111300 0.113400 0.088200
Hartebeest 0.049300 0.252200 0.110800 0.299000 0.075000 0.065600 0.090300 0.083600 0.091600 0.093000 0.075400 0.066600 0.008100 0.073500 0.074100 0.080500 0.102000 0.101900 0.041800 0.091600 0.073500 0.041300 0.095500 0.110200 0.066600 0.065800 0.000000 0.108100 0.081000 0.108500 0.119400 0.065300 0.169300 0.016500 0.049000 0.058600 0.033000 0.074600 0.083900 0.119300 0.112800 0.065800 0.103100 0.119700 0.058600 0.125900 0.117300 0.100800 0.068500 0.095400 0.116200 0.107600
Bongo 0.106800 0.299300 0.031400 0.329000 0.133100 0.088500 0.079000 0.106800 0.031000 0.089800 0.116300 0.088900 0.116100 0.096100 0.096000 0.086300 0.098400 0.098400 0.118100 0.015400 0.130800 0.116700 0.136100 0.132800 0.107400 0.105600 0.108100 0.000000 0.070300 0.030800 0.115200 0.054800 0.181500 0.109300 0.123800 0.064400 0.108000 0.115000 0.097700 0.115100 0.125300 0.105600 0.099500 0.141400 0.064400 0.141200 0.131300 0.122500 0.119300 0.136300 0.038400 0.030600
Gerenuk 0.080300 0.283200 0.088700 0.304500 0.105500 0.063000 0.070100 0.080100 0.054800 0.105700 0.089100 0.063600 0.089000 0.070100 0.070800 0.015000 0.097300 0.097100 0.073400 0.071000 0.070600 0.072600 0.109200 0.122300 0.097600 0.046600 0.081000 0.070300 0.000000 0.087000 0.131200 0.046300 0.160800 0.081900 0.063300 0.055900 0.064400 0.088200 0.080100 0.113800 0.108400 0.046600 0.115600 0.131900 0.055900 0.120800 0.112300 0.096400 0.091200 0.126500 0.094500 0.086400
CommonElan 0.107200 0.300300 0.031500 0.306600 0.133500 0.106100 0.079200 0.107100 0.031100 0.107400 0.116700 0.089200 0.116500 0.096300 0.096300 0.086500 0.098700 0.098700 0.118400 0.015400 0.131100 0.117100 0.136500 0.133200 0.107700 0.105900 0.108500 0.030800 0.087000 0.000000 0.133300 0.071400 0.163400 0.109700 0.124100 0.064600 0.108400 0.115300 0.098000 0.115500 0.125700 0.105900 0.117400 0.141900 0.064700 0.141600 0.131700 0.122900 0.128700 0.136700 0.038500 0.030600
MuntiacusR 0.136100 0.317300 0.136100 0.291500 0.126800 0.152800 0.141200 0.100200 0.116400 0.024600 0.146400 0.108800 0.109600 0.106500 0.090200 0.130300 0.118500 0.118400 0.129900 0.116300 0.124300 0.128300 0.060700 0.074200 0.136900 0.099000 0.119400 0.115200 0.131200 0.133300 0.000000 0.115600 0.167000 0.120800 0.117300 0.083500 0.119400 0.126300 0.108700 0.065800 0.077400 0.099000 0.016300 0.074600 0.083500 0.142400 0.151900 0.143800 0.140400 0.140100 0.123300 0.114800
HarveysDui 0.081400 0.288200 0.072800 0.287200 0.089800 0.080400 0.038800 0.098200 0.055400 0.090100 0.107400 0.048000 0.072900 0.039000 0.055400 0.062000 0.098700 0.081600 0.074400 0.055400 0.088100 0.073600 0.092900 0.106700 0.098500 0.063700 0.065300 0.054800 0.046300 0.071400 0.115600 0.000000 0.163400 0.066000 0.080900 0.040200 0.065300 0.072500 0.064300 0.115500 0.074900 0.063700 0.099700 0.116200 0.040200 0.122200 0.105400 0.080800 0.075200 0.110400 0.078900 0.070900
Pronghorn 0.167400 0.386200 0.186100 0.331800 0.156800 0.184800 0.190300 0.186000 0.164400 0.139400 0.140300 0.157100 0.177700 0.153300 0.145100 0.159700 0.120000 0.138700 0.142200 0.164400 0.172500 0.140500 0.160800 0.147200 0.130800 0.146200 0.169300 0.181500 0.160800 0.163400 0.167000 0.163400 0.000000 0.171300 0.165900 0.111900 0.131400 0.175400 0.175900 0.147800 0.179000 0.146200 0.150500 0.157800 0.111900 0.230300 0.221900 0.183900 0.193400 0.133200 0.189600 0.180500
BlueWildeb 0.049900 0.255600 0.094000 0.279400 0.075800 0.066400 0.091300 0.084600 0.092600 0.094100 0.076300 0.067400 0.024700 0.074300 0.074900 0.081400 0.103200 0.103100 0.042300 0.092600 0.074400 0.041800 0.096600 0.111500 0.067400 0.066600 0.016500 0.109300 0.081900 0.109700 0.120800 0.066000 0.171300 0.000000 0.049500 0.059300 0.033400 0.075500 0.084900 0.120700 0.114100 0.066600 0.104300 0.121100 0.059300 0.127300 0.118600 0.102000 0.069400 0.096600 0.117400 0.108700
Gemsbok 0.048500 0.268500 0.126700 0.292200 0.090800 0.064500 0.105900 0.082300 0.090000 0.091400 0.057100 0.082500 0.057000 0.072300 0.072900 0.062900 0.117900 0.117700 0.041100 0.107300 0.072400 0.040600 0.094600 0.108200 0.065500 0.048200 0.049000 0.123800 0.063300 0.124100 0.117300 0.080900 0.165900 0.049500 0.000000 0.074600 0.032400 0.090400 0.082500 0.117200 0.111500 0.048200 0.101300 0.117600 0.074600 0.123900 0.115300 0.116700 0.084800 0.111600 0.131800 0.105900
Yak 0.075100 0.264200 0.066000 0.247500 0.066200 0.091600 0.064600 0.074900 0.048400 0.057900 0.084400 0.040700 0.066700 0.048200 0.048200 0.055500 0.049400 0.049500 0.067900 0.048400 0.081900 0.067100 0.086700 0.083500 0.075500 0.057100 0.058600 0.064400 0.055900 0.064600 0.083500 0.040200 0.111900 0.059300 0.074600 0.000000 0.058600 0.066000 0.066200 0.083400 0.094300 0.057100 0.067300 0.092100 0.000000 0.098900 0.091000 0.073800 0.077500 0.067800 0.072300 0.064100
BlueSheep 0.032500 0.252200 0.110700 0.276000 0.075000 0.048800 0.090300 0.083700 0.091600 0.093000 0.041200 0.066600 0.041100 0.073500 0.074100 0.064000 0.084300 0.084200 0.008200 0.091500 0.056800 0.008100 0.095500 0.110200 0.032800 0.049000 0.033000 0.108000 0.064400 0.108400 0.119400 0.065300 0.131400 0.033400 0.032400 0.058600 0.000000 0.074600 0.083900 0.119300 0.112800 0.049000 0.103100 0.119700 0.058600 0.125900 0.117300 0.100800 0.068500 0.077400 0.116100 0.107600
BohorReedb 0.073800 0.280600 0.117700 0.326700 0.015900 0.089900 0.097300 0.108600 0.098700 0.100200 0.118100 0.074000 0.082700 0.080700 0.081300 0.087700 0.126800 0.108900 0.084100 0.098600 0.097800 0.083200 0.103100 0.090500 0.108900 0.090100 0.074600 0.115000 0.088200 0.115300 0.126300 0.072500 0.175400 0.075500 0.090400 0.066000 0.074600 0.000000 0.108600 0.126100 0.102400 0.090100 0.110200 0.126600 0.066100 0.133100 0.124300 0.108000 0.093700 0.084500 0.105700 0.114500
KirksDik 0.100500 0.293100 0.100000 0.276200 0.109100 0.117000 0.089100 0.057100 0.081500 0.082900 0.118700 0.082900 0.092100 0.072600 0.073200 0.079700 0.109300 0.109300 0.093700 0.081500 0.081500 0.092700 0.095100 0.099800 0.109500 0.032000 0.083900 0.097700 0.080100 0.098000 0.108700 0.064300 0.175900 0.084900 0.082500 0.066200 0.083900 0.108600 0.000000 0.108600 0.094200 0.032000 0.092600 0.109300 0.066200 0.142600 0.081400 0.117400 0.085600 0.121500 0.088700 0.080400
RoeDeer 0.136100 0.294000 0.117900 0.313500 0.126700 0.134700 0.123500 0.082800 0.098800 0.040800 0.146200 0.108700 0.127500 0.106400 0.098400 0.113100 0.083100 0.100400 0.129700 0.098700 0.124300 0.128200 0.060500 0.057100 0.136800 0.099000 0.119300 0.115100 0.113800 0.115500 0.065800 0.115500 0.147800 0.120700 0.117200 0.083400 0.119300 0.126100 0.108600 0.000000 0.077200 0.099000 0.049700 0.057400 0.083400 0.142300 0.151700 0.143700 0.140300 0.121300 0.105800 0.097400
WhiteLippe 0.129700 0.304200 0.128200 0.312900 0.120300 0.146000 0.099700 0.106300 0.109000 0.068900 0.158600 0.101900 0.121400 0.083600 0.082400 0.106800 0.129600 0.111400 0.123100 0.108900 0.117900 0.121700 0.031000 0.068500 0.149000 0.093200 0.112800 0.125300 0.108400 0.125700 0.077400 0.074900 0.179000 0.114100 0.111500 0.094300 0.112800 0.102400 0.094200 0.077200 0.000000 0.093200 0.078100 0.085600 0.093900 0.136400 0.136800 0.136600 0.134000 0.150400 0.116000 0.107100
ThomsonGaz 0.065200 0.290800 0.108100 0.267500 0.090500 0.081300 0.088200 0.048300 0.089400 0.073700 0.091300 0.065000 0.073800 0.055200 0.055800 0.046500 0.099500 0.099400 0.057900 0.089400 0.055600 0.057300 0.076600 0.090200 0.082500 0.000000 0.065800 0.105600 0.046600 0.105900 0.099000 0.063700 0.146200 0.066600 0.048200 0.057100 0.049000 0.090100 0.032000 0.099000 0.093200 0.000000 0.083100 0.099600 0.057200 0.123300 0.080600 0.098500 0.067100 0.111300 0.113400 0.088200
MuntiacusC 0.120000 0.323400 0.119900 0.296900 0.110700 0.136800 0.125400 0.084100 0.100400 0.008100 0.130100 0.092800 0.111400 0.090800 0.082700 0.114800 0.102300 0.102200 0.110400 0.100400 0.108500 0.112000 0.061000 0.058100 0.120700 0.083100 0.103100 0.099500 0.115600 0.117400 0.016300 0.099700 0.150500 0.104300 0.101300 0.067300 0.103100 0.110200 0.092600 0.049700 0.078100 0.083100 0.000000 0.058400 0.067300 0.144800 0.135900 0.127800 0.123800 0.123500 0.107500 0.099000
WhiteTaile 0.136500 0.318100 0.144800 0.302400 0.127100 0.153200 0.141900 0.100700 0.125000 0.049300 0.146800 0.117500 0.128000 0.107100 0.107000 0.113700 0.109800 0.092000 0.130200 0.124900 0.125000 0.128600 0.060500 0.040700 0.137300 0.099600 0.119700 0.141400 0.131900 0.141900 0.074600 0.116200 0.157800 0.121100 0.117600 0.092100 0.119700 0.126600 0.109300 0.057400 0.085600 0.099600 0.058400 0.000000 0.092100 0.161400 0.152700 0.152700 0.140800 0.130000 0.131700 0.123200
Cattle 0.075100 0.264200 0.066000 0.247400 0.066200 0.091600 0.064700 0.074900 0.048400 0.058000 0.084400 0.040700 0.066800 0.048300 0.048200 0.055500 0.049400 0.049500 0.067900 0.048400 0.082000 0.067100 0.086400 0.083500 0.075500 0.057200 0.058600 0.064400 0.055900 0.064700 0.083500 0.040200 0.111900 0.059300 0.074600 0.000000 0.058600 0.066100 0.066200 0.083400 0.093900 0.057200 0.067300 0.092100 0.000000 0.098900 0.091000 0.073800 0.077500 0.067800 0.072400 0.064100
RoyalAntel 0.142500 0.345600 0.144700 0.304900 0.133200 0.141100 0.121300 0.106900 0.124600 0.134200 0.170900 0.124700 0.116100 0.113400 0.114200 0.120000 0.142600 0.161000 0.136300 0.124600 0.148800 0.134700 0.137300 0.151000 0.161300 0.123300 0.125900 0.141200 0.120800 0.141600 0.142400 0.122200 0.230300 0.127300 0.123900 0.098900 0.125900 0.133100 0.142600 0.142300 0.136400 0.123300 0.144800 0.161400 0.098900 0.000000 0.158000 0.159800 0.155900 0.174900 0.131400 0.122900
Steenbok 0.116000 0.324000 0.134400 0.345600 0.142700 0.132300 0.130600 0.081400 0.115000 0.125500 0.143800 0.116300 0.125400 0.105100 0.105900 0.111700 0.152600 0.134600 0.127500 0.114900 0.104900 0.126100 0.146700 0.124500 0.134500 0.080600 0.117300 0.131300 0.112300 0.131700 0.151900 0.105400 0.221900 0.118600 0.115300 0.091000 0.117300 0.124300 0.081400 0.151700 0.136800 0.080600 0.135900 0.152700 0.091000 0.158000 0.000000 0.151300 0.138200 0.147300 0.139200 0.113500
Impala 0.117400 0.328800 0.125500 0.335600 0.126300 0.133900 0.105800 0.135100 0.106300 0.117400 0.145400 0.081700 0.109000 0.088900 0.088900 0.095800 0.126300 0.108400 0.110900 0.106300 0.123800 0.109600 0.128900 0.143900 0.136000 0.098500 0.100800 0.122500 0.096400 0.122900 0.143800 0.080800 0.183900 0.102000 0.116700 0.073800 0.100800 0.108000 0.117400 0.143700 0.136600 0.098500 0.127800 0.152700 0.073800 0.159800 0.151300 0.000000 0.121000 0.147700 0.130500 0.122100
Klipspring 0.085400 0.292100 0.131500 0.314200 0.094200 0.093400 0.109600 0.103400 0.111300 0.113100 0.113300 0.085600 0.076900 0.092300 0.093000 0.099200 0.122800 0.122700 0.078200 0.111300 0.110200 0.077300 0.116200 0.112300 0.104000 0.067100 0.068500 0.119300 0.091200 0.128700 0.140400 0.075200 0.193400 0.069400 0.084800 0.077500 0.068500 0.093700 0.085600 0.140300 0.134000 0.067100 0.123800 0.140800 0.077500 0.155900 0.138200 0.121000 0.000000 0.116100 0.136400 0.127600
ForestMusk 0.094200 0.280100 0.139600 0.281600 0.067200 0.111100 0.136700 0.131100 0.119400 0.112900 0.104200 0.111700 0.103800 0.118900 0.118800 0.125600 0.067800 0.085700 0.087300 0.119300 0.119100 0.086300 0.123900 0.103100 0.095000 0.111300 0.095400 0.136300 0.126500 0.136700 0.140100 0.110400 0.133200 0.096600 0.111600 0.067800 0.077400 0.084500 0.121500 0.121300 0.150400 0.111300 0.123500 0.130000 0.067800 0.174900 0.147300 0.147700 0.116100 0.000000 0.144400 0.135600
Bushbuck 0.114800 0.308100 0.039200 0.315800 0.123500 0.113700 0.070300 0.097600 0.038500 0.097800 0.124300 0.096800 0.124100 0.103800 0.086900 0.094000 0.106300 0.106300 0.126200 0.022900 0.121800 0.124800 0.126600 0.123200 0.115300 0.113400 0.116200 0.038400 0.094500 0.038500 0.123300 0.078900 0.189600 0.117400 0.131800 0.072300 0.116100 0.105700 0.088700 0.105800 0.116000 0.113400 0.107500 0.131700 0.072400 0.131400 0.139200 0.130500 0.136400 0.144400 0.000000 0.038200
GreaterKud 0.106400 0.297500 0.031300 0.303700 0.132500 0.105300 0.078700 0.089200 0.030900 0.089400 0.115800 0.088500 0.115600 0.079100 0.079000 0.086000 0.097900 0.097900 0.117500 0.015300 0.130300 0.116200 0.117700 0.114700 0.106900 0.088200 0.107600 0.030600 0.086400 0.030600 0.114800 0.070900 0.180500 0.108700 0.105900 0.064100 0.107600 0.114500 0.080400 0.097400 0.107100 0.088200 0.099000 0.123200 0.064100 0.122900 0.113500 0.122100 0.127600 0.135600 0.038200 0.000000
