CODONML (in paml version 4.10.7, June 2023)  /home/rachel/ruminants_paml/6406-phy-tree/ENSBTAT00000012777.fasta.phy
Model: free dN/dS Ratios for branches,  kappa = 2.000 fixed

Codon frequency model: F3x4
ns =  54  ls =  82

Codon usage in sequences
--------------------------------------------------------------------------------------------------------------------------------------
Phe TTT   5   4   5   5   5   5 | Ser TCT   3   2   3   3   1   3 | Tyr TAT   4   3   4   4   4   5 | Cys TGT   0   0   0   0   0   0
    TTC   1   2   1   1   1   1 |     TCC   1   2   1   2   3   1 |     TAC   2   3   2   2   2   1 |     TGC   1   1   1   1   1   1
Leu TTA   1   1   1   1   1   2 |     TCA   1   2   1   1   1   1 | *** TAA   0   0   0   0   0   0 | *** TGA   0   0   0   0   0   0
    TTG   1   1   1   1   1   1 |     TCG   1   0   1   0   1   0 |     TAG   0   0   0   0   0   0 | Trp TGG   0   0   0   0   0   0
--------------------------------------------------------------------------------------------------------------------------------------
Leu CTT   3   1   3   3   3   2 | Pro CCT   2   1   0   0   1   1 | His CAT   1   1   1   1   1   0 | Arg CGT   0   0   0   0   0   0
    CTC   0   0   0   0   0   1 |     CCC   0   2   2   2   2   1 |     CAC   0   0   0   0   0   0 |     CGC   0   0   0   0   0   0
    CTA   1   0   1   1   1   1 |     CCA   1   1   1   1   1   2 | Gln CAA   0   0   0   0   0   1 |     CGA   2   2   2   2   2   1
    CTG   0   3   0   0   0   0 |     CCG   1   0   1   1   0   0 |     CAG   0   0   0   0   0   0 |     CGG   0   0   0   0   0   0
--------------------------------------------------------------------------------------------------------------------------------------
Ile ATT   4   1   4   3   0   4 | Thr ACT   1   0   1   1   1   1 | Asn AAT   2   2   2   2   2   3 | Ser AGT   2   2   2   1   2   2
    ATC   2   5   2   2   5   2 |     ACC   2   2   2   3   2   2 |     AAC   1   1   1   1   1   1 |     AGC   0   0   0   0   0   0
    ATA   3   3   3   3   3   3 |     ACA   1   1   1   1   1   1 | Lys AAA   2   3   2   2   3   2 | Arg AGA   4   4   4   4   4   5
Met ATG   0   0   0   0   0   0 |     ACG   0   1   0   0   0   0 |     AAG   2   1   2   2   1   1 |     AGG   0   0   0   0   0   0
--------------------------------------------------------------------------------------------------------------------------------------
Val GTT   0   0   0   1   2   0 | Ala GCT   1   2   0   0   1   1 | Asp GAT   2   2   2   2   2   1 | Gly GGT   2   2   2   2   1   1
    GTC   1   1   1   1   0   1 |     GCC   1   0   2   2   1   1 |     GAC   0   0   0   0   0   1 |     GGC   1   1   1   1   2   2
    GTA   1   1   1   1   1   1 |     GCA   0   0   0   0   0   0 | Glu GAA   9   9   9   9   9   9 |     GGA   2   2   2   2   2   2
    GTG   2   2   2   2   2   2 |     GCG   0   0   0   0   0   0 |     GAG   1   1   1   1   1   1 |     GGG   1   1   1   1   1   1
--------------------------------------------------------------------------------------------------------------------------------------

--------------------------------------------------------------------------------------------------------------------------------------
Phe TTT   5   5   5   5   5   5 | Ser TCT   3   3   3   3   3   2 | Tyr TAT   4   4   4   4   4   4 | Cys TGT   0   0   0   0   0   0
    TTC   1   1   1   1   1   1 |     TCC   1   1   1   1   1   1 |     TAC   2   2   2   2   2   2 |     TGC   1   1   1   1   1   1
Leu TTA   1   1   1   1   1   1 |     TCA   1   1   1   1   1   2 | *** TAA   0   0   0   0   0   0 | *** TGA   0   0   0   0   0   0
    TTG   1   1   1   1   1   1 |     TCG   1   1   1   1   1   1 |     TAG   0   0   0   0   0   0 | Trp TGG   0   0   0   0   0   0
--------------------------------------------------------------------------------------------------------------------------------------
Leu CTT   3   3   2   2   3   3 | Pro CCT   1   2   1   1   0   0 | His CAT   1   1   1   1   1   1 | Arg CGT   0   0   0   0   0   0
    CTC   0   0   1   0   0   0 |     CCC   1   0   1   1   2   2 |     CAC   0   0   0   0   0   0 |     CGC   0   0   0   0   0   0
    CTA   1   1   1   1   1   1 |     CCA   1   1   1   1   1   2 | Gln CAA   0   0   0   0   0   0 |     CGA   2   2   2   2   2   2
    CTG   0   0   0   0   0   0 |     CCG   1   1   1   1   1   0 |     CAG   0   0   0   0   0   0 |     CGG   0   0   0   0   0   0
--------------------------------------------------------------------------------------------------------------------------------------
Ile ATT   4   4   4   5   4   4 | Thr ACT   1   1   1   1   1   1 | Asn AAT   2   2   3   2   2   2 | Ser AGT   2   2   1   2   2   2
    ATC   2   2   3   2   2   2 |     ACC   2   2   2   2   2   2 |     AAC   1   1   1   1   1   1 |     AGC   0   0   0   0   0   0
    ATA   3   3   2   3   3   3 |     ACA   1   1   1   1   1   1 | Lys AAA   2   2   2   2   2   2 | Arg AGA   4   4   4   4   4   3
Met ATG   0   0   0   0   0   0 |     ACG   0   0   0   0   0   0 |     AAG   2   2   2   2   2   2 |     AGG   0   0   0   0   0   1
--------------------------------------------------------------------------------------------------------------------------------------
Val GTT   0   0   0   0   0   0 | Ala GCT   0   1   0   0   0   0 | Asp GAT   2   2   2   2   2   2 | Gly GGT   2   2   2   2   2   2
    GTC   1   1   1   1   1   1 |     GCC   2   1   2   2   2   2 |     GAC   0   0   0   0   0   0 |     GGC   1   1   1   1   1   1
    GTA   1   1   1   1   1   1 |     GCA   0   0   0   0   0   0 | Glu GAA   9   9   9   9   9   9 |     GGA   2   2   2   2   2   2
    GTG   2   2   2   2   2   2 |     GCG   0   0   0   0   0   0 |     GAG   1   1   1   1   1   1 |     GGG   1   1   1   1   1   1
--------------------------------------------------------------------------------------------------------------------------------------

--------------------------------------------------------------------------------------------------------------------------------------
Phe TTT   5   5   5   5   5   6 | Ser TCT   3   2   3   3   4   3 | Tyr TAT   4   4   3   4   4   4 | Cys TGT   0   0   0   0   0   0
    TTC   1   1   1   1   1   1 |     TCC   1   2   1   1   1   1 |     TAC   2   2   3   2   2   2 |     TGC   1   1   1   1   1   1
Leu TTA   1   1   1   1   1   0 |     TCA   1   2   1   2   1   1 | *** TAA   0   0   0   0   0   0 | *** TGA   0   0   0   0   0   0
    TTG   1   1   1   1   1   1 |     TCG   1   0   1   0   0   1 |     TAG   0   0   0   0   0   0 | Trp TGG   0   0   0   0   0   0
--------------------------------------------------------------------------------------------------------------------------------------
Leu CTT   3   3   3   1   3   3 | Pro CCT   2   0   2   1   1   1 | His CAT   1   1   1   1   1   1 | Arg CGT   0   0   0   0   0   0
    CTC   0   0   0   1   0   0 |     CCC   0   2   0   1   1   1 |     CAC   0   0   0   0   0   0 |     CGC   0   0   0   0   0   0
    CTA   1   1   1   1   1   1 |     CCA   1   2   1   0   1   1 | Gln CAA   0   0   0   0   0   0 |     CGA   2   1   2   2   2   2
    CTG   0   0   0   1   0   0 |     CCG   1   0   1   2   1   1 |     CAG   0   0   0   0   0   0 |     CGG   0   1   0   0   0   0
--------------------------------------------------------------------------------------------------------------------------------------
Ile ATT   4   4   4   4   4   4 | Thr ACT   1   1   1   1   1   1 | Asn AAT   2   2   2   2   2   2 | Ser AGT   2   2   2   2   2   2
    ATC   2   2   2   2   3   2 |     ACC   2   2   2   2   2   2 |     AAC   1   1   1   1   1   1 |     AGC   0   0   0   0   0   0
    ATA   3   3   3   3   3   3 |     ACA   1   1   1   1   1   1 | Lys AAA   2   2   2   2   2   2 | Arg AGA   4   4   4   4   4   4
Met ATG   0   0   0   0   0   0 |     ACG   0   0   0   0   0   0 |     AAG   2   2   2   2   2   2 |     AGG   0   0   0   0   0   0
--------------------------------------------------------------------------------------------------------------------------------------
Val GTT   0   0   0   0   0   0 | Ala GCT   1   0   0   1   0   1 | Asp GAT   2   2   2   2   2   2 | Gly GGT   2   2   2   2   2   2
    GTC   1   1   1   1   0   1 |     GCC   1   2   2   1   2   1 |     GAC   0   0   0   0   0   0 |     GGC   1   1   1   1   1   1
    GTA   1   1   1   1   1   1 |     GCA   0   0   0   0   0   0 | Glu GAA   9   9   9   9   9   8 |     GGA   2   2   2   2   2   2
    GTG   2   2   2   2   2   2 |     GCG   0   0   0   0   0   0 |     GAG   1   1   1   1   1   2 |     GGG   1   1   1   1   1   1
--------------------------------------------------------------------------------------------------------------------------------------

--------------------------------------------------------------------------------------------------------------------------------------
Phe TTT   5   5   5   5   5   5 | Ser TCT   3   3   3   3   3   3 | Tyr TAT   4   4   4   4   4   4 | Cys TGT   0   0   0   0   0   0
    TTC   1   1   1   1   1   1 |     TCC   1   1   1   1   1   1 |     TAC   2   2   2   2   2   2 |     TGC   1   1   1   1   1   1
Leu TTA   1   1   1   1   1   1 |     TCA   1   1   1   1   1   1 | *** TAA   0   0   0   0   0   0 | *** TGA   0   0   0   0   0   0
    TTG   1   1   1   1   1   1 |     TCG   1   1   1   1   1   1 |     TAG   0   0   0   0   0   0 | Trp TGG   0   0   0   0   0   0
--------------------------------------------------------------------------------------------------------------------------------------
Leu CTT   3   3   3   3   3   3 | Pro CCT   0   0   2   0   1   2 | His CAT   1   1   1   1   1   1 | Arg CGT   0   0   0   0   0   0
    CTC   0   0   0   0   0   0 |     CCC   2   2   0   2   1   0 |     CAC   0   0   0   0   0   0 |     CGC   0   0   0   0   0   0
    CTA   1   1   1   1   1   1 |     CCA   1   1   1   1   2   1 | Gln CAA   0   0   0   0   0   0 |     CGA   2   2   2   2   2   2
    CTG   0   0   0   0   0   0 |     CCG   1   1   1   1   0   1 |     CAG   0   0   0   0   0   0 |     CGG   0   0   0   0   0   0
--------------------------------------------------------------------------------------------------------------------------------------
Ile ATT   3   3   4   4   4   4 | Thr ACT   1   1   1   1   1   1 | Asn AAT   2   2   2   2   2   2 | Ser AGT   2   2   2   2   2   2
    ATC   2   2   2   2   2   2 |     ACC   2   2   2   2   2   2 |     AAC   1   1   1   1   1   1 |     AGC   0   0   0   0   0   0
    ATA   3   3   3   3   3   3 |     ACA   1   1   1   1   1   1 | Lys AAA   2   2   2   2   2   2 | Arg AGA   4   4   4   4   4   4
Met ATG   0   0   0   0   0   0 |     ACG   0   0   0   0   0   0 |     AAG   2   2   2   2   2   2 |     AGG   0   0   0   0   0   0
--------------------------------------------------------------------------------------------------------------------------------------
Val GTT   1   1   0   0   0   0 | Ala GCT   0   0   1   0   0   1 | Asp GAT   2   2   2   2   2   2 | Gly GGT   2   2   2   2   2   2
    GTC   1   1   1   1   1   1 |     GCC   2   2   1   2   2   0 |     GAC   0   0   0   0   0   0 |     GGC   1   1   1   1   1   1
    GTA   1   1   1   1   1   1 |     GCA   0   0   0   0   0   0 | Glu GAA   9   9   9   9   9   9 |     GGA   2   2   2   2   2   2
    GTG   2   2   2   2   2   2 |     GCG   0   0   0   0   0   1 |     GAG   1   1   1   1   1   1 |     GGG   1   1   1   1   1   1
--------------------------------------------------------------------------------------------------------------------------------------

--------------------------------------------------------------------------------------------------------------------------------------
Phe TTT   5   5   5   5   5   5 | Ser TCT   2   3   3   3   3   3 | Tyr TAT   4   4   4   4   3   4 | Cys TGT   0   0   0   0   0   0
    TTC   1   1   1   1   1   1 |     TCC   1   1   1   1   1   1 |     TAC   2   2   2   2   3   2 |     TGC   1   1   1   1   1   1
Leu TTA   1   1   1   1   1   1 |     TCA   1   1   1   1   1   1 | *** TAA   0   0   0   0   0   0 | *** TGA   0   0   0   0   0   0
    TTG   1   1   1   1   1   1 |     TCG   2   1   1   1   1   1 |     TAG   0   0   0   0   0   0 | Trp TGG   0   0   0   0   0   0
--------------------------------------------------------------------------------------------------------------------------------------
Leu CTT   3   3   3   3   3   3 | Pro CCT   0   0   2   1   2   0 | His CAT   1   1   1   1   1   1 | Arg CGT   0   0   0   0   0   0
    CTC   0   0   0   0   0   0 |     CCC   2   2   0   1   0   2 |     CAC   0   0   0   0   0   0 |     CGC   0   0   0   0   0   0
    CTA   1   1   1   1   1   1 |     CCA   1   1   1   1   1   1 | Gln CAA   0   0   0   0   0   0 |     CGA   2   2   2   2   2   2
    CTG   0   0   0   0   0   0 |     CCG   1   1   1   1   1   1 |     CAG   0   0   0   0   0   0 |     CGG   0   0   0   0   0   0
--------------------------------------------------------------------------------------------------------------------------------------
Ile ATT   3   4   4   4   4   4 | Thr ACT   1   1   1   1   1   1 | Asn AAT   2   2   2   2   2   2 | Ser AGT   2   2   2   2   2   2
    ATC   2   2   2   2   2   2 |     ACC   2   2   2   2   2   2 |     AAC   1   1   1   1   1   1 |     AGC   0   0   0   0   0   0
    ATA   3   3   3   3   3   3 |     ACA   1   1   1   1   1   1 | Lys AAA   2   2   2   2   2   2 | Arg AGA   4   4   4   4   4   4
Met ATG   0   0   0   0   0   0 |     ACG   0   0   0   0   0   0 |     AAG   2   2   2   2   2   2 |     AGG   0   0   0   0   0   0
--------------------------------------------------------------------------------------------------------------------------------------
Val GTT   1   0   0   0   0   0 | Ala GCT   1   0   1   0   1   0 | Asp GAT   2   2   2   2   2   2 | Gly GGT   2   2   2   2   2   2
    GTC   1   1   1   1   1   1 |     GCC   1   2   1   2   1   2 |     GAC   0   0   0   0   0   0 |     GGC   1   1   1   1   1   1
    GTA   1   1   1   1   1   1 |     GCA   0   0   0   0   0   0 | Glu GAA   9   9   9   8   9   9 |     GGA   2   2   2   2   2   2
    GTG   2   2   2   2   2   2 |     GCG   0   0   0   0   0   0 |     GAG   1   1   1   2   1   1 |     GGG   1   1   1   1   1   1
--------------------------------------------------------------------------------------------------------------------------------------

--------------------------------------------------------------------------------------------------------------------------------------
Phe TTT   5   5   5   5   5   5 | Ser TCT   3   3   2   2   3   3 | Tyr TAT   4   4   4   4   4   3 | Cys TGT   0   0   0   0   0   0
    TTC   1   1   1   1   1   1 |     TCC   1   1   1   1   1   1 |     TAC   2   2   2   2   2   3 |     TGC   1   1   1   1   1   1
Leu TTA   1   1   1   1   1   1 |     TCA   1   1   2   1   2   1 | *** TAA   0   0   0   0   0   0 | *** TGA   0   0   0   0   0   0
    TTG   1   1   1   1   1   1 |     TCG   1   1   1   1   0   1 |     TAG   0   0   0   0   0   0 | Trp TGG   0   0   0   0   0   0
--------------------------------------------------------------------------------------------------------------------------------------
Leu CTT   3   3   3   1   3   3 | Pro CCT   1   0   0   1   0   2 | His CAT   1   1   1   1   1   1 | Arg CGT   0   0   0   0   0   0
    CTC   0   0   0   1   0   0 |     CCC   1   2   2   1   2   0 |     CAC   0   0   0   0   0   0 |     CGC   0   0   0   0   0   0
    CTA   1   1   1   1   1   1 |     CCA   1   1   1   1   2   1 | Gln CAA   0   0   0   0   0   0 |     CGA   2   2   2   2   2   2
    CTG   0   0   0   1   0   0 |     CCG   1   1   1   1   0   1 |     CAG   0   0   0   0   0   0 |     CGG   0   0   0   0   0   0
--------------------------------------------------------------------------------------------------------------------------------------
Ile ATT   4   3   4   4   4   4 | Thr ACT   1   1   1   1   1   1 | Asn AAT   2   2   2   2   2   2 | Ser AGT   2   2   2   2   2   2
    ATC   2   2   2   2   2   2 |     ACC   2   2   2   2   2   2 |     AAC   1   1   1   1   1   1 |     AGC   0   0   0   0   0   0
    ATA   3   3   3   3   3   3 |     ACA   1   1   1   1   1   1 | Lys AAA   3   2   2   2   3   2 | Arg AGA   4   4   4   4   4   4
Met ATG   0   0   0   0   0   0 |     ACG   0   0   0   0   0   0 |     AAG   1   2   2   2   1   2 |     AGG   0   0   0   0   0   0
--------------------------------------------------------------------------------------------------------------------------------------
Val GTT   0   1   0   0   0   0 | Ala GCT   1   1   0   2   1   0 | Asp GAT   2   2   2   2   2   2 | Gly GGT   2   2   2   2   2   2
    GTC   1   1   1   1   1   1 |     GCC   1   1   2   1   1   2 |     GAC   0   0   0   0   0   0 |     GGC   1   1   1   1   1   1
    GTA   1   1   1   1   1   1 |     GCA   0   0   0   0   0   0 | Glu GAA   8   9   9   9   9   9 |     GGA   2   2   2   2   3   2
    GTG   2   2   2   2   2   2 |     GCG   0   0   0   0   0   0 |     GAG   2   1   1   1   1   1 |     GGG   1   1   1   1   0   1
--------------------------------------------------------------------------------------------------------------------------------------

--------------------------------------------------------------------------------------------------------------------------------------
Phe TTT   5   5   5   5   5   5 | Ser TCT   3   3   3   3   3   3 | Tyr TAT   4   4   4   4   4   4 | Cys TGT   0   0   0   0   0   0
    TTC   1   1   1   1   1   1 |     TCC   1   1   1   1   1   1 |     TAC   2   2   2   2   2   2 |     TGC   1   1   1   1   1   1
Leu TTA   1   1   1   1   1   1 |     TCA   2   2   1   1   1   2 | *** TAA   0   0   0   0   0   0 | *** TGA   0   0   0   0   0   0
    TTG   1   1   1   1   1   1 |     TCG   0   0   1   1   0   0 |     TAG   0   0   0   0   0   0 | Trp TGG   0   0   0   0   0   0
--------------------------------------------------------------------------------------------------------------------------------------
Leu CTT   3   3   3   3   3   3 | Pro CCT   2   0   2   1   1   0 | His CAT   1   1   1   1   1   1 | Arg CGT   0   0   0   0   0   0
    CTC   0   0   0   0   0   0 |     CCC   0   2   0   1   1   2 |     CAC   0   0   0   0   0   0 |     CGC   0   0   0   0   0   0
    CTA   1   1   1   1   1   1 |     CCA   1   1   1   1   2   1 | Gln CAA   0   0   0   0   0   0 |     CGA   2   1   2   2   2   2
    CTG   0   0   0   0   0   0 |     CCG   1   1   1   1   0   1 |     CAG   0   0   0   0   0   0 |     CGG   0   1   0   0   0   0
--------------------------------------------------------------------------------------------------------------------------------------
Ile ATT   4   3   4   4   4   4 | Thr ACT   1   1   1   1   1   1 | Asn AAT   2   2   2   2   2   2 | Ser AGT   2   2   2   2   2   2
    ATC   2   2   2   2   2   2 |     ACC   2   1   2   2   2   2 |     AAC   1   1   1   1   1   1 |     AGC   0   1   0   0   0   0
    ATA   3   3   3   3   3   3 |     ACA   1   1   1   1   1   1 | Lys AAA   2   2   2   2   3   2 | Arg AGA   4   4   4   4   4   4
Met ATG   0   0   0   0   0   0 |     ACG   0   0   0   0   1   0 |     AAG   2   2   2   2   1   2 |     AGG   0   0   0   0   0   0
--------------------------------------------------------------------------------------------------------------------------------------
Val GTT   0   1   0   0   0   0 | Ala GCT   0   0   1   0   0   0 | Asp GAT   2   2   2   2   2   2 | Gly GGT   2   2   1   2   2   2
    GTC   1   1   1   1   1   1 |     GCC   2   2   1   2   2   2 |     GAC   0   0   0   0   0   0 |     GGC   1   1   1   1   1   1
    GTA   1   1   1   1   1   1 |     GCA   0   0   0   0   0   0 | Glu GAA   9   9   9   9   9   9 |     GGA   2   2   2   2   2   2
    GTG   2   2   2   2   2   2 |     GCG   0   0   0   0   0   0 |     GAG   1   1   1   1   1   1 |     GGG   1   1   2   1   1   1
--------------------------------------------------------------------------------------------------------------------------------------

--------------------------------------------------------------------------------------------------------------------------------------
Phe TTT   5   5   5   5   5   5 | Ser TCT   2   3   2   3   3   3 | Tyr TAT   4   4   4   4   4   3 | Cys TGT   0   0   0   0   0   0
    TTC   1   1   1   1   1   1 |     TCC   1   1   1   1   1   1 |     TAC   2   2   2   2   2   3 |     TGC   1   1   1   1   1   1
Leu TTA   1   1   1   1   1   1 |     TCA   2   1   2   1   2   1 | *** TAA   0   0   0   0   0   0 | *** TGA   0   0   0   0   0   0
    TTG   1   1   1   1   1   1 |     TCG   1   1   1   1   0   1 |     TAG   0   0   0   0   0   0 | Trp TGG   0   0   0   0   0   0
--------------------------------------------------------------------------------------------------------------------------------------
Leu CTT   3   3   3   3   3   2 | Pro CCT   0   1   0   0   0   1 | His CAT   1   1   1   1   1   1 | Arg CGT   0   0   0   0   0   0
    CTC   0   0   0   0   0   1 |     CCC   2   1   2   2   2   1 |     CAC   0   0   0   0   0   0 |     CGC   0   0   0   0   0   0
    CTA   1   1   1   1   1   1 |     CCA   1   2   1   1   1   1 | Gln CAA   0   0   0   0   0   0 |     CGA   2   2   2   2   1   2
    CTG   0   0   0   0   0   0 |     CCG   1   0   1   1   1   1 |     CAG   0   0   0   0   0   0 |     CGG   0   0   0   0   1   0
--------------------------------------------------------------------------------------------------------------------------------------
Ile ATT   4   4   4   4   3   4 | Thr ACT   1   1   1   1   1   1 | Asn AAT   2   2   2   2   2   1 | Ser AGT   2   2   2   2   2   2
    ATC   2   2   2   2   2   2 |     ACC   2   2   2   2   1   2 |     AAC   1   1   1   1   1   2 |     AGC   0   0   0   0   1   0
    ATA   3   3   3   3   3   3 |     ACA   1   1   1   1   1   1 | Lys AAA   2   2   2   2   2   2 | Arg AGA   4   4   4   4   4   4
Met ATG   0   0   0   0   0   0 |     ACG   0   0   0   0   0   0 |     AAG   2   2   2   2   2   2 |     AGG   0   0   0   0   0   0
--------------------------------------------------------------------------------------------------------------------------------------
Val GTT   0   0   0   0   1   0 | Ala GCT   1   0   0   1   0   0 | Asp GAT   2   2   2   2   2   2 | Gly GGT   2   2   2   2   2   2
    GTC   1   1   1   1   1   1 |     GCC   1   2   2   1   2   2 |     GAC   0   0   0   0   0   0 |     GGC   1   1   1   1   1   1
    GTA   1   1   1   1   1   1 |     GCA   0   0   0   0   0   0 | Glu GAA   9   8   9   9   9   8 |     GGA   2   2   2   1   2   2
    GTG   2   2   2   2   2   2 |     GCG   0   0   0   0   0   0 |     GAG   1   2   1   1   1   2 |     GGG   1   1   1   2   1   1
--------------------------------------------------------------------------------------------------------------------------------------

--------------------------------------------------------------------------------------------------------------------------------------
Phe TTT   5   5   5   5   5   5 | Ser TCT   3   3   3   3   3   3 | Tyr TAT   4   4   4   4   4   4 | Cys TGT   0   0   0   0   0   0
    TTC   1   1   1   1   1   1 |     TCC   1   1   1   2   1   1 |     TAC   2   2   2   2   2   2 |     TGC   1   1   1   1   1   1
Leu TTA   1   0   1   1   1   1 |     TCA   1   1   1   1   1   1 | *** TAA   0   0   0   0   0   0 | *** TGA   0   0   0   0   0   0
    TTG   1   2   1   1   1   1 |     TCG   1   1   1   0   1   1 |     TAG   0   0   0   0   0   0 | Trp TGG   0   0   0   0   0   0
--------------------------------------------------------------------------------------------------------------------------------------
Leu CTT   3   3   3   3   3   3 | Pro CCT   1   2   1   0   0   0 | His CAT   1   0   1   1   1   1 | Arg CGT   0   0   0   0   0   0
    CTC   0   0   0   0   0   0 |     CCC   1   1   1   2   2   2 |     CAC   0   0   0   0   0   0 |     CGC   0   0   0   0   0   0
    CTA   1   1   1   1   1   1 |     CCA   2   0   2   1   1   1 | Gln CAA   0   0   0   0   0   0 |     CGA   2   2   2   2   2   2
    CTG   0   0   0   0   0   0 |     CCG   0   1   0   1   1   1 |     CAG   0   0   0   0   0   0 |     CGG   0   0   0   0   0   0
--------------------------------------------------------------------------------------------------------------------------------------
Ile ATT   4   4   4   3   4   4 | Thr ACT   1   1   1   1   1   1 | Asn AAT   2   3   2   2   2   2 | Ser AGT   2   2   2   1   2   2
    ATC   2   2   2   2   2   2 |     ACC   2   2   2   3   2   2 |     AAC   1   1   1   1   1   1 |     AGC   0   0   0   0   0   0
    ATA   3   3   3   3   3   3 |     ACA   1   1   1   1   1   1 | Lys AAA   2   2   2   2   2   2 | Arg AGA   4   4   4   4   4   4
Met ATG   0   0   0   0   0   0 |     ACG   0   0   0   0   0   0 |     AAG   2   2   2   2   2   2 |     AGG   0   0   0   0   0   0
--------------------------------------------------------------------------------------------------------------------------------------
Val GTT   0   0   0   1   0   0 | Ala GCT   1   0   0   0   0   1 | Asp GAT   2   2   2   1   2   2 | Gly GGT   2   2   2   2   2   2
    GTC   1   1   1   1   1   1 |     GCC   1   2   2   2   2   1 |     GAC   0   0   0   1   0   0 |     GGC   1   1   1   1   1   1
    GTA   1   1   1   1   1   1 |     GCA   0   0   0   0   0   0 | Glu GAA   9   9   9   9   9   9 |     GGA   2   2   2   2   2   2
    GTG   2   2   2   2   2   2 |     GCG   0   0   0   0   0   0 |     GAG   1   1   1   1   1   1 |     GGG   1   1   1   1   1   1
--------------------------------------------------------------------------------------------------------------------------------------

Codon position x base (3x4) table for each sequence.

#1: Argali         
position  1:    T:0.25610    C:0.13415    A:0.31707    G:0.29268
position  2:    T:0.30488    C:0.19512    A:0.31707    G:0.18293
position  3:    T:0.39024    C:0.15854    A:0.34146    G:0.10976
Average         T:0.31707    C:0.16260    A:0.32520    G:0.19512

#2: LesserMouseDeer
position  1:    T:0.25610    C:0.13415    A:0.31707    G:0.29268
position  2:    T:0.30488    C:0.19512    A:0.31707    G:0.18293
position  3:    T:0.28049    C:0.24390    A:0.35366    G:0.12195
Average         T:0.28049    C:0.19106    A:0.32927    G:0.19919

#3: LesserKudu     
position  1:    T:0.25610    C:0.13415    A:0.31707    G:0.29268
position  2:    T:0.30488    C:0.19512    A:0.31707    G:0.18293
position  3:    T:0.35366    C:0.19512    A:0.34146    G:0.10976
Average         T:0.30488    C:0.17480    A:0.32520    G:0.19512

#4: ForestMuskDeer2
position  1:    T:0.25610    C:0.13415    A:0.30488    G:0.30488
position  2:    T:0.30488    C:0.20732    A:0.31707    G:0.17073
position  3:    T:0.34146    C:0.21951    A:0.34146    G:0.09756
Average         T:0.30081    C:0.18699    A:0.32114    G:0.19106

#5: Camel          
position  1:    T:0.25610    C:0.13415    A:0.30488    G:0.30488
position  2:    T:0.30488    C:0.19512    A:0.31707    G:0.18293
position  3:    T:0.31707    C:0.24390    A:0.35366    G:0.08537
Average         T:0.29268    C:0.19106    A:0.32520    G:0.19106

#6: KillerWhale    
position  1:    T:0.25610    C:0.12195    A:0.32927    G:0.29268
position  2:    T:0.31707    C:0.18293    A:0.31707    G:0.18293
position  3:    T:0.35366    C:0.19512    A:0.37805    G:0.07317
Average         T:0.30894    C:0.16667    A:0.34146    G:0.18293

#7: DefassaWaterbuck
position  1:    T:0.25610    C:0.13415    A:0.31707    G:0.29268
position  2:    T:0.30488    C:0.19512    A:0.31707    G:0.18293
position  3:    T:0.36585    C:0.18293    A:0.34146    G:0.10976
Average         T:0.30894    C:0.17073    A:0.32520    G:0.19512

#8: Sheep          
position  1:    T:0.25610    C:0.13415    A:0.31707    G:0.29268
position  2:    T:0.30488    C:0.19512    A:0.31707    G:0.18293
position  3:    T:0.39024    C:0.15854    A:0.34146    G:0.10976
Average         T:0.31707    C:0.16260    A:0.32520    G:0.19512

#9: MaxwellsDuiker 
position  1:    T:0.25610    C:0.13415    A:0.31707    G:0.29268
position  2:    T:0.30488    C:0.19512    A:0.32927    G:0.17073
position  3:    T:0.35366    C:0.20732    A:0.32927    G:0.10976
Average         T:0.30488    C:0.17886    A:0.32520    G:0.19106

#10: GazellaPrzewalskyi
position  1:    T:0.25610    C:0.12195    A:0.32927    G:0.29268
position  2:    T:0.30488    C:0.19512    A:0.31707    G:0.18293
position  3:    T:0.36585    C:0.18293    A:0.34146    G:0.10976
Average         T:0.30894    C:0.16667    A:0.32927    G:0.19512

#11: MountainNyala  
position  1:    T:0.25610    C:0.13415    A:0.31707    G:0.29268
position  2:    T:0.30488    C:0.19512    A:0.31707    G:0.18293
position  3:    T:0.35366    C:0.19512    A:0.34146    G:0.10976
Average         T:0.30488    C:0.17480    A:0.32520    G:0.19512

#12: MuntiacusMuntjak
position  1:    T:0.25610    C:0.13415    A:0.31707    G:0.29268
position  2:    T:0.30488    C:0.19512    A:0.31707    G:0.18293
position  3:    T:0.34146    C:0.19512    A:0.35366    G:0.10976
Average         T:0.30081    C:0.17480    A:0.32927    G:0.19512

#13: goat           
position  1:    T:0.25610    C:0.13415    A:0.31707    G:0.29268
position  2:    T:0.30488    C:0.19512    A:0.31707    G:0.18293
position  3:    T:0.39024    C:0.15854    A:0.34146    G:0.10976
Average         T:0.31707    C:0.16260    A:0.32520    G:0.19512

#14: AfricanBuffalo 
position  1:    T:0.25610    C:0.13415    A:0.31707    G:0.29268
position  2:    T:0.30488    C:0.19512    A:0.31707    G:0.18293
position  3:    T:0.34146    C:0.20732    A:0.35366    G:0.09756
Average         T:0.30081    C:0.17886    A:0.32927    G:0.19106

#15: Topi           
position  1:    T:0.25610    C:0.13415    A:0.31707    G:0.29268
position  2:    T:0.30488    C:0.19512    A:0.31707    G:0.18293
position  3:    T:0.36585    C:0.18293    A:0.34146    G:0.10976
Average         T:0.30894    C:0.17073    A:0.32520    G:0.19512

#16: CommonDuiker   
position  1:    T:0.25610    C:0.13415    A:0.31707    G:0.29268
position  2:    T:0.30488    C:0.19512    A:0.31707    G:0.18293
position  3:    T:0.35366    C:0.18293    A:0.34146    G:0.12195
Average         T:0.30488    C:0.17073    A:0.32520    G:0.19919

#17: Suni           
position  1:    T:0.25610    C:0.13415    A:0.32927    G:0.28049
position  2:    T:0.30488    C:0.19512    A:0.31707    G:0.18293
position  3:    T:0.37805    C:0.18293    A:0.34146    G:0.09756
Average         T:0.31301    C:0.17073    A:0.32927    G:0.18699

#18: Springbuck     
position  1:    T:0.25610    C:0.13415    A:0.31707    G:0.29268
position  2:    T:0.30488    C:0.19512    A:0.31707    G:0.18293
position  3:    T:0.39024    C:0.17073    A:0.31707    G:0.12195
Average         T:0.31707    C:0.16667    A:0.31707    G:0.19919

#19: Okapi          
position  1:    T:0.25610    C:0.13415    A:0.30488    G:0.30488
position  2:    T:0.30488    C:0.19512    A:0.31707    G:0.18293
position  3:    T:0.35366    C:0.19512    A:0.34146    G:0.10976
Average         T:0.30488    C:0.17480    A:0.32114    G:0.19919

#20: Giraffe        
position  1:    T:0.25610    C:0.13415    A:0.30488    G:0.30488
position  2:    T:0.30488    C:0.19512    A:0.31707    G:0.18293
position  3:    T:0.35366    C:0.19512    A:0.34146    G:0.10976
Average         T:0.30488    C:0.17480    A:0.32114    G:0.19919

#21: TibetanAntelope
position  1:    T:0.25610    C:0.13415    A:0.31707    G:0.29268
position  2:    T:0.30488    C:0.19512    A:0.31707    G:0.18293
position  3:    T:0.39024    C:0.15854    A:0.34146    G:0.10976
Average         T:0.31707    C:0.16260    A:0.32520    G:0.19512

#22: Sitatunga      
position  1:    T:0.25610    C:0.13415    A:0.31707    G:0.29268
position  2:    T:0.30488    C:0.19512    A:0.31707    G:0.18293
position  3:    T:0.35366    C:0.19512    A:0.34146    G:0.10976
Average         T:0.30488    C:0.17480    A:0.32520    G:0.19512

#23: Oribi          
position  1:    T:0.25610    C:0.13415    A:0.31707    G:0.29268
position  2:    T:0.30488    C:0.19512    A:0.31707    G:0.18293
position  3:    T:0.36585    C:0.18293    A:0.35366    G:0.09756
Average         T:0.30894    C:0.17073    A:0.32927    G:0.19106

#24: BarbarySheep   
position  1:    T:0.25610    C:0.13415    A:0.31707    G:0.29268
position  2:    T:0.30488    C:0.19512    A:0.31707    G:0.18293
position  3:    T:0.39024    C:0.14634    A:0.34146    G:0.12195
Average         T:0.31707    C:0.15854    A:0.32520    G:0.19919

#25: Daviddeer      
position  1:    T:0.25610    C:0.13415    A:0.30488    G:0.30488
position  2:    T:0.30488    C:0.19512    A:0.31707    G:0.18293
position  3:    T:0.35366    C:0.18293    A:0.34146    G:0.12195
Average         T:0.30488    C:0.17073    A:0.32114    G:0.20325

#26: Reindeer       
position  1:    T:0.25610    C:0.13415    A:0.31707    G:0.29268
position  2:    T:0.30488    C:0.19512    A:0.31707    G:0.18293
position  3:    T:0.35366    C:0.19512    A:0.34146    G:0.10976
Average         T:0.30488    C:0.17480    A:0.32520    G:0.19512

#27: Ibex           
position  1:    T:0.25610    C:0.13415    A:0.31707    G:0.29268
position  2:    T:0.30488    C:0.19512    A:0.31707    G:0.18293
position  3:    T:0.39024    C:0.15854    A:0.34146    G:0.10976
Average         T:0.31707    C:0.16260    A:0.32520    G:0.19512

#28: GyrantGazelle  
position  1:    T:0.25610    C:0.13415    A:0.31707    G:0.29268
position  2:    T:0.30488    C:0.19512    A:0.31707    G:0.18293
position  3:    T:0.36585    C:0.18293    A:0.32927    G:0.12195
Average         T:0.30894    C:0.17073    A:0.32114    G:0.19919

#29: Hartebeest     
position  1:    T:0.25610    C:0.13415    A:0.31707    G:0.29268
position  2:    T:0.30488    C:0.19512    A:0.31707    G:0.18293
position  3:    T:0.37805    C:0.17073    A:0.34146    G:0.10976
Average         T:0.31301    C:0.16667    A:0.32520    G:0.19512

#30: Bongo          
position  1:    T:0.25610    C:0.13415    A:0.31707    G:0.29268
position  2:    T:0.30488    C:0.19512    A:0.31707    G:0.18293
position  3:    T:0.35366    C:0.19512    A:0.34146    G:0.10976
Average         T:0.30488    C:0.17480    A:0.32520    G:0.19512

#31: Gerenuk        
position  1:    T:0.25610    C:0.13415    A:0.31707    G:0.29268
position  2:    T:0.30488    C:0.19512    A:0.31707    G:0.18293
position  3:    T:0.37805    C:0.17073    A:0.34146    G:0.10976
Average         T:0.31301    C:0.16667    A:0.32520    G:0.19512

#32: CommonEland    
position  1:    T:0.25610    C:0.13415    A:0.30488    G:0.30488
position  2:    T:0.30488    C:0.19512    A:0.31707    G:0.18293
position  3:    T:0.36585    C:0.18293    A:0.34146    G:0.10976
Average         T:0.30894    C:0.17073    A:0.32114    G:0.19919

#33: MuntiacusReevesi
position  1:    T:0.25610    C:0.13415    A:0.31707    G:0.29268
position  2:    T:0.30488    C:0.19512    A:0.31707    G:0.18293
position  3:    T:0.34146    C:0.19512    A:0.35366    G:0.10976
Average         T:0.30081    C:0.17480    A:0.32927    G:0.19512

#34: HarveysDuiker  
position  1:    T:0.24390    C:0.13415    A:0.31707    G:0.30488
position  2:    T:0.30488    C:0.19512    A:0.31707    G:0.18293
position  3:    T:0.35366    C:0.18293    A:0.34146    G:0.12195
Average         T:0.30081    C:0.17073    A:0.32520    G:0.20325

#35: Pronghorn      
position  1:    T:0.25610    C:0.13415    A:0.31707    G:0.29268
position  2:    T:0.30488    C:0.19512    A:0.31707    G:0.18293
position  3:    T:0.36585    C:0.18293    A:0.39024    G:0.06098
Average         T:0.30894    C:0.17073    A:0.34146    G:0.17886

#36: BlueWildebeest 
position  1:    T:0.25610    C:0.13415    A:0.31707    G:0.29268
position  2:    T:0.30488    C:0.19512    A:0.31707    G:0.18293
position  3:    T:0.36585    C:0.18293    A:0.34146    G:0.10976
Average         T:0.30894    C:0.17073    A:0.32520    G:0.19512

#37: Gemsbok        
position  1:    T:0.25610    C:0.13415    A:0.31707    G:0.29268
position  2:    T:0.30488    C:0.19512    A:0.31707    G:0.18293
position  3:    T:0.37805    C:0.17073    A:0.35366    G:0.09756
Average         T:0.31301    C:0.16667    A:0.32927    G:0.19106

#38: Yak            
position  1:    T:0.25610    C:0.13415    A:0.30488    G:0.30488
position  2:    T:0.30488    C:0.18293    A:0.31707    G:0.19512
position  3:    T:0.35366    C:0.19512    A:0.34146    G:0.10976
Average         T:0.30488    C:0.17073    A:0.32114    G:0.20325

#39: BlueSheep      
position  1:    T:0.25610    C:0.13415    A:0.31707    G:0.29268
position  2:    T:0.30488    C:0.19512    A:0.31707    G:0.18293
position  3:    T:0.37805    C:0.15854    A:0.34146    G:0.12195
Average         T:0.31301    C:0.16260    A:0.32520    G:0.19919

#40: BohorReedbuck  
position  1:    T:0.25610    C:0.13415    A:0.31707    G:0.29268
position  2:    T:0.30488    C:0.19512    A:0.31707    G:0.18293
position  3:    T:0.36585    C:0.18293    A:0.34146    G:0.10976
Average         T:0.30894    C:0.17073    A:0.32520    G:0.19512

#41: KirksDik       
position  1:    T:0.24390    C:0.13415    A:0.32927    G:0.29268
position  2:    T:0.30488    C:0.19512    A:0.31707    G:0.18293
position  3:    T:0.36585    C:0.18293    A:0.36585    G:0.08537
Average         T:0.30488    C:0.17073    A:0.33740    G:0.18699

#42: RoeDeer        
position  1:    T:0.25610    C:0.13415    A:0.31707    G:0.29268
position  2:    T:0.30488    C:0.19512    A:0.31707    G:0.18293
position  3:    T:0.35366    C:0.19512    A:0.35366    G:0.09756
Average         T:0.30488    C:0.17480    A:0.32927    G:0.19106

#43: WhiteLippedDeer
position  1:    T:0.25610    C:0.13415    A:0.31707    G:0.29268
position  2:    T:0.30488    C:0.19512    A:0.31707    G:0.18293
position  3:    T:0.35366    C:0.18293    A:0.35366    G:0.10976
Average         T:0.30488    C:0.17073    A:0.32927    G:0.19512

#44: ThomsonGazelle 
position  1:    T:0.25610    C:0.13415    A:0.31707    G:0.29268
position  2:    T:0.30488    C:0.19512    A:0.31707    G:0.18293
position  3:    T:0.36585    C:0.18293    A:0.34146    G:0.10976
Average         T:0.30894    C:0.17073    A:0.32520    G:0.19512

#45: MuntiacusCrinifrons
position  1:    T:0.25610    C:0.13415    A:0.31707    G:0.29268
position  2:    T:0.30488    C:0.19512    A:0.31707    G:0.18293
position  3:    T:0.34146    C:0.19512    A:0.35366    G:0.10976
Average         T:0.30081    C:0.17480    A:0.32927    G:0.19512

#46: WhiteTailedDeer
position  1:    T:0.25610    C:0.13415    A:0.31707    G:0.29268
position  2:    T:0.30488    C:0.19512    A:0.31707    G:0.18293
position  3:    T:0.36585    C:0.18293    A:0.32927    G:0.12195
Average         T:0.30894    C:0.17073    A:0.32114    G:0.19919

#47: Cattle         
position  1:    T:0.25610    C:0.13415    A:0.30488    G:0.30488
position  2:    T:0.30488    C:0.18293    A:0.31707    G:0.19512
position  3:    T:0.35366    C:0.19512    A:0.34146    G:0.10976
Average         T:0.30488    C:0.17073    A:0.32114    G:0.20325

#48: RoyalAntelope  
position  1:    T:0.25610    C:0.13415    A:0.31707    G:0.29268
position  2:    T:0.30488    C:0.19512    A:0.31707    G:0.18293
position  3:    T:0.32927    C:0.21951    A:0.32927    G:0.12195
Average         T:0.29675    C:0.18293    A:0.32114    G:0.19919

#49: Steenbok       
position  1:    T:0.25610    C:0.13415    A:0.31707    G:0.29268
position  2:    T:0.30488    C:0.19512    A:0.31707    G:0.18293
position  3:    T:0.37805    C:0.17073    A:0.35366    G:0.09756
Average         T:0.31301    C:0.16667    A:0.32927    G:0.19106

#50: Impala         
position  1:    T:0.25610    C:0.12195    A:0.32927    G:0.29268
position  2:    T:0.30488    C:0.19512    A:0.31707    G:0.18293
position  3:    T:0.37805    C:0.18293    A:0.31707    G:0.12195
Average         T:0.31301    C:0.16667    A:0.32114    G:0.19919

#51: Klipspringer   
position  1:    T:0.25610    C:0.13415    A:0.31707    G:0.29268
position  2:    T:0.30488    C:0.19512    A:0.31707    G:0.18293
