1
52 1
Argali 0.000000 0.404900 0.079900 0.453600 0.057600 0.000000 0.116400 0.056500 0.111500 0.110700 0.025500 0.056700 0.057400 0.116600 0.086100 0.027400 0.223600 0.156200 0.026600 0.111500 0.086600 0.080800 0.084600 0.236500 0.026500 0.027400 0.057400 0.138800 0.057100 0.141900 0.110700 0.083100 0.189500 0.057400 0.085700 0.112200 0.000000 0.083400 0.237000 0.149800 0.116200 0.054900 0.110700 0.237900 0.109900 0.169600 0.112100 0.056900 0.168100 0.057100 0.138800 0.140500
LesserMous 0.404900 0.000000 0.525400 0.586300 0.418300 0.404900 0.509400 0.414500 0.488800 0.480900 0.442400 0.414300 0.426000 0.520000 0.462800 0.360900 0.655400 0.543200 0.367600 0.488800 0.462200 0.529200 0.457300 0.588800 0.442400 0.360900 0.426000 0.528200 0.326100 0.539200 0.480900 0.443000 0.386700 0.426000 0.465000 0.395500 0.404900 0.446400 0.726100 0.475500 0.412400 0.399100 0.480900 0.599900 0.473200 0.588100 0.464700 0.417900 0.572300 0.420600 0.528200 0.537900
LesserKudu 0.079900 0.525400 0.000000 0.427900 0.143500 0.079900 0.203600 0.140900 0.077800 0.194200 0.106300 0.141100 0.143800 0.204600 0.172000 0.109300 0.285700 0.251400 0.110800 0.077800 0.172600 0.162300 0.169600 0.258200 0.106300 0.109300 0.143800 0.103400 0.142400 0.105100 0.194200 0.165900 0.212600 0.143800 0.172200 0.196200 0.079900 0.107000 0.294200 0.208000 0.203700 0.107800 0.194200 0.259900 0.132000 0.160700 0.199500 0.141800 0.190700 0.142300 0.103400 0.104100
KillerWhal 0.453600 0.586300 0.427900 0.000000 0.380000 0.453600 0.369700 0.370700 0.348700 0.435200 0.490600 0.369300 0.380400 0.370100 0.415600 0.412500 0.529400 0.438100 0.416900 0.348700 0.420000 0.476500 0.406700 0.585700 0.490600 0.412500 0.380400 0.298800 0.476400 0.394100 0.435200 0.310000 0.458800 0.380400 0.416600 0.363900 0.453600 0.499600 0.430800 0.527200 0.464800 0.358200 0.435200 0.593600 0.432400 0.429000 0.424600 0.376500 0.305700 0.376200 0.298800 0.304800
DefassaWat 0.057600 0.418300 0.143500 0.380000 0.000000 0.057600 0.058700 0.000200 0.056100 0.055700 0.086000 0.000200 0.000100 0.058700 0.029000 0.028600 0.159900 0.094500 0.029000 0.056100 0.029200 0.145300 0.028400 0.177900 0.086000 0.028600 0.000100 0.083700 0.059500 0.085700 0.055700 0.027900 0.125400 0.000100 0.029000 0.056500 0.057600 0.086600 0.178000 0.090400 0.058500 0.057100 0.055700 0.178600 0.055400 0.113500 0.057300 0.000100 0.113000 0.000100 0.083700 0.084700
Sheep 0.000000 0.404900 0.079900 0.453600 0.057600 0.000000 0.116400 0.056500 0.111500 0.110700 0.026500 0.056700 0.057400 0.116600 0.086100 0.027400 0.223600 0.156200 0.026200 0.111500 0.086600 0.080800 0.084600 0.236500 0.025600 0.027400 0.057400 0.138800 0.057100 0.141900 0.110700 0.083100 0.189500 0.057400 0.085700 0.112200 0.000000 0.083400 0.237000 0.149800 0.116200 0.054900 0.110700 0.237900 0.109900 0.169600 0.112100 0.056900 0.168100 0.057100 0.138800 0.140500
MaxwellsDu 0.116400 0.509400 0.203600 0.369700 0.058700 0.116400 0.000000 0.057600 0.113400 0.112600 0.144800 0.057800 0.058900 0.057200 0.087900 0.086000 0.226700 0.159200 0.087700 0.113400 0.088000 0.142300 0.086300 0.208800 0.144800 0.086000 0.058900 0.081900 0.119500 0.144500 0.112600 0.027300 0.192800 0.058900 0.087800 0.114300 0.116400 0.145100 0.241000 0.152500 0.118300 0.114900 0.112600 0.241700 0.111900 0.171700 0.115900 0.057800 0.110800 0.058200 0.081900 0.082900
GazellaPrz 0.056500 0.414500 0.140900 0.370700 0.000200 0.056500 0.057600 0.000000 0.055000 0.054700 0.084400 0.000200 0.000200 0.057700 0.028500 0.028000 0.156800 0.092500 0.028400 0.055000 0.028600 0.142700 0.027800 0.174500 0.084400 0.028000 0.000200 0.082100 0.058300 0.084100 0.054700 0.027300 0.122100 0.000200 0.028400 0.055400 0.056500 0.085000 0.175200 0.088700 0.057400 0.056000 0.054700 0.175500 0.054400 0.111500 0.056200 0.000100 0.110900 0.000200 0.082100 0.083100
MountainNy 0.111500 0.488800 0.077800 0.348700 0.056100 0.111500 0.113400 0.055000 0.000000 0.108000 0.139000 0.055200 0.056200 0.113700 0.083900 0.082700 0.183500 0.152200 0.083900 0.000000 0.084400 0.198100 0.082600 0.198900 0.139000 0.082700 0.056200 0.025200 0.115000 0.025900 0.108000 0.080800 0.115400 0.056200 0.083900 0.109200 0.111500 0.080900 0.231200 0.115300 0.113200 0.110400 0.108000 0.199900 0.051700 0.106000 0.110900 0.055400 0.106200 0.055600 0.025200 0.025600
MuntiacusM 0.110700 0.480900 0.194200 0.435200 0.055700 0.110700 0.112600 0.054700 0.108000 0.000000 0.138000 0.054800 0.055800 0.112800 0.083400 0.082200 0.215600 0.150700 0.083300 0.108000 0.083800 0.196400 0.025700 0.160700 0.138000 0.082200 0.055800 0.134500 0.114100 0.137500 0.000000 0.080400 0.182000 0.055800 0.083400 0.108500 0.110700 0.139000 0.229300 0.081600 0.052700 0.109700 0.000000 0.161300 0.106500 0.164300 0.110200 0.055100 0.135500 0.055200 0.134500 0.136100
goat 0.025500 0.442400 0.106300 0.490600 0.086000 0.026500 0.144800 0.084400 0.139000 0.138000 0.000000 0.084600 0.085700 0.145200 0.114300 0.054600 0.255600 0.187000 0.055100 0.139000 0.114900 0.107500 0.112400 0.266000 0.000000 0.054600 0.085700 0.166400 0.085300 0.170000 0.138000 0.110400 0.221200 0.085700 0.054900 0.139700 0.026500 0.082100 0.266700 0.179500 0.144800 0.081900 0.138000 0.267800 0.136900 0.197500 0.140200 0.084900 0.195700 0.085200 0.166400 0.168400
AfricanBuf 0.056700 0.414300 0.141100 0.369300 0.000200 0.056700 0.057800 0.000200 0.055200 0.054800 0.084600 0.000000 0.000200 0.057800 0.028600 0.028100 0.157000 0.092800 0.028500 0.055200 0.028700 0.143000 0.027900 0.174900 0.084600 0.028100 0.000200 0.082300 0.058500 0.084200 0.054800 0.027400 0.122000 0.000200 0.028500 0.055700 0.056700 0.085200 0.175200 0.089000 0.057600 0.056200 0.054800 0.175600 0.054500 0.111800 0.056500 0.000100 0.111300 0.000200 0.082300 0.083300
Topi 0.057400 0.426000 0.143800 0.380400 0.000100 0.057400 0.058900 0.000200 0.056200 0.055800 0.085700 0.000200 0.000000 0.058900 0.029100 0.028600 0.160300 0.094600 0.028000 0.056200 0.029300 0.145000 0.028400 0.178300 0.085700 0.028600 0.000000 0.083800 0.059600 0.085900 0.055800 0.027900 0.125900 0.000000 0.028900 0.056700 0.057400 0.086800 0.178500 0.090600 0.058700 0.057200 0.055800 0.179100 0.055600 0.113900 0.055100 0.000100 0.112900 0.000100 0.083800 0.084800
CommonDuik 0.116600 0.520000 0.204600 0.370100 0.058700 0.116600 0.057200 0.057700 0.113700 0.112800 0.145200 0.057800 0.058900 0.000000 0.087900 0.086100 0.228300 0.159700 0.087800 0.113700 0.088000 0.142600 0.081800 0.241500 0.145200 0.086100 0.058900 0.082100 0.119800 0.144800 0.112800 0.027300 0.194100 0.058900 0.087800 0.114600 0.116600 0.145600 0.242100 0.150400 0.118600 0.115000 0.112800 0.242800 0.112100 0.172000 0.116100 0.057800 0.110900 0.058200 0.082100 0.083100
Suni 0.086100 0.462800 0.172000 0.415600 0.029000 0.086100 0.087900 0.028500 0.083900 0.083400 0.114300 0.028600 0.029100 0.087900 0.000000 0.056900 0.191300 0.125500 0.057700 0.083900 0.058300 0.174200 0.056800 0.207500 0.114300 0.056900 0.029100 0.111300 0.088900 0.114000 0.083400 0.055600 0.156900 0.029100 0.057800 0.084600 0.086100 0.115200 0.207900 0.120300 0.087600 0.085500 0.083400 0.208400 0.082900 0.141900 0.085800 0.028700 0.141200 0.028800 0.111300 0.112600
Springbuck 0.027400 0.360900 0.109300 0.412500 0.028600 0.027400 0.086000 0.028000 0.082700 0.082200 0.054600 0.028100 0.028600 0.086100 0.056900 0.000000 0.188900 0.123600 0.000100 0.082700 0.057100 0.110800 0.055900 0.204300 0.054600 0.000000 0.028600 0.109800 0.027300 0.112300 0.082200 0.054800 0.155600 0.028600 0.056900 0.083400 0.027400 0.054600 0.204700 0.118500 0.086300 0.027100 0.082200 0.205300 0.081700 0.139000 0.084500 0.027400 0.139000 0.028300 0.109800 0.111100
Okapi 0.223600 0.655400 0.285700 0.529400 0.159900 0.223600 0.226700 0.156800 0.183500 0.215600 0.255600 0.157000 0.160300 0.228300 0.191300 0.188900 0.000000 0.124200 0.191800 0.183500 0.192200 0.326600 0.188700 0.323600 0.255600 0.188900 0.160300 0.213800 0.158900 0.218500 0.215600 0.184600 0.242000 0.160300 0.191900 0.246200 0.223600 0.221900 0.322100 0.229000 0.227400 0.221100 0.215600 0.326500 0.180200 0.249100 0.253900 0.157800 0.282600 0.158400 0.213800 0.216700
Giraffe 0.156200 0.543200 0.251400 0.438100 0.094500 0.156200 0.159200 0.092500 0.152200 0.150700 0.187000 0.092800 0.094600 0.159700 0.125500 0.123600 0.124200 0.000000 0.125400 0.152200 0.126400 0.254000 0.123200 0.292800 0.187000 0.123600 0.094600 0.181900 0.093700 0.186300 0.150700 0.120700 0.206500 0.094600 0.125500 0.177500 0.156200 0.188600 0.179900 0.197800 0.159100 0.154700 0.150700 0.294800 0.149800 0.216300 0.184700 0.093200 0.214600 0.093600 0.181900 0.184200
TibetanAnt 0.026600 0.367600 0.110800 0.416900 0.029000 0.026200 0.087700 0.028400 0.083900 0.083300 0.055100 0.028500 0.028000 0.087800 0.057700 0.000100 0.191800 0.125400 0.000000 0.083900 0.058100 0.111800 0.056600 0.207200 0.055100 0.000100 0.027800 0.111300 0.028700 0.113900 0.083300 0.055600 0.157800 0.028900 0.057400 0.084500 0.026600 0.055800 0.207600 0.120200 0.087500 0.027600 0.083300 0.208300 0.082800 0.141700 0.083800 0.028600 0.140400 0.028700 0.111300 0.112600
Sitatunga 0.111500 0.488800 0.077800 0.348700 0.056100 0.111500 0.113400 0.055000 0.000000 0.108000 0.139000 0.055200 0.056200 0.113700 0.083900 0.082700 0.183500 0.152200 0.083900 0.000000 0.084400 0.198100 0.082600 0.198900 0.139000 0.082700 0.056200 0.025200 0.115000 0.025900 0.108000 0.080800 0.115400 0.056200 0.083900 0.109200 0.111500 0.080900 0.231200 0.115300 0.113200 0.110400 0.108000 0.199900 0.051700 0.106000 0.110900 0.055400 0.106200 0.055600 0.025200 0.025600
Oribi 0.086600 0.462200 0.172600 0.420000 0.029200 0.086600 0.088000 0.028600 0.084400 0.083800 0.114900 0.028700 0.029300 0.088000 0.058300 0.057100 0.192200 0.126400 0.058100 0.084400 0.000000 0.174700 0.057100 0.208000 0.114900 0.057000 0.029300 0.111800 0.089000 0.114500 0.083800 0.055900 0.158900 0.029300 0.058100 0.085100 0.086600 0.115100 0.208500 0.120900 0.088100 0.085500 0.083800 0.209000 0.083400 0.141800 0.086300 0.028700 0.141700 0.028900 0.111800 0.113100
BarbaryShe 0.080800 0.529200 0.162300 0.476500 0.145300 0.080800 0.142300 0.142700 0.198100 0.196400 0.107500 0.143000 0.145000 0.142600 0.174200 0.110800 0.326600 0.254000 0.111800 0.198100 0.174700 0.000000 0.171400 0.331900 0.107500 0.110800 0.145000 0.163600 0.144400 0.230800 0.196400 0.108500 0.291100 0.145000 0.173600 0.198300 0.080800 0.169100 0.333300 0.244100 0.206200 0.138700 0.196400 0.334500 0.194800 0.258900 0.200200 0.143700 0.132100 0.144200 0.163600 0.165600
Daviddeer 0.084600 0.457300 0.169600 0.406700 0.028400 0.084600 0.086300 0.027800 0.082600 0.025700 0.112400 0.027900 0.028400 0.081800 0.056800 0.055900 0.188700 0.123200 0.056600 0.082600 0.057100 0.171400 0.000000 0.136300 0.112400 0.055900 0.028400 0.109600 0.087400 0.112200 0.025700 0.054600 0.153800 0.028400 0.056700 0.083100 0.084600 0.113300 0.204700 0.055200 0.026900 0.084000 0.025700 0.136800 0.081600 0.139700 0.084300 0.028100 0.110400 0.028100 0.109600 0.110900
Reindeer 0.236500 0.588800 0.258200 0.585700 0.177900 0.236500 0.208800 0.174500 0.198900 0.160700 0.266000 0.174900 0.178300 0.241500 0.207500 0.204300 0.323600 0.292800 0.207200 0.198900 0.208000 0.331900 0.136300 0.000000 0.266000 0.204300 0.178300 0.226800 0.244100 0.232100 0.160700 0.199600 0.217200 0.178300 0.207500 0.231600 0.236500 0.234800 0.334700 0.081100 0.108700 0.201700 0.160700 0.049900 0.195900 0.164700 0.235600 0.175800 0.260800 0.176400 0.226800 0.229800
Ibex 0.026500 0.442400 0.106300 0.490600 0.086000 0.025600 0.144800 0.084400 0.139000 0.138000 0.000000 0.084600 0.085700 0.145200 0.114300 0.054600 0.255600 0.187000 0.055100 0.139000 0.114900 0.107500 0.112400 0.266000 0.000000 0.054600 0.085700 0.166400 0.085300 0.170000 0.138000 0.110400 0.221200 0.085700 0.054900 0.139700 0.026500 0.082100 0.266700 0.179500 0.144800 0.081900 0.138000 0.267800 0.136900 0.197500 0.140200 0.084900 0.195700 0.085200 0.166400 0.168400
GyrantGaze 0.027400 0.360900 0.109300 0.412500 0.028600 0.027400 0.086000 0.028000 0.082700 0.082200 0.054600 0.028100 0.028600 0.086100 0.056900 0.000000 0.188900 0.123600 0.000100 0.082700 0.057000 0.110800 0.055900 0.204300 0.054600 0.000000 0.028600 0.109800 0.028200 0.112300 0.082200 0.054800 0.155600 0.028600 0.056900 0.083400 0.027400 0.054800 0.204700 0.118500 0.086300 0.027100 0.082200 0.205300 0.081700 0.139000 0.084500 0.028100 0.139000 0.028300 0.109800 0.111100
Hartebeest 0.057400 0.426000 0.143800 0.380400 0.000100 0.057400 0.058900 0.000200 0.056200 0.055800 0.085700 0.000200 0.000000 0.058900 0.029100 0.028600 0.160300 0.094600 0.027800 0.056200 0.029300 0.145000 0.028400 0.178300 0.085700 0.028600 0.000000 0.083800 0.059600 0.085900 0.055800 0.027900 0.125900 0.000000 0.028100 0.056700 0.057400 0.086800 0.178500 0.090600 0.058700 0.057200 0.055800 0.179100 0.055600 0.113900 0.055100 0.000100 0.112900 0.000100 0.083800 0.084800
Bongo 0.138800 0.528200 0.103400 0.298800 0.083700 0.138800 0.081900 0.082100 0.025200 0.134500 0.166400 0.082300 0.083800 0.082100 0.111300 0.109800 0.213800 0.181900 0.111300 0.025200 0.111800 0.163600 0.109600 0.226800 0.166400 0.109800 0.083800 0.000000 0.143100 0.051500 0.134500 0.052000 0.145100 0.083800 0.111400 0.135900 0.138800 0.107400 0.259900 0.143700 0.140900 0.137400 0.134500 0.228100 0.077100 0.132000 0.138100 0.082700 0.076900 0.082900 0.000000 0.000100
Gerenuk 0.057100 0.326100 0.142400 0.476400 0.059500 0.057100 0.119500 0.058300 0.115000 0.114100 0.085300 0.058500 0.059600 0.119800 0.088900 0.027300 0.158900 0.093700 0.028700 0.115000 0.089000 0.144400 0.087400 0.244100 0.085300 0.028200 0.059600 0.143100 0.000000 0.146400 0.114100 0.085600 0.196900 0.059600 0.089000 0.115800 0.057100 0.085500 0.244700 0.155000 0.120000 0.056300 0.114100 0.245600 0.113200 0.173800 0.117300 0.058500 0.173800 0.058900 0.143100 0.144900
CommonElan 0.141900 0.539200 0.105100 0.394100 0.085700 0.141900 0.144500 0.084100 0.025900 0.137500 0.170000 0.084200 0.085900 0.144800 0.114000 0.112300 0.218500 0.186300 0.113900 0.025900 0.114500 0.230800 0.112200 0.232100 0.170000 0.112300 0.085900 0.051500 0.146400 0.000000 0.137500 0.109800 0.149300 0.085900 0.114000 0.139100 0.141900 0.109700 0.265800 0.146900 0.144200 0.140700 0.137500 0.233500 0.078900 0.135100 0.141300 0.084700 0.135200 0.084900 0.051500 0.051800
MuntiacusR 0.110700 0.480900 0.194200 0.435200 0.055700 0.110700 0.112600 0.054700 0.108000 0.000000 0.138000 0.054800 0.055800 0.112800 0.083400 0.082200 0.215600 0.150700 0.083300 0.108000 0.083800 0.196400 0.025700 0.160700 0.138000 0.082200 0.055800 0.134500 0.114100 0.137500 0.000000 0.080400 0.182000 0.055800 0.083400 0.108500 0.110700 0.139000 0.229300 0.081600 0.051600 0.109700 0.000000 0.161300 0.106500 0.164300 0.110200 0.055100 0.135500 0.055200 0.134500 0.136100
HarveysDui 0.083100 0.443000 0.165900 0.310000 0.027900 0.083100 0.027300 0.027300 0.080800 0.080400 0.110400 0.027400 0.027900 0.027300 0.055600 0.054800 0.184600 0.120700 0.055600 0.080800 0.055900 0.108500 0.054600 0.199600 0.110400 0.054800 0.027900 0.052000 0.085600 0.109800 0.080400 0.000000 0.150300 0.027900 0.055600 0.081300 0.083100 0.111100 0.200100 0.115900 0.084300 0.082200 0.080400 0.200600 0.079800 0.136600 0.082600 0.027600 0.079100 0.027600 0.052000 0.052700
Pronghorn 0.189500 0.386700 0.212600 0.458800 0.125400 0.189500 0.192800 0.122100 0.115400 0.182000 0.221200 0.122000 0.125900 0.194100 0.156900 0.155600 0.242000 0.206500 0.157800 0.115400 0.158900 0.291100 0.153800 0.217200 0.221200 0.155600 0.125900 0.145100 0.196900 0.149300 0.182000 0.150300 0.000000 0.125900 0.157800 0.119100 0.189500 0.151500 0.332200 0.124700 0.122300 0.187400 0.182000 0.218300 0.112700 0.178400 0.190100 0.124400 0.247600 0.123900 0.145100 0.148000
BlueWildeb 0.057400 0.426000 0.143800 0.380400 0.000100 0.057400 0.058900 0.000200 0.056200 0.055800 0.085700 0.000200 0.000000 0.058900 0.029100 0.028600 0.160300 0.094600 0.028900 0.056200 0.029300 0.145000 0.028400 0.178300 0.085700 0.028600 0.000000 0.083800 0.059600 0.085900 0.055800 0.027900 0.125900 0.000000 0.027700 0.056700 0.057400 0.086800 0.178500 0.090600 0.058700 0.057200 0.055800 0.179100 0.055600 0.113900 0.055100 0.000100 0.112900 0.000100 0.083800 0.084800
Gemsbok 0.085700 0.465000 0.172200 0.416600 0.029000 0.085700 0.087800 0.028400 0.083900 0.083400 0.054900 0.028500 0.028900 0.087800 0.057800 0.056900 0.191900 0.125500 0.057400 0.083900 0.058100 0.173600 0.056700 0.207500 0.054900 0.056900 0.028100 0.111400 0.089000 0.114000 0.083400 0.055600 0.157800 0.027700 0.000000 0.084600 0.085700 0.085400 0.207700 0.120300 0.087600 0.085400 0.083400 0.208500 0.082900 0.141800 0.083900 0.028600 0.140500 0.028700 0.111400 0.112700
Yak 0.112200 0.395500 0.196200 0.363900 0.056500 0.112200 0.114300 0.055400 0.109200 0.108500 0.139700 0.055700 0.056700 0.114600 0.084600 0.083400 0.246200 0.177500 0.084500 0.109200 0.085100 0.198300 0.083100 0.231600 0.139700 0.083400 0.056700 0.135900 0.115800 0.139100 0.108500 0.081300 0.119100 0.056700 0.084600 0.000000 0.112200 0.140700 0.234100 0.147100 0.114000 0.111200 0.108500 0.233000 0.107900 0.166300 0.111700 0.055900 0.166000 0.055800 0.135900 0.137600
BlueSheep 0.000000 0.404900 0.079900 0.453600 0.057600 0.000000 0.116400 0.056500 0.111500 0.110700 0.026500 0.056700 0.057400 0.116600 0.086100 0.027400 0.223600 0.156200 0.026600 0.111500 0.086600 0.080800 0.084600 0.236500 0.026500 0.027400 0.057400 0.138800 0.057100 0.141900 0.110700 0.083100 0.189500 0.057400 0.085700 0.112200 0.000000 0.083400 0.237000 0.149800 0.116200 0.054900 0.110700 0.237900 0.109900 0.169600 0.112100 0.056900 0.168100 0.057100 0.138800 0.140500
BohorReedb 0.083400 0.446400 0.107000 0.499600 0.086600 0.083400 0.145100 0.085000 0.080900 0.139000 0.082100 0.085200 0.086800 0.145600 0.115200 0.054600 0.221900 0.188600 0.055800 0.080900 0.115100 0.169100 0.113300 0.234800 0.082100 0.054800 0.086800 0.107400 0.085500 0.109700 0.139000 0.111100 0.151500 0.086800 0.085400 0.140700 0.083400 0.000000 0.268900 0.148600 0.145900 0.082100 0.139000 0.236200 0.079700 0.135700 0.142800 0.085100 0.197900 0.085800 0.107400 0.108700
KirksDik 0.237000 0.726100 0.294200 0.430800 0.178000 0.237000 0.241000 0.175200 0.231200 0.229300 0.266700 0.175200 0.178500 0.242100 0.207900 0.204700 0.322100 0.179900 0.207600 0.231200 0.208500 0.333300 0.204700 0.334700 0.266700 0.204700 0.178500 0.259900 0.244700 0.265800 0.229300 0.200100 0.332200 0.178500 0.207700 0.234100 0.237000 0.268900 0.000000 0.281900 0.241100 0.169300 0.229300 0.263300 0.229700 0.163000 0.235900 0.176000 0.289800 0.175200 0.259900 0.263200
RoeDeer 0.149800 0.475500 0.208000 0.527200 0.090400 0.149800 0.152500 0.088700 0.115300 0.081600 0.179500 0.089000 0.090600 0.150400 0.120300 0.118500 0.229000 0.197800 0.120200 0.115300 0.120900 0.244100 0.055200 0.081100 0.179500 0.118500 0.090600 0.143700 0.155000 0.146900 0.081600 0.115900 0.124700 0.090600 0.120300 0.147100 0.149800 0.148600 0.281900 0.000000 0.027700 0.148500 0.081600 0.081300 0.113700 0.175600 0.149100 0.089300 0.176100 0.089600 0.143700 0.145400
WhiteLippe 0.116200 0.412400 0.203700 0.464800 0.058500 0.116200 0.118300 0.057400 0.113200 0.052700 0.144800 0.057600 0.058700 0.118600 0.087600 0.086300 0.227400 0.159100 0.087500 0.113200 0.088100 0.206200 0.026900 0.108700 0.144800 0.086300 0.058700 0.140900 0.120000 0.144200 0.051600 0.084300 0.122300 0.058700 0.087600 0.114000 0.116200 0.145900 0.241100 0.027700 0.000000 0.115200 0.052700 0.109000 0.111600 0.172300 0.115600 0.057900 0.142000 0.058000 0.140900 0.142700
ThomsonGaz 0.054900 0.399100 0.107800 0.358200 0.057100 0.054900 0.114900 0.056000 0.110400 0.109700 0.081900 0.056200 0.057200 0.115000 0.085500 0.027100 0.221100 0.154700 0.027600 0.110400 0.085500 0.138700 0.084000 0.201700 0.081900 0.027100 0.057200 0.137400 0.056300 0.140700 0.109700 0.082200 0.187400 0.057200 0.085400 0.111200 0.054900 0.082100 0.169300 0.148500 0.115200 0.000000 0.109700 0.202600 0.109000 0.107700 0.112800 0.056200 0.167300 0.056600 0.137400 0.139100
MuntiacusC 0.110700 0.480900 0.194200 0.435200 0.055700 0.110700 0.112600 0.054700 0.108000 0.000000 0.138000 0.054800 0.055800 0.112800 0.083400 0.082200 0.215600 0.150700 0.083300 0.108000 0.083800 0.196400 0.025700 0.160700 0.138000 0.082200 0.055800 0.134500 0.114100 0.137500 0.000000 0.080400 0.182000 0.055800 0.083400 0.108500 0.110700 0.139000 0.229300 0.081600 0.052700 0.109700 0.000000 0.161300 0.106500 0.164300 0.110200 0.055100 0.135500 0.055200 0.134500 0.136100
WhiteTaile 0.237900 0.599900 0.259900 0.593600 0.178600 0.237900 0.241700 0.175500 0.199900 0.161300 0.267800 0.175600 0.179100 0.242800 0.208400 0.205300 0.326500 0.294800 0.208300 0.199900 0.209000 0.334500 0.136800 0.049900 0.267800 0.205300 0.179100 0.228100 0.245600 0.233500 0.161300 0.200600 0.218300 0.179100 0.208500 0.233000 0.237900 0.236200 0.263300 0.081300 0.109000 0.202600 0.161300 0.000000 0.196700 0.106300 0.236900 0.176500 0.262300 0.175100 0.228100 0.231100
Cattle 0.109900 0.473200 0.132000 0.432400 0.055400 0.109900 0.111900 0.054400 0.051700 0.106500 0.136900 0.054500 0.055600 0.112100 0.082900 0.081700 0.180200 0.149800 0.082800 0.051700 0.083400 0.194800 0.081600 0.195900 0.136900 0.081700 0.055600 0.077100 0.113200 0.078900 0.106500 0.079800 0.112700 0.055600 0.082900 0.107900 0.109900 0.079700 0.229700 0.113700 0.111600 0.109000 0.106500 0.196700 0.000000 0.104700 0.109500 0.054800 0.163300 0.055000 0.077100 0.078000
RoyalAntel 0.169600 0.588100 0.160700 0.429000 0.113500 0.169600 0.171700 0.111500 0.106000 0.164300 0.197500 0.111800 0.113900 0.172000 0.141900 0.139000 0.249100 0.216300 0.141700 0.106000 0.141800 0.258900 0.139700 0.164700 0.197500 0.139000 0.113900 0.132000 0.173800 0.135100 0.164300 0.136600 0.178400 0.113900 0.141800 0.166300 0.169600 0.135700 0.163000 0.175600 0.172300 0.107700 0.164300 0.106300 0.104700 0.000000 0.168900 0.111700 0.223200 0.111500 0.132000 0.133500
Steenbok 0.112100 0.464700 0.199500 0.424600 0.057300 0.112100 0.115900 0.056200 0.110900 0.110200 0.140200 0.056500 0.055100 0.116100 0.085800 0.084500 0.253900 0.184700 0.083800 0.110900 0.086300 0.200200 0.084300 0.235600 0.140200 0.084500 0.055100 0.138100 0.117300 0.141300 0.110200 0.082600 0.190100 0.055100 0.083900 0.111700 0.112100 0.142800 0.235900 0.149100 0.115600 0.112800 0.110200 0.236900 0.109500 0.168900 0.000000 0.056700 0.166600 0.056800 0.138100 0.139700
Impala 0.056900 0.417900 0.141800 0.376500 0.000100 0.056900 0.057800 0.000100 0.055400 0.055100 0.084900 0.000100 0.000100 0.057800 0.028700 0.027400 0.157800 0.093200 0.028600 0.055400 0.028700 0.143700 0.028100 0.175800 0.084900 0.028100 0.000100 0.082700 0.058500 0.084700 0.055100 0.027600 0.124400 0.000100 0.028600 0.055900 0.056900 0.085100 0.176000 0.089300 0.057900 0.056200 0.055100 0.176500 0.054800 0.111700 0.056700 0.000000 0.111700 0.000100 0.082700 0.083700
Klipspring 0.168100 0.572300 0.190700 0.305700 0.113000 0.168100 0.110800 0.110900 0.106200 0.135500 0.195700 0.111300 0.112900 0.110900 0.141200 0.139000 0.282600 0.214600 0.140400 0.106200 0.141700 0.132100 0.110400 0.260800 0.195700 0.139000 0.112900 0.076900 0.173800 0.135200 0.135500 0.079100 0.247600 0.112900 0.140500 0.166000 0.168100 0.197900 0.289800 0.176100 0.142000 0.167300 0.135500 0.262300 0.163300 0.223200 0.166600 0.111700 0.000000 0.112100 0.076900 0.077800
ForestMusk 0.057100 0.420600 0.142300 0.376200 0.000100 0.057100 0.058200 0.000200 0.055600 0.055200 0.085200 0.000200 0.000100 0.058200 0.028800 0.028300 0.158400 0.093600 0.028700 0.055600 0.028900 0.144200 0.028100 0.176400 0.085200 0.028300 0.000100 0.082900 0.058900 0.084900 0.055200 0.027600 0.123900 0.000100 0.028700 0.055800 0.057100 0.085800 0.175200 0.089600 0.058000 0.056600 0.055200 0.175100 0.055000 0.111500 0.056800 0.000100 0.112100 0.000000 0.082900 0.083900
Bushbuck 0.138800 0.528200 0.103400 0.298800 0.083700 0.138800 0.081900 0.082100 0.025200 0.134500 0.166400 0.082300 0.083800 0.082100 0.111300 0.109800 0.213800 0.181900 0.111300 0.025200 0.111800 0.163600 0.109600 0.226800 0.166400 0.109800 0.083800 0.000000 0.143100 0.051500 0.134500 0.052000 0.145100 0.083800 0.111400 0.135900 0.138800 0.107400 0.259900 0.143700 0.140900 0.137400 0.134500 0.228100 0.077100 0.132000 0.138100 0.082700 0.076900 0.082900 0.000000 0.000100
GreaterKud 0.140500 0.537900 0.104100 0.304800 0.084700 0.140500 0.082900 0.083100 0.025600 0.136100 0.168400 0.083300 0.084800 0.083100 0.112600 0.111100 0.216700 0.184200 0.112600 0.025600 0.113100 0.165600 0.110900 0.229800 0.168400 0.111100 0.084800 0.000100 0.144900 0.051800 0.136100 0.052700 0.148000 0.084800 0.112700 0.137600 0.140500 0.108700 0.263200 0.145400 0.142700 0.139100 0.136100 0.231100 0.078000 0.133500 0.139700 0.083700 0.077800 0.083900 0.000100 0.000000
