1
52 1
Argali 0.000000 0.231100 0.129500 0.291600 0.061700 0.000000 0.109600 0.085000 0.095600 0.175900 0.046000 0.112900 0.061900 0.079100 0.069700 0.118600 0.172200 0.167800 0.030300 0.103800 0.086000 0.029900 0.195800 0.169200 0.053700 0.093900 0.061900 0.079000 0.092900 0.112400 0.167600 0.102700 0.205100 0.070300 0.046100 0.087700 0.030200 0.037800 0.070600 0.195200 0.198300 0.085800 0.168900 0.149500 0.087600 0.062900 0.093800 0.102500 0.109900 0.140200 0.086100 0.095200
LesserMous 0.231100 0.000000 0.224100 0.274600 0.252400 0.230700 0.218400 0.198800 0.245700 0.302200 0.233700 0.256700 0.232300 0.195900 0.211000 0.227700 0.264300 0.218900 0.221400 0.244500 0.221700 0.228900 0.282700 0.263300 0.242700 0.210500 0.232300 0.235500 0.227800 0.277500 0.293000 0.222200 0.271200 0.244200 0.212400 0.206400 0.231500 0.239700 0.204900 0.292400 0.287000 0.201100 0.295600 0.260900 0.205900 0.196300 0.209700 0.273600 0.229400 0.270400 0.262200 0.254700
LesserKudu 0.129500 0.224100 0.000000 0.340900 0.130500 0.129300 0.127700 0.102400 0.097400 0.216500 0.166900 0.114600 0.129800 0.105600 0.087200 0.138000 0.174100 0.134100 0.137800 0.088500 0.121400 0.145200 0.227800 0.181600 0.175100 0.112300 0.129800 0.080500 0.128300 0.080000 0.207900 0.129800 0.206900 0.139500 0.095900 0.072200 0.147100 0.120600 0.105700 0.207700 0.211400 0.103900 0.190200 0.180600 0.072100 0.097700 0.129200 0.120300 0.146100 0.160800 0.104300 0.063200
KillerWhal 0.291600 0.274600 0.340900 0.000000 0.324900 0.291200 0.321400 0.268000 0.297800 0.355400 0.305500 0.298500 0.325700 0.288300 0.303700 0.298500 0.305500 0.271300 0.292100 0.318100 0.271200 0.258100 0.303200 0.306800 0.314700 0.280200 0.325700 0.287100 0.277000 0.330200 0.346000 0.293600 0.313300 0.339000 0.304400 0.257100 0.302200 0.301000 0.275700 0.336700 0.330600 0.270500 0.326300 0.326400 0.256700 0.288600 0.271800 0.325300 0.300100 0.357800 0.292300 0.306700
DefassaWat 0.061700 0.252400 0.130500 0.324900 0.000000 0.061600 0.127100 0.085400 0.079500 0.167700 0.078700 0.131100 0.062200 0.096300 0.070000 0.119300 0.173000 0.168700 0.053800 0.087700 0.086400 0.061300 0.196900 0.152000 0.086400 0.094400 0.062200 0.063100 0.093400 0.096200 0.159300 0.120300 0.226000 0.070700 0.046300 0.088200 0.061800 0.022600 0.071000 0.196100 0.199500 0.086300 0.160500 0.132700 0.088100 0.062900 0.110900 0.103000 0.110400 0.141100 0.070300 0.079200
Sheep 0.000000 0.230700 0.129300 0.291200 0.061600 0.000000 0.109400 0.084900 0.095400 0.175600 0.046000 0.112700 0.061800 0.078900 0.069600 0.118400 0.172000 0.167600 0.030300 0.103600 0.085900 0.029800 0.195500 0.168900 0.053600 0.093700 0.061800 0.078900 0.092700 0.112200 0.167300 0.102500 0.204800 0.070200 0.046000 0.087600 0.029400 0.037700 0.070500 0.194900 0.198000 0.085700 0.168600 0.149300 0.087400 0.062800 0.093700 0.102400 0.109700 0.140000 0.086000 0.095000
MaxwellsDu 0.109600 0.218400 0.127700 0.321400 0.127100 0.109400 0.000000 0.100000 0.111700 0.129500 0.136100 0.095200 0.109900 0.045700 0.101500 0.109400 0.170000 0.166400 0.117700 0.102900 0.085300 0.125100 0.165600 0.140300 0.144100 0.093100 0.109900 0.111900 0.108600 0.128700 0.121400 0.068500 0.222400 0.118900 0.093400 0.087000 0.126700 0.101000 0.086400 0.165400 0.149700 0.085100 0.140000 0.122100 0.086800 0.078700 0.126200 0.152800 0.108900 0.138500 0.135700 0.128400
GazellaPrz 0.085000 0.198800 0.102400 0.268000 0.085400 0.084900 0.100000 0.000000 0.086700 0.164400 0.102400 0.103400 0.085100 0.069900 0.093200 0.076500 0.160900 0.139100 0.076700 0.078200 0.061100 0.084000 0.174700 0.148900 0.110200 0.053000 0.085100 0.070400 0.068100 0.103200 0.156200 0.093100 0.173400 0.093700 0.069000 0.062300 0.085100 0.076700 0.046000 0.192700 0.176900 0.045300 0.157300 0.130600 0.062200 0.054300 0.068800 0.093300 0.100600 0.147300 0.093600 0.086300
MountainNy 0.095600 0.245700 0.097400 0.297800 0.079500 0.095400 0.111700 0.086700 0.000000 0.189000 0.113800 0.097800 0.096400 0.080800 0.087700 0.112700 0.175900 0.153000 0.087300 0.039100 0.087800 0.094800 0.180500 0.154400 0.121900 0.095800 0.096400 0.015100 0.094800 0.063900 0.180400 0.104800 0.209200 0.105500 0.079700 0.055900 0.095700 0.070600 0.072100 0.199600 0.164200 0.087600 0.163000 0.152900 0.055800 0.064200 0.112600 0.121700 0.112000 0.125600 0.038700 0.044600
MuntiacusM 0.175900 0.302200 0.216500 0.355400 0.167700 0.175600 0.129500 0.164400 0.189000 0.000000 0.206200 0.171500 0.148700 0.151700 0.176200 0.166200 0.204600 0.181800 0.175200 0.160100 0.140100 0.182600 0.089500 0.048300 0.195400 0.157800 0.148700 0.170400 0.156000 0.188700 0.007800 0.158600 0.243200 0.158700 0.149000 0.152700 0.185200 0.166100 0.142200 0.089400 0.090700 0.149000 0.023700 0.039800 0.152500 0.134100 0.184500 0.214200 0.165300 0.200300 0.195400 0.188100
goat 0.046000 0.233700 0.166900 0.305500 0.078700 0.046000 0.136100 0.102400 0.113800 0.206200 0.000000 0.149800 0.078900 0.105200 0.086800 0.137200 0.192600 0.188700 0.046300 0.122200 0.103700 0.045700 0.217600 0.190400 0.022800 0.111800 0.078900 0.096800 0.110500 0.131200 0.197700 0.129300 0.228300 0.087600 0.062600 0.105900 0.030500 0.069900 0.088100 0.216800 0.220600 0.103500 0.199300 0.169900 0.105700 0.080200 0.111600 0.120600 0.128100 0.160300 0.103800 0.113300
AfricanBuf 0.112900 0.256700 0.114600 0.298500 0.131100 0.112700 0.095200 0.103400 0.097800 0.171500 0.149800 0.000000 0.113800 0.080900 0.104900 0.121300 0.176100 0.153400 0.121800 0.088900 0.105000 0.112000 0.191500 0.146100 0.158000 0.096000 0.113800 0.080900 0.111900 0.115100 0.163000 0.105000 0.190200 0.123200 0.096800 0.039700 0.130600 0.104100 0.089200 0.172500 0.175100 0.087800 0.145700 0.144600 0.039600 0.081300 0.130200 0.139800 0.129600 0.162700 0.104800 0.097400
Topi 0.061900 0.232300 0.129800 0.325700 0.062200 0.061800 0.109900 0.085100 0.096400 0.148700 0.078900 0.113800 0.000000 0.079300 0.054000 0.085900 0.154700 0.150700 0.053800 0.087600 0.070200 0.061200 0.177000 0.133100 0.070200 0.078000 0.000000 0.079700 0.077200 0.113300 0.140500 0.103000 0.195900 0.007500 0.030500 0.071600 0.062000 0.053700 0.054800 0.158300 0.161500 0.070100 0.141500 0.114800 0.071500 0.047100 0.094300 0.086500 0.093900 0.123000 0.086800 0.095900
CommonDuik 0.079100 0.195900 0.105600 0.288300 0.096300 0.078900 0.045700 0.069900 0.080800 0.151700 0.105200 0.080900 0.079300 0.000000 0.087700 0.079000 0.157000 0.134600 0.087200 0.089000 0.071200 0.094700 0.170900 0.144900 0.113200 0.062800 0.079300 0.080900 0.078400 0.115200 0.143300 0.022400 0.189400 0.088200 0.063000 0.056000 0.095900 0.070600 0.055600 0.189700 0.154900 0.054800 0.144500 0.126000 0.056000 0.047800 0.095700 0.121800 0.095200 0.125100 0.104900 0.097400
Suni 0.069700 0.211000 0.087200 0.303700 0.070000 0.069600 0.101500 0.093200 0.087700 0.176200 0.086800 0.104900 0.054000 0.087700 0.000000 0.110500 0.111500 0.123300 0.061700 0.079100 0.078100 0.069100 0.186800 0.142300 0.094600 0.085900 0.054000 0.071200 0.101500 0.104400 0.167900 0.111400 0.194600 0.062400 0.038300 0.063200 0.069800 0.061500 0.062700 0.149500 0.170600 0.077900 0.150900 0.141000 0.063100 0.054900 0.085600 0.061800 0.085500 0.097100 0.078300 0.087300
Springbuck 0.118600 0.227700 0.138000 0.298500 0.119300 0.118400 0.109400 0.076500 0.112700 0.166200 0.137200 0.121300 0.085900 0.079000 0.110500 0.000000 0.180600 0.158100 0.110300 0.112100 0.077600 0.117700 0.185700 0.150600 0.127700 0.022500 0.085900 0.104200 0.022300 0.138600 0.157800 0.102600 0.213200 0.094700 0.086100 0.079200 0.118700 0.109900 0.062300 0.194700 0.169600 0.030100 0.159000 0.131500 0.079100 0.071000 0.101800 0.144700 0.117900 0.158300 0.127900 0.120700
Okapi 0.172200 0.264300 0.174100 0.305500 0.173000 0.172000 0.170000 0.160900 0.175900 0.204600 0.192600 0.176100 0.154700 0.157000 0.111500 0.180600 0.000000 0.096900 0.162800 0.148000 0.146000 0.152300 0.196200 0.170100 0.182500 0.154300 0.154700 0.157800 0.170400 0.194300 0.196200 0.163300 0.227600 0.164500 0.137200 0.131400 0.172600 0.162600 0.148100 0.196100 0.199400 0.145800 0.178900 0.169000 0.131200 0.140100 0.171600 0.145800 0.110800 0.176700 0.164100 0.175100
Giraffe 0.167800 0.218900 0.134100 0.271300 0.168700 0.167600 0.166400 0.139100 0.153000 0.181800 0.188700 0.153400 0.150700 0.134600 0.123300 0.158100 0.096900 0.000000 0.158900 0.143300 0.123400 0.148200 0.173400 0.147000 0.197200 0.131700 0.150700 0.134900 0.148000 0.153100 0.173200 0.141300 0.203100 0.160800 0.115300 0.108300 0.168100 0.158100 0.125200 0.192600 0.176300 0.123100 0.155800 0.145500 0.108200 0.117100 0.148900 0.141000 0.122400 0.173400 0.141400 0.134300
TibetanAnt 0.030300 0.221400 0.137800 0.292100 0.053800 0.030300 0.117700 0.076700 0.087300 0.175200 0.046300 0.121800 0.053800 0.087200 0.061700 0.110300 0.162800 0.158900 0.000000 0.095500 0.077900 0.030000 0.185800 0.159500 0.054000 0.085800 0.053800 0.070900 0.084900 0.104000 0.166900 0.110800 0.195600 0.062100 0.038100 0.079500 0.030400 0.045600 0.062600 0.185200 0.188200 0.077800 0.168200 0.140800 0.079400 0.054800 0.085700 0.094300 0.101700 0.131000 0.078000 0.086900
Sitatunga 0.103800 0.244500 0.088500 0.318100 0.087700 0.103600 0.102900 0.078200 0.039100 0.160100 0.122200 0.088900 0.087600 0.089000 0.079100 0.112100 0.148000 0.143300 0.095500 0.000000 0.079100 0.103000 0.170400 0.126200 0.130300 0.087100 0.087600 0.023300 0.102900 0.072000 0.151700 0.113100 0.198500 0.096600 0.071200 0.047500 0.103900 0.078600 0.063600 0.170200 0.154200 0.079000 0.134700 0.125000 0.047500 0.055800 0.103700 0.112700 0.070100 0.134100 0.046500 0.055100
Oribi 0.086000 0.221700 0.121400 0.271200 0.086400 0.085900 0.085300 0.061100 0.087800 0.140100 0.103700 0.105000 0.070200 0.071200 0.078100 0.077600 0.146000 0.123400 0.077900 0.079100 0.000000 0.069100 0.168100 0.142500 0.111600 0.053800 0.070200 0.071300 0.069100 0.087600 0.131900 0.078200 0.186400 0.078800 0.054200 0.063300 0.086100 0.077600 0.030800 0.186800 0.170800 0.046000 0.151000 0.123500 0.063200 0.039000 0.069600 0.094400 0.069300 0.132200 0.078200 0.087400
BarbaryShe 0.029900 0.228900 0.145200 0.258100 0.061300 0.029800 0.125100 0.084000 0.094800 0.182600 0.045700 0.112000 0.061200 0.094700 0.069100 0.117700 0.152300 0.148200 0.030000 0.103000 0.069100 0.000000 0.174500 0.167000 0.053200 0.093100 0.061200 0.078400 0.092200 0.111500 0.174300 0.101400 0.193700 0.069500 0.045500 0.070500 0.029900 0.053000 0.070100 0.192500 0.195600 0.085200 0.175600 0.148300 0.070400 0.062400 0.093100 0.085200 0.092500 0.138500 0.069200 0.094400
Daviddeer 0.195800 0.282700 0.227800 0.303200 0.196900 0.195500 0.165600 0.174700 0.180500 0.089500 0.217600 0.191500 0.177000 0.170900 0.186800 0.185700 0.196200 0.173400 0.185800 0.170400 0.168100 0.174500 0.000000 0.040300 0.206500 0.186400 0.177000 0.181000 0.184200 0.219200 0.081400 0.177000 0.225100 0.187600 0.177400 0.163100 0.196100 0.204200 0.170700 0.098500 0.032300 0.177400 0.065200 0.064900 0.162800 0.162500 0.195200 0.205700 0.175200 0.191900 0.187000 0.198900
Reindeer 0.169200 0.263300 0.181600 0.306800 0.152000 0.168900 0.140300 0.148900 0.154400 0.048300 0.190400 0.146100 0.133100 0.144900 0.142300 0.150600 0.170100 0.147000 0.159500 0.126200 0.142500 0.167000 0.040300 0.000000 0.179600 0.142200 0.134300 0.136100 0.140500 0.173100 0.040200 0.170000 0.205700 0.143000 0.133400 0.118700 0.169400 0.159400 0.126400 0.056700 0.040900 0.133400 0.023600 0.024100 0.118500 0.118200 0.168900 0.179400 0.149700 0.165400 0.161100 0.153700
Ibex 0.053700 0.242700 0.175100 0.314700 0.086400 0.053600 0.144100 0.110200 0.121900 0.195400 0.022800 0.158000 0.070200 0.113200 0.094600 0.127700 0.182500 0.197200 0.054000 0.130300 0.111600 0.053200 0.206500 0.179600 0.000000 0.119700 0.070200 0.104800 0.101500 0.139200 0.186900 0.137300 0.237300 0.078800 0.070300 0.113900 0.038100 0.077600 0.096000 0.205700 0.209200 0.111400 0.188400 0.159500 0.113700 0.088200 0.119500 0.128600 0.136000 0.168600 0.111700 0.121300
GyrantGaze 0.093900 0.210500 0.112300 0.280200 0.094400 0.093700 0.093100 0.053000 0.095800 0.157800 0.111800 0.096000 0.078000 0.062800 0.085900 0.022500 0.154300 0.131700 0.085800 0.087100 0.053800 0.093100 0.186400 0.142200 0.119700 0.000000 0.078000 0.079200 0.029900 0.112700 0.149500 0.086200 0.184800 0.086700 0.062000 0.054900 0.094000 0.085400 0.038600 0.186200 0.170300 0.007500 0.150600 0.123200 0.054800 0.046800 0.077400 0.119300 0.093300 0.140600 0.102700 0.095400
Hartebeest 0.061900 0.232300 0.129800 0.325700 0.062200 0.061800 0.109900 0.085100 0.096400 0.148700 0.078900 0.113800 0.000000 0.079300 0.054000 0.085900 0.154700 0.150700 0.053800 0.087600 0.070200 0.061200 0.177000 0.134300 0.070200 0.078000 0.000000 0.079700 0.077200 0.113300 0.140500 0.103000 0.195900 0.007400 0.029800 0.071600 0.062000 0.053700 0.054800 0.158300 0.160900 0.070100 0.141500 0.114800 0.071500 0.047100 0.094300 0.086500 0.093900 0.123000 0.086800 0.095900
Bongo 0.079000 0.235500 0.080500 0.287100 0.063100 0.078900 0.111900 0.070400 0.015100 0.170400 0.096800 0.080900 0.079700 0.080900 0.071200 0.104200 0.157800 0.134900 0.070900 0.023300 0.071300 0.078400 0.181000 0.136100 0.104800 0.079200 0.079700 0.000000 0.078400 0.047600 0.161900 0.105000 0.189500 0.088600 0.063300 0.039700 0.079100 0.054500 0.055700 0.180700 0.164600 0.071100 0.144700 0.134800 0.039600 0.047800 0.095700 0.104700 0.095300 0.125900 0.022700 0.031200
Gerenuk 0.092900 0.227800 0.128300 0.277000 0.093400 0.092700 0.108600 0.068100 0.094800 0.156000 0.110500 0.111900 0.077200 0.078400 0.101500 0.022300 0.170400 0.148000 0.084900 0.102900 0.069100 0.092200 0.184200 0.140500 0.101500 0.029900 0.077200 0.078400 0.000000 0.111500 0.147800 0.101800 0.202000 0.085800 0.077400 0.070500 0.093000 0.084500 0.053900 0.184000 0.168300 0.021800 0.148900 0.121800 0.070400 0.062300 0.092800 0.135200 0.108800 0.157000 0.101700 0.094400
CommonElan 0.112400 0.277500 0.080000 0.330200 0.096200 0.112200 0.128700 0.103200 0.063900 0.188700 0.131200 0.115100 0.113300 0.115200 0.104400 0.138600 0.194300 0.153100 0.104000 0.072000 0.087600 0.111500 0.219200 0.173100 0.139200 0.112700 0.113300 0.047600 0.111500 0.000000 0.180000 0.121900 0.229300 0.122700 0.079800 0.072500 0.112500 0.087000 0.088900 0.218900 0.202800 0.104300 0.181700 0.171400 0.072400 0.080600 0.129700 0.120800 0.129000 0.162200 0.071100 0.031100
MuntiacusR 0.167600 0.293000 0.207900 0.346000 0.159300 0.167300 0.121400 0.156200 0.180400 0.007800 0.197700 0.163000 0.140500 0.143300 0.167900 0.157800 0.196200 0.173200 0.166900 0.151700 0.131900 0.174300 0.081400 0.040200 0.186900 0.149500 0.140500 0.161900 0.147800 0.180000 0.000000 0.168300 0.234200 0.150400 0.140800 0.144200 0.176900 0.157900 0.133800 0.081300 0.082500 0.140800 0.015600 0.031900 0.144000 0.125700 0.176100 0.205700 0.157100 0.191700 0.186900 0.179500
HarveysDui 0.102700 0.222200 0.129800 0.293600 0.120300 0.102500 0.068500 0.093100 0.104800 0.158600 0.129300 0.105000 0.103000 0.022400 0.111400 0.102600 0.163300 0.141300 0.110800 0.113100 0.078200 0.101400 0.177000 0.170000 0.137300 0.086200 0.103000 0.105000 0.101800 0.121900 0.168300 0.000000 0.206100 0.112100 0.086500 0.079900 0.119800 0.094000 0.079300 0.215200 0.179900 0.078100 0.169600 0.150900 0.079800 0.071500 0.119500 0.128400 0.102000 0.149800 0.111700 0.121600
Pronghorn 0.205100 0.271200 0.206900 0.313300 0.226000 0.204800 0.222400 0.173400 0.209200 0.243200 0.228300 0.190200 0.195900 0.189400 0.194600 0.213200 0.227600 0.203100 0.195600 0.198500 0.186400 0.193700 0.225100 0.205700 0.237300 0.184800 0.195900 0.189500 0.202000 0.229300 0.234200 0.206100 0.000000 0.207300 0.186600 0.160600 0.205600 0.213700 0.179000 0.235000 0.238900 0.175600 0.215400 0.203200 0.160400 0.170300 0.204100 0.226800 0.213700 0.244400 0.206300 0.208100
BlueWildeb 0.070300 0.244200 0.139500 0.339000 0.070700 0.070200 0.118900 0.093700 0.105500 0.158700 0.087600 0.123200 0.007500 0.088200 0.062400 0.094700 0.164500 0.160800 0.062100 0.096600 0.078800 0.069500 0.187600 0.143000 0.078800 0.086700 0.007400 0.088600 0.085800 0.122700 0.150400 0.112100 0.207300 0.000000 0.038500 0.080400 0.070400 0.062000 0.063300 0.168500 0.171400 0.078600 0.152100 0.124400 0.080300 0.055500 0.103200 0.086800 0.102800 0.132700 0.095600 0.105000
Gemsbok 0.046100 0.212400 0.095900 0.304400 0.046300 0.046000 0.093400 0.069000 0.079700 0.149000 0.062600 0.096800 0.030500 0.063000 0.038300 0.086100 0.137200 0.115300 0.038100 0.071200 0.054200 0.045500 0.177400 0.133400 0.070300 0.062000 0.029800 0.063300 0.077400 0.079800 0.140800 0.086500 0.186600 0.038500 0.000000 0.055300 0.046100 0.038100 0.038900 0.158600 0.161300 0.054100 0.141900 0.115100 0.055200 0.031200 0.078000 0.070200 0.077600 0.105800 0.070400 0.063000
Yak 0.087700 0.206400 0.072200 0.257100 0.088200 0.087600 0.087000 0.062300 0.055900 0.152700 0.105900 0.039700 0.071600 0.056000 0.063200 0.079200 0.131400 0.108300 0.079500 0.047500 0.063300 0.070500 0.163100 0.118700 0.113900 0.054900 0.071600 0.039700 0.070500 0.072500 0.144200 0.079900 0.160600 0.080400 0.055300 0.000000 0.087800 0.079100 0.047700 0.162900 0.146800 0.046900 0.127200 0.117500 0.000000 0.039800 0.087600 0.096500 0.087200 0.117400 0.063200 0.055700
BlueSheep 0.030200 0.231500 0.147100 0.302200 0.061800 0.029400 0.126700 0.085100 0.095700 0.185200 0.030500 0.130600 0.062000 0.095900 0.069800 0.118700 0.172600 0.168100 0.030400 0.103900 0.086100 0.029900 0.196100 0.169400 0.038100 0.094000 0.062000 0.079100 0.093000 0.112500 0.176900 0.119800 0.205600 0.070400 0.046100 0.087800 0.000000 0.053400 0.070700 0.195600 0.198600 0.086000 0.178200 0.149800 0.087700 0.063000 0.093900 0.102700 0.110100 0.140400 0.086200 0.095300
BohorReedb 0.037800 0.239700 0.120600 0.301000 0.022600 0.037700 0.101000 0.076700 0.070600 0.166100 0.069900 0.104100 0.053700 0.070600 0.061500 0.109900 0.162600 0.158100 0.045600 0.078600 0.077600 0.053000 0.204200 0.159400 0.077600 0.085400 0.053700 0.054500 0.084500 0.087000 0.157900 0.094000 0.213700 0.062000 0.038100 0.079100 0.053400 0.000000 0.062300 0.184900 0.188000 0.077400 0.159000 0.140100 0.079000 0.054300 0.101600 0.093900 0.101200 0.130900 0.061700 0.070300
KirksDik 0.070600 0.204900 0.105700 0.275700 0.071000 0.070500 0.086400 0.046000 0.072100 0.142200 0.088100 0.089200 0.054800 0.055600 0.062700 0.062300 0.148100 0.125200 0.062600 0.063600 0.030800 0.070100 0.170700 0.126400 0.096000 0.038600 0.054800 0.055700 0.053900 0.088900 0.133800 0.079300 0.179000 0.063300 0.038900 0.047700 0.070700 0.062300 0.000000 0.170500 0.154500 0.030800 0.134900 0.107500 0.047600 0.023500 0.054300 0.095700 0.070200 0.116300 0.079300 0.071800
RoeDeer 0.195200 0.292400 0.207700 0.336700 0.196100 0.194900 0.165400 0.192700 0.199600 0.089400 0.216800 0.172500 0.158300 0.189700 0.149500 0.194700 0.196100 0.192600 0.185200 0.170200 0.186800 0.192500 0.098500 0.056700 0.205700 0.186200 0.158300 0.180700 0.184000 0.218900 0.081300 0.215200 0.235000 0.168500 0.158600 0.162900 0.195600 0.184900 0.170500 0.000000 0.082500 0.177200 0.065100 0.081600 0.162600 0.162300 0.213700 0.205600 0.193800 0.172200 0.206000 0.198600
WhiteLippe 0.198300 0.287000 0.211400 0.330600 0.199500 0.198000 0.149700 0.176900 0.164200 0.090700 0.220600 0.175100 0.161500 0.154900 0.170600 0.169600 0.199400 0.176300 0.188200 0.154200 0.170800 0.195600 0.032300 0.040900 0.209200 0.170300 0.160900 0.164600 0.168300 0.202800 0.082500 0.179900 0.238900 0.171400 0.161300 0.146800 0.198600 0.188000 0.154500 0.082500 0.000000 0.161400 0.066000 0.065800 0.146500 0.146200 0.197800 0.209000 0.177900 0.175500 0.190000 0.182600
ThomsonGaz 0.085800 0.201100 0.103900 0.270500 0.086300 0.085700 0.085100 0.045300 0.087600 0.149000 0.103500 0.087800 0.070100 0.054800 0.077900 0.030100 0.145800 0.123100 0.077800 0.079000 0.046000 0.085200 0.177400 0.133400 0.111400 0.007500 0.070100 0.071100 0.021800 0.104300 0.140800 0.078100 0.175600 0.078600 0.054100 0.046900 0.086000 0.077400 0.030800 0.177200 0.161400 0.000000 0.141900 0.114600 0.046800 0.038900 0.069500 0.111100 0.085300 0.132000 0.094600 0.087200
MuntiacusC 0.168900 0.295600 0.190200 0.326300 0.160500 0.168600 0.140000 0.157300 0.163000 0.023700 0.199300 0.145700 0.141500 0.144500 0.150900 0.159000 0.178900 0.155800 0.168200 0.134700 0.151000 0.175600 0.065200 0.023600 0.188400 0.150600 0.141500 0.144700 0.148900 0.181700 0.015600 0.169600 0.215400 0.152100 0.141900 0.127200 0.178200 0.159000 0.134900 0.065100 0.066000 0.141900 0.000000 0.032100 0.127000 0.126700 0.177400 0.188200 0.158200 0.174100 0.169700 0.162200
WhiteTaile 0.149500 0.260900 0.180600 0.326400 0.132700 0.149300 0.122100 0.130600 0.152900 0.039800 0.169900 0.144600 0.114800 0.126000 0.141000 0.131500 0.169000 0.145500 0.140800 0.125000 0.123500 0.148300 0.064900 0.024100 0.159500 0.123200 0.114800 0.134800 0.121800 0.171400 0.031900 0.150900 0.203200 0.124400 0.115100 0.117500 0.149800 0.140100 0.107500 0.081600 0.065800 0.114600 0.032100 0.000000 0.117300 0.099500 0.149300 0.177700 0.130700 0.164400 0.159600 0.152200
Cattle 0.087600 0.205900 0.072100 0.256700 0.088100 0.087400 0.086800 0.062200 0.055800 0.152500 0.105700 0.039600 0.071500 0.056000 0.063100 0.079100 0.131200 0.108200 0.079400 0.047500 0.063200 0.070400 0.162800 0.118500 0.113700 0.054800 0.071500 0.039600 0.070400 0.072400 0.144000 0.079800 0.160400 0.080300 0.055200 0.000000 0.087700 0.079000 0.047600 0.162600 0.146500 0.046800 0.127000 0.117300 0.000000 0.039800 0.087500 0.096400 0.087100 0.117200 0.063100 0.055600
RoyalAntel 0.062900 0.196300 0.097700 0.288600 0.062900 0.062800 0.078700 0.054300 0.064200 0.134100 0.080200 0.081300 0.047100 0.047800 0.054900 0.071000 0.140100 0.117100 0.054800 0.055800 0.039000 0.062400 0.162500 0.118200 0.088200 0.046800 0.047100 0.047800 0.062300 0.080600 0.125700 0.071500 0.170300 0.055500 0.031200 0.039800 0.063000 0.054300 0.023500 0.162300 0.146200 0.038900 0.126700 0.099500 0.039800 0.000000 0.062800 0.087900 0.062500 0.108200 0.071500 0.064000
Steenbok 0.093800 0.209700 0.129200 0.271800 0.110900 0.093700 0.126200 0.068800 0.112600 0.184500 0.111600 0.130200 0.094300 0.095700 0.085600 0.101800 0.171600 0.148900 0.085700 0.103700 0.069600 0.093100 0.195200 0.168900 0.119500 0.077400 0.094300 0.095700 0.092800 0.129700 0.176100 0.119500 0.204100 0.103200 0.078000 0.087600 0.093900 0.101600 0.054300 0.213700 0.197800 0.069500 0.177400 0.149300 0.087500 0.062800 0.000000 0.118900 0.093300 0.158200 0.119400 0.112100
Impala 0.102500 0.273600 0.120300 0.325300 0.103000 0.102400 0.152800 0.093300 0.121700 0.214200 0.120600 0.139800 0.086500 0.121800 0.061800 0.144700 0.145800 0.141000 0.094300 0.112700 0.094400 0.085200 0.205700 0.179400 0.128600 0.119300 0.086500 0.104700 0.135200 0.120800 0.205700 0.128400 0.226800 0.086800 0.070200 0.096500 0.102700 0.093900 0.095700 0.205600 0.209000 0.111100 0.188200 0.177700 0.096400 0.087900 0.118900 0.000000 0.118500 0.149900 0.094700 0.103400
Klipspring 0.109900 0.229400 0.146100 0.300100 0.110400 0.109700 0.108900 0.100600 0.112000 0.165300 0.128100 0.129600 0.093900 0.095200 0.085500 0.117900 0.110800 0.122400 0.101700 0.070100 0.069300 0.092500 0.175200 0.149700 0.136000 0.093300 0.093900 0.095300 0.108800 0.129000 0.157100 0.102000 0.213700 0.102800 0.077600 0.087200 0.110100 0.101200 0.070200 0.193800 0.177900 0.085300 0.158200 0.130700 0.087100 0.062500 0.093300 0.118500 0.000000 0.157400 0.102000 0.111500
ForestMusk 0.140200 0.270400 0.160800 0.357800 0.141100 0.140000 0.138500 0.147300 0.125600 0.200300 0.160300 0.162700 0.123000 0.125100 0.097100 0.158300 0.176700 0.173400 0.131000 0.134100 0.132200 0.138500 0.191900 0.165400 0.168600 0.140600 0.123000 0.125900 0.157000 0.162200 0.191700 0.149800 0.244400 0.132700 0.105800 0.117400 0.140400 0.130900 0.116300 0.172200 0.175500 0.132000 0.174100 0.164400 0.117200 0.108200 0.158200 0.149900 0.157400 0.000000 0.150400 0.143100
Bushbuck 0.086100 0.262200 0.104300 0.292300 0.070300 0.086000 0.135700 0.093600 0.038700 0.195400 0.103800 0.104800 0.086800 0.104900 0.078300 0.127900 0.164100 0.141400 0.078000 0.046500 0.078200 0.069200 0.187000 0.161100 0.111700 0.102700 0.086800 0.022700 0.101700 0.071100 0.186900 0.111700 0.206300 0.095600 0.070400 0.063200 0.086200 0.061700 0.079300 0.206000 0.190000 0.094600 0.169700 0.159600 0.063100 0.071500 0.119400 0.094700 0.102000 0.150400 0.000000 0.054400
GreaterKud 0.095200 0.254700 0.063200 0.306700 0.079200 0.095000 0.128400 0.086300 0.044600 0.188100 0.113300 0.097400 0.095900 0.097400 0.087300 0.120700 0.175100 0.134300 0.086900 0.055100 0.087400 0.094400 0.198900 0.153700 0.121300 0.095400 0.095900 0.031200 0.094400 0.031100 0.179500 0.121600 0.208100 0.105000 0.063000 0.055700 0.095300 0.070300 0.071800 0.198600 0.182600 0.087200 0.162200 0.152200 0.055600 0.064000 0.112100 0.103400 0.111500 0.143100 0.054400 0.000000
