1
52 1
Argali 0.000000 0.444500 0.083500 0.308200 0.082600 0.003300 0.072200 0.101200 0.084200 0.129900 0.033800 0.085600 0.051700 0.057800 0.104800 0.080700 0.142700 0.141900 0.047000 0.095500 0.080500 0.030300 0.152300 0.161600 0.023600 0.105200 0.069100 0.084300 0.093900 0.091000 0.143200 0.048100 0.142400 0.065800 0.051300 0.095100 0.033700 0.076100 0.095200 0.132500 0.136200 0.109900 0.141500 0.139400 0.106700 0.127100 0.090800 0.073400 0.064200 0.110400 0.090700 0.094700
LesserMous 0.444500 0.000000 0.455300 0.448600 0.420700 0.447700 0.436900 0.442500 0.444300 0.396800 0.424200 0.431500 0.428200 0.435400 0.455300 0.387300 0.424200 0.415500 0.447100 0.467100 0.421300 0.427600 0.439800 0.432100 0.420300 0.427200 0.413400 0.446300 0.395300 0.454700 0.406500 0.421600 0.411700 0.441100 0.441500 0.469500 0.429500 0.419000 0.440000 0.433400 0.426900 0.411700 0.413500 0.427900 0.477700 0.443300 0.417800 0.446100 0.417400 0.445100 0.450400 0.459600
LesserKudu 0.083500 0.455300 0.000000 0.330300 0.105800 0.086800 0.124000 0.136200 0.006700 0.149800 0.106500 0.052600 0.096300 0.109100 0.113200 0.107600 0.156500 0.147400 0.098100 0.016900 0.119000 0.095000 0.164700 0.185500 0.095600 0.136100 0.106900 0.010100 0.121500 0.016800 0.147100 0.092000 0.144700 0.111200 0.073800 0.058900 0.091500 0.099300 0.126300 0.136700 0.148500 0.130300 0.153500 0.162300 0.069900 0.146500 0.110000 0.103600 0.100400 0.125000 0.016700 0.020100
KillerWhal 0.308200 0.448600 0.330300 0.000000 0.353000 0.311600 0.333500 0.319900 0.333300 0.301700 0.310200 0.308700 0.298700 0.314300 0.348400 0.312700 0.317000 0.313500 0.333100 0.338900 0.317300 0.299700 0.330300 0.335000 0.297000 0.307300 0.301100 0.333300 0.319300 0.331000 0.281200 0.317700 0.326900 0.312900 0.308100 0.336400 0.319400 0.341200 0.321900 0.310900 0.324600 0.326800 0.295700 0.319400 0.347100 0.381700 0.300600 0.351400 0.280400 0.328100 0.339300 0.345800
DefassaWat 0.082600 0.420700 0.105800 0.353000 0.000000 0.085900 0.097300 0.116000 0.098800 0.165800 0.076200 0.093000 0.073300 0.097000 0.122800 0.080600 0.166700 0.157500 0.082600 0.110700 0.102600 0.079600 0.160200 0.190000 0.072900 0.119400 0.083800 0.099300 0.086600 0.106000 0.177900 0.079400 0.158400 0.087800 0.058800 0.109700 0.083300 0.020200 0.113700 0.152200 0.160100 0.113600 0.177800 0.166900 0.114100 0.125000 0.109300 0.102600 0.084200 0.113300 0.105300 0.109700
Sheep 0.003300 0.447700 0.086800 0.311600 0.085900 0.000000 0.075500 0.104500 0.087600 0.133300 0.037100 0.088900 0.055000 0.061100 0.108100 0.084000 0.138100 0.137300 0.050300 0.098900 0.083900 0.033600 0.155700 0.165000 0.027000 0.108500 0.072400 0.087600 0.097200 0.094400 0.138700 0.051400 0.145900 0.069100 0.054700 0.098500 0.037000 0.079400 0.098500 0.135900 0.139700 0.113200 0.145000 0.142800 0.110100 0.122800 0.094100 0.069500 0.067600 0.113900 0.094000 0.098100
MaxwellsDu 0.072200 0.436900 0.124000 0.333500 0.097300 0.075500 0.000000 0.115900 0.117300 0.157100 0.069000 0.107500 0.066000 0.061200 0.134500 0.087900 0.162400 0.162300 0.082700 0.129300 0.087700 0.068900 0.164000 0.173000 0.058500 0.112400 0.083700 0.117600 0.086700 0.116800 0.170300 0.044200 0.155800 0.080400 0.065900 0.124900 0.072500 0.098200 0.106000 0.160000 0.163700 0.113500 0.169000 0.150500 0.132600 0.131700 0.097900 0.098500 0.076800 0.130800 0.123700 0.128100
GazellaPrz 0.101200 0.442500 0.136200 0.319900 0.116000 0.104500 0.115900 0.000000 0.129700 0.183000 0.101800 0.123600 0.091700 0.093000 0.143100 0.062000 0.188300 0.186900 0.100800 0.141700 0.072700 0.105300 0.206700 0.216400 0.091100 0.093300 0.102200 0.129800 0.075800 0.136600 0.192000 0.083800 0.191000 0.106400 0.080500 0.140600 0.109000 0.109500 0.090800 0.190000 0.198000 0.097900 0.191000 0.192200 0.145200 0.144100 0.079100 0.110200 0.095600 0.140100 0.136100 0.140400
MountainNy 0.084200 0.444300 0.006700 0.333300 0.098800 0.087600 0.117300 0.129700 0.000000 0.151100 0.100000 0.045900 0.089600 0.102600 0.114200 0.101000 0.157900 0.148700 0.099000 0.010200 0.112400 0.088500 0.165700 0.186800 0.089000 0.137300 0.100300 0.003400 0.115100 0.010100 0.148400 0.085500 0.153100 0.104600 0.067200 0.052300 0.084900 0.092600 0.119800 0.145400 0.157400 0.131100 0.154800 0.163300 0.063300 0.140000 0.100400 0.097000 0.101300 0.118500 0.010100 0.013500
MuntiacusM 0.129900 0.396800 0.149800 0.301700 0.165800 0.133300 0.157100 0.183000 0.151100 0.000000 0.138800 0.141400 0.132000 0.137300 0.157500 0.152600 0.154900 0.149600 0.153500 0.158700 0.163700 0.134300 0.057900 0.080900 0.127200 0.166900 0.151400 0.151100 0.167000 0.158300 0.035300 0.127500 0.145700 0.144000 0.139900 0.163300 0.138400 0.159200 0.180500 0.061500 0.050500 0.171700 0.025000 0.057300 0.159900 0.188300 0.159200 0.156400 0.131600 0.149300 0.157600 0.162200
goat 0.033800 0.424200 0.106500 0.310200 0.076200 0.037100 0.069000 0.101800 0.100000 0.138800 0.000000 0.086100 0.044900 0.061700 0.113000 0.066600 0.135800 0.135000 0.047600 0.111600 0.073700 0.030500 0.161900 0.171000 0.016900 0.091100 0.062300 0.100000 0.072800 0.106900 0.152100 0.044800 0.152000 0.059000 0.051900 0.103100 0.034000 0.076900 0.081000 0.149900 0.153600 0.110600 0.150600 0.148300 0.107400 0.120400 0.084000 0.066600 0.057400 0.104800 0.106400 0.110600
AfricanBuf 0.085600 0.431500 0.052600 0.308700 0.093000 0.088900 0.107500 0.123600 0.045900 0.141400 0.086100 0.000000 0.075700 0.102100 0.107000 0.094700 0.148100 0.138900 0.092700 0.056900 0.102100 0.082100 0.173200 0.182700 0.075200 0.135700 0.086400 0.045900 0.116400 0.052800 0.154700 0.082800 0.160100 0.090600 0.068100 0.049200 0.085900 0.086300 0.117300 0.152500 0.164700 0.133300 0.149000 0.159200 0.053100 0.137500 0.101300 0.075600 0.087300 0.112400 0.052600 0.056400
Topi 0.051700 0.428200 0.096300 0.298700 0.073300 0.055000 0.066000 0.091700 0.089600 0.132000 0.044900 0.075700 0.000000 0.058700 0.102700 0.063600 0.132700 0.132000 0.058600 0.093600 0.063500 0.048300 0.155200 0.164300 0.034500 0.095600 0.017100 0.089700 0.077200 0.096600 0.145500 0.041700 0.145100 0.013700 0.041700 0.092800 0.051800 0.066700 0.078100 0.143100 0.146900 0.100400 0.143900 0.141600 0.097000 0.109800 0.073800 0.070900 0.046900 0.094400 0.096200 0.100300
CommonDuik 0.057800 0.435400 0.109100 0.314300 0.097000 0.061100 0.061200 0.093000 0.102600 0.137300 0.061700 0.102100 0.058700 0.000000 0.119200 0.072600 0.149000 0.157400 0.075300 0.114100 0.076200 0.061600 0.160100 0.164900 0.051300 0.096900 0.076200 0.102700 0.086000 0.109400 0.150500 0.020100 0.158600 0.072900 0.058500 0.117000 0.065100 0.090600 0.087200 0.148200 0.151900 0.105300 0.140800 0.146700 0.121300 0.131400 0.082700 0.095000 0.069600 0.123200 0.109000 0.113100
Suni 0.104800 0.455300 0.113200 0.348400 0.122800 0.108100 0.134500 0.143100 0.114200 0.157500 0.113000 0.107000 0.102700 0.119200 0.000000 0.117900 0.188500 0.178800 0.119300 0.126000 0.133100 0.116500 0.181000 0.194800 0.102000 0.149900 0.113300 0.114200 0.139500 0.121100 0.170700 0.108900 0.185600 0.117700 0.102500 0.117100 0.112800 0.116600 0.144400 0.172700 0.172600 0.144400 0.169500 0.171100 0.121500 0.156800 0.124400 0.116500 0.107000 0.136200 0.120600 0.124200
Springbuck 0.080700 0.387300 0.107600 0.312700 0.080600 0.084000 0.087900 0.062000 0.101000 0.152600 0.066600 0.094700 0.063600 0.072600 0.117900 0.000000 0.161900 0.160800 0.087800 0.112800 0.045100 0.070000 0.176100 0.185500 0.063200 0.044400 0.074100 0.101100 0.020400 0.108000 0.162000 0.055900 0.177900 0.078200 0.059800 0.111900 0.077400 0.081400 0.063000 0.159700 0.167600 0.048400 0.160500 0.162100 0.116200 0.115100 0.051700 0.096900 0.067400 0.119000 0.107500 0.111700
Okapi 0.142700 0.424200 0.156500 0.317000 0.166700 0.138100 0.162400 0.188300 0.157900 0.154900 0.135800 0.148100 0.132700 0.149000 0.188500 0.161900 0.000000 0.042900 0.138700 0.170300 0.165900 0.143000 0.174600 0.175200 0.131900 0.180900 0.152400 0.157900 0.168300 0.165200 0.160300 0.139400 0.122300 0.144700 0.136600 0.164800 0.151400 0.160000 0.176900 0.153700 0.157600 0.198400 0.167200 0.160400 0.169800 0.190800 0.172500 0.129700 0.145900 0.152600 0.164500 0.169200
Giraffe 0.141900 0.415500 0.147400 0.313500 0.157500 0.137300 0.162300 0.186900 0.148700 0.149600 0.135000 0.138900 0.132000 0.157400 0.178800 0.160800 0.042900 0.000000 0.140400 0.161200 0.164700 0.142200 0.165000 0.174000 0.131200 0.182300 0.143200 0.148700 0.167100 0.155800 0.163400 0.139800 0.127800 0.143900 0.135700 0.155300 0.150500 0.159200 0.168300 0.144500 0.156600 0.197000 0.161700 0.159500 0.160200 0.181400 0.171300 0.139500 0.145100 0.139800 0.155200 0.159800
TibetanAnt 0.047000 0.447100 0.098100 0.333100 0.082600 0.050300 0.082700 0.100800 0.099000 0.153500 0.047600 0.092700 0.058600 0.075300 0.119300 0.087800 0.138700 0.140400 0.000000 0.110500 0.087600 0.057900 0.168400 0.185900 0.044200 0.104900 0.076000 0.099000 0.086500 0.105800 0.166800 0.058500 0.151100 0.072800 0.051400 0.109600 0.061400 0.076200 0.094900 0.148400 0.152200 0.124700 0.165400 0.162900 0.113800 0.134400 0.097800 0.066000 0.071300 0.107400 0.105400 0.109500
Sitatunga 0.095500 0.467100 0.016900 0.338900 0.110700 0.098900 0.129300 0.141700 0.010200 0.158700 0.111600 0.056900 0.093600 0.114100 0.126000 0.112800 0.170300 0.161200 0.110500 0.000000 0.124300 0.099800 0.173900 0.195200 0.100500 0.149400 0.104300 0.013600 0.127100 0.020400 0.155800 0.096900 0.165800 0.108600 0.078400 0.063200 0.096300 0.104100 0.131800 0.153300 0.165500 0.143600 0.162400 0.171400 0.074500 0.152200 0.112100 0.108300 0.105000 0.130300 0.020200 0.023800
Oribi 0.080500 0.421300 0.119000 0.317300 0.102600 0.083900 0.087700 0.072700 0.112400 0.163700 0.073700 0.102100 0.063500 0.076200 0.133100 0.045100 0.165900 0.164700 0.087600 0.124300 0.000000 0.077200 0.184100 0.192800 0.063100 0.076500 0.074000 0.112500 0.058900 0.119300 0.172900 0.059500 0.176700 0.078000 0.063400 0.119300 0.080800 0.098700 0.066500 0.166800 0.175600 0.077300 0.171700 0.169000 0.123700 0.123000 0.055200 0.096800 0.067300 0.128700 0.118900 0.123100
BarbaryShe 0.030300 0.427600 0.095000 0.299700 0.079600 0.033600 0.068900 0.105300 0.088500 0.134300 0.030500 0.082100 0.048300 0.061600 0.116500 0.070000 0.143000 0.142200 0.057900 0.099800 0.077200 0.000000 0.157300 0.166300 0.020300 0.087100 0.058600 0.088500 0.083400 0.095300 0.139700 0.044800 0.139400 0.062400 0.055300 0.091700 0.030400 0.073100 0.091800 0.145300 0.149100 0.091600 0.146000 0.143800 0.095900 0.123700 0.080100 0.070000 0.053500 0.115700 0.094900 0.099000
Daviddeer 0.152300 0.439800 0.164700 0.330300 0.160200 0.155700 0.164000 0.206700 0.165700 0.057900 0.161900 0.173200 0.155200 0.160100 0.181000 0.176100 0.174600 0.165000 0.168400 0.173900 0.184100 0.157300 0.000000 0.072800 0.150200 0.190000 0.174800 0.166200 0.174100 0.169200 0.071600 0.149900 0.156900 0.167400 0.154800 0.186800 0.153400 0.170100 0.204500 0.061000 0.021100 0.178500 0.069000 0.049700 0.183500 0.203300 0.182600 0.179900 0.154500 0.156200 0.172200 0.177200
Reindeer 0.161600 0.432100 0.185500 0.335000 0.190000 0.165000 0.173000 0.216400 0.186800 0.080900 0.171000 0.182700 0.164300 0.164900 0.194800 0.185500 0.175200 0.174000 0.185900 0.195200 0.192800 0.166300 0.072800 0.000000 0.159200 0.195900 0.184100 0.187200 0.191900 0.185800 0.094600 0.155000 0.165400 0.172700 0.172300 0.196700 0.170400 0.192000 0.214400 0.084000 0.076400 0.188000 0.092300 0.028200 0.201800 0.218000 0.196600 0.189500 0.163700 0.173600 0.192900 0.198500
Ibex 0.023600 0.420300 0.095600 0.297000 0.072900 0.027000 0.058500 0.091100 0.089000 0.127200 0.016900 0.075200 0.034500 0.051300 0.102000 0.063200 0.131900 0.131200 0.044200 0.100500 0.063100 0.020300 0.150200 0.159200 0.000000 0.087700 0.051900 0.089100 0.076600 0.095900 0.140600 0.034400 0.140700 0.048500 0.041400 0.091400 0.023700 0.066300 0.077600 0.138300 0.142000 0.099700 0.138900 0.136800 0.095600 0.109000 0.073300 0.063200 0.046500 0.101300 0.095500 0.099600
GyrantGaze 0.105200 0.427200 0.136100 0.307300 0.119400 0.108500 0.112400 0.093300 0.137300 0.166900 0.091100 0.135700 0.095600 0.096900 0.149900 0.044400 0.180900 0.182300 0.104900 0.149400 0.076500 0.087100 0.190000 0.195900 0.087700 0.000000 0.098700 0.137400 0.051000 0.144200 0.168000 0.080400 0.188600 0.110400 0.091700 0.152700 0.102000 0.113000 0.087400 0.174000 0.181500 0.050900 0.174900 0.176300 0.157400 0.148600 0.075700 0.114400 0.084800 0.144200 0.143700 0.148100
Hartebeest 0.069100 0.413400 0.106900 0.301100 0.083800 0.072400 0.083700 0.102200 0.100300 0.151400 0.062300 0.086400 0.017100 0.076200 0.113300 0.074100 0.152400 0.143200 0.076000 0.104300 0.074000 0.058600 0.174800 0.184100 0.051900 0.098700 0.000000 0.100400 0.087700 0.107200 0.156600 0.059300 0.156100 0.030900 0.059200 0.103400 0.069300 0.084600 0.088600 0.162500 0.166400 0.103500 0.163400 0.160900 0.107700 0.128500 0.084200 0.081500 0.050200 0.109100 0.106800 0.111000
Bongo 0.084300 0.446300 0.010100 0.333300 0.099300 0.087600 0.117600 0.129800 0.003400 0.151100 0.100000 0.045900 0.089700 0.102700 0.114200 0.101100 0.157900 0.148700 0.099000 0.013600 0.112500 0.088500 0.166200 0.187200 0.089100 0.137400 0.100400 0.000000 0.115200 0.006700 0.148400 0.085500 0.153600 0.104700 0.067200 0.052300 0.085000 0.092700 0.119900 0.145900 0.157800 0.131400 0.154800 0.163800 0.063300 0.140000 0.100400 0.097000 0.101400 0.118500 0.013400 0.010100
Gerenuk 0.093900 0.395300 0.121500 0.319300 0.086600 0.097200 0.086700 0.075800 0.115100 0.167000 0.072800 0.116400 0.077200 0.086000 0.139500 0.020400 0.168300 0.167100 0.086500 0.127100 0.058900 0.083400 0.174100 0.191900 0.076600 0.051000 0.087700 0.115200 0.000000 0.114200 0.176200 0.069400 0.176000 0.091800 0.058800 0.133500 0.090900 0.087400 0.066100 0.165700 0.173700 0.062100 0.175000 0.168300 0.138000 0.129500 0.065500 0.103200 0.081000 0.121000 0.121400 0.125600
CommonElan 0.091000 0.454700 0.016800 0.331000 0.106000 0.094400 0.116800 0.136600 0.010100 0.158300 0.106900 0.052800 0.096600 0.109400 0.121100 0.108000 0.165200 0.155800 0.105800 0.020400 0.119300 0.095300 0.169200 0.185800 0.095900 0.144200 0.107200 0.006700 0.114200 0.000000 0.155400 0.092300 0.152800 0.111600 0.066700 0.059100 0.091700 0.099500 0.126700 0.152900 0.164900 0.138400 0.161900 0.162700 0.070200 0.146900 0.110400 0.103900 0.108300 0.117700 0.020100 0.016800
MuntiacusR 0.143200 0.406500 0.147100 0.281200 0.177900 0.138700 0.170300 0.192000 0.148400 0.035300 0.152100 0.154700 0.145500 0.150500 0.170700 0.162000 0.160300 0.163400 0.166800 0.155800 0.172900 0.139700 0.071600 0.094600 0.140600 0.168000 0.156600 0.148400 0.176200 0.155400 0.000000 0.141000 0.150900 0.157400 0.145200 0.168300 0.151700 0.171400 0.184100 0.067700 0.064100 0.172700 0.038800 0.070900 0.165000 0.193700 0.168400 0.153400 0.137000 0.162600 0.154800 0.159300
HarveysDui 0.048100 0.421600 0.092000 0.317700 0.079400 0.051400 0.044200 0.083800 0.085500 0.127500 0.044800 0.082800 0.041700 0.020100 0.108900 0.055900 0.139400 0.139800 0.058500 0.096900 0.059500 0.044800 0.149900 0.155000 0.034400 0.080400 0.059300 0.085500 0.069400 0.092300 0.141000 0.000000 0.148700 0.055900 0.041600 0.099900 0.048300 0.073100 0.070200 0.138200 0.141600 0.088000 0.139300 0.136700 0.104100 0.114300 0.066100 0.077900 0.052600 0.106100 0.092000 0.096000
Pronghorn 0.142400 0.411700 0.144700 0.326900 0.158400 0.145900 0.155800 0.191000 0.153100 0.145700 0.152000 0.160100 0.145100 0.158600 0.185600 0.177900 0.122300 0.127800 0.151100 0.165800 0.176700 0.139400 0.156900 0.165400 0.140700 0.188600 0.156100 0.153600 0.176000 0.152800 0.150900 0.148700 0.000000 0.156900 0.133000 0.176300 0.151300 0.162900 0.196200 0.137600 0.140800 0.180300 0.157500 0.151500 0.181200 0.210000 0.180900 0.161400 0.141700 0.168400 0.159600 0.164500
BlueWildeb 0.065800 0.441100 0.111200 0.312900 0.087800 0.069100 0.080400 0.106400 0.104600 0.144000 0.059000 0.090600 0.013700 0.072900 0.117700 0.078200 0.144700 0.143900 0.072800 0.108600 0.078000 0.062400 0.167400 0.172700 0.048500 0.110400 0.030900 0.104700 0.091800 0.111600 0.157400 0.055900 0.156900 0.000000 0.055900 0.107700 0.066000 0.081200 0.092800 0.155100 0.159000 0.115400 0.156000 0.149700 0.112000 0.121200 0.088300 0.085600 0.061400 0.105600 0.111100 0.115300
Gemsbok 0.051300 0.441500 0.073800 0.308100 0.058800 0.054700 0.065900 0.080500 0.067200 0.139900 0.051900 0.068100 0.041700 0.058500 0.102500 0.059800 0.136600 0.135700 0.051400 0.078400 0.063400 0.055300 0.154800 0.172300 0.041400 0.091700 0.059200 0.067200 0.058800 0.066700 0.145200 0.041600 0.133000 0.055900 0.000000 0.085200 0.058800 0.052200 0.070500 0.126700 0.146600 0.096400 0.143500 0.149400 0.089300 0.117300 0.070000 0.070700 0.054100 0.097900 0.073700 0.077700
Yak 0.095100 0.469500 0.058900 0.336400 0.109700 0.098500 0.124900 0.140600 0.052300 0.163300 0.103100 0.049200 0.092800 0.117000 0.117100 0.111900 0.164800 0.155300 0.109600 0.063200 0.119300 0.091700 0.186800 0.196700 0.091400 0.152700 0.103400 0.052300 0.133500 0.059100 0.168300 0.099900 0.176300 0.107700 0.085200 0.000000 0.103000 0.102100 0.134300 0.166100 0.178400 0.150500 0.167000 0.172800 0.010100 0.150900 0.118300 0.100100 0.104500 0.125800 0.058800 0.062600
BlueSheep 0.033700 0.429500 0.091500 0.319400 0.083300 0.037000 0.072500 0.109000 0.084900 0.138400 0.034000 0.085900 0.051800 0.065100 0.112800 0.077400 0.151400 0.150500 0.061400 0.096300 0.080800 0.030400 0.153400 0.170400 0.023700 0.102000 0.069300 0.085000 0.090900 0.091700 0.151700 0.048300 0.151300 0.066000 0.058800 0.103000 0.000000 0.076800 0.095500 0.149400 0.153100 0.106600 0.150100 0.147800 0.107200 0.112300 0.083800 0.081000 0.064500 0.119600 0.091400 0.095400
BohorReedb 0.076100 0.419000 0.099300 0.341200 0.020200 0.079400 0.098200 0.109500 0.092600 0.159200 0.076900 0.086300 0.066700 0.090600 0.116600 0.081400 0.160000 0.159200 0.076200 0.104100 0.098700 0.073100 0.170100 0.192000 0.066300 0.113000 0.084600 0.092700 0.087400 0.099500 0.171400 0.073100 0.162900 0.081200 0.052200 0.102100 0.076800 0.000000 0.107200 0.162000 0.161800 0.114700 0.171200 0.168500 0.106300 0.126600 0.095300 0.096100 0.077900 0.114400 0.099100 0.103200
KirksDik 0.095200 0.440000 0.126300 0.321900 0.113700 0.098500 0.106000 0.090800 0.119800 0.180500 0.081000 0.117300 0.078100 0.087200 0.144400 0.063000 0.176900 0.168300 0.094900 0.131800 0.066500 0.091800 0.204500 0.214400 0.077600 0.087400 0.088600 0.119900 0.066100 0.126700 0.184100 0.070200 0.196200 0.092800 0.070500 0.134300 0.095500 0.107200 0.000000 0.183100 0.195700 0.099400 0.184200 0.189800 0.138900 0.130200 0.073100 0.107900 0.085600 0.138000 0.126200 0.130000
RoeDeer 0.132500 0.433400 0.136700 0.310900 0.152200 0.135900 0.160000 0.190000 0.145400 0.061500 0.149900 0.152500 0.143100 0.148200 0.172700 0.159700 0.153700 0.144500 0.148400 0.153300 0.166800 0.145300 0.061000 0.084000 0.138300 0.174000 0.162500 0.145900 0.165700 0.152900 0.067700 0.138200 0.137600 0.155100 0.126700 0.166100 0.149400 0.162000 0.183100 0.000000 0.053600 0.170500 0.065100 0.060500 0.171000 0.190700 0.166200 0.167600 0.142300 0.148300 0.152000 0.156900
WhiteLippe 0.136200 0.426900 0.148500 0.324600 0.160100 0.139700 0.163700 0.198000 0.157400 0.050500 0.153600 0.164700 0.146900 0.151900 0.172600 0.167600 0.157600 0.156600 0.152200 0.165500 0.175600 0.149100 0.021100 0.076400 0.142000 0.181500 0.166400 0.157800 0.173700 0.164900 0.064100 0.141600 0.140800 0.159000 0.146600 0.178400 0.153100 0.161800 0.195700 0.053600 0.000000 0.170000 0.061500 0.053200 0.175000 0.203100 0.174100 0.171400 0.146200 0.160100 0.163800 0.168900
ThomsonGaz 0.109900 0.411700 0.130300 0.326800 0.113600 0.113200 0.113500 0.097900 0.131100 0.171700 0.110600 0.133300 0.100400 0.105300 0.144400 0.048400 0.198400 0.197000 0.124700 0.143600 0.077300 0.091600 0.178500 0.188000 0.099700 0.050900 0.103500 0.131400 0.062100 0.138400 0.172700 0.088000 0.180300 0.115400 0.096400 0.150500 0.106600 0.114700 0.099400 0.170500 0.170000 0.000000 0.179800 0.172800 0.155100 0.145800 0.087400 0.119400 0.081600 0.157400 0.137500 0.142200
MuntiacusC 0.141500 0.413500 0.153500 0.295700 0.177800 0.145000 0.169000 0.191000 0.154800 0.025000 0.150600 0.149000 0.143900 0.140800 0.169500 0.160500 0.167200 0.161700 0.165400 0.162400 0.171700 0.146000 0.069000 0.092300 0.138900 0.174900 0.163400 0.154800 0.175000 0.161900 0.038800 0.139300 0.157500 0.156000 0.143500 0.167000 0.150100 0.171200 0.184200 0.065100 0.061500 0.179800 0.000000 0.068300 0.163600 0.200700 0.167100 0.168500 0.143500 0.161200 0.161300 0.165900
WhiteTaile 0.139400 0.427900 0.162300 0.319400 0.166900 0.142800 0.150500 0.192200 0.163300 0.057300 0.148300 0.159200 0.141600 0.146700 0.171100 0.162100 0.160400 0.159500 0.162900 0.171400 0.169000 0.143800 0.049700 0.028200 0.136800 0.176300 0.160900 0.163800 0.168300 0.162700 0.070900 0.136700 0.151500 0.149700 0.149400 0.172800 0.147800 0.168500 0.189800 0.060500 0.053200 0.172800 0.068300 0.000000 0.177700 0.191500 0.168600 0.165800 0.140800 0.150800 0.169300 0.174900
Cattle 0.106700 0.477700 0.069900 0.347100 0.114100 0.110100 0.132600 0.145200 0.063300 0.159900 0.107400 0.053100 0.097000 0.121300 0.121500 0.116200 0.169800 0.160200 0.113800 0.074500 0.123700 0.095900 0.183500 0.201800 0.095600 0.157400 0.107700 0.063300 0.138000 0.070200 0.165000 0.104100 0.181200 0.112000 0.089300 0.010100 0.107200 0.106300 0.138900 0.171000 0.175000 0.155100 0.163600 0.177700 0.000000 0.155600 0.122600 0.107800 0.108800 0.130200 0.069900 0.073800
RoyalAntel 0.127100 0.443300 0.146500 0.381700 0.125000 0.122800 0.131700 0.144100 0.140000 0.188300 0.120400 0.137500 0.109800 0.131400 0.156800 0.115100 0.190800 0.181400 0.134400 0.152200 0.123000 0.123700 0.203300 0.218000 0.109000 0.148600 0.128500 0.140000 0.129500 0.146900 0.193700 0.114300 0.210000 0.121200 0.117300 0.150900 0.112300 0.126600 0.130200 0.190700 0.203100 0.145800 0.200700 0.191500 0.155600 0.000000 0.125800 0.127500 0.112400 0.153800 0.146400 0.150900
Steenbok 0.090800 0.417800 0.110000 0.300600 0.109300 0.094100 0.097900 0.079100 0.100400 0.159200 0.084000 0.101300 0.073800 0.082700 0.124400 0.051700 0.172500 0.171300 0.097800 0.112100 0.055200 0.080100 0.182600 0.196600 0.073300 0.075700 0.084200 0.100400 0.065500 0.110400 0.168400 0.066100 0.180900 0.088300 0.070000 0.118300 0.083800 0.095300 0.073100 0.166200 0.174100 0.087400 0.167100 0.168600 0.122600 0.125800 0.000000 0.103400 0.077700 0.133200 0.109900 0.114100
Impala 0.073400 0.446100 0.103600 0.351400 0.102600 0.069500 0.098500 0.110200 0.097000 0.156400 0.066600 0.075600 0.070900 0.095000 0.116500 0.096900 0.129700 0.139500 0.066000 0.108300 0.096800 0.070000 0.179900 0.189500 0.063200 0.114400 0.081500 0.097000 0.103200 0.103900 0.153400 0.077900 0.161400 0.085600 0.070700 0.100100 0.081000 0.096100 0.107900 0.167600 0.171400 0.119400 0.168500 0.165800 0.107800 0.127500 0.103400 0.000000 0.074800 0.115200 0.103500 0.107700
Klipspring 0.064200 0.417400 0.100400 0.280400 0.084200 0.067600 0.076800 0.095600 0.101300 0.131600 0.057400 0.087300 0.046900 0.069600 0.107000 0.067400 0.145900 0.145100 0.071300 0.105000 0.067300 0.053500 0.154500 0.163700 0.046500 0.084800 0.050200 0.101400 0.081000 0.108300 0.137000 0.052600 0.141700 0.061400 0.054100 0.104500 0.064500 0.077900 0.085600 0.142300 0.146200 0.081600 0.143500 0.140800 0.108800 0.112400 0.077700 0.074800 0.000000 0.112000 0.107900 0.112100
ForestMusk 0.110400 0.445100 0.125000 0.328100 0.113300 0.113900 0.130800 0.140100 0.118500 0.149300 0.104800 0.112400 0.094400 0.123200 0.136200 0.119000 0.152600 0.139800 0.107400 0.130300 0.128700 0.115700 0.156200 0.173600 0.101300 0.144200 0.109100 0.118500 0.121000 0.117700 0.162600 0.106100 0.168400 0.105600 0.097900 0.125800 0.119600 0.114400 0.138000 0.148300 0.160100 0.157400 0.161200 0.150800 0.130200 0.153800 0.133200 0.115200 0.112000 0.000000 0.117300 0.129200
Bushbuck 0.090700 0.450400 0.016700 0.339300 0.105300 0.094000 0.123700 0.136100 0.010100 0.157600 0.106400 0.052600 0.096200 0.109000 0.120600 0.107500 0.164500 0.155200 0.105400 0.020200 0.118900 0.094900 0.172200 0.192900 0.095500 0.143700 0.106800 0.013400 0.121400 0.020100 0.154800 0.092000 0.159600 0.111100 0.073700 0.058800 0.091400 0.099100 0.126200 0.152000 0.163800 0.137500 0.161300 0.169300 0.069900 0.146400 0.109900 0.103500 0.107900 0.117300 0.000000 0.023500
GreaterKud 0.094700 0.459600 0.020100 0.345800 0.109700 0.098100 0.128100 0.140400 0.013500 0.162200 0.110600 0.056400 0.100300 0.113100 0.124200 0.111700 0.169200 0.159800 0.109500 0.023800 0.123100 0.099000 0.177200 0.198500 0.099600 0.148100 0.111000 0.010100 0.125600 0.016800 0.159300 0.096000 0.164500 0.115300 0.077700 0.062600 0.095400 0.103200 0.130000 0.156900 0.168900 0.142200 0.165900 0.174900 0.073800 0.150900 0.114100 0.107700 0.112100 0.129200 0.023500 0.000000
