1
52 1
Argali 0.000000 0.176100 0.044800 0.125900 0.014500 0.000000 0.029400 0.044300 0.060400 0.000000 0.000000 0.044700 0.044600 0.044800 0.014500 0.014700 0.029300 0.000000 0.014500 0.036800 0.014700 0.000000 0.014400 0.014400 0.000000 0.014800 0.000000 0.029500 0.000000 0.060400 0.044600 0.014500 0.109100 0.014600 0.014500 0.029900 0.000000 0.014500 0.044000 0.029200 0.014400 0.014800 0.059800 0.044400 0.014700 0.013800 0.044600 0.029400 0.029200 0.029800 0.029500 0.093000
LesserMous 0.176100 0.000000 0.196000 0.231500 0.194500 0.176100 0.215300 0.233500 0.178200 0.175500 0.175500 0.195400 0.194800 0.235000 0.195200 0.198100 0.175900 0.175500 0.158600 0.192500 0.197800 0.176100 0.193700 0.157100 0.175500 0.199800 0.176300 0.177200 0.176100 0.178200 0.194900 0.195300 0.275800 0.194700 0.194000 0.179300 0.176100 0.194500 0.230800 0.193600 0.193700 0.198000 0.193900 0.194500 0.159200 0.194300 0.233200 0.194900 0.194100 0.179400 0.177100 0.216400
LesserKudu 0.044800 0.196000 0.000000 0.144000 0.060400 0.044800 0.076900 0.093000 0.014300 0.044700 0.044700 0.058800 0.092900 0.093200 0.060600 0.061400 0.044800 0.044700 0.060400 0.028900 0.061500 0.044800 0.060100 0.029400 0.044700 0.061900 0.044900 0.014200 0.044800 0.014300 0.060600 0.060600 0.093200 0.060600 0.060300 0.044300 0.044800 0.060400 0.092000 0.076100 0.060100 0.061400 0.076200 0.060400 0.028900 0.060300 0.093100 0.076500 0.076400 0.044200 0.014300 0.044000
KillerWhal 0.125900 0.231500 0.144000 0.000000 0.143700 0.125900 0.126600 0.142900 0.161700 0.125500 0.125500 0.144000 0.180600 0.145300 0.108900 0.145900 0.125800 0.125500 0.143000 0.139300 0.145800 0.125900 0.143000 0.108100 0.125500 0.129000 0.126300 0.126500 0.125900 0.161700 0.126000 0.144100 0.179700 0.144000 0.142900 0.127800 0.125900 0.143700 0.178300 0.091500 0.143000 0.146300 0.125400 0.143100 0.109500 0.143400 0.179700 0.126300 0.125900 0.127900 0.126200 0.199300
DefassaWat 0.014500 0.194500 0.060400 0.143700 0.000000 0.014500 0.044700 0.059800 0.076500 0.014500 0.014500 0.060300 0.029500 0.060400 0.029300 0.029800 0.014600 0.014500 0.029200 0.053900 0.029800 0.014500 0.029200 0.029200 0.014500 0.030000 0.014600 0.044800 0.014500 0.076500 0.029500 0.029400 0.126300 0.000000 0.029300 0.045300 0.014500 0.000000 0.059300 0.044400 0.029200 0.000000 0.075700 0.060000 0.029600 0.029200 0.060200 0.044600 0.044400 0.014800 0.044800 0.076900
Sheep 0.000000 0.176100 0.044800 0.125900 0.014500 0.000000 0.029400 0.044300 0.060400 0.000000 0.000000 0.044700 0.044600 0.044800 0.014500 0.014700 0.029300 0.000000 0.014500 0.036800 0.014700 0.000000 0.014400 0.014400 0.000000 0.014800 0.000000 0.029500 0.000000 0.060400 0.044600 0.014500 0.109100 0.014600 0.014500 0.029900 0.000000 0.014500 0.044000 0.029200 0.014400 0.014800 0.059800 0.044400 0.014700 0.013800 0.044600 0.029400 0.029200 0.029800 0.029500 0.093000
MaxwellsDu 0.029400 0.215300 0.076900 0.126600 0.044700 0.029400 0.000000 0.044500 0.093400 0.029400 0.029400 0.076700 0.076500 0.044900 0.014600 0.045400 0.060500 0.029400 0.044600 0.071400 0.045500 0.029400 0.044500 0.044500 0.029400 0.030200 0.029600 0.060700 0.029400 0.093400 0.060500 0.014600 0.109500 0.045000 0.044600 0.061400 0.029400 0.044700 0.075400 0.029300 0.044500 0.045600 0.092400 0.076300 0.045100 0.044500 0.076600 0.060500 0.060200 0.061400 0.060700 0.128000
GazellaPrz 0.044300 0.233500 0.093000 0.142900 0.059800 0.044300 0.044500 0.000000 0.109900 0.044300 0.044300 0.092600 0.092200 0.092600 0.029200 0.060900 0.076000 0.044300 0.059800 0.088400 0.029900 0.044300 0.059600 0.059800 0.044300 0.045500 0.044600 0.076500 0.044300 0.109900 0.076100 0.060000 0.126100 0.060200 0.059800 0.077400 0.044300 0.059800 0.053500 0.044200 0.059600 0.061000 0.108500 0.092100 0.060600 0.059600 0.060400 0.076000 0.075600 0.077400 0.076500 0.145100
MountainNy 0.060400 0.178200 0.014300 0.161700 0.076500 0.060400 0.093400 0.109900 0.000000 0.060300 0.060300 0.074300 0.109600 0.110000 0.076600 0.077600 0.060400 0.060300 0.076500 0.044000 0.077800 0.060400 0.076000 0.044600 0.060300 0.078300 0.060600 0.028800 0.060400 0.000000 0.076700 0.076700 0.110300 0.076600 0.076300 0.059900 0.060400 0.076500 0.108600 0.092400 0.076000 0.077700 0.092400 0.076400 0.043900 0.076200 0.110100 0.092900 0.092700 0.059700 0.028900 0.029200
MuntiacusM 0.000000 0.175500 0.044700 0.125500 0.014500 0.000000 0.029400 0.044300 0.060300 0.000000 0.000000 0.044500 0.044400 0.044600 0.014500 0.014700 0.029300 0.000000 0.014400 0.038200 0.014700 0.000000 0.014300 0.014300 0.000000 0.014800 0.000100 0.029400 0.000000 0.060300 0.044300 0.014500 0.108300 0.014500 0.014400 0.029800 0.000000 0.014500 0.044000 0.029100 0.014300 0.014700 0.059400 0.044100 0.014600 0.014400 0.044400 0.029200 0.029200 0.029700 0.029400 0.092700
goat 0.000000 0.175500 0.044700 0.125500 0.014500 0.000000 0.029400 0.044300 0.060300 0.000000 0.000000 0.044500 0.044400 0.044600 0.014500 0.014700 0.029300 0.000000 0.014400 0.038200 0.014700 0.000000 0.014300 0.014300 0.000000 0.014800 0.000100 0.029400 0.000000 0.060300 0.044300 0.014500 0.108300 0.014500 0.014400 0.029800 0.000000 0.014500 0.044000 0.029100 0.014300 0.014700 0.059400 0.044100 0.014600 0.014400 0.044400 0.029200 0.029200 0.029700 0.029400 0.092700
AfricanBuf 0.044700 0.195400 0.058800 0.144000 0.060300 0.044700 0.076700 0.092600 0.074300 0.044500 0.044500 0.000000 0.092700 0.093200 0.060400 0.061300 0.044600 0.044500 0.060200 0.059200 0.061300 0.044700 0.060000 0.029300 0.044500 0.061800 0.044800 0.043500 0.044700 0.074300 0.060400 0.060400 0.126700 0.060400 0.060100 0.044100 0.044700 0.060300 0.091800 0.075900 0.060000 0.061300 0.076000 0.060100 0.028800 0.060200 0.092700 0.076400 0.076200 0.044000 0.043500 0.106700
Topi 0.044600 0.194800 0.092900 0.180600 0.029500 0.044600 0.076500 0.092200 0.109600 0.044400 0.044400 0.092700 0.000000 0.093000 0.060300 0.061000 0.044700 0.044400 0.060000 0.087500 0.061000 0.044600 0.059800 0.059800 0.044400 0.061500 0.044500 0.076500 0.044600 0.109600 0.060500 0.060300 0.162200 0.029500 0.059900 0.077300 0.044600 0.029500 0.091500 0.075700 0.059800 0.030000 0.108700 0.092200 0.060600 0.060000 0.092400 0.076200 0.076100 0.045400 0.076400 0.110200
CommonDuik 0.044800 0.235000 0.093200 0.145300 0.060400 0.044800 0.044900 0.092600 0.110000 0.044600 0.044600 0.093200 0.093000 0.000000 0.060500 0.061400 0.076400 0.044600 0.060300 0.088000 0.061400 0.044800 0.060100 0.060100 0.044600 0.061900 0.044900 0.076800 0.044800 0.110000 0.093000 0.029500 0.144500 0.060600 0.060200 0.077700 0.044800 0.060400 0.091900 0.076100 0.060100 0.061500 0.109300 0.092600 0.060900 0.060300 0.092700 0.076600 0.076500 0.077700 0.076700 0.145000
Suni 0.014500 0.195200 0.060600 0.108900 0.029300 0.014500 0.014600 0.029200 0.076600 0.014500 0.014500 0.060400 0.060300 0.060500 0.000000 0.029800 0.044700 0.014500 0.029300 0.054000 0.029900 0.014500 0.029200 0.029300 0.014500 0.014900 0.014600 0.044900 0.014500 0.076600 0.044700 0.029400 0.092300 0.029500 0.029300 0.045400 0.014500 0.029300 0.059400 0.014500 0.029200 0.029900 0.075800 0.060100 0.029700 0.029200 0.060300 0.044700 0.044500 0.045400 0.044900 0.110100
Springbuck 0.014700 0.198100 0.061400 0.145900 0.029800 0.014700 0.045400 0.060900 0.077600 0.014700 0.014700 0.061300 0.061000 0.061400 0.029800 0.000000 0.045200 0.014700 0.029700 0.054000 0.029200 0.014700 0.029600 0.029700 0.014700 0.029400 0.014800 0.045500 0.014700 0.077600 0.061100 0.029800 0.128200 0.029900 0.029700 0.046100 0.014700 0.029800 0.060400 0.045000 0.029600 0.029200 0.077000 0.060800 0.030100 0.029700 0.061000 0.045300 0.045200 0.046100 0.045500 0.111300
Okapi 0.029300 0.175900 0.044800 0.125800 0.014600 0.029300 0.060500 0.076000 0.060400 0.029300 0.029300 0.044600 0.044700 0.076400 0.044700 0.045200 0.000000 0.029300 0.044500 0.035600 0.045200 0.029300 0.044300 0.014400 0.029300 0.045600 0.029400 0.029500 0.029300 0.060400 0.014600 0.044700 0.109000 0.014600 0.044400 0.029800 0.029300 0.014600 0.075300 0.059900 0.044300 0.014800 0.059800 0.044400 0.014600 0.044400 0.076100 0.060200 0.060100 0.000200 0.029500 0.060700
Giraffe 0.000000 0.175500 0.044700 0.125500 0.014500 0.000000 0.029400 0.044300 0.060300 0.000000 0.000000 0.044500 0.044400 0.044600 0.014500 0.014700 0.029300 0.000000 0.014400 0.038200 0.014700 0.000000 0.014300 0.014300 0.000000 0.014800 0.000100 0.029400 0.000000 0.060300 0.044300 0.014500 0.108300 0.014500 0.014400 0.029800 0.000000 0.014500 0.044000 0.029100 0.014300 0.014700 0.059400 0.044100 0.014600 0.014400 0.044400 0.029200 0.029200 0.029700 0.029400 0.092700
TibetanAnt 0.014500 0.158600 0.060400 0.143000 0.029200 0.014500 0.044600 0.059800 0.076500 0.014400 0.014400 0.060200 0.060000 0.060300 0.029300 0.029700 0.044500 0.014400 0.000000 0.053800 0.029800 0.014500 0.029100 0.029200 0.014400 0.030000 0.014500 0.044800 0.014500 0.076500 0.060200 0.029300 0.126200 0.029400 0.029200 0.045300 0.014500 0.029200 0.059300 0.044200 0.029100 0.029800 0.075500 0.059900 0.029600 0.029200 0.060200 0.044500 0.044300 0.045300 0.044800 0.109900
Sitatunga 0.036800 0.192500 0.028900 0.139300 0.053900 0.036800 0.071400 0.088400 0.044000 0.038200 0.038200 0.059200 0.087500 0.088000 0.054000 0.054000 0.035600 0.038200 0.053800 0.000000 0.053900 0.036800 0.055200 0.020500 0.038200 0.054200 0.035800 0.014300 0.036800 0.044000 0.055400 0.054000 0.125200 0.052900 0.052800 0.044600 0.036800 0.053900 0.087500 0.070700 0.055200 0.053900 0.072400 0.055300 0.029100 0.053900 0.087300 0.070100 0.071000 0.035900 0.043900 0.075200
Oribi 0.014700 0.197800 0.061500 0.145800 0.029800 0.014700 0.045500 0.029900 0.077800 0.014700 0.014700 0.061300 0.061000 0.061400 0.029900 0.029200 0.045200 0.014700 0.029800 0.053900 0.000000 0.014700 0.029600 0.029700 0.014700 0.029400 0.014800 0.045500 0.014700 0.077800 0.061200 0.029900 0.128400 0.029900 0.029700 0.046100 0.014700 0.029800 0.029600 0.045000 0.029600 0.029300 0.076900 0.060900 0.030100 0.029800 0.030000 0.045300 0.045200 0.046100 0.045500 0.111600
BarbaryShe 0.000000 0.176100 0.044800 0.125900 0.014500 0.000000 0.029400 0.044300 0.060400 0.000000 0.000000 0.044700 0.044600 0.044800 0.014500 0.014700 0.029300 0.000000 0.014500 0.036800 0.014700 0.000000 0.014400 0.014400 0.000000 0.014800 0.000000 0.029500 0.000000 0.060400 0.044600 0.014500 0.109100 0.014600 0.014500 0.029900 0.000000 0.014500 0.044000 0.029200 0.014400 0.014800 0.059800 0.044400 0.014700 0.014400 0.044600 0.029400 0.029200 0.029800 0.029500 0.093000
Daviddeer 0.014400 0.193700 0.060100 0.143000 0.029200 0.014400 0.044500 0.059600 0.076000 0.014300 0.014300 0.060000 0.059800 0.060100 0.029200 0.029600 0.044300 0.014300 0.029100 0.055200 0.029600 0.014400 0.000000 0.029000 0.014300 0.029900 0.014500 0.044600 0.014400 0.076000 0.059700 0.029300 0.125100 0.029300 0.029100 0.045100 0.014400 0.029200 0.059200 0.044100 0.000000 0.029700 0.075100 0.059400 0.029500 0.029100 0.059800 0.044300 0.044300 0.045100 0.044500 0.109000
Reindeer 0.014400 0.157100 0.029400 0.108100 0.029200 0.014400 0.044500 0.059800 0.044600 0.014300 0.014300 0.029300 0.059800 0.060100 0.029300 0.029700 0.014400 0.014300 0.029200 0.020500 0.029700 0.014400 0.029000 0.000000 0.014300 0.029900 0.014500 0.014500 0.014400 0.044600 0.029200 0.029300 0.091500 0.029300 0.029200 0.014700 0.014400 0.029200 0.059300 0.044100 0.029000 0.029700 0.044000 0.029000 0.000200 0.029200 0.059900 0.044300 0.044300 0.014600 0.014500 0.076200
Ibex 0.000000 0.175500 0.044700 0.125500 0.014500 0.000000 0.029400 0.044300 0.060300 0.000000 0.000000 0.044500 0.044400 0.044600 0.014500 0.014700 0.029300 0.000000 0.014400 0.038200 0.014700 0.000000 0.014300 0.014300 0.000000 0.014800 0.000100 0.029400 0.000000 0.060300 0.044300 0.014500 0.108300 0.014500 0.014400 0.029800 0.000000 0.014500 0.044000 0.029100 0.014300 0.014700 0.059400 0.044100 0.014600 0.014400 0.044400 0.029200 0.029200 0.029700 0.029400 0.092700
GyrantGaze 0.014800 0.199800 0.061900 0.129000 0.030000 0.014800 0.030200 0.045500 0.078300 0.014800 0.014800 0.061800 0.061500 0.061900 0.014900 0.029400 0.045600 0.014800 0.030000 0.054200 0.029400 0.014800 0.029900 0.029900 0.014800 0.000000 0.014900 0.045900 0.014800 0.078300 0.029800 0.030100 0.111600 0.030100 0.029900 0.046500 0.014800 0.030000 0.060900 0.029900 0.029900 0.029500 0.077600 0.061400 0.030400 0.030000 0.061600 0.045700 0.045600 0.046400 0.045800 0.112400
Hartebeest 0.000000 0.176300 0.044900 0.126300 0.014600 0.000000 0.029600 0.044600 0.060600 0.000100 0.000100 0.044800 0.044500 0.044900 0.014600 0.014800 0.029400 0.000100 0.014500 0.035800 0.014800 0.000000 0.014500 0.014500 0.000100 0.014900 0.000000 0.029600 0.000000 0.060600 0.044800 0.014600 0.109300 0.014600 0.014500 0.030000 0.000000 0.014600 0.044300 0.029300 0.014500 0.014800 0.060000 0.044500 0.014700 0.014500 0.044700 0.029500 0.029400 0.029900 0.029600 0.093100
Bongo 0.029500 0.177200 0.014200 0.126500 0.044800 0.029500 0.060700 0.076500 0.028800 0.029400 0.029400 0.043500 0.076500 0.076800 0.044900 0.045500 0.029500 0.029400 0.044800 0.014300 0.045500 0.029500 0.044600 0.014500 0.029400 0.045900 0.029600 0.000000 0.029500 0.028800 0.044900 0.044900 0.109800 0.044900 0.044700 0.029200 0.029500 0.044800 0.075800 0.060200 0.044600 0.045600 0.060200 0.044700 0.014300 0.044700 0.076600 0.060500 0.060400 0.029100 0.028700 0.059000
Gerenuk 0.000000 0.176100 0.044800 0.125900 0.014500 0.000000 0.029400 0.044300 0.060400 0.000000 0.000000 0.044700 0.044600 0.044800 0.014500 0.014700 0.029300 0.000000 0.014500 0.036800 0.014700 0.000000 0.014400 0.014400 0.000000 0.014800 0.000000 0.029500 0.000000 0.060400 0.044600 0.014500 0.109100 0.014600 0.014500 0.029900 0.000000 0.014500 0.044000 0.029200 0.014400 0.014800 0.059800 0.044400 0.014700 0.014400 0.044600 0.029400 0.029200 0.029800 0.029500 0.093000
CommonElan 0.060400 0.178200 0.014300 0.161700 0.076500 0.060400 0.093400 0.109900 0.000000 0.060300 0.060300 0.074300 0.109600 0.110000 0.076600 0.077600 0.060400 0.060300 0.076500 0.044000 0.077800 0.060400 0.076000 0.044600 0.060300 0.078300 0.060600 0.028800 0.060400 0.000000 0.076700 0.076700 0.110300 0.076600 0.076300 0.059900 0.060400 0.076500 0.108600 0.092400 0.076000 0.077700 0.092400 0.076400 0.043900 0.076200 0.110100 0.092900 0.092700 0.059700 0.028900 0.029200
MuntiacusR 0.044600 0.194900 0.060600 0.126000 0.029500 0.044600 0.060500 0.076100 0.076700 0.044300 0.044300 0.060400 0.060500 0.093000 0.044700 0.061100 0.014600 0.044300 0.060200 0.055400 0.061200 0.044600 0.059700 0.029200 0.044300 0.029800 0.044800 0.044900 0.044600 0.076700 0.000000 0.060400 0.108800 0.029600 0.060000 0.045400 0.044600 0.029500 0.091700 0.059900 0.059700 0.030000 0.075500 0.059900 0.029600 0.060100 0.092800 0.076300 0.076200 0.014800 0.044900 0.077100
HarveysDui 0.014500 0.195300 0.060600 0.144100 0.029400 0.014500 0.014600 0.060000 0.076700 0.014500 0.014500 0.060400 0.060300 0.029500 0.029400 0.029800 0.044700 0.014500 0.029300 0.054000 0.029900 0.014500 0.029300 0.029300 0.014500 0.030100 0.014600 0.044900 0.014500 0.076700 0.060400 0.000000 0.126700 0.029500 0.029300 0.045500 0.014500 0.029400 0.059500 0.044400 0.029300 0.029900 0.075900 0.060100 0.029700 0.029300 0.060300 0.044700 0.044500 0.045400 0.044900 0.110200
Pronghorn 0.109100 0.275800 0.093200 0.179700 0.126300 0.109100 0.109500 0.126100 0.110300 0.108300 0.108300 0.126700 0.162200 0.144500 0.092300 0.128200 0.109000 0.108300 0.126200 0.125200 0.128400 0.109100 0.125100 0.091500 0.108300 0.111600 0.109300 0.109800 0.109100 0.110300 0.108800 0.126700 0.000000 0.126600 0.125900 0.111200 0.109100 0.126300 0.160500 0.108400 0.125100 0.128400 0.142900 0.091800 0.093200 0.125900 0.126600 0.144300 0.143800 0.111200 0.076700 0.145800
BlueWildeb 0.014600 0.194700 0.060600 0.144000 0.000000 0.014600 0.045000 0.060200 0.076600 0.014500 0.014500 0.060400 0.029500 0.060600 0.029500 0.029900 0.014600 0.014500 0.029400 0.052900 0.029900 0.014600 0.029300 0.029300 0.014500 0.030100 0.014600 0.044900 0.014600 0.076600 0.029600 0.029500 0.126600 0.000000 0.029300 0.045400 0.014600 0.000000 0.059700 0.044500 0.029300 0.000100 0.075900 0.060100 0.029600 0.029400 0.060300 0.044700 0.044700 0.014800 0.044900 0.077000
Gemsbok 0.014500 0.194000 0.060300 0.142900 0.029300 0.014500 0.044600 0.059800 0.076300 0.014400 0.014400 0.060100 0.059900 0.060200 0.029300 0.029700 0.044400 0.014400 0.029200 0.052800 0.029700 0.014500 0.029100 0.029200 0.014400 0.029900 0.014500 0.044700 0.014500 0.076300 0.060000 0.029300 0.125900 0.029300 0.000000 0.045300 0.014500 0.029300 0.059400 0.044200 0.029100 0.029700 0.075600 0.059800 0.029500 0.029200 0.059900 0.044400 0.044400 0.045200 0.044700 0.109400
Yak 0.029900 0.179300 0.044300 0.127800 0.045300 0.029900 0.061400 0.077400 0.059900 0.029800 0.029800 0.044100 0.077300 0.077700 0.045400 0.046100 0.029800 0.029800 0.045300 0.044600 0.046100 0.029900 0.045100 0.014700 0.029800 0.046500 0.030000 0.029200 0.029900 0.059900 0.045400 0.045500 0.111200 0.045400 0.045300 0.000000 0.029900 0.045300 0.076700 0.060900 0.045100 0.046000 0.061000 0.045300 0.014500 0.045200 0.077500 0.061200 0.061000 0.029400 0.029200 0.092000
BlueSheep 0.000000 0.176100 0.044800 0.125900 0.014500 0.000000 0.029400 0.044300 0.060400 0.000000 0.000000 0.044700 0.044600 0.044800 0.014500 0.014700 0.029300 0.000000 0.014500 0.036800 0.014700 0.000000 0.014400 0.014400 0.000000 0.014800 0.000000 0.029500 0.000000 0.060400 0.044600 0.014500 0.109100 0.014600 0.014500 0.029900 0.000000 0.014500 0.044000 0.029200 0.014400 0.014800 0.059800 0.044400 0.014700 0.014400 0.044600 0.029400 0.029200 0.029800 0.029500 0.093000
BohorReedb 0.014500 0.194500 0.060400 0.143700 0.000000 0.014500 0.044700 0.059800 0.076500 0.014500 0.014500 0.060300 0.029500 0.060400 0.029300 0.029800 0.014600 0.014500 0.029200 0.053900 0.029800 0.014500 0.029200 0.029200 0.014500 0.030000 0.014600 0.044800 0.014500 0.076500 0.029500 0.029400 0.126300 0.000000 0.029300 0.045300 0.014500 0.000000 0.059300 0.044400 0.029200 0.000000 0.075700 0.060000 0.029600 0.029200 0.060200 0.044600 0.044400 0.014800 0.044800 0.076900
KirksDik 0.044000 0.230800 0.092000 0.178300 0.059300 0.044000 0.075400 0.053500 0.108600 0.044000 0.044000 0.091800 0.091500 0.091900 0.059400 0.060400 0.075300 0.044000 0.059300 0.087500 0.029600 0.044000 0.059200 0.059300 0.044000 0.060900 0.044300 0.075800 0.044000 0.108600 0.091700 0.059500 0.160500 0.059700 0.059400 0.076700 0.044000 0.059300 0.000000 0.074900 0.059200 0.060600 0.107600 0.091300 0.060000 0.059200 0.059800 0.075400 0.075000 0.076600 0.075700 0.143200
RoeDeer 0.029200 0.193600 0.076100 0.091500 0.044400 0.029200 0.029300 0.044200 0.092400 0.029100 0.029100 0.075900 0.075700 0.076100 0.014500 0.045000 0.059900 0.029100 0.044200 0.070700 0.045000 0.029200 0.044100 0.044100 0.029100 0.029900 0.029300 0.060200 0.029200 0.092400 0.059900 0.044400 0.108400 0.044500 0.044200 0.060900 0.029200 0.044400 0.074900 0.000000 0.044100 0.045100 0.059500 0.075500 0.044700 0.044200 0.075700 0.029200 0.029200 0.060800 0.060100 0.126500
WhiteLippe 0.014400 0.193700 0.060100 0.143000 0.029200 0.014400 0.044500 0.059600 0.076000 0.014300 0.014300 0.060000 0.059800 0.060100 0.029200 0.029600 0.044300 0.014300 0.029100 0.055200 0.029600 0.014400 0.000000 0.029000 0.014300 0.029900 0.014500 0.044600 0.014400 0.076000 0.059700 0.029300 0.125100 0.029300 0.029100 0.045100 0.014400 0.029200 0.059200 0.044100 0.000000 0.029700 0.075100 0.059400 0.029500 0.029100 0.059800 0.044300 0.044300 0.045100 0.044500 0.109000
ThomsonGaz 0.014800 0.198000 0.061400 0.146300 0.000000 0.014800 0.045600 0.061000 0.077700 0.014700 0.014700 0.061300 0.030000 0.061500 0.029900 0.029200 0.014800 0.014700 0.029800 0.053900 0.029300 0.014800 0.029700 0.029700 0.014700 0.029500 0.014800 0.045600 0.014800 0.077700 0.030000 0.029900 0.128400 0.000100 0.029700 0.046000 0.014800 0.000000 0.060600 0.045100 0.029700 0.000000 0.077000 0.061000 0.030000 0.029800 0.061100 0.045400 0.045300 0.015100 0.045500 0.078000
MuntiacusC 0.059800 0.193900 0.076200 0.125400 0.075700 0.059800 0.092400 0.108500 0.092400 0.059400 0.059400 0.076000 0.108700 0.109300 0.075800 0.077000 0.059800 0.059400 0.075500 0.072400 0.076900 0.059800 0.075100 0.044000 0.059400 0.077600 0.060000 0.060200 0.059800 0.092400 0.075500 0.075900 0.142900 0.075900 0.075600 0.061000 0.059800 0.075700 0.107600 0.059500 0.075100 0.077000 0.000000 0.075200 0.044800 0.075600 0.108600 0.059900 0.059700 0.060900 0.060200 0.126300
WhiteTaile 0.044400 0.194500 0.060400 0.143100 0.060000 0.044400 0.076300 0.092100 0.076400 0.044100 0.044100 0.060100 0.092200 0.092600 0.060100 0.060800 0.044400 0.044100 0.059900 0.055300 0.060900 0.044400 0.059400 0.029000 0.044100 0.061400 0.044500 0.044700 0.044400 0.076400 0.059900 0.060100 0.091800 0.060100 0.059800 0.045300 0.044400 0.060000 0.091300 0.075500 0.059400 0.061000 0.075200 0.000000 0.029600 0.059800 0.060100 0.075900 0.075800 0.045200 0.044700 0.109800
Cattle 0.014700 0.159200 0.028900 0.109500 0.029600 0.014700 0.045100 0.060600 0.043900 0.014600 0.014600 0.028800 0.060600 0.060900 0.029700 0.030100 0.014600 0.014600 0.029600 0.029100 0.030100 0.014700 0.029500 0.000200 0.014600 0.030400 0.014700 0.014300 0.014700 0.043900 0.029600 0.029700 0.093200 0.029600 0.029500 0.014500 0.014700 0.029600 0.060000 0.044700 0.029500 0.030000 0.044800 0.029600 0.000000 0.029600 0.060700 0.045000 0.044900 0.014300 0.014300 0.075000
RoyalAntel 0.013800 0.194300 0.060300 0.143400 0.029200 0.013800 0.044500 0.059600 0.076200 0.014400 0.014400 0.060200 0.060000 0.060300 0.029200 0.029700 0.044400 0.014400 0.029200 0.053900 0.029800 0.014400 0.029100 0.029200 0.014400 0.030000 0.014500 0.044700 0.014400 0.076200 0.060100 0.029300 0.125900 0.029400 0.029200 0.045200 0.014400 0.029200 0.059200 0.044200 0.029100 0.029800 0.075600 0.059800 0.029600 0.000000 0.060000 0.044500 0.044300 0.045200 0.044700 0.109300
Steenbok 0.044600 0.233200 0.093100 0.179700 0.060200 0.044600 0.076600 0.060400 0.110100 0.044400 0.044400 0.092700 0.092400 0.092700 0.060300 0.061000 0.076100 0.044400 0.060200 0.087300 0.030000 0.044600 0.059800 0.059900 0.044400 0.061600 0.044700 0.076600 0.044600 0.110100 0.092800 0.060300 0.126600 0.060300 0.059900 0.077500 0.044600 0.060200 0.059800 0.075700 0.059800 0.061100 0.108600 0.060100 0.060700 0.060000 0.000000 0.076100 0.076000 0.086500 0.076600 0.145600
Impala 0.029400 0.194900 0.076500 0.126300 0.044600 0.029400 0.060500 0.076000 0.092900 0.029200 0.029200 0.076400 0.076200 0.076600 0.044700 0.045300 0.060200 0.029200 0.044500 0.070100 0.045300 0.029400 0.044300 0.044300 0.029200 0.045700 0.029500 0.060500 0.029400 0.092900 0.076300 0.044700 0.144300 0.044700 0.044400 0.061200 0.029400 0.044600 0.075400 0.029200 0.044300 0.045400 0.059900 0.075900 0.045000 0.044500 0.076100 0.000000 0.029400 0.061200 0.060400 0.127100
Klipspring 0.029200 0.194100 0.076400 0.125900 0.044400 0.029200 0.060200 0.075600 0.092700 0.029200 0.029200 0.076200 0.076100 0.076500 0.044500 0.045200 0.060100 0.029200 0.044300 0.071000 0.045200 0.029200 0.044300 0.044300 0.029200 0.045600 0.029400 0.060400 0.029200 0.092700 0.076200 0.044500 0.143800 0.044700 0.044400 0.061000 0.029200 0.044400 0.075000 0.029200 0.044300 0.045300 0.059700 0.075800 0.044900 0.044300 0.076000 0.029400 0.000000 0.061000 0.060300 0.126800
ForestMusk 0.029800 0.179400 0.044200 0.127900 0.014800 0.029800 0.061400 0.077400 0.059700 0.029700 0.029700 0.044000 0.045400 0.077700 0.045400 0.046100 0.000200 0.029700 0.045300 0.035900 0.046100 0.029800 0.045100 0.014600 0.029700 0.046400 0.029900 0.029100 0.029800 0.059700 0.014800 0.045400 0.111200 0.014800 0.045200 0.029400 0.029800 0.014800 0.076600 0.060800 0.045100 0.015100 0.060900 0.045200 0.014300 0.045200 0.086500 0.061200 0.061000 0.000000 0.029100 0.060000
Bushbuck 0.029500 0.177100 0.014300 0.126200 0.044800 0.029500 0.060700 0.076500 0.028900 0.029400 0.029400 0.043500 0.076400 0.076700 0.044900 0.045500 0.029500 0.029400 0.044800 0.043900 0.045500 0.029500 0.044500 0.014500 0.029400 0.045800 0.029600 0.028700 0.029500 0.028900 0.044900 0.044900 0.076700 0.044900 0.044700 0.029200 0.029500 0.044800 0.075700 0.060100 0.044500 0.045500 0.060200 0.044700 0.014300 0.044700 0.076600 0.060400 0.060300 0.029100 0.000000 0.059200
GreaterKud 0.093000 0.216400 0.044000 0.199300 0.076900 0.093000 0.128000 0.145100 0.029200 0.092700 0.092700 0.106700 0.110200 0.145000 0.110100 0.111300 0.060700 0.092700 0.109900 0.075200 0.111600 0.093000 0.109000 0.076200 0.092700 0.112400 0.093100 0.059000 0.093000 0.029200 0.077100 0.110200 0.145800 0.077000 0.109400 0.092000 0.093000 0.076900 0.143200 0.126500 0.109000 0.078000 0.126300 0.109800 0.075000 0.109300 0.145600 0.127100 0.126800 0.060000 0.059200 0.000000
