1
52 1
Argali 0.000000 0.089100 0.035800 0.145700 0.025600 0.000000 0.014800 0.036000 0.024700 0.058200 0.004900 0.014800 0.010100 0.025700 0.047000 0.046400 0.051900 0.043900 0.009900 0.025500 0.020500 0.014800 0.063200 0.068400 0.004900 0.041400 0.009900 0.034300 0.034200 0.025500 0.063600 0.020100 0.095600 0.015000 0.015300 0.010200 0.004900 0.030900 0.039900 0.068900 0.057600 0.041400 0.058100 0.068300 0.010100 0.041500 0.095100 0.015100 0.010200 0.020400 0.036000 0.035900
LesserMous 0.089100 0.000000 0.116800 0.138500 0.095000 0.089100 0.094900 0.084000 0.105900 0.096400 0.083700 0.094600 0.089300 0.095300 0.118500 0.117200 0.123200 0.104700 0.078100 0.105900 0.089700 0.094600 0.112900 0.118100 0.083700 0.112200 0.089200 0.117200 0.106100 0.106000 0.102000 0.100300 0.152600 0.084200 0.084100 0.089800 0.083700 0.100700 0.112000 0.107700 0.106900 0.112200 0.107800 0.129500 0.088900 0.095300 0.111100 0.094600 0.090000 0.078300 0.117700 0.117200
LesserKudu 0.035800 0.116800 0.000000 0.151300 0.051800 0.035800 0.041200 0.062500 0.009900 0.080000 0.030600 0.041000 0.035900 0.052000 0.074000 0.062300 0.067800 0.065700 0.035100 0.009900 0.036000 0.041000 0.085000 0.079200 0.030600 0.057300 0.035600 0.019700 0.051800 0.020300 0.085500 0.046400 0.129600 0.041300 0.029900 0.036100 0.029500 0.057300 0.057200 0.079800 0.079300 0.057300 0.079900 0.079100 0.035700 0.057400 0.094800 0.041000 0.036100 0.046400 0.020300 0.019600
KillerWhal 0.145700 0.138500 0.151300 0.000000 0.164100 0.145700 0.152100 0.152400 0.163600 0.178200 0.140000 0.151500 0.145900 0.164100 0.159000 0.163800 0.170300 0.156700 0.145700 0.163600 0.146700 0.151600 0.171800 0.189300 0.140000 0.170700 0.145900 0.175700 0.164000 0.163700 0.185000 0.146100 0.200800 0.140900 0.128900 0.146400 0.140000 0.164400 0.170300 0.178500 0.177300 0.170700 0.178800 0.189100 0.145500 0.152500 0.174900 0.151500 0.146100 0.146000 0.175800 0.175600
DefassaWat 0.025600 0.095000 0.051800 0.164100 0.000000 0.025600 0.030900 0.052200 0.041400 0.053000 0.020000 0.030800 0.025700 0.041700 0.063500 0.062800 0.068300 0.060800 0.025600 0.041400 0.036300 0.030800 0.058100 0.063300 0.020400 0.057700 0.025000 0.052000 0.049000 0.041400 0.058400 0.035300 0.118900 0.030200 0.030100 0.025800 0.020400 0.025800 0.057600 0.063800 0.063300 0.057700 0.053000 0.074200 0.025600 0.057800 0.112800 0.030100 0.025900 0.036100 0.052200 0.052000
Sheep 0.000000 0.089100 0.035800 0.145700 0.025600 0.000000 0.015300 0.036000 0.025500 0.058200 0.005000 0.014800 0.010100 0.025700 0.047000 0.046400 0.051900 0.043900 0.009900 0.025500 0.020500 0.015200 0.063200 0.068400 0.005000 0.040100 0.010100 0.035900 0.034200 0.025500 0.063600 0.020400 0.095600 0.015300 0.014900 0.010200 0.004900 0.030900 0.040400 0.068900 0.057600 0.041400 0.058100 0.068300 0.009900 0.041500 0.095100 0.015200 0.010200 0.019700 0.036000 0.034800
MaxwellsDu 0.014800 0.094900 0.041200 0.152100 0.030900 0.015300 0.000000 0.041400 0.030800 0.063800 0.009900 0.020400 0.015300 0.020500 0.052500 0.051900 0.057400 0.049600 0.015300 0.030800 0.025700 0.020400 0.068900 0.074200 0.009900 0.046900 0.015300 0.041300 0.041400 0.030800 0.069300 0.014900 0.107200 0.020100 0.020500 0.015400 0.009900 0.036200 0.046800 0.074700 0.063300 0.046900 0.063800 0.074100 0.014900 0.044300 0.089500 0.020400 0.015400 0.024800 0.041400 0.041300
GazellaPrz 0.036000 0.084000 0.062500 0.152400 0.052200 0.036000 0.041400 0.000000 0.051900 0.058300 0.030800 0.041200 0.036100 0.041600 0.063500 0.062700 0.068300 0.060800 0.025600 0.051900 0.036300 0.041300 0.074500 0.079700 0.029500 0.057700 0.036100 0.062700 0.052100 0.052000 0.063700 0.046700 0.107400 0.031000 0.031000 0.036300 0.030800 0.057600 0.057600 0.080200 0.068700 0.057700 0.069300 0.079300 0.035900 0.057800 0.089800 0.040000 0.036400 0.024500 0.063000 0.062100
MountainNy 0.024700 0.105900 0.009900 0.163600 0.041400 0.025500 0.030800 0.051900 0.000000 0.069100 0.019800 0.030700 0.025500 0.041500 0.063200 0.051800 0.057200 0.060600 0.024900 0.000000 0.025700 0.029700 0.074200 0.068500 0.020400 0.046800 0.025500 0.010100 0.040400 0.009900 0.074600 0.036000 0.118400 0.030900 0.029900 0.025700 0.020400 0.046700 0.046700 0.068900 0.068500 0.046700 0.069100 0.068400 0.025500 0.046600 0.089500 0.030400 0.025800 0.036000 0.010100 0.009900
MuntiacusM 0.058200 0.096400 0.080000 0.178200 0.053000 0.058200 0.063800 0.058300 0.069100 0.000000 0.052700 0.063600 0.058300 0.063900 0.086700 0.085900 0.091800 0.083700 0.047300 0.069100 0.058600 0.063600 0.015700 0.020900 0.052700 0.069700 0.058200 0.080300 0.074900 0.069200 0.005200 0.069300 0.109200 0.053100 0.053000 0.058400 0.052700 0.058600 0.069600 0.021100 0.021000 0.069700 0.010500 0.031600 0.058000 0.069800 0.113800 0.063600 0.058500 0.047400 0.080300 0.080200
goat 0.004900 0.083700 0.030600 0.140000 0.020000 0.005000 0.009900 0.030800 0.019800 0.052700 0.000000 0.010100 0.005100 0.020500 0.041700 0.041200 0.046600 0.038400 0.005000 0.019800 0.015300 0.009900 0.057800 0.063000 0.000000 0.036200 0.004900 0.029200 0.030800 0.020400 0.058100 0.015200 0.095700 0.009900 0.010200 0.005100 0.000000 0.025700 0.036100 0.063500 0.052300 0.036200 0.052700 0.062900 0.004900 0.036200 0.089400 0.009900 0.005100 0.015300 0.030800 0.030700
AfricanBuf 0.014800 0.094600 0.041000 0.151500 0.030800 0.014800 0.020400 0.041200 0.030700 0.063600 0.010100 0.000000 0.015200 0.030900 0.052300 0.051700 0.057200 0.049400 0.014800 0.029300 0.025600 0.019800 0.068600 0.073800 0.009800 0.046700 0.015200 0.041100 0.030700 0.029700 0.069000 0.025500 0.106800 0.020500 0.019800 0.005100 0.010100 0.036100 0.036000 0.074400 0.062000 0.046700 0.063500 0.073700 0.004900 0.046800 0.100700 0.020300 0.015300 0.025500 0.041300 0.041100
Topi 0.010100 0.089300 0.035900 0.145900 0.025700 0.010100 0.015300 0.036100 0.025500 0.058300 0.005100 0.015200 0.000000 0.025700 0.047100 0.045200 0.051900 0.044000 0.010100 0.025500 0.020500 0.014900 0.063300 0.068500 0.005100 0.041500 0.009900 0.036000 0.034800 0.025600 0.063700 0.019800 0.101700 0.014900 0.014900 0.010200 0.005000 0.029900 0.041400 0.069000 0.057700 0.041500 0.047300 0.068400 0.009900 0.041600 0.095200 0.014900 0.010200 0.020400 0.036100 0.034400
CommonDuik 0.025700 0.095300 0.052000 0.164100 0.041700 0.025700 0.020500 0.041600 0.041500 0.063900 0.020500 0.030900 0.025700 0.000000 0.063500 0.052200 0.068600 0.060400 0.015300 0.041500 0.036400 0.030900 0.080400 0.085700 0.020500 0.047100 0.025700 0.052200 0.041600 0.041500 0.069600 0.025700 0.119200 0.031100 0.031100 0.025800 0.020500 0.047100 0.047000 0.086300 0.074600 0.047100 0.075200 0.085500 0.025600 0.058000 0.095600 0.030900 0.025800 0.025700 0.052200 0.052100
Suni 0.047000 0.118500 0.074000 0.159000 0.063500 0.047000 0.052500 0.063500 0.063200 0.086700 0.041700 0.052300 0.047100 0.063500 0.000000 0.074300 0.080000 0.070700 0.047000 0.063200 0.047300 0.052400 0.092200 0.097500 0.041700 0.069200 0.047000 0.074300 0.063400 0.063300 0.092700 0.057900 0.131400 0.031300 0.041900 0.047200 0.041700 0.058200 0.069000 0.098100 0.086200 0.069200 0.087000 0.097400 0.046900 0.069300 0.124000 0.052400 0.047300 0.047100 0.074300 0.074200
Springbuck 0.046400 0.117200 0.062300 0.163800 0.062800 0.046400 0.051900 0.062700 0.051800 0.085900 0.041200 0.051700 0.045200 0.052200 0.074300 0.000000 0.057100 0.049300 0.046400 0.051800 0.025000 0.051700 0.079900 0.096300 0.041200 0.036100 0.046500 0.062500 0.019900 0.051900 0.091500 0.046600 0.124100 0.040200 0.041400 0.046800 0.041200 0.068300 0.046700 0.096900 0.085200 0.034500 0.085900 0.090500 0.046300 0.057600 0.106800 0.051700 0.046900 0.046600 0.062800 0.062500
Okapi 0.051900 0.123200 0.067800 0.170300 0.068300 0.051900 0.057400 0.068300 0.057200 0.091800 0.046600 0.057200 0.051900 0.068600 0.080000 0.057100 0.000000 0.032600 0.051900 0.057200 0.041400 0.057200 0.085700 0.102200 0.046600 0.052100 0.051900 0.068100 0.057200 0.068100 0.097400 0.052000 0.136100 0.046900 0.046800 0.052300 0.046600 0.068100 0.073800 0.102900 0.091000 0.052100 0.091700 0.096400 0.051800 0.074100 0.118500 0.046600 0.052400 0.052000 0.068300 0.068000
Giraffe 0.043900 0.104700 0.065700 0.156700 0.060800 0.043900 0.049600 0.060800 0.060600 0.083700 0.038400 0.049400 0.044000 0.060400 0.070700 0.049300 0.032600 0.000000 0.043900 0.060600 0.033000 0.049400 0.089900 0.095300 0.038400 0.055200 0.044000 0.071800 0.038400 0.060700 0.090400 0.055100 0.129900 0.038700 0.038600 0.043500 0.038400 0.060600 0.066500 0.096000 0.083900 0.055200 0.084600 0.089400 0.043800 0.060900 0.108400 0.049400 0.043500 0.044000 0.071100 0.071700
TibetanAnt 0.009900 0.078100 0.035100 0.145700 0.025600 0.009900 0.015300 0.025600 0.024900 0.047300 0.005000 0.014800 0.010100 0.015300 0.047000 0.046400 0.051900 0.043900 0.000000 0.024800 0.020500 0.015200 0.063300 0.068400 0.005000 0.041400 0.009900 0.035900 0.036000 0.024800 0.052600 0.020400 0.101200 0.015300 0.014800 0.010200 0.005000 0.030900 0.041300 0.068900 0.057600 0.041400 0.058100 0.068400 0.009900 0.040000 0.083700 0.014800 0.010200 0.010100 0.036100 0.035900
Sitatunga 0.025500 0.105900 0.009900 0.163600 0.041400 0.025500 0.030800 0.051900 0.000000 0.069100 0.019800 0.029300 0.025500 0.041500 0.063200 0.051800 0.057200 0.060600 0.024800 0.000000 0.024900 0.030700 0.074200 0.068500 0.019900 0.046800 0.025500 0.010100 0.039800 0.010100 0.074600 0.036000 0.118400 0.030900 0.030800 0.025700 0.019900 0.046700 0.046700 0.068900 0.068500 0.046800 0.069100 0.068400 0.025500 0.046900 0.089500 0.029500 0.025800 0.036000 0.010100 0.010100
Oribi 0.020500 0.089700 0.036000 0.146700 0.036300 0.020500 0.025700 0.036300 0.025700 0.058600 0.015300 0.025600 0.020500 0.036400 0.047300 0.025000 0.041400 0.033000 0.020500 0.024900 0.000000 0.024800 0.063700 0.068900 0.015300 0.020600 0.020500 0.036200 0.015300 0.025700 0.064500 0.030900 0.101900 0.015400 0.015400 0.020600 0.015300 0.041700 0.031000 0.069400 0.058000 0.020600 0.058500 0.063300 0.019900 0.030200 0.084300 0.025600 0.020700 0.020500 0.036300 0.035100
BarbaryShe 0.014800 0.094600 0.041000 0.151600 0.030800 0.015200 0.020400 0.041300 0.029700 0.063600 0.009900 0.019800 0.014900 0.030900 0.052400 0.051700 0.057200 0.049400 0.015200 0.030700 0.024800 0.000000 0.068700 0.073900 0.009800 0.046700 0.015200 0.041200 0.041300 0.030700 0.068800 0.025500 0.106900 0.019700 0.019800 0.015300 0.009900 0.035000 0.046600 0.074400 0.063100 0.046700 0.063600 0.073800 0.015200 0.046800 0.100800 0.020300 0.015400 0.025500 0.041300 0.039700
Daviddeer 0.063200 0.112900 0.085000 0.171800 0.058100 0.063200 0.068900 0.074500 0.074200 0.015700 0.057800 0.068600 0.063300 0.080400 0.092200 0.079900 0.085700 0.089900 0.063300 0.074200 0.063700 0.068700 0.000000 0.025000 0.057800 0.074900 0.063300 0.085300 0.080000 0.074300 0.020400 0.063400 0.114200 0.058300 0.057400 0.063800 0.057800 0.063700 0.074700 0.025500 0.015200 0.074900 0.015300 0.036700 0.063100 0.075000 0.131500 0.068700 0.063900 0.063400 0.085700 0.085300
Reindeer 0.068400 0.118100 0.079200 0.189300 0.063300 0.068400 0.074200 0.079700 0.068500 0.020900 0.063000 0.073800 0.068500 0.085700 0.097500 0.096300 0.102200 0.095300 0.068400 0.068500 0.068900 0.073900 0.025000 0.000000 0.063000 0.080100 0.068500 0.079500 0.085300 0.068600 0.025500 0.079600 0.119600 0.063500 0.063300 0.069000 0.063000 0.068900 0.068800 0.020900 0.030000 0.080100 0.020900 0.010300 0.068000 0.080200 0.137000 0.073900 0.069100 0.068600 0.079800 0.079200
Ibex 0.004900 0.083700 0.030600 0.140000 0.020400 0.005000 0.009900 0.029500 0.020400 0.052700 0.000000 0.009800 0.005100 0.020500 0.041700 0.041200 0.046600 0.038400 0.005000 0.019900 0.015300 0.009800 0.057800 0.063000 0.000000 0.036200 0.004900 0.029800 0.029800 0.019900 0.058100 0.015200 0.095700 0.010200 0.010200 0.005100 0.000000 0.025700 0.036100 0.063500 0.052300 0.036200 0.052700 0.062900 0.004900 0.036200 0.089400 0.010100 0.005100 0.015300 0.030800 0.030700
GyrantGaze 0.041400 0.112200 0.057300 0.170700 0.057700 0.040100 0.046900 0.057700 0.046800 0.069700 0.036200 0.046700 0.041500 0.047100 0.069200 0.036100 0.052100 0.055200 0.041400 0.046800 0.020600 0.046700 0.074900 0.080100 0.036200 0.000000 0.041500 0.057500 0.025700 0.046800 0.075300 0.052200 0.113500 0.036400 0.036300 0.041800 0.036200 0.063300 0.029700 0.080700 0.069100 0.000000 0.069700 0.074300 0.041300 0.052600 0.090500 0.035100 0.041800 0.041500 0.057800 0.057500
Hartebeest 0.009900 0.089200 0.035600 0.145900 0.025000 0.010100 0.015300 0.036100 0.025500 0.058200 0.004900 0.015200 0.009900 0.025700 0.047000 0.046500 0.051900 0.044000 0.009900 0.025500 0.020500 0.015200 0.063300 0.068500 0.004900 0.041500 0.000000 0.036000 0.036000 0.025600 0.063600 0.020400 0.101400 0.015300 0.015300 0.010200 0.004900 0.029400 0.041400 0.069000 0.057700 0.041500 0.058200 0.068400 0.010100 0.041500 0.095200 0.014800 0.010200 0.020400 0.036100 0.036000
Bongo 0.034300 0.117200 0.019700 0.175700 0.052000 0.035900 0.041300 0.062700 0.010100 0.080300 0.029200 0.041100 0.036000 0.052200 0.074300 0.062500 0.068100 0.071800 0.035900 0.010100 0.036200 0.041200 0.085300 0.079500 0.029800 0.057500 0.036000 0.000000 0.051900 0.019900 0.085800 0.046500 0.130000 0.041500 0.041400 0.036200 0.030700 0.057500 0.057400 0.080000 0.068500 0.057500 0.080200 0.079400 0.035900 0.057600 0.100900 0.041200 0.036300 0.046500 0.020400 0.020300
Gerenuk 0.034200 0.106100 0.051800 0.164000 0.049000 0.034200 0.041400 0.052100 0.040400 0.074900 0.030800 0.030700 0.034800 0.041600 0.063400 0.019900 0.057200 0.038400 0.036000 0.039800 0.015300 0.041300 0.080000 0.085300 0.029800 0.025700 0.036000 0.051900 0.000000 0.041300 0.080500 0.046600 0.118700 0.031000 0.030900 0.025800 0.030800 0.057600 0.025700 0.085700 0.074300 0.025000 0.074900 0.079600 0.024800 0.047000 0.095700 0.041200 0.036300 0.036100 0.052100 0.051900
CommonElan 0.025500 0.106000 0.020300 0.163700 0.041400 0.025500 0.030800 0.052000 0.009900 0.069200 0.020400 0.029700 0.025600 0.041500 0.063300 0.051900 0.068100 0.060700 0.024800 0.010100 0.025700 0.030700 0.074300 0.068600 0.019900 0.046800 0.025600 0.019900 0.041300 0.000000 0.074700 0.036000 0.118600 0.030900 0.030900 0.025700 0.020400 0.046800 0.046700 0.069000 0.068600 0.046800 0.069200 0.068400 0.024800 0.046900 0.101000 0.030700 0.025800 0.036000 0.020400 0.010100
MuntiacusR 0.063600 0.102000 0.085500 0.185000 0.058400 0.063600 0.069300 0.063700 0.074600 0.005200 0.058100 0.069000 0.063700 0.069600 0.092700 0.091500 0.097400 0.090400 0.052600 0.074600 0.064500 0.068800 0.020400 0.025500 0.058100 0.075300 0.063600 0.085800 0.080500 0.074700 0.000000 0.074800 0.114900 0.058600 0.058400 0.064100 0.058100 0.064000 0.069400 0.026400 0.025200 0.075300 0.015800 0.036900 0.063400 0.075400 0.114300 0.069100 0.064200 0.052800 0.086100 0.085800
HarveysDui 0.020100 0.100300 0.046400 0.146100 0.035300 0.020400 0.014900 0.046700 0.036000 0.069300 0.015200 0.025500 0.019800 0.025700 0.057900 0.046600 0.052000 0.055100 0.020400 0.036000 0.030900 0.025500 0.063400 0.079600 0.015200 0.052200 0.020400 0.046500 0.046600 0.036000 0.074800 0.000000 0.112700 0.025100 0.025700 0.020500 0.015200 0.041500 0.052100 0.080100 0.068700 0.052200 0.069200 0.079500 0.020300 0.052300 0.106700 0.024700 0.020600 0.030800 0.046700 0.046500
Pronghorn 0.095600 0.152600 0.129600 0.200800 0.118900 0.095600 0.107200 0.107400 0.118400 0.109200 0.095700 0.106800 0.101700 0.119200 0.131400 0.124100 0.136100 0.129900 0.101200 0.118400 0.101900 0.106900 0.114200 0.119600 0.095700 0.113500 0.101400 0.130000 0.118700 0.118600 0.114900 0.112700 0.000000 0.096300 0.096100 0.102100 0.095700 0.124800 0.113300 0.120500 0.109000 0.113500 0.109200 0.119300 0.101000 0.113800 0.172600 0.106800 0.102200 0.101400 0.130500 0.130000
BlueWildeb 0.015000 0.084200 0.041300 0.140900 0.030200 0.015300 0.020100 0.031000 0.030900 0.053100 0.009900 0.020500 0.014900 0.031100 0.031300 0.040200 0.046900 0.038700 0.015300 0.030900 0.015400 0.019700 0.058300 0.063500 0.010200 0.036400 0.015300 0.041500 0.031000 0.030900 0.058600 0.025100 0.096300 0.000000 0.010000 0.015400 0.010200 0.036400 0.036000 0.063900 0.052600 0.036400 0.053100 0.063400 0.015300 0.036500 0.090000 0.019900 0.015500 0.015400 0.041600 0.041400
Gemsbok 0.015300 0.084100 0.029900 0.128900 0.030100 0.014900 0.020500 0.031000 0.029900 0.053000 0.010200 0.019800 0.014900 0.031100 0.041900 0.041400 0.046800 0.038600 0.014800 0.030800 0.015400 0.019800 0.057400 0.063300 0.010200 0.036300 0.015300 0.041400 0.030900 0.030900 0.058400 0.025700 0.096100 0.010000 0.000000 0.015400 0.010200 0.036300 0.036300 0.063800 0.052500 0.034800 0.053000 0.063200 0.014800 0.036400 0.084100 0.020400 0.015400 0.015000 0.041500 0.039200
Yak 0.010200 0.089800 0.036100 0.146400 0.025800 0.010200 0.015400 0.036300 0.025700 0.058400 0.005100 0.005100 0.010200 0.025800 0.047200 0.046800 0.052300 0.043500 0.010200 0.025700 0.020600 0.015300 0.063800 0.069000 0.005100 0.041800 0.010200 0.036200 0.025800 0.025700 0.064100 0.020500 0.102100 0.015400 0.015400 0.000000 0.005100 0.031100 0.031100 0.069500 0.058100 0.041800 0.058600 0.068900 0.000000 0.041800 0.095200 0.015300 0.010200 0.020500 0.036200 0.036200
BlueSheep 0.004900 0.083700 0.029500 0.140000 0.020400 0.004900 0.009900 0.030800 0.020400 0.052700 0.000000 0.010100 0.005000 0.020500 0.041700 0.041200 0.046600 0.038400 0.005000 0.019900 0.015300 0.009900 0.057800 0.063000 0.000000 0.036200 0.004900 0.030700 0.030800 0.020400 0.058100 0.015200 0.095700 0.010200 0.010200 0.005100 0.000000 0.025700 0.034600 0.063500 0.052300 0.036200 0.052700 0.062900 0.004900 0.036200 0.089400 0.009900 0.005100 0.015300 0.030800 0.030700
BohorReedb 0.030900 0.100700 0.057300 0.164400 0.025800 0.030900 0.036200 0.057600 0.046700 0.058600 0.025700 0.036100 0.029900 0.047100 0.058200 0.068300 0.068100 0.060600 0.030900 0.046700 0.041700 0.035000 0.063700 0.068900 0.025700 0.063300 0.029400 0.057500 0.057600 0.046800 0.064000 0.041500 0.124800 0.036400 0.036300 0.031100 0.025700 0.000000 0.063100 0.069400 0.068900 0.063300 0.058200 0.079900 0.030100 0.063400 0.118800 0.036100 0.031200 0.041500 0.057700 0.057500
KirksDik 0.039900 0.112000 0.057200 0.170300 0.057600 0.040400 0.046800 0.057600 0.046700 0.069600 0.036100 0.036000 0.041400 0.047000 0.069000 0.046700 0.073800 0.066500 0.041300 0.046700 0.031000 0.046600 0.074700 0.068800 0.036100 0.029700 0.041400 0.057400 0.025700 0.046700 0.069400 0.052100 0.113300 0.036000 0.036300 0.031100 0.034600 0.063100 0.000000 0.080500 0.068900 0.031100 0.069500 0.068600 0.030800 0.052500 0.078900 0.046600 0.041700 0.041400 0.057600 0.057400
RoeDeer 0.068900 0.107700 0.079800 0.178500 0.063800 0.068900 0.074700 0.080200 0.068900 0.021100 0.063500 0.074400 0.069000 0.086300 0.098100 0.096900 0.102900 0.096000 0.068900 0.068900 0.069400 0.074400 0.025500 0.020900 0.063500 0.080700 0.069000 0.080000 0.085700 0.069000 0.026400 0.080100 0.120500 0.063900 0.063800 0.069500 0.063500 0.069400 0.080500 0.000000 0.031500 0.080700 0.021100 0.031500 0.068800 0.080800 0.138000 0.074400 0.069600 0.069100 0.080400 0.080000
WhiteLippe 0.057600 0.106900 0.079300 0.177300 0.063300 0.057600 0.063300 0.068700 0.068500 0.021000 0.052300 0.062000 0.057700 0.074600 0.086200 0.085200 0.091000 0.083900 0.057600 0.068500 0.058000 0.063100 0.015200 0.030000 0.052300 0.069100 0.057700 0.068500 0.074300 0.068600 0.025200 0.068700 0.109000 0.052600 0.052500 0.058100 0.052300 0.068900 0.068900 0.031500 0.000000 0.069100 0.021000 0.041000 0.057500 0.069200 0.125300 0.063000 0.058200 0.057400 0.079900 0.079500
ThomsonGaz 0.041400 0.112200 0.057300 0.170700 0.057700 0.041400 0.046900 0.057700 0.046700 0.069700 0.036200 0.046700 0.041500 0.047100 0.069200 0.034500 0.052100 0.055200 0.041400 0.046800 0.020600 0.046700 0.074900 0.080100 0.036200 0.000000 0.041500 0.057500 0.025000 0.046800 0.075300 0.052200 0.113500 0.036400 0.034800 0.041800 0.036200 0.063300 0.031100 0.080700 0.069100 0.000000 0.069700 0.074400 0.040100 0.052600 0.090500 0.034500 0.041800 0.041500 0.057800 0.057500
MuntiacusC 0.058100 0.107800 0.079900 0.178800 0.053000 0.058100 0.063800 0.069300 0.069100 0.010500 0.052700 0.063500 0.047300 0.075200 0.087000 0.085900 0.091700 0.084600 0.058100 0.069100 0.058500 0.063600 0.015300 0.020900 0.052700 0.069700 0.058200 0.080200 0.074900 0.069200 0.015800 0.069200 0.109200 0.053100 0.053000 0.058600 0.052700 0.058200 0.069500 0.021100 0.021000 0.069700 0.000000 0.031600 0.058000 0.069800 0.126400 0.063600 0.058700 0.058300 0.080500 0.080200
WhiteTaile 0.068300 0.129500 0.079100 0.189100 0.074200 0.068300 0.074100 0.079300 0.068400 0.031600 0.062900 0.073700 0.068400 0.085500 0.097400 0.090500 0.096400 0.089400 0.068400 0.068400 0.063300 0.073800 0.036700 0.010300 0.062900 0.074300 0.068400 0.079400 0.079600 0.068400 0.036900 0.079500 0.119300 0.063400 0.063200 0.068900 0.062900 0.079900 0.068600 0.031500 0.041000 0.074400 0.031600 0.000000 0.068200 0.080100 0.136700 0.073800 0.069000 0.068500 0.079700 0.079300
Cattle 0.010100 0.088900 0.035700 0.145500 0.025600 0.009900 0.014900 0.035900 0.025500 0.058000 0.004900 0.004900 0.009900 0.025600 0.046900 0.046300 0.051800 0.043800 0.009900 0.025500 0.019900 0.015200 0.063100 0.068000 0.004900 0.041300 0.010100 0.035900 0.024800 0.024800 0.063400 0.020300 0.101000 0.015300 0.014800 0.000000 0.004900 0.030100 0.030800 0.068800 0.057500 0.040100 0.058000 0.068200 0.000000 0.041400 0.094900 0.014800 0.010200 0.019900 0.036000 0.035800
RoyalAntel 0.041500 0.095300 0.057400 0.152500 0.057800 0.041500 0.044300 0.057800 0.046600 0.069800 0.036200 0.046800 0.041600 0.058000 0.069300 0.057600 0.074100 0.060900 0.040000 0.046900 0.030200 0.046800 0.075000 0.080200 0.036200 0.052600 0.041500 0.057600 0.047000 0.046900 0.075400 0.052300 0.113800 0.036500 0.036400 0.041800 0.036200 0.063400 0.052500 0.080800 0.069200 0.052600 0.069800 0.080100 0.041400 0.000000 0.101400 0.046800 0.041900 0.040200 0.057800 0.057600
Steenbok 0.095100 0.111100 0.094800 0.174900 0.112800 0.095100 0.089500 0.089800 0.089500 0.113800 0.089400 0.100700 0.095200 0.095600 0.124000 0.106800 0.118500 0.108400 0.083700 0.089500 0.084300 0.100800 0.131500 0.137000 0.089400 0.090500 0.095200 0.100900 0.095700 0.101000 0.114300 0.106700 0.172600 0.090000 0.084100 0.095200 0.089400 0.118800 0.078900 0.138000 0.125300 0.090500 0.126400 0.136700 0.094900 0.101400 0.000000 0.100800 0.095200 0.083800 0.100600 0.100900
Impala 0.015100 0.094600 0.041000 0.151500 0.030100 0.015200 0.020400 0.040000 0.030400 0.063600 0.009900 0.020300 0.014900 0.030900 0.052400 0.051700 0.046600 0.049400 0.014800 0.029500 0.025600 0.020300 0.068700 0.073900 0.010100 0.035100 0.014800 0.041200 0.041200 0.030700 0.069100 0.024700 0.106800 0.019900 0.020400 0.015300 0.009900 0.036100 0.046600 0.074400 0.063000 0.034500 0.063600 0.073800 0.014800 0.046800 0.100800 0.000000 0.015400 0.025500 0.041300 0.041100
Klipspring 0.010200 0.090000 0.036100 0.146100 0.025900 0.010200 0.015400 0.036400 0.025800 0.058500 0.005100 0.015300 0.010200 0.025800 0.047300 0.046900 0.052400 0.043500 0.010200 0.025800 0.020700 0.015400 0.063900 0.069100 0.005100 0.041800 0.010200 0.036300 0.036300 0.025800 0.064200 0.020600 0.102200 0.015500 0.015400 0.010200 0.005100 0.031200 0.041700 0.069600 0.058200 0.041800 0.058700 0.069000 0.010200 0.041900 0.095200 0.015400 0.000000 0.020600 0.036300 0.036300
ForestMusk 0.020400 0.078300 0.046400 0.146000 0.036100 0.019700 0.024800 0.024500 0.036000 0.047400 0.015300 0.025500 0.020400 0.025700 0.047100 0.046600 0.052000 0.044000 0.010100 0.036000 0.020500 0.025500 0.063400 0.068600 0.015300 0.041500 0.020400 0.046500 0.036100 0.036000 0.052800 0.030800 0.101400 0.015400 0.015000 0.020500 0.015300 0.041500 0.041400 0.069100 0.057400 0.041500 0.058300 0.068500 0.019900 0.040200 0.083800 0.025500 0.020600 0.000000 0.046700 0.046500
Bushbuck 0.036000 0.117700 0.020300 0.175800 0.052200 0.036000 0.041400 0.063000 0.010100 0.080300 0.030800 0.041300 0.036100 0.052200 0.074300 0.062800 0.068300 0.071100 0.036100 0.010100 0.036300 0.041300 0.085700 0.079800 0.030800 0.057800 0.036100 0.020400 0.052100 0.020400 0.086100 0.046700 0.130500 0.041600 0.041500 0.036200 0.030800 0.057700 0.057600 0.080400 0.079900 0.057800 0.080500 0.079700 0.036000 0.057800 0.100600 0.041300 0.036300 0.046700 0.000000 0.020400
GreaterKud 0.035900 0.117200 0.019600 0.175600 0.052000 0.034800 0.041300 0.062100 0.009900 0.080200 0.030700 0.041100 0.034400 0.052100 0.074200 0.062500 0.068000 0.071700 0.035900 0.010100 0.035100 0.039700 0.085300 0.079200 0.030700 0.057500 0.036000 0.020300 0.051900 0.010100 0.085800 0.046500 0.130000 0.041400 0.039200 0.036200 0.030700 0.057500 0.057400 0.080000 0.079500 0.057500 0.080200 0.079300 0.035800 0.057600 0.100900 0.041100 0.036300 0.046500 0.020400 0.000000
