CODONML (in paml version 4.10.7, June 2023)  /home/rachel/ruminants_paml/6406-phy-tree/ENSBTAT00000019835.fasta.phy
Model: free dN/dS Ratios for branches,  kappa = 2.000 fixed

Codon frequency model: F3x4
ns =  54  ls =  21

Codon usage in sequences
--------------------------------------------------------------------------------------------------------------------------------------
Phe TTT   1   1   2   1   1   1 | Ser TCT   0   0   0   0   0   0 | Tyr TAT   0   0   0   0   0   0 | Cys TGT   0   0   0   0   0   0
    TTC   0   0   0   0   0   0 |     TCC   1   0   0   1   0   0 |     TAC   0   0   0   0   0   0 |     TGC   0   0   1   0   0   0
Leu TTA   0   0   0   0   0   0 |     TCA   0   0   0   0   0   0 | *** TAA   0   0   0   0   0   0 | *** TGA   0   0   0   0   0   0
    TTG   1   1   0   1   1   1 |     TCG   0   0   1   0   0   0 |     TAG   0   0   0   0   0   0 | Trp TGG   0   0   0   0   0   0
--------------------------------------------------------------------------------------------------------------------------------------
Leu CTT   0   0   0   0   0   0 | Pro CCT   0   0   0   0   0   0 | His CAT   0   0   0   0   1   0 | Arg CGT   0   0   0   0   0   0
    CTC   0   0   0   0   0   0 |     CCC   0   0   0   0   0   0 |     CAC   0   0   0   0   0   0 |     CGC   0   0   0   0   0   0
    CTA   0   0   0   0   0   0 |     CCA   0   1   1   1   1   0 | Gln CAA   0   0   0   0   0   0 |     CGA   0   0   0   0   0   0
    CTG   0   0   0   0   0   0 |     CCG   1   0   0   0   0   1 |     CAG   0   0   0   0   0   0 |     CGG   0   0   0   0   0   0
--------------------------------------------------------------------------------------------------------------------------------------
Ile ATT   1   0   1   1   1   1 | Thr ACT   0   0   0   0   0   1 | Asn AAT   0   0   0   0   0   0 | Ser AGT   0   0   0   0   0   0
    ATC   0   0   0   0   0   0 |     ACC   0   1   0   0   1   0 |     AAC   0   0   0   0   0   0 |     AGC   0   0   0   0   0   0
    ATA   0   0   0   0   0   0 |     ACA   0   0   0   0   0   0 | Lys AAA   0   0   0   0   0   0 | Arg AGA   0   0   0   0   0   0
Met ATG   0   0   0   0   0   0 |     ACG   0   0   0   0   0   0 |     AAG   1   1   1   1   1   1 |     AGG   0   0   0   0   0   0
--------------------------------------------------------------------------------------------------------------------------------------
Val GTT   1   2   0   1   1   1 | Ala GCT   0   0   0   0   0   0 | Asp GAT   2   1   2   1   0   1 | Gly GGT   0   0   0   0   0   0
    GTC   0   0   0   0   0   0 |     GCC   0   0   0   0   0   0 |     GAC   2   3   3   3   3   3 |     GGC   0   0   0   0   0   0
    GTA   0   0   1   1   1   0 |     GCA   1   0   1   1   0   1 | Glu GAA   4   3   3   3   3   3 |     GGA   2   2   2   2   2   3
    GTG   0   1   0   0   0   0 |     GCG   0   1   0   0   0   0 |     GAG   2   2   1   2   3   2 |     GGG   1   1   1   1   1   1
--------------------------------------------------------------------------------------------------------------------------------------

--------------------------------------------------------------------------------------------------------------------------------------
Phe TTT   1   1   1   1   1   1 | Ser TCT   0   0   0   0   0   0 | Tyr TAT   0   0   0   0   0   0 | Cys TGT   0   0   0   0   0   0
    TTC   0   0   0   0   1   0 |     TCC   1   1   1   1   0   1 |     TAC   0   0   0   0   0   0 |     TGC   0   0   0   0   1   0
Leu TTA   0   0   0   0   0   0 |     TCA   0   0   0   0   0   0 | *** TAA   0   0   0   0   0   0 | *** TGA   0   0   0   0   0   0
    TTG   1   1   1   1   0   1 |     TCG   0   0   0   0   1   0 |     TAG   0   0   0   0   0   0 | Trp TGG   0   0   0   0   0   0
--------------------------------------------------------------------------------------------------------------------------------------
Leu CTT   0   0   0   0   0   0 | Pro CCT   0   0   0   0   0   0 | His CAT   0   0   0   0   0   0 | Arg CGT   0   0   0   0   0   0
    CTC   0   0   0   0   0   0 |     CCC   0   0   0   0   0   0 |     CAC   0   0   0   0   0   0 |     CGC   0   0   0   0   0   0
    CTA   0   0   0   0   0   0 |     CCA   0   0   0   0   1   0 | Gln CAA   0   0   0   0   0   0 |     CGA   0   0   0   0   0   0
    CTG   0   0   0   0   0   0 |     CCG   1   1   1   1   0   1 |     CAG   0   0   0   0   0   0 |     CGG   0   0   0   0   0   0
--------------------------------------------------------------------------------------------------------------------------------------
Ile ATT   1   1   1   1   1   1 | Thr ACT   0   0   0   0   0   0 | Asn AAT   0   0   0   0   0   0 | Ser AGT   0   0   0   0   0   0
    ATC   0   0   0   0   0   0 |     ACC   0   0   0   0   0   0 |     AAC   0   0   0   0   0   0 |     AGC   0   0   0   0   0   0
    ATA   0   0   0   0   0   0 |     ACA   0   0   0   0   0   0 | Lys AAA   0   0   0   0   0   0 | Arg AGA   0   0   0   0   0   0
Met ATG   0   0   0   0   0   0 |     ACG   0   0   0   0   0   0 |     AAG   1   1   1   1   1   1 |     AGG   0   0   0   0   0   0
--------------------------------------------------------------------------------------------------------------------------------------
Val GTT   1   1   1   1   0   1 | Ala GCT   0   0   0   0   0   0 | Asp GAT   1   2   0   1   2   3 | Gly GGT   0   0   1   0   0   0
    GTC   0   0   0   0   0   0 |     GCC   0   0   0   0   0   0 |     GAC   3   2   3   3   3   2 |     GGC   0   0   0   0   0   0
    GTA   1   0   1   2   1   1 |     GCA   1   1   1   1   1   1 | Glu GAA   3   4   3   3   3   3 |     GGA   2   2   2   1   2   2
    GTG   0   0   0   0   0   0 |     GCG   0   0   0   0   0   0 |     GAG   2   2   2   2   1   1 |     GGG   1   1   1   1   1   1
--------------------------------------------------------------------------------------------------------------------------------------

--------------------------------------------------------------------------------------------------------------------------------------
Phe TTT   1   1   1   1   1   1 | Ser TCT   0   0   0   0   0   0 | Tyr TAT   0   0   0   0   0   0 | Cys TGT   0   0   0   0   0   0
    TTC   0   0   0   0   0   0 |     TCC   1   1   1   1   1   1 |     TAC   0   0   0   0   0   0 |     TGC   0   0   0   0   0   0
Leu TTA   0   0   0   0   0   0 |     TCA   0   0   0   0   0   0 | *** TAA   0   0   0   0   0   0 | *** TGA   0   0   0   0   0   0
    TTG   1   1   1   1   1   1 |     TCG   0   0   0   0   0   0 |     TAG   0   0   0   0   0   0 | Trp TGG   0   0   0   0   0   0
--------------------------------------------------------------------------------------------------------------------------------------
Leu CTT   0   0   0   0   0   0 | Pro CCT   0   0   0   0   0   0 | His CAT   0   0   0   0   0   0 | Arg CGT   0   0   0   0   0   0
    CTC   0   0   0   0   0   0 |     CCC   0   1   0   0   0   0 |     CAC   0   0   0   0   0   0 |     CGC   0   0   0   0   0   0
    CTA   0   0   0   0   0   0 |     CCA   0   0   0   1   0   0 | Gln CAA   0   0   0   0   0   0 |     CGA   0   0   0   0   0   0
    CTG   0   0   0   0   0   0 |     CCG   1   0   1   0   1   1 |     CAG   0   0   0   0   0   0 |     CGG   0   0   0   0   0   0
--------------------------------------------------------------------------------------------------------------------------------------
Ile ATT   1   1   1   1   1   2 | Thr ACT   0   0   0   0   0   0 | Asn AAT   0   0   0   0   0   0 | Ser AGT   0   0   0   0   0   0
    ATC   0   0   0   0   0   0 |     ACC   0   0   0   0   0   0 |     AAC   0   0   0   0   0   0 |     AGC   0   0   0   0   0   0
    ATA   0   0   0   0   0   0 |     ACA   0   0   0   0   0   0 | Lys AAA   0   0   0   0   0   0 | Arg AGA   0   0   0   0   0   0
Met ATG   0   0   0   0   0   0 |     ACG   0   0   0   0   0   0 |     AAG   1   1   1   1   1   1 |     AGG   0   0   0   0   0   0
--------------------------------------------------------------------------------------------------------------------------------------
Val GTT   1   1   1   1   1   0 | Ala GCT   0   0   0   0   0   0 | Asp GAT   2   1   1   0   1   1 | Gly GGT   0   0   0   1   0   0
    GTC   0   0   0   0   0   0 |     GCC   0   0   0   0   0   0 |     GAC   2   3   3   3   3   3 |     GGC   0   0   0   0   0   0
    GTA   1   1   1   1   1   1 |     GCA   1   0   1   1   1   1 | Glu GAA   3   3   2   3   3   3 |     GGA   2   2   2   2   2   2
    GTG   0   0   0   0   0   0 |     GCG   0   1   0   0   0   0 |     GAG   2   2   3   2   2   2 |     GGG   1   1   1   1   1   1
--------------------------------------------------------------------------------------------------------------------------------------

--------------------------------------------------------------------------------------------------------------------------------------
Phe TTT   1   1   1   2   1   1 | Ser TCT   0   0   0   0   0   0 | Tyr TAT   0   0   0   0   0   0 | Cys TGT   0   0   0   0   0   0
    TTC   0   0   0   0   0   0 |     TCC   1   1   1   0   1   1 |     TAC   0   0   0   0   0   0 |     TGC   0   0   0   1   0   0
Leu TTA   0   0   0   0   0   0 |     TCA   0   0   0   0   0   0 | *** TAA   0   0   0   0   0   0 | *** TGA   0   0   0   0   0   0
    TTG   1   1   1   0   1   1 |     TCG   0   0   0   1   0   0 |     TAG   0   0   0   0   0   0 | Trp TGG   0   0   0   0   0   0
--------------------------------------------------------------------------------------------------------------------------------------
Leu CTT   0   0   0   0   0   0 | Pro CCT   0   0   0   0   0   0 | His CAT   0   0   0   0   0   0 | Arg CGT   0   0   0   0   0   0
    CTC   0   0   0   0   0   0 |     CCC   0   0   0   0   0   0 |     CAC   0   0   0   0   0   0 |     CGC   0   0   0   0   0   0
    CTA   0   0   0   0   0   0 |     CCA   1   1   0   1   0   0 | Gln CAA   0   0   0   0   0   0 |     CGA   0   0   0   0   0   0
    CTG   0   0   0   0   0   0 |     CCG   0   0   1   0   1   1 |     CAG   0   0   0   0   0   0 |     CGG   0   0   0   0   0   0
--------------------------------------------------------------------------------------------------------------------------------------
Ile ATT   1   1   1   1   1   0 | Thr ACT   0   0   0   0   0   1 | Asn AAT   0   0   0   0   0   0 | Ser AGT   0   0   0   0   0   0
    ATC   0   0   0   0   0   0 |     ACC   0   0   0   0   0   0 |     AAC   0   0   0   0   0   0 |     AGC   0   0   0   0   0   0
    ATA   0   0   0   0   0   0 |     ACA   0   0   0   0   0   0 | Lys AAA   0   0   0   0   0   0 | Arg AGA   0   0   0   0   0   0
Met ATG   0   0   0   0   0   0 |     ACG   0   0   0   0   0   0 |     AAG   1   1   1   1   1   1 |     AGG   0   0   0   0   0   0
--------------------------------------------------------------------------------------------------------------------------------------
Val GTT   1   1   1   0   1   1 | Ala GCT   0   0   0   0   0   0 | Asp GAT   2   2   2   2   1   2 | Gly GGT   0   0   0   0   0   0
    GTC   0   0   0   0   0   0 |     GCC   0   0   0   0   0   0 |     GAC   2   2   2   3   3   2 |     GGC   0   0   0   0   0   0
    GTA   1   1   1   1   1   1 |     GCA   1   1   1   1   1   1 | Glu GAA   4   3   3   3   3   3 |     GGA   2   2   2   2   2   2
    GTG   0   0   0   0   0   0 |     GCG   0   0   0   0   0   0 |     GAG   1   2   2   1   2   2 |     GGG   1   1   1   1   1   1
--------------------------------------------------------------------------------------------------------------------------------------

--------------------------------------------------------------------------------------------------------------------------------------
Phe TTT   1   1   1   1   1   2 | Ser TCT   0   0   0   0   0   0 | Tyr TAT   0   0   0   0   0   0 | Cys TGT   0   0   0   0   0   0
    TTC   0   0   0   0   0   0 |     TCC   1   1   1   1   1   0 |     TAC   0   0   0   0   0   0 |     TGC   0   0   0   0   0   1
Leu TTA   0   0   0   0   0   0 |     TCA   0   0   0   0   0   0 | *** TAA   0   0   0   0   0   0 | *** TGA   0   0   0   0   0   0
    TTG   1   1   1   1   1   0 |     TCG   0   0   0   0   0   1 |     TAG   0   0   0   0   0   0 | Trp TGG   0   0   0   0   0   0
--------------------------------------------------------------------------------------------------------------------------------------
Leu CTT   0   0   0   0   0   0 | Pro CCT   0   0   0   0   0   0 | His CAT   0   0   0   0   0   0 | Arg CGT   0   0   0   0   0   0
    CTC   0   0   0   0   0   0 |     CCC   0   0   0   0   0   0 |     CAC   0   0   0   0   0   0 |     CGC   0   0   0   0   0   0
    CTA   0   0   0   0   0   0 |     CCA   0   0   0   0   0   1 | Gln CAA   0   0   0   0   0   0 |     CGA   0   0   0   0   0   0
    CTG   0   0   0   0   0   0 |     CCG   1   1   1   1   1   0 |     CAG   0   0   0   0   0   0 |     CGG   0   0   0   0   0   0
--------------------------------------------------------------------------------------------------------------------------------------
Ile ATT   1   1   1   1   1   1 | Thr ACT   0   0   0   0   0   0 | Asn AAT   0   0   0   0   0   0 | Ser AGT   0   0   0   0   0   0
    ATC   0   0   0   0   0   0 |     ACC   0   0   0   0   0   0 |     AAC   0   0   0   1   0   0 |     AGC   0   0   0   0   0   0
    ATA   0   0   0   0   0   0 |     ACA   0   0   0   0   0   0 | Lys AAA   0   0   0   0   0   0 | Arg AGA   0   0   0   0   0   0
Met ATG   0   0   0   0   0   0 |     ACG   0   0   0   0   0   0 |     AAG   1   1   1   1   1   1 |     AGG   0   0   0   0   0   0
--------------------------------------------------------------------------------------------------------------------------------------
Val GTT   1   1   1   1   1   0 | Ala GCT   0   0   0   0   0   0 | Asp GAT   2   2   2   1   1   2 | Gly GGT   0   0   0   0   0   0
    GTC   0   0   0   0   0   0 |     GCC   0   0   0   0   0   0 |     GAC   3   3   2   2   3   3 |     GGC   0   0   0   0   0   0
    GTA   1   1   1   1   1   1 |     GCA   1   1   1   1   1   1 | Glu GAA   3   3   3   3   2   3 |     GGA   2   2   2   2   2   2
    GTG   0   0   0   0   0   0 |     GCG   0   0   0   0   0   0 |     GAG   1   1   2   2   3   1 |     GGG   1   1   1   1   1   1
--------------------------------------------------------------------------------------------------------------------------------------

--------------------------------------------------------------------------------------------------------------------------------------
Phe TTT   1   2   1   1   1   1 | Ser TCT   0   0   0   0   0   0 | Tyr TAT   0   0   0   0   0   0 | Cys TGT   0   0   0   0   0   0
    TTC   0   0   0   0   0   0 |     TCC   1   0   1   1   1   1 |     TAC   0   0   0   0   0   0 |     TGC   0   1   0   0   0   0
Leu TTA   0   0   0   0   0   0 |     TCA   0   0   0   0   0   0 | *** TAA   0   0   0   0   0   0 | *** TGA   0   0   0   0   0   0
    TTG   1   0   1   1   1   1 |     TCG   0   1   0   0   0   0 |     TAG   0   0   0   0   0   0 | Trp TGG   0   0   0   0   0   0
--------------------------------------------------------------------------------------------------------------------------------------
Leu CTT   0   0   0   0   0   0 | Pro CCT   0   0   0   0   0   0 | His CAT   0   0   0   0   0   0 | Arg CGT   0   0   0   0   0   0
    CTC   0   0   0   0   0   0 |     CCC   0   0   0   0   0   0 |     CAC   0   0   0   0   0   0 |     CGC   0   0   0   0   0   0
    CTA   0   0   0   0   0   0 |     CCA   0   1   0   0   0   0 | Gln CAA   0   0   0   0   0   0 |     CGA   0   0   0   0   0   0
    CTG   0   0   0   0   0   0 |     CCG   1   0   1   1   1   1 |     CAG   0   0   0   0   0   0 |     CGG   0   0   0   0   0   0
--------------------------------------------------------------------------------------------------------------------------------------
Ile ATT   1   1   1   1   1   1 | Thr ACT   0   0   0   0   0   0 | Asn AAT   0   0   0   0   1   0 | Ser AGT   0   0   0   0   0   0
    ATC   0   0   0   0   0   0 |     ACC   0   0   0   0   0   0 |     AAC   0   0   0   0   0   0 |     AGC   0   0   0   0   0   0
    ATA   0   0   0   0   0   0 |     ACA   0   1   0   0   0   0 | Lys AAA   0   0   0   0   0   0 | Arg AGA   0   0   0   0   0   0
Met ATG   0   0   0   0   0   0 |     ACG   0   0   0   0   0   0 |     AAG   1   1   1   1   0   0 |     AGG   0   0   0   0   0   0
--------------------------------------------------------------------------------------------------------------------------------------
Val GTT   1   0   1   1   1   1 | Ala GCT   0   0   0   0   0   0 | Asp GAT   1   2   3   0   1   1 | Gly GGT   0   0   0   1   0   0
    GTC   0   0   0   0   0   0 |     GCC   0   0   0   0   0   0 |     GAC   3   3   2   3   2   3 |     GGC   0   0   0   0   0   0
    GTA   1   1   1   1   1   1 |     GCA   1   0   1   1   1   1 | Glu GAA   3   3   3   3   4   2 |     GGA   2   2   2   2   2   2
    GTG   0   0   0   0   0   0 |     GCG   0   0   0   0   0   0 |     GAG   2   1   1   2   2   4 |     GGG   1   1   1   1   1   1
--------------------------------------------------------------------------------------------------------------------------------------

--------------------------------------------------------------------------------------------------------------------------------------
Phe TTT   1   1   1   1   1   1 | Ser TCT   0   0   0   0   0   0 | Tyr TAT   0   0   0   0   0   0 | Cys TGT   0   0   0   0   0   0
    TTC   0   0   0   0   0   0 |     TCC   1   1   1   1   1   1 |     TAC   0   0   0   0   0   0 |     TGC   0   0   0   0   0   0
Leu TTA   0   0   0   0   0   0 |     TCA   0   0   0   0   0   0 | *** TAA   0   0   0   0   0   0 | *** TGA   0   0   0   0   0   0
    TTG   1   1   1   1   1   1 |     TCG   0   0   0   0   0   0 |     TAG   0   0   0   0   0   0 | Trp TGG   0   0   0   0   0   0
--------------------------------------------------------------------------------------------------------------------------------------
Leu CTT   0   0   0   0   0   0 | Pro CCT   0   0   0   0   0   0 | His CAT   0   0   0   0   0   0 | Arg CGT   0   0   0   0   0   0
    CTC   0   0   0   0   0   0 |     CCC   0   0   0   0   0   0 |     CAC   0   0   0   0   0   0 |     CGC   0   0   0   0   0   0
    CTA   0   0   0   0   0   0 |     CCA   0   0   0   0   0   0 | Gln CAA   0   0   0   0   0   0 |     CGA   0   0   0   0   0   0
    CTG   0   0   0   0   0   0 |     CCG   1   1   1   1   1   1 |     CAG   0   0   0   0   0   0 |     CGG   0   0   0   0   0   0
--------------------------------------------------------------------------------------------------------------------------------------
Ile ATT   1   1   1   1   1   1 | Thr ACT   0   0   0   0   0   0 | Asn AAT   0   0   0   0   0   0 | Ser AGT   0   0   0   0   0   0
    ATC   0   0   0   0   0   0 |     ACC   0   0   0   0   0   0 |     AAC   0   0   0   1   0   0 |     AGC   0   0   0   0   0   0
    ATA   0   0   0   0   0   0 |     ACA   0   0   0   0   0   0 | Lys AAA   0   0   0   0   0   0 | Arg AGA   0   0   0   0   0   0
Met ATG   0   0   0   0   0   0 |     ACG   0   0   0   0   0   0 |     AAG   1   1   1   1   1   1 |     AGG   0   0   0   0   0   0
--------------------------------------------------------------------------------------------------------------------------------------
Val GTT   1   1   1   1   1   1 | Ala GCT   0   0   0   0   0   0 | Asp GAT   1   1   2   1   1   2 | Gly GGT   0   0   0   0   0   0
    GTC   0   0   0   0   0   0 |     GCC   0   0   0   0   0   0 |     GAC   3   3   2   2   3   3 |     GGC   0   0   0   0   0   0
    GTA   1   1   1   1   1   1 |     GCA   1   1   1   1   1   1 | Glu GAA   3   4   3   3   3   3 |     GGA   2   2   2   2   2   2
    GTG   0   0   0   0   0   0 |     GCG   0   0   0   0   0   0 |     GAG   2   1   2   2   2   1 |     GGG   1   1   1   1   1   1
--------------------------------------------------------------------------------------------------------------------------------------

--------------------------------------------------------------------------------------------------------------------------------------
Phe TTT   1   1   1   1   1   1 | Ser TCT   0   0   0   0   0   0 | Tyr TAT   0   0   0   0   0   0 | Cys TGT   0   0   0   0   0   0
    TTC   0   0   0   0   0   0 |     TCC   1   1   1   1   1   1 |     TAC   0   0   0   0   0   0 |     TGC   0   0   0   0   0   0
Leu TTA   0   0   0   0   0   0 |     TCA   0   0   0   0   0   0 | *** TAA   0   0   0   0   0   0 | *** TGA   0   0   0   0   0   0
    TTG   1   1   1   1   1   1 |     TCG   0   0   0   0   0   0 |     TAG   0   0   0   0   0   0 | Trp TGG   0   0   0   0   0   0
--------------------------------------------------------------------------------------------------------------------------------------
Leu CTT   0   0   0   0   0   0 | Pro CCT   0   0   0   0   0   0 | His CAT   0   0   0   0   0   0 | Arg CGT   0   0   0   0   0   0
    CTC   0   0   0   0   0   0 |     CCC   0   0   0   0   0   0 |     CAC   0   0   0   0   0   0 |     CGC   0   0   0   0   0   0
    CTA   0   0   0   0   0   0 |     CCA   1   1   0   1   0   0 | Gln CAA   0   0   0   0   0   0 |     CGA   0   0   0   0   0   0
    CTG   0   0   0   0   0   0 |     CCG   0   0   1   0   1   1 |     CAG   0   0   0   0   0   0 |     CGG   0   0   0   0   0   0
--------------------------------------------------------------------------------------------------------------------------------------
Ile ATT   1   1   1   1   1   1 | Thr ACT   0   0   0   0   0   0 | Asn AAT   0   0   0   0   0   0 | Ser AGT   0   0   0   0   0   0
    ATC   0   0   0   0   0   0 |     ACC   0   0   0   0   0   0 |     AAC   0   0   0   0   0   0 |     AGC   0   0   0   0   0   0
    ATA   0   0   0   0   0   0 |     ACA   0   0   0   0   0   0 | Lys AAA   0   0   0   0   0   0 | Arg AGA   0   0   0   0   0   0
Met ATG   0   0   0   0   0   0 |     ACG   0   0   0   0   0   0 |     AAG   1   1   1   1   1   1 |     AGG   0   0   0   0   0   0
--------------------------------------------------------------------------------------------------------------------------------------
Val GTT   1   1   1   1   1   1 | Ala GCT   0   0   0   0   0   0 | Asp GAT   2   1   3   3   1   1 | Gly GGT   0   0   0   0   0   0
    GTC   0   0   0   0   0   0 |     GCC   0   0   0   0   0   0 |     GAC   3   3   2   2   3   3 |     GGC   0   0   0   0   0   0
    GTA   1   1   1   1   1   1 |     GCA   1   1   1   1   1   1 | Glu GAA   3   3   3   3   4   3 |     GGA   2   2   2   2   2   2
    GTG   0   0   0   0   0   0 |     GCG   0   0   0   0   0   0 |     GAG   1   2   1   1   1   2 |     GGG   1   1   1   1   1   1
--------------------------------------------------------------------------------------------------------------------------------------

--------------------------------------------------------------------------------------------------------------------------------------
Phe TTT   1   1   1   1   2   2 | Ser TCT   0   0   1   0   0   0 | Tyr TAT   0   0   0   0   0   0 | Cys TGT   0   0   0   0   0   0
    TTC   0   0   0   0   0   0 |     TCC   1   1   0   1   0   0 |     TAC   0   0   0   0   0   0 |     TGC   0   0   0   0   1   1
Leu TTA   0   0   0   0   0   0 |     TCA   0   0   0   0   0   0 | *** TAA   0   0   0   0   0   0 | *** TGA   0   0   0   0   0   0
    TTG   1   1   1   1   0   0 |     TCG   0   0   0   0   1   1 |     TAG   0   0   0   0   0   0 | Trp TGG   0   0   0   0   0   0
--------------------------------------------------------------------------------------------------------------------------------------
Leu CTT   0   0   0   0   0   0 | Pro CCT   0   0   0   0   0   0 | His CAT   0   0   0   0   0   0 | Arg CGT   0   0   0   0   0   0
    CTC   0   0   0   0   0   0 |     CCC   0   0   0   0   0   0 |     CAC   0   0   0   0   0   0 |     CGC   0   0   0   0   0   0
    CTA   0   0   0   0   0   0 |     CCA   0   0   0   1   1   1 | Gln CAA   0   0   0   0   0   0 |     CGA   0   0   0   0   0   0
    CTG   0   0   0   0   0   0 |     CCG   1   1   1   0   0   0 |     CAG   0   0   0   0   0   0 |     CGG   0   0   0   0   0   0
--------------------------------------------------------------------------------------------------------------------------------------
Ile ATT   1   1   1   1   1   1 | Thr ACT   0   0   0   0   0   0 | Asn AAT   0   0   0   0   0   0 | Ser AGT   0   0   0   0   0   0
    ATC   0   0   0   0   0   0 |     ACC   0   0   0   0   0   0 |     AAC   0   0   0   0   0   0 |     AGC   0   0   0   0   0   0
    ATA   0   0   0   0   0   0 |     ACA   0   0   0   0   0   0 | Lys AAA   0   0   0   0   0   0 | Arg AGA   0   0   0   0   0   0
Met ATG   0   0   0   0   0   0 |     ACG   0   0   0   0   0   0 |     AAG   1   1   1   1   1   1 |     AGG   0   0   0   0   0   0
--------------------------------------------------------------------------------------------------------------------------------------
Val GTT   1   1   1   1   0   0 | Ala GCT   0   0   0   0   0   0 | Asp GAT   1   1   1   1   2   2 | Gly GGT   0   0   0   0   0   0
    GTC   0   0   0   0   0   0 |     GCC   0   0   0   0   0   0 |     GAC   3   3   3   3   3   3 |     GGC   0   0   0   0   0   0
    GTA   1   1   1   1   1   1 |     GCA   1   1   1   1   1   1 | Glu GAA   3   3   3   3   3   3 |     GGA   2   2   2   2   2   2
    GTG   0   0   0   0   0   0 |     GCG   0   0   0   0   0   0 |     GAG   2   2   2   2   1   1 |     GGG   1   1   1   1   1   1
--------------------------------------------------------------------------------------------------------------------------------------

Codon position x base (3x4) table for each sequence.

#1: Argali         
position  1:    T:0.14286    C:0.04762    A:0.09524    G:0.71429
position  2:    T:0.19048    C:0.14286    A:0.52381    G:0.14286
position  3:    T:0.23810    C:0.14286    A:0.33333    G:0.28571
Average         T:0.19048    C:0.11111    A:0.31746    G:0.38095

#2: LesserMouseDeer
position  1:    T:0.09524    C:0.04762    A:0.09524    G:0.76190
position  2:    T:0.23810    C:0.14286    A:0.47619    G:0.14286
position  3:    T:0.19048    C:0.19048    A:0.28571    G:0.33333
Average         T:0.17460    C:0.12698    A:0.28571    G:0.41270

#3: LesserKudu     
position  1:    T:0.19048    C:0.04762    A:0.09524    G:0.66667
position  2:    T:0.19048    C:0.14286    A:0.47619    G:0.19048
position  3:    T:0.23810    C:0.19048    A:0.38095    G:0.19048
Average         T:0.20635    C:0.12698    A:0.31746    G:0.34921

#4: ForestMuskDeer2
position  1:    T:0.14286    C:0.04762    A:0.09524    G:0.71429
position  2:    T:0.23810    C:0.14286    A:0.47619    G:0.14286
position  3:    T:0.19048    C:0.19048    A:0.38095    G:0.23810
Average         T:0.19048    C:0.12698    A:0.31746    G:0.36508

#5: Camel          
position  1:    T:0.09524    C:0.09524    A:0.14286    G:0.66667
position  2:    T:0.23810    C:0.09524    A:0.52381    G:0.14286
position  3:    T:0.19048    C:0.19048    A:0.33333    G:0.28571
Average         T:0.17460    C:0.12698    A:0.33333    G:0.36508

#6: KillerWhale    
position  1:    T:0.09524    C:0.04762    A:0.14286    G:0.71429
position  2:    T:0.19048    C:0.14286    A:0.47619    G:0.19048
position  3:    T:0.23810    C:0.14286    A:0.33333    G:0.28571
Average         T:0.17460    C:0.11111    A:0.31746    G:0.39683

#7: DefassaWaterbuck
position  1:    T:0.14286    C:0.04762    A:0.09524    G:0.71429
position  2:    T:0.23810    C:0.14286    A:0.47619    G:0.14286
position  3:    T:0.19048    C:0.19048    A:0.33333    G:0.28571
Average         T:0.19048    C:0.12698    A:0.30159    G:0.38095

#8: Sheep          
position  1:    T:0.14286    C:0.04762    A:0.09524    G:0.71429
position  2:    T:0.19048    C:0.14286    A:0.52381    G:0.14286
position  3:    T:0.23810    C:0.14286    A:0.33333    G:0.28571
Average         T:0.19048    C:0.11111    A:0.31746    G:0.38095

#9: MaxwellsDuiker 
position  1:    T:0.14286    C:0.04762    A:0.09524    G:0.71429
position  2:    T:0.23810    C:0.14286    A:0.42857    G:0.19048
position  3:    T:0.19048    C:0.19048    A:0.33333    G:0.28571
Average         T:0.19048    C:0.12698    A:0.28571    G:0.39683

#10: GazellaPrzewalskyi
position  1:    T:0.14286    C:0.04762    A:0.09524    G:0.71429
position  2:    T:0.28571    C:0.14286    A:0.47619    G:0.09524
position  3:    T:0.19048    C:0.19048    A:0.33333    G:0.28571
Average         T:0.20635    C:0.12698    A:0.30159    G:0.36508

#11: MountainNyala  
position  1:    T:0.19048    C:0.04762    A:0.09524    G:0.66667
position  2:    T:0.19048    C:0.14286    A:0.47619    G:0.19048
position  3:    T:0.19048    C:0.23810    A:0.38095    G:0.19048
Average         T:0.19048    C:0.14286    A:0.31746    G:0.34921

#12: MuntiacusMuntjak
position  1:    T:0.14286    C:0.04762    A:0.09524    G:0.71429
position  2:    T:0.23810    C:0.14286    A:0.47619    G:0.14286
position  3:    T:0.28571    C:0.14286    A:0.33333    G:0.23810
Average         T:0.22222    C:0.11111    A:0.30159    G:0.36508

#13: goat           
position  1:    T:0.14286    C:0.04762    A:0.09524    G:0.71429
position  2:    T:0.23810    C:0.14286    A:0.47619    G:0.14286
position  3:    T:0.23810    C:0.14286    A:0.33333    G:0.28571
Average         T:0.20635    C:0.11111    A:0.30159    G:0.38095

#14: AfricanBuffalo 
position  1:    T:0.14286    C:0.04762    A:0.09524    G:0.71429
position  2:    T:0.23810    C:0.14286    A:0.47619    G:0.14286
position  3:    T:0.19048    C:0.23810    A:0.28571    G:0.28571
Average         T:0.19048    C:0.14286    A:0.28571    G:0.38095

#15: Topi           
position  1:    T:0.14286    C:0.04762    A:0.09524    G:0.71429
position  2:    T:0.23810    C:0.14286    A:0.47619    G:0.14286
position  3:    T:0.19048    C:0.19048    A:0.28571    G:0.33333
Average         T:0.19048    C:0.12698    A:0.28571    G:0.39683

#16: CommonDuiker   
position  1:    T:0.14286    C:0.04762    A:0.09524    G:0.71429
position  2:    T:0.23810    C:0.14286    A:0.42857    G:0.19048
position  3:    T:0.19048    C:0.19048    A:0.38095    G:0.23810
Average         T:0.19048    C:0.12698    A:0.30159    G:0.38095

#17: Suni           
position  1:    T:0.14286    C:0.04762    A:0.09524    G:0.71429
position  2:    T:0.23810    C:0.14286    A:0.47619    G:0.14286
position  3:    T:0.19048    C:0.19048    A:0.33333    G:0.28571
Average         T:0.19048    C:0.12698    A:0.30159    G:0.38095

#18: Springbuck     
position  1:    T:0.14286    C:0.04762    A:0.14286    G:0.66667
position  2:    T:0.23810    C:0.14286    A:0.47619    G:0.14286
position  3:    T:0.19048    C:0.19048    A:0.33333    G:0.28571
Average         T:0.19048    C:0.12698    A:0.31746    G:0.36508

#19: Okapi          
position  1:    T:0.14286    C:0.04762    A:0.09524    G:0.71429
position  2:    T:0.23810    C:0.14286    A:0.47619    G:0.14286
position  3:    T:0.23810    C:0.14286    A:0.42857    G:0.19048
Average         T:0.20635    C:0.11111    A:0.33333    G:0.34921

#20: Giraffe        
position  1:    T:0.14286    C:0.04762    A:0.09524    G:0.71429
position  2:    T:0.23810    C:0.14286    A:0.47619    G:0.14286
position  3:    T:0.23810    C:0.14286    A:0.38095    G:0.23810
Average         T:0.20635    C:0.11111    A:0.31746    G:0.36508

#21: TibetanAntelope
position  1:    T:0.14286    C:0.04762    A:0.09524    G:0.71429
position  2:    T:0.23810    C:0.14286    A:0.47619    G:0.14286
position  3:    T:0.23810    C:0.14286    A:0.33333    G:0.28571
Average         T:0.20635    C:0.11111    A:0.30159    G:0.38095

#22: Sitatunga      
position  1:    T:0.19048    C:0.04762    A:0.09524    G:0.66667
position  2:    T:0.19048    C:0.14286    A:0.47619    G:0.19048
position  3:    T:0.23810    C:0.19048    A:0.38095    G:0.19048
Average         T:0.20635    C:0.12698    A:0.31746    G:0.34921

#23: Oribi          
position  1:    T:0.14286    C:0.04762    A:0.09524    G:0.71429
position  2:    T:0.23810    C:0.14286    A:0.47619    G:0.14286
position  3:    T:0.19048    C:0.19048    A:0.33333    G:0.28571
Average         T:0.19048    C:0.12698    A:0.30159    G:0.38095

#24: BarbarySheep   
position  1:    T:0.14286    C:0.04762    A:0.09524    G:0.71429
position  2:    T:0.19048    C:0.19048    A:0.47619    G:0.14286
position  3:    T:0.23810    C:0.14286    A:0.33333    G:0.28571
Average         T:0.19048    C:0.12698    A:0.30159    G:0.38095

#25: Daviddeer      
position  1:    T:0.14286    C:0.04762    A:0.09524    G:0.71429
position  2:    T:0.23810    C:0.14286    A:0.47619    G:0.14286
position  3:    T:0.23810    C:0.19048    A:0.33333    G:0.23810
Average         T:0.20635    C:0.12698    A:0.30159    G:0.36508

#26: Reindeer       
position  1:    T:0.14286    C:0.04762    A:0.09524    G:0.71429
position  2:    T:0.23810    C:0.14286    A:0.47619    G:0.14286
position  3:    T:0.23810    C:0.19048    A:0.33333    G:0.23810
Average         T:0.20635    C:0.12698    A:0.30159    G:0.36508

#27: Ibex           
position  1:    T:0.14286    C:0.04762    A:0.09524    G:0.71429
position  2:    T:0.23810    C:0.14286    A:0.47619    G:0.14286
position  3:    T:0.23810    C:0.14286    A:0.33333    G:0.28571
Average         T:0.20635    C:0.11111    A:0.30159    G:0.38095

#28: GyrantGazelle  
position  1:    T:0.14286    C:0.04762    A:0.14286    G:0.66667
position  2:    T:0.23810    C:0.14286    A:0.47619    G:0.14286
position  3:    T:0.19048    C:0.19048    A:0.33333    G:0.28571
Average         T:0.19048    C:0.12698    A:0.31746    G:0.36508

#29: Hartebeest     
position  1:    T:0.14286    C:0.04762    A:0.09524    G:0.71429
position  2:    T:0.23810    C:0.14286    A:0.47619    G:0.14286
position  3:    T:0.19048    C:0.19048    A:0.28571    G:0.33333
Average         T:0.19048    C:0.12698    A:0.28571    G:0.39683

#30: Bongo          
position  1:    T:0.19048    C:0.04762    A:0.09524    G:0.66667
position  2:    T:0.19048    C:0.14286    A:0.47619    G:0.19048
position  3:    T:0.23810    C:0.19048    A:0.38095    G:0.19048
Average         T:0.20635    C:0.12698    A:0.31746    G:0.34921

#31: Gerenuk        
position  1:    T:0.14286    C:0.04762    A:0.09524    G:0.71429
position  2:    T:0.23810    C:0.14286    A:0.47619    G:0.14286
position  3:    T:0.19048    C:0.19048    A:0.33333    G:0.28571
Average         T:0.19048    C:0.12698    A:0.30159    G:0.38095

#32: CommonEland    
position  1:    T:0.19048    C:0.04762    A:0.14286    G:0.61905
position  2:    T:0.19048    C:0.14286    A:0.47619    G:0.19048
position  3:    T:0.23810    C:0.19048    A:0.38095    G:0.19048
Average         T:0.20635    C:0.12698    A:0.33333    G:0.33333

#33: MuntiacusReevesi
position  1:    T:0.14286    C:0.04762    A:0.09524    G:0.71429
position  2:    T:0.23810    C:0.14286    A:0.47619    G:0.14286
position  3:    T:0.28571    C:0.14286    A:0.33333    G:0.23810
Average         T:0.22222    C:0.11111    A:0.30159    G:0.36508

#34: HarveysDuiker  
position  1:    T:0.14286    C:0.04762    A:0.09524    G:0.71429
position  2:    T:0.23810    C:0.14286    A:0.42857    G:0.19048
position  3:    T:0.19048    C:0.19048    A:0.33333    G:0.28571
Average         T:0.19048    C:0.12698    A:0.28571    G:0.39683

#35: Pronghorn      
position  1:    T:0.14286    C:0.04762    A:0.09524    G:0.71429
position  2:    T:0.23810    C:0.14286    A:0.47619    G:0.14286
position  3:    T:0.23810    C:0.14286    A:0.38095    G:0.23810
Average         T:0.20635    C:0.11111    A:0.31746    G:0.36508

#36: BlueWildebeest 
position  1:    T:0.14286    C:0.04762    A:0.04762    G:0.76190
position  2:    T:0.23810    C:0.14286    A:0.47619    G:0.14286
position  3:    T:0.19048    C:0.19048    A:0.28571    G:0.33333
Average         T:0.19048    C:0.12698    A:0.26984    G:0.41270

#37: Gemsbok        
position  1:    T:0.14286    C:0.04762    A:0.09524    G:0.71429
position  2:    T:0.23810    C:0.14286    A:0.47619    G:0.14286
position  3:    T:0.19048    C:0.19048    A:0.33333    G:0.28571
Average         T:0.19048    C:0.12698    A:0.30159    G:0.38095

#38: Yak            
position  1:    T:0.14286    C:0.04762    A:0.09524    G:0.71429
position  2:    T:0.23810    C:0.14286    A:0.47619    G:0.14286
position  3:    T:0.19048    C:0.19048    A:0.38095    G:0.23810
Average         T:0.19048    C:0.12698    A:0.31746    G:0.36508

#39: BlueSheep      
position  1:    T:0.14286    C:0.04762    A:0.09524    G:0.71429
position  2:    T:0.23810    C:0.14286    A:0.47619    G:0.14286
position  3:    T:0.23810    C:0.14286    A:0.33333    G:0.28571
Average         T:0.20635    C:0.11111    A:0.30159    G:0.38095

#40: BohorReedbuck  
position  1:    T:0.14286    C:0.04762    A:0.14286    G:0.66667
position  2:    T:0.23810    C:0.14286    A:0.47619    G:0.14286
position  3:    T:0.19048    C:0.19048    A:0.33333    G:0.28571
Average         T:0.19048    C:0.12698    A:0.31746    G:0.36508

#41: KirksDik       
position  1:    T:0.14286    C:0.04762    A:0.09524    G:0.71429
position  2:    T:0.23810    C:0.14286    A:0.47619    G:0.14286
position  3:    T:0.19048    C:0.19048    A:0.33333    G:0.28571
Average         T:0.19048    C:0.12698    A:0.30159    G:0.38095

#42: RoeDeer        
position  1:    T:0.14286    C:0.04762    A:0.09524    G:0.71429
position  2:    T:0.23810    C:0.14286    A:0.47619    G:0.14286
position  3:    T:0.23810    C:0.19048    A:0.33333    G:0.23810
Average         T:0.20635    C:0.12698    A:0.30159    G:0.36508

#43: WhiteLippedDeer
position  1:    T:0.14286    C:0.04762    A:0.09524    G:0.71429
position  2:    T:0.23810    C:0.14286    A:0.47619    G:0.14286
position  3:    T:0.23810    C:0.19048    A:0.38095    G:0.19048
Average         T:0.20635    C:0.12698    A:0.31746    G:0.34921

#44: ThomsonGazelle 
position  1:    T:0.14286    C:0.04762    A:0.09524    G:0.71429
position  2:    T:0.23810    C:0.14286    A:0.47619    G:0.14286
position  3:    T:0.19048    C:0.19048    A:0.38095    G:0.23810
Average         T:0.19048    C:0.12698    A:0.31746    G:0.36508

#45: MuntiacusCrinifrons
position  1:    T:0.14286    C:0.04762    A:0.09524    G:0.71429
position  2:    T:0.23810    C:0.14286    A:0.47619    G:0.14286
position  3:    T:0.28571    C:0.14286    A:0.33333    G:0.23810
Average         T:0.22222    C:0.11111    A:0.30159    G:0.36508

#46: WhiteTailedDeer
position  1:    T:0.14286    C:0.04762    A:0.09524    G:0.71429
position  2:    T:0.23810    C:0.14286    A:0.47619    G:0.14286
position  3:    T:0.28571    C:0.14286    A:0.38095    G:0.19048
Average         T:0.22222    C:0.11111    A:0.31746    G:0.34921

#47: Cattle         
position  1:    T:0.14286    C:0.04762    A:0.09524    G:0.71429
position  2:    T:0.23810    C:0.14286    A:0.47619    G:0.14286
position  3:    T:0.19048    C:0.19048    A:0.38095    G:0.23810
Average         T:0.19048    C:0.12698    A:0.31746    G:0.36508

#48: RoyalAntelope  
position  1:    T:0.14286    C:0.04762    A:0.09524    G:0.71429
position  2:    T:0.23810    C:0.14286    A:0.47619    G:0.14286
position  3:    T:0.19048    C:0.19048    A:0.33333    G:0.28571
Average         T:0.19048    C:0.12698    A:0.30159    G:0.38095

#49: Steenbok       
position  1:    T:0.14286    C:0.04762    A:0.09524    G:0.71429
position  2:    T:0.23810    C:0.14286    A:0.47619    G:0.14286
position  3:    T:0.19048    C:0.19048    A:0.33333    G:0.28571
Average         T:0.19048    C:0.12698    A:0.30159    G:0.38095

#50: Impala         
position  1:    T:0.14286    C:0.04762    A:0.09524    G:0.71429
position  2:    T:0.23810    C:0.14286    A:0.47619    G:0.14286
position  3:    T:0.19048    C:0.19048    A:0.33333    G:0.28571
Average         T:0.19048    C:0.12698    A:0.30159    G:0.38095

#51: Klipspringer   
position  1:    T:0.14286    C:0.04762    A:0.09524    G:0.71429
position  2:    T:0.23810    C:0.14286    A:0.47619    G:0.14286
