1
52 1
Argali 0.000000 0.185400 0.062100 0.218700 0.036700 0.006000 0.036800 0.101800 0.048900 0.080600 0.012100 0.042900 0.030500 0.030600 0.048700 0.062000 0.081400 0.061900 0.018200 0.042800 0.036700 0.030600 0.061900 0.067400 0.012100 0.055200 0.030500 0.055300 0.049200 0.049100 0.074100 0.036800 0.101300 0.030500 0.048900 0.036700 0.018300 0.036600 0.042500 0.060900 0.061900 0.042700 0.087100 0.086800 0.043000 0.055400 0.055600 0.049200 0.049200 0.049300 0.081100 0.042800
LesserMous 0.185400 0.000000 0.162700 0.234600 0.161900 0.192600 0.169800 0.221000 0.161200 0.182900 0.170900 0.161800 0.162800 0.148900 0.176400 0.183900 0.162100 0.141000 0.163600 0.154700 0.169700 0.193800 0.169000 0.182000 0.170900 0.176400 0.162800 0.168400 0.169200 0.161800 0.175600 0.155400 0.183700 0.162800 0.154800 0.154500 0.178500 0.169400 0.169200 0.189100 0.169000 0.162200 0.182600 0.188900 0.161900 0.191000 0.177200 0.176800 0.184100 0.154700 0.183700 0.154700
LesserKudu 0.062100 0.162700 0.000000 0.186700 0.049000 0.068500 0.036600 0.088000 0.024000 0.067700 0.049300 0.048700 0.042800 0.042900 0.055200 0.074500 0.067800 0.048700 0.043000 0.018000 0.049000 0.068700 0.055100 0.067100 0.049300 0.055000 0.042800 0.030000 0.061500 0.024000 0.061300 0.036600 0.080800 0.042800 0.036300 0.042500 0.055800 0.048900 0.048900 0.073600 0.055100 0.042600 0.074000 0.086300 0.048800 0.067800 0.068000 0.055400 0.049000 0.042600 0.042500 0.018000
KillerWhal 0.218700 0.234600 0.186700 0.000000 0.201600 0.226100 0.202100 0.194800 0.184800 0.214300 0.218500 0.200400 0.194400 0.194900 0.193900 0.224500 0.224000 0.200800 0.210500 0.178100 0.201700 0.241700 0.208300 0.221000 0.218500 0.207800 0.194400 0.184800 0.208800 0.178100 0.206500 0.194500 0.239800 0.194400 0.178500 0.178200 0.211000 0.201100 0.186100 0.214900 0.208300 0.193200 0.214000 0.221300 0.186100 0.224200 0.209500 0.201900 0.194200 0.193300 0.200600 0.178100
DefassaWat 0.036700 0.161900 0.049000 0.201600 0.000000 0.042900 0.024200 0.087800 0.036200 0.061400 0.036700 0.030200 0.018100 0.018100 0.030200 0.048900 0.068000 0.048900 0.030400 0.030200 0.024100 0.055700 0.048900 0.060900 0.036700 0.042400 0.018100 0.042400 0.036400 0.036300 0.055000 0.024200 0.087400 0.018100 0.036200 0.024100 0.043000 0.024100 0.024100 0.067400 0.048900 0.030100 0.067600 0.080000 0.030300 0.042500 0.042600 0.042600 0.036400 0.036400 0.067700 0.030200
Sheep 0.006000 0.192600 0.068500 0.226100 0.042900 0.000000 0.043000 0.108400 0.055200 0.087100 0.018200 0.049100 0.036700 0.036800 0.055000 0.068300 0.087900 0.068200 0.024300 0.049100 0.042900 0.036800 0.068300 0.073700 0.018200 0.061500 0.036700 0.061600 0.055400 0.055300 0.080500 0.043000 0.107900 0.036700 0.055100 0.042800 0.024400 0.042800 0.048800 0.067200 0.068300 0.048900 0.093600 0.093300 0.049300 0.061600 0.061900 0.055500 0.055400 0.055500 0.087500 0.049100
MaxwellsDu 0.036800 0.169800 0.036600 0.202100 0.024200 0.043000 0.000000 0.087900 0.036300 0.061300 0.036700 0.030300 0.018100 0.018100 0.030300 0.049000 0.068000 0.048900 0.030500 0.030200 0.024200 0.055800 0.049000 0.061000 0.036700 0.042500 0.018100 0.042500 0.036400 0.036400 0.055000 0.012000 0.087300 0.018100 0.036200 0.024100 0.043100 0.024100 0.024100 0.067500 0.049000 0.030200 0.067500 0.080100 0.030400 0.042500 0.042700 0.042700 0.036400 0.036400 0.067800 0.030200
GazellaPrz 0.101800 0.221000 0.088000 0.194800 0.087800 0.108400 0.087900 0.000000 0.086900 0.114200 0.101300 0.094200 0.081300 0.081500 0.094100 0.100700 0.121300 0.100900 0.094500 0.081000 0.074600 0.122300 0.100900 0.113100 0.101300 0.093700 0.081300 0.093800 0.087300 0.087500 0.107400 0.087900 0.134900 0.081300 0.074000 0.087600 0.108600 0.074500 0.074400 0.120200 0.100900 0.080800 0.114000 0.133500 0.094500 0.107100 0.093900 0.094400 0.087600 0.087800 0.100600 0.081000
MountainNy 0.048900 0.161200 0.024000 0.184800 0.036200 0.055200 0.036300 0.086900 0.000000 0.067100 0.036300 0.036000 0.030100 0.030200 0.042300 0.060900 0.073600 0.054600 0.030100 0.005900 0.036200 0.055400 0.054600 0.066600 0.036300 0.054600 0.030100 0.017800 0.048300 0.011800 0.060700 0.036300 0.080100 0.030100 0.035900 0.029900 0.042700 0.036100 0.036100 0.073000 0.054600 0.042200 0.073300 0.085600 0.036100 0.054600 0.054700 0.042400 0.036200 0.042200 0.042100 0.005900
MuntiacusM 0.080600 0.182900 0.067700 0.214300 0.061400 0.087100 0.061300 0.114200 0.067100 0.000000 0.074600 0.054800 0.055100 0.055100 0.067600 0.087100 0.080300 0.061100 0.068100 0.061000 0.061300 0.094600 0.036200 0.048100 0.074600 0.067400 0.055100 0.073500 0.074000 0.073000 0.005900 0.061300 0.099600 0.055100 0.061100 0.048500 0.081300 0.061200 0.061200 0.054300 0.036200 0.054900 0.005900 0.066800 0.054800 0.067400 0.080600 0.080600 0.074100 0.048400 0.086600 0.061000
goat 0.012100 0.170900 0.049300 0.218500 0.036700 0.018200 0.036700 0.101300 0.036300 0.074600 0.000000 0.042900 0.030500 0.030600 0.042800 0.056700 0.081300 0.061800 0.005900 0.030400 0.036600 0.018200 0.061900 0.074000 0.000000 0.055200 0.030500 0.042700 0.048900 0.036600 0.068100 0.036700 0.088000 0.030500 0.048700 0.036600 0.006000 0.036600 0.036600 0.067700 0.061900 0.042700 0.081000 0.093500 0.043000 0.055300 0.055400 0.049200 0.049100 0.049200 0.068100 0.030400
AfricanBuf 0.042900 0.161800 0.048700 0.200400 0.030200 0.049100 0.030300 0.094200 0.036000 0.054800 0.042900 0.000000 0.024100 0.024200 0.036300 0.055100 0.061200 0.042300 0.036600 0.030000 0.030200 0.062100 0.042200 0.054300 0.042900 0.048600 0.024100 0.042200 0.042500 0.036100 0.048500 0.030300 0.067500 0.024100 0.042300 0.017900 0.049300 0.030200 0.030200 0.060700 0.042200 0.036200 0.060900 0.073200 0.024000 0.036200 0.048800 0.048800 0.042500 0.030100 0.067300 0.030000
Topi 0.030500 0.162800 0.042800 0.194400 0.018100 0.036700 0.018100 0.081300 0.030100 0.055100 0.030500 0.024100 0.000000 0.012000 0.024100 0.042700 0.061600 0.042600 0.024300 0.024100 0.018000 0.049400 0.042600 0.054600 0.030500 0.036200 0.000000 0.036300 0.030200 0.030200 0.048800 0.018100 0.080900 0.000000 0.030100 0.018000 0.036800 0.018000 0.018000 0.061100 0.042600 0.024000 0.061300 0.073600 0.024200 0.036300 0.036400 0.036500 0.030200 0.030300 0.061400 0.024100
CommonDuik 0.030600 0.148900 0.042900 0.194900 0.018100 0.036800 0.018100 0.081500 0.030200 0.055100 0.030600 0.024200 0.012000 0.000000 0.024100 0.042800 0.049100 0.030300 0.024300 0.024100 0.018100 0.049500 0.042800 0.054800 0.030600 0.036300 0.012000 0.036400 0.030300 0.030300 0.048700 0.018100 0.080900 0.012000 0.030100 0.018100 0.036900 0.018000 0.018100 0.061200 0.042800 0.024100 0.061300 0.073800 0.024200 0.036400 0.036500 0.036500 0.030300 0.030300 0.061500 0.024100
Suni 0.048700 0.176400 0.055200 0.193900 0.030200 0.055000 0.030300 0.094100 0.042300 0.067600 0.042800 0.036300 0.024100 0.024100 0.000000 0.055100 0.074200 0.055000 0.036500 0.036300 0.030200 0.062000 0.055000 0.067000 0.042800 0.048500 0.024100 0.048500 0.042500 0.048300 0.061200 0.030200 0.093700 0.024100 0.042200 0.030200 0.049200 0.030100 0.030100 0.073500 0.055000 0.036200 0.073800 0.086200 0.036400 0.048600 0.048800 0.048800 0.042500 0.042600 0.073900 0.036300
Springbuck 0.062000 0.183900 0.074500 0.224500 0.048900 0.068300 0.049000 0.100700 0.060900 0.087100 0.056700 0.055100 0.042700 0.042800 0.055100 0.000000 0.080700 0.061400 0.055200 0.055000 0.048800 0.081500 0.074300 0.086400 0.061700 0.054900 0.042700 0.067500 0.024000 0.061300 0.080500 0.036500 0.100400 0.042700 0.048300 0.048800 0.068500 0.048800 0.048800 0.093100 0.074300 0.042500 0.093500 0.092800 0.055300 0.067600 0.067700 0.055100 0.061400 0.061500 0.093500 0.055000
Okapi 0.081400 0.162100 0.067800 0.224000 0.068000 0.087900 0.068000 0.121300 0.073600 0.080300 0.081300 0.061200 0.061600 0.049100 0.074200 0.080700 0.000000 0.030100 0.074700 0.067400 0.067900 0.101400 0.067600 0.079600 0.081300 0.074000 0.061600 0.080000 0.067700 0.073800 0.073800 0.055200 0.093500 0.061600 0.054900 0.054800 0.088100 0.067800 0.067800 0.086300 0.067600 0.061300 0.086600 0.086100 0.061300 0.087000 0.087300 0.074300 0.080700 0.054900 0.093300 0.067400
Giraffe 0.061900 0.141000 0.048700 0.200800 0.048900 0.068200 0.048900 0.100900 0.054600 0.061100 0.061800 0.042300 0.042600 0.030300 0.055000 0.061400 0.030100 0.000000 0.055400 0.048500 0.048800 0.081500 0.048600 0.060600 0.061800 0.054900 0.042600 0.048400 0.048700 0.054700 0.054700 0.036400 0.074000 0.042600 0.036200 0.036100 0.068400 0.048700 0.048700 0.067000 0.048600 0.042400 0.067300 0.066900 0.042400 0.067600 0.067800 0.055100 0.061400 0.036200 0.073800 0.048500
TibetanAnt 0.018200 0.163600 0.043000 0.210500 0.030400 0.024300 0.030500 0.094500 0.030100 0.068100 0.005900 0.036600 0.024300 0.024300 0.036500 0.055200 0.074700 0.055400 0.000000 0.024200 0.030400 0.024300 0.055400 0.067500 0.006000 0.048800 0.024300 0.036400 0.042600 0.030300 0.061600 0.030400 0.081300 0.024300 0.042400 0.030400 0.012100 0.030300 0.030300 0.061300 0.055400 0.036400 0.074400 0.086900 0.036700 0.048900 0.045000 0.042800 0.042800 0.042800 0.061700 0.024200
Sitatunga 0.042800 0.154700 0.018000 0.178100 0.030200 0.049100 0.030200 0.081000 0.005900 0.061000 0.030400 0.030000 0.024100 0.024100 0.036300 0.055000 0.067400 0.048500 0.024200 0.000000 0.030200 0.049200 0.048500 0.060500 0.030400 0.048500 0.024100 0.011900 0.042400 0.005900 0.054600 0.030200 0.073900 0.024100 0.030000 0.023900 0.036700 0.030100 0.030100 0.066900 0.048500 0.036200 0.067200 0.079500 0.030100 0.048600 0.048800 0.036400 0.030200 0.036200 0.036000 0.000000
Oribi 0.036700 0.169700 0.049000 0.201700 0.024100 0.042900 0.024200 0.074600 0.036200 0.061300 0.036600 0.030200 0.018000 0.018100 0.030200 0.048800 0.067900 0.048800 0.030400 0.030200 0.000000 0.055600 0.048800 0.060800 0.036600 0.042300 0.018000 0.042400 0.036300 0.036300 0.055000 0.024100 0.087300 0.018000 0.036100 0.024100 0.043000 0.024100 0.024100 0.067300 0.048800 0.030100 0.067600 0.080000 0.030300 0.042400 0.030200 0.042600 0.036300 0.036400 0.067600 0.030200
BarbaryShe 0.030600 0.193800 0.068700 0.241700 0.055700 0.036800 0.055800 0.122300 0.055400 0.094600 0.018200 0.062100 0.049400 0.049500 0.062000 0.081500 0.101400 0.081500 0.024300 0.049200 0.055600 0.000000 0.081500 0.093800 0.018200 0.074500 0.049400 0.061800 0.068400 0.055600 0.087900 0.055800 0.108300 0.049400 0.068000 0.055600 0.024500 0.055500 0.055600 0.087400 0.081500 0.061800 0.101000 0.113700 0.062200 0.074700 0.075000 0.068500 0.068400 0.068500 0.087900 0.049200
Daviddeer 0.061900 0.169000 0.055100 0.208300 0.048900 0.068300 0.049000 0.100900 0.054600 0.036200 0.061900 0.042200 0.042600 0.042800 0.055000 0.074300 0.067600 0.048600 0.055400 0.048500 0.048800 0.081500 0.000000 0.035900 0.061900 0.054900 0.042600 0.060900 0.061300 0.054800 0.030000 0.048900 0.086900 0.042600 0.048600 0.036200 0.068400 0.048700 0.048700 0.042100 0.000000 0.042500 0.042300 0.054400 0.042400 0.054900 0.067800 0.067900 0.061400 0.036200 0.073800 0.048500
Reindeer 0.067400 0.182000 0.067100 0.221000 0.060900 0.073700 0.061000 0.113100 0.066600 0.048100 0.074000 0.054300 0.054600 0.054800 0.067000 0.086400 0.079600 0.060600 0.067500 0.060500 0.060800 0.093800 0.035900 0.000000 0.074000 0.067000 0.054600 0.072900 0.073400 0.072900 0.041900 0.061000 0.099200 0.054600 0.060600 0.048100 0.080600 0.060700 0.060700 0.041700 0.035900 0.054500 0.054200 0.039300 0.054400 0.066900 0.080000 0.079900 0.073500 0.048200 0.085900 0.060500
Ibex 0.012100 0.170900 0.049300 0.218500 0.036700 0.018200 0.036700 0.101300 0.036300 0.074600 0.000000 0.042900 0.030500 0.030600 0.042800 0.061700 0.081300 0.061800 0.006000 0.030400 0.036600 0.018200 0.061900 0.074000 0.000000 0.055200 0.030500 0.042700 0.048900 0.036600 0.068100 0.036700 0.088000 0.030500 0.048700 0.036600 0.006000 0.036600 0.036600 0.067700 0.061900 0.042700 0.081000 0.093500 0.043000 0.055300 0.055400 0.049200 0.049100 0.049200 0.068100 0.030400
GyrantGaze 0.055200 0.176400 0.055000 0.207800 0.042400 0.061500 0.042500 0.093700 0.054600 0.067400 0.055200 0.048600 0.036200 0.036300 0.048500 0.054900 0.074000 0.054900 0.048800 0.048500 0.042300 0.074500 0.054900 0.067000 0.055200 0.000000 0.036200 0.060900 0.042300 0.054700 0.061000 0.042400 0.093500 0.036200 0.042200 0.042300 0.061600 0.042300 0.042300 0.073400 0.054900 0.011900 0.073700 0.086100 0.048700 0.060900 0.061100 0.061100 0.054800 0.042400 0.073800 0.048500
Hartebeest 0.030500 0.162800 0.042800 0.194400 0.018100 0.036700 0.018100 0.081300 0.030100 0.055100 0.030500 0.024100 0.000000 0.012000 0.024100 0.042700 0.061600 0.042600 0.024300 0.024100 0.018000 0.049400 0.042600 0.054600 0.030500 0.036200 0.000000 0.036300 0.030200 0.030200 0.048800 0.018100 0.080900 0.000000 0.030100 0.018000 0.036800 0.018000 0.018000 0.061100 0.042600 0.024000 0.061300 0.073600 0.024200 0.036300 0.036400 0.036500 0.030200 0.030300 0.061400 0.024100
Bongo 0.055300 0.168400 0.030000 0.184800 0.042400 0.061600 0.042500 0.093800 0.017800 0.073500 0.042700 0.042200 0.036300 0.036400 0.048500 0.067500 0.080000 0.048400 0.036400 0.011900 0.042400 0.061800 0.060900 0.072900 0.042700 0.060900 0.036300 0.000000 0.054800 0.005900 0.067100 0.042500 0.073800 0.036300 0.042200 0.036000 0.049100 0.042300 0.042300 0.079400 0.060900 0.048400 0.079700 0.092100 0.042300 0.061000 0.061200 0.048700 0.030100 0.048400 0.036000 0.011900
Gerenuk 0.049200 0.169200 0.061500 0.208800 0.036400 0.055400 0.036400 0.087300 0.048300 0.074000 0.048900 0.042500 0.030200 0.030300 0.042500 0.024000 0.067700 0.048700 0.042600 0.042400 0.036300 0.068400 0.061300 0.073400 0.048900 0.042300 0.030200 0.054800 0.000000 0.048700 0.067500 0.024100 0.087100 0.030200 0.036000 0.036300 0.055500 0.036300 0.036300 0.080000 0.061300 0.030100 0.080300 0.079800 0.042600 0.054800 0.054400 0.042500 0.048700 0.048800 0.080400 0.042400
CommonElan 0.049100 0.161800 0.024000 0.178100 0.036300 0.055300 0.036400 0.087500 0.011800 0.073000 0.036600 0.036100 0.030200 0.030300 0.048300 0.061300 0.073800 0.054700 0.030300 0.005900 0.036300 0.055600 0.054800 0.072900 0.036600 0.054700 0.030200 0.005900 0.048700 0.000000 0.066700 0.036400 0.067600 0.030200 0.036100 0.030000 0.042900 0.036300 0.041900 0.079200 0.054800 0.042300 0.079500 0.092200 0.036200 0.054800 0.055000 0.042600 0.024100 0.042300 0.030000 0.005900
MuntiacusR 0.074100 0.175600 0.061300 0.206500 0.055000 0.080500 0.055000 0.107400 0.060700 0.005900 0.068100 0.048500 0.048800 0.048700 0.061200 0.080500 0.073800 0.054700 0.061600 0.054600 0.055000 0.087900 0.030000 0.041900 0.068100 0.061000 0.048800 0.067100 0.067500 0.066700 0.000000 0.054900 0.093000 0.048800 0.054700 0.042200 0.074700 0.054900 0.054800 0.048100 0.030000 0.048600 0.011300 0.060500 0.048500 0.061000 0.074100 0.074100 0.067600 0.042200 0.080100 0.054600
HarveysDui 0.036800 0.155400 0.036600 0.194500 0.024200 0.043000 0.012000 0.087900 0.036300 0.061300 0.036700 0.030300 0.018100 0.018100 0.030200 0.036500 0.055200 0.036400 0.030400 0.030200 0.024100 0.055800 0.048900 0.061000 0.036700 0.042400 0.018100 0.042500 0.024100 0.036400 0.054900 0.000000 0.074200 0.018100 0.024000 0.024100 0.043100 0.024100 0.024100 0.067400 0.048900 0.030100 0.067500 0.067300 0.030400 0.042500 0.042700 0.030300 0.036400 0.036400 0.067800 0.030200
Pronghorn 0.101300 0.183700 0.080800 0.239800 0.087400 0.107900 0.087300 0.134900 0.080100 0.099600 0.088000 0.067500 0.080900 0.080900 0.093700 0.100400 0.093500 0.074000 0.081300 0.073900 0.087300 0.108300 0.086900 0.099200 0.088000 0.093500 0.080900 0.073800 0.087100 0.067600 0.093000 0.074200 0.000000 0.080900 0.073900 0.073900 0.094800 0.087200 0.080600 0.092900 0.086900 0.080600 0.106000 0.105700 0.080500 0.080500 0.107200 0.093900 0.087400 0.073800 0.060900 0.073900
BlueWildeb 0.030500 0.162800 0.042800 0.194400 0.018100 0.036700 0.018100 0.081300 0.030100 0.055100 0.030500 0.024100 0.000000 0.012000 0.024100 0.042700 0.061600 0.042600 0.024300 0.024100 0.018000 0.049400 0.042600 0.054600 0.030500 0.036200 0.000000 0.036300 0.030200 0.030200 0.048800 0.018100 0.080900 0.000000 0.030100 0.018000 0.036800 0.018000 0.018000 0.061100 0.042600 0.024000 0.061300 0.073600 0.024200 0.036300 0.036400 0.036500 0.030200 0.030300 0.061400 0.024100
Gemsbok 0.048900 0.154800 0.036300 0.178500 0.036200 0.055100 0.036200 0.074000 0.035900 0.061100 0.048700 0.042300 0.030100 0.030100 0.042200 0.048300 0.054900 0.036200 0.042400 0.030000 0.036100 0.068000 0.048600 0.060600 0.048700 0.042200 0.030100 0.042200 0.036000 0.036100 0.054700 0.024000 0.073900 0.030100 0.000000 0.036100 0.055200 0.036100 0.036100 0.067000 0.048600 0.029900 0.067300 0.066900 0.042400 0.054600 0.054600 0.030000 0.036200 0.036200 0.054800 0.030000
Yak 0.036700 0.154500 0.042500 0.178200 0.024100 0.042800 0.024100 0.087600 0.029900 0.048500 0.036600 0.017900 0.018000 0.018100 0.030200 0.048800 0.054800 0.036100 0.030400 0.023900 0.024100 0.055600 0.036200 0.048100 0.036600 0.042300 0.018000 0.036000 0.036300 0.030000 0.042200 0.024100 0.073900 0.018000 0.036100 0.000000 0.043000 0.024000 0.024000 0.054400 0.036200 0.030100 0.054600 0.054300 0.005900 0.042400 0.042600 0.042600 0.036300 0.024000 0.061000 0.023900
BlueSheep 0.018300 0.178500 0.055800 0.211000 0.043000 0.024400 0.043100 0.108600 0.042700 0.081300 0.006000 0.049300 0.036800 0.036900 0.049200 0.068500 0.088100 0.068400 0.012100 0.036700 0.043000 0.024500 0.068400 0.080600 0.006000 0.061600 0.036800 0.049100 0.055500 0.042900 0.074700 0.043100 0.094800 0.036800 0.055200 0.043000 0.000000 0.042900 0.042900 0.074300 0.068400 0.049000 0.087700 0.100300 0.049400 0.061800 0.062100 0.055600 0.055600 0.055700 0.074700 0.036700
BohorReedb 0.036600 0.169400 0.048900 0.201100 0.024100 0.042800 0.024100 0.074500 0.036100 0.061200 0.036600 0.030200 0.018000 0.018000 0.030100 0.048800 0.067800 0.048700 0.030300 0.030100 0.024100 0.055500 0.048700 0.060700 0.036600 0.042300 0.018000 0.042300 0.036300 0.036300 0.054900 0.024100 0.087200 0.018000 0.036100 0.024000 0.042900 0.000000 0.024000 0.067200 0.048700 0.030000 0.067500 0.079800 0.030200 0.042400 0.042500 0.042500 0.036300 0.036300 0.067500 0.030100
KirksDik 0.042500 0.169200 0.048900 0.186100 0.024100 0.048800 0.024100 0.074400 0.036100 0.061200 0.036600 0.030200 0.018000 0.018100 0.030100 0.048800 0.067800 0.048700 0.030300 0.030100 0.024100 0.055600 0.048700 0.060700 0.036600 0.042300 0.018000 0.042300 0.036300 0.041900 0.054800 0.024100 0.080600 0.018000 0.036100 0.024000 0.042900 0.024000 0.000000 0.067100 0.048700 0.030000 0.067400 0.079800 0.030200 0.042300 0.042500 0.042600 0.036300 0.036300 0.061100 0.030100
RoeDeer 0.060900 0.189100 0.073600 0.214900 0.067400 0.067200 0.067500 0.120200 0.073000 0.054300 0.067700 0.060700 0.061100 0.061200 0.073500 0.093100 0.086300 0.067000 0.061300 0.066900 0.067300 0.087400 0.042100 0.041700 0.067700 0.073400 0.061100 0.079400 0.080000 0.079200 0.048100 0.067400 0.092900 0.061100 0.067000 0.054400 0.074300 0.067200 0.067100 0.000000 0.042100 0.060800 0.060500 0.060200 0.060800 0.060800 0.086600 0.086600 0.080000 0.054500 0.079700 0.066900
WhiteLippe 0.061900 0.169000 0.055100 0.208300 0.048900 0.068300 0.049000 0.100900 0.054600 0.036200 0.061900 0.042200 0.042600 0.042800 0.055000 0.074300 0.067600 0.048600 0.055400 0.048500 0.048800 0.081500 0.000000 0.035900 0.061900 0.054900 0.042600 0.060900 0.061300 0.054800 0.030000 0.048900 0.086900 0.042600 0.048600 0.036200 0.068400 0.048700 0.048700 0.042100 0.000000 0.042500 0.042300 0.054400 0.042400 0.054900 0.067800 0.067900 0.061400 0.036200 0.073800 0.048500
ThomsonGaz 0.042700 0.162200 0.042600 0.193200 0.030100 0.048900 0.030200 0.080800 0.042200 0.054900 0.042700 0.036200 0.024000 0.024100 0.036200 0.042500 0.061300 0.042400 0.036400 0.036200 0.030100 0.061800 0.042500 0.054500 0.042700 0.011900 0.024000 0.048400 0.030100 0.042300 0.048600 0.030100 0.080600 0.024000 0.029900 0.030100 0.049000 0.030000 0.030000 0.060800 0.042500 0.000000 0.061100 0.073400 0.036300 0.048500 0.048600 0.048600 0.042400 0.030100 0.061100 0.036200
MuntiacusC 0.087100 0.182600 0.074000 0.214000 0.067600 0.093600 0.067500 0.114000 0.073300 0.005900 0.081000 0.060900 0.061300 0.061300 0.073800 0.093500 0.086600 0.067300 0.074400 0.067200 0.067600 0.101000 0.042300 0.054200 0.081000 0.073700 0.061300 0.079700 0.080300 0.079500 0.011300 0.067500 0.106000 0.061300 0.067300 0.054600 0.087700 0.067500 0.067400 0.060500 0.042300 0.061100 0.000000 0.073000 0.061000 0.073600 0.087000 0.087000 0.080400 0.054600 0.093000 0.067200
WhiteTaile 0.086800 0.188900 0.086300 0.221300 0.080000 0.093300 0.080100 0.133500 0.085600 0.066800 0.093500 0.073200 0.073600 0.073800 0.086200 0.092800 0.086100 0.066900 0.086900 0.079500 0.080000 0.113700 0.054400 0.039300 0.093500 0.086100 0.073600 0.092100 0.079800 0.092200 0.060500 0.067300 0.105700 0.073600 0.066900 0.054300 0.100300 0.079800 0.079800 0.060200 0.054400 0.073400 0.073000 0.000000 0.060700 0.086000 0.099500 0.086400 0.080000 0.066900 0.105500 0.079500
Cattle 0.043000 0.161900 0.048800 0.186100 0.030300 0.049300 0.030400 0.094500 0.036100 0.054800 0.043000 0.024000 0.024200 0.024200 0.036400 0.055300 0.061300 0.042400 0.036700 0.030100 0.030300 0.062200 0.042400 0.054400 0.043000 0.048700 0.024200 0.042300 0.042600 0.036200 0.048500 0.030400 0.080500 0.024200 0.042400 0.005900 0.049400 0.030200 0.030200 0.060800 0.042400 0.036300 0.061000 0.060700 0.000000 0.048800 0.049000 0.049000 0.042600 0.030100 0.067400 0.030100
RoyalAntel 0.055400 0.191000 0.067800 0.224200 0.042500 0.061600 0.042500 0.107100 0.054600 0.067400 0.055300 0.036200 0.036300 0.036400 0.048600 0.067600 0.087000 0.067600 0.048900 0.048600 0.042400 0.074700 0.054900 0.066900 0.055300 0.060900 0.036300 0.061000 0.054800 0.054800 0.061000 0.042500 0.080500 0.036300 0.054600 0.042400 0.061800 0.042400 0.042300 0.060800 0.054900 0.048500 0.073600 0.086000 0.048800 0.000000 0.061300 0.061300 0.054900 0.054900 0.073900 0.048600
Steenbok 0.055600 0.177200 0.068000 0.209500 0.042600 0.061900 0.042700 0.093900 0.054700 0.080600 0.055400 0.048800 0.036400 0.036500 0.048800 0.067700 0.087300 0.067800 0.045000 0.048800 0.030200 0.075000 0.067800 0.080000 0.055400 0.061100 0.036400 0.061200 0.054400 0.055000 0.074100 0.042700 0.107200 0.036400 0.054600 0.042600 0.062100 0.042500 0.042500 0.086600 0.067800 0.048600 0.087000 0.099500 0.049000 0.061300 0.000000 0.061500 0.055100 0.055200 0.087000 0.048800
Impala 0.049200 0.176800 0.055400 0.201900 0.042600 0.055500 0.042700 0.094400 0.042400 0.080600 0.049200 0.048800 0.036500 0.036500 0.048800 0.055100 0.074300 0.055100 0.042800 0.036400 0.042600 0.068500 0.067900 0.079900 0.049200 0.061100 0.036500 0.048700 0.042500 0.042600 0.074100 0.030300 0.093900 0.036500 0.030000 0.042600 0.055600 0.042500 0.042600 0.086600 0.067900 0.048600 0.087000 0.086400 0.049000 0.061300 0.061500 0.000000 0.042600 0.055200 0.074100 0.036400
Klipspring 0.049200 0.184100 0.049000 0.194200 0.036400 0.055400 0.036400 0.087600 0.036200 0.074100 0.049100 0.042500 0.030200 0.030300 0.042500 0.061400 0.080700 0.061400 0.042800 0.030200 0.036300 0.068400 0.061400 0.073500 0.049100 0.054800 0.030200 0.030100 0.048700 0.024100 0.067600 0.036400 0.087400 0.030200 0.036200 0.036300 0.055600 0.036300 0.036300 0.080000 0.061400 0.042400 0.080400 0.080000 0.042600 0.054900 0.055100 0.042600 0.000000 0.048800 0.055000 0.030200
ForestMusk 0.049300 0.154700 0.042600 0.193300 0.036400 0.055500 0.036400 0.087800 0.042200 0.048400 0.049200 0.030100 0.030300 0.030300 0.042600 0.061500 0.054900 0.036200 0.042800 0.036200 0.036400 0.068500 0.036200 0.048200 0.049200 0.042400 0.030300 0.048400 0.048800 0.042300 0.042200 0.036400 0.073800 0.030300 0.036200 0.024000 0.055700 0.036300 0.036300 0.054500 0.036200 0.030100 0.054600 0.066900 0.030100 0.054900 0.055200 0.055200 0.048800 0.000000 0.061100 0.036200
Bushbuck 0.081100 0.183700 0.042500 0.200600 0.067700 0.087500 0.067800 0.100600 0.042100 0.086600 0.068100 0.067300 0.061400 0.061500 0.073900 0.093500 0.093300 0.073800 0.061700 0.036000 0.067600 0.087900 0.073800 0.085900 0.068100 0.073800 0.061400 0.036000 0.080400 0.030000 0.080100 0.067800 0.060900 0.061400 0.054800 0.061000 0.074700 0.067500 0.061100 0.079700 0.073800 0.061100 0.093000 0.105500 0.067400 0.073900 0.087000 0.074100 0.055000 0.061100 0.000000 0.036000
GreaterKud 0.042800 0.154700 0.018000 0.178100 0.030200 0.049100 0.030200 0.081000 0.005900 0.061000 0.030400 0.030000 0.024100 0.024100 0.036300 0.055000 0.067400 0.048500 0.024200 0.000000 0.030200 0.049200 0.048500 0.060500 0.030400 0.048500 0.024100 0.011900 0.042400 0.005900 0.054600 0.030200 0.073900 0.024100 0.030000 0.023900 0.036700 0.030100 0.030100 0.066900 0.048500 0.036200 0.067200 0.079500 0.030100 0.048600 0.048800 0.036400 0.030200 0.036200 0.036000 0.000000
