CODONML (in paml version 4.10.7, June 2023)  /home/rachel/ruminants_paml/6406-phy-tree/ENSBTAT00000027650.fasta.phy
Model: free dN/dS Ratios for branches,  kappa = 2.000 fixed

Codon frequency model: F3x4
ns =  54  ls =  69

Codon usage in sequences
--------------------------------------------------------------------------------------------------------------------------------------
Phe TTT   3   3   3   3   3   3 | Ser TCT   0   0   0   0   0   0 | Tyr TAT   1   0   1   1   1   1 | Cys TGT   7   7   7   7   6   7
    TTC   0   0   0   0   0   0 |     TCC   0   0   0   0   0   0 |     TAC   1   2   1   1   1   1 |     TGC   3   3   3   3   4   3
Leu TTA   0   0   0   0   0   0 |     TCA   2   2   2   2   2   2 | *** TAA   0   0   0   0   0   0 | *** TGA   0   0   0   0   0   0
    TTG   0   0   0   0   0   0 |     TCG   0   0   0   0   0   0 |     TAG   0   0   0   0   0   0 | Trp TGG   0   0   0   0   0   0
--------------------------------------------------------------------------------------------------------------------------------------
Leu CTT   0   0   0   0   0   0 | Pro CCT   3   4   3   3   3   3 | His CAT   1   1   1   1   1   1 | Arg CGT   1   1   1   1   1   1
    CTC   0   0   0   0   0   0 |     CCC   1   0   1   1   0   1 |     CAC   0   0   0   0   0   0 |     CGC   0   0   0   0   0   0
    CTA   0   0   0   0   0   0 |     CCA   1   0   1   1   1   1 | Gln CAA   4   5   4   4   4   4 |     CGA   0   1   0   0   0   0
    CTG   0   0   0   0   0   0 |     CCG   0   1   0   0   1   0 |     CAG   4   3   4   4   4   4 |     CGG   1   0   1   1   1   1
--------------------------------------------------------------------------------------------------------------------------------------
Ile ATT   3   3   3   3   3   3 | Thr ACT   2   2   2   2   1   2 | Asn AAT   1   1   2   1   1   1 | Ser AGT   0   0   0   0   0   0
    ATC   0   0   0   0   0   0 |     ACC   0   0   0   1   1   1 |     AAC   1   1   0   1   1   1 |     AGC   0   0   0   0   0   0
    ATA   1   1   1   1   1   1 |     ACA   2   2   2   1   2   1 | Lys AAA   4   5   4   4   4   4 | Arg AGA   3   3   3   3   3   3
Met ATG   0   0   0   0   0   0 |     ACG   0   0   0   0   0   0 |     AAG   4   3   4   4   4   4 |     AGG   0   0   0   0   0   0
--------------------------------------------------------------------------------------------------------------------------------------
Val GTT   0   0   0   0   0   0 | Ala GCT   1   1   0   1   1   1 | Asp GAT   1   1   1   1   1   1 | Gly GGT   1   1   1   1   1   1
    GTC   0   0   0   0   0   0 |     GCC   0   0   0   0   0   0 |     GAC   0   0   0   0   0   0 |     GGC   0   0   0   0   0   0
    GTA   1   1   1   1   1   1 |     GCA   1   2   1   2   2   2 | Glu GAA   4   5   4   4   5   5 |     GGA   2   2   2   2   2   2
    GTG   0   0   0   0   0   0 |     GCG   1   0   2   0   0   0 |     GAG   3   2   3   3   2   2 |     GGG   0   0   0   0   0   0
--------------------------------------------------------------------------------------------------------------------------------------

--------------------------------------------------------------------------------------------------------------------------------------
Phe TTT   3   3   3   3   3   3 | Ser TCT   0   0   0   0   0   0 | Tyr TAT   1   1   1   1   1   1 | Cys TGT   7   7   7   7   7   7
    TTC   0   0   0   0   0   0 |     TCC   0   0   0   0   0   0 |     TAC   1   1   1   1   1   1 |     TGC   3   3   3   3   3   3
Leu TTA   0   0   0   0   0   0 |     TCA   2   2   2   2   2   2 | *** TAA   0   0   0   0   0   0 | *** TGA   0   0   0   0   0   0
    TTG   0   0   0   0   0   0 |     TCG   0   0   0   0   0   0 |     TAG   0   0   0   0   0   0 | Trp TGG   0   0   0   0   0   0
--------------------------------------------------------------------------------------------------------------------------------------
Leu CTT   0   0   0   0   0   0 | Pro CCT   3   3   3   3   3   3 | His CAT   1   1   1   1   1   1 | Arg CGT   1   1   1   1   1   1
    CTC   0   0   0   0   0   0 |     CCC   1   1   1   1   1   1 |     CAC   0   0   0   0   0   0 |     CGC   0   0   0   0   0   0
    CTA   0   0   0   0   0   0 |     CCA   1   1   1   1   1   1 | Gln CAA   4   4   4   4   3   5 |     CGA   0   0   0   0   0   0
    CTG   0   0   0   0   0   0 |     CCG   0   0   0   0   0   0 |     CAG   4   4   4   4   5   3 |     CGG   1   1   1   1   1   1
--------------------------------------------------------------------------------------------------------------------------------------
Ile ATT   3   3   3   3   3   3 | Thr ACT   2   2   2   2   2   2 | Asn AAT   1   1   1   1   2   2 | Ser AGT   0   0   0   0   0   0
    ATC   0   0   0   0   0   0 |     ACC   0   0   0   0   0   0 |     AAC   1   1   1   1   0   0 |     AGC   0   0   0   0   0   0
    ATA   1   1   1   1   1   1 |     ACA   2   2   2   2   2   2 | Lys AAA   4   4   4   4   5   4 | Arg AGA   3   3   3   3   3   3
Met ATG   0   0   0   0   0   0 |     ACG   0   0   0   0   0   0 |     AAG   4   4   4   4   3   4 |     AGG   0   0   0   0   0   0
--------------------------------------------------------------------------------------------------------------------------------------
Val GTT   0   0   0   0   0   0 | Ala GCT   1   1   1   1   0   1 | Asp GAT   1   1   1   1   1   1 | Gly GGT   1   1   1   1   1   1
    GTC   0   0   0   0   0   0 |     GCC   0   0   0   0   0   0 |     GAC   0   0   0   0   0   0 |     GGC   0   0   0   0   0   0
    GTA   1   1   1   1   1   1 |     GCA   2   1   1   2   1   2 | Glu GAA   4   4   4   4   4   4 |     GGA   2   2   2   2   2   2
    GTG   0   0   0   0   0   0 |     GCG   0   1   1   0   2   0 |     GAG   3   3   3   3   3   3 |     GGG   0   0   0   0   0   0
--------------------------------------------------------------------------------------------------------------------------------------

--------------------------------------------------------------------------------------------------------------------------------------
Phe TTT   3   3   3   3   3   3 | Ser TCT   0   0   0   0   0   0 | Tyr TAT   2   1   1   1   1   1 | Cys TGT   7   7   7   8   7   7
    TTC   0   0   0   0   0   0 |     TCC   0   0   0   0   0   0 |     TAC   0   1   1   1   1   1 |     TGC   3   3   3   2   3   3
Leu TTA   0   0   0   0   0   0 |     TCA   2   2   2   2   2   2 | *** TAA   0   0   0   0   0   0 | *** TGA   0   0   0   0   0   0
    TTG   0   0   0   0   0   0 |     TCG   0   0   0   0   0   0 |     TAG   0   0   0   0   0   0 | Trp TGG   0   0   0   0   0   0
--------------------------------------------------------------------------------------------------------------------------------------
Leu CTT   0   0   0   0   0   0 | Pro CCT   3   2   3   3   3   3 | His CAT   1   1   1   1   1   1 | Arg CGT   1   1   1   1   1   1
    CTC   0   0   0   0   0   0 |     CCC   1   1   1   1   1   1 |     CAC   0   0   0   0   0   0 |     CGC   0   0   0   0   0   0
    CTA   0   0   0   0   0   0 |     CCA   1   2   1   1   0   1 | Gln CAA   4   4   4   4   4   4 |     CGA   0   0   0   0   0   0
    CTG   0   0   0   0   0   0 |     CCG   0   0   0   0   1   0 |     CAG   4   4   4   4   4   4 |     CGG   1   1   1   1   1   1
--------------------------------------------------------------------------------------------------------------------------------------
Ile ATT   3   3   3   3   3   3 | Thr ACT   2   2   2   2   2   2 | Asn AAT   1   1   1   1   1   1 | Ser AGT   0   0   0   0   0   0
    ATC   0   0   0   0   0   0 |     ACC   0   0   0   0   0   0 |     AAC   1   1   1   1   1   1 |     AGC   0   0   0   0   0   0
    ATA   1   1   1   1   1   1 |     ACA   2   2   2   2   2   2 | Lys AAA   4   4   4   4   4   4 | Arg AGA   3   3   3   3   3   3
Met ATG   0   0   0   0   0   0 |     ACG   0   0   0   0   0   0 |     AAG   4   4   4   4   4   4 |     AGG   0   0   0   0   0   0
--------------------------------------------------------------------------------------------------------------------------------------
Val GTT   0   0   0   0   0   0 | Ala GCT   1   1   1   1   1   1 | Asp GAT   1   1   1   1   1   1 | Gly GGT   1   1   1   1   1   1
    GTC   0   0   0   0   0   0 |     GCC   0   0   0   0   0   0 |     GAC   0   0   0   0   0   0 |     GGC   0   0   0   0   0   0
    GTA   1   1   1   1   1   1 |     GCA   1   2   2   1   2   1 | Glu GAA   4   4   4   4   4   4 |     GGA   2   2   2   2   2   2
    GTG   0   0   0   0   0   0 |     GCG   1   0   0   1   0   1 |     GAG   3   3   3   3   3   3 |     GGG   0   0   0   0   0   0
--------------------------------------------------------------------------------------------------------------------------------------

--------------------------------------------------------------------------------------------------------------------------------------
Phe TTT   3   3   3   3   3   3 | Ser TCT   0   0   0   0   0   0 | Tyr TAT   1   1   1   1   1   1 | Cys TGT   7   7   7   7   7   7
    TTC   0   0   0   0   0   0 |     TCC   0   0   0   0   0   0 |     TAC   1   1   1   1   1   1 |     TGC   3   3   3   3   3   3
Leu TTA   0   0   0   0   0   0 |     TCA   2   2   2   2   2   2 | *** TAA   0   0   0   0   0   0 | *** TGA   0   0   0   0   0   0
    TTG   0   0   0   0   0   0 |     TCG   0   0   0   0   0   0 |     TAG   0   0   0   0   0   0 | Trp TGG   0   0   0   0   0   0
--------------------------------------------------------------------------------------------------------------------------------------
Leu CTT   0   0   0   0   0   0 | Pro CCT   4   3   3   3   3   3 | His CAT   1   1   1   1   1   1 | Arg CGT   1   1   1   1   1   1
    CTC   0   0   0   0   0   0 |     CCC   0   1   1   1   1   1 |     CAC   0   0   0   0   0   0 |     CGC   0   0   0   0   0   0
    CTA   0   0   0   0   0   0 |     CCA   1   1   1   1   1   1 | Gln CAA   4   4   4   4   4   3 |     CGA   0   0   0   0   0   0
    CTG   0   0   0   0   0   0 |     CCG   0   0   0   0   0   0 |     CAG   4   4   4   4   4   5 |     CGG   1   1   1   1   1   1
--------------------------------------------------------------------------------------------------------------------------------------
Ile ATT   3   3   3   3   3   3 | Thr ACT   2   2   2   2   2   2 | Asn AAT   1   1   1   2   1   1 | Ser AGT   0   0   0   0   0   0
    ATC   0   0   0   0   0   0 |     ACC   0   0   0   0   0   0 |     AAC   1   1   1   0   1   1 |     AGC   0   0   0   0   0   0
    ATA   1   1   1   1   1   1 |     ACA   2   2   2   2   2   2 | Lys AAA   4   4   4   5   4   4 | Arg AGA   3   3   3   3   3   3
Met ATG   0   0   0   0   0   0 |     ACG   0   0   0   0   0   0 |     AAG   4   4   4   3   4   4 |     AGG   0   0   0   0   0   0
--------------------------------------------------------------------------------------------------------------------------------------
Val GTT   0   0   0   0   0   0 | Ala GCT   1   1   1   0   1   1 | Asp GAT   1   1   1   1   1   1 | Gly GGT   1   1   1   1   1   1
    GTC   0   0   0   0   0   0 |     GCC   0   0   0   0   0   0 |     GAC   0   0   0   0   0   0 |     GGC   0   0   0   0   0   0
    GTA   1   1   1   1   1   1 |     GCA   1   1   1   1   1   1 | Glu GAA   5   5   4   4   4   4 |     GGA   2   2   2   2   2   2
    GTG   0   0   0   0   0   0 |     GCG   1   1   1   2   1   1 |     GAG   2   2   3   3   3   3 |     GGG   0   0   0   0   0   0
--------------------------------------------------------------------------------------------------------------------------------------

--------------------------------------------------------------------------------------------------------------------------------------
Phe TTT   3   3   3   3   3   3 | Ser TCT   0   0   0   0   0   0 | Tyr TAT   1   1   2   0   1   1 | Cys TGT   7   7   7   7   7   7
    TTC   0   0   0   0   0   0 |     TCC   0   0   0   0   0   0 |     TAC   1   1   0   2   1   1 |     TGC   3   3   3   3   3   3
Leu TTA   0   0   0   0   0   0 |     TCA   2   2   2   2   2   2 | *** TAA   0   0   0   0   0   0 | *** TGA   0   0   0   0   0   0
    TTG   0   0   0   0   0   0 |     TCG   0   0   0   0   0   0 |     TAG   0   0   0   0   0   0 | Trp TGG   0   0   0   0   0   0
--------------------------------------------------------------------------------------------------------------------------------------
Leu CTT   0   0   0   0   0   0 | Pro CCT   3   3   3   3   3   3 | His CAT   1   1   1   1   1   1 | Arg CGT   1   1   1   1   1   1
    CTC   0   0   0   0   0   0 |     CCC   1   1   1   1   1   1 |     CAC   0   0   0   0   0   0 |     CGC   0   0   0   0   0   0
    CTA   0   0   0   0   0   0 |     CCA   1   1   1   1   1   1 | Gln CAA   4   4   4   4   4   4 |     CGA   0   0   0   0   0   0
    CTG   0   0   0   0   0   0 |     CCG   0   0   0   0   0   0 |     CAG   4   4   4   4   4   4 |     CGG   1   1   1   1   1   1
--------------------------------------------------------------------------------------------------------------------------------------
Ile ATT   3   3   3   3   3   3 | Thr ACT   2   2   2   2   2   2 | Asn AAT   1   1   1   1   1   2 | Ser AGT   0   0   0   0   0   0
    ATC   0   0   0   0   0   0 |     ACC   0   0   0   0   0   0 |     AAC   1   1   1   1   1   0 |     AGC   0   0   0   0   0   0
    ATA   1   1   1   1   1   1 |     ACA   2   2   2   2   2   2 | Lys AAA   4   4   4   4   4   5 | Arg AGA   3   3   3   3   3   3
Met ATG   0   0   0   0   0   0 |     ACG   0   0   0   0   0   0 |     AAG   4   4   4   4   4   3 |     AGG   0   0   0   0   0   0
--------------------------------------------------------------------------------------------------------------------------------------
Val GTT   0   0   0   0   0   0 | Ala GCT   1   1   1   1   1   0 | Asp GAT   1   1   1   1   1   1 | Gly GGT   1   1   1   1   1   1
    GTC   0   0   0   0   0   0 |     GCC   0   0   0   0   0   0 |     GAC   0   0   0   0   0   0 |     GGC   0   0   0   0   0   0
    GTA   1   1   1   1   1   1 |     GCA   2   2   1   1   2   1 | Glu GAA   5   5   4   4   4   4 |     GGA   2   2   2   2   2   2
    GTG   0   0   0   0   0   0 |     GCG   0   0   1   1   0   2 |     GAG   2   2   3   3   3   3 |     GGG   0   0   0   0   0   0
--------------------------------------------------------------------------------------------------------------------------------------

--------------------------------------------------------------------------------------------------------------------------------------
Phe TTT   3   3   3   3   3   3 | Ser TCT   0   0   0   0   0   0 | Tyr TAT   1   1   1   1   1   1 | Cys TGT   7   7   7   7   7   7
    TTC   0   0   0   0   0   0 |     TCC   0   0   0   0   0   0 |     TAC   1   1   1   1   1   1 |     TGC   3   3   3   3   3   3
Leu TTA   0   0   0   0   0   0 |     TCA   2   2   2   2   2   2 | *** TAA   0   0   0   0   0   0 | *** TGA   0   0   0   0   0   0
    TTG   0   0   0   0   0   0 |     TCG   0   0   0   0   0   0 |     TAG   0   0   0   0   0   0 | Trp TGG   0   0   0   0   0   0
--------------------------------------------------------------------------------------------------------------------------------------
Leu CTT   0   0   0   0   0   0 | Pro CCT   3   3   3   3   3   3 | His CAT   1   1   1   1   1   1 | Arg CGT   1   1   1   1   1   1
    CTC   0   0   0   0   0   0 |     CCC   1   1   1   1   1   1 |     CAC   0   0   0   0   0   0 |     CGC   0   0   0   0   0   0
    CTA   0   0   0   0   0   0 |     CCA   1   1   1   1   1   1 | Gln CAA   4   4   5   4   4   4 |     CGA   0   0   0   0   0   0
    CTG   0   0   0   0   0   0 |     CCG   0   0   0   0   0   0 |     CAG   4   4   3   4   4   4 |     CGG   1   1   1   1   1   1
--------------------------------------------------------------------------------------------------------------------------------------
Ile ATT   3   3   3   3   3   3 | Thr ACT   2   2   2   2   2   2 | Asn AAT   1   2   1   1   1   1 | Ser AGT   0   0   0   0   0   0
    ATC   0   0   0   0   0   0 |     ACC   0   0   0   0   0   0 |     AAC   1   0   1   1   1   1 |     AGC   0   0   0   0   0   0
    ATA   1   1   1   1   1   1 |     ACA   2   2   2   2   2   2 | Lys AAA   5   4   4   4   4   4 | Arg AGA   3   3   3   3   3   3
Met ATG   0   0   0   0   0   0 |     ACG   0   0   0   0   0   0 |     AAG   3   4   4   4   4   4 |     AGG   0   0   0   0   0   0
--------------------------------------------------------------------------------------------------------------------------------------
Val GTT   0   0   0   0   0   0 | Ala GCT   1   0   1   1   1   1 | Asp GAT   1   1   1   1   1   1 | Gly GGT   1   1   1   1   1   1
    GTC   0   0   0   0   0   0 |     GCC   0   0   0   0   0   0 |     GAC   0   0   0   0   0   0 |     GGC   0   0   0   0   0   0
    GTA   1   1   1   1   1   1 |     GCA   1   1   2   1   1   2 | Glu GAA   4   4   4   4   4   4 |     GGA   2   2   2   2   2   2
    GTG   0   0   0   0   0   0 |     GCG   1   2   0   1   1   0 |     GAG   3   3   3   3   3   3 |     GGG   0   0   0   0   0   0
--------------------------------------------------------------------------------------------------------------------------------------

--------------------------------------------------------------------------------------------------------------------------------------
Phe TTT   3   3   3   3   3   3 | Ser TCT   0   0   0   0   0   0 | Tyr TAT   1   1   1   1   0   1 | Cys TGT   7   7   7   7   7   7
    TTC   0   0   0   0   0   0 |     TCC   0   0   0   0   0   0 |     TAC   1   1   1   1   2   1 |     TGC   3   3   3   3   3   3
Leu TTA   0   0   0   0   0   0 |     TCA   2   2   2   2   2   2 | *** TAA   0   0   0   0   0   0 | *** TGA   0   0   0   0   0   0
    TTG   0   0   0   0   0   0 |     TCG   0   0   0   0   0   0 |     TAG   0   0   0   0   0   0 | Trp TGG   0   0   0   0   0   0
--------------------------------------------------------------------------------------------------------------------------------------
Leu CTT   0   0   0   0   0   0 | Pro CCT   3   2   3   3   3   3 | His CAT   1   1   1   1   1   1 | Arg CGT   1   1   1   1   1   1
    CTC   0   0   0   0   0   0 |     CCC   1   1   1   1   1   1 |     CAC   0   0   0   0   0   0 |     CGC   0   0   0   0   0   0
    CTA   0   0   0   0   0   0 |     CCA   1   2   1   1   1   1 | Gln CAA   4   4   4   4   4   4 |     CGA   0   0   0   0   0   0
    CTG   0   0   0   0   0   0 |     CCG   0   0   0   0   0   0 |     CAG   4   4   4   4   4   4 |     CGG   1   1   1   1   1   1
--------------------------------------------------------------------------------------------------------------------------------------
Ile ATT   3   3   3   3   3   3 | Thr ACT   2   2   2   2   2   2 | Asn AAT   1   1   1   1   1   1 | Ser AGT   0   0   0   0   0   0
    ATC   0   0   0   0   0   0 |     ACC   0   0   0   0   0   0 |     AAC   1   1   1   1   1   1 |     AGC   0   0   0   0   0   0
    ATA   1   1   1   1   1   1 |     ACA   2   2   2   2   2   2 | Lys AAA   5   4   4   4   4   4 | Arg AGA   3   3   3   3   3   3
Met ATG   0   0   0   0   0   0 |     ACG   0   0   0   0   0   0 |     AAG   3   4   4   4   4   4 |     AGG   0   0   0   0   0   0
--------------------------------------------------------------------------------------------------------------------------------------
Val GTT   0   0   0   0   0   0 | Ala GCT   1   1   1   1   1   1 | Asp GAT   1   1   1   1   1   1 | Gly GGT   1   1   1   1   1   1
    GTC   0   0   0   0   0   0 |     GCC   0   0   0   0   0   0 |     GAC   0   0   0   0   0   0 |     GGC   0   0   0   0   0   0
    GTA   1   1   1   1   1   1 |     GCA   1   1   1   2   1   2 | Glu GAA   4   4   4   4   4   5 |     GGA   2   2   2   2   2   2
    GTG   0   0   0   0   0   0 |     GCG   1   1   1   0   1   0 |     GAG   3   3   3   3   3   2 |     GGG   0   0   0   0   0   0
--------------------------------------------------------------------------------------------------------------------------------------

--------------------------------------------------------------------------------------------------------------------------------------
Phe TTT   3   3   3   3   3   3 | Ser TCT   0   0   0   0   0   0 | Tyr TAT   1   1   1   1   1   1 | Cys TGT   7   7   7   7   7   7
    TTC   0   0   0   0   0   0 |     TCC   0   0   0   0   0   0 |     TAC   1   1   1   1   1   1 |     TGC   3   3   3   3   3   3
Leu TTA   0   0   0   0   0   0 |     TCA   2   2   2   2   2   2 | *** TAA   0   0   0   0   0   0 | *** TGA   0   0   0   0   0   0
    TTG   0   0   0   0   0   0 |     TCG   0   0   0   0   0   0 |     TAG   0   0   0   0   0   0 | Trp TGG   0   0   0   0   0   0
--------------------------------------------------------------------------------------------------------------------------------------
Leu CTT   0   0   0   0   0   0 | Pro CCT   3   3   3   3   2   3 | His CAT   1   1   1   1   1   1 | Arg CGT   1   1   1   1   1   1
    CTC   0   0   0   0   0   0 |     CCC   1   1   1   1   1   1 |     CAC   0   0   0   0   0   0 |     CGC   0   0   0   0   0   0
    CTA   0   0   0   0   0   0 |     CCA   1   1   1   1   2   1 | Gln CAA   4   4   5   4   4   4 |     CGA   0   0   0   0   0   0
    CTG   0   0   0   0   0   0 |     CCG   0   0   0   0   0   0 |     CAG   4   4   3   4   4   4 |     CGG   1   1   1   1   1   1
--------------------------------------------------------------------------------------------------------------------------------------
Ile ATT   3   3   3   3   3   3 | Thr ACT   2   2   2   2   2   2 | Asn AAT   1   1   1   1   1   1 | Ser AGT   0   0   0   0   0   0
    ATC   0   0   0   0   0   0 |     ACC   0   0   0   0   0   0 |     AAC   1   1   1   1   1   1 |     AGC   0   0   0   0   0   0
    ATA   1   1   1   1   1   1 |     ACA   2   2   2   2   2   2 | Lys AAA   4   4   4   4   4   4 | Arg AGA   3   3   3   3   3   3
Met ATG   0   0   0   0   0   0 |     ACG   0   0   0   0   0   0 |     AAG   4   4   4   4   4   4 |     AGG   0   0   0   0   0   0
--------------------------------------------------------------------------------------------------------------------------------------
Val GTT   0   0   0   0   0   0 | Ala GCT   1   1   1   1   1   1 | Asp GAT   1   1   1   1   1   1 | Gly GGT   1   1   1   1   1   1
    GTC   0   0   0   0   0   0 |     GCC   0   0   0   0   0   0 |     GAC   0   0   0   0   0   0 |     GGC   0   0   0   0   0   0
    GTA   1   1   1   1   1   1 |     GCA   2   1   2   2   1   1 | Glu GAA   5   4   4   5   4   4 |     GGA   2   2   2   2   2   2
    GTG   0   0   0   0   0   0 |     GCG   0   1   0   0   1   1 |     GAG   2   3   3   2   3   3 |     GGG   0   0   0   0   0   0
--------------------------------------------------------------------------------------------------------------------------------------

--------------------------------------------------------------------------------------------------------------------------------------
Phe TTT   3   3   3   3   3   3 | Ser TCT   0   0   0   0   0   0 | Tyr TAT   1   1   1   1   1   1 | Cys TGT   7   7   7   7   7   7
    TTC   0   0   0   0   0   0 |     TCC   0   0   0   0   0   0 |     TAC   1   1   1   1   1   1 |     TGC   3   3   3   3   3   3
Leu TTA   0   0   0   0   0   0 |     TCA   2   2   2   2   2   2 | *** TAA   0   0   0   0   0   0 | *** TGA   0   0   0   0   0   0
    TTG   0   0   0   0   0   0 |     TCG   0   0   0   0   0   0 |     TAG   0   0   0   0   0   0 | Trp TGG   0   0   0   0   0   0
--------------------------------------------------------------------------------------------------------------------------------------
Leu CTT   0   0   0   0   0   0 | Pro CCT   3   3   3   3   3   3 | His CAT   1   1   1   1   1   1 | Arg CGT   1   1   1   1   1   1
    CTC   0   0   0   0   0   0 |     CCC   1   1   1   1   1   1 |     CAC   0   0   0   0   0   0 |     CGC   0   0   0   0   0   0
    CTA   0   0   0   0   0   0 |     CCA   1   1   1   1   1   1 | Gln CAA   4   4   4   3   4   4 |     CGA   0   0   0   0   0   0
    CTG   0   0   0   0   0   0 |     CCG   0   0   0   0   0   0 |     CAG   4   4   4   5   4   4 |     CGG   1   1   1   1   1   1
--------------------------------------------------------------------------------------------------------------------------------------
Ile ATT   3   3   3   3   3   3 | Thr ACT   2   2   2   2   2   2 | Asn AAT   1   1   1   1   2   2 | Ser AGT   0   0   0   0   0   0
    ATC   0   0   0   0   0   0 |     ACC   0   0   0   1   0   0 |     AAC   1   1   1   1   0   0 |     AGC   0   0   0   0   0   0
    ATA   1   1   1   1   1   1 |     ACA   2   2   2   1   2   2 | Lys AAA   4   4   4   4   4   4 | Arg AGA   3   3   3   3   3   3
Met ATG   0   0   0   0   0   0 |     ACG   0   0   0   0   0   0 |     AAG   4   4   4   4   4   4 |     AGG   0   0   0   0   0   0
--------------------------------------------------------------------------------------------------------------------------------------
Val GTT   0   0   1   0   0   0 | Ala GCT   1   1   1   1   0   1 | Asp GAT   1   1   1   1   1   1 | Gly GGT   1   1   1   1   1   1
    GTC   0   0   0   0   0   0 |     GCC   0   0   0   0   0   0 |     GAC   0   0   0   0   0   0 |     GGC   0   0   0   0   0   0
    GTA   1   1   0   1   1   1 |     GCA   1   1   1   2   1   1 | Glu GAA   4   4   4   4   4   4 |     GGA   2   2   2   2   2   2
    GTG   0   0   0   0   0   0 |     GCG   1   1   1   0   2   1 |     GAG   3   3   3   3   3   3 |     GGG   0   0   0   0   0   0
--------------------------------------------------------------------------------------------------------------------------------------

Codon position x base (3x4) table for each sequence.

#1: Argali         
position  1:    T:0.24638    C:0.23188    A:0.30435    G:0.21739
position  2:    T:0.11594    C:0.20290    A:0.42029    G:0.26087
position  3:    T:0.36232    C:0.08696    A:0.36232    G:0.18841
Average         T:0.24155    C:0.17391    A:0.36232    G:0.22222

#2: LesserMouseDeer
position  1:    T:0.24638    C:0.23188    A:0.30435    G:0.21739
position  2:    T:0.11594    C:0.20290    A:0.42029    G:0.26087
position  3:    T:0.36232    C:0.08696    A:0.42029    G:0.13043
Average         T:0.24155    C:0.17391    A:0.38164    G:0.20290

#3: LesserKudu     
position  1:    T:0.24638    C:0.23188    A:0.30435    G:0.21739
position  2:    T:0.11594    C:0.20290    A:0.42029    G:0.26087
position  3:    T:0.36232    C:0.07246    A:0.36232    G:0.20290
Average         T:0.24155    C:0.16908    A:0.36232    G:0.22705

#4: ForestMuskDeer2
position  1:    T:0.24638    C:0.23188    A:0.30435    G:0.21739
position  2:    T:0.11594    C:0.20290    A:0.42029    G:0.26087
position  3:    T:0.36232    C:0.10145    A:0.36232    G:0.17391
Average         T:0.24155    C:0.17874    A:0.36232    G:0.21739

#5: Camel          
position  1:    T:0.24638    C:0.23188    A:0.30435    G:0.21739
position  2:    T:0.11594    C:0.20290    A:0.42029    G:0.26087
position  3:    T:0.33333    C:0.10145    A:0.39130    G:0.17391
Average         T:0.23188    C:0.17874    A:0.37198    G:0.21739

#6: KillerWhale    
position  1:    T:0.24638    C:0.23188    A:0.30435    G:0.21739
position  2:    T:0.11594    C:0.20290    A:0.42029    G:0.26087
position  3:    T:0.36232    C:0.10145    A:0.37681    G:0.15942
Average         T:0.24155    C:0.17874    A:0.36715    G:0.21256

#7: DefassaWaterbuck
position  1:    T:0.24638    C:0.23188    A:0.30435    G:0.21739
position  2:    T:0.11594    C:0.20290    A:0.42029    G:0.26087
position  3:    T:0.36232    C:0.08696    A:0.37681    G:0.17391
Average         T:0.24155    C:0.17391    A:0.36715    G:0.21739

#8: Sheep          
position  1:    T:0.24638    C:0.23188    A:0.30435    G:0.21739
position  2:    T:0.11594    C:0.20290    A:0.42029    G:0.26087
position  3:    T:0.36232    C:0.08696    A:0.36232    G:0.18841
Average         T:0.24155    C:0.17391    A:0.36232    G:0.22222

#9: MaxwellsDuiker 
position  1:    T:0.24638    C:0.23188    A:0.30435    G:0.21739
position  2:    T:0.11594    C:0.20290    A:0.42029    G:0.26087
position  3:    T:0.36232    C:0.08696    A:0.36232    G:0.18841
Average         T:0.24155    C:0.17391    A:0.36232    G:0.22222

#10: GazellaPrzewalskyi
position  1:    T:0.24638    C:0.23188    A:0.30435    G:0.21739
position  2:    T:0.11594    C:0.20290    A:0.42029    G:0.26087
position  3:    T:0.36232    C:0.08696    A:0.37681    G:0.17391
Average         T:0.24155    C:0.17391    A:0.36715    G:0.21739

#11: MountainNyala  
position  1:    T:0.24638    C:0.23188    A:0.30435    G:0.21739
position  2:    T:0.11594    C:0.20290    A:0.42029    G:0.26087
position  3:    T:0.36232    C:0.07246    A:0.36232    G:0.20290
Average         T:0.24155    C:0.16908    A:0.36232    G:0.22705

#12: MuntiacusMuntjak
position  1:    T:0.24638    C:0.23188    A:0.30435    G:0.21739
position  2:    T:0.11594    C:0.20290    A:0.42029    G:0.26087
position  3:    T:0.37681    C:0.07246    A:0.39130    G:0.15942
Average         T:0.24638    C:0.16908    A:0.37198    G:0.21256

#13: goat           
position  1:    T:0.24638    C:0.23188    A:0.30435    G:0.21739
position  2:    T:0.11594    C:0.20290    A:0.42029    G:0.26087
position  3:    T:0.37681    C:0.07246    A:0.36232    G:0.18841
Average         T:0.24638    C:0.16908    A:0.36232    G:0.22222

#14: AfricanBuffalo 
position  1:    T:0.24638    C:0.23188    A:0.30435    G:0.21739
position  2:    T:0.11594    C:0.20290    A:0.42029    G:0.26087
position  3:    T:0.34783    C:0.08696    A:0.39130    G:0.17391
Average         T:0.23671    C:0.17391    A:0.37198    G:0.21739

#15: Topi           
position  1:    T:0.24638    C:0.23188    A:0.30435    G:0.21739
position  2:    T:0.11594    C:0.20290    A:0.42029    G:0.26087
position  3:    T:0.36232    C:0.08696    A:0.37681    G:0.17391
Average         T:0.24155    C:0.17391    A:0.36715    G:0.21739

#16: CommonDuiker   
position  1:    T:0.24638    C:0.23188    A:0.30435    G:0.21739
position  2:    T:0.11594    C:0.20290    A:0.42029    G:0.26087
position  3:    T:0.37681    C:0.07246    A:0.36232    G:0.18841
Average         T:0.24638    C:0.16908    A:0.36232    G:0.22222

#17: Suni           
position  1:    T:0.24638    C:0.23188    A:0.30435    G:0.21739
position  2:    T:0.11594    C:0.20290    A:0.42029    G:0.26087
position  3:    T:0.36232    C:0.08696    A:0.36232    G:0.18841
Average         T:0.24155    C:0.17391    A:0.36232    G:0.22222

#18: Springbuck     
position  1:    T:0.24638    C:0.23188    A:0.30435    G:0.21739
position  2:    T:0.11594    C:0.20290    A:0.42029    G:0.26087
position  3:    T:0.36232    C:0.08696    A:0.36232    G:0.18841
Average         T:0.24155    C:0.17391    A:0.36232    G:0.22222

#19: Okapi          
position  1:    T:0.24638    C:0.23188    A:0.30435    G:0.21739
position  2:    T:0.11594    C:0.20290    A:0.42029    G:0.26087
position  3:    T:0.37681    C:0.07246    A:0.37681    G:0.17391
Average         T:0.24638    C:0.16908    A:0.36715    G:0.21739

#20: Giraffe        
position  1:    T:0.24638    C:0.23188    A:0.30435    G:0.21739
position  2:    T:0.11594    C:0.20290    A:0.42029    G:0.26087
position  3:    T:0.36232    C:0.08696    A:0.37681    G:0.17391
Average         T:0.24155    C:0.17391    A:0.36715    G:0.21739

#21: TibetanAntelope
position  1:    T:0.24638    C:0.23188    A:0.30435    G:0.21739
position  2:    T:0.11594    C:0.20290    A:0.42029    G:0.26087
position  3:    T:0.36232    C:0.08696    A:0.36232    G:0.18841
Average         T:0.24155    C:0.17391    A:0.36232    G:0.22222

#22: Sitatunga      
position  1:    T:0.24638    C:0.23188    A:0.30435    G:0.21739
position  2:    T:0.11594    C:0.20290    A:0.42029    G:0.26087
position  3:    T:0.36232    C:0.07246    A:0.37681    G:0.18841
Average         T:0.24155    C:0.16908    A:0.36715    G:0.22222

#23: Oribi          
position  1:    T:0.24638    C:0.23188    A:0.30435    G:0.21739
position  2:    T:0.11594    C:0.20290    A:0.42029    G:0.26087
position  3:    T:0.36232    C:0.08696    A:0.36232    G:0.18841
Average         T:0.24155    C:0.17391    A:0.36232    G:0.22222

#24: BarbarySheep   
position  1:    T:0.24638    C:0.23188    A:0.30435    G:0.21739
position  2:    T:0.11594    C:0.20290    A:0.42029    G:0.26087
position  3:    T:0.36232    C:0.08696    A:0.34783    G:0.20290
Average         T:0.24155    C:0.17391    A:0.35749    G:0.22705

#25: Daviddeer      
position  1:    T:0.24638    C:0.23188    A:0.30435    G:0.21739
position  2:    T:0.11594    C:0.20290    A:0.42029    G:0.26087
position  3:    T:0.36232    C:0.08696    A:0.39130    G:0.15942
Average         T:0.24155    C:0.17391    A:0.37198    G:0.21256

#26: Reindeer       
position  1:    T:0.24638    C:0.23188    A:0.30435    G:0.21739
position  2:    T:0.11594    C:0.20290    A:0.42029    G:0.26087
position  3:    T:0.36232    C:0.08696    A:0.39130    G:0.15942
Average         T:0.24155    C:0.17391    A:0.37198    G:0.21256

#27: Ibex           
position  1:    T:0.24638    C:0.23188    A:0.30435    G:0.21739
position  2:    T:0.11594    C:0.20290    A:0.42029    G:0.26087
position  3:    T:0.37681    C:0.07246    A:0.36232    G:0.18841
Average         T:0.24638    C:0.16908    A:0.36232    G:0.22222

#28: GyrantGazelle  
position  1:    T:0.24638    C:0.23188    A:0.30435    G:0.21739
position  2:    T:0.11594    C:0.20290    A:0.42029    G:0.26087
position  3:    T:0.34783    C:0.10145    A:0.36232    G:0.18841
Average         T:0.23671    C:0.17874    A:0.36232    G:0.22222

#29: Hartebeest     
position  1:    T:0.24638    C:0.23188    A:0.30435    G:0.21739
position  2:    T:0.11594    C:0.20290    A:0.42029    G:0.26087
position  3:    T:0.36232    C:0.08696    A:0.37681    G:0.17391
Average         T:0.24155    C:0.17391    A:0.36715    G:0.21739

#30: Bongo          
position  1:    T:0.24638    C:0.23188    A:0.30435    G:0.21739
position  2:    T:0.11594    C:0.20290    A:0.42029    G:0.26087
position  3:    T:0.36232    C:0.07246    A:0.37681    G:0.18841
Average         T:0.24155    C:0.16908    A:0.36715    G:0.22222

#31: Gerenuk        
position  1:    T:0.24638    C:0.23188    A:0.30435    G:0.21739
position  2:    T:0.11594    C:0.20290    A:0.42029    G:0.26087
position  3:    T:0.36232    C:0.08696    A:0.37681    G:0.17391
Average         T:0.24155    C:0.17391    A:0.36715    G:0.21739

#32: CommonEland    
position  1:    T:0.24638    C:0.23188    A:0.30435    G:0.21739
position  2:    T:0.11594    C:0.20290    A:0.42029    G:0.26087
position  3:    T:0.36232    C:0.07246    A:0.36232    G:0.20290
Average         T:0.24155    C:0.16908    A:0.36232    G:0.22705

#33: MuntiacusReevesi
position  1:    T:0.24638    C:0.23188    A:0.30435    G:0.21739
position  2:    T:0.11594    C:0.20290    A:0.42029    G:0.26087
position  3:    T:0.36232    C:0.08696    A:0.39130    G:0.15942
Average         T:0.24155    C:0.17391    A:0.37198    G:0.21256

#34: HarveysDuiker  
position  1:    T:0.24638    C:0.23188    A:0.30435    G:0.21739
position  2:    T:0.11594    C:0.20290    A:0.42029    G:0.26087
position  3:    T:0.36232    C:0.08696    A:0.36232    G:0.18841
Average         T:0.24155    C:0.17391    A:0.36232    G:0.22222

#35: Pronghorn      
position  1:    T:0.24638    C:0.23188    A:0.30435    G:0.21739
position  2:    T:0.11594    C:0.20290    A:0.42029    G:0.26087
position  3:    T:0.36232    C:0.08696    A:0.36232    G:0.18841
Average         T:0.24155    C:0.17391    A:0.36232    G:0.22222

#36: BlueWildebeest 
position  1:    T:0.24638    C:0.23188    A:0.30435    G:0.21739
position  2:    T:0.11594    C:0.20290    A:0.42029    G:0.26087
position  3:    T:0.36232    C:0.08696    A:0.37681    G:0.17391
Average         T:0.24155    C:0.17391    A:0.36715    G:0.21739

#37: Gemsbok        
position  1:    T:0.24638    C:0.23188    A:0.30435    G:0.21739
position  2:    T:0.11594    C:0.20290    A:0.42029    G:0.26087
position  3:    T:0.36232    C:0.08696    A:0.37681    G:0.17391
Average         T:0.24155    C:0.17391    A:0.36715    G:0.21739

#38: Yak            
position  1:    T:0.24638    C:0.23188    A:0.30435    G:0.21739
position  2:    T:0.11594    C:0.20290    A:0.42029    G:0.26087
position  3:    T:0.34783    C:0.08696    A:0.37681    G:0.18841
Average         T:0.23671    C:0.17391    A:0.36715    G:0.22222

#39: BlueSheep      
position  1:    T:0.24638    C:0.23188    A:0.30435    G:0.21739
position  2:    T:0.11594    C:0.20290    A:0.42029    G:0.26087
position  3:    T:0.36232    C:0.08696    A:0.36232    G:0.18841
Average         T:0.24155    C:0.17391    A:0.36232    G:0.22222

#40: BohorReedbuck  
position  1:    T:0.24638    C:0.23188    A:0.30435    G:0.21739
position  2:    T:0.11594    C:0.20290    A:0.42029    G:0.26087
position  3:    T:0.36232    C:0.08696    A:0.37681    G:0.17391
Average         T:0.24155    C:0.17391    A:0.36715    G:0.21739

#41: KirksDik       
position  1:    T:0.24638    C:0.23188    A:0.30435    G:0.21739
position  2:    T:0.11594    C:0.20290    A:0.42029    G:0.26087
position  3:    T:0.34783    C:0.10145    A:0.36232    G:0.18841
Average         T:0.23671    C:0.17874    A:0.36232    G:0.22222

#42: RoeDeer        
position  1:    T:0.24638    C:0.23188    A:0.30435    G:0.21739
position  2:    T:0.11594    C:0.20290    A:0.42029    G:0.26087
position  3:    T:0.36232    C:0.08696    A:0.39130    G:0.15942
Average         T:0.24155    C:0.17391    A:0.37198    G:0.21256

#43: WhiteLippedDeer
position  1:    T:0.24638    C:0.23188    A:0.30435    G:0.21739
position  2:    T:0.11594    C:0.20290    A:0.42029    G:0.26087
position  3:    T:0.36232    C:0.08696    A:0.39130    G:0.15942
Average         T:0.24155    C:0.17391    A:0.37198    G:0.21256

#44: ThomsonGazelle 
position  1:    T:0.24638    C:0.23188    A:0.30435    G:0.21739
position  2:    T:0.11594    C:0.20290    A:0.42029    G:0.26087
position  3:    T:0.36232    C:0.08696    A:0.36232    G:0.18841
Average         T:0.24155    C:0.17391    A:0.36232    G:0.22222

#45: MuntiacusCrinifrons
position  1:    T:0.24638    C:0.23188    A:0.30435    G:0.21739
position  2:    T:0.11594    C:0.20290    A:0.42029    G:0.26087
position  3:    T:0.36232    C:0.08696    A:0.39130    G:0.15942
Average         T:0.24155    C:0.17391    A:0.37198    G:0.21256

#46: WhiteTailedDeer
position  1:    T:0.24638    C:0.23188    A:0.30435    G:0.21739
position  2:    T:0.11594    C:0.20290    A:0.42029    G:0.26087
position  3:    T:0.36232    C:0.08696    A:0.39130    G:0.15942
Average         T:0.24155    C:0.17391    A:0.37198    G:0.21256

#47: Cattle         
position  1:    T:0.24638    C:0.23188    A:0.30435    G:0.21739
position  2:    T:0.11594    C:0.20290    A:0.42029    G:0.26087
position  3:    T:0.34783    C:0.08696    A:0.37681    G:0.18841
Average         T:0.23671    C:0.17391    A:0.36715    G:0.22222

#48: RoyalAntelope  
position  1:    T:0.24638    C:0.23188    A:0.30435    G:0.21739
position  2:    T:0.11594    C:0.20290    A:0.42029    G:0.26087
position  3:    T:0.36232    C:0.08696    A:0.36232    G:0.18841
Average         T:0.24155    C:0.17391    A:0.36232    G:0.22222

#49: Steenbok       
position  1:    T:0.24638    C:0.23188    A:0.30435    G:0.21739
position  2:    T:0.11594    C:0.20290    A:0.42029    G:0.26087
position  3:    T:0.36232    C:0.08696    A:0.36232    G:0.18841
Average         T:0.24155    C:0.17391    A:0.36232    G:0.22222

#50: Impala         
position  1:    T:0.24638    C:0.23188    A:0.30435    G:0.21739
position  2:    T:0.11594    C:0.20290    A:0.42029    G:0.26087
position  3:    T:0.36232    C:0.08696    A:0.36232    G:0.18841
Average         T:0.24155    C:0.17391    A:0.36232    G:0.22222

#51: Klipspringer   
position  1:    T:0.24638    C:0.23188    A:0.30435    G:0.21739
position  2:    T:0.11594    C:0.20290    A:0.42029    G:0.26087
