1
52 1
Argali 0.000000 0.039800 0.015100 0.036600 0.008000 0.002100 0.008900 0.011400 0.013700 0.027000 0.004700 0.011900 0.008700 0.008300 0.012000 0.009900 0.014300 0.015000 0.006200 0.013700 0.010100 0.004100 0.028000 0.035900 0.004900 0.011000 0.008100 0.014300 0.011800 0.012900 0.027800 0.008200 0.018100 0.007800 0.008500 0.011800 0.004500 0.008500 0.011400 0.032800 0.028500 0.010300 0.027000 0.032800 0.011200 0.012000 0.010800 0.010400 0.011000 0.015500 0.015600 0.014500
LesserMous 0.039800 0.000000 0.041600 0.042000 0.037700 0.039000 0.040000 0.040200 0.040500 0.047300 0.039200 0.038700 0.038300 0.038700 0.041400 0.039400 0.035400 0.035900 0.039000 0.040600 0.039600 0.038900 0.047200 0.052800 0.039600 0.040700 0.037400 0.040800 0.040900 0.039500 0.048600 0.038800 0.040600 0.037600 0.039600 0.037200 0.039400 0.039000 0.041200 0.050700 0.046100 0.039600 0.047300 0.050700 0.036500 0.042100 0.040100 0.040700 0.041300 0.040000 0.042200 0.041000
LesserKudu 0.015100 0.041600 0.000000 0.037600 0.015000 0.014700 0.015800 0.017900 0.005200 0.029400 0.014900 0.011200 0.015400 0.015100 0.018200 0.016600 0.016900 0.017700 0.015200 0.004700 0.016600 0.014300 0.030500 0.038200 0.015200 0.017300 0.014800 0.005800 0.018200 0.004500 0.030700 0.015100 0.021100 0.014300 0.015800 0.011200 0.015100 0.015400 0.017500 0.034000 0.031100 0.017000 0.029800 0.035500 0.011000 0.019400 0.016700 0.017200 0.017700 0.018100 0.006900 0.006000
KillerWhal 0.036600 0.042000 0.037600 0.000000 0.035000 0.036100 0.037000 0.037700 0.037300 0.047400 0.035600 0.035200 0.034500 0.035000 0.038700 0.036400 0.032500 0.034200 0.036200 0.037400 0.036400 0.035700 0.047100 0.055000 0.035500 0.037200 0.034100 0.037900 0.038000 0.036300 0.048300 0.035500 0.037600 0.034000 0.036000 0.034200 0.036200 0.035400 0.037400 0.048800 0.047300 0.036800 0.046900 0.051800 0.033500 0.038100 0.037100 0.037100 0.037800 0.036600 0.038300 0.036900
DefassaWat 0.008000 0.037700 0.015000 0.035000 0.000000 0.007600 0.008700 0.010400 0.013300 0.026200 0.007800 0.011200 0.008100 0.007400 0.011400 0.009300 0.013300 0.014100 0.008100 0.013500 0.009500 0.007200 0.027300 0.035100 0.008100 0.009900 0.007900 0.014100 0.011200 0.012600 0.026900 0.007600 0.017100 0.007600 0.007600 0.010800 0.007600 0.004100 0.010800 0.032200 0.028100 0.009300 0.026200 0.033100 0.010200 0.011700 0.009700 0.009900 0.010800 0.015700 0.015400 0.014100
Sheep 0.002100 0.039000 0.014700 0.036100 0.007600 0.000000 0.008000 0.011000 0.013300 0.026800 0.004700 0.011400 0.008300 0.007800 0.012100 0.009500 0.013900 0.014600 0.005800 0.013300 0.009700 0.003700 0.028100 0.035400 0.004900 0.010500 0.007700 0.013900 0.011400 0.012500 0.027700 0.007800 0.017700 0.007400 0.008000 0.011000 0.004500 0.008500 0.011000 0.032300 0.028500 0.009900 0.026800 0.032800 0.010800 0.011600 0.010300 0.010300 0.010500 0.015900 0.015200 0.014100
MaxwellsDu 0.008900 0.040000 0.015800 0.037000 0.008700 0.008000 0.000000 0.012000 0.014300 0.027200 0.009100 0.012400 0.009700 0.007000 0.013100 0.010500 0.014500 0.014900 0.009300 0.014300 0.010300 0.008500 0.028800 0.036100 0.009300 0.011600 0.008700 0.014900 0.012500 0.013500 0.028000 0.007000 0.018900 0.008900 0.009500 0.012000 0.008900 0.009100 0.011200 0.032300 0.028800 0.011000 0.027200 0.033900 0.011800 0.012200 0.011400 0.011400 0.011000 0.016500 0.016200 0.015100
GazellaPrz 0.011400 0.040200 0.017900 0.037700 0.010400 0.011000 0.012000 0.000000 0.016600 0.028300 0.009900 0.014100 0.011000 0.011000 0.015200 0.006800 0.016900 0.017900 0.011000 0.016400 0.007000 0.010100 0.030000 0.037500 0.010600 0.008300 0.010800 0.017300 0.008900 0.015800 0.029200 0.011000 0.020900 0.010400 0.011200 0.014100 0.011000 0.011200 0.008700 0.034600 0.030500 0.008300 0.028300 0.035300 0.013500 0.014500 0.008500 0.013300 0.013900 0.017600 0.018400 0.017500
MountainNy 0.013700 0.040500 0.005200 0.037300 0.013300 0.013300 0.014300 0.016600 0.000000 0.028300 0.013900 0.010000 0.014600 0.013700 0.017100 0.014300 0.015900 0.016700 0.013700 0.003100 0.015200 0.012800 0.029000 0.036300 0.014100 0.015800 0.013900 0.003500 0.016700 0.003300 0.029200 0.013700 0.019500 0.013300 0.014300 0.010100 0.013700 0.013900 0.016400 0.032700 0.029600 0.015600 0.028300 0.033700 0.009900 0.017900 0.015200 0.015800 0.015800 0.017200 0.005400 0.004500
MuntiacusM 0.027000 0.047300 0.029400 0.047400 0.026200 0.026800 0.027200 0.028300 0.028300 0.000000 0.025700 0.027000 0.027000 0.025700 0.030000 0.027000 0.026300 0.027000 0.026400 0.027900 0.027400 0.026400 0.014600 0.026500 0.025700 0.028900 0.026800 0.028800 0.028900 0.027300 0.003100 0.025900 0.030000 0.026600 0.026800 0.027200 0.025700 0.026600 0.028900 0.023200 0.014800 0.028100 0.002400 0.024100 0.026200 0.029700 0.026800 0.028300 0.028700 0.028100 0.030300 0.029200
goat 0.004700 0.039200 0.014900 0.035600 0.007800 0.004700 0.009100 0.009900 0.013900 0.025700 0.000000 0.011600 0.007500 0.008000 0.011400 0.009300 0.014100 0.014900 0.006400 0.013900 0.009500 0.003900 0.027400 0.035700 0.001400 0.010300 0.007000 0.014500 0.011200 0.013000 0.027000 0.008000 0.018100 0.006800 0.008300 0.011600 0.003500 0.008300 0.010500 0.032400 0.027800 0.009700 0.026100 0.033500 0.011000 0.012200 0.010100 0.010100 0.011200 0.015400 0.015800 0.014700
AfricanBuf 0.011900 0.038700 0.011200 0.035200 0.011200 0.011400 0.012400 0.014100 0.010000 0.027000 0.011600 0.000000 0.012300 0.011400 0.014800 0.012900 0.013300 0.013700 0.011400 0.009700 0.013100 0.010700 0.027900 0.034800 0.011800 0.013900 0.011600 0.010300 0.014400 0.009700 0.027600 0.011400 0.016900 0.011000 0.011700 0.008300 0.011400 0.011800 0.014300 0.031300 0.028100 0.013300 0.027000 0.032200 0.008100 0.015100 0.012500 0.012600 0.014100 0.014600 0.011400 0.011000
Topi 0.008700 0.038300 0.015400 0.034500 0.008100 0.008300 0.009700 0.011000 0.014600 0.027000 0.007500 0.012300 0.000000 0.008700 0.012100 0.010000 0.014100 0.014500 0.008700 0.014100 0.010200 0.007900 0.028300 0.036000 0.008100 0.011000 0.002300 0.014800 0.012300 0.012900 0.028100 0.008700 0.018200 0.003300 0.008100 0.011800 0.008100 0.009300 0.011400 0.032800 0.028700 0.010800 0.027200 0.033700 0.011200 0.012500 0.010800 0.010800 0.011600 0.015300 0.015700 0.015000
CommonDuik 0.008300 0.038700 0.015100 0.035000 0.007400 0.007800 0.007000 0.011000 0.013700 0.025700 0.008000 0.011400 0.008700 0.000000 0.011600 0.009500 0.013700 0.014500 0.008300 0.013700 0.009700 0.007400 0.026900 0.034600 0.008300 0.010500 0.008100 0.014300 0.011400 0.012400 0.026600 0.004500 0.017900 0.007800 0.008500 0.011400 0.007800 0.008500 0.011000 0.031500 0.027400 0.009900 0.025700 0.032400 0.010800 0.011200 0.010400 0.010400 0.010400 0.015600 0.015600 0.014500
Suni 0.012000 0.041400 0.018200 0.038700 0.011400 0.012100 0.013100 0.015200 0.017100 0.030000 0.011400 0.014800 0.012100 0.011600 0.000000 0.013800 0.016900 0.018100 0.012500 0.017100 0.013100 0.011600 0.031300 0.037700 0.011600 0.014400 0.011500 0.017300 0.015600 0.016000 0.030900 0.012100 0.020900 0.011200 0.012300 0.014000 0.011200 0.011900 0.014800 0.034600 0.031700 0.014200 0.030000 0.035500 0.012900 0.016300 0.013300 0.012100 0.014800 0.018800 0.019000 0.018000
Springbuck 0.009900 0.039400 0.016600 0.036400 0.009300 0.009500 0.010500 0.006800 0.014300 0.027000 0.009300 0.012900 0.010000 0.009500 0.013800 0.000000 0.015000 0.016000 0.009500 0.015200 0.004700 0.009100 0.028500 0.035700 0.009500 0.005200 0.009300 0.015800 0.005200 0.014300 0.027400 0.009500 0.019000 0.009100 0.009700 0.012900 0.009500 0.010100 0.007200 0.032600 0.028500 0.005200 0.026600 0.033500 0.012200 0.013800 0.007000 0.012000 0.012700 0.017100 0.017100 0.016000
Okapi 0.014300 0.035400 0.016900 0.032500 0.013300 0.013900 0.014500 0.016900 0.015900 0.026300 0.014100 0.013300 0.014100 0.013700 0.016900 0.015000 0.000000 0.006800 0.014300 0.015900 0.015200 0.013500 0.027200 0.034400 0.014300 0.016400 0.013500 0.016100 0.017100 0.015000 0.027200 0.013700 0.014200 0.013500 0.013500 0.012700 0.013900 0.014100 0.016900 0.029800 0.026600 0.015800 0.026300 0.031800 0.012000 0.018100 0.015400 0.015600 0.016600 0.014600 0.017600 0.016500
Giraffe 0.015000 0.035900 0.017700 0.034200 0.014100 0.014600 0.014900 0.017900 0.016700 0.027000 0.014900 0.013700 0.014500 0.014500 0.018100 0.016000 0.006800 0.000000 0.014600 0.016700 0.016200 0.014300 0.027900 0.035100 0.015100 0.017500 0.014300 0.016900 0.018100 0.015800 0.027400 0.014600 0.014600 0.014300 0.014300 0.013700 0.014300 0.014500 0.017500 0.030900 0.027400 0.016800 0.027000 0.032700 0.013100 0.019000 0.016800 0.016000 0.017200 0.014800 0.018200 0.017300
TibetanAnt 0.006200 0.039000 0.015200 0.036200 0.008100 0.005800 0.009300 0.011000 0.013700 0.026400 0.006400 0.011400 0.008700 0.008300 0.012500 0.009500 0.014300 0.014600 0.000000 0.013700 0.009700 0.005800 0.027900 0.034900 0.006600 0.010100 0.007700 0.014300 0.011000 0.012900 0.026800 0.008300 0.018400 0.007800 0.008500 0.011800 0.005800 0.008900 0.011000 0.031800 0.028300 0.009500 0.026400 0.032700 0.011200 0.012200 0.009900 0.010100 0.011400 0.015900 0.015600 0.014100
Sitatunga 0.013700 0.040600 0.004700 0.037400 0.013500 0.013300 0.014300 0.016400 0.003100 0.027900 0.013900 0.009700 0.014100 0.013700 0.017100 0.015200 0.015900 0.016700 0.013700 0.000000 0.015200 0.012800 0.028100 0.036000 0.014100 0.015800 0.013500 0.002900 0.016700 0.002500 0.028700 0.013700 0.019500 0.013300 0.014100 0.009700 0.013700 0.013900 0.016400 0.032700 0.028800 0.015600 0.027900 0.033300 0.009500 0.017900 0.014800 0.015100 0.015800 0.017100 0.003900 0.003300
Oribi 0.010100 0.039600 0.016600 0.036400 0.009500 0.009700 0.010300 0.007000 0.015200 0.027400 0.009500 0.013100 0.010200 0.009700 0.013100 0.004700 0.015200 0.016200 0.009700 0.015200 0.000000 0.009300 0.028900 0.036100 0.009800 0.005800 0.009500 0.015800 0.007100 0.014300 0.028300 0.009700 0.019600 0.009300 0.009900 0.013100 0.009700 0.009900 0.006800 0.032800 0.028900 0.005800 0.027400 0.033900 0.012400 0.013500 0.006800 0.012200 0.012400 0.017300 0.017100 0.016000
BarbaryShe 0.004100 0.038900 0.014300 0.035700 0.007200 0.003700 0.008500 0.010100 0.012800 0.026400 0.003900 0.010700 0.007900 0.007400 0.011600 0.009100 0.013500 0.014300 0.005800 0.012800 0.009300 0.000000 0.027900 0.034900 0.004100 0.010100 0.007200 0.013500 0.011000 0.012000 0.027200 0.007400 0.017300 0.007000 0.007600 0.011000 0.004100 0.008000 0.010500 0.031800 0.028400 0.009500 0.026400 0.032700 0.010300 0.011600 0.009900 0.009900 0.010400 0.015500 0.014800 0.013700
Daviddeer 0.028000 0.047200 0.030500 0.047100 0.027300 0.028100 0.028800 0.030000 0.029000 0.014600 0.027400 0.027900 0.028300 0.026900 0.031300 0.028500 0.027200 0.027900 0.027900 0.028100 0.028900 0.027900 0.000000 0.028100 0.027200 0.030500 0.027900 0.029200 0.030000 0.027500 0.015700 0.027400 0.031200 0.027600 0.027900 0.028100 0.027200 0.026800 0.030200 0.025200 0.008000 0.029600 0.015100 0.024400 0.027500 0.031200 0.027900 0.029400 0.030400 0.029000 0.030500 0.029200
Reindeer 0.035900 0.052800 0.038200 0.055000 0.035100 0.035400 0.036100 0.037500 0.036300 0.026500 0.035700 0.034800 0.036000 0.034600 0.037700 0.035700 0.034400 0.035100 0.034900 0.036000 0.036100 0.034900 0.028100 0.000000 0.035700 0.037700 0.035300 0.037100 0.037700 0.035600 0.027300 0.033800 0.038800 0.035000 0.035200 0.035300 0.035000 0.036000 0.038300 0.026500 0.028200 0.036800 0.026500 0.017500 0.034700 0.038700 0.035900 0.037200 0.037700 0.035400 0.038100 0.037500
Ibex 0.004900 0.039600 0.015200 0.035500 0.008100 0.004900 0.009300 0.010600 0.014100 0.025700 0.001400 0.011800 0.008100 0.008300 0.011600 0.009500 0.014300 0.015100 0.006600 0.014100 0.009800 0.004100 0.027200 0.035700 0.000000 0.010500 0.007700 0.014700 0.011400 0.013300 0.027000 0.008300 0.017900 0.007400 0.008500 0.011800 0.003700 0.008500 0.010800 0.032600 0.027800 0.009900 0.026100 0.033500 0.011200 0.012400 0.010300 0.010200 0.011400 0.015900 0.016000 0.014900
GyrantGaze 0.011000 0.040700 0.017300 0.037200 0.009900 0.010500 0.011600 0.008300 0.015800 0.028900 0.010300 0.013900 0.011000 0.010500 0.014400 0.005200 0.016400 0.017500 0.010100 0.015800 0.005800 0.010100 0.030500 0.037700 0.010500 0.000000 0.010000 0.016400 0.006600 0.014900 0.029800 0.010500 0.020400 0.010100 0.010800 0.013100 0.010500 0.010800 0.008300 0.034800 0.030400 0.004100 0.028900 0.035200 0.012800 0.014700 0.008100 0.013000 0.013700 0.018600 0.017700 0.016200
Hartebeest 0.008100 0.037400 0.014800 0.034100 0.007900 0.007700 0.008700 0.010800 0.013900 0.026800 0.007000 0.011600 0.002300 0.008100 0.011500 0.009300 0.013500 0.014300 0.007700 0.013500 0.009500 0.007200 0.027900 0.035300 0.007700 0.010000 0.000000 0.014100 0.011300 0.012300 0.027600 0.008000 0.017500 0.002700 0.007500 0.011600 0.007700 0.008700 0.010400 0.032200 0.028300 0.009700 0.026800 0.033100 0.011000 0.012200 0.010200 0.010200 0.011000 0.015000 0.015000 0.013900
Bongo 0.014300 0.040800 0.005800 0.037900 0.014100 0.013900 0.014900 0.017300 0.003500 0.028800 0.014500 0.010300 0.014800 0.014300 0.017300 0.015800 0.016100 0.016900 0.014300 0.002900 0.015800 0.013500 0.029200 0.037100 0.014700 0.016400 0.014100 0.000000 0.017700 0.003500 0.029700 0.014300 0.019700 0.013900 0.014500 0.010300 0.014300 0.014500 0.017000 0.033400 0.029400 0.015800 0.028700 0.034400 0.010100 0.018500 0.015000 0.015600 0.016400 0.017500 0.005200 0.004300
Gerenuk 0.011800 0.040900 0.018200 0.038000 0.011200 0.011400 0.012500 0.008900 0.016700 0.028900 0.011200 0.014400 0.012300 0.011400 0.015600 0.005200 0.017100 0.018100 0.011000 0.016700 0.007100 0.011000 0.030000 0.037700 0.011400 0.006600 0.011300 0.017700 0.000000 0.016200 0.029400 0.011000 0.021700 0.011400 0.012000 0.014400 0.011400 0.012000 0.009500 0.034600 0.030000 0.006600 0.028500 0.035400 0.013800 0.015200 0.008500 0.013900 0.014100 0.019300 0.018600 0.017500
CommonElan 0.012900 0.039500 0.004500 0.036300 0.012600 0.012500 0.013500 0.015800 0.003300 0.027300 0.013000 0.009700 0.012900 0.012400 0.016000 0.014300 0.015000 0.015800 0.012900 0.002500 0.014300 0.012000 0.027500 0.035600 0.013300 0.014900 0.012300 0.003500 0.016200 0.000000 0.028100 0.012400 0.018900 0.012400 0.013300 0.010100 0.012800 0.013100 0.015600 0.031600 0.028100 0.014700 0.027300 0.032900 0.009900 0.017000 0.014000 0.014300 0.015400 0.016700 0.004500 0.003300
MuntiacusR 0.027800 0.048600 0.030700 0.048300 0.026900 0.027700 0.028000 0.029200 0.029200 0.003100 0.027000 0.027600 0.028100 0.026600 0.030900 0.027400 0.027200 0.027400 0.026800 0.028700 0.028300 0.027200 0.015700 0.027300 0.027000 0.029800 0.027600 0.029700 0.029400 0.028100 0.000000 0.026800 0.030800 0.027400 0.027600 0.028100 0.026500 0.027300 0.029800 0.024100 0.015900 0.028900 0.003100 0.025300 0.027200 0.030600 0.027600 0.028700 0.029500 0.029000 0.031100 0.029600
HarveysDui 0.008200 0.038800 0.015100 0.035500 0.007600 0.007800 0.007000 0.011000 0.013700 0.025900 0.008000 0.011400 0.008700 0.004500 0.012100 0.009500 0.013700 0.014600 0.008300 0.013700 0.009700 0.007400 0.027400 0.033800 0.008300 0.010500 0.008000 0.014300 0.011000 0.012400 0.026800 0.000000 0.017900 0.007800 0.008500 0.011400 0.007800 0.008500 0.011000 0.031700 0.027300 0.009500 0.025900 0.032000 0.010400 0.011600 0.009900 0.010300 0.010500 0.015600 0.015600 0.014100
Pronghorn 0.018100 0.040600 0.021100 0.037600 0.017100 0.017700 0.018900 0.020900 0.019500 0.030000 0.018100 0.016900 0.018200 0.017900 0.020900 0.019000 0.014200 0.014600 0.018400 0.019500 0.019600 0.017300 0.031200 0.038800 0.017900 0.020400 0.017500 0.019700 0.021700 0.018900 0.030800 0.017900 0.000000 0.017300 0.017300 0.016900 0.017900 0.017900 0.020000 0.034800 0.030800 0.020200 0.030000 0.035700 0.016300 0.021900 0.019800 0.019700 0.020500 0.019100 0.021000 0.020100
BlueWildeb 0.007800 0.037600 0.014300 0.034000 0.007600 0.007400 0.008900 0.010400 0.013300 0.026600 0.006800 0.011000 0.003300 0.007800 0.011200 0.009100 0.013500 0.014300 0.007800 0.013300 0.009300 0.007000 0.027600 0.035000 0.007400 0.010100 0.002700 0.013900 0.011400 0.012400 0.027400 0.007800 0.017300 0.000000 0.006800 0.011000 0.007400 0.008500 0.010500 0.032400 0.028500 0.009900 0.026600 0.032800 0.010800 0.012000 0.010300 0.010300 0.011000 0.014800 0.014800 0.014100
Gemsbok 0.008500 0.039600 0.015800 0.036000 0.007600 0.008000 0.009500 0.011200 0.014300 0.026800 0.008300 0.011700 0.008100 0.008500 0.012300 0.009700 0.013500 0.014300 0.008500 0.014100 0.009900 0.007600 0.027900 0.035200 0.008500 0.010800 0.007500 0.014500 0.012000 0.013300 0.027600 0.008500 0.017300 0.006800 0.000000 0.011600 0.008000 0.008500 0.011200 0.032200 0.028300 0.010500 0.026800 0.032600 0.011000 0.012000 0.010100 0.010300 0.011600 0.014800 0.016000 0.014500
Yak 0.011800 0.037200 0.011200 0.034200 0.010800 0.011000 0.012000 0.014100 0.010100 0.027200 0.011600 0.008300 0.011800 0.011400 0.014000 0.012900 0.012700 0.013700 0.011800 0.009700 0.013100 0.011000 0.028100 0.035300 0.011800 0.013100 0.011600 0.010300 0.014400 0.010100 0.028100 0.011400 0.016900 0.011000 0.011600 0.000000 0.011400 0.011800 0.013900 0.031800 0.028100 0.013300 0.026800 0.032200 0.002300 0.015100 0.013300 0.012600 0.013700 0.014800 0.012100 0.011400
BlueSheep 0.004500 0.039400 0.015100 0.036200 0.007600 0.004500 0.008900 0.011000 0.013700 0.025700 0.003500 0.011400 0.008100 0.007800 0.011200 0.009500 0.013900 0.014300 0.005800 0.013700 0.009700 0.004100 0.027200 0.035000 0.003700 0.010500 0.007700 0.014300 0.011400 0.012800 0.026500 0.007800 0.017900 0.007400 0.008000 0.011400 0.000000 0.008000 0.011000 0.032300 0.027600 0.009900 0.026100 0.032800 0.010800 0.012000 0.010300 0.009500 0.011000 0.015900 0.015600 0.014500
BohorReedb 0.008500 0.039000 0.015400 0.035400 0.004100 0.008500 0.009100 0.011200 0.013900 0.026600 0.008300 0.011800 0.009300 0.008500 0.011900 0.010100 0.014100 0.014500 0.008900 0.013900 0.009900 0.008000 0.026800 0.036000 0.008500 0.010800 0.008700 0.014500 0.012000 0.013100 0.027300 0.008500 0.017900 0.008500 0.008500 0.011800 0.008000 0.000000 0.010800 0.033000 0.028100 0.010100 0.026600 0.033900 0.011200 0.012100 0.011000 0.010300 0.011000 0.015700 0.015800 0.014500
KirksDik 0.011400 0.041200 0.017500 0.037400 0.010800 0.011000 0.011200 0.008700 0.016400 0.028900 0.010500 0.014300 0.011400 0.011000 0.014800 0.007200 0.016900 0.017500 0.011000 0.016400 0.006800 0.010500 0.030200 0.038300 0.010800 0.008300 0.010400 0.017000 0.009500 0.015600 0.029800 0.011000 0.020000 0.010500 0.011200 0.013900 0.011000 0.010800 0.000000 0.034300 0.030800 0.008300 0.028900 0.036100 0.013300 0.015100 0.008500 0.013500 0.013500 0.018600 0.018300 0.017200
RoeDeer 0.032800 0.050700 0.034000 0.048800 0.032200 0.032300 0.032300 0.034600 0.032700 0.023200 0.032400 0.031300 0.032800 0.031500 0.034600 0.032600 0.029800 0.030900 0.031800 0.032700 0.032800 0.031800 0.025200 0.026500 0.032600 0.034800 0.032200 0.033400 0.034600 0.031600 0.024100 0.031700 0.034800 0.032400 0.032200 0.031800 0.032300 0.033000 0.034300 0.000000 0.024700 0.033900 0.023200 0.025600 0.031200 0.034700 0.032400 0.034200 0.034300 0.032900 0.034700 0.034000
WhiteLippe 0.028500 0.046100 0.031100 0.047300 0.028100 0.028500 0.028800 0.030500 0.029600 0.014800 0.027800 0.028100 0.028700 0.027400 0.031700 0.028500 0.026600 0.027400 0.028300 0.028800 0.028900 0.028400 0.008000 0.028200 0.027800 0.030400 0.028300 0.029400 0.030000 0.028100 0.015900 0.027300 0.030800 0.028500 0.028300 0.028100 0.027600 0.028100 0.030800 0.024700 0.000000 0.028700 0.015300 0.023900 0.027100 0.031600 0.028300 0.029400 0.031300 0.029000 0.031200 0.030100
ThomsonGaz 0.010300 0.039600 0.017000 0.036800 0.009300 0.009900 0.011000 0.008300 0.015600 0.028100 0.009700 0.013300 0.010800 0.009900 0.014200 0.005200 0.015800 0.016800 0.009500 0.015600 0.005800 0.009500 0.029600 0.036800 0.009900 0.004100 0.009700 0.015800 0.006600 0.014700 0.028900 0.009500 0.020200 0.009900 0.010500 0.013300 0.009900 0.010100 0.008300 0.033900 0.028700 0.000000 0.028100 0.034800 0.012600 0.014100 0.007600 0.012400 0.013100 0.018000 0.017500 0.016000
MuntiacusC 0.027000 0.047300 0.029800 0.046900 0.026200 0.026800 0.027200 0.028300 0.028300 0.002400 0.026100 0.027000 0.027200 0.025700 0.030000 0.026600 0.026300 0.027000 0.026400 0.027900 0.027400 0.026400 0.015100 0.026500 0.026100 0.028900 0.026800 0.028700 0.028500 0.027300 0.003100 0.025900 0.030000 0.026600 0.026800 0.026800 0.026100 0.026600 0.028900 0.023200 0.015300 0.028100 0.000000 0.024500 0.025700 0.029500 0.026800 0.028300 0.028700 0.028100 0.030300 0.029200
WhiteTaile 0.032800 0.050700 0.035500 0.051800 0.033100 0.032800 0.033900 0.035300 0.033700 0.024100 0.033500 0.032200 0.033700 0.032400 0.035500 0.033500 0.031800 0.032700 0.032700 0.033300 0.033900 0.032700 0.024400 0.017500 0.033500 0.035200 0.033100 0.034400 0.035400 0.032900 0.025300 0.032000 0.035700 0.032800 0.032600 0.032200 0.032800 0.033900 0.036100 0.025600 0.023900 0.034800 0.024500 0.000000 0.031500 0.036400 0.033300 0.034600 0.035000 0.033600 0.035500 0.034800
Cattle 0.011200 0.036500 0.011000 0.033500 0.010200 0.010800 0.011800 0.013500 0.009900 0.026200 0.011000 0.008100 0.011200 0.010800 0.012900 0.012200 0.012000 0.013100 0.011200 0.009500 0.012400 0.010300 0.027500 0.034700 0.011200 0.012800 0.011000 0.010100 0.013800 0.009900 0.027200 0.010400 0.016300 0.010800 0.011000 0.002300 0.010800 0.011200 0.013300 0.031200 0.027100 0.012600 0.025700 0.031500 0.000000 0.014500 0.012700 0.012000 0.013100 0.014200 0.011900 0.010800
RoyalAntel 0.012000 0.042100 0.019400 0.038100 0.011700 0.011600 0.012200 0.014500 0.017900 0.029700 0.012200 0.015100 0.012500 0.011200 0.016300 0.013800 0.018100 0.019000 0.012200 0.017900 0.013500 0.011600 0.031200 0.038700 0.012400 0.014700 0.012200 0.018500 0.015200 0.017000 0.030600 0.011600 0.021900 0.012000 0.012000 0.015100 0.012000 0.012100 0.015100 0.034700 0.031600 0.014100 0.029500 0.036400 0.014500 0.000000 0.014300 0.013300 0.013300 0.018800 0.019400 0.018700
Steenbok 0.010800 0.040100 0.016700 0.037100 0.009700 0.010300 0.011400 0.008500 0.015200 0.026800 0.010100 0.012500 0.010800 0.010400 0.013300 0.007000 0.015400 0.016800 0.009900 0.014800 0.006800 0.009900 0.027900 0.035900 0.010300 0.008100 0.010200 0.015000 0.008500 0.014000 0.027600 0.009900 0.019800 0.010300 0.010100 0.013300 0.010300 0.011000 0.008500 0.032400 0.028300 0.007600 0.026800 0.033300 0.012700 0.014300 0.000000 0.012000 0.013500 0.017200 0.016900 0.015600
Impala 0.010400 0.040700 0.017200 0.037100 0.009900 0.010300 0.011400 0.013300 0.015800 0.028300 0.010100 0.012600 0.010800 0.010400 0.012100 0.012000 0.015600 0.016000 0.010100 0.015100 0.012200 0.009900 0.029400 0.037200 0.010200 0.013000 0.010200 0.015600 0.013900 0.014300 0.028700 0.010300 0.019700 0.010300 0.010300 0.012600 0.009500 0.010300 0.013500 0.034200 0.029400 0.012400 0.028300 0.034600 0.012000 0.013300 0.012000 0.000000 0.013500 0.017200 0.017100 0.015800
Klipspring 0.011000 0.041300 0.017700 0.037800 0.010800 0.010500 0.011000 0.013900 0.015800 0.028700 0.011200 0.014100 0.011600 0.010400 0.014800 0.012700 0.016600 0.017200 0.011400 0.015800 0.012400 0.010400 0.030400 0.037700 0.011400 0.013700 0.011000 0.016400 0.014100 0.015400 0.029500 0.010500 0.020500 0.011000 0.011600 0.013700 0.011000 0.011000 0.013500 0.034300 0.031300 0.013100 0.028700 0.035000 0.013100 0.013300 0.013500 0.013500 0.000000 0.018000 0.018100 0.016600
ForestMusk 0.015500 0.040000 0.018100 0.036600 0.015700 0.015900 0.016500 0.017600 0.017200 0.028100 0.015400 0.014600 0.015300 0.015600 0.018800 0.017100 0.014600 0.014800 0.015900 0.017100 0.017300 0.015500 0.029000 0.035400 0.015900 0.018600 0.015000 0.017500 0.019300 0.016700 0.029000 0.015600 0.019100 0.014800 0.014800 0.014800 0.015900 0.015700 0.018600 0.032900 0.029000 0.018000 0.028100 0.033600 0.014200 0.018800 0.017200 0.017200 0.018000 0.000000 0.019000 0.018100
Bushbuck 0.015600 0.042200 0.006900 0.038300 0.015400 0.015200 0.016200 0.018400 0.005400 0.030300 0.015800 0.011400 0.015700 0.015600 0.019000 0.017100 0.017600 0.018200 0.015600 0.003900 0.017100 0.014800 0.030500 0.038100 0.016000 0.017700 0.015000 0.005200 0.018600 0.004500 0.031100 0.015600 0.021000 0.014800 0.016000 0.012100 0.015600 0.015800 0.018300 0.034700 0.031200 0.017500 0.030300 0.035500 0.011900 0.019400 0.016900 0.017100 0.018100 0.019000 0.000000 0.005400
GreaterKud 0.014500 0.041000 0.006000 0.036900 0.014100 0.014100 0.015100 0.017500 0.004500 0.029200 0.014700 0.011000 0.015000 0.014500 0.018000 0.016000 0.016500 0.017300 0.014100 0.003300 0.016000 0.013700 0.029200 0.037500 0.014900 0.016200 0.013900 0.004300 0.017500 0.003300 0.029600 0.014100 0.020100 0.014100 0.014500 0.011400 0.014500 0.014500 0.017200 0.034000 0.030100 0.016000 0.029200 0.034800 0.010800 0.018700 0.015600 0.015800 0.016600 0.018100 0.005400 0.000000
