1
52 1
Argali 0.000000 0.298700 0.099400 0.348600 0.081100 0.012000 0.080300 0.092900 0.117500 0.117300 0.031000 0.097800 0.043300 0.049500 0.055400 0.113600 0.114000 0.106200 0.060600 0.123100 0.092400 0.049600 0.165200 0.105400 0.024800 0.100100 0.050100 0.110300 0.087200 0.092100 0.125600 0.068100 0.128000 0.037100 0.067600 0.152000 0.043700 0.055400 0.105700 0.138400 0.141800 0.101700 0.135700 0.111900 0.137800 0.096600 0.099300 0.114400 0.049300 0.099200 0.098000 0.116300
LesserMous 0.298700 0.000000 0.322000 0.289500 0.326600 0.316300 0.332200 0.346900 0.351300 0.324500 0.296600 0.325900 0.290000 0.297700 0.302800 0.358400 0.309900 0.298600 0.314000 0.348300 0.344800 0.316300 0.401700 0.328500 0.286500 0.315300 0.284300 0.340800 0.308300 0.320200 0.337100 0.319000 0.311800 0.299100 0.316100 0.396000 0.310500 0.303000 0.347400 0.335700 0.368100 0.337300 0.344700 0.336400 0.377500 0.345100 0.338100 0.361200 0.296200 0.305600 0.326000 0.346400
LesserKudu 0.099400 0.322000 0.000000 0.331800 0.091500 0.112900 0.090600 0.115200 0.039900 0.114000 0.094600 0.034200 0.079700 0.060500 0.078800 0.123400 0.124000 0.116200 0.096100 0.045400 0.102300 0.112900 0.160400 0.102400 0.087400 0.116900 0.067100 0.033900 0.110500 0.017000 0.122000 0.078700 0.137800 0.073500 0.097400 0.094700 0.107200 0.066200 0.116000 0.134400 0.137800 0.118700 0.131900 0.108700 0.069900 0.093200 0.109300 0.104800 0.060200 0.103000 0.022600 0.039700
KillerWhal 0.348600 0.289500 0.331800 0.000000 0.343600 0.366800 0.348300 0.355900 0.335000 0.331600 0.347200 0.310600 0.323100 0.313900 0.335200 0.374300 0.317100 0.290400 0.337600 0.339400 0.344500 0.367100 0.365200 0.335700 0.336400 0.349700 0.326600 0.340900 0.357600 0.305000 0.344000 0.335100 0.311600 0.332200 0.325400 0.376900 0.361500 0.311300 0.346500 0.349600 0.341500 0.372600 0.351600 0.343500 0.359700 0.378300 0.353900 0.380300 0.312300 0.321000 0.310700 0.330600
DefassaWat 0.081100 0.326600 0.091500 0.343600 0.000000 0.094400 0.072800 0.085100 0.103100 0.109200 0.076000 0.090000 0.061600 0.042500 0.060900 0.092300 0.106500 0.098800 0.078400 0.108600 0.084700 0.094400 0.155900 0.097400 0.069000 0.086000 0.068500 0.096200 0.079600 0.084400 0.117200 0.060800 0.126700 0.055400 0.085700 0.142900 0.088600 0.023800 0.085300 0.129700 0.133200 0.087300 0.127200 0.103800 0.129100 0.088500 0.078800 0.093000 0.042300 0.098000 0.090200 0.108200
Sheep 0.012000 0.316300 0.112900 0.366800 0.094400 0.000000 0.088700 0.099400 0.131200 0.130900 0.044300 0.111100 0.056200 0.062400 0.068300 0.127400 0.106200 0.112300 0.073300 0.129700 0.105700 0.062900 0.175400 0.118900 0.037600 0.113700 0.063200 0.123700 0.100600 0.105400 0.125300 0.081200 0.142400 0.049900 0.080700 0.159300 0.056900 0.068300 0.119000 0.152400 0.151200 0.115600 0.149500 0.125500 0.145000 0.110500 0.112800 0.123800 0.062100 0.098900 0.111200 0.129700
MaxwellsDu 0.080300 0.332200 0.090600 0.348300 0.072800 0.088700 0.000000 0.096900 0.108300 0.108200 0.075300 0.089200 0.048500 0.029800 0.060300 0.104300 0.111700 0.110200 0.077700 0.107700 0.096500 0.093500 0.141000 0.096500 0.068300 0.097900 0.067900 0.101400 0.078900 0.083700 0.103000 0.035300 0.131800 0.054900 0.084900 0.141600 0.087800 0.047900 0.097200 0.128500 0.106600 0.099400 0.126100 0.102900 0.127900 0.087600 0.090600 0.092000 0.041900 0.090900 0.089400 0.107200
GazellaPrz 0.092900 0.346900 0.115200 0.355900 0.085100 0.099400 0.096900 0.000000 0.133600 0.114200 0.101200 0.114000 0.086100 0.066700 0.085100 0.065600 0.130700 0.122700 0.102400 0.139000 0.046600 0.119500 0.160000 0.102400 0.093900 0.059400 0.093300 0.126400 0.065800 0.102600 0.115400 0.085000 0.138100 0.079900 0.110100 0.167900 0.113800 0.072400 0.059000 0.148100 0.137500 0.060300 0.132100 0.108800 0.153900 0.113000 0.052800 0.117800 0.066400 0.116200 0.108300 0.132200
MountainNy 0.117500 0.351300 0.039900 0.335000 0.103100 0.131200 0.108300 0.133600 0.000000 0.131700 0.113000 0.051100 0.097700 0.078300 0.096600 0.141400 0.128700 0.108000 0.113800 0.049900 0.119900 0.131200 0.171800 0.120100 0.105700 0.134900 0.085000 0.016600 0.128400 0.033600 0.139900 0.096500 0.149500 0.091500 0.115200 0.111900 0.125500 0.083900 0.133800 0.152400 0.155400 0.136900 0.149500 0.126500 0.087000 0.125400 0.127100 0.122900 0.077900 0.120700 0.039300 0.033400
MuntiacusM 0.117300 0.324500 0.114000 0.331600 0.109200 0.130900 0.108200 0.114200 0.131700 0.000000 0.112800 0.112300 0.097600 0.078200 0.096500 0.127900 0.115300 0.107700 0.113600 0.123400 0.119800 0.117500 0.098500 0.045000 0.105500 0.121500 0.104900 0.118300 0.115100 0.094300 0.039700 0.096300 0.128800 0.091400 0.121300 0.165000 0.125300 0.083800 0.120600 0.074800 0.079000 0.123300 0.016500 0.051000 0.151200 0.125100 0.101200 0.135800 0.077900 0.107700 0.099900 0.130200
goat 0.031000 0.296600 0.094600 0.347200 0.076000 0.044300 0.075300 0.101200 0.113000 0.112800 0.000000 0.093100 0.037700 0.044000 0.050000 0.095400 0.109400 0.101500 0.055300 0.118600 0.100700 0.024900 0.147200 0.100700 0.006300 0.095300 0.044500 0.105700 0.082200 0.087300 0.121100 0.062900 0.123600 0.031400 0.062400 0.133900 0.025200 0.050000 0.101400 0.134100 0.137600 0.096800 0.131500 0.107300 0.119900 0.091600 0.094600 0.109700 0.043800 0.094400 0.093200 0.111800
AfricanBuf 0.097800 0.325900 0.034200 0.310600 0.090000 0.111100 0.089200 0.114000 0.051100 0.112300 0.093100 0.000000 0.078500 0.059500 0.077600 0.121500 0.122000 0.114300 0.082400 0.056500 0.100800 0.111100 0.157800 0.100800 0.086000 0.115100 0.066000 0.045000 0.108700 0.028200 0.120100 0.077500 0.135600 0.072400 0.095900 0.069100 0.105400 0.065200 0.107500 0.119500 0.135700 0.116800 0.129900 0.093900 0.045400 0.105300 0.107700 0.103200 0.059300 0.101400 0.033700 0.050600
Topi 0.043300 0.290000 0.079700 0.323100 0.061600 0.056200 0.048500 0.086100 0.097700 0.097600 0.037700 0.078500 0.000000 0.030500 0.049000 0.093000 0.107200 0.099500 0.041900 0.103300 0.085700 0.056200 0.144200 0.085700 0.031100 0.086500 0.018200 0.090800 0.067600 0.072800 0.105400 0.048900 0.121100 0.018200 0.048600 0.131200 0.050200 0.036500 0.086300 0.118000 0.121800 0.087900 0.115700 0.092100 0.117500 0.076300 0.079300 0.094100 0.030400 0.086200 0.078600 0.096700
CommonDuik 0.049500 0.297700 0.060500 0.313900 0.042500 0.062400 0.029800 0.066700 0.078300 0.078200 0.044000 0.059500 0.030500 0.000000 0.030200 0.073700 0.087000 0.079600 0.047900 0.083900 0.066400 0.062400 0.123500 0.066400 0.037300 0.067400 0.037100 0.071600 0.061100 0.053800 0.085600 0.017900 0.100400 0.024400 0.054700 0.110800 0.056500 0.018000 0.066900 0.097900 0.102000 0.068400 0.096100 0.072600 0.097500 0.056400 0.060500 0.074200 0.012000 0.066800 0.059600 0.077500
Suni 0.055400 0.302800 0.078800 0.335200 0.060900 0.068300 0.060300 0.085100 0.096600 0.096500 0.050000 0.077600 0.049000 0.030200 0.000000 0.092300 0.105900 0.098300 0.066000 0.102100 0.084700 0.068300 0.142500 0.084700 0.043300 0.079400 0.055700 0.089800 0.079600 0.071900 0.104200 0.048300 0.119600 0.042800 0.073000 0.129600 0.062500 0.036000 0.085300 0.116700 0.120400 0.080600 0.114400 0.091000 0.116100 0.075400 0.078800 0.093000 0.030100 0.085200 0.077700 0.095600
Springbuck 0.113600 0.358400 0.123400 0.374300 0.092300 0.127400 0.104300 0.065600 0.141400 0.127900 0.095400 0.121500 0.093000 0.073700 0.092300 0.000000 0.152300 0.143900 0.109800 0.146800 0.065300 0.113800 0.189400 0.116000 0.088100 0.053600 0.100500 0.134000 0.047900 0.115900 0.136200 0.092200 0.152700 0.073900 0.117700 0.162500 0.094800 0.079400 0.065700 0.162600 0.165500 0.066100 0.146000 0.109600 0.148400 0.121500 0.047100 0.125500 0.073400 0.130100 0.121600 0.139900
Okapi 0.114000 0.309900 0.124000 0.317100 0.106500 0.106200 0.111700 0.130700 0.128700 0.115300 0.109400 0.122000 0.107200 0.087000 0.105900 0.152300 0.000000 0.041000 0.123500 0.140400 0.123500 0.128000 0.155700 0.103500 0.101900 0.145500 0.114800 0.121500 0.138800 0.103400 0.116000 0.105800 0.098900 0.100800 0.131600 0.177000 0.108500 0.086500 0.144400 0.135900 0.133100 0.147800 0.133300 0.109900 0.162700 0.136000 0.137400 0.140200 0.086600 0.097000 0.109200 0.140600
Giraffe 0.106200 0.298600 0.116200 0.290400 0.098800 0.112300 0.110200 0.122700 0.108000 0.107700 0.101500 0.114300 0.099500 0.079600 0.098300 0.143900 0.041000 0.000000 0.115700 0.139400 0.122000 0.119800 0.140400 0.096000 0.094200 0.137200 0.106900 0.101000 0.130600 0.096000 0.108300 0.098200 0.091400 0.093100 0.123600 0.168300 0.100600 0.079200 0.122900 0.127900 0.118600 0.139300 0.125500 0.102400 0.154200 0.127600 0.129300 0.138400 0.079300 0.102900 0.101700 0.119600
TibetanAnt 0.060600 0.314000 0.096100 0.337600 0.078400 0.073300 0.077700 0.102400 0.113800 0.113600 0.055300 0.082400 0.041900 0.047900 0.066000 0.109800 0.123500 0.115700 0.000000 0.119200 0.102000 0.073300 0.159700 0.102000 0.048700 0.103500 0.048400 0.106800 0.078200 0.089100 0.121600 0.065900 0.137300 0.035900 0.065500 0.133900 0.067600 0.053600 0.102700 0.120800 0.137300 0.105100 0.131400 0.108300 0.120500 0.093300 0.096100 0.110700 0.047700 0.102600 0.094800 0.112600
Sitatunga 0.123100 0.348300 0.045400 0.339400 0.108600 0.129700 0.107700 0.139000 0.049900 0.123400 0.118600 0.056500 0.103300 0.083900 0.102100 0.146800 0.140400 0.139400 0.119200 0.000000 0.125300 0.136700 0.156300 0.112000 0.111300 0.140300 0.090600 0.055400 0.133800 0.039300 0.131300 0.102000 0.154800 0.097100 0.120700 0.117300 0.131100 0.089400 0.139200 0.143500 0.140600 0.142400 0.140900 0.118200 0.092400 0.130900 0.132500 0.122100 0.083500 0.119300 0.044800 0.050200
Oribi 0.092400 0.344800 0.102300 0.344500 0.084700 0.105700 0.096500 0.046600 0.119900 0.119800 0.100700 0.100800 0.085700 0.066400 0.084700 0.065300 0.123500 0.122000 0.102000 0.125300 0.000000 0.118900 0.180000 0.108100 0.093400 0.059200 0.092900 0.112900 0.065500 0.095200 0.127800 0.084600 0.143800 0.079500 0.109600 0.153500 0.099900 0.072100 0.058800 0.153600 0.156700 0.060000 0.137600 0.114400 0.139800 0.113000 0.052600 0.117200 0.066100 0.121800 0.100900 0.118700
BarbaryShe 0.049600 0.316300 0.112900 0.367100 0.094400 0.062900 0.093500 0.119500 0.131200 0.117500 0.024900 0.111100 0.056200 0.062400 0.068300 0.113800 0.128000 0.119800 0.073300 0.136700 0.118900 0.000000 0.158100 0.105500 0.024900 0.113700 0.063200 0.123700 0.100600 0.105400 0.119300 0.081200 0.142300 0.049900 0.080700 0.152300 0.043700 0.068300 0.119800 0.138600 0.142000 0.115500 0.135900 0.112100 0.138100 0.110600 0.099500 0.114800 0.062100 0.099500 0.111200 0.129700
Daviddeer 0.165200 0.401700 0.160400 0.365200 0.155900 0.175400 0.141000 0.160000 0.171800 0.098500 0.147200 0.157800 0.144200 0.123500 0.142500 0.189400 0.155700 0.140400 0.159700 0.156300 0.180000 0.158100 0.000000 0.087200 0.153200 0.182600 0.152200 0.170700 0.175700 0.139200 0.106000 0.142300 0.149300 0.137700 0.168300 0.207300 0.174100 0.129100 0.167700 0.117900 0.038600 0.171500 0.115800 0.093300 0.199100 0.173800 0.160200 0.170100 0.123000 0.134200 0.144800 0.169800
Reindeer 0.105400 0.328500 0.102400 0.335700 0.097400 0.118900 0.096500 0.102400 0.120100 0.045000 0.100700 0.100800 0.085700 0.066400 0.084700 0.116000 0.103500 0.096000 0.102000 0.112000 0.108100 0.105500 0.087200 0.000000 0.093400 0.109600 0.092900 0.113100 0.116400 0.082800 0.051900 0.084600 0.110500 0.079500 0.109600 0.153300 0.113200 0.072100 0.108800 0.063500 0.067900 0.111300 0.062400 0.016800 0.139600 0.113000 0.089500 0.123900 0.066100 0.096000 0.088400 0.118700
Ibex 0.024800 0.286500 0.087400 0.336400 0.069000 0.037600 0.068300 0.093900 0.105700 0.105500 0.006300 0.086000 0.031100 0.037300 0.043300 0.088100 0.101900 0.094200 0.048700 0.111300 0.093400 0.024900 0.153200 0.093400 0.000000 0.088100 0.037800 0.098500 0.075100 0.080200 0.113600 0.056000 0.115900 0.024900 0.055600 0.126300 0.018800 0.043300 0.094100 0.126400 0.130100 0.089500 0.124000 0.100000 0.112500 0.084200 0.087400 0.102200 0.037200 0.087200 0.086100 0.104500
GyrantGaze 0.100100 0.315300 0.116900 0.349700 0.086000 0.113700 0.097900 0.059400 0.134900 0.121500 0.095300 0.115100 0.086500 0.067400 0.079400 0.053600 0.145500 0.137200 0.103500 0.140300 0.059200 0.113700 0.182600 0.109600 0.088100 0.000000 0.093800 0.127600 0.054000 0.109500 0.129700 0.085800 0.146000 0.079400 0.111200 0.169600 0.108000 0.073100 0.059600 0.155900 0.159000 0.023600 0.139600 0.116000 0.155400 0.114800 0.041100 0.118900 0.067100 0.123600 0.115200 0.133400
Hartebeest 0.050100 0.284300 0.067100 0.326600 0.068500 0.063200 0.067900 0.093300 0.085000 0.104900 0.044500 0.066000 0.018200 0.037100 0.055700 0.100500 0.114800 0.106900 0.048400 0.090600 0.092900 0.063200 0.152200 0.092900 0.037800 0.093800 0.000000 0.078200 0.074600 0.060300 0.112900 0.055700 0.129000 0.024600 0.042700 0.117900 0.057200 0.043000 0.093500 0.125700 0.129300 0.093600 0.123200 0.099300 0.104500 0.083600 0.086400 0.101400 0.036900 0.093400 0.066100 0.084100
Bongo 0.110300 0.340800 0.033900 0.340900 0.096200 0.123700 0.101400 0.126400 0.016600 0.118300 0.105700 0.045000 0.090800 0.071600 0.089800 0.134000 0.121500 0.101000 0.106800 0.055400 0.112900 0.123700 0.170700 0.113100 0.098500 0.127600 0.078200 0.000000 0.121200 0.027900 0.132600 0.089600 0.148500 0.084600 0.108200 0.105100 0.118200 0.077200 0.126600 0.144900 0.148100 0.129500 0.136000 0.119400 0.080600 0.118000 0.119900 0.115700 0.071300 0.113700 0.033400 0.038900
Gerenuk 0.087200 0.308300 0.110500 0.357600 0.079600 0.100600 0.078900 0.065800 0.128400 0.115100 0.082200 0.108700 0.067600 0.061100 0.079600 0.047900 0.138800 0.130600 0.078200 0.133800 0.065500 0.100600 0.175700 0.116400 0.075100 0.054000 0.074600 0.121200 0.000000 0.103200 0.123100 0.079500 0.139100 0.061400 0.091700 0.162800 0.094800 0.066900 0.065900 0.142900 0.152400 0.067400 0.133100 0.110000 0.148700 0.108100 0.047500 0.112300 0.060800 0.117100 0.108900 0.127000
CommonElan 0.092100 0.320200 0.017000 0.305000 0.084400 0.105400 0.083700 0.102600 0.033600 0.094300 0.087300 0.028200 0.072800 0.053800 0.071900 0.115900 0.103400 0.096000 0.089100 0.039300 0.095200 0.105400 0.139200 0.082800 0.080200 0.109500 0.060300 0.027900 0.103200 0.000000 0.101800 0.071900 0.116800 0.066600 0.090300 0.087800 0.099700 0.059500 0.108700 0.113900 0.117600 0.111200 0.111800 0.088900 0.063400 0.099500 0.102100 0.097600 0.053600 0.083200 0.005600 0.033600
MuntiacusR 0.125600 0.337100 0.122000 0.344000 0.117200 0.125300 0.103000 0.115400 0.139900 0.039700 0.121100 0.120100 0.105400 0.085600 0.104200 0.136200 0.116000 0.108300 0.121600 0.131300 0.127800 0.119300 0.106000 0.051900 0.113600 0.129700 0.112900 0.132600 0.123100 0.101800 0.000000 0.104100 0.137200 0.099100 0.129500 0.174000 0.133800 0.091200 0.128700 0.081800 0.086000 0.131700 0.056700 0.057800 0.159900 0.133600 0.108900 0.144300 0.085200 0.115500 0.107500 0.138300
HarveysDui 0.068100 0.319000 0.078700 0.335100 0.060800 0.081200 0.035300 0.085000 0.096500 0.096300 0.062900 0.077500 0.048900 0.017900 0.048300 0.092200 0.105800 0.098200 0.065900 0.102000 0.084600 0.081200 0.142300 0.084600 0.056000 0.085800 0.055700 0.089600 0.079500 0.071900 0.104100 0.000000 0.119500 0.042800 0.072900 0.129500 0.075400 0.036000 0.085200 0.116500 0.107600 0.087100 0.114300 0.090900 0.116000 0.075200 0.078700 0.092900 0.030000 0.085100 0.077600 0.095500
Pronghorn 0.128000 0.311800 0.137800 0.311600 0.126700 0.142400 0.131800 0.138100 0.149500 0.128800 0.123600 0.135600 0.121100 0.100400 0.119600 0.152700 0.098900 0.091400 0.137300 0.154800 0.143800 0.142300 0.149300 0.110500 0.115900 0.146000 0.129000 0.148500 0.139100 0.116800 0.137200 0.119500 0.000000 0.114500 0.145700 0.185300 0.136400 0.099900 0.144800 0.136600 0.140000 0.134500 0.147000 0.117000 0.170700 0.150500 0.137700 0.161300 0.100000 0.110800 0.122500 0.141500
BlueWildeb 0.037100 0.299100 0.073500 0.332200 0.055400 0.049900 0.054900 0.079900 0.091500 0.091400 0.031400 0.072400 0.018200 0.024400 0.042800 0.073900 0.100800 0.093100 0.035900 0.097100 0.079500 0.049900 0.137700 0.079500 0.024900 0.079400 0.024600 0.084600 0.061400 0.066600 0.099100 0.042800 0.114500 0.000000 0.042500 0.124800 0.031200 0.030400 0.080000 0.111600 0.115500 0.081500 0.109500 0.085800 0.111200 0.069900 0.073200 0.087700 0.024300 0.080000 0.072500 0.090500
Gemsbok 0.067600 0.316100 0.097400 0.325400 0.085700 0.080700 0.084900 0.110100 0.115200 0.121300 0.062400 0.095900 0.048600 0.054700 0.073000 0.117700 0.131600 0.123600 0.065500 0.120700 0.109600 0.080700 0.168300 0.109600 0.055600 0.111200 0.042700 0.108200 0.091700 0.090300 0.129500 0.072900 0.145700 0.042500 0.000000 0.135900 0.074900 0.060400 0.110300 0.142100 0.145300 0.112900 0.139400 0.116000 0.122200 0.101100 0.103600 0.118300 0.054400 0.110300 0.096000 0.114000
Yak 0.152000 0.396000 0.094700 0.376900 0.142900 0.159300 0.141600 0.167900 0.111900 0.165000 0.133900 0.069100 0.131200 0.110800 0.129600 0.162500 0.177000 0.168300 0.133900 0.117300 0.153500 0.152300 0.207300 0.153300 0.126300 0.169600 0.117900 0.105100 0.162800 0.087800 0.174000 0.129500 0.185300 0.124800 0.135900 0.000000 0.146600 0.116400 0.168200 0.173000 0.182900 0.172100 0.183300 0.159900 0.022500 0.160400 0.161100 0.170800 0.110500 0.154300 0.093400 0.110800
BlueSheep 0.043700 0.310500 0.107200 0.361500 0.088600 0.056900 0.087800 0.113800 0.125500 0.125300 0.025200 0.105400 0.050200 0.056500 0.062500 0.094800 0.108500 0.100600 0.067600 0.131100 0.099900 0.043700 0.174100 0.113200 0.018800 0.108000 0.057200 0.118200 0.094800 0.099700 0.133800 0.075400 0.136400 0.031200 0.074900 0.146600 0.000000 0.062400 0.114000 0.146800 0.150100 0.109700 0.143900 0.119800 0.132500 0.104600 0.107100 0.122600 0.056300 0.093800 0.105600 0.124200
BohorReedb 0.055400 0.303000 0.066200 0.311300 0.023800 0.068300 0.047900 0.072400 0.083900 0.083800 0.050000 0.065200 0.036500 0.018000 0.036000 0.079400 0.086500 0.079200 0.053600 0.089400 0.072100 0.068300 0.129100 0.072100 0.043300 0.073100 0.043000 0.077200 0.066900 0.059500 0.091200 0.036000 0.099900 0.030400 0.060400 0.116400 0.062400 0.000000 0.072600 0.103500 0.107500 0.074200 0.101600 0.078300 0.103100 0.062300 0.066200 0.080000 0.017900 0.072500 0.065300 0.083000
KirksDik 0.105700 0.347400 0.116000 0.346500 0.085300 0.119000 0.097200 0.059000 0.133800 0.120600 0.101400 0.107500 0.086300 0.066900 0.085300 0.065700 0.144400 0.122900 0.102700 0.139200 0.058800 0.119800 0.167700 0.108800 0.094100 0.059600 0.093500 0.126600 0.065900 0.108700 0.128700 0.085200 0.144800 0.080000 0.110300 0.168200 0.114000 0.072600 0.000000 0.154800 0.144600 0.048100 0.138600 0.108400 0.154200 0.113800 0.053000 0.105000 0.066600 0.116300 0.114400 0.132400
RoeDeer 0.138400 0.335700 0.134400 0.349600 0.129700 0.152400 0.128500 0.148100 0.152400 0.074800 0.134100 0.119500 0.118000 0.097900 0.116700 0.162600 0.135900 0.127900 0.120800 0.143500 0.153600 0.138600 0.117900 0.063500 0.126400 0.155900 0.125700 0.144900 0.142900 0.113900 0.081800 0.116500 0.136600 0.111600 0.142100 0.173000 0.146800 0.103500 0.154800 0.000000 0.097500 0.158300 0.091900 0.069500 0.159100 0.146600 0.134300 0.150800 0.097500 0.127800 0.119600 0.150600
WhiteLippe 0.141800 0.368100 0.137800 0.341500 0.133200 0.151200 0.106600 0.137500 0.155400 0.079000 0.137600 0.135700 0.121800 0.102000 0.120400 0.165500 0.133100 0.118600 0.137300 0.140600 0.156700 0.142000 0.038600 0.067900 0.130100 0.159000 0.129300 0.148100 0.152400 0.117600 0.086000 0.107600 0.140000 0.115500 0.145300 0.182900 0.150100 0.107500 0.144600 0.097500 0.000000 0.148000 0.095800 0.073800 0.175300 0.149900 0.137700 0.146800 0.101600 0.112600 0.123200 0.153700
ThomsonGaz 0.101700 0.337300 0.118700 0.372600 0.087300 0.115600 0.099400 0.060300 0.136900 0.123300 0.096800 0.116800 0.087900 0.068400 0.080600 0.066100 0.147800 0.139300 0.105100 0.142400 0.060000 0.115500 0.171500 0.111300 0.089500 0.023600 0.093600 0.129500 0.067400 0.111200 0.131700 0.087100 0.134500 0.081500 0.112900 0.172100 0.109700 0.074200 0.048100 0.158300 0.148000 0.000000 0.141600 0.117800 0.157800 0.116600 0.053900 0.107500 0.068100 0.112300 0.117000 0.135400
MuntiacusC 0.135700 0.344700 0.131900 0.351600 0.127200 0.149500 0.126100 0.132100 0.149500 0.016500 0.131500 0.129900 0.115700 0.096100 0.114400 0.146000 0.133300 0.125500 0.131400 0.140900 0.137600 0.135900 0.115800 0.062400 0.124000 0.139600 0.123200 0.136000 0.133100 0.111800 0.056700 0.114300 0.147000 0.109500 0.139400 0.183300 0.143900 0.101600 0.138600 0.091900 0.095800 0.141600 0.000000 0.068200 0.169300 0.130200 0.118900 0.154100 0.083100 0.125600 0.117400 0.147800
WhiteTaile 0.111900 0.336400 0.108700 0.343500 0.103800 0.125500 0.102900 0.108800 0.126500 0.051000 0.107300 0.093900 0.092100 0.072600 0.091000 0.109600 0.109900 0.102400 0.108300 0.118200 0.114400 0.112100 0.093300 0.016800 0.100000 0.116000 0.099300 0.119400 0.110000 0.088900 0.057800 0.090900 0.117000 0.085800 0.116000 0.159900 0.119800 0.078300 0.108400 0.069500 0.073800 0.117800 0.068200 0.000000 0.146100 0.119700 0.095800 0.130500 0.072300 0.102300 0.094600 0.125100
Cattle 0.137800 0.377500 0.069900 0.359700 0.129100 0.145000 0.127900 0.153900 0.087000 0.151200 0.119900 0.045400 0.117500 0.097500 0.116100 0.148400 0.162700 0.154200 0.120500 0.092400 0.139800 0.138100 0.199100 0.139600 0.112500 0.155400 0.104500 0.080600 0.148700 0.063400 0.159900 0.116000 0.170700 0.111200 0.122200 0.022500 0.132500 0.103100 0.154200 0.159100 0.175300 0.157800 0.169300 0.146100 0.000000 0.146000 0.147200 0.143100 0.097200 0.140500 0.069000 0.086200
RoyalAntel 0.096600 0.345100 0.093200 0.378300 0.088500 0.110500 0.087600 0.113000 0.125400 0.125100 0.091600 0.105300 0.076300 0.056400 0.075400 0.121500 0.136000 0.127600 0.093300 0.130900 0.113000 0.110600 0.173800 0.113000 0.084200 0.114800 0.083600 0.118000 0.108100 0.099500 0.133600 0.075200 0.150500 0.069900 0.101100 0.160400 0.104600 0.062300 0.113800 0.146600 0.149900 0.116600 0.130200 0.119700 0.146000 0.000000 0.106900 0.114700 0.043400 0.113800 0.105400 0.124000
Steenbok 0.099300 0.338100 0.109300 0.353900 0.078800 0.112800 0.090600 0.052800 0.127100 0.101200 0.094600 0.107700 0.079300 0.060500 0.078800 0.047100 0.137400 0.129300 0.096100 0.132500 0.052600 0.099500 0.160200 0.089500 0.087400 0.041100 0.086400 0.119900 0.047500 0.102100 0.108900 0.078700 0.137700 0.073200 0.103600 0.161100 0.107100 0.066200 0.053000 0.134300 0.137700 0.053900 0.118900 0.095800 0.147200 0.106900 0.000000 0.111200 0.060200 0.115900 0.107800 0.125700
Impala 0.114400 0.361200 0.104800 0.380300 0.093000 0.123800 0.092000 0.117800 0.122900 0.135800 0.109700 0.103200 0.094100 0.074200 0.093000 0.125500 0.140200 0.138400 0.110700 0.122100 0.117200 0.114800 0.170100 0.123900 0.102200 0.118900 0.101400 0.115700 0.112300 0.097600 0.144300 0.092900 0.161300 0.087700 0.118300 0.170800 0.122600 0.080000 0.105000 0.150800 0.146800 0.107500 0.154100 0.130500 0.143100 0.114700 0.111200 0.000000 0.073900 0.105200 0.103300 0.121600
Klipspring 0.049300 0.296200 0.060200 0.312300 0.042300 0.062100 0.041900 0.066400 0.077900 0.077900 0.043800 0.059300 0.030400 0.012000 0.030100 0.073400 0.086600 0.079300 0.047700 0.083500 0.066100 0.062100 0.123000 0.066100 0.037200 0.067100 0.036900 0.071300 0.060800 0.053600 0.085200 0.030000 0.100000 0.024300 0.054400 0.110500 0.056300 0.017900 0.066600 0.097500 0.101600 0.068100 0.083100 0.072300 0.097200 0.043400 0.060200 0.073900 0.000000 0.066500 0.059400 0.077100
ForestMusk 0.099200 0.305600 0.103000 0.321000 0.098000 0.098900 0.090900 0.116200 0.120700 0.107700 0.094400 0.101400 0.086200 0.066800 0.085200 0.130100 0.097000 0.102900 0.102600 0.119300 0.121800 0.099500 0.134200 0.096000 0.087200 0.123600 0.093400 0.113700 0.117100 0.083200 0.115500 0.085100 0.110800 0.080000 0.110300 0.154300 0.093800 0.072500 0.116300 0.127800 0.112600 0.112300 0.125600 0.102300 0.140500 0.113800 0.115900 0.105200 0.066500 0.000000 0.088900 0.119400
Bushbuck 0.098000 0.326000 0.022600 0.310700 0.090200 0.111200 0.089400 0.108300 0.039300 0.099900 0.093200 0.033700 0.078600 0.059600 0.077700 0.121600 0.109200 0.101700 0.094800 0.044800 0.100900 0.111200 0.144800 0.088400 0.086100 0.115200 0.066100 0.033400 0.108900 0.005600 0.107500 0.077600 0.122500 0.072500 0.096000 0.093400 0.105600 0.065300 0.114400 0.119600 0.123200 0.117000 0.117400 0.094600 0.069000 0.105400 0.107800 0.103300 0.059400 0.088900 0.000000 0.039100
GreaterKud 0.116300 0.346400 0.039700 0.330600 0.108200 0.129700 0.107200 0.132200 0.033400 0.130200 0.111800 0.050600 0.096700 0.077500 0.095600 0.139900 0.140600 0.119600 0.112600 0.050200 0.118700 0.129700 0.169800 0.118700 0.104500 0.133400 0.084100 0.038900 0.127000 0.033600 0.138300 0.095500 0.141500 0.090500 0.114000 0.110800 0.124200 0.083000 0.132400 0.150600 0.153700 0.135400 0.147800 0.125100 0.086200 0.124000 0.125700 0.121600 0.077100 0.119400 0.039100 0.000000
