1
52 1
Argali 0.000000 0.482500 0.170400 0.382400 0.130000 0.024800 0.129600 0.126800 0.166400 0.189400 0.076500 0.166700 0.101200 0.110600 0.097100 0.101000 0.226500 0.217600 0.094700 0.160300 0.087700 0.056500 0.188400 0.169800 0.056900 0.131000 0.095100 0.159600 0.101400 0.162800 0.179800 0.115400 0.249000 0.100100 0.094600 0.126200 0.086500 0.128700 0.106700 0.169800 0.173300 0.126500 0.198000 0.156500 0.132500 0.173900 0.161700 0.110800 0.128000 0.225700 0.187800 0.173800
LesserMous 0.482500 0.000000 0.459800 0.519300 0.482000 0.468400 0.505000 0.533100 0.489900 0.436400 0.503400 0.475200 0.497000 0.455100 0.480300 0.494300 0.512800 0.541100 0.486900 0.483000 0.494300 0.486500 0.432400 0.420100 0.469900 0.509700 0.511800 0.489800 0.497500 0.479800 0.440900 0.455400 0.530200 0.524800 0.487300 0.465400 0.475700 0.499000 0.466400 0.463400 0.434100 0.488300 0.450000 0.437700 0.471600 0.496400 0.447400 0.435300 0.486100 0.428000 0.464200 0.488400
LesserKudu 0.170400 0.459800 0.000000 0.358600 0.106300 0.143100 0.148600 0.174500 0.045500 0.096400 0.143200 0.099900 0.132700 0.100400 0.100500 0.146900 0.165500 0.179100 0.147300 0.032700 0.132400 0.134800 0.103600 0.109000 0.121500 0.178000 0.126300 0.038900 0.147200 0.026300 0.102600 0.119400 0.211400 0.131400 0.112100 0.059900 0.165700 0.119200 0.152900 0.131100 0.089100 0.159500 0.104300 0.103000 0.066200 0.180700 0.190000 0.086600 0.161600 0.172500 0.052000 0.038900
KillerWhal 0.382400 0.519300 0.358600 0.000000 0.363600 0.350100 0.380300 0.401700 0.356300 0.296700 0.291700 0.357300 0.338900 0.320800 0.340300 0.387200 0.406000 0.411400 0.389500 0.359900 0.367400 0.318100 0.354000 0.317300 0.321500 0.413500 0.332100 0.329100 0.388200 0.376600 0.302700 0.340500 0.398100 0.334400 0.349200 0.326600 0.361100 0.369500 0.373000 0.355300 0.355200 0.401300 0.316400 0.320700 0.333000 0.384700 0.443500 0.340500 0.395100 0.373900 0.404600 0.366200
DefassaWat 0.130000 0.482000 0.106300 0.363600 0.000000 0.104100 0.109600 0.141100 0.124400 0.144100 0.104100 0.124300 0.101400 0.070400 0.070400 0.128400 0.152200 0.166300 0.095300 0.111000 0.114600 0.090100 0.143500 0.127000 0.083800 0.144700 0.095400 0.103900 0.128700 0.105900 0.149900 0.088700 0.204500 0.113800 0.095100 0.084900 0.113200 0.037000 0.134100 0.141200 0.129100 0.126800 0.152200 0.128100 0.091100 0.144300 0.141200 0.057300 0.128700 0.151900 0.116900 0.117400
Sheep 0.024800 0.468400 0.143100 0.350100 0.104100 0.000000 0.117600 0.101500 0.139900 0.161200 0.051100 0.140100 0.075900 0.084600 0.071300 0.075800 0.198900 0.190200 0.069500 0.133400 0.075700 0.031400 0.160300 0.142600 0.031700 0.119300 0.069800 0.133100 0.089300 0.135900 0.151900 0.089800 0.237200 0.075100 0.069300 0.099800 0.061900 0.116700 0.081600 0.157500 0.145400 0.101300 0.169600 0.129400 0.106100 0.161300 0.135900 0.084800 0.116100 0.198300 0.161000 0.147100
MaxwellsDu 0.129600 0.505000 0.148600 0.380300 0.109600 0.117600 0.000000 0.168500 0.137900 0.173800 0.131400 0.137800 0.114600 0.056800 0.083500 0.141900 0.181300 0.187500 0.115500 0.138700 0.114300 0.109900 0.173100 0.140600 0.110700 0.158100 0.108500 0.131000 0.142100 0.148000 0.179400 0.062200 0.241400 0.127000 0.108300 0.112100 0.126300 0.122000 0.133700 0.170000 0.158300 0.154000 0.182200 0.127700 0.118200 0.158500 0.162400 0.083800 0.101000 0.211000 0.152000 0.159100
GazellaPrz 0.126800 0.533100 0.174500 0.401700 0.141100 0.101500 0.168500 0.000000 0.191900 0.200600 0.128600 0.177600 0.112300 0.135600 0.122100 0.060400 0.207000 0.183800 0.106200 0.178700 0.060500 0.107500 0.184400 0.181000 0.108300 0.102200 0.106300 0.156300 0.073200 0.173900 0.191000 0.140000 0.259000 0.124400 0.092900 0.137600 0.137100 0.153500 0.060200 0.180900 0.169700 0.084800 0.209200 0.167900 0.143700 0.200100 0.111500 0.122100 0.152500 0.221000 0.198400 0.163400
MountainNy 0.166400 0.489900 0.045500 0.356300 0.124400 0.139900 0.137900 0.191900 0.000000 0.123200 0.139800 0.118100 0.136200 0.104700 0.118800 0.164600 0.183400 0.196600 0.151600 0.025400 0.150100 0.131700 0.122500 0.127300 0.118700 0.195100 0.130000 0.031400 0.164900 0.045300 0.129100 0.123300 0.228500 0.121100 0.129900 0.078600 0.162000 0.137000 0.170300 0.149300 0.108100 0.176900 0.131100 0.128400 0.084800 0.199100 0.192700 0.105000 0.179200 0.190400 0.044200 0.044200
MuntiacusM 0.189400 0.436400 0.096400 0.296700 0.144100 0.161200 0.173800 0.200600 0.123200 0.000000 0.176600 0.137600 0.156600 0.123300 0.124000 0.172300 0.160100 0.158200 0.165100 0.108600 0.157100 0.152400 0.055600 0.075100 0.153700 0.203900 0.150100 0.116000 0.172600 0.103500 0.020200 0.142800 0.176900 0.169700 0.135200 0.095400 0.183800 0.157600 0.177500 0.096900 0.055800 0.185000 0.020500 0.075900 0.102100 0.152800 0.201000 0.109200 0.172000 0.168100 0.129900 0.115800
goat 0.076500 0.503400 0.143200 0.291700 0.104100 0.051100 0.131400 0.128600 0.139800 0.176600 0.000000 0.154300 0.089100 0.098200 0.084700 0.102400 0.214000 0.205000 0.096000 0.133600 0.088800 0.044100 0.175700 0.157200 0.018800 0.132600 0.082900 0.133000 0.102600 0.135800 0.167000 0.103200 0.237300 0.088100 0.082500 0.113800 0.074600 0.116600 0.108200 0.172300 0.160600 0.114600 0.176800 0.143900 0.120100 0.176400 0.156800 0.098400 0.116000 0.229200 0.161000 0.147000
AfricanBuf 0.166700 0.475200 0.099900 0.357300 0.124300 0.140100 0.137800 0.177600 0.118100 0.137600 0.154300 0.000000 0.136600 0.091000 0.104900 0.150500 0.154300 0.167700 0.144200 0.105300 0.136200 0.117900 0.137000 0.106500 0.132900 0.166900 0.130400 0.097600 0.150800 0.099500 0.143600 0.109600 0.176600 0.149000 0.116300 0.051800 0.141500 0.130200 0.142200 0.149600 0.122500 0.162800 0.145700 0.121800 0.058000 0.183400 0.185100 0.091300 0.150400 0.167500 0.124500 0.111100
Topi 0.101200 0.497000 0.132700 0.338900 0.101400 0.075900 0.114600 0.112300 0.136200 0.156600 0.089100 0.136600 0.000000 0.082500 0.069400 0.100000 0.179100 0.185500 0.094000 0.137000 0.086800 0.068900 0.155900 0.139000 0.069400 0.103700 0.005900 0.115900 0.100200 0.132200 0.147700 0.074600 0.231000 0.023800 0.042600 0.097200 0.073100 0.113700 0.079900 0.153400 0.141400 0.098900 0.164700 0.126000 0.103300 0.149800 0.153200 0.082600 0.126700 0.178800 0.156800 0.129300
CommonDuik 0.110600 0.455100 0.100400 0.320800 0.070400 0.084600 0.056800 0.135600 0.104700 0.123300 0.098200 0.091000 0.082500 0.000000 0.051300 0.109200 0.154600 0.161200 0.089700 0.091000 0.095600 0.077300 0.122800 0.092900 0.077900 0.139500 0.076300 0.084400 0.109400 0.099900 0.129300 0.018500 0.199300 0.094800 0.076200 0.065400 0.094400 0.082900 0.101500 0.135500 0.108400 0.121400 0.131300 0.107900 0.071600 0.123800 0.150000 0.051300 0.095900 0.175600 0.125100 0.111600
Suni 0.097100 0.480300 0.100500 0.340300 0.070400 0.071300 0.083500 0.122100 0.118800 0.124000 0.084700 0.104900 0.069400 0.051300 0.000000 0.095900 0.161700 0.153600 0.076500 0.105300 0.082400 0.064100 0.123400 0.107100 0.064600 0.126200 0.063300 0.098100 0.096100 0.100100 0.129900 0.056800 0.192400 0.081800 0.063100 0.065400 0.094600 0.082900 0.101800 0.121400 0.109000 0.108100 0.131900 0.094000 0.071700 0.124000 0.136300 0.051300 0.109500 0.176200 0.111400 0.111700
Springbuck 0.101000 0.494300 0.146900 0.387200 0.128400 0.075800 0.141900 0.060400 0.164600 0.172300 0.102400 0.150500 0.100000 0.109200 0.095900 0.000000 0.208500 0.170800 0.080700 0.151200 0.047700 0.081900 0.156700 0.153300 0.082400 0.077500 0.094000 0.143600 0.024000 0.146400 0.148400 0.100700 0.245900 0.099000 0.080700 0.110900 0.111600 0.140800 0.066900 0.153200 0.142300 0.047000 0.180600 0.140300 0.117000 0.171600 0.099200 0.096000 0.140100 0.192900 0.171100 0.150700
Okapi 0.226500 0.512800 0.165500 0.406000 0.152200 0.198900 0.181300 0.207000 0.183400 0.160100 0.214000 0.154300 0.179100 0.154600 0.161700 0.208500 0.000000 0.075600 0.180700 0.169700 0.193300 0.182900 0.166900 0.142400 0.191200 0.195200 0.187400 0.161600 0.208900 0.164800 0.173300 0.159000 0.184400 0.199500 0.158200 0.120700 0.184200 0.179500 0.192700 0.164000 0.167400 0.191300 0.176000 0.150600 0.126800 0.214900 0.222500 0.147400 0.201300 0.182400 0.190300 0.175900
Giraffe 0.217600 0.541100 0.179100 0.411400 0.166300 0.190200 0.187500 0.183800 0.196600 0.158200 0.205000 0.167700 0.185500 0.161200 0.153600 0.170800 0.075600 0.000000 0.165800 0.182900 0.185100 0.181300 0.180500 0.155800 0.182600 0.186800 0.179300 0.175000 0.171300 0.178200 0.171500 0.151200 0.212300 0.191100 0.164600 0.134000 0.205000 0.179000 0.199100 0.147800 0.181000 0.182800 0.174000 0.149400 0.140000 0.221700 0.192600 0.147000 0.223100 0.203000 0.196500 0.189400
TibetanAnt 0.094700 0.486900 0.147300 0.389500 0.095300 0.069500 0.115500 0.106200 0.151600 0.165100 0.096000 0.144200 0.094000 0.089700 0.076500 0.080700 0.180700 0.165800 0.000000 0.131100 0.093700 0.075600 0.164400 0.147200 0.076100 0.136900 0.088000 0.130700 0.094000 0.140000 0.155800 0.094700 0.209800 0.093100 0.074700 0.104700 0.105500 0.107700 0.112800 0.162000 0.149800 0.105800 0.173400 0.134100 0.110800 0.165300 0.119700 0.076400 0.120600 0.186600 0.143900 0.144500
Sitatunga 0.160300 0.483000 0.032700 0.359900 0.111000 0.133400 0.138700 0.178700 0.025400 0.108600 0.133600 0.105300 0.137000 0.091000 0.105300 0.151200 0.169700 0.182900 0.131100 0.000000 0.136700 0.125500 0.107900 0.113200 0.112300 0.181900 0.130700 0.019000 0.151400 0.032500 0.114700 0.110000 0.215000 0.135700 0.116700 0.065700 0.156000 0.124000 0.156900 0.135200 0.093500 0.163600 0.116500 0.114300 0.072000 0.184800 0.193800 0.091500 0.166100 0.176200 0.044600 0.031800
Oribi 0.087700 0.494300 0.132400 0.367400 0.114600 0.075700 0.114300 0.060500 0.150100 0.157100 0.088800 0.136200 0.086800 0.095600 0.082400 0.047700 0.193300 0.185100 0.093700 0.136700 0.000000 0.068700 0.141800 0.138800 0.069200 0.065100 0.080800 0.129400 0.048600 0.131900 0.148300 0.100500 0.230500 0.098900 0.067700 0.097000 0.098400 0.126900 0.048200 0.153200 0.127600 0.060000 0.165200 0.125900 0.103100 0.141800 0.098900 0.082500 0.112900 0.192800 0.156500 0.136400
BarbaryShe 0.056500 0.486500 0.134800 0.318100 0.090100 0.031400 0.109900 0.107500 0.131700 0.152400 0.044100 0.117900 0.068900 0.077300 0.064100 0.081900 0.182900 0.181300 0.075600 0.125500 0.068700 0.000000 0.151500 0.134300 0.024800 0.111900 0.062800 0.125000 0.082100 0.127600 0.143300 0.082500 0.205900 0.068200 0.062400 0.092100 0.049000 0.102500 0.087700 0.148900 0.136900 0.094000 0.160600 0.121200 0.098400 0.152400 0.135000 0.077400 0.108500 0.189400 0.152600 0.138800
Daviddeer 0.188400 0.432400 0.103600 0.354000 0.143500 0.160300 0.173100 0.184400 0.122500 0.055600 0.175700 0.137000 0.155900 0.122800 0.123400 0.156700 0.166900 0.180500 0.164400 0.107900 0.141800 0.151500 0.000000 0.074900 0.152800 0.188100 0.149500 0.115500 0.157000 0.103000 0.062000 0.142200 0.191300 0.168800 0.134800 0.095000 0.182800 0.157000 0.161800 0.096600 0.013400 0.169400 0.063000 0.075600 0.101600 0.151800 0.184700 0.108700 0.171300 0.167500 0.129400 0.115300
Reindeer 0.169800 0.420100 0.109000 0.317300 0.127000 0.142600 0.140600 0.181000 0.127300 0.075100 0.157200 0.106500 0.139000 0.092900 0.107100 0.153300 0.142400 0.155800 0.147200 0.113200 0.138800 0.134300 0.074900 0.000000 0.135400 0.184300 0.132700 0.106400 0.153700 0.108600 0.081300 0.111700 0.172600 0.151500 0.118500 0.080400 0.150700 0.139700 0.144800 0.073100 0.075100 0.165800 0.082600 0.039300 0.086600 0.149200 0.181600 0.093100 0.139100 0.142000 0.134100 0.120300
Ibex 0.056900 0.469900 0.121500 0.321500 0.083800 0.031700 0.110700 0.108300 0.118700 0.153700 0.018800 0.132900 0.069400 0.077900 0.064600 0.082400 0.191200 0.182600 0.076100 0.112300 0.069200 0.024800 0.152800 0.135400 0.000000 0.112700 0.063200 0.112000 0.082600 0.114400 0.144500 0.083100 0.229600 0.068600 0.062900 0.092800 0.055500 0.096300 0.088300 0.150200 0.138100 0.094600 0.162000 0.122100 0.099100 0.153600 0.135900 0.078000 0.095800 0.206300 0.139500 0.125800
GyrantGaze 0.131000 0.509700 0.178000 0.413500 0.144700 0.119300 0.158100 0.102200 0.195100 0.203900 0.132600 0.166900 0.103700 0.139500 0.126200 0.077500 0.195200 0.186800 0.136900 0.181900 0.065100 0.111900 0.188100 0.184300 0.112700 0.000000 0.110700 0.174000 0.078000 0.177400 0.194500 0.130600 0.276300 0.128600 0.084800 0.128000 0.115000 0.156800 0.083600 0.169500 0.173800 0.028700 0.212300 0.171400 0.133900 0.181100 0.128300 0.126300 0.169800 0.194600 0.201500 0.181200
Hartebeest 0.095100 0.511800 0.126300 0.332100 0.095400 0.069800 0.108500 0.106300 0.130000 0.150100 0.082900 0.130400 0.005900 0.076300 0.063300 0.094000 0.187400 0.179300 0.088000 0.130700 0.080800 0.062800 0.149500 0.132700 0.063200 0.110700 0.000000 0.109700 0.094200 0.125900 0.141300 0.081500 0.224900 0.017900 0.049100 0.090900 0.079900 0.107700 0.086700 0.147100 0.135000 0.106000 0.158200 0.119700 0.097100 0.143400 0.147200 0.076400 0.120700 0.187100 0.150600 0.123100
Bongo 0.159600 0.489800 0.038900 0.329100 0.103900 0.133100 0.131000 0.156300 0.031400 0.116000 0.133000 0.097600 0.115900 0.084400 0.098100 0.143600 0.161600 0.175000 0.130700 0.019000 0.129400 0.125000 0.115500 0.106400 0.112000 0.174000 0.109700 0.000000 0.143900 0.038800 0.122000 0.103000 0.206500 0.114800 0.096000 0.058500 0.155400 0.116500 0.135400 0.127900 0.101200 0.155900 0.123900 0.107400 0.064700 0.176100 0.185600 0.084600 0.157900 0.168400 0.050700 0.024900
Gerenuk 0.101400 0.497500 0.147200 0.388200 0.128700 0.089300 0.142100 0.073200 0.164900 0.172600 0.102600 0.150800 0.100200 0.109400 0.096100 0.024000 0.208900 0.171300 0.094000 0.151400 0.048600 0.082100 0.157000 0.153700 0.082600 0.078000 0.094200 0.143900 0.000000 0.146700 0.148700 0.100900 0.246500 0.099200 0.080900 0.111100 0.111900 0.141100 0.067000 0.153500 0.142600 0.048000 0.180900 0.140600 0.117300 0.171900 0.099400 0.096200 0.140400 0.208400 0.171400 0.151000
CommonElan 0.162800 0.479800 0.026300 0.376600 0.105900 0.135900 0.148000 0.173900 0.045300 0.103500 0.135800 0.099500 0.132200 0.099900 0.100100 0.146400 0.164800 0.178200 0.140000 0.032500 0.131900 0.127600 0.103000 0.108600 0.114400 0.177400 0.125900 0.038800 0.146700 0.000000 0.109700 0.118800 0.210400 0.130900 0.111700 0.059600 0.158500 0.118700 0.152200 0.130700 0.088600 0.159000 0.111400 0.109600 0.066000 0.179600 0.189000 0.086300 0.161000 0.171800 0.051800 0.038700
MuntiacusR 0.179800 0.440900 0.102600 0.302700 0.149900 0.151900 0.179400 0.191000 0.129100 0.020200 0.167000 0.143600 0.147700 0.129300 0.129900 0.148400 0.173300 0.171500 0.155800 0.114700 0.148300 0.143300 0.062000 0.081300 0.144500 0.194500 0.141300 0.122000 0.148700 0.109700 0.000000 0.148600 0.197400 0.146000 0.141000 0.101600 0.174600 0.163300 0.168400 0.102900 0.062200 0.160900 0.026800 0.082100 0.108300 0.158800 0.206500 0.115200 0.177500 0.173700 0.135800 0.121800
HarveysDui 0.115400 0.455400 0.119400 0.340500 0.088700 0.089800 0.062200 0.140000 0.123300 0.142800 0.103200 0.109600 0.074600 0.018500 0.056800 0.100700 0.159000 0.151200 0.094700 0.110000 0.100500 0.082500 0.142200 0.111700 0.083100 0.130600 0.081500 0.103000 0.100900 0.118800 0.148600 0.000000 0.217600 0.099800 0.068400 0.084200 0.086400 0.101100 0.093300 0.140000 0.127800 0.112700 0.150900 0.112800 0.090400 0.143100 0.140700 0.069900 0.114000 0.179700 0.143700 0.130200
Pronghorn 0.249000 0.530200 0.211400 0.398100 0.204500 0.237200 0.241400 0.259000 0.228500 0.176900 0.237300 0.176600 0.231000 0.199300 0.192400 0.245900 0.184400 0.212300 0.209800 0.215000 0.230500 0.205900 0.191300 0.172600 0.229600 0.276300 0.224900 0.206500 0.246500 0.210400 0.197400 0.217600 0.000000 0.243700 0.209900 0.173000 0.242400 0.210200 0.251400 0.187100 0.191800 0.258200 0.200400 0.174100 0.178900 0.263200 0.259800 0.170600 0.223800 0.211900 0.235100 0.220900
BlueWildeb 0.100100 0.524800 0.131400 0.334400 0.113800 0.075100 0.127000 0.124400 0.121100 0.169700 0.088100 0.149000 0.023800 0.094800 0.081800 0.099000 0.199500 0.191100 0.093100 0.135700 0.098900 0.068200 0.168800 0.151500 0.068600 0.128600 0.017900 0.114800 0.099200 0.130900 0.146000 0.099800 0.243700 0.000000 0.067000 0.109700 0.084900 0.126000 0.104700 0.166000 0.154300 0.110800 0.177900 0.138600 0.115800 0.162900 0.165500 0.095000 0.139000 0.191500 0.155400 0.128100
Gemsbok 0.094600 0.487300 0.112100 0.349200 0.095100 0.069300 0.108300 0.092900 0.129900 0.135200 0.082500 0.116300 0.042600 0.076200 0.063100 0.080700 0.158200 0.164600 0.074700 0.116700 0.067700 0.062400 0.134800 0.118500 0.062900 0.084800 0.049100 0.096000 0.080900 0.111700 0.141000 0.068400 0.209900 0.067000 0.000000 0.077300 0.079500 0.107500 0.061000 0.132600 0.120600 0.079800 0.143200 0.105500 0.083400 0.143100 0.119700 0.063200 0.106900 0.158000 0.136400 0.109300
Yak 0.126200 0.465400 0.059900 0.326600 0.084900 0.099800 0.112100 0.137600 0.078600 0.095400 0.113800 0.051800 0.097200 0.065400 0.065400 0.110900 0.120700 0.134000 0.104700 0.065700 0.097000 0.092100 0.095000 0.080400 0.092800 0.128000 0.090900 0.058500 0.111100 0.059600 0.101600 0.084200 0.173000 0.109700 0.077300 0.000000 0.123000 0.097600 0.116800 0.108600 0.080600 0.123400 0.103200 0.081100 0.006400 0.140800 0.152300 0.052100 0.124900 0.148800 0.085000 0.071800
BlueSheep 0.086500 0.475700 0.165700 0.361100 0.113200 0.061900 0.126300 0.137100 0.162000 0.183800 0.074600 0.141500 0.073100 0.094400 0.094600 0.111600 0.184200 0.205000 0.105500 0.156000 0.098400 0.049000 0.182800 0.150700 0.055500 0.115000 0.079900 0.155400 0.111900 0.158500 0.174600 0.086400 0.242400 0.084900 0.079500 0.123000 0.000000 0.138900 0.091400 0.179700 0.168200 0.110500 0.192100 0.152200 0.129100 0.183800 0.164600 0.107900 0.124800 0.219800 0.182800 0.169200
BohorReedb 0.128700 0.499000 0.119200 0.369500 0.037000 0.116700 0.122000 0.153500 0.137000 0.157600 0.116600 0.130200 0.113700 0.082900 0.082900 0.140800 0.179500 0.179000 0.107700 0.124000 0.126900 0.102500 0.157000 0.139700 0.096300 0.156800 0.107700 0.116500 0.141100 0.118700 0.163300 0.101100 0.210200 0.126000 0.107500 0.097600 0.138900 0.000000 0.146500 0.139500 0.142500 0.139000 0.165800 0.140900 0.103700 0.157500 0.153700 0.069700 0.126800 0.172300 0.129500 0.130000
KirksDik 0.106700 0.466400 0.152900 0.373000 0.134100 0.081600 0.133700 0.060200 0.170300 0.177500 0.108200 0.142200 0.079900 0.101500 0.101800 0.066900 0.192700 0.199100 0.112800 0.156900 0.048200 0.087700 0.161800 0.144800 0.088300 0.083600 0.086700 0.135400 0.067000 0.152200 0.168400 0.093300 0.251400 0.104700 0.061000 0.116800 0.091400 0.146500 0.000000 0.173700 0.147400 0.066200 0.185900 0.146200 0.122900 0.177500 0.098400 0.101800 0.125600 0.199000 0.176800 0.142400
RoeDeer 0.169800 0.463400 0.131100 0.355300 0.141200 0.157500 0.170000 0.180900 0.149300 0.096900 0.172300 0.149600 0.153400 0.135500 0.121400 0.153200 0.164000 0.147800 0.162000 0.135200 0.153200 0.148900 0.096600 0.073100 0.150200 0.169500 0.147100 0.127900 0.153500 0.130700 0.102900 0.140000 0.187100 0.166000 0.132600 0.108600 0.179700 0.139500 0.173700 0.000000 0.096900 0.151200 0.104600 0.060000 0.114900 0.180400 0.181600 0.121400 0.168000 0.156500 0.149000 0.142100
WhiteLippe 0.173300 0.434100 0.089100 0.355200 0.129100 0.145400 0.158300 0.169700 0.108100 0.055800 0.160600 0.122500 0.141400 0.108400 0.109000 0.142300 0.167400 0.181000 0.149800 0.093500 0.127600 0.136900 0.013400 0.075100 0.138100 0.173800 0.135000 0.101200 0.142600 0.088600 0.062200 0.127800 0.191800 0.154300 0.120600 0.080600 0.168200 0.142500 0.147400 0.096900 0.000000 0.155000 0.063200 0.075800 0.087300 0.152300 0.170000 0.094400 0.156700 0.168100 0.115000 0.101000
ThomsonGaz 0.126500 0.488300 0.159500 0.401300 0.126800 0.101300 0.154000 0.084800 0.176900 0.185000 0.114600 0.162800 0.098900 0.121400 0.108100 0.047000 0.191300 0.182800 0.105800 0.163600 0.060000 0.094000 0.169400 0.165800 0.094600 0.028700 0.106000 0.155900 0.048000 0.159000 0.160900 0.112700 0.258200 0.110800 0.079800 0.123400 0.110500 0.139000 0.066200 0.151200 0.155000 0.000000 0.193300 0.152900 0.129400 0.184200 0.110800 0.108200 0.152100 0.190700 0.183400 0.163000
MuntiacusC 0.198000 0.450000 0.104300 0.316400 0.152200 0.169600 0.182200 0.209200 0.131100 0.020500 0.176800 0.145700 0.164700 0.131300 0.131900 0.180600 0.176000 0.174000 0.173400 0.116500 0.165200 0.160600 0.063000 0.082600 0.162000 0.212300 0.158200 0.123900 0.180900 0.111400 0.026800 0.150900 0.200400 0.177900 0.143200 0.103200 0.192100 0.165800 0.185900 0.104600 0.063200 0.193300 0.000000 0.083400 0.109900 0.161500 0.209600 0.117000 0.165000 0.176500 0.137900 0.123600
WhiteTaile 0.156500 0.437700 0.103000 0.320700 0.128100 0.129400 0.127700 0.167900 0.128400 0.075900 0.143900 0.121800 0.126000 0.107900 0.094000 0.140300 0.150600 0.149400 0.134100 0.114300 0.125900 0.121200 0.075600 0.039300 0.122100 0.171400 0.119700 0.107400 0.140600 0.109600 0.082100 0.112800 0.174100 0.138600 0.105500 0.081100 0.152200 0.140900 0.146200 0.060000 0.075800 0.152900 0.083400 0.000000 0.087400 0.150700 0.168400 0.094000 0.140500 0.143200 0.135300 0.121300
Cattle 0.132500 0.471600 0.066200 0.333000 0.091100 0.106100 0.118200 0.143700 0.084800 0.102100 0.120100 0.058000 0.103300 0.071600 0.071700 0.117000 0.126800 0.140000 0.110800 0.072000 0.103100 0.098400 0.101600 0.086600 0.099100 0.133900 0.097100 0.064700 0.117300 0.066000 0.108300 0.090400 0.178900 0.115800 0.083400 0.006400 0.129100 0.103700 0.122900 0.114900 0.087300 0.129400 0.109900 0.087400 0.000000 0.147200 0.158300 0.058400 0.130900 0.155000 0.091200 0.078000
RoyalAntel 0.173900 0.496400 0.180700 0.384700 0.144300 0.161300 0.158500 0.200100 0.199100 0.152800 0.176400 0.183400 0.149800 0.123800 0.124000 0.171600 0.214900 0.221700 0.165300 0.184800 0.141800 0.152400 0.151800 0.149200 0.153600 0.181100 0.143400 0.176100 0.171900 0.179600 0.158800 0.143100 0.263200 0.162900 0.143100 0.140800 0.183800 0.157500 0.177500 0.180400 0.152300 0.184200 0.161500 0.150700 0.147200 0.000000 0.209200 0.124100 0.179900 0.222700 0.206100 0.191200
Steenbok 0.161700 0.447400 0.190000 0.443500 0.141200 0.135900 0.162400 0.111500 0.192700 0.201000 0.156800 0.185100 0.153200 0.150000 0.136300 0.099200 0.222500 0.192600 0.119700 0.193800 0.098900 0.135000 0.184700 0.181600 0.135900 0.128300 0.147200 0.185600 0.099400 0.189000 0.206500 0.140700 0.259800 0.165500 0.119700 0.152300 0.164600 0.153700 0.098400 0.181600 0.170000 0.110800 0.209600 0.168400 0.158300 0.209200 0.000000 0.122600 0.166800 0.206600 0.184600 0.193000
Impala 0.110800 0.435300 0.086600 0.340500 0.057300 0.084800 0.083800 0.122100 0.105000 0.109200 0.098400 0.091300 0.082600 0.051300 0.051300 0.096000 0.147400 0.147000 0.076400 0.091500 0.082500 0.077400 0.108700 0.093100 0.078000 0.126300 0.076400 0.084600 0.096200 0.086300 0.115200 0.069900 0.170600 0.095000 0.063200 0.052100 0.107900 0.069700 0.101800 0.121400 0.094400 0.108200 0.117000 0.094000 0.058400 0.124100 0.122600 0.000000 0.102900 0.132500 0.097700 0.098100
Klipspring 0.128000 0.486100 0.161600 0.395100 0.128700 0.116100 0.101000 0.152500 0.179200 0.172000 0.116000 0.150400 0.126700 0.095900 0.109500 0.140100 0.201300 0.223100 0.120600 0.166100 0.112900 0.108500 0.171300 0.139100 0.095800 0.169800 0.120700 0.157900 0.140400 0.161000 0.177500 0.114000 0.223800 0.139000 0.106900 0.124900 0.124800 0.126800 0.125600 0.168000 0.156700 0.152100 0.165000 0.140500 0.130900 0.179900 0.166800 0.102900 0.000000 0.231100 0.185800 0.171800
ForestMusk 0.225700 0.428000 0.172500 0.373900 0.151900 0.198300 0.211000 0.221000 0.190400 0.168100 0.229200 0.167500 0.178800 0.175600 0.176200 0.192900 0.182400 0.203000 0.186600 0.176200 0.192800 0.189400 0.167500 0.142000 0.206300 0.194600 0.187100 0.168400 0.208400 0.171800 0.173700 0.179700 0.211900 0.191500 0.158000 0.148800 0.219800 0.172300 0.199000 0.156500 0.168100 0.190700 0.176500 0.143200 0.155000 0.222700 0.206600 0.132500 0.231100 0.000000 0.182000 0.182700
Bushbuck 0.187800 0.464200 0.052000 0.404600 0.116900 0.161000 0.152000 0.198400 0.044200 0.129900 0.161000 0.124500 0.156800 0.125100 0.111400 0.171100 0.190300 0.196500 0.143900 0.044600 0.156500 0.152600 0.129400 0.134100 0.139500 0.201500 0.150600 0.050700 0.171400 0.051800 0.135800 0.143700 0.235100 0.155400 0.136400 0.085000 0.182800 0.129500 0.176800 0.149000 0.115000 0.183400 0.137900 0.135300 0.091200 0.206100 0.184600 0.097700 0.185800 0.182000 0.000000 0.050700
GreaterKud 0.173800 0.488400 0.038900 0.366200 0.117400 0.147100 0.159100 0.163400 0.044200 0.115800 0.147000 0.111100 0.129300 0.111600 0.111700 0.150700 0.175900 0.189400 0.144500 0.031800 0.136400 0.138800 0.115300 0.120300 0.125800 0.181200 0.123100 0.024900 0.151000 0.038700 0.121800 0.130200 0.220900 0.128100 0.109300 0.071800 0.169200 0.130000 0.142400 0.142100 0.101000 0.163000 0.123600 0.121300 0.078000 0.191200 0.193000 0.098100 0.171800 0.182700 0.050700 0.000000
