1
52 1
Argali 0.000000 0.261300 0.092600 0.234100 0.119100 0.000000 0.059800 0.101100 0.092600 0.125600 0.014500 0.076300 0.060800 0.068000 0.102300 0.110200 0.111000 0.109700 0.052800 0.100300 0.111800 0.007200 0.125400 0.125400 0.014500 0.085100 0.061100 0.092500 0.102100 0.110100 0.117500 0.076400 0.135400 0.068400 0.036900 0.075600 0.000000 0.085400 0.094300 0.124700 0.100200 0.085000 0.125600 0.136100 0.059700 0.084300 0.100400 0.093800 0.084300 0.108900 0.101100 0.092500
LesserMous 0.261300 0.000000 0.208000 0.239100 0.239500 0.261300 0.205600 0.226700 0.208100 0.258600 0.263700 0.227100 0.278500 0.217300 0.221300 0.261000 0.231900 0.207400 0.268700 0.216800 0.220100 0.272300 0.247200 0.216000 0.263700 0.208200 0.279900 0.207700 0.229400 0.209100 0.269900 0.228200 0.248900 0.287300 0.254700 0.225400 0.261900 0.240500 0.245000 0.266700 0.216400 0.208200 0.258600 0.229800 0.204500 0.237500 0.226200 0.252600 0.227000 0.226700 0.218900 0.207700
LesserKudu 0.092600 0.208000 0.000000 0.181200 0.079000 0.092600 0.030300 0.070600 0.000100 0.078500 0.093700 0.046100 0.103900 0.038300 0.055100 0.079300 0.047000 0.062600 0.087100 0.007400 0.088900 0.101300 0.078300 0.078300 0.093700 0.054700 0.104300 0.000100 0.071300 0.015100 0.087000 0.046400 0.087300 0.111700 0.069600 0.045800 0.092900 0.062600 0.064100 0.077900 0.054000 0.054600 0.078500 0.088000 0.030100 0.038000 0.070100 0.046900 0.038200 0.062300 0.007500 0.000100
KillerWhal 0.234100 0.239100 0.181200 0.000000 0.191300 0.234100 0.179400 0.199800 0.181100 0.199600 0.236300 0.200000 0.231600 0.170900 0.174100 0.232600 0.164300 0.161600 0.219500 0.189600 0.213400 0.244900 0.208200 0.179400 0.236300 0.181400 0.243000 0.180700 0.182100 0.202900 0.209900 0.190700 0.200300 0.230000 0.227800 0.178900 0.234600 0.212200 0.216900 0.207500 0.178700 0.181300 0.199600 0.172300 0.178300 0.209900 0.219100 0.193000 0.180100 0.199500 0.191500 0.180700
DefassaWat 0.119100 0.239500 0.079000 0.191300 0.000000 0.119100 0.054500 0.079500 0.078900 0.104400 0.120600 0.087700 0.113400 0.046700 0.080700 0.106300 0.080500 0.062700 0.087700 0.086700 0.089300 0.127900 0.104300 0.104300 0.120600 0.063400 0.114000 0.078700 0.063600 0.096400 0.113400 0.063200 0.087400 0.121300 0.095300 0.070300 0.119400 0.030900 0.090600 0.103700 0.079000 0.063400 0.104400 0.097000 0.070100 0.070700 0.096000 0.080800 0.079400 0.070900 0.087400 0.078700
Sheep 0.000000 0.261300 0.092600 0.234100 0.119100 0.000000 0.059800 0.101100 0.092600 0.125600 0.014500 0.076300 0.060800 0.068000 0.102300 0.110200 0.111000 0.109700 0.052800 0.100300 0.111800 0.007200 0.125400 0.125400 0.014500 0.085100 0.061100 0.092500 0.102100 0.110100 0.117500 0.076400 0.135400 0.068400 0.036900 0.075600 0.000000 0.085400 0.094300 0.124700 0.100200 0.085000 0.125600 0.136100 0.059700 0.084300 0.100400 0.093800 0.084300 0.108900 0.101100 0.092500
MaxwellsDu 0.059800 0.205600 0.030300 0.179400 0.054500 0.059800 0.000000 0.038200 0.030300 0.061500 0.060600 0.030200 0.069900 0.007500 0.038600 0.046400 0.046700 0.046100 0.053900 0.037800 0.055000 0.068100 0.061500 0.061400 0.060600 0.022800 0.070200 0.030300 0.038600 0.046200 0.069800 0.015100 0.070000 0.077500 0.037600 0.030000 0.060100 0.038600 0.031100 0.061100 0.037900 0.022800 0.061500 0.070500 0.014800 0.022600 0.037900 0.030800 0.022600 0.045800 0.038100 0.030300
GazellaPrz 0.101100 0.226700 0.070600 0.199800 0.079500 0.101100 0.038200 0.000000 0.070500 0.095000 0.093900 0.070400 0.095200 0.046300 0.071500 0.054700 0.079800 0.078800 0.086900 0.078300 0.059600 0.109800 0.094900 0.086400 0.093900 0.030800 0.095600 0.070400 0.046800 0.087700 0.103700 0.054600 0.103800 0.103000 0.077800 0.069700 0.101400 0.063100 0.039400 0.077900 0.070100 0.030800 0.095000 0.079200 0.053500 0.062400 0.038100 0.071700 0.062200 0.070300 0.078900 0.070400
MountainNy 0.092600 0.208100 0.000100 0.181100 0.078900 0.092600 0.030300 0.070500 0.000000 0.078400 0.093600 0.046100 0.103800 0.038300 0.055100 0.079300 0.047000 0.062600 0.087000 0.007400 0.088800 0.101200 0.078200 0.078200 0.093600 0.054600 0.104200 0.000000 0.071200 0.015100 0.086900 0.046400 0.087200 0.111600 0.069500 0.045700 0.092800 0.062500 0.064000 0.077800 0.053900 0.054600 0.078400 0.087900 0.030100 0.038000 0.070000 0.046800 0.038200 0.062200 0.007500 0.000000
MuntiacusM 0.125600 0.258600 0.078500 0.199600 0.104400 0.125600 0.061500 0.095000 0.078400 0.000000 0.127100 0.078100 0.138200 0.053800 0.071200 0.112900 0.079800 0.062200 0.103300 0.086200 0.123300 0.134600 0.045400 0.029900 0.127100 0.087200 0.138700 0.078300 0.087500 0.095900 0.007400 0.070200 0.086500 0.128100 0.102100 0.061300 0.125900 0.104600 0.094400 0.045200 0.037800 0.087200 0.000000 0.037800 0.061100 0.086500 0.085700 0.087800 0.086300 0.086500 0.086900 0.078300
goat 0.014500 0.263700 0.093700 0.236300 0.120600 0.014500 0.060600 0.093900 0.093600 0.127100 0.000000 0.077100 0.069300 0.068900 0.086600 0.102900 0.112300 0.111000 0.053400 0.101400 0.104300 0.021900 0.126900 0.109700 0.000000 0.077900 0.069500 0.093500 0.094800 0.111300 0.118800 0.077400 0.136800 0.076900 0.037300 0.076500 0.014300 0.086500 0.086900 0.126100 0.101400 0.077700 0.127100 0.120000 0.060400 0.085300 0.093100 0.095000 0.085100 0.110200 0.102200 0.093500
AfricanBuf 0.076300 0.227100 0.046100 0.200000 0.087700 0.076300 0.030200 0.070400 0.046100 0.078100 0.077100 0.000000 0.086600 0.038200 0.054900 0.079200 0.063200 0.062300 0.070300 0.053600 0.088600 0.084500 0.078000 0.077900 0.077100 0.054300 0.087000 0.045900 0.071100 0.062300 0.086500 0.030600 0.086900 0.094300 0.053400 0.030100 0.076500 0.071100 0.063900 0.077500 0.053800 0.054500 0.078100 0.087500 0.014900 0.054000 0.069800 0.063100 0.053900 0.062000 0.054200 0.045900
Topi 0.060800 0.278500 0.103900 0.231600 0.113400 0.060800 0.069900 0.095200 0.103800 0.138200 0.069300 0.086600 0.000000 0.078500 0.096500 0.122200 0.114000 0.112500 0.054000 0.111700 0.123200 0.068900 0.138000 0.138000 0.069300 0.096100 0.014500 0.103600 0.113300 0.122100 0.129700 0.087200 0.111700 0.036800 0.029900 0.085900 0.060900 0.079300 0.106900 0.137100 0.111800 0.096100 0.138200 0.130800 0.069300 0.095300 0.111800 0.104100 0.095100 0.120700 0.112700 0.103600
CommonDuik 0.068000 0.217300 0.038300 0.170900 0.046700 0.068000 0.007500 0.046300 0.038300 0.053800 0.068900 0.038200 0.078500 0.000000 0.030900 0.054700 0.038900 0.038400 0.046200 0.045900 0.063600 0.076400 0.053800 0.053700 0.068900 0.030700 0.078800 0.038200 0.030800 0.054500 0.062000 0.015100 0.062200 0.086200 0.045600 0.022500 0.068300 0.046800 0.039400 0.053500 0.030300 0.030700 0.053800 0.062700 0.022400 0.030500 0.045900 0.030900 0.030400 0.054000 0.046300 0.038200
Suni 0.102300 0.221300 0.055100 0.174100 0.080700 0.102300 0.038600 0.071500 0.055100 0.071200 0.086600 0.054900 0.096500 0.030900 0.000000 0.080500 0.055400 0.055200 0.079800 0.062900 0.090200 0.111100 0.071000 0.054600 0.086600 0.055400 0.096900 0.055000 0.055600 0.072100 0.079700 0.047000 0.079900 0.122100 0.078800 0.038400 0.102600 0.080800 0.065000 0.070600 0.046600 0.055400 0.071200 0.063800 0.038300 0.063100 0.071000 0.064100 0.063000 0.063200 0.063400 0.055000
Springbuck 0.110200 0.261000 0.079300 0.232600 0.106300 0.110200 0.046400 0.054700 0.079300 0.112900 0.102900 0.079200 0.122200 0.054700 0.080500 0.000000 0.097900 0.096600 0.087900 0.087100 0.077300 0.119100 0.112800 0.104000 0.102900 0.038900 0.122900 0.079100 0.039100 0.088000 0.121900 0.063200 0.122500 0.130200 0.086700 0.078400 0.110500 0.089100 0.047900 0.095200 0.087200 0.038900 0.112900 0.114400 0.061900 0.071100 0.054300 0.080700 0.070900 0.095900 0.087800 0.079100
Okapi 0.111000 0.231900 0.047000 0.164300 0.080500 0.111000 0.046700 0.079800 0.047000 0.079800 0.112300 0.063200 0.114000 0.038900 0.055400 0.097900 0.000000 0.030800 0.079000 0.054800 0.089000 0.120000 0.079600 0.079600 0.112300 0.072200 0.114500 0.046900 0.072400 0.063800 0.088400 0.055200 0.070800 0.122000 0.087400 0.046500 0.111300 0.080700 0.082400 0.079100 0.054800 0.072200 0.079800 0.080600 0.046400 0.071600 0.087900 0.055700 0.054900 0.071700 0.055200 0.046900
Giraffe 0.109700 0.207400 0.062600 0.161600 0.062700 0.109700 0.046100 0.078800 0.062600 0.062200 0.111000 0.062300 0.112500 0.038400 0.055200 0.096600 0.030800 0.000000 0.078000 0.070300 0.070900 0.118500 0.078500 0.062000 0.111000 0.054700 0.112900 0.062500 0.054900 0.079700 0.070400 0.054500 0.053600 0.120300 0.086200 0.045900 0.109900 0.079600 0.081300 0.078000 0.054100 0.054700 0.062200 0.062800 0.045700 0.070600 0.086800 0.071700 0.070500 0.062300 0.070900 0.062500
TibetanAnt 0.052800 0.268700 0.087100 0.219500 0.087700 0.052800 0.053900 0.086900 0.087000 0.103300 0.053400 0.070300 0.054000 0.046200 0.079800 0.087900 0.079000 0.078000 0.000000 0.094800 0.104900 0.060800 0.103200 0.103200 0.053400 0.079400 0.054300 0.086800 0.063100 0.104700 0.095200 0.062500 0.102800 0.061600 0.030200 0.053500 0.052900 0.071200 0.089600 0.102600 0.078200 0.079400 0.103300 0.104400 0.053400 0.078700 0.094900 0.079900 0.078500 0.103700 0.095600 0.086800
Sitatunga 0.100300 0.216800 0.007400 0.189600 0.086700 0.100300 0.037800 0.078300 0.007400 0.086200 0.101400 0.053600 0.111700 0.045900 0.062900 0.087100 0.054800 0.070300 0.094800 0.000000 0.096800 0.109000 0.086000 0.086000 0.101400 0.062100 0.112200 0.007400 0.079100 0.022400 0.094700 0.054100 0.078400 0.119500 0.077200 0.053300 0.100600 0.070300 0.072000 0.085500 0.061600 0.062300 0.086200 0.095800 0.037600 0.045600 0.077700 0.054600 0.045800 0.069900 0.014900 0.007400
Oribi 0.111800 0.220100 0.088900 0.213400 0.089300 0.111800 0.055000 0.059600 0.088800 0.123300 0.104300 0.088600 0.123200 0.063600 0.090200 0.077300 0.089000 0.070900 0.104900 0.096800 0.000000 0.120600 0.123100 0.114100 0.104300 0.031300 0.123800 0.088700 0.051300 0.107100 0.132600 0.072300 0.095800 0.131200 0.096300 0.087800 0.112000 0.089600 0.056900 0.105000 0.096900 0.031300 0.123300 0.115300 0.070800 0.080400 0.063100 0.090500 0.080100 0.088400 0.097700 0.088700
BarbaryShe 0.007200 0.272300 0.101300 0.244900 0.127900 0.007200 0.068100 0.109800 0.101200 0.134600 0.021900 0.084500 0.068900 0.076400 0.111100 0.119100 0.120000 0.118500 0.060800 0.109000 0.120600 0.000000 0.134400 0.134400 0.021900 0.093600 0.069200 0.101000 0.110900 0.118900 0.126300 0.084900 0.144400 0.076500 0.044200 0.083800 0.007200 0.094000 0.103500 0.133600 0.108900 0.093500 0.134600 0.145300 0.067700 0.092800 0.108900 0.102600 0.092600 0.117700 0.109800 0.101000
Daviddeer 0.125400 0.247200 0.078300 0.208200 0.104300 0.125400 0.061500 0.094900 0.078200 0.045400 0.126900 0.078000 0.138000 0.053800 0.071000 0.112800 0.079600 0.078500 0.103200 0.086000 0.123100 0.134400 0.000000 0.045400 0.126900 0.087100 0.138600 0.078100 0.087400 0.095600 0.053400 0.070100 0.086400 0.146000 0.102000 0.061100 0.125700 0.104500 0.096300 0.045200 0.022400 0.087100 0.045400 0.070300 0.061000 0.086400 0.085600 0.087700 0.086200 0.086300 0.086700 0.078100
Reindeer 0.125400 0.216000 0.078300 0.179400 0.104300 0.125400 0.061400 0.086400 0.078200 0.029900 0.109700 0.077900 0.138000 0.053700 0.054600 0.104000 0.079600 0.062000 0.103200 0.086000 0.114100 0.134400 0.045400 0.000000 0.109700 0.078700 0.138500 0.078100 0.078900 0.095700 0.037700 0.070100 0.103400 0.128000 0.101900 0.061100 0.125700 0.104400 0.088900 0.045100 0.022400 0.078700 0.029900 0.022600 0.061000 0.086300 0.077400 0.087600 0.086200 0.086300 0.086700 0.078100
Ibex 0.014500 0.263700 0.093700 0.236300 0.120600 0.014500 0.060600 0.093900 0.093600 0.127100 0.000000 0.077100 0.069300 0.068900 0.086600 0.102900 0.112300 0.111000 0.053400 0.101400 0.104300 0.021900 0.126900 0.109700 0.000000 0.077900 0.069500 0.093500 0.094800 0.111300 0.118800 0.077400 0.136800 0.076900 0.037300 0.076500 0.014300 0.086500 0.086900 0.126100 0.101400 0.077700 0.127100 0.120000 0.060400 0.085300 0.093100 0.095000 0.085100 0.110200 0.102200 0.093500
GyrantGaze 0.085100 0.208200 0.054700 0.181400 0.063400 0.085100 0.022800 0.030800 0.054600 0.087200 0.077900 0.054300 0.096100 0.030700 0.055400 0.038900 0.072200 0.054700 0.079400 0.062100 0.031300 0.093600 0.087100 0.078700 0.077900 0.000000 0.096600 0.054300 0.015400 0.071200 0.095900 0.038800 0.079100 0.103900 0.062000 0.054000 0.085400 0.063700 0.023600 0.070200 0.062400 0.000100 0.087200 0.088400 0.038100 0.046600 0.030500 0.055600 0.046500 0.054300 0.062800 0.054300
Hartebeest 0.061100 0.279900 0.104300 0.243000 0.114000 0.061100 0.070200 0.095600 0.104200 0.138700 0.069500 0.087000 0.014500 0.078800 0.096900 0.122900 0.114500 0.112900 0.054300 0.112200 0.123800 0.069200 0.138600 0.138500 0.069500 0.096600 0.000000 0.104000 0.113800 0.122500 0.130200 0.087700 0.112100 0.021900 0.030000 0.086200 0.061100 0.079700 0.107400 0.137700 0.112200 0.096600 0.138700 0.131200 0.069600 0.095700 0.112300 0.104600 0.095600 0.121300 0.113100 0.104000
Bongo 0.092500 0.207700 0.000100 0.180700 0.078700 0.092500 0.030300 0.070400 0.000000 0.078300 0.093500 0.045900 0.103600 0.038200 0.055000 0.079100 0.046900 0.062500 0.086800 0.007400 0.088700 0.101000 0.078100 0.078100 0.093500 0.054300 0.104000 0.000000 0.071100 0.015000 0.086700 0.046300 0.087000 0.111400 0.069400 0.045600 0.092700 0.062400 0.063900 0.077600 0.053800 0.054500 0.078300 0.087800 0.030000 0.038000 0.069900 0.046700 0.038100 0.062100 0.007500 0.000000
Gerenuk 0.102100 0.229400 0.071300 0.182100 0.063600 0.102100 0.038600 0.046800 0.071200 0.087500 0.094800 0.071100 0.113300 0.030800 0.055600 0.039100 0.072400 0.054900 0.063100 0.079100 0.051300 0.110900 0.087400 0.078900 0.094800 0.015400 0.113800 0.071100 0.000000 0.088700 0.096200 0.046900 0.078600 0.121200 0.078700 0.054200 0.102400 0.080800 0.039900 0.070400 0.062600 0.015400 0.087500 0.088700 0.054100 0.063000 0.046400 0.064000 0.062900 0.070900 0.079700 0.071100
CommonElan 0.110100 0.209100 0.015100 0.202900 0.096400 0.110100 0.046200 0.087700 0.015100 0.095900 0.111300 0.062300 0.122100 0.054500 0.072100 0.088000 0.063800 0.079700 0.104700 0.022400 0.107100 0.118900 0.095600 0.095700 0.111300 0.071200 0.122500 0.015000 0.088700 0.000000 0.104700 0.062900 0.105000 0.130000 0.086500 0.062000 0.110300 0.079500 0.081600 0.095100 0.070600 0.071400 0.095900 0.106000 0.045900 0.054200 0.087100 0.063600 0.054400 0.079200 0.022800 0.015000
MuntiacusR 0.117500 0.269900 0.087000 0.209900 0.113400 0.117500 0.069800 0.103700 0.086900 0.007400 0.118800 0.086500 0.129700 0.062000 0.079700 0.121900 0.088400 0.070400 0.095200 0.094700 0.132600 0.126300 0.053400 0.037700 0.118800 0.095900 0.130200 0.086700 0.096200 0.104700 0.000000 0.078600 0.095100 0.119800 0.094000 0.069400 0.117700 0.096400 0.103600 0.053100 0.045600 0.095900 0.007400 0.045400 0.069200 0.095100 0.094200 0.096500 0.094900 0.095000 0.095500 0.086700
HarveysDui 0.076400 0.228200 0.046400 0.190700 0.063200 0.076400 0.015100 0.054600 0.046400 0.070200 0.077400 0.030600 0.087200 0.015100 0.047000 0.063200 0.055200 0.054500 0.062500 0.054100 0.072300 0.084900 0.070100 0.070100 0.077400 0.038800 0.087700 0.046300 0.046900 0.062900 0.078600 0.000000 0.078900 0.095000 0.053800 0.038000 0.076700 0.055200 0.052900 0.069700 0.046100 0.038800 0.070200 0.079500 0.030200 0.038500 0.054100 0.031000 0.038400 0.062300 0.054500 0.046300
Pronghorn 0.135400 0.248900 0.087300 0.200300 0.087400 0.135400 0.070000 0.103800 0.087200 0.086500 0.136800 0.086900 0.111700 0.062200 0.079900 0.122500 0.070800 0.053600 0.102800 0.078400 0.095800 0.144400 0.086400 0.103400 0.136800 0.079100 0.112100 0.087000 0.078600 0.105000 0.095100 0.078900 0.000000 0.119500 0.102900 0.069700 0.135600 0.104900 0.105700 0.102800 0.078300 0.079100 0.086500 0.104600 0.069500 0.087100 0.112100 0.095100 0.095400 0.086700 0.095800 0.087000
BlueWildeb 0.068400 0.287300 0.111700 0.230000 0.121300 0.068400 0.077500 0.103000 0.111600 0.128100 0.076900 0.094300 0.036800 0.086200 0.122100 0.130200 0.122000 0.120300 0.061600 0.119500 0.131200 0.076500 0.146000 0.128000 0.076900 0.103900 0.021900 0.111400 0.121200 0.130000 0.119800 0.095000 0.119500 0.000000 0.037300 0.093500 0.068500 0.087100 0.114900 0.127200 0.119600 0.103900 0.128100 0.120800 0.076900 0.103100 0.119600 0.112100 0.102900 0.128700 0.120500 0.111400
Gemsbok 0.036900 0.254700 0.069600 0.227800 0.095300 0.036900 0.037600 0.077800 0.069500 0.102100 0.037300 0.053400 0.029900 0.045600 0.078800 0.086700 0.087400 0.086200 0.030200 0.077200 0.096300 0.044200 0.102000 0.101900 0.037300 0.062000 0.030000 0.069400 0.078700 0.086500 0.094000 0.053800 0.102900 0.037300 0.000000 0.052900 0.037000 0.062300 0.071500 0.101400 0.077200 0.062000 0.102100 0.112000 0.037300 0.061500 0.077300 0.070700 0.061400 0.085700 0.077800 0.069400
Yak 0.075600 0.225400 0.045800 0.178900 0.070300 0.075600 0.030000 0.069700 0.045700 0.061300 0.076500 0.030100 0.085900 0.022500 0.038400 0.078400 0.046500 0.045900 0.053500 0.053300 0.087800 0.083800 0.061100 0.061100 0.076500 0.054000 0.086200 0.045600 0.054200 0.062000 0.069400 0.038000 0.069700 0.093500 0.052900 0.000000 0.075800 0.070400 0.063300 0.060800 0.037600 0.054000 0.061300 0.070200 0.014700 0.053500 0.069200 0.054300 0.053400 0.061500 0.053700 0.045600
BlueSheep 0.000000 0.261900 0.092900 0.234600 0.119400 0.000000 0.060100 0.101400 0.092800 0.125900 0.014300 0.076500 0.060900 0.068300 0.102600 0.110500 0.111300 0.109900 0.052900 0.100600 0.112000 0.007200 0.125700 0.125700 0.014300 0.085400 0.061100 0.092700 0.102400 0.110300 0.117700 0.076700 0.135600 0.068500 0.037000 0.075800 0.000000 0.085700 0.094700 0.125000 0.100500 0.085200 0.125900 0.136400 0.059900 0.084500 0.100600 0.094100 0.084400 0.109200 0.101300 0.092700
BohorReedb 0.085400 0.240500 0.062600 0.212200 0.030900 0.085400 0.038600 0.063100 0.062500 0.104600 0.086500 0.071100 0.079300 0.046800 0.080800 0.089100 0.080700 0.079600 0.071200 0.070300 0.089600 0.094000 0.104500 0.104400 0.086500 0.063700 0.079700 0.062400 0.080800 0.079500 0.096400 0.055200 0.104900 0.087100 0.062300 0.070400 0.085700 0.000000 0.073400 0.103900 0.079100 0.063700 0.104600 0.097100 0.054000 0.054500 0.079200 0.072500 0.062900 0.071100 0.070800 0.062400
KirksDik 0.094300 0.245000 0.064100 0.216900 0.090600 0.094300 0.031100 0.039400 0.064000 0.094400 0.086900 0.063900 0.106900 0.039400 0.065000 0.047900 0.082400 0.081300 0.089600 0.072000 0.056900 0.103500 0.096300 0.088900 0.086900 0.023600 0.107400 0.063900 0.039900 0.081600 0.103600 0.052900 0.105700 0.114900 0.071500 0.063300 0.094700 0.073400 0.000000 0.080100 0.072000 0.023600 0.094400 0.099100 0.046800 0.055700 0.039100 0.065100 0.055700 0.080700 0.072600 0.063900
RoeDeer 0.124700 0.266700 0.077900 0.207500 0.103700 0.124700 0.061100 0.077900 0.077800 0.045200 0.126100 0.077500 0.137100 0.053500 0.070600 0.095200 0.079100 0.078000 0.102600 0.085500 0.105000 0.133600 0.045200 0.045100 0.126100 0.070200 0.137700 0.077600 0.070400 0.095100 0.053100 0.069700 0.102800 0.127200 0.101400 0.060800 0.125000 0.103900 0.080100 0.000000 0.037500 0.070200 0.045200 0.053600 0.060700 0.085900 0.069000 0.087100 0.085700 0.085800 0.086200 0.077600
WhiteLippe 0.100200 0.216400 0.054000 0.178700 0.079000 0.100200 0.037900 0.070100 0.053900 0.037800 0.101400 0.053800 0.111800 0.030300 0.046600 0.087200 0.054800 0.054100 0.078200 0.061600 0.096900 0.108900 0.022400 0.022400 0.101400 0.062400 0.112200 0.053800 0.062600 0.070600 0.045600 0.046100 0.078300 0.119600 0.077200 0.037600 0.100500 0.079100 0.072000 0.037500 0.000000 0.062400 0.037800 0.046100 0.037600 0.061900 0.061300 0.062800 0.061800 0.061800 0.062100 0.053800
ThomsonGaz 0.085000 0.208200 0.054600 0.181300 0.063400 0.085000 0.022800 0.030800 0.054600 0.087200 0.077700 0.054500 0.096100 0.030700 0.055400 0.038900 0.072200 0.054700 0.079400 0.062300 0.031300 0.093500 0.087100 0.078700 0.077700 0.000100 0.096600 0.054500 0.015400 0.071400 0.095900 0.038800 0.079100 0.103900 0.062000 0.054000 0.085200 0.063700 0.023600 0.070200 0.062400 0.000000 0.087200 0.088400 0.038100 0.046600 0.030500 0.055500 0.046500 0.054300 0.062800 0.054500
MuntiacusC 0.125600 0.258600 0.078500 0.199600 0.104400 0.125600 0.061500 0.095000 0.078400 0.000000 0.127100 0.078100 0.138200 0.053800 0.071200 0.112900 0.079800 0.062200 0.103300 0.086200 0.123300 0.134600 0.045400 0.029900 0.127100 0.087200 0.138700 0.078300 0.087500 0.095900 0.007400 0.070200 0.086500 0.128100 0.102100 0.061300 0.125900 0.104600 0.094400 0.045200 0.037800 0.087200 0.000000 0.037600 0.061100 0.086500 0.085700 0.087800 0.086300 0.086500 0.086900 0.078300
WhiteTaile 0.136100 0.229800 0.088000 0.172300 0.097000 0.136100 0.070500 0.079200 0.087900 0.037800 0.120000 0.087500 0.130800 0.062700 0.063800 0.114400 0.080600 0.062800 0.104400 0.095800 0.115300 0.145300 0.070300 0.022600 0.120000 0.088400 0.131200 0.087800 0.088700 0.106000 0.045400 0.079500 0.104600 0.120800 0.112000 0.070200 0.136400 0.097100 0.099100 0.053600 0.046100 0.088400 0.037600 0.000000 0.070000 0.096100 0.086900 0.097600 0.096000 0.096200 0.096700 0.087800
Cattle 0.059700 0.204500 0.030100 0.178300 0.070100 0.059700 0.014800 0.053500 0.030100 0.061100 0.060400 0.014900 0.069300 0.022400 0.038300 0.061900 0.046400 0.045700 0.053400 0.037600 0.070800 0.067700 0.061000 0.061000 0.060400 0.038100 0.069600 0.030000 0.054100 0.045900 0.069200 0.030200 0.069500 0.076900 0.037300 0.014700 0.059900 0.054000 0.046800 0.060700 0.037600 0.038100 0.061100 0.070000 0.000000 0.037700 0.053100 0.046200 0.037700 0.045500 0.037900 0.030000
RoyalAntel 0.084300 0.237500 0.038000 0.209900 0.070700 0.084300 0.022600 0.062400 0.038000 0.086500 0.085300 0.054000 0.095300 0.030500 0.063100 0.071100 0.071600 0.070600 0.078700 0.045600 0.080400 0.092800 0.086400 0.086300 0.085300 0.046600 0.095700 0.038000 0.063000 0.054200 0.095100 0.038500 0.087100 0.103100 0.061500 0.053500 0.084500 0.054500 0.055700 0.085900 0.061900 0.046600 0.086500 0.096100 0.037700 0.000000 0.061900 0.055000 0.046100 0.070200 0.046000 0.038000
Steenbok 0.100400 0.226200 0.070100 0.219100 0.096000 0.100400 0.037900 0.038100 0.070000 0.085700 0.093100 0.069800 0.111800 0.045900 0.071000 0.054300 0.087900 0.086800 0.094900 0.077700 0.063100 0.108900 0.085600 0.077400 0.093100 0.030500 0.112300 0.069900 0.046400 0.087100 0.094200 0.054100 0.112100 0.119600 0.077300 0.069200 0.100600 0.079200 0.039100 0.069000 0.061300 0.030500 0.085700 0.086900 0.053100 0.061900 0.000000 0.071200 0.061800 0.078000 0.078300 0.069900
Impala 0.093800 0.252600 0.046900 0.193000 0.080800 0.093800 0.030800 0.071700 0.046800 0.087800 0.095000 0.063100 0.104100 0.030900 0.064100 0.080700 0.055700 0.071700 0.079900 0.054600 0.090500 0.102600 0.087700 0.087600 0.095000 0.055600 0.104600 0.046700 0.064000 0.063600 0.096500 0.031000 0.095100 0.112100 0.070700 0.054300 0.094100 0.072500 0.065100 0.087100 0.062800 0.055500 0.087800 0.097600 0.046200 0.055000 0.071200 0.000000 0.038800 0.079700 0.055000 0.046700
Klipspring 0.084300 0.227000 0.038200 0.180100 0.079400 0.084300 0.022600 0.062200 0.038200 0.086300 0.085100 0.053900 0.095100 0.030400 0.063000 0.070900 0.054900 0.070500 0.078500 0.045800 0.080100 0.092600 0.086200 0.086200 0.085100 0.046500 0.095600 0.038100 0.062900 0.054400 0.094900 0.038400 0.095400 0.102900 0.061400 0.053400 0.084400 0.062900 0.055700 0.085700 0.061800 0.046500 0.086300 0.096000 0.037700 0.046100 0.061800 0.038800 0.000000 0.070100 0.046100 0.038100
ForestMusk 0.108900 0.226700 0.062300 0.199500 0.070900 0.108900 0.045800 0.070300 0.062200 0.086500 0.110200 0.062000 0.120700 0.054000 0.063200 0.095900 0.071700 0.062300 0.103700 0.069900 0.088400 0.117700 0.086300 0.086300 0.110200 0.054300 0.121300 0.062100 0.070900 0.079200 0.095000 0.062300 0.086700 0.128700 0.085700 0.061500 0.109200 0.071100 0.080700 0.085800 0.061800 0.054300 0.086500 0.096200 0.045500 0.070200 0.078000 0.079700 0.070100 0.000000 0.070500 0.062100
Bushbuck 0.101100 0.218900 0.007500 0.191500 0.087400 0.101100 0.038100 0.078900 0.007500 0.086900 0.102200 0.054200 0.112700 0.046300 0.063400 0.087800 0.055200 0.070900 0.095600 0.014900 0.097700 0.109800 0.086700 0.086700 0.102200 0.062800 0.113100 0.007500 0.079700 0.022800 0.095500 0.054500 0.095800 0.120500 0.077800 0.053700 0.101300 0.070800 0.072600 0.086200 0.062100 0.062800 0.086900 0.096700 0.037900 0.046000 0.078300 0.055000 0.046100 0.070500 0.000000 0.007500
GreaterKud 0.092500 0.207700 0.000100 0.180700 0.078700 0.092500 0.030300 0.070400 0.000000 0.078300 0.093500 0.045900 0.103600 0.038200 0.055000 0.079100 0.046900 0.062500 0.086800 0.007400 0.088700 0.101000 0.078100 0.078100 0.093500 0.054300 0.104000 0.000000 0.071100 0.015000 0.086700 0.046300 0.087000 0.111400 0.069400 0.045600 0.092700 0.062400 0.063900 0.077600 0.053800 0.054500 0.078300 0.087800 0.030000 0.038000 0.069900 0.046700 0.038100 0.062100 0.007500 0.000000
