CODONML (in paml version 4.10.7, June 2023)  /home/rachel/ruminants_paml/6406-phy-tree/ENSBTAT00000054165.fasta.phy
Model: free dN/dS Ratios for branches,  kappa = 2.000 fixed

Codon frequency model: F3x4
ns =  54  ls = 121

Codon usage in sequences
--------------------------------------------------------------------------------------------------------------------------------------
Phe TTT   4   4   4   4   3   4 | Ser TCT   2   2   3   3   3   3 | Tyr TAT   2   0   2   2   1   2 | Cys TGT   0   0   0   0   0   0
    TTC   2   2   2   2   3   2 |     TCC   2   3   2   2   2   2 |     TAC   0   2   0   0   1   0 |     TGC   0   0   0   0   0   0
Leu TTA   2   2   2   2   2   2 |     TCA   2   1   1   1   0   0 | *** TAA   0   0   0   0   0   0 | *** TGA   0   0   0   0   0   0
    TTG   0   0   0   0   1   1 |     TCG   0   0   0   0   1   1 |     TAG   0   0   0   0   0   0 | Trp TGG   0   0   0   0   0   0
--------------------------------------------------------------------------------------------------------------------------------------
Leu CTT   0   0   0   0   0   0 | Pro CCT   3   2   3   3   3   4 | His CAT   0   0   0   0   0   0 | Arg CGT   0   0   0   0   0   0
    CTC   1   1   1   1   1   1 |     CCC   2   2   2   2   2   2 |     CAC   2   2   2   2   2   2 |     CGC   0   0   0   0   0   0
    CTA   0   0   0   0   0   1 |     CCA   3   4   3   3   3   3 | Gln CAA   4   3   4   4   5   5 |     CGA   0   0   0   0   0   0
    CTG   7   7   7   7   5   5 |     CCG   1   1   1   1   1   0 |     CAG   2   3   2   2   2   1 |     CGG   0   0   0   0   1   0
--------------------------------------------------------------------------------------------------------------------------------------
Ile ATT   4   4   4   4   3   4 | Thr ACT   1   2   1   1   2   2 | Asn AAT   2   3   2   2   1   2 | Ser AGT   0   0   0   0   0   0
    ATC   4   4   4   4   5   4 |     ACC   3   3   3   3   3   3 |     AAC   2   1   2   2   3   2 |     AGC   0   0   0   0   0   0
    ATA   1   1   1   1   1   1 |     ACA   4   3   4   4   3   4 | Lys AAA   5   6   5   6   7   6 | Arg AGA   4   4   4   4   3   4
Met ATG   3   2   3   3   3   3 |     ACG   1   1   1   1   1   0 |     AAG   4   3   4   3   3   3 |     AGG   1   1   1   1   0   1
--------------------------------------------------------------------------------------------------------------------------------------
Val GTT   2   2   2   2   2   2 | Ala GCT   1   1   1   1   3   3 | Asp GAT   6   6   6   6   6   6 | Gly GGT   0   0   0   0   0   0
    GTC   4   4   4   4   4   4 |     GCC   4   3   4   4   4   3 |     GAC   2   2   2   2   2   2 |     GGC   2   3   1   1   2   2
    GTA   1   1   1   1   1   1 |     GCA   2   3   2   2   1   0 | Glu GAA   4   3   4   4   4   5 |     GGA   3   2   4   4   3   3
    GTG   2   3   2   2   2   2 |     GCG   1   1   1   1   0   1 |     GAG   6   7   6   6   6   6 |     GGG   1   1   1   1   1   1
--------------------------------------------------------------------------------------------------------------------------------------

--------------------------------------------------------------------------------------------------------------------------------------
Phe TTT   4   4   4   4   3   4 | Ser TCT   3   2   2   2   3   3 | Tyr TAT   1   2   1   2   3   2 | Cys TGT   0   0   0   0   0   0
    TTC   2   2   2   2   2   2 |     TCC   2   2   2   2   2   2 |     TAC   1   0   1   0   0   0 |     TGC   0   0   0   0   0   0
Leu TTA   2   2   2   2   2   2 |     TCA   1   2   2   2   1   1 | *** TAA   0   0   0   0   0   0 | *** TGA   0   0   0   0   0   0
    TTG   0   0   0   0   0   0 |     TCG   0   0   0   0   0   0 |     TAG   0   0   0   0   0   0 | Trp TGG   0   0   0   0   0   0
--------------------------------------------------------------------------------------------------------------------------------------
Leu CTT   0   0   0   0   0   0 | Pro CCT   3   3   3   3   3   3 | His CAT   0   0   0   0   0   0 | Arg CGT   0   0   0   0   0   0
    CTC   1   1   1   1   1   1 |     CCC   2   2   2   2   2   2 |     CAC   2   2   2   2   2   2 |     CGC   0   0   0   0   0   0
    CTA   0   0   0   0   0   0 |     CCA   3   3   4   3   4   3 | Gln CAA   4   4   4   4   4   4 |     CGA   0   0   0   0   0   0
    CTG   7   7   7   7   7   7 |     CCG   1   1   0   1   0   1 |     CAG   2   2   2   2   2   1 |     CGG   1   0   0   0   0   0
--------------------------------------------------------------------------------------------------------------------------------------
Ile ATT   4   4   4   4   4   4 | Thr ACT   1   1   1   1   1   1 | Asn AAT   2   2   1   1   2   3 | Ser AGT   0   0   0   0   0   0
    ATC   4   4   4   4   4   4 |     ACC   3   3   3   3   3   3 |     AAC   2   2   3   3   2   1 |     AGC   0   0   0   0   0   0
    ATA   1   1   1   1   1   1 |     ACA   4   4   3   4   4   4 | Lys AAA   5   5   5   5   5   5 | Arg AGA   4   4   4   4   4   4
Met ATG   3   3   3   3   3   3 |     ACG   1   1   2   1   1   1 |     AAG   4   4   4   4   4   4 |     AGG   0   1   1   1   1   1
--------------------------------------------------------------------------------------------------------------------------------------
Val GTT   2   2   2   2   2   2 | Ala GCT   1   1   1   1   1   1 | Asp GAT   6   6   6   6   6   6 | Gly GGT   0   0   0   0   0   0
    GTC   4   4   4   4   4   4 |     GCC   4   4   4   4   4   4 |     GAC   2   2   2   2   2   2 |     GGC   3   2   2   2   1   2
    GTA   1   1   1   1   1   1 |     GCA   2   2   2   2   2   2 | Glu GAA   4   4   4   4   4   4 |     GGA   3   3   3   3   4   3
    GTG   2   2   2   2   2   2 |     GCG   1   1   1   1   1   1 |     GAG   6   6   6   6   6   7 |     GGG   0   1   1   1   1   1
--------------------------------------------------------------------------------------------------------------------------------------

--------------------------------------------------------------------------------------------------------------------------------------
Phe TTT   4   4   4   4   4   4 | Ser TCT   2   4   2   2   3   2 | Tyr TAT   2   2   2   1   2   2 | Cys TGT   0   0   0   0   0   0
    TTC   2   2   2   2   2   2 |     TCC   2   1   2   2   2   2 |     TAC   0   0   0   1   0   0 |     TGC   0   0   0   0   0   0
Leu TTA   2   2   2   2   2   2 |     TCA   2   1   2   2   1   2 | *** TAA   0   0   0   0   0   0 | *** TGA   0   0   0   0   0   0
    TTG   0   0   0   0   0   0 |     TCG   0   0   0   0   0   0 |     TAG   0   0   0   0   0   0 | Trp TGG   0   0   0   0   0   0
--------------------------------------------------------------------------------------------------------------------------------------
Leu CTT   0   0   0   0   0   0 | Pro CCT   3   3   3   3   3   3 | His CAT   0   0   0   0   0   0 | Arg CGT   0   0   0   0   0   0
    CTC   1   1   1   1   1   1 |     CCC   2   2   2   2   2   2 |     CAC   2   2   2   2   2   2 |     CGC   0   0   0   0   0   0
    CTA   0   0   0   0   0   0 |     CCA   3   3   3   4   3   3 | Gln CAA   4   4   4   3   4   5 |     CGA   0   0   0   0   0   0
    CTG   7   7   7   7   7   7 |     CCG   1   1   1   0   1   1 |     CAG   2   2   2   3   2   1 |     CGG   0   0   0   0   0   0
--------------------------------------------------------------------------------------------------------------------------------------
Ile ATT   4   4   4   4   5   4 | Thr ACT   1   1   1   1   1   1 | Asn AAT   2   3   1   1   2   1 | Ser AGT   0   0   0   0   0   0
    ATC   4   4   4   4   3   4 |     ACC   3   3   3   3   3   3 |     AAC   2   1   3   3   2   3 |     AGC   0   0   0   0   0   0
    ATA   1   1   1   1   1   1 |     ACA   4   4   4   4   4   4 | Lys AAA   5   5   5   5   5   5 | Arg AGA   4   4   4   4   4   4
Met ATG   3   3   3   3   3   3 |     ACG   1   1   1   1   1   1 |     AAG   4   4   4   4   4   4 |     AGG   1   1   1   1   1   1
--------------------------------------------------------------------------------------------------------------------------------------
Val GTT   2   3   1   2   2   2 | Ala GCT   1   1   1   1   1   1 | Asp GAT   6   5   6   6   6   4 | Gly GGT   0   0   0   0   0   0
    GTC   4   4   5   4   4   4 |     GCC   4   4   4   4   4   4 |     GAC   2   2   2   2   2   4 |     GGC   2   2   3   2   2   2
    GTA   1   1   1   1   1   1 |     GCA   2   2   2   2   2   2 | Glu GAA   4   4   4   4   4   4 |     GGA   3   4   2   3   3   3
    GTG   2   2   2   2   2   2 |     GCG   1   1   1   1   1   1 |     GAG   6   6   6   6   6   6 |     GGG   1   0   1   1   1   1
--------------------------------------------------------------------------------------------------------------------------------------

--------------------------------------------------------------------------------------------------------------------------------------
Phe TTT   4   4   4   4   4   4 | Ser TCT   3   3   3   3   2   2 | Tyr TAT   2   2   2   2   2   2 | Cys TGT   0   0   0   0   0   0
    TTC   2   2   2   2   2   2 |     TCC   2   2   1   2   2   2 |     TAC   0   0   0   0   0   0 |     TGC   0   0   0   0   0   0
Leu TTA   2   2   2   2   2   2 |     TCA   1   1   2   1   1   2 | *** TAA   0   0   0   0   0   0 | *** TGA   0   0   0   0   0   0
    TTG   0   0   0   0   0   0 |     TCG   0   0   0   0   1   0 |     TAG   0   0   0   0   0   0 | Trp TGG   0   0   0   0   0   0
--------------------------------------------------------------------------------------------------------------------------------------
Leu CTT   0   0   0   0   0   0 | Pro CCT   3   3   4   3   3   3 | His CAT   0   0   0   0   0   0 | Arg CGT   0   0   0   0   0   0
    CTC   1   1   1   1   1   1 |     CCC   2   2   1   2   2   2 |     CAC   2   2   2   2   2   2 |     CGC   0   0   0   0   0   0
    CTA   0   0   0   0   0   1 |     CCA   4   4   3   3   3   3 | Gln CAA   4   4   4   4   3   4 |     CGA   0   0   0   0   0   0
    CTG   7   7   7   7   7   6 |     CCG   0   0   1   1   1   1 |     CAG   2   2   2   2   3   2 |     CGG   0   0   0   0   0   0
--------------------------------------------------------------------------------------------------------------------------------------
Ile ATT   5   5   4   4   4   4 | Thr ACT   1   1   1   1   1   1 | Asn AAT   2   2   2   2   1   2 | Ser AGT   0   0   0   0   0   0
    ATC   3   3   4   4   3   4 |     ACC   3   3   3   3   3   3 |     AAC   2   2   2   2   3   2 |     AGC   0   0   0   0   0   0
    ATA   1   1   1   1   1   1 |     ACA   4   4   4   4   4   4 | Lys AAA   5   5   5   5   5   5 | Arg AGA   4   4   4   4   4   4
Met ATG   3   3   3   3   3   3 |     ACG   1   1   1   1   1   1 |     AAG   4   4   4   4   4   4 |     AGG   1   1   1   1   1   1
--------------------------------------------------------------------------------------------------------------------------------------
Val GTT   2   2   2   3   2   3 | Ala GCT   1   1   1   1   1   1 | Asp GAT   6   6   6   6   5   6 | Gly GGT   0   0   0   0   0   0
    GTC   4   4   4   3   5   3 |     GCC   4   4   4   4   4   4 |     GAC   2   2   2   2   3   2 |     GGC   2   2   2   1   2   2
    GTA   1   1   1   1   1   1 |     GCA   2   2   2   2   2   3 | Glu GAA   4   4   3   4   4   4 |     GGA   3   3   3   4   3   3
    GTG   2   2   2   2   2   2 |     GCG   1   1   1   1   1   0 |     GAG   6   6   7   6   6   6 |     GGG   1   1   1   1   1   1
--------------------------------------------------------------------------------------------------------------------------------------

--------------------------------------------------------------------------------------------------------------------------------------
Phe TTT   4   4   4   4   4   4 | Ser TCT   3   3   2   2   2   3 | Tyr TAT   2   2   2   2   2   2 | Cys TGT   0   0   0   0   0   0
    TTC   2   2   2   2   2   2 |     TCC   2   2   2   2   2   2 |     TAC   0   0   0   0   0   0 |     TGC   0   0   0   0   0   0
Leu TTA   2   2   2   2   2   2 |     TCA   1   1   2   2   2   1 | *** TAA   0   0   0   0   0   0 | *** TGA   0   0   0   0   0   0
    TTG   0   0   0   0   0   0 |     TCG   0   0   0   0   0   0 |     TAG   0   0   0   0   0   0 | Trp TGG   0   0   0   0   0   0
--------------------------------------------------------------------------------------------------------------------------------------
Leu CTT   0   0   0   0   0   0 | Pro CCT   3   3   3   3   3   3 | His CAT   0   0   0   0   1   0 | Arg CGT   0   0   0   0   0   0
    CTC   1   1   1   1   1   1 |     CCC   2   2   2   2   2   2 |     CAC   2   2   2   2   1   2 |     CGC   0   0   0   0   0   0
    CTA   0   0   0   0   0   0 |     CCA   3   3   3   3   3   2 | Gln CAA   4   3   4   4   4   4 |     CGA   0   0   0   0   0   0
    CTG   7   7   7   7   7   7 |     CCG   1   1   1   1   1   2 |     CAG   1   2   2   2   2   2 |     CGG   0   0   0   0   0   0
--------------------------------------------------------------------------------------------------------------------------------------
Ile ATT   4   4   4   4   4   4 | Thr ACT   1   1   1   1   1   1 | Asn AAT   3   3   3   1   1   2 | Ser AGT   0   0   0   0   0   0
    ATC   4   4   4   4   4   4 |     ACC   3   3   3   3   3   3 |     AAC   1   1   1   3   3   2 |     AGC   0   0   0   0   0   0
    ATA   1   1   1   1   1   1 |     ACA   4   4   4   4   4   4 | Lys AAA   5   5   5   5   5   5 | Arg AGA   4   4   4   4   4   4
Met ATG   3   3   3   3   3   3 |     ACG   1   1   1   1   1   1 |     AAG   4   4   4   4   4   4 |     AGG   1   1   1   1   1   1
--------------------------------------------------------------------------------------------------------------------------------------
Val GTT   2   2   2   2   1   2 | Ala GCT   1   1   1   1   1   1 | Asp GAT   6   5   6   5   6   6 | Gly GGT   0   0   0   0   0   0
    GTC   4   4   4   4   5   4 |     GCC   4   4   4   4   4   4 |     GAC   2   3   2   3   2   2 |     GGC   2   2   2   2   3   1
    GTA   1   1   1   1   1   1 |     GCA   2   2   2   2   2   2 | Glu GAA   4   3   4   4   4   4 |     GGA   3   3   3   3   2   4
    GTG   2   2   2   2   2   2 |     GCG   1   1   1   1   1   1 |     GAG   7   8   6   6   6   6 |     GGG   1   1   1   1   1   1
--------------------------------------------------------------------------------------------------------------------------------------

--------------------------------------------------------------------------------------------------------------------------------------
Phe TTT   4   4   4   4   4   4 | Ser TCT   2   3   3   2   3   2 | Tyr TAT   2   2   2   1   2   2 | Cys TGT   0   0   0   0   0   0
    TTC   2   2   2   2   2   2 |     TCC   2   2   2   2   2   2 |     TAC   0   0   0   1   0   0 |     TGC   0   0   0   0   0   0
Leu TTA   2   2   2   2   2   2 |     TCA   2   1   1   2   0   2 | *** TAA   0   0   0   0   0   0 | *** TGA   0   0   0   0   0   0
    TTG   0   0   0   1   0   0 |     TCG   0   0   0   0   0   0 |     TAG   0   0   0   0   0   0 | Trp TGG   0   0   0   0   0   0
--------------------------------------------------------------------------------------------------------------------------------------
Leu CTT   0   0   0   0   0   0 | Pro CCT   3   3   3   3   3   3 | His CAT   0   0   0   0   0   1 | Arg CGT   0   0   0   0   0   0
    CTC   1   1   1   1   1   1 |     CCC   2   2   2   2   2   2 |     CAC   2   2   2   2   2   1 |     CGC   0   0   0   0   0   0
    CTA   0   0   0   0   0   0 |     CCA   3   3   3   3   4   3 | Gln CAA   4   4   4   4   4   4 |     CGA   0   0   0   0   0   0
    CTG   7   7   7   6   7   7 |     CCG   1   1   1   1   1   1 |     CAG   2   2   1   2   2   2 |     CGG   0   0   0   0   0   0
--------------------------------------------------------------------------------------------------------------------------------------
Ile ATT   4   4   4   4   4   4 | Thr ACT   1   1   1   1   1   1 | Asn AAT   1   2   3   2   2   1 | Ser AGT   0   0   0   0   0   0
    ATC   4   4   4   4   4   4 |     ACC   3   3   3   3   3   3 |     AAC   3   2   1   2   2   3 |     AGC   0   0   0   0   0   0
    ATA   1   1   1   1   1   1 |     ACA   4   4   4   3   4   4 | Lys AAA   5   4   5   5   5   5 | Arg AGA   4   4   4   4   4   4
Met ATG   3   3   3   3   3   3 |     ACG   1   1   1   2   1   1 |     AAG   4   5   4   4   4   4 |     AGG   1   1   1   1   1   1
--------------------------------------------------------------------------------------------------------------------------------------
Val GTT   2   3   2   2   2   1 | Ala GCT   1   1   1   1   1   1 | Asp GAT   5   6   6   6   6   6 | Gly GGT   0   0   0   0   0   0
    GTC   4   3   4   4   4   5 |     GCC   4   4   4   4   4   4 |     GAC   3   2   2   2   2   2 |     GGC   2   1   2   2   2   3
    GTA   1   1   1   1   1   1 |     GCA   2   2   2   2   2   2 | Glu GAA   4   4   4   4   4   3 |     GGA   3   4   3   3   3   2
    GTG   2   2   2   2   2   2 |     GCG   1   1   1   1   1   1 |     GAG   6   6   7   6   6   7 |     GGG   1   1   1   1   1   1
--------------------------------------------------------------------------------------------------------------------------------------

--------------------------------------------------------------------------------------------------------------------------------------
Phe TTT   4   4   3   4   4   4 | Ser TCT   2   3   2   3   2   3 | Tyr TAT   2   2   2   1   1   2 | Cys TGT   0   0   0   0   0   0
    TTC   2   2   3   2   2   2 |     TCC   2   2   2   2   2   2 |     TAC   0   0   0   1   1   0 |     TGC   0   0   0   0   0   0
Leu TTA   2   2   2   2   2   2 |     TCA   2   1   2   1   2   1 | *** TAA   0   0   0   0   0   0 | *** TGA   0   0   0   0   0   0
    TTG   0   0   0   0   0   0 |     TCG   0   0   0   0   0   0 |     TAG   0   0   0   0   0   0 | Trp TGG   0   0   0   0   0   0
--------------------------------------------------------------------------------------------------------------------------------------
Leu CTT   0   0   0   0   0   0 | Pro CCT   3   3   3   3   3   3 | His CAT   0   0   0   0   0   0 | Arg CGT   0   0   0   0   0   0
    CTC   1   1   1   1   1   1 |     CCC   2   2   2   2   2   2 |     CAC   2   2   2   2   2   2 |     CGC   0   0   0   0   0   0
    CTA   0   0   0   0   0   0 |     CCA   4   4   3   3   3   3 | Gln CAA   4   4   4   4   4   4 |     CGA   0   0   0   0   0   0
    CTG   7   7   7   7   7   7 |     CCG   0   0   1   1   1   1 |     CAG   2   2   2   2   2   1 |     CGG   0   0   0   1   0   0
--------------------------------------------------------------------------------------------------------------------------------------
Ile ATT   4   4   4   4   4   4 | Thr ACT   1   1   1   1   1   1 | Asn AAT   1   2   2   2   1   3 | Ser AGT   0   0   0   0   0   0
    ATC   4   4   4   4   4   4 |     ACC   3   3   3   3   3   3 |     AAC   3   2   2   2   3   1 |     AGC   0   0   0   0   0   0
    ATA   1   1   1   1   1   1 |     ACA   4   4   4   4   4   4 | Lys AAA   5   5   5   5   5   5 | Arg AGA   4   4   4   4   5   4
Met ATG   3   3   3   3   3   3 |     ACG   1   1   1   1   1   1 |     AAG   4   4   4   4   4   4 |     AGG   1   1   1   0   0   1
--------------------------------------------------------------------------------------------------------------------------------------
Val GTT   2   2   2   2   2   2 | Ala GCT   1   1   1   1   1   1 | Asp GAT   6   6   6   6   6   6 | Gly GGT   0   0   0   0   0   0
    GTC   4   4   4   4   4   4 |     GCC   4   4   4   4   4   4 |     GAC   2   2   2   2   2   2 |     GGC   2   2   2   3   2   2
    GTA   1   1   1   1   1   1 |     GCA   2   2   2   2   3   2 | Glu GAA   5   4   5   4   4   4 |     GGA   3   3   3   3   3   3
    GTG   2   2   2   2   2   2 |     GCG   1   1   1   1   0   1 |     GAG   5   6   5   6   6   7 |     GGG   1   1   1   0   1   1
--------------------------------------------------------------------------------------------------------------------------------------

--------------------------------------------------------------------------------------------------------------------------------------
Phe TTT   4   4   4   4   4   4 | Ser TCT   3   2   3   3   3   2 | Tyr TAT   2   2   2   2   1   1 | Cys TGT   0   0   0   0   0   0
    TTC   2   2   2   2   2   2 |     TCC   2   2   2   2   2   3 |     TAC   0   0   0   0   1   1 |     TGC   0   0   0   0   0   0
Leu TTA   2   2   2   2   2   2 |     TCA   1   2   1   1   1   1 | *** TAA   0   0   0   0   0   0 | *** TGA   0   0   0   0   0   0
    TTG   0   0   0   0   0   0 |     TCG   0   0   0   0   0   0 |     TAG   0   0   0   0   0   0 | Trp TGG   0   0   0   0   0   0
--------------------------------------------------------------------------------------------------------------------------------------
Leu CTT   0   0   0   0   0   0 | Pro CCT   3   3   3   3   3   3 | His CAT   0   0   0   0   0   0 | Arg CGT   0   0   0   0   0   0
    CTC   1   1   1   1   1   1 |     CCC   2   2   2   2   2   2 |     CAC   2   2   2   2   2   2 |     CGC   0   0   0   0   0   0
    CTA   0   0   0   0   0   0 |     CCA   3   3   3   3   3   3 | Gln CAA   5   4   4   4   4   3 |     CGA   0   0   0   0   0   0
    CTG   7   7   7   7   7   7 |     CCG   1   1   1   1   1   1 |     CAG   0   2   1   1   2   3 |     CGG   0   0   0   0   0   0
--------------------------------------------------------------------------------------------------------------------------------------
Ile ATT   4   4   4   4   4   4 | Thr ACT   1   1   1   1   1   1 | Asn AAT   3   1   3   3   2   1 | Ser AGT   0   0   0   0   0   0
    ATC   4   4   4   4   4   4 |     ACC   3   3   3   3   3   3 |     AAC   1   3   1   1   2   3 |     AGC   0   0   0   0   0   0
    ATA   1   1   1   1   1   1 |     ACA   4   4   4   4   4   4 | Lys AAA   5   5   5   5   5   5 | Arg AGA   4   5   4   4   4   4
Met ATG   3   3   3   3   3   3 |     ACG   1   1   1   1   1   1 |     AAG   4   4   4   4   4   4 |     AGG   1   0   1   1   1   1
--------------------------------------------------------------------------------------------------------------------------------------
Val GTT   2   2   2   3   2   2 | Ala GCT   1   1   1   1   1   1 | Asp GAT   6   5   6   5   5   5 | Gly GGT   0   0   0   0   0   0
    GTC   4   4   4   3   4   4 |     GCC   4   4   4   4   4   4 |     GAC   2   3   2   3   3   3 |     GGC   2   2   2   2   2   2
    GTA   1   1   1   1   1   1 |     GCA   2   2   2   2   2   2 | Glu GAA   4   4   4   4   4   4 |     GGA   3   3   3   3   3   3
    GTG   2   2   2   2   2   2 |     GCG   1   1   1   1   1   1 |     GAG   7   6   7   7   6   6 |     GGG   1   1   1   1   1   1
--------------------------------------------------------------------------------------------------------------------------------------

--------------------------------------------------------------------------------------------------------------------------------------
Phe TTT   4   4   4   4   4   4 | Ser TCT   3   3   3   3   3   3 | Tyr TAT   1   2   1   2   2   2 | Cys TGT   0   0   0   0   0   0
    TTC   2   2   2   2   2   2 |     TCC   1   2   1   2   2   2 |     TAC   1   0   1   0   0   0 |     TGC   0   0   0   0   0   0
Leu TTA   2   2   2   2   2   2 |     TCA   2   1   2   1   1   1 | *** TAA   0   0   0   0   0   0 | *** TGA   0   0   0   0   0   0
    TTG   0   0   0   0   0   0 |     TCG   0   0   0   0   0   0 |     TAG   0   0   0   0   0   0 | Trp TGG   0   0   0   0   0   0
--------------------------------------------------------------------------------------------------------------------------------------
Leu CTT   0   0   0   0   0   0 | Pro CCT   3   3   3   3   3   3 | His CAT   0   0   0   0   0   0 | Arg CGT   0   0   0   0   0   0
    CTC   1   1   1   1   1   1 |     CCC   2   2   2   2   2   2 |     CAC   2   2   2   2   2   2 |     CGC   0   0   0   0   0   0
    CTA   0   0   0   0   0   0 |     CCA   3   3   2   3   3   3 | Gln CAA   4   4   3   4   4   4 |     CGA   0   0   0   0   0   0
    CTG   7   7   7   7   7   7 |     CCG   1   1   2   1   1   1 |     CAG   2   2   3   2   2   2 |     CGG   0   0   0   0   0   0
--------------------------------------------------------------------------------------------------------------------------------------
Ile ATT   4   4   4   4   4   4 | Thr ACT   1   1   1   1   1   1 | Asn AAT   2   2   1   2   3   2 | Ser AGT   0   0   0   0   0   0
    ATC   4   4   4   4   4   4 |     ACC   3   3   3   3   3   3 |     AAC   2   2   3   2   1   2 |     AGC   0   0   0   0   0   0
    ATA   1   1   1   1   1   1 |     ACA   4   4   4   4   4   4 | Lys AAA   5   5   5   6   5   5 | Arg AGA   4   4   4   4   4   4
Met ATG   3   3   2   3   3   3 |     ACG   1   1   1   1   1   1 |     AAG   4   4   4   3   4   4 |     AGG   1   1   1   1   1   1
--------------------------------------------------------------------------------------------------------------------------------------
Val GTT   2   2   2   2   2   1 | Ala GCT   1   1   1   1   1   1 | Asp GAT   6   6   5   6   6   6 | Gly GGT   0   0   0   0   0   0
    GTC   4   4   4   4   4   4 |     GCC   4   4   4   4   4   4 |     GAC   2   2   3   2   2   2 |     GGC   2   2   2   1   1   1
    GTA   1   1   1   1   1   1 |     GCA   2   2   2   2   2   2 | Glu GAA   4   4   4   4   4   4 |     GGA   3   3   3   4   4   4
    GTG   2   2   3   2   2   3 |     GCG   1   1   1   1   1   1 |     GAG   6   6   6   6   6   6 |     GGG   1   1   1   1   1   1
--------------------------------------------------------------------------------------------------------------------------------------

Codon position x base (3x4) table for each sequence.

#1: Argali         
position  1:    T:0.13223    C:0.20661    A:0.32231    G:0.33884
position  2:    T:0.30579    C:0.26446    A:0.33884    G:0.09091
position  3:    T:0.22314    C:0.24793    A:0.28926    G:0.23967
Average         T:0.22039    C:0.23967    A:0.31680    G:0.22314

#2: LesserMouseDeer
position  1:    T:0.13223    C:0.20661    A:0.31405    G:0.34711
position  2:    T:0.30579    C:0.26446    A:0.33884    G:0.09091
position  3:    T:0.21488    C:0.26446    A:0.27273    G:0.24793
Average         T:0.21763    C:0.24518    A:0.30854    G:0.22865

#3: LesserKudu     
position  1:    T:0.13223    C:0.20661    A:0.32231    G:0.33884
position  2:    T:0.30579    C:0.26446    A:0.33884    G:0.09091
position  3:    T:0.23140    C:0.23967    A:0.28926    G:0.23967
Average         T:0.22314    C:0.23691    A:0.31680    G:0.22314

#4: ForestMuskDeer2
position  1:    T:0.13223    C:0.20661    A:0.32231    G:0.33884
position  2:    T:0.30579    C:0.26446    A:0.33884    G:0.09091
position  3:    T:0.23140    C:0.23967    A:0.29752    G:0.23140
Average         T:0.22314    C:0.23691    A:0.31956    G:0.22039

#5: Camel          
position  1:    T:0.14050    C:0.20661    A:0.31405    G:0.33884
position  2:    T:0.29752    C:0.26446    A:0.35537    G:0.08264
position  3:    T:0.22314    C:0.28099    A:0.27273    G:0.22314
Average         T:0.22039    C:0.25069    A:0.31405    G:0.21488

#6: KillerWhale    
position  1:    T:0.14050    C:0.19835    A:0.32231    G:0.33884
position  2:    T:0.30579    C:0.25620    A:0.34711    G:0.09091
position  3:    T:0.26446    C:0.23967    A:0.28926    G:0.20661
Average         T:0.23691    C:0.23140    A:0.31956    G:0.21212

#7: DefassaWaterbuck
position  1:    T:0.13223    C:0.21488    A:0.31405    G:0.33884
position  2:    T:0.30579    C:0.26446    A:0.33884    G:0.09091
position  3:    T:0.22314    C:0.26446    A:0.28099    G:0.23140
Average         T:0.22039    C:0.24793    A:0.31129    G:0.22039

#8: Sheep          
position  1:    T:0.13223    C:0.20661    A:0.32231    G:0.33884
position  2:    T:0.30579    C:0.26446    A:0.33884    G:0.09091
position  3:    T:0.22314    C:0.24793    A:0.28926    G:0.23967
Average         T:0.22039    C:0.23967    A:0.31680    G:0.22314

#9: MaxwellsDuiker 
position  1:    T:0.13223    C:0.20661    A:0.32231    G:0.33884
position  2:    T:0.30579    C:0.26446    A:0.33884    G:0.09091
position  3:    T:0.20661    C:0.26446    A:0.28926    G:0.23967
Average         T:0.21488    C:0.24518    A:0.31680    G:0.22314

#10: GazellaPrzewalskyi
position  1:    T:0.13223    C:0.20661    A:0.32231    G:0.33884
position  2:    T:0.30579    C:0.26446    A:0.33884    G:0.09091
position  3:    T:0.21488    C:0.25620    A:0.28926    G:0.23967
Average         T:0.21763    C:0.24242    A:0.31680    G:0.22314

#11: MountainNyala  
position  1:    T:0.13223    C:0.20661    A:0.32231    G:0.33884
position  2:    T:0.29752    C:0.26446    A:0.34711    G:0.09091
position  3:    T:0.23140    C:0.23967    A:0.29752    G:0.23140
Average         T:0.22039    C:0.23691    A:0.32231    G:0.22039

#12: MuntiacusMuntjak
position  1:    T:0.13223    C:0.19835    A:0.32231    G:0.34711
position  2:    T:0.30579    C:0.26446    A:0.33884    G:0.09091
position  3:    T:0.23967    C:0.23967    A:0.28099    G:0.23967
Average         T:0.22590    C:0.23416    A:0.31405    G:0.22590

#13: goat           
position  1:    T:0.13223    C:0.20661    A:0.32231    G:0.33884
position  2:    T:0.30579    C:0.26446    A:0.33884    G:0.09091
position  3:    T:0.22314    C:0.24793    A:0.28926    G:0.23967
Average         T:0.22039    C:0.23967    A:0.31680    G:0.22314

#14: AfricanBuffalo 
position  1:    T:0.13223    C:0.20661    A:0.32231    G:0.33884
position  2:    T:0.31405    C:0.26446    A:0.33058    G:0.09091
position  3:    T:0.24793    C:0.23140    A:0.28926    G:0.23140
Average         T:0.23140    C:0.23416    A:0.31405    G:0.22039

#15: Topi           
position  1:    T:0.13223    C:0.20661    A:0.32231    G:0.33884
position  2:    T:0.30579    C:0.26446    A:0.33884    G:0.09091
position  3:    T:0.20661    C:0.27273    A:0.28099    G:0.23967
Average         T:0.21488    C:0.24793    A:0.31405    G:0.22314

#16: CommonDuiker   
position  1:    T:0.13223    C:0.20661    A:0.32231    G:0.33884
position  2:    T:0.30579    C:0.26446    A:0.33884    G:0.09091
position  3:    T:0.20661    C:0.26446    A:0.28926    G:0.23967
Average         T:0.21488    C:0.24518    A:0.31680    G:0.22314

#17: Suni           
position  1:    T:0.13223    C:0.20661    A:0.32231    G:0.33884
position  2:    T:0.30579    C:0.26446    A:0.33884    G:0.09091
position  3:    T:0.23967    C:0.23967    A:0.28099    G:0.23967
Average         T:0.22590    C:0.23691    A:0.31405    G:0.22314

#18: Springbuck     
position  1:    T:0.13223    C:0.20661    A:0.32231    G:0.33884
position  2:    T:0.30579    C:0.26446    A:0.33884    G:0.09091
position  3:    T:0.19835    C:0.27273    A:0.29752    G:0.23140
Average         T:0.21212    C:0.24793    A:0.31956    G:0.22039

#19: Okapi          
position  1:    T:0.13223    C:0.20661    A:0.32231    G:0.33884
position  2:    T:0.30579    C:0.26446    A:0.33884    G:0.09091
position  3:    T:0.23967    C:0.23967    A:0.28926    G:0.23140
Average         T:0.22590    C:0.23691    A:0.31680    G:0.22039

#20: Giraffe        
position  1:    T:0.13223    C:0.20661    A:0.32231    G:0.33884
position  2:    T:0.30579    C:0.26446    A:0.33884    G:0.09091
position  3:    T:0.23967    C:0.23967    A:0.28926    G:0.23140
Average         T:0.22590    C:0.23691    A:0.31680    G:0.22039

#21: TibetanAntelope
position  1:    T:0.13223    C:0.20661    A:0.32231    G:0.33884
position  2:    T:0.30579    C:0.26446    A:0.33884    G:0.09091
position  3:    T:0.23967    C:0.23140    A:0.28099    G:0.24793
Average         T:0.22590    C:0.23416    A:0.31405    G:0.22590

#22: Sitatunga      
position  1:    T:0.13223    C:0.20661    A:0.32231    G:0.33884
position  2:    T:0.30579    C:0.26446    A:0.33884    G:0.09091
position  3:    T:0.23967    C:0.23140    A:0.28926    G:0.23967
Average         T:0.22590    C:0.23416    A:0.31680    G:0.22314

#23: Oribi          
position  1:    T:0.13223    C:0.20661    A:0.31405    G:0.34711
position  2:    T:0.30579    C:0.26446    A:0.33884    G:0.09091
position  3:    T:0.20661    C:0.26446    A:0.27273    G:0.25620
Average         T:0.21488    C:0.24518    A:0.30854    G:0.23140

#24: BarbarySheep   
position  1:    T:0.13223    C:0.20661    A:0.32231    G:0.33884
position  2:    T:0.30579    C:0.26446    A:0.33884    G:0.09091
position  3:    T:0.23140    C:0.23967    A:0.30579    G:0.22314
Average         T:0.22314    C:0.23691    A:0.32231    G:0.21763

#25: Daviddeer      
position  1:    T:0.13223    C:0.19835    A:0.32231    G:0.34711
position  2:    T:0.30579    C:0.26446    A:0.33884    G:0.09091
position  3:    T:0.23967    C:0.23967    A:0.28099    G:0.23967
Average         T:0.22590    C:0.23416    A:0.31405    G:0.22590

#26: Reindeer       
position  1:    T:0.13223    C:0.19835    A:0.32231    G:0.34711
position  2:    T:0.30579    C:0.26446    A:0.33884    G:0.09091
position  3:    T:0.23140    C:0.24793    A:0.26446    G:0.25620
Average         T:0.22314    C:0.23691    A:0.30854    G:0.23140

#27: Ibex           
position  1:    T:0.13223    C:0.20661    A:0.32231    G:0.33884
position  2:    T:0.30579    C:0.26446    A:0.33884    G:0.09091
position  3:    T:0.23140    C:0.23967    A:0.28926    G:0.23967
Average         T:0.22314    C:0.23691    A:0.31680    G:0.22314

#28: GyrantGazelle  
position  1:    T:0.13223    C:0.20661    A:0.32231    G:0.33884
position  2:    T:0.30579    C:0.26446    A:0.33884    G:0.09091
position  3:    T:0.20661    C:0.26446    A:0.28926    G:0.23967
Average         T:0.21488    C:0.24518    A:0.31680    G:0.22314

#29: Hartebeest     
position  1:    T:0.13223    C:0.20661    A:0.32231    G:0.33884
position  2:    T:0.30579    C:0.26446    A:0.33884    G:0.09091
position  3:    T:0.21488    C:0.26446    A:0.28099    G:0.23967
Average         T:0.21763    C:0.24518    A:0.31405    G:0.22314

#30: Bongo          
position  1:    T:0.13223    C:0.20661    A:0.32231    G:0.33884
position  2:    T:0.30579    C:0.26446    A:0.33884    G:0.09091
position  3:    T:0.23140    C:0.23967    A:0.28099    G:0.24793
Average         T:0.22314    C:0.23691    A:0.31405    G:0.22590

#31: Gerenuk        
position  1:    T:0.13223    C:0.20661    A:0.32231    G:0.33884
position  2:    T:0.30579    C:0.26446    A:0.33884    G:0.09091
position  3:    T:0.20661    C:0.26446    A:0.28926    G:0.23967
Average         T:0.21488    C:0.24518    A:0.31680    G:0.22314

#32: CommonEland    
position  1:    T:0.13223    C:0.20661    A:0.32231    G:0.33884
position  2:    T:0.30579    C:0.26446    A:0.33884    G:0.09091
position  3:    T:0.23967    C:0.23140    A:0.28099    G:0.24793
Average         T:0.22590    C:0.23416    A:0.31405    G:0.22590

#33: MuntiacusReevesi
position  1:    T:0.13223    C:0.19835    A:0.32231    G:0.34711
position  2:    T:0.30579    C:0.26446    A:0.33884    G:0.09091
position  3:    T:0.23967    C:0.23967    A:0.28099    G:0.23967
Average         T:0.22590    C:0.23416    A:0.31405    G:0.22590

#34: HarveysDuiker  
position  1:    T:0.14050    C:0.19835    A:0.32231    G:0.33884
position  2:    T:0.30579    C:0.26446    A:0.33884    G:0.09091
position  3:    T:0.21488    C:0.25620    A:0.28099    G:0.24793
Average         T:0.22039    C:0.23967    A:0.31405    G:0.22590

#35: Pronghorn      
position  1:    T:0.12397    C:0.21488    A:0.32231    G:0.33884
position  2:    T:0.30579    C:0.26446    A:0.33884    G:0.09091
position  3:    T:0.23140    C:0.24793    A:0.28099    G:0.23967
Average         T:0.22039    C:0.24242    A:0.31405    G:0.22314

#36: BlueWildebeest 
position  1:    T:0.13223    C:0.20661    A:0.32231    G:0.33884
position  2:    T:0.30579    C:0.26446    A:0.33884    G:0.09091
position  3:    T:0.21488    C:0.26446    A:0.27273    G:0.24793
Average         T:0.21763    C:0.24518    A:0.31129    G:0.22590

#37: Gemsbok        
position  1:    T:0.13223    C:0.20661    A:0.32231    G:0.33884
position  2:    T:0.30579    C:0.26446    A:0.33884    G:0.09091
position  3:    T:0.21488    C:0.25620    A:0.30579    G:0.22314
Average         T:0.21763    C:0.24242    A:0.32231    G:0.21763

#38: Yak            
position  1:    T:0.13223    C:0.20661    A:0.32231    G:0.33884
position  2:    T:0.30579    C:0.26446    A:0.33884    G:0.09091
position  3:    T:0.23140    C:0.24793    A:0.28926    G:0.23140
Average         T:0.22314    C:0.23967    A:0.31680    G:0.22039

#39: BlueSheep      
position  1:    T:0.13223    C:0.20661    A:0.32231    G:0.33884
position  2:    T:0.30579    C:0.26446    A:0.33884    G:0.09091
position  3:    T:0.21488    C:0.25620    A:0.29752    G:0.23140
Average         T:0.21763    C:0.24242    A:0.31956    G:0.22039

#40: BohorReedbuck  
position  1:    T:0.13223    C:0.21488    A:0.31405    G:0.33884
position  2:    T:0.30579    C:0.26446    A:0.33884    G:0.09091
position  3:    T:0.22314    C:0.26446    A:0.28099    G:0.23140
Average         T:0.22039    C:0.24793    A:0.31129    G:0.22039

#41: KirksDik       
position  1:    T:0.13223    C:0.20661    A:0.32231    G:0.33884
position  2:    T:0.30579    C:0.26446    A:0.33884    G:0.09091
position  3:    T:0.20661    C:0.26446    A:0.30579    G:0.22314
Average         T:0.21488    C:0.24518    A:0.32231    G:0.21763

#42: RoeDeer        
position  1:    T:0.13223    C:0.19835    A:0.32231    G:0.34711
position  2:    T:0.30579    C:0.26446    A:0.33884    G:0.09091
position  3:    T:0.23967    C:0.23967    A:0.28099    G:0.23967
Average         T:0.22590    C:0.23416    A:0.31405    G:0.22590

#43: WhiteLippedDeer
position  1:    T:0.13223    C:0.19835    A:0.32231    G:0.34711
position  2:    T:0.30579    C:0.26446    A:0.33884    G:0.09091
position  3:    T:0.23967    C:0.23967    A:0.28926    G:0.23140
Average         T:0.22590    C:0.23416    A:0.31680    G:0.22314

#44: ThomsonGazelle 
position  1:    T:0.13223    C:0.20661    A:0.32231    G:0.33884
position  2:    T:0.30579    C:0.26446    A:0.33884    G:0.09091
position  3:    T:0.20661    C:0.26446    A:0.29752    G:0.23140
Average         T:0.21488    C:0.24518    A:0.31956    G:0.22039

#45: MuntiacusCrinifrons
position  1:    T:0.13223    C:0.19835    A:0.32231    G:0.34711
position  2:    T:0.30579    C:0.26446    A:0.33884    G:0.09091
position  3:    T:0.23967    C:0.23967    A:0.28099    G:0.23967
Average         T:0.22590    C:0.23416    A:0.31405    G:0.22590

#46: WhiteTailedDeer
position  1:    T:0.13223    C:0.19835    A:0.32231    G:0.34711
position  2:    T:0.30579    C:0.26446    A:0.33884    G:0.09091
position  3:    T:0.23967    C:0.23967    A:0.28099    G:0.23967
Average         T:0.22590    C:0.23416    A:0.31405    G:0.22590

#47: Cattle         
position  1:    T:0.13223    C:0.20661    A:0.32231    G:0.33884
position  2:    T:0.30579    C:0.26446    A:0.33884    G:0.09091
position  3:    T:0.21488    C:0.26446    A:0.28099    G:0.23967
Average         T:0.21763    C:0.24518    A:0.31405    G:0.22314

#48: RoyalAntelope  
position  1:    T:0.13223    C:0.20661    A:0.32231    G:0.33884
position  2:    T:0.30579    C:0.26446    A:0.33884    G:0.09091
position  3:    T:0.19835    C:0.28099    A:0.27273    G:0.24793
Average         T:0.21212    C:0.25069    A:0.31129    G:0.22590

#49: Steenbok       
position  1:    T:0.13223    C:0.20661    A:0.32231    G:0.33884
position  2:    T:0.30579    C:0.26446    A:0.33884    G:0.09091
position  3:    T:0.22314    C:0.24793    A:0.28926    G:0.23967
Average         T:0.22039    C:0.23967    A:0.31680    G:0.22314

#50: Impala         
position  1:    T:0.13223    C:0.20661    A:0.32231    G:0.33884
position  2:    T:0.30579    C:0.26446    A:0.33884    G:0.09091
position  3:    T:0.23140    C:0.24793    A:0.28099    G:0.23967
Average         T:0.22314    C:0.23967    A:0.31405    G:0.22314

#51: Klipspringer   
position  1:    T:0.13223    C:0.20661    A:0.31405    G:0.34711
position  2:    T:0.30579    C:0.26446    A:0.33884    G:0.09091
