1
52 1
Argali 0.000000 0.343500 0.070600 0.321700 0.027000 0.004400 0.074700 0.055800 0.085600 0.105800 0.022500 0.074700 0.035000 0.055000 0.080500 0.058900 0.099600 0.089700 0.027000 0.085500 0.055300 0.031700 0.085200 0.060300 0.018000 0.078800 0.027100 0.090700 0.064200 0.075500 0.100300 0.065000 0.133900 0.031800 0.050500 0.069400 0.022400 0.040700 0.069500 0.118600 0.079900 0.063300 0.100800 0.074500 0.064900 0.060300 0.064800 0.059900 0.050500 0.086300 0.095300 0.104700
LesserMous 0.343500 0.000000 0.361900 0.299200 0.322300 0.348700 0.350300 0.329800 0.376200 0.338400 0.357100 0.352700 0.336700 0.323300 0.350500 0.336200 0.329400 0.329700 0.334600 0.375200 0.303800 0.345600 0.311100 0.308600 0.344400 0.337300 0.330100 0.383600 0.339100 0.354300 0.330400 0.345500 0.381500 0.337500 0.367500 0.343600 0.348000 0.342000 0.347600 0.367300 0.316300 0.343700 0.332000 0.315600 0.344500 0.356600 0.357800 0.330600 0.343500 0.344200 0.389100 0.388800
LesserKudu 0.070600 0.361900 0.000000 0.346900 0.060200 0.075300 0.110600 0.088900 0.013600 0.116100 0.075300 0.050900 0.070000 0.079800 0.100200 0.098200 0.089600 0.079800 0.069900 0.013600 0.083400 0.095500 0.095200 0.079900 0.070800 0.108900 0.060400 0.018200 0.104100 0.004500 0.110500 0.099500 0.134300 0.065400 0.095100 0.055300 0.065200 0.074400 0.087700 0.112900 0.089800 0.103600 0.111100 0.094300 0.041300 0.105600 0.093300 0.074900 0.085100 0.088100 0.022700 0.031900
KillerWhal 0.321700 0.299200 0.346900 0.000000 0.310800 0.327100 0.365500 0.316200 0.350100 0.318700 0.342900 0.348500 0.329700 0.320400 0.341600 0.316900 0.309200 0.315100 0.326700 0.349200 0.290700 0.344300 0.301200 0.293900 0.343500 0.325400 0.319600 0.357500 0.306000 0.339800 0.304300 0.334200 0.371900 0.326400 0.342300 0.333500 0.334700 0.323700 0.310700 0.349300 0.295500 0.321500 0.312800 0.314200 0.326900 0.356700 0.332600 0.301700 0.315200 0.311500 0.363000 0.368100
DefassaWat 0.027000 0.322300 0.060200 0.310800 0.000000 0.031500 0.064500 0.050400 0.074900 0.094700 0.040800 0.054900 0.024300 0.036000 0.060200 0.059300 0.078900 0.069300 0.017800 0.074700 0.045300 0.040900 0.064800 0.050300 0.036300 0.069100 0.015100 0.079800 0.064600 0.065000 0.089400 0.054900 0.138000 0.019900 0.048900 0.068700 0.040600 0.013200 0.059100 0.097500 0.059800 0.063900 0.089800 0.064300 0.054700 0.059700 0.054600 0.040600 0.050000 0.076900 0.084300 0.084300
Sheep 0.004400 0.348700 0.075300 0.327100 0.031500 0.000000 0.079400 0.060400 0.090400 0.110600 0.027000 0.079400 0.039700 0.050200 0.075400 0.063600 0.104400 0.094400 0.031500 0.090200 0.050500 0.036200 0.089900 0.064900 0.022500 0.083600 0.031600 0.095500 0.069000 0.080200 0.105100 0.060100 0.138600 0.036300 0.055100 0.074000 0.026900 0.045200 0.074200 0.123300 0.084600 0.068400 0.105600 0.079200 0.069500 0.065000 0.059900 0.064500 0.055100 0.081100 0.100100 0.099400
MaxwellsDu 0.074700 0.350300 0.110600 0.365500 0.064500 0.079400 0.000000 0.105200 0.121100 0.121300 0.089300 0.114700 0.074200 0.055100 0.111000 0.109100 0.125300 0.115100 0.064600 0.120900 0.104400 0.089600 0.100100 0.084700 0.084800 0.120000 0.064700 0.126400 0.114100 0.115700 0.115700 0.065100 0.155000 0.069600 0.079500 0.119000 0.079100 0.078600 0.098900 0.134100 0.104700 0.104800 0.116300 0.099200 0.114400 0.099600 0.114300 0.074000 0.089200 0.139100 0.131000 0.136500
GazellaPrz 0.055800 0.329800 0.088900 0.316200 0.050400 0.060400 0.105200 0.000000 0.104600 0.125700 0.070100 0.092100 0.064900 0.069700 0.108500 0.059800 0.115000 0.104900 0.053900 0.094000 0.050400 0.080200 0.094100 0.078700 0.065600 0.074500 0.055400 0.109800 0.065100 0.093800 0.120100 0.083500 0.155400 0.060300 0.089800 0.092300 0.069900 0.064400 0.054900 0.133000 0.088600 0.059400 0.120700 0.093300 0.082700 0.090300 0.049400 0.079600 0.079900 0.100300 0.114500 0.124600
MountainNy 0.085600 0.376200 0.013600 0.350100 0.074900 0.090400 0.121100 0.104600 0.000000 0.121500 0.090400 0.065400 0.084900 0.094900 0.116100 0.113800 0.104800 0.094800 0.084800 0.009000 0.098700 0.110100 0.100400 0.085000 0.085800 0.124800 0.075200 0.004500 0.119900 0.018100 0.115900 0.115900 0.150200 0.080200 0.110600 0.069800 0.080000 0.089200 0.103100 0.108000 0.095000 0.119700 0.116500 0.099500 0.055600 0.121400 0.108800 0.079900 0.099500 0.103300 0.009000 0.045900
MuntiacusM 0.105800 0.338400 0.116100 0.318700 0.094700 0.110600 0.121300 0.125700 0.121500 0.000000 0.131600 0.126100 0.115200 0.110000 0.123000 0.129900 0.109900 0.099900 0.105000 0.121300 0.114600 0.121400 0.045900 0.055300 0.126900 0.135300 0.105200 0.126800 0.136200 0.121300 0.013500 0.131600 0.149100 0.110400 0.131500 0.140900 0.120500 0.109300 0.108700 0.108000 0.041100 0.133100 0.004500 0.069400 0.125700 0.142100 0.135100 0.100000 0.131200 0.118000 0.131500 0.142200
goat 0.022500 0.357100 0.075300 0.342900 0.040800 0.027000 0.089300 0.070100 0.090400 0.131600 0.000000 0.088600 0.050200 0.069200 0.095300 0.074200 0.114600 0.104600 0.040000 0.090300 0.069600 0.045600 0.100000 0.074700 0.013400 0.094300 0.040900 0.095500 0.079700 0.080200 0.125900 0.079400 0.149300 0.045700 0.064700 0.083800 0.026900 0.054600 0.084000 0.133800 0.094600 0.079400 0.126500 0.089100 0.079300 0.065100 0.078200 0.074200 0.064700 0.095000 0.100100 0.100100
AfricanBuf 0.074700 0.352700 0.050900 0.348500 0.054900 0.079400 0.114700 0.092100 0.065400 0.126100 0.088600 0.000000 0.063700 0.074200 0.104300 0.102300 0.099500 0.089600 0.055100 0.065300 0.077500 0.089700 0.104900 0.089600 0.083900 0.112900 0.055200 0.070300 0.108100 0.055700 0.120500 0.093500 0.165600 0.060000 0.099300 0.050100 0.089000 0.068900 0.101800 0.128700 0.099500 0.107800 0.120400 0.094200 0.036300 0.109700 0.087300 0.079100 0.099200 0.082600 0.074800 0.074900
Topi 0.035000 0.336700 0.070000 0.329700 0.024300 0.039700 0.074200 0.064900 0.084900 0.115200 0.050200 0.063700 0.000000 0.054600 0.079800 0.057500 0.097400 0.087700 0.025000 0.084700 0.064300 0.050400 0.084400 0.059900 0.045800 0.077300 0.008900 0.089900 0.062700 0.074900 0.109700 0.063400 0.148800 0.004400 0.050100 0.068800 0.050000 0.040400 0.078500 0.107700 0.079200 0.059100 0.108800 0.074000 0.064400 0.069400 0.072700 0.059500 0.059600 0.095800 0.094400 0.084500
CommonDuik 0.055000 0.323300 0.079800 0.320400 0.036000 0.050200 0.055100 0.069700 0.094900 0.110000 0.069200 0.074200 0.054600 0.000000 0.070200 0.078600 0.098900 0.089000 0.045300 0.094700 0.054900 0.069500 0.079500 0.074400 0.064700 0.079000 0.045400 0.099900 0.084200 0.084700 0.104600 0.018000 0.153700 0.050100 0.069300 0.088200 0.068900 0.049600 0.078600 0.112700 0.084100 0.073900 0.105100 0.088600 0.074000 0.079200 0.064300 0.059400 0.078800 0.081900 0.104500 0.094600
Suni 0.080500 0.350500 0.100200 0.341600 0.060200 0.075400 0.111000 0.108500 0.116100 0.123000 0.095300 0.104300 0.079800 0.070200 0.000000 0.095000 0.126500 0.116200 0.070100 0.115900 0.080500 0.095600 0.101400 0.105200 0.090700 0.115500 0.070200 0.121400 0.101000 0.105200 0.115900 0.090500 0.178100 0.075200 0.105500 0.094200 0.094900 0.074400 0.103200 0.151500 0.095900 0.111000 0.117900 0.120200 0.080000 0.115400 0.100300 0.075100 0.105300 0.110700 0.126200 0.115600
Springbuck 0.058900 0.336200 0.098200 0.316900 0.059300 0.063600 0.109100 0.059800 0.113800 0.129900 0.074200 0.102300 0.057500 0.078600 0.095000 0.000000 0.113900 0.103900 0.059500 0.113600 0.040700 0.084100 0.098400 0.082900 0.069700 0.054800 0.057700 0.119100 0.013400 0.093100 0.124200 0.088900 0.138000 0.062800 0.082800 0.086700 0.064400 0.073300 0.063900 0.142200 0.092900 0.035700 0.124800 0.097400 0.082200 0.084300 0.059200 0.088600 0.083900 0.101200 0.123700 0.113100
Okapi 0.099600 0.329400 0.089600 0.309200 0.078900 0.104400 0.125300 0.115000 0.104800 0.109900 0.114600 0.099500 0.097400 0.098900 0.126500 0.113900 0.000000 0.017800 0.084000 0.104700 0.099100 0.115000 0.089300 0.074400 0.110000 0.135100 0.087800 0.110000 0.125100 0.094500 0.104500 0.119200 0.138300 0.092900 0.113600 0.123900 0.103900 0.093200 0.113700 0.128000 0.084000 0.125200 0.105000 0.079000 0.109000 0.125300 0.108900 0.093900 0.114400 0.101800 0.114600 0.104400
Giraffe 0.089700 0.329700 0.079800 0.315100 0.069300 0.094400 0.115100 0.104900 0.094800 0.099900 0.104600 0.089600 0.087700 0.089000 0.116200 0.103900 0.017800 0.000000 0.074300 0.094700 0.089200 0.105000 0.079500 0.064800 0.100000 0.124700 0.078200 0.099900 0.120100 0.084600 0.094600 0.109000 0.128000 0.083300 0.103800 0.113800 0.094000 0.083500 0.103600 0.117900 0.074400 0.115100 0.095000 0.069300 0.099000 0.115100 0.098900 0.084100 0.104300 0.092000 0.104500 0.094500
TibetanAnt 0.027000 0.334600 0.069900 0.326700 0.017800 0.031500 0.064600 0.053900 0.084800 0.105000 0.040000 0.055100 0.025000 0.045300 0.070100 0.059500 0.084000 0.074300 0.000000 0.084700 0.054800 0.040900 0.074600 0.050400 0.035200 0.079000 0.017900 0.089800 0.064700 0.074800 0.099600 0.055000 0.127900 0.022400 0.050200 0.068900 0.040600 0.031300 0.069000 0.107600 0.069500 0.054300 0.099200 0.064400 0.064400 0.059900 0.054800 0.050100 0.050100 0.077000 0.094400 0.094400
Sitatunga 0.085500 0.375200 0.013600 0.349200 0.074700 0.090200 0.120900 0.094000 0.009000 0.121300 0.090300 0.065300 0.084700 0.094700 0.115900 0.113600 0.104700 0.094700 0.084700 0.000000 0.098500 0.109900 0.100200 0.084800 0.085700 0.124500 0.075000 0.013500 0.119600 0.018100 0.115700 0.115700 0.150000 0.080100 0.110400 0.069700 0.079900 0.089100 0.102900 0.117900 0.094800 0.119300 0.116300 0.099300 0.055500 0.121200 0.108600 0.079800 0.099300 0.103000 0.018000 0.045800
Oribi 0.055300 0.303800 0.083400 0.290700 0.045300 0.050500 0.104400 0.050400 0.098700 0.114600 0.069600 0.077500 0.064300 0.054900 0.080500 0.040700 0.099100 0.089200 0.054800 0.098500 0.000000 0.079400 0.083600 0.078200 0.065100 0.050200 0.054900 0.103800 0.045700 0.078400 0.109100 0.074600 0.143600 0.059700 0.079300 0.082200 0.059800 0.059100 0.049900 0.126900 0.078100 0.040400 0.109600 0.082900 0.077500 0.089500 0.045400 0.074100 0.079200 0.086200 0.108500 0.108400
BarbaryShe 0.031700 0.345600 0.095500 0.344300 0.040900 0.036200 0.089600 0.080200 0.110100 0.121400 0.045600 0.089700 0.050400 0.069500 0.095600 0.084100 0.115000 0.105000 0.040900 0.109900 0.079400 0.000000 0.100400 0.075000 0.041100 0.104600 0.041100 0.115400 0.089800 0.100500 0.126300 0.079700 0.160300 0.045800 0.064900 0.093900 0.045400 0.054800 0.094100 0.134300 0.094900 0.089500 0.116400 0.089400 0.089400 0.084700 0.089200 0.074400 0.074500 0.111800 0.120100 0.120900
Daviddeer 0.085200 0.311100 0.095200 0.301200 0.064800 0.089900 0.100100 0.094100 0.100400 0.045900 0.100000 0.104900 0.084400 0.079500 0.101400 0.098400 0.089300 0.079500 0.074600 0.100200 0.083600 0.100400 0.000000 0.027000 0.095500 0.109000 0.074800 0.105500 0.104200 0.100200 0.036400 0.100100 0.138100 0.079800 0.100000 0.109200 0.089500 0.078900 0.088000 0.078000 0.004400 0.101300 0.041300 0.040700 0.094500 0.120700 0.103500 0.079600 0.099700 0.097200 0.110100 0.120500
Reindeer 0.060300 0.308600 0.079900 0.293900 0.050300 0.064900 0.084700 0.078700 0.085000 0.055300 0.074700 0.089600 0.059900 0.074400 0.105200 0.082900 0.074400 0.064800 0.050400 0.084800 0.078200 0.075000 0.027000 0.000000 0.070200 0.103400 0.050500 0.090000 0.088500 0.084800 0.050400 0.084500 0.112300 0.055300 0.074700 0.093800 0.064700 0.064300 0.082600 0.058900 0.022400 0.085700 0.050600 0.013300 0.089300 0.094800 0.087900 0.064700 0.074600 0.081800 0.094600 0.104800
Ibex 0.018000 0.344400 0.070800 0.343500 0.036300 0.022500 0.084800 0.065600 0.085800 0.126900 0.013400 0.083900 0.045800 0.064700 0.090700 0.069700 0.110000 0.100000 0.035200 0.085700 0.065100 0.041100 0.095500 0.070200 0.000000 0.089800 0.036500 0.090900 0.075200 0.075700 0.121300 0.074900 0.144800 0.041200 0.060200 0.079300 0.022400 0.050200 0.079500 0.129200 0.090100 0.074400 0.121900 0.084600 0.074800 0.070200 0.073500 0.069700 0.060200 0.090200 0.095500 0.105600
GyrantGaze 0.078800 0.337300 0.108900 0.325400 0.069100 0.083600 0.120000 0.074500 0.124800 0.135300 0.094300 0.112900 0.077300 0.079000 0.115500 0.054800 0.135100 0.124700 0.079000 0.124500 0.050200 0.104600 0.109000 0.103400 0.089800 0.000000 0.077600 0.130100 0.060000 0.103700 0.129500 0.099400 0.160000 0.082700 0.093200 0.117400 0.084100 0.083300 0.073700 0.142900 0.103400 0.035900 0.130200 0.118200 0.102600 0.104400 0.078600 0.098900 0.094100 0.122100 0.124300 0.134500
Hartebeest 0.027100 0.330100 0.060400 0.319600 0.015100 0.031600 0.064700 0.055400 0.075200 0.105200 0.040900 0.055200 0.008900 0.045400 0.070200 0.057700 0.087800 0.078200 0.017900 0.075000 0.054900 0.041100 0.074800 0.050500 0.036500 0.077600 0.000000 0.080100 0.063000 0.065200 0.099800 0.054100 0.138500 0.004400 0.040800 0.059400 0.040800 0.031300 0.069000 0.097900 0.069600 0.061800 0.098900 0.064500 0.055000 0.059900 0.064300 0.050100 0.050200 0.087100 0.084700 0.084700
Bongo 0.090700 0.383600 0.018200 0.357500 0.079800 0.095500 0.126400 0.109800 0.004500 0.126800 0.095500 0.070300 0.089900 0.099900 0.121400 0.119100 0.110000 0.099900 0.089800 0.013500 0.103800 0.115400 0.105500 0.090000 0.090900 0.130100 0.080100 0.000000 0.125200 0.022700 0.121200 0.121200 0.155700 0.085200 0.115800 0.074700 0.085000 0.094300 0.108300 0.113200 0.100000 0.125000 0.121800 0.104600 0.060400 0.126700 0.114000 0.084900 0.104700 0.108400 0.013500 0.050600
Gerenuk 0.064200 0.339100 0.104100 0.306000 0.064600 0.069000 0.114100 0.065100 0.119900 0.136200 0.079700 0.108100 0.062700 0.084200 0.101000 0.013400 0.125100 0.120100 0.064700 0.119600 0.045700 0.089800 0.104200 0.088500 0.075200 0.060000 0.063000 0.125200 0.000000 0.098900 0.130300 0.094600 0.144400 0.068000 0.088300 0.092300 0.069700 0.078700 0.069200 0.148500 0.098600 0.040600 0.131000 0.103100 0.087700 0.100000 0.074100 0.094200 0.089500 0.117200 0.129900 0.129600
CommonElan 0.075500 0.354300 0.004500 0.339800 0.065000 0.080200 0.115700 0.093800 0.018100 0.121300 0.080200 0.055700 0.074900 0.084700 0.105200 0.093100 0.094500 0.084600 0.074800 0.018100 0.078400 0.100500 0.100200 0.084800 0.075700 0.103700 0.065200 0.022700 0.098900 0.000000 0.115700 0.105400 0.129100 0.070200 0.090100 0.060100 0.060400 0.079200 0.092600 0.117900 0.094800 0.098200 0.116200 0.099300 0.046000 0.110700 0.098200 0.079700 0.090000 0.092900 0.027200 0.036400
MuntiacusR 0.100300 0.330400 0.110500 0.304300 0.089400 0.105100 0.115700 0.120100 0.115900 0.013500 0.125900 0.120500 0.109700 0.104600 0.115900 0.124200 0.104500 0.094600 0.099600 0.115700 0.109100 0.126300 0.036400 0.050400 0.121300 0.129500 0.099800 0.121200 0.130300 0.115700 0.000000 0.125900 0.143400 0.104900 0.125800 0.129900 0.114900 0.103900 0.103200 0.102600 0.031700 0.127300 0.009000 0.064400 0.114900 0.136300 0.129400 0.094600 0.125500 0.112500 0.125800 0.136400
HarveysDui 0.065000 0.345500 0.099500 0.334200 0.054900 0.060100 0.065100 0.083500 0.115900 0.131600 0.079400 0.093500 0.063400 0.018000 0.090500 0.088900 0.119200 0.109000 0.055000 0.115700 0.074600 0.079700 0.100100 0.084500 0.074900 0.099400 0.054100 0.121200 0.094600 0.105400 0.125900 0.000000 0.164500 0.059100 0.079500 0.098700 0.069300 0.068900 0.098900 0.133900 0.103800 0.084200 0.126600 0.099100 0.094200 0.089500 0.074500 0.079100 0.088500 0.101600 0.125800 0.115600
Pronghorn 0.133900 0.381500 0.134300 0.371900 0.138000 0.138600 0.155000 0.155400 0.150200 0.149100 0.149300 0.165600 0.148800 0.153700 0.178100 0.138000 0.138300 0.128000 0.127900 0.150000 0.143600 0.160300 0.138100 0.112300 0.144800 0.160000 0.138500 0.155700 0.144400 0.129100 0.143400 0.164500 0.000000 0.144000 0.154700 0.148600 0.127900 0.153200 0.148000 0.157000 0.132500 0.133400 0.144100 0.126800 0.144000 0.177200 0.164300 0.154200 0.154800 0.149500 0.149600 0.171100
BlueWildeb 0.031800 0.337500 0.065400 0.326400 0.019900 0.036300 0.069600 0.060300 0.080200 0.110400 0.045700 0.060000 0.004400 0.050100 0.075200 0.062800 0.092900 0.083300 0.022400 0.080100 0.059700 0.045800 0.079800 0.055300 0.041200 0.082700 0.004400 0.085200 0.068000 0.070200 0.104900 0.059100 0.144000 0.000000 0.045500 0.064300 0.045500 0.035900 0.073900 0.103000 0.074500 0.067000 0.104100 0.069300 0.059800 0.064800 0.069200 0.054900 0.055000 0.092300 0.089800 0.089800
Gemsbok 0.050500 0.367500 0.095100 0.342300 0.048900 0.055100 0.079500 0.089800 0.110600 0.131500 0.064700 0.099300 0.050100 0.069300 0.105500 0.082800 0.113600 0.103800 0.050200 0.110400 0.079300 0.064900 0.100000 0.074700 0.060200 0.093200 0.040800 0.115800 0.088300 0.090100 0.125800 0.079500 0.154700 0.045500 0.000000 0.103500 0.045500 0.064000 0.093600 0.113400 0.094600 0.078300 0.125500 0.089000 0.098900 0.094400 0.098900 0.074100 0.074200 0.123500 0.120400 0.120400
Yak 0.069400 0.343600 0.055300 0.333500 0.068700 0.074000 0.119000 0.092300 0.069800 0.140900 0.083800 0.050100 0.068800 0.088200 0.094200 0.086700 0.123900 0.113800 0.068900 0.069700 0.082200 0.093900 0.109200 0.093800 0.079300 0.117400 0.059400 0.074700 0.092300 0.060100 0.129900 0.098700 0.148600 0.064300 0.103500 0.000000 0.083500 0.082800 0.106500 0.143100 0.103700 0.102300 0.135800 0.108200 0.013300 0.094100 0.101800 0.093200 0.093500 0.102200 0.079200 0.089000
BlueSheep 0.022400 0.348000 0.065200 0.334700 0.040600 0.026900 0.079100 0.069900 0.080000 0.120500 0.026900 0.089000 0.050000 0.068900 0.094900 0.064400 0.103900 0.094000 0.040600 0.079900 0.059800 0.045400 0.089500 0.064700 0.022400 0.084100 0.040800 0.085000 0.069700 0.060400 0.114900 0.069300 0.127900 0.045500 0.045500 0.083500 0.000000 0.054400 0.073900 0.122800 0.084200 0.069300 0.115500 0.078900 0.078900 0.074400 0.078800 0.064200 0.054900 0.100900 0.089600 0.099500
BohorReedb 0.040700 0.342000 0.074400 0.323700 0.013200 0.045200 0.078600 0.064400 0.089200 0.109300 0.054600 0.068900 0.040400 0.049600 0.074400 0.073300 0.093200 0.083500 0.031300 0.089100 0.059100 0.054800 0.078900 0.064300 0.050200 0.083300 0.031300 0.094300 0.078700 0.079200 0.103900 0.068900 0.153200 0.035900 0.064000 0.082800 0.054400 0.000000 0.073100 0.112000 0.073800 0.078300 0.104400 0.078300 0.068700 0.073800 0.068500 0.045000 0.054500 0.091300 0.098800 0.093900
KirksDik 0.069500 0.347600 0.087700 0.310700 0.059100 0.074200 0.098900 0.054900 0.103100 0.108700 0.084000 0.101800 0.078500 0.078600 0.103200 0.063900 0.113700 0.103600 0.069000 0.102900 0.049900 0.094100 0.088000 0.082600 0.079500 0.073700 0.069000 0.108300 0.069200 0.092600 0.103200 0.098900 0.148000 0.073900 0.093600 0.106500 0.073900 0.073100 0.000000 0.131500 0.082600 0.063500 0.103700 0.097100 0.091800 0.104100 0.059200 0.078700 0.083700 0.110800 0.113000 0.123000
RoeDeer 0.118600 0.367300 0.112900 0.349300 0.097500 0.123300 0.134100 0.133000 0.108000 0.108000 0.133800 0.128700 0.107700 0.112700 0.151500 0.142200 0.128000 0.117900 0.107600 0.117900 0.126900 0.134300 0.078000 0.058900 0.129200 0.142900 0.097900 0.113200 0.148500 0.117900 0.102600 0.133900 0.157000 0.103000 0.113400 0.143100 0.122800 0.112000 0.131500 0.000000 0.073000 0.135000 0.103100 0.072700 0.128200 0.155200 0.137100 0.112700 0.133500 0.135900 0.117700 0.138500
WhiteLippe 0.079900 0.316300 0.089800 0.295500 0.059800 0.084600 0.104700 0.088600 0.095000 0.041100 0.094600 0.099500 0.079200 0.084100 0.095900 0.092900 0.084000 0.074400 0.069500 0.094800 0.078100 0.094900 0.004400 0.022400 0.090100 0.103400 0.069600 0.100000 0.098600 0.094800 0.031700 0.103800 0.132500 0.074500 0.094600 0.103700 0.084200 0.073800 0.082600 0.073000 0.000000 0.095700 0.036500 0.035900 0.089200 0.115000 0.096900 0.074400 0.094300 0.091700 0.104600 0.114900
ThomsonGaz 0.063300 0.343700 0.103600 0.321500 0.063900 0.068400 0.104800 0.059400 0.119700 0.133100 0.079400 0.107800 0.059100 0.073900 0.111000 0.035700 0.125200 0.115100 0.054300 0.119300 0.040400 0.089500 0.101300 0.085700 0.074400 0.035900 0.061800 0.125000 0.040600 0.098200 0.127300 0.084200 0.133400 0.067000 0.078300 0.102300 0.069300 0.078300 0.063500 0.135000 0.095700 0.000000 0.128000 0.100400 0.097700 0.100100 0.068200 0.094200 0.089500 0.113900 0.119300 0.129300
MuntiacusC 0.100800 0.332000 0.111100 0.312800 0.089800 0.105600 0.116300 0.120700 0.116500 0.004500 0.126500 0.120400 0.108800 0.105100 0.117900 0.124800 0.105000 0.095000 0.099200 0.116300 0.109600 0.116400 0.041300 0.050600 0.121900 0.130200 0.098900 0.121800 0.131000 0.116200 0.009000 0.126600 0.144100 0.104100 0.125500 0.135800 0.115500 0.104400 0.103700 0.103100 0.036500 0.128000 0.000000 0.064600 0.120600 0.137000 0.129200 0.095100 0.126200 0.111900 0.126400 0.137100
WhiteTaile 0.074500 0.315600 0.094300 0.314200 0.064300 0.079200 0.099200 0.093300 0.099500 0.069400 0.089100 0.094200 0.074000 0.088600 0.120200 0.097400 0.079000 0.069300 0.064400 0.099300 0.082900 0.089400 0.040700 0.013300 0.084600 0.118200 0.064500 0.104600 0.103100 0.099300 0.064400 0.099100 0.126800 0.069300 0.089000 0.108200 0.078900 0.078300 0.097100 0.072700 0.035900 0.100400 0.064600 0.000000 0.103700 0.109500 0.102600 0.078900 0.088900 0.096300 0.109100 0.119500
Cattle 0.064900 0.344500 0.041300 0.326900 0.054700 0.069500 0.114400 0.082700 0.055600 0.125700 0.079300 0.036300 0.064400 0.074000 0.080000 0.082200 0.109000 0.099000 0.064400 0.055500 0.077500 0.089400 0.094500 0.089300 0.074800 0.102600 0.055000 0.060400 0.087700 0.046000 0.114900 0.094200 0.144000 0.059800 0.098900 0.013300 0.078900 0.068700 0.091800 0.128200 0.089200 0.097700 0.120600 0.103700 0.000000 0.089500 0.087300 0.078800 0.089000 0.087400 0.064900 0.074600
RoyalAntel 0.060300 0.356600 0.105600 0.356700 0.059700 0.065000 0.099600 0.090300 0.121400 0.142100 0.065100 0.109700 0.069400 0.079200 0.115400 0.084300 0.125300 0.115100 0.059900 0.121200 0.089500 0.084700 0.120700 0.094800 0.070200 0.104400 0.059900 0.126700 0.100000 0.110700 0.136300 0.089500 0.177200 0.064800 0.094400 0.094100 0.074400 0.073800 0.104100 0.155200 0.115000 0.100100 0.137000 0.109500 0.089500 0.000000 0.089300 0.094100 0.059800 0.113300 0.131400 0.121000
Steenbok 0.064800 0.357800 0.093300 0.332600 0.054600 0.059900 0.114300 0.049400 0.108800 0.135100 0.078200 0.087300 0.072700 0.064300 0.100300 0.059200 0.108900 0.098900 0.054800 0.108600 0.045400 0.089200 0.103500 0.087900 0.073500 0.078600 0.064300 0.114000 0.074100 0.098200 0.129400 0.074500 0.164300 0.069200 0.098900 0.101800 0.078800 0.068500 0.059200 0.137100 0.096900 0.068200 0.129200 0.102600 0.087300 0.089300 0.000000 0.083700 0.088900 0.076100 0.118700 0.108200
Impala 0.059900 0.330600 0.074900 0.301700 0.040600 0.064500 0.074000 0.079600 0.079900 0.100000 0.074200 0.079100 0.059500 0.059400 0.075100 0.088600 0.093900 0.084100 0.050100 0.079800 0.074100 0.074400 0.079600 0.064700 0.069700 0.098900 0.050100 0.084900 0.094200 0.079700 0.094600 0.079100 0.154200 0.054900 0.074100 0.093200 0.064200 0.045000 0.078700 0.112700 0.074400 0.094200 0.095100 0.078900 0.078800 0.094100 0.083700 0.000000 0.074000 0.102100 0.089400 0.094600
Klipspring 0.050500 0.343500 0.085100 0.315200 0.050000 0.055100 0.089200 0.079900 0.099500 0.131200 0.064700 0.099200 0.059600 0.078800 0.105300 0.083900 0.114400 0.104300 0.050100 0.099300 0.079200 0.074500 0.099700 0.074600 0.060200 0.094100 0.050200 0.104700 0.089500 0.090000 0.125500 0.088500 0.154800 0.055000 0.074200 0.093500 0.054900 0.054500 0.083700 0.133500 0.094300 0.089500 0.126200 0.088900 0.089000 0.059800 0.088900 0.074000 0.000000 0.112800 0.109400 0.120200
ForestMusk 0.086300 0.344200 0.088100 0.311500 0.076900 0.081100 0.139100 0.100300 0.103300 0.118000 0.095000 0.082600 0.095800 0.081900 0.110700 0.101200 0.101800 0.092000 0.077000 0.103000 0.086200 0.111800 0.097200 0.081800 0.090200 0.122100 0.087100 0.108400 0.117200 0.092900 0.112500 0.101600 0.149500 0.092300 0.123500 0.102200 0.100900 0.091300 0.110800 0.135900 0.091700 0.113900 0.111900 0.096300 0.087400 0.113300 0.076100 0.102100 0.112800 0.000000 0.113100 0.102800
Bushbuck 0.095300 0.389100 0.022700 0.363000 0.084300 0.100100 0.131000 0.114500 0.009000 0.131500 0.100100 0.074800 0.094400 0.104500 0.126200 0.123700 0.114600 0.104500 0.094400 0.018000 0.108500 0.120100 0.110100 0.094600 0.095500 0.124300 0.084700 0.013500 0.129900 0.027200 0.125800 0.125800 0.149600 0.089800 0.120400 0.079200 0.089600 0.098800 0.113000 0.117700 0.104600 0.119300 0.126400 0.109100 0.064900 0.131400 0.118700 0.089400 0.109400 0.113100 0.000000 0.055100
GreaterKud 0.104700 0.388800 0.031900 0.368100 0.084300 0.099400 0.136500 0.124600 0.045900 0.142200 0.100100 0.074900 0.084500 0.094600 0.115600 0.113100 0.104400 0.094500 0.094400 0.045800 0.108400 0.120900 0.120500 0.104800 0.105600 0.134500 0.084700 0.050600 0.129600 0.036400 0.136400 0.115600 0.171100 0.089800 0.120400 0.089000 0.099500 0.093900 0.123000 0.138500 0.114900 0.129300 0.137100 0.119500 0.074600 0.121000 0.108200 0.094600 0.120200 0.102800 0.055100 0.000000
