1
52 1
Argali 0.000000 0.761600 0.270500 0.854800 0.178100 0.000000 0.177500 0.132500 0.208400 0.282300 0.067600 0.253300 0.099300 0.202700 0.267300 0.184200 0.343500 0.308200 0.089100 0.230400 0.225300 0.097500 0.281300 0.271100 0.067600 0.188900 0.098600 0.211700 0.194700 0.237100 0.294700 0.176200 0.354500 0.097400 0.130300 0.216600 0.077000 0.200400 0.176700 0.291800 0.238500 0.178200 0.304000 0.326200 0.229700 0.154600 0.177300 0.183400 0.114100 0.310000 0.245400 0.249900
LesserMous 0.761600 0.000000 0.816600 0.676900 0.679700 0.761600 0.704000 0.730700 0.770000 0.679200 0.784300 0.660200 0.809800 0.797900 0.661000 0.791000 0.641000 0.590100 0.746600 0.728200 0.724300 0.753200 0.609900 0.656500 0.784300 0.665200 0.800700 0.744500 0.767800 0.705200 0.671300 0.779400 0.674600 0.787800 0.820000 0.730800 0.783200 0.714300 0.705300 0.567500 0.636000 0.689900 0.678900 0.687900 0.750500 0.747900 0.705200 0.797100 0.747600 0.750800 0.674500 0.669800
LesserKudu 0.270500 0.816600 0.000000 0.954300 0.309500 0.270500 0.284200 0.247700 0.137500 0.367400 0.282200 0.311900 0.294600 0.337900 0.362600 0.288100 0.429500 0.339800 0.283400 0.117500 0.282000 0.268600 0.341200 0.382400 0.282200 0.295700 0.292400 0.119500 0.323900 0.151200 0.382200 0.307200 0.385300 0.264300 0.329700 0.251100 0.265800 0.332900 0.259500 0.379200 0.326500 0.309500 0.391000 0.412200 0.264000 0.308500 0.309000 0.337100 0.267400 0.369700 0.128700 0.140500
KillerWhal 0.854800 0.676900 0.954300 0.000000 0.717400 0.854800 0.829600 0.836900 0.892300 0.811500 0.825900 0.743900 0.823100 0.747000 0.782100 0.834300 0.767800 0.736300 0.814900 0.889200 0.828100 0.790000 0.726000 0.748800 0.825900 0.798700 0.861700 0.865300 0.807300 0.873700 0.809300 0.757300 0.783500 0.848700 0.936600 0.789100 0.776900 0.690400 0.829000 0.756900 0.753700 0.784500 0.795900 0.804600 0.828600 0.806900 0.848300 0.809100 0.791000 0.792500 0.817100 0.874200
DefassaWat 0.178100 0.679700 0.309500 0.717400 0.000000 0.178100 0.190900 0.191400 0.268800 0.272400 0.143600 0.268400 0.178300 0.169400 0.281700 0.186500 0.333900 0.298300 0.167100 0.268000 0.193000 0.153600 0.270500 0.312000 0.143600 0.202600 0.176900 0.249000 0.174400 0.275900 0.284300 0.166400 0.318200 0.174500 0.211800 0.256600 0.152100 0.039100 0.190600 0.322200 0.281200 0.191800 0.293700 0.368500 0.297200 0.191000 0.239600 0.196500 0.126500 0.382400 0.259400 0.276000
Sheep 0.000000 0.761600 0.270500 0.854800 0.178100 0.000000 0.177500 0.132500 0.208400 0.282300 0.067600 0.253300 0.099300 0.202700 0.267300 0.184200 0.343500 0.308200 0.089100 0.230400 0.225300 0.097500 0.281300 0.271100 0.067600 0.188900 0.098600 0.211700 0.194700 0.237100 0.294700 0.176200 0.354500 0.097400 0.130300 0.216600 0.077000 0.200400 0.176700 0.291800 0.238500 0.178200 0.304000 0.326200 0.229700 0.154600 0.177300 0.183400 0.114100 0.310000 0.245400 0.249900
MaxwellsDu 0.177500 0.704000 0.284200 0.829600 0.190900 0.177500 0.000000 0.166100 0.292200 0.297000 0.165600 0.241600 0.166300 0.121900 0.245300 0.172900 0.359200 0.323500 0.189900 0.291400 0.147500 0.176000 0.323300 0.365600 0.165600 0.132800 0.176200 0.272300 0.183200 0.274700 0.337800 0.119800 0.343000 0.173800 0.187300 0.256000 0.196900 0.189400 0.143300 0.294200 0.279800 0.144400 0.319200 0.366900 0.244400 0.166100 0.143600 0.218900 0.149000 0.380600 0.282800 0.274700
GazellaPrz 0.132500 0.730700 0.247700 0.836900 0.191400 0.132500 0.166100 0.000000 0.199100 0.297200 0.143000 0.254200 0.177600 0.191300 0.305400 0.150700 0.318200 0.283600 0.166600 0.198600 0.169100 0.153300 0.296800 0.311900 0.143000 0.154500 0.176200 0.179800 0.161200 0.193000 0.310300 0.165400 0.343400 0.173800 0.187300 0.242400 0.174200 0.214200 0.100000 0.321300 0.253600 0.142800 0.319700 0.368700 0.255800 0.166100 0.143500 0.243700 0.149000 0.286200 0.178300 0.193300
MountainNy 0.208400 0.770000 0.137500 0.892300 0.268800 0.208400 0.292200 0.199100 0.000000 0.349300 0.218800 0.295500 0.254200 0.320000 0.331300 0.296400 0.411000 0.323400 0.220100 0.033900 0.290700 0.206600 0.323400 0.337300 0.218800 0.279500 0.252400 0.017100 0.283800 0.080300 0.363000 0.264300 0.367600 0.249000 0.287600 0.284300 0.227100 0.291400 0.198600 0.360300 0.308600 0.292800 0.371900 0.392300 0.297500 0.291700 0.288800 0.292500 0.251200 0.326400 0.079700 0.081000
MuntiacusM 0.282300 0.679200 0.367400 0.811500 0.272400 0.282300 0.297000 0.297200 0.349300 0.000000 0.269100 0.339800 0.282400 0.325400 0.338100 0.301400 0.286700 0.278000 0.296600 0.323500 0.319800 0.255200 0.134400 0.194300 0.269100 0.258800 0.280300 0.329200 0.338800 0.332100 0.059400 0.320000 0.274300 0.276500 0.318400 0.314200 0.301700 0.270200 0.270600 0.144300 0.093300 0.272500 0.069400 0.222300 0.328600 0.296600 0.297000 0.352900 0.229000 0.331300 0.340000 0.307100
goat 0.067600 0.784300 0.282200 0.825900 0.143600 0.067600 0.165600 0.143000 0.218800 0.269100 0.000000 0.240200 0.088700 0.167000 0.255000 0.161900 0.329500 0.294800 0.078600 0.240900 0.190300 0.047200 0.241900 0.282700 0.000000 0.176900 0.088000 0.222300 0.172000 0.248000 0.281000 0.141800 0.341000 0.087000 0.119300 0.180200 0.066800 0.165200 0.164700 0.278000 0.225200 0.166300 0.290100 0.311700 0.217100 0.143200 0.165300 0.171800 0.092400 0.321800 0.232700 0.260800
AfricanBuf 0.253300 0.660200 0.311900 0.743900 0.268400 0.253300 0.241600 0.254200 0.295500 0.339800 0.240200 0.000000 0.241200 0.269500 0.283400 0.273000 0.365800 0.276500 0.267500 0.294600 0.266100 0.276300 0.312900 0.355000 0.240200 0.279800 0.251500 0.275300 0.284100 0.290900 0.326600 0.264500 0.336700 0.248000 0.289600 0.182600 0.273400 0.240600 0.266500 0.323700 0.269100 0.268400 0.308100 0.356600 0.195200 0.267700 0.204000 0.246500 0.224600 0.341300 0.261300 0.277700
Topi 0.099300 0.809800 0.294600 0.823100 0.178300 0.099300 0.166300 0.177600 0.254200 0.282400 0.088700 0.241200 0.000000 0.191200 0.280100 0.184300 0.343600 0.308300 0.110400 0.277300 0.225400 0.119500 0.281500 0.323100 0.088700 0.189000 0.037400 0.258400 0.194800 0.285500 0.294900 0.187800 0.341800 0.036900 0.088000 0.216600 0.118400 0.188900 0.200200 0.292000 0.238700 0.178300 0.291400 0.352400 0.229700 0.154700 0.189400 0.183600 0.114200 0.364100 0.293600 0.275200
CommonDuik 0.202700 0.797900 0.337900 0.747000 0.169400 0.202700 0.121900 0.191300 0.320000 0.325400 0.167000 0.269500 0.191200 0.000000 0.295600 0.197400 0.390400 0.353700 0.215700 0.319000 0.193200 0.200600 0.354400 0.397300 0.167000 0.179300 0.201300 0.299700 0.185200 0.328500 0.340600 0.079000 0.374200 0.198500 0.237200 0.311400 0.198500 0.168100 0.145000 0.365300 0.310100 0.168700 0.321900 0.369600 0.299200 0.191200 0.191000 0.245000 0.139700 0.413200 0.336600 0.328500
Suni 0.267300 0.661000 0.362600 0.782100 0.281700 0.267300 0.245300 0.305400 0.331300 0.338100 0.255000 0.283400 0.280100 0.295600 0.000000 0.335200 0.453600 0.417000 0.280600 0.330200 0.291700 0.241400 0.364800 0.351700 0.255000 0.292400 0.289800 0.312000 0.345900 0.314500 0.378500 0.290500 0.435100 0.286100 0.326700 0.298300 0.310600 0.255500 0.292800 0.348600 0.323000 0.306200 0.359400 0.379500 0.311700 0.280600 0.268400 0.237500 0.264600 0.404000 0.322400 0.327900
Springbuck 0.184200 0.791000 0.288100 0.834300 0.186500 0.184200 0.172900 0.150700 0.296400 0.301400 0.161900 0.273000 0.184300 0.197400 0.335200 0.000000 0.336100 0.301800 0.196500 0.295500 0.144000 0.194400 0.315700 0.369500 0.161900 0.139600 0.182900 0.276800 0.065100 0.268000 0.314400 0.206100 0.346200 0.180600 0.193800 0.249400 0.192400 0.208400 0.150000 0.325600 0.285400 0.129600 0.323500 0.398600 0.274600 0.173000 0.172700 0.249200 0.133800 0.412000 0.275900 0.255600
Okapi 0.343500 0.641000 0.429500 0.767800 0.333900 0.343500 0.359200 0.318200 0.411000 0.286700 0.329500 0.365800 0.343600 0.390400 0.453600 0.336100 0.000000 0.146200 0.331400 0.409700 0.380200 0.367200 0.285400 0.321700 0.329500 0.343500 0.341000 0.390400 0.348500 0.340700 0.298900 0.383200 0.301900 0.336200 0.301700 0.336100 0.310400 0.331200 0.357700 0.283500 0.269700 0.332200 0.308000 0.324900 0.350500 0.305500 0.305000 0.389000 0.288600 0.365400 0.347800 0.340700
Giraffe 0.308200 0.590100 0.339800 0.736300 0.298300 0.308200 0.323500 0.283600 0.323400 0.278000 0.294800 0.276500 0.308300 0.353700 0.417000 0.301800 0.146200 0.000000 0.270500 0.322400 0.319800 0.331500 0.202000 0.266200 0.294800 0.335100 0.305900 0.303400 0.313700 0.257500 0.263900 0.347100 0.244900 0.301800 0.291900 0.300600 0.276700 0.295900 0.321900 0.224700 0.209600 0.323800 0.272900 0.295600 0.314500 0.323100 0.296500 0.352900 0.254000 0.330600 0.265100 0.257400
TibetanAnt 0.089100 0.746600 0.283400 0.814900 0.167100 0.089100 0.189900 0.166600 0.220100 0.296600 0.078600 0.267500 0.110400 0.215700 0.280600 0.196500 0.331400 0.270500 0.000000 0.242400 0.238000 0.109200 0.243400 0.284500 0.078600 0.201500 0.109500 0.223600 0.207100 0.249500 0.309800 0.211800 0.342800 0.108100 0.141700 0.230200 0.108200 0.189300 0.189000 0.280400 0.240000 0.190700 0.319600 0.367700 0.243600 0.166600 0.189700 0.195600 0.104000 0.362700 0.257700 0.262500
Sitatunga 0.230400 0.728200 0.117500 0.889200 0.268000 0.230400 0.291400 0.198600 0.033900 0.323500 0.240900 0.294600 0.277300 0.319000 0.330200 0.295500 0.409700 0.322400 0.242400 0.000000 0.289900 0.228500 0.297400 0.311700 0.240900 0.255200 0.275300 0.017100 0.307300 0.080100 0.336000 0.289600 0.341600 0.248200 0.311400 0.258900 0.249200 0.290600 0.198100 0.333400 0.282300 0.268100 0.344900 0.365700 0.271700 0.290800 0.264600 0.315900 0.250400 0.325600 0.079400 0.062100
Oribi 0.225300 0.724300 0.282000 0.828100 0.193000 0.225300 0.147500 0.169100 0.290700 0.319800 0.190300 0.266100 0.225400 0.193200 0.291700 0.144000 0.380200 0.319800 0.238000 0.289900 0.000000 0.200600 0.346000 0.415200 0.190300 0.179800 0.223700 0.271500 0.133300 0.286100 0.387300 0.168000 0.364400 0.220600 0.234800 0.254600 0.220800 0.214500 0.147300 0.344200 0.331000 0.191600 0.396500 0.415200 0.293100 0.213700 0.169300 0.266600 0.198000 0.376300 0.257800 0.273900
BarbaryShe 0.097500 0.753200 0.268600 0.790000 0.153600 0.097500 0.176000 0.153300 0.206600 0.255200 0.047200 0.276300 0.119500 0.200600 0.241400 0.194400 0.367200 0.331500 0.109200 0.228500 0.200600 0.000000 0.252800 0.267700 0.047200 0.187300 0.118600 0.209900 0.204900 0.235100 0.291900 0.174100 0.379200 0.117100 0.150700 0.190600 0.076200 0.175200 0.152800 0.276500 0.236300 0.199800 0.301200 0.322000 0.227700 0.175700 0.198800 0.181600 0.124500 0.294600 0.220100 0.247700
Daviddeer 0.281300 0.609900 0.341200 0.726000 0.270500 0.281300 0.323300 0.296800 0.323400 0.134400 0.241900 0.312900 0.281500 0.354400 0.364800 0.315700 0.285400 0.202000 0.243400 0.297400 0.346000 0.252800 0.000000 0.145600 0.241900 0.309400 0.279300 0.302800 0.355400 0.305500 0.116900 0.293300 0.271800 0.275300 0.318900 0.273400 0.249700 0.268200 0.322500 0.115500 0.064100 0.297800 0.125500 0.197600 0.315000 0.296200 0.296500 0.300100 0.226100 0.331200 0.288100 0.280400
Reindeer 0.271100 0.656500 0.382400 0.748800 0.312000 0.271100 0.365600 0.311900 0.337300 0.194300 0.282700 0.355000 0.323100 0.397300 0.351700 0.369500 0.321700 0.266200 0.284500 0.311700 0.415200 0.267700 0.145600 0.000000 0.282700 0.351300 0.320600 0.317200 0.381700 0.319900 0.178600 0.335700 0.311800 0.316000 0.347900 0.356800 0.290600 0.309800 0.364200 0.167200 0.126600 0.339700 0.189700 0.083700 0.371800 0.338000 0.311400 0.340800 0.294400 0.332800 0.327800 0.308900
Ibex 0.067600 0.784300 0.282200 0.825900 0.143600 0.067600 0.165600 0.143000 0.218800 0.269100 0.000000 0.240200 0.088700 0.167000 0.255000 0.161900 0.329500 0.294800 0.078600 0.240900 0.190300 0.047200 0.241900 0.282700 0.000000 0.176900 0.088000 0.222300 0.172000 0.248000 0.281000 0.141800 0.341000 0.087000 0.119300 0.180200 0.066800 0.165200 0.164700 0.278000 0.225200 0.166300 0.290100 0.311700 0.217100 0.143200 0.165300 0.171800 0.092400 0.321800 0.232700 0.260800
GyrantGaze 0.188900 0.665200 0.295700 0.798700 0.202600 0.188900 0.132800 0.154500 0.279500 0.258800 0.176900 0.279800 0.189000 0.179300 0.292400 0.139600 0.343500 0.335100 0.201500 0.255200 0.179800 0.187300 0.309400 0.351300 0.176900 0.000000 0.187500 0.259700 0.171800 0.274600 0.296400 0.199400 0.328400 0.185000 0.198700 0.217600 0.208300 0.225100 0.132000 0.280900 0.266200 0.009600 0.305900 0.380800 0.206500 0.154800 0.132500 0.231000 0.137300 0.364900 0.269900 0.238400
Hartebeest 0.098600 0.800700 0.292400 0.861700 0.176900 0.098600 0.176200 0.176200 0.252400 0.280300 0.088000 0.251500 0.037400 0.201300 0.289800 0.182900 0.341000 0.305900 0.109500 0.275300 0.223700 0.118600 0.279300 0.320600 0.088000 0.187500 0.000000 0.256400 0.193300 0.283400 0.292600 0.197700 0.352000 0.034400 0.087300 0.214900 0.117500 0.198900 0.198700 0.289700 0.236800 0.177000 0.301800 0.349800 0.227900 0.153500 0.199400 0.182200 0.113300 0.361300 0.291400 0.273100
Bongo 0.211700 0.744500 0.119500 0.865300 0.249000 0.211700 0.272300 0.179800 0.017100 0.329200 0.222300 0.275300 0.258400 0.299700 0.312000 0.276800 0.390400 0.303400 0.223600 0.017100 0.271500 0.209900 0.302800 0.317200 0.222300 0.259700 0.256400 0.000000 0.288500 0.063200 0.342100 0.270600 0.347600 0.253000 0.292400 0.264000 0.230700 0.271500 0.179300 0.339500 0.287600 0.272800 0.351200 0.372100 0.277100 0.271800 0.271800 0.300200 0.231100 0.306300 0.062200 0.063200
Gerenuk 0.194700 0.767800 0.323900 0.807300 0.174400 0.194700 0.183200 0.161200 0.283800 0.338800 0.172000 0.284100 0.194800 0.185200 0.345900 0.065100 0.348500 0.313700 0.207100 0.307300 0.133300 0.204900 0.355400 0.381700 0.172000 0.171800 0.193300 0.288500 0.000000 0.279600 0.353500 0.194000 0.358800 0.190700 0.204300 0.286300 0.202800 0.196000 0.160600 0.365300 0.324700 0.161500 0.362800 0.382600 0.312400 0.206200 0.206200 0.235900 0.166900 0.426100 0.287300 0.267200
CommonElan 0.237100 0.705200 0.151200 0.873700 0.275900 0.237100 0.274700 0.193000 0.080300 0.332100 0.248000 0.290900 0.285500 0.328500 0.314500 0.268000 0.340700 0.257500 0.249500 0.080100 0.286100 0.235100 0.305500 0.319900 0.248000 0.274600 0.283400 0.063200 0.279600 0.000000 0.345200 0.298100 0.324700 0.279500 0.295000 0.279500 0.256400 0.274100 0.192400 0.329800 0.290300 0.288100 0.354200 0.375200 0.292900 0.299400 0.284100 0.324900 0.258000 0.308900 0.053500 0.036000
MuntiacusR 0.294700 0.671300 0.382200 0.809300 0.284300 0.294700 0.337800 0.310300 0.363000 0.059400 0.281000 0.326600 0.294900 0.340600 0.378500 0.314400 0.298900 0.263900 0.309800 0.336000 0.387300 0.291900 0.116900 0.178600 0.281000 0.296400 0.292600 0.342100 0.353500 0.345200 0.000000 0.334600 0.260100 0.288500 0.332600 0.328100 0.314800 0.281900 0.308500 0.149900 0.074700 0.284900 0.030200 0.207500 0.344000 0.282700 0.309900 0.340300 0.239100 0.344700 0.353500 0.319100
HarveysDui 0.176200 0.779400 0.307200 0.757300 0.166400 0.176200 0.119800 0.165400 0.264300 0.320000 0.141800 0.264500 0.187800 0.079000 0.290500 0.206100 0.383200 0.347100 0.211800 0.289600 0.168000 0.174100 0.293300 0.335700 0.141800 0.199400 0.197700 0.270600 0.194000 0.298100 0.334600 0.000000 0.367400 0.195000 0.233000 0.278800 0.150500 0.165200 0.187500 0.330900 0.277200 0.188700 0.316400 0.311500 0.293500 0.187800 0.187800 0.240800 0.159900 0.350500 0.281100 0.298200
Pronghorn 0.354500 0.674600 0.385300 0.783500 0.318200 0.354500 0.343000 0.343400 0.367600 0.274300 0.341000 0.336700 0.341800 0.374200 0.435100 0.346200 0.301900 0.244900 0.342800 0.341600 0.364400 0.379200 0.271800 0.311800 0.341000 0.328400 0.352000 0.347600 0.358800 0.324700 0.260100 0.367400 0.000000 0.347100 0.364500 0.403600 0.375000 0.289700 0.342300 0.295800 0.255600 0.317200 0.244300 0.367800 0.419100 0.370000 0.342600 0.399700 0.327100 0.433100 0.332400 0.300400
BlueWildeb 0.097400 0.787800 0.264300 0.848700 0.174500 0.097400 0.173800 0.173800 0.249000 0.276500 0.087000 0.248000 0.036900 0.198500 0.286100 0.180600 0.336200 0.301800 0.108100 0.248200 0.220600 0.117100 0.275300 0.316000 0.087000 0.185000 0.034400 0.253000 0.190700 0.279500 0.288500 0.195000 0.347100 0.000000 0.086200 0.188300 0.116000 0.196100 0.195700 0.285500 0.233400 0.174600 0.297500 0.344800 0.200800 0.151500 0.196500 0.179800 0.111800 0.355900 0.287500 0.269200
Gemsbok 0.130300 0.820000 0.329700 0.936600 0.211800 0.130300 0.187300 0.187300 0.287600 0.318400 0.119300 0.289600 0.088000 0.237200 0.326700 0.193800 0.301700 0.291900 0.141700 0.311400 0.234800 0.150700 0.318900 0.347900 0.119300 0.198700 0.087300 0.292400 0.204300 0.295000 0.332600 0.233000 0.364500 0.086200 0.000000 0.251900 0.149300 0.234300 0.209900 0.316300 0.275800 0.188100 0.341800 0.377300 0.265500 0.187400 0.210700 0.216300 0.146600 0.403100 0.302900 0.284800
Yak 0.216600 0.730800 0.251100 0.789100 0.256600 0.216600 0.256000 0.242400 0.284300 0.314200 0.180200 0.182600 0.216600 0.311400 0.298300 0.249400 0.336100 0.300600 0.230200 0.258900 0.254600 0.190600 0.273400 0.356800 0.180200 0.217600 0.214900 0.264000 0.286300 0.279500 0.328100 0.278800 0.403600 0.188300 0.251900 0.000000 0.212200 0.254500 0.254700 0.296500 0.268800 0.231000 0.323600 0.387300 0.029300 0.230300 0.241700 0.260200 0.212700 0.340800 0.226200 0.266300
BlueSheep 0.077000 0.783200 0.265800 0.776900 0.152100 0.077000 0.196900 0.174200 0.227100 0.301700 0.066800 0.273400 0.118400 0.198500 0.310600 0.192400 0.310400 0.276700 0.108200 0.249200 0.220800 0.076200 0.249700 0.290600 0.066800 0.208300 0.117500 0.230700 0.202800 0.256400 0.314800 0.150500 0.375000 0.116000 0.149300 0.212200 0.000000 0.173300 0.219500 0.273000 0.259100 0.197700 0.323900 0.294400 0.249900 0.174000 0.220300 0.179900 0.101500 0.356900 0.240900 0.256400
BohorReedb 0.200400 0.714300 0.332900 0.690400 0.039100 0.200400 0.189400 0.214200 0.291400 0.270200 0.165200 0.240600 0.188900 0.168100 0.255500 0.208400 0.331200 0.295900 0.189300 0.290600 0.214500 0.175200 0.268200 0.309800 0.165200 0.225100 0.198900 0.271500 0.196000 0.274100 0.281900 0.165200 0.289700 0.196100 0.234300 0.254500 0.173300 0.000000 0.213200 0.319500 0.278700 0.214200 0.265000 0.365500 0.294700 0.213400 0.237900 0.218500 0.148400 0.379600 0.257800 0.273700
KirksDik 0.176700 0.705300 0.259500 0.829000 0.190600 0.176700 0.143300 0.100000 0.198600 0.270600 0.164700 0.266500 0.200200 0.145000 0.292800 0.150000 0.357700 0.321900 0.189000 0.198100 0.147300 0.152800 0.322500 0.364200 0.164700 0.132000 0.198700 0.179300 0.160600 0.192400 0.308500 0.187500 0.342300 0.195700 0.209900 0.254700 0.219500 0.213200 0.000000 0.320200 0.278900 0.143500 0.318000 0.422600 0.268300 0.188400 0.143100 0.242400 0.148300 0.298300 0.189100 0.192800
RoeDeer 0.291800 0.567500 0.379200 0.756900 0.322200 0.291800 0.294200 0.321300 0.360300 0.144300 0.278000 0.323700 0.292000 0.365300 0.348600 0.325600 0.283500 0.224700 0.280400 0.333400 0.344200 0.276500 0.115500 0.167200 0.278000 0.280900 0.289700 0.339500 0.365300 0.329800 0.149900 0.330900 0.295800 0.285500 0.316300 0.296500 0.273000 0.319500 0.320200 0.000000 0.096800 0.295500 0.136400 0.207600 0.311100 0.306700 0.294200 0.324100 0.236600 0.342100 0.337900 0.304600
WhiteLippe 0.238500 0.636000 0.326500 0.753700 0.281200 0.238500 0.279800 0.253600 0.308600 0.093300 0.225200 0.269100 0.238700 0.310100 0.323000 0.285400 0.269700 0.209600 0.240000 0.282300 0.331000 0.236300 0.064100 0.126600 0.225200 0.266200 0.236800 0.287600 0.324700 0.290300 0.074700 0.277200 0.255600 0.233400 0.275800 0.268800 0.259100 0.278700 0.278900 0.096800 0.000000 0.254500 0.085500 0.156200 0.283500 0.253100 0.253300 0.284100 0.208500 0.287400 0.298800 0.264700
ThomsonGaz 0.178200 0.689900 0.309500 0.784500 0.191800 0.178200 0.144400 0.142800 0.292800 0.272500 0.166300 0.268400 0.178300 0.168700 0.306200 0.129600 0.332200 0.323800 0.190700 0.268100 0.191600 0.199800 0.297800 0.339700 0.166300 0.009600 0.177000 0.272800 0.161500 0.288100 0.284900 0.188700 0.317200 0.174600 0.188100 0.231000 0.197700 0.214200 0.143500 0.295500 0.254500 0.000000 0.294400 0.369300 0.219700 0.144400 0.122200 0.220200 0.126700 0.380500 0.283200 0.251200
MuntiacusC 0.304000 0.678900 0.391000 0.795900 0.293700 0.304000 0.319200 0.319700 0.371900 0.069400 0.290100 0.308100 0.291400 0.321900 0.359400 0.323500 0.308000 0.272900 0.319600 0.344900 0.396500 0.301200 0.125500 0.189700 0.290100 0.305900 0.301800 0.351200 0.362800 0.354200 0.030200 0.316400 0.244300 0.297500 0.341800 0.323600 0.323900 0.265000 0.318000 0.136400 0.085500 0.294400 0.000000 0.218500 0.339000 0.291900 0.292300 0.349400 0.248700 0.354100 0.362300 0.328700
WhiteTaile 0.326200 0.687900 0.412200 0.804600 0.368500 0.326200 0.366900 0.368700 0.392300 0.222300 0.311700 0.356600 0.352400 0.369600 0.379500 0.398600 0.324900 0.295600 0.367700 0.365700 0.415200 0.322000 0.197600 0.083700 0.311700 0.380800 0.349800 0.372100 0.382600 0.375200 0.207500 0.311500 0.367800 0.344800 0.377300 0.387300 0.294400 0.365500 0.422600 0.207600 0.156200 0.369300 0.218500 0.000000 0.402400 0.367400 0.367900 0.369500 0.312500 0.349300 0.382900 0.349400
Cattle 0.229700 0.750500 0.264000 0.828600 0.297200 0.229700 0.244400 0.255800 0.297500 0.328600 0.217100 0.195200 0.229700 0.299200 0.311700 0.274600 0.350500 0.314500 0.243600 0.271700 0.293100 0.227700 0.315000 0.371800 0.217100 0.206500 0.227900 0.277100 0.312400 0.292900 0.344000 0.293500 0.419100 0.200800 0.265500 0.029300 0.249900 0.294700 0.268300 0.311100 0.283500 0.219700 0.339000 0.402400 0.000000 0.244100 0.255100 0.273500 0.226100 0.355700 0.262900 0.279500
RoyalAntel 0.154600 0.747900 0.308500 0.806900 0.191000 0.154600 0.166100 0.166100 0.291700 0.296600 0.143200 0.267700 0.154700 0.191200 0.280600 0.173000 0.305500 0.323100 0.166600 0.290800 0.213700 0.175700 0.296200 0.338000 0.143200 0.154800 0.153500 0.271800 0.206200 0.299400 0.282700 0.187800 0.370000 0.151500 0.187400 0.230300 0.174000 0.213400 0.188400 0.306700 0.253100 0.144400 0.291900 0.367400 0.244100 0.000000 0.143700 0.196100 0.126100 0.352300 0.307600 0.299300
Steenbok 0.177300 0.705200 0.309000 0.848300 0.239600 0.177300 0.143600 0.143500 0.288800 0.297000 0.165300 0.204000 0.189400 0.191000 0.268400 0.172700 0.305000 0.296500 0.189700 0.264600 0.169300 0.198800 0.296500 0.311400 0.165300 0.132500 0.199400 0.271800 0.206200 0.284100 0.309900 0.187800 0.342600 0.196500 0.210700 0.241700 0.220300 0.237900 0.143100 0.294200 0.253300 0.122200 0.292300 0.367900 0.255100 0.143700 0.000000 0.241100 0.172400 0.325600 0.282000 0.263400
Impala 0.183400 0.797100 0.337100 0.809100 0.196500 0.183400 0.218900 0.243700 0.292500 0.352900 0.171800 0.246500 0.183600 0.245000 0.237500 0.249200 0.389000 0.352900 0.195600 0.315900 0.266600 0.181600 0.300100 0.340800 0.171800 0.231000 0.182200 0.300200 0.235900 0.324900 0.340300 0.240800 0.399700 0.179800 0.216300 0.260200 0.179900 0.218500 0.242400 0.324100 0.284100 0.220200 0.349400 0.369500 0.273500 0.196100 0.241100 0.000000 0.155800 0.354600 0.336100 0.328200
Klipspring 0.114100 0.747600 0.267400 0.791000 0.126500 0.114100 0.149000 0.149000 0.251200 0.229000 0.092400 0.224600 0.114200 0.139700 0.264600 0.133800 0.288600 0.254000 0.104000 0.250400 0.198000 0.124500 0.226100 0.294400 0.092400 0.137300 0.113300 0.231100 0.166900 0.258000 0.239100 0.159900 0.327100 0.111800 0.146600 0.212700 0.101500 0.148400 0.148300 0.236600 0.208500 0.126700 0.248700 0.312500 0.226100 0.126100 0.172400 0.155800 0.000000 0.335400 0.266400 0.257900
ForestMusk 0.310000 0.750800 0.369700 0.792500 0.382400 0.310000 0.380600 0.286200 0.326400 0.331300 0.321800 0.341300 0.364100 0.413200 0.404000 0.412000 0.365400 0.330600 0.362700 0.325600 0.376300 0.294600 0.331200 0.332800 0.321800 0.364900 0.361300 0.306300 0.426100 0.308900 0.344700 0.350500 0.433100 0.355900 0.403100 0.340800 0.356900 0.379600 0.298300 0.342100 0.287400 0.380500 0.354100 0.349300 0.355700 0.352300 0.325600 0.354600 0.335400 0.000000 0.291700 0.322900
Bushbuck 0.245400 0.674500 0.128700 0.817100 0.259400 0.245400 0.282800 0.178300 0.079700 0.340000 0.232700 0.261300 0.293600 0.336600 0.322400 0.275900 0.347800 0.265100 0.257700 0.079400 0.257800 0.220100 0.288100 0.327800 0.232700 0.269900 0.291400 0.062200 0.287300 0.053500 0.353500 0.281100 0.332400 0.287500 0.302900 0.226200 0.240900 0.257800 0.189100 0.337900 0.298800 0.283200 0.362300 0.382900 0.262900 0.307600 0.282000 0.336100 0.266400 0.291700 0.000000 0.053600
GreaterKud 0.249900 0.669800 0.140500 0.874200 0.276000 0.249900 0.274700 0.193300 0.081000 0.307100 0.260800 0.277700 0.275200 0.328500 0.327900 0.255600 0.340700 0.257400 0.262500 0.062100 0.273900 0.247700 0.280400 0.308900 0.260800 0.238400 0.273100 0.063200 0.267200 0.036000 0.319100 0.298200 0.300400 0.269200 0.284800 0.266300 0.256400 0.273700 0.192800 0.304600 0.264700 0.251200 0.328700 0.349400 0.279500 0.299300 0.263400 0.328200 0.257900 0.322900 0.053600 0.000000
