1
52 1
Argali 0.000000 0.168500 0.011900 0.183500 0.023700 0.000000 0.012000 0.061400 0.036200 0.036800 0.012100 0.036800 0.024300 0.011900 0.024000 0.036900 0.089800 0.090000 0.011800 0.024000 0.049000 0.012000 0.062400 0.050200 0.000100 0.024300 0.024300 0.024000 0.024400 0.024000 0.036800 0.024100 0.076900 0.024300 0.000100 0.037000 0.000100 0.035900 0.048500 0.037100 0.062100 0.049600 0.036700 0.076300 0.037000 0.036500 0.024000 0.012200 0.036700 0.050000 0.036200 0.048600
LesserMous 0.168500 0.000000 0.167200 0.174000 0.195200 0.168500 0.183300 0.212900 0.165300 0.150400 0.195800 0.151900 0.185200 0.182300 0.206100 0.184200 0.176000 0.208600 0.185300 0.150800 0.216100 0.168100 0.178200 0.136400 0.177100 0.199500 0.185200 0.150800 0.199900 0.150800 0.150400 0.165600 0.199200 0.185200 0.166900 0.136800 0.177500 0.178600 0.162100 0.151700 0.176800 0.234500 0.157700 0.166100 0.136800 0.152300 0.165300 0.174600 0.169000 0.161200 0.165300 0.180300
LesserKudu 0.011900 0.167200 0.000000 0.181600 0.035300 0.011900 0.023700 0.073300 0.023600 0.036300 0.024200 0.048800 0.011900 0.023600 0.035800 0.048900 0.088600 0.088800 0.024100 0.011700 0.060800 0.023900 0.061600 0.049500 0.011800 0.036100 0.011900 0.011700 0.036200 0.011700 0.036300 0.035800 0.076000 0.011900 0.011700 0.024200 0.011800 0.047600 0.060200 0.036600 0.061300 0.061500 0.048800 0.075400 0.024200 0.048300 0.035800 0.024100 0.048600 0.049300 0.023600 0.035300
KillerWhal 0.183500 0.174000 0.181600 0.000000 0.204200 0.183500 0.198300 0.192800 0.196300 0.165100 0.190900 0.182700 0.188100 0.198000 0.223000 0.232500 0.192000 0.225000 0.201000 0.181500 0.230700 0.182700 0.196900 0.138700 0.173500 0.214500 0.199800 0.181500 0.215200 0.181500 0.165100 0.197900 0.231300 0.199800 0.181000 0.167400 0.173700 0.204700 0.181800 0.165900 0.195200 0.249700 0.180400 0.169300 0.167400 0.186600 0.179000 0.184500 0.215400 0.163900 0.196300 0.212700
DefassaWat 0.023700 0.195200 0.035300 0.204200 0.000000 0.023700 0.035600 0.085000 0.059700 0.060700 0.036200 0.060600 0.048000 0.035300 0.047400 0.060900 0.106800 0.107400 0.036000 0.047500 0.072700 0.035800 0.086500 0.074500 0.023800 0.047900 0.048000 0.047500 0.048200 0.047500 0.060700 0.047500 0.101300 0.048000 0.023500 0.060900 0.023800 0.011500 0.072000 0.061200 0.086100 0.073500 0.073400 0.100900 0.060900 0.060200 0.047500 0.036000 0.060500 0.074200 0.059700 0.072100
Sheep 0.000000 0.168500 0.011900 0.183500 0.023700 0.000000 0.012000 0.061400 0.036200 0.036800 0.012100 0.036800 0.024300 0.011900 0.024000 0.036900 0.089800 0.090000 0.012000 0.024000 0.049000 0.012000 0.062400 0.050200 0.000100 0.024300 0.024300 0.024000 0.024400 0.024000 0.036800 0.024100 0.076900 0.024300 0.000100 0.037000 0.000100 0.035900 0.048500 0.037100 0.062100 0.049600 0.036700 0.076300 0.037000 0.036500 0.024000 0.012200 0.036700 0.050000 0.036200 0.048600
MaxwellsDu 0.012000 0.183300 0.023700 0.198300 0.035600 0.012000 0.000000 0.073600 0.048100 0.049000 0.024400 0.049000 0.036300 0.023800 0.035900 0.049200 0.102400 0.102600 0.024300 0.036000 0.061200 0.024100 0.074800 0.062600 0.012100 0.036300 0.036400 0.036000 0.036500 0.036000 0.049000 0.036000 0.089500 0.036400 0.011800 0.049100 0.012000 0.047900 0.035700 0.049400 0.074400 0.061900 0.061700 0.088800 0.049100 0.048600 0.036000 0.024300 0.048900 0.062300 0.048100 0.060600
GazellaPrz 0.061400 0.212900 0.073300 0.192800 0.085000 0.061400 0.073600 0.000000 0.073200 0.100800 0.075000 0.073900 0.087000 0.073300 0.086000 0.074200 0.128800 0.129200 0.074700 0.086300 0.086200 0.074200 0.128400 0.088200 0.061700 0.060900 0.087000 0.086300 0.061100 0.086300 0.100800 0.086300 0.144400 0.087000 0.060700 0.074300 0.061600 0.098300 0.085200 0.101500 0.127700 0.061400 0.114200 0.115100 0.074300 0.099800 0.060300 0.070100 0.100300 0.087900 0.073200 0.086000
MountainNy 0.036200 0.165300 0.023600 0.196300 0.059700 0.036200 0.048100 0.073200 0.000000 0.061400 0.049000 0.048400 0.036100 0.048000 0.060400 0.074200 0.115500 0.115900 0.048900 0.011700 0.086300 0.048500 0.087600 0.075300 0.036300 0.060900 0.036100 0.011700 0.061200 0.011700 0.061400 0.035600 0.075300 0.036100 0.035800 0.024000 0.036300 0.047200 0.059800 0.061900 0.087100 0.087200 0.074200 0.102000 0.024000 0.073500 0.060500 0.036500 0.073900 0.075100 0.000000 0.011600
MuntiacusM 0.036800 0.150400 0.036300 0.165100 0.060700 0.036800 0.049000 0.100800 0.061400 0.000000 0.049900 0.075500 0.049400 0.023900 0.069600 0.075600 0.074500 0.101400 0.049700 0.048900 0.088000 0.049300 0.023800 0.012000 0.036800 0.062000 0.049400 0.048900 0.062300 0.048900 0.000000 0.036300 0.088600 0.049400 0.036300 0.062800 0.036800 0.073700 0.087000 0.000300 0.023700 0.088900 0.011800 0.036200 0.062800 0.049000 0.061400 0.049700 0.067700 0.061400 0.061400 0.074300
goat 0.012100 0.195800 0.024200 0.190900 0.036200 0.012100 0.024400 0.075000 0.049000 0.049900 0.000000 0.049900 0.037000 0.024200 0.036600 0.050100 0.104400 0.104600 0.024600 0.036600 0.062400 0.024400 0.076300 0.063800 0.012200 0.037000 0.037000 0.036600 0.037200 0.036600 0.049900 0.036700 0.091200 0.037000 0.012100 0.050100 0.011900 0.048800 0.061600 0.050300 0.075800 0.063000 0.049800 0.090600 0.050100 0.049500 0.036600 0.024700 0.049800 0.063500 0.049000 0.061700
AfricanBuf 0.036800 0.151900 0.048800 0.182700 0.060600 0.036800 0.049000 0.073900 0.048400 0.075500 0.049900 0.000000 0.062100 0.048800 0.061300 0.075500 0.102800 0.103100 0.049700 0.036200 0.087900 0.049400 0.102600 0.062900 0.037000 0.061900 0.062200 0.036200 0.062200 0.036200 0.075500 0.036200 0.090200 0.062200 0.036400 0.024200 0.036900 0.048000 0.035700 0.076100 0.102000 0.088700 0.088800 0.089300 0.024200 0.074700 0.036100 0.049700 0.075300 0.062700 0.048400 0.061000
Topi 0.024300 0.185200 0.011900 0.188100 0.048000 0.024300 0.036300 0.087000 0.036100 0.049400 0.037000 0.062100 0.000000 0.036200 0.048600 0.062200 0.103200 0.103500 0.036900 0.024000 0.074400 0.036600 0.075400 0.063200 0.024300 0.049000 0.000000 0.024000 0.049200 0.024000 0.049400 0.048700 0.090300 0.000000 0.024000 0.036900 0.024300 0.060600 0.073600 0.049800 0.075000 0.075100 0.062200 0.089700 0.036900 0.061600 0.048600 0.036900 0.062000 0.062900 0.036100 0.048500
CommonDuik 0.011900 0.182300 0.023600 0.198000 0.035300 0.011900 0.023800 0.073300 0.048000 0.023900 0.024200 0.048800 0.036200 0.000000 0.035800 0.048900 0.102000 0.102200 0.024200 0.035800 0.060900 0.024000 0.048800 0.036700 0.011900 0.036100 0.036200 0.035800 0.036300 0.035800 0.023900 0.011700 0.089300 0.036200 0.011800 0.049000 0.011900 0.047600 0.060300 0.024000 0.048500 0.061600 0.036200 0.061900 0.049000 0.048400 0.035800 0.024200 0.048700 0.062100 0.048000 0.060400
Suni 0.024000 0.206100 0.035800 0.223000 0.047400 0.024000 0.035900 0.086000 0.060400 0.069600 0.036600 0.061300 0.048600 0.035800 0.000000 0.061400 0.125500 0.126300 0.036400 0.048100 0.073500 0.036200 0.096600 0.083600 0.024100 0.048400 0.048600 0.048100 0.048600 0.048100 0.069600 0.048100 0.111900 0.048600 0.023700 0.061700 0.024100 0.059900 0.072700 0.069800 0.095800 0.074200 0.083000 0.111200 0.061700 0.035800 0.048000 0.036400 0.061200 0.084300 0.060400 0.073000
Springbuck 0.036900 0.184200 0.048900 0.232500 0.060900 0.036900 0.049200 0.074200 0.074200 0.075600 0.050100 0.075500 0.062200 0.048900 0.061400 0.000000 0.131800 0.131900 0.049900 0.061600 0.061700 0.049500 0.088900 0.090200 0.037100 0.012000 0.062300 0.061600 0.012000 0.061600 0.075600 0.061600 0.118300 0.062300 0.036500 0.075700 0.037000 0.073800 0.087000 0.076200 0.088400 0.036700 0.088900 0.117700 0.075700 0.074900 0.061500 0.049700 0.075400 0.089600 0.074200 0.087200
Okapi 0.089800 0.176000 0.088600 0.192000 0.106800 0.089800 0.102400 0.128800 0.115500 0.074500 0.104400 0.102800 0.103200 0.102000 0.125500 0.131800 0.000000 0.048300 0.104100 0.102200 0.144700 0.103200 0.101200 0.062000 0.090000 0.116600 0.103200 0.102200 0.117100 0.102200 0.074500 0.115900 0.145800 0.103200 0.088500 0.089800 0.089900 0.121700 0.114300 0.075100 0.074300 0.146100 0.087600 0.088100 0.089800 0.102500 0.087900 0.104100 0.131300 0.074100 0.115500 0.129400
Giraffe 0.090000 0.208600 0.088800 0.225000 0.107400 0.090000 0.102600 0.129200 0.115900 0.101400 0.104600 0.103100 0.103500 0.102200 0.126300 0.131900 0.048300 0.000000 0.089200 0.102600 0.145000 0.103500 0.125000 0.088600 0.090300 0.116900 0.103500 0.102600 0.117300 0.102600 0.101400 0.116200 0.146000 0.103500 0.088800 0.090100 0.090200 0.122400 0.114600 0.102200 0.096000 0.146400 0.114900 0.115800 0.090100 0.130700 0.088200 0.104400 0.131600 0.074300 0.115900 0.129900
TibetanAnt 0.011800 0.185300 0.024100 0.201000 0.036000 0.012000 0.024300 0.074700 0.048900 0.049700 0.024600 0.049700 0.036900 0.024200 0.036400 0.049900 0.104100 0.089200 0.000000 0.036500 0.062100 0.024300 0.075700 0.063600 0.012100 0.036800 0.036900 0.036500 0.037000 0.036500 0.049700 0.036600 0.091100 0.036900 0.012000 0.050000 0.012100 0.048600 0.061400 0.050100 0.075300 0.062700 0.049700 0.090400 0.050000 0.049300 0.036500 0.024600 0.049600 0.063300 0.048900 0.061600
Sitatunga 0.024000 0.150800 0.011700 0.181500 0.047500 0.024000 0.036000 0.086300 0.011700 0.048900 0.036600 0.036200 0.024000 0.035800 0.048100 0.061600 0.102200 0.102600 0.036500 0.000000 0.073700 0.036200 0.074700 0.062500 0.024100 0.048500 0.024000 0.000000 0.048700 0.000000 0.048900 0.023600 0.062500 0.024000 0.023700 0.012000 0.024100 0.035200 0.047600 0.049300 0.074300 0.074500 0.061600 0.088800 0.012000 0.061000 0.048200 0.036500 0.061400 0.062300 0.011700 0.023500
Oribi 0.049000 0.216100 0.060800 0.230700 0.072700 0.049000 0.061200 0.086200 0.086300 0.088000 0.062400 0.087900 0.074400 0.060900 0.073500 0.061700 0.144700 0.145000 0.062100 0.073700 0.000000 0.036400 0.087900 0.102900 0.049200 0.048600 0.074400 0.073700 0.048800 0.073700 0.088000 0.073700 0.131400 0.074400 0.048400 0.088200 0.049100 0.085800 0.099200 0.088700 0.114600 0.074500 0.101300 0.130600 0.088200 0.087100 0.073600 0.062100 0.087700 0.075300 0.086300 0.099400
BarbaryShe 0.012000 0.168100 0.023900 0.182700 0.035800 0.012000 0.024100 0.074200 0.048500 0.049300 0.024400 0.049400 0.036600 0.024000 0.036200 0.049500 0.103200 0.103500 0.024300 0.036200 0.036400 0.000000 0.075400 0.063200 0.012000 0.036600 0.036600 0.036200 0.036700 0.036200 0.049300 0.036300 0.090300 0.036600 0.011900 0.049600 0.012000 0.048200 0.061000 0.049700 0.075000 0.062300 0.049300 0.089700 0.049600 0.049000 0.036200 0.024400 0.049200 0.062800 0.048500 0.061100
Daviddeer 0.062400 0.178200 0.061600 0.196900 0.086500 0.062400 0.074800 0.128400 0.087600 0.023800 0.076300 0.102600 0.075400 0.048800 0.096600 0.088900 0.101200 0.125000 0.075700 0.074700 0.087900 0.075400 0.000000 0.036400 0.062600 0.074900 0.075500 0.074700 0.075300 0.074700 0.023800 0.061600 0.116100 0.075500 0.061600 0.089600 0.062600 0.100000 0.113900 0.024000 0.023500 0.102500 0.035900 0.061400 0.089600 0.074800 0.087600 0.076000 0.095300 0.061400 0.087600 0.100900
Reindeer 0.050200 0.136400 0.049500 0.138700 0.074500 0.050200 0.062600 0.088200 0.075300 0.012000 0.063800 0.062900 0.063200 0.036700 0.083600 0.090200 0.062000 0.088600 0.063600 0.062500 0.102900 0.063200 0.036400 0.000000 0.050300 0.076100 0.063200 0.062500 0.076400 0.062500 0.012000 0.049500 0.103700 0.063200 0.049500 0.050200 0.050200 0.087900 0.074500 0.012100 0.036200 0.103900 0.024000 0.023900 0.050200 0.062700 0.049000 0.063600 0.089900 0.049200 0.075300 0.088600
Ibex 0.000100 0.177100 0.011800 0.173500 0.023800 0.000100 0.012100 0.061700 0.036300 0.036800 0.012200 0.037000 0.024300 0.011900 0.024100 0.037100 0.090000 0.090300 0.012100 0.024100 0.049200 0.012000 0.062600 0.050300 0.000000 0.024400 0.024400 0.024100 0.024500 0.024100 0.036800 0.024100 0.077000 0.024400 0.000200 0.037100 0.000000 0.036100 0.048700 0.037100 0.062200 0.049700 0.036800 0.076500 0.037100 0.036600 0.024100 0.012200 0.036900 0.050100 0.036300 0.048700
GyrantGaze 0.024300 0.199500 0.036100 0.214500 0.047900 0.024300 0.036300 0.060900 0.060900 0.062000 0.037000 0.061900 0.049000 0.036100 0.048400 0.012000 0.116600 0.116900 0.036800 0.048500 0.048600 0.036600 0.074900 0.076100 0.024400 0.000000 0.049100 0.048500 0.000100 0.048500 0.062000 0.048600 0.103600 0.049100 0.023900 0.062200 0.024300 0.060500 0.073500 0.062500 0.074500 0.024100 0.074900 0.102900 0.062200 0.061400 0.048500 0.036800 0.061900 0.075700 0.060900 0.073600
Hartebeest 0.024300 0.185200 0.011900 0.199800 0.048000 0.024300 0.036400 0.087000 0.036100 0.049400 0.037000 0.062200 0.000000 0.036200 0.048600 0.062300 0.103200 0.103500 0.036900 0.024000 0.074400 0.036600 0.075500 0.063200 0.024400 0.049100 0.000000 0.024000 0.049300 0.024000 0.049400 0.048700 0.090400 0.000000 0.024000 0.036900 0.024300 0.060600 0.073600 0.049800 0.075000 0.075100 0.062200 0.089700 0.036900 0.061600 0.048600 0.036900 0.062000 0.062900 0.036100 0.048500
Bongo 0.024000 0.150800 0.011700 0.181500 0.047500 0.024000 0.036000 0.086300 0.011700 0.048900 0.036600 0.036200 0.024000 0.035800 0.048100 0.061600 0.102200 0.102600 0.036500 0.000000 0.073700 0.036200 0.074700 0.062500 0.024100 0.048500 0.024000 0.000000 0.048700 0.000000 0.048900 0.023600 0.062500 0.024000 0.023700 0.012000 0.024100 0.035200 0.047600 0.049300 0.074300 0.074500 0.061600 0.088800 0.012000 0.061000 0.048200 0.036500 0.061400 0.062300 0.011700 0.023500
Gerenuk 0.024400 0.199900 0.036200 0.215200 0.048200 0.024400 0.036500 0.061100 0.061200 0.062300 0.037200 0.062200 0.049200 0.036300 0.048600 0.012000 0.117100 0.117300 0.037000 0.048700 0.048800 0.036700 0.075300 0.076400 0.024500 0.000100 0.049300 0.048700 0.000000 0.048700 0.062300 0.048800 0.104000 0.049300 0.024000 0.062500 0.024400 0.060800 0.073800 0.062700 0.074800 0.024200 0.075200 0.103400 0.062500 0.061700 0.048700 0.037000 0.062200 0.076000 0.061200 0.073900
CommonElan 0.024000 0.150800 0.011700 0.181500 0.047500 0.024000 0.036000 0.086300 0.011700 0.048900 0.036600 0.036200 0.024000 0.035800 0.048100 0.061600 0.102200 0.102600 0.036500 0.000000 0.073700 0.036200 0.074700 0.062500 0.024100 0.048500 0.024000 0.000000 0.048700 0.000000 0.048900 0.023600 0.062500 0.024000 0.023700 0.012000 0.024100 0.035200 0.047600 0.049300 0.074300 0.074500 0.061600 0.088800 0.012000 0.061000 0.048200 0.036500 0.061400 0.062300 0.011700 0.023500
MuntiacusR 0.036800 0.150400 0.036300 0.165100 0.060700 0.036800 0.049000 0.100800 0.061400 0.000000 0.049900 0.075500 0.049400 0.023900 0.069600 0.075600 0.074500 0.101400 0.049700 0.048900 0.088000 0.049300 0.023800 0.012000 0.036800 0.062000 0.049400 0.048900 0.062300 0.048900 0.000000 0.036300 0.088600 0.049400 0.036300 0.062800 0.036800 0.073700 0.087000 0.000300 0.023700 0.088900 0.011800 0.036200 0.062800 0.049000 0.061400 0.049700 0.067700 0.061400 0.061400 0.074300
HarveysDui 0.024100 0.165600 0.035800 0.197900 0.047500 0.024100 0.036000 0.086300 0.035600 0.036300 0.036700 0.036200 0.048700 0.011700 0.048100 0.061600 0.115900 0.116200 0.036600 0.023600 0.073700 0.036300 0.061600 0.049500 0.024100 0.048600 0.048700 0.023600 0.048800 0.023600 0.036300 0.000000 0.075600 0.048700 0.023800 0.036400 0.024100 0.035300 0.047600 0.036600 0.061300 0.074500 0.048800 0.075100 0.036400 0.061000 0.048200 0.036600 0.061400 0.075200 0.035600 0.047800
Pronghorn 0.076900 0.199200 0.076000 0.231300 0.101300 0.076900 0.089500 0.144400 0.075300 0.088600 0.091200 0.090200 0.090300 0.089300 0.111900 0.118300 0.145800 0.146000 0.091100 0.062500 0.131400 0.090300 0.116100 0.103700 0.077000 0.103600 0.090400 0.062500 0.104000 0.062500 0.088600 0.075600 0.000000 0.090400 0.075900 0.077100 0.077000 0.087600 0.101400 0.089400 0.115400 0.132600 0.102100 0.131400 0.077100 0.117200 0.102500 0.090900 0.118300 0.103000 0.075300 0.088600
BlueWildeb 0.024300 0.185200 0.011900 0.199800 0.048000 0.024300 0.036400 0.087000 0.036100 0.049400 0.037000 0.062200 0.000000 0.036200 0.048600 0.062300 0.103200 0.103500 0.036900 0.024000 0.074400 0.036600 0.075500 0.063200 0.024400 0.049100 0.000000 0.024000 0.049300 0.024000 0.049400 0.048700 0.090400 0.000000 0.024000 0.036900 0.024300 0.060600 0.073600 0.049800 0.075000 0.075100 0.062200 0.089700 0.036900 0.061600 0.048600 0.036900 0.062000 0.062900 0.036100 0.048500
Gemsbok 0.000100 0.166900 0.011700 0.181000 0.023500 0.000100 0.011800 0.060700 0.035800 0.036300 0.012100 0.036400 0.024000 0.011800 0.023700 0.036500 0.088500 0.088800 0.012000 0.023700 0.048400 0.011900 0.061600 0.049500 0.000200 0.023900 0.024000 0.023700 0.024000 0.023700 0.036300 0.023800 0.075900 0.024000 0.000000 0.036500 0.000200 0.035500 0.047900 0.036600 0.061300 0.048900 0.048800 0.075300 0.036500 0.036100 0.023700 0.012000 0.036300 0.049300 0.035800 0.048000
Yak 0.037000 0.136800 0.024200 0.167400 0.060900 0.037000 0.049100 0.074300 0.024000 0.062800 0.050100 0.024200 0.036900 0.049000 0.061700 0.075700 0.089800 0.090100 0.050000 0.012000 0.088200 0.049600 0.089600 0.050200 0.037100 0.062200 0.036900 0.012000 0.062500 0.012000 0.062800 0.036400 0.077100 0.036900 0.036500 0.000000 0.037000 0.048200 0.035800 0.063300 0.089100 0.089100 0.075900 0.076500 0.000000 0.075000 0.036300 0.050000 0.075500 0.050100 0.024000 0.036300
BlueSheep 0.000100 0.177500 0.011800 0.173700 0.023800 0.000100 0.012000 0.061600 0.036300 0.036800 0.011900 0.036900 0.024300 0.011900 0.024100 0.037000 0.089900 0.090200 0.012100 0.024100 0.049100 0.012000 0.062600 0.050200 0.000000 0.024300 0.024300 0.024100 0.024400 0.024100 0.036800 0.024100 0.077000 0.024300 0.000200 0.037000 0.000000 0.036000 0.048600 0.037100 0.062200 0.049700 0.036700 0.076500 0.037000 0.036600 0.024100 0.012200 0.036800 0.050100 0.036300 0.048700
BohorReedb 0.035900 0.178600 0.047600 0.204700 0.011500 0.035900 0.047900 0.098300 0.047200 0.073700 0.048800 0.048000 0.060600 0.047600 0.059900 0.073800 0.121700 0.122400 0.048600 0.035200 0.085800 0.048200 0.100000 0.087900 0.036100 0.060500 0.060600 0.035200 0.060800 0.035200 0.073700 0.035300 0.087600 0.060600 0.035500 0.048200 0.036000 0.000000 0.059400 0.074200 0.099500 0.086700 0.086600 0.114800 0.048200 0.073000 0.060000 0.048600 0.073400 0.087500 0.047200 0.059400
KirksDik 0.048500 0.162100 0.060200 0.181800 0.072000 0.048500 0.035700 0.085200 0.059800 0.087000 0.061600 0.035700 0.073600 0.060300 0.072700 0.087000 0.114300 0.114600 0.061400 0.047600 0.099200 0.061000 0.113900 0.074500 0.048700 0.073500 0.073600 0.047600 0.073800 0.047600 0.087000 0.047600 0.101400 0.073600 0.047900 0.035800 0.048600 0.059400 0.000000 0.087700 0.113300 0.100200 0.100200 0.100900 0.035800 0.086200 0.023500 0.061500 0.081500 0.074300 0.059800 0.072300
RoeDeer 0.037100 0.151700 0.036600 0.165900 0.061200 0.037100 0.049400 0.101500 0.061900 0.000300 0.050300 0.076100 0.049800 0.024000 0.069800 0.076200 0.075100 0.102200 0.050100 0.049300 0.088700 0.049700 0.024000 0.012100 0.037100 0.062500 0.049800 0.049300 0.062700 0.049300 0.000300 0.036600 0.089400 0.049800 0.036600 0.063300 0.037100 0.074200 0.087700 0.000000 0.023800 0.089500 0.011800 0.036700 0.063300 0.049400 0.061900 0.050100 0.075900 0.061900 0.061900 0.074800
WhiteLippe 0.062100 0.176800 0.061300 0.195200 0.086100 0.062100 0.074400 0.127700 0.087100 0.023700 0.075800 0.102000 0.075000 0.048500 0.095800 0.088400 0.074300 0.096000 0.075300 0.074300 0.114600 0.075000 0.023500 0.036200 0.062200 0.074500 0.075000 0.074300 0.074800 0.074300 0.023700 0.061300 0.115400 0.075000 0.061300 0.089100 0.062200 0.099500 0.113300 0.023800 0.000000 0.101900 0.035800 0.061100 0.089100 0.074400 0.087100 0.075600 0.094400 0.087200 0.087100 0.100400
ThomsonGaz 0.049600 0.234500 0.061500 0.249700 0.073500 0.049600 0.061900 0.061400 0.087200 0.088900 0.063000 0.088700 0.075100 0.061600 0.074200 0.036700 0.146100 0.146400 0.062700 0.074500 0.074500 0.062300 0.102500 0.103900 0.049700 0.024100 0.075100 0.074500 0.024200 0.074500 0.088900 0.074500 0.132600 0.075100 0.048900 0.089100 0.049700 0.086700 0.100200 0.089500 0.101900 0.000000 0.102400 0.131800 0.089100 0.088100 0.074400 0.062700 0.088600 0.103400 0.087200 0.100400
MuntiacusC 0.036700 0.157700 0.048800 0.180400 0.073400 0.036700 0.061700 0.114200 0.074200 0.011800 0.049800 0.088800 0.062200 0.036200 0.083000 0.088900 0.087600 0.114900 0.049700 0.061600 0.101300 0.049300 0.035900 0.024000 0.036800 0.074900 0.062200 0.061600 0.075200 0.061600 0.011800 0.048800 0.102100 0.062200 0.048800 0.075900 0.036700 0.086600 0.100200 0.011800 0.035800 0.102400 0.000000 0.048600 0.075900 0.061700 0.074200 0.062600 0.081400 0.074300 0.074200 0.087300
WhiteTaile 0.076300 0.166100 0.075400 0.169300 0.100900 0.076300 0.088800 0.115100 0.102000 0.036200 0.090600 0.089300 0.089700 0.061900 0.111200 0.117700 0.088100 0.115800 0.090400 0.088800 0.130600 0.089700 0.061400 0.023900 0.076500 0.102900 0.089700 0.088800 0.103400 0.088800 0.036200 0.075100 0.131400 0.089700 0.075300 0.076500 0.076500 0.114800 0.100900 0.036700 0.061100 0.131800 0.048600 0.000000 0.076500 0.089000 0.074700 0.090400 0.117300 0.074800 0.102000 0.115700
Cattle 0.037000 0.136800 0.024200 0.167400 0.060900 0.037000 0.049100 0.074300 0.024000 0.062800 0.050100 0.024200 0.036900 0.049000 0.061700 0.075700 0.089800 0.090100 0.050000 0.012000 0.088200 0.049600 0.089600 0.050200 0.037100 0.062200 0.036900 0.012000 0.062500 0.012000 0.062800 0.036400 0.077100 0.036900 0.036500 0.000000 0.037000 0.048200 0.035800 0.063300 0.089100 0.089100 0.075900 0.076500 0.000000 0.075000 0.036300 0.050000 0.075500 0.050100 0.024000 0.036300
RoyalAntel 0.036500 0.152300 0.048300 0.186600 0.060200 0.036500 0.048600 0.099800 0.073500 0.049000 0.049500 0.074700 0.061600 0.048400 0.035800 0.074900 0.102500 0.130700 0.049300 0.061000 0.087100 0.049000 0.074800 0.062700 0.036600 0.061400 0.061600 0.061000 0.061700 0.061000 0.049000 0.061000 0.117200 0.061600 0.036100 0.075000 0.036600 0.073000 0.086200 0.049400 0.074400 0.088100 0.061700 0.089000 0.075000 0.000000 0.060900 0.049300 0.048900 0.088800 0.073500 0.086400
Steenbok 0.024000 0.165300 0.035800 0.179000 0.047500 0.024000 0.036000 0.060300 0.060500 0.061400 0.036600 0.036100 0.048600 0.035800 0.048000 0.061500 0.087900 0.088200 0.036500 0.048200 0.073600 0.036200 0.087600 0.049000 0.024100 0.048500 0.048600 0.048200 0.048700 0.048200 0.061400 0.048200 0.102500 0.048600 0.023700 0.036300 0.024100 0.060000 0.023500 0.061900 0.087100 0.074400 0.074200 0.074700 0.036300 0.060900 0.000000 0.036500 0.061300 0.049000 0.060500 0.073100
Impala 0.012200 0.174600 0.024100 0.184500 0.036000 0.012200 0.024300 0.070100 0.036500 0.049700 0.024700 0.049700 0.036900 0.024200 0.036400 0.049700 0.104100 0.104400 0.024600 0.036500 0.062100 0.024400 0.076000 0.063600 0.012200 0.036800 0.036900 0.036500 0.037000 0.036500 0.049700 0.036600 0.090900 0.036900 0.012000 0.050000 0.012200 0.048600 0.061500 0.050100 0.075600 0.062700 0.062600 0.090400 0.050000 0.049300 0.036500 0.000000 0.049600 0.063300 0.036500 0.049000
Klipspring 0.036700 0.169000 0.048600 0.215400 0.060500 0.036700 0.048900 0.100300 0.073900 0.067700 0.049800 0.075300 0.062000 0.048700 0.061200 0.075400 0.131300 0.131600 0.049600 0.061400 0.087700 0.049200 0.095300 0.089900 0.036900 0.061900 0.062000 0.061400 0.062200 0.061400 0.067700 0.061400 0.118300 0.062000 0.036300 0.075500 0.036800 0.073400 0.081500 0.075900 0.094400 0.088600 0.081400 0.117300 0.075500 0.048900 0.061300 0.049600 0.000000 0.089500 0.073900 0.086900
ForestMusk 0.050000 0.161200 0.049300 0.163900 0.074200 0.050000 0.062300 0.087900 0.075100 0.061400 0.063500 0.062700 0.062900 0.062100 0.084300 0.089600 0.074100 0.074300 0.063300 0.062300 0.075300 0.062800 0.061400 0.049200 0.050100 0.075700 0.062900 0.062300 0.076000 0.062300 0.061400 0.075200 0.103000 0.062900 0.049300 0.050100 0.050100 0.087500 0.074300 0.061900 0.087200 0.103400 0.074300 0.074800 0.050100 0.088800 0.049000 0.063300 0.089500 0.000000 0.075100 0.088300
Bushbuck 0.036200 0.165300 0.023600 0.196300 0.059700 0.036200 0.048100 0.073200 0.000000 0.061400 0.049000 0.048400 0.036100 0.048000 0.060400 0.074200 0.115500 0.115900 0.048900 0.011700 0.086300 0.048500 0.087600 0.075300 0.036300 0.060900 0.036100 0.011700 0.061200 0.011700 0.061400 0.035600 0.075300 0.036100 0.035800 0.024000 0.036300 0.047200 0.059800 0.061900 0.087100 0.087200 0.074200 0.102000 0.024000 0.073500 0.060500 0.036500 0.073900 0.075100 0.000000 0.011600
GreaterKud 0.048600 0.180300 0.035300 0.212700 0.072100 0.048600 0.060600 0.086000 0.011600 0.074300 0.061700 0.061000 0.048500 0.060400 0.073000 0.087200 0.129400 0.129900 0.061600 0.023500 0.099400 0.061100 0.100900 0.088600 0.048700 0.073600 0.048500 0.023500 0.073900 0.023500 0.074300 0.047800 0.088600 0.048500 0.048000 0.036300 0.048700 0.059400 0.072300 0.074800 0.100400 0.100400 0.087300 0.115700 0.036300 0.086400 0.073100 0.049000 0.086900 0.088300 0.011600 0.000000
