1
52 1
Argali 0.000000 0.413100 0.105700 0.208200 0.069900 0.000000 0.092900 0.054300 0.089200 0.088600 0.000000 0.106000 0.089200 0.091700 0.035700 0.071400 0.164200 0.166200 0.035700 0.088800 0.109700 0.000000 0.125000 0.143800 0.000000 0.108100 0.071300 0.089000 0.091600 0.106200 0.088600 0.035400 0.071500 0.070800 0.400900 0.092000 0.000000 0.052700 0.071800 0.142200 0.124900 0.071300 0.088600 0.143800 0.092500 0.069600 0.053900 0.154600 0.052700 0.072300 0.088400 0.088800
LesserMous 0.413100 0.000000 0.335100 0.466800 0.370000 0.413100 0.332600 0.386100 0.316100 0.313000 0.413100 0.337200 0.427500 0.328400 0.355400 0.406000 0.362700 0.391900 0.355800 0.315200 0.467700 0.413100 0.309600 0.333400 0.413100 0.399700 0.401000 0.315700 0.443800 0.336800 0.313000 0.353000 0.294700 0.400100 0.657900 0.301000 0.413100 0.349100 0.348100 0.330300 0.309800 0.405400 0.313000 0.332300 0.304600 0.369700 0.384200 0.390700 0.318300 0.353300 0.313500 0.315200
LesserKudu 0.105700 0.335100 0.000000 0.199700 0.102700 0.105700 0.126800 0.088100 0.016500 0.085000 0.105700 0.101800 0.122100 0.087500 0.069400 0.104300 0.120300 0.121700 0.069500 0.016400 0.142600 0.105700 0.084100 0.101500 0.105700 0.103800 0.104200 0.016400 0.124800 0.032700 0.085000 0.105400 0.033600 0.103800 0.312900 0.051700 0.105700 0.086000 0.068600 0.100700 0.084000 0.104700 0.085000 0.101500 0.088500 0.102700 0.087700 0.188500 0.050600 0.069000 0.016300 0.016400
KillerWhal 0.208200 0.466800 0.199700 0.000000 0.162300 0.208200 0.190100 0.168800 0.183200 0.142900 0.208200 0.242000 0.225400 0.187900 0.167500 0.185300 0.221700 0.266800 0.167600 0.182700 0.228300 0.208200 0.180600 0.200200 0.208200 0.184300 0.205100 0.183000 0.209200 0.200800 0.142900 0.207600 0.164900 0.204500 0.316500 0.189000 0.208200 0.144700 0.145900 0.198400 0.180800 0.185800 0.142900 0.200100 0.149300 0.162200 0.168000 0.259800 0.144400 0.208300 0.181600 0.182700
DefassaWat 0.069900 0.370000 0.102700 0.162300 0.000000 0.069900 0.089800 0.052600 0.086600 0.050700 0.069900 0.140200 0.086500 0.088800 0.034600 0.069200 0.122000 0.161500 0.034600 0.086300 0.106300 0.069900 0.085200 0.102900 0.069900 0.104900 0.069100 0.086400 0.088700 0.103300 0.050700 0.069900 0.069300 0.068600 0.365900 0.089100 0.069900 0.016300 0.069600 0.066700 0.085200 0.069200 0.050700 0.102900 0.089600 0.033400 0.048900 0.149300 0.051100 0.070000 0.085800 0.086300
Sheep 0.000000 0.413100 0.105700 0.208200 0.069900 0.000000 0.092900 0.054300 0.089200 0.088600 0.000000 0.106000 0.089200 0.091700 0.035700 0.071400 0.164200 0.166200 0.035700 0.088800 0.109700 0.000000 0.125000 0.143800 0.000000 0.108100 0.071300 0.089000 0.091600 0.106200 0.088600 0.035400 0.071500 0.070800 0.400900 0.092000 0.000000 0.052700 0.071800 0.142200 0.124900 0.071300 0.088600 0.143800 0.092500 0.069900 0.050400 0.154600 0.052700 0.072300 0.088400 0.088800
MaxwellsDu 0.092900 0.332600 0.126800 0.190100 0.089800 0.092900 0.000000 0.074600 0.110000 0.109400 0.092900 0.166900 0.110200 0.074100 0.055100 0.091800 0.187900 0.190100 0.055100 0.109700 0.131800 0.092900 0.146900 0.166500 0.092900 0.129700 0.091700 0.109800 0.113300 0.127400 0.109400 0.054600 0.092000 0.091000 0.380800 0.113700 0.092900 0.072300 0.092300 0.164500 0.147000 0.091800 0.109400 0.166500 0.114400 0.089800 0.074000 0.179700 0.072300 0.093200 0.109100 0.109700
GazellaPrz 0.054300 0.386100 0.088100 0.168800 0.052600 0.054300 0.074600 0.000000 0.071400 0.070900 0.054300 0.126200 0.071600 0.073400 0.017200 0.017600 0.145900 0.147700 0.017900 0.071100 0.053900 0.054300 0.107200 0.125800 0.054300 0.053400 0.053500 0.071300 0.036100 0.088600 0.070900 0.054200 0.053600 0.053300 0.372600 0.073600 0.054300 0.035300 0.017700 0.124500 0.107100 0.017600 0.070900 0.125900 0.074000 0.052600 0.000100 0.135800 0.035300 0.054300 0.070700 0.071100
MountainNy 0.089200 0.316100 0.016500 0.183200 0.086600 0.089200 0.110000 0.071400 0.000000 0.068700 0.089200 0.085700 0.105800 0.070900 0.052700 0.088000 0.104000 0.105300 0.052800 0.000100 0.126300 0.089200 0.068000 0.085400 0.089200 0.087500 0.087800 0.000100 0.108300 0.016500 0.068700 0.088900 0.017000 0.087500 0.343700 0.034900 0.089200 0.069600 0.052100 0.084700 0.067900 0.088200 0.068700 0.085400 0.071600 0.086600 0.071000 0.171800 0.034100 0.052400 0.000100 0.000100
MuntiacusM 0.088600 0.313000 0.085000 0.142900 0.050700 0.088600 0.109400 0.070900 0.068700 0.000000 0.088600 0.121700 0.105100 0.070500 0.052400 0.087400 0.103600 0.142400 0.052400 0.068500 0.125400 0.088600 0.032900 0.049600 0.088600 0.086900 0.087200 0.068600 0.107600 0.085400 0.000000 0.088300 0.051600 0.086900 0.385300 0.070800 0.088600 0.034000 0.051700 0.049000 0.033000 0.087700 0.000000 0.049600 0.071200 0.050700 0.070500 0.170800 0.033900 0.088500 0.068100 0.068500
goat 0.000000 0.413100 0.105700 0.208200 0.069900 0.000000 0.092900 0.054300 0.089200 0.088600 0.000000 0.106000 0.089200 0.091700 0.035700 0.071400 0.164200 0.166200 0.035700 0.088800 0.109700 0.000000 0.125000 0.143800 0.000000 0.108100 0.071300 0.089000 0.091600 0.106200 0.088600 0.035400 0.071500 0.070800 0.400900 0.092000 0.000000 0.052700 0.071800 0.142200 0.124900 0.071300 0.088600 0.143800 0.092500 0.069900 0.053900 0.154600 0.052700 0.072300 0.088400 0.088800
AfricanBuf 0.106000 0.337200 0.101800 0.242000 0.140200 0.106000 0.166900 0.126200 0.085700 0.121700 0.106000 0.000000 0.122500 0.124900 0.106500 0.142500 0.120800 0.160200 0.106700 0.085400 0.143200 0.106000 0.120500 0.138400 0.106000 0.141800 0.104600 0.085600 0.164400 0.102300 0.121700 0.105700 0.068600 0.104200 0.415100 0.088200 0.106000 0.123100 0.105400 0.137400 0.120300 0.142900 0.121700 0.138500 0.126800 0.140200 0.125600 0.232100 0.086300 0.105800 0.085000 0.085400
Topi 0.089200 0.427500 0.122100 0.225400 0.086500 0.089200 0.110200 0.071600 0.105800 0.105100 0.089200 0.122500 0.000000 0.108800 0.052900 0.088300 0.141400 0.182500 0.052900 0.105500 0.088700 0.089200 0.141200 0.160100 0.089200 0.124900 0.017100 0.105600 0.108700 0.122700 0.105100 0.089200 0.088300 0.016500 0.319600 0.109000 0.089200 0.069500 0.088800 0.158300 0.141200 0.088200 0.105100 0.160100 0.109700 0.086500 0.071000 0.171800 0.069500 0.089400 0.104900 0.105500
CommonDuik 0.091700 0.328400 0.087500 0.187900 0.088800 0.091700 0.074100 0.073400 0.070900 0.070500 0.091700 0.124900 0.108800 0.000000 0.054200 0.090400 0.145300 0.147000 0.054300 0.070700 0.129700 0.091700 0.106600 0.125100 0.091700 0.089800 0.090200 0.070800 0.111500 0.088000 0.070500 0.053800 0.053300 0.089900 0.352100 0.073100 0.091700 0.071400 0.053500 0.123800 0.106500 0.090700 0.070500 0.125100 0.073600 0.088800 0.073000 0.177300 0.035100 0.091700 0.070300 0.070700
Suni 0.035700 0.355400 0.069400 0.167500 0.034600 0.035700 0.055100 0.017200 0.052700 0.052400 0.035700 0.106500 0.052900 0.054200 0.000000 0.035200 0.125800 0.127300 0.000100 0.052600 0.071800 0.035700 0.088000 0.106200 0.035700 0.071200 0.035100 0.052600 0.054200 0.069800 0.052400 0.035600 0.035200 0.035000 0.351100 0.054400 0.035700 0.017400 0.035400 0.105100 0.087900 0.035300 0.052400 0.106200 0.054700 0.034600 0.017800 0.114500 0.017400 0.035600 0.052300 0.052600
Springbuck 0.071400 0.406000 0.104300 0.185300 0.069200 0.071400 0.091800 0.017600 0.088000 0.087400 0.071400 0.142500 0.088300 0.090400 0.035200 0.000000 0.162200 0.164100 0.035200 0.087700 0.071000 0.071400 0.123400 0.142000 0.071400 0.034600 0.070300 0.087800 0.017500 0.104900 0.087400 0.071100 0.070500 0.070100 0.387900 0.090700 0.071400 0.052200 0.034800 0.140600 0.123300 0.000100 0.087400 0.142000 0.091200 0.069200 0.017500 0.152900 0.052200 0.071300 0.087200 0.087700
Okapi 0.164200 0.362700 0.120300 0.221700 0.122000 0.164200 0.187900 0.145900 0.104000 0.103600 0.164200 0.120800 0.141400 0.145300 0.125800 0.162200 0.000000 0.066600 0.125800 0.103700 0.163000 0.164200 0.102700 0.120300 0.164200 0.161500 0.123100 0.103800 0.184900 0.120900 0.103600 0.163500 0.086700 0.122800 0.391900 0.107200 0.164200 0.104900 0.124200 0.119600 0.102700 0.162600 0.103600 0.120300 0.147100 0.122000 0.145100 0.255500 0.104600 0.124800 0.103100 0.103700
Giraffe 0.166200 0.391900 0.121700 0.266800 0.161500 0.166200 0.190100 0.147700 0.105300 0.142400 0.166200 0.160200 0.182500 0.147000 0.127300 0.164100 0.066600 0.000000 0.127400 0.105000 0.205700 0.166200 0.141100 0.159500 0.166200 0.163300 0.163500 0.105100 0.187000 0.122300 0.142400 0.165600 0.087800 0.163100 0.474400 0.108500 0.166200 0.144100 0.125700 0.158400 0.141100 0.164500 0.142400 0.159500 0.148700 0.161500 0.146900 0.258400 0.106000 0.126400 0.104400 0.105000
TibetanAnt 0.035700 0.355800 0.069500 0.167600 0.034600 0.035700 0.055100 0.017900 0.052800 0.052400 0.035700 0.106700 0.052900 0.054300 0.000100 0.035200 0.125800 0.127400 0.000000 0.052600 0.072100 0.035700 0.088000 0.106200 0.035700 0.071300 0.035100 0.052700 0.054200 0.069800 0.052400 0.035600 0.035300 0.035000 0.345100 0.054400 0.035700 0.017400 0.035400 0.105100 0.087900 0.035300 0.052400 0.106200 0.054700 0.034600 0.017800 0.114500 0.017400 0.035700 0.052300 0.052600
Sitatunga 0.088800 0.315200 0.016400 0.182700 0.086300 0.088800 0.109700 0.071100 0.000100 0.068500 0.088800 0.085400 0.105500 0.070700 0.052600 0.087700 0.103700 0.105000 0.052600 0.000000 0.125800 0.088800 0.067700 0.085100 0.088800 0.087200 0.087500 0.000100 0.107900 0.016000 0.068500 0.088600 0.016900 0.087200 0.343700 0.034000 0.088800 0.069300 0.051900 0.084400 0.067700 0.087900 0.068500 0.085100 0.071400 0.086300 0.070800 0.171300 0.034000 0.052000 0.000100 0.000000
Oribi 0.109700 0.467700 0.142600 0.228300 0.106300 0.109700 0.131800 0.053900 0.126300 0.125400 0.109700 0.143200 0.088700 0.129700 0.071800 0.071000 0.163000 0.205700 0.072100 0.125800 0.000000 0.109700 0.124500 0.182100 0.109700 0.108000 0.070700 0.126100 0.091100 0.143400 0.125400 0.109300 0.108500 0.070400 0.341700 0.130200 0.109700 0.089100 0.071400 0.141800 0.124400 0.071200 0.125400 0.182100 0.130900 0.106300 0.053800 0.154200 0.089100 0.109600 0.125100 0.125800
BarbaryShe 0.000000 0.413100 0.105700 0.208200 0.069900 0.000000 0.092900 0.054300 0.089200 0.088600 0.000000 0.106000 0.089200 0.091700 0.035700 0.071400 0.164200 0.166200 0.035700 0.088800 0.109700 0.000000 0.125000 0.143800 0.000000 0.108100 0.071300 0.089000 0.091600 0.106200 0.088600 0.035400 0.071500 0.070800 0.400900 0.092000 0.000000 0.052200 0.071800 0.142200 0.124900 0.071300 0.088600 0.143800 0.092500 0.069900 0.053900 0.154600 0.052700 0.072300 0.088400 0.088800
Daviddeer 0.125000 0.309600 0.084100 0.180600 0.085200 0.125000 0.146900 0.107200 0.068000 0.032900 0.125000 0.120500 0.141200 0.106600 0.088000 0.123400 0.102700 0.141100 0.088000 0.067700 0.124500 0.125000 0.000000 0.049100 0.125000 0.122800 0.123000 0.067800 0.144600 0.084500 0.032900 0.124600 0.051000 0.122600 0.383100 0.070000 0.125000 0.068400 0.086900 0.016000 0.000100 0.123700 0.032900 0.049100 0.107800 0.085200 0.106600 0.169300 0.068300 0.087400 0.067300 0.067700
Reindeer 0.143800 0.333400 0.101500 0.200200 0.102900 0.143800 0.166500 0.125800 0.085400 0.049600 0.143800 0.138400 0.160100 0.125100 0.106200 0.142000 0.120300 0.159500 0.106200 0.085100 0.182100 0.143800 0.049100 0.000000 0.143800 0.141300 0.141600 0.085200 0.163800 0.101900 0.049600 0.143300 0.068300 0.141200 0.461500 0.087900 0.143800 0.086000 0.104900 0.065300 0.049200 0.142400 0.049600 0.032400 0.126500 0.102900 0.125200 0.231700 0.085900 0.069200 0.084600 0.085100
Ibex 0.000000 0.413100 0.105700 0.208200 0.069900 0.000000 0.092900 0.054300 0.089200 0.088600 0.000000 0.106000 0.089200 0.091700 0.035700 0.071400 0.164200 0.166200 0.035700 0.088800 0.109700 0.000000 0.125000 0.143800 0.000000 0.108100 0.071300 0.089000 0.091600 0.106200 0.088600 0.035400 0.071500 0.070800 0.400900 0.092000 0.000000 0.052700 0.071800 0.142200 0.124900 0.071300 0.088600 0.143800 0.092500 0.069900 0.053900 0.154600 0.052700 0.072300 0.088400 0.088800
GyrantGaze 0.108100 0.399700 0.103800 0.184300 0.104900 0.108100 0.129700 0.053400 0.087500 0.086900 0.108100 0.141800 0.124900 0.089800 0.071200 0.034600 0.161500 0.163300 0.071300 0.087200 0.108000 0.108100 0.122800 0.141300 0.108100 0.000000 0.106800 0.087400 0.053200 0.104400 0.086900 0.108100 0.070100 0.106200 0.389200 0.090100 0.108100 0.087800 0.034600 0.140000 0.122800 0.034600 0.086900 0.141300 0.090700 0.104900 0.053000 0.192600 0.051700 0.108400 0.086700 0.087200
Hartebeest 0.071300 0.401000 0.104200 0.205100 0.069100 0.071300 0.091700 0.053500 0.087800 0.087200 0.071300 0.104600 0.017100 0.090200 0.035100 0.070300 0.123100 0.163500 0.035100 0.087500 0.070700 0.071300 0.123000 0.141600 0.071300 0.106800 0.000000 0.087700 0.090100 0.104700 0.087200 0.071100 0.070400 0.000100 0.296200 0.090500 0.071300 0.052100 0.070700 0.140100 0.123000 0.070500 0.087200 0.141600 0.091000 0.069100 0.053200 0.152500 0.052100 0.071200 0.087000 0.087500
Bongo 0.089000 0.315700 0.016400 0.183000 0.086400 0.089000 0.109800 0.071300 0.000100 0.068600 0.089000 0.085600 0.105600 0.070800 0.052600 0.087800 0.103800 0.105100 0.052700 0.000100 0.126100 0.089000 0.067800 0.085200 0.089000 0.087400 0.087700 0.000000 0.108100 0.016500 0.068600 0.088800 0.016900 0.087400 0.343300 0.034800 0.089000 0.069400 0.052000 0.084500 0.067800 0.088100 0.068600 0.085200 0.071500 0.086400 0.070900 0.171500 0.034100 0.052300 0.000100 0.000100
Gerenuk 0.091600 0.443800 0.124800 0.209200 0.088700 0.091600 0.113300 0.036100 0.108300 0.107600 0.091600 0.164400 0.108700 0.111500 0.054200 0.017500 0.184900 0.187000 0.054200 0.107900 0.091100 0.091600 0.144600 0.163800 0.091600 0.053200 0.090100 0.108100 0.000000 0.125400 0.107600 0.091300 0.090500 0.089900 0.423800 0.111800 0.091600 0.071400 0.053600 0.162000 0.144500 0.017600 0.107600 0.163800 0.112400 0.088700 0.035900 0.177000 0.071400 0.091600 0.107300 0.107900
CommonElan 0.106200 0.336800 0.032700 0.200800 0.103300 0.106200 0.127400 0.088600 0.016500 0.085400 0.106200 0.102300 0.122700 0.088000 0.069800 0.104900 0.120900 0.122300 0.069800 0.016000 0.143400 0.106200 0.084500 0.101900 0.106200 0.104400 0.104700 0.016500 0.125400 0.000000 0.085400 0.105900 0.033700 0.104300 0.364400 0.051800 0.106200 0.086400 0.069000 0.101200 0.084400 0.105200 0.085400 0.101900 0.089000 0.103300 0.088100 0.189600 0.050900 0.069100 0.016400 0.016200
MuntiacusR 0.088600 0.313000 0.085000 0.142900 0.050700 0.088600 0.109400 0.070900 0.068700 0.000000 0.088600 0.121700 0.105100 0.070500 0.052400 0.087400 0.103600 0.142400 0.052400 0.068500 0.125400 0.088600 0.032900 0.049600 0.088600 0.086900 0.087200 0.068600 0.107600 0.085400 0.000000 0.088300 0.051600 0.086900 0.385300 0.070800 0.088600 0.034000 0.051700 0.049200 0.033000 0.087700 0.000000 0.049600 0.071200 0.050700 0.070500 0.170800 0.033900 0.088500 0.068100 0.068500
HarveysDui 0.035400 0.353000 0.105400 0.207600 0.069900 0.035400 0.054600 0.054200 0.088900 0.088300 0.035400 0.105700 0.089200 0.053800 0.035600 0.071100 0.163500 0.165600 0.035600 0.088600 0.109300 0.035400 0.124600 0.143300 0.035400 0.108100 0.071100 0.088800 0.091300 0.105900 0.088300 0.000000 0.071300 0.070800 0.347700 0.091700 0.035400 0.052700 0.071500 0.141800 0.124500 0.071300 0.088300 0.143200 0.092300 0.069900 0.053900 0.154600 0.052700 0.072100 0.088000 0.088600
Pronghorn 0.071500 0.294700 0.033600 0.164900 0.069300 0.071500 0.092000 0.053600 0.017000 0.051600 0.071500 0.068600 0.088300 0.053300 0.035200 0.070500 0.086700 0.087800 0.035300 0.016900 0.108500 0.071500 0.051000 0.068300 0.071500 0.070100 0.070400 0.016900 0.090500 0.033700 0.051600 0.071300 0.000000 0.070100 0.373400 0.017500 0.071500 0.052300 0.034800 0.067700 0.050900 0.070700 0.051600 0.068300 0.053800 0.069300 0.053400 0.153400 0.017100 0.035000 0.016800 0.016900
BlueWildeb 0.070800 0.400100 0.103800 0.204500 0.068600 0.070800 0.091000 0.053300 0.087500 0.086900 0.070800 0.104200 0.016500 0.089900 0.035000 0.070100 0.122800 0.163100 0.035000 0.087200 0.070400 0.070800 0.122600 0.141200 0.070800 0.106200 0.000100 0.087400 0.089900 0.104300 0.086900 0.070800 0.070100 0.000000 0.296100 0.090100 0.070800 0.051800 0.070500 0.139700 0.122600 0.070000 0.086900 0.141200 0.090700 0.068600 0.052900 0.151400 0.051800 0.071000 0.086700 0.087200
Gemsbok 0.400900 0.657900 0.312900 0.316500 0.365900 0.400900 0.380800 0.372600 0.343700 0.385300 0.400900 0.415100 0.319600 0.352100 0.351100 0.387900 0.391900 0.474400 0.345100 0.343700 0.341700 0.400900 0.383100 0.461500 0.400900 0.389200 0.296200 0.343300 0.423800 0.364400 0.385300 0.347700 0.373400 0.296100 0.000000 0.408700 0.400900 0.345300 0.366500 0.404300 0.382400 0.389700 0.385300 0.461800 0.357800 0.365800 0.369400 0.362200 0.346700 0.401500 0.341300 0.343700
Yak 0.092000 0.301000 0.051700 0.189000 0.089100 0.092000 0.113700 0.073600 0.034900 0.070800 0.092000 0.088200 0.109000 0.073100 0.054400 0.090700 0.107200 0.108500 0.054400 0.034000 0.130200 0.092000 0.070000 0.087900 0.092000 0.090100 0.090500 0.034800 0.111800 0.051800 0.070800 0.091700 0.017500 0.090100 0.408700 0.000000 0.092000 0.071700 0.053600 0.087100 0.069900 0.091000 0.070800 0.087900 0.035800 0.089100 0.073200 0.177900 0.035200 0.053800 0.034600 0.033100
BlueSheep 0.000000 0.413100 0.105700 0.208200 0.069900 0.000000 0.092900 0.054300 0.089200 0.088600 0.000000 0.106000 0.089200 0.091700 0.035700 0.071400 0.164200 0.166200 0.035700 0.088800 0.109700 0.000000 0.125000 0.143800 0.000000 0.108100 0.071300 0.089000 0.091600 0.106200 0.088600 0.035400 0.071500 0.070800 0.400900 0.092000 0.000000 0.052700 0.071800 0.142200 0.124900 0.071300 0.088600 0.143800 0.092500 0.069900 0.053900 0.154600 0.052700 0.072300 0.088400 0.088800
BohorReedb 0.052700 0.349100 0.086000 0.144700 0.016300 0.052700 0.072300 0.035300 0.069600 0.034000 0.052700 0.123100 0.069500 0.071400 0.017400 0.052200 0.104900 0.144100 0.017400 0.069300 0.089100 0.052200 0.068400 0.086000 0.052700 0.087800 0.052100 0.069400 0.071400 0.086400 0.034000 0.052700 0.052300 0.051800 0.345300 0.071700 0.052700 0.000000 0.052500 0.085200 0.068400 0.052200 0.034000 0.086100 0.072100 0.016800 0.035000 0.131500 0.034300 0.052800 0.068900 0.069300
KirksDik 0.071800 0.348100 0.068600 0.145900 0.069600 0.071800 0.092300 0.017700 0.052100 0.051700 0.071800 0.105400 0.088800 0.053500 0.035400 0.034800 0.124200 0.125700 0.035400 0.051900 0.071400 0.071800 0.086900 0.104900 0.071800 0.034600 0.070700 0.052000 0.053600 0.069000 0.051700 0.071500 0.034800 0.070500 0.366500 0.053600 0.071800 0.052500 0.000000 0.103900 0.086800 0.035000 0.051700 0.104900 0.054000 0.069600 0.017600 0.153600 0.017200 0.071700 0.051600 0.051900
RoeDeer 0.142200 0.330300 0.100700 0.198400 0.066700 0.142200 0.164500 0.124500 0.084700 0.049000 0.142200 0.137400 0.158300 0.123800 0.105100 0.140600 0.119600 0.158400 0.105100 0.084400 0.141800 0.142200 0.016000 0.065300 0.142200 0.140000 0.140100 0.084500 0.162000 0.101200 0.049200 0.141800 0.067700 0.139700 0.404300 0.087100 0.142200 0.085200 0.103900 0.000000 0.016100 0.140900 0.049200 0.065300 0.125300 0.102000 0.123800 0.187200 0.085100 0.104400 0.083900 0.084400
WhiteLippe 0.124900 0.309800 0.084000 0.180800 0.085200 0.124900 0.147000 0.107100 0.067900 0.033000 0.124900 0.120300 0.141200 0.106500 0.087900 0.123300 0.102700 0.141100 0.087900 0.067700 0.124400 0.124900 0.000100 0.049200 0.124900 0.122800 0.123000 0.067800 0.144500 0.084400 0.033000 0.124500 0.050900 0.122600 0.382400 0.069900 0.124900 0.068400 0.086800 0.016100 0.000000 0.123700 0.033000 0.049200 0.107700 0.085200 0.106500 0.169200 0.068300 0.087300 0.067300 0.067700
ThomsonGaz 0.071300 0.405400 0.104700 0.185800 0.069200 0.071300 0.091800 0.017600 0.088200 0.087700 0.071300 0.142900 0.088200 0.090700 0.035300 0.000100 0.162600 0.164500 0.035300 0.087900 0.071200 0.071300 0.123700 0.142400 0.071300 0.034600 0.070500 0.088100 0.017600 0.105200 0.087700 0.071300 0.070700 0.070000 0.389700 0.091000 0.071300 0.052200 0.035000 0.140900 0.123700 0.000000 0.087700 0.142400 0.091500 0.069200 0.017500 0.152700 0.052200 0.071500 0.087400 0.087900
MuntiacusC 0.088600 0.313000 0.085000 0.142900 0.050700 0.088600 0.109400 0.070900 0.068700 0.000000 0.088600 0.121700 0.105100 0.070500 0.052400 0.087400 0.103600 0.142400 0.052400 0.068500 0.125400 0.088600 0.032900 0.049600 0.088600 0.086900 0.087200 0.068600 0.107600 0.085400 0.000000 0.088300 0.051600 0.086900 0.385300 0.070800 0.088600 0.034000 0.051700 0.049200 0.033000 0.087700 0.000000 0.049600 0.071200 0.050700 0.070500 0.170800 0.033900 0.088500 0.068100 0.068500
WhiteTaile 0.143800 0.332300 0.101500 0.200100 0.102900 0.143800 0.166500 0.125900 0.085400 0.049600 0.143800 0.138500 0.160100 0.125100 0.106200 0.142000 0.120300 0.159500 0.106200 0.085100 0.182100 0.143800 0.049100 0.032400 0.143800 0.141300 0.141600 0.085200 0.163800 0.101900 0.049600 0.143200 0.068300 0.141200 0.461800 0.087900 0.143800 0.086100 0.104900 0.065300 0.049200 0.142400 0.049600 0.000000 0.126500 0.102900 0.125200 0.231700 0.085900 0.069200 0.084600 0.085100
Cattle 0.092500 0.304600 0.088500 0.149300 0.089600 0.092500 0.114400 0.074000 0.071600 0.071200 0.092500 0.126800 0.109700 0.073600 0.054700 0.091200 0.147100 0.148700 0.054700 0.071400 0.130900 0.092500 0.107800 0.126500 0.092500 0.090700 0.091000 0.071500 0.112400 0.089000 0.071200 0.092300 0.053800 0.090700 0.357800 0.035800 0.092500 0.072100 0.054000 0.125300 0.107700 0.091500 0.071200 0.126500 0.000000 0.089600 0.073700 0.179000 0.035400 0.092500 0.071000 0.071400
RoyalAntel 0.069600 0.369700 0.102700 0.162200 0.033400 0.069900 0.089800 0.052600 0.086600 0.050700 0.069900 0.140200 0.086500 0.088800 0.034600 0.069200 0.122000 0.161500 0.034600 0.086300 0.106300 0.069900 0.085200 0.102900 0.069900 0.104900 0.069100 0.086400 0.088700 0.103300 0.050700 0.069900 0.069300 0.068600 0.365800 0.089100 0.069900 0.016800 0.069600 0.102000 0.085200 0.069200 0.050700 0.102900 0.089600 0.000000 0.052200 0.149300 0.051100 0.070000 0.085800 0.086300
Steenbok 0.053900 0.384200 0.087700 0.168000 0.048900 0.050400 0.074000 0.000100 0.071000 0.070500 0.053900 0.125600 0.071000 0.073000 0.017800 0.017500 0.145100 0.146900 0.017800 0.070800 0.053800 0.053900 0.106600 0.125200 0.053900 0.053000 0.053200 0.070900 0.035900 0.088100 0.070500 0.053900 0.053400 0.052900 0.369400 0.073200 0.053900 0.035000 0.017600 0.123800 0.106500 0.017500 0.070500 0.125200 0.073700 0.052200 0.000000 0.134600 0.035000 0.054000 0.070400 0.070800
Impala 0.154600 0.390700 0.188500 0.259800 0.149300 0.154600 0.179700 0.135800 0.171800 0.170800 0.154600 0.232100 0.171800 0.177300 0.114500 0.152900 0.255500 0.258400 0.114500 0.171300 0.154200 0.154600 0.169300 0.231700 0.154600 0.192600 0.152500 0.171500 0.177000 0.189600 0.170800 0.154600 0.153400 0.151400 0.362200 0.177900 0.154600 0.131500 0.153600 0.187200 0.169200 0.152700 0.170800 0.231700 0.179000 0.149300 0.134600 0.000000 0.131500 0.155200 0.170200 0.171300
Klipspring 0.052700 0.318300 0.050600 0.144400 0.051100 0.052700 0.072300 0.035300 0.034100 0.033900 0.052700 0.086300 0.069500 0.035100 0.017400 0.052200 0.104600 0.106000 0.017400 0.034000 0.089100 0.052700 0.068300 0.085900 0.052700 0.051700 0.052100 0.034100 0.071400 0.050900 0.033900 0.052700 0.017100 0.051800 0.346700 0.035200 0.052700 0.034300 0.017200 0.085100 0.068300 0.052200 0.033900 0.085900 0.035400 0.051100 0.035000 0.131500 0.000000 0.052900 0.033800 0.034000
ForestMusk 0.072300 0.353300 0.069000 0.208300 0.070000 0.072300 0.093200 0.054300 0.052400 0.088500 0.072300 0.105800 0.089400 0.091700 0.035600 0.071300 0.124800 0.126400 0.035700 0.052000 0.109600 0.072300 0.087400 0.069200 0.072300 0.108400 0.071200 0.052300 0.091600 0.069100 0.088500 0.072100 0.035000 0.071000 0.401500 0.053800 0.072300 0.052800 0.071700 0.104400 0.087300 0.071500 0.088500 0.069200 0.092500 0.070000 0.054000 0.155200 0.052900 0.000000 0.051900 0.052000
Bushbuck 0.088400 0.313500 0.016300 0.181600 0.085800 0.088400 0.109100 0.070700 0.000100 0.068100 0.088400 0.085000 0.104900 0.070300 0.052300 0.087200 0.103100 0.104400 0.052300 0.000100 0.125100 0.088400 0.067300 0.084600 0.088400 0.086700 0.087000 0.000100 0.107300 0.016400 0.068100 0.088000 0.016800 0.086700 0.341300 0.034600 0.088400 0.068900 0.051600 0.083900 0.067300 0.087400 0.068100 0.084600 0.071000 0.085800 0.070400 0.170200 0.033800 0.051900 0.000000 0.000100
GreaterKud 0.088800 0.315200 0.016400 0.182700 0.086300 0.088800 0.109700 0.071100 0.000100 0.068500 0.088800 0.085400 0.105500 0.070700 0.052600 0.087700 0.103700 0.105000 0.052600 0.000000 0.125800 0.088800 0.067700 0.085100 0.088800 0.087200 0.087500 0.000100 0.107900 0.016200 0.068500 0.088600 0.016900 0.087200 0.343700 0.033100 0.088800 0.069300 0.051900 0.084400 0.067700 0.087900 0.068500 0.085100 0.071400 0.086300 0.070800 0.171300 0.034000 0.052000 0.000100 0.000000
