CODONML (in paml version 4.10.7, June 2023)  /home/rachel/ruminants_paml/6406-phy-tree/ENSBTAT00000046976.fasta.phy
Model: free dN/dS Ratios for branches,  kappa = 2.000 fixed

Codon frequency model: F3x4
ns =  54  ls =  26

Codon usage in sequences
--------------------------------------------------------------------------------------------------------------------------------------
Phe TTT   2   2   2   2   2   2 | Ser TCT   0   0   0   0   0   0 | Tyr TAT   0   0   0   0   0   0 | Cys TGT   0   0   0   0   0   0
    TTC   0   0   0   0   0   0 |     TCC   0   0   0   0   0   0 |     TAC   1   1   1   1   1   1 |     TGC   0   0   0   0   0   0
Leu TTA   1   1   1   1   1   1 |     TCA   0   0   0   0   0   0 | *** TAA   0   0   0   0   0   0 | *** TGA   0   0   0   0   0   0
    TTG   0   0   0   0   0   0 |     TCG   0   0   0   0   0   0 |     TAG   0   0   0   0   0   0 | Trp TGG   0   0   0   0   0   0
--------------------------------------------------------------------------------------------------------------------------------------
Leu CTT   1   1   1   1   2   1 | Pro CCT   0   0   0   0   0   0 | His CAT   2   1   2   2   1   1 | Arg CGT   1   1   1   1   1   1
    CTC   1   1   1   1   1   1 |     CCC   0   0   0   0   0   0 |     CAC   0   1   0   0   0   1 |     CGC   0   0   0   0   0   0
    CTA   0   0   0   0   0   0 |     CCA   1   1   1   1   1   1 | Gln CAA   1   0   1   1   1   1 |     CGA   0   0   0   0   0   0
    CTG   0   0   0   0   0   0 |     CCG   0   0   0   0   0   0 |     CAG   1   2   1   1   1   1 |     CGG   0   0   0   0   0   0
--------------------------------------------------------------------------------------------------------------------------------------
Ile ATT   1   1   1   1   1   1 | Thr ACT   0   0   0   0   0   0 | Asn AAT   0   0   0   0   0   0 | Ser AGT   0   0   0   0   0   0
    ATC   0   0   0   0   0   0 |     ACC   0   0   0   0   0   0 |     AAC   0   0   0   0   0   0 |     AGC   0   0   0   0   0   0
    ATA   0   0   0   0   0   0 |     ACA   0   0   0   0   0   0 | Lys AAA   0   0   0   0   0   0 | Arg AGA   2   2   2   2   2   2
Met ATG   1   1   1   1   1   1 |     ACG   0   0   0   0   0   0 |     AAG   2   2   2   2   2   2 |     AGG   0   0   0   0   0   0
--------------------------------------------------------------------------------------------------------------------------------------
Val GTT   0   0   0   0   0   0 | Ala GCT   0   0   0   0   0   0 | Asp GAT   2   2   2   2   2   2 | Gly GGT   0   0   0   0   0   0
    GTC   1   1   1   1   1   1 |     GCC   0   0   0   0   0   0 |     GAC   0   0   0   0   0   0 |     GGC   0   0   0   0   0   0
    GTA   0   0   0   0   0   0 |     GCA   0   0   0   0   0   0 | Glu GAA   1   1   1   1   1   1 |     GGA   1   1   1   1   1   1
    GTG   2   2   2   2   2   2 |     GCG   0   0   0   0   0   0 |     GAG   1   1   1   1   1   1 |     GGG   0   0   0   0   0   0
--------------------------------------------------------------------------------------------------------------------------------------

--------------------------------------------------------------------------------------------------------------------------------------
Phe TTT   2   2   2   2   2   2 | Ser TCT   0   0   0   0   0   0 | Tyr TAT   0   0   0   0   0   0 | Cys TGT   0   0   0   0   0   0
    TTC   0   0   0   0   0   0 |     TCC   0   0   0   0   0   0 |     TAC   1   1   1   1   1   1 |     TGC   0   0   0   0   0   0
Leu TTA   1   1   1   1   1   1 |     TCA   0   0   0   0   0   0 | *** TAA   0   0   0   0   0   0 | *** TGA   0   0   0   0   0   0
    TTG   0   0   0   0   0   0 |     TCG   0   0   0   0   0   0 |     TAG   0   0   0   0   0   0 | Trp TGG   0   0   0   0   0   0
--------------------------------------------------------------------------------------------------------------------------------------
Leu CTT   1   1   1   1   1   1 | Pro CCT   0   0   0   0   0   0 | His CAT   2   2   2   2   2   2 | Arg CGT   1   1   1   1   1   1
    CTC   1   1   1   1   1   1 |     CCC   0   0   0   0   0   0 |     CAC   0   0   0   0   0   0 |     CGC   0   0   0   0   0   0
    CTA   0   0   0   0   0   0 |     CCA   1   1   1   1   1   1 | Gln CAA   1   1   1   1   1   1 |     CGA   0   0   0   0   0   0
    CTG   0   0   0   0   0   0 |     CCG   0   0   0   0   0   0 |     CAG   1   1   1   1   1   1 |     CGG   0   0   0   0   0   0
--------------------------------------------------------------------------------------------------------------------------------------
Ile ATT   1   1   1   1   1   1 | Thr ACT   0   0   0   0   0   0 | Asn AAT   0   0   0   0   0   0 | Ser AGT   0   0   0   0   0   0
    ATC   0   0   0   0   0   0 |     ACC   0   0   0   0   0   0 |     AAC   0   0   0   0   0   0 |     AGC   0   0   0   0   0   0
    ATA   0   0   0   0   0   0 |     ACA   0   0   0   0   0   0 | Lys AAA   0   0   0   0   0   0 | Arg AGA   2   2   2   2   2   2
Met ATG   1   1   1   1   1   1 |     ACG   0   0   0   0   0   0 |     AAG   2   2   2   2   2   2 |     AGG   0   0   0   0   0   0
--------------------------------------------------------------------------------------------------------------------------------------
Val GTT   0   0   0   0   0   0 | Ala GCT   0   0   0   0   0   0 | Asp GAT   2   2   2   2   2   2 | Gly GGT   0   0   0   0   0   0
    GTC   1   1   1   1   1   1 |     GCC   0   0   0   0   0   0 |     GAC   0   0   0   0   0   0 |     GGC   0   0   0   0   0   0
    GTA   0   0   0   0   0   0 |     GCA   0   0   0   0   0   0 | Glu GAA   1   1   1   1   1   1 |     GGA   1   1   1   1   1   1
    GTG   2   2   2   2   2   2 |     GCG   0   0   0   0   0   0 |     GAG   1   1   1   1   1   1 |     GGG   0   0   0   0   0   0
--------------------------------------------------------------------------------------------------------------------------------------

--------------------------------------------------------------------------------------------------------------------------------------
Phe TTT   2   2   2   2   2   2 | Ser TCT   0   0   0   0   0   0 | Tyr TAT   0   0   0   0   0   0 | Cys TGT   0   0   0   0   0   0
    TTC   0   0   0   0   0   0 |     TCC   0   0   0   0   0   0 |     TAC   1   1   1   1   1   1 |     TGC   0   0   0   0   0   0
Leu TTA   1   1   1   1   1   1 |     TCA   0   0   0   0   0   0 | *** TAA   0   0   0   0   0   0 | *** TGA   0   0   0   0   0   0
    TTG   0   0   0   0   0   0 |     TCG   0   0   0   0   0   0 |     TAG   0   0   0   0   0   0 | Trp TGG   0   0   0   0   0   0
--------------------------------------------------------------------------------------------------------------------------------------
Leu CTT   1   1   1   1   1   1 | Pro CCT   0   0   0   0   0   0 | His CAT   2   2   2   2   2   2 | Arg CGT   1   1   1   1   1   1
    CTC   1   1   1   1   1   1 |     CCC   0   0   0   0   0   0 |     CAC   0   0   0   0   0   0 |     CGC   0   0   0   0   0   0
    CTA   0   0   0   0   0   0 |     CCA   1   1   1   1   1   1 | Gln CAA   1   1   1   1   1   1 |     CGA   0   0   0   0   0   0
    CTG   0   0   0   0   0   0 |     CCG   0   0   0   0   0   0 |     CAG   1   1   1   1   1   1 |     CGG   0   0   0   0   0   0
--------------------------------------------------------------------------------------------------------------------------------------
Ile ATT   1   1   1   1   1   1 | Thr ACT   0   0   0   0   0   0 | Asn AAT   0   0   0   0   0   0 | Ser AGT   0   0   0   0   0   0
    ATC   0   0   0   0   0   0 |     ACC   0   0   0   0   0   0 |     AAC   0   0   0   0   0   0 |     AGC   0   0   0   0   0   0
    ATA   0   0   0   0   0   0 |     ACA   0   0   0   0   0   0 | Lys AAA   0   0   0   0   0   0 | Arg AGA   2   2   2   2   2   2
Met ATG   1   1   1   1   1   1 |     ACG   0   0   0   0   0   0 |     AAG   2   2   2   2   2   2 |     AGG   0   0   0   0   0   0
--------------------------------------------------------------------------------------------------------------------------------------
Val GTT   0   0   0   0   1   0 | Ala GCT   0   0   0   0   0   0 | Asp GAT   2   2   2   2   2   2 | Gly GGT   0   0   0   0   0   0
    GTC   1   1   1   1   0   1 |     GCC   0   0   0   0   0   0 |     GAC   0   0   0   0   0   0 |     GGC   0   0   0   0   0   0
    GTA   0   0   0   0   0   0 |     GCA   0   0   0   0   0   0 | Glu GAA   1   1   1   1   1   1 |     GGA   1   1   1   1   1   1
    GTG   2   2   2   2   2   2 |     GCG   0   0   0   0   0   0 |     GAG   1   1   1   1   1   1 |     GGG   0   0   0   0   0   0
--------------------------------------------------------------------------------------------------------------------------------------

--------------------------------------------------------------------------------------------------------------------------------------
Phe TTT   2   2   2   2   2   2 | Ser TCT   0   0   0   0   0   0 | Tyr TAT   0   0   0   0   0   0 | Cys TGT   0   0   0   0   0   0
    TTC   0   0   0   0   0   0 |     TCC   0   0   0   0   0   0 |     TAC   1   1   1   1   1   1 |     TGC   0   0   0   0   0   0
Leu TTA   1   1   1   1   1   1 |     TCA   0   0   0   0   0   0 | *** TAA   0   0   0   0   0   0 | *** TGA   0   0   0   0   0   0
    TTG   0   0   0   0   0   0 |     TCG   0   0   0   0   0   0 |     TAG   0   0   0   0   0   0 | Trp TGG   0   0   0   0   0   0
--------------------------------------------------------------------------------------------------------------------------------------
Leu CTT   1   1   1   1   1   1 | Pro CCT   0   0   0   0   0   0 | His CAT   2   2   2   2   2   2 | Arg CGT   1   1   1   1   1   1
    CTC   1   1   1   1   1   1 |     CCC   0   0   0   0   0   0 |     CAC   0   0   0   0   0   0 |     CGC   0   0   0   0   0   0
    CTA   0   0   0   0   0   0 |     CCA   1   1   1   1   1   1 | Gln CAA   1   1   1   1   1   1 |     CGA   0   0   0   0   0   0
    CTG   0   0   0   0   0   0 |     CCG   0   0   0   0   0   0 |     CAG   1   1   1   1   1   1 |     CGG   0   0   0   0   0   0
--------------------------------------------------------------------------------------------------------------------------------------
Ile ATT   1   1   1   1   1   1 | Thr ACT   0   0   0   0   0   0 | Asn AAT   0   0   0   0   0   0 | Ser AGT   0   0   0   0   0   0
    ATC   0   0   0   0   0   0 |     ACC   0   0   0   0   0   0 |     AAC   0   0   0   0   0   0 |     AGC   0   0   0   0   0   0
    ATA   0   0   0   0   0   0 |     ACA   0   0   0   0   0   0 | Lys AAA   0   0   0   0   0   0 | Arg AGA   2   2   2   2   2   2
Met ATG   1   1   1   1   1   1 |     ACG   0   0   0   0   0   0 |     AAG   2   2   2   2   2   2 |     AGG   0   0   0   0   0   0
--------------------------------------------------------------------------------------------------------------------------------------
Val GTT   0   0   0   0   0   0 | Ala GCT   0   0   0   0   0   0 | Asp GAT   2   2   2   2   2   2 | Gly GGT   0   0   0   0   0   0
    GTC   1   1   1   1   1   1 |     GCC   0   0   0   0   0   0 |     GAC   0   0   0   0   0   0 |     GGC   0   0   0   0   0   0
    GTA   0   0   0   0   0   0 |     GCA   0   0   0   0   0   0 | Glu GAA   1   1   1   1   1   1 |     GGA   1   1   1   1   1   1
    GTG   2   2   2   2   2   2 |     GCG   0   0   0   0   0   0 |     GAG   1   1   1   1   1   1 |     GGG   0   0   0   0   0   0
--------------------------------------------------------------------------------------------------------------------------------------

--------------------------------------------------------------------------------------------------------------------------------------
Phe TTT   2   2   2   2   2   2 | Ser TCT   0   0   0   0   0   0 | Tyr TAT   0   0   0   0   0   0 | Cys TGT   0   0   0   0   0   0
    TTC   0   0   0   0   0   0 |     TCC   0   0   0   0   0   0 |     TAC   1   1   1   1   1   1 |     TGC   0   0   0   0   0   0
Leu TTA   1   1   1   1   1   1 |     TCA   0   0   0   0   0   0 | *** TAA   0   0   0   0   0   0 | *** TGA   0   0   0   0   0   0
    TTG   0   0   0   0   0   0 |     TCG   0   0   0   0   0   0 |     TAG   0   0   0   0   0   0 | Trp TGG   0   0   0   0   0   0
--------------------------------------------------------------------------------------------------------------------------------------
Leu CTT   1   1   1   1   1   1 | Pro CCT   0   0   0   0   0   0 | His CAT   2   2   2   2   2   2 | Arg CGT   0   1   1   1   1   1
    CTC   1   1   1   1   1   1 |     CCC   0   0   0   0   0   0 |     CAC   0   0   0   0   0   0 |     CGC   0   0   0   0   0   0
    CTA   0   0   0   0   0   0 |     CCA   1   1   1   1   1   1 | Gln CAA   1   1   1   1   1   1 |     CGA   0   0   0   0   0   0
    CTG   0   0   0   0   0   0 |     CCG   0   0   0   0   0   0 |     CAG   1   1   1   1   1   1 |     CGG   1   0   0   0   0   0
--------------------------------------------------------------------------------------------------------------------------------------
Ile ATT   1   1   1   1   1   1 | Thr ACT   0   0   0   0   0   0 | Asn AAT   0   0   0   0   0   0 | Ser AGT   0   0   0   0   0   0
    ATC   0   0   0   0   0   0 |     ACC   0   0   0   0   0   0 |     AAC   0   0   0   0   0   0 |     AGC   0   0   0   0   0   0
    ATA   0   0   0   0   0   0 |     ACA   0   0   0   0   0   0 | Lys AAA   0   0   0   0   0   0 | Arg AGA   2   2   2   2   2   2
Met ATG   1   1   1   1   1   1 |     ACG   0   0   0   0   0   0 |     AAG   2   2   2   2   2   2 |     AGG   0   0   0   0   0   0
--------------------------------------------------------------------------------------------------------------------------------------
Val GTT   0   0   0   0   0   0 | Ala GCT   0   0   0   0   0   0 | Asp GAT   2   2   2   2   2   2 | Gly GGT   0   0   0   0   0   0
    GTC   1   1   1   1   1   1 |     GCC   0   0   0   0   0   0 |     GAC   0   0   0   0   0   0 |     GGC   0   0   0   0   0   0
    GTA   0   0   0   0   0   0 |     GCA   0   0   0   0   0   0 | Glu GAA   1   1   1   1   1   1 |     GGA   1   1   1   1   1   1
    GTG   2   2   2   2   2   2 |     GCG   0   0   0   0   0   0 |     GAG   1   1   1   1   1   1 |     GGG   0   0   0   0   0   0
--------------------------------------------------------------------------------------------------------------------------------------

--------------------------------------------------------------------------------------------------------------------------------------
Phe TTT   2   2   2   2   2   2 | Ser TCT   0   0   0   0   0   0 | Tyr TAT   0   0   0   0   0   0 | Cys TGT   0   0   0   0   0   0
    TTC   0   0   0   0   0   0 |     TCC   0   0   0   0   0   0 |     TAC   1   1   1   1   1   1 |     TGC   0   0   0   0   0   0
Leu TTA   1   1   1   1   1   1 |     TCA   0   0   0   0   0   0 | *** TAA   0   0   0   0   0   0 | *** TGA   0   0   0   0   0   0
    TTG   0   0   0   0   0   0 |     TCG   0   0   0   0   0   0 |     TAG   0   0   0   0   0   0 | Trp TGG   0   0   0   0   0   0
--------------------------------------------------------------------------------------------------------------------------------------
Leu CTT   1   1   1   1   1   1 | Pro CCT   0   0   0   0   0   0 | His CAT   2   2   2   2   2   2 | Arg CGT   1   1   1   1   1   1
    CTC   1   1   1   1   1   1 |     CCC   0   0   0   0   0   0 |     CAC   0   0   0   0   0   0 |     CGC   0   0   0   0   0   0
    CTA   0   0   0   0   0   0 |     CCA   1   1   1   1   1   1 | Gln CAA   1   1   1   1   1   1 |     CGA   0   0   0   0   0   0
    CTG   0   0   0   0   0   0 |     CCG   0   0   0   0   0   0 |     CAG   1   1   1   1   1   1 |     CGG   0   0   0   0   0   0
--------------------------------------------------------------------------------------------------------------------------------------
Ile ATT   1   1   1   1   1   1 | Thr ACT   0   0   0   0   0   0 | Asn AAT   0   0   0   0   0   0 | Ser AGT   0   0   0   0   0   0
    ATC   0   0   0   0   0   0 |     ACC   0   0   0   0   0   0 |     AAC   0   0   0   0   0   0 |     AGC   0   0   0   0   0   0
    ATA   0   0   0   0   0   0 |     ACA   0   0   0   0   0   0 | Lys AAA   0   0   0   0   0   0 | Arg AGA   2   2   2   2   2   2
Met ATG   1   1   1   1   1   1 |     ACG   0   0   0   0   0   0 |     AAG   2   2   2   2   2   2 |     AGG   0   0   0   0   0   0
--------------------------------------------------------------------------------------------------------------------------------------
Val GTT   0   0   0   0   0   0 | Ala GCT   0   0   0   0   0   0 | Asp GAT   2   2   2   2   2   2 | Gly GGT   0   0   0   0   0   0
    GTC   1   1   1   1   1   1 |     GCC   0   0   0   0   0   0 |     GAC   0   0   0   0   0   0 |     GGC   0   0   0   0   0   0
    GTA   0   0   0   0   0   0 |     GCA   0   0   0   0   0   0 | Glu GAA   1   1   1   1   0   1 |     GGA   1   1   1   1   1   1
    GTG   2   2   2   2   2   2 |     GCG   0   0   0   0   0   0 |     GAG   1   1   1   1   2   1 |     GGG   0   0   0   0   0   0
--------------------------------------------------------------------------------------------------------------------------------------

--------------------------------------------------------------------------------------------------------------------------------------
Phe TTT   2   2   2   2   2   2 | Ser TCT   0   0   0   0   0   0 | Tyr TAT   0   0   0   0   0   0 | Cys TGT   0   0   0   0   0   0
    TTC   0   0   0   0   0   0 |     TCC   0   0   0   0   0   0 |     TAC   1   1   1   1   1   1 |     TGC   0   0   0   0   0   0
Leu TTA   1   1   1   1   1   1 |     TCA   0   0   0   0   0   0 | *** TAA   0   0   0   0   0   0 | *** TGA   0   0   0   0   0   0
    TTG   0   0   0   0   0   0 |     TCG   0   0   0   0   0   0 |     TAG   0   0   0   0   0   0 | Trp TGG   0   0   0   0   0   0
--------------------------------------------------------------------------------------------------------------------------------------
Leu CTT   1   1   1   1   1   1 | Pro CCT   0   0   0   0   0   0 | His CAT   2   2   2   2   2   2 | Arg CGT   1   1   1   1   1   1
    CTC   1   1   1   1   1   1 |     CCC   0   0   0   0   0   0 |     CAC   0   0   0   0   0   0 |     CGC   0   0   0   0   0   0
    CTA   0   0   0   0   0   0 |     CCA   1   1   1   1   1   1 | Gln CAA   1   1   1   1   1   1 |     CGA   0   0   0   0   0   0
    CTG   0   0   0   0   0   0 |     CCG   0   0   0   0   0   0 |     CAG   1   1   1   1   1   1 |     CGG   0   0   0   0   0   0
--------------------------------------------------------------------------------------------------------------------------------------
Ile ATT   1   1   1   1   1   1 | Thr ACT   0   0   0   0   0   0 | Asn AAT   0   0   0   0   0   0 | Ser AGT   0   0   0   0   0   0
    ATC   0   0   0   0   0   0 |     ACC   0   0   0   0   0   0 |     AAC   0   0   0   0   0   0 |     AGC   0   0   0   0   0   0
    ATA   0   0   0   0   0   0 |     ACA   0   0   0   0   0   0 | Lys AAA   0   0   0   0   0   0 | Arg AGA   2   2   2   2   2   2
Met ATG   1   1   1   1   1   1 |     ACG   0   0   0   0   0   0 |     AAG   2   2   2   2   2   2 |     AGG   0   0   0   0   0   0
--------------------------------------------------------------------------------------------------------------------------------------
Val GTT   0   0   0   0   0   1 | Ala GCT   0   0   0   0   0   0 | Asp GAT   2   2   2   2   2   2 | Gly GGT   0   0   0   0   0   0
    GTC   1   1   1   1   1   0 |     GCC   0   0   0   0   0   0 |     GAC   0   0   0   0   0   0 |     GGC   0   0   0   0   0   0
    GTA   0   0   0   0   0   0 |     GCA   0   0   0   0   0   0 | Glu GAA   1   1   1   1   1   1 |     GGA   1   1   1   1   1   1
    GTG   2   2   2   2   2   2 |     GCG   0   0   0   0   0   0 |     GAG   1   1   1   1   1   1 |     GGG   0   0   0   0   0   0
--------------------------------------------------------------------------------------------------------------------------------------

--------------------------------------------------------------------------------------------------------------------------------------
Phe TTT   2   2   2   2   2   2 | Ser TCT   0   0   0   0   0   0 | Tyr TAT   0   0   0   0   0   0 | Cys TGT   0   0   0   0   0   0
    TTC   0   0   0   0   0   0 |     TCC   0   0   0   0   0   0 |     TAC   1   1   1   1   1   1 |     TGC   0   0   0   0   0   0
Leu TTA   1   1   1   1   1   1 |     TCA   0   0   0   0   0   0 | *** TAA   0   0   0   0   0   0 | *** TGA   0   0   0   0   0   0
    TTG   0   0   0   0   0   0 |     TCG   0   0   0   0   0   0 |     TAG   0   0   0   0   0   0 | Trp TGG   0   0   0   0   0   0
--------------------------------------------------------------------------------------------------------------------------------------
Leu CTT   1   1   1   1   1   1 | Pro CCT   0   0   0   0   0   0 | His CAT   2   2   2   2   2   1 | Arg CGT   0   1   1   1   1   1
    CTC   1   1   1   1   1   1 |     CCC   0   0   0   0   0   0 |     CAC   0   0   0   0   0   1 |     CGC   0   0   0   0   0   0
    CTA   0   0   0   0   0   0 |     CCA   1   1   1   1   1   1 | Gln CAA   1   1   1   1   1   1 |     CGA   0   0   0   0   0   0
    CTG   0   0   0   0   0   0 |     CCG   0   0   0   0   0   0 |     CAG   1   1   1   1   1   1 |     CGG   1   0   0   0   0   0
--------------------------------------------------------------------------------------------------------------------------------------
Ile ATT   1   1   1   1   1   1 | Thr ACT   0   0   0   0   0   0 | Asn AAT   0   0   0   0   0   0 | Ser AGT   0   0   0   0   0   0
    ATC   0   0   0   0   0   0 |     ACC   0   0   0   0   0   0 |     AAC   0   0   0   0   0   0 |     AGC   0   0   0   0   0   0
    ATA   0   0   0   0   0   0 |     ACA   0   0   0   0   0   0 | Lys AAA   0   0   0   0   0   0 | Arg AGA   2   2   2   2   2   2
Met ATG   1   1   1   1   1   1 |     ACG   0   0   0   0   0   0 |     AAG   2   2   2   2   2   2 |     AGG   0   0   0   0   0   0
--------------------------------------------------------------------------------------------------------------------------------------
Val GTT   0   0   0   1   0   0 | Ala GCT   0   0   0   0   0   0 | Asp GAT   2   2   2   2   2   2 | Gly GGT   0   0   0   0   0   0
    GTC   1   1   1   0   1   1 |     GCC   0   0   0   0   0   0 |     GAC   0   0   0   0   0   0 |     GGC   0   0   0   0   0   0
    GTA   0   0   0   0   0   0 |     GCA   0   0   0   0   0   0 | Glu GAA   1   1   1   1   1   1 |     GGA   1   1   1   1   1   1
    GTG   2   2   2   2   2   2 |     GCG   0   0   0   0   0   0 |     GAG   1   1   1   1   1   1 |     GGG   0   0   0   0   0   0
--------------------------------------------------------------------------------------------------------------------------------------

--------------------------------------------------------------------------------------------------------------------------------------
Phe TTT   2   2   2   2   2   2 | Ser TCT   0   0   0   0   0   0 | Tyr TAT   0   0   0   0   0   0 | Cys TGT   0   0   0   0   0   0
    TTC   0   0   0   0   0   0 |     TCC   0   0   0   0   0   0 |     TAC   1   1   1   1   1   1 |     TGC   0   0   0   0   0   0
Leu TTA   1   1   1   1   1   1 |     TCA   0   0   0   0   0   0 | *** TAA   0   0   0   0   0   0 | *** TGA   0   0   0   0   0   0
    TTG   0   0   0   0   0   0 |     TCG   0   0   0   0   0   0 |     TAG   0   0   0   0   0   0 | Trp TGG   0   0   0   0   0   0
--------------------------------------------------------------------------------------------------------------------------------------
Leu CTT   1   1   1   1   1   1 | Pro CCT   0   0   0   0   0   0 | His CAT   2   2   2   2   2   2 | Arg CGT   1   1   1   1   1   1
    CTC   1   1   1   1   1   1 |     CCC   0   0   0   0   0   0 |     CAC   0   0   0   0   0   0 |     CGC   0   0   0   0   0   0
    CTA   0   0   0   0   0   0 |     CCA   1   1   1   1   1   1 | Gln CAA   1   1   1   1   1   1 |     CGA   0   0   0   0   0   0
    CTG   0   0   0   0   0   0 |     CCG   0   0   0   0   0   0 |     CAG   1   1   1   1   1   1 |     CGG   0   0   0   0   0   0
--------------------------------------------------------------------------------------------------------------------------------------
Ile ATT   1   1   1   1   1   1 | Thr ACT   0   0   0   0   0   0 | Asn AAT   0   0   0   0   0   0 | Ser AGT   0   0   0   0   0   0
    ATC   0   0   0   0   0   0 |     ACC   0   0   0   0   0   0 |     AAC   0   0   0   0   0   0 |     AGC   0   0   0   0   0   0
    ATA   0   0   0   0   0   0 |     ACA   0   0   0   0   0   0 | Lys AAA   0   0   0   0   0   0 | Arg AGA   2   2   2   2   2   2
Met ATG   1   1   1   1   1   1 |     ACG   0   0   0   0   0   0 |     AAG   2   2   2   2   2   2 |     AGG   0   0   0   0   0   0
--------------------------------------------------------------------------------------------------------------------------------------
Val GTT   0   0   0   0   0   0 | Ala GCT   0   0   0   0   0   0 | Asp GAT   2   2   2   2   2   2 | Gly GGT   0   0   0   0   0   0
    GTC   1   1   1   1   1   1 |     GCC   0   0   0   0   0   0 |     GAC   0   0   0   0   0   0 |     GGC   0   0   0   0   0   0
    GTA   0   0   0   0   0   0 |     GCA   0   0   0   0   0   0 | Glu GAA   1   1   1   1   1   1 |     GGA   1   1   1   1   1   1
    GTG   2   2   2   2   2   2 |     GCG   0   0   0   0   0   0 |     GAG   1   1   1   1   1   1 |     GGG   0   0   0   0   0   0
--------------------------------------------------------------------------------------------------------------------------------------

Codon position x base (3x4) table for each sequence.

#1: Argali         
position  1:    T:0.15385    C:0.30769    A:0.23077    G:0.30769
position  2:    T:0.38462    C:0.03846    A:0.42308    G:0.15385
position  3:    T:0.34615    C:0.11538    A:0.26923    G:0.26923
Average         T:0.29487    C:0.15385    A:0.30769    G:0.24359

#2: LesserMouseDeer
position  1:    T:0.15385    C:0.30769    A:0.23077    G:0.30769
position  2:    T:0.38462    C:0.03846    A:0.42308    G:0.15385
position  3:    T:0.30769    C:0.15385    A:0.23077    G:0.30769
Average         T:0.28205    C:0.16667    A:0.29487    G:0.25641

#3: LesserKudu     
position  1:    T:0.15385    C:0.30769    A:0.23077    G:0.30769
position  2:    T:0.38462    C:0.03846    A:0.42308    G:0.15385
position  3:    T:0.34615    C:0.11538    A:0.26923    G:0.26923
Average         T:0.29487    C:0.15385    A:0.30769    G:0.24359

#4: ForestMuskDeer2
position  1:    T:0.15385    C:0.30769    A:0.23077    G:0.30769
position  2:    T:0.38462    C:0.03846    A:0.42308    G:0.15385
position  3:    T:0.34615    C:0.11538    A:0.26923    G:0.26923
Average         T:0.29487    C:0.15385    A:0.30769    G:0.24359

#5: Camel          
position  1:    T:0.15385    C:0.30769    A:0.23077    G:0.30769
position  2:    T:0.42308    C:0.03846    A:0.38462    G:0.15385
position  3:    T:0.34615    C:0.11538    A:0.26923    G:0.26923
Average         T:0.30769    C:0.15385    A:0.29487    G:0.24359

#6: KillerWhale    
position  1:    T:0.15385    C:0.30769    A:0.23077    G:0.30769
position  2:    T:0.38462    C:0.03846    A:0.42308    G:0.15385
position  3:    T:0.30769    C:0.15385    A:0.26923    G:0.26923
Average         T:0.28205    C:0.16667    A:0.30769    G:0.24359

#7: DefassaWaterbuck
position  1:    T:0.15385    C:0.30769    A:0.23077    G:0.30769
position  2:    T:0.38462    C:0.03846    A:0.42308    G:0.15385
position  3:    T:0.34615    C:0.11538    A:0.26923    G:0.26923
Average         T:0.29487    C:0.15385    A:0.30769    G:0.24359

#8: Sheep          
position  1:    T:0.15385    C:0.30769    A:0.23077    G:0.30769
position  2:    T:0.38462    C:0.03846    A:0.42308    G:0.15385
position  3:    T:0.34615    C:0.11538    A:0.26923    G:0.26923
Average         T:0.29487    C:0.15385    A:0.30769    G:0.24359

#9: MaxwellsDuiker 
position  1:    T:0.15385    C:0.30769    A:0.23077    G:0.30769
position  2:    T:0.38462    C:0.03846    A:0.42308    G:0.15385
position  3:    T:0.34615    C:0.11538    A:0.26923    G:0.26923
Average         T:0.29487    C:0.15385    A:0.30769    G:0.24359

#10: GazellaPrzewalskyi
position  1:    T:0.15385    C:0.30769    A:0.23077    G:0.30769
position  2:    T:0.38462    C:0.03846    A:0.42308    G:0.15385
position  3:    T:0.34615    C:0.11538    A:0.26923    G:0.26923
Average         T:0.29487    C:0.15385    A:0.30769    G:0.24359

#11: MountainNyala  
position  1:    T:0.15385    C:0.30769    A:0.23077    G:0.30769
position  2:    T:0.38462    C:0.03846    A:0.42308    G:0.15385
position  3:    T:0.34615    C:0.11538    A:0.26923    G:0.26923
Average         T:0.29487    C:0.15385    A:0.30769    G:0.24359

#12: MuntiacusMuntjak
position  1:    T:0.15385    C:0.30769    A:0.23077    G:0.30769
position  2:    T:0.38462    C:0.03846    A:0.42308    G:0.15385
position  3:    T:0.34615    C:0.11538    A:0.26923    G:0.26923
Average         T:0.29487    C:0.15385    A:0.30769    G:0.24359

#13: goat           
position  1:    T:0.15385    C:0.30769    A:0.23077    G:0.30769
position  2:    T:0.38462    C:0.03846    A:0.42308    G:0.15385
position  3:    T:0.34615    C:0.11538    A:0.26923    G:0.26923
Average         T:0.29487    C:0.15385    A:0.30769    G:0.24359

#14: AfricanBuffalo 
position  1:    T:0.15385    C:0.30769    A:0.23077    G:0.30769
position  2:    T:0.38462    C:0.03846    A:0.42308    G:0.15385
position  3:    T:0.34615    C:0.11538    A:0.26923    G:0.26923
Average         T:0.29487    C:0.15385    A:0.30769    G:0.24359

#15: Topi           
position  1:    T:0.15385    C:0.30769    A:0.23077    G:0.30769
position  2:    T:0.38462    C:0.03846    A:0.42308    G:0.15385
position  3:    T:0.34615    C:0.11538    A:0.26923    G:0.26923
Average         T:0.29487    C:0.15385    A:0.30769    G:0.24359

#16: CommonDuiker   
position  1:    T:0.15385    C:0.30769    A:0.23077    G:0.30769
position  2:    T:0.38462    C:0.03846    A:0.42308    G:0.15385
position  3:    T:0.34615    C:0.11538    A:0.26923    G:0.26923
Average         T:0.29487    C:0.15385    A:0.30769    G:0.24359

#17: Suni           
position  1:    T:0.15385    C:0.30769    A:0.23077    G:0.30769
position  2:    T:0.38462    C:0.03846    A:0.42308    G:0.15385
position  3:    T:0.38462    C:0.07692    A:0.26923    G:0.26923
Average         T:0.30769    C:0.14103    A:0.30769    G:0.24359

#18: Springbuck     
position  1:    T:0.15385    C:0.30769    A:0.23077    G:0.30769
position  2:    T:0.38462    C:0.03846    A:0.42308    G:0.15385
position  3:    T:0.34615    C:0.11538    A:0.26923    G:0.26923
Average         T:0.29487    C:0.15385    A:0.30769    G:0.24359

#19: Okapi          
position  1:    T:0.15385    C:0.30769    A:0.23077    G:0.30769
position  2:    T:0.38462    C:0.03846    A:0.42308    G:0.15385
position  3:    T:0.34615    C:0.11538    A:0.26923    G:0.26923
Average         T:0.29487    C:0.15385    A:0.30769    G:0.24359

#20: Giraffe        
position  1:    T:0.15385    C:0.30769    A:0.23077    G:0.30769
position  2:    T:0.38462    C:0.03846    A:0.42308    G:0.15385
position  3:    T:0.34615    C:0.11538    A:0.26923    G:0.26923
Average         T:0.29487    C:0.15385    A:0.30769    G:0.24359

#21: TibetanAntelope
position  1:    T:0.15385    C:0.30769    A:0.23077    G:0.30769
position  2:    T:0.38462    C:0.03846    A:0.42308    G:0.15385
position  3:    T:0.34615    C:0.11538    A:0.26923    G:0.26923
Average         T:0.29487    C:0.15385    A:0.30769    G:0.24359

#22: Sitatunga      
position  1:    T:0.15385    C:0.30769    A:0.23077    G:0.30769
position  2:    T:0.38462    C:0.03846    A:0.42308    G:0.15385
position  3:    T:0.34615    C:0.11538    A:0.26923    G:0.26923
Average         T:0.29487    C:0.15385    A:0.30769    G:0.24359

#23: Oribi          
position  1:    T:0.15385    C:0.30769    A:0.23077    G:0.30769
position  2:    T:0.38462    C:0.03846    A:0.42308    G:0.15385
position  3:    T:0.34615    C:0.11538    A:0.26923    G:0.26923
Average         T:0.29487    C:0.15385    A:0.30769    G:0.24359

#24: BarbarySheep   
position  1:    T:0.15385    C:0.30769    A:0.23077    G:0.30769
position  2:    T:0.38462    C:0.03846    A:0.42308    G:0.15385
position  3:    T:0.34615    C:0.11538    A:0.26923    G:0.26923
Average         T:0.29487    C:0.15385    A:0.30769    G:0.24359

#25: Daviddeer      
position  1:    T:0.15385    C:0.30769    A:0.23077    G:0.30769
position  2:    T:0.38462    C:0.03846    A:0.42308    G:0.15385
position  3:    T:0.30769    C:0.11538    A:0.26923    G:0.30769
Average         T:0.28205    C:0.15385    A:0.30769    G:0.25641

#26: Reindeer       
position  1:    T:0.15385    C:0.30769    A:0.23077    G:0.30769
position  2:    T:0.38462    C:0.03846    A:0.42308    G:0.15385
position  3:    T:0.34615    C:0.11538    A:0.26923    G:0.26923
Average         T:0.29487    C:0.15385    A:0.30769    G:0.24359

#27: Ibex           
position  1:    T:0.15385    C:0.30769    A:0.23077    G:0.30769
position  2:    T:0.38462    C:0.03846    A:0.42308    G:0.15385
position  3:    T:0.34615    C:0.11538    A:0.26923    G:0.26923
Average         T:0.29487    C:0.15385    A:0.30769    G:0.24359

#28: GyrantGazelle  
position  1:    T:0.15385    C:0.30769    A:0.23077    G:0.30769
position  2:    T:0.38462    C:0.03846    A:0.42308    G:0.15385
position  3:    T:0.34615    C:0.11538    A:0.26923    G:0.26923
Average         T:0.29487    C:0.15385    A:0.30769    G:0.24359

#29: Hartebeest     
position  1:    T:0.15385    C:0.30769    A:0.23077    G:0.30769
position  2:    T:0.38462    C:0.03846    A:0.42308    G:0.15385
position  3:    T:0.34615    C:0.11538    A:0.26923    G:0.26923
Average         T:0.29487    C:0.15385    A:0.30769    G:0.24359

#30: Bongo          
position  1:    T:0.15385    C:0.30769    A:0.23077    G:0.30769
position  2:    T:0.38462    C:0.03846    A:0.42308    G:0.15385
position  3:    T:0.34615    C:0.11538    A:0.26923    G:0.26923
Average         T:0.29487    C:0.15385    A:0.30769    G:0.24359

#31: Gerenuk        
position  1:    T:0.15385    C:0.30769    A:0.23077    G:0.30769
position  2:    T:0.38462    C:0.03846    A:0.42308    G:0.15385
position  3:    T:0.34615    C:0.11538    A:0.26923    G:0.26923
Average         T:0.29487    C:0.15385    A:0.30769    G:0.24359

#32: CommonEland    
position  1:    T:0.15385    C:0.30769    A:0.23077    G:0.30769
position  2:    T:0.38462    C:0.03846    A:0.42308    G:0.15385
position  3:    T:0.34615    C:0.11538    A:0.26923    G:0.26923
Average         T:0.29487    C:0.15385    A:0.30769    G:0.24359

#33: MuntiacusReevesi
position  1:    T:0.15385    C:0.30769    A:0.23077    G:0.30769
position  2:    T:0.38462    C:0.03846    A:0.42308    G:0.15385
position  3:    T:0.34615    C:0.11538    A:0.26923    G:0.26923
Average         T:0.29487    C:0.15385    A:0.30769    G:0.24359

#34: HarveysDuiker  
position  1:    T:0.15385    C:0.30769    A:0.23077    G:0.30769
position  2:    T:0.38462    C:0.03846    A:0.42308    G:0.15385
position  3:    T:0.34615    C:0.11538    A:0.26923    G:0.26923
Average         T:0.29487    C:0.15385    A:0.30769    G:0.24359

#35: Pronghorn      
position  1:    T:0.15385    C:0.30769    A:0.23077    G:0.30769
position  2:    T:0.38462    C:0.03846    A:0.42308    G:0.15385
position  3:    T:0.34615    C:0.11538    A:0.23077    G:0.30769
Average         T:0.29487    C:0.15385    A:0.29487    G:0.25641

#36: BlueWildebeest 
position  1:    T:0.15385    C:0.30769    A:0.23077    G:0.30769
position  2:    T:0.38462    C:0.03846    A:0.42308    G:0.15385
position  3:    T:0.34615    C:0.11538    A:0.26923    G:0.26923
Average         T:0.29487    C:0.15385    A:0.30769    G:0.24359

#37: Gemsbok        
position  1:    T:0.15385    C:0.30769    A:0.23077    G:0.30769
position  2:    T:0.38462    C:0.03846    A:0.42308    G:0.15385
position  3:    T:0.34615    C:0.11538    A:0.26923    G:0.26923
Average         T:0.29487    C:0.15385    A:0.30769    G:0.24359

#38: Yak            
position  1:    T:0.15385    C:0.30769    A:0.23077    G:0.30769
position  2:    T:0.38462    C:0.03846    A:0.42308    G:0.15385
position  3:    T:0.34615    C:0.11538    A:0.26923    G:0.26923
Average         T:0.29487    C:0.15385    A:0.30769    G:0.24359

#39: BlueSheep      
position  1:    T:0.15385    C:0.30769    A:0.23077    G:0.30769
position  2:    T:0.38462    C:0.03846    A:0.42308    G:0.15385
position  3:    T:0.34615    C:0.11538    A:0.26923    G:0.26923
Average         T:0.29487    C:0.15385    A:0.30769    G:0.24359

#40: BohorReedbuck  
position  1:    T:0.15385    C:0.30769    A:0.23077    G:0.30769
position  2:    T:0.38462    C:0.03846    A:0.42308    G:0.15385
position  3:    T:0.34615    C:0.11538    A:0.26923    G:0.26923
Average         T:0.29487    C:0.15385    A:0.30769    G:0.24359

#41: KirksDik       
position  1:    T:0.15385    C:0.30769    A:0.23077    G:0.30769
position  2:    T:0.38462    C:0.03846    A:0.42308    G:0.15385
position  3:    T:0.34615    C:0.11538    A:0.26923    G:0.26923
Average         T:0.29487    C:0.15385    A:0.30769    G:0.24359

#42: RoeDeer        
position  1:    T:0.15385    C:0.30769    A:0.23077    G:0.30769
position  2:    T:0.38462    C:0.03846    A:0.42308    G:0.15385
position  3:    T:0.38462    C:0.07692    A:0.26923    G:0.26923
Average         T:0.30769    C:0.14103    A:0.30769    G:0.24359

#43: WhiteLippedDeer
position  1:    T:0.15385    C:0.30769    A:0.23077    G:0.30769
position  2:    T:0.38462    C:0.03846    A:0.42308    G:0.15385
position  3:    T:0.30769    C:0.11538    A:0.26923    G:0.30769
Average         T:0.28205    C:0.15385    A:0.30769    G:0.25641

#44: ThomsonGazelle 
position  1:    T:0.15385    C:0.30769    A:0.23077    G:0.30769
position  2:    T:0.38462    C:0.03846    A:0.42308    G:0.15385
position  3:    T:0.34615    C:0.11538    A:0.26923    G:0.26923
Average         T:0.29487    C:0.15385    A:0.30769    G:0.24359

#45: MuntiacusCrinifrons
position  1:    T:0.15385    C:0.30769    A:0.23077    G:0.30769
position  2:    T:0.38462    C:0.03846    A:0.42308    G:0.15385
position  3:    T:0.34615    C:0.11538    A:0.26923    G:0.26923
Average         T:0.29487    C:0.15385    A:0.30769    G:0.24359

#46: WhiteTailedDeer
position  1:    T:0.15385    C:0.30769    A:0.23077    G:0.30769
position  2:    T:0.38462    C:0.03846    A:0.42308    G:0.15385
position  3:    T:0.38462    C:0.07692    A:0.26923    G:0.26923
Average         T:0.30769    C:0.14103    A:0.30769    G:0.24359

#47: Cattle         
position  1:    T:0.15385    C:0.30769    A:0.23077    G:0.30769
position  2:    T:0.38462    C:0.03846    A:0.42308    G:0.15385
position  3:    T:0.34615    C:0.11538    A:0.26923    G:0.26923
Average         T:0.29487    C:0.15385    A:0.30769    G:0.24359

#48: RoyalAntelope  
position  1:    T:0.15385    C:0.30769    A:0.23077    G:0.30769
position  2:    T:0.38462    C:0.03846    A:0.42308    G:0.15385
position  3:    T:0.30769    C:0.15385    A:0.26923    G:0.26923
Average         T:0.28205    C:0.16667    A:0.30769    G:0.24359

#49: Steenbok       
position  1:    T:0.15385    C:0.30769    A:0.23077    G:0.30769
position  2:    T:0.38462    C:0.03846    A:0.42308    G:0.15385
position  3:    T:0.34615    C:0.11538    A:0.26923    G:0.26923
Average         T:0.29487    C:0.15385    A:0.30769    G:0.24359

#50: Impala         
position  1:    T:0.15385    C:0.30769    A:0.23077    G:0.30769
position  2:    T:0.38462    C:0.03846    A:0.42308    G:0.15385
position  3:    T:0.34615    C:0.11538    A:0.26923    G:0.26923
Average         T:0.29487    C:0.15385    A:0.30769    G:0.24359

#51: Klipspringer   
position  1:    T:0.15385    C:0.30769    A:0.23077    G:0.30769
position  2:    T:0.38462    C:0.03846    A:0.42308    G:0.15385
