CODONML (in paml version 4.10.7, June 2023)  /home/rachel/ruminants_paml/6406-phy-tree/ENSBTAT00000022527.fasta.phy
Model: free dN/dS Ratios for branches,  kappa = 2.000 fixed

Codon frequency model: F3x4
ns =  54  ls =  25

Codon usage in sequences
--------------------------------------------------------------------------------------------------------------------------------------
Phe TTT   0   0   0   0   0   0 | Ser TCT   0   0   0   0   0   0 | Tyr TAT   0   0   0   0   0   0 | Cys TGT   0   0   0   0   0   0
    TTC   2   2   2   2   2   3 |     TCC   0   0   0   0   0   0 |     TAC   3   3   3   3   3   3 |     TGC   1   0   1   1   0   0
Leu TTA   0   0   0   0   0   0 |     TCA   0   0   0   0   0   0 | *** TAA   0   0   0   0   0   0 | *** TGA   0   0   0   0   0   0
    TTG   1   1   1   2   1   1 |     TCG   0   0   0   0   0   0 |     TAG   0   0   0   0   0   0 | Trp TGG   0   0   0   0   0   0
--------------------------------------------------------------------------------------------------------------------------------------
Leu CTT   1   1   1   1   0   0 | Pro CCT   0   0   0   0   0   0 | His CAT   0   0   0   0   0   0 | Arg CGT   0   0   0   0   0   1
    CTC   2   2   2   2   3   2 |     CCC   1   1   1   1   1   1 |     CAC   0   0   0   0   0   0 |     CGC   0   1   0   0   1   0
    CTA   0   0   0   0   0   0 |     CCA   0   0   0   0   0   0 | Gln CAA   0   0   0   0   0   0 |     CGA   0   0   0   0   0   0
    CTG   1   1   1   0   1   1 |     CCG   0   0   0   0   0   0 |     CAG   2   2   2   2   2   2 |     CGG   0   0   0   0   0   0
--------------------------------------------------------------------------------------------------------------------------------------
Ile ATT   0   0   0   0   0   0 | Thr ACT   0   0   0   0   0   0 | Asn AAT   0   0   0   0   0   0 | Ser AGT   0   0   0   0   0   0
    ATC   1   0   1   1   1   1 |     ACC   1   1   1   1   1   0 |     AAC   0   0   0   0   0   0 |     AGC   2   2   2   2   2   3
    ATA   0   0   0   0   0   0 |     ACA   0   0   0   0   0   0 | Lys AAA   0   0   0   0   0   0 | Arg AGA   0   0   0   0   0   0
Met ATG   1   1   1   1   1   1 |     ACG   0   0   0   0   0   0 |     AAG   2   2   2   2   2   2 |     AGG   0   0   0   0   0   0
--------------------------------------------------------------------------------------------------------------------------------------
Val GTT   0   0   0   0   0   0 | Ala GCT   0   0   0   0   0   0 | Asp GAT   2   2   2   2   2   2 | Gly GGT   0   0   0   0   0   0
    GTC   0   1   0   0   0   0 |     GCC   0   0   0   0   0   0 |     GAC   0   0   0   0   0   0 |     GGC   0   0   0   0   0   0
    GTA   0   0   0   0   0   0 |     GCA   1   1   1   1   1   1 | Glu GAA   0   1   1   1   1   1 |     GGA   0   0   0   0   0   0
    GTG   0   0   0   0   0   0 |     GCG   0   0   0   0   0   0 |     GAG   1   0   0   0   0   0 |     GGG   0   0   0   0   0   0
--------------------------------------------------------------------------------------------------------------------------------------

--------------------------------------------------------------------------------------------------------------------------------------
Phe TTT   0   0   0   0   0   0 | Ser TCT   0   0   0   0   0   0 | Tyr TAT   0   0   0   0   0   0 | Cys TGT   0   0   0   0   0   0
    TTC   3   2   2   2   2   2 |     TCC   0   0   0   0   0   0 |     TAC   3   3   3   3   3   3 |     TGC   1   1   1   1   1   1
Leu TTA   0   0   0   0   0   0 |     TCA   0   0   0   0   0   0 | *** TAA   0   0   0   0   0   0 | *** TGA   0   0   0   0   0   0
    TTG   2   1   1   1   1   1 |     TCG   0   0   0   0   0   0 |     TAG   0   0   0   0   0   0 | Trp TGG   0   0   0   0   0   0
--------------------------------------------------------------------------------------------------------------------------------------
Leu CTT   1   1   1   1   1   1 | Pro CCT   0   0   0   0   0   0 | His CAT   0   0   0   0   0   0 | Arg CGT   0   0   0   0   0   0
    CTC   1   2   2   2   2   2 |     CCC   1   1   1   1   1   1 |     CAC   0   0   0   0   0   0 |     CGC   0   0   0   0   0   0
    CTA   0   0   0   0   0   0 |     CCA   0   0   0   0   0   0 | Gln CAA   0   0   1   1   0   0 |     CGA   0   0   0   0   0   0
    CTG   0   1   1   1   1   1 |     CCG   0   0   0   0   0   0 |     CAG   2   2   1   1   2   2 |     CGG   0   0   0   0   0   0
--------------------------------------------------------------------------------------------------------------------------------------
Ile ATT   0   0   0   0   0   0 | Thr ACT   0   0   0   0   0   0 | Asn AAT   0   0   0   0   0   0 | Ser AGT   0   0   0   0   0   0
    ATC   1   1   1   1   1   1 |     ACC   1   1   1   1   1   1 |     AAC   0   0   0   0   0   0 |     AGC   2   2   2   2   2   2
    ATA   0   0   0   0   0   0 |     ACA   0   0   0   0   0   0 | Lys AAA   0   0   0   0   0   0 | Arg AGA   0   0   0   0   0   0
Met ATG   1   1   1   1   1   1 |     ACG   0   0   0   0   0   0 |     AAG   2   2   2   2   2   2 |     AGG   0   0   0   0   0   0
--------------------------------------------------------------------------------------------------------------------------------------
Val GTT   0   0   0   0   0   0 | Ala GCT   0   0   0   0   0   0 | Asp GAT   2   2   2   2   2   2 | Gly GGT   0   0   0   0   0   0
    GTC   0   0   0   0   0   0 |     GCC   0   0   0   0   0   0 |     GAC   0   0   0   0   0   0 |     GGC   0   0   0   0   0   0
    GTA   0   0   0   0   0   0 |     GCA   1   1   1   1   1   1 | Glu GAA   1   0   1   1   1   1 |     GGA   0   0   0   0   0   0
    GTG   0   0   0   0   0   0 |     GCG   0   0   0   0   0   0 |     GAG   0   1   0   0   0   0 |     GGG   0   0   0   0   0   0
--------------------------------------------------------------------------------------------------------------------------------------

--------------------------------------------------------------------------------------------------------------------------------------
Phe TTT   0   0   0   0   0   0 | Ser TCT   0   0   0   0   0   0 | Tyr TAT   0   0   0   0   0   0 | Cys TGT   0   0   0   0   0   0
    TTC   2   2   2   2   2   2 |     TCC   0   0   0   0   0   0 |     TAC   3   3   3   3   3   3 |     TGC   1   1   1   1   1   1
Leu TTA   0   0   0   0   0   0 |     TCA   0   0   0   0   0   0 | *** TAA   0   0   0   0   0   0 | *** TGA   0   0   0   0   0   0
    TTG   1   1   1   1   1   2 |     TCG   0   0   0   0   0   0 |     TAG   0   0   0   0   0   0 | Trp TGG   0   0   0   0   0   0
--------------------------------------------------------------------------------------------------------------------------------------
Leu CTT   1   1   1   1   1   1 | Pro CCT   0   0   0   0   0   0 | His CAT   0   0   0   0   0   0 | Arg CGT   0   0   0   0   0   0
    CTC   2   2   2   2   2   2 |     CCC   1   1   1   1   1   1 |     CAC   0   0   0   0   0   0 |     CGC   0   0   0   0   0   0
    CTA   0   0   0   0   0   0 |     CCA   0   0   0   0   0   0 | Gln CAA   0   0   0   1   0   1 |     CGA   0   0   0   0   0   0
    CTG   1   1   1   1   1   0 |     CCG   0   0   0   0   0   0 |     CAG   2   2   2   1   2   1 |     CGG   0   0   0   0   0   0
--------------------------------------------------------------------------------------------------------------------------------------
Ile ATT   0   0   0   0   0   0 | Thr ACT   0   0   0   0   0   0 | Asn AAT   0   0   0   0   0   0 | Ser AGT   0   0   0   0   1   0
    ATC   1   1   1   1   1   1 |     ACC   1   1   1   1   1   1 |     AAC   0   0   0   0   0   0 |     AGC   2   2   2   2   1   2
    ATA   0   0   0   0   0   0 |     ACA   0   0   0   0   0   0 | Lys AAA   0   1   0   0   0   0 | Arg AGA   0   0   0   0   0   0
Met ATG   1   1   1   1   1   1 |     ACG   0   0   0   0   0   0 |     AAG   2   1   2   2   2   2 |     AGG   0   0   0   0   0   0
--------------------------------------------------------------------------------------------------------------------------------------
Val GTT   0   0   0   0   0   0 | Ala GCT   0   0   0   0   0   0 | Asp GAT   2   2   2   2   2   2 | Gly GGT   0   0   0   0   0   0
    GTC   0   0   0   0   0   0 |     GCC   0   0   0   0   0   0 |     GAC   0   0   0   0   0   0 |     GGC   0   0   0   0   0   0
    GTA   0   0   0   0   0   0 |     GCA   1   1   1   1   1   1 | Glu GAA   0   1   1   1   1   1 |     GGA   0   0   0   0   0   0
    GTG   0   0   0   0   0   0 |     GCG   0   0   0   0   0   0 |     GAG   1   0   0   0   0   0 |     GGG   0   0   0   0   0   0
--------------------------------------------------------------------------------------------------------------------------------------

--------------------------------------------------------------------------------------------------------------------------------------
Phe TTT   0   0   0   0   0   0 | Ser TCT   0   0   0   0   0   0 | Tyr TAT   0   0   0   0   0   0 | Cys TGT   0   0   0   0   0   0
    TTC   3   2   2   2   2   2 |     TCC   0   0   0   0   0   0 |     TAC   3   3   3   3   3   3 |     TGC   1   1   1   1   1   1
Leu TTA   0   0   0   0   0   0 |     TCA   0   0   0   0   0   0 | *** TAA   0   0   0   0   0   0 | *** TGA   0   0   0   0   0   0
    TTG   1   1   1   1   1   1 |     TCG   0   0   0   0   0   0 |     TAG   0   0   0   0   0   0 | Trp TGG   0   0   0   0   0   0
--------------------------------------------------------------------------------------------------------------------------------------
Leu CTT   0   0   1   1   1   1 | Pro CCT   0   0   0   0   0   0 | His CAT   0   0   0   0   0   0 | Arg CGT   0   0   0   0   0   0
    CTC   1   2   2   2   2   2 |     CCC   1   1   1   1   1   1 |     CAC   0   0   0   0   0   0 |     CGC   0   0   0   0   0   0
    CTA   1   1   0   0   0   0 |     CCA   0   0   0   0   0   0 | Gln CAA   0   0   0   0   1   0 |     CGA   0   0   0   0   0   0
    CTG   1   1   1   1   1   1 |     CCG   0   0   0   0   0   0 |     CAG   2   2   2   2   1   2 |     CGG   0   0   0   0   0   0
--------------------------------------------------------------------------------------------------------------------------------------
Ile ATT   0   0   0   0   0   0 | Thr ACT   0   0   0   0   0   0 | Asn AAT   0   0   0   0   0   0 | Ser AGT   0   0   0   0   0   0
    ATC   1   1   1   1   1   1 |     ACC   1   1   1   1   1   1 |     AAC   0   0   0   0   0   0 |     AGC   2   2   2   2   2   2
    ATA   0   0   0   0   0   0 |     ACA   0   0   0   0   0   0 | Lys AAA   0   0   0   0   0   0 | Arg AGA   0   0   0   0   0   0
Met ATG   1   1   1   1   0   1 |     ACG   0   0   0   0   0   0 |     AAG   2   2   2   2   2   2 |     AGG   0   0   0   0   0   0
--------------------------------------------------------------------------------------------------------------------------------------
Val GTT   0   0   0   0   0   0 | Ala GCT   0   0   0   0   0   0 | Asp GAT   2   2   2   2   2   2 | Gly GGT   0   0   0   0   0   0
    GTC   0   0   0   0   0   0 |     GCC   0   0   0   0   0   0 |     GAC   0   0   0   0   0   0 |     GGC   0   0   0   0   0   0
    GTA   0   0   0   0   0   0 |     GCA   1   1   1   1   1   1 | Glu GAA   1   1   1   1   1   0 |     GGA   0   0   0   0   0   0
    GTG   0   0   0   0   1   0 |     GCG   0   0   0   0   0   0 |     GAG   0   0   0   0   0   1 |     GGG   0   0   0   0   0   0
--------------------------------------------------------------------------------------------------------------------------------------

--------------------------------------------------------------------------------------------------------------------------------------
Phe TTT   0   0   0   0   0   0 | Ser TCT   0   0   0   0   0   0 | Tyr TAT   0   0   0   0   0   0 | Cys TGT   0   0   0   0   0   0
    TTC   2   2   2   2   2   2 |     TCC   0   0   0   0   0   0 |     TAC   3   3   3   3   3   3 |     TGC   1   1   1   1   1   1
Leu TTA   0   0   0   0   0   0 |     TCA   0   0   0   0   0   0 | *** TAA   0   0   0   0   0   0 | *** TGA   0   0   0   0   0   0
    TTG   2   1   1   1   1   1 |     TCG   0   0   0   0   0   0 |     TAG   0   0   0   0   0   0 | Trp TGG   0   0   0   0   0   0
--------------------------------------------------------------------------------------------------------------------------------------
Leu CTT   1   1   1   1   1   1 | Pro CCT   0   0   0   0   0   0 | His CAT   0   0   0   0   0   0 | Arg CGT   0   0   0   0   0   0
    CTC   2   2   2   2   2   2 |     CCC   1   1   1   1   1   1 |     CAC   0   0   0   0   0   0 |     CGC   0   0   0   0   0   0
    CTA   0   0   0   0   0   0 |     CCA   0   0   0   0   0   0 | Gln CAA   0   0   0   1   0   0 |     CGA   0   0   0   0   0   0
    CTG   1   1   1   1   1   1 |     CCG   0   0   0   0   0   0 |     CAG   2   2   2   1   2   2 |     CGG   0   0   0   0   0   0
--------------------------------------------------------------------------------------------------------------------------------------
Ile ATT   0   0   0   0   0   0 | Thr ACT   0   0   0   0   0   0 | Asn AAT   0   0   0   0   0   0 | Ser AGT   0   0   0   0   0   0
    ATC   0   1   1   1   1   1 |     ACC   1   1   1   1   1   1 |     AAC   0   0   0   0   0   0 |     AGC   2   2   2   2   2   2
    ATA   0   0   0   0   0   0 |     ACA   0   0   0   0   0   0 | Lys AAA   0   0   0   0   0   0 | Arg AGA   0   0   0   0   0   0
Met ATG   0   1   1   1   1   1 |     ACG   0   0   0   0   0   0 |     AAG   2   2   2   2   2   2 |     AGG   0   0   0   0   0   0
--------------------------------------------------------------------------------------------------------------------------------------
Val GTT   0   0   0   0   0   0 | Ala GCT   0   0   0   0   0   0 | Asp GAT   2   2   2   2   2   2 | Gly GGT   0   0   0   0   0   0
    GTC   1   0   0   0   0   0 |     GCC   0   0   0   0   0   0 |     GAC   0   0   0   0   0   0 |     GGC   0   0   0   0   0   0
    GTA   0   0   0   0   0   0 |     GCA   1   1   1   1   1   1 | Glu GAA   1   1   0   1   1   1 |     GGA   0   0   0   0   0   0
    GTG   0   0   0   0   0   0 |     GCG   0   0   0   0   0   0 |     GAG   0   0   1   0   0   0 |     GGG   0   0   0   0   0   0
--------------------------------------------------------------------------------------------------------------------------------------

--------------------------------------------------------------------------------------------------------------------------------------
Phe TTT   0   0   0   0   0   0 | Ser TCT   0   0   0   0   0   0 | Tyr TAT   0   0   0   0   0   0 | Cys TGT   0   0   0   0   0   0
    TTC   2   2   2   2   2   2 |     TCC   0   0   0   0   0   0 |     TAC   3   3   3   3   3   3 |     TGC   1   1   1   1   1   1
Leu TTA   0   0   0   0   1   0 |     TCA   0   0   0   0   0   0 | *** TAA   0   0   0   0   0   0 | *** TGA   0   0   0   0   0   0
    TTG   1   1   1   1   0   1 |     TCG   0   0   0   0   0   0 |     TAG   0   0   0   0   0   0 | Trp TGG   0   0   0   0   0   0
--------------------------------------------------------------------------------------------------------------------------------------
Leu CTT   1   1   1   1   0   1 | Pro CCT   0   0   0   0   0   0 | His CAT   0   0   0   0   0   0 | Arg CGT   0   0   0   0   0   0
    CTC   2   2   2   2   2   2 |     CCC   1   1   1   1   1   1 |     CAC   0   0   0   0   0   0 |     CGC   0   0   0   0   0   0
    CTA   0   0   0   0   1   0 |     CCA   0   0   0   0   0   0 | Gln CAA   1   0   0   1   0   0 |     CGA   0   0   0   0   0   0
    CTG   1   1   1   1   1   1 |     CCG   0   0   0   0   0   0 |     CAG   1   2   2   1   2   2 |     CGG   0   0   0   0   0   0
--------------------------------------------------------------------------------------------------------------------------------------
Ile ATT   0   0   0   0   0   0 | Thr ACT   0   0   0   0   1   0 | Asn AAT   0   0   0   0   0   0 | Ser AGT   0   0   0   0   0   0
    ATC   1   1   1   1   1   1 |     ACC   1   1   1   1   0   1 |     AAC   0   0   0   0   0   0 |     AGC   2   2   2   2   2   2
    ATA   0   0   0   0   0   0 |     ACA   0   0   0   0   0   0 | Lys AAA   0   0   0   0   0   0 | Arg AGA   0   0   0   0   0   0
Met ATG   1   1   1   1   1   1 |     ACG   0   0   0   0   0   0 |     AAG   2   2   2   2   2   2 |     AGG   0   0   0   0   0   0
--------------------------------------------------------------------------------------------------------------------------------------
Val GTT   0   0   0   0   0   0 | Ala GCT   0   0   0   0   0   0 | Asp GAT   2   2   2   2   2   2 | Gly GGT   0   0   0   0   0   0
    GTC   0   0   0   0   0   0 |     GCC   0   0   0   0   0   0 |     GAC   0   0   0   0   0   0 |     GGC   0   0   0   0   0   0
    GTA   0   0   0   0   0   0 |     GCA   1   1   1   1   1   1 | Glu GAA   1   1   1   1   1   1 |     GGA   0   0   0   0   0   0
    GTG   0   0   0   0   0   0 |     GCG   0   0   0   0   0   0 |     GAG   0   0   0   0   0   0 |     GGG   0   0   0   0   0   0
--------------------------------------------------------------------------------------------------------------------------------------

--------------------------------------------------------------------------------------------------------------------------------------
Phe TTT   0   0   0   0   0   0 | Ser TCT   0   0   0   0   0   0 | Tyr TAT   0   0   0   0   0   0 | Cys TGT   0   0   0   0   0   0
    TTC   2   2   2   3   2   2 |     TCC   0   0   0   0   0   0 |     TAC   3   3   3   3   3   3 |     TGC   1   1   1   1   1   1
Leu TTA   0   0   0   0   0   0 |     TCA   0   0   0   0   0   0 | *** TAA   0   0   0   0   0   0 | *** TGA   0   0   0   0   0   0
    TTG   1   1   1   1   1   2 |     TCG   0   0   0   0   0   0 |     TAG   0   0   0   0   0   0 | Trp TGG   0   0   0   0   0   0
--------------------------------------------------------------------------------------------------------------------------------------
Leu CTT   1   1   1   1   1   1 | Pro CCT   0   0   0   0   0   0 | His CAT   0   0   0   0   0   0 | Arg CGT   0   0   0   0   0   0
    CTC   2   2   2   1   1   2 |     CCC   1   1   1   1   1   1 |     CAC   0   0   0   0   0   0 |     CGC   0   0   0   0   0   0
    CTA   0   0   0   0   0   0 |     CCA   0   0   0   0   0   0 | Gln CAA   0   0   0   0   0   0 |     CGA   0   0   0   0   0   0
    CTG   1   1   1   1   2   1 |     CCG   0   0   0   0   0   0 |     CAG   2   2   2   2   2   2 |     CGG   0   0   0   0   0   0
--------------------------------------------------------------------------------------------------------------------------------------
Ile ATT   0   0   0   0   0   0 | Thr ACT   0   0   0   0   0   0 | Asn AAT   0   0   0   0   0   0 | Ser AGT   0   0   0   0   0   0
    ATC   1   1   1   1   1   1 |     ACC   1   1   1   1   1   1 |     AAC   0   0   0   0   0   0 |     AGC   2   2   2   2   2   2
    ATA   0   0   0   0   0   0 |     ACA   0   0   0   0   0   0 | Lys AAA   0   0   0   0   0   0 | Arg AGA   0   0   0   0   0   0
Met ATG   1   1   1   1   1   0 |     ACG   0   0   0   0   0   0 |     AAG   2   2   2   2   2   2 |     AGG   0   0   0   0   0   0
--------------------------------------------------------------------------------------------------------------------------------------
Val GTT   0   0   0   0   0   0 | Ala GCT   0   0   0   0   0   0 | Asp GAT   2   2   2   2   2   2 | Gly GGT   0   0   0   0   0   0
    GTC   0   0   0   0   0   0 |     GCC   0   0   0   0   0   0 |     GAC   0   0   0   0   0   0 |     GGC   0   0   0   0   0   0
    GTA   0   0   0   0   0   0 |     GCA   1   1   1   1   1   1 | Glu GAA   1   1   0   1   1   1 |     GGA   0   0   0   0   0   0
    GTG   0   0   0   0   0   0 |     GCG   0   0   0   0   0   0 |     GAG   0   0   1   0   0   0 |     GGG   0   0   0   0   0   0
--------------------------------------------------------------------------------------------------------------------------------------

--------------------------------------------------------------------------------------------------------------------------------------
Phe TTT   0   0   0   1   0   0 | Ser TCT   0   0   0   0   0   0 | Tyr TAT   0   0   0   0   0   0 | Cys TGT   0   0   0   0   0   0
    TTC   2   2   2   1   2   2 |     TCC   0   0   0   0   0   0 |     TAC   3   3   3   3   3   3 |     TGC   1   1   1   1   1   1
Leu TTA   0   0   0   0   0   0 |     TCA   0   0   0   0   0   0 | *** TAA   0   0   0   0   0   0 | *** TGA   0   0   0   0   0   0
    TTG   2   1   1   1   1   1 |     TCG   0   0   0   0   0   0 |     TAG   0   0   0   0   0   0 | Trp TGG   0   0   0   0   0   0
--------------------------------------------------------------------------------------------------------------------------------------
Leu CTT   1   1   1   1   1   1 | Pro CCT   0   0   0   0   0   0 | His CAT   0   0   0   0   0   0 | Arg CGT   0   0   0   0   0   0
    CTC   2   2   2   2   2   2 |     CCC   1   1   1   1   1   1 |     CAC   0   0   0   0   0   0 |     CGC   0   0   0   0   0   0
    CTA   0   0   0   0   0   0 |     CCA   0   0   0   0   0   0 | Gln CAA   0   1   0   0   0   2 |     CGA   0   0   0   0   0   0
    CTG   1   1   1   1   1   1 |     CCG   0   0   0   0   0   0 |     CAG   2   1   2   2   2   0 |     CGG   0   0   0   0   0   0
--------------------------------------------------------------------------------------------------------------------------------------
Ile ATT   0   0   0   0   0   0 | Thr ACT   0   0   0   0   0   0 | Asn AAT   0   0   0   0   0   0 | Ser AGT   0   0   0   0   0   0
    ATC   0   1   1   1   1   1 |     ACC   1   1   1   1   1   1 |     AAC   0   0   0   0   0   0 |     AGC   2   2   2   2   2   2
    ATA   0   0   0   0   0   1 |     ACA   0   0   0   0   0   0 | Lys AAA   0   0   0   0   0   0 | Arg AGA   0   0   0   0   0   0
Met ATG   0   1   1   1   1   0 |     ACG   0   0   0   0   0   0 |     AAG   2   2   2   2   2   2 |     AGG   0   0   0   0   0   0
--------------------------------------------------------------------------------------------------------------------------------------
Val GTT   0   0   0   0   0   0 | Ala GCT   0   0   0   0   0   0 | Asp GAT   2   2   2   2   2   2 | Gly GGT   0   0   0   0   0   0
    GTC   1   0   0   0   0   0 |     GCC   0   0   0   0   0   0 |     GAC   0   0   0   0   0   0 |     GGC   0   0   0   0   0   0
    GTA   0   0   0   0   0   0 |     GCA   1   1   1   1   1   1 | Glu GAA   1   1   1   1   1   1 |     GGA   0   0   0   0   0   0
    GTG   0   0   0   0   0   0 |     GCG   0   0   0   0   0   0 |     GAG   0   0   0   0   0   0 |     GGG   0   0   0   0   0   0
--------------------------------------------------------------------------------------------------------------------------------------

--------------------------------------------------------------------------------------------------------------------------------------
Phe TTT   0   0   0   0   0   0 | Ser TCT   0   0   0   0   0   0 | Tyr TAT   0   0   0   0   0   0 | Cys TGT   0   1   0   0   0   0
    TTC   2   2   2   2   2   2 |     TCC   0   0   0   0   0   0 |     TAC   3   3   3   3   3   3 |     TGC   1   0   1   1   1   1
Leu TTA   0   0   0   0   0   0 |     TCA   0   0   0   0   0   0 | *** TAA   0   0   0   0   0   0 | *** TGA   0   0   0   0   0   0
    TTG   1   1   1   2   1   1 |     TCG   0   0   0   0   0   0 |     TAG   0   0   0   0   0   0 | Trp TGG   0   0   0   0   0   0
--------------------------------------------------------------------------------------------------------------------------------------
Leu CTT   1   1   1   1   1   1 | Pro CCT   0   0   0   0   0   0 | His CAT   0   0   0   0   0   0 | Arg CGT   0   0   0   0   0   0
    CTC   2   2   2   2   2   2 |     CCC   1   1   1   1   1   1 |     CAC   0   0   0   0   0   0 |     CGC   0   0   0   0   0   0
    CTA   0   0   0   0   0   0 |     CCA   0   0   0   0   0   0 | Gln CAA   1   0   1   0   0   0 |     CGA   0   0   0   0   0   0
    CTG   1   1   1   0   1   1 |     CCG   0   0   0   0   0   0 |     CAG   1   2   1   2   2   2 |     CGG   0   0   0   0   0   0
--------------------------------------------------------------------------------------------------------------------------------------
Ile ATT   0   0   0   0   0   0 | Thr ACT   0   0   0   0   0   0 | Asn AAT   0   0   0   0   0   0 | Ser AGT   0   1   0   0   0   0
    ATC   1   1   1   1   1   1 |     ACC   1   1   1   1   1   1 |     AAC   0   0   0   0   0   0 |     AGC   2   1   2   2   2   2
    ATA   0   0   0   0   0   0 |     ACA   0   0   0   0   0   0 | Lys AAA   0   0   0   0   0   0 | Arg AGA   0   0   0   0   0   0
Met ATG   1   1   1   1   1   1 |     ACG   0   0   0   0   0   0 |     AAG   2   2   2   2   2   2 |     AGG   0   0   0   0   0   0
--------------------------------------------------------------------------------------------------------------------------------------
Val GTT   0   0   0   0   0   0 | Ala GCT   0   0   0   0   0   0 | Asp GAT   2   2   2   2   2   2 | Gly GGT   0   0   0   0   0   0
    GTC   0   0   0   0   0   0 |     GCC   0   0   0   0   0   0 |     GAC   0   0   0   0   0   0 |     GGC   0   0   0   0   0   0
    GTA   0   0   0   0   0   0 |     GCA   1   1   1   1   1   1 | Glu GAA   1   1   1   1   1   1 |     GGA   0   0   0   0   0   0
    GTG   0   0   0   0   0   0 |     GCG   0   0   0   0   0   0 |     GAG   0   0   0   0   0   0 |     GGG   0   0   0   0   0   0
--------------------------------------------------------------------------------------------------------------------------------------

Codon position x base (3x4) table for each sequence.

#1: Argali         
position  1:    T:0.28000    C:0.28000    A:0.28000    G:0.16000
position  2:    T:0.36000    C:0.12000    A:0.40000    G:0.12000
position  3:    T:0.12000    C:0.52000    A:0.04000    G:0.32000
Average         T:0.25333    C:0.30667    A:0.24000    G:0.20000

#2: LesserMouseDeer
position  1:    T:0.24000    C:0.32000    A:0.24000    G:0.20000
position  2:    T:0.36000    C:0.12000    A:0.40000    G:0.12000
position  3:    T:0.12000    C:0.52000    A:0.08000    G:0.28000
Average         T:0.24000    C:0.32000    A:0.24000    G:0.20000

#3: LesserKudu     
position  1:    T:0.28000    C:0.28000    A:0.28000    G:0.16000
position  2:    T:0.36000    C:0.12000    A:0.40000    G:0.12000
position  3:    T:0.12000    C:0.52000    A:0.08000    G:0.28000
Average         T:0.25333    C:0.30667    A:0.25333    G:0.18667

#4: ForestMuskDeer2
position  1:    T:0.32000    C:0.24000    A:0.28000    G:0.16000
position  2:    T:0.36000    C:0.12000    A:0.40000    G:0.12000
position  3:    T:0.12000    C:0.52000    A:0.08000    G:0.28000
Average         T:0.26667    C:0.29333    A:0.25333    G:0.18667

#5: Camel          
position  1:    T:0.24000    C:0.32000    A:0.28000    G:0.16000
position  2:    T:0.36000    C:0.12000    A:0.40000    G:0.12000
position  3:    T:0.08000    C:0.56000    A:0.08000    G:0.28000
Average         T:0.22667    C:0.33333    A:0.25333    G:0.18667

#6: KillerWhale    
position  1:    T:0.28000    C:0.28000    A:0.28000    G:0.16000
position  2:    T:0.36000    C:0.08000    A:0.40000    G:0.16000
position  3:    T:0.12000    C:0.52000    A:0.08000    G:0.28000
Average         T:0.25333    C:0.29333    A:0.25333    G:0.20000

#7: DefassaWaterbuck
position  1:    T:0.36000    C:0.20000    A:0.28000    G:0.16000
position  2:    T:0.36000    C:0.12000    A:0.40000    G:0.12000
position  3:    T:0.12000    C:0.52000    A:0.08000    G:0.28000
Average         T:0.28000    C:0.28000    A:0.25333    G:0.18667

#8: Sheep          
position  1:    T:0.28000    C:0.28000    A:0.28000    G:0.16000
position  2:    T:0.36000    C:0.12000    A:0.40000    G:0.12000
position  3:    T:0.12000    C:0.52000    A:0.04000    G:0.32000
Average         T:0.25333    C:0.30667    A:0.24000    G:0.20000

#9: MaxwellsDuiker 
position  1:    T:0.28000    C:0.28000    A:0.28000    G:0.16000
position  2:    T:0.36000    C:0.12000    A:0.40000    G:0.12000
position  3:    T:0.12000    C:0.52000    A:0.12000    G:0.24000
Average         T:0.25333    C:0.30667    A:0.26667    G:0.17333

#10: GazellaPrzewalskyi
position  1:    T:0.28000    C:0.28000    A:0.28000    G:0.16000
position  2:    T:0.36000    C:0.12000    A:0.40000    G:0.12000
position  3:    T:0.12000    C:0.52000    A:0.12000    G:0.24000
Average         T:0.25333    C:0.30667    A:0.26667    G:0.17333

#11: MountainNyala  
position  1:    T:0.28000    C:0.28000    A:0.28000    G:0.16000
position  2:    T:0.36000    C:0.12000    A:0.40000    G:0.12000
position  3:    T:0.12000    C:0.52000    A:0.08000    G:0.28000
Average         T:0.25333    C:0.30667    A:0.25333    G:0.18667

#12: MuntiacusMuntjak
position  1:    T:0.28000    C:0.28000    A:0.28000    G:0.16000
position  2:    T:0.36000    C:0.12000    A:0.40000    G:0.12000
position  3:    T:0.12000    C:0.52000    A:0.08000    G:0.28000
Average         T:0.25333    C:0.30667    A:0.25333    G:0.18667

#13: goat           
position  1:    T:0.28000    C:0.28000    A:0.28000    G:0.16000
position  2:    T:0.36000    C:0.12000    A:0.40000    G:0.12000
position  3:    T:0.12000    C:0.52000    A:0.04000    G:0.32000
Average         T:0.25333    C:0.30667    A:0.24000    G:0.20000

#14: AfricanBuffalo 
position  1:    T:0.28000    C:0.28000    A:0.28000    G:0.16000
position  2:    T:0.36000    C:0.12000    A:0.40000    G:0.12000
position  3:    T:0.12000    C:0.52000    A:0.12000    G:0.24000
Average         T:0.25333    C:0.30667    A:0.26667    G:0.17333

#15: Topi           
position  1:    T:0.28000    C:0.28000    A:0.28000    G:0.16000
position  2:    T:0.36000    C:0.12000    A:0.40000    G:0.12000
position  3:    T:0.12000    C:0.52000    A:0.08000    G:0.28000
Average         T:0.25333    C:0.30667    A:0.25333    G:0.18667

#16: CommonDuiker   
position  1:    T:0.28000    C:0.28000    A:0.28000    G:0.16000
position  2:    T:0.36000    C:0.12000    A:0.40000    G:0.12000
position  3:    T:0.12000    C:0.52000    A:0.12000    G:0.24000
Average         T:0.25333    C:0.30667    A:0.26667    G:0.17333

#17: Suni           
position  1:    T:0.28000    C:0.28000    A:0.28000    G:0.16000
position  2:    T:0.36000    C:0.12000    A:0.40000    G:0.12000
position  3:    T:0.16000    C:0.48000    A:0.08000    G:0.28000
Average         T:0.26667    C:0.29333    A:0.25333    G:0.18667

#18: Springbuck     
position  1:    T:0.32000    C:0.24000    A:0.28000    G:0.16000
position  2:    T:0.36000    C:0.12000    A:0.40000    G:0.12000
position  3:    T:0.12000    C:0.52000    A:0.12000    G:0.24000
Average         T:0.26667    C:0.29333    A:0.26667    G:0.17333

#19: Okapi          
position  1:    T:0.32000    C:0.24000    A:0.28000    G:0.16000
position  2:    T:0.36000    C:0.12000    A:0.40000    G:0.12000
position  3:    T:0.08000    C:0.52000    A:0.12000    G:0.28000
Average         T:0.25333    C:0.29333    A:0.26667    G:0.18667

#20: Giraffe        
position  1:    T:0.28000    C:0.28000    A:0.28000    G:0.16000
position  2:    T:0.36000    C:0.12000    A:0.40000    G:0.12000
position  3:    T:0.08000    C:0.52000    A:0.12000    G:0.28000
Average         T:0.24000    C:0.30667    A:0.26667    G:0.18667

#21: TibetanAntelope
position  1:    T:0.28000    C:0.28000    A:0.28000    G:0.16000
position  2:    T:0.36000    C:0.12000    A:0.40000    G:0.12000
position  3:    T:0.12000    C:0.52000    A:0.08000    G:0.28000
Average         T:0.25333    C:0.30667    A:0.25333    G:0.18667

#22: Sitatunga      
position  1:    T:0.28000    C:0.28000    A:0.28000    G:0.16000
position  2:    T:0.36000    C:0.12000    A:0.40000    G:0.12000
position  3:    T:0.12000    C:0.52000    A:0.08000    G:0.28000
Average         T:0.25333    C:0.30667    A:0.25333    G:0.18667

#23: Oribi          
position  1:    T:0.28000    C:0.28000    A:0.24000    G:0.20000
position  2:    T:0.36000    C:0.12000    A:0.40000    G:0.12000
position  3:    T:0.12000    C:0.52000    A:0.12000    G:0.24000
Average         T:0.25333    C:0.30667    A:0.25333    G:0.18667

#24: BarbarySheep   
position  1:    T:0.28000    C:0.28000    A:0.28000    G:0.16000
position  2:    T:0.36000    C:0.12000    A:0.40000    G:0.12000
position  3:    T:0.12000    C:0.52000    A:0.04000    G:0.32000
Average         T:0.25333    C:0.30667    A:0.24000    G:0.20000

#25: Daviddeer      
position  1:    T:0.32000    C:0.28000    A:0.20000    G:0.20000
position  2:    T:0.36000    C:0.12000    A:0.40000    G:0.12000
position  3:    T:0.12000    C:0.52000    A:0.08000    G:0.28000
Average         T:0.26667    C:0.30667    A:0.22667    G:0.20000

#26: Reindeer       
position  1:    T:0.28000    C:0.28000    A:0.28000    G:0.16000
position  2:    T:0.36000    C:0.12000    A:0.40000    G:0.12000
position  3:    T:0.12000    C:0.52000    A:0.08000    G:0.28000
Average         T:0.25333    C:0.30667    A:0.25333    G:0.18667

#27: Ibex           
position  1:    T:0.28000    C:0.28000    A:0.28000    G:0.16000
position  2:    T:0.36000    C:0.12000    A:0.40000    G:0.12000
position  3:    T:0.12000    C:0.52000    A:0.04000    G:0.32000
Average         T:0.25333    C:0.30667    A:0.24000    G:0.20000

#28: GyrantGazelle  
position  1:    T:0.28000    C:0.28000    A:0.28000    G:0.16000
position  2:    T:0.36000    C:0.12000    A:0.40000    G:0.12000
position  3:    T:0.12000    C:0.52000    A:0.12000    G:0.24000
Average         T:0.25333    C:0.30667    A:0.26667    G:0.17333

#29: Hartebeest     
position  1:    T:0.28000    C:0.28000    A:0.28000    G:0.16000
position  2:    T:0.36000    C:0.12000    A:0.40000    G:0.12000
position  3:    T:0.12000    C:0.52000    A:0.08000    G:0.28000
Average         T:0.25333    C:0.30667    A:0.25333    G:0.18667

#30: Bongo          
position  1:    T:0.28000    C:0.28000    A:0.28000    G:0.16000
position  2:    T:0.36000    C:0.12000    A:0.40000    G:0.12000
position  3:    T:0.12000    C:0.52000    A:0.08000    G:0.28000
Average         T:0.25333    C:0.30667    A:0.25333    G:0.18667

#31: Gerenuk        
position  1:    T:0.28000    C:0.28000    A:0.28000    G:0.16000
position  2:    T:0.36000    C:0.12000    A:0.40000    G:0.12000
position  3:    T:0.12000    C:0.52000    A:0.12000    G:0.24000
Average         T:0.25333    C:0.30667    A:0.26667    G:0.17333

#32: CommonEland    
position  1:    T:0.28000    C:0.28000    A:0.28000    G:0.16000
position  2:    T:0.36000    C:0.12000    A:0.40000    G:0.12000
position  3:    T:0.12000    C:0.52000    A:0.08000    G:0.28000
Average         T:0.25333    C:0.30667    A:0.25333    G:0.18667

#33: MuntiacusReevesi
position  1:    T:0.28000    C:0.28000    A:0.28000    G:0.16000
position  2:    T:0.36000    C:0.12000    A:0.40000    G:0.12000
position  3:    T:0.12000    C:0.52000    A:0.08000    G:0.28000
Average         T:0.25333    C:0.30667    A:0.25333    G:0.18667

#34: HarveysDuiker  
position  1:    T:0.28000    C:0.28000    A:0.28000    G:0.16000
position  2:    T:0.36000    C:0.12000    A:0.40000    G:0.12000
position  3:    T:0.12000    C:0.52000    A:0.12000    G:0.24000
Average         T:0.25333    C:0.30667    A:0.26667    G:0.17333

#35: Pronghorn      
position  1:    T:0.28000    C:0.28000    A:0.28000    G:0.16000
position  2:    T:0.36000    C:0.12000    A:0.40000    G:0.12000
position  3:    T:0.12000    C:0.48000    A:0.16000    G:0.24000
Average         T:0.25333    C:0.29333    A:0.28000    G:0.17333

#36: BlueWildebeest 
position  1:    T:0.28000    C:0.28000    A:0.28000    G:0.16000
position  2:    T:0.36000    C:0.12000    A:0.40000    G:0.12000
position  3:    T:0.12000    C:0.52000    A:0.08000    G:0.28000
Average         T:0.25333    C:0.30667    A:0.25333    G:0.18667

#37: Gemsbok        
position  1:    T:0.28000    C:0.28000    A:0.28000    G:0.16000
position  2:    T:0.36000    C:0.12000    A:0.40000    G:0.12000
position  3:    T:0.12000    C:0.52000    A:0.08000    G:0.28000
Average         T:0.25333    C:0.30667    A:0.25333    G:0.18667

#38: Yak            
position  1:    T:0.28000    C:0.28000    A:0.28000    G:0.16000
position  2:    T:0.36000    C:0.12000    A:0.40000    G:0.12000
position  3:    T:0.12000    C:0.52000    A:0.08000    G:0.28000
Average         T:0.25333    C:0.30667    A:0.25333    G:0.18667

#39: BlueSheep      
position  1:    T:0.28000    C:0.28000    A:0.28000    G:0.16000
position  2:    T:0.36000    C:0.12000    A:0.40000    G:0.12000
position  3:    T:0.12000    C:0.52000    A:0.04000    G:0.32000
Average         T:0.25333    C:0.30667    A:0.24000    G:0.20000

#40: BohorReedbuck  
position  1:    T:0.32000    C:0.24000    A:0.28000    G:0.16000
position  2:    T:0.36000    C:0.12000    A:0.40000    G:0.12000
position  3:    T:0.12000    C:0.52000    A:0.08000    G:0.28000
Average         T:0.26667    C:0.29333    A:0.25333    G:0.18667

#41: KirksDik       
position  1:    T:0.28000    C:0.28000    A:0.28000    G:0.16000
position  2:    T:0.36000    C:0.12000    A:0.40000    G:0.12000
position  3:    T:0.12000    C:0.48000    A:0.08000    G:0.32000
Average         T:0.25333    C:0.29333    A:0.25333    G:0.20000

#42: RoeDeer        
position  1:    T:0.32000    C:0.28000    A:0.24000    G:0.16000
position  2:    T:0.36000    C:0.12000    A:0.40000    G:0.12000
position  3:    T:0.12000    C:0.52000    A:0.08000    G:0.28000
Average         T:0.26667    C:0.30667    A:0.24000    G:0.18667

#43: WhiteLippedDeer
position  1:    T:0.32000    C:0.28000    A:0.20000    G:0.20000
position  2:    T:0.36000    C:0.12000    A:0.40000    G:0.12000
position  3:    T:0.12000    C:0.52000    A:0.08000    G:0.28000
Average         T:0.26667    C:0.30667    A:0.22667    G:0.20000

#44: ThomsonGazelle 
position  1:    T:0.28000    C:0.28000    A:0.28000    G:0.16000
position  2:    T:0.36000    C:0.12000    A:0.40000    G:0.12000
position  3:    T:0.12000    C:0.52000    A:0.12000    G:0.24000
Average         T:0.25333    C:0.30667    A:0.26667    G:0.17333

#45: MuntiacusCrinifrons
position  1:    T:0.28000    C:0.28000    A:0.28000    G:0.16000
position  2:    T:0.36000    C:0.12000    A:0.40000    G:0.12000
position  3:    T:0.12000    C:0.52000    A:0.08000    G:0.28000
Average         T:0.25333    C:0.30667    A:0.25333    G:0.18667

#46: WhiteTailedDeer
position  1:    T:0.28000    C:0.28000    A:0.28000    G:0.16000
position  2:    T:0.36000    C:0.12000    A:0.40000    G:0.12000
position  3:    T:0.16000    C:0.48000    A:0.08000    G:0.28000
Average         T:0.26667    C:0.29333    A:0.25333    G:0.18667

#47: Cattle         
position  1:    T:0.28000    C:0.28000    A:0.28000    G:0.16000
position  2:    T:0.36000    C:0.12000    A:0.40000    G:0.12000
position  3:    T:0.12000    C:0.52000    A:0.08000    G:0.28000
Average         T:0.25333    C:0.30667    A:0.25333    G:0.18667

#48: RoyalAntelope  
position  1:    T:0.28000    C:0.28000    A:0.28000    G:0.16000
position  2:    T:0.36000    C:0.12000    A:0.40000    G:0.12000
position  3:    T:0.12000    C:0.52000    A:0.20000    G:0.16000
Average         T:0.25333    C:0.30667    A:0.29333    G:0.14667

#49: Steenbok       
position  1:    T:0.28000    C:0.28000    A:0.28000    G:0.16000
position  2:    T:0.36000    C:0.12000    A:0.40000    G:0.12000
position  3:    T:0.12000    C:0.52000    A:0.12000    G:0.24000
Average         T:0.25333    C:0.30667    A:0.26667    G:0.17333

#50: Impala         
position  1:    T:0.28000    C:0.28000    A:0.28000    G:0.16000
position  2:    T:0.36000    C:0.12000    A:0.40000    G:0.12000
position  3:    T:0.20000    C:0.44000    A:0.08000    G:0.28000
Average         T:0.28000    C:0.28000    A:0.25333    G:0.18667

#51: Klipspringer   
position  1:    T:0.28000    C:0.28000    A:0.28000    G:0.16000
position  2:    T:0.36000    C:0.12000    A:0.40000    G:0.12000
