CODONML (in paml version 4.10.7, June 2023)  /home/rachel/ruminants_paml/6406-phy-tree/ENSBTAT00000007619.fasta.phy
Model: free dN/dS Ratios for branches,  kappa = 2.000 fixed

Codon frequency model: F3x4
ns =  54  ls =  12

Codon usage in sequences
--------------------------------------------------------------------------------------------------------------------------------------
Phe TTT   0   0   0   0   0   0 | Ser TCT   0   0   0   0   0   0 | Tyr TAT   0   0   0   0   0   0 | Cys TGT   1   1   1   1   1   1
    TTC   0   0   0   0   0   0 |     TCC   0   0   0   0   0   0 |     TAC   0   0   0   0   0   0 |     TGC   1   1   1   1   1   1
Leu TTA   0   0   0   0   0   0 |     TCA   0   0   0   0   0   0 | *** TAA   0   0   0   0   0   0 | *** TGA   0   0   0   0   0   0
    TTG   0   0   0   0   0   0 |     TCG   0   0   0   0   0   0 |     TAG   0   0   0   0   0   0 | Trp TGG   0   0   0   0   0   0
--------------------------------------------------------------------------------------------------------------------------------------
Leu CTT   0   0   0   0   0   0 | Pro CCT   0   0   1   1   1   1 | His CAT   0   0   0   0   0   0 | Arg CGT   0   0   0   0   0   0
    CTC   0   0   0   0   0   0 |     CCC   0   1   0   0   0   0 |     CAC   0   0   0   0   0   0 |     CGC   0   0   0   0   0   0
    CTA   0   0   0   0   0   0 |     CCA   0   0   0   0   0   0 | Gln CAA   0   0   0   0   0   0 |     CGA   0   0   0   0   0   0
    CTG   0   0   0   0   0   0 |     CCG   1   0   0   0   0   0 |     CAG   0   0   0   0   0   0 |     CGG   0   0   0   0   0   0
--------------------------------------------------------------------------------------------------------------------------------------
Ile ATT   0   0   0   0   0   0 | Thr ACT   2   2   2   2   2   2 | Asn AAT   0   0   0   0   0   0 | Ser AGT   0   0   0   0   0   0
    ATC   0   0   0   0   0   0 |     ACC   0   0   0   0   0   0 |     AAC   0   0   0   0   0   0 |     AGC   0   0   0   0   0   0
    ATA   0   0   0   0   0   0 |     ACA   0   0   0   0   0   0 | Lys AAA   1   1   1   1   1   1 | Arg AGA   0   0   0   0   0   0
Met ATG   1   0   1   0   1   1 |     ACG   0   0   0   0   0   0 |     AAG   2   2   2   2   2   2 |     AGG   0   0   0   0   0   0
--------------------------------------------------------------------------------------------------------------------------------------
Val GTT   0   0   0   0   0   0 | Ala GCT   0   0   0   0   0   0 | Asp GAT   0   0   0   1   0   0 | Gly GGT   0   0   0   0   0   0
    GTC   0   0   0   0   0   0 |     GCC   0   0   0   0   0   0 |     GAC   1   0   1   0   0   0 |     GGC   0   0   0   0   0   0
    GTA   0   0   0   0   0   0 |     GCA   0   0   0   0   0   0 | Glu GAA   2   1   2   2   2   2 |     GGA   0   0   0   0   0   0
    GTG   0   1   0   1   0   0 |     GCG   0   0   0   0   0   0 |     GAG   0   2   0   0   1   1 |     GGG   0   0   0   0   0   0
--------------------------------------------------------------------------------------------------------------------------------------

--------------------------------------------------------------------------------------------------------------------------------------
Phe TTT   0   0   0   0   0   0 | Ser TCT   0   0   0   0   0   0 | Tyr TAT   0   0   0   0   0   0 | Cys TGT   1   1   1   1   1   1
    TTC   0   0   0   0   0   0 |     TCC   0   0   0   0   0   0 |     TAC   0   0   0   0   0   0 |     TGC   1   1   1   1   1   1
Leu TTA   0   0   0   0   0   0 |     TCA   0   0   0   0   0   0 | *** TAA   0   0   0   0   0   0 | *** TGA   0   0   0   0   0   0
    TTG   0   0   0   0   0   0 |     TCG   0   0   0   0   0   0 |     TAG   0   0   0   0   0   0 | Trp TGG   0   0   0   0   0   0
--------------------------------------------------------------------------------------------------------------------------------------
Leu CTT   0   0   0   0   0   0 | Pro CCT   1   0   1   1   1   1 | His CAT   0   0   0   0   0   0 | Arg CGT   0   0   0   0   0   0
    CTC   0   0   0   0   0   0 |     CCC   0   0   0   0   0   0 |     CAC   0   0   0   0   0   0 |     CGC   0   0   0   0   0   0
    CTA   0   0   0   0   0   0 |     CCA   0   0   0   0   0   0 | Gln CAA   0   0   0   0   0   0 |     CGA   0   0   0   0   0   0
    CTG   0   0   0   0   0   0 |     CCG   0   1   0   0   0   0 |     CAG   0   0   0   0   0   0 |     CGG   0   0   0   0   0   0
--------------------------------------------------------------------------------------------------------------------------------------
Ile ATT   0   0   0   0   0   0 | Thr ACT   2   2   2   2   2   1 | Asn AAT   0   0   0   0   0   0 | Ser AGT   0   0   0   0   0   0
    ATC   0   0   0   0   0   0 |     ACC   0   0   0   0   0   0 |     AAC   0   0   0   0   0   0 |     AGC   0   0   0   0   0   0
    ATA   0   0   0   0   0   0 |     ACA   0   0   0   0   0   0 | Lys AAA   1   1   1   1   1   1 | Arg AGA   0   0   0   0   0   0
Met ATG   1   1   0   1   1   1 |     ACG   0   0   0   0   0   0 |     AAG   2   2   2   2   2   2 |     AGG   0   0   0   0   0   0
--------------------------------------------------------------------------------------------------------------------------------------
Val GTT   0   0   0   0   0   0 | Ala GCT   0   0   0   0   0   1 | Asp GAT   0   0   0   0   0   0 | Gly GGT   0   0   0   0   0   0
    GTC   0   0   0   0   0   0 |     GCC   0   0   0   0   0   0 |     GAC   1   1   1   1   1   1 |     GGC   0   0   0   0   0   0
    GTA   0   0   0   0   0   0 |     GCA   0   0   0   0   0   0 | Glu GAA   2   2   1   1   2   2 |     GGA   0   0   0   0   0   0
    GTG   0   0   1   0   0   0 |     GCG   0   0   0   0   0   0 |     GAG   0   0   1   1   0   0 |     GGG   0   0   0   0   0   0
--------------------------------------------------------------------------------------------------------------------------------------

--------------------------------------------------------------------------------------------------------------------------------------
Phe TTT   0   0   0   0   0   0 | Ser TCT   0   0   0   0   0   0 | Tyr TAT   0   0   0   0   0   0 | Cys TGT   1   1   1   1   1   1
    TTC   0   0   0   0   0   0 |     TCC   0   0   0   0   0   0 |     TAC   0   0   0   0   0   0 |     TGC   1   1   1   1   1   1
Leu TTA   0   0   0   0   0   0 |     TCA   0   0   0   0   0   0 | *** TAA   0   0   0   0   0   0 | *** TGA   0   0   0   0   0   0
    TTG   0   0   0   0   0   0 |     TCG   0   0   0   0   0   0 |     TAG   0   0   0   0   0   0 | Trp TGG   0   0   0   0   0   0
--------------------------------------------------------------------------------------------------------------------------------------
Leu CTT   0   0   0   0   0   0 | Pro CCT   0   1   0   1   1   1 | His CAT   0   0   0   0   0   0 | Arg CGT   0   0   0   0   0   0
    CTC   0   0   0   0   0   0 |     CCC   0   0   0   0   0   0 |     CAC   0   0   0   0   0   0 |     CGC   0   0   0   0   0   0
    CTA   0   0   0   0   0   0 |     CCA   0   0   1   0   0   0 | Gln CAA   0   0   0   0   0   0 |     CGA   0   0   0   0   0   0
    CTG   0   0   0   0   0   0 |     CCG   1   0   0   0   0   0 |     CAG   0   0   0   0   0   0 |     CGG   0   0   0   0   0   0
--------------------------------------------------------------------------------------------------------------------------------------
Ile ATT   0   0   0   0   0   0 | Thr ACT   2   2   2   2   2   2 | Asn AAT   0   0   0   0   0   0 | Ser AGT   0   0   0   0   0   0
    ATC   0   0   0   0   0   0 |     ACC   0   0   0   0   0   0 |     AAC   0   0   0   0   0   0 |     AGC   0   0   0   0   0   0
    ATA   0   0   0   0   0   0 |     ACA   0   0   0   0   0   0 | Lys AAA   1   1   1   1   0   1 | Arg AGA   0   0   0   0   0   0
Met ATG   1   1   1   1   1   1 |     ACG   0   0   0   0   0   0 |     AAG   2   2   2   2   3   2 |     AGG   0   0   0   0   0   0
--------------------------------------------------------------------------------------------------------------------------------------
Val GTT   0   0   0   0   0   0 | Ala GCT   0   0   0   0   0   0 | Asp GAT   0   0   0   0   0   0 | Gly GGT   0   0   0   0   0   0
    GTC   0   0   0   0   0   0 |     GCC   0   0   0   0   0   0 |     GAC   1   1   1   1   1   1 |     GGC   0   0   0   0   0   0
    GTA   0   0   0   0   0   0 |     GCA   0   0   0   0   0   0 | Glu GAA   2   1   2   1   2   1 |     GGA   0   0   0   0   0   0
    GTG   0   0   0   0   0   0 |     GCG   0   0   0   0   0   0 |     GAG   0   1   0   1   0   1 |     GGG   0   0   0   0   0   0
--------------------------------------------------------------------------------------------------------------------------------------

--------------------------------------------------------------------------------------------------------------------------------------
Phe TTT   0   0   0   0   0   0 | Ser TCT   0   0   0   0   0   0 | Tyr TAT   0   0   0   0   0   0 | Cys TGT   1   1   1   1   1   1
    TTC   0   0   0   0   0   0 |     TCC   0   0   0   0   0   0 |     TAC   0   0   0   0   0   0 |     TGC   1   1   1   1   1   1
Leu TTA   0   0   0   0   0   0 |     TCA   0   0   0   0   0   0 | *** TAA   0   0   0   0   0   0 | *** TGA   0   0   0   0   0   0
    TTG   0   0   0   0   0   0 |     TCG   0   0   0   0   0   0 |     TAG   0   0   0   0   0   0 | Trp TGG   0   0   0   0   0   0
--------------------------------------------------------------------------------------------------------------------------------------
Leu CTT   0   0   0   0   0   0 | Pro CCT   1   1   0   1   0   0 | His CAT   0   0   0   0   0   0 | Arg CGT   0   0   0   0   0   0
    CTC   0   0   0   0   0   0 |     CCC   0   0   0   0   0   0 |     CAC   0   0   0   0   0   0 |     CGC   0   0   0   0   0   0
    CTA   0   0   0   0   0   0 |     CCA   0   0   0   0   0   0 | Gln CAA   0   0   0   0   0   0 |     CGA   0   0   0   0   0   0
    CTG   0   0   0   0   0   0 |     CCG   0   0   1   0   1   1 |     CAG   0   0   0   0   0   0 |     CGG   0   0   0   0   0   0
--------------------------------------------------------------------------------------------------------------------------------------
Ile ATT   0   0   0   0   0   0 | Thr ACT   2   2   2   2   2   2 | Asn AAT   0   0   0   0   0   0 | Ser AGT   0   0   0   0   0   0
    ATC   0   0   0   0   0   0 |     ACC   0   0   0   0   0   0 |     AAC   0   0   0   0   0   0 |     AGC   0   0   0   0   0   0
    ATA   0   0   0   0   0   0 |     ACA   0   0   0   0   0   0 | Lys AAA   1   1   1   2   1   1 | Arg AGA   0   0   0   0   0   0
Met ATG   1   1   1   1   1   1 |     ACG   0   0   0   0   0   0 |     AAG   2   2   2   1   2   2 |     AGG   0   0   0   0   0   0
--------------------------------------------------------------------------------------------------------------------------------------
Val GTT   0   0   0   0   0   0 | Ala GCT   0   0   0   0   0   0 | Asp GAT   0   0   0   0   0   0 | Gly GGT   0   0   0   0   0   0
    GTC   0   0   0   0   0   0 |     GCC   0   0   0   0   0   0 |     GAC   0   0   1   1   1   1 |     GGC   0   0   0   0   0   0
    GTA   0   0   0   0   0   0 |     GCA   0   0   0   0   0   0 | Glu GAA   3   2   2   2   1   2 |     GGA   0   0   0   0   0   0
    GTG   0   0   0   0   0   0 |     GCG   0   0   0   0   0   0 |     GAG   0   1   0   0   1   0 |     GGG   0   0   0   0   0   0
--------------------------------------------------------------------------------------------------------------------------------------

--------------------------------------------------------------------------------------------------------------------------------------
Phe TTT   0   0   0   0   0   0 | Ser TCT   0   0   0   0   0   0 | Tyr TAT   0   0   0   0   0   0 | Cys TGT   1   1   1   1   1   1
    TTC   0   0   0   0   0   0 |     TCC   0   0   0   0   0   0 |     TAC   0   0   0   0   0   0 |     TGC   1   1   1   1   1   1
Leu TTA   0   0   0   0   0   0 |     TCA   0   0   0   0   0   0 | *** TAA   0   0   0   0   0   0 | *** TGA   0   0   0   0   0   0
    TTG   0   0   0   0   0   0 |     TCG   0   0   0   0   0   0 |     TAG   0   0   0   0   0   0 | Trp TGG   0   0   0   0   0   0
--------------------------------------------------------------------------------------------------------------------------------------
Leu CTT   0   0   0   0   0   0 | Pro CCT   1   1   0   0   0   1 | His CAT   0   0   0   0   0   0 | Arg CGT   0   0   0   0   0   0
    CTC   0   0   0   0   0   0 |     CCC   0   0   0   0   0   0 |     CAC   0   0   0   0   0   0 |     CGC   0   0   0   0   0   0
    CTA   0   0   0   0   0   0 |     CCA   0   0   0   0   0   0 | Gln CAA   0   0   0   0   0   0 |     CGA   0   0   0   0   0   0
    CTG   0   0   0   0   0   0 |     CCG   0   0   1   1   1   0 |     CAG   0   0   0   0   0   0 |     CGG   0   0   0   0   0   0
--------------------------------------------------------------------------------------------------------------------------------------
Ile ATT   0   0   0   0   0   0 | Thr ACT   1   1   2   2   2   2 | Asn AAT   0   0   0   0   0   0 | Ser AGT   0   0   0   0   0   0
    ATC   0   0   0   0   0   0 |     ACC   0   0   0   0   0   0 |     AAC   0   0   0   0   0   0 |     AGC   0   0   0   0   0   0
    ATA   0   0   0   0   0   0 |     ACA   0   0   0   0   0   0 | Lys AAA   1   1   1   1   1   1 | Arg AGA   0   0   0   0   0   0
Met ATG   1   1   1   1   1   1 |     ACG   0   0   0   0   0   0 |     AAG   2   2   2   2   2   2 |     AGG   0   0   0   0   0   0
--------------------------------------------------------------------------------------------------------------------------------------
Val GTT   0   0   0   0   0   0 | Ala GCT   1   1   0   0   0   0 | Asp GAT   0   0   0   0   0   0 | Gly GGT   0   0   0   0   0   0
    GTC   0   0   0   0   0   0 |     GCC   0   0   0   0   0   0 |     GAC   1   1   1   1   1   1 |     GGC   0   0   0   0   0   0
    GTA   0   0   0   0   0   0 |     GCA   0   0   0   0   0   0 | Glu GAA   2   2   2   1   2   2 |     GGA   0   0   0   0   0   0
    GTG   0   0   0   0   0   0 |     GCG   0   0   0   0   0   0 |     GAG   0   0   0   1   0   0 |     GGG   0   0   0   0   0   0
--------------------------------------------------------------------------------------------------------------------------------------

--------------------------------------------------------------------------------------------------------------------------------------
Phe TTT   0   0   0   0   0   0 | Ser TCT   0   0   0   0   0   0 | Tyr TAT   0   0   0   0   0   0 | Cys TGT   1   1   1   1   1   1
    TTC   0   0   0   0   0   0 |     TCC   0   0   0   0   0   0 |     TAC   0   0   0   0   0   0 |     TGC   1   1   1   1   1   1
Leu TTA   0   0   0   0   0   0 |     TCA   0   0   0   0   0   0 | *** TAA   0   0   0   0   0   0 | *** TGA   0   0   0   0   0   0
    TTG   0   0   0   0   0   0 |     TCG   0   0   0   0   0   0 |     TAG   0   0   0   0   0   0 | Trp TGG   0   0   0   0   0   0
--------------------------------------------------------------------------------------------------------------------------------------
Leu CTT   0   0   0   0   0   0 | Pro CCT   1   1   1   1   1   0 | His CAT   0   0   0   0   0   0 | Arg CGT   0   0   0   0   0   0
    CTC   0   0   0   0   0   0 |     CCC   0   0   0   0   0   0 |     CAC   0   0   0   0   0   0 |     CGC   0   0   0   0   0   0
    CTA   0   0   0   0   0   0 |     CCA   0   0   0   0   0   0 | Gln CAA   0   0   0   0   0   0 |     CGA   0   0   0   0   0   0
    CTG   0   0   0   0   0   0 |     CCG   0   0   0   0   0   1 |     CAG   0   0   0   0   0   0 |     CGG   0   0   0   0   0   0
--------------------------------------------------------------------------------------------------------------------------------------
Ile ATT   0   0   0   0   0   0 | Thr ACT   2   2   1   2   2   2 | Asn AAT   1   0   0   0   0   0 | Ser AGT   0   0   0   0   0   0
    ATC   0   0   0   0   0   0 |     ACC   0   0   0   0   0   0 |     AAC   0   0   0   0   0   0 |     AGC   0   0   0   0   0   0
    ATA   0   0   0   0   0   0 |     ACA   0   0   0   0   0   0 | Lys AAA   0   1   1   1   1   1 | Arg AGA   0   0   0   0   0   0
Met ATG   1   1   1   1   1   1 |     ACG   0   0   0   0   0   0 |     AAG   2   2   2   2   2   2 |     AGG   0   0   0   0   0   0
--------------------------------------------------------------------------------------------------------------------------------------
Val GTT   0   0   0   0   0   0 | Ala GCT   0   0   1   0   0   0 | Asp GAT   0   0   0   0   0   0 | Gly GGT   0   0   0   0   0   0
    GTC   0   0   0   0   0   0 |     GCC   0   0   0   0   0   0 |     GAC   1   1   1   1   0   1 |     GGC   0   0   0   0   0   0
    GTA   0   0   0   0   0   0 |     GCA   0   0   0   0   0   0 | Glu GAA   1   2   2   1   1   2 |     GGA   0   0   0   0   0   0
    GTG   0   0   0   0   0   0 |     GCG   0   0   0   0   0   0 |     GAG   1   0   0   1   2   0 |     GGG   0   0   0   0   0   0
--------------------------------------------------------------------------------------------------------------------------------------

--------------------------------------------------------------------------------------------------------------------------------------
Phe TTT   0   0   0   0   0   0 | Ser TCT   0   0   0   0   0   0 | Tyr TAT   0   0   0   0   0   0 | Cys TGT   1   1   1   1   1   1
    TTC   0   0   0   0   0   0 |     TCC   0   0   0   0   0   0 |     TAC   0   0   0   0   0   0 |     TGC   1   1   1   1   1   1
Leu TTA   0   0   0   0   0   0 |     TCA   0   0   0   0   0   0 | *** TAA   0   0   0   0   0   0 | *** TGA   0   0   0   0   0   0
    TTG   0   0   0   0   0   0 |     TCG   0   0   0   0   0   0 |     TAG   0   0   0   0   0   0 | Trp TGG   0   0   0   0   0   0
--------------------------------------------------------------------------------------------------------------------------------------
Leu CTT   0   0   0   0   0   0 | Pro CCT   0   1   0   1   1   1 | His CAT   0   0   0   0   0   0 | Arg CGT   0   0   0   0   0   0
    CTC   0   0   0   0   0   0 |     CCC   0   0   0   0   0   0 |     CAC   0   0   0   0   0   0 |     CGC   0   0   0   0   0   0
    CTA   0   0   0   0   0   0 |     CCA   0   0   0   0   0   0 | Gln CAA   0   0   0   0   0   0 |     CGA   0   0   0   0   0   0
    CTG   0   0   0   0   0   0 |     CCG   1   0   1   0   0   0 |     CAG   0   0   0   0   0   0 |     CGG   0   0   0   0   0   0
--------------------------------------------------------------------------------------------------------------------------------------
Ile ATT   0   0   0   0   0   0 | Thr ACT   2   2   2   2   2   1 | Asn AAT   0   0   0   0   0   0 | Ser AGT   0   0   0   0   0   0
    ATC   0   0   0   0   0   0 |     ACC   0   0   0   0   0   0 |     AAC   0   0   0   0   0   0 |     AGC   0   0   0   0   0   0
    ATA   0   0   0   0   0   0 |     ACA   0   0   0   0   0   0 | Lys AAA   1   1   1   1   1   1 | Arg AGA   0   0   0   0   0   0
Met ATG   1   1   1   1   0   1 |     ACG   0   0   0   0   1   0 |     AAG   2   2   2   2   2   2 |     AGG   0   0   0   0   0   0
--------------------------------------------------------------------------------------------------------------------------------------
Val GTT   0   0   0   0   0   0 | Ala GCT   0   0   0   0   0   1 | Asp GAT   0   0   0   0   0   0 | Gly GGT   0   0   0   0   0   0
    GTC   0   0   0   0   0   0 |     GCC   0   0   0   0   0   0 |     GAC   1   1   1   1   1   1 |     GGC   0   0   0   0   0   0
    GTA   0   0   0   0   0   0 |     GCA   0   0   0   0   0   0 | Glu GAA   2   2   2   2   1   2 |     GGA   0   0   0   0   0   0
    GTG   0   0   0   0   0   0 |     GCG   0   0   0   0   0   0 |     GAG   0   0   0   0   1   0 |     GGG   0   0   0   0   0   0
--------------------------------------------------------------------------------------------------------------------------------------

--------------------------------------------------------------------------------------------------------------------------------------
Phe TTT   0   0   0   0   0   0 | Ser TCT   0   0   0   0   0   0 | Tyr TAT   0   0   0   0   0   0 | Cys TGT   1   1   1   1   0   1
    TTC   0   0   0   0   0   0 |     TCC   0   0   0   0   0   0 |     TAC   0   0   0   0   0   0 |     TGC   1   1   1   1   2   1
Leu TTA   0   0   0   0   0   0 |     TCA   0   0   0   0   0   0 | *** TAA   0   0   0   0   0   0 | *** TGA   0   0   0   0   0   0
    TTG   0   0   0   0   0   0 |     TCG   0   0   0   0   0   0 |     TAG   0   0   0   0   0   0 | Trp TGG   0   0   0   0   0   0
--------------------------------------------------------------------------------------------------------------------------------------
Leu CTT   0   0   0   0   0   0 | Pro CCT   1   1   1   1   1   1 | His CAT   0   0   0   0   0   0 | Arg CGT   0   0   0   0   0   0
    CTC   0   0   0   0   0   0 |     CCC   0   0   0   0   0   0 |     CAC   0   0   0   0   0   0 |     CGC   0   0   0   0   0   0
    CTA   0   0   0   0   0   0 |     CCA   0   0   0   0   0   0 | Gln CAA   0   0   0   0   0   0 |     CGA   0   0   0   0   0   0
    CTG   0   0   0   0   0   0 |     CCG   0   0   0   0   0   0 |     CAG   0   0   0   0   0   0 |     CGG   0   0   0   0   0   0
--------------------------------------------------------------------------------------------------------------------------------------
Ile ATT   0   0   0   0   0   0 | Thr ACT   1   2   1   1   2   2 | Asn AAT   0   0   0   0   0   0 | Ser AGT   0   0   0   0   0   0
    ATC   0   0   0   0   0   0 |     ACC   0   0   0   0   0   0 |     AAC   0   0   0   0   0   0 |     AGC   0   0   0   0   0   0
    ATA   0   0   0   0   0   0 |     ACA   0   0   0   0   0   0 | Lys AAA   1   1   1   1   1   1 | Arg AGA   0   0   0   0   0   0
Met ATG   1   1   1   1   1   1 |     ACG   0   0   0   0   0   0 |     AAG   2   2   2   2   2   2 |     AGG   0   0   0   0   0   0
--------------------------------------------------------------------------------------------------------------------------------------
Val GTT   0   0   0   0   0   0 | Ala GCT   1   0   1   1   0   0 | Asp GAT   0   0   0   0   0   0 | Gly GGT   0   0   0   0   0   0
    GTC   0   0   0   0   0   0 |     GCC   0   0   0   0   0   0 |     GAC   1   1   1   1   1   1 |     GGC   0   0   0   0   0   0
    GTA   0   0   0   0   0   0 |     GCA   0   0   0   0   0   0 | Glu GAA   2   1   2   2   2   2 |     GGA   0   0   0   0   0   0
    GTG   0   0   0   0   0   0 |     GCG   0   0   0   0   0   0 |     GAG   0   1   0   0   0   0 |     GGG   0   0   0   0   0   0
--------------------------------------------------------------------------------------------------------------------------------------

--------------------------------------------------------------------------------------------------------------------------------------
Phe TTT   0   0   0   0   0   0 | Ser TCT   0   0   0   0   0   0 | Tyr TAT   0   0   0   0   0   0 | Cys TGT   1   1   1   1   1   1
    TTC   0   0   0   0   0   0 |     TCC   0   0   0   0   0   0 |     TAC   0   0   0   0   0   0 |     TGC   1   1   1   1   1   1
Leu TTA   0   0   0   0   0   0 |     TCA   0   0   0   0   0   0 | *** TAA   0   0   0   0   0   0 | *** TGA   0   0   0   0   0   0
    TTG   0   0   0   0   0   0 |     TCG   0   0   0   0   0   0 |     TAG   0   0   0   0   0   0 | Trp TGG   0   0   0   0   0   0
--------------------------------------------------------------------------------------------------------------------------------------
Leu CTT   0   0   0   0   0   0 | Pro CCT   1   0   2   1   1   1 | His CAT   0   0   0   0   0   0 | Arg CGT   0   0   0   0   0   0
    CTC   0   0   0   0   0   0 |     CCC   0   0   0   0   0   0 |     CAC   0   0   0   0   0   0 |     CGC   0   0   0   0   0   0
    CTA   0   0   0   0   0   0 |     CCA   0   0   0   0   0   0 | Gln CAA   0   0   0   0   0   0 |     CGA   0   0   0   0   0   0
    CTG   0   0   0   0   0   0 |     CCG   0   1   0   0   0   0 |     CAG   0   0   0   0   0   0 |     CGG   0   0   0   0   0   0
--------------------------------------------------------------------------------------------------------------------------------------
Ile ATT   0   0   0   0   0   0 | Thr ACT   2   2   1   2   2   2 | Asn AAT   0   0   0   0   0   0 | Ser AGT   0   0   0   0   0   0
    ATC   0   0   0   0   0   0 |     ACC   0   0   0   0   0   0 |     AAC   0   0   0   0   0   0 |     AGC   0   0   0   0   0   0
    ATA   0   0   1   0   0   0 |     ACA   0   0   0   0   0   0 | Lys AAA   0   0   1   1   1   1 | Arg AGA   0   1   0   0   0   0
Met ATG   1   1   0   0   1   1 |     ACG   0   1   0   0   0   0 |     AAG   2   1   2   2   2   2 |     AGG   0   0   0   0   0   0
--------------------------------------------------------------------------------------------------------------------------------------
Val GTT   0   0   0   0   0   0 | Ala GCT   0   0   0   0   0   0 | Asp GAT   0   0   0   1   0   0 | Gly GGT   0   0   0   0   0   0
    GTC   0   0   0   0   0   0 |     GCC   0   0   0   0   0   0 |     GAC   1   1   1   0   1   1 |     GGC   0   0   0   0   0   0
    GTA   0   0   0   0   0   0 |     GCA   0   0   0   0   0   0 | Glu GAA   2   1   2   2   2   2 |     GGA   0   0   0   0   0   0
    GTG   0   0   0   1   0   0 |     GCG   0   0   0   0   0   0 |     GAG   1   1   0   0   0   0 |     GGG   0   0   0   0   0   0
--------------------------------------------------------------------------------------------------------------------------------------

Codon position x base (3x4) table for each sequence.

#1: Argali         
position  1:    T:0.16667    C:0.08333    A:0.50000    G:0.25000
position  2:    T:0.08333    C:0.25000    A:0.50000    G:0.16667
position  3:    T:0.25000    C:0.16667    A:0.25000    G:0.33333
Average         T:0.16667    C:0.16667    A:0.41667    G:0.25000

#2: LesserMouseDeer
position  1:    T:0.16667    C:0.08333    A:0.41667    G:0.33333
position  2:    T:0.08333    C:0.25000    A:0.50000    G:0.16667
position  3:    T:0.25000    C:0.16667    A:0.16667    G:0.41667
Average         T:0.16667    C:0.16667    A:0.36111    G:0.30556

#3: LesserKudu     
position  1:    T:0.16667    C:0.08333    A:0.50000    G:0.25000
position  2:    T:0.08333    C:0.25000    A:0.50000    G:0.16667
position  3:    T:0.33333    C:0.16667    A:0.25000    G:0.25000
Average         T:0.19444    C:0.16667    A:0.41667    G:0.22222

#4: ForestMuskDeer2
position  1:    T:0.16667    C:0.08333    A:0.41667    G:0.33333
position  2:    T:0.08333    C:0.25000    A:0.50000    G:0.16667
position  3:    T:0.41667    C:0.08333    A:0.25000    G:0.25000
Average         T:0.22222    C:0.13889    A:0.38889    G:0.25000

#5: Camel          
position  1:    T:0.16667    C:0.08333    A:0.50000    G:0.25000
position  2:    T:0.08333    C:0.25000    A:0.50000    G:0.16667
position  3:    T:0.33333    C:0.08333    A:0.25000    G:0.33333
Average         T:0.19444    C:0.13889    A:0.41667    G:0.25000

#6: KillerWhale    
position  1:    T:0.16667    C:0.08333    A:0.50000    G:0.25000
position  2:    T:0.08333    C:0.25000    A:0.50000    G:0.16667
position  3:    T:0.33333    C:0.08333    A:0.25000    G:0.33333
Average         T:0.19444    C:0.13889    A:0.41667    G:0.25000

#7: DefassaWaterbuck
position  1:    T:0.16667    C:0.08333    A:0.50000    G:0.25000
position  2:    T:0.08333    C:0.25000    A:0.50000    G:0.16667
position  3:    T:0.33333    C:0.16667    A:0.25000    G:0.25000
Average         T:0.19444    C:0.16667    A:0.41667    G:0.22222

#8: Sheep          
position  1:    T:0.16667    C:0.08333    A:0.50000    G:0.25000
position  2:    T:0.08333    C:0.25000    A:0.50000    G:0.16667
position  3:    T:0.25000    C:0.16667    A:0.25000    G:0.33333
Average         T:0.16667    C:0.16667    A:0.41667    G:0.25000

#9: MaxwellsDuiker 
position  1:    T:0.16667    C:0.08333    A:0.41667    G:0.33333
position  2:    T:0.08333    C:0.25000    A:0.50000    G:0.16667
position  3:    T:0.33333    C:0.16667    A:0.16667    G:0.33333
Average         T:0.19444    C:0.16667    A:0.36111    G:0.27778

#10: GazellaPrzewalskyi
position  1:    T:0.16667    C:0.08333    A:0.50000    G:0.25000
position  2:    T:0.08333    C:0.25000    A:0.50000    G:0.16667
position  3:    T:0.33333    C:0.16667    A:0.16667    G:0.33333
Average         T:0.19444    C:0.16667    A:0.38889    G:0.25000

#11: MountainNyala  
position  1:    T:0.16667    C:0.08333    A:0.50000    G:0.25000
position  2:    T:0.08333    C:0.25000    A:0.50000    G:0.16667
position  3:    T:0.33333    C:0.16667    A:0.25000    G:0.25000
Average         T:0.19444    C:0.16667    A:0.41667    G:0.22222

#12: MuntiacusMuntjak
position  1:    T:0.16667    C:0.08333    A:0.41667    G:0.33333
position  2:    T:0.08333    C:0.25000    A:0.50000    G:0.16667
position  3:    T:0.33333    C:0.16667    A:0.25000    G:0.25000
Average         T:0.19444    C:0.16667    A:0.38889    G:0.25000

#13: goat           
position  1:    T:0.16667    C:0.08333    A:0.50000    G:0.25000
position  2:    T:0.08333    C:0.25000    A:0.50000    G:0.16667
position  3:    T:0.25000    C:0.16667    A:0.25000    G:0.33333
Average         T:0.16667    C:0.16667    A:0.41667    G:0.25000

#14: AfricanBuffalo 
position  1:    T:0.16667    C:0.08333    A:0.50000    G:0.25000
position  2:    T:0.08333    C:0.25000    A:0.50000    G:0.16667
position  3:    T:0.33333    C:0.16667    A:0.16667    G:0.33333
Average         T:0.19444    C:0.16667    A:0.38889    G:0.25000

#15: Topi           
position  1:    T:0.16667    C:0.08333    A:0.50000    G:0.25000
position  2:    T:0.08333    C:0.25000    A:0.50000    G:0.16667
position  3:    T:0.25000    C:0.16667    A:0.33333    G:0.25000
Average         T:0.16667    C:0.16667    A:0.44444    G:0.22222

#16: CommonDuiker   
position  1:    T:0.16667    C:0.08333    A:0.50000    G:0.25000
position  2:    T:0.08333    C:0.25000    A:0.50000    G:0.16667
position  3:    T:0.33333    C:0.16667    A:0.16667    G:0.33333
Average         T:0.19444    C:0.16667    A:0.38889    G:0.25000

#17: Suni           
position  1:    T:0.16667    C:0.08333    A:0.50000    G:0.25000
position  2:    T:0.08333    C:0.25000    A:0.50000    G:0.16667
position  3:    T:0.33333    C:0.16667    A:0.16667    G:0.33333
Average         T:0.19444    C:0.16667    A:0.38889    G:0.25000

#18: Springbuck     
position  1:    T:0.16667    C:0.08333    A:0.50000    G:0.25000
position  2:    T:0.08333    C:0.25000    A:0.50000    G:0.16667
position  3:    T:0.33333    C:0.16667    A:0.16667    G:0.33333
Average         T:0.19444    C:0.16667    A:0.38889    G:0.25000

#19: Okapi          
position  1:    T:0.16667    C:0.08333    A:0.50000    G:0.25000
position  2:    T:0.08333    C:0.25000    A:0.50000    G:0.16667
position  3:    T:0.33333    C:0.08333    A:0.33333    G:0.25000
Average         T:0.19444    C:0.13889    A:0.44444    G:0.22222

#20: Giraffe        
position  1:    T:0.16667    C:0.08333    A:0.50000    G:0.25000
position  2:    T:0.08333    C:0.25000    A:0.50000    G:0.16667
position  3:    T:0.33333    C:0.08333    A:0.25000    G:0.33333
Average         T:0.19444    C:0.13889    A:0.41667    G:0.25000

#21: TibetanAntelope
position  1:    T:0.16667    C:0.08333    A:0.50000    G:0.25000
position  2:    T:0.08333    C:0.25000    A:0.50000    G:0.16667
position  3:    T:0.25000    C:0.16667    A:0.25000    G:0.33333
Average         T:0.16667    C:0.16667    A:0.41667    G:0.25000

#22: Sitatunga      
position  1:    T:0.16667    C:0.08333    A:0.50000    G:0.25000
position  2:    T:0.08333    C:0.25000    A:0.50000    G:0.16667
position  3:    T:0.33333    C:0.16667    A:0.33333    G:0.16667
Average         T:0.19444    C:0.16667    A:0.44444    G:0.19444

#23: Oribi          
position  1:    T:0.16667    C:0.08333    A:0.50000    G:0.25000
position  2:    T:0.08333    C:0.25000    A:0.50000    G:0.16667
position  3:    T:0.25000    C:0.16667    A:0.16667    G:0.41667
Average         T:0.16667    C:0.16667    A:0.38889    G:0.27778

#24: BarbarySheep   
position  1:    T:0.16667    C:0.08333    A:0.50000    G:0.25000
position  2:    T:0.08333    C:0.25000    A:0.50000    G:0.16667
position  3:    T:0.25000    C:0.16667    A:0.25000    G:0.33333
Average         T:0.16667    C:0.16667    A:0.41667    G:0.25000

#25: Daviddeer      
position  1:    T:0.16667    C:0.08333    A:0.41667    G:0.33333
position  2:    T:0.08333    C:0.25000    A:0.50000    G:0.16667
position  3:    T:0.33333    C:0.16667    A:0.25000    G:0.25000
Average         T:0.19444    C:0.16667    A:0.38889    G:0.25000

#26: Reindeer       
position  1:    T:0.16667    C:0.08333    A:0.41667    G:0.33333
position  2:    T:0.08333    C:0.25000    A:0.50000    G:0.16667
position  3:    T:0.33333    C:0.16667    A:0.25000    G:0.25000
Average         T:0.19444    C:0.16667    A:0.38889    G:0.25000

#27: Ibex           
position  1:    T:0.16667    C:0.08333    A:0.50000    G:0.25000
position  2:    T:0.08333    C:0.25000    A:0.50000    G:0.16667
position  3:    T:0.25000    C:0.16667    A:0.25000    G:0.33333
Average         T:0.16667    C:0.16667    A:0.41667    G:0.25000

#28: GyrantGazelle  
position  1:    T:0.16667    C:0.08333    A:0.50000    G:0.25000
position  2:    T:0.08333    C:0.25000    A:0.50000    G:0.16667
position  3:    T:0.25000    C:0.16667    A:0.16667    G:0.41667
Average         T:0.16667    C:0.16667    A:0.38889    G:0.27778

#29: Hartebeest     
position  1:    T:0.16667    C:0.08333    A:0.50000    G:0.25000
position  2:    T:0.08333    C:0.25000    A:0.50000    G:0.16667
position  3:    T:0.25000    C:0.16667    A:0.25000    G:0.33333
Average         T:0.16667    C:0.16667    A:0.41667    G:0.25000

#30: Bongo          
position  1:    T:0.16667    C:0.08333    A:0.50000    G:0.25000
position  2:    T:0.08333    C:0.25000    A:0.50000    G:0.16667
position  3:    T:0.33333    C:0.16667    A:0.25000    G:0.25000
Average         T:0.19444    C:0.16667    A:0.41667    G:0.22222

#31: Gerenuk        
position  1:    T:0.16667    C:0.08333    A:0.50000    G:0.25000
position  2:    T:0.08333    C:0.25000    A:0.50000    G:0.16667
position  3:    T:0.41667    C:0.16667    A:0.08333    G:0.33333
Average         T:0.22222    C:0.16667    A:0.36111    G:0.25000

#32: CommonEland    
position  1:    T:0.16667    C:0.08333    A:0.50000    G:0.25000
position  2:    T:0.08333    C:0.25000    A:0.50000    G:0.16667
position  3:    T:0.33333    C:0.16667    A:0.25000    G:0.25000
Average         T:0.19444    C:0.16667    A:0.41667    G:0.22222

#33: MuntiacusReevesi
position  1:    T:0.16667    C:0.08333    A:0.41667    G:0.33333
position  2:    T:0.08333    C:0.25000    A:0.50000    G:0.16667
position  3:    T:0.33333    C:0.16667    A:0.25000    G:0.25000
Average         T:0.19444    C:0.16667    A:0.38889    G:0.25000

#34: HarveysDuiker  
position  1:    T:0.16667    C:0.08333    A:0.50000    G:0.25000
position  2:    T:0.08333    C:0.25000    A:0.50000    G:0.16667
position  3:    T:0.33333    C:0.16667    A:0.16667    G:0.33333
Average         T:0.19444    C:0.16667    A:0.38889    G:0.25000

#35: Pronghorn      
position  1:    T:0.16667    C:0.08333    A:0.50000    G:0.25000
position  2:    T:0.08333    C:0.25000    A:0.50000    G:0.16667
position  3:    T:0.33333    C:0.08333    A:0.16667    G:0.41667
Average         T:0.19444    C:0.13889    A:0.38889    G:0.27778

#36: BlueWildebeest 
position  1:    T:0.16667    C:0.08333    A:0.50000    G:0.25000
position  2:    T:0.08333    C:0.25000    A:0.50000    G:0.16667
position  3:    T:0.25000    C:0.16667    A:0.25000    G:0.33333
Average         T:0.16667    C:0.16667    A:0.41667    G:0.25000

#37: Gemsbok        
position  1:    T:0.16667    C:0.08333    A:0.50000    G:0.25000
position  2:    T:0.08333    C:0.25000    A:0.50000    G:0.16667
position  3:    T:0.25000    C:0.16667    A:0.25000    G:0.33333
Average         T:0.16667    C:0.16667    A:0.41667    G:0.25000

#38: Yak            
position  1:    T:0.16667    C:0.08333    A:0.50000    G:0.25000
position  2:    T:0.08333    C:0.25000    A:0.50000    G:0.16667
position  3:    T:0.33333    C:0.16667    A:0.25000    G:0.25000
Average         T:0.19444    C:0.16667    A:0.41667    G:0.22222

#39: BlueSheep      
position  1:    T:0.16667    C:0.08333    A:0.50000    G:0.25000
position  2:    T:0.08333    C:0.25000    A:0.50000    G:0.16667
position  3:    T:0.25000    C:0.16667    A:0.25000    G:0.33333
Average         T:0.16667    C:0.16667    A:0.41667    G:0.25000

#40: BohorReedbuck  
position  1:    T:0.16667    C:0.08333    A:0.50000    G:0.25000
position  2:    T:0.08333    C:0.25000    A:0.50000    G:0.16667
position  3:    T:0.33333    C:0.16667    A:0.25000    G:0.25000
Average         T:0.19444    C:0.16667    A:0.41667    G:0.22222

#41: KirksDik       
position  1:    T:0.16667    C:0.08333    A:0.50000    G:0.25000
position  2:    T:0.00000    C:0.33333    A:0.50000    G:0.16667
position  3:    T:0.33333    C:0.16667    A:0.16667    G:0.33333
Average         T:0.16667    C:0.19444    A:0.38889    G:0.25000

#42: RoeDeer        
position  1:    T:0.16667    C:0.08333    A:0.41667    G:0.33333
position  2:    T:0.08333    C:0.25000    A:0.50000    G:0.16667
position  3:    T:0.33333    C:0.16667    A:0.25000    G:0.25000
Average         T:0.19444    C:0.16667    A:0.38889    G:0.25000

#43: WhiteLippedDeer
position  1:    T:0.16667    C:0.08333    A:0.41667    G:0.33333
position  2:    T:0.08333    C:0.25000    A:0.50000    G:0.16667
position  3:    T:0.33333    C:0.16667    A:0.25000    G:0.25000
Average         T:0.19444    C:0.16667    A:0.38889    G:0.25000

#44: ThomsonGazelle 
position  1:    T:0.16667    C:0.08333    A:0.50000    G:0.25000
position  2:    T:0.08333    C:0.25000    A:0.50000    G:0.16667
position  3:    T:0.33333    C:0.16667    A:0.16667    G:0.33333
Average         T:0.19444    C:0.16667    A:0.38889    G:0.25000

#45: MuntiacusCrinifrons
position  1:    T:0.16667    C:0.08333    A:0.41667    G:0.33333
position  2:    T:0.08333    C:0.25000    A:0.50000    G:0.16667
position  3:    T:0.33333    C:0.16667    A:0.25000    G:0.25000
Average         T:0.19444    C:0.16667    A:0.38889    G:0.25000

#46: WhiteTailedDeer
position  1:    T:0.16667    C:0.08333    A:0.41667    G:0.33333
position  2:    T:0.08333    C:0.25000    A:0.50000    G:0.16667
position  3:    T:0.33333    C:0.16667    A:0.25000    G:0.25000
Average         T:0.19444    C:0.16667    A:0.38889    G:0.25000

#47: Cattle         
position  1:    T:0.16667    C:0.08333    A:0.50000    G:0.25000
position  2:    T:0.08333    C:0.25000    A:0.50000    G:0.16667
position  3:    T:0.25000    C:0.25000    A:0.25000    G:0.25000
Average         T:0.16667    C:0.19444    A:0.41667    G:0.22222

#48: RoyalAntelope  
position  1:    T:0.16667    C:0.08333    A:0.50000    G:0.25000
position  2:    T:0.08333    C:0.25000    A:0.50000    G:0.16667
position  3:    T:0.33333    C:0.16667    A:0.25000    G:0.25000
Average         T:0.19444    C:0.16667    A:0.41667    G:0.22222

#49: Steenbok       
position  1:    T:0.16667    C:0.08333    A:0.41667    G:0.33333
position  2:    T:0.08333    C:0.25000    A:0.50000    G:0.16667
position  3:    T:0.33333    C:0.16667    A:0.16667    G:0.33333
Average         T:0.19444    C:0.16667    A:0.36111    G:0.27778

#50: Impala         
position  1:    T:0.16667    C:0.08333    A:0.50000    G:0.25000
position  2:    T:0.08333    C:0.33333    A:0.33333    G:0.25000
position  3:    T:0.25000    C:0.16667    A:0.16667    G:0.41667
Average         T:0.16667    C:0.19444    A:0.33333    G:0.30556

#51: Klipspringer   
position  1:    T:0.16667    C:0.16667    A:0.41667    G:0.25000
position  2:    T:0.08333    C:0.25000    A:0.50000    G:0.16667
