1
52 1
Argali 0.000000 0.420100 0.082800 0.222900 0.038000 0.000000 0.038400 0.070700 0.083500 0.056400 0.026900 0.061200 0.026900 0.044200 0.059000 0.088000 0.093100 0.089400 0.016200 0.083100 0.059300 0.021600 0.073600 0.074200 0.016200 0.075900 0.026900 0.077600 0.076200 0.077400 0.083900 0.038500 0.089900 0.021700 0.021400 0.061200 0.010800 0.016200 0.086700 0.079100 0.085400 0.076800 0.062100 0.091900 0.061300 0.081300 0.059400 0.072000 0.066400 0.072600 0.072000 0.077500
LesserMous 0.420100 0.000000 0.429900 0.377400 0.429400 0.419400 0.411200 0.457300 0.434300 0.374600 0.429100 0.377200 0.446300 0.404200 0.431100 0.469700 0.441200 0.441200 0.431800 0.431300 0.464300 0.439100 0.381200 0.402900 0.423200 0.454400 0.446300 0.424200 0.465100 0.422900 0.392800 0.411500 0.418900 0.444200 0.426600 0.395300 0.424500 0.404500 0.479500 0.388300 0.381500 0.469900 0.375100 0.441000 0.395300 0.477200 0.458000 0.435100 0.447900 0.410500 0.416800 0.423900
LesserKudu 0.082800 0.429900 0.000000 0.252300 0.099400 0.082300 0.071000 0.126600 0.037300 0.077700 0.087600 0.065500 0.087700 0.076900 0.096700 0.144800 0.108000 0.105100 0.076500 0.036700 0.108700 0.069700 0.083800 0.090000 0.076800 0.132500 0.087700 0.031800 0.120400 0.031500 0.093600 0.071400 0.105800 0.081800 0.087600 0.053400 0.071500 0.088500 0.131100 0.100700 0.107000 0.121400 0.084100 0.113800 0.053700 0.119500 0.121100 0.104700 0.105600 0.082800 0.026200 0.031800
KillerWhal 0.222900 0.377400 0.252300 0.000000 0.242500 0.222500 0.222500 0.266000 0.262000 0.211800 0.242200 0.216200 0.256600 0.230600 0.248500 0.303500 0.234200 0.219700 0.244600 0.260500 0.258100 0.236300 0.203900 0.212400 0.244500 0.271300 0.256600 0.254500 0.286800 0.253900 0.213500 0.236800 0.200400 0.253000 0.227900 0.202700 0.238500 0.230500 0.269800 0.209600 0.211300 0.289600 0.218700 0.240500 0.216300 0.276000 0.274000 0.234400 0.271300 0.222000 0.248300 0.254300
DefassaWat 0.038000 0.429400 0.099400 0.242500 0.000000 0.037800 0.043700 0.064500 0.100200 0.061700 0.021300 0.089700 0.042900 0.049500 0.075100 0.081200 0.098000 0.106800 0.032400 0.099700 0.063600 0.037800 0.079200 0.079500 0.021300 0.058600 0.042600 0.094300 0.069900 0.094000 0.089100 0.044000 0.095500 0.038100 0.048500 0.078000 0.027000 0.021300 0.091100 0.096200 0.090600 0.070500 0.067700 0.097100 0.078000 0.075000 0.053400 0.077100 0.060100 0.066600 0.088700 0.094200
Sheep 0.000000 0.419400 0.082300 0.222500 0.037800 0.000000 0.038200 0.070300 0.081700 0.055100 0.026800 0.060900 0.026800 0.044000 0.058000 0.087500 0.092100 0.089400 0.016100 0.082600 0.059000 0.021400 0.073500 0.072500 0.016000 0.075500 0.026800 0.077100 0.075800 0.077000 0.083100 0.038500 0.089900 0.021600 0.021300 0.060900 0.010700 0.016100 0.086300 0.078700 0.084900 0.076400 0.062000 0.091400 0.060900 0.080800 0.059100 0.071600 0.066000 0.072600 0.071600 0.077100
MaxwellsDu 0.038400 0.411200 0.071000 0.222500 0.043700 0.038200 0.000000 0.065200 0.066000 0.039000 0.043400 0.072500 0.043700 0.016200 0.063500 0.082300 0.092700 0.077900 0.032800 0.065700 0.070600 0.038200 0.056200 0.062200 0.032800 0.070400 0.043700 0.060200 0.070600 0.060100 0.066400 0.010900 0.078300 0.038600 0.043600 0.061900 0.027200 0.032800 0.092600 0.072700 0.067500 0.071200 0.044800 0.085700 0.060700 0.081300 0.065300 0.042800 0.054500 0.055500 0.054700 0.060200
GazellaPrz 0.070700 0.457300 0.126600 0.266000 0.064500 0.070300 0.065200 0.000000 0.121900 0.083600 0.064500 0.117300 0.064500 0.059800 0.106100 0.036300 0.124900 0.134500 0.065000 0.121300 0.025600 0.070400 0.101200 0.107500 0.053800 0.025600 0.064500 0.115800 0.025800 0.115600 0.099100 0.054300 0.117400 0.070900 0.081100 0.093800 0.059700 0.053000 0.041300 0.118200 0.100700 0.026100 0.089800 0.125300 0.093800 0.090200 0.020700 0.098600 0.076000 0.076900 0.110300 0.115700
MountainNy 0.083500 0.434300 0.037300 0.262000 0.100200 0.081700 0.066000 0.121900 0.000000 0.073000 0.088500 0.071800 0.088500 0.071900 0.097600 0.140000 0.113500 0.100400 0.077900 0.032000 0.114500 0.071600 0.090600 0.096800 0.077500 0.127000 0.088500 0.026700 0.127500 0.026500 0.088700 0.066400 0.112700 0.083700 0.088100 0.060400 0.072100 0.089200 0.138100 0.095700 0.102100 0.128600 0.079000 0.121000 0.049200 0.103400 0.122700 0.088400 0.077600 0.066300 0.021200 0.026700
MuntiacusM 0.056400 0.374600 0.077700 0.211800 0.061700 0.055100 0.039000 0.083600 0.073000 0.000000 0.061200 0.067900 0.061600 0.044500 0.082700 0.101500 0.088500 0.085100 0.050500 0.072600 0.089100 0.056100 0.016800 0.022400 0.049900 0.088900 0.060700 0.066200 0.089200 0.066900 0.027600 0.039200 0.073800 0.056000 0.061500 0.056100 0.045000 0.050500 0.111900 0.033500 0.027900 0.088900 0.005600 0.044900 0.056300 0.100100 0.083700 0.061400 0.072700 0.050600 0.061400 0.066900
goat 0.026900 0.429100 0.087600 0.242200 0.021300 0.026800 0.043400 0.064500 0.088500 0.061200 0.000000 0.077900 0.032100 0.049400 0.075000 0.081400 0.086300 0.094800 0.021500 0.088000 0.053300 0.026700 0.079100 0.079400 0.010700 0.058600 0.032100 0.082600 0.069400 0.082400 0.089000 0.043900 0.083600 0.027000 0.037500 0.066400 0.016100 0.021500 0.080300 0.084200 0.090500 0.070500 0.067600 0.097000 0.066400 0.075100 0.053400 0.077000 0.060100 0.066500 0.075800 0.081200
AfricanBuf 0.061200 0.377200 0.065500 0.216200 0.089700 0.060900 0.072500 0.117300 0.071800 0.067900 0.077900 0.000000 0.077900 0.067000 0.087200 0.123600 0.087000 0.095500 0.066900 0.070600 0.099200 0.072100 0.085700 0.080000 0.066900 0.122400 0.077900 0.064700 0.122900 0.065800 0.095600 0.072900 0.084300 0.073100 0.066300 0.032600 0.061400 0.067000 0.121800 0.079000 0.085400 0.124000 0.074000 0.103900 0.033000 0.098500 0.111600 0.095100 0.107700 0.084500 0.060500 0.054400
Topi 0.026900 0.446300 0.087700 0.256600 0.042900 0.026800 0.043700 0.064500 0.088500 0.061600 0.032100 0.077900 0.000000 0.049400 0.075000 0.081500 0.097900 0.094900 0.021400 0.088000 0.053300 0.026700 0.079100 0.079800 0.021300 0.069600 0.000000 0.082600 0.069900 0.082400 0.089000 0.043900 0.095400 0.016100 0.037000 0.066400 0.016100 0.032100 0.080400 0.084300 0.090500 0.070500 0.067600 0.097100 0.066400 0.086200 0.053400 0.077000 0.070500 0.078100 0.077000 0.082500
CommonDuik 0.044200 0.404200 0.076900 0.230600 0.049500 0.044000 0.016200 0.059800 0.071900 0.044500 0.049400 0.067000 0.049400 0.000000 0.070300 0.076900 0.098700 0.095700 0.038400 0.071700 0.065100 0.044000 0.062200 0.068300 0.038500 0.065000 0.049400 0.066100 0.065200 0.065900 0.072300 0.005400 0.096200 0.044300 0.049300 0.044200 0.032600 0.038500 0.086800 0.079200 0.073600 0.065800 0.050800 0.092000 0.044200 0.087200 0.059800 0.060600 0.055400 0.061400 0.060600 0.066000
Suni 0.059000 0.431100 0.096700 0.248500 0.075100 0.058000 0.063500 0.106100 0.097600 0.082700 0.075000 0.087200 0.075000 0.070300 0.000000 0.125100 0.106700 0.103900 0.064800 0.108500 0.107400 0.058600 0.088400 0.100500 0.064400 0.112700 0.075600 0.103100 0.113100 0.102900 0.086700 0.064900 0.127900 0.069300 0.052900 0.087100 0.058800 0.053100 0.129400 0.093500 0.111400 0.113100 0.088700 0.123300 0.075200 0.095500 0.096700 0.086300 0.087000 0.087400 0.097600 0.103000
Springbuck 0.088000 0.469700 0.144800 0.303500 0.081200 0.087500 0.082300 0.036300 0.140000 0.101500 0.081400 0.123600 0.081500 0.076900 0.125100 0.000000 0.142700 0.153000 0.082100 0.139400 0.041800 0.087800 0.119500 0.125900 0.069700 0.041700 0.081500 0.133900 0.031200 0.133500 0.128800 0.071400 0.141500 0.076700 0.098400 0.111600 0.076700 0.070800 0.057500 0.136600 0.118800 0.041600 0.107900 0.137900 0.111600 0.107200 0.036200 0.116300 0.093200 0.106000 0.128200 0.133700
Okapi 0.093100 0.441200 0.108000 0.234200 0.098000 0.092100 0.092700 0.124900 0.113500 0.088500 0.086300 0.087000 0.097900 0.098700 0.106700 0.142700 0.000000 0.058500 0.087200 0.114200 0.107200 0.081200 0.106000 0.100400 0.075800 0.129900 0.097900 0.108800 0.118900 0.108500 0.102900 0.093200 0.092700 0.093300 0.075200 0.087100 0.081800 0.087200 0.129300 0.087700 0.117300 0.131500 0.094600 0.112200 0.087100 0.117800 0.119400 0.114900 0.115700 0.104600 0.103300 0.097200
Giraffe 0.089400 0.441200 0.105100 0.219700 0.106800 0.089400 0.077900 0.134500 0.100400 0.085100 0.094800 0.095500 0.094900 0.095700 0.103900 0.153000 0.058500 0.000000 0.083900 0.111500 0.116100 0.077700 0.090600 0.085300 0.083900 0.139600 0.094900 0.106000 0.128300 0.105700 0.112700 0.089600 0.066100 0.090100 0.071600 0.083700 0.078400 0.095700 0.138900 0.096200 0.102600 0.141400 0.090900 0.097300 0.083800 0.127200 0.128800 0.100400 0.101400 0.089400 0.100400 0.105900
TibetanAnt 0.016200 0.431800 0.076500 0.244600 0.032400 0.016100 0.032800 0.065000 0.077900 0.050500 0.021500 0.066900 0.021400 0.038400 0.064800 0.082100 0.087200 0.083900 0.000000 0.077200 0.053700 0.016100 0.068000 0.068200 0.010700 0.070200 0.021500 0.071700 0.070500 0.071600 0.078000 0.033000 0.084400 0.016200 0.026800 0.055400 0.005400 0.021600 0.081000 0.073200 0.079400 0.071100 0.056500 0.085800 0.055500 0.075500 0.053800 0.066200 0.059900 0.067100 0.066200 0.071700
Sitatunga 0.083100 0.431300 0.036700 0.260500 0.099700 0.082600 0.065700 0.121300 0.032000 0.072600 0.088000 0.070600 0.088000 0.071700 0.108500 0.139400 0.114200 0.111500 0.077200 0.000000 0.115000 0.071300 0.090100 0.096300 0.077200 0.126400 0.088000 0.015700 0.126900 0.015700 0.099800 0.066000 0.112100 0.083300 0.088300 0.060100 0.071700 0.088800 0.137500 0.095200 0.101500 0.127900 0.078600 0.120300 0.060100 0.125800 0.121500 0.099400 0.100200 0.077400 0.021200 0.026500
Oribi 0.059300 0.464300 0.108700 0.258100 0.063600 0.059000 0.070600 0.025600 0.114500 0.089100 0.053300 0.099200 0.053300 0.065100 0.107400 0.041800 0.107200 0.116100 0.053700 0.115000 0.000000 0.059000 0.095000 0.101100 0.042700 0.030900 0.053300 0.109600 0.030700 0.109300 0.116200 0.059700 0.105000 0.059500 0.069700 0.076300 0.048100 0.053700 0.035600 0.111700 0.106200 0.031300 0.095300 0.118700 0.076300 0.084400 0.020700 0.104000 0.081400 0.093800 0.104000 0.109500
BarbaryShe 0.021600 0.439100 0.069700 0.236300 0.037800 0.021400 0.038200 0.070400 0.071600 0.056100 0.026700 0.072100 0.026700 0.044000 0.058600 0.087800 0.081200 0.077700 0.016100 0.071300 0.059000 0.000000 0.073500 0.073800 0.016000 0.075500 0.026600 0.065800 0.075300 0.065700 0.083500 0.038500 0.089900 0.021600 0.021200 0.060900 0.010700 0.027000 0.086300 0.067100 0.085000 0.076400 0.062100 0.091400 0.060900 0.080000 0.059100 0.071600 0.054800 0.072600 0.060300 0.064500
Daviddeer 0.073600 0.381200 0.083800 0.203900 0.079200 0.073500 0.056200 0.101200 0.090600 0.016800 0.079100 0.085700 0.079100 0.062200 0.088400 0.119500 0.106000 0.090600 0.068000 0.090100 0.095000 0.073500 0.000000 0.028300 0.067900 0.106500 0.079100 0.084600 0.106900 0.084400 0.033200 0.056300 0.079300 0.074200 0.079000 0.073800 0.062400 0.068000 0.129800 0.050900 0.033800 0.107800 0.022500 0.051400 0.073800 0.117800 0.101400 0.078900 0.091400 0.056100 0.078900 0.084500
Reindeer 0.074200 0.402900 0.090000 0.212400 0.079500 0.072500 0.062200 0.107500 0.096800 0.022400 0.079400 0.080000 0.079800 0.068300 0.100500 0.125900 0.100400 0.085300 0.068200 0.096300 0.101100 0.073800 0.028300 0.000000 0.068200 0.112700 0.079400 0.090700 0.113200 0.090500 0.050400 0.062600 0.073900 0.074500 0.079300 0.068100 0.062600 0.068300 0.124100 0.056900 0.039600 0.114200 0.028400 0.022500 0.068200 0.112200 0.101800 0.085000 0.097700 0.062400 0.085000 0.090600
Ibex 0.016200 0.423200 0.076800 0.244500 0.021300 0.016000 0.032800 0.053800 0.077500 0.049900 0.010700 0.066900 0.021300 0.038500 0.064400 0.069700 0.075800 0.083900 0.010700 0.077200 0.042700 0.016000 0.067900 0.068200 0.000000 0.058700 0.021500 0.071700 0.059200 0.071500 0.078000 0.033000 0.084300 0.016200 0.026800 0.055400 0.005400 0.010800 0.069700 0.073200 0.079400 0.059700 0.056500 0.085800 0.055500 0.064300 0.042800 0.065200 0.049300 0.067000 0.065100 0.071600
GyrantGaze 0.075900 0.454400 0.132500 0.271300 0.058600 0.075500 0.070400 0.025600 0.127000 0.088900 0.058600 0.122400 0.069600 0.065000 0.112700 0.041700 0.129900 0.139600 0.070200 0.126400 0.030900 0.075500 0.106500 0.112700 0.058700 0.000000 0.069600 0.121000 0.031000 0.120800 0.115900 0.059500 0.116400 0.076100 0.086200 0.099000 0.065100 0.059000 0.056900 0.123400 0.105900 0.031200 0.095100 0.130500 0.099000 0.095200 0.025600 0.103100 0.081100 0.082000 0.115400 0.120800
Hartebeest 0.026900 0.446300 0.087700 0.256600 0.042600 0.026800 0.043700 0.064500 0.088500 0.060700 0.032100 0.077900 0.000000 0.049400 0.075600 0.081500 0.097900 0.094900 0.021500 0.088000 0.053300 0.026600 0.079100 0.079400 0.021500 0.069600 0.000000 0.082000 0.069900 0.082400 0.089000 0.043900 0.095400 0.016000 0.037000 0.066400 0.016100 0.032400 0.080400 0.084300 0.090500 0.070500 0.067600 0.097100 0.066400 0.086200 0.053000 0.077000 0.071000 0.078100 0.077000 0.082500
Bongo 0.077600 0.424200 0.031800 0.254500 0.094300 0.077100 0.060200 0.115800 0.026700 0.066200 0.082600 0.064700 0.082600 0.066100 0.103100 0.133900 0.108800 0.106000 0.071700 0.015700 0.109600 0.065800 0.084600 0.090700 0.071700 0.121000 0.082000 0.000000 0.120800 0.010500 0.094400 0.060600 0.106600 0.077800 0.082500 0.054700 0.066300 0.083300 0.132100 0.089700 0.096000 0.122400 0.073100 0.114700 0.054700 0.120400 0.116000 0.093900 0.093100 0.071900 0.015800 0.021000
Gerenuk 0.076200 0.465100 0.120400 0.286800 0.069900 0.075800 0.070600 0.025800 0.127500 0.089200 0.069400 0.122900 0.069900 0.065200 0.113100 0.031200 0.118900 0.128300 0.070500 0.126900 0.030700 0.075300 0.106900 0.113200 0.059200 0.031000 0.069900 0.120800 0.000000 0.121100 0.116300 0.059800 0.117000 0.076400 0.075300 0.099300 0.064200 0.059300 0.057200 0.123800 0.105900 0.020600 0.095400 0.119000 0.099400 0.095600 0.025900 0.104200 0.081500 0.093900 0.115300 0.121300
CommonElan 0.077400 0.422900 0.031500 0.253900 0.094000 0.077000 0.060100 0.115600 0.026500 0.066900 0.082400 0.065800 0.082400 0.065900 0.102900 0.133500 0.108500 0.105700 0.071600 0.015700 0.109300 0.065700 0.084400 0.090500 0.071500 0.120800 0.082400 0.010500 0.121100 0.000000 0.094100 0.060400 0.106300 0.077600 0.081100 0.054400 0.066100 0.083100 0.131700 0.089500 0.095700 0.122100 0.072900 0.113200 0.054600 0.120100 0.115800 0.093700 0.094500 0.071700 0.015900 0.010500
MuntiacusR 0.083900 0.392800 0.093600 0.213500 0.089100 0.083100 0.066400 0.099100 0.088700 0.027600 0.089000 0.095600 0.089000 0.072300 0.086700 0.128800 0.102900 0.112700 0.078000 0.099800 0.116200 0.083500 0.033200 0.050400 0.078000 0.115900 0.089000 0.094400 0.116300 0.094100 0.000000 0.066800 0.095600 0.084200 0.088100 0.083800 0.072300 0.078100 0.127100 0.061200 0.055700 0.117300 0.033300 0.072300 0.072600 0.115400 0.110900 0.077300 0.089500 0.066700 0.088100 0.094200
HarveysDui 0.038500 0.411500 0.071400 0.236800 0.044000 0.038500 0.010900 0.054300 0.066400 0.039200 0.043900 0.072900 0.043900 0.005400 0.064900 0.071400 0.093200 0.089600 0.033000 0.066000 0.059700 0.038500 0.056300 0.062600 0.033000 0.059500 0.043900 0.060600 0.059800 0.060400 0.066800 0.000000 0.090100 0.038800 0.043800 0.049900 0.027500 0.033000 0.081700 0.073500 0.067900 0.060300 0.044900 0.086200 0.049900 0.081800 0.054400 0.055100 0.049800 0.055500 0.055000 0.060500
Pronghorn 0.089900 0.418900 0.105800 0.200400 0.095500 0.089900 0.078300 0.117400 0.112700 0.073800 0.083600 0.084300 0.095400 0.096200 0.127900 0.141500 0.092700 0.066100 0.084400 0.112100 0.105000 0.089900 0.079300 0.073900 0.084300 0.116400 0.095400 0.106600 0.117000 0.106300 0.095600 0.090100 0.000000 0.090600 0.083600 0.084200 0.078800 0.096200 0.121900 0.096700 0.067600 0.129900 0.079600 0.085800 0.084300 0.139700 0.117500 0.101000 0.125900 0.078200 0.100900 0.106500
BlueWildeb 0.021700 0.444200 0.081800 0.253000 0.038100 0.021600 0.038600 0.070900 0.083700 0.056000 0.027000 0.073100 0.016100 0.044300 0.069300 0.076700 0.093300 0.090100 0.016200 0.083300 0.059500 0.021600 0.074200 0.074500 0.016200 0.076100 0.016000 0.077800 0.076400 0.077600 0.084200 0.038800 0.090600 0.000000 0.032100 0.061400 0.010800 0.027100 0.087000 0.079400 0.085700 0.077000 0.062600 0.092200 0.061400 0.081500 0.059600 0.072200 0.066600 0.073200 0.072200 0.077800
Gemsbok 0.021400 0.426600 0.087600 0.227900 0.048500 0.021300 0.043600 0.081100 0.088100 0.061500 0.037500 0.066300 0.037000 0.049300 0.052900 0.098400 0.075200 0.071600 0.026800 0.088300 0.069700 0.021200 0.079000 0.079300 0.026800 0.086200 0.037000 0.082500 0.075300 0.081100 0.088100 0.043800 0.083600 0.032100 0.000000 0.066300 0.021300 0.026800 0.085700 0.072500 0.090400 0.087300 0.067500 0.085100 0.065100 0.091500 0.069800 0.076900 0.065500 0.077900 0.076900 0.082400
Yak 0.061200 0.395300 0.053400 0.202700 0.078000 0.060900 0.061900 0.093800 0.060400 0.056100 0.066400 0.032600 0.066400 0.044200 0.087100 0.111600 0.087100 0.083700 0.055400 0.060100 0.076300 0.060900 0.073800 0.068100 0.055400 0.099000 0.066400 0.054700 0.099300 0.054400 0.083800 0.049900 0.084200 0.061400 0.066300 0.000000 0.049900 0.066400 0.098500 0.079000 0.085300 0.100200 0.062300 0.091800 0.010800 0.098500 0.088200 0.083400 0.090000 0.072800 0.049200 0.054600
BlueSheep 0.010800 0.424500 0.071500 0.238500 0.027000 0.010700 0.027200 0.059700 0.072100 0.045000 0.016100 0.061400 0.016100 0.032600 0.058800 0.076700 0.081800 0.078400 0.005400 0.071700 0.048100 0.010700 0.062400 0.062600 0.005400 0.065100 0.016100 0.066300 0.064200 0.066100 0.072300 0.027500 0.078800 0.010800 0.021300 0.049900 0.000000 0.016300 0.075700 0.067600 0.072800 0.065600 0.050900 0.080200 0.050000 0.070200 0.047700 0.060000 0.054300 0.061500 0.060700 0.066200
BohorReedb 0.016200 0.404500 0.088500 0.230500 0.021300 0.016100 0.032800 0.053000 0.089200 0.050500 0.021500 0.067000 0.032100 0.038500 0.053100 0.070800 0.087200 0.095700 0.021600 0.088800 0.053700 0.027000 0.068000 0.068300 0.010800 0.059000 0.032400 0.083300 0.059300 0.083100 0.078100 0.033000 0.096200 0.027100 0.026800 0.066400 0.016300 0.000000 0.081000 0.085000 0.079400 0.059400 0.056500 0.085900 0.067000 0.064400 0.042400 0.066000 0.049300 0.067100 0.077700 0.083200
KirksDik 0.086700 0.479500 0.131100 0.269800 0.091100 0.086300 0.092600 0.041300 0.138100 0.111900 0.080300 0.121800 0.080400 0.086800 0.129400 0.057500 0.129300 0.138900 0.081000 0.137500 0.035600 0.086300 0.129800 0.124100 0.069700 0.056900 0.080400 0.132100 0.057200 0.131700 0.127100 0.081700 0.121900 0.087000 0.085700 0.098500 0.075700 0.081000 0.000000 0.134700 0.130000 0.057700 0.118300 0.136000 0.098500 0.111400 0.046800 0.126500 0.097100 0.116300 0.126500 0.131900
RoeDeer 0.079100 0.388300 0.100700 0.209600 0.096200 0.078700 0.072700 0.118200 0.095700 0.033500 0.084200 0.079000 0.084300 0.079200 0.093500 0.136600 0.087700 0.096200 0.073200 0.095200 0.111700 0.067100 0.050900 0.056900 0.073200 0.123400 0.084300 0.089700 0.123800 0.089500 0.061200 0.073500 0.096700 0.079400 0.072500 0.079000 0.067600 0.085000 0.134700 0.000000 0.062300 0.124900 0.039500 0.078700 0.079000 0.122700 0.118300 0.095800 0.102400 0.085200 0.084000 0.077900
WhiteLippe 0.085400 0.381500 0.107000 0.211300 0.090600 0.084900 0.067500 0.100700 0.102100 0.027900 0.090500 0.085400 0.090500 0.073600 0.111400 0.118800 0.117300 0.102600 0.079400 0.101500 0.106200 0.085000 0.033800 0.039600 0.079400 0.105900 0.090500 0.096000 0.105900 0.095700 0.055700 0.067900 0.067600 0.085700 0.090400 0.085300 0.072800 0.079400 0.130000 0.062300 0.000000 0.107300 0.033900 0.062900 0.085300 0.129200 0.100900 0.090300 0.103000 0.067800 0.090300 0.095900
ThomsonGaz 0.076800 0.469900 0.121400 0.289600 0.070500 0.076400 0.071200 0.026100 0.128600 0.088900 0.070500 0.124000 0.070500 0.065800 0.113100 0.041600 0.131500 0.141400 0.071100 0.127900 0.031300 0.076400 0.107800 0.114200 0.059700 0.031200 0.070500 0.122400 0.020600 0.122100 0.117300 0.060300 0.129900 0.077000 0.087300 0.100200 0.065600 0.059400 0.057700 0.124900 0.107300 0.000000 0.090400 0.132200 0.100200 0.096400 0.026100 0.105000 0.082100 0.094700 0.116800 0.122300
MuntiacusC 0.062100 0.375100 0.084100 0.218700 0.067700 0.062000 0.044800 0.089800 0.079000 0.005600 0.067600 0.074000 0.067600 0.050800 0.088700 0.107900 0.094600 0.090900 0.056500 0.078600 0.095300 0.062100 0.022500 0.028400 0.056500 0.095100 0.067600 0.073100 0.095400 0.072900 0.033300 0.044900 0.079600 0.062600 0.067500 0.062300 0.050900 0.056500 0.118300 0.039500 0.033900 0.090400 0.000000 0.051600 0.062300 0.106300 0.089900 0.067400 0.079700 0.056300 0.067400 0.073000
WhiteTaile 0.091900 0.441000 0.113800 0.240500 0.097100 0.091400 0.085700 0.125300 0.121000 0.044900 0.097000 0.103900 0.097100 0.092000 0.123300 0.137900 0.112200 0.097300 0.085800 0.120300 0.118700 0.091400 0.051400 0.022500 0.085800 0.130500 0.097100 0.114700 0.119000 0.113200 0.072300 0.086200 0.085800 0.092200 0.085100 0.091800 0.080200 0.085900 0.136000 0.078700 0.062900 0.132200 0.051600 0.000000 0.091900 0.129800 0.119500 0.108900 0.115700 0.086000 0.108900 0.114600
Cattle 0.061300 0.395300 0.053700 0.216300 0.078000 0.060900 0.060700 0.093800 0.049200 0.056300 0.066400 0.033000 0.066400 0.044200 0.075200 0.111600 0.087100 0.083800 0.055500 0.060100 0.076300 0.060900 0.073800 0.068200 0.055500 0.099000 0.066400 0.054700 0.099400 0.054600 0.072600 0.049900 0.084300 0.061400 0.065100 0.010800 0.050000 0.067000 0.098500 0.079000 0.085300 0.100200 0.062300 0.091900 0.000000 0.087200 0.088300 0.072500 0.078400 0.061300 0.049100 0.054600
RoyalAntel 0.081300 0.477200 0.119500 0.276000 0.075000 0.080800 0.081300 0.090200 0.103400 0.100100 0.075100 0.098500 0.086200 0.087200 0.095500 0.107200 0.117800 0.127200 0.075500 0.125800 0.084400 0.080000 0.117800 0.112200 0.064300 0.095200 0.086200 0.120400 0.095600 0.120100 0.115400 0.081800 0.139700 0.081500 0.091500 0.098500 0.070200 0.064400 0.111400 0.122700 0.129200 0.096400 0.106300 0.129800 0.087200 0.000000 0.084900 0.103400 0.075300 0.104700 0.114800 0.107700
Steenbok 0.059400 0.458000 0.121100 0.274000 0.053400 0.059100 0.065300 0.020700 0.122700 0.083700 0.053400 0.111600 0.053400 0.059800 0.096700 0.036200 0.119400 0.128800 0.053800 0.121500 0.020700 0.059100 0.101400 0.101800 0.042800 0.025600 0.053000 0.116000 0.025900 0.115800 0.110900 0.054400 0.117500 0.059600 0.069800 0.088200 0.047700 0.042400 0.046800 0.118300 0.100900 0.026100 0.089900 0.119500 0.088300 0.084900 0.000000 0.097800 0.076100 0.088400 0.110400 0.115900
Impala 0.072000 0.435100 0.104700 0.234400 0.077100 0.071600 0.042800 0.098600 0.088400 0.061400 0.077000 0.095100 0.077000 0.060600 0.086300 0.116300 0.114900 0.100400 0.066200 0.099400 0.104000 0.071600 0.078900 0.085000 0.065200 0.103100 0.077000 0.093900 0.104200 0.093700 0.077300 0.055100 0.101000 0.072200 0.076900 0.083400 0.060000 0.066000 0.126500 0.095800 0.090300 0.105000 0.067400 0.108900 0.072500 0.103400 0.097800 0.000000 0.077500 0.066400 0.087800 0.093800
Klipspring 0.066400 0.447900 0.105600 0.271300 0.060100 0.066000 0.054500 0.076000 0.077600 0.072700 0.060100 0.107700 0.070500 0.055400 0.087000 0.093200 0.115700 0.101400 0.059900 0.100200 0.081400 0.054800 0.091400 0.097700 0.049300 0.081100 0.071000 0.093100 0.081500 0.094500 0.089500 0.049800 0.125900 0.066600 0.065500 0.090000 0.054300 0.049300 0.097100 0.102400 0.103000 0.082100 0.079700 0.115700 0.078400 0.075300 0.076100 0.077500 0.000000 0.078500 0.089100 0.094600
ForestMusk 0.072600 0.410500 0.082800 0.222000 0.066600 0.072600 0.055500 0.076900 0.066300 0.050600 0.066500 0.084500 0.078100 0.061400 0.087400 0.106000 0.104600 0.089400 0.067100 0.077400 0.093800 0.072600 0.056100 0.062400 0.067000 0.082000 0.078100 0.071900 0.093900 0.071700 0.066700 0.055500 0.078200 0.073200 0.077900 0.072800 0.061500 0.067100 0.116300 0.085200 0.067800 0.094700 0.056300 0.086000 0.061300 0.104700 0.088400 0.066400 0.078500 0.000000 0.066300 0.071800
Bushbuck 0.072000 0.416800 0.026200 0.248300 0.088700 0.071600 0.054700 0.110300 0.021200 0.061400 0.075800 0.060500 0.077000 0.060600 0.097600 0.128200 0.103300 0.100400 0.066200 0.021200 0.104000 0.060300 0.078900 0.085000 0.065100 0.115400 0.077000 0.015800 0.115300 0.015900 0.088100 0.055000 0.100900 0.072200 0.076900 0.049200 0.060700 0.077700 0.126500 0.084000 0.090300 0.116800 0.067400 0.108900 0.049100 0.114800 0.110400 0.087800 0.089100 0.066300 0.000000 0.015900
GreaterKud 0.077500 0.423900 0.031800 0.254300 0.094200 0.077100 0.060200 0.115700 0.026700 0.066900 0.081200 0.054400 0.082500 0.066000 0.103000 0.133700 0.097200 0.105900 0.071700 0.026500 0.109500 0.064500 0.084500 0.090600 0.071600 0.120800 0.082500 0.021000 0.121300 0.010500 0.094200 0.060500 0.106500 0.077800 0.082400 0.054600 0.066200 0.083200 0.131900 0.077900 0.095900 0.122300 0.073000 0.114600 0.054600 0.107700 0.115900 0.093800 0.094600 0.071800 0.015900 0.000000
