CODONML (in paml version 4.10.7, June 2023)  /home/rachel/ruminants_paml/6406-phy-tree/ENSBTAT00000020713.fasta.phy
Model: free dN/dS Ratios for branches,  kappa = 2.000 fixed

Codon frequency model: F3x4
ns =  54  ls = 104

Codon usage in sequences
--------------------------------------------------------------------------------------------------------------------------------------
Phe TTT   4   5   4   5   5   6 | Ser TCT   2   2   2   2   1   1 | Tyr TAT   3   3   3   3   2   2 | Cys TGT   0   0   0   0   0   0
    TTC   2   1   2   1   1   1 |     TCC   1   1   1   1   2   2 |     TAC   4   4   4   4   5   5 |     TGC   2   2   2   2   2   2
Leu TTA   1   2   1   1   2   2 |     TCA   1   1   1   1   1   1 | *** TAA   0   0   0   0   0   0 | *** TGA   0   0   0   0   0   0
    TTG   2   1   2   2   2   1 |     TCG   0   0   0   0   0   0 |     TAG   0   0   0   0   0   0 | Trp TGG   1   1   1   1   1   1
--------------------------------------------------------------------------------------------------------------------------------------
Leu CTT   4   3   4   4   5   4 | Pro CCT   4   4   4   4   4   4 | His CAT   5   5   5   5   5   5 | Arg CGT   0   1   1   1   1   1
    CTC   3   1   2   1   0   1 |     CCC   1   2   1   1   1   1 |     CAC   1   1   1   1   1   1 |     CGC   1   0   0   0   0   0
    CTA   0   2   1   2   2   3 |     CCA   1   1   2   2   2   2 | Gln CAA   0   0   0   0   0   0 |     CGA   1   1   1   1   1   1
    CTG   1   2   1   1   0   0 |     CCG   1   0   0   0   0   0 |     CAG   3   3   3   3   3   3 |     CGG   0   0   0   0   0   0
--------------------------------------------------------------------------------------------------------------------------------------
Ile ATT   4   3   4   4   3   3 | Thr ACT   1   1   1   1   1   1 | Asn AAT   6   7   7   7   6   6 | Ser AGT   1   1   1   1   1   2
    ATC   1   5   4   3   4   5 |     ACC   3   2   2   2   2   2 |     AAC   2   1   1   1   2   1 |     AGC   0   0   0   0   0   0
    ATA   1   1   1   1   1   1 |     ACA   3   3   3   3   3   3 | Lys AAA   4   3   4   4   2   3 | Arg AGA   2   2   2   2   2   2
Met ATG   4   4   4   4   4   4 |     ACG   0   0   0   0   0   0 |     AAG   1   2   1   1   3   2 |     AGG   0   0   0   0   0   0
--------------------------------------------------------------------------------------------------------------------------------------
Val GTT   2   2   2   2   2   2 | Ala GCT   1   1   1   1   1   1 | Asp GAT   2   1   2   2   2   2 | Gly GGT   1   1   1   1   2   2
    GTC   3   1   1   2   1   0 |     GCC   0   0   0   0   1   0 |     GAC   0   1   0   0   0   0 |     GGC   2   3   2   2   2   2
    GTA   1   2   1   0   0   0 |     GCA   0   0   0   0   0   0 | Glu GAA   0   0   0   0   0   0 |     GGA   3   2   3   3   2   2
    GTG   2   1   2   3   3   3 |     GCG   0   0   0   0   0   0 |     GAG   4   4   4   4   4   4 |     GGG   1   1   1   1   1   1
--------------------------------------------------------------------------------------------------------------------------------------

--------------------------------------------------------------------------------------------------------------------------------------
Phe TTT   4   4   4   4   4   4 | Ser TCT   2   2   2   2   2   2 | Tyr TAT   3   3   3   3   3   3 | Cys TGT   0   0   0   0   0   0
    TTC   2   2   2   2   2   2 |     TCC   1   1   1   1   1   1 |     TAC   4   4   4   4   4   4 |     TGC   2   2   2   2   2   2
Leu TTA   1   1   1   1   1   1 |     TCA   1   1   1   1   1   1 | *** TAA   0   0   0   0   0   0 | *** TGA   0   0   0   0   0   0
    TTG   2   2   2   2   2   3 |     TCG   0   0   0   0   0   0 |     TAG   0   0   0   0   0   0 | Trp TGG   1   1   1   1   1   1
--------------------------------------------------------------------------------------------------------------------------------------
Leu CTT   4   4   4   4   4   4 | Pro CCT   4   4   4   4   3   4 | His CAT   5   5   5   5   5   5 | Arg CGT   1   0   1   1   1   1
    CTC   2   3   2   2   2   1 |     CCC   1   1   1   1   1   1 |     CAC   1   1   1   1   1   1 |     CGC   0   1   0   0   0   0
    CTA   1   0   1   1   1   2 |     CCA   2   1   2   2   2   2 | Gln CAA   0   0   1   0   0   0 |     CGA   1   1   1   1   1   1
    CTG   1   1   1   1   1   0 |     CCG   0   1   0   0   1   0 |     CAG   3   3   2   3   3   3 |     CGG   0   0   0   0   0   0
--------------------------------------------------------------------------------------------------------------------------------------
Ile ATT   4   4   4   4   4   5 | Thr ACT   1   1   1   1   1   1 | Asn AAT   7   6   7   7   7   7 | Ser AGT   1   1   1   1   1   1
    ATC   4   1   4   4   4   3 |     ACC   2   3   2   2   2   2 |     AAC   1   2   1   1   1   1 |     AGC   0   0   0   0   0   0
    ATA   1   1   1   1   1   1 |     ACA   3   3   3   3   3   3 | Lys AAA   3   4   4   4   4   4 | Arg AGA   2   2   2   2   2   2
Met ATG   4   4   4   4   4   4 |     ACG   0   0   0   0   0   0 |     AAG   2   1   1   1   1   1 |     AGG   0   0   0   0   0   0
--------------------------------------------------------------------------------------------------------------------------------------
Val GTT   2   2   2   2   2   2 | Ala GCT   1   1   1   1   1   1 | Asp GAT   2   2   2   2   2   2 | Gly GGT   1   1   1   1   1   1
    GTC   1   3   1   1   1   1 |     GCC   0   0   0   0   0   0 |     GAC   0   0   0   0   0   0 |     GGC   2   2   2   2   2   2
    GTA   1   1   1   1   1   1 |     GCA   0   0   0   0   0   0 | Glu GAA   0   0   0   0   0   0 |     GGA   3   3   3   3   3   3
    GTG   2   2   2   2   2   2 |     GCG   0   0   0   0   0   0 |     GAG   4   4   4   4   4   4 |     GGG   1   1   1   1   1   1
--------------------------------------------------------------------------------------------------------------------------------------

--------------------------------------------------------------------------------------------------------------------------------------
Phe TTT   4   4   4   4   4   4 | Ser TCT   2   2   1   2   2   2 | Tyr TAT   3   3   3   3   3   3 | Cys TGT   0   0   0   0   0   0
    TTC   2   2   2   2   2   2 |     TCC   1   1   2   1   1   1 |     TAC   4   4   3   4   4   4 |     TGC   2   2   2   2   2   2
Leu TTA   1   1   1   1   1   1 |     TCA   1   1   1   1   1   1 | *** TAA   0   0   0   0   0   0 | *** TGA   0   0   0   0   0   0
    TTG   2   2   2   2   2   2 |     TCG   0   0   0   0   0   0 |     TAG   0   0   0   0   0   0 | Trp TGG   1   1   1   1   1   1
--------------------------------------------------------------------------------------------------------------------------------------
Leu CTT   4   4   5   4   4   4 | Pro CCT   4   4   3   4   4   4 | His CAT   5   5   5   4   4   5 | Arg CGT   0   1   1   1   1   1
    CTC   3   2   2   2   2   2 |     CCC   1   1   1   1   1   1 |     CAC   1   1   2   2   2   1 |     CGC   1   0   0   0   0   0
    CTA   0   1   0   1   1   1 |     CCA   2   2   1   2   2   2 | Gln CAA   0   0   0   1   0   0 |     CGA   1   1   1   1   1   1
    CTG   1   1   1   1   1   1 |     CCG   0   0   2   0   0   0 |     CAG   3   3   3   2   3   3 |     CGG   0   0   0   0   0   0
--------------------------------------------------------------------------------------------------------------------------------------
Ile ATT   4   4   4   4   4   4 | Thr ACT   1   1   1   1   1   1 | Asn AAT   6   7   7   7   7   6 | Ser AGT   1   1   1   1   1   1
    ATC   1   4   3   4   4   4 |     ACC   3   2   2   2   2   2 |     AAC   2   1   1   1   1   2 |     AGC   0   0   0   0   0   0
    ATA   1   1   1   1   1   1 |     ACA   3   3   3   3   3   3 | Lys AAA   4   4   4   4   4   4 | Arg AGA   2   2   2   2   2   2
Met ATG   4   4   4   4   4   4 |     ACG   0   0   0   0   0   0 |     AAG   1   1   1   1   1   1 |     AGG   0   0   0   0   0   0
--------------------------------------------------------------------------------------------------------------------------------------
Val GTT   2   2   2   2   2   2 | Ala GCT   1   1   1   1   1   1 | Asp GAT   2   2   2   2   2   2 | Gly GGT   1   1   1   1   1   1
    GTC   3   1   2   1   1   1 |     GCC   0   0   0   0   0   0 |     GAC   0   0   0   0   0   0 |     GGC   2   2   2   2   2   2
    GTA   1   1   1   1   1   1 |     GCA   0   0   0   0   0   0 | Glu GAA   0   0   0   0   0   0 |     GGA   3   3   3   3   3   3
    GTG   2   2   2   2   2   2 |     GCG   0   0   0   0   0   0 |     GAG   4   4   4   4   4   4 |     GGG   1   1   1   1   1   1
--------------------------------------------------------------------------------------------------------------------------------------

--------------------------------------------------------------------------------------------------------------------------------------
Phe TTT   4   4   4   4   4   4 | Ser TCT   2   2   2   2   2   2 | Tyr TAT   3   3   3   3   3   3 | Cys TGT   0   0   0   0   0   0
    TTC   2   2   2   2   2   2 |     TCC   1   1   1   1   1   1 |     TAC   4   4   4   4   4   4 |     TGC   2   2   2   2   2   2
Leu TTA   1   1   1   1   1   1 |     TCA   1   1   1   1   1   1 | *** TAA   0   0   0   0   0   0 | *** TGA   0   0   0   0   0   0
    TTG   3   3   2   2   2   2 |     TCG   0   0   0   0   0   0 |     TAG   0   0   0   0   0   0 | Trp TGG   1   1   1   1   1   1
--------------------------------------------------------------------------------------------------------------------------------------
Leu CTT   4   4   4   4   4   4 | Pro CCT   4   4   4   3   4   4 | His CAT   5   5   5   5   5   5 | Arg CGT   1   1   0   1   1   0
    CTC   1   1   3   2   2   3 |     CCC   1   1   1   1   1   1 |     CAC   1   1   1   1   1   1 |     CGC   0   0   1   0   0   1
    CTA   2   2   0   1   1   0 |     CCA   2   2   2   2   2   2 | Gln CAA   0   0   0   0   0   0 |     CGA   1   1   1   1   1   1
    CTG   0   0   1   1   1   1 |     CCG   0   0   0   1   0   0 |     CAG   3   3   3   3   3   3 |     CGG   0   0   0   0   0   0
--------------------------------------------------------------------------------------------------------------------------------------
Ile ATT   4   4   4   4   4   4 | Thr ACT   1   1   1   1   1   1 | Asn AAT   6   6   6   7   7   6 | Ser AGT   1   1   1   1   1   1
    ATC   4   4   2   4   4   1 |     ACC   2   2   3   2   2   3 |     AAC   2   2   2   1   1   2 |     AGC   0   0   0   0   0   0
    ATA   1   1   1   1   1   1 |     ACA   3   3   3   3   3   3 | Lys AAA   4   4   4   4   4   4 | Arg AGA   2   2   2   2   2   2
Met ATG   4   4   4   4   4   4 |     ACG   0   0   0   0   0   0 |     AAG   1   1   1   1   1   1 |     AGG   0   0   0   0   0   0
--------------------------------------------------------------------------------------------------------------------------------------
Val GTT   2   2   2   2   2   2 | Ala GCT   1   1   1   1   1   1 | Asp GAT   2   2   2   2   2   2 | Gly GGT   1   1   1   1   0   1
    GTC   1   1   2   1   1   3 |     GCC   0   0   0   0   0   0 |     GAC   0   0   0   0   0   0 |     GGC   2   2   2   2   3   2
    GTA   1   1   1   1   1   1 |     GCA   0   0   0   0   0   0 | Glu GAA   0   0   0   0   0   0 |     GGA   3   3   3   3   3   3
    GTG   2   2   2   2   2   2 |     GCG   0   0   0   0   0   0 |     GAG   4   4   4   4   4   4 |     GGG   1   1   1   1   1   1
--------------------------------------------------------------------------------------------------------------------------------------

--------------------------------------------------------------------------------------------------------------------------------------
Phe TTT   4   5   4   4   4   4 | Ser TCT   2   2   2   2   1   2 | Tyr TAT   3   3   3   3   3   3 | Cys TGT   0   0   0   0   0   0
    TTC   2   1   2   2   2   2 |     TCC   1   1   1   1   2   1 |     TAC   4   4   4   4   3   4 |     TGC   2   2   2   2   2   2
Leu TTA   1   1   1   1   1   1 |     TCA   1   1   1   1   1   1 | *** TAA   0   0   0   0   0   0 | *** TGA   0   0   0   0   0   0
    TTG   3   3   2   2   2   2 |     TCG   0   0   0   0   0   0 |     TAG   0   0   0   0   0   0 | Trp TGG   1   1   1   1   1   1
--------------------------------------------------------------------------------------------------------------------------------------
Leu CTT   4   4   4   4   4   4 | Pro CCT   4   4   4   4   3   4 | His CAT   5   5   5   5   5   5 | Arg CGT   1   1   0   1   1   1
    CTC   1   1   3   2   3   2 |     CCC   1   1   1   1   1   1 |     CAC   1   1   1   1   2   1 |     CGC   0   0   1   0   0   0
    CTA   2   2   0   1   0   1 |     CCA   2   2   2   2   1   2 | Gln CAA   0   1   0   0   0   0 |     CGA   1   1   1   1   1   1
    CTG   0   0   1   1   1   1 |     CCG   0   0   0   0   2   0 |     CAG   3   2   3   3   3   3 |     CGG   0   0   0   0   0   0
--------------------------------------------------------------------------------------------------------------------------------------
Ile ATT   4   4   4   4   4   4 | Thr ACT   1   1   1   1   1   1 | Asn AAT   7   7   6   7   6   7 | Ser AGT   1   1   1   1   1   1
    ATC   4   4   2   4   3   4 |     ACC   2   2   3   2   2   2 |     AAC   1   1   2   1   2   1 |     AGC   0   0   0   0   0   0
    ATA   1   1   1   1   1   1 |     ACA   3   2   3   3   3   3 | Lys AAA   4   4   4   4   4   4 | Arg AGA   2   2   2   2   2   2
Met ATG   4   4   4   4   4   4 |     ACG   0   1   0   0   0   0 |     AAG   1   1   1   1   1   1 |     AGG   0   0   0   0   0   0
--------------------------------------------------------------------------------------------------------------------------------------
Val GTT   2   2   2   2   2   2 | Ala GCT   1   1   1   1   1   1 | Asp GAT   2   2   2   2   2   2 | Gly GGT   1   1   1   1   1   1
    GTC   1   1   2   1   2   1 |     GCC   0   0   0   0   0   0 |     GAC   0   0   0   0   0   0 |     GGC   2   2   2   2   2   2
    GTA   1   1   1   1   1   1 |     GCA   0   0   0   0   0   0 | Glu GAA   0   0   0   0   0   0 |     GGA   3   3   3   2   3   3
    GTG   2   2   2   2   2   2 |     GCG   0   0   0   0   0   0 |     GAG   4   4   4   4   4   4 |     GGG   1   1   1   2   1   1
--------------------------------------------------------------------------------------------------------------------------------------

--------------------------------------------------------------------------------------------------------------------------------------
Phe TTT   4   4   4   4   4   4 | Ser TCT   2   2   2   2   2   1 | Tyr TAT   3   3   3   3   3   3 | Cys TGT   0   0   0   0   0   0
    TTC   2   2   2   2   2   2 |     TCC   1   1   1   1   1   2 |     TAC   4   4   4   4   4   3 |     TGC   2   2   2   2   2   2
Leu TTA   1   1   1   1   1   1 |     TCA   1   1   1   1   1   1 | *** TAA   0   0   0   0   0   0 | *** TGA   0   0   0   0   0   0
    TTG   2   2   3   2   3   2 |     TCG   0   0   0   0   0   0 |     TAG   0   0   0   0   0   0 | Trp TGG   1   1   1   1   1   1
--------------------------------------------------------------------------------------------------------------------------------------
Leu CTT   4   4   4   4   4   4 | Pro CCT   4   3   5   4   4   3 | His CAT   5   5   5   4   6   5 | Arg CGT   1   1   1   1   1   1
    CTC   2   2   1   2   1   3 |     CCC   1   1   1   1   1   1 |     CAC   1   1   1   2   0   2 |     CGC   0   0   0   0   0   0
    CTA   1   1   2   1   2   0 |     CCA   2   2   1   2   2   2 | Gln CAA   0   0   0   1   0   0 |     CGA   1   1   1   1   1   1
    CTG   1   1   0   1   0   1 |     CCG   0   1   0   0   0   1 |     CAG   3   3   3   2   3   3 |     CGG   0   0   0   0   0   0
--------------------------------------------------------------------------------------------------------------------------------------
Ile ATT   4   4   5   4   4   4 | Thr ACT   1   1   2   1   1   1 | Asn AAT   7   7   7   7   6   6 | Ser AGT   1   1   1   1   1   1
    ATC   4   4   3   4   4   3 |     ACC   2   2   2   2   2   2 |     AAC   1   1   1   1   2   2 |     AGC   0   0   0   0   0   0
    ATA   1   1   1   1   1   1 |     ACA   3   3   2   3   3   3 | Lys AAA   4   4   4   4   4   4 | Arg AGA   2   2   2   2   2   2
Met ATG   4   4   4   4   4   4 |     ACG   0   0   0   0   0   0 |     AAG   1   1   1   1   1   1 |     AGG   0   0   0   0   0   0
--------------------------------------------------------------------------------------------------------------------------------------
Val GTT   2   2   2   2   2   2 | Ala GCT   1   1   1   1   1   1 | Asp GAT   2   2   2   2   2   2 | Gly GGT   1   1   1   1   1   1
    GTC   1   1   1   1   1   2 |     GCC   0   0   0   0   0   0 |     GAC   0   0   0   0   0   0 |     GGC   2   2   2   2   2   2
    GTA   1   1   1   1   1   1 |     GCA   0   0   0   0   0   0 | Glu GAA   0   0   0   0   1   0 |     GGA   3   3   3   3   3   3
    GTG   2   2   2   2   2   2 |     GCG   0   0   0   0   0   0 |     GAG   4   4   4   4   3   4 |     GGG   1   1   1   1   1   1
--------------------------------------------------------------------------------------------------------------------------------------

--------------------------------------------------------------------------------------------------------------------------------------
Phe TTT   4   5   4   4   4   4 | Ser TCT   2   2   2   2   2   2 | Tyr TAT   3   3   3   3   3   3 | Cys TGT   0   0   0   0   0   0
    TTC   2   1   2   2   2   2 |     TCC   1   1   1   1   1   1 |     TAC   3   4   4   4   4   4 |     TGC   2   2   2   2   2   2
Leu TTA   1   1   1   1   1   1 |     TCA   1   1   1   1   1   1 | *** TAA   0   0   0   0   0   0 | *** TGA   0   0   0   0   0   0
    TTG   2   2   2   2   2   3 |     TCG   0   0   0   0   0   0 |     TAG   0   0   0   0   0   0 | Trp TGG   1   1   1   1   1   1
--------------------------------------------------------------------------------------------------------------------------------------
Leu CTT   4   4   4   4   4   4 | Pro CCT   4   4   4   4   4   4 | His CAT   4   5   5   5   5   5 | Arg CGT   1   1   0   1   1   1
    CTC   3   2   3   2   2   1 |     CCC   1   1   1   1   1   1 |     CAC   3   1   1   1   1   1 |     CGC   0   0   1   0   0   0
    CTA   0   1   0   1   1   2 |     CCA   2   2   2   2   2   2 | Gln CAA   0   0   0   0   0   0 |     CGA   1   1   1   1   1   1
    CTG   1   1   1   1   1   0 |     CCG   0   0   0   0   0   0 |     CAG   3   3   3   3   3   3 |     CGG   0   0   0   0   0   0
--------------------------------------------------------------------------------------------------------------------------------------
Ile ATT   4   4   4   4   4   4 | Thr ACT   1   1   1   1   1   1 | Asn AAT   6   7   6   7   7   7 | Ser AGT   1   1   1   1   1   1
    ATC   3   4   1   4   4   4 |     ACC   2   2   3   2   2   2 |     AAC   2   1   2   1   1   1 |     AGC   0   0   0   0   0   0
    ATA   1   1   1   1   1   1 |     ACA   3   2   3   3   3   3 | Lys AAA   4   4   4   3   4   4 | Arg AGA   2   2   2   2   2   2
Met ATG   4   4   4   4   4   4 |     ACG   0   1   0   0   0   0 |     AAG   1   1   1   2   1   1 |     AGG   0   0   0   0   0   0
--------------------------------------------------------------------------------------------------------------------------------------
Val GTT   2   2   2   2   3   2 | Ala GCT   1   1   1   1   0   1 | Asp GAT   2   2   2   2   2   2 | Gly GGT   1   1   1   1   1   1
    GTC   2   1   3   1   0   1 |     GCC   0   0   0   0   1   0 |     GAC   0   0   0   0   0   0 |     GGC   2   2   2   2   2   2
    GTA   1   1   1   1   1   1 |     GCA   0   0   0   0   0   0 | Glu GAA   0   0   0   0   0   0 |     GGA   3   3   3   3   3   3
    GTG   2   2   2   2   2   2 |     GCG   0   0   0   0   0   0 |     GAG   4   4   4   4   4   4 |     GGG   1   1   1   1   1   1
--------------------------------------------------------------------------------------------------------------------------------------

--------------------------------------------------------------------------------------------------------------------------------------
Phe TTT   4   4   4   4   5   4 | Ser TCT   2   2   2   2   2   2 | Tyr TAT   3   3   3   3   3   3 | Cys TGT   0   0   0   0   0   0
    TTC   2   2   2   2   1   2 |     TCC   1   1   1   1   1   1 |     TAC   4   4   4   4   4   4 |     TGC   2   2   2   2   2   2
Leu TTA   1   1   1   1   1   1 |     TCA   1   1   1   1   1   1 | *** TAA   0   0   0   0   0   0 | *** TGA   0   0   0   0   0   0
    TTG   3   2   3   3   2   2 |     TCG   0   0   0   0   0   0 |     TAG   0   0   0   0   0   0 | Trp TGG   1   1   1   1   1   1
--------------------------------------------------------------------------------------------------------------------------------------
Leu CTT   4   4   4   4   4   4 | Pro CCT   4   4   4   4   4   4 | His CAT   5   5   5   5   5   5 | Arg CGT   1   1   1   1   1   1
    CTC   1   2   1   1   2   2 |     CCC   1   1   1   1   1   1 |     CAC   1   1   1   1   1   1 |     CGC   0   0   0   0   0   0
    CTA   2   1   2   2   1   1 |     CCA   2   2   2   2   2   2 | Gln CAA   0   0   0   1   0   0 |     CGA   1   1   1   1   1   0
    CTG   0   1   0   0   1   1 |     CCG   0   0   0   0   0   0 |     CAG   3   3   3   2   3   3 |     CGG   0   0   0   0   0   0
--------------------------------------------------------------------------------------------------------------------------------------
Ile ATT   4   4   5   4   4   5 | Thr ACT   1   1   1   1   1   1 | Asn AAT   7   7   7   6   7   7 | Ser AGT   1   1   1   1   1   1
    ATC   4   4   3   4   4   3 |     ACC   2   2   2   2   2   2 |     AAC   1   1   1   2   1   1 |     AGC   0   0   0   0   0   0
    ATA   1   1   1   1   1   1 |     ACA   3   3   3   2   2   3 | Lys AAA   4   4   4   4   4   4 | Arg AGA   2   2   2   2   2   3
Met ATG   4   4   4   4   4   4 |     ACG   0   0   0   1   1   0 |     AAG   1   1   1   1   1   1 |     AGG   0   0   0   0   0   0
--------------------------------------------------------------------------------------------------------------------------------------
Val GTT   2   2   2   2   2   2 | Ala GCT   1   1   1   1   1   1 | Asp GAT   2   2   2   2   2   2 | Gly GGT   1   1   1   1   1   1
    GTC   1   1   1   1   1   1 |     GCC   0   0   0   0   0   0 |     GAC   0   0   0   0   0   0 |     GGC   2   2   2   2   2   2
    GTA   1   1   1   1   1   1 |     GCA   0   0   0   0   0   0 | Glu GAA   0   0   0   0   0   1 |     GGA   3   3   3   3   3   3
    GTG   2   2   2   2   2   2 |     GCG   0   0   0   0   0   0 |     GAG   4   4   4   4   4   3 |     GGG   1   1   1   1   1   1
--------------------------------------------------------------------------------------------------------------------------------------

--------------------------------------------------------------------------------------------------------------------------------------
Phe TTT   4   4   4   5   4   4 | Ser TCT   2   2   2   2   2   2 | Tyr TAT   4   3   3   3   3   3 | Cys TGT   0   0   0   0   0   0
    TTC   2   2   2   1   2   2 |     TCC   1   1   1   1   1   1 |     TAC   3   4   4   4   4   4 |     TGC   2   2   2   2   2   2
Leu TTA   1   1   1   1   1   1 |     TCA   1   1   1   1   1   1 | *** TAA   0   0   0   0   0   0 | *** TGA   0   0   0   0   0   0
    TTG   2   2   2   2   2   2 |     TCG   0   0   0   0   0   0 |     TAG   0   0   0   0   0   0 | Trp TGG   1   1   1   1   1   1
--------------------------------------------------------------------------------------------------------------------------------------
Leu CTT   4   4   5   4   4   4 | Pro CCT   4   4   4   4   4   4 | His CAT   5   4   5   5   5   5 | Arg CGT   1   1   1   1   1   1
    CTC   2   2   1   1   2   2 |     CCC   1   1   1   1   1   1 |     CAC   1   2   1   1   1   1 |     CGC   0   0   0   0   0   0
    CTA   1   1   1   2   1   1 |     CCA   2   2   2   2   2   2 | Gln CAA   0   0   1   0   0   0 |     CGA   1   1   1   1   1   1
    CTG   1   1   1   1   1   1 |     CCG   0   0   0   0   0   0 |     CAG   3   3   2   3   3   3 |     CGG   0   0   0   0   0   0
--------------------------------------------------------------------------------------------------------------------------------------
Ile ATT   4   4   4   4   4   4 | Thr ACT   1   1   1   1   1   2 | Asn AAT   7   7   7   7   7   7 | Ser AGT   1   1   1   1   1   1
    ATC   4   4   4   3   4   4 |     ACC   2   2   2   2   2   1 |     AAC   1   1   1   1   1   1 |     AGC   0   0   0   0   0   0
    ATA   1   1   1   1   1   1 |     ACA   3   3   3   3   3   3 | Lys AAA   4   4   4   4   4   4 | Arg AGA   2   2   2   2   2   2
Met ATG   4   4   4   4   4   4 |     ACG   0   0   0   0   0   0 |     AAG   1   1   1   1   1   1 |     AGG   0   0   0   0   0   0
--------------------------------------------------------------------------------------------------------------------------------------
Val GTT   2   2   2   2   2   2 | Ala GCT   1   1   1   1   1   1 | Asp GAT   2   2   2   2   2   2 | Gly GGT   1   1   1   1   1   1
    GTC   1   1   1   2   1   1 |     GCC   0   0   0   0   0   0 |     GAC   0   0   0   0   0   0 |     GGC   2   2   2   2   2   2
    GTA   1   1   1   0   1   1 |     GCA   0   0   0   0   0   0 | Glu GAA   0   0   0   0   0   0 |     GGA   3   3   3   3   3   3
    GTG   2   2   2   3   2   2 |     GCG   0   0   0   0   0   0 |     GAG   4   4   4   4   4   4 |     GGG   1   1   1   1   1   1
--------------------------------------------------------------------------------------------------------------------------------------

Codon position x base (3x4) table for each sequence.

#1: Argali         
position  1:    T:0.22115    C:0.25000    A:0.31731    G:0.21154
position  2:    T:0.33654    C:0.18269    A:0.33654    G:0.14423
position  3:    T:0.38462    C:0.25000    A:0.17308    G:0.19231
Average         T:0.31410    C:0.22756    A:0.27564    G:0.18269

#2: LesserMouseDeer
position  1:    T:0.22115    C:0.25000    A:0.33654    G:0.19231
position  2:    T:0.34615    C:0.17308    A:0.33654    G:0.14423
position  3:    T:0.38462    C:0.24038    A:0.19231    G:0.18269
Average         T:0.31731    C:0.22115    A:0.28846    G:0.17308

#3: LesserKudu     
position  1:    T:0.22115    C:0.25000    A:0.33654    G:0.19231
position  2:    T:0.34615    C:0.17308    A:0.33654    G:0.14423
position  3:    T:0.40385    C:0.22115    A:0.19231    G:0.18269
Average         T:0.32372    C:0.21474    A:0.28846    G:0.17308

#4: ForestMuskDeer2
position  1:    T:0.22115    C:0.25000    A:0.32692    G:0.20192
position  2:    T:0.34615    C:0.17308    A:0.33654    G:0.14423
position  3:    T:0.41346    C:0.20192    A:0.19231    G:0.19231
Average         T:0.32692    C:0.20833    A:0.28526    G:0.17949

#5: Camel          
position  1:    T:0.23077    C:0.24038    A:0.32692    G:0.20192
position  2:    T:0.33654    C:0.18269    A:0.33654    G:0.14423
position  3:    T:0.39423    C:0.23077    A:0.17308    G:0.20192
Average         T:0.32051    C:0.21795    A:0.27885    G:0.18269

#6: KillerWhale    
position  1:    T:0.23077    C:0.25000    A:0.33654    G:0.18269
position  2:    T:0.34615    C:0.17308    A:0.32692    G:0.15385
position  3:    T:0.40385    C:0.22115    A:0.19231    G:0.18269
Average         T:0.32692    C:0.21474    A:0.28526    G:0.17308

#7: DefassaWaterbuck
position  1:    T:0.22115    C:0.25000    A:0.33654    G:0.19231
position  2:    T:0.34615    C:0.17308    A:0.33654    G:0.14423
position  3:    T:0.40385    C:0.22115    A:0.18269    G:0.19231
Average         T:0.32372    C:0.21474    A:0.28526    G:0.17628

#8: Sheep          
position  1:    T:0.22115    C:0.25000    A:0.31731    G:0.21154
position  2:    T:0.33654    C:0.18269    A:0.33654    G:0.14423
position  3:    T:0.38462    C:0.25000    A:0.17308    G:0.19231
Average         T:0.31410    C:0.22756    A:0.27564    G:0.18269

#9: MaxwellsDuiker 
position  1:    T:0.22115    C:0.25000    A:0.33654    G:0.19231
position  2:    T:0.34615    C:0.17308    A:0.33654    G:0.14423
position  3:    T:0.40385    C:0.22115    A:0.20192    G:0.17308
Average         T:0.32372    C:0.21474    A:0.29167    G:0.16987

#10: GazellaPrzewalskyi
position  1:    T:0.22115    C:0.25000    A:0.33654    G:0.19231
position  2:    T:0.34615    C:0.17308    A:0.33654    G:0.14423
position  3:    T:0.40385    C:0.22115    A:0.19231    G:0.18269
Average         T:0.32372    C:0.21474    A:0.28846    G:0.17308

#11: MountainNyala  
position  1:    T:0.22115    C:0.25000    A:0.33654    G:0.19231
position  2:    T:0.34615    C:0.17308    A:0.33654    G:0.14423
position  3:    T:0.39423    C:0.22115    A:0.19231    G:0.19231
Average         T:0.32051    C:0.21474    A:0.28846    G:0.17628

#12: MuntiacusMuntjak
position  1:    T:0.23077    C:0.24038    A:0.33654    G:0.19231
position  2:    T:0.34615    C:0.17308    A:0.33654    G:0.14423
position  3:    T:0.41346    C:0.20192    A:0.20192    G:0.18269
Average         T:0.33013    C:0.20513    A:0.29167    G:0.17308

#13: goat           
position  1:    T:0.22115    C:0.25000    A:0.31731    G:0.21154
position  2:    T:0.33654    C:0.18269    A:0.33654    G:0.14423
position  3:    T:0.38462    C:0.25000    A:0.18269    G:0.18269
Average         T:0.31410    C:0.22756    A:0.27885    G:0.17949

#14: AfricanBuffalo 
position  1:    T:0.22115    C:0.25000    A:0.33654    G:0.19231
position  2:    T:0.34615    C:0.17308    A:0.33654    G:0.14423
position  3:    T:0.40385    C:0.22115    A:0.19231    G:0.18269
Average         T:0.32372    C:0.21474    A:0.28846    G:0.17308

#15: Topi           
position  1:    T:0.21154    C:0.25962    A:0.32692    G:0.20192
position  2:    T:0.34615    C:0.17308    A:0.33654    G:0.14423
position  3:    T:0.39423    C:0.23077    A:0.17308    G:0.20192
Average         T:0.31731    C:0.22115    A:0.27885    G:0.18269

#16: CommonDuiker   
position  1:    T:0.22115    C:0.25000    A:0.33654    G:0.19231
position  2:    T:0.34615    C:0.17308    A:0.33654    G:0.14423
position  3:    T:0.39423    C:0.23077    A:0.20192    G:0.17308
Average         T:0.32051    C:0.21795    A:0.29167    G:0.16987

#17: Suni           
position  1:    T:0.22115    C:0.25000    A:0.33654    G:0.19231
position  2:    T:0.34615    C:0.17308    A:0.33654    G:0.14423
position  3:    T:0.39423    C:0.23077    A:0.19231    G:0.18269
Average         T:0.32051    C:0.21795    A:0.28846    G:0.17308

#18: Springbuck     
position  1:    T:0.22115    C:0.25000    A:0.33654    G:0.19231
position  2:    T:0.34615    C:0.17308    A:0.33654    G:0.14423
position  3:    T:0.39423    C:0.23077    A:0.19231    G:0.18269
Average         T:0.32051    C:0.21795    A:0.28846    G:0.17308

#19: Okapi          
position  1:    T:0.23077    C:0.24038    A:0.33654    G:0.19231
position  2:    T:0.34615    C:0.17308    A:0.33654    G:0.14423
position  3:    T:0.39423    C:0.22115    A:0.20192    G:0.18269
Average         T:0.32372    C:0.21154    A:0.29167    G:0.17308

#20: Giraffe        
position  1:    T:0.23077    C:0.24038    A:0.33654    G:0.19231
position  2:    T:0.34615    C:0.17308    A:0.33654    G:0.14423
position  3:    T:0.39423    C:0.22115    A:0.20192    G:0.18269
Average         T:0.32372    C:0.21154    A:0.29167    G:0.17308

#21: TibetanAntelope
position  1:    T:0.22115    C:0.25000    A:0.32692    G:0.20192
position  2:    T:0.33654    C:0.18269    A:0.33654    G:0.14423
position  3:    T:0.38462    C:0.25000    A:0.18269    G:0.18269
Average         T:0.31410    C:0.22756    A:0.28205    G:0.17628

#22: Sitatunga      
position  1:    T:0.22115    C:0.25000    A:0.33654    G:0.19231
position  2:    T:0.34615    C:0.17308    A:0.33654    G:0.14423
position  3:    T:0.39423    C:0.22115    A:0.19231    G:0.19231
Average         T:0.32051    C:0.21474    A:0.28846    G:0.17628

#23: Oribi          
position  1:    T:0.22115    C:0.25000    A:0.33654    G:0.19231
position  2:    T:0.34615    C:0.17308    A:0.33654    G:0.14423
position  3:    T:0.39423    C:0.23077    A:0.19231    G:0.18269
Average         T:0.32051    C:0.21795    A:0.28846    G:0.17308

#24: BarbarySheep   
position  1:    T:0.22115    C:0.25000    A:0.31731    G:0.21154
position  2:    T:0.33654    C:0.18269    A:0.33654    G:0.14423
position  3:    T:0.38462    C:0.25000    A:0.18269    G:0.18269
Average         T:0.31410    C:0.22756    A:0.27885    G:0.17949

#25: Daviddeer      
position  1:    T:0.23077    C:0.24038    A:0.33654    G:0.19231
position  2:    T:0.34615    C:0.17308    A:0.33654    G:0.14423
position  3:    T:0.40385    C:0.21154    A:0.20192    G:0.18269
Average         T:0.32692    C:0.20833    A:0.29167    G:0.17308

#26: Reindeer       
position  1:    T:0.23077    C:0.24038    A:0.33654    G:0.19231
position  2:    T:0.34615    C:0.17308    A:0.33654    G:0.14423
position  3:    T:0.41346    C:0.20192    A:0.20192    G:0.18269
Average         T:0.33013    C:0.20513    A:0.29167    G:0.17308

#27: Ibex           
position  1:    T:0.22115    C:0.25000    A:0.32692    G:0.20192
position  2:    T:0.33654    C:0.18269    A:0.33654    G:0.14423
position  3:    T:0.38462    C:0.25000    A:0.18269    G:0.18269
Average         T:0.31410    C:0.22756    A:0.28205    G:0.17628

#28: GyrantGazelle  
position  1:    T:0.22115    C:0.25000    A:0.33654    G:0.19231
position  2:    T:0.34615    C:0.17308    A:0.33654    G:0.14423
position  3:    T:0.40385    C:0.22115    A:0.18269    G:0.19231
Average         T:0.32372    C:0.21474    A:0.28526    G:0.17628

#29: Hartebeest     
position  1:    T:0.21154    C:0.25962    A:0.32692    G:0.20192
position  2:    T:0.34615    C:0.17308    A:0.33654    G:0.14423
position  3:    T:0.37500    C:0.25000    A:0.17308    G:0.20192
Average         T:0.31090    C:0.22756    A:0.27885    G:0.18269

#30: Bongo          
position  1:    T:0.22115    C:0.25000    A:0.33654    G:0.19231
position  2:    T:0.34615    C:0.17308    A:0.33654    G:0.14423
position  3:    T:0.40385    C:0.22115    A:0.19231    G:0.18269
Average         T:0.32372    C:0.21474    A:0.28846    G:0.17308

#31: Gerenuk        
position  1:    T:0.22115    C:0.25000    A:0.33654    G:0.19231
position  2:    T:0.34615    C:0.17308    A:0.33654    G:0.14423
position  3:    T:0.40385    C:0.22115    A:0.19231    G:0.18269
Average         T:0.32372    C:0.21474    A:0.28846    G:0.17308

#32: CommonEland    
position  1:    T:0.22115    C:0.25000    A:0.33654    G:0.19231
position  2:    T:0.34615    C:0.17308    A:0.33654    G:0.14423
position  3:    T:0.39423    C:0.22115    A:0.19231    G:0.19231
Average         T:0.32051    C:0.21474    A:0.28846    G:0.17628

#33: MuntiacusReevesi
position  1:    T:0.23077    C:0.24038    A:0.33654    G:0.19231
position  2:    T:0.34615    C:0.17308    A:0.33654    G:0.14423
position  3:    T:0.43269    C:0.20192    A:0.18269    G:0.18269
Average         T:0.33654    C:0.20513    A:0.28526    G:0.17308

#34: HarveysDuiker  
position  1:    T:0.22115    C:0.25000    A:0.33654    G:0.19231
position  2:    T:0.34615    C:0.17308    A:0.33654    G:0.14423
position  3:    T:0.39423    C:0.23077    A:0.20192    G:0.17308
Average         T:0.32051    C:0.21795    A:0.29167    G:0.16987

#35: Pronghorn      
position  1:    T:0.23077    C:0.24038    A:0.33654    G:0.19231
position  2:    T:0.34615    C:0.17308    A:0.33654    G:0.14423
position  3:    T:0.40385    C:0.21154    A:0.21154    G:0.17308
Average         T:0.32692    C:0.20833    A:0.29487    G:0.16987

#36: BlueWildebeest 
position  1:    T:0.21154    C:0.25962    A:0.32692    G:0.20192
position  2:    T:0.34615    C:0.17308    A:0.33654    G:0.14423
position  3:    T:0.37500    C:0.25000    A:0.18269    G:0.19231
Average         T:0.31090    C:0.22756    A:0.28205    G:0.17949

#37: Gemsbok        
position  1:    T:0.21154    C:0.25962    A:0.32692    G:0.20192
position  2:    T:0.34615    C:0.17308    A:0.33654    G:0.14423
position  3:    T:0.38462    C:0.25000    A:0.18269    G:0.18269
Average         T:0.31410    C:0.22756    A:0.28205    G:0.17628

#38: Yak            
position  1:    T:0.22115    C:0.25000    A:0.33654    G:0.19231
position  2:    T:0.34615    C:0.17308    A:0.33654    G:0.14423
position  3:    T:0.41346    C:0.21154    A:0.18269    G:0.19231
Average         T:0.32692    C:0.21154    A:0.28526    G:0.17628

#39: BlueSheep      
position  1:    T:0.22115    C:0.25000    A:0.31731    G:0.21154
position  2:    T:0.33654    C:0.18269    A:0.33654    G:0.14423
position  3:    T:0.38462    C:0.25000    A:0.18269    G:0.18269
Average         T:0.31410    C:0.22756    A:0.27885    G:0.17949

#40: BohorReedbuck  
position  1:    T:0.22115    C:0.25000    A:0.33654    G:0.19231
position  2:    T:0.34615    C:0.17308    A:0.33654    G:0.14423
position  3:    T:0.40385    C:0.22115    A:0.18269    G:0.19231
Average         T:0.32372    C:0.21474    A:0.28526    G:0.17628

#41: KirksDik       
position  1:    T:0.22115    C:0.25000    A:0.33654    G:0.19231
position  2:    T:0.34615    C:0.17308    A:0.33654    G:0.14423
position  3:    T:0.40385    C:0.22115    A:0.19231    G:0.18269
Average         T:0.32372    C:0.21474    A:0.28846    G:0.17308

#42: RoeDeer        
position  1:    T:0.23077    C:0.24038    A:0.33654    G:0.19231
position  2:    T:0.34615    C:0.17308    A:0.33654    G:0.14423
position  3:    T:0.40385    C:0.21154    A:0.20192    G:0.18269
Average         T:0.32692    C:0.20833    A:0.29167    G:0.17308

#43: WhiteLippedDeer
position  1:    T:0.23077    C:0.24038    A:0.33654    G:0.19231
position  2:    T:0.34615    C:0.17308    A:0.33654    G:0.14423
position  3:    T:0.40385    C:0.21154    A:0.20192    G:0.18269
Average         T:0.32692    C:0.20833    A:0.29167    G:0.17308

#44: ThomsonGazelle 
position  1:    T:0.22115    C:0.25000    A:0.33654    G:0.19231
position  2:    T:0.34615    C:0.17308    A:0.33654    G:0.14423
position  3:    T:0.40385    C:0.22115    A:0.19231    G:0.18269
Average         T:0.32372    C:0.21474    A:0.28846    G:0.17308

#45: MuntiacusCrinifrons
position  1:    T:0.23077    C:0.24038    A:0.33654    G:0.19231
position  2:    T:0.34615    C:0.17308    A:0.33654    G:0.14423
position  3:    T:0.41346    C:0.20192    A:0.20192    G:0.18269
Average         T:0.33013    C:0.20513    A:0.29167    G:0.17308

#46: WhiteTailedDeer
position  1:    T:0.23077    C:0.24038    A:0.33654    G:0.19231
position  2:    T:0.34615    C:0.17308    A:0.33654    G:0.14423
position  3:    T:0.39423    C:0.22115    A:0.20192    G:0.18269
Average         T:0.32372    C:0.21154    A:0.29167    G:0.17308

#47: Cattle         
position  1:    T:0.22115    C:0.25000    A:0.33654    G:0.19231
position  2:    T:0.34615    C:0.17308    A:0.33654    G:0.14423
position  3:    T:0.41346    C:0.21154    A:0.18269    G:0.19231
Average         T:0.32692    C:0.21154    A:0.28526    G:0.17628

#48: RoyalAntelope  
position  1:    T:0.22115    C:0.24038    A:0.34615    G:0.19231
position  2:    T:0.34615    C:0.17308    A:0.33654    G:0.14423
position  3:    T:0.41346    C:0.21154    A:0.20192    G:0.17308
Average         T:0.32692    C:0.20833    A:0.29487    G:0.16987

#49: Steenbok       
position  1:    T:0.22115    C:0.25000    A:0.33654    G:0.19231
position  2:    T:0.34615    C:0.17308    A:0.33654    G:0.14423
position  3:    T:0.41346    C:0.21154    A:0.19231    G:0.18269
Average         T:0.32692    C:0.21154    A:0.28846    G:0.17308

#50: Impala         
position  1:    T:0.22115    C:0.25000    A:0.33654    G:0.19231
position  2:    T:0.34615    C:0.17308    A:0.33654    G:0.14423
position  3:    T:0.39423    C:0.23077    A:0.19231    G:0.18269
Average         T:0.32051    C:0.21795    A:0.28846    G:0.17308

#51: Klipspringer   
position  1:    T:0.22115    C:0.25000    A:0.33654    G:0.19231
position  2:    T:0.34615    C:0.17308    A:0.33654    G:0.14423
