CODONML (in paml version 4.10.7, June 2023)  /home/rachel/ruminants_paml/6406-phy-tree/ENSBTAT00000064590.fasta.phy
Model: free dN/dS Ratios for branches,  kappa = 2.000 fixed

Codon frequency model: F3x4
ns =  54  ls =  29

Codon usage in sequences
--------------------------------------------------------------------------------------------------------------------------------------
Phe TTT   0   0   0   0   0   0 | Ser TCT   0   0   0   0   0   0 | Tyr TAT   1   1   0   0   1   1 | Cys TGT   0   0   0   0   0   0
    TTC   1   1   1   1   1   1 |     TCC   0   0   0   0   0   0 |     TAC   1   1   2   2   1   1 |     TGC   0   0   0   0   0   0
Leu TTA   0   0   0   0   0   0 |     TCA   0   0   0   0   0   0 | *** TAA   0   0   0   0   0   0 | *** TGA   0   0   0   0   0   0
    TTG   0   0   0   0   0   0 |     TCG   0   0   0   0   0   0 |     TAG   0   0   0   0   0   0 | Trp TGG   1   1   1   1   1   1
--------------------------------------------------------------------------------------------------------------------------------------
Leu CTT   0   0   0   0   0   0 | Pro CCT   0   0   0   0   0   1 | His CAT   0   0   0   0   0   0 | Arg CGT   0   0   0   0   0   0
    CTC   0   1   0   0   0   0 |     CCC   0   0   0   0   0   0 |     CAC   1   1   1   1   1   1 |     CGC   0   0   0   0   0   0
    CTA   1   0   1   1   0   1 |     CCA   1   1   1   0   1   1 | Gln CAA   0   0   1   0   0   0 |     CGA   1   1   1   1   1   0
    CTG   1   1   1   1   2   1 |     CCG   0   1   1   2   1   0 |     CAG   1   1   0   1   2   1 |     CGG   0   0   0   0   0   1
--------------------------------------------------------------------------------------------------------------------------------------
Ile ATT   0   0   0   0   0   0 | Thr ACT   0   0   0   0   0   0 | Asn AAT   2   1   2   2   1   2 | Ser AGT   0   0   0   0   1   0
    ATC   0   1   0   0   0   0 |     ACC   0   0   0   0   0   0 |     AAC   0   0   0   0   0   0 |     AGC   0   0   0   0   0   0
    ATA   1   0   1   1   1   1 |     ACA   0   0   0   0   0   0 | Lys AAA   2   2   2   1   2   2 | Arg AGA   0   0   0   0   0   0
Met ATG   2   2   2   2   1   2 |     ACG   0   0   0   0   0   0 |     AAG   2   1   1   2   1   1 |     AGG   0   1   0   0   0   0
--------------------------------------------------------------------------------------------------------------------------------------
Val GTT   0   0   0   0   0   0 | Ala GCT   0   0   0   0   1   0 | Asp GAT   2   2   3   2   2   2 | Gly GGT   0   0   0   0   0   0
    GTC   0   0   0   0   0   0 |     GCC   0   0   0   0   0   0 |     GAC   2   2   1   2   2   2 |     GGC   0   0   0   0   0   0
    GTA   0   0   0   0   0   0 |     GCA   1   1   1   1   0   1 | Glu GAA   1   1   1   1   1   1 |     GGA   1   2   1   0   2   1
    GTG   0   0   0   0   0   0 |     GCG   1   0   0   0   0   0 |     GAG   1   1   2   2   1   1 |     GGG   1   1   1   2   1   2
--------------------------------------------------------------------------------------------------------------------------------------

--------------------------------------------------------------------------------------------------------------------------------------
Phe TTT   0   0   0   0   0   0 | Ser TCT   0   0   0   0   0   0 | Tyr TAT   0   0   1   0   0   0 | Cys TGT   0   0   0   0   0   0
    TTC   1   1   1   1   1   1 |     TCC   0   0   0   0   0   0 |     TAC   2   2   1   2   2   2 |     TGC   0   0   0   0   0   0
Leu TTA   0   0   0   0   0   0 |     TCA   0   0   0   0   0   0 | *** TAA   0   0   0   0   0   0 | *** TGA   0   0   0   0   0   0
    TTG   0   0   0   0   0   0 |     TCG   0   0   0   0   0   0 |     TAG   0   0   0   0   0   0 | Trp TGG   1   1   1   1   1   1
--------------------------------------------------------------------------------------------------------------------------------------
Leu CTT   0   0   0   0   0   0 | Pro CCT   0   0   0   0   0   0 | His CAT   0   0   0   0   0   0 | Arg CGT   0   0   0   0   0   0
    CTC   0   0   0   0   0   0 |     CCC   0   0   0   0   0   0 |     CAC   1   1   1   1   1   1 |     CGC   0   0   0   0   0   0
    CTA   1   1   1   1   1   1 |     CCA   1   1   1   1   1   1 | Gln CAA   1   0   1   1   1   1 |     CGA   1   1   1   1   1   1
    CTG   1   1   1   1   1   1 |     CCG   0   0   0   0   1   1 |     CAG   0   1   0   0   0   0 |     CGG   0   0   0   0   0   0
--------------------------------------------------------------------------------------------------------------------------------------
Ile ATT   0   0   0   0   0   0 | Thr ACT   0   0   0   0   0   0 | Asn AAT   2   2   2   2   2   2 | Ser AGT   0   0   0   0   0   0
    ATC   0   0   0   0   0   0 |     ACC   0   0   0   0   0   0 |     AAC   0   0   0   0   0   0 |     AGC   0   0   0   0   0   0
    ATA   1   1   1   1   1   1 |     ACA   0   0   0   0   0   0 | Lys AAA   2   2   2   1   2   2 | Arg AGA   0   0   0   1   0   0
Met ATG   2   2   2   2   2   2 |     ACG   0   0   0   0   0   0 |     AAG   2   2   1   1   1   1 |     AGG   0   0   0   0   0   0
--------------------------------------------------------------------------------------------------------------------------------------
Val GTT   0   0   0   0   0   0 | Ala GCT   0   0   0   0   0   0 | Asp GAT   2   2   2   2   3   2 | Gly GGT   0   0   0   0   0   0
    GTC   0   0   0   0   0   0 |     GCC   0   0   0   0   0   0 |     GAC   2   2   2   2   1   2 |     GGC   0   0   0   0   0   0
    GTA   0   0   0   0   0   0 |     GCA   1   1   1   1   1   1 | Glu GAA   1   1   1   1   1   1 |     GGA   1   1   1   1   1   1
    GTG   0   0   0   0   0   0 |     GCG   1   1   1   1   0   0 |     GAG   1   1   2   2   2   2 |     GGG   1   1   1   1   1   1
--------------------------------------------------------------------------------------------------------------------------------------

--------------------------------------------------------------------------------------------------------------------------------------
Phe TTT   0   0   0   0   0   0 | Ser TCT   0   0   0   0   0   0 | Tyr TAT   0   0   0   1   0   0 | Cys TGT   0   0   0   0   0   0
    TTC   1   1   1   1   1   1 |     TCC   0   0   0   0   0   0 |     TAC   2   2   2   1   2   2 |     TGC   0   0   0   0   0   0
Leu TTA   0   0   0   0   0   0 |     TCA   0   0   0   0   0   0 | *** TAA   0   0   0   0   0   0 | *** TGA   0   0   0   0   0   0
    TTG   0   0   0   0   0   0 |     TCG   0   0   0   0   0   0 |     TAG   0   0   0   0   0   0 | Trp TGG   1   1   1   1   1   1
--------------------------------------------------------------------------------------------------------------------------------------
Leu CTT   0   0   0   0   0   0 | Pro CCT   0   0   0   0   0   0 | His CAT   0   0   0   0   0   0 | Arg CGT   0   0   0   0   0   0
    CTC   0   0   0   0   0   0 |     CCC   0   0   0   0   0   0 |     CAC   1   1   1   1   1   1 |     CGC   0   0   0   0   0   0
    CTA   1   1   2   1   1   1 |     CCA   1   1   1   1   1   1 | Gln CAA   0   1   1   1   1   1 |     CGA   1   1   1   1   1   1
    CTG   1   1   0   1   1   1 |     CCG   0   1   0   0   0   0 |     CAG   1   0   0   0   0   0 |     CGG   0   0   0   0   0   0
--------------------------------------------------------------------------------------------------------------------------------------
Ile ATT   0   0   0   0   0   0 | Thr ACT   0   0   0   0   0   0 | Asn AAT   2   2   2   2   2   2 | Ser AGT   0   0   0   0   0   0
    ATC   0   0   0   0   0   0 |     ACC   0   0   0   0   0   0 |     AAC   0   0   0   0   0   1 |     AGC   0   0   0   0   0   0
    ATA   1   1   1   1   1   0 |     ACA   0   0   0   0   0   0 | Lys AAA   2   2   2   2   2   1 | Arg AGA   0   0   0   0   0   0
Met ATG   2   2   2   2   2   3 |     ACG   0   0   0   0   0   0 |     AAG   2   1   1   1   1   1 |     AGG   0   0   0   0   0   0
--------------------------------------------------------------------------------------------------------------------------------------
Val GTT   0   0   0   0   0   0 | Ala GCT   0   0   0   0   0   0 | Asp GAT   2   2   2   2   2   2 | Gly GGT   0   0   0   1   0   0
    GTC   0   0   0   0   0   0 |     GCC   0   0   0   0   1   0 |     GAC   2   2   2   2   2   2 |     GGC   0   0   0   0   0   0
    GTA   0   0   0   0   0   0 |     GCA   1   1   1   1   1   1 | Glu GAA   1   1   1   1   1   1 |     GGA   1   1   1   0   1   1
    GTG   0   0   0   0   0   0 |     GCG   1   0   1   1   0   1 |     GAG   1   2   2   2   2   2 |     GGG   1   1   1   1   1   1
--------------------------------------------------------------------------------------------------------------------------------------

--------------------------------------------------------------------------------------------------------------------------------------
Phe TTT   0   0   0   0   0   0 | Ser TCT   0   0   0   0   0   0 | Tyr TAT   0   0   1   0   0   0 | Cys TGT   0   0   0   0   0   0
    TTC   1   1   1   1   1   1 |     TCC   0   0   0   0   0   0 |     TAC   2   2   1   2   2   2 |     TGC   0   0   0   0   0   0
Leu TTA   0   0   0   0   0   0 |     TCA   0   0   0   0   0   0 | *** TAA   0   0   0   0   0   0 | *** TGA   0   0   0   0   0   0
    TTG   0   0   0   0   0   0 |     TCG   0   0   0   0   0   0 |     TAG   0   0   0   0   0   0 | Trp TGG   1   1   1   1   1   1
--------------------------------------------------------------------------------------------------------------------------------------
Leu CTT   0   0   0   0   0   0 | Pro CCT   0   0   0   0   0   0 | His CAT   0   0   0   0   0   0 | Arg CGT   0   0   0   0   0   0
    CTC   0   0   0   0   0   0 |     CCC   0   0   0   0   0   0 |     CAC   1   1   1   1   1   1 |     CGC   0   0   0   0   0   0
    CTA   1   1   1   1   1   1 |     CCA   1   1   1   1   1   1 | Gln CAA   1   1   0   1   1   0 |     CGA   1   1   1   1   1   1
    CTG   1   1   1   1   1   1 |     CCG   1   1   0   1   0   0 |     CAG   0   0   1   0   0   1 |     CGG   0   0   0   0   0   0
--------------------------------------------------------------------------------------------------------------------------------------
Ile ATT   0   0   0   0   0   0 | Thr ACT   0   0   0   0   0   0 | Asn AAT   2   2   2   2   2   2 | Ser AGT   0   0   0   0   0   0
    ATC   0   0   0   0   0   0 |     ACC   0   0   0   0   0   0 |     AAC   0   0   0   0   0   0 |     AGC   0   0   0   0   0   0
    ATA   1   1   1   1   1   1 |     ACA   0   0   0   0   0   0 | Lys AAA   2   2   2   2   2   2 | Arg AGA   0   0   0   0   0   0
Met ATG   2   2   2   2   2   2 |     ACG   0   0   0   0   0   0 |     AAG   1   1   2   1   2   2 |     AGG   0   0   0   0   0   0
--------------------------------------------------------------------------------------------------------------------------------------
Val GTT   0   0   0   0   0   0 | Ala GCT   0   0   0   0   0   0 | Asp GAT   2   3   2   3   2   2 | Gly GGT   0   0   0   0   0   0
    GTC   0   0   0   0   0   0 |     GCC   0   0   0   0   0   0 |     GAC   2   1   2   1   2   2 |     GGC   0   0   0   0   0   0
    GTA   0   0   0   0   0   0 |     GCA   1   1   1   1   2   1 | Glu GAA   1   1   1   1   1   1 |     GGA   1   1   1   1   1   1
    GTG   0   0   0   0   0   0 |     GCG   0   0   1   0   0   1 |     GAG   2   2   1   2   1   1 |     GGG   1   1   1   1   1   1
--------------------------------------------------------------------------------------------------------------------------------------

--------------------------------------------------------------------------------------------------------------------------------------
Phe TTT   0   0   0   0   0   0 | Ser TCT   0   0   0   0   0   0 | Tyr TAT   0   0   0   0   0   0 | Cys TGT   0   0   0   0   0   0
    TTC   1   1   1   1   1   1 |     TCC   0   0   0   0   0   0 |     TAC   2   2   2   2   2   2 |     TGC   0   0   0   0   0   0
Leu TTA   0   0   0   0   0   0 |     TCA   0   0   0   0   0   0 | *** TAA   0   0   0   0   0   0 | *** TGA   0   0   0   0   0   0
    TTG   0   0   0   0   0   0 |     TCG   0   0   0   0   0   0 |     TAG   0   0   0   0   0   0 | Trp TGG   1   1   1   1   1   1
--------------------------------------------------------------------------------------------------------------------------------------
Leu CTT   0   0   0   0   0   0 | Pro CCT   0   0   0   0   0   0 | His CAT   0   0   0   0   0   0 | Arg CGT   0   0   0   0   0   0
    CTC   0   0   0   0   0   0 |     CCC   0   0   0   0   0   0 |     CAC   1   1   1   1   1   1 |     CGC   0   0   0   0   0   0
    CTA   1   1   1   1   2   1 |     CCA   1   1   1   1   1   1 | Gln CAA   1   1   0   1   1   1 |     CGA   1   1   1   1   1   1
    CTG   1   1   1   1   0   1 |     CCG   1   1   0   0   0   1 |     CAG   0   0   1   0   0   0 |     CGG   0   0   0   0   0   0
--------------------------------------------------------------------------------------------------------------------------------------
Ile ATT   0   0   0   0   0   0 | Thr ACT   0   0   0   0   0   0 | Asn AAT   2   2   2   2   2   2 | Ser AGT   0   0   0   0   0   0
    ATC   0   0   0   0   0   0 |     ACC   0   0   0   0   0   0 |     AAC   0   0   0   0   0   0 |     AGC   0   0   0   0   0   0
    ATA   1   1   1   1   1   1 |     ACA   0   0   0   0   0   0 | Lys AAA   2   2   2   2   2   2 | Arg AGA   0   0   0   0   0   0
Met ATG   2   2   2   2   2   2 |     ACG   0   0   0   0   0   0 |     AAG   1   1   2   1   1   1 |     AGG   0   0   0   0   0   0
--------------------------------------------------------------------------------------------------------------------------------------
Val GTT   0   0   0   0   0   0 | Ala GCT   0   0   0   0   0   0 | Asp GAT   2   2   2   2   2   3 | Gly GGT   0   0   0   0   0   0
    GTC   0   0   0   0   0   0 |     GCC   0   0   0   0   0   0 |     GAC   2   2   2   2   2   1 |     GGC   0   0   0   0   0   0
    GTA   0   0   0   0   0   0 |     GCA   1   1   1   1   1   1 | Glu GAA   1   1   1   1   1   1 |     GGA   1   1   1   1   1   1
    GTG   0   0   0   0   0   0 |     GCG   0   0   1   1   1   0 |     GAG   2   2   1   2   2   2 |     GGG   1   1   1   1   1   1
--------------------------------------------------------------------------------------------------------------------------------------

--------------------------------------------------------------------------------------------------------------------------------------
Phe TTT   0   0   0   0   0   0 | Ser TCT   0   0   0   0   0   0 | Tyr TAT   0   0   0   1   0   0 | Cys TGT   0   0   0   0   0   0
    TTC   1   1   1   1   1   1 |     TCC   0   0   0   0   0   0 |     TAC   2   2   2   1   2   2 |     TGC   0   0   0   0   0   0
Leu TTA   0   0   0   0   0   0 |     TCA   0   0   0   0   0   0 | *** TAA   0   0   0   0   0   0 | *** TGA   0   0   0   0   0   0
    TTG   0   0   0   0   0   0 |     TCG   0   0   0   0   0   0 |     TAG   0   0   0   0   0   0 | Trp TGG   1   1   1   1   1   1
--------------------------------------------------------------------------------------------------------------------------------------
Leu CTT   0   0   0   0   0   0 | Pro CCT   0   0   0   0   0   0 | His CAT   0   0   0   0   0   0 | Arg CGT   0   0   0   0   0   0
    CTC   0   0   0   0   0   0 |     CCC   0   0   0   0   0   0 |     CAC   1   1   1   1   1   1 |     CGC   0   0   0   0   0   0
    CTA   1   1   1   1   1   2 |     CCA   1   1   1   1   2   1 | Gln CAA   1   1   1   1   1   1 |     CGA   1   1   1   1   1   1
    CTG   1   1   1   1   1   0 |     CCG   0   1   1   0   0   0 |     CAG   0   0   0   0   0   0 |     CGG   0   0   0   0   0   0
--------------------------------------------------------------------------------------------------------------------------------------
Ile ATT   0   0   0   0   0   0 | Thr ACT   0   0   0   0   0   0 | Asn AAT   1   2   2   2   2   2 | Ser AGT   1   0   0   0   0   0
    ATC   0   0   0   0   0   0 |     ACC   0   0   0   0   0   0 |     AAC   1   0   0   0   0   0 |     AGC   0   0   0   0   0   0
    ATA   0   1   1   1   1   1 |     ACA   0   0   0   0   0   0 | Lys AAA   1   2   2   2   2   2 | Arg AGA   0   0   0   0   0   0
Met ATG   3   2   2   2   2   2 |     ACG   0   0   0   0   0   0 |     AAG   1   1   1   1   1   1 |     AGG   0   0   0   0   0   0
--------------------------------------------------------------------------------------------------------------------------------------
Val GTT   0   0   0   0   0   0 | Ala GCT   0   0   0   0   0   0 | Asp GAT   2   3   2   2   2   2 | Gly GGT   0   0   0   0   0   0
    GTC   0   0   0   0   0   0 |     GCC   0   0   0   0   0   0 |     GAC   2   1   2   2   2   2 |     GGC   0   0   0   0   0   0
    GTA   0   0   0   0   0   0 |     GCA   1   1   1   1   1   1 | Glu GAA   1   1   1   1   1   1 |     GGA   1   1   1   1   1   1
    GTG   0   0   0   0   0   0 |     GCG   1   0   0   1   0   1 |     GAG   2   2   2   2   2   2 |     GGG   1   1   1   1   1   1
--------------------------------------------------------------------------------------------------------------------------------------

--------------------------------------------------------------------------------------------------------------------------------------
Phe TTT   0   0   0   0   0   0 | Ser TCT   0   0   0   0   0   0 | Tyr TAT   0   0   0   0   1   0 | Cys TGT   1   0   0   0   0   0
    TTC   1   1   1   1   1   1 |     TCC   0   0   0   0   0   0 |     TAC   1   2   2   2   1   2 |     TGC   0   0   0   0   0   0
Leu TTA   0   0   0   0   0   0 |     TCA   0   0   0   0   0   0 | *** TAA   0   0   0   0   0   0 | *** TGA   0   0   0   0   0   0
    TTG   0   0   1   0   0   0 |     TCG   0   0   0   0   0   0 |     TAG   0   0   0   0   0   0 | Trp TGG   1   1   1   1   1   1
--------------------------------------------------------------------------------------------------------------------------------------
Leu CTT   0   0   0   0   0   0 | Pro CCT   0   0   0   0   0   0 | His CAT   0   0   0   0   0   0 | Arg CGT   0   0   0   0   0   0
    CTC   0   1   0   0   0   0 |     CCC   0   0   0   0   0   0 |     CAC   1   1   1   1   1   1 |     CGC   0   0   0   0   0   0
    CTA   2   1   1   1   1   1 |     CCA   1   1   1   1   1   1 | Gln CAA   1   1   0   1   1   1 |     CGA   1   0   1   1   1   1
    CTG   0   1   0   1   1   1 |     CCG   0   1   0   0   0   1 |     CAG   0   0   1   0   0   0 |     CGG   0   0   0   0   0   0
--------------------------------------------------------------------------------------------------------------------------------------
Ile ATT   0   0   0   0   0   0 | Thr ACT   0   0   0   0   0   0 | Asn AAT   2   2   2   2   2   2 | Ser AGT   0   0   0   0   0   0
    ATC   0   0   0   0   0   0 |     ACC   0   0   0   0   0   0 |     AAC   0   0   0   0   0   0 |     AGC   0   0   0   0   0   0
    ATA   1   1   1   1   1   1 |     ACA   0   0   0   0   0   0 | Lys AAA   3   2   2   2   2   2 | Arg AGA   0   0   0   0   0   0
Met ATG   2   2   2   2   2   2 |     ACG   0   0   0   0   0   0 |     AAG   1   1   2   2   1   1 |     AGG   0   0   0   0   0   0
--------------------------------------------------------------------------------------------------------------------------------------
Val GTT   0   0   0   0   0   0 | Ala GCT   0   0   0   0   0   0 | Asp GAT   3   2   2   2   2   2 | Gly GGT   0   0   0   0   0   0
    GTC   0   0   0   0   0   0 |     GCC   0   0   0   0   0   0 |     GAC   1   2   2   2   2   2 |     GGC   0   0   0   0   0   0
    GTA   0   0   0   0   0   0 |     GCA   2   1   1   1   1   1 | Glu GAA   0   1   1   1   1   1 |     GGA   1   1   1   1   1   1
    GTG   0   0   0   0   0   0 |     GCG   0   0   1   1   1   0 |     GAG   2   2   1   1   2   2 |     GGG   1   1   1   1   1   1
--------------------------------------------------------------------------------------------------------------------------------------

--------------------------------------------------------------------------------------------------------------------------------------
Phe TTT   0   0   0   0   0   0 | Ser TCT   0   0   0   0   0   0 | Tyr TAT   1   0   0   0   0   0 | Cys TGT   0   0   0   0   0   0
    TTC   1   1   1   1   1   1 |     TCC   0   0   0   0   0   0 |     TAC   1   2   2   2   2   2 |     TGC   0   0   0   0   0   0
Leu TTA   0   0   0   0   0   0 |     TCA   0   0   0   0   0   0 | *** TAA   0   0   0   0   0   0 | *** TGA   0   0   0   0   0   0
    TTG   0   0   0   0   0   0 |     TCG   0   0   0   0   0   0 |     TAG   0   0   0   0   0   0 | Trp TGG   1   1   1   1   1   1
--------------------------------------------------------------------------------------------------------------------------------------
Leu CTT   0   0   0   0   0   0 | Pro CCT   0   0   0   0   0   0 | His CAT   0   0   0   0   0   0 | Arg CGT   0   0   0   0   0   0
    CTC   0   0   0   0   0   0 |     CCC   0   0   0   0   0   0 |     CAC   1   1   1   1   1   1 |     CGC   0   0   0   0   1   0
    CTA   1   1   1   1   1   1 |     CCA   1   1   1   1   1   1 | Gln CAA   1   1   1   0   1   1 |     CGA   1   1   1   1   0   1
    CTG   1   1   1   1   1   1 |     CCG   1   0   1   1   1   0 |     CAG   0   0   0   1   0   0 |     CGG   0   0   0   0   0   0
--------------------------------------------------------------------------------------------------------------------------------------
Ile ATT   0   0   0   0   0   0 | Thr ACT   0   0   0   0   0   0 | Asn AAT   2   2   2   2   2   2 | Ser AGT   0   0   0   0   0   0
    ATC   0   0   0   0   0   0 |     ACC   0   0   0   0   0   0 |     AAC   0   0   0   0   0   0 |     AGC   0   0   0   0   0   0
    ATA   1   1   1   1   1   1 |     ACA   0   0   0   0   0   0 | Lys AAA   2   2   2   2   2   2 | Arg AGA   0   0   0   0   0   0
Met ATG   2   2   2   2   2   2 |     ACG   0   0   0   0   0   0 |     AAG   1   1   1   1   1   1 |     AGG   0   0   0   0   0   0
--------------------------------------------------------------------------------------------------------------------------------------
Val GTT   0   0   0   0   0   0 | Ala GCT   0   0   0   0   0   0 | Asp GAT   2   2   2   2   2   2 | Gly GGT   0   0   0   0   0   0
    GTC   0   0   0   0   0   0 |     GCC   0   0   0   0   0   0 |     GAC   2   2   2   2   2   2 |     GGC   0   0   0   0   0   0
    GTA   0   0   0   0   0   0 |     GCA   1   1   1   1   1   1 | Glu GAA   1   1   1   1   1   1 |     GGA   1   1   1   1   1   1
    GTG   0   0   0   0   0   0 |     GCG   0   1   0   0   0   1 |     GAG   2   2   2   2   2   2 |     GGG   1   1   1   1   1   1
--------------------------------------------------------------------------------------------------------------------------------------

--------------------------------------------------------------------------------------------------------------------------------------
Phe TTT   0   0   0   0   0   0 | Ser TCT   0   0   0   0   0   0 | Tyr TAT   0   2   0   0   0   0 | Cys TGT   0   0   0   0   0   0
    TTC   1   1   1   1   1   1 |     TCC   0   0   0   0   0   0 |     TAC   2   0   2   2   2   2 |     TGC   0   0   0   0   0   0
Leu TTA   0   0   0   0   0   0 |     TCA   0   0   0   0   0   0 | *** TAA   0   0   0   0   0   0 | *** TGA   0   0   0   0   0   0
    TTG   0   0   0   0   0   0 |     TCG   0   0   0   0   0   0 |     TAG   0   0   0   0   0   0 | Trp TGG   1   1   1   1   1   1
--------------------------------------------------------------------------------------------------------------------------------------
Leu CTT   0   0   0   0   0   0 | Pro CCT   0   0   0   0   0   0 | His CAT   0   0   0   0   0   0 | Arg CGT   0   0   0   0   0   0
    CTC   0   0   0   0   0   0 |     CCC   0   0   0   0   0   0 |     CAC   1   1   1   1   1   1 |     CGC   0   0   0   0   0   0
    CTA   1   1   1   1   1   1 |     CCA   1   1   1   0   1   0 | Gln CAA   0   1   1   0   1   1 |     CGA   1   1   1   1   1   1
    CTG   1   1   1   1   1   1 |     CCG   0   0   0   2   1   1 |     CAG   1   0   0   1   0   0 |     CGG   0   0   0   0   0   0
--------------------------------------------------------------------------------------------------------------------------------------
Ile ATT   0   0   0   0   0   0 | Thr ACT   0   0   0   0   0   0 | Asn AAT   2   2   2   2   2   2 | Ser AGT   0   0   0   0   0   0
    ATC   0   0   0   0   0   0 |     ACC   0   0   0   0   0   0 |     AAC   0   0   0   0   0   0 |     AGC   0   0   0   0   0   0
    ATA   1   1   1   1   1   1 |     ACA   0   0   0   0   0   0 | Lys AAA   2   2   2   1   2   2 | Arg AGA   0   0   0   0   0   0
Met ATG   2   2   2   2   2   2 |     ACG   0   0   0   0   0   0 |     AAG   1   1   1   2   1   1 |     AGG   0   0   0   0   0   0
--------------------------------------------------------------------------------------------------------------------------------------
Val GTT   0   0   0   0   0   0 | Ala GCT   0   0   0   0   0   0 | Asp GAT   2   2   2   2   3   3 | Gly GGT   0   0   0   0   0   0
    GTC   0   0   0   0   0   0 |     GCC   0   0   0   0   0   0 |     GAC   2   2   2   2   1   1 |     GGC   0   0   0   0   0   0
    GTA   0   0   0   0   0   0 |     GCA   1   1   1   1   1   2 | Glu GAA   1   1   1   1   1   1 |     GGA   1   1   1   0   1   1
    GTG   0   0   0   0   0   0 |     GCG   1   1   1   0   0   0 |     GAG   2   2   2   2   2   2 |     GGG   1   1   1   2   1   1
--------------------------------------------------------------------------------------------------------------------------------------

Codon position x base (3x4) table for each sequence.

#1: Argali         
position  1:    T:0.13793    C:0.20690    A:0.31034    G:0.34483
position  2:    T:0.20690    C:0.10345    A:0.55172    G:0.13793
position  3:    T:0.17241    C:0.17241    A:0.31034    G:0.34483
Average         T:0.17241    C:0.16092    A:0.39080    G:0.27586

#2: LesserMouseDeer
position  1:    T:0.13793    C:0.24138    A:0.27586    G:0.34483
position  2:    T:0.20690    C:0.10345    A:0.48276    G:0.20690
position  3:    T:0.13793    C:0.24138    A:0.27586    G:0.34483
Average         T:0.16092    C:0.19540    A:0.34483    G:0.29885

#3: LesserKudu     
position  1:    T:0.13793    C:0.24138    A:0.27586    G:0.34483
position  2:    T:0.20690    C:0.10345    A:0.55172    G:0.13793
position  3:    T:0.17241    C:0.17241    A:0.34483    G:0.31034
Average         T:0.17241    C:0.17241    A:0.39080    G:0.26437

#4: ForestMuskDeer2
position  1:    T:0.13793    C:0.24138    A:0.27586    G:0.34483
position  2:    T:0.20690    C:0.10345    A:0.55172    G:0.13793
position  3:    T:0.13793    C:0.20690    A:0.20690    G:0.44828
Average         T:0.16092    C:0.18391    A:0.34483    G:0.31034

#5: Camel          
position  1:    T:0.13793    C:0.27586    A:0.24138    G:0.34483
position  2:    T:0.17241    C:0.10345    A:0.51724    G:0.20690
position  3:    T:0.20690    C:0.17241    A:0.27586    G:0.34483
Average         T:0.17241    C:0.18391    A:0.34483    G:0.29885

#6: KillerWhale    
position  1:    T:0.13793    C:0.24138    A:0.27586    G:0.34483
position  2:    T:0.20690    C:0.10345    A:0.51724    G:0.17241
position  3:    T:0.20690    C:0.17241    A:0.27586    G:0.34483
Average         T:0.18391    C:0.17241    A:0.35632    G:0.28736

#7: DefassaWaterbuck
position  1:    T:0.13793    C:0.20690    A:0.31034    G:0.34483
position  2:    T:0.20690    C:0.10345    A:0.55172    G:0.13793
position  3:    T:0.13793    C:0.20690    A:0.34483    G:0.31034
Average         T:0.16092    C:0.17241    A:0.40230    G:0.26437

#8: Sheep          
position  1:    T:0.13793    C:0.20690    A:0.31034    G:0.34483
position  2:    T:0.20690    C:0.10345    A:0.55172    G:0.13793
position  3:    T:0.13793    C:0.20690    A:0.31034    G:0.34483
Average         T:0.16092    C:0.17241    A:0.39080    G:0.27586

#9: MaxwellsDuiker 
position  1:    T:0.13793    C:0.20690    A:0.27586    G:0.37931
position  2:    T:0.20690    C:0.10345    A:0.55172    G:0.13793
position  3:    T:0.17241    C:0.17241    A:0.34483    G:0.31034
Average         T:0.17241    C:0.16092    A:0.39080    G:0.27586

#10: GazellaPrzewalskyi
position  1:    T:0.13793    C:0.20690    A:0.27586    G:0.37931
position  2:    T:0.20690    C:0.10345    A:0.51724    G:0.17241
position  3:    T:0.13793    C:0.20690    A:0.34483    G:0.31034
Average         T:0.16092    C:0.17241    A:0.37931    G:0.28736

#11: MountainNyala  
position  1:    T:0.13793    C:0.24138    A:0.27586    G:0.34483
position  2:    T:0.20690    C:0.10345    A:0.55172    G:0.13793
position  3:    T:0.17241    C:0.17241    A:0.34483    G:0.31034
Average         T:0.17241    C:0.17241    A:0.39080    G:0.26437

#12: MuntiacusMuntjak
position  1:    T:0.13793    C:0.24138    A:0.27586    G:0.34483
position  2:    T:0.20690    C:0.10345    A:0.55172    G:0.13793
position  3:    T:0.13793    C:0.20690    A:0.34483    G:0.31034
Average         T:0.16092    C:0.18391    A:0.39080    G:0.26437

#13: goat           
position  1:    T:0.13793    C:0.20690    A:0.31034    G:0.34483
position  2:    T:0.20690    C:0.10345    A:0.55172    G:0.13793
position  3:    T:0.13793    C:0.20690    A:0.31034    G:0.34483
Average         T:0.16092    C:0.17241    A:0.39080    G:0.27586

#14: AfricanBuffalo 
position  1:    T:0.13793    C:0.24138    A:0.27586    G:0.34483
position  2:    T:0.20690    C:0.10345    A:0.55172    G:0.13793
position  3:    T:0.13793    C:0.20690    A:0.34483    G:0.31034
Average         T:0.16092    C:0.18391    A:0.39080    G:0.26437

#15: Topi           
position  1:    T:0.13793    C:0.20690    A:0.27586    G:0.37931
position  2:    T:0.20690    C:0.10345    A:0.55172    G:0.13793
position  3:    T:0.13793    C:0.20690    A:0.37931    G:0.27586
Average         T:0.16092    C:0.17241    A:0.40230    G:0.26437

#16: CommonDuiker   
position  1:    T:0.13793    C:0.20690    A:0.27586    G:0.37931
position  2:    T:0.20690    C:0.10345    A:0.55172    G:0.13793
position  3:    T:0.20690    C:0.17241    A:0.31034    G:0.31034
Average         T:0.18391    C:0.16092    A:0.37931    G:0.27586

#17: Suni           
position  1:    T:0.13793    C:0.20690    A:0.27586    G:0.37931
position  2:    T:0.20690    C:0.10345    A:0.55172    G:0.13793
position  3:    T:0.13793    C:0.24138    A:0.34483    G:0.27586
Average         T:0.16092    C:0.18391    A:0.39080    G:0.26437

#18: Springbuck     
position  1:    T:0.13793    C:0.20690    A:0.27586    G:0.37931
position  2:    T:0.20690    C:0.10345    A:0.55172    G:0.13793
position  3:    T:0.13793    C:0.24138    A:0.27586    G:0.34483
Average         T:0.16092    C:0.18391    A:0.36782    G:0.28736

#19: Okapi          
position  1:    T:0.13793    C:0.24138    A:0.27586    G:0.34483
position  2:    T:0.20690    C:0.10345    A:0.55172    G:0.13793
position  3:    T:0.13793    C:0.20690    A:0.34483    G:0.31034
Average         T:0.16092    C:0.18391    A:0.39080    G:0.26437

#20: Giraffe        
position  1:    T:0.13793    C:0.24138    A:0.27586    G:0.34483
position  2:    T:0.20690    C:0.10345    A:0.55172    G:0.13793
position  3:    T:0.17241    C:0.17241    A:0.34483    G:0.31034
Average         T:0.17241    C:0.17241    A:0.39080    G:0.26437

#21: TibetanAntelope
position  1:    T:0.13793    C:0.20690    A:0.31034    G:0.34483
position  2:    T:0.20690    C:0.10345    A:0.55172    G:0.13793
position  3:    T:0.17241    C:0.17241    A:0.31034    G:0.34483
Average         T:0.17241    C:0.16092    A:0.39080    G:0.27586

#22: Sitatunga      
position  1:    T:0.13793    C:0.24138    A:0.27586    G:0.34483
position  2:    T:0.20690    C:0.10345    A:0.55172    G:0.13793
position  3:    T:0.17241    C:0.17241    A:0.34483    G:0.31034
Average         T:0.17241    C:0.17241    A:0.39080    G:0.26437

#23: Oribi          
position  1:    T:0.13793    C:0.20690    A:0.31034    G:0.34483
position  2:    T:0.20690    C:0.10345    A:0.55172    G:0.13793
position  3:    T:0.13793    C:0.20690    A:0.37931    G:0.27586
Average         T:0.16092    C:0.17241    A:0.41379    G:0.25287

#24: BarbarySheep   
position  1:    T:0.13793    C:0.20690    A:0.31034    G:0.34483
position  2:    T:0.20690    C:0.10345    A:0.55172    G:0.13793
position  3:    T:0.13793    C:0.20690    A:0.31034    G:0.34483
Average         T:0.16092    C:0.17241    A:0.39080    G:0.27586

#25: Daviddeer      
position  1:    T:0.13793    C:0.24138    A:0.27586    G:0.34483
position  2:    T:0.20690    C:0.10345    A:0.55172    G:0.13793
position  3:    T:0.13793    C:0.20690    A:0.34483    G:0.31034
Average         T:0.16092    C:0.18391    A:0.39080    G:0.26437

#26: Reindeer       
position  1:    T:0.13793    C:0.24138    A:0.27586    G:0.34483
position  2:    T:0.20690    C:0.10345    A:0.55172    G:0.13793
position  3:    T:0.13793    C:0.20690    A:0.34483    G:0.31034
Average         T:0.16092    C:0.18391    A:0.39080    G:0.26437

#27: Ibex           
position  1:    T:0.13793    C:0.20690    A:0.31034    G:0.34483
position  2:    T:0.20690    C:0.10345    A:0.55172    G:0.13793
position  3:    T:0.13793    C:0.20690    A:0.31034    G:0.34483
Average         T:0.16092    C:0.17241    A:0.39080    G:0.27586

#28: GyrantGazelle  
position  1:    T:0.13793    C:0.20690    A:0.27586    G:0.37931
position  2:    T:0.20690    C:0.10345    A:0.55172    G:0.13793
position  3:    T:0.13793    C:0.20690    A:0.34483    G:0.31034
Average         T:0.16092    C:0.17241    A:0.39080    G:0.27586

#29: Hartebeest     
position  1:    T:0.13793    C:0.20690    A:0.27586    G:0.37931
position  2:    T:0.20690    C:0.10345    A:0.55172    G:0.13793
position  3:    T:0.13793    C:0.20690    A:0.37931    G:0.27586
Average         T:0.16092    C:0.17241    A:0.40230    G:0.26437

#30: Bongo          
position  1:    T:0.13793    C:0.24138    A:0.27586    G:0.34483
position  2:    T:0.20690    C:0.10345    A:0.55172    G:0.13793
position  3:    T:0.17241    C:0.17241    A:0.34483    G:0.31034
Average         T:0.17241    C:0.17241    A:0.39080    G:0.26437

#31: Gerenuk        
position  1:    T:0.13793    C:0.20690    A:0.27586    G:0.37931
position  2:    T:0.20690    C:0.10345    A:0.51724    G:0.17241
position  3:    T:0.13793    C:0.24138    A:0.27586    G:0.34483
Average         T:0.16092    C:0.18391    A:0.35632    G:0.29885

#32: CommonEland    
position  1:    T:0.13793    C:0.24138    A:0.27586    G:0.34483
position  2:    T:0.20690    C:0.10345    A:0.55172    G:0.13793
position  3:    T:0.17241    C:0.17241    A:0.34483    G:0.31034
Average         T:0.17241    C:0.17241    A:0.39080    G:0.26437

#33: MuntiacusReevesi
position  1:    T:0.13793    C:0.24138    A:0.27586    G:0.34483
position  2:    T:0.20690    C:0.10345    A:0.55172    G:0.13793
position  3:    T:0.13793    C:0.20690    A:0.34483    G:0.31034
Average         T:0.16092    C:0.18391    A:0.39080    G:0.26437

#34: HarveysDuiker  
position  1:    T:0.13793    C:0.20690    A:0.27586    G:0.37931
position  2:    T:0.20690    C:0.10345    A:0.55172    G:0.13793
position  3:    T:0.17241    C:0.17241    A:0.34483    G:0.31034
Average         T:0.17241    C:0.16092    A:0.39080    G:0.27586

#35: Pronghorn      
position  1:    T:0.13793    C:0.24138    A:0.27586    G:0.34483
position  2:    T:0.20690    C:0.10345    A:0.55172    G:0.13793
position  3:    T:0.13793    C:0.20690    A:0.37931    G:0.27586
Average         T:0.16092    C:0.18391    A:0.40230    G:0.25287

#36: BlueWildebeest 
position  1:    T:0.13793    C:0.20690    A:0.27586    G:0.37931
position  2:    T:0.20690    C:0.10345    A:0.55172    G:0.13793
position  3:    T:0.13793    C:0.20690    A:0.37931    G:0.27586
Average         T:0.16092    C:0.17241    A:0.40230    G:0.26437

#37: Gemsbok        
position  1:    T:0.13793    C:0.20690    A:0.31034    G:0.34483
position  2:    T:0.20690    C:0.10345    A:0.51724    G:0.17241
position  3:    T:0.20690    C:0.13793    A:0.41379    G:0.24138
Average         T:0.18391    C:0.14943    A:0.41379    G:0.25287

#38: Yak            
position  1:    T:0.13793    C:0.24138    A:0.27586    G:0.34483
position  2:    T:0.24138    C:0.10345    A:0.55172    G:0.10345
position  3:    T:0.13793    C:0.24138    A:0.31034    G:0.31034
Average         T:0.17241    C:0.19540    A:0.37931    G:0.25287

#39: BlueSheep      
position  1:    T:0.17241    C:0.17241    A:0.31034    G:0.34483
position  2:    T:0.20690    C:0.10345    A:0.55172    G:0.13793
position  3:    T:0.13793    C:0.20690    A:0.31034    G:0.34483
Average         T:0.17241    C:0.16092    A:0.39080    G:0.27586

#40: BohorReedbuck  
position  1:    T:0.13793    C:0.20690    A:0.31034    G:0.34483
position  2:    T:0.20690    C:0.10345    A:0.55172    G:0.13793
position  3:    T:0.13793    C:0.20690    A:0.34483    G:0.31034
Average         T:0.16092    C:0.17241    A:0.40230    G:0.26437

#41: KirksDik       
position  1:    T:0.13793    C:0.20690    A:0.27586    G:0.37931
position  2:    T:0.20690    C:0.10345    A:0.55172    G:0.13793
position  3:    T:0.17241    C:0.17241    A:0.34483    G:0.31034
Average         T:0.17241    C:0.16092    A:0.39080    G:0.27586

#42: RoeDeer        
position  1:    T:0.13793    C:0.24138    A:0.27586    G:0.34483
position  2:    T:0.20690    C:0.10345    A:0.55172    G:0.13793
position  3:    T:0.13793    C:0.20690    A:0.34483    G:0.31034
Average         T:0.16092    C:0.18391    A:0.39080    G:0.26437

#43: WhiteLippedDeer
position  1:    T:0.13793    C:0.24138    A:0.27586    G:0.34483
position  2:    T:0.20690    C:0.10345    A:0.55172    G:0.13793
position  3:    T:0.17241    C:0.17241    A:0.34483    G:0.31034
Average         T:0.17241    C:0.17241    A:0.39080    G:0.26437

#44: ThomsonGazelle 
position  1:    T:0.13793    C:0.20690    A:0.27586    G:0.37931
position  2:    T:0.20690    C:0.10345    A:0.55172    G:0.13793
position  3:    T:0.13793    C:0.20690    A:0.34483    G:0.31034
Average         T:0.16092    C:0.17241    A:0.39080    G:0.27586

#45: MuntiacusCrinifrons
position  1:    T:0.13793    C:0.24138    A:0.27586    G:0.34483
position  2:    T:0.20690    C:0.10345    A:0.55172    G:0.13793
position  3:    T:0.13793    C:0.20690    A:0.34483    G:0.31034
Average         T:0.16092    C:0.18391    A:0.39080    G:0.26437

#46: WhiteTailedDeer
position  1:    T:0.13793    C:0.24138    A:0.27586    G:0.34483
position  2:    T:0.20690    C:0.10345    A:0.55172    G:0.13793
position  3:    T:0.13793    C:0.20690    A:0.31034    G:0.34483
Average         T:0.16092    C:0.18391    A:0.37931    G:0.27586

#47: Cattle         
position  1:    T:0.13793    C:0.24138    A:0.27586    G:0.34483
position  2:    T:0.20690    C:0.10345    A:0.55172    G:0.13793
position  3:    T:0.13793    C:0.24138    A:0.31034    G:0.31034
Average         T:0.16092    C:0.19540    A:0.37931    G:0.26437

#48: RoyalAntelope  
position  1:    T:0.13793    C:0.20690    A:0.27586    G:0.37931
position  2:    T:0.20690    C:0.10345    A:0.55172    G:0.13793
position  3:    T:0.13793    C:0.20690    A:0.34483    G:0.31034
Average         T:0.16092    C:0.17241    A:0.39080    G:0.27586

#49: Steenbok       
position  1:    T:0.13793    C:0.20690    A:0.27586    G:0.37931
position  2:    T:0.20690    C:0.10345    A:0.55172    G:0.13793
position  3:    T:0.13793    C:0.20690    A:0.31034    G:0.34483
Average         T:0.16092    C:0.17241    A:0.37931    G:0.28736

#50: Impala         
position  1:    T:0.13793    C:0.20690    A:0.27586    G:0.37931
position  2:    T:0.20690    C:0.10345    A:0.55172    G:0.13793
position  3:    T:0.20690    C:0.13793    A:0.34483    G:0.31034
Average         T:0.18391    C:0.14943    A:0.39080    G:0.27586

#51: Klipspringer   
position  1:    T:0.13793    C:0.20690    A:0.27586    G:0.37931
position  2:    T:0.20690    C:0.10345    A:0.55172    G:0.13793
