1
52 1
Argali 0.000000 0.395200 0.086900 0.344300 0.059200 0.023800 0.060500 0.059500 0.101800 0.139100 0.035400 0.086000 0.035600 0.073900 0.047800 0.047500 0.114300 0.113800 0.023300 0.099900 0.035500 0.035200 0.153200 0.181000 0.035400 0.023400 0.035400 0.099400 0.060300 0.100000 0.152400 0.060700 0.126800 0.035400 0.074600 0.099700 0.047600 0.047700 0.084500 0.153400 0.138600 0.035200 0.139200 0.168000 0.099700 0.100400 0.047700 0.097600 0.086400 0.086300 0.099800 0.113300
LesserMous 0.395200 0.000000 0.341100 0.466100 0.368700 0.355900 0.396700 0.413000 0.346000 0.347100 0.394400 0.394100 0.395600 0.421600 0.396100 0.391100 0.302100 0.301200 0.394800 0.320100 0.374900 0.394400 0.367200 0.343300 0.394400 0.352700 0.394400 0.357200 0.376100 0.359300 0.368600 0.398200 0.280700 0.392600 0.476800 0.422400 0.374700 0.373700 0.389600 0.348100 0.363200 0.369200 0.347400 0.348900 0.422400 0.475400 0.353600 0.478400 0.356700 0.379800 0.360000 0.338800
LesserKudu 0.086900 0.341100 0.000000 0.351000 0.099300 0.115100 0.074700 0.099600 0.011900 0.141300 0.073600 0.072700 0.073900 0.088500 0.087100 0.061000 0.102400 0.102100 0.086900 0.011700 0.074100 0.073600 0.170100 0.184700 0.073600 0.060900 0.073600 0.035500 0.100500 0.011700 0.184800 0.074900 0.115100 0.073400 0.116000 0.085900 0.086800 0.061100 0.099000 0.156100 0.140800 0.073300 0.141400 0.186500 0.085900 0.140600 0.087000 0.113400 0.101500 0.101200 0.011700 0.023500
KillerWhal 0.344300 0.466100 0.351000 0.000000 0.343000 0.345200 0.386700 0.343900 0.355500 0.327000 0.362900 0.328200 0.364200 0.369600 0.328400 0.362000 0.297200 0.295200 0.326000 0.369900 0.346500 0.362900 0.324500 0.382600 0.362900 0.326100 0.362900 0.348900 0.366200 0.369300 0.327200 0.349000 0.244400 0.361600 0.350900 0.313900 0.382300 0.346400 0.326500 0.347200 0.398100 0.342000 0.327200 0.379300 0.313900 0.353100 0.326800 0.361300 0.295200 0.277700 0.332100 0.350100
DefassaWat 0.059200 0.368700 0.099300 0.343000 0.000000 0.085600 0.072400 0.070200 0.114500 0.151800 0.071600 0.098100 0.072100 0.086000 0.059700 0.059400 0.126800 0.126300 0.059200 0.112400 0.047400 0.071600 0.166400 0.194600 0.071600 0.035100 0.071600 0.139300 0.072300 0.099400 0.194300 0.072500 0.139300 0.071500 0.112900 0.111800 0.084300 0.046800 0.096500 0.166000 0.137600 0.046900 0.151900 0.196200 0.111800 0.112800 0.059600 0.109400 0.073000 0.098300 0.112300 0.125800
Sheep 0.023800 0.355900 0.115100 0.345200 0.085600 0.000000 0.074000 0.086000 0.131200 0.168700 0.060900 0.113400 0.061200 0.087600 0.073800 0.073300 0.144000 0.143500 0.048500 0.128700 0.061000 0.060900 0.168400 0.197500 0.060900 0.048200 0.060900 0.127800 0.086900 0.128700 0.183200 0.074200 0.156700 0.060700 0.102500 0.128200 0.073800 0.073700 0.112100 0.169200 0.153400 0.060400 0.168900 0.184500 0.128200 0.129300 0.048200 0.125900 0.114300 0.114500 0.128500 0.142600
MaxwellsDu 0.060500 0.396700 0.074700 0.386700 0.072400 0.074000 0.000000 0.072700 0.089400 0.154700 0.072300 0.074200 0.073700 0.035800 0.060900 0.035800 0.129400 0.128800 0.060500 0.087800 0.048200 0.073100 0.151900 0.164800 0.073100 0.035700 0.073100 0.114600 0.073700 0.087900 0.198600 0.023500 0.142100 0.073100 0.115900 0.061700 0.086100 0.060800 0.098400 0.138100 0.123700 0.047900 0.154900 0.166400 0.061700 0.115100 0.060700 0.085800 0.100600 0.100600 0.087700 0.101200
GazellaPrz 0.059500 0.413000 0.099600 0.343900 0.070200 0.086000 0.072700 0.000000 0.114800 0.152400 0.071900 0.072500 0.072400 0.086400 0.035300 0.059500 0.127200 0.126800 0.058700 0.112800 0.047500 0.071900 0.181600 0.195000 0.071900 0.035200 0.071900 0.139800 0.072600 0.112900 0.195400 0.072900 0.139800 0.071900 0.086700 0.112400 0.084700 0.059900 0.096900 0.167000 0.151900 0.047100 0.152500 0.197000 0.112400 0.113200 0.059700 0.110200 0.047800 0.098900 0.112700 0.126300
MountainNy 0.101800 0.346000 0.011900 0.355500 0.114500 0.131200 0.089400 0.114800 0.000000 0.142900 0.088000 0.086800 0.088400 0.103800 0.102000 0.074900 0.103700 0.103400 0.101800 0.023600 0.088500 0.088000 0.188000 0.186900 0.088000 0.074900 0.088000 0.048500 0.115900 0.024000 0.186900 0.089600 0.116400 0.087700 0.132300 0.100700 0.101700 0.075100 0.114100 0.157900 0.157600 0.087600 0.143000 0.188700 0.100700 0.157500 0.102000 0.129200 0.087900 0.102400 0.023800 0.036100
MuntiacusM 0.139100 0.347100 0.141300 0.327000 0.151800 0.168700 0.154700 0.152400 0.142900 0.000000 0.111500 0.154300 0.112000 0.170400 0.139800 0.138700 0.073200 0.072900 0.139200 0.155400 0.125600 0.111500 0.097800 0.084200 0.111500 0.111500 0.111500 0.184200 0.154000 0.155500 0.034700 0.155100 0.111300 0.111200 0.156600 0.140700 0.125100 0.125700 0.166500 0.084900 0.071800 0.124600 0.000100 0.084900 0.140700 0.200800 0.111800 0.195800 0.140100 0.126300 0.155200 0.169800
goat 0.035400 0.394400 0.073600 0.362900 0.071600 0.060900 0.072300 0.071900 0.088000 0.111500 0.000000 0.099100 0.000000 0.086900 0.060200 0.059800 0.087100 0.086700 0.035000 0.086500 0.047700 0.000000 0.138900 0.151800 0.000000 0.035300 0.000000 0.112700 0.072900 0.086500 0.152300 0.073300 0.126500 0.000000 0.036300 0.086300 0.011600 0.035500 0.071700 0.125200 0.111200 0.047300 0.111600 0.153300 0.086300 0.113700 0.035400 0.110900 0.099400 0.099400 0.086400 0.099600
AfricanBuf 0.086000 0.394100 0.072700 0.328200 0.098100 0.113400 0.074200 0.072500 0.086800 0.154300 0.099100 0.000000 0.099500 0.087800 0.035600 0.060500 0.115000 0.114400 0.060300 0.085400 0.073200 0.099100 0.184000 0.197800 0.099100 0.060300 0.099100 0.085000 0.086400 0.085400 0.198600 0.074300 0.127500 0.098700 0.114800 0.059800 0.112500 0.086300 0.125300 0.169900 0.126500 0.047800 0.154400 0.199900 0.059800 0.138900 0.085900 0.112200 0.073700 0.100200 0.085300 0.072400
Topi 0.035600 0.395600 0.073900 0.364200 0.072100 0.061200 0.073700 0.072400 0.088400 0.112000 0.000000 0.099500 0.000000 0.087200 0.060500 0.060000 0.087400 0.087100 0.035700 0.086800 0.047800 0.000000 0.139500 0.153000 0.000000 0.035500 0.000000 0.113200 0.073200 0.086800 0.153500 0.073900 0.127000 0.000100 0.036400 0.086700 0.011700 0.035600 0.072200 0.126200 0.111600 0.047500 0.112000 0.154400 0.086700 0.114200 0.035400 0.111400 0.099700 0.099800 0.086700 0.100000
CommonDuik 0.073900 0.421600 0.088500 0.369600 0.086000 0.087600 0.035800 0.086400 0.103800 0.170400 0.086900 0.087800 0.087200 0.000000 0.074200 0.048400 0.144600 0.144000 0.073900 0.101900 0.061000 0.086900 0.167300 0.181000 0.086900 0.048300 0.086900 0.129300 0.087100 0.101900 0.216400 0.011700 0.157500 0.086600 0.102500 0.101800 0.100300 0.073800 0.112900 0.153700 0.138300 0.060700 0.169900 0.182900 0.101800 0.129900 0.073900 0.099900 0.114900 0.114900 0.101800 0.115600
Suni 0.047800 0.396100 0.087100 0.328400 0.059700 0.073800 0.060900 0.035300 0.102000 0.139800 0.060200 0.035600 0.060500 0.074200 0.000000 0.047700 0.114600 0.114100 0.023500 0.100300 0.035600 0.060200 0.168900 0.182700 0.060200 0.023500 0.060200 0.099800 0.048000 0.100400 0.183300 0.061100 0.127100 0.060000 0.074300 0.073600 0.073000 0.048000 0.085200 0.155000 0.139500 0.035400 0.139900 0.184500 0.073600 0.100700 0.047800 0.098400 0.060700 0.086600 0.100200 0.086700
Springbuck 0.047500 0.391100 0.061000 0.362000 0.059400 0.073300 0.035800 0.059500 0.074900 0.138700 0.059800 0.060500 0.060000 0.048400 0.047700 0.000000 0.099800 0.113300 0.047500 0.073700 0.011600 0.059800 0.167300 0.181300 0.059800 0.023200 0.059800 0.099600 0.035200 0.073800 0.181500 0.035900 0.126200 0.059600 0.100400 0.073400 0.072400 0.047700 0.059100 0.153500 0.138300 0.035000 0.138800 0.182900 0.073400 0.100000 0.047600 0.047100 0.086100 0.086000 0.073600 0.086600
Okapi 0.114300 0.302100 0.102400 0.297200 0.126800 0.144000 0.129400 0.127200 0.103700 0.073200 0.087100 0.115000 0.087400 0.144600 0.114600 0.099800 0.000000 0.024200 0.114300 0.116100 0.087100 0.087100 0.126600 0.112400 0.087100 0.087100 0.087100 0.143900 0.114100 0.116100 0.112600 0.129700 0.061500 0.086800 0.131000 0.101800 0.100500 0.100800 0.126100 0.113200 0.099200 0.099900 0.073300 0.113300 0.101800 0.159900 0.087300 0.154600 0.115200 0.101500 0.115900 0.130000
Giraffe 0.113800 0.301200 0.102100 0.295200 0.126300 0.143500 0.128800 0.126800 0.103400 0.072900 0.086700 0.114400 0.087100 0.144000 0.114100 0.113300 0.024200 0.000000 0.113900 0.115600 0.100600 0.086700 0.125900 0.111900 0.086700 0.086800 0.086700 0.143200 0.128000 0.115800 0.112000 0.129200 0.061400 0.086400 0.130400 0.101300 0.100200 0.100400 0.140000 0.112500 0.098800 0.099500 0.073000 0.112800 0.101300 0.159300 0.087100 0.140900 0.114900 0.101200 0.115500 0.129400
TibetanAnt 0.023300 0.394800 0.086900 0.326000 0.059200 0.048500 0.060500 0.058700 0.101800 0.139200 0.035000 0.060300 0.035700 0.073900 0.023500 0.047500 0.114300 0.113900 0.000000 0.100000 0.035500 0.035400 0.167800 0.181100 0.035100 0.023400 0.035400 0.099300 0.047800 0.100000 0.181600 0.060700 0.126800 0.035400 0.074500 0.073300 0.047100 0.047800 0.084500 0.153500 0.138700 0.035300 0.139200 0.182900 0.073300 0.100400 0.047700 0.097600 0.086400 0.086400 0.099900 0.086400
Sitatunga 0.099900 0.320100 0.011700 0.369900 0.112400 0.128700 0.087800 0.112800 0.023600 0.155400 0.086500 0.085400 0.086800 0.101900 0.100300 0.073700 0.116100 0.115600 0.100000 0.000000 0.086900 0.086500 0.184900 0.169400 0.086500 0.073500 0.086500 0.023500 0.113900 0.023600 0.199800 0.088000 0.128700 0.086200 0.129900 0.099000 0.099800 0.073800 0.085700 0.141400 0.154900 0.086100 0.155500 0.170900 0.099000 0.154600 0.100100 0.126900 0.114900 0.114700 0.023300 0.011700
Oribi 0.035500 0.374900 0.074100 0.346500 0.047400 0.061000 0.048200 0.047500 0.088500 0.125600 0.047700 0.073200 0.047800 0.061000 0.035600 0.011600 0.087100 0.100600 0.035500 0.086900 0.000000 0.047700 0.153600 0.167700 0.047700 0.011600 0.047700 0.113200 0.023400 0.087100 0.167800 0.048300 0.113300 0.047500 0.087500 0.086500 0.060200 0.035500 0.047100 0.139900 0.125200 0.023300 0.125300 0.169100 0.086500 0.087300 0.035600 0.059600 0.073700 0.073500 0.086900 0.100000
BarbaryShe 0.035200 0.394400 0.073600 0.362900 0.071600 0.060900 0.073100 0.071900 0.088000 0.111500 0.000000 0.099100 0.000000 0.086900 0.060200 0.059800 0.087100 0.086700 0.035400 0.086500 0.047700 0.000000 0.138900 0.151800 0.000000 0.035300 0.000000 0.112700 0.072900 0.086500 0.152300 0.073300 0.126500 0.000000 0.036300 0.086300 0.011600 0.035500 0.071700 0.125200 0.111200 0.047300 0.111600 0.153300 0.086300 0.113700 0.035400 0.110600 0.099400 0.099400 0.086400 0.099600
Daviddeer 0.153200 0.367200 0.170100 0.324500 0.166400 0.168400 0.151900 0.181600 0.188000 0.097800 0.138900 0.184000 0.139500 0.167300 0.168900 0.167300 0.126600 0.125900 0.167800 0.184900 0.153600 0.138900 0.000000 0.108600 0.138900 0.138900 0.138900 0.199700 0.183700 0.155000 0.124500 0.152300 0.139400 0.138500 0.186700 0.141100 0.153000 0.139900 0.167200 0.084000 0.046200 0.152500 0.097900 0.083100 0.141100 0.201200 0.139100 0.196500 0.184300 0.184300 0.184700 0.200200
Reindeer 0.181000 0.343300 0.184700 0.382600 0.194600 0.197500 0.164800 0.195000 0.186900 0.084200 0.151800 0.197800 0.153000 0.181000 0.182700 0.181300 0.112400 0.111900 0.181100 0.169400 0.167700 0.151800 0.108600 0.000000 0.151800 0.152500 0.151800 0.198500 0.197900 0.199800 0.123000 0.165200 0.152500 0.151800 0.200900 0.183600 0.166200 0.167800 0.179700 0.070200 0.082700 0.166100 0.084300 0.022800 0.183600 0.248200 0.152900 0.241000 0.183300 0.168400 0.199400 0.184000
Ibex 0.035400 0.394400 0.073600 0.362900 0.071600 0.060900 0.073100 0.071900 0.088000 0.111500 0.000000 0.099100 0.000000 0.086900 0.060200 0.059800 0.087100 0.086700 0.035100 0.086500 0.047700 0.000000 0.138900 0.151800 0.000000 0.035300 0.000000 0.112700 0.072900 0.086500 0.152300 0.073300 0.126500 0.000000 0.036300 0.086300 0.011600 0.035500 0.071700 0.125200 0.111200 0.047300 0.111600 0.153300 0.086300 0.113700 0.035400 0.110600 0.099400 0.099400 0.086400 0.099600
GyrantGaze 0.023400 0.352700 0.060900 0.326100 0.035100 0.048200 0.035700 0.035200 0.074900 0.111500 0.035300 0.060300 0.035500 0.048300 0.023500 0.023200 0.087100 0.086800 0.023400 0.073500 0.011600 0.035300 0.138900 0.152500 0.035300 0.000000 0.035300 0.099300 0.034900 0.073700 0.152700 0.035800 0.099400 0.035200 0.074100 0.073300 0.047500 0.023500 0.059400 0.125500 0.111200 0.011500 0.111600 0.153900 0.073300 0.073800 0.023400 0.072100 0.060600 0.060500 0.073500 0.086400
Hartebeest 0.035400 0.394400 0.073600 0.362900 0.071600 0.060900 0.073100 0.071900 0.088000 0.111500 0.000000 0.099100 0.000000 0.086900 0.060200 0.059800 0.087100 0.086700 0.035400 0.086500 0.047700 0.000000 0.138900 0.151800 0.000000 0.035300 0.000000 0.112700 0.072900 0.086500 0.152300 0.073300 0.126500 0.000000 0.036300 0.086300 0.011600 0.035500 0.072300 0.125200 0.111200 0.047300 0.111600 0.153300 0.086300 0.113700 0.035400 0.110600 0.099400 0.099400 0.086400 0.099600
Bongo 0.099400 0.357200 0.035500 0.348900 0.139300 0.127800 0.114600 0.139800 0.048500 0.184200 0.112700 0.085000 0.113200 0.129300 0.099800 0.099600 0.143900 0.143200 0.099300 0.023500 0.113200 0.112700 0.199700 0.198500 0.112700 0.099300 0.112700 0.000000 0.127200 0.047700 0.199100 0.114800 0.156700 0.112300 0.158000 0.098500 0.126500 0.099700 0.111900 0.170100 0.183700 0.112200 0.184300 0.185300 0.098500 0.183000 0.126800 0.154500 0.142300 0.142100 0.047700 0.011600
Gerenuk 0.060300 0.376100 0.100500 0.366200 0.072300 0.086900 0.073700 0.072600 0.115900 0.154000 0.072900 0.086400 0.073200 0.087100 0.048000 0.035200 0.114100 0.128000 0.047800 0.113900 0.023400 0.072900 0.183700 0.197900 0.072900 0.034900 0.072900 0.127200 0.000000 0.113800 0.198400 0.073900 0.141200 0.072600 0.113100 0.100000 0.085800 0.060400 0.072000 0.169500 0.153600 0.047400 0.153800 0.199900 0.100000 0.114400 0.060400 0.084900 0.100000 0.099900 0.113800 0.113700
CommonElan 0.100000 0.359300 0.011700 0.369300 0.099400 0.128700 0.087900 0.112900 0.024000 0.155500 0.086500 0.085400 0.086800 0.101900 0.100400 0.073800 0.116100 0.115800 0.100000 0.023600 0.087100 0.086500 0.155000 0.199800 0.086500 0.073700 0.086500 0.047700 0.113800 0.000000 0.199700 0.088100 0.128800 0.086200 0.129800 0.098900 0.099900 0.061100 0.112300 0.170600 0.126400 0.086200 0.155600 0.201700 0.098900 0.154700 0.100300 0.127100 0.115100 0.114700 0.023600 0.035600
MuntiacusR 0.152400 0.368600 0.184800 0.327200 0.194300 0.183200 0.198600 0.195400 0.186900 0.034700 0.152300 0.198600 0.153500 0.216400 0.183300 0.181500 0.112600 0.112000 0.181600 0.199800 0.167800 0.152300 0.124500 0.123000 0.152300 0.152700 0.152300 0.199100 0.198400 0.199700 0.000000 0.199200 0.125000 0.152300 0.202100 0.184300 0.166600 0.168000 0.210500 0.124400 0.110600 0.166500 0.034700 0.110700 0.184300 0.248500 0.153000 0.241200 0.183200 0.168900 0.199500 0.215300
HarveysDui 0.060700 0.398200 0.074900 0.349000 0.072500 0.074200 0.023500 0.072900 0.089600 0.155100 0.073300 0.074300 0.073900 0.011700 0.061100 0.035900 0.129700 0.129200 0.060700 0.088000 0.048300 0.073300 0.152300 0.165200 0.073300 0.035800 0.073300 0.114800 0.073900 0.088100 0.199200 0.000000 0.142500 0.073300 0.088500 0.087900 0.086300 0.060900 0.098700 0.138500 0.124100 0.048000 0.155300 0.166800 0.087900 0.115400 0.060800 0.086000 0.100800 0.100800 0.087900 0.101400
Pronghorn 0.126800 0.280700 0.115100 0.244400 0.139300 0.156700 0.142100 0.139800 0.116400 0.111300 0.126500 0.127500 0.127000 0.157500 0.127100 0.126200 0.061500 0.061400 0.126800 0.128700 0.113300 0.126500 0.139400 0.152500 0.126500 0.099400 0.126500 0.156700 0.141200 0.128800 0.125000 0.142500 0.000000 0.126100 0.173500 0.114600 0.113200 0.113200 0.125600 0.125800 0.138800 0.112200 0.111600 0.153900 0.114600 0.143800 0.127000 0.154000 0.127800 0.114000 0.128600 0.142700
BlueWildeb 0.035400 0.392600 0.073400 0.361600 0.071500 0.060700 0.073100 0.071900 0.087700 0.111200 0.000000 0.098700 0.000100 0.086600 0.060000 0.059600 0.086800 0.086400 0.035400 0.086200 0.047500 0.000000 0.138500 0.151800 0.000000 0.035200 0.000000 0.112300 0.072600 0.086200 0.152300 0.073300 0.126100 0.000000 0.036200 0.086000 0.011600 0.035300 0.071600 0.125200 0.110800 0.047100 0.111200 0.153300 0.086000 0.113300 0.035300 0.110500 0.099000 0.099100 0.086100 0.099200
Gemsbok 0.074600 0.476800 0.116000 0.350900 0.112900 0.102500 0.115900 0.086700 0.132300 0.156600 0.036300 0.114800 0.036400 0.102500 0.074300 0.100400 0.131000 0.130400 0.074500 0.129900 0.087500 0.036300 0.186700 0.200900 0.036300 0.074100 0.036300 0.158000 0.113100 0.129800 0.202100 0.088500 0.173500 0.036200 0.000000 0.129700 0.048800 0.074400 0.113500 0.172600 0.156100 0.086900 0.156700 0.203300 0.129700 0.159900 0.074200 0.155700 0.115200 0.115500 0.129800 0.143800
Yak 0.099700 0.422400 0.085900 0.313900 0.111800 0.128200 0.061700 0.112400 0.100700 0.140700 0.086300 0.059800 0.086700 0.101800 0.073600 0.073400 0.101800 0.101300 0.073300 0.099000 0.086500 0.086300 0.141100 0.183600 0.086300 0.073300 0.086300 0.098500 0.100000 0.098900 0.184300 0.087900 0.114600 0.086000 0.129700 0.000000 0.099600 0.099800 0.112400 0.127700 0.140200 0.085900 0.140700 0.185500 0.000000 0.126100 0.073400 0.099400 0.114300 0.111400 0.098900 0.085600
BlueSheep 0.047600 0.374700 0.086800 0.382300 0.084300 0.073800 0.086100 0.084700 0.101700 0.125100 0.011600 0.112500 0.011700 0.100300 0.073000 0.072400 0.100500 0.100200 0.047100 0.099800 0.060200 0.011600 0.153000 0.166200 0.011600 0.047500 0.011600 0.126500 0.085800 0.099900 0.166600 0.086300 0.113200 0.011600 0.048800 0.099600 0.000000 0.047700 0.084400 0.139000 0.124700 0.059700 0.125200 0.167800 0.099600 0.127700 0.047600 0.124100 0.113100 0.113000 0.099700 0.113200
BohorReedb 0.047700 0.373700 0.061100 0.346400 0.046800 0.073700 0.060800 0.059900 0.075100 0.125700 0.035500 0.086300 0.035600 0.073800 0.048000 0.047700 0.100800 0.100400 0.047800 0.073800 0.035500 0.035500 0.139900 0.167800 0.035500 0.023500 0.035500 0.099700 0.060400 0.061100 0.168000 0.060900 0.113200 0.035300 0.074400 0.099800 0.047700 0.000000 0.059700 0.140200 0.111900 0.035300 0.125400 0.169300 0.099800 0.100600 0.047800 0.098200 0.086600 0.086400 0.073700 0.086700
KirksDik 0.084500 0.389600 0.099000 0.326500 0.096500 0.112100 0.098400 0.096900 0.114100 0.166500 0.071700 0.125300 0.072200 0.112900 0.085200 0.059100 0.126100 0.140000 0.084500 0.085700 0.047100 0.071700 0.167200 0.179700 0.071700 0.059400 0.072300 0.111900 0.072000 0.112300 0.210500 0.098700 0.125600 0.071600 0.113500 0.112400 0.084400 0.059700 0.000000 0.098200 0.166100 0.071600 0.166600 0.181400 0.112400 0.112900 0.084800 0.058800 0.125500 0.098600 0.085800 0.098800
RoeDeer 0.153400 0.348100 0.156100 0.347200 0.166000 0.169200 0.138100 0.167000 0.157900 0.084900 0.125200 0.169900 0.126200 0.153700 0.155000 0.153500 0.113200 0.112500 0.153500 0.141400 0.139900 0.125200 0.084000 0.070200 0.125200 0.125500 0.125200 0.170100 0.169500 0.170600 0.124400 0.138500 0.125800 0.125200 0.172600 0.127700 0.139000 0.140200 0.098200 0.000000 0.083500 0.138900 0.085000 0.070900 0.127700 0.186600 0.125700 0.152700 0.154700 0.113200 0.141600 0.155800
WhiteLippe 0.138600 0.363200 0.140800 0.398100 0.137600 0.153400 0.123700 0.151900 0.157600 0.071800 0.111200 0.126500 0.111600 0.138300 0.139500 0.138300 0.099200 0.098800 0.138700 0.154900 0.125200 0.111200 0.046200 0.082700 0.111200 0.111200 0.111200 0.183700 0.153600 0.126400 0.110600 0.124100 0.138800 0.110800 0.156100 0.140200 0.124700 0.111900 0.166100 0.083500 0.000000 0.098000 0.071900 0.083300 0.140200 0.200000 0.111300 0.195200 0.154400 0.154200 0.154700 0.169300
ThomsonGaz 0.035200 0.369200 0.073300 0.342000 0.046900 0.060400 0.047900 0.047100 0.087600 0.124600 0.047300 0.047800 0.047500 0.060700 0.035400 0.035000 0.099900 0.099500 0.035300 0.086100 0.023300 0.047300 0.152500 0.166100 0.047300 0.011500 0.047300 0.112200 0.047400 0.086200 0.166500 0.048000 0.112200 0.047100 0.086900 0.085900 0.059700 0.035300 0.071600 0.138900 0.098000 0.000000 0.124700 0.167600 0.085900 0.086500 0.035300 0.084400 0.072900 0.072900 0.086000 0.099200
MuntiacusC 0.139200 0.347400 0.141400 0.327200 0.151900 0.168900 0.154900 0.152500 0.143000 0.000100 0.111600 0.154400 0.112000 0.169900 0.139900 0.138800 0.073300 0.073000 0.139200 0.155500 0.125300 0.111600 0.097900 0.084300 0.111600 0.111600 0.111600 0.184300 0.153800 0.155600 0.034700 0.155300 0.111600 0.111200 0.156700 0.140700 0.125200 0.125400 0.166600 0.085000 0.071900 0.124700 0.000000 0.084900 0.140700 0.200900 0.111900 0.195900 0.140200 0.126300 0.155300 0.169900
WhiteTaile 0.168000 0.348900 0.186500 0.379300 0.196200 0.184500 0.166400 0.197000 0.188700 0.084900 0.153300 0.199900 0.154400 0.182900 0.184500 0.182900 0.113300 0.112800 0.182900 0.170900 0.169100 0.153300 0.083100 0.022800 0.153300 0.153900 0.153300 0.185300 0.199900 0.201700 0.110700 0.166800 0.153900 0.153300 0.203300 0.185500 0.167800 0.169300 0.181400 0.070900 0.083300 0.167600 0.084900 0.000000 0.185500 0.251100 0.154200 0.243600 0.184900 0.170100 0.201400 0.185800
Cattle 0.099700 0.422400 0.085900 0.313900 0.111800 0.128200 0.061700 0.112400 0.100700 0.140700 0.086300 0.059800 0.086700 0.101800 0.073600 0.073400 0.101800 0.101300 0.073300 0.099000 0.086500 0.086300 0.141100 0.183600 0.086300 0.073300 0.086300 0.098500 0.100000 0.098900 0.184300 0.087900 0.114600 0.086000 0.129700 0.000000 0.099600 0.099800 0.112400 0.127700 0.140200 0.085900 0.140700 0.185500 0.000000 0.126100 0.073400 0.099400 0.114300 0.111400 0.098900 0.085600
RoyalAntel 0.100400 0.475400 0.140600 0.353100 0.112800 0.129300 0.115100 0.113200 0.157500 0.200800 0.113700 0.138900 0.114200 0.129900 0.100700 0.100000 0.159900 0.159300 0.100400 0.154600 0.087300 0.113700 0.201200 0.248200 0.113700 0.073800 0.113700 0.183000 0.114400 0.154700 0.248500 0.115400 0.143800 0.113300 0.159900 0.126100 0.127700 0.100600 0.112900 0.186600 0.200000 0.086500 0.200900 0.251100 0.126100 0.000000 0.100500 0.127000 0.143600 0.143300 0.154400 0.168800
Steenbok 0.047700 0.353600 0.087000 0.326800 0.059600 0.048200 0.060700 0.059700 0.102000 0.111800 0.035400 0.085900 0.035400 0.073900 0.047800 0.047600 0.087300 0.087100 0.047700 0.100100 0.035600 0.035400 0.139100 0.152900 0.035400 0.023400 0.035400 0.126800 0.060400 0.100300 0.153000 0.060800 0.127000 0.035300 0.074200 0.073400 0.047600 0.047800 0.084800 0.125700 0.111300 0.035300 0.111900 0.154200 0.073400 0.100500 0.000000 0.098100 0.086500 0.086400 0.100000 0.113500
Impala 0.097600 0.478400 0.113400 0.361300 0.109400 0.125900 0.085800 0.110200 0.129200 0.195800 0.110900 0.112200 0.111400 0.099900 0.098400 0.047100 0.154600 0.140900 0.097600 0.126900 0.059600 0.110600 0.196500 0.241000 0.110600 0.072100 0.110600 0.154500 0.084900 0.127100 0.241200 0.086000 0.154000 0.110500 0.155700 0.099400 0.124100 0.098200 0.058800 0.152700 0.195200 0.084400 0.195900 0.243600 0.099400 0.127000 0.098100 0.000000 0.139900 0.112200 0.099700 0.140700
Klipspring 0.086400 0.356700 0.101500 0.295200 0.073000 0.114300 0.100600 0.047800 0.087900 0.140100 0.099400 0.073700 0.099700 0.114900 0.060700 0.086100 0.115200 0.114900 0.086400 0.114900 0.073700 0.099400 0.184300 0.183300 0.099400 0.060600 0.099400 0.142300 0.100000 0.115100 0.183200 0.100800 0.127800 0.099000 0.115200 0.114300 0.113100 0.086600 0.125500 0.154700 0.154400 0.072900 0.140200 0.184900 0.114300 0.143600 0.086500 0.139900 0.000000 0.086900 0.114800 0.128600
ForestMusk 0.086300 0.379800 0.101200 0.277700 0.098300 0.114500 0.100600 0.098900 0.102400 0.126300 0.099400 0.100200 0.099800 0.114900 0.086600 0.086000 0.101500 0.101200 0.086400 0.114700 0.073500 0.099400 0.184300 0.168400 0.099400 0.060500 0.099400 0.142100 0.099900 0.114700 0.168900 0.100800 0.114000 0.099100 0.115500 0.111400 0.113000 0.086400 0.098600 0.113200 0.154200 0.072900 0.126300 0.170100 0.111400 0.143300 0.086400 0.112200 0.086900 0.000000 0.087600 0.128400
Bushbuck 0.099800 0.360000 0.011700 0.332100 0.112300 0.128500 0.087700 0.112700 0.023800 0.155200 0.086400 0.085300 0.086700 0.101800 0.100200 0.073600 0.115900 0.115500 0.099900 0.023300 0.086900 0.086400 0.184700 0.199400 0.086400 0.073500 0.086400 0.047700 0.113800 0.023600 0.199500 0.087900 0.128600 0.086100 0.129800 0.098900 0.099700 0.073700 0.085800 0.141600 0.154700 0.086000 0.155300 0.201400 0.098900 0.154400 0.100000 0.099700 0.114800 0.087600 0.000000 0.035400
GreaterKud 0.113300 0.338800 0.023500 0.350100 0.125800 0.142600 0.101200 0.126300 0.036100 0.169800 0.099600 0.072400 0.100000 0.115600 0.086700 0.086600 0.130000 0.129400 0.086400 0.011700 0.100000 0.099600 0.200200 0.184000 0.099600 0.086400 0.099600 0.011600 0.113700 0.035600 0.215300 0.101400 0.142700 0.099200 0.143800 0.085600 0.113200 0.086700 0.098800 0.155800 0.169300 0.099200 0.169900 0.185800 0.085600 0.168800 0.113500 0.140700 0.128600 0.128400 0.035400 0.000000
