CODONML (in paml version 4.10.7, June 2023)  /home/rachel/ruminants_paml/6406-phy-tree/ENSBTAT00000000194.fasta.phy
Model: free dN/dS Ratios for branches,  kappa = 2.000 fixed

Codon frequency model: F3x4
ns =  54  ls =  36

Codon usage in sequences
--------------------------------------------------------------------------------------------------------------------------------------
Phe TTT   1   1   1   1   1   1 | Ser TCT   0   0   0   1   0   0 | Tyr TAT   0   0   0   0   0   0 | Cys TGT   0   0   0   0   0   0
    TTC   0   0   0   0   0   0 |     TCC   0   0   0   0   0   0 |     TAC   0   0   0   0   0   0 |     TGC   0   0   0   0   0   0
Leu TTA   1   1   1   1   1   1 |     TCA   0   0   0   0   0   0 | *** TAA   0   0   0   0   0   0 | *** TGA   0   0   0   0   0   0
    TTG   1   0   1   0   1   1 |     TCG   0   0   0   0   0   0 |     TAG   0   0   0   0   0   0 | Trp TGG   0   0   0   0   0   0
--------------------------------------------------------------------------------------------------------------------------------------
Leu CTT   1   1   1   1   1   1 | Pro CCT   1   1   1   0   1   1 | His CAT   0   0   0   0   0   0 | Arg CGT   0   0   0   0   0   0
    CTC   0   0   0   0   0   0 |     CCC   0   0   0   0   0   0 |     CAC   0   0   0   0   0   0 |     CGC   0   0   0   0   0   0
    CTA   0   1   0   0   1   1 |     CCA   0   0   0   0   0   0 | Gln CAA   0   0   0   0   0   0 |     CGA   0   0   0   0   0   0
    CTG   1   1   1   1   1   0 |     CCG   0   0   0   0   0   0 |     CAG   2   2   2   2   2   2 |     CGG   0   0   0   0   0   0
--------------------------------------------------------------------------------------------------------------------------------------
Ile ATT   2   2   2   2   2   2 | Thr ACT   0   0   0   0   0   0 | Asn AAT   1   1   1   1   1   1 | Ser AGT   1   1   1   1   1   1
    ATC   1   1   1   1   1   1 |     ACC   1   1   1   1   1   1 |     AAC   0   0   0   0   0   0 |     AGC   0   0   0   0   0   0
    ATA   1   2   1   1   1   1 |     ACA   0   0   0   0   0   0 | Lys AAA   3   4   3   3   3   3 | Arg AGA   1   0   1   1   1   1
Met ATG   1   1   1   2   0   1 |     ACG   0   0   0   0   0   0 |     AAG   1   1   1   1   1   1 |     AGG   0   0   0   0   0   0
--------------------------------------------------------------------------------------------------------------------------------------
Val GTT   0   0   1   0   0   0 | Ala GCT   1   2   1   1   2   2 | Asp GAT   1   1   1   1   1   1 | Gly GGT   0   0   0   0   0   0
    GTC   0   0   0   0   0   0 |     GCC   1   0   1   1   0   0 |     GAC   0   1   1   0   0   0 |     GGC   0   0   0   0   0   0
    GTA   1   0   1   1   1   1 |     GCA   1   1   1   1   1   1 | Glu GAA   6   6   5   6   5   5 |     GGA   2   1   2   2   2   2
    GTG   1   1   0   1   1   1 |     GCG   0   0   0   0   0   0 |     GAG   1   1   1   1   2   2 |     GGG   0   0   0   0   0   0
--------------------------------------------------------------------------------------------------------------------------------------

--------------------------------------------------------------------------------------------------------------------------------------
Phe TTT   1   1   1   1   1   1 | Ser TCT   0   0   0   0   0   0 | Tyr TAT   0   0   0   0   0   0 | Cys TGT   0   0   0   0   0   0
    TTC   0   0   0   0   0   0 |     TCC   0   0   0   0   0   0 |     TAC   0   0   0   0   0   0 |     TGC   0   0   0   0   0   0
Leu TTA   1   1   1   1   1   1 |     TCA   0   0   0   0   0   0 | *** TAA   0   0   0   0   0   0 | *** TGA   0   0   0   0   0   0
    TTG   1   1   1   1   1   1 |     TCG   0   0   0   0   0   0 |     TAG   0   0   0   0   0   0 | Trp TGG   0   0   0   0   0   0
--------------------------------------------------------------------------------------------------------------------------------------
Leu CTT   1   1   1   1   1   1 | Pro CCT   1   1   1   1   1   1 | His CAT   0   0   0   0   0   0 | Arg CGT   0   0   0   0   0   0
    CTC   0   0   0   0   0   0 |     CCC   0   0   0   0   0   0 |     CAC   0   0   0   0   0   0 |     CGC   0   0   0   0   0   0
    CTA   0   0   0   0   0   0 |     CCA   0   0   0   0   0   0 | Gln CAA   0   0   1   0   0   0 |     CGA   0   0   0   1   0   0
    CTG   1   1   1   1   1   1 |     CCG   0   0   0   0   0   0 |     CAG   2   2   1   2   2   2 |     CGG   0   0   0   0   0   0
--------------------------------------------------------------------------------------------------------------------------------------
Ile ATT   2   2   2   2   2   2 | Thr ACT   0   0   0   0   0   0 | Asn AAT   1   1   1   1   1   1 | Ser AGT   1   1   1   1   1   1
    ATC   1   1   1   1   1   1 |     ACC   1   1   1   1   1   1 |     AAC   0   0   0   0   0   0 |     AGC   0   0   0   0   0   0
    ATA   1   1   1   1   1   1 |     ACA   0   0   0   0   0   0 | Lys AAA   3   3   3   3   3   3 | Arg AGA   1   1   1   0   1   1
Met ATG   1   1   1   1   1   1 |     ACG   0   0   0   0   0   0 |     AAG   1   1   1   1   1   1 |     AGG   0   0   0   0   0   0
--------------------------------------------------------------------------------------------------------------------------------------
Val GTT   0   0   0   0   1   0 | Ala GCT   1   1   1   2   1   1 | Asp GAT   1   1   1   1   1   1 | Gly GGT   0   0   0   0   0   0
    GTC   0   0   0   0   0   0 |     GCC   1   1   1   0   1   1 |     GAC   0   0   0   0   1   0 |     GGC   0   0   0   0   0   0
    GTA   1   1   1   1   1   1 |     GCA   1   1   1   1   1   1 | Glu GAA   6   6   6   6   5   5 |     GGA   2   2   2   2   2   2
    GTG   1   1   1   1   0   1 |     GCG   0   0   0   0   0   0 |     GAG   1   1   1   1   1   2 |     GGG   0   0   0   0   0   0
--------------------------------------------------------------------------------------------------------------------------------------

--------------------------------------------------------------------------------------------------------------------------------------
Phe TTT   1   1   1   1   1   1 | Ser TCT   0   0   0   0   0   0 | Tyr TAT   0   0   0   0   0   0 | Cys TGT   0   0   0   0   0   0
    TTC   0   0   0   0   0   0 |     TCC   0   0   0   0   0   0 |     TAC   0   0   0   0   0   0 |     TGC   0   0   0   0   0   0
Leu TTA   1   0   1   1   1   1 |     TCA   0   0   0   0   0   0 | *** TAA   0   0   0   0   0   0 | *** TGA   0   0   0   0   0   0
    TTG   1   1   1   1   1   1 |     TCG   0   0   0   0   0   0 |     TAG   0   0   0   0   0   0 | Trp TGG   0   0   0   0   0   0
--------------------------------------------------------------------------------------------------------------------------------------
Leu CTT   1   2   1   1   1   1 | Pro CCT   1   1   0   1   1   1 | His CAT   0   0   0   0   0   0 | Arg CGT   0   0   0   0   0   0
    CTC   0   0   0   0   0   0 |     CCC   0   0   0   0   0   0 |     CAC   0   0   0   0   0   0 |     CGC   0   0   0   0   0   0
    CTA   0   1   0   0   0   0 |     CCA   0   0   1   0   0   0 | Gln CAA   0   0   0   0   0   0 |     CGA   0   0   0   0   0   0
    CTG   1   0   1   1   1   1 |     CCG   0   0   0   0   0   0 |     CAG   2   2   2   2   2   2 |     CGG   0   0   0   0   0   0
--------------------------------------------------------------------------------------------------------------------------------------
Ile ATT   2   2   2   2   2   2 | Thr ACT   0   0   0   0   0   0 | Asn AAT   1   1   1   1   1   1 | Ser AGT   1   1   1   1   1   1
    ATC   1   1   1   1   1   1 |     ACC   1   1   1   1   0   1 |     AAC   0   0   0   0   0   0 |     AGC   0   0   0   0   1   0
    ATA   1   1   1   1   1   1 |     ACA   0   0   0   0   0   0 | Lys AAA   3   3   3   3   3   3 | Arg AGA   1   1   1   1   1   1
Met ATG   1   1   1   1   1   1 |     ACG   0   0   0   0   0   0 |     AAG   1   1   1   1   1   1 |     AGG   0   0   0   0   0   0
--------------------------------------------------------------------------------------------------------------------------------------
Val GTT   0   0   0   0   0   0 | Ala GCT   1   1   1   1   1   2 | Asp GAT   1   1   1   1   1   1 | Gly GGT   0   0   0   0   0   0
    GTC   0   1   0   0   0   0 |     GCC   1   1   1   1   1   0 |     GAC   0   0   0   0   0   0 |     GGC   0   0   0   0   0   0
    GTA   1   1   1   1   1   1 |     GCA   1   1   1   1   1   1 | Glu GAA   6   6   6   6   6   6 |     GGA   2   2   2   2   2   2
    GTG   1   0   1   1   1   1 |     GCG   0   0   0   0   0   0 |     GAG   1   1   1   1   1   1 |     GGG   0   0   0   0   0   0
--------------------------------------------------------------------------------------------------------------------------------------

--------------------------------------------------------------------------------------------------------------------------------------
Phe TTT   1   1   1   1   1   1 | Ser TCT   0   0   0   0   0   0 | Tyr TAT   0   0   0   0   0   0 | Cys TGT   0   0   0   0   0   0
    TTC   0   0   0   0   0   0 |     TCC   0   0   0   0   0   0 |     TAC   0   0   0   0   0   0 |     TGC   0   0   0   0   0   0
Leu TTA   1   1   1   1   1   1 |     TCA   0   0   0   0   0   0 | *** TAA   0   0   0   0   0   0 | *** TGA   0   0   0   0   0   0
    TTG   1   1   1   1   1   1 |     TCG   0   0   0   0   0   0 |     TAG   0   0   0   0   0   0 | Trp TGG   0   0   0   0   0   0
--------------------------------------------------------------------------------------------------------------------------------------
Leu CTT   1   1   1   1   1   1 | Pro CCT   1   1   1   1   1   1 | His CAT   0   0   0   0   0   0 | Arg CGT   0   0   0   0   0   0
    CTC   0   0   0   0   0   0 |     CCC   0   0   0   0   0   0 |     CAC   0   0   0   0   0   0 |     CGC   0   0   0   0   0   0
    CTA   0   0   0   0   0   0 |     CCA   0   0   0   0   0   0 | Gln CAA   0   0   0   0   0   0 |     CGA   0   0   0   0   0   0
    CTG   1   1   1   1   1   1 |     CCG   0   0   0   0   0   0 |     CAG   2   2   2   2   2   2 |     CGG   0   0   0   0   0   0
--------------------------------------------------------------------------------------------------------------------------------------
Ile ATT   2   2   2   2   2   1 | Thr ACT   0   0   0   0   0   0 | Asn AAT   1   1   1   1   1   1 | Ser AGT   1   1   1   1   1   1
    ATC   1   1   1   1   1   2 |     ACC   1   1   1   1   1   1 |     AAC   0   0   0   0   0   0 |     AGC   0   0   0   0   0   0
    ATA   1   1   1   1   1   1 |     ACA   0   0   0   0   0   0 | Lys AAA   3   3   3   3   3   3 | Arg AGA   1   1   1   1   1   1
Met ATG   1   1   1   1   1   1 |     ACG   0   0   0   0   0   0 |     AAG   1   1   1   1   1   1 |     AGG   0   0   0   0   0   0
--------------------------------------------------------------------------------------------------------------------------------------
Val GTT   0   0   0   1   0   0 | Ala GCT   1   1   1   1   2   1 | Asp GAT   1   1   1   1   1   1 | Gly GGT   0   0   0   0   0   0
    GTC   0   0   0   0   0   0 |     GCC   1   1   1   1   0   1 |     GAC   0   0   0   1   0   0 |     GGC   0   0   0   0   0   0
    GTA   1   1   1   1   1   1 |     GCA   1   1   1   1   1   1 | Glu GAA   6   6   6   5   6   6 |     GGA   2   2   2   2   2   2
    GTG   1   1   1   0   1   1 |     GCG   0   0   0   0   0   0 |     GAG   1   1   1   1   1   1 |     GGG   0   0   0   0   0   0
--------------------------------------------------------------------------------------------------------------------------------------

--------------------------------------------------------------------------------------------------------------------------------------
Phe TTT   1   1   1   1   1   1 | Ser TCT   0   0   0   0   0   0 | Tyr TAT   0   0   0   0   0   0 | Cys TGT   0   0   0   0   0   0
    TTC   0   0   0   0   0   0 |     TCC   0   0   0   0   0   0 |     TAC   0   0   0   0   0   0 |     TGC   0   0   0   0   0   0
Leu TTA   1   1   1   1   1   1 |     TCA   0   0   0   0   0   0 | *** TAA   0   0   0   0   0   0 | *** TGA   0   0   0   0   0   0
    TTG   1   1   1   1   1   1 |     TCG   0   0   0   0   0   0 |     TAG   0   0   0   0   0   0 | Trp TGG   0   0   0   0   0   0
--------------------------------------------------------------------------------------------------------------------------------------
Leu CTT   1   1   1   1   1   1 | Pro CCT   1   1   1   1   0   1 | His CAT   0   0   0   0   0   0 | Arg CGT   0   0   0   0   0   0
    CTC   0   0   0   0   0   0 |     CCC   0   0   0   0   0   0 |     CAC   0   0   0   0   0   0 |     CGC   0   0   0   0   0   0
    CTA   0   0   0   0   0   0 |     CCA   0   0   0   0   1   0 | Gln CAA   0   0   0   0   0   0 |     CGA   0   0   0   0   0   0
    CTG   1   1   1   1   1   1 |     CCG   0   0   0   0   0   0 |     CAG   2   2   2   2   2   2 |     CGG   0   0   0   0   0   0
--------------------------------------------------------------------------------------------------------------------------------------
Ile ATT   2   2   2   2   2   2 | Thr ACT   0   0   0   0   0   0 | Asn AAT   1   1   1   1   1   1 | Ser AGT   1   1   1   1   1   1
    ATC   1   1   1   1   1   1 |     ACC   1   1   1   1   1   1 |     AAC   0   0   0   0   0   0 |     AGC   0   0   0   0   0   0
    ATA   1   1   1   1   1   1 |     ACA   0   0   0   0   0   0 | Lys AAA   3   3   3   3   3   3 | Arg AGA   1   1   1   1   1   1
Met ATG   1   1   1   1   1   1 |     ACG   0   0   0   0   0   0 |     AAG   1   1   1   1   1   1 |     AGG   0   0   0   0   0   0
--------------------------------------------------------------------------------------------------------------------------------------
Val GTT   0   0   0   0   0   1 | Ala GCT   1   1   1   2   1   1 | Asp GAT   1   1   1   1   1   1 | Gly GGT   0   0   0   0   0   0
    GTC   0   0   0   0   0   0 |     GCC   1   1   1   0   1   1 |     GAC   0   1   0   0   0   1 |     GGC   0   0   0   0   0   0
    GTA   1   1   1   1   1   1 |     GCA   1   1   1   1   1   1 | Glu GAA   6   5   6   6   6   5 |     GGA   2   2   2   2   2   2
    GTG   1   1   1   1   1   0 |     GCG   0   0   0   0   0   0 |     GAG   1   1   1   1   1   1 |     GGG   0   0   0   0   0   0
--------------------------------------------------------------------------------------------------------------------------------------

--------------------------------------------------------------------------------------------------------------------------------------
Phe TTT   1   1   1   1   1   1 | Ser TCT   0   0   0   0   0   0 | Tyr TAT   0   0   0   0   0   0 | Cys TGT   0   0   0   0   1   0
    TTC   0   0   0   0   0   0 |     TCC   0   0   0   0   0   0 |     TAC   0   0   0   0   0   0 |     TGC   0   0   0   0   0   0
Leu TTA   1   1   1   1   1   1 |     TCA   0   0   0   0   0   0 | *** TAA   0   0   0   0   0   0 | *** TGA   0   0   0   0   0   0
    TTG   1   1   1   1   1   1 |     TCG   0   0   0   0   0   0 |     TAG   0   0   0   0   0   0 | Trp TGG   0   0   0   0   0   0
--------------------------------------------------------------------------------------------------------------------------------------
Leu CTT   1   1   1   1   1   1 | Pro CCT   1   1   1   1   1   0 | His CAT   0   0   0   0   0   0 | Arg CGT   0   0   0   0   0   0
    CTC   0   0   0   0   0   0 |     CCC   0   0   0   0   0   0 |     CAC   0   0   0   0   0   0 |     CGC   0   0   0   0   0   0
    CTA   0   0   0   0   0   0 |     CCA   0   0   0   0   0   1 | Gln CAA   0   0   0   0   0   0 |     CGA   0   0   0   0   0   0
    CTG   1   1   1   1   1   1 |     CCG   0   0   0   0   0   0 |     CAG   2   2   2   2   2   2 |     CGG   0   0   0   0   0   0
--------------------------------------------------------------------------------------------------------------------------------------
Ile ATT   2   2   2   2   2   2 | Thr ACT   0   0   0   0   0   0 | Asn AAT   1   1   1   1   1   1 | Ser AGT   1   1   1   1   0   1
    ATC   1   1   1   1   1   1 |     ACC   1   1   1   1   1   1 |     AAC   0   0   0   0   0   0 |     AGC   0   0   0   0   0   0
    ATA   1   1   1   1   1   1 |     ACA   0   0   0   0   0   0 | Lys AAA   3   3   3   3   3   3 | Arg AGA   1   1   1   1   1   1
Met ATG   1   1   1   1   1   1 |     ACG   0   0   0   0   0   0 |     AAG   1   1   1   1   1   1 |     AGG   0   0   0   0   0   0
--------------------------------------------------------------------------------------------------------------------------------------
Val GTT   0   1   0   0   0   0 | Ala GCT   2   1   1   1   1   1 | Asp GAT   1   1   1   1   1   1 | Gly GGT   0   0   0   0   0   0
    GTC   0   0   0   0   0   0 |     GCC   0   1   1   1   1   1 |     GAC   0   1   0   0   0   0 |     GGC   0   0   0   0   0   0
    GTA   1   1   1   1   1   1 |     GCA   1   1   1   1   1   1 | Glu GAA   6   5   5   6   6   6 |     GGA   2   2   2   2   2   2
    GTG   1   0   1   1   1   1 |     GCG   0   0   0   0   0   0 |     GAG   1   1   2   1   1   1 |     GGG   0   0   0   0   0   0
--------------------------------------------------------------------------------------------------------------------------------------

--------------------------------------------------------------------------------------------------------------------------------------
Phe TTT   1   1   1   1   1   1 | Ser TCT   0   0   0   0   0   0 | Tyr TAT   0   0   0   0   0   0 | Cys TGT   0   0   0   0   0   0
    TTC   0   0   0   0   0   0 |     TCC   0   0   0   0   0   0 |     TAC   0   0   0   0   0   0 |     TGC   0   0   0   0   0   0
Leu TTA   1   1   1   1   1   1 |     TCA   0   0   0   0   0   0 | *** TAA   0   0   0   0   0   0 | *** TGA   0   0   0   0   0   0
    TTG   1   1   1   1   0   1 |     TCG   0   0   0   0   0   0 |     TAG   0   0   0   0   0   0 | Trp TGG   0   0   0   0   0   0
--------------------------------------------------------------------------------------------------------------------------------------
Leu CTT   1   1   1   1   1   1 | Pro CCT   0   1   1   1   1   1 | His CAT   0   0   0   0   0   0 | Arg CGT   0   0   0   0   0   0
    CTC   0   0   0   0   0   0 |     CCC   0   0   0   0   0   0 |     CAC   0   0   0   0   0   0 |     CGC   0   0   0   0   0   0
    CTA   0   0   0   0   0   0 |     CCA   1   0   0   0   0   0 | Gln CAA   0   0   0   0   0   0 |     CGA   0   0   0   0   0   0
    CTG   1   1   1   1   2   1 |     CCG   0   0   0   0   0   0 |     CAG   2   2   2   2   2   2 |     CGG   0   0   0   0   0   0
--------------------------------------------------------------------------------------------------------------------------------------
Ile ATT   2   2   2   2   2   2 | Thr ACT   0   0   0   0   0   0 | Asn AAT   1   1   1   1   1   1 | Ser AGT   1   1   1   1   1   1
    ATC   1   1   1   1   1   1 |     ACC   1   1   1   1   1   1 |     AAC   0   0   0   0   0   0 |     AGC   0   0   0   0   0   0
    ATA   1   1   1   1   1   1 |     ACA   0   0   0   0   0   0 | Lys AAA   3   3   3   3   3   3 | Arg AGA   1   1   1   1   1   1
Met ATG   1   1   1   1   1   1 |     ACG   0   0   0   0   0   0 |     AAG   1   1   1   1   1   1 |     AGG   0   0   0   0   0   0
--------------------------------------------------------------------------------------------------------------------------------------
Val GTT   0   0   0   0   0   0 | Ala GCT   1   1   1   1   1   1 | Asp GAT   1   1   1   1   1   1 | Gly GGT   0   0   0   0   0   0
    GTC   0   1   0   0   0   0 |     GCC   1   1   1   1   1   1 |     GAC   0   0   0   0   0   1 |     GGC   0   0   0   0   0   0
    GTA   1   1   1   1   1   1 |     GCA   1   1   1   1   1   1 | Glu GAA   6   6   6   6   6   5 |     GGA   2   2   2   2   2   2
    GTG   1   0   1   1   1   1 |     GCG   0   0   0   0   0   0 |     GAG   1   1   1   1   1   1 |     GGG   0   0   0   0   0   0
--------------------------------------------------------------------------------------------------------------------------------------

--------------------------------------------------------------------------------------------------------------------------------------
Phe TTT   1   1   1   1   1   1 | Ser TCT   0   0   0   0   0   0 | Tyr TAT   0   0   0   0   0   0 | Cys TGT   0   0   0   0   0   0
    TTC   0   0   0   0   0   0 |     TCC   0   0   0   0   0   0 |     TAC   0   0   0   0   0   0 |     TGC   0   0   0   0   0   0
Leu TTA   1   1   1   1   1   1 |     TCA   0   0   0   0   0   0 | *** TAA   0   0   0   0   0   0 | *** TGA   0   0   0   0   0   0
    TTG   1   1   1   1   1   1 |     TCG   0   0   0   0   0   0 |     TAG   0   0   0   0   0   0 | Trp TGG   0   0   0   0   0   0
--------------------------------------------------------------------------------------------------------------------------------------
Leu CTT   1   1   1   1   1   1 | Pro CCT   1   1   1   1   1   1 | His CAT   0   0   0   0   0   0 | Arg CGT   0   0   0   0   0   0
    CTC   0   0   0   0   0   0 |     CCC   0   0   0   0   0   0 |     CAC   0   0   0   0   0   0 |     CGC   0   0   0   0   0   0
    CTA   0   0   0   0   0   0 |     CCA   0   0   0   0   0   0 | Gln CAA   0   1   0   0   0   0 |     CGA   0   0   0   0   0   0
    CTG   1   1   1   1   1   1 |     CCG   0   0   0   0   0   0 |     CAG   2   1   2   2   2   2 |     CGG   0   0   0   0   0   0
--------------------------------------------------------------------------------------------------------------------------------------
Ile ATT   2   2   2   2   2   2 | Thr ACT   0   0   0   0   0   0 | Asn AAT   1   1   1   1   1   2 | Ser AGT   1   1   1   1   1   1
    ATC   1   1   1   1   1   1 |     ACC   1   1   1   1   1   1 |     AAC   0   0   0   0   0   0 |     AGC   0   0   0   0   0   0
    ATA   1   1   1   1   1   1 |     ACA   0   0   0   0   0   0 | Lys AAA   3   3   3   3   3   3 | Arg AGA   1   1   1   1   1   1
Met ATG   1   1   1   1   1   1 |     ACG   0   0   0   0   0   0 |     AAG   1   1   1   1   1   0 |     AGG   0   0   0   0   0   0
--------------------------------------------------------------------------------------------------------------------------------------
Val GTT   0   0   0   0   0   0 | Ala GCT   1   2   1   1   1   1 | Asp GAT   1   1   1   1   1   1 | Gly GGT   0   0   0   0   0   0
    GTC   0   0   0   0   1   0 |     GCC   1   0   1   1   1   1 |     GAC   0   0   0   1   0   0 |     GGC   0   0   0   0   0   0
    GTA   1   1   1   1   1   1 |     GCA   1   1   1   1   1   1 | Glu GAA   6   6   6   6   6   6 |     GGA   2   2   2   1   2   2
    GTG   1   1   1   1   0   1 |     GCG   0   0   0   0   0   0 |     GAG   1   1   1   1   1   1 |     GGG   0   0   0   0   0   0
--------------------------------------------------------------------------------------------------------------------------------------

--------------------------------------------------------------------------------------------------------------------------------------
Phe TTT   1   1   1   1   1   1 | Ser TCT   0   0   0   0   0   0 | Tyr TAT   0   0   0   0   0   0 | Cys TGT   0   0   0   0   0   0
    TTC   0   0   0   0   0   0 |     TCC   0   0   0   0   0   0 |     TAC   0   0   0   0   0   0 |     TGC   0   0   0   0   0   0
Leu TTA   1   1   1   1   1   1 |     TCA   0   0   0   0   0   0 | *** TAA   0   0   0   0   0   0 | *** TGA   0   0   0   0   0   0
    TTG   1   2   1   0   1   1 |     TCG   0   0   0   0   0   0 |     TAG   0   0   0   0   0   0 | Trp TGG   0   0   0   0   0   0
--------------------------------------------------------------------------------------------------------------------------------------
Leu CTT   1   1   1   1   1   1 | Pro CCT   1   1   1   1   1   1 | His CAT   0   0   0   0   0   0 | Arg CGT   0   0   0   0   0   0
    CTC   0   0   0   0   0   0 |     CCC   0   0   0   0   0   0 |     CAC   0   0   0   0   0   0 |     CGC   0   0   0   0   0   0
    CTA   0   0   0   0   0   0 |     CCA   0   0   0   0   0   0 | Gln CAA   0   0   0   0   0   0 |     CGA   0   0   0   0   0   0
    CTG   1   1   1   1   1   1 |     CCG   0   0   0   0   0   0 |     CAG   2   3   2   2   2   2 |     CGG   0   0   0   0   0   0
--------------------------------------------------------------------------------------------------------------------------------------
Ile ATT   2   2   2   2   2   2 | Thr ACT   0   0   0   0   0   0 | Asn AAT   1   1   1   1   1   1 | Ser AGT   1   1   1   1   1   1
    ATC   1   1   1   1   1   1 |     ACC   1   1   1   1   1   1 |     AAC   0   0   0   0   0   0 |     AGC   0   0   0   0   0   0
    ATA   1   1   1   1   1   1 |     ACA   0   0   0   0   0   0 | Lys AAA   3   3   3   3   3   3 | Arg AGA   1   1   1   1   1   1
Met ATG   1   1   1   2   1   1 |     ACG   0   0   0   0   0   0 |     AAG   1   0   1   1   1   1 |     AGG   0   0   0   0   0   0
--------------------------------------------------------------------------------------------------------------------------------------
Val GTT   0   0   0   0   1   1 | Ala GCT   1   1   1   1   1   1 | Asp GAT   1   1   1   1   1   1 | Gly GGT   0   0   0   0   0   0
    GTC   0   0   0   0   0   0 |     GCC   1   1   1   1   1   1 |     GAC   0   0   0   0   1   1 |     GGC   0   0   0   0   0   0
    GTA   1   1   1   1   1   1 |     GCA   1   1   1   1   1   1 | Glu GAA   6   6   6   6   4   5 |     GGA   2   2   2   2   2   2
    GTG   1   0   1   1   0   0 |     GCG   0   0   0   0   0   0 |     GAG   1   1   1   1   2   1 |     GGG   0   0   0   0   0   0
--------------------------------------------------------------------------------------------------------------------------------------

Codon position x base (3x4) table for each sequence.

#1: Argali         
position  1:    T:0.08333    C:0.13889    A:0.36111    G:0.41667
position  2:    T:0.33333    C:0.13889    A:0.41667    G:0.11111
position  3:    T:0.25000    C:0.08333    A:0.44444    G:0.22222
Average         T:0.22222    C:0.12037    A:0.40741    G:0.25000

#2: LesserMouseDeer
position  1:    T:0.05556    C:0.16667    A:0.38889    G:0.38889
position  2:    T:0.33333    C:0.13889    A:0.47222    G:0.05556
position  3:    T:0.27778    C:0.08333    A:0.44444    G:0.19444
Average         T:0.22222    C:0.12963    A:0.43519    G:0.21296

#3: LesserKudu     
position  1:    T:0.08333    C:0.13889    A:0.36111    G:0.41667
position  2:    T:0.33333    C:0.13889    A:0.41667    G:0.11111
position  3:    T:0.27778    C:0.11111    A:0.41667    G:0.19444
Average         T:0.23148    C:0.12963    A:0.39815    G:0.24074

#4: ForestMuskDeer2
position  1:    T:0.08333    C:0.11111    A:0.38889    G:0.41667
position  2:    T:0.33333    C:0.13889    A:0.41667    G:0.11111
position  3:    T:0.25000    C:0.08333    A:0.44444    G:0.22222
Average         T:0.22222    C:0.11111    A:0.41667    G:0.25000

#5: Camel          
position  1:    T:0.08333    C:0.16667    A:0.33333    G:0.41667
position  2:    T:0.33333    C:0.13889    A:0.41667    G:0.11111
position  3:    T:0.27778    C:0.05556    A:0.44444    G:0.22222
Average         T:0.23148    C:0.12037    A:0.39815    G:0.25000

#6: KillerWhale    
position  1:    T:0.08333    C:0.13889    A:0.36111    G:0.41667
position  2:    T:0.33333    C:0.13889    A:0.41667    G:0.11111
position  3:    T:0.27778    C:0.05556    A:0.44444    G:0.22222
Average         T:0.23148    C:0.11111    A:0.40741    G:0.25000

#7: DefassaWaterbuck
position  1:    T:0.08333    C:0.13889    A:0.36111    G:0.41667
position  2:    T:0.33333    C:0.13889    A:0.41667    G:0.11111
position  3:    T:0.25000    C:0.08333    A:0.44444    G:0.22222
Average         T:0.22222    C:0.12037    A:0.40741    G:0.25000

#8: Sheep          
position  1:    T:0.08333    C:0.13889    A:0.36111    G:0.41667
position  2:    T:0.33333    C:0.13889    A:0.41667    G:0.11111
position  3:    T:0.25000    C:0.08333    A:0.44444    G:0.22222
Average         T:0.22222    C:0.12037    A:0.40741    G:0.25000

#9: MaxwellsDuiker 
position  1:    T:0.08333    C:0.13889    A:0.36111    G:0.41667
position  2:    T:0.33333    C:0.13889    A:0.41667    G:0.11111
position  3:    T:0.25000    C:0.08333    A:0.47222    G:0.19444
Average         T:0.22222    C:0.12037    A:0.41667    G:0.24074

#10: GazellaPrzewalskyi
position  1:    T:0.08333    C:0.16667    A:0.33333    G:0.41667
position  2:    T:0.33333    C:0.13889    A:0.41667    G:0.11111
position  3:    T:0.27778    C:0.05556    A:0.44444    G:0.22222
Average         T:0.23148    C:0.12037    A:0.39815    G:0.25000

#11: MountainNyala  
position  1:    T:0.08333    C:0.13889    A:0.36111    G:0.41667
position  2:    T:0.33333    C:0.13889    A:0.41667    G:0.11111
position  3:    T:0.27778    C:0.11111    A:0.41667    G:0.19444
Average         T:0.23148    C:0.12963    A:0.39815    G:0.24074

#12: MuntiacusMuntjak
position  1:    T:0.08333    C:0.13889    A:0.36111    G:0.41667
position  2:    T:0.33333    C:0.13889    A:0.41667    G:0.11111
position  3:    T:0.25000    C:0.08333    A:0.41667    G:0.25000
Average         T:0.22222    C:0.12037    A:0.39815    G:0.25926

#13: goat           
position  1:    T:0.08333    C:0.13889    A:0.36111    G:0.41667
position  2:    T:0.33333    C:0.13889    A:0.41667    G:0.11111
position  3:    T:0.25000    C:0.08333    A:0.44444    G:0.22222
Average         T:0.22222    C:0.12037    A:0.40741    G:0.25000

#14: AfricanBuffalo 
position  1:    T:0.05556    C:0.16667    A:0.36111    G:0.41667
position  2:    T:0.33333    C:0.13889    A:0.41667    G:0.11111
position  3:    T:0.27778    C:0.11111    A:0.44444    G:0.16667
Average         T:0.22222    C:0.13889    A:0.40741    G:0.23148

#15: Topi           
position  1:    T:0.08333    C:0.13889    A:0.36111    G:0.41667
position  2:    T:0.33333    C:0.13889    A:0.41667    G:0.11111
position  3:    T:0.22222    C:0.08333    A:0.47222    G:0.22222
Average         T:0.21296    C:0.12037    A:0.41667    G:0.25000

#16: CommonDuiker   
position  1:    T:0.08333    C:0.13889    A:0.36111    G:0.41667
position  2:    T:0.33333    C:0.13889    A:0.41667    G:0.11111
position  3:    T:0.25000    C:0.08333    A:0.44444    G:0.22222
Average         T:0.22222    C:0.12037    A:0.40741    G:0.25000

#17: Suni           
position  1:    T:0.08333    C:0.13889    A:0.36111    G:0.41667
position  2:    T:0.33333    C:0.11111    A:0.41667    G:0.13889
position  3:    T:0.25000    C:0.08333    A:0.44444    G:0.22222
Average         T:0.22222    C:0.11111    A:0.40741    G:0.25926

#18: Springbuck     
position  1:    T:0.08333    C:0.13889    A:0.36111    G:0.41667
position  2:    T:0.33333    C:0.13889    A:0.41667    G:0.11111
position  3:    T:0.27778    C:0.05556    A:0.44444    G:0.22222
Average         T:0.23148    C:0.11111    A:0.40741    G:0.25000

#19: Okapi          
position  1:    T:0.08333    C:0.13889    A:0.36111    G:0.41667
position  2:    T:0.33333    C:0.13889    A:0.41667    G:0.11111
position  3:    T:0.25000    C:0.08333    A:0.44444    G:0.22222
Average         T:0.22222    C:0.12037    A:0.40741    G:0.25000

#20: Giraffe        
position  1:    T:0.08333    C:0.13889    A:0.36111    G:0.41667
position  2:    T:0.33333    C:0.13889    A:0.41667    G:0.11111
position  3:    T:0.25000    C:0.08333    A:0.44444    G:0.22222
Average         T:0.22222    C:0.12037    A:0.40741    G:0.25000

#21: TibetanAntelope
position  1:    T:0.08333    C:0.13889    A:0.36111    G:0.41667
position  2:    T:0.33333    C:0.13889    A:0.41667    G:0.11111
position  3:    T:0.25000    C:0.08333    A:0.44444    G:0.22222
Average         T:0.22222    C:0.12037    A:0.40741    G:0.25000

#22: Sitatunga      
position  1:    T:0.08333    C:0.13889    A:0.36111    G:0.41667
position  2:    T:0.33333    C:0.13889    A:0.41667    G:0.11111
position  3:    T:0.27778    C:0.11111    A:0.41667    G:0.19444
Average         T:0.23148    C:0.12963    A:0.39815    G:0.24074

#23: Oribi          
position  1:    T:0.08333    C:0.13889    A:0.36111    G:0.41667
position  2:    T:0.33333    C:0.13889    A:0.41667    G:0.11111
position  3:    T:0.27778    C:0.05556    A:0.44444    G:0.22222
Average         T:0.23148    C:0.11111    A:0.40741    G:0.25000

#24: BarbarySheep   
position  1:    T:0.08333    C:0.13889    A:0.36111    G:0.41667
position  2:    T:0.33333    C:0.13889    A:0.41667    G:0.11111
position  3:    T:0.22222    C:0.11111    A:0.44444    G:0.22222
Average         T:0.21296    C:0.12963    A:0.40741    G:0.25000

#25: Daviddeer      
position  1:    T:0.08333    C:0.13889    A:0.36111    G:0.41667
position  2:    T:0.33333    C:0.13889    A:0.41667    G:0.11111
position  3:    T:0.25000    C:0.08333    A:0.44444    G:0.22222
Average         T:0.22222    C:0.12037    A:0.40741    G:0.25000

#26: Reindeer       
position  1:    T:0.08333    C:0.13889    A:0.36111    G:0.41667
position  2:    T:0.33333    C:0.13889    A:0.41667    G:0.11111
position  3:    T:0.25000    C:0.11111    A:0.41667    G:0.22222
Average         T:0.22222    C:0.12963    A:0.39815    G:0.25000

#27: Ibex           
position  1:    T:0.08333    C:0.13889    A:0.36111    G:0.41667
position  2:    T:0.33333    C:0.13889    A:0.41667    G:0.11111
position  3:    T:0.25000    C:0.08333    A:0.44444    G:0.22222
Average         T:0.22222    C:0.12037    A:0.40741    G:0.25000

#28: GyrantGazelle  
position  1:    T:0.08333    C:0.13889    A:0.36111    G:0.41667
position  2:    T:0.33333    C:0.13889    A:0.41667    G:0.11111
position  3:    T:0.27778    C:0.05556    A:0.44444    G:0.22222
Average         T:0.23148    C:0.11111    A:0.40741    G:0.25000

#29: Hartebeest     
position  1:    T:0.08333    C:0.13889    A:0.36111    G:0.41667
position  2:    T:0.33333    C:0.13889    A:0.41667    G:0.11111
position  3:    T:0.22222    C:0.08333    A:0.47222    G:0.22222
Average         T:0.21296    C:0.12037    A:0.41667    G:0.25000

#30: Bongo          
position  1:    T:0.08333    C:0.13889    A:0.36111    G:0.41667
position  2:    T:0.33333    C:0.13889    A:0.41667    G:0.11111
position  3:    T:0.27778    C:0.11111    A:0.41667    G:0.19444
Average         T:0.23148    C:0.12963    A:0.39815    G:0.24074

#31: Gerenuk        
position  1:    T:0.08333    C:0.13889    A:0.36111    G:0.41667
position  2:    T:0.33333    C:0.13889    A:0.41667    G:0.11111
position  3:    T:0.27778    C:0.05556    A:0.44444    G:0.22222
Average         T:0.23148    C:0.11111    A:0.40741    G:0.25000

#32: CommonEland    
position  1:    T:0.08333    C:0.13889    A:0.36111    G:0.41667
position  2:    T:0.33333    C:0.13889    A:0.41667    G:0.11111
position  3:    T:0.27778    C:0.11111    A:0.41667    G:0.19444
Average         T:0.23148    C:0.12963    A:0.39815    G:0.24074

#33: MuntiacusReevesi
position  1:    T:0.08333    C:0.13889    A:0.36111    G:0.41667
position  2:    T:0.33333    C:0.13889    A:0.41667    G:0.11111
position  3:    T:0.25000    C:0.08333    A:0.41667    G:0.25000
Average         T:0.22222    C:0.12037    A:0.39815    G:0.25926

#34: HarveysDuiker  
position  1:    T:0.08333    C:0.13889    A:0.36111    G:0.41667
position  2:    T:0.33333    C:0.13889    A:0.41667    G:0.11111
position  3:    T:0.25000    C:0.08333    A:0.44444    G:0.22222
Average         T:0.22222    C:0.12037    A:0.40741    G:0.25000

#35: Pronghorn      
position  1:    T:0.11111    C:0.13889    A:0.33333    G:0.41667
position  2:    T:0.33333    C:0.13889    A:0.41667    G:0.11111
position  3:    T:0.25000    C:0.08333    A:0.44444    G:0.22222
Average         T:0.23148    C:0.12037    A:0.39815    G:0.25000

#36: BlueWildebeest 
position  1:    T:0.08333    C:0.13889    A:0.36111    G:0.41667
position  2:    T:0.33333    C:0.13889    A:0.41667    G:0.11111
position  3:    T:0.22222    C:0.08333    A:0.47222    G:0.22222
Average         T:0.21296    C:0.12037    A:0.41667    G:0.25000

#37: Gemsbok        
position  1:    T:0.08333    C:0.13889    A:0.36111    G:0.41667
position  2:    T:0.33333    C:0.13889    A:0.41667    G:0.11111
position  3:    T:0.22222    C:0.08333    A:0.47222    G:0.22222
Average         T:0.21296    C:0.12037    A:0.41667    G:0.25000

#38: Yak            
position  1:    T:0.08333    C:0.13889    A:0.36111    G:0.41667
position  2:    T:0.33333    C:0.13889    A:0.41667    G:0.11111
position  3:    T:0.25000    C:0.11111    A:0.44444    G:0.19444
Average         T:0.22222    C:0.12963    A:0.40741    G:0.24074

#39: BlueSheep      
position  1:    T:0.08333    C:0.13889    A:0.36111    G:0.41667
position  2:    T:0.33333    C:0.13889    A:0.41667    G:0.11111
position  3:    T:0.25000    C:0.08333    A:0.44444    G:0.22222
Average         T:0.22222    C:0.12037    A:0.40741    G:0.25000

#40: BohorReedbuck  
position  1:    T:0.08333    C:0.13889    A:0.36111    G:0.41667
position  2:    T:0.33333    C:0.13889    A:0.41667    G:0.11111
position  3:    T:0.25000    C:0.08333    A:0.44444    G:0.22222
Average         T:0.22222    C:0.12037    A:0.40741    G:0.25000

#41: KirksDik       
position  1:    T:0.05556    C:0.16667    A:0.36111    G:0.41667
position  2:    T:0.33333    C:0.13889    A:0.41667    G:0.11111
position  3:    T:0.25000    C:0.08333    A:0.44444    G:0.22222
Average         T:0.21296    C:0.12963    A:0.40741    G:0.25000

#42: RoeDeer        
position  1:    T:0.08333    C:0.13889    A:0.36111    G:0.41667
position  2:    T:0.33333    C:0.13889    A:0.41667    G:0.11111
position  3:    T:0.25000    C:0.11111    A:0.41667    G:0.22222
Average         T:0.22222    C:0.12963    A:0.39815    G:0.25000

#43: WhiteLippedDeer
position  1:    T:0.08333    C:0.13889    A:0.36111    G:0.41667
position  2:    T:0.33333    C:0.13889    A:0.41667    G:0.11111
position  3:    T:0.25000    C:0.08333    A:0.44444    G:0.22222
Average         T:0.22222    C:0.12037    A:0.40741    G:0.25000

#44: ThomsonGazelle 
position  1:    T:0.08333    C:0.13889    A:0.36111    G:0.41667
position  2:    T:0.33333    C:0.13889    A:0.41667    G:0.11111
position  3:    T:0.27778    C:0.05556    A:0.47222    G:0.19444
Average         T:0.23148    C:0.11111    A:0.41667    G:0.24074

#45: MuntiacusCrinifrons
position  1:    T:0.08333    C:0.13889    A:0.36111    G:0.41667
position  2:    T:0.33333    C:0.13889    A:0.41667    G:0.11111
position  3:    T:0.25000    C:0.08333    A:0.44444    G:0.22222
Average         T:0.22222    C:0.12037    A:0.40741    G:0.25000

#46: WhiteTailedDeer
position  1:    T:0.08333    C:0.13889    A:0.36111    G:0.41667
position  2:    T:0.33333    C:0.13889    A:0.44444    G:0.08333
position  3:    T:0.25000    C:0.11111    A:0.41667    G:0.22222
Average         T:0.22222    C:0.12963    A:0.40741    G:0.24074

#47: Cattle         
position  1:    T:0.08333    C:0.13889    A:0.36111    G:0.41667
position  2:    T:0.33333    C:0.13889    A:0.41667    G:0.11111
position  3:    T:0.25000    C:0.11111    A:0.44444    G:0.19444
Average         T:0.22222    C:0.12963    A:0.40741    G:0.24074

#48: RoyalAntelope  
position  1:    T:0.08333    C:0.13889    A:0.36111    G:0.41667
position  2:    T:0.33333    C:0.13889    A:0.41667    G:0.11111
position  3:    T:0.27778    C:0.08333    A:0.44444    G:0.19444
Average         T:0.23148    C:0.12037    A:0.40741    G:0.24074

#49: Steenbok       
position  1:    T:0.08333    C:0.13889    A:0.36111    G:0.41667
position  2:    T:0.33333    C:0.13889    A:0.41667    G:0.11111
position  3:    T:0.25000    C:0.08333    A:0.44444    G:0.22222
Average         T:0.22222    C:0.12037    A:0.40741    G:0.25000

#50: Impala         
position  1:    T:0.11111    C:0.16667    A:0.33333    G:0.38889
position  2:    T:0.33333    C:0.13889    A:0.41667    G:0.11111
position  3:    T:0.25000    C:0.08333    A:0.44444    G:0.22222
Average         T:0.23148    C:0.12963    A:0.39815    G:0.24074

#51: Klipspringer   
position  1:    T:0.08333    C:0.13889    A:0.36111    G:0.41667
position  2:    T:0.33333    C:0.13889    A:0.41667    G:0.11111
