1
52 1
Argali 0.000000 0.423600 0.225100 0.554600 0.131400 0.023400 0.136800 0.181300 0.212500 0.238600 0.080100 0.220000 0.123100 0.104600 0.144200 0.127400 0.257000 0.244600 0.055900 0.212400 0.136200 0.055700 0.256800 0.262200 0.104400 0.135900 0.106600 0.228200 0.143800 0.186500 0.246600 0.137200 0.357000 0.120400 0.113300 0.231100 0.092000 0.137700 0.160800 0.275300 0.263700 0.141900 0.238200 0.296000 0.223100 0.145700 0.168200 0.123600 0.131100 0.294300 0.198200 0.187300
LesserMous 0.423600 0.000000 0.436100 0.463800 0.434100 0.452000 0.398300 0.459600 0.418400 0.353300 0.446500 0.411700 0.409800 0.383100 0.430000 0.432200 0.386300 0.338400 0.416300 0.418100 0.495800 0.415200 0.347100 0.414000 0.428900 0.470200 0.413300 0.412000 0.477500 0.413000 0.360300 0.397600 0.400400 0.425300 0.338500 0.439100 0.438000 0.436800 0.416000 0.358800 0.353600 0.473000 0.352400 0.390100 0.430800 0.399200 0.365100 0.411300 0.399100 0.416000 0.405400 0.390200
LesserKudu 0.225100 0.436100 0.000000 0.537900 0.232400 0.216700 0.238100 0.304500 0.038500 0.279200 0.205600 0.170500 0.215100 0.223500 0.236900 0.237100 0.276000 0.331000 0.198000 0.054400 0.267500 0.217100 0.287500 0.301800 0.232400 0.246900 0.197800 0.069500 0.294800 0.063300 0.286800 0.219200 0.312600 0.191600 0.185100 0.162200 0.233900 0.237700 0.254200 0.295000 0.317000 0.251800 0.278600 0.292700 0.154200 0.227100 0.302000 0.170200 0.263400 0.314600 0.039400 0.063500
KillerWhal 0.554600 0.463800 0.537900 0.000000 0.505700 0.572500 0.508900 0.603900 0.516700 0.443800 0.588000 0.464400 0.539000 0.495200 0.513900 0.558100 0.499900 0.444600 0.516700 0.515900 0.572700 0.547000 0.464600 0.446100 0.573400 0.574700 0.544800 0.522400 0.579500 0.511000 0.451700 0.508700 0.520500 0.510600 0.488900 0.481200 0.531700 0.519200 0.570400 0.479200 0.501100 0.606300 0.442700 0.464000 0.472800 0.522300 0.578400 0.498800 0.522500 0.524400 0.502400 0.513100
DefassaWat 0.131400 0.434100 0.232400 0.505700 0.000000 0.158700 0.153000 0.216700 0.220000 0.286600 0.149100 0.236600 0.140300 0.121600 0.179500 0.179500 0.253200 0.261900 0.106000 0.220000 0.189000 0.123400 0.306300 0.268300 0.174800 0.188700 0.141300 0.235800 0.214700 0.213300 0.273900 0.153300 0.357300 0.146100 0.147800 0.247700 0.136200 0.022400 0.196300 0.281400 0.313000 0.176500 0.287400 0.302100 0.239600 0.128200 0.168200 0.132400 0.130800 0.315500 0.205700 0.194900
Sheep 0.023400 0.452000 0.216700 0.572500 0.158700 0.000000 0.163900 0.208600 0.204300 0.250300 0.088900 0.211000 0.132500 0.131000 0.171100 0.153800 0.268300 0.277600 0.064400 0.204200 0.163200 0.064200 0.268600 0.273200 0.113500 0.162700 0.115900 0.220100 0.170800 0.178100 0.258300 0.164300 0.369300 0.129600 0.122500 0.221900 0.101200 0.164900 0.170200 0.287200 0.275500 0.168500 0.249900 0.307800 0.213800 0.155200 0.195600 0.133100 0.158600 0.285100 0.189500 0.178700
MaxwellsDu 0.136800 0.398300 0.238100 0.508900 0.153000 0.163900 0.000000 0.160100 0.234600 0.241200 0.119500 0.213000 0.128600 0.045600 0.158000 0.141300 0.219900 0.246700 0.111900 0.234400 0.149900 0.111900 0.237900 0.263300 0.161500 0.132600 0.129500 0.250000 0.157100 0.209000 0.228400 0.060400 0.304800 0.142100 0.152600 0.243200 0.141900 0.160100 0.123300 0.311700 0.286900 0.155400 0.240500 0.296900 0.235300 0.125400 0.130500 0.138100 0.102300 0.266800 0.220800 0.248400
GazellaPrz 0.181300 0.459600 0.304500 0.603900 0.216700 0.208600 0.160100 0.000000 0.280000 0.335200 0.181000 0.277800 0.199400 0.153800 0.235000 0.109800 0.275200 0.263600 0.156500 0.279900 0.102400 0.173500 0.340200 0.341900 0.205400 0.102100 0.183300 0.275700 0.124900 0.264100 0.351800 0.177200 0.321500 0.178300 0.188600 0.259800 0.205300 0.221900 0.116500 0.347800 0.356400 0.123500 0.334500 0.400700 0.252200 0.185900 0.116000 0.207900 0.180300 0.298900 0.267000 0.284000
MountainNy 0.212500 0.418400 0.038500 0.516700 0.220000 0.204300 0.234600 0.280000 0.000000 0.265400 0.212000 0.159200 0.203100 0.220000 0.224600 0.233600 0.243000 0.315900 0.185900 0.015000 0.263400 0.204600 0.283500 0.288100 0.238600 0.262800 0.186100 0.029800 0.290300 0.054500 0.273000 0.215900 0.298800 0.180200 0.173600 0.151100 0.220900 0.225300 0.270000 0.303200 0.312500 0.267400 0.264800 0.279200 0.143100 0.225500 0.297400 0.158800 0.250000 0.310400 0.031000 0.054600
MuntiacusM 0.238600 0.353300 0.279200 0.443800 0.286600 0.250300 0.241200 0.335200 0.265400 0.000000 0.237800 0.285600 0.259200 0.267700 0.292200 0.261200 0.226600 0.190400 0.209200 0.265200 0.284300 0.229900 0.016800 0.109200 0.289200 0.294300 0.240500 0.282100 0.302200 0.237900 0.008400 0.240900 0.288100 0.243800 0.267900 0.300100 0.259500 0.293100 0.301800 0.086900 0.059400 0.298400 0.000000 0.100800 0.291400 0.284100 0.307500 0.250200 0.260100 0.224500 0.250100 0.280900
goat 0.080100 0.446500 0.205600 0.588000 0.149100 0.088900 0.119500 0.181000 0.212000 0.237800 0.000000 0.208700 0.123000 0.104300 0.179600 0.162300 0.255700 0.264700 0.055800 0.211900 0.153400 0.039500 0.256100 0.220800 0.038800 0.153100 0.106700 0.227700 0.178500 0.167200 0.225000 0.137000 0.356000 0.120500 0.113400 0.219400 0.074600 0.155100 0.178300 0.264500 0.263000 0.176600 0.237400 0.252800 0.211400 0.128600 0.167500 0.141500 0.113400 0.284400 0.197700 0.186800
AfricanBuf 0.220000 0.411700 0.170500 0.464400 0.236600 0.211000 0.213000 0.277800 0.159200 0.285600 0.208700 0.000000 0.199300 0.178700 0.229600 0.221000 0.231300 0.239500 0.182000 0.159300 0.211600 0.201200 0.304100 0.306700 0.216200 0.211100 0.201000 0.156700 0.238100 0.152200 0.294200 0.232900 0.298500 0.214000 0.188100 0.073900 0.217600 0.243200 0.218700 0.313000 0.334400 0.235800 0.284700 0.320100 0.066100 0.203800 0.245700 0.181600 0.188700 0.277200 0.144500 0.152600
Topi 0.123100 0.409800 0.215100 0.539000 0.140300 0.132500 0.128600 0.199400 0.203100 0.259200 0.123000 0.199300 0.000000 0.096300 0.153500 0.171000 0.267400 0.254400 0.080900 0.222100 0.162200 0.097800 0.277400 0.303300 0.148100 0.162100 0.015600 0.237900 0.187600 0.215200 0.266900 0.128700 0.355600 0.078500 0.087800 0.229700 0.109200 0.146500 0.169600 0.319400 0.262400 0.185600 0.258700 0.339100 0.221500 0.119900 0.177000 0.115200 0.122300 0.264000 0.208000 0.196700
CommonDuik 0.104600 0.383100 0.223500 0.495200 0.121600 0.131000 0.045600 0.153800 0.220000 0.267700 0.104300 0.178700 0.096300 0.000000 0.117800 0.134500 0.205100 0.211100 0.079900 0.220000 0.126300 0.079900 0.264000 0.268700 0.129000 0.126000 0.097000 0.235700 0.150600 0.194100 0.254000 0.045700 0.341800 0.127400 0.120400 0.227500 0.113500 0.128100 0.116700 0.304900 0.292700 0.149000 0.267100 0.302800 0.219500 0.110400 0.123900 0.113900 0.104100 0.260800 0.205900 0.214000
Suni 0.144200 0.430000 0.236900 0.513900 0.179500 0.171100 0.158000 0.235000 0.224600 0.292200 0.179600 0.229600 0.153500 0.117800 0.000000 0.164300 0.238000 0.254800 0.136500 0.224400 0.173300 0.136300 0.288200 0.304500 0.204800 0.190400 0.137100 0.220900 0.198000 0.226600 0.299700 0.124100 0.354400 0.141600 0.143100 0.240500 0.167600 0.193900 0.215500 0.308200 0.326500 0.213300 0.291900 0.317300 0.253100 0.174800 0.204600 0.125300 0.178500 0.346600 0.210700 0.227200
Springbuck 0.127400 0.432200 0.237100 0.558100 0.179500 0.153800 0.141300 0.109800 0.233600 0.261200 0.162300 0.221000 0.171000 0.134500 0.164300 0.000000 0.259200 0.206400 0.119800 0.233600 0.051600 0.136800 0.257700 0.282500 0.187200 0.043800 0.154600 0.230100 0.043700 0.217100 0.268700 0.124500 0.325000 0.159300 0.143500 0.231300 0.167800 0.185300 0.081500 0.275800 0.274100 0.050500 0.260700 0.316500 0.223400 0.149700 0.112800 0.161500 0.144000 0.283700 0.200700 0.217700
Okapi 0.257000 0.386300 0.276000 0.499900 0.253200 0.268300 0.219900 0.275200 0.243000 0.226600 0.255700 0.231300 0.267400 0.205100 0.238000 0.259200 0.000000 0.099400 0.228700 0.242800 0.248100 0.248500 0.244200 0.260900 0.304700 0.248000 0.249000 0.229700 0.275700 0.235700 0.234100 0.259600 0.263800 0.261300 0.254800 0.263900 0.256000 0.258100 0.235300 0.265700 0.272000 0.272600 0.226200 0.294600 0.255800 0.269700 0.262300 0.259200 0.225800 0.252800 0.228200 0.256800
Giraffe 0.244600 0.338400 0.331000 0.444600 0.261900 0.277600 0.246700 0.263600 0.315900 0.190400 0.264700 0.239500 0.254400 0.211100 0.254800 0.206400 0.099400 0.000000 0.215700 0.315700 0.196400 0.235900 0.208500 0.234900 0.293400 0.215800 0.235700 0.322400 0.223600 0.309200 0.198400 0.246600 0.250600 0.248700 0.241900 0.273200 0.243200 0.267100 0.242900 0.215300 0.215600 0.240700 0.190100 0.268800 0.264800 0.256900 0.250500 0.277700 0.233500 0.229500 0.279000 0.288000
TibetanAnt 0.055900 0.416300 0.198000 0.516700 0.106000 0.064400 0.111900 0.156500 0.185900 0.209200 0.055800 0.182000 0.080900 0.079900 0.136500 0.119800 0.228700 0.215700 0.000000 0.185900 0.111400 0.031700 0.227600 0.206100 0.079900 0.111200 0.064700 0.201700 0.135900 0.160200 0.217300 0.112200 0.327700 0.079100 0.071900 0.192500 0.066500 0.112700 0.135700 0.216600 0.234700 0.117700 0.208800 0.237800 0.184400 0.103700 0.126200 0.098400 0.105800 0.245300 0.171500 0.160900
Sitatunga 0.212400 0.418100 0.054400 0.515900 0.220000 0.204200 0.234400 0.279900 0.015000 0.265200 0.211900 0.159300 0.222100 0.220000 0.224400 0.233600 0.242800 0.315700 0.185900 0.000000 0.263300 0.204600 0.283200 0.287900 0.238500 0.262700 0.204800 0.029800 0.290100 0.054500 0.272900 0.215800 0.298600 0.198400 0.173600 0.151100 0.220700 0.225300 0.270000 0.303000 0.334900 0.267400 0.264700 0.279000 0.143100 0.225300 0.297300 0.158800 0.249900 0.309900 0.031000 0.054600
Oribi 0.136200 0.495800 0.267500 0.572700 0.189000 0.163200 0.149900 0.102400 0.263400 0.284300 0.153400 0.211600 0.162200 0.126300 0.173300 0.051600 0.248100 0.196400 0.111400 0.263300 0.000000 0.128200 0.289900 0.293700 0.178300 0.059200 0.146000 0.259200 0.066500 0.227000 0.301400 0.133200 0.305900 0.133800 0.152200 0.221800 0.158800 0.194600 0.105200 0.331400 0.306300 0.081000 0.283600 0.351100 0.213900 0.176000 0.120800 0.171500 0.152600 0.293500 0.229800 0.247100
BarbaryShe 0.055700 0.415200 0.217100 0.547000 0.123400 0.064200 0.111900 0.173500 0.204600 0.229900 0.039500 0.201200 0.097800 0.079900 0.136300 0.136800 0.248500 0.235900 0.031700 0.204600 0.128200 0.000000 0.226900 0.233900 0.063300 0.128000 0.081500 0.220400 0.153000 0.178600 0.217100 0.112100 0.348900 0.095700 0.088500 0.212000 0.049400 0.129900 0.152800 0.266900 0.234000 0.151400 0.229500 0.266800 0.203900 0.103600 0.142700 0.098200 0.105700 0.265400 0.190200 0.179300
Daviddeer 0.256800 0.347100 0.287500 0.464600 0.306300 0.268600 0.237900 0.340200 0.283500 0.016800 0.256100 0.304100 0.277400 0.264000 0.288200 0.257700 0.244200 0.208500 0.227600 0.283200 0.289900 0.226900 0.000000 0.125400 0.307800 0.290300 0.258500 0.300000 0.298000 0.265900 0.025000 0.237500 0.313100 0.271100 0.286300 0.318500 0.278600 0.311100 0.297300 0.104500 0.041200 0.294600 0.016800 0.117200 0.310100 0.292100 0.281800 0.246800 0.277700 0.242200 0.268300 0.299600
Reindeer 0.262200 0.414000 0.301800 0.446100 0.268300 0.273200 0.263300 0.341900 0.288100 0.109200 0.220800 0.306700 0.303300 0.268700 0.304500 0.282500 0.260900 0.234900 0.206100 0.287900 0.293700 0.233900 0.125400 0.000000 0.248700 0.314800 0.284700 0.304200 0.322500 0.271300 0.099300 0.263600 0.336100 0.255100 0.268900 0.343800 0.260500 0.254600 0.343700 0.125600 0.169200 0.298300 0.108900 0.054000 0.335900 0.305500 0.306900 0.252700 0.281800 0.289900 0.243800 0.303200
Ibex 0.104400 0.428900 0.232400 0.573400 0.174800 0.113500 0.161500 0.205400 0.238600 0.289200 0.038800 0.216200 0.148100 0.129000 0.204800 0.187200 0.304700 0.293400 0.079900 0.238500 0.178300 0.063300 0.307800 0.248700 0.000000 0.177900 0.131500 0.235200 0.185700 0.212500 0.275300 0.161800 0.363000 0.145000 0.103800 0.227600 0.082200 0.180500 0.203400 0.304700 0.314500 0.201600 0.288600 0.281300 0.219600 0.152900 0.192100 0.167100 0.138500 0.321700 0.224600 0.213400
GyrantGaze 0.135900 0.470200 0.246900 0.574700 0.188700 0.162700 0.132600 0.102100 0.262800 0.294300 0.153100 0.211100 0.162100 0.126000 0.190400 0.043800 0.248000 0.215800 0.111200 0.262700 0.059200 0.128000 0.290300 0.314800 0.177900 0.000000 0.145900 0.258600 0.058500 0.245700 0.301800 0.149800 0.323800 0.150500 0.152000 0.221300 0.158500 0.194300 0.065900 0.309400 0.306800 0.020700 0.293700 0.373500 0.213400 0.158300 0.104700 0.171300 0.135100 0.284400 0.229300 0.246600
Hartebeest 0.106600 0.413300 0.197800 0.544800 0.141300 0.115900 0.129500 0.183300 0.186100 0.240500 0.106700 0.201000 0.015600 0.097000 0.137100 0.154600 0.249000 0.235700 0.064700 0.204800 0.146000 0.081500 0.258500 0.284700 0.131500 0.145900 0.000000 0.220700 0.171200 0.197800 0.248400 0.129500 0.337300 0.062800 0.071800 0.211900 0.092800 0.147500 0.170800 0.299700 0.243800 0.169300 0.240100 0.319900 0.203700 0.120700 0.178200 0.116000 0.123200 0.266000 0.190500 0.179500
Bongo 0.228200 0.412000 0.069500 0.522400 0.235800 0.220100 0.250000 0.275700 0.029800 0.282100 0.227700 0.156700 0.237900 0.235700 0.220900 0.230100 0.229700 0.322400 0.201700 0.029800 0.259200 0.220400 0.300000 0.304200 0.235200 0.258600 0.220700 0.000000 0.266500 0.069600 0.289500 0.231300 0.274700 0.213800 0.171200 0.131100 0.237000 0.240900 0.265800 0.320200 0.351900 0.263300 0.281500 0.295300 0.123200 0.240900 0.292800 0.174500 0.226900 0.326100 0.046300 0.069800
Gerenuk 0.143800 0.477500 0.294800 0.579500 0.214700 0.170800 0.157100 0.124900 0.290300 0.302200 0.178500 0.238100 0.187600 0.150600 0.198000 0.043700 0.275700 0.223600 0.135900 0.290100 0.066500 0.153000 0.298000 0.322500 0.185700 0.058500 0.171200 0.266500 0.000000 0.272800 0.309500 0.149300 0.302600 0.175500 0.159900 0.229400 0.184900 0.220000 0.096400 0.339600 0.314300 0.080100 0.301600 0.358600 0.221600 0.183300 0.128000 0.197100 0.142900 0.301000 0.256600 0.273700
CommonElan 0.186500 0.413000 0.063300 0.511000 0.213300 0.178100 0.209000 0.264100 0.054500 0.237900 0.167200 0.152200 0.215200 0.194100 0.226600 0.217100 0.235700 0.309200 0.160200 0.054500 0.227000 0.178600 0.265900 0.271300 0.212500 0.245700 0.197800 0.069600 0.272800 0.000000 0.255400 0.209400 0.293600 0.192200 0.166600 0.143900 0.213700 0.218800 0.252900 0.275100 0.294700 0.250600 0.237500 0.262400 0.135900 0.219000 0.280400 0.160300 0.223300 0.272700 0.039500 0.047200
MuntiacusR 0.246600 0.360300 0.286800 0.451700 0.273900 0.258300 0.228400 0.351800 0.273000 0.008400 0.225000 0.294200 0.266900 0.254000 0.299700 0.268700 0.234100 0.198400 0.217300 0.272900 0.301400 0.217100 0.025000 0.099300 0.275300 0.301800 0.248400 0.289500 0.309500 0.255400 0.000000 0.228000 0.302900 0.261200 0.275700 0.307700 0.245500 0.279300 0.309300 0.095500 0.067400 0.305800 0.008400 0.091100 0.299200 0.270300 0.315200 0.258200 0.246900 0.232200 0.257800 0.288700
HarveysDui 0.137200 0.397600 0.219200 0.508700 0.153300 0.164300 0.060400 0.177200 0.215900 0.240900 0.137000 0.232900 0.128700 0.045700 0.124100 0.124500 0.259600 0.246600 0.112200 0.215800 0.133200 0.112100 0.237500 0.263600 0.161800 0.149800 0.129500 0.231300 0.149300 0.209400 0.228000 0.000000 0.326800 0.142300 0.135500 0.263800 0.142100 0.160700 0.123500 0.298800 0.286700 0.172900 0.240100 0.275400 0.256000 0.125400 0.130600 0.138400 0.136600 0.276100 0.202000 0.229400
Pronghorn 0.357000 0.400400 0.312600 0.520500 0.357300 0.369300 0.304800 0.321500 0.298800 0.288100 0.356000 0.298500 0.355600 0.341800 0.354400 0.325000 0.263800 0.250600 0.327700 0.298600 0.305900 0.348900 0.313100 0.336100 0.363000 0.323800 0.337300 0.274700 0.302600 0.293600 0.302900 0.326800 0.000000 0.326700 0.321300 0.257000 0.366200 0.360900 0.331100 0.332900 0.364400 0.348700 0.287400 0.372300 0.242300 0.355900 0.350400 0.350300 0.312100 0.341000 0.264900 0.305000
BlueWildeb 0.120400 0.425300 0.191600 0.510600 0.146100 0.129600 0.142100 0.178300 0.180200 0.243800 0.120500 0.214000 0.078500 0.127400 0.141600 0.159300 0.261300 0.248700 0.079100 0.198400 0.133800 0.095700 0.271100 0.255100 0.145000 0.150500 0.062800 0.213800 0.175500 0.192200 0.261200 0.142300 0.326700 0.000000 0.085900 0.224800 0.107200 0.160700 0.175100 0.312300 0.278100 0.173600 0.243600 0.288200 0.216800 0.134000 0.182300 0.121400 0.136700 0.298600 0.184500 0.192500
Gemsbok 0.113300 0.338500 0.185100 0.488900 0.147800 0.122500 0.152600 0.188600 0.173600 0.267900 0.113400 0.188100 0.087800 0.120400 0.143100 0.143500 0.254800 0.241900 0.071900 0.173600 0.152200 0.088500 0.286300 0.268900 0.103800 0.152000 0.071800 0.171200 0.159900 0.166600 0.275700 0.135500 0.321300 0.085900 0.000000 0.179800 0.099900 0.154100 0.176700 0.282800 0.293100 0.175300 0.267400 0.281000 0.171700 0.110200 0.183900 0.114200 0.112500 0.282100 0.159300 0.149000
Yak 0.231100 0.439100 0.162200 0.481200 0.247700 0.221900 0.243200 0.259800 0.151100 0.300100 0.219400 0.073900 0.229700 0.227500 0.240500 0.231300 0.263900 0.273200 0.192500 0.151100 0.221800 0.212000 0.318500 0.343800 0.227600 0.221300 0.211900 0.131100 0.229400 0.143900 0.307700 0.263800 0.257000 0.224800 0.179800 0.000000 0.229000 0.254200 0.248500 0.304500 0.349300 0.246100 0.299200 0.358200 0.008100 0.214100 0.276400 0.201800 0.199100 0.301200 0.136300 0.144400
BlueSheep 0.092000 0.438000 0.233900 0.531700 0.136200 0.101200 0.141900 0.205300 0.220900 0.259500 0.074600 0.217600 0.109200 0.113500 0.167600 0.167800 0.256000 0.243200 0.066500 0.220700 0.158800 0.049400 0.278600 0.260500 0.082200 0.158500 0.092800 0.237000 0.184900 0.213700 0.245500 0.142100 0.366200 0.107200 0.099900 0.229000 0.000000 0.142300 0.184600 0.297700 0.285500 0.182600 0.259100 0.295900 0.220700 0.115400 0.191600 0.128300 0.117600 0.295500 0.206100 0.194600
BohorReedb 0.137700 0.436800 0.237700 0.519200 0.022400 0.164900 0.160100 0.221900 0.225300 0.293100 0.155100 0.243200 0.146500 0.128100 0.193900 0.185300 0.258100 0.267100 0.112700 0.225300 0.194600 0.129900 0.311100 0.254600 0.180500 0.194300 0.147500 0.240900 0.220000 0.218800 0.279300 0.160700 0.360900 0.160700 0.154100 0.254200 0.142300 0.000000 0.201900 0.267300 0.317800 0.182300 0.292500 0.287000 0.246300 0.134400 0.173800 0.138800 0.137000 0.328100 0.211300 0.200700
KirksDik 0.160800 0.416000 0.254200 0.570400 0.196300 0.170200 0.123300 0.116500 0.270000 0.301800 0.178300 0.218700 0.169600 0.116700 0.215500 0.081500 0.235300 0.242900 0.135700 0.270000 0.105200 0.152800 0.297300 0.343700 0.203400 0.065900 0.170800 0.265800 0.096400 0.252900 0.309300 0.123500 0.331100 0.175100 0.176700 0.248500 0.184600 0.201900 0.000000 0.349400 0.313700 0.087500 0.301100 0.403800 0.240700 0.165800 0.080600 0.178900 0.142700 0.251300 0.236600 0.254000
RoeDeer 0.275300 0.358800 0.295000 0.479200 0.281400 0.287200 0.311700 0.347800 0.303200 0.086900 0.264500 0.313000 0.319400 0.304900 0.308200 0.275800 0.265700 0.215300 0.216600 0.303000 0.331400 0.266900 0.104500 0.125600 0.304700 0.309400 0.299700 0.320200 0.339600 0.275100 0.095500 0.298800 0.332900 0.312300 0.282800 0.304500 0.297700 0.267300 0.349400 0.000000 0.130800 0.292100 0.086700 0.099500 0.296100 0.276200 0.332900 0.297000 0.309300 0.261800 0.278700 0.296700
WhiteLippe 0.263700 0.353600 0.317000 0.501100 0.313000 0.275500 0.286900 0.356400 0.312500 0.059400 0.263000 0.334400 0.262400 0.292700 0.326500 0.274100 0.272000 0.215600 0.234700 0.334900 0.306300 0.234000 0.041200 0.169200 0.314500 0.306800 0.243800 0.351900 0.314300 0.294700 0.067400 0.286700 0.364400 0.278100 0.293100 0.349300 0.285500 0.317800 0.313700 0.130800 0.000000 0.311000 0.059300 0.161000 0.341100 0.298600 0.298100 0.285500 0.284400 0.248900 0.320500 0.306500
ThomsonGaz 0.141900 0.473000 0.251800 0.606300 0.176500 0.168500 0.155400 0.123500 0.267400 0.298400 0.176600 0.235800 0.185600 0.149000 0.213300 0.050500 0.272600 0.240700 0.117700 0.267400 0.081000 0.151400 0.294600 0.298300 0.201600 0.020700 0.169300 0.263300 0.080100 0.250600 0.305800 0.172900 0.348700 0.173600 0.175300 0.246100 0.182600 0.182300 0.087500 0.292100 0.311000 0.000000 0.297800 0.354700 0.238400 0.181400 0.111000 0.176900 0.158300 0.309000 0.234400 0.251600
MuntiacusC 0.238200 0.352400 0.278600 0.442700 0.287400 0.249900 0.240500 0.334500 0.264800 0.000000 0.237400 0.284700 0.258700 0.267100 0.291900 0.260700 0.226200 0.190100 0.208800 0.264700 0.283600 0.229500 0.016800 0.108900 0.288600 0.293700 0.240100 0.281500 0.301600 0.237500 0.008400 0.240100 0.287400 0.243600 0.267400 0.299200 0.259100 0.292500 0.301100 0.086700 0.059300 0.297800 0.000000 0.100600 0.290500 0.283500 0.306900 0.249800 0.259500 0.224100 0.249600 0.280300
WhiteTaile 0.296000 0.390100 0.292700 0.464000 0.302100 0.307800 0.296900 0.400700 0.279200 0.100800 0.252800 0.320100 0.339100 0.302800 0.317300 0.316500 0.294600 0.268800 0.237800 0.279000 0.351100 0.266800 0.117200 0.054000 0.281300 0.373500 0.319900 0.295300 0.358600 0.262400 0.091100 0.275400 0.372300 0.288200 0.281000 0.358200 0.295900 0.287000 0.403800 0.099500 0.161000 0.354700 0.100600 0.000000 0.350300 0.317900 0.364000 0.286200 0.316000 0.302800 0.255800 0.293900
Cattle 0.223100 0.430800 0.154200 0.472800 0.239600 0.213800 0.235300 0.252200 0.143100 0.291400 0.211400 0.066100 0.221500 0.219500 0.253100 0.223400 0.255800 0.264800 0.184400 0.143100 0.213900 0.203900 0.310100 0.335900 0.219600 0.213400 0.203700 0.123200 0.221600 0.135900 0.299200 0.256000 0.242300 0.216800 0.171700 0.008100 0.220700 0.246300 0.240700 0.296100 0.341100 0.238400 0.290500 0.350300 0.000000 0.206300 0.268700 0.193700 0.191100 0.293100 0.128100 0.136300
RoyalAntel 0.145700 0.399200 0.227100 0.522300 0.128200 0.155200 0.125400 0.185900 0.225500 0.284100 0.128600 0.203800 0.119900 0.110400 0.174800 0.149700 0.269700 0.256900 0.103700 0.225300 0.176000 0.103600 0.292100 0.305500 0.152900 0.158300 0.120700 0.240900 0.183300 0.219000 0.270300 0.125400 0.355900 0.134000 0.110200 0.214100 0.115400 0.134400 0.165800 0.276200 0.298600 0.181400 0.283500 0.317900 0.206300 0.000000 0.172900 0.137900 0.110900 0.287000 0.211500 0.200600
Steenbok 0.168200 0.365100 0.302000 0.578400 0.168200 0.195600 0.130500 0.116000 0.297400 0.307500 0.167500 0.245700 0.177000 0.123900 0.204600 0.112800 0.262300 0.250500 0.126200 0.297300 0.120800 0.142700 0.281800 0.306900 0.192100 0.104700 0.178200 0.292800 0.128000 0.280400 0.315200 0.130600 0.350400 0.182300 0.183900 0.276400 0.191600 0.173800 0.080600 0.332900 0.298100 0.111000 0.306900 0.364000 0.268700 0.172900 0.000000 0.168300 0.149800 0.278800 0.263700 0.281200
Impala 0.123600 0.411300 0.170200 0.498800 0.132400 0.133100 0.138100 0.207900 0.158800 0.250200 0.141500 0.181600 0.115200 0.113900 0.125300 0.161500 0.259200 0.277700 0.098400 0.158800 0.171500 0.098200 0.246800 0.252700 0.167100 0.171300 0.116000 0.174500 0.197100 0.160300 0.258200 0.138400 0.350300 0.121400 0.114200 0.201800 0.128300 0.138800 0.178900 0.297000 0.285500 0.176900 0.249800 0.286200 0.193700 0.137900 0.168300 0.000000 0.140600 0.285500 0.144200 0.142400
Klipspring 0.131100 0.399100 0.263400 0.522500 0.130800 0.158600 0.102300 0.180300 0.250000 0.260100 0.113400 0.188700 0.122300 0.104100 0.178500 0.144000 0.225800 0.233500 0.105800 0.249900 0.152600 0.105700 0.277700 0.281800 0.138500 0.135100 0.123200 0.226900 0.142900 0.223300 0.246900 0.136600 0.312100 0.136700 0.112500 0.199100 0.117600 0.137000 0.142700 0.309300 0.284400 0.158300 0.259500 0.316000 0.191100 0.110900 0.149800 0.140600 0.000000 0.283400 0.235900 0.224300
ForestMusk 0.294300 0.416000 0.314600 0.524400 0.315500 0.285100 0.266800 0.298900 0.310400 0.224500 0.284400 0.277200 0.264000 0.260800 0.346600 0.283700 0.252800 0.229500 0.245300 0.309900 0.293500 0.265400 0.242200 0.289900 0.321700 0.284400 0.266000 0.326100 0.301000 0.272700 0.232200 0.276100 0.341000 0.298600 0.282100 0.301200 0.295500 0.328100 0.251300 0.261800 0.248900 0.309000 0.224100 0.302800 0.293100 0.287000 0.278800 0.285500 0.283400 0.000000 0.275000 0.283600
Bushbuck 0.198200 0.405400 0.039400 0.502400 0.205700 0.189500 0.220800 0.267000 0.031000 0.250100 0.197700 0.144500 0.208000 0.205900 0.210700 0.200700 0.228200 0.279000 0.171500 0.031000 0.229800 0.190200 0.268300 0.243800 0.224600 0.229300 0.190500 0.046300 0.256600 0.039500 0.257800 0.202000 0.264900 0.184500 0.159300 0.136300 0.206100 0.211300 0.236600 0.278700 0.320500 0.234400 0.249600 0.255800 0.128100 0.211500 0.263700 0.144200 0.235900 0.275000 0.000000 0.039600
GreaterKud 0.187300 0.390200 0.063500 0.513100 0.194900 0.178700 0.248400 0.284000 0.054600 0.280900 0.186800 0.152600 0.196700 0.214000 0.227200 0.217700 0.256800 0.288000 0.160900 0.054600 0.247100 0.179300 0.299600 0.303200 0.213400 0.246600 0.179500 0.069800 0.273700 0.047200 0.288700 0.229400 0.305000 0.192500 0.149000 0.144400 0.194600 0.200700 0.254000 0.296700 0.306500 0.251600 0.280300 0.293900 0.136300 0.200600 0.281200 0.142400 0.224300 0.283600 0.039600 0.000000
