1
52 1
Argali 0.000000 0.370900 0.071600 0.202100 0.081000 0.007300 0.031000 0.046500 0.055300 0.063500 0.023000 0.061700 0.062700 0.039200 0.100000 0.046300 0.102600 0.078600 0.023000 0.055300 0.031000 0.023200 0.055100 0.063300 0.007600 0.054700 0.055000 0.055300 0.054400 0.055300 0.072000 0.038700 0.087500 0.055000 0.029500 0.062600 0.015400 0.118100 0.030900 0.095300 0.055500 0.055500 0.063500 0.062900 0.054400 0.046800 0.063200 0.031200 0.038700 0.046500 0.063800 0.071500
LesserMous 0.370900 0.000000 0.361400 0.322500 0.351900 0.356800 0.345900 0.366400 0.325400 0.357600 0.343400 0.342400 0.390400 0.347700 0.426500 0.364000 0.368000 0.338100 0.355500 0.325400 0.345900 0.356700 0.344800 0.369600 0.354900 0.379700 0.381500 0.325400 0.377400 0.325400 0.346700 0.355400 0.365200 0.381500 0.371000 0.344000 0.346500 0.358000 0.368900 0.350700 0.359000 0.348600 0.357600 0.366500 0.342700 0.369100 0.368700 0.359500 0.333200 0.366200 0.339000 0.347300
LesserKudu 0.071600 0.361400 0.000000 0.184500 0.072800 0.063100 0.039000 0.054700 0.023400 0.055400 0.046900 0.038900 0.104700 0.031400 0.118200 0.054400 0.078100 0.070600 0.063000 0.023400 0.039000 0.063400 0.047100 0.055300 0.063000 0.063000 0.096800 0.023400 0.062600 0.023400 0.063900 0.046800 0.062800 0.096800 0.071600 0.038700 0.055200 0.091900 0.055000 0.087000 0.063900 0.063900 0.055400 0.054900 0.046500 0.055100 0.071700 0.063600 0.046900 0.038700 0.031500 0.015500
KillerWhal 0.202100 0.322500 0.184500 0.000000 0.224300 0.192400 0.174800 0.191600 0.193400 0.183300 0.174400 0.174600 0.219500 0.185000 0.295400 0.173700 0.180300 0.172400 0.192000 0.193400 0.174800 0.193300 0.174300 0.182900 0.192200 0.200700 0.211500 0.193400 0.200300 0.193400 0.193000 0.182800 0.183000 0.211500 0.202300 0.174000 0.184000 0.266700 0.192300 0.181000 0.192900 0.185400 0.183300 0.182000 0.164800 0.192300 0.211600 0.212100 0.183100 0.174000 0.203200 0.184100
DefassaWat 0.081000 0.351900 0.072800 0.224300 0.000000 0.072300 0.055900 0.055600 0.056100 0.090100 0.063700 0.053200 0.080500 0.047900 0.119600 0.088200 0.113100 0.088500 0.072100 0.056100 0.055900 0.072300 0.081300 0.089800 0.071900 0.064000 0.072600 0.056100 0.080200 0.056100 0.099200 0.063800 0.087800 0.072600 0.064400 0.072000 0.064200 0.066500 0.072300 0.105500 0.090400 0.064800 0.090100 0.089100 0.080100 0.055900 0.089700 0.064500 0.063900 0.080200 0.048200 0.081300
Sheep 0.007300 0.356800 0.063100 0.192400 0.072300 0.000000 0.023000 0.038500 0.047000 0.055100 0.015200 0.053300 0.054400 0.031100 0.108300 0.038200 0.093800 0.070200 0.015200 0.047000 0.023000 0.015300 0.046800 0.054900 0.000000 0.046500 0.046700 0.047000 0.046200 0.047000 0.063500 0.030700 0.078800 0.046700 0.023100 0.054300 0.007300 0.108600 0.023000 0.086500 0.047200 0.047100 0.055100 0.054600 0.046200 0.036000 0.050000 0.023200 0.030700 0.038400 0.055300 0.063000
MaxwellsDu 0.031000 0.345900 0.039000 0.174800 0.055900 0.023000 0.000000 0.014600 0.031200 0.031100 0.007600 0.028800 0.062700 0.007700 0.099900 0.030500 0.069600 0.046300 0.023000 0.031200 0.000000 0.023100 0.023200 0.031100 0.023000 0.023000 0.054900 0.031200 0.022900 0.031200 0.036600 0.007300 0.054200 0.054900 0.031000 0.030700 0.015400 0.091400 0.015300 0.061600 0.039200 0.023300 0.031100 0.030900 0.022900 0.015300 0.031000 0.031100 0.007600 0.030700 0.039300 0.039000
GazellaPrz 0.046500 0.366400 0.054700 0.191600 0.055600 0.038500 0.014600 0.000000 0.046800 0.046800 0.022800 0.044900 0.078500 0.023100 0.116600 0.045800 0.085300 0.061800 0.038400 0.046800 0.015200 0.038600 0.038700 0.046600 0.038400 0.038400 0.070700 0.046800 0.022800 0.046800 0.055000 0.022800 0.070100 0.070700 0.046600 0.046100 0.030700 0.108100 0.030600 0.077900 0.055000 0.038900 0.046800 0.046300 0.038200 0.015200 0.046600 0.046800 0.022900 0.046100 0.055100 0.054600
MountainNy 0.055300 0.325400 0.023400 0.193400 0.056100 0.047000 0.031200 0.046800 0.000000 0.047400 0.039000 0.031100 0.087900 0.023500 0.109800 0.062600 0.086300 0.062700 0.046900 0.000000 0.031200 0.047200 0.039200 0.047300 0.047000 0.055000 0.080100 0.000000 0.054700 0.000000 0.055900 0.039000 0.071700 0.080100 0.055300 0.030900 0.039200 0.074600 0.047100 0.079000 0.047600 0.055900 0.047400 0.047000 0.038700 0.047200 0.063600 0.055600 0.039000 0.038800 0.007800 0.023400
MuntiacusM 0.063500 0.357600 0.055400 0.183300 0.090100 0.055100 0.031100 0.046800 0.047400 0.000000 0.038900 0.046900 0.079700 0.039400 0.118700 0.062500 0.061500 0.038400 0.054900 0.047400 0.031100 0.055300 0.007700 0.031100 0.055000 0.054900 0.071800 0.047400 0.054600 0.047400 0.007400 0.038900 0.063000 0.071800 0.063500 0.046700 0.047200 0.118500 0.047000 0.062300 0.007400 0.039400 0.000000 0.030900 0.038600 0.047100 0.063500 0.063800 0.038900 0.046700 0.055900 0.039100
goat 0.023000 0.343400 0.046900 0.174400 0.063700 0.015200 0.007600 0.022800 0.039000 0.038900 0.000000 0.036100 0.054200 0.015300 0.107800 0.038200 0.077400 0.054000 0.015200 0.039000 0.007600 0.015200 0.030900 0.038800 0.014600 0.030700 0.046500 0.039000 0.030500 0.039000 0.047100 0.015200 0.061400 0.046500 0.023100 0.038400 0.007600 0.099400 0.023000 0.070100 0.047100 0.031000 0.038900 0.038600 0.030500 0.023000 0.038800 0.038900 0.015200 0.038400 0.047200 0.046800
AfricanBuf 0.061700 0.342400 0.038900 0.174600 0.053200 0.053300 0.028800 0.044900 0.031100 0.046900 0.036100 0.000000 0.077300 0.019600 0.133300 0.060800 0.069400 0.046200 0.053200 0.031100 0.028800 0.052800 0.038800 0.046800 0.052500 0.053200 0.069400 0.031100 0.052900 0.031100 0.055200 0.036900 0.054500 0.069400 0.061700 0.030600 0.045200 0.107000 0.045200 0.062100 0.055200 0.052800 0.046900 0.046500 0.038300 0.045200 0.061800 0.062000 0.036900 0.046300 0.039200 0.038800
Topi 0.062700 0.390400 0.104700 0.219500 0.080500 0.054400 0.062700 0.078500 0.087900 0.079700 0.054200 0.077300 0.000000 0.071100 0.134700 0.094400 0.102300 0.094800 0.054300 0.087900 0.062700 0.054500 0.087600 0.096000 0.054200 0.070600 0.007400 0.087900 0.070200 0.087900 0.088400 0.070400 0.103200 0.007300 0.030900 0.095000 0.046600 0.135000 0.078900 0.111500 0.071700 0.071400 0.079700 0.095400 0.086400 0.079000 0.095900 0.079600 0.070600 0.078400 0.080100 0.104500
CommonDuik 0.039200 0.347700 0.031400 0.185000 0.047900 0.031100 0.007700 0.023100 0.023500 0.039400 0.015300 0.019600 0.071100 0.000000 0.109300 0.038600 0.078300 0.054700 0.031000 0.023500 0.007700 0.031100 0.031300 0.039300 0.031000 0.031000 0.063300 0.023500 0.030900 0.023500 0.047700 0.015400 0.062200 0.063300 0.039200 0.023100 0.023300 0.083100 0.023200 0.070900 0.047700 0.031400 0.039400 0.039000 0.030900 0.023300 0.039200 0.039400 0.015400 0.038800 0.031600 0.031300
Suni 0.100000 0.426500 0.118200 0.295400 0.119600 0.108300 0.099900 0.116600 0.109800 0.118700 0.107800 0.133300 0.134700 0.109300 0.000000 0.133500 0.177700 0.152100 0.108100 0.109800 0.099900 0.108400 0.127100 0.136300 0.107800 0.125900 0.126600 0.109800 0.125100 0.109800 0.128400 0.108100 0.133900 0.126600 0.117900 0.134600 0.100000 0.141800 0.117300 0.170600 0.110200 0.127600 0.118700 0.135200 0.125100 0.117500 0.135900 0.100500 0.108200 0.116500 0.119400 0.127300
Springbuck 0.046300 0.364000 0.054400 0.173700 0.088200 0.038200 0.030500 0.045800 0.062600 0.062500 0.038200 0.060800 0.094400 0.038600 0.133500 0.000000 0.085000 0.077500 0.053900 0.062600 0.030500 0.054200 0.054300 0.062300 0.038200 0.053800 0.086700 0.062600 0.037900 0.062600 0.070900 0.038100 0.086200 0.086700 0.062200 0.045900 0.046200 0.125000 0.030500 0.093800 0.070900 0.054600 0.062500 0.061900 0.038000 0.046100 0.046300 0.046500 0.038200 0.045900 0.071000 0.054300
Okapi 0.102600 0.368000 0.078100 0.180300 0.113100 0.093800 0.069600 0.085300 0.086300 0.061500 0.077400 0.069400 0.102300 0.078300 0.177700 0.085000 0.000000 0.022300 0.093700 0.086300 0.069600 0.094300 0.053500 0.077500 0.093800 0.093600 0.094500 0.086300 0.077200 0.086300 0.069800 0.077300 0.077300 0.094500 0.086200 0.085200 0.086000 0.159400 0.085700 0.076400 0.069800 0.078300 0.061500 0.077000 0.076900 0.085800 0.102700 0.103000 0.077400 0.069200 0.095000 0.061700
Giraffe 0.078600 0.338100 0.070600 0.172400 0.088500 0.070200 0.046300 0.061800 0.062700 0.038400 0.054000 0.046200 0.094800 0.054700 0.152100 0.077500 0.022300 0.000000 0.070100 0.062700 0.046300 0.070500 0.030500 0.054100 0.070100 0.070000 0.087000 0.062700 0.069700 0.062700 0.046400 0.054000 0.054000 0.087000 0.078700 0.061800 0.062300 0.133900 0.062200 0.053400 0.046400 0.054700 0.038400 0.053800 0.053600 0.062200 0.078700 0.079000 0.054100 0.061700 0.071100 0.054300
TibetanAnt 0.023000 0.355500 0.063000 0.192000 0.072100 0.015200 0.023000 0.038400 0.046900 0.054900 0.015200 0.053200 0.054300 0.031000 0.108100 0.053900 0.093700 0.070100 0.000000 0.046900 0.023000 0.015300 0.046800 0.054800 0.015200 0.046400 0.046600 0.043500 0.046100 0.046900 0.063400 0.030600 0.078600 0.046600 0.023000 0.054200 0.007300 0.108300 0.038600 0.086300 0.047100 0.047000 0.054900 0.054500 0.046100 0.038600 0.054700 0.038900 0.030700 0.038400 0.055200 0.062900
Sitatunga 0.055300 0.325400 0.023400 0.193400 0.056100 0.047000 0.031200 0.046800 0.000000 0.047400 0.039000 0.031100 0.087900 0.023500 0.109800 0.062600 0.086300 0.062700 0.046900 0.000000 0.031200 0.047200 0.039200 0.047300 0.047000 0.055000 0.080100 0.000000 0.054700 0.000000 0.055900 0.039000 0.071700 0.080100 0.055300 0.030900 0.039200 0.074600 0.047100 0.079000 0.047600 0.055900 0.047400 0.047000 0.038700 0.047200 0.063600 0.055600 0.039000 0.038800 0.007800 0.023400
Oribi 0.031000 0.345900 0.039000 0.174800 0.055900 0.023000 0.000000 0.015200 0.031200 0.031100 0.007600 0.028800 0.062700 0.007700 0.099900 0.030500 0.069600 0.046300 0.023000 0.031200 0.000000 0.023100 0.023200 0.031100 0.023000 0.023000 0.054900 0.031200 0.021900 0.031200 0.039300 0.007300 0.054200 0.054900 0.031000 0.030700 0.015400 0.091400 0.015300 0.062300 0.039200 0.023300 0.031100 0.030900 0.022900 0.015300 0.031000 0.031100 0.007300 0.030700 0.039300 0.039000
BarbaryShe 0.023200 0.356700 0.063400 0.193300 0.072300 0.015300 0.023100 0.038600 0.047200 0.055300 0.015200 0.052800 0.054500 0.031100 0.108400 0.054200 0.094300 0.070500 0.015300 0.047200 0.023100 0.000000 0.047000 0.055100 0.015200 0.046700 0.046800 0.047200 0.046400 0.047200 0.063800 0.030800 0.078400 0.046800 0.023200 0.054600 0.007700 0.108600 0.038800 0.086900 0.047400 0.047200 0.055300 0.054800 0.046400 0.038900 0.055100 0.039100 0.030900 0.038600 0.055600 0.063300
Daviddeer 0.055100 0.344800 0.047100 0.174300 0.081300 0.046800 0.023200 0.038700 0.039200 0.007700 0.030900 0.038800 0.087600 0.031300 0.127100 0.054300 0.053500 0.030500 0.046800 0.039200 0.023200 0.047000 0.000000 0.023200 0.046800 0.046700 0.079800 0.039200 0.046500 0.039200 0.015500 0.030900 0.054700 0.079800 0.055200 0.038600 0.039000 0.109100 0.038900 0.054100 0.015500 0.031300 0.007400 0.023000 0.030700 0.038900 0.055200 0.055400 0.030900 0.038600 0.047500 0.031100
Reindeer 0.063300 0.369600 0.055300 0.182900 0.089800 0.054900 0.031100 0.046600 0.047300 0.031100 0.038800 0.046800 0.096000 0.039300 0.136300 0.062300 0.077500 0.054100 0.054800 0.047300 0.031100 0.055100 0.023200 0.000000 0.054900 0.054800 0.088200 0.047300 0.054500 0.047300 0.039200 0.038800 0.062900 0.088200 0.063300 0.046600 0.047000 0.127500 0.046900 0.046300 0.039200 0.055600 0.031100 0.015300 0.038500 0.047000 0.063300 0.063600 0.038800 0.046600 0.055700 0.055200
Ibex 0.007600 0.354900 0.063000 0.192200 0.071900 0.000000 0.023000 0.038400 0.047000 0.055000 0.014600 0.052500 0.054200 0.031000 0.107800 0.038200 0.093800 0.070100 0.015200 0.047000 0.023000 0.015200 0.046800 0.054900 0.000000 0.046400 0.046500 0.047000 0.046200 0.047000 0.063400 0.030700 0.078000 0.046500 0.023100 0.054300 0.007600 0.108100 0.023000 0.086400 0.047100 0.046900 0.055000 0.054500 0.046200 0.038700 0.054800 0.023200 0.030700 0.038400 0.055300 0.062900
GyrantGaze 0.054700 0.379700 0.063000 0.200700 0.064000 0.046500 0.023000 0.038400 0.055000 0.054900 0.030700 0.053200 0.070600 0.031000 0.125900 0.053800 0.093600 0.070000 0.046400 0.055000 0.023000 0.046700 0.046700 0.054800 0.046400 0.000000 0.062800 0.055000 0.046100 0.055000 0.063300 0.030600 0.078600 0.062800 0.038800 0.054200 0.038700 0.099800 0.038600 0.086300 0.063300 0.031100 0.054900 0.054400 0.046100 0.038600 0.054700 0.054900 0.030700 0.038400 0.047200 0.062900
Hartebeest 0.055000 0.381500 0.096800 0.211500 0.072600 0.046700 0.054900 0.070700 0.080100 0.071800 0.046500 0.069400 0.007400 0.063300 0.126600 0.086700 0.094500 0.087000 0.046600 0.080100 0.054900 0.046800 0.079800 0.088200 0.046500 0.062800 0.000000 0.080100 0.062500 0.080100 0.080500 0.062700 0.095200 0.000000 0.023300 0.087300 0.038900 0.126800 0.071100 0.103600 0.063800 0.063600 0.071800 0.087600 0.078700 0.071200 0.088100 0.071700 0.062800 0.070700 0.072200 0.096600
Bongo 0.055300 0.325400 0.023400 0.193400 0.056100 0.047000 0.031200 0.046800 0.000000 0.047400 0.039000 0.031100 0.087900 0.023500 0.109800 0.062600 0.086300 0.062700 0.043500 0.000000 0.031200 0.047200 0.039200 0.047300 0.047000 0.055000 0.080100 0.000000 0.054700 0.000000 0.055900 0.036400 0.071700 0.080100 0.055300 0.030900 0.039200 0.074600 0.047100 0.079000 0.047600 0.055900 0.047400 0.047000 0.038700 0.047200 0.063600 0.055600 0.039000 0.038800 0.007500 0.023400
Gerenuk 0.054400 0.377400 0.062600 0.200300 0.080200 0.046200 0.022900 0.022800 0.054700 0.054600 0.030500 0.052900 0.070200 0.030900 0.125100 0.037900 0.077200 0.069700 0.046100 0.054700 0.021900 0.046400 0.046500 0.054500 0.046200 0.046100 0.062500 0.054700 0.000000 0.054700 0.063000 0.030500 0.078200 0.062500 0.038600 0.053900 0.038500 0.116600 0.038400 0.085900 0.063000 0.046800 0.054600 0.054100 0.045900 0.038400 0.038500 0.054700 0.030500 0.053900 0.063100 0.062500
CommonElan 0.055300 0.325400 0.023400 0.193400 0.056100 0.047000 0.031200 0.046800 0.000000 0.047400 0.039000 0.031100 0.087900 0.023500 0.109800 0.062600 0.086300 0.062700 0.046900 0.000000 0.031200 0.047200 0.039200 0.047300 0.047000 0.055000 0.080100 0.000000 0.054700 0.000000 0.055900 0.039000 0.071700 0.080100 0.055300 0.030900 0.039200 0.074600 0.047100 0.079000 0.047600 0.055900 0.047400 0.047000 0.038700 0.047200 0.063600 0.055600 0.039000 0.038800 0.007800 0.023400
MuntiacusR 0.072000 0.346700 0.063900 0.193000 0.099200 0.063500 0.036600 0.055000 0.055900 0.007400 0.047100 0.055200 0.088400 0.047700 0.128400 0.070900 0.069800 0.046400 0.063400 0.055900 0.039300 0.063800 0.015500 0.039200 0.063400 0.063300 0.080500 0.055900 0.063000 0.055900 0.000000 0.046400 0.071500 0.080500 0.072100 0.055000 0.055500 0.128200 0.055300 0.070700 0.015600 0.047700 0.007700 0.039000 0.046800 0.055400 0.072100 0.072400 0.047100 0.054900 0.064400 0.047400
HarveysDui 0.038700 0.355400 0.046800 0.182800 0.063800 0.030700 0.007300 0.022800 0.039000 0.038900 0.015200 0.036900 0.070400 0.015400 0.108100 0.038100 0.077300 0.054000 0.030600 0.039000 0.007300 0.030800 0.030900 0.038800 0.030700 0.030600 0.062700 0.036400 0.030500 0.039000 0.046400 0.000000 0.062100 0.062700 0.038700 0.038400 0.023000 0.099600 0.023000 0.070000 0.047100 0.031100 0.038900 0.038600 0.030500 0.023000 0.038700 0.038900 0.015200 0.038300 0.047200 0.046700
Pronghorn 0.087500 0.365200 0.062800 0.183000 0.087800 0.078800 0.054200 0.070100 0.071700 0.063000 0.061400 0.054500 0.103200 0.062200 0.133900 0.086200 0.077300 0.054000 0.078600 0.071700 0.054200 0.078400 0.054700 0.062900 0.078000 0.078600 0.095200 0.071700 0.078200 0.071700 0.071500 0.062100 0.000000 0.095200 0.087500 0.070600 0.070700 0.143800 0.070600 0.078300 0.071500 0.078600 0.063000 0.046500 0.062300 0.070600 0.087600 0.079300 0.062200 0.070500 0.080400 0.079600
BlueWildeb 0.055000 0.381500 0.096800 0.211500 0.072600 0.046700 0.054900 0.070700 0.080100 0.071800 0.046500 0.069400 0.007300 0.063300 0.126600 0.086700 0.094500 0.087000 0.046600 0.080100 0.054900 0.046800 0.079800 0.088200 0.046500 0.062800 0.000000 0.080100 0.062500 0.080100 0.080500 0.062700 0.095200 0.000000 0.023300 0.087300 0.038900 0.126800 0.071100 0.103600 0.063800 0.063600 0.071800 0.087600 0.078700 0.071200 0.088100 0.071700 0.062800 0.070700 0.072200 0.096600
Gemsbok 0.029500 0.371000 0.071600 0.202300 0.064400 0.023100 0.031000 0.046600 0.055300 0.063500 0.023100 0.061700 0.030900 0.039200 0.117900 0.062200 0.086200 0.078700 0.023000 0.055300 0.031000 0.023200 0.055200 0.063300 0.023100 0.038800 0.023300 0.055300 0.038600 0.055300 0.072100 0.038700 0.087500 0.023300 0.000000 0.062700 0.015400 0.100500 0.046800 0.095200 0.055500 0.039400 0.063500 0.062900 0.054400 0.046900 0.063200 0.047200 0.038800 0.046500 0.047500 0.071500
Yak 0.062600 0.344000 0.038700 0.174000 0.072000 0.054300 0.030700 0.046100 0.030900 0.046700 0.038400 0.030600 0.095000 0.023100 0.134600 0.045900 0.085200 0.061800 0.054200 0.030900 0.030700 0.054600 0.038600 0.046600 0.054300 0.054200 0.087300 0.030900 0.053900 0.030900 0.055000 0.038400 0.070600 0.087300 0.062700 0.000000 0.046500 0.108200 0.046400 0.077800 0.054900 0.055000 0.046700 0.046300 0.007500 0.046400 0.062700 0.062900 0.038400 0.046100 0.039000 0.038600
BlueSheep 0.015400 0.346500 0.055200 0.184000 0.064200 0.007300 0.015400 0.030700 0.039200 0.047200 0.007600 0.045200 0.046600 0.023300 0.100000 0.046200 0.086000 0.062300 0.007300 0.039200 0.015400 0.007700 0.039000 0.047000 0.007600 0.038700 0.038900 0.039200 0.038500 0.039200 0.055500 0.023000 0.070700 0.038900 0.015400 0.046500 0.000000 0.100200 0.030900 0.078600 0.039300 0.039300 0.047200 0.046700 0.038500 0.031000 0.047000 0.031200 0.023000 0.030700 0.047400 0.055100
BohorReedb 0.118100 0.358000 0.091900 0.266700 0.066500 0.108600 0.091400 0.108100 0.074600 0.118500 0.099400 0.107000 0.135000 0.083100 0.141800 0.125000 0.159400 0.133900 0.108300 0.074600 0.091400 0.108600 0.109100 0.127500 0.108100 0.099800 0.126800 0.074600 0.116600 0.074600 0.128200 0.099600 0.143800 0.126800 0.100500 0.108200 0.100200 0.000000 0.108800 0.161800 0.118900 0.074700 0.118500 0.126500 0.116600 0.108900 0.127300 0.100700 0.099700 0.116800 0.066400 0.091600
KirksDik 0.030900 0.368900 0.055000 0.192300 0.072300 0.023000 0.015300 0.030600 0.047100 0.047000 0.023000 0.045200 0.078900 0.023200 0.117300 0.030500 0.085700 0.062200 0.038600 0.047100 0.015300 0.038800 0.038900 0.046900 0.023000 0.038600 0.071100 0.047100 0.038400 0.047100 0.055300 0.023000 0.070600 0.071100 0.046800 0.046400 0.030900 0.108800 0.000000 0.078400 0.055300 0.039100 0.047000 0.046600 0.038400 0.030900 0.046800 0.031100 0.023000 0.046400 0.055400 0.054900
RoeDeer 0.095300 0.350700 0.087000 0.181000 0.105500 0.086500 0.061600 0.077900 0.079000 0.062300 0.070100 0.062100 0.111500 0.070900 0.170600 0.093800 0.076400 0.053400 0.086300 0.079000 0.062300 0.086900 0.054100 0.046300 0.086400 0.086300 0.103600 0.079000 0.085900 0.079000 0.070700 0.070000 0.078300 0.103600 0.095200 0.077800 0.078600 0.161800 0.078400 0.000000 0.070700 0.087500 0.062300 0.042500 0.063300 0.078500 0.086900 0.095600 0.070100 0.077800 0.087700 0.086900
WhiteLippe 0.055500 0.359000 0.063900 0.192900 0.090400 0.047200 0.039200 0.055000 0.047600 0.007400 0.047100 0.055200 0.071700 0.047700 0.110200 0.070900 0.069800 0.046400 0.047100 0.047600 0.039200 0.047400 0.015500 0.039200 0.047100 0.063300 0.063800 0.047600 0.063000 0.047600 0.015600 0.047100 0.071500 0.063800 0.055500 0.054900 0.039300 0.118900 0.055300 0.070700 0.000000 0.047700 0.007400 0.039000 0.046700 0.055400 0.072000 0.055800 0.047100 0.038900 0.056000 0.047300
ThomsonGaz 0.055500 0.348600 0.063900 0.185400 0.064800 0.047100 0.023300 0.038900 0.055900 0.039400 0.031000 0.052800 0.071400 0.031400 0.127600 0.054600 0.078300 0.054700 0.047000 0.055900 0.023300 0.047200 0.031300 0.055600 0.046900 0.031100 0.063600 0.055900 0.046800 0.055900 0.047700 0.031100 0.078600 0.063600 0.039400 0.055000 0.039300 0.074700 0.039100 0.087500 0.047700 0.000000 0.039400 0.055200 0.046800 0.039200 0.055500 0.055800 0.031100 0.055000 0.048000 0.047400
MuntiacusC 0.063500 0.357600 0.055400 0.183300 0.090100 0.055100 0.031100 0.046800 0.047400 0.000000 0.038900 0.046900 0.079700 0.039400 0.118700 0.062500 0.061500 0.038400 0.054900 0.047400 0.031100 0.055300 0.007400 0.031100 0.055000 0.054900 0.071800 0.047400 0.054600 0.047400 0.007700 0.038900 0.063000 0.071800 0.063500 0.046700 0.047200 0.118500 0.047000 0.062300 0.007400 0.039400 0.000000 0.030900 0.038600 0.047100 0.063500 0.063800 0.038900 0.046700 0.055900 0.039100
WhiteTaile 0.062900 0.366500 0.054900 0.182000 0.089100 0.054600 0.030900 0.046300 0.047000 0.030900 0.038600 0.046500 0.095400 0.039000 0.135200 0.061900 0.077000 0.053800 0.054500 0.047000 0.030900 0.054800 0.023000 0.015300 0.054500 0.054400 0.087600 0.047000 0.054100 0.047000 0.039000 0.038600 0.046500 0.087600 0.062900 0.046300 0.046700 0.126500 0.046600 0.042500 0.039000 0.055200 0.030900 0.000000 0.038300 0.046700 0.062900 0.063200 0.038600 0.046300 0.055300 0.054800
Cattle 0.054400 0.342700 0.046500 0.164800 0.080100 0.046200 0.022900 0.038200 0.038700 0.038600 0.030500 0.038300 0.086400 0.030900 0.125100 0.038000 0.076900 0.053600 0.046100 0.038700 0.022900 0.046400 0.030700 0.038500 0.046200 0.046100 0.078700 0.038700 0.045900 0.038700 0.046800 0.030500 0.062300 0.078700 0.054400 0.007500 0.038500 0.116600 0.038400 0.063300 0.046700 0.046800 0.038600 0.038300 0.000000 0.038400 0.054400 0.054600 0.030500 0.038100 0.046800 0.046400
RoyalAntel 0.046800 0.369100 0.055100 0.192300 0.055900 0.036000 0.015300 0.015200 0.047200 0.047100 0.023000 0.045200 0.079000 0.023300 0.117500 0.046100 0.085800 0.062200 0.038600 0.047200 0.015300 0.038900 0.038900 0.047000 0.038700 0.038600 0.071200 0.047200 0.038400 0.047200 0.055400 0.023000 0.070600 0.071200 0.046900 0.046400 0.031000 0.108900 0.030900 0.078500 0.055400 0.039200 0.047100 0.046700 0.038400 0.000000 0.046900 0.047100 0.023000 0.046400 0.055500 0.055000
Steenbok 0.063200 0.368700 0.071700 0.211600 0.089700 0.050000 0.031000 0.046600 0.063600 0.063500 0.038800 0.061800 0.095900 0.039200 0.135900 0.046300 0.102700 0.078700 0.054700 0.063600 0.031000 0.055100 0.055200 0.063300 0.054800 0.054700 0.088100 0.063600 0.038500 0.063600 0.072100 0.038700 0.087600 0.088100 0.063200 0.062700 0.047000 0.127300 0.046800 0.086900 0.072000 0.055500 0.063500 0.062900 0.054400 0.046900 0.000000 0.063500 0.038800 0.062600 0.072200 0.071500
Impala 0.031200 0.359500 0.063600 0.212100 0.064500 0.023200 0.031100 0.046800 0.055600 0.063800 0.038900 0.062000 0.079600 0.039400 0.100500 0.046500 0.103000 0.079000 0.038900 0.055600 0.031100 0.039100 0.055400 0.063600 0.023200 0.054900 0.071700 0.055600 0.054700 0.055600 0.072400 0.038900 0.079300 0.071700 0.047200 0.062900 0.031200 0.100700 0.031100 0.095600 0.055800 0.055800 0.063800 0.063200 0.054600 0.047100 0.063500 0.000000 0.038900 0.046700 0.064100 0.071800
Klipspring 0.038700 0.333200 0.046900 0.183100 0.063900 0.030700 0.007600 0.022900 0.039000 0.038900 0.015200 0.036900 0.070600 0.015400 0.108200 0.038200 0.077400 0.054100 0.030700 0.039000 0.007300 0.030900 0.030900 0.038800 0.030700 0.030700 0.062800 0.039000 0.030500 0.039000 0.047100 0.015200 0.062200 0.062800 0.038800 0.038400 0.023000 0.099700 0.023000 0.070100 0.047100 0.031100 0.038900 0.038600 0.030500 0.023000 0.038800 0.038900 0.000000 0.038400 0.047200 0.046800
ForestMusk 0.046500 0.366200 0.038700 0.174000 0.080200 0.038400 0.030700 0.046100 0.038800 0.046700 0.038400 0.046300 0.078400 0.038800 0.116500 0.045900 0.069200 0.061700 0.038400 0.038800 0.030700 0.038600 0.038600 0.046600 0.038400 0.038400 0.070700 0.038800 0.053900 0.038800 0.054900 0.038300 0.070500 0.070700 0.046500 0.046100 0.030700 0.116800 0.046400 0.077800 0.038900 0.055000 0.046700 0.046300 0.038100 0.046400 0.062600 0.046700 0.038400 0.000000 0.046900 0.038700
Bushbuck 0.063800 0.339000 0.031500 0.203200 0.048200 0.055300 0.039300 0.055100 0.007800 0.055900 0.047200 0.039200 0.080100 0.031600 0.119400 0.071000 0.095000 0.071100 0.055200 0.007800 0.039300 0.055600 0.047500 0.055700 0.055300 0.047200 0.072200 0.007500 0.063100 0.007800 0.064400 0.047200 0.080400 0.072200 0.047500 0.039000 0.047400 0.066400 0.055400 0.087700 0.056000 0.048000 0.055900 0.055300 0.046800 0.055500 0.072200 0.064100 0.047200 0.046900 0.000000 0.031500
GreaterKud 0.071500 0.347300 0.015500 0.184100 0.081300 0.063000 0.039000 0.054600 0.023400 0.039100 0.046800 0.038800 0.104500 0.031300 0.127300 0.054300 0.061700 0.054300 0.062900 0.023400 0.039000 0.063300 0.031100 0.055200 0.062900 0.062900 0.096600 0.023400 0.062500 0.023400 0.047400 0.046700 0.079600 0.096600 0.071500 0.038600 0.055100 0.091600 0.054900 0.086900 0.047300 0.047400 0.039100 0.054800 0.046400 0.055000 0.071500 0.071800 0.046800 0.038700 0.031500 0.000000
