1
52 1
Argali 0.000000 0.259900 0.077700 0.213800 0.069300 0.011000 0.050500 0.083600 0.070100 0.095900 0.035500 0.081200 0.049200 0.056700 0.073800 0.080300 0.086000 0.085300 0.043800 0.078700 0.071800 0.033500 0.087500 0.093200 0.033500 0.080400 0.048200 0.072400 0.077000 0.074500 0.100300 0.058100 0.116500 0.056600 0.053800 0.081100 0.032400 0.075500 0.076900 0.098600 0.077500 0.088700 0.091600 0.080300 0.078000 0.086400 0.088000 0.071200 0.070400 0.086100 0.076800 0.074400
LesserMous 0.259900 0.000000 0.262000 0.304600 0.257200 0.258800 0.258100 0.276800 0.256700 0.261000 0.264400 0.256500 0.245900 0.262500 0.271900 0.278900 0.251600 0.250500 0.260700 0.268900 0.273100 0.264100 0.261600 0.262500 0.256600 0.275700 0.252100 0.265400 0.274400 0.262500 0.262000 0.260300 0.252200 0.259700 0.247700 0.251800 0.255900 0.261800 0.264200 0.280000 0.246000 0.288000 0.258700 0.252300 0.253800 0.286100 0.272500 0.267900 0.260900 0.247400 0.268300 0.260800
LesserKudu 0.077700 0.262000 0.000000 0.225200 0.081200 0.075600 0.063300 0.093400 0.028200 0.108000 0.074600 0.062900 0.069300 0.067300 0.081300 0.091100 0.096800 0.091800 0.078800 0.034300 0.084400 0.075900 0.097300 0.099600 0.068200 0.091200 0.072700 0.028300 0.085600 0.027200 0.103500 0.071000 0.120800 0.078100 0.071900 0.062700 0.071100 0.087400 0.090000 0.105000 0.085000 0.101800 0.105900 0.092100 0.057300 0.091800 0.096600 0.090900 0.083300 0.091500 0.035500 0.035400
KillerWhal 0.213800 0.304600 0.225200 0.000000 0.223100 0.212800 0.208400 0.230500 0.212400 0.224300 0.216600 0.226500 0.217000 0.203600 0.236800 0.234300 0.208500 0.213000 0.219900 0.226400 0.232700 0.214900 0.216600 0.218200 0.217000 0.234300 0.213800 0.217800 0.220600 0.217700 0.232100 0.221800 0.218100 0.217300 0.209500 0.224900 0.211100 0.231500 0.230700 0.215100 0.215100 0.244700 0.220500 0.211100 0.222900 0.236100 0.241700 0.235200 0.227700 0.215200 0.220800 0.217500
DefassaWat 0.069300 0.257200 0.081200 0.223100 0.000000 0.067200 0.060100 0.084800 0.073500 0.108000 0.068300 0.080300 0.060900 0.059900 0.080400 0.084700 0.095300 0.094600 0.066100 0.084300 0.081500 0.063200 0.101700 0.107500 0.064100 0.082600 0.062000 0.080100 0.083600 0.079000 0.117000 0.063500 0.124400 0.068400 0.062300 0.080200 0.058700 0.019000 0.084600 0.115200 0.090500 0.090900 0.105600 0.099900 0.077100 0.082000 0.093400 0.078800 0.080200 0.091600 0.082400 0.078900
Sheep 0.011000 0.258800 0.075600 0.212800 0.067200 0.000000 0.048400 0.078200 0.068000 0.096000 0.036600 0.081200 0.049200 0.052500 0.073900 0.074900 0.087100 0.084200 0.042700 0.076600 0.069600 0.032500 0.089700 0.095400 0.034600 0.077200 0.048300 0.070300 0.071700 0.072400 0.102600 0.058200 0.116600 0.055600 0.053800 0.081200 0.033500 0.073400 0.071600 0.100700 0.080700 0.083400 0.091700 0.086800 0.078100 0.084300 0.082700 0.071300 0.070200 0.088200 0.074700 0.072300
MaxwellsDu 0.050500 0.258100 0.063300 0.208400 0.060100 0.048400 0.000000 0.067900 0.057800 0.092100 0.045300 0.069900 0.044300 0.030700 0.066800 0.069900 0.076900 0.076100 0.052600 0.064200 0.063600 0.048600 0.082500 0.091600 0.041100 0.065700 0.043300 0.060100 0.062400 0.060000 0.095300 0.027800 0.110500 0.049600 0.046700 0.069800 0.042000 0.066400 0.066700 0.093700 0.074800 0.076200 0.091100 0.083000 0.064500 0.072700 0.072300 0.059700 0.067800 0.079000 0.063300 0.065300
GazellaPrz 0.083600 0.276800 0.093400 0.230500 0.084800 0.078200 0.067900 0.000000 0.082400 0.122100 0.079300 0.090400 0.072900 0.074100 0.085900 0.058800 0.106400 0.096400 0.081500 0.094400 0.061000 0.074000 0.113500 0.120300 0.071800 0.054600 0.077300 0.085700 0.054500 0.089000 0.120900 0.075700 0.132900 0.082700 0.079900 0.095800 0.073900 0.088900 0.051300 0.121200 0.100900 0.063900 0.120000 0.110400 0.091500 0.095600 0.052900 0.090200 0.096900 0.105200 0.091400 0.093300
MountainNy 0.070100 0.256700 0.028200 0.212400 0.073500 0.068000 0.057800 0.082400 0.000000 0.094500 0.069100 0.053300 0.063900 0.059700 0.078000 0.086700 0.090100 0.082900 0.071200 0.018000 0.076700 0.068200 0.088300 0.092900 0.064900 0.082400 0.066200 0.010000 0.076800 0.018000 0.096700 0.065500 0.115000 0.072600 0.064300 0.057400 0.063800 0.079700 0.081100 0.096100 0.074000 0.092900 0.096800 0.083300 0.050100 0.084000 0.091000 0.085200 0.081100 0.080400 0.021100 0.026100
MuntiacusM 0.095900 0.261000 0.108000 0.224300 0.108000 0.096000 0.092100 0.122100 0.094500 0.000000 0.099300 0.103700 0.098200 0.091700 0.119700 0.120800 0.102100 0.094500 0.099300 0.096700 0.109200 0.099700 0.043000 0.059600 0.097200 0.122000 0.098500 0.094700 0.112800 0.099100 0.026200 0.096700 0.120300 0.103900 0.094400 0.107100 0.095900 0.112200 0.117300 0.069100 0.038900 0.124900 0.007000 0.060800 0.101600 0.118200 0.125100 0.116200 0.111800 0.091900 0.102600 0.098900
goat 0.035500 0.264400 0.074600 0.216600 0.068300 0.036600 0.045300 0.079300 0.069100 0.099300 0.000000 0.075800 0.048200 0.053600 0.072800 0.077100 0.082800 0.079800 0.040700 0.077700 0.075000 0.027400 0.086400 0.099900 0.014100 0.079300 0.045100 0.071400 0.071600 0.071300 0.101500 0.052800 0.115500 0.053500 0.052700 0.075800 0.027300 0.074500 0.072600 0.102000 0.080900 0.087700 0.097300 0.091300 0.070500 0.078800 0.083700 0.063700 0.067200 0.089500 0.075800 0.069100
AfricanBuf 0.081200 0.256500 0.062900 0.226500 0.080300 0.081200 0.069900 0.090400 0.053300 0.103700 0.075800 0.000000 0.066300 0.076100 0.091400 0.092500 0.091400 0.086400 0.078100 0.061700 0.087800 0.074900 0.093000 0.100900 0.073800 0.090400 0.069600 0.057600 0.084800 0.057600 0.105900 0.076600 0.120000 0.076100 0.068800 0.034500 0.070400 0.086500 0.083700 0.111900 0.080700 0.098800 0.101600 0.087900 0.029400 0.093200 0.096900 0.092200 0.087900 0.089400 0.062900 0.055400
Topi 0.049200 0.245900 0.069300 0.217000 0.060900 0.049200 0.044300 0.072900 0.063900 0.098200 0.048200 0.066300 0.000000 0.050400 0.065300 0.064200 0.081700 0.078700 0.048100 0.072500 0.071800 0.046200 0.086400 0.095500 0.044100 0.068600 0.008000 0.066200 0.061000 0.066100 0.101500 0.049700 0.107700 0.017200 0.020300 0.072700 0.040900 0.064900 0.069500 0.098700 0.076500 0.076800 0.096200 0.082600 0.067400 0.073300 0.075100 0.062600 0.063000 0.079600 0.070600 0.066100
CommonDuik 0.056700 0.262500 0.067300 0.203600 0.059900 0.052500 0.030700 0.074100 0.059700 0.091700 0.053600 0.076100 0.050400 0.000000 0.068600 0.076200 0.084200 0.080200 0.059900 0.070400 0.072000 0.050500 0.084300 0.089000 0.049400 0.069800 0.051600 0.064100 0.066400 0.064100 0.097100 0.031800 0.114800 0.057900 0.050700 0.076100 0.046000 0.064000 0.072900 0.091100 0.072200 0.078100 0.090800 0.081500 0.070800 0.077900 0.082900 0.066000 0.074000 0.083100 0.067400 0.062900
Suni 0.073800 0.271900 0.081300 0.236800 0.080400 0.073900 0.066800 0.085900 0.078000 0.119700 0.072800 0.091400 0.065300 0.068600 0.000000 0.083600 0.103000 0.098900 0.071600 0.086700 0.087000 0.073100 0.107700 0.119000 0.068600 0.082600 0.065500 0.079100 0.086900 0.080200 0.115100 0.065900 0.122500 0.067500 0.067900 0.086800 0.067500 0.084500 0.086800 0.117700 0.097500 0.093200 0.117600 0.105700 0.086000 0.094400 0.091600 0.082300 0.086900 0.100700 0.084800 0.084500
Springbuck 0.080300 0.278900 0.091100 0.234300 0.084700 0.074900 0.069900 0.058800 0.086700 0.120800 0.077100 0.092500 0.064200 0.076200 0.083600 0.000000 0.104000 0.097400 0.079200 0.093200 0.057700 0.075000 0.111100 0.122500 0.070700 0.044000 0.067500 0.088900 0.035300 0.090000 0.120700 0.079900 0.133900 0.073900 0.071100 0.095600 0.071700 0.090900 0.055500 0.124500 0.105200 0.055300 0.119900 0.114800 0.093600 0.097500 0.062400 0.087800 0.085800 0.100600 0.091300 0.091000
Okapi 0.086000 0.251600 0.096800 0.208500 0.095300 0.087100 0.076900 0.106400 0.090100 0.102100 0.082800 0.091400 0.081700 0.084200 0.103000 0.104000 0.000000 0.044600 0.085900 0.099000 0.104800 0.077700 0.087900 0.092600 0.080700 0.104200 0.080700 0.092500 0.102900 0.096800 0.100800 0.087000 0.111500 0.087300 0.082200 0.093700 0.070300 0.104000 0.109600 0.099200 0.080100 0.112700 0.097800 0.086200 0.090500 0.100500 0.110500 0.106100 0.101900 0.085300 0.099300 0.094500
Giraffe 0.085300 0.250500 0.091800 0.213000 0.094600 0.084200 0.076100 0.096400 0.082900 0.094500 0.079800 0.086400 0.078700 0.080200 0.098900 0.097400 0.044600 0.000000 0.084400 0.091700 0.097200 0.074600 0.086000 0.097400 0.075500 0.096500 0.078900 0.085300 0.092900 0.091800 0.094400 0.080600 0.102900 0.086600 0.074700 0.088600 0.074000 0.098800 0.101900 0.100600 0.076000 0.105000 0.094700 0.090900 0.083200 0.097400 0.104500 0.099600 0.097800 0.083500 0.094200 0.089300
TibetanAnt 0.043800 0.260700 0.078800 0.219900 0.066100 0.042700 0.052600 0.081500 0.071200 0.099300 0.040700 0.078100 0.048100 0.059900 0.071600 0.079200 0.085900 0.084400 0.000000 0.078700 0.076100 0.039700 0.090800 0.103200 0.038700 0.078400 0.047100 0.074600 0.076000 0.075600 0.103800 0.059200 0.121300 0.054500 0.051800 0.082300 0.035500 0.069100 0.079100 0.105600 0.083000 0.089900 0.095000 0.094600 0.077000 0.083100 0.082500 0.070300 0.069400 0.089400 0.077900 0.073400
Sitatunga 0.078700 0.268900 0.034300 0.226400 0.084300 0.076600 0.064200 0.094400 0.018000 0.096700 0.077700 0.061700 0.072500 0.070400 0.086700 0.093200 0.099000 0.091700 0.078700 0.000000 0.083200 0.078000 0.094900 0.102800 0.073500 0.093300 0.074800 0.010000 0.085500 0.028200 0.098900 0.074100 0.120600 0.081200 0.072900 0.063700 0.074500 0.090600 0.088800 0.103700 0.084900 0.103900 0.099000 0.094200 0.058500 0.091700 0.098700 0.089600 0.087600 0.089100 0.025200 0.034300
Oribi 0.071800 0.273100 0.084400 0.232700 0.081500 0.069600 0.063600 0.061000 0.076700 0.109200 0.075000 0.087800 0.071800 0.072000 0.087000 0.057700 0.104800 0.097200 0.076100 0.083200 0.000000 0.070800 0.103000 0.105400 0.068700 0.053500 0.073100 0.081000 0.053500 0.081100 0.110300 0.075700 0.130300 0.079500 0.076600 0.088900 0.066400 0.085600 0.060900 0.110700 0.088300 0.062800 0.104900 0.101100 0.086800 0.094500 0.067800 0.084600 0.084900 0.100500 0.083500 0.083200
BarbaryShe 0.033500 0.264100 0.075900 0.214900 0.063200 0.032500 0.048600 0.074000 0.068200 0.099700 0.027400 0.074900 0.046200 0.050500 0.073100 0.075000 0.077700 0.074600 0.039700 0.078000 0.070800 0.000000 0.091100 0.096900 0.027400 0.076200 0.045200 0.071600 0.069600 0.072600 0.104100 0.051900 0.121700 0.052600 0.048700 0.077100 0.020200 0.071600 0.076000 0.100100 0.078900 0.084600 0.095400 0.087100 0.071800 0.073600 0.082000 0.069400 0.068500 0.083200 0.077100 0.072600
Daviddeer 0.087500 0.261600 0.097300 0.216600 0.101700 0.089700 0.082500 0.113500 0.088300 0.043000 0.086400 0.093000 0.086400 0.084300 0.107700 0.111100 0.087900 0.086000 0.090800 0.094900 0.103000 0.091100 0.000000 0.054500 0.086600 0.109000 0.085500 0.088500 0.106500 0.090600 0.047200 0.087100 0.108400 0.092100 0.083700 0.094100 0.085200 0.103700 0.106500 0.058700 0.023400 0.122000 0.041000 0.051500 0.088700 0.111900 0.115400 0.103100 0.102100 0.087800 0.094100 0.088200
Reindeer 0.093200 0.262500 0.099600 0.218200 0.107500 0.095400 0.091600 0.120300 0.092900 0.059600 0.099900 0.100900 0.095500 0.089000 0.119000 0.122500 0.092600 0.097400 0.103200 0.102800 0.105400 0.096900 0.054500 0.000000 0.095600 0.120400 0.096900 0.095300 0.115600 0.097400 0.060600 0.094000 0.123200 0.101200 0.095000 0.099800 0.092100 0.111600 0.117900 0.061300 0.042900 0.131200 0.055400 0.033300 0.097700 0.117600 0.120000 0.115600 0.106700 0.096900 0.100900 0.097300
Ibex 0.033500 0.256600 0.068200 0.217000 0.064100 0.034600 0.041100 0.071800 0.064900 0.097200 0.014100 0.073800 0.044100 0.049400 0.068600 0.070700 0.080700 0.075500 0.038700 0.073500 0.068700 0.027400 0.086600 0.095600 0.000000 0.072900 0.043100 0.067200 0.067500 0.065000 0.099400 0.048700 0.113400 0.051500 0.048600 0.073700 0.025300 0.070400 0.066300 0.097700 0.076600 0.081300 0.093000 0.087000 0.068400 0.074500 0.077400 0.059500 0.063000 0.085200 0.071600 0.064900
GyrantGaze 0.080400 0.275700 0.091200 0.234300 0.082600 0.077200 0.065700 0.054600 0.082400 0.122000 0.079300 0.090400 0.068600 0.069800 0.082600 0.044000 0.104200 0.096500 0.078400 0.093300 0.053500 0.076200 0.109000 0.120400 0.072900 0.000000 0.072000 0.086800 0.042900 0.089000 0.123000 0.075700 0.129500 0.078300 0.075500 0.091300 0.071800 0.084500 0.054100 0.115600 0.096400 0.024200 0.119900 0.108200 0.087100 0.088900 0.058200 0.090100 0.091500 0.098500 0.089200 0.088900
Hartebeest 0.048200 0.252100 0.072700 0.213800 0.062000 0.048300 0.043300 0.077300 0.066200 0.098500 0.045100 0.069600 0.008000 0.051600 0.065500 0.067500 0.080700 0.078900 0.047100 0.074800 0.073100 0.045200 0.085500 0.096900 0.043100 0.072000 0.000000 0.068500 0.066500 0.069500 0.101800 0.049800 0.113600 0.016100 0.020300 0.073900 0.039900 0.066100 0.070700 0.102300 0.077700 0.080300 0.097500 0.083800 0.068600 0.073500 0.073100 0.061700 0.064200 0.083100 0.073900 0.068300
Bongo 0.072400 0.265400 0.028300 0.217800 0.080100 0.070300 0.060100 0.085700 0.010000 0.094700 0.071400 0.057600 0.066200 0.064100 0.079100 0.088900 0.092500 0.085300 0.074600 0.010000 0.081000 0.071600 0.088500 0.095300 0.067200 0.086800 0.068500 0.000000 0.081200 0.020100 0.096900 0.067800 0.114100 0.075900 0.066600 0.059600 0.068200 0.084200 0.083300 0.097300 0.076400 0.097400 0.097000 0.085600 0.052300 0.087500 0.091400 0.087600 0.083400 0.084900 0.023200 0.028200
Gerenuk 0.077000 0.274400 0.085600 0.220600 0.083600 0.071700 0.062400 0.054500 0.076800 0.112800 0.071600 0.084800 0.061000 0.066400 0.086900 0.035300 0.102900 0.092900 0.076000 0.085500 0.053500 0.069600 0.106500 0.115600 0.067500 0.042900 0.066500 0.081200 0.000000 0.083400 0.116100 0.070100 0.132800 0.070700 0.067800 0.092300 0.068500 0.087700 0.052300 0.113100 0.096200 0.052100 0.113000 0.103600 0.088100 0.086500 0.064500 0.090000 0.084800 0.097200 0.083600 0.085500
CommonElan 0.074500 0.262500 0.027200 0.217700 0.079000 0.072400 0.060000 0.089000 0.018000 0.099100 0.071300 0.057600 0.066100 0.064100 0.080200 0.090000 0.096800 0.091800 0.075600 0.028200 0.081100 0.072600 0.090600 0.097400 0.065000 0.089000 0.069500 0.020100 0.083400 0.000000 0.099000 0.067700 0.117400 0.074800 0.068700 0.057400 0.068100 0.085200 0.085600 0.100600 0.078500 0.099600 0.099100 0.087700 0.052200 0.090700 0.095500 0.085300 0.082300 0.087000 0.029300 0.022100
MuntiacusR 0.100300 0.262000 0.103500 0.232100 0.117000 0.102600 0.095300 0.120900 0.096700 0.026200 0.101500 0.105900 0.101500 0.097100 0.115100 0.120700 0.100800 0.094400 0.103800 0.098900 0.110300 0.104100 0.047200 0.060600 0.099400 0.123000 0.101800 0.096900 0.116100 0.099000 0.000000 0.100000 0.122600 0.109500 0.098800 0.107000 0.098000 0.118900 0.118400 0.072100 0.039900 0.131700 0.028400 0.063900 0.103800 0.122700 0.122800 0.118400 0.115100 0.096200 0.104800 0.098900
HarveysDui 0.058100 0.260300 0.071000 0.221800 0.063500 0.058200 0.027800 0.075700 0.065500 0.096700 0.052800 0.076600 0.049700 0.031800 0.065900 0.079900 0.087000 0.080600 0.059200 0.074100 0.075700 0.051900 0.087100 0.094000 0.048700 0.075700 0.049800 0.067800 0.070100 0.067700 0.100000 0.000000 0.117700 0.057200 0.052100 0.076500 0.047400 0.069800 0.074400 0.099400 0.077000 0.086300 0.095800 0.083100 0.071200 0.079500 0.084400 0.067600 0.071200 0.085800 0.071000 0.070900
Pronghorn 0.116500 0.252200 0.120800 0.218100 0.124400 0.116600 0.110500 0.132900 0.115000 0.120300 0.115500 0.120000 0.107700 0.114800 0.122500 0.133900 0.111500 0.102900 0.121300 0.120600 0.130300 0.121700 0.108400 0.123200 0.113400 0.129500 0.113600 0.114100 0.132800 0.117400 0.122600 0.117700 0.000000 0.118000 0.111800 0.119900 0.116300 0.126200 0.130400 0.127600 0.102800 0.138100 0.118300 0.117800 0.116700 0.136000 0.137000 0.127100 0.122600 0.111400 0.118600 0.115000
BlueWildeb 0.056600 0.259700 0.078100 0.217300 0.068400 0.055600 0.049600 0.082700 0.072600 0.103900 0.053500 0.076100 0.017200 0.057900 0.067500 0.073900 0.087300 0.086600 0.054500 0.081200 0.079500 0.052600 0.092100 0.101200 0.051500 0.078300 0.016100 0.075900 0.070700 0.074800 0.109500 0.057200 0.118000 0.000000 0.027600 0.080400 0.048300 0.072500 0.074900 0.110000 0.084200 0.086700 0.101900 0.090300 0.075000 0.081000 0.080500 0.068100 0.070600 0.089600 0.079300 0.074700
Gemsbok 0.053800 0.247700 0.071900 0.209500 0.062300 0.053800 0.046700 0.079900 0.064300 0.094400 0.052700 0.068800 0.020300 0.050700 0.067900 0.071100 0.082200 0.074700 0.051800 0.072900 0.076600 0.048700 0.083700 0.095000 0.048600 0.075500 0.020300 0.066600 0.067800 0.068700 0.098800 0.052100 0.111800 0.027600 0.000000 0.073100 0.045400 0.066400 0.074300 0.101600 0.075900 0.086100 0.094600 0.082000 0.067800 0.070500 0.079900 0.065200 0.068900 0.079000 0.072100 0.066500
Yak 0.081100 0.251800 0.062700 0.224900 0.080200 0.081200 0.069800 0.095800 0.057400 0.107100 0.075800 0.034500 0.072700 0.076100 0.086800 0.095600 0.093700 0.088600 0.082300 0.063700 0.088900 0.077100 0.094100 0.099800 0.073700 0.091300 0.073900 0.059600 0.092300 0.057400 0.107000 0.076500 0.119900 0.080400 0.073100 0.000000 0.072600 0.088700 0.087900 0.113100 0.081900 0.102000 0.104900 0.094500 0.014000 0.093100 0.097900 0.084400 0.090000 0.092700 0.062800 0.057400
BlueSheep 0.032400 0.255900 0.071100 0.211100 0.058700 0.033500 0.042000 0.073900 0.063800 0.095900 0.027300 0.070400 0.040900 0.046000 0.067500 0.071700 0.070300 0.074000 0.035500 0.074500 0.066400 0.020200 0.085200 0.092100 0.025300 0.071800 0.039900 0.068200 0.068500 0.068100 0.098000 0.047400 0.116300 0.048300 0.045400 0.072600 0.000000 0.067100 0.073800 0.096300 0.070900 0.080100 0.091600 0.083500 0.066200 0.073200 0.078400 0.061600 0.066000 0.079500 0.072600 0.068100
BohorReedb 0.075500 0.261800 0.087400 0.231500 0.019000 0.073400 0.066400 0.088900 0.079700 0.112200 0.074500 0.086500 0.064900 0.064000 0.084500 0.090900 0.104000 0.098800 0.069100 0.090600 0.085600 0.071600 0.103700 0.111600 0.070400 0.084500 0.066100 0.084200 0.087700 0.085200 0.118900 0.069800 0.126200 0.072500 0.066400 0.088700 0.067100 0.000000 0.090900 0.112600 0.092400 0.092800 0.109800 0.104000 0.085500 0.090500 0.095300 0.085100 0.086500 0.100200 0.088700 0.083000
KirksDik 0.076900 0.264200 0.090000 0.230700 0.084600 0.071600 0.066700 0.051300 0.081100 0.117300 0.072600 0.083700 0.069500 0.072900 0.086800 0.055500 0.109600 0.101900 0.079100 0.088800 0.060900 0.076000 0.106500 0.117900 0.066300 0.054100 0.070700 0.083300 0.052300 0.085600 0.118400 0.074400 0.130400 0.074900 0.074300 0.087900 0.073800 0.090900 0.000000 0.115300 0.099500 0.063800 0.115300 0.104700 0.085900 0.092900 0.058100 0.084500 0.089400 0.103800 0.085800 0.087700
RoeDeer 0.098600 0.280000 0.105000 0.215100 0.115200 0.100700 0.093700 0.121200 0.096100 0.069100 0.102000 0.111900 0.098700 0.091100 0.117700 0.124500 0.099200 0.100600 0.105600 0.103700 0.110700 0.100100 0.058700 0.061300 0.097700 0.115600 0.102300 0.097300 0.113100 0.100600 0.072100 0.099400 0.127600 0.110000 0.101600 0.113100 0.096300 0.112600 0.115300 0.000000 0.051200 0.126400 0.064900 0.058200 0.105400 0.119700 0.128800 0.123400 0.111000 0.103500 0.104100 0.098300
WhiteLippe 0.077500 0.246000 0.085000 0.215100 0.090500 0.080700 0.074800 0.100900 0.074000 0.038900 0.080900 0.080700 0.076500 0.072200 0.097500 0.105200 0.080100 0.076000 0.083000 0.084900 0.088300 0.078900 0.023400 0.042900 0.076600 0.096400 0.077700 0.076400 0.096200 0.078500 0.039900 0.077000 0.102800 0.084200 0.075900 0.081900 0.070900 0.092400 0.099500 0.051200 0.000000 0.108100 0.036800 0.039900 0.076500 0.099300 0.102800 0.097300 0.090800 0.077700 0.081900 0.078300
ThomsonGaz 0.088700 0.288000 0.101800 0.244700 0.090900 0.083400 0.076200 0.063900 0.092900 0.124900 0.087700 0.098800 0.076800 0.078100 0.093200 0.055300 0.112700 0.105000 0.089900 0.103900 0.062800 0.084600 0.122000 0.131200 0.081300 0.024200 0.080300 0.097400 0.052100 0.099600 0.131700 0.086300 0.138100 0.086700 0.086100 0.102000 0.080100 0.092800 0.063800 0.126400 0.108100 0.000000 0.125100 0.119000 0.097700 0.101800 0.067500 0.099700 0.099900 0.106900 0.099800 0.099500
MuntiacusC 0.091600 0.258700 0.105900 0.220500 0.105600 0.091700 0.091100 0.120000 0.096800 0.007000 0.097300 0.101600 0.096200 0.090800 0.117600 0.119900 0.097800 0.094700 0.095000 0.099000 0.104900 0.095400 0.041000 0.055400 0.093000 0.119900 0.097500 0.097000 0.113000 0.099100 0.028400 0.095800 0.118300 0.101900 0.094600 0.104900 0.091600 0.109800 0.115300 0.064900 0.036800 0.125100 0.000000 0.056600 0.099400 0.118400 0.125300 0.114100 0.107400 0.089800 0.102700 0.099000
WhiteTaile 0.080300 0.252300 0.092100 0.211100 0.099900 0.086800 0.083000 0.110400 0.083300 0.060800 0.091300 0.087900 0.082600 0.081500 0.105700 0.114800 0.086200 0.090900 0.094600 0.094200 0.101100 0.087100 0.051500 0.033300 0.087000 0.108200 0.083800 0.085600 0.103600 0.087700 0.063900 0.083100 0.117800 0.090300 0.082000 0.094500 0.083500 0.104000 0.104700 0.058200 0.039900 0.119000 0.056600 0.000000 0.089100 0.109900 0.112400 0.107900 0.096900 0.086100 0.091200 0.087600
Cattle 0.078000 0.253800 0.057300 0.222900 0.077100 0.078100 0.064500 0.091500 0.050100 0.101600 0.070500 0.029400 0.067400 0.070800 0.086000 0.093600 0.090500 0.083200 0.077000 0.058500 0.086800 0.071800 0.088700 0.097700 0.068400 0.087100 0.068600 0.052300 0.088100 0.052200 0.103800 0.071200 0.116700 0.075000 0.067800 0.014000 0.066200 0.085500 0.085900 0.105400 0.076500 0.097700 0.099400 0.089100 0.000000 0.089900 0.095800 0.083400 0.086900 0.085100 0.057600 0.052200
RoyalAntel 0.086400 0.286100 0.091800 0.236100 0.082000 0.084300 0.072700 0.095600 0.084000 0.118200 0.078800 0.093200 0.073300 0.077900 0.094400 0.097500 0.100500 0.097400 0.083100 0.091700 0.094500 0.073600 0.111900 0.117600 0.074500 0.088900 0.073500 0.087500 0.086500 0.090700 0.122700 0.079500 0.136000 0.081000 0.070500 0.093100 0.073200 0.090500 0.092900 0.119700 0.099300 0.101800 0.118400 0.109900 0.089900 0.000000 0.099800 0.093000 0.085200 0.107100 0.093100 0.086200
Steenbok 0.088000 0.272500 0.096600 0.241700 0.093400 0.082700 0.072300 0.052900 0.091000 0.125100 0.083700 0.096900 0.075100 0.082900 0.091600 0.062400 0.110500 0.104500 0.082500 0.098700 0.067800 0.082000 0.115400 0.120000 0.077400 0.058200 0.073100 0.091400 0.064500 0.095500 0.122800 0.084400 0.137000 0.080500 0.079900 0.097900 0.078400 0.095300 0.058100 0.128800 0.102800 0.067500 0.125300 0.112400 0.095800 0.099800 0.000000 0.098900 0.096800 0.116100 0.097900 0.093300
Impala 0.071200 0.267900 0.090900 0.235200 0.078800 0.071300 0.059700 0.090200 0.085200 0.116200 0.063700 0.092200 0.062600 0.066000 0.082300 0.087800 0.106100 0.099600 0.070300 0.089600 0.084600 0.069400 0.103100 0.115600 0.059500 0.090100 0.061700 0.087600 0.090000 0.085300 0.118400 0.067600 0.127100 0.068100 0.065200 0.084400 0.061600 0.085100 0.084500 0.123400 0.097300 0.099700 0.114100 0.107900 0.083400 0.093000 0.098900 0.000000 0.079000 0.098100 0.092200 0.085200
Klipspring 0.070400 0.260900 0.083300 0.227700 0.080200 0.070200 0.067800 0.096900 0.081100 0.111800 0.067200 0.087900 0.063000 0.074000 0.086900 0.085800 0.101900 0.097800 0.069400 0.087600 0.084900 0.068500 0.102100 0.106700 0.063000 0.091500 0.064200 0.083400 0.084800 0.082300 0.115100 0.071200 0.122600 0.070600 0.068900 0.090000 0.066000 0.086500 0.089400 0.111000 0.090800 0.099900 0.107400 0.096900 0.086900 0.085200 0.096800 0.079000 0.000000 0.098400 0.085700 0.080000
ForestMusk 0.086100 0.247400 0.091500 0.215200 0.091600 0.088200 0.079000 0.105200 0.080400 0.091900 0.089500 0.089400 0.079600 0.083100 0.100700 0.100600 0.085300 0.083500 0.089400 0.089100 0.100500 0.083200 0.087800 0.096900 0.085200 0.098500 0.083100 0.084900 0.097200 0.087000 0.096200 0.085800 0.111400 0.089600 0.079000 0.092700 0.079500 0.100200 0.103800 0.103500 0.077700 0.106900 0.089800 0.086100 0.085100 0.107100 0.116100 0.098100 0.098400 0.000000 0.091600 0.089100
Bushbuck 0.076800 0.268300 0.035500 0.220800 0.082400 0.074700 0.063300 0.091400 0.021100 0.102600 0.075800 0.062900 0.070600 0.067400 0.084800 0.091300 0.099300 0.094200 0.077900 0.025200 0.083500 0.077100 0.094100 0.100900 0.071600 0.089200 0.073900 0.023200 0.083600 0.029300 0.104800 0.071000 0.118600 0.079300 0.072100 0.062800 0.072600 0.088700 0.085800 0.104100 0.081900 0.099800 0.102700 0.091200 0.057600 0.093100 0.097900 0.092200 0.085700 0.091600 0.000000 0.035500
GreaterKud 0.074400 0.260800 0.035400 0.217500 0.078900 0.072300 0.065300 0.093300 0.026100 0.098900 0.069100 0.055400 0.066100 0.062900 0.084500 0.091000 0.094500 0.089300 0.073400 0.034300 0.083200 0.072600 0.088200 0.097300 0.064900 0.088900 0.068300 0.028200 0.085500 0.022100 0.098900 0.070900 0.115000 0.074700 0.066500 0.057400 0.068100 0.083000 0.087700 0.098300 0.078300 0.099500 0.099000 0.087600 0.052200 0.086200 0.093300 0.085200 0.080000 0.089100 0.035500 0.000000
