1
52 1
Argali 0.000000 0.097300 0.026800 0.071200 0.026100 0.002300 0.014100 0.014100 0.034100 0.045600 0.009400 0.026700 0.011800 0.011800 0.011800 0.016500 0.045700 0.040700 0.004700 0.031700 0.016500 0.004700 0.045800 0.049200 0.004700 0.014100 0.014100 0.029200 0.018900 0.029300 0.048000 0.011800 0.055400 0.014100 0.021200 0.024400 0.004700 0.028600 0.016900 0.056700 0.045600 0.014100 0.048000 0.046700 0.021900 0.011700 0.012100 0.023700 0.004700 0.045800 0.034200 0.036500
LesserMous 0.097300 0.000000 0.095900 0.090900 0.111300 0.094800 0.108100 0.105100 0.103700 0.083600 0.097300 0.090400 0.102600 0.105700 0.100300 0.105400 0.086300 0.086200 0.097600 0.101000 0.105500 0.097300 0.091600 0.089200 0.092000 0.108000 0.103600 0.098600 0.102600 0.098500 0.085900 0.105600 0.101400 0.103500 0.103100 0.093100 0.097500 0.119200 0.108900 0.096800 0.091300 0.108000 0.086000 0.089200 0.090500 0.105300 0.104100 0.108200 0.097400 0.090700 0.103800 0.106200
LesserKudu 0.026800 0.095900 0.000000 0.072300 0.046600 0.024400 0.036700 0.030900 0.007000 0.042300 0.031700 0.014100 0.034300 0.034400 0.029400 0.036700 0.042700 0.038200 0.026900 0.004600 0.036600 0.026900 0.042400 0.047400 0.026800 0.034200 0.037500 0.002300 0.039200 0.002300 0.044600 0.034300 0.056800 0.036800 0.044000 0.011700 0.026900 0.050300 0.037100 0.055600 0.042300 0.034200 0.044800 0.050200 0.009400 0.034200 0.028900 0.041700 0.026800 0.045700 0.007000 0.009300
KillerWhal 0.071200 0.090900 0.072300 0.000000 0.090000 0.068700 0.081600 0.078900 0.079900 0.061200 0.071200 0.072100 0.073800 0.079300 0.074000 0.081500 0.068600 0.063400 0.071300 0.077800 0.084300 0.071700 0.066500 0.066900 0.066100 0.081600 0.081700 0.074800 0.084100 0.074900 0.063600 0.079200 0.083300 0.081700 0.089800 0.069600 0.071300 0.097700 0.082100 0.080000 0.066300 0.081500 0.063600 0.064300 0.067000 0.079100 0.076700 0.085200 0.071200 0.072200 0.080000 0.082400
DefassaWat 0.026100 0.111300 0.046600 0.090000 0.000000 0.023700 0.026100 0.028500 0.049000 0.048500 0.026100 0.036600 0.033400 0.023800 0.028500 0.028600 0.048700 0.053600 0.026200 0.046500 0.031000 0.026100 0.043700 0.050100 0.026100 0.026100 0.035900 0.044000 0.026100 0.044100 0.050800 0.023800 0.073100 0.035800 0.033300 0.034300 0.026100 0.011800 0.031700 0.060100 0.043500 0.026100 0.050900 0.047900 0.036700 0.026100 0.023700 0.035800 0.021300 0.064100 0.044100 0.046500
Sheep 0.002300 0.094800 0.024400 0.068700 0.023700 0.000000 0.011800 0.011800 0.031700 0.043200 0.007000 0.024400 0.009400 0.009400 0.009400 0.014200 0.043300 0.038300 0.002300 0.029300 0.014200 0.002300 0.043400 0.046600 0.002300 0.011800 0.011800 0.026800 0.016600 0.026900 0.045600 0.009400 0.053000 0.011800 0.018900 0.022000 0.002300 0.026200 0.014500 0.054200 0.043200 0.011800 0.045600 0.044300 0.019500 0.009400 0.009600 0.021300 0.002300 0.043500 0.031800 0.034100
MaxwellsDu 0.014100 0.108100 0.036700 0.081600 0.026100 0.011800 0.000000 0.023700 0.039000 0.048700 0.018900 0.031700 0.021300 0.007100 0.021400 0.026200 0.049000 0.050700 0.014200 0.036600 0.026200 0.014100 0.048900 0.052100 0.014100 0.023800 0.023800 0.034100 0.028600 0.034200 0.051000 0.007100 0.060500 0.023800 0.030900 0.029300 0.014200 0.028600 0.026700 0.059800 0.048700 0.023700 0.051100 0.049700 0.026800 0.021300 0.018900 0.033500 0.009400 0.056000 0.039100 0.041500
GazellaPrz 0.014100 0.105100 0.030900 0.078900 0.028500 0.011800 0.023700 0.000000 0.038100 0.048000 0.014100 0.026000 0.021300 0.021300 0.021300 0.018900 0.048100 0.045500 0.014100 0.035600 0.016500 0.014100 0.043200 0.050600 0.014100 0.016500 0.023700 0.033300 0.021300 0.033200 0.045400 0.021300 0.062800 0.023700 0.026000 0.023600 0.014100 0.031000 0.017000 0.058500 0.043000 0.016500 0.050400 0.048100 0.026000 0.016500 0.007300 0.033400 0.014100 0.048200 0.033200 0.035600
MountainNy 0.034100 0.103700 0.007000 0.079900 0.049000 0.031700 0.039000 0.038100 0.000000 0.049900 0.039000 0.016400 0.036600 0.036700 0.036700 0.044000 0.050300 0.043000 0.034100 0.007000 0.043900 0.034100 0.050000 0.055100 0.034100 0.041500 0.039800 0.004600 0.046500 0.004600 0.052200 0.036700 0.064200 0.039100 0.046300 0.014000 0.034200 0.052600 0.044400 0.063300 0.049900 0.041500 0.052400 0.057900 0.011700 0.041600 0.033200 0.044100 0.029200 0.053000 0.009300 0.011600
MuntiacusM 0.045600 0.083600 0.042300 0.061200 0.048500 0.043200 0.048700 0.048000 0.049900 0.000000 0.045600 0.041900 0.053100 0.048300 0.048200 0.055700 0.014100 0.025900 0.045700 0.047800 0.053200 0.046300 0.011700 0.009600 0.040700 0.053200 0.056600 0.044900 0.053200 0.044900 0.002300 0.048300 0.047600 0.056600 0.058000 0.039400 0.045700 0.058400 0.053700 0.021700 0.011600 0.053100 0.002300 0.012000 0.036900 0.053100 0.046000 0.055800 0.045600 0.033400 0.050000 0.047300
goat 0.009400 0.097300 0.031700 0.071200 0.026100 0.007000 0.018900 0.014100 0.039000 0.045600 0.000000 0.026800 0.016500 0.016600 0.016500 0.016500 0.045700 0.040700 0.009400 0.036600 0.016600 0.009400 0.040800 0.047400 0.004700 0.014100 0.018900 0.034100 0.018900 0.034200 0.048000 0.016500 0.055400 0.018900 0.021200 0.024400 0.009400 0.028600 0.016900 0.055100 0.040700 0.014100 0.048000 0.045100 0.026800 0.011800 0.012100 0.028500 0.009400 0.045800 0.034200 0.036500
AfricanBuf 0.026700 0.090400 0.014100 0.072100 0.036600 0.024400 0.031700 0.026000 0.016400 0.041900 0.026800 0.000000 0.034200 0.029300 0.029400 0.031700 0.042600 0.038000 0.026800 0.014000 0.031600 0.026800 0.036900 0.045800 0.026800 0.029300 0.037500 0.011700 0.034200 0.011700 0.044200 0.029300 0.056600 0.036700 0.038900 0.002300 0.026900 0.040000 0.032200 0.054600 0.036800 0.029200 0.044400 0.048700 0.004700 0.029300 0.021200 0.041700 0.021900 0.045600 0.011700 0.014000
Topi 0.011800 0.102600 0.034300 0.073800 0.033400 0.009400 0.021300 0.021300 0.036600 0.053100 0.016500 0.034200 0.000000 0.019000 0.019000 0.023700 0.053200 0.045700 0.011800 0.039100 0.023800 0.011800 0.053300 0.056600 0.011800 0.021300 0.007000 0.036700 0.026100 0.036700 0.055500 0.019000 0.062900 0.007000 0.018800 0.031900 0.011800 0.035900 0.024300 0.064200 0.053100 0.021300 0.055500 0.054200 0.029300 0.018900 0.019400 0.026100 0.011700 0.053400 0.041700 0.044000
CommonDuik 0.011800 0.105700 0.034400 0.079300 0.023800 0.009400 0.007100 0.021300 0.036700 0.048300 0.016600 0.029300 0.019000 0.000000 0.019000 0.023800 0.048400 0.048300 0.011800 0.034300 0.023800 0.011800 0.048500 0.051800 0.011800 0.021400 0.021400 0.031800 0.026200 0.031900 0.050700 0.004700 0.058100 0.021400 0.028500 0.026900 0.011800 0.026200 0.024300 0.059300 0.048200 0.021400 0.050700 0.049400 0.024400 0.019000 0.016500 0.031100 0.007100 0.053500 0.036800 0.039200
Suni 0.011800 0.100300 0.029400 0.074000 0.028500 0.009400 0.021400 0.021300 0.036700 0.048200 0.016500 0.029400 0.019000 0.019000 0.000000 0.023800 0.048400 0.043300 0.011800 0.034200 0.023800 0.011800 0.049200 0.048600 0.011800 0.021400 0.021400 0.031800 0.026200 0.031900 0.050600 0.019000 0.058100 0.021400 0.028500 0.027000 0.011800 0.031000 0.024300 0.056000 0.049000 0.021400 0.050600 0.046100 0.024500 0.016500 0.019400 0.021300 0.011800 0.048500 0.037100 0.039400
Springbuck 0.016500 0.105400 0.036700 0.081500 0.028600 0.014200 0.026200 0.018900 0.044000 0.055700 0.016500 0.031700 0.023700 0.023800 0.023800 0.000000 0.055900 0.050700 0.016600 0.041500 0.016600 0.016500 0.048400 0.058300 0.016500 0.011800 0.026200 0.039100 0.002300 0.039100 0.058100 0.023800 0.063100 0.026200 0.028500 0.029400 0.016600 0.031100 0.021800 0.063900 0.050700 0.011800 0.058100 0.055800 0.031800 0.018900 0.016900 0.035900 0.016500 0.053500 0.039100 0.041500
Okapi 0.045700 0.086300 0.042700 0.068600 0.048700 0.043300 0.049000 0.048100 0.050300 0.014100 0.045700 0.042600 0.053200 0.048400 0.048400 0.055900 0.000000 0.016400 0.045900 0.047900 0.050800 0.045700 0.021200 0.019100 0.040800 0.053300 0.056000 0.045000 0.053300 0.045400 0.016400 0.048400 0.047700 0.055800 0.058100 0.040300 0.045800 0.058500 0.054000 0.031200 0.019100 0.053200 0.016400 0.021500 0.037600 0.053200 0.046300 0.060900 0.045700 0.040700 0.050600 0.053000
Giraffe 0.040700 0.086200 0.038200 0.063400 0.053600 0.038300 0.050700 0.045500 0.043000 0.025900 0.040700 0.038000 0.045700 0.048300 0.043300 0.050700 0.016400 0.000000 0.040800 0.043000 0.048200 0.040700 0.033200 0.031100 0.035800 0.048200 0.048400 0.040600 0.053200 0.040600 0.028200 0.048300 0.047600 0.048300 0.055500 0.035600 0.040800 0.063400 0.051200 0.043300 0.031100 0.048100 0.028200 0.033500 0.033200 0.048100 0.043800 0.053300 0.040700 0.038200 0.045400 0.047800
TibetanAnt 0.004700 0.097600 0.026900 0.071300 0.026200 0.002300 0.014200 0.014100 0.034100 0.045700 0.009400 0.026800 0.011800 0.011800 0.011800 0.016600 0.045900 0.040800 0.000000 0.031700 0.016600 0.004700 0.045900 0.049100 0.004700 0.014200 0.014200 0.029200 0.019000 0.029300 0.048100 0.011800 0.055500 0.014200 0.021300 0.024400 0.004700 0.028600 0.017000 0.056700 0.045700 0.014200 0.048100 0.046700 0.021900 0.011800 0.012100 0.023800 0.004700 0.046000 0.034200 0.036600
Sitatunga 0.031700 0.101000 0.004600 0.077800 0.046500 0.029300 0.036600 0.035600 0.007000 0.047800 0.036600 0.014000 0.039100 0.034300 0.034200 0.041500 0.047900 0.043000 0.031700 0.000000 0.041400 0.026800 0.047800 0.052900 0.031700 0.039000 0.042300 0.002300 0.044000 0.002300 0.050100 0.034200 0.061800 0.041600 0.048900 0.011700 0.031800 0.050000 0.042000 0.061500 0.047700 0.039000 0.050300 0.056100 0.009300 0.039200 0.030800 0.046600 0.026800 0.050500 0.007000 0.009300
Oribi 0.016500 0.105500 0.036600 0.084300 0.031000 0.014200 0.026200 0.016500 0.043900 0.053200 0.016600 0.031600 0.023800 0.023800 0.023800 0.016600 0.050800 0.048200 0.016600 0.041400 0.000000 0.016500 0.048400 0.055800 0.016500 0.019000 0.026200 0.039000 0.019000 0.039100 0.055600 0.023800 0.063100 0.026200 0.028500 0.029300 0.016600 0.033500 0.019400 0.063500 0.048200 0.019000 0.055600 0.053300 0.031700 0.019000 0.014600 0.036700 0.016600 0.053300 0.039100 0.041400
BarbaryShe 0.004700 0.097300 0.026900 0.071700 0.026100 0.002300 0.014100 0.014100 0.034100 0.046300 0.009400 0.026800 0.011800 0.011800 0.011800 0.016500 0.045700 0.040700 0.004700 0.026800 0.016500 0.000000 0.046400 0.049800 0.004700 0.014100 0.014100 0.029200 0.018900 0.029300 0.048600 0.011800 0.055400 0.014100 0.021200 0.024500 0.004700 0.028500 0.016900 0.057600 0.046200 0.014100 0.048700 0.047500 0.022000 0.011800 0.012100 0.023700 0.004700 0.045800 0.034200 0.036500
Daviddeer 0.045800 0.091600 0.042400 0.066500 0.043700 0.043400 0.048900 0.043200 0.050000 0.011700 0.040800 0.036900 0.053300 0.048500 0.049200 0.048400 0.021200 0.033200 0.045900 0.047800 0.048400 0.046400 0.000000 0.012200 0.040800 0.048400 0.057700 0.044900 0.045900 0.045000 0.014000 0.048500 0.050200 0.056700 0.053100 0.034400 0.045900 0.054400 0.048900 0.022500 0.004700 0.048300 0.014000 0.014500 0.037000 0.048300 0.041300 0.060900 0.045700 0.038300 0.045000 0.047400
Reindeer 0.049200 0.089200 0.047400 0.066900 0.050100 0.046600 0.052100 0.050600 0.055100 0.009600 0.047400 0.045800 0.056600 0.051800 0.048600 0.058300 0.019100 0.031100 0.049100 0.052900 0.055800 0.049800 0.012200 0.000000 0.044100 0.056000 0.058300 0.049700 0.055900 0.050100 0.011900 0.051700 0.048400 0.059300 0.059900 0.043200 0.049200 0.059200 0.055500 0.011600 0.012200 0.055800 0.012000 0.002300 0.042700 0.055100 0.047900 0.064400 0.049000 0.041900 0.053500 0.055800
Ibex 0.004700 0.092000 0.026800 0.066100 0.026100 0.002300 0.014100 0.014100 0.034100 0.040700 0.004700 0.026800 0.011800 0.011800 0.011800 0.016500 0.040800 0.035800 0.004700 0.031700 0.016500 0.004700 0.040800 0.044100 0.000000 0.014100 0.014100 0.029200 0.018900 0.029300 0.043100 0.011800 0.050400 0.014100 0.021200 0.024500 0.004700 0.028500 0.016900 0.051600 0.040700 0.014100 0.043100 0.041700 0.022000 0.011800 0.012100 0.023700 0.004700 0.040900 0.034200 0.036500
GyrantGaze 0.014100 0.108000 0.034200 0.081600 0.026100 0.011800 0.023800 0.016500 0.041500 0.053200 0.014100 0.029300 0.021300 0.021400 0.021400 0.011800 0.053300 0.048200 0.014200 0.039000 0.019000 0.014100 0.048400 0.056000 0.014100 0.000000 0.023800 0.036600 0.014200 0.036700 0.055600 0.021400 0.060500 0.023800 0.026000 0.027000 0.014200 0.028600 0.019500 0.061700 0.048200 0.004700 0.055600 0.053500 0.029400 0.016500 0.014700 0.033500 0.014100 0.053400 0.036700 0.039000
Hartebeest 0.014100 0.103600 0.037500 0.081700 0.035900 0.011800 0.023800 0.023700 0.039800 0.056600 0.018900 0.037500 0.007000 0.021400 0.021400 0.026200 0.056000 0.048400 0.014200 0.042300 0.026200 0.014100 0.057700 0.058300 0.014100 0.023800 0.000000 0.040400 0.028600 0.040000 0.058900 0.021400 0.065600 0.004700 0.021200 0.035100 0.014200 0.038400 0.026700 0.065800 0.057500 0.023800 0.059000 0.055900 0.032500 0.021300 0.021700 0.028600 0.014100 0.056100 0.045000 0.047300
Bongo 0.029200 0.098600 0.002300 0.074800 0.044000 0.026800 0.034100 0.033300 0.004600 0.044900 0.034100 0.011700 0.036700 0.031800 0.031800 0.039100 0.045000 0.040600 0.029200 0.002300 0.039000 0.029200 0.044900 0.049700 0.029200 0.036600 0.040400 0.000000 0.041500 0.000000 0.047200 0.031700 0.059200 0.039900 0.046400 0.009400 0.029300 0.047500 0.039400 0.057900 0.044900 0.036600 0.047300 0.052500 0.007000 0.036600 0.028400 0.044100 0.024300 0.048100 0.004600 0.007000
Gerenuk 0.018900 0.102600 0.039200 0.084100 0.026100 0.016600 0.028600 0.021300 0.046500 0.053200 0.018900 0.034200 0.026100 0.026200 0.026200 0.002300 0.053300 0.053200 0.019000 0.044000 0.019000 0.018900 0.045900 0.055900 0.018900 0.014200 0.028600 0.041500 0.000000 0.041600 0.055500 0.026200 0.065500 0.028600 0.026000 0.031800 0.018900 0.028600 0.024400 0.061500 0.048200 0.014200 0.055600 0.053300 0.034300 0.021300 0.019500 0.038300 0.018900 0.055900 0.041600 0.043900
CommonElan 0.029300 0.098500 0.002300 0.074900 0.044100 0.026900 0.034200 0.033200 0.004600 0.044900 0.034200 0.011700 0.036700 0.031900 0.031900 0.039100 0.045400 0.040600 0.029300 0.002300 0.039100 0.029300 0.045000 0.050100 0.029300 0.036700 0.040000 0.000000 0.041600 0.000000 0.047200 0.031800 0.059300 0.039300 0.046500 0.009300 0.029400 0.047800 0.039600 0.058300 0.045000 0.036700 0.047400 0.052900 0.007000 0.036700 0.028400 0.044200 0.024300 0.048100 0.004600 0.007000
MuntiacusR 0.048000 0.085900 0.044600 0.063600 0.050800 0.045600 0.051000 0.045400 0.052200 0.002300 0.048000 0.044200 0.055500 0.050700 0.050600 0.058100 0.016400 0.028200 0.048100 0.050100 0.055600 0.048600 0.014000 0.011900 0.043100 0.055600 0.058900 0.047200 0.055500 0.047200 0.000000 0.050600 0.050000 0.058900 0.060300 0.041700 0.048100 0.060700 0.056000 0.024000 0.014000 0.055500 0.004600 0.014300 0.039200 0.055500 0.048300 0.058100 0.047900 0.035700 0.052300 0.049600
HarveysDui 0.011800 0.105600 0.034300 0.079200 0.023800 0.009400 0.007100 0.021300 0.036700 0.048300 0.016500 0.029300 0.019000 0.004700 0.019000 0.023800 0.048400 0.048300 0.011800 0.034200 0.023800 0.011800 0.048500 0.051700 0.011800 0.021400 0.021400 0.031700 0.026200 0.031800 0.050600 0.000000 0.058100 0.021400 0.023700 0.026900 0.011800 0.026200 0.024300 0.059300 0.048200 0.021400 0.050700 0.049300 0.024400 0.019000 0.016500 0.031100 0.007100 0.053500 0.036700 0.039100
Pronghorn 0.055400 0.101400 0.056800 0.083300 0.073100 0.053000 0.060500 0.062800 0.064200 0.047600 0.055400 0.056600 0.062900 0.058100 0.058100 0.063100 0.047700 0.047600 0.055500 0.061800 0.063100 0.055400 0.050200 0.048400 0.050400 0.060500 0.065600 0.059200 0.065500 0.059300 0.050000 0.058100 0.000000 0.065500 0.075100 0.054200 0.050500 0.075800 0.066500 0.055800 0.050000 0.060400 0.050000 0.050900 0.051700 0.062900 0.061200 0.067400 0.055400 0.065200 0.064300 0.066700
BlueWildeb 0.014100 0.103500 0.036800 0.081700 0.035800 0.011800 0.023800 0.023700 0.039100 0.056600 0.018900 0.036700 0.007000 0.021400 0.021400 0.026200 0.055800 0.048300 0.014200 0.041600 0.026200 0.014100 0.056700 0.059300 0.014100 0.023800 0.004700 0.039900 0.028600 0.039300 0.058900 0.021400 0.065500 0.000000 0.021200 0.034400 0.014200 0.038400 0.026700 0.066900 0.056500 0.023700 0.059000 0.056900 0.031800 0.021300 0.021800 0.028600 0.014100 0.056000 0.044200 0.046600
Gemsbok 0.021200 0.103100 0.044000 0.089800 0.033300 0.018900 0.030900 0.026000 0.046300 0.058000 0.021200 0.038900 0.018800 0.028500 0.028500 0.028500 0.058100 0.055500 0.021300 0.048900 0.028500 0.021200 0.053100 0.059900 0.021200 0.026000 0.021200 0.046400 0.026000 0.046500 0.060300 0.023700 0.075100 0.021200 0.000000 0.036600 0.021200 0.035800 0.026600 0.067500 0.054300 0.026000 0.060400 0.057400 0.039000 0.023600 0.024100 0.035700 0.021200 0.058200 0.046500 0.048800
Yak 0.024400 0.093100 0.011700 0.069600 0.034300 0.022000 0.029300 0.023600 0.014000 0.039400 0.024400 0.002300 0.031900 0.026900 0.027000 0.029400 0.040300 0.035600 0.024400 0.011700 0.029300 0.024500 0.034400 0.043200 0.024500 0.027000 0.035100 0.009400 0.031800 0.009300 0.041700 0.026900 0.054200 0.034400 0.036600 0.000000 0.024500 0.037700 0.029800 0.052000 0.034300 0.026900 0.041900 0.046500 0.002300 0.027000 0.018800 0.039300 0.019500 0.043100 0.009300 0.011700
BlueSheep 0.004700 0.097500 0.026900 0.071300 0.026100 0.002300 0.014200 0.014100 0.034200 0.045700 0.009400 0.026900 0.011800 0.011800 0.011800 0.016600 0.045800 0.040800 0.004700 0.031800 0.016600 0.004700 0.045900 0.049200 0.004700 0.014200 0.014200 0.029300 0.018900 0.029400 0.048100 0.011800 0.050500 0.014200 0.021200 0.024500 0.000000 0.028600 0.017000 0.056800 0.045700 0.014200 0.048100 0.046800 0.022000 0.011800 0.012100 0.023800 0.004700 0.045900 0.034300 0.036600
BohorReedb 0.028600 0.119200 0.050300 0.097700 0.011800 0.026200 0.028600 0.031000 0.052600 0.058400 0.028600 0.040000 0.035900 0.026200 0.031000 0.031100 0.058500 0.063400 0.028600 0.050000 0.033500 0.028500 0.054400 0.059200 0.028500 0.028600 0.038400 0.047500 0.028600 0.047800 0.060700 0.026200 0.075800 0.038400 0.035800 0.037700 0.028600 0.000000 0.034100 0.066900 0.054200 0.028600 0.060800 0.056800 0.040100 0.028600 0.026100 0.038300 0.023700 0.068900 0.047800 0.050100
KirksDik 0.016900 0.108900 0.037100 0.082100 0.031700 0.014500 0.026700 0.017000 0.044400 0.053700 0.016900 0.032200 0.024300 0.024300 0.024300 0.021800 0.054000 0.051200 0.017000 0.042000 0.019400 0.016900 0.048900 0.055500 0.016900 0.019500 0.026700 0.039400 0.024400 0.039600 0.056000 0.024300 0.066500 0.026700 0.026600 0.029800 0.017000 0.034100 0.000000 0.063400 0.048700 0.019500 0.056100 0.052900 0.032200 0.019400 0.014900 0.036600 0.016900 0.054000 0.039600 0.041900
RoeDeer 0.056700 0.096800 0.055600 0.080000 0.060100 0.054200 0.059800 0.058500 0.063300 0.021700 0.055100 0.054600 0.064200 0.059300 0.056000 0.063900 0.031200 0.043300 0.056700 0.061500 0.063500 0.057600 0.022500 0.011600 0.051600 0.061700 0.065800 0.057900 0.061500 0.058300 0.024000 0.059300 0.055800 0.066900 0.067500 0.052000 0.056800 0.066900 0.063400 0.000000 0.024500 0.061500 0.024100 0.014000 0.051300 0.063100 0.055400 0.072000 0.056500 0.050600 0.061900 0.064200
WhiteLippe 0.045600 0.091300 0.042300 0.066300 0.043500 0.043200 0.048700 0.043000 0.049900 0.011600 0.040700 0.036800 0.053100 0.048200 0.049000 0.050700 0.019100 0.031100 0.045700 0.047700 0.048200 0.046200 0.004700 0.012200 0.040700 0.048200 0.057500 0.044900 0.048200 0.045000 0.014000 0.048200 0.050000 0.056500 0.054300 0.034300 0.045700 0.054200 0.048700 0.024500 0.000000 0.048100 0.014000 0.014500 0.036900 0.048100 0.041100 0.061800 0.045500 0.043100 0.044900 0.047300
ThomsonGaz 0.014100 0.108000 0.034200 0.081500 0.026100 0.011800 0.023700 0.016500 0.041500 0.053100 0.014100 0.029200 0.021300 0.021400 0.021400 0.011800 0.053200 0.048100 0.014200 0.039000 0.019000 0.014100 0.048300 0.055800 0.014100 0.004700 0.023800 0.036600 0.014200 0.036700 0.055500 0.021400 0.060400 0.023700 0.026000 0.026900 0.014200 0.028600 0.019500 0.061500 0.048100 0.000000 0.055500 0.053300 0.029300 0.016500 0.014600 0.033400 0.014100 0.053400 0.036700 0.039000
MuntiacusC 0.048000 0.086000 0.044800 0.063600 0.050900 0.045600 0.051100 0.050400 0.052400 0.002300 0.048000 0.044400 0.055500 0.050700 0.050600 0.058100 0.016400 0.028200 0.048100 0.050300 0.055600 0.048700 0.014000 0.012000 0.043100 0.055600 0.059000 0.047300 0.055600 0.047400 0.004600 0.050700 0.050000 0.059000 0.060400 0.041900 0.048100 0.060800 0.056100 0.024100 0.014000 0.055500 0.000000 0.014400 0.039400 0.055500 0.048400 0.058200 0.048000 0.035700 0.052500 0.049800
WhiteTaile 0.046700 0.089200 0.050200 0.064300 0.047900 0.044300 0.049700 0.048100 0.057900 0.012000 0.045100 0.048700 0.054200 0.049400 0.046100 0.055800 0.021500 0.033500 0.046700 0.056100 0.053300 0.047500 0.014500 0.002300 0.041700 0.053500 0.055900 0.052500 0.053300 0.052900 0.014300 0.049300 0.050900 0.056900 0.057400 0.046500 0.046800 0.056800 0.052900 0.014000 0.014500 0.053300 0.014400 0.000000 0.045500 0.052700 0.045400 0.061900 0.046600 0.044500 0.056300 0.058700
Cattle 0.021900 0.090500 0.009400 0.067000 0.036700 0.019500 0.026800 0.026000 0.011700 0.036900 0.026800 0.004700 0.029300 0.024400 0.024500 0.031800 0.037600 0.033200 0.021900 0.009300 0.031700 0.022000 0.037000 0.042700 0.022000 0.029400 0.032500 0.007000 0.034300 0.007000 0.039200 0.024400 0.051700 0.031800 0.039000 0.002300 0.022000 0.040100 0.032200 0.051300 0.036900 0.029300 0.039400 0.045500 0.000000 0.029400 0.021200 0.036800 0.017000 0.040600 0.011700 0.014000
RoyalAntel 0.011700 0.105300 0.034200 0.079100 0.026100 0.009400 0.021300 0.016500 0.041600 0.053100 0.011800 0.029300 0.018900 0.019000 0.016500 0.018900 0.053200 0.048100 0.011800 0.039200 0.019000 0.011800 0.048300 0.055100 0.011800 0.016500 0.021300 0.036600 0.021300 0.036700 0.055500 0.019000 0.062900 0.021300 0.023600 0.027000 0.011800 0.028600 0.019400 0.063100 0.048100 0.016500 0.055500 0.052700 0.029400 0.000000 0.014500 0.028600 0.011700 0.053400 0.036700 0.039000
Steenbok 0.012100 0.104100 0.028900 0.076700 0.023700 0.009600 0.018900 0.007300 0.033200 0.046000 0.012100 0.021200 0.019400 0.016500 0.019400 0.016900 0.046300 0.043800 0.012100 0.030800 0.014600 0.012100 0.041300 0.047900 0.012100 0.014700 0.021700 0.028400 0.019500 0.028400 0.048300 0.016500 0.061200 0.021800 0.024100 0.018800 0.012100 0.026100 0.014900 0.055400 0.041100 0.014600 0.048400 0.045400 0.021200 0.014500 0.000000 0.031600 0.009400 0.046400 0.028400 0.031500
Impala 0.023700 0.108200 0.041700 0.085200 0.035800 0.021300 0.033500 0.033400 0.044100 0.055800 0.028500 0.041700 0.026100 0.031100 0.021300 0.035900 0.060900 0.053300 0.023800 0.046600 0.036700 0.023700 0.060900 0.064400 0.023700 0.033500 0.028600 0.044100 0.038300 0.044200 0.058100 0.031100 0.067400 0.028600 0.035700 0.039300 0.023800 0.038300 0.036600 0.072000 0.061800 0.033400 0.058200 0.061900 0.036800 0.028600 0.031600 0.000000 0.023700 0.058500 0.044200 0.046500
Klipspring 0.004700 0.097400 0.026800 0.071200 0.021300 0.002300 0.009400 0.014100 0.029200 0.045600 0.009400 0.021900 0.011700 0.007100 0.011800 0.016500 0.045700 0.040700 0.004700 0.026800 0.016600 0.004700 0.045700 0.049000 0.004700 0.014100 0.014100 0.024300 0.018900 0.024300 0.047900 0.007100 0.055400 0.014100 0.021200 0.019500 0.004700 0.023700 0.016900 0.056500 0.045500 0.014100 0.048000 0.046600 0.017000 0.011700 0.009400 0.023700 0.000000 0.045800 0.029200 0.031600
ForestMusk 0.045800 0.090700 0.045700 0.072200 0.064100 0.043500 0.056000 0.048200 0.053000 0.033400 0.045800 0.045600 0.053400 0.053500 0.048500 0.053500 0.040700 0.038200 0.046000 0.050500 0.053300 0.045800 0.038300 0.041900 0.040900 0.053400 0.056100 0.048100 0.055900 0.048100 0.035700 0.053500 0.065200 0.056000 0.058200 0.043100 0.045900 0.068900 0.054000 0.050600 0.043100 0.053400 0.035700 0.044500 0.040600 0.053400 0.046400 0.058500 0.045800 0.000000 0.053100 0.052900
Bushbuck 0.034200 0.103800 0.007000 0.080000 0.044100 0.031800 0.039100 0.033200 0.009300 0.050000 0.034200 0.011700 0.041700 0.036800 0.037100 0.039100 0.050600 0.045400 0.034200 0.007000 0.039100 0.034200 0.045000 0.053500 0.034200 0.036700 0.045000 0.004600 0.041600 0.004600 0.052300 0.036700 0.064300 0.044200 0.046500 0.009300 0.034300 0.047800 0.039600 0.061900 0.044900 0.036700 0.052500 0.056300 0.011700 0.036700 0.028400 0.044200 0.029200 0.053100 0.000000 0.007000
GreaterKud 0.036500 0.106200 0.009300 0.082400 0.046500 0.034100 0.041500 0.035600 0.011600 0.047300 0.036500 0.014000 0.044000 0.039200 0.039400 0.041500 0.053000 0.047800 0.036600 0.009300 0.041400 0.036500 0.047400 0.055800 0.036500 0.039000 0.047300 0.007000 0.043900 0.007000 0.049600 0.039100 0.066700 0.046600 0.048800 0.011700 0.036600 0.050100 0.041900 0.064200 0.047300 0.039000 0.049800 0.058700 0.014000 0.039000 0.031500 0.046500 0.031600 0.052900 0.007000 0.000000
