CODONML (in paml version 4.10.7, June 2023)  /home/rachel/ruminants_paml/6406-phy-tree/ENSBTAT00000057451.fasta.phy
Model: free dN/dS Ratios for branches,  kappa = 2.000 fixed

Codon frequency model: F3x4
ns =  54  ls =  64

Codon usage in sequences
--------------------------------------------------------------------------------------------------------------------------------------
Phe TTT   2   1   2   2   2   1 | Ser TCT   3   2   3   3   4   3 | Tyr TAT   2   2   2   2   1   1 | Cys TGT   0   0   0   0   0   0
    TTC   4   5   4   4   4   5 |     TCC   1   2   1   1   1   2 |     TAC   0   0   0   0   1   1 |     TGC   0   0   0   0   0   0
Leu TTA   1   1   1   1   0   1 |     TCA   1   1   1   2   0   0 | *** TAA   0   0   0   0   0   0 | *** TGA   0   0   0   0   0   0
    TTG   1   0   1   1   1   0 |     TCG   1   1   1   0   1   1 |     TAG   0   0   0   0   0   0 | Trp TGG   2   2   2   2   2   2
--------------------------------------------------------------------------------------------------------------------------------------
Leu CTT   3   2   3   3   2   3 | Pro CCT   5   4   4   3   4   4 | His CAT   0   0   0   0   0   0 | Arg CGT   0   0   0   0   0   0
    CTC   1   2   1   1   3   1 |     CCC   0   1   1   1   1   1 |     CAC   0   0   0   0   0   0 |     CGC   0   0   0   0   0   0
    CTA   0   0   0   0   0   1 |     CCA   0   0   0   0   0   0 | Gln CAA   2   2   2   2   2   2 |     CGA   0   0   0   0   0   1
    CTG   3   4   3   3   3   3 |     CCG   0   0   0   1   0   0 |     CAG   1   1   1   1   1   1 |     CGG   0   0   0   0   0   0
--------------------------------------------------------------------------------------------------------------------------------------
Ile ATT   1   1   0   1   2   1 | Thr ACT   0   0   0   0   0   0 | Asn AAT   0   0   0   0   0   0 | Ser AGT   0   0   0   0   0   0
    ATC   3   3   4   3   2   3 |     ACC   0   0   0   0   0   0 |     AAC   0   0   0   0   0   0 |     AGC   0   0   0   0   0   0
    ATA   0   0   0   0   0   0 |     ACA   0   0   0   0   0   0 | Lys AAA   1   0   1   1   0   0 | Arg AGA   1   1   1   1   2   0
Met ATG   0   0   0   0   0   0 |     ACG   0   0   0   0   0   0 |     AAG   0   1   0   0   1   1 |     AGG   1   1   1   1   0   1
--------------------------------------------------------------------------------------------------------------------------------------
Val GTT   0   0   0   0   0   0 | Ala GCT   1   1   1   1   1   1 | Asp GAT   1   1   1   1   1   2 | Gly GGT   2   1   2   2   2   3
    GTC   0   0   0   0   0   0 |     GCC   2   2   2   2   2   2 |     GAC   1   1   1   1   1   0 |     GGC   1   2   1   1   1   1
    GTA   0   0   0   0   0   0 |     GCA   2   2   3   2   2   4 | Glu GAA   5   5   5   5   2   5 |     GGA   0   0   0   0   0   0
    GTG   2   2   2   2   2   2 |     GCG   2   2   1   2   2   0 |     GAG   3   3   3   3   6   3 |     GGG   2   2   2   2   2   1
--------------------------------------------------------------------------------------------------------------------------------------

--------------------------------------------------------------------------------------------------------------------------------------
Phe TTT   2   2   2   2   2   2 | Ser TCT   3   3   3   3   3   3 | Tyr TAT   2   2   2   2   2   2 | Cys TGT   0   0   0   0   0   0
    TTC   4   4   4   4   4   4 |     TCC   1   1   1   1   1   1 |     TAC   0   0   0   0   0   0 |     TGC   0   0   0   0   0   0
Leu TTA   1   1   1   1   1   1 |     TCA   1   1   1   1   1   1 | *** TAA   0   0   0   0   0   0 | *** TGA   0   0   0   0   0   0
    TTG   1   1   1   1   1   1 |     TCG   1   1   1   1   1   1 |     TAG   0   0   0   0   0   0 | Trp TGG   2   2   2   2   2   2
--------------------------------------------------------------------------------------------------------------------------------------
Leu CTT   3   3   3   3   3   3 | Pro CCT   4   5   4   4   4   4 | His CAT   0   0   0   0   0   0 | Arg CGT   0   0   0   0   0   0
    CTC   1   1   1   1   1   1 |     CCC   1   0   1   1   1   1 |     CAC   0   0   0   0   0   0 |     CGC   0   0   0   0   0   0
    CTA   1   0   0   1   0   0 |     CCA   0   0   0   0   0   0 | Gln CAA   2   2   2   2   2   2 |     CGA   0   0   0   0   0   0
    CTG   2   3   3   2   3   3 |     CCG   0   0   0   0   0   0 |     CAG   1   1   1   1   1   1 |     CGG   0   0   0   0   0   0
--------------------------------------------------------------------------------------------------------------------------------------
Ile ATT   1   1   1   2   0   1 | Thr ACT   0   0   0   0   0   0 | Asn AAT   0   0   0   0   0   0 | Ser AGT   0   0   0   0   0   0
    ATC   3   3   3   2   4   3 |     ACC   0   0   0   0   0   0 |     AAC   0   0   0   0   0   0 |     AGC   0   0   0   0   0   0
    ATA   0   0   0   0   0   0 |     ACA   0   0   0   0   0   0 | Lys AAA   1   1   1   1   1   1 | Arg AGA   1   1   1   1   1   1
Met ATG   0   0   0   0   0   0 |     ACG   0   0   0   0   0   0 |     AAG   0   0   0   0   0   0 |     AGG   1   1   1   1   1   1
--------------------------------------------------------------------------------------------------------------------------------------
Val GTT   0   0   0   0   0   0 | Ala GCT   1   1   1   1   1   1 | Asp GAT   1   1   1   1   1   1 | Gly GGT   2   2   2   2   2   2
    GTC   0   0   0   0   0   0 |     GCC   2   2   2   2   2   2 |     GAC   1   1   1   1   1   1 |     GGC   1   1   1   1   1   1
    GTA   0   0   0   1   0   0 |     GCA   2   3   2   2   2   2 | Glu GAA   5   5   5   5   5   5 |     GGA   0   0   1   0   0   0
    GTG   2   2   2   1   2   2 |     GCG   2   1   2   2   2   2 |     GAG   3   3   3   3   3   3 |     GGG   2   2   1   2   2   2
--------------------------------------------------------------------------------------------------------------------------------------

--------------------------------------------------------------------------------------------------------------------------------------
Phe TTT   2   2   2   2   2   2 | Ser TCT   3   3   3   3   3   3 | Tyr TAT   2   2   2   2   2   2 | Cys TGT   0   0   0   0   0   0
    TTC   4   4   4   4   4   4 |     TCC   1   1   1   1   1   1 |     TAC   0   0   0   0   0   0 |     TGC   0   0   0   0   0   0
Leu TTA   1   1   1   1   1   1 |     TCA   1   1   1   1   1   1 | *** TAA   0   0   0   0   0   0 | *** TGA   0   0   0   0   0   0
    TTG   1   1   1   1   1   1 |     TCG   1   1   1   1   1   1 |     TAG   0   0   0   0   0   0 | Trp TGG   2   2   2   2   2   2
--------------------------------------------------------------------------------------------------------------------------------------
Leu CTT   3   3   2   3   3   3 | Pro CCT   4   4   4   4   4   4 | His CAT   0   0   0   0   0   0 | Arg CGT   0   0   0   0   0   0
    CTC   1   1   2   1   1   1 |     CCC   1   1   1   1   1   1 |     CAC   0   0   0   0   0   0 |     CGC   0   0   0   0   0   0
    CTA   0   0   0   0   0   1 |     CCA   0   0   0   0   0   0 | Gln CAA   2   2   2   2   2   2 |     CGA   0   0   0   0   0   0
    CTG   3   3   3   3   3   2 |     CCG   0   0   0   0   0   0 |     CAG   1   1   1   1   1   1 |     CGG   0   0   0   0   0   0
--------------------------------------------------------------------------------------------------------------------------------------
Ile ATT   1   1   1   1   1   1 | Thr ACT   0   0   0   0   0   0 | Asn AAT   0   0   0   0   0   0 | Ser AGT   0   0   0   0   0   0
    ATC   3   3   3   3   3   3 |     ACC   0   0   0   0   0   0 |     AAC   0   0   0   0   0   0 |     AGC   0   0   0   0   0   0
    ATA   0   0   0   0   0   0 |     ACA   0   0   0   0   0   0 | Lys AAA   1   1   1   1   1   1 | Arg AGA   1   1   1   1   1   1
Met ATG   0   0   0   0   0   0 |     ACG   0   0   0   0   0   0 |     AAG   0   0   0   0   0   0 |     AGG   1   1   1   1   1   1
--------------------------------------------------------------------------------------------------------------------------------------
Val GTT   0   0   0   0   0   0 | Ala GCT   1   1   1   1   1   1 | Asp GAT   1   1   1   1   1   1 | Gly GGT   2   2   2   2   2   2
    GTC   0   0   0   0   0   0 |     GCC   2   2   2   2   2   2 |     GAC   1   1   1   1   1   1 |     GGC   1   1   1   1   1   1
    GTA   0   0   0   0   0   0 |     GCA   2   2   2   2   2   2 | Glu GAA   5   5   5   5   5   5 |     GGA   0   0   0   0   0   0
    GTG   2   2   2   2   2   2 |     GCG   2   2   2   2   2   2 |     GAG   3   3   3   3   3   3 |     GGG   2   2   2   2   2   2
--------------------------------------------------------------------------------------------------------------------------------------

--------------------------------------------------------------------------------------------------------------------------------------
Phe TTT   2   3   2   2   2   2 | Ser TCT   3   3   3   3   3   3 | Tyr TAT   2   2   2   2   2   2 | Cys TGT   0   0   0   0   0   0
    TTC   4   3   4   4   4   4 |     TCC   1   1   1   1   1   1 |     TAC   0   0   0   0   0   0 |     TGC   0   0   0   0   0   0
Leu TTA   1   1   1   1   0   1 |     TCA   1   1   2   1   1   1 | *** TAA   0   0   0   0   0   0 | *** TGA   0   0   0   0   0   0
    TTG   1   1   1   1   2   1 |     TCG   1   1   0   1   1   1 |     TAG   0   0   0   0   0   0 | Trp TGG   2   2   2   2   2   2
--------------------------------------------------------------------------------------------------------------------------------------
Leu CTT   3   3   3   3   3   3 | Pro CCT   4   4   4   4   4   4 | His CAT   0   0   0   0   0   0 | Arg CGT   0   0   0   0   0   0
    CTC   1   1   1   1   1   1 |     CCC   1   1   1   1   1   1 |     CAC   0   0   0   0   0   0 |     CGC   0   0   0   0   0   0
    CTA   0   0   0   0   1   0 |     CCA   0   0   0   0   0   0 | Gln CAA   2   2   2   2   2   1 |     CGA   0   0   0   0   0   0
    CTG   3   3   3   3   2   3 |     CCG   0   0   0   0   0   0 |     CAG   1   1   1   1   1   2 |     CGG   0   0   0   0   0   0
--------------------------------------------------------------------------------------------------------------------------------------
Ile ATT   2   2   1   0   1   1 | Thr ACT   0   0   0   0   0   0 | Asn AAT   0   0   0   0   0   0 | Ser AGT   0   0   0   0   0   0
    ATC   2   2   3   4   3   3 |     ACC   0   0   0   0   0   0 |     AAC   0   0   0   0   0   0 |     AGC   0   0   0   0   0   0
    ATA   0   0   0   0   0   0 |     ACA   0   0   0   0   0   0 | Lys AAA   1   1   1   1   1   1 | Arg AGA   1   1   2   1   1   1
Met ATG   0   0   0   0   0   0 |     ACG   0   0   0   0   0   0 |     AAG   0   0   0   0   0   0 |     AGG   1   1   0   1   1   1
--------------------------------------------------------------------------------------------------------------------------------------
Val GTT   0   0   0   0   0   0 | Ala GCT   1   1   1   1   1   1 | Asp GAT   1   1   1   1   1   1 | Gly GGT   2   2   2   2   2   2
    GTC   0   0   0   0   0   0 |     GCC   2   2   2   2   2   2 |     GAC   1   1   1   1   1   1 |     GGC   1   1   1   1   1   1
    GTA   0   0   0   0   0   0 |     GCA   2   2   2   2   2   2 | Glu GAA   5   5   5   5   5   5 |     GGA   0   0   0   0   0   0
    GTG   2   2   2   2   2   2 |     GCG   2   2   2   2   2   2 |     GAG   3   3   3   3   3   3 |     GGG   2   2   2   2   2   2
--------------------------------------------------------------------------------------------------------------------------------------

--------------------------------------------------------------------------------------------------------------------------------------
Phe TTT   2   2   2   2   2   2 | Ser TCT   3   3   3   3   3   3 | Tyr TAT   2   2   2   2   2   2 | Cys TGT   0   0   0   0   0   0
    TTC   4   4   4   4   4   4 |     TCC   1   1   1   1   1   1 |     TAC   0   0   0   0   0   0 |     TGC   0   0   0   0   0   0
Leu TTA   1   1   1   1   1   1 |     TCA   2   1   1   1   1   1 | *** TAA   0   0   0   0   0   0 | *** TGA   0   0   0   0   0   0
    TTG   1   1   1   1   1   1 |     TCG   0   1   1   1   1   1 |     TAG   0   0   0   0   0   0 | Trp TGG   2   2   2   2   2   2
--------------------------------------------------------------------------------------------------------------------------------------
Leu CTT   3   3   3   3   2   3 | Pro CCT   4   4   4   4   4   4 | His CAT   0   0   0   0   0   0 | Arg CGT   0   0   0   0   0   0
    CTC   1   1   1   1   2   1 |     CCC   1   1   1   1   1   1 |     CAC   0   0   0   0   0   0 |     CGC   0   0   0   0   0   0
    CTA   0   0   0   1   0   0 |     CCA   0   0   0   0   0   0 | Gln CAA   2   2   2   2   2   2 |     CGA   0   0   0   0   0   0
    CTG   3   3   3   2   3   3 |     CCG   0   0   0   0   0   0 |     CAG   1   1   1   1   1   1 |     CGG   0   0   0   0   0   0
--------------------------------------------------------------------------------------------------------------------------------------
Ile ATT   1   1   1   1   1   0 | Thr ACT   0   0   0   0   0   0 | Asn AAT   0   0   0   0   0   0 | Ser AGT   0   0   0   0   0   0
    ATC   3   3   3   3   3   4 |     ACC   0   0   0   0   0   0 |     AAC   0   0   0   0   0   0 |     AGC   0   0   0   0   0   0
    ATA   0   0   0   0   0   0 |     ACA   0   0   0   0   0   0 | Lys AAA   1   1   1   1   1   1 | Arg AGA   1   1   1   1   1   1
Met ATG   0   0   0   0   0   0 |     ACG   0   0   0   0   0   0 |     AAG   0   0   0   0   0   0 |     AGG   1   1   1   1   1   1
--------------------------------------------------------------------------------------------------------------------------------------
Val GTT   0   0   0   0   0   0 | Ala GCT   1   1   1   1   1   1 | Asp GAT   1   1   1   1   1   1 | Gly GGT   2   2   2   2   2   2
    GTC   0   0   0   0   0   0 |     GCC   3   2   2   2   2   2 |     GAC   1   1   1   1   1   1 |     GGC   1   1   1   1   1   1
    GTA   0   0   0   0   0   0 |     GCA   2   2   2   2   2   2 | Glu GAA   5   5   5   5   5   5 |     GGA   0   1   0   0   0   0
    GTG   2   2   2   2   2   2 |     GCG   1   2   2   2   2   2 |     GAG   3   3   3   3   3   3 |     GGG   2   1   2   2   2   2
--------------------------------------------------------------------------------------------------------------------------------------

--------------------------------------------------------------------------------------------------------------------------------------
Phe TTT   2   2   2   2   2   2 | Ser TCT   3   3   3   3   3   3 | Tyr TAT   2   2   2   2   2   2 | Cys TGT   0   0   0   0   0   0
    TTC   4   4   4   4   4   4 |     TCC   1   1   1   1   1   1 |     TAC   0   0   0   0   0   0 |     TGC   0   0   0   0   0   0
Leu TTA   1   1   1   1   1   1 |     TCA   1   1   1   1   1   1 | *** TAA   0   0   0   0   0   0 | *** TGA   0   0   0   0   0   0
    TTG   1   1   1   1   1   1 |     TCG   1   1   1   1   1   1 |     TAG   0   0   0   0   0   0 | Trp TGG   2   2   2   2   2   2
--------------------------------------------------------------------------------------------------------------------------------------
Leu CTT   3   3   3   3   3   3 | Pro CCT   4   4   4   4   4   4 | His CAT   0   0   0   0   0   0 | Arg CGT   0   0   0   0   0   0
    CTC   1   1   1   1   1   1 |     CCC   1   1   1   1   1   1 |     CAC   0   0   0   0   0   0 |     CGC   0   0   0   0   0   0
    CTA   1   0   0   0   0   0 |     CCA   0   0   0   0   0   0 | Gln CAA   2   2   2   2   2   2 |     CGA   0   0   0   0   0   0
    CTG   2   3   3   3   3   3 |     CCG   0   0   0   0   0   0 |     CAG   1   1   1   1   1   1 |     CGG   0   0   0   0   0   0
--------------------------------------------------------------------------------------------------------------------------------------
Ile ATT   2   0   1   1   1   1 | Thr ACT   0   0   0   0   0   0 | Asn AAT   0   0   0   0   0   0 | Ser AGT   0   0   0   0   0   0
    ATC   2   4   3   3   3   3 |     ACC   0   0   0   0   0   0 |     AAC   0   0   0   0   0   0 |     AGC   0   0   0   0   0   0
    ATA   0   0   0   0   0   0 |     ACA   0   0   0   0   0   0 | Lys AAA   1   1   1   1   1   1 | Arg AGA   1   1   1   1   1   1
Met ATG   0   0   0   0   0   0 |     ACG   0   0   0   0   0   0 |     AAG   0   0   0   0   0   0 |     AGG   1   1   1   1   1   1
--------------------------------------------------------------------------------------------------------------------------------------
Val GTT   0   0   0   0   0   0 | Ala GCT   1   1   1   1   1   1 | Asp GAT   1   1   1   1   1   1 | Gly GGT   2   2   2   2   1   2
    GTC   0   0   0   0   0   0 |     GCC   2   2   2   2   2   2 |     GAC   1   1   1   1   1   1 |     GGC   1   1   1   1   2   1
    GTA   1   0   0   0   0   0 |     GCA   2   2   3   2   2   2 | Glu GAA   5   5   5   5   5   5 |     GGA   0   0   0   0   1   0
    GTG   1   2   2   2   2   2 |     GCG   2   2   1   2   2   2 |     GAG   3   3   3   3   3   3 |     GGG   2   2   2   2   1   2
--------------------------------------------------------------------------------------------------------------------------------------

--------------------------------------------------------------------------------------------------------------------------------------
Phe TTT   2   2   2   2   2   2 | Ser TCT   3   3   3   3   3   3 | Tyr TAT   2   2   2   2   2   2 | Cys TGT   0   0   0   0   0   0
    TTC   4   4   4   4   4   4 |     TCC   1   1   1   1   1   1 |     TAC   0   0   0   0   0   0 |     TGC   0   0   0   0   0   0
Leu TTA   1   1   1   1   1   1 |     TCA   1   1   1   1   1   2 | *** TAA   0   0   0   0   0   0 | *** TGA   0   0   0   0   0   0
    TTG   1   1   1   2   1   1 |     TCG   1   1   1   1   1   0 |     TAG   0   0   0   0   0   0 | Trp TGG   2   2   2   2   2   2
--------------------------------------------------------------------------------------------------------------------------------------
Leu CTT   3   2   3   3   3   3 | Pro CCT   4   3   4   4   4   4 | His CAT   0   0   0   0   0   0 | Arg CGT   0   0   0   0   0   0
    CTC   1   2   1   1   1   1 |     CCC   1   1   1   1   1   1 |     CAC   0   0   0   0   0   0 |     CGC   0   0   0   0   0   0
    CTA   0   0   0   0   0   0 |     CCA   0   1   0   0   0   0 | Gln CAA   2   2   1   2   2   2 |     CGA   0   0   0   0   0   0
    CTG   3   3   3   2   3   3 |     CCG   0   0   0   0   0   0 |     CAG   1   1   2   1   1   1 |     CGG   0   0   0   0   0   0
--------------------------------------------------------------------------------------------------------------------------------------
Ile ATT   1   1   1   1   1   1 | Thr ACT   0   0   0   0   0   0 | Asn AAT   0   0   0   0   0   0 | Ser AGT   0   0   0   0   0   0
    ATC   3   3   3   3   3   3 |     ACC   0   0   0   0   0   0 |     AAC   0   0   0   0   0   0 |     AGC   0   0   0   0   0   0
    ATA   0   0   0   0   0   0 |     ACA   0   0   0   0   0   0 | Lys AAA   1   1   1   1   1   1 | Arg AGA   1   1   1   1   1   1
Met ATG   0   0   0   0   0   0 |     ACG   0   0   0   0   0   0 |     AAG   0   0   0   0   0   0 |     AGG   1   1   1   1   1   1
--------------------------------------------------------------------------------------------------------------------------------------
Val GTT   0   0   0   0   0   0 | Ala GCT   1   1   1   1   1   1 | Asp GAT   1   1   1   1   1   1 | Gly GGT   2   2   2   2   2   2
    GTC   0   0   0   0   0   0 |     GCC   2   2   2   2   2   2 |     GAC   1   1   1   1   1   1 |     GGC   1   1   1   1   1   1
    GTA   0   0   0   0   0   0 |     GCA   2   2   2   2   2   2 | Glu GAA   5   5   5   5   5   5 |     GGA   0   0   0   0   0   1
    GTG   2   2   2   2   2   2 |     GCG   2   2   2   2   2   2 |     GAG   3   3   3   3   3   3 |     GGG   2   2   2   2   2   1
--------------------------------------------------------------------------------------------------------------------------------------

--------------------------------------------------------------------------------------------------------------------------------------
Phe TTT   2   2   2   2   2   2 | Ser TCT   3   3   3   3   3   3 | Tyr TAT   2   2   2   2   2   2 | Cys TGT   0   0   0   0   0   0
    TTC   4   4   4   4   4   4 |     TCC   1   1   1   1   1   1 |     TAC   0   0   0   0   0   0 |     TGC   0   0   0   0   0   0
Leu TTA   1   1   1   1   1   1 |     TCA   1   1   1   1   1   1 | *** TAA   0   0   0   0   0   0 | *** TGA   0   0   0   0   0   0
    TTG   1   1   1   1   1   1 |     TCG   1   1   1   1   1   1 |     TAG   0   0   0   0   0   0 | Trp TGG   2   2   2   2   2   2
--------------------------------------------------------------------------------------------------------------------------------------
Leu CTT   3   3   3   3   3   3 | Pro CCT   4   4   4   4   3   4 | His CAT   0   0   0   0   0   0 | Arg CGT   0   0   0   0   0   0
    CTC   1   1   1   1   1   1 |     CCC   1   1   1   1   1   1 |     CAC   0   0   0   0   0   0 |     CGC   0   0   0   0   0   0
    CTA   0   1   0   0   0   1 |     CCA   0   0   0   0   1   0 | Gln CAA   2   2   2   2   2   2 |     CGA   0   0   0   0   0   0
    CTG   3   2   3   3   3   2 |     CCG   0   0   0   0   0   0 |     CAG   1   1   1   1   1   1 |     CGG   0   0   0   0   0   0
--------------------------------------------------------------------------------------------------------------------------------------
Ile ATT   1   2   1   1   1   1 | Thr ACT   0   0   0   0   0   0 | Asn AAT   0   0   0   0   0   0 | Ser AGT   0   0   0   0   0   0
    ATC   3   2   3   3   3   3 |     ACC   0   0   0   0   0   0 |     AAC   0   0   0   0   0   0 |     AGC   0   0   0   0   0   0
    ATA   0   0   0   0   0   0 |     ACA   0   0   0   0   0   0 | Lys AAA   1   1   1   1   1   1 | Arg AGA   1   1   1   1   1   1
Met ATG   0   0   0   0   0   0 |     ACG   0   0   0   0   0   0 |     AAG   0   0   0   0   0   0 |     AGG   1   1   1   1   1   1
--------------------------------------------------------------------------------------------------------------------------------------
Val GTT   0   0   0   0   0   0 | Ala GCT   2   1   1   1   1   2 | Asp GAT   1   1   1   1   1   2 | Gly GGT   2   2   2   2   2   2
    GTC   0   0   0   0   0   0 |     GCC   2   2   2   2   2   1 |     GAC   1   1   1   1   1   0 |     GGC   1   1   1   1   1   1
    GTA   0   0   0   0   0   0 |     GCA   2   2   2   2   2   2 | Glu GAA   6   5   5   5   5   5 |     GGA   0   0   0   1   0   0
    GTG   2   2   2   2   2   2 |     GCG   1   2   2   2   2   2 |     GAG   2   3   3   3   3   3 |     GGG   2   2   2   1   2   2
--------------------------------------------------------------------------------------------------------------------------------------

--------------------------------------------------------------------------------------------------------------------------------------
Phe TTT   2   2   2   2   2   2 | Ser TCT   3   3   3   3   3   3 | Tyr TAT   2   1   2   2   2   2 | Cys TGT   0   0   0   0   0   0
    TTC   4   4   4   4   4   4 |     TCC   1   2   1   1   1   1 |     TAC   0   1   0   0   0   0 |     TGC   0   0   0   0   0   0
Leu TTA   1   1   1   1   1   1 |     TCA   1   0   1   2   1   1 | *** TAA   0   0   0   0   0   0 | *** TGA   0   0   0   0   0   0
    TTG   1   1   1   1   1   1 |     TCG   1   1   1   0   1   1 |     TAG   0   0   0   0   0   0 | Trp TGG   2   2   2   2   2   2
--------------------------------------------------------------------------------------------------------------------------------------
Leu CTT   3   3   3   3   3   3 | Pro CCT   4   4   4   3   4   4 | His CAT   0   0   0   0   0   0 | Arg CGT   0   0   0   0   0   0
    CTC   1   1   1   1   1   1 |     CCC   1   1   1   1   1   1 |     CAC   0   0   0   0   0   0 |     CGC   0   0   0   0   0   0
    CTA   0   0   0   0   0   0 |     CCA   0   0   0   0   0   0 | Gln CAA   2   2   2   2   2   2 |     CGA   0   0   0   0   0   0
    CTG   3   3   3   2   3   3 |     CCG   0   0   0   2   0   0 |     CAG   1   1   1   1   1   1 |     CGG   0   0   0   0   0   0
--------------------------------------------------------------------------------------------------------------------------------------
Ile ATT   1   1   1   1   0   0 | Thr ACT   0   0   0   0   0   0 | Asn AAT   0   0   0   0   0   0 | Ser AGT   0   0   0   0   0   0
    ATC   3   3   2   3   4   4 |     ACC   0   0   0   0   0   0 |     AAC   0   0   0   0   0   0 |     AGC   0   0   0   0   0   0
    ATA   0   0   0   0   0   0 |     ACA   0   0   0   0   0   0 | Lys AAA   1   1   1   2   1   1 | Arg AGA   1   1   1   1   1   1
Met ATG   0   0   0   0   0   0 |     ACG   0   0   0   0   0   0 |     AAG   0   0   0   0   0   0 |     AGG   1   1   1   1   1   1
--------------------------------------------------------------------------------------------------------------------------------------
Val GTT   0   0   0   0   0   0 | Ala GCT   1   1   1   1   1   1 | Asp GAT   1   1   1   1   1   1 | Gly GGT   2   2   2   2   2   2
    GTC   0   0   1   0   0   0 |     GCC   2   2   2   2   2   2 |     GAC   1   1   1   1   1   1 |     GGC   1   1   1   1   1   1
    GTA   0   0   0   0   0   0 |     GCA   2   3   2   2   2   2 | Glu GAA   5   5   5   5   5   5 |     GGA   0   0   0   0   0   0
    GTG   2   2   2   2   2   2 |     GCG   2   1   2   2   2   2 |     GAG   3   3   3   2   3   3 |     GGG   2   2   2   2   2   2
--------------------------------------------------------------------------------------------------------------------------------------

Codon position x base (3x4) table for each sequence.

#1: Argali         
position  1:    T:0.28125    C:0.23438    A:0.10938    G:0.37500
position  2:    T:0.32812    C:0.28125    A:0.25000    G:0.14062
position  3:    T:0.31250    C:0.20312    A:0.20312    G:0.28125
Average         T:0.30729    C:0.23958    A:0.18750    G:0.26562

#2: LesserMouseDeer
position  1:    T:0.26562    C:0.25000    A:0.10938    G:0.37500
position  2:    T:0.32812    C:0.28125    A:0.25000    G:0.14062
position  3:    T:0.23438    C:0.28125    A:0.18750    G:0.29688
Average         T:0.27604    C:0.27083    A:0.18229    G:0.27083

#3: LesserKudu     
position  1:    T:0.28125    C:0.23438    A:0.10938    G:0.37500
position  2:    T:0.32812    C:0.28125    A:0.25000    G:0.14062
position  3:    T:0.28125    C:0.23438    A:0.21875    G:0.26562
Average         T:0.29688    C:0.25000    A:0.19271    G:0.26042

#4: ForestMuskDeer2
position  1:    T:0.28125    C:0.23438    A:0.10938    G:0.37500
position  2:    T:0.32812    C:0.28125    A:0.25000    G:0.14062
position  3:    T:0.28125    C:0.21875    A:0.21875    G:0.28125
Average         T:0.29688    C:0.24479    A:0.19271    G:0.26562

#5: Camel          
position  1:    T:0.26562    C:0.25000    A:0.10938    G:0.37500
position  2:    T:0.32812    C:0.28125    A:0.25000    G:0.14062
position  3:    T:0.29688    C:0.25000    A:0.12500    G:0.32812
Average         T:0.29688    C:0.26042    A:0.16146    G:0.28125

#6: KillerWhale    
position  1:    T:0.26562    C:0.26562    A:0.09375    G:0.37500
position  2:    T:0.32812    C:0.28125    A:0.25000    G:0.14062
position  3:    T:0.29688    C:0.25000    A:0.21875    G:0.23438
Average         T:0.29688    C:0.26562    A:0.18750    G:0.25000

#7: DefassaWaterbuck
position  1:    T:0.28125    C:0.23438    A:0.10938    G:0.37500
position  2:    T:0.32812    C:0.28125    A:0.25000    G:0.14062
position  3:    T:0.29688    C:0.21875    A:0.21875    G:0.26562
Average         T:0.30208    C:0.24479    A:0.19271    G:0.26042

#8: Sheep          
position  1:    T:0.28125    C:0.23438    A:0.10938    G:0.37500
position  2:    T:0.32812    C:0.28125    A:0.25000    G:0.14062
position  3:    T:0.31250    C:0.20312    A:0.21875    G:0.26562
Average         T:0.30729    C:0.23958    A:0.19271    G:0.26042

#9: MaxwellsDuiker 
position  1:    T:0.28125    C:0.23438    A:0.10938    G:0.37500
position  2:    T:0.32812    C:0.28125    A:0.25000    G:0.14062
position  3:    T:0.29688    C:0.21875    A:0.21875    G:0.26562
Average         T:0.30208    C:0.24479    A:0.19271    G:0.26042

#10: GazellaPrzewalskyi
position  1:    T:0.28125    C:0.23438    A:0.10938    G:0.37500
position  2:    T:0.32812    C:0.28125    A:0.25000    G:0.14062
position  3:    T:0.31250    C:0.20312    A:0.23438    G:0.25000
Average         T:0.30729    C:0.23958    A:0.19792    G:0.25521

#11: MountainNyala  
position  1:    T:0.28125    C:0.23438    A:0.10938    G:0.37500
position  2:    T:0.32812    C:0.28125    A:0.25000    G:0.14062
position  3:    T:0.28125    C:0.23438    A:0.20312    G:0.28125
Average         T:0.29688    C:0.25000    A:0.18750    G:0.26562

#12: MuntiacusMuntjak
position  1:    T:0.28125    C:0.23438    A:0.10938    G:0.37500
position  2:    T:0.32812    C:0.28125    A:0.25000    G:0.14062
position  3:    T:0.29688    C:0.21875    A:0.20312    G:0.28125
Average         T:0.30208    C:0.24479    A:0.18750    G:0.26562

#13: goat           
position  1:    T:0.28125    C:0.23438    A:0.10938    G:0.37500
position  2:    T:0.32812    C:0.28125    A:0.25000    G:0.14062
position  3:    T:0.29688    C:0.21875    A:0.20312    G:0.28125
Average         T:0.30208    C:0.24479    A:0.18750    G:0.26562

#14: AfricanBuffalo 
position  1:    T:0.28125    C:0.23438    A:0.10938    G:0.37500
position  2:    T:0.32812    C:0.28125    A:0.25000    G:0.14062
position  3:    T:0.29688    C:0.21875    A:0.20312    G:0.28125
Average         T:0.30208    C:0.24479    A:0.18750    G:0.26562

#15: Topi           
position  1:    T:0.28125    C:0.23438    A:0.10938    G:0.37500
position  2:    T:0.32812    C:0.28125    A:0.25000    G:0.14062
position  3:    T:0.28125    C:0.23438    A:0.20312    G:0.28125
Average         T:0.29688    C:0.25000    A:0.18750    G:0.26562

#16: CommonDuiker   
position  1:    T:0.28125    C:0.23438    A:0.10938    G:0.37500
position  2:    T:0.32812    C:0.28125    A:0.25000    G:0.14062
position  3:    T:0.29688    C:0.21875    A:0.20312    G:0.28125
Average         T:0.30208    C:0.24479    A:0.18750    G:0.26562

#17: Suni           
position  1:    T:0.28125    C:0.23438    A:0.10938    G:0.37500
position  2:    T:0.32812    C:0.28125    A:0.25000    G:0.14062
position  3:    T:0.29688    C:0.21875    A:0.20312    G:0.28125
Average         T:0.30208    C:0.24479    A:0.18750    G:0.26562

#18: Springbuck     
position  1:    T:0.28125    C:0.23438    A:0.10938    G:0.37500
position  2:    T:0.32812    C:0.28125    A:0.25000    G:0.14062
position  3:    T:0.29688    C:0.21875    A:0.21875    G:0.26562
Average         T:0.30208    C:0.24479    A:0.19271    G:0.26042

#19: Okapi          
position  1:    T:0.28125    C:0.23438    A:0.10938    G:0.37500
position  2:    T:0.32812    C:0.28125    A:0.25000    G:0.14062
position  3:    T:0.31250    C:0.20312    A:0.20312    G:0.28125
Average         T:0.30729    C:0.23958    A:0.18750    G:0.26562

#20: Giraffe        
position  1:    T:0.28125    C:0.23438    A:0.10938    G:0.37500
position  2:    T:0.32812    C:0.28125    A:0.25000    G:0.14062
position  3:    T:0.32812    C:0.18750    A:0.20312    G:0.28125
Average         T:0.31250    C:0.23438    A:0.18750    G:0.26562

#21: TibetanAntelope
position  1:    T:0.28125    C:0.23438    A:0.10938    G:0.37500
position  2:    T:0.32812    C:0.28125    A:0.25000    G:0.14062
position  3:    T:0.29688    C:0.21875    A:0.23438    G:0.25000
Average         T:0.30208    C:0.24479    A:0.19792    G:0.25521

#22: Sitatunga      
position  1:    T:0.28125    C:0.23438    A:0.10938    G:0.37500
position  2:    T:0.32812    C:0.28125    A:0.25000    G:0.14062
position  3:    T:0.28125    C:0.23438    A:0.20312    G:0.28125
Average         T:0.29688    C:0.25000    A:0.18750    G:0.26562

#23: Oribi          
position  1:    T:0.28125    C:0.23438    A:0.10938    G:0.37500
position  2:    T:0.32812    C:0.28125    A:0.25000    G:0.14062
position  3:    T:0.29688    C:0.21875    A:0.20312    G:0.28125
Average         T:0.30208    C:0.24479    A:0.18750    G:0.26562

#24: BarbarySheep   
position  1:    T:0.28125    C:0.23438    A:0.10938    G:0.37500
position  2:    T:0.32812    C:0.28125    A:0.25000    G:0.14062
position  3:    T:0.29688    C:0.21875    A:0.18750    G:0.29688
Average         T:0.30208    C:0.24479    A:0.18229    G:0.27083

#25: Daviddeer      
position  1:    T:0.28125    C:0.23438    A:0.10938    G:0.37500
position  2:    T:0.32812    C:0.28125    A:0.25000    G:0.14062
position  3:    T:0.29688    C:0.23438    A:0.21875    G:0.25000
Average         T:0.30208    C:0.25000    A:0.19271    G:0.25521

#26: Reindeer       
position  1:    T:0.28125    C:0.23438    A:0.10938    G:0.37500
position  2:    T:0.32812    C:0.28125    A:0.25000    G:0.14062
position  3:    T:0.29688    C:0.21875    A:0.21875    G:0.26562
Average         T:0.30208    C:0.24479    A:0.19271    G:0.26042

#27: Ibex           
position  1:    T:0.28125    C:0.23438    A:0.10938    G:0.37500
position  2:    T:0.32812    C:0.28125    A:0.25000    G:0.14062
position  3:    T:0.29688    C:0.21875    A:0.20312    G:0.28125
Average         T:0.30208    C:0.24479    A:0.18750    G:0.26562

#28: GyrantGazelle  
position  1:    T:0.28125    C:0.23438    A:0.10938    G:0.37500
position  2:    T:0.32812    C:0.28125    A:0.25000    G:0.14062
position  3:    T:0.29688    C:0.21875    A:0.21875    G:0.26562
Average         T:0.30208    C:0.24479    A:0.19271    G:0.26042

#29: Hartebeest     
position  1:    T:0.28125    C:0.23438    A:0.10938    G:0.37500
position  2:    T:0.32812    C:0.28125    A:0.25000    G:0.14062
position  3:    T:0.28125    C:0.23438    A:0.20312    G:0.28125
Average         T:0.29688    C:0.25000    A:0.18750    G:0.26562

#30: Bongo          
position  1:    T:0.28125    C:0.23438    A:0.10938    G:0.37500
position  2:    T:0.32812    C:0.28125    A:0.25000    G:0.14062
position  3:    T:0.28125    C:0.23438    A:0.20312    G:0.28125
Average         T:0.29688    C:0.25000    A:0.18750    G:0.26562

#31: Gerenuk        
position  1:    T:0.28125    C:0.23438    A:0.10938    G:0.37500
position  2:    T:0.32812    C:0.28125    A:0.25000    G:0.14062
position  3:    T:0.31250    C:0.20312    A:0.23438    G:0.25000
Average         T:0.30729    C:0.23958    A:0.19792    G:0.25521

#32: CommonEland    
position  1:    T:0.28125    C:0.23438    A:0.10938    G:0.37500
position  2:    T:0.32812    C:0.28125    A:0.25000    G:0.14062
position  3:    T:0.28125    C:0.23438    A:0.20312    G:0.28125
Average         T:0.29688    C:0.25000    A:0.18750    G:0.26562

#33: MuntiacusReevesi
position  1:    T:0.28125    C:0.23438    A:0.10938    G:0.37500
position  2:    T:0.32812    C:0.28125    A:0.25000    G:0.14062
position  3:    T:0.29688    C:0.21875    A:0.21875    G:0.26562
Average         T:0.30208    C:0.24479    A:0.19271    G:0.26042

#34: HarveysDuiker  
position  1:    T:0.28125    C:0.23438    A:0.10938    G:0.37500
position  2:    T:0.32812    C:0.28125    A:0.25000    G:0.14062
position  3:    T:0.29688    C:0.21875    A:0.20312    G:0.28125
Average         T:0.30208    C:0.24479    A:0.18750    G:0.26562

#35: Pronghorn      
position  1:    T:0.28125    C:0.23438    A:0.10938    G:0.37500
position  2:    T:0.32812    C:0.28125    A:0.25000    G:0.14062
position  3:    T:0.28125    C:0.23438    A:0.21875    G:0.26562
Average         T:0.29688    C:0.25000    A:0.19271    G:0.26042

#36: BlueWildebeest 
position  1:    T:0.28125    C:0.23438    A:0.10938    G:0.37500
position  2:    T:0.32812    C:0.28125    A:0.25000    G:0.14062
position  3:    T:0.29688    C:0.21875    A:0.20312    G:0.28125
Average         T:0.30208    C:0.24479    A:0.18750    G:0.26562

#37: Gemsbok        
position  1:    T:0.28125    C:0.23438    A:0.10938    G:0.37500
position  2:    T:0.32812    C:0.28125    A:0.25000    G:0.14062
position  3:    T:0.29688    C:0.21875    A:0.20312    G:0.28125
Average         T:0.30208    C:0.24479    A:0.18750    G:0.26562

#38: Yak            
position  1:    T:0.28125    C:0.23438    A:0.10938    G:0.37500
position  2:    T:0.32812    C:0.28125    A:0.25000    G:0.14062
position  3:    T:0.26562    C:0.23438    A:0.21875    G:0.28125
Average         T:0.29167    C:0.25000    A:0.19271    G:0.26562

#39: BlueSheep      
position  1:    T:0.28125    C:0.23438    A:0.10938    G:0.37500
position  2:    T:0.32812    C:0.28125    A:0.25000    G:0.14062
position  3:    T:0.29688    C:0.21875    A:0.18750    G:0.29688
Average         T:0.30208    C:0.24479    A:0.18229    G:0.27083

#40: BohorReedbuck  
position  1:    T:0.29688    C:0.21875    A:0.10938    G:0.37500
position  2:    T:0.32812    C:0.28125    A:0.25000    G:0.14062
position  3:    T:0.29688    C:0.21875    A:0.20312    G:0.28125
Average         T:0.30729    C:0.23958    A:0.18750    G:0.26562

#41: KirksDik       
position  1:    T:0.28125    C:0.23438    A:0.10938    G:0.37500
position  2:    T:0.32812    C:0.28125    A:0.25000    G:0.14062
position  3:    T:0.29688    C:0.21875    A:0.20312    G:0.28125
Average         T:0.30208    C:0.24479    A:0.18750    G:0.26562

#42: RoeDeer        
position  1:    T:0.28125    C:0.23438    A:0.10938    G:0.37500
position  2:    T:0.32812    C:0.28125    A:0.25000    G:0.14062
position  3:    T:0.29688    C:0.21875    A:0.23438    G:0.25000
Average         T:0.30208    C:0.24479    A:0.19792    G:0.25521

#43: WhiteLippedDeer
position  1:    T:0.28125    C:0.23438    A:0.10938    G:0.37500
position  2:    T:0.32812    C:0.28125    A:0.25000    G:0.14062
position  3:    T:0.31250    C:0.21875    A:0.21875    G:0.25000
Average         T:0.30729    C:0.24479    A:0.19271    G:0.25521

#44: ThomsonGazelle 
position  1:    T:0.28125    C:0.23438    A:0.10938    G:0.37500
position  2:    T:0.32812    C:0.28125    A:0.25000    G:0.14062
position  3:    T:0.31250    C:0.20312    A:0.21875    G:0.26562
Average         T:0.30729    C:0.23958    A:0.19271    G:0.26042

#45: MuntiacusCrinifrons
position  1:    T:0.28125    C:0.23438    A:0.10938    G:0.37500
position  2:    T:0.32812    C:0.28125    A:0.25000    G:0.14062
position  3:    T:0.29688    C:0.21875    A:0.20312    G:0.28125
Average         T:0.30208    C:0.24479    A:0.18750    G:0.26562

#46: WhiteTailedDeer
position  1:    T:0.28125    C:0.23438    A:0.10938    G:0.37500
position  2:    T:0.32812    C:0.28125    A:0.25000    G:0.14062
position  3:    T:0.29688    C:0.21875    A:0.21875    G:0.26562
Average         T:0.30208    C:0.24479    A:0.19271    G:0.26042

#47: Cattle         
position  1:    T:0.28125    C:0.23438    A:0.10938    G:0.37500
position  2:    T:0.32812    C:0.28125    A:0.25000    G:0.14062
position  3:    T:0.28125    C:0.21875    A:0.21875    G:0.28125
Average         T:0.29688    C:0.24479    A:0.19271    G:0.26562

#48: RoyalAntelope  
position  1:    T:0.28125    C:0.23438    A:0.10938    G:0.37500
position  2:    T:0.32812    C:0.28125    A:0.25000    G:0.14062
position  3:    T:0.32812    C:0.18750    A:0.21875    G:0.26562
Average         T:0.31250    C:0.23438    A:0.19271    G:0.26042

#49: Steenbok       
position  1:    T:0.28125    C:0.23438    A:0.10938    G:0.37500
position  2:    T:0.32812    C:0.28125    A:0.25000    G:0.14062
position  3:    T:0.29688    C:0.21875    A:0.20312    G:0.28125
Average         T:0.30208    C:0.24479    A:0.18750    G:0.26562

#50: Impala         
position  1:    T:0.28125    C:0.23438    A:0.10938    G:0.37500
position  2:    T:0.32812    C:0.28125    A:0.25000    G:0.14062
position  3:    T:0.28125    C:0.25000    A:0.20312    G:0.26562
Average         T:0.29688    C:0.25521    A:0.18750    G:0.26042

#51: Klipspringer   
position  1:    T:0.28125    C:0.23438    A:0.09375    G:0.39062
position  2:    T:0.32812    C:0.28125    A:0.25000    G:0.14062
