CODONML (in paml version 4.10.7, June 2023)  /home/rachel/ruminants_paml/6406-phy-tree/ENSBTAT00000004568.fasta.phy
Model: free dN/dS Ratios for branches,  kappa = 2.000 fixed

Codon frequency model: F3x4
ns =  54  ls =  54

Codon usage in sequences
--------------------------------------------------------------------------------------------------------------------------------------
Phe TTT   1   2   1   2   2   3 | Ser TCT   0   0   0   0   0   0 | Tyr TAT   0   0   0   0   0   0 | Cys TGT   0   0   0   0   0   0
    TTC   5   4   5   4   4   3 |     TCC   0   0   0   0   0   0 |     TAC   2   2   2   2   2   2 |     TGC   0   0   0   0   0   0
Leu TTA   0   0   0   0   0   0 |     TCA   0   0   0   0   0   0 | *** TAA   0   0   0   0   0   0 | *** TGA   0   0   0   0   0   0
    TTG   0   0   0   0   0   0 |     TCG   0   0   0   0   0   0 |     TAG   0   0   0   0   0   0 | Trp TGG   0   0   0   0   0   0
--------------------------------------------------------------------------------------------------------------------------------------
Leu CTT   0   0   0   0   0   0 | Pro CCT   0   0   0   0   1   0 | His CAT   0   0   0   0   0   0 | Arg CGT   0   0   0   0   0   0
    CTC   1   1   1   1   2   1 |     CCC   2   1   2   2   1   1 |     CAC   3   3   3   3   3   3 |     CGC   0   0   0   0   1   0
    CTA   0   0   0   0   0   0 |     CCA   0   1   0   0   1   0 | Gln CAA   2   2   2   2   2   1 |     CGA   0   0   0   0   1   0
    CTG   3   3   3   3   2   3 |     CCG   1   1   1   1   0   2 |     CAG   2   2   2   2   2   3 |     CGG   3   3   3   3   1   3
--------------------------------------------------------------------------------------------------------------------------------------
Ile ATT   0   0   0   0   0   0 | Thr ACT   0   0   0   0   0   0 | Asn AAT   1   1   1   1   0   0 | Ser AGT   0   0   1   0   0   0
    ATC   1   1   1   1   1   1 |     ACC   0   0   0   0   0   0 |     AAC   1   1   1   1   2   2 |     AGC   4   4   3   4   4   4
    ATA   0   0   0   0   0   0 |     ACA   0   0   0   0   0   0 | Lys AAA   0   0   0   0   1   0 | Arg AGA   1   0   1   1   0   0
Met ATG   2   2   2   2   2   2 |     ACG   0   0   0   0   0   0 |     AAG   3   3   3   3   2   3 |     AGG   0   1   0   0   1   1
--------------------------------------------------------------------------------------------------------------------------------------
Val GTT   0   1   0   0   0   0 | Ala GCT   0   0   0   0   0   0 | Asp GAT   1   1   1   1   0   0 | Gly GGT   2   2   2   2   1   2
    GTC   1   1   1   1   1   1 |     GCC   1   1   1   1   1   1 |     GAC   0   0   0   0   1   1 |     GGC   1   1   1   1   2   1
    GTA   1   1   1   1   0   0 |     GCA   1   0   1   0   0   0 | Glu GAA   1   2   1   1   2   2 |     GGA   0   0   0   0   0   0
    GTG   4   3   4   4   5   5 |     GCG   0   1   0   1   1   1 |     GAG   3   2   3   3   2   2 |     GGG   0   0   0   0   0   0
--------------------------------------------------------------------------------------------------------------------------------------

--------------------------------------------------------------------------------------------------------------------------------------
Phe TTT   1   1   1   1   1   1 | Ser TCT   0   0   0   0   0   0 | Tyr TAT   0   0   0   0   0   0 | Cys TGT   0   0   0   0   0   0
    TTC   5   5   5   5   5   5 |     TCC   0   0   0   0   0   0 |     TAC   2   2   2   2   2   2 |     TGC   0   0   0   0   0   0
Leu TTA   0   0   0   0   0   0 |     TCA   0   0   0   0   0   0 | *** TAA   0   0   0   0   0   0 | *** TGA   0   0   0   0   0   0
    TTG   0   0   0   0   0   0 |     TCG   0   0   0   0   0   0 |     TAG   0   0   0   0   0   0 | Trp TGG   0   0   0   0   0   0
--------------------------------------------------------------------------------------------------------------------------------------
Leu CTT   0   0   0   0   0   0 | Pro CCT   0   0   0   0   0   0 | His CAT   0   0   0   0   0   0 | Arg CGT   0   0   0   0   0   0
    CTC   1   1   1   1   1   1 |     CCC   2   2   2   2   2   2 |     CAC   3   3   3   3   3   3 |     CGC   0   0   0   0   0   0
    CTA   0   0   0   0   0   0 |     CCA   0   0   0   0   0   0 | Gln CAA   2   2   2   2   2   2 |     CGA   0   0   0   0   0   0
    CTG   3   3   3   3   3   3 |     CCG   1   1   1   1   1   1 |     CAG   2   2   2   2   2   2 |     CGG   3   3   3   3   3   3
--------------------------------------------------------------------------------------------------------------------------------------
Ile ATT   0   0   0   1   0   0 | Thr ACT   0   0   0   0   0   0 | Asn AAT   1   1   1   1   1   1 | Ser AGT   0   0   0   0   0   0
    ATC   1   1   1   0   1   1 |     ACC   0   0   0   0   0   0 |     AAC   1   1   1   1   1   1 |     AGC   4   4   4   4   4   4
    ATA   0   0   0   0   0   0 |     ACA   0   0   0   0   0   0 | Lys AAA   0   0   0   0   0   0 | Arg AGA   1   1   1   1   1   1
Met ATG   2   2   2   2   2   2 |     ACG   0   0   0   0   0   0 |     AAG   3   3   3   3   3   3 |     AGG   0   0   0   0   0   0
--------------------------------------------------------------------------------------------------------------------------------------
Val GTT   0   0   0   0   0   0 | Ala GCT   0   0   0   0   0   0 | Asp GAT   1   1   1   1   1   1 | Gly GGT   2   2   2   2   2   2
    GTC   1   1   1   1   1   1 |     GCC   1   1   1   1   1   1 |     GAC   0   0   0   0   0   0 |     GGC   1   1   1   1   1   1
    GTA   1   1   1   1   1   1 |     GCA   1   1   1   1   1   0 | Glu GAA   1   1   1   1   1   1 |     GGA   0   0   0   0   0   0
    GTG   4   4   4   4   4   4 |     GCG   0   0   0   0   0   1 |     GAG   3   3   3   3   3   3 |     GGG   0   0   0   0   0   0
--------------------------------------------------------------------------------------------------------------------------------------

--------------------------------------------------------------------------------------------------------------------------------------
Phe TTT   1   1   1   1   1   0 | Ser TCT   0   0   0   0   0   0 | Tyr TAT   0   0   0   0   0   0 | Cys TGT   0   0   0   0   0   0
    TTC   5   5   5   5   5   6 |     TCC   0   0   0   0   0   0 |     TAC   2   2   2   2   2   2 |     TGC   0   0   0   0   0   0
Leu TTA   0   0   0   0   0   0 |     TCA   0   0   0   0   0   0 | *** TAA   0   0   0   0   0   0 | *** TGA   0   0   0   0   0   0
    TTG   0   0   0   0   0   0 |     TCG   0   0   0   0   0   0 |     TAG   0   0   0   0   0   0 | Trp TGG   0   0   0   0   0   0
--------------------------------------------------------------------------------------------------------------------------------------
Leu CTT   0   0   0   0   0   0 | Pro CCT   0   0   0   0   0   0 | His CAT   0   0   0   0   0   0 | Arg CGT   0   0   0   0   0   0
    CTC   1   1   1   1   1   1 |     CCC   2   2   2   2   2   2 |     CAC   3   3   3   3   3   3 |     CGC   0   0   0   0   0   0
    CTA   0   0   0   0   0   0 |     CCA   0   0   0   0   0   0 | Gln CAA   2   2   2   2   2   2 |     CGA   0   0   0   0   1   0
    CTG   3   3   3   3   3   3 |     CCG   1   1   1   1   1   1 |     CAG   2   2   2   2   2   2 |     CGG   3   3   3   3   2   3
--------------------------------------------------------------------------------------------------------------------------------------
Ile ATT   0   0   0   0   1   1 | Thr ACT   0   0   0   0   0   0 | Asn AAT   1   1   1   1   1   1 | Ser AGT   0   0   0   0   0   0
    ATC   1   1   1   1   0   0 |     ACC   0   0   0   0   0   0 |     AAC   1   1   1   1   1   1 |     AGC   4   4   4   4   4   4
    ATA   0   0   0   0   0   0 |     ACA   0   0   0   0   0   0 | Lys AAA   0   0   0   0   0   0 | Arg AGA   1   1   1   1   1   1
Met ATG   2   2   2   2   2   2 |     ACG   0   0   0   0   0   0 |     AAG   3   3   3   3   3   3 |     AGG   0   0   0   0   0   0
--------------------------------------------------------------------------------------------------------------------------------------
Val GTT   0   0   0   0   0   0 | Ala GCT   0   0   0   0   0   0 | Asp GAT   1   1   1   1   1   1 | Gly GGT   2   2   2   2   1   2
    GTC   1   1   1   1   1   1 |     GCC   1   1   1   1   1   1 |     GAC   0   0   0   0   0   0 |     GGC   1   1   1   1   2   1
    GTA   1   1   1   1   1   1 |     GCA   1   1   1   1   1   1 | Glu GAA   1   1   1   1   1   1 |     GGA   0   0   0   0   0   0
    GTG   4   4   4   4   4   4 |     GCG   0   0   0   0   0   0 |     GAG   3   3   3   3   3   3 |     GGG   0   0   0   0   0   0
--------------------------------------------------------------------------------------------------------------------------------------

--------------------------------------------------------------------------------------------------------------------------------------
Phe TTT   1   1   1   1   1   1 | Ser TCT   0   0   0   0   0   0 | Tyr TAT   0   0   0   0   0   0 | Cys TGT   0   0   0   0   0   0
    TTC   5   5   5   5   5   5 |     TCC   0   0   0   0   0   0 |     TAC   2   2   2   2   2   2 |     TGC   0   0   0   0   0   0
Leu TTA   0   0   0   0   0   0 |     TCA   0   0   0   0   0   0 | *** TAA   0   0   0   0   0   0 | *** TGA   0   0   0   0   0   0
    TTG   0   0   0   0   0   0 |     TCG   0   0   0   0   0   0 |     TAG   0   0   0   0   0   0 | Trp TGG   0   0   0   0   0   0
--------------------------------------------------------------------------------------------------------------------------------------
Leu CTT   0   0   0   0   0   0 | Pro CCT   0   0   0   0   0   0 | His CAT   0   0   0   0   1   0 | Arg CGT   0   0   0   0   0   0
    CTC   1   1   1   1   1   1 |     CCC   2   2   2   2   2   2 |     CAC   3   3   3   3   2   3 |     CGC   0   0   0   0   0   0
    CTA   0   0   0   1   0   0 |     CCA   0   0   0   0   0   0 | Gln CAA   2   2   2   2   1   2 |     CGA   0   0   0   0   0   0
    CTG   3   3   3   3   3   3 |     CCG   1   1   1   1   1   1 |     CAG   2   2   2   2   3   2 |     CGG   3   3   3   3   3   3
--------------------------------------------------------------------------------------------------------------------------------------
Ile ATT   0   0   0   0   1   0 | Thr ACT   0   0   0   0   0   0 | Asn AAT   1   1   1   1   1   1 | Ser AGT   0   0   0   0   0   0
    ATC   1   1   1   1   0   1 |     ACC   0   0   0   0   0   0 |     AAC   1   1   1   1   1   1 |     AGC   4   4   4   4   4   4
    ATA   0   0   0   0   0   0 |     ACA   0   0   0   0   0   0 | Lys AAA   0   0   0   0   0   0 | Arg AGA   1   1   1   1   1   1
Met ATG   2   2   2   2   2   2 |     ACG   0   0   0   0   0   0 |     AAG   3   3   3   3   3   3 |     AGG   0   0   0   0   0   0
--------------------------------------------------------------------------------------------------------------------------------------
Val GTT   0   0   1   0   0   0 | Ala GCT   0   0   0   0   0   0 | Asp GAT   1   1   1   1   1   1 | Gly GGT   2   2   2   2   2   2
    GTC   1   1   1   1   1   1 |     GCC   1   1   1   1   1   1 |     GAC   0   0   0   0   0   0 |     GGC   1   1   1   1   1   1
    GTA   1   1   0   0   1   1 |     GCA   0   0   1   1   1   1 | Glu GAA   1   1   1   1   1   1 |     GGA   0   0   0   0   0   0
    GTG   4   4   4   4   4   4 |     GCG   1   1   0   0   0   0 |     GAG   3   3   3   3   3   3 |     GGG   0   0   0   0   0   0
--------------------------------------------------------------------------------------------------------------------------------------

--------------------------------------------------------------------------------------------------------------------------------------
Phe TTT   1   1   1   0   1   1 | Ser TCT   0   0   0   0   0   0 | Tyr TAT   0   0   0   0   0   0 | Cys TGT   0   0   0   0   0   0
    TTC   5   5   5   6   5   5 |     TCC   0   0   0   0   0   0 |     TAC   2   2   2   2   2   2 |     TGC   0   0   0   0   0   0
Leu TTA   0   0   0   0   0   0 |     TCA   0   0   0   0   0   0 | *** TAA   0   0   0   0   0   0 | *** TGA   0   0   0   0   0   0
    TTG   0   1   0   0   0   0 |     TCG   0   0   0   0   0   0 |     TAG   0   0   0   0   0   0 | Trp TGG   0   0   0   0   0   0
--------------------------------------------------------------------------------------------------------------------------------------
Leu CTT   0   0   0   0   0   0 | Pro CCT   0   1   0   0   0   0 | His CAT   0   0   0   0   0   0 | Arg CGT   0   0   0   0   0   0
    CTC   1   1   1   1   1   1 |     CCC   2   1   2   2   2   2 |     CAC   3   3   3   3   3   3 |     CGC   0   0   0   0   0   0
    CTA   0   0   0   0   0   0 |     CCA   0   0   0   0   0   0 | Gln CAA   2   2   2   2   2   2 |     CGA   0   0   0   0   0   0
    CTG   3   2   3   3   3   3 |     CCG   1   1   1   1   1   1 |     CAG   3   2   2   2   2   2 |     CGG   3   3   3   3   3   3
--------------------------------------------------------------------------------------------------------------------------------------
Ile ATT   0   0   0   1   0   0 | Thr ACT   0   0   0   0   0   0 | Asn AAT   1   1   1   1   1   1 | Ser AGT   0   0   0   0   0   0
    ATC   1   1   1   0   1   1 |     ACC   1   0   0   0   0   0 |     AAC   1   1   1   1   1   1 |     AGC   3   4   4   4   4   4
    ATA   0   0   0   0   0   0 |     ACA   0   0   0   0   0   0 | Lys AAA   0   0   0   0   0   0 | Arg AGA   1   1   1   1   1   1
Met ATG   2   2   2   2   2   2 |     ACG   0   0   0   0   0   0 |     AAG   3   3   3   3   3   3 |     AGG   0   0   0   0   0   0
--------------------------------------------------------------------------------------------------------------------------------------
Val GTT   0   0   0   0   0   0 | Ala GCT   0   0   0   0   0   0 | Asp GAT   1   1   1   1   1   1 | Gly GGT   2   2   2   2   2   2
    GTC   1   1   1   1   1   1 |     GCC   1   1   1   1   1   1 |     GAC   0   0   0   0   0   0 |     GGC   1   1   1   1   1   1
    GTA   1   1   1   1   1   1 |     GCA   0   0   1   1   1   1 | Glu GAA   1   1   1   1   1   1 |     GGA   0   0   0   0   0   0
    GTG   4   4   4   4   4   4 |     GCG   1   1   0   0   0   0 |     GAG   2   3   3   3   3   3 |     GGG   0   0   0   0   0   0
--------------------------------------------------------------------------------------------------------------------------------------

--------------------------------------------------------------------------------------------------------------------------------------
Phe TTT   0   1   1   1   1   1 | Ser TCT   0   0   0   0   0   0 | Tyr TAT   0   0   0   1   0   0 | Cys TGT   0   0   0   0   0   0
    TTC   6   5   5   5   5   5 |     TCC   0   0   0   0   0   0 |     TAC   2   2   2   1   2   2 |     TGC   0   0   0   0   0   0
Leu TTA   0   0   0   0   0   0 |     TCA   0   0   0   0   0   0 | *** TAA   0   0   0   0   0   0 | *** TGA   0   0   0   0   0   0
    TTG   0   0   0   0   0   0 |     TCG   0   0   0   0   0   0 |     TAG   0   0   0   0   0   0 | Trp TGG   0   0   0   0   0   0
--------------------------------------------------------------------------------------------------------------------------------------
Leu CTT   0   0   0   0   0   0 | Pro CCT   0   0   0   0   0   0 | His CAT   0   0   0   0   1   0 | Arg CGT   0   0   0   0   0   0
    CTC   1   1   1   1   1   1 |     CCC   2   2   2   2   2   2 |     CAC   3   3   3   3   2   3 |     CGC   0   0   0   0   0   0
    CTA   0   0   0   0   0   0 |     CCA   0   0   0   0   0   0 | Gln CAA   2   2   2   2   2   2 |     CGA   0   0   0   0   0   0
    CTG   3   3   3   3   3   3 |     CCG   1   1   1   1   1   1 |     CAG   2   2   2   2   2   2 |     CGG   3   2   3   3   3   3
--------------------------------------------------------------------------------------------------------------------------------------
Ile ATT   1   0   0   0   0   0 | Thr ACT   0   0   0   0   0   0 | Asn AAT   1   1   1   1   1   1 | Ser AGT   0   0   0   0   0   0
    ATC   0   1   1   1   1   1 |     ACC   0   0   0   0   0   0 |     AAC   1   1   1   1   1   1 |     AGC   4   4   4   4   4   4
    ATA   0   0   0   0   0   0 |     ACA   0   0   0   0   0   0 | Lys AAA   0   0   0   0   0   0 | Arg AGA   1   1   1   1   1   1
Met ATG   2   2   2   2   2   2 |     ACG   0   0   0   0   0   0 |     AAG   3   3   3   3   3   3 |     AGG   0   1   0   0   0   0
--------------------------------------------------------------------------------------------------------------------------------------
Val GTT   0   0   0   0   0   0 | Ala GCT   0   0   0   0   0   0 | Asp GAT   1   1   1   1   1   1 | Gly GGT   2   2   2   2   2   2
    GTC   1   1   1   1   1   1 |     GCC   1   1   1   1   1   1 |     GAC   0   0   0   0   0   0 |     GGC   1   1   1   1   1   1
    GTA   1   1   1   1   1   1 |     GCA   1   1   0   1   0   1 | Glu GAA   1   1   1   1   1   1 |     GGA   0   0   0   0   0   0
    GTG   4   4   4   4   4   4 |     GCG   0   0   1   0   1   0 |     GAG   3   3   3   3   3   3 |     GGG   0   0   0   0   0   0
--------------------------------------------------------------------------------------------------------------------------------------

--------------------------------------------------------------------------------------------------------------------------------------
Phe TTT   1   1   1   1   1   1 | Ser TCT   0   0   0   0   0   0 | Tyr TAT   0   0   0   0   0   0 | Cys TGT   0   0   0   0   0   0
    TTC   5   5   5   5   5   5 |     TCC   0   0   0   0   0   0 |     TAC   2   2   2   2   2   2 |     TGC   0   0   0   0   0   0
Leu TTA   0   0   0   0   0   0 |     TCA   0   0   0   0   0   0 | *** TAA   0   0   0   0   0   0 | *** TGA   0   0   0   0   0   0
    TTG   0   0   0   0   0   0 |     TCG   0   0   0   0   0   0 |     TAG   0   0   0   0   0   0 | Trp TGG   0   0   0   0   0   0
--------------------------------------------------------------------------------------------------------------------------------------
Leu CTT   0   0   0   0   0   0 | Pro CCT   0   0   0   0   0   0 | His CAT   0   1   0   0   0   0 | Arg CGT   0   0   0   0   0   0
    CTC   1   1   1   1   1   1 |     CCC   2   2   2   2   2   2 |     CAC   3   2   3   3   3   3 |     CGC   0   0   0   0   0   0
    CTA   1   0   0   0   0   0 |     CCA   0   0   0   0   0   0 | Gln CAA   2   2   2   2   2   2 |     CGA   0   0   0   0   0   0
    CTG   2   3   3   3   3   3 |     CCG   1   1   1   1   1   1 |     CAG   2   2   2   2   2   2 |     CGG   3   3   3   3   3   3
--------------------------------------------------------------------------------------------------------------------------------------
Ile ATT   0   0   0   0   1   0 | Thr ACT   0   0   0   0   0   0 | Asn AAT   1   1   1   1   1   1 | Ser AGT   0   0   0   0   0   0
    ATC   1   1   1   1   0   1 |     ACC   0   0   0   0   0   0 |     AAC   1   1   1   1   1   1 |     AGC   4   4   4   4   4   4
    ATA   0   0   0   0   0   0 |     ACA   0   0   0   0   0   0 | Lys AAA   0   0   0   0   0   0 | Arg AGA   1   1   1   1   1   1
Met ATG   2   2   2   2   2   2 |     ACG   0   0   0   0   0   0 |     AAG   3   3   3   3   3   3 |     AGG   0   0   0   0   0   0
--------------------------------------------------------------------------------------------------------------------------------------
Val GTT   0   0   0   0   0   0 | Ala GCT   0   0   0   0   0   0 | Asp GAT   1   1   1   1   1   1 | Gly GGT   2   2   2   2   2   2
    GTC   1   1   1   1   1   1 |     GCC   1   1   1   1   1   1 |     GAC   0   0   0   0   0   0 |     GGC   1   1   1   1   1   1
    GTA   1   1   1   1   1   1 |     GCA   1   1   1   1   1   0 | Glu GAA   1   1   1   1   1   2 |     GGA   0   0   0   0   0   0
    GTG   4   4   4   4   4   4 |     GCG   0   0   0   0   0   1 |     GAG   3   3   3   3   3   2 |     GGG   0   0   0   0   0   0
--------------------------------------------------------------------------------------------------------------------------------------

--------------------------------------------------------------------------------------------------------------------------------------
Phe TTT   1   0   1   1   1   1 | Ser TCT   0   0   0   0   0   0 | Tyr TAT   0   0   0   0   0   0 | Cys TGT   0   0   0   0   0   0
    TTC   5   6   5   5   5   5 |     TCC   0   0   0   0   0   0 |     TAC   2   2   2   2   2   2 |     TGC   0   0   0   0   0   0
Leu TTA   0   0   0   0   0   0 |     TCA   0   0   0   0   0   0 | *** TAA   0   0   0   0   0   0 | *** TGA   0   0   0   0   0   0
    TTG   0   0   0   1   0   0 |     TCG   0   0   0   0   0   0 |     TAG   0   0   0   0   0   0 | Trp TGG   0   0   0   0   0   0
--------------------------------------------------------------------------------------------------------------------------------------
Leu CTT   0   0   0   0   0   0 | Pro CCT   0   0   0   0   0   0 | His CAT   0   0   0   0   1   0 | Arg CGT   0   0   0   0   0   0
    CTC   1   1   1   1   1   1 |     CCC   2   2   2   2   2   2 |     CAC   3   3   3   3   2   3 |     CGC   0   0   0   0   0   0
    CTA   0   0   0   0   0   0 |     CCA   0   0   0   0   0   0 | Gln CAA   2   2   2   2   2   3 |     CGA   0   0   0   0   0   0
    CTG   3   3   3   2   3   3 |     CCG   1   1   1   1   1   1 |     CAG   2   2   2   2   2   1 |     CGG   3   3   3   3   3   3
--------------------------------------------------------------------------------------------------------------------------------------
Ile ATT   0   1   0   0   0   0 | Thr ACT   0   0   0   0   0   0 | Asn AAT   1   1   1   1   1   1 | Ser AGT   0   0   0   0   0   0
    ATC   1   0   1   1   1   1 |     ACC   0   0   0   0   0   0 |     AAC   1   1   1   1   1   1 |     AGC   4   4   4   4   4   4
    ATA   0   0   0   0   0   0 |     ACA   0   0   0   0   0   0 | Lys AAA   0   0   0   0   0   0 | Arg AGA   1   1   1   1   1   1
Met ATG   2   2   2   2   2   2 |     ACG   0   0   0   0   0   0 |     AAG   3   3   3   3   3   3 |     AGG   0   0   0   0   0   0
--------------------------------------------------------------------------------------------------------------------------------------
Val GTT   0   0   0   0   0   0 | Ala GCT   0   0   0   0   0   0 | Asp GAT   1   1   1   1   1   1 | Gly GGT   2   2   2   2   2   2
    GTC   1   1   1   1   1   1 |     GCC   1   1   1   1   1   1 |     GAC   0   0   0   0   0   0 |     GGC   1   1   1   1   1   1
    GTA   1   1   1   1   1   1 |     GCA   0   1   0   0   1   1 | Glu GAA   1   1   1   1   1   1 |     GGA   0   0   0   0   0   0
    GTG   4   4   4   4   4   4 |     GCG   1   0   1   1   0   0 |     GAG   3   3   3   3   3   3 |     GGG   0   0   0   0   0   0
--------------------------------------------------------------------------------------------------------------------------------------

--------------------------------------------------------------------------------------------------------------------------------------
Phe TTT   1   1   1   2   1   1 | Ser TCT   0   0   0   0   0   0 | Tyr TAT   0   0   0   0   0   0 | Cys TGT   0   0   0   0   0   0
    TTC   5   5   5   4   5   5 |     TCC   0   0   0   0   0   0 |     TAC   2   2   2   2   2   2 |     TGC   0   0   0   0   0   0
Leu TTA   0   0   0   0   0   0 |     TCA   0   0   0   0   0   0 | *** TAA   0   0   0   0   0   0 | *** TGA   0   0   0   0   0   0
    TTG   0   0   0   0   0   0 |     TCG   0   0   0   0   0   0 |     TAG   0   0   0   0   0   0 | Trp TGG   0   0   0   0   0   0
--------------------------------------------------------------------------------------------------------------------------------------
Leu CTT   0   0   0   0   0   0 | Pro CCT   0   0   0   0   0   0 | His CAT   0   0   0   0   0   0 | Arg CGT   0   0   0   0   0   0
    CTC   1   1   1   1   1   1 |     CCC   2   2   2   2   2   2 |     CAC   3   3   3   3   3   3 |     CGC   0   0   0   0   0   0
    CTA   0   0   0   0   0   0 |     CCA   0   0   0   0   0   0 | Gln CAA   2   2   2   2   2   2 |     CGA   0   0   0   0   0   0
    CTG   3   3   3   3   3   3 |     CCG   1   1   1   1   1   1 |     CAG   2   2   2   2   2   2 |     CGG   3   3   2   3   3   3
--------------------------------------------------------------------------------------------------------------------------------------
Ile ATT   1   0   0   0   0   0 | Thr ACT   0   0   0   0   0   0 | Asn AAT   1   1   1   1   1   1 | Ser AGT   0   0   0   0   0   0
    ATC   0   1   1   1   1   1 |     ACC   0   0   0   0   0   0 |     AAC   1   1   1   1   1   1 |     AGC   4   4   4   4   4   4
    ATA   0   0   0   0   0   0 |     ACA   0   0   0   0   0   0 | Lys AAA   0   0   0   0   0   0 | Arg AGA   1   1   1   1   1   1
Met ATG   2   2   2   2   2   2 |     ACG   0   0   0   0   0   0 |     AAG   3   3   3   3   3   3 |     AGG   0   0   1   0   0   0
--------------------------------------------------------------------------------------------------------------------------------------
Val GTT   0   0   0   0   0   0 | Ala GCT   0   0   0   0   0   0 | Asp GAT   1   1   1   1   1   1 | Gly GGT   2   2   2   2   2   2
    GTC   1   1   1   1   1   1 |     GCC   1   1   1   1   1   1 |     GAC   0   0   0   0   0   0 |     GGC   1   1   1   1   1   1
    GTA   1   1   1   1   1   1 |     GCA   1   1   1   0   1   1 | Glu GAA   1   1   1   1   1   1 |     GGA   0   0   0   0   0   0
    GTG   4   4   4   4   4   4 |     GCG   0   0   0   1   0   0 |     GAG   3   3   3   3   3   3 |     GGG   0   0   0   0   0   0
--------------------------------------------------------------------------------------------------------------------------------------

Codon position x base (3x4) table for each sequence.

#1: Argali         
position  1:    T:0.14815    C:0.31481    A:0.24074    G:0.29630
position  2:    T:0.35185    C:0.09259    A:0.35185    G:0.20370
position  3:    T:0.09259    C:0.40741    A:0.11111    G:0.38889
Average         T:0.19753    C:0.27160    A:0.23457    G:0.29630

#2: LesserMouseDeer
position  1:    T:0.14815    C:0.31481    A:0.24074    G:0.29630
position  2:    T:0.35185    C:0.09259    A:0.35185    G:0.20370
position  3:    T:0.12963    C:0.37037    A:0.11111    G:0.38889
Average         T:0.20988    C:0.25926    A:0.23457    G:0.29630

#3: LesserKudu     
position  1:    T:0.14815    C:0.31481    A:0.24074    G:0.29630
position  2:    T:0.35185    C:0.09259    A:0.35185    G:0.20370
position  3:    T:0.11111    C:0.38889    A:0.11111    G:0.38889
Average         T:0.20370    C:0.26543    A:0.23457    G:0.29630

#4: ForestMuskDeer2
position  1:    T:0.14815    C:0.31481    A:0.24074    G:0.29630
position  2:    T:0.35185    C:0.09259    A:0.35185    G:0.20370
position  3:    T:0.11111    C:0.38889    A:0.09259    G:0.40741
Average         T:0.20370    C:0.26543    A:0.22840    G:0.30247

#5: Camel          
position  1:    T:0.14815    C:0.31481    A:0.24074    G:0.29630
position  2:    T:0.35185    C:0.09259    A:0.35185    G:0.20370
position  3:    T:0.07407    C:0.46296    A:0.12963    G:0.33333
Average         T:0.19136    C:0.29012    A:0.24074    G:0.27778

#6: KillerWhale    
position  1:    T:0.14815    C:0.31481    A:0.24074    G:0.29630
position  2:    T:0.35185    C:0.09259    A:0.35185    G:0.20370
position  3:    T:0.09259    C:0.38889    A:0.05556    G:0.46296
Average         T:0.19753    C:0.26543    A:0.21605    G:0.32099

#7: DefassaWaterbuck
position  1:    T:0.14815    C:0.31481    A:0.24074    G:0.29630
position  2:    T:0.35185    C:0.09259    A:0.35185    G:0.20370
position  3:    T:0.09259    C:0.40741    A:0.11111    G:0.38889
Average         T:0.19753    C:0.27160    A:0.23457    G:0.29630

#8: Sheep          
position  1:    T:0.14815    C:0.31481    A:0.24074    G:0.29630
position  2:    T:0.35185    C:0.09259    A:0.35185    G:0.20370
position  3:    T:0.09259    C:0.40741    A:0.11111    G:0.38889
Average         T:0.19753    C:0.27160    A:0.23457    G:0.29630

#9: MaxwellsDuiker 
position  1:    T:0.14815    C:0.31481    A:0.24074    G:0.29630
position  2:    T:0.35185    C:0.09259    A:0.35185    G:0.20370
position  3:    T:0.09259    C:0.40741    A:0.11111    G:0.38889
Average         T:0.19753    C:0.27160    A:0.23457    G:0.29630

#10: GazellaPrzewalskyi
position  1:    T:0.14815    C:0.31481    A:0.24074    G:0.29630
position  2:    T:0.35185    C:0.09259    A:0.35185    G:0.20370
position  3:    T:0.11111    C:0.38889    A:0.11111    G:0.38889
Average         T:0.20370    C:0.26543    A:0.23457    G:0.29630

#11: MountainNyala  
position  1:    T:0.14815    C:0.31481    A:0.24074    G:0.29630
position  2:    T:0.35185    C:0.09259    A:0.35185    G:0.20370
position  3:    T:0.09259    C:0.40741    A:0.11111    G:0.38889
Average         T:0.19753    C:0.27160    A:0.23457    G:0.29630

#12: MuntiacusMuntjak
position  1:    T:0.14815    C:0.31481    A:0.24074    G:0.29630
position  2:    T:0.35185    C:0.09259    A:0.35185    G:0.20370
position  3:    T:0.09259    C:0.40741    A:0.09259    G:0.40741
Average         T:0.19753    C:0.27160    A:0.22840    G:0.30247

#13: goat           
position  1:    T:0.14815    C:0.31481    A:0.24074    G:0.29630
position  2:    T:0.35185    C:0.09259    A:0.35185    G:0.20370
position  3:    T:0.09259    C:0.40741    A:0.11111    G:0.38889
Average         T:0.19753    C:0.27160    A:0.23457    G:0.29630

#14: AfricanBuffalo 
position  1:    T:0.14815    C:0.31481    A:0.24074    G:0.29630
position  2:    T:0.35185    C:0.09259    A:0.35185    G:0.20370
position  3:    T:0.09259    C:0.40741    A:0.11111    G:0.38889
Average         T:0.19753    C:0.27160    A:0.23457    G:0.29630

#15: Topi           
position  1:    T:0.14815    C:0.31481    A:0.24074    G:0.29630
position  2:    T:0.35185    C:0.09259    A:0.35185    G:0.20370
position  3:    T:0.09259    C:0.40741    A:0.11111    G:0.38889
Average         T:0.19753    C:0.27160    A:0.23457    G:0.29630

#16: CommonDuiker   
position  1:    T:0.14815    C:0.31481    A:0.24074    G:0.29630
position  2:    T:0.35185    C:0.09259    A:0.35185    G:0.20370
position  3:    T:0.09259    C:0.40741    A:0.11111    G:0.38889
Average         T:0.19753    C:0.27160    A:0.23457    G:0.29630

#17: Suni           
position  1:    T:0.14815    C:0.31481    A:0.24074    G:0.29630
position  2:    T:0.35185    C:0.09259    A:0.35185    G:0.20370
position  3:    T:0.09259    C:0.40741    A:0.12963    G:0.37037
Average         T:0.19753    C:0.27160    A:0.24074    G:0.29012

#18: Springbuck     
position  1:    T:0.14815    C:0.31481    A:0.24074    G:0.29630
position  2:    T:0.35185    C:0.09259    A:0.35185    G:0.20370
position  3:    T:0.09259    C:0.40741    A:0.11111    G:0.38889
Average         T:0.19753    C:0.27160    A:0.23457    G:0.29630

#19: Okapi          
position  1:    T:0.14815    C:0.31481    A:0.24074    G:0.29630
position  2:    T:0.35185    C:0.09259    A:0.35185    G:0.20370
position  3:    T:0.09259    C:0.40741    A:0.09259    G:0.40741
Average         T:0.19753    C:0.27160    A:0.22840    G:0.30247

#20: Giraffe        
position  1:    T:0.14815    C:0.31481    A:0.24074    G:0.29630
position  2:    T:0.35185    C:0.09259    A:0.35185    G:0.20370
position  3:    T:0.09259    C:0.40741    A:0.09259    G:0.40741
Average         T:0.19753    C:0.27160    A:0.22840    G:0.30247

#21: TibetanAntelope
position  1:    T:0.14815    C:0.31481    A:0.24074    G:0.29630
position  2:    T:0.35185    C:0.09259    A:0.35185    G:0.20370
position  3:    T:0.11111    C:0.40741    A:0.09259    G:0.38889
Average         T:0.20370    C:0.27160    A:0.22840    G:0.29630

#22: Sitatunga      
position  1:    T:0.14815    C:0.33333    A:0.24074    G:0.27778
position  2:    T:0.35185    C:0.09259    A:0.35185    G:0.20370
position  3:    T:0.09259    C:0.40741    A:0.11111    G:0.38889
Average         T:0.19753    C:0.27778    A:0.23457    G:0.29012

#23: Oribi          
position  1:    T:0.14815    C:0.31481    A:0.24074    G:0.29630
position  2:    T:0.35185    C:0.09259    A:0.35185    G:0.20370
position  3:    T:0.12963    C:0.37037    A:0.09259    G:0.40741
Average         T:0.20988    C:0.25926    A:0.22840    G:0.30247

#24: BarbarySheep   
position  1:    T:0.14815    C:0.31481    A:0.24074    G:0.29630
position  2:    T:0.35185    C:0.09259    A:0.35185    G:0.20370
position  3:    T:0.09259    C:0.40741    A:0.11111    G:0.38889
Average         T:0.19753    C:0.27160    A:0.23457    G:0.29630

#25: Daviddeer      
position  1:    T:0.14815    C:0.33333    A:0.24074    G:0.27778
position  2:    T:0.35185    C:0.11111    A:0.35185    G:0.18519
position  3:    T:0.09259    C:0.40741    A:0.09259    G:0.40741
Average         T:0.19753    C:0.28395    A:0.22840    G:0.29012

#26: Reindeer       
position  1:    T:0.16667    C:0.29630    A:0.24074    G:0.29630
position  2:    T:0.35185    C:0.09259    A:0.35185    G:0.20370
position  3:    T:0.11111    C:0.38889    A:0.09259    G:0.40741
Average         T:0.20988    C:0.25926    A:0.22840    G:0.30247

#27: Ibex           
position  1:    T:0.14815    C:0.31481    A:0.24074    G:0.29630
position  2:    T:0.35185    C:0.09259    A:0.35185    G:0.20370
position  3:    T:0.09259    C:0.40741    A:0.11111    G:0.38889
Average         T:0.19753    C:0.27160    A:0.23457    G:0.29630

#28: GyrantGazelle  
position  1:    T:0.14815    C:0.31481    A:0.24074    G:0.29630
position  2:    T:0.35185    C:0.09259    A:0.35185    G:0.20370
position  3:    T:0.09259    C:0.40741    A:0.11111    G:0.38889
Average         T:0.19753    C:0.27160    A:0.23457    G:0.29630

#29: Hartebeest     
position  1:    T:0.14815    C:0.31481    A:0.24074    G:0.29630
position  2:    T:0.35185    C:0.09259    A:0.35185    G:0.20370
position  3:    T:0.09259    C:0.40741    A:0.11111    G:0.38889
Average         T:0.19753    C:0.27160    A:0.23457    G:0.29630

#30: Bongo          
position  1:    T:0.14815    C:0.31481    A:0.24074    G:0.29630
position  2:    T:0.35185    C:0.09259    A:0.35185    G:0.20370
position  3:    T:0.09259    C:0.40741    A:0.11111    G:0.38889
Average         T:0.19753    C:0.27160    A:0.23457    G:0.29630

#31: Gerenuk        
position  1:    T:0.14815    C:0.31481    A:0.24074    G:0.29630
position  2:    T:0.35185    C:0.09259    A:0.35185    G:0.20370
position  3:    T:0.09259    C:0.40741    A:0.11111    G:0.38889
Average         T:0.19753    C:0.27160    A:0.23457    G:0.29630

#32: CommonEland    
position  1:    T:0.14815    C:0.29630    A:0.25926    G:0.29630
position  2:    T:0.35185    C:0.09259    A:0.35185    G:0.20370
position  3:    T:0.09259    C:0.40741    A:0.11111    G:0.38889
Average         T:0.19753    C:0.26543    A:0.24074    G:0.29630

#33: MuntiacusReevesi
position  1:    T:0.14815    C:0.31481    A:0.24074    G:0.29630
position  2:    T:0.35185    C:0.09259    A:0.35185    G:0.20370
position  3:    T:0.09259    C:0.40741    A:0.09259    G:0.40741
Average         T:0.19753    C:0.27160    A:0.22840    G:0.30247

#34: HarveysDuiker  
position  1:    T:0.14815    C:0.31481    A:0.24074    G:0.29630
position  2:    T:0.35185    C:0.09259    A:0.35185    G:0.20370
position  3:    T:0.11111    C:0.38889    A:0.11111    G:0.38889
Average         T:0.20370    C:0.26543    A:0.23457    G:0.29630

#35: Pronghorn      
position  1:    T:0.14815    C:0.31481    A:0.24074    G:0.29630
position  2:    T:0.35185    C:0.09259    A:0.35185    G:0.20370
position  3:    T:0.11111    C:0.38889    A:0.09259    G:0.40741
Average         T:0.20370    C:0.26543    A:0.22840    G:0.30247

#36: BlueWildebeest 
position  1:    T:0.14815    C:0.31481    A:0.24074    G:0.29630
position  2:    T:0.35185    C:0.09259    A:0.35185    G:0.20370
position  3:    T:0.09259    C:0.40741    A:0.11111    G:0.38889
Average         T:0.19753    C:0.27160    A:0.23457    G:0.29630

#37: Gemsbok        
position  1:    T:0.14815    C:0.31481    A:0.24074    G:0.29630
position  2:    T:0.35185    C:0.09259    A:0.35185    G:0.20370
position  3:    T:0.09259    C:0.40741    A:0.12963    G:0.37037
Average         T:0.19753    C:0.27160    A:0.24074    G:0.29012

#38: Yak            
position  1:    T:0.14815    C:0.31481    A:0.24074    G:0.29630
position  2:    T:0.35185    C:0.09259    A:0.35185    G:0.20370
position  3:    T:0.11111    C:0.38889    A:0.11111    G:0.38889
Average         T:0.20370    C:0.26543    A:0.23457    G:0.29630

#39: BlueSheep      
position  1:    T:0.14815    C:0.31481    A:0.24074    G:0.29630
position  2:    T:0.35185    C:0.09259    A:0.35185    G:0.20370
position  3:    T:0.09259    C:0.40741    A:0.11111    G:0.38889
Average         T:0.19753    C:0.27160    A:0.23457    G:0.29630

#40: BohorReedbuck  
position  1:    T:0.14815    C:0.31481    A:0.24074    G:0.29630
position  2:    T:0.35185    C:0.09259    A:0.35185    G:0.20370
position  3:    T:0.09259    C:0.40741    A:0.11111    G:0.38889
Average         T:0.19753    C:0.27160    A:0.23457    G:0.29630

#41: KirksDik       
position  1:    T:0.14815    C:0.31481    A:0.24074    G:0.29630
position  2:    T:0.35185    C:0.09259    A:0.35185    G:0.20370
position  3:    T:0.11111    C:0.38889    A:0.11111    G:0.38889
Average         T:0.20370    C:0.26543    A:0.23457    G:0.29630

#42: RoeDeer        
position  1:    T:0.14815    C:0.31481    A:0.24074    G:0.29630
position  2:    T:0.35185    C:0.09259    A:0.35185    G:0.20370
position  3:    T:0.09259    C:0.40741    A:0.11111    G:0.38889
Average         T:0.19753    C:0.27160    A:0.23457    G:0.29630

#43: WhiteLippedDeer
position  1:    T:0.14815    C:0.31481    A:0.24074    G:0.29630
position  2:    T:0.35185    C:0.09259    A:0.35185    G:0.20370
position  3:    T:0.09259    C:0.40741    A:0.09259    G:0.40741
Average         T:0.19753    C:0.27160    A:0.22840    G:0.30247

#44: ThomsonGazelle 
position  1:    T:0.14815    C:0.31481    A:0.24074    G:0.29630
position  2:    T:0.35185    C:0.09259    A:0.35185    G:0.20370
position  3:    T:0.09259    C:0.40741    A:0.11111    G:0.38889
Average         T:0.19753    C:0.27160    A:0.23457    G:0.29630

#45: MuntiacusCrinifrons
position  1:    T:0.14815    C:0.31481    A:0.24074    G:0.29630
position  2:    T:0.35185    C:0.09259    A:0.35185    G:0.20370
position  3:    T:0.09259    C:0.40741    A:0.09259    G:0.40741
Average         T:0.19753    C:0.27160    A:0.22840    G:0.30247

#46: WhiteTailedDeer
position  1:    T:0.16667    C:0.29630    A:0.24074    G:0.29630
position  2:    T:0.35185    C:0.09259    A:0.35185    G:0.20370
position  3:    T:0.09259    C:0.40741    A:0.09259    G:0.40741
Average         T:0.20370    C:0.26543    A:0.22840    G:0.30247

#47: Cattle         
position  1:    T:0.14815    C:0.31481    A:0.24074    G:0.29630
position  2:    T:0.35185    C:0.09259    A:0.35185    G:0.20370
position  3:    T:0.11111    C:0.38889    A:0.11111    G:0.38889
Average         T:0.20370    C:0.26543    A:0.23457    G:0.29630

#48: RoyalAntelope  
position  1:    T:0.14815    C:0.31481    A:0.24074    G:0.29630
position  2:    T:0.35185    C:0.09259    A:0.35185    G:0.20370
position  3:    T:0.09259    C:0.40741    A:0.12963    G:0.37037
Average         T:0.19753    C:0.27160    A:0.24074    G:0.29012

#49: Steenbok       
position  1:    T:0.14815    C:0.31481    A:0.24074    G:0.29630
position  2:    T:0.35185    C:0.09259    A:0.35185    G:0.20370
position  3:    T:0.11111    C:0.38889    A:0.11111    G:0.38889
Average         T:0.20370    C:0.26543    A:0.23457    G:0.29630

#50: Impala         
position  1:    T:0.14815    C:0.31481    A:0.24074    G:0.29630
position  2:    T:0.35185    C:0.09259    A:0.35185    G:0.20370
position  3:    T:0.09259    C:0.40741    A:0.11111    G:0.38889
Average         T:0.19753    C:0.27160    A:0.23457    G:0.29630

#51: Klipspringer   
position  1:    T:0.14815    C:0.29630    A:0.25926    G:0.29630
position  2:    T:0.35185    C:0.09259    A:0.35185    G:0.20370
