CODONML (in paml version 4.10.7, June 2023)  /home/rachel/ruminants_paml/6406-phy-tree/ENSBTAT00000012054.fasta.phy
Model: free dN/dS Ratios for branches,  kappa = 2.000 fixed

Codon frequency model: F3x4
ns =  54  ls =  24

Codon usage in sequences
--------------------------------------------------------------------------------------------------------------------------------------
Phe TTT   0   0   0   1   0   0 | Ser TCT   0   0   0   0   1   0 | Tyr TAT   0   0   0   0   0   0 | Cys TGT   1   1   1   1   0   1
    TTC   0   0   0   0   0   0 |     TCC   1   1   0   1   2   1 |     TAC   0   1   0   0   0   0 |     TGC   0   0   0   0   0   0
Leu TTA   0   0   0   0   0   0 |     TCA   1   1   1   1   0   1 | *** TAA   0   0   0   0   0   0 | *** TGA   0   0   0   0   0   0
    TTG   1   1   1   2   0   1 |     TCG   0   0   0   0   0   0 |     TAG   0   0   0   0   0   0 | Trp TGG   1   1   1   1   2   1
--------------------------------------------------------------------------------------------------------------------------------------
Leu CTT   2   1   3   1   0   0 | Pro CCT   1   1   0   1   0   0 | His CAT   1   0   1   0   0   0 | Arg CGT   1   1   1   2   1   0
    CTC   1   2   1   1   3   2 |     CCC   0   0   1   0   0   1 |     CAC   0   0   0   0   0   0 |     CGC   0   0   0   0   1   2
    CTA   0   0   0   0   0   0 |     CCA   0   0   0   0   0   0 | Gln CAA   0   0   0   0   0   0 |     CGA   0   0   0   0   0   0
    CTG   1   1   1   0   2   2 |     CCG   0   0   0   0   0   0 |     CAG   1   1   1   1   1   1 |     CGG   0   0   0   0   0   0
--------------------------------------------------------------------------------------------------------------------------------------
Ile ATT   0   0   0   0   0   0 | Thr ACT   0   0   0   0   0   0 | Asn AAT   0   0   0   0   0   0 | Ser AGT   0   0   0   0   0   0
    ATC   0   0   0   0   0   0 |     ACC   0   0   0   0   0   0 |     AAC   0   0   1   0   0   0 |     AGC   0   0   0   0   0   0
    ATA   1   0   1   1   0   0 |     ACA   0   0   0   1   0   0 | Lys AAA   0   0   0   0   0   0 | Arg AGA   0   0   0   0   0   0
Met ATG   1   1   1   1   3   2 |     ACG   0   1   0   0   0   0 |     AAG   2   2   1   1   2   2 |     AGG   0   0   0   0   1   0
--------------------------------------------------------------------------------------------------------------------------------------
Val GTT   0   0   0   0   0   0 | Ala GCT   0   0   0   0   0   0 | Asp GAT   0   0   0   0   0   0 | Gly GGT   0   0   0   0   0   0
    GTC   1   1   2   2   2   1 |     GCC   0   1   0   0   0   0 |     GAC   0   0   0   0   0   0 |     GGC   0   0   0   0   0   0
    GTA   0   0   0   0   0   0 |     GCA   1   1   1   1   1   1 | Glu GAA   0   0   0   0   0   0 |     GGA   0   0   0   0   0   0
    GTG   3   2   2   2   1   3 |     GCG   0   0   0   0   0   0 |     GAG   1   1   1   1   1   1 |     GGG   1   1   1   1   0   1
--------------------------------------------------------------------------------------------------------------------------------------

--------------------------------------------------------------------------------------------------------------------------------------
Phe TTT   0   0   0   0   0   0 | Ser TCT   0   0   0   0   0   0 | Tyr TAT   0   0   0   0   1   0 | Cys TGT   1   1   1   1   1   1
    TTC   0   0   0   0   0   0 |     TCC   1   1   1   1   1   1 |     TAC   0   0   0   0   0   0 |     TGC   0   0   0   0   0   0
Leu TTA   0   0   0   0   0   0 |     TCA   1   1   1   1   1   1 | *** TAA   0   0   0   0   0   0 | *** TGA   0   0   0   0   0   0
    TTG   1   1   1   1   1   1 |     TCG   0   0   0   0   0   0 |     TAG   0   0   0   0   0   0 | Trp TGG   1   1   1   1   1   1
--------------------------------------------------------------------------------------------------------------------------------------
Leu CTT   2   2   2   1   3   3 | Pro CCT   1   1   1   1   0   0 | His CAT   1   1   1   1   0   1 | Arg CGT   1   1   0   1   1   1
    CTC   1   1   1   1   1   1 |     CCC   0   0   0   0   0   0 |     CAC   0   0   0   0   0   0 |     CGC   0   0   1   0   0   0
    CTA   0   0   0   0   0   0 |     CCA   0   0   0   0   0   0 | Gln CAA   0   0   0   0   0   0 |     CGA   0   0   0   0   0   0
    CTG   1   1   1   2   1   2 |     CCG   0   0   0   0   0   0 |     CAG   1   1   1   1   0   1 |     CGG   0   0   0   0   1   0
--------------------------------------------------------------------------------------------------------------------------------------
Ile ATT   0   0   0   0   0   0 | Thr ACT   0   0   0   0   0   0 | Asn AAT   0   0   0   0   0   0 | Ser AGT   0   0   0   0   0   0
    ATC   0   0   0   0   0   0 |     ACC   0   0   0   0   0   0 |     AAC   0   0   0   0   0   0 |     AGC   0   0   0   0   0   0
    ATA   1   1   1   1   1   1 |     ACA   0   0   0   0   0   0 | Lys AAA   0   0   0   0   0   0 | Arg AGA   0   0   0   0   0   0
Met ATG   1   1   1   1   1   1 |     ACG   0   0   0   0   0   0 |     AAG   2   2   2   2   2   2 |     AGG   0   0   0   0   0   0
--------------------------------------------------------------------------------------------------------------------------------------
Val GTT   0   0   0   0   0   0 | Ala GCT   0   0   0   0   0   0 | Asp GAT   0   0   0   0   0   0 | Gly GGT   0   0   0   0   0   0
    GTC   2   1   2   2   2   2 |     GCC   0   0   0   0   0   0 |     GAC   0   0   0   0   0   0 |     GGC   0   0   0   0   0   0
    GTA   0   0   0   0   0   0 |     GCA   1   1   1   2   1   1 | Glu GAA   0   0   0   0   0   0 |     GGA   0   0   0   0   0   0
    GTG   2   3   2   1   2   1 |     GCG   0   0   0   0   0   0 |     GAG   1   1   1   1   1   1 |     GGG   1   1   1   1   1   1
--------------------------------------------------------------------------------------------------------------------------------------

--------------------------------------------------------------------------------------------------------------------------------------
Phe TTT   0   0   0   0   0   0 | Ser TCT   0   0   0   0   0   0 | Tyr TAT   0   1   0   0   0   0 | Cys TGT   1   1   1   1   1   1
    TTC   0   0   0   0   0   0 |     TCC   1   1   1   1   1   1 |     TAC   0   0   0   0   0   0 |     TGC   0   0   0   0   0   0
Leu TTA   0   0   0   0   0   0 |     TCA   1   1   1   1   1   1 | *** TAA   0   0   0   0   0   0 | *** TGA   0   0   0   0   0   0
    TTG   1   1   1   1   1   1 |     TCG   0   0   0   0   0   0 |     TAG   0   0   0   0   0   0 | Trp TGG   1   1   1   1   1   1
--------------------------------------------------------------------------------------------------------------------------------------
Leu CTT   2   2   2   2   2   1 | Pro CCT   1   1   1   1   1   1 | His CAT   1   0   1   1   1   1 | Arg CGT   1   1   1   0   1   1
    CTC   1   1   1   1   1   2 |     CCC   0   0   0   0   0   0 |     CAC   0   0   0   0   0   0 |     CGC   0   0   0   1   0   0
    CTA   0   0   0   0   0   0 |     CCA   0   0   0   0   0   0 | Gln CAA   0   0   0   0   0   0 |     CGA   0   0   0   0   0   0
    CTG   1   1   1   1   1   1 |     CCG   0   0   0   0   0   0 |     CAG   1   1   1   1   1   1 |     CGG   0   0   0   0   0   0
--------------------------------------------------------------------------------------------------------------------------------------
Ile ATT   0   0   0   0   0   0 | Thr ACT   0   0   0   0   0   0 | Asn AAT   0   0   0   0   0   0 | Ser AGT   0   0   0   0   0   0
    ATC   0   0   0   0   0   0 |     ACC   0   0   0   0   0   0 |     AAC   0   0   0   0   0   0 |     AGC   0   0   0   0   0   0
    ATA   1   1   1   1   1   1 |     ACA   0   0   0   0   0   0 | Lys AAA   0   0   0   0   0   0 | Arg AGA   0   0   0   0   0   0
Met ATG   1   1   1   1   1   1 |     ACG   0   0   0   0   0   0 |     AAG   2   2   2   2   2   2 |     AGG   0   0   0   0   0   0
--------------------------------------------------------------------------------------------------------------------------------------
Val GTT   0   0   0   0   0   0 | Ala GCT   0   0   0   0   0   0 | Asp GAT   0   0   0   0   0   0 | Gly GGT   0   0   0   0   0   0
    GTC   2   2   2   2   2   2 |     GCC   0   0   0   0   0   0 |     GAC   0   0   0   0   0   0 |     GGC   0   0   1   0   0   0
    GTA   0   0   0   0   0   1 |     GCA   1   1   1   1   1   1 | Glu GAA   0   1   0   0   0   0 |     GGA   0   0   0   0   0   0
    GTG   2   2   2   2   2   1 |     GCG   0   0   0   0   0   0 |     GAG   1   0   1   1   1   1 |     GGG   1   1   0   1   1   1
--------------------------------------------------------------------------------------------------------------------------------------

--------------------------------------------------------------------------------------------------------------------------------------
Phe TTT   0   0   0   0   0   0 | Ser TCT   0   0   0   0   0   0 | Tyr TAT   0   0   0   1   1   0 | Cys TGT   1   1   1   1   1   1
    TTC   0   0   0   0   0   0 |     TCC   1   1   1   1   1   1 |     TAC   0   0   0   0   0   0 |     TGC   0   0   0   0   0   0
Leu TTA   0   0   0   0   0   0 |     TCA   1   1   1   1   1   1 | *** TAA   0   0   0   0   0   0 | *** TGA   0   0   0   0   0   0
    TTG   1   1   1   1   1   1 |     TCG   0   0   0   0   0   0 |     TAG   0   0   0   0   0   0 | Trp TGG   1   1   1   1   1   1
--------------------------------------------------------------------------------------------------------------------------------------
Leu CTT   2   2   2   2   1   2 | Pro CCT   1   1   1   1   1   1 | His CAT   1   1   1   0   0   0 | Arg CGT   1   1   1   1   1   2
    CTC   1   1   1   1   2   1 |     CCC   0   0   0   0   0   0 |     CAC   0   0   0   0   0   0 |     CGC   0   0   0   0   0   0
    CTA   0   0   0   0   0   0 |     CCA   0   0   0   0   0   0 | Gln CAA   0   0   0   0   0   0 |     CGA   0   0   0   0   0   0
    CTG   1   1   1   1   1   1 |     CCG   0   0   0   0   0   0 |     CAG   1   1   1   1   1   1 |     CGG   0   0   0   0   0   0
--------------------------------------------------------------------------------------------------------------------------------------
Ile ATT   0   0   0   0   0   0 | Thr ACT   0   0   0   0   0   0 | Asn AAT   0   0   0   0   0   0 | Ser AGT   0   0   0   0   0   0
    ATC   0   0   0   0   0   0 |     ACC   0   0   0   0   0   0 |     AAC   1   1   0   0   0   0 |     AGC   0   0   0   0   0   0
    ATA   0   0   1   1   1   1 |     ACA   0   0   0   0   0   0 | Lys AAA   0   0   0   0   0   0 | Arg AGA   0   0   0   0   0   0
Met ATG   2   2   1   1   1   1 |     ACG   0   0   0   0   0   0 |     AAG   1   1   1   2   2   2 |     AGG   0   0   1   0   0   0
--------------------------------------------------------------------------------------------------------------------------------------
Val GTT   0   0   0   0   0   0 | Ala GCT   0   0   0   0   0   0 | Asp GAT   0   0   0   0   0   0 | Gly GGT   0   0   0   0   0   0
    GTC   2   2   2   2   2   2 |     GCC   0   0   0   0   0   0 |     GAC   0   0   0   0   0   0 |     GGC   0   0   0   0   0   0
    GTA   1   1   0   0   0   0 |     GCA   1   1   1   1   1   1 | Glu GAA   0   0   0   0   0   0 |     GGA   0   0   0   0   0   0
    GTG   1   1   2   2   2   2 |     GCG   0   0   0   0   0   0 |     GAG   1   1   1   1   1   1 |     GGG   1   1   1   1   1   1
--------------------------------------------------------------------------------------------------------------------------------------

--------------------------------------------------------------------------------------------------------------------------------------
Phe TTT   0   0   0   1   0   0 | Ser TCT   0   0   0   0   0   0 | Tyr TAT   0   0   0   0   0   1 | Cys TGT   1   1   1   1   1   1
    TTC   0   0   0   0   0   0 |     TCC   1   1   1   1   1   1 |     TAC   0   0   0   0   0   0 |     TGC   0   0   0   0   0   0
Leu TTA   0   0   0   0   0   0 |     TCA   1   1   1   1   1   1 | *** TAA   0   0   0   0   0   0 | *** TGA   0   0   0   0   0   0
    TTG   1   1   1   1   1   1 |     TCG   0   0   0   0   0   0 |     TAG   0   0   0   0   0   0 | Trp TGG   0   1   1   1   1   1
--------------------------------------------------------------------------------------------------------------------------------------
Leu CTT   3   2   2   0   2   3 | Pro CCT   0   1   1   1   1   0 | His CAT   0   1   1   1   1   0 | Arg CGT   2   1   1   1   1   1
    CTC   1   1   1   2   1   1 |     CCC   0   0   0   0   0   0 |     CAC   0   0   0   0   0   0 |     CGC   0   0   0   0   0   0
    CTA   0   0   0   0   0   0 |     CCA   0   0   0   0   0   0 | Gln CAA   0   0   0   0   0   0 |     CGA   0   0   0   0   0   0
    CTG   2   1   1   1   1   1 |     CCG   0   0   0   0   0   0 |     CAG   1   1   1   1   1   1 |     CGG   0   0   0   0   0   0
--------------------------------------------------------------------------------------------------------------------------------------
Ile ATT   0   0   0   0   0   0 | Thr ACT   0   0   0   0   0   0 | Asn AAT   0   0   0   0   0   0 | Ser AGT   0   0   0   0   0   0
    ATC   0   0   0   0   0   0 |     ACC   0   0   0   0   0   0 |     AAC   0   0   0   0   0   0 |     AGC   0   0   0   0   0   0
    ATA   0   1   1   1   1   1 |     ACA   0   0   0   0   0   0 | Lys AAA   0   0   0   0   0   0 | Arg AGA   1   0   0   0   0   0
Met ATG   1   1   1   1   1   1 |     ACG   0   0   0   0   0   0 |     AAG   2   2   2   2   2   2 |     AGG   0   0   0   0   0   0
--------------------------------------------------------------------------------------------------------------------------------------
Val GTT   0   0   0   0   0   0 | Ala GCT   0   0   0   0   0   0 | Asp GAT   0   0   0   0   0   0 | Gly GGT   0   0   0   0   0   0
    GTC   2   2   2   2   2   2 |     GCC   0   0   0   0   0   0 |     GAC   0   0   0   0   0   0 |     GGC   0   0   0   0   0   0
    GTA   0   0   0   0   0   0 |     GCA   1   1   1   1   1   1 | Glu GAA   0   0   0   0   0   0 |     GGA   0   0   0   0   0   0
    GTG   1   2   2   2   2   2 |     GCG   0   0   0   0   0   0 |     GAG   1   1   1   1   1   1 |     GGG   2   1   1   1   1   1
--------------------------------------------------------------------------------------------------------------------------------------

--------------------------------------------------------------------------------------------------------------------------------------
Phe TTT   0   0   0   0   0   0 | Ser TCT   0   0   0   0   0   0 | Tyr TAT   0   1   0   0   0   0 | Cys TGT   1   1   1   1   1   1
    TTC   0   0   0   0   0   0 |     TCC   1   1   1   1   1   1 |     TAC   0   0   0   0   0   0 |     TGC   0   0   0   0   0   0
Leu TTA   0   0   0   0   0   0 |     TCA   1   1   1   1   2   1 | *** TAA   0   0   0   0   0   0 | *** TGA   0   0   0   0   0   0
    TTG   1   1   1   1   1   1 |     TCG   0   0   0   0   0   0 |     TAG   0   0   0   0   0   0 | Trp TGG   1   1   1   1   1   1
--------------------------------------------------------------------------------------------------------------------------------------
Leu CTT   1   3   3   2   1   2 | Pro CCT   1   0   0   1   0   1 | His CAT   1   0   1   1   1   1 | Arg CGT   1   1   1   1   1   1
    CTC   2   1   1   1   2   1 |     CCC   0   0   0   0   0   0 |     CAC   0   0   0   0   0   0 |     CGC   0   0   0   0   0   0
    CTA   0   0   0   0   0   0 |     CCA   0   0   0   0   0   0 | Gln CAA   0   0   0   0   0   0 |     CGA   0   0   0   0   0   0
    CTG   1   1   2   1   1   1 |     CCG   0   0   0   0   1   0 |     CAG   1   1   1   1   1   1 |     CGG   0   0   0   0   0   0
--------------------------------------------------------------------------------------------------------------------------------------
Ile ATT   0   0   0   0   0   0 | Thr ACT   0   0   0   0   0   0 | Asn AAT   0   0   0   0   0   0 | Ser AGT   0   0   0   0   0   0
    ATC   0   0   0   0   1   0 |     ACC   0   0   0   0   0   0 |     AAC   0   0   0   0   0   0 |     AGC   0   0   0   0   0   0
    ATA   1   1   1   1   0   1 |     ACA   0   0   0   0   0   0 | Lys AAA   0   0   0   0   0   0 | Arg AGA   0   0   0   0   0   0
Met ATG   1   1   1   1   1   1 |     ACG   0   0   0   0   0   0 |     AAG   2   2   2   2   2   2 |     AGG   0   0   0   0   0   0
--------------------------------------------------------------------------------------------------------------------------------------
Val GTT   0   0   0   0   0   0 | Ala GCT   0   0   0   0   0   0 | Asp GAT   0   0   0   0   0   0 | Gly GGT   0   0   0   0   0   0
    GTC   2   2   2   2   2   2 |     GCC   0   0   0   0   0   0 |     GAC   0   0   0   0   0   0 |     GGC   0   0   0   0   0   0
    GTA   1   0   0   0   1   0 |     GCA   1   1   1   1   0   1 | Glu GAA   0   0   0   0   0   0 |     GGA   0   0   0   0   0   0
    GTG   1   2   1   2   1   2 |     GCG   0   0   0   0   0   0 |     GAG   1   1   1   1   1   1 |     GGG   1   1   1   1   1   1
--------------------------------------------------------------------------------------------------------------------------------------

--------------------------------------------------------------------------------------------------------------------------------------
Phe TTT   0   0   0   0   0   0 | Ser TCT   0   0   0   0   0   0 | Tyr TAT   0   1   0   0   0   0 | Cys TGT   1   1   1   1   2   1
    TTC   0   0   0   0   0   0 |     TCC   1   1   1   1   1   1 |     TAC   0   0   0   0   0   0 |     TGC   0   0   0   0   0   0
Leu TTA   0   0   0   0   0   0 |     TCA   1   1   1   1   1   1 | *** TAA   0   0   0   0   0   0 | *** TGA   0   0   0   0   0   0
    TTG   1   1   1   1   1   1 |     TCG   0   0   0   0   0   0 |     TAG   0   0   0   0   0   0 | Trp TGG   1   1   1   1   1   1
--------------------------------------------------------------------------------------------------------------------------------------
Leu CTT   2   2   2   2   0   3 | Pro CCT   1   1   1   1   1   0 | His CAT   1   0   1   1   1   1 | Arg CGT   1   1   1   1   1   1
    CTC   2   1   1   1   3   1 |     CCC   0   0   0   0   0   0 |     CAC   0   0   0   0   0   0 |     CGC   0   0   0   0   0   0
    CTA   0   0   0   0   0   0 |     CCA   0   0   0   0   0   0 | Gln CAA   0   0   0   0   0   0 |     CGA   0   0   0   0   0   0
    CTG   0   1   1   1   1   1 |     CCG   0   0   0   0   0   0 |     CAG   1   1   1   1   1   1 |     CGG   0   0   0   0   0   0
--------------------------------------------------------------------------------------------------------------------------------------
Ile ATT   0   0   0   0   0   0 | Thr ACT   0   0   0   0   0   0 | Asn AAT   0   0   0   0   0   0 | Ser AGT   0   0   0   0   0   0
    ATC   0   0   0   0   0   0 |     ACC   0   0   0   0   0   0 |     AAC   0   0   0   0   0   0 |     AGC   0   0   0   0   0   0
    ATA   1   1   1   1   1   1 |     ACA   0   0   0   0   0   0 | Lys AAA   0   0   0   0   0   0 | Arg AGA   0   0   0   0   0   0
Met ATG   1   1   1   1   1   1 |     ACG   0   0   0   0   0   0 |     AAG   2   2   2   2   2   2 |     AGG   0   0   0   0   0   0
--------------------------------------------------------------------------------------------------------------------------------------
Val GTT   0   0   0   0   0   0 | Ala GCT   0   0   0   0   0   0 | Asp GAT   0   0   0   0   0   0 | Gly GGT   0   0   0   0   0   0
    GTC   2   2   2   2   2   2 |     GCC   1   0   0   0   0   0 |     GAC   0   0   0   0   0   0 |     GGC   0   0   0   0   0   0
    GTA   0   0   0   0   0   0 |     GCA   0   1   1   1   1   1 | Glu GAA   0   0   0   0   0   0 |     GGA   0   0   0   0   0   0
    GTG   2   2   2   2   2   2 |     GCG   0   0   0   0   0   0 |     GAG   1   1   1   1   1   2 |     GGG   1   1   1   1   0   0
--------------------------------------------------------------------------------------------------------------------------------------

--------------------------------------------------------------------------------------------------------------------------------------
Phe TTT   0   1   0   0   0   0 | Ser TCT   0   0   0   0   0   0 | Tyr TAT   0   0   0   0   1   0 | Cys TGT   1   1   1   1   1   1
    TTC   0   0   0   0   0   0 |     TCC   1   1   1   1   1   1 |     TAC   0   0   0   0   0   0 |     TGC   0   0   0   0   0   0
Leu TTA   0   0   0   0   0   0 |     TCA   1   1   1   1   1   1 | *** TAA   0   0   0   0   0   0 | *** TGA   0   0   0   0   0   0
    TTG   1   1   1   1   1   1 |     TCG   0   0   0   0   0   0 |     TAG   0   0   0   0   0   0 | Trp TGG   0   1   1   1   1   1
--------------------------------------------------------------------------------------------------------------------------------------
Leu CTT   3   0   3   2   2   2 | Pro CCT   0   1   0   1   1   1 | His CAT   1   1   1   1   0   1 | Arg CGT   1   1   1   1   1   1
    CTC   1   2   1   1   1   1 |     CCC   0   0   0   0   0   0 |     CAC   0   0   0   0   0   0 |     CGC   0   0   0   0   0   0
    CTA   0   0   0   0   0   0 |     CCA   0   0   0   0   0   0 | Gln CAA   0   0   0   0   0   0 |     CGA   0   0   0   0   0   0
    CTG   2   1   2   1   1   1 |     CCG   0   0   0   0   0   0 |     CAG   1   1   1   1   1   1 |     CGG   0   0   0   0   0   0
--------------------------------------------------------------------------------------------------------------------------------------
Ile ATT   0   0   0   0   0   0 | Thr ACT   0   0   0   0   0   0 | Asn AAT   0   0   0   0   0   0 | Ser AGT   0   0   0   0   0   0
    ATC   0   0   0   0   0   0 |     ACC   0   0   0   0   0   0 |     AAC   0   0   0   0   0   0 |     AGC   0   0   0   0   0   0
    ATA   0   1   1   1   1   1 |     ACA   0   0   0   0   0   0 | Lys AAA   0   0   0   0   0   0 | Arg AGA   1   0   0   0   0   0
Met ATG   1   1   1   1   1   1 |     ACG   0   0   0   0   0   0 |     AAG   2   2   2   2   2   2 |     AGG   0   0   0   0   0   0
--------------------------------------------------------------------------------------------------------------------------------------
Val GTT   0   0   0   0   0   0 | Ala GCT   0   0   0   0   0   0 | Asp GAT   0   0   0   0   0   0 | Gly GGT   0   0   0   0   0   0
    GTC   2   2   2   2   1   2 |     GCC   0   0   0   0   1   0 |     GAC   0   0   0   0   0   0 |     GGC   0   0   0   0   0   0
    GTA   0   0   0   0   0   0 |     GCA   1   1   1   1   1   1 | Glu GAA   0   0   0   0   0   0 |     GGA   0   0   0   0   0   0
    GTG   1   2   1   2   2   1 |     GCG   0   0   0   0   0   1 |     GAG   1   1   1   1   1   1 |     GGG   2   1   1   1   1   1
--------------------------------------------------------------------------------------------------------------------------------------

--------------------------------------------------------------------------------------------------------------------------------------
Phe TTT   0   0   0   1   0   0 | Ser TCT   0   0   0   0   0   0 | Tyr TAT   0   0   0   0   1   1 | Cys TGT   1   1   1   1   1   1
    TTC   0   0   0   0   0   0 |     TCC   1   1   1   1   1   1 |     TAC   0   0   0   0   0   0 |     TGC   0   0   0   0   0   0
Leu TTA   0   0   0   0   0   0 |     TCA   1   1   1   1   1   1 | *** TAA   0   0   0   0   0   0 | *** TGA   0   0   0   0   0   0
    TTG   1   1   1   2   1   1 |     TCG   0   0   0   0   0   0 |     TAG   0   0   0   0   0   0 | Trp TGG   1   1   1   1   1   1
--------------------------------------------------------------------------------------------------------------------------------------
Leu CTT   0   1   2   1   3   2 | Pro CCT   1   1   1   1   0   1 | His CAT   1   1   1   0   0   0 | Arg CGT   1   1   1   2   1   1
    CTC   3   2   1   1   1   1 |     CCC   0   0   0   0   0   0 |     CAC   0   0   0   0   0   0 |     CGC   0   0   0   0   0   0
    CTA   0   0   1   0   0   0 |     CCA   0   0   0   0   0   0 | Gln CAA   0   0   0   0   0   0 |     CGA   0   0   0   0   0   0
    CTG   0   1   0   0   1   1 |     CCG   0   0   1   0   0   0 |     CAG   1   1   0   1   1   1 |     CGG   0   0   0   0   0   0
--------------------------------------------------------------------------------------------------------------------------------------
Ile ATT   0   0   0   0   0   0 | Thr ACT   0   0   0   0   0   0 | Asn AAT   0   0   0   0   0   0 | Ser AGT   0   0   0   0   0   0
    ATC   0   0   0   0   0   0 |     ACC   0   0   0   0   0   0 |     AAC   0   0   0   0   0   0 |     AGC   0   0   0   0   0   0
    ATA   1   1   1   1   1   1 |     ACA   0   0   0   1   0   0 | Lys AAA   0   0   0   0   0   0 | Arg AGA   0   0   0   0   0   0
Met ATG   2   1   1   1   1   1 |     ACG   0   0   0   0   0   0 |     AAG   2   2   2   1   2   2 |     AGG   0   0   0   0   0   0
--------------------------------------------------------------------------------------------------------------------------------------
Val GTT   0   0   0   0   0   0 | Ala GCT   0   0   0   0   0   0 | Asp GAT   0   0   0   0   0   0 | Gly GGT   0   0   0   0   0   0
    GTC   2   2   2   2   2   2 |     GCC   0   0   0   0   0   0 |     GAC   0   0   0   0   0   0 |     GGC   0   0   0   0   0   0
    GTA   0   0   0   0   0   0 |     GCA   1   1   1   1   1   1 | Glu GAA   0   0   0   0   0   0 |     GGA   0   0   0   0   0   0
    GTG   2   2   1   2   2   2 |     GCG   0   0   1   0   0   0 |     GAG   1   1   1   1   1   1 |     GGG   1   1   1   1   1   1
--------------------------------------------------------------------------------------------------------------------------------------

Codon position x base (3x4) table for each sequence.

#1: Argali         
position  1:    T:0.20833    C:0.33333    A:0.16667    G:0.29167
position  2:    T:0.45833    C:0.16667    A:0.20833    G:0.16667
position  3:    T:0.25000    C:0.12500    A:0.12500    G:0.50000
Average         T:0.30556    C:0.20833    A:0.16667    G:0.31944

#2: LesserMouseDeer
position  1:    T:0.25000    C:0.29167    A:0.16667    G:0.29167
position  2:    T:0.37500    C:0.25000    A:0.20833    G:0.16667
position  3:    T:0.16667    C:0.25000    A:0.08333    G:0.50000
Average         T:0.26389    C:0.26389    A:0.15278    G:0.31944

#3: LesserKudu     
position  1:    T:0.16667    C:0.37500    A:0.16667    G:0.29167
position  2:    T:0.50000    C:0.12500    A:0.20833    G:0.16667
position  3:    T:0.25000    C:0.20833    A:0.12500    G:0.41667
Average         T:0.30556    C:0.23611    A:0.16667    G:0.29167

#4: ForestMuskDeer2
position  1:    T:0.29167    C:0.25000    A:0.16667    G:0.29167
position  2:    T:0.45833    C:0.20833    A:0.12500    G:0.20833
position  3:    T:0.25000    C:0.16667    A:0.16667    G:0.41667
Average         T:0.33333    C:0.20833    A:0.15278    G:0.30556

#5: Camel          
position  1:    T:0.20833    C:0.33333    A:0.25000    G:0.20833
position  2:    T:0.45833    C:0.16667    A:0.16667    G:0.20833
position  3:    T:0.08333    C:0.33333    A:0.04167    G:0.54167
Average         T:0.25000    C:0.27778    A:0.15278    G:0.31944

#6: KillerWhale    
position  1:    T:0.20833    C:0.33333    A:0.16667    G:0.29167
position  2:    T:0.45833    C:0.16667    A:0.16667    G:0.20833
position  3:    T:0.04167    C:0.29167    A:0.08333    G:0.58333
Average         T:0.23611    C:0.26389    A:0.13889    G:0.36111

#7: DefassaWaterbuck
position  1:    T:0.20833    C:0.33333    A:0.16667    G:0.29167
position  2:    T:0.45833    C:0.16667    A:0.20833    G:0.16667
position  3:    T:0.25000    C:0.16667    A:0.12500    G:0.45833
Average         T:0.30556    C:0.22222    A:0.16667    G:0.30556

#8: Sheep          
position  1:    T:0.20833    C:0.33333    A:0.16667    G:0.29167
position  2:    T:0.45833    C:0.16667    A:0.20833    G:0.16667
position  3:    T:0.25000    C:0.12500    A:0.12500    G:0.50000
Average         T:0.30556    C:0.20833    A:0.16667    G:0.31944

#9: MaxwellsDuiker 
position  1:    T:0.20833    C:0.33333    A:0.16667    G:0.29167
position  2:    T:0.45833    C:0.16667    A:0.20833    G:0.16667
position  3:    T:0.20833    C:0.20833    A:0.12500    G:0.45833
Average         T:0.29167    C:0.23611    A:0.16667    G:0.30556

#10: GazellaPrzewalskyi
position  1:    T:0.20833    C:0.33333    A:0.16667    G:0.29167
position  2:    T:0.41667    C:0.20833    A:0.20833    G:0.16667
position  3:    T:0.20833    C:0.16667    A:0.16667    G:0.45833
Average         T:0.27778    C:0.23611    A:0.18056    G:0.30556

#11: MountainNyala  
position  1:    T:0.25000    C:0.29167    A:0.16667    G:0.29167
position  2:    T:0.50000    C:0.12500    A:0.16667    G:0.20833
position  3:    T:0.25000    C:0.16667    A:0.12500    G:0.45833
Average         T:0.33333    C:0.19444    A:0.15278    G:0.31944

#12: MuntiacusMuntjak
position  1:    T:0.20833    C:0.37500    A:0.16667    G:0.25000
position  2:    T:0.50000    C:0.12500    A:0.20833    G:0.16667
position  3:    T:0.25000    C:0.16667    A:0.12500    G:0.45833
Average         T:0.31944    C:0.22222    A:0.16667    G:0.29167

#13: goat           
position  1:    T:0.20833    C:0.33333    A:0.16667    G:0.29167
position  2:    T:0.45833    C:0.16667    A:0.20833    G:0.16667
position  3:    T:0.25000    C:0.16667    A:0.12500    G:0.45833
Average         T:0.30556    C:0.22222    A:0.16667    G:0.30556

#14: AfricanBuffalo 
position  1:    T:0.25000    C:0.29167    A:0.16667    G:0.29167
position  2:    T:0.45833    C:0.16667    A:0.20833    G:0.16667
position  3:    T:0.25000    C:0.16667    A:0.16667    G:0.41667
Average         T:0.31944    C:0.20833    A:0.18056    G:0.29167

#15: Topi           
position  1:    T:0.20833    C:0.33333    A:0.16667    G:0.29167
position  2:    T:0.45833    C:0.16667    A:0.20833    G:0.16667
position  3:    T:0.25000    C:0.20833    A:0.12500    G:0.41667
Average         T:0.30556    C:0.23611    A:0.16667    G:0.29167

#16: CommonDuiker   
position  1:    T:0.20833    C:0.33333    A:0.16667    G:0.29167
position  2:    T:0.45833    C:0.16667    A:0.20833    G:0.16667
position  3:    T:0.20833    C:0.20833    A:0.12500    G:0.45833
Average         T:0.29167    C:0.23611    A:0.16667    G:0.30556

#17: Suni           
position  1:    T:0.20833    C:0.33333    A:0.16667    G:0.29167
position  2:    T:0.45833    C:0.16667    A:0.20833    G:0.16667
position  3:    T:0.25000    C:0.16667    A:0.12500    G:0.45833
Average         T:0.30556    C:0.22222    A:0.16667    G:0.30556

#18: Springbuck     
position  1:    T:0.20833    C:0.33333    A:0.16667    G:0.29167
position  2:    T:0.45833    C:0.16667    A:0.20833    G:0.16667
position  3:    T:0.20833    C:0.20833    A:0.16667    G:0.41667
Average         T:0.29167    C:0.23611    A:0.18056    G:0.29167

#19: Okapi          
position  1:    T:0.20833    C:0.33333    A:0.16667    G:0.29167
position  2:    T:0.45833    C:0.16667    A:0.20833    G:0.16667
position  3:    T:0.25000    C:0.20833    A:0.12500    G:0.41667
Average         T:0.30556    C:0.23611    A:0.16667    G:0.29167

#20: Giraffe        
position  1:    T:0.20833    C:0.33333    A:0.16667    G:0.29167
position  2:    T:0.45833    C:0.16667    A:0.20833    G:0.16667
position  3:    T:0.25000    C:0.20833    A:0.12500    G:0.41667
Average         T:0.30556    C:0.23611    A:0.16667    G:0.29167

#21: TibetanAntelope
position  1:    T:0.20833    C:0.33333    A:0.16667    G:0.29167
position  2:    T:0.45833    C:0.16667    A:0.16667    G:0.20833
position  3:    T:0.25000    C:0.16667    A:0.12500    G:0.45833
Average         T:0.30556    C:0.22222    A:0.15278    G:0.31944

#22: Sitatunga      
position  1:    T:0.25000    C:0.29167    A:0.16667    G:0.29167
position  2:    T:0.45833    C:0.16667    A:0.20833    G:0.16667
position  3:    T:0.25000    C:0.16667    A:0.12500    G:0.45833
Average         T:0.31944    C:0.20833    A:0.16667    G:0.30556

#23: Oribi          
position  1:    T:0.25000    C:0.29167    A:0.16667    G:0.29167
position  2:    T:0.45833    C:0.16667    A:0.20833    G:0.16667
position  3:    T:0.20833    C:0.20833    A:0.12500    G:0.45833
Average         T:0.30556    C:0.22222    A:0.16667    G:0.30556

#24: BarbarySheep   
position  1:    T:0.20833    C:0.33333    A:0.16667    G:0.29167
position  2:    T:0.45833    C:0.16667    A:0.16667    G:0.20833
position  3:    T:0.25000    C:0.16667    A:0.12500    G:0.45833
Average         T:0.30556    C:0.22222    A:0.15278    G:0.31944

#25: Daviddeer      
position  1:    T:0.16667    C:0.37500    A:0.16667    G:0.29167
position  2:    T:0.45833    C:0.12500    A:0.16667    G:0.25000
position  3:    T:0.25000    C:0.16667    A:0.12500    G:0.45833
Average         T:0.29167    C:0.22222    A:0.15278    G:0.33333

#26: Reindeer       
position  1:    T:0.20833    C:0.33333    A:0.16667    G:0.29167
position  2:    T:0.45833    C:0.16667    A:0.20833    G:0.16667
position  3:    T:0.25000    C:0.16667    A:0.12500    G:0.45833
Average         T:0.30556    C:0.22222    A:0.16667    G:0.30556

#27: Ibex           
position  1:    T:0.20833    C:0.33333    A:0.16667    G:0.29167
position  2:    T:0.45833    C:0.16667    A:0.20833    G:0.16667
position  3:    T:0.25000    C:0.16667    A:0.12500    G:0.45833
Average         T:0.30556    C:0.22222    A:0.16667    G:0.30556

#28: GyrantGazelle  
position  1:    T:0.25000    C:0.29167    A:0.16667    G:0.29167
position  2:    T:0.45833    C:0.16667    A:0.20833    G:0.16667
position  3:    T:0.20833    C:0.20833    A:0.12500    G:0.45833
Average         T:0.30556    C:0.22222    A:0.16667    G:0.30556

#29: Hartebeest     
position  1:    T:0.20833    C:0.33333    A:0.16667    G:0.29167
position  2:    T:0.45833    C:0.16667    A:0.20833    G:0.16667
position  3:    T:0.25000    C:0.16667    A:0.12500    G:0.45833
Average         T:0.30556    C:0.22222    A:0.16667    G:0.30556

#30: Bongo          
position  1:    T:0.25000    C:0.29167    A:0.16667    G:0.29167
position  2:    T:0.50000    C:0.12500    A:0.20833    G:0.16667
position  3:    T:0.25000    C:0.16667    A:0.12500    G:0.45833
Average         T:0.33333    C:0.19444    A:0.16667    G:0.30556

#31: Gerenuk        
position  1:    T:0.20833    C:0.33333    A:0.16667    G:0.29167
position  2:    T:0.45833    C:0.16667    A:0.20833    G:0.16667
position  3:    T:0.20833    C:0.20833    A:0.16667    G:0.41667
Average         T:0.29167    C:0.23611    A:0.18056    G:0.29167

#32: CommonEland    
position  1:    T:0.25000    C:0.29167    A:0.16667    G:0.29167
position  2:    T:0.50000    C:0.12500    A:0.20833    G:0.16667
position  3:    T:0.25000    C:0.16667    A:0.12500    G:0.45833
Average         T:0.33333    C:0.19444    A:0.16667    G:0.30556

#33: MuntiacusReevesi
position  1:    T:0.20833    C:0.37500    A:0.16667    G:0.25000
position  2:    T:0.50000    C:0.12500    A:0.20833    G:0.16667
position  3:    T:0.25000    C:0.16667    A:0.12500    G:0.45833
Average         T:0.31944    C:0.22222    A:0.16667    G:0.29167

#34: HarveysDuiker  
position  1:    T:0.20833    C:0.33333    A:0.16667    G:0.29167
position  2:    T:0.45833    C:0.16667    A:0.20833    G:0.16667
position  3:    T:0.25000    C:0.16667    A:0.12500    G:0.45833
Average         T:0.30556    C:0.22222    A:0.16667    G:0.30556

#35: Pronghorn      
position  1:    T:0.25000    C:0.33333    A:0.16667    G:0.25000
position  2:    T:0.45833    C:0.16667    A:0.20833    G:0.16667
position  3:    T:0.16667    C:0.25000    A:0.12500    G:0.45833
Average         T:0.29167    C:0.25000    A:0.16667    G:0.29167

#36: BlueWildebeest 
position  1:    T:0.20833    C:0.33333    A:0.16667    G:0.29167
position  2:    T:0.45833    C:0.16667    A:0.20833    G:0.16667
position  3:    T:0.25000    C:0.16667    A:0.12500    G:0.45833
Average         T:0.30556    C:0.22222    A:0.16667    G:0.30556

#37: Gemsbok        
position  1:    T:0.20833    C:0.33333    A:0.16667    G:0.29167
position  2:    T:0.45833    C:0.16667    A:0.20833    G:0.16667
position  3:    T:0.25000    C:0.25000    A:0.08333    G:0.41667
Average         T:0.30556    C:0.25000    A:0.15278    G:0.29167

#38: Yak            
position  1:    T:0.25000    C:0.29167    A:0.16667    G:0.29167
position  2:    T:0.45833    C:0.16667    A:0.20833    G:0.16667
position  3:    T:0.25000    C:0.16667    A:0.12500    G:0.45833
Average         T:0.31944    C:0.20833    A:0.16667    G:0.30556

#39: BlueSheep      
position  1:    T:0.20833    C:0.33333    A:0.16667    G:0.29167
position  2:    T:0.45833    C:0.16667    A:0.20833    G:0.16667
position  3:    T:0.25000    C:0.16667    A:0.12500    G:0.45833
Average         T:0.30556    C:0.22222    A:0.16667    G:0.30556

#40: BohorReedbuck  
position  1:    T:0.20833    C:0.33333    A:0.16667    G:0.29167
position  2:    T:0.45833    C:0.16667    A:0.20833    G:0.16667
position  3:    T:0.25000    C:0.16667    A:0.12500    G:0.45833
Average         T:0.30556    C:0.22222    A:0.16667    G:0.30556

#41: KirksDik       
position  1:    T:0.25000    C:0.33333    A:0.16667    G:0.25000
position  2:    T:0.45833    C:0.16667    A:0.20833    G:0.16667
position  3:    T:0.20833    C:0.25000    A:0.12500    G:0.41667
Average         T:0.30556    C:0.25000    A:0.16667    G:0.27778

#42: RoeDeer        
position  1:    T:0.20833    C:0.33333    A:0.16667    G:0.29167
position  2:    T:0.50000    C:0.12500    A:0.25000    G:0.12500
position  3:    T:0.25000    C:0.16667    A:0.12500    G:0.45833
Average         T:0.31944    C:0.20833    A:0.18056    G:0.29167

#43: WhiteLippedDeer
position  1:    T:0.16667    C:0.37500    A:0.16667    G:0.29167
position  2:    T:0.45833    C:0.12500    A:0.20833    G:0.20833
position  3:    T:0.25000    C:0.16667    A:0.12500    G:0.45833
Average         T:0.29167    C:0.22222    A:0.16667    G:0.31944

#44: ThomsonGazelle 
position  1:    T:0.25000    C:0.29167    A:0.16667    G:0.29167
position  2:    T:0.45833    C:0.16667    A:0.20833    G:0.16667
position  3:    T:0.20833    C:0.20833    A:0.12500    G:0.45833
Average         T:0.30556    C:0.22222    A:0.16667    G:0.30556

#45: MuntiacusCrinifrons
position  1:    T:0.20833    C:0.37500    A:0.16667    G:0.25000
position  2:    T:0.50000    C:0.12500    A:0.20833    G:0.16667
position  3:    T:0.25000    C:0.16667    A:0.12500    G:0.45833
Average         T:0.31944    C:0.22222    A:0.16667    G:0.29167

#46: WhiteTailedDeer
position  1:    T:0.20833    C:0.33333    A:0.16667    G:0.29167
position  2:    T:0.45833    C:0.16667    A:0.20833    G:0.16667
position  3:    T:0.25000    C:0.16667    A:0.12500    G:0.45833
Average         T:0.30556    C:0.22222    A:0.16667    G:0.30556

#47: Cattle         
position  1:    T:0.25000    C:0.29167    A:0.16667    G:0.29167
position  2:    T:0.41667    C:0.20833    A:0.20833    G:0.16667
position  3:    T:0.25000    C:0.16667    A:0.12500    G:0.45833
Average         T:0.30556    C:0.22222    A:0.16667    G:0.30556

#48: RoyalAntelope  
position  1:    T:0.20833    C:0.33333    A:0.16667    G:0.29167
position  2:    T:0.41667    C:0.20833    A:0.20833    G:0.16667
position  3:    T:0.25000    C:0.16667    A:0.12500    G:0.45833
Average         T:0.29167    C:0.23611    A:0.16667    G:0.30556

#49: Steenbok       
position  1:    T:0.20833    C:0.29167    A:0.20833    G:0.29167
position  2:    T:0.45833    C:0.16667    A:0.20833    G:0.16667
position  3:    T:0.16667    C:0.25000    A:0.12500    G:0.45833
Average         T:0.27778    C:0.23611    A:0.18056    G:0.30556

#50: Impala         
position  1:    T:0.20833    C:0.33333    A:0.16667    G:0.29167
position  2:    T:0.45833    C:0.16667    A:0.20833    G:0.16667
position  3:    T:0.20833    C:0.20833    A:0.12500    G:0.45833
Average         T:0.29167    C:0.23611    A:0.16667    G:0.30556

#51: Klipspringer   
position  1:    T:0.20833    C:0.33333    A:0.16667    G:0.29167
position  2:    T:0.41667    C:0.25000    A:0.16667    G:0.16667
