1
52 1
Argali 0.000000 0.300700 0.217500 0.254500 0.020300 0.020100 0.085500 0.109300 0.217500 0.160600 0.041800 0.258000 0.063800 0.064400 0.108300 0.143300 0.108700 0.112800 0.060600 0.217500 0.063200 0.041800 0.155500 0.132700 0.063100 0.106000 0.085100 0.240800 0.085400 0.187600 0.185300 0.086200 0.160300 0.084500 0.086000 0.235800 0.105300 0.063900 0.063500 0.130200 0.107800 0.041400 0.160600 0.179700 0.187400 0.109100 0.151500 0.043000 0.086600 0.108700 0.217500 0.187600
LesserMous 0.300700 0.000000 0.250000 0.225200 0.269300 0.269000 0.304600 0.215300 0.250000 0.198300 0.245700 0.300500 0.261300 0.279900 0.287300 0.350600 0.251900 0.225500 0.318300 0.250000 0.243500 0.245700 0.190400 0.166600 0.216100 0.329200 0.286900 0.246400 0.300700 0.246500 0.226300 0.264100 0.220500 0.256400 0.277500 0.279400 0.266700 0.246000 0.270600 0.189100 0.189800 0.303800 0.198300 0.165200 0.253100 0.272500 0.262400 0.237400 0.220800 0.272100 0.250000 0.246500
LesserKudu 0.217500 0.250000 0.000000 0.266600 0.190200 0.188300 0.220000 0.166700 0.000000 0.145200 0.167000 0.140100 0.193300 0.196000 0.246100 0.319400 0.194500 0.147300 0.236200 0.000000 0.191100 0.167000 0.139600 0.116300 0.139600 0.239800 0.217200 0.022300 0.217800 0.022600 0.170600 0.166500 0.172000 0.215800 0.194000 0.118000 0.186300 0.193300 0.192100 0.163100 0.138900 0.216700 0.145200 0.164900 0.070500 0.192600 0.238200 0.171600 0.223600 0.194300 0.000000 0.022300
KillerWhal 0.254500 0.225200 0.266600 0.000000 0.223600 0.281900 0.321700 0.227700 0.266600 0.267900 0.259400 0.316800 0.279800 0.293900 0.241600 0.356700 0.257500 0.267700 0.274400 0.266600 0.256800 0.259400 0.257100 0.230600 0.287500 0.342300 0.307500 0.262900 0.316900 0.263000 0.297800 0.323100 0.260500 0.273000 0.321900 0.291500 0.342400 0.258000 0.288300 0.254500 0.256100 0.252800 0.267900 0.286100 0.265900 0.288200 0.374900 0.255100 0.232200 0.254900 0.266600 0.263000
DefassaWat 0.020300 0.269300 0.190200 0.223600 0.000000 0.041000 0.063600 0.086600 0.190200 0.135600 0.020800 0.230400 0.042100 0.042600 0.085500 0.115700 0.085700 0.088900 0.040100 0.190200 0.041700 0.020800 0.131300 0.109000 0.041800 0.084000 0.063000 0.213100 0.063500 0.161700 0.159500 0.064000 0.136200 0.062600 0.064000 0.208700 0.083500 0.042000 0.041900 0.106900 0.085100 0.020600 0.135600 0.154500 0.161500 0.086300 0.128400 0.021300 0.064500 0.086000 0.190200 0.161700
Sheep 0.020100 0.269000 0.188300 0.281900 0.041000 0.000000 0.107500 0.132100 0.188300 0.134700 0.063100 0.228700 0.085600 0.086300 0.084800 0.167800 0.131100 0.136200 0.081200 0.188300 0.084700 0.063100 0.130500 0.108300 0.040800 0.127900 0.106900 0.211000 0.107400 0.160000 0.158600 0.063200 0.184800 0.106300 0.085600 0.207300 0.082500 0.085600 0.085000 0.106400 0.084500 0.062400 0.134700 0.154200 0.159900 0.131500 0.127100 0.065000 0.108900 0.131300 0.188300 0.160000
MaxwellsDu 0.085500 0.304600 0.220000 0.321700 0.063600 0.107500 0.000000 0.110000 0.220000 0.136200 0.042300 0.260700 0.064200 0.065100 0.157300 0.117800 0.148000 0.113900 0.061400 0.220000 0.063700 0.042300 0.109400 0.134000 0.063700 0.062600 0.085500 0.243500 0.042100 0.189600 0.160300 0.108100 0.162800 0.084900 0.087000 0.238600 0.106500 0.064500 0.063900 0.131300 0.108800 0.085800 0.136200 0.181500 0.189500 0.109900 0.106500 0.043500 0.087700 0.158200 0.220000 0.189600
GazellaPrz 0.109300 0.215300 0.166700 0.227700 0.086600 0.132100 0.110000 0.000000 0.166700 0.114900 0.064700 0.235400 0.073000 0.088700 0.176400 0.180700 0.134800 0.090600 0.128500 0.166700 0.086800 0.064700 0.110800 0.088600 0.086900 0.130500 0.095900 0.189700 0.109300 0.164600 0.139300 0.110800 0.113000 0.096500 0.111200 0.213600 0.130800 0.087800 0.086700 0.086900 0.064800 0.109000 0.114900 0.134700 0.164600 0.134200 0.178600 0.047900 0.112100 0.134900 0.166700 0.164600
MountainNy 0.217500 0.250000 0.000000 0.266600 0.190200 0.188300 0.220000 0.166700 0.000000 0.145200 0.167000 0.140100 0.193300 0.196000 0.246100 0.319400 0.194500 0.147300 0.236200 0.000000 0.191100 0.167000 0.139600 0.116300 0.139600 0.239800 0.217200 0.022500 0.217800 0.022200 0.170600 0.166500 0.172000 0.215800 0.194000 0.118000 0.186300 0.193300 0.192100 0.163100 0.138900 0.216700 0.145200 0.164900 0.070500 0.192600 0.238200 0.171600 0.223600 0.194300 0.000000 0.022600
MuntiacusM 0.160600 0.198300 0.145200 0.267900 0.135600 0.134700 0.136200 0.114900 0.145200 0.000000 0.113300 0.187300 0.137700 0.140100 0.188000 0.256300 0.138300 0.093500 0.179500 0.145200 0.088500 0.113300 0.043000 0.021400 0.088700 0.182800 0.160500 0.168400 0.161200 0.117300 0.021400 0.113600 0.143500 0.110900 0.139000 0.166100 0.133700 0.089500 0.136900 0.064400 0.042700 0.160600 0.000000 0.065300 0.117300 0.137800 0.132800 0.116300 0.114700 0.138800 0.145200 0.117300
goat 0.041800 0.245700 0.167000 0.259400 0.020800 0.063100 0.042300 0.064700 0.167000 0.113300 0.000000 0.207900 0.021000 0.021200 0.110000 0.119500 0.110500 0.066800 0.061400 0.167000 0.020900 0.000000 0.109600 0.087500 0.020600 0.062700 0.041900 0.190000 0.042100 0.138900 0.137200 0.042600 0.113700 0.041700 0.042200 0.186300 0.062500 0.021100 0.020900 0.085700 0.063900 0.042100 0.113300 0.133100 0.138900 0.064700 0.106700 0.000400 0.042900 0.110600 0.167000 0.138900
AfricanBuf 0.258000 0.300500 0.140100 0.316800 0.230400 0.228700 0.260700 0.235400 0.140100 0.187300 0.207900 0.000000 0.182900 0.237500 0.260100 0.274200 0.235600 0.163700 0.224100 0.140100 0.231400 0.207900 0.180800 0.157800 0.180300 0.201100 0.205700 0.162700 0.205200 0.113400 0.212700 0.207600 0.188100 0.204500 0.235200 0.065100 0.176600 0.234000 0.232900 0.154100 0.179900 0.204200 0.187300 0.206200 0.066400 0.233400 0.279000 0.213400 0.264700 0.235600 0.140100 0.113400
Topi 0.063800 0.261300 0.193300 0.279800 0.042100 0.085600 0.064200 0.073000 0.193300 0.137700 0.021000 0.182900 0.000000 0.043100 0.133900 0.142200 0.134600 0.090200 0.040900 0.193300 0.049100 0.021000 0.133300 0.110700 0.042200 0.085000 0.020300 0.216800 0.064000 0.164300 0.162200 0.064700 0.126300 0.020100 0.064800 0.212200 0.041400 0.042600 0.042300 0.108700 0.086400 0.064000 0.137700 0.157300 0.163900 0.087400 0.130100 0.042600 0.065300 0.134700 0.193300 0.164300
CommonDuik 0.064400 0.279900 0.196000 0.293900 0.042600 0.086300 0.065100 0.088700 0.196000 0.140100 0.021200 0.237500 0.043100 0.000000 0.135700 0.146900 0.136200 0.091700 0.084000 0.196000 0.042800 0.020800 0.135400 0.112600 0.042700 0.085700 0.064600 0.219400 0.064900 0.166300 0.165000 0.065700 0.140400 0.064200 0.043300 0.215700 0.085600 0.043300 0.042900 0.110400 0.087700 0.064700 0.140100 0.160200 0.166500 0.088400 0.131700 0.021900 0.066100 0.136300 0.196000 0.166300
Suni 0.108300 0.287300 0.246100 0.241600 0.085500 0.084800 0.157300 0.176400 0.246100 0.188000 0.110000 0.260100 0.133900 0.135700 0.000000 0.166000 0.182900 0.190100 0.127500 0.246100 0.132600 0.110000 0.181600 0.158500 0.086100 0.178100 0.156300 0.269900 0.156700 0.214900 0.213800 0.110000 0.207700 0.155500 0.134500 0.238000 0.129700 0.133800 0.132800 0.131700 0.132200 0.108300 0.188000 0.157600 0.214900 0.182700 0.177200 0.112700 0.160000 0.182800 0.246100 0.214900
Springbuck 0.143300 0.350600 0.319400 0.356700 0.115700 0.167800 0.117800 0.180700 0.319400 0.256300 0.119500 0.274200 0.142200 0.146900 0.166000 0.000000 0.221800 0.199500 0.115700 0.319400 0.130700 0.119500 0.184700 0.222600 0.143800 0.083000 0.165100 0.345100 0.062400 0.284700 0.285200 0.160500 0.225900 0.165900 0.171400 0.310000 0.191600 0.142100 0.130800 0.192700 0.193600 0.084000 0.256300 0.249200 0.285000 0.196700 0.176300 0.119200 0.172100 0.220200 0.319400 0.284700
Okapi 0.108700 0.251900 0.194500 0.257500 0.085700 0.131100 0.148000 0.134800 0.194500 0.138300 0.110500 0.235600 0.134600 0.136200 0.182900 0.221800 0.000000 0.090000 0.127900 0.194500 0.132800 0.110500 0.133600 0.111100 0.133300 0.180400 0.157100 0.192100 0.142900 0.165200 0.162700 0.134900 0.137200 0.155800 0.159200 0.213300 0.178400 0.134400 0.133700 0.156100 0.132900 0.109400 0.138300 0.157700 0.165000 0.134600 0.225300 0.113500 0.160700 0.086600 0.194500 0.165200
Giraffe 0.112800 0.225500 0.147300 0.267700 0.088900 0.136200 0.113900 0.090600 0.147300 0.093500 0.066800 0.163700 0.090200 0.091700 0.190100 0.199500 0.090000 0.000000 0.132200 0.147300 0.089400 0.066800 0.090100 0.067600 0.089700 0.134300 0.112500 0.145300 0.113600 0.119000 0.118000 0.114800 0.092700 0.111900 0.115000 0.142100 0.134900 0.090500 0.089600 0.112900 0.089600 0.113300 0.093500 0.114400 0.094000 0.090200 0.184100 0.068400 0.116100 0.089900 0.147300 0.119000
TibetanAnt 0.060600 0.318300 0.236200 0.274400 0.040100 0.081200 0.061400 0.128500 0.236200 0.179500 0.061400 0.224100 0.040900 0.084000 0.127500 0.115700 0.127900 0.132200 0.000000 0.236200 0.082500 0.061400 0.127500 0.151600 0.082300 0.081700 0.061400 0.259400 0.061600 0.206600 0.203800 0.105400 0.180300 0.060800 0.105100 0.253500 0.080500 0.083400 0.083000 0.148900 0.126800 0.061100 0.179500 0.197800 0.206100 0.128500 0.124600 0.063400 0.105800 0.127900 0.236200 0.206600
Sitatunga 0.217500 0.250000 0.000000 0.266600 0.190200 0.188300 0.220000 0.166700 0.000000 0.145200 0.167000 0.140100 0.193300 0.196000 0.246100 0.319400 0.194500 0.147300 0.236200 0.000000 0.191100 0.167000 0.139600 0.116300 0.139600 0.239800 0.217200 0.022500 0.217800 0.022600 0.170600 0.166500 0.172000 0.215800 0.194000 0.118000 0.186300 0.193300 0.192100 0.163100 0.138900 0.216700 0.145200 0.164900 0.070500 0.192600 0.238200 0.171600 0.223600 0.194300 0.000000 0.022400
Oribi 0.063200 0.243500 0.191100 0.256800 0.041700 0.084700 0.063700 0.086800 0.191100 0.088500 0.020900 0.231400 0.049100 0.042800 0.132600 0.130700 0.132800 0.089400 0.082500 0.191100 0.000000 0.020900 0.085400 0.064100 0.041900 0.084000 0.071500 0.214000 0.063500 0.162300 0.111600 0.064100 0.137200 0.024900 0.064400 0.210100 0.084000 0.000500 0.041900 0.062900 0.041600 0.063400 0.088500 0.108100 0.162200 0.086400 0.083500 0.026000 0.021000 0.133100 0.191100 0.162300
BarbaryShe 0.041800 0.245700 0.167000 0.259400 0.020800 0.063100 0.042300 0.064700 0.167000 0.113300 0.000000 0.207900 0.021000 0.020800 0.110000 0.119500 0.110500 0.066800 0.061400 0.167000 0.020900 0.000000 0.109600 0.087500 0.020600 0.062700 0.041900 0.190000 0.042100 0.138900 0.137200 0.042600 0.113700 0.041700 0.042500 0.186300 0.062500 0.021100 0.020900 0.085700 0.063900 0.042100 0.113300 0.133100 0.138900 0.064700 0.106700 0.000400 0.042900 0.110600 0.167000 0.138900
Daviddeer 0.155500 0.190400 0.139600 0.257100 0.131300 0.130500 0.109400 0.110800 0.139600 0.043000 0.109600 0.180800 0.133300 0.135400 0.181600 0.184700 0.133600 0.090100 0.127500 0.139600 0.085400 0.109600 0.000000 0.020800 0.085900 0.129500 0.155500 0.162100 0.108600 0.113000 0.065100 0.109800 0.138400 0.107500 0.134300 0.160100 0.129500 0.086600 0.132300 0.062700 0.041500 0.155100 0.043000 0.063400 0.113000 0.133100 0.083900 0.112300 0.110800 0.134200 0.139600 0.113000
Reindeer 0.132700 0.166600 0.116300 0.230600 0.109000 0.108300 0.134000 0.088600 0.116300 0.021400 0.087500 0.157800 0.110700 0.112600 0.158500 0.222600 0.111100 0.067600 0.151600 0.116300 0.064100 0.087500 0.020800 0.000000 0.064300 0.154100 0.132700 0.138800 0.133100 0.090400 0.042000 0.087700 0.115100 0.085700 0.111700 0.137100 0.107600 0.064800 0.110000 0.041600 0.020700 0.132600 0.021400 0.042200 0.090300 0.110700 0.107000 0.089600 0.088500 0.111500 0.116300 0.090400
Ibex 0.063100 0.216100 0.139600 0.287500 0.041800 0.040800 0.063700 0.086900 0.139600 0.088700 0.020600 0.180300 0.042200 0.042700 0.086100 0.143800 0.133300 0.089700 0.082300 0.139600 0.041900 0.020600 0.085900 0.064300 0.000000 0.084000 0.063200 0.162000 0.063600 0.113000 0.111900 0.020900 0.137400 0.062900 0.042400 0.159300 0.040800 0.042400 0.042000 0.063100 0.041800 0.063400 0.088700 0.108800 0.112900 0.086600 0.083600 0.021500 0.064700 0.133500 0.139600 0.113000
GyrantGaze 0.106000 0.329200 0.239800 0.342300 0.084000 0.127900 0.062600 0.130500 0.239800 0.182800 0.062700 0.201100 0.085000 0.085700 0.178100 0.083000 0.180400 0.134300 0.081700 0.239800 0.084000 0.062700 0.129500 0.154100 0.084000 0.000000 0.106400 0.263500 0.020200 0.209800 0.207600 0.107100 0.183400 0.105600 0.107400 0.230900 0.126700 0.084900 0.084200 0.151500 0.129000 0.061700 0.182800 0.200500 0.183500 0.084300 0.082100 0.064500 0.108100 0.178700 0.239800 0.209800
Hartebeest 0.085100 0.286900 0.217200 0.307500 0.063000 0.106900 0.085500 0.095900 0.217200 0.160500 0.041900 0.205700 0.020300 0.064600 0.156300 0.165100 0.157100 0.112500 0.061400 0.217200 0.071500 0.041900 0.155500 0.132700 0.063200 0.106400 0.000000 0.240900 0.085400 0.187600 0.185100 0.086100 0.149600 0.040200 0.086200 0.235400 0.062100 0.063800 0.063400 0.130300 0.107800 0.085300 0.160500 0.179600 0.187000 0.109100 0.151900 0.063800 0.086800 0.157000 0.217200 0.187600
Bongo 0.240800 0.246400 0.022300 0.262900 0.213100 0.211000 0.243500 0.189700 0.022500 0.168400 0.190000 0.162700 0.216800 0.219400 0.269900 0.345100 0.192100 0.145300 0.259400 0.022500 0.214000 0.190000 0.162100 0.138800 0.162000 0.263500 0.240900 0.000000 0.241600 0.044900 0.193900 0.189300 0.169700 0.239100 0.217100 0.140600 0.208800 0.216400 0.215300 0.185500 0.161200 0.240300 0.168400 0.187500 0.093400 0.215900 0.261300 0.195200 0.247200 0.191800 0.022300 0.045200
Gerenuk 0.085400 0.300700 0.217800 0.316900 0.063500 0.107400 0.042100 0.109300 0.217800 0.161200 0.042100 0.205200 0.064000 0.064900 0.156700 0.062400 0.142900 0.113600 0.061600 0.217800 0.063500 0.042100 0.108600 0.133100 0.063600 0.020200 0.085400 0.241600 0.000000 0.188100 0.185900 0.086100 0.161600 0.085000 0.086700 0.236200 0.106300 0.064200 0.063600 0.130600 0.108200 0.041300 0.161200 0.179400 0.187800 0.109300 0.094600 0.043200 0.087300 0.157300 0.217800 0.188100
CommonElan 0.187600 0.246500 0.022600 0.263000 0.161700 0.160000 0.189600 0.164600 0.022200 0.117300 0.138900 0.113400 0.164300 0.166300 0.214900 0.284700 0.165200 0.119000 0.206600 0.022600 0.162300 0.138900 0.113000 0.090400 0.113000 0.209800 0.187600 0.044900 0.188100 0.000000 0.141800 0.138400 0.169800 0.186200 0.164600 0.091600 0.158300 0.164100 0.163200 0.135800 0.112500 0.187200 0.117300 0.137200 0.045600 0.163800 0.208200 0.142800 0.192500 0.165000 0.022300 0.000000
MuntiacusR 0.185300 0.226300 0.170600 0.297800 0.159500 0.158600 0.160300 0.139300 0.170600 0.021400 0.137200 0.212700 0.162200 0.165000 0.213800 0.285200 0.162700 0.118000 0.203800 0.170600 0.111600 0.137200 0.065100 0.042000 0.111900 0.207600 0.185100 0.193900 0.185900 0.141800 0.000000 0.137700 0.169300 0.134300 0.163800 0.191700 0.109300 0.112900 0.161200 0.086800 0.064800 0.185200 0.021400 0.088200 0.141800 0.162100 0.156700 0.140600 0.139000 0.163500 0.170600 0.141800
HarveysDui 0.086200 0.264100 0.166500 0.323100 0.064000 0.063200 0.108100 0.110800 0.166500 0.113600 0.042600 0.207600 0.064700 0.065700 0.110000 0.160500 0.134900 0.114800 0.105400 0.166500 0.064100 0.042600 0.109800 0.087700 0.020900 0.107100 0.086100 0.189300 0.086100 0.138400 0.137700 0.000000 0.164400 0.085700 0.065100 0.186400 0.062700 0.065000 0.064200 0.086100 0.064100 0.086100 0.113600 0.133600 0.138400 0.110400 0.100800 0.043800 0.088500 0.159300 0.166500 0.138400
Pronghorn 0.160300 0.220500 0.172000 0.260500 0.136200 0.184800 0.162800 0.113000 0.172000 0.143500 0.113700 0.188100 0.126300 0.140400 0.207700 0.225900 0.137200 0.092700 0.180300 0.172000 0.137200 0.113700 0.138400 0.115100 0.137400 0.183400 0.149600 0.169700 0.161600 0.169800 0.169300 0.164400 0.000000 0.148600 0.164500 0.166400 0.184200 0.138600 0.137400 0.112300 0.137600 0.161100 0.143500 0.164100 0.170000 0.138300 0.236200 0.099300 0.166000 0.137500 0.172000 0.169800
BlueWildeb 0.084500 0.256400 0.215800 0.273000 0.062600 0.106300 0.084900 0.096500 0.215800 0.110900 0.041700 0.204500 0.020100 0.064200 0.155500 0.165900 0.155800 0.111900 0.060800 0.215800 0.024900 0.041700 0.107500 0.085700 0.062900 0.105600 0.040200 0.239100 0.085000 0.186200 0.134300 0.085700 0.148600 0.000000 0.085900 0.234700 0.061800 0.020500 0.063100 0.084300 0.062700 0.084800 0.110900 0.130700 0.186000 0.108400 0.104900 0.063400 0.042000 0.156100 0.215800 0.186200
Gemsbok 0.086000 0.277500 0.194000 0.321900 0.064000 0.085600 0.087000 0.111200 0.194000 0.139000 0.042200 0.235200 0.064800 0.043300 0.134500 0.171400 0.159200 0.115000 0.105100 0.194000 0.064400 0.042500 0.134300 0.111700 0.042400 0.107400 0.086200 0.217100 0.086700 0.164600 0.163800 0.065100 0.164500 0.085900 0.000000 0.213800 0.084900 0.065100 0.064500 0.109600 0.087000 0.086400 0.139000 0.159200 0.164800 0.110600 0.130700 0.043800 0.088300 0.159500 0.194000 0.164600
Yak 0.235800 0.279400 0.118000 0.291500 0.208700 0.207300 0.238600 0.213600 0.118000 0.166100 0.186300 0.065100 0.212200 0.215700 0.238000 0.310000 0.213300 0.142100 0.253500 0.118000 0.210100 0.186300 0.160100 0.137100 0.159300 0.230900 0.235400 0.140600 0.236200 0.091600 0.191700 0.186400 0.166400 0.234700 0.213800 0.000000 0.205500 0.212600 0.210800 0.133800 0.159200 0.235000 0.166100 0.186000 0.044800 0.211400 0.257400 0.190900 0.243000 0.213500 0.118000 0.091600
BlueSheep 0.105300 0.266700 0.186300 0.342400 0.083500 0.082500 0.106500 0.130800 0.186300 0.133700 0.062500 0.176600 0.041400 0.085600 0.129700 0.191600 0.178400 0.134900 0.080500 0.186300 0.084000 0.062500 0.129500 0.107600 0.040800 0.126700 0.062100 0.208800 0.106300 0.158300 0.109300 0.062700 0.184200 0.061800 0.084900 0.205500 0.000000 0.084800 0.084200 0.105700 0.083900 0.106000 0.133700 0.153400 0.158200 0.130200 0.126200 0.064300 0.108000 0.178900 0.186300 0.158300
BohorReedb 0.063900 0.246000 0.193300 0.258000 0.042000 0.085600 0.064500 0.087800 0.193300 0.089500 0.021100 0.234000 0.042600 0.043300 0.133800 0.142100 0.134400 0.090500 0.083400 0.193300 0.000500 0.021100 0.086600 0.064800 0.042400 0.084900 0.063800 0.216400 0.064200 0.164100 0.112900 0.065000 0.138600 0.020500 0.065100 0.212600 0.084800 0.000000 0.042400 0.063600 0.042100 0.064100 0.089500 0.109500 0.164100 0.087400 0.084500 0.021600 0.021300 0.134700 0.193300 0.164100
KirksDik 0.063500 0.270600 0.192100 0.288300 0.041900 0.085000 0.063900 0.086700 0.192100 0.136900 0.020900 0.232900 0.042300 0.042900 0.132800 0.130800 0.133700 0.089600 0.083000 0.192100 0.041900 0.020900 0.132300 0.110000 0.042000 0.084200 0.063400 0.215300 0.063600 0.163200 0.161200 0.064200 0.137400 0.063100 0.064500 0.210800 0.084200 0.042400 0.000000 0.107900 0.085800 0.063500 0.136900 0.155800 0.163000 0.086600 0.129100 0.021400 0.064900 0.133600 0.192100 0.163200
RoeDeer 0.130200 0.189100 0.163100 0.254500 0.106900 0.106400 0.131300 0.086900 0.163100 0.064400 0.085700 0.154100 0.108700 0.110400 0.131700 0.192700 0.156100 0.112900 0.148900 0.163100 0.062900 0.085700 0.062700 0.041600 0.063100 0.151500 0.130300 0.185500 0.130600 0.135800 0.086800 0.086100 0.112300 0.084300 0.109600 0.133800 0.105700 0.063600 0.107900 0.000000 0.020400 0.130200 0.064400 0.084800 0.135700 0.155600 0.105300 0.087800 0.086700 0.156900 0.163100 0.135800
WhiteLippe 0.107800 0.189800 0.138900 0.256100 0.085100 0.084500 0.108800 0.064800 0.138900 0.042700 0.063900 0.179900 0.086400 0.087700 0.132200 0.193600 0.132900 0.089600 0.126800 0.138900 0.041600 0.063900 0.041500 0.020700 0.041800 0.129000 0.107800 0.161200 0.108200 0.112500 0.064800 0.064100 0.137600 0.062700 0.087000 0.159200 0.083900 0.042100 0.085800 0.020400 0.000000 0.107900 0.042700 0.063100 0.112400 0.132500 0.083600 0.065500 0.064600 0.133500 0.138900 0.112500
ThomsonGaz 0.041400 0.303800 0.216700 0.252800 0.020600 0.062400 0.085800 0.109000 0.216700 0.160600 0.042100 0.204200 0.064000 0.064700 0.108300 0.084000 0.109400 0.113300 0.061100 0.216700 0.063400 0.042100 0.155100 0.132600 0.063400 0.061700 0.085300 0.240300 0.041300 0.187200 0.185200 0.086100 0.161100 0.084800 0.086400 0.235000 0.106000 0.064100 0.063500 0.130200 0.107900 0.000000 0.160600 0.178800 0.186900 0.109000 0.151900 0.043300 0.087100 0.108600 0.216700 0.187200
MuntiacusC 0.160600 0.198300 0.145200 0.267900 0.135600 0.134700 0.136200 0.114900 0.145200 0.000000 0.113300 0.187300 0.137700 0.140100 0.188000 0.256300 0.138300 0.093500 0.179500 0.145200 0.088500 0.113300 0.043000 0.021400 0.088700 0.182800 0.160500 0.168400 0.161200 0.117300 0.021400 0.113600 0.143500 0.110900 0.139000 0.166100 0.133700 0.089500 0.136900 0.064400 0.042700 0.160600 0.000000 0.065300 0.117300 0.137800 0.132800 0.116300 0.114700 0.138800 0.145200 0.117300
WhiteTaile 0.179700 0.165200 0.164900 0.286100 0.154500 0.154200 0.181500 0.134700 0.164900 0.065300 0.133100 0.206200 0.157300 0.160200 0.157600 0.249200 0.157700 0.114400 0.197800 0.164900 0.108100 0.133100 0.063400 0.042200 0.108800 0.200500 0.179600 0.187500 0.179400 0.137200 0.088200 0.133600 0.164100 0.130700 0.159200 0.186000 0.153400 0.109500 0.155800 0.084800 0.063100 0.178800 0.065300 0.000000 0.137300 0.156900 0.152200 0.136000 0.134900 0.158600 0.164900 0.137200
Cattle 0.187400 0.253100 0.070500 0.265900 0.161500 0.159900 0.189500 0.164600 0.070500 0.117300 0.138900 0.066400 0.163900 0.166500 0.214900 0.285000 0.165000 0.094000 0.206100 0.070500 0.162200 0.138900 0.113000 0.090300 0.112900 0.183500 0.187000 0.093400 0.187800 0.045600 0.141800 0.138400 0.170000 0.186000 0.164800 0.044800 0.158200 0.164100 0.163000 0.135700 0.112400 0.186900 0.117300 0.137300 0.000000 0.163600 0.208200 0.142500 0.192700 0.164900 0.070500 0.045600
RoyalAntel 0.109100 0.272500 0.192600 0.288200 0.086300 0.131500 0.109900 0.134200 0.192600 0.137800 0.064700 0.233400 0.087400 0.088400 0.182700 0.196700 0.134600 0.090200 0.128500 0.192600 0.086400 0.064700 0.133100 0.110700 0.086600 0.084300 0.109100 0.215900 0.109300 0.163800 0.162100 0.110400 0.138300 0.108400 0.110600 0.211400 0.130200 0.087400 0.086600 0.155600 0.132500 0.109000 0.137800 0.156900 0.163600 0.000000 0.129100 0.066300 0.111600 0.134500 0.192600 0.163800
Steenbok 0.151500 0.262400 0.238200 0.374900 0.128400 0.127100 0.106500 0.178600 0.238200 0.132800 0.106700 0.279000 0.130100 0.131700 0.177200 0.176300 0.225300 0.184100 0.124600 0.238200 0.083500 0.106700 0.083900 0.107000 0.083600 0.082100 0.151900 0.261300 0.094600 0.208200 0.156700 0.100800 0.236200 0.104900 0.130700 0.257400 0.126200 0.084500 0.129100 0.105300 0.083600 0.151900 0.132800 0.152200 0.208200 0.129100 0.000000 0.109800 0.107700 0.229000 0.238200 0.208200
Impala 0.043000 0.237400 0.171600 0.255100 0.021300 0.065000 0.043500 0.047900 0.171600 0.116300 0.000400 0.213400 0.042600 0.021900 0.112700 0.119200 0.113500 0.068400 0.063400 0.171600 0.026000 0.000400 0.112300 0.089600 0.021500 0.064500 0.063800 0.195200 0.043200 0.142800 0.140600 0.043800 0.099300 0.063400 0.043800 0.190900 0.064300 0.021600 0.021400 0.087800 0.065500 0.043300 0.116300 0.136000 0.142500 0.066300 0.109800 0.000000 0.044200 0.113700 0.171600 0.142800
Klipspring 0.086600 0.220800 0.223600 0.232200 0.064500 0.108900 0.087700 0.112100 0.223600 0.114700 0.042900 0.264700 0.065300 0.066100 0.160000 0.172100 0.160700 0.116100 0.105800 0.223600 0.021000 0.042900 0.110800 0.088500 0.064700 0.108100 0.086800 0.247200 0.087300 0.192500 0.139000 0.088500 0.166000 0.042000 0.088300 0.243000 0.108000 0.021300 0.064900 0.086700 0.064600 0.087100 0.114700 0.134900 0.192700 0.111600 0.107700 0.044200 0.000000 0.160900 0.223600 0.192500
ForestMusk 0.108700 0.272100 0.194300 0.254900 0.086000 0.131300 0.158200 0.134900 0.194300 0.138800 0.110600 0.235600 0.134700 0.136300 0.182800 0.220200 0.086600 0.089900 0.127900 0.194300 0.133100 0.110600 0.134200 0.111500 0.133500 0.178700 0.157000 0.191800 0.157300 0.165000 0.163500 0.159300 0.137500 0.156100 0.159500 0.213500 0.178900 0.134700 0.133600 0.156900 0.133500 0.108600 0.138800 0.158600 0.164900 0.134500 0.229000 0.113700 0.160900 0.000000 0.194300 0.165000
Bushbuck 0.217500 0.250000 0.000000 0.266600 0.190200 0.188300 0.220000 0.166700 0.000000 0.145200 0.167000 0.140100 0.193300 0.196000 0.246100 0.319400 0.194500 0.147300 0.236200 0.000000 0.191100 0.167000 0.139600 0.116300 0.139600 0.239800 0.217200 0.022300 0.217800 0.022300 0.170600 0.166500 0.172000 0.215800 0.194000 0.118000 0.186300 0.193300 0.192100 0.163100 0.138900 0.216700 0.145200 0.164900 0.070500 0.192600 0.238200 0.171600 0.223600 0.194300 0.000000 0.022700
GreaterKud 0.187600 0.246500 0.022300 0.263000 0.161700 0.160000 0.189600 0.164600 0.022600 0.117300 0.138900 0.113400 0.164300 0.166300 0.214900 0.284700 0.165200 0.119000 0.206600 0.022400 0.162300 0.138900 0.113000 0.090400 0.113000 0.209800 0.187600 0.045200 0.188100 0.000000 0.141800 0.138400 0.169800 0.186200 0.164600 0.091600 0.158300 0.164100 0.163200 0.135800 0.112500 0.187200 0.117300 0.137200 0.045600 0.163800 0.208200 0.142800 0.192500 0.165000 0.022700 0.000000
