CODONML (in paml version 4.10.7, June 2023)  /home/rachel/ruminants_paml/6406-phy-tree/ENSBTAT00000020582.fasta.phy
Model: free dN/dS Ratios for branches,  kappa = 2.000 fixed

Codon frequency model: F3x4
ns =  54  ls =  16

Codon usage in sequences
--------------------------------------------------------------------------------------------------------------------------------------
Phe TTT   1   1   1   1   0   0 | Ser TCT   0   0   0   0   0   0 | Tyr TAT   0   0   0   0   0   0 | Cys TGT   0   0   0   0   0   0
    TTC   0   0   0   0   0   0 |     TCC   0   0   0   0   0   0 |     TAC   0   0   0   0   0   0 |     TGC   0   0   0   0   0   0
Leu TTA   0   0   0   0   0   0 |     TCA   0   0   0   0   0   0 | *** TAA   0   0   0   0   0   0 | *** TGA   0   0   0   0   0   0
    TTG   0   0   0   0   1   1 |     TCG   0   0   0   0   0   0 |     TAG   0   0   0   0   0   0 | Trp TGG   0   0   0   0   0   0
--------------------------------------------------------------------------------------------------------------------------------------
Leu CTT   1   1   1   1   1   1 | Pro CCT   0   0   0   0   0   0 | His CAT   1   1   1   1   1   1 | Arg CGT   0   0   0   0   0   0
    CTC   0   0   0   0   0   0 |     CCC   0   0   0   0   0   0 |     CAC   0   0   0   0   0   0 |     CGC   0   0   0   0   0   0
    CTA   1   0   1   0   0   0 |     CCA   0   0   0   0   0   0 | Gln CAA   1   0   1   1   1   1 |     CGA   0   1   0   0   0   0
    CTG   0   0   0   0   0   0 |     CCG   0   0   0   0   0   0 |     CAG   0   0   0   0   0   0 |     CGG   0   0   0   0   0   0
--------------------------------------------------------------------------------------------------------------------------------------
Ile ATT   2   2   2   2   1   2 | Thr ACT   0   0   0   0   1   1 | Asn AAT   0   0   0   0   0   0 | Ser AGT   0   0   0   0   0   0
    ATC   0   0   0   0   0   0 |     ACC   0   0   0   0   0   0 |     AAC   0   0   0   0   0   0 |     AGC   0   0   1   1   0   0
    ATA   0   0   0   0   0   0 |     ACA   1   1   1   1   0   1 | Lys AAA   1   1   1   1   1   1 | Arg AGA   1   1   1   1   1   1
Met ATG   0   0   0   0   1   0 |     ACG   0   0   0   0   0   0 |     AAG   0   0   0   0   0   0 |     AGG   0   0   0   0   0   0
--------------------------------------------------------------------------------------------------------------------------------------
Val GTT   1   1   1   1   1   1 | Ala GCT   1   2   1   1   1   1 | Asp GAT   1   0   1   1   1   1 | Gly GGT   0   0   0   0   0   0
    GTC   0   0   0   0   0   0 |     GCC   0   0   0   0   0   0 |     GAC   0   0   0   0   0   0 |     GGC   1   0   0   0   0   0
    GTA   0   0   0   1   0   0 |     GCA   0   0   0   0   1   0 | Glu GAA   1   3   1   1   3   3 |     GGA   0   0   0   0   0   0
    GTG   0   0   0   0   0   0 |     GCG   0   0   0   0   0   0 |     GAG   1   1   1   1   0   0 |     GGG   0   0   0   0   0   0
--------------------------------------------------------------------------------------------------------------------------------------

--------------------------------------------------------------------------------------------------------------------------------------
Phe TTT   1   1   1   1   1   1 | Ser TCT   0   0   0   0   0   0 | Tyr TAT   0   0   0   0   0   0 | Cys TGT   0   0   0   0   0   0
    TTC   0   0   0   0   0   0 |     TCC   0   0   0   0   0   0 |     TAC   0   0   0   0   0   0 |     TGC   0   0   0   0   0   0
Leu TTA   0   0   0   0   0   0 |     TCA   0   0   0   0   0   0 | *** TAA   0   0   0   0   0   0 | *** TGA   0   0   0   0   0   0
    TTG   0   0   0   0   0   0 |     TCG   0   0   0   0   0   0 |     TAG   0   0   0   0   0   0 | Trp TGG   0   0   0   0   0   0
--------------------------------------------------------------------------------------------------------------------------------------
Leu CTT   0   1   1   1   1   0 | Pro CCT   0   0   0   0   0   0 | His CAT   1   1   1   1   1   1 | Arg CGT   0   0   0   0   0   0
    CTC   0   0   0   0   0   0 |     CCC   0   0   0   0   0   0 |     CAC   0   0   0   0   0   0 |     CGC   0   0   0   0   0   0
    CTA   1   1   1   1   1   0 |     CCA   0   0   0   0   0   0 | Gln CAA   1   1   1   1   1   1 |     CGA   0   0   0   0   0   0
    CTG   1   0   0   0   0   1 |     CCG   0   0   0   0   0   0 |     CAG   0   0   0   0   0   0 |     CGG   0   0   0   0   0   0
--------------------------------------------------------------------------------------------------------------------------------------
Ile ATT   2   2   2   2   2   1 | Thr ACT   0   0   0   1   0   0 | Asn AAT   0   0   0   0   0   0 | Ser AGT   0   0   0   0   0   0
    ATC   0   0   0   0   0   0 |     ACC   0   0   0   0   0   1 |     AAC   0   0   0   0   0   0 |     AGC   0   0   0   0   1   0
    ATA   0   0   0   0   0   0 |     ACA   1   1   1   1   1   1 | Lys AAA   1   1   1   0   1   1 | Arg AGA   1   1   1   1   1   1
Met ATG   0   0   0   0   0   1 |     ACG   0   0   0   0   0   0 |     AAG   0   0   0   0   0   0 |     AGG   0   0   0   0   0   0
--------------------------------------------------------------------------------------------------------------------------------------
Val GTT   1   1   1   1   1   1 | Ala GCT   1   1   1   0   1   1 | Asp GAT   1   1   1   1   1   1 | Gly GGT   0   0   0   0   0   0
    GTC   0   0   0   0   0   0 |     GCC   0   0   0   0   0   0 |     GAC   0   0   0   0   0   0 |     GGC   1   1   1   1   0   0
    GTA   0   0   0   0   0   1 |     GCA   0   0   0   0   0   0 | Glu GAA   1   1   1   2   1   0 |     GGA   0   0   0   0   0   0
    GTG   0   0   0   0   0   0 |     GCG   0   0   0   0   0   0 |     GAG   1   1   1   1   1   2 |     GGG   0   0   0   0   0   0
--------------------------------------------------------------------------------------------------------------------------------------

--------------------------------------------------------------------------------------------------------------------------------------
Phe TTT   1   1   1   1   1   1 | Ser TCT   0   0   0   0   0   0 | Tyr TAT   0   0   0   0   0   0 | Cys TGT   0   0   0   0   0   0
    TTC   0   0   0   0   0   0 |     TCC   0   0   0   0   0   0 |     TAC   0   0   0   0   0   0 |     TGC   0   0   0   0   0   0
Leu TTA   0   0   0   0   0   0 |     TCA   0   0   0   0   0   0 | *** TAA   0   0   0   0   0   0 | *** TGA   0   0   0   0   0   0
    TTG   0   0   0   0   0   0 |     TCG   0   0   0   0   0   0 |     TAG   0   0   0   0   0   0 | Trp TGG   0   0   0   0   0   0
--------------------------------------------------------------------------------------------------------------------------------------
Leu CTT   1   1   1   1   1   1 | Pro CCT   0   0   0   0   0   0 | His CAT   1   1   1   1   1   1 | Arg CGT   0   0   0   0   0   0
    CTC   0   0   0   0   0   0 |     CCC   0   0   0   0   0   0 |     CAC   0   0   0   0   0   0 |     CGC   0   0   0   0   0   0
    CTA   1   1   1   1   1   1 |     CCA   0   0   0   0   0   0 | Gln CAA   1   1   1   1   1   1 |     CGA   0   0   0   0   0   0
    CTG   0   0   0   0   0   0 |     CCG   0   0   0   0   0   0 |     CAG   0   0   0   0   0   0 |     CGG   0   0   0   0   0   0
--------------------------------------------------------------------------------------------------------------------------------------
Ile ATT   1   2   2   2   1   2 | Thr ACT   0   0   0   0   0   1 | Asn AAT   0   0   0   0   0   0 | Ser AGT   0   0   0   0   0   0
    ATC   1   0   0   0   1   0 |     ACC   0   0   0   0   0   0 |     AAC   0   0   0   0   0   0 |     AGC   0   1   1   0   0   0
    ATA   0   0   0   0   0   0 |     ACA   1   1   1   1   1   1 | Lys AAA   1   1   1   1   1   1 | Arg AGA   1   1   1   1   1   1
Met ATG   0   0   0   0   0   0 |     ACG   0   0   0   0   0   0 |     AAG   0   0   0   0   0   0 |     AGG   0   0   0   0   0   0
--------------------------------------------------------------------------------------------------------------------------------------
Val GTT   1   1   1   1   1   1 | Ala GCT   1   1   1   1   1   0 | Asp GAT   1   1   1   1   1   1 | Gly GGT   0   0   0   0   0   0
    GTC   0   0   0   0   0   0 |     GCC   0   0   0   0   0   0 |     GAC   0   0   0   0   0   0 |     GGC   1   0   0   1   1   1
    GTA   0   0   0   0   0   0 |     GCA   0   0   0   0   0   0 | Glu GAA   1   1   1   1   1   1 |     GGA   0   0   0   0   0   0
    GTG   0   0   0   0   0   0 |     GCG   0   0   0   0   0   0 |     GAG   1   1   1   1   1   1 |     GGG   0   0   0   0   0   0
--------------------------------------------------------------------------------------------------------------------------------------

--------------------------------------------------------------------------------------------------------------------------------------
Phe TTT   1   1   1   1   1   1 | Ser TCT   0   0   0   0   0   0 | Tyr TAT   0   0   0   0   0   0 | Cys TGT   0   0   0   0   0   0
    TTC   0   0   0   0   0   0 |     TCC   0   0   0   0   0   0 |     TAC   0   0   0   0   0   0 |     TGC   0   0   0   0   0   0
Leu TTA   0   0   0   0   0   0 |     TCA   0   0   0   0   0   0 | *** TAA   0   0   0   0   0   0 | *** TGA   0   0   0   0   0   0
    TTG   0   0   0   0   0   0 |     TCG   0   0   0   0   0   0 |     TAG   0   0   0   0   0   0 | Trp TGG   0   0   0   0   0   0
--------------------------------------------------------------------------------------------------------------------------------------
Leu CTT   1   1   1   1   1   1 | Pro CCT   0   0   0   0   0   0 | His CAT   1   1   1   1   1   1 | Arg CGT   0   0   0   0   0   0
    CTC   0   0   0   0   0   0 |     CCC   0   0   0   0   0   0 |     CAC   0   0   0   0   0   0 |     CGC   0   0   1   0   0   0
    CTA   0   0   1   1   1   1 |     CCA   0   0   0   0   0   0 | Gln CAA   1   1   1   1   1   1 |     CGA   0   0   0   0   0   0
    CTG   0   0   0   0   0   0 |     CCG   0   0   0   0   0   0 |     CAG   0   0   0   0   0   0 |     CGG   0   0   0   0   0   0
--------------------------------------------------------------------------------------------------------------------------------------
Ile ATT   1   1   2   2   2   2 | Thr ACT   0   0   0   0   1   0 | Asn AAT   0   0   0   0   0   0 | Ser AGT   0   0   0   0   0   0
    ATC   0   0   0   0   0   0 |     ACC   1   1   0   0   0   0 |     AAC   0   0   0   0   0   0 |     AGC   0   0   0   1   0   0
    ATA   0   0   0   0   0   0 |     ACA   1   1   1   1   1   1 | Lys AAA   1   1   1   1   1   1 | Arg AGA   1   1   1   1   1   1
Met ATG   1   1   0   0   0   0 |     ACG   0   0   0   0   0   0 |     AAG   0   0   0   0   0   0 |     AGG   0   0   0   0   0   0
--------------------------------------------------------------------------------------------------------------------------------------
Val GTT   1   1   1   1   1   1 | Ala GCT   1   1   1   1   0   1 | Asp GAT   1   1   1   1   1   1 | Gly GGT   0   0   0   0   0   0
    GTC   0   0   0   0   0   0 |     GCC   0   0   0   0   0   0 |     GAC   0   0   0   0   0   0 |     GGC   0   0   0   0   1   1
    GTA   1   1   0   0   0   0 |     GCA   0   0   0   0   0   0 | Glu GAA   1   1   1   1   1   1 |     GGA   0   0   0   0   0   0
    GTG   0   0   0   0   0   0 |     GCG   0   0   0   0   0   0 |     GAG   1   1   1   1   1   1 |     GGG   0   0   0   0   0   0
--------------------------------------------------------------------------------------------------------------------------------------

--------------------------------------------------------------------------------------------------------------------------------------
Phe TTT   1   1   1   1   1   1 | Ser TCT   0   0   0   0   0   0 | Tyr TAT   0   0   0   0   0   0 | Cys TGT   0   0   0   0   0   0
    TTC   0   0   0   0   0   0 |     TCC   0   0   0   0   0   0 |     TAC   0   0   0   0   0   0 |     TGC   0   0   0   0   0   0
Leu TTA   0   0   0   0   0   0 |     TCA   0   0   0   0   0   0 | *** TAA   0   0   0   0   0   0 | *** TGA   0   0   0   0   0   0
    TTG   0   0   0   0   0   0 |     TCG   0   0   0   0   0   0 |     TAG   0   0   0   0   0   0 | Trp TGG   0   0   0   0   0   0
--------------------------------------------------------------------------------------------------------------------------------------
Leu CTT   1   0   1   1   1   1 | Pro CCT   0   0   0   0   0   0 | His CAT   1   1   1   1   1   1 | Arg CGT   0   0   0   0   0   0
    CTC   0   0   0   0   0   0 |     CCC   0   0   0   0   0   0 |     CAC   0   0   0   0   0   0 |     CGC   0   0   0   0   0   0
    CTA   0   0   1   1   1   1 |     CCA   0   0   0   0   0   0 | Gln CAA   1   1   1   1   1   1 |     CGA   0   0   0   0   0   0
    CTG   0   1   0   0   0   0 |     CCG   0   0   0   0   0   0 |     CAG   0   0   0   0   0   0 |     CGG   0   0   0   0   0   0
--------------------------------------------------------------------------------------------------------------------------------------
Ile ATT   1   1   1   2   2   2 | Thr ACT   0   0   0   1   0   0 | Asn AAT   0   0   0   0   0   0 | Ser AGT   0   0   0   0   0   0
    ATC   0   0   1   0   0   0 |     ACC   1   1   0   0   0   0 |     AAC   0   0   0   0   0   0 |     AGC   0   0   0   0   1   1
    ATA   0   0   0   0   0   0 |     ACA   1   1   1   1   1   1 | Lys AAA   1   1   1   1   1   1 | Arg AGA   1   1   1   1   1   1
Met ATG   1   1   0   0   0   0 |     ACG   0   0   0   0   0   0 |     AAG   0   0   0   0   0   0 |     AGG   0   0   0   0   0   0
--------------------------------------------------------------------------------------------------------------------------------------
Val GTT   1   1   1   1   1   1 | Ala GCT   1   1   1   0   1   1 | Asp GAT   1   1   1   1   1   1 | Gly GGT   0   0   0   0   0   0
    GTC   0   0   0   0   0   0 |     GCC   0   0   0   0   0   0 |     GAC   0   0   0   0   0   0 |     GGC   0   0   1   1   0   0
    GTA   1   1   0   0   0   0 |     GCA   0   0   0   0   0   0 | Glu GAA   0   0   1   1   1   1 |     GGA   0   0   0   0   0   0
    GTG   0   0   0   0   0   0 |     GCG   0   0   0   0   0   0 |     GAG   2   2   1   1   1   1 |     GGG   0   0   0   0   0   0
--------------------------------------------------------------------------------------------------------------------------------------

--------------------------------------------------------------------------------------------------------------------------------------
Phe TTT   1   1   1   1   1   1 | Ser TCT   0   0   0   0   0   0 | Tyr TAT   0   0   0   0   0   0 | Cys TGT   0   0   0   0   0   0
    TTC   0   0   0   0   0   0 |     TCC   0   0   0   0   0   0 |     TAC   0   0   0   0   0   0 |     TGC   0   0   0   0   0   0
Leu TTA   0   0   0   0   0   0 |     TCA   0   0   0   0   0   0 | *** TAA   0   0   0   0   0   0 | *** TGA   0   0   0   0   0   0
    TTG   0   0   0   0   0   0 |     TCG   0   0   0   0   0   0 |     TAG   0   0   0   0   0   0 | Trp TGG   0   0   0   0   0   0
--------------------------------------------------------------------------------------------------------------------------------------
Leu CTT   1   1   0   1   1   1 | Pro CCT   0   0   0   0   0   0 | His CAT   1   1   1   1   1   1 | Arg CGT   0   0   0   0   0   0
    CTC   0   0   0   0   0   0 |     CCC   0   0   0   0   0   0 |     CAC   0   0   0   0   0   0 |     CGC   0   0   0   0   0   0
    CTA   1   1   0   1   0   1 |     CCA   0   0   0   0   0   0 | Gln CAA   1   1   1   1   1   1 |     CGA   0   0   0   0   0   0
    CTG   0   0   1   0   0   0 |     CCG   0   0   0   0   0   0 |     CAG   0   0   0   0   0   0 |     CGG   0   0   0   0   0   0
--------------------------------------------------------------------------------------------------------------------------------------
Ile ATT   2   2   1   2   1   2 | Thr ACT   1   0   0   0   0   0 | Asn AAT   0   0   0   0   0   0 | Ser AGT   0   0   0   0   0   0
    ATC   0   0   0   0   0   0 |     ACC   0   0   0   0   1   0 |     AAC   0   0   0   0   0   0 |     AGC   0   1   0   0   0   1
    ATA   0   0   0   0   0   0 |     ACA   1   1   1   1   1   1 | Lys AAA   1   1   1   1   1   1 | Arg AGA   1   1   1   1   1   1
Met ATG   0   0   1   0   1   0 |     ACG   0   0   0   0   0   0 |     AAG   0   0   0   0   0   0 |     AGG   0   0   0   0   0   0
--------------------------------------------------------------------------------------------------------------------------------------
Val GTT   1   1   1   1   1   1 | Ala GCT   0   1   1   1   1   1 | Asp GAT   1   1   1   1   1   1 | Gly GGT   0   0   0   0   0   0
    GTC   0   0   0   0   0   0 |     GCC   0   0   1   0   0   0 |     GAC   0   0   0   0   0   0 |     GGC   1   0   0   1   0   0
    GTA   0   0   1   0   1   0 |     GCA   0   0   0   0   0   0 | Glu GAA   1   1   0   1   1   1 |     GGA   0   0   0   0   0   0
    GTG   0   0   0   0   0   0 |     GCG   0   0   0   0   0   0 |     GAG   1   1   2   1   1   1 |     GGG   0   0   0   0   0   0
--------------------------------------------------------------------------------------------------------------------------------------

--------------------------------------------------------------------------------------------------------------------------------------
Phe TTT   1   1   1   1   1   1 | Ser TCT   0   0   0   0   0   0 | Tyr TAT   0   0   0   0   0   0 | Cys TGT   0   0   0   0   0   0
    TTC   0   0   0   0   0   0 |     TCC   0   0   0   0   0   0 |     TAC   0   0   0   0   0   0 |     TGC   0   0   0   0   0   0
Leu TTA   0   0   0   0   0   0 |     TCA   0   0   0   0   0   0 | *** TAA   0   0   0   0   0   0 | *** TGA   0   0   0   0   0   0
    TTG   0   0   0   0   0   0 |     TCG   0   0   0   0   0   0 |     TAG   0   0   0   0   0   0 | Trp TGG   0   0   0   0   0   0
--------------------------------------------------------------------------------------------------------------------------------------
Leu CTT   1   1   1   0   1   0 | Pro CCT   0   0   0   0   0   0 | His CAT   1   1   1   1   1   1 | Arg CGT   0   0   0   0   0   0
    CTC   0   0   0   0   0   0 |     CCC   0   0   0   0   0   0 |     CAC   0   0   0   0   0   0 |     CGC   0   0   0   0   0   0
    CTA   1   1   0   1   1   0 |     CCA   0   0   0   0   0   0 | Gln CAA   1   1   1   1   1   1 |     CGA   0   0   0   0   0   0
    CTG   0   0   1   1   0   1 |     CCG   0   0   0   0   0   0 |     CAG   0   0   0   0   0   0 |     CGG   0   0   0   0   0   0
--------------------------------------------------------------------------------------------------------------------------------------
Ile ATT   2   2   1   2   2   1 | Thr ACT   0   0   0   0   1   0 | Asn AAT   0   0   0   0   0   0 | Ser AGT   0   0   0   0   0   0
    ATC   0   0   1   0   0   0 |     ACC   0   0   0   0   0   1 |     AAC   0   0   0   0   0   0 |     AGC   0   1   0   0   0   0
    ATA   0   0   0   0   0   0 |     ACA   1   1   1   1   1   1 | Lys AAA   1   1   1   1   1   1 | Arg AGA   1   1   1   1   1   1
Met ATG   0   0   0   0   0   1 |     ACG   0   0   0   0   0   0 |     AAG   0   0   0   0   0   0 |     AGG   0   0   0   0   0   0
--------------------------------------------------------------------------------------------------------------------------------------
Val GTT   1   1   1   1   1   1 | Ala GCT   1   1   1   1   0   1 | Asp GAT   1   1   1   1   1   1 | Gly GGT   0   0   0   0   0   0
    GTC   0   0   0   0   0   0 |     GCC   0   0   0   0   0   0 |     GAC   0   0   0   0   1   0 |     GGC   1   0   1   1   0   0
    GTA   0   0   0   0   0   1 |     GCA   0   0   0   0   0   0 | Glu GAA   1   1   1   1   1   0 |     GGA   0   0   0   0   0   0
    GTG   0   0   0   0   0   0 |     GCG   0   0   0   0   0   0 |     GAG   1   1   1   1   1   2 |     GGG   0   0   0   0   0   0
--------------------------------------------------------------------------------------------------------------------------------------

--------------------------------------------------------------------------------------------------------------------------------------
Phe TTT   1   1   1   1   1   1 | Ser TCT   0   0   0   0   0   0 | Tyr TAT   0   0   0   0   0   0 | Cys TGT   0   0   0   0   0   0
    TTC   0   0   0   0   0   0 |     TCC   0   0   0   0   0   0 |     TAC   0   0   0   0   0   0 |     TGC   0   0   0   0   0   0
Leu TTA   0   0   0   0   0   0 |     TCA   0   0   0   0   0   0 | *** TAA   0   0   0   0   0   0 | *** TGA   0   0   0   0   0   0
    TTG   0   0   0   0   0   0 |     TCG   0   0   0   0   0   0 |     TAG   0   0   0   0   0   0 | Trp TGG   0   0   0   0   0   0
--------------------------------------------------------------------------------------------------------------------------------------
Leu CTT   1   1   0   0   1   1 | Pro CCT   0   0   0   0   0   0 | His CAT   1   1   1   1   1   1 | Arg CGT   0   0   0   0   0   0
    CTC   0   0   0   0   0   0 |     CCC   0   0   0   0   0   0 |     CAC   0   0   0   0   0   0 |     CGC   0   0   0   0   0   0
    CTA   0   1   0   0   1   1 |     CCA   0   0   0   0   0   0 | Gln CAA   1   1   1   1   1   1 |     CGA   0   0   0   0   0   0
    CTG   0   0   1   1   0   0 |     CCG   0   0   0   0   0   0 |     CAG   0   0   0   0   0   0 |     CGG   0   0   0   0   0   0
--------------------------------------------------------------------------------------------------------------------------------------
Ile ATT   1   2   1   1   2   2 | Thr ACT   0   1   0   0   0   1 | Asn AAT   0   0   0   0   0   0 | Ser AGT   0   0   0   0   0   0
    ATC   0   0   0   0   0   0 |     ACC   1   0   1   1   0   0 |     AAC   0   0   0   0   0   0 |     AGC   0   0   0   0   1   0
    ATA   0   0   0   0   0   0 |     ACA   1   1   1   1   1   1 | Lys AAA   1   1   1   1   1   1 | Arg AGA   1   1   1   1   1   1
Met ATG   1   0   1   1   0   0 |     ACG   0   0   0   0   0   0 |     AAG   0   0   0   0   0   0 |     AGG   0   0   0   0   0   0
--------------------------------------------------------------------------------------------------------------------------------------
Val GTT   1   1   1   1   1   1 | Ala GCT   1   0   1   1   1   0 | Asp GAT   1   1   1   1   1   1 | Gly GGT   0   0   0   0   0   0
    GTC   0   0   0   0   0   0 |     GCC   0   0   0   0   0   0 |     GAC   0   0   0   0   0   0 |     GGC   0   1   0   0   0   1
    GTA   1   0   1   0   0   0 |     GCA   0   0   0   0   0   0 | Glu GAA   0   1   0   1   1   1 |     GGA   0   0   0   0   0   0
    GTG   0   0   0   0   0   0 |     GCG   0   0   0   0   0   0 |     GAG   2   1   2   2   1   1 |     GGG   0   0   0   0   0   0
--------------------------------------------------------------------------------------------------------------------------------------

--------------------------------------------------------------------------------------------------------------------------------------
Phe TTT   1   1   1   1   1   1 | Ser TCT   0   0   0   0   0   0 | Tyr TAT   0   0   0   0   0   0 | Cys TGT   0   0   0   0   0   0
    TTC   0   0   0   0   0   0 |     TCC   0   0   0   0   0   0 |     TAC   0   0   0   0   0   0 |     TGC   0   0   0   0   0   0
Leu TTA   0   0   0   0   0   0 |     TCA   0   0   0   0   0   0 | *** TAA   0   0   0   0   0   0 | *** TGA   0   0   0   0   0   0
    TTG   0   0   0   0   0   0 |     TCG   0   0   0   0   0   0 |     TAG   0   0   0   0   0   0 | Trp TGG   0   0   0   0   0   0
--------------------------------------------------------------------------------------------------------------------------------------
Leu CTT   1   1   1   1   1   1 | Pro CCT   0   0   0   0   0   0 | His CAT   1   1   1   1   1   1 | Arg CGT   0   0   0   0   0   0
    CTC   0   0   0   0   0   0 |     CCC   0   0   0   0   0   0 |     CAC   0   0   0   0   0   0 |     CGC   0   0   0   0   0   0
    CTA   1   1   1   0   1   1 |     CCA   0   0   0   0   0   0 | Gln CAA   1   1   1   1   1   1 |     CGA   0   0   0   0   0   0
    CTG   0   0   0   0   0   0 |     CCG   0   0   0   0   0   0 |     CAG   0   0   0   0   0   0 |     CGG   0   0   0   0   0   0
--------------------------------------------------------------------------------------------------------------------------------------
Ile ATT   2   2   2   2   2   2 | Thr ACT   1   0   1   0   0   0 | Asn AAT   0   0   0   0   0   0 | Ser AGT   0   0   0   0   0   0
    ATC   0   0   0   0   0   0 |     ACC   0   0   0   0   0   0 |     AAC   0   0   0   0   0   0 |     AGC   0   0   0   1   1   1
    ATA   0   0   0   0   0   0 |     ACA   1   1   1   1   1   1 | Lys AAA   1   1   1   1   1   1 | Arg AGA   1   1   1   1   1   1
Met ATG   0   0   0   0   0   0 |     ACG   0   0   0   0   0   0 |     AAG   0   0   0   0   0   0 |     AGG   0   0   0   0   0   0
--------------------------------------------------------------------------------------------------------------------------------------
Val GTT   1   1   1   1   1   1 | Ala GCT   0   1   0   1   1   1 | Asp GAT   1   1   1   1   1   1 | Gly GGT   0   0   0   0   0   0
    GTC   0   0   0   0   0   0 |     GCC   0   0   0   0   0   0 |     GAC   1   0   0   0   0   0 |     GGC   0   1   1   0   0   0
    GTA   0   0   0   1   0   0 |     GCA   0   0   0   0   0   0 | Glu GAA   1   2   1   1   1   1 |     GGA   0   0   0   0   0   0
    GTG   0   0   0   0   0   0 |     GCG   0   0   0   0   0   0 |     GAG   1   0   1   1   1   1 |     GGG   0   0   0   0   0   0
--------------------------------------------------------------------------------------------------------------------------------------

Codon position x base (3x4) table for each sequence.

#1: Argali         
position  1:    T:0.06250    C:0.25000    A:0.31250    G:0.37500
position  2:    T:0.37500    C:0.12500    A:0.37500    G:0.12500
position  3:    T:0.50000    C:0.06250    A:0.37500    G:0.06250
Average         T:0.31250    C:0.14583    A:0.35417    G:0.18750

#2: LesserMouseDeer
position  1:    T:0.06250    C:0.18750    A:0.31250    G:0.43750
position  2:    T:0.31250    C:0.18750    A:0.37500    G:0.12500
position  3:    T:0.50000    C:0.00000    A:0.43750    G:0.06250
Average         T:0.29167    C:0.12500    A:0.37500    G:0.20833

#3: LesserKudu     
position  1:    T:0.06250    C:0.25000    A:0.37500    G:0.31250
position  2:    T:0.37500    C:0.12500    A:0.37500    G:0.12500
position  3:    T:0.50000    C:0.06250    A:0.37500    G:0.06250
Average         T:0.31250    C:0.14583    A:0.37500    G:0.16667

#4: ForestMuskDeer2
position  1:    T:0.06250    C:0.18750    A:0.37500    G:0.37500
position  2:    T:0.37500    C:0.12500    A:0.37500    G:0.12500
position  3:    T:0.50000    C:0.06250    A:0.37500    G:0.06250
Average         T:0.31250    C:0.12500    A:0.37500    G:0.18750

#5: Camel          
position  1:    T:0.06250    C:0.18750    A:0.31250    G:0.43750
position  2:    T:0.31250    C:0.18750    A:0.43750    G:0.06250
position  3:    T:0.43750    C:0.00000    A:0.43750    G:0.12500
Average         T:0.27083    C:0.12500    A:0.39583    G:0.20833

#6: KillerWhale    
position  1:    T:0.06250    C:0.18750    A:0.37500    G:0.37500
position  2:    T:0.31250    C:0.18750    A:0.43750    G:0.06250
position  3:    T:0.50000    C:0.00000    A:0.43750    G:0.06250
Average         T:0.29167    C:0.12500    A:0.41667    G:0.16667

#7: DefassaWaterbuck
position  1:    T:0.06250    C:0.25000    A:0.31250    G:0.37500
position  2:    T:0.37500    C:0.12500    A:0.37500    G:0.12500
position  3:    T:0.43750    C:0.06250    A:0.37500    G:0.12500
Average         T:0.29167    C:0.14583    A:0.35417    G:0.20833

#8: Sheep          
position  1:    T:0.06250    C:0.25000    A:0.31250    G:0.37500
position  2:    T:0.37500    C:0.12500    A:0.37500    G:0.12500
position  3:    T:0.50000    C:0.06250    A:0.37500    G:0.06250
Average         T:0.31250    C:0.14583    A:0.35417    G:0.18750

#9: MaxwellsDuiker 
position  1:    T:0.06250    C:0.25000    A:0.31250    G:0.37500
position  2:    T:0.37500    C:0.12500    A:0.37500    G:0.12500
position  3:    T:0.50000    C:0.06250    A:0.37500    G:0.06250
Average         T:0.31250    C:0.14583    A:0.35417    G:0.18750

#10: GazellaPrzewalskyi
position  1:    T:0.06250    C:0.25000    A:0.31250    G:0.37500
position  2:    T:0.37500    C:0.12500    A:0.37500    G:0.12500
position  3:    T:0.50000    C:0.06250    A:0.37500    G:0.06250
Average         T:0.31250    C:0.14583    A:0.35417    G:0.18750

#11: MountainNyala  
position  1:    T:0.06250    C:0.25000    A:0.37500    G:0.31250
position  2:    T:0.37500    C:0.12500    A:0.37500    G:0.12500
position  3:    T:0.50000    C:0.06250    A:0.37500    G:0.06250
Average         T:0.31250    C:0.14583    A:0.37500    G:0.16667

#12: MuntiacusMuntjak
position  1:    T:0.06250    C:0.18750    A:0.37500    G:0.37500
position  2:    T:0.37500    C:0.18750    A:0.37500    G:0.06250
position  3:    T:0.37500    C:0.06250    A:0.31250    G:0.25000
Average         T:0.27083    C:0.14583    A:0.35417    G:0.22917

#13: goat           
position  1:    T:0.06250    C:0.25000    A:0.31250    G:0.37500
position  2:    T:0.37500    C:0.12500    A:0.37500    G:0.12500
position  3:    T:0.43750    C:0.12500    A:0.37500    G:0.06250
Average         T:0.29167    C:0.16667    A:0.35417    G:0.18750

#14: AfricanBuffalo 
position  1:    T:0.06250    C:0.25000    A:0.37500    G:0.31250
position  2:    T:0.37500    C:0.12500    A:0.37500    G:0.12500
position  3:    T:0.50000    C:0.06250    A:0.37500    G:0.06250
Average         T:0.31250    C:0.14583    A:0.37500    G:0.16667

#15: Topi           
position  1:    T:0.06250    C:0.25000    A:0.37500    G:0.31250
position  2:    T:0.37500    C:0.12500    A:0.37500    G:0.12500
position  3:    T:0.50000    C:0.06250    A:0.37500    G:0.06250
Average         T:0.31250    C:0.14583    A:0.37500    G:0.16667

#16: CommonDuiker   
position  1:    T:0.06250    C:0.25000    A:0.31250    G:0.37500
position  2:    T:0.37500    C:0.12500    A:0.37500    G:0.12500
position  3:    T:0.50000    C:0.06250    A:0.37500    G:0.06250
Average         T:0.31250    C:0.14583    A:0.35417    G:0.18750

#17: Suni           
position  1:    T:0.06250    C:0.25000    A:0.31250    G:0.37500
position  2:    T:0.37500    C:0.12500    A:0.37500    G:0.12500
position  3:    T:0.43750    C:0.12500    A:0.37500    G:0.06250
Average         T:0.29167    C:0.16667    A:0.35417    G:0.18750

#18: Springbuck     
position  1:    T:0.06250    C:0.25000    A:0.37500    G:0.31250
position  2:    T:0.37500    C:0.12500    A:0.37500    G:0.12500
position  3:    T:0.50000    C:0.06250    A:0.37500    G:0.06250
Average         T:0.31250    C:0.14583    A:0.37500    G:0.16667

#19: Okapi          
position  1:    T:0.06250    C:0.18750    A:0.37500    G:0.37500
position  2:    T:0.37500    C:0.18750    A:0.37500    G:0.06250
position  3:    T:0.43750    C:0.06250    A:0.37500    G:0.12500
Average         T:0.29167    C:0.14583    A:0.37500    G:0.18750

#20: Giraffe        
position  1:    T:0.06250    C:0.18750    A:0.37500    G:0.37500
position  2:    T:0.37500    C:0.18750    A:0.37500    G:0.06250
position  3:    T:0.43750    C:0.06250    A:0.37500    G:0.12500
Average         T:0.29167    C:0.14583    A:0.37500    G:0.18750

#21: TibetanAntelope
position  1:    T:0.06250    C:0.31250    A:0.31250    G:0.31250
position  2:    T:0.37500    C:0.12500    A:0.37500    G:0.12500
position  3:    T:0.50000    C:0.06250    A:0.37500    G:0.06250
Average         T:0.31250    C:0.16667    A:0.35417    G:0.16667

#22: Sitatunga      
position  1:    T:0.06250    C:0.25000    A:0.37500    G:0.31250
position  2:    T:0.37500    C:0.12500    A:0.37500    G:0.12500
position  3:    T:0.50000    C:0.06250    A:0.37500    G:0.06250
Average         T:0.31250    C:0.14583    A:0.37500    G:0.16667

#23: Oribi          
position  1:    T:0.06250    C:0.25000    A:0.37500    G:0.31250
position  2:    T:0.37500    C:0.12500    A:0.37500    G:0.12500
position  3:    T:0.50000    C:0.06250    A:0.37500    G:0.06250
Average         T:0.31250    C:0.14583    A:0.37500    G:0.16667

#24: BarbarySheep   
position  1:    T:0.06250    C:0.25000    A:0.31250    G:0.37500
position  2:    T:0.37500    C:0.12500    A:0.37500    G:0.12500
position  3:    T:0.50000    C:0.06250    A:0.37500    G:0.06250
Average         T:0.31250    C:0.14583    A:0.35417    G:0.18750

#25: Daviddeer      
position  1:    T:0.06250    C:0.18750    A:0.37500    G:0.37500
position  2:    T:0.37500    C:0.18750    A:0.37500    G:0.06250
position  3:    T:0.43750    C:0.06250    A:0.31250    G:0.18750
Average         T:0.29167    C:0.14583    A:0.35417    G:0.20833

#26: Reindeer       
position  1:    T:0.06250    C:0.18750    A:0.37500    G:0.37500
position  2:    T:0.37500    C:0.18750    A:0.37500    G:0.06250
position  3:    T:0.37500    C:0.06250    A:0.31250    G:0.25000
Average         T:0.27083    C:0.14583    A:0.35417    G:0.22917

#27: Ibex           
position  1:    T:0.06250    C:0.25000    A:0.31250    G:0.37500
position  2:    T:0.37500    C:0.12500    A:0.37500    G:0.12500
position  3:    T:0.43750    C:0.12500    A:0.37500    G:0.06250
Average         T:0.29167    C:0.16667    A:0.35417    G:0.18750

#28: GyrantGazelle  
position  1:    T:0.06250    C:0.25000    A:0.37500    G:0.31250
position  2:    T:0.37500    C:0.12500    A:0.37500    G:0.12500
position  3:    T:0.50000    C:0.06250    A:0.37500    G:0.06250
Average         T:0.31250    C:0.14583    A:0.37500    G:0.16667

#29: Hartebeest     
position  1:    T:0.06250    C:0.25000    A:0.37500    G:0.31250
position  2:    T:0.37500    C:0.12500    A:0.37500    G:0.12500
position  3:    T:0.50000    C:0.06250    A:0.37500    G:0.06250
Average         T:0.31250    C:0.14583    A:0.37500    G:0.16667

#30: Bongo          
position  1:    T:0.06250    C:0.25000    A:0.37500    G:0.31250
position  2:    T:0.37500    C:0.12500    A:0.37500    G:0.12500
position  3:    T:0.50000    C:0.06250    A:0.37500    G:0.06250
Average         T:0.31250    C:0.14583    A:0.37500    G:0.16667

#31: Gerenuk        
position  1:    T:0.06250    C:0.25000    A:0.37500    G:0.31250
position  2:    T:0.37500    C:0.12500    A:0.37500    G:0.12500
position  3:    T:0.50000    C:0.06250    A:0.37500    G:0.06250
Average         T:0.31250    C:0.14583    A:0.37500    G:0.16667

#32: CommonEland    
position  1:    T:0.06250    C:0.25000    A:0.37500    G:0.31250
position  2:    T:0.37500    C:0.12500    A:0.37500    G:0.12500
position  3:    T:0.50000    C:0.06250    A:0.37500    G:0.06250
Average         T:0.31250    C:0.14583    A:0.37500    G:0.16667

#33: MuntiacusReevesi
position  1:    T:0.06250    C:0.18750    A:0.31250    G:0.43750
position  2:    T:0.37500    C:0.18750    A:0.37500    G:0.06250
position  3:    T:0.37500    C:0.06250    A:0.31250    G:0.25000
Average         T:0.27083    C:0.14583    A:0.33333    G:0.25000

#34: HarveysDuiker  
position  1:    T:0.06250    C:0.25000    A:0.31250    G:0.37500
position  2:    T:0.37500    C:0.12500    A:0.37500    G:0.12500
position  3:    T:0.50000    C:0.06250    A:0.37500    G:0.06250
Average         T:0.31250    C:0.14583    A:0.35417    G:0.18750

#35: Pronghorn      
position  1:    T:0.06250    C:0.18750    A:0.37500    G:0.37500
position  2:    T:0.37500    C:0.18750    A:0.37500    G:0.06250
position  3:    T:0.43750    C:0.06250    A:0.37500    G:0.12500
Average         T:0.29167    C:0.14583    A:0.37500    G:0.18750

#36: BlueWildebeest 
position  1:    T:0.06250    C:0.25000    A:0.37500    G:0.31250
position  2:    T:0.37500    C:0.12500    A:0.37500    G:0.12500
position  3:    T:0.50000    C:0.06250    A:0.37500    G:0.06250
Average         T:0.31250    C:0.14583    A:0.37500    G:0.16667

#37: Gemsbok        
position  1:    T:0.06250    C:0.25000    A:0.31250    G:0.37500
position  2:    T:0.37500    C:0.12500    A:0.37500    G:0.12500
position  3:    T:0.50000    C:0.06250    A:0.37500    G:0.06250
Average         T:0.31250    C:0.14583    A:0.35417    G:0.18750

#38: Yak            
position  1:    T:0.06250    C:0.25000    A:0.37500    G:0.31250
position  2:    T:0.37500    C:0.12500    A:0.37500    G:0.12500
position  3:    T:0.50000    C:0.06250    A:0.37500    G:0.06250
Average         T:0.31250    C:0.14583    A:0.37500    G:0.16667

#39: BlueSheep      
position  1:    T:0.06250    C:0.25000    A:0.31250    G:0.37500
position  2:    T:0.37500    C:0.12500    A:0.37500    G:0.12500
position  3:    T:0.43750    C:0.12500    A:0.31250    G:0.12500
Average         T:0.29167    C:0.16667    A:0.33333    G:0.20833

#40: BohorReedbuck  
position  1:    T:0.06250    C:0.25000    A:0.31250    G:0.37500
position  2:    T:0.37500    C:0.12500    A:0.37500    G:0.12500
position  3:    T:0.43750    C:0.06250    A:0.37500    G:0.12500
Average         T:0.29167    C:0.14583    A:0.35417    G:0.20833

#41: KirksDik       
position  1:    T:0.06250    C:0.25000    A:0.37500    G:0.31250
position  2:    T:0.37500    C:0.12500    A:0.43750    G:0.06250
position  3:    T:0.50000    C:0.06250    A:0.37500    G:0.06250
Average         T:0.31250    C:0.14583    A:0.39583    G:0.14583

#42: RoeDeer        
position  1:    T:0.06250    C:0.18750    A:0.37500    G:0.37500
position  2:    T:0.37500    C:0.18750    A:0.37500    G:0.06250
position  3:    T:0.37500    C:0.06250    A:0.31250    G:0.25000
Average         T:0.27083    C:0.14583    A:0.35417    G:0.22917

#43: WhiteLippedDeer
position  1:    T:0.06250    C:0.18750    A:0.37500    G:0.37500
position  2:    T:0.37500    C:0.18750    A:0.37500    G:0.06250
position  3:    T:0.43750    C:0.06250    A:0.31250    G:0.18750
Average         T:0.29167    C:0.14583    A:0.35417    G:0.20833

#44: ThomsonGazelle 
position  1:    T:0.06250    C:0.25000    A:0.37500    G:0.31250
position  2:    T:0.37500    C:0.12500    A:0.37500    G:0.12500
position  3:    T:0.50000    C:0.06250    A:0.37500    G:0.06250
Average         T:0.31250    C:0.14583    A:0.37500    G:0.16667

#45: MuntiacusCrinifrons
position  1:    T:0.06250    C:0.18750    A:0.37500    G:0.37500
position  2:    T:0.37500    C:0.18750    A:0.37500    G:0.06250
position  3:    T:0.37500    C:0.06250    A:0.31250    G:0.25000
Average         T:0.27083    C:0.14583    A:0.35417    G:0.22917

#46: WhiteTailedDeer
position  1:    T:0.06250    C:0.18750    A:0.37500    G:0.37500
position  2:    T:0.31250    C:0.18750    A:0.43750    G:0.06250
position  3:    T:0.37500    C:0.06250    A:0.31250    G:0.25000
Average         T:0.25000    C:0.14583    A:0.37500    G:0.22917

#47: Cattle         
position  1:    T:0.06250    C:0.25000    A:0.37500    G:0.31250
position  2:    T:0.37500    C:0.12500    A:0.37500    G:0.12500
position  3:    T:0.50000    C:0.06250    A:0.37500    G:0.06250
Average         T:0.31250    C:0.14583    A:0.37500    G:0.16667

#48: RoyalAntelope  
position  1:    T:0.06250    C:0.25000    A:0.37500    G:0.31250
position  2:    T:0.37500    C:0.12500    A:0.37500    G:0.12500
position  3:    T:0.50000    C:0.06250    A:0.37500    G:0.06250
Average         T:0.31250    C:0.14583    A:0.37500    G:0.16667

#49: Steenbok       
position  1:    T:0.06250    C:0.25000    A:0.37500    G:0.31250
position  2:    T:0.37500    C:0.12500    A:0.43750    G:0.06250
position  3:    T:0.50000    C:0.06250    A:0.37500    G:0.06250
Average         T:0.31250    C:0.14583    A:0.39583    G:0.14583

#50: Impala         
position  1:    T:0.06250    C:0.25000    A:0.31250    G:0.37500
position  2:    T:0.37500    C:0.12500    A:0.37500    G:0.12500
position  3:    T:0.50000    C:0.06250    A:0.43750    G:0.00000
Average         T:0.31250    C:0.14583    A:0.37500    G:0.16667

#51: Klipspringer   
position  1:    T:0.06250    C:0.25000    A:0.37500    G:0.31250
position  2:    T:0.37500    C:0.12500    A:0.37500    G:0.12500
