CODONML (in paml version 4.10.7, June 2023)  /home/rachel/ruminants_paml/6406-phy-tree/ENSBTAT00000010219.fasta.phy
Model: free dN/dS Ratios for branches,  kappa = 2.000 fixed

Codon frequency model: F3x4
ns =  54  ls =  33

Codon usage in sequences
--------------------------------------------------------------------------------------------------------------------------------------
Phe TTT   0   0   0   0   0   0 | Ser TCT   0   0   0   0   0   0 | Tyr TAT   0   0   0   0   0   0 | Cys TGT   0   0   0   0   0   0
    TTC   1   1   1   1   1   1 |     TCC   1   1   1   1   1   1 |     TAC   4   4   4   4   4   4 |     TGC   0   0   0   0   0   0
Leu TTA   1   0   1   1   1   1 |     TCA   0   0   0   0   0   0 | *** TAA   0   0   0   0   0   0 | *** TGA   0   0   0   0   0   0
    TTG   0   1   0   0   1   1 |     TCG   0   0   0   0   0   0 |     TAG   0   0   0   0   0   0 | Trp TGG   0   0   0   0   0   0
--------------------------------------------------------------------------------------------------------------------------------------
Leu CTT   0   0   0   0   0   0 | Pro CCT   0   0   0   0   0   0 | His CAT   0   0   0   0   0   0 | Arg CGT   0   0   0   0   0   0
    CTC   3   3   3   3   3   2 |     CCC   2   2   2   2   2   2 |     CAC   0   0   0   0   0   0 |     CGC   0   0   0   0   0   0
    CTA   0   0   0   0   0   0 |     CCA   0   0   0   0   0   0 | Gln CAA   1   1   1   1   1   1 |     CGA   0   0   0   0   0   0
    CTG   2   2   2   2   1   2 |     CCG   0   0   0   0   0   0 |     CAG   2   2   2   2   2   2 |     CGG   0   0   0   0   0   0
--------------------------------------------------------------------------------------------------------------------------------------
Ile ATT   0   0   0   0   0   0 | Thr ACT   0   0   0   0   0   0 | Asn AAT   0   0   0   0   0   0 | Ser AGT   0   0   0   0   0   0
    ATC   0   0   0   0   0   0 |     ACC   0   0   0   0   0   0 |     AAC   0   0   0   0   0   0 |     AGC   1   1   1   1   1   1
    ATA   0   0   0   0   0   0 |     ACA   2   0   2   2   0   0 | Lys AAA   0   0   0   0   0   0 | Arg AGA   0   0   0   0   0   0
Met ATG   2   2   2   2   2   2 |     ACG   1   3   1   1   3   3 |     AAG   1   1   1   1   1   1 |     AGG   1   1   1   1   1   1
--------------------------------------------------------------------------------------------------------------------------------------
Val GTT   0   0   0   0   0   0 | Ala GCT   0   0   0   0   0   0 | Asp GAT   0   0   0   0   0   0 | Gly GGT   0   0   0   0   0   0
    GTC   0   0   0   0   0   0 |     GCC   1   1   1   1   1   1 |     GAC   0   0   0   0   0   0 |     GGC   1   2   1   1   1   1
    GTA   0   0   0   0   0   0 |     GCA   0   0   0   0   0   0 | Glu GAA   0   1   0   0   0   0 |     GGA   0   1   0   0   0   0
    GTG   1   1   1   1   1   1 |     GCG   0   0   0   0   0   0 |     GAG   1   0   1   1   1   1 |     GGG   4   2   4   4   4   4
--------------------------------------------------------------------------------------------------------------------------------------

--------------------------------------------------------------------------------------------------------------------------------------
Phe TTT   0   0   0   0   0   0 | Ser TCT   0   0   0   0   0   0 | Tyr TAT   0   0   0   0   0   0 | Cys TGT   0   0   0   0   0   0
    TTC   1   1   1   1   1   1 |     TCC   1   1   1   1   1   1 |     TAC   4   4   4   4   4   4 |     TGC   0   0   0   0   0   0
Leu TTA   1   1   1   1   1   1 |     TCA   0   0   0   0   0   0 | *** TAA   0   0   0   0   0   0 | *** TGA   0   0   0   0   0   0
    TTG   0   0   0   0   0   0 |     TCG   0   0   0   0   0   0 |     TAG   0   0   0   0   0   0 | Trp TGG   0   0   0   0   0   0
--------------------------------------------------------------------------------------------------------------------------------------
Leu CTT   0   0   0   0   0   0 | Pro CCT   0   0   0   0   0   0 | His CAT   0   0   0   0   0   0 | Arg CGT   0   0   0   0   0   0
    CTC   3   3   3   3   3   3 |     CCC   2   2   2   2   2   2 |     CAC   0   0   0   0   0   0 |     CGC   0   0   0   0   0   0
    CTA   0   0   0   0   0   0 |     CCA   0   0   0   0   0   0 | Gln CAA   1   1   1   1   1   1 |     CGA   0   0   0   0   0   0
    CTG   2   2   2   2   2   2 |     CCG   0   0   0   0   0   0 |     CAG   2   2   2   2   2   2 |     CGG   0   0   0   0   0   0
--------------------------------------------------------------------------------------------------------------------------------------
Ile ATT   0   0   0   0   0   0 | Thr ACT   0   0   0   0   0   0 | Asn AAT   0   0   0   0   0   0 | Ser AGT   0   0   0   0   0   0
    ATC   0   0   0   0   0   0 |     ACC   0   0   0   0   0   0 |     AAC   0   0   0   0   0   0 |     AGC   1   1   1   1   1   1
    ATA   0   0   0   0   0   0 |     ACA   2   2   2   2   2   2 | Lys AAA   0   0   0   0   0   0 | Arg AGA   0   0   0   0   0   0
Met ATG   2   2   2   2   2   2 |     ACG   1   1   1   1   1   1 |     AAG   1   1   1   1   1   1 |     AGG   1   1   1   1   1   1
--------------------------------------------------------------------------------------------------------------------------------------
Val GTT   0   0   0   0   0   0 | Ala GCT   0   0   0   0   0   0 | Asp GAT   0   0   0   0   0   0 | Gly GGT   0   0   0   0   0   0
    GTC   0   0   0   0   0   0 |     GCC   1   1   1   1   1   1 |     GAC   0   0   0   0   0   0 |     GGC   1   1   2   0   1   1
    GTA   0   0   0   0   0   0 |     GCA   0   0   0   0   0   0 | Glu GAA   0   0   0   0   0   0 |     GGA   0   0   0   0   0   1
    GTG   1   1   1   1   1   1 |     GCG   0   0   0   0   0   0 |     GAG   1   1   1   1   1   1 |     GGG   4   4   3   5   4   3
--------------------------------------------------------------------------------------------------------------------------------------

--------------------------------------------------------------------------------------------------------------------------------------
Phe TTT   0   0   0   0   0   0 | Ser TCT   0   0   0   0   0   0 | Tyr TAT   0   0   0   0   1   0 | Cys TGT   0   0   0   0   0   0
    TTC   1   1   1   1   1   1 |     TCC   1   1   1   1   1   1 |     TAC   4   4   4   4   3   4 |     TGC   0   0   0   0   0   0
Leu TTA   1   1   1   1   1   1 |     TCA   0   0   0   0   0   0 | *** TAA   0   0   0   0   0   0 | *** TGA   0   0   0   0   0   0
    TTG   1   0   0   0   0   0 |     TCG   0   0   0   0   0   0 |     TAG   0   0   0   0   0   0 | Trp TGG   0   0   0   0   0   0
--------------------------------------------------------------------------------------------------------------------------------------
Leu CTT   0   0   0   0   1   0 | Pro CCT   0   0   0   0   0   0 | His CAT   0   0   0   0   0   0 | Arg CGT   0   0   0   0   0   0
    CTC   2   3   3   3   2   3 |     CCC   2   2   2   2   2   2 |     CAC   0   0   0   0   0   0 |     CGC   0   0   0   0   0   0
    CTA   0   0   0   0   0   0 |     CCA   0   0   0   0   0   0 | Gln CAA   1   1   1   1   1   1 |     CGA   0   0   0   0   0   0
    CTG   2   2   2   2   2   2 |     CCG   0   0   0   0   0   0 |     CAG   2   2   2   2   2   2 |     CGG   0   0   0   0   0   0
--------------------------------------------------------------------------------------------------------------------------------------
Ile ATT   0   0   0   0   0   0 | Thr ACT   0   0   0   0   0   0 | Asn AAT   0   0   0   0   0   0 | Ser AGT   0   0   0   0   0   0
    ATC   0   0   0   0   0   0 |     ACC   0   0   0   0   1   0 |     AAC   0   0   0   0   0   0 |     AGC   1   1   1   1   1   1
    ATA   0   0   0   0   0   0 |     ACA   2   2   2   2   1   1 | Lys AAA   0   0   0   0   0   0 | Arg AGA   0   0   0   0   0   0
Met ATG   2   2   2   2   2   2 |     ACG   1   1   1   1   1   2 |     AAG   1   1   1   1   1   1 |     AGG   1   1   1   1   1   1
--------------------------------------------------------------------------------------------------------------------------------------
Val GTT   0   0   0   0   0   0 | Ala GCT   0   0   0   0   0   0 | Asp GAT   0   0   0   0   0   0 | Gly GGT   0   0   0   0   0   0
    GTC   0   0   0   0   0   0 |     GCC   1   1   1   1   1   1 |     GAC   0   0   0   0   0   0 |     GGC   1   0   1   1   1   0
    GTA   0   0   0   0   0   0 |     GCA   0   0   0   0   0   0 | Glu GAA   0   0   0   0   1   0 |     GGA   0   0   0   0   0   0
    GTG   1   1   1   1   1   1 |     GCG   0   0   0   0   0   0 |     GAG   1   1   1   1   0   1 |     GGG   4   5   4   4   4   5
--------------------------------------------------------------------------------------------------------------------------------------

--------------------------------------------------------------------------------------------------------------------------------------
Phe TTT   0   0   0   0   0   0 | Ser TCT   0   0   0   0   0   0 | Tyr TAT   0   0   0   0   0   0 | Cys TGT   0   0   0   0   0   0
    TTC   1   1   2   1   1   1 |     TCC   1   1   1   1   1   1 |     TAC   4   4   3   4   4   4 |     TGC   0   0   0   0   0   0
Leu TTA   1   1   1   1   1   1 |     TCA   0   0   0   0   0   0 | *** TAA   0   0   0   0   0   0 | *** TGA   0   0   0   0   0   0
    TTG   0   0   0   0   0   1 |     TCG   0   0   0   0   0   0 |     TAG   0   0   0   0   0   0 | Trp TGG   0   0   0   0   0   0
--------------------------------------------------------------------------------------------------------------------------------------
Leu CTT   0   0   0   0   0   0 | Pro CCT   0   0   0   0   0   0 | His CAT   0   0   0   0   0   0 | Arg CGT   0   0   0   0   0   0
    CTC   3   3   2   3   3   3 |     CCC   2   2   2   2   2   2 |     CAC   0   0   0   0   0   0 |     CGC   0   0   0   0   0   0
    CTA   0   0   0   0   0   0 |     CCA   0   0   0   0   0   0 | Gln CAA   1   1   1   1   1   1 |     CGA   0   0   0   0   0   0
    CTG   2   2   3   2   2   1 |     CCG   0   0   0   0   0   0 |     CAG   2   2   2   2   2   2 |     CGG   0   0   0   0   0   0
--------------------------------------------------------------------------------------------------------------------------------------
Ile ATT   0   0   0   0   0   0 | Thr ACT   0   0   0   0   0   0 | Asn AAT   0   0   0   0   0   0 | Ser AGT   0   0   0   0   0   0
    ATC   0   0   0   0   0   0 |     ACC   0   0   1   0   0   0 |     AAC   0   0   0   0   0   0 |     AGC   1   1   1   1   1   1
    ATA   0   0   0   0   0   0 |     ACA   2   2   1   2   2   2 | Lys AAA   0   0   0   0   0   0 | Arg AGA   0   0   0   0   0   0
Met ATG   2   2   2   2   2   2 |     ACG   1   1   1   1   1   1 |     AAG   1   1   1   1   1   1 |     AGG   1   1   1   1   1   1
--------------------------------------------------------------------------------------------------------------------------------------
Val GTT   0   0   0   0   0   0 | Ala GCT   1   0   0   0   0   0 | Asp GAT   0   0   0   0   0   0 | Gly GGT   0   0   0   0   0   0
    GTC   0   0   0   0   0   0 |     GCC   0   1   1   1   1   1 |     GAC   0   0   0   0   0   0 |     GGC   1   1   1   1   1   1
    GTA   0   0   0   0   0   0 |     GCA   0   0   0   0   0   0 | Glu GAA   0   0   0   0   0   0 |     GGA   1   1   0   0   0   0
    GTG   1   1   1   1   1   1 |     GCG   0   0   0   0   0   0 |     GAG   1   1   1   1   1   1 |     GGG   3   3   4   4   4   4
--------------------------------------------------------------------------------------------------------------------------------------

--------------------------------------------------------------------------------------------------------------------------------------
Phe TTT   0   0   0   0   0   0 | Ser TCT   0   0   0   0   0   0 | Tyr TAT   0   0   0   1   0   0 | Cys TGT   0   0   0   0   0   0
    TTC   1   1   1   1   1   1 |     TCC   1   1   1   1   1   1 |     TAC   4   4   4   3   4   4 |     TGC   0   0   0   0   0   0
Leu TTA   1   1   1   1   1   1 |     TCA   0   0   0   0   0   0 | *** TAA   0   0   0   0   0   0 | *** TGA   0   0   0   0   0   0
    TTG   0   0   1   0   0   0 |     TCG   0   0   0   0   0   0 |     TAG   0   0   0   0   0   0 | Trp TGG   0   0   0   0   0   0
--------------------------------------------------------------------------------------------------------------------------------------
Leu CTT   0   0   0   0   0   0 | Pro CCT   0   0   0   0   0   0 | His CAT   0   0   0   0   0   0 | Arg CGT   0   0   0   0   0   0
    CTC   3   3   2   3   3   3 |     CCC   2   2   2   2   2   2 |     CAC   0   0   0   0   0   0 |     CGC   0   0   0   0   0   0
    CTA   0   0   0   0   0   0 |     CCA   0   0   0   0   0   0 | Gln CAA   1   1   1   1   1   1 |     CGA   0   0   0   0   0   0
    CTG   2   2   2   2   2   2 |     CCG   0   0   0   0   0   0 |     CAG   2   2   2   2   2   2 |     CGG   0   0   0   0   0   0
--------------------------------------------------------------------------------------------------------------------------------------
Ile ATT   0   0   0   0   0   0 | Thr ACT   0   0   0   0   0   0 | Asn AAT   0   0   0   0   0   0 | Ser AGT   0   1   0   0   0   0
    ATC   0   0   0   0   0   0 |     ACC   0   1   0   0   0   0 |     AAC   0   0   0   0   0   0 |     AGC   1   0   1   1   1   1
    ATA   0   0   0   0   0   0 |     ACA   2   2   2   1   2   2 | Lys AAA   0   0   0   0   0   0 | Arg AGA   0   0   0   0   0   0
Met ATG   2   2   2   2   2   2 |     ACG   1   0   1   2   1   1 |     AAG   1   1   1   1   1   1 |     AGG   1   1   1   1   1   1
--------------------------------------------------------------------------------------------------------------------------------------
Val GTT   0   0   0   0   0   0 | Ala GCT   0   0   0   0   0   0 | Asp GAT   0   0   0   0   0   0 | Gly GGT   0   0   0   0   0   0
    GTC   0   0   0   0   0   0 |     GCC   1   0   1   1   1   1 |     GAC   0   0   0   0   0   0 |     GGC   1   1   1   0   1   1
    GTA   0   0   0   0   0   0 |     GCA   0   0   0   0   0   0 | Glu GAA   0   0   0   0   0   0 |     GGA   1   1   0   0   0   0
    GTG   1   1   1   1   1   1 |     GCG   0   1   0   0   0   0 |     GAG   1   1   1   1   1   1 |     GGG   3   3   4   5   4   4
--------------------------------------------------------------------------------------------------------------------------------------

--------------------------------------------------------------------------------------------------------------------------------------
Phe TTT   0   0   0   0   0   0 | Ser TCT   0   0   0   0   0   0 | Tyr TAT   0   0   0   0   0   0 | Cys TGT   0   0   0   0   0   0
    TTC   1   1   1   1   1   1 |     TCC   1   1   1   1   1   1 |     TAC   4   4   4   4   4   4 |     TGC   0   0   0   0   0   0
Leu TTA   1   1   1   1   1   0 |     TCA   0   0   0   0   0   0 | *** TAA   0   0   0   0   0   0 | *** TGA   0   0   0   0   0   0
    TTG   0   0   0   0   0   1 |     TCG   0   0   0   0   0   0 |     TAG   0   0   0   0   0   0 | Trp TGG   0   0   0   0   0   0
--------------------------------------------------------------------------------------------------------------------------------------
Leu CTT   0   0   0   0   0   0 | Pro CCT   0   1   0   0   0   0 | His CAT   0   0   0   0   0   0 | Arg CGT   0   0   0   0   0   0
    CTC   3   3   3   3   3   3 |     CCC   2   1   2   2   2   2 |     CAC   0   0   0   0   0   0 |     CGC   0   0   0   0   0   0
    CTA   0   0   0   0   0   0 |     CCA   0   0   0   0   0   0 | Gln CAA   1   1   1   1   1   1 |     CGA   0   0   0   0   0   0
    CTG   2   2   2   2   2   2 |     CCG   0   0   0   0   0   0 |     CAG   2   2   2   2   2   2 |     CGG   0   0   0   0   0   0
--------------------------------------------------------------------------------------------------------------------------------------
Ile ATT   0   0   0   0   0   0 | Thr ACT   0   0   0   0   0   0 | Asn AAT   0   0   0   0   0   0 | Ser AGT   0   0   0   0   0   0
    ATC   0   0   0   0   0   0 |     ACC   0   0   0   0   0   0 |     AAC   0   0   0   0   0   0 |     AGC   1   1   1   1   1   1
    ATA   0   0   0   0   0   0 |     ACA   1   2   2   2   2   2 | Lys AAA   0   0   0   0   0   0 | Arg AGA   0   0   0   0   0   0
Met ATG   2   2   2   2   2   2 |     ACG   2   1   1   1   1   1 |     AAG   1   1   1   1   1   1 |     AGG   1   1   1   1   1   1
--------------------------------------------------------------------------------------------------------------------------------------
Val GTT   0   0   0   0   0   0 | Ala GCT   0   0   0   0   0   0 | Asp GAT   0   0   0   0   0   0 | Gly GGT   0   0   0   0   0   0
    GTC   0   0   0   0   0   0 |     GCC   1   1   1   1   1   1 |     GAC   0   0   0   0   0   0 |     GGC   0   1   1   1   1   1
    GTA   0   0   0   0   0   0 |     GCA   0   0   0   0   0   0 | Glu GAA   0   0   0   0   0   0 |     GGA   0   0   1   0   0   0
    GTG   1   1   1   1   1   1 |     GCG   0   0   0   0   0   0 |     GAG   1   1   1   1   1   1 |     GGG   5   4   3   4   4   4
--------------------------------------------------------------------------------------------------------------------------------------

--------------------------------------------------------------------------------------------------------------------------------------
Phe TTT   0   0   0   0   0   0 | Ser TCT   0   0   0   0   0   0 | Tyr TAT   0   0   0   0   1   1 | Cys TGT   0   0   0   0   0   0
    TTC   1   1   1   1   1   1 |     TCC   1   1   1   1   1   1 |     TAC   4   4   4   4   3   3 |     TGC   0   0   0   0   0   0
Leu TTA   1   1   1   1   1   1 |     TCA   0   0   0   0   0   0 | *** TAA   0   0   0   0   0   0 | *** TGA   0   0   0   0   0   0
    TTG   0   0   1   0   0   0 |     TCG   0   0   0   0   0   0 |     TAG   0   0   0   0   0   0 | Trp TGG   0   0   0   0   0   0
--------------------------------------------------------------------------------------------------------------------------------------
Leu CTT   0   0   0   0   0   0 | Pro CCT   0   0   0   0   0   0 | His CAT   0   0   0   0   0   0 | Arg CGT   0   0   0   0   0   0
    CTC   3   3   2   3   3   3 |     CCC   2   2   2   2   2   2 |     CAC   0   0   0   0   0   0 |     CGC   0   0   0   0   0   0
    CTA   0   0   0   0   0   0 |     CCA   0   0   0   0   0   0 | Gln CAA   1   1   1   1   1   1 |     CGA   0   0   0   0   0   0
    CTG   2   2   2   2   2   2 |     CCG   0   0   0   0   0   0 |     CAG   2   2   2   2   2   2 |     CGG   0   0   0   0   0   0
--------------------------------------------------------------------------------------------------------------------------------------
Ile ATT   0   0   0   0   0   0 | Thr ACT   0   0   0   0   0   0 | Asn AAT   0   0   0   0   0   0 | Ser AGT   0   0   0   0   0   0
    ATC   0   0   0   0   0   0 |     ACC   0   0   0   0   0   0 |     AAC   0   0   0   0   0   0 |     AGC   1   1   1   1   1   1
    ATA   0   0   0   0   0   0 |     ACA   2   1   2   2   1   2 | Lys AAA   0   0   0   0   0   0 | Arg AGA   0   0   0   0   0   0
Met ATG   2   2   2   2   2   2 |     ACG   1   2   1   1   2   1 |     AAG   1   1   1   1   1   1 |     AGG   1   1   1   1   1   1
--------------------------------------------------------------------------------------------------------------------------------------
Val GTT   0   0   0   0   0   0 | Ala GCT   0   0   0   0   0   0 | Asp GAT   0   0   0   0   0   0 | Gly GGT   0   0   0   0   0   0
    GTC   0   0   0   0   0   0 |     GCC   1   1   1   1   1   1 |     GAC   0   0   0   0   0   0 |     GGC   1   0   1   1   1   1
    GTA   0   0   0   0   0   0 |     GCA   0   0   0   0   0   0 | Glu GAA   0   0   0   0   0   0 |     GGA   0   0   0   0   0   1
    GTG   1   1   1   1   1   1 |     GCG   0   0   0   0   0   0 |     GAG   1   1   1   1   1   1 |     GGG   4   5   4   4   4   3
--------------------------------------------------------------------------------------------------------------------------------------

--------------------------------------------------------------------------------------------------------------------------------------
Phe TTT   0   0   0   0   0   0 | Ser TCT   0   0   0   0   0   0 | Tyr TAT   0   1   0   0   0   0 | Cys TGT   0   0   0   0   0   0
    TTC   1   1   1   1   1   1 |     TCC   1   1   1   1   1   1 |     TAC   4   3   4   4   4   4 |     TGC   0   0   0   0   0   0
Leu TTA   1   1   1   1   1   1 |     TCA   0   0   0   0   0   0 | *** TAA   0   0   0   0   0   0 | *** TGA   0   0   0   0   0   0
    TTG   0   0   0   0   0   0 |     TCG   0   0   0   0   0   0 |     TAG   0   0   0   0   0   0 | Trp TGG   0   0   0   0   0   0
--------------------------------------------------------------------------------------------------------------------------------------
Leu CTT   0   0   0   0   0   0 | Pro CCT   0   0   0   0   0   0 | His CAT   0   0   0   0   0   0 | Arg CGT   0   0   0   0   0   0
    CTC   3   3   3   3   3   3 |     CCC   2   2   2   2   2   2 |     CAC   0   0   0   0   0   0 |     CGC   0   0   0   0   0   0
    CTA   0   0   0   0   0   0 |     CCA   0   0   0   0   0   0 | Gln CAA   1   1   1   1   1   1 |     CGA   0   0   0   0   0   0
    CTG   2   2   2   2   2   2 |     CCG   0   0   0   0   0   0 |     CAG   2   2   2   2   2   2 |     CGG   0   0   0   0   0   0
--------------------------------------------------------------------------------------------------------------------------------------
Ile ATT   0   0   0   0   0   0 | Thr ACT   0   0   0   0   0   0 | Asn AAT   0   0   0   0   0   0 | Ser AGT   0   0   0   0   0   0
    ATC   0   0   0   0   0   0 |     ACC   0   0   0   0   0   0 |     AAC   0   0   0   0   0   0 |     AGC   1   1   1   1   1   1
    ATA   0   0   0   0   0   0 |     ACA   2   1   2   1   1   1 | Lys AAA   0   0   0   0   0   0 | Arg AGA   0   0   0   0   0   0
Met ATG   2   2   2   2   2   2 |     ACG   1   2   1   2   2   2 |     AAG   1   1   1   1   1   1 |     AGG   1   1   1   1   1   1
--------------------------------------------------------------------------------------------------------------------------------------
Val GTT   0   0   0   0   0   0 | Ala GCT   0   0   0   0   0   0 | Asp GAT   0   0   0   0   0   0 | Gly GGT   0   0   0   0   0   0
    GTC   0   0   0   0   0   0 |     GCC   1   1   1   0   1   1 |     GAC   0   0   0   0   0   0 |     GGC   1   0   1   1   0   1
    GTA   0   0   0   0   0   0 |     GCA   0   0   0   0   0   0 | Glu GAA   0   0   0   0   0   0 |     GGA   1   0   0   1   0   0
    GTG   1   1   1   1   1   1 |     GCG   0   0   0   1   0   0 |     GAG   1   1   1   1   1   1 |     GGG   3   5   4   3   5   4
--------------------------------------------------------------------------------------------------------------------------------------

--------------------------------------------------------------------------------------------------------------------------------------
Phe TTT   0   0   0   0   0   0 | Ser TCT   0   0   0   0   0   0 | Tyr TAT   0   0   0   0   0   0 | Cys TGT   0   0   0   0   0   0
    TTC   1   1   1   1   1   1 |     TCC   1   1   1   1   1   1 |     TAC   4   4   4   4   4   4 |     TGC   0   0   0   0   0   0
Leu TTA   1   1   1   1   1   1 |     TCA   0   0   0   0   0   0 | *** TAA   0   0   0   0   0   0 | *** TGA   0   0   0   0   0   0
    TTG   0   0   0   0   0   0 |     TCG   0   0   0   0   0   0 |     TAG   0   0   0   0   0   0 | Trp TGG   0   0   0   0   0   0
--------------------------------------------------------------------------------------------------------------------------------------
Leu CTT   0   0   1   0   0   0 | Pro CCT   0   0   0   0   0   0 | His CAT   0   0   0   0   0   0 | Arg CGT   0   0   0   0   0   0
    CTC   3   3   3   3   3   3 |     CCC   2   2   2   2   2   2 |     CAC   0   0   0   0   0   0 |     CGC   0   0   0   0   0   0
    CTA   0   0   0   0   0   0 |     CCA   0   0   0   0   0   0 | Gln CAA   1   1   1   1   1   1 |     CGA   0   0   0   0   0   0
    CTG   2   2   1   2   2   2 |     CCG   0   0   0   0   0   0 |     CAG   2   2   2   2   2   2 |     CGG   0   0   0   0   0   0
--------------------------------------------------------------------------------------------------------------------------------------
Ile ATT   0   0   0   0   0   0 | Thr ACT   0   0   0   0   0   0 | Asn AAT   0   0   0   0   0   0 | Ser AGT   0   0   0   0   0   0
    ATC   0   0   0   0   0   0 |     ACC   0   0   0   0   0   0 |     AAC   0   0   0   0   0   0 |     AGC   1   1   1   1   1   1
    ATA   0   0   0   0   0   0 |     ACA   2   2   3   2   2   2 | Lys AAA   0   0   0   0   0   0 | Arg AGA   0   0   0   0   0   0
Met ATG   2   2   2   2   2   2 |     ACG   1   1   0   1   1   1 |     AAG   1   1   1   1   1   1 |     AGG   1   1   1   1   1   1
--------------------------------------------------------------------------------------------------------------------------------------
Val GTT   0   0   0   0   0   0 | Ala GCT   0   0   0   0   0   0 | Asp GAT   0   0   0   0   0   0 | Gly GGT   0   0   0   0   0   0
    GTC   0   0   0   0   0   0 |     GCC   1   1   1   1   1   1 |     GAC   0   0   0   0   0   0 |     GGC   1   1   1   1   1   1
    GTA   0   0   0   0   0   0 |     GCA   0   0   0   0   0   0 | Glu GAA   0   0   0   0   0   0 |     GGA   1   0   0   0   0   0
    GTG   1   1   1   1   1   1 |     GCG   0   0   0   0   0   0 |     GAG   1   1   1   1   1   1 |     GGG   3   4   4   4   4   4
--------------------------------------------------------------------------------------------------------------------------------------

Codon position x base (3x4) table for each sequence.

#1: Argali         
position  1:    T:0.21212    C:0.30303    A:0.24242    G:0.24242
position  2:    T:0.30303    C:0.21212    A:0.27273    G:0.21212
position  3:    T:0.00000    C:0.42424    A:0.12121    G:0.45455
Average         T:0.17172    C:0.31313    A:0.21212    G:0.30303

#2: LesserMouseDeer
position  1:    T:0.21212    C:0.30303    A:0.24242    G:0.24242
position  2:    T:0.30303    C:0.21212    A:0.27273    G:0.21212
position  3:    T:0.00000    C:0.45455    A:0.09091    G:0.45455
Average         T:0.17172    C:0.32323    A:0.20202    G:0.30303

#3: LesserKudu     
position  1:    T:0.21212    C:0.30303    A:0.24242    G:0.24242
position  2:    T:0.30303    C:0.21212    A:0.27273    G:0.21212
position  3:    T:0.00000    C:0.42424    A:0.12121    G:0.45455
Average         T:0.17172    C:0.31313    A:0.21212    G:0.30303

#4: ForestMuskDeer2
position  1:    T:0.21212    C:0.30303    A:0.24242    G:0.24242
position  2:    T:0.30303    C:0.21212    A:0.27273    G:0.21212
position  3:    T:0.00000    C:0.42424    A:0.12121    G:0.45455
Average         T:0.17172    C:0.31313    A:0.21212    G:0.30303

#5: Camel          
position  1:    T:0.24242    C:0.27273    A:0.24242    G:0.24242
position  2:    T:0.30303    C:0.21212    A:0.27273    G:0.21212
position  3:    T:0.00000    C:0.42424    A:0.06061    G:0.51515
Average         T:0.18182    C:0.30303    A:0.19192    G:0.32323

#6: KillerWhale    
position  1:    T:0.24242    C:0.27273    A:0.24242    G:0.24242
position  2:    T:0.30303    C:0.21212    A:0.27273    G:0.21212
position  3:    T:0.00000    C:0.39394    A:0.06061    G:0.54545
Average         T:0.18182    C:0.29293    A:0.19192    G:0.33333

#7: DefassaWaterbuck
position  1:    T:0.21212    C:0.30303    A:0.24242    G:0.24242
position  2:    T:0.30303    C:0.21212    A:0.27273    G:0.21212
position  3:    T:0.00000    C:0.42424    A:0.12121    G:0.45455
Average         T:0.17172    C:0.31313    A:0.21212    G:0.30303

#8: Sheep          
position  1:    T:0.21212    C:0.30303    A:0.24242    G:0.24242
position  2:    T:0.30303    C:0.21212    A:0.27273    G:0.21212
position  3:    T:0.00000    C:0.42424    A:0.12121    G:0.45455
Average         T:0.17172    C:0.31313    A:0.21212    G:0.30303

#9: MaxwellsDuiker 
position  1:    T:0.21212    C:0.30303    A:0.24242    G:0.24242
position  2:    T:0.30303    C:0.21212    A:0.27273    G:0.21212
position  3:    T:0.00000    C:0.45455    A:0.12121    G:0.42424
Average         T:0.17172    C:0.32323    A:0.21212    G:0.29293

#10: GazellaPrzewalskyi
position  1:    T:0.21212    C:0.30303    A:0.24242    G:0.24242
position  2:    T:0.30303    C:0.21212    A:0.27273    G:0.21212
position  3:    T:0.00000    C:0.39394    A:0.12121    G:0.48485
Average         T:0.17172    C:0.30303    A:0.21212    G:0.31313

#11: MountainNyala  
position  1:    T:0.21212    C:0.30303    A:0.24242    G:0.24242
position  2:    T:0.30303    C:0.21212    A:0.27273    G:0.21212
position  3:    T:0.00000    C:0.42424    A:0.12121    G:0.45455
Average         T:0.17172    C:0.31313    A:0.21212    G:0.30303

#12: MuntiacusMuntjak
position  1:    T:0.21212    C:0.30303    A:0.24242    G:0.24242
position  2:    T:0.30303    C:0.21212    A:0.27273    G:0.21212
position  3:    T:0.00000    C:0.42424    A:0.15152    G:0.42424
Average         T:0.17172    C:0.31313    A:0.22222    G:0.29293

#13: goat           
position  1:    T:0.24242    C:0.27273    A:0.24242    G:0.24242
position  2:    T:0.30303    C:0.21212    A:0.27273    G:0.21212
position  3:    T:0.00000    C:0.39394    A:0.12121    G:0.48485
Average         T:0.18182    C:0.29293    A:0.21212    G:0.31313

#14: AfricanBuffalo 
position  1:    T:0.21212    C:0.30303    A:0.24242    G:0.24242
position  2:    T:0.30303    C:0.21212    A:0.27273    G:0.21212
position  3:    T:0.00000    C:0.39394    A:0.12121    G:0.48485
Average         T:0.17172    C:0.30303    A:0.21212    G:0.31313

#15: Topi           
position  1:    T:0.21212    C:0.30303    A:0.24242    G:0.24242
position  2:    T:0.30303    C:0.21212    A:0.27273    G:0.21212
position  3:    T:0.00000    C:0.42424    A:0.12121    G:0.45455
Average         T:0.17172    C:0.31313    A:0.21212    G:0.30303

#16: CommonDuiker   
position  1:    T:0.21212    C:0.30303    A:0.24242    G:0.24242
position  2:    T:0.30303    C:0.21212    A:0.27273    G:0.21212
position  3:    T:0.00000    C:0.42424    A:0.12121    G:0.45455
Average         T:0.17172    C:0.31313    A:0.21212    G:0.30303

#17: Suni           
position  1:    T:0.21212    C:0.30303    A:0.24242    G:0.24242
position  2:    T:0.30303    C:0.21212    A:0.27273    G:0.21212
position  3:    T:0.06061    C:0.39394    A:0.12121    G:0.42424
Average         T:0.19192    C:0.30303    A:0.21212    G:0.29293

#18: Springbuck     
position  1:    T:0.21212    C:0.30303    A:0.24242    G:0.24242
position  2:    T:0.30303    C:0.21212    A:0.27273    G:0.21212
position  3:    T:0.00000    C:0.39394    A:0.09091    G:0.51515
Average         T:0.17172    C:0.30303    A:0.20202    G:0.32323

#19: Okapi          
position  1:    T:0.21212    C:0.30303    A:0.24242    G:0.24242
position  2:    T:0.30303    C:0.21212    A:0.27273    G:0.21212
position  3:    T:0.03030    C:0.39394    A:0.15152    G:0.42424
Average         T:0.18182    C:0.30303    A:0.22222    G:0.29293

#20: Giraffe        
position  1:    T:0.21212    C:0.30303    A:0.24242    G:0.24242
position  2:    T:0.30303    C:0.21212    A:0.27273    G:0.21212
position  3:    T:0.00000    C:0.42424    A:0.15152    G:0.42424
Average         T:0.17172    C:0.31313    A:0.22222    G:0.29293

#21: TibetanAntelope
position  1:    T:0.21212    C:0.30303    A:0.24242    G:0.24242
position  2:    T:0.33333    C:0.21212    A:0.24242    G:0.21212
position  3:    T:0.00000    C:0.42424    A:0.09091    G:0.48485
Average         T:0.18182    C:0.31313    A:0.19192    G:0.31313

#22: Sitatunga      
position  1:    T:0.21212    C:0.30303    A:0.24242    G:0.24242
position  2:    T:0.30303    C:0.21212    A:0.27273    G:0.21212
position  3:    T:0.00000    C:0.42424    A:0.12121    G:0.45455
Average         T:0.17172    C:0.31313    A:0.21212    G:0.30303

#23: Oribi          
position  1:    T:0.21212    C:0.30303    A:0.24242    G:0.24242
position  2:    T:0.30303    C:0.21212    A:0.27273    G:0.21212
position  3:    T:0.00000    C:0.42424    A:0.12121    G:0.45455
Average         T:0.17172    C:0.31313    A:0.21212    G:0.30303

#24: BarbarySheep   
position  1:    T:0.24242    C:0.27273    A:0.24242    G:0.24242
position  2:    T:0.30303    C:0.21212    A:0.27273    G:0.21212
position  3:    T:0.00000    C:0.42424    A:0.12121    G:0.45455
Average         T:0.18182    C:0.30303    A:0.21212    G:0.30303

#25: Daviddeer      
position  1:    T:0.21212    C:0.30303    A:0.24242    G:0.24242
position  2:    T:0.30303    C:0.21212    A:0.27273    G:0.21212
position  3:    T:0.00000    C:0.42424    A:0.15152    G:0.42424
Average         T:0.17172    C:0.31313    A:0.22222    G:0.29293

#26: Reindeer       
position  1:    T:0.21212    C:0.30303    A:0.24242    G:0.24242
position  2:    T:0.30303    C:0.21212    A:0.27273    G:0.21212
position  3:    T:0.03030    C:0.39394    A:0.15152    G:0.42424
Average         T:0.18182    C:0.30303    A:0.22222    G:0.29293

#27: Ibex           
position  1:    T:0.24242    C:0.27273    A:0.24242    G:0.24242
position  2:    T:0.30303    C:0.21212    A:0.27273    G:0.21212
position  3:    T:0.00000    C:0.39394    A:0.12121    G:0.48485
Average         T:0.18182    C:0.29293    A:0.21212    G:0.31313

#28: GyrantGazelle  
position  1:    T:0.21212    C:0.30303    A:0.24242    G:0.24242
position  2:    T:0.30303    C:0.21212    A:0.27273    G:0.21212
position  3:    T:0.03030    C:0.36364    A:0.09091    G:0.51515
Average         T:0.18182    C:0.29293    A:0.20202    G:0.32323

#29: Hartebeest     
position  1:    T:0.21212    C:0.30303    A:0.24242    G:0.24242
position  2:    T:0.30303    C:0.21212    A:0.27273    G:0.21212
position  3:    T:0.00000    C:0.42424    A:0.12121    G:0.45455
Average         T:0.17172    C:0.31313    A:0.21212    G:0.30303

#30: Bongo          
position  1:    T:0.21212    C:0.30303    A:0.24242    G:0.24242
position  2:    T:0.30303    C:0.21212    A:0.27273    G:0.21212
position  3:    T:0.00000    C:0.42424    A:0.12121    G:0.45455
Average         T:0.17172    C:0.31313    A:0.21212    G:0.30303

#31: Gerenuk        
position  1:    T:0.21212    C:0.30303    A:0.24242    G:0.24242
position  2:    T:0.30303    C:0.21212    A:0.27273    G:0.21212
position  3:    T:0.00000    C:0.39394    A:0.09091    G:0.51515
Average         T:0.17172    C:0.30303    A:0.20202    G:0.32323

#32: CommonEland    
position  1:    T:0.21212    C:0.30303    A:0.24242    G:0.24242
position  2:    T:0.30303    C:0.21212    A:0.27273    G:0.21212
position  3:    T:0.03030    C:0.39394    A:0.12121    G:0.45455
Average         T:0.18182    C:0.30303    A:0.21212    G:0.30303

#33: MuntiacusReevesi
position  1:    T:0.21212    C:0.30303    A:0.24242    G:0.24242
position  2:    T:0.30303    C:0.21212    A:0.27273    G:0.21212
position  3:    T:0.00000    C:0.42424    A:0.15152    G:0.42424
Average         T:0.17172    C:0.31313    A:0.22222    G:0.29293

#34: HarveysDuiker  
position  1:    T:0.21212    C:0.30303    A:0.24242    G:0.24242
position  2:    T:0.30303    C:0.21212    A:0.27273    G:0.21212
position  3:    T:0.00000    C:0.42424    A:0.12121    G:0.45455
Average         T:0.17172    C:0.31313    A:0.21212    G:0.30303

#35: Pronghorn      
position  1:    T:0.21212    C:0.30303    A:0.24242    G:0.24242
position  2:    T:0.30303    C:0.21212    A:0.27273    G:0.21212
position  3:    T:0.00000    C:0.42424    A:0.12121    G:0.45455
Average         T:0.17172    C:0.31313    A:0.21212    G:0.30303

#36: BlueWildebeest 
position  1:    T:0.21212    C:0.30303    A:0.24242    G:0.24242
position  2:    T:0.30303    C:0.21212    A:0.27273    G:0.21212
position  3:    T:0.00000    C:0.42424    A:0.09091    G:0.48485
Average         T:0.17172    C:0.31313    A:0.20202    G:0.31313

#37: Gemsbok        
position  1:    T:0.21212    C:0.30303    A:0.24242    G:0.24242
position  2:    T:0.30303    C:0.21212    A:0.27273    G:0.21212
position  3:    T:0.00000    C:0.42424    A:0.12121    G:0.45455
Average         T:0.17172    C:0.31313    A:0.21212    G:0.30303

#38: Yak            
position  1:    T:0.21212    C:0.30303    A:0.24242    G:0.24242
position  2:    T:0.30303    C:0.21212    A:0.27273    G:0.21212
position  3:    T:0.00000    C:0.39394    A:0.09091    G:0.51515
Average         T:0.17172    C:0.30303    A:0.20202    G:0.32323

#39: BlueSheep      
position  1:    T:0.24242    C:0.27273    A:0.24242    G:0.24242
position  2:    T:0.30303    C:0.21212    A:0.27273    G:0.21212
position  3:    T:0.00000    C:0.39394    A:0.12121    G:0.48485
Average         T:0.18182    C:0.29293    A:0.21212    G:0.31313

#40: BohorReedbuck  
position  1:    T:0.21212    C:0.30303    A:0.24242    G:0.24242
position  2:    T:0.30303    C:0.21212    A:0.27273    G:0.21212
position  3:    T:0.00000    C:0.42424    A:0.12121    G:0.45455
Average         T:0.17172    C:0.31313    A:0.21212    G:0.30303

#41: KirksDik       
position  1:    T:0.21212    C:0.30303    A:0.24242    G:0.24242
position  2:    T:0.30303    C:0.21212    A:0.27273    G:0.21212
position  3:    T:0.03030    C:0.39394    A:0.09091    G:0.48485
Average         T:0.18182    C:0.30303    A:0.20202    G:0.31313

#42: RoeDeer        
position  1:    T:0.21212    C:0.30303    A:0.24242    G:0.24242
position  2:    T:0.30303    C:0.21212    A:0.27273    G:0.21212
position  3:    T:0.03030    C:0.39394    A:0.15152    G:0.42424
Average         T:0.18182    C:0.30303    A:0.22222    G:0.29293

#43: WhiteLippedDeer
position  1:    T:0.21212    C:0.30303    A:0.24242    G:0.24242
position  2:    T:0.30303    C:0.21212    A:0.27273    G:0.21212
position  3:    T:0.00000    C:0.42424    A:0.15152    G:0.42424
Average         T:0.17172    C:0.31313    A:0.22222    G:0.29293

#44: ThomsonGazelle 
position  1:    T:0.21212    C:0.30303    A:0.24242    G:0.24242
position  2:    T:0.30303    C:0.21212    A:0.27273    G:0.21212
position  3:    T:0.03030    C:0.36364    A:0.09091    G:0.51515
Average         T:0.18182    C:0.29293    A:0.20202    G:0.32323

#45: MuntiacusCrinifrons
position  1:    T:0.21212    C:0.30303    A:0.24242    G:0.24242
position  2:    T:0.30303    C:0.21212    A:0.27273    G:0.21212
position  3:    T:0.00000    C:0.42424    A:0.12121    G:0.45455
Average         T:0.17172    C:0.31313    A:0.21212    G:0.30303

#46: WhiteTailedDeer
position  1:    T:0.21212    C:0.30303    A:0.24242    G:0.24242
position  2:    T:0.30303    C:0.21212    A:0.27273    G:0.21212
position  3:    T:0.00000    C:0.39394    A:0.12121    G:0.48485
Average         T:0.17172    C:0.30303    A:0.21212    G:0.31313

#47: Cattle         
position  1:    T:0.21212    C:0.30303    A:0.24242    G:0.24242
position  2:    T:0.30303    C:0.21212    A:0.27273    G:0.21212
position  3:    T:0.00000    C:0.39394    A:0.09091    G:0.51515
Average         T:0.17172    C:0.30303    A:0.20202    G:0.32323

#48: RoyalAntelope  
position  1:    T:0.21212    C:0.30303    A:0.24242    G:0.24242
position  2:    T:0.30303    C:0.21212    A:0.27273    G:0.21212
position  3:    T:0.00000    C:0.42424    A:0.09091    G:0.48485
Average         T:0.17172    C:0.31313    A:0.20202    G:0.31313

#49: Steenbok       
position  1:    T:0.21212    C:0.30303    A:0.24242    G:0.24242
position  2:    T:0.30303    C:0.21212    A:0.27273    G:0.21212
position  3:    T:0.00000    C:0.42424    A:0.15152    G:0.42424
Average         T:0.17172    C:0.31313    A:0.22222    G:0.29293

#50: Impala         
position  1:    T:0.21212    C:0.30303    A:0.24242    G:0.24242
position  2:    T:0.30303    C:0.21212    A:0.27273    G:0.21212
position  3:    T:0.00000    C:0.42424    A:0.12121    G:0.45455
Average         T:0.17172    C:0.31313    A:0.21212    G:0.30303

#51: Klipspringer   
position  1:    T:0.21212    C:0.30303    A:0.24242    G:0.24242
position  2:    T:0.30303    C:0.21212    A:0.27273    G:0.21212
