1
52 1
Argali 0.000000 0.379100 0.145400 0.272000 0.077700 0.000000 0.050200 0.089600 0.145800 0.095000 0.000000 0.117200 0.040300 0.050300 0.103200 0.091400 0.073200 0.083100 0.030200 0.165000 0.070800 0.000000 0.125300 0.075400 0.000000 0.112800 0.029400 0.145800 0.070100 0.145800 0.084200 0.040300 0.103700 0.039200 0.039700 0.084800 0.000000 0.050400 0.090200 0.074800 0.073800 0.093100 0.084200 0.075400 0.084800 0.070700 0.069800 0.072800 0.040600 0.061500 0.135800 0.145800
LesserMous 0.379100 0.000000 0.370900 0.311100 0.424700 0.379100 0.360500 0.410000 0.372400 0.337800 0.379100 0.374800 0.382100 0.362000 0.447500 0.354800 0.338400 0.349200 0.336800 0.394500 0.391700 0.379100 0.374500 0.298900 0.379100 0.386600 0.363700 0.372400 0.386300 0.372400 0.322300 0.348100 0.376600 0.401200 0.375500 0.362600 0.379100 0.362000 0.398800 0.329300 0.309400 0.364300 0.322300 0.298900 0.362600 0.391000 0.386100 0.373400 0.351600 0.351700 0.359900 0.372400
LesserKudu 0.145400 0.370900 0.000000 0.349700 0.183500 0.145400 0.133800 0.152600 0.019100 0.137600 0.145400 0.115300 0.146200 0.134100 0.144900 0.110900 0.137800 0.147400 0.114200 0.037800 0.122600 0.145400 0.122900 0.118800 0.145400 0.132100 0.134600 0.019400 0.132100 0.019400 0.126600 0.102300 0.168000 0.164300 0.144300 0.105300 0.145400 0.134200 0.152600 0.141000 0.116300 0.113000 0.126600 0.118800 0.105300 0.133200 0.131900 0.137300 0.103000 0.124700 0.009700 0.019400
KillerWhal 0.272000 0.311100 0.349700 0.000000 0.285700 0.272000 0.284700 0.301700 0.350900 0.262800 0.272000 0.322000 0.301400 0.258700 0.356200 0.307900 0.262200 0.246200 0.263300 0.371300 0.310400 0.272000 0.294400 0.257100 0.272000 0.334800 0.286500 0.350900 0.307000 0.322700 0.249900 0.273600 0.270500 0.292200 0.297200 0.311200 0.272000 0.257600 0.331800 0.269500 0.239600 0.314300 0.249900 0.257100 0.311200 0.310200 0.307000 0.308300 0.274300 0.303300 0.339600 0.322700
DefassaWat 0.077700 0.424700 0.183500 0.285700 0.000000 0.078700 0.068400 0.127000 0.184000 0.112400 0.078700 0.134500 0.068900 0.068200 0.141800 0.129600 0.091500 0.100800 0.068200 0.202500 0.109200 0.078700 0.142200 0.116100 0.078700 0.129300 0.067600 0.184000 0.108200 0.184000 0.101900 0.079100 0.120800 0.077200 0.078100 0.124700 0.078700 0.047900 0.127900 0.104300 0.092200 0.110500 0.101900 0.116100 0.124700 0.109000 0.108000 0.112600 0.079600 0.100400 0.174200 0.184000
Sheep 0.000000 0.379100 0.145400 0.272000 0.078700 0.000000 0.049100 0.089600 0.145800 0.093200 0.000000 0.117200 0.040300 0.049100 0.103200 0.091400 0.073200 0.083100 0.029900 0.165000 0.070800 0.000000 0.125300 0.075400 0.000000 0.112600 0.029400 0.145800 0.070100 0.145800 0.084200 0.040300 0.103700 0.039200 0.039800 0.084800 0.000000 0.050400 0.090200 0.074800 0.073800 0.093100 0.084200 0.075400 0.084800 0.070700 0.070000 0.072800 0.040600 0.061500 0.135800 0.145800
MaxwellsDu 0.050200 0.360500 0.133800 0.284700 0.068400 0.049100 0.000000 0.077500 0.134100 0.083600 0.050200 0.083600 0.030000 0.039900 0.092000 0.080500 0.062300 0.093600 0.019700 0.153200 0.059000 0.050200 0.113800 0.064000 0.050200 0.101400 0.019600 0.134100 0.080400 0.134100 0.073000 0.030000 0.092400 0.029300 0.029200 0.073500 0.050200 0.040000 0.058200 0.063500 0.062700 0.082000 0.073000 0.064000 0.073500 0.039700 0.039300 0.061800 0.030200 0.030200 0.124200 0.134100
GazellaPrz 0.089600 0.410000 0.152600 0.301700 0.127000 0.089600 0.077500 0.000000 0.151800 0.124100 0.089700 0.146200 0.090000 0.079000 0.131600 0.058100 0.124400 0.133800 0.059700 0.170400 0.038600 0.089600 0.131900 0.105500 0.089600 0.078000 0.079400 0.151800 0.058000 0.151800 0.113500 0.067800 0.089600 0.108300 0.088500 0.114200 0.089600 0.079100 0.077300 0.104600 0.103400 0.057900 0.113500 0.105500 0.114300 0.078600 0.058100 0.102000 0.069700 0.090400 0.142100 0.151800
MountainNy 0.145800 0.372400 0.019100 0.350900 0.184000 0.145800 0.134100 0.151800 0.000000 0.137900 0.145800 0.115600 0.146500 0.112700 0.167600 0.111200 0.138200 0.147800 0.114500 0.018800 0.122900 0.145800 0.123200 0.119100 0.145800 0.132500 0.134900 0.000000 0.132400 0.019200 0.126900 0.102600 0.145900 0.161800 0.144700 0.105600 0.145800 0.134500 0.152900 0.141400 0.116600 0.113200 0.126900 0.119100 0.105600 0.133600 0.110900 0.137600 0.103200 0.125000 0.009700 0.019100
MuntiacusM 0.095000 0.337800 0.137600 0.262800 0.112400 0.093200 0.083600 0.124100 0.137900 0.000000 0.095000 0.108600 0.095500 0.083800 0.139800 0.104300 0.063600 0.030500 0.063300 0.157500 0.105200 0.095000 0.094100 0.043200 0.095000 0.104200 0.084200 0.137900 0.104200 0.137900 0.010200 0.071700 0.094300 0.114700 0.094300 0.075700 0.095000 0.062200 0.125100 0.054000 0.042300 0.084300 0.010200 0.043200 0.075700 0.105100 0.104000 0.085900 0.073900 0.074000 0.127700 0.137900
goat 0.000000 0.379100 0.145400 0.272000 0.078700 0.000000 0.050200 0.089700 0.145800 0.095000 0.000000 0.117200 0.040300 0.050300 0.103200 0.091400 0.073200 0.083100 0.030400 0.165000 0.068800 0.000000 0.125300 0.075400 0.000000 0.112600 0.029200 0.145800 0.070100 0.145800 0.084200 0.039500 0.103700 0.039200 0.039800 0.084800 0.000000 0.050400 0.090200 0.074800 0.073800 0.093200 0.084200 0.075400 0.084800 0.070700 0.070000 0.072800 0.040600 0.061500 0.135800 0.145800
AfricanBuf 0.117200 0.374800 0.115300 0.322000 0.134500 0.117200 0.083600 0.146200 0.115600 0.108600 0.117200 0.000000 0.095500 0.083800 0.162800 0.126400 0.108800 0.118800 0.085300 0.135200 0.128000 0.117200 0.139600 0.088800 0.116200 0.126200 0.084200 0.115600 0.126200 0.115600 0.097500 0.092500 0.140000 0.114700 0.094300 0.075700 0.117200 0.105900 0.125100 0.111500 0.064500 0.106400 0.097500 0.088800 0.075700 0.105100 0.104000 0.108400 0.096000 0.074000 0.105500 0.115600
Topi 0.040300 0.382100 0.146200 0.301400 0.068900 0.040300 0.030000 0.090000 0.146500 0.095500 0.040300 0.095500 0.000000 0.050600 0.103700 0.091800 0.084600 0.105500 0.030600 0.165800 0.071200 0.040300 0.126000 0.075800 0.040300 0.102400 0.009800 0.146500 0.070500 0.146500 0.084700 0.040500 0.093400 0.039500 0.019500 0.084800 0.040300 0.050700 0.069900 0.075200 0.074800 0.082800 0.084700 0.075800 0.085300 0.050300 0.049800 0.071600 0.040800 0.040800 0.136500 0.146500
CommonDuik 0.050300 0.362000 0.134100 0.258700 0.068200 0.049100 0.039900 0.079000 0.112700 0.083800 0.050300 0.083800 0.050600 0.000000 0.092200 0.080600 0.084000 0.093800 0.020000 0.131800 0.060200 0.050300 0.114000 0.064200 0.050300 0.101600 0.040200 0.112700 0.080500 0.134400 0.072300 0.029900 0.071400 0.069700 0.050000 0.073700 0.050300 0.040100 0.079600 0.063600 0.041000 0.081500 0.073200 0.064200 0.073700 0.060200 0.038700 0.062000 0.030200 0.049700 0.124500 0.134400
Suni 0.103200 0.447500 0.144900 0.356200 0.141800 0.103200 0.092000 0.131600 0.167600 0.139800 0.103200 0.162800 0.103700 0.092200 0.000000 0.134400 0.140000 0.150000 0.072200 0.186700 0.102500 0.103200 0.147000 0.120700 0.103200 0.156400 0.092600 0.167600 0.134200 0.167600 0.128700 0.082100 0.147900 0.122500 0.102400 0.129600 0.103200 0.092300 0.111000 0.119700 0.118500 0.136900 0.128700 0.120700 0.129600 0.113000 0.111900 0.116500 0.082600 0.104200 0.157600 0.167600
Springbuck 0.091400 0.354800 0.110900 0.307900 0.129600 0.091400 0.080500 0.058100 0.111200 0.104300 0.091400 0.126400 0.091800 0.080600 0.134400 0.000000 0.104500 0.114200 0.060900 0.130100 0.039300 0.091400 0.112500 0.085200 0.091400 0.058900 0.081000 0.111200 0.039000 0.111200 0.093700 0.070700 0.068200 0.110400 0.080500 0.094300 0.091400 0.080700 0.078800 0.106900 0.083400 0.039100 0.093700 0.085200 0.094300 0.080200 0.059000 0.104100 0.071100 0.092300 0.100500 0.111200
Okapi 0.073200 0.338400 0.137800 0.262200 0.091500 0.073200 0.062300 0.124400 0.138200 0.063600 0.073200 0.108800 0.084600 0.084000 0.140000 0.104500 0.000000 0.052100 0.063400 0.157800 0.105400 0.073200 0.093700 0.043300 0.073200 0.082600 0.084300 0.138200 0.104300 0.138200 0.052800 0.073600 0.072700 0.071700 0.094400 0.075800 0.073200 0.084100 0.125300 0.065100 0.042400 0.062700 0.052800 0.043300 0.075800 0.105200 0.104200 0.086000 0.073600 0.074100 0.127900 0.138200
Giraffe 0.083100 0.349200 0.147400 0.246200 0.100800 0.083100 0.093600 0.133800 0.147800 0.030500 0.083100 0.118800 0.105500 0.093800 0.150000 0.114200 0.052100 0.000000 0.073500 0.167200 0.115100 0.083100 0.082500 0.052400 0.083100 0.114000 0.094200 0.147800 0.114000 0.147800 0.041500 0.083500 0.104300 0.102600 0.104200 0.086000 0.083100 0.049900 0.134800 0.064400 0.052600 0.094300 0.041500 0.053700 0.086000 0.115000 0.113800 0.096100 0.084000 0.084100 0.137600 0.147800
TibetanAnt 0.030200 0.336800 0.114200 0.263300 0.068200 0.029900 0.019700 0.059700 0.114500 0.063300 0.030400 0.085300 0.030600 0.020000 0.072200 0.060900 0.063400 0.073500 0.000000 0.133900 0.040500 0.030400 0.093900 0.043100 0.030400 0.081900 0.019900 0.114500 0.060800 0.114500 0.052700 0.010000 0.072600 0.049900 0.030200 0.053000 0.030400 0.019900 0.060100 0.042700 0.042200 0.062100 0.052700 0.043100 0.053000 0.040400 0.040000 0.041600 0.010200 0.030300 0.104400 0.114500
Sitatunga 0.165000 0.394500 0.037800 0.371300 0.202500 0.165000 0.153200 0.170400 0.018800 0.157500 0.165000 0.135200 0.165800 0.131800 0.186700 0.130100 0.157800 0.167200 0.133900 0.000000 0.142000 0.165000 0.142300 0.139200 0.164600 0.108900 0.154100 0.019100 0.151300 0.037700 0.146600 0.121800 0.165100 0.183600 0.163700 0.125300 0.165000 0.153700 0.171700 0.161300 0.136400 0.132500 0.146600 0.139200 0.125300 0.152600 0.128800 0.157100 0.122600 0.144400 0.028900 0.038400
Oribi 0.070800 0.391700 0.122600 0.310400 0.109200 0.070800 0.059000 0.038600 0.122900 0.105200 0.068800 0.128000 0.071200 0.060200 0.102500 0.039300 0.105400 0.115100 0.040500 0.142000 0.000000 0.070800 0.102700 0.085900 0.070100 0.059400 0.060500 0.122900 0.039300 0.122900 0.093500 0.050300 0.070800 0.090000 0.070300 0.095200 0.070000 0.060300 0.058900 0.085200 0.084100 0.040100 0.094500 0.085900 0.095200 0.059900 0.038800 0.083000 0.050600 0.071500 0.113000 0.122900
BarbaryShe 0.000000 0.379100 0.145400 0.272000 0.078700 0.000000 0.050200 0.089600 0.145800 0.095000 0.000000 0.117200 0.040300 0.050300 0.103200 0.091400 0.073200 0.083100 0.030400 0.165000 0.070800 0.000000 0.125300 0.075400 0.000000 0.112600 0.030000 0.145800 0.070300 0.145800 0.084200 0.040300 0.103700 0.039200 0.039800 0.084800 0.000000 0.050400 0.090200 0.074800 0.073800 0.093100 0.084200 0.075600 0.084800 0.070700 0.070000 0.072800 0.040600 0.061500 0.135800 0.145800
Daviddeer 0.125300 0.374500 0.122900 0.294400 0.142200 0.125300 0.113800 0.131900 0.123200 0.094100 0.125300 0.139600 0.126000 0.114000 0.147000 0.112500 0.093700 0.082500 0.093900 0.142300 0.102700 0.125300 0.000000 0.074700 0.125300 0.112400 0.114500 0.123200 0.112400 0.101700 0.083400 0.103800 0.102700 0.144500 0.124300 0.106900 0.125300 0.092600 0.132900 0.096400 0.073100 0.092900 0.083400 0.074700 0.106900 0.135200 0.112200 0.116800 0.103900 0.104500 0.113300 0.101700
Reindeer 0.075400 0.298900 0.118800 0.257100 0.116100 0.075400 0.064000 0.105500 0.119100 0.043200 0.075400 0.088800 0.075800 0.064200 0.120700 0.085200 0.043300 0.052400 0.043100 0.139200 0.085900 0.075400 0.074700 0.000000 0.075400 0.085100 0.064400 0.119100 0.085000 0.119100 0.031700 0.053600 0.074900 0.095800 0.074800 0.053500 0.075400 0.064300 0.106300 0.021400 0.021600 0.064600 0.032300 0.000000 0.055200 0.085800 0.084900 0.065800 0.053900 0.054000 0.108700 0.119100
Ibex 0.000000 0.379100 0.145400 0.272000 0.078700 0.000000 0.050200 0.089600 0.145800 0.095000 0.000000 0.116200 0.040300 0.050300 0.103200 0.091400 0.073200 0.083100 0.030400 0.164600 0.070100 0.000000 0.125300 0.075400 0.000000 0.112600 0.030000 0.145800 0.070100 0.145800 0.084200 0.040300 0.103700 0.039200 0.039800 0.084800 0.000000 0.050400 0.090200 0.074800 0.073800 0.093100 0.084200 0.075400 0.084800 0.070600 0.070000 0.072800 0.040600 0.061500 0.135800 0.145800
GyrantGaze 0.112800 0.386600 0.132100 0.334800 0.129300 0.112600 0.101400 0.078000 0.132500 0.104200 0.112600 0.126200 0.102400 0.101600 0.156400 0.058900 0.082600 0.114000 0.081900 0.108900 0.059400 0.112600 0.112400 0.085100 0.112600 0.000000 0.102000 0.132500 0.059100 0.132500 0.093600 0.091600 0.070100 0.131600 0.111800 0.094300 0.112600 0.101700 0.099300 0.106800 0.083300 0.019500 0.093300 0.085100 0.094300 0.101000 0.079300 0.104000 0.092100 0.092200 0.121400 0.132500
Hartebeest 0.029400 0.363700 0.134600 0.286500 0.067600 0.029400 0.019600 0.079400 0.134900 0.084200 0.029200 0.084200 0.009800 0.040200 0.092600 0.081000 0.084300 0.094200 0.019900 0.154100 0.060500 0.030000 0.114500 0.064400 0.030000 0.102000 0.000000 0.134900 0.059900 0.134900 0.073500 0.030200 0.093000 0.028900 0.009700 0.072900 0.029900 0.039900 0.059400 0.063900 0.063100 0.082500 0.073500 0.064400 0.074000 0.039500 0.038900 0.061000 0.030400 0.030400 0.124900 0.134900
Bongo 0.145800 0.372400 0.019400 0.350900 0.184000 0.145800 0.134100 0.151800 0.000000 0.137900 0.145800 0.115600 0.146500 0.112700 0.167600 0.111200 0.138200 0.147800 0.114500 0.019100 0.122900 0.145800 0.123200 0.119100 0.145800 0.132500 0.134900 0.000000 0.132400 0.019200 0.126900 0.102600 0.145900 0.164700 0.144700 0.105600 0.145800 0.134500 0.152900 0.141400 0.116600 0.113200 0.126900 0.119100 0.105600 0.133600 0.110900 0.137600 0.103200 0.125000 0.009600 0.019100
Gerenuk 0.070100 0.386300 0.132100 0.307000 0.108200 0.070100 0.080400 0.058000 0.132400 0.104200 0.070100 0.126200 0.070500 0.080500 0.134200 0.039000 0.104300 0.114000 0.060800 0.151300 0.039300 0.070300 0.112400 0.085000 0.070100 0.059100 0.059900 0.132400 0.000000 0.132400 0.093500 0.070300 0.070200 0.089100 0.069600 0.094200 0.070100 0.080600 0.078700 0.106800 0.083300 0.039600 0.093500 0.085000 0.094200 0.080100 0.058900 0.104000 0.071000 0.092200 0.122600 0.132400
CommonElan 0.145800 0.372400 0.019400 0.322700 0.184000 0.145800 0.134100 0.151800 0.019200 0.137900 0.145800 0.115600 0.146500 0.134400 0.167600 0.111200 0.138200 0.147800 0.114500 0.037700 0.122900 0.145800 0.101700 0.119100 0.145800 0.132500 0.134900 0.019200 0.132400 0.000000 0.126900 0.102600 0.145900 0.164700 0.144700 0.105600 0.145800 0.134500 0.152900 0.141400 0.116600 0.112300 0.126900 0.119100 0.105700 0.133600 0.132200 0.137600 0.103200 0.125000 0.009600 0.000000
MuntiacusR 0.084200 0.322300 0.126600 0.249900 0.101900 0.084200 0.073000 0.113500 0.126900 0.010200 0.084200 0.097500 0.084700 0.072300 0.128700 0.093700 0.052800 0.041500 0.052700 0.146600 0.093500 0.084200 0.083400 0.031700 0.084200 0.093600 0.073500 0.126900 0.093500 0.126900 0.000000 0.062800 0.083600 0.104000 0.083600 0.064700 0.084200 0.051700 0.114400 0.043100 0.031600 0.071900 0.000000 0.032300 0.064700 0.094300 0.092400 0.074900 0.063200 0.063200 0.116800 0.126900
HarveysDui 0.040300 0.348100 0.102300 0.273600 0.079100 0.040300 0.030000 0.067800 0.102600 0.071700 0.039500 0.092500 0.040500 0.029900 0.082100 0.070700 0.073600 0.083500 0.010000 0.121800 0.050300 0.040300 0.103800 0.053600 0.040300 0.091600 0.030200 0.102600 0.070300 0.102600 0.062800 0.000000 0.082400 0.059800 0.039300 0.063300 0.040300 0.029800 0.069700 0.053100 0.052400 0.072000 0.062800 0.053600 0.063300 0.029900 0.049700 0.051700 0.000000 0.040700 0.092600 0.102600
Pronghorn 0.103700 0.376600 0.168000 0.270500 0.120800 0.103700 0.092400 0.089600 0.145900 0.094300 0.103700 0.140000 0.093400 0.071400 0.147900 0.068200 0.072700 0.104300 0.072600 0.165100 0.070800 0.103700 0.102700 0.074900 0.103700 0.070100 0.093000 0.145900 0.070200 0.145900 0.083600 0.082400 0.000000 0.123000 0.102900 0.107100 0.103700 0.092800 0.111700 0.096700 0.073300 0.050600 0.083600 0.074900 0.107100 0.091100 0.070300 0.117100 0.083000 0.104700 0.158400 0.145900
BlueWildeb 0.039200 0.401200 0.164300 0.292200 0.077200 0.039200 0.029300 0.108300 0.161800 0.114700 0.039200 0.114700 0.039500 0.069700 0.122500 0.110400 0.071700 0.102600 0.049900 0.183600 0.090000 0.039200 0.144500 0.095800 0.039200 0.131600 0.028900 0.164700 0.089100 0.164700 0.104000 0.059800 0.123000 0.000000 0.038300 0.104800 0.039200 0.069800 0.088400 0.095000 0.093800 0.112500 0.104000 0.095800 0.104800 0.069200 0.068600 0.092500 0.060200 0.060200 0.154900 0.164700
Gemsbok 0.039700 0.375500 0.144300 0.297200 0.078100 0.039800 0.029200 0.088500 0.144700 0.094300 0.039800 0.094300 0.019500 0.050000 0.102400 0.080500 0.094400 0.104200 0.030200 0.163700 0.070300 0.039800 0.124300 0.074800 0.039800 0.111800 0.009700 0.144700 0.069600 0.144700 0.083600 0.039300 0.102900 0.038300 0.000000 0.084200 0.039800 0.048800 0.069000 0.074200 0.073300 0.092400 0.083600 0.074800 0.084200 0.049700 0.049200 0.072200 0.040300 0.040300 0.134800 0.144700
Yak 0.084800 0.362600 0.105300 0.311200 0.124700 0.084800 0.073500 0.114200 0.105600 0.075700 0.084800 0.075700 0.084800 0.073700 0.129600 0.094300 0.075800 0.086000 0.053000 0.125300 0.095200 0.084800 0.106900 0.053500 0.084800 0.094300 0.072900 0.105600 0.094200 0.105600 0.064700 0.063300 0.107100 0.104800 0.084200 0.000000 0.084800 0.073800 0.115200 0.077700 0.054000 0.074200 0.064700 0.055200 0.000000 0.095100 0.094000 0.075500 0.063700 0.063700 0.095300 0.105600
BlueSheep 0.000000 0.379100 0.145400 0.272000 0.078700 0.000000 0.050200 0.089600 0.145800 0.095000 0.000000 0.117200 0.040300 0.050300 0.103200 0.091400 0.073200 0.083100 0.030400 0.165000 0.070000 0.000000 0.125300 0.075400 0.000000 0.112600 0.029900 0.145800 0.070100 0.145800 0.084200 0.040300 0.103700 0.039200 0.039800 0.084800 0.000000 0.050400 0.090200 0.074800 0.073800 0.093100 0.084200 0.075400 0.084800 0.070700 0.070000 0.072800 0.040600 0.061500 0.135800 0.145800
BohorReedb 0.050400 0.362000 0.134200 0.257600 0.047900 0.050400 0.040000 0.079100 0.134500 0.062200 0.050400 0.105900 0.050700 0.040100 0.092300 0.080700 0.084100 0.049900 0.019900 0.153700 0.060300 0.050400 0.092600 0.064300 0.050400 0.101700 0.039900 0.134500 0.080600 0.134500 0.051700 0.029800 0.092800 0.069800 0.048800 0.073800 0.050400 0.000000 0.079700 0.051300 0.062900 0.082300 0.051700 0.064300 0.074200 0.060200 0.059700 0.062100 0.030300 0.050900 0.124600 0.134500
KirksDik 0.090200 0.398800 0.152600 0.331800 0.127900 0.090200 0.058200 0.077300 0.152900 0.125100 0.090200 0.125100 0.069900 0.079600 0.111000 0.078800 0.125300 0.134800 0.060100 0.171700 0.058900 0.090200 0.132900 0.106300 0.090200 0.099300 0.059400 0.152900 0.078700 0.152900 0.114400 0.069700 0.111700 0.088400 0.069000 0.115200 0.090200 0.079700 0.000000 0.105400 0.104200 0.080300 0.114400 0.106300 0.114700 0.058800 0.038500 0.101800 0.070200 0.070200 0.143200 0.152900
RoeDeer 0.074800 0.329300 0.141000 0.269500 0.104300 0.074800 0.063500 0.104600 0.141400 0.054000 0.074800 0.111500 0.075200 0.063600 0.119700 0.106900 0.065100 0.064400 0.042700 0.161300 0.085200 0.074800 0.096400 0.021400 0.074800 0.106800 0.063900 0.141400 0.106800 0.141400 0.043100 0.053100 0.096700 0.095000 0.074200 0.077700 0.074800 0.051300 0.105400 0.000000 0.042200 0.086500 0.042800 0.021400 0.077700 0.085100 0.084200 0.065200 0.053400 0.053500 0.130900 0.141400
WhiteLippe 0.073800 0.309400 0.116300 0.239600 0.092200 0.073800 0.062700 0.103400 0.116600 0.042300 0.073800 0.064500 0.074800 0.041000 0.118500 0.083400 0.042400 0.052600 0.042200 0.136400 0.084100 0.073800 0.073100 0.021600 0.073800 0.083300 0.063100 0.116600 0.083300 0.116600 0.031600 0.052400 0.073300 0.093800 0.073300 0.054000 0.073800 0.062900 0.104200 0.042200 0.000000 0.063200 0.031200 0.021100 0.054000 0.084000 0.083100 0.064400 0.052800 0.052800 0.106400 0.116600
ThomsonGaz 0.093100 0.364300 0.113000 0.314300 0.110500 0.093100 0.082000 0.057900 0.113200 0.084300 0.093200 0.106400 0.082800 0.081500 0.136900 0.039100 0.062700 0.094300 0.062100 0.132500 0.040100 0.093100 0.092900 0.064600 0.093100 0.019500 0.082500 0.113200 0.039600 0.112300 0.071900 0.072000 0.050600 0.112500 0.092400 0.074200 0.093100 0.082300 0.080300 0.086500 0.063200 0.000000 0.073600 0.064600 0.074200 0.081700 0.060100 0.084200 0.072400 0.072500 0.103300 0.112900
MuntiacusC 0.084200 0.322300 0.126600 0.249900 0.101900 0.084200 0.073000 0.113500 0.126900 0.010200 0.084200 0.097500 0.084700 0.073200 0.128700 0.093700 0.052800 0.041500 0.052700 0.146600 0.094500 0.084200 0.083400 0.032300 0.084200 0.093300 0.073500 0.126900 0.093500 0.126900 0.000000 0.062800 0.083600 0.104000 0.083600 0.064700 0.084200 0.051700 0.114400 0.042800 0.031200 0.073600 0.000000 0.031700 0.064700 0.094300 0.093400 0.074900 0.063200 0.063200 0.116800 0.126900
WhiteTaile 0.075400 0.298900 0.118800 0.257100 0.116100 0.075400 0.064000 0.105500 0.119100 0.043200 0.075400 0.088800 0.075800 0.064200 0.120700 0.085200 0.043300 0.053700 0.043100 0.139200 0.085900 0.075600 0.074700 0.000000 0.075400 0.085100 0.064400 0.119100 0.085000 0.119100 0.032300 0.053600 0.074900 0.095800 0.074800 0.055200 0.075400 0.064300 0.106300 0.021400 0.021100 0.064600 0.031700 0.000000 0.055200 0.085800 0.084900 0.065800 0.053900 0.054000 0.108700 0.119100
Cattle 0.084800 0.362600 0.105300 0.311200 0.124700 0.084800 0.073500 0.114300 0.105600 0.075700 0.084800 0.075700 0.085300 0.073700 0.129600 0.094300 0.075800 0.086000 0.053000 0.125300 0.095200 0.084800 0.106900 0.055200 0.084800 0.094300 0.074000 0.105600 0.094200 0.105700 0.064700 0.063300 0.107100 0.104800 0.084200 0.000000 0.084800 0.074200 0.114700 0.077700 0.054000 0.074200 0.064700 0.055200 0.000000 0.095000 0.094000 0.075500 0.063700 0.063700 0.095300 0.105600
RoyalAntel 0.070700 0.391000 0.133200 0.310200 0.109000 0.070700 0.039700 0.078600 0.133600 0.105100 0.070700 0.105100 0.050300 0.060200 0.113000 0.080200 0.105200 0.115000 0.040400 0.152600 0.059900 0.070700 0.135200 0.085800 0.070600 0.101000 0.039500 0.133600 0.080100 0.133600 0.094300 0.029900 0.091100 0.069200 0.049700 0.095100 0.070700 0.060200 0.058800 0.085100 0.084000 0.081700 0.094300 0.085800 0.095000 0.000000 0.039100 0.082800 0.030000 0.049500 0.123700 0.133600
Steenbok 0.069800 0.386100 0.131900 0.307000 0.108000 0.070000 0.039300 0.058100 0.110900 0.104000 0.070000 0.104000 0.049800 0.038700 0.111900 0.059000 0.104200 0.113800 0.040000 0.128800 0.038800 0.070000 0.112200 0.084900 0.070000 0.079300 0.038900 0.110900 0.058900 0.132200 0.092400 0.049700 0.070300 0.068600 0.049200 0.094000 0.070000 0.059700 0.038500 0.084200 0.083100 0.060100 0.093400 0.084900 0.094000 0.039100 0.000000 0.082000 0.050000 0.050000 0.122400 0.132200
Impala 0.072800 0.373400 0.137300 0.308300 0.112600 0.072800 0.061800 0.102000 0.137600 0.085900 0.072800 0.108400 0.071600 0.062000 0.116500 0.104100 0.086000 0.096100 0.041600 0.157100 0.083000 0.072800 0.116800 0.065800 0.072800 0.104000 0.061000 0.137600 0.104000 0.137600 0.074900 0.051700 0.117100 0.092500 0.072200 0.075500 0.072800 0.062100 0.101800 0.065200 0.064400 0.084200 0.074900 0.065800 0.075500 0.082800 0.082000 0.000000 0.052000 0.051000 0.127400 0.137600
Klipspring 0.040600 0.351600 0.103000 0.274300 0.079600 0.040600 0.030200 0.069700 0.103200 0.073900 0.040600 0.096000 0.040800 0.030200 0.082600 0.071100 0.073600 0.084000 0.010200 0.122600 0.050600 0.040600 0.103900 0.053900 0.040600 0.092100 0.030400 0.103200 0.071000 0.103200 0.063200 0.000000 0.083000 0.060200 0.040300 0.063700 0.040600 0.030300 0.070200 0.053400 0.052800 0.072400 0.063200 0.053900 0.063700 0.030000 0.050000 0.052000 0.000000 0.041000 0.093200 0.103200
ForestMusk 0.061500 0.351700 0.124700 0.303300 0.100400 0.061500 0.030200 0.090400 0.125000 0.074000 0.061500 0.074000 0.040800 0.049700 0.104200 0.092300 0.074100 0.084100 0.030300 0.144400 0.071500 0.061500 0.104500 0.054000 0.061500 0.092200 0.030400 0.125000 0.092200 0.125000 0.063200 0.040700 0.104700 0.060200 0.040300 0.063700 0.061500 0.050900 0.070200 0.053500 0.052800 0.072500 0.063200 0.054000 0.063700 0.049500 0.050000 0.051000 0.041000 0.000000 0.115700 0.125000
Bushbuck 0.135800 0.359900 0.009700 0.339600 0.174200 0.135800 0.124200 0.142100 0.009700 0.127700 0.135800 0.105500 0.136500 0.124500 0.157600 0.100500 0.127900 0.137600 0.104400 0.028900 0.113000 0.135800 0.113300 0.108700 0.135800 0.121400 0.124900 0.009600 0.122600 0.009600 0.116800 0.092600 0.158400 0.154900 0.134800 0.095300 0.135800 0.124600 0.143200 0.130900 0.106400 0.103300 0.116800 0.108700 0.095300 0.123700 0.122400 0.127400 0.093200 0.115700 0.000000 0.009600
GreaterKud 0.145800 0.372400 0.019400 0.322700 0.184000 0.145800 0.134100 0.151800 0.019100 0.137900 0.145800 0.115600 0.146500 0.134400 0.167600 0.111200 0.138200 0.147800 0.114500 0.038400 0.122900 0.145800 0.101700 0.119100 0.145800 0.132500 0.134900 0.019100 0.132400 0.000000 0.126900 0.102600 0.145900 0.164700 0.144700 0.105600 0.145800 0.134500 0.152900 0.141400 0.116600 0.112900 0.126900 0.119100 0.105600 0.133600 0.132200 0.137600 0.103200 0.125000 0.009600 0.000000
