1
52 1
Argali 0.000000 0.396600 0.127700 0.447600 0.089200 0.011800 0.077100 0.128800 0.120400 0.226000 0.029300 0.133900 0.064800 0.064900 0.136700 0.095600 0.176400 0.136600 0.035000 0.114200 0.077200 0.041200 0.209300 0.188900 0.035200 0.075900 0.070600 0.148000 0.082800 0.140000 0.217000 0.052800 0.171100 0.070600 0.122600 0.108400 0.041000 0.096300 0.094800 0.167900 0.174400 0.093700 0.218200 0.172900 0.114400 0.134500 0.083100 0.091400 0.059400 0.153200 0.143100 0.122100
LesserMous 0.396600 0.000000 0.357900 0.448600 0.413000 0.393100 0.372400 0.414100 0.402500 0.397800 0.364300 0.395300 0.394600 0.373900 0.394600 0.422000 0.443900 0.422900 0.371300 0.394400 0.416000 0.373900 0.389500 0.374300 0.373300 0.384900 0.402600 0.407000 0.398700 0.374300 0.385200 0.375800 0.415000 0.402800 0.436500 0.349400 0.359200 0.427600 0.396600 0.382500 0.333000 0.410500 0.378500 0.373400 0.357000 0.393300 0.362100 0.364900 0.369400 0.364700 0.364400 0.370800
LesserKudu 0.127700 0.357900 0.000000 0.473900 0.092900 0.122700 0.093300 0.151400 0.050500 0.213100 0.107900 0.117100 0.118500 0.093500 0.139200 0.111700 0.178300 0.152200 0.100800 0.044800 0.118800 0.120600 0.197100 0.186300 0.114100 0.116600 0.124300 0.050900 0.111500 0.033400 0.204100 0.093700 0.133100 0.124300 0.125400 0.086800 0.094300 0.099800 0.123400 0.201900 0.170500 0.121900 0.205300 0.177300 0.092600 0.151000 0.099300 0.108200 0.082800 0.142300 0.045600 0.028100
KillerWhal 0.447600 0.448600 0.473900 0.000000 0.441900 0.443500 0.433600 0.481500 0.435400 0.482000 0.428200 0.448900 0.416500 0.437100 0.466700 0.484800 0.497900 0.444900 0.395100 0.469000 0.446500 0.410100 0.449200 0.442800 0.437000 0.446000 0.422600 0.460800 0.439800 0.490200 0.469000 0.418600 0.479900 0.415300 0.448800 0.445500 0.442700 0.476900 0.457100 0.493800 0.467500 0.471700 0.471600 0.441600 0.452500 0.494300 0.404300 0.425200 0.433000 0.409400 0.440200 0.466500
DefassaWat 0.089200 0.413000 0.092900 0.441900 0.000000 0.090500 0.069000 0.106300 0.098500 0.211700 0.070400 0.130200 0.069100 0.057200 0.102100 0.086900 0.165200 0.139600 0.063800 0.080400 0.075400 0.082500 0.187700 0.183200 0.076300 0.079900 0.074700 0.111700 0.062700 0.104600 0.202800 0.057300 0.146200 0.074700 0.100100 0.111800 0.082000 0.028100 0.098500 0.162900 0.161400 0.085200 0.203900 0.167600 0.117600 0.137900 0.074900 0.064300 0.046300 0.128800 0.106800 0.087400
Sheep 0.011800 0.393100 0.122700 0.443500 0.090500 0.000000 0.078200 0.130700 0.115400 0.220100 0.029700 0.129000 0.065700 0.059700 0.138700 0.096900 0.179000 0.138600 0.035500 0.109100 0.078400 0.041800 0.203300 0.182300 0.035700 0.076900 0.071600 0.143100 0.083900 0.135100 0.211000 0.053500 0.165100 0.071600 0.124400 0.103300 0.041500 0.097600 0.096100 0.174300 0.168000 0.095000 0.212300 0.173200 0.109300 0.136400 0.084300 0.092700 0.060300 0.148200 0.138100 0.117000
MaxwellsDu 0.077100 0.372400 0.093300 0.433600 0.069000 0.078200 0.000000 0.112900 0.098800 0.214900 0.058500 0.105300 0.069400 0.034000 0.101700 0.075100 0.152900 0.127500 0.052100 0.092900 0.069600 0.070600 0.198900 0.179700 0.064500 0.068300 0.075100 0.112100 0.063000 0.105000 0.206200 0.034100 0.146800 0.075100 0.100600 0.087300 0.070100 0.075600 0.086700 0.174000 0.157300 0.085600 0.207200 0.164000 0.093100 0.125500 0.063200 0.083400 0.040300 0.129400 0.107200 0.087700
GazellaPrz 0.128800 0.414100 0.151400 0.481500 0.106300 0.130700 0.112900 0.000000 0.150700 0.214200 0.108900 0.177700 0.113200 0.100400 0.153600 0.118700 0.213800 0.166700 0.101700 0.144400 0.087900 0.122300 0.244900 0.241300 0.115100 0.092600 0.119100 0.171900 0.099600 0.157100 0.221400 0.094500 0.195600 0.119100 0.146400 0.152000 0.120700 0.132600 0.124300 0.225100 0.201500 0.116300 0.222500 0.215800 0.158000 0.186200 0.106200 0.122300 0.095300 0.170900 0.167300 0.145800
MountainNy 0.120400 0.402500 0.050500 0.435400 0.098500 0.115400 0.098800 0.150700 0.000000 0.235200 0.100900 0.110200 0.111500 0.099100 0.138500 0.117400 0.190600 0.157500 0.081600 0.027600 0.111700 0.100700 0.216600 0.199200 0.107000 0.109700 0.117200 0.022100 0.117100 0.061800 0.242300 0.087000 0.151900 0.117200 0.131200 0.104700 0.087600 0.105400 0.116300 0.207500 0.191400 0.127400 0.227300 0.183500 0.110400 0.183800 0.092600 0.125200 0.088500 0.134600 0.039500 0.033500
MuntiacusM 0.226000 0.397800 0.213100 0.482000 0.211700 0.220100 0.214900 0.214200 0.235200 0.000000 0.219600 0.220400 0.222800 0.199200 0.244000 0.205700 0.284300 0.246200 0.209800 0.227900 0.222900 0.220800 0.079900 0.095600 0.227200 0.225900 0.227900 0.237300 0.212600 0.211400 0.019800 0.199700 0.224400 0.229700 0.207600 0.168100 0.217100 0.212900 0.251700 0.120400 0.060000 0.247100 0.006600 0.080500 0.174800 0.297100 0.221900 0.212600 0.193900 0.256300 0.207700 0.206900
goat 0.029300 0.364300 0.107900 0.428200 0.070400 0.029700 0.058500 0.108900 0.100900 0.219600 0.000000 0.120400 0.046500 0.044800 0.117200 0.076600 0.156000 0.117200 0.017300 0.094800 0.058700 0.023300 0.203100 0.183500 0.005800 0.057600 0.052300 0.127600 0.064200 0.120000 0.210700 0.034800 0.149900 0.052300 0.102700 0.101800 0.023100 0.077100 0.076000 0.177500 0.160600 0.075100 0.211700 0.167400 0.107700 0.128100 0.064500 0.072100 0.041100 0.132200 0.122600 0.102300
AfricanBuf 0.133900 0.395300 0.117100 0.448900 0.130200 0.129000 0.105300 0.177700 0.110200 0.220400 0.120400 0.000000 0.130900 0.105600 0.145400 0.123900 0.196700 0.183300 0.113200 0.116700 0.131200 0.133100 0.219500 0.185100 0.126600 0.128700 0.123700 0.123600 0.123600 0.129000 0.227400 0.105900 0.172400 0.136700 0.131900 0.068600 0.119300 0.124800 0.148700 0.209000 0.177500 0.146600 0.212700 0.169600 0.074300 0.191100 0.124100 0.133900 0.100500 0.147800 0.106100 0.111700
Topi 0.064800 0.394600 0.118500 0.416500 0.069100 0.065700 0.069400 0.113200 0.111500 0.222800 0.046500 0.130900 0.000000 0.057500 0.102800 0.087400 0.166000 0.127500 0.040300 0.105400 0.063600 0.058400 0.213900 0.194400 0.052400 0.068300 0.028100 0.138100 0.063000 0.130500 0.214000 0.045800 0.160500 0.028100 0.100700 0.112400 0.058100 0.081700 0.086700 0.188200 0.171700 0.085700 0.215000 0.178600 0.118300 0.138600 0.075300 0.083400 0.052200 0.129400 0.133300 0.113000
CommonDuik 0.064900 0.373900 0.093500 0.437100 0.057200 0.059700 0.034000 0.100400 0.099100 0.199200 0.044800 0.105600 0.057500 0.000000 0.102900 0.063200 0.140300 0.115200 0.040300 0.093100 0.057600 0.058400 0.184000 0.164900 0.052400 0.056600 0.063200 0.112400 0.051300 0.105200 0.190700 0.022600 0.133700 0.063200 0.088300 0.087500 0.058100 0.063600 0.062800 0.159900 0.143000 0.073700 0.191600 0.149700 0.093300 0.112900 0.051400 0.071000 0.028600 0.116300 0.107500 0.087900
Suni 0.136700 0.394600 0.139200 0.466700 0.102100 0.138700 0.101700 0.153600 0.138500 0.244000 0.117200 0.145400 0.102800 0.102900 0.000000 0.133200 0.172800 0.173300 0.110200 0.138700 0.121700 0.129600 0.220100 0.216300 0.123200 0.125500 0.108400 0.152300 0.108200 0.150900 0.235200 0.103100 0.195000 0.108400 0.140900 0.120900 0.116100 0.121400 0.132200 0.209700 0.193800 0.142900 0.236400 0.200700 0.126600 0.186000 0.108600 0.104800 0.092500 0.157700 0.134900 0.133800
Springbuck 0.095600 0.422000 0.111700 0.484800 0.086900 0.096900 0.075100 0.118700 0.117400 0.205700 0.076600 0.123900 0.087400 0.063200 0.133200 0.000000 0.171800 0.145900 0.070000 0.111300 0.075200 0.088800 0.220500 0.185900 0.082600 0.050400 0.093100 0.131100 0.033600 0.111100 0.212700 0.063400 0.153000 0.093100 0.106600 0.105700 0.076000 0.081500 0.092300 0.194800 0.178200 0.067400 0.198100 0.170300 0.111500 0.144500 0.068900 0.102000 0.057900 0.149000 0.119400 0.106200
Okapi 0.176400 0.443900 0.178300 0.497900 0.165200 0.179000 0.152900 0.213800 0.190600 0.284300 0.156000 0.196700 0.166000 0.140300 0.172800 0.171800 0.000000 0.075400 0.142000 0.190900 0.166400 0.149000 0.265000 0.222800 0.162200 0.150500 0.171800 0.205700 0.158200 0.190400 0.275000 0.140600 0.161300 0.171800 0.200600 0.172100 0.154300 0.173000 0.157400 0.237400 0.222200 0.168200 0.276300 0.228100 0.177900 0.199500 0.152700 0.143300 0.135500 0.191700 0.208300 0.186100
Giraffe 0.136600 0.422900 0.152200 0.444900 0.139600 0.138600 0.127500 0.166700 0.157500 0.246200 0.117200 0.183300 0.127500 0.115200 0.173300 0.145900 0.075400 0.000000 0.110200 0.151400 0.127800 0.116900 0.235700 0.210100 0.123300 0.113200 0.133200 0.185200 0.132800 0.164000 0.237400 0.103100 0.154600 0.133100 0.186900 0.158900 0.116000 0.147000 0.119700 0.224700 0.208800 0.142900 0.238500 0.215100 0.164700 0.172600 0.133400 0.130300 0.110300 0.164300 0.180800 0.159600
TibetanAnt 0.035000 0.371300 0.100800 0.395100 0.063800 0.035500 0.052100 0.101700 0.081600 0.209800 0.017300 0.113200 0.040300 0.040300 0.110200 0.070000 0.142000 0.110200 0.000000 0.088000 0.052200 0.017200 0.193900 0.174600 0.023100 0.051300 0.046000 0.107400 0.057800 0.112800 0.201000 0.028700 0.128700 0.046000 0.095600 0.094800 0.028800 0.070400 0.069400 0.169000 0.152100 0.068600 0.202000 0.158800 0.100600 0.120700 0.046100 0.065400 0.034800 0.124500 0.115200 0.095300
Sitatunga 0.114200 0.394400 0.044800 0.469000 0.080400 0.109100 0.092900 0.144400 0.027600 0.227900 0.094800 0.116700 0.105400 0.093100 0.138700 0.111300 0.190900 0.151400 0.088000 0.000000 0.105700 0.107200 0.209900 0.192300 0.100900 0.103800 0.111200 0.050400 0.111000 0.055800 0.235000 0.081100 0.158900 0.111200 0.138100 0.098700 0.081600 0.087100 0.110300 0.215800 0.184400 0.121400 0.220100 0.176600 0.104500 0.177300 0.098900 0.119300 0.082500 0.141700 0.057200 0.039400
Oribi 0.077200 0.416000 0.118800 0.446500 0.075400 0.078400 0.069600 0.087900 0.111700 0.222900 0.058700 0.131200 0.063600 0.057600 0.121700 0.075200 0.166400 0.127800 0.052200 0.105700 0.000000 0.070700 0.214700 0.195000 0.064600 0.056600 0.069300 0.138500 0.057200 0.130800 0.214100 0.045900 0.160800 0.069300 0.120200 0.112600 0.070300 0.075800 0.062600 0.188700 0.172200 0.085700 0.215100 0.179000 0.118500 0.138900 0.063300 0.090100 0.052300 0.136700 0.133600 0.113300
BarbaryShe 0.041200 0.373900 0.120600 0.410100 0.082500 0.041800 0.070600 0.122300 0.100700 0.220800 0.023300 0.133100 0.058400 0.058400 0.129600 0.088800 0.149000 0.116900 0.017200 0.107200 0.070700 0.000000 0.204200 0.183800 0.029100 0.057400 0.064200 0.127300 0.076200 0.132700 0.211800 0.046500 0.135900 0.064200 0.121900 0.114300 0.034800 0.089400 0.075800 0.193200 0.161400 0.074900 0.212800 0.168000 0.120300 0.141000 0.064300 0.084500 0.053000 0.145500 0.135700 0.114900
Daviddeer 0.209300 0.389500 0.197100 0.449200 0.187700 0.203300 0.198900 0.244900 0.216600 0.079900 0.203100 0.219500 0.213900 0.184000 0.220100 0.220500 0.265000 0.235700 0.193900 0.209900 0.214700 0.204200 0.000000 0.098800 0.210300 0.209800 0.218600 0.218900 0.204200 0.195600 0.072700 0.184500 0.207800 0.220500 0.229800 0.175700 0.216300 0.196600 0.234100 0.109000 0.037900 0.230100 0.073000 0.084300 0.182100 0.269400 0.205700 0.188300 0.173100 0.245600 0.200200 0.191200
Reindeer 0.188900 0.374300 0.186300 0.442800 0.183200 0.182300 0.179700 0.241300 0.199200 0.095600 0.183500 0.185100 0.194400 0.164900 0.216300 0.185900 0.222800 0.210100 0.174600 0.192300 0.195000 0.183800 0.098800 0.000000 0.190700 0.190600 0.198500 0.216200 0.185000 0.199800 0.102300 0.165400 0.204400 0.201000 0.208300 0.156700 0.181500 0.177200 0.214500 0.111200 0.072400 0.210800 0.088400 0.032000 0.163200 0.249500 0.186300 0.177200 0.159700 0.225000 0.202700 0.187000
Ibex 0.035200 0.373300 0.114100 0.437000 0.076300 0.035700 0.064500 0.115100 0.107000 0.227200 0.005800 0.126600 0.052400 0.052400 0.123200 0.082600 0.162200 0.123300 0.023100 0.100900 0.064600 0.029100 0.210300 0.190700 0.000000 0.063400 0.058200 0.133900 0.070100 0.126200 0.218200 0.040600 0.156400 0.058200 0.108900 0.107900 0.028900 0.083200 0.081900 0.184500 0.167600 0.081000 0.219300 0.174500 0.113900 0.134400 0.070400 0.078200 0.047000 0.138700 0.128900 0.108500
GyrantGaze 0.075900 0.384900 0.116600 0.446000 0.079900 0.076900 0.068300 0.092600 0.109700 0.225900 0.057600 0.128700 0.068300 0.056600 0.125500 0.050400 0.150500 0.113200 0.051300 0.103800 0.056600 0.057400 0.209800 0.190600 0.063400 0.000000 0.073900 0.135900 0.038900 0.115900 0.217300 0.045100 0.144400 0.073900 0.124100 0.110600 0.069000 0.086600 0.061600 0.184700 0.168500 0.038000 0.218200 0.174900 0.116300 0.136300 0.062200 0.094500 0.051000 0.140500 0.131100 0.111200
Hartebeest 0.070600 0.402600 0.124300 0.422600 0.074700 0.071600 0.075100 0.119100 0.117200 0.227900 0.052300 0.123700 0.028100 0.063200 0.108400 0.093100 0.171800 0.133200 0.046000 0.111200 0.069300 0.064200 0.218600 0.198500 0.058200 0.073900 0.000000 0.144000 0.068700 0.136300 0.219000 0.051400 0.166400 0.033700 0.106500 0.118200 0.063800 0.087400 0.092300 0.192200 0.176300 0.091300 0.220200 0.182800 0.111200 0.144500 0.081000 0.089300 0.057900 0.135400 0.139300 0.118800
Bongo 0.148000 0.407000 0.050900 0.460800 0.111700 0.143100 0.112100 0.171900 0.022100 0.237300 0.127600 0.123600 0.138100 0.112400 0.152300 0.131100 0.205700 0.185200 0.107400 0.050400 0.138500 0.127300 0.218900 0.216200 0.133900 0.135900 0.144000 0.000000 0.130800 0.061900 0.244500 0.112700 0.153100 0.144000 0.145400 0.105500 0.113500 0.118900 0.142900 0.209300 0.193100 0.141100 0.229400 0.200000 0.111300 0.199200 0.105800 0.140000 0.101800 0.149200 0.039800 0.033800
Gerenuk 0.082800 0.398700 0.111500 0.439800 0.062700 0.083900 0.063000 0.099600 0.117100 0.212600 0.064200 0.123600 0.063000 0.051300 0.108200 0.033600 0.158200 0.132800 0.057800 0.111000 0.057200 0.076200 0.204200 0.185000 0.070100 0.038900 0.068700 0.130800 0.000000 0.110800 0.204000 0.051400 0.152500 0.068600 0.106200 0.105400 0.075800 0.081200 0.080000 0.179200 0.162900 0.055700 0.204900 0.169200 0.111200 0.131100 0.056900 0.076600 0.045900 0.115700 0.125900 0.106000
CommonElan 0.140000 0.374300 0.033400 0.490200 0.104600 0.135100 0.105000 0.157100 0.061800 0.211400 0.120000 0.129000 0.130500 0.105200 0.150900 0.111100 0.190400 0.164000 0.112800 0.055800 0.130800 0.132700 0.195600 0.199800 0.126200 0.115900 0.136300 0.061900 0.110800 0.000000 0.218300 0.105500 0.145300 0.136300 0.150800 0.098500 0.106200 0.111600 0.135300 0.215100 0.169200 0.121100 0.203700 0.190700 0.104200 0.176900 0.111100 0.120300 0.094700 0.148400 0.057100 0.027900
MuntiacusR 0.217000 0.385200 0.204100 0.469000 0.202800 0.211000 0.206200 0.221400 0.242300 0.019800 0.210700 0.227400 0.214000 0.190700 0.235200 0.212700 0.275000 0.237400 0.201000 0.235000 0.214100 0.211800 0.072700 0.102300 0.218200 0.217300 0.219000 0.244500 0.204000 0.218300 0.000000 0.191300 0.215600 0.220900 0.198600 0.182000 0.224400 0.220000 0.242600 0.112700 0.052900 0.238200 0.013200 0.087200 0.188600 0.287100 0.213100 0.203800 0.185400 0.246700 0.214700 0.213800
HarveysDui 0.052800 0.375800 0.093700 0.418600 0.057300 0.053500 0.034100 0.094500 0.087000 0.199700 0.034800 0.105900 0.045800 0.022600 0.103100 0.063400 0.140600 0.103100 0.028700 0.081100 0.045900 0.046500 0.184500 0.165400 0.040600 0.045100 0.051400 0.112700 0.051400 0.105500 0.191300 0.000000 0.134100 0.051400 0.088500 0.087700 0.046200 0.063800 0.062900 0.160200 0.143400 0.073900 0.192100 0.150000 0.093500 0.113200 0.051500 0.071200 0.028700 0.116700 0.107800 0.088200
Pronghorn 0.171100 0.415000 0.133100 0.479900 0.146200 0.165100 0.146800 0.195600 0.151900 0.224400 0.149900 0.172400 0.160500 0.133700 0.195000 0.153000 0.161300 0.154600 0.128700 0.158900 0.160800 0.135900 0.207800 0.204400 0.156400 0.144400 0.166400 0.153100 0.152500 0.145300 0.215600 0.134100 0.000000 0.166400 0.168500 0.139800 0.148300 0.167800 0.165100 0.212000 0.165600 0.149700 0.216600 0.195000 0.145800 0.188300 0.139900 0.136800 0.128700 0.186800 0.147300 0.140600
BlueWildeb 0.070600 0.402800 0.124300 0.415300 0.074700 0.071600 0.075100 0.119100 0.117200 0.229700 0.052300 0.136700 0.028100 0.063200 0.108400 0.093100 0.171800 0.133100 0.046000 0.111200 0.069300 0.064200 0.220500 0.201000 0.058200 0.073900 0.033700 0.144000 0.068600 0.136300 0.220900 0.051400 0.166400 0.000000 0.106500 0.118200 0.063800 0.087400 0.092300 0.194600 0.178200 0.091300 0.221900 0.185100 0.124000 0.144500 0.068900 0.089200 0.057900 0.135400 0.139200 0.118800
Gemsbok 0.122600 0.436500 0.125400 0.448800 0.100100 0.124400 0.100600 0.146400 0.131200 0.207600 0.102700 0.131900 0.100700 0.088300 0.140900 0.106600 0.200600 0.186900 0.095600 0.138100 0.120200 0.121900 0.229800 0.208300 0.108900 0.124100 0.106500 0.145400 0.106200 0.150800 0.198600 0.088500 0.168500 0.106500 0.000000 0.132400 0.101800 0.120000 0.144100 0.218700 0.187000 0.116900 0.199900 0.194000 0.138300 0.179500 0.106700 0.115900 0.095600 0.164200 0.133200 0.133000
Yak 0.108400 0.349400 0.086800 0.445500 0.111800 0.103300 0.087300 0.152000 0.104700 0.168100 0.101800 0.068600 0.112400 0.087500 0.120900 0.105700 0.172100 0.158900 0.094800 0.098700 0.112600 0.114300 0.175700 0.156700 0.107900 0.110600 0.118200 0.105500 0.105400 0.098500 0.182000 0.087700 0.139800 0.118200 0.132400 0.000000 0.100900 0.106400 0.130100 0.166300 0.135200 0.128300 0.167700 0.141700 0.005500 0.171500 0.105800 0.115000 0.082400 0.149400 0.088100 0.081300
BlueSheep 0.041000 0.359200 0.094300 0.442700 0.082000 0.041500 0.070100 0.120700 0.087600 0.217100 0.023100 0.119300 0.058100 0.058100 0.116100 0.076000 0.154300 0.116000 0.028800 0.081600 0.070300 0.034800 0.216300 0.181500 0.028900 0.069000 0.063800 0.113500 0.075800 0.106200 0.224400 0.046200 0.148300 0.063800 0.101800 0.100900 0.000000 0.076400 0.075300 0.190400 0.173700 0.086500 0.209300 0.165700 0.106800 0.140000 0.063900 0.083900 0.052700 0.130800 0.108400 0.088800
BohorReedb 0.096300 0.427600 0.099800 0.476900 0.028100 0.097600 0.075600 0.132600 0.105400 0.212900 0.077100 0.124800 0.081700 0.063600 0.121400 0.081500 0.173000 0.147000 0.070400 0.087100 0.075800 0.089400 0.196600 0.177200 0.083200 0.086600 0.087400 0.118900 0.081200 0.111600 0.220000 0.063800 0.167800 0.087400 0.120000 0.106400 0.076400 0.000000 0.092900 0.171300 0.176600 0.104100 0.205300 0.161400 0.112200 0.145600 0.081600 0.083400 0.052700 0.150200 0.114000 0.094200
KirksDik 0.094800 0.396600 0.123400 0.457100 0.098500 0.096100 0.086700 0.124300 0.116300 0.251700 0.076000 0.148700 0.086700 0.062800 0.132200 0.092300 0.157400 0.119700 0.069400 0.110300 0.062600 0.075800 0.234100 0.214500 0.081900 0.061600 0.092300 0.142900 0.080000 0.135300 0.242600 0.062900 0.165100 0.092300 0.144100 0.130100 0.075300 0.092900 0.000000 0.207600 0.191500 0.090500 0.243700 0.198100 0.135900 0.143300 0.068300 0.101200 0.069500 0.134400 0.138200 0.117900
RoeDeer 0.167900 0.382500 0.201900 0.493800 0.162900 0.174300 0.174000 0.225100 0.207500 0.120400 0.177500 0.209000 0.188200 0.159900 0.209700 0.194800 0.237400 0.224700 0.169000 0.215800 0.188700 0.193200 0.109000 0.111200 0.184500 0.184700 0.192200 0.209300 0.179200 0.215100 0.112700 0.160200 0.212000 0.194600 0.218700 0.166300 0.190400 0.171300 0.207600 0.000000 0.083300 0.204300 0.113300 0.089500 0.172600 0.251600 0.180400 0.178100 0.154600 0.217900 0.190000 0.181100
WhiteLippe 0.174400 0.333000 0.170500 0.467500 0.161400 0.168000 0.157300 0.201500 0.191400 0.060000 0.160600 0.177500 0.171700 0.143000 0.193800 0.178200 0.222200 0.208800 0.152100 0.184400 0.172200 0.161400 0.037900 0.072400 0.167600 0.168500 0.176300 0.193100 0.162900 0.169200 0.052900 0.143400 0.165600 0.178200 0.187000 0.135200 0.173700 0.176600 0.191500 0.083300 0.000000 0.188300 0.053100 0.058400 0.141600 0.233300 0.163900 0.161200 0.137700 0.200800 0.173200 0.164500
ThomsonGaz 0.093700 0.410500 0.121900 0.471700 0.085200 0.095000 0.085600 0.116300 0.127400 0.247100 0.075100 0.146600 0.085700 0.073700 0.142900 0.067400 0.168200 0.142900 0.068600 0.121400 0.085700 0.074900 0.230100 0.210800 0.081000 0.038000 0.091300 0.141100 0.055700 0.121100 0.238200 0.073900 0.149700 0.091300 0.116900 0.128300 0.086500 0.104100 0.090500 0.204300 0.188300 0.000000 0.239300 0.194800 0.134100 0.154500 0.079300 0.112400 0.068200 0.145600 0.136400 0.116500
MuntiacusC 0.218200 0.378500 0.205300 0.471600 0.203900 0.212300 0.207200 0.222500 0.227300 0.006600 0.211700 0.212700 0.215000 0.191600 0.236400 0.198100 0.276300 0.238500 0.202000 0.220100 0.215100 0.212800 0.073000 0.088400 0.219300 0.218200 0.220200 0.229400 0.204900 0.203700 0.013200 0.192100 0.216600 0.221900 0.199900 0.167700 0.209300 0.205300 0.243700 0.113300 0.053100 0.239300 0.000000 0.073600 0.174400 0.288800 0.214100 0.204700 0.186300 0.247800 0.199900 0.199100
WhiteTaile 0.172900 0.373400 0.177300 0.441600 0.167600 0.173200 0.164000 0.215800 0.183500 0.080500 0.167400 0.169600 0.178600 0.149700 0.200700 0.170300 0.228100 0.215100 0.158800 0.176600 0.179000 0.168000 0.084300 0.032000 0.174500 0.174900 0.182800 0.200000 0.169200 0.190700 0.087200 0.150000 0.195000 0.185100 0.194000 0.141700 0.165700 0.161400 0.198100 0.089500 0.058400 0.194800 0.073600 0.000000 0.148000 0.239200 0.170600 0.168100 0.144200 0.207900 0.180100 0.171300
Cattle 0.114400 0.357000 0.092600 0.452500 0.117600 0.109300 0.093100 0.158000 0.110400 0.174800 0.107700 0.074300 0.118300 0.093300 0.126600 0.111500 0.177900 0.164700 0.100600 0.104500 0.118500 0.120300 0.182100 0.163200 0.113900 0.116300 0.111200 0.111300 0.111200 0.104200 0.188600 0.093500 0.145800 0.124000 0.138300 0.005500 0.106800 0.112200 0.135900 0.172600 0.141600 0.134100 0.174400 0.148000 0.000000 0.177500 0.111600 0.121000 0.088200 0.155600 0.093900 0.087100
RoyalAntel 0.134500 0.393300 0.151000 0.494300 0.137900 0.136400 0.125500 0.186200 0.183800 0.297100 0.128100 0.191100 0.138600 0.112900 0.186000 0.144500 0.199500 0.172600 0.120700 0.177300 0.138900 0.141000 0.269400 0.249500 0.134400 0.136300 0.144500 0.199200 0.131100 0.176900 0.287100 0.113200 0.188300 0.144500 0.179500 0.171500 0.140000 0.145600 0.143300 0.251600 0.233300 0.154500 0.288800 0.239200 0.177500 0.000000 0.131700 0.128500 0.107800 0.191700 0.194800 0.172400
Steenbok 0.083100 0.362100 0.099300 0.404300 0.074900 0.084300 0.063200 0.106200 0.092600 0.221900 0.064500 0.124100 0.075300 0.051400 0.108600 0.068900 0.152700 0.133400 0.046100 0.098900 0.063300 0.064300 0.205700 0.186300 0.070400 0.062200 0.081000 0.105800 0.056900 0.111100 0.213100 0.051500 0.139900 0.068900 0.106700 0.105800 0.063900 0.081600 0.068300 0.180400 0.163900 0.079300 0.214100 0.170600 0.111600 0.131700 0.000000 0.089500 0.046100 0.122400 0.113400 0.093800
Impala 0.091400 0.364900 0.108200 0.425200 0.064300 0.092700 0.083400 0.122300 0.125200 0.212600 0.072100 0.133900 0.083400 0.071000 0.104800 0.102000 0.143300 0.130300 0.065400 0.119300 0.090100 0.084500 0.188300 0.177200 0.078200 0.094500 0.089300 0.140000 0.076600 0.120300 0.203800 0.071200 0.136800 0.089200 0.115900 0.115000 0.083900 0.083400 0.101200 0.178100 0.161200 0.112400 0.204700 0.168100 0.121000 0.128500 0.089500 0.000000 0.060000 0.132500 0.136300 0.115400
Klipspring 0.059400 0.369400 0.082800 0.433000 0.046300 0.060300 0.040300 0.095300 0.088500 0.193900 0.041100 0.100500 0.052200 0.028600 0.092500 0.057900 0.135500 0.110300 0.034800 0.082500 0.052300 0.053000 0.173100 0.159700 0.047000 0.051000 0.057900 0.101800 0.045900 0.094700 0.185400 0.028700 0.128700 0.057900 0.095600 0.082400 0.052700 0.052700 0.069500 0.154600 0.137700 0.068200 0.186300 0.144200 0.088200 0.107800 0.046100 0.060000 0.000000 0.111100 0.096700 0.077200
ForestMusk 0.153200 0.364700 0.142300 0.409400 0.128800 0.148200 0.129400 0.170900 0.134600 0.256300 0.132200 0.147800 0.129400 0.116300 0.157700 0.149000 0.191700 0.164300 0.124500 0.141700 0.136700 0.145500 0.245600 0.225000 0.138700 0.140500 0.135400 0.149200 0.115700 0.148400 0.246700 0.116700 0.186800 0.135400 0.164200 0.149400 0.130800 0.150200 0.134400 0.217900 0.200800 0.145600 0.247800 0.207900 0.155600 0.191700 0.122400 0.132500 0.111100 0.000000 0.144400 0.130200
Bushbuck 0.143100 0.364400 0.045600 0.440200 0.106800 0.138100 0.107200 0.167300 0.039500 0.207700 0.122600 0.106100 0.133300 0.107500 0.134900 0.119400 0.208300 0.180800 0.115200 0.057200 0.133600 0.135700 0.200200 0.202700 0.128900 0.131100 0.139300 0.039800 0.125900 0.057100 0.214700 0.107800 0.147300 0.139200 0.133200 0.088100 0.108400 0.114000 0.138200 0.190000 0.173200 0.136400 0.199900 0.180100 0.093900 0.194800 0.113400 0.136300 0.096700 0.144400 0.000000 0.028400
GreaterKud 0.122100 0.370800 0.028100 0.466500 0.087400 0.117000 0.087700 0.145800 0.033500 0.206900 0.102300 0.111700 0.113000 0.087900 0.133800 0.106200 0.186100 0.159600 0.095300 0.039400 0.113300 0.114900 0.191200 0.187000 0.108500 0.111200 0.118800 0.033800 0.106000 0.027900 0.213800 0.088200 0.140600 0.118800 0.133000 0.081300 0.088800 0.094200 0.117900 0.181100 0.164500 0.116500 0.199100 0.171300 0.087100 0.172400 0.093800 0.115400 0.077200 0.130200 0.028400 0.000000
