1
52 1
Argali 0.000000 0.217300 0.024200 0.072800 0.035600 0.000000 0.036200 0.062100 0.036900 0.102500 0.000000 0.061200 0.024000 0.061500 0.036100 0.036300 0.086900 0.036300 0.011900 0.011900 0.048700 0.000000 0.075000 0.113700 0.000100 0.048600 0.024000 0.024200 0.036300 0.024200 0.075700 0.075100 0.085600 0.024000 0.048800 0.048700 0.000000 0.023700 0.149600 0.075200 0.088500 0.036200 0.102900 0.101300 0.048700 0.048000 0.045700 0.048100 0.024100 0.011800 0.036700 0.024200
LesserMous 0.217300 0.000000 0.219800 0.211800 0.202000 0.217300 0.235500 0.235600 0.238000 0.217200 0.218000 0.265500 0.250300 0.268400 0.263300 0.235000 0.234100 0.203600 0.203100 0.203900 0.251100 0.218000 0.216500 0.262100 0.217800 0.250100 0.250500 0.219800 0.234200 0.219700 0.217300 0.287300 0.230200 0.250500 0.283200 0.250200 0.217300 0.186300 0.229600 0.215400 0.233300 0.233700 0.251100 0.247300 0.250200 0.217900 0.239400 0.246700 0.188300 0.202100 0.236500 0.219800
LesserKudu 0.024200 0.219800 0.000000 0.063800 0.036100 0.024200 0.036900 0.063200 0.012300 0.104300 0.024200 0.036900 0.049700 0.062700 0.062000 0.036900 0.088200 0.036900 0.012100 0.012100 0.049400 0.024200 0.076200 0.115500 0.024200 0.049400 0.049700 0.000000 0.036900 0.000000 0.077000 0.076500 0.083600 0.049700 0.075800 0.024400 0.024200 0.024000 0.151900 0.076500 0.090100 0.036800 0.104600 0.102800 0.024400 0.048700 0.046500 0.048800 0.024500 0.012000 0.012200 0.000000
KillerWhal 0.072800 0.211800 0.063800 0.000000 0.086200 0.072800 0.059900 0.059800 0.078100 0.131300 0.072800 0.115500 0.101600 0.092100 0.115800 0.087300 0.108000 0.059500 0.050100 0.050300 0.100900 0.072800 0.102100 0.143200 0.072900 0.100800 0.101800 0.063800 0.087100 0.063700 0.102400 0.107600 0.114600 0.101800 0.130300 0.101700 0.072800 0.071700 0.210000 0.102000 0.088400 0.086900 0.131800 0.129300 0.101700 0.099500 0.087100 0.099600 0.045500 0.058800 0.050800 0.063800
DefassaWat 0.035600 0.202000 0.036100 0.086200 0.000000 0.035600 0.048200 0.074300 0.049000 0.115300 0.035600 0.073400 0.060900 0.073900 0.073400 0.048300 0.099200 0.048300 0.023700 0.023700 0.060800 0.035600 0.087400 0.126300 0.035700 0.060700 0.060900 0.036100 0.048300 0.036100 0.088300 0.087600 0.072400 0.060900 0.086800 0.060700 0.035600 0.011600 0.162300 0.087700 0.101000 0.048200 0.115800 0.114100 0.060700 0.035100 0.057700 0.060000 0.036100 0.023600 0.048700 0.036100
Sheep 0.000000 0.217300 0.024200 0.072800 0.035600 0.000000 0.036200 0.062100 0.036900 0.102500 0.000000 0.061200 0.024000 0.061500 0.036100 0.036300 0.086900 0.036300 0.011900 0.011900 0.048700 0.000000 0.075000 0.113700 0.000100 0.048600 0.024000 0.024200 0.036300 0.024200 0.075700 0.075100 0.085600 0.024000 0.048800 0.048700 0.000000 0.023700 0.149600 0.075200 0.088500 0.036200 0.102900 0.101300 0.048700 0.048000 0.045700 0.048100 0.024100 0.011800 0.036700 0.024200
MaxwellsDu 0.036200 0.235500 0.036900 0.059900 0.048200 0.036200 0.000000 0.049600 0.050000 0.117300 0.036300 0.074800 0.062000 0.024200 0.074600 0.048900 0.100500 0.049000 0.024200 0.024200 0.061700 0.036100 0.088600 0.127900 0.036300 0.061700 0.061800 0.036900 0.049100 0.036900 0.089800 0.036800 0.099400 0.061800 0.088400 0.061700 0.036200 0.036000 0.164700 0.089200 0.075600 0.049000 0.117700 0.115700 0.061700 0.060600 0.060100 0.061000 0.036700 0.024000 0.024500 0.036900
GazellaPrz 0.062100 0.235600 0.063200 0.059800 0.074300 0.062100 0.049600 0.000000 0.077200 0.118500 0.062100 0.102500 0.089300 0.076000 0.102400 0.024300 0.101700 0.049600 0.049700 0.049800 0.036600 0.062100 0.089800 0.129600 0.062100 0.036700 0.089300 0.063200 0.024300 0.063200 0.090700 0.090200 0.127700 0.089300 0.117000 0.089000 0.062100 0.061700 0.137400 0.090000 0.076600 0.024300 0.119000 0.116900 0.089000 0.087700 0.031800 0.087900 0.037000 0.049300 0.050300 0.063200
MountainNy 0.036900 0.238000 0.012300 0.078100 0.049000 0.036900 0.050000 0.077200 0.000000 0.119600 0.036900 0.050100 0.063200 0.076700 0.075800 0.050000 0.102700 0.050100 0.024600 0.024600 0.062900 0.036900 0.090600 0.130800 0.036900 0.062900 0.063200 0.012300 0.050000 0.012300 0.091600 0.091000 0.098000 0.063200 0.090100 0.037300 0.036900 0.036600 0.167500 0.090900 0.105000 0.049900 0.120000 0.117900 0.037300 0.061900 0.060500 0.062100 0.037400 0.024400 0.024900 0.012300
MuntiacusM 0.102500 0.217200 0.104300 0.131300 0.115300 0.102500 0.117300 0.118500 0.119600 0.000000 0.102600 0.145600 0.131800 0.118000 0.116300 0.117400 0.144500 0.089600 0.089800 0.090000 0.131200 0.102600 0.024600 0.062100 0.102700 0.131300 0.131700 0.104300 0.117400 0.104400 0.024800 0.133500 0.142400 0.131700 0.161200 0.131300 0.102500 0.101900 0.211100 0.024700 0.037300 0.117100 0.024900 0.049800 0.131300 0.129500 0.129400 0.129600 0.076400 0.089000 0.118900 0.104300
goat 0.000000 0.218000 0.024200 0.072800 0.035600 0.000000 0.036300 0.062100 0.036900 0.102600 0.000000 0.061200 0.024000 0.061700 0.036100 0.036100 0.086500 0.036200 0.011900 0.011900 0.048700 0.000000 0.074700 0.113300 0.000000 0.048600 0.024100 0.024200 0.036300 0.024200 0.075700 0.075200 0.085700 0.024100 0.048800 0.048500 0.000000 0.023600 0.149700 0.075200 0.088200 0.036200 0.103000 0.101400 0.048500 0.047800 0.046600 0.048100 0.024100 0.011800 0.036700 0.024200
AfricanBuf 0.061200 0.265500 0.036900 0.115500 0.073400 0.061200 0.074800 0.102500 0.050100 0.145600 0.061200 0.000000 0.088200 0.101900 0.100800 0.074700 0.128000 0.074800 0.049100 0.049200 0.087700 0.061200 0.116000 0.156300 0.061300 0.087700 0.088200 0.036900 0.074700 0.036900 0.117200 0.116500 0.099200 0.088200 0.115400 0.012000 0.061200 0.060800 0.192800 0.116400 0.130700 0.074600 0.146000 0.143400 0.012000 0.086400 0.086000 0.086600 0.062100 0.048700 0.049800 0.036900
Topi 0.024000 0.250300 0.049700 0.101600 0.060900 0.024000 0.062000 0.089300 0.063200 0.131800 0.024000 0.088200 0.000000 0.088700 0.061700 0.062000 0.114700 0.062100 0.036700 0.036700 0.074800 0.024000 0.102700 0.142700 0.024000 0.074800 0.000000 0.049700 0.062000 0.049700 0.103800 0.103100 0.113100 0.000000 0.024300 0.075100 0.024000 0.048500 0.178900 0.103000 0.117100 0.061900 0.132200 0.129900 0.075100 0.073800 0.072800 0.048600 0.049400 0.036300 0.062900 0.049700
CommonDuik 0.061500 0.268400 0.062700 0.092100 0.073900 0.061500 0.024200 0.076000 0.076700 0.118000 0.061700 0.101900 0.088700 0.000000 0.101600 0.075200 0.115500 0.075300 0.049400 0.049500 0.088300 0.061700 0.116900 0.157600 0.061700 0.088300 0.088700 0.062700 0.075200 0.062800 0.118100 0.011900 0.126900 0.088700 0.116100 0.088500 0.061500 0.061200 0.194200 0.117200 0.103300 0.075100 0.118500 0.144700 0.088500 0.087100 0.086600 0.074400 0.062400 0.049000 0.050000 0.062700
Suni 0.036100 0.263300 0.062000 0.115800 0.073400 0.036100 0.074600 0.102400 0.075800 0.116300 0.036100 0.100800 0.061700 0.101600 0.000000 0.074700 0.127900 0.074800 0.048900 0.049000 0.087600 0.036100 0.088200 0.100400 0.036100 0.087700 0.061700 0.062000 0.074700 0.062100 0.089000 0.116300 0.126000 0.061700 0.087900 0.087600 0.036100 0.060900 0.193100 0.088500 0.102000 0.074500 0.116800 0.088100 0.087600 0.086500 0.085900 0.061000 0.062000 0.048600 0.075300 0.062000
Springbuck 0.036300 0.235000 0.036900 0.087300 0.048300 0.036300 0.048900 0.024300 0.050000 0.117400 0.036100 0.074700 0.062000 0.075200 0.074700 0.000000 0.100500 0.049200 0.024200 0.024300 0.011900 0.036100 0.088600 0.128000 0.036300 0.011900 0.061800 0.036900 0.000000 0.036900 0.089900 0.089200 0.099500 0.061800 0.088400 0.061600 0.036300 0.036100 0.109700 0.089300 0.102600 0.000000 0.117900 0.116000 0.061600 0.060700 0.000100 0.061100 0.036700 0.024000 0.049700 0.036900
Okapi 0.086900 0.234100 0.088200 0.108000 0.099200 0.086900 0.100500 0.101700 0.102700 0.144500 0.086500 0.128000 0.114700 0.115500 0.127900 0.100500 0.000000 0.074000 0.074500 0.074600 0.114200 0.086500 0.114700 0.154800 0.086900 0.114200 0.114200 0.088200 0.100800 0.088300 0.116300 0.130500 0.153300 0.114200 0.142700 0.113900 0.086900 0.086300 0.222300 0.115600 0.129100 0.100600 0.145100 0.142700 0.113900 0.112300 0.113400 0.086400 0.061600 0.073800 0.102200 0.088200
Giraffe 0.036300 0.203600 0.036900 0.059500 0.048300 0.036300 0.049000 0.049600 0.050100 0.089600 0.036200 0.074800 0.062100 0.075300 0.074800 0.049200 0.074000 0.000000 0.024200 0.024300 0.061900 0.036200 0.062200 0.100500 0.036300 0.061900 0.061900 0.036900 0.049200 0.036900 0.063000 0.089400 0.099600 0.061900 0.088500 0.061700 0.036300 0.036100 0.165000 0.062600 0.075500 0.049100 0.089900 0.088500 0.061700 0.060800 0.060200 0.061100 0.012000 0.024000 0.049800 0.036900
TibetanAnt 0.011900 0.203100 0.012100 0.050100 0.023700 0.011900 0.024200 0.049700 0.024600 0.089800 0.011900 0.049100 0.036700 0.049400 0.048900 0.024200 0.074500 0.024200 0.000000 0.000000 0.036500 0.011900 0.062600 0.101100 0.011900 0.036500 0.036700 0.012100 0.024200 0.012100 0.063200 0.062700 0.070300 0.036700 0.062200 0.036600 0.011900 0.011800 0.137300 0.062700 0.075900 0.024200 0.090100 0.088700 0.036600 0.036000 0.031800 0.036100 0.012100 0.000100 0.024500 0.012100
Sitatunga 0.011900 0.203900 0.012100 0.050300 0.023700 0.011900 0.024200 0.049800 0.024600 0.090000 0.011900 0.049200 0.036700 0.049500 0.049000 0.024300 0.074600 0.024300 0.000000 0.000000 0.036600 0.011900 0.062700 0.101300 0.011900 0.036600 0.036700 0.012100 0.024300 0.012100 0.063300 0.062900 0.070000 0.036700 0.062300 0.036600 0.011900 0.011800 0.137500 0.062900 0.076100 0.024200 0.090300 0.088800 0.036600 0.036100 0.032800 0.036200 0.012100 0.000100 0.024500 0.012100
Oribi 0.048700 0.251100 0.049400 0.100900 0.060800 0.048700 0.061700 0.036600 0.062900 0.131200 0.048700 0.087700 0.074800 0.088300 0.087600 0.011900 0.114200 0.061900 0.036500 0.036600 0.000000 0.048700 0.102200 0.142200 0.048700 0.024000 0.074800 0.049400 0.011900 0.049500 0.103300 0.102600 0.112600 0.074800 0.101600 0.074600 0.048700 0.048400 0.122800 0.102500 0.116400 0.011900 0.131800 0.101800 0.074600 0.073700 0.018400 0.073800 0.049300 0.036200 0.062500 0.049400
BarbaryShe 0.000000 0.218000 0.024200 0.072800 0.035600 0.000000 0.036100 0.062100 0.036900 0.102600 0.000000 0.061200 0.024000 0.061700 0.036100 0.036100 0.086500 0.036200 0.011900 0.011900 0.048700 0.000000 0.074700 0.113300 0.000000 0.048600 0.023900 0.024200 0.036300 0.024200 0.075700 0.075200 0.085700 0.023900 0.048800 0.048500 0.000000 0.023600 0.149700 0.075200 0.088200 0.036200 0.103000 0.101400 0.048500 0.047800 0.046600 0.048100 0.024100 0.011800 0.036700 0.024200
Daviddeer 0.075000 0.216500 0.076200 0.102100 0.087400 0.075000 0.088600 0.089800 0.090600 0.024600 0.074700 0.116000 0.102700 0.116900 0.088200 0.088600 0.114700 0.062200 0.062600 0.062700 0.102200 0.074700 0.000000 0.036200 0.075000 0.102300 0.102300 0.076200 0.089000 0.076300 0.000100 0.132200 0.141600 0.102300 0.130800 0.102000 0.075000 0.074500 0.180700 0.000100 0.012100 0.088800 0.024700 0.024300 0.102000 0.099900 0.101300 0.101100 0.049700 0.062000 0.090100 0.076200
Reindeer 0.113700 0.262100 0.115500 0.143200 0.126300 0.113700 0.127900 0.129600 0.130800 0.062100 0.113300 0.156300 0.142700 0.157600 0.100400 0.128000 0.154800 0.100500 0.101100 0.101300 0.142200 0.113300 0.036200 0.000000 0.113800 0.142300 0.142100 0.115500 0.128400 0.115600 0.036700 0.173800 0.153600 0.142100 0.171900 0.141700 0.113700 0.113000 0.222600 0.036500 0.048900 0.128200 0.062300 0.036300 0.141700 0.140000 0.141700 0.113300 0.087800 0.100200 0.130000 0.115500
Ibex 0.000100 0.217800 0.024200 0.072900 0.035700 0.000100 0.036300 0.062100 0.036900 0.102700 0.000000 0.061300 0.024000 0.061700 0.036100 0.036300 0.086900 0.036300 0.011900 0.011900 0.048700 0.000000 0.075000 0.113800 0.000000 0.048700 0.024000 0.024200 0.036300 0.024200 0.075800 0.075300 0.085700 0.024000 0.048800 0.048700 0.000100 0.023700 0.149900 0.075300 0.088600 0.036200 0.103100 0.101400 0.048700 0.048000 0.045800 0.048100 0.024100 0.011800 0.036700 0.024200
GyrantGaze 0.048600 0.250100 0.049400 0.100800 0.060700 0.048600 0.061700 0.036700 0.062900 0.131300 0.048600 0.087700 0.074800 0.088300 0.087700 0.011900 0.114200 0.061900 0.036500 0.036600 0.024000 0.048600 0.102300 0.142300 0.048700 0.000000 0.074800 0.049400 0.011900 0.049400 0.103400 0.102600 0.112600 0.074800 0.101500 0.074600 0.048600 0.048400 0.122700 0.102700 0.116500 0.011800 0.131800 0.129700 0.074600 0.073600 0.018300 0.073700 0.049200 0.036200 0.062500 0.049400
Hartebeest 0.024000 0.250500 0.049700 0.101800 0.060900 0.024000 0.061800 0.089300 0.063200 0.131700 0.024100 0.088200 0.000000 0.088700 0.061700 0.061800 0.114200 0.061900 0.036700 0.036700 0.074800 0.023900 0.102300 0.142100 0.024000 0.074800 0.000000 0.049700 0.062000 0.049700 0.103700 0.103000 0.113000 0.000000 0.024300 0.074300 0.024000 0.048500 0.178900 0.103000 0.116600 0.061900 0.132200 0.129900 0.074800 0.073500 0.073500 0.048600 0.049400 0.036300 0.062900 0.049700
Bongo 0.024200 0.219800 0.000000 0.063800 0.036100 0.024200 0.036900 0.063200 0.012300 0.104300 0.024200 0.036900 0.049700 0.062700 0.062000 0.036900 0.088200 0.036900 0.012100 0.012100 0.049400 0.024200 0.076200 0.115500 0.024200 0.049400 0.049700 0.000000 0.036900 0.000000 0.077000 0.076500 0.083600 0.049700 0.075800 0.024400 0.024200 0.024000 0.151900 0.076500 0.090100 0.036800 0.104600 0.102800 0.024400 0.048700 0.046500 0.048800 0.024500 0.012000 0.012200 0.000000
Gerenuk 0.036300 0.234200 0.036900 0.087100 0.048300 0.036300 0.049100 0.024300 0.050000 0.117400 0.036300 0.074700 0.062000 0.075200 0.074700 0.000000 0.100800 0.049200 0.024200 0.024300 0.011900 0.036300 0.089000 0.128400 0.036300 0.011900 0.062000 0.036900 0.000000 0.036900 0.089900 0.089200 0.099400 0.062000 0.088300 0.061800 0.036300 0.036100 0.109600 0.089200 0.102900 0.000100 0.117900 0.115900 0.061800 0.061000 0.000100 0.061100 0.036700 0.024000 0.049700 0.036900
CommonElan 0.024200 0.219700 0.000000 0.063700 0.036100 0.024200 0.036900 0.063200 0.012300 0.104400 0.024200 0.036900 0.049700 0.062800 0.062100 0.036900 0.088300 0.036900 0.012100 0.012100 0.049500 0.024200 0.076300 0.115600 0.024200 0.049400 0.049700 0.000000 0.036900 0.000000 0.077000 0.076600 0.083200 0.049700 0.075800 0.024400 0.024200 0.024000 0.152000 0.076500 0.090200 0.036800 0.104600 0.102900 0.024400 0.048700 0.045700 0.048800 0.024500 0.012000 0.012300 0.000000
MuntiacusR 0.075700 0.217300 0.077000 0.102400 0.088300 0.075700 0.089800 0.090700 0.091600 0.024800 0.075700 0.117200 0.103800 0.118100 0.089000 0.089900 0.116300 0.063000 0.063200 0.063300 0.103300 0.075700 0.000100 0.036700 0.075800 0.103400 0.103700 0.077000 0.089900 0.077000 0.000000 0.133600 0.142900 0.103700 0.132100 0.103400 0.075700 0.075200 0.181500 0.000200 0.012300 0.089700 0.024900 0.024500 0.103400 0.101900 0.101400 0.102100 0.050100 0.062600 0.091000 0.077000
HarveysDui 0.075100 0.287300 0.076500 0.107600 0.087600 0.075100 0.036800 0.090200 0.091000 0.133500 0.075200 0.116500 0.103100 0.011900 0.116300 0.089200 0.130500 0.089400 0.062700 0.062900 0.102600 0.075200 0.132200 0.173800 0.075300 0.102600 0.103000 0.076500 0.089200 0.076600 0.133600 0.000000 0.141800 0.103000 0.131200 0.102800 0.075100 0.074600 0.210600 0.132600 0.118300 0.089000 0.119100 0.160700 0.102800 0.101200 0.101100 0.088200 0.076200 0.062200 0.063500 0.076500
Pronghorn 0.085600 0.230200 0.083600 0.114600 0.072400 0.085600 0.099400 0.127700 0.098000 0.142400 0.085700 0.099200 0.113100 0.126900 0.126000 0.099500 0.153300 0.099600 0.070300 0.070000 0.112600 0.085700 0.141600 0.153600 0.085700 0.112600 0.113000 0.083600 0.099400 0.083200 0.142900 0.141800 0.000000 0.113000 0.140600 0.086200 0.085600 0.060000 0.219100 0.142000 0.156200 0.099200 0.172300 0.169600 0.086200 0.111200 0.109900 0.111200 0.086700 0.073000 0.097300 0.083600
BlueWildeb 0.024000 0.250500 0.049700 0.101800 0.060900 0.024000 0.061800 0.089300 0.063200 0.131700 0.024100 0.088200 0.000000 0.088700 0.061700 0.061800 0.114200 0.061900 0.036700 0.036700 0.074800 0.023900 0.102300 0.142100 0.024000 0.074800 0.000000 0.049700 0.062000 0.049700 0.103700 0.103000 0.113000 0.000000 0.024300 0.074800 0.024000 0.048500 0.178900 0.103000 0.116600 0.061900 0.132200 0.129900 0.074800 0.073500 0.073500 0.048600 0.049400 0.036300 0.062900 0.049700
Gemsbok 0.048800 0.283200 0.075800 0.130300 0.086800 0.048800 0.088400 0.117000 0.090100 0.161200 0.048800 0.115400 0.024300 0.116100 0.087900 0.088400 0.142700 0.088500 0.062200 0.062300 0.101600 0.048800 0.130800 0.171900 0.048800 0.101500 0.024300 0.075800 0.088300 0.075800 0.132100 0.131200 0.140600 0.024300 0.000000 0.101900 0.048800 0.074000 0.207800 0.131300 0.145800 0.088100 0.161800 0.158800 0.101900 0.100100 0.100100 0.074100 0.075500 0.061600 0.089600 0.075800
Yak 0.048700 0.250200 0.024400 0.101700 0.060700 0.048700 0.061700 0.089000 0.037300 0.131300 0.048500 0.012000 0.075100 0.088500 0.087600 0.061600 0.113900 0.061700 0.036600 0.036600 0.074600 0.048500 0.102000 0.141700 0.048700 0.074600 0.074300 0.024400 0.061800 0.024400 0.103400 0.102800 0.086200 0.074800 0.101900 0.000000 0.048700 0.048400 0.178600 0.102700 0.116700 0.061700 0.131700 0.129400 0.000000 0.073300 0.073300 0.073700 0.049300 0.036300 0.037100 0.024400
BlueSheep 0.000000 0.217300 0.024200 0.072800 0.035600 0.000000 0.036200 0.062100 0.036900 0.102500 0.000000 0.061200 0.024000 0.061500 0.036100 0.036300 0.086900 0.036300 0.011900 0.011900 0.048700 0.000000 0.075000 0.113700 0.000100 0.048600 0.024000 0.024200 0.036300 0.024200 0.075700 0.075100 0.085600 0.024000 0.048800 0.048700 0.000000 0.023700 0.149600 0.075200 0.088500 0.036200 0.102900 0.101300 0.048700 0.048000 0.045700 0.048100 0.024100 0.011800 0.036700 0.024200
BohorReedb 0.023700 0.186300 0.024000 0.071700 0.011600 0.023700 0.036000 0.061700 0.036600 0.101900 0.023600 0.060800 0.048500 0.061200 0.060900 0.036100 0.086300 0.036100 0.011800 0.011800 0.048400 0.023600 0.074500 0.113000 0.023700 0.048400 0.048500 0.024000 0.036100 0.024000 0.075200 0.074600 0.060000 0.048500 0.074000 0.048400 0.023700 0.000000 0.148700 0.074700 0.087900 0.036000 0.102200 0.100800 0.048400 0.047700 0.046200 0.047800 0.023900 0.011700 0.036400 0.024000
KirksDik 0.149600 0.229600 0.151900 0.210000 0.162300 0.149600 0.164700 0.137400 0.167500 0.211100 0.149700 0.192800 0.178900 0.194200 0.193100 0.109700 0.222300 0.165000 0.137300 0.137500 0.122800 0.149700 0.180700 0.222600 0.149900 0.122700 0.178900 0.151900 0.109600 0.152000 0.181500 0.210600 0.219100 0.178900 0.207800 0.178600 0.149600 0.148700 0.000000 0.181200 0.195900 0.109400 0.212300 0.210000 0.178600 0.176800 0.109100 0.176400 0.151400 0.135800 0.166400 0.151900
RoeDeer 0.075200 0.215400 0.076500 0.102000 0.087700 0.075200 0.089200 0.090000 0.090900 0.024700 0.075200 0.116400 0.103000 0.117200 0.088500 0.089300 0.115600 0.062600 0.062700 0.062900 0.102500 0.075200 0.000100 0.036500 0.075300 0.102700 0.103000 0.076500 0.089200 0.076500 0.000200 0.132600 0.142000 0.103000 0.131300 0.102700 0.075200 0.074700 0.181200 0.000000 0.012200 0.089000 0.024700 0.024400 0.102700 0.101200 0.090500 0.101400 0.049800 0.062200 0.090400 0.076500
WhiteLippe 0.088500 0.233300 0.090100 0.088400 0.101000 0.088500 0.075600 0.076600 0.105000 0.037300 0.088200 0.130700 0.117100 0.103300 0.102000 0.102600 0.129100 0.075500 0.075900 0.076100 0.116400 0.088200 0.012100 0.048900 0.088600 0.116500 0.116600 0.090100 0.102900 0.090200 0.012300 0.118300 0.156200 0.116600 0.145800 0.116700 0.088500 0.087900 0.195900 0.012200 0.000000 0.102700 0.037400 0.036900 0.116000 0.114500 0.115700 0.115100 0.062900 0.075300 0.076900 0.090100
ThomsonGaz 0.036200 0.233700 0.036800 0.086900 0.048200 0.036200 0.049000 0.024300 0.049900 0.117100 0.036200 0.074600 0.061900 0.075100 0.074500 0.000000 0.100600 0.049100 0.024200 0.024200 0.011900 0.036200 0.088800 0.128200 0.036200 0.011800 0.061900 0.036800 0.000100 0.036800 0.089700 0.089000 0.099200 0.061900 0.088100 0.061700 0.036200 0.036000 0.109400 0.089000 0.102700 0.000000 0.117600 0.115700 0.061700 0.060800 0.000100 0.060900 0.036600 0.023900 0.049600 0.036800
MuntiacusC 0.102900 0.251100 0.104600 0.131800 0.115800 0.102900 0.117700 0.119000 0.120000 0.024900 0.103000 0.146000 0.132200 0.118500 0.116800 0.117900 0.145100 0.089900 0.090100 0.090300 0.131800 0.103000 0.024700 0.062300 0.103100 0.131800 0.132200 0.104600 0.117900 0.104600 0.024900 0.119100 0.172300 0.132200 0.161800 0.131700 0.102900 0.102200 0.212300 0.024700 0.037400 0.117600 0.000000 0.050000 0.131700 0.130100 0.130300 0.130100 0.076700 0.089300 0.119200 0.104600
WhiteTaile 0.101300 0.247300 0.102800 0.129300 0.114100 0.101300 0.115700 0.116900 0.117900 0.049800 0.101400 0.143400 0.129900 0.144700 0.088100 0.116000 0.142700 0.088500 0.088700 0.088800 0.101800 0.101400 0.024300 0.036300 0.101400 0.129700 0.129900 0.102800 0.115900 0.102900 0.024500 0.160700 0.169600 0.129900 0.158800 0.129400 0.101300 0.100800 0.210000 0.024400 0.036900 0.115700 0.050000 0.000000 0.129400 0.128100 0.128300 0.101000 0.075400 0.087800 0.117100 0.102800
Cattle 0.048700 0.250200 0.024400 0.101700 0.060700 0.048700 0.061700 0.089000 0.037300 0.131300 0.048500 0.012000 0.075100 0.088500 0.087600 0.061600 0.113900 0.061700 0.036600 0.036600 0.074600 0.048500 0.102000 0.141700 0.048700 0.074600 0.074800 0.024400 0.061800 0.024400 0.103400 0.102800 0.086200 0.074800 0.101900 0.000000 0.048700 0.048400 0.178600 0.102700 0.116000 0.061700 0.131700 0.129400 0.000000 0.073400 0.073300 0.073700 0.049300 0.036300 0.037100 0.024400
RoyalAntel 0.048000 0.217900 0.048700 0.099500 0.035100 0.048000 0.060600 0.087700 0.061900 0.129500 0.047800 0.086400 0.073800 0.087100 0.086500 0.060700 0.112300 0.060800 0.036000 0.036100 0.073700 0.047800 0.099900 0.140000 0.048000 0.073600 0.073500 0.048700 0.061000 0.048700 0.101900 0.101200 0.111200 0.073500 0.100100 0.073300 0.048000 0.047700 0.176800 0.101200 0.114500 0.060800 0.130100 0.128100 0.073400 0.000000 0.072300 0.072800 0.048500 0.035700 0.061600 0.048700
Steenbok 0.045700 0.239400 0.046500 0.087100 0.057700 0.045700 0.060100 0.031800 0.060500 0.129400 0.046600 0.086000 0.072800 0.086600 0.085900 0.000100 0.113400 0.060200 0.031800 0.032800 0.018400 0.046600 0.101300 0.141700 0.045800 0.018300 0.073500 0.046500 0.000100 0.045700 0.101400 0.101100 0.109900 0.073500 0.100100 0.073300 0.045700 0.046200 0.109100 0.090500 0.115700 0.000100 0.130300 0.128300 0.073300 0.072300 0.000000 0.071700 0.045500 0.031400 0.060100 0.046500
Impala 0.048100 0.246700 0.048800 0.099600 0.060000 0.048100 0.061000 0.087900 0.062100 0.129600 0.048100 0.086600 0.048600 0.074400 0.061000 0.061100 0.086400 0.061100 0.036100 0.036200 0.073800 0.048100 0.101100 0.113300 0.048100 0.073700 0.048600 0.048800 0.061100 0.048800 0.102100 0.088200 0.111200 0.048600 0.074100 0.073700 0.048100 0.047800 0.176400 0.101400 0.115100 0.060900 0.130100 0.101000 0.073700 0.072800 0.071700 0.000000 0.048700 0.035800 0.061800 0.048800
Klipspring 0.024100 0.188300 0.024500 0.045500 0.036100 0.024100 0.036700 0.037000 0.037400 0.076400 0.024100 0.062100 0.049400 0.062400 0.062000 0.036700 0.061600 0.012000 0.012100 0.012100 0.049300 0.024100 0.049700 0.087800 0.024100 0.049200 0.049400 0.024500 0.036700 0.024500 0.050100 0.076200 0.086700 0.049400 0.075500 0.049300 0.024100 0.023900 0.151400 0.049800 0.062900 0.036600 0.076700 0.075400 0.049300 0.048500 0.045500 0.048700 0.000000 0.012000 0.037200 0.024500
ForestMusk 0.011800 0.202100 0.012000 0.058800 0.023600 0.011800 0.024000 0.049300 0.024400 0.089000 0.011800 0.048700 0.036300 0.049000 0.048600 0.024000 0.073800 0.024000 0.000100 0.000100 0.036200 0.011800 0.062000 0.100200 0.011800 0.036200 0.036300 0.012000 0.024000 0.012000 0.062600 0.062200 0.073000 0.036300 0.061600 0.036300 0.011800 0.011700 0.135800 0.062200 0.075300 0.023900 0.089300 0.087800 0.036300 0.035700 0.031400 0.035800 0.012000 0.000000 0.024300 0.012000
Bushbuck 0.036700 0.236500 0.012200 0.050800 0.048700 0.036700 0.024500 0.050300 0.024900 0.118900 0.036700 0.049800 0.062900 0.050000 0.075300 0.049700 0.102200 0.049800 0.024500 0.024500 0.062500 0.036700 0.090100 0.130000 0.036700 0.062500 0.062900 0.012200 0.049700 0.012300 0.091000 0.063500 0.097300 0.062900 0.089600 0.037100 0.036700 0.036400 0.166400 0.090400 0.076900 0.049600 0.119200 0.117100 0.037100 0.061600 0.060100 0.061800 0.037200 0.024300 0.000000 0.012200
GreaterKud 0.024200 0.219800 0.000000 0.063800 0.036100 0.024200 0.036900 0.063200 0.012300 0.104300 0.024200 0.036900 0.049700 0.062700 0.062000 0.036900 0.088200 0.036900 0.012100 0.012100 0.049400 0.024200 0.076200 0.115500 0.024200 0.049400 0.049700 0.000000 0.036900 0.000000 0.077000 0.076500 0.083600 0.049700 0.075800 0.024400 0.024200 0.024000 0.151900 0.076500 0.090100 0.036800 0.104600 0.102800 0.024400 0.048700 0.046500 0.048800 0.024500 0.012000 0.012200 0.000000
