CODONML (in paml version 4.10.7, June 2023)  /home/rachel/ruminants_paml/6406-phy-tree/ENSBTAT00000002532.fasta.phy
Model: free dN/dS Ratios for branches,  kappa = 2.000 fixed

Codon frequency model: F3x4
ns =  54  ls =  50

Codon usage in sequences
--------------------------------------------------------------------------------------------------------------------------------------
Phe TTT   0   0   0   0   0   0 | Ser TCT   1   1   1   1   1   1 | Tyr TAT   0   0   0   0   0   0 | Cys TGT   0   0   0   0   0   0
    TTC   0   0   0   0   0   0 |     TCC   0   0   0   0   0   0 |     TAC   0   0   0   0   0   0 |     TGC   0   0   0   0   0   0
Leu TTA   0   1   0   0   0   0 |     TCA   1   0   1   1   1   1 | *** TAA   0   0   0   0   0   0 | *** TGA   0   0   0   0   0   0
    TTG   2   1   2   2   2   2 |     TCG   0   1   0   0   0   0 |     TAG   0   0   0   0   0   0 | Trp TGG   0   0   0   0   0   0
--------------------------------------------------------------------------------------------------------------------------------------
Leu CTT   0   0   0   0   1   0 | Pro CCT   0   0   0   0   0   0 | His CAT   1   1   1   1   1   1 | Arg CGT   4   2   4   4   3   3
    CTC   0   0   0   0   0   0 |     CCC   0   0   0   0   0   0 |     CAC   0   0   0   0   0   0 |     CGC   0   0   0   0   0   0
    CTA   0   0   0   0   0   0 |     CCA   0   0   0   0   0   0 | Gln CAA   3   2   2   2   2   2 |     CGA   0   1   0   0   0   0
    CTG   1   1   1   1   1   1 |     CCG   0   0   0   0   0   0 |     CAG   2   3   3   3   3   3 |     CGG   0   2   0   0   1   1
--------------------------------------------------------------------------------------------------------------------------------------
Ile ATT   3   3   3   3   2   3 | Thr ACT   1   1   1   1   1   1 | Asn AAT   2   1   1   0   1   1 | Ser AGT   0   0   1   1   1   1
    ATC   2   2   2   2   2   2 |     ACC   1   1   1   1   1   1 |     AAC   0   0   0   0   0   0 |     AGC   0   0   0   0   0   0
    ATA   1   1   1   1   1   1 |     ACA   0   0   0   0   1   0 | Lys AAA   0   0   1   0   0   0 | Arg AGA   2   1   2   2   2   2
Met ATG   0   0   0   0   0   0 |     ACG   0   0   0   0   0   0 |     AAG   4   4   3   4   4   4 |     AGG   0   0   0   0   0   0
--------------------------------------------------------------------------------------------------------------------------------------
Val GTT   0   0   0   0   0   0 | Ala GCT   0   0   1   1   0   1 | Asp GAT   2   2   2   3   3   2 | Gly GGT   0   1   0   0   0   0
    GTC   0   0   0   0   0   0 |     GCC   1   1   0   0   1   0 |     GAC   2   1   2   2   2   1 |     GGC   1   1   1   1   1   1
    GTA   0   0   0   0   0   0 |     GCA   2   2   2   2   1   2 | Glu GAA   6   6   6   8   5   8 |     GGA   0   0   0   0   0   0
    GTG   0   0   0   0   0   0 |     GCG   0   0   0   0   0   0 |     GAG   4   5   4   2   4   3 |     GGG   1   1   1   1   1   1
--------------------------------------------------------------------------------------------------------------------------------------

--------------------------------------------------------------------------------------------------------------------------------------
Phe TTT   0   0   0   0   0   0 | Ser TCT   1   1   1   1   1   1 | Tyr TAT   0   0   0   0   0   0 | Cys TGT   0   0   0   0   1   0
    TTC   0   0   0   0   0   0 |     TCC   0   0   0   0   0   0 |     TAC   0   0   0   0   0   0 |     TGC   0   0   0   0   0   0
Leu TTA   0   0   0   0   0   0 |     TCA   1   1   1   1   1   1 | *** TAA   0   0   0   0   0   0 | *** TGA   0   0   0   0   0   0
    TTG   2   2   2   2   2   2 |     TCG   0   0   0   0   0   0 |     TAG   0   0   0   0   0   0 | Trp TGG   0   0   0   0   0   0
--------------------------------------------------------------------------------------------------------------------------------------
Leu CTT   0   0   0   0   1   0 | Pro CCT   0   0   0   0   0   0 | His CAT   1   1   1   1   1   1 | Arg CGT   4   4   4   4   2   4
    CTC   0   0   0   0   0   0 |     CCC   0   0   0   0   0   0 |     CAC   0   0   0   0   0   0 |     CGC   0   0   0   0   0   0
    CTA   0   0   0   0   0   0 |     CCA   0   0   0   0   0   0 | Gln CAA   2   3   2   2   1   1 |     CGA   0   0   0   0   1   0
    CTG   1   1   1   1   1   1 |     CCG   0   0   0   0   0   0 |     CAG   3   2   3   3   3   4 |     CGG   0   0   0   0   0   0
--------------------------------------------------------------------------------------------------------------------------------------
Ile ATT   3   3   2   3   3   1 | Thr ACT   1   1   1   1   1   0 | Asn AAT   1   2   1   1   2   1 | Ser AGT   1   0   1   1   1   1
    ATC   2   2   3   2   1   3 |     ACC   1   1   1   1   1   2 |     AAC   0   0   0   0   0   0 |     AGC   0   0   0   0   0   0
    ATA   1   1   1   1   1   1 |     ACA   0   0   0   0   0   0 | Lys AAA   0   0   0   0   0   0 | Arg AGA   2   2   2   2   2   2
Met ATG   0   0   0   0   1   0 |     ACG   0   0   0   0   0   0 |     AAG   4   4   4   4   4   4 |     AGG   0   0   0   0   0   0
--------------------------------------------------------------------------------------------------------------------------------------
Val GTT   0   0   0   0   0   1 | Ala GCT   0   0   0   1   1   0 | Asp GAT   2   2   2   2   1   2 | Gly GGT   0   0   0   0   0   0
    GTC   0   0   0   0   0   0 |     GCC   1   1   1   0   0   1 |     GAC   2   2   2   2   2   2 |     GGC   1   1   1   1   1   1
    GTA   0   0   0   0   0   0 |     GCA   2   2   2   2   2   2 | Glu GAA   6   6   6   6   6   6 |     GGA   0   0   0   0   0   0
    GTG   0   0   0   0   0   0 |     GCG   0   0   0   0   0   0 |     GAG   4   4   4   4   4   4 |     GGG   1   1   1   1   1   1
--------------------------------------------------------------------------------------------------------------------------------------

--------------------------------------------------------------------------------------------------------------------------------------
Phe TTT   0   0   0   0   0   0 | Ser TCT   1   1   1   1   1   1 | Tyr TAT   0   0   0   0   0   0 | Cys TGT   0   0   0   0   0   0
    TTC   0   0   0   0   0   0 |     TCC   0   0   0   0   0   0 |     TAC   0   0   0   0   0   0 |     TGC   0   0   0   0   0   0
Leu TTA   0   0   0   0   0   0 |     TCA   1   1   1   1   1   1 | *** TAA   0   0   0   0   0   0 | *** TGA   0   0   0   0   0   0
    TTG   2   2   2   2   2   2 |     TCG   0   0   0   0   0   0 |     TAG   0   0   0   0   0   0 | Trp TGG   0   0   0   0   0   0
--------------------------------------------------------------------------------------------------------------------------------------
Leu CTT   0   0   0   0   0   0 | Pro CCT   0   0   0   0   0   0 | His CAT   1   1   1   1   1   1 | Arg CGT   4   4   4   4   3   4
    CTC   0   0   0   0   0   0 |     CCC   0   0   0   0   0   0 |     CAC   0   0   0   0   0   0 |     CGC   0   0   0   0   1   0
    CTA   0   0   0   0   0   0 |     CCA   0   0   0   0   0   0 | Gln CAA   2   2   2   2   2   2 |     CGA   0   0   0   0   0   0
    CTG   1   1   1   1   1   1 |     CCG   0   0   0   0   0   0 |     CAG   3   3   3   3   3   3 |     CGG   0   0   0   0   0   0
--------------------------------------------------------------------------------------------------------------------------------------
Ile ATT   3   3   3   3   3   3 | Thr ACT   1   1   1   1   1   1 | Asn AAT   1   1   1   1   1   1 | Ser AGT   1   1   1   1   1   1
    ATC   2   2   2   2   2   2 |     ACC   1   1   1   1   1   1 |     AAC   0   0   0   0   0   0 |     AGC   0   0   0   0   0   0
    ATA   1   1   1   1   1   1 |     ACA   0   0   0   0   0   0 | Lys AAA   0   0   0   0   0   0 | Arg AGA   2   2   2   2   2   2
Met ATG   0   0   0   0   0   0 |     ACG   0   0   0   0   0   0 |     AAG   4   4   4   4   4   4 |     AGG   0   0   0   0   0   0
--------------------------------------------------------------------------------------------------------------------------------------
Val GTT   0   0   0   0   0   0 | Ala GCT   0   1   0   0   0   0 | Asp GAT   2   2   2   2   2   2 | Gly GGT   0   0   0   0   0   0
    GTC   0   0   0   0   0   0 |     GCC   1   0   1   1   1   1 |     GAC   2   2   2   2   2   2 |     GGC   1   1   1   1   0   1
    GTA   0   0   0   0   0   0 |     GCA   2   2   2   2   2   2 | Glu GAA   6   6   6   6   7   6 |     GGA   0   0   0   0   0   0
    GTG   0   0   0   0   0   0 |     GCG   0   0   0   0   0   0 |     GAG   4   4   4   4   3   4 |     GGG   1   1   1   1   2   1
--------------------------------------------------------------------------------------------------------------------------------------

--------------------------------------------------------------------------------------------------------------------------------------
Phe TTT   0   0   0   0   0   0 | Ser TCT   1   1   1   1   1   1 | Tyr TAT   0   0   0   0   0   0 | Cys TGT   0   0   0   1   0   0
    TTC   0   0   0   0   0   0 |     TCC   0   0   0   0   0   0 |     TAC   0   0   0   0   0   0 |     TGC   0   0   0   0   0   0
Leu TTA   1   1   0   0   0   0 |     TCA   1   1   1   1   1   1 | *** TAA   0   0   0   0   0   0 | *** TGA   0   0   0   0   0   0
    TTG   1   1   2   2   2   2 |     TCG   0   0   0   0   0   0 |     TAG   0   0   0   0   0   0 | Trp TGG   0   0   0   0   0   0
--------------------------------------------------------------------------------------------------------------------------------------
Leu CTT   0   0   0   1   0   0 | Pro CCT   0   0   0   0   0   0 | His CAT   1   1   1   1   1   1 | Arg CGT   4   4   4   2   4   4
    CTC   0   0   0   0   0   0 |     CCC   0   0   0   0   0   0 |     CAC   0   0   0   1   0   0 |     CGC   0   0   0   0   0   0
    CTA   0   0   0   0   0   0 |     CCA   0   0   0   0   0   0 | Gln CAA   2   2   1   1   2   2 |     CGA   0   0   0   1   0   0
    CTG   1   1   1   1   1   1 |     CCG   0   0   0   0   0   0 |     CAG   3   3   4   2   3   3 |     CGG   0   0   0   0   0   0
--------------------------------------------------------------------------------------------------------------------------------------
Ile ATT   3   3   4   3   3   3 | Thr ACT   1   1   1   1   1   1 | Asn AAT   1   1   1   1   1   1 | Ser AGT   1   1   1   1   1   1
    ATC   2   2   1   2   2   2 |     ACC   1   1   1   1   1   1 |     AAC   0   0   0   0   0   0 |     AGC   0   0   0   0   0   0
    ATA   1   1   1   1   1   1 |     ACA   0   0   0   0   0   0 | Lys AAA   0   0   1   2   0   0 | Arg AGA   2   2   2   1   2   2
Met ATG   0   0   0   0   0   0 |     ACG   0   0   0   0   0   0 |     AAG   4   4   3   3   4   4 |     AGG   0   0   0   0   0   0
--------------------------------------------------------------------------------------------------------------------------------------
Val GTT   0   0   0   0   0   0 | Ala GCT   1   1   0   1   0   0 | Asp GAT   2   2   2   2   2   2 | Gly GGT   0   0   0   0   0   0
    GTC   0   0   0   0   0   0 |     GCC   0   0   1   0   1   1 |     GAC   2   2   2   2   2   2 |     GGC   1   1   1   1   1   1
    GTA   0   0   0   0   0   0 |     GCA   2   2   2   2   2   2 | Glu GAA   6   6   6   6   6   6 |     GGA   0   0   0   0   0   0
    GTG   0   0   0   0   0   0 |     GCG   0   0   0   0   0   0 |     GAG   4   4   4   4   4   4 |     GGG   1   1   1   1   1   1
--------------------------------------------------------------------------------------------------------------------------------------

--------------------------------------------------------------------------------------------------------------------------------------
Phe TTT   0   0   0   0   0   0 | Ser TCT   1   1   1   1   1   1 | Tyr TAT   0   0   0   0   0   0 | Cys TGT   0   0   0   0   0   0
    TTC   0   0   0   0   0   0 |     TCC   0   0   0   0   0   0 |     TAC   0   0   0   0   0   0 |     TGC   0   0   0   0   0   0
Leu TTA   0   0   0   0   0   0 |     TCA   1   1   1   1   1   1 | *** TAA   0   0   0   0   0   0 | *** TGA   0   0   0   0   0   0
    TTG   2   1   2   2   2   2 |     TCG   0   0   0   0   0   0 |     TAG   0   0   0   0   0   0 | Trp TGG   0   0   0   0   0   0
--------------------------------------------------------------------------------------------------------------------------------------
Leu CTT   0   0   0   0   0   0 | Pro CCT   0   0   0   0   0   0 | His CAT   1   1   1   1   1   1 | Arg CGT   4   3   4   4   4   4
    CTC   0   0   0   0   0   0 |     CCC   0   0   0   0   0   0 |     CAC   0   0   0   0   0   0 |     CGC   0   1   0   0   0   0
    CTA   0   0   0   0   0   0 |     CCA   0   0   0   0   0   0 | Gln CAA   2   2   2   2   2   2 |     CGA   0   0   0   0   0   0
    CTG   1   2   1   1   1   1 |     CCG   0   0   0   0   0   0 |     CAG   3   3   3   3   3   3 |     CGG   0   0   0   0   0   0
--------------------------------------------------------------------------------------------------------------------------------------
Ile ATT   3   3   3   3   3   3 | Thr ACT   1   1   1   1   1   1 | Asn AAT   1   1   1   1   1   1 | Ser AGT   1   1   1   1   1   1
    ATC   2   2   2   2   2   2 |     ACC   1   1   1   1   1   1 |     AAC   0   0   0   0   0   0 |     AGC   0   0   0   0   0   0
    ATA   1   1   1   1   1   1 |     ACA   0   0   0   0   0   0 | Lys AAA   0   0   0   0   0   1 | Arg AGA   2   2   2   2   2   2
Met ATG   0   0   0   0   0   0 |     ACG   0   0   0   0   0   0 |     AAG   4   4   4   4   4   3 |     AGG   0   0   0   0   0   0
--------------------------------------------------------------------------------------------------------------------------------------
Val GTT   0   0   0   0   0   0 | Ala GCT   0   1   0   1   0   1 | Asp GAT   2   2   2   2   2   2 | Gly GGT   0   0   0   0   0   0
    GTC   0   0   0   0   0   0 |     GCC   1   0   1   0   1   0 |     GAC   2   2   2   2   2   2 |     GGC   1   1   1   1   1   1
    GTA   0   0   0   0   0   0 |     GCA   2   2   2   2   2   2 | Glu GAA   6   6   6   6   6   6 |     GGA   0   0   0   0   0   0
    GTG   0   0   0   0   0   0 |     GCG   0   0   0   0   0   0 |     GAG   4   4   4   4   4   4 |     GGG   1   1   1   1   1   1
--------------------------------------------------------------------------------------------------------------------------------------

--------------------------------------------------------------------------------------------------------------------------------------
Phe TTT   0   0   0   0   0   0 | Ser TCT   1   1   1   1   1   1 | Tyr TAT   0   0   0   0   0   0 | Cys TGT   0   0   0   0   0   0
    TTC   0   0   0   0   0   0 |     TCC   0   0   0   0   0   0 |     TAC   0   0   0   0   0   0 |     TGC   0   0   0   0   0   0
Leu TTA   0   0   0   0   0   0 |     TCA   1   1   1   1   0   1 | *** TAA   0   0   0   0   0   0 | *** TGA   0   0   0   0   0   0
    TTG   2   2   2   2   2   2 |     TCG   0   0   0   0   1   0 |     TAG   0   0   0   0   0   0 | Trp TGG   0   0   0   0   0   0
--------------------------------------------------------------------------------------------------------------------------------------
Leu CTT   0   0   0   0   0   0 | Pro CCT   0   0   0   0   0   0 | His CAT   1   1   1   1   1   1 | Arg CGT   4   4   4   4   4   4
    CTC   0   0   0   0   0   0 |     CCC   0   0   0   0   0   0 |     CAC   0   0   0   0   0   0 |     CGC   0   0   0   0   0   0
    CTA   0   0   0   0   0   0 |     CCA   0   0   0   0   0   0 | Gln CAA   2   2   2   2   1   2 |     CGA   0   0   0   0   1   0
    CTG   1   1   1   1   1   1 |     CCG   0   0   0   0   0   0 |     CAG   3   3   3   3   4   3 |     CGG   0   0   0   0   0   0
--------------------------------------------------------------------------------------------------------------------------------------
Ile ATT   3   3   1   3   3   3 | Thr ACT   1   1   0   1   1   1 | Asn AAT   1   1   1   1   1   1 | Ser AGT   1   1   1   1   1   1
    ATC   2   2   3   2   2   2 |     ACC   1   1   2   1   1   1 |     AAC   0   0   0   0   0   0 |     AGC   0   0   0   0   0   0
    ATA   1   1   1   1   1   1 |     ACA   0   0   0   0   0   0 | Lys AAA   0   1   0   0   1   0 | Arg AGA   2   2   2   2   1   2
Met ATG   0   0   0   0   0   0 |     ACG   0   0   0   0   0   0 |     AAG   4   3   4   4   3   4 |     AGG   0   0   0   0   0   0
--------------------------------------------------------------------------------------------------------------------------------------
Val GTT   0   0   1   0   0   0 | Ala GCT   0   1   0   0   1   0 | Asp GAT   2   2   2   2   2   2 | Gly GGT   0   0   0   0   0   0
    GTC   0   0   0   0   0   0 |     GCC   1   0   1   1   0   1 |     GAC   2   2   2   2   2   2 |     GGC   1   1   1   1   1   1
    GTA   0   0   0   0   0   0 |     GCA   2   2   2   2   2   2 | Glu GAA   6   6   6   6   6   7 |     GGA   0   0   0   0   0   0
    GTG   0   0   0   0   0   0 |     GCG   0   0   0   0   0   0 |     GAG   4   4   4   4   4   3 |     GGG   1   1   1   1   1   1
--------------------------------------------------------------------------------------------------------------------------------------

--------------------------------------------------------------------------------------------------------------------------------------
Phe TTT   0   0   0   0   0   0 | Ser TCT   1   1   1   1   1   1 | Tyr TAT   0   0   0   0   0   0 | Cys TGT   0   0   0   0   0   0
    TTC   0   0   0   0   0   0 |     TCC   0   0   0   0   0   0 |     TAC   0   0   0   0   0   0 |     TGC   0   0   0   0   0   0
Leu TTA   0   0   0   0   0   0 |     TCA   1   1   1   1   1   1 | *** TAA   0   0   0   0   0   0 | *** TGA   0   0   0   0   0   0
    TTG   2   2   2   2   2   2 |     TCG   0   0   0   0   0   0 |     TAG   0   0   0   0   0   0 | Trp TGG   0   0   0   0   0   0
--------------------------------------------------------------------------------------------------------------------------------------
Leu CTT   0   0   0   0   0   0 | Pro CCT   0   0   0   0   0   0 | His CAT   1   1   1   1   1   1 | Arg CGT   4   4   4   4   4   4
    CTC   0   0   0   0   0   0 |     CCC   0   0   0   0   0   0 |     CAC   0   0   0   0   0   0 |     CGC   0   0   0   0   0   0
    CTA   0   0   0   0   0   1 |     CCA   0   0   0   0   0   0 | Gln CAA   2   2   2   2   2   2 |     CGA   0   0   0   0   0   0
    CTG   1   1   1   1   1   0 |     CCG   0   0   0   0   0   0 |     CAG   3   3   3   3   3   3 |     CGG   0   0   0   0   0   0
--------------------------------------------------------------------------------------------------------------------------------------
Ile ATT   3   4   3   3   3   3 | Thr ACT   1   1   1   1   1   1 | Asn AAT   1   1   1   1   1   1 | Ser AGT   1   1   1   1   1   1
    ATC   2   1   2   2   2   2 |     ACC   1   1   1   1   1   1 |     AAC   0   0   0   0   0   0 |     AGC   0   0   0   0   0   0
    ATA   1   1   1   1   1   1 |     ACA   0   0   0   0   0   0 | Lys AAA   0   0   0   0   0   0 | Arg AGA   2   2   2   2   2   2
Met ATG   0   0   0   0   0   0 |     ACG   0   0   0   0   0   0 |     AAG   4   4   4   4   4   4 |     AGG   0   0   0   0   0   0
--------------------------------------------------------------------------------------------------------------------------------------
Val GTT   0   0   0   0   0   0 | Ala GCT   0   1   0   0   0   1 | Asp GAT   2   2   2   2   2   2 | Gly GGT   0   0   0   0   0   0
    GTC   0   0   0   0   0   0 |     GCC   1   0   1   1   1   0 |     GAC   2   2   2   2   2   2 |     GGC   1   1   1   1   1   1
    GTA   0   0   0   0   0   0 |     GCA   2   2   2   2   2   2 | Glu GAA   6   6   6   6   6   6 |     GGA   0   0   0   0   0   0
    GTG   0   0   0   0   0   0 |     GCG   0   0   0   0   0   0 |     GAG   4   4   4   4   4   4 |     GGG   1   1   1   1   1   1
--------------------------------------------------------------------------------------------------------------------------------------

--------------------------------------------------------------------------------------------------------------------------------------
Phe TTT   0   0   0   0   0   0 | Ser TCT   1   1   1   1   1   1 | Tyr TAT   0   0   0   0   0   0 | Cys TGT   0   0   0   0   0   0
    TTC   0   0   0   0   0   0 |     TCC   0   0   0   0   0   0 |     TAC   0   0   0   0   0   0 |     TGC   0   0   0   0   0   0
Leu TTA   0   0   0   0   0   0 |     TCA   1   1   1   1   1   1 | *** TAA   0   0   0   0   0   0 | *** TGA   0   0   0   0   0   0
    TTG   2   2   2   2   2   2 |     TCG   0   0   0   0   0   0 |     TAG   0   0   0   0   0   0 | Trp TGG   0   0   0   0   0   0
--------------------------------------------------------------------------------------------------------------------------------------
Leu CTT   0   0   0   0   0   0 | Pro CCT   0   0   0   0   0   0 | His CAT   1   1   1   1   1   1 | Arg CGT   4   4   4   3   4   4
    CTC   0   0   0   0   0   0 |     CCC   0   0   0   0   0   0 |     CAC   0   0   0   0   0   0 |     CGC   0   0   0   1   0   0
    CTA   0   0   0   0   0   0 |     CCA   0   0   0   0   0   0 | Gln CAA   2   2   1   2   2   2 |     CGA   0   0   0   0   0   0
    CTG   1   1   1   1   1   1 |     CCG   0   0   0   0   0   0 |     CAG   3   3   4   3   3   3 |     CGG   0   0   0   0   0   0
--------------------------------------------------------------------------------------------------------------------------------------
Ile ATT   3   3   1   3   4   3 | Thr ACT   1   1   0   1   1   1 | Asn AAT   1   1   1   1   1   1 | Ser AGT   1   1   1   1   1   1
    ATC   2   2   3   2   1   2 |     ACC   1   1   2   1   1   1 |     AAC   0   0   0   0   0   0 |     AGC   0   0   0   0   0   0
    ATA   1   1   1   1   1   1 |     ACA   0   0   0   0   0   0 | Lys AAA   0   0   0   0   0   0 | Arg AGA   2   2   2   2   2   2
Met ATG   0   0   0   0   0   0 |     ACG   0   0   0   0   0   0 |     AAG   4   4   4   4   4   4 |     AGG   0   0   0   0   0   0
--------------------------------------------------------------------------------------------------------------------------------------
Val GTT   0   0   1   0   0   0 | Ala GCT   0   1   0   1   1   0 | Asp GAT   2   2   2   2   2   2 | Gly GGT   0   0   0   0   0   0
    GTC   0   0   0   0   0   0 |     GCC   1   0   1   0   0   1 |     GAC   2   2   2   2   2   2 |     GGC   1   1   1   1   1   1
    GTA   0   0   0   0   0   0 |     GCA   2   2   2   2   2   2 | Glu GAA   6   6   6   6   6   6 |     GGA   0   0   0   0   0   0
    GTG   0   0   0   0   0   0 |     GCG   0   0   0   0   0   0 |     GAG   4   4   4   4   4   4 |     GGG   1   1   1   1   1   1
--------------------------------------------------------------------------------------------------------------------------------------

--------------------------------------------------------------------------------------------------------------------------------------
Phe TTT   0   0   0   0   0   0 | Ser TCT   1   1   1   1   1   1 | Tyr TAT   0   0   0   0   0   0 | Cys TGT   0   0   0   0   0   0
    TTC   0   0   0   0   0   0 |     TCC   0   0   0   0   0   0 |     TAC   0   0   0   0   0   0 |     TGC   0   0   0   0   0   0
Leu TTA   0   0   0   0   0   0 |     TCA   1   1   1   1   1   1 | *** TAA   0   0   0   0   0   0 | *** TGA   0   0   0   0   0   0
    TTG   2   2   1   2   2   2 |     TCG   0   0   0   0   0   0 |     TAG   0   0   0   0   0   0 | Trp TGG   0   0   0   0   0   0
--------------------------------------------------------------------------------------------------------------------------------------
Leu CTT   0   0   0   0   0   0 | Pro CCT   0   0   0   0   0   0 | His CAT   1   1   1   1   1   1 | Arg CGT   4   4   4   4   4   4
    CTC   0   0   0   0   0   0 |     CCC   0   0   0   0   0   0 |     CAC   0   0   0   0   0   0 |     CGC   0   0   0   0   0   0
    CTA   0   0   0   0   0   0 |     CCA   0   0   0   0   0   0 | Gln CAA   2   2   2   2   2   2 |     CGA   0   0   0   0   0   0
    CTG   1   1   2   1   1   1 |     CCG   0   0   0   0   0   0 |     CAG   3   3   3   3   3   3 |     CGG   0   0   0   0   0   0
--------------------------------------------------------------------------------------------------------------------------------------
Ile ATT   3   3   3   3   3   3 | Thr ACT   1   1   1   1   1   1 | Asn AAT   1   1   1   1   1   1 | Ser AGT   1   1   1   1   1   1
    ATC   2   2   2   2   2   2 |     ACC   1   1   1   1   1   1 |     AAC   0   0   0   0   0   0 |     AGC   0   0   0   0   0   0
    ATA   1   1   1   1   1   1 |     ACA   0   0   0   0   0   0 | Lys AAA   0   0   1   0   1   1 | Arg AGA   2   2   2   2   2   2
Met ATG   0   0   0   0   0   0 |     ACG   0   0   0   0   0   0 |     AAG   4   4   3   4   3   3 |     AGG   0   0   0   0   0   0
--------------------------------------------------------------------------------------------------------------------------------------
Val GTT   0   0   0   0   0   0 | Ala GCT   0   0   0   1   1   1 | Asp GAT   2   2   2   2   2   2 | Gly GGT   0   0   0   0   0   0
    GTC   0   0   0   0   0   0 |     GCC   1   1   1   0   0   0 |     GAC   2   2   2   2   2   2 |     GGC   1   1   1   1   1   1
    GTA   0   0   0   0   0   0 |     GCA   2   2   2   2   2   2 | Glu GAA   6   6   7   8   6   6 |     GGA   0   0   0   0   0   0
    GTG   0   0   0   0   0   0 |     GCG   0   0   0   0   0   0 |     GAG   4   4   3   2   4   4 |     GGG   1   1   1   1   1   1
--------------------------------------------------------------------------------------------------------------------------------------

Codon position x base (3x4) table for each sequence.

#1: Argali         
position  1:    T:0.08000    C:0.22000    A:0.32000    G:0.38000
position  2:    T:0.18000    C:0.14000    A:0.52000    G:0.16000
position  3:    T:0.28000    C:0.14000    A:0.30000    G:0.28000
Average         T:0.18000    C:0.16667    A:0.38000    G:0.27333

#2: LesserMouseDeer
position  1:    T:0.08000    C:0.24000    A:0.28000    G:0.40000
position  2:    T:0.18000    C:0.14000    A:0.50000    G:0.18000
position  3:    T:0.24000    C:0.12000    A:0.28000    G:0.36000
Average         T:0.16667    C:0.16667    A:0.35333    G:0.31333

#3: LesserKudu     
position  1:    T:0.08000    C:0.22000    A:0.32000    G:0.38000
position  2:    T:0.18000    C:0.14000    A:0.50000    G:0.18000
position  3:    T:0.30000    C:0.12000    A:0.30000    G:0.28000
Average         T:0.18667    C:0.16000    A:0.37333    G:0.28000

#4: ForestMuskDeer2
position  1:    T:0.08000    C:0.22000    A:0.30000    G:0.40000
position  2:    T:0.18000    C:0.14000    A:0.50000    G:0.18000
position  3:    T:0.30000    C:0.12000    A:0.32000    G:0.26000
Average         T:0.18667    C:0.16000    A:0.37333    G:0.28000

#5: Camel          
position  1:    T:0.08000    C:0.24000    A:0.32000    G:0.36000
position  2:    T:0.18000    C:0.14000    A:0.50000    G:0.18000
position  3:    T:0.28000    C:0.14000    A:0.26000    G:0.32000
Average         T:0.18000    C:0.17333    A:0.36000    G:0.28667

#6: KillerWhale    
position  1:    T:0.08000    C:0.22000    A:0.32000    G:0.38000
position  2:    T:0.18000    C:0.14000    A:0.50000    G:0.18000
position  3:    T:0.28000    C:0.10000    A:0.32000    G:0.30000
Average         T:0.18000    C:0.15333    A:0.38000    G:0.28667

#7: DefassaWaterbuck
position  1:    T:0.08000    C:0.22000    A:0.32000    G:0.38000
position  2:    T:0.18000    C:0.14000    A:0.50000    G:0.18000
position  3:    T:0.28000    C:0.14000    A:0.28000    G:0.30000
Average         T:0.18000    C:0.16667    A:0.36667    G:0.28667

#8: Sheep          
position  1:    T:0.08000    C:0.22000    A:0.32000    G:0.38000
position  2:    T:0.18000    C:0.14000    A:0.52000    G:0.16000
position  3:    T:0.28000    C:0.14000    A:0.30000    G:0.28000
Average         T:0.18000    C:0.16667    A:0.38000    G:0.27333

#9: MaxwellsDuiker 
position  1:    T:0.08000    C:0.22000    A:0.32000    G:0.38000
position  2:    T:0.18000    C:0.14000    A:0.50000    G:0.18000
position  3:    T:0.26000    C:0.16000    A:0.28000    G:0.30000
Average         T:0.17333    C:0.17333    A:0.36667    G:0.28667

#10: GazellaPrzewalskyi
position  1:    T:0.08000    C:0.22000    A:0.32000    G:0.38000
position  2:    T:0.18000    C:0.14000    A:0.50000    G:0.18000
position  3:    T:0.30000    C:0.12000    A:0.28000    G:0.30000
Average         T:0.18667    C:0.16000    A:0.36667    G:0.28667

#11: MountainNyala  
position  1:    T:0.10000    C:0.20000    A:0.34000    G:0.36000
position  2:    T:0.20000    C:0.14000    A:0.48000    G:0.18000
position  3:    T:0.30000    C:0.10000    A:0.28000    G:0.32000
Average         T:0.20000    C:0.14667    A:0.36667    G:0.28667

#12: MuntiacusMuntjak
position  1:    T:0.08000    C:0.22000    A:0.30000    G:0.40000
position  2:    T:0.18000    C:0.14000    A:0.50000    G:0.18000
position  3:    T:0.24000    C:0.18000    A:0.26000    G:0.32000
Average         T:0.16667    C:0.18000    A:0.35333    G:0.30000

#13: goat           
position  1:    T:0.08000    C:0.22000    A:0.32000    G:0.38000
position  2:    T:0.18000    C:0.14000    A:0.50000    G:0.18000
position  3:    T:0.28000    C:0.14000    A:0.28000    G:0.30000
Average         T:0.18000    C:0.16667    A:0.36667    G:0.28667

#14: AfricanBuffalo 
position  1:    T:0.08000    C:0.22000    A:0.32000    G:0.38000
position  2:    T:0.18000    C:0.14000    A:0.50000    G:0.18000
position  3:    T:0.30000    C:0.12000    A:0.28000    G:0.30000
Average         T:0.18667    C:0.16000    A:0.36667    G:0.28667

#15: Topi           
position  1:    T:0.08000    C:0.22000    A:0.32000    G:0.38000
position  2:    T:0.18000    C:0.14000    A:0.50000    G:0.18000
position  3:    T:0.28000    C:0.14000    A:0.28000    G:0.30000
Average         T:0.18000    C:0.16667    A:0.36667    G:0.28667

#16: CommonDuiker   
position  1:    T:0.08000    C:0.22000    A:0.32000    G:0.38000
position  2:    T:0.18000    C:0.14000    A:0.50000    G:0.18000
position  3:    T:0.28000    C:0.14000    A:0.28000    G:0.30000
Average         T:0.18000    C:0.16667    A:0.36667    G:0.28667

#17: Suni           
position  1:    T:0.08000    C:0.22000    A:0.32000    G:0.38000
position  2:    T:0.18000    C:0.14000    A:0.50000    G:0.18000
position  3:    T:0.26000    C:0.14000    A:0.30000    G:0.30000
Average         T:0.17333    C:0.16667    A:0.37333    G:0.28667

#18: Springbuck     
position  1:    T:0.08000    C:0.22000    A:0.32000    G:0.38000
position  2:    T:0.18000    C:0.14000    A:0.50000    G:0.18000
position  3:    T:0.28000    C:0.14000    A:0.28000    G:0.30000
Average         T:0.18000    C:0.16667    A:0.36667    G:0.28667

#19: Okapi          
position  1:    T:0.08000    C:0.22000    A:0.32000    G:0.38000
position  2:    T:0.18000    C:0.14000    A:0.50000    G:0.18000
position  3:    T:0.30000    C:0.12000    A:0.30000    G:0.28000
Average         T:0.18667    C:0.16000    A:0.37333    G:0.28000

#20: Giraffe        
position  1:    T:0.08000    C:0.22000    A:0.32000    G:0.38000
position  2:    T:0.18000    C:0.14000    A:0.50000    G:0.18000
position  3:    T:0.30000    C:0.12000    A:0.30000    G:0.28000
Average         T:0.18667    C:0.16000    A:0.37333    G:0.28000

#21: TibetanAntelope
position  1:    T:0.08000    C:0.22000    A:0.32000    G:0.38000
position  2:    T:0.18000    C:0.14000    A:0.50000    G:0.18000
position  3:    T:0.30000    C:0.12000    A:0.28000    G:0.30000
Average         T:0.18667    C:0.16000    A:0.36667    G:0.28667

#22: Sitatunga      
position  1:    T:0.10000    C:0.20000    A:0.32000    G:0.38000
position  2:    T:0.20000    C:0.14000    A:0.50000    G:0.16000
position  3:    T:0.30000    C:0.14000    A:0.30000    G:0.26000
Average         T:0.20000    C:0.16000    A:0.37333    G:0.26667

#23: Oribi          
position  1:    T:0.08000    C:0.22000    A:0.32000    G:0.38000
position  2:    T:0.18000    C:0.14000    A:0.50000    G:0.18000
position  3:    T:0.28000    C:0.14000    A:0.28000    G:0.30000
Average         T:0.18000    C:0.16667    A:0.36667    G:0.28667

#24: BarbarySheep   
position  1:    T:0.08000    C:0.22000    A:0.32000    G:0.38000
position  2:    T:0.18000    C:0.14000    A:0.50000    G:0.18000
position  3:    T:0.28000    C:0.14000    A:0.28000    G:0.30000
Average         T:0.18000    C:0.16667    A:0.36667    G:0.28667

#25: Daviddeer      
position  1:    T:0.08000    C:0.22000    A:0.32000    G:0.38000
position  2:    T:0.18000    C:0.14000    A:0.50000    G:0.18000
position  3:    T:0.28000    C:0.14000    A:0.28000    G:0.30000
Average         T:0.18000    C:0.16667    A:0.36667    G:0.28667

#26: Reindeer       
position  1:    T:0.06000    C:0.24000    A:0.32000    G:0.38000
position  2:    T:0.18000    C:0.14000    A:0.50000    G:0.18000
position  3:    T:0.28000    C:0.14000    A:0.28000    G:0.30000
Average         T:0.17333    C:0.17333    A:0.36667    G:0.28667

#27: Ibex           
position  1:    T:0.08000    C:0.22000    A:0.32000    G:0.38000
position  2:    T:0.18000    C:0.14000    A:0.50000    G:0.18000
position  3:    T:0.28000    C:0.14000    A:0.28000    G:0.30000
Average         T:0.18000    C:0.16667    A:0.36667    G:0.28667

#28: GyrantGazelle  
position  1:    T:0.08000    C:0.22000    A:0.32000    G:0.38000
position  2:    T:0.18000    C:0.14000    A:0.50000    G:0.18000
position  3:    T:0.30000    C:0.12000    A:0.28000    G:0.30000
Average         T:0.18667    C:0.16000    A:0.36667    G:0.28667

#29: Hartebeest     
position  1:    T:0.08000    C:0.22000    A:0.32000    G:0.38000
position  2:    T:0.18000    C:0.14000    A:0.50000    G:0.18000
position  3:    T:0.28000    C:0.14000    A:0.28000    G:0.30000
Average         T:0.18000    C:0.16667    A:0.36667    G:0.28667

#30: Bongo          
position  1:    T:0.08000    C:0.22000    A:0.32000    G:0.38000
position  2:    T:0.18000    C:0.14000    A:0.50000    G:0.18000
position  3:    T:0.30000    C:0.12000    A:0.30000    G:0.28000
Average         T:0.18667    C:0.16000    A:0.37333    G:0.28000

#31: Gerenuk        
position  1:    T:0.08000    C:0.22000    A:0.32000    G:0.38000
position  2:    T:0.18000    C:0.14000    A:0.50000    G:0.18000
position  3:    T:0.28000    C:0.14000    A:0.28000    G:0.30000
Average         T:0.18000    C:0.16667    A:0.36667    G:0.28667

#32: CommonEland    
position  1:    T:0.08000    C:0.22000    A:0.32000    G:0.38000
position  2:    T:0.18000    C:0.14000    A:0.50000    G:0.18000
position  3:    T:0.30000    C:0.12000    A:0.30000    G:0.28000
Average         T:0.18667    C:0.16000    A:0.37333    G:0.28000

#33: MuntiacusReevesi
position  1:    T:0.08000    C:0.22000    A:0.30000    G:0.40000
position  2:    T:0.18000    C:0.14000    A:0.50000    G:0.18000
position  3:    T:0.24000    C:0.18000    A:0.28000    G:0.30000
Average         T:0.16667    C:0.18000    A:0.36000    G:0.29333

#34: HarveysDuiker  
position  1:    T:0.08000    C:0.22000    A:0.32000    G:0.38000
position  2:    T:0.18000    C:0.14000    A:0.50000    G:0.18000
position  3:    T:0.28000    C:0.14000    A:0.28000    G:0.30000
Average         T:0.18000    C:0.16667    A:0.36667    G:0.28667

#35: Pronghorn      
position  1:    T:0.08000    C:0.24000    A:0.30000    G:0.38000
position  2:    T:0.18000    C:0.14000    A:0.50000    G:0.18000
position  3:    T:0.30000    C:0.12000    A:0.26000    G:0.32000
Average         T:0.18667    C:0.16667    A:0.35333    G:0.29333

#36: BlueWildebeest 
position  1:    T:0.08000    C:0.22000    A:0.32000    G:0.38000
position  2:    T:0.18000    C:0.14000    A:0.50000    G:0.18000
position  3:    T:0.28000    C:0.14000    A:0.30000    G:0.28000
Average         T:0.18000    C:0.16667    A:0.37333    G:0.28000

#37: Gemsbok        
position  1:    T:0.08000    C:0.22000    A:0.32000    G:0.38000
position  2:    T:0.18000    C:0.14000    A:0.50000    G:0.18000
position  3:    T:0.28000    C:0.14000    A:0.28000    G:0.30000
Average         T:0.18000    C:0.16667    A:0.36667    G:0.28667

#38: Yak            
position  1:    T:0.08000    C:0.22000    A:0.32000    G:0.38000
position  2:    T:0.18000    C:0.14000    A:0.50000    G:0.18000
position  3:    T:0.32000    C:0.10000    A:0.28000    G:0.30000
Average         T:0.19333    C:0.15333    A:0.36667    G:0.28667

#39: BlueSheep      
position  1:    T:0.08000    C:0.22000    A:0.32000    G:0.38000
position  2:    T:0.18000    C:0.14000    A:0.50000    G:0.18000
position  3:    T:0.28000    C:0.14000    A:0.28000    G:0.30000
Average         T:0.18000    C:0.16667    A:0.36667    G:0.28667

#40: BohorReedbuck  
position  1:    T:0.08000    C:0.22000    A:0.32000    G:0.38000
position  2:    T:0.18000    C:0.14000    A:0.50000    G:0.18000
position  3:    T:0.28000    C:0.14000    A:0.28000    G:0.30000
Average         T:0.18000    C:0.16667    A:0.36667    G:0.28667

#41: KirksDik       
position  1:    T:0.08000    C:0.22000    A:0.32000    G:0.38000
position  2:    T:0.18000    C:0.14000    A:0.50000    G:0.18000
position  3:    T:0.28000    C:0.14000    A:0.28000    G:0.30000
Average         T:0.18000    C:0.16667    A:0.36667    G:0.28667

#42: RoeDeer        
position  1:    T:0.08000    C:0.22000    A:0.32000    G:0.38000
position  2:    T:0.18000    C:0.14000    A:0.50000    G:0.18000
position  3:    T:0.30000    C:0.12000    A:0.30000    G:0.28000
Average         T:0.18667    C:0.16000    A:0.37333    G:0.28000

#43: WhiteLippedDeer
position  1:    T:0.08000    C:0.22000    A:0.32000    G:0.38000
position  2:    T:0.18000    C:0.14000    A:0.50000    G:0.18000
position  3:    T:0.28000    C:0.14000    A:0.28000    G:0.30000
Average         T:0.18000    C:0.16667    A:0.36667    G:0.28667

#44: ThomsonGazelle 
position  1:    T:0.08000    C:0.22000    A:0.32000    G:0.38000
position  2:    T:0.18000    C:0.14000    A:0.50000    G:0.18000
position  3:    T:0.30000    C:0.12000    A:0.28000    G:0.30000
Average         T:0.18667    C:0.16000    A:0.36667    G:0.28667

#45: MuntiacusCrinifrons
position  1:    T:0.08000    C:0.22000    A:0.30000    G:0.40000
position  2:    T:0.18000    C:0.14000    A:0.50000    G:0.18000
position  3:    T:0.24000    C:0.18000    A:0.26000    G:0.32000
Average         T:0.16667    C:0.18000    A:0.35333    G:0.30000

#46: WhiteTailedDeer
position  1:    T:0.08000    C:0.22000    A:0.32000    G:0.38000
position  2:    T:0.18000    C:0.14000    A:0.50000    G:0.18000
position  3:    T:0.28000    C:0.14000    A:0.28000    G:0.30000
Average         T:0.18000    C:0.16667    A:0.36667    G:0.28667

#47: Cattle         
position  1:    T:0.08000    C:0.22000    A:0.32000    G:0.38000
position  2:    T:0.18000    C:0.14000    A:0.50000    G:0.18000
position  3:    T:0.32000    C:0.10000    A:0.28000    G:0.30000
Average         T:0.19333    C:0.15333    A:0.36667    G:0.28667

#48: RoyalAntelope  
position  1:    T:0.08000    C:0.22000    A:0.32000    G:0.38000
position  2:    T:0.18000    C:0.14000    A:0.50000    G:0.18000
position  3:    T:0.28000    C:0.14000    A:0.28000    G:0.30000
Average         T:0.18000    C:0.16667    A:0.36667    G:0.28667

#49: Steenbok       
position  1:    T:0.08000    C:0.22000    A:0.32000    G:0.38000
position  2:    T:0.18000    C:0.14000    A:0.50000    G:0.18000
position  3:    T:0.28000    C:0.14000    A:0.28000    G:0.30000
Average         T:0.18000    C:0.16667    A:0.36667    G:0.28667

#50: Impala         
position  1:    T:0.08000    C:0.22000    A:0.32000    G:0.38000
position  2:    T:0.18000    C:0.14000    A:0.50000    G:0.18000
position  3:    T:0.28000    C:0.14000    A:0.28000    G:0.30000
Average         T:0.18000    C:0.16667    A:0.36667    G:0.28667

#51: Klipspringer   
position  1:    T:0.06000    C:0.24000    A:0.32000    G:0.38000
position  2:    T:0.18000    C:0.14000    A:0.50000    G:0.18000
