1
52 1
Argali 0.000000 0.236600 0.103500 0.252700 0.057700 0.025000 0.070300 0.057800 0.111000 0.098600 0.025000 0.104300 0.063900 0.056900 0.057300 0.070400 0.070900 0.078700 0.044400 0.103900 0.070900 0.018700 0.091200 0.088800 0.018700 0.057600 0.084600 0.118400 0.064200 0.096400 0.106800 0.063400 0.086600 0.064200 0.064700 0.090100 0.018600 0.077600 0.076800 0.082500 0.085200 0.064500 0.099000 0.082000 0.097400 0.037700 0.063800 0.071000 0.071200 0.090900 0.096800 0.111700
LesserMous 0.236600 0.000000 0.284800 0.285600 0.226500 0.218500 0.226400 0.262900 0.277900 0.243800 0.235100 0.287600 0.235300 0.193700 0.210100 0.281200 0.211800 0.222300 0.261300 0.287900 0.245800 0.227100 0.234600 0.252800 0.227200 0.245000 0.251600 0.267000 0.254400 0.276100 0.254900 0.217100 0.258800 0.234200 0.244700 0.269300 0.226300 0.244100 0.251900 0.239000 0.245600 0.271600 0.244500 0.245000 0.277900 0.218900 0.267500 0.228400 0.228500 0.239600 0.278100 0.287900
LesserKudu 0.103500 0.284800 0.000000 0.267800 0.095900 0.102800 0.123400 0.098600 0.018800 0.122700 0.102800 0.077700 0.102400 0.108800 0.095600 0.117500 0.113900 0.092800 0.103200 0.038000 0.110000 0.096000 0.129400 0.122300 0.096000 0.103000 0.122400 0.025100 0.109900 0.006200 0.131400 0.115700 0.125500 0.102800 0.117400 0.084400 0.095600 0.099700 0.108500 0.099600 0.123100 0.096500 0.122900 0.114300 0.077700 0.102400 0.097600 0.109900 0.110900 0.098600 0.018800 0.025300
KillerWhal 0.252700 0.285600 0.267800 0.000000 0.241900 0.243000 0.259300 0.270400 0.260400 0.253000 0.251700 0.279100 0.276600 0.241000 0.268300 0.288500 0.252600 0.247300 0.287700 0.276800 0.279300 0.250100 0.259800 0.225900 0.252000 0.287100 0.305900 0.269800 0.287600 0.259400 0.264700 0.257400 0.283800 0.277800 0.277600 0.278500 0.250900 0.242500 0.304600 0.209600 0.253900 0.279300 0.253900 0.234500 0.270100 0.225900 0.280000 0.267400 0.262500 0.232200 0.261100 0.270600
DefassaWat 0.057700 0.226500 0.095900 0.241900 0.000000 0.044200 0.057200 0.051200 0.103600 0.119000 0.044300 0.082900 0.037800 0.057100 0.037800 0.071200 0.083200 0.091200 0.050900 0.111200 0.064200 0.037900 0.125600 0.128800 0.037900 0.051000 0.057700 0.110900 0.051100 0.089100 0.127700 0.050400 0.107600 0.038000 0.058000 0.068900 0.037700 0.018600 0.069300 0.101200 0.119600 0.057900 0.119500 0.106900 0.075800 0.044300 0.051400 0.051100 0.064600 0.103100 0.089700 0.104400
Sheep 0.025000 0.218500 0.102800 0.243000 0.044200 0.000000 0.056600 0.057300 0.110200 0.104900 0.012300 0.089500 0.050300 0.056500 0.043800 0.083900 0.070300 0.078100 0.031200 0.103400 0.070200 0.006100 0.111300 0.109400 0.006100 0.057000 0.070400 0.117500 0.063600 0.095800 0.113300 0.049900 0.099700 0.050500 0.064000 0.075600 0.006100 0.063600 0.076300 0.082000 0.105400 0.063900 0.105400 0.088400 0.082700 0.024800 0.063400 0.057100 0.070700 0.090100 0.096100 0.110800
MaxwellsDu 0.070300 0.226400 0.123400 0.259300 0.057200 0.056600 0.000000 0.077100 0.131500 0.131800 0.043800 0.110200 0.056800 0.024600 0.063200 0.090700 0.095600 0.098700 0.076700 0.124500 0.090300 0.050300 0.123600 0.136600 0.050300 0.076800 0.063700 0.138900 0.070200 0.116600 0.140800 0.018300 0.121000 0.057000 0.070700 0.096000 0.050100 0.076900 0.082400 0.115600 0.132400 0.084000 0.132300 0.114900 0.103200 0.056700 0.077500 0.076900 0.077200 0.110500 0.117000 0.132200
GazellaPrz 0.057800 0.262900 0.098600 0.270400 0.051200 0.057300 0.077100 0.000000 0.113500 0.127700 0.057500 0.071400 0.057300 0.076900 0.050800 0.050500 0.091800 0.099800 0.050500 0.113900 0.037600 0.050900 0.119900 0.120400 0.050900 0.024800 0.077800 0.120600 0.031200 0.098800 0.136500 0.070100 0.093500 0.057600 0.071600 0.057900 0.050700 0.070900 0.049400 0.098400 0.114000 0.031300 0.128200 0.113300 0.064600 0.044300 0.043800 0.064300 0.071300 0.104800 0.099400 0.114300
MountainNy 0.111000 0.277900 0.018800 0.260400 0.103600 0.110200 0.131500 0.113500 0.000000 0.122500 0.110300 0.085100 0.110100 0.116700 0.103000 0.132800 0.121200 0.100500 0.117800 0.031600 0.125100 0.103300 0.129200 0.122100 0.103400 0.118000 0.130400 0.018700 0.125000 0.012500 0.131300 0.123600 0.133800 0.110600 0.125500 0.091900 0.103000 0.107500 0.123400 0.099400 0.122900 0.111300 0.122700 0.114000 0.085100 0.110000 0.106900 0.117800 0.118800 0.099400 0.025300 0.031900
MuntiacusM 0.098600 0.243800 0.122700 0.253000 0.119000 0.104900 0.131800 0.127700 0.122500 0.000000 0.105300 0.139100 0.119100 0.111400 0.112100 0.149100 0.071200 0.078900 0.126900 0.136200 0.141500 0.096300 0.044300 0.044000 0.098300 0.126800 0.139300 0.122100 0.134200 0.115000 0.006300 0.118200 0.137100 0.117300 0.134900 0.139000 0.097900 0.133800 0.133200 0.036800 0.038200 0.134700 0.000000 0.050500 0.132000 0.105000 0.134200 0.127000 0.113400 0.111700 0.115200 0.123400
goat 0.025000 0.235100 0.102800 0.251700 0.044300 0.012300 0.043800 0.057500 0.110300 0.105300 0.000000 0.089700 0.050500 0.043700 0.044000 0.084200 0.070600 0.078300 0.031300 0.103400 0.070400 0.006200 0.111600 0.114500 0.006200 0.057200 0.070600 0.117600 0.063800 0.095800 0.113600 0.037200 0.100100 0.050700 0.064300 0.075800 0.006100 0.063800 0.076400 0.093500 0.105700 0.064100 0.105700 0.093200 0.082600 0.024800 0.063500 0.057300 0.070900 0.090400 0.096400 0.111200
AfricanBuf 0.104300 0.287600 0.077700 0.279100 0.082900 0.089500 0.110200 0.071400 0.085100 0.139100 0.089700 0.000000 0.089100 0.109900 0.082500 0.096600 0.114800 0.100600 0.096900 0.091800 0.096500 0.082700 0.146500 0.142600 0.082700 0.082500 0.108500 0.091900 0.089300 0.071100 0.148300 0.102600 0.134300 0.089400 0.118700 0.031400 0.082400 0.101100 0.095100 0.110200 0.140400 0.089900 0.139500 0.134000 0.025100 0.082400 0.092900 0.096400 0.097300 0.105900 0.078300 0.092700
Topi 0.063900 0.235300 0.102400 0.276600 0.037800 0.050300 0.056800 0.057300 0.110100 0.119100 0.050500 0.089100 0.000000 0.056600 0.043900 0.070600 0.083900 0.091900 0.057000 0.117500 0.070300 0.044000 0.125500 0.123700 0.044000 0.057100 0.018700 0.117200 0.050600 0.095400 0.127600 0.050000 0.114300 0.000100 0.051100 0.075100 0.043800 0.057100 0.075900 0.103200 0.119700 0.064000 0.119600 0.102300 0.082200 0.050400 0.062900 0.057200 0.070800 0.104100 0.095800 0.110500
CommonDuik 0.056900 0.193700 0.108800 0.241000 0.057100 0.056500 0.024600 0.076900 0.116700 0.111400 0.043700 0.109900 0.056600 0.000000 0.063100 0.090500 0.076700 0.084600 0.076500 0.109800 0.090100 0.050200 0.103700 0.115800 0.050200 0.076700 0.076900 0.124000 0.070100 0.102100 0.119800 0.018300 0.106500 0.056900 0.070600 0.095800 0.050000 0.076700 0.082200 0.095600 0.112000 0.083800 0.111900 0.094800 0.103000 0.056500 0.077300 0.063400 0.050500 0.096600 0.102500 0.117300
Suni 0.057300 0.210100 0.095600 0.268300 0.037800 0.043800 0.063200 0.050800 0.103000 0.112100 0.044000 0.082500 0.043900 0.063100 0.000000 0.077300 0.063800 0.071300 0.050500 0.110500 0.050500 0.037500 0.116400 0.111400 0.037600 0.037600 0.057200 0.110200 0.057200 0.088700 0.120600 0.056400 0.107100 0.044100 0.070900 0.068600 0.037400 0.050600 0.069200 0.091300 0.110600 0.057400 0.112600 0.090500 0.075600 0.044000 0.056200 0.050600 0.064000 0.097100 0.088400 0.103000
Springbuck 0.070400 0.281200 0.117500 0.288500 0.071200 0.083900 0.090700 0.050500 0.132800 0.149100 0.084200 0.096600 0.070600 0.090500 0.077300 0.000000 0.119600 0.128400 0.076800 0.140400 0.050300 0.077200 0.141000 0.141700 0.077400 0.037500 0.091500 0.140300 0.018400 0.117700 0.158400 0.083400 0.137100 0.070900 0.071700 0.082500 0.077100 0.077700 0.082800 0.141500 0.135200 0.031300 0.149800 0.134600 0.089400 0.084100 0.069800 0.091400 0.105700 0.118800 0.118400 0.133800
Okapi 0.070900 0.211800 0.113900 0.252600 0.083200 0.070300 0.095600 0.091800 0.121200 0.071200 0.070600 0.114800 0.083900 0.076700 0.063800 0.119600 0.000000 0.018800 0.084200 0.114100 0.091200 0.063900 0.091300 0.091100 0.064000 0.077500 0.104900 0.129500 0.098200 0.106300 0.078800 0.083300 0.100500 0.084300 0.098700 0.100000 0.063700 0.097700 0.096500 0.070700 0.091200 0.098600 0.071500 0.084100 0.108000 0.070500 0.097100 0.091200 0.091700 0.097800 0.106300 0.113800
Giraffe 0.078700 0.222300 0.092800 0.247300 0.091200 0.078100 0.098700 0.099800 0.100500 0.078900 0.078300 0.100600 0.091900 0.084600 0.071300 0.128400 0.018800 0.000000 0.092200 0.107800 0.091500 0.071500 0.099400 0.098900 0.071500 0.085400 0.113500 0.107600 0.106500 0.086000 0.086800 0.091200 0.101800 0.092300 0.107100 0.100400 0.071200 0.106000 0.119300 0.078200 0.099000 0.107000 0.079200 0.091700 0.093400 0.078200 0.090200 0.099500 0.099900 0.092100 0.078800 0.093900
TibetanAnt 0.044400 0.261300 0.103200 0.287700 0.050900 0.031200 0.076700 0.050500 0.117800 0.126900 0.031300 0.096900 0.057000 0.076500 0.050500 0.076800 0.084200 0.092200 0.000000 0.125600 0.063300 0.024900 0.133300 0.131700 0.025000 0.050300 0.077300 0.125300 0.056800 0.103300 0.135700 0.069700 0.121900 0.057200 0.071100 0.082800 0.024900 0.070500 0.069100 0.111000 0.127500 0.057100 0.127500 0.110100 0.090000 0.044000 0.056300 0.063900 0.077700 0.111400 0.103700 0.118600
Sitatunga 0.103900 0.287900 0.038000 0.276800 0.111200 0.103400 0.124500 0.113900 0.031600 0.136200 0.103400 0.091800 0.117500 0.109800 0.110500 0.140400 0.114100 0.107800 0.125600 0.000000 0.132900 0.096800 0.143400 0.136000 0.096500 0.125700 0.138100 0.038000 0.132800 0.031600 0.145300 0.116800 0.119000 0.118000 0.118300 0.084900 0.096200 0.115300 0.123400 0.104800 0.137000 0.119000 0.136500 0.112200 0.091800 0.096000 0.114300 0.125300 0.111400 0.113700 0.044900 0.051800
Oribi 0.070900 0.245800 0.110000 0.279300 0.064200 0.070200 0.090300 0.037600 0.125100 0.141500 0.070400 0.096500 0.070300 0.090100 0.050500 0.050300 0.091200 0.091500 0.063300 0.132900 0.000000 0.063800 0.133700 0.134000 0.063800 0.012300 0.091000 0.132500 0.031000 0.110100 0.150500 0.083100 0.114800 0.070600 0.085000 0.082400 0.063600 0.084300 0.069100 0.127500 0.127700 0.031200 0.142100 0.127100 0.089200 0.057200 0.049100 0.075300 0.091400 0.104600 0.109800 0.125800
BarbaryShe 0.018700 0.227100 0.096000 0.250100 0.037900 0.006100 0.050300 0.050900 0.103300 0.096300 0.006200 0.082700 0.044000 0.050200 0.037500 0.077200 0.063900 0.071500 0.024900 0.096800 0.063800 0.000000 0.102800 0.100600 0.000000 0.050700 0.063900 0.110600 0.057200 0.089000 0.104500 0.043600 0.093100 0.044200 0.057600 0.068800 0.000000 0.057200 0.069600 0.079700 0.096800 0.057500 0.096700 0.079400 0.075900 0.018600 0.056700 0.050700 0.064200 0.083600 0.089300 0.103900
Daviddeer 0.091200 0.234600 0.129400 0.259800 0.125600 0.111300 0.123600 0.119900 0.129200 0.044300 0.111600 0.146500 0.125500 0.103700 0.116400 0.141000 0.091300 0.099400 0.133300 0.143400 0.133700 0.102800 0.000000 0.049700 0.104600 0.119200 0.143000 0.128800 0.126400 0.121700 0.051300 0.110400 0.114900 0.123800 0.127200 0.146500 0.104200 0.137700 0.110700 0.047800 0.018800 0.126900 0.044500 0.069700 0.138600 0.111400 0.126100 0.133600 0.105500 0.118500 0.122600 0.130300
Reindeer 0.088800 0.252800 0.122300 0.225900 0.128800 0.109400 0.136600 0.120400 0.122100 0.044000 0.114500 0.142600 0.123700 0.115800 0.111400 0.141700 0.091100 0.098900 0.131700 0.136000 0.134000 0.100600 0.049700 0.000000 0.102800 0.119100 0.141100 0.138100 0.126600 0.114600 0.051200 0.122800 0.127700 0.124100 0.129600 0.142800 0.102200 0.130700 0.128000 0.031900 0.043400 0.127200 0.044100 0.031600 0.129800 0.113800 0.114400 0.131500 0.118100 0.122500 0.120000 0.127700
Ibex 0.018700 0.227200 0.096000 0.252000 0.037900 0.006100 0.050300 0.050900 0.103400 0.098300 0.006200 0.082700 0.044000 0.050200 0.037600 0.077400 0.064000 0.071500 0.025000 0.096500 0.063800 0.000000 0.104600 0.102800 0.000000 0.050700 0.064000 0.110700 0.057200 0.089000 0.106500 0.043600 0.093100 0.044200 0.057600 0.068800 0.000000 0.057200 0.069600 0.082400 0.098800 0.057500 0.098800 0.081900 0.075900 0.018600 0.056700 0.050700 0.064200 0.083700 0.089300 0.103900
GyrantGaze 0.057600 0.245000 0.103000 0.287100 0.051000 0.057000 0.076800 0.024800 0.118000 0.126800 0.057200 0.082500 0.057100 0.076700 0.037600 0.037500 0.077500 0.085400 0.050300 0.125700 0.012300 0.050700 0.119200 0.119100 0.050700 0.000000 0.077500 0.125400 0.018500 0.103100 0.135500 0.069800 0.107600 0.057400 0.071400 0.068700 0.050500 0.070800 0.055700 0.118000 0.113300 0.018400 0.127300 0.112100 0.075400 0.057200 0.042900 0.064100 0.077800 0.104300 0.103800 0.118700
Hartebeest 0.084600 0.251600 0.122400 0.305900 0.057700 0.070400 0.063700 0.077800 0.130400 0.139300 0.070600 0.108500 0.018700 0.076900 0.057200 0.091500 0.104900 0.113500 0.077300 0.138100 0.091000 0.063900 0.143000 0.141100 0.064000 0.077500 0.000000 0.136000 0.070800 0.115000 0.148500 0.070000 0.137100 0.018700 0.071500 0.094100 0.063700 0.070500 0.097100 0.120700 0.137100 0.084700 0.139900 0.119500 0.101600 0.070500 0.083700 0.077700 0.091700 0.125500 0.115300 0.130700
Bongo 0.118400 0.267000 0.025100 0.269800 0.110900 0.117500 0.138900 0.120600 0.018700 0.122100 0.117600 0.091900 0.117200 0.124000 0.110200 0.140300 0.129500 0.107600 0.125300 0.038000 0.132500 0.110600 0.128800 0.138100 0.110700 0.125400 0.136000 0.000000 0.132400 0.018700 0.130800 0.131000 0.141400 0.115700 0.132800 0.098700 0.110200 0.115100 0.131100 0.115200 0.122600 0.118700 0.122300 0.130000 0.091900 0.117300 0.113900 0.125000 0.126200 0.106200 0.031700 0.038400
Gerenuk 0.064200 0.254400 0.109900 0.287600 0.051100 0.063600 0.070200 0.031200 0.125000 0.134200 0.063800 0.089300 0.050600 0.070100 0.057200 0.018400 0.098200 0.106500 0.056800 0.132800 0.031000 0.057200 0.126400 0.126600 0.057200 0.018500 0.070800 0.132400 0.000000 0.110000 0.143100 0.063300 0.114600 0.050800 0.064700 0.075300 0.057000 0.070800 0.062100 0.126100 0.120500 0.024900 0.134800 0.119600 0.082100 0.063800 0.049200 0.070800 0.084600 0.111400 0.110700 0.125900
CommonElan 0.096400 0.276100 0.006200 0.259400 0.089100 0.095800 0.116600 0.098800 0.012500 0.115000 0.095800 0.071100 0.095400 0.102100 0.088700 0.117700 0.106300 0.086000 0.103300 0.031600 0.110100 0.089000 0.121700 0.114600 0.089000 0.103100 0.115000 0.018700 0.110000 0.000000 0.123700 0.109000 0.118200 0.095800 0.110200 0.077800 0.088700 0.092800 0.108600 0.091900 0.115300 0.096600 0.115200 0.106500 0.071100 0.095500 0.092300 0.102800 0.104100 0.091800 0.012500 0.018900
MuntiacusR 0.106800 0.254900 0.131400 0.264700 0.127700 0.113300 0.140800 0.136500 0.131300 0.006300 0.113600 0.148300 0.127600 0.119800 0.120600 0.158400 0.078800 0.086800 0.135700 0.145300 0.150500 0.104500 0.051300 0.051200 0.106500 0.135500 0.148500 0.130800 0.143100 0.123700 0.000000 0.126700 0.145900 0.125900 0.143800 0.148100 0.106100 0.142700 0.142200 0.044000 0.045200 0.143600 0.006300 0.057800 0.141000 0.113300 0.143300 0.135800 0.122000 0.120000 0.123900 0.132300
HarveysDui 0.063400 0.217100 0.115700 0.257400 0.050400 0.049900 0.018300 0.070100 0.123600 0.118200 0.037200 0.102600 0.050000 0.018300 0.056400 0.083400 0.083300 0.091200 0.069700 0.116800 0.083100 0.043600 0.110400 0.122800 0.043600 0.069800 0.070000 0.131000 0.063300 0.109000 0.126700 0.000000 0.113300 0.050200 0.063700 0.088600 0.043500 0.069800 0.075200 0.102400 0.118700 0.076800 0.118700 0.101600 0.095700 0.050000 0.070400 0.069900 0.070200 0.089600 0.109400 0.124300
Pronghorn 0.086600 0.258800 0.125500 0.283800 0.107600 0.099700 0.121000 0.093500 0.133800 0.137100 0.100100 0.134300 0.114300 0.106500 0.107100 0.137100 0.100500 0.101800 0.121900 0.119000 0.114800 0.093100 0.114900 0.127700 0.093100 0.107600 0.137100 0.141400 0.114600 0.118200 0.145900 0.113300 0.000000 0.114800 0.108900 0.119200 0.092800 0.128900 0.119600 0.106500 0.094500 0.115300 0.137600 0.120300 0.126800 0.085800 0.106000 0.117100 0.115300 0.129400 0.126600 0.125700
BlueWildeb 0.064200 0.234200 0.102800 0.277800 0.038000 0.050500 0.057000 0.057600 0.110600 0.117300 0.050700 0.089400 0.000100 0.056900 0.044100 0.070900 0.084300 0.092300 0.057200 0.118000 0.070600 0.044200 0.123800 0.124100 0.044200 0.057400 0.018700 0.115700 0.050800 0.095800 0.125900 0.050200 0.114800 0.000000 0.051300 0.075400 0.044000 0.057400 0.076100 0.103500 0.117800 0.064300 0.117700 0.102700 0.082500 0.050600 0.063000 0.057500 0.071100 0.104400 0.096200 0.111000
Gemsbok 0.064700 0.244700 0.117400 0.277600 0.058000 0.064000 0.070700 0.071600 0.125500 0.134900 0.064300 0.118700 0.051100 0.070600 0.070900 0.071700 0.098700 0.107100 0.071100 0.118300 0.085000 0.057600 0.127200 0.129600 0.057600 0.071400 0.071500 0.132800 0.064700 0.110200 0.143800 0.063700 0.108900 0.051300 0.000000 0.104100 0.057400 0.064600 0.090700 0.123200 0.117300 0.064900 0.135400 0.122500 0.111100 0.064200 0.077200 0.084900 0.099200 0.105400 0.111000 0.126200
Yak 0.090100 0.269300 0.084400 0.278500 0.068900 0.075600 0.096000 0.057900 0.091900 0.139000 0.075800 0.031400 0.075100 0.095800 0.068600 0.082500 0.100000 0.100400 0.082800 0.084900 0.082400 0.068800 0.146500 0.142800 0.068800 0.068700 0.094100 0.098700 0.075300 0.077800 0.148100 0.088600 0.119200 0.075400 0.104100 0.000000 0.068600 0.086700 0.080900 0.110500 0.140300 0.075900 0.139400 0.118500 0.006200 0.068500 0.078900 0.082300 0.083300 0.105600 0.071400 0.085600
BlueSheep 0.018600 0.226300 0.095600 0.250900 0.037700 0.006100 0.050100 0.050700 0.103000 0.097900 0.006100 0.082400 0.043800 0.050000 0.037400 0.077100 0.063700 0.071200 0.024900 0.096200 0.063600 0.000000 0.104200 0.102200 0.000000 0.050500 0.063700 0.110200 0.057000 0.088700 0.106100 0.043500 0.092800 0.044000 0.057400 0.068600 0.000000 0.057000 0.069300 0.081900 0.098300 0.057300 0.098300 0.081300 0.075600 0.018500 0.056500 0.050500 0.064000 0.083300 0.089000 0.103500
BohorReedb 0.077600 0.244100 0.099700 0.242500 0.018600 0.063600 0.076900 0.070900 0.107500 0.133800 0.063800 0.101100 0.057100 0.076700 0.050600 0.077700 0.097700 0.106000 0.070500 0.115300 0.084300 0.057200 0.137700 0.130700 0.057200 0.070800 0.070500 0.115100 0.070800 0.092800 0.142700 0.069800 0.128900 0.057400 0.064600 0.086700 0.057000 0.000000 0.089600 0.110200 0.131900 0.064400 0.134300 0.109400 0.093700 0.063700 0.071300 0.070700 0.084600 0.104100 0.093400 0.108200
KirksDik 0.076800 0.251900 0.108500 0.304600 0.069300 0.076300 0.082400 0.049400 0.123400 0.133200 0.076400 0.095100 0.075900 0.082200 0.069200 0.082800 0.096500 0.119300 0.069100 0.123400 0.069100 0.069600 0.110700 0.128000 0.069600 0.055700 0.097100 0.131100 0.062100 0.108600 0.142200 0.075200 0.119600 0.076100 0.090700 0.080900 0.069300 0.089600 0.000000 0.113700 0.119400 0.055900 0.133700 0.135800 0.087800 0.069300 0.062100 0.082800 0.076600 0.131700 0.109300 0.124400
RoeDeer 0.082500 0.239000 0.099600 0.209600 0.101200 0.082000 0.115600 0.098400 0.099400 0.036800 0.093500 0.110200 0.103200 0.095600 0.091300 0.141500 0.070700 0.078200 0.111000 0.104800 0.127500 0.079700 0.047800 0.031900 0.082400 0.118000 0.120700 0.115200 0.126100 0.091900 0.044000 0.102400 0.106500 0.103500 0.123200 0.110500 0.081900 0.110200 0.113700 0.000000 0.035900 0.126300 0.036800 0.038400 0.098200 0.078300 0.122400 0.110700 0.090200 0.105700 0.096500 0.104100
WhiteLippe 0.085200 0.245600 0.123100 0.253900 0.119600 0.105400 0.132400 0.114000 0.122900 0.038200 0.105700 0.140400 0.119700 0.112000 0.110600 0.135200 0.091200 0.099000 0.127500 0.137000 0.127700 0.096800 0.018800 0.043400 0.098800 0.113300 0.137100 0.122600 0.120500 0.115300 0.045200 0.118700 0.094500 0.117800 0.117300 0.140300 0.098300 0.131900 0.119400 0.035900 0.000000 0.121000 0.038400 0.063600 0.132500 0.105600 0.120200 0.124200 0.113900 0.112300 0.116200 0.123800
ThomsonGaz 0.064500 0.271600 0.096500 0.279300 0.057900 0.063900 0.084000 0.031300 0.111300 0.134700 0.064100 0.089900 0.064000 0.083800 0.057400 0.031300 0.098600 0.107000 0.057100 0.119000 0.031200 0.057500 0.126900 0.127200 0.057500 0.018400 0.084700 0.118700 0.024900 0.096600 0.143600 0.076800 0.115300 0.064300 0.064900 0.075900 0.057300 0.064400 0.055900 0.126300 0.121000 0.000000 0.135300 0.120200 0.082800 0.064100 0.049800 0.071100 0.085000 0.097800 0.097200 0.112000
MuntiacusC 0.099000 0.244500 0.122900 0.253900 0.119500 0.105400 0.132300 0.128200 0.122700 0.000000 0.105700 0.139500 0.119600 0.111900 0.112600 0.149800 0.071500 0.079200 0.127500 0.136500 0.142100 0.096700 0.044500 0.044100 0.098800 0.127300 0.139900 0.122300 0.134800 0.115200 0.006300 0.118700 0.137600 0.117700 0.135400 0.139400 0.098300 0.134300 0.133700 0.036800 0.038400 0.135300 0.000000 0.050600 0.132300 0.105500 0.134800 0.127600 0.113900 0.112200 0.115400 0.123600
WhiteTaile 0.082000 0.245000 0.114300 0.234500 0.106900 0.088400 0.114900 0.113300 0.114000 0.050500 0.093200 0.134000 0.102300 0.094800 0.090500 0.134600 0.084100 0.091700 0.110100 0.112200 0.127100 0.079400 0.069700 0.031600 0.081900 0.112100 0.119500 0.130000 0.119600 0.106500 0.057800 0.101600 0.120300 0.102700 0.122500 0.118500 0.081300 0.109400 0.135800 0.038400 0.063600 0.120200 0.050600 0.000000 0.121300 0.092500 0.107300 0.109800 0.096700 0.115100 0.111600 0.119300
Cattle 0.097400 0.277900 0.077700 0.270100 0.075800 0.082700 0.103200 0.064600 0.085100 0.132000 0.082600 0.025100 0.082200 0.103000 0.075600 0.089400 0.108000 0.093400 0.090000 0.091800 0.089200 0.075900 0.138600 0.129800 0.075900 0.075400 0.101600 0.091900 0.082100 0.071100 0.141000 0.095700 0.126800 0.082500 0.111100 0.006200 0.075600 0.093700 0.087800 0.098200 0.132500 0.082800 0.132300 0.121300 0.000000 0.075300 0.085800 0.089400 0.090500 0.098700 0.064700 0.078800
RoyalAntel 0.037700 0.218900 0.102400 0.225900 0.044300 0.024800 0.056700 0.044300 0.110000 0.105000 0.024800 0.082400 0.050400 0.056500 0.044000 0.084100 0.070500 0.078200 0.044000 0.096000 0.057200 0.018600 0.111400 0.113800 0.018600 0.057200 0.070500 0.117300 0.063800 0.095500 0.113300 0.050000 0.085800 0.050600 0.064200 0.068500 0.018500 0.063700 0.069300 0.078300 0.105600 0.064100 0.105500 0.092500 0.075300 0.000000 0.063200 0.057200 0.064100 0.076800 0.096100 0.110800
Steenbok 0.063800 0.267500 0.097600 0.280000 0.051400 0.063400 0.077500 0.043800 0.106900 0.134200 0.063500 0.092900 0.062900 0.077300 0.056200 0.069800 0.097100 0.090200 0.056300 0.114300 0.049100 0.056700 0.126100 0.114400 0.056700 0.042900 0.083700 0.113900 0.049200 0.092300 0.143300 0.070400 0.106000 0.063000 0.077200 0.078900 0.056500 0.071300 0.062100 0.122400 0.120200 0.049800 0.134800 0.107300 0.085800 0.063200 0.000000 0.069500 0.078500 0.117800 0.085000 0.105300
Impala 0.071000 0.228400 0.109900 0.267400 0.051100 0.057100 0.076900 0.064300 0.117800 0.127000 0.057300 0.096400 0.057200 0.063400 0.050600 0.091400 0.091200 0.099500 0.063900 0.125300 0.075300 0.050700 0.133600 0.131500 0.050700 0.064100 0.077700 0.125000 0.070800 0.102800 0.135800 0.069900 0.117100 0.057500 0.084900 0.082300 0.050500 0.070700 0.082800 0.110700 0.124200 0.071100 0.127600 0.109800 0.089400 0.057200 0.069500 0.000000 0.064400 0.111900 0.109900 0.118500
Klipspring 0.071200 0.228500 0.110900 0.262500 0.064600 0.070700 0.077200 0.071300 0.118800 0.113400 0.070900 0.097300 0.070800 0.050500 0.064000 0.105700 0.091700 0.099900 0.077700 0.111400 0.091400 0.064200 0.105500 0.118100 0.064200 0.077800 0.091700 0.126200 0.084600 0.104100 0.122000 0.070200 0.115300 0.071100 0.099200 0.083300 0.064000 0.084600 0.076600 0.090200 0.113900 0.085000 0.113900 0.096700 0.090500 0.064100 0.078500 0.064400 0.000000 0.112000 0.104500 0.119600
ForestMusk 0.090900 0.239600 0.098600 0.232200 0.103100 0.090100 0.110500 0.104800 0.099400 0.111700 0.090400 0.105900 0.104100 0.096600 0.097100 0.118800 0.097800 0.092100 0.111400 0.113700 0.104600 0.083600 0.118500 0.122500 0.083700 0.104300 0.125500 0.106200 0.111400 0.091800 0.120000 0.089600 0.129400 0.104400 0.105400 0.105600 0.083300 0.104100 0.131700 0.105700 0.112300 0.097800 0.112200 0.115100 0.098700 0.076800 0.117800 0.111900 0.112000 0.000000 0.092300 0.092800
Bushbuck 0.096800 0.278100 0.018800 0.261100 0.089700 0.096100 0.117000 0.099400 0.025300 0.115200 0.096400 0.078300 0.095800 0.102500 0.088400 0.118400 0.106300 0.078800 0.103700 0.044900 0.109800 0.089300 0.122600 0.120000 0.089300 0.103800 0.115300 0.031700 0.110700 0.012500 0.123900 0.109400 0.126600 0.096200 0.111000 0.071400 0.089000 0.093400 0.109300 0.096500 0.116200 0.097200 0.115400 0.111600 0.064700 0.096100 0.085000 0.109900 0.104500 0.092300 0.000000 0.019100
GreaterKud 0.111700 0.287900 0.025300 0.270600 0.104400 0.110800 0.132200 0.114300 0.031900 0.123400 0.111200 0.092700 0.110500 0.117300 0.103000 0.133800 0.113800 0.093900 0.118600 0.051800 0.125800 0.103900 0.130300 0.127700 0.103900 0.118700 0.130700 0.038400 0.125900 0.018900 0.132300 0.124300 0.125700 0.111000 0.126200 0.085600 0.103500 0.108200 0.124400 0.104100 0.123800 0.112000 0.123600 0.119300 0.078800 0.110800 0.105300 0.118500 0.119600 0.092800 0.019100 0.000000
