1
52 1
Argali 0.000000 0.152900 0.048600 0.273600 0.048600 0.000000 0.000300 0.065600 0.048100 0.192500 0.000100 0.031700 0.000200 0.048400 0.032000 0.066900 0.048500 0.065100 0.000100 0.048500 0.049200 0.015600 0.120700 0.084000 0.000100 0.048600 0.000300 0.065600 0.083000 0.048600 0.156800 0.048500 0.032100 0.000300 0.000100 0.049200 0.015500 0.048600 0.102200 0.201600 0.101600 0.066000 0.156400 0.102200 0.049200 0.049300 0.178000 0.032200 0.015600 0.114500 0.065200 0.031900
LesserMous 0.152900 0.000000 0.152300 0.382800 0.205700 0.152900 0.140200 0.228700 0.161100 0.290200 0.133200 0.141200 0.161400 0.204300 0.161900 0.186800 0.155900 0.141200 0.141900 0.152300 0.207400 0.175200 0.247600 0.209100 0.142500 0.205800 0.160600 0.183100 0.250700 0.152300 0.251400 0.205300 0.133100 0.160600 0.141900 0.115800 0.174600 0.205700 0.223900 0.352500 0.222400 0.184400 0.250300 0.232000 0.115800 0.162700 0.370900 0.142300 0.160100 0.217100 0.181600 0.141700
LesserKudu 0.048600 0.152300 0.000000 0.293700 0.099800 0.048600 0.047500 0.118300 0.031400 0.211000 0.048500 0.047800 0.064500 0.099300 0.082000 0.120600 0.048000 0.081600 0.048000 0.031700 0.101100 0.065900 0.101000 0.101200 0.048200 0.100000 0.064200 0.048200 0.136700 0.031700 0.175400 0.099600 0.015700 0.064200 0.048000 0.065600 0.065700 0.099800 0.176000 0.221300 0.082400 0.118900 0.175000 0.119800 0.065600 0.100900 0.195200 0.082500 0.064300 0.081700 0.047900 0.048200
KillerWhal 0.273600 0.382800 0.293700 0.000000 0.350400 0.273600 0.265500 0.382900 0.314000 0.453200 0.272500 0.290500 0.293500 0.351500 0.270700 0.362000 0.261500 0.343100 0.269100 0.343000 0.354700 0.302900 0.345400 0.318500 0.269600 0.354000 0.292300 0.347300 0.355000 0.267100 0.452200 0.318000 0.267600 0.292300 0.269100 0.297600 0.300100 0.350400 0.481800 0.403200 0.316800 0.386900 0.395200 0.294200 0.297600 0.296900 0.458200 0.322400 0.273200 0.367000 0.340400 0.291500
DefassaWat 0.048600 0.205700 0.099800 0.350400 0.000000 0.048600 0.047400 0.048000 0.098900 0.213600 0.048400 0.081300 0.064600 0.099300 0.082100 0.083600 0.064800 0.081600 0.047900 0.099800 0.065500 0.065800 0.138600 0.139100 0.048100 0.064700 0.064200 0.118300 0.099800 0.099700 0.176100 0.064500 0.082200 0.064200 0.047900 0.100600 0.031900 0.000000 0.119700 0.222400 0.157500 0.082500 0.175700 0.158900 0.100600 0.101000 0.196600 0.082500 0.064100 0.117600 0.117400 0.082000
Sheep 0.000000 0.152900 0.048600 0.273600 0.048600 0.000000 0.000300 0.065600 0.048100 0.192500 0.000100 0.031700 0.000200 0.048400 0.032000 0.066900 0.048500 0.065100 0.000100 0.048500 0.049200 0.015600 0.120700 0.084000 0.000100 0.048600 0.000300 0.065600 0.083000 0.048600 0.156800 0.048500 0.032100 0.000300 0.000100 0.049200 0.015500 0.048600 0.102200 0.201600 0.101600 0.066000 0.156400 0.102200 0.049200 0.049300 0.178000 0.032200 0.015600 0.114500 0.065200 0.031900
MaxwellsDu 0.000300 0.140200 0.047500 0.265500 0.047400 0.000300 0.000000 0.064300 0.047000 0.188100 0.000300 0.031000 0.015400 0.047200 0.031200 0.065600 0.047300 0.063500 0.000200 0.047300 0.048200 0.015700 0.117600 0.082000 0.000300 0.062800 0.015300 0.064000 0.081200 0.047500 0.153000 0.047400 0.031400 0.015300 0.000200 0.047900 0.015600 0.047400 0.100000 0.196200 0.099000 0.064700 0.152700 0.099700 0.047900 0.048100 0.173700 0.031500 0.015300 0.098300 0.063600 0.031100
GazellaPrz 0.065600 0.228700 0.118300 0.382900 0.048000 0.065600 0.064300 0.000000 0.117300 0.236300 0.065700 0.099200 0.082000 0.118000 0.100200 0.032100 0.082400 0.099400 0.065000 0.118400 0.015700 0.083500 0.158200 0.158700 0.065300 0.015500 0.081600 0.137300 0.047500 0.118200 0.196500 0.082000 0.100200 0.081600 0.065000 0.119300 0.048500 0.048000 0.065200 0.245400 0.177600 0.031500 0.196100 0.179000 0.119300 0.119800 0.135400 0.100600 0.081700 0.136500 0.136000 0.100000
MountainNy 0.048100 0.161100 0.031400 0.314000 0.098900 0.048100 0.047000 0.117300 0.000000 0.211600 0.048000 0.047400 0.063900 0.098300 0.081400 0.118900 0.064500 0.081100 0.047500 0.000100 0.100100 0.065200 0.138300 0.101200 0.047700 0.099000 0.063600 0.015600 0.135500 0.031300 0.175100 0.098700 0.047800 0.063600 0.047500 0.064900 0.065000 0.098900 0.173700 0.220700 0.118700 0.117500 0.175000 0.119900 0.064900 0.099700 0.195500 0.047900 0.063500 0.116600 0.015500 0.015600
MuntiacusM 0.192500 0.290200 0.211000 0.453200 0.213600 0.192500 0.188100 0.236300 0.211600 0.000000 0.189200 0.192000 0.210200 0.170000 0.192500 0.214900 0.170800 0.112900 0.189700 0.210200 0.258300 0.214600 0.121000 0.084200 0.190600 0.255000 0.209400 0.235800 0.260200 0.211700 0.015800 0.213100 0.191400 0.209400 0.189700 0.171300 0.214700 0.213600 0.286500 0.122500 0.101300 0.234300 0.015900 0.067200 0.171300 0.171800 0.379800 0.191200 0.207500 0.233500 0.233500 0.191100
goat 0.000100 0.133200 0.048500 0.272500 0.048400 0.000100 0.000300 0.065700 0.048000 0.189200 0.000000 0.031600 0.015600 0.048200 0.031900 0.058600 0.048200 0.061000 0.000100 0.048400 0.049200 0.016000 0.120400 0.083800 0.000100 0.048600 0.015400 0.065400 0.083000 0.048500 0.153400 0.048400 0.032100 0.015400 0.000100 0.042500 0.016000 0.048400 0.102200 0.201100 0.101300 0.060000 0.153700 0.101900 0.042500 0.040900 0.177800 0.022400 0.015600 0.100300 0.065100 0.031800
AfricanBuf 0.031700 0.141200 0.047800 0.290500 0.081300 0.031700 0.031000 0.099200 0.047400 0.192000 0.031600 0.000000 0.047400 0.080900 0.064200 0.101300 0.047500 0.063900 0.031200 0.047700 0.082400 0.048300 0.119000 0.082900 0.031400 0.081500 0.047200 0.064600 0.117000 0.047700 0.154900 0.080900 0.031500 0.047200 0.031200 0.048100 0.048100 0.081300 0.119200 0.199000 0.100100 0.099600 0.154700 0.101000 0.048100 0.082200 0.215200 0.064600 0.047200 0.098700 0.064200 0.031400
Topi 0.000200 0.161400 0.064500 0.293500 0.064600 0.000200 0.015400 0.082000 0.063900 0.210200 0.015600 0.047400 0.000000 0.064300 0.047800 0.083300 0.064400 0.081100 0.015500 0.064400 0.065400 0.015800 0.137500 0.100500 0.015500 0.064700 0.000100 0.081700 0.099600 0.064500 0.173800 0.064500 0.048100 0.000100 0.015500 0.065400 0.015800 0.064600 0.119200 0.219000 0.118100 0.082500 0.173400 0.118900 0.065400 0.065400 0.195800 0.048200 0.030900 0.117100 0.081200 0.047600
CommonDuik 0.048400 0.204300 0.099300 0.351500 0.099300 0.048400 0.047200 0.118000 0.098300 0.170000 0.048200 0.080900 0.064300 0.000000 0.081700 0.120300 0.099200 0.116400 0.047700 0.099100 0.100800 0.031700 0.176700 0.137600 0.048000 0.099700 0.064000 0.117400 0.136400 0.099200 0.135100 0.064300 0.081900 0.064000 0.047700 0.100200 0.065300 0.099300 0.119300 0.219800 0.156000 0.118600 0.173500 0.157000 0.100200 0.100600 0.239100 0.082200 0.063900 0.154300 0.116500 0.081500
Suni 0.032000 0.161900 0.082000 0.270700 0.082100 0.032000 0.031200 0.100200 0.081400 0.192500 0.031900 0.064200 0.047800 0.081700 0.000000 0.084100 0.082100 0.099000 0.031500 0.082100 0.083300 0.048700 0.158200 0.119900 0.031700 0.082300 0.047500 0.098200 0.082500 0.082000 0.195800 0.081900 0.065000 0.047500 0.031500 0.082800 0.048600 0.082100 0.119900 0.243800 0.137800 0.100600 0.156500 0.102100 0.082800 0.083100 0.218000 0.065200 0.047500 0.136200 0.099200 0.064800
Springbuck 0.066900 0.186800 0.120600 0.362000 0.083600 0.066900 0.065600 0.032100 0.118900 0.214900 0.058600 0.101300 0.083300 0.120300 0.084100 0.000000 0.120300 0.100600 0.066300 0.114200 0.016000 0.085200 0.160100 0.160600 0.066500 0.015900 0.083100 0.139200 0.032000 0.120300 0.198300 0.083600 0.102000 0.083100 0.066300 0.084400 0.049400 0.083600 0.080000 0.294100 0.179800 0.000200 0.177700 0.160900 0.084400 0.084700 0.137600 0.066400 0.083100 0.177200 0.137700 0.101500
Okapi 0.048500 0.155900 0.048000 0.261500 0.064800 0.048500 0.047300 0.082400 0.064500 0.170800 0.048200 0.047500 0.064400 0.099200 0.082100 0.120300 0.000000 0.047800 0.047800 0.064800 0.101100 0.065800 0.120000 0.101500 0.048100 0.099900 0.064000 0.082400 0.136800 0.064900 0.137200 0.099600 0.031700 0.064000 0.047800 0.065500 0.065600 0.064800 0.158500 0.180000 0.100800 0.118800 0.136900 0.120300 0.065500 0.100800 0.217200 0.082500 0.063900 0.064800 0.081800 0.048100
Giraffe 0.065100 0.141200 0.081600 0.343100 0.081600 0.065100 0.063500 0.099400 0.081100 0.112900 0.061000 0.063900 0.081100 0.116400 0.099000 0.100600 0.047800 0.000000 0.064200 0.077700 0.118500 0.082700 0.120000 0.083500 0.064500 0.117100 0.080600 0.099600 0.154800 0.081500 0.082300 0.116800 0.064600 0.080600 0.064200 0.048000 0.082400 0.081600 0.177300 0.159900 0.100800 0.099400 0.082200 0.101900 0.048000 0.082100 0.259300 0.064500 0.080400 0.099100 0.098900 0.064500
TibetanAnt 0.000100 0.141900 0.048000 0.269100 0.047900 0.000100 0.000200 0.065000 0.047500 0.189700 0.000100 0.031200 0.015500 0.047700 0.031500 0.066300 0.047800 0.064200 0.000000 0.047800 0.048700 0.015900 0.119000 0.082900 0.000100 0.048100 0.015400 0.064700 0.082100 0.047900 0.154600 0.047900 0.031700 0.015400 0.000000 0.048400 0.015800 0.047900 0.101200 0.198900 0.100200 0.065400 0.154300 0.100800 0.048400 0.048600 0.175900 0.031800 0.015400 0.099200 0.064300 0.031400
Sitatunga 0.048500 0.152300 0.031700 0.343000 0.099800 0.048500 0.047300 0.118400 0.000100 0.210200 0.048400 0.047700 0.064400 0.099100 0.082100 0.114200 0.064800 0.077700 0.047800 0.000000 0.101000 0.065700 0.139600 0.102100 0.048000 0.099800 0.063900 0.015700 0.136800 0.031600 0.173700 0.099600 0.048100 0.063900 0.047800 0.058100 0.065600 0.099800 0.174400 0.223000 0.119700 0.113100 0.174000 0.121000 0.058100 0.094100 0.197300 0.039300 0.064000 0.117800 0.015600 0.015700
Oribi 0.049200 0.207400 0.101100 0.354700 0.065500 0.049200 0.048200 0.015700 0.100100 0.258300 0.049200 0.082400 0.065400 0.100800 0.083300 0.016000 0.101100 0.118500 0.048700 0.101000 0.000000 0.066700 0.139500 0.139900 0.048900 0.000200 0.065100 0.119500 0.031700 0.101000 0.218000 0.065500 0.083300 0.065100 0.048700 0.102100 0.032300 0.065500 0.048800 0.268700 0.158500 0.015800 0.217400 0.159600 0.102100 0.102400 0.117800 0.083700 0.065200 0.156700 0.118400 0.083000
BarbaryShe 0.015600 0.175200 0.065900 0.302900 0.065800 0.015600 0.015700 0.083500 0.065200 0.214600 0.016000 0.048300 0.015800 0.031700 0.048700 0.085200 0.065800 0.082700 0.015900 0.065700 0.066700 0.000000 0.140200 0.102400 0.015900 0.065900 0.015800 0.083400 0.101400 0.065900 0.177300 0.065800 0.049000 0.015800 0.015900 0.066600 0.031500 0.065800 0.121600 0.224300 0.120500 0.084000 0.176800 0.121100 0.066600 0.066800 0.199800 0.049100 0.031800 0.134000 0.082800 0.048700
Daviddeer 0.120700 0.247600 0.101000 0.345400 0.138600 0.120700 0.117600 0.158200 0.138300 0.121000 0.120400 0.119000 0.137500 0.176700 0.158200 0.160100 0.120000 0.120000 0.119000 0.139600 0.139500 0.140200 0.000000 0.032400 0.119500 0.139100 0.136800 0.159400 0.177900 0.138500 0.101700 0.138000 0.083100 0.136800 0.119000 0.139300 0.102200 0.138600 0.202300 0.141500 0.015800 0.157700 0.101800 0.049600 0.139300 0.139400 0.198700 0.157800 0.136600 0.158100 0.158100 0.120000
Reindeer 0.084000 0.209100 0.101200 0.318500 0.139100 0.084000 0.082000 0.158700 0.101200 0.084200 0.083800 0.082900 0.100500 0.137600 0.119900 0.160600 0.101500 0.083500 0.082900 0.102100 0.139900 0.102400 0.032400 0.000000 0.083200 0.139400 0.100000 0.120800 0.178400 0.101200 0.066000 0.138400 0.083400 0.100000 0.082900 0.101800 0.102400 0.139100 0.202900 0.103300 0.015900 0.158200 0.066100 0.016100 0.101800 0.102000 0.242600 0.119800 0.099900 0.158700 0.120000 0.083600
Ibex 0.000100 0.142500 0.048200 0.269600 0.048100 0.000100 0.000300 0.065300 0.047700 0.190600 0.000100 0.031400 0.015500 0.048000 0.031700 0.066500 0.048100 0.064500 0.000100 0.048000 0.048900 0.015900 0.119500 0.083200 0.000000 0.048400 0.015300 0.065000 0.082500 0.048100 0.155300 0.048100 0.031800 0.015300 0.000100 0.048700 0.015900 0.048100 0.101600 0.199600 0.100700 0.065700 0.155000 0.101300 0.048700 0.048800 0.176700 0.031900 0.015400 0.099500 0.064600 0.031600
GyrantGaze 0.048600 0.205800 0.100000 0.354000 0.064700 0.048600 0.062800 0.015500 0.099000 0.255000 0.048600 0.081500 0.064700 0.099700 0.082300 0.015900 0.099900 0.117100 0.048100 0.099800 0.000200 0.065900 0.139100 0.139400 0.048400 0.000000 0.064400 0.118200 0.031300 0.099900 0.215600 0.064700 0.082400 0.064400 0.048100 0.100900 0.031900 0.064700 0.048200 0.269900 0.158100 0.015600 0.214900 0.159100 0.100900 0.101300 0.116500 0.082700 0.064500 0.155200 0.117000 0.082100
Hartebeest 0.000300 0.160600 0.064200 0.292300 0.064200 0.000300 0.015300 0.081600 0.063600 0.209400 0.015400 0.047200 0.000100 0.064000 0.047500 0.083100 0.064000 0.080600 0.015400 0.063900 0.065100 0.015800 0.136800 0.100000 0.015300 0.064400 0.000000 0.081200 0.099100 0.064200 0.172900 0.064200 0.047800 0.000000 0.015400 0.065000 0.015700 0.064200 0.118600 0.217800 0.117500 0.082100 0.172500 0.118300 0.065000 0.065200 0.194700 0.048000 0.030900 0.116600 0.080800 0.047300
Bongo 0.065600 0.183100 0.048200 0.347300 0.118300 0.065600 0.064000 0.137300 0.015600 0.235800 0.065400 0.064600 0.081700 0.117400 0.098200 0.139200 0.082400 0.099600 0.064700 0.015700 0.119500 0.083400 0.159400 0.120800 0.065000 0.118200 0.081200 0.000000 0.156300 0.048100 0.197500 0.117900 0.065100 0.081200 0.064700 0.082900 0.083200 0.118300 0.196100 0.245800 0.138600 0.137600 0.197300 0.140300 0.082900 0.119100 0.219100 0.065300 0.081200 0.136600 0.031700 0.031800
Gerenuk 0.083000 0.250700 0.136700 0.355000 0.099800 0.083000 0.081200 0.047500 0.135500 0.260200 0.083000 0.117000 0.099600 0.136400 0.082500 0.032000 0.136800 0.154800 0.082100 0.136800 0.031700 0.101400 0.177900 0.178400 0.082500 0.031300 0.099100 0.156300 0.000000 0.136600 0.260300 0.099600 0.118200 0.099100 0.082100 0.138000 0.065400 0.099800 0.082300 0.315100 0.197600 0.047700 0.217900 0.159600 0.138000 0.138400 0.153900 0.118700 0.099000 0.195200 0.154800 0.117900
CommonElan 0.048600 0.152300 0.031700 0.267100 0.099700 0.048600 0.047500 0.118200 0.031300 0.211700 0.048500 0.047700 0.064500 0.099200 0.082000 0.120300 0.064900 0.081500 0.047900 0.031600 0.101000 0.065900 0.138500 0.101200 0.048100 0.099900 0.064200 0.048100 0.136600 0.000000 0.175200 0.099500 0.048200 0.064200 0.047900 0.048400 0.065600 0.099700 0.174800 0.178500 0.118800 0.118800 0.174900 0.119800 0.048400 0.100800 0.238200 0.082500 0.064200 0.117500 0.047700 0.048100
MuntiacusR 0.156800 0.251400 0.175400 0.452200 0.176100 0.156800 0.153000 0.196500 0.175100 0.015800 0.153400 0.154900 0.173800 0.135100 0.195800 0.198300 0.137200 0.082300 0.154600 0.173700 0.218000 0.177300 0.101700 0.066000 0.155300 0.215600 0.172900 0.197500 0.260300 0.175200 0.000000 0.174600 0.155500 0.172900 0.154600 0.136700 0.177300 0.176100 0.243200 0.102800 0.082800 0.195100 0.031900 0.084200 0.136700 0.136900 0.332500 0.155000 0.172600 0.196900 0.195800 0.156100
HarveysDui 0.048500 0.205300 0.099600 0.318000 0.064500 0.048500 0.047400 0.082000 0.098700 0.213100 0.048400 0.080900 0.064500 0.064300 0.081900 0.083600 0.099600 0.116800 0.047900 0.099600 0.065500 0.065800 0.138000 0.138400 0.048100 0.064700 0.064200 0.117900 0.099600 0.099500 0.174600 0.000000 0.082100 0.064200 0.047900 0.100400 0.031800 0.064500 0.119400 0.242700 0.156800 0.082400 0.215500 0.158000 0.100400 0.100900 0.187700 0.082400 0.051000 0.154900 0.117000 0.081900
Pronghorn 0.032100 0.133100 0.015700 0.267600 0.082200 0.032100 0.031400 0.100200 0.047800 0.191400 0.032100 0.031500 0.048100 0.081900 0.065000 0.102000 0.031700 0.064600 0.031700 0.048100 0.083300 0.049000 0.083100 0.083400 0.031800 0.082400 0.047800 0.065100 0.118200 0.048200 0.155500 0.082100 0.000000 0.047800 0.031700 0.048700 0.048800 0.082200 0.138800 0.199600 0.065400 0.100800 0.155200 0.101400 0.048700 0.083200 0.175100 0.065400 0.047600 0.064600 0.064700 0.031700
BlueWildeb 0.000300 0.160600 0.064200 0.292300 0.064200 0.000300 0.015300 0.081600 0.063600 0.209400 0.015400 0.047200 0.000100 0.064000 0.047500 0.083100 0.064000 0.080600 0.015400 0.063900 0.065100 0.015800 0.136800 0.100000 0.015300 0.064400 0.000000 0.081200 0.099100 0.064200 0.172900 0.064200 0.047800 0.000000 0.015400 0.065000 0.015700 0.064200 0.118600 0.217800 0.117500 0.082100 0.172500 0.118300 0.065000 0.065200 0.194700 0.048000 0.030900 0.116600 0.080800 0.047300
Gemsbok 0.000100 0.141900 0.048000 0.269100 0.047900 0.000100 0.000200 0.065000 0.047500 0.189700 0.000100 0.031200 0.015500 0.047700 0.031500 0.066300 0.047800 0.064200 0.000000 0.047800 0.048700 0.015900 0.119000 0.082900 0.000100 0.048100 0.015400 0.064700 0.082100 0.047900 0.154600 0.047900 0.031700 0.015400 0.000000 0.048400 0.015800 0.047900 0.101200 0.198900 0.100200 0.065400 0.154300 0.100800 0.048400 0.048600 0.175900 0.031800 0.015400 0.099200 0.064300 0.031400
Yak 0.049200 0.115800 0.065600 0.297600 0.100600 0.049200 0.047900 0.119300 0.064900 0.171300 0.042500 0.048100 0.065400 0.100200 0.082800 0.084400 0.065500 0.048000 0.048400 0.058100 0.102100 0.066600 0.139300 0.101800 0.048700 0.100900 0.065000 0.082900 0.138000 0.048400 0.136700 0.100400 0.048700 0.065000 0.048400 0.000000 0.066300 0.100600 0.159600 0.200800 0.119700 0.083300 0.136500 0.120300 0.000000 0.066000 0.240600 0.048700 0.064900 0.118600 0.082400 0.048500
BlueSheep 0.015500 0.174600 0.065700 0.300100 0.031900 0.015500 0.015600 0.048500 0.065000 0.214700 0.016000 0.048100 0.015800 0.065300 0.048600 0.049400 0.065600 0.082400 0.015800 0.065600 0.032300 0.031500 0.102200 0.102400 0.015900 0.031900 0.015700 0.083200 0.065400 0.065600 0.177300 0.031800 0.048800 0.015700 0.015800 0.066300 0.000000 0.031900 0.083800 0.224200 0.120400 0.048700 0.176900 0.121200 0.066300 0.066500 0.157500 0.048900 0.031700 0.133800 0.082700 0.048500
BohorReedb 0.048600 0.205700 0.099800 0.350400 0.000000 0.048600 0.047400 0.048000 0.098900 0.213600 0.048400 0.081300 0.064600 0.099300 0.082100 0.083600 0.064800 0.081600 0.047900 0.099800 0.065500 0.065800 0.138600 0.139100 0.048100 0.064700 0.064200 0.118300 0.099800 0.099700 0.176100 0.064500 0.082200 0.064200 0.047900 0.100600 0.031900 0.000000 0.119700 0.222400 0.157500 0.082500 0.175700 0.158900 0.100600 0.101000 0.196600 0.082500 0.064100 0.117600 0.117400 0.082000
KirksDik 0.102200 0.223900 0.176000 0.481800 0.119700 0.102200 0.100000 0.065200 0.173700 0.286500 0.102200 0.119200 0.119200 0.119300 0.119900 0.080000 0.158500 0.177300 0.101200 0.174400 0.048800 0.121600 0.202300 0.202900 0.101600 0.048200 0.118600 0.196100 0.082300 0.174800 0.243200 0.119400 0.138800 0.118600 0.101200 0.159600 0.083800 0.119700 0.000000 0.272500 0.223000 0.065400 0.242600 0.225000 0.159600 0.160200 0.176500 0.139400 0.133300 0.198000 0.194000 0.154200
RoeDeer 0.201600 0.352500 0.221300 0.403200 0.222400 0.201600 0.196200 0.245400 0.220700 0.122500 0.201100 0.199000 0.219000 0.219800 0.243800 0.294100 0.180000 0.159900 0.198900 0.223000 0.268700 0.224300 0.141500 0.103300 0.199600 0.269900 0.217800 0.245800 0.315100 0.178500 0.102800 0.242700 0.199600 0.217800 0.198900 0.200800 0.224200 0.222400 0.272500 0.000000 0.121000 0.290500 0.102900 0.123000 0.200800 0.217300 0.395200 0.242400 0.217200 0.200400 0.243000 0.200400
WhiteLippe 0.101600 0.222400 0.082400 0.316800 0.157500 0.101600 0.099000 0.177600 0.118700 0.101300 0.101300 0.100100 0.118100 0.156000 0.137800 0.179800 0.100800 0.100800 0.100200 0.119700 0.158500 0.120500 0.015800 0.015900 0.100700 0.158100 0.117500 0.138600 0.197600 0.118800 0.082800 0.156800 0.065400 0.117500 0.100200 0.119700 0.120400 0.157500 0.223000 0.121000 0.000000 0.177200 0.082800 0.032300 0.119700 0.119800 0.218600 0.137800 0.117400 0.137800 0.137800 0.100800
ThomsonGaz 0.066000 0.184400 0.118900 0.386900 0.082500 0.066000 0.064700 0.031500 0.117500 0.234300 0.060000 0.099600 0.082500 0.118600 0.100600 0.000200 0.118800 0.099400 0.065400 0.113100 0.015800 0.084000 0.157700 0.158200 0.065700 0.015600 0.082100 0.137600 0.047700 0.118800 0.195100 0.082400 0.100800 0.082100 0.065400 0.083300 0.048700 0.082500 0.065400 0.290500 0.177200 0.000000 0.194600 0.178100 0.083300 0.083600 0.135600 0.065600 0.082100 0.175500 0.136200 0.100300
MuntiacusC 0.156400 0.250300 0.175000 0.395200 0.175700 0.156400 0.152700 0.196100 0.175000 0.015900 0.153700 0.154700 0.173400 0.173500 0.156500 0.177700 0.136900 0.082200 0.154300 0.174000 0.217400 0.176800 0.101800 0.066100 0.155000 0.214900 0.172500 0.197300 0.217900 0.174900 0.031900 0.215500 0.155200 0.172500 0.154300 0.136500 0.176900 0.175700 0.242600 0.102900 0.082800 0.194600 0.000000 0.049400 0.136500 0.136700 0.330800 0.154700 0.172300 0.196400 0.195600 0.156000
WhiteTaile 0.102200 0.232000 0.119800 0.294200 0.158900 0.102200 0.099700 0.179000 0.119900 0.067200 0.101900 0.101000 0.118900 0.157000 0.102100 0.160900 0.120300 0.101900 0.100800 0.121000 0.159600 0.121100 0.049600 0.016100 0.101300 0.159100 0.118300 0.140300 0.159600 0.119800 0.084200 0.158000 0.101400 0.118300 0.100800 0.120300 0.121200 0.158900 0.225000 0.123000 0.032300 0.178100 0.049400 0.000000 0.120300 0.120600 0.265500 0.138700 0.118200 0.179200 0.139300 0.101900
Cattle 0.049200 0.115800 0.065600 0.297600 0.100600 0.049200 0.047900 0.119300 0.064900 0.171300 0.042500 0.048100 0.065400 0.100200 0.082800 0.084400 0.065500 0.048000 0.048400 0.058100 0.102100 0.066600 0.139300 0.101800 0.048700 0.100900 0.065000 0.082900 0.138000 0.048400 0.136700 0.100400 0.048700 0.065000 0.048400 0.000000 0.066300 0.100600 0.159600 0.200800 0.119700 0.083300 0.136500 0.120300 0.000000 0.066000 0.240600 0.048700 0.064900 0.118600 0.082400 0.048500
RoyalAntel 0.049300 0.162700 0.100900 0.296900 0.101000 0.049300 0.048100 0.119800 0.099700 0.171800 0.040900 0.082200 0.065400 0.100600 0.083100 0.084700 0.100800 0.082100 0.048600 0.094100 0.102400 0.066800 0.139400 0.102000 0.048800 0.101300 0.065200 0.119100 0.138400 0.100800 0.136900 0.100900 0.083200 0.065200 0.048600 0.066000 0.066500 0.101000 0.160200 0.217300 0.119800 0.083600 0.136700 0.120600 0.066000 0.000000 0.198400 0.048800 0.065000 0.156300 0.118100 0.082800
Steenbok 0.178000 0.370900 0.195200 0.458200 0.196600 0.178000 0.173700 0.135400 0.195500 0.379800 0.177800 0.215200 0.195800 0.239100 0.218000 0.137600 0.217200 0.259300 0.175900 0.197300 0.117800 0.199800 0.198700 0.242600 0.176700 0.116500 0.194700 0.219100 0.153900 0.238200 0.332500 0.187700 0.175100 0.194700 0.175900 0.240600 0.157500 0.196600 0.176500 0.395200 0.218600 0.135600 0.330800 0.265500 0.240600 0.198400 0.000000 0.177500 0.194700 0.259500 0.216800 0.176400
Impala 0.032200 0.142300 0.082500 0.322400 0.082500 0.032200 0.031500 0.100600 0.047900 0.191200 0.022400 0.064600 0.048200 0.082200 0.065200 0.066400 0.082500 0.064500 0.031800 0.039300 0.083700 0.049100 0.157800 0.119800 0.031900 0.082700 0.048000 0.065300 0.118700 0.082500 0.155000 0.082400 0.065400 0.048000 0.031800 0.048700 0.048900 0.082500 0.139400 0.242400 0.137800 0.065600 0.154700 0.138700 0.048700 0.048800 0.177500 0.000000 0.047900 0.136500 0.064900 0.031800
Klipspring 0.015600 0.160100 0.064300 0.273200 0.064100 0.015600 0.015300 0.081700 0.063500 0.207500 0.015600 0.047200 0.030900 0.063900 0.047500 0.083100 0.063900 0.080400 0.015400 0.064000 0.065200 0.031800 0.136600 0.099900 0.015400 0.064500 0.030900 0.081200 0.099000 0.064200 0.172600 0.051000 0.047600 0.030900 0.015400 0.064900 0.031700 0.064100 0.133300 0.217200 0.117400 0.082100 0.172300 0.118200 0.064900 0.065000 0.194700 0.047900 0.000000 0.115800 0.080600 0.047400
ForestMusk 0.114500 0.217100 0.081700 0.367000 0.117600 0.114500 0.098300 0.136500 0.116600 0.233500 0.100300 0.098700 0.117100 0.154300 0.136200 0.177200 0.064800 0.099100 0.099200 0.117800 0.156700 0.134000 0.158100 0.158700 0.099500 0.155200 0.116600 0.136600 0.195200 0.117500 0.196900 0.154900 0.064600 0.116600 0.099200 0.118600 0.133800 0.117600 0.198000 0.200400 0.137800 0.175500 0.196400 0.179200 0.118600 0.156300 0.259500 0.136500 0.115800 0.000000 0.135500 0.099500
Bushbuck 0.065200 0.181600 0.047900 0.340400 0.117400 0.065200 0.063600 0.136000 0.015500 0.233500 0.065100 0.064200 0.081200 0.116500 0.099200 0.137700 0.081800 0.098900 0.064300 0.015600 0.118400 0.082800 0.158100 0.120000 0.064600 0.117000 0.080800 0.031700 0.154800 0.047700 0.195800 0.117000 0.064700 0.080800 0.064300 0.082400 0.082700 0.117400 0.194000 0.243000 0.137800 0.136200 0.195600 0.139300 0.082400 0.118100 0.216800 0.064900 0.080600 0.135500 0.000000 0.031700
GreaterKud 0.031900 0.141700 0.048200 0.291500 0.082000 0.031900 0.031100 0.100000 0.015600 0.191100 0.031800 0.031400 0.047600 0.081500 0.064800 0.101500 0.048100 0.064500 0.031400 0.015700 0.083000 0.048700 0.120000 0.083600 0.031600 0.082100 0.047300 0.031800 0.117900 0.048100 0.156100 0.081900 0.031700 0.047300 0.031400 0.048500 0.048500 0.082000 0.154200 0.200400 0.100800 0.100300 0.156000 0.101900 0.048500 0.082800 0.176400 0.031800 0.047400 0.099500 0.031700 0.000000
