CODONML (in paml version 4.10.7, June 2023)  /home/rachel/ruminants_paml/6406-phy-tree/ENSBTAT00000031920.fasta.phy
Model: free dN/dS Ratios for branches,  kappa = 2.000 fixed

Codon frequency model: F3x4
ns =  54  ls =  23

Codon usage in sequences
--------------------------------------------------------------------------------------------------------------------------------------
Phe TTT   0   0   0   0   0   0 | Ser TCT   0   0   0   0   0   0 | Tyr TAT   0   0   0   0   0   0 | Cys TGT   0   0   0   0   0   0
    TTC   0   0   0   0   0   0 |     TCC   2   1   2   2   2   2 |     TAC   0   0   0   0   0   0 |     TGC   0   1   0   0   0   0
Leu TTA   0   0   0   0   0   0 |     TCA   0   0   0   0   0   0 | *** TAA   0   0   0   0   0   0 | *** TGA   0   0   0   0   0   0
    TTG   0   0   0   0   0   0 |     TCG   0   0   0   0   0   0 |     TAG   0   0   0   0   0   0 | Trp TGG   0   0   0   0   0   0
--------------------------------------------------------------------------------------------------------------------------------------
Leu CTT   0   0   0   0   0   0 | Pro CCT   1   1   1   1   1   1 | His CAT   0   0   0   0   0   0 | Arg CGT   0   0   0   0   0   0
    CTC   0   0   0   0   0   0 |     CCC   0   0   0   0   0   0 |     CAC   0   0   0   0   0   0 |     CGC   0   0   0   0   0   0
    CTA   0   0   0   0   0   0 |     CCA   1   1   1   1   2   2 | Gln CAA   0   0   0   0   0   0 |     CGA   0   0   0   0   0   0
    CTG   0   0   0   0   0   0 |     CCG   1   1   1   1   0   0 |     CAG   0   0   0   0   0   0 |     CGG   0   0   0   0   0   0
--------------------------------------------------------------------------------------------------------------------------------------
Ile ATT   0   0   0   0   0   0 | Thr ACT   0   0   0   0   0   0 | Asn AAT   0   0   0   0   0   0 | Ser AGT   0   0   0   0   0   0
    ATC   1   1   1   1   0   0 |     ACC   1   0   0   0   1   1 |     AAC   1   2   1   2   1   1 |     AGC   1   1   1   0   1   1
    ATA   0   0   0   0   0   1 |     ACA   0   2   2   2   2   1 | Lys AAA   2   1   2   2   2   2 | Arg AGA   1   1   1   1   1   1
Met ATG   0   0   0   0   0   0 |     ACG   1   0   0   0   0   0 |     AAG   3   3   3   3   3   3 |     AGG   0   0   0   0   0   0
--------------------------------------------------------------------------------------------------------------------------------------
Val GTT   0   0   0   0   0   0 | Ala GCT   0   0   0   0   0   0 | Asp GAT   0   0   0   0   0   0 | Gly GGT   0   0   0   0   0   0
    GTC   0   0   0   0   0   0 |     GCC   0   0   0   0   0   0 |     GAC   0   0   0   0   0   0 |     GGC   1   1   1   1   1   1
    GTA   0   0   0   0   0   0 |     GCA   0   0   0   0   0   0 | Glu GAA   1   2   1   1   2   1 |     GGA   0   0   0   0   0   0
    GTG   1   0   0   1   1   1 |     GCG   0   1   1   0   0   0 |     GAG   4   3   4   4   3   4 |     GGG   0   0   0   0   0   0
--------------------------------------------------------------------------------------------------------------------------------------

--------------------------------------------------------------------------------------------------------------------------------------
Phe TTT   0   0   0   0   0   0 | Ser TCT   0   0   0   0   0   0 | Tyr TAT   0   0   0   0   0   0 | Cys TGT   0   0   0   0   0   0
    TTC   0   0   0   0   0   0 |     TCC   2   2   2   2   2   2 |     TAC   0   0   0   0   0   0 |     TGC   0   0   0   0   0   0
Leu TTA   0   0   0   0   0   0 |     TCA   0   0   0   0   0   0 | *** TAA   0   0   0   0   0   0 | *** TGA   0   0   0   0   0   0
    TTG   0   0   0   0   0   0 |     TCG   0   0   0   0   0   0 |     TAG   0   0   0   0   0   0 | Trp TGG   0   0   0   0   0   0
--------------------------------------------------------------------------------------------------------------------------------------
Leu CTT   0   0   0   0   0   0 | Pro CCT   1   1   1   1   1   1 | His CAT   0   0   0   0   0   0 | Arg CGT   0   0   0   0   0   0
    CTC   0   0   0   0   0   0 |     CCC   0   0   0   0   0   0 |     CAC   0   0   0   0   0   0 |     CGC   0   0   0   0   0   0
    CTA   0   0   0   0   0   0 |     CCA   1   1   1   1   1   1 | Gln CAA   0   0   0   0   0   0 |     CGA   0   0   0   0   0   0
    CTG   0   0   0   0   0   0 |     CCG   1   1   1   1   1   1 |     CAG   0   0   0   0   0   0 |     CGG   0   0   0   0   0   0
--------------------------------------------------------------------------------------------------------------------------------------
Ile ATT   0   0   0   0   0   0 | Thr ACT   0   0   0   0   0   0 | Asn AAT   0   0   0   0   0   0 | Ser AGT   0   0   0   0   0   0
    ATC   1   1   1   1   1   1 |     ACC   0   1   0   0   0   0 |     AAC   1   1   1   1   1   1 |     AGC   1   1   1   0   1   1
    ATA   0   0   0   0   0   0 |     ACA   2   0   1   0   2   1 | Lys AAA   2   2   2   2   2   2 | Arg AGA   1   1   1   1   1   1
Met ATG   0   0   0   0   0   1 |     ACG   0   1   1   1   0   0 |     AAG   3   3   3   3   3   3 |     AGG   0   0   0   0   0   0
--------------------------------------------------------------------------------------------------------------------------------------
Val GTT   0   0   0   0   0   0 | Ala GCT   0   0   0   0   0   0 | Asp GAT   0   0   0   0   0   0 | Gly GGT   0   0   0   0   0   0
    GTC   0   0   0   0   0   0 |     GCC   0   0   0   0   0   0 |     GAC   0   0   0   0   0   0 |     GGC   1   1   1   2   1   1
    GTA   0   0   0   0   0   0 |     GCA   0   0   0   1   0   0 | Glu GAA   1   1   1   1   1   1 |     GGA   0   0   0   0   0   0
    GTG   1   1   1   0   0   1 |     GCG   1   0   0   1   1   0 |     GAG   3   4   4   4   4   4 |     GGG   0   0   0   0   0   0
--------------------------------------------------------------------------------------------------------------------------------------

--------------------------------------------------------------------------------------------------------------------------------------
Phe TTT   0   0   0   0   0   0 | Ser TCT   0   0   0   0   0   0 | Tyr TAT   0   0   0   0   0   0 | Cys TGT   0   0   0   0   0   0
    TTC   0   0   0   0   0   0 |     TCC   2   2   2   1   1   2 |     TAC   0   0   0   0   0   0 |     TGC   0   0   0   0   0   0
Leu TTA   0   0   0   0   0   0 |     TCA   0   0   0   0   0   0 | *** TAA   0   0   0   0   0   0 | *** TGA   0   0   0   0   0   0
    TTG   0   0   0   0   0   0 |     TCG   0   0   0   0   0   0 |     TAG   0   0   0   0   0   0 | Trp TGG   0   0   0   0   0   0
--------------------------------------------------------------------------------------------------------------------------------------
Leu CTT   0   0   0   0   0   0 | Pro CCT   1   1   1   1   1   1 | His CAT   0   0   0   0   0   0 | Arg CGT   0   0   0   0   0   0
    CTC   0   0   0   0   0   0 |     CCC   0   0   0   0   0   0 |     CAC   0   0   0   0   0   0 |     CGC   0   0   0   0   0   0
    CTA   0   0   0   0   0   0 |     CCA   2   1   2   1   1   1 | Gln CAA   0   0   0   0   0   0 |     CGA   0   0   0   0   0   0
    CTG   0   0   0   0   0   0 |     CCG   0   1   0   1   1   1 |     CAG   0   0   0   0   0   0 |     CGG   0   0   0   0   0   0
--------------------------------------------------------------------------------------------------------------------------------------
Ile ATT   0   0   0   0   0   0 | Thr ACT   0   0   0   0   0   0 | Asn AAT   0   0   0   0   0   0 | Ser AGT   0   0   0   0   0   0
    ATC   1   1   1   1   1   1 |     ACC   1   0   0   1   1   0 |     AAC   1   0   1   1   1   1 |     AGC   0   1   1   1   1   0
    ATA   0   0   0   0   0   0 |     ACA   1   1   1   1   1   1 | Lys AAA   2   2   2   2   2   2 | Arg AGA   1   1   1   1   1   1
Met ATG   0   0   0   0   0   0 |     ACG   1   1   1   1   0   1 |     AAG   3   4   3   3   3   3 |     AGG   0   0   0   0   0   0
--------------------------------------------------------------------------------------------------------------------------------------
Val GTT   0   0   0   0   0   0 | Ala GCT   0   0   0   0   0   0 | Asp GAT   0   0   0   0   0   0 | Gly GGT   0   0   0   0   0   1
    GTC   0   0   0   0   0   0 |     GCC   0   0   0   0   0   0 |     GAC   0   0   0   0   0   0 |     GGC   1   1   1   1   1   1
    GTA   0   0   0   0   0   0 |     GCA   0   0   0   0   1   0 | Glu GAA   1   1   1   1   0   1 |     GGA   0   0   0   0   0   0
    GTG   1   0   1   1   0   1 |     GCG   0   1   0   0   2   0 |     GAG   4   4   4   4   4   4 |     GGG   0   0   0   0   0   0
--------------------------------------------------------------------------------------------------------------------------------------

--------------------------------------------------------------------------------------------------------------------------------------
Phe TTT   0   0   0   0   0   0 | Ser TCT   0   0   0   0   0   0 | Tyr TAT   0   0   0   0   0   0 | Cys TGT   0   0   0   0   0   0
    TTC   0   0   0   0   0   0 |     TCC   2   2   2   2   2   2 |     TAC   0   0   0   0   0   0 |     TGC   0   0   0   0   0   0
Leu TTA   0   0   0   0   0   0 |     TCA   0   0   0   0   0   0 | *** TAA   0   0   0   0   0   0 | *** TGA   0   0   0   0   0   0
    TTG   0   0   0   0   0   0 |     TCG   0   0   0   0   0   0 |     TAG   0   0   0   0   0   0 | Trp TGG   0   0   0   0   0   0
--------------------------------------------------------------------------------------------------------------------------------------
Leu CTT   0   0   0   0   0   0 | Pro CCT   1   1   1   1   1   1 | His CAT   0   0   0   0   0   0 | Arg CGT   0   0   0   0   0   0
    CTC   0   0   0   0   0   0 |     CCC   0   0   0   0   0   0 |     CAC   0   0   0   0   0   0 |     CGC   0   0   0   0   0   0
    CTA   0   0   0   0   0   0 |     CCA   1   1   1   1   1   1 | Gln CAA   0   0   0   0   0   0 |     CGA   0   0   0   0   0   0
    CTG   0   0   0   0   0   0 |     CCG   1   1   1   1   1   1 |     CAG   0   0   0   0   0   0 |     CGG   0   0   0   0   0   0
--------------------------------------------------------------------------------------------------------------------------------------
Ile ATT   0   0   0   0   0   0 | Thr ACT   0   0   0   0   0   0 | Asn AAT   0   0   0   0   0   0 | Ser AGT   0   0   0   0   0   0
    ATC   1   1   1   1   1   1 |     ACC   0   0   1   0   0   1 |     AAC   1   1   1   1   0   1 |     AGC   1   1   0   1   2   0
    ATA   0   0   0   0   0   0 |     ACA   1   1   1   2   1   1 | Lys AAA   2   2   2   2   2   2 | Arg AGA   1   1   1   1   1   1
Met ATG   0   1   0   0   0   0 |     ACG   1   0   1   0   1   1 |     AAG   3   3   3   3   3   3 |     AGG   0   0   0   0   0   0
--------------------------------------------------------------------------------------------------------------------------------------
Val GTT   0   0   0   0   0   0 | Ala GCT   0   0   0   0   0   0 | Asp GAT   0   0   0   0   0   0 | Gly GGT   0   0   0   0   0   0
    GTC   0   0   0   0   0   0 |     GCC   0   0   0   0   0   0 |     GAC   0   0   0   0   0   0 |     GGC   1   1   1   1   1   1
    GTA   0   0   0   0   0   0 |     GCA   0   0   0   0   0   0 | Glu GAA   1   1   1   1   1   1 |     GGA   0   0   0   0   0   0
    GTG   1   1   1   0   1   1 |     GCG   0   0   0   1   0   0 |     GAG   4   4   4   4   4   4 |     GGG   0   0   0   0   0   0
--------------------------------------------------------------------------------------------------------------------------------------

--------------------------------------------------------------------------------------------------------------------------------------
Phe TTT   0   0   0   0   0   0 | Ser TCT   0   0   0   0   0   0 | Tyr TAT   0   0   0   0   0   0 | Cys TGT   0   0   0   0   0   0
    TTC   0   0   0   0   0   0 |     TCC   2   2   2   2   2   2 |     TAC   0   0   0   0   0   0 |     TGC   0   0   0   0   0   0
Leu TTA   0   0   0   0   0   0 |     TCA   0   0   0   0   0   0 | *** TAA   0   0   0   0   0   0 | *** TGA   0   0   0   0   0   0
    TTG   0   0   0   0   0   0 |     TCG   0   0   0   0   0   0 |     TAG   0   0   0   0   0   0 | Trp TGG   0   0   0   0   0   0
--------------------------------------------------------------------------------------------------------------------------------------
Leu CTT   0   0   0   0   0   0 | Pro CCT   1   1   1   1   1   1 | His CAT   0   0   0   0   0   0 | Arg CGT   0   0   0   0   0   0
    CTC   0   0   0   0   0   0 |     CCC   0   0   0   0   0   0 |     CAC   0   0   0   0   0   0 |     CGC   0   0   0   0   0   0
    CTA   0   0   0   0   0   0 |     CCA   1   2   2   1   1   2 | Gln CAA   0   0   0   0   0   0 |     CGA   0   0   0   0   0   0
    CTG   0   0   0   0   0   0 |     CCG   1   0   0   1   1   0 |     CAG   0   0   0   0   0   0 |     CGG   0   0   0   0   0   0
--------------------------------------------------------------------------------------------------------------------------------------
Ile ATT   0   0   0   0   0   0 | Thr ACT   0   0   0   0   0   0 | Asn AAT   1   0   0   0   0   0 | Ser AGT   0   0   0   0   0   0
    ATC   1   1   1   1   1   1 |     ACC   0   0   1   0   0   0 |     AAC   1   1   1   1   1   1 |     AGC   1   1   0   0   1   1
    ATA   0   0   0   0   0   0 |     ACA   1   1   1   1   1   2 | Lys AAA   1   2   2   2   2   2 | Arg AGA   1   1   1   1   1   1
Met ATG   0   0   0   0   0   0 |     ACG   1   1   1   1   1   0 |     AAG   3   3   3   3   3   3 |     AGG   0   0   0   0   0   0
--------------------------------------------------------------------------------------------------------------------------------------
Val GTT   0   0   0   0   0   0 | Ala GCT   0   0   0   0   0   0 | Asp GAT   0   0   0   0   0   0 | Gly GGT   0   0   0   0   0   0
    GTC   0   0   0   0   0   0 |     GCC   0   0   0   0   0   0 |     GAC   0   0   0   0   0   0 |     GGC   1   1   1   2   1   1
    GTA   0   0   0   0   0   0 |     GCA   0   0   0   0   0   0 | Glu GAA   1   1   1   1   1   1 |     GGA   0   0   0   0   0   0
    GTG   1   1   1   1   1   0 |     GCG   0   0   0   0   0   1 |     GAG   4   4   4   4   4   4 |     GGG   0   0   0   0   0   0
--------------------------------------------------------------------------------------------------------------------------------------

--------------------------------------------------------------------------------------------------------------------------------------
Phe TTT   0   0   0   0   0   0 | Ser TCT   0   0   0   0   0   0 | Tyr TAT   0   0   0   0   0   0 | Cys TGT   0   0   0   0   0   0
    TTC   0   0   0   0   0   0 |     TCC   2   2   2   2   2   2 |     TAC   0   0   0   0   0   0 |     TGC   0   0   0   0   0   0
Leu TTA   0   0   0   0   0   0 |     TCA   0   0   0   0   0   0 | *** TAA   0   0   0   0   0   0 | *** TGA   0   0   0   0   0   0
    TTG   0   0   0   0   0   0 |     TCG   0   0   0   0   0   0 |     TAG   0   0   0   0   0   0 | Trp TGG   0   0   0   0   0   0
--------------------------------------------------------------------------------------------------------------------------------------
Leu CTT   0   0   0   0   0   0 | Pro CCT   1   1   1   1   1   1 | His CAT   0   0   0   0   0   0 | Arg CGT   0   0   0   0   0   0
    CTC   0   0   0   0   0   0 |     CCC   0   0   0   0   0   0 |     CAC   0   0   0   0   0   0 |     CGC   0   0   0   0   0   0
    CTA   0   0   0   0   0   0 |     CCA   1   1   1   1   2   1 | Gln CAA   0   0   0   0   0   0 |     CGA   0   0   0   0   0   0
    CTG   0   0   0   0   0   0 |     CCG   1   1   1   1   0   1 |     CAG   0   0   0   0   0   0 |     CGG   0   0   0   0   0   0
--------------------------------------------------------------------------------------------------------------------------------------
Ile ATT   0   0   0   0   0   0 | Thr ACT   0   0   0   0   0   0 | Asn AAT   0   0   0   0   0   0 | Ser AGT   0   0   0   0   0   0
    ATC   1   1   1   1   1   1 |     ACC   0   0   0   0   0   0 |     AAC   1   1   1   1   1   1 |     AGC   0   1   1   1   1   1
    ATA   0   0   0   0   0   0 |     ACA   1   2   1   1   2   1 | Lys AAA   2   2   2   2   2   2 | Arg AGA   1   1   1   1   1   1
Met ATG   0   0   1   0   0   0 |     ACG   1   0   0   1   0   1 |     AAG   3   3   3   3   3   3 |     AGG   0   0   0   0   0   0
--------------------------------------------------------------------------------------------------------------------------------------
Val GTT   0   0   0   0   0   0 | Ala GCT   0   0   0   0   0   0 | Asp GAT   0   0   0   0   0   0 | Gly GGT   0   0   0   0   0   0
    GTC   0   0   0   0   0   0 |     GCC   0   0   0   0   0   0 |     GAC   0   0   0   0   0   0 |     GGC   2   1   1   1   1   1
    GTA   0   0   0   0   0   0 |     GCA   0   0   0   0   0   0 | Glu GAA   1   1   1   1   1   1 |     GGA   0   0   0   0   0   0
    GTG   1   0   1   1   1   1 |     GCG   0   1   0   0   0   0 |     GAG   4   4   4   4   4   4 |     GGG   0   0   0   0   0   0
--------------------------------------------------------------------------------------------------------------------------------------

--------------------------------------------------------------------------------------------------------------------------------------
Phe TTT   0   0   0   0   0   0 | Ser TCT   0   0   0   0   0   0 | Tyr TAT   0   0   0   0   0   0 | Cys TGT   0   0   0   0   0   0
    TTC   0   0   0   0   0   0 |     TCC   2   2   2   2   2   2 |     TAC   0   0   0   0   0   0 |     TGC   0   0   0   0   0   0
Leu TTA   0   0   0   0   0   0 |     TCA   0   0   0   0   0   0 | *** TAA   0   0   0   0   0   0 | *** TGA   0   0   0   0   0   0
    TTG   0   0   0   0   0   0 |     TCG   0   0   0   0   0   0 |     TAG   0   0   0   0   0   0 | Trp TGG   0   0   0   0   0   0
--------------------------------------------------------------------------------------------------------------------------------------
Leu CTT   0   0   0   0   0   0 | Pro CCT   1   1   1   1   1   2 | His CAT   0   0   0   0   0   0 | Arg CGT   0   0   0   0   0   0
    CTC   0   0   0   0   0   0 |     CCC   0   0   0   0   1   0 |     CAC   0   0   0   0   0   0 |     CGC   0   0   0   0   0   0
    CTA   0   0   0   0   0   0 |     CCA   1   0   1   1   0   0 | Gln CAA   0   0   0   0   0   0 |     CGA   0   0   0   0   0   0
    CTG   0   0   0   0   0   0 |     CCG   1   2   1   1   1   1 |     CAG   0   0   0   0   0   0 |     CGG   0   0   0   0   0   0
--------------------------------------------------------------------------------------------------------------------------------------
Ile ATT   0   0   0   0   0   0 | Thr ACT   0   0   0   0   0   0 | Asn AAT   0   0   0   0   0   0 | Ser AGT   0   0   0   0   0   0
    ATC   1   1   1   1   1   1 |     ACC   0   0   1   0   0   0 |     AAC   1   0   1   1   1   1 |     AGC   1   1   0   1   0   1
    ATA   0   0   0   0   0   0 |     ACA   1   1   1   2   2   1 | Lys AAA   2   2   2   2   2   2 | Arg AGA   1   1   1   1   1   1
Met ATG   0   0   0   0   0   1 |     ACG   1   1   1   0   0   0 |     AAG   3   4   3   3   3   3 |     AGG   0   0   0   0   0   0
--------------------------------------------------------------------------------------------------------------------------------------
Val GTT   0   0   0   0   0   0 | Ala GCT   0   0   0   0   0   0 | Asp GAT   0   0   0   0   0   0 | Gly GGT   0   0   0   0   0   0
    GTC   0   0   0   0   0   0 |     GCC   0   0   0   0   0   0 |     GAC   0   0   0   0   0   0 |     GGC   1   1   1   1   2   1
    GTA   0   0   0   0   0   0 |     GCA   0   0   0   0   0   0 | Glu GAA   1   1   1   1   1   1 |     GGA   0   0   0   0   0   0
    GTG   1   0   1   2   1   1 |     GCG   0   1   0   0   0   0 |     GAG   4   4   4   3   4   4 |     GGG   0   0   0   0   0   0
--------------------------------------------------------------------------------------------------------------------------------------

--------------------------------------------------------------------------------------------------------------------------------------
Phe TTT   0   0   0   0   0   0 | Ser TCT   0   0   0   0   0   0 | Tyr TAT   0   0   0   0   0   0 | Cys TGT   0   0   0   0   0   0
    TTC   0   0   0   0   0   0 |     TCC   2   2   2   2   1   2 |     TAC   0   0   0   0   0   0 |     TGC   0   0   0   0   0   0
Leu TTA   0   0   0   0   0   0 |     TCA   0   0   0   0   0   0 | *** TAA   0   0   0   0   0   0 | *** TGA   0   0   0   0   0   0
    TTG   0   0   0   0   0   0 |     TCG   0   0   0   0   0   0 |     TAG   0   0   0   0   0   0 | Trp TGG   0   0   0   0   0   0
--------------------------------------------------------------------------------------------------------------------------------------
Leu CTT   0   0   0   0   0   0 | Pro CCT   1   0   1   1   1   1 | His CAT   0   0   0   0   0   0 | Arg CGT   0   0   0   0   0   0
    CTC   0   0   0   0   0   0 |     CCC   0   0   0   0   0   0 |     CAC   0   0   0   0   0   0 |     CGC   0   0   0   0   0   0
    CTA   0   0   0   0   0   0 |     CCA   1   2   1   2   1   1 | Gln CAA   0   0   0   0   0   0 |     CGA   0   0   0   0   0   0
    CTG   0   0   0   0   0   0 |     CCG   1   1   1   0   1   1 |     CAG   0   0   0   0   0   0 |     CGG   0   0   0   0   0   0
--------------------------------------------------------------------------------------------------------------------------------------
Ile ATT   0   0   0   0   0   0 | Thr ACT   0   0   0   0   0   0 | Asn AAT   1   0   0   0   0   0 | Ser AGT   0   0   0   0   0   0
    ATC   1   1   1   1   1   1 |     ACC   0   0   0   0   0   0 |     AAC   1   1   1   1   0   1 |     AGC   1   0   1   1   1   1
    ATA   0   0   0   0   0   0 |     ACA   2   1   1   1   2   1 | Lys AAA   1   2   2   2   2   2 | Arg AGA   1   1   1   1   1   1
Met ATG   0   0   1   1   0   0 |     ACG   0   1   0   0   0   1 |     AAG   3   3   3   3   4   3 |     AGG   0   0   0   0   0   0
--------------------------------------------------------------------------------------------------------------------------------------
Val GTT   0   0   0   0   0   0 | Ala GCT   0   0   0   0   0   0 | Asp GAT   0   0   0   0   0   0 | Gly GGT   0   0   0   0   0   0
    GTC   0   0   0   0   0   0 |     GCC   0   0   0   0   1   0 |     GAC   0   0   0   0   0   0 |     GGC   1   2   1   1   1   1
    GTA   0   0   0   0   0   0 |     GCA   0   0   0   0   0   0 | Glu GAA   1   1   1   1   1   1 |     GGA   0   0   0   0   0   0
    GTG   1   1   1   1   0   1 |     GCG   0   0   0   0   1   0 |     GAG   4   4   4   4   4   4 |     GGG   0   0   0   0   0   0
--------------------------------------------------------------------------------------------------------------------------------------

--------------------------------------------------------------------------------------------------------------------------------------
Phe TTT   0   0   0   0   0   0 | Ser TCT   0   1   0   0   0   0 | Tyr TAT   0   0   0   0   0   0 | Cys TGT   0   0   0   0   0   0
    TTC   0   0   0   0   0   0 |     TCC   2   1   1   2   2   2 |     TAC   0   0   0   0   0   0 |     TGC   0   0   0   0   0   0
Leu TTA   0   0   0   0   0   0 |     TCA   0   0   0   0   0   0 | *** TAA   0   0   0   0   0   0 | *** TGA   0   0   0   0   0   0
    TTG   0   0   0   0   0   0 |     TCG   0   0   0   0   0   0 |     TAG   0   0   0   0   0   0 | Trp TGG   0   0   0   0   0   0
--------------------------------------------------------------------------------------------------------------------------------------
Leu CTT   0   0   0   0   0   0 | Pro CCT   1   1   1   1   1   1 | His CAT   0   0   0   0   0   0 | Arg CGT   0   0   0   0   0   0
    CTC   0   0   0   0   0   0 |     CCC   0   0   0   0   0   0 |     CAC   0   0   0   0   0   0 |     CGC   0   0   0   0   0   0
    CTA   0   0   0   0   0   0 |     CCA   1   1   1   1   2   2 | Gln CAA   0   0   0   0   0   0 |     CGA   0   0   0   0   0   0
    CTG   0   0   0   0   0   0 |     CCG   1   1   1   1   0   0 |     CAG   0   0   0   0   0   0 |     CGG   0   0   0   0   0   0
--------------------------------------------------------------------------------------------------------------------------------------
Ile ATT   0   0   0   0   0   0 | Thr ACT   0   0   0   0   0   0 | Asn AAT   0   0   1   0   0   0 | Ser AGT   0   0   0   0   0   0
    ATC   1   1   1   1   1   1 |     ACC   0   0   0   0   0   0 |     AAC   1   1   0   2   1   1 |     AGC   1   1   0   0   1   1
    ATA   0   0   0   0   0   0 |     ACA   1   1   2   2   2   1 | Lys AAA   2   2   2   2   2   2 | Arg AGA   1   1   1   1   1   1
Met ATG   0   0   0   0   0   0 |     ACG   1   1   0   0   0   0 |     AAG   3   3   3   3   3   3 |     AGG   0   0   0   0   0   0
--------------------------------------------------------------------------------------------------------------------------------------
Val GTT   0   0   0   0   0   0 | Ala GCT   0   0   0   0   0   0 | Asp GAT   0   0   0   0   0   0 | Gly GGT   0   0   0   0   0   0
    GTC   0   0   0   0   0   0 |     GCC   0   0   1   0   0   0 |     GAC   0   0   0   0   0   0 |     GGC   1   1   2   1   1   1
    GTA   0   0   0   0   0   0 |     GCA   0   0   0   0   0   1 | Glu GAA   1   1   1   1   1   1 |     GGA   0   0   0   0   0   0
    GTG   1   0   1   1   0   0 |     GCG   0   1   0   0   1   1 |     GAG   4   3   4   4   4   4 |     GGG   0   1   0   0   0   0
--------------------------------------------------------------------------------------------------------------------------------------

Codon position x base (3x4) table for each sequence.

#1: Argali         
position  1:    T:0.08696    C:0.13043    A:0.47826    G:0.30435
position  2:    T:0.08696    C:0.30435    A:0.47826    G:0.13043
position  3:    T:0.04348    C:0.30435    A:0.21739    G:0.43478
Average         T:0.07246    C:0.24638    A:0.39130    G:0.28986

#2: LesserMouseDeer
position  1:    T:0.08696    C:0.13043    A:0.47826    G:0.30435
position  2:    T:0.04348    C:0.30435    A:0.47826    G:0.17391
position  3:    T:0.04348    C:0.30435    A:0.30435    G:0.34783
Average         T:0.05797    C:0.24638    A:0.42029    G:0.27536

#3: LesserKudu     
position  1:    T:0.08696    C:0.13043    A:0.47826    G:0.30435
position  2:    T:0.04348    C:0.34783    A:0.47826    G:0.13043
position  3:    T:0.04348    C:0.26087    A:0.30435    G:0.39130
Average         T:0.05797    C:0.24638    A:0.42029    G:0.27536

#4: ForestMuskDeer2
position  1:    T:0.08696    C:0.13043    A:0.47826    G:0.30435
position  2:    T:0.08696    C:0.30435    A:0.52174    G:0.08696
position  3:    T:0.04348    C:0.26087    A:0.30435    G:0.39130
Average         T:0.07246    C:0.23188    A:0.43478    G:0.26087

#5: Camel          
position  1:    T:0.08696    C:0.13043    A:0.47826    G:0.30435
position  2:    T:0.04348    C:0.34783    A:0.47826    G:0.13043
position  3:    T:0.04348    C:0.26087    A:0.39130    G:0.30435
Average         T:0.05797    C:0.24638    A:0.44928    G:0.24638

#6: KillerWhale    
position  1:    T:0.08696    C:0.13043    A:0.47826    G:0.30435
position  2:    T:0.08696    C:0.30435    A:0.47826    G:0.13043
position  3:    T:0.04348    C:0.26087    A:0.34783    G:0.34783
Average         T:0.07246    C:0.23188    A:0.43478    G:0.26087

#7: DefassaWaterbuck
position  1:    T:0.08696    C:0.13043    A:0.47826    G:0.30435
position  2:    T:0.08696    C:0.34783    A:0.43478    G:0.13043
position  3:    T:0.04348    C:0.26087    A:0.30435    G:0.39130
Average         T:0.07246    C:0.24638    A:0.40580    G:0.27536

#8: Sheep          
position  1:    T:0.08696    C:0.13043    A:0.47826    G:0.30435
position  2:    T:0.08696    C:0.30435    A:0.47826    G:0.13043
position  3:    T:0.04348    C:0.30435    A:0.21739    G:0.43478
Average         T:0.07246    C:0.24638    A:0.39130    G:0.28986

#9: MaxwellsDuiker 
position  1:    T:0.08696    C:0.13043    A:0.47826    G:0.30435
position  2:    T:0.08696    C:0.30435    A:0.47826    G:0.13043
position  3:    T:0.04348    C:0.26087    A:0.26087    G:0.43478
Average         T:0.07246    C:0.23188    A:0.40580    G:0.28986

#10: GazellaPrzewalskyi
position  1:    T:0.08696    C:0.13043    A:0.39130    G:0.39130
position  2:    T:0.04348    C:0.34783    A:0.47826    G:0.13043
position  3:    T:0.04348    C:0.26087    A:0.26087    G:0.43478
Average         T:0.05797    C:0.24638    A:0.37681    G:0.31884

#11: MountainNyala  
position  1:    T:0.08696    C:0.13043    A:0.47826    G:0.30435
position  2:    T:0.04348    C:0.34783    A:0.47826    G:0.13043
position  3:    T:0.04348    C:0.26087    A:0.30435    G:0.39130
Average         T:0.05797    C:0.24638    A:0.42029    G:0.27536

#12: MuntiacusMuntjak
position  1:    T:0.08696    C:0.13043    A:0.47826    G:0.30435
position  2:    T:0.13043    C:0.26087    A:0.47826    G:0.13043
position  3:    T:0.04348    C:0.26087    A:0.26087    G:0.43478
Average         T:0.08696    C:0.21739    A:0.40580    G:0.28986

#13: goat           
position  1:    T:0.08696    C:0.13043    A:0.47826    G:0.30435
position  2:    T:0.08696    C:0.34783    A:0.47826    G:0.08696
position  3:    T:0.04348    C:0.26087    A:0.30435    G:0.39130
Average         T:0.07246    C:0.24638    A:0.42029    G:0.26087

#14: AfricanBuffalo 
position  1:    T:0.08696    C:0.13043    A:0.47826    G:0.30435
position  2:    T:0.04348    C:0.34783    A:0.47826    G:0.13043
position  3:    T:0.04348    C:0.21739    A:0.26087    G:0.47826
Average         T:0.05797    C:0.23188    A:0.40580    G:0.30435

#15: Topi           
position  1:    T:0.08696    C:0.13043    A:0.47826    G:0.30435
position  2:    T:0.08696    C:0.30435    A:0.47826    G:0.13043
position  3:    T:0.04348    C:0.26087    A:0.30435    G:0.39130
Average         T:0.07246    C:0.23188    A:0.42029    G:0.27536

#16: CommonDuiker   
position  1:    T:0.04348    C:0.13043    A:0.52174    G:0.30435
position  2:    T:0.08696    C:0.30435    A:0.47826    G:0.13043
position  3:    T:0.04348    C:0.26087    A:0.26087    G:0.43478
Average         T:0.05797    C:0.23188    A:0.42029    G:0.28986

#17: Suni           
position  1:    T:0.04348    C:0.13043    A:0.47826    G:0.34783
position  2:    T:0.04348    C:0.39130    A:0.43478    G:0.13043
position  3:    T:0.04348    C:0.26087    A:0.26087    G:0.43478
Average         T:0.04348    C:0.26087    A:0.39130    G:0.30435

#18: Springbuck     
position  1:    T:0.08696    C:0.13043    A:0.43478    G:0.34783
position  2:    T:0.08696    C:0.30435    A:0.47826    G:0.13043
position  3:    T:0.08696    C:0.21739    A:0.26087    G:0.43478
Average         T:0.08696    C:0.21739    A:0.39130    G:0.30435

#19: Okapi          
position  1:    T:0.08696    C:0.13043    A:0.47826    G:0.30435
position  2:    T:0.08696    C:0.30435    A:0.47826    G:0.13043
position  3:    T:0.04348    C:0.26087    A:0.26087    G:0.43478
Average         T:0.07246    C:0.23188    A:0.40580    G:0.28986

#20: Giraffe        
position  1:    T:0.08696    C:0.13043    A:0.47826    G:0.30435
position  2:    T:0.13043    C:0.26087    A:0.47826    G:0.13043
position  3:    T:0.04348    C:0.26087    A:0.26087    G:0.43478
Average         T:0.08696    C:0.21739    A:0.40580    G:0.28986

#21: TibetanAntelope
position  1:    T:0.08696    C:0.13043    A:0.47826    G:0.30435
position  2:    T:0.08696    C:0.34783    A:0.47826    G:0.08696
position  3:    T:0.04348    C:0.26087    A:0.26087    G:0.43478
Average         T:0.07246    C:0.24638    A:0.40580    G:0.27536

#22: Sitatunga      
position  1:    T:0.08696    C:0.13043    A:0.47826    G:0.30435
position  2:    T:0.04348    C:0.34783    A:0.47826    G:0.13043
position  3:    T:0.04348    C:0.26087    A:0.30435    G:0.39130
Average         T:0.05797    C:0.24638    A:0.42029    G:0.27536

#23: Oribi          
position  1:    T:0.08696    C:0.13043    A:0.47826    G:0.30435
position  2:    T:0.08696    C:0.30435    A:0.43478    G:0.17391
position  3:    T:0.04348    C:0.26087    A:0.26087    G:0.43478
Average         T:0.07246    C:0.23188    A:0.39130    G:0.30435

#24: BarbarySheep   
position  1:    T:0.08696    C:0.13043    A:0.47826    G:0.30435
position  2:    T:0.08696    C:0.34783    A:0.47826    G:0.08696
position  3:    T:0.04348    C:0.26087    A:0.26087    G:0.43478
Average         T:0.07246    C:0.24638    A:0.40580    G:0.27536

#25: Daviddeer      
position  1:    T:0.08696    C:0.13043    A:0.47826    G:0.30435
position  2:    T:0.08696    C:0.30435    A:0.47826    G:0.13043
position  3:    T:0.08696    C:0.26087    A:0.21739    G:0.43478
Average         T:0.08696    C:0.23188    A:0.39130    G:0.28986

#26: Reindeer       
position  1:    T:0.08696    C:0.13043    A:0.47826    G:0.30435
position  2:    T:0.08696    C:0.30435    A:0.47826    G:0.13043
position  3:    T:0.04348    C:0.26087    A:0.30435    G:0.39130
Average         T:0.07246    C:0.23188    A:0.42029    G:0.27536

#27: Ibex           
position  1:    T:0.08696    C:0.13043    A:0.47826    G:0.30435
position  2:    T:0.08696    C:0.34783    A:0.47826    G:0.08696
position  3:    T:0.04348    C:0.26087    A:0.30435    G:0.39130
Average         T:0.07246    C:0.24638    A:0.42029    G:0.26087

#28: GyrantGazelle  
position  1:    T:0.08696    C:0.13043    A:0.43478    G:0.34783
position  2:    T:0.08696    C:0.30435    A:0.47826    G:0.13043
position  3:    T:0.04348    C:0.26087    A:0.26087    G:0.43478
Average         T:0.07246    C:0.23188    A:0.39130    G:0.30435

#29: Hartebeest     
position  1:    T:0.08696    C:0.13043    A:0.47826    G:0.30435
position  2:    T:0.08696    C:0.30435    A:0.47826    G:0.13043
position  3:    T:0.04348    C:0.26087    A:0.26087    G:0.43478
Average         T:0.07246    C:0.23188    A:0.40580    G:0.28986

#30: Bongo          
position  1:    T:0.08696    C:0.13043    A:0.47826    G:0.30435
position  2:    T:0.04348    C:0.34783    A:0.47826    G:0.13043
position  3:    T:0.04348    C:0.26087    A:0.34783    G:0.34783
Average         T:0.05797    C:0.24638    A:0.43478    G:0.26087

#31: Gerenuk        
position  1:    T:0.08696    C:0.13043    A:0.43478    G:0.34783
position  2:    T:0.08696    C:0.30435    A:0.47826    G:0.13043
position  3:    T:0.04348    C:0.26087    A:0.26087    G:0.43478
Average         T:0.07246    C:0.23188    A:0.39130    G:0.30435

#32: CommonEland    
position  1:    T:0.08696    C:0.13043    A:0.47826    G:0.30435
position  2:    T:0.04348    C:0.34783    A:0.47826    G:0.13043
position  3:    T:0.04348    C:0.26087    A:0.30435    G:0.39130
Average         T:0.05797    C:0.24638    A:0.42029    G:0.27536

#33: MuntiacusReevesi
position  1:    T:0.08696    C:0.13043    A:0.47826    G:0.30435
position  2:    T:0.13043    C:0.26087    A:0.47826    G:0.13043
position  3:    T:0.04348    C:0.26087    A:0.26087    G:0.43478
Average         T:0.08696    C:0.21739    A:0.40580    G:0.28986

#34: HarveysDuiker  
position  1:    T:0.08696    C:0.13043    A:0.47826    G:0.30435
position  2:    T:0.08696    C:0.30435    A:0.47826    G:0.13043
position  3:    T:0.04348    C:0.26087    A:0.26087    G:0.43478
Average         T:0.07246    C:0.23188    A:0.40580    G:0.28986

#35: Pronghorn      
position  1:    T:0.08696    C:0.13043    A:0.47826    G:0.30435
position  2:    T:0.08696    C:0.30435    A:0.47826    G:0.13043
position  3:    T:0.04348    C:0.26087    A:0.34783    G:0.34783
Average         T:0.07246    C:0.23188    A:0.43478    G:0.26087

#36: BlueWildebeest 
position  1:    T:0.08696    C:0.13043    A:0.47826    G:0.30435
position  2:    T:0.08696    C:0.30435    A:0.47826    G:0.13043
position  3:    T:0.04348    C:0.26087    A:0.26087    G:0.43478
Average         T:0.07246    C:0.23188    A:0.40580    G:0.28986

#37: Gemsbok        
position  1:    T:0.08696    C:0.13043    A:0.47826    G:0.30435
position  2:    T:0.08696    C:0.30435    A:0.47826    G:0.13043
position  3:    T:0.04348    C:0.26087    A:0.26087    G:0.43478
Average         T:0.07246    C:0.23188    A:0.40580    G:0.28986

#38: Yak            
position  1:    T:0.08696    C:0.13043    A:0.47826    G:0.30435
position  2:    T:0.04348    C:0.34783    A:0.47826    G:0.13043
position  3:    T:0.04348    C:0.21739    A:0.21739    G:0.52174
Average         T:0.05797    C:0.23188    A:0.39130    G:0.31884

#39: BlueSheep      
position  1:    T:0.08696    C:0.13043    A:0.47826    G:0.30435
position  2:    T:0.08696    C:0.34783    A:0.47826    G:0.08696
position  3:    T:0.04348    C:0.26087    A:0.26087    G:0.43478
Average         T:0.07246    C:0.24638    A:0.40580    G:0.27536

#40: BohorReedbuck  
position  1:    T:0.08696    C:0.13043    A:0.47826    G:0.30435
position  2:    T:0.13043    C:0.30435    A:0.43478    G:0.13043
position  3:    T:0.04348    C:0.26087    A:0.30435    G:0.39130
Average         T:0.08696    C:0.23188    A:0.40580    G:0.27536

#41: KirksDik       
position  1:    T:0.08696    C:0.13043    A:0.43478    G:0.34783
position  2:    T:0.08696    C:0.30435    A:0.47826    G:0.13043
position  3:    T:0.04348    C:0.30435    A:0.26087    G:0.39130
Average         T:0.07246    C:0.24638    A:0.39130    G:0.28986

#42: RoeDeer        
position  1:    T:0.08696    C:0.13043    A:0.47826    G:0.30435
position  2:    T:0.13043    C:0.26087    A:0.47826    G:0.13043
position  3:    T:0.08696    C:0.26087    A:0.21739    G:0.43478
Average         T:0.10145    C:0.21739    A:0.39130    G:0.28986

#43: WhiteLippedDeer
position  1:    T:0.08696    C:0.13043    A:0.47826    G:0.30435
position  2:    T:0.08696    C:0.30435    A:0.47826    G:0.13043
position  3:    T:0.08696    C:0.26087    A:0.26087    G:0.39130
Average         T:0.08696    C:0.23188    A:0.40580    G:0.27536

#44: ThomsonGazelle 
position  1:    T:0.08696    C:0.13043    A:0.43478    G:0.34783
position  2:    T:0.08696    C:0.30435    A:0.47826    G:0.13043
position  3:    T:0.00000    C:0.26087    A:0.30435    G:0.43478
Average         T:0.05797    C:0.23188    A:0.40580    G:0.30435

#45: MuntiacusCrinifrons
position  1:    T:0.08696    C:0.13043    A:0.47826    G:0.30435
position  2:    T:0.13043    C:0.26087    A:0.47826    G:0.13043
position  3:    T:0.04348    C:0.26087    A:0.26087    G:0.43478
Average         T:0.08696    C:0.21739    A:0.40580    G:0.28986

#46: WhiteTailedDeer
position  1:    T:0.08696    C:0.13043    A:0.47826    G:0.30435
position  2:    T:0.13043    C:0.26087    A:0.47826    G:0.13043
position  3:    T:0.04348    C:0.26087    A:0.30435    G:0.39130
Average         T:0.08696    C:0.21739    A:0.42029    G:0.27536

#47: Cattle         
position  1:    T:0.04348    C:0.13043    A:0.47826    G:0.34783
position  2:    T:0.04348    C:0.34783    A:0.47826    G:0.13043
position  3:    T:0.04348    C:0.21739    A:0.30435    G:0.43478
Average         T:0.04348    C:0.23188    A:0.42029    G:0.30435

#48: RoyalAntelope  
position  1:    T:0.08696    C:0.13043    A:0.47826    G:0.30435
position  2:    T:0.08696    C:0.30435    A:0.47826    G:0.13043
position  3:    T:0.04348    C:0.26087    A:0.26087    G:0.43478
Average         T:0.07246    C:0.23188    A:0.40580    G:0.28986

#49: Steenbok       
position  1:    T:0.08696    C:0.13043    A:0.47826    G:0.30435
position  2:    T:0.08696    C:0.30435    A:0.47826    G:0.13043
position  3:    T:0.04348    C:0.26087    A:0.26087    G:0.43478
Average         T:0.07246    C:0.23188    A:0.40580    G:0.28986

#50: Impala         
position  1:    T:0.08696    C:0.13043    A:0.47826    G:0.30435
position  2:    T:0.04348    C:0.34783    A:0.43478    G:0.17391
position  3:    T:0.08696    C:0.21739    A:0.26087    G:0.43478
Average         T:0.07246    C:0.23188    A:0.39130    G:0.30435

#51: Klipspringer   
position  1:    T:0.04348    C:0.13043    A:0.43478    G:0.39130
position  2:    T:0.08696    C:0.30435    A:0.47826    G:0.13043
