CODONML (in paml version 4.10.7, June 2023)  /home/rachel/ruminants_paml/6406-phy-tree/ENSBTAT00000010773.fasta.phy
Model: free dN/dS Ratios for branches,  kappa = 2.000 fixed

Codon frequency model: F3x4
ns =  54  ls = 146

Codon usage in sequences
--------------------------------------------------------------------------------------------------------------------------------------
Phe TTT   7   6   7   7   6   6 | Ser TCT   3   2   3   3   2   3 | Tyr TAT   0   0   0   0   0   0 | Cys TGT   1   1   1   1   1   1
    TTC   4   5   4   4   4   4 |     TCC   0   1   0   0   1   0 |     TAC   2   2   2   2   2   2 |     TGC   0   0   0   0   0   0
Leu TTA   0   0   0   0   0   0 |     TCA   1   0   1   1   1   1 | *** TAA   0   0   0   0   0   0 | *** TGA   0   0   0   0   0   0
    TTG   1   1   1   1   1   1 |     TCG   0   0   0   0   0   0 |     TAG   0   0   0   0   0   0 | Trp TGG   7   7   7   7   7   7
--------------------------------------------------------------------------------------------------------------------------------------
Leu CTT   2   2   1   2   3   3 | Pro CCT   4   3   4   4   5   3 | His CAT   0   1   0   0   0   1 | Arg CGT   2   1   1   1   1   0
    CTC   3   3   4   3   3   3 |     CCC   3   4   3   2   1   3 |     CAC   1   0   1   1   2   1 |     CGC   1   1   1   1   0   0
    CTA   1   1   1   1   0   1 |     CCA   3   3   3   4   4   4 | Gln CAA   0   0   0   0   1   0 |     CGA   2   2   2   2   2   2
    CTG   2   2   2   2   2   2 |     CCG   0   0   0   0   0   0 |     CAG   5   6   5   5   4   6 |     CGG   2   3   3   3   4   3
--------------------------------------------------------------------------------------------------------------------------------------
Ile ATT   0   0   0   0   1   1 | Thr ACT   1   1   2   1   1   0 | Asn AAT   1   1   1   0   1   1 | Ser AGT   0   0   0   0   0   0
    ATC   2   2   2   2   2   2 |     ACC   3   2   2   3   1   2 |     AAC   2   2   2   3   2   2 |     AGC   2   2   2   2   2   2
    ATA   1   1   1   1   0   1 |     ACA   1   1   1   1   1   1 | Lys AAA   7   5   6   6   5   7 | Arg AGA   4   3   4   3   4   3
Met ATG   2   2   3   2   3   2 |     ACG   1   2   0   1   1   2 |     AAG   1   4   2   3   2   2 |     AGG   4   3   4   4   4   4
--------------------------------------------------------------------------------------------------------------------------------------
Val GTT   0   1   0   0   1   0 | Ala GCT   3   3   3   3   3   3 | Asp GAT   3   3   4   3   6   4 | Gly GGT   3   3   3   3   3   3
    GTC   6   5   6   5   6   6 |     GCC   4   4   4   4   3   4 |     GAC   4   4   3   4   1   3 |     GGC   5   4   4   4   4   4
    GTA   2   2   2   3   3   2 |     GCA   3   3   3   3   3   3 | Glu GAA   3   3   3   4   3   4 |     GGA   2   1   2   2   2   2
    GTG   5   5   5   5   4   5 |     GCG   0   1   0   0   2   0 |     GAG  11  11  11  10  11  10 |     GGG   3   5   4   4   4   4
--------------------------------------------------------------------------------------------------------------------------------------

--------------------------------------------------------------------------------------------------------------------------------------
Phe TTT   7   7   7   7   7   7 | Ser TCT   3   3   4   3   3   3 | Tyr TAT   0   0   0   0   0   0 | Cys TGT   1   1   1   1   1   1
    TTC   4   4   4   4   4   4 |     TCC   0   0   0   0   0   0 |     TAC   2   2   2   2   2   2 |     TGC   0   0   0   0   0   0
Leu TTA   0   0   0   0   0   0 |     TCA   1   1   1   1   1   1 | *** TAA   0   0   0   0   0   0 | *** TGA   0   0   0   0   0   0
    TTG   1   1   1   1   1   1 |     TCG   0   0   0   0   0   0 |     TAG   0   0   0   0   0   0 | Trp TGG   7   7   7   7   7   7
--------------------------------------------------------------------------------------------------------------------------------------
Leu CTT   2   2   2   2   1   2 | Pro CCT   4   4   4   4   4   4 | His CAT   0   0   1   0   0   0 | Arg CGT   1   2   1   1   1   1
    CTC   3   3   3   3   4   3 |     CCC   3   3   3   3   3   2 |     CAC   1   1   0   1   1   1 |     CGC   1   1   1   1   1   1
    CTA   1   1   2   1   1   0 |     CCA   3   3   3   3   3   4 | Gln CAA   0   0   0   0   0   0 |     CGA   2   2   2   2   2   2
    CTG   2   2   2   2   2   4 |     CCG   0   0   0   0   0   0 |     CAG   5   5   5   5   5   5 |     CGG   3   2   3   3   3   2
--------------------------------------------------------------------------------------------------------------------------------------
Ile ATT   0   0   0   0   0   0 | Thr ACT   0   1   1   1   3   1 | Asn AAT   1   1   1   1   1   0 | Ser AGT   0   0   0   0   0   0
    ATC   2   2   2   2   2   2 |     ACC   4   3   3   3   1   3 |     AAC   2   2   2   1   2   3 |     AGC   2   2   2   3   2   2
    ATA   1   1   0   1   1   1 |     ACA   1   1   1   1   1   1 | Lys AAA   5   7   6   6   6   6 | Arg AGA   5   4   4   4   4   3
Met ATG   2   2   2   2   2   2 |     ACG   1   1   1   1   1   2 |     AAG   2   1   2   2   2   2 |     AGG   4   4   4   4   4   4
--------------------------------------------------------------------------------------------------------------------------------------
Val GTT   0   0   1   0   0   0 | Ala GCT   2   3   3   3   3   3 | Asp GAT   3   3   3   4   3   3 | Gly GGT   3   3   3   3   3   3
    GTC   6   6   5   5   6   6 |     GCC   4   4   4   4   4   4 |     GAC   4   4   3   3   4   4 |     GGC   4   5   4   4   4   4
    GTA   2   2   2   2   2   2 |     GCA   3   3   3   3   3   3 | Glu GAA   3   3   3   3   3   4 |     GGA   2   2   2   2   2   2
    GTG   5   5   5   6   5   5 |     GCG   1   0   0   0   0   0 |     GAG  11  11  11  11  11  10 |     GGG   4   3   4   4   4   4
--------------------------------------------------------------------------------------------------------------------------------------

--------------------------------------------------------------------------------------------------------------------------------------
Phe TTT   7   7   7   7   7   7 | Ser TCT   3   3   3   3   3   3 | Tyr TAT   0   0   0   0   0   0 | Cys TGT   1   1   1   1   1   1
    TTC   4   4   4   4   4   4 |     TCC   0   0   0   0   0   0 |     TAC   2   2   2   2   2   2 |     TGC   0   0   0   0   0   0
Leu TTA   0   0   0   0   0   0 |     TCA   1   1   1   1   1   1 | *** TAA   0   0   0   0   0   0 | *** TGA   0   0   0   0   0   0
    TTG   1   1   1   1   1   1 |     TCG   0   0   0   0   0   0 |     TAG   0   0   0   0   0   0 | Trp TGG   7   7   7   7   7   7
--------------------------------------------------------------------------------------------------------------------------------------
Leu CTT   2   2   2   2   2   2 | Pro CCT   4   4   4   4   5   4 | His CAT   0   0   0   0   0   0 | Arg CGT   2   1   2   1   1   1
    CTC   3   3   3   3   3   3 |     CCC   3   3   3   3   2   3 |     CAC   1   1   1   1   1   1 |     CGC   1   1   1   1   1   1
    CTA   1   1   1   2   1   1 |     CCA   3   3   3   3   3   3 | Gln CAA   0   0   0   0   0   0 |     CGA   2   2   2   2   2   2
    CTG   2   2   2   2   2   2 |     CCG   0   0   0   0   0   0 |     CAG   5   5   5   5   4   5 |     CGG   2   3   2   3   3   3
--------------------------------------------------------------------------------------------------------------------------------------
Ile ATT   0   0   0   0   0   0 | Thr ACT   1   2   1   1   1   1 | Asn AAT   1   1   1   1   1   1 | Ser AGT   0   0   0   0   0   0
    ATC   2   2   2   2   2   2 |     ACC   3   2   3   3   3   3 |     AAC   2   2   2   2   2   2 |     AGC   2   2   2   2   2   2
    ATA   1   1   0   0   1   1 |     ACA   1   1   1   1   2   1 | Lys AAA   6   6   6   6   6   6 | Arg AGA   4   4   4   4   4   4
Met ATG   3   2   2   2   2   2 |     ACG   1   1   1   1   0   1 |     AAG   2   2   2   2   3   2 |     AGG   4   4   4   4   4   4
--------------------------------------------------------------------------------------------------------------------------------------
Val GTT   0   0   0   0   0   0 | Ala GCT   3   3   3   3   3   3 | Asp GAT   3   4   2   4   3   4 | Gly GGT   3   3   3   3   3   3
    GTC   6   6   6   6   6   5 |     GCC   4   4   4   4   4   4 |     GAC   4   3   5   3   4   3 |     GGC   4   4   4   4   4   4
    GTA   2   2   2   2   1   2 |     GCA   3   3   3   3   3   3 | Glu GAA   3   3   3   3   4   3 |     GGA   2   2   2   2   2   3
    GTG   4   5   6   5   6   6 |     GCG   0   0   0   0   0   0 |     GAG  11  11  11  11  10  11 |     GGG   4   4   4   4   4   3
--------------------------------------------------------------------------------------------------------------------------------------

--------------------------------------------------------------------------------------------------------------------------------------
Phe TTT   7   7   7   7   7   7 | Ser TCT   3   3   3   3   3   3 | Tyr TAT   0   0   0   0   0   0 | Cys TGT   1   1   1   1   1   1
    TTC   4   4   4   4   4   4 |     TCC   0   0   0   0   0   0 |     TAC   2   2   2   2   2   2 |     TGC   0   0   0   0   0   0
Leu TTA   0   0   0   0   0   0 |     TCA   1   1   1   1   1   1 | *** TAA   0   0   0   0   0   0 | *** TGA   0   0   0   0   0   0
    TTG   1   1   1   1   1   1 |     TCG   0   0   0   0   0   0 |     TAG   0   0   0   0   0   0 | Trp TGG   7   7   7   7   7   7
--------------------------------------------------------------------------------------------------------------------------------------
Leu CTT   3   2   2   1   2   2 | Pro CCT   4   4   4   4   4   4 | His CAT   0   0   0   0   0   0 | Arg CGT   1   1   3   1   1   2
    CTC   2   3   3   4   3   3 |     CCC   2   2   3   3   3   3 |     CAC   2   1   1   1   1   1 |     CGC   0   1   1   1   1   1
    CTA   1   1   1   1   1   1 |     CCA   4   4   3   3   3   3 | Gln CAA   0   0   0   1   0   0 |     CGA   2   2   2   2   2   2
    CTG   2   2   2   2   2   2 |     CCG   0   0   0   0   0   0 |     CAG   5   6   5   4   5   5 |     CGG   3   2   1   3   3   2
--------------------------------------------------------------------------------------------------------------------------------------
Ile ATT   0   0   0   0   0   0 | Thr ACT   1   1   1   3   1   1 | Asn AAT   1   1   1   1   1   1 | Ser AGT   0   0   0   0   0   0
    ATC   2   1   2   2   2   2 |     ACC   3   2   3   1   3   3 |     AAC   2   2   2   2   2   2 |     AGC   2   2   2   2   2   2
    ATA   0   2   1   1   1   1 |     ACA   2   2   1   1   1   1 | Lys AAA   7   7   6   6   5   6 | Arg AGA   3   3   4   4   5   5
Met ATG   2   2   2   2   3   2 |     ACG   0   1   1   1   0   1 |     AAG   2   2   2   2   2   2 |     AGG   4   4   4   4   4   3
--------------------------------------------------------------------------------------------------------------------------------------
Val GTT   0   0   0   0   0   0 | Ala GCT   3   3   3   3   3   3 | Asp GAT   4   3   3   3   4   3 | Gly GGT   3   3   3   3   3   3
    GTC   5   5   6   6   5   6 |     GCC   4   4   4   4   4   4 |     GAC   3   4   4   4   3   4 |     GGC   4   4   4   4   4   4
    GTA   3   2   2   2   2   2 |     GCA   3   3   3   3   3   3 | Glu GAA   3   3   3   3   3   3 |     GGA   2   2   2   2   2   2
    GTG   6   6   5   5   6   5 |     GCG   0   0   0   0   0   0 |     GAG  11  11  11  11  11  11 |     GGG   4   4   4   4   4   4
--------------------------------------------------------------------------------------------------------------------------------------

--------------------------------------------------------------------------------------------------------------------------------------
Phe TTT   7   7   7   7   7   7 | Ser TCT   3   3   3   3   3   3 | Tyr TAT   0   0   0   0   0   0 | Cys TGT   1   1   1   1   1   1
    TTC   4   4   4   5   4   4 |     TCC   0   0   0   0   0   0 |     TAC   2   2   2   1   2   2 |     TGC   0   0   0   0   0   0
Leu TTA   0   0   0   0   0   0 |     TCA   1   1   1   1   1   1 | *** TAA   0   0   0   0   0   0 | *** TGA   0   0   0   0   0   0
    TTG   1   1   1   1   1   1 |     TCG   0   0   0   0   0   0 |     TAG   0   0   0   0   0   0 | Trp TGG   7   7   7   7   7   7
--------------------------------------------------------------------------------------------------------------------------------------
Leu CTT   2   2   2   2   2   1 | Pro CCT   4   4   4   4   4   4 | His CAT   0   0   0   0   1   0 | Arg CGT   1   1   2   1   1   1
    CTC   3   3   3   3   3   4 |     CCC   2   3   3   3   3   3 |     CAC   1   1   1   1   1   1 |     CGC   1   1   1   1   1   1
    CTA   0   0   1   1   1   1 |     CCA   4   3   3   3   3   3 | Gln CAA   0   0   0   0   0   0 |     CGA   2   2   2   2   2   2
    CTG   3   3   2   2   2   2 |     CCG   0   0   0   0   0   0 |     CAG   5   5   5   5   5   5 |     CGG   3   3   2   3   2   3
--------------------------------------------------------------------------------------------------------------------------------------
Ile ATT   0   0   0   0   0   0 | Thr ACT   1   1   1   1   1   3 | Asn AAT   0   0   1   1   1   1 | Ser AGT   0   0   0   0   0   0
    ATC   3   2   2   2   2   2 |     ACC   3   3   3   3   3   1 |     AAC   3   3   2   2   2   2 |     AGC   2   2   2   2   2   3
    ATA   1   1   1   1   0   1 |     ACA   1   1   1   1   1   1 | Lys AAA   7   7   6   6   6   6 | Arg AGA   3   3   4   4   4   4
Met ATG   2   2   2   2   2   2 |     ACG   1   1   1   1   1   1 |     AAG   2   2   2   2   2   2 |     AGG   4   4   4   4   4   4
--------------------------------------------------------------------------------------------------------------------------------------
Val GTT   0   1   0   0   0   0 | Ala GCT   3   3   3   3   3   3 | Asp GAT   3   3   3   4   2   3 | Gly GGT   3   3   3   3   3   3
    GTC   5   5   6   5   6   6 |     GCC   4   4   4   4   4   4 |     GAC   4   4   4   3   5   4 |     GGC   4   4   4   4   4   3
    GTA   2   2   2   2   2   2 |     GCA   3   3   3   3   3   3 | Glu GAA   4   3   3   3   3   3 |     GGA   2   2   2   2   2   2
    GTG   5   5   5   6   6   5 |     GCG   0   0   0   0   0   0 |     GAG  10  11  11  11  11  11 |     GGG   4   4   4   4   4   4
--------------------------------------------------------------------------------------------------------------------------------------

--------------------------------------------------------------------------------------------------------------------------------------
Phe TTT   7   7   7   7   8   7 | Ser TCT   4   3   3   3   3   3 | Tyr TAT   0   0   0   0   0   0 | Cys TGT   1   1   1   1   1   1
    TTC   4   4   4   4   3   4 |     TCC   0   0   0   0   0   0 |     TAC   2   2   2   2   2   2 |     TGC   0   0   0   0   0   0
Leu TTA   0   0   0   0   0   0 |     TCA   0   1   1   1   1   1 | *** TAA   0   0   0   0   0   0 | *** TGA   0   0   0   0   0   0
    TTG   1   1   1   1   1   1 |     TCG   0   0   0   0   0   0 |     TAG   0   0   0   0   0   0 | Trp TGG   7   7   7   7   7   7
--------------------------------------------------------------------------------------------------------------------------------------
Leu CTT   2   1   2   2   2   2 | Pro CCT   4   4   4   4   4   4 | His CAT   0   0   0   0   0   0 | Arg CGT   1   1   1   1   1   2
    CTC   3   4   3   3   3   3 |     CCC   3   3   2   3   2   3 |     CAC   1   1   1   1   1   1 |     CGC   1   0   1   1   1   1
    CTA   1   1   0   2   1   1 |     CCA   3   3   4   3   4   3 | Gln CAA   0   0   0   0   0   0 |     CGA   2   3   2   2   2   2
    CTG   2   2   3   2   2   2 |     CCG   0   0   1   0   0   0 |     CAG   5   5   4   5   5   5 |     CGG   3   3   3   3   3   2
--------------------------------------------------------------------------------------------------------------------------------------
Ile ATT   0   0   0   0   0   0 | Thr ACT   1   2   1   1   1   1 | Asn AAT   1   1   0   1   1   1 | Ser AGT   0   0   0   0   0   0
    ATC   2   2   2   2   2   2 |     ACC   3   2   3   3   3   3 |     AAC   2   2   3   2   2   2 |     AGC   2   2   2   2   2   2
    ATA   1   1   1   0   0   0 |     ACA   1   1   1   1   1   1 | Lys AAA   6   6   6   6   7   5 | Arg AGA   4   4   3   4   3   4
Met ATG   2   2   2   2   3   2 |     ACG   1   1   2   1   1   1 |     AAG   2   2   2   2   2   2 |     AGG   4   4   4   4   4   4
--------------------------------------------------------------------------------------------------------------------------------------
Val GTT   0   0   0   0   0   0 | Ala GCT   3   3   3   3   2   3 | Asp GAT   4   3   3   5   3   3 | Gly GGT   3   3   3   3   3   3
    GTC   5   6   6   6   5   6 |     GCC   4   4   4   4   5   4 |     GAC   3   4   4   3   4   4 |     GGC   4   4   4   4   4   4
    GTA   2   2   2   2   2   2 |     GCA   3   3   3   3   3   3 | Glu GAA   3   3   4   3   3   4 |     GGA   3   2   2   2   2   3
    GTG   6   5   5   5   5   6 |     GCG   0   0   0   0   1   0 |     GAG  11  11  10  10  11  11 |     GGG   3   4   4   4   4   3
--------------------------------------------------------------------------------------------------------------------------------------

--------------------------------------------------------------------------------------------------------------------------------------
Phe TTT   7   7   7   7   7   7 | Ser TCT   3   3   3   3   3   3 | Tyr TAT   0   0   0   0   0   0 | Cys TGT   1   1   1   1   1   1
    TTC   4   4   4   4   4   4 |     TCC   0   0   0   0   0   0 |     TAC   2   2   2   2   2   2 |     TGC   0   0   0   0   0   0
Leu TTA   0   0   0   0   0   0 |     TCA   1   1   1   1   1   1 | *** TAA   0   0   0   0   0   0 | *** TGA   0   0   0   0   0   0
    TTG   1   1   1   1   1   1 |     TCG   0   0   0   0   0   0 |     TAG   0   0   0   0   0   0 | Trp TGG   7   7   7   7   7   7
--------------------------------------------------------------------------------------------------------------------------------------
Leu CTT   2   2   2   2   2   2 | Pro CCT   4   4   4   4   4   4 | His CAT   0   0   0   0   0   0 | Arg CGT   1   1   2   1   1   1
    CTC   3   3   3   3   3   3 |     CCC   3   3   3   3   3   2 |     CAC   1   1   1   1   1   1 |     CGC   1   1   1   1   1   1
    CTA   1   1   1   1   1   0 |     CCA   3   3   3   3   3   4 | Gln CAA   0   0   0   0   0   0 |     CGA   2   3   2   2   2   3
    CTG   2   2   2   2   2   3 |     CCG   0   0   0   0   0   0 |     CAG   5   5   5   5   5   5 |     CGG   3   3   2   3   3   2
--------------------------------------------------------------------------------------------------------------------------------------
Ile ATT   0   0   0   0   0   0 | Thr ACT   1   1   1   0   1   1 | Asn AAT   1   0   1   1   1   0 | Ser AGT   0   0   0   0   0   0
    ATC   2   2   2   2   2   2 |     ACC   3   3   3   4   3   3 |     AAC   2   2   2   2   2   3 |     AGC   2   2   2   2   2   2
    ATA   1   1   1   1   1   1 |     ACA   1   1   1   1   2   1 | Lys AAA   6   6   6   5   6   7 | Arg AGA   4   3   4   5   4   3
Met ATG   2   2   2   2   2   2 |     ACG   1   1   1   1   0   1 |     AAG   2   2   2   2   2   2 |     AGG   4   4   4   4   4   4
--------------------------------------------------------------------------------------------------------------------------------------
Val GTT   0   0   0   0   0   1 | Ala GCT   3   3   3   2   3   3 | Asp GAT   4   5   3   3   4   4 | Gly GGT   3   3   3   3   3   3
    GTC   6   6   6   6   5   5 |     GCC   4   4   4   4   4   4 |     GAC   3   3   4   4   4   3 |     GGC   4   4   4   4   4   4
    GTA   2   3   2   2   2   2 |     GCA   3   3   3   3   3   3 | Glu GAA   3   3   2   3   3   3 |     GGA   2   2   2   2   2   2
    GTG   5   4   5   5   6   5 |     GCG   0   0   0   1   0   0 |     GAG  11  11  12  11  10  11 |     GGG   4   4   4   4   4   4
--------------------------------------------------------------------------------------------------------------------------------------

--------------------------------------------------------------------------------------------------------------------------------------
Phe TTT   7   7   7   7   7   7 | Ser TCT   3   3   3   3   3   2 | Tyr TAT   0   0   0   0   0   1 | Cys TGT   1   1   1   1   1   1
    TTC   4   5   4   4   4   4 |     TCC   0   0   0   0   0   0 |     TAC   2   1   3   2   2   1 |     TGC   0   0   0   0   0   0
Leu TTA   0   0   0   0   0   0 |     TCA   1   1   1   1   1   1 | *** TAA   0   0   0   0   0   0 | *** TGA   0   0   0   0   0   0
    TTG   1   1   1   1   1   1 |     TCG   0   0   0   0   0   0 |     TAG   0   0   0   0   0   0 | Trp TGG   7   7   7   7   7   7
--------------------------------------------------------------------------------------------------------------------------------------
Leu CTT   2   2   2   2   2   2 | Pro CCT   4   4   4   4   4   5 | His CAT   0   0   0   0   0   0 | Arg CGT   1   1   1   1   1   1
    CTC   3   3   3   3   3   3 |     CCC   2   3   2   3   3   3 |     CAC   1   1   1   1   1   1 |     CGC   1   1   1   1   1   1
    CTA   0   1   0   0   1   1 |     CCA   4   3   4   3   3   3 | Gln CAA   0   0   0   0   0   0 |     CGA   2   2   2   2   3   3
    CTG   3   2   3   3   2   2 |     CCG   0   0   0   0   0   0 |     CAG   5   5   5   5   5   5 |     CGG   3   3   3   3   3   2
--------------------------------------------------------------------------------------------------------------------------------------
Ile ATT   0   0   0   0   0   0 | Thr ACT   1   1   1   1   1   0 | Asn AAT   0   1   0   0   0   1 | Ser AGT   0   0   0   0   0   1
    ATC   2   2   2   2   2   2 |     ACC   3   3   3   3   3   3 |     AAC   3   2   3   3   2   2 |     AGC   2   2   2   2   2   2
    ATA   1   1   1   1   1   1 |     ACA   1   1   1   1   1   1 | Lys AAA   7   6   6   7   6   6 | Arg AGA   3   4   3   3   3   4
Met ATG   2   2   2   2   2   3 |     ACG   1   1   2   1   1   0 |     AAG   2   2   2   2   2   2 |     AGG   4   4   4   4   4   4
--------------------------------------------------------------------------------------------------------------------------------------
Val GTT   0   1   0   1   0   0 | Ala GCT   3   3   3   3   3   3 | Asp GAT   3   4   3   3   5   4 | Gly GGT   3   3   3   2   3   3
    GTC   6   5   6   5   6   6 |     GCC   4   4   4   4   4   4 |     GAC   4   3   3   4   3   3 |     GGC   4   4   4   5   4   4
    GTA   2   2   2   2   3   2 |     GCA   3   3   3   3   3   2 | Glu GAA   4   3   4   4   3   4 |     GGA   2   2   2   2   2   2
    GTG   5   5   5   5   4   5 |     GCG   0   0   0   0   0   1 |     GAG  10  11  10  10  11  10 |     GGG   4   4   4   4   4   4
--------------------------------------------------------------------------------------------------------------------------------------

--------------------------------------------------------------------------------------------------------------------------------------
Phe TTT   7   7   7   7   7   7 | Ser TCT   3   2   2   3   3   3 | Tyr TAT   0   0   0   0   0   0 | Cys TGT   1   1   1   1   1   1
    TTC   4   4   4   4   5   4 |     TCC   0   0   0   0   0   0 |     TAC   2   2   2   2   2   2 |     TGC   0   0   0   0   0   0
Leu TTA   0   0   0   0   0   0 |     TCA   1   1   1   1   1   1 | *** TAA   0   0   0   0   0   0 | *** TGA   0   0   0   0   0   0
    TTG   1   1   1   1   1   1 |     TCG   0   0   0   0   0   0 |     TAG   0   0   0   0   0   0 | Trp TGG   7   7   7   7   7   7
--------------------------------------------------------------------------------------------------------------------------------------
Leu CTT   2   2   2   2   1   1 | Pro CCT   5   5   5   4   4   4 | His CAT   2   0   0   0   0   0 | Arg CGT   1   1   1   1   1   1
    CTC   3   3   2   3   4   4 |     CCC   2   2   3   2   3   3 |     CAC   0   1   1   1   1   1 |     CGC   1   1   1   1   1   1
    CTA   1   1   1   1   1   1 |     CCA   3   2   3   4   3   3 | Gln CAA   0   0   0   0   0   0 |     CGA   2   3   2   2   2   2
    CTG   2   2   2   2   2   2 |     CCG   0   1   0   0   0   0 |     CAG   4   5   5   5   5   5 |     CGG   3   2   3   3   3   3
--------------------------------------------------------------------------------------------------------------------------------------
Ile ATT   0   0   0   0   0   0 | Thr ACT   1   2   1   1   3   2 | Asn AAT   1   1   1   0   1   1 | Ser AGT   0   0   0   1   0   0
    ATC   2   2   2   2   2   2 |     ACC   3   3   3   3   1   2 |     AAC   2   2   2   3   2   2 |     AGC   2   2   2   1   2   2
    ATA   1   1   1   1   1   1 |     ACA   2   2   3   1   1   1 | Lys AAA   5   6   5   6   6   6 | Arg AGA   5   4   4   3   4   4
Met ATG   2   2   2   2   2   2 |     ACG   0   0   0   1   1   1 |     AAG   2   2   2   3   2   2 |     AGG   4   4   4   4   4   4
--------------------------------------------------------------------------------------------------------------------------------------
Val GTT   0   0   0   0   0   0 | Ala GCT   3   3   3   3   3   4 | Asp GAT   4   4   4   3   3   3 | Gly GGT   3   3   3   3   3   3
    GTC   5   6   7   5   5   6 |     GCC   4   4   4   4   4   4 |     GAC   4   3   4   4   4   4 |     GGC   4   4   4   4   4   4
    GTA   2   2   1   3   2   2 |     GCA   3   3   2   3   3   2 | Glu GAA   3   3   4   4   3   3 |     GGA   2   2   2   2   2   2
    GTG   6   5   6   5   5   5 |     GCG   0   0   0   0   0   0 |     GAG  10  11  10  10  11  11 |     GGG   4   4   4   4   4   4
--------------------------------------------------------------------------------------------------------------------------------------

Codon position x base (3x4) table for each sequence.

#1: Argali         
position  1:    T:0.17808    C:0.21233    A:0.21918    G:0.39041
position  2:    T:0.26027    C:0.20548    A:0.27397    G:0.26027
position  3:    T:0.20548    C:0.28767    A:0.20548    G:0.30137
Average         T:0.21461    C:0.23516    A:0.23288    G:0.31735

#2: LesserMouseDeer
position  1:    T:0.17123    C:0.21918    A:0.21233    G:0.39726
position  2:    T:0.26027    C:0.20548    A:0.28767    G:0.24658
position  3:    T:0.19178    C:0.28082    A:0.17123    G:0.35616
Average         T:0.20776    C:0.23516    A:0.22374    G:0.33333

#3: LesserKudu     
position  1:    T:0.17808    C:0.21233    A:0.21918    G:0.39041
position  2:    T:0.26712    C:0.19863    A:0.27397    G:0.26027
position  3:    T:0.20548    C:0.27397    A:0.19863    G:0.32192
Average         T:0.21689    C:0.22831    A:0.23059    G:0.32420

#4: ForestMuskDeer2
position  1:    T:0.17808    C:0.21233    A:0.21918    G:0.39041
position  2:    T:0.26027    C:0.20548    A:0.28082    G:0.25342
position  3:    T:0.19178    C:0.27397    A:0.21233    G:0.32192
Average         T:0.21005    C:0.23059    A:0.23744    G:0.32192

#5: Camel          
position  1:    T:0.17123    C:0.21918    A:0.20548    G:0.40411
position  2:    T:0.26712    C:0.19863    A:0.27397    G:0.26027
position  3:    T:0.23288    C:0.23288    A:0.19863    G:0.33562
Average         T:0.22374    C:0.21689    A:0.22603    G:0.33333

#6: KillerWhale    
position  1:    T:0.17123    C:0.21918    A:0.21918    G:0.39041
position  2:    T:0.26712    C:0.19863    A:0.29452    G:0.23973
position  3:    T:0.19863    C:0.26027    A:0.21233    G:0.32877
Average         T:0.21233    C:0.22603    A:0.24201    G:0.31963

#7: DefassaWaterbuck
position  1:    T:0.17808    C:0.21233    A:0.21918    G:0.39041
position  2:    T:0.26027    C:0.20548    A:0.26712    G:0.26712
position  3:    T:0.18493    C:0.28767    A:0.19863    G:0.32877
Average         T:0.20776    C:0.23516    A:0.22831    G:0.32877

#8: Sheep          
position  1:    T:0.17808    C:0.21233    A:0.21918    G:0.39041
position  2:    T:0.26027    C:0.20548    A:0.27397    G:0.26027
position  3:    T:0.20548    C:0.28767    A:0.20548    G:0.30137
Average         T:0.21461    C:0.23516    A:0.23288    G:0.31735

#9: MaxwellsDuiker 
position  1:    T:0.18493    C:0.21918    A:0.21233    G:0.38356
position  2:    T:0.26027    C:0.21233    A:0.26712    G:0.26027
position  3:    T:0.21918    C:0.26027    A:0.19863    G:0.32192
Average         T:0.22146    C:0.23059    A:0.22603    G:0.32192

#10: GazellaPrzewalskyi
position  1:    T:0.17808    C:0.21233    A:0.21918    G:0.39041
position  2:    T:0.26027    C:0.20548    A:0.26712    G:0.26712
position  3:    T:0.20548    C:0.26712    A:0.19863    G:0.32877
Average         T:0.21461    C:0.22831    A:0.22831    G:0.32877

#11: MountainNyala  
position  1:    T:0.17808    C:0.21233    A:0.21918    G:0.39041
position  2:    T:0.26027    C:0.20548    A:0.27397    G:0.26027
position  3:    T:0.20548    C:0.27397    A:0.19863    G:0.32192
Average         T:0.21461    C:0.23059    A:0.23059    G:0.32420

#12: MuntiacusMuntjak
position  1:    T:0.17808    C:0.21233    A:0.21918    G:0.39041
position  2:    T:0.26712    C:0.21233    A:0.27397    G:0.24658
position  3:    T:0.19178    C:0.28082    A:0.19863    G:0.32877
Average         T:0.21233    C:0.23516    A:0.23059    G:0.32192

#13: goat           
position  1:    T:0.17808    C:0.21233    A:0.22603    G:0.38356
position  2:    T:0.26027    C:0.20548    A:0.27397    G:0.26027
position  3:    T:0.20548    C:0.28082    A:0.19863    G:0.31507
Average         T:0.21461    C:0.23288    A:0.23288    G:0.31963

#14: AfricanBuffalo 
position  1:    T:0.17808    C:0.21233    A:0.21918    G:0.39041
position  2:    T:0.26027    C:0.20548    A:0.27397    G:0.26027
position  3:    T:0.21233    C:0.26712    A:0.19863    G:0.32192
Average         T:0.21689    C:0.22831    A:0.23059    G:0.32420

#15: Topi           
position  1:    T:0.17808    C:0.21233    A:0.21233    G:0.39726
position  2:    T:0.26027    C:0.20548    A:0.27397    G:0.26027
position  3:    T:0.19863    C:0.28767    A:0.19178    G:0.32192
Average         T:0.21233    C:0.23516    A:0.22603    G:0.32648

#16: CommonDuiker   
position  1:    T:0.17808    C:0.21918    A:0.21233    G:0.39041
position  2:    T:0.26027    C:0.20548    A:0.27397    G:0.26027
position  3:    T:0.20548    C:0.27397    A:0.19863    G:0.32192
Average         T:0.21461    C:0.23288    A:0.22831    G:0.32420

#17: Suni           
position  1:    T:0.17808    C:0.20548    A:0.22603    G:0.39041
position  2:    T:0.26027    C:0.20548    A:0.27397    G:0.26027
position  3:    T:0.20548    C:0.27397    A:0.20548    G:0.31507
Average         T:0.21461    C:0.22831    A:0.23516    G:0.32192

#18: Springbuck     
position  1:    T:0.17808    C:0.21233    A:0.21918    G:0.39041
position  2:    T:0.26027    C:0.20548    A:0.27397    G:0.26027
position  3:    T:0.20548    C:0.26712    A:0.20548    G:0.32192
Average         T:0.21461    C:0.22831    A:0.23288    G:0.32420

#19: Okapi          
position  1:    T:0.17808    C:0.21233    A:0.21233    G:0.39726
position  2:    T:0.26027    C:0.20548    A:0.28767    G:0.24658
position  3:    T:0.21233    C:0.25342    A:0.21233    G:0.32192
Average         T:0.21689    C:0.22374    A:0.23744    G:0.32192

#20: Giraffe        
position  1:    T:0.17808    C:0.21233    A:0.21918    G:0.39041
position  2:    T:0.26027    C:0.20548    A:0.28767    G:0.24658
position  3:    T:0.19863    C:0.25342    A:0.21918    G:0.32877
Average         T:0.21233    C:0.22374    A:0.24201    G:0.32192

#21: TibetanAntelope
position  1:    T:0.17808    C:0.21233    A:0.21918    G:0.39041
position  2:    T:0.26027    C:0.20548    A:0.27397    G:0.26027
position  3:    T:0.21233    C:0.28082    A:0.19863    G:0.30822
Average         T:0.21689    C:0.23288    A:0.23059    G:0.31963

#22: Sitatunga      
position  1:    T:0.17808    C:0.21233    A:0.21918    G:0.39041
position  2:    T:0.26027    C:0.20548    A:0.27397    G:0.26027
position  3:    T:0.20548    C:0.27397    A:0.20548    G:0.31507
Average         T:0.21461    C:0.23059    A:0.23288    G:0.32192

#23: Oribi          
position  1:    T:0.17808    C:0.21233    A:0.21918    G:0.39041
position  2:    T:0.26712    C:0.19863    A:0.26712    G:0.26712
position  3:    T:0.20548    C:0.26712    A:0.19863    G:0.32877
Average         T:0.21689    C:0.22603    A:0.22831    G:0.32877

#24: BarbarySheep   
position  1:    T:0.17808    C:0.21233    A:0.21918    G:0.39041
position  2:    T:0.26027    C:0.20548    A:0.27397    G:0.26027
position  3:    T:0.20548    C:0.28082    A:0.20548    G:0.30822
Average         T:0.21461    C:0.23288    A:0.23288    G:0.31963

#25: Daviddeer      
position  1:    T:0.17808    C:0.21233    A:0.22603    G:0.38356
position  2:    T:0.26027    C:0.20548    A:0.28082    G:0.25342
position  3:    T:0.19178    C:0.28082    A:0.20548    G:0.32192
Average         T:0.21005    C:0.23288    A:0.23744    G:0.31963

#26: Reindeer       
position  1:    T:0.17808    C:0.21233    A:0.21918    G:0.39041
position  2:    T:0.26027    C:0.20548    A:0.28082    G:0.25342
position  3:    T:0.19863    C:0.28082    A:0.19178    G:0.32877
Average         T:0.21233    C:0.23288    A:0.23059    G:0.32420

#27: Ibex           
position  1:    T:0.17808    C:0.21233    A:0.21918    G:0.39041
position  2:    T:0.26027    C:0.20548    A:0.27397    G:0.26027
position  3:    T:0.20548    C:0.28082    A:0.19863    G:0.31507
Average         T:0.21461    C:0.23288    A:0.23059    G:0.32192

#28: GyrantGazelle  
position  1:    T:0.17808    C:0.21233    A:0.21918    G:0.39041
position  2:    T:0.26712    C:0.20548    A:0.26712    G:0.26027
position  3:    T:0.20548    C:0.26712    A:0.19863    G:0.32877
Average         T:0.21689    C:0.22831    A:0.22831    G:0.32648

#29: Hartebeest     
position  1:    T:0.17808    C:0.21233    A:0.21233    G:0.39726
position  2:    T:0.26027    C:0.20548    A:0.28082    G:0.25342
position  3:    T:0.19863    C:0.28767    A:0.19178    G:0.32192
Average         T:0.21233    C:0.23516    A:0.22831    G:0.32420

#30: Bongo          
position  1:    T:0.17808    C:0.21233    A:0.22603    G:0.38356
position  2:    T:0.26027    C:0.20548    A:0.27397    G:0.26027
position  3:    T:0.20548    C:0.27397    A:0.19863    G:0.32192
Average         T:0.21461    C:0.23059    A:0.23288    G:0.32192

#31: Gerenuk        
position  1:    T:0.17808    C:0.21233    A:0.21918    G:0.39041
position  2:    T:0.26027    C:0.20548    A:0.27397    G:0.26027
position  3:    T:0.21233    C:0.26712    A:0.19863    G:0.32192
Average         T:0.21689    C:0.22831    A:0.23059    G:0.32420

#32: CommonEland    
position  1:    T:0.17808    C:0.21233    A:0.21918    G:0.39041
position  2:    T:0.26027    C:0.20548    A:0.27397    G:0.26027
position  3:    T:0.19863    C:0.27397    A:0.20548    G:0.32192
Average         T:0.21233    C:0.23059    A:0.23288    G:0.32420

#33: MuntiacusReevesi
position  1:    T:0.17808    C:0.21233    A:0.21918    G:0.39041
position  2:    T:0.26027    C:0.21918    A:0.26712    G:0.25342
position  3:    T:0.19178    C:0.28082    A:0.19863    G:0.32877
Average         T:0.21005    C:0.23744    A:0.22831    G:0.32420

#34: HarveysDuiker  
position  1:    T:0.17808    C:0.21918    A:0.21233    G:0.39041
position  2:    T:0.26027    C:0.20548    A:0.27397    G:0.26027
position  3:    T:0.21233    C:0.27397    A:0.19863    G:0.31507
Average         T:0.21689    C:0.23288    A:0.22831    G:0.32192

#35: Pronghorn      
position  1:    T:0.17808    C:0.21233    A:0.21918    G:0.39041
position  2:    T:0.25342    C:0.21233    A:0.28082    G:0.25342
position  3:    T:0.19863    C:0.26712    A:0.19863    G:0.33562
Average         T:0.21005    C:0.23059    A:0.23288    G:0.32648

#36: BlueWildebeest 
position  1:    T:0.17808    C:0.21233    A:0.20548    G:0.40411
position  2:    T:0.26027    C:0.20548    A:0.27397    G:0.26027
position  3:    T:0.20548    C:0.28082    A:0.19863    G:0.31507
Average         T:0.21461    C:0.23288    A:0.22603    G:0.32648

#37: Gemsbok        
position  1:    T:0.17808    C:0.21233    A:0.21918    G:0.39041
position  2:    T:0.26027    C:0.20548    A:0.27397    G:0.26027
position  3:    T:0.20548    C:0.27397    A:0.19863    G:0.32192
Average         T:0.21461    C:0.23059    A:0.23059    G:0.32420

#38: Yak            
position  1:    T:0.17808    C:0.21918    A:0.20548    G:0.39726
position  2:    T:0.26027    C:0.20548    A:0.27397    G:0.26027
position  3:    T:0.20548    C:0.27397    A:0.20548    G:0.31507
Average         T:0.21461    C:0.23288    A:0.22831    G:0.32420

#39: BlueSheep      
position  1:    T:0.17808    C:0.21233    A:0.21918    G:0.39041
position  2:    T:0.26027    C:0.20548    A:0.27397    G:0.26027
position  3:    T:0.20548    C:0.28082    A:0.19178    G:0.32192
Average         T:0.21461    C:0.23288    A:0.22831    G:0.32420

#40: BohorReedbuck  
position  1:    T:0.17808    C:0.21233    A:0.21918    G:0.39041
position  2:    T:0.26027    C:0.20548    A:0.26712    G:0.26712
position  3:    T:0.18493    C:0.28767    A:0.19863    G:0.32877
Average         T:0.20776    C:0.23516    A:0.22831    G:0.32877

#41: KirksDik       
position  1:    T:0.17808    C:0.21233    A:0.21918    G:0.39041
position  2:    T:0.26027    C:0.20548    A:0.27397    G:0.26027
position  3:    T:0.20548    C:0.27397    A:0.20548    G:0.31507
Average         T:0.21461    C:0.23059    A:0.23288    G:0.32192

#42: RoeDeer        
position  1:    T:0.17808    C:0.21233    A:0.21918    G:0.39041
position  2:    T:0.26027    C:0.20548    A:0.28082    G:0.25342
position  3:    T:0.20548    C:0.26712    A:0.20548    G:0.32192
Average         T:0.21461    C:0.22831    A:0.23516    G:0.32192

#43: WhiteLippedDeer
position  1:    T:0.17808    C:0.21233    A:0.21918    G:0.39041
position  2:    T:0.26027    C:0.20548    A:0.28082    G:0.25342
position  3:    T:0.19178    C:0.28082    A:0.20548    G:0.32192
Average         T:0.21005    C:0.23288    A:0.23516    G:0.32192

#44: ThomsonGazelle 
position  1:    T:0.17808    C:0.21233    A:0.21918    G:0.39041
position  2:    T:0.26712    C:0.20548    A:0.26712    G:0.26027
position  3:    T:0.21233    C:0.26712    A:0.19863    G:0.32192
Average         T:0.21918    C:0.22831    A:0.22831    G:0.32420

#45: MuntiacusCrinifrons
position  1:    T:0.18493    C:0.21233    A:0.21918    G:0.38356
position  2:    T:0.26027    C:0.21233    A:0.27397    G:0.25342
position  3:    T:0.19178    C:0.28082    A:0.19863    G:0.32877
Average         T:0.21233    C:0.23516    A:0.23059    G:0.32192

#46: WhiteTailedDeer
position  1:    T:0.17808    C:0.21233    A:0.21918    G:0.39041
position  2:    T:0.26027    C:0.20548    A:0.28082    G:0.25342
position  3:    T:0.19178    C:0.28767    A:0.19863    G:0.32192
Average         T:0.21005    C:0.23516    A:0.23288    G:0.32192

#47: Cattle         
position  1:    T:0.17808    C:0.21918    A:0.20548    G:0.39726
position  2:    T:0.26027    C:0.20548    A:0.27397    G:0.26027
position  3:    T:0.20548    C:0.27397    A:0.20548    G:0.31507
Average         T:0.21461    C:0.23288    A:0.22831    G:0.32420

#48: RoyalAntelope  
position  1:    T:0.17123    C:0.21918    A:0.21918    G:0.39041
position  2:    T:0.26712    C:0.19178    A:0.27397    G:0.26712
position  3:    T:0.21233    C:0.26712    A:0.20548    G:0.31507
Average         T:0.21689    C:0.22603    A:0.23288    G:0.32420

#49: Steenbok       
position  1:    T:0.17808    C:0.21233    A:0.21918    G:0.39041
position  2:    T:0.26027    C:0.20548    A:0.26712    G:0.26712
position  3:    T:0.22603    C:0.26027    A:0.20548    G:0.30822
Average         T:0.22146    C:0.22603    A:0.23059    G:0.32192

#50: Impala         
position  1:    T:0.17123    C:0.21233    A:0.22603    G:0.39041
position  2:    T:0.26027    C:0.20548    A:0.27397    G:0.26027
position  3:    T:0.21233    C:0.26712    A:0.20548    G:0.31507
Average         T:0.21461    C:0.22831    A:0.23516    G:0.32192

#51: Klipspringer   
position  1:    T:0.17123    C:0.21233    A:0.21918    G:0.39726
position  2:    T:0.26027    C:0.20548    A:0.27397    G:0.26027
