1
52 1
Argali 0.000000 0.169900 0.052500 0.161800 0.048000 0.000000 0.043200 0.044100 0.052900 0.076100 0.012900 0.061600 0.034900 0.061700 0.066600 0.039100 0.056700 0.047900 0.030000 0.052500 0.043300 0.012500 0.061900 0.066600 0.017200 0.043400 0.030400 0.052600 0.047800 0.052400 0.071300 0.057100 0.083600 0.030400 0.030300 0.056600 0.016600 0.048000 0.052700 0.071000 0.062000 0.047900 0.071300 0.067300 0.052300 0.048300 0.057300 0.066000 0.078500 0.078500 0.052200 0.056900
LesserMous 0.169900 0.000000 0.163800 0.243800 0.159900 0.169900 0.149400 0.167800 0.165100 0.177800 0.170800 0.160000 0.160900 0.166000 0.180400 0.150500 0.150000 0.150000 0.184000 0.164000 0.154600 0.159700 0.166700 0.182200 0.176500 0.158300 0.160700 0.164100 0.149900 0.163600 0.177500 0.154600 0.173600 0.160600 0.163900 0.173400 0.164600 0.159900 0.165900 0.171300 0.167100 0.163100 0.177400 0.184100 0.169800 0.156100 0.171200 0.164600 0.162100 0.187500 0.162900 0.158600
LesserKudu 0.052500 0.163800 0.000000 0.158300 0.039100 0.052500 0.043200 0.044100 0.017300 0.048500 0.039200 0.034700 0.043800 0.052700 0.048300 0.030300 0.038900 0.030200 0.061000 0.017200 0.034500 0.047900 0.043800 0.039400 0.043800 0.034600 0.039300 0.017200 0.038900 0.017100 0.043900 0.048100 0.056300 0.039300 0.039100 0.030200 0.052400 0.039100 0.043700 0.043700 0.043900 0.039000 0.043900 0.030800 0.034700 0.043800 0.048300 0.056900 0.069500 0.055900 0.017100 0.021400
KillerWhal 0.161800 0.243800 0.158300 0.000000 0.168200 0.161800 0.171500 0.165600 0.159500 0.186200 0.168100 0.147800 0.154100 0.184500 0.190300 0.148100 0.167500 0.157100 0.171500 0.158400 0.152300 0.167300 0.174700 0.175100 0.173800 0.152800 0.158900 0.158500 0.147500 0.158000 0.180700 0.167400 0.181900 0.158800 0.168300 0.162000 0.162300 0.168200 0.164100 0.169400 0.175100 0.157700 0.180700 0.177000 0.157400 0.174600 0.169700 0.172900 0.190800 0.190100 0.157300 0.163000
DefassaWat 0.048000 0.159900 0.039100 0.168200 0.000000 0.048000 0.038800 0.039600 0.039400 0.062200 0.043600 0.048000 0.039300 0.048100 0.052800 0.025900 0.043300 0.034500 0.056500 0.039100 0.030100 0.043400 0.048300 0.052900 0.048200 0.030200 0.034800 0.039100 0.034500 0.039000 0.057500 0.043600 0.056400 0.034800 0.034700 0.052300 0.047900 0.000000 0.039300 0.057300 0.048400 0.034500 0.057500 0.053400 0.048000 0.039300 0.039300 0.052400 0.065000 0.060400 0.038800 0.043400
Sheep 0.000000 0.169900 0.052500 0.161800 0.048000 0.000000 0.043200 0.044100 0.052900 0.076100 0.012900 0.061600 0.034900 0.061700 0.066600 0.039100 0.056700 0.047900 0.030000 0.052500 0.043300 0.012500 0.061900 0.066600 0.017200 0.043400 0.030400 0.052600 0.047800 0.052400 0.071300 0.057100 0.083600 0.030400 0.030300 0.056600 0.017000 0.048000 0.052700 0.071000 0.062000 0.047900 0.071300 0.067300 0.052300 0.048300 0.057300 0.066000 0.078500 0.078500 0.052200 0.056900
MaxwellsDu 0.043200 0.149400 0.043200 0.171500 0.038800 0.043200 0.000000 0.043700 0.043500 0.066200 0.038800 0.052100 0.043400 0.025400 0.056900 0.030000 0.047400 0.038700 0.051600 0.043200 0.034200 0.038700 0.052400 0.057000 0.043400 0.034300 0.038900 0.043200 0.038600 0.043100 0.061600 0.021100 0.069300 0.038900 0.038800 0.056400 0.043000 0.038800 0.043400 0.052300 0.052500 0.038700 0.061600 0.057500 0.052100 0.043500 0.047900 0.043100 0.064500 0.073300 0.042900 0.047500
GazellaPrz 0.044100 0.167800 0.044100 0.165600 0.039600 0.044100 0.043700 0.000000 0.044400 0.057800 0.039700 0.044100 0.035300 0.044200 0.049000 0.013000 0.039400 0.039500 0.043800 0.044100 0.017300 0.039500 0.044000 0.048600 0.044300 0.017400 0.030800 0.044200 0.021700 0.044000 0.053200 0.048700 0.075400 0.030800 0.030700 0.048500 0.044000 0.039600 0.026300 0.052900 0.044100 0.021700 0.053200 0.049000 0.044100 0.044400 0.030800 0.057700 0.070400 0.065600 0.043800 0.048500
MountainNy 0.052900 0.165100 0.017300 0.159500 0.039400 0.052900 0.043500 0.044400 0.000000 0.048800 0.048500 0.034900 0.044200 0.053000 0.048700 0.030500 0.039200 0.030400 0.061500 0.000000 0.034700 0.048300 0.044200 0.039700 0.053100 0.034800 0.039600 0.000000 0.039200 0.008600 0.044300 0.048400 0.056800 0.039500 0.039400 0.030400 0.052800 0.039400 0.044100 0.044100 0.044200 0.039200 0.047700 0.040100 0.034900 0.044200 0.048600 0.057300 0.070000 0.056300 0.000000 0.012900
MuntiacusM 0.076100 0.177800 0.048500 0.186200 0.062200 0.076100 0.066200 0.057800 0.048800 0.000000 0.071600 0.048500 0.067200 0.066900 0.071900 0.043900 0.043800 0.052900 0.084700 0.048500 0.048200 0.071300 0.021600 0.034700 0.076500 0.048300 0.062500 0.048500 0.052700 0.048400 0.004300 0.071500 0.079800 0.062400 0.062200 0.052800 0.075900 0.062200 0.053300 0.039000 0.021600 0.052800 0.004300 0.035000 0.048400 0.058000 0.062500 0.080600 0.093300 0.070000 0.048200 0.052900
goat 0.012900 0.170800 0.039200 0.168100 0.043600 0.012900 0.038800 0.039700 0.048500 0.071600 0.000000 0.057200 0.030500 0.057300 0.062100 0.034700 0.052300 0.043500 0.025700 0.048100 0.039000 0.008500 0.057500 0.062200 0.004300 0.039100 0.026000 0.048100 0.043400 0.048000 0.066800 0.052700 0.079100 0.026000 0.025900 0.061500 0.012800 0.043600 0.048300 0.066500 0.057600 0.043500 0.066800 0.053600 0.057100 0.043900 0.052900 0.061500 0.074100 0.078500 0.047800 0.052500
AfricanBuf 0.061600 0.160000 0.034700 0.147800 0.048000 0.061600 0.052100 0.044100 0.034900 0.048500 0.057200 0.000000 0.034900 0.052600 0.057400 0.030200 0.030100 0.030200 0.070100 0.034700 0.034500 0.056900 0.043800 0.039400 0.061900 0.034600 0.039300 0.034700 0.038900 0.034600 0.043900 0.048100 0.056400 0.039300 0.048100 0.039000 0.061400 0.048000 0.043700 0.034800 0.043900 0.038900 0.043900 0.039800 0.034600 0.052900 0.048300 0.056900 0.078600 0.047100 0.034500 0.039000
Topi 0.034900 0.160900 0.043800 0.154100 0.039300 0.034900 0.043400 0.035300 0.044200 0.067200 0.030500 0.034900 0.000000 0.053000 0.057800 0.030500 0.048100 0.039200 0.047800 0.043800 0.034700 0.030400 0.053200 0.057800 0.035000 0.034800 0.004300 0.043900 0.039200 0.043800 0.062500 0.039400 0.065700 0.004300 0.012900 0.057200 0.034800 0.039300 0.044000 0.053100 0.053300 0.039200 0.062500 0.058400 0.052800 0.039600 0.048600 0.048200 0.069900 0.074300 0.043600 0.048200
CommonDuik 0.061700 0.166000 0.052700 0.184500 0.048100 0.061700 0.025400 0.044200 0.053000 0.066900 0.057300 0.052600 0.053000 0.000000 0.057500 0.030300 0.047900 0.048000 0.070300 0.052700 0.034500 0.057000 0.053000 0.057600 0.062000 0.034700 0.048400 0.052700 0.039000 0.052600 0.062200 0.021300 0.083800 0.048300 0.048200 0.057000 0.061500 0.048100 0.043800 0.052800 0.053000 0.039000 0.062200 0.058100 0.052600 0.053000 0.043800 0.052600 0.078800 0.074000 0.052300 0.057100
Suni 0.066600 0.180400 0.048300 0.190300 0.052800 0.066600 0.056900 0.049000 0.048700 0.071900 0.062100 0.057400 0.057800 0.057500 0.000000 0.034900 0.052600 0.052700 0.075200 0.048400 0.039100 0.061800 0.057700 0.062400 0.066900 0.039200 0.053100 0.048400 0.043600 0.048300 0.067100 0.062100 0.088800 0.053100 0.052900 0.052700 0.066400 0.052800 0.048500 0.066800 0.057800 0.043700 0.067100 0.063000 0.057400 0.057800 0.053100 0.052800 0.083500 0.078900 0.048000 0.052700
Springbuck 0.039100 0.150500 0.030300 0.148100 0.025900 0.039100 0.030000 0.013000 0.030500 0.043900 0.034700 0.030200 0.030500 0.030300 0.034900 0.000000 0.025700 0.025800 0.038800 0.030300 0.004200 0.034600 0.030400 0.034900 0.039300 0.004300 0.026000 0.030300 0.008300 0.030200 0.039400 0.034700 0.060800 0.026000 0.025900 0.034500 0.039000 0.025900 0.012900 0.039200 0.030500 0.008500 0.039400 0.035200 0.030200 0.030500 0.017300 0.043500 0.056000 0.051500 0.030100 0.034600
Okapi 0.056700 0.150000 0.038900 0.167500 0.043300 0.056700 0.047400 0.039400 0.039200 0.043800 0.052300 0.030100 0.048100 0.047900 0.052600 0.025700 0.000000 0.017000 0.065200 0.038900 0.029900 0.052100 0.030300 0.043600 0.057000 0.031000 0.043500 0.038900 0.034300 0.038900 0.039200 0.052300 0.069600 0.043500 0.043300 0.034400 0.056600 0.043300 0.039000 0.048000 0.030400 0.035400 0.039200 0.044000 0.030100 0.039200 0.043500 0.061100 0.073600 0.050100 0.038700 0.043200
Giraffe 0.047900 0.150000 0.030200 0.157100 0.034500 0.047900 0.038700 0.039500 0.030400 0.052900 0.043500 0.030200 0.039200 0.048000 0.052700 0.025800 0.017000 0.000000 0.056400 0.030200 0.030000 0.043300 0.039200 0.043800 0.048100 0.031100 0.034700 0.030200 0.034400 0.030100 0.048300 0.043500 0.060700 0.034700 0.034600 0.043300 0.047700 0.034500 0.039100 0.048100 0.039300 0.035500 0.048300 0.044200 0.039000 0.039200 0.043700 0.052200 0.064800 0.051400 0.030000 0.034500
TibetanAnt 0.030000 0.184000 0.061000 0.171500 0.056500 0.030000 0.051600 0.043800 0.061500 0.084700 0.025700 0.070100 0.047800 0.070300 0.075200 0.038800 0.065200 0.056400 0.000000 0.061100 0.043000 0.025600 0.070500 0.075200 0.030100 0.043100 0.043300 0.061100 0.047400 0.060900 0.080000 0.065600 0.092100 0.043300 0.038800 0.074400 0.029900 0.056500 0.052300 0.079600 0.070700 0.047500 0.079900 0.076000 0.070100 0.056900 0.056900 0.074500 0.087000 0.091400 0.060700 0.065400
Sitatunga 0.052500 0.164000 0.017200 0.158400 0.039100 0.052500 0.043200 0.044100 0.000000 0.048500 0.048100 0.034700 0.043800 0.052700 0.048400 0.030300 0.038900 0.030200 0.061100 0.000000 0.034500 0.047900 0.043900 0.039400 0.052800 0.034600 0.039300 0.000000 0.038900 0.008500 0.044000 0.048100 0.056400 0.039300 0.039100 0.030200 0.052400 0.039100 0.043800 0.043800 0.043900 0.039000 0.047500 0.039800 0.034700 0.043900 0.048300 0.056900 0.069500 0.056000 0.000000 0.012800
Oribi 0.043300 0.154600 0.034500 0.152300 0.030100 0.043300 0.034200 0.017300 0.034700 0.048200 0.039000 0.034500 0.034700 0.034500 0.039100 0.004200 0.029900 0.030000 0.043000 0.034500 0.000000 0.038800 0.034700 0.039100 0.043500 0.008500 0.030200 0.034500 0.012700 0.034400 0.043700 0.038900 0.065000 0.030200 0.030100 0.038700 0.043200 0.030100 0.017200 0.043500 0.034700 0.012700 0.043600 0.039500 0.034400 0.034700 0.021500 0.047700 0.060200 0.055600 0.034300 0.038800
BarbaryShe 0.012500 0.159700 0.047900 0.167300 0.043400 0.012500 0.038700 0.039500 0.048300 0.071300 0.008500 0.056900 0.030400 0.057000 0.061800 0.034600 0.052100 0.043300 0.025600 0.047900 0.038800 0.000000 0.057200 0.061900 0.012900 0.038900 0.025900 0.048000 0.043200 0.047800 0.066600 0.052400 0.078800 0.025900 0.025800 0.061200 0.012400 0.043400 0.048100 0.066300 0.057300 0.043300 0.066500 0.062500 0.056900 0.043700 0.052700 0.061300 0.073800 0.078200 0.047600 0.052300
Daviddeer 0.061900 0.166700 0.043800 0.174700 0.048300 0.061900 0.052400 0.044000 0.044200 0.021600 0.057500 0.043800 0.053200 0.053000 0.057700 0.030400 0.030300 0.039200 0.070500 0.043900 0.034700 0.057200 0.000000 0.030200 0.062200 0.034800 0.048500 0.043900 0.039100 0.043800 0.017200 0.057400 0.074900 0.048500 0.048300 0.048200 0.061800 0.048300 0.039500 0.034500 0.008500 0.039200 0.017200 0.030500 0.043800 0.044100 0.048600 0.066400 0.079000 0.065300 0.043600 0.048200
Reindeer 0.066600 0.182200 0.039400 0.175100 0.052900 0.066600 0.057000 0.048600 0.039700 0.034700 0.062200 0.039400 0.057800 0.057600 0.062400 0.034900 0.043600 0.043800 0.075200 0.039400 0.039100 0.061900 0.030200 0.000000 0.067000 0.039200 0.053200 0.039400 0.043600 0.039300 0.030300 0.062100 0.070400 0.053100 0.052900 0.043700 0.066500 0.052900 0.044000 0.030100 0.030300 0.043700 0.030300 0.008600 0.030500 0.057900 0.053200 0.071100 0.083700 0.051800 0.039200 0.043800
Ibex 0.017200 0.176500 0.043800 0.173800 0.048200 0.017200 0.043400 0.044300 0.053100 0.076500 0.004300 0.061900 0.035000 0.062000 0.066900 0.039300 0.057000 0.048100 0.030100 0.052800 0.043500 0.012900 0.062200 0.067000 0.000000 0.043600 0.030500 0.052800 0.048000 0.052700 0.071700 0.057400 0.084000 0.030500 0.030400 0.066200 0.017200 0.048200 0.053000 0.071400 0.062300 0.048100 0.071700 0.058300 0.061800 0.048500 0.057600 0.066300 0.078900 0.083400 0.052400 0.057200
GyrantGaze 0.043400 0.158300 0.034600 0.152800 0.030200 0.043400 0.034300 0.017400 0.034800 0.048300 0.039100 0.034600 0.034800 0.034700 0.039200 0.004300 0.031000 0.031100 0.043100 0.034600 0.008500 0.038900 0.034800 0.039200 0.043600 0.000000 0.030300 0.034600 0.012800 0.034500 0.043800 0.039100 0.065200 0.030300 0.030200 0.038800 0.043300 0.030200 0.017200 0.043600 0.034800 0.004200 0.043700 0.039600 0.034500 0.034800 0.021600 0.039000 0.060400 0.055800 0.034400 0.038900
Hartebeest 0.030400 0.160700 0.039300 0.158900 0.034800 0.030400 0.038900 0.030800 0.039600 0.062500 0.026000 0.039300 0.004300 0.048400 0.053100 0.026000 0.043500 0.034700 0.043300 0.039300 0.030200 0.025900 0.048500 0.053200 0.030500 0.030300 0.000000 0.039300 0.034700 0.039200 0.057800 0.043800 0.070200 0.000000 0.008600 0.052600 0.030300 0.034800 0.039400 0.057500 0.048600 0.034700 0.057800 0.053700 0.048200 0.035000 0.044000 0.052600 0.065200 0.069600 0.039000 0.043600
Bongo 0.052600 0.164100 0.017200 0.158500 0.039100 0.052600 0.043200 0.044200 0.000000 0.048500 0.048100 0.034700 0.043900 0.052700 0.048400 0.030300 0.038900 0.030200 0.061100 0.000000 0.034500 0.048000 0.043900 0.039400 0.052800 0.034600 0.039300 0.000000 0.038900 0.008500 0.044000 0.048100 0.056400 0.039300 0.039100 0.030200 0.052400 0.039100 0.043800 0.043800 0.044000 0.039000 0.047400 0.039800 0.034700 0.043900 0.048300 0.056900 0.069600 0.056000 0.000000 0.012800
Gerenuk 0.047800 0.149900 0.038900 0.147500 0.034500 0.047800 0.038600 0.021700 0.039200 0.052700 0.043400 0.038900 0.039200 0.039000 0.043600 0.008300 0.034300 0.034400 0.047400 0.038900 0.012700 0.043200 0.039100 0.043600 0.048000 0.012800 0.034700 0.038900 0.000000 0.038900 0.048100 0.043400 0.069500 0.034600 0.034500 0.043200 0.038800 0.034500 0.021500 0.047900 0.039200 0.017000 0.048100 0.044000 0.038900 0.039200 0.025900 0.052200 0.064700 0.060100 0.038700 0.043200
CommonElan 0.052400 0.163600 0.017100 0.158000 0.039000 0.052400 0.043100 0.044000 0.008600 0.048400 0.048000 0.034600 0.043800 0.052600 0.048300 0.030200 0.038900 0.030100 0.060900 0.008500 0.034400 0.047800 0.043800 0.039300 0.052700 0.034500 0.039200 0.008500 0.038900 0.000000 0.043900 0.048000 0.056300 0.039200 0.039000 0.030100 0.052300 0.039000 0.043700 0.043700 0.043800 0.038900 0.043800 0.039700 0.034600 0.043800 0.048200 0.056800 0.069400 0.055900 0.008300 0.012800
MuntiacusR 0.071300 0.177500 0.043900 0.180700 0.057500 0.071300 0.061600 0.053200 0.044300 0.004300 0.066800 0.043900 0.062500 0.062200 0.067100 0.039400 0.039200 0.048300 0.080000 0.044000 0.043700 0.066600 0.017200 0.030300 0.071700 0.043800 0.057800 0.044000 0.048100 0.043900 0.000000 0.066800 0.075100 0.057800 0.057600 0.048200 0.071100 0.057500 0.048600 0.034600 0.017200 0.048200 0.000000 0.030600 0.043900 0.053400 0.057800 0.075800 0.088500 0.065400 0.043700 0.048300
HarveysDui 0.057100 0.154600 0.048100 0.167400 0.043600 0.057100 0.021100 0.048700 0.048400 0.071500 0.052700 0.048100 0.039400 0.021300 0.062100 0.034700 0.052300 0.043500 0.065600 0.048100 0.038900 0.052400 0.057400 0.062100 0.057400 0.039100 0.043800 0.048100 0.043400 0.048000 0.066800 0.000000 0.069900 0.043800 0.043600 0.061500 0.056900 0.043600 0.048300 0.048300 0.057500 0.043500 0.066800 0.062700 0.057100 0.048400 0.052900 0.039100 0.074100 0.078500 0.047800 0.052400
Pronghorn 0.083600 0.173600 0.056300 0.181900 0.056400 0.083600 0.069300 0.075400 0.056800 0.079800 0.079100 0.056400 0.065700 0.083800 0.088800 0.060800 0.069600 0.060700 0.092100 0.056400 0.065000 0.078800 0.074900 0.070400 0.084000 0.065200 0.070200 0.056400 0.069500 0.056300 0.075100 0.069900 0.000000 0.070200 0.069900 0.069700 0.083400 0.056400 0.074700 0.065600 0.075100 0.069600 0.075000 0.071100 0.065300 0.074900 0.079400 0.078800 0.091200 0.077500 0.056000 0.060700
BlueWildeb 0.030400 0.160600 0.039300 0.158800 0.034800 0.030400 0.038900 0.030800 0.039500 0.062400 0.026000 0.039300 0.004300 0.048300 0.053100 0.026000 0.043500 0.034700 0.043300 0.039300 0.030200 0.025900 0.048500 0.053100 0.030500 0.030300 0.000000 0.039300 0.034600 0.039200 0.057800 0.043800 0.070200 0.000000 0.008600 0.052600 0.030300 0.034800 0.039400 0.057500 0.048600 0.034700 0.057700 0.053700 0.048200 0.035000 0.044000 0.052600 0.065200 0.069600 0.039000 0.043600
Gemsbok 0.030300 0.163900 0.039100 0.168300 0.034700 0.030300 0.038800 0.030700 0.039400 0.062200 0.025900 0.048100 0.012900 0.048200 0.052900 0.025900 0.043300 0.034600 0.038800 0.039100 0.030100 0.025800 0.048300 0.052900 0.030400 0.030200 0.008600 0.039100 0.034500 0.039000 0.057600 0.043600 0.069900 0.008600 0.000000 0.052400 0.030200 0.034700 0.039300 0.057300 0.048400 0.034600 0.057500 0.053400 0.048000 0.042900 0.043800 0.052400 0.065000 0.069400 0.038900 0.043400
Yak 0.056600 0.173400 0.030200 0.162000 0.052300 0.056600 0.056400 0.048500 0.030400 0.052800 0.061500 0.039000 0.057200 0.057000 0.052700 0.034500 0.034400 0.043300 0.074400 0.030200 0.038700 0.061200 0.048200 0.043700 0.066200 0.038800 0.052600 0.030200 0.043200 0.030100 0.048200 0.061500 0.069700 0.052600 0.052400 0.000000 0.065700 0.052300 0.048000 0.048000 0.048200 0.043200 0.048200 0.044100 0.012700 0.057200 0.052600 0.070300 0.073800 0.060200 0.030000 0.034500
BlueSheep 0.016600 0.164600 0.052400 0.162300 0.047900 0.017000 0.043000 0.044000 0.052800 0.075900 0.012800 0.061400 0.034800 0.061500 0.066400 0.039000 0.056600 0.047700 0.029900 0.052400 0.043200 0.012400 0.061800 0.066500 0.017200 0.043300 0.030300 0.052400 0.038800 0.052300 0.071100 0.056900 0.083400 0.030300 0.030200 0.065700 0.000000 0.047900 0.052600 0.070800 0.061900 0.047700 0.071100 0.067100 0.061400 0.039300 0.057200 0.065700 0.078300 0.082800 0.052100 0.056700
BohorReedb 0.048000 0.159900 0.039100 0.168200 0.000000 0.048000 0.038800 0.039600 0.039400 0.062200 0.043600 0.048000 0.039300 0.048100 0.052800 0.025900 0.043300 0.034500 0.056500 0.039100 0.030100 0.043400 0.048300 0.052900 0.048200 0.030200 0.034800 0.039100 0.034500 0.039000 0.057500 0.043600 0.056400 0.034800 0.034700 0.052300 0.047900 0.000000 0.039300 0.057300 0.048400 0.034500 0.057500 0.053400 0.048000 0.039300 0.039300 0.052400 0.065000 0.060400 0.038800 0.043400
KirksDik 0.052700 0.165900 0.043700 0.164100 0.039300 0.052700 0.043400 0.026300 0.044100 0.053300 0.048300 0.043700 0.044000 0.043800 0.048500 0.012900 0.039000 0.039100 0.052300 0.043800 0.017200 0.048100 0.039500 0.044000 0.053000 0.017200 0.039400 0.043800 0.021500 0.043700 0.048600 0.048300 0.074700 0.039400 0.039300 0.048000 0.052600 0.039300 0.000000 0.048400 0.039600 0.021500 0.048600 0.044500 0.043700 0.044000 0.030600 0.057200 0.069800 0.065100 0.043500 0.048100
RoeDeer 0.071000 0.171300 0.043700 0.169400 0.057300 0.071000 0.052300 0.052900 0.044100 0.039000 0.066500 0.034800 0.053100 0.052800 0.066800 0.039200 0.048000 0.048100 0.079600 0.043800 0.043500 0.066300 0.034500 0.030100 0.071400 0.043600 0.057500 0.043800 0.047900 0.043700 0.034600 0.048300 0.065600 0.057500 0.057300 0.048000 0.070800 0.057300 0.048400 0.000000 0.034600 0.048000 0.034500 0.030400 0.043700 0.062300 0.048400 0.057100 0.088100 0.065100 0.043500 0.048100
WhiteLippe 0.062000 0.167100 0.043900 0.175100 0.048400 0.062000 0.052500 0.044100 0.044200 0.021600 0.057600 0.043900 0.053300 0.053000 0.057800 0.030500 0.030400 0.039300 0.070700 0.043900 0.034700 0.057300 0.008500 0.030300 0.062300 0.034800 0.048600 0.044000 0.039200 0.043800 0.017200 0.057500 0.075100 0.048600 0.048400 0.048200 0.061900 0.048400 0.039600 0.034600 0.000000 0.039200 0.017200 0.030600 0.043900 0.044200 0.048600 0.066500 0.079200 0.065400 0.043600 0.048300
ThomsonGaz 0.047900 0.163100 0.039000 0.157700 0.034500 0.047900 0.038700 0.021700 0.039200 0.052800 0.043500 0.038900 0.039200 0.039000 0.043700 0.008500 0.035400 0.035500 0.047500 0.039000 0.012700 0.043300 0.039200 0.043700 0.048100 0.004200 0.034700 0.039000 0.017000 0.038900 0.048200 0.043500 0.069600 0.034700 0.034600 0.043200 0.047700 0.034500 0.021500 0.048000 0.039200 0.000000 0.048200 0.044100 0.038900 0.039200 0.025900 0.043400 0.064800 0.060100 0.038700 0.043300
MuntiacusC 0.071300 0.177400 0.043900 0.180700 0.057500 0.071300 0.061600 0.053200 0.047700 0.004300 0.066800 0.043900 0.062500 0.062200 0.067100 0.039400 0.039200 0.048300 0.079900 0.047500 0.043600 0.066500 0.017200 0.030300 0.071700 0.043700 0.057800 0.047400 0.048100 0.043800 0.000000 0.066800 0.075000 0.057700 0.057500 0.048200 0.071100 0.057500 0.048600 0.034500 0.017200 0.048200 0.000000 0.030500 0.043800 0.053400 0.057800 0.075800 0.088400 0.065300 0.043600 0.048300
WhiteTaile 0.067300 0.184100 0.030800 0.177000 0.053400 0.067300 0.057500 0.049000 0.040100 0.035000 0.053600 0.039800 0.058400 0.058100 0.063000 0.035200 0.044000 0.044200 0.076000 0.039800 0.039500 0.062500 0.030500 0.008600 0.058300 0.039600 0.053700 0.039800 0.044000 0.039700 0.030600 0.062700 0.071100 0.053700 0.053400 0.044100 0.067100 0.053400 0.044500 0.030400 0.030600 0.044100 0.030500 0.000000 0.039700 0.058400 0.053700 0.071800 0.084600 0.052300 0.039500 0.044200
Cattle 0.052300 0.169800 0.034700 0.157400 0.048000 0.052300 0.052100 0.044100 0.034900 0.048400 0.057100 0.034600 0.052800 0.052600 0.057400 0.030200 0.030100 0.039000 0.070100 0.034700 0.034400 0.056900 0.043800 0.030500 0.061800 0.034500 0.048200 0.034700 0.038900 0.034600 0.043900 0.057100 0.065300 0.048200 0.048000 0.012700 0.061400 0.048000 0.043700 0.043700 0.043900 0.038900 0.043800 0.039700 0.000000 0.052900 0.048200 0.066000 0.078500 0.055900 0.034500 0.039000
RoyalAntel 0.048300 0.156100 0.043800 0.174600 0.039300 0.048300 0.043500 0.044400 0.044200 0.058000 0.043900 0.052900 0.039600 0.053000 0.057800 0.030500 0.039200 0.039200 0.056900 0.043900 0.034700 0.043700 0.044100 0.057900 0.048500 0.034800 0.035000 0.043900 0.039200 0.043800 0.053400 0.048400 0.074900 0.035000 0.042900 0.057200 0.039300 0.039300 0.044000 0.062300 0.044200 0.039200 0.053400 0.058400 0.052900 0.000000 0.048600 0.057200 0.070000 0.074400 0.043600 0.048200
Steenbok 0.057300 0.171200 0.048300 0.169700 0.039300 0.057300 0.047900 0.030800 0.048600 0.062500 0.052900 0.048300 0.048600 0.043800 0.053100 0.017300 0.043500 0.043700 0.056900 0.048300 0.021500 0.052700 0.048600 0.053200 0.057600 0.021600 0.044000 0.048300 0.025900 0.048200 0.057800 0.052900 0.079400 0.044000 0.043800 0.052600 0.057200 0.039300 0.030600 0.048400 0.048600 0.025900 0.057800 0.053700 0.048200 0.048600 0.000000 0.061800 0.074400 0.069700 0.048000 0.052700
Impala 0.066000 0.164600 0.056900 0.172900 0.052400 0.066000 0.043100 0.057700 0.057300 0.080600 0.061500 0.056900 0.048200 0.052600 0.052800 0.043500 0.061100 0.052200 0.074500 0.056900 0.047700 0.061300 0.066400 0.071100 0.066300 0.039000 0.052600 0.056900 0.052200 0.056800 0.075800 0.039100 0.078800 0.052600 0.052400 0.070300 0.065700 0.052400 0.057200 0.057100 0.066500 0.043400 0.075800 0.071800 0.066000 0.057200 0.061800 0.000000 0.073900 0.087400 0.056500 0.061300
Klipspring 0.078500 0.162100 0.069500 0.190800 0.065000 0.078500 0.064500 0.070400 0.070000 0.093300 0.074100 0.078600 0.069900 0.078800 0.083500 0.056000 0.073600 0.064800 0.087000 0.069500 0.060200 0.073800 0.079000 0.083700 0.078900 0.060400 0.065200 0.069600 0.064700 0.069400 0.088500 0.074100 0.091200 0.065200 0.065000 0.073800 0.078300 0.065000 0.069800 0.088100 0.079200 0.064800 0.088400 0.084600 0.078500 0.070000 0.074400 0.073900 0.000000 0.099700 0.069100 0.073800
ForestMusk 0.078500 0.187500 0.055900 0.190100 0.060400 0.078500 0.073300 0.065600 0.056300 0.070000 0.078500 0.047100 0.074300 0.074000 0.078900 0.051500 0.050100 0.051400 0.091400 0.056000 0.055600 0.078200 0.065300 0.051800 0.083400 0.055800 0.069600 0.056000 0.060100 0.055900 0.065400 0.078500 0.077500 0.069600 0.069400 0.060200 0.082800 0.060400 0.065100 0.065100 0.065400 0.060100 0.065300 0.052300 0.055900 0.074400 0.069700 0.087400 0.099700 0.000000 0.055600 0.060200
Bushbuck 0.052200 0.162900 0.017100 0.157300 0.038800 0.052200 0.042900 0.043800 0.000000 0.048200 0.047800 0.034500 0.043600 0.052300 0.048000 0.030100 0.038700 0.030000 0.060700 0.000000 0.034300 0.047600 0.043600 0.039200 0.052400 0.034400 0.039000 0.000000 0.038700 0.008300 0.043700 0.047800 0.056000 0.039000 0.038900 0.030000 0.052100 0.038800 0.043500 0.043500 0.043600 0.038700 0.043600 0.039500 0.034500 0.043600 0.048000 0.056500 0.069100 0.055600 0.000000 0.012700
GreaterKud 0.056900 0.158600 0.021400 0.163000 0.043400 0.056900 0.047500 0.048500 0.012900 0.052900 0.052500 0.039000 0.048200 0.057100 0.052700 0.034600 0.043200 0.034500 0.065400 0.012800 0.038800 0.052300 0.048200 0.043800 0.057200 0.038900 0.043600 0.012800 0.043200 0.012800 0.048300 0.052400 0.060700 0.043600 0.043400 0.034500 0.056700 0.043400 0.048100 0.048100 0.048300 0.043300 0.048300 0.044200 0.039000 0.048200 0.052700 0.061300 0.073800 0.060200 0.012700 0.000000
