1
52 1
Argali 0.000000 0.606600 0.149600 0.364400 0.109700 0.000300 0.175000 0.064000 0.148800 0.148000 0.103400 0.126000 0.133800 0.170700 0.225900 0.100000 0.122900 0.106700 0.133600 0.128100 0.088800 0.081800 0.233900 0.212400 0.094000 0.084200 0.131700 0.128100 0.080700 0.171000 0.148000 0.152200 0.162500 0.130900 0.085800 0.194000 0.061000 0.109700 0.128100 0.163800 0.168900 0.109100 0.148000 0.191500 0.148600 0.196300 0.127400 0.131500 0.127500 0.185100 0.150300 0.132400
LesserMous 0.606600 0.000000 0.560100 0.590100 0.534900 0.530500 0.403100 0.547000 0.568800 0.412200 0.609100 0.455900 0.450500 0.501100 0.478500 0.538100 0.475100 0.429900 0.717700 0.575900 0.533400 0.560800 0.521200 0.492200 0.512600 0.588000 0.452100 0.575900 0.637200 0.596600 0.412200 0.477600 0.510100 0.478300 0.552800 0.583300 0.482200 0.534900 0.696900 0.459000 0.407300 0.599200 0.412200 0.427900 0.515400 0.577200 0.624700 0.480000 0.510700 0.512400 0.603800 0.514100
LesserKudu 0.149600 0.560100 0.000000 0.423700 0.108200 0.151500 0.223500 0.159000 0.078800 0.215400 0.227300 0.169200 0.182000 0.220300 0.245300 0.219100 0.187700 0.126200 0.283800 0.057700 0.155700 0.201100 0.227800 0.281700 0.231200 0.207800 0.179200 0.059400 0.198800 0.099000 0.215400 0.199600 0.134100 0.150300 0.133400 0.235200 0.202200 0.108200 0.208900 0.229600 0.212800 0.211300 0.215400 0.284100 0.189800 0.245500 0.229100 0.128200 0.224400 0.204700 0.079600 0.061100
KillerWhal 0.364400 0.590100 0.423700 0.000000 0.388600 0.332800 0.445000 0.325900 0.421200 0.386500 0.480400 0.323000 0.425300 0.511400 0.455500 0.421200 0.391100 0.333700 0.406000 0.395200 0.348800 0.438600 0.498400 0.420300 0.448900 0.343800 0.420100 0.395200 0.350200 0.448500 0.386500 0.450500 0.451900 0.371500 0.356500 0.315100 0.408200 0.388600 0.379600 0.434700 0.413700 0.349200 0.386500 0.399000 0.320100 0.429700 0.441900 0.373000 0.436900 0.490600 0.422600 0.372000
DefassaWat 0.109700 0.534900 0.108200 0.388600 0.000000 0.111000 0.109200 0.045000 0.107600 0.153900 0.134900 0.108800 0.067300 0.154000 0.182400 0.130600 0.176800 0.111700 0.187600 0.086500 0.066800 0.110900 0.298800 0.246300 0.113700 0.115000 0.065900 0.086500 0.132900 0.129900 0.153900 0.087100 0.174000 0.088200 0.022000 0.226600 0.088100 0.000000 0.115700 0.219500 0.175500 0.092700 0.153900 0.249000 0.178800 0.131900 0.112200 0.088500 0.132600 0.140800 0.108800 0.043400
Sheep 0.000300 0.530500 0.151500 0.332800 0.111000 0.000000 0.177200 0.064500 0.150900 0.127700 0.104700 0.083800 0.135600 0.172400 0.229100 0.101100 0.124600 0.108200 0.127600 0.129700 0.084900 0.082700 0.213900 0.192400 0.084400 0.085000 0.133500 0.129700 0.081600 0.173200 0.127700 0.154000 0.162200 0.132700 0.088400 0.173400 0.061800 0.111000 0.132000 0.144300 0.148700 0.110400 0.127700 0.171300 0.128200 0.173500 0.129600 0.133100 0.129100 0.187200 0.152000 0.134000
MaxwellsDu 0.175000 0.403100 0.223500 0.445000 0.109200 0.177200 0.000000 0.111600 0.222300 0.220000 0.201100 0.173600 0.086300 0.123300 0.226000 0.195100 0.192500 0.129600 0.256600 0.201000 0.132200 0.175900 0.311800 0.315600 0.180800 0.182700 0.084600 0.201000 0.198900 0.245600 0.220000 0.061000 0.244000 0.153500 0.087300 0.269400 0.105800 0.109200 0.183500 0.287200 0.241700 0.160900 0.220000 0.294100 0.221300 0.197100 0.179600 0.154300 0.103500 0.210400 0.224200 0.156000
GazellaPrz 0.064000 0.547000 0.159000 0.325900 0.045000 0.064500 0.111600 0.000000 0.158200 0.157300 0.087200 0.119500 0.068400 0.157600 0.185500 0.084100 0.178800 0.113500 0.131300 0.136200 0.021500 0.064700 0.304000 0.250100 0.065900 0.066500 0.067400 0.136200 0.085300 0.181800 0.157300 0.089000 0.170900 0.090200 0.022500 0.206000 0.042900 0.045000 0.067100 0.224300 0.179400 0.044600 0.157300 0.228000 0.158000 0.131400 0.065100 0.090500 0.134400 0.143300 0.159800 0.091100
MountainNy 0.148800 0.568800 0.078800 0.421200 0.107600 0.150900 0.222300 0.158200 0.000000 0.214400 0.251700 0.168400 0.157000 0.243700 0.244000 0.218100 0.186800 0.125600 0.282400 0.019300 0.178900 0.224700 0.301900 0.280400 0.229900 0.206900 0.129500 0.019100 0.197800 0.057700 0.214400 0.198600 0.133800 0.103700 0.132700 0.234000 0.201200 0.107600 0.233800 0.228400 0.235600 0.210300 0.214400 0.283000 0.188800 0.244300 0.227800 0.150200 0.223200 0.203600 0.079400 0.061000
MuntiacusM 0.148000 0.412200 0.215400 0.386500 0.153900 0.127700 0.220000 0.157300 0.214400 0.000000 0.148200 0.038600 0.179900 0.241400 0.242800 0.168600 0.138300 0.123200 0.251200 0.193500 0.177900 0.172100 0.113300 0.074100 0.176700 0.205800 0.176200 0.193500 0.221400 0.236900 0.000000 0.196500 0.182800 0.147900 0.131800 0.140600 0.149700 0.153900 0.232500 0.054500 0.018200 0.208600 0.000000 0.074800 0.099100 0.193600 0.226700 0.103200 0.194500 0.104100 0.216100 0.150200
goat 0.103400 0.609100 0.227300 0.480400 0.134900 0.104700 0.201100 0.087200 0.251700 0.148200 0.000000 0.151100 0.160500 0.197200 0.281800 0.169300 0.218200 0.204400 0.175900 0.229300 0.062800 0.061100 0.187000 0.237700 0.062500 0.156200 0.155900 0.229300 0.172100 0.276100 0.148200 0.178300 0.273800 0.181000 0.112200 0.246700 0.083000 0.134900 0.108900 0.211600 0.123100 0.134800 0.148200 0.216900 0.198700 0.226300 0.152800 0.131700 0.175500 0.186500 0.253600 0.183400
AfricanBuf 0.126000 0.455900 0.169200 0.323000 0.108800 0.083800 0.173600 0.119500 0.168400 0.038600 0.151100 0.000000 0.132600 0.194900 0.194600 0.124300 0.142100 0.126700 0.215300 0.147900 0.141700 0.127700 0.159400 0.117100 0.147800 0.157100 0.130600 0.147900 0.173600 0.190400 0.038600 0.151000 0.183700 0.104500 0.109200 0.141700 0.105800 0.108800 0.207400 0.096300 0.057700 0.159700 0.038600 0.118100 0.099900 0.146800 0.177800 0.061300 0.149300 0.154600 0.169900 0.105600
Topi 0.133800 0.450500 0.182000 0.425300 0.067300 0.135600 0.086300 0.068400 0.157000 0.179900 0.160500 0.132600 0.000000 0.130300 0.209200 0.154600 0.202700 0.136400 0.214300 0.159100 0.090100 0.135500 0.329100 0.274600 0.138400 0.140000 0.021600 0.159100 0.157600 0.180400 0.179900 0.064500 0.173900 0.089200 0.044600 0.254200 0.065200 0.067300 0.140800 0.247700 0.202000 0.117500 0.179900 0.277100 0.205000 0.155700 0.136900 0.112900 0.109200 0.166900 0.182700 0.113700
CommonDuik 0.170700 0.501100 0.220300 0.511400 0.154000 0.172400 0.123300 0.157600 0.243700 0.241400 0.197200 0.194900 0.130300 0.000000 0.272700 0.190500 0.265500 0.200200 0.307400 0.222200 0.129600 0.172700 0.333700 0.338000 0.228100 0.178300 0.127700 0.222200 0.193700 0.267200 0.241400 0.060100 0.264800 0.175400 0.131900 0.317100 0.149500 0.154000 0.180000 0.307800 0.212300 0.209200 0.241400 0.317600 0.267800 0.243500 0.226200 0.128000 0.146400 0.208600 0.245600 0.177800
Suni 0.225900 0.478500 0.245300 0.455500 0.182400 0.229100 0.226000 0.185500 0.244000 0.242800 0.281800 0.194600 0.209200 0.272700 0.000000 0.247600 0.240300 0.176000 0.343500 0.222700 0.206500 0.253000 0.365800 0.338700 0.228900 0.235900 0.205900 0.222700 0.252600 0.215900 0.242800 0.226600 0.264900 0.175100 0.158800 0.262900 0.229500 0.182400 0.263400 0.285800 0.264600 0.239700 0.242800 0.340400 0.216000 0.276000 0.231900 0.176200 0.252800 0.232300 0.195300 0.177400
Springbuck 0.100000 0.538100 0.219100 0.421200 0.130600 0.101100 0.195100 0.084100 0.218100 0.168600 0.169300 0.124300 0.154600 0.190500 0.247600 0.000000 0.239400 0.175200 0.196600 0.196900 0.104200 0.146100 0.307500 0.233000 0.148900 0.082400 0.152400 0.196900 0.078600 0.241100 0.168600 0.172700 0.236000 0.151700 0.108200 0.214700 0.124400 0.130600 0.150600 0.232000 0.189500 0.106900 0.168600 0.212300 0.169300 0.218200 0.147500 0.105700 0.220300 0.206700 0.219800 0.153100
Okapi 0.122900 0.475100 0.187700 0.391100 0.176800 0.124600 0.192500 0.178800 0.186800 0.138300 0.218200 0.142100 0.202700 0.265500 0.240300 0.239400 0.000000 0.056500 0.197400 0.166600 0.199100 0.194800 0.171000 0.198800 0.196400 0.229000 0.199500 0.166600 0.219300 0.208600 0.138300 0.219800 0.157600 0.170100 0.153700 0.230800 0.172100 0.176800 0.256600 0.153600 0.158000 0.232200 0.138300 0.200700 0.185900 0.244600 0.250300 0.170800 0.145500 0.171700 0.188300 0.171800
Giraffe 0.106700 0.429900 0.126200 0.333700 0.111700 0.108200 0.129600 0.113500 0.125600 0.123200 0.204400 0.126700 0.136400 0.200200 0.176000 0.175200 0.056500 0.000000 0.235900 0.105100 0.134800 0.180400 0.157200 0.185400 0.181900 0.161600 0.134200 0.105100 0.154600 0.147200 0.123200 0.155100 0.099100 0.107200 0.088800 0.168900 0.157100 0.111700 0.187700 0.139300 0.143400 0.163800 0.123200 0.187100 0.124900 0.178900 0.182800 0.107700 0.129900 0.108400 0.126800 0.108400
TibetanAnt 0.133600 0.717700 0.283800 0.406000 0.187600 0.127600 0.256600 0.131300 0.282400 0.251200 0.175900 0.215300 0.214300 0.307400 0.343500 0.196600 0.197400 0.235900 0.000000 0.259500 0.154100 0.151600 0.377500 0.287200 0.154500 0.131300 0.211000 0.259500 0.195600 0.307400 0.251200 0.232600 0.298200 0.236600 0.172500 0.334900 0.128800 0.187600 0.164500 0.293600 0.274100 0.109800 0.251200 0.266300 0.282300 0.283600 0.203600 0.237300 0.176600 0.302500 0.284500 0.238600
Sitatunga 0.128100 0.575900 0.057700 0.395200 0.086500 0.129700 0.201000 0.136200 0.019300 0.193500 0.229300 0.147900 0.159100 0.222200 0.222700 0.196900 0.166600 0.105100 0.259500 0.000000 0.157200 0.202800 0.281000 0.259300 0.207700 0.184600 0.156700 0.000000 0.176500 0.079400 0.193500 0.177200 0.160500 0.128800 0.111200 0.213500 0.179500 0.086500 0.211000 0.208300 0.214700 0.187600 0.193500 0.261400 0.168500 0.222700 0.205600 0.129300 0.201700 0.181700 0.059900 0.040200
Oribi 0.088800 0.533400 0.155700 0.348800 0.066800 0.084900 0.132200 0.021500 0.178900 0.177900 0.062800 0.141700 0.090100 0.129600 0.206500 0.104200 0.199100 0.134800 0.154100 0.157200 0.000000 0.041400 0.267800 0.270800 0.086700 0.087400 0.088800 0.157200 0.105600 0.202300 0.177900 0.110000 0.190900 0.111500 0.046400 0.226400 0.063500 0.066800 0.045100 0.244300 0.150500 0.066100 0.177900 0.249000 0.178600 0.156100 0.085800 0.065100 0.156500 0.165300 0.180500 0.112500
BarbaryShe 0.081800 0.560800 0.201100 0.438600 0.110900 0.082700 0.175900 0.064700 0.224700 0.172100 0.061100 0.127700 0.135500 0.172700 0.253000 0.146100 0.194800 0.180400 0.151600 0.202800 0.041400 0.000000 0.260800 0.263300 0.084500 0.132000 0.132800 0.202800 0.148400 0.248400 0.172100 0.153600 0.245300 0.155800 0.088600 0.273300 0.061600 0.110900 0.086000 0.236300 0.145900 0.110800 0.172100 0.242400 0.224400 0.200200 0.129000 0.108300 0.151200 0.213400 0.226500 0.158000
Daviddeer 0.233900 0.521200 0.227800 0.498400 0.298800 0.213900 0.311800 0.304000 0.301900 0.113300 0.187000 0.159400 0.329100 0.333700 0.365800 0.307500 0.171000 0.157200 0.377500 0.281000 0.267800 0.260800 0.000000 0.170900 0.267100 0.358500 0.323800 0.281000 0.343500 0.324900 0.113300 0.343900 0.217400 0.287300 0.274300 0.199700 0.291100 0.298800 0.327600 0.128800 0.091900 0.363700 0.113300 0.172300 0.157500 0.335900 0.383100 0.187600 0.259300 0.237200 0.303900 0.290100
Reindeer 0.212400 0.492200 0.281700 0.420300 0.246300 0.192400 0.315600 0.250100 0.280400 0.074100 0.237700 0.117100 0.274600 0.338000 0.338700 0.233000 0.198800 0.185400 0.287200 0.259300 0.270800 0.263300 0.170900 0.000000 0.269400 0.243200 0.270200 0.259300 0.256900 0.304200 0.074100 0.290800 0.245700 0.237200 0.222700 0.201800 0.240100 0.246300 0.332100 0.110200 0.092400 0.246300 0.074100 0.070100 0.159100 0.284000 0.298500 0.189000 0.259000 0.189100 0.282800 0.239400
Ibex 0.094000 0.512600 0.231200 0.448900 0.113700 0.084400 0.180800 0.065900 0.229900 0.176700 0.062500 0.147800 0.138400 0.228100 0.228900 0.148900 0.196400 0.181900 0.154500 0.207700 0.086700 0.084500 0.267100 0.269400 0.000000 0.134600 0.136200 0.207700 0.151500 0.254100 0.176700 0.157500 0.250300 0.159800 0.105200 0.280300 0.062900 0.113700 0.146200 0.243200 0.198400 0.112900 0.176700 0.247500 0.230000 0.203900 0.131600 0.160500 0.155200 0.218300 0.231900 0.161500
GyrantGaze 0.084200 0.588000 0.207800 0.343800 0.115000 0.085000 0.182700 0.066500 0.206900 0.205800 0.156200 0.157100 0.140000 0.178300 0.235900 0.082400 0.229000 0.161600 0.131300 0.184600 0.087400 0.132000 0.358500 0.243200 0.134600 0.000000 0.137900 0.184600 0.105600 0.231000 0.205800 0.159400 0.223400 0.137300 0.091500 0.256300 0.109300 0.115000 0.088300 0.274400 0.228400 0.021300 0.205800 0.221700 0.206700 0.205300 0.133000 0.137700 0.209000 0.194300 0.208700 0.138600
Hartebeest 0.131700 0.452100 0.179200 0.420100 0.065900 0.133500 0.084600 0.067400 0.129500 0.176200 0.155900 0.130600 0.021600 0.127700 0.205900 0.152400 0.199500 0.134200 0.211000 0.156700 0.088800 0.132800 0.323800 0.270200 0.136200 0.137900 0.000000 0.156700 0.155200 0.151800 0.176200 0.063200 0.146500 0.064100 0.043900 0.250300 0.062600 0.065900 0.138600 0.242600 0.197900 0.115700 0.176200 0.272800 0.201800 0.153900 0.134800 0.110600 0.107000 0.164300 0.179900 0.111900
Bongo 0.128100 0.575900 0.059400 0.395200 0.086500 0.129700 0.201000 0.136200 0.019100 0.193500 0.229300 0.147900 0.159100 0.222200 0.222700 0.196900 0.166600 0.105100 0.259500 0.000000 0.157200 0.202800 0.281000 0.259300 0.207700 0.184600 0.156700 0.000000 0.176500 0.079400 0.193500 0.177200 0.160500 0.128800 0.111200 0.213500 0.179500 0.086500 0.211000 0.208300 0.214700 0.187600 0.193500 0.261400 0.168500 0.222700 0.205600 0.129300 0.201700 0.181700 0.059900 0.040900
Gerenuk 0.080700 0.637200 0.198800 0.350200 0.132900 0.081600 0.198900 0.085300 0.197800 0.221400 0.172100 0.173600 0.157600 0.193700 0.252600 0.078600 0.219300 0.154600 0.195600 0.176500 0.105600 0.148400 0.343500 0.256900 0.151500 0.105600 0.155200 0.176500 0.000000 0.220900 0.221400 0.175800 0.214300 0.154400 0.110100 0.245600 0.126600 0.132900 0.152900 0.263300 0.243300 0.131600 0.221400 0.235800 0.197900 0.223400 0.150200 0.155000 0.196900 0.210600 0.199500 0.156000
CommonElan 0.171000 0.596600 0.099000 0.448500 0.129900 0.173200 0.245600 0.181800 0.057700 0.236900 0.276100 0.190400 0.180400 0.267200 0.215900 0.241100 0.208600 0.147200 0.307400 0.079400 0.202300 0.248400 0.324900 0.304200 0.254100 0.231000 0.151800 0.079400 0.220900 0.000000 0.236900 0.221800 0.155800 0.125200 0.155700 0.256300 0.224600 0.129900 0.258700 0.250300 0.258300 0.235000 0.236900 0.306200 0.210700 0.268000 0.251900 0.172600 0.246600 0.227400 0.019100 0.081800
MuntiacusR 0.148000 0.412200 0.215400 0.386500 0.153900 0.127700 0.220000 0.157300 0.214400 0.000000 0.148200 0.038600 0.179900 0.241400 0.242800 0.168600 0.138300 0.123200 0.251200 0.193500 0.177900 0.172100 0.113300 0.074100 0.176700 0.205800 0.176200 0.193500 0.221400 0.236900 0.000000 0.196500 0.182800 0.147900 0.131800 0.140600 0.149700 0.153900 0.232500 0.053600 0.018100 0.208600 0.000000 0.074800 0.099100 0.193600 0.226700 0.103200 0.194500 0.104100 0.216100 0.150200
HarveysDui 0.152200 0.477600 0.199600 0.450500 0.087100 0.154000 0.061000 0.089000 0.198600 0.196500 0.178300 0.151000 0.064500 0.060100 0.226600 0.172700 0.219800 0.155100 0.232600 0.177200 0.110000 0.153600 0.343900 0.290800 0.157500 0.159400 0.063200 0.177200 0.175800 0.221800 0.196500 0.000000 0.218500 0.131100 0.065300 0.270500 0.084500 0.087100 0.160400 0.262300 0.218100 0.137600 0.196500 0.269900 0.222200 0.174600 0.155800 0.131500 0.083000 0.161700 0.200400 0.133000
Pronghorn 0.162500 0.510100 0.134100 0.451900 0.174000 0.162200 0.244000 0.170900 0.133800 0.182800 0.273800 0.183700 0.173900 0.264800 0.264900 0.236000 0.157600 0.099100 0.298200 0.160500 0.190900 0.245300 0.217400 0.245700 0.250300 0.223400 0.146500 0.160500 0.214300 0.155800 0.182800 0.218500 0.000000 0.119000 0.147900 0.254000 0.221500 0.174000 0.249900 0.152200 0.203000 0.221900 0.182800 0.247700 0.206900 0.264300 0.243500 0.168300 0.245100 0.170700 0.183200 0.165500
BlueWildeb 0.130900 0.478300 0.150300 0.371500 0.088200 0.132700 0.153500 0.090200 0.103700 0.147900 0.181000 0.104500 0.089200 0.175400 0.175100 0.151700 0.170100 0.107200 0.236600 0.128800 0.111500 0.155800 0.287300 0.237200 0.159800 0.137300 0.064100 0.128800 0.154400 0.125200 0.147900 0.131100 0.119000 0.000000 0.066100 0.217900 0.132600 0.087500 0.162900 0.211200 0.168900 0.139600 0.147900 0.239900 0.171900 0.128500 0.158200 0.085000 0.178000 0.135000 0.151000 0.086000
Gemsbok 0.085800 0.552800 0.133400 0.356500 0.022000 0.088400 0.087300 0.022500 0.132700 0.131800 0.112200 0.109200 0.044600 0.131900 0.158800 0.108200 0.153700 0.088800 0.172500 0.111200 0.046400 0.088600 0.274300 0.222700 0.105200 0.091500 0.043900 0.111200 0.110100 0.155700 0.131800 0.065300 0.147900 0.066100 0.000000 0.202900 0.066000 0.022000 0.090100 0.197400 0.153300 0.069100 0.131800 0.224900 0.155700 0.108200 0.089300 0.066300 0.110500 0.116700 0.134100 0.066800
Yak 0.194000 0.583300 0.235200 0.315100 0.226600 0.173400 0.269400 0.206000 0.234000 0.140600 0.246700 0.141700 0.254200 0.317100 0.262900 0.214700 0.230800 0.168900 0.334900 0.213500 0.226400 0.273300 0.199700 0.201800 0.280300 0.256300 0.250300 0.213500 0.245600 0.256300 0.140600 0.270500 0.254000 0.217900 0.202900 0.000000 0.249500 0.226600 0.284500 0.156200 0.160300 0.260600 0.140600 0.157900 0.036700 0.264600 0.278400 0.170100 0.270800 0.223300 0.235700 0.220200
BlueSheep 0.061000 0.482200 0.202200 0.408200 0.088100 0.061800 0.105800 0.042900 0.201200 0.149700 0.083000 0.105800 0.065200 0.149500 0.229500 0.124400 0.172100 0.157100 0.128800 0.179500 0.063500 0.061600 0.291100 0.240100 0.062900 0.109300 0.062600 0.179500 0.126600 0.224600 0.149700 0.084500 0.221500 0.132600 0.066000 0.249500 0.000000 0.088100 0.109700 0.213900 0.170800 0.088000 0.149700 0.218800 0.201100 0.176500 0.106900 0.133100 0.083300 0.188300 0.202900 0.134700
BohorReedb 0.109700 0.534900 0.108200 0.388600 0.000000 0.111000 0.109200 0.045000 0.107600 0.153900 0.134900 0.108800 0.067300 0.154000 0.182400 0.130600 0.176800 0.111700 0.187600 0.086500 0.066800 0.110900 0.298800 0.246300 0.113700 0.115000 0.065900 0.086500 0.132900 0.129900 0.153900 0.087100 0.174000 0.087500 0.022000 0.226600 0.088100 0.000000 0.115700 0.219500 0.175500 0.092700 0.153900 0.249000 0.178800 0.131900 0.112200 0.088500 0.132600 0.140800 0.108800 0.043400
KirksDik 0.128100 0.696900 0.208900 0.379600 0.115700 0.132000 0.183500 0.067100 0.233800 0.232500 0.108900 0.207400 0.140800 0.180000 0.263400 0.150600 0.256600 0.187700 0.164500 0.211000 0.045100 0.086000 0.327600 0.332100 0.146200 0.088300 0.138600 0.211000 0.152900 0.258700 0.232500 0.160400 0.249900 0.162900 0.090100 0.284500 0.109700 0.115700 0.000000 0.302400 0.201800 0.066800 0.232500 0.309400 0.233300 0.206300 0.133700 0.112800 0.210000 0.222600 0.235700 0.164300
RoeDeer 0.163800 0.459000 0.229600 0.434700 0.219500 0.144300 0.287200 0.224300 0.228400 0.054500 0.211600 0.096300 0.247700 0.307800 0.285800 0.232000 0.153600 0.139300 0.293600 0.208300 0.244300 0.236300 0.128800 0.110200 0.243200 0.274400 0.242600 0.208300 0.263300 0.250300 0.053600 0.262300 0.152200 0.211200 0.197400 0.156200 0.213900 0.219500 0.302400 0.000000 0.072800 0.278000 0.054400 0.111000 0.115500 0.258400 0.266600 0.165000 0.235700 0.166000 0.230100 0.214600
WhiteLippe 0.168900 0.407300 0.212800 0.413700 0.175500 0.148700 0.241700 0.179400 0.235600 0.018200 0.123100 0.057700 0.202000 0.212300 0.264600 0.189500 0.158000 0.143400 0.274100 0.214700 0.150500 0.145900 0.091900 0.092400 0.198400 0.228400 0.197900 0.214700 0.243300 0.258300 0.018100 0.218100 0.203000 0.168900 0.153300 0.160300 0.170800 0.175500 0.201800 0.072800 0.000000 0.231600 0.018200 0.093300 0.118600 0.214900 0.249500 0.080100 0.215900 0.124600 0.237300 0.171300
ThomsonGaz 0.109100 0.599200 0.211300 0.349200 0.092700 0.110400 0.160900 0.044600 0.210300 0.208600 0.134800 0.159700 0.117500 0.209200 0.239700 0.106900 0.232200 0.163800 0.109800 0.187600 0.066100 0.110800 0.363700 0.246300 0.112900 0.021300 0.115700 0.187600 0.131600 0.235000 0.208600 0.137600 0.221900 0.139600 0.069100 0.260600 0.088000 0.092700 0.066800 0.278000 0.231600 0.000000 0.208600 0.224600 0.210100 0.183000 0.111500 0.140000 0.186700 0.197300 0.212200 0.141000
MuntiacusC 0.148000 0.412200 0.215400 0.386500 0.153900 0.127700 0.220000 0.157300 0.214400 0.000000 0.148200 0.038600 0.179900 0.241400 0.242800 0.168600 0.138300 0.123200 0.251200 0.193500 0.177900 0.172100 0.113300 0.074100 0.176700 0.205800 0.176200 0.193500 0.221400 0.236900 0.000000 0.196500 0.182800 0.147900 0.131800 0.140600 0.149700 0.153900 0.232500 0.054400 0.018200 0.208600 0.000000 0.074800 0.099100 0.193600 0.226700 0.103200 0.194500 0.104100 0.216100 0.150200
WhiteTaile 0.191500 0.427900 0.284100 0.399000 0.249000 0.171300 0.294100 0.228000 0.283000 0.074800 0.216900 0.118100 0.277100 0.317600 0.340400 0.212300 0.200700 0.187100 0.266300 0.261400 0.249000 0.242400 0.172300 0.070100 0.247500 0.221700 0.272800 0.261400 0.235800 0.306200 0.074800 0.269900 0.247700 0.239900 0.224900 0.157900 0.218800 0.249000 0.309400 0.111000 0.093300 0.224600 0.074800 0.000000 0.116800 0.287000 0.302000 0.190900 0.261200 0.191200 0.284600 0.241700
Cattle 0.148600 0.515400 0.189800 0.320100 0.178800 0.128200 0.221300 0.158000 0.188800 0.099100 0.198700 0.099900 0.205000 0.267800 0.216000 0.169300 0.185900 0.124900 0.282300 0.168500 0.178600 0.224400 0.157500 0.159100 0.230000 0.206700 0.201800 0.168500 0.197900 0.210700 0.099100 0.222200 0.206900 0.171900 0.155700 0.036700 0.201100 0.178800 0.233300 0.115500 0.118600 0.210100 0.099100 0.116800 0.000000 0.217300 0.228000 0.125900 0.222200 0.176200 0.190400 0.173800
RoyalAntel 0.196300 0.577200 0.245500 0.429700 0.131900 0.173500 0.197100 0.131400 0.244300 0.193600 0.226300 0.146800 0.155700 0.243500 0.276000 0.218200 0.244600 0.178900 0.283600 0.222700 0.156100 0.200200 0.335900 0.284000 0.203900 0.205300 0.153900 0.222700 0.223400 0.268000 0.193600 0.174600 0.264300 0.128500 0.108200 0.264600 0.176500 0.131900 0.206300 0.258400 0.214900 0.183000 0.193600 0.287000 0.217300 0.000000 0.200400 0.177700 0.222400 0.234400 0.246400 0.177700
Steenbok 0.127400 0.624700 0.229100 0.441900 0.112200 0.129600 0.179600 0.065100 0.227800 0.226700 0.152800 0.177800 0.136900 0.226200 0.231900 0.147500 0.250300 0.182800 0.203600 0.205600 0.085800 0.129000 0.383100 0.298500 0.131600 0.133000 0.134800 0.205600 0.150200 0.251900 0.226700 0.155800 0.243500 0.158200 0.089300 0.278400 0.106900 0.112200 0.133700 0.266600 0.249500 0.111500 0.226700 0.302000 0.228000 0.200400 0.000000 0.158800 0.204600 0.216100 0.229600 0.159600
Impala 0.131500 0.480000 0.128200 0.373000 0.088500 0.133100 0.154300 0.090500 0.150200 0.103200 0.131700 0.061300 0.112900 0.128000 0.176200 0.105700 0.170800 0.107700 0.237300 0.129300 0.065100 0.108300 0.187600 0.189000 0.160500 0.137700 0.110600 0.129300 0.155000 0.172600 0.103200 0.131500 0.168300 0.085000 0.066300 0.170100 0.133100 0.088500 0.112800 0.165000 0.080100 0.140000 0.103200 0.190900 0.125900 0.177700 0.158800 0.000000 0.178900 0.135400 0.151600 0.086300
Klipspring 0.127500 0.510700 0.224400 0.436900 0.132600 0.129100 0.103500 0.134400 0.223200 0.194500 0.175500 0.149300 0.109200 0.146400 0.252800 0.220300 0.145500 0.129900 0.176600 0.201700 0.156500 0.151200 0.259300 0.259000 0.155200 0.209000 0.107000 0.201700 0.196900 0.246600 0.194500 0.083000 0.245100 0.178000 0.110500 0.270800 0.083300 0.132600 0.210000 0.235700 0.215900 0.186700 0.194500 0.261200 0.222200 0.222400 0.204600 0.178900 0.000000 0.212200 0.225000 0.180900
ForestMusk 0.185100 0.512400 0.204700 0.490600 0.140800 0.187200 0.210400 0.143300 0.203600 0.104100 0.186500 0.154600 0.166900 0.208600 0.232300 0.206700 0.171700 0.108400 0.302500 0.181700 0.165300 0.213400 0.237200 0.189100 0.218300 0.194300 0.164300 0.181700 0.210600 0.227400 0.104100 0.161700 0.170700 0.135000 0.116700 0.223300 0.188300 0.140800 0.222600 0.166000 0.124600 0.197300 0.104100 0.191200 0.176200 0.234400 0.216100 0.135400 0.212200 0.000000 0.205500 0.136400
Bushbuck 0.150300 0.603800 0.079600 0.422600 0.108800 0.152000 0.224200 0.159800 0.079400 0.216100 0.253600 0.169900 0.182700 0.245600 0.195300 0.219800 0.188300 0.126800 0.284500 0.059900 0.180500 0.226500 0.303900 0.282800 0.231900 0.208700 0.179900 0.059900 0.199500 0.019100 0.216100 0.200400 0.183200 0.151000 0.134100 0.235700 0.202900 0.108800 0.235700 0.230100 0.237300 0.212200 0.216100 0.284600 0.190400 0.246400 0.229600 0.151600 0.225000 0.205500 0.000000 0.061700
GreaterKud 0.132400 0.514100 0.061100 0.372000 0.043400 0.134000 0.156000 0.091100 0.061000 0.150200 0.183400 0.105600 0.113700 0.177800 0.177400 0.153100 0.171800 0.108400 0.238600 0.040200 0.112500 0.158000 0.290100 0.239400 0.161500 0.138600 0.111900 0.040900 0.156000 0.081800 0.150200 0.133000 0.165500 0.086000 0.066800 0.220200 0.134700 0.043400 0.164300 0.214600 0.171300 0.141000 0.150200 0.241700 0.173800 0.177700 0.159600 0.086300 0.180900 0.136400 0.061700 0.000000
