1
52 1
Argali 0.000000 0.077200 0.073500 0.049200 0.021700 0.000000 0.028200 0.012300 0.070000 0.034600 0.012300 0.074000 0.024900 0.028200 0.040800 0.018600 0.044300 0.047500 0.009200 0.070000 0.015500 0.009200 0.037800 0.028100 0.012300 0.012400 0.015500 0.076600 0.012400 0.073400 0.037800 0.025000 0.021700 0.012400 0.015500 0.074300 0.015500 0.024900 0.018700 0.034400 0.034600 0.015500 0.034700 0.031300 0.077900 0.028000 0.018800 0.015400 0.012300 0.021800 0.073300 0.076800
LesserMous 0.077200 0.000000 0.097900 0.084100 0.073500 0.077200 0.081900 0.063400 0.101500 0.060600 0.077100 0.107500 0.075100 0.082000 0.074900 0.071600 0.070700 0.073800 0.067000 0.101500 0.060500 0.073700 0.067100 0.057100 0.077000 0.072200 0.067200 0.109700 0.063700 0.104900 0.060700 0.078600 0.057000 0.063700 0.067200 0.086900 0.080700 0.076800 0.067400 0.053800 0.063800 0.068600 0.060800 0.060400 0.090400 0.070300 0.074300 0.060200 0.063400 0.064500 0.104700 0.101400
LesserKudu 0.073500 0.097900 0.000000 0.101600 0.062800 0.073500 0.073400 0.059200 0.003100 0.074600 0.073300 0.064300 0.071800 0.074200 0.042000 0.066400 0.083500 0.086900 0.063100 0.003100 0.056100 0.069900 0.064100 0.060700 0.069900 0.068600 0.063100 0.009300 0.059600 0.006200 0.071600 0.070700 0.072800 0.059600 0.063100 0.041100 0.077300 0.066200 0.066600 0.067600 0.060700 0.061400 0.074900 0.064200 0.044400 0.066500 0.070000 0.062600 0.059000 0.072300 0.006200 0.009300
KillerWhal 0.049200 0.084100 0.101600 0.000000 0.057300 0.049200 0.061000 0.047400 0.105200 0.064400 0.060900 0.107100 0.060900 0.061000 0.067400 0.054300 0.067800 0.071000 0.050900 0.105200 0.051000 0.057500 0.064400 0.057500 0.060800 0.054400 0.051100 0.112300 0.047700 0.108700 0.067900 0.057700 0.047600 0.047700 0.051100 0.102700 0.064400 0.060600 0.054500 0.060800 0.061100 0.050800 0.064600 0.060800 0.106400 0.057500 0.058000 0.045100 0.047500 0.051000 0.108500 0.105100
DefassaWat 0.021700 0.073500 0.062800 0.057300 0.000000 0.021700 0.026500 0.009200 0.059400 0.031200 0.021700 0.060500 0.021700 0.026900 0.031000 0.015400 0.040900 0.044000 0.012300 0.059400 0.012300 0.018500 0.034400 0.024800 0.021700 0.015500 0.012300 0.066000 0.009200 0.062700 0.034500 0.023700 0.021600 0.009200 0.012300 0.064100 0.024900 0.003000 0.015500 0.031100 0.031200 0.012300 0.031400 0.028000 0.067500 0.018600 0.018700 0.012300 0.009200 0.018600 0.062700 0.066100
Sheep 0.000000 0.077200 0.073500 0.049200 0.021700 0.000000 0.028200 0.012300 0.070000 0.034600 0.012300 0.074000 0.024900 0.028200 0.040800 0.018600 0.044300 0.047500 0.009200 0.070000 0.015500 0.009200 0.037800 0.028100 0.012300 0.012400 0.015500 0.076600 0.012400 0.073400 0.037800 0.025000 0.021700 0.012400 0.015500 0.074300 0.015500 0.024900 0.018700 0.034400 0.034600 0.015500 0.034700 0.031300 0.077900 0.028000 0.018800 0.015400 0.012300 0.021800 0.073300 0.076800
MaxwellsDu 0.028200 0.081900 0.073400 0.061000 0.026500 0.028200 0.000000 0.018600 0.069800 0.041100 0.028100 0.076700 0.025000 0.000000 0.038900 0.025000 0.050900 0.054100 0.021800 0.069800 0.021900 0.024900 0.041000 0.034500 0.028100 0.025100 0.021900 0.076600 0.018700 0.074000 0.044400 0.003100 0.024900 0.018700 0.021900 0.077400 0.031400 0.029800 0.025100 0.040900 0.037800 0.021800 0.041200 0.037700 0.080300 0.032400 0.022000 0.021800 0.018600 0.028200 0.073300 0.076800
GazellaPrz 0.012300 0.063400 0.059200 0.047400 0.009200 0.012300 0.018600 0.000000 0.055800 0.021700 0.012300 0.060300 0.012300 0.018600 0.027800 0.006100 0.031200 0.034400 0.003100 0.055800 0.003100 0.009200 0.024800 0.015400 0.012300 0.006100 0.003100 0.062400 0.000000 0.059100 0.024900 0.015400 0.012300 0.000000 0.003100 0.060600 0.015500 0.012300 0.006200 0.021600 0.021700 0.003100 0.021800 0.018500 0.064100 0.015400 0.009300 0.003000 0.000100 0.009200 0.059100 0.062500
MountainNy 0.070000 0.101500 0.003100 0.105200 0.059400 0.070000 0.069800 0.055800 0.000000 0.071000 0.069800 0.060900 0.068300 0.070600 0.042000 0.063000 0.079900 0.083400 0.059700 0.000000 0.052600 0.066400 0.060700 0.057300 0.066400 0.065100 0.059600 0.006200 0.056100 0.003100 0.068000 0.067100 0.069300 0.056100 0.059600 0.044300 0.073800 0.062700 0.063100 0.064100 0.057300 0.058000 0.071400 0.060700 0.047600 0.063100 0.066500 0.059200 0.055600 0.068800 0.003100 0.006200
MuntiacusM 0.034600 0.060600 0.074600 0.064400 0.031200 0.034600 0.041100 0.021700 0.071000 0.000000 0.034600 0.075600 0.028200 0.041100 0.044100 0.028200 0.034700 0.031400 0.024900 0.071000 0.018700 0.031300 0.021800 0.012400 0.034500 0.028200 0.025000 0.078200 0.021800 0.074400 0.003100 0.037800 0.021800 0.021800 0.025000 0.076000 0.037800 0.034400 0.028300 0.018600 0.018700 0.024900 0.000000 0.015500 0.079500 0.037800 0.031600 0.024900 0.021700 0.021800 0.074500 0.078000
goat 0.012300 0.077100 0.073300 0.060900 0.021700 0.012300 0.028100 0.012300 0.069800 0.034600 0.000000 0.074000 0.018600 0.028200 0.040700 0.018600 0.044300 0.047500 0.009200 0.069800 0.015500 0.003100 0.037700 0.028100 0.006100 0.012400 0.015500 0.076500 0.012400 0.073200 0.037800 0.025000 0.021700 0.012400 0.015500 0.074300 0.009200 0.024800 0.018700 0.034400 0.034600 0.015500 0.034700 0.031300 0.077900 0.028100 0.018700 0.015400 0.012300 0.021800 0.073100 0.076600
AfricanBuf 0.074000 0.107500 0.064300 0.107100 0.060500 0.074000 0.076700 0.060300 0.060900 0.075600 0.074000 0.000000 0.072300 0.077000 0.057200 0.067300 0.084400 0.087600 0.063900 0.060900 0.057400 0.070500 0.072200 0.061900 0.073800 0.069300 0.064100 0.067600 0.060600 0.064200 0.072500 0.073600 0.073800 0.060600 0.064100 0.037600 0.077500 0.063800 0.067600 0.061900 0.068900 0.065700 0.075900 0.065300 0.040900 0.070600 0.071100 0.063800 0.060400 0.072400 0.064000 0.067600
Topi 0.024900 0.075100 0.071800 0.060900 0.021700 0.024900 0.025000 0.012300 0.068300 0.028200 0.018600 0.072300 0.000000 0.025000 0.040800 0.018600 0.044300 0.041000 0.015500 0.068300 0.015500 0.015500 0.037700 0.028100 0.018600 0.018700 0.009300 0.074900 0.012400 0.071700 0.031400 0.021800 0.024900 0.012300 0.015500 0.072900 0.021800 0.024800 0.018700 0.034400 0.034500 0.015500 0.028300 0.031300 0.075700 0.028100 0.021900 0.015500 0.012300 0.021800 0.071800 0.075200
CommonDuik 0.028200 0.082000 0.074200 0.061000 0.026900 0.028200 0.000000 0.018600 0.070600 0.041100 0.028200 0.077000 0.025000 0.000000 0.039200 0.025000 0.050900 0.054100 0.021800 0.070600 0.021800 0.024900 0.041000 0.034500 0.028100 0.025100 0.021900 0.077300 0.018700 0.075000 0.044400 0.003100 0.024900 0.018700 0.021900 0.077900 0.031400 0.030200 0.025100 0.040900 0.037800 0.021800 0.041200 0.037700 0.080700 0.032900 0.022000 0.021800 0.018600 0.028200 0.074200 0.077600
Suni 0.040800 0.074900 0.042000 0.067400 0.031000 0.040800 0.038900 0.027800 0.042000 0.044100 0.040700 0.057200 0.040800 0.039200 0.000000 0.034400 0.053800 0.057000 0.031100 0.042000 0.024900 0.037500 0.037600 0.031200 0.040700 0.029200 0.031200 0.048600 0.028000 0.045300 0.040900 0.035900 0.040600 0.028000 0.031200 0.047500 0.044100 0.034200 0.034900 0.037500 0.034400 0.032400 0.044300 0.034300 0.050800 0.034400 0.037800 0.031100 0.027900 0.038500 0.045200 0.048600
Springbuck 0.018600 0.071600 0.066400 0.054300 0.015400 0.018600 0.025000 0.006100 0.063000 0.028200 0.018600 0.067300 0.018600 0.025000 0.034400 0.000000 0.037800 0.041000 0.009200 0.063000 0.009300 0.015500 0.031300 0.021800 0.018600 0.012400 0.009300 0.062800 0.006200 0.066300 0.031400 0.021800 0.018600 0.006200 0.009300 0.067600 0.021800 0.018600 0.012400 0.028000 0.028100 0.009200 0.028300 0.024900 0.071100 0.021700 0.015600 0.009200 0.006100 0.015500 0.066300 0.069800
Okapi 0.044300 0.070700 0.083500 0.067800 0.040900 0.044300 0.050900 0.031200 0.079900 0.034700 0.044300 0.084400 0.044300 0.050900 0.053800 0.037800 0.000000 0.003100 0.034600 0.079900 0.028200 0.041000 0.037800 0.028200 0.044200 0.037900 0.034700 0.079800 0.031400 0.083400 0.038000 0.047600 0.024900 0.031400 0.034700 0.084800 0.047600 0.044100 0.038000 0.034500 0.034700 0.034500 0.034800 0.031400 0.088400 0.041000 0.041300 0.028100 0.031300 0.031400 0.076300 0.073000
Giraffe 0.047500 0.073800 0.086900 0.071000 0.044000 0.047500 0.054100 0.034400 0.083400 0.031400 0.047500 0.087600 0.041000 0.054100 0.057000 0.041000 0.003100 0.000000 0.037700 0.083400 0.031400 0.044200 0.041000 0.031300 0.047400 0.041100 0.037800 0.083200 0.034500 0.086800 0.034700 0.050800 0.028100 0.034500 0.037800 0.088000 0.050800 0.047300 0.041100 0.037700 0.037800 0.037700 0.031500 0.034500 0.091600 0.044200 0.044500 0.031200 0.034400 0.034600 0.079700 0.076400
TibetanAnt 0.009200 0.067000 0.063100 0.050900 0.012300 0.009200 0.021800 0.003100 0.059700 0.024900 0.009200 0.063900 0.015500 0.021800 0.031100 0.009200 0.034600 0.037700 0.000000 0.059700 0.006200 0.006100 0.028100 0.018600 0.009200 0.003100 0.006200 0.066200 0.003100 0.063000 0.028200 0.018600 0.015400 0.003100 0.006200 0.064200 0.012300 0.015400 0.009300 0.024900 0.025000 0.006100 0.025000 0.021700 0.067600 0.018500 0.012400 0.006100 0.003100 0.012400 0.063000 0.066400
Sitatunga 0.070000 0.101500 0.003100 0.105200 0.059400 0.070000 0.069800 0.055800 0.000000 0.071000 0.069800 0.060900 0.068300 0.070600 0.042000 0.063000 0.079900 0.083400 0.059700 0.000000 0.052600 0.066400 0.060700 0.057300 0.066400 0.065100 0.059600 0.006200 0.056100 0.003100 0.068000 0.067100 0.069300 0.056100 0.059600 0.044300 0.073800 0.062700 0.063100 0.064100 0.057300 0.058000 0.071400 0.060700 0.047600 0.063100 0.066500 0.059200 0.055600 0.068800 0.003100 0.006200
Oribi 0.015500 0.060500 0.056100 0.051000 0.012300 0.015500 0.021900 0.003100 0.052600 0.018700 0.015500 0.057400 0.015500 0.021800 0.024900 0.009300 0.028200 0.031400 0.006200 0.052600 0.000000 0.012400 0.021800 0.012400 0.015500 0.009300 0.006200 0.059300 0.003100 0.056000 0.021900 0.018700 0.015500 0.003100 0.006200 0.057700 0.018700 0.015400 0.009300 0.018600 0.018700 0.006200 0.018800 0.015500 0.061100 0.018600 0.012500 0.006200 0.003100 0.012400 0.055900 0.059400
BarbaryShe 0.009200 0.073700 0.069900 0.057500 0.018500 0.009200 0.024900 0.009200 0.066400 0.031300 0.003100 0.070500 0.015500 0.024900 0.037500 0.015500 0.041000 0.044200 0.006100 0.066400 0.012400 0.000000 0.034500 0.024900 0.003000 0.009200 0.012400 0.073000 0.009200 0.069800 0.034500 0.021800 0.018500 0.009200 0.012400 0.070800 0.006100 0.021700 0.015500 0.031200 0.031300 0.012300 0.031400 0.028000 0.074300 0.024800 0.015600 0.012300 0.009200 0.018600 0.069800 0.073200
Daviddeer 0.037800 0.067100 0.064100 0.064400 0.034400 0.037800 0.041000 0.024800 0.060700 0.021800 0.037700 0.072200 0.037700 0.041000 0.037600 0.031300 0.037800 0.041000 0.028100 0.060700 0.021800 0.034500 0.000000 0.009300 0.037700 0.031400 0.028200 0.067300 0.024900 0.064100 0.018700 0.037800 0.024900 0.024900 0.028200 0.072700 0.041000 0.037600 0.031400 0.015500 0.003100 0.028100 0.021900 0.012400 0.076100 0.037800 0.034700 0.028000 0.024800 0.025000 0.064100 0.067500
Reindeer 0.028100 0.057100 0.060700 0.057500 0.024800 0.028100 0.034500 0.015400 0.057300 0.012400 0.028100 0.061900 0.028100 0.034500 0.031200 0.021800 0.028200 0.031300 0.018600 0.057300 0.012400 0.024900 0.009300 0.000000 0.028000 0.021800 0.018600 0.063800 0.015500 0.060700 0.009300 0.031300 0.015400 0.015500 0.018600 0.062300 0.031300 0.028000 0.021900 0.006100 0.006200 0.018600 0.012400 0.003100 0.065700 0.031200 0.025100 0.018600 0.015400 0.015500 0.060700 0.064100
Ibex 0.012300 0.077000 0.069900 0.060800 0.021700 0.012300 0.028100 0.012300 0.066400 0.034500 0.006100 0.073800 0.018600 0.028100 0.040700 0.018600 0.044200 0.047400 0.009200 0.066400 0.015500 0.003000 0.037700 0.028000 0.000000 0.012300 0.015500 0.073000 0.012300 0.069800 0.037700 0.024900 0.021700 0.012300 0.015500 0.074100 0.009200 0.024800 0.018700 0.034300 0.034500 0.012300 0.034600 0.031200 0.077700 0.027900 0.018700 0.016000 0.012300 0.021700 0.069800 0.073200
GyrantGaze 0.012400 0.072200 0.068600 0.054400 0.015500 0.012400 0.025100 0.006100 0.065100 0.028200 0.012400 0.069300 0.018700 0.025100 0.029200 0.012400 0.037900 0.041100 0.003100 0.065100 0.009300 0.009200 0.031400 0.021800 0.012300 0.000000 0.009300 0.071700 0.006200 0.068500 0.031500 0.021900 0.018600 0.006200 0.009300 0.069900 0.015500 0.018600 0.012500 0.028100 0.028200 0.009300 0.028300 0.025000 0.073300 0.021800 0.015600 0.009300 0.006200 0.015500 0.068500 0.071900
Hartebeest 0.015500 0.067200 0.063100 0.051100 0.012300 0.015500 0.021900 0.003100 0.059600 0.025000 0.015500 0.064100 0.009300 0.021900 0.031200 0.009300 0.034700 0.037800 0.006200 0.059600 0.006200 0.012400 0.028200 0.018600 0.015500 0.009300 0.000000 0.066300 0.003100 0.063000 0.028300 0.018700 0.015500 0.003100 0.006200 0.064400 0.018700 0.015500 0.009300 0.024900 0.025000 0.006200 0.025100 0.021800 0.067700 0.018700 0.012500 0.006200 0.003100 0.012400 0.062900 0.066400
Bongo 0.076600 0.109700 0.009300 0.112300 0.066000 0.076600 0.076600 0.062400 0.006200 0.078200 0.076500 0.067600 0.074900 0.077300 0.048600 0.062800 0.079800 0.083200 0.066200 0.006200 0.059300 0.073000 0.067300 0.063800 0.073000 0.071700 0.066300 0.000000 0.062800 0.009300 0.075300 0.073800 0.076000 0.062800 0.066300 0.050900 0.080400 0.069400 0.069900 0.070700 0.063800 0.064500 0.078600 0.067300 0.054200 0.069700 0.073300 0.065800 0.062300 0.075500 0.003100 0.012500
Gerenuk 0.012400 0.063700 0.059600 0.047700 0.009200 0.012400 0.018700 0.000000 0.056100 0.021800 0.012400 0.060600 0.012400 0.018700 0.028000 0.006200 0.031400 0.034500 0.003100 0.056100 0.003100 0.009200 0.024900 0.015500 0.012300 0.006200 0.003100 0.062800 0.000000 0.059500 0.025000 0.015500 0.012300 0.000000 0.003100 0.060900 0.015500 0.012300 0.006200 0.021700 0.021800 0.003100 0.021900 0.018600 0.064300 0.015500 0.009300 0.003100 0.000100 0.009300 0.059400 0.062900
CommonElan 0.073400 0.104900 0.006200 0.108700 0.062700 0.073400 0.074000 0.059100 0.003100 0.074400 0.073200 0.064200 0.071700 0.075000 0.045300 0.066300 0.083400 0.086800 0.063000 0.003100 0.056000 0.069800 0.064100 0.060700 0.069800 0.068500 0.063000 0.009300 0.059500 0.000000 0.071400 0.071500 0.072700 0.059500 0.063000 0.047600 0.077200 0.066100 0.066500 0.067500 0.060700 0.061300 0.074800 0.064100 0.050900 0.066400 0.069900 0.062500 0.058900 0.072600 0.006200 0.009300
MuntiacusR 0.037800 0.060700 0.071600 0.067900 0.034500 0.037800 0.044400 0.024900 0.068000 0.003100 0.037800 0.072500 0.031400 0.044400 0.040900 0.031400 0.038000 0.034700 0.028200 0.068000 0.021900 0.034500 0.018700 0.009300 0.037700 0.031500 0.028300 0.075300 0.025000 0.071400 0.000000 0.041100 0.025000 0.025000 0.028300 0.072900 0.041100 0.037700 0.031500 0.015500 0.015600 0.028100 0.003100 0.012400 0.076400 0.041100 0.034800 0.028100 0.024900 0.025100 0.071600 0.075000
HarveysDui 0.025000 0.078600 0.070700 0.057700 0.023700 0.025000 0.003100 0.015400 0.067100 0.037800 0.025000 0.073600 0.021800 0.003100 0.035900 0.021800 0.047600 0.050800 0.018600 0.067100 0.018700 0.021800 0.037800 0.031300 0.024900 0.021900 0.018700 0.073800 0.015500 0.071500 0.041100 0.000000 0.021800 0.015500 0.018700 0.074400 0.028200 0.027000 0.021900 0.037700 0.034600 0.018600 0.038000 0.034500 0.077200 0.029700 0.018800 0.018600 0.015500 0.025000 0.070700 0.074100
Pronghorn 0.021700 0.057000 0.072800 0.047600 0.021600 0.021700 0.024900 0.012300 0.069300 0.021800 0.021700 0.073800 0.024900 0.024900 0.040600 0.018600 0.024900 0.028100 0.015400 0.069300 0.015500 0.018500 0.024900 0.015400 0.021700 0.018600 0.015500 0.076000 0.012300 0.072700 0.025000 0.021800 0.000000 0.012300 0.015500 0.074100 0.024900 0.024700 0.018700 0.021700 0.021700 0.015400 0.021900 0.018600 0.077600 0.021700 0.015600 0.009200 0.012300 0.012400 0.072600 0.069200
BlueWildeb 0.012400 0.063700 0.059600 0.047700 0.009200 0.012400 0.018700 0.000000 0.056100 0.021800 0.012400 0.060600 0.012300 0.018700 0.028000 0.006200 0.031400 0.034500 0.003100 0.056100 0.003100 0.009200 0.024900 0.015500 0.012300 0.006200 0.003100 0.062800 0.000000 0.059500 0.025000 0.015500 0.012300 0.000000 0.003100 0.060900 0.015500 0.012300 0.006200 0.021700 0.021800 0.003100 0.021900 0.018600 0.064300 0.015500 0.009300 0.003100 0.000100 0.009300 0.059400 0.062900
Gemsbok 0.015500 0.067200 0.063100 0.051100 0.012300 0.015500 0.021900 0.003100 0.059600 0.025000 0.015500 0.064100 0.015500 0.021900 0.031200 0.009300 0.034700 0.037800 0.006200 0.059600 0.006200 0.012400 0.028200 0.018600 0.015500 0.009300 0.006200 0.066300 0.003100 0.063000 0.028300 0.018700 0.015500 0.003100 0.000000 0.064400 0.018700 0.015500 0.009300 0.024900 0.025000 0.006200 0.025100 0.021800 0.067800 0.018600 0.012500 0.006200 0.003100 0.012400 0.062900 0.066400
Yak 0.074300 0.086900 0.041100 0.102700 0.064100 0.074300 0.077400 0.060600 0.044300 0.076000 0.074300 0.037600 0.072900 0.077900 0.047500 0.067600 0.084800 0.088000 0.064200 0.044300 0.057700 0.070800 0.072700 0.062300 0.074100 0.069900 0.064400 0.050900 0.060900 0.047600 0.072900 0.074400 0.074100 0.060900 0.064400 0.000000 0.077900 0.067400 0.067900 0.062200 0.069300 0.066200 0.076400 0.065700 0.003100 0.067600 0.071400 0.064100 0.060700 0.073000 0.047400 0.050800
BlueSheep 0.015500 0.080700 0.077300 0.064400 0.024900 0.015500 0.031400 0.015500 0.073800 0.037800 0.009200 0.077500 0.021800 0.031400 0.044100 0.021800 0.047600 0.050800 0.012300 0.073800 0.018700 0.006100 0.041000 0.031300 0.009200 0.015500 0.018700 0.080400 0.015500 0.077200 0.041100 0.028200 0.024900 0.015500 0.018700 0.077900 0.000000 0.028100 0.021900 0.037700 0.037800 0.018600 0.038000 0.034500 0.081500 0.025000 0.022000 0.018600 0.015500 0.025000 0.077200 0.080600
BohorReedb 0.024900 0.076800 0.066200 0.060600 0.003000 0.024900 0.029800 0.012300 0.062700 0.034400 0.024800 0.063800 0.024800 0.030200 0.034200 0.018600 0.044100 0.047300 0.015400 0.062700 0.015400 0.021700 0.037600 0.028000 0.024800 0.018600 0.015500 0.069400 0.012300 0.066100 0.037700 0.027000 0.024700 0.012300 0.015500 0.067400 0.028100 0.000000 0.018600 0.034300 0.034400 0.015400 0.034500 0.031100 0.070800 0.021700 0.021800 0.015400 0.012300 0.021700 0.066000 0.069500
KirksDik 0.018700 0.067400 0.066600 0.054500 0.015500 0.018700 0.025100 0.006200 0.063100 0.028300 0.018700 0.067600 0.018700 0.025100 0.034900 0.012400 0.038000 0.041100 0.009300 0.063100 0.009300 0.015500 0.031400 0.021900 0.018700 0.012500 0.009300 0.069900 0.006200 0.066500 0.031500 0.021900 0.018700 0.006200 0.009300 0.067900 0.021900 0.018600 0.000000 0.028200 0.028300 0.009300 0.028400 0.025000 0.071400 0.021900 0.015700 0.009300 0.006200 0.015600 0.066400 0.069900
RoeDeer 0.034400 0.053800 0.067600 0.060800 0.031100 0.034400 0.040900 0.021600 0.064100 0.018600 0.034400 0.061900 0.034400 0.040900 0.037500 0.028000 0.034500 0.037700 0.024900 0.064100 0.018600 0.031200 0.015500 0.006100 0.034300 0.028100 0.024900 0.070700 0.021700 0.067500 0.015500 0.037700 0.021700 0.021700 0.024900 0.062200 0.037700 0.034300 0.028200 0.000000 0.012400 0.024800 0.018700 0.009200 0.065600 0.037600 0.031400 0.024800 0.021600 0.021700 0.067600 0.071000
WhiteLippe 0.034600 0.063800 0.060700 0.061100 0.031200 0.034600 0.037800 0.021700 0.057300 0.018700 0.034600 0.068900 0.034500 0.037800 0.034400 0.028100 0.034700 0.037800 0.025000 0.057300 0.018700 0.031300 0.003100 0.006200 0.034500 0.028200 0.025000 0.063800 0.021800 0.060700 0.015600 0.034600 0.021700 0.021800 0.025000 0.069300 0.037800 0.034400 0.028300 0.012400 0.000000 0.024900 0.018800 0.009300 0.072700 0.034600 0.031500 0.024900 0.021700 0.021800 0.060700 0.064100
ThomsonGaz 0.015500 0.068600 0.061400 0.050800 0.012300 0.015500 0.021800 0.003100 0.058000 0.024900 0.015500 0.065700 0.015500 0.021800 0.032400 0.009200 0.034500 0.037700 0.006100 0.058000 0.006200 0.012300 0.028100 0.018600 0.012300 0.009300 0.006200 0.064500 0.003100 0.061300 0.028100 0.018600 0.015400 0.003100 0.006200 0.066200 0.018600 0.015400 0.009300 0.024800 0.024900 0.000000 0.025000 0.021700 0.069600 0.018600 0.012400 0.006100 0.003100 0.012300 0.061400 0.064800
MuntiacusC 0.034700 0.060800 0.074900 0.064600 0.031400 0.034700 0.041200 0.021800 0.071400 0.000000 0.034700 0.075900 0.028300 0.041200 0.044300 0.028300 0.034800 0.031500 0.025000 0.071400 0.018800 0.031400 0.021900 0.012400 0.034600 0.028300 0.025100 0.078600 0.021900 0.074800 0.003100 0.038000 0.021900 0.021900 0.025100 0.076400 0.038000 0.034500 0.028400 0.018700 0.018800 0.025000 0.000000 0.015600 0.079900 0.037900 0.031700 0.025000 0.021800 0.021900 0.074900 0.078400
WhiteTaile 0.031300 0.060400 0.064200 0.060800 0.028000 0.031300 0.037700 0.018500 0.060700 0.015500 0.031300 0.065300 0.031300 0.037700 0.034300 0.024900 0.031400 0.034500 0.021700 0.060700 0.015500 0.028000 0.012400 0.003100 0.031200 0.025000 0.021800 0.067300 0.018600 0.064100 0.012400 0.034500 0.018600 0.018600 0.021800 0.065700 0.034500 0.031100 0.025000 0.009200 0.009300 0.021700 0.015600 0.000000 0.069100 0.034400 0.028300 0.021700 0.018500 0.018600 0.064200 0.067600
Cattle 0.077900 0.090400 0.044400 0.106400 0.067500 0.077900 0.080300 0.064100 0.047600 0.079500 0.077900 0.040900 0.075700 0.080700 0.050800 0.071100 0.088400 0.091600 0.067600 0.047600 0.061100 0.074300 0.076100 0.065700 0.077700 0.073300 0.067700 0.054200 0.064300 0.050900 0.076400 0.077200 0.077600 0.064300 0.067800 0.003100 0.081500 0.070800 0.071400 0.065600 0.072700 0.069600 0.079900 0.069100 0.000000 0.071100 0.074900 0.067500 0.064100 0.076500 0.050700 0.054200
RoyalAntel 0.028000 0.070300 0.066500 0.057500 0.018600 0.028000 0.032400 0.015400 0.063100 0.037800 0.028100 0.070600 0.028100 0.032900 0.034400 0.021700 0.041000 0.044200 0.018500 0.063100 0.018600 0.024800 0.037800 0.031200 0.027900 0.021800 0.018700 0.069700 0.015500 0.066400 0.041100 0.029700 0.021700 0.015500 0.018600 0.067600 0.025000 0.021700 0.021900 0.037600 0.034600 0.018600 0.037900 0.034400 0.071100 0.000000 0.025100 0.012300 0.015400 0.024900 0.066400 0.063000
Steenbok 0.018800 0.074300 0.070000 0.058000 0.018700 0.018800 0.022000 0.009300 0.066500 0.031600 0.018700 0.071100 0.021900 0.022000 0.037800 0.015600 0.041300 0.044500 0.012400 0.066500 0.012500 0.015600 0.034700 0.025100 0.018700 0.015600 0.012500 0.073300 0.009300 0.069900 0.034800 0.018800 0.015600 0.009300 0.012500 0.071400 0.022000 0.021800 0.015700 0.031400 0.031500 0.012400 0.031700 0.028300 0.074900 0.025100 0.000000 0.012400 0.009300 0.018800 0.069800 0.073400
Impala 0.015400 0.060200 0.062600 0.045100 0.012300 0.015400 0.021800 0.003000 0.059200 0.024900 0.015400 0.063800 0.015500 0.021800 0.031100 0.009200 0.028100 0.031200 0.006100 0.059200 0.006200 0.012300 0.028000 0.018600 0.016000 0.009300 0.006200 0.065800 0.003100 0.062500 0.028100 0.018600 0.009200 0.003100 0.006200 0.064100 0.018600 0.015400 0.009300 0.024800 0.024900 0.006100 0.025000 0.021700 0.067500 0.012300 0.012400 0.000000 0.003100 0.012300 0.062400 0.059100
Klipspring 0.012300 0.063400 0.059000 0.047500 0.009200 0.012300 0.018600 0.000100 0.055600 0.021700 0.012300 0.060400 0.012300 0.018600 0.027900 0.006100 0.031300 0.034400 0.003100 0.055600 0.003100 0.009200 0.024800 0.015400 0.012300 0.006200 0.003100 0.062300 0.000100 0.058900 0.024900 0.015500 0.012300 0.000100 0.003100 0.060700 0.015500 0.012300 0.006200 0.021600 0.021700 0.003100 0.021800 0.018500 0.064100 0.015400 0.009300 0.003100 0.000000 0.009200 0.058800 0.062300
ForestMusk 0.021800 0.064500 0.072300 0.051000 0.018600 0.021800 0.028200 0.009200 0.068800 0.021800 0.021800 0.072400 0.021800 0.028200 0.038500 0.015500 0.031400 0.034600 0.012400 0.068800 0.012400 0.018600 0.025000 0.015500 0.021700 0.015500 0.012400 0.075500 0.009300 0.072600 0.025100 0.025000 0.012400 0.009300 0.012400 0.073000 0.025000 0.021700 0.015600 0.021700 0.021800 0.012300 0.021900 0.018600 0.076500 0.024900 0.018800 0.012300 0.009200 0.000000 0.072200 0.075700
Bushbuck 0.073300 0.104700 0.006200 0.108500 0.062700 0.073300 0.073300 0.059100 0.003100 0.074500 0.073100 0.064000 0.071800 0.074200 0.045200 0.066300 0.076300 0.079700 0.063000 0.003100 0.055900 0.069800 0.064100 0.060700 0.069800 0.068500 0.062900 0.003100 0.059400 0.006200 0.071600 0.070700 0.072600 0.059400 0.062900 0.047400 0.077200 0.066000 0.066400 0.067600 0.060700 0.061400 0.074900 0.064200 0.050700 0.066400 0.069800 0.062400 0.058800 0.072200 0.000000 0.009300
GreaterKud 0.076800 0.101400 0.009300 0.105100 0.066100 0.076800 0.076800 0.062500 0.006200 0.078000 0.076600 0.067600 0.075200 0.077600 0.048600 0.069800 0.073000 0.076400 0.066400 0.006200 0.059400 0.073200 0.067500 0.064100 0.073200 0.071900 0.066400 0.012500 0.062900 0.009300 0.075000 0.074100 0.069200 0.062900 0.066400 0.050800 0.080600 0.069500 0.069900 0.071000 0.064100 0.064800 0.078400 0.067600 0.054200 0.063000 0.073400 0.059100 0.062300 0.075700 0.009300 0.000000
