1
52 1
Argali 0.000000 0.788500 0.617400 0.656400 0.084100 0.000000 0.165800 0.084100 0.617400 0.087300 0.000000 0.191100 0.000000 0.267500 0.084100 0.171000 0.332800 0.328800 0.074200 0.617400 0.167600 0.000100 0.194400 0.193800 0.000000 0.085700 0.000000 0.688100 0.084500 0.617400 0.087300 0.172500 0.467400 0.083400 0.000100 0.191100 0.000000 0.084100 0.084100 0.314900 0.194900 0.193100 0.087300 0.199600 0.191100 0.074100 0.084100 0.084100 0.072400 0.192600 0.712300 0.617400
LesserMous 0.788500 0.000000 0.549500 0.662400 0.712700 0.788500 0.697300 0.712700 0.549500 0.737700 0.788500 0.609900 0.788500 0.832500 0.712700 0.851200 0.721200 0.716300 0.600900 0.549500 0.848600 0.811500 0.623300 0.625900 0.788500 0.737400 0.788500 0.624100 0.723100 0.549500 0.737700 0.686600 0.623200 0.822000 0.793200 0.609900 0.788500 0.712700 0.712700 0.484100 0.624600 0.764900 0.737700 0.624800 0.609900 0.770800 0.712700 0.712700 0.580700 0.620800 0.656000 0.549500
LesserKudu 0.617400 0.549500 0.000000 0.737700 0.550500 0.617400 0.398600 0.550500 0.000000 0.567900 0.617400 0.466100 0.617400 0.504100 0.550500 0.648200 0.830000 0.811500 0.724800 0.000000 0.648000 0.631200 0.477500 0.465300 0.617400 0.563100 0.617400 0.055400 0.549500 0.000000 0.567900 0.407800 0.728300 0.639600 0.630400 0.466100 0.617400 0.550500 0.550500 0.490300 0.473700 0.581100 0.567900 0.470700 0.466100 0.461000 0.550500 0.550500 0.469000 0.466900 0.057000 0.000000
KillerWhal 0.656400 0.662400 0.737700 0.000000 0.557600 0.656400 0.545500 0.557600 0.737700 0.563700 0.656400 0.430200 0.656400 0.691600 0.557600 0.711900 0.991600 0.979100 0.835500 0.737700 0.710000 0.675600 0.424400 0.428900 0.656400 0.572900 0.656400 0.833000 0.555400 0.737700 0.563700 0.533400 0.851000 0.692100 0.657400 0.430200 0.656400 0.557600 0.557600 0.421600 0.426000 0.602600 0.563700 0.433700 0.430200 0.645600 0.557600 0.557600 0.769700 0.424500 0.889800 0.737700
DefassaWat 0.084100 0.712700 0.550500 0.557600 0.000000 0.084100 0.086600 0.000000 0.550500 0.000300 0.084100 0.100500 0.084100 0.185800 0.000000 0.088700 0.259000 0.256300 0.169800 0.550500 0.087500 0.086000 0.102300 0.102100 0.084100 0.000100 0.084100 0.623700 0.000100 0.550500 0.000300 0.090000 0.391600 0.087500 0.085500 0.100500 0.084100 0.000000 0.000000 0.222300 0.102500 0.101300 0.000300 0.104000 0.100500 0.167600 0.000000 0.000000 0.163800 0.101400 0.650400 0.550500
Sheep 0.000000 0.788500 0.617400 0.656400 0.084100 0.000000 0.165800 0.084100 0.617400 0.087300 0.000000 0.191100 0.000000 0.267500 0.084100 0.171000 0.332800 0.328800 0.074200 0.617400 0.167600 0.000100 0.194400 0.193800 0.000000 0.085700 0.000000 0.688100 0.084500 0.617400 0.087300 0.172500 0.467400 0.083400 0.000100 0.191100 0.000000 0.084100 0.084100 0.314900 0.194900 0.193100 0.087300 0.199600 0.191100 0.074100 0.084100 0.084100 0.072400 0.192600 0.712300 0.617400
MaxwellsDu 0.165800 0.697300 0.398600 0.545500 0.086600 0.165800 0.000000 0.086600 0.398600 0.090400 0.165800 0.198500 0.165800 0.080700 0.086600 0.175200 0.343800 0.340000 0.252100 0.398600 0.173500 0.170500 0.205800 0.201500 0.165800 0.088300 0.165800 0.463000 0.087000 0.398600 0.090400 0.000100 0.488200 0.172500 0.171100 0.198500 0.165800 0.086600 0.086600 0.331100 0.206600 0.199700 0.090400 0.204700 0.198500 0.074600 0.086600 0.086600 0.242000 0.199900 0.485100 0.398600
GazellaPrz 0.084100 0.712700 0.550500 0.557600 0.000000 0.084100 0.086600 0.000000 0.550500 0.000300 0.084100 0.100500 0.084100 0.185800 0.000000 0.088700 0.259000 0.256300 0.169800 0.550500 0.087500 0.086000 0.102300 0.102100 0.084100 0.000100 0.084100 0.623700 0.000100 0.550500 0.000300 0.090000 0.391600 0.087500 0.085500 0.100500 0.084100 0.000000 0.000000 0.222300 0.102500 0.101300 0.000300 0.104000 0.100500 0.167600 0.000000 0.000000 0.163800 0.101400 0.650400 0.550500
MountainNy 0.617400 0.549500 0.000000 0.737700 0.550500 0.617400 0.398600 0.550500 0.000000 0.567900 0.617400 0.466100 0.617400 0.504100 0.550500 0.648200 0.830000 0.811500 0.724800 0.000000 0.648000 0.631200 0.477500 0.465300 0.617400 0.563100 0.617400 0.055400 0.549500 0.000000 0.567900 0.407800 0.728300 0.639600 0.630400 0.466100 0.617400 0.550500 0.550500 0.490300 0.473700 0.581100 0.567900 0.470700 0.466100 0.461000 0.550500 0.550500 0.469000 0.466900 0.057000 0.000000
MuntiacusM 0.087300 0.737700 0.567900 0.563700 0.000300 0.087300 0.090400 0.000300 0.567900 0.000000 0.087300 0.104500 0.087300 0.189200 0.000300 0.091000 0.264500 0.262400 0.176100 0.567900 0.090500 0.088700 0.104800 0.105200 0.087300 0.000500 0.087300 0.644200 0.000300 0.567900 0.000000 0.091700 0.401900 0.090800 0.087400 0.104500 0.087300 0.000300 0.000300 0.229100 0.104900 0.105300 0.000000 0.106600 0.104500 0.172700 0.000300 0.000300 0.169300 0.104400 0.672300 0.567900
goat 0.000000 0.788500 0.617400 0.656400 0.084100 0.000000 0.165800 0.084100 0.617400 0.087300 0.000000 0.191100 0.000000 0.267500 0.084100 0.171000 0.332800 0.328800 0.074200 0.617400 0.167600 0.000100 0.194400 0.193800 0.000000 0.085700 0.000000 0.688100 0.084500 0.617400 0.087300 0.172500 0.467400 0.083400 0.000100 0.191100 0.000000 0.084100 0.084100 0.314900 0.194900 0.193100 0.087300 0.199600 0.191100 0.074100 0.084100 0.084100 0.072400 0.192600 0.712300 0.617400
AfricanBuf 0.191100 0.609900 0.466100 0.430200 0.100500 0.191100 0.198500 0.100500 0.466100 0.104500 0.191100 0.000000 0.191100 0.322500 0.100500 0.203800 0.398500 0.395200 0.291100 0.466100 0.201200 0.196100 0.000500 0.000200 0.191100 0.102900 0.191100 0.540200 0.101300 0.466100 0.104500 0.207900 0.300000 0.200000 0.194500 0.000000 0.191100 0.100500 0.100500 0.115300 0.000300 0.107600 0.104500 0.000300 0.000000 0.286700 0.100500 0.100500 0.277800 0.000300 0.566300 0.466100
Topi 0.000000 0.788500 0.617400 0.656400 0.084100 0.000000 0.165800 0.084100 0.617400 0.087300 0.000000 0.191100 0.000000 0.267500 0.084100 0.171000 0.332800 0.328800 0.074200 0.617400 0.167600 0.000100 0.194400 0.193800 0.000000 0.085700 0.000000 0.688100 0.084500 0.617400 0.087300 0.172500 0.467400 0.083400 0.000100 0.191100 0.000000 0.084100 0.084100 0.314900 0.194900 0.193100 0.087300 0.199600 0.191100 0.074100 0.084100 0.084100 0.072400 0.192600 0.712300 0.617400
CommonDuik 0.267500 0.832500 0.504100 0.691600 0.185800 0.267500 0.080700 0.185800 0.504100 0.189200 0.267500 0.322500 0.267500 0.000000 0.185800 0.272700 0.452600 0.448100 0.361700 0.504100 0.278000 0.272700 0.313600 0.322400 0.267500 0.188900 0.267500 0.572600 0.184900 0.504100 0.189200 0.080400 0.625100 0.277500 0.260600 0.322500 0.267500 0.185800 0.185800 0.472500 0.313400 0.325900 0.189200 0.326400 0.322500 0.155900 0.185800 0.185800 0.347200 0.319700 0.595900 0.504100
Suni 0.084100 0.712700 0.550500 0.557600 0.000000 0.084100 0.086600 0.000000 0.550500 0.000300 0.084100 0.100500 0.084100 0.185800 0.000000 0.088700 0.259000 0.256300 0.169800 0.550500 0.087500 0.086000 0.102300 0.102100 0.084100 0.000100 0.084100 0.623700 0.000100 0.550500 0.000300 0.090000 0.391600 0.087500 0.085500 0.100500 0.084100 0.000000 0.000000 0.222300 0.102500 0.101300 0.000300 0.104000 0.100500 0.167600 0.000000 0.000000 0.163800 0.101400 0.650400 0.550500
Springbuck 0.171000 0.851200 0.648200 0.711900 0.088700 0.171000 0.175200 0.088700 0.648200 0.091000 0.171000 0.203800 0.171000 0.272700 0.088700 0.000000 0.347400 0.342600 0.259600 0.648200 0.176900 0.173400 0.204500 0.204500 0.171000 0.089900 0.171000 0.722300 0.088400 0.648200 0.091000 0.179900 0.496000 0.177600 0.172000 0.203800 0.171000 0.088700 0.088700 0.335200 0.204900 0.206100 0.091000 0.207400 0.203800 0.253000 0.088700 0.088700 0.250300 0.202900 0.749800 0.648200
Okapi 0.332800 0.721200 0.830000 0.991600 0.259000 0.332800 0.343800 0.259000 0.830000 0.264500 0.332800 0.398500 0.332800 0.452600 0.259000 0.347400 0.000000 0.000100 0.229000 0.830000 0.157800 0.340000 0.397700 0.398800 0.332800 0.262700 0.332800 0.901700 0.257700 0.830000 0.264500 0.350300 0.233800 0.344700 0.332900 0.398500 0.332800 0.259000 0.259000 0.552600 0.397000 0.402800 0.264500 0.402100 0.398500 0.412300 0.259000 0.259000 0.406500 0.396600 0.939600 0.830000
Giraffe 0.328800 0.716300 0.811500 0.979100 0.256300 0.328800 0.340000 0.256300 0.811500 0.262400 0.328800 0.395200 0.328800 0.448100 0.256300 0.342600 0.000100 0.000000 0.226300 0.811500 0.156200 0.336000 0.394900 0.395800 0.328800 0.259900 0.328800 0.880800 0.255000 0.811500 0.262400 0.347000 0.232300 0.341000 0.329200 0.395200 0.328800 0.256300 0.256300 0.549200 0.394400 0.399900 0.262400 0.399300 0.395200 0.408000 0.256300 0.256300 0.401000 0.393400 0.919600 0.811500
TibetanAnt 0.074200 0.600900 0.724800 0.835500 0.169800 0.074200 0.252100 0.169800 0.724800 0.176100 0.074200 0.291100 0.074200 0.361700 0.169800 0.259600 0.229000 0.226300 0.000000 0.724800 0.254700 0.075900 0.295900 0.295300 0.074200 0.173200 0.074200 0.796300 0.170500 0.724800 0.176100 0.262300 0.338400 0.168300 0.075400 0.291100 0.074200 0.169800 0.169800 0.430700 0.297000 0.294400 0.176100 0.304100 0.291100 0.149600 0.169800 0.169800 0.145400 0.293100 0.826800 0.724800
Sitatunga 0.617400 0.549500 0.000000 0.737700 0.550500 0.617400 0.398600 0.550500 0.000000 0.567900 0.617400 0.466100 0.617400 0.504100 0.550500 0.648200 0.830000 0.811500 0.724800 0.000000 0.648000 0.631200 0.477500 0.465300 0.617400 0.563100 0.617400 0.055400 0.549500 0.000000 0.567900 0.407800 0.728300 0.639600 0.630400 0.466100 0.617400 0.550500 0.550500 0.490300 0.473700 0.581100 0.567900 0.470700 0.466100 0.461000 0.550500 0.550500 0.469000 0.466900 0.057000 0.000000
Oribi 0.167600 0.848600 0.648000 0.710000 0.087500 0.167600 0.173500 0.087500 0.648000 0.090500 0.167600 0.201200 0.167600 0.278000 0.087500 0.176900 0.157800 0.156200 0.254700 0.648000 0.000000 0.172200 0.204000 0.203700 0.167600 0.089300 0.167600 0.719500 0.087800 0.648000 0.090500 0.179900 0.264500 0.174400 0.170000 0.201200 0.167600 0.087500 0.087500 0.335100 0.204100 0.202800 0.090500 0.206700 0.201200 0.251500 0.087500 0.087500 0.244900 0.202500 0.752400 0.648000
BarbaryShe 0.000100 0.811500 0.631200 0.675600 0.086000 0.000100 0.170500 0.086000 0.631200 0.088700 0.000100 0.196100 0.000100 0.272700 0.086000 0.173400 0.340000 0.336000 0.075900 0.631200 0.172200 0.000000 0.197800 0.197100 0.000100 0.086900 0.000100 0.702300 0.085700 0.631200 0.088700 0.176100 0.479200 0.085400 0.000200 0.196100 0.000100 0.086000 0.086000 0.321500 0.198400 0.198000 0.088700 0.203100 0.196100 0.075300 0.086000 0.086000 0.073600 0.195900 0.732200 0.631200
Daviddeer 0.194400 0.623300 0.477500 0.424400 0.102300 0.194400 0.205800 0.102300 0.477500 0.104800 0.194400 0.000500 0.194400 0.313600 0.102300 0.204500 0.397700 0.394900 0.295900 0.477500 0.204000 0.197800 0.000000 0.000200 0.194400 0.104100 0.194400 0.551900 0.102300 0.477500 0.104800 0.202700 0.301200 0.203100 0.194800 0.000500 0.194400 0.102300 0.102300 0.116300 0.000100 0.109800 0.104800 0.000300 0.000500 0.293900 0.102300 0.102300 0.284500 0.000200 0.579900 0.477500
Reindeer 0.193800 0.625900 0.465300 0.428900 0.102100 0.193800 0.201500 0.102100 0.465300 0.105200 0.193800 0.000200 0.193800 0.322400 0.102100 0.204500 0.398800 0.395800 0.295300 0.465300 0.203700 0.197100 0.000200 0.000000 0.193800 0.103700 0.193800 0.540200 0.102000 0.465300 0.105200 0.208100 0.302200 0.203000 0.194900 0.000200 0.193800 0.102100 0.102100 0.114800 0.000100 0.109600 0.105200 0.000100 0.000200 0.287700 0.102100 0.102100 0.280700 0.000200 0.566300 0.465300
Ibex 0.000000 0.788500 0.617400 0.656400 0.084100 0.000000 0.165800 0.084100 0.617400 0.087300 0.000000 0.191100 0.000000 0.267500 0.084100 0.171000 0.332800 0.328800 0.074200 0.617400 0.167600 0.000100 0.194400 0.193800 0.000000 0.085700 0.000000 0.688100 0.084500 0.617400 0.087300 0.172500 0.467400 0.083400 0.000100 0.191100 0.000000 0.084100 0.084100 0.314900 0.194900 0.193100 0.087300 0.199600 0.191100 0.074100 0.084100 0.084100 0.072400 0.192600 0.712300 0.617400
GyrantGaze 0.085700 0.737400 0.563100 0.572900 0.000100 0.085700 0.088300 0.000100 0.563100 0.000500 0.085700 0.102900 0.085700 0.188900 0.000100 0.089900 0.262700 0.259900 0.173200 0.563100 0.089300 0.086900 0.104100 0.103700 0.085700 0.000000 0.085700 0.640300 0.000200 0.563100 0.000500 0.091400 0.399300 0.089400 0.086500 0.102900 0.085700 0.000100 0.000100 0.226100 0.104300 0.103800 0.000500 0.105800 0.102900 0.169600 0.000100 0.000100 0.166900 0.103100 0.667500 0.563100
Hartebeest 0.000000 0.788500 0.617400 0.656400 0.084100 0.000000 0.165800 0.084100 0.617400 0.087300 0.000000 0.191100 0.000000 0.267500 0.084100 0.171000 0.332800 0.328800 0.074200 0.617400 0.167600 0.000100 0.194400 0.193800 0.000000 0.085700 0.000000 0.688100 0.084500 0.617400 0.087300 0.172500 0.467400 0.083400 0.000100 0.191100 0.000000 0.084100 0.084100 0.314900 0.194900 0.193100 0.087300 0.199600 0.191100 0.074100 0.084100 0.084100 0.072400 0.192600 0.712300 0.617400
Bongo 0.688100 0.624100 0.055400 0.833000 0.623700 0.688100 0.463000 0.623700 0.055400 0.644200 0.688100 0.540200 0.688100 0.572600 0.623700 0.722300 0.901700 0.880800 0.796300 0.055400 0.719500 0.702300 0.551900 0.540200 0.688100 0.640300 0.688100 0.000000 0.623600 0.055400 0.644200 0.475000 0.561800 0.711100 0.702400 0.540200 0.688100 0.623700 0.623700 0.568700 0.549800 0.657200 0.644200 0.545100 0.540200 0.523000 0.623700 0.623700 0.536800 0.539400 0.111500 0.055400
Gerenuk 0.084500 0.723100 0.549500 0.555400 0.000100 0.084500 0.087000 0.000100 0.549500 0.000300 0.084500 0.101300 0.084500 0.184900 0.000100 0.088400 0.257700 0.255000 0.170500 0.549500 0.087800 0.085700 0.102300 0.102000 0.084500 0.000200 0.084500 0.623600 0.000000 0.549500 0.000300 0.089700 0.391400 0.087900 0.085100 0.101300 0.084500 0.000100 0.000100 0.221900 0.102400 0.102400 0.000300 0.103800 0.101300 0.166900 0.000100 0.000100 0.164300 0.101300 0.650200 0.549500
CommonElan 0.617400 0.549500 0.000000 0.737700 0.550500 0.617400 0.398600 0.550500 0.000000 0.567900 0.617400 0.466100 0.617400 0.504100 0.550500 0.648200 0.830000 0.811500 0.724800 0.000000 0.648000 0.631200 0.477500 0.465300 0.617400 0.563100 0.617400 0.055400 0.549500 0.000000 0.567900 0.407800 0.728300 0.639600 0.630400 0.466100 0.617400 0.550500 0.550500 0.490300 0.473700 0.581100 0.567900 0.470700 0.466100 0.461000 0.550500 0.550500 0.469000 0.466900 0.057000 0.000000
MuntiacusR 0.087300 0.737700 0.567900 0.563700 0.000300 0.087300 0.090400 0.000300 0.567900 0.000000 0.087300 0.104500 0.087300 0.189200 0.000300 0.091000 0.264500 0.262400 0.176100 0.567900 0.090500 0.088700 0.104800 0.105200 0.087300 0.000500 0.087300 0.644200 0.000300 0.567900 0.000000 0.091700 0.401900 0.090800 0.087400 0.104500 0.087300 0.000300 0.000300 0.229100 0.104900 0.105300 0.000000 0.106600 0.104500 0.172700 0.000300 0.000300 0.169300 0.104400 0.672300 0.567900
HarveysDui 0.172500 0.686600 0.407800 0.533400 0.090000 0.172500 0.000100 0.090000 0.407800 0.091700 0.172500 0.207900 0.172500 0.080400 0.090000 0.179900 0.350300 0.347000 0.262300 0.407800 0.179900 0.176100 0.202700 0.208100 0.172500 0.091400 0.172500 0.475000 0.089700 0.407800 0.091700 0.000000 0.503100 0.179000 0.168300 0.207900 0.172500 0.090000 0.090000 0.343900 0.202600 0.209200 0.091600 0.211200 0.207900 0.075800 0.090000 0.090000 0.251200 0.206400 0.497400 0.407800
Pronghorn 0.467400 0.623200 0.728300 0.851000 0.391600 0.467400 0.488200 0.391600 0.728300 0.401900 0.467400 0.300000 0.467400 0.625100 0.391600 0.496000 0.233800 0.232300 0.338400 0.728300 0.264500 0.479200 0.301200 0.302200 0.467400 0.399300 0.467400 0.561800 0.391400 0.728300 0.401900 0.503100 0.000000 0.487400 0.469300 0.300000 0.467400 0.391600 0.391600 0.445700 0.302200 0.416600 0.401900 0.305000 0.300000 0.558600 0.391600 0.391600 0.546300 0.300000 0.835200 0.728300
BlueWildeb 0.083400 0.822000 0.639600 0.692100 0.087500 0.083400 0.172500 0.087500 0.639600 0.090800 0.083400 0.200000 0.083400 0.277500 0.087500 0.177600 0.344700 0.341000 0.168300 0.639600 0.174400 0.085400 0.203100 0.203000 0.083400 0.089400 0.083400 0.711100 0.087900 0.639600 0.090800 0.179000 0.487400 0.000000 0.084500 0.200000 0.083400 0.087500 0.087500 0.330800 0.203800 0.202300 0.090800 0.206800 0.200000 0.171100 0.087500 0.087500 0.162500 0.201200 0.737100 0.639600
Gemsbok 0.000100 0.793200 0.630400 0.657400 0.085500 0.000100 0.171100 0.085500 0.630400 0.087400 0.000100 0.194500 0.000100 0.260600 0.085500 0.172000 0.332900 0.329200 0.075400 0.630400 0.170000 0.000200 0.194800 0.194900 0.000100 0.086500 0.000100 0.702400 0.085100 0.630400 0.087400 0.168300 0.469300 0.084500 0.000000 0.194500 0.000100 0.085500 0.085500 0.317100 0.195000 0.196600 0.087400 0.200600 0.194500 0.075600 0.085500 0.085500 0.073400 0.193800 0.727300 0.630400
Yak 0.191100 0.609900 0.466100 0.430200 0.100500 0.191100 0.198500 0.100500 0.466100 0.104500 0.191100 0.000000 0.191100 0.322500 0.100500 0.203800 0.398500 0.395200 0.291100 0.466100 0.201200 0.196100 0.000500 0.000200 0.191100 0.102900 0.191100 0.540200 0.101300 0.466100 0.104500 0.207900 0.300000 0.200000 0.194500 0.000000 0.191100 0.100500 0.100500 0.115300 0.000300 0.107600 0.104500 0.000300 0.000000 0.286700 0.100500 0.100500 0.277800 0.000300 0.566300 0.466100
BlueSheep 0.000000 0.788500 0.617400 0.656400 0.084100 0.000000 0.165800 0.084100 0.617400 0.087300 0.000000 0.191100 0.000000 0.267500 0.084100 0.171000 0.332800 0.328800 0.074200 0.617400 0.167600 0.000100 0.194400 0.193800 0.000000 0.085700 0.000000 0.688100 0.084500 0.617400 0.087300 0.172500 0.467400 0.083400 0.000100 0.191100 0.000000 0.084100 0.084100 0.314900 0.194900 0.193100 0.087300 0.199600 0.191100 0.074100 0.084100 0.084100 0.072400 0.192600 0.712300 0.617400
BohorReedb 0.084100 0.712700 0.550500 0.557600 0.000000 0.084100 0.086600 0.000000 0.550500 0.000300 0.084100 0.100500 0.084100 0.185800 0.000000 0.088700 0.259000 0.256300 0.169800 0.550500 0.087500 0.086000 0.102300 0.102100 0.084100 0.000100 0.084100 0.623700 0.000100 0.550500 0.000300 0.090000 0.391600 0.087500 0.085500 0.100500 0.084100 0.000000 0.000000 0.222300 0.102500 0.101300 0.000300 0.104000 0.100500 0.167600 0.000000 0.000000 0.163800 0.101400 0.650400 0.550500
KirksDik 0.084100 0.712700 0.550500 0.557600 0.000000 0.084100 0.086600 0.000000 0.550500 0.000300 0.084100 0.100500 0.084100 0.185800 0.000000 0.088700 0.259000 0.256300 0.169800 0.550500 0.087500 0.086000 0.102300 0.102100 0.084100 0.000100 0.084100 0.623700 0.000100 0.550500 0.000300 0.090000 0.391600 0.087500 0.085500 0.100500 0.084100 0.000000 0.000000 0.222300 0.102500 0.101300 0.000300 0.104000 0.100500 0.167600 0.000000 0.000000 0.163800 0.101400 0.650400 0.550500
RoeDeer 0.314900 0.484100 0.490300 0.421600 0.222300 0.314900 0.331100 0.222300 0.490300 0.229100 0.314900 0.115300 0.314900 0.472500 0.222300 0.335200 0.552600 0.549200 0.430700 0.490300 0.335100 0.321500 0.116300 0.114800 0.314900 0.226100 0.314900 0.568700 0.221900 0.490300 0.229100 0.343900 0.445700 0.330800 0.317100 0.115300 0.314900 0.222300 0.222300 0.000000 0.116200 0.238600 0.229100 0.117900 0.115300 0.418000 0.222300 0.222300 0.404700 0.115600 0.599300 0.490300
WhiteLippe 0.194900 0.624600 0.473700 0.426000 0.102500 0.194900 0.206600 0.102500 0.473700 0.104900 0.194900 0.000300 0.194900 0.313400 0.102500 0.204900 0.397000 0.394400 0.297000 0.473700 0.204100 0.198400 0.000100 0.000100 0.194900 0.104300 0.194900 0.549800 0.102400 0.473700 0.104900 0.202600 0.302200 0.203800 0.195000 0.000300 0.194900 0.102500 0.102500 0.116200 0.000000 0.110000 0.104900 0.000200 0.000300 0.295200 0.102500 0.102500 0.281600 0.000300 0.576500 0.473700
ThomsonGaz 0.193100 0.764900 0.581100 0.602600 0.101300 0.193100 0.199700 0.101300 0.581100 0.105300 0.193100 0.107600 0.193100 0.325900 0.101300 0.206100 0.402800 0.399900 0.294400 0.581100 0.202800 0.198000 0.109800 0.109600 0.193100 0.103800 0.193100 0.657200 0.102400 0.581100 0.105300 0.209200 0.416600 0.202300 0.196600 0.107600 0.193100 0.101300 0.101300 0.238600 0.110000 0.000000 0.105300 0.111400 0.107600 0.289000 0.101300 0.101300 0.281400 0.108900 0.684800 0.581100
MuntiacusC 0.087300 0.737700 0.567900 0.563700 0.000300 0.087300 0.090400 0.000300 0.567900 0.000000 0.087300 0.104500 0.087300 0.189200 0.000300 0.091000 0.264500 0.262400 0.176100 0.567900 0.090500 0.088700 0.104800 0.105200 0.087300 0.000500 0.087300 0.644200 0.000300 0.567900 0.000000 0.091600 0.401900 0.090800 0.087400 0.104500 0.087300 0.000300 0.000300 0.229100 0.104900 0.105300 0.000000 0.106600 0.104500 0.172700 0.000300 0.000300 0.169300 0.104400 0.672300 0.567900
WhiteTaile 0.199600 0.624800 0.470700 0.433700 0.104000 0.199600 0.204700 0.104000 0.470700 0.106600 0.199600 0.000300 0.199600 0.326400 0.104000 0.207400 0.402100 0.399300 0.304100 0.470700 0.206700 0.203100 0.000300 0.000100 0.199600 0.105800 0.199600 0.545100 0.103800 0.470700 0.106600 0.211200 0.305000 0.206800 0.200600 0.000300 0.199600 0.104000 0.104000 0.117900 0.000200 0.111400 0.106600 0.000000 0.000300 0.290900 0.104000 0.104000 0.289100 0.000300 0.570900 0.470700
Cattle 0.191100 0.609900 0.466100 0.430200 0.100500 0.191100 0.198500 0.100500 0.466100 0.104500 0.191100 0.000000 0.191100 0.322500 0.100500 0.203800 0.398500 0.395200 0.291100 0.466100 0.201200 0.196100 0.000500 0.000200 0.191100 0.102900 0.191100 0.540200 0.101300 0.466100 0.104500 0.207900 0.300000 0.200000 0.194500 0.000000 0.191100 0.100500 0.100500 0.115300 0.000300 0.107600 0.104500 0.000300 0.000000 0.286700 0.100500 0.100500 0.277800 0.000300 0.566300 0.466100
RoyalAntel 0.074100 0.770800 0.461000 0.645600 0.167600 0.074100 0.074600 0.167600 0.461000 0.172700 0.074100 0.286700 0.074100 0.155900 0.167600 0.253000 0.412300 0.408000 0.149600 0.461000 0.251500 0.075300 0.293900 0.287700 0.074100 0.169600 0.074100 0.523000 0.166900 0.461000 0.172700 0.075800 0.558600 0.171100 0.075600 0.286700 0.074100 0.167600 0.167600 0.418000 0.295200 0.289000 0.172700 0.290900 0.286700 0.000000 0.167600 0.167600 0.144900 0.285900 0.543500 0.461000
Steenbok 0.084100 0.712700 0.550500 0.557600 0.000000 0.084100 0.086600 0.000000 0.550500 0.000300 0.084100 0.100500 0.084100 0.185800 0.000000 0.088700 0.259000 0.256300 0.169800 0.550500 0.087500 0.086000 0.102300 0.102100 0.084100 0.000100 0.084100 0.623700 0.000100 0.550500 0.000300 0.090000 0.391600 0.087500 0.085500 0.100500 0.084100 0.000000 0.000000 0.222300 0.102500 0.101300 0.000300 0.104000 0.100500 0.167600 0.000000 0.000000 0.163800 0.101400 0.650400 0.550500
Impala 0.084100 0.712700 0.550500 0.557600 0.000000 0.084100 0.086600 0.000000 0.550500 0.000300 0.084100 0.100500 0.084100 0.185800 0.000000 0.088700 0.259000 0.256300 0.169800 0.550500 0.087500 0.086000 0.102300 0.102100 0.084100 0.000100 0.084100 0.623700 0.000100 0.550500 0.000300 0.090000 0.391600 0.087500 0.085500 0.100500 0.084100 0.000000 0.000000 0.222300 0.102500 0.101300 0.000300 0.104000 0.100500 0.167600 0.000000 0.000000 0.163800 0.101400 0.650400 0.550500
Klipspring 0.072400 0.580700 0.469000 0.769700 0.163800 0.072400 0.242000 0.163800 0.469000 0.169300 0.072400 0.277800 0.072400 0.347200 0.163800 0.250300 0.406500 0.401000 0.145400 0.469000 0.244900 0.073600 0.284500 0.280700 0.072400 0.166900 0.072400 0.536800 0.164300 0.469000 0.169300 0.251200 0.546300 0.162500 0.073400 0.277800 0.072400 0.163800 0.163800 0.404700 0.281600 0.281400 0.169300 0.289100 0.277800 0.144900 0.163800 0.163800 0.000000 0.282200 0.551600 0.469000
ForestMusk 0.192600 0.620800 0.466900 0.424500 0.101400 0.192600 0.199900 0.101400 0.466900 0.104400 0.192600 0.000300 0.192600 0.319700 0.101400 0.202900 0.396600 0.393400 0.293100 0.466900 0.202500 0.195900 0.000200 0.000200 0.192600 0.103100 0.192600 0.539400 0.101300 0.466900 0.104400 0.206400 0.300000 0.201200 0.193800 0.000300 0.192600 0.101400 0.101400 0.115600 0.000300 0.108900 0.104400 0.000300 0.000300 0.285900 0.101400 0.101400 0.282200 0.000000 0.566500 0.466900
Bushbuck 0.712300 0.656000 0.057000 0.889800 0.650400 0.712300 0.485100 0.650400 0.057000 0.672300 0.712300 0.566300 0.712300 0.595900 0.650400 0.749800 0.939600 0.919600 0.826800 0.057000 0.752400 0.732200 0.579900 0.566300 0.712300 0.667500 0.712300 0.111500 0.650200 0.057000 0.672300 0.497400 0.835200 0.737100 0.727300 0.566300 0.712300 0.650400 0.650400 0.599300 0.576500 0.684800 0.672300 0.570900 0.566300 0.543500 0.650400 0.650400 0.551600 0.566500 0.000000 0.057000
GreaterKud 0.617400 0.549500 0.000000 0.737700 0.550500 0.617400 0.398600 0.550500 0.000000 0.567900 0.617400 0.466100 0.617400 0.504100 0.550500 0.648200 0.830000 0.811500 0.724800 0.000000 0.648000 0.631200 0.477500 0.465300 0.617400 0.563100 0.617400 0.055400 0.549500 0.000000 0.567900 0.407800 0.728300 0.639600 0.630400 0.466100 0.617400 0.550500 0.550500 0.490300 0.473700 0.581100 0.567900 0.470700 0.466100 0.461000 0.550500 0.550500 0.469000 0.466900 0.057000 0.000000
