CODONML (in paml version 4.10.7, June 2023)  /home/rachel/ruminants_paml/6406-phy-tree/ENSBTAT00000026552.fasta.phy
Model: free dN/dS Ratios for branches,  kappa = 2.000 fixed

Codon frequency model: F3x4
ns =  54  ls =  26

Codon usage in sequences
--------------------------------------------------------------------------------------------------------------------------------------
Phe TTT   0   0   0   0   0   0 | Ser TCT   0   1   0   0   0   0 | Tyr TAT   2   2   2   2   2   2 | Cys TGT   0   0   0   0   0   0
    TTC   1   1   1   1   1   1 |     TCC   0   0   0   0   0   0 |     TAC   0   0   0   0   0   0 |     TGC   0   0   0   0   0   0
Leu TTA   0   0   0   0   0   0 |     TCA   0   0   0   0   0   0 | *** TAA   0   0   0   0   0   0 | *** TGA   0   0   0   0   0   0
    TTG   0   0   0   0   0   0 |     TCG   1   0   1   1   1   1 |     TAG   0   0   0   0   0   0 | Trp TGG   1   1   1   1   1   1
--------------------------------------------------------------------------------------------------------------------------------------
Leu CTT   1   1   1   1   0   1 | Pro CCT   0   0   0   0   0   0 | His CAT   1   1   1   1   1   1 | Arg CGT   0   0   0   0   0   0
    CTC   0   1   0   0   1   0 |     CCC   0   0   0   0   0   0 |     CAC   2   1   2   2   2   2 |     CGC   0   0   0   0   0   0
    CTA   0   0   0   0   0   0 |     CCA   0   1   1   0   0   0 | Gln CAA   1   1   1   1   1   1 |     CGA   0   0   0   0   0   0
    CTG   2   2   2   2   2   2 |     CCG   1   0   0   1   1   1 |     CAG   2   2   2   2   2   2 |     CGG   0   0   0   0   0   0
--------------------------------------------------------------------------------------------------------------------------------------
Ile ATT   0   0   0   0   0   0 | Thr ACT   1   0   1   0   0   0 | Asn AAT   0   0   0   0   0   0 | Ser AGT   0   0   0   0   0   0
    ATC   1   1   1   1   1   1 |     ACC   0   1   0   0   2   1 |     AAC   1   0   1   1   0   0 |     AGC   0   1   0   0   0   0
    ATA   0   0   0   0   0   0 |     ACA   0   0   0   0   0   0 | Lys AAA   0   0   0   0   0   0 | Arg AGA   0   0   0   0   0   0
Met ATG   0   0   0   0   0   0 |     ACG   0   0   0   1   0   0 |     AAG   1   1   1   1   1   1 |     AGG   0   0   0   0   0   0
--------------------------------------------------------------------------------------------------------------------------------------
Val GTT   0   0   0   0   0   0 | Ala GCT   2   2   2   1   2   2 | Asp GAT   0   0   0   0   0   1 | Gly GGT   0   0   0   0   0   0
    GTC   0   0   0   0   0   0 |     GCC   1   0   1   1   0   1 |     GAC   3   5   3   3   4   3 |     GGC   1   0   1   1   1   1
    GTA   0   0   0   0   0   0 |     GCA   0   0   0   0   0   0 | Glu GAA   0   0   0   0   0   0 |     GGA   0   0   0   0   0   0
    GTG   0   0   0   0   0   0 |     GCG   0   0   0   1   0   0 |     GAG   0   0   0   0   0   0 |     GGG   0   0   0   0   0   0
--------------------------------------------------------------------------------------------------------------------------------------

--------------------------------------------------------------------------------------------------------------------------------------
Phe TTT   0   0   0   0   0   0 | Ser TCT   0   0   0   0   0   0 | Tyr TAT   2   2   2   2   2   2 | Cys TGT   0   0   0   0   0   0
    TTC   1   1   1   1   1   1 |     TCC   0   0   0   0   0   0 |     TAC   0   0   0   0   0   0 |     TGC   0   0   0   0   0   0
Leu TTA   0   0   0   0   0   0 |     TCA   0   1   0   0   0   0 | *** TAA   0   0   0   0   0   0 | *** TGA   0   0   0   0   0   0
    TTG   0   0   0   0   0   0 |     TCG   1   0   1   1   1   1 |     TAG   0   0   0   0   0   0 | Trp TGG   1   1   1   1   1   1
--------------------------------------------------------------------------------------------------------------------------------------
Leu CTT   1   1   1   1   1   1 | Pro CCT   0   0   0   0   0   0 | His CAT   1   1   1   1   0   1 | Arg CGT   0   0   0   0   0   0
    CTC   0   0   0   0   0   0 |     CCC   0   0   0   0   0   0 |     CAC   2   2   2   2   3   2 |     CGC   0   0   0   0   0   0
    CTA   0   0   0   0   0   0 |     CCA   0   0   0   0   0   0 | Gln CAA   1   1   1   1   1   1 |     CGA   0   0   0   0   0   0
    CTG   2   2   2   2   2   2 |     CCG   1   1   1   1   1   1 |     CAG   2   2   2   2   2   2 |     CGG   0   0   0   0   0   0
--------------------------------------------------------------------------------------------------------------------------------------
Ile ATT   0   0   0   0   0   0 | Thr ACT   1   1   1   1   1   1 | Asn AAT   0   0   0   1   0   0 | Ser AGT   0   0   0   0   0   0
    ATC   1   1   1   1   1   1 |     ACC   0   0   0   0   0   0 |     AAC   1   1   1   0   1   1 |     AGC   0   0   0   0   0   0
    ATA   0   0   0   0   0   0 |     ACA   0   0   0   0   0   0 | Lys AAA   0   0   0   0   0   0 | Arg AGA   0   0   0   0   0   0
Met ATG   0   0   0   0   0   0 |     ACG   0   0   0   0   0   0 |     AAG   1   1   1   1   1   1 |     AGG   0   0   0   0   0   0
--------------------------------------------------------------------------------------------------------------------------------------
Val GTT   0   0   0   0   0   0 | Ala GCT   2   2   2   2   2   2 | Asp GAT   0   0   0   0   0   1 | Gly GGT   0   0   0   0   0   0
    GTC   0   0   0   0   0   0 |     GCC   1   1   1   1   1   1 |     GAC   3   3   3   3   3   2 |     GGC   1   1   1   1   1   1
    GTA   0   0   0   0   0   0 |     GCA   0   0   0   0   0   0 | Glu GAA   0   0   0   0   0   0 |     GGA   0   0   0   0   0   0
    GTG   0   0   0   0   0   0 |     GCG   0   0   0   0   0   0 |     GAG   0   0   0   0   0   0 |     GGG   0   0   0   0   0   0
--------------------------------------------------------------------------------------------------------------------------------------

--------------------------------------------------------------------------------------------------------------------------------------
Phe TTT   0   0   0   0   0   0 | Ser TCT   0   0   0   0   0   0 | Tyr TAT   2   2   2   2   2   2 | Cys TGT   0   0   0   0   0   0
    TTC   1   1   1   1   1   1 |     TCC   0   0   0   0   0   0 |     TAC   0   0   0   0   0   0 |     TGC   0   0   0   0   0   0
Leu TTA   0   0   0   0   0   0 |     TCA   0   0   0   0   0   0 | *** TAA   0   0   0   0   0   0 | *** TGA   0   0   0   0   0   0
    TTG   0   0   0   0   0   0 |     TCG   1   1   1   1   1   1 |     TAG   0   0   0   0   0   0 | Trp TGG   1   1   1   1   1   1
--------------------------------------------------------------------------------------------------------------------------------------
Leu CTT   1   1   1   1   1   1 | Pro CCT   0   0   0   0   0   0 | His CAT   1   1   1   1   1   1 | Arg CGT   0   0   0   0   0   0
    CTC   0   0   0   0   0   0 |     CCC   0   0   0   0   0   0 |     CAC   2   2   2   2   2   2 |     CGC   0   0   0   0   0   0
    CTA   0   0   1   1   0   0 |     CCA   0   0   0   0   0   0 | Gln CAA   1   1   1   1   1   1 |     CGA   0   0   0   0   0   0
    CTG   2   2   1   1   2   2 |     CCG   1   1   1   1   1   1 |     CAG   2   2   2   2   2   2 |     CGG   0   0   0   0   0   0
--------------------------------------------------------------------------------------------------------------------------------------
Ile ATT   0   0   0   0   0   0 | Thr ACT   1   1   1   1   1   1 | Asn AAT   0   0   0   0   0   1 | Ser AGT   0   0   0   0   0   0
    ATC   1   1   1   1   1   1 |     ACC   0   0   0   0   0   0 |     AAC   1   1   1   1   1   0 |     AGC   0   0   0   0   0   0
    ATA   0   0   0   0   0   0 |     ACA   0   0   0   0   0   0 | Lys AAA   0   0   0   0   0   0 | Arg AGA   0   0   0   0   0   0
Met ATG   0   0   0   0   0   0 |     ACG   0   0   0   0   0   0 |     AAG   1   1   1   1   1   1 |     AGG   0   0   0   0   0   0
--------------------------------------------------------------------------------------------------------------------------------------
Val GTT   0   0   0   0   0   0 | Ala GCT   2   2   2   2   2   2 | Asp GAT   0   0   0   0   1   0 | Gly GGT   0   0   0   0   0   0
    GTC   0   0   0   0   0   0 |     GCC   1   1   1   1   1   1 |     GAC   3   3   3   3   2   3 |     GGC   1   1   1   1   1   1
    GTA   0   0   0   0   0   0 |     GCA   0   0   0   0   0   0 | Glu GAA   0   0   0   0   0   0 |     GGA   0   0   0   0   0   0
    GTG   0   0   0   0   0   0 |     GCG   0   0   0   0   0   0 |     GAG   0   0   0   0   0   0 |     GGG   0   0   0   0   0   0
--------------------------------------------------------------------------------------------------------------------------------------

--------------------------------------------------------------------------------------------------------------------------------------
Phe TTT   0   0   0   0   0   0 | Ser TCT   0   0   0   0   0   0 | Tyr TAT   2   2   2   2   2   2 | Cys TGT   0   0   0   0   0   0
    TTC   1   1   1   1   1   1 |     TCC   0   0   0   0   0   0 |     TAC   0   0   0   0   0   0 |     TGC   0   0   0   0   0   0
Leu TTA   0   0   0   0   0   0 |     TCA   0   0   0   0   0   0 | *** TAA   0   0   0   0   0   0 | *** TGA   0   0   0   0   0   0
    TTG   1   0   0   0   0   0 |     TCG   1   1   1   1   1   1 |     TAG   0   0   0   0   0   0 | Trp TGG   1   1   1   1   1   1
--------------------------------------------------------------------------------------------------------------------------------------
Leu CTT   1   1   1   1   1   1 | Pro CCT   0   0   0   0   0   0 | His CAT   1   1   1   1   1   1 | Arg CGT   0   0   0   0   0   0
    CTC   0   0   0   0   0   0 |     CCC   0   0   0   0   0   0 |     CAC   2   2   2   2   2   2 |     CGC   0   0   0   0   0   0
    CTA   0   0   0   0   0   0 |     CCA   0   0   0   0   0   0 | Gln CAA   1   1   1   1   1   1 |     CGA   0   0   0   0   0   0
    CTG   1   2   2   2   2   2 |     CCG   1   1   1   1   1   1 |     CAG   2   2   2   2   2   2 |     CGG   0   0   0   0   0   0
--------------------------------------------------------------------------------------------------------------------------------------
Ile ATT   0   0   0   0   0   0 | Thr ACT   1   1   1   1   1   1 | Asn AAT   0   0   0   0   1   0 | Ser AGT   0   0   0   0   0   0
    ATC   1   1   1   1   1   1 |     ACC   0   0   0   0   0   0 |     AAC   1   1   1   1   0   1 |     AGC   0   0   0   0   0   0
    ATA   0   0   0   0   0   0 |     ACA   0   0   0   0   0   0 | Lys AAA   0   0   0   0   0   0 | Arg AGA   0   0   0   0   0   0
Met ATG   0   0   0   0   0   0 |     ACG   0   0   0   0   0   0 |     AAG   1   1   1   1   1   1 |     AGG   0   0   0   0   0   0
--------------------------------------------------------------------------------------------------------------------------------------
Val GTT   0   0   0   0   0   0 | Ala GCT   2   2   2   2   2   2 | Asp GAT   0   0   0   0   0   0 | Gly GGT   0   0   0   0   0   0
    GTC   0   0   0   0   0   0 |     GCC   1   1   1   1   1   1 |     GAC   3   3   3   3   3   3 |     GGC   1   1   1   1   1   1
    GTA   0   0   0   0   0   0 |     GCA   0   0   0   0   0   0 | Glu GAA   0   0   0   0   0   0 |     GGA   0   0   0   0   0   0
    GTG   0   0   0   0   0   0 |     GCG   0   0   0   0   0   0 |     GAG   0   0   0   0   0   0 |     GGG   0   0   0   0   0   0
--------------------------------------------------------------------------------------------------------------------------------------

--------------------------------------------------------------------------------------------------------------------------------------
Phe TTT   0   0   0   0   0   0 | Ser TCT   0   0   0   0   0   0 | Tyr TAT   2   2   2   2   2   2 | Cys TGT   0   0   0   0   0   0
    TTC   1   1   1   1   1   1 |     TCC   0   0   0   0   0   0 |     TAC   0   0   0   0   0   0 |     TGC   0   0   0   0   0   0
Leu TTA   0   0   0   0   0   0 |     TCA   1   0   0   0   0   0 | *** TAA   0   0   0   0   0   0 | *** TGA   0   0   0   0   0   0
    TTG   0   0   0   0   0   0 |     TCG   0   1   1   1   1   1 |     TAG   0   0   0   0   0   0 | Trp TGG   1   1   1   1   1   1
--------------------------------------------------------------------------------------------------------------------------------------
Leu CTT   1   1   1   1   1   1 | Pro CCT   0   0   0   0   0   0 | His CAT   1   1   1   1   1   1 | Arg CGT   0   0   0   0   0   0
    CTC   0   0   0   0   0   0 |     CCC   0   0   0   0   0   0 |     CAC   2   2   2   2   2   2 |     CGC   0   0   0   0   0   0
    CTA   0   0   0   0   0   0 |     CCA   0   0   0   0   0   0 | Gln CAA   1   1   1   1   1   1 |     CGA   0   0   0   0   0   0
    CTG   2   2   2   2   2   2 |     CCG   1   1   1   1   1   1 |     CAG   2   2   2   2   2   2 |     CGG   0   0   0   0   0   0
--------------------------------------------------------------------------------------------------------------------------------------
Ile ATT   0   0   0   0   0   0 | Thr ACT   1   1   1   1   1   1 | Asn AAT   0   0   0   1   0   0 | Ser AGT   0   0   0   0   0   0
    ATC   1   1   1   1   1   1 |     ACC   0   0   0   0   0   0 |     AAC   1   1   1   0   1   1 |     AGC   0   0   0   0   0   0
    ATA   0   0   0   0   0   0 |     ACA   0   0   0   0   0   0 | Lys AAA   0   0   0   0   0   0 | Arg AGA   0   0   0   0   0   0
Met ATG   0   0   0   0   0   0 |     ACG   0   0   0   0   0   0 |     AAG   1   1   1   1   1   1 |     AGG   0   0   0   0   0   0
--------------------------------------------------------------------------------------------------------------------------------------
Val GTT   0   0   0   0   0   0 | Ala GCT   2   2   2   2   2   2 | Asp GAT   0   1   0   0   0   0 | Gly GGT   0   0   0   0   0   0
    GTC   0   0   0   0   0   0 |     GCC   1   1   1   1   1   1 |     GAC   3   2   3   3   3   3 |     GGC   1   1   1   1   1   1
    GTA   0   0   0   0   0   0 |     GCA   0   0   0   0   0   0 | Glu GAA   0   0   0   0   0   0 |     GGA   0   0   0   0   0   0
    GTG   0   0   0   0   0   0 |     GCG   0   0   0   0   0   0 |     GAG   0   0   0   0   0   0 |     GGG   0   0   0   0   0   0
--------------------------------------------------------------------------------------------------------------------------------------

--------------------------------------------------------------------------------------------------------------------------------------
Phe TTT   0   0   0   0   0   0 | Ser TCT   0   0   0   1   0   0 | Tyr TAT   2   2   2   2   2   2 | Cys TGT   0   0   0   0   0   0
    TTC   1   1   1   1   1   1 |     TCC   0   0   0   0   0   0 |     TAC   0   0   0   0   0   0 |     TGC   0   0   0   0   0   0
Leu TTA   0   0   0   0   0   0 |     TCA   0   0   0   0   0   0 | *** TAA   0   0   0   0   0   0 | *** TGA   0   0   0   0   0   0
    TTG   0   0   0   0   0   0 |     TCG   1   1   1   0   1   1 |     TAG   0   0   0   0   0   0 | Trp TGG   1   1   1   1   1   1
--------------------------------------------------------------------------------------------------------------------------------------
Leu CTT   1   1   1   1   1   1 | Pro CCT   0   0   0   0   0   0 | His CAT   1   1   1   1   1   1 | Arg CGT   0   0   0   0   0   0
    CTC   0   0   0   0   0   0 |     CCC   0   0   0   0   0   0 |     CAC   2   2   2   2   1   2 |     CGC   0   0   0   0   0   0
    CTA   0   0   0   0   0   0 |     CCA   0   0   0   0   0   0 | Gln CAA   1   1   1   1   1   1 |     CGA   0   0   0   0   0   0
    CTG   2   2   2   2   2   2 |     CCG   1   1   1   1   1   1 |     CAG   2   2   2   2   2   2 |     CGG   0   0   0   0   0   0
--------------------------------------------------------------------------------------------------------------------------------------
Ile ATT   0   0   0   0   0   0 | Thr ACT   1   1   1   1   1   1 | Asn AAT   1   0   0   0   0   0 | Ser AGT   0   0   0   0   0   0
    ATC   1   1   1   1   1   1 |     ACC   0   0   0   0   0   0 |     AAC   0   1   1   1   1   1 |     AGC   0   0   0   0   0   0
    ATA   0   0   0   0   0   0 |     ACA   0   0   0   0   0   0 | Lys AAA   0   0   0   0   0   0 | Arg AGA   0   0   0   0   0   0
Met ATG   0   0   0   0   0   0 |     ACG   0   0   0   0   0   0 |     AAG   1   1   1   1   1   1 |     AGG   0   0   0   0   0   0
--------------------------------------------------------------------------------------------------------------------------------------
Val GTT   0   0   0   0   0   0 | Ala GCT   2   2   2   2   2   2 | Asp GAT   0   0   1   0   1   0 | Gly GGT   0   0   0   0   0   0
    GTC   0   0   0   0   0   0 |     GCC   1   1   1   1   1   1 |     GAC   3   3   2   3   3   3 |     GGC   1   1   1   1   1   1
    GTA   0   0   0   0   0   0 |     GCA   0   0   0   0   0   0 | Glu GAA   0   0   0   0   0   0 |     GGA   0   0   0   0   0   0
    GTG   0   0   0   0   0   0 |     GCG   0   0   0   0   0   0 |     GAG   0   0   0   0   0   0 |     GGG   0   0   0   0   0   0
--------------------------------------------------------------------------------------------------------------------------------------

--------------------------------------------------------------------------------------------------------------------------------------
Phe TTT   0   0   0   0   0   0 | Ser TCT   1   0   0   0   0   0 | Tyr TAT   2   2   2   2   2   2 | Cys TGT   0   0   0   0   0   0
    TTC   1   1   1   1   1   1 |     TCC   0   0   0   0   0   0 |     TAC   0   0   0   0   0   0 |     TGC   0   0   0   0   0   0
Leu TTA   0   0   0   0   0   0 |     TCA   0   0   0   0   0   0 | *** TAA   0   0   0   0   0   0 | *** TGA   0   0   0   0   0   0
    TTG   0   0   0   0   0   0 |     TCG   0   1   1   1   1   1 |     TAG   0   0   0   0   0   0 | Trp TGG   1   1   1   1   1   1
--------------------------------------------------------------------------------------------------------------------------------------
Leu CTT   1   1   1   1   1   1 | Pro CCT   0   0   0   0   0   0 | His CAT   1   1   1   1   1   1 | Arg CGT   0   0   0   0   0   0
    CTC   0   0   0   0   0   0 |     CCC   0   0   0   0   0   1 |     CAC   2   2   2   2   2   1 |     CGC   0   0   0   0   0   0
    CTA   0   0   0   0   0   0 |     CCA   0   0   0   0   0   0 | Gln CAA   1   1   1   1   1   1 |     CGA   0   0   0   0   0   0
    CTG   2   2   2   2   2   2 |     CCG   1   1   1   1   1   0 |     CAG   2   2   2   2   2   3 |     CGG   0   0   0   0   0   0
--------------------------------------------------------------------------------------------------------------------------------------
Ile ATT   0   0   0   0   0   0 | Thr ACT   1   1   1   1   1   1 | Asn AAT   0   0   0   0   1   0 | Ser AGT   0   0   0   0   0   0
    ATC   1   1   1   1   1   1 |     ACC   0   0   0   0   0   0 |     AAC   1   1   1   1   0   1 |     AGC   0   0   0   0   0   0
    ATA   0   0   0   0   0   0 |     ACA   0   0   0   0   0   0 | Lys AAA   0   0   0   0   0   0 | Arg AGA   0   0   0   0   0   0
Met ATG   0   0   0   0   0   0 |     ACG   0   0   0   0   0   0 |     AAG   1   1   1   1   1   1 |     AGG   0   0   0   0   0   0
--------------------------------------------------------------------------------------------------------------------------------------
Val GTT   0   0   0   0   0   0 | Ala GCT   2   2   2   2   2   2 | Asp GAT   0   0   0   0   0   1 | Gly GGT   0   0   0   0   0   0
    GTC   0   0   0   0   0   0 |     GCC   2   1   1   1   1   1 |     GAC   3   3   3   3   3   2 |     GGC   0   1   1   1   1   1
    GTA   0   0   0   0   0   0 |     GCA   0   0   0   0   0   0 | Glu GAA   0   0   0   0   0   0 |     GGA   0   0   0   0   0   0
    GTG   0   0   0   0   0   0 |     GCG   0   0   0   0   0   0 |     GAG   0   0   0   0   0   0 |     GGG   0   0   0   0   0   0
--------------------------------------------------------------------------------------------------------------------------------------

--------------------------------------------------------------------------------------------------------------------------------------
Phe TTT   0   0   0   0   0   0 | Ser TCT   0   0   0   0   0   0 | Tyr TAT   2   2   2   2   2   2 | Cys TGT   0   0   0   0   0   0
    TTC   1   1   1   1   1   1 |     TCC   0   0   0   0   0   0 |     TAC   0   0   0   0   0   0 |     TGC   0   0   0   0   0   0
Leu TTA   0   0   0   0   0   0 |     TCA   0   0   0   0   0   0 | *** TAA   0   0   0   0   0   0 | *** TGA   0   0   0   0   0   0
    TTG   0   0   0   0   0   0 |     TCG   1   1   1   1   1   1 |     TAG   0   0   0   0   0   0 | Trp TGG   1   1   1   1   1   1
--------------------------------------------------------------------------------------------------------------------------------------
Leu CTT   1   1   1   1   1   1 | Pro CCT   0   0   0   0   0   0 | His CAT   1   1   1   1   1   1 | Arg CGT   0   0   0   0   0   0
    CTC   0   0   0   0   0   0 |     CCC   0   0   0   0   0   0 |     CAC   1   2   2   2   2   2 |     CGC   1   0   0   0   0   0
    CTA   0   0   0   0   0   0 |     CCA   0   0   0   0   0   0 | Gln CAA   0   1   1   1   1   1 |     CGA   1   0   0   0   0   0
    CTG   2   2   2   2   2   2 |     CCG   1   1   1   1   1   1 |     CAG   2   2   2   2   2   2 |     CGG   0   0   0   0   0   0
--------------------------------------------------------------------------------------------------------------------------------------
Ile ATT   0   0   0   0   0   0 | Thr ACT   1   1   1   1   1   1 | Asn AAT   0   1   0   0   0   0 | Ser AGT   0   0   0   0   0   0
    ATC   1   1   1   1   1   1 |     ACC   0   0   0   0   0   0 |     AAC   1   0   1   1   1   1 |     AGC   0   0   0   0   0   0
    ATA   0   0   0   0   0   0 |     ACA   0   0   0   0   0   0 | Lys AAA   0   0   0   0   0   0 | Arg AGA   0   0   0   0   0   0
Met ATG   0   0   0   0   0   0 |     ACG   0   0   0   0   0   0 |     AAG   1   1   1   1   1   1 |     AGG   0   0   0   0   0   0
--------------------------------------------------------------------------------------------------------------------------------------
Val GTT   0   0   0   0   0   0 | Ala GCT   2   2   2   2   2   2 | Asp GAT   1   0   1   1   0   0 | Gly GGT   0   0   0   0   0   0
    GTC   0   0   0   0   0   0 |     GCC   1   1   1   1   1   1 |     GAC   2   3   2   2   3   3 |     GGC   1   1   1   1   1   1
    GTA   0   0   0   0   0   0 |     GCA   0   0   0   0   0   0 | Glu GAA   0   0   0   0   0   0 |     GGA   0   0   0   0   0   0
    GTG   0   0   0   0   0   0 |     GCG   0   0   0   0   0   0 |     GAG   0   0   0   0   0   0 |     GGG   0   0   0   0   0   0
--------------------------------------------------------------------------------------------------------------------------------------

--------------------------------------------------------------------------------------------------------------------------------------
Phe TTT   0   0   0   0   0   0 | Ser TCT   0   0   0   0   0   0 | Tyr TAT   2   2   2   2   2   2 | Cys TGT   0   0   0   0   0   0
    TTC   1   1   1   1   1   1 |     TCC   0   0   0   0   0   0 |     TAC   1   0   0   0   0   0 |     TGC   0   0   0   0   0   0
Leu TTA   0   0   0   0   0   0 |     TCA   0   0   0   0   0   0 | *** TAA   0   0   0   0   0   0 | *** TGA   0   0   0   0   0   0
    TTG   0   0   0   0   0   0 |     TCG   1   1   1   1   1   1 |     TAG   0   0   0   0   0   0 | Trp TGG   1   1   1   1   1   1
--------------------------------------------------------------------------------------------------------------------------------------
Leu CTT   1   1   1   1   1   1 | Pro CCT   0   0   0   0   0   0 | His CAT   1   1   1   1   1   1 | Arg CGT   0   0   0   0   0   0
    CTC   0   0   0   0   0   0 |     CCC   0   0   0   0   0   0 |     CAC   1   2   2   2   2   2 |     CGC   0   0   0   0   0   0
    CTA   0   0   0   0   0   0 |     CCA   0   0   0   0   0   0 | Gln CAA   1   1   1   1   1   1 |     CGA   0   0   0   0   0   0
    CTG   2   2   2   2   2   2 |     CCG   1   1   1   1   1   1 |     CAG   2   2   2   2   2   2 |     CGG   0   0   0   0   0   0
--------------------------------------------------------------------------------------------------------------------------------------
Ile ATT   0   0   0   0   0   0 | Thr ACT   1   1   1   0   1   1 | Asn AAT   1   0   0   0   0   0 | Ser AGT   0   0   0   0   0   0
    ATC   1   1   1   1   1   1 |     ACC   0   0   0   0   0   0 |     AAC   0   1   1   1   1   1 |     AGC   0   0   0   0   0   0
    ATA   0   0   0   0   0   0 |     ACA   0   0   0   0   0   0 | Lys AAA   0   0   0   0   0   0 | Arg AGA   0   0   0   0   0   0
Met ATG   0   0   0   0   0   0 |     ACG   0   0   0   1   0   0 |     AAG   1   1   1   1   1   1 |     AGG   0   0   0   0   0   0
--------------------------------------------------------------------------------------------------------------------------------------
Val GTT   0   0   0   0   0   0 | Ala GCT   2   1   2   1   2   2 | Asp GAT   0   0   0   0   0   0 | Gly GGT   0   0   0   0   0   0
    GTC   0   0   0   0   0   0 |     GCC   1   1   1   1   1   1 |     GAC   3   3   3   3   3   3 |     GGC   1   1   1   1   1   1
    GTA   0   0   0   0   0   0 |     GCA   0   0   0   0   0   0 | Glu GAA   0   0   0   0   0   0 |     GGA   0   0   0   0   0   0
    GTG   0   0   0   0   0   0 |     GCG   0   1   0   1   0   0 |     GAG   0   0   0   0   0   0 |     GGG   0   0   0   0   0   0
--------------------------------------------------------------------------------------------------------------------------------------

Codon position x base (3x4) table for each sequence.

#1: Argali         
position  1:    T:0.19231    C:0.38462    A:0.15385    G:0.26923
position  2:    T:0.19231    C:0.23077    A:0.50000    G:0.07692
position  3:    T:0.26923    C:0.38462    A:0.03846    G:0.30769
Average         T:0.21795    C:0.33333    A:0.23077    G:0.21795

#2: LesserMouseDeer
position  1:    T:0.19231    C:0.38462    A:0.15385    G:0.26923
position  2:    T:0.23077    C:0.19231    A:0.50000    G:0.07692
position  3:    T:0.26923    C:0.42308    A:0.07692    G:0.23077
Average         T:0.23077    C:0.33333    A:0.24359    G:0.19231

#3: LesserKudu     
position  1:    T:0.19231    C:0.38462    A:0.15385    G:0.26923
position  2:    T:0.19231    C:0.23077    A:0.50000    G:0.07692
position  3:    T:0.26923    C:0.38462    A:0.07692    G:0.26923
Average         T:0.21795    C:0.33333    A:0.24359    G:0.20513

#4: ForestMuskDeer2
position  1:    T:0.19231    C:0.38462    A:0.15385    G:0.26923
position  2:    T:0.19231    C:0.23077    A:0.50000    G:0.07692
position  3:    T:0.19231    C:0.38462    A:0.03846    G:0.38462
Average         T:0.19231    C:0.33333    A:0.23077    G:0.24359

#5: Camel          
position  1:    T:0.19231    C:0.38462    A:0.15385    G:0.26923
position  2:    T:0.19231    C:0.23077    A:0.50000    G:0.07692
position  3:    T:0.19231    C:0.46154    A:0.03846    G:0.30769
Average         T:0.19231    C:0.35897    A:0.23077    G:0.21795

#6: KillerWhale    
position  1:    T:0.19231    C:0.38462    A:0.11538    G:0.30769
position  2:    T:0.19231    C:0.23077    A:0.50000    G:0.07692
position  3:    T:0.26923    C:0.38462    A:0.03846    G:0.30769
Average         T:0.21795    C:0.33333    A:0.21795    G:0.23077

#7: DefassaWaterbuck
position  1:    T:0.19231    C:0.38462    A:0.15385    G:0.26923
position  2:    T:0.19231    C:0.23077    A:0.50000    G:0.07692
position  3:    T:0.26923    C:0.38462    A:0.03846    G:0.30769
Average         T:0.21795    C:0.33333    A:0.23077    G:0.21795

#8: Sheep          
position  1:    T:0.19231    C:0.38462    A:0.15385    G:0.26923
position  2:    T:0.19231    C:0.23077    A:0.50000    G:0.07692
position  3:    T:0.26923    C:0.38462    A:0.07692    G:0.26923
Average         T:0.21795    C:0.33333    A:0.24359    G:0.20513

#9: MaxwellsDuiker 
position  1:    T:0.19231    C:0.38462    A:0.15385    G:0.26923
position  2:    T:0.19231    C:0.23077    A:0.50000    G:0.07692
position  3:    T:0.26923    C:0.38462    A:0.03846    G:0.30769
Average         T:0.21795    C:0.33333    A:0.23077    G:0.21795

#10: GazellaPrzewalskyi
position  1:    T:0.19231    C:0.38462    A:0.15385    G:0.26923
position  2:    T:0.19231    C:0.23077    A:0.50000    G:0.07692
position  3:    T:0.30769    C:0.34615    A:0.03846    G:0.30769
Average         T:0.23077    C:0.32051    A:0.23077    G:0.21795

#11: MountainNyala  
position  1:    T:0.19231    C:0.38462    A:0.15385    G:0.26923
position  2:    T:0.19231    C:0.23077    A:0.50000    G:0.07692
position  3:    T:0.23077    C:0.42308    A:0.03846    G:0.30769
Average         T:0.20513    C:0.34615    A:0.23077    G:0.21795

#12: MuntiacusMuntjak
position  1:    T:0.19231    C:0.38462    A:0.15385    G:0.26923
position  2:    T:0.19231    C:0.23077    A:0.50000    G:0.07692
position  3:    T:0.30769    C:0.34615    A:0.03846    G:0.30769
Average         T:0.23077    C:0.32051    A:0.23077    G:0.21795

#13: goat           
position  1:    T:0.19231    C:0.38462    A:0.15385    G:0.26923
position  2:    T:0.19231    C:0.23077    A:0.50000    G:0.07692
position  3:    T:0.26923    C:0.38462    A:0.03846    G:0.30769
Average         T:0.21795    C:0.33333    A:0.23077    G:0.21795

#14: AfricanBuffalo 
position  1:    T:0.19231    C:0.38462    A:0.15385    G:0.26923
position  2:    T:0.19231    C:0.23077    A:0.50000    G:0.07692
position  3:    T:0.26923    C:0.38462    A:0.03846    G:0.30769
Average         T:0.21795    C:0.33333    A:0.23077    G:0.21795

#15: Topi           
position  1:    T:0.19231    C:0.38462    A:0.15385    G:0.26923
position  2:    T:0.19231    C:0.23077    A:0.50000    G:0.07692
position  3:    T:0.26923    C:0.38462    A:0.07692    G:0.26923
Average         T:0.21795    C:0.33333    A:0.24359    G:0.20513

#16: CommonDuiker   
position  1:    T:0.19231    C:0.38462    A:0.15385    G:0.26923
position  2:    T:0.19231    C:0.23077    A:0.50000    G:0.07692
position  3:    T:0.26923    C:0.38462    A:0.07692    G:0.26923
Average         T:0.21795    C:0.33333    A:0.24359    G:0.20513

#17: Suni           
position  1:    T:0.19231    C:0.38462    A:0.15385    G:0.26923
position  2:    T:0.19231    C:0.23077    A:0.50000    G:0.07692
position  3:    T:0.30769    C:0.34615    A:0.03846    G:0.30769
Average         T:0.23077    C:0.32051    A:0.23077    G:0.21795

#18: Springbuck     
position  1:    T:0.19231    C:0.38462    A:0.15385    G:0.26923
position  2:    T:0.19231    C:0.23077    A:0.50000    G:0.07692
position  3:    T:0.30769    C:0.34615    A:0.03846    G:0.30769
Average         T:0.23077    C:0.32051    A:0.23077    G:0.21795

#19: Okapi          
position  1:    T:0.23077    C:0.34615    A:0.15385    G:0.26923
position  2:    T:0.19231    C:0.23077    A:0.50000    G:0.07692
position  3:    T:0.26923    C:0.38462    A:0.03846    G:0.30769
Average         T:0.23077    C:0.32051    A:0.23077    G:0.21795

#20: Giraffe        
position  1:    T:0.19231    C:0.38462    A:0.15385    G:0.26923
position  2:    T:0.19231    C:0.23077    A:0.50000    G:0.07692
position  3:    T:0.26923    C:0.38462    A:0.03846    G:0.30769
Average         T:0.21795    C:0.33333    A:0.23077    G:0.21795

#21: TibetanAntelope
position  1:    T:0.19231    C:0.38462    A:0.15385    G:0.26923
position  2:    T:0.19231    C:0.23077    A:0.50000    G:0.07692
position  3:    T:0.26923    C:0.38462    A:0.03846    G:0.30769
Average         T:0.21795    C:0.33333    A:0.23077    G:0.21795

#22: Sitatunga      
position  1:    T:0.19231    C:0.38462    A:0.15385    G:0.26923
position  2:    T:0.19231    C:0.23077    A:0.50000    G:0.07692
position  3:    T:0.26923    C:0.38462    A:0.03846    G:0.30769
Average         T:0.21795    C:0.33333    A:0.23077    G:0.21795

#23: Oribi          
position  1:    T:0.19231    C:0.38462    A:0.15385    G:0.26923
position  2:    T:0.19231    C:0.23077    A:0.50000    G:0.07692
position  3:    T:0.30769    C:0.34615    A:0.03846    G:0.30769
Average         T:0.23077    C:0.32051    A:0.23077    G:0.21795

#24: BarbarySheep   
position  1:    T:0.19231    C:0.38462    A:0.15385    G:0.26923
position  2:    T:0.19231    C:0.23077    A:0.50000    G:0.07692
position  3:    T:0.26923    C:0.38462    A:0.03846    G:0.30769
Average         T:0.21795    C:0.33333    A:0.23077    G:0.21795

#25: Daviddeer      
position  1:    T:0.19231    C:0.38462    A:0.15385    G:0.26923
position  2:    T:0.19231    C:0.23077    A:0.50000    G:0.07692
position  3:    T:0.26923    C:0.38462    A:0.07692    G:0.26923
Average         T:0.21795    C:0.33333    A:0.24359    G:0.20513

#26: Reindeer       
position  1:    T:0.19231    C:0.38462    A:0.15385    G:0.26923
position  2:    T:0.19231    C:0.23077    A:0.50000    G:0.07692
position  3:    T:0.30769    C:0.34615    A:0.03846    G:0.30769
Average         T:0.23077    C:0.32051    A:0.23077    G:0.21795

#27: Ibex           
position  1:    T:0.19231    C:0.38462    A:0.15385    G:0.26923
position  2:    T:0.19231    C:0.23077    A:0.50000    G:0.07692
position  3:    T:0.26923    C:0.38462    A:0.03846    G:0.30769
Average         T:0.21795    C:0.33333    A:0.23077    G:0.21795

#28: GyrantGazelle  
position  1:    T:0.19231    C:0.38462    A:0.15385    G:0.26923
position  2:    T:0.19231    C:0.23077    A:0.50000    G:0.07692
position  3:    T:0.30769    C:0.34615    A:0.03846    G:0.30769
Average         T:0.23077    C:0.32051    A:0.23077    G:0.21795

#29: Hartebeest     
position  1:    T:0.19231    C:0.38462    A:0.15385    G:0.26923
position  2:    T:0.19231    C:0.23077    A:0.50000    G:0.07692
position  3:    T:0.26923    C:0.38462    A:0.03846    G:0.30769
Average         T:0.21795    C:0.33333    A:0.23077    G:0.21795

#30: Bongo          
position  1:    T:0.19231    C:0.38462    A:0.15385    G:0.26923
position  2:    T:0.19231    C:0.23077    A:0.50000    G:0.07692
position  3:    T:0.26923    C:0.38462    A:0.03846    G:0.30769
Average         T:0.21795    C:0.33333    A:0.23077    G:0.21795

#31: Gerenuk        
position  1:    T:0.19231    C:0.38462    A:0.15385    G:0.26923
position  2:    T:0.19231    C:0.23077    A:0.50000    G:0.07692
position  3:    T:0.30769    C:0.34615    A:0.03846    G:0.30769
Average         T:0.23077    C:0.32051    A:0.23077    G:0.21795

#32: CommonEland    
position  1:    T:0.19231    C:0.38462    A:0.15385    G:0.26923
position  2:    T:0.19231    C:0.23077    A:0.50000    G:0.07692
position  3:    T:0.26923    C:0.38462    A:0.03846    G:0.30769
Average         T:0.21795    C:0.33333    A:0.23077    G:0.21795

#33: MuntiacusReevesi
position  1:    T:0.19231    C:0.38462    A:0.15385    G:0.26923
position  2:    T:0.19231    C:0.23077    A:0.50000    G:0.07692
position  3:    T:0.30769    C:0.34615    A:0.03846    G:0.30769
Average         T:0.23077    C:0.32051    A:0.23077    G:0.21795

#34: HarveysDuiker  
position  1:    T:0.19231    C:0.38462    A:0.15385    G:0.26923
position  2:    T:0.19231    C:0.23077    A:0.50000    G:0.07692
position  3:    T:0.30769    C:0.38462    A:0.03846    G:0.26923
Average         T:0.23077    C:0.33333    A:0.23077    G:0.20513

#35: Pronghorn      
position  1:    T:0.19231    C:0.34615    A:0.15385    G:0.30769
position  2:    T:0.19231    C:0.23077    A:0.50000    G:0.07692
position  3:    T:0.30769    C:0.34615    A:0.03846    G:0.30769
Average         T:0.23077    C:0.30769    A:0.23077    G:0.23077

#36: BlueWildebeest 
position  1:    T:0.19231    C:0.38462    A:0.15385    G:0.26923
position  2:    T:0.19231    C:0.23077    A:0.50000    G:0.07692
position  3:    T:0.26923    C:0.38462    A:0.03846    G:0.30769
Average         T:0.21795    C:0.33333    A:0.23077    G:0.21795

#37: Gemsbok        
position  1:    T:0.19231    C:0.38462    A:0.15385    G:0.26923
position  2:    T:0.19231    C:0.26923    A:0.50000    G:0.03846
position  3:    T:0.30769    C:0.38462    A:0.03846    G:0.26923
Average         T:0.23077    C:0.34615    A:0.23077    G:0.19231

#38: Yak            
position  1:    T:0.19231    C:0.38462    A:0.15385    G:0.26923
position  2:    T:0.19231    C:0.23077    A:0.50000    G:0.07692
position  3:    T:0.26923    C:0.38462    A:0.03846    G:0.30769
Average         T:0.21795    C:0.33333    A:0.23077    G:0.21795

#39: BlueSheep      
position  1:    T:0.19231    C:0.38462    A:0.15385    G:0.26923
position  2:    T:0.19231    C:0.23077    A:0.50000    G:0.07692
position  3:    T:0.26923    C:0.38462    A:0.03846    G:0.30769
Average         T:0.21795    C:0.33333    A:0.23077    G:0.21795

#40: BohorReedbuck  
position  1:    T:0.19231    C:0.38462    A:0.15385    G:0.26923
position  2:    T:0.19231    C:0.23077    A:0.50000    G:0.07692
position  3:    T:0.26923    C:0.38462    A:0.03846    G:0.30769
Average         T:0.21795    C:0.33333    A:0.23077    G:0.21795

#41: KirksDik       
position  1:    T:0.19231    C:0.38462    A:0.15385    G:0.26923
position  2:    T:0.19231    C:0.23077    A:0.50000    G:0.07692
position  3:    T:0.30769    C:0.34615    A:0.03846    G:0.30769
Average         T:0.23077    C:0.32051    A:0.23077    G:0.21795

#42: RoeDeer        
position  1:    T:0.19231    C:0.38462    A:0.15385    G:0.26923
position  2:    T:0.19231    C:0.23077    A:0.50000    G:0.07692
position  3:    T:0.30769    C:0.34615    A:0.03846    G:0.30769
Average         T:0.23077    C:0.32051    A:0.23077    G:0.21795

#43: WhiteLippedDeer
position  1:    T:0.19231    C:0.38462    A:0.15385    G:0.26923
position  2:    T:0.19231    C:0.23077    A:0.42308    G:0.15385
position  3:    T:0.30769    C:0.34615    A:0.03846    G:0.30769
Average         T:0.23077    C:0.32051    A:0.20513    G:0.24359

#44: ThomsonGazelle 
position  1:    T:0.19231    C:0.38462    A:0.15385    G:0.26923
position  2:    T:0.19231    C:0.23077    A:0.50000    G:0.07692
position  3:    T:0.30769    C:0.34615    A:0.03846    G:0.30769
Average         T:0.23077    C:0.32051    A:0.23077    G:0.21795

#45: MuntiacusCrinifrons
position  1:    T:0.19231    C:0.38462    A:0.15385    G:0.26923
position  2:    T:0.19231    C:0.23077    A:0.50000    G:0.07692
position  3:    T:0.30769    C:0.34615    A:0.03846    G:0.30769
Average         T:0.23077    C:0.32051    A:0.23077    G:0.21795

#46: WhiteTailedDeer
position  1:    T:0.19231    C:0.38462    A:0.15385    G:0.26923
position  2:    T:0.19231    C:0.23077    A:0.50000    G:0.07692
position  3:    T:0.30769    C:0.34615    A:0.03846    G:0.30769
Average         T:0.23077    C:0.32051    A:0.23077    G:0.21795

#47: Cattle         
position  1:    T:0.19231    C:0.38462    A:0.15385    G:0.26923
position  2:    T:0.19231    C:0.23077    A:0.50000    G:0.07692
position  3:    T:0.26923    C:0.38462    A:0.03846    G:0.30769
Average         T:0.21795    C:0.33333    A:0.23077    G:0.21795

#48: RoyalAntelope  
position  1:    T:0.19231    C:0.38462    A:0.15385    G:0.26923
position  2:    T:0.19231    C:0.23077    A:0.50000    G:0.07692
position  3:    T:0.26923    C:0.38462    A:0.03846    G:0.30769
Average         T:0.21795    C:0.33333    A:0.23077    G:0.21795

#49: Steenbok       
position  1:    T:0.23077    C:0.34615    A:0.15385    G:0.26923
position  2:    T:0.19231    C:0.23077    A:0.50000    G:0.07692
position  3:    T:0.30769    C:0.34615    A:0.03846    G:0.30769
Average         T:0.24359    C:0.30769    A:0.23077    G:0.21795

#50: Impala         
position  1:    T:0.19231    C:0.38462    A:0.15385    G:0.26923
position  2:    T:0.19231    C:0.23077    A:0.50000    G:0.07692
position  3:    T:0.23077    C:0.38462    A:0.03846    G:0.34615
Average         T:0.20513    C:0.33333    A:0.23077    G:0.23077

#51: Klipspringer   
position  1:    T:0.19231    C:0.38462    A:0.15385    G:0.26923
position  2:    T:0.19231    C:0.23077    A:0.50000    G:0.07692
