1
52 1
Argali 0.000000 0.377600 0.168200 0.373500 0.231000 0.000000 0.110300 0.192000 0.173300 0.184700 0.038400 0.182000 0.083800 0.123600 0.178000 0.153800 0.229700 0.215200 0.079200 0.145300 0.153500 0.039400 0.165900 0.154500 0.039800 0.181000 0.123500 0.145400 0.183200 0.144800 0.211800 0.176400 0.267700 0.070000 0.096500 0.181900 0.026500 0.174200 0.176300 0.155400 0.174200 0.194900 0.198400 0.153900 0.156400 0.148800 0.154500 0.161500 0.141700 0.176200 0.127500 0.146400
LesserMous 0.377600 0.000000 0.345000 0.360900 0.332600 0.377600 0.333500 0.412900 0.317500 0.311200 0.393400 0.344300 0.321500 0.348100 0.320700 0.368200 0.271200 0.255300 0.380400 0.323700 0.367600 0.362700 0.256900 0.330400 0.385700 0.342100 0.366600 0.323500 0.326200 0.323100 0.341700 0.409000 0.312000 0.304900 0.317000 0.384900 0.367800 0.282200 0.351500 0.313900 0.265000 0.377200 0.326500 0.327200 0.356900 0.313300 0.370500 0.366400 0.357000 0.303700 0.338500 0.347200
LesserKudu 0.168200 0.345000 0.000000 0.369600 0.271300 0.168200 0.173600 0.196500 0.084600 0.221500 0.213000 0.155000 0.146700 0.187400 0.213800 0.188000 0.235000 0.220100 0.169600 0.056700 0.187700 0.186100 0.238800 0.221800 0.203700 0.216300 0.156400 0.056700 0.218700 0.056500 0.249500 0.179700 0.242300 0.132400 0.159800 0.124800 0.188700 0.244400 0.242000 0.223300 0.246900 0.230600 0.235800 0.220800 0.098700 0.185200 0.188500 0.213800 0.144400 0.147500 0.041500 0.071700
KillerWhal 0.373500 0.360900 0.369600 0.000000 0.367300 0.373500 0.331800 0.354600 0.340300 0.366100 0.388200 0.385300 0.318800 0.346100 0.375200 0.363900 0.390600 0.375200 0.376800 0.309400 0.363800 0.359600 0.355700 0.368000 0.381000 0.357600 0.362300 0.308900 0.399500 0.308500 0.396200 0.404400 0.424500 0.303000 0.316500 0.368900 0.364000 0.317900 0.327200 0.370200 0.361700 0.374000 0.381100 0.325800 0.341400 0.311600 0.367000 0.322600 0.339400 0.345500 0.323600 0.329800
DefassaWat 0.231000 0.332600 0.271300 0.367300 0.000000 0.231000 0.207200 0.227600 0.244200 0.221500 0.212900 0.285800 0.179300 0.220800 0.181900 0.188700 0.201500 0.222000 0.200600 0.215000 0.189000 0.219100 0.240700 0.221600 0.235500 0.250000 0.188600 0.214900 0.187700 0.214200 0.216300 0.276000 0.343500 0.164800 0.159500 0.236300 0.220300 0.085300 0.276600 0.257300 0.178900 0.199800 0.235500 0.220500 0.210000 0.153600 0.190500 0.181600 0.209600 0.247900 0.228400 0.233100
Sheep 0.000000 0.377600 0.168200 0.373500 0.231000 0.000000 0.110300 0.192000 0.173300 0.184700 0.039200 0.182000 0.083800 0.123600 0.178000 0.153800 0.229700 0.215200 0.079200 0.145300 0.153500 0.039400 0.165900 0.154500 0.039800 0.181000 0.123500 0.145400 0.183200 0.144800 0.211800 0.176400 0.267700 0.070000 0.096500 0.181900 0.026500 0.172700 0.176300 0.155400 0.174200 0.194900 0.198400 0.153900 0.156400 0.148800 0.154500 0.161500 0.141700 0.176200 0.127500 0.146400
MaxwellsDu 0.110300 0.333500 0.173600 0.331800 0.207200 0.110300 0.000000 0.109000 0.146500 0.223200 0.123600 0.187900 0.086500 0.013400 0.124400 0.097900 0.153200 0.138400 0.082100 0.117800 0.097700 0.096900 0.205900 0.191400 0.112500 0.125300 0.127400 0.117900 0.126800 0.117500 0.251400 0.066100 0.213000 0.072300 0.100000 0.188300 0.098300 0.147300 0.151400 0.192200 0.214600 0.139100 0.237500 0.190600 0.162000 0.121100 0.098300 0.134400 0.115200 0.149300 0.131600 0.118700
GazellaPrz 0.192000 0.412900 0.196500 0.354600 0.227600 0.192000 0.109000 0.000000 0.170500 0.278800 0.204900 0.179800 0.111700 0.093800 0.148300 0.093900 0.177700 0.163400 0.163300 0.142800 0.122200 0.150400 0.264500 0.214200 0.195700 0.149000 0.181100 0.142700 0.150800 0.142400 0.272300 0.117400 0.233700 0.127800 0.123800 0.179700 0.181300 0.234200 0.145300 0.215100 0.235600 0.148600 0.292900 0.213100 0.185100 0.178700 0.122900 0.159200 0.110300 0.173100 0.155900 0.158900
MountainNy 0.173300 0.317500 0.084600 0.340300 0.244200 0.173300 0.146500 0.170500 0.000000 0.227800 0.187000 0.098700 0.118900 0.160600 0.187700 0.161200 0.172200 0.157100 0.174200 0.028800 0.160900 0.159600 0.210400 0.162000 0.177000 0.189800 0.160300 0.028800 0.192000 0.028700 0.256600 0.184400 0.217000 0.104400 0.132500 0.128500 0.161900 0.216800 0.216000 0.196200 0.219100 0.204300 0.242500 0.161400 0.101700 0.156500 0.161400 0.185900 0.117000 0.120000 0.042800 0.043700
MuntiacusM 0.184700 0.311200 0.221500 0.366100 0.221500 0.184700 0.223200 0.278800 0.227800 0.000000 0.198100 0.202500 0.162800 0.237100 0.167400 0.204600 0.184100 0.203800 0.155000 0.198400 0.237500 0.171200 0.089500 0.083100 0.205700 0.201300 0.172100 0.198400 0.235900 0.197900 0.026400 0.259900 0.292900 0.148400 0.176700 0.253700 0.190500 0.195100 0.227000 0.055100 0.071200 0.215400 0.013200 0.082600 0.227400 0.203600 0.238800 0.197900 0.226100 0.132300 0.212000 0.216300
goat 0.038400 0.393400 0.213000 0.388200 0.212900 0.039200 0.123600 0.204900 0.187000 0.198100 0.000000 0.195200 0.097200 0.136700 0.191000 0.167100 0.244000 0.229600 0.065000 0.159000 0.137300 0.052300 0.180100 0.167800 0.052800 0.164300 0.136600 0.159200 0.196500 0.158600 0.225000 0.189200 0.280900 0.083600 0.109900 0.226900 0.039500 0.155600 0.189200 0.168800 0.187900 0.178000 0.211700 0.167200 0.201600 0.131600 0.138100 0.175500 0.155100 0.190000 0.172100 0.160300
AfricanBuf 0.182000 0.344300 0.155000 0.385300 0.285800 0.182000 0.187900 0.179800 0.098700 0.202500 0.195200 0.000000 0.129400 0.170400 0.196100 0.140700 0.216000 0.201300 0.182800 0.100500 0.140400 0.138700 0.184100 0.203200 0.202600 0.138100 0.169500 0.100500 0.170100 0.100200 0.230000 0.224600 0.225100 0.115400 0.173900 0.138800 0.187600 0.259100 0.163400 0.172500 0.193400 0.182100 0.216500 0.202300 0.112900 0.200100 0.141200 0.228600 0.127900 0.130400 0.113900 0.116200
Topi 0.083800 0.321500 0.146700 0.318800 0.179300 0.083800 0.086500 0.111700 0.118900 0.162800 0.097200 0.129400 0.000000 0.100400 0.097600 0.070800 0.173600 0.158400 0.084100 0.089800 0.100400 0.070100 0.141800 0.100800 0.101000 0.128600 0.069900 0.089700 0.130300 0.089500 0.191000 0.155700 0.218500 0.014700 0.042700 0.129700 0.086400 0.151800 0.096000 0.101500 0.152500 0.142900 0.177100 0.131000 0.134000 0.092000 0.101000 0.121300 0.087400 0.120900 0.103800 0.105900
CommonDuik 0.123600 0.348100 0.187400 0.346100 0.220800 0.123600 0.013400 0.093800 0.160600 0.237100 0.136700 0.170400 0.100400 0.000000 0.137600 0.082600 0.167700 0.153100 0.095400 0.132000 0.082400 0.081700 0.220800 0.205200 0.126000 0.109500 0.141000 0.132200 0.110900 0.131700 0.265100 0.051700 0.195500 0.086400 0.113600 0.201600 0.111800 0.161300 0.135400 0.206100 0.229000 0.123200 0.251300 0.204400 0.175600 0.135700 0.082900 0.148700 0.099100 0.163400 0.145600 0.133000
Suni 0.178000 0.320700 0.213800 0.375200 0.181900 0.178000 0.124400 0.148300 0.187700 0.167400 0.191000 0.196100 0.097600 0.137600 0.000000 0.108500 0.178000 0.197000 0.149500 0.159600 0.167400 0.166000 0.214000 0.137800 0.181400 0.164700 0.167000 0.159600 0.136900 0.159100 0.194000 0.190300 0.219900 0.113500 0.110000 0.181900 0.167100 0.187000 0.160800 0.138900 0.188300 0.178200 0.180800 0.167200 0.187500 0.163700 0.168400 0.159400 0.155800 0.158600 0.172800 0.176100
Springbuck 0.153800 0.368200 0.188000 0.363900 0.188700 0.153800 0.097900 0.093900 0.161200 0.204600 0.167100 0.140700 0.070800 0.082600 0.108500 0.000000 0.167700 0.186900 0.154600 0.132500 0.054500 0.110900 0.221200 0.142400 0.156900 0.081400 0.141100 0.132400 0.053800 0.132200 0.232400 0.135800 0.227200 0.086500 0.084300 0.126200 0.142300 0.161700 0.079300 0.174500 0.229700 0.094900 0.218700 0.172800 0.130200 0.136100 0.054700 0.164600 0.099400 0.163800 0.146100 0.149000
Okapi 0.229700 0.271200 0.235000 0.390600 0.201500 0.229700 0.153200 0.177700 0.172200 0.184100 0.244000 0.216000 0.173600 0.167700 0.178000 0.167700 0.000000 0.015100 0.197300 0.175800 0.200000 0.215400 0.164200 0.184900 0.234700 0.231900 0.216600 0.175800 0.166700 0.175300 0.213200 0.192100 0.207900 0.158300 0.187600 0.234300 0.218600 0.173000 0.259200 0.220400 0.174700 0.231000 0.198900 0.183600 0.206600 0.180900 0.202500 0.194500 0.205200 0.174700 0.190100 0.194300
Giraffe 0.215200 0.255300 0.220100 0.375200 0.222000 0.215200 0.138400 0.163400 0.157100 0.203800 0.229600 0.201300 0.158400 0.153100 0.197000 0.186900 0.015100 0.000000 0.182900 0.160400 0.185300 0.200800 0.148400 0.204700 0.219900 0.217200 0.201900 0.160400 0.185800 0.160000 0.233500 0.177900 0.193800 0.143100 0.172700 0.235800 0.203700 0.193100 0.244800 0.205400 0.159500 0.216400 0.218900 0.203400 0.208000 0.165300 0.187600 0.179100 0.190200 0.159400 0.175000 0.178700
TibetanAnt 0.079200 0.380400 0.169600 0.376800 0.200600 0.079200 0.082100 0.163300 0.174200 0.155000 0.065000 0.182800 0.084100 0.095400 0.149500 0.154600 0.197300 0.182900 0.000000 0.145900 0.124600 0.066700 0.166700 0.155200 0.095300 0.181900 0.095300 0.146100 0.184100 0.145500 0.182000 0.119600 0.237600 0.070300 0.096900 0.214600 0.081500 0.142800 0.177200 0.156100 0.175100 0.165700 0.168600 0.154600 0.189000 0.118100 0.125400 0.162400 0.142300 0.176900 0.159200 0.147100
Sitatunga 0.145300 0.323700 0.056700 0.309400 0.215000 0.145300 0.117800 0.142800 0.028800 0.198400 0.159000 0.100500 0.089800 0.132000 0.159600 0.132500 0.175800 0.160400 0.145900 0.000000 0.132300 0.131300 0.178800 0.165700 0.148300 0.161300 0.132000 0.000000 0.163300 0.000000 0.227400 0.156800 0.221000 0.075100 0.103700 0.100600 0.133200 0.187000 0.188000 0.166900 0.188900 0.175900 0.213200 0.165000 0.073100 0.126000 0.132800 0.155900 0.088300 0.090400 0.014400 0.014600
Oribi 0.153500 0.367600 0.187700 0.363800 0.189000 0.153500 0.097700 0.122200 0.160900 0.237500 0.137300 0.140400 0.100400 0.082400 0.167400 0.054500 0.200000 0.185300 0.124600 0.132300 0.000000 0.110700 0.220800 0.205600 0.156600 0.081200 0.140900 0.132200 0.082300 0.132000 0.265500 0.135600 0.226700 0.086400 0.113800 0.170800 0.142100 0.162000 0.107000 0.206400 0.229400 0.066900 0.251800 0.204800 0.144700 0.104300 0.027000 0.164300 0.099200 0.163400 0.145900 0.148700
BarbaryShe 0.039400 0.362700 0.186100 0.359600 0.219100 0.039400 0.096900 0.150400 0.159600 0.171200 0.052300 0.138700 0.070100 0.081700 0.166000 0.110900 0.215400 0.200800 0.066700 0.131300 0.110700 0.000000 0.151500 0.141000 0.054100 0.138000 0.110200 0.131500 0.139700 0.130900 0.198400 0.134400 0.224600 0.056300 0.083600 0.200100 0.040500 0.160100 0.134500 0.141800 0.161500 0.151800 0.184900 0.140400 0.174300 0.134600 0.111400 0.147500 0.098400 0.162100 0.144700 0.132300
Daviddeer 0.165900 0.256900 0.238800 0.355700 0.240700 0.165900 0.205900 0.264500 0.210400 0.089500 0.180100 0.184100 0.141800 0.220800 0.214000 0.221200 0.164200 0.148400 0.166700 0.178800 0.220800 0.151500 0.000000 0.121500 0.187400 0.182900 0.185400 0.179000 0.219900 0.178300 0.118300 0.279900 0.279300 0.126500 0.156500 0.254300 0.171400 0.176700 0.210300 0.090100 0.045600 0.232300 0.104000 0.120700 0.226500 0.184000 0.222100 0.214500 0.208400 0.141600 0.193400 0.197400
Reindeer 0.154500 0.330400 0.221800 0.368000 0.221600 0.154500 0.191400 0.214200 0.162000 0.083100 0.167800 0.203200 0.100800 0.205200 0.137800 0.142400 0.184900 0.204700 0.155200 0.165700 0.205600 0.141000 0.121500 0.000000 0.174200 0.202400 0.172400 0.165600 0.204100 0.165200 0.110000 0.260700 0.260100 0.117300 0.114600 0.188500 0.159300 0.195300 0.166000 0.055200 0.101300 0.184700 0.096600 0.026800 0.194600 0.203900 0.206700 0.198100 0.193500 0.164600 0.179200 0.182900
Ibex 0.039800 0.385700 0.203700 0.381000 0.235500 0.039800 0.112500 0.195700 0.177000 0.205700 0.052800 0.202600 0.101000 0.126000 0.181400 0.156900 0.234700 0.219900 0.095300 0.148300 0.156600 0.054100 0.187400 0.174200 0.000000 0.184600 0.141600 0.148500 0.186900 0.147900 0.233500 0.179800 0.272800 0.086800 0.098400 0.217700 0.027400 0.176200 0.195900 0.175200 0.195200 0.198700 0.219800 0.173400 0.191900 0.151800 0.157500 0.164800 0.144500 0.164400 0.161800 0.149500
GyrantGaze 0.181000 0.342100 0.216300 0.357600 0.250000 0.181000 0.125300 0.149000 0.189800 0.201300 0.164300 0.138100 0.128600 0.109500 0.164700 0.081400 0.231900 0.217200 0.181900 0.161300 0.081200 0.138000 0.182900 0.202400 0.184600 0.000000 0.168600 0.161200 0.109300 0.160900 0.228700 0.162300 0.254700 0.114700 0.141800 0.199000 0.170000 0.190900 0.105500 0.171500 0.192300 0.065600 0.215200 0.201500 0.173200 0.165500 0.081600 0.193700 0.127100 0.160500 0.174600 0.178100
Hartebeest 0.123500 0.366600 0.156400 0.362300 0.188600 0.123500 0.127400 0.181100 0.160300 0.172100 0.136600 0.169500 0.069900 0.141000 0.167000 0.141100 0.216600 0.201900 0.095300 0.132000 0.140900 0.110200 0.185400 0.172400 0.141600 0.168600 0.000000 0.131900 0.170700 0.131600 0.199500 0.164900 0.258300 0.056100 0.113500 0.201400 0.127200 0.193700 0.164300 0.173400 0.194600 0.182700 0.185900 0.171700 0.175400 0.135400 0.111600 0.148300 0.114100 0.162900 0.145500 0.148200
Bongo 0.145400 0.323500 0.056700 0.308900 0.214900 0.145400 0.117900 0.142700 0.028800 0.198400 0.159200 0.100500 0.089700 0.132200 0.159600 0.132400 0.175800 0.160400 0.146100 0.000000 0.132200 0.131500 0.179000 0.165600 0.148500 0.161200 0.131900 0.000000 0.163200 0.000000 0.227400 0.156900 0.221000 0.075000 0.103700 0.100600 0.133300 0.187200 0.188200 0.166900 0.188800 0.175800 0.213100 0.165000 0.073100 0.126000 0.132900 0.155800 0.088300 0.090500 0.014400 0.014600
Gerenuk 0.183200 0.326200 0.218700 0.399500 0.187700 0.183200 0.126800 0.150800 0.192000 0.235900 0.196500 0.170100 0.130300 0.110900 0.136900 0.053800 0.166700 0.185800 0.184100 0.163300 0.082300 0.139700 0.219900 0.204100 0.186900 0.109300 0.170700 0.163200 0.000000 0.162800 0.263700 0.164200 0.226000 0.116200 0.143600 0.186400 0.172100 0.160900 0.135000 0.238400 0.228400 0.122900 0.250000 0.203300 0.160300 0.167600 0.082700 0.196100 0.128700 0.195200 0.176700 0.180200
CommonElan 0.144800 0.323100 0.056500 0.308500 0.214200 0.144800 0.117500 0.142400 0.028700 0.197900 0.158600 0.100200 0.089500 0.131700 0.159100 0.132200 0.175300 0.160000 0.145500 0.000000 0.132000 0.130900 0.178300 0.165200 0.147900 0.160900 0.131600 0.000000 0.162800 0.000000 0.226700 0.156300 0.220400 0.074900 0.103400 0.100300 0.132800 0.186400 0.187500 0.166400 0.188300 0.175400 0.212500 0.164500 0.072900 0.125700 0.132300 0.155400 0.088100 0.090200 0.014400 0.014600
MuntiacusR 0.211800 0.341700 0.249500 0.396200 0.216300 0.211800 0.251400 0.272300 0.256600 0.026400 0.225000 0.230000 0.191000 0.265100 0.194000 0.232400 0.213200 0.233500 0.182000 0.227400 0.265500 0.198400 0.118300 0.110000 0.233500 0.228700 0.199500 0.227400 0.263700 0.226700 0.000000 0.287200 0.320400 0.176800 0.204700 0.281700 0.218400 0.223500 0.254000 0.082100 0.069600 0.242700 0.013100 0.109400 0.256000 0.233300 0.267100 0.226700 0.254500 0.160500 0.240600 0.245600
HarveysDui 0.176400 0.409000 0.179700 0.404400 0.276000 0.176400 0.066100 0.117400 0.184400 0.259900 0.189200 0.224600 0.155700 0.051700 0.190300 0.135800 0.192100 0.177900 0.119600 0.156800 0.135600 0.134400 0.279900 0.260700 0.179800 0.162300 0.164900 0.156900 0.164200 0.156300 0.287200 0.000000 0.248400 0.142000 0.168100 0.256000 0.165600 0.217000 0.187400 0.261900 0.286300 0.161800 0.273800 0.259700 0.231100 0.193100 0.136400 0.190600 0.153600 0.220200 0.169700 0.158000
Pronghorn 0.267700 0.312000 0.242300 0.424500 0.343500 0.267700 0.213000 0.233700 0.217000 0.292900 0.280900 0.225100 0.218500 0.195500 0.219900 0.227200 0.207900 0.193800 0.237600 0.221000 0.226700 0.224600 0.279300 0.260100 0.272800 0.254700 0.258300 0.221000 0.226000 0.220400 0.320400 0.248400 0.000000 0.204400 0.229600 0.289800 0.257800 0.316900 0.280200 0.261700 0.284300 0.269000 0.306800 0.259200 0.264500 0.261100 0.228200 0.288500 0.216000 0.219000 0.234000 0.238600
BlueWildeb 0.070000 0.304900 0.132400 0.303000 0.164800 0.070000 0.072300 0.127800 0.104400 0.148400 0.083600 0.115400 0.014700 0.086400 0.113500 0.086500 0.158300 0.143100 0.070300 0.075100 0.086400 0.056300 0.126500 0.117300 0.086800 0.114700 0.056100 0.075000 0.116200 0.074900 0.176800 0.142000 0.204400 0.000000 0.057900 0.146700 0.072200 0.137000 0.111500 0.118100 0.137600 0.128900 0.162800 0.116800 0.119500 0.076900 0.086800 0.106500 0.073100 0.106200 0.089300 0.091100
Gemsbok 0.096500 0.317000 0.159800 0.316500 0.159500 0.096500 0.100000 0.123800 0.132500 0.176700 0.109900 0.173900 0.042700 0.113600 0.110000 0.084300 0.187600 0.172700 0.096900 0.103700 0.113800 0.083600 0.156500 0.114600 0.098400 0.141800 0.113500 0.103700 0.143600 0.103400 0.204700 0.168100 0.229600 0.057900 0.000000 0.112600 0.084200 0.164100 0.138100 0.115300 0.165700 0.156000 0.190800 0.144800 0.116100 0.106400 0.114600 0.135300 0.101100 0.134400 0.117500 0.119800
Yak 0.181900 0.384900 0.124800 0.368900 0.236300 0.181900 0.188300 0.179700 0.128500 0.253700 0.226900 0.138800 0.129700 0.201600 0.181900 0.126200 0.234300 0.235800 0.214600 0.100600 0.170800 0.200100 0.254300 0.188500 0.217700 0.199000 0.201400 0.100600 0.186400 0.100300 0.281700 0.256000 0.289800 0.146700 0.112600 0.000000 0.202700 0.243400 0.193700 0.204800 0.262000 0.213200 0.267900 0.220100 0.027000 0.200400 0.172200 0.228800 0.158500 0.161700 0.084100 0.116200
BlueSheep 0.026500 0.367800 0.188700 0.364000 0.220300 0.026500 0.098300 0.181300 0.161900 0.190500 0.039500 0.187600 0.086400 0.111800 0.167100 0.142300 0.218600 0.203700 0.081500 0.133200 0.142100 0.040500 0.171400 0.159300 0.027400 0.170000 0.127200 0.133300 0.172100 0.132800 0.218400 0.165600 0.257800 0.072200 0.084200 0.202700 0.000000 0.161200 0.181500 0.160300 0.179800 0.184100 0.204700 0.158600 0.176700 0.136400 0.142900 0.149600 0.129800 0.164600 0.146700 0.134300
BohorReedb 0.174200 0.282200 0.244400 0.317900 0.085300 0.172700 0.147300 0.234200 0.216800 0.195100 0.155600 0.259100 0.151800 0.161300 0.187000 0.161700 0.173000 0.193100 0.142800 0.187000 0.162000 0.160100 0.176700 0.195300 0.176200 0.190900 0.193700 0.187200 0.160900 0.186400 0.223500 0.217000 0.316900 0.137000 0.164100 0.243400 0.161200 0.000000 0.217900 0.230800 0.185000 0.173800 0.209500 0.194200 0.216600 0.124500 0.163100 0.171000 0.182000 0.220700 0.200800 0.188600
KirksDik 0.176300 0.351500 0.242000 0.327200 0.276600 0.176300 0.151400 0.145300 0.216000 0.227000 0.189200 0.163400 0.096000 0.135400 0.160800 0.079300 0.259200 0.244800 0.177200 0.188000 0.107000 0.134500 0.210300 0.166000 0.195900 0.105500 0.164300 0.188200 0.135000 0.187500 0.254000 0.187400 0.280200 0.111500 0.138100 0.193700 0.181500 0.217900 0.000000 0.166700 0.218900 0.118700 0.240600 0.195800 0.199600 0.193200 0.107600 0.220600 0.153500 0.219200 0.201100 0.204700
RoeDeer 0.155400 0.313900 0.223300 0.370200 0.257300 0.155400 0.192200 0.215100 0.196200 0.055100 0.168800 0.172500 0.101500 0.206100 0.138900 0.174500 0.220400 0.205400 0.156100 0.166900 0.206400 0.141800 0.090100 0.055200 0.175200 0.171500 0.173400 0.166900 0.238400 0.166400 0.082100 0.261900 0.261700 0.118100 0.115300 0.204800 0.160300 0.230800 0.166700 0.000000 0.071700 0.185500 0.068700 0.083600 0.211400 0.205200 0.207600 0.199400 0.194700 0.102400 0.180500 0.184300
WhiteLippe 0.174200 0.265000 0.246900 0.361700 0.178900 0.174200 0.214600 0.235600 0.219100 0.071200 0.187900 0.193400 0.152500 0.229000 0.188300 0.229700 0.174700 0.159500 0.175100 0.188900 0.229400 0.161500 0.045600 0.101300 0.195200 0.192300 0.194600 0.188800 0.228400 0.188300 0.069600 0.286300 0.284300 0.137600 0.165700 0.262000 0.179800 0.185000 0.218900 0.071700 0.000000 0.206800 0.085200 0.100700 0.235000 0.194100 0.230700 0.188400 0.217500 0.153500 0.202900 0.207100
ThomsonGaz 0.194900 0.377200 0.230600 0.374000 0.199800 0.194900 0.139100 0.148600 0.204300 0.215400 0.178000 0.182100 0.142900 0.123200 0.178200 0.094900 0.231000 0.216400 0.165700 0.175900 0.066900 0.151800 0.232300 0.184700 0.198700 0.065600 0.182700 0.175800 0.122900 0.175400 0.242700 0.161800 0.269000 0.128900 0.156000 0.213200 0.184100 0.173800 0.118700 0.185500 0.206800 0.000000 0.229200 0.184000 0.187600 0.148400 0.067200 0.159000 0.141200 0.207300 0.189100 0.192800
MuntiacusC 0.198400 0.326500 0.235800 0.381100 0.235500 0.198400 0.237500 0.292900 0.242500 0.013200 0.211700 0.216500 0.177100 0.251300 0.180800 0.218700 0.198900 0.218900 0.168600 0.213200 0.251800 0.184900 0.104000 0.096600 0.219800 0.215200 0.185900 0.213100 0.250000 0.212500 0.013100 0.273800 0.306800 0.162800 0.190800 0.267900 0.204700 0.209500 0.240600 0.068700 0.085200 0.229200 0.000000 0.096100 0.241900 0.218600 0.253100 0.212500 0.240500 0.146600 0.226500 0.231200
WhiteTaile 0.153900 0.327200 0.220800 0.325800 0.220500 0.153900 0.190600 0.213100 0.161400 0.082600 0.167200 0.202300 0.131000 0.204400 0.167200 0.172800 0.183600 0.203400 0.154600 0.165000 0.204800 0.140400 0.120700 0.026800 0.173400 0.201500 0.171700 0.165000 0.203300 0.164500 0.109400 0.259700 0.259200 0.116800 0.144800 0.220100 0.158600 0.194200 0.195800 0.083600 0.100700 0.184000 0.096100 0.000000 0.193800 0.202600 0.205800 0.163900 0.192700 0.163900 0.178500 0.182100
Cattle 0.156400 0.356900 0.098700 0.341400 0.210000 0.156400 0.162000 0.185100 0.101700 0.227400 0.201600 0.112900 0.134000 0.175600 0.187500 0.130200 0.206600 0.208000 0.189000 0.073100 0.144700 0.174300 0.226500 0.194600 0.191900 0.173200 0.175400 0.073100 0.160300 0.072900 0.256000 0.231100 0.264500 0.119500 0.116100 0.027000 0.176700 0.216600 0.199600 0.211400 0.235000 0.187600 0.241900 0.193800 0.000000 0.172600 0.145900 0.201700 0.131900 0.134700 0.057100 0.088700
RoyalAntel 0.148800 0.313300 0.185200 0.311600 0.153600 0.148800 0.121100 0.178700 0.156500 0.203600 0.131600 0.200100 0.092000 0.135700 0.163700 0.136100 0.180900 0.165300 0.118100 0.126000 0.104300 0.134600 0.184000 0.203900 0.151800 0.165500 0.135400 0.126000 0.167600 0.125700 0.233300 0.193100 0.261100 0.076900 0.106400 0.200400 0.136400 0.124500 0.193200 0.205200 0.194100 0.148400 0.218600 0.202600 0.172600 0.000000 0.104800 0.126300 0.122800 0.159000 0.140600 0.143400
Steenbok 0.154500 0.370500 0.188500 0.367000 0.190500 0.154500 0.098300 0.122900 0.161400 0.238800 0.138100 0.141200 0.101000 0.082900 0.168400 0.054700 0.202500 0.187600 0.125400 0.132800 0.027000 0.111400 0.222100 0.206700 0.157500 0.081600 0.111600 0.132900 0.082700 0.132300 0.267100 0.136400 0.228200 0.086800 0.114600 0.172200 0.142900 0.163100 0.107600 0.207600 0.230700 0.067200 0.253100 0.205800 0.145900 0.104800 0.000000 0.165100 0.099700 0.164200 0.146400 0.149100
Impala 0.161500 0.366400 0.213800 0.322600 0.181600 0.161500 0.134400 0.159200 0.185900 0.197900 0.175500 0.228600 0.121300 0.148700 0.159400 0.164600 0.194500 0.179100 0.162400 0.155900 0.164300 0.147500 0.214500 0.198100 0.164800 0.193700 0.148300 0.155800 0.196100 0.155400 0.226700 0.190600 0.288500 0.106500 0.135300 0.228800 0.149600 0.171000 0.220600 0.199400 0.188400 0.159000 0.212500 0.163900 0.201700 0.126300 0.165100 0.000000 0.119400 0.188600 0.170000 0.139600
Klipspring 0.141700 0.357000 0.144400 0.339400 0.209600 0.141700 0.115200 0.110300 0.117000 0.226100 0.155100 0.127900 0.087400 0.099100 0.155800 0.099400 0.205200 0.190200 0.142300 0.088300 0.099200 0.098400 0.208400 0.193500 0.144500 0.127100 0.114100 0.088300 0.128700 0.088100 0.254500 0.153600 0.216000 0.073100 0.101100 0.158500 0.129800 0.182000 0.153500 0.194700 0.217500 0.141200 0.240500 0.192700 0.131900 0.122800 0.099700 0.119400 0.000000 0.118700 0.102200 0.104200
ForestMusk 0.176200 0.303700 0.147500 0.345500 0.247900 0.176200 0.149300 0.173100 0.120000 0.132300 0.190000 0.130400 0.120900 0.163400 0.158600 0.163800 0.174700 0.159400 0.176900 0.090400 0.163400 0.162100 0.141600 0.164600 0.164400 0.160500 0.162900 0.090500 0.195200 0.090200 0.160500 0.220200 0.219000 0.106200 0.134400 0.161700 0.164600 0.220700 0.219200 0.102400 0.153500 0.207300 0.146600 0.163900 0.134700 0.159000 0.164200 0.188600 0.118700 0.000000 0.104500 0.106700
Bushbuck 0.127500 0.338500 0.041500 0.323600 0.228400 0.127500 0.131600 0.155900 0.042800 0.212000 0.172100 0.113900 0.103800 0.145600 0.172800 0.146100 0.190100 0.175000 0.159200 0.014400 0.145900 0.144700 0.193400 0.179200 0.161800 0.174600 0.145500 0.014400 0.176700 0.014400 0.240600 0.169700 0.234000 0.089300 0.117500 0.084100 0.146700 0.200800 0.201100 0.180500 0.202900 0.189100 0.226500 0.178500 0.057100 0.140600 0.146400 0.170000 0.102200 0.104500 0.000000 0.029000
GreaterKud 0.146400 0.347200 0.071700 0.329800 0.233100 0.146400 0.118700 0.158900 0.043700 0.216300 0.160300 0.116200 0.105900 0.133000 0.176100 0.149000 0.194300 0.178700 0.147100 0.014600 0.148700 0.132300 0.197400 0.182900 0.149500 0.178100 0.148200 0.014600 0.180200 0.014600 0.245600 0.158000 0.238600 0.091100 0.119800 0.116200 0.134300 0.188600 0.204700 0.184300 0.207100 0.192800 0.231200 0.182100 0.088700 0.143400 0.149100 0.139600 0.104200 0.106700 0.029000 0.000000
