1
52 1
Argali 0.000000 0.199800 0.073600 0.226400 0.026900 0.000100 0.054800 0.036800 0.092800 0.076600 0.026900 0.061600 0.027200 0.054700 0.045800 0.036200 0.070700 0.070800 0.036600 0.073300 0.018100 0.000100 0.046300 0.066300 0.008900 0.018000 0.036400 0.073200 0.027100 0.069700 0.065900 0.073100 0.064200 0.027300 0.027400 0.055000 0.008900 0.027200 0.036100 0.066500 0.065900 0.027000 0.066100 0.066200 0.045500 0.050400 0.027200 0.036600 0.045400 0.064300 0.063900 0.104000
LesserMous 0.199800 0.000000 0.169800 0.210800 0.234800 0.199700 0.196100 0.216100 0.194300 0.232500 0.209700 0.184100 0.238600 0.221000 0.214100 0.194800 0.189400 0.176400 0.229200 0.169700 0.190900 0.197700 0.214000 0.190700 0.186200 0.189000 0.251600 0.193800 0.199900 0.189300 0.216200 0.220600 0.171200 0.226400 0.232400 0.203900 0.186400 0.238300 0.210700 0.219500 0.215900 0.199200 0.216700 0.202500 0.190400 0.214700 0.212300 0.200100 0.221200 0.210300 0.182400 0.200500
LesserKudu 0.073600 0.169800 0.000000 0.196400 0.083400 0.073600 0.093500 0.074900 0.054300 0.076400 0.103400 0.036300 0.084300 0.093100 0.074500 0.073900 0.082600 0.083100 0.115200 0.035700 0.055300 0.074100 0.065300 0.066200 0.084000 0.055000 0.094100 0.035700 0.064400 0.035900 0.065900 0.112200 0.083600 0.084000 0.085000 0.036200 0.084200 0.084400 0.073800 0.066400 0.065700 0.064200 0.066000 0.066100 0.026800 0.108600 0.064800 0.074600 0.103300 0.064300 0.026600 0.064400
KillerWhal 0.226400 0.210800 0.196400 0.000000 0.233300 0.226100 0.197700 0.234600 0.220500 0.219900 0.258600 0.185100 0.236700 0.220400 0.237200 0.239200 0.214400 0.202700 0.272900 0.196600 0.197600 0.223500 0.203100 0.206200 0.235900 0.209300 0.248600 0.195900 0.219500 0.191200 0.204500 0.218200 0.210600 0.237500 0.228500 0.198900 0.236400 0.237000 0.230200 0.206700 0.204100 0.218800 0.204700 0.205000 0.186900 0.239600 0.220100 0.225900 0.259800 0.209900 0.173800 0.203000
DefassaWat 0.026900 0.234800 0.083400 0.233300 0.000000 0.026900 0.068700 0.046400 0.103000 0.086900 0.055000 0.065200 0.036600 0.068200 0.055500 0.045700 0.092800 0.093300 0.065500 0.083200 0.027400 0.027100 0.056100 0.076500 0.036400 0.027300 0.045900 0.083100 0.036500 0.059200 0.076100 0.087600 0.093900 0.036700 0.036900 0.061700 0.036500 0.018100 0.045600 0.076700 0.076100 0.036300 0.076200 0.076400 0.051400 0.059700 0.036600 0.046200 0.074300 0.074200 0.073600 0.114500
Sheep 0.000100 0.199700 0.073600 0.226100 0.026900 0.000000 0.054900 0.037400 0.092900 0.076600 0.026900 0.061100 0.027200 0.054700 0.045900 0.036300 0.070100 0.070200 0.036500 0.073400 0.018100 0.000200 0.046300 0.066400 0.008800 0.018000 0.036400 0.073300 0.027100 0.069200 0.066000 0.073200 0.064200 0.027300 0.027500 0.055100 0.008900 0.027300 0.036100 0.066500 0.065900 0.027000 0.066100 0.066200 0.045500 0.049500 0.027200 0.036700 0.045400 0.064300 0.063900 0.104100
MaxwellsDu 0.054800 0.196100 0.093500 0.197700 0.068700 0.054900 0.000000 0.056100 0.113200 0.097400 0.084200 0.075000 0.065300 0.036200 0.065200 0.055200 0.083100 0.083600 0.095500 0.093000 0.036800 0.055300 0.085900 0.086900 0.065000 0.036600 0.075000 0.093000 0.045900 0.089700 0.086400 0.035800 0.087100 0.065700 0.065800 0.074700 0.065200 0.069100 0.055100 0.087100 0.086300 0.045700 0.086600 0.086700 0.064800 0.069800 0.046000 0.055700 0.064900 0.084100 0.083300 0.124900
GazellaPrz 0.036800 0.216100 0.074900 0.234600 0.046400 0.037400 0.056100 0.000000 0.094800 0.079300 0.065900 0.056600 0.047700 0.055900 0.046800 0.037400 0.084600 0.085200 0.076600 0.074900 0.018300 0.037200 0.067100 0.068000 0.046800 0.018600 0.057500 0.074700 0.028000 0.069700 0.068300 0.074900 0.085600 0.047800 0.047400 0.036700 0.046900 0.047000 0.030700 0.068100 0.067500 0.027800 0.068500 0.067800 0.046400 0.069700 0.037100 0.037300 0.065900 0.065700 0.065200 0.099100
MountainNy 0.092800 0.194300 0.054300 0.220500 0.103000 0.092900 0.113200 0.094800 0.000000 0.096500 0.123300 0.055000 0.104200 0.113000 0.094000 0.093400 0.102000 0.102700 0.114700 0.017500 0.074700 0.093500 0.084900 0.086000 0.103600 0.074200 0.114100 0.017500 0.083800 0.054200 0.085600 0.132200 0.103200 0.104500 0.104900 0.055000 0.103800 0.084300 0.083500 0.086200 0.085400 0.083500 0.085700 0.085800 0.045400 0.129500 0.084300 0.094300 0.113100 0.083400 0.026500 0.040700
MuntiacusM 0.076600 0.232500 0.076400 0.219900 0.086900 0.076600 0.097400 0.079300 0.096500 0.000000 0.108000 0.057700 0.088000 0.097200 0.088100 0.077300 0.066200 0.066700 0.120300 0.076200 0.057800 0.077300 0.047600 0.048300 0.087700 0.057600 0.098200 0.076200 0.067300 0.071100 0.009400 0.117000 0.067200 0.088500 0.068000 0.057400 0.087900 0.088100 0.077100 0.048400 0.048000 0.067100 0.009400 0.048200 0.047400 0.113000 0.067600 0.078200 0.107900 0.067200 0.066500 0.101000
goat 0.026900 0.209700 0.103400 0.258600 0.055000 0.026900 0.084200 0.065900 0.123300 0.108000 0.000000 0.085100 0.055600 0.084000 0.055800 0.064900 0.073400 0.073900 0.065500 0.103000 0.046300 0.027200 0.075800 0.097200 0.018100 0.046100 0.065100 0.102900 0.055400 0.100200 0.096700 0.103000 0.094000 0.055800 0.056100 0.084500 0.018100 0.055600 0.064800 0.097400 0.096600 0.055200 0.096900 0.096900 0.074500 0.080200 0.055700 0.046300 0.074300 0.094200 0.093300 0.135500
AfricanBuf 0.061600 0.184100 0.036300 0.185100 0.065200 0.061100 0.075000 0.056600 0.055000 0.057700 0.085100 0.000000 0.066000 0.074800 0.056200 0.055800 0.071100 0.065000 0.096500 0.036300 0.037100 0.055900 0.047000 0.047600 0.065700 0.036900 0.075700 0.036200 0.046300 0.030900 0.047400 0.093900 0.065300 0.066100 0.075800 0.018200 0.065900 0.066000 0.050300 0.047700 0.047400 0.046100 0.047500 0.047600 0.009000 0.090000 0.046500 0.056400 0.084800 0.046100 0.027000 0.065400
Topi 0.027200 0.238600 0.084300 0.236700 0.036600 0.027200 0.065300 0.047700 0.104200 0.088000 0.055600 0.066000 0.000000 0.065200 0.056200 0.046200 0.083900 0.084400 0.066300 0.084100 0.027700 0.027400 0.056700 0.077400 0.036800 0.027600 0.008800 0.084000 0.027500 0.080900 0.077000 0.084100 0.095000 0.000000 0.037300 0.065600 0.036900 0.037100 0.046200 0.077600 0.077000 0.036800 0.077200 0.077300 0.055700 0.080800 0.037100 0.046600 0.075000 0.075000 0.074200 0.115800
CommonDuik 0.054700 0.221000 0.093100 0.220400 0.068200 0.054700 0.036200 0.055900 0.113000 0.097200 0.084000 0.074800 0.065200 0.000000 0.065100 0.055000 0.083000 0.083400 0.095200 0.092800 0.036600 0.055200 0.085600 0.086600 0.064900 0.036300 0.074800 0.092700 0.045700 0.089200 0.086100 0.035900 0.086300 0.065400 0.065700 0.074600 0.065000 0.058800 0.054900 0.086900 0.086100 0.045500 0.086300 0.086400 0.064700 0.064100 0.045800 0.055400 0.064700 0.084000 0.083100 0.124600
Suni 0.045800 0.214100 0.074500 0.237200 0.055500 0.045900 0.065200 0.046800 0.094000 0.088100 0.055800 0.056200 0.056200 0.065100 0.000000 0.046200 0.093900 0.094400 0.086300 0.074200 0.027700 0.046200 0.076600 0.077500 0.036900 0.027500 0.065800 0.074200 0.036800 0.070500 0.077100 0.084000 0.095000 0.056300 0.056600 0.055800 0.037000 0.056200 0.046100 0.077700 0.077100 0.036700 0.077300 0.077400 0.046100 0.081400 0.037000 0.027600 0.075100 0.075100 0.064700 0.105600
Springbuck 0.036200 0.194800 0.073900 0.239200 0.045700 0.036300 0.055200 0.037400 0.093400 0.077300 0.064900 0.055800 0.046200 0.055000 0.046200 0.000000 0.083300 0.083800 0.082700 0.073700 0.018200 0.036500 0.066100 0.066900 0.046000 0.018100 0.055700 0.073700 0.027200 0.069300 0.066600 0.073700 0.074500 0.046400 0.046600 0.055400 0.046100 0.046200 0.036300 0.067100 0.066500 0.027100 0.066700 0.066800 0.045700 0.069300 0.036600 0.036700 0.064900 0.064800 0.064300 0.104800
Okapi 0.070700 0.189400 0.082600 0.214400 0.092800 0.070100 0.083100 0.084600 0.102000 0.066200 0.073400 0.071100 0.083900 0.083000 0.093900 0.083300 0.000000 0.000200 0.104200 0.082400 0.064700 0.064000 0.075000 0.075900 0.073700 0.064400 0.093600 0.082300 0.054500 0.078200 0.055900 0.101700 0.035700 0.084200 0.094600 0.064200 0.073900 0.094000 0.083200 0.076100 0.075500 0.073500 0.056100 0.075800 0.054600 0.077900 0.074100 0.084300 0.092800 0.073700 0.073000 0.113400
Giraffe 0.070800 0.176400 0.083100 0.202700 0.093300 0.070200 0.083600 0.085200 0.102700 0.066700 0.073900 0.065000 0.084400 0.083400 0.094400 0.083800 0.000200 0.000000 0.104800 0.082900 0.065100 0.064400 0.075500 0.076400 0.074100 0.064800 0.094100 0.082700 0.054800 0.078700 0.056300 0.102200 0.035900 0.084700 0.095200 0.064600 0.074300 0.094500 0.083700 0.076600 0.075900 0.074000 0.056400 0.076200 0.054900 0.078400 0.074600 0.084800 0.093300 0.074100 0.073400 0.114100
TibetanAnt 0.036600 0.229200 0.115200 0.272900 0.065500 0.036500 0.095500 0.076600 0.114700 0.120300 0.065500 0.096500 0.066300 0.095200 0.086300 0.082700 0.104200 0.104800 0.000000 0.094300 0.056700 0.036900 0.087100 0.109100 0.046500 0.056400 0.076000 0.114600 0.066000 0.115400 0.108500 0.114500 0.105500 0.066500 0.066900 0.095800 0.044500 0.066300 0.075500 0.109300 0.108400 0.065700 0.108700 0.108800 0.085400 0.090600 0.066300 0.076300 0.075300 0.105700 0.104800 0.126700
Sitatunga 0.073300 0.169700 0.035700 0.196600 0.083200 0.073400 0.093000 0.074900 0.017500 0.076200 0.103000 0.036300 0.084100 0.092800 0.074200 0.073700 0.082400 0.082900 0.094300 0.000000 0.055200 0.073900 0.065200 0.066000 0.083700 0.054900 0.093800 0.035500 0.064300 0.035700 0.065700 0.111800 0.083400 0.084400 0.084700 0.036200 0.083900 0.084200 0.073700 0.066100 0.065600 0.064100 0.065800 0.065900 0.026900 0.108600 0.064700 0.074500 0.093000 0.064100 0.026500 0.040900
Oribi 0.018100 0.190900 0.055300 0.197600 0.027400 0.018100 0.036800 0.018300 0.074700 0.057800 0.046300 0.037100 0.027700 0.036600 0.027700 0.018200 0.064700 0.065100 0.056700 0.055200 0.000000 0.018300 0.047100 0.047700 0.027600 0.000200 0.037100 0.055200 0.009100 0.050400 0.047400 0.045700 0.065600 0.027800 0.027900 0.036900 0.027700 0.027700 0.018100 0.047800 0.047400 0.009000 0.047600 0.047600 0.027400 0.050500 0.018300 0.018200 0.046300 0.046200 0.045900 0.085600
BarbaryShe 0.000100 0.197700 0.074100 0.223500 0.027100 0.000200 0.055300 0.037200 0.093500 0.077300 0.027200 0.055900 0.027400 0.055200 0.046200 0.036500 0.064000 0.064400 0.036900 0.073900 0.018300 0.000000 0.046700 0.066900 0.009000 0.018200 0.036700 0.073800 0.027300 0.070600 0.066600 0.073800 0.064800 0.027500 0.027600 0.055500 0.009000 0.027500 0.036500 0.067100 0.066500 0.027200 0.066700 0.066800 0.045900 0.051300 0.027500 0.036900 0.045800 0.064900 0.064400 0.104900
Daviddeer 0.046300 0.214000 0.065300 0.203100 0.056100 0.046300 0.085900 0.067100 0.084900 0.047600 0.075800 0.047000 0.056700 0.085600 0.076600 0.066100 0.075000 0.075500 0.087100 0.065200 0.047100 0.046700 0.000000 0.018700 0.056500 0.046800 0.066500 0.065100 0.056400 0.060000 0.037600 0.105000 0.075900 0.056900 0.057200 0.046800 0.056600 0.056800 0.060500 0.018700 0.018600 0.056100 0.037600 0.018700 0.037000 0.101000 0.056700 0.066700 0.095900 0.056300 0.055800 0.096200
Reindeer 0.066300 0.190700 0.066200 0.206200 0.076500 0.066400 0.086900 0.068000 0.086000 0.048300 0.097200 0.047600 0.077400 0.086600 0.077500 0.066900 0.075900 0.076400 0.109100 0.066000 0.047700 0.066900 0.018700 0.000000 0.077100 0.047500 0.087500 0.066000 0.057100 0.061100 0.038100 0.106200 0.077000 0.077800 0.078100 0.047400 0.077300 0.077600 0.066700 0.018900 0.018800 0.056900 0.038200 0.009300 0.037500 0.102600 0.057400 0.067700 0.097000 0.057000 0.056400 0.090500
Ibex 0.008900 0.186200 0.084000 0.235900 0.036400 0.008800 0.065000 0.046800 0.103600 0.087700 0.018100 0.065700 0.036800 0.064900 0.036900 0.046000 0.073700 0.074100 0.046500 0.083700 0.027600 0.009000 0.056500 0.077100 0.000000 0.027400 0.046200 0.083600 0.036700 0.080500 0.076700 0.083600 0.074700 0.036900 0.037100 0.065200 0.000000 0.036800 0.045900 0.077300 0.076700 0.036600 0.076900 0.077000 0.055500 0.060900 0.036900 0.027700 0.055300 0.074700 0.074100 0.115300
GyrantGaze 0.018000 0.189000 0.055000 0.209300 0.027300 0.018000 0.036600 0.018600 0.074200 0.057600 0.046100 0.036900 0.027600 0.036300 0.027500 0.018100 0.064400 0.064800 0.056400 0.054900 0.000200 0.018200 0.046800 0.047500 0.027400 0.000000 0.036900 0.054900 0.009000 0.049800 0.047200 0.054900 0.065200 0.027700 0.027800 0.036700 0.027500 0.027600 0.018000 0.047600 0.047200 0.009000 0.047300 0.047400 0.027200 0.049900 0.018200 0.018200 0.046100 0.046000 0.045600 0.078200
Hartebeest 0.036400 0.251600 0.094100 0.248600 0.045900 0.036400 0.075000 0.057500 0.114100 0.098200 0.065100 0.075700 0.008800 0.074800 0.065800 0.055700 0.093600 0.094100 0.076000 0.093800 0.037100 0.036700 0.066500 0.087500 0.046200 0.036900 0.000000 0.093700 0.036800 0.091000 0.087000 0.093800 0.104900 0.008900 0.046700 0.075200 0.046300 0.046500 0.055600 0.087600 0.087000 0.046100 0.087200 0.087300 0.065300 0.090800 0.046500 0.056200 0.084700 0.084800 0.083800 0.125900
Bongo 0.073200 0.193800 0.035700 0.195900 0.083100 0.073300 0.093000 0.074700 0.017500 0.076200 0.102900 0.036200 0.084000 0.092700 0.074200 0.073700 0.082300 0.082700 0.114600 0.035500 0.055200 0.073800 0.065100 0.066000 0.083600 0.054900 0.093700 0.000000 0.064200 0.035700 0.065700 0.111700 0.083300 0.084300 0.084600 0.036200 0.083800 0.064600 0.064000 0.066200 0.065500 0.064000 0.065900 0.065900 0.026900 0.108500 0.064600 0.074300 0.102800 0.064000 0.008700 0.044900
Gerenuk 0.027100 0.199900 0.064400 0.219500 0.036500 0.027100 0.045900 0.028000 0.083800 0.067300 0.055400 0.046300 0.027500 0.045700 0.036800 0.027200 0.054500 0.054800 0.066000 0.064300 0.009100 0.027300 0.056400 0.057100 0.036700 0.009000 0.036800 0.064200 0.000000 0.059500 0.056800 0.064200 0.074600 0.027600 0.037100 0.046000 0.036800 0.036900 0.027100 0.057200 0.056700 0.018000 0.056900 0.057000 0.036500 0.062000 0.027300 0.027400 0.055400 0.055300 0.054900 0.094800
CommonElan 0.069700 0.189300 0.035900 0.191200 0.059200 0.069200 0.089700 0.069700 0.054200 0.071100 0.100200 0.030900 0.080900 0.089200 0.070500 0.069300 0.078200 0.078700 0.115400 0.035700 0.050400 0.070600 0.060000 0.061100 0.080500 0.049800 0.091000 0.035700 0.059500 0.000000 0.060600 0.108600 0.078500 0.081000 0.074600 0.025000 0.080500 0.080000 0.068900 0.061100 0.060400 0.059700 0.060700 0.060900 0.013100 0.105500 0.060100 0.069500 0.099300 0.059800 0.026600 0.064400
MuntiacusR 0.065900 0.216200 0.065900 0.204500 0.076100 0.066000 0.086400 0.068300 0.085600 0.009400 0.096700 0.047400 0.077000 0.086100 0.077100 0.066600 0.055900 0.056300 0.108500 0.065700 0.047400 0.066600 0.037600 0.038100 0.076700 0.047200 0.087000 0.065700 0.056800 0.060600 0.000000 0.105600 0.056700 0.077400 0.077600 0.047100 0.076900 0.077100 0.066400 0.038100 0.037900 0.056600 0.000000 0.038000 0.037300 0.101500 0.057000 0.067300 0.096500 0.056700 0.056200 0.097100
HarveysDui 0.073100 0.220600 0.112200 0.218200 0.087600 0.073200 0.035800 0.074900 0.132200 0.117000 0.103000 0.093900 0.084100 0.035900 0.084000 0.073700 0.101700 0.102200 0.114500 0.111800 0.045700 0.073800 0.105000 0.106200 0.083600 0.054900 0.093800 0.111700 0.064200 0.108600 0.105600 0.000000 0.105700 0.084400 0.084700 0.093600 0.083800 0.078700 0.073700 0.106500 0.105600 0.064000 0.105800 0.105900 0.083500 0.068500 0.064500 0.074400 0.064000 0.103000 0.102000 0.144300
Pronghorn 0.064200 0.171200 0.083600 0.210600 0.093900 0.064200 0.087100 0.085600 0.103200 0.067200 0.094000 0.065300 0.095000 0.086300 0.095000 0.074500 0.035700 0.035900 0.105500 0.083400 0.065600 0.064800 0.075900 0.077000 0.074700 0.065200 0.104900 0.083300 0.074600 0.078500 0.056700 0.105700 0.000000 0.095500 0.095900 0.064900 0.074800 0.095100 0.084100 0.077100 0.076500 0.074400 0.056800 0.076800 0.055100 0.078100 0.075000 0.085200 0.093900 0.074500 0.073800 0.114900
BlueWildeb 0.027300 0.226400 0.084000 0.237500 0.036700 0.027300 0.065700 0.047800 0.104500 0.088500 0.055800 0.066100 0.000000 0.065400 0.056300 0.046400 0.084200 0.084700 0.066500 0.084400 0.027800 0.027500 0.056900 0.077800 0.036900 0.027700 0.008900 0.084300 0.027600 0.081000 0.077400 0.084400 0.095500 0.000000 0.037400 0.065800 0.037000 0.037200 0.046300 0.078000 0.077200 0.036900 0.077600 0.077700 0.055900 0.080800 0.037200 0.046800 0.075200 0.075300 0.074400 0.116200
Gemsbok 0.027400 0.232400 0.085000 0.228500 0.036900 0.027500 0.065800 0.047400 0.104900 0.068000 0.056100 0.075800 0.037300 0.065700 0.056600 0.046600 0.094600 0.095200 0.066900 0.084700 0.027900 0.027600 0.057200 0.078100 0.037100 0.027800 0.046700 0.084600 0.037100 0.074600 0.077600 0.084700 0.095900 0.037400 0.000000 0.066100 0.037200 0.037300 0.046500 0.078300 0.077700 0.037000 0.077700 0.078000 0.056100 0.081700 0.037300 0.047200 0.075700 0.075600 0.075000 0.104300
Yak 0.055000 0.203900 0.036200 0.198900 0.061700 0.055100 0.074700 0.036700 0.055000 0.057400 0.084500 0.018200 0.065600 0.074600 0.055800 0.055400 0.064200 0.064600 0.095800 0.036200 0.036900 0.055500 0.046800 0.047400 0.065200 0.036700 0.075200 0.036200 0.046000 0.025000 0.047100 0.093600 0.064900 0.065800 0.066100 0.000000 0.065400 0.071200 0.055200 0.047400 0.047100 0.036500 0.047200 0.047200 0.008900 0.089500 0.046200 0.055900 0.084400 0.045800 0.027000 0.065300
BlueSheep 0.008900 0.186400 0.084200 0.236400 0.036500 0.008900 0.065200 0.046900 0.103800 0.087900 0.018100 0.065900 0.036900 0.065000 0.037000 0.046100 0.073900 0.074300 0.044500 0.083900 0.027700 0.009000 0.056600 0.077300 0.000000 0.027500 0.046300 0.083800 0.036800 0.080500 0.076900 0.083800 0.074800 0.037000 0.037200 0.065400 0.000000 0.037000 0.046000 0.077500 0.076800 0.036700 0.077100 0.077200 0.055600 0.060800 0.037000 0.027700 0.055500 0.074900 0.074300 0.115600
BohorReedb 0.027200 0.238300 0.084400 0.237000 0.018100 0.027300 0.069100 0.047000 0.084300 0.088100 0.055600 0.066000 0.037100 0.058800 0.056200 0.046200 0.094000 0.094500 0.066300 0.084200 0.027700 0.027500 0.056800 0.077600 0.036800 0.027600 0.046500 0.064600 0.036900 0.080000 0.077100 0.078700 0.095100 0.037200 0.037300 0.071200 0.037000 0.000000 0.046100 0.077700 0.077100 0.036700 0.077300 0.077400 0.060600 0.059900 0.037100 0.046800 0.075200 0.075100 0.055200 0.109700
KirksDik 0.036100 0.210700 0.073800 0.230200 0.045600 0.036100 0.055100 0.030700 0.083500 0.077100 0.064800 0.050300 0.046200 0.054900 0.046100 0.036300 0.083200 0.083700 0.075500 0.073700 0.018100 0.036500 0.060500 0.066700 0.045900 0.018000 0.055600 0.064000 0.027100 0.068900 0.066400 0.073700 0.084100 0.046300 0.046500 0.055200 0.046000 0.046100 0.000000 0.066900 0.060900 0.027000 0.066500 0.066600 0.045600 0.068700 0.036500 0.029600 0.055200 0.064700 0.064200 0.094500
RoeDeer 0.066500 0.219500 0.066400 0.206700 0.076700 0.066500 0.087100 0.068100 0.086200 0.048400 0.097400 0.047700 0.077600 0.086900 0.077700 0.067100 0.076100 0.076600 0.109300 0.066100 0.047800 0.067100 0.018700 0.018900 0.077300 0.047600 0.087600 0.066200 0.057200 0.061100 0.038100 0.106500 0.077100 0.078000 0.078300 0.047400 0.077500 0.077700 0.066900 0.000000 0.018900 0.057000 0.038200 0.018900 0.037600 0.102600 0.057500 0.067800 0.097300 0.047300 0.056500 0.090500
WhiteLippe 0.065900 0.215900 0.065700 0.204100 0.076100 0.065900 0.086300 0.067500 0.085400 0.048000 0.096600 0.047400 0.077000 0.086100 0.077100 0.066500 0.075500 0.075900 0.108400 0.065600 0.047400 0.066500 0.018600 0.018800 0.076700 0.047200 0.087000 0.065500 0.056700 0.060400 0.037900 0.105600 0.076500 0.077200 0.077700 0.047100 0.076800 0.077100 0.060900 0.018900 0.000000 0.056500 0.037900 0.018800 0.037300 0.101500 0.057000 0.047200 0.096400 0.037300 0.056100 0.096900
ThomsonGaz 0.027000 0.199200 0.064200 0.218800 0.036300 0.027000 0.045700 0.027800 0.083500 0.067100 0.055200 0.046100 0.036800 0.045500 0.036700 0.027100 0.073500 0.074000 0.065700 0.064100 0.009000 0.027200 0.056100 0.056900 0.036600 0.009000 0.046100 0.064000 0.018000 0.059700 0.056600 0.064000 0.074400 0.036900 0.037000 0.036500 0.036700 0.036700 0.027000 0.057000 0.056500 0.000000 0.056600 0.056800 0.027100 0.059400 0.027300 0.027200 0.055100 0.055200 0.054500 0.094500
MuntiacusC 0.066100 0.216700 0.066000 0.204700 0.076200 0.066100 0.086600 0.068500 0.085700 0.009400 0.096900 0.047500 0.077200 0.086300 0.077300 0.066700 0.056100 0.056400 0.108700 0.065800 0.047600 0.066700 0.037600 0.038200 0.076900 0.047300 0.087200 0.065900 0.056900 0.060700 0.000000 0.105800 0.056800 0.077600 0.077700 0.047200 0.077100 0.077300 0.066500 0.038200 0.037900 0.056600 0.000000 0.038100 0.037400 0.101800 0.057100 0.067300 0.096600 0.056800 0.056300 0.097300
WhiteTaile 0.066200 0.202500 0.066100 0.205000 0.076400 0.066200 0.086700 0.067800 0.085800 0.048200 0.096900 0.047600 0.077300 0.086400 0.077400 0.066800 0.075800 0.076200 0.108800 0.065900 0.047600 0.066800 0.018700 0.009300 0.077000 0.047400 0.087300 0.065900 0.057000 0.060900 0.038000 0.105900 0.076800 0.077700 0.078000 0.047200 0.077200 0.077400 0.066600 0.018900 0.018800 0.056800 0.038100 0.000000 0.037500 0.102300 0.057200 0.067500 0.096800 0.056800 0.056300 0.097400
Cattle 0.045500 0.190400 0.026800 0.186900 0.051400 0.045500 0.064800 0.046400 0.045400 0.047400 0.074500 0.009000 0.055700 0.064700 0.046100 0.045700 0.054600 0.054900 0.085400 0.026900 0.027400 0.045900 0.037000 0.037500 0.055500 0.027200 0.065300 0.026900 0.036500 0.013100 0.037300 0.083500 0.055100 0.055900 0.056100 0.008900 0.055600 0.060600 0.045600 0.037600 0.037300 0.027100 0.037400 0.037500 0.000000 0.079400 0.036600 0.046200 0.074500 0.036300 0.017900 0.055400
RoyalAntel 0.050400 0.214700 0.108600 0.239600 0.059700 0.049500 0.069800 0.069700 0.129500 0.113000 0.080200 0.090000 0.080800 0.064100 0.081400 0.069300 0.077900 0.078400 0.090600 0.108600 0.050500 0.051300 0.101000 0.102600 0.060900 0.049900 0.090800 0.108500 0.062000 0.105500 0.101500 0.068500 0.078100 0.080800 0.081700 0.089500 0.060800 0.059900 0.068700 0.102600 0.101500 0.059400 0.101800 0.102300 0.079400 0.000000 0.059800 0.069400 0.059000 0.099500 0.098700 0.141700
Steenbok 0.027200 0.212300 0.064800 0.220100 0.036600 0.027200 0.046000 0.037100 0.084300 0.067600 0.055700 0.046500 0.037100 0.045800 0.037000 0.036600 0.074100 0.074600 0.066300 0.064700 0.018300 0.027500 0.056700 0.057400 0.036900 0.018200 0.046500 0.064600 0.027300 0.060100 0.057000 0.064500 0.075000 0.037200 0.037300 0.046200 0.037000 0.037100 0.036500 0.057500 0.057000 0.027300 0.057100 0.057200 0.036600 0.059800 0.000000 0.027300 0.055700 0.055500 0.055200 0.095400
Impala 0.036600 0.200100 0.074600 0.225900 0.046200 0.036700 0.055700 0.037300 0.094300 0.078200 0.046300 0.056400 0.046600 0.055400 0.027600 0.036700 0.084300 0.084800 0.076300 0.074500 0.018200 0.036900 0.066700 0.067700 0.027700 0.018200 0.056200 0.074300 0.027400 0.069500 0.067300 0.074400 0.085200 0.046800 0.047200 0.055900 0.027700 0.046800 0.029600 0.067800 0.047200 0.027200 0.067300 0.067500 0.046200 0.069400 0.027300 0.000000 0.065600 0.046000 0.064900 0.098700
Klipspring 0.045400 0.221200 0.103300 0.259800 0.074300 0.045400 0.064900 0.065900 0.113100 0.107900 0.074300 0.084800 0.075000 0.064700 0.075100 0.064900 0.092800 0.093300 0.075300 0.093000 0.046300 0.045800 0.095900 0.097000 0.055300 0.046100 0.084700 0.102800 0.055400 0.099300 0.096500 0.064000 0.093900 0.075200 0.075700 0.084400 0.055500 0.075200 0.055200 0.097300 0.096400 0.055100 0.096600 0.096800 0.074500 0.059000 0.055700 0.065600 0.000000 0.094000 0.093400 0.124800
ForestMusk 0.064300 0.210300 0.064300 0.209900 0.074200 0.064300 0.084100 0.065700 0.083400 0.067200 0.094200 0.046100 0.075000 0.084000 0.075100 0.064800 0.073700 0.074100 0.105700 0.064100 0.046200 0.064900 0.056300 0.057000 0.074700 0.046000 0.084800 0.064000 0.055300 0.059800 0.056700 0.103000 0.074500 0.075300 0.075600 0.045800 0.074900 0.075100 0.064700 0.047300 0.037300 0.055200 0.056800 0.056800 0.036300 0.099500 0.055500 0.046000 0.094000 0.000000 0.054500 0.094500
Bushbuck 0.063900 0.182400 0.026600 0.173800 0.073600 0.063900 0.083300 0.065200 0.026500 0.066500 0.093300 0.027000 0.074200 0.083100 0.064700 0.064300 0.073000 0.073400 0.104800 0.026500 0.045900 0.064400 0.055800 0.056400 0.074100 0.045600 0.083800 0.008700 0.054900 0.026600 0.056200 0.102000 0.073800 0.074400 0.075000 0.027000 0.074300 0.055200 0.064200 0.056500 0.056100 0.054500 0.056300 0.056300 0.017900 0.098700 0.055200 0.064900 0.093400 0.054500 0.000000 0.054500
GreaterKud 0.104000 0.200500 0.064400 0.203000 0.114500 0.104100 0.124900 0.099100 0.040700 0.101000 0.135500 0.065400 0.115800 0.124600 0.105600 0.104800 0.113400 0.114100 0.126700 0.040900 0.085600 0.104900 0.096200 0.090500 0.115300 0.078200 0.125900 0.044900 0.094800 0.064400 0.097100 0.144300 0.114900 0.116200 0.104300 0.065300 0.115600 0.109700 0.094500 0.090500 0.096900 0.094500 0.097300 0.097400 0.055400 0.141700 0.095400 0.098700 0.124800 0.094500 0.054500 0.000000
