CODONML (in paml version 4.10.7, June 2023)  /home/rachel/ruminants_paml/6406-phy-tree/ENSBTAT00000061009.fasta.phy
Model: free dN/dS Ratios for branches,  kappa = 2.000 fixed

Codon frequency model: F3x4
ns =  54  ls =  98

Codon usage in sequences
--------------------------------------------------------------------------------------------------------------------------------------
Phe TTT   0   0   0   0   0   0 | Ser TCT   1   0   1   1   0   2 | Tyr TAT   0   0   0   0   0   0 | Cys TGT   0   0   0   0   1   0
    TTC   1   1   1   1   1   0 |     TCC   1   2   1   1   2   0 |     TAC   0   0   0   0   0   1 |     TGC   1   1   1   1   1   1
Leu TTA   1   2   1   1   1   2 |     TCA   0   0   0   0   0   0 | *** TAA   0   0   0   0   0   0 | *** TGA   0   0   0   0   0   0
    TTG   2   1   2   2   1   1 |     TCG   0   0   0   0   0   0 |     TAG   0   0   0   0   0   0 | Trp TGG   0   0   0   0   0   0
--------------------------------------------------------------------------------------------------------------------------------------
Leu CTT   3   3   3   3   3   3 | Pro CCT   1   2   1   1   1   1 | His CAT   1   1   1   1   1   0 | Arg CGT   0   0   0   0   0   1
    CTC   5   5   5   5   4   4 |     CCC   1   1   1   1   1   1 |     CAC   2   2   2   2   2   4 |     CGC   0   0   0   0   0   0
    CTA   2   1   2   2   2   1 |     CCA   1   1   1   1   1   1 | Gln CAA   5   5   5   5   4   4 |     CGA   3   3   3   3   2   3
    CTG   4   5   4   4   5   5 |     CCG   0   0   0   0   0   0 |     CAG   7   7   7   7   8   7 |     CGG   2   2   2   2   3   2
--------------------------------------------------------------------------------------------------------------------------------------
Ile ATT   4   4   4   4   4   5 | Thr ACT   2   0   2   2   2   0 | Asn AAT   2   1   2   2   2   2 | Ser AGT   0   1   0   1   0   0
    ATC   2   2   2   2   2   1 |     ACC   1   1   1   1   1   1 |     AAC   1   2   1   1   2   2 |     AGC   0   0   0   0   0   0
    ATA   0   0   0   0   0   0 |     ACA   3   4   3   3   1   2 | Lys AAA   5   5   5   5   4   5 | Arg AGA   1   1   1   1   1   1
Met ATG   1   1   1   1   1   1 |     ACG   1   0   1   1   1   1 |     AAG   5   5   5   5   6   5 |     AGG   0   0   0   0   0   0
--------------------------------------------------------------------------------------------------------------------------------------
Val GTT   1   1   1   1   1   1 | Ala GCT   0   2   0   1   2   2 | Asp GAT   1   1   1   1   1   2 | Gly GGT   4   3   4   3   3   3
    GTC   0   0   0   0   0   0 |     GCC   4   3   4   3   3   4 |     GAC   2   3   2   2   2   2 |     GGC   0   0   0   0   0   0
    GTA   0   0   0   0   0   0 |     GCA   0   0   0   0   1   1 | Glu GAA   6   6   5   5   6   5 |     GGA   1   1   1   1   2   1
    GTG   3   3   3   3   3   3 |     GCG   0   0   0   0   0   0 |     GAG   3   2   4   4   3   3 |     GGG   1   1   1   1   0   1
--------------------------------------------------------------------------------------------------------------------------------------

--------------------------------------------------------------------------------------------------------------------------------------
Phe TTT   0   0   0   0   0   0 | Ser TCT   1   1   1   1   1   1 | Tyr TAT   0   0   0   0   0   0 | Cys TGT   0   0   0   0   0   1
    TTC   1   1   1   1   1   1 |     TCC   1   1   1   1   1   1 |     TAC   0   0   0   0   0   0 |     TGC   1   1   1   1   1   0
Leu TTA   1   1   1   1   1   1 |     TCA   0   0   0   0   0   0 | *** TAA   0   0   0   0   0   0 | *** TGA   0   0   0   0   0   0
    TTG   2   2   2   2   2   2 |     TCG   0   0   0   0   0   0 |     TAG   0   0   0   0   0   0 | Trp TGG   0   0   0   0   0   0
--------------------------------------------------------------------------------------------------------------------------------------
Leu CTT   3   3   3   3   3   3 | Pro CCT   1   1   1   1   1   1 | His CAT   1   1   1   1   1   1 | Arg CGT   0   0   0   0   0   0
    CTC   5   5   5   5   5   5 |     CCC   1   1   0   1   1   1 |     CAC   2   2   2   2   2   2 |     CGC   0   0   0   0   0   1
    CTA   2   2   2   2   2   2 |     CCA   1   1   2   1   1   1 | Gln CAA   5   5   5   5   5   5 |     CGA   3   3   3   3   3   2
    CTG   4   4   4   4   4   4 |     CCG   0   0   0   0   0   0 |     CAG   7   7   7   7   7   7 |     CGG   2   2   2   2   2   2
--------------------------------------------------------------------------------------------------------------------------------------
Ile ATT   5   4   4   4   4   4 | Thr ACT   3   2   2   2   2   2 | Asn AAT   1   2   2   2   2   2 | Ser AGT   0   0   0   0   0   0
    ATC   1   2   2   2   2   2 |     ACC   1   1   1   1   1   1 |     AAC   1   1   1   1   1   1 |     AGC   0   0   0   0   0   0
    ATA   0   0   0   0   0   0 |     ACA   3   3   3   3   3   3 | Lys AAA   5   5   5   5   5   5 | Arg AGA   1   1   1   1   1   1
Met ATG   1   1   1   1   1   1 |     ACG   1   1   1   1   1   1 |     AAG   5   5   5   5   5   5 |     AGG   0   0   0   0   0   0
--------------------------------------------------------------------------------------------------------------------------------------
Val GTT   1   1   1   2   1   1 | Ala GCT   0   0   0   1   0   0 | Asp GAT   1   1   1   1   1   1 | Gly GGT   4   4   4   4   4   3
    GTC   0   0   0   0   0   0 |     GCC   4   4   4   3   4   4 |     GAC   2   2   2   2   2   2 |     GGC   0   0   0   0   0   1
    GTA   0   0   0   0   0   0 |     GCA   0   0   0   0   0   0 | Glu GAA   5   6   5   6   5   5 |     GGA   1   1   1   1   1   1
    GTG   3   3   3   2   3   3 |     GCG   0   0   0   0   0   0 |     GAG   4   3   4   3   4   4 |     GGG   1   1   1   1   1   1
--------------------------------------------------------------------------------------------------------------------------------------

--------------------------------------------------------------------------------------------------------------------------------------
Phe TTT   0   0   0   0   0   0 | Ser TCT   1   1   1   1   1   1 | Tyr TAT   0   0   0   0   0   0 | Cys TGT   0   0   0   0   0   0
    TTC   1   1   1   1   1   1 |     TCC   1   1   1   1   1   1 |     TAC   0   0   0   0   0   0 |     TGC   1   1   1   1   1   1
Leu TTA   1   1   1   1   1   1 |     TCA   0   0   0   0   0   0 | *** TAA   0   0   0   0   0   0 | *** TGA   0   0   0   0   0   0
    TTG   2   2   2   2   2   2 |     TCG   0   0   0   0   0   0 |     TAG   0   0   0   0   0   0 | Trp TGG   0   0   0   0   0   0
--------------------------------------------------------------------------------------------------------------------------------------
Leu CTT   3   3   3   3   3   3 | Pro CCT   1   1   1   1   1   1 | His CAT   1   1   1   1   1   1 | Arg CGT   0   0   0   0   0   0
    CTC   5   5   5   5   5   5 |     CCC   1   1   1   1   1   1 |     CAC   2   2   2   2   2   2 |     CGC   0   0   0   0   0   0
    CTA   2   1   2   2   2   2 |     CCA   1   1   1   1   1   1 | Gln CAA   5   5   5   5   5   5 |     CGA   3   3   3   3   3   3
    CTG   4   5   4   4   4   4 |     CCG   0   0   0   0   0   0 |     CAG   7   7   7   7   7   7 |     CGG   2   2   2   2   2   2
--------------------------------------------------------------------------------------------------------------------------------------
Ile ATT   4   4   4   4   4   3 | Thr ACT   2   2   2   2   2   2 | Asn AAT   2   2   2   2   1   2 | Ser AGT   0   0   0   0   0   0
    ATC   2   2   2   2   2   3 |     ACC   1   1   2   1   1   1 |     AAC   1   1   1   1   2   1 |     AGC   0   0   0   0   0   0
    ATA   0   0   0   0   0   0 |     ACA   3   3   3   3   3   3 | Lys AAA   5   5   5   5   5   5 | Arg AGA   1   1   1   1   1   1
Met ATG   1   1   1   1   1   1 |     ACG   1   1   1   1   1   1 |     AAG   5   5   5   5   5   5 |     AGG   0   0   0   0   0   0
--------------------------------------------------------------------------------------------------------------------------------------
Val GTT   1   1   1   1   1   1 | Ala GCT   0   0   0   0   0   1 | Asp GAT   1   1   1   1   1   1 | Gly GGT   4   4   4   4   4   4
    GTC   0   0   0   0   0   0 |     GCC   4   4   3   4   4   3 |     GAC   2   2   2   2   2   2 |     GGC   0   0   0   0   0   0
    GTA   0   0   0   0   0   0 |     GCA   0   0   0   0   0   0 | Glu GAA   6   5   7   5   5   6 |     GGA   1   1   1   1   1   1
    GTG   3   3   3   3   3   3 |     GCG   0   0   0   0   0   0 |     GAG   3   4   2   4   4   3 |     GGG   1   1   1   1   1   1
--------------------------------------------------------------------------------------------------------------------------------------

--------------------------------------------------------------------------------------------------------------------------------------
Phe TTT   0   0   0   0   0   0 | Ser TCT   1   1   1   1   1   1 | Tyr TAT   0   0   0   0   0   0 | Cys TGT   0   0   0   0   0   0
    TTC   1   1   1   1   1   1 |     TCC   1   1   1   1   1   1 |     TAC   0   0   0   0   0   0 |     TGC   1   1   1   1   1   1
Leu TTA   1   2   1   1   1   1 |     TCA   0   0   0   0   0   0 | *** TAA   0   0   0   0   0   0 | *** TGA   0   0   0   0   0   0
    TTG   2   2   2   2   2   2 |     TCG   0   0   0   0   0   0 |     TAG   0   0   0   0   0   0 | Trp TGG   0   0   0   0   0   0
--------------------------------------------------------------------------------------------------------------------------------------
Leu CTT   3   3   3   3   3   3 | Pro CCT   1   1   1   1   1   1 | His CAT   1   1   1   1   1   1 | Arg CGT   0   0   0   0   0   0
    CTC   5   5   5   5   5   5 |     CCC   1   1   1   1   1   1 |     CAC   2   2   2   2   2   2 |     CGC   0   0   0   0   0   0
    CTA   2   1   2   2   2   2 |     CCA   1   1   1   1   1   1 | Gln CAA   5   4   5   5   5   5 |     CGA   3   3   3   3   3   3
    CTG   4   4   4   4   4   4 |     CCG   0   0   0   0   0   0 |     CAG   7   8   7   7   7   7 |     CGG   2   2   2   2   2   2
--------------------------------------------------------------------------------------------------------------------------------------
Ile ATT   4   4   4   4   4   4 | Thr ACT   2   2   2   2   2   2 | Asn AAT   1   2   2   2   2   2 | Ser AGT   1   0   0   0   0   0
    ATC   2   2   2   2   2   2 |     ACC   1   1   1   1   2   1 |     AAC   1   1   1   1   1   1 |     AGC   0   0   0   0   0   0
    ATA   0   0   0   0   0   0 |     ACA   3   3   3   3   3   3 | Lys AAA   4   4   5   5   5   5 | Arg AGA   1   1   1   1   1   1
Met ATG   1   1   1   1   1   1 |     ACG   1   1   1   1   1   1 |     AAG   6   6   5   5   5   5 |     AGG   0   0   0   0   0   0
--------------------------------------------------------------------------------------------------------------------------------------
Val GTT   1   1   1   1   1   1 | Ala GCT   0   1   0   0   1   0 | Asp GAT   1   1   1   1   1   1 | Gly GGT   3   4   4   4   4   4
    GTC   0   0   0   0   0   0 |     GCC   4   3   4   4   2   4 |     GAC   2   2   2   2   2   2 |     GGC   1   0   0   0   0   0
    GTA   0   0   0   0   0   0 |     GCA   0   0   0   0   0   0 | Glu GAA   6   5   6   5   6   6 |     GGA   0   1   1   1   1   1
    GTG   3   3   3   3   3   3 |     GCG   0   0   1   0   0   0 |     GAG   4   4   2   4   3   3 |     GGG   1   1   1   1   1   1
--------------------------------------------------------------------------------------------------------------------------------------

--------------------------------------------------------------------------------------------------------------------------------------
Phe TTT   0   0   0   0   0   0 | Ser TCT   1   1   1   1   1   1 | Tyr TAT   0   0   0   0   0   0 | Cys TGT   0   0   0   0   0   0
    TTC   1   1   1   1   1   1 |     TCC   1   1   1   1   1   1 |     TAC   0   0   0   0   0   0 |     TGC   1   1   1   1   1   1
Leu TTA   1   1   1   1   1   1 |     TCA   0   0   0   0   0   0 | *** TAA   0   0   0   0   0   0 | *** TGA   0   0   0   0   0   0
    TTG   2   2   2   2   2   2 |     TCG   0   0   0   0   0   0 |     TAG   0   0   0   0   0   0 | Trp TGG   0   0   0   0   0   0
--------------------------------------------------------------------------------------------------------------------------------------
Leu CTT   3   3   3   3   3   3 | Pro CCT   1   1   1   0   1   1 | His CAT   1   1   1   1   1   1 | Arg CGT   0   0   0   0   0   0
    CTC   5   5   5   5   5   5 |     CCC   1   1   1   1   1   1 |     CAC   2   2   2   2   2   2 |     CGC   1   1   0   1   0   0
    CTA   2   2   2   2   2   2 |     CCA   1   1   1   1   1   1 | Gln CAA   5   5   5   5   5   5 |     CGA   2   2   3   2   3   3
    CTG   4   4   4   4   4   4 |     CCG   0   0   0   1   0   0 |     CAG   7   7   7   7   7   7 |     CGG   2   2   2   2   2   2
--------------------------------------------------------------------------------------------------------------------------------------
Ile ATT   4   4   4   3   4   4 | Thr ACT   2   2   2   1   2   2 | Asn AAT   2   2   2   2   2   2 | Ser AGT   0   0   0   0   0   0
    ATC   2   2   2   3   2   2 |     ACC   1   1   1   1   2   1 |     AAC   1   1   1   1   1   1 |     AGC   0   0   0   0   0   0
    ATA   0   0   0   0   0   0 |     ACA   3   3   3   3   3   3 | Lys AAA   5   5   5   5   4   5 | Arg AGA   1   1   1   1   1   1
Met ATG   1   1   1   1   1   1 |     ACG   1   1   1   1   1   1 |     AAG   5   5   5   5   6   5 |     AGG   0   0   0   0   0   0
--------------------------------------------------------------------------------------------------------------------------------------
Val GTT   1   1   1   1   1   1 | Ala GCT   0   0   0   2   0   0 | Asp GAT   1   1   1   1   1   1 | Gly GGT   3   3   4   4   4   4
    GTC   0   0   0   0   0   0 |     GCC   4   4   4   3   3   4 |     GAC   2   2   2   2   2   2 |     GGC   1   1   0   0   0   0
    GTA   0   0   0   0   0   0 |     GCA   0   0   0   0   0   0 | Glu GAA   5   6   6   6   6   5 |     GGA   1   1   1   1   1   1
    GTG   3   3   3   3   3   3 |     GCG   0   0   0   0   0   0 |     GAG   4   3   3   3   3   4 |     GGG   1   1   1   1   1   1
--------------------------------------------------------------------------------------------------------------------------------------

--------------------------------------------------------------------------------------------------------------------------------------
Phe TTT   0   0   0   0   0   0 | Ser TCT   1   1   1   1   1   1 | Tyr TAT   0   0   0   0   0   0 | Cys TGT   0   0   0   0   0   0
    TTC   1   1   1   1   1   1 |     TCC   1   1   1   1   1   1 |     TAC   0   0   0   0   0   0 |     TGC   1   1   1   1   1   1
Leu TTA   1   1   1   1   0   1 |     TCA   0   0   0   0   0   0 | *** TAA   0   0   0   0   0   0 | *** TGA   0   0   0   0   0   0
    TTG   2   2   2   2   3   2 |     TCG   0   0   0   0   0   0 |     TAG   0   0   0   0   0   0 | Trp TGG   0   0   0   0   0   0
--------------------------------------------------------------------------------------------------------------------------------------
Leu CTT   3   3   3   3   2   3 | Pro CCT   1   1   1   1   1   1 | His CAT   1   1   1   2   1   1 | Arg CGT   0   0   0   0   0   0
    CTC   5   5   5   5   6   5 |     CCC   1   1   1   1   1   1 |     CAC   2   2   2   2   2   2 |     CGC   0   0   1   0   0   0
    CTA   1   2   2   2   1   2 |     CCA   1   1   1   1   1   1 | Gln CAA   5   5   5   5   5   5 |     CGA   3   3   2   3   3   3
    CTG   5   4   4   4   5   4 |     CCG   0   0   0   0   0   0 |     CAG   7   7   7   7   7   7 |     CGG   2   2   2   2   2   2
--------------------------------------------------------------------------------------------------------------------------------------
Ile ATT   3   4   4   4   5   4 | Thr ACT   2   2   2   2   2   2 | Asn AAT   2   2   2   1   3   2 | Ser AGT   0   0   0   0   0   0
    ATC   3   2   2   2   2   2 |     ACC   1   1   1   1   1   2 |     AAC   1   1   1   1   1   1 |     AGC   0   0   0   0   0   0
    ATA   0   0   0   0   0   0 |     ACA   3   3   3   3   3   3 | Lys AAA   5   5   5   5   5   5 | Arg AGA   1   1   1   1   1   1
Met ATG   1   1   1   1   1   1 |     ACG   1   1   1   1   1   1 |     AAG   5   5   5   5   5   5 |     AGG   0   0   0   0   0   0
--------------------------------------------------------------------------------------------------------------------------------------
Val GTT   1   1   1   1   0   1 | Ala GCT   1   0   0   0   1   0 | Asp GAT   1   1   1   1   1   1 | Gly GGT   4   4   3   4   3   4
    GTC   0   0   0   0   0   0 |     GCC   3   4   4   4   3   3 |     GAC   2   2   2   2   2   2 |     GGC   0   0   1   0   0   0
    GTA   0   0   0   0   0   0 |     GCA   0   0   0   0   0   0 | Glu GAA   6   5   5   5   5   6 |     GGA   1   1   1   1   1   1
    GTG   3   3   3   3   3   3 |     GCG   0   0   0   0   0   0 |     GAG   3   4   4   4   4   3 |     GGG   1   1   1   1   1   1
--------------------------------------------------------------------------------------------------------------------------------------

--------------------------------------------------------------------------------------------------------------------------------------
Phe TTT   0   0   0   0   0   0 | Ser TCT   1   1   1   1   1   1 | Tyr TAT   0   0   0   0   0   0 | Cys TGT   0   0   0   0   0   0
    TTC   1   1   1   1   1   1 |     TCC   1   1   1   1   1   1 |     TAC   0   0   0   0   0   0 |     TGC   1   1   1   1   1   1
Leu TTA   1   1   1   1   1   1 |     TCA   0   0   0   0   0   0 | *** TAA   0   0   0   0   0   0 | *** TGA   0   0   0   0   0   0
    TTG   2   2   2   2   2   2 |     TCG   0   0   0   0   0   0 |     TAG   0   0   0   0   0   0 | Trp TGG   0   0   0   0   0   0
--------------------------------------------------------------------------------------------------------------------------------------
Leu CTT   3   3   3   3   3   3 | Pro CCT   1   1   1   1   1   1 | His CAT   1   1   1   1   1   1 | Arg CGT   0   0   0   0   0   0
    CTC   5   5   5   5   5   5 |     CCC   1   1   1   1   1   1 |     CAC   2   2   2   2   2   2 |     CGC   0   0   0   0   0   1
    CTA   2   1   2   2   2   2 |     CCA   1   1   1   1   1   1 | Gln CAA   5   5   5   5   5   5 |     CGA   3   3   3   3   3   2
    CTG   4   5   4   4   4   4 |     CCG   0   0   0   0   0   0 |     CAG   7   7   7   7   7   7 |     CGG   2   2   2   2   2   2
--------------------------------------------------------------------------------------------------------------------------------------
Ile ATT   4   4   4   5   4   4 | Thr ACT   2   2   2   3   2   2 | Asn AAT   2   2   2   1   2   2 | Ser AGT   0   0   0   0   0   0
    ATC   2   2   2   1   2   2 |     ACC   1   1   1   1   1   1 |     AAC   1   1   1   1   1   1 |     AGC   0   0   0   0   0   0
    ATA   0   0   0   0   0   0 |     ACA   3   3   3   3   3   3 | Lys AAA   5   5   5   5   5   5 | Arg AGA   1   1   1   1   1   1
Met ATG   1   1   1   1   1   1 |     ACG   1   1   1   1   1   1 |     AAG   5   5   5   5   5   5 |     AGG   0   0   0   0   0   0
--------------------------------------------------------------------------------------------------------------------------------------
Val GTT   1   1   1   1   1   1 | Ala GCT   0   0   0   1   1   0 | Asp GAT   1   1   1   1   1   1 | Gly GGT   4   4   4   4   4   3
    GTC   0   0   0   0   0   0 |     GCC   4   4   4   3   3   4 |     GAC   2   2   2   2   2   2 |     GGC   0   0   0   0   0   1
    GTA   0   0   0   0   0   0 |     GCA   0   0   0   0   0   0 | Glu GAA   6   5   6   5   6   5 |     GGA   1   1   1   1   1   1
    GTG   3   3   3   3   3   3 |     GCG   0   0   0   0   0   0 |     GAG   3   4   3   4   3   4 |     GGG   1   1   1   1   1   1
--------------------------------------------------------------------------------------------------------------------------------------

--------------------------------------------------------------------------------------------------------------------------------------
Phe TTT   0   0   0   0   0   0 | Ser TCT   1   1   1   1   1   1 | Tyr TAT   0   0   0   0   0   0 | Cys TGT   0   0   0   1   0   1
    TTC   1   1   1   1   1   1 |     TCC   1   1   1   1   1   1 |     TAC   0   0   0   0   0   0 |     TGC   1   1   1   0   1   0
Leu TTA   1   1   1   1   1   1 |     TCA   0   0   0   0   0   0 | *** TAA   0   0   0   0   0   0 | *** TGA   0   0   0   0   0   0
    TTG   2   2   2   2   2   2 |     TCG   0   0   0   0   0   0 |     TAG   0   0   0   0   0   0 | Trp TGG   0   0   0   0   0   0
--------------------------------------------------------------------------------------------------------------------------------------
Leu CTT   3   3   3   3   3   3 | Pro CCT   1   1   1   1   1   1 | His CAT   1   1   1   1   1   1 | Arg CGT   0   0   0   0   0   0
    CTC   5   5   5   5   5   5 |     CCC   1   1   1   1   1   1 |     CAC   2   2   2   2   2   2 |     CGC   1   0   1   1   0   0
    CTA   2   2   2   2   1   2 |     CCA   1   1   1   1   1   1 | Gln CAA   5   5   5   5   5   5 |     CGA   2   3   2   2   3   3
    CTG   4   4   4   4   5   4 |     CCG   0   0   0   0   0   0 |     CAG   7   7   7   7   7   7 |     CGG   2   2   2   2   2   2
--------------------------------------------------------------------------------------------------------------------------------------
Ile ATT   4   3   4   4   4   4 | Thr ACT   2   2   2   2   2   2 | Asn AAT   2   2   2   2   2   2 | Ser AGT   0   0   0   0   0   0
    ATC   2   3   2   2   2   2 |     ACC   1   1   1   1   1   1 |     AAC   1   1   1   1   1   1 |     AGC   0   0   0   0   0   0
    ATA   0   0   0   0   0   0 |     ACA   3   3   3   3   3   3 | Lys AAA   5   5   5   5   5   5 | Arg AGA   1   1   1   1   1   1
Met ATG   1   1   1   1   1   1 |     ACG   1   1   1   1   1   1 |     AAG   5   5   5   5   5   5 |     AGG   0   0   0   0   0   0
--------------------------------------------------------------------------------------------------------------------------------------
Val GTT   1   1   1   1   1   1 | Ala GCT   0   1   0   0   0   0 | Asp GAT   1   1   1   1   1   1 | Gly GGT   3   4   3   3   4   4
    GTC   0   0   0   0   0   0 |     GCC   4   3   4   4   4   4 |     GAC   2   2   2   2   2   2 |     GGC   1   0   1   1   0   0
    GTA   0   0   0   0   0   0 |     GCA   0   0   0   0   0   0 | Glu GAA   5   6   5   5   5   5 |     GGA   1   1   1   1   1   1
    GTG   3   3   3   3   3   2 |     GCG   0   0   0   0   0   1 |     GAG   4   3   4   4   4   4 |     GGG   1   1   1   1   1   1
--------------------------------------------------------------------------------------------------------------------------------------

--------------------------------------------------------------------------------------------------------------------------------------
Phe TTT   0   0   0   0   0   0 | Ser TCT   1   1   1   1   1   1 | Tyr TAT   0   0   0   0   0   0 | Cys TGT   1   0   0   0   0   0
    TTC   1   1   1   1   1   1 |     TCC   1   1   1   1   1   1 |     TAC   0   0   0   0   0   0 |     TGC   0   1   1   1   1   1
Leu TTA   1   1   1   1   1   1 |     TCA   0   0   0   0   0   0 | *** TAA   0   0   0   0   0   0 | *** TGA   0   0   0   0   0   0
    TTG   2   2   2   2   2   2 |     TCG   0   0   0   0   0   0 |     TAG   0   0   0   0   0   0 | Trp TGG   0   0   0   0   0   0
--------------------------------------------------------------------------------------------------------------------------------------
Leu CTT   3   3   3   3   3   3 | Pro CCT   1   1   1   1   1   1 | His CAT   1   1   1   1   1   1 | Arg CGT   0   0   0   0   0   0
    CTC   5   5   5   5   5   5 |     CCC   1   1   1   1   1   1 |     CAC   2   2   2   2   2   2 |     CGC   0   0   0   0   0   0
    CTA   2   2   2   2   2   2 |     CCA   1   1   1   1   1   1 | Gln CAA   5   5   5   5   5   5 |     CGA   3   3   3   3   3   3
    CTG   4   4   4   4   4   4 |     CCG   0   0   0   0   0   0 |     CAG   7   7   7   7   7   7 |     CGG   2   2   2   2   2   2
--------------------------------------------------------------------------------------------------------------------------------------
Ile ATT   4   4   4   4   4   4 | Thr ACT   2   2   2   2   2   2 | Asn AAT   2   2   2   2   2   2 | Ser AGT   0   0   0   1   0   0
    ATC   2   2   2   2   2   2 |     ACC   1   1   1   1   1   1 |     AAC   1   1   1   1   1   1 |     AGC   0   0   0   0   0   0
    ATA   0   0   0   0   0   0 |     ACA   3   3   3   3   3   3 | Lys AAA   5   5   5   5   5   5 | Arg AGA   1   1   1   1   1   1
Met ATG   1   1   1   1   1   1 |     ACG   1   1   1   1   1   1 |     AAG   5   5   5   5   5   5 |     AGG   0   0   0   0   0   0
--------------------------------------------------------------------------------------------------------------------------------------
Val GTT   1   1   1   1   1   1 | Ala GCT   1   0   0   1   1   0 | Asp GAT   1   1   1   1   1   1 | Gly GGT   4   4   4   3   4   4
    GTC   0   0   0   0   0   0 |     GCC   3   4   4   3   3   4 |     GAC   2   2   2   2   2   2 |     GGC   0   0   0   0   0   0
    GTA   0   0   0   0   0   0 |     GCA   0   0   0   0   0   0 | Glu GAA   6   5   5   5   5   5 |     GGA   1   1   1   1   1   1
    GTG   3   3   3   3   3   3 |     GCG   0   0   0   0   0   0 |     GAG   3   4   4   4   4   4 |     GGG   1   1   1   1   1   1
--------------------------------------------------------------------------------------------------------------------------------------

Codon position x base (3x4) table for each sequence.

#1: Argali         
position  1:    T:0.07143    C:0.37755    A:0.28571    G:0.26531
position  2:    T:0.29592    C:0.16327    A:0.40816    G:0.13265
position  3:    T:0.20408    C:0.21429    A:0.28571    G:0.29592
Average         T:0.19048    C:0.25170    A:0.32653    G:0.23129

#2: LesserMouseDeer
position  1:    T:0.07143    C:0.38776    A:0.27551    G:0.26531
position  2:    T:0.29592    C:0.16327    A:0.40816    G:0.13265
position  3:    T:0.19388    C:0.23469    A:0.29592    G:0.27551
Average         T:0.18707    C:0.26190    A:0.32653    G:0.22449

#3: LesserKudu     
position  1:    T:0.07143    C:0.37755    A:0.28571    G:0.26531
position  2:    T:0.29592    C:0.16327    A:0.40816    G:0.13265
position  3:    T:0.20408    C:0.21429    A:0.27551    G:0.30612
Average         T:0.19048    C:0.25170    A:0.32313    G:0.23469

#4: ForestMuskDeer2
position  1:    T:0.07143    C:0.37755    A:0.29592    G:0.25510
position  2:    T:0.29592    C:0.16327    A:0.40816    G:0.13265
position  3:    T:0.21429    C:0.20408    A:0.27551    G:0.30612
Average         T:0.19388    C:0.24830    A:0.32653    G:0.23129

#5: Camel          
position  1:    T:0.07143    C:0.37755    A:0.27551    G:0.27551
position  2:    T:0.28571    C:0.16327    A:0.41837    G:0.13265
position  3:    T:0.21429    C:0.21429    A:0.25510    G:0.31633
Average         T:0.19048    C:0.25170    A:0.31633    G:0.24150

#6: KillerWhale    
position  1:    T:0.07143    C:0.37755    A:0.26531    G:0.28571
position  2:    T:0.27551    C:0.16327    A:0.42857    G:0.13265
position  3:    T:0.22449    C:0.21429    A:0.26531    G:0.29592
Average         T:0.19048    C:0.25170    A:0.31973    G:0.23810

#7: DefassaWaterbuck
position  1:    T:0.07143    C:0.37755    A:0.28571    G:0.26531
position  2:    T:0.29592    C:0.17347    A:0.39796    G:0.13265
position  3:    T:0.21429    C:0.20408    A:0.27551    G:0.30612
Average         T:0.19388    C:0.25170    A:0.31973    G:0.23469

#8: Sheep          
position  1:    T:0.07143    C:0.37755    A:0.28571    G:0.26531
position  2:    T:0.29592    C:0.16327    A:0.40816    G:0.13265
position  3:    T:0.20408    C:0.21429    A:0.28571    G:0.29592
Average         T:0.19048    C:0.25170    A:0.32653    G:0.23129

#9: MaxwellsDuiker 
position  1:    T:0.07143    C:0.37755    A:0.28571    G:0.26531
position  2:    T:0.29592    C:0.16327    A:0.40816    G:0.13265
position  3:    T:0.20408    C:0.20408    A:0.28571    G:0.30612
Average         T:0.19048    C:0.24830    A:0.32653    G:0.23469

#10: GazellaPrzewalskyi
position  1:    T:0.07143    C:0.37755    A:0.28571    G:0.26531
position  2:    T:0.29592    C:0.16327    A:0.40816    G:0.13265
position  3:    T:0.22449    C:0.20408    A:0.28571    G:0.28571
Average         T:0.19728    C:0.24830    A:0.32653    G:0.22789

#11: MountainNyala  
position  1:    T:0.07143    C:0.37755    A:0.28571    G:0.26531
position  2:    T:0.29592    C:0.16327    A:0.40816    G:0.13265
position  3:    T:0.20408    C:0.21429    A:0.27551    G:0.30612
Average         T:0.19048    C:0.25170    A:0.32313    G:0.23469

#12: MuntiacusMuntjak
position  1:    T:0.07143    C:0.37755    A:0.28571    G:0.26531
position  2:    T:0.29592    C:0.16327    A:0.40816    G:0.13265
position  3:    T:0.20408    C:0.22449    A:0.26531    G:0.30612
Average         T:0.19048    C:0.25510    A:0.31973    G:0.23469

#13: goat           
position  1:    T:0.07143    C:0.37755    A:0.28571    G:0.26531
position  2:    T:0.29592    C:0.16327    A:0.40816    G:0.13265
position  3:    T:0.20408    C:0.21429    A:0.28571    G:0.29592
Average         T:0.19048    C:0.25170    A:0.32653    G:0.23129

#14: AfricanBuffalo 
position  1:    T:0.07143    C:0.37755    A:0.28571    G:0.26531
position  2:    T:0.29592    C:0.16327    A:0.40816    G:0.13265
position  3:    T:0.20408    C:0.21429    A:0.26531    G:0.31633
Average         T:0.19048    C:0.25170    A:0.31973    G:0.23810

#15: Topi           
position  1:    T:0.07143    C:0.37755    A:0.29592    G:0.25510
position  2:    T:0.29592    C:0.16327    A:0.40816    G:0.13265
position  3:    T:0.20408    C:0.21429    A:0.29592    G:0.28571
Average         T:0.19048    C:0.25170    A:0.33333    G:0.22449

#16: CommonDuiker   
position  1:    T:0.07143    C:0.37755    A:0.28571    G:0.26531
position  2:    T:0.29592    C:0.16327    A:0.40816    G:0.13265
position  3:    T:0.20408    C:0.21429    A:0.27551    G:0.30612
Average         T:0.19048    C:0.25170    A:0.32313    G:0.23469

#17: Suni           
position  1:    T:0.07143    C:0.37755    A:0.28571    G:0.26531
position  2:    T:0.29592    C:0.16327    A:0.40816    G:0.13265
position  3:    T:0.19388    C:0.22449    A:0.27551    G:0.30612
Average         T:0.18707    C:0.25510    A:0.32313    G:0.23469

#18: Springbuck     
position  1:    T:0.07143    C:0.37755    A:0.28571    G:0.26531
position  2:    T:0.29592    C:0.16327    A:0.40816    G:0.13265
position  3:    T:0.20408    C:0.21429    A:0.28571    G:0.29592
Average         T:0.19048    C:0.25170    A:0.32653    G:0.23129

#19: Okapi          
position  1:    T:0.07143    C:0.37755    A:0.28571    G:0.26531
position  2:    T:0.29592    C:0.16327    A:0.40816    G:0.13265
position  3:    T:0.19388    C:0.22449    A:0.26531    G:0.31633
Average         T:0.18707    C:0.25510    A:0.31973    G:0.23810

#20: Giraffe        
position  1:    T:0.08163    C:0.36735    A:0.28571    G:0.26531
position  2:    T:0.29592    C:0.16327    A:0.40816    G:0.13265
position  3:    T:0.21429    C:0.20408    A:0.25510    G:0.32653
Average         T:0.19728    C:0.24490    A:0.31633    G:0.24150

#21: TibetanAntelope
position  1:    T:0.07143    C:0.37755    A:0.28571    G:0.26531
position  2:    T:0.29592    C:0.17347    A:0.39796    G:0.13265
position  3:    T:0.20408    C:0.21429    A:0.28571    G:0.29592
Average         T:0.19048    C:0.25510    A:0.32313    G:0.23129

#22: Sitatunga      
position  1:    T:0.07143    C:0.37755    A:0.28571    G:0.26531
position  2:    T:0.29592    C:0.16327    A:0.40816    G:0.13265
position  3:    T:0.20408    C:0.21429    A:0.27551    G:0.30612
Average         T:0.19048    C:0.25170    A:0.32313    G:0.23469

#23: Oribi          
position  1:    T:0.07143    C:0.37755    A:0.29592    G:0.25510
position  2:    T:0.29592    C:0.16327    A:0.40816    G:0.13265
position  3:    T:0.21429    C:0.20408    A:0.28571    G:0.29592
Average         T:0.19388    C:0.24830    A:0.32993    G:0.22789

#24: BarbarySheep   
position  1:    T:0.07143    C:0.37755    A:0.28571    G:0.26531
position  2:    T:0.29592    C:0.16327    A:0.40816    G:0.13265
position  3:    T:0.20408    C:0.21429    A:0.28571    G:0.29592
Average         T:0.19048    C:0.25170    A:0.32653    G:0.23129

#25: Daviddeer      
position  1:    T:0.07143    C:0.37755    A:0.28571    G:0.26531
position  2:    T:0.29592    C:0.16327    A:0.40816    G:0.13265
position  3:    T:0.19388    C:0.23469    A:0.26531    G:0.30612
Average         T:0.18707    C:0.25850    A:0.31973    G:0.23469

#26: Reindeer       
position  1:    T:0.07143    C:0.37755    A:0.28571    G:0.26531
position  2:    T:0.29592    C:0.16327    A:0.40816    G:0.13265
position  3:    T:0.19388    C:0.23469    A:0.27551    G:0.29592
Average         T:0.18707    C:0.25850    A:0.32313    G:0.23129

#27: Ibex           
position  1:    T:0.07143    C:0.37755    A:0.28571    G:0.26531
position  2:    T:0.29592    C:0.16327    A:0.40816    G:0.13265
position  3:    T:0.20408    C:0.21429    A:0.28571    G:0.29592
Average         T:0.19048    C:0.25170    A:0.32653    G:0.23129

#28: GyrantGazelle  
position  1:    T:0.07143    C:0.37755    A:0.27551    G:0.27551
position  2:    T:0.29592    C:0.16327    A:0.40816    G:0.13265
position  3:    T:0.19388    C:0.22449    A:0.27551    G:0.30612
Average         T:0.18707    C:0.25510    A:0.31973    G:0.23810

#29: Hartebeest     
position  1:    T:0.07143    C:0.37755    A:0.29592    G:0.25510
position  2:    T:0.29592    C:0.16327    A:0.40816    G:0.13265
position  3:    T:0.20408    C:0.21429    A:0.27551    G:0.30612
Average         T:0.19048    C:0.25170    A:0.32653    G:0.23129

#30: Bongo          
position  1:    T:0.07143    C:0.37755    A:0.28571    G:0.26531
position  2:    T:0.29592    C:0.16327    A:0.40816    G:0.13265
position  3:    T:0.20408    C:0.21429    A:0.27551    G:0.30612
Average         T:0.19048    C:0.25170    A:0.32313    G:0.23469

#31: Gerenuk        
position  1:    T:0.07143    C:0.37755    A:0.28571    G:0.26531
position  2:    T:0.29592    C:0.16327    A:0.40816    G:0.13265
position  3:    T:0.20408    C:0.21429    A:0.27551    G:0.30612
Average         T:0.19048    C:0.25170    A:0.32313    G:0.23469

#32: CommonEland    
position  1:    T:0.07143    C:0.37755    A:0.28571    G:0.26531
position  2:    T:0.29592    C:0.16327    A:0.40816    G:0.13265
position  3:    T:0.20408    C:0.21429    A:0.27551    G:0.30612
Average         T:0.19048    C:0.25170    A:0.32313    G:0.23469

#33: MuntiacusReevesi
position  1:    T:0.07143    C:0.37755    A:0.28571    G:0.26531
position  2:    T:0.29592    C:0.16327    A:0.40816    G:0.13265
position  3:    T:0.19388    C:0.23469    A:0.26531    G:0.30612
Average         T:0.18707    C:0.25850    A:0.31973    G:0.23469

#34: HarveysDuiker  
position  1:    T:0.07143    C:0.38776    A:0.27551    G:0.26531
position  2:    T:0.29592    C:0.16327    A:0.40816    G:0.13265
position  3:    T:0.20408    C:0.21429    A:0.27551    G:0.30612
Average         T:0.19048    C:0.25510    A:0.31973    G:0.23469

#35: Pronghorn      
position  1:    T:0.07143    C:0.37755    A:0.30612    G:0.24490
position  2:    T:0.29592    C:0.16327    A:0.41837    G:0.12245
position  3:    T:0.20408    C:0.21429    A:0.25510    G:0.32653
Average         T:0.19048    C:0.25170    A:0.32653    G:0.23129

#36: BlueWildebeest 
position  1:    T:0.07143    C:0.37755    A:0.29592    G:0.25510
position  2:    T:0.29592    C:0.16327    A:0.40816    G:0.13265
position  3:    T:0.20408    C:0.21429    A:0.28571    G:0.29592
Average         T:0.19048    C:0.25170    A:0.32993    G:0.22789

#37: Gemsbok        
position  1:    T:0.07143    C:0.37755    A:0.28571    G:0.26531
position  2:    T:0.29592    C:0.16327    A:0.40816    G:0.13265
position  3:    T:0.20408    C:0.21429    A:0.28571    G:0.29592
Average         T:0.19048    C:0.25170    A:0.32653    G:0.23129

#38: Yak            
position  1:    T:0.07143    C:0.37755    A:0.28571    G:0.26531
position  2:    T:0.29592    C:0.16327    A:0.40816    G:0.13265
position  3:    T:0.20408    C:0.21429    A:0.26531    G:0.31633
Average         T:0.19048    C:0.25170    A:0.31973    G:0.23810

#39: BlueSheep      
position  1:    T:0.07143    C:0.37755    A:0.28571    G:0.26531
position  2:    T:0.29592    C:0.16327    A:0.40816    G:0.13265
position  3:    T:0.20408    C:0.21429    A:0.28571    G:0.29592
Average         T:0.19048    C:0.25170    A:0.32653    G:0.23129

#40: BohorReedbuck  
position  1:    T:0.07143    C:0.37755    A:0.28571    G:0.26531
position  2:    T:0.29592    C:0.17347    A:0.39796    G:0.13265
position  3:    T:0.22449    C:0.19388    A:0.27551    G:0.30612
Average         T:0.19728    C:0.24830    A:0.31973    G:0.23469

#41: KirksDik       
position  1:    T:0.07143    C:0.37755    A:0.28571    G:0.26531
position  2:    T:0.29592    C:0.16327    A:0.40816    G:0.13265
position  3:    T:0.21429    C:0.20408    A:0.28571    G:0.29592
Average         T:0.19388    C:0.24830    A:0.32653    G:0.23129

#42: RoeDeer        
position  1:    T:0.07143    C:0.37755    A:0.28571    G:0.26531
position  2:    T:0.29592    C:0.16327    A:0.40816    G:0.13265
position  3:    T:0.19388    C:0.23469    A:0.26531    G:0.30612
Average         T:0.18707    C:0.25850    A:0.31973    G:0.23469

#43: WhiteLippedDeer
position  1:    T:0.07143    C:0.37755    A:0.28571    G:0.26531
position  2:    T:0.29592    C:0.16327    A:0.40816    G:0.13265
position  3:    T:0.19388    C:0.23469    A:0.26531    G:0.30612
Average         T:0.18707    C:0.25850    A:0.31973    G:0.23469

#44: ThomsonGazelle 
position  1:    T:0.07143    C:0.37755    A:0.28571    G:0.26531
position  2:    T:0.29592    C:0.16327    A:0.40816    G:0.13265
position  3:    T:0.20408    C:0.21429    A:0.28571    G:0.29592
Average         T:0.19048    C:0.25170    A:0.32653    G:0.23129

#45: MuntiacusCrinifrons
position  1:    T:0.07143    C:0.37755    A:0.28571    G:0.26531
position  2:    T:0.29592    C:0.16327    A:0.40816    G:0.13265
position  3:    T:0.19388    C:0.23469    A:0.26531    G:0.30612
Average         T:0.18707    C:0.25850    A:0.31973    G:0.23469

#46: WhiteTailedDeer
position  1:    T:0.07143    C:0.37755    A:0.28571    G:0.26531
position  2:    T:0.29592    C:0.16327    A:0.40816    G:0.13265
position  3:    T:0.20408    C:0.22449    A:0.26531    G:0.30612
Average         T:0.19048    C:0.25510    A:0.31973    G:0.23469

#47: Cattle         
position  1:    T:0.07143    C:0.37755    A:0.28571    G:0.26531
position  2:    T:0.29592    C:0.16327    A:0.40816    G:0.13265
position  3:    T:0.20408    C:0.21429    A:0.26531    G:0.31633
Average         T:0.19048    C:0.25170    A:0.31973    G:0.23810

#48: RoyalAntelope  
position  1:    T:0.07143    C:0.37755    A:0.28571    G:0.26531
position  2:    T:0.28571    C:0.17347    A:0.40816    G:0.13265
position  3:    T:0.21429    C:0.20408    A:0.27551    G:0.30612
Average         T:0.19048    C:0.25170    A:0.32313    G:0.23469

#49: Steenbok       
position  1:    T:0.07143    C:0.37755    A:0.28571    G:0.26531
position  2:    T:0.29592    C:0.16327    A:0.40816    G:0.13265
position  3:    T:0.22449    C:0.19388    A:0.28571    G:0.29592
Average         T:0.19728    C:0.24490    A:0.32653    G:0.23129

#50: Impala         
position  1:    T:0.07143    C:0.37755    A:0.28571    G:0.26531
position  2:    T:0.29592    C:0.16327    A:0.40816    G:0.13265
position  3:    T:0.20408    C:0.21429    A:0.27551    G:0.30612
Average         T:0.19048    C:0.25170    A:0.32313    G:0.23469

#51: Klipspringer   
position  1:    T:0.07143    C:0.37755    A:0.28571    G:0.26531
position  2:    T:0.29592    C:0.16327    A:0.40816    G:0.13265
