CODONML (in paml version 4.10.7, June 2023)  /home/rachel/ruminants_paml/6406-phy-tree/ENSBTAT00000011453.fasta.phy
Model: free dN/dS Ratios for branches,  kappa = 2.000 fixed

Codon frequency model: F3x4
ns =  54  ls =  46

Codon usage in sequences
--------------------------------------------------------------------------------------------------------------------------------------
Phe TTT   1   1   1   1   1   1 | Ser TCT   1   1   1   1   1   1 | Tyr TAT   0   0   0   0   0   0 | Cys TGT   0   0   0   0   0   0
    TTC   0   0   0   0   0   0 |     TCC   2   2   2   2   2   2 |     TAC   0   0   0   0   0   0 |     TGC   0   0   0   0   0   0
Leu TTA   0   0   0   0   0   0 |     TCA   0   0   0   0   0   0 | *** TAA   0   0   0   0   0   0 | *** TGA   0   0   0   0   0   0
    TTG   2   2   2   1   2   2 |     TCG   0   0   0   0   0   0 |     TAG   0   0   0   0   0   0 | Trp TGG   0   0   0   0   0   0
--------------------------------------------------------------------------------------------------------------------------------------
Leu CTT   1   2   1   1   1   1 | Pro CCT   0   0   0   0   1   0 | His CAT   0   0   0   0   0   0 | Arg CGT   0   0   0   0   0   0
    CTC   1   1   1   1   1   1 |     CCC   1   1   1   1   0   1 |     CAC   2   2   2   2   2   2 |     CGC   1   1   1   1   1   1
    CTA   0   0   0   0   0   0 |     CCA   0   0   0   0   0   0 | Gln CAA   0   0   0   0   0   0 |     CGA   0   0   0   0   0   0
    CTG   3   2   3   4   3   3 |     CCG   0   0   0   0   0   0 |     CAG   2   2   2   2   2   2 |     CGG   1   2   1   1   1   1
--------------------------------------------------------------------------------------------------------------------------------------
Ile ATT   0   0   0   0   1   0 | Thr ACT   2   2   2   2   1   2 | Asn AAT   0   0   0   0   0   0 | Ser AGT   0   0   0   0   0   0
    ATC   1   1   1   1   0   1 |     ACC   0   0   0   0   1   0 |     AAC   1   1   1   1   1   1 |     AGC   2   2   2   2   2   2
    ATA   0   0   0   0   0   0 |     ACA   1   2   1   2   2   1 | Lys AAA   2   2   2   2   1   2 | Arg AGA   0   0   0   0   0   0
Met ATG   2   1   2   2   2   2 |     ACG   1   0   1   0   0   1 |     AAG   2   2   2   2   3   2 |     AGG   0   0   0   0   0   0
--------------------------------------------------------------------------------------------------------------------------------------
Val GTT   0   0   0   0   0   0 | Ala GCT   1   0   1   1   0   0 | Asp GAT   1   1   1   1   1   1 | Gly GGT   0   0   0   0   0   0
    GTC   2   2   2   2   2   2 |     GCC   2   3   2   2   3   3 |     GAC   0   0   0   0   0   0 |     GGC   3   1   2   2   2   2
    GTA   1   0   1   1   1   1 |     GCA   0   0   0   0   0   0 | Glu GAA   1   1   1   1   1   1 |     GGA   0   1   1   1   0   0
    GTG   0   1   0   0   0   0 |     GCG   0   0   0   0   0   0 |     GAG   3   3   3   3   3   3 |     GGG   0   1   0   0   1   1
--------------------------------------------------------------------------------------------------------------------------------------

--------------------------------------------------------------------------------------------------------------------------------------
Phe TTT   1   1   1   1   1   1 | Ser TCT   1   1   1   1   1   1 | Tyr TAT   0   0   0   0   0   0 | Cys TGT   0   0   0   0   0   0
    TTC   0   0   0   0   0   0 |     TCC   2   2   2   2   2   2 |     TAC   0   0   0   0   0   0 |     TGC   0   0   0   0   0   0
Leu TTA   0   0   0   0   0   0 |     TCA   0   0   0   0   0   0 | *** TAA   0   0   0   0   0   0 | *** TGA   0   0   0   0   0   0
    TTG   2   2   2   2   2   3 |     TCG   0   0   0   0   0   0 |     TAG   0   0   0   0   0   0 | Trp TGG   0   0   0   0   0   0
--------------------------------------------------------------------------------------------------------------------------------------
Leu CTT   1   1   1   1   1   1 | Pro CCT   0   0   0   0   0   0 | His CAT   0   0   0   0   0   1 | Arg CGT   0   0   0   0   0   0
    CTC   1   1   1   1   1   1 |     CCC   1   1   1   1   1   1 |     CAC   2   2   2   2   2   1 |     CGC   1   1   1   1   1   1
    CTA   0   0   0   0   0   0 |     CCA   0   0   0   0   0   0 | Gln CAA   0   0   0   0   0   0 |     CGA   0   0   0   0   0   0
    CTG   3   3   3   3   3   2 |     CCG   0   0   0   0   0   0 |     CAG   2   2   2   2   2   2 |     CGG   1   1   1   1   1   1
--------------------------------------------------------------------------------------------------------------------------------------
Ile ATT   0   0   0   0   0   0 | Thr ACT   2   2   1   2   2   2 | Asn AAT   0   0   0   0   0   0 | Ser AGT   0   0   0   0   0   0
    ATC   1   1   1   1   1   1 |     ACC   0   0   1   0   0   0 |     AAC   1   1   1   1   1   1 |     AGC   2   2   2   2   2   2
    ATA   0   0   0   0   0   0 |     ACA   1   1   1   1   1   1 | Lys AAA   2   2   2   2   2   2 | Arg AGA   0   0   0   0   0   0
Met ATG   2   2   2   2   2   2 |     ACG   1   1   1   1   1   1 |     AAG   2   2   2   2   2   2 |     AGG   0   0   0   0   0   0
--------------------------------------------------------------------------------------------------------------------------------------
Val GTT   0   0   0   0   0   0 | Ala GCT   1   1   1   1   1   0 | Asp GAT   1   1   1   1   1   1 | Gly GGT   0   0   0   0   0   0
    GTC   2   2   2   2   2   2 |     GCC   2   2   2   2   2   3 |     GAC   0   0   0   0   0   0 |     GGC   2   2   2   2   2   2
    GTA   1   1   1   1   1   1 |     GCA   0   0   0   0   0   0 | Glu GAA   1   1   1   1   1   1 |     GGA   1   1   1   1   1   1
    GTG   0   0   0   0   0   0 |     GCG   0   0   0   0   0   0 |     GAG   3   3   3   3   3   3 |     GGG   0   0   0   0   0   0
--------------------------------------------------------------------------------------------------------------------------------------

--------------------------------------------------------------------------------------------------------------------------------------
Phe TTT   1   1   1   1   1   1 | Ser TCT   1   1   1   1   1   1 | Tyr TAT   0   0   0   0   0   0 | Cys TGT   0   0   0   0   0   0
    TTC   0   0   0   0   0   0 |     TCC   2   2   2   2   2   2 |     TAC   0   0   0   0   0   0 |     TGC   0   0   0   0   0   0
Leu TTA   0   0   0   0   0   0 |     TCA   0   0   0   0   0   0 | *** TAA   0   0   0   0   0   0 | *** TGA   0   0   0   0   0   0
    TTG   2   2   2   2   1   2 |     TCG   0   0   0   0   0   0 |     TAG   0   0   0   0   0   0 | Trp TGG   0   0   0   0   0   0
--------------------------------------------------------------------------------------------------------------------------------------
Leu CTT   1   1   1   1   1   1 | Pro CCT   0   0   0   0   0   0 | His CAT   0   0   0   0   0   0 | Arg CGT   0   0   0   0   0   0
    CTC   1   1   1   1   1   1 |     CCC   1   1   1   1   1   1 |     CAC   2   2   2   2   2   2 |     CGC   1   1   1   1   1   2
    CTA   0   0   1   0   0   0 |     CCA   0   0   0   0   0   0 | Gln CAA   0   0   0   0   0   0 |     CGA   0   0   0   0   0   0
    CTG   3   3   2   3   4   3 |     CCG   0   0   0   0   0   0 |     CAG   2   2   2   2   2   2 |     CGG   1   1   1   1   1   0
--------------------------------------------------------------------------------------------------------------------------------------
Ile ATT   0   0   0   0   0   0 | Thr ACT   2   2   2   0   2   2 | Asn AAT   0   0   0   0   0   0 | Ser AGT   0   0   0   0   0   0
    ATC   1   1   1   1   1   1 |     ACC   0   0   0   2   0   0 |     AAC   1   1   1   1   1   1 |     AGC   2   2   2   2   2   2
    ATA   0   0   0   0   0   0 |     ACA   1   1   2   1   1   1 | Lys AAA   2   2   2   2   2   2 | Arg AGA   0   0   0   0   0   0
Met ATG   2   2   2   2   2   2 |     ACG   1   1   0   1   1   1 |     AAG   2   2   2   2   2   2 |     AGG   0   0   0   0   0   0
--------------------------------------------------------------------------------------------------------------------------------------
Val GTT   0   0   0   0   0   0 | Ala GCT   1   1   1   1   1   1 | Asp GAT   1   1   1   1   1   1 | Gly GGT   0   0   0   0   0   0
    GTC   2   2   2   2   2   2 |     GCC   2   2   2   2   2   2 |     GAC   0   0   0   0   0   0 |     GGC   2   2   2   2   2   2
    GTA   1   1   1   1   1   1 |     GCA   0   0   0   0   0   0 | Glu GAA   1   1   1   1   1   1 |     GGA   1   1   1   1   1   1
    GTG   0   0   0   0   0   0 |     GCG   0   0   0   0   0   0 |     GAG   3   3   3   3   3   3 |     GGG   0   0   0   0   0   0
--------------------------------------------------------------------------------------------------------------------------------------

--------------------------------------------------------------------------------------------------------------------------------------
Phe TTT   1   1   1   1   1   1 | Ser TCT   1   1   1   1   1   1 | Tyr TAT   0   0   0   0   0   0 | Cys TGT   0   0   0   0   0   0
    TTC   0   0   0   0   0   0 |     TCC   2   2   2   2   2   2 |     TAC   0   0   0   0   0   0 |     TGC   0   0   0   0   0   0
Leu TTA   0   0   1   0   0   0 |     TCA   0   0   0   0   0   0 | *** TAA   0   0   0   0   0   0 | *** TGA   0   0   0   0   0   0
    TTG   2   2   2   2   2   2 |     TCG   0   0   0   0   0   0 |     TAG   0   0   0   0   0   0 | Trp TGG   0   0   0   0   0   0
--------------------------------------------------------------------------------------------------------------------------------------
Leu CTT   1   1   1   1   1   1 | Pro CCT   0   0   0   0   0   0 | His CAT   1   1   0   0   0   0 | Arg CGT   0   1   0   0   0   0
    CTC   1   1   1   1   1   1 |     CCC   1   1   1   1   1   1 |     CAC   1   1   2   2   2   2 |     CGC   1   0   1   1   1   1
    CTA   0   0   0   0   0   0 |     CCA   0   0   0   0   0   0 | Gln CAA   0   0   0   0   0   0 |     CGA   0   0   0   0   0   0
    CTG   3   3   2   3   3   3 |     CCG   0   0   0   0   0   0 |     CAG   2   2   2   2   2   2 |     CGG   1   1   1   1   1   1
--------------------------------------------------------------------------------------------------------------------------------------
Ile ATT   0   0   0   0   0   0 | Thr ACT   2   2   2   2   2   2 | Asn AAT   0   0   0   0   0   0 | Ser AGT   0   0   0   0   0   0
    ATC   1   1   1   1   1   1 |     ACC   0   0   0   0   0   0 |     AAC   1   1   1   1   1   1 |     AGC   2   2   2   2   2   2
    ATA   0   0   0   0   0   0 |     ACA   1   1   1   1   1   1 | Lys AAA   2   2   2   2   2   2 | Arg AGA   0   0   0   0   0   0
Met ATG   2   2   2   2   2   2 |     ACG   1   1   1   1   1   1 |     AAG   2   2   2   2   2   2 |     AGG   0   0   0   0   0   0
--------------------------------------------------------------------------------------------------------------------------------------
Val GTT   0   0   0   0   0   0 | Ala GCT   0   0   2   1   1   1 | Asp GAT   1   1   1   1   1   1 | Gly GGT   0   0   0   0   1   0
    GTC   2   2   2   2   2   2 |     GCC   3   3   1   2   2   2 |     GAC   0   0   0   0   0   0 |     GGC   2   2   2   2   1   1
    GTA   1   1   1   1   1   1 |     GCA   0   0   0   0   0   0 | Glu GAA   1   1   1   1   1   1 |     GGA   1   1   1   1   1   1
    GTG   0   0   0   0   0   0 |     GCG   0   0   0   0   0   0 |     GAG   3   3   3   3   3   3 |     GGG   0   0   0   0   0   1
--------------------------------------------------------------------------------------------------------------------------------------

--------------------------------------------------------------------------------------------------------------------------------------
Phe TTT   1   1   1   1   1   1 | Ser TCT   1   1   1   1   1   1 | Tyr TAT   0   0   0   0   0   0 | Cys TGT   0   0   0   0   0   0
    TTC   0   0   0   0   0   0 |     TCC   2   2   2   2   2   2 |     TAC   0   0   0   0   0   0 |     TGC   0   0   0   0   0   0
Leu TTA   0   0   0   0   0   0 |     TCA   0   0   0   0   0   0 | *** TAA   0   0   0   0   0   0 | *** TGA   0   0   0   0   0   0
    TTG   3   3   2   2   2   2 |     TCG   0   0   0   0   0   0 |     TAG   0   0   0   0   0   0 | Trp TGG   0   0   0   0   0   0
--------------------------------------------------------------------------------------------------------------------------------------
Leu CTT   1   1   1   1   1   1 | Pro CCT   0   0   0   0   0   0 | His CAT   0   0   0   0   0   0 | Arg CGT   0   0   0   0   0   0
    CTC   1   1   1   1   1   1 |     CCC   1   1   1   1   1   1 |     CAC   2   2   2   2   2   2 |     CGC   1   1   1   1   1   1
    CTA   0   0   0   0   1   0 |     CCA   0   0   0   0   0   0 | Gln CAA   0   0   0   0   0   0 |     CGA   0   0   0   0   0   0
    CTG   2   2   3   3   2   3 |     CCG   0   0   0   0   0   0 |     CAG   2   2   2   2   2   2 |     CGG   1   1   1   1   1   1
--------------------------------------------------------------------------------------------------------------------------------------
Ile ATT   0   0   0   0   0   0 | Thr ACT   2   2   2   2   2   2 | Asn AAT   0   0   0   0   0   0 | Ser AGT   0   0   0   0   0   0
    ATC   1   1   1   1   1   1 |     ACC   0   0   0   0   0   0 |     AAC   1   1   1   1   1   1 |     AGC   2   2   2   2   2   2
    ATA   0   0   0   0   0   0 |     ACA   1   1   1   1   1   1 | Lys AAA   2   2   2   2   2   2 | Arg AGA   0   0   0   0   0   0
Met ATG   2   2   2   2   2   2 |     ACG   1   1   1   1   1   1 |     AAG   2   2   2   2   2   2 |     AGG   0   0   0   0   0   0
--------------------------------------------------------------------------------------------------------------------------------------
Val GTT   0   0   0   0   0   0 | Ala GCT   0   0   1   1   1   1 | Asp GAT   1   1   1   1   1   1 | Gly GGT   0   0   0   0   0   0
    GTC   2   2   2   2   2   2 |     GCC   3   3   2   2   2   2 |     GAC   0   0   0   0   0   0 |     GGC   2   2   2   2   2   2
    GTA   1   1   1   1   1   1 |     GCA   0   0   0   0   0   0 | Glu GAA   1   1   1   1   1   1 |     GGA   1   1   1   1   1   1
    GTG   0   0   0   0   0   0 |     GCG   0   0   0   0   0   0 |     GAG   3   3   3   3   3   3 |     GGG   0   0   0   0   0   0
--------------------------------------------------------------------------------------------------------------------------------------

--------------------------------------------------------------------------------------------------------------------------------------
Phe TTT   1   1   1   1   1   1 | Ser TCT   1   1   1   1   1   1 | Tyr TAT   0   0   0   0   0   0 | Cys TGT   0   0   0   0   0   0
    TTC   0   0   0   0   0   0 |     TCC   2   2   2   2   2   2 |     TAC   0   0   0   0   0   0 |     TGC   0   0   0   0   0   0
Leu TTA   0   0   0   0   0   0 |     TCA   0   0   0   0   0   0 | *** TAA   0   0   0   0   0   0 | *** TGA   0   0   0   0   0   0
    TTG   2   2   3   2   1   2 |     TCG   0   0   0   0   0   0 |     TAG   0   0   0   0   0   0 | Trp TGG   0   0   0   0   0   0
--------------------------------------------------------------------------------------------------------------------------------------
Leu CTT   1   1   1   1   0   1 | Pro CCT   0   0   0   0   0   0 | His CAT   0   0   1   0   1   0 | Arg CGT   0   0   0   0   0   0
    CTC   1   1   1   1   2   1 |     CCC   1   1   1   1   1   1 |     CAC   2   2   1   2   1   2 |     CGC   1   1   1   1   1   1
    CTA   0   0   0   0   0   1 |     CCA   0   0   0   0   0   0 | Gln CAA   0   0   0   0   0   0 |     CGA   0   0   0   0   0   0
    CTG   3   3   2   3   4   2 |     CCG   0   0   0   0   0   0 |     CAG   2   2   2   2   2   2 |     CGG   1   1   1   1   1   1
--------------------------------------------------------------------------------------------------------------------------------------
Ile ATT   0   0   0   0   0   0 | Thr ACT   2   2   2   1   2   2 | Asn AAT   0   0   0   0   0   0 | Ser AGT   0   0   0   0   0   0
    ATC   1   1   1   1   1   1 |     ACC   0   0   0   1   0   0 |     AAC   1   1   1   1   1   1 |     AGC   2   2   2   2   2   2
    ATA   0   0   0   0   0   0 |     ACA   1   1   1   1   1   1 | Lys AAA   2   2   2   2   2   2 | Arg AGA   0   0   0   0   0   0
Met ATG   2   2   2   2   2   2 |     ACG   1   1   1   1   1   1 |     AAG   2   2   2   2   2   2 |     AGG   0   0   0   0   0   0
--------------------------------------------------------------------------------------------------------------------------------------
Val GTT   0   0   0   0   0   0 | Ala GCT   1   1   0   1   0   1 | Asp GAT   1   1   1   1   1   1 | Gly GGT   0   0   0   0   0   0
    GTC   2   2   2   2   2   2 |     GCC   2   2   3   2   3   2 |     GAC   0   0   0   0   0   0 |     GGC   2   2   2   2   2   2
    GTA   1   1   1   1   1   1 |     GCA   0   0   0   0   0   0 | Glu GAA   1   1   1   1   1   1 |     GGA   1   1   1   1   1   1
    GTG   0   0   0   0   0   0 |     GCG   0   0   0   0   0   0 |     GAG   3   3   3   3   3   3 |     GGG   0   0   0   0   0   0
--------------------------------------------------------------------------------------------------------------------------------------

--------------------------------------------------------------------------------------------------------------------------------------
Phe TTT   1   1   1   1   1   1 | Ser TCT   1   1   1   1   1   1 | Tyr TAT   0   0   0   0   0   0 | Cys TGT   0   0   0   0   0   0
    TTC   0   0   0   0   0   0 |     TCC   2   2   2   2   2   2 |     TAC   0   0   0   0   0   0 |     TGC   0   0   0   0   0   0
Leu TTA   0   0   0   0   0   0 |     TCA   0   0   0   0   0   0 | *** TAA   0   0   0   0   0   0 | *** TGA   0   0   0   0   0   0
    TTG   2   2   2   2   2   3 |     TCG   0   0   0   0   0   0 |     TAG   0   0   0   0   0   0 | Trp TGG   0   0   0   0   0   0
--------------------------------------------------------------------------------------------------------------------------------------
Leu CTT   1   1   1   1   0   1 | Pro CCT   0   0   0   0   0   0 | His CAT   0   0   0   0   1   1 | Arg CGT   0   0   0   0   0   0
    CTC   1   1   1   1   1   1 |     CCC   1   1   1   1   1   1 |     CAC   2   2   2   2   1   1 |     CGC   1   1   1   1   1   1
    CTA   0   0   0   0   0   0 |     CCA   0   0   0   0   0   0 | Gln CAA   0   0   0   0   0   0 |     CGA   0   0   0   0   0   0
    CTG   3   3   3   3   4   2 |     CCG   0   0   0   0   0   0 |     CAG   2   2   2   2   2   2 |     CGG   1   1   1   1   1   1
--------------------------------------------------------------------------------------------------------------------------------------
Ile ATT   0   0   0   0   0   0 | Thr ACT   2   2   2   2   2   2 | Asn AAT   0   0   0   0   0   0 | Ser AGT   0   0   0   0   0   0
    ATC   1   1   1   1   1   1 |     ACC   0   0   0   0   0   0 |     AAC   1   1   1   1   1   1 |     AGC   2   2   2   2   2   2
    ATA   0   0   0   0   0   0 |     ACA   1   1   1   1   1   1 | Lys AAA   2   2   2   2   2   2 | Arg AGA   0   0   0   0   0   0
Met ATG   2   2   2   2   2   2 |     ACG   1   1   1   1   1   1 |     AAG   2   2   2   2   2   2 |     AGG   0   0   0   0   0   0
--------------------------------------------------------------------------------------------------------------------------------------
Val GTT   0   0   0   0   1   0 | Ala GCT   1   1   1   1   1   0 | Asp GAT   1   1   1   1   1   1 | Gly GGT   0   0   0   0   0   0
    GTC   2   2   2   2   1   2 |     GCC   2   2   2   2   2   3 |     GAC   0   0   0   0   0   0 |     GGC   2   2   2   2   2   2
    GTA   1   1   1   1   1   1 |     GCA   0   0   0   0   0   0 | Glu GAA   1   1   1   1   1   1 |     GGA   1   1   1   1   1   1
    GTG   0   0   0   0   0   0 |     GCG   0   0   0   0   0   0 |     GAG   3   3   3   3   3   3 |     GGG   0   0   0   0   0   0
--------------------------------------------------------------------------------------------------------------------------------------

--------------------------------------------------------------------------------------------------------------------------------------
Phe TTT   1   1   1   1   1   1 | Ser TCT   1   1   1   1   1   1 | Tyr TAT   0   0   0   0   0   0 | Cys TGT   0   0   0   0   0   0
    TTC   0   0   0   0   0   0 |     TCC   2   2   2   2   2   2 |     TAC   0   0   0   0   0   0 |     TGC   0   0   0   0   0   0
Leu TTA   0   0   0   0   0   0 |     TCA   0   0   0   0   0   0 | *** TAA   0   0   0   0   0   0 | *** TGA   0   0   0   0   0   0
    TTG   3   2   3   2   2   2 |     TCG   0   0   0   0   0   0 |     TAG   0   0   0   0   0   0 | Trp TGG   0   0   0   0   0   0
--------------------------------------------------------------------------------------------------------------------------------------
Leu CTT   1   1   1   1   1   1 | Pro CCT   0   0   0   0   0   0 | His CAT   0   0   1   0   0   0 | Arg CGT   0   0   0   0   0   0
    CTC   1   1   1   1   1   1 |     CCC   1   1   1   1   1   1 |     CAC   2   2   1   2   2   2 |     CGC   1   1   1   1   1   1
    CTA   0   0   0   0   0   0 |     CCA   0   0   0   0   0   0 | Gln CAA   0   0   0   0   0   0 |     CGA   0   0   0   0   0   0
    CTG   2   3   2   3   3   3 |     CCG   0   0   0   0   0   0 |     CAG   2   2   2   2   2   2 |     CGG   1   1   1   1   1   1
--------------------------------------------------------------------------------------------------------------------------------------
Ile ATT   0   0   0   0   0   0 | Thr ACT   2   2   2   2   2   1 | Asn AAT   0   0   0   0   0   0 | Ser AGT   0   0   0   0   0   0
    ATC   1   1   1   1   1   1 |     ACC   0   0   0   0   0   0 |     AAC   1   1   1   1   1   1 |     AGC   2   2   2   2   2   2
    ATA   0   0   0   0   0   0 |     ACA   1   1   1   1   1   1 | Lys AAA   2   2   2   2   2   2 | Arg AGA   0   0   0   0   0   0
Met ATG   2   2   2   2   2   2 |     ACG   1   1   1   1   1   2 |     AAG   2   2   2   2   2   2 |     AGG   0   0   0   0   0   0
--------------------------------------------------------------------------------------------------------------------------------------
Val GTT   0   0   0   0   0   0 | Ala GCT   0   1   0   0   1   1 | Asp GAT   1   1   1   1   1   1 | Gly GGT   0   0   0   0   0   0
    GTC   2   2   2   2   2   2 |     GCC   3   2   3   3   2   2 |     GAC   0   0   0   0   0   0 |     GGC   2   2   2   2   2   2
    GTA   1   1   1   1   1   1 |     GCA   0   0   0   0   0   0 | Glu GAA   1   1   1   1   1   1 |     GGA   1   1   1   1   1   1
    GTG   0   0   0   0   0   0 |     GCG   0   0   0   0   0   0 |     GAG   3   3   3   3   3   3 |     GGG   0   0   0   0   0   0
--------------------------------------------------------------------------------------------------------------------------------------

--------------------------------------------------------------------------------------------------------------------------------------
Phe TTT   1   1   1   1   1   1 | Ser TCT   1   1   1   1   1   1 | Tyr TAT   0   0   0   0   0   0 | Cys TGT   0   0   0   0   0   0
    TTC   0   0   0   0   0   0 |     TCC   2   2   2   2   2   2 |     TAC   0   0   0   0   0   0 |     TGC   0   0   0   0   0   0
Leu TTA   0   0   0   0   0   0 |     TCA   0   0   0   0   0   0 | *** TAA   0   0   0   0   0   0 | *** TGA   0   0   0   0   0   0
    TTG   2   2   2   1   2   2 |     TCG   0   0   0   0   0   0 |     TAG   0   0   0   0   0   0 | Trp TGG   0   0   0   0   0   0
--------------------------------------------------------------------------------------------------------------------------------------
Leu CTT   1   1   1   1   1   1 | Pro CCT   1   0   0   0   0   0 | His CAT   0   0   0   0   0   0 | Arg CGT   0   0   0   0   0   0
    CTC   1   1   1   1   1   1 |     CCC   0   1   1   1   1   1 |     CAC   2   2   2   2   2   2 |     CGC   1   1   1   1   1   1
    CTA   0   0   0   0   0   0 |     CCA   0   0   0   0   0   0 | Gln CAA   0   0   0   0   0   0 |     CGA   0   0   0   0   0   0
    CTG   3   3   3   4   3   3 |     CCG   0   0   0   0   0   0 |     CAG   2   2   2   2   2   2 |     CGG   1   1   1   1   1   1
--------------------------------------------------------------------------------------------------------------------------------------
Ile ATT   0   0   0   0   0   0 | Thr ACT   2   2   2   2   2   2 | Asn AAT   0   0   0   0   0   0 | Ser AGT   0   0   0   0   0   0
    ATC   1   1   1   1   1   1 |     ACC   0   0   0   0   0   0 |     AAC   1   1   1   1   1   1 |     AGC   2   2   2   2   2   2
    ATA   0   0   0   0   0   0 |     ACA   1   1   1   2   1   1 | Lys AAA   2   2   2   2   2   2 | Arg AGA   0   0   0   0   0   0
Met ATG   2   2   2   2   2   2 |     ACG   1   1   1   0   1   1 |     AAG   2   2   2   2   2   2 |     AGG   0   0   0   0   0   0
--------------------------------------------------------------------------------------------------------------------------------------
Val GTT   0   0   0   0   0   0 | Ala GCT   1   1   1   1   1   1 | Asp GAT   1   1   1   1   1   1 | Gly GGT   0   0   0   0   0   0
    GTC   2   2   2   2   2   2 |     GCC   2   2   2   2   2   2 |     GAC   0   0   0   0   0   0 |     GGC   2   2   2   2   2   2
    GTA   1   1   1   1   1   1 |     GCA   0   0   0   0   0   0 | Glu GAA   1   1   1   1   1   1 |     GGA   1   1   1   1   1   1
    GTG   0   0   0   0   0   0 |     GCG   0   0   0   0   0   0 |     GAG   3   3   3   3   3   3 |     GGG   0   0   0   0   0   0
--------------------------------------------------------------------------------------------------------------------------------------

Codon position x base (3x4) table for each sequence.

#1: Argali         
position  1:    T:0.13043    C:0.26087    A:0.30435    G:0.30435
position  2:    T:0.30435    C:0.23913    A:0.30435    G:0.15217
position  3:    T:0.15217    C:0.39130    A:0.10870    G:0.34783
Average         T:0.19565    C:0.29710    A:0.23913    G:0.26812

#2: LesserMouseDeer
position  1:    T:0.13043    C:0.28261    A:0.28261    G:0.30435
position  2:    T:0.28261    C:0.23913    A:0.30435    G:0.17391
position  3:    T:0.15217    C:0.36957    A:0.13043    G:0.34783
Average         T:0.18841    C:0.29710    A:0.23913    G:0.27536

#3: LesserKudu     
position  1:    T:0.13043    C:0.26087    A:0.30435    G:0.30435
position  2:    T:0.30435    C:0.23913    A:0.30435    G:0.15217
position  3:    T:0.15217    C:0.36957    A:0.13043    G:0.34783
Average         T:0.19565    C:0.28986    A:0.24638    G:0.26812

#4: ForestMuskDeer2
position  1:    T:0.10870    C:0.28261    A:0.30435    G:0.30435
position  2:    T:0.30435    C:0.23913    A:0.30435    G:0.15217
position  3:    T:0.15217    C:0.36957    A:0.15217    G:0.32609
Average         T:0.18841    C:0.29710    A:0.25362    G:0.26087

#5: Camel          
position  1:    T:0.13043    C:0.26087    A:0.30435    G:0.30435
position  2:    T:0.30435    C:0.23913    A:0.30435    G:0.15217
position  3:    T:0.15217    C:0.36957    A:0.10870    G:0.36957
Average         T:0.19565    C:0.28986    A:0.23913    G:0.27536

#6: KillerWhale    
position  1:    T:0.13043    C:0.26087    A:0.30435    G:0.30435
position  2:    T:0.30435    C:0.23913    A:0.30435    G:0.15217
position  3:    T:0.13043    C:0.39130    A:0.10870    G:0.36957
Average         T:0.18841    C:0.29710    A:0.23913    G:0.27536

#7: DefassaWaterbuck
position  1:    T:0.13043    C:0.26087    A:0.30435    G:0.30435
position  2:    T:0.30435    C:0.23913    A:0.30435    G:0.15217
position  3:    T:0.15217    C:0.36957    A:0.13043    G:0.34783
Average         T:0.19565    C:0.28986    A:0.24638    G:0.26812

#8: Sheep          
position  1:    T:0.13043    C:0.26087    A:0.30435    G:0.30435
position  2:    T:0.30435    C:0.23913    A:0.30435    G:0.15217
position  3:    T:0.15217    C:0.36957    A:0.13043    G:0.34783
Average         T:0.19565    C:0.28986    A:0.24638    G:0.26812

#9: MaxwellsDuiker 
position  1:    T:0.13043    C:0.26087    A:0.30435    G:0.30435
position  2:    T:0.30435    C:0.23913    A:0.30435    G:0.15217
position  3:    T:0.13043    C:0.39130    A:0.13043    G:0.34783
Average         T:0.18841    C:0.29710    A:0.24638    G:0.26812

#10: GazellaPrzewalskyi
position  1:    T:0.13043    C:0.26087    A:0.30435    G:0.30435
position  2:    T:0.30435    C:0.23913    A:0.30435    G:0.15217
position  3:    T:0.15217    C:0.36957    A:0.13043    G:0.34783
Average         T:0.19565    C:0.28986    A:0.24638    G:0.26812

#11: MountainNyala  
position  1:    T:0.13043    C:0.26087    A:0.30435    G:0.30435
position  2:    T:0.30435    C:0.23913    A:0.30435    G:0.15217
position  3:    T:0.15217    C:0.36957    A:0.13043    G:0.34783
Average         T:0.19565    C:0.28986    A:0.24638    G:0.26812

#12: MuntiacusMuntjak
position  1:    T:0.15217    C:0.23913    A:0.30435    G:0.30435
position  2:    T:0.30435    C:0.23913    A:0.30435    G:0.15217
position  3:    T:0.15217    C:0.36957    A:0.13043    G:0.34783
Average         T:0.20290    C:0.28261    A:0.24638    G:0.26812

#13: goat           
position  1:    T:0.13043    C:0.26087    A:0.30435    G:0.30435
position  2:    T:0.30435    C:0.23913    A:0.30435    G:0.15217
position  3:    T:0.15217    C:0.36957    A:0.13043    G:0.34783
Average         T:0.19565    C:0.28986    A:0.24638    G:0.26812

#14: AfricanBuffalo 
position  1:    T:0.13043    C:0.26087    A:0.30435    G:0.30435
position  2:    T:0.30435    C:0.23913    A:0.30435    G:0.15217
position  3:    T:0.15217    C:0.36957    A:0.13043    G:0.34783
Average         T:0.19565    C:0.28986    A:0.24638    G:0.26812

#15: Topi           
position  1:    T:0.13043    C:0.26087    A:0.30435    G:0.30435
position  2:    T:0.30435    C:0.23913    A:0.30435    G:0.15217
position  3:    T:0.15217    C:0.36957    A:0.17391    G:0.30435
Average         T:0.19565    C:0.28986    A:0.26087    G:0.25362

#16: CommonDuiker   
position  1:    T:0.13043    C:0.26087    A:0.30435    G:0.30435
position  2:    T:0.30435    C:0.23913    A:0.30435    G:0.15217
position  3:    T:0.10870    C:0.41304    A:0.13043    G:0.34783
Average         T:0.18116    C:0.30435    A:0.24638    G:0.26812

#17: Suni           
position  1:    T:0.10870    C:0.28261    A:0.30435    G:0.30435
position  2:    T:0.30435    C:0.23913    A:0.30435    G:0.15217
position  3:    T:0.15217    C:0.36957    A:0.13043    G:0.34783
Average         T:0.18841    C:0.29710    A:0.24638    G:0.26812

#18: Springbuck     
position  1:    T:0.13043    C:0.26087    A:0.30435    G:0.30435
position  2:    T:0.30435    C:0.23913    A:0.30435    G:0.15217
position  3:    T:0.15217    C:0.39130    A:0.13043    G:0.32609
Average         T:0.19565    C:0.29710    A:0.24638    G:0.26087

#19: Okapi          
position  1:    T:0.13043    C:0.26087    A:0.30435    G:0.30435
position  2:    T:0.30435    C:0.23913    A:0.30435    G:0.15217
position  3:    T:0.15217    C:0.36957    A:0.13043    G:0.34783
Average         T:0.19565    C:0.28986    A:0.24638    G:0.26812

#20: Giraffe        
position  1:    T:0.13043    C:0.26087    A:0.30435    G:0.30435
position  2:    T:0.30435    C:0.23913    A:0.30435    G:0.15217
position  3:    T:0.17391    C:0.34783    A:0.13043    G:0.34783
Average         T:0.20290    C:0.28261    A:0.24638    G:0.26812

#21: TibetanAntelope
position  1:    T:0.15217    C:0.23913    A:0.30435    G:0.30435
position  2:    T:0.30435    C:0.23913    A:0.30435    G:0.15217
position  3:    T:0.17391    C:0.34783    A:0.15217    G:0.32609
Average         T:0.21014    C:0.27536    A:0.25362    G:0.26087

#22: Sitatunga      
position  1:    T:0.13043    C:0.26087    A:0.30435    G:0.30435
position  2:    T:0.30435    C:0.23913    A:0.30435    G:0.15217
position  3:    T:0.15217    C:0.36957    A:0.13043    G:0.34783
Average         T:0.19565    C:0.28986    A:0.24638    G:0.26812

#23: Oribi          
position  1:    T:0.13043    C:0.26087    A:0.30435    G:0.30435
position  2:    T:0.30435    C:0.23913    A:0.30435    G:0.15217
position  3:    T:0.17391    C:0.34783    A:0.13043    G:0.34783
Average         T:0.20290    C:0.28261    A:0.24638    G:0.26812

#24: BarbarySheep   
position  1:    T:0.13043    C:0.26087    A:0.30435    G:0.30435
position  2:    T:0.30435    C:0.23913    A:0.30435    G:0.15217
position  3:    T:0.15217    C:0.34783    A:0.13043    G:0.36957
Average         T:0.19565    C:0.28261    A:0.24638    G:0.27536

#25: Daviddeer      
position  1:    T:0.15217    C:0.23913    A:0.30435    G:0.30435
position  2:    T:0.30435    C:0.23913    A:0.30435    G:0.15217
position  3:    T:0.13043    C:0.39130    A:0.13043    G:0.34783
Average         T:0.19565    C:0.28986    A:0.24638    G:0.26812

#26: Reindeer       
position  1:    T:0.15217    C:0.23913    A:0.30435    G:0.30435
position  2:    T:0.30435    C:0.23913    A:0.30435    G:0.15217
position  3:    T:0.13043    C:0.39130    A:0.13043    G:0.34783
Average         T:0.19565    C:0.28986    A:0.24638    G:0.26812

#27: Ibex           
position  1:    T:0.13043    C:0.26087    A:0.30435    G:0.30435
position  2:    T:0.30435    C:0.23913    A:0.30435    G:0.15217
position  3:    T:0.15217    C:0.36957    A:0.13043    G:0.34783
Average         T:0.19565    C:0.28986    A:0.24638    G:0.26812

#28: GyrantGazelle  
position  1:    T:0.13043    C:0.26087    A:0.30435    G:0.30435
position  2:    T:0.30435    C:0.23913    A:0.30435    G:0.15217
position  3:    T:0.15217    C:0.36957    A:0.13043    G:0.34783
Average         T:0.19565    C:0.28986    A:0.24638    G:0.26812

#29: Hartebeest     
position  1:    T:0.13043    C:0.26087    A:0.30435    G:0.30435
position  2:    T:0.30435    C:0.23913    A:0.30435    G:0.15217
position  3:    T:0.15217    C:0.36957    A:0.15217    G:0.32609
Average         T:0.19565    C:0.28986    A:0.25362    G:0.26087

#30: Bongo          
position  1:    T:0.13043    C:0.26087    A:0.30435    G:0.30435
position  2:    T:0.30435    C:0.23913    A:0.30435    G:0.15217
position  3:    T:0.15217    C:0.36957    A:0.13043    G:0.34783
Average         T:0.19565    C:0.28986    A:0.24638    G:0.26812

#31: Gerenuk        
position  1:    T:0.13043    C:0.26087    A:0.30435    G:0.30435
position  2:    T:0.30435    C:0.23913    A:0.30435    G:0.15217
position  3:    T:0.15217    C:0.36957    A:0.13043    G:0.34783
Average         T:0.19565    C:0.28986    A:0.24638    G:0.26812

#32: CommonEland    
position  1:    T:0.13043    C:0.26087    A:0.30435    G:0.30435
position  2:    T:0.30435    C:0.23913    A:0.30435    G:0.15217
position  3:    T:0.15217    C:0.36957    A:0.13043    G:0.34783
Average         T:0.19565    C:0.28986    A:0.24638    G:0.26812

#33: MuntiacusReevesi
position  1:    T:0.15217    C:0.23913    A:0.30435    G:0.30435
position  2:    T:0.30435    C:0.23913    A:0.30435    G:0.15217
position  3:    T:0.15217    C:0.36957    A:0.13043    G:0.34783
Average         T:0.20290    C:0.28261    A:0.24638    G:0.26812

#34: HarveysDuiker  
position  1:    T:0.13043    C:0.26087    A:0.30435    G:0.30435
position  2:    T:0.30435    C:0.23913    A:0.30435    G:0.15217
position  3:    T:0.13043    C:0.39130    A:0.13043    G:0.34783
Average         T:0.18841    C:0.29710    A:0.24638    G:0.26812

#35: Pronghorn      
position  1:    T:0.10870    C:0.28261    A:0.30435    G:0.30435
position  2:    T:0.30435    C:0.23913    A:0.30435    G:0.15217
position  3:    T:0.13043    C:0.39130    A:0.13043    G:0.34783
Average         T:0.18116    C:0.30435    A:0.24638    G:0.26812

#36: BlueWildebeest 
position  1:    T:0.13043    C:0.26087    A:0.30435    G:0.30435
position  2:    T:0.30435    C:0.23913    A:0.30435    G:0.15217
position  3:    T:0.15217    C:0.36957    A:0.15217    G:0.32609
Average         T:0.19565    C:0.28986    A:0.25362    G:0.26087

#37: Gemsbok        
position  1:    T:0.13043    C:0.26087    A:0.30435    G:0.30435
position  2:    T:0.30435    C:0.23913    A:0.30435    G:0.15217
position  3:    T:0.15217    C:0.36957    A:0.13043    G:0.34783
Average         T:0.19565    C:0.28986    A:0.24638    G:0.26812

#38: Yak            
position  1:    T:0.13043    C:0.26087    A:0.30435    G:0.30435
position  2:    T:0.30435    C:0.23913    A:0.30435    G:0.15217
position  3:    T:0.15217    C:0.36957    A:0.13043    G:0.34783
Average         T:0.19565    C:0.28986    A:0.24638    G:0.26812

#39: BlueSheep      
position  1:    T:0.13043    C:0.26087    A:0.30435    G:0.30435
position  2:    T:0.30435    C:0.23913    A:0.30435    G:0.15217
position  3:    T:0.15217    C:0.36957    A:0.13043    G:0.34783
Average         T:0.19565    C:0.28986    A:0.24638    G:0.26812

#40: BohorReedbuck  
position  1:    T:0.13043    C:0.26087    A:0.30435    G:0.30435
position  2:    T:0.30435    C:0.23913    A:0.30435    G:0.15217
position  3:    T:0.15217    C:0.36957    A:0.13043    G:0.34783
Average         T:0.19565    C:0.28986    A:0.24638    G:0.26812

#41: KirksDik       
position  1:    T:0.13043    C:0.26087    A:0.30435    G:0.30435
position  2:    T:0.30435    C:0.23913    A:0.30435    G:0.15217
position  3:    T:0.17391    C:0.32609    A:0.13043    G:0.36957
Average         T:0.20290    C:0.27536    A:0.24638    G:0.27536

#42: RoeDeer        
position  1:    T:0.15217    C:0.23913    A:0.30435    G:0.30435
position  2:    T:0.30435    C:0.23913    A:0.30435    G:0.15217
position  3:    T:0.15217    C:0.36957    A:0.13043    G:0.34783
Average         T:0.20290    C:0.28261    A:0.24638    G:0.26812

#43: WhiteLippedDeer
position  1:    T:0.15217    C:0.23913    A:0.30435    G:0.30435
position  2:    T:0.30435    C:0.23913    A:0.30435    G:0.15217
position  3:    T:0.13043    C:0.39130    A:0.13043    G:0.34783
Average         T:0.19565    C:0.28986    A:0.24638    G:0.26812

#44: ThomsonGazelle 
position  1:    T:0.13043    C:0.26087    A:0.30435    G:0.30435
position  2:    T:0.30435    C:0.23913    A:0.30435    G:0.15217
position  3:    T:0.15217    C:0.36957    A:0.13043    G:0.34783
Average         T:0.19565    C:0.28986    A:0.24638    G:0.26812

#45: MuntiacusCrinifrons
position  1:    T:0.15217    C:0.23913    A:0.30435    G:0.30435
position  2:    T:0.30435    C:0.23913    A:0.30435    G:0.15217
position  3:    T:0.15217    C:0.36957    A:0.13043    G:0.34783
Average         T:0.20290    C:0.28261    A:0.24638    G:0.26812

#46: WhiteTailedDeer
position  1:    T:0.13043    C:0.26087    A:0.30435    G:0.30435
position  2:    T:0.30435    C:0.23913    A:0.30435    G:0.15217
position  3:    T:0.13043    C:0.39130    A:0.13043    G:0.34783
Average         T:0.18841    C:0.29710    A:0.24638    G:0.26812

#47: Cattle         
position  1:    T:0.13043    C:0.26087    A:0.30435    G:0.30435
position  2:    T:0.30435    C:0.23913    A:0.30435    G:0.15217
position  3:    T:0.15217    C:0.36957    A:0.13043    G:0.34783
Average         T:0.19565    C:0.28986    A:0.24638    G:0.26812

#48: RoyalAntelope  
position  1:    T:0.13043    C:0.26087    A:0.30435    G:0.30435
position  2:    T:0.30435    C:0.23913    A:0.30435    G:0.15217
position  3:    T:0.13043    C:0.36957    A:0.13043    G:0.36957
Average         T:0.18841    C:0.28986    A:0.24638    G:0.27536

#49: Steenbok       
position  1:    T:0.13043    C:0.26087    A:0.30435    G:0.30435
position  2:    T:0.30435    C:0.23913    A:0.30435    G:0.15217
position  3:    T:0.17391    C:0.34783    A:0.13043    G:0.34783
Average         T:0.20290    C:0.28261    A:0.24638    G:0.26812

#50: Impala         
position  1:    T:0.13043    C:0.26087    A:0.30435    G:0.30435
position  2:    T:0.30435    C:0.23913    A:0.30435    G:0.15217
position  3:    T:0.15217    C:0.36957    A:0.13043    G:0.34783
Average         T:0.19565    C:0.28986    A:0.24638    G:0.26812

#51: Klipspringer   
position  1:    T:0.13043    C:0.26087    A:0.30435    G:0.30435
position  2:    T:0.30435    C:0.23913    A:0.30435    G:0.15217
