1
52 1
Argali 0.000000 0.182500 0.040800 0.127800 0.071700 0.000000 0.040800 0.050700 0.051700 0.105400 0.009900 0.041100 0.009900 0.040900 0.061800 0.071800 0.040900 0.041200 0.010000 0.051600 0.061500 0.009800 0.084400 0.084400 0.009900 0.050800 0.009900 0.041000 0.061000 0.051500 0.105300 0.040900 0.062000 0.010000 0.000100 0.073300 0.009900 0.081800 0.040800 0.084700 0.073300 0.061600 0.083800 0.073500 0.084400 0.052100 0.030700 0.051600 0.030500 0.041000 0.041000 0.040800
LesserMous 0.182500 0.000000 0.182700 0.260200 0.193100 0.182500 0.183500 0.193200 0.172100 0.222600 0.195700 0.159800 0.195000 0.184300 0.195900 0.193700 0.158700 0.135500 0.197700 0.172000 0.207600 0.192600 0.212800 0.212500 0.195900 0.193500 0.195000 0.183900 0.205300 0.196600 0.235200 0.184400 0.158400 0.196200 0.181000 0.198300 0.195500 0.229700 0.183700 0.212700 0.198700 0.207600 0.210600 0.199400 0.212100 0.200400 0.172800 0.172200 0.196000 0.159700 0.183700 0.182700
LesserKudu 0.040800 0.182700 0.000000 0.128200 0.071900 0.040800 0.061900 0.071800 0.010100 0.092000 0.040800 0.020200 0.051300 0.062100 0.083500 0.093500 0.041000 0.041300 0.051600 0.010100 0.083000 0.050800 0.069200 0.059600 0.040900 0.071900 0.051300 0.000100 0.082300 0.009700 0.091800 0.062200 0.062300 0.051500 0.040500 0.051600 0.051300 0.103600 0.062000 0.069700 0.058500 0.083100 0.069900 0.048700 0.062300 0.073900 0.051800 0.073100 0.051400 0.041200 0.000000 0.000000
KillerWhal 0.127800 0.260200 0.128200 0.000000 0.137800 0.127800 0.151100 0.161100 0.140800 0.150900 0.139600 0.129100 0.139500 0.151600 0.174900 0.184800 0.128300 0.129300 0.140700 0.140500 0.173700 0.137900 0.177100 0.152700 0.139700 0.161200 0.139500 0.128900 0.172300 0.140200 0.150700 0.151600 0.151800 0.140200 0.126800 0.164700 0.139400 0.170100 0.151300 0.153200 0.140900 0.174000 0.128400 0.141000 0.177100 0.161000 0.140700 0.163900 0.139600 0.129000 0.128800 0.128200
DefassaWat 0.071700 0.193100 0.071900 0.137800 0.000000 0.071700 0.071900 0.060700 0.083300 0.115700 0.082500 0.051200 0.082400 0.072100 0.093400 0.082000 0.051000 0.051300 0.083100 0.061700 0.071600 0.081500 0.094800 0.094600 0.082600 0.060800 0.082400 0.072300 0.071100 0.082900 0.115600 0.072200 0.051000 0.082800 0.071100 0.083500 0.082500 0.029100 0.072000 0.095000 0.083600 0.071700 0.094100 0.083700 0.094700 0.084000 0.061800 0.083100 0.082600 0.051200 0.072200 0.071900
Sheep 0.000000 0.182500 0.040800 0.127800 0.071700 0.000000 0.040800 0.050700 0.051700 0.105400 0.009900 0.041100 0.009900 0.040900 0.061800 0.071800 0.040900 0.041200 0.010000 0.051600 0.061500 0.009800 0.084400 0.084400 0.009600 0.050800 0.009900 0.041000 0.061000 0.051500 0.105300 0.040900 0.062000 0.010000 0.000100 0.073300 0.009900 0.081800 0.040800 0.084700 0.073300 0.061600 0.083800 0.073500 0.084400 0.052100 0.030700 0.051600 0.030500 0.041000 0.041000 0.040800
MaxwellsDu 0.040800 0.183500 0.061900 0.151100 0.071900 0.040800 0.000000 0.050900 0.073300 0.105900 0.051400 0.041200 0.051300 0.020400 0.062000 0.072100 0.041000 0.041300 0.051700 0.051600 0.061800 0.050700 0.084800 0.084700 0.051400 0.051000 0.051300 0.062300 0.061200 0.073000 0.105700 0.020400 0.062200 0.051500 0.040500 0.073600 0.051300 0.082100 0.020300 0.085000 0.073600 0.061800 0.084200 0.073700 0.084800 0.052300 0.030800 0.051800 0.051400 0.041200 0.062200 0.061900
GazellaPrz 0.050700 0.193200 0.071800 0.161100 0.060700 0.050700 0.050900 0.000000 0.083300 0.115800 0.061300 0.051200 0.050700 0.051000 0.072000 0.019900 0.050900 0.051300 0.061700 0.061700 0.009900 0.060600 0.094800 0.094600 0.061400 0.000000 0.050700 0.072200 0.009900 0.082900 0.115600 0.051100 0.072100 0.051000 0.050300 0.083500 0.061300 0.070800 0.050900 0.095000 0.083600 0.009900 0.094100 0.083700 0.094700 0.062400 0.040800 0.040700 0.061300 0.051000 0.072200 0.071800
MountainNy 0.051700 0.172100 0.010100 0.140800 0.083300 0.051700 0.073300 0.083300 0.000000 0.104300 0.051800 0.030800 0.062400 0.073600 0.095400 0.105300 0.052000 0.052400 0.062900 0.020400 0.094800 0.061800 0.081400 0.071300 0.051800 0.083400 0.062400 0.010100 0.093900 0.020400 0.104100 0.073700 0.073700 0.062700 0.051300 0.062800 0.062500 0.115600 0.073500 0.081800 0.070300 0.094900 0.081700 0.060300 0.073800 0.085700 0.063100 0.084900 0.062600 0.052300 0.010100 0.010100
MuntiacusM 0.105400 0.222600 0.092000 0.150900 0.115700 0.105400 0.105900 0.115800 0.104300 0.000000 0.116800 0.081500 0.116800 0.106200 0.128400 0.138800 0.083900 0.084500 0.117700 0.082400 0.127900 0.115400 0.084800 0.062600 0.117000 0.115900 0.116800 0.092800 0.126800 0.103900 0.040700 0.106300 0.105000 0.117400 0.104700 0.092900 0.116800 0.148800 0.105900 0.062800 0.051800 0.127900 0.020200 0.073700 0.104700 0.096500 0.095600 0.117800 0.117000 0.084300 0.092800 0.092000
goat 0.009900 0.195700 0.040800 0.139600 0.082500 0.009900 0.051400 0.061300 0.051800 0.116800 0.000000 0.041100 0.020000 0.051500 0.072700 0.082700 0.051500 0.051900 0.020200 0.051600 0.072300 0.019800 0.095700 0.073600 0.000000 0.061300 0.020000 0.041000 0.071700 0.051500 0.116700 0.051600 0.072900 0.020100 0.009900 0.073400 0.020000 0.092700 0.051400 0.096000 0.084500 0.072400 0.095000 0.062800 0.084500 0.063000 0.041200 0.062400 0.040900 0.051700 0.041000 0.040800
AfricanBuf 0.041100 0.159800 0.020200 0.129100 0.051200 0.041100 0.041200 0.051200 0.030800 0.081500 0.041100 0.000000 0.051700 0.041400 0.062500 0.072600 0.020500 0.020600 0.052100 0.010100 0.062100 0.051100 0.058600 0.048900 0.041200 0.051300 0.051700 0.020300 0.061600 0.030500 0.081300 0.041400 0.041400 0.051900 0.040800 0.030900 0.051700 0.082600 0.041300 0.058900 0.047700 0.062200 0.059300 0.038000 0.041500 0.052700 0.031100 0.052200 0.051800 0.020600 0.020300 0.020200
Topi 0.009900 0.195000 0.051300 0.139500 0.082400 0.009900 0.051300 0.050700 0.062400 0.116800 0.020000 0.051700 0.000000 0.051500 0.072600 0.071900 0.051400 0.051700 0.020200 0.062200 0.061600 0.019800 0.095500 0.095600 0.020000 0.050800 0.000000 0.051600 0.061100 0.062100 0.116700 0.051500 0.072800 0.000000 0.009900 0.084300 0.020000 0.092600 0.051300 0.095900 0.084400 0.061700 0.094900 0.084500 0.095500 0.062800 0.041100 0.051600 0.040800 0.051600 0.051500 0.051300
CommonDuik 0.040900 0.184300 0.062100 0.151600 0.072100 0.040900 0.020400 0.051000 0.073600 0.106200 0.051500 0.041400 0.051500 0.000000 0.062200 0.072400 0.041100 0.041500 0.051900 0.051900 0.062000 0.050900 0.085100 0.085100 0.051600 0.051100 0.051500 0.062500 0.061500 0.073200 0.106000 0.020400 0.062400 0.051700 0.040600 0.073900 0.051500 0.082300 0.041100 0.085300 0.073900 0.062000 0.084500 0.074000 0.085100 0.052500 0.030900 0.052000 0.051600 0.041400 0.062400 0.062100
Suni 0.061800 0.195900 0.083500 0.174900 0.093400 0.061800 0.062000 0.072000 0.095400 0.128400 0.072700 0.062500 0.072600 0.062200 0.000000 0.093700 0.062200 0.062600 0.073200 0.073200 0.083200 0.071800 0.104400 0.107000 0.072800 0.072100 0.072600 0.084000 0.082500 0.094900 0.128300 0.062300 0.083900 0.072900 0.061400 0.095600 0.072700 0.103700 0.062100 0.107400 0.095700 0.083300 0.106300 0.095900 0.107100 0.074000 0.051900 0.072600 0.072800 0.062400 0.083900 0.083500
Springbuck 0.071800 0.193700 0.093500 0.184800 0.082000 0.071800 0.072100 0.019900 0.105300 0.138800 0.082700 0.072600 0.071900 0.072400 0.093700 0.000000 0.072100 0.072700 0.083300 0.083200 0.030200 0.081800 0.117500 0.095000 0.082800 0.019900 0.071900 0.093900 0.009900 0.104900 0.138500 0.072400 0.093800 0.072200 0.071400 0.105700 0.082700 0.092200 0.072200 0.117500 0.105800 0.030200 0.116500 0.106000 0.117200 0.084200 0.062000 0.040700 0.082700 0.072500 0.093800 0.093500
Okapi 0.040900 0.158700 0.041000 0.128300 0.051000 0.040900 0.041000 0.050900 0.052000 0.083900 0.051500 0.020500 0.051400 0.041100 0.062200 0.072100 0.000000 0.020400 0.051900 0.030800 0.061800 0.050800 0.063000 0.063000 0.051500 0.051000 0.051400 0.041200 0.061300 0.051700 0.083800 0.041200 0.041200 0.051600 0.040600 0.052200 0.051400 0.071600 0.041100 0.063300 0.052200 0.061900 0.062600 0.052300 0.063100 0.052400 0.030900 0.051900 0.051500 0.020400 0.041200 0.041000
Giraffe 0.041200 0.135500 0.041300 0.129300 0.051300 0.041200 0.041300 0.051300 0.052400 0.084500 0.051900 0.020600 0.051700 0.041500 0.062600 0.072700 0.020400 0.000000 0.052300 0.031100 0.062300 0.051200 0.063500 0.063500 0.051900 0.051400 0.051700 0.041500 0.061700 0.052100 0.084400 0.041500 0.020500 0.052000 0.040900 0.052600 0.051800 0.082800 0.041400 0.063800 0.052600 0.062400 0.063100 0.052700 0.063600 0.052800 0.031100 0.052300 0.052000 0.020600 0.041500 0.041300
TibetanAnt 0.010000 0.197700 0.051600 0.140700 0.083100 0.010000 0.051700 0.061700 0.062900 0.117700 0.020200 0.052100 0.020200 0.051900 0.073200 0.083300 0.051900 0.052300 0.000000 0.062700 0.072800 0.019900 0.096400 0.096300 0.020200 0.061800 0.020200 0.051900 0.072200 0.062600 0.117600 0.051900 0.073500 0.020300 0.009900 0.084900 0.020100 0.093300 0.051800 0.096600 0.085000 0.072900 0.095700 0.085200 0.096300 0.063400 0.041500 0.062800 0.041200 0.052000 0.051900 0.051600
Sitatunga 0.051600 0.172000 0.010100 0.140500 0.061700 0.051600 0.051600 0.061700 0.020400 0.082400 0.051600 0.010100 0.062200 0.051900 0.073200 0.083200 0.030800 0.031100 0.062700 0.000000 0.072800 0.061600 0.059200 0.049500 0.051700 0.061800 0.062200 0.010100 0.072100 0.020300 0.082200 0.052000 0.052000 0.062500 0.051200 0.041300 0.062300 0.093400 0.051800 0.059700 0.048600 0.072900 0.060300 0.038800 0.052100 0.063500 0.041500 0.062800 0.062500 0.031000 0.010100 0.010100
Oribi 0.061500 0.207600 0.083000 0.173700 0.071600 0.061500 0.061800 0.009900 0.094800 0.127900 0.072300 0.062100 0.061600 0.062000 0.083200 0.030200 0.061800 0.062300 0.072800 0.072800 0.000000 0.071400 0.106600 0.106500 0.072400 0.009900 0.061600 0.083400 0.019900 0.072500 0.127600 0.062000 0.083400 0.061900 0.061100 0.095000 0.072300 0.081800 0.061800 0.106700 0.095100 0.020100 0.105800 0.095300 0.106400 0.073700 0.051600 0.051400 0.072400 0.062100 0.083400 0.083000
BarbaryShe 0.009800 0.192600 0.050800 0.137900 0.081500 0.009800 0.050700 0.060600 0.061800 0.115400 0.019800 0.051100 0.019800 0.050900 0.071800 0.081800 0.050800 0.051200 0.019900 0.061600 0.071400 0.000000 0.094500 0.094600 0.019800 0.060600 0.019800 0.051000 0.070900 0.061500 0.115300 0.050900 0.072100 0.019900 0.009800 0.083400 0.019800 0.091600 0.050800 0.094800 0.083400 0.071500 0.093900 0.083600 0.094500 0.062200 0.040700 0.061600 0.040400 0.051100 0.051000 0.050800
Daviddeer 0.084400 0.212800 0.069200 0.177100 0.094800 0.084400 0.084800 0.094800 0.081400 0.084800 0.095700 0.058600 0.095500 0.085100 0.104400 0.117500 0.063000 0.063500 0.096400 0.059200 0.106600 0.094500 0.000000 0.063500 0.095800 0.094900 0.095500 0.069800 0.105600 0.081100 0.084600 0.085200 0.085000 0.096000 0.083800 0.070100 0.095600 0.127500 0.084900 0.063700 0.041900 0.106700 0.063200 0.074800 0.081900 0.075200 0.052500 0.096600 0.095800 0.063400 0.069900 0.069200
Reindeer 0.084400 0.212500 0.059600 0.152700 0.094600 0.084400 0.084700 0.094600 0.071300 0.062600 0.073600 0.048900 0.095600 0.085100 0.107000 0.095000 0.063000 0.063500 0.096300 0.049500 0.106500 0.094600 0.063500 0.000000 0.073700 0.094800 0.095600 0.060000 0.083500 0.071200 0.062500 0.085200 0.085000 0.096000 0.083900 0.060300 0.095600 0.127300 0.084800 0.041900 0.031100 0.106500 0.041500 0.031300 0.071900 0.075100 0.074400 0.096500 0.095900 0.063300 0.060100 0.059600
Ibex 0.009900 0.195900 0.040900 0.139700 0.082600 0.009600 0.051400 0.061400 0.051800 0.117000 0.000000 0.041200 0.020000 0.051600 0.072800 0.082800 0.051500 0.051900 0.020200 0.051700 0.072400 0.019800 0.095800 0.073700 0.000000 0.061400 0.020000 0.041100 0.071700 0.051600 0.116900 0.051600 0.073000 0.020100 0.009900 0.073500 0.020000 0.092800 0.051500 0.096100 0.084600 0.072500 0.095100 0.062900 0.084600 0.063100 0.041300 0.062500 0.041000 0.051800 0.041100 0.040900
GyrantGaze 0.050800 0.193500 0.071900 0.161200 0.060800 0.050800 0.051000 0.000000 0.083400 0.115900 0.061300 0.051300 0.050800 0.051100 0.072100 0.019900 0.051000 0.051400 0.061800 0.061800 0.009900 0.060600 0.094900 0.094800 0.061400 0.000000 0.050800 0.072300 0.009600 0.083000 0.115800 0.051100 0.072200 0.051000 0.050400 0.083600 0.061300 0.070900 0.050800 0.095100 0.083700 0.010000 0.094200 0.083800 0.094800 0.062500 0.040800 0.040700 0.061400 0.051200 0.072200 0.071900
Hartebeest 0.009900 0.195000 0.051300 0.139500 0.082400 0.009900 0.051300 0.050700 0.062400 0.116800 0.020000 0.051700 0.000000 0.051500 0.072600 0.071900 0.051400 0.051700 0.020200 0.062200 0.061600 0.019800 0.095500 0.095600 0.020000 0.050800 0.000000 0.051600 0.061100 0.062100 0.116700 0.051500 0.072800 0.000000 0.009900 0.084300 0.020000 0.092600 0.051300 0.095900 0.084400 0.061700 0.094900 0.084500 0.095500 0.062800 0.041100 0.051600 0.040800 0.051600 0.051500 0.051300
Bongo 0.041000 0.183900 0.000100 0.128900 0.072300 0.041000 0.062300 0.072200 0.010100 0.092800 0.041000 0.020300 0.051600 0.062500 0.084000 0.093900 0.041200 0.041500 0.051900 0.010100 0.083400 0.051000 0.069800 0.060000 0.041100 0.072300 0.051600 0.000000 0.082700 0.010100 0.092700 0.062500 0.062600 0.051800 0.040700 0.051800 0.051600 0.104200 0.062400 0.070300 0.059000 0.083600 0.070500 0.049100 0.062700 0.074300 0.052100 0.073600 0.051700 0.041400 0.000000 0.000100
Gerenuk 0.061000 0.205300 0.082300 0.172300 0.071100 0.061000 0.061200 0.009900 0.093900 0.126800 0.071700 0.061600 0.061100 0.061500 0.082500 0.009900 0.061300 0.061700 0.072200 0.072100 0.019900 0.070900 0.105600 0.083500 0.071700 0.009600 0.061100 0.082700 0.000000 0.093600 0.126500 0.061500 0.082600 0.061400 0.060600 0.094200 0.071600 0.081200 0.061100 0.105700 0.094300 0.019900 0.104900 0.094400 0.105500 0.073000 0.051000 0.051000 0.071700 0.061500 0.082600 0.082300
CommonElan 0.051500 0.196600 0.009700 0.140200 0.082900 0.051500 0.073000 0.082900 0.020400 0.103900 0.051500 0.030500 0.062100 0.073200 0.094900 0.104900 0.051700 0.052100 0.062600 0.020300 0.072500 0.061500 0.081100 0.071200 0.051600 0.083000 0.062100 0.010100 0.093600 0.000000 0.103700 0.073300 0.073300 0.062400 0.051100 0.062500 0.062200 0.115000 0.073100 0.081600 0.070200 0.094500 0.081600 0.060300 0.073400 0.085300 0.062800 0.084500 0.062300 0.052000 0.010100 0.009700
MuntiacusR 0.105300 0.235200 0.091800 0.150700 0.115600 0.105300 0.105700 0.115600 0.104100 0.040700 0.116700 0.081300 0.116700 0.106000 0.128300 0.138500 0.083800 0.084400 0.117600 0.082200 0.127600 0.115300 0.084600 0.062500 0.116900 0.115800 0.116700 0.092700 0.126500 0.103700 0.000000 0.106100 0.106100 0.117200 0.104500 0.092700 0.116700 0.148600 0.105800 0.062700 0.051800 0.127800 0.020200 0.073600 0.104500 0.096300 0.095400 0.117700 0.116900 0.084200 0.092700 0.091800
HarveysDui 0.040900 0.184400 0.062200 0.151600 0.072200 0.040900 0.020400 0.051100 0.073700 0.106300 0.051600 0.041400 0.051500 0.020400 0.062300 0.072400 0.041200 0.041500 0.051900 0.052000 0.062000 0.050900 0.085200 0.085200 0.051600 0.051100 0.051500 0.062500 0.061500 0.073300 0.106100 0.000000 0.062400 0.051700 0.040700 0.073900 0.051500 0.082300 0.041200 0.085400 0.073900 0.062100 0.084500 0.074100 0.085200 0.052600 0.031000 0.052000 0.051700 0.041400 0.062500 0.062200
Pronghorn 0.062000 0.158400 0.062300 0.151800 0.051000 0.062000 0.062200 0.072100 0.073700 0.105000 0.072900 0.041400 0.072800 0.062400 0.083900 0.093800 0.041200 0.020500 0.073500 0.052000 0.083400 0.072100 0.085000 0.085000 0.073000 0.072200 0.072800 0.062600 0.082600 0.073300 0.106100 0.062400 0.000000 0.073100 0.061600 0.073900 0.072900 0.082300 0.062300 0.085400 0.073900 0.083500 0.084500 0.074100 0.085100 0.074200 0.052000 0.073500 0.073000 0.041400 0.062500 0.062300
BlueWildeb 0.010000 0.196200 0.051500 0.140200 0.082800 0.010000 0.051500 0.051000 0.062700 0.117400 0.020100 0.051900 0.000000 0.051700 0.072900 0.072200 0.051600 0.052000 0.020300 0.062500 0.061900 0.019900 0.096000 0.096000 0.020100 0.051000 0.000000 0.051800 0.061400 0.062400 0.117200 0.051700 0.073100 0.000000 0.009900 0.084700 0.020100 0.093100 0.051600 0.096300 0.084800 0.062000 0.095400 0.084900 0.096000 0.063100 0.041300 0.051800 0.041000 0.051800 0.051800 0.051500
Gemsbok 0.000100 0.181000 0.040500 0.126800 0.071100 0.000100 0.040500 0.050300 0.051300 0.104700 0.009900 0.040800 0.009900 0.040600 0.061400 0.071400 0.040600 0.040900 0.009900 0.051200 0.061100 0.009800 0.083800 0.083900 0.009900 0.050400 0.009900 0.040700 0.060600 0.051100 0.104500 0.040700 0.061600 0.009900 0.000000 0.072800 0.009900 0.081200 0.040600 0.084000 0.072800 0.061200 0.083200 0.073000 0.083800 0.051700 0.030500 0.051200 0.030200 0.040800 0.040700 0.040500
Yak 0.073300 0.198300 0.051600 0.164700 0.083500 0.073300 0.073600 0.083500 0.062800 0.092900 0.073400 0.030900 0.084300 0.073900 0.095600 0.105700 0.052200 0.052600 0.084900 0.041300 0.095000 0.083400 0.070100 0.060300 0.073500 0.083600 0.084300 0.051800 0.094200 0.062500 0.092700 0.073900 0.073900 0.084700 0.072800 0.000000 0.084400 0.115800 0.073700 0.070500 0.059000 0.095200 0.070500 0.049300 0.030100 0.063900 0.063300 0.085200 0.084600 0.052400 0.051800 0.051600
BlueSheep 0.009900 0.195500 0.051300 0.139400 0.082500 0.009900 0.051300 0.061300 0.062500 0.116800 0.020000 0.051700 0.020000 0.051500 0.072700 0.082700 0.051400 0.051800 0.020100 0.062300 0.072300 0.019800 0.095600 0.095600 0.020000 0.061300 0.020000 0.051600 0.071600 0.062200 0.116700 0.051500 0.072900 0.020100 0.009900 0.084400 0.000000 0.092700 0.051400 0.095900 0.084400 0.072400 0.095000 0.084600 0.095700 0.063000 0.041200 0.062300 0.020300 0.030700 0.051600 0.051300
BohorReedb 0.081800 0.229700 0.103600 0.170100 0.029100 0.081800 0.082100 0.070800 0.115600 0.148800 0.092700 0.082600 0.092600 0.082300 0.103700 0.092200 0.071600 0.082800 0.093300 0.093400 0.081800 0.091600 0.127500 0.127300 0.092800 0.070900 0.092600 0.104200 0.081200 0.115000 0.148600 0.082300 0.082300 0.093100 0.081200 0.115800 0.092700 0.000000 0.082100 0.127700 0.116000 0.081900 0.126600 0.116100 0.127300 0.094300 0.072000 0.093400 0.092800 0.082500 0.104100 0.103600
KirksDik 0.040800 0.183700 0.062000 0.151300 0.072000 0.040800 0.020300 0.050900 0.073500 0.105900 0.051400 0.041300 0.051300 0.041100 0.062100 0.072200 0.041100 0.041400 0.051800 0.051800 0.061800 0.050800 0.084900 0.084800 0.051500 0.050800 0.051300 0.062400 0.061100 0.073100 0.105800 0.041200 0.062300 0.051600 0.040600 0.073700 0.051400 0.082100 0.000000 0.085100 0.073700 0.061900 0.084300 0.073900 0.084900 0.052400 0.030800 0.030800 0.030600 0.041300 0.062300 0.062000
RoeDeer 0.084700 0.212700 0.069700 0.153200 0.095000 0.084700 0.085000 0.095000 0.081800 0.062800 0.096000 0.058900 0.095900 0.085300 0.107400 0.117500 0.063300 0.063800 0.096600 0.059700 0.106700 0.094800 0.063700 0.041900 0.096100 0.095100 0.095900 0.070300 0.105700 0.081600 0.062700 0.085400 0.085400 0.096300 0.084000 0.070500 0.095900 0.127700 0.085100 0.000000 0.031200 0.106900 0.041700 0.052900 0.082300 0.075300 0.074600 0.096800 0.096200 0.063600 0.070400 0.069700
WhiteLippe 0.073300 0.198700 0.058500 0.140900 0.083600 0.073300 0.073600 0.083600 0.070300 0.051800 0.084500 0.047700 0.084400 0.073900 0.095700 0.105800 0.052200 0.052600 0.085000 0.048600 0.095100 0.083400 0.041900 0.031100 0.084600 0.083700 0.084400 0.059000 0.094300 0.070200 0.051800 0.073900 0.073900 0.084800 0.072800 0.059000 0.084400 0.116000 0.073700 0.031200 0.000000 0.095200 0.030900 0.041900 0.070700 0.063900 0.063300 0.085200 0.084600 0.052400 0.059200 0.058500
ThomsonGaz 0.061600 0.207600 0.083100 0.174000 0.071700 0.061600 0.061800 0.009900 0.094900 0.127900 0.072400 0.062200 0.061700 0.062000 0.083300 0.030200 0.061900 0.062400 0.072900 0.072900 0.020100 0.071500 0.106700 0.106500 0.072500 0.010000 0.061700 0.083600 0.019900 0.094500 0.127800 0.062100 0.083500 0.062000 0.061200 0.095200 0.072400 0.081900 0.061900 0.106900 0.095200 0.000000 0.105900 0.095400 0.106600 0.073700 0.051700 0.051500 0.072500 0.062200 0.083500 0.083100
MuntiacusC 0.083800 0.210600 0.069900 0.128400 0.094100 0.083800 0.084200 0.094100 0.081700 0.020200 0.095000 0.059300 0.094900 0.084500 0.106300 0.116500 0.062600 0.063100 0.095700 0.060300 0.105800 0.093900 0.063200 0.041500 0.095100 0.094200 0.094900 0.070500 0.104900 0.081600 0.020200 0.084500 0.084500 0.095400 0.083200 0.070500 0.095000 0.126600 0.084300 0.041700 0.030900 0.105900 0.000000 0.052300 0.082200 0.074600 0.073900 0.095800 0.095200 0.062900 0.070700 0.069900
WhiteTaile 0.073500 0.199400 0.048700 0.141000 0.083700 0.073500 0.073700 0.083700 0.060300 0.073700 0.062800 0.038000 0.084500 0.074000 0.095900 0.106000 0.052300 0.052700 0.085200 0.038800 0.095300 0.083600 0.074800 0.031300 0.062900 0.083800 0.084500 0.049100 0.094400 0.060300 0.073600 0.074100 0.074100 0.084900 0.073000 0.049300 0.084600 0.116100 0.073900 0.052900 0.041900 0.095400 0.052300 0.000000 0.060800 0.064100 0.063500 0.085400 0.084800 0.052500 0.049300 0.048700
Cattle 0.084400 0.212100 0.062300 0.177100 0.094700 0.084400 0.084800 0.094700 0.073800 0.104700 0.084500 0.041500 0.095500 0.085100 0.107100 0.117200 0.063100 0.063600 0.096300 0.052100 0.106400 0.094500 0.081900 0.071900 0.084600 0.094800 0.095500 0.062700 0.105500 0.073400 0.104500 0.085200 0.085100 0.096000 0.083800 0.030100 0.095700 0.127300 0.084900 0.082300 0.070700 0.106600 0.082200 0.060800 0.000000 0.075200 0.074500 0.096600 0.096000 0.063400 0.062600 0.062300
RoyalAntel 0.052100 0.200400 0.073900 0.161000 0.084000 0.052100 0.052300 0.062400 0.085700 0.096500 0.063000 0.052700 0.062800 0.052500 0.074000 0.084200 0.052400 0.052800 0.063400 0.063500 0.073700 0.062200 0.075200 0.075100 0.063100 0.062500 0.062800 0.074300 0.073000 0.085300 0.096300 0.052600 0.074200 0.063100 0.051700 0.063900 0.063000 0.094300 0.052400 0.075300 0.063900 0.073700 0.074600 0.064100 0.075200 0.000000 0.042000 0.063600 0.063100 0.052700 0.074200 0.073900
Steenbok 0.030700 0.172800 0.051800 0.140700 0.061800 0.030700 0.030800 0.040800 0.063100 0.095600 0.041200 0.031100 0.041100 0.030900 0.051900 0.062000 0.030900 0.031100 0.041500 0.041500 0.051600 0.040700 0.052500 0.074400 0.041300 0.040800 0.041100 0.052100 0.051000 0.062800 0.095400 0.031000 0.052000 0.041300 0.030500 0.063300 0.041200 0.072000 0.030800 0.074600 0.063300 0.051700 0.073900 0.063500 0.074500 0.042000 0.000000 0.041600 0.041300 0.031000 0.052000 0.051800
Impala 0.051600 0.172200 0.073100 0.163900 0.083100 0.051600 0.051800 0.040700 0.084900 0.117800 0.062400 0.052200 0.051600 0.052000 0.072600 0.040700 0.051900 0.052300 0.062800 0.062800 0.051400 0.061600 0.096600 0.096500 0.062500 0.040700 0.051600 0.073600 0.051000 0.084500 0.117700 0.052000 0.073500 0.051800 0.051200 0.085200 0.062300 0.093400 0.030800 0.096800 0.085200 0.051500 0.095800 0.085400 0.096600 0.063600 0.041600 0.000000 0.041300 0.052100 0.073500 0.073100
Klipspring 0.030500 0.196000 0.051400 0.139600 0.082600 0.030500 0.051400 0.061300 0.062600 0.117000 0.040900 0.051800 0.040800 0.051600 0.072800 0.082700 0.051500 0.052000 0.041200 0.062500 0.072400 0.040400 0.095800 0.095900 0.041000 0.061400 0.040800 0.051700 0.071700 0.062300 0.116900 0.051700 0.073000 0.041000 0.030200 0.084600 0.020300 0.092800 0.030600 0.096200 0.084600 0.072500 0.095200 0.084800 0.096000 0.063100 0.041300 0.041300 0.000000 0.030800 0.051700 0.051400
ForestMusk 0.041000 0.159700 0.041200 0.129000 0.051200 0.041000 0.041200 0.051000 0.052300 0.084300 0.051700 0.020600 0.051600 0.041400 0.062400 0.072500 0.020400 0.020600 0.052000 0.031000 0.062100 0.051100 0.063400 0.063300 0.051800 0.051200 0.051600 0.041400 0.061500 0.052000 0.084200 0.041400 0.041400 0.051800 0.040800 0.052400 0.030700 0.082500 0.041300 0.063600 0.052400 0.062200 0.062900 0.052500 0.063400 0.052700 0.031000 0.052100 0.030800 0.000000 0.041400 0.041200
Bushbuck 0.041000 0.183700 0.000000 0.128800 0.072200 0.041000 0.062200 0.072200 0.010100 0.092800 0.041000 0.020300 0.051500 0.062400 0.083900 0.093800 0.041200 0.041500 0.051900 0.010100 0.083400 0.051000 0.069900 0.060100 0.041100 0.072200 0.051500 0.000000 0.082600 0.010100 0.092700 0.062500 0.062500 0.051800 0.040700 0.051800 0.051600 0.104100 0.062300 0.070400 0.059200 0.083500 0.070700 0.049300 0.062600 0.074200 0.052000 0.073500 0.051700 0.041400 0.000000 0.000000
GreaterKud 0.040800 0.182700 0.000000 0.128200 0.071900 0.040800 0.061900 0.071800 0.010100 0.092000 0.040800 0.020200 0.051300 0.062100 0.083500 0.093500 0.041000 0.041300 0.051600 0.010100 0.083000 0.050800 0.069200 0.059600 0.040900 0.071900 0.051300 0.000100 0.082300 0.009700 0.091800 0.062200 0.062300 0.051500 0.040500 0.051600 0.051300 0.103600 0.062000 0.069700 0.058500 0.083100 0.069900 0.048700 0.062300 0.073900 0.051800 0.073100 0.051400 0.041200 0.000000 0.000000
