1
52 1
Argali 0.000000 0.294900 0.045700 0.138900 0.072000 0.002800 0.066100 0.060200 0.054100 0.078600 0.025300 0.067600 0.050700 0.051500 0.052400 0.060300 0.071800 0.084200 0.039700 0.054400 0.066600 0.031000 0.063200 0.071500 0.028200 0.066200 0.053600 0.057100 0.066300 0.051300 0.087700 0.051600 0.081000 0.045400 0.054200 0.087300 0.025300 0.078400 0.078200 0.065200 0.066300 0.063100 0.078200 0.069600 0.072100 0.054000 0.083700 0.060300 0.081000 0.081400 0.057200 0.051300
LesserMous 0.294900 0.000000 0.275400 0.261100 0.266200 0.291600 0.276400 0.285900 0.266800 0.301400 0.273400 0.270500 0.261900 0.280900 0.275700 0.260700 0.290700 0.281300 0.284800 0.273800 0.282600 0.292300 0.260100 0.308200 0.270900 0.277300 0.259000 0.270900 0.262100 0.263400 0.298700 0.282100 0.305700 0.259000 0.268400 0.267800 0.276800 0.275100 0.289600 0.298400 0.268300 0.273000 0.289600 0.296700 0.271400 0.261600 0.285600 0.270200 0.310200 0.291800 0.263400 0.269900
LesserKudu 0.045700 0.275400 0.000000 0.129600 0.063500 0.042700 0.054100 0.045300 0.025200 0.069300 0.041200 0.049000 0.051300 0.057100 0.048200 0.054200 0.065700 0.077800 0.048400 0.028100 0.054400 0.048500 0.051100 0.064400 0.045700 0.060100 0.048300 0.022400 0.060100 0.022400 0.075300 0.051400 0.091400 0.042500 0.057100 0.060700 0.042600 0.069800 0.068900 0.049800 0.051300 0.057000 0.066000 0.058600 0.051700 0.042300 0.075000 0.045400 0.068900 0.076800 0.028000 0.028000
KillerWhal 0.138900 0.261100 0.129600 0.000000 0.139500 0.135200 0.129000 0.123600 0.127300 0.154500 0.137000 0.137300 0.124400 0.134200 0.134400 0.119600 0.154400 0.161300 0.141300 0.133700 0.126600 0.138300 0.130300 0.149400 0.133900 0.129100 0.120800 0.131100 0.127900 0.124200 0.158000 0.135900 0.177400 0.117400 0.127500 0.147400 0.131500 0.146800 0.147000 0.143900 0.123500 0.125400 0.150000 0.147400 0.140300 0.108800 0.130100 0.122800 0.160700 0.162200 0.131200 0.131200
DefassaWat 0.072000 0.266200 0.063500 0.139500 0.000000 0.068900 0.075300 0.063400 0.060100 0.097400 0.063400 0.069100 0.069400 0.078500 0.059200 0.063500 0.087300 0.096800 0.078400 0.062300 0.072900 0.075500 0.060300 0.074200 0.065900 0.063500 0.066300 0.063200 0.063600 0.056200 0.097500 0.072600 0.108600 0.066300 0.072400 0.086900 0.063400 0.005600 0.081500 0.071400 0.063500 0.066400 0.087700 0.068300 0.071500 0.051300 0.081500 0.059700 0.096600 0.084700 0.057300 0.057300
Sheep 0.002800 0.291600 0.042700 0.135200 0.068900 0.000000 0.063100 0.057200 0.051100 0.075500 0.022400 0.064500 0.047700 0.048400 0.049400 0.057200 0.068700 0.087100 0.036700 0.051300 0.063500 0.028100 0.060100 0.068400 0.025300 0.063100 0.050600 0.054100 0.063200 0.048200 0.084500 0.048600 0.077800 0.042400 0.051100 0.084000 0.022400 0.075200 0.075100 0.062100 0.063200 0.060100 0.075000 0.066500 0.068900 0.051000 0.080500 0.057300 0.077800 0.078200 0.054100 0.048200
MaxwellsDu 0.066100 0.276400 0.054100 0.129000 0.075300 0.063100 0.000000 0.045200 0.052500 0.084300 0.063100 0.070800 0.062900 0.029400 0.058500 0.045300 0.079400 0.089900 0.071800 0.055700 0.054300 0.069000 0.054000 0.073500 0.066100 0.051100 0.059900 0.055600 0.051200 0.049600 0.078200 0.025200 0.097800 0.054000 0.062900 0.077800 0.060000 0.081700 0.068800 0.064700 0.051200 0.048100 0.074900 0.073600 0.068800 0.050900 0.074800 0.063000 0.064500 0.088800 0.055600 0.055600
GazellaPrz 0.060200 0.285900 0.045300 0.123600 0.063400 0.057200 0.045200 0.000000 0.050800 0.078300 0.057200 0.063400 0.057000 0.048200 0.052600 0.028000 0.074500 0.086800 0.060000 0.054000 0.033900 0.063100 0.054000 0.067600 0.060200 0.036600 0.054000 0.053800 0.033800 0.048000 0.084300 0.042500 0.095800 0.048100 0.057000 0.071800 0.048300 0.071600 0.051000 0.058900 0.051200 0.030800 0.074800 0.067800 0.057000 0.039400 0.051100 0.057100 0.077700 0.084100 0.053900 0.053900
MountainNy 0.054100 0.266800 0.025200 0.127300 0.060100 0.051100 0.052500 0.050800 0.000000 0.068800 0.051100 0.036900 0.056800 0.053900 0.047800 0.050900 0.059400 0.074400 0.053900 0.008300 0.054100 0.055800 0.047900 0.061200 0.054100 0.055700 0.048000 0.008300 0.056800 0.002700 0.068800 0.048200 0.090900 0.048000 0.056800 0.060300 0.051000 0.066300 0.067400 0.046600 0.051000 0.052700 0.059600 0.055400 0.045600 0.039200 0.080400 0.042200 0.071500 0.076300 0.008300 0.008300
MuntiacusM 0.078600 0.301400 0.069300 0.154500 0.097400 0.075500 0.084300 0.078300 0.068800 0.000000 0.084600 0.077400 0.084400 0.090600 0.075000 0.081400 0.083100 0.120800 0.093700 0.071900 0.084900 0.087600 0.045300 0.059600 0.087800 0.090500 0.087300 0.065900 0.084500 0.065900 0.016800 0.084600 0.108100 0.081200 0.078300 0.099700 0.078400 0.104100 0.093500 0.051000 0.048300 0.087300 0.008300 0.053800 0.090200 0.066000 0.106000 0.084400 0.108900 0.090600 0.072000 0.072000
goat 0.025300 0.273400 0.041200 0.137000 0.063400 0.022400 0.063100 0.057200 0.051100 0.084600 0.000000 0.066900 0.047600 0.054300 0.050300 0.051400 0.074700 0.081100 0.036700 0.054300 0.063500 0.028100 0.060100 0.075400 0.002800 0.057200 0.044700 0.054100 0.051400 0.048200 0.090700 0.054400 0.089900 0.042400 0.057000 0.078000 0.016700 0.069700 0.081000 0.062300 0.063200 0.054200 0.081100 0.067200 0.063000 0.051000 0.075000 0.057300 0.077800 0.084300 0.054100 0.048200
AfricanBuf 0.067600 0.270500 0.049000 0.137300 0.069100 0.064500 0.070800 0.063400 0.036900 0.077400 0.066900 0.000000 0.064300 0.067900 0.062600 0.059000 0.083800 0.088300 0.066500 0.038200 0.068200 0.071900 0.050200 0.056900 0.067700 0.061200 0.055300 0.034000 0.065000 0.032300 0.077400 0.062100 0.097600 0.055100 0.064200 0.054000 0.060700 0.069300 0.070000 0.055000 0.053300 0.061100 0.068100 0.057100 0.039500 0.046700 0.083700 0.052700 0.087600 0.095500 0.040000 0.040000
Topi 0.050700 0.261900 0.051300 0.124400 0.069400 0.047700 0.062900 0.057000 0.056800 0.084400 0.047600 0.064300 0.000000 0.060100 0.067900 0.057100 0.071600 0.083900 0.054000 0.060000 0.066400 0.059400 0.060000 0.067700 0.050600 0.063000 0.013900 0.059800 0.057100 0.054000 0.084300 0.054300 0.086700 0.013900 0.033700 0.077800 0.047700 0.075700 0.080900 0.064900 0.063100 0.060000 0.074900 0.061800 0.062900 0.045100 0.068900 0.057200 0.077700 0.084200 0.059900 0.059900
CommonDuik 0.051500 0.280900 0.057100 0.134200 0.078500 0.048400 0.029400 0.048200 0.053900 0.090600 0.054300 0.067900 0.060100 0.000000 0.059800 0.036700 0.083500 0.093100 0.063000 0.054200 0.045600 0.060200 0.062900 0.076700 0.057300 0.048300 0.057000 0.056900 0.042500 0.051100 0.090500 0.014000 0.083800 0.051200 0.060100 0.087000 0.051200 0.084900 0.060000 0.067900 0.060100 0.045300 0.084000 0.076900 0.071900 0.053900 0.071900 0.066100 0.073900 0.090200 0.057000 0.057000
Suni 0.052400 0.275700 0.048200 0.134400 0.059200 0.049400 0.058500 0.052600 0.047800 0.075000 0.050300 0.062600 0.067900 0.059800 0.000000 0.056900 0.074900 0.093600 0.059000 0.049600 0.063100 0.056100 0.053800 0.069700 0.052500 0.062700 0.064900 0.050800 0.062800 0.043700 0.081000 0.054100 0.101300 0.059000 0.068000 0.082900 0.050300 0.065400 0.074500 0.065300 0.051000 0.059700 0.071700 0.068200 0.067700 0.050800 0.074600 0.056100 0.078200 0.073700 0.045000 0.045000
Springbuck 0.060300 0.260700 0.054200 0.119600 0.063500 0.057200 0.045300 0.028000 0.050900 0.081400 0.051400 0.059000 0.057100 0.036700 0.056900 0.000000 0.071700 0.078000 0.066000 0.054100 0.013900 0.063100 0.053900 0.068400 0.054400 0.013900 0.054100 0.053900 0.005500 0.048100 0.081500 0.036800 0.089800 0.048300 0.057100 0.072000 0.042500 0.069800 0.033800 0.059700 0.051100 0.008300 0.075000 0.068600 0.057100 0.039500 0.039500 0.057200 0.080500 0.084200 0.054000 0.054000
Okapi 0.071800 0.290700 0.065700 0.154400 0.087300 0.068700 0.079400 0.074500 0.059400 0.083100 0.074700 0.083800 0.071600 0.083500 0.074900 0.071700 0.000000 0.056800 0.083600 0.062600 0.075000 0.080700 0.073500 0.083600 0.077800 0.077700 0.074500 0.062500 0.077700 0.056600 0.089200 0.074800 0.101200 0.068500 0.071500 0.096500 0.074600 0.093800 0.092700 0.075500 0.076800 0.074500 0.073600 0.077800 0.087200 0.062400 0.098800 0.074700 0.092500 0.083900 0.062500 0.062500
Giraffe 0.084200 0.281300 0.077800 0.161300 0.096800 0.087100 0.089900 0.086800 0.074400 0.120800 0.081100 0.088300 0.083900 0.093100 0.093600 0.078000 0.056800 0.000000 0.096100 0.077700 0.093600 0.093200 0.084500 0.102500 0.084200 0.084000 0.074800 0.077500 0.084100 0.071500 0.120800 0.087200 0.117300 0.074700 0.089900 0.096100 0.080900 0.103300 0.105300 0.094200 0.090800 0.080900 0.110800 0.102700 0.080800 0.074500 0.105400 0.074900 0.105200 0.105800 0.077600 0.077600
TibetanAnt 0.039700 0.284800 0.048400 0.141300 0.078400 0.036700 0.071800 0.060000 0.053900 0.093700 0.036700 0.066500 0.054000 0.063000 0.059000 0.066000 0.083600 0.096100 0.000000 0.057100 0.072300 0.042500 0.068900 0.075700 0.039600 0.065900 0.045200 0.056900 0.072000 0.051100 0.099800 0.063200 0.099000 0.045200 0.059800 0.080800 0.036700 0.084700 0.090000 0.074000 0.072000 0.057000 0.090100 0.082000 0.065800 0.056700 0.090000 0.063100 0.080700 0.075100 0.056900 0.051100
Sitatunga 0.054400 0.273800 0.028100 0.133700 0.062300 0.051300 0.055700 0.054000 0.008300 0.071900 0.054300 0.038200 0.060000 0.054200 0.049600 0.054100 0.062600 0.077700 0.057100 0.000000 0.057300 0.058900 0.051000 0.063500 0.057300 0.058800 0.051100 0.011100 0.060100 0.005500 0.072200 0.048400 0.091200 0.051100 0.060000 0.063500 0.054200 0.068600 0.061700 0.049600 0.054100 0.055700 0.062900 0.057600 0.048700 0.042200 0.082900 0.045300 0.074800 0.079600 0.011100 0.011100
Oribi 0.066600 0.282600 0.054400 0.126600 0.072900 0.063500 0.054300 0.033900 0.054100 0.084900 0.063500 0.068200 0.066400 0.045600 0.063100 0.013900 0.075000 0.093600 0.072300 0.057300 0.000000 0.069500 0.064900 0.077100 0.066600 0.028100 0.063300 0.057100 0.019600 0.051200 0.088000 0.045700 0.101700 0.057300 0.066300 0.087500 0.054500 0.079300 0.036800 0.062200 0.062000 0.022400 0.078400 0.071200 0.072300 0.048400 0.045600 0.066400 0.085800 0.093900 0.057200 0.057200
BarbaryShe 0.031000 0.292300 0.048500 0.138300 0.075500 0.028100 0.069000 0.063100 0.055800 0.087600 0.028100 0.071900 0.059400 0.060200 0.056100 0.063100 0.080700 0.093200 0.042500 0.058900 0.069500 0.000000 0.063000 0.078000 0.025300 0.069100 0.056400 0.058900 0.069200 0.052900 0.093800 0.060300 0.096000 0.042400 0.057000 0.084000 0.022400 0.081800 0.087100 0.065100 0.066200 0.066000 0.084100 0.076100 0.074900 0.056800 0.087200 0.063200 0.083800 0.086500 0.058900 0.053000
Daviddeer 0.063200 0.260100 0.051100 0.130300 0.060300 0.060100 0.054000 0.054000 0.047900 0.045300 0.060100 0.050200 0.060000 0.062900 0.053800 0.053900 0.073500 0.084500 0.068900 0.051000 0.064900 0.063000 0.000000 0.036200 0.063100 0.059700 0.056900 0.045100 0.059800 0.045100 0.045200 0.057200 0.092600 0.051100 0.059900 0.074800 0.054100 0.066500 0.065800 0.027800 0.008200 0.056700 0.036400 0.036300 0.059900 0.036500 0.080800 0.054100 0.080700 0.077900 0.045100 0.050900
Reindeer 0.071500 0.308200 0.064400 0.149400 0.074200 0.068400 0.073500 0.067600 0.061200 0.059600 0.075400 0.056900 0.067700 0.076700 0.069700 0.068400 0.083600 0.102500 0.075700 0.063500 0.077100 0.078000 0.036200 0.000000 0.078000 0.067800 0.070700 0.058300 0.073800 0.057300 0.059600 0.070900 0.100400 0.064700 0.067700 0.082100 0.069000 0.080600 0.084300 0.035200 0.038400 0.064700 0.050600 0.019200 0.066900 0.049000 0.088800 0.065900 0.088400 0.092000 0.064300 0.064300
Ibex 0.028200 0.270900 0.045700 0.133900 0.065900 0.025300 0.066100 0.060200 0.054100 0.087800 0.002800 0.067700 0.050600 0.057300 0.052500 0.054400 0.077800 0.084200 0.039600 0.057300 0.066600 0.025300 0.063100 0.078000 0.000000 0.060300 0.047700 0.057100 0.054400 0.051200 0.093900 0.057500 0.093100 0.039600 0.054100 0.075100 0.019600 0.072300 0.084200 0.065300 0.066300 0.057200 0.084200 0.069800 0.066100 0.054000 0.077600 0.060300 0.080900 0.087500 0.057100 0.051200
GyrantGaze 0.066200 0.277300 0.060100 0.129100 0.063500 0.063100 0.051100 0.036600 0.055700 0.090500 0.057200 0.061200 0.063000 0.048300 0.062700 0.013900 0.077700 0.084000 0.065900 0.058800 0.028100 0.069100 0.059700 0.067800 0.060300 0.000000 0.060000 0.058800 0.019500 0.052800 0.090500 0.042600 0.095900 0.054100 0.063000 0.078000 0.048400 0.066800 0.042400 0.065000 0.056900 0.011100 0.081000 0.074000 0.063000 0.045200 0.048200 0.063100 0.080700 0.090300 0.058800 0.058800
Hartebeest 0.053600 0.259000 0.048300 0.120800 0.066300 0.050600 0.059900 0.054000 0.048000 0.087300 0.044700 0.055300 0.013900 0.057000 0.064900 0.054100 0.074500 0.074800 0.045200 0.051100 0.063300 0.056400 0.056900 0.070700 0.047700 0.060000 0.000000 0.051000 0.054100 0.045200 0.087300 0.051300 0.092800 0.011100 0.036600 0.068800 0.044700 0.072500 0.077800 0.061900 0.060000 0.056900 0.077800 0.064800 0.054000 0.047900 0.071800 0.051300 0.074600 0.084100 0.051000 0.051000
Bongo 0.057100 0.270900 0.022400 0.131100 0.063200 0.054100 0.055600 0.053800 0.008300 0.065900 0.054100 0.034000 0.059800 0.056900 0.050800 0.053900 0.062500 0.077500 0.056900 0.011100 0.057100 0.058900 0.045100 0.058300 0.057100 0.058800 0.051000 0.000000 0.059900 0.005500 0.066000 0.051200 0.087900 0.051000 0.059800 0.057500 0.054000 0.069400 0.064500 0.043700 0.048100 0.055700 0.056800 0.052500 0.048600 0.036400 0.083600 0.045200 0.068600 0.073400 0.011000 0.011000
Gerenuk 0.066300 0.262100 0.060100 0.127900 0.063600 0.063200 0.051200 0.033800 0.056800 0.084500 0.051400 0.065000 0.057100 0.042500 0.062800 0.005500 0.077700 0.084100 0.072000 0.060100 0.019600 0.069200 0.059800 0.073800 0.054400 0.019500 0.054100 0.059900 0.000000 0.054000 0.087600 0.042600 0.092900 0.054200 0.063100 0.078100 0.048400 0.069800 0.039600 0.065000 0.057000 0.013900 0.081100 0.068000 0.063100 0.045300 0.039600 0.063200 0.086600 0.090400 0.059900 0.059900
CommonElan 0.051300 0.263400 0.022400 0.124200 0.056200 0.048200 0.049600 0.048000 0.002700 0.065900 0.048200 0.032300 0.054000 0.051100 0.043700 0.048100 0.056600 0.071500 0.051100 0.005500 0.051200 0.052900 0.045100 0.057300 0.051200 0.052800 0.045200 0.005500 0.054000 0.000000 0.065900 0.045300 0.087900 0.045200 0.053900 0.057500 0.048200 0.062400 0.064500 0.043600 0.048100 0.049700 0.056800 0.051600 0.042700 0.036400 0.076600 0.039400 0.068600 0.073300 0.005500 0.005500
MuntiacusR 0.087700 0.298700 0.075300 0.158000 0.097500 0.084500 0.078200 0.084300 0.068800 0.016800 0.090700 0.077400 0.084300 0.090500 0.081000 0.081500 0.089200 0.120800 0.099800 0.072200 0.088000 0.093800 0.045200 0.059600 0.093900 0.090500 0.087300 0.066000 0.087600 0.065900 0.000000 0.084400 0.117800 0.081200 0.078300 0.106000 0.084500 0.104100 0.096600 0.051000 0.048300 0.087300 0.013900 0.050900 0.090300 0.066000 0.112200 0.084400 0.108900 0.084300 0.072000 0.072000
HarveysDui 0.051600 0.282100 0.051400 0.135900 0.072600 0.048600 0.025200 0.042500 0.048200 0.084600 0.054400 0.062100 0.054300 0.014000 0.054100 0.036800 0.074800 0.087200 0.063200 0.048400 0.045700 0.060300 0.057200 0.070900 0.057500 0.042600 0.051300 0.051200 0.042600 0.045300 0.084400 0.000000 0.084100 0.045500 0.054300 0.081200 0.051400 0.079000 0.054300 0.062100 0.054300 0.039600 0.078100 0.071000 0.066100 0.048200 0.066100 0.060300 0.067900 0.084300 0.051200 0.051200
Pronghorn 0.081000 0.305700 0.091400 0.177400 0.108600 0.077800 0.097800 0.095800 0.090900 0.108100 0.089900 0.097600 0.086700 0.083800 0.101300 0.089800 0.101200 0.117300 0.099000 0.091200 0.101700 0.096000 0.092600 0.100400 0.093100 0.095900 0.092800 0.087900 0.092900 0.087900 0.117800 0.084100 0.000000 0.089700 0.092700 0.125700 0.089800 0.115200 0.098100 0.097700 0.089800 0.092700 0.107900 0.100600 0.109900 0.078800 0.114000 0.098000 0.120700 0.120400 0.094200 0.094200
BlueWildeb 0.045400 0.259000 0.042500 0.117400 0.066300 0.042400 0.054000 0.048100 0.048000 0.081200 0.042400 0.055100 0.013900 0.051200 0.059000 0.048300 0.068500 0.074700 0.045200 0.051100 0.057300 0.042400 0.051100 0.064700 0.039600 0.054100 0.011100 0.051000 0.054200 0.045200 0.081200 0.045500 0.089700 0.000000 0.025200 0.062800 0.036600 0.072600 0.071800 0.055900 0.054200 0.051100 0.071800 0.064800 0.054000 0.042200 0.071800 0.048300 0.068600 0.081100 0.051000 0.051000
Gemsbok 0.054200 0.268400 0.057100 0.127500 0.072400 0.051100 0.062900 0.057000 0.056800 0.078300 0.057000 0.064200 0.033700 0.060100 0.068000 0.057100 0.071500 0.089900 0.059800 0.060000 0.066300 0.057000 0.059900 0.067700 0.054100 0.063000 0.036600 0.059800 0.063100 0.053900 0.078300 0.054300 0.092700 0.025200 0.000000 0.071800 0.051100 0.078700 0.080900 0.065000 0.063100 0.059900 0.068900 0.067800 0.062800 0.050900 0.087000 0.057200 0.077600 0.084100 0.059800 0.059800
Yak 0.087300 0.267800 0.060700 0.147400 0.086900 0.084000 0.077800 0.071800 0.060300 0.099700 0.078000 0.054000 0.077800 0.087000 0.082900 0.072000 0.096500 0.096100 0.080800 0.063500 0.087500 0.084000 0.074800 0.082100 0.075100 0.078000 0.068800 0.057500 0.078100 0.057500 0.106000 0.081200 0.125700 0.062800 0.071800 0.000000 0.071900 0.093400 0.096200 0.079900 0.078000 0.074900 0.090000 0.082300 0.013800 0.065600 0.107800 0.068900 0.086800 0.107800 0.063400 0.063500
BlueSheep 0.025300 0.276800 0.042600 0.131500 0.063400 0.022400 0.060000 0.048300 0.051000 0.078400 0.016700 0.060700 0.047700 0.051200 0.050300 0.042500 0.074600 0.080900 0.036700 0.054200 0.054500 0.022400 0.054100 0.069000 0.019600 0.048400 0.044700 0.054000 0.048400 0.048200 0.084500 0.051400 0.089800 0.036600 0.051100 0.071900 0.000000 0.069600 0.071900 0.056200 0.057200 0.045400 0.075000 0.067100 0.057100 0.045100 0.072000 0.051300 0.077700 0.084200 0.054000 0.048200
BohorReedb 0.078400 0.275100 0.069800 0.146800 0.005600 0.075200 0.081700 0.071600 0.066300 0.104100 0.069700 0.069300 0.075700 0.084900 0.065400 0.069800 0.093800 0.103300 0.084700 0.068600 0.079300 0.081800 0.066500 0.080600 0.072300 0.066800 0.072500 0.069400 0.069800 0.062400 0.104100 0.079000 0.115200 0.072600 0.078700 0.093400 0.069600 0.000000 0.088000 0.077800 0.069700 0.072600 0.094200 0.074600 0.077900 0.057400 0.087900 0.066000 0.100000 0.091200 0.063400 0.063400
KirksDik 0.078200 0.289600 0.068900 0.147000 0.081500 0.075100 0.068800 0.051000 0.067400 0.093500 0.081000 0.070000 0.080900 0.060000 0.074500 0.033800 0.092700 0.105300 0.090000 0.061700 0.036800 0.087100 0.065800 0.084300 0.084200 0.042400 0.077800 0.064500 0.039600 0.064500 0.096600 0.054300 0.098100 0.071800 0.080900 0.096200 0.071900 0.088000 0.000000 0.070800 0.057000 0.036600 0.086900 0.079800 0.080900 0.056800 0.057000 0.074900 0.102100 0.102500 0.064600 0.070600
RoeDeer 0.065200 0.298400 0.049800 0.143900 0.071400 0.062100 0.064700 0.058900 0.046600 0.051000 0.062300 0.055000 0.064900 0.067900 0.065300 0.059700 0.075500 0.094200 0.074000 0.049600 0.062200 0.065100 0.027800 0.035200 0.065300 0.065000 0.061900 0.043700 0.065000 0.043600 0.051000 0.062100 0.097700 0.055900 0.065000 0.079900 0.056200 0.077800 0.070800 0.000000 0.029700 0.061900 0.042100 0.029600 0.064800 0.042200 0.080000 0.059000 0.085700 0.089200 0.049700 0.049700
WhiteLippe 0.066300 0.268300 0.051300 0.123500 0.063500 0.063200 0.051200 0.051200 0.051000 0.048300 0.063200 0.053300 0.063100 0.060100 0.051000 0.051100 0.076800 0.090800 0.072000 0.054100 0.062000 0.066200 0.008200 0.038400 0.066300 0.056900 0.060000 0.048100 0.057000 0.048100 0.048300 0.054300 0.089800 0.054200 0.063100 0.078000 0.057200 0.069700 0.057000 0.029700 0.000000 0.053900 0.039400 0.038400 0.063000 0.039400 0.071900 0.051300 0.077900 0.081100 0.048100 0.054000
ThomsonGaz 0.063100 0.273000 0.057000 0.125400 0.066400 0.060100 0.048100 0.030800 0.052700 0.087300 0.054200 0.061100 0.060000 0.045300 0.059700 0.008300 0.074500 0.080900 0.057000 0.055700 0.022400 0.066000 0.056700 0.064700 0.057200 0.011100 0.056900 0.055700 0.013900 0.049700 0.087300 0.039600 0.092700 0.051100 0.059900 0.074900 0.045400 0.072600 0.036600 0.061900 0.053900 0.000000 0.077800 0.070800 0.059900 0.042300 0.042400 0.060000 0.080700 0.087100 0.055700 0.055700
MuntiacusC 0.078200 0.289600 0.066000 0.150000 0.087700 0.075000 0.074900 0.074800 0.059600 0.008300 0.081100 0.068100 0.074900 0.084000 0.071700 0.075000 0.073600 0.110800 0.090100 0.062900 0.078400 0.084100 0.036400 0.050600 0.084200 0.081000 0.077800 0.056800 0.081100 0.056800 0.013900 0.078100 0.107900 0.071800 0.068900 0.090000 0.075000 0.094200 0.086900 0.042100 0.039400 0.077800 0.000000 0.044900 0.080600 0.056800 0.102300 0.075000 0.102200 0.081100 0.062700 0.062700
WhiteTaile 0.069600 0.296700 0.058600 0.147400 0.068300 0.066500 0.073600 0.067800 0.055400 0.053800 0.067200 0.057100 0.061800 0.076900 0.068200 0.068600 0.077800 0.102700 0.082000 0.057600 0.071200 0.076100 0.036300 0.019200 0.069800 0.074000 0.064800 0.052500 0.068000 0.051600 0.050900 0.071000 0.100600 0.064800 0.067800 0.082300 0.067100 0.074600 0.079800 0.029600 0.038400 0.070800 0.044900 0.000000 0.067100 0.050800 0.082900 0.066100 0.088600 0.092200 0.058500 0.058500
Cattle 0.072100 0.271400 0.051700 0.140300 0.071500 0.068900 0.068800 0.057000 0.045600 0.090200 0.063000 0.039500 0.062900 0.071900 0.067700 0.057100 0.087200 0.080800 0.065800 0.048700 0.072300 0.074900 0.059900 0.066900 0.066100 0.063000 0.054000 0.048600 0.063100 0.042700 0.090300 0.066100 0.109900 0.054000 0.062800 0.013800 0.057100 0.077900 0.080900 0.064800 0.063000 0.059900 0.080600 0.067100 0.000000 0.050900 0.092300 0.054100 0.083600 0.098400 0.048600 0.048700
RoyalAntel 0.054000 0.261600 0.042300 0.108800 0.051300 0.051000 0.050900 0.039400 0.039200 0.066000 0.051000 0.046700 0.045100 0.053900 0.050800 0.039500 0.062400 0.074500 0.056700 0.042200 0.048400 0.056800 0.036500 0.049000 0.054000 0.045200 0.047900 0.036400 0.045300 0.036400 0.066000 0.048200 0.078800 0.042200 0.050900 0.065600 0.045100 0.057400 0.056800 0.042200 0.039400 0.042300 0.056800 0.050800 0.050900 0.000000 0.062700 0.045300 0.071400 0.070200 0.042200 0.042200
Steenbok 0.083700 0.285600 0.075000 0.130100 0.081500 0.080500 0.074800 0.051100 0.080400 0.106000 0.075000 0.083700 0.068900 0.071900 0.074600 0.039500 0.098800 0.105400 0.090000 0.082900 0.045600 0.087200 0.080800 0.088800 0.077600 0.048200 0.071800 0.083600 0.039600 0.076600 0.112200 0.066100 0.114000 0.071800 0.087000 0.107800 0.072000 0.087900 0.057000 0.080000 0.071900 0.042400 0.102300 0.082900 0.092300 0.062700 0.000000 0.080300 0.108300 0.108900 0.083600 0.083600
Impala 0.060300 0.270200 0.045400 0.122800 0.059700 0.057300 0.063000 0.057100 0.042200 0.084400 0.057300 0.052700 0.057200 0.066100 0.056100 0.057200 0.074700 0.074900 0.063100 0.045300 0.066400 0.063200 0.054100 0.065900 0.060300 0.063100 0.051300 0.045200 0.063200 0.039400 0.084400 0.060300 0.098000 0.048300 0.057200 0.068900 0.051300 0.066000 0.074900 0.059000 0.051300 0.060000 0.075000 0.066100 0.054100 0.045300 0.080300 0.000000 0.084000 0.086400 0.045200 0.039400
Klipspring 0.081000 0.310200 0.068900 0.160700 0.096600 0.077800 0.064500 0.077700 0.071500 0.108900 0.077800 0.087600 0.077700 0.073900 0.078200 0.080500 0.092500 0.105200 0.080700 0.074800 0.085800 0.083800 0.080700 0.088400 0.080900 0.080700 0.074600 0.068600 0.086600 0.068600 0.108900 0.067900 0.120700 0.068600 0.077600 0.086800 0.077700 0.100000 0.102100 0.085700 0.077900 0.080700 0.102200 0.088600 0.083600 0.071400 0.108300 0.084000 0.000000 0.099400 0.068600 0.074600
ForestMusk 0.081400 0.291800 0.076800 0.162200 0.084700 0.078200 0.088800 0.084100 0.076300 0.090600 0.084300 0.095500 0.084200 0.090200 0.073700 0.084200 0.083900 0.105800 0.075100 0.079600 0.093900 0.086500 0.077900 0.092000 0.087500 0.090300 0.084100 0.073400 0.090400 0.073300 0.084300 0.084300 0.120400 0.081100 0.084100 0.107800 0.084200 0.091200 0.102500 0.089200 0.081100 0.087100 0.081100 0.092200 0.098400 0.070200 0.108900 0.086400 0.099400 0.000000 0.073400 0.073500
Bushbuck 0.057200 0.263400 0.028000 0.131200 0.057300 0.054100 0.055600 0.053900 0.008300 0.072000 0.054100 0.040000 0.059900 0.057000 0.045000 0.054000 0.062500 0.077600 0.056900 0.011100 0.057200 0.058900 0.045100 0.064300 0.057100 0.058800 0.051000 0.011000 0.059900 0.005500 0.072000 0.051200 0.094200 0.051000 0.059800 0.063400 0.054000 0.063400 0.064600 0.049700 0.048100 0.055700 0.062700 0.058500 0.048600 0.042200 0.083600 0.045200 0.068600 0.073400 0.000000 0.011100
GreaterKud 0.051300 0.269900 0.028000 0.131200 0.057300 0.048200 0.055600 0.053900 0.008300 0.072000 0.048200 0.040000 0.059900 0.057000 0.045000 0.054000 0.062500 0.077600 0.051100 0.011100 0.057200 0.053000 0.050900 0.064300 0.051200 0.058800 0.051000 0.011000 0.059900 0.005500 0.072000 0.051200 0.094200 0.051000 0.059800 0.063500 0.048200 0.063400 0.070600 0.049700 0.054000 0.055700 0.062700 0.058500 0.048700 0.042200 0.083600 0.039400 0.074600 0.073500 0.011100 0.000000
