1
52 1
Argali 0.000000 0.104600 0.041100 0.089800 0.022700 0.013500 0.022600 0.060600 0.031700 0.050600 0.013400 0.031700 0.018000 0.027200 0.013500 0.032100 0.055900 0.046200 0.022700 0.036300 0.027200 0.018000 0.045900 0.060000 0.017900 0.032100 0.013500 0.031700 0.036900 0.036500 0.050600 0.031800 0.085200 0.018000 0.022600 0.027300 0.013500 0.022700 0.036400 0.065300 0.045900 0.032000 0.050600 0.060200 0.031800 0.031700 0.040200 0.018000 0.036500 0.055400 0.031700 0.031700
LesserMous 0.104600 0.000000 0.109200 0.079300 0.099900 0.089700 0.099800 0.130900 0.099000 0.079000 0.089600 0.098900 0.094800 0.105100 0.089500 0.100000 0.084500 0.074200 0.096900 0.103900 0.104800 0.096600 0.084300 0.099200 0.094500 0.104700 0.089400 0.099000 0.104900 0.104400 0.079000 0.105300 0.115300 0.094800 0.099700 0.094000 0.089500 0.099800 0.104900 0.094800 0.084300 0.104600 0.079000 0.099600 0.098800 0.109700 0.107000 0.094500 0.115600 0.114400 0.099000 0.099000
LesserKudu 0.041100 0.109200 0.000000 0.096700 0.036600 0.027200 0.036500 0.065100 0.008900 0.055100 0.027200 0.027000 0.031900 0.041100 0.027200 0.036600 0.060400 0.050600 0.036600 0.013300 0.041200 0.031900 0.050500 0.064600 0.031800 0.041100 0.027100 0.008900 0.041200 0.013400 0.055100 0.046000 0.089500 0.031900 0.036400 0.022500 0.027200 0.036600 0.050600 0.070000 0.050500 0.041100 0.055100 0.064900 0.028700 0.036300 0.053300 0.031800 0.050700 0.069400 0.008900 0.008900
KillerWhal 0.089800 0.079300 0.096700 0.000000 0.087600 0.075300 0.085100 0.113000 0.086600 0.076900 0.075200 0.084200 0.080200 0.090100 0.075200 0.082700 0.067300 0.062500 0.082900 0.091500 0.087400 0.080200 0.072400 0.087100 0.080100 0.087500 0.075100 0.086600 0.087600 0.091900 0.076900 0.095400 0.097900 0.080300 0.085000 0.079700 0.075200 0.087400 0.097800 0.092800 0.072400 0.087600 0.076900 0.087300 0.074600 0.094700 0.092400 0.080000 0.100400 0.094300 0.086600 0.086600
DefassaWat 0.022700 0.099900 0.036600 0.087600 0.000000 0.009000 0.018100 0.056000 0.027300 0.043600 0.009000 0.027200 0.013600 0.022700 0.009000 0.027600 0.051400 0.041700 0.018100 0.031800 0.022700 0.013600 0.039700 0.054100 0.013500 0.032200 0.009000 0.027300 0.032200 0.032000 0.043600 0.025100 0.078500 0.013600 0.018100 0.022800 0.009000 0.009000 0.031900 0.059800 0.039700 0.032100 0.043600 0.054300 0.029000 0.024400 0.034400 0.013500 0.027300 0.060400 0.027300 0.027300
Sheep 0.013500 0.089700 0.027200 0.075300 0.009000 0.000000 0.009000 0.046400 0.018100 0.036600 0.000000 0.018000 0.004500 0.013500 0.000000 0.018300 0.041700 0.032100 0.009000 0.022600 0.013500 0.004500 0.032000 0.046000 0.004500 0.022800 0.000000 0.018100 0.022900 0.022700 0.036600 0.018100 0.070500 0.004500 0.009000 0.013600 0.000000 0.009000 0.022700 0.051100 0.032000 0.022800 0.036600 0.046100 0.018100 0.018000 0.024700 0.004500 0.022700 0.050800 0.018100 0.018100
MaxwellsDu 0.022600 0.099800 0.036500 0.085100 0.018100 0.009000 0.000000 0.046400 0.027200 0.046000 0.009000 0.027200 0.013500 0.004500 0.009000 0.027500 0.051200 0.041600 0.013500 0.031800 0.022700 0.013500 0.041300 0.055400 0.013500 0.022800 0.009000 0.027200 0.022900 0.031900 0.046000 0.018100 0.080400 0.013500 0.018100 0.022700 0.009000 0.018100 0.027300 0.060700 0.041300 0.022800 0.046000 0.055600 0.027300 0.027200 0.025200 0.013500 0.032000 0.060300 0.027200 0.027200
GazellaPrz 0.060600 0.130900 0.065100 0.113000 0.056000 0.046400 0.046400 0.000000 0.055500 0.075100 0.046300 0.055400 0.051100 0.051100 0.046400 0.046400 0.080600 0.070500 0.056000 0.060200 0.051100 0.047900 0.070200 0.084800 0.051100 0.041500 0.046200 0.055500 0.041600 0.060400 0.075100 0.056200 0.110900 0.051200 0.055800 0.050900 0.046300 0.056000 0.056000 0.090400 0.070200 0.041500 0.075100 0.074800 0.055600 0.065400 0.051300 0.051000 0.051300 0.080000 0.055500 0.055500
MountainNy 0.031700 0.099000 0.008900 0.086600 0.027300 0.018100 0.027200 0.055500 0.000000 0.045600 0.018000 0.017900 0.022600 0.031800 0.018100 0.027300 0.050800 0.041200 0.027300 0.004400 0.031800 0.022600 0.041000 0.055100 0.022600 0.031800 0.018000 0.000000 0.031900 0.004400 0.045600 0.036600 0.079600 0.022600 0.027200 0.013400 0.018000 0.027300 0.041100 0.060300 0.041000 0.031800 0.045600 0.055200 0.019200 0.027100 0.043600 0.022600 0.041300 0.059700 0.000000 0.000000
MuntiacusM 0.050600 0.079000 0.055100 0.076900 0.043600 0.036600 0.046000 0.075100 0.045600 0.000000 0.036600 0.045600 0.041300 0.050700 0.036600 0.046100 0.032100 0.022800 0.046100 0.050200 0.050800 0.041300 0.004500 0.018000 0.041200 0.050700 0.036500 0.045600 0.050800 0.050500 0.000000 0.041400 0.051000 0.041300 0.046000 0.041100 0.036600 0.043400 0.050700 0.022800 0.004500 0.050600 0.000000 0.018100 0.047600 0.045800 0.062900 0.041200 0.060500 0.050500 0.045600 0.045600
goat 0.013400 0.089600 0.027200 0.075200 0.009000 0.000000 0.009000 0.046300 0.018000 0.036600 0.000000 0.018000 0.004500 0.013500 0.000000 0.018200 0.041700 0.032100 0.009000 0.022600 0.013500 0.004500 0.032000 0.045900 0.004500 0.022800 0.000000 0.018000 0.022900 0.022700 0.036600 0.018100 0.070500 0.004500 0.009000 0.013600 0.000000 0.009000 0.022600 0.051100 0.032000 0.022800 0.036600 0.046000 0.018100 0.018000 0.025900 0.004500 0.022700 0.050700 0.018000 0.018000
AfricanBuf 0.031700 0.098900 0.027000 0.084200 0.027200 0.018000 0.027200 0.055400 0.017900 0.045600 0.018000 0.000000 0.022600 0.022600 0.018000 0.027300 0.042500 0.036500 0.027200 0.022400 0.031800 0.022600 0.041000 0.054900 0.019300 0.031800 0.018000 0.017900 0.031800 0.022500 0.045600 0.027300 0.069800 0.022600 0.027200 0.013400 0.018000 0.027300 0.041100 0.060100 0.041000 0.031800 0.045600 0.055100 0.017900 0.027100 0.043200 0.022600 0.041200 0.059700 0.017900 0.017900
Topi 0.018000 0.094800 0.031900 0.080200 0.013600 0.004500 0.013500 0.051100 0.022600 0.041300 0.004500 0.022600 0.000000 0.018100 0.004500 0.022900 0.046500 0.036900 0.013600 0.027200 0.018100 0.004500 0.036700 0.050700 0.009000 0.027500 0.004500 0.022600 0.027500 0.027300 0.041300 0.022700 0.075500 0.000000 0.013500 0.018100 0.004500 0.013600 0.027300 0.055900 0.036700 0.027500 0.041300 0.050800 0.022700 0.022600 0.027300 0.009000 0.027400 0.055500 0.022600 0.022600
CommonDuik 0.027200 0.105100 0.041100 0.090100 0.022700 0.013500 0.004500 0.051100 0.031800 0.050700 0.013500 0.022600 0.018100 0.000000 0.013500 0.032200 0.051200 0.041500 0.018100 0.036400 0.027300 0.018100 0.046100 0.060200 0.015900 0.027400 0.013500 0.031800 0.027500 0.036500 0.050700 0.013600 0.085300 0.018100 0.022600 0.027300 0.013500 0.022700 0.031900 0.065600 0.046100 0.027400 0.050700 0.060400 0.031900 0.022600 0.030000 0.018000 0.036600 0.065100 0.031800 0.031800
Suni 0.013500 0.089500 0.027200 0.075200 0.009000 0.000000 0.009000 0.046400 0.018100 0.036600 0.000000 0.018000 0.004500 0.013500 0.000000 0.018300 0.041700 0.032100 0.009000 0.022600 0.013500 0.004500 0.032000 0.045900 0.004500 0.022800 0.000000 0.018100 0.022900 0.022700 0.036600 0.018100 0.070500 0.004500 0.009000 0.013600 0.000000 0.009000 0.022700 0.051100 0.032000 0.022800 0.036600 0.046100 0.018100 0.018000 0.025400 0.004500 0.022700 0.050800 0.018100 0.018100
Springbuck 0.032100 0.100000 0.036600 0.082700 0.027600 0.018300 0.027500 0.046400 0.027300 0.046100 0.018200 0.027300 0.022900 0.032200 0.018300 0.000000 0.051300 0.041600 0.027600 0.031900 0.022800 0.022900 0.041500 0.055600 0.022900 0.013600 0.018200 0.027300 0.013600 0.032000 0.046100 0.037000 0.080600 0.022900 0.027500 0.022800 0.018200 0.027600 0.032200 0.060900 0.041500 0.013600 0.046100 0.055700 0.027300 0.036800 0.044700 0.022800 0.032300 0.060400 0.027300 0.027300
Okapi 0.055900 0.084500 0.060400 0.067300 0.051400 0.041700 0.051200 0.080600 0.050800 0.032100 0.041700 0.042500 0.046500 0.051200 0.041700 0.051300 0.000000 0.009100 0.051300 0.055500 0.056000 0.046500 0.027500 0.041500 0.046400 0.055900 0.041600 0.050800 0.056000 0.055800 0.032100 0.056300 0.057200 0.046500 0.051200 0.046200 0.041600 0.051400 0.065700 0.046600 0.027500 0.055900 0.032100 0.041700 0.052600 0.055900 0.068200 0.046400 0.066000 0.046100 0.050800 0.050800
Giraffe 0.046200 0.074200 0.050600 0.062500 0.041700 0.032100 0.041600 0.070500 0.041200 0.022800 0.032100 0.036500 0.036900 0.041500 0.032100 0.041600 0.009100 0.000000 0.041600 0.045800 0.046300 0.036900 0.018200 0.032000 0.036800 0.046200 0.032100 0.041200 0.046300 0.046000 0.022800 0.046500 0.049600 0.036900 0.041500 0.036600 0.032100 0.041700 0.055800 0.037000 0.018200 0.046200 0.022800 0.032100 0.042900 0.046200 0.058300 0.036800 0.056100 0.046000 0.041200 0.041200
TibetanAnt 0.022700 0.096900 0.036600 0.082900 0.018100 0.009000 0.013500 0.056000 0.027300 0.046100 0.009000 0.027200 0.013600 0.018100 0.009000 0.027600 0.051300 0.041600 0.000000 0.031800 0.022700 0.013600 0.041400 0.055500 0.013500 0.032200 0.009000 0.027300 0.032200 0.032000 0.046100 0.027400 0.080400 0.013600 0.018100 0.022800 0.009000 0.018200 0.032000 0.060800 0.041400 0.032200 0.046100 0.055600 0.027300 0.027200 0.031900 0.013500 0.032000 0.060400 0.027300 0.027300
Sitatunga 0.036300 0.103900 0.013300 0.091500 0.031800 0.022600 0.031800 0.060200 0.004400 0.050200 0.022600 0.022400 0.027200 0.036400 0.022600 0.031900 0.055500 0.045800 0.031800 0.000000 0.036400 0.027200 0.045700 0.059800 0.027100 0.036400 0.022500 0.004400 0.036500 0.008900 0.050200 0.041200 0.084400 0.027200 0.031700 0.018000 0.022600 0.031900 0.045800 0.065100 0.045700 0.036400 0.050200 0.060000 0.024000 0.031700 0.048300 0.027100 0.045900 0.064400 0.004400 0.004400
Oribi 0.027200 0.104800 0.041200 0.087400 0.022700 0.013500 0.022700 0.051100 0.031800 0.050800 0.013500 0.031800 0.018100 0.027300 0.013500 0.022800 0.056000 0.046300 0.022700 0.036400 0.000000 0.018100 0.046100 0.050700 0.018100 0.027400 0.013500 0.031800 0.027500 0.036600 0.050800 0.032000 0.080400 0.018100 0.022600 0.027300 0.013500 0.022700 0.027300 0.065600 0.046100 0.027400 0.050800 0.050900 0.031900 0.031800 0.039300 0.018100 0.027400 0.060300 0.031800 0.031800
BarbaryShe 0.018000 0.096600 0.031900 0.080200 0.013600 0.004500 0.013500 0.047900 0.022600 0.041300 0.004500 0.022600 0.004500 0.018100 0.004500 0.022900 0.046500 0.036900 0.013600 0.027200 0.018100 0.000000 0.036700 0.050700 0.009000 0.027500 0.004500 0.022600 0.027500 0.027300 0.041300 0.022700 0.075500 0.004500 0.013500 0.018100 0.004500 0.013600 0.027300 0.055900 0.036700 0.027400 0.041300 0.050800 0.022700 0.022600 0.022700 0.009000 0.027400 0.055500 0.022600 0.022600
Daviddeer 0.045900 0.084300 0.050500 0.072400 0.039700 0.032000 0.041300 0.070200 0.041000 0.004500 0.032000 0.041000 0.036700 0.046100 0.032000 0.041500 0.027500 0.018200 0.041400 0.045700 0.046100 0.036700 0.000000 0.013500 0.036600 0.046000 0.031900 0.041000 0.046100 0.045900 0.004500 0.041500 0.046300 0.036700 0.041300 0.036500 0.032000 0.039200 0.055500 0.018200 0.000000 0.046000 0.004500 0.013500 0.043200 0.041200 0.058700 0.036600 0.055800 0.045900 0.041000 0.041000
Reindeer 0.060000 0.099200 0.064600 0.087100 0.054100 0.046000 0.055400 0.084800 0.055100 0.018000 0.045900 0.054900 0.050700 0.060200 0.045900 0.055600 0.041500 0.032000 0.055500 0.059800 0.050700 0.050700 0.013500 0.000000 0.050600 0.060200 0.045800 0.055100 0.060300 0.060000 0.018000 0.055600 0.060500 0.050700 0.055300 0.050500 0.045900 0.053600 0.069800 0.032100 0.013500 0.060100 0.018000 0.009000 0.057600 0.055200 0.073200 0.050600 0.070000 0.060000 0.055100 0.055100
Ibex 0.017900 0.094500 0.031800 0.080100 0.013500 0.004500 0.013500 0.051100 0.022600 0.041200 0.004500 0.019300 0.009000 0.015900 0.004500 0.022900 0.046400 0.036800 0.013500 0.027100 0.018100 0.009000 0.036600 0.050600 0.000000 0.027400 0.004500 0.022600 0.027500 0.027300 0.041200 0.022600 0.075400 0.009000 0.013500 0.018100 0.004500 0.013500 0.027200 0.055800 0.036600 0.027400 0.041200 0.050700 0.022600 0.020800 0.030600 0.009000 0.027300 0.055500 0.022600 0.022600
GyrantGaze 0.032100 0.104700 0.041100 0.087500 0.032200 0.022800 0.022800 0.041500 0.031800 0.050700 0.022800 0.031800 0.027500 0.027400 0.022800 0.013600 0.055900 0.046200 0.032200 0.036400 0.027400 0.027500 0.046000 0.060200 0.027400 0.000000 0.022800 0.031800 0.009000 0.036600 0.050700 0.032300 0.085300 0.027500 0.032100 0.027300 0.022800 0.032200 0.032100 0.065500 0.046000 0.000000 0.050700 0.060400 0.031900 0.041400 0.040000 0.027400 0.036900 0.065000 0.031800 0.031800
Hartebeest 0.013500 0.089400 0.027100 0.075100 0.009000 0.000000 0.009000 0.046200 0.018000 0.036500 0.000000 0.018000 0.004500 0.013500 0.000000 0.018200 0.041600 0.032100 0.009000 0.022500 0.013500 0.004500 0.031900 0.045800 0.004500 0.022800 0.000000 0.018000 0.022800 0.022600 0.036500 0.018100 0.070400 0.004500 0.008900 0.013500 0.000000 0.009000 0.022600 0.051000 0.031900 0.022700 0.036500 0.046000 0.018100 0.017900 0.025100 0.004400 0.022700 0.050600 0.018000 0.018000
Bongo 0.031700 0.099000 0.008900 0.086600 0.027300 0.018100 0.027200 0.055500 0.000000 0.045600 0.018000 0.017900 0.022600 0.031800 0.018100 0.027300 0.050800 0.041200 0.027300 0.004400 0.031800 0.022600 0.041000 0.055100 0.022600 0.031800 0.018000 0.000000 0.031900 0.004400 0.045600 0.036600 0.079600 0.022600 0.027200 0.013400 0.018000 0.027300 0.041100 0.060300 0.041000 0.031800 0.045600 0.055200 0.019200 0.027100 0.043600 0.022600 0.041300 0.059700 0.000000 0.000000
Gerenuk 0.036900 0.104900 0.041200 0.087600 0.032200 0.022900 0.022900 0.041600 0.031900 0.050800 0.022900 0.031800 0.027500 0.027500 0.022900 0.013600 0.056000 0.046300 0.032200 0.036500 0.027500 0.027500 0.046100 0.060300 0.027500 0.009000 0.022800 0.031900 0.000000 0.036600 0.050800 0.032400 0.085500 0.027600 0.032100 0.027400 0.022800 0.032200 0.032200 0.065700 0.046100 0.009000 0.050800 0.060500 0.031900 0.041500 0.040100 0.027400 0.037000 0.065200 0.031900 0.031900
CommonElan 0.036500 0.104400 0.013400 0.091900 0.032000 0.022700 0.031900 0.060400 0.004400 0.050500 0.022700 0.022500 0.027300 0.036500 0.022700 0.032000 0.055800 0.046000 0.032000 0.008900 0.036600 0.027300 0.045900 0.060000 0.027300 0.036600 0.022600 0.004400 0.036600 0.000000 0.050500 0.041400 0.084800 0.027300 0.031900 0.018000 0.022700 0.032000 0.046000 0.065300 0.045900 0.036500 0.050500 0.060200 0.024100 0.031800 0.048600 0.027200 0.046100 0.064700 0.004400 0.004400
MuntiacusR 0.050600 0.079000 0.055100 0.076900 0.043600 0.036600 0.046000 0.075100 0.045600 0.000000 0.036600 0.045600 0.041300 0.050700 0.036600 0.046100 0.032100 0.022800 0.046100 0.050200 0.050800 0.041300 0.004500 0.018000 0.041200 0.050700 0.036500 0.045600 0.050800 0.050500 0.000000 0.041400 0.051000 0.041300 0.046000 0.041100 0.036600 0.043400 0.050700 0.022800 0.004500 0.050600 0.000000 0.018100 0.047600 0.045800 0.062900 0.041200 0.060500 0.050500 0.045600 0.045600
HarveysDui 0.031800 0.105300 0.046000 0.095400 0.025100 0.018100 0.018100 0.056200 0.036600 0.041400 0.018100 0.027300 0.022700 0.013600 0.018100 0.037000 0.056300 0.046500 0.027400 0.041200 0.032000 0.022700 0.041500 0.055600 0.022600 0.032300 0.018100 0.036600 0.032400 0.041400 0.041400 0.000000 0.080700 0.022700 0.027300 0.032100 0.018100 0.024700 0.032000 0.061000 0.041500 0.032200 0.041400 0.055800 0.036700 0.018100 0.035600 0.022700 0.041400 0.070200 0.036600 0.036600
Pronghorn 0.085200 0.115300 0.089500 0.097900 0.078500 0.070500 0.080400 0.110900 0.079600 0.051000 0.070500 0.069800 0.075500 0.085300 0.070500 0.080600 0.057200 0.049600 0.080400 0.084400 0.080400 0.075500 0.046300 0.060500 0.075400 0.085300 0.070400 0.079600 0.085500 0.084800 0.051000 0.080700 0.000000 0.075500 0.080200 0.075000 0.070400 0.078200 0.095300 0.065900 0.046300 0.085200 0.051000 0.060700 0.077400 0.080200 0.098600 0.075300 0.095700 0.079500 0.079600 0.079600
BlueWildeb 0.018000 0.094800 0.031900 0.080300 0.013600 0.004500 0.013500 0.051200 0.022600 0.041300 0.004500 0.022600 0.000000 0.018100 0.004500 0.022900 0.046500 0.036900 0.013600 0.027200 0.018100 0.004500 0.036700 0.050700 0.009000 0.027500 0.004500 0.022600 0.027600 0.027300 0.041300 0.022700 0.075500 0.000000 0.013500 0.018200 0.004500 0.013600 0.027300 0.056000 0.036700 0.027500 0.041300 0.050900 0.022700 0.022600 0.027300 0.009000 0.027400 0.055600 0.022600 0.022600
Gemsbok 0.022600 0.099700 0.036400 0.085000 0.018100 0.009000 0.018100 0.055800 0.027200 0.046000 0.009000 0.027200 0.013500 0.022600 0.009000 0.027500 0.051200 0.041500 0.018100 0.031700 0.022600 0.013500 0.041300 0.055300 0.013500 0.032100 0.008900 0.027200 0.032100 0.031900 0.046000 0.027300 0.080200 0.013500 0.000000 0.022700 0.009000 0.018100 0.031800 0.060600 0.041300 0.032000 0.046000 0.055500 0.027200 0.027000 0.034800 0.013400 0.031900 0.060200 0.027200 0.027200
Yak 0.027300 0.094000 0.022500 0.079700 0.022800 0.013600 0.022700 0.050900 0.013400 0.041100 0.013600 0.013400 0.018100 0.027300 0.013600 0.022800 0.046200 0.036600 0.022800 0.018000 0.027300 0.018100 0.036500 0.050500 0.018100 0.027300 0.013500 0.013400 0.027400 0.018000 0.041100 0.032100 0.075000 0.018200 0.022700 0.000000 0.013500 0.022800 0.036600 0.055600 0.036500 0.027300 0.041100 0.050600 0.004400 0.031900 0.038500 0.018100 0.036700 0.055300 0.013400 0.013400
BlueSheep 0.013500 0.089500 0.027200 0.075200 0.009000 0.000000 0.009000 0.046300 0.018000 0.036600 0.000000 0.018000 0.004500 0.013500 0.000000 0.018200 0.041600 0.032100 0.009000 0.022600 0.013500 0.004500 0.032000 0.045900 0.004500 0.022800 0.000000 0.018000 0.022800 0.022700 0.036600 0.018100 0.070400 0.004500 0.009000 0.013500 0.000000 0.009000 0.022600 0.051000 0.032000 0.022800 0.036600 0.046000 0.018100 0.018000 0.025100 0.004500 0.022700 0.050700 0.018000 0.018000
BohorReedb 0.022700 0.099800 0.036600 0.087400 0.009000 0.009000 0.018100 0.056000 0.027300 0.043400 0.009000 0.027300 0.013600 0.022700 0.009000 0.027600 0.051400 0.041700 0.018200 0.031900 0.022700 0.013600 0.039200 0.053600 0.013500 0.032200 0.009000 0.027300 0.032200 0.032000 0.043400 0.024700 0.078200 0.013600 0.018100 0.022800 0.009000 0.000000 0.032000 0.059300 0.039200 0.032100 0.043400 0.053900 0.028800 0.024100 0.034100 0.013500 0.032100 0.060400 0.027300 0.027300
KirksDik 0.036400 0.104900 0.050600 0.097800 0.031900 0.022700 0.027300 0.056000 0.041100 0.050700 0.022600 0.041100 0.027300 0.031900 0.022700 0.032200 0.065700 0.055800 0.032000 0.045800 0.027300 0.027300 0.055500 0.069800 0.027200 0.032100 0.022600 0.041100 0.032200 0.046000 0.050700 0.032000 0.095300 0.027300 0.031800 0.036600 0.022600 0.032000 0.000000 0.075300 0.055500 0.032100 0.050700 0.070000 0.041200 0.041000 0.044500 0.027200 0.036600 0.074800 0.041100 0.041100
RoeDeer 0.065300 0.094800 0.070000 0.092800 0.059800 0.051100 0.060700 0.090400 0.060300 0.022800 0.051100 0.060100 0.055900 0.065600 0.051100 0.060900 0.046600 0.037000 0.060800 0.065100 0.065600 0.055900 0.018200 0.032100 0.055800 0.065500 0.051000 0.060300 0.065700 0.065300 0.022800 0.061000 0.065900 0.056000 0.060600 0.055600 0.051000 0.059300 0.075300 0.000000 0.018200 0.065400 0.022800 0.032200 0.062800 0.060500 0.082000 0.055800 0.075700 0.065200 0.060300 0.060300
WhiteLippe 0.045900 0.084300 0.050500 0.072400 0.039700 0.032000 0.041300 0.070200 0.041000 0.004500 0.032000 0.041000 0.036700 0.046100 0.032000 0.041500 0.027500 0.018200 0.041400 0.045700 0.046100 0.036700 0.000000 0.013500 0.036600 0.046000 0.031900 0.041000 0.046100 0.045900 0.004500 0.041500 0.046300 0.036700 0.041300 0.036500 0.032000 0.039200 0.055500 0.018200 0.000000 0.046000 0.004500 0.013500 0.043200 0.041200 0.058700 0.036600 0.055800 0.045900 0.041000 0.041000
ThomsonGaz 0.032000 0.104600 0.041100 0.087600 0.032100 0.022800 0.022800 0.041500 0.031800 0.050600 0.022800 0.031800 0.027500 0.027400 0.022800 0.013600 0.055900 0.046200 0.032200 0.036400 0.027400 0.027400 0.046000 0.060100 0.027400 0.000000 0.022700 0.031800 0.009000 0.036500 0.050600 0.032200 0.085200 0.027500 0.032000 0.027300 0.022800 0.032100 0.032100 0.065400 0.046000 0.000000 0.050600 0.060300 0.031800 0.041300 0.039500 0.027400 0.036900 0.065000 0.031800 0.031800
MuntiacusC 0.050600 0.079000 0.055100 0.076900 0.043600 0.036600 0.046000 0.075100 0.045600 0.000000 0.036600 0.045600 0.041300 0.050700 0.036600 0.046100 0.032100 0.022800 0.046100 0.050200 0.050800 0.041300 0.004500 0.018000 0.041200 0.050700 0.036500 0.045600 0.050800 0.050500 0.000000 0.041400 0.051000 0.041300 0.046000 0.041100 0.036600 0.043400 0.050700 0.022800 0.004500 0.050600 0.000000 0.018100 0.047600 0.045800 0.062900 0.041200 0.060500 0.050500 0.045600 0.045600
WhiteTaile 0.060200 0.099600 0.064900 0.087300 0.054300 0.046100 0.055600 0.074800 0.055200 0.018100 0.046000 0.055100 0.050800 0.060400 0.046100 0.055700 0.041700 0.032100 0.055600 0.060000 0.050900 0.050800 0.013500 0.009000 0.050700 0.060400 0.046000 0.055200 0.060500 0.060200 0.018100 0.055800 0.060700 0.050900 0.055500 0.050600 0.046000 0.053900 0.070000 0.032200 0.013500 0.060300 0.018100 0.000000 0.057700 0.055400 0.073500 0.050700 0.070300 0.060200 0.055200 0.055200
Cattle 0.031800 0.098800 0.028700 0.074600 0.029000 0.018100 0.027300 0.055600 0.019200 0.047600 0.018100 0.017900 0.022700 0.031900 0.018100 0.027300 0.052600 0.042900 0.027300 0.024000 0.031900 0.022700 0.043200 0.057600 0.022600 0.031900 0.018100 0.019200 0.031900 0.024100 0.047600 0.036700 0.077400 0.022700 0.027200 0.004400 0.018100 0.028800 0.041200 0.062800 0.043200 0.031800 0.047600 0.057700 0.000000 0.036400 0.043200 0.022600 0.043400 0.059900 0.019200 0.019200
RoyalAntel 0.031700 0.109700 0.036300 0.094700 0.024400 0.018000 0.027200 0.065400 0.027100 0.045800 0.018000 0.027100 0.022600 0.022600 0.018000 0.036800 0.055900 0.046200 0.027200 0.031700 0.031800 0.022600 0.041200 0.055200 0.020800 0.041400 0.017900 0.027100 0.041500 0.031800 0.045800 0.018100 0.080200 0.022600 0.027000 0.031900 0.018000 0.024100 0.041000 0.060500 0.041200 0.041300 0.045800 0.055400 0.036400 0.000000 0.044200 0.022500 0.041200 0.069700 0.027100 0.027100
Steenbok 0.040200 0.107000 0.053300 0.092400 0.034400 0.024700 0.025200 0.051300 0.043600 0.062900 0.025900 0.043200 0.027300 0.030000 0.025400 0.044700 0.068200 0.058300 0.031900 0.048300 0.039300 0.022700 0.058700 0.073200 0.030600 0.040000 0.025100 0.043600 0.040100 0.048600 0.062900 0.035600 0.098600 0.027300 0.034800 0.038500 0.025100 0.034100 0.044500 0.082000 0.058700 0.039500 0.062900 0.073500 0.043200 0.044200 0.000000 0.029900 0.049100 0.077300 0.043600 0.043600
Impala 0.018000 0.094500 0.031800 0.080000 0.013500 0.004500 0.013500 0.051000 0.022600 0.041200 0.004500 0.022600 0.009000 0.018000 0.004500 0.022800 0.046400 0.036800 0.013500 0.027100 0.018100 0.009000 0.036600 0.050600 0.009000 0.027400 0.004400 0.022600 0.027400 0.027200 0.041200 0.022700 0.075300 0.009000 0.013400 0.018100 0.004500 0.013500 0.027200 0.055800 0.036600 0.027400 0.041200 0.050700 0.022600 0.022500 0.029900 0.000000 0.027300 0.055400 0.022600 0.022600
Klipspring 0.036500 0.115600 0.050700 0.100400 0.027300 0.022700 0.032000 0.051300 0.041300 0.060500 0.022700 0.041200 0.027400 0.036600 0.022700 0.032300 0.066000 0.056100 0.032000 0.045900 0.027400 0.027400 0.055800 0.070000 0.027300 0.036900 0.022700 0.041300 0.037000 0.046100 0.060500 0.041400 0.095700 0.027400 0.031900 0.036700 0.022700 0.032100 0.036600 0.075700 0.055800 0.036900 0.060500 0.070300 0.043400 0.041200 0.049100 0.027300 0.000000 0.065300 0.041300 0.041300
ForestMusk 0.055400 0.114400 0.069400 0.094300 0.060400 0.050800 0.060300 0.080000 0.059700 0.050500 0.050700 0.059700 0.055500 0.065100 0.050800 0.060400 0.046100 0.046000 0.060400 0.064400 0.060300 0.055500 0.045900 0.060000 0.055500 0.065000 0.050600 0.059700 0.065200 0.064700 0.050500 0.070200 0.079500 0.055600 0.060200 0.055300 0.050700 0.060400 0.074800 0.065200 0.045900 0.065000 0.050500 0.060200 0.059900 0.069700 0.077300 0.055400 0.065300 0.000000 0.059700 0.059700
Bushbuck 0.031700 0.099000 0.008900 0.086600 0.027300 0.018100 0.027200 0.055500 0.000000 0.045600 0.018000 0.017900 0.022600 0.031800 0.018100 0.027300 0.050800 0.041200 0.027300 0.004400 0.031800 0.022600 0.041000 0.055100 0.022600 0.031800 0.018000 0.000000 0.031900 0.004400 0.045600 0.036600 0.079600 0.022600 0.027200 0.013400 0.018000 0.027300 0.041100 0.060300 0.041000 0.031800 0.045600 0.055200 0.019200 0.027100 0.043600 0.022600 0.041300 0.059700 0.000000 0.000000
GreaterKud 0.031700 0.099000 0.008900 0.086600 0.027300 0.018100 0.027200 0.055500 0.000000 0.045600 0.018000 0.017900 0.022600 0.031800 0.018100 0.027300 0.050800 0.041200 0.027300 0.004400 0.031800 0.022600 0.041000 0.055100 0.022600 0.031800 0.018000 0.000000 0.031900 0.004400 0.045600 0.036600 0.079600 0.022600 0.027200 0.013400 0.018000 0.027300 0.041100 0.060300 0.041000 0.031800 0.045600 0.055200 0.019200 0.027100 0.043600 0.022600 0.041300 0.059700 0.000000 0.000000
