CODONML (in paml version 4.10.7, June 2023)  /home/rachel/ruminants_paml/6406-phy-tree/ENSBTAT00000028260.fasta.phy
Model: free dN/dS Ratios for branches,  kappa = 2.000 fixed

Codon frequency model: F3x4
ns =  54  ls =  49

Codon usage in sequences
--------------------------------------------------------------------------------------------------------------------------------------
Phe TTT   6   6   6   5   6   6 | Ser TCT   0   1   0   0   1   1 | Tyr TAT   0   0   0   0   0   0 | Cys TGT   0   0   0   0   0   0
    TTC   2   2   2   3   2   2 |     TCC   1   0   1   1   0   0 |     TAC   0   0   0   0   0   0 |     TGC   0   0   0   0   0   0
Leu TTA   2   2   1   2   2   2 |     TCA   1   1   1   1   1   1 | *** TAA   0   0   0   0   0   0 | *** TGA   0   0   0   0   0   0
    TTG   0   0   1   0   0   0 |     TCG   0   0   0   0   0   0 |     TAG   0   0   0   0   0   0 | Trp TGG   0   0   0   0   0   0
--------------------------------------------------------------------------------------------------------------------------------------
Leu CTT   0   0   0   0   0   0 | Pro CCT   0   0   0   0   0   0 | His CAT   0   0   0   0   0   0 | Arg CGT   1   1   1   1   0   1
    CTC   0   0   0   0   0   0 |     CCC   1   1   1   1   1   1 |     CAC   0   0   0   0   0   0 |     CGC   0   0   0   0   1   0
    CTA   0   0   0   0   0   0 |     CCA   0   0   0   0   0   0 | Gln CAA   1   1   1   1   0   1 |     CGA   1   1   1   1   1   1
    CTG   0   0   0   0   0   0 |     CCG   0   0   0   0   0   0 |     CAG   1   1   1   1   2   1 |     CGG   0   0   0   0   0   0
--------------------------------------------------------------------------------------------------------------------------------------
Ile ATT   1   1   1   1   1   1 | Thr ACT   1   1   1   1   1   1 | Asn AAT   3   3   3   2   3   3 | Ser AGT   0   0   0   0   0   0
    ATC   0   0   0   0   0   0 |     ACC   1   1   1   1   1   1 |     AAC   1   1   1   2   1   1 |     AGC   0   0   0   0   0   0
    ATA   0   0   0   0   0   0 |     ACA   2   2   2   2   2   2 | Lys AAA   2   2   2   2   2   2 | Arg AGA   0   0   0   0   0   0
Met ATG   2   2   2   2   2   2 |     ACG   0   0   0   0   0   0 |     AAG   0   0   0   0   0   0 |     AGG   0   0   0   0   0   0
--------------------------------------------------------------------------------------------------------------------------------------
Val GTT   3   3   2   3   3   3 | Ala GCT   0   0   0   0   0   0 | Asp GAT   3   4   4   4   3   4 | Gly GGT   0   0   0   0   0   0
    GTC   1   1   2   1   1   1 |     GCC   0   0   0   0   0   0 |     GAC   1   0   0   0   1   0 |     GGC   0   0   0   0   0   0
    GTA   0   0   0   0   0   0 |     GCA   4   4   4   4   3   4 | Glu GAA   3   3   3   3   3   3 |     GGA   0   0   0   0   0   0
    GTG   0   0   0   0   0   0 |     GCG   0   0   0   0   1   0 |     GAG   3   3   3   3   3   3 |     GGG   1   1   1   1   1   1
--------------------------------------------------------------------------------------------------------------------------------------

--------------------------------------------------------------------------------------------------------------------------------------
Phe TTT   6   6   6   6   6   6 | Ser TCT   0   0   0   0   0   0 | Tyr TAT   0   0   0   0   0   0 | Cys TGT   0   0   0   0   0   0
    TTC   2   2   2   2   2   2 |     TCC   1   1   1   1   1   1 |     TAC   0   0   0   0   0   0 |     TGC   0   0   0   0   0   0
Leu TTA   2   2   2   2   1   2 |     TCA   1   1   1   1   1   1 | *** TAA   0   0   0   0   0   0 | *** TGA   0   0   0   0   0   0
    TTG   0   0   0   0   1   0 |     TCG   0   0   0   0   0   0 |     TAG   0   0   0   0   0   0 | Trp TGG   0   0   0   0   0   0
--------------------------------------------------------------------------------------------------------------------------------------
Leu CTT   0   0   0   0   0   0 | Pro CCT   0   0   0   0   0   0 | His CAT   0   0   0   0   0   0 | Arg CGT   1   1   1   1   1   1
    CTC   0   0   0   0   0   0 |     CCC   0   1   1   1   1   1 |     CAC   0   0   0   0   0   0 |     CGC   0   0   0   0   0   0
    CTA   0   0   0   0   0   0 |     CCA   1   0   0   0   0   0 | Gln CAA   1   1   1   1   1   2 |     CGA   1   1   1   1   1   1
    CTG   0   0   0   0   0   0 |     CCG   0   0   0   0   0   0 |     CAG   1   1   1   1   1   0 |     CGG   0   0   0   0   0   0
--------------------------------------------------------------------------------------------------------------------------------------
Ile ATT   1   1   1   1   1   1 | Thr ACT   1   1   1   1   1   1 | Asn AAT   3   3   3   3   3   3 | Ser AGT   0   0   0   0   0   0
    ATC   0   0   0   0   0   0 |     ACC   1   1   1   1   1   1 |     AAC   1   1   1   1   1   1 |     AGC   0   0   0   0   0   0
    ATA   0   0   0   0   0   0 |     ACA   2   2   2   2   2   1 | Lys AAA   1   2   2   2   2   2 | Arg AGA   0   0   0   0   0   0
Met ATG   2   2   2   2   2   2 |     ACG   0   0   0   0   0   1 |     AAG   1   0   0   0   0   0 |     AGG   0   0   0   0   0   0
--------------------------------------------------------------------------------------------------------------------------------------
Val GTT   3   3   3   3   3   3 | Ala GCT   0   0   0   0   0   0 | Asp GAT   4   3   4   4   4   4 | Gly GGT   0   0   0   0   0   0
    GTC   1   1   1   1   1   1 |     GCC   0   0   0   0   0   0 |     GAC   0   1   0   0   0   0 |     GGC   0   0   0   0   0   0
    GTA   0   0   0   0   0   0 |     GCA   4   4   4   4   4   4 | Glu GAA   3   3   3   3   3   3 |     GGA   0   0   0   0   0   0
    GTG   0   0   0   0   0   0 |     GCG   0   0   0   0   0   0 |     GAG   3   3   3   3   3   3 |     GGG   1   1   1   1   1   1
--------------------------------------------------------------------------------------------------------------------------------------

--------------------------------------------------------------------------------------------------------------------------------------
Phe TTT   6   6   6   6   6   6 | Ser TCT   0   0   0   0   0   0 | Tyr TAT   0   0   0   0   0   0 | Cys TGT   0   0   0   0   0   0
    TTC   2   2   2   2   2   2 |     TCC   1   1   1   1   1   1 |     TAC   0   0   0   0   0   0 |     TGC   0   0   0   0   0   0
Leu TTA   2   2   2   2   2   2 |     TCA   1   1   1   1   1   1 | *** TAA   0   0   0   0   0   0 | *** TGA   0   0   0   0   0   0
    TTG   0   0   0   0   0   0 |     TCG   0   0   0   0   0   0 |     TAG   0   0   0   0   0   0 | Trp TGG   0   0   0   0   0   0
--------------------------------------------------------------------------------------------------------------------------------------
Leu CTT   0   0   0   0   0   0 | Pro CCT   0   0   0   0   0   0 | His CAT   0   0   0   0   0   0 | Arg CGT   1   1   1   1   1   1
    CTC   0   0   0   0   0   0 |     CCC   1   1   1   1   1   1 |     CAC   0   0   0   0   0   0 |     CGC   0   0   0   0   0   0
    CTA   0   0   0   0   0   0 |     CCA   0   0   0   0   0   0 | Gln CAA   1   1   1   2   1   1 |     CGA   1   1   1   1   1   1
    CTG   0   0   0   0   0   0 |     CCG   0   0   0   0   0   0 |     CAG   1   1   1   0   1   1 |     CGG   0   0   0   0   0   0
--------------------------------------------------------------------------------------------------------------------------------------
Ile ATT   1   1   1   1   1   1 | Thr ACT   1   0   1   1   1   1 | Asn AAT   3   3   3   3   2   3 | Ser AGT   0   0   0   0   0   0
    ATC   0   0   0   0   0   0 |     ACC   1   2   1   1   1   1 |     AAC   1   1   1   1   2   1 |     AGC   0   0   0   0   0   0
    ATA   0   0   0   0   0   0 |     ACA   2   2   2   2   2   2 | Lys AAA   2   2   2   2   1   2 | Arg AGA   0   0   0   0   0   0
Met ATG   2   2   2   2   2   2 |     ACG   0   0   0   0   0   0 |     AAG   0   0   0   0   1   0 |     AGG   0   0   0   0   0   0
--------------------------------------------------------------------------------------------------------------------------------------
Val GTT   3   3   3   3   3   3 | Ala GCT   0   0   0   0   0   0 | Asp GAT   4   3   4   4   4   4 | Gly GGT   0   0   0   0   0   0
    GTC   1   1   1   1   1   1 |     GCC   0   0   0   0   0   0 |     GAC   0   1   0   0   0   0 |     GGC   0   0   0   0   0   0
    GTA   0   0   0   0   0   0 |     GCA   4   4   4   4   4   4 | Glu GAA   3   3   3   4   3   3 |     GGA   0   1   0   0   0   0
    GTG   0   0   0   0   0   0 |     GCG   0   0   0   0   0   0 |     GAG   3   3   3   2   3   3 |     GGG   1   0   1   1   1   1
--------------------------------------------------------------------------------------------------------------------------------------

--------------------------------------------------------------------------------------------------------------------------------------
Phe TTT   6   6   6   6   6   6 | Ser TCT   0   0   0   0   0   0 | Tyr TAT   0   0   0   0   0   0 | Cys TGT   0   0   0   0   0   0
    TTC   2   2   2   2   2   2 |     TCC   1   1   1   1   1   1 |     TAC   0   0   0   0   0   0 |     TGC   0   0   0   0   0   0
Leu TTA   2   2   2   1   2   2 |     TCA   0   0   1   1   1   1 | *** TAA   0   0   0   0   0   0 | *** TGA   0   0   0   0   0   0
    TTG   0   0   0   1   0   0 |     TCG   0   0   0   0   0   0 |     TAG   0   0   0   0   0   0 | Trp TGG   0   0   0   0   0   0
--------------------------------------------------------------------------------------------------------------------------------------
Leu CTT   0   0   0   0   0   0 | Pro CCT   0   0   0   0   0   0 | His CAT   0   0   0   0   0   0 | Arg CGT   1   1   1   1   1   1
    CTC   0   0   0   0   0   0 |     CCC   1   1   1   1   1   1 |     CAC   0   0   0   0   0   0 |     CGC   0   0   0   0   0   0
    CTA   0   0   0   0   0   0 |     CCA   0   0   0   0   0   0 | Gln CAA   1   1   1   1   1   1 |     CGA   1   1   1   1   1   1
    CTG   0   0   0   0   0   0 |     CCG   0   0   0   0   0   0 |     CAG   1   1   1   1   1   1 |     CGG   0   0   0   0   0   0
--------------------------------------------------------------------------------------------------------------------------------------
Ile ATT   1   1   1   1   1   1 | Thr ACT   1   1   1   1   1   1 | Asn AAT   3   3   3   3   3   3 | Ser AGT   0   0   0   0   0   0
    ATC   0   0   0   0   0   0 |     ACC   1   1   1   1   1   1 |     AAC   1   1   1   1   1   1 |     AGC   0   0   0   0   0   0
    ATA   0   0   0   0   0   0 |     ACA   2   2   2   2   2   2 | Lys AAA   2   2   2   2   2   2 | Arg AGA   0   0   0   0   0   0
Met ATG   2   2   2   2   2   2 |     ACG   0   0   0   0   0   0 |     AAG   0   0   0   0   0   0 |     AGG   0   0   0   0   0   0
--------------------------------------------------------------------------------------------------------------------------------------
Val GTT   3   3   3   3   3   3 | Ala GCT   0   0   0   0   0   0 | Asp GAT   4   4   4   4   4   4 | Gly GGT   0   0   0   0   0   0
    GTC   1   1   1   1   1   1 |     GCC   0   0   0   0   0   0 |     GAC   0   0   0   0   0   0 |     GGC   0   0   0   0   0   0
    GTA   0   0   0   0   0   0 |     GCA   5   5   4   4   4   4 | Glu GAA   3   3   3   3   3   3 |     GGA   0   0   0   0   0   0
    GTG   0   0   0   0   0   0 |     GCG   0   0   0   0   0   0 |     GAG   3   3   3   3   3   3 |     GGG   1   1   1   1   1   1
--------------------------------------------------------------------------------------------------------------------------------------

--------------------------------------------------------------------------------------------------------------------------------------
Phe TTT   6   6   6   6   6   6 | Ser TCT   0   0   0   0   0   0 | Tyr TAT   0   0   0   0   0   0 | Cys TGT   0   0   0   0   0   0
    TTC   2   2   2   2   2   2 |     TCC   1   1   1   1   1   1 |     TAC   0   0   0   0   0   0 |     TGC   0   0   0   0   0   0
Leu TTA   2   2   2   2   2   1 |     TCA   1   1   1   1   1   1 | *** TAA   0   0   0   0   0   0 | *** TGA   0   0   0   0   0   0
    TTG   0   0   0   0   0   1 |     TCG   0   0   0   0   0   0 |     TAG   0   0   0   0   0   0 | Trp TGG   0   0   0   0   0   0
--------------------------------------------------------------------------------------------------------------------------------------
Leu CTT   0   0   0   0   0   0 | Pro CCT   0   0   0   0   0   0 | His CAT   0   0   0   0   0   0 | Arg CGT   1   1   1   1   1   1
    CTC   0   0   0   0   0   0 |     CCC   1   1   1   1   1   1 |     CAC   0   0   0   0   0   0 |     CGC   0   0   0   0   0   0
    CTA   0   0   0   0   0   0 |     CCA   0   0   0   0   0   0 | Gln CAA   1   1   1   1   1   1 |     CGA   1   1   1   1   1   1
    CTG   0   0   0   0   0   0 |     CCG   0   0   0   0   0   0 |     CAG   1   1   1   1   1   1 |     CGG   0   0   0   0   0   0
--------------------------------------------------------------------------------------------------------------------------------------
Ile ATT   1   1   1   1   1   1 | Thr ACT   1   1   1   1   1   1 | Asn AAT   3   3   3   3   3   3 | Ser AGT   0   0   0   0   0   0
    ATC   0   0   0   0   0   0 |     ACC   1   1   1   1   1   1 |     AAC   1   1   1   1   1   1 |     AGC   0   0   0   0   0   0
    ATA   0   0   0   0   0   0 |     ACA   2   2   2   2   2   2 | Lys AAA   2   2   2   2   2   2 | Arg AGA   0   0   0   0   0   0
Met ATG   2   2   2   2   2   2 |     ACG   0   0   0   0   0   0 |     AAG   0   0   0   0   0   0 |     AGG   0   0   0   0   0   0
--------------------------------------------------------------------------------------------------------------------------------------
Val GTT   3   3   3   3   3   3 | Ala GCT   0   0   0   0   0   0 | Asp GAT   4   4   4   4   4   4 | Gly GGT   0   0   0   0   0   0
    GTC   1   1   1   1   1   1 |     GCC   1   0   0   0   0   0 |     GAC   0   0   0   0   0   0 |     GGC   0   0   0   0   0   0
    GTA   0   0   0   0   0   0 |     GCA   3   4   4   4   4   4 | Glu GAA   3   3   3   3   3   3 |     GGA   0   0   0   0   0   0
    GTG   0   0   0   0   0   0 |     GCG   0   0   0   0   0   0 |     GAG   3   3   3   3   3   3 |     GGG   1   1   1   1   1   1
--------------------------------------------------------------------------------------------------------------------------------------

--------------------------------------------------------------------------------------------------------------------------------------
Phe TTT   6   6   6   6   6   6 | Ser TCT   0   0   0   0   0   0 | Tyr TAT   0   0   0   0   0   0 | Cys TGT   0   0   0   0   0   0
    TTC   2   2   2   2   2   2 |     TCC   1   1   1   1   1   1 |     TAC   0   0   0   0   0   0 |     TGC   0   0   0   0   0   0
Leu TTA   2   1   2   2   2   2 |     TCA   1   1   1   1   1   1 | *** TAA   0   0   0   0   0   0 | *** TGA   0   0   0   0   0   0
    TTG   0   1   0   0   0   0 |     TCG   0   0   0   0   0   0 |     TAG   0   0   0   0   0   0 | Trp TGG   0   0   0   0   0   0
--------------------------------------------------------------------------------------------------------------------------------------
Leu CTT   0   0   0   0   0   0 | Pro CCT   0   0   0   0   0   0 | His CAT   0   0   0   0   0   0 | Arg CGT   1   1   1   1   1   1
    CTC   0   0   0   0   0   0 |     CCC   1   1   1   0   1   1 |     CAC   0   0   0   0   0   0 |     CGC   0   0   0   0   0   0
    CTA   0   0   0   0   0   0 |     CCA   0   0   0   0   0   0 | Gln CAA   1   1   2   1   1   1 |     CGA   1   1   1   1   1   1
    CTG   0   0   0   0   0   0 |     CCG   0   0   0   1   0   0 |     CAG   1   1   0   1   1   1 |     CGG   0   0   0   0   0   0
--------------------------------------------------------------------------------------------------------------------------------------
Ile ATT   1   1   1   1   1   1 | Thr ACT   1   1   1   1   0   1 | Asn AAT   3   3   3   3   3   3 | Ser AGT   0   0   0   0   0   0
    ATC   0   0   0   0   0   0 |     ACC   1   1   1   1   1   1 |     AAC   1   1   1   1   1   1 |     AGC   0   0   0   0   0   0
    ATA   0   0   0   0   0   0 |     ACA   2   2   1   2   3   2 | Lys AAA   2   2   2   2   2   2 | Arg AGA   0   0   0   0   0   0
Met ATG   2   2   2   2   2   2 |     ACG   0   0   1   0   1   0 |     AAG   0   0   0   0   0   0 |     AGG   0   0   0   0   0   0
--------------------------------------------------------------------------------------------------------------------------------------
Val GTT   3   3   3   3   2   3 | Ala GCT   0   0   0   0   0   0 | Asp GAT   4   4   4   4   4   4 | Gly GGT   0   0   0   0   0   0
    GTC   1   1   1   1   2   1 |     GCC   0   0   0   0   0   0 |     GAC   0   0   0   0   0   0 |     GGC   0   0   0   0   0   0
    GTA   0   0   0   0   0   0 |     GCA   4   4   4   4   3   4 | Glu GAA   3   3   3   3   3   3 |     GGA   0   0   0   0   0   0
    GTG   0   0   0   0   0   0 |     GCG   0   0   0   0   0   0 |     GAG   3   3   3   3   3   3 |     GGG   1   1   1   1   1   1
--------------------------------------------------------------------------------------------------------------------------------------

--------------------------------------------------------------------------------------------------------------------------------------
Phe TTT   6   6   6   6   6   6 | Ser TCT   0   0   0   0   0   0 | Tyr TAT   0   0   0   0   0   0 | Cys TGT   0   0   0   0   0   0
    TTC   2   2   2   2   2   2 |     TCC   1   1   1   1   1   1 |     TAC   0   0   0   0   0   0 |     TGC   0   0   0   0   0   0
Leu TTA   2   2   2   2   2   2 |     TCA   1   1   1   1   1   1 | *** TAA   0   0   0   0   0   0 | *** TGA   0   0   0   0   0   0
    TTG   0   0   0   0   0   0 |     TCG   0   0   0   0   0   0 |     TAG   0   0   0   0   0   0 | Trp TGG   0   0   0   0   0   0
--------------------------------------------------------------------------------------------------------------------------------------
Leu CTT   0   0   0   0   0   0 | Pro CCT   0   0   0   0   0   0 | His CAT   0   0   0   0   0   0 | Arg CGT   1   1   1   1   1   1
    CTC   0   0   0   0   0   0 |     CCC   1   1   1   1   1   1 |     CAC   0   0   0   0   0   0 |     CGC   0   0   0   0   0   0
    CTA   0   0   0   0   0   0 |     CCA   0   0   0   0   0   0 | Gln CAA   1   1   1   1   1   1 |     CGA   1   1   1   1   1   1
    CTG   0   0   0   0   0   0 |     CCG   0   0   0   0   0   0 |     CAG   1   1   1   1   1   1 |     CGG   0   0   0   0   0   0
--------------------------------------------------------------------------------------------------------------------------------------
Ile ATT   1   1   1   1   1   1 | Thr ACT   1   1   1   1   1   1 | Asn AAT   3   3   2   3   3   3 | Ser AGT   0   0   0   0   0   0
    ATC   0   0   0   0   0   0 |     ACC   1   1   1   1   1   1 |     AAC   1   1   2   1   1   1 |     AGC   0   0   0   0   0   0
    ATA   0   0   0   0   0   0 |     ACA   2   2   2   2   2   2 | Lys AAA   2   2   2   2   2   2 | Arg AGA   0   0   0   0   0   0
Met ATG   2   2   2   2   2   2 |     ACG   0   0   0   0   0   0 |     AAG   0   0   0   0   0   0 |     AGG   0   0   0   0   0   0
--------------------------------------------------------------------------------------------------------------------------------------
Val GTT   3   3   3   3   3   3 | Ala GCT   0   0   0   0   0   0 | Asp GAT   4   3   4   4   4   4 | Gly GGT   0   0   0   0   0   0
    GTC   1   1   1   1   1   1 |     GCC   0   0   0   0   0   0 |     GAC   0   1   0   0   0   0 |     GGC   0   0   0   0   0   0
    GTA   0   0   0   0   0   0 |     GCA   4   4   4   4   4   4 | Glu GAA   3   3   3   3   3   3 |     GGA   0   1   0   0   0   0
    GTG   0   0   0   0   0   0 |     GCG   0   0   0   0   0   0 |     GAG   3   3   3   3   3   3 |     GGG   1   0   1   1   1   1
--------------------------------------------------------------------------------------------------------------------------------------

--------------------------------------------------------------------------------------------------------------------------------------
Phe TTT   6   6   6   6   6   6 | Ser TCT   0   0   0   0   0   0 | Tyr TAT   0   0   0   0   0   0 | Cys TGT   0   0   0   0   0   0
    TTC   2   2   2   2   2   2 |     TCC   1   1   1   1   1   1 |     TAC   0   0   0   0   0   0 |     TGC   0   0   0   0   0   0
Leu TTA   2   2   2   2   2   2 |     TCA   1   1   1   1   1   1 | *** TAA   0   0   0   0   0   0 | *** TGA   0   0   0   0   0   0
    TTG   0   0   0   0   0   0 |     TCG   0   0   0   0   0   0 |     TAG   0   0   0   0   0   0 | Trp TGG   0   0   0   0   0   0
--------------------------------------------------------------------------------------------------------------------------------------
Leu CTT   0   0   0   0   0   0 | Pro CCT   0   0   0   0   0   0 | His CAT   0   0   0   0   0   0 | Arg CGT   1   1   1   1   1   1
    CTC   0   0   0   0   0   0 |     CCC   1   1   1   1   1   1 |     CAC   0   0   0   0   0   0 |     CGC   0   0   0   0   0   0
    CTA   0   0   0   0   0   0 |     CCA   0   0   0   0   0   0 | Gln CAA   1   1   2   1   1   1 |     CGA   1   1   1   1   1   1
    CTG   0   0   0   0   0   0 |     CCG   0   0   0   0   0   0 |     CAG   1   1   0   1   1   1 |     CGG   0   0   0   0   0   0
--------------------------------------------------------------------------------------------------------------------------------------
Ile ATT   1   1   1   1   1   1 | Thr ACT   1   1   1   1   1   2 | Asn AAT   3   3   3   3   3   3 | Ser AGT   0   0   0   0   0   0
    ATC   0   0   0   0   0   0 |     ACC   1   1   1   1   1   0 |     AAC   1   1   1   1   1   1 |     AGC   0   0   0   0   0   0
    ATA   0   0   0   0   0   0 |     ACA   2   2   1   2   2   2 | Lys AAA   2   2   2   2   2   2 | Arg AGA   0   0   0   0   0   0
Met ATG   2   2   2   2   2   2 |     ACG   0   0   1   0   0   0 |     AAG   0   0   0   0   0   0 |     AGG   0   0   0   0   0   0
--------------------------------------------------------------------------------------------------------------------------------------
Val GTT   3   3   3   3   3   3 | Ala GCT   0   0   0   0   0   0 | Asp GAT   4   4   4   4   3   4 | Gly GGT   0   0   0   0   0   0
    GTC   1   1   1   1   1   1 |     GCC   0   0   0   0   0   0 |     GAC   0   0   0   0   1   0 |     GGC   0   0   0   0   0   0
    GTA   0   0   0   0   0   0 |     GCA   4   4   4   4   4   4 | Glu GAA   3   3   3   3   3   3 |     GGA   0   0   0   0   1   0
    GTG   0   0   0   0   0   0 |     GCG   0   0   0   0   0   0 |     GAG   3   3   3   3   3   3 |     GGG   1   1   1   1   0   1
--------------------------------------------------------------------------------------------------------------------------------------

--------------------------------------------------------------------------------------------------------------------------------------
Phe TTT   6   6   6   5   6   6 | Ser TCT   0   0   0   0   0   0 | Tyr TAT   0   0   0   0   0   0 | Cys TGT   0   0   0   0   0   0
    TTC   2   2   2   3   2   2 |     TCC   1   1   1   1   1   1 |     TAC   0   0   0   0   0   0 |     TGC   0   0   0   0   0   0
Leu TTA   2   2   2   2   1   1 |     TCA   1   1   1   1   1   1 | *** TAA   0   0   0   0   0   0 | *** TGA   0   0   0   0   0   0
    TTG   0   0   0   0   1   1 |     TCG   0   0   0   0   0   0 |     TAG   0   0   0   0   0   0 | Trp TGG   0   0   0   0   0   0
--------------------------------------------------------------------------------------------------------------------------------------
Leu CTT   0   0   0   0   0   0 | Pro CCT   0   0   0   0   0   0 | His CAT   0   0   0   0   0   0 | Arg CGT   1   1   1   1   1   1
    CTC   0   0   0   0   0   0 |     CCC   1   1   1   1   1   1 |     CAC   0   0   0   0   0   0 |     CGC   0   0   0   0   0   0
    CTA   0   0   0   0   0   0 |     CCA   0   0   0   0   0   0 | Gln CAA   1   1   1   1   1   1 |     CGA   1   1   1   1   1   1
    CTG   0   0   0   0   0   0 |     CCG   0   0   0   0   0   0 |     CAG   1   1   1   1   1   1 |     CGG   0   0   0   0   0   0
--------------------------------------------------------------------------------------------------------------------------------------
Ile ATT   1   1   1   1   1   1 | Thr ACT   1   0   1   1   1   1 | Asn AAT   3   3   3   2   3   3 | Ser AGT   0   0   0   0   0   0
    ATC   0   0   0   0   0   0 |     ACC   1   1   1   1   1   1 |     AAC   1   1   1   2   1   1 |     AGC   0   0   0   0   0   0
    ATA   0   0   0   0   0   0 |     ACA   2   3   2   2   2   2 | Lys AAA   2   2   1   2   2   2 | Arg AGA   0   0   0   0   0   0
Met ATG   2   2   2   2   2   2 |     ACG   0   0   0   0   0   0 |     AAG   0   0   1   0   0   0 |     AGG   0   0   0   0   0   0
--------------------------------------------------------------------------------------------------------------------------------------
Val GTT   3   3   3   3   3   3 | Ala GCT   0   0   0   0   0   0 | Asp GAT   4   4   4   4   4   4 | Gly GGT   0   0   0   0   0   0
    GTC   1   1   1   1   1   1 |     GCC   0   1   0   0   0   0 |     GAC   0   0   0   0   0   0 |     GGC   0   0   0   0   0   0
    GTA   0   0   0   0   0   0 |     GCA   4   3   4   4   4   4 | Glu GAA   3   3   3   3   3   3 |     GGA   0   0   0   0   0   0
    GTG   0   0   0   0   0   0 |     GCG   0   0   0   0   0   0 |     GAG   3   3   3   3   3   3 |     GGG   1   1   1   1   1   1
--------------------------------------------------------------------------------------------------------------------------------------

Codon position x base (3x4) table for each sequence.

#1: Argali         
position  1:    T:0.24490    C:0.10204    A:0.26531    G:0.38776
position  2:    T:0.34694    C:0.22449    A:0.36735    G:0.06122
position  3:    T:0.36735    C:0.16327    A:0.32653    G:0.14286
Average         T:0.31973    C:0.16327    A:0.31973    G:0.19728

#2: LesserMouseDeer
position  1:    T:0.24490    C:0.10204    A:0.26531    G:0.38776
position  2:    T:0.34694    C:0.22449    A:0.36735    G:0.06122
position  3:    T:0.40816    C:0.12245    A:0.32653    G:0.14286
Average         T:0.33333    C:0.14966    A:0.31973    G:0.19728

#3: LesserKudu     
position  1:    T:0.24490    C:0.10204    A:0.26531    G:0.38776
position  2:    T:0.34694    C:0.22449    A:0.36735    G:0.06122
position  3:    T:0.36735    C:0.16327    A:0.30612    G:0.16327
Average         T:0.31973    C:0.16327    A:0.31293    G:0.20408

#4: ForestMuskDeer2
position  1:    T:0.24490    C:0.10204    A:0.26531    G:0.38776
position  2:    T:0.34694    C:0.22449    A:0.36735    G:0.06122
position  3:    T:0.34694    C:0.18367    A:0.32653    G:0.14286
Average         T:0.31293    C:0.17007    A:0.31973    G:0.19728

#5: Camel          
position  1:    T:0.24490    C:0.10204    A:0.26531    G:0.38776
position  2:    T:0.34694    C:0.22449    A:0.36735    G:0.06122
position  3:    T:0.36735    C:0.16327    A:0.28571    G:0.18367
Average         T:0.31973    C:0.16327    A:0.30612    G:0.21088

#6: KillerWhale    
position  1:    T:0.24490    C:0.10204    A:0.26531    G:0.38776
position  2:    T:0.34694    C:0.22449    A:0.36735    G:0.06122
position  3:    T:0.40816    C:0.12245    A:0.32653    G:0.14286
Average         T:0.33333    C:0.14966    A:0.31973    G:0.19728

#7: DefassaWaterbuck
position  1:    T:0.24490    C:0.10204    A:0.26531    G:0.38776
position  2:    T:0.34694    C:0.22449    A:0.36735    G:0.06122
position  3:    T:0.38776    C:0.12245    A:0.32653    G:0.16327
Average         T:0.32653    C:0.14966    A:0.31973    G:0.20408

#8: Sheep          
position  1:    T:0.24490    C:0.10204    A:0.26531    G:0.38776
position  2:    T:0.34694    C:0.22449    A:0.36735    G:0.06122
position  3:    T:0.36735    C:0.16327    A:0.32653    G:0.14286
Average         T:0.31973    C:0.16327    A:0.31973    G:0.19728

#9: MaxwellsDuiker 
position  1:    T:0.24490    C:0.10204    A:0.26531    G:0.38776
position  2:    T:0.34694    C:0.22449    A:0.36735    G:0.06122
position  3:    T:0.38776    C:0.14286    A:0.32653    G:0.14286
Average         T:0.32653    C:0.15646    A:0.31973    G:0.19728

#10: GazellaPrzewalskyi
position  1:    T:0.24490    C:0.10204    A:0.26531    G:0.38776
position  2:    T:0.34694    C:0.22449    A:0.36735    G:0.06122
position  3:    T:0.38776    C:0.14286    A:0.32653    G:0.14286
Average         T:0.32653    C:0.15646    A:0.31973    G:0.19728

#11: MountainNyala  
position  1:    T:0.24490    C:0.10204    A:0.26531    G:0.38776
position  2:    T:0.34694    C:0.22449    A:0.36735    G:0.06122
position  3:    T:0.38776    C:0.14286    A:0.30612    G:0.16327
Average         T:0.32653    C:0.15646    A:0.31293    G:0.20408

#12: MuntiacusMuntjak
position  1:    T:0.24490    C:0.10204    A:0.26531    G:0.38776
position  2:    T:0.34694    C:0.22449    A:0.36735    G:0.06122
position  3:    T:0.38776    C:0.14286    A:0.32653    G:0.14286
Average         T:0.32653    C:0.15646    A:0.31973    G:0.19728

#13: goat           
position  1:    T:0.24490    C:0.10204    A:0.26531    G:0.38776
position  2:    T:0.34694    C:0.22449    A:0.36735    G:0.06122
position  3:    T:0.38776    C:0.14286    A:0.32653    G:0.14286
Average         T:0.32653    C:0.15646    A:0.31973    G:0.19728

#14: AfricanBuffalo 
position  1:    T:0.24490    C:0.10204    A:0.26531    G:0.38776
position  2:    T:0.34694    C:0.22449    A:0.36735    G:0.06122
position  3:    T:0.34694    C:0.18367    A:0.34694    G:0.12245
Average         T:0.31293    C:0.17007    A:0.32653    G:0.19048

#15: Topi           
position  1:    T:0.24490    C:0.10204    A:0.26531    G:0.38776
position  2:    T:0.34694    C:0.22449    A:0.36735    G:0.06122
position  3:    T:0.38776    C:0.14286    A:0.32653    G:0.14286
Average         T:0.32653    C:0.15646    A:0.31973    G:0.19728

#16: CommonDuiker   
position  1:    T:0.24490    C:0.10204    A:0.26531    G:0.38776
position  2:    T:0.34694    C:0.22449    A:0.36735    G:0.06122
position  3:    T:0.38776    C:0.14286    A:0.36735    G:0.10204
Average         T:0.32653    C:0.15646    A:0.33333    G:0.18367

#17: Suni           
position  1:    T:0.24490    C:0.10204    A:0.26531    G:0.38776
position  2:    T:0.34694    C:0.22449    A:0.36735    G:0.06122
position  3:    T:0.36735    C:0.16327    A:0.30612    G:0.16327
Average         T:0.31973    C:0.16327    A:0.31293    G:0.20408

#18: Springbuck     
position  1:    T:0.24490    C:0.10204    A:0.26531    G:0.38776
position  2:    T:0.34694    C:0.22449    A:0.36735    G:0.06122
position  3:    T:0.38776    C:0.14286    A:0.32653    G:0.14286
Average         T:0.32653    C:0.15646    A:0.31973    G:0.19728

#19: Okapi          
position  1:    T:0.22449    C:0.10204    A:0.26531    G:0.40816
position  2:    T:0.34694    C:0.22449    A:0.36735    G:0.06122
position  3:    T:0.38776    C:0.14286    A:0.32653    G:0.14286
Average         T:0.31973    C:0.15646    A:0.31973    G:0.20408

#20: Giraffe        
position  1:    T:0.22449    C:0.10204    A:0.26531    G:0.40816
position  2:    T:0.34694    C:0.22449    A:0.36735    G:0.06122
position  3:    T:0.38776    C:0.14286    A:0.32653    G:0.14286
Average         T:0.31973    C:0.15646    A:0.31973    G:0.20408

#21: TibetanAntelope
position  1:    T:0.24490    C:0.10204    A:0.26531    G:0.38776
position  2:    T:0.34694    C:0.22449    A:0.36735    G:0.06122
position  3:    T:0.38776    C:0.14286    A:0.32653    G:0.14286
Average         T:0.32653    C:0.15646    A:0.31973    G:0.19728

#22: Sitatunga      
position  1:    T:0.24490    C:0.10204    A:0.26531    G:0.38776
position  2:    T:0.34694    C:0.22449    A:0.36735    G:0.06122
position  3:    T:0.38776    C:0.14286    A:0.30612    G:0.16327
Average         T:0.32653    C:0.15646    A:0.31293    G:0.20408

#23: Oribi          
position  1:    T:0.24490    C:0.10204    A:0.26531    G:0.38776
position  2:    T:0.34694    C:0.22449    A:0.36735    G:0.06122
position  3:    T:0.38776    C:0.14286    A:0.32653    G:0.14286
Average         T:0.32653    C:0.15646    A:0.31973    G:0.19728

#24: BarbarySheep   
position  1:    T:0.24490    C:0.10204    A:0.26531    G:0.38776
position  2:    T:0.34694    C:0.22449    A:0.36735    G:0.06122
position  3:    T:0.38776    C:0.14286    A:0.32653    G:0.14286
Average         T:0.32653    C:0.15646    A:0.31973    G:0.19728

#25: Daviddeer      
position  1:    T:0.24490    C:0.10204    A:0.26531    G:0.38776
position  2:    T:0.34694    C:0.22449    A:0.36735    G:0.06122
position  3:    T:0.38776    C:0.16327    A:0.30612    G:0.14286
Average         T:0.32653    C:0.16327    A:0.31293    G:0.19728

#26: Reindeer       
position  1:    T:0.24490    C:0.10204    A:0.26531    G:0.38776
position  2:    T:0.34694    C:0.22449    A:0.36735    G:0.06122
position  3:    T:0.38776    C:0.14286    A:0.32653    G:0.14286
Average         T:0.32653    C:0.15646    A:0.31973    G:0.19728

#27: Ibex           
position  1:    T:0.24490    C:0.10204    A:0.26531    G:0.38776
position  2:    T:0.34694    C:0.22449    A:0.36735    G:0.06122
position  3:    T:0.38776    C:0.14286    A:0.32653    G:0.14286
Average         T:0.32653    C:0.15646    A:0.31973    G:0.19728

#28: GyrantGazelle  
position  1:    T:0.24490    C:0.10204    A:0.26531    G:0.38776
position  2:    T:0.34694    C:0.22449    A:0.36735    G:0.06122
position  3:    T:0.38776    C:0.14286    A:0.32653    G:0.14286
Average         T:0.32653    C:0.15646    A:0.31973    G:0.19728

#29: Hartebeest     
position  1:    T:0.24490    C:0.10204    A:0.26531    G:0.38776
position  2:    T:0.34694    C:0.22449    A:0.36735    G:0.06122
position  3:    T:0.38776    C:0.14286    A:0.32653    G:0.14286
Average         T:0.32653    C:0.15646    A:0.31973    G:0.19728

#30: Bongo          
position  1:    T:0.24490    C:0.10204    A:0.26531    G:0.38776
position  2:    T:0.34694    C:0.22449    A:0.36735    G:0.06122
position  3:    T:0.38776    C:0.14286    A:0.30612    G:0.16327
Average         T:0.32653    C:0.15646    A:0.31293    G:0.20408

#31: Gerenuk        
position  1:    T:0.24490    C:0.10204    A:0.26531    G:0.38776
position  2:    T:0.34694    C:0.22449    A:0.36735    G:0.06122
position  3:    T:0.38776    C:0.14286    A:0.32653    G:0.14286
Average         T:0.32653    C:0.15646    A:0.31973    G:0.19728

#32: CommonEland    
position  1:    T:0.24490    C:0.10204    A:0.26531    G:0.38776
position  2:    T:0.34694    C:0.22449    A:0.36735    G:0.06122
position  3:    T:0.38776    C:0.14286    A:0.30612    G:0.16327
Average         T:0.32653    C:0.15646    A:0.31293    G:0.20408

#33: MuntiacusReevesi
position  1:    T:0.24490    C:0.10204    A:0.26531    G:0.38776
position  2:    T:0.34694    C:0.22449    A:0.36735    G:0.06122
position  3:    T:0.38776    C:0.14286    A:0.32653    G:0.14286
Average         T:0.32653    C:0.15646    A:0.31973    G:0.19728

#34: HarveysDuiker  
position  1:    T:0.24490    C:0.10204    A:0.26531    G:0.38776
position  2:    T:0.34694    C:0.22449    A:0.36735    G:0.06122
position  3:    T:0.38776    C:0.12245    A:0.32653    G:0.16327
Average         T:0.32653    C:0.14966    A:0.31973    G:0.20408

#35: Pronghorn      
position  1:    T:0.24490    C:0.10204    A:0.28571    G:0.36735
position  2:    T:0.34694    C:0.22449    A:0.36735    G:0.06122
position  3:    T:0.34694    C:0.16327    A:0.32653    G:0.16327
Average         T:0.31293    C:0.16327    A:0.32653    G:0.19728

#36: BlueWildebeest 
position  1:    T:0.24490    C:0.10204    A:0.26531    G:0.38776
position  2:    T:0.34694    C:0.22449    A:0.36735    G:0.06122
position  3:    T:0.38776    C:0.14286    A:0.32653    G:0.14286
Average         T:0.32653    C:0.15646    A:0.31973    G:0.19728

#37: Gemsbok        
position  1:    T:0.24490    C:0.10204    A:0.26531    G:0.38776
position  2:    T:0.34694    C:0.22449    A:0.36735    G:0.06122
position  3:    T:0.38776    C:0.14286    A:0.32653    G:0.14286
Average         T:0.32653    C:0.15646    A:0.31973    G:0.19728

#38: Yak            
position  1:    T:0.24490    C:0.10204    A:0.26531    G:0.38776
position  2:    T:0.34694    C:0.22449    A:0.36735    G:0.06122
position  3:    T:0.36735    C:0.16327    A:0.34694    G:0.12245
Average         T:0.31973    C:0.16327    A:0.32653    G:0.19048

#39: BlueSheep      
position  1:    T:0.24490    C:0.10204    A:0.26531    G:0.38776
position  2:    T:0.34694    C:0.22449    A:0.36735    G:0.06122
position  3:    T:0.36735    C:0.16327    A:0.32653    G:0.14286
Average         T:0.31973    C:0.16327    A:0.31973    G:0.19728

#40: BohorReedbuck  
position  1:    T:0.24490    C:0.10204    A:0.26531    G:0.38776
position  2:    T:0.34694    C:0.22449    A:0.36735    G:0.06122
position  3:    T:0.38776    C:0.14286    A:0.32653    G:0.14286
Average         T:0.32653    C:0.15646    A:0.31973    G:0.19728

#41: KirksDik       
position  1:    T:0.24490    C:0.10204    A:0.26531    G:0.38776
position  2:    T:0.34694    C:0.22449    A:0.36735    G:0.06122
position  3:    T:0.38776    C:0.14286    A:0.32653    G:0.14286
Average         T:0.32653    C:0.15646    A:0.31973    G:0.19728

#42: RoeDeer        
position  1:    T:0.24490    C:0.10204    A:0.26531    G:0.38776
position  2:    T:0.34694    C:0.22449    A:0.36735    G:0.06122
position  3:    T:0.38776    C:0.14286    A:0.32653    G:0.14286
Average         T:0.32653    C:0.15646    A:0.31973    G:0.19728

#43: WhiteLippedDeer
position  1:    T:0.24490    C:0.10204    A:0.26531    G:0.38776
position  2:    T:0.34694    C:0.22449    A:0.36735    G:0.06122
position  3:    T:0.38776    C:0.14286    A:0.32653    G:0.14286
Average         T:0.32653    C:0.15646    A:0.31973    G:0.19728

#44: ThomsonGazelle 
position  1:    T:0.24490    C:0.10204    A:0.26531    G:0.38776
position  2:    T:0.34694    C:0.22449    A:0.36735    G:0.06122
position  3:    T:0.38776    C:0.14286    A:0.32653    G:0.14286
Average         T:0.32653    C:0.15646    A:0.31973    G:0.19728

#45: MuntiacusCrinifrons
position  1:    T:0.24490    C:0.10204    A:0.26531    G:0.38776
position  2:    T:0.34694    C:0.22449    A:0.36735    G:0.06122
position  3:    T:0.38776    C:0.14286    A:0.32653    G:0.14286
Average         T:0.32653    C:0.15646    A:0.31973    G:0.19728

#46: WhiteTailedDeer
position  1:    T:0.24490    C:0.10204    A:0.26531    G:0.38776
position  2:    T:0.34694    C:0.22449    A:0.36735    G:0.06122
position  3:    T:0.38776    C:0.14286    A:0.32653    G:0.14286
Average         T:0.32653    C:0.15646    A:0.31973    G:0.19728

#47: Cattle         
position  1:    T:0.24490    C:0.10204    A:0.26531    G:0.38776
position  2:    T:0.34694    C:0.22449    A:0.36735    G:0.06122
position  3:    T:0.36735    C:0.16327    A:0.34694    G:0.12245
Average         T:0.31973    C:0.16327    A:0.32653    G:0.19048

#48: RoyalAntelope  
position  1:    T:0.24490    C:0.10204    A:0.26531    G:0.38776
position  2:    T:0.34694    C:0.22449    A:0.36735    G:0.06122
position  3:    T:0.40816    C:0.12245    A:0.32653    G:0.14286
Average         T:0.33333    C:0.14966    A:0.31973    G:0.19728

#49: Steenbok       
position  1:    T:0.24490    C:0.10204    A:0.26531    G:0.38776
position  2:    T:0.34694    C:0.22449    A:0.36735    G:0.06122
position  3:    T:0.38776    C:0.14286    A:0.32653    G:0.14286
Average         T:0.32653    C:0.15646    A:0.31973    G:0.19728

#50: Impala         
position  1:    T:0.24490    C:0.10204    A:0.26531    G:0.38776
position  2:    T:0.34694    C:0.22449    A:0.36735    G:0.06122
position  3:    T:0.36735    C:0.16327    A:0.32653    G:0.14286
Average         T:0.31973    C:0.16327    A:0.31973    G:0.19728

#51: Klipspringer   
position  1:    T:0.24490    C:0.10204    A:0.26531    G:0.38776
position  2:    T:0.34694    C:0.22449    A:0.36735    G:0.06122
