1
52 1
Argali 0.000000 0.267100 0.073200 0.192900 0.054900 0.001700 0.060700 0.063400 0.071300 0.086300 0.021500 0.078400 0.037900 0.053400 0.084900 0.062700 0.102000 0.096500 0.029600 0.077000 0.068400 0.017500 0.100200 0.115400 0.022800 0.059600 0.036000 0.074900 0.064900 0.073200 0.092000 0.051600 0.107800 0.036100 0.041900 0.079900 0.015700 0.056800 0.064500 0.109000 0.090600 0.086900 0.090300 0.107800 0.070500 0.081700 0.063000 0.072400 0.068100 0.094400 0.073000 0.071200
LesserMous 0.267100 0.000000 0.229900 0.235100 0.262200 0.264600 0.245200 0.247700 0.233700 0.252600 0.268300 0.235300 0.255600 0.245100 0.271200 0.250400 0.254700 0.255000 0.262800 0.238500 0.247400 0.279100 0.251100 0.270000 0.268000 0.257900 0.257300 0.245100 0.250900 0.235800 0.259100 0.245800 0.262000 0.260400 0.264500 0.243800 0.265500 0.262700 0.261000 0.281200 0.244600 0.267400 0.257600 0.272600 0.237300 0.279100 0.257400 0.259800 0.276200 0.252400 0.237500 0.233800
LesserKudu 0.073200 0.229900 0.000000 0.169500 0.083500 0.071600 0.073000 0.069200 0.007100 0.075900 0.076900 0.041500 0.075900 0.069200 0.099500 0.073100 0.085800 0.082200 0.071300 0.016100 0.074700 0.081200 0.080000 0.095000 0.079400 0.070900 0.073800 0.016100 0.067600 0.012500 0.081600 0.065500 0.099300 0.074100 0.084300 0.046700 0.073600 0.085600 0.074800 0.098600 0.072400 0.092900 0.079900 0.093200 0.039700 0.094100 0.071500 0.078300 0.082300 0.080800 0.010700 0.010700
KillerWhal 0.192900 0.235100 0.169500 0.000000 0.184000 0.190800 0.180500 0.172300 0.175400 0.170500 0.197800 0.176900 0.188200 0.171700 0.201300 0.175200 0.166900 0.158100 0.191300 0.178000 0.170000 0.201600 0.164600 0.182700 0.195500 0.175900 0.185600 0.182000 0.169100 0.173300 0.176600 0.174500 0.176700 0.186300 0.185500 0.185700 0.193100 0.180100 0.172100 0.186300 0.158400 0.199600 0.175100 0.178600 0.175200 0.191700 0.175400 0.183400 0.180300 0.163100 0.175000 0.175500
DefassaWat 0.054900 0.262200 0.083500 0.184000 0.000000 0.053400 0.060900 0.067400 0.081300 0.098100 0.064400 0.086800 0.058700 0.057000 0.086800 0.067900 0.106000 0.098600 0.059000 0.087200 0.069600 0.066500 0.106200 0.117500 0.061100 0.065500 0.056700 0.085100 0.070100 0.083300 0.103800 0.059000 0.111300 0.056900 0.062300 0.088500 0.061000 0.022700 0.069800 0.119000 0.096200 0.092900 0.101800 0.113600 0.079000 0.090800 0.060700 0.080900 0.077300 0.099000 0.083200 0.081400
Sheep 0.001700 0.264600 0.071600 0.190800 0.053400 0.000000 0.059100 0.061800 0.069600 0.084500 0.019700 0.076800 0.036500 0.051800 0.083100 0.061100 0.100200 0.094700 0.028100 0.075400 0.066700 0.015700 0.098400 0.113500 0.021000 0.058100 0.034600 0.073200 0.063200 0.071500 0.090200 0.050000 0.106000 0.034700 0.040400 0.078400 0.013900 0.055200 0.062900 0.107100 0.088800 0.085200 0.088500 0.105600 0.069000 0.079600 0.061400 0.070700 0.066400 0.092500 0.071300 0.069600
MaxwellsDu 0.060700 0.245200 0.073000 0.180500 0.060900 0.059100 0.000000 0.050200 0.070800 0.086800 0.065000 0.070500 0.055200 0.024700 0.075800 0.053900 0.090800 0.087200 0.059200 0.072800 0.048400 0.068600 0.092900 0.108000 0.066800 0.048200 0.053200 0.074600 0.048600 0.068900 0.092500 0.026500 0.100200 0.053400 0.060700 0.076100 0.063100 0.066500 0.052000 0.101800 0.083000 0.069800 0.090500 0.104100 0.066800 0.072500 0.048600 0.068700 0.066600 0.082600 0.068900 0.070800
GazellaPrz 0.063400 0.247700 0.069200 0.172300 0.067400 0.061800 0.050200 0.000000 0.068900 0.088900 0.067100 0.070600 0.056600 0.042900 0.072300 0.035600 0.089100 0.085500 0.062000 0.071000 0.039100 0.071300 0.093100 0.110100 0.073300 0.033600 0.058400 0.072800 0.033900 0.067100 0.094600 0.037500 0.092200 0.058600 0.064800 0.077600 0.062000 0.069500 0.037300 0.103700 0.081200 0.051000 0.092600 0.094600 0.068100 0.072400 0.033900 0.063100 0.063000 0.084700 0.063300 0.069000
MountainNy 0.071300 0.233700 0.007100 0.175400 0.081300 0.069600 0.070800 0.068900 0.000000 0.073700 0.074700 0.037700 0.073900 0.067000 0.097200 0.072800 0.083500 0.079900 0.069700 0.012400 0.074500 0.079100 0.079600 0.092700 0.077300 0.070700 0.071700 0.012400 0.067400 0.008600 0.079300 0.063300 0.096900 0.072000 0.082700 0.043100 0.073500 0.083400 0.074500 0.098200 0.070100 0.092600 0.077600 0.090900 0.037700 0.091700 0.071200 0.076200 0.080100 0.079000 0.008800 0.003500
MuntiacusM 0.086300 0.252600 0.075900 0.170500 0.098100 0.084500 0.086800 0.088900 0.073700 0.000000 0.090700 0.083000 0.090200 0.086900 0.115600 0.092900 0.074500 0.070900 0.088600 0.079600 0.083000 0.088500 0.023500 0.041700 0.092500 0.086700 0.088100 0.075600 0.087300 0.075600 0.008900 0.081200 0.084100 0.088400 0.101900 0.088600 0.088600 0.096300 0.094600 0.050900 0.018000 0.109000 0.003600 0.034300 0.079100 0.102300 0.087400 0.099100 0.100100 0.077800 0.071700 0.073700
goat 0.021500 0.268300 0.076900 0.197800 0.064400 0.019700 0.065000 0.067100 0.074700 0.090700 0.000000 0.082000 0.042000 0.057700 0.093100 0.070900 0.102700 0.099100 0.034200 0.080600 0.072700 0.018500 0.100700 0.115900 0.017000 0.065000 0.040000 0.076600 0.069200 0.076600 0.096400 0.055900 0.108600 0.040200 0.050400 0.087600 0.009200 0.066400 0.068800 0.109400 0.091100 0.090600 0.094700 0.108000 0.078200 0.085800 0.067400 0.080300 0.068400 0.096200 0.076600 0.074700
AfricanBuf 0.078400 0.235300 0.041500 0.176900 0.086800 0.076800 0.070500 0.070600 0.037700 0.083000 0.082000 0.000000 0.081100 0.066800 0.095000 0.074500 0.088900 0.085400 0.076900 0.039600 0.072400 0.086400 0.087000 0.100200 0.084600 0.072300 0.079000 0.043200 0.069000 0.035900 0.088600 0.066800 0.096700 0.079200 0.090000 0.026600 0.080800 0.088900 0.072400 0.105700 0.073700 0.094200 0.087000 0.096400 0.021200 0.093400 0.072900 0.070600 0.074200 0.084400 0.035900 0.037700
Topi 0.037900 0.255600 0.075900 0.188200 0.058700 0.036500 0.055200 0.056600 0.073900 0.090200 0.042000 0.081100 0.000000 0.047900 0.079300 0.062900 0.096100 0.092600 0.038600 0.075800 0.059000 0.044100 0.100200 0.115300 0.046000 0.058500 0.005200 0.077500 0.061200 0.075800 0.095900 0.046100 0.104000 0.008700 0.037200 0.086700 0.038700 0.056900 0.062400 0.109000 0.090600 0.083900 0.094300 0.111500 0.077200 0.073900 0.059300 0.074000 0.066000 0.089200 0.075700 0.073900
CommonDuik 0.053400 0.245100 0.069200 0.171700 0.057000 0.051800 0.024700 0.042900 0.067000 0.086900 0.057700 0.066800 0.047900 0.000000 0.072100 0.044800 0.087100 0.079600 0.051900 0.069100 0.044800 0.061200 0.093000 0.108000 0.059400 0.041000 0.046000 0.070800 0.039400 0.065200 0.092500 0.008700 0.096300 0.046100 0.053300 0.072400 0.055700 0.055400 0.046200 0.101700 0.083100 0.062500 0.090600 0.104200 0.063000 0.068800 0.045000 0.061300 0.059300 0.078800 0.065200 0.067100
Suni 0.084900 0.271200 0.099500 0.201300 0.086800 0.083100 0.075800 0.072300 0.097200 0.115600 0.093100 0.095000 0.079300 0.072100 0.000000 0.079900 0.119800 0.116200 0.087100 0.099300 0.083500 0.092800 0.126000 0.133200 0.094900 0.077700 0.081000 0.101100 0.078200 0.095300 0.119400 0.074000 0.123500 0.081200 0.080900 0.100600 0.091100 0.085000 0.077800 0.136900 0.112000 0.099600 0.119600 0.133400 0.091100 0.106400 0.078300 0.066900 0.094700 0.109200 0.095200 0.097200
Springbuck 0.062700 0.250400 0.073100 0.175200 0.067900 0.061100 0.053900 0.035600 0.072800 0.092900 0.070900 0.074500 0.062900 0.044800 0.079900 0.000000 0.094800 0.089400 0.065000 0.074900 0.044600 0.074500 0.099100 0.114100 0.076500 0.028200 0.060900 0.076700 0.023000 0.071000 0.098600 0.039400 0.100400 0.061100 0.068100 0.079300 0.065100 0.070000 0.039200 0.107800 0.085200 0.051300 0.096600 0.106400 0.069900 0.076200 0.037600 0.070800 0.066800 0.088600 0.067100 0.072900
Okapi 0.102000 0.254700 0.085800 0.166900 0.106000 0.100200 0.090800 0.089100 0.083500 0.074500 0.102700 0.088900 0.096100 0.087100 0.119800 0.094800 0.000000 0.025400 0.100400 0.085600 0.083200 0.110300 0.076700 0.095700 0.108400 0.090700 0.095900 0.087400 0.089300 0.081600 0.080200 0.081400 0.086300 0.096200 0.105900 0.094600 0.104500 0.104200 0.094800 0.101100 0.067100 0.109000 0.078500 0.087900 0.085000 0.106500 0.087600 0.098700 0.104200 0.083100 0.081500 0.083500
Giraffe 0.096500 0.255000 0.082200 0.158100 0.098600 0.094700 0.087200 0.085500 0.079900 0.070900 0.099100 0.085400 0.092600 0.079600 0.116200 0.089400 0.025400 0.000000 0.094900 0.082000 0.087300 0.104700 0.069100 0.088100 0.102900 0.087100 0.090500 0.083800 0.080000 0.078000 0.076600 0.077800 0.082600 0.090800 0.104300 0.091100 0.099000 0.094700 0.092900 0.093600 0.059600 0.105400 0.074900 0.080400 0.081500 0.102800 0.083900 0.099200 0.098400 0.079500 0.078000 0.079900
TibetanAnt 0.029600 0.262800 0.071300 0.191300 0.059000 0.028100 0.059200 0.062000 0.069700 0.088600 0.034200 0.076900 0.038600 0.051900 0.087100 0.065000 0.100400 0.094900 0.000000 0.075200 0.066800 0.037200 0.098600 0.113700 0.035400 0.060000 0.036700 0.073100 0.063300 0.071600 0.094300 0.050100 0.102200 0.036400 0.044100 0.078700 0.028200 0.057200 0.063000 0.107500 0.089000 0.085400 0.092700 0.109800 0.073100 0.083600 0.061500 0.074400 0.066500 0.084800 0.071100 0.069700
Sitatunga 0.077000 0.238500 0.016100 0.178000 0.087200 0.075400 0.072800 0.071000 0.012400 0.079600 0.080600 0.039600 0.075800 0.069100 0.099300 0.074900 0.085600 0.082000 0.075200 0.000000 0.076600 0.085000 0.081800 0.094900 0.083200 0.072700 0.073700 0.017800 0.069400 0.010600 0.085300 0.065400 0.099100 0.077900 0.088600 0.044800 0.079300 0.089400 0.076600 0.096500 0.072200 0.094700 0.083600 0.093100 0.039600 0.090000 0.073300 0.078300 0.082200 0.080700 0.014200 0.012400
Oribi 0.068400 0.247400 0.074700 0.170000 0.069600 0.066700 0.048400 0.039100 0.074500 0.083000 0.072700 0.072400 0.059000 0.044800 0.083500 0.044600 0.083200 0.087300 0.066800 0.076600 0.000000 0.076200 0.089100 0.104200 0.074500 0.035400 0.058900 0.078300 0.039300 0.072700 0.088700 0.043000 0.094200 0.059100 0.069800 0.079300 0.066900 0.071700 0.042700 0.097800 0.079200 0.060400 0.086700 0.100300 0.069900 0.074200 0.043000 0.070700 0.068600 0.090300 0.068800 0.074600
BarbaryShe 0.017500 0.279100 0.081200 0.201600 0.066500 0.015700 0.068600 0.071300 0.079100 0.088500 0.018500 0.086400 0.044100 0.061200 0.092800 0.074500 0.110300 0.104700 0.037200 0.085000 0.076200 0.000000 0.102400 0.117500 0.019200 0.069300 0.042200 0.080900 0.069000 0.081000 0.094100 0.059400 0.112300 0.038600 0.049500 0.092000 0.012200 0.068400 0.072400 0.111100 0.092800 0.094900 0.092500 0.109600 0.082500 0.089400 0.071000 0.080400 0.075700 0.100500 0.080900 0.079100
Daviddeer 0.100200 0.251100 0.080000 0.164600 0.106200 0.098400 0.092900 0.093100 0.079600 0.023500 0.100700 0.087000 0.100200 0.093000 0.126000 0.099100 0.076700 0.069100 0.098600 0.081800 0.089100 0.102400 0.000000 0.043700 0.102500 0.092800 0.098000 0.089400 0.093500 0.077800 0.028900 0.087300 0.086300 0.098300 0.112000 0.094700 0.098600 0.106400 0.100800 0.052900 0.012600 0.111200 0.027200 0.032600 0.085100 0.108500 0.093500 0.107000 0.104400 0.083800 0.081600 0.079700
Reindeer 0.115400 0.270000 0.095000 0.182700 0.117500 0.113500 0.108000 0.110100 0.092700 0.041700 0.115900 0.100200 0.115300 0.108000 0.133200 0.114100 0.095700 0.088100 0.113700 0.094900 0.104200 0.117500 0.043700 0.000000 0.117700 0.109300 0.113100 0.098600 0.108600 0.090800 0.047200 0.102300 0.099500 0.113500 0.119300 0.103900 0.113700 0.117600 0.115900 0.063900 0.034500 0.134300 0.045500 0.039800 0.096200 0.119800 0.110100 0.124300 0.115600 0.098800 0.090700 0.092700
Ibex 0.022800 0.268000 0.079400 0.195500 0.061100 0.021000 0.066800 0.073300 0.077300 0.092500 0.017000 0.084600 0.046000 0.059400 0.094900 0.076500 0.108400 0.102900 0.035400 0.083200 0.074500 0.019200 0.102500 0.117700 0.000000 0.071300 0.044100 0.079200 0.074800 0.079300 0.098200 0.061400 0.114300 0.044200 0.051500 0.090200 0.010400 0.062900 0.070600 0.111300 0.092900 0.096900 0.096600 0.109800 0.080700 0.091400 0.073000 0.082100 0.077700 0.098700 0.079100 0.077300
GyrantGaze 0.059600 0.257900 0.070900 0.175900 0.065500 0.058100 0.048200 0.033600 0.070700 0.086700 0.065000 0.072300 0.058500 0.041000 0.077700 0.028200 0.090700 0.087100 0.060000 0.072700 0.035400 0.069300 0.092800 0.109300 0.071300 0.000000 0.056500 0.074500 0.028300 0.068800 0.092300 0.035600 0.094100 0.056700 0.063000 0.077400 0.060000 0.067600 0.039000 0.101500 0.082900 0.035000 0.090400 0.104000 0.068000 0.070300 0.035600 0.064900 0.061000 0.086300 0.065000 0.070700
Hartebeest 0.036000 0.257300 0.073800 0.185600 0.056700 0.034600 0.053200 0.058400 0.071700 0.088100 0.040000 0.079000 0.005200 0.046000 0.081000 0.060900 0.095900 0.090500 0.036700 0.073700 0.058900 0.042200 0.098000 0.113100 0.044100 0.056500 0.000000 0.075400 0.059200 0.073700 0.093700 0.044100 0.101800 0.003500 0.035300 0.084500 0.036800 0.054900 0.060400 0.106800 0.088500 0.081800 0.092100 0.109300 0.075100 0.071800 0.057300 0.075700 0.064000 0.087100 0.073600 0.071700
Bongo 0.074900 0.245100 0.016100 0.182000 0.085100 0.073200 0.074600 0.072800 0.012400 0.075600 0.076600 0.043200 0.077500 0.070800 0.101100 0.076700 0.087400 0.083800 0.073100 0.017800 0.078300 0.080900 0.089400 0.098600 0.079200 0.074500 0.075400 0.000000 0.071200 0.014200 0.081300 0.067100 0.100900 0.075700 0.086400 0.048500 0.075300 0.087200 0.078400 0.102200 0.076000 0.096400 0.079600 0.096800 0.043200 0.095600 0.075000 0.080000 0.083900 0.080500 0.010600 0.016000
Gerenuk 0.064900 0.250900 0.067600 0.169100 0.070100 0.063200 0.048600 0.033900 0.067400 0.087300 0.069200 0.069000 0.061200 0.039400 0.078200 0.023000 0.089300 0.080000 0.063300 0.069400 0.039300 0.069000 0.093500 0.108600 0.074800 0.028300 0.059200 0.071200 0.000000 0.065500 0.093000 0.037600 0.094800 0.055600 0.066400 0.077800 0.063400 0.068400 0.039300 0.102200 0.079700 0.049600 0.091100 0.100800 0.068300 0.070800 0.035800 0.069100 0.064900 0.083100 0.061700 0.067400
CommonElan 0.073200 0.235800 0.012500 0.173300 0.083300 0.071500 0.068900 0.067100 0.008600 0.075600 0.076600 0.035900 0.075800 0.065200 0.095300 0.071000 0.081600 0.078000 0.071600 0.010600 0.072700 0.081000 0.077800 0.090800 0.079300 0.068800 0.073700 0.014200 0.065500 0.000000 0.081300 0.061500 0.095000 0.073900 0.084600 0.041300 0.075400 0.085400 0.072700 0.096300 0.068300 0.090700 0.079600 0.089000 0.035900 0.089900 0.069300 0.074400 0.078200 0.077100 0.010600 0.008800
MuntiacusR 0.092000 0.259100 0.081600 0.176600 0.103800 0.090200 0.092500 0.094600 0.079300 0.008900 0.096400 0.088600 0.095900 0.092500 0.119400 0.098600 0.080200 0.076600 0.094300 0.085300 0.088700 0.094100 0.028900 0.047200 0.098200 0.092300 0.093700 0.081300 0.093000 0.081300 0.000000 0.086900 0.087700 0.094000 0.107600 0.094300 0.094300 0.102000 0.100300 0.056400 0.023500 0.114700 0.012500 0.039800 0.084700 0.106000 0.093100 0.104800 0.101900 0.083400 0.077400 0.079300
HarveysDui 0.051600 0.245800 0.065500 0.174500 0.059000 0.050000 0.026500 0.037500 0.063300 0.081200 0.055900 0.066800 0.046100 0.008700 0.074000 0.039400 0.081400 0.077800 0.050100 0.065400 0.043000 0.059400 0.087300 0.102300 0.061400 0.035600 0.044100 0.067100 0.037600 0.061500 0.086900 0.000000 0.090600 0.044200 0.051500 0.072400 0.053900 0.061000 0.042900 0.095900 0.077400 0.057000 0.084800 0.098400 0.063100 0.063300 0.039500 0.063200 0.057200 0.077000 0.061400 0.063400
Pronghorn 0.107800 0.262000 0.099300 0.176700 0.111300 0.106000 0.100200 0.092200 0.096900 0.084100 0.108600 0.096700 0.104000 0.096300 0.123500 0.100400 0.086300 0.082600 0.102200 0.099100 0.094200 0.112300 0.086300 0.099500 0.114300 0.094100 0.101800 0.100900 0.094800 0.095000 0.087700 0.090600 0.000000 0.102100 0.115300 0.102400 0.106500 0.109300 0.102100 0.111000 0.080600 0.118500 0.088200 0.101600 0.096700 0.112200 0.096800 0.112300 0.106100 0.091300 0.095000 0.097000
BlueWildeb 0.036100 0.260400 0.074100 0.186300 0.056900 0.034700 0.053400 0.058600 0.072000 0.088400 0.040200 0.079200 0.008700 0.046100 0.081200 0.061100 0.096200 0.090800 0.036400 0.077900 0.059100 0.038600 0.098300 0.113500 0.044200 0.056700 0.003500 0.075700 0.055600 0.073900 0.094000 0.044200 0.102100 0.000000 0.035400 0.084500 0.036900 0.055100 0.060600 0.107100 0.088700 0.082000 0.092400 0.109600 0.075300 0.075900 0.057500 0.075900 0.064200 0.086900 0.073900 0.072000
Gemsbok 0.041900 0.264500 0.084300 0.185500 0.062300 0.040400 0.060700 0.064800 0.082700 0.101900 0.050400 0.090000 0.037200 0.053300 0.080900 0.068100 0.105900 0.104300 0.044100 0.088600 0.069800 0.049500 0.112000 0.119300 0.051500 0.063000 0.035300 0.086400 0.066400 0.084600 0.107600 0.051500 0.115300 0.035400 0.000000 0.095500 0.043700 0.066100 0.066000 0.120600 0.102100 0.088300 0.105700 0.123400 0.086000 0.091000 0.062600 0.083400 0.075600 0.101700 0.084100 0.082700
Yak 0.079900 0.243800 0.046700 0.185700 0.088500 0.078400 0.076100 0.077600 0.043100 0.088600 0.087600 0.026600 0.086700 0.072400 0.100600 0.079300 0.094600 0.091100 0.078700 0.044800 0.079300 0.092000 0.094700 0.103900 0.090200 0.077400 0.084500 0.048500 0.077800 0.041300 0.094300 0.072400 0.102400 0.084500 0.095500 0.000000 0.086300 0.090600 0.079400 0.111400 0.081300 0.101200 0.092700 0.102100 0.008800 0.100500 0.079800 0.080000 0.079700 0.085600 0.041000 0.043200
BlueSheep 0.015700 0.265500 0.073600 0.193100 0.061000 0.013900 0.063100 0.062000 0.073500 0.088600 0.009200 0.080800 0.038700 0.055700 0.091100 0.065100 0.104500 0.099000 0.028200 0.079300 0.066900 0.012200 0.098600 0.113700 0.010400 0.060000 0.036800 0.075300 0.063400 0.075400 0.094300 0.053900 0.106500 0.036900 0.043700 0.086300 0.000000 0.062900 0.063100 0.103300 0.089000 0.085500 0.092600 0.105800 0.076900 0.083800 0.061600 0.078300 0.070100 0.094800 0.071400 0.073500
BohorReedb 0.056800 0.262700 0.085600 0.180100 0.022700 0.055200 0.066500 0.069500 0.083400 0.096300 0.066400 0.088900 0.056900 0.055400 0.085000 0.070000 0.104200 0.094700 0.057200 0.089400 0.071700 0.068400 0.106400 0.117600 0.062900 0.067600 0.054900 0.087200 0.068400 0.085400 0.102000 0.061000 0.109300 0.055100 0.066100 0.090600 0.062900 0.000000 0.071800 0.119100 0.096400 0.094900 0.100000 0.113700 0.081100 0.096600 0.066500 0.075300 0.083300 0.093200 0.085300 0.083500
KirksDik 0.064500 0.261000 0.074800 0.172100 0.069800 0.062900 0.052000 0.037300 0.074500 0.094600 0.068800 0.072400 0.062400 0.046200 0.077800 0.039200 0.094800 0.092900 0.063000 0.076600 0.042700 0.072400 0.100800 0.115900 0.070600 0.039000 0.060400 0.078400 0.039300 0.072700 0.100300 0.042900 0.102100 0.060600 0.066000 0.079400 0.063100 0.071800 0.000000 0.109500 0.086900 0.060400 0.098000 0.104200 0.069900 0.074200 0.039300 0.065000 0.066600 0.090300 0.070500 0.074600
RoeDeer 0.109000 0.281200 0.098600 0.186300 0.119000 0.107100 0.101800 0.103700 0.098200 0.050900 0.109400 0.105700 0.109000 0.101700 0.136900 0.107800 0.101100 0.093600 0.107500 0.096500 0.097800 0.111100 0.052900 0.063900 0.111300 0.101500 0.106800 0.102200 0.102200 0.096300 0.056400 0.095900 0.111000 0.107100 0.120600 0.111400 0.103300 0.119100 0.109500 0.000000 0.047400 0.123800 0.052700 0.056400 0.101700 0.117300 0.102300 0.121800 0.113200 0.104300 0.092300 0.098300
WhiteLippe 0.090600 0.244600 0.072400 0.158400 0.096200 0.088800 0.083000 0.081200 0.070100 0.018000 0.091100 0.073700 0.090600 0.083100 0.112000 0.085200 0.067100 0.059600 0.089000 0.072200 0.079200 0.092800 0.012600 0.034500 0.092900 0.082900 0.088500 0.076000 0.079700 0.068300 0.023500 0.077400 0.080600 0.088700 0.102100 0.081300 0.089000 0.096400 0.086900 0.047400 0.000000 0.101300 0.021700 0.027100 0.071700 0.098800 0.079700 0.093000 0.094700 0.070500 0.068200 0.070200
ThomsonGaz 0.086900 0.267400 0.092900 0.199600 0.092900 0.085200 0.069800 0.051000 0.092600 0.109000 0.090600 0.094200 0.083900 0.062500 0.099600 0.051300 0.109000 0.105400 0.085400 0.094700 0.060400 0.094900 0.111200 0.134300 0.096900 0.035000 0.081800 0.096400 0.049600 0.090700 0.114700 0.057000 0.118500 0.082000 0.088300 0.101200 0.085500 0.094900 0.060400 0.123800 0.101300 0.000000 0.112700 0.122500 0.091700 0.095900 0.057100 0.086800 0.086400 0.104700 0.086800 0.092600
MuntiacusC 0.090300 0.257600 0.079900 0.175100 0.101800 0.088500 0.090500 0.092600 0.077600 0.003600 0.094700 0.087000 0.094300 0.090600 0.119600 0.096600 0.078500 0.074900 0.092700 0.083600 0.086700 0.092500 0.027200 0.045500 0.096600 0.090400 0.092100 0.079600 0.091100 0.079600 0.012500 0.084800 0.088200 0.092400 0.105700 0.092700 0.092600 0.100000 0.098000 0.052700 0.021700 0.112700 0.000000 0.038100 0.083100 0.106400 0.091100 0.102900 0.104200 0.081800 0.075700 0.077700
WhiteTaile 0.107800 0.272600 0.093200 0.178600 0.113600 0.105600 0.104100 0.094600 0.090900 0.034300 0.108000 0.096400 0.111500 0.104200 0.133400 0.106400 0.087900 0.080400 0.109800 0.093100 0.100300 0.109600 0.032600 0.039800 0.109800 0.104000 0.109300 0.096800 0.100800 0.089000 0.039800 0.098400 0.101600 0.109600 0.123400 0.102100 0.105800 0.113700 0.104200 0.056400 0.027100 0.122500 0.038100 0.000000 0.092500 0.111900 0.100900 0.116400 0.115600 0.091200 0.089000 0.090900
Cattle 0.070500 0.237300 0.039700 0.175200 0.079000 0.069000 0.066800 0.068100 0.037700 0.079100 0.078200 0.021200 0.077200 0.063000 0.091100 0.069900 0.085000 0.081500 0.073100 0.039600 0.069900 0.082500 0.085100 0.096200 0.080700 0.068000 0.075100 0.043200 0.068300 0.035900 0.084700 0.063100 0.096700 0.075300 0.086000 0.008800 0.076900 0.081100 0.069900 0.101700 0.071700 0.091700 0.083100 0.092500 0.000000 0.091000 0.070300 0.070500 0.070400 0.080000 0.035900 0.037700
RoyalAntel 0.081700 0.279100 0.094100 0.191700 0.090800 0.079600 0.072500 0.072400 0.091700 0.102300 0.085800 0.093400 0.073900 0.068800 0.106400 0.076200 0.106500 0.102800 0.083600 0.090000 0.074200 0.089400 0.108500 0.119800 0.091400 0.070300 0.071800 0.095600 0.070800 0.089900 0.106000 0.063300 0.112200 0.075900 0.091000 0.100500 0.083800 0.096600 0.074200 0.117300 0.098800 0.095900 0.106400 0.111900 0.091000 0.000000 0.069000 0.091700 0.085400 0.101900 0.089800 0.091800
Steenbok 0.063000 0.257400 0.071500 0.175400 0.060700 0.061400 0.048600 0.033900 0.071200 0.087400 0.067400 0.072900 0.059300 0.045000 0.078300 0.037600 0.087600 0.083900 0.061500 0.073300 0.043000 0.071000 0.093500 0.110100 0.073000 0.035600 0.057300 0.075000 0.035800 0.069300 0.093100 0.039500 0.096800 0.057500 0.062600 0.079800 0.061600 0.066500 0.039300 0.102300 0.079700 0.057100 0.091100 0.100900 0.070300 0.069000 0.000000 0.065400 0.065200 0.081100 0.065500 0.071200
Impala 0.072400 0.259800 0.078300 0.183400 0.080900 0.070700 0.068700 0.063100 0.076200 0.099100 0.080300 0.070600 0.074000 0.061300 0.066900 0.070800 0.098700 0.099200 0.074400 0.078300 0.070700 0.080400 0.107000 0.124300 0.082100 0.064900 0.075700 0.080000 0.069100 0.074400 0.104800 0.063200 0.112300 0.075900 0.083400 0.080000 0.078300 0.075300 0.065000 0.121800 0.093000 0.086800 0.102900 0.116400 0.070500 0.091700 0.065400 0.000000 0.081600 0.096200 0.074200 0.076300
Klipspring 0.068100 0.276200 0.082300 0.180300 0.077300 0.066400 0.066600 0.063000 0.080100 0.100100 0.068400 0.074200 0.066000 0.059300 0.094700 0.066800 0.104200 0.098400 0.066500 0.082200 0.068600 0.075700 0.104400 0.115600 0.077700 0.061000 0.064000 0.083900 0.064900 0.078200 0.101900 0.057200 0.106100 0.064200 0.075600 0.079700 0.070100 0.083300 0.066600 0.113200 0.094700 0.086400 0.104200 0.115600 0.070400 0.085400 0.065200 0.081600 0.000000 0.091800 0.078200 0.080100
ForestMusk 0.094400 0.252400 0.080800 0.163100 0.099000 0.092500 0.082600 0.084700 0.079000 0.077800 0.096200 0.084400 0.089200 0.078800 0.109200 0.088600 0.083100 0.079500 0.084800 0.080700 0.090300 0.100500 0.083800 0.098800 0.098700 0.086300 0.087100 0.080500 0.083100 0.077100 0.083400 0.077000 0.091300 0.086900 0.101700 0.085600 0.094800 0.093200 0.090300 0.104300 0.070500 0.104700 0.081800 0.091200 0.080000 0.101900 0.081100 0.096200 0.091800 0.000000 0.076600 0.079000
Bushbuck 0.073000 0.237500 0.010700 0.175000 0.083200 0.071300 0.068900 0.063300 0.008800 0.071700 0.076600 0.035900 0.075700 0.065200 0.095200 0.067100 0.081500 0.078000 0.071100 0.014200 0.068800 0.080900 0.081600 0.090700 0.079100 0.065000 0.073600 0.010600 0.061700 0.010600 0.077400 0.061400 0.095000 0.073900 0.084100 0.041000 0.071400 0.085300 0.070500 0.092300 0.068200 0.086800 0.075700 0.089000 0.035900 0.089800 0.065500 0.074200 0.078200 0.076600 0.000000 0.012400
GreaterKud 0.071200 0.233800 0.010700 0.175500 0.081400 0.069600 0.070800 0.069000 0.003500 0.073700 0.074700 0.037700 0.073900 0.067100 0.097200 0.072900 0.083500 0.079900 0.069700 0.012400 0.074600 0.079100 0.079700 0.092700 0.077300 0.070700 0.071700 0.016000 0.067400 0.008800 0.079300 0.063400 0.097000 0.072000 0.082700 0.043200 0.073500 0.083500 0.074600 0.098300 0.070200 0.092600 0.077700 0.090900 0.037700 0.091800 0.071200 0.076300 0.080100 0.079000 0.012400 0.000000
