1
52 1
Argali 0.000000 1.065500 0.349300 0.514400 0.167600 0.164500 0.189300 0.082700 0.417300 0.300100 0.073100 0.189300 0.171600 0.083200 0.335600 0.082700 0.518900 0.654300 0.073200 0.417300 0.082700 0.000000 0.334900 0.495500 0.146500 0.159600 0.171600 0.417300 0.160400 0.417300 0.300100 0.082700 0.334900 0.171600 0.082700 0.189300 0.073100 0.251100 0.082700 0.484300 0.355900 0.082700 0.300100 0.334900 0.189300 0.191000 0.082700 0.082700 0.189300 0.499400 0.349300 0.417300
LesserMous 1.065500 0.000000 0.884200 0.525900 0.998600 0.968300 0.739300 0.847100 0.739300 1.158500 1.135500 0.739300 1.056500 0.863400 0.655900 0.847100 1.130500 1.437500 1.090700 0.739300 0.847100 1.065500 0.803000 1.084400 1.330100 0.952500 1.056500 0.739300 0.942400 0.739300 1.158500 0.847100 0.803000 1.056500 0.847100 0.739300 1.135500 1.167800 0.847100 0.921700 0.892800 0.847100 1.158500 0.803000 0.739300 0.798400 0.847100 0.847100 0.739300 0.794600 0.884200 0.739300
LesserKudu 0.349300 0.884200 0.000000 0.448700 0.333600 0.483700 0.170300 0.245700 0.170300 0.486600 0.418900 0.170300 0.338500 0.251900 0.293400 0.245700 0.423400 0.553800 0.231600 0.170300 0.245700 0.349300 0.290200 0.420800 0.512200 0.317800 0.338500 0.170300 0.321700 0.170300 0.486600 0.245700 0.290200 0.338500 0.245700 0.170300 0.418900 0.227700 0.245700 0.429700 0.309800 0.245700 0.486600 0.290200 0.170300 0.384700 0.245700 0.245700 0.170300 0.446000 0.000000 0.170300
KillerWhal 0.514400 0.525900 0.448700 0.000000 0.489900 0.838500 0.260800 0.359900 0.260800 0.541500 0.608400 0.260800 0.501500 0.367800 0.495800 0.359900 0.473100 0.648600 0.591500 0.260800 0.359900 0.514400 0.281700 0.458200 0.743800 0.447500 0.501500 0.260800 0.454300 0.260800 0.541500 0.359900 0.281700 0.501500 0.359900 0.260800 0.608400 0.598700 0.359900 0.317600 0.302200 0.359900 0.541500 0.281700 0.260800 0.614500 0.359900 0.359900 0.260800 0.470700 0.448700 0.260800
DefassaWat 0.167600 0.998600 0.333600 0.489900 0.000000 0.262200 0.180900 0.078900 0.395300 0.281900 0.240800 0.180900 0.000200 0.080100 0.317200 0.078900 0.462100 0.605600 0.240900 0.395300 0.078900 0.167600 0.311500 0.458800 0.326300 0.153000 0.000200 0.395300 0.154500 0.395300 0.281900 0.078900 0.311500 0.000200 0.078900 0.180900 0.240800 0.071900 0.078900 0.468800 0.331700 0.078900 0.281900 0.311500 0.180900 0.184500 0.078900 0.078900 0.180900 0.469800 0.333600 0.395300
Sheep 0.164500 0.968300 0.483700 0.838500 0.262200 0.000000 0.411300 0.269200 0.578600 0.550100 0.235900 0.411300 0.268100 0.271500 0.614600 0.269200 0.881900 1.114200 0.157500 0.578600 0.269200 0.164500 0.609000 0.867800 0.317700 0.349500 0.268100 0.578600 0.352100 0.578600 0.550100 0.269200 0.609000 0.268100 0.269200 0.411300 0.235900 0.351800 0.269200 0.818400 0.658600 0.269200 0.550100 0.609000 0.411300 0.416800 0.269200 0.269200 0.411300 0.658600 0.483700 0.578600
MaxwellsDu 0.189300 0.739300 0.170300 0.260800 0.180900 0.411300 0.000000 0.089200 0.206300 0.319800 0.268300 0.000000 0.183900 0.091500 0.110700 0.089200 0.238000 0.367100 0.268500 0.206300 0.089200 0.189300 0.108700 0.232600 0.360800 0.170100 0.183900 0.206300 0.172100 0.206300 0.319800 0.089200 0.108700 0.183900 0.089200 0.000000 0.268300 0.266800 0.089200 0.242100 0.115900 0.089200 0.319800 0.108700 0.000000 0.212800 0.089200 0.089200 0.000000 0.288500 0.170300 0.206300
GazellaPrz 0.082700 0.847100 0.245700 0.359900 0.078900 0.269200 0.089200 0.000000 0.291200 0.182800 0.158200 0.089200 0.080600 0.000200 0.206700 0.000000 0.333500 0.460900 0.158100 0.291200 0.000000 0.082700 0.203700 0.329500 0.239200 0.075500 0.080600 0.291200 0.076200 0.291200 0.182800 0.000000 0.203700 0.080600 0.000000 0.089200 0.158200 0.156800 0.000000 0.338900 0.217200 0.000000 0.182800 0.203700 0.089200 0.091400 0.000000 0.000000 0.089200 0.368500 0.245700 0.291200
MountainNy 0.417300 0.739300 0.170300 0.260800 0.395300 0.578600 0.206300 0.291200 0.000000 0.595300 0.488400 0.206300 0.401800 0.300200 0.368300 0.291200 0.537600 0.700400 0.268500 0.000000 0.291200 0.417300 0.362900 0.528000 0.593500 0.368800 0.401800 0.000000 0.374400 0.000000 0.595300 0.291200 0.362900 0.401800 0.291200 0.206300 0.488400 0.485400 0.291200 0.545200 0.393100 0.291200 0.595300 0.362900 0.206300 0.475100 0.291200 0.291200 0.206300 0.530000 0.170300 0.000000
MuntiacusM 0.300100 1.158500 0.486600 0.541500 0.281900 0.550100 0.319800 0.182800 0.595300 0.000000 0.377600 0.319800 0.285400 0.187000 0.514700 0.182800 0.462800 0.447500 0.378400 0.595300 0.182800 0.300100 0.204800 0.207900 0.480800 0.262700 0.285400 0.595300 0.266300 0.595300 0.000000 0.182800 0.204800 0.285400 0.182800 0.319800 0.377600 0.371500 0.182800 0.508400 0.218600 0.182800 0.000000 0.205700 0.319800 0.338300 0.182800 0.182800 0.319800 0.365400 0.486600 0.595300
goat 0.073100 1.135500 0.418900 0.608400 0.240800 0.235900 0.268300 0.158200 0.488400 0.377600 0.000000 0.268300 0.246000 0.159300 0.416200 0.158200 0.603700 0.742700 0.140800 0.488400 0.158200 0.073100 0.415700 0.579100 0.065700 0.230700 0.246000 0.488400 0.232000 0.488400 0.377600 0.158200 0.415700 0.246000 0.158200 0.268300 0.000000 0.322600 0.158200 0.569500 0.444700 0.158200 0.377600 0.415700 0.268300 0.269900 0.158200 0.158200 0.268300 0.568800 0.418900 0.488400
AfricanBuf 0.189300 0.739300 0.170300 0.260800 0.180900 0.411300 0.000000 0.089200 0.206300 0.319800 0.268300 0.000000 0.183900 0.091500 0.110700 0.089200 0.238000 0.367100 0.268500 0.206300 0.089200 0.189300 0.108700 0.232600 0.360800 0.170100 0.183900 0.206300 0.172100 0.206300 0.319800 0.089200 0.108700 0.183900 0.089200 0.000000 0.268300 0.266800 0.089200 0.242100 0.115900 0.089200 0.319800 0.108700 0.000000 0.212800 0.089200 0.089200 0.000000 0.288500 0.170300 0.206300
Topi 0.171600 1.056500 0.338500 0.501500 0.000200 0.268100 0.183900 0.080600 0.401800 0.285400 0.246000 0.183900 0.000000 0.082300 0.321700 0.080600 0.468600 0.612100 0.246200 0.401800 0.080600 0.171600 0.316700 0.465700 0.332300 0.155200 0.000000 0.401800 0.156800 0.401800 0.285400 0.080600 0.316700 0.000000 0.080600 0.183900 0.246000 0.073200 0.080600 0.474800 0.339500 0.080600 0.285400 0.316700 0.183900 0.188900 0.080600 0.080600 0.183900 0.479000 0.338500 0.401800
CommonDuik 0.083200 0.863400 0.251900 0.367800 0.080100 0.271500 0.091500 0.000200 0.300200 0.187000 0.159300 0.091500 0.082300 0.000000 0.214600 0.000200 0.344600 0.477500 0.159700 0.300200 0.000200 0.083200 0.209300 0.338800 0.241100 0.077100 0.082300 0.300200 0.077500 0.300200 0.187000 0.000200 0.209300 0.082300 0.000200 0.091500 0.159300 0.160100 0.000200 0.351300 0.220300 0.000200 0.187000 0.209300 0.091500 0.092600 0.000200 0.000200 0.091500 0.376700 0.251900 0.300200
Suni 0.335600 0.655900 0.293400 0.495800 0.317200 0.614600 0.110700 0.206700 0.368300 0.514700 0.416200 0.110700 0.321700 0.214600 0.000000 0.206700 0.440200 0.611700 0.417500 0.368300 0.206700 0.335600 0.262500 0.429300 0.526600 0.292900 0.321700 0.368300 0.297400 0.368300 0.514700 0.206700 0.262500 0.321700 0.206700 0.110700 0.416200 0.412700 0.206700 0.446100 0.287000 0.206700 0.514700 0.262500 0.110700 0.113500 0.206700 0.206700 0.110700 0.453700 0.293400 0.368300
Springbuck 0.082700 0.847100 0.245700 0.359900 0.078900 0.269200 0.089200 0.000000 0.291200 0.182800 0.158200 0.089200 0.080600 0.000200 0.206700 0.000000 0.333500 0.460900 0.158100 0.291200 0.000000 0.082700 0.203700 0.329500 0.239200 0.075500 0.080600 0.291200 0.076200 0.291200 0.182800 0.000000 0.203700 0.080600 0.000000 0.089200 0.158200 0.156800 0.000000 0.338900 0.217200 0.000000 0.182800 0.203700 0.089200 0.091400 0.000000 0.000000 0.089200 0.368500 0.245700 0.291200
Okapi 0.518900 1.130500 0.423400 0.473100 0.462100 0.881900 0.238000 0.333500 0.537600 0.462800 0.603700 0.238000 0.468600 0.344600 0.440200 0.333500 0.000000 0.241900 0.598200 0.537600 0.333500 0.518900 0.241300 0.379100 0.745600 0.421000 0.468600 0.537600 0.431000 0.537600 0.462800 0.333500 0.241300 0.468600 0.333500 0.238000 0.603700 0.572300 0.333500 0.433300 0.260300 0.333500 0.462800 0.241300 0.238000 0.622200 0.333500 0.333500 0.238000 0.420200 0.423400 0.537600
Giraffe 0.654300 1.437500 0.553800 0.648600 0.605600 1.114200 0.367100 0.460900 0.700400 0.447500 0.742700 0.367100 0.612100 0.477500 0.611700 0.460900 0.241900 0.000000 0.736200 0.700400 0.460900 0.654300 0.233900 0.365800 0.510100 0.549900 0.612100 0.700400 0.565000 0.700400 0.447500 0.460900 0.233900 0.612100 0.460900 0.367100 0.742700 0.730100 0.460900 0.597500 0.253300 0.460900 0.447500 0.233900 0.367100 0.776300 0.460900 0.460900 0.367100 0.410700 0.553800 0.700400
TibetanAnt 0.073200 1.090700 0.231600 0.591500 0.240900 0.157500 0.268500 0.158100 0.268500 0.378400 0.140800 0.268500 0.246200 0.159700 0.417500 0.158100 0.598200 0.736200 0.000000 0.268500 0.158100 0.073200 0.416800 0.582400 0.212400 0.230700 0.246200 0.268500 0.232000 0.268500 0.378400 0.158100 0.416800 0.246200 0.158100 0.268500 0.140800 0.323000 0.158100 0.564700 0.443300 0.158100 0.378400 0.416800 0.268500 0.271400 0.158100 0.158100 0.268500 0.571300 0.231600 0.268500
Sitatunga 0.417300 0.739300 0.170300 0.260800 0.395300 0.578600 0.206300 0.291200 0.000000 0.595300 0.488400 0.206300 0.401800 0.300200 0.368300 0.291200 0.537600 0.700400 0.268500 0.000000 0.291200 0.417300 0.362900 0.528000 0.593500 0.368800 0.401800 0.000000 0.374400 0.000000 0.595300 0.291200 0.362900 0.401800 0.291200 0.206300 0.488400 0.485400 0.291200 0.545200 0.393100 0.291200 0.595300 0.362900 0.206300 0.475100 0.291200 0.291200 0.206300 0.530000 0.170300 0.000000
Oribi 0.082700 0.847100 0.245700 0.359900 0.078900 0.269200 0.089200 0.000000 0.291200 0.182800 0.158200 0.089200 0.080600 0.000200 0.206700 0.000000 0.333500 0.460900 0.158100 0.291200 0.000000 0.082700 0.203700 0.329500 0.239200 0.075500 0.080600 0.291200 0.076200 0.291200 0.182800 0.000000 0.203700 0.080600 0.000000 0.089200 0.158200 0.156800 0.000000 0.338900 0.217200 0.000000 0.182800 0.203700 0.089200 0.091400 0.000000 0.000000 0.089200 0.368500 0.245700 0.291200
BarbaryShe 0.000000 1.065500 0.349300 0.514400 0.167600 0.164500 0.189300 0.082700 0.417300 0.300100 0.073100 0.189300 0.171600 0.083200 0.335600 0.082700 0.518900 0.654300 0.073200 0.417300 0.082700 0.000000 0.334900 0.495500 0.146500 0.159600 0.171600 0.417300 0.160400 0.417300 0.300100 0.082700 0.334900 0.171600 0.082700 0.189300 0.073100 0.251100 0.082700 0.484300 0.355900 0.082700 0.300100 0.334900 0.189300 0.191000 0.082700 0.082700 0.189300 0.499400 0.349300 0.417300
Daviddeer 0.334900 0.803000 0.290200 0.281700 0.311500 0.609000 0.108700 0.203700 0.362900 0.204800 0.415700 0.108700 0.316700 0.209300 0.262500 0.203700 0.241300 0.233900 0.416800 0.362900 0.203700 0.334900 0.000000 0.112000 0.528000 0.289700 0.316700 0.362900 0.294200 0.362900 0.204800 0.203700 0.000000 0.316700 0.203700 0.108700 0.415700 0.408400 0.203700 0.259300 0.000200 0.203700 0.204800 0.000000 0.108700 0.389100 0.203700 0.203700 0.108700 0.186000 0.290200 0.362900
Reindeer 0.495500 1.084400 0.420800 0.458200 0.458800 0.867800 0.232600 0.329500 0.528000 0.207900 0.579100 0.232600 0.465700 0.338800 0.429300 0.329500 0.379100 0.365800 0.582400 0.528000 0.329500 0.495500 0.112000 0.000000 0.722500 0.419900 0.465700 0.528000 0.427800 0.528000 0.207900 0.329500 0.112000 0.465700 0.329500 0.232600 0.579100 0.571400 0.329500 0.425500 0.119300 0.329500 0.207900 0.112000 0.232600 0.573900 0.329500 0.329500 0.232600 0.296500 0.420800 0.528000
Ibex 0.146500 1.330100 0.512200 0.743800 0.326300 0.317700 0.360800 0.239200 0.593500 0.480800 0.065700 0.360800 0.332300 0.241100 0.526600 0.239200 0.745600 0.510100 0.212400 0.593500 0.239200 0.146500 0.528000 0.722500 0.000000 0.311400 0.332300 0.593500 0.313300 0.593500 0.480800 0.239200 0.528000 0.332300 0.239200 0.360800 0.065700 0.411100 0.239200 0.702300 0.571000 0.239200 0.480800 0.528000 0.360800 0.362400 0.239200 0.239200 0.360800 0.683300 0.512200 0.593500
GyrantGaze 0.159600 0.952500 0.317800 0.447500 0.153000 0.349500 0.170100 0.075500 0.368800 0.262700 0.230700 0.170100 0.155200 0.077100 0.292900 0.075500 0.421000 0.549900 0.230700 0.368800 0.075500 0.159600 0.289700 0.419900 0.311400 0.000000 0.155200 0.368800 0.147900 0.368800 0.262700 0.075500 0.289700 0.155200 0.075500 0.170100 0.230700 0.228500 0.075500 0.427200 0.309200 0.075500 0.262700 0.289700 0.170100 0.174800 0.075500 0.075500 0.170100 0.445200 0.317800 0.368800
Hartebeest 0.171600 1.056500 0.338500 0.501500 0.000200 0.268100 0.183900 0.080600 0.401800 0.285400 0.246000 0.183900 0.000000 0.082300 0.321700 0.080600 0.468600 0.612100 0.246200 0.401800 0.080600 0.171600 0.316700 0.465700 0.332300 0.155200 0.000000 0.401800 0.156800 0.401800 0.285400 0.080600 0.316700 0.000000 0.080600 0.183900 0.246000 0.073200 0.080600 0.474800 0.339500 0.080600 0.285400 0.316700 0.183900 0.188900 0.080600 0.080600 0.183900 0.479000 0.338500 0.401800
Bongo 0.417300 0.739300 0.170300 0.260800 0.395300 0.578600 0.206300 0.291200 0.000000 0.595300 0.488400 0.206300 0.401800 0.300200 0.368300 0.291200 0.537600 0.700400 0.268500 0.000000 0.291200 0.417300 0.362900 0.528000 0.593500 0.368800 0.401800 0.000000 0.374400 0.000000 0.595300 0.291200 0.362900 0.401800 0.291200 0.206300 0.488400 0.485400 0.291200 0.545200 0.393100 0.291200 0.595300 0.362900 0.206300 0.475100 0.291200 0.291200 0.206300 0.530000 0.170300 0.000000
Gerenuk 0.160400 0.942400 0.321700 0.454300 0.154500 0.352100 0.172100 0.076200 0.374400 0.266300 0.232000 0.172100 0.156800 0.077500 0.297400 0.076200 0.431000 0.565000 0.232000 0.374400 0.076200 0.160400 0.294200 0.427800 0.313300 0.147900 0.156800 0.374400 0.000000 0.374400 0.266300 0.076200 0.294200 0.156800 0.076200 0.172100 0.232000 0.231000 0.076200 0.437400 0.313200 0.076200 0.266300 0.294200 0.172100 0.175900 0.076200 0.076200 0.172100 0.452300 0.321700 0.374400
CommonElan 0.417300 0.739300 0.170300 0.260800 0.395300 0.578600 0.206300 0.291200 0.000000 0.595300 0.488400 0.206300 0.401800 0.300200 0.368300 0.291200 0.537600 0.700400 0.268500 0.000000 0.291200 0.417300 0.362900 0.528000 0.593500 0.368800 0.401800 0.000000 0.374400 0.000000 0.595300 0.291200 0.362900 0.401800 0.291200 0.206300 0.488400 0.485400 0.291200 0.545200 0.393100 0.291200 0.595300 0.362900 0.206300 0.475100 0.291200 0.291200 0.206300 0.530000 0.170300 0.000000
MuntiacusR 0.300100 1.158500 0.486600 0.541500 0.281900 0.550100 0.319800 0.182800 0.595300 0.000000 0.377600 0.319800 0.285400 0.187000 0.514700 0.182800 0.462800 0.447500 0.378400 0.595300 0.182800 0.300100 0.204800 0.207900 0.480800 0.262700 0.285400 0.595300 0.266300 0.595300 0.000000 0.182800 0.204800 0.285400 0.182800 0.319800 0.377600 0.371500 0.182800 0.508400 0.218600 0.182800 0.000000 0.204800 0.319800 0.338300 0.182800 0.182800 0.319800 0.365400 0.486600 0.595300
HarveysDui 0.082700 0.847100 0.245700 0.359900 0.078900 0.269200 0.089200 0.000000 0.291200 0.182800 0.158200 0.089200 0.080600 0.000200 0.206700 0.000000 0.333500 0.460900 0.158100 0.291200 0.000000 0.082700 0.203700 0.329500 0.239200 0.075500 0.080600 0.291200 0.076200 0.291200 0.182800 0.000000 0.203700 0.080600 0.000000 0.089200 0.158200 0.156800 0.000000 0.338900 0.217200 0.000000 0.182800 0.203700 0.089200 0.091400 0.000000 0.000000 0.089200 0.368500 0.245700 0.291200
Pronghorn 0.334900 0.803000 0.290200 0.281700 0.311500 0.609000 0.108700 0.203700 0.362900 0.204800 0.415700 0.108700 0.316700 0.209300 0.262500 0.203700 0.241300 0.233900 0.416800 0.362900 0.203700 0.334900 0.000000 0.112000 0.528000 0.289700 0.316700 0.362900 0.294200 0.362900 0.204800 0.203700 0.000000 0.316700 0.203700 0.108700 0.415700 0.408400 0.203700 0.259300 0.000200 0.203700 0.204800 0.000000 0.108700 0.389100 0.203700 0.203700 0.108700 0.186000 0.290200 0.362900
BlueWildeb 0.171600 1.056500 0.338500 0.501500 0.000200 0.268100 0.183900 0.080600 0.401800 0.285400 0.246000 0.183900 0.000000 0.082300 0.321700 0.080600 0.468600 0.612100 0.246200 0.401800 0.080600 0.171600 0.316700 0.465700 0.332300 0.155200 0.000000 0.401800 0.156800 0.401800 0.285400 0.080600 0.316700 0.000000 0.080600 0.183900 0.246000 0.073200 0.080600 0.474800 0.339500 0.080600 0.285400 0.316700 0.183900 0.188900 0.080600 0.080600 0.183900 0.479000 0.338500 0.401800
Gemsbok 0.082700 0.847100 0.245700 0.359900 0.078900 0.269200 0.089200 0.000000 0.291200 0.182800 0.158200 0.089200 0.080600 0.000200 0.206700 0.000000 0.333500 0.460900 0.158100 0.291200 0.000000 0.082700 0.203700 0.329500 0.239200 0.075500 0.080600 0.291200 0.076200 0.291200 0.182800 0.000000 0.203700 0.080600 0.000000 0.089200 0.158200 0.156800 0.000000 0.338900 0.217200 0.000000 0.182800 0.203700 0.089200 0.091400 0.000000 0.000000 0.089200 0.368500 0.245700 0.291200
Yak 0.189300 0.739300 0.170300 0.260800 0.180900 0.411300 0.000000 0.089200 0.206300 0.319800 0.268300 0.000000 0.183900 0.091500 0.110700 0.089200 0.238000 0.367100 0.268500 0.206300 0.089200 0.189300 0.108700 0.232600 0.360800 0.170100 0.183900 0.206300 0.172100 0.206300 0.319800 0.089200 0.108700 0.183900 0.089200 0.000000 0.268300 0.266800 0.089200 0.242100 0.115900 0.089200 0.319800 0.108700 0.000000 0.212800 0.089200 0.089200 0.000000 0.288500 0.170300 0.206300
BlueSheep 0.073100 1.135500 0.418900 0.608400 0.240800 0.235900 0.268300 0.158200 0.488400 0.377600 0.000000 0.268300 0.246000 0.159300 0.416200 0.158200 0.603700 0.742700 0.140800 0.488400 0.158200 0.073100 0.415700 0.579100 0.065700 0.230700 0.246000 0.488400 0.232000 0.488400 0.377600 0.158200 0.415700 0.246000 0.158200 0.268300 0.000000 0.322600 0.158200 0.569500 0.444700 0.158200 0.377600 0.415700 0.268300 0.269900 0.158200 0.158200 0.268300 0.568800 0.418900 0.488400
BohorReedb 0.251100 1.167800 0.227700 0.598700 0.071900 0.351800 0.266800 0.156800 0.485400 0.371500 0.322600 0.266800 0.073200 0.160100 0.412700 0.156800 0.572300 0.730100 0.323000 0.485400 0.156800 0.251100 0.408400 0.571400 0.411100 0.228500 0.073200 0.485400 0.231000 0.485400 0.371500 0.156800 0.408400 0.073200 0.156800 0.266800 0.322600 0.000000 0.156800 0.578800 0.439600 0.156800 0.371500 0.408400 0.266800 0.274000 0.156800 0.156800 0.266800 0.567500 0.227700 0.485400
KirksDik 0.082700 0.847100 0.245700 0.359900 0.078900 0.269200 0.089200 0.000000 0.291200 0.182800 0.158200 0.089200 0.080600 0.000200 0.206700 0.000000 0.333500 0.460900 0.158100 0.291200 0.000000 0.082700 0.203700 0.329500 0.239200 0.075500 0.080600 0.291200 0.076200 0.291200 0.182800 0.000000 0.203700 0.080600 0.000000 0.089200 0.158200 0.156800 0.000000 0.338900 0.217200 0.000000 0.182800 0.203700 0.089200 0.091400 0.000000 0.000000 0.089200 0.368500 0.245700 0.291200
RoeDeer 0.484300 0.921700 0.429700 0.317600 0.468800 0.818400 0.242100 0.338900 0.545200 0.508400 0.569500 0.242100 0.474800 0.351300 0.446100 0.338900 0.433300 0.597500 0.564700 0.545200 0.338900 0.484300 0.259300 0.425500 0.702300 0.427200 0.474800 0.545200 0.437400 0.545200 0.508400 0.338900 0.259300 0.474800 0.338900 0.242100 0.569500 0.578800 0.338900 0.000000 0.280900 0.338900 0.508400 0.259300 0.242100 0.573800 0.338900 0.338900 0.242100 0.450200 0.429700 0.545200
WhiteLippe 0.355900 0.892800 0.309800 0.302200 0.331700 0.658600 0.115900 0.217200 0.393100 0.218600 0.444700 0.115900 0.339500 0.220300 0.287000 0.217200 0.260300 0.253300 0.443300 0.393100 0.217200 0.355900 0.000200 0.119300 0.571000 0.309200 0.339500 0.393100 0.313200 0.393100 0.218600 0.217200 0.000200 0.339500 0.217200 0.115900 0.444700 0.439600 0.217200 0.280900 0.000000 0.217200 0.218600 0.000200 0.115900 0.420700 0.217200 0.217200 0.115900 0.196800 0.309800 0.393100
ThomsonGaz 0.082700 0.847100 0.245700 0.359900 0.078900 0.269200 0.089200 0.000000 0.291200 0.182800 0.158200 0.089200 0.080600 0.000200 0.206700 0.000000 0.333500 0.460900 0.158100 0.291200 0.000000 0.082700 0.203700 0.329500 0.239200 0.075500 0.080600 0.291200 0.076200 0.291200 0.182800 0.000000 0.203700 0.080600 0.000000 0.089200 0.158200 0.156800 0.000000 0.338900 0.217200 0.000000 0.182800 0.203700 0.089200 0.091400 0.000000 0.000000 0.089200 0.368500 0.245700 0.291200
MuntiacusC 0.300100 1.158500 0.486600 0.541500 0.281900 0.550100 0.319800 0.182800 0.595300 0.000000 0.377600 0.319800 0.285400 0.187000 0.514700 0.182800 0.462800 0.447500 0.378400 0.595300 0.182800 0.300100 0.204800 0.207900 0.480800 0.262700 0.285400 0.595300 0.266300 0.595300 0.000000 0.182800 0.204800 0.285400 0.182800 0.319800 0.377600 0.371500 0.182800 0.508400 0.218600 0.182800 0.000000 0.204800 0.319800 0.338300 0.182800 0.182800 0.319800 0.365400 0.486600 0.595300
WhiteTaile 0.334900 0.803000 0.290200 0.281700 0.311500 0.609000 0.108700 0.203700 0.362900 0.205700 0.415700 0.108700 0.316700 0.209300 0.262500 0.203700 0.241300 0.233900 0.416800 0.362900 0.203700 0.334900 0.000000 0.112000 0.528000 0.289700 0.316700 0.362900 0.294200 0.362900 0.204800 0.203700 0.000000 0.316700 0.203700 0.108700 0.415700 0.408400 0.203700 0.259300 0.000200 0.203700 0.204800 0.000000 0.108700 0.389100 0.203700 0.203700 0.108700 0.186000 0.290200 0.362900
Cattle 0.189300 0.739300 0.170300 0.260800 0.180900 0.411300 0.000000 0.089200 0.206300 0.319800 0.268300 0.000000 0.183900 0.091500 0.110700 0.089200 0.238000 0.367100 0.268500 0.206300 0.089200 0.189300 0.108700 0.232600 0.360800 0.170100 0.183900 0.206300 0.172100 0.206300 0.319800 0.089200 0.108700 0.183900 0.089200 0.000000 0.268300 0.266800 0.089200 0.242100 0.115900 0.089200 0.319800 0.108700 0.000000 0.212800 0.089200 0.089200 0.000000 0.288500 0.170300 0.206300
RoyalAntel 0.191000 0.798400 0.384700 0.614500 0.184500 0.416800 0.212800 0.091400 0.475100 0.338300 0.269900 0.212800 0.188900 0.092600 0.113500 0.091400 0.622200 0.776300 0.271400 0.475100 0.091400 0.191000 0.389100 0.573900 0.362400 0.174800 0.188900 0.475100 0.175900 0.475100 0.338300 0.091400 0.389100 0.188900 0.091400 0.212800 0.269900 0.274000 0.091400 0.573800 0.420700 0.091400 0.338300 0.389100 0.212800 0.000000 0.091400 0.091400 0.212800 0.564400 0.384700 0.475100
Steenbok 0.082700 0.847100 0.245700 0.359900 0.078900 0.269200 0.089200 0.000000 0.291200 0.182800 0.158200 0.089200 0.080600 0.000200 0.206700 0.000000 0.333500 0.460900 0.158100 0.291200 0.000000 0.082700 0.203700 0.329500 0.239200 0.075500 0.080600 0.291200 0.076200 0.291200 0.182800 0.000000 0.203700 0.080600 0.000000 0.089200 0.158200 0.156800 0.000000 0.338900 0.217200 0.000000 0.182800 0.203700 0.089200 0.091400 0.000000 0.000000 0.089200 0.368500 0.245700 0.291200
Impala 0.082700 0.847100 0.245700 0.359900 0.078900 0.269200 0.089200 0.000000 0.291200 0.182800 0.158200 0.089200 0.080600 0.000200 0.206700 0.000000 0.333500 0.460900 0.158100 0.291200 0.000000 0.082700 0.203700 0.329500 0.239200 0.075500 0.080600 0.291200 0.076200 0.291200 0.182800 0.000000 0.203700 0.080600 0.000000 0.089200 0.158200 0.156800 0.000000 0.338900 0.217200 0.000000 0.182800 0.203700 0.089200 0.091400 0.000000 0.000000 0.089200 0.368500 0.245700 0.291200
Klipspring 0.189300 0.739300 0.170300 0.260800 0.180900 0.411300 0.000000 0.089200 0.206300 0.319800 0.268300 0.000000 0.183900 0.091500 0.110700 0.089200 0.238000 0.367100 0.268500 0.206300 0.089200 0.189300 0.108700 0.232600 0.360800 0.170100 0.183900 0.206300 0.172100 0.206300 0.319800 0.089200 0.108700 0.183900 0.089200 0.000000 0.268300 0.266800 0.089200 0.242100 0.115900 0.089200 0.319800 0.108700 0.000000 0.212800 0.089200 0.089200 0.000000 0.288500 0.170300 0.206300
ForestMusk 0.499400 0.794600 0.446000 0.470700 0.469800 0.658600 0.288500 0.368500 0.530000 0.365400 0.568800 0.288500 0.479000 0.376700 0.453700 0.368500 0.420200 0.410700 0.571300 0.530000 0.368500 0.499400 0.186000 0.296500 0.683300 0.445200 0.479000 0.530000 0.452300 0.530000 0.365400 0.368500 0.186000 0.479000 0.368500 0.288500 0.568800 0.567500 0.368500 0.450200 0.196800 0.368500 0.365400 0.186000 0.288500 0.564400 0.368500 0.368500 0.288500 0.000000 0.446000 0.530000
Bushbuck 0.349300 0.884200 0.000000 0.448700 0.333600 0.483700 0.170300 0.245700 0.170300 0.486600 0.418900 0.170300 0.338500 0.251900 0.293400 0.245700 0.423400 0.553800 0.231600 0.170300 0.245700 0.349300 0.290200 0.420800 0.512200 0.317800 0.338500 0.170300 0.321700 0.170300 0.486600 0.245700 0.290200 0.338500 0.245700 0.170300 0.418900 0.227700 0.245700 0.429700 0.309800 0.245700 0.486600 0.290200 0.170300 0.384700 0.245700 0.245700 0.170300 0.446000 0.000000 0.170300
GreaterKud 0.417300 0.739300 0.170300 0.260800 0.395300 0.578600 0.206300 0.291200 0.000000 0.595300 0.488400 0.206300 0.401800 0.300200 0.368300 0.291200 0.537600 0.700400 0.268500 0.000000 0.291200 0.417300 0.362900 0.528000 0.593500 0.368800 0.401800 0.000000 0.374400 0.000000 0.595300 0.291200 0.362900 0.401800 0.291200 0.206300 0.488400 0.485400 0.291200 0.545200 0.393100 0.291200 0.595300 0.362900 0.206300 0.475100 0.291200 0.291200 0.206300 0.530000 0.170300 0.000000
