1
52 1
Argali 0.000000 0.170000 0.058200 0.154500 0.035800 0.003400 0.058200 0.043100 0.058300 0.077300 0.032200 0.054500 0.032200 0.036000 0.046900 0.025000 0.043000 0.054200 0.046900 0.054300 0.039700 0.028600 0.069600 0.081400 0.028600 0.046900 0.028500 0.058000 0.035800 0.054300 0.073500 0.036000 0.073700 0.028400 0.039600 0.050600 0.032200 0.043300 0.047200 0.065800 0.069600 0.035800 0.073500 0.081300 0.065700 0.034000 0.039500 0.028700 0.041800 0.054500 0.058200 0.058100
LesserMous 0.170000 0.000000 0.157000 0.148900 0.157100 0.165300 0.161800 0.165300 0.157100 0.178900 0.161600 0.153200 0.161300 0.157300 0.161300 0.161700 0.139700 0.144000 0.161500 0.152700 0.153500 0.157200 0.187400 0.192500 0.157100 0.178800 0.156800 0.160900 0.165700 0.152700 0.174800 0.157300 0.153800 0.157000 0.169700 0.140300 0.152800 0.157600 0.170900 0.183100 0.178800 0.157300 0.183400 0.192200 0.157200 0.161400 0.153100 0.157300 0.165600 0.165900 0.156800 0.157200
LesserKudu 0.058200 0.157000 0.000000 0.154300 0.050700 0.054400 0.066000 0.058100 0.007000 0.077500 0.054500 0.043300 0.047000 0.043400 0.054500 0.047100 0.050500 0.054300 0.069700 0.003500 0.054600 0.050700 0.077500 0.081600 0.050700 0.054600 0.043200 0.010500 0.050800 0.003500 0.073700 0.043400 0.066200 0.043200 0.054400 0.028500 0.054400 0.058400 0.054800 0.073600 0.077500 0.050800 0.081400 0.077600 0.043200 0.050800 0.054500 0.043300 0.050700 0.065900 0.007000 0.007000
KillerWhal 0.154500 0.148900 0.154300 0.000000 0.129500 0.149900 0.159000 0.154000 0.154400 0.159300 0.142100 0.142000 0.141700 0.146200 0.150200 0.142200 0.120500 0.124800 0.133600 0.150100 0.134100 0.137800 0.154700 0.172600 0.137700 0.159000 0.137400 0.158300 0.146100 0.150100 0.163600 0.146200 0.142600 0.137500 0.141600 0.137500 0.141800 0.129900 0.159900 0.154900 0.150600 0.137900 0.154900 0.172300 0.154400 0.146000 0.133800 0.137900 0.154600 0.146500 0.154100 0.154600
DefassaWat 0.035800 0.157100 0.050700 0.129500 0.000000 0.032100 0.043200 0.028400 0.050700 0.069600 0.017700 0.047000 0.024900 0.028600 0.031300 0.024000 0.043000 0.044400 0.046800 0.046800 0.032300 0.021300 0.061900 0.073600 0.014100 0.039500 0.021300 0.054200 0.028500 0.046800 0.065800 0.028600 0.058400 0.020700 0.032200 0.042300 0.017700 0.013800 0.039700 0.058200 0.062000 0.028500 0.065800 0.073500 0.058100 0.028500 0.032200 0.021400 0.035800 0.054400 0.050600 0.050600
Sheep 0.003400 0.165300 0.054400 0.149900 0.032100 0.000000 0.054300 0.039300 0.054400 0.073300 0.028500 0.050600 0.027300 0.032200 0.043100 0.021300 0.039200 0.050300 0.043100 0.050400 0.036000 0.024400 0.065600 0.077400 0.024200 0.043100 0.024800 0.058000 0.032100 0.050400 0.069500 0.032200 0.069700 0.024800 0.035800 0.046000 0.027700 0.039500 0.041900 0.061900 0.065700 0.031100 0.069500 0.077200 0.061700 0.032100 0.034200 0.025000 0.039400 0.047700 0.054300 0.054200
MaxwellsDu 0.058200 0.161800 0.066000 0.159000 0.043200 0.054300 0.000000 0.058100 0.066000 0.093100 0.047100 0.069800 0.047000 0.036100 0.054500 0.047100 0.061700 0.058000 0.069600 0.061900 0.054800 0.043300 0.084700 0.089500 0.043300 0.062100 0.042100 0.069500 0.050700 0.061900 0.081400 0.036100 0.070100 0.043200 0.054600 0.058200 0.047000 0.050800 0.062400 0.073700 0.085200 0.050700 0.089200 0.089300 0.073500 0.050700 0.054500 0.036000 0.058200 0.077400 0.065900 0.065800
GazellaPrz 0.043100 0.165300 0.058100 0.154000 0.028400 0.039300 0.058100 0.000000 0.054400 0.069400 0.032100 0.054400 0.032100 0.035900 0.039400 0.024700 0.050300 0.054100 0.054200 0.054200 0.032200 0.035800 0.061800 0.073500 0.028500 0.039400 0.028400 0.061600 0.028400 0.054200 0.065700 0.035900 0.073600 0.027100 0.039500 0.050500 0.032100 0.035800 0.039600 0.058100 0.061900 0.028400 0.065700 0.073400 0.065600 0.035800 0.032000 0.028600 0.043100 0.061800 0.058100 0.058000
MountainNy 0.058300 0.157100 0.007000 0.154400 0.050700 0.054400 0.066000 0.054400 0.000000 0.077500 0.054600 0.043300 0.047000 0.043400 0.047000 0.047100 0.050500 0.054300 0.069700 0.003500 0.054700 0.050800 0.077500 0.081700 0.050800 0.054600 0.043200 0.010500 0.050800 0.003500 0.073700 0.043400 0.066200 0.043300 0.054500 0.028500 0.054500 0.058400 0.054800 0.073700 0.077500 0.050800 0.081500 0.077600 0.043200 0.050800 0.054500 0.043400 0.050800 0.066000 0.007000 0.007000
MuntiacusM 0.077300 0.178900 0.077500 0.159300 0.069600 0.073300 0.093100 0.069400 0.077500 0.000000 0.073600 0.073600 0.065800 0.070000 0.081200 0.066000 0.061700 0.058000 0.073500 0.073300 0.066300 0.069600 0.020600 0.025100 0.069600 0.081300 0.061900 0.080900 0.069700 0.073300 0.010600 0.069900 0.093500 0.061900 0.058400 0.069500 0.073400 0.077500 0.073900 0.024300 0.020800 0.069700 0.010600 0.025000 0.085000 0.069600 0.073500 0.062300 0.069600 0.069800 0.077400 0.077300
goat 0.032200 0.161600 0.054500 0.142100 0.017700 0.028500 0.047100 0.032100 0.054600 0.073600 0.000000 0.050800 0.028600 0.032400 0.035900 0.028500 0.046700 0.050500 0.043300 0.050600 0.036100 0.017800 0.065900 0.077700 0.003400 0.043300 0.024900 0.058000 0.030900 0.050600 0.069800 0.032400 0.062400 0.024300 0.036000 0.046900 0.007100 0.025000 0.043500 0.062100 0.065900 0.032200 0.069800 0.077000 0.062000 0.032200 0.035900 0.025100 0.039600 0.050800 0.054500 0.054400
AfricanBuf 0.054500 0.153200 0.043300 0.142000 0.047000 0.050600 0.069800 0.054400 0.043300 0.073600 0.050800 0.000000 0.042900 0.047200 0.058300 0.043400 0.046800 0.050500 0.058200 0.039500 0.051100 0.044400 0.073600 0.085600 0.047000 0.058300 0.039500 0.046800 0.047000 0.039500 0.077600 0.047200 0.070000 0.039600 0.043400 0.020800 0.050700 0.054600 0.051100 0.069800 0.073300 0.047000 0.069800 0.085400 0.035800 0.047000 0.050400 0.039800 0.045500 0.062100 0.043200 0.043200
Topi 0.032200 0.161300 0.047000 0.141700 0.024900 0.027300 0.047000 0.032100 0.047000 0.065800 0.028600 0.042900 0.000000 0.025000 0.035800 0.021400 0.039300 0.043000 0.043200 0.043100 0.028700 0.023900 0.058200 0.069800 0.024900 0.035900 0.003400 0.050500 0.024900 0.043100 0.062000 0.025000 0.062200 0.010300 0.028600 0.038300 0.028500 0.032200 0.036100 0.054500 0.058200 0.024900 0.062000 0.069700 0.054400 0.024900 0.028500 0.017800 0.032200 0.050700 0.046900 0.046900
CommonDuik 0.036000 0.157300 0.043400 0.146200 0.028600 0.032200 0.036100 0.035900 0.043400 0.070000 0.032400 0.047200 0.025000 0.000000 0.032300 0.025100 0.043200 0.047000 0.047100 0.039700 0.032400 0.028700 0.062300 0.066400 0.028700 0.039700 0.021400 0.047000 0.028700 0.039700 0.058600 0.007100 0.058800 0.021400 0.032300 0.036000 0.032300 0.036100 0.040000 0.058500 0.062300 0.028700 0.066200 0.066200 0.050900 0.028700 0.032300 0.021400 0.036000 0.054700 0.043300 0.043400
Suni 0.046900 0.161300 0.054500 0.150200 0.031300 0.043100 0.054500 0.039400 0.047000 0.081200 0.035900 0.058300 0.035800 0.032300 0.000000 0.035900 0.054100 0.057900 0.058100 0.050600 0.043400 0.032200 0.073400 0.077600 0.031000 0.050700 0.032100 0.058000 0.039500 0.050600 0.069700 0.032300 0.069900 0.031200 0.043300 0.046900 0.035800 0.039600 0.051000 0.069700 0.073500 0.037400 0.077400 0.077400 0.061900 0.032200 0.041100 0.032300 0.046900 0.058200 0.054400 0.054400
Springbuck 0.025000 0.161700 0.047100 0.142200 0.024000 0.021300 0.047100 0.024700 0.047100 0.066000 0.028500 0.043400 0.021400 0.025100 0.035900 0.000000 0.037600 0.043200 0.043300 0.043300 0.021400 0.025000 0.058400 0.068900 0.025000 0.028600 0.017700 0.050600 0.017200 0.043300 0.062200 0.025100 0.062400 0.017700 0.028700 0.039600 0.028600 0.032300 0.028700 0.054600 0.058400 0.017300 0.062200 0.069900 0.054500 0.025000 0.021300 0.017800 0.032300 0.050800 0.047100 0.047000
Okapi 0.043000 0.139700 0.050500 0.120500 0.043000 0.039200 0.061700 0.050300 0.050500 0.061700 0.046700 0.046800 0.039300 0.043200 0.054100 0.037600 0.000000 0.017200 0.061600 0.046600 0.047000 0.043000 0.054200 0.065700 0.043000 0.054200 0.035600 0.054000 0.043000 0.046600 0.058000 0.043200 0.050600 0.035600 0.039400 0.042900 0.046600 0.050500 0.054500 0.050500 0.054200 0.043000 0.058000 0.065500 0.057800 0.043000 0.046700 0.035800 0.050400 0.058000 0.050400 0.050400
Giraffe 0.054200 0.144000 0.054300 0.124800 0.044400 0.050300 0.058000 0.054100 0.054300 0.058000 0.050500 0.050500 0.043000 0.047000 0.057900 0.043200 0.017200 0.000000 0.057900 0.049800 0.050800 0.046800 0.058000 0.061400 0.046700 0.057200 0.039300 0.057800 0.046800 0.050400 0.054300 0.047000 0.054400 0.039300 0.043100 0.046700 0.050400 0.054300 0.058300 0.046900 0.058000 0.046800 0.054300 0.061800 0.061700 0.045900 0.050500 0.039500 0.054200 0.061900 0.054200 0.054200
TibetanAnt 0.046900 0.161500 0.069700 0.133600 0.046800 0.043100 0.069600 0.054200 0.069700 0.073500 0.043300 0.058200 0.043200 0.047100 0.058100 0.043300 0.061600 0.057900 0.000000 0.065600 0.043500 0.039500 0.073500 0.077600 0.039500 0.058200 0.039400 0.073100 0.035800 0.065600 0.069700 0.047100 0.081500 0.039500 0.043300 0.054300 0.043200 0.038500 0.058500 0.077300 0.073500 0.039500 0.062000 0.077400 0.061900 0.046900 0.043200 0.039700 0.054400 0.065800 0.069600 0.069500
Sitatunga 0.054300 0.152700 0.003500 0.150100 0.046800 0.050400 0.061900 0.054200 0.003500 0.073300 0.050600 0.039500 0.043100 0.039700 0.050600 0.043300 0.046600 0.049800 0.065600 0.000000 0.050900 0.046900 0.073300 0.077500 0.046800 0.050700 0.037500 0.006800 0.045800 0.000000 0.069600 0.039600 0.062200 0.039400 0.050700 0.024800 0.050500 0.054400 0.050900 0.069600 0.073500 0.046900 0.077300 0.073500 0.039400 0.046900 0.050600 0.039600 0.046800 0.061900 0.003500 0.003400
Oribi 0.039700 0.153500 0.054600 0.134100 0.032300 0.036000 0.054800 0.032200 0.054700 0.066300 0.036100 0.051100 0.028700 0.032400 0.043400 0.021400 0.047000 0.050800 0.043500 0.050900 0.000000 0.032400 0.066200 0.078000 0.032400 0.036000 0.025000 0.058300 0.025000 0.050900 0.070100 0.032400 0.070300 0.025000 0.036000 0.047200 0.036000 0.032400 0.036200 0.062400 0.066200 0.017800 0.070100 0.077900 0.062300 0.032400 0.021400 0.025100 0.039800 0.051000 0.054600 0.054700
BarbaryShe 0.028600 0.157200 0.050700 0.137800 0.021300 0.024400 0.043300 0.035800 0.050800 0.069600 0.017800 0.044400 0.023900 0.028700 0.032200 0.025000 0.043000 0.046800 0.039500 0.046900 0.032400 0.000000 0.062000 0.073700 0.013800 0.039600 0.020800 0.054200 0.027600 0.046900 0.065900 0.028700 0.058500 0.021300 0.032300 0.043200 0.017300 0.028600 0.039800 0.058000 0.062000 0.027700 0.065900 0.073600 0.058100 0.020800 0.031300 0.021400 0.035800 0.039600 0.050700 0.050600
Daviddeer 0.069600 0.187400 0.077500 0.154700 0.061900 0.065600 0.084700 0.061800 0.077500 0.020600 0.065900 0.073600 0.058200 0.062300 0.073400 0.058400 0.054200 0.058000 0.073500 0.073300 0.066200 0.062000 0.000000 0.025100 0.062000 0.073500 0.054400 0.081000 0.062000 0.073300 0.017800 0.062300 0.085600 0.054400 0.050800 0.069600 0.065800 0.069700 0.074000 0.017800 0.014200 0.062000 0.017800 0.025000 0.085100 0.062000 0.065800 0.054700 0.069600 0.077400 0.077400 0.077300
Reindeer 0.081400 0.192500 0.081600 0.172600 0.073600 0.077400 0.089500 0.073500 0.081700 0.025100 0.077700 0.085600 0.069800 0.066400 0.077600 0.068900 0.065700 0.061400 0.077600 0.077500 0.078000 0.073700 0.025100 0.000000 0.073700 0.085200 0.065900 0.085100 0.073700 0.077500 0.014000 0.066300 0.089800 0.065900 0.062400 0.073700 0.077500 0.081600 0.086000 0.021500 0.025100 0.073700 0.020900 0.007000 0.089300 0.073700 0.077600 0.066300 0.081500 0.089400 0.081500 0.081500
Ibex 0.028600 0.157100 0.050700 0.137700 0.014100 0.024200 0.043300 0.028500 0.050800 0.069600 0.003400 0.047000 0.024900 0.028700 0.031000 0.025000 0.043000 0.046700 0.039500 0.046800 0.032400 0.013800 0.062000 0.073700 0.000000 0.039600 0.021300 0.054200 0.027600 0.046500 0.065900 0.028700 0.058500 0.021300 0.032300 0.043200 0.003500 0.021000 0.039800 0.058300 0.062000 0.027300 0.065900 0.073600 0.058100 0.028600 0.032200 0.021400 0.034400 0.044600 0.050700 0.050600
GyrantGaze 0.046900 0.178800 0.054600 0.159000 0.039500 0.043100 0.062100 0.039400 0.054600 0.081300 0.043300 0.058300 0.035900 0.039700 0.050700 0.028600 0.054200 0.057200 0.058200 0.050700 0.036000 0.039600 0.073500 0.085200 0.039600 0.000000 0.032200 0.050600 0.032100 0.050700 0.077500 0.039700 0.069900 0.032200 0.043400 0.054400 0.043200 0.047000 0.035800 0.069800 0.073600 0.024400 0.077500 0.085300 0.065800 0.039600 0.035800 0.032400 0.039600 0.065900 0.054500 0.054500
Hartebeest 0.028500 0.156800 0.043200 0.137400 0.021300 0.024800 0.042100 0.028400 0.043200 0.061900 0.024900 0.039500 0.003400 0.021400 0.032100 0.017700 0.035600 0.039300 0.039400 0.037500 0.025000 0.020800 0.054400 0.065900 0.021300 0.032200 0.000000 0.046700 0.020700 0.039400 0.058200 0.021400 0.058300 0.006800 0.024900 0.034700 0.024900 0.027300 0.032300 0.050700 0.054400 0.021300 0.058200 0.065800 0.050500 0.021300 0.024100 0.014200 0.028500 0.044400 0.043200 0.043100
Bongo 0.058000 0.160900 0.010500 0.158300 0.054200 0.058000 0.069500 0.061600 0.010500 0.080900 0.058000 0.046800 0.050500 0.047000 0.058000 0.050600 0.054000 0.057800 0.073100 0.006800 0.058300 0.054200 0.081000 0.085100 0.054200 0.050600 0.046700 0.000000 0.054300 0.006800 0.077200 0.047000 0.069700 0.046700 0.058100 0.031100 0.057900 0.061800 0.058300 0.077100 0.081000 0.054300 0.084900 0.081100 0.046700 0.054200 0.058000 0.047000 0.054200 0.069400 0.010500 0.010300
Gerenuk 0.035800 0.165700 0.050800 0.146100 0.028500 0.032100 0.050700 0.028400 0.050800 0.069700 0.030900 0.047000 0.024900 0.028700 0.039500 0.017200 0.043000 0.046800 0.035800 0.045800 0.025000 0.027600 0.062000 0.073700 0.027600 0.032100 0.020700 0.054300 0.000000 0.046900 0.065900 0.028700 0.066000 0.021300 0.032300 0.043200 0.032200 0.032200 0.031300 0.058300 0.062100 0.020800 0.065900 0.073600 0.050700 0.027600 0.024900 0.021400 0.035900 0.054500 0.050700 0.047500
CommonElan 0.054300 0.152700 0.003500 0.150100 0.046800 0.050400 0.061900 0.054200 0.003500 0.073300 0.050600 0.039500 0.043100 0.039700 0.050600 0.043300 0.046600 0.050400 0.065600 0.000000 0.050900 0.046900 0.073300 0.077500 0.046500 0.050700 0.039400 0.006800 0.046900 0.000000 0.069600 0.039600 0.062200 0.039400 0.050700 0.024100 0.050500 0.054400 0.050900 0.069600 0.073400 0.046900 0.077300 0.073500 0.039400 0.046900 0.050600 0.039600 0.046800 0.061900 0.003500 0.003500
MuntiacusR 0.073500 0.174800 0.073700 0.163600 0.065800 0.069500 0.081400 0.065700 0.073700 0.010600 0.069800 0.077600 0.062000 0.058600 0.069700 0.062200 0.058000 0.054300 0.069700 0.069600 0.070100 0.065900 0.017800 0.014000 0.065900 0.077500 0.058200 0.077200 0.065900 0.069600 0.000000 0.058600 0.081800 0.058200 0.054600 0.065800 0.069400 0.073700 0.077900 0.021400 0.017300 0.065900 0.007000 0.014200 0.081300 0.066000 0.069700 0.058500 0.073500 0.081400 0.073600 0.073600
HarveysDui 0.036000 0.157300 0.043400 0.146200 0.028600 0.032200 0.036100 0.035900 0.043400 0.069900 0.032400 0.047200 0.025000 0.007100 0.032300 0.025100 0.043200 0.047000 0.047100 0.039600 0.032400 0.028700 0.062300 0.066300 0.028700 0.039700 0.021400 0.047000 0.028700 0.039600 0.058600 0.000000 0.058700 0.021400 0.032300 0.036000 0.032300 0.036100 0.039900 0.058500 0.062300 0.028700 0.066100 0.066200 0.050900 0.028700 0.032300 0.021400 0.036000 0.054700 0.043300 0.043400
Pronghorn 0.073700 0.153800 0.066200 0.142600 0.058400 0.069700 0.070100 0.073600 0.066200 0.093500 0.062400 0.070000 0.062200 0.058800 0.069900 0.062400 0.050600 0.054400 0.081500 0.062200 0.070300 0.058500 0.085600 0.089800 0.058500 0.069900 0.058300 0.069700 0.066000 0.062200 0.081800 0.058700 0.000000 0.050900 0.070100 0.058400 0.062200 0.066200 0.078200 0.081700 0.085300 0.066100 0.089600 0.089700 0.073700 0.066100 0.069900 0.058700 0.073800 0.081700 0.066100 0.066100
BlueWildeb 0.028400 0.157000 0.043200 0.137500 0.020700 0.024800 0.043200 0.027100 0.043300 0.061900 0.024300 0.039600 0.010300 0.021400 0.031200 0.017700 0.035600 0.039300 0.039500 0.039400 0.025000 0.021300 0.054400 0.065900 0.021300 0.032200 0.006800 0.046700 0.021300 0.039400 0.058200 0.021400 0.050900 0.000000 0.024900 0.035800 0.024900 0.028600 0.032400 0.050700 0.054400 0.021300 0.058200 0.065800 0.050600 0.020800 0.024900 0.014200 0.028500 0.046900 0.043200 0.043200
Gemsbok 0.039600 0.169700 0.054400 0.141600 0.032200 0.035800 0.054600 0.039500 0.054500 0.058400 0.036000 0.043400 0.028600 0.032300 0.043300 0.028700 0.039400 0.043100 0.043300 0.050700 0.036000 0.032300 0.050800 0.062400 0.032300 0.043400 0.024900 0.058100 0.032300 0.050700 0.054600 0.032300 0.070100 0.024900 0.000000 0.039600 0.035900 0.039700 0.043600 0.047100 0.050900 0.032300 0.047100 0.062300 0.054500 0.032300 0.035900 0.025000 0.039600 0.058300 0.054400 0.054500
Yak 0.050600 0.140300 0.028500 0.137500 0.042300 0.046000 0.058200 0.050500 0.028500 0.069500 0.046900 0.020800 0.038300 0.036000 0.046900 0.039600 0.042900 0.046700 0.054300 0.024800 0.047200 0.043200 0.069600 0.073700 0.043200 0.054400 0.034700 0.031100 0.043200 0.024100 0.065800 0.036000 0.058400 0.035800 0.039600 0.000000 0.046800 0.050700 0.045900 0.065800 0.069600 0.043200 0.065800 0.073500 0.014100 0.043200 0.046900 0.036000 0.043200 0.058200 0.028500 0.028500
BlueSheep 0.032200 0.152800 0.054400 0.141800 0.017700 0.027700 0.047000 0.032100 0.054500 0.073400 0.007100 0.050700 0.028500 0.032300 0.035800 0.028600 0.046600 0.050400 0.043200 0.050500 0.036000 0.017300 0.065800 0.077500 0.003500 0.043200 0.024900 0.057900 0.032200 0.050500 0.069400 0.032300 0.062200 0.024900 0.035900 0.046800 0.000000 0.025000 0.043500 0.062000 0.065800 0.032200 0.069400 0.077400 0.061900 0.028500 0.035800 0.025000 0.039500 0.050700 0.054400 0.051100
BohorReedb 0.043300 0.157600 0.058400 0.129900 0.013800 0.039500 0.050800 0.035800 0.058400 0.077500 0.025000 0.054600 0.032200 0.036100 0.039600 0.032300 0.050500 0.054300 0.038500 0.054400 0.032400 0.028600 0.069700 0.081600 0.021000 0.047000 0.027300 0.061800 0.032200 0.054400 0.073700 0.036100 0.066200 0.028600 0.039700 0.050700 0.025000 0.000000 0.047300 0.065900 0.069800 0.028600 0.073600 0.081400 0.065800 0.035900 0.031300 0.028700 0.043300 0.062100 0.058300 0.058200
KirksDik 0.047200 0.170900 0.054800 0.159900 0.039700 0.041900 0.062400 0.039600 0.054800 0.073900 0.043500 0.051100 0.036100 0.040000 0.051000 0.028700 0.054500 0.058300 0.058500 0.050900 0.036200 0.039800 0.074000 0.086000 0.039800 0.035800 0.032300 0.058300 0.031300 0.050900 0.077900 0.039900 0.078200 0.032400 0.043600 0.045900 0.043500 0.047300 0.000000 0.070100 0.074000 0.031600 0.077900 0.085800 0.062300 0.039800 0.036000 0.032500 0.039800 0.054700 0.054800 0.054700
RoeDeer 0.065800 0.183100 0.073600 0.154900 0.058200 0.061900 0.073700 0.058100 0.073700 0.024300 0.062100 0.069800 0.054500 0.058500 0.069700 0.054600 0.050500 0.046900 0.077300 0.069600 0.062400 0.058000 0.017800 0.021500 0.058300 0.069800 0.050700 0.077100 0.058300 0.069600 0.021400 0.058500 0.081700 0.050700 0.047100 0.065800 0.062000 0.065900 0.070100 0.000000 0.017400 0.058300 0.021200 0.021400 0.081200 0.058300 0.062100 0.051000 0.065700 0.073600 0.073600 0.073500
WhiteLippe 0.069600 0.178800 0.077500 0.150600 0.062000 0.065700 0.085200 0.061900 0.077500 0.020800 0.065900 0.073300 0.058200 0.062300 0.073500 0.058400 0.054200 0.058000 0.073500 0.073500 0.066200 0.062000 0.014200 0.025100 0.062000 0.073600 0.054400 0.081000 0.062100 0.073400 0.017300 0.062300 0.085300 0.054400 0.050900 0.069600 0.065800 0.069800 0.074000 0.017400 0.000000 0.062100 0.017500 0.024100 0.085100 0.062000 0.065800 0.054700 0.069700 0.077500 0.077400 0.077400
ThomsonGaz 0.035800 0.157300 0.050800 0.137900 0.028500 0.031100 0.050700 0.028400 0.050800 0.069700 0.032200 0.047000 0.024900 0.028700 0.037400 0.017300 0.043000 0.046800 0.039500 0.046900 0.017800 0.027700 0.062000 0.073700 0.027300 0.024400 0.021300 0.054300 0.020800 0.046900 0.065900 0.028700 0.066100 0.021300 0.032300 0.043200 0.032200 0.028600 0.031600 0.058300 0.062100 0.000000 0.065900 0.073600 0.054400 0.028600 0.017700 0.021400 0.035900 0.054500 0.050700 0.050700
MuntiacusC 0.073500 0.183400 0.081400 0.154900 0.065800 0.069500 0.089200 0.065700 0.081500 0.010600 0.069800 0.069800 0.062000 0.066200 0.077400 0.062200 0.058000 0.054300 0.062000 0.077300 0.070100 0.065900 0.017800 0.020900 0.065900 0.077500 0.058200 0.084900 0.065900 0.077300 0.007000 0.066100 0.089600 0.058200 0.047100 0.065800 0.069400 0.073600 0.077900 0.021200 0.017500 0.065900 0.000000 0.020900 0.080600 0.065700 0.069700 0.058500 0.073500 0.081400 0.081300 0.081300
WhiteTaile 0.081300 0.192200 0.077600 0.172300 0.073500 0.077200 0.089300 0.073400 0.077600 0.025000 0.077000 0.085400 0.069700 0.066200 0.077400 0.069900 0.065500 0.061800 0.077400 0.073500 0.077900 0.073600 0.025000 0.007000 0.073600 0.085300 0.065800 0.081100 0.073600 0.073500 0.014200 0.066200 0.089700 0.065800 0.062300 0.073500 0.077400 0.081400 0.085800 0.021400 0.024100 0.073600 0.020900 0.000000 0.089100 0.073600 0.077400 0.066200 0.081300 0.089300 0.077500 0.077500
Cattle 0.065700 0.157200 0.043200 0.154400 0.058100 0.061700 0.073500 0.065600 0.043200 0.085000 0.062000 0.035800 0.054400 0.050900 0.061900 0.054500 0.057800 0.061700 0.061900 0.039400 0.062300 0.058100 0.085100 0.089300 0.058100 0.065800 0.050500 0.046700 0.050700 0.039400 0.081300 0.050900 0.073700 0.050600 0.054500 0.014100 0.061900 0.065800 0.062300 0.081200 0.085100 0.054400 0.080600 0.089100 0.000000 0.058100 0.061900 0.050900 0.058100 0.073400 0.043100 0.043100
RoyalAntel 0.034000 0.161400 0.050800 0.146000 0.028500 0.032100 0.050700 0.035800 0.050800 0.069600 0.032200 0.047000 0.024900 0.028700 0.032200 0.025000 0.043000 0.045900 0.046900 0.046900 0.032400 0.020800 0.062000 0.073700 0.028600 0.039600 0.021300 0.054200 0.027600 0.046900 0.066000 0.028700 0.066100 0.020800 0.032300 0.043200 0.028500 0.035900 0.039800 0.058300 0.062000 0.028600 0.065700 0.073600 0.058100 0.000000 0.032200 0.021400 0.035800 0.047000 0.050700 0.050600
Steenbok 0.039500 0.153100 0.054500 0.133800 0.032200 0.034200 0.054500 0.032000 0.054500 0.073500 0.035900 0.050400 0.028500 0.032300 0.041100 0.021300 0.046700 0.050500 0.043200 0.050600 0.021400 0.031300 0.065800 0.077600 0.032200 0.035800 0.024100 0.058000 0.024900 0.050600 0.069700 0.032300 0.069900 0.024900 0.035900 0.046900 0.035800 0.031300 0.036000 0.062100 0.065800 0.017700 0.069700 0.077400 0.061900 0.032200 0.000000 0.025000 0.038500 0.058200 0.054400 0.054400
Impala 0.028700 0.157300 0.043300 0.137900 0.021400 0.025000 0.036000 0.028600 0.043400 0.062300 0.025100 0.039800 0.017800 0.021400 0.032300 0.017800 0.035800 0.039500 0.039700 0.039600 0.025100 0.021400 0.054700 0.066300 0.021400 0.032400 0.014200 0.047000 0.021400 0.039600 0.058500 0.021400 0.058700 0.014200 0.025000 0.036000 0.025000 0.028700 0.032500 0.051000 0.054700 0.021400 0.058500 0.066200 0.050900 0.021400 0.025000 0.000000 0.028700 0.047200 0.043300 0.043400
Klipspring 0.041800 0.165600 0.050700 0.154600 0.035800 0.039400 0.058200 0.043100 0.050800 0.069600 0.039600 0.045500 0.032200 0.036000 0.046900 0.032300 0.050400 0.054200 0.054400 0.046800 0.039800 0.035800 0.069600 0.081500 0.034400 0.039600 0.028500 0.054200 0.035900 0.046800 0.073500 0.036000 0.073800 0.028500 0.039600 0.043200 0.039500 0.043300 0.039800 0.065700 0.069700 0.035900 0.073500 0.081300 0.058100 0.035800 0.038500 0.028700 0.000000 0.047000 0.050700 0.050600
ForestMusk 0.054500 0.165900 0.065900 0.146500 0.054400 0.047700 0.077400 0.061800 0.066000 0.069800 0.050800 0.062100 0.050700 0.054700 0.058200 0.050800 0.058000 0.061900 0.065800 0.061900 0.051000 0.039600 0.077400 0.089400 0.044600 0.065900 0.044400 0.069400 0.054500 0.061900 0.081400 0.054700 0.081700 0.046900 0.058300 0.058200 0.050700 0.062100 0.054700 0.073600 0.077500 0.054500 0.081400 0.089300 0.073400 0.047000 0.058200 0.047200 0.047000 0.000000 0.065900 0.065800
Bushbuck 0.058200 0.156800 0.007000 0.154100 0.050600 0.054300 0.065900 0.058100 0.007000 0.077400 0.054500 0.043200 0.046900 0.043300 0.054400 0.047100 0.050400 0.054200 0.069600 0.003500 0.054600 0.050700 0.077400 0.081500 0.050700 0.054500 0.043200 0.010500 0.050700 0.003500 0.073600 0.043300 0.066100 0.043200 0.054400 0.028500 0.054400 0.058300 0.054800 0.073600 0.077400 0.050700 0.081300 0.077500 0.043100 0.050700 0.054400 0.043300 0.050700 0.065900 0.000000 0.007000
GreaterKud 0.058100 0.157200 0.007000 0.154600 0.050600 0.054200 0.065800 0.058000 0.007000 0.077300 0.054400 0.043200 0.046900 0.043400 0.054400 0.047000 0.050400 0.054200 0.069500 0.003400 0.054700 0.050600 0.077300 0.081500 0.050600 0.054500 0.043100 0.010300 0.047500 0.003500 0.073600 0.043400 0.066100 0.043200 0.054500 0.028500 0.051100 0.058200 0.054700 0.073500 0.077400 0.050700 0.081300 0.077500 0.043100 0.050600 0.054400 0.043400 0.050600 0.065800 0.007000 0.000000
