CODONML (in paml version 4.10.7, June 2023)  /home/rachel/ruminants_paml/6406-phy-tree/ENSBTAT00000003877.fasta.phy
Model: free dN/dS Ratios for branches,  kappa = 2.000 fixed

Codon frequency model: F3x4
ns =  54  ls =  84

Codon usage in sequences
--------------------------------------------------------------------------------------------------------------------------------------
Phe TTT   2   3   2   2   2   2 | Ser TCT   1   1   1   1   1   1 | Tyr TAT   2   1   2   2   2   1 | Cys TGT   1   1   1   1   2   1
    TTC   2   2   2   2   2   2 |     TCC   1   1   1   1   1   0 |     TAC   1   2   1   1   1   2 |     TGC   1   1   1   1   0   2
Leu TTA   1   1   1   1   1   1 |     TCA   1   1   1   1   1   1 | *** TAA   0   0   0   0   0   0 | *** TGA   0   0   0   0   0   0
    TTG   1   0   0   1   1   0 |     TCG   0   0   0   0   0   0 |     TAG   0   0   0   0   0   0 | Trp TGG   1   1   1   1   1   2
--------------------------------------------------------------------------------------------------------------------------------------
Leu CTT   1   1   1   1   1   1 | Pro CCT   1   1   1   1   1   1 | His CAT   1   1   1   1   1   1 | Arg CGT   0   1   0   0   1   2
    CTC   1   2   1   1   1   1 |     CCC   0   0   0   0   0   0 |     CAC   0   0   0   0   0   0 |     CGC   0   0   0   0   0   0
    CTA   1   0   1   1   1   2 |     CCA   0   0   0   0   0   0 | Gln CAA   3   3   3   3   3   4 |     CGA   2   2   2   2   2   0
    CTG   3   3   4   3   3   2 |     CCG   0   0   0   0   0   0 |     CAG   0   0   0   0   0   0 |     CGG   1   0   1   1   0   0
--------------------------------------------------------------------------------------------------------------------------------------
Ile ATT   2   3   2   2   2   4 | Thr ACT   2   2   2   2   1   2 | Asn AAT   1   1   2   1   1   2 | Ser AGT   0   0   0   0   0   0
    ATC   2   1   2   2   2   0 |     ACC   1   1   1   1   2   0 |     AAC   5   5   4   5   5   4 |     AGC   0   0   0   0   0   0
    ATA   1   1   1   1   1   2 |     ACA   3   3   3   3   3   4 | Lys AAA   4   4   4   4   4   4 | Arg AGA   2   1   2   2   1   2
Met ATG   1   1   1   1   1   0 |     ACG   1   1   1   1   1   1 |     AAG   0   0   0   0   0   0 |     AGG   0   1   0   0   1   0
--------------------------------------------------------------------------------------------------------------------------------------
Val GTT   1   1   1   2   2   2 | Ala GCT   2   2   1   2   2   2 | Asp GAT   4   4   4   4   4   4 | Gly GGT   1   1   1   1   1   1
    GTC   1   2   1   0   1   1 |     GCC   2   2   3   2   2   2 |     GAC   0   0   0   0   0   0 |     GGC   0   0   0   0   0   0
    GTA   0   0   0   0   0   0 |     GCA   2   3   3   2   2   2 | Glu GAA   5   7   6   6   6   7 |     GGA   0   0   0   0   0   0
    GTG   4   3   4   4   3   3 |     GCG   1   0   0   1   1   1 |     GAG   4   2   3   3   3   2 |     GGG   3   3   3   3   3   3
--------------------------------------------------------------------------------------------------------------------------------------

--------------------------------------------------------------------------------------------------------------------------------------
Phe TTT   2   2   2   2   2   2 | Ser TCT   1   1   1   1   1   1 | Tyr TAT   2   2   2   2   2   2 | Cys TGT   1   1   1   1   1   1
    TTC   2   2   2   2   2   2 |     TCC   1   1   1   1   1   1 |     TAC   1   1   1   1   1   1 |     TGC   1   1   1   1   1   1
Leu TTA   1   1   1   1   1   1 |     TCA   1   1   1   1   1   1 | *** TAA   0   0   0   0   0   0 | *** TGA   0   0   0   0   0   0
    TTG   1   1   1   1   0   1 |     TCG   0   0   0   0   0   0 |     TAG   0   0   0   0   0   0 | Trp TGG   1   1   1   1   1   1
--------------------------------------------------------------------------------------------------------------------------------------
Leu CTT   1   1   1   1   1   1 | Pro CCT   1   1   1   1   1   1 | His CAT   0   1   1   1   1   1 | Arg CGT   0   0   0   0   0   0
    CTC   1   1   1   1   1   1 |     CCC   0   0   0   0   0   0 |     CAC   1   0   0   0   0   0 |     CGC   0   0   0   0   0   0
    CTA   1   1   1   1   1   1 |     CCA   0   0   0   0   0   0 | Gln CAA   3   3   3   3   3   3 |     CGA   2   2   2   2   2   2
    CTG   3   3   3   3   4   3 |     CCG   0   0   0   0   0   0 |     CAG   0   0   0   0   0   0 |     CGG   1   1   1   1   1   1
--------------------------------------------------------------------------------------------------------------------------------------
Ile ATT   2   2   2   2   2   2 | Thr ACT   2   2   2   2   2   2 | Asn AAT   1   1   1   1   1   1 | Ser AGT   0   0   0   0   0   0
    ATC   2   2   2   2   2   2 |     ACC   1   1   1   1   1   1 |     AAC   5   5   5   5   5   5 |     AGC   0   0   0   0   0   0
    ATA   1   1   1   1   1   1 |     ACA   3   3   3   3   3   3 | Lys AAA   4   4   3   4   4   4 | Arg AGA   2   2   2   2   2   2
Met ATG   1   1   1   1   1   1 |     ACG   1   1   1   1   1   1 |     AAG   0   0   1   0   0   0 |     AGG   0   0   0   0   0   0
--------------------------------------------------------------------------------------------------------------------------------------
Val GTT   1   1   1   1   1   2 | Ala GCT   2   1   1   1   1   2 | Asp GAT   3   4   4   4   4   4 | Gly GGT   1   1   1   1   1   1
    GTC   1   1   1   1   1   0 |     GCC   2   3   3   3   3   2 |     GAC   1   0   0   0   0   0 |     GGC   0   0   0   0   0   0
    GTA   0   0   0   0   0   0 |     GCA   2   2   2   2   3   2 | Glu GAA   6   5   6   6   6   6 |     GGA   0   0   0   0   0   0
    GTG   4   4   4   4   4   4 |     GCG   1   1   1   1   0   1 |     GAG   3   4   3   3   3   3 |     GGG   3   3   3   3   3   3
--------------------------------------------------------------------------------------------------------------------------------------

--------------------------------------------------------------------------------------------------------------------------------------
Phe TTT   2   2   2   2   2   2 | Ser TCT   1   1   1   1   1   1 | Tyr TAT   2   2   2   2   2   2 | Cys TGT   1   1   1   1   1   1
    TTC   2   1   2   2   2   2 |     TCC   1   2   1   1   1   1 |     TAC   1   1   1   1   1   1 |     TGC   1   1   1   1   1   1
Leu TTA   1   1   1   1   1   1 |     TCA   1   1   1   1   1   1 | *** TAA   0   0   0   0   0   0 | *** TGA   0   0   0   0   0   0
    TTG   1   1   1   1   1   1 |     TCG   0   0   0   0   0   0 |     TAG   0   0   0   0   0   0 | Trp TGG   1   1   1   1   1   1
--------------------------------------------------------------------------------------------------------------------------------------
Leu CTT   1   1   1   1   1   1 | Pro CCT   1   1   1   1   1   1 | His CAT   1   1   1   1   1   1 | Arg CGT   0   0   0   0   0   0
    CTC   1   1   1   1   1   1 |     CCC   0   0   0   0   0   0 |     CAC   0   0   0   0   0   0 |     CGC   0   0   0   0   0   0
    CTA   1   1   1   1   1   1 |     CCA   0   0   0   0   0   0 | Gln CAA   3   3   3   3   3   3 |     CGA   2   2   2   2   2   2
    CTG   3   3   3   3   3   3 |     CCG   0   0   0   0   0   0 |     CAG   0   0   0   0   0   0 |     CGG   1   1   1   1   1   1
--------------------------------------------------------------------------------------------------------------------------------------
Ile ATT   2   2   2   2   2   2 | Thr ACT   2   2   2   2   2   2 | Asn AAT   1   1   1   1   1   1 | Ser AGT   0   0   0   0   0   0
    ATC   2   2   2   2   2   2 |     ACC   1   1   1   2   1   1 |     AAC   5   5   5   5   5   5 |     AGC   0   0   0   0   0   0
    ATA   1   1   1   1   1   1 |     ACA   4   3   3   3   3   3 | Lys AAA   4   4   4   4   4   3 | Arg AGA   2   2   2   2   2   2
Met ATG   1   1   1   1   1   1 |     ACG   0   1   1   0   1   1 |     AAG   0   0   0   0   0   1 |     AGG   0   0   0   0   0   0
--------------------------------------------------------------------------------------------------------------------------------------
Val GTT   1   1   1   1   1   1 | Ala GCT   1   1   1   1   2   2 | Asp GAT   4   4   4   4   4   4 | Gly GGT   1   1   1   1   1   1
    GTC   1   1   1   1   1   1 |     GCC   3   3   3   3   2   2 |     GAC   0   0   0   0   0   0 |     GGC   0   1   0   0   0   0
    GTA   0   0   0   0   0   0 |     GCA   3   3   2   2   2   2 | Glu GAA   6   5   6   6   6   6 |     GGA   0   0   0   0   0   0
    GTG   4   4   4   4   4   4 |     GCG   0   0   1   1   1   1 |     GAG   3   4   3   3   3   3 |     GGG   3   2   3   3   3   3
--------------------------------------------------------------------------------------------------------------------------------------

--------------------------------------------------------------------------------------------------------------------------------------
Phe TTT   3   2   2   2   2   2 | Ser TCT   0   1   1   1   1   1 | Tyr TAT   2   2   2   2   2   2 | Cys TGT   1   1   1   1   1   1
    TTC   1   2   2   2   2   2 |     TCC   1   1   1   1   1   1 |     TAC   1   1   1   1   1   1 |     TGC   1   1   1   1   1   1
Leu TTA   1   1   1   1   1   1 |     TCA   2   1   1   1   1   1 | *** TAA   0   0   0   0   0   0 | *** TGA   0   0   0   0   0   0
    TTG   0   1   1   0   1   1 |     TCG   0   0   0   0   0   0 |     TAG   0   0   0   0   0   0 | Trp TGG   1   1   1   1   1   1
--------------------------------------------------------------------------------------------------------------------------------------
Leu CTT   1   1   1   1   1   1 | Pro CCT   1   1   1   1   1   1 | His CAT   1   1   1   1   1   1 | Arg CGT   0   0   0   0   0   0
    CTC   1   1   1   1   1   1 |     CCC   0   0   0   0   0   0 |     CAC   0   0   0   0   0   0 |     CGC   0   0   0   0   0   0
    CTA   1   1   1   1   1   1 |     CCA   0   0   0   0   0   0 | Gln CAA   2   3   3   3   3   3 |     CGA   2   2   2   2   2   2
    CTG   4   3   3   4   3   3 |     CCG   0   0   0   0   0   0 |     CAG   1   0   0   0   0   0 |     CGG   1   1   1   1   1   1
--------------------------------------------------------------------------------------------------------------------------------------
Ile ATT   2   2   2   2   2   2 | Thr ACT   2   2   2   2   2   2 | Asn AAT   1   1   2   1   1   1 | Ser AGT   0   0   0   0   0   0
    ATC   2   3   2   2   2   2 |     ACC   1   1   1   1   1   1 |     AAC   5   5   4   5   5   5 |     AGC   0   0   0   0   0   0
    ATA   1   0   1   1   1   1 |     ACA   3   3   3   3   3   4 | Lys AAA   4   4   4   4   4   4 | Arg AGA   1   1   2   2   2   2
Met ATG   1   1   1   1   1   1 |     ACG   1   1   1   1   1   0 |     AAG   0   0   0   0   0   0 |     AGG   1   1   0   0   0   0
--------------------------------------------------------------------------------------------------------------------------------------
Val GTT   2   2   1   1   1   1 | Ala GCT   1   1   1   1   1   1 | Asp GAT   4   4   4   4   4   4 | Gly GGT   1   1   1   1   1   1
    GTC   0   0   1   1   1   1 |     GCC   3   3   3   3   3   3 |     GAC   0   0   0   0   0   0 |     GGC   0   0   0   0   0   0
    GTA   0   0   0   0   0   0 |     GCA   2   2   2   3   2   2 | Glu GAA   6   6   6   6   6   6 |     GGA   1   1   1   0   0   0
    GTG   4   4   4   4   4   4 |     GCG   1   1   1   0   1   1 |     GAG   3   3   3   3   3   3 |     GGG   2   2   2   3   3   3
--------------------------------------------------------------------------------------------------------------------------------------

--------------------------------------------------------------------------------------------------------------------------------------
Phe TTT   2   2   2   2   2   2 | Ser TCT   1   1   1   1   1   1 | Tyr TAT   2   2   2   2   2   2 | Cys TGT   1   1   1   1   1   1
    TTC   2   2   2   2   2   2 |     TCC   1   1   1   1   1   1 |     TAC   1   1   1   1   1   1 |     TGC   1   1   1   1   1   1
Leu TTA   1   1   1   1   1   1 |     TCA   1   1   1   1   1   1 | *** TAA   0   0   0   0   0   0 | *** TGA   0   0   0   0   0   0
    TTG   1   0   1   1   1   0 |     TCG   0   0   0   0   0   0 |     TAG   0   0   0   0   0   0 | Trp TGG   1   1   1   1   1   1
--------------------------------------------------------------------------------------------------------------------------------------
Leu CTT   1   1   1   1   1   1 | Pro CCT   1   1   1   1   1   1 | His CAT   1   1   1   1   1   1 | Arg CGT   0   0   0   0   0   0
    CTC   1   1   1   1   1   1 |     CCC   0   0   0   0   0   0 |     CAC   0   0   0   0   0   0 |     CGC   0   0   0   0   0   0
    CTA   1   1   1   1   1   1 |     CCA   0   0   0   0   0   0 | Gln CAA   3   3   3   3   3   3 |     CGA   2   2   2   2   2   2
    CTG   3   4   3   3   3   4 |     CCG   0   0   0   0   0   0 |     CAG   0   0   0   0   0   0 |     CGG   1   1   1   1   1   1
--------------------------------------------------------------------------------------------------------------------------------------
Ile ATT   2   2   3   2   2   2 | Thr ACT   2   2   2   2   2   2 | Asn AAT   1   1   1   1   1   1 | Ser AGT   0   0   0   0   0   0
    ATC   2   2   1   2   2   2 |     ACC   1   1   1   1   1   1 |     AAC   5   5   5   5   5   5 |     AGC   0   0   0   0   0   0
    ATA   1   1   1   1   1   1 |     ACA   3   3   4   3   4   3 | Lys AAA   4   4   4   4   4   4 | Arg AGA   2   2   2   2   2   2
Met ATG   1   1   1   1   1   1 |     ACG   1   1   0   1   0   1 |     AAG   0   0   0   0   0   0 |     AGG   0   0   0   0   0   0
--------------------------------------------------------------------------------------------------------------------------------------
Val GTT   2   2   1   1   1   1 | Ala GCT   1   1   1   2   1   1 | Asp GAT   4   4   4   4   4   4 | Gly GGT   1   1   1   1   1   1
    GTC   0   0   1   1   1   1 |     GCC   3   3   3   2   3   3 |     GAC   0   0   0   0   0   0 |     GGC   0   0   0   0   0   0
    GTA   0   0   0   0   0   0 |     GCA   2   2   2   2   2   3 | Glu GAA   6   6   6   6   6   6 |     GGA   0   0   0   0   0   0
    GTG   4   4   4   4   4   4 |     GCG   1   1   1   1   1   0 |     GAG   3   3   3   3   3   3 |     GGG   3   3   3   3   3   3
--------------------------------------------------------------------------------------------------------------------------------------

--------------------------------------------------------------------------------------------------------------------------------------
Phe TTT   2   2   2   2   2   2 | Ser TCT   1   1   1   1   1   1 | Tyr TAT   2   2   2   2   2   2 | Cys TGT   1   1   1   1   1   1
    TTC   2   2   2   2   2   2 |     TCC   1   1   1   1   1   1 |     TAC   1   1   1   1   1   1 |     TGC   1   1   1   1   1   1
Leu TTA   1   1   1   1   1   1 |     TCA   1   1   1   1   1   1 | *** TAA   0   0   0   0   0   0 | *** TGA   0   0   0   0   0   0
    TTG   1   0   1   1   1   1 |     TCG   0   0   0   0   0   0 |     TAG   0   0   0   0   0   0 | Trp TGG   1   1   1   1   1   1
--------------------------------------------------------------------------------------------------------------------------------------
Leu CTT   1   1   1   1   1   1 | Pro CCT   1   1   1   1   1   1 | His CAT   1   1   1   1   1   1 | Arg CGT   0   0   0   0   0   0
    CTC   1   1   1   1   1   1 |     CCC   0   0   0   0   0   0 |     CAC   0   0   0   0   0   0 |     CGC   0   0   0   0   0   0
    CTA   1   1   1   1   2   1 |     CCA   0   0   0   0   0   0 | Gln CAA   3   3   3   3   3   3 |     CGA   2   2   2   2   2   2
    CTG   3   4   3   3   2   3 |     CCG   0   0   0   0   0   0 |     CAG   0   0   0   0   0   0 |     CGG   1   1   1   1   1   1
--------------------------------------------------------------------------------------------------------------------------------------
Ile ATT   2   2   2   2   2   2 | Thr ACT   2   2   2   2   2   2 | Asn AAT   1   1   1   1   2   1 | Ser AGT   0   0   0   0   0   0
    ATC   2   2   2   2   2   2 |     ACC   1   1   1   1   1   2 |     AAC   5   5   5   5   4   5 |     AGC   0   0   0   0   0   0
    ATA   1   1   1   1   1   1 |     ACA   3   3   3   3   4   2 | Lys AAA   3   4   4   4   4   4 | Arg AGA   2   2   2   2   1   2
Met ATG   1   1   1   1   1   1 |     ACG   1   1   1   1   0   1 |     AAG   1   0   0   0   0   0 |     AGG   0   0   0   0   1   0
--------------------------------------------------------------------------------------------------------------------------------------
Val GTT   1   1   2   1   1   1 | Ala GCT   2   1   2   1   1   1 | Asp GAT   4   4   4   4   4   4 | Gly GGT   1   1   1   1   1   1
    GTC   1   1   0   1   1   1 |     GCC   2   3   2   3   3   3 |     GAC   0   0   0   0   0   0 |     GGC   0   0   0   0   0   0
    GTA   0   0   0   0   0   0 |     GCA   2   3   2   2   2   2 | Glu GAA   6   6   6   6   6   6 |     GGA   0   0   0   0   0   0
    GTG   4   4   4   4   4   4 |     GCG   1   0   1   1   1   1 |     GAG   3   3   3   3   3   3 |     GGG   3   3   3   3   3   3
--------------------------------------------------------------------------------------------------------------------------------------

--------------------------------------------------------------------------------------------------------------------------------------
Phe TTT   2   2   2   2   2   2 | Ser TCT   1   1   1   1   1   1 | Tyr TAT   2   2   2   2   2   2 | Cys TGT   1   1   1   1   1   1
    TTC   2   1   2   2   2   2 |     TCC   1   2   1   1   1   1 |     TAC   1   1   1   1   1   1 |     TGC   1   1   1   1   1   1
Leu TTA   1   1   1   1   1   1 |     TCA   1   1   1   1   0   1 | *** TAA   0   0   0   0   0   0 | *** TGA   0   0   0   0   0   0
    TTG   1   1   1   1   1   1 |     TCG   0   0   0   0   1   0 |     TAG   0   0   0   0   0   0 | Trp TGG   1   1   1   1   1   1
--------------------------------------------------------------------------------------------------------------------------------------
Leu CTT   1   1   1   1   1   1 | Pro CCT   1   1   1   1   1   1 | His CAT   1   1   1   0   1   1 | Arg CGT   0   0   0   0   0   0
    CTC   1   1   1   1   1   1 |     CCC   0   0   0   0   0   0 |     CAC   0   0   0   1   0   0 |     CGC   0   0   0   0   0   0
    CTA   1   1   1   1   1   1 |     CCA   0   0   0   0   0   0 | Gln CAA   3   2   3   3   4   3 |     CGA   2   2   2   2   1   2
    CTG   3   3   3   3   3   3 |     CCG   0   0   0   0   0   0 |     CAG   0   1   0   0   0   0 |     CGG   1   1   1   1   1   1
--------------------------------------------------------------------------------------------------------------------------------------
Ile ATT   2   2   2   2   2   2 | Thr ACT   2   2   2   2   2   2 | Asn AAT   1   1   2   1   1   1 | Ser AGT   0   0   0   0   0   0
    ATC   2   2   2   2   2   2 |     ACC   1   1   1   1   1   1 |     AAC   5   5   4   5   5   5 |     AGC   0   0   0   0   0   0
    ATA   1   1   1   1   1   1 |     ACA   3   3   4   3   3   3 | Lys AAA   4   4   4   4   4   4 | Arg AGA   2   2   2   2   2   2
Met ATG   1   1   1   1   1   1 |     ACG   1   1   0   1   1   1 |     AAG   0   0   0   0   0   0 |     AGG   0   0   0   0   0   0
--------------------------------------------------------------------------------------------------------------------------------------
Val GTT   1   1   1   1   1   2 | Ala GCT   1   1   1   2   1   1 | Asp GAT   4   4   4   3   4   4 | Gly GGT   1   1   1   1   1   1
    GTC   1   1   1   1   1   0 |     GCC   3   3   3   2   3   3 |     GAC   0   0   0   1   0   0 |     GGC   0   0   0   0   0   0
    GTA   0   0   0   0   0   0 |     GCA   2   2   2   2   2   2 | Glu GAA   6   5   5   6   6   6 |     GGA   0   0   0   0   0   0
    GTG   4   4   4   4   4   4 |     GCG   1   1   1   1   1   1 |     GAG   3   4   4   3   3   3 |     GGG   3   3   3   3   3   3
--------------------------------------------------------------------------------------------------------------------------------------

--------------------------------------------------------------------------------------------------------------------------------------
Phe TTT   2   2   2   2   2   2 | Ser TCT   1   1   1   1   1   1 | Tyr TAT   2   2   2   2   2   2 | Cys TGT   1   1   1   1   1   1
    TTC   2   2   2   2   1   2 |     TCC   1   1   1   1   2   1 |     TAC   1   1   1   1   1   1 |     TGC   1   1   1   1   1   1
Leu TTA   1   1   1   1   1   1 |     TCA   1   1   1   1   1   1 | *** TAA   0   0   0   0   0   0 | *** TGA   0   0   0   0   0   0
    TTG   1   1   1   0   1   1 |     TCG   0   0   0   0   0   0 |     TAG   0   0   0   0   0   0 | Trp TGG   1   1   1   1   1   1
--------------------------------------------------------------------------------------------------------------------------------------
Leu CTT   1   1   1   1   1   1 | Pro CCT   1   1   1   1   1   1 | His CAT   1   1   1   1   1   1 | Arg CGT   0   0   0   0   0   0
    CTC   1   1   1   1   1   1 |     CCC   0   0   0   0   0   0 |     CAC   0   0   0   0   0   0 |     CGC   0   0   0   0   0   0
    CTA   1   1   1   1   1   1 |     CCA   0   0   0   0   0   0 | Gln CAA   3   3   3   3   2   3 |     CGA   2   2   2   2   2   2
    CTG   3   3   3   4   3   3 |     CCG   0   0   0   0   0   0 |     CAG   0   0   0   0   1   0 |     CGG   1   1   1   1   1   1
--------------------------------------------------------------------------------------------------------------------------------------
Ile ATT   2   2   2   2   2   2 | Thr ACT   2   2   2   2   2   1 | Asn AAT   1   1   1   1   1   1 | Ser AGT   0   0   0   0   0   0
    ATC   2   2   2   2   2   2 |     ACC   2   1   1   1   1   2 |     AAC   5   5   5   5   5   5 |     AGC   0   0   0   0   0   0
    ATA   1   1   1   1   1   1 |     ACA   2   3   3   3   3   3 | Lys AAA   4   4   4   4   4   4 | Arg AGA   2   2   2   2   2   2
Met ATG   1   1   1   1   1   1 |     ACG   1   1   1   1   1   1 |     AAG   0   0   0   0   0   0 |     AGG   0   0   0   0   0   0
--------------------------------------------------------------------------------------------------------------------------------------
Val GTT   2   1   2   2   1   1 | Ala GCT   1   2   1   1   1   1 | Asp GAT   4   4   4   4   4   4 | Gly GGT   1   1   1   1   1   1
    GTC   0   1   0   0   1   1 |     GCC   3   2   3   3   3   4 |     GAC   0   0   0   0   0   0 |     GGC   0   0   0   0   0   0
    GTA   0   0   0   0   0   0 |     GCA   2   2   2   3   2   1 | Glu GAA   6   6   6   6   5   6 |     GGA   0   0   0   0   0   0
    GTG   4   4   4   4   4   4 |     GCG   1   1   1   0   1   1 |     GAG   3   3   3   3   4   3 |     GGG   3   3   3   3   3   3
--------------------------------------------------------------------------------------------------------------------------------------

--------------------------------------------------------------------------------------------------------------------------------------
Phe TTT   2   2   2   2   2   2 | Ser TCT   1   1   1   1   1   1 | Tyr TAT   2   2   2   2   2   2 | Cys TGT   1   1   1   1   1   1
    TTC   2   2   2   2   2   2 |     TCC   1   1   1   1   1   1 |     TAC   1   1   1   1   1   1 |     TGC   1   1   1   1   1   1
Leu TTA   1   1   1   1   1   1 |     TCA   1   1   1   1   1   1 | *** TAA   0   0   0   0   0   0 | *** TGA   0   0   0   0   0   0
    TTG   1   0   1   1   0   0 |     TCG   0   0   0   0   0   0 |     TAG   0   0   0   0   0   0 | Trp TGG   1   1   1   1   1   1
--------------------------------------------------------------------------------------------------------------------------------------
Leu CTT   1   1   1   1   1   1 | Pro CCT   1   1   1   1   1   1 | His CAT   1   1   1   1   1   1 | Arg CGT   0   0   0   0   0   0
    CTC   1   1   1   1   1   1 |     CCC   0   0   0   0   0   0 |     CAC   0   0   0   0   0   0 |     CGC   0   0   0   0   0   0
    CTA   1   1   1   1   1   1 |     CCA   0   0   0   0   0   0 | Gln CAA   3   3   3   3   3   3 |     CGA   2   2   2   2   2   2
    CTG   3   4   3   3   4   4 |     CCG   0   0   0   0   0   0 |     CAG   0   0   0   0   0   0 |     CGG   1   1   1   1   1   1
--------------------------------------------------------------------------------------------------------------------------------------
Ile ATT   2   3   2   2   2   2 | Thr ACT   2   2   3   2   2   2 | Asn AAT   1   1   1   1   1   1 | Ser AGT   0   0   0   0   0   0
    ATC   2   1   2   2   2   2 |     ACC   1   1   1   1   1   1 |     AAC   5   5   5   5   5   5 |     AGC   0   0   0   0   0   0
    ATA   1   1   1   1   1   1 |     ACA   3   3   2   3   3   3 | Lys AAA   4   4   4   4   4   4 | Arg AGA   2   2   2   2   2   2
Met ATG   1   1   1   1   1   1 |     ACG   1   1   1   1   1   1 |     AAG   0   0   0   0   0   0 |     AGG   0   0   0   0   0   0
--------------------------------------------------------------------------------------------------------------------------------------
Val GTT   2   2   1   1   1   1 | Ala GCT   1   1   1   1   1   1 | Asp GAT   4   4   4   4   4   4 | Gly GGT   2   1   1   1   1   1
    GTC   0   0   1   1   1   1 |     GCC   3   2   3   3   3   3 |     GAC   0   0   0   0   0   0 |     GGC   0   0   0   0   0   0
    GTA   0   0   0   0   0   0 |     GCA   2   2   3   2   3   3 | Glu GAA   6   6   6   6   6   6 |     GGA   0   0   0   0   0   0
    GTG   4   4   4   4   4   4 |     GCG   1   2   0   1   0   0 |     GAG   3   3   3   3   3   3 |     GGG   2   3   3   3   3   3
--------------------------------------------------------------------------------------------------------------------------------------

Codon position x base (3x4) table for each sequence.

#1: Argali         
position  1:    T:0.17857    C:0.16667    A:0.29762    G:0.35714
position  2:    T:0.28571    C:0.21429    A:0.35714    G:0.14286
position  3:    T:0.26190    C:0.20238    A:0.29762    G:0.23810
Average         T:0.24206    C:0.19444    A:0.31746    G:0.24603

#2: LesserMouseDeer
position  1:    T:0.17857    C:0.16667    A:0.29762    G:0.35714
position  2:    T:0.28571    C:0.21429    A:0.35714    G:0.14286
position  3:    T:0.28571    C:0.22619    A:0.30952    G:0.17857
Average         T:0.25000    C:0.20238    A:0.32143    G:0.22619

#3: LesserKudu     
position  1:    T:0.16667    C:0.17857    A:0.29762    G:0.35714
position  2:    T:0.28571    C:0.21429    A:0.35714    G:0.14286
position  3:    T:0.26190    C:0.20238    A:0.32143    G:0.21429
Average         T:0.23810    C:0.19841    A:0.32540    G:0.23810

#4: ForestMuskDeer2
position  1:    T:0.17857    C:0.16667    A:0.29762    G:0.35714
position  2:    T:0.28571    C:0.21429    A:0.35714    G:0.14286
position  3:    T:0.27381    C:0.19048    A:0.30952    G:0.22619
Average         T:0.24603    C:0.19048    A:0.32143    G:0.24206

#5: Camel          
position  1:    T:0.17857    C:0.16667    A:0.29762    G:0.35714
position  2:    T:0.28571    C:0.21429    A:0.35714    G:0.14286
position  3:    T:0.28571    C:0.20238    A:0.29762    G:0.21429
Average         T:0.25000    C:0.19444    A:0.31746    G:0.23810

#6: KillerWhale    
position  1:    T:0.17857    C:0.16667    A:0.29762    G:0.35714
position  2:    T:0.27381    C:0.20238    A:0.36905    G:0.15476
position  3:    T:0.32143    C:0.16667    A:0.34524    G:0.16667
Average         T:0.25794    C:0.17857    A:0.33730    G:0.22619

#7: DefassaWaterbuck
position  1:    T:0.17857    C:0.16667    A:0.29762    G:0.35714
position  2:    T:0.28571    C:0.21429    A:0.35714    G:0.14286
position  3:    T:0.23810    C:0.22619    A:0.30952    G:0.22619
Average         T:0.23413    C:0.20238    A:0.32143    G:0.24206

#8: Sheep          
position  1:    T:0.17857    C:0.16667    A:0.29762    G:0.35714
position  2:    T:0.28571    C:0.21429    A:0.35714    G:0.14286
position  3:    T:0.25000    C:0.21429    A:0.29762    G:0.23810
Average         T:0.23810    C:0.19841    A:0.31746    G:0.24603

#9: MaxwellsDuiker 
position  1:    T:0.17857    C:0.16667    A:0.29762    G:0.35714
position  2:    T:0.28571    C:0.21429    A:0.35714    G:0.14286
position  3:    T:0.25000    C:0.21429    A:0.29762    G:0.23810
Average         T:0.23810    C:0.19841    A:0.31746    G:0.24603

#10: GazellaPrzewalskyi
position  1:    T:0.17857    C:0.16667    A:0.29762    G:0.35714
position  2:    T:0.28571    C:0.21429    A:0.35714    G:0.14286
position  3:    T:0.25000    C:0.21429    A:0.30952    G:0.22619
Average         T:0.23810    C:0.19841    A:0.32143    G:0.24206

#11: MountainNyala  
position  1:    T:0.16667    C:0.17857    A:0.29762    G:0.35714
position  2:    T:0.28571    C:0.21429    A:0.35714    G:0.14286
position  3:    T:0.25000    C:0.21429    A:0.32143    G:0.21429
Average         T:0.23413    C:0.20238    A:0.32540    G:0.23810

#12: MuntiacusMuntjak
position  1:    T:0.17857    C:0.16667    A:0.29762    G:0.35714
position  2:    T:0.28571    C:0.21429    A:0.35714    G:0.14286
position  3:    T:0.27381    C:0.19048    A:0.30952    G:0.22619
Average         T:0.24603    C:0.19048    A:0.32143    G:0.24206

#13: goat           
position  1:    T:0.17857    C:0.16667    A:0.29762    G:0.35714
position  2:    T:0.28571    C:0.21429    A:0.35714    G:0.14286
position  3:    T:0.25000    C:0.21429    A:0.33333    G:0.20238
Average         T:0.23810    C:0.19841    A:0.32937    G:0.23413

#14: AfricanBuffalo 
position  1:    T:0.17857    C:0.16667    A:0.29762    G:0.35714
position  2:    T:0.27381    C:0.22619    A:0.35714    G:0.14286
position  3:    T:0.25000    C:0.22619    A:0.30952    G:0.21429
Average         T:0.23413    C:0.20635    A:0.32143    G:0.23810

#15: Topi           
position  1:    T:0.17857    C:0.16667    A:0.29762    G:0.35714
position  2:    T:0.28571    C:0.21429    A:0.35714    G:0.14286
position  3:    T:0.25000    C:0.21429    A:0.30952    G:0.22619
Average         T:0.23810    C:0.19841    A:0.32143    G:0.24206

#16: CommonDuiker   
position  1:    T:0.17857    C:0.16667    A:0.29762    G:0.35714
position  2:    T:0.28571    C:0.21429    A:0.35714    G:0.14286
position  3:    T:0.25000    C:0.22619    A:0.30952    G:0.21429
Average         T:0.23810    C:0.20238    A:0.32143    G:0.23810

#17: Suni           
position  1:    T:0.17857    C:0.16667    A:0.29762    G:0.35714
position  2:    T:0.28571    C:0.21429    A:0.35714    G:0.14286
position  3:    T:0.26190    C:0.20238    A:0.30952    G:0.22619
Average         T:0.24206    C:0.19444    A:0.32143    G:0.24206

#18: Springbuck     
position  1:    T:0.17857    C:0.16667    A:0.29762    G:0.35714
position  2:    T:0.28571    C:0.21429    A:0.35714    G:0.14286
position  3:    T:0.26190    C:0.20238    A:0.29762    G:0.23810
Average         T:0.24206    C:0.19444    A:0.31746    G:0.24603

#19: Okapi          
position  1:    T:0.16667    C:0.17857    A:0.29762    G:0.35714
position  2:    T:0.28571    C:0.21429    A:0.35714    G:0.14286
position  3:    T:0.26190    C:0.19048    A:0.30952    G:0.23810
Average         T:0.23810    C:0.19444    A:0.32143    G:0.24603

#20: Giraffe        
position  1:    T:0.17857    C:0.16667    A:0.29762    G:0.35714
position  2:    T:0.28571    C:0.21429    A:0.35714    G:0.14286
position  3:    T:0.26190    C:0.21429    A:0.29762    G:0.22619
Average         T:0.24206    C:0.19841    A:0.31746    G:0.24206

#21: TibetanAntelope
position  1:    T:0.17857    C:0.16667    A:0.29762    G:0.35714
position  2:    T:0.28571    C:0.21429    A:0.35714    G:0.14286
position  3:    T:0.26190    C:0.20238    A:0.32143    G:0.21429
Average         T:0.24206    C:0.19444    A:0.32540    G:0.23810

#22: Sitatunga      
position  1:    T:0.16667    C:0.17857    A:0.29762    G:0.35714
position  2:    T:0.28571    C:0.21429    A:0.35714    G:0.14286
position  3:    T:0.25000    C:0.21429    A:0.32143    G:0.21429
Average         T:0.23413    C:0.20238    A:0.32540    G:0.23810

#23: Oribi          
position  1:    T:0.17857    C:0.16667    A:0.29762    G:0.35714
position  2:    T:0.28571    C:0.21429    A:0.35714    G:0.14286
position  3:    T:0.25000    C:0.21429    A:0.30952    G:0.22619
Average         T:0.23810    C:0.19841    A:0.32143    G:0.24206

#24: BarbarySheep   
position  1:    T:0.17857    C:0.16667    A:0.29762    G:0.35714
position  2:    T:0.28571    C:0.21429    A:0.35714    G:0.14286
position  3:    T:0.25000    C:0.21429    A:0.32143    G:0.21429
Average         T:0.23810    C:0.19841    A:0.32540    G:0.23810

#25: Daviddeer      
position  1:    T:0.17857    C:0.16667    A:0.29762    G:0.35714
position  2:    T:0.28571    C:0.21429    A:0.35714    G:0.14286
position  3:    T:0.26190    C:0.20238    A:0.30952    G:0.22619
Average         T:0.24206    C:0.19444    A:0.32143    G:0.24206

#26: Reindeer       
position  1:    T:0.16667    C:0.17857    A:0.29762    G:0.35714
position  2:    T:0.28571    C:0.21429    A:0.35714    G:0.14286
position  3:    T:0.26190    C:0.20238    A:0.30952    G:0.22619
Average         T:0.23810    C:0.19841    A:0.32143    G:0.24206

#27: Ibex           
position  1:    T:0.17857    C:0.16667    A:0.29762    G:0.35714
position  2:    T:0.28571    C:0.21429    A:0.35714    G:0.14286
position  3:    T:0.26190    C:0.20238    A:0.32143    G:0.21429
Average         T:0.24206    C:0.19444    A:0.32540    G:0.23810

#28: GyrantGazelle  
position  1:    T:0.17857    C:0.16667    A:0.29762    G:0.35714
position  2:    T:0.28571    C:0.21429    A:0.35714    G:0.14286
position  3:    T:0.26190    C:0.20238    A:0.30952    G:0.22619
Average         T:0.24206    C:0.19444    A:0.32143    G:0.24206

#29: Hartebeest     
position  1:    T:0.17857    C:0.16667    A:0.29762    G:0.35714
position  2:    T:0.28571    C:0.21429    A:0.35714    G:0.14286
position  3:    T:0.25000    C:0.21429    A:0.32143    G:0.21429
Average         T:0.23810    C:0.19841    A:0.32540    G:0.23810

#30: Bongo          
position  1:    T:0.16667    C:0.17857    A:0.29762    G:0.35714
position  2:    T:0.28571    C:0.21429    A:0.35714    G:0.14286
position  3:    T:0.25000    C:0.21429    A:0.32143    G:0.21429
Average         T:0.23413    C:0.20238    A:0.32540    G:0.23810

#31: Gerenuk        
position  1:    T:0.17857    C:0.16667    A:0.29762    G:0.35714
position  2:    T:0.28571    C:0.21429    A:0.35714    G:0.14286
position  3:    T:0.26190    C:0.20238    A:0.29762    G:0.23810
Average         T:0.24206    C:0.19444    A:0.31746    G:0.24603

#32: CommonEland    
position  1:    T:0.16667    C:0.17857    A:0.29762    G:0.35714
position  2:    T:0.28571    C:0.21429    A:0.35714    G:0.14286
position  3:    T:0.25000    C:0.21429    A:0.32143    G:0.21429
Average         T:0.23413    C:0.20238    A:0.32540    G:0.23810

#33: MuntiacusReevesi
position  1:    T:0.17857    C:0.16667    A:0.29762    G:0.35714
position  2:    T:0.28571    C:0.21429    A:0.35714    G:0.14286
position  3:    T:0.27381    C:0.19048    A:0.30952    G:0.22619
Average         T:0.24603    C:0.19048    A:0.32143    G:0.24206

#34: HarveysDuiker  
position  1:    T:0.17857    C:0.16667    A:0.29762    G:0.35714
position  2:    T:0.28571    C:0.21429    A:0.35714    G:0.14286
position  3:    T:0.25000    C:0.21429    A:0.30952    G:0.22619
Average         T:0.23810    C:0.19841    A:0.32143    G:0.24206

#35: Pronghorn      
position  1:    T:0.17857    C:0.16667    A:0.29762    G:0.35714
position  2:    T:0.28571    C:0.21429    A:0.35714    G:0.14286
position  3:    T:0.26190    C:0.20238    A:0.32143    G:0.21429
Average         T:0.24206    C:0.19444    A:0.32540    G:0.23810

#36: BlueWildebeest 
position  1:    T:0.17857    C:0.16667    A:0.29762    G:0.35714
position  2:    T:0.28571    C:0.21429    A:0.35714    G:0.14286
position  3:    T:0.25000    C:0.22619    A:0.29762    G:0.22619
Average         T:0.23810    C:0.20238    A:0.31746    G:0.24206

#37: Gemsbok        
position  1:    T:0.17857    C:0.16667    A:0.29762    G:0.35714
position  2:    T:0.28571    C:0.21429    A:0.35714    G:0.14286
position  3:    T:0.25000    C:0.21429    A:0.30952    G:0.22619
Average         T:0.23810    C:0.19841    A:0.32143    G:0.24206

#38: Yak            
position  1:    T:0.17857    C:0.16667    A:0.29762    G:0.35714
position  2:    T:0.27381    C:0.22619    A:0.35714    G:0.14286
position  3:    T:0.25000    C:0.21429    A:0.28571    G:0.25000
Average         T:0.23413    C:0.20238    A:0.31349    G:0.25000

#39: BlueSheep      
position  1:    T:0.17857    C:0.16667    A:0.29762    G:0.35714
position  2:    T:0.28571    C:0.21429    A:0.35714    G:0.14286
position  3:    T:0.26190    C:0.20238    A:0.30952    G:0.22619
Average         T:0.24206    C:0.19444    A:0.32143    G:0.24206

#40: BohorReedbuck  
position  1:    T:0.17857    C:0.16667    A:0.29762    G:0.35714
position  2:    T:0.28571    C:0.21429    A:0.35714    G:0.14286
position  3:    T:0.23810    C:0.22619    A:0.30952    G:0.22619
Average         T:0.23413    C:0.20238    A:0.32143    G:0.24206

#41: KirksDik       
position  1:    T:0.17857    C:0.16667    A:0.29762    G:0.35714
position  2:    T:0.28571    C:0.21429    A:0.36905    G:0.13095
position  3:    T:0.25000    C:0.21429    A:0.29762    G:0.23810
Average         T:0.23810    C:0.19841    A:0.32143    G:0.24206

#42: RoeDeer        
position  1:    T:0.17857    C:0.16667    A:0.29762    G:0.35714
position  2:    T:0.28571    C:0.21429    A:0.35714    G:0.14286
position  3:    T:0.26190    C:0.20238    A:0.30952    G:0.22619
Average         T:0.24206    C:0.19444    A:0.32143    G:0.24206

#43: WhiteLippedDeer
position  1:    T:0.17857    C:0.16667    A:0.29762    G:0.35714
position  2:    T:0.28571    C:0.21429    A:0.35714    G:0.14286
position  3:    T:0.26190    C:0.21429    A:0.29762    G:0.22619
Average         T:0.24206    C:0.19841    A:0.31746    G:0.24206

#44: ThomsonGazelle 
position  1:    T:0.17857    C:0.16667    A:0.29762    G:0.35714
position  2:    T:0.28571    C:0.21429    A:0.35714    G:0.14286
position  3:    T:0.26190    C:0.20238    A:0.30952    G:0.22619
Average         T:0.24206    C:0.19444    A:0.32143    G:0.24206

#45: MuntiacusCrinifrons
position  1:    T:0.17857    C:0.16667    A:0.29762    G:0.35714
position  2:    T:0.28571    C:0.21429    A:0.35714    G:0.14286
position  3:    T:0.26190    C:0.20238    A:0.30952    G:0.22619
Average         T:0.24206    C:0.19444    A:0.32143    G:0.24206

#46: WhiteTailedDeer
position  1:    T:0.16667    C:0.17857    A:0.29762    G:0.35714
position  2:    T:0.28571    C:0.21429    A:0.35714    G:0.14286
position  3:    T:0.26190    C:0.20238    A:0.32143    G:0.21429
Average         T:0.23810    C:0.19841    A:0.32540    G:0.23810

#47: Cattle         
position  1:    T:0.17857    C:0.16667    A:0.29762    G:0.35714
position  2:    T:0.27381    C:0.22619    A:0.35714    G:0.14286
position  3:    T:0.25000    C:0.21429    A:0.28571    G:0.25000
Average         T:0.23413    C:0.20238    A:0.31349    G:0.25000

#48: RoyalAntelope  
position  1:    T:0.17857    C:0.16667    A:0.29762    G:0.35714
position  2:    T:0.28571    C:0.21429    A:0.35714    G:0.14286
position  3:    T:0.23810    C:0.23810    A:0.29762    G:0.22619
Average         T:0.23413    C:0.20635    A:0.31746    G:0.24206

#49: Steenbok       
position  1:    T:0.17857    C:0.16667    A:0.29762    G:0.35714
position  2:    T:0.28571    C:0.21429    A:0.35714    G:0.14286
position  3:    T:0.27381    C:0.20238    A:0.30952    G:0.21429
Average         T:0.24603    C:0.19444    A:0.32143    G:0.23810

#50: Impala         
position  1:    T:0.16667    C:0.17857    A:0.29762    G:0.35714
position  2:    T:0.28571    C:0.21429    A:0.35714    G:0.14286
position  3:    T:0.27381    C:0.17857    A:0.30952    G:0.23810
Average         T:0.24206    C:0.19048    A:0.32143    G:0.24603

#51: Klipspringer   
position  1:    T:0.17857    C:0.16667    A:0.29762    G:0.35714
position  2:    T:0.28571    C:0.21429    A:0.35714    G:0.14286
