CODONML (in paml version 4.10.7, June 2023)  /home/rachel/ruminants_paml/6406-phy-tree/ENSBTAT00000002594.fasta.phy
Model: free dN/dS Ratios for branches,  kappa = 2.000 fixed

Codon frequency model: F3x4
ns =  54  ls =  49

Codon usage in sequences
--------------------------------------------------------------------------------------------------------------------------------------
Phe TTT   0   0   0   0   0   0 | Ser TCT   2   2   2   2   2   2 | Tyr TAT   0   0   0   0   0   0 | Cys TGT   4   4   4   4   3   4
    TTC   1   1   1   1   1   1 |     TCC   0   0   0   0   0   0 |     TAC   0   0   0   0   0   0 |     TGC   0   0   0   0   1   0
Leu TTA   1   0   1   1   0   1 |     TCA   0   0   0   0   0   0 | *** TAA   0   0   0   0   0   0 | *** TGA   0   0   0   0   0   0
    TTG   0   0   0   0   0   0 |     TCG   0   0   0   0   0   0 |     TAG   0   0   0   0   0   0 | Trp TGG   1   1   1   1   1   1
--------------------------------------------------------------------------------------------------------------------------------------
Leu CTT   1   1   1   1   1   1 | Pro CCT   0   0   0   0   0   0 | His CAT   0   0   0   0   0   0 | Arg CGT   0   0   0   0   0   0
    CTC   1   1   1   1   1   1 |     CCC   0   0   0   0   0   0 |     CAC   0   0   0   0   0   0 |     CGC   3   3   3   3   3   3
    CTA   1   2   1   1   2   1 |     CCA   1   1   1   1   1   1 | Gln CAA   0   0   0   0   0   0 |     CGA   0   0   0   0   0   0
    CTG   0   0   0   0   0   0 |     CCG   0   0   0   0   0   0 |     CAG   3   3   3   3   3   3 |     CGG   1   1   1   1   1   1
--------------------------------------------------------------------------------------------------------------------------------------
Ile ATT   2   2   2   2   2   2 | Thr ACT   3   3   3   3   3   2 | Asn AAT   2   2   2   2   1   2 | Ser AGT   1   1   1   1   1   1
    ATC   1   1   1   1   1   1 |     ACC   1   1   1   1   1   1 |     AAC   0   0   0   0   1   0 |     AGC   1   1   1   1   1   1
    ATA   0   0   0   0   0   0 |     ACA   0   0   0   0   0   1 | Lys AAA   2   2   1   2   3   2 | Arg AGA   0   0   1   0   0   0
Met ATG   0   0   0   0   0   0 |     ACG   0   0   0   0   0   0 |     AAG   1   1   1   1   0   1 |     AGG   0   0   0   0   0   0
--------------------------------------------------------------------------------------------------------------------------------------
Val GTT   0   0   0   0   0   0 | Ala GCT   1   0   1   1   0   1 | Asp GAT   1   1   1   1   1   1 | Gly GGT   0   0   0   0   0   0
    GTC   0   0   0   0   0   0 |     GCC   1   1   1   1   2   1 |     GAC   3   3   3   3   3   3 |     GGC   0   0   0   0   0   0
    GTA   1   1   1   1   1   1 |     GCA   0   0   0   0   0   0 | Glu GAA   1   1   1   1   1   1 |     GGA   1   1   1   1   1   1
    GTG   2   2   2   2   2   2 |     GCG   0   1   0   0   0   0 |     GAG   2   2   2   2   2   2 |     GGG   2   2   2   2   2   2
--------------------------------------------------------------------------------------------------------------------------------------

--------------------------------------------------------------------------------------------------------------------------------------
Phe TTT   0   0   0   0   0   0 | Ser TCT   2   2   2   2   2   2 | Tyr TAT   0   0   0   0   0   0 | Cys TGT   3   4   4   4   4   4
    TTC   1   1   1   1   1   1 |     TCC   0   0   0   0   0   0 |     TAC   0   0   0   0   0   0 |     TGC   1   0   0   0   0   0
Leu TTA   1   1   1   1   1   1 |     TCA   0   0   0   0   0   0 | *** TAA   0   0   0   0   0   0 | *** TGA   0   0   0   0   0   0
    TTG   0   0   0   0   0   0 |     TCG   0   0   0   0   0   0 |     TAG   0   0   0   0   0   0 | Trp TGG   1   1   1   1   1   1
--------------------------------------------------------------------------------------------------------------------------------------
Leu CTT   1   1   1   1   1   1 | Pro CCT   0   0   0   0   0   0 | His CAT   0   0   0   0   0   0 | Arg CGT   0   0   0   0   0   0
    CTC   1   1   1   1   1   1 |     CCC   0   0   0   0   0   0 |     CAC   0   0   0   0   0   0 |     CGC   3   3   3   3   3   3
    CTA   1   1   1   1   1   1 |     CCA   1   1   1   1   1   1 | Gln CAA   0   0   0   0   1   0 |     CGA   0   0   0   0   0   0
    CTG   0   0   0   0   0   0 |     CCG   0   0   0   0   0   0 |     CAG   3   3   3   3   2   3 |     CGG   1   1   1   1   1   1
--------------------------------------------------------------------------------------------------------------------------------------
Ile ATT   2   2   2   2   2   2 | Thr ACT   3   3   3   3   3   3 | Asn AAT   2   2   2   2   2   2 | Ser AGT   1   1   1   1   1   1
    ATC   1   1   1   1   1   1 |     ACC   1   1   1   1   1   1 |     AAC   0   0   0   0   0   0 |     AGC   1   1   1   1   1   1
    ATA   0   0   0   0   0   0 |     ACA   0   0   0   0   0   0 | Lys AAA   2   2   2   2   1   2 | Arg AGA   0   0   0   0   1   0
Met ATG   0   0   0   0   0   0 |     ACG   0   0   0   0   0   0 |     AAG   1   1   1   1   1   1 |     AGG   0   0   0   0   0   0
--------------------------------------------------------------------------------------------------------------------------------------
Val GTT   0   0   0   0   0   0 | Ala GCT   1   1   1   1   1   1 | Asp GAT   1   1   1   1   1   1 | Gly GGT   0   0   0   0   0   0
    GTC   0   0   0   0   0   0 |     GCC   1   1   1   1   1   1 |     GAC   3   3   3   3   3   3 |     GGC   0   0   0   0   0   0
    GTA   1   1   1   1   1   1 |     GCA   0   0   0   0   0   0 | Glu GAA   1   1   1   1   1   1 |     GGA   1   1   1   1   1   2
    GTG   2   2   2   2   2   2 |     GCG   0   0   0   0   0   0 |     GAG   2   2   2   2   2   2 |     GGG   2   2   2   2   2   1
--------------------------------------------------------------------------------------------------------------------------------------

--------------------------------------------------------------------------------------------------------------------------------------
Phe TTT   0   0   0   0   0   0 | Ser TCT   2   2   2   2   2   2 | Tyr TAT   0   0   0   0   0   0 | Cys TGT   4   4   4   4   4   4
    TTC   1   1   1   1   1   1 |     TCC   0   0   0   0   0   0 |     TAC   0   0   0   0   0   0 |     TGC   0   0   0   0   0   0
Leu TTA   1   1   1   1   1   1 |     TCA   0   0   0   0   0   0 | *** TAA   0   0   0   0   0   0 | *** TGA   0   0   0   0   0   0
    TTG   0   0   0   0   0   0 |     TCG   0   0   0   0   0   0 |     TAG   0   0   0   0   0   0 | Trp TGG   1   1   1   1   1   1
--------------------------------------------------------------------------------------------------------------------------------------
Leu CTT   1   1   1   1   1   1 | Pro CCT   0   0   0   0   0   0 | His CAT   0   0   0   0   0   0 | Arg CGT   0   0   0   0   0   0
    CTC   1   1   1   1   1   1 |     CCC   0   0   0   0   0   0 |     CAC   0   0   0   0   0   0 |     CGC   3   3   3   3   3   3
    CTA   1   1   1   1   1   0 |     CCA   1   1   1   1   1   1 | Gln CAA   0   0   0   0   0   0 |     CGA   0   0   0   0   0   0
    CTG   0   0   0   0   0   1 |     CCG   0   0   0   0   0   0 |     CAG   3   3   3   3   3   3 |     CGG   1   1   1   1   1   1
--------------------------------------------------------------------------------------------------------------------------------------
Ile ATT   2   1   2   2   2   2 | Thr ACT   3   3   3   3   3   3 | Asn AAT   2   2   2   2   2   2 | Ser AGT   1   1   1   1   1   1
    ATC   1   2   1   1   1   1 |     ACC   1   1   1   1   1   1 |     AAC   0   0   0   0   0   0 |     AGC   1   1   1   1   1   1
    ATA   0   0   0   0   0   0 |     ACA   0   0   0   0   0   0 | Lys AAA   2   1   1   2   2   2 | Arg AGA   0   1   0   0   0   0
Met ATG   0   0   0   0   0   0 |     ACG   0   0   0   0   0   0 |     AAG   1   1   2   1   1   1 |     AGG   0   0   0   0   0   0
--------------------------------------------------------------------------------------------------------------------------------------
Val GTT   0   0   0   0   0   0 | Ala GCT   1   1   1   1   1   1 | Asp GAT   1   1   1   1   1   1 | Gly GGT   0   0   0   0   0   0
    GTC   0   0   0   0   0   0 |     GCC   1   1   1   1   1   1 |     GAC   3   3   3   3   3   3 |     GGC   0   0   0   0   0   0
    GTA   1   1   1   1   1   1 |     GCA   0   0   0   0   0   0 | Glu GAA   1   1   1   1   1   1 |     GGA   1   1   1   1   1   1
    GTG   2   2   2   2   2   2 |     GCG   0   0   0   0   0   0 |     GAG   2   2   2   2   2   2 |     GGG   2   2   2   2   2   2
--------------------------------------------------------------------------------------------------------------------------------------

--------------------------------------------------------------------------------------------------------------------------------------
Phe TTT   0   0   0   0   0   0 | Ser TCT   1   1   2   1   2   2 | Tyr TAT   0   0   0   0   0   0 | Cys TGT   4   4   4   4   4   4
    TTC   1   1   1   1   1   1 |     TCC   0   0   0   1   0   0 |     TAC   0   0   0   0   0   0 |     TGC   0   0   0   0   0   0
Leu TTA   1   1   1   1   1   1 |     TCA   0   0   0   0   0   0 | *** TAA   0   0   0   0   0   0 | *** TGA   0   0   0   0   0   0
    TTG   0   0   0   0   0   0 |     TCG   0   0   0   0   0   0 |     TAG   0   0   0   0   0   0 | Trp TGG   1   1   1   1   1   1
--------------------------------------------------------------------------------------------------------------------------------------
Leu CTT   1   1   1   1   1   1 | Pro CCT   0   0   0   0   0   0 | His CAT   0   0   0   0   0   0 | Arg CGT   0   0   0   0   0   0
    CTC   1   1   1   1   1   1 |     CCC   0   0   0   0   0   0 |     CAC   0   0   0   0   0   0 |     CGC   3   3   3   3   3   3
    CTA   1   1   1   1   1   1 |     CCA   1   1   1   1   1   1 | Gln CAA   0   0   0   0   0   0 |     CGA   0   0   0   0   0   0
    CTG   0   0   0   0   0   0 |     CCG   0   0   0   0   0   0 |     CAG   3   3   3   3   3   3 |     CGG   1   1   1   1   1   1
--------------------------------------------------------------------------------------------------------------------------------------
Ile ATT   2   2   2   2   2   2 | Thr ACT   3   3   3   3   3   3 | Asn AAT   2   2   2   2   2   2 | Ser AGT   1   1   1   1   1   1
    ATC   1   1   1   1   1   1 |     ACC   1   1   1   1   1   1 |     AAC   0   0   0   0   0   0 |     AGC   1   1   1   1   1   1
    ATA   0   0   0   0   0   0 |     ACA   0   0   0   0   0   0 | Lys AAA   2   2   2   1   2   2 | Arg AGA   0   0   0   1   0   0
Met ATG   0   0   0   0   0   0 |     ACG   0   0   0   0   0   0 |     AAG   1   1   1   1   1   1 |     AGG   0   0   0   0   0   0
--------------------------------------------------------------------------------------------------------------------------------------
Val GTT   0   0   0   0   0   0 | Ala GCT   2   2   1   1   1   1 | Asp GAT   2   2   1   1   1   1 | Gly GGT   0   0   0   0   0   0
    GTC   0   0   0   0   0   0 |     GCC   1   1   1   1   1   1 |     GAC   2   2   3   3   3   3 |     GGC   0   0   0   0   0   0
    GTA   1   1   1   1   1   1 |     GCA   0   0   0   0   0   0 | Glu GAA   1   1   1   1   1   1 |     GGA   1   1   1   1   1   1
    GTG   2   2   2   2   2   2 |     GCG   0   0   0   0   0   0 |     GAG   2   2   2   2   2   2 |     GGG   2   2   2   2   2   2
--------------------------------------------------------------------------------------------------------------------------------------

--------------------------------------------------------------------------------------------------------------------------------------
Phe TTT   0   0   0   0   0   0 | Ser TCT   2   2   2   2   2   2 | Tyr TAT   0   0   0   0   0   0 | Cys TGT   4   4   4   4   4   4
    TTC   1   1   1   1   1   1 |     TCC   0   0   0   0   0   0 |     TAC   0   0   0   0   0   0 |     TGC   0   0   0   0   0   0
Leu TTA   1   1   1   1   1   1 |     TCA   0   0   0   0   0   0 | *** TAA   0   0   0   0   0   0 | *** TGA   0   0   0   0   0   0
    TTG   0   0   0   0   0   0 |     TCG   0   0   0   0   0   0 |     TAG   0   0   0   0   0   0 | Trp TGG   1   1   1   1   1   1
--------------------------------------------------------------------------------------------------------------------------------------
Leu CTT   1   1   1   1   1   1 | Pro CCT   0   0   0   0   0   0 | His CAT   0   0   0   0   0   0 | Arg CGT   0   0   0   0   0   0
    CTC   1   1   1   1   1   1 |     CCC   0   0   0   0   0   0 |     CAC   0   0   0   0   0   0 |     CGC   3   3   3   3   3   3
    CTA   1   1   1   0   1   1 |     CCA   1   1   1   1   1   1 | Gln CAA   0   0   0   0   0   0 |     CGA   0   0   0   0   0   0
    CTG   0   0   0   1   0   0 |     CCG   0   0   0   0   0   0 |     CAG   3   3   3   3   3   3 |     CGG   1   1   1   1   1   1
--------------------------------------------------------------------------------------------------------------------------------------
Ile ATT   2   2   2   2   2   2 | Thr ACT   3   3   3   3   3   3 | Asn AAT   2   2   2   1   2   2 | Ser AGT   1   1   1   1   1   1
    ATC   1   1   1   1   1   1 |     ACC   1   1   1   1   1   1 |     AAC   0   0   0   2   0   0 |     AGC   1   1   1   1   1   1
    ATA   0   0   0   0   0   0 |     ACA   0   0   0   0   0   0 | Lys AAA   2   2   2   2   1   1 | Arg AGA   0   0   0   0   0   1
Met ATG   0   0   0   0   0   0 |     ACG   0   0   0   0   0   0 |     AAG   1   1   1   1   2   1 |     AGG   0   0   0   0   0   0
--------------------------------------------------------------------------------------------------------------------------------------
Val GTT   0   0   0   0   0   0 | Ala GCT   1   1   1   1   1   1 | Asp GAT   1   1   1   1   1   1 | Gly GGT   0   0   0   0   0   0
    GTC   0   0   0   0   0   0 |     GCC   1   1   1   1   1   1 |     GAC   3   3   3   2   3   3 |     GGC   0   0   0   0   0   0
    GTA   1   1   1   1   1   1 |     GCA   0   0   0   0   0   0 | Glu GAA   1   1   1   1   1   1 |     GGA   1   1   1   1   1   1
    GTG   2   2   2   2   2   2 |     GCG   0   0   0   0   0   0 |     GAG   2   2   2   2   2   2 |     GGG   2   2   2   2   2   2
--------------------------------------------------------------------------------------------------------------------------------------

--------------------------------------------------------------------------------------------------------------------------------------
Phe TTT   0   0   0   0   0   0 | Ser TCT   2   2   2   2   2   2 | Tyr TAT   0   0   0   0   0   0 | Cys TGT   4   4   4   4   4   4
    TTC   1   1   1   1   1   1 |     TCC   0   0   0   0   0   0 |     TAC   0   0   0   0   0   0 |     TGC   0   0   0   0   0   0
Leu TTA   1   1   1   1   1   1 |     TCA   0   0   0   0   0   0 | *** TAA   0   0   0   0   0   0 | *** TGA   0   0   0   0   0   0
    TTG   0   0   0   0   0   0 |     TCG   0   0   0   0   0   0 |     TAG   0   0   0   0   0   0 | Trp TGG   1   1   1   1   1   1
--------------------------------------------------------------------------------------------------------------------------------------
Leu CTT   1   1   1   1   0   1 | Pro CCT   0   0   0   0   0   0 | His CAT   0   0   0   0   0   0 | Arg CGT   0   0   0   0   1   0
    CTC   1   1   1   1   2   1 |     CCC   0   0   0   0   0   0 |     CAC   0   0   0   0   0   0 |     CGC   3   3   3   3   3   3
    CTA   0   1   1   1   1   1 |     CCA   1   1   1   1   1   1 | Gln CAA   0   0   0   0   0   0 |     CGA   0   0   0   0   0   0
    CTG   1   0   0   0   0   0 |     CCG   0   0   0   0   0   0 |     CAG   3   3   3   3   3   3 |     CGG   1   1   1   1   0   1
--------------------------------------------------------------------------------------------------------------------------------------
Ile ATT   2   2   2   2   2   2 | Thr ACT   3   3   3   3   3   3 | Asn AAT   2   2   2   2   1   2 | Ser AGT   1   1   1   1   2   1
    ATC   1   1   1   1   1   1 |     ACC   1   1   1   1   1   1 |     AAC   0   0   0   0   0   0 |     AGC   1   1   1   1   1   1
    ATA   0   0   0   0   0   0 |     ACA   0   0   0   0   0   0 | Lys AAA   2   1   2   2   2   1 | Arg AGA   0   1   0   0   0   0
Met ATG   0   0   0   0   0   0 |     ACG   0   0   0   0   0   0 |     AAG   1   1   1   1   1   2 |     AGG   0   0   0   0   0   0
--------------------------------------------------------------------------------------------------------------------------------------
Val GTT   0   0   0   0   0   0 | Ala GCT   1   1   1   1   1   1 | Asp GAT   1   1   1   1   1   1 | Gly GGT   0   0   0   0   0   0
    GTC   0   0   0   0   0   0 |     GCC   1   1   1   1   1   1 |     GAC   3   3   3   3   3   3 |     GGC   0   0   0   0   0   0
    GTA   1   1   1   1   1   1 |     GCA   0   0   0   0   0   0 | Glu GAA   1   1   1   1   1   1 |     GGA   1   1   2   1   2   1
    GTG   2   2   2   2   2   2 |     GCG   0   0   0   0   0   0 |     GAG   2   2   2   2   2   2 |     GGG   2   2   1   2   1   2
--------------------------------------------------------------------------------------------------------------------------------------

--------------------------------------------------------------------------------------------------------------------------------------
Phe TTT   0   0   0   0   0   0 | Ser TCT   2   2   2   2   1   2 | Tyr TAT   0   0   0   0   0   0 | Cys TGT   4   4   4   3   4   4
    TTC   1   1   1   1   1   1 |     TCC   0   0   0   0   0   0 |     TAC   0   0   0   0   0   0 |     TGC   0   0   0   1   0   0
Leu TTA   1   1   1   1   1   1 |     TCA   0   0   0   0   0   0 | *** TAA   0   0   0   0   0   0 | *** TGA   0   0   0   0   0   0
    TTG   0   0   0   0   0   0 |     TCG   0   0   0   0   1   0 |     TAG   0   0   0   0   0   0 | Trp TGG   1   1   1   1   1   1
--------------------------------------------------------------------------------------------------------------------------------------
Leu CTT   1   1   1   1   1   1 | Pro CCT   0   0   0   0   0   0 | His CAT   0   0   0   0   0   0 | Arg CGT   0   1   0   0   1   0
    CTC   1   1   1   1   1   1 |     CCC   0   0   0   0   0   0 |     CAC   0   0   0   0   0   0 |     CGC   3   2   3   3   3   3
    CTA   1   1   1   1   1   1 |     CCA   1   1   1   1   1   1 | Gln CAA   0   0   0   0   0   0 |     CGA   0   0   0   0   0   0
    CTG   0   0   0   0   0   0 |     CCG   0   0   0   0   0   0 |     CAG   3   3   3   3   3   3 |     CGG   1   1   1   1   0   1
--------------------------------------------------------------------------------------------------------------------------------------
Ile ATT   2   1   2   2   2   2 | Thr ACT   3   3   3   3   3   3 | Asn AAT   2   2   2   2   2   1 | Ser AGT   1   1   1   1   1   1
    ATC   1   2   1   1   0   1 |     ACC   1   1   1   1   1   1 |     AAC   0   0   0   0   0   1 |     AGC   1   1   1   1   1   1
    ATA   0   0   0   0   0   0 |     ACA   0   0   0   0   0   0 | Lys AAA   2   1   2   2   2   2 | Arg AGA   0   1   0   0   0   0
Met ATG   0   0   0   0   0   0 |     ACG   0   0   0   0   0   0 |     AAG   1   1   1   1   1   1 |     AGG   0   0   0   0   0   0
--------------------------------------------------------------------------------------------------------------------------------------
Val GTT   0   0   0   0   0   0 | Ala GCT   1   1   1   1   1   1 | Asp GAT   1   1   1   1   1   1 | Gly GGT   0   0   0   0   0   0
    GTC   0   0   0   0   1   0 |     GCC   1   1   1   1   1   1 |     GAC   3   3   3   3   3   3 |     GGC   0   0   0   0   0   0
    GTA   1   1   1   1   1   1 |     GCA   0   0   0   0   0   0 | Glu GAA   1   1   1   1   1   1 |     GGA   1   1   1   1   2   1
    GTG   2   2   2   2   2   2 |     GCG   0   0   0   0   0   0 |     GAG   2   2   2   2   2   2 |     GGG   2   2   2   2   1   2
--------------------------------------------------------------------------------------------------------------------------------------

--------------------------------------------------------------------------------------------------------------------------------------
Phe TTT   0   0   0   0   0   0 | Ser TCT   2   2   2   2   2   2 | Tyr TAT   0   0   0   0   0   0 | Cys TGT   4   4   4   4   4   4
    TTC   1   1   1   1   1   1 |     TCC   0   0   0   0   0   0 |     TAC   0   0   0   0   0   0 |     TGC   0   0   0   0   0   0
Leu TTA   1   1   1   1   1   1 |     TCA   0   0   0   0   0   0 | *** TAA   0   0   0   0   0   0 | *** TGA   0   0   0   0   0   0
    TTG   0   0   0   0   0   0 |     TCG   0   0   0   0   0   0 |     TAG   0   0   0   0   0   0 | Trp TGG   1   1   1   1   1   1
--------------------------------------------------------------------------------------------------------------------------------------
Leu CTT   1   1   1   1   1   1 | Pro CCT   0   0   0   0   0   0 | His CAT   0   0   0   0   0   0 | Arg CGT   0   0   0   0   1   0
    CTC   1   1   1   0   1   1 |     CCC   0   0   0   0   0   0 |     CAC   0   0   0   0   0   0 |     CGC   3   3   3   3   2   3
    CTA   1   0   1   1   1   1 |     CCA   1   1   1   1   1   1 | Gln CAA   0   0   0   0   0   0 |     CGA   0   0   0   0   0   0
    CTG   0   1   0   1   0   0 |     CCG   0   0   0   0   0   0 |     CAG   3   3   3   3   3   3 |     CGG   1   1   1   1   1   1
--------------------------------------------------------------------------------------------------------------------------------------
Ile ATT   2   2   2   2   1   2 | Thr ACT   3   3   3   3   3   3 | Asn AAT   2   1   2   2   2   2 | Ser AGT   1   1   1   1   1   1
    ATC   1   1   1   1   2   1 |     ACC   1   1   1   1   1   1 |     AAC   1   2   0   0   0   0 |     AGC   1   1   1   1   1   1
    ATA   0   0   0   0   0   0 |     ACA   0   0   0   0   0   0 | Lys AAA   2   2   2   2   1   2 | Arg AGA   0   0   0   0   1   0
Met ATG   0   0   0   0   0   0 |     ACG   0   0   0   0   0   0 |     AAG   1   1   1   1   1   1 |     AGG   0   0   0   0   0   0
--------------------------------------------------------------------------------------------------------------------------------------
Val GTT   0   0   0   0   0   0 | Ala GCT   1   1   1   1   1   1 | Asp GAT   1   1   1   1   1   1 | Gly GGT   0   0   0   0   0   0
    GTC   0   0   0   0   0   0 |     GCC   1   1   1   1   0   1 |     GAC   2   2   3   3   3   3 |     GGC   0   0   0   0   0   0
    GTA   1   1   1   1   1   1 |     GCA   0   0   0   0   0   0 | Glu GAA   1   1   1   1   1   1 |     GGA   1   1   2   1   1   1
    GTG   2   2   2   2   2   2 |     GCG   0   0   0   0   1   0 |     GAG   2   2   2   2   2   2 |     GGG   2   2   1   2   2   2
--------------------------------------------------------------------------------------------------------------------------------------

--------------------------------------------------------------------------------------------------------------------------------------
Phe TTT   0   0   0   0   0   0 | Ser TCT   2   2   2   2   2   2 | Tyr TAT   0   0   0   0   0   0 | Cys TGT   4   4   4   4   4   4
    TTC   1   1   1   1   1   1 |     TCC   0   0   0   0   0   0 |     TAC   0   0   0   0   0   0 |     TGC   0   0   0   0   0   0
Leu TTA   1   1   1   1   1   1 |     TCA   0   0   0   0   0   0 | *** TAA   0   0   0   0   0   0 | *** TGA   0   0   0   0   0   0
    TTG   0   0   0   0   0   0 |     TCG   0   0   0   0   0   0 |     TAG   0   0   0   0   0   0 | Trp TGG   1   1   1   1   1   1
--------------------------------------------------------------------------------------------------------------------------------------
Leu CTT   1   1   1   1   1   1 | Pro CCT   0   0   0   0   0   0 | His CAT   0   0   0   0   0   0 | Arg CGT   0   0   0   0   0   0
    CTC   1   1   1   1   1   1 |     CCC   0   0   0   0   0   0 |     CAC   0   0   0   0   0   0 |     CGC   3   3   3   3   3   3
    CTA   1   1   1   1   1   1 |     CCA   1   1   1   1   1   1 | Gln CAA   0   0   0   0   0   0 |     CGA   0   0   0   0   0   0
    CTG   0   0   0   0   0   0 |     CCG   0   0   0   0   0   0 |     CAG   3   3   3   3   3   3 |     CGG   1   1   1   1   1   1
--------------------------------------------------------------------------------------------------------------------------------------
Ile ATT   2   2   1   2   2   2 | Thr ACT   3   3   3   3   3   3 | Asn AAT   2   2   2   2   2   2 | Ser AGT   1   1   1   1   1   1
    ATC   1   1   1   1   1   1 |     ACC   1   1   1   1   1   1 |     AAC   0   0   0   0   0   0 |     AGC   1   1   1   1   1   1
    ATA   0   0   0   0   0   0 |     ACA   0   0   0   0   0   0 | Lys AAA   2   2   2   2   1   1 | Arg AGA   0   0   0   0   1   1
Met ATG   0   0   0   0   0   0 |     ACG   0   0   0   0   0   0 |     AAG   1   1   1   1   1   1 |     AGG   0   0   0   0   0   0
--------------------------------------------------------------------------------------------------------------------------------------
Val GTT   0   0   1   0   0   0 | Ala GCT   1   1   1   1   1   1 | Asp GAT   1   1   1   1   1   1 | Gly GGT   0   0   0   0   0   0
    GTC   0   0   0   0   0   0 |     GCC   1   1   1   1   1   1 |     GAC   3   3   3   3   3   3 |     GGC   0   0   0   0   0   0
    GTA   1   1   1   1   1   1 |     GCA   0   0   0   0   0   0 | Glu GAA   1   1   1   1   1   1 |     GGA   1   1   0   1   1   1
    GTG   2   2   2   2   2   2 |     GCG   0   0   0   0   0   0 |     GAG   2   2   2   2   2   2 |     GGG   2   2   3   2   2   2
--------------------------------------------------------------------------------------------------------------------------------------

Codon position x base (3x4) table for each sequence.

#1: Argali         
position  1:    T:0.18367    C:0.22449    A:0.28571    G:0.30612
position  2:    T:0.22449    C:0.18367    A:0.30612    G:0.28571
position  3:    T:0.34694    C:0.24490    A:0.16327    G:0.24490
Average         T:0.25170    C:0.21769    A:0.25170    G:0.27891

#2: LesserMouseDeer
position  1:    T:0.16327    C:0.24490    A:0.28571    G:0.30612
position  2:    T:0.22449    C:0.18367    A:0.30612    G:0.28571
position  3:    T:0.32653    C:0.24490    A:0.16327    G:0.26531
Average         T:0.23810    C:0.22449    A:0.25170    G:0.28571

#3: LesserKudu     
position  1:    T:0.18367    C:0.22449    A:0.28571    G:0.30612
position  2:    T:0.22449    C:0.18367    A:0.28571    G:0.30612
position  3:    T:0.34694    C:0.24490    A:0.16327    G:0.24490
Average         T:0.25170    C:0.21769    A:0.24490    G:0.28571

#4: ForestMuskDeer2
position  1:    T:0.18367    C:0.22449    A:0.28571    G:0.30612
position  2:    T:0.22449    C:0.18367    A:0.30612    G:0.28571
position  3:    T:0.34694    C:0.24490    A:0.16327    G:0.24490
Average         T:0.25170    C:0.21769    A:0.25170    G:0.27891

#5: Camel          
position  1:    T:0.16327    C:0.24490    A:0.28571    G:0.30612
position  2:    T:0.22449    C:0.18367    A:0.30612    G:0.28571
position  3:    T:0.28571    C:0.30612    A:0.18367    G:0.22449
Average         T:0.22449    C:0.24490    A:0.25850    G:0.27211

#6: KillerWhale    
position  1:    T:0.18367    C:0.22449    A:0.28571    G:0.30612
position  2:    T:0.22449    C:0.18367    A:0.30612    G:0.28571
position  3:    T:0.32653    C:0.24490    A:0.18367    G:0.24490
Average         T:0.24490    C:0.21769    A:0.25850    G:0.27891

#7: DefassaWaterbuck
position  1:    T:0.18367    C:0.22449    A:0.28571    G:0.30612
position  2:    T:0.22449    C:0.18367    A:0.30612    G:0.28571
position  3:    T:0.32653    C:0.26531    A:0.16327    G:0.24490
Average         T:0.24490    C:0.22449    A:0.25170    G:0.27891

#8: Sheep          
position  1:    T:0.18367    C:0.22449    A:0.28571    G:0.30612
position  2:    T:0.22449    C:0.18367    A:0.30612    G:0.28571
position  3:    T:0.34694    C:0.24490    A:0.16327    G:0.24490
Average         T:0.25170    C:0.21769    A:0.25170    G:0.27891

#9: MaxwellsDuiker 
position  1:    T:0.18367    C:0.22449    A:0.28571    G:0.30612
position  2:    T:0.22449    C:0.18367    A:0.30612    G:0.28571
position  3:    T:0.34694    C:0.24490    A:0.16327    G:0.24490
Average         T:0.25170    C:0.21769    A:0.25170    G:0.27891

#10: GazellaPrzewalskyi
position  1:    T:0.18367    C:0.22449    A:0.28571    G:0.30612
position  2:    T:0.22449    C:0.18367    A:0.30612    G:0.28571
position  3:    T:0.34694    C:0.24490    A:0.16327    G:0.24490
Average         T:0.25170    C:0.21769    A:0.25170    G:0.27891

#11: MountainNyala  
position  1:    T:0.18367    C:0.22449    A:0.28571    G:0.30612
position  2:    T:0.22449    C:0.18367    A:0.28571    G:0.30612
position  3:    T:0.34694    C:0.24490    A:0.18367    G:0.22449
Average         T:0.25170    C:0.21769    A:0.25170    G:0.27891

#12: MuntiacusMuntjak
position  1:    T:0.18367    C:0.22449    A:0.28571    G:0.30612
position  2:    T:0.22449    C:0.18367    A:0.30612    G:0.28571
position  3:    T:0.34694    C:0.24490    A:0.18367    G:0.22449
Average         T:0.25170    C:0.21769    A:0.25850    G:0.27211

#13: goat           
position  1:    T:0.18367    C:0.22449    A:0.28571    G:0.30612
position  2:    T:0.22449    C:0.18367    A:0.30612    G:0.28571
position  3:    T:0.34694    C:0.24490    A:0.16327    G:0.24490
Average         T:0.25170    C:0.21769    A:0.25170    G:0.27891

#14: AfricanBuffalo 
position  1:    T:0.18367    C:0.22449    A:0.28571    G:0.30612
position  2:    T:0.22449    C:0.18367    A:0.28571    G:0.30612
position  3:    T:0.32653    C:0.26531    A:0.16327    G:0.24490
Average         T:0.24490    C:0.22449    A:0.24490    G:0.28571

#15: Topi           
position  1:    T:0.18367    C:0.22449    A:0.28571    G:0.30612
position  2:    T:0.22449    C:0.18367    A:0.30612    G:0.28571
position  3:    T:0.34694    C:0.24490    A:0.14286    G:0.26531
Average         T:0.25170    C:0.21769    A:0.24490    G:0.28571

#16: CommonDuiker   
position  1:    T:0.18367    C:0.22449    A:0.28571    G:0.30612
position  2:    T:0.22449    C:0.18367    A:0.30612    G:0.28571
position  3:    T:0.34694    C:0.24490    A:0.16327    G:0.24490
Average         T:0.25170    C:0.21769    A:0.25170    G:0.27891

#17: Suni           
position  1:    T:0.18367    C:0.22449    A:0.28571    G:0.30612
position  2:    T:0.22449    C:0.18367    A:0.30612    G:0.28571
position  3:    T:0.34694    C:0.24490    A:0.16327    G:0.24490
Average         T:0.25170    C:0.21769    A:0.25170    G:0.27891

#18: Springbuck     
position  1:    T:0.18367    C:0.22449    A:0.28571    G:0.30612
position  2:    T:0.22449    C:0.18367    A:0.30612    G:0.28571
position  3:    T:0.34694    C:0.24490    A:0.14286    G:0.26531
Average         T:0.25170    C:0.21769    A:0.24490    G:0.28571

#19: Okapi          
position  1:    T:0.16327    C:0.22449    A:0.28571    G:0.32653
position  2:    T:0.22449    C:0.18367    A:0.30612    G:0.28571
position  3:    T:0.36735    C:0.22449    A:0.16327    G:0.24490
Average         T:0.25170    C:0.21088    A:0.25170    G:0.28571

#20: Giraffe        
position  1:    T:0.16327    C:0.22449    A:0.28571    G:0.32653
position  2:    T:0.22449    C:0.18367    A:0.30612    G:0.28571
position  3:    T:0.36735    C:0.22449    A:0.16327    G:0.24490
Average         T:0.25170    C:0.21088    A:0.25170    G:0.28571

#21: TibetanAntelope
position  1:    T:0.18367    C:0.22449    A:0.28571    G:0.30612
position  2:    T:0.22449    C:0.18367    A:0.30612    G:0.28571
position  3:    T:0.34694    C:0.24490    A:0.16327    G:0.24490
Average         T:0.25170    C:0.21769    A:0.25170    G:0.27891

#22: Sitatunga      
position  1:    T:0.18367    C:0.22449    A:0.28571    G:0.30612
position  2:    T:0.22449    C:0.18367    A:0.28571    G:0.30612
position  3:    T:0.32653    C:0.26531    A:0.16327    G:0.24490
Average         T:0.24490    C:0.22449    A:0.24490    G:0.28571

#23: Oribi          
position  1:    T:0.18367    C:0.22449    A:0.28571    G:0.30612
position  2:    T:0.22449    C:0.18367    A:0.30612    G:0.28571
position  3:    T:0.34694    C:0.24490    A:0.16327    G:0.24490
Average         T:0.25170    C:0.21769    A:0.25170    G:0.27891

#24: BarbarySheep   
position  1:    T:0.18367    C:0.22449    A:0.28571    G:0.30612
position  2:    T:0.22449    C:0.18367    A:0.30612    G:0.28571
position  3:    T:0.34694    C:0.24490    A:0.16327    G:0.24490
Average         T:0.25170    C:0.21769    A:0.25170    G:0.27891

#25: Daviddeer      
position  1:    T:0.18367    C:0.22449    A:0.28571    G:0.30612
position  2:    T:0.22449    C:0.18367    A:0.30612    G:0.28571
position  3:    T:0.34694    C:0.24490    A:0.16327    G:0.24490
Average         T:0.25170    C:0.21769    A:0.25170    G:0.27891

#26: Reindeer       
position  1:    T:0.18367    C:0.22449    A:0.28571    G:0.30612
position  2:    T:0.22449    C:0.18367    A:0.30612    G:0.28571
position  3:    T:0.34694    C:0.24490    A:0.16327    G:0.24490
Average         T:0.25170    C:0.21769    A:0.25170    G:0.27891

#27: Ibex           
position  1:    T:0.18367    C:0.22449    A:0.28571    G:0.30612
position  2:    T:0.22449    C:0.18367    A:0.30612    G:0.28571
position  3:    T:0.34694    C:0.24490    A:0.16327    G:0.24490
Average         T:0.25170    C:0.21769    A:0.25170    G:0.27891

#28: GyrantGazelle  
position  1:    T:0.18367    C:0.22449    A:0.30612    G:0.28571
position  2:    T:0.22449    C:0.18367    A:0.30612    G:0.28571
position  3:    T:0.32653    C:0.26531    A:0.14286    G:0.26531
Average         T:0.24490    C:0.22449    A:0.25170    G:0.27891

#29: Hartebeest     
position  1:    T:0.18367    C:0.22449    A:0.28571    G:0.30612
position  2:    T:0.22449    C:0.18367    A:0.30612    G:0.28571
position  3:    T:0.34694    C:0.24490    A:0.14286    G:0.26531
Average         T:0.25170    C:0.21769    A:0.24490    G:0.28571

#30: Bongo          
position  1:    T:0.18367    C:0.22449    A:0.28571    G:0.30612
position  2:    T:0.22449    C:0.18367    A:0.28571    G:0.30612
position  3:    T:0.34694    C:0.24490    A:0.16327    G:0.24490
Average         T:0.25170    C:0.21769    A:0.24490    G:0.28571

#31: Gerenuk        
position  1:    T:0.18367    C:0.22449    A:0.28571    G:0.30612
position  2:    T:0.22449    C:0.18367    A:0.30612    G:0.28571
position  3:    T:0.34694    C:0.24490    A:0.14286    G:0.26531
Average         T:0.25170    C:0.21769    A:0.24490    G:0.28571

#32: CommonEland    
position  1:    T:0.18367    C:0.22449    A:0.28571    G:0.30612
position  2:    T:0.22449    C:0.18367    A:0.28571    G:0.30612
position  3:    T:0.34694    C:0.24490    A:0.16327    G:0.24490
Average         T:0.25170    C:0.21769    A:0.24490    G:0.28571

#33: MuntiacusReevesi
position  1:    T:0.18367    C:0.22449    A:0.28571    G:0.30612
position  2:    T:0.22449    C:0.18367    A:0.30612    G:0.28571
position  3:    T:0.34694    C:0.24490    A:0.18367    G:0.22449
Average         T:0.25170    C:0.21769    A:0.25850    G:0.27211

#34: HarveysDuiker  
position  1:    T:0.18367    C:0.22449    A:0.28571    G:0.30612
position  2:    T:0.22449    C:0.18367    A:0.30612    G:0.28571
position  3:    T:0.34694    C:0.24490    A:0.16327    G:0.24490
Average         T:0.25170    C:0.21769    A:0.25170    G:0.27891

#35: Pronghorn      
position  1:    T:0.18367    C:0.22449    A:0.28571    G:0.30612
position  2:    T:0.22449    C:0.18367    A:0.28571    G:0.30612
position  3:    T:0.34694    C:0.26531    A:0.18367    G:0.20408
Average         T:0.25170    C:0.22449    A:0.25170    G:0.27211

#36: BlueWildebeest 
position  1:    T:0.18367    C:0.22449    A:0.28571    G:0.30612
position  2:    T:0.22449    C:0.18367    A:0.30612    G:0.28571
position  3:    T:0.34694    C:0.24490    A:0.14286    G:0.26531
Average         T:0.25170    C:0.21769    A:0.24490    G:0.28571

#37: Gemsbok        
position  1:    T:0.18367    C:0.22449    A:0.28571    G:0.30612
position  2:    T:0.22449    C:0.18367    A:0.30612    G:0.28571
position  3:    T:0.34694    C:0.24490    A:0.16327    G:0.24490
Average         T:0.25170    C:0.21769    A:0.25170    G:0.27891

#38: Yak            
position  1:    T:0.18367    C:0.22449    A:0.28571    G:0.30612
position  2:    T:0.22449    C:0.18367    A:0.28571    G:0.30612
position  3:    T:0.34694    C:0.24490    A:0.16327    G:0.24490
Average         T:0.25170    C:0.21769    A:0.24490    G:0.28571

#39: BlueSheep      
position  1:    T:0.18367    C:0.22449    A:0.28571    G:0.30612
position  2:    T:0.22449    C:0.18367    A:0.30612    G:0.28571
position  3:    T:0.34694    C:0.24490    A:0.16327    G:0.24490
Average         T:0.25170    C:0.21769    A:0.25170    G:0.27891

#40: BohorReedbuck  
position  1:    T:0.18367    C:0.22449    A:0.28571    G:0.30612
position  2:    T:0.22449    C:0.18367    A:0.30612    G:0.28571
position  3:    T:0.32653    C:0.26531    A:0.16327    G:0.24490
Average         T:0.24490    C:0.22449    A:0.25170    G:0.27891

#41: KirksDik       
position  1:    T:0.18367    C:0.22449    A:0.26531    G:0.32653
position  2:    T:0.22449    C:0.18367    A:0.30612    G:0.28571
position  3:    T:0.34694    C:0.24490    A:0.18367    G:0.22449
Average         T:0.25170    C:0.21769    A:0.25170    G:0.27891

#42: RoeDeer        
position  1:    T:0.18367    C:0.22449    A:0.28571    G:0.30612
position  2:    T:0.22449    C:0.18367    A:0.30612    G:0.28571
position  3:    T:0.32653    C:0.26531    A:0.16327    G:0.24490
Average         T:0.24490    C:0.22449    A:0.25170    G:0.27891

#43: WhiteLippedDeer
position  1:    T:0.18367    C:0.22449    A:0.30612    G:0.28571
position  2:    T:0.22449    C:0.18367    A:0.30612    G:0.28571
position  3:    T:0.34694    C:0.24490    A:0.16327    G:0.24490
Average         T:0.25170    C:0.21769    A:0.25850    G:0.27211

#44: ThomsonGazelle 
position  1:    T:0.18367    C:0.22449    A:0.30612    G:0.28571
position  2:    T:0.22449    C:0.18367    A:0.30612    G:0.28571
position  3:    T:0.32653    C:0.26531    A:0.14286    G:0.26531
Average         T:0.24490    C:0.22449    A:0.25170    G:0.27891

#45: MuntiacusCrinifrons
position  1:    T:0.18367    C:0.22449    A:0.28571    G:0.30612
position  2:    T:0.22449    C:0.18367    A:0.30612    G:0.28571
position  3:    T:0.34694    C:0.24490    A:0.18367    G:0.22449
Average         T:0.25170    C:0.21769    A:0.25850    G:0.27211

#46: WhiteTailedDeer
position  1:    T:0.18367    C:0.22449    A:0.28571    G:0.30612
position  2:    T:0.22449    C:0.18367    A:0.30612    G:0.28571
position  3:    T:0.34694    C:0.22449    A:0.16327    G:0.26531
Average         T:0.25170    C:0.21088    A:0.25170    G:0.28571

#47: Cattle         
position  1:    T:0.18367    C:0.22449    A:0.28571    G:0.30612
position  2:    T:0.22449    C:0.18367    A:0.28571    G:0.30612
position  3:    T:0.34694    C:0.22449    A:0.16327    G:0.26531
Average         T:0.25170    C:0.21088    A:0.24490    G:0.29252

#48: RoyalAntelope  
position  1:    T:0.18367    C:0.22449    A:0.28571    G:0.30612
position  2:    T:0.22449    C:0.18367    A:0.30612    G:0.28571
position  3:    T:0.34694    C:0.24490    A:0.16327    G:0.24490
Average         T:0.25170    C:0.21769    A:0.25170    G:0.27891

#49: Steenbok       
position  1:    T:0.18367    C:0.22449    A:0.28571    G:0.30612
position  2:    T:0.22449    C:0.18367    A:0.30612    G:0.28571
position  3:    T:0.34694    C:0.24490    A:0.16327    G:0.24490
Average         T:0.25170    C:0.21769    A:0.25170    G:0.27891

#50: Impala         
position  1:    T:0.18367    C:0.22449    A:0.28571    G:0.30612
position  2:    T:0.22449    C:0.18367    A:0.30612    G:0.28571
position  3:    T:0.34694    C:0.24490    A:0.16327    G:0.24490
Average         T:0.25170    C:0.21769    A:0.25170    G:0.27891

#51: Klipspringer   
position  1:    T:0.18367    C:0.22449    A:0.26531    G:0.32653
position  2:    T:0.22449    C:0.18367    A:0.30612    G:0.28571
