CODONML (in paml version 4.10.7, June 2023)  /home/rachel/ruminants_paml/6406-phy-tree/ENSBTAT00000021742.fasta.phy
Model: free dN/dS Ratios for branches,  kappa = 2.000 fixed

Codon frequency model: F3x4
ns =  54  ls =  83

Codon usage in sequences
--------------------------------------------------------------------------------------------------------------------------------------
Phe TTT   5   5   4   6   4   5 | Ser TCT   1   1   1   1   1   1 | Tyr TAT   0   1   0   0   1   2 | Cys TGT   2   2   2   2   2   2
    TTC   5   5   6   4   6   5 |     TCC   1   2   1   1   2   2 |     TAC   2   1   2   2   1   0 |     TGC   0   0   0   0   0   0
Leu TTA   0   0   0   0   0   0 |     TCA   1   0   1   1   1   2 | *** TAA   0   0   0   0   0   0 | *** TGA   0   0   0   0   0   0
    TTG   1   1   1   1   1   1 |     TCG   2   2   2   2   1   0 |     TAG   0   0   0   0   0   0 | Trp TGG   1   1   1   1   1   1
--------------------------------------------------------------------------------------------------------------------------------------
Leu CTT   1   1   1   1   1   1 | Pro CCT   1   1   1   1   1   1 | His CAT   1   1   1   1   1   1 | Arg CGT   0   0   0   0   0   0
    CTC   1   1   1   1   1   1 |     CCC   1   1   1   1   1   1 |     CAC   0   0   0   0   0   0 |     CGC   0   0   0   0   0   0
    CTA   0   0   0   0   0   0 |     CCA   0   0   0   0   0   0 | Gln CAA   3   2   2   2   2   2 |     CGA   0   0   0   0   0   0
    CTG   1   1   1   1   1   1 |     CCG   0   0   0   0   0   0 |     CAG   1   2   2   2   2   2 |     CGG   1   1   1   1   1   1
--------------------------------------------------------------------------------------------------------------------------------------
Ile ATT   5   5   5   5   4   5 | Thr ACT   1   1   1   1   0   1 | Asn AAT   2   2   2   2   2   2 | Ser AGT   2   2   2   2   2   1
    ATC   0   0   0   0   0   0 |     ACC   3   3   3   3   4   3 |     AAC   4   3   4   4   4   4 |     AGC   1   2   1   1   1   2
    ATA   0   0   0   0   1   0 |     ACA   2   2   2   2   1   2 | Lys AAA   0   0   0   0   0   0 | Arg AGA   0   0   0   0   0   0
Met ATG   0   0   0   0   0   0 |     ACG   0   0   0   0   0   0 |     AAG   3   3   3   3   3   3 |     AGG   1   1   1   1   1   1
--------------------------------------------------------------------------------------------------------------------------------------
Val GTT   0   0   0   0   0   0 | Ala GCT   1   1   1   1   1   2 | Asp GAT   3   2   3   3   2   2 | Gly GGT   1   1   1   1   1   1
    GTC   2   2   2   2   3   2 |     GCC   3   3   3   3   3   2 |     GAC   3   4   3   3   4   4 |     GGC   1   1   1   1   1   1
    GTA   0   0   0   0   0   0 |     GCA   0   0   0   0   0   0 | Glu GAA   3   2   3   2   2   3 |     GGA   3   3   3   3   3   3
    GTG   2   2   2   2   2   2 |     GCG   0   0   0   0   0   0 |     GAG   5   6   5   6   6   5 |     GGG   0   0   0   0   0   0
--------------------------------------------------------------------------------------------------------------------------------------

--------------------------------------------------------------------------------------------------------------------------------------
Phe TTT   5   5   5   5   5   5 | Ser TCT   1   1   1   1   1   1 | Tyr TAT   0   0   0   0   0   0 | Cys TGT   2   2   2   2   2   2
    TTC   5   5   5   5   5   5 |     TCC   1   1   1   1   1   2 |     TAC   2   2   2   2   2   2 |     TGC   0   0   0   0   0   0
Leu TTA   0   0   0   0   0   0 |     TCA   2   1   2   1   1   1 | *** TAA   0   0   0   0   0   0 | *** TGA   0   0   0   0   0   0
    TTG   1   1   1   1   1   1 |     TCG   1   2   1   2   2   1 |     TAG   0   0   0   0   0   0 | Trp TGG   1   1   1   1   1   1
--------------------------------------------------------------------------------------------------------------------------------------
Leu CTT   1   1   1   1   1   0 | Pro CCT   1   1   1   1   1   1 | His CAT   1   1   1   1   1   1 | Arg CGT   0   0   0   0   0   0
    CTC   1   1   1   1   1   1 |     CCC   1   1   1   1   1   1 |     CAC   0   0   0   0   0   0 |     CGC   0   0   0   0   0   0
    CTA   0   0   0   0   0   0 |     CCA   0   0   0   0   0   0 | Gln CAA   2   3   2   2   2   2 |     CGA   0   0   0   0   0   0
    CTG   1   1   1   1   1   2 |     CCG   0   0   0   0   0   0 |     CAG   2   1   2   2   2   2 |     CGG   1   1   1   1   1   1
--------------------------------------------------------------------------------------------------------------------------------------
Ile ATT   5   5   5   5   5   5 | Thr ACT   1   1   1   1   1   1 | Asn AAT   2   2   2   2   2   2 | Ser AGT   2   2   2   2   2   2
    ATC   0   0   0   0   0   0 |     ACC   3   3   3   3   3   3 |     AAC   4   4   4   4   4   4 |     AGC   1   1   1   1   1   1
    ATA   0   0   0   0   0   0 |     ACA   2   2   2   2   2   2 | Lys AAA   0   0   0   0   0   0 | Arg AGA   0   0   0   0   0   0
Met ATG   0   0   0   0   0   0 |     ACG   0   0   0   0   0   0 |     AAG   3   3   3   3   3   3 |     AGG   1   1   1   1   1   1
--------------------------------------------------------------------------------------------------------------------------------------
Val GTT   0   0   0   0   0   0 | Ala GCT   1   1   1   1   1   1 | Asp GAT   3   3   4   4   3   3 | Gly GGT   1   1   1   1   1   1
    GTC   2   2   2   2   2   2 |     GCC   3   3   3   3   3   3 |     GAC   3   3   2   2   3   3 |     GGC   1   1   1   1   1   1
    GTA   0   0   0   0   0   0 |     GCA   0   0   0   0   0   0 | Glu GAA   3   3   3   3   3   3 |     GGA   3   3   3   3   3   3
    GTG   2   2   2   2   2   2 |     GCG   0   0   0   0   0   0 |     GAG   5   5   5   5   5   5 |     GGG   0   0   0   0   0   0
--------------------------------------------------------------------------------------------------------------------------------------

--------------------------------------------------------------------------------------------------------------------------------------
Phe TTT   5   5   5   5   5   5 | Ser TCT   1   1   1   1   1   1 | Tyr TAT   0   0   1   0   0   0 | Cys TGT   2   2   2   2   2   2
    TTC   5   5   5   5   5   5 |     TCC   1   1   1   1   1   1 |     TAC   2   2   1   2   2   2 |     TGC   0   0   0   0   0   0
Leu TTA   0   0   0   0   0   0 |     TCA   1   2   1   2   1   1 | *** TAA   0   0   0   0   0   0 | *** TGA   0   0   0   0   0   0
    TTG   1   1   1   1   1   1 |     TCG   2   1   2   1   2   2 |     TAG   0   0   0   0   0   0 | Trp TGG   1   1   1   1   1   1
--------------------------------------------------------------------------------------------------------------------------------------
Leu CTT   1   1   1   1   1   1 | Pro CCT   1   1   1   1   1   1 | His CAT   1   1   1   1   1   1 | Arg CGT   0   0   0   0   0   0
    CTC   1   1   1   1   1   1 |     CCC   1   1   1   1   1   1 |     CAC   0   0   0   0   0   0 |     CGC   0   0   0   0   0   0
    CTA   0   0   0   0   0   0 |     CCA   0   0   0   0   0   0 | Gln CAA   2   2   2   2   2   2 |     CGA   0   0   0   0   0   0
    CTG   1   1   1   1   1   1 |     CCG   0   0   0   0   0   0 |     CAG   2   2   2   2   2   2 |     CGG   1   1   1   1   1   1
--------------------------------------------------------------------------------------------------------------------------------------
Ile ATT   5   5   5   5   4   5 | Thr ACT   1   1   1   1   1   1 | Asn AAT   2   2   2   2   2   3 | Ser AGT   2   2   2   2   2   2
    ATC   0   0   0   0   1   0 |     ACC   3   3   3   3   3   3 |     AAC   4   4   4   4   4   3 |     AGC   1   1   1   1   1   1
    ATA   0   0   0   0   0   0 |     ACA   2   2   1   2   2   2 | Lys AAA   0   0   0   0   0   0 | Arg AGA   0   0   0   0   0   0
Met ATG   0   0   0   0   0   0 |     ACG   0   0   1   0   0   0 |     AAG   3   3   3   3   3   3 |     AGG   1   1   1   1   1   1
--------------------------------------------------------------------------------------------------------------------------------------
Val GTT   0   0   0   0   0   0 | Ala GCT   1   1   1   1   1   1 | Asp GAT   3   3   3   3   3   3 | Gly GGT   1   1   1   1   1   1
    GTC   2   2   2   2   2   2 |     GCC   3   3   3   3   3   3 |     GAC   3   3   3   3   3   3 |     GGC   1   1   1   1   1   1
    GTA   0   0   0   0   0   0 |     GCA   0   0   0   0   0   0 | Glu GAA   3   3   3   3   3   3 |     GGA   3   3   3   3   3   3
    GTG   2   2   2   2   2   2 |     GCG   0   0   0   0   0   0 |     GAG   5   5   5   5   5   5 |     GGG   0   0   0   0   0   0
--------------------------------------------------------------------------------------------------------------------------------------

--------------------------------------------------------------------------------------------------------------------------------------
Phe TTT   5   5   5   4   5   5 | Ser TCT   1   1   1   1   1   1 | Tyr TAT   0   0   0   0   0   0 | Cys TGT   2   2   2   2   2   2
    TTC   5   5   5   6   5   5 |     TCC   2   2   1   1   1   1 |     TAC   2   2   2   2   2   2 |     TGC   0   0   0   0   0   0
Leu TTA   0   0   0   0   0   0 |     TCA   1   1   1   1   1   1 | *** TAA   0   0   0   0   0   0 | *** TGA   0   0   0   0   0   0
    TTG   1   1   1   1   1   1 |     TCG   1   1   2   2   2   2 |     TAG   0   0   0   0   0   0 | Trp TGG   1   1   1   1   1   1
--------------------------------------------------------------------------------------------------------------------------------------
Leu CTT   1   1   1   1   1   1 | Pro CCT   1   1   1   1   1   1 | His CAT   1   1   1   1   1   1 | Arg CGT   0   0   0   0   0   0
    CTC   1   1   1   1   1   1 |     CCC   1   1   1   1   1   1 |     CAC   0   0   0   0   0   0 |     CGC   0   0   0   0   0   0
    CTA   0   0   0   0   0   0 |     CCA   0   0   0   0   0   0 | Gln CAA   2   2   2   2   2   2 |     CGA   0   0   0   0   0   0
    CTG   1   1   1   1   1   1 |     CCG   0   0   0   0   0   0 |     CAG   2   2   2   2   2   2 |     CGG   1   1   1   1   1   1
--------------------------------------------------------------------------------------------------------------------------------------
Ile ATT   5   5   5   5   5   5 | Thr ACT   1   1   1   1   1   1 | Asn AAT   1   4   2   2   2   2 | Ser AGT   3   1   2   2   2   2
    ATC   0   0   0   0   0   0 |     ACC   3   2   3   3   3   3 |     AAC   4   3   4   4   4   4 |     AGC   1   1   1   1   1   1
    ATA   0   0   0   0   0   0 |     ACA   2   3   2   2   2   2 | Lys AAA   0   0   0   0   0   0 | Arg AGA   0   0   0   0   0   0
Met ATG   0   0   0   0   0   0 |     ACG   0   0   0   0   0   0 |     AAG   3   3   3   3   3   3 |     AGG   1   1   1   1   1   1
--------------------------------------------------------------------------------------------------------------------------------------
Val GTT   0   0   0   0   0   0 | Ala GCT   1   1   1   1   1   1 | Asp GAT   3   3   3   3   3   3 | Gly GGT   1   1   1   1   1   1
    GTC   2   2   2   2   2   2 |     GCC   2   2   3   3   3   3 |     GAC   3   3   3   3   3   3 |     GGC   1   1   1   1   1   1
    GTA   0   0   0   0   0   0 |     GCA   1   1   0   0   0   0 | Glu GAA   3   3   3   3   3   3 |     GGA   3   3   3   3   3   3
    GTG   2   2   2   2   2   2 |     GCG   0   0   0   0   0   0 |     GAG   5   5   5   5   5   5 |     GGG   0   0   0   0   0   0
--------------------------------------------------------------------------------------------------------------------------------------

--------------------------------------------------------------------------------------------------------------------------------------
Phe TTT   5   5   5   5   5   5 | Ser TCT   1   1   1   2   1   1 | Tyr TAT   0   1   0   0   0   0 | Cys TGT   2   2   2   2   2   2
    TTC   5   5   5   5   5   5 |     TCC   2   2   1   0   1   1 |     TAC   2   1   2   2   2   2 |     TGC   0   0   0   0   0   0
Leu TTA   0   0   0   0   0   0 |     TCA   1   1   1   2   1   1 | *** TAA   0   0   0   0   0   0 | *** TGA   0   0   0   0   0   0
    TTG   1   1   1   1   1   1 |     TCG   1   1   2   1   2   2 |     TAG   0   0   0   0   0   0 | Trp TGG   1   1   1   1   1   1
--------------------------------------------------------------------------------------------------------------------------------------
Leu CTT   1   1   1   1   1   1 | Pro CCT   1   1   1   1   1   1 | His CAT   1   1   1   1   1   1 | Arg CGT   0   0   0   0   0   0
    CTC   1   1   1   1   1   1 |     CCC   1   1   1   1   1   1 |     CAC   0   0   0   0   0   0 |     CGC   0   0   0   0   0   0
    CTA   0   0   0   0   0   0 |     CCA   0   0   0   0   0   0 | Gln CAA   2   2   2   2   2   2 |     CGA   0   0   0   0   0   0
    CTG   1   1   1   1   1   1 |     CCG   0   0   0   0   0   0 |     CAG   2   2   2   2   2   2 |     CGG   1   1   1   1   1   1
--------------------------------------------------------------------------------------------------------------------------------------
Ile ATT   5   5   5   5   5   5 | Thr ACT   1   1   1   1   1   1 | Asn AAT   2   2   2   3   2   2 | Ser AGT   2   2   2   2   2   2
    ATC   0   0   0   0   0   0 |     ACC   3   3   3   3   3   3 |     AAC   4   4   4   3   4   4 |     AGC   1   1   1   1   1   1
    ATA   0   0   0   0   0   0 |     ACA   2   2   2   2   1   2 | Lys AAA   0   0   0   0   0   0 | Arg AGA   0   0   0   0   0   0
Met ATG   0   0   0   0   0   0 |     ACG   0   0   0   0   1   0 |     AAG   3   3   3   3   3   3 |     AGG   1   1   1   1   1   1
--------------------------------------------------------------------------------------------------------------------------------------
Val GTT   0   0   0   0   0   0 | Ala GCT   1   1   1   1   1   1 | Asp GAT   3   2   3   3   3   3 | Gly GGT   1   1   1   1   1   1
    GTC   2   2   2   2   2   2 |     GCC   3   3   3   3   3   3 |     GAC   3   4   3   3   3   3 |     GGC   1   1   1   1   1   1
    GTA   0   0   0   0   0   0 |     GCA   0   0   0   0   0   0 | Glu GAA   3   3   3   3   3   3 |     GGA   3   3   3   3   3   3
    GTG   2   2   2   2   2   2 |     GCG   0   0   0   0   0   0 |     GAG   5   5   5   5   5   5 |     GGG   0   0   0   0   0   0
--------------------------------------------------------------------------------------------------------------------------------------

--------------------------------------------------------------------------------------------------------------------------------------
Phe TTT   5   5   5   5   5   5 | Ser TCT   1   1   1   1   1   1 | Tyr TAT   0   0   0   0   0   0 | Cys TGT   2   2   2   2   2   2
    TTC   5   5   5   5   5   5 |     TCC   1   1   2   1   2   1 |     TAC   2   2   2   2   2   2 |     TGC   0   0   0   0   0   0
Leu TTA   0   0   0   0   0   0 |     TCA   1   1   1   2   1   1 | *** TAA   0   0   0   0   0   0 | *** TGA   0   0   0   0   0   0
    TTG   1   1   1   1   1   1 |     TCG   2   2   1   1   1   2 |     TAG   0   0   0   0   0   0 | Trp TGG   1   1   1   1   1   1
--------------------------------------------------------------------------------------------------------------------------------------
Leu CTT   1   1   0   1   1   1 | Pro CCT   1   1   1   1   1   1 | His CAT   1   1   1   1   1   1 | Arg CGT   0   0   0   0   0   0
    CTC   1   1   1   1   1   1 |     CCC   1   1   1   1   1   1 |     CAC   0   0   0   0   0   0 |     CGC   0   0   0   0   0   0
    CTA   0   0   0   0   0   0 |     CCA   0   0   0   0   0   0 | Gln CAA   2   2   2   2   2   2 |     CGA   0   0   0   0   0   0
    CTG   1   1   2   1   1   1 |     CCG   0   0   0   0   0   0 |     CAG   2   2   2   2   2   2 |     CGG   1   1   1   1   1   1
--------------------------------------------------------------------------------------------------------------------------------------
Ile ATT   5   5   5   5   5   5 | Thr ACT   1   1   1   1   1   1 | Asn AAT   2   2   2   2   2   2 | Ser AGT   2   2   2   2   2   2
    ATC   0   0   0   0   0   0 |     ACC   3   3   3   3   3   3 |     AAC   4   4   4   4   4   4 |     AGC   1   1   1   1   1   1
    ATA   0   0   0   0   0   0 |     ACA   2   2   2   2   2   1 | Lys AAA   0   0   0   0   0   0 | Arg AGA   0   0   0   0   0   0
Met ATG   0   0   0   0   0   0 |     ACG   0   0   0   0   0   1 |     AAG   3   3   3   3   3   3 |     AGG   1   1   1   1   1   1
--------------------------------------------------------------------------------------------------------------------------------------
Val GTT   0   0   0   0   0   0 | Ala GCT   1   1   1   1   1   1 | Asp GAT   3   3   3   3   4   2 | Gly GGT   1   1   1   1   1   1
    GTC   2   2   2   2   2   2 |     GCC   3   3   3   3   3   3 |     GAC   3   3   3   3   2   4 |     GGC   1   1   1   1   1   1
    GTA   0   0   0   0   0   0 |     GCA   0   0   0   0   0   0 | Glu GAA   3   3   3   3   3   3 |     GGA   3   3   3   3   3   3
    GTG   2   2   2   2   2   2 |     GCG   0   0   0   0   0   0 |     GAG   5   5   5   5   5   5 |     GGG   0   0   0   0   0   0
--------------------------------------------------------------------------------------------------------------------------------------

--------------------------------------------------------------------------------------------------------------------------------------
Phe TTT   5   5   5   5   5   5 | Ser TCT   1   2   1   1   1   1 | Tyr TAT   0   0   0   0   0   0 | Cys TGT   2   2   2   2   2   2
    TTC   5   5   5   5   5   5 |     TCC   2   0   1   1   1   2 |     TAC   2   2   2   2   2   2 |     TGC   0   0   0   0   0   0
Leu TTA   0   0   0   0   0   0 |     TCA   1   1   1   2   1   1 | *** TAA   0   0   0   0   0   0 | *** TGA   0   0   0   0   0   0
    TTG   1   1   1   1   1   1 |     TCG   1   2   2   1   2   1 |     TAG   0   0   0   0   0   0 | Trp TGG   1   1   1   1   1   1
--------------------------------------------------------------------------------------------------------------------------------------
Leu CTT   1   1   1   1   1   1 | Pro CCT   1   1   1   1   1   2 | His CAT   1   1   1   1   1   1 | Arg CGT   0   0   0   0   0   0
    CTC   1   1   1   1   1   1 |     CCC   1   1   1   1   1   0 |     CAC   0   0   0   0   0   0 |     CGC   0   0   0   0   0   0
    CTA   0   0   0   0   0   0 |     CCA   0   0   0   0   0   0 | Gln CAA   2   2   2   2   2   2 |     CGA   0   0   0   0   0   0
    CTG   1   1   1   1   1   1 |     CCG   0   0   0   0   0   0 |     CAG   2   2   2   2   2   2 |     CGG   1   1   1   1   1   1
--------------------------------------------------------------------------------------------------------------------------------------
Ile ATT   5   5   5   5   5   5 | Thr ACT   1   1   1   1   1   1 | Asn AAT   2   2   2   2   2   2 | Ser AGT   2   2   2   2   2   2
    ATC   0   0   0   0   0   0 |     ACC   3   3   3   3   3   3 |     AAC   4   4   4   4   4   4 |     AGC   1   1   1   1   1   1
    ATA   0   0   0   0   0   0 |     ACA   2   2   2   2   2   2 | Lys AAA   0   0   0   0   0   0 | Arg AGA   0   0   0   0   0   0
Met ATG   0   0   0   0   0   0 |     ACG   0   0   0   0   0   0 |     AAG   3   3   3   3   3   3 |     AGG   1   1   1   1   1   1
--------------------------------------------------------------------------------------------------------------------------------------
Val GTT   0   0   0   0   0   0 | Ala GCT   1   1   1   1   1   1 | Asp GAT   3   3   3   3   3   3 | Gly GGT   1   1   1   1   1   1
    GTC   2   2   2   2   2   2 |     GCC   3   3   3   2   3   3 |     GAC   3   3   3   3   3   3 |     GGC   1   1   1   1   1   1
    GTA   0   0   0   0   0   0 |     GCA   0   0   0   0   0   0 | Glu GAA   3   3   3   3   3   3 |     GGA   3   3   3   3   3   3
    GTG   2   2   2   2   2   2 |     GCG   0   0   0   1   0   0 |     GAG   5   5   5   5   5   5 |     GGG   0   0   0   0   0   0
--------------------------------------------------------------------------------------------------------------------------------------

--------------------------------------------------------------------------------------------------------------------------------------
Phe TTT   5   5   5   5   5   5 | Ser TCT   1   1   1   1   2   1 | Tyr TAT   0   0   0   0   0   1 | Cys TGT   2   2   2   2   2   2
    TTC   5   5   5   5   5   5 |     TCC   2   1   2   2   0   1 |     TAC   2   2   2   2   2   1 |     TGC   0   0   0   0   0   0
Leu TTA   0   0   0   0   0   0 |     TCA   1   1   1   1   1   1 | *** TAA   0   0   0   0   0   0 | *** TGA   0   0   0   0   0   0
    TTG   1   1   1   1   1   1 |     TCG   1   2   1   1   2   2 |     TAG   0   0   0   0   0   0 | Trp TGG   1   1   1   1   1   1
--------------------------------------------------------------------------------------------------------------------------------------
Leu CTT   1   1   0   1   1   1 | Pro CCT   1   1   1   1   1   1 | His CAT   1   1   1   1   1   1 | Arg CGT   0   0   0   0   0   0
    CTC   1   1   1   1   1   1 |     CCC   1   1   1   1   1   1 |     CAC   0   0   0   0   0   0 |     CGC   0   0   0   0   0   0
    CTA   0   0   0   0   0   0 |     CCA   0   0   0   0   0   0 | Gln CAA   2   2   2   2   2   2 |     CGA   0   0   0   0   0   0
    CTG   1   1   2   1   1   1 |     CCG   0   0   0   0   0   0 |     CAG   2   2   2   2   2   2 |     CGG   1   1   1   1   1   1
--------------------------------------------------------------------------------------------------------------------------------------
Ile ATT   5   4   5   5   5   5 | Thr ACT   1   1   1   1   1   1 | Asn AAT   2   3   2   2   2   2 | Ser AGT   2   2   2   2   2   2
    ATC   0   0   0   0   0   0 |     ACC   3   3   3   3   3   3 |     AAC   4   3   4   4   4   4 |     AGC   1   1   1   1   1   1
    ATA   0   1   0   0   0   0 |     ACA   2   2   2   2   2   2 | Lys AAA   0   0   0   0   0   0 | Arg AGA   0   0   0   0   0   0
Met ATG   0   0   0   0   0   0 |     ACG   0   0   0   0   0   0 |     AAG   3   3   3   3   3   3 |     AGG   1   1   1   1   1   1
--------------------------------------------------------------------------------------------------------------------------------------
Val GTT   0   0   0   0   0   0 | Ala GCT   1   1   1   1   1   1 | Asp GAT   3   3   3   3   3   3 | Gly GGT   1   1   1   1   1   1
    GTC   2   2   2   2   2   2 |     GCC   3   3   3   3   3   3 |     GAC   3   3   3   3   3   3 |     GGC   1   2   1   1   1   1
    GTA   0   0   0   0   0   0 |     GCA   0   0   0   0   0   0 | Glu GAA   3   3   3   3   3   3 |     GGA   3   2   3   3   3   3
    GTG   2   2   2   2   2   2 |     GCG   0   0   0   0   0   0 |     GAG   5   5   5   5   5   5 |     GGG   0   0   0   0   0   0
--------------------------------------------------------------------------------------------------------------------------------------

--------------------------------------------------------------------------------------------------------------------------------------
Phe TTT   5   5   5   6   5   5 | Ser TCT   1   1   1   1   1   1 | Tyr TAT   0   0   0   0   0   0 | Cys TGT   2   2   2   2   2   2
    TTC   5   5   5   4   5   5 |     TCC   1   1   1   1   2   1 |     TAC   2   2   2   2   2   2 |     TGC   0   0   0   0   0   0
Leu TTA   0   0   0   0   0   0 |     TCA   1   1   1   1   1   1 | *** TAA   0   0   0   0   0   0 | *** TGA   0   0   0   0   0   0
    TTG   1   1   1   1   1   1 |     TCG   2   2   2   2   1   2 |     TAG   0   0   0   0   0   0 | Trp TGG   1   1   1   1   1   1
--------------------------------------------------------------------------------------------------------------------------------------
Leu CTT   1   1   1   1   1   1 | Pro CCT   1   1   2   1   1   1 | His CAT   1   1   1   1   1   1 | Arg CGT   0   0   0   0   0   0
    CTC   1   1   1   1   1   1 |     CCC   1   1   0   1   1   1 |     CAC   0   0   0   0   0   0 |     CGC   0   0   0   0   0   0
    CTA   0   0   0   0   0   0 |     CCA   0   0   0   0   0   0 | Gln CAA   2   2   2   2   2   2 |     CGA   0   0   0   0   0   0
    CTG   1   1   1   1   1   1 |     CCG   0   0   0   0   0   0 |     CAG   2   2   2   2   2   2 |     CGG   1   1   1   1   1   1
--------------------------------------------------------------------------------------------------------------------------------------
Ile ATT   5   5   5   5   5   5 | Thr ACT   1   1   1   1   1   1 | Asn AAT   2   3   2   2   2   2 | Ser AGT   2   1   2   2   2   2
    ATC   0   0   0   0   0   0 |     ACC   3   3   3   3   3   3 |     AAC   4   4   4   4   4   4 |     AGC   1   1   1   1   1   1
    ATA   0   0   0   0   0   0 |     ACA   2   2   2   2   2   2 | Lys AAA   0   0   0   0   0   0 | Arg AGA   0   0   0   0   0   0
Met ATG   0   0   0   0   0   0 |     ACG   0   0   0   0   0   0 |     AAG   3   3   3   3   3   3 |     AGG   1   1   1   1   1   1
--------------------------------------------------------------------------------------------------------------------------------------
Val GTT   0   0   0   0   0   0 | Ala GCT   1   1   1   1   1   1 | Asp GAT   3   3   3   3   3   3 | Gly GGT   1   1   1   1   1   1
    GTC   2   2   2   2   2   2 |     GCC   3   3   3   3   3   3 |     GAC   3   3   3   3   3   3 |     GGC   1   1   1   1   1   1
    GTA   0   0   0   0   0   0 |     GCA   0   0   0   0   0   0 | Glu GAA   3   3   3   2   3   3 |     GGA   3   3   3   3   3   3
    GTG   2   2   2   2   2   2 |     GCG   0   0   0   0   0   0 |     GAG   5   5   5   6   5   5 |     GGG   0   0   0   0   0   0
--------------------------------------------------------------------------------------------------------------------------------------

Codon position x base (3x4) table for each sequence.

#1: Argali         
position  1:    T:0.25301    C:0.13253    A:0.28916    G:0.32530
position  2:    T:0.27711    C:0.20482    A:0.36145    G:0.15663
position  3:    T:0.31325    C:0.32530    A:0.14458    G:0.21687
Average         T:0.28112    C:0.22088    A:0.26506    G:0.23293

#2: LesserMouseDeer
position  1:    T:0.25301    C:0.13253    A:0.28916    G:0.32530
position  2:    T:0.27711    C:0.20482    A:0.34940    G:0.16867
position  3:    T:0.31325    C:0.33735    A:0.10843    G:0.24096
Average         T:0.28112    C:0.22490    A:0.24900    G:0.24498

#3: LesserKudu     
position  1:    T:0.25301    C:0.13253    A:0.28916    G:0.32530
position  2:    T:0.27711    C:0.20482    A:0.36145    G:0.15663
position  3:    T:0.30120    C:0.33735    A:0.13253    G:0.22892
Average         T:0.27711    C:0.22490    A:0.26104    G:0.23695

#4: ForestMuskDeer2
position  1:    T:0.25301    C:0.13253    A:0.28916    G:0.32530
position  2:    T:0.27711    C:0.20482    A:0.36145    G:0.15663
position  3:    T:0.32530    C:0.31325    A:0.12048    G:0.24096
Average         T:0.28514    C:0.21687    A:0.25703    G:0.24096

#5: Camel          
position  1:    T:0.25301    C:0.13253    A:0.27711    G:0.33735
position  2:    T:0.28916    C:0.19277    A:0.36145    G:0.15663
position  3:    T:0.27711    C:0.37349    A:0.12048    G:0.22892
Average         T:0.27309    C:0.23293    A:0.25301    G:0.24096

#6: KillerWhale    
position  1:    T:0.25301    C:0.13253    A:0.28916    G:0.32530
position  2:    T:0.27711    C:0.20482    A:0.36145    G:0.15663
position  3:    T:0.32530    C:0.32530    A:0.14458    G:0.20482
Average         T:0.28514    C:0.22088    A:0.26506    G:0.22892

#7: DefassaWaterbuck
position  1:    T:0.25301    C:0.13253    A:0.28916    G:0.32530
position  2:    T:0.27711    C:0.20482    A:0.36145    G:0.15663
position  3:    T:0.31325    C:0.32530    A:0.14458    G:0.21687
Average         T:0.28112    C:0.22088    A:0.26506    G:0.23293

#8: Sheep          
position  1:    T:0.25301    C:0.13253    A:0.28916    G:0.32530
position  2:    T:0.27711    C:0.20482    A:0.36145    G:0.15663
position  3:    T:0.31325    C:0.32530    A:0.14458    G:0.21687
Average         T:0.28112    C:0.22088    A:0.26506    G:0.23293

#9: MaxwellsDuiker 
position  1:    T:0.25301    C:0.13253    A:0.28916    G:0.32530
position  2:    T:0.27711    C:0.20482    A:0.36145    G:0.15663
position  3:    T:0.32530    C:0.31325    A:0.14458    G:0.21687
Average         T:0.28514    C:0.21687    A:0.26506    G:0.23293

#10: GazellaPrzewalskyi
position  1:    T:0.25301    C:0.13253    A:0.28916    G:0.32530
position  2:    T:0.27711    C:0.20482    A:0.36145    G:0.15663
position  3:    T:0.32530    C:0.31325    A:0.13253    G:0.22892
Average         T:0.28514    C:0.21687    A:0.26104    G:0.23695

#11: MountainNyala  
position  1:    T:0.25301    C:0.13253    A:0.28916    G:0.32530
position  2:    T:0.27711    C:0.20482    A:0.36145    G:0.15663
position  3:    T:0.31325    C:0.32530    A:0.13253    G:0.22892
Average         T:0.28112    C:0.22088    A:0.26104    G:0.23695

#12: MuntiacusMuntjak
position  1:    T:0.25301    C:0.13253    A:0.28916    G:0.32530
position  2:    T:0.27711    C:0.20482    A:0.36145    G:0.15663
position  3:    T:0.30120    C:0.33735    A:0.13253    G:0.22892
Average         T:0.27711    C:0.22490    A:0.26104    G:0.23695

#13: goat           
position  1:    T:0.25301    C:0.13253    A:0.28916    G:0.32530
position  2:    T:0.27711    C:0.20482    A:0.36145    G:0.15663
position  3:    T:0.31325    C:0.32530    A:0.13253    G:0.22892
Average         T:0.28112    C:0.22088    A:0.26104    G:0.23695

#14: AfricanBuffalo 
position  1:    T:0.25301    C:0.13253    A:0.28916    G:0.32530
position  2:    T:0.27711    C:0.20482    A:0.36145    G:0.15663
position  3:    T:0.31325    C:0.32530    A:0.14458    G:0.21687
Average         T:0.28112    C:0.22088    A:0.26506    G:0.23293

#15: Topi           
position  1:    T:0.25301    C:0.13253    A:0.28916    G:0.32530
position  2:    T:0.27711    C:0.20482    A:0.36145    G:0.15663
position  3:    T:0.32530    C:0.31325    A:0.12048    G:0.24096
Average         T:0.28514    C:0.21687    A:0.25703    G:0.24096

#16: CommonDuiker   
position  1:    T:0.25301    C:0.13253    A:0.28916    G:0.32530
position  2:    T:0.27711    C:0.20482    A:0.36145    G:0.15663
position  3:    T:0.31325    C:0.32530    A:0.14458    G:0.21687
Average         T:0.28112    C:0.22088    A:0.26506    G:0.23293

#17: Suni           
position  1:    T:0.25301    C:0.13253    A:0.28916    G:0.32530
position  2:    T:0.27711    C:0.20482    A:0.36145    G:0.15663
position  3:    T:0.30120    C:0.33735    A:0.13253    G:0.22892
Average         T:0.27711    C:0.22490    A:0.26104    G:0.23695

#18: Springbuck     
position  1:    T:0.25301    C:0.13253    A:0.28916    G:0.32530
position  2:    T:0.27711    C:0.20482    A:0.36145    G:0.15663
position  3:    T:0.32530    C:0.31325    A:0.13253    G:0.22892
Average         T:0.28514    C:0.21687    A:0.26104    G:0.23695

#19: Okapi          
position  1:    T:0.25301    C:0.13253    A:0.28916    G:0.32530
position  2:    T:0.27711    C:0.20482    A:0.34940    G:0.16867
position  3:    T:0.31325    C:0.32530    A:0.14458    G:0.21687
Average         T:0.28112    C:0.22088    A:0.26104    G:0.23695

#20: Giraffe        
position  1:    T:0.25301    C:0.13253    A:0.28916    G:0.32530
position  2:    T:0.27711    C:0.20482    A:0.37349    G:0.14458
position  3:    T:0.32530    C:0.30120    A:0.15663    G:0.21687
Average         T:0.28514    C:0.21285    A:0.27309    G:0.22892

#21: TibetanAntelope
position  1:    T:0.25301    C:0.13253    A:0.28916    G:0.32530
position  2:    T:0.27711    C:0.20482    A:0.36145    G:0.15663
position  3:    T:0.31325    C:0.32530    A:0.13253    G:0.22892
Average         T:0.28112    C:0.22088    A:0.26104    G:0.23695

#22: Sitatunga      
position  1:    T:0.25301    C:0.13253    A:0.28916    G:0.32530
position  2:    T:0.27711    C:0.20482    A:0.36145    G:0.15663
position  3:    T:0.30120    C:0.33735    A:0.13253    G:0.22892
Average         T:0.27711    C:0.22490    A:0.26104    G:0.23695

#23: Oribi          
position  1:    T:0.25301    C:0.13253    A:0.28916    G:0.32530
position  2:    T:0.27711    C:0.20482    A:0.36145    G:0.15663
position  3:    T:0.31325    C:0.32530    A:0.13253    G:0.22892
Average         T:0.28112    C:0.22088    A:0.26104    G:0.23695

#24: BarbarySheep   
position  1:    T:0.25301    C:0.13253    A:0.28916    G:0.32530
position  2:    T:0.27711    C:0.20482    A:0.36145    G:0.15663
position  3:    T:0.31325    C:0.32530    A:0.13253    G:0.22892
Average         T:0.28112    C:0.22088    A:0.26104    G:0.23695

#25: Daviddeer      
position  1:    T:0.25301    C:0.13253    A:0.28916    G:0.32530
position  2:    T:0.27711    C:0.20482    A:0.36145    G:0.15663
position  3:    T:0.31325    C:0.33735    A:0.13253    G:0.21687
Average         T:0.28112    C:0.22490    A:0.26104    G:0.23293

#26: Reindeer       
position  1:    T:0.25301    C:0.13253    A:0.28916    G:0.32530
position  2:    T:0.27711    C:0.20482    A:0.36145    G:0.15663
position  3:    T:0.31325    C:0.33735    A:0.13253    G:0.21687
Average         T:0.28112    C:0.22490    A:0.26104    G:0.23293

#27: Ibex           
position  1:    T:0.25301    C:0.13253    A:0.28916    G:0.32530
position  2:    T:0.27711    C:0.20482    A:0.36145    G:0.15663
position  3:    T:0.31325    C:0.32530    A:0.13253    G:0.22892
Average         T:0.28112    C:0.22088    A:0.26104    G:0.23695

#28: GyrantGazelle  
position  1:    T:0.25301    C:0.13253    A:0.28916    G:0.32530
position  2:    T:0.27711    C:0.20482    A:0.36145    G:0.15663
position  3:    T:0.33735    C:0.30120    A:0.14458    G:0.21687
Average         T:0.28916    C:0.21285    A:0.26506    G:0.23293

#29: Hartebeest     
position  1:    T:0.25301    C:0.13253    A:0.28916    G:0.32530
position  2:    T:0.27711    C:0.20482    A:0.36145    G:0.15663
position  3:    T:0.31325    C:0.32530    A:0.12048    G:0.24096
Average         T:0.28112    C:0.22088    A:0.25703    G:0.24096

#30: Bongo          
position  1:    T:0.25301    C:0.13253    A:0.28916    G:0.32530
position  2:    T:0.27711    C:0.20482    A:0.36145    G:0.15663
position  3:    T:0.31325    C:0.32530    A:0.13253    G:0.22892
Average         T:0.28112    C:0.22088    A:0.26104    G:0.23695

#31: Gerenuk        
position  1:    T:0.25301    C:0.13253    A:0.28916    G:0.32530
position  2:    T:0.27711    C:0.20482    A:0.36145    G:0.15663
position  3:    T:0.31325    C:0.32530    A:0.13253    G:0.22892
Average         T:0.28112    C:0.22088    A:0.26104    G:0.23695

#32: CommonEland    
position  1:    T:0.25301    C:0.13253    A:0.28916    G:0.32530
position  2:    T:0.27711    C:0.20482    A:0.36145    G:0.15663
position  3:    T:0.31325    C:0.32530    A:0.13253    G:0.22892
Average         T:0.28112    C:0.22088    A:0.26104    G:0.23695

#33: MuntiacusReevesi
position  1:    T:0.25301    C:0.13253    A:0.28916    G:0.32530
position  2:    T:0.27711    C:0.20482    A:0.36145    G:0.15663
position  3:    T:0.30120    C:0.33735    A:0.13253    G:0.22892
Average         T:0.27711    C:0.22490    A:0.26104    G:0.23695

#34: HarveysDuiker  
position  1:    T:0.25301    C:0.13253    A:0.28916    G:0.32530
position  2:    T:0.27711    C:0.20482    A:0.36145    G:0.15663
position  3:    T:0.31325    C:0.32530    A:0.14458    G:0.21687
Average         T:0.28112    C:0.22088    A:0.26506    G:0.23293

#35: Pronghorn      
position  1:    T:0.25301    C:0.13253    A:0.28916    G:0.32530
position  2:    T:0.27711    C:0.20482    A:0.36145    G:0.15663
position  3:    T:0.32530    C:0.32530    A:0.13253    G:0.21687
Average         T:0.28514    C:0.22088    A:0.26104    G:0.23293

#36: BlueWildebeest 
position  1:    T:0.25301    C:0.13253    A:0.28916    G:0.32530
position  2:    T:0.27711    C:0.20482    A:0.36145    G:0.15663
position  3:    T:0.30120    C:0.33735    A:0.12048    G:0.24096
Average         T:0.27711    C:0.22490    A:0.25703    G:0.24096

#37: Gemsbok        
position  1:    T:0.25301    C:0.13253    A:0.28916    G:0.32530
position  2:    T:0.27711    C:0.20482    A:0.36145    G:0.15663
position  3:    T:0.31325    C:0.33735    A:0.13253    G:0.21687
Average         T:0.28112    C:0.22490    A:0.26104    G:0.23293

#38: Yak            
position  1:    T:0.25301    C:0.13253    A:0.28916    G:0.32530
position  2:    T:0.27711    C:0.20482    A:0.36145    G:0.15663
position  3:    T:0.32530    C:0.31325    A:0.13253    G:0.22892
Average         T:0.28514    C:0.21687    A:0.26104    G:0.23695

#39: BlueSheep      
position  1:    T:0.25301    C:0.13253    A:0.28916    G:0.32530
position  2:    T:0.27711    C:0.20482    A:0.36145    G:0.15663
position  3:    T:0.31325    C:0.32530    A:0.13253    G:0.22892
Average         T:0.28112    C:0.22088    A:0.26104    G:0.23695

#40: BohorReedbuck  
position  1:    T:0.25301    C:0.13253    A:0.28916    G:0.32530
position  2:    T:0.27711    C:0.20482    A:0.36145    G:0.15663
position  3:    T:0.31325    C:0.31325    A:0.14458    G:0.22892
Average         T:0.28112    C:0.21687    A:0.26506    G:0.23695

#41: KirksDik       
position  1:    T:0.25301    C:0.13253    A:0.28916    G:0.32530
position  2:    T:0.27711    C:0.20482    A:0.36145    G:0.15663
position  3:    T:0.31325    C:0.32530    A:0.13253    G:0.22892
Average         T:0.28112    C:0.22088    A:0.26104    G:0.23695

#42: RoeDeer        
position  1:    T:0.25301    C:0.13253    A:0.28916    G:0.32530
position  2:    T:0.27711    C:0.20482    A:0.36145    G:0.15663
position  3:    T:0.32530    C:0.32530    A:0.13253    G:0.21687
Average         T:0.28514    C:0.22088    A:0.26104    G:0.23293

#43: WhiteLippedDeer
position  1:    T:0.25301    C:0.13253    A:0.28916    G:0.32530
position  2:    T:0.27711    C:0.20482    A:0.36145    G:0.15663
position  3:    T:0.31325    C:0.33735    A:0.13253    G:0.21687
Average         T:0.28112    C:0.22490    A:0.26104    G:0.23293

#44: ThomsonGazelle 
position  1:    T:0.25301    C:0.13253    A:0.28916    G:0.32530
position  2:    T:0.27711    C:0.20482    A:0.36145    G:0.15663
position  3:    T:0.31325    C:0.32530    A:0.13253    G:0.22892
Average         T:0.28112    C:0.22088    A:0.26104    G:0.23695

#45: MuntiacusCrinifrons
position  1:    T:0.25301    C:0.13253    A:0.28916    G:0.32530
position  2:    T:0.27711    C:0.20482    A:0.36145    G:0.15663
position  3:    T:0.30120    C:0.33735    A:0.13253    G:0.22892
Average         T:0.27711    C:0.22490    A:0.26104    G:0.23695

#46: WhiteTailedDeer
position  1:    T:0.25301    C:0.13253    A:0.28916    G:0.32530
position  2:    T:0.27711    C:0.20482    A:0.36145    G:0.15663
position  3:    T:0.31325    C:0.33735    A:0.13253    G:0.21687
Average         T:0.28112    C:0.22490    A:0.26104    G:0.23293

#47: Cattle         
position  1:    T:0.25301    C:0.13253    A:0.28916    G:0.32530
position  2:    T:0.27711    C:0.20482    A:0.36145    G:0.15663
position  3:    T:0.32530    C:0.31325    A:0.13253    G:0.22892
Average         T:0.28514    C:0.21687    A:0.26104    G:0.23695

#48: RoyalAntelope  
position  1:    T:0.25301    C:0.13253    A:0.28916    G:0.32530
position  2:    T:0.27711    C:0.20482    A:0.36145    G:0.15663
position  3:    T:0.32530    C:0.31325    A:0.13253    G:0.22892
Average         T:0.28514    C:0.21687    A:0.26104    G:0.23695

#49: Steenbok       
position  1:    T:0.25301    C:0.13253    A:0.28916    G:0.32530
position  2:    T:0.27711    C:0.20482    A:0.36145    G:0.15663
position  3:    T:0.31325    C:0.32530    A:0.13253    G:0.22892
Average         T:0.28112    C:0.22088    A:0.26104    G:0.23695

#50: Impala         
position  1:    T:0.25301    C:0.13253    A:0.28916    G:0.32530
position  2:    T:0.27711    C:0.20482    A:0.37349    G:0.14458
position  3:    T:0.31325    C:0.32530    A:0.13253    G:0.22892
Average         T:0.28112    C:0.22088    A:0.26506    G:0.23293

#51: Klipspringer   
position  1:    T:0.25301    C:0.13253    A:0.28916    G:0.32530
position  2:    T:0.27711    C:0.20482    A:0.36145    G:0.15663
