1
52 1
Argali 0.000000 0.330800 0.113000 0.220200 0.052800 0.000100 0.039600 0.052200 0.097200 0.210900 0.012900 0.128200 0.039400 0.026100 0.095500 0.038900 0.131600 0.131300 0.039200 0.082800 0.039300 0.039400 0.267400 0.197600 0.000000 0.066600 0.039400 0.097200 0.052800 0.097200 0.210900 0.026100 0.148000 0.039100 0.039500 0.127600 0.013000 0.038700 0.095100 0.196600 0.267400 0.066600 0.210900 0.178900 0.127600 0.067300 0.081800 0.081900 0.039000 0.196900 0.111800 0.068500
LesserMous 0.330800 0.000000 0.356300 0.298000 0.349000 0.316400 0.351400 0.310500 0.331300 0.391100 0.352600 0.353600 0.308500 0.330400 0.446000 0.348600 0.218300 0.217000 0.356200 0.312100 0.308600 0.401000 0.327600 0.313500 0.330800 0.350000 0.308500 0.331300 0.372300 0.331300 0.391100 0.330400 0.235800 0.308600 0.309300 0.312700 0.354800 0.348600 0.371200 0.333400 0.286600 0.350000 0.391100 0.311500 0.312700 0.379000 0.401700 0.337300 0.348600 0.334300 0.351200 0.292700
LesserKudu 0.113000 0.356300 0.000000 0.185700 0.112300 0.115400 0.098000 0.112700 0.013100 0.212200 0.128500 0.083400 0.097600 0.083000 0.128200 0.097100 0.117000 0.116400 0.130000 0.026400 0.097500 0.129400 0.231200 0.164500 0.113000 0.128000 0.097600 0.013100 0.082500 0.013100 0.212200 0.083000 0.132800 0.097500 0.097800 0.054100 0.129500 0.097100 0.143400 0.163700 0.231200 0.128000 0.212200 0.146700 0.054100 0.098700 0.145600 0.054700 0.097100 0.115200 0.026400 0.040500
KillerWhal 0.220200 0.298000 0.185700 0.000000 0.255900 0.224900 0.203600 0.238300 0.166700 0.295200 0.238800 0.221800 0.238100 0.220100 0.277800 0.236500 0.119400 0.118600 0.242000 0.150700 0.201200 0.240600 0.318200 0.223400 0.220200 0.276800 0.238100 0.166700 0.218600 0.166700 0.295200 0.220100 0.135700 0.238100 0.238600 0.220100 0.240700 0.236500 0.256000 0.241800 0.318100 0.276800 0.295200 0.222100 0.220100 0.222500 0.260000 0.187200 0.236500 0.222700 0.183000 0.134500
DefassaWat 0.052800 0.349000 0.112300 0.255900 0.000000 0.054000 0.039400 0.052700 0.096600 0.209900 0.066600 0.097000 0.039200 0.026000 0.095000 0.039000 0.163500 0.163000 0.067300 0.082300 0.039100 0.095700 0.210700 0.162100 0.052800 0.066400 0.039200 0.096600 0.052200 0.096600 0.209900 0.026000 0.180500 0.039100 0.039300 0.126800 0.067100 0.012800 0.094800 0.161400 0.210600 0.066400 0.209900 0.144800 0.126800 0.067100 0.096300 0.081400 0.012800 0.195400 0.111300 0.097300
Sheep 0.000100 0.316400 0.115400 0.224900 0.054000 0.000000 0.040400 0.054200 0.099300 0.215000 0.013200 0.131000 0.040200 0.026600 0.097900 0.040100 0.134500 0.134200 0.040700 0.084600 0.040200 0.040600 0.272700 0.201600 0.000100 0.068200 0.040200 0.099300 0.054100 0.099300 0.215000 0.026600 0.151400 0.040200 0.040300 0.130300 0.013300 0.040100 0.097400 0.200600 0.272600 0.068200 0.215000 0.182500 0.130300 0.069200 0.083900 0.083800 0.040100 0.183700 0.114200 0.069900
MaxwellsDu 0.039600 0.351400 0.098000 0.203600 0.039400 0.040400 0.000000 0.039500 0.082600 0.228400 0.053200 0.112900 0.026000 0.012900 0.081400 0.026000 0.148100 0.147900 0.053900 0.068400 0.026100 0.082000 0.247900 0.180200 0.039600 0.053000 0.026000 0.082600 0.039400 0.082600 0.228400 0.012900 0.165000 0.026100 0.026100 0.112300 0.053600 0.026000 0.081000 0.179300 0.247900 0.053000 0.228400 0.162100 0.112300 0.053700 0.082300 0.067800 0.026000 0.179600 0.096900 0.083200
GazellaPrz 0.052200 0.310500 0.112700 0.238300 0.052700 0.054200 0.039500 0.000000 0.096900 0.246000 0.066700 0.127800 0.039300 0.026000 0.095300 0.039100 0.147600 0.147300 0.067500 0.082600 0.038800 0.096000 0.266300 0.196800 0.052900 0.066500 0.039300 0.096900 0.052700 0.096900 0.246000 0.026000 0.164400 0.039200 0.039400 0.127200 0.067200 0.039100 0.094900 0.195800 0.266300 0.066500 0.246000 0.178200 0.127200 0.067300 0.067300 0.081000 0.038600 0.196000 0.111600 0.097600
MountainNy 0.097200 0.331300 0.013100 0.166700 0.096600 0.099300 0.082600 0.096900 0.000000 0.193100 0.112200 0.068300 0.082200 0.068000 0.112000 0.081900 0.100500 0.100000 0.113500 0.013100 0.082200 0.113000 0.211400 0.146600 0.097200 0.111800 0.082200 0.000000 0.067600 0.000000 0.193100 0.068000 0.115800 0.082200 0.082400 0.040000 0.113100 0.081900 0.126800 0.145900 0.211300 0.111800 0.193100 0.129600 0.040000 0.083100 0.128800 0.040400 0.081900 0.098900 0.013000 0.026600
MuntiacusM 0.210900 0.391100 0.212200 0.295200 0.209900 0.215000 0.228400 0.246000 0.193100 0.000000 0.228900 0.176600 0.192900 0.210800 0.284600 0.226700 0.147000 0.146100 0.269000 0.177000 0.228000 0.212600 0.067200 0.068300 0.210900 0.227600 0.192900 0.193100 0.227100 0.193100 0.000000 0.210800 0.196900 0.192900 0.193300 0.176300 0.230700 0.192100 0.245500 0.068200 0.067200 0.227600 0.000000 0.053900 0.176300 0.230200 0.246700 0.196200 0.192100 0.212100 0.174900 0.194700
goat 0.012900 0.352600 0.128500 0.238800 0.066600 0.013200 0.053200 0.066700 0.112200 0.228900 0.000000 0.143800 0.053000 0.039500 0.110200 0.052600 0.147800 0.147500 0.053500 0.097500 0.052800 0.053300 0.287300 0.215400 0.012900 0.080700 0.053000 0.112200 0.066600 0.112200 0.228900 0.039500 0.164600 0.052800 0.053100 0.143200 0.026200 0.052600 0.109800 0.214200 0.287300 0.080700 0.228900 0.196100 0.143200 0.081700 0.096400 0.096400 0.052600 0.214400 0.127200 0.082900
AfricanBuf 0.128200 0.353600 0.083400 0.221800 0.097000 0.131000 0.112900 0.127800 0.068300 0.176600 0.143800 0.000000 0.112200 0.097500 0.143800 0.111800 0.117000 0.116400 0.145600 0.054400 0.112200 0.144800 0.194600 0.131300 0.128200 0.143100 0.112200 0.068300 0.097100 0.068300 0.176600 0.097500 0.133000 0.112200 0.112400 0.083000 0.144900 0.082200 0.158600 0.100000 0.194600 0.143100 0.176600 0.114700 0.083000 0.113900 0.161400 0.098700 0.082200 0.146800 0.082500 0.068900
Topi 0.039400 0.308500 0.097600 0.238100 0.039200 0.040200 0.026000 0.039300 0.082200 0.192900 0.053000 0.112200 0.000000 0.012900 0.081000 0.025900 0.115400 0.115100 0.053600 0.068100 0.026000 0.081700 0.211100 0.146200 0.039400 0.026000 0.000000 0.082200 0.039200 0.082200 0.192900 0.012900 0.164100 0.000000 0.000100 0.111800 0.053400 0.025900 0.080800 0.145500 0.211100 0.026000 0.192900 0.129300 0.111800 0.053400 0.082100 0.067600 0.025900 0.179100 0.096600 0.082800
CommonDuik 0.026100 0.330400 0.083000 0.220100 0.026000 0.026600 0.012900 0.026000 0.068000 0.210800 0.039500 0.097500 0.012900 0.000000 0.067000 0.012800 0.131600 0.131300 0.039900 0.054100 0.012900 0.067600 0.229700 0.163100 0.026100 0.039400 0.012900 0.068000 0.026000 0.068000 0.210800 0.000000 0.147900 0.012900 0.012900 0.097100 0.039800 0.012800 0.066800 0.162300 0.229700 0.039400 0.210800 0.145600 0.097100 0.039800 0.067800 0.053700 0.012800 0.162800 0.082100 0.068500
Suni 0.095500 0.446000 0.128200 0.277800 0.095000 0.097900 0.081400 0.095300 0.112000 0.284600 0.110200 0.143800 0.081000 0.067000 0.000000 0.079600 0.181600 0.181100 0.111500 0.097400 0.080700 0.110900 0.306600 0.233100 0.095500 0.109700 0.081000 0.112000 0.065700 0.112000 0.284600 0.067000 0.199300 0.080700 0.081200 0.143000 0.111000 0.080500 0.140100 0.231900 0.306500 0.109700 0.284600 0.213300 0.143000 0.081700 0.126700 0.096200 0.080500 0.213800 0.127000 0.112900
Springbuck 0.038900 0.348600 0.097100 0.236500 0.039000 0.040100 0.026000 0.039100 0.081900 0.226700 0.052600 0.111800 0.025900 0.012800 0.079600 0.000000 0.131000 0.146300 0.052500 0.067800 0.025800 0.081100 0.246100 0.178400 0.038700 0.025800 0.025900 0.081900 0.012800 0.081900 0.226700 0.012800 0.163300 0.025800 0.025900 0.111400 0.053000 0.025700 0.052500 0.177500 0.246100 0.025800 0.226700 0.160600 0.111400 0.053100 0.081500 0.067000 0.025700 0.178000 0.096200 0.082400
Okapi 0.131600 0.218300 0.117000 0.119400 0.163500 0.134500 0.148100 0.147600 0.100500 0.147000 0.147800 0.117000 0.115400 0.131600 0.181600 0.131000 0.000000 0.000000 0.149600 0.085700 0.147400 0.148800 0.164100 0.101800 0.131600 0.131600 0.115400 0.100500 0.115400 0.100500 0.147000 0.131600 0.041900 0.115400 0.115600 0.116200 0.148900 0.146700 0.147400 0.101500 0.164100 0.131600 0.147000 0.085700 0.116200 0.132700 0.165800 0.101500 0.146700 0.117300 0.115600 0.070800
Giraffe 0.131300 0.217000 0.116400 0.118600 0.163000 0.134200 0.147900 0.147300 0.100000 0.146100 0.147500 0.116400 0.115100 0.131300 0.181100 0.146300 0.000000 0.000000 0.149400 0.085300 0.147100 0.148500 0.163200 0.101400 0.131300 0.146900 0.115100 0.100000 0.130500 0.100000 0.146100 0.131300 0.041700 0.115100 0.115400 0.115600 0.148600 0.146300 0.163100 0.101000 0.163100 0.146900 0.146100 0.085400 0.115600 0.132500 0.165300 0.101300 0.146300 0.116800 0.115000 0.070500
TibetanAnt 0.039200 0.356200 0.130000 0.242000 0.067300 0.040700 0.053900 0.067500 0.113500 0.269000 0.053500 0.145600 0.053600 0.039900 0.111500 0.052500 0.149600 0.149400 0.000000 0.098700 0.053400 0.052900 0.290500 0.218100 0.039800 0.081600 0.053600 0.113500 0.067200 0.113500 0.269000 0.039900 0.166700 0.053300 0.053700 0.145000 0.026200 0.053200 0.111000 0.216900 0.290400 0.080600 0.269000 0.198600 0.145000 0.082700 0.097500 0.098100 0.053200 0.217100 0.128600 0.083900
Sitatunga 0.082800 0.312100 0.026400 0.150700 0.082300 0.084600 0.068400 0.082600 0.013100 0.177000 0.097500 0.054400 0.068100 0.054100 0.097400 0.067800 0.085700 0.085300 0.098700 0.000000 0.068100 0.098200 0.194800 0.131200 0.082800 0.097200 0.068100 0.013100 0.053800 0.013100 0.177000 0.054100 0.100700 0.068100 0.068200 0.054100 0.098300 0.067800 0.111900 0.130600 0.194700 0.097200 0.177000 0.114500 0.054100 0.068900 0.113600 0.054700 0.067800 0.115200 0.026300 0.013200
Oribi 0.039300 0.308600 0.097500 0.201200 0.039100 0.040200 0.026100 0.038800 0.082200 0.228000 0.052800 0.112200 0.026000 0.012900 0.080700 0.025800 0.147400 0.147100 0.053400 0.068100 0.000000 0.081400 0.247400 0.179500 0.039300 0.052200 0.026000 0.082200 0.038900 0.082200 0.228000 0.012900 0.164000 0.025900 0.026000 0.111800 0.053200 0.025800 0.080500 0.178500 0.247300 0.052200 0.228000 0.161500 0.111800 0.053300 0.081700 0.067300 0.025800 0.179000 0.096500 0.082800
BarbaryShe 0.039400 0.401000 0.129400 0.240600 0.095700 0.040600 0.082000 0.096000 0.113000 0.212600 0.053300 0.144800 0.081700 0.067600 0.110900 0.081100 0.148800 0.148500 0.052900 0.098200 0.081400 0.000000 0.269600 0.235600 0.039600 0.110700 0.081700 0.113000 0.067000 0.113000 0.212600 0.067600 0.165700 0.081400 0.081900 0.144200 0.026100 0.081100 0.141200 0.234100 0.269600 0.110700 0.212600 0.215500 0.144200 0.082300 0.112200 0.097100 0.081100 0.216100 0.128000 0.083500
Daviddeer 0.267400 0.327600 0.231200 0.318200 0.210700 0.272700 0.247900 0.266300 0.211400 0.067200 0.287300 0.194600 0.211100 0.229700 0.306600 0.246100 0.164100 0.163200 0.290500 0.194800 0.247400 0.269600 0.000000 0.082900 0.267400 0.247000 0.211100 0.211400 0.246600 0.211400 0.067200 0.229700 0.215900 0.211000 0.211500 0.228600 0.289500 0.210300 0.265700 0.082800 0.026200 0.247000 0.067200 0.067700 0.228600 0.250100 0.267100 0.214800 0.210300 0.230800 0.192500 0.213100
Reindeer 0.197600 0.313500 0.164500 0.223400 0.162100 0.201600 0.180200 0.196800 0.146600 0.068300 0.215400 0.131300 0.146200 0.163100 0.233100 0.178400 0.101800 0.101400 0.218100 0.131200 0.179500 0.235600 0.082900 0.000000 0.197600 0.179300 0.146200 0.146600 0.178800 0.146600 0.068100 0.163100 0.149900 0.146200 0.146500 0.162900 0.217200 0.145500 0.196000 0.027100 0.083100 0.179300 0.068500 0.013400 0.162900 0.181500 0.233800 0.148800 0.145500 0.164800 0.162300 0.147900
Ibex 0.000000 0.330800 0.113000 0.220200 0.052800 0.000100 0.039600 0.052900 0.097200 0.210900 0.012900 0.128200 0.039400 0.026100 0.095500 0.038700 0.131600 0.131300 0.039800 0.082800 0.039300 0.039600 0.267400 0.197600 0.000000 0.066600 0.039400 0.097200 0.052800 0.097200 0.210900 0.026100 0.148000 0.039300 0.039500 0.127600 0.013000 0.038700 0.095100 0.196600 0.267400 0.066600 0.210900 0.178900 0.127600 0.067500 0.081800 0.081900 0.039000 0.196900 0.111800 0.068500
GyrantGaze 0.066600 0.350000 0.128000 0.276800 0.066400 0.068200 0.053000 0.066500 0.111800 0.227600 0.080700 0.143100 0.026000 0.039400 0.109700 0.025800 0.131600 0.146900 0.081600 0.097200 0.052200 0.110700 0.247000 0.179300 0.066600 0.000000 0.026000 0.111800 0.039100 0.111800 0.227600 0.039400 0.198400 0.025900 0.026000 0.142600 0.081300 0.052000 0.080500 0.178300 0.247000 0.000000 0.227600 0.161300 0.142600 0.081400 0.111100 0.096100 0.052500 0.213500 0.126600 0.112500
Hartebeest 0.039400 0.308500 0.097600 0.238100 0.039200 0.040200 0.026000 0.039300 0.082200 0.192900 0.053000 0.112200 0.000000 0.012900 0.081000 0.025900 0.115400 0.115100 0.053600 0.068100 0.026000 0.081700 0.211100 0.146200 0.039400 0.026000 0.000000 0.082200 0.039200 0.082200 0.192900 0.012900 0.164100 0.000000 0.000100 0.111800 0.053400 0.025900 0.080800 0.145500 0.211100 0.026000 0.192900 0.129300 0.111800 0.053400 0.082100 0.067600 0.025900 0.179100 0.096600 0.082800
Bongo 0.097200 0.331300 0.013100 0.166700 0.096600 0.099300 0.082600 0.096900 0.000000 0.193100 0.112200 0.068300 0.082200 0.068000 0.112000 0.081900 0.100500 0.100000 0.113500 0.013100 0.082200 0.113000 0.211400 0.146600 0.097200 0.111800 0.082200 0.000000 0.067600 0.000000 0.193100 0.068000 0.115800 0.082200 0.082400 0.039900 0.113100 0.081900 0.126800 0.145900 0.211300 0.111800 0.193100 0.129600 0.040000 0.083100 0.128800 0.040400 0.081900 0.098900 0.013000 0.026600
Gerenuk 0.052800 0.372300 0.082500 0.218600 0.052200 0.054100 0.039400 0.052700 0.067600 0.227100 0.066600 0.097100 0.039200 0.026000 0.065700 0.012800 0.115400 0.130500 0.067200 0.053800 0.038900 0.067000 0.246600 0.178800 0.052800 0.039100 0.039200 0.067600 0.000000 0.067600 0.227100 0.026000 0.147100 0.039100 0.039300 0.096600 0.067100 0.039000 0.066400 0.178000 0.246600 0.038800 0.227100 0.161000 0.096600 0.039200 0.081400 0.052600 0.038600 0.161600 0.081700 0.068100
CommonElan 0.097200 0.331300 0.013100 0.166700 0.096600 0.099300 0.082600 0.096900 0.000000 0.193100 0.112200 0.068300 0.082200 0.068000 0.112000 0.081900 0.100500 0.100000 0.113500 0.013100 0.082200 0.113000 0.211400 0.146600 0.097200 0.111800 0.082200 0.000000 0.067600 0.000000 0.193100 0.068000 0.115800 0.082200 0.082400 0.040000 0.113100 0.081900 0.126800 0.145900 0.211300 0.111800 0.193100 0.129600 0.040000 0.083100 0.128800 0.040400 0.081900 0.098900 0.012900 0.026400
MuntiacusR 0.210900 0.391100 0.212200 0.295200 0.209900 0.215000 0.228400 0.246000 0.193100 0.000000 0.228900 0.176600 0.192900 0.210800 0.284600 0.226700 0.147000 0.146100 0.269000 0.177000 0.228000 0.212600 0.067200 0.068100 0.210900 0.227600 0.192900 0.193100 0.227100 0.193100 0.000000 0.210800 0.196900 0.192900 0.193300 0.176300 0.230700 0.192100 0.245500 0.068200 0.067200 0.227600 0.000000 0.053900 0.176300 0.230200 0.246700 0.196200 0.192100 0.212100 0.174900 0.194700
HarveysDui 0.026100 0.330400 0.083000 0.220100 0.026000 0.026600 0.012900 0.026000 0.068000 0.210800 0.039500 0.097500 0.012900 0.000000 0.067000 0.012800 0.131600 0.131300 0.039900 0.054100 0.012900 0.067600 0.229700 0.163100 0.026100 0.039400 0.012900 0.068000 0.026000 0.068000 0.210800 0.000000 0.147900 0.012900 0.012900 0.097100 0.039800 0.012800 0.066800 0.162300 0.229700 0.039400 0.210800 0.145600 0.097100 0.039800 0.067800 0.053700 0.012800 0.162800 0.082100 0.068500
Pronghorn 0.148000 0.235800 0.132800 0.135700 0.180500 0.151400 0.165000 0.164400 0.115800 0.196900 0.164600 0.133000 0.164100 0.147900 0.199300 0.163300 0.041900 0.041700 0.166700 0.100700 0.164000 0.165700 0.215900 0.149900 0.148000 0.198400 0.164100 0.115800 0.147100 0.115800 0.196900 0.147900 0.000000 0.164000 0.164400 0.131900 0.165800 0.163300 0.180600 0.149400 0.180100 0.198400 0.196900 0.132400 0.131900 0.149400 0.183100 0.117300 0.163300 0.132900 0.131200 0.085700
BlueWildeb 0.039100 0.308600 0.097500 0.238100 0.039100 0.040200 0.026100 0.039200 0.082200 0.192900 0.052800 0.112200 0.000000 0.012900 0.080700 0.025800 0.115400 0.115100 0.053300 0.068100 0.025900 0.081400 0.211000 0.146200 0.039300 0.025900 0.000000 0.082200 0.039100 0.082200 0.192900 0.012900 0.164000 0.000000 0.000000 0.111800 0.053200 0.025800 0.080500 0.145500 0.211000 0.025900 0.192900 0.129300 0.111800 0.053300 0.081700 0.067300 0.025800 0.179000 0.096500 0.082800
Gemsbok 0.039500 0.309300 0.097800 0.238600 0.039300 0.040300 0.026100 0.039400 0.082400 0.193300 0.053100 0.112400 0.000100 0.012900 0.081200 0.025900 0.115600 0.115400 0.053700 0.068200 0.026000 0.081900 0.211500 0.146500 0.039500 0.026000 0.000100 0.082400 0.039300 0.082400 0.193300 0.012900 0.164400 0.000000 0.000000 0.112100 0.053500 0.025900 0.080900 0.145800 0.211400 0.026000 0.193300 0.129500 0.112100 0.053500 0.082100 0.067700 0.025900 0.179300 0.096700 0.082900
Yak 0.127600 0.312700 0.054100 0.220100 0.126800 0.130300 0.112300 0.127200 0.040000 0.176300 0.143200 0.083000 0.111800 0.097100 0.143000 0.111400 0.116200 0.115600 0.145000 0.054100 0.111800 0.144200 0.228600 0.162900 0.127600 0.142600 0.111800 0.039900 0.096600 0.040000 0.176300 0.097100 0.131900 0.111800 0.112100 0.000000 0.144300 0.111400 0.158200 0.162200 0.228500 0.142600 0.176300 0.145400 0.000000 0.113200 0.160800 0.068600 0.111400 0.114100 0.053500 0.068500
BlueSheep 0.013000 0.354800 0.129500 0.240700 0.067100 0.013300 0.053600 0.067200 0.113100 0.230700 0.026200 0.144900 0.053400 0.039800 0.111000 0.053000 0.148900 0.148600 0.026200 0.098300 0.053200 0.026100 0.289500 0.217200 0.013000 0.081300 0.053400 0.113100 0.067100 0.113100 0.230700 0.039800 0.165800 0.053200 0.053500 0.144300 0.000000 0.052400 0.110600 0.215900 0.289400 0.081300 0.230700 0.197700 0.144300 0.082300 0.097200 0.097200 0.053000 0.216300 0.128100 0.083600
BohorReedb 0.038700 0.348600 0.097100 0.236500 0.012800 0.040100 0.026000 0.039100 0.081900 0.192100 0.052600 0.082200 0.025900 0.012800 0.080500 0.025700 0.146700 0.146300 0.053200 0.067800 0.025800 0.081100 0.210300 0.145500 0.038700 0.052000 0.025900 0.081900 0.039000 0.081900 0.192100 0.012800 0.163300 0.025800 0.025900 0.111400 0.052400 0.000000 0.080300 0.144800 0.210300 0.052500 0.192100 0.128700 0.111400 0.053100 0.081500 0.067000 0.000000 0.178000 0.096200 0.082400
KirksDik 0.095100 0.371200 0.143400 0.256000 0.094800 0.097400 0.081000 0.094900 0.126800 0.245500 0.109800 0.158600 0.080800 0.066800 0.140100 0.052500 0.147400 0.163100 0.111000 0.111900 0.080500 0.141200 0.265700 0.196000 0.095100 0.080500 0.080800 0.126800 0.066400 0.126800 0.245500 0.066800 0.180600 0.080500 0.080900 0.158200 0.110600 0.080300 0.000000 0.194900 0.265600 0.080500 0.245500 0.177600 0.158200 0.110700 0.142000 0.096000 0.080200 0.195400 0.142000 0.127600
RoeDeer 0.196600 0.333400 0.163700 0.241800 0.161400 0.200600 0.179300 0.195800 0.145900 0.068200 0.214200 0.100000 0.145500 0.162300 0.231900 0.177500 0.101500 0.101000 0.216900 0.130600 0.178500 0.234100 0.082800 0.027100 0.196600 0.178300 0.145500 0.145900 0.178000 0.145900 0.068200 0.162300 0.149400 0.145500 0.145800 0.162200 0.215900 0.144800 0.194900 0.000000 0.082800 0.178300 0.068200 0.013300 0.162200 0.180700 0.232500 0.148100 0.144800 0.164000 0.161500 0.147300
WhiteLippe 0.267400 0.286600 0.231200 0.318100 0.210600 0.272600 0.247900 0.266300 0.211300 0.067200 0.287300 0.194600 0.211100 0.229700 0.306500 0.246100 0.164100 0.163100 0.290400 0.194700 0.247300 0.269600 0.026200 0.083100 0.267400 0.247000 0.211100 0.211300 0.246600 0.211300 0.067200 0.229700 0.180100 0.211000 0.211400 0.228500 0.289400 0.210300 0.265600 0.082800 0.000000 0.247000 0.067200 0.068200 0.228500 0.250000 0.267100 0.214700 0.210300 0.230700 0.192500 0.213100
ThomsonGaz 0.066600 0.350000 0.128000 0.276800 0.066400 0.068200 0.053000 0.066500 0.111800 0.227600 0.080700 0.143100 0.026000 0.039400 0.109700 0.025800 0.131600 0.146900 0.080600 0.097200 0.052200 0.110700 0.247000 0.179300 0.066600 0.000000 0.026000 0.111800 0.038800 0.111800 0.227600 0.039400 0.198400 0.025900 0.026000 0.142600 0.081300 0.052500 0.080500 0.178300 0.247000 0.000000 0.227600 0.161300 0.142600 0.081400 0.111100 0.096100 0.052500 0.213500 0.126600 0.112500
MuntiacusC 0.210900 0.391100 0.212200 0.295200 0.209900 0.215000 0.228400 0.246000 0.193100 0.000000 0.228900 0.176600 0.192900 0.210800 0.284600 0.226700 0.147000 0.146100 0.269000 0.177000 0.228000 0.212600 0.067200 0.068500 0.210900 0.227600 0.192900 0.193100 0.227100 0.193100 0.000000 0.210800 0.196900 0.192900 0.193300 0.176300 0.230700 0.192100 0.245500 0.068200 0.067200 0.227600 0.000000 0.053900 0.176300 0.230200 0.246700 0.196200 0.192100 0.212100 0.174900 0.194700
WhiteTaile 0.178900 0.311500 0.146700 0.222100 0.144800 0.182500 0.162100 0.178200 0.129600 0.053900 0.196100 0.114700 0.129300 0.145600 0.213300 0.160600 0.085700 0.085400 0.198600 0.114500 0.161500 0.215500 0.067700 0.013400 0.178900 0.161300 0.129300 0.129600 0.161000 0.129600 0.053900 0.145600 0.132400 0.129300 0.129500 0.145400 0.197700 0.128700 0.177600 0.013300 0.068200 0.161300 0.053900 0.000000 0.145400 0.163300 0.213900 0.131500 0.128700 0.147100 0.144900 0.130700
Cattle 0.127600 0.312700 0.054100 0.220100 0.126800 0.130300 0.112300 0.127200 0.040000 0.176300 0.143200 0.083000 0.111800 0.097100 0.143000 0.111400 0.116200 0.115600 0.145000 0.054100 0.111800 0.144200 0.228600 0.162900 0.127600 0.142600 0.111800 0.040000 0.096600 0.040000 0.176300 0.097100 0.131900 0.111800 0.112100 0.000000 0.144300 0.111400 0.158200 0.162200 0.228500 0.142600 0.176300 0.145400 0.000000 0.113200 0.160800 0.068600 0.111400 0.114200 0.053500 0.068500
RoyalAntel 0.067300 0.379000 0.098700 0.222500 0.067100 0.069200 0.053700 0.067300 0.083100 0.230200 0.081700 0.113900 0.053400 0.039800 0.081700 0.053100 0.132700 0.132500 0.082700 0.068900 0.053300 0.082300 0.250100 0.181500 0.067500 0.081400 0.053400 0.083100 0.039200 0.083100 0.230200 0.039800 0.149400 0.053300 0.053500 0.113200 0.082300 0.053100 0.110700 0.180700 0.250000 0.081400 0.230200 0.163300 0.113200 0.000000 0.097300 0.068000 0.053100 0.163800 0.097600 0.083800
Steenbok 0.081800 0.401700 0.145600 0.260000 0.096300 0.083900 0.082300 0.067300 0.128800 0.246700 0.096400 0.161400 0.082100 0.067800 0.126700 0.081500 0.165800 0.165300 0.097500 0.113600 0.081700 0.112200 0.267100 0.233800 0.081800 0.111100 0.082100 0.128800 0.081400 0.128800 0.246700 0.067800 0.183100 0.081700 0.082100 0.160800 0.097200 0.081500 0.142000 0.232500 0.267100 0.111100 0.246700 0.213900 0.160800 0.097300 0.000000 0.112400 0.081500 0.234600 0.112600 0.113800
Impala 0.081900 0.337300 0.054700 0.187200 0.081400 0.083800 0.067800 0.081000 0.040400 0.196200 0.096400 0.098700 0.067600 0.053700 0.096200 0.067000 0.101500 0.101300 0.098100 0.054700 0.067300 0.097100 0.214800 0.148800 0.081900 0.096100 0.067600 0.040400 0.052600 0.040400 0.196200 0.053700 0.117300 0.067300 0.067700 0.068600 0.097200 0.067000 0.096000 0.148100 0.214700 0.096100 0.196200 0.131500 0.068600 0.068000 0.112400 0.000000 0.066700 0.100400 0.054100 0.069300
Klipspring 0.039000 0.348600 0.097100 0.236500 0.012800 0.040100 0.026000 0.038600 0.081900 0.192100 0.052600 0.082200 0.025900 0.012800 0.080500 0.025700 0.146700 0.146300 0.053200 0.067800 0.025800 0.081100 0.210300 0.145500 0.039000 0.052500 0.025900 0.081900 0.038600 0.081900 0.192100 0.012800 0.163300 0.025800 0.025900 0.111400 0.053000 0.000000 0.080200 0.144800 0.210300 0.052500 0.192100 0.128700 0.111400 0.053100 0.081500 0.066700 0.000000 0.178000 0.096200 0.082400
ForestMusk 0.196900 0.334300 0.115200 0.222700 0.195400 0.183700 0.179600 0.196000 0.098900 0.212100 0.214400 0.146800 0.179100 0.162800 0.213800 0.178000 0.117300 0.116800 0.217100 0.115200 0.179000 0.216100 0.230800 0.164800 0.196900 0.213500 0.179100 0.098900 0.161600 0.098900 0.212100 0.162800 0.132900 0.179000 0.179300 0.114100 0.216300 0.178000 0.195400 0.164000 0.230700 0.213500 0.212100 0.147100 0.114200 0.163800 0.234600 0.100400 0.178000 0.000000 0.113700 0.131400
Bushbuck 0.111800 0.351200 0.026400 0.183000 0.111300 0.114200 0.096900 0.111600 0.013000 0.174900 0.127200 0.082500 0.096600 0.082100 0.127000 0.096200 0.115600 0.115000 0.128600 0.026300 0.096500 0.128000 0.192500 0.162300 0.111800 0.126600 0.096600 0.013000 0.081700 0.012900 0.174900 0.082100 0.131200 0.096500 0.096700 0.053500 0.128100 0.096200 0.142000 0.161500 0.192500 0.126600 0.174900 0.144900 0.053500 0.097600 0.112600 0.054100 0.096200 0.113700 0.000000 0.039700
GreaterKud 0.068500 0.292700 0.040500 0.134500 0.097300 0.069900 0.083200 0.097600 0.026600 0.194700 0.082900 0.068900 0.082800 0.068500 0.112900 0.082400 0.070800 0.070500 0.083900 0.013200 0.082800 0.083500 0.213100 0.147900 0.068500 0.112500 0.082800 0.026600 0.068100 0.026400 0.194700 0.068500 0.085700 0.082800 0.082900 0.068500 0.083600 0.082400 0.127600 0.147300 0.213100 0.112500 0.194700 0.130700 0.068500 0.083800 0.113800 0.069300 0.082400 0.131400 0.039700 0.000000
