1
52 1
Argali 0.000000 0.245200 0.042600 0.169300 0.042400 0.000000 0.057600 0.087000 0.028100 0.072400 0.013500 0.042700 0.013900 0.057900 0.057900 0.042400 0.118900 0.152300 0.000000 0.028300 0.057000 0.014000 0.073400 0.072800 0.028000 0.057000 0.013900 0.028100 0.042600 0.042300 0.072100 0.042700 0.058100 0.013900 0.028300 0.028500 0.013900 0.042600 0.072500 0.088700 0.072900 0.057000 0.072100 0.087700 0.042400 0.072000 0.057500 0.042700 0.028100 0.058400 0.057100 0.028100
LesserMous 0.245200 0.000000 0.267900 0.308800 0.265600 0.245200 0.288600 0.304000 0.247500 0.267400 0.265000 0.268000 0.265000 0.289700 0.288800 0.265100 0.286500 0.312200 0.245200 0.249900 0.285400 0.265000 0.271800 0.269100 0.284500 0.285400 0.265000 0.247500 0.265000 0.263000 0.265600 0.267200 0.289000 0.265000 0.247600 0.248900 0.265000 0.265400 0.269400 0.290300 0.269200 0.285400 0.265900 0.287200 0.226300 0.305900 0.286700 0.268000 0.246100 0.235700 0.287800 0.247500
LesserKudu 0.042600 0.267900 0.000000 0.152900 0.028200 0.042600 0.043000 0.072400 0.014000 0.057900 0.057200 0.057500 0.028200 0.043200 0.043300 0.028200 0.103600 0.136200 0.042600 0.014100 0.042700 0.057300 0.089300 0.088500 0.072100 0.042700 0.028200 0.014000 0.028200 0.028100 0.057600 0.028400 0.073400 0.028200 0.014100 0.043300 0.057200 0.000200 0.057900 0.104800 0.088600 0.042700 0.057700 0.072900 0.057300 0.087600 0.042900 0.057700 0.042700 0.073900 0.042700 0.014000
KillerWhal 0.169300 0.308800 0.152900 0.000000 0.152700 0.169300 0.171100 0.204700 0.169200 0.224200 0.186300 0.187100 0.152400 0.171800 0.172000 0.152800 0.187600 0.224700 0.169300 0.170900 0.169500 0.186500 0.209100 0.225300 0.203800 0.169500 0.152400 0.169200 0.153000 0.185600 0.222800 0.153600 0.207800 0.152400 0.137500 0.172300 0.186300 0.152800 0.188800 0.226400 0.207000 0.169500 0.222900 0.242600 0.186500 0.222500 0.170600 0.188200 0.169900 0.173800 0.204100 0.169200
DefassaWat 0.042400 0.265600 0.028200 0.152700 0.000000 0.042400 0.042900 0.072000 0.042500 0.087800 0.056900 0.057400 0.028000 0.043100 0.043200 0.028100 0.103300 0.136200 0.042400 0.042800 0.042400 0.057100 0.089000 0.057700 0.071700 0.042400 0.028000 0.042500 0.028200 0.056900 0.087300 0.028300 0.073200 0.028000 0.014100 0.043200 0.056900 0.028200 0.057600 0.104400 0.088300 0.042400 0.087400 0.072500 0.057000 0.057100 0.042800 0.057400 0.042500 0.073600 0.072000 0.042500
Sheep 0.000000 0.245200 0.042600 0.169300 0.042400 0.000000 0.057600 0.087000 0.028100 0.072400 0.013900 0.042700 0.013400 0.057900 0.057900 0.042400 0.118900 0.152300 0.000000 0.028300 0.057000 0.014000 0.073400 0.072800 0.028000 0.057000 0.013900 0.028100 0.042600 0.042300 0.072100 0.042700 0.058100 0.013900 0.028300 0.028500 0.013400 0.042600 0.072500 0.088700 0.072900 0.057000 0.072100 0.087700 0.042400 0.072000 0.057500 0.042700 0.028100 0.058400 0.057100 0.028100
MaxwellsDu 0.057600 0.288600 0.043000 0.171100 0.042900 0.057600 0.000000 0.088200 0.057600 0.104100 0.072600 0.072900 0.042900 0.028800 0.058400 0.043000 0.120100 0.153800 0.057600 0.058000 0.057700 0.072700 0.105600 0.104700 0.087900 0.057700 0.042900 0.057600 0.043000 0.072300 0.103600 0.014100 0.089400 0.042900 0.028600 0.058600 0.072600 0.043000 0.073500 0.121500 0.104800 0.057700 0.103700 0.120200 0.072700 0.103800 0.058100 0.073200 0.057800 0.089900 0.057700 0.057600
GazellaPrz 0.087000 0.304000 0.072400 0.204700 0.072000 0.087000 0.088200 0.000000 0.087400 0.135300 0.102300 0.103200 0.071900 0.088500 0.088900 0.042700 0.151500 0.186600 0.087000 0.088100 0.057200 0.102700 0.137300 0.135900 0.118000 0.052200 0.071900 0.087400 0.042800 0.072000 0.134600 0.072600 0.120600 0.071900 0.057800 0.088900 0.102300 0.072400 0.072800 0.153600 0.136100 0.057200 0.134700 0.151600 0.102600 0.134600 0.057800 0.103100 0.087300 0.121400 0.118400 0.087400
MountainNy 0.028100 0.247500 0.014000 0.169200 0.042500 0.028100 0.057600 0.087400 0.000000 0.042900 0.042400 0.042700 0.042400 0.057800 0.058000 0.042600 0.119000 0.152500 0.028100 0.000000 0.057100 0.042500 0.073500 0.072800 0.057100 0.057100 0.042400 0.000000 0.042600 0.013900 0.042600 0.042700 0.058100 0.042400 0.028300 0.028600 0.042400 0.014000 0.072700 0.088700 0.072900 0.057100 0.042700 0.057600 0.042500 0.072200 0.057500 0.042800 0.028200 0.058500 0.028100 0.000000
MuntiacusM 0.072400 0.267400 0.057900 0.224200 0.087800 0.072400 0.104100 0.135300 0.042900 0.000000 0.087600 0.088100 0.087600 0.102800 0.104900 0.087800 0.169800 0.206300 0.072400 0.043300 0.103200 0.087700 0.028200 0.028000 0.103100 0.103200 0.087600 0.042900 0.087900 0.054400 0.000100 0.088200 0.105100 0.087600 0.073100 0.073700 0.087600 0.057800 0.103200 0.057300 0.028000 0.103200 0.000000 0.013900 0.087700 0.119400 0.103800 0.088400 0.072600 0.105900 0.072800 0.042900
goat 0.013500 0.265000 0.057200 0.186300 0.056900 0.013900 0.072600 0.102300 0.042400 0.087600 0.000000 0.057300 0.028000 0.072900 0.072800 0.057000 0.134800 0.168900 0.013400 0.042700 0.071700 0.000000 0.088800 0.088000 0.013900 0.071700 0.028000 0.042400 0.057200 0.056800 0.087100 0.057400 0.073100 0.028000 0.042800 0.043100 0.000000 0.057200 0.087700 0.104300 0.088200 0.071700 0.087200 0.103100 0.056900 0.087000 0.072300 0.057300 0.042400 0.073500 0.071900 0.042400
AfricanBuf 0.042700 0.268000 0.057500 0.187100 0.057400 0.042700 0.072900 0.103200 0.042700 0.088100 0.057300 0.000000 0.057300 0.073200 0.073500 0.057500 0.135600 0.170000 0.042700 0.043100 0.072300 0.057300 0.089300 0.088500 0.072200 0.072300 0.057300 0.042700 0.057500 0.057200 0.087600 0.057700 0.073500 0.057300 0.043000 0.014300 0.057300 0.057500 0.088400 0.104800 0.088600 0.072300 0.087700 0.103700 0.028300 0.087800 0.072800 0.057800 0.042800 0.074000 0.072300 0.042700
Topi 0.013900 0.265000 0.028200 0.152400 0.028000 0.013400 0.042900 0.071900 0.042400 0.087600 0.028000 0.057300 0.000000 0.043100 0.043000 0.028100 0.103100 0.135800 0.013500 0.042700 0.042400 0.028100 0.088800 0.088000 0.042300 0.042400 0.000000 0.042400 0.028200 0.056800 0.087100 0.028300 0.073100 0.000000 0.014000 0.043100 0.028000 0.028100 0.057500 0.104300 0.088200 0.042400 0.087200 0.103100 0.056900 0.087000 0.042700 0.057300 0.042400 0.073500 0.071900 0.042400
CommonDuik 0.057900 0.289700 0.043200 0.171800 0.043100 0.057900 0.028800 0.088500 0.057800 0.102800 0.072900 0.073200 0.043100 0.000000 0.058600 0.043200 0.120500 0.154400 0.057900 0.058200 0.058000 0.073000 0.104900 0.104200 0.088200 0.058000 0.043100 0.057800 0.043200 0.072600 0.102700 0.014200 0.089800 0.043100 0.028700 0.058800 0.072900 0.043200 0.073800 0.121600 0.104400 0.058000 0.102600 0.119900 0.073000 0.104200 0.058300 0.073500 0.058000 0.090300 0.057900 0.057800
Suni 0.057900 0.288800 0.043300 0.172000 0.043200 0.057900 0.058400 0.088900 0.058000 0.104900 0.072800 0.073500 0.043000 0.058600 0.000000 0.043200 0.120800 0.155100 0.057900 0.058600 0.057900 0.072900 0.106300 0.105400 0.058000 0.057900 0.043000 0.058000 0.043200 0.072900 0.104300 0.043400 0.089900 0.043000 0.028800 0.059000 0.072800 0.043200 0.073800 0.122200 0.105400 0.057900 0.104400 0.121000 0.073100 0.104500 0.058400 0.073500 0.058100 0.090600 0.088400 0.058000
Springbuck 0.042400 0.265100 0.028200 0.152800 0.028100 0.042400 0.043000 0.042700 0.042600 0.087800 0.057000 0.057500 0.028100 0.043200 0.043200 0.000000 0.103300 0.136100 0.042400 0.042900 0.014000 0.057200 0.089000 0.088200 0.071800 0.014000 0.028100 0.042600 0.000000 0.057000 0.087300 0.028300 0.073400 0.028100 0.014100 0.043300 0.057000 0.028200 0.028400 0.104500 0.088300 0.014000 0.087400 0.103300 0.057100 0.087300 0.014100 0.057400 0.042500 0.073800 0.072100 0.042600
Okapi 0.118900 0.286500 0.103600 0.187600 0.103300 0.118900 0.120100 0.151500 0.119000 0.169800 0.134800 0.135600 0.103100 0.120500 0.120800 0.103300 0.000000 0.058200 0.118900 0.120000 0.118900 0.135000 0.172400 0.170900 0.151100 0.118900 0.103100 0.119000 0.103300 0.134300 0.168800 0.103800 0.121100 0.103100 0.088400 0.120900 0.134800 0.103400 0.136400 0.189000 0.171000 0.118900 0.169000 0.187200 0.134800 0.168400 0.119500 0.136100 0.119300 0.121700 0.151600 0.119000
Giraffe 0.152300 0.312200 0.136200 0.224700 0.136200 0.152300 0.153800 0.186600 0.152500 0.206300 0.168900 0.170000 0.135800 0.154400 0.155100 0.136100 0.058200 0.000000 0.152300 0.153900 0.152400 0.169100 0.209700 0.207600 0.186100 0.152400 0.135800 0.152500 0.136200 0.168300 0.205000 0.136800 0.155300 0.135800 0.120900 0.155100 0.168900 0.136300 0.171000 0.226700 0.207700 0.152400 0.205200 0.224600 0.169000 0.186700 0.153200 0.170600 0.152900 0.156300 0.186700 0.152500
TibetanAnt 0.000000 0.245200 0.042600 0.169300 0.042400 0.000000 0.057600 0.087000 0.028100 0.072400 0.013400 0.042700 0.013500 0.057900 0.057900 0.042400 0.118900 0.152300 0.000000 0.028300 0.057000 0.014000 0.073400 0.072800 0.028000 0.057000 0.013900 0.028100 0.042600 0.042300 0.072100 0.042700 0.058100 0.013900 0.028300 0.028500 0.013900 0.042600 0.072500 0.088700 0.072900 0.057000 0.072100 0.087700 0.042400 0.072000 0.057500 0.042700 0.028100 0.058400 0.057100 0.028100
Sitatunga 0.028300 0.249900 0.014100 0.170900 0.042800 0.028300 0.058000 0.088100 0.000000 0.043300 0.042700 0.043100 0.042700 0.058200 0.058600 0.042900 0.120000 0.153900 0.028300 0.000000 0.057500 0.042800 0.072900 0.073500 0.057500 0.057500 0.042700 0.000000 0.042900 0.014000 0.043000 0.043000 0.058500 0.042700 0.028100 0.028800 0.042700 0.014100 0.073200 0.089400 0.073500 0.057500 0.043100 0.058200 0.042800 0.057800 0.057900 0.043100 0.028400 0.058900 0.028400 0.000000
Oribi 0.057000 0.285400 0.042700 0.169500 0.042400 0.057000 0.057700 0.057200 0.057100 0.103200 0.071700 0.072300 0.042400 0.058000 0.057900 0.014000 0.118900 0.152400 0.057000 0.057500 0.000000 0.072100 0.104600 0.103700 0.086800 0.026200 0.042400 0.057100 0.014000 0.071700 0.102700 0.042800 0.088700 0.039000 0.028300 0.058100 0.071700 0.042600 0.042900 0.120500 0.103900 0.028100 0.102800 0.119000 0.065400 0.102500 0.028400 0.065300 0.057100 0.089200 0.087100 0.057100
BarbaryShe 0.014000 0.265000 0.057300 0.186500 0.057100 0.014000 0.072700 0.102700 0.042500 0.087700 0.000000 0.057300 0.028100 0.073000 0.072900 0.057200 0.135000 0.169100 0.014000 0.042800 0.072100 0.000000 0.089000 0.088200 0.014000 0.072100 0.028100 0.042500 0.057300 0.056800 0.087300 0.057500 0.073200 0.028100 0.042800 0.043100 0.000000 0.057200 0.088100 0.104500 0.088300 0.072100 0.087300 0.103300 0.057200 0.087400 0.072500 0.057600 0.042600 0.073600 0.072000 0.042500
Daviddeer 0.073400 0.271800 0.089300 0.209100 0.089000 0.073400 0.105600 0.137300 0.073500 0.028200 0.088800 0.089300 0.088800 0.104900 0.106300 0.089000 0.172400 0.209700 0.073400 0.072900 0.104600 0.089000 0.000000 0.028400 0.104600 0.104600 0.088800 0.073500 0.089100 0.087300 0.028100 0.089500 0.106600 0.088800 0.072900 0.074700 0.088800 0.089100 0.104500 0.028100 0.000000 0.104600 0.028100 0.042800 0.088900 0.104900 0.105200 0.089600 0.073600 0.107400 0.104800 0.073500
Reindeer 0.072800 0.269100 0.088500 0.225300 0.057700 0.072800 0.104700 0.135900 0.072800 0.028000 0.088000 0.088500 0.088000 0.104200 0.105400 0.088200 0.170900 0.207600 0.072800 0.073500 0.103700 0.088200 0.028400 0.000000 0.103600 0.103700 0.088000 0.072800 0.088200 0.086800 0.027800 0.088700 0.105500 0.088000 0.073400 0.074000 0.088000 0.088300 0.103600 0.057500 0.028100 0.103700 0.027900 0.013900 0.088100 0.088300 0.104200 0.088800 0.073000 0.106400 0.103800 0.072800
Ibex 0.028000 0.284500 0.072100 0.203800 0.071700 0.028000 0.087900 0.118000 0.057100 0.103100 0.013900 0.072200 0.042300 0.088200 0.058000 0.071800 0.151100 0.186100 0.028000 0.057500 0.086800 0.014000 0.104600 0.103600 0.000000 0.086800 0.042300 0.057100 0.072100 0.071600 0.102600 0.072400 0.088500 0.042300 0.057500 0.058000 0.013900 0.072100 0.103200 0.120200 0.103700 0.086800 0.102700 0.118900 0.071800 0.102400 0.087600 0.072200 0.057100 0.089000 0.087000 0.057100
GyrantGaze 0.057000 0.285400 0.042700 0.169500 0.042400 0.057000 0.057700 0.052200 0.057100 0.103200 0.071700 0.072300 0.042400 0.058000 0.057900 0.014000 0.118900 0.152400 0.057000 0.057500 0.026200 0.072100 0.104600 0.103700 0.086800 0.000000 0.042400 0.057100 0.014000 0.071700 0.102700 0.042800 0.088700 0.042400 0.028300 0.058100 0.071700 0.042600 0.042900 0.120500 0.103900 0.000000 0.102800 0.119000 0.071900 0.102500 0.028400 0.072300 0.057100 0.089200 0.087100 0.057100
Hartebeest 0.013900 0.265000 0.028200 0.152400 0.028000 0.013900 0.042900 0.071900 0.042400 0.087600 0.028000 0.057300 0.000000 0.043100 0.043000 0.028100 0.103100 0.135800 0.013900 0.042700 0.042400 0.028100 0.088800 0.088000 0.042300 0.042400 0.000000 0.042400 0.028200 0.056800 0.087100 0.028300 0.073100 0.000000 0.014000 0.043100 0.028000 0.028100 0.057500 0.104300 0.088200 0.042400 0.087200 0.103100 0.056900 0.087000 0.042700 0.057300 0.042400 0.073500 0.071900 0.042400
Bongo 0.028100 0.247500 0.014000 0.169200 0.042500 0.028100 0.057600 0.087400 0.000000 0.042900 0.042400 0.042700 0.042400 0.057800 0.058000 0.042600 0.119000 0.152500 0.028100 0.000000 0.057100 0.042500 0.073500 0.072800 0.057100 0.057100 0.042400 0.000000 0.042600 0.013900 0.042600 0.042700 0.058100 0.042400 0.028300 0.028600 0.042400 0.014000 0.072700 0.088700 0.072900 0.057100 0.042700 0.057600 0.042500 0.072200 0.057500 0.042800 0.028200 0.058500 0.028100 0.000000
Gerenuk 0.042600 0.265000 0.028200 0.153000 0.028200 0.042600 0.043000 0.042800 0.042600 0.087900 0.057200 0.057500 0.028200 0.043200 0.043200 0.000000 0.103300 0.136200 0.042600 0.042900 0.014000 0.057300 0.089100 0.088200 0.072100 0.014000 0.028200 0.042600 0.000000 0.057000 0.087400 0.028400 0.073400 0.028200 0.014100 0.043300 0.057200 0.028200 0.028500 0.104700 0.088400 0.014000 0.087500 0.103400 0.057300 0.087600 0.014100 0.057600 0.042700 0.073800 0.072100 0.042600
CommonElan 0.042300 0.263000 0.028100 0.185600 0.056900 0.042300 0.072300 0.072000 0.013900 0.054400 0.056800 0.057200 0.056800 0.072600 0.072900 0.057000 0.134300 0.168300 0.042300 0.014000 0.071700 0.056800 0.087300 0.086800 0.071600 0.071700 0.056800 0.013900 0.057000 0.000000 0.054800 0.057200 0.072900 0.056800 0.042700 0.043100 0.056800 0.028100 0.087600 0.103400 0.086900 0.071700 0.054600 0.071100 0.056900 0.087100 0.072200 0.057300 0.042500 0.073300 0.042400 0.013900
MuntiacusR 0.072100 0.265600 0.057600 0.222800 0.087300 0.072100 0.103600 0.134600 0.042600 0.000100 0.087100 0.087600 0.087100 0.102700 0.104300 0.087300 0.168800 0.205000 0.072100 0.043000 0.102700 0.087300 0.028100 0.027800 0.102600 0.102700 0.087100 0.042600 0.087400 0.054800 0.000000 0.087800 0.104500 0.087100 0.072700 0.073200 0.087100 0.057400 0.102600 0.057000 0.027900 0.102700 0.000000 0.013800 0.087200 0.118700 0.103200 0.087900 0.072200 0.105200 0.072300 0.042600
HarveysDui 0.042700 0.267200 0.028400 0.153600 0.028300 0.042700 0.014100 0.072600 0.042700 0.088200 0.057400 0.057700 0.028300 0.014200 0.043400 0.028300 0.103800 0.136800 0.042700 0.043000 0.042800 0.057500 0.089500 0.088700 0.072400 0.042800 0.028300 0.042700 0.028400 0.057200 0.087800 0.000000 0.073700 0.028300 0.014100 0.043400 0.057400 0.028400 0.058100 0.105100 0.088800 0.042800 0.087900 0.103900 0.057500 0.087900 0.043100 0.057900 0.042900 0.074000 0.042800 0.042700
Pronghorn 0.058100 0.289000 0.073400 0.207800 0.073200 0.058100 0.089400 0.120600 0.058100 0.105100 0.073100 0.073500 0.073100 0.089800 0.089900 0.073400 0.121100 0.155300 0.058100 0.058500 0.088700 0.073200 0.106600 0.105500 0.088500 0.088700 0.073100 0.058100 0.073400 0.072900 0.104500 0.073700 0.000000 0.073100 0.058500 0.058500 0.073100 0.073400 0.105500 0.122700 0.105700 0.088700 0.104600 0.121200 0.073300 0.104600 0.089400 0.073700 0.058200 0.086100 0.088600 0.058100
BlueWildeb 0.013900 0.265000 0.028200 0.152400 0.028000 0.013900 0.042900 0.071900 0.042400 0.087600 0.028000 0.057300 0.000000 0.043100 0.043000 0.028100 0.103100 0.135800 0.013900 0.042700 0.039000 0.028100 0.088800 0.088000 0.042300 0.042400 0.000000 0.042400 0.028200 0.056800 0.087100 0.028300 0.073100 0.000000 0.014000 0.043100 0.028000 0.028100 0.057500 0.104300 0.088200 0.042400 0.087200 0.103100 0.056900 0.087000 0.042700 0.057300 0.042400 0.073500 0.071900 0.042400
Gemsbok 0.028300 0.247600 0.014100 0.137500 0.014100 0.028300 0.028600 0.057800 0.028300 0.073100 0.042800 0.043000 0.014000 0.028700 0.028800 0.014100 0.088400 0.120900 0.028300 0.028100 0.028300 0.042800 0.072900 0.073400 0.057500 0.028300 0.014000 0.028300 0.014100 0.042700 0.072700 0.014100 0.058500 0.014000 0.000000 0.028800 0.042800 0.014100 0.043300 0.089400 0.073500 0.028300 0.072800 0.088500 0.042800 0.057800 0.028500 0.043100 0.028400 0.058800 0.057600 0.028300
Yak 0.028500 0.248900 0.043300 0.172300 0.043200 0.028500 0.058600 0.088900 0.028600 0.073700 0.043100 0.014300 0.043100 0.058800 0.059000 0.043300 0.120900 0.155100 0.028500 0.028800 0.058100 0.043100 0.074700 0.074000 0.058000 0.058100 0.043100 0.028600 0.043300 0.043100 0.073200 0.043400 0.058500 0.043100 0.028800 0.000000 0.043100 0.043300 0.074000 0.090300 0.074100 0.058100 0.073300 0.089200 0.014200 0.073500 0.058500 0.043500 0.028600 0.059400 0.058100 0.028600
BlueSheep 0.013900 0.265000 0.057200 0.186300 0.056900 0.013400 0.072600 0.102300 0.042400 0.087600 0.000000 0.057300 0.028000 0.072900 0.072800 0.057000 0.134800 0.168900 0.013900 0.042700 0.071700 0.000000 0.088800 0.088000 0.013900 0.071700 0.028000 0.042400 0.057200 0.056800 0.087100 0.057400 0.073100 0.028000 0.042800 0.043100 0.000000 0.057200 0.087700 0.104300 0.088200 0.071700 0.087200 0.103100 0.056900 0.087000 0.072300 0.057300 0.042400 0.073500 0.071900 0.042400
BohorReedb 0.042600 0.265400 0.000200 0.152800 0.028200 0.042600 0.043000 0.072400 0.014000 0.057800 0.057200 0.057500 0.028100 0.043200 0.043200 0.028200 0.103400 0.136300 0.042600 0.014100 0.042600 0.057200 0.089100 0.088300 0.072100 0.042600 0.028100 0.014000 0.028200 0.028100 0.057400 0.028400 0.073400 0.028100 0.014100 0.043300 0.057200 0.000000 0.057900 0.104600 0.088400 0.042600 0.057500 0.072800 0.057300 0.087600 0.042900 0.057600 0.042700 0.073700 0.042600 0.014000
KirksDik 0.072500 0.269400 0.057900 0.188800 0.057600 0.072500 0.073500 0.072800 0.072700 0.103200 0.087700 0.088400 0.057500 0.073800 0.073800 0.028400 0.136400 0.171000 0.072500 0.073200 0.042900 0.088100 0.104500 0.103600 0.103200 0.042900 0.057500 0.072700 0.028500 0.087600 0.102600 0.058100 0.105500 0.057500 0.043300 0.074000 0.087700 0.057900 0.000000 0.104300 0.103800 0.042900 0.102700 0.118900 0.087900 0.119500 0.043300 0.088400 0.072700 0.106100 0.103600 0.072700
RoeDeer 0.088700 0.290300 0.104800 0.226400 0.104400 0.088700 0.121500 0.153600 0.088700 0.057300 0.104300 0.104800 0.104300 0.121600 0.122200 0.104500 0.189000 0.226700 0.088700 0.089400 0.120500 0.104500 0.028100 0.057500 0.120200 0.120500 0.104300 0.088700 0.104700 0.103400 0.057000 0.105100 0.122700 0.104300 0.089400 0.090300 0.104300 0.104600 0.104300 0.000000 0.027900 0.120500 0.057000 0.072200 0.104400 0.137000 0.089000 0.105200 0.088900 0.123600 0.120500 0.088700
WhiteLippe 0.072900 0.269200 0.088600 0.207000 0.088300 0.072900 0.104800 0.136100 0.072900 0.028000 0.088200 0.088600 0.088200 0.104400 0.105400 0.088300 0.171000 0.207700 0.072900 0.073500 0.103900 0.088300 0.000000 0.028100 0.103700 0.103900 0.088200 0.072900 0.088400 0.086900 0.027900 0.088800 0.105700 0.088200 0.073500 0.074100 0.088200 0.088400 0.103800 0.027900 0.000000 0.103900 0.027900 0.042300 0.088200 0.120100 0.104400 0.088900 0.073000 0.106500 0.104000 0.072900
ThomsonGaz 0.057000 0.285400 0.042700 0.169500 0.042400 0.057000 0.057700 0.057200 0.057100 0.103200 0.071700 0.072300 0.042400 0.058000 0.057900 0.014000 0.118900 0.152400 0.057000 0.057500 0.028100 0.072100 0.104600 0.103700 0.086800 0.000000 0.042400 0.057100 0.014000 0.071700 0.102700 0.042800 0.088700 0.042400 0.028300 0.058100 0.071700 0.042600 0.042900 0.120500 0.103900 0.000000 0.102800 0.119000 0.071900 0.102500 0.028400 0.072300 0.057100 0.089200 0.087100 0.057100
MuntiacusC 0.072100 0.265900 0.057700 0.222900 0.087400 0.072100 0.103700 0.134700 0.042700 0.000000 0.087200 0.087700 0.087200 0.102600 0.104400 0.087400 0.169000 0.205200 0.072100 0.043100 0.102800 0.087300 0.028100 0.027900 0.102700 0.102800 0.087200 0.042700 0.087500 0.054600 0.000000 0.087900 0.104600 0.087200 0.072800 0.073300 0.087200 0.057500 0.102700 0.057000 0.027900 0.102800 0.000000 0.013800 0.087300 0.118800 0.103300 0.088000 0.072300 0.105400 0.072400 0.042700
WhiteTaile 0.087700 0.287200 0.072900 0.242600 0.072500 0.087700 0.120200 0.151600 0.057600 0.013900 0.103100 0.103700 0.103100 0.119900 0.121000 0.103300 0.187200 0.224600 0.087700 0.058200 0.119000 0.103300 0.042800 0.013900 0.118900 0.119000 0.103100 0.057600 0.103400 0.071100 0.013800 0.103900 0.121200 0.103100 0.088500 0.089200 0.103100 0.072800 0.118900 0.072200 0.042300 0.119000 0.013800 0.000000 0.103200 0.103400 0.119600 0.104000 0.088000 0.122100 0.088000 0.057600
Cattle 0.042400 0.226300 0.057300 0.186500 0.057000 0.042400 0.072700 0.102600 0.042500 0.087700 0.056900 0.028300 0.056900 0.073000 0.073100 0.057100 0.134800 0.169000 0.042400 0.042800 0.065400 0.057200 0.088900 0.088100 0.071800 0.071900 0.056900 0.042500 0.057300 0.056900 0.087200 0.057500 0.073300 0.056900 0.042800 0.014200 0.056900 0.057300 0.087900 0.104400 0.088200 0.071900 0.087300 0.103200 0.000000 0.087200 0.072600 0.057400 0.042500 0.073700 0.072000 0.042500
RoyalAntel 0.072000 0.305900 0.087600 0.222500 0.057100 0.072000 0.103800 0.134600 0.072200 0.119400 0.087000 0.087800 0.087000 0.104200 0.104500 0.087300 0.168400 0.186700 0.072000 0.057800 0.102500 0.087400 0.104900 0.088300 0.102400 0.102500 0.087000 0.072200 0.087600 0.087100 0.118700 0.087900 0.104600 0.087000 0.057800 0.073500 0.087000 0.087600 0.119500 0.137000 0.120100 0.102500 0.118800 0.103400 0.087200 0.000000 0.103500 0.087700 0.072200 0.105200 0.102800 0.072200
Steenbok 0.057500 0.286700 0.042900 0.170600 0.042800 0.057500 0.058100 0.057800 0.057500 0.103800 0.072300 0.072800 0.042700 0.058300 0.058400 0.014100 0.119500 0.153200 0.057500 0.057900 0.028400 0.072500 0.105200 0.104200 0.087600 0.028400 0.042700 0.057500 0.014100 0.072200 0.103200 0.043100 0.089400 0.042700 0.028500 0.058500 0.072300 0.042900 0.043300 0.089000 0.104400 0.028400 0.103300 0.119600 0.072600 0.103500 0.000000 0.072900 0.057600 0.089700 0.087700 0.057500
Impala 0.042700 0.268000 0.057700 0.188200 0.057400 0.042700 0.073200 0.103100 0.042800 0.088400 0.057300 0.057800 0.057300 0.073500 0.073500 0.057400 0.136100 0.170600 0.042700 0.043100 0.065300 0.057600 0.089600 0.088800 0.072200 0.072300 0.057300 0.042800 0.057600 0.057300 0.087900 0.057900 0.073700 0.057300 0.043100 0.043500 0.057300 0.057600 0.088400 0.105200 0.088900 0.072300 0.088000 0.104000 0.057400 0.087700 0.072900 0.000000 0.042800 0.074200 0.072500 0.042800
Klipspring 0.028100 0.246100 0.042700 0.169900 0.042500 0.028100 0.057800 0.087300 0.028200 0.072600 0.042400 0.042800 0.042400 0.058000 0.058100 0.042500 0.119300 0.152900 0.028100 0.028400 0.057100 0.042600 0.073600 0.073000 0.057100 0.057100 0.042400 0.028200 0.042700 0.042500 0.072200 0.042900 0.058200 0.042400 0.028400 0.028600 0.042400 0.042700 0.072700 0.088900 0.073000 0.057100 0.072300 0.088000 0.042500 0.072200 0.057600 0.042800 0.000000 0.058500 0.057300 0.028200
ForestMusk 0.058400 0.235700 0.073900 0.173800 0.073600 0.058400 0.089900 0.121400 0.058500 0.105900 0.073500 0.074000 0.073500 0.090300 0.090600 0.073800 0.121700 0.156300 0.058400 0.058900 0.089200 0.073600 0.107400 0.106400 0.089000 0.089200 0.073500 0.058500 0.073800 0.073300 0.105200 0.074000 0.086100 0.073500 0.058800 0.059400 0.073500 0.073700 0.106100 0.123600 0.106500 0.089200 0.105400 0.122100 0.073700 0.105200 0.089700 0.074200 0.058500 0.000000 0.089200 0.058500
Bushbuck 0.057100 0.287800 0.042700 0.204100 0.072000 0.057100 0.057700 0.118400 0.028100 0.072800 0.071900 0.072300 0.071900 0.057900 0.088400 0.072100 0.151600 0.186700 0.057100 0.028400 0.087100 0.072000 0.104800 0.103800 0.087000 0.087100 0.071900 0.028100 0.072100 0.042400 0.072300 0.042800 0.088600 0.071900 0.057600 0.058100 0.071900 0.042600 0.103600 0.120500 0.104000 0.087100 0.072400 0.088000 0.072000 0.102800 0.087700 0.072500 0.057300 0.089200 0.000000 0.028100
GreaterKud 0.028100 0.247500 0.014000 0.169200 0.042500 0.028100 0.057600 0.087400 0.000000 0.042900 0.042400 0.042700 0.042400 0.057800 0.058000 0.042600 0.119000 0.152500 0.028100 0.000000 0.057100 0.042500 0.073500 0.072800 0.057100 0.057100 0.042400 0.000000 0.042600 0.013900 0.042600 0.042700 0.058100 0.042400 0.028300 0.028600 0.042400 0.014000 0.072700 0.088700 0.072900 0.057100 0.042700 0.057600 0.042500 0.072200 0.057500 0.042800 0.028200 0.058500 0.028100 0.000000
