1
52 1
Argali 0.000000 0.320800 0.087000 0.195600 0.067000 0.018000 0.066500 0.046800 0.087700 0.183900 0.018500 0.087100 0.057100 0.046900 0.066500 0.105100 0.106000 0.086000 0.056400 0.076900 0.105100 0.027900 0.161000 0.170800 0.047600 0.094900 0.057100 0.097800 0.105500 0.106500 0.160500 0.046900 0.175300 0.076300 0.095800 0.107500 0.037700 0.067200 0.067400 0.139800 0.171800 0.075700 0.182300 0.261500 0.107500 0.086100 0.097000 0.056800 0.076900 0.087900 0.076600 0.077500
LesserMous 0.320800 0.000000 0.275400 0.250900 0.277700 0.346800 0.316000 0.274900 0.276300 0.288700 0.304100 0.250500 0.291500 0.300100 0.275800 0.321300 0.247600 0.224600 0.306100 0.263000 0.284000 0.307700 0.289200 0.275000 0.311500 0.326200 0.291500 0.289500 0.337000 0.273500 0.288000 0.275700 0.344900 0.287200 0.314600 0.249900 0.310200 0.253900 0.303400 0.287300 0.301500 0.328500 0.314900 0.320800 0.249900 0.276200 0.331100 0.302000 0.316000 0.314700 0.262000 0.265200
LesserKudu 0.087000 0.275400 0.000000 0.148200 0.076000 0.086900 0.066000 0.055800 0.018400 0.126500 0.066500 0.037000 0.066200 0.055900 0.037100 0.094300 0.055300 0.036500 0.066700 0.009100 0.084400 0.076700 0.105500 0.093900 0.097900 0.075500 0.066200 0.027700 0.084600 0.036700 0.105300 0.055900 0.138000 0.065900 0.085100 0.056000 0.087600 0.076200 0.075900 0.085800 0.115800 0.075900 0.124800 0.172300 0.056000 0.095100 0.076100 0.056100 0.075900 0.056400 0.009100 0.009100
KillerWhal 0.195600 0.250900 0.148200 0.000000 0.159600 0.195600 0.149300 0.158300 0.149500 0.215700 0.180800 0.148400 0.171200 0.137500 0.137700 0.201200 0.125400 0.105200 0.172800 0.137600 0.147100 0.180900 0.204000 0.192000 0.182700 0.181000 0.171200 0.159900 0.190800 0.168900 0.203300 0.158700 0.214000 0.170500 0.170100 0.170000 0.197100 0.159900 0.171000 0.181900 0.192700 0.182000 0.227400 0.245900 0.170000 0.180800 0.183000 0.159300 0.170900 0.168600 0.137100 0.138700
DefassaWat 0.067000 0.277700 0.076000 0.159600 0.000000 0.086900 0.065900 0.036800 0.076600 0.170700 0.047100 0.076100 0.046800 0.055800 0.056100 0.104100 0.094900 0.075200 0.066600 0.066200 0.094100 0.057000 0.148500 0.157900 0.077600 0.075300 0.046800 0.086500 0.094400 0.095300 0.148100 0.055800 0.184100 0.065700 0.065400 0.096100 0.067500 0.018400 0.066700 0.127600 0.159200 0.075800 0.169200 0.221200 0.096100 0.075300 0.086000 0.065800 0.066100 0.096900 0.065900 0.066700
Sheep 0.018000 0.346800 0.086900 0.195600 0.086900 0.000000 0.066500 0.066100 0.087700 0.183900 0.037300 0.087100 0.076800 0.046900 0.066500 0.105100 0.085900 0.086000 0.056400 0.076900 0.105100 0.047000 0.161000 0.170800 0.047500 0.094900 0.076800 0.097800 0.105400 0.106500 0.160500 0.046800 0.197800 0.076300 0.095800 0.107400 0.037700 0.087200 0.087500 0.139800 0.171800 0.075700 0.182300 0.261400 0.107400 0.106100 0.097000 0.056800 0.097000 0.087800 0.076600 0.077500
MaxwellsDu 0.066500 0.316000 0.066000 0.149300 0.065900 0.066500 0.000000 0.046100 0.066500 0.159500 0.046800 0.065900 0.056200 0.027500 0.046400 0.094000 0.084800 0.065400 0.046900 0.056300 0.064700 0.056700 0.137600 0.147100 0.077000 0.065500 0.056200 0.076200 0.084200 0.085300 0.137300 0.046200 0.194500 0.056000 0.065200 0.085500 0.067000 0.066300 0.076200 0.117000 0.148300 0.065800 0.158200 0.232100 0.085500 0.084600 0.065900 0.056000 0.056200 0.086500 0.056100 0.056700
GazellaPrz 0.046800 0.274900 0.055800 0.158300 0.036800 0.066100 0.046100 0.000000 0.056200 0.147200 0.027600 0.055900 0.027500 0.036500 0.036600 0.064300 0.074400 0.055300 0.046600 0.046300 0.054900 0.037200 0.125900 0.134900 0.056900 0.036600 0.027500 0.065800 0.055000 0.074800 0.125500 0.036500 0.170000 0.046000 0.064700 0.075200 0.047100 0.036900 0.027700 0.105700 0.136300 0.036800 0.146000 0.217800 0.075200 0.036500 0.046400 0.045800 0.046200 0.075800 0.046100 0.046600
MountainNy 0.087700 0.276300 0.018400 0.149500 0.076600 0.087700 0.066500 0.056200 0.000000 0.126000 0.067100 0.025500 0.056800 0.056400 0.037300 0.093800 0.055600 0.036800 0.067200 0.009200 0.084100 0.077400 0.106400 0.094400 0.098800 0.076100 0.056800 0.009200 0.085300 0.036900 0.106200 0.056300 0.139200 0.066400 0.085800 0.045200 0.086000 0.076800 0.076500 0.086400 0.116800 0.076500 0.126000 0.174000 0.045200 0.095900 0.076700 0.056500 0.076500 0.056900 0.009100 0.009200
MuntiacusM 0.183900 0.288700 0.126500 0.215700 0.170700 0.183900 0.159500 0.147200 0.126000 0.000000 0.170000 0.105800 0.159800 0.147600 0.126900 0.167100 0.124800 0.104700 0.161200 0.116200 0.156400 0.172500 0.055300 0.104800 0.174500 0.169500 0.159800 0.137800 0.179000 0.125800 0.036400 0.126600 0.215800 0.136200 0.156900 0.105800 0.173900 0.171000 0.170400 0.073600 0.084200 0.170500 0.055400 0.171100 0.105800 0.191000 0.171300 0.148200 0.181400 0.158000 0.115700 0.117000
goat 0.018500 0.304100 0.066500 0.180800 0.047100 0.037300 0.046800 0.027600 0.067100 0.170000 0.000000 0.066600 0.037500 0.027700 0.046800 0.084600 0.093300 0.072200 0.037000 0.056700 0.084700 0.009200 0.148200 0.137800 0.028100 0.075000 0.037500 0.076900 0.084900 0.085800 0.146700 0.027700 0.184000 0.056300 0.075400 0.086500 0.018600 0.047200 0.047400 0.127200 0.159200 0.075500 0.149200 0.222900 0.086500 0.065900 0.076400 0.056400 0.056800 0.086900 0.056600 0.057200
AfricanBuf 0.087100 0.250500 0.037000 0.148400 0.076100 0.087100 0.065900 0.055900 0.025500 0.105800 0.066600 0.000000 0.056500 0.056000 0.037100 0.074500 0.055300 0.036600 0.066800 0.027600 0.064700 0.076900 0.105600 0.114900 0.098100 0.075600 0.056500 0.037000 0.084400 0.055700 0.105400 0.056000 0.160000 0.064400 0.085100 0.018100 0.077500 0.076000 0.076000 0.084900 0.115900 0.076000 0.125200 0.195000 0.017600 0.094900 0.075900 0.056100 0.086000 0.056500 0.027500 0.027800
Topi 0.057100 0.291500 0.066200 0.171200 0.046800 0.076800 0.056200 0.027500 0.056800 0.159800 0.037500 0.056500 0.000000 0.046300 0.046500 0.084400 0.085000 0.065500 0.056800 0.056400 0.074600 0.047200 0.137900 0.147000 0.067500 0.056000 0.000000 0.066500 0.074900 0.085400 0.137500 0.046300 0.172900 0.037000 0.055800 0.076000 0.057500 0.046900 0.056800 0.117200 0.148500 0.056300 0.158400 0.232900 0.076000 0.065600 0.076100 0.056100 0.056400 0.086700 0.056200 0.056900
CommonDuik 0.046900 0.300100 0.055900 0.137500 0.055800 0.046900 0.027500 0.036500 0.056400 0.147600 0.027700 0.056000 0.046300 0.000000 0.036700 0.083700 0.074500 0.055400 0.046700 0.046400 0.055000 0.037300 0.126100 0.135200 0.057000 0.055500 0.046300 0.066000 0.074200 0.074900 0.125900 0.018100 0.181900 0.046100 0.064900 0.075400 0.047200 0.056000 0.066000 0.105900 0.136600 0.055800 0.146100 0.218300 0.075400 0.074600 0.065700 0.046100 0.046300 0.076000 0.046200 0.046700
Suni 0.066500 0.275800 0.037100 0.137700 0.056100 0.066500 0.046400 0.036600 0.037300 0.126900 0.046800 0.037100 0.046500 0.036700 0.000000 0.084000 0.055500 0.036600 0.046900 0.027700 0.074300 0.056600 0.105900 0.114300 0.077000 0.055700 0.046500 0.046800 0.074500 0.055800 0.105700 0.036700 0.170500 0.046300 0.065100 0.056200 0.067000 0.056200 0.066200 0.086100 0.116200 0.056000 0.125200 0.195800 0.056200 0.074900 0.065900 0.046200 0.065700 0.056600 0.027600 0.027900
Springbuck 0.105100 0.321300 0.094300 0.201200 0.104100 0.105100 0.094000 0.064300 0.093800 0.167100 0.084600 0.074500 0.084400 0.083700 0.084000 0.000000 0.113000 0.093300 0.085000 0.084400 0.045000 0.095000 0.166900 0.176500 0.116100 0.054800 0.084400 0.104800 0.045200 0.113800 0.166700 0.083600 0.225000 0.082600 0.103300 0.094200 0.095600 0.104200 0.065300 0.145300 0.178000 0.055100 0.187900 0.262300 0.094200 0.103300 0.074800 0.074100 0.114000 0.115200 0.084100 0.085000
Okapi 0.106000 0.247600 0.055300 0.125400 0.094900 0.085900 0.084800 0.074400 0.055600 0.124800 0.093300 0.055300 0.085000 0.074500 0.055500 0.113000 0.000000 0.017900 0.085700 0.045900 0.083600 0.095800 0.104200 0.114000 0.076800 0.094200 0.085000 0.065200 0.103400 0.074100 0.104000 0.074500 0.136400 0.084500 0.084300 0.074500 0.086500 0.095000 0.094700 0.084500 0.114300 0.094800 0.124800 0.192700 0.074500 0.074600 0.095100 0.074700 0.104800 0.082600 0.045700 0.053700
Giraffe 0.086000 0.224600 0.036500 0.105200 0.075200 0.086000 0.065400 0.055300 0.036800 0.104700 0.072200 0.036600 0.065500 0.055400 0.036600 0.093300 0.017900 0.000000 0.066000 0.027300 0.064500 0.076000 0.084600 0.094200 0.076800 0.074800 0.065500 0.046200 0.083900 0.055100 0.084400 0.055400 0.114600 0.065200 0.065100 0.055400 0.086500 0.075400 0.075100 0.065200 0.094500 0.075200 0.104700 0.170800 0.055400 0.074700 0.075500 0.055600 0.085000 0.061600 0.027200 0.033100
TibetanAnt 0.056400 0.306100 0.066700 0.172800 0.066600 0.056400 0.046900 0.046600 0.067200 0.161200 0.037000 0.066800 0.056800 0.046700 0.046900 0.085000 0.085700 0.066000 0.000000 0.056900 0.085100 0.046700 0.139100 0.148100 0.066700 0.075200 0.056800 0.077100 0.085300 0.086100 0.138700 0.046700 0.196900 0.056500 0.075800 0.086700 0.056800 0.066800 0.067100 0.118200 0.149800 0.075600 0.159400 0.235000 0.086700 0.085700 0.076800 0.056600 0.076500 0.087500 0.056700 0.057300
Sitatunga 0.076900 0.263000 0.009100 0.137600 0.066200 0.076900 0.056300 0.046300 0.009200 0.116200 0.056700 0.027600 0.056400 0.046400 0.027700 0.084400 0.045900 0.027300 0.056900 0.000000 0.074700 0.066800 0.095500 0.083900 0.087700 0.065700 0.056400 0.018300 0.074900 0.027300 0.095300 0.046400 0.127500 0.056200 0.075300 0.046400 0.077500 0.066300 0.066100 0.075800 0.105600 0.066100 0.114700 0.161100 0.046400 0.085200 0.066200 0.046500 0.066100 0.046800 0.000100 0.000100
Oribi 0.105100 0.284000 0.084400 0.147100 0.094100 0.105100 0.064700 0.054900 0.084100 0.156400 0.084700 0.064700 0.074600 0.055000 0.074300 0.045000 0.083600 0.064500 0.085100 0.074700 0.000000 0.095000 0.156200 0.165800 0.116100 0.054900 0.074600 0.094700 0.054300 0.103900 0.156100 0.074000 0.191100 0.073100 0.074100 0.084100 0.095600 0.093900 0.075000 0.135000 0.167300 0.055100 0.177100 0.250000 0.084100 0.073900 0.065000 0.064600 0.084200 0.105000 0.074400 0.075200
BarbaryShe 0.027900 0.307700 0.076700 0.180900 0.057000 0.047000 0.056700 0.037200 0.077400 0.172500 0.009200 0.076900 0.047200 0.037300 0.056600 0.095000 0.095800 0.076000 0.046700 0.066800 0.095000 0.000000 0.150000 0.159200 0.037800 0.085100 0.047200 0.087400 0.095300 0.096200 0.149600 0.037200 0.186200 0.066300 0.085700 0.097000 0.028100 0.057200 0.057400 0.128900 0.160800 0.085700 0.170700 0.248000 0.097000 0.076000 0.086900 0.066400 0.066800 0.097900 0.066600 0.067300
Daviddeer 0.161000 0.289200 0.105500 0.204000 0.148500 0.161000 0.137600 0.125900 0.106400 0.055300 0.148200 0.105600 0.137900 0.126100 0.105900 0.166900 0.104200 0.084600 0.139100 0.095500 0.156200 0.150000 0.000000 0.065200 0.151800 0.147300 0.137900 0.116500 0.156900 0.125400 0.018000 0.126100 0.193300 0.137200 0.135400 0.126100 0.162200 0.148600 0.148300 0.036900 0.027200 0.148200 0.036500 0.128500 0.126100 0.168400 0.149100 0.126700 0.159400 0.115600 0.095100 0.096100
Reindeer 0.170800 0.275000 0.093900 0.192000 0.157900 0.170800 0.147100 0.134900 0.094400 0.104800 0.137800 0.114900 0.147000 0.135200 0.114300 0.176500 0.114000 0.094200 0.148100 0.083900 0.165800 0.159200 0.065200 0.000000 0.161000 0.156700 0.147000 0.104700 0.166400 0.113600 0.065000 0.135200 0.159300 0.146100 0.167200 0.135600 0.172100 0.158400 0.157700 0.046200 0.094600 0.157700 0.065200 0.066800 0.135600 0.178200 0.158500 0.135800 0.157300 0.106000 0.083600 0.084200
Ibex 0.047600 0.311500 0.097900 0.182700 0.077600 0.047500 0.077000 0.056900 0.098800 0.174500 0.028100 0.098100 0.067500 0.057000 0.077000 0.116100 0.076800 0.076800 0.066700 0.087700 0.116100 0.037800 0.151800 0.161000 0.000000 0.106000 0.067500 0.109100 0.116500 0.117700 0.151200 0.056900 0.188500 0.086900 0.106800 0.118800 0.028500 0.077800 0.078200 0.130300 0.162400 0.106900 0.172600 0.251600 0.118800 0.096900 0.108300 0.087200 0.087700 0.120000 0.087300 0.088400
GyrantGaze 0.094900 0.326200 0.075500 0.181000 0.075300 0.094900 0.065500 0.036600 0.076100 0.169500 0.075000 0.075600 0.056000 0.055500 0.055700 0.054800 0.094200 0.074800 0.075200 0.065700 0.054900 0.085100 0.147300 0.156700 0.106000 0.000000 0.056000 0.085800 0.055000 0.094800 0.147100 0.055500 0.204700 0.055800 0.074600 0.095400 0.095500 0.075500 0.056300 0.126800 0.158200 0.018000 0.167900 0.242500 0.095400 0.074700 0.065800 0.065300 0.085100 0.096100 0.065500 0.066200
Hartebeest 0.057100 0.291500 0.066200 0.171200 0.046800 0.076800 0.056200 0.027500 0.056800 0.159800 0.037500 0.056500 0.000000 0.046300 0.046500 0.084400 0.085000 0.065500 0.056800 0.056400 0.074600 0.047200 0.137900 0.147000 0.067500 0.056000 0.000000 0.066500 0.074900 0.085400 0.137500 0.046300 0.172900 0.037000 0.055800 0.076000 0.057500 0.046900 0.056800 0.117200 0.148500 0.056300 0.158400 0.232900 0.076000 0.065600 0.076100 0.056100 0.056400 0.086700 0.056200 0.056900
Bongo 0.097800 0.289500 0.027700 0.159900 0.086500 0.097800 0.076200 0.065800 0.009200 0.137800 0.076900 0.037000 0.066500 0.066000 0.046800 0.104800 0.065200 0.046200 0.077100 0.018300 0.094700 0.087400 0.116500 0.104700 0.109100 0.085800 0.066500 0.000000 0.095000 0.046100 0.116200 0.065900 0.149600 0.076100 0.095600 0.056000 0.098500 0.086700 0.086400 0.096300 0.126800 0.086400 0.136400 0.184900 0.056000 0.105800 0.086500 0.066200 0.086400 0.066600 0.018300 0.018500
Gerenuk 0.105500 0.337000 0.084600 0.190800 0.094400 0.105400 0.084200 0.055000 0.085300 0.179000 0.084900 0.084400 0.074900 0.074200 0.074500 0.045200 0.103400 0.083900 0.085300 0.074900 0.054300 0.095300 0.156900 0.166400 0.116500 0.055000 0.074900 0.095000 0.000000 0.104100 0.156600 0.074200 0.191700 0.074700 0.093700 0.104300 0.106200 0.094200 0.075200 0.136200 0.167800 0.055300 0.177700 0.252200 0.104300 0.093400 0.065100 0.045800 0.104300 0.105400 0.074600 0.075400
CommonElan 0.106500 0.273500 0.036700 0.168900 0.095300 0.106500 0.085300 0.074800 0.036900 0.125800 0.085800 0.055700 0.085400 0.074900 0.055800 0.113800 0.074100 0.055100 0.086100 0.027300 0.103900 0.096200 0.125400 0.113600 0.117700 0.094800 0.085400 0.046100 0.104100 0.000000 0.104900 0.055600 0.158200 0.065600 0.104600 0.055700 0.107200 0.095500 0.095200 0.105300 0.135900 0.095300 0.124400 0.192900 0.055700 0.114700 0.095700 0.075100 0.095200 0.075500 0.027300 0.027600
MuntiacusR 0.160500 0.288000 0.105300 0.203300 0.148100 0.160500 0.137300 0.125500 0.106200 0.036400 0.146700 0.105400 0.137500 0.125900 0.105700 0.166700 0.104000 0.084400 0.138700 0.095300 0.156100 0.149600 0.018000 0.065000 0.151200 0.147100 0.137500 0.116200 0.156600 0.104900 0.000000 0.105400 0.202900 0.116200 0.135100 0.105500 0.161800 0.148300 0.147800 0.036800 0.045700 0.147900 0.018000 0.128100 0.105500 0.168100 0.148800 0.126400 0.158500 0.114000 0.094900 0.095900
HarveysDui 0.046900 0.275700 0.055900 0.158700 0.055800 0.046800 0.046200 0.036500 0.056300 0.126600 0.027700 0.056000 0.046300 0.018100 0.036700 0.083600 0.074500 0.055400 0.046700 0.046400 0.074000 0.037200 0.126100 0.135200 0.056900 0.055500 0.046300 0.065900 0.074200 0.055600 0.105400 0.000000 0.181800 0.027400 0.064800 0.056000 0.047200 0.055900 0.065900 0.105900 0.136600 0.055800 0.124900 0.218300 0.056000 0.074500 0.065700 0.046100 0.065400 0.075900 0.046200 0.046700
Pronghorn 0.175300 0.344900 0.138000 0.214000 0.184100 0.197800 0.194500 0.170000 0.139200 0.215800 0.184000 0.160000 0.172900 0.181900 0.170500 0.225000 0.136400 0.114600 0.196900 0.127500 0.191100 0.186200 0.193300 0.159300 0.188500 0.204700 0.172900 0.149600 0.191700 0.158200 0.202900 0.181800 0.000000 0.194100 0.193400 0.182000 0.199600 0.184500 0.183600 0.171400 0.204500 0.183600 0.227400 0.234000 0.182000 0.182300 0.206700 0.149100 0.194200 0.171100 0.127000 0.128500
BlueWildeb 0.076300 0.287200 0.065900 0.170500 0.065700 0.076300 0.056000 0.046000 0.066400 0.136200 0.056300 0.064400 0.037000 0.046100 0.046300 0.082600 0.084500 0.065200 0.056500 0.056200 0.073100 0.066300 0.137200 0.146100 0.086900 0.055800 0.037000 0.076100 0.074700 0.065600 0.116200 0.027400 0.194100 0.000000 0.055600 0.044700 0.073900 0.065800 0.076100 0.116800 0.148100 0.056000 0.136200 0.230800 0.044700 0.084700 0.075900 0.055800 0.075400 0.086300 0.056000 0.056600
Gemsbok 0.095800 0.314600 0.085100 0.170100 0.065400 0.095800 0.065200 0.064700 0.085800 0.156900 0.075400 0.085100 0.055800 0.064900 0.065100 0.103300 0.084300 0.065100 0.075800 0.075300 0.074100 0.085700 0.135400 0.167200 0.106800 0.074600 0.055800 0.095600 0.093700 0.104600 0.135100 0.064800 0.193400 0.055600 0.000000 0.105200 0.096500 0.085000 0.095600 0.137000 0.146000 0.075000 0.155500 0.217800 0.105200 0.084300 0.075400 0.074800 0.094700 0.106000 0.075000 0.075800
Yak 0.107500 0.249900 0.056000 0.170000 0.096100 0.107400 0.085500 0.075200 0.045200 0.105800 0.086500 0.018100 0.076000 0.075400 0.056200 0.094200 0.074500 0.055400 0.086700 0.046400 0.084100 0.097000 0.126100 0.135600 0.118800 0.095400 0.076000 0.056000 0.104300 0.055700 0.105500 0.056000 0.182000 0.044700 0.105200 0.000000 0.097800 0.095900 0.095900 0.105200 0.136700 0.096000 0.125200 0.217600 0.000000 0.115100 0.095900 0.075600 0.106200 0.076100 0.046300 0.046800
BlueSheep 0.037700 0.310200 0.087600 0.197100 0.067500 0.037700 0.067000 0.047100 0.086000 0.173900 0.018600 0.077500 0.057500 0.047200 0.067000 0.095600 0.086500 0.086500 0.056800 0.077500 0.095600 0.028100 0.162200 0.172100 0.028500 0.095500 0.057500 0.098500 0.106200 0.107200 0.161800 0.047200 0.199600 0.073900 0.096500 0.097800 0.000000 0.067700 0.067900 0.139000 0.173100 0.096200 0.183800 0.261800 0.097800 0.086700 0.097700 0.077000 0.077500 0.109200 0.077200 0.078100
BohorReedb 0.067200 0.253900 0.076200 0.159900 0.018400 0.087200 0.066300 0.036900 0.076800 0.171000 0.047200 0.076000 0.046900 0.056000 0.056200 0.104200 0.095000 0.075400 0.066800 0.066300 0.093900 0.057200 0.148600 0.158400 0.077800 0.075500 0.046900 0.086700 0.094200 0.095500 0.148300 0.055900 0.184500 0.065800 0.085000 0.095900 0.067700 0.000000 0.066800 0.127900 0.159300 0.076000 0.169600 0.246100 0.095900 0.075200 0.085800 0.065900 0.066300 0.097100 0.066100 0.066800
KirksDik 0.067400 0.303400 0.075900 0.171000 0.066700 0.087500 0.076200 0.027700 0.076500 0.170400 0.047400 0.076000 0.056800 0.066000 0.066200 0.065300 0.094700 0.075100 0.067100 0.066100 0.075000 0.057400 0.148300 0.157700 0.078200 0.056300 0.056800 0.086400 0.075200 0.095200 0.147800 0.065900 0.183600 0.076100 0.095600 0.095900 0.067900 0.066800 0.000000 0.127500 0.158900 0.056700 0.168900 0.244700 0.095900 0.066100 0.066600 0.066200 0.076600 0.096800 0.065900 0.066600
RoeDeer 0.139800 0.287300 0.085800 0.181900 0.127600 0.139800 0.117000 0.105700 0.086400 0.073600 0.127200 0.084900 0.117200 0.105900 0.086100 0.145300 0.084500 0.065200 0.118200 0.075800 0.135000 0.128900 0.036900 0.046200 0.130300 0.126800 0.117200 0.096300 0.136200 0.105300 0.036800 0.105900 0.171400 0.116800 0.137000 0.105200 0.139000 0.127900 0.127500 0.000000 0.046300 0.127500 0.056000 0.118000 0.105200 0.147500 0.127900 0.106300 0.138100 0.095300 0.075600 0.076400
WhiteLippe 0.171800 0.301500 0.115800 0.192700 0.159200 0.171800 0.148300 0.136300 0.116800 0.084200 0.159200 0.115900 0.148500 0.136600 0.116200 0.178000 0.114300 0.094500 0.149800 0.105600 0.167300 0.160800 0.027200 0.094600 0.162400 0.158200 0.148500 0.126800 0.167800 0.135900 0.045700 0.136600 0.204500 0.148100 0.146000 0.136700 0.173100 0.159300 0.158900 0.046300 0.000000 0.159000 0.064900 0.160700 0.136700 0.179400 0.160000 0.137200 0.169800 0.126500 0.105200 0.106400
ThomsonGaz 0.075700 0.328500 0.075900 0.182000 0.075800 0.075700 0.065800 0.036800 0.076500 0.170500 0.075500 0.076000 0.056300 0.055800 0.056000 0.055100 0.094800 0.075200 0.075600 0.066100 0.055100 0.085700 0.148200 0.157700 0.106900 0.018000 0.056300 0.086400 0.055300 0.095300 0.147900 0.055800 0.183600 0.056000 0.075000 0.096000 0.096200 0.076000 0.056700 0.127500 0.159000 0.000000 0.168900 0.244500 0.096000 0.075100 0.066200 0.046500 0.085700 0.076600 0.065900 0.066600
MuntiacusC 0.182300 0.314900 0.124800 0.227400 0.169200 0.182300 0.158200 0.146000 0.126000 0.055400 0.149200 0.125200 0.158400 0.146100 0.125200 0.187900 0.124800 0.104700 0.159400 0.114700 0.177100 0.170700 0.036500 0.065200 0.172600 0.167900 0.158400 0.136400 0.177700 0.124400 0.018000 0.124900 0.227400 0.136200 0.155500 0.125200 0.183800 0.169600 0.168900 0.056000 0.064900 0.168900 0.000000 0.128600 0.125200 0.189700 0.170000 0.147000 0.180200 0.116800 0.114000 0.115100
WhiteTaile 0.261500 0.320800 0.172300 0.245900 0.221200 0.261400 0.232100 0.217800 0.174000 0.171100 0.222900 0.195000 0.232900 0.218300 0.195800 0.262300 0.192700 0.170800 0.235000 0.161100 0.250000 0.248000 0.128500 0.066800 0.251600 0.242500 0.232900 0.184900 0.252200 0.192900 0.128100 0.218300 0.234000 0.230800 0.217800 0.217600 0.261800 0.246100 0.244700 0.118000 0.160700 0.244500 0.128600 0.000000 0.217600 0.266200 0.244900 0.219500 0.244500 0.186200 0.160500 0.162300
Cattle 0.107500 0.249900 0.056000 0.170000 0.096100 0.107400 0.085500 0.075200 0.045200 0.105800 0.086500 0.017600 0.076000 0.075400 0.056200 0.094200 0.074500 0.055400 0.086700 0.046400 0.084100 0.097000 0.126100 0.135600 0.118800 0.095400 0.076000 0.056000 0.104300 0.055700 0.105500 0.056000 0.182000 0.044700 0.105200 0.000000 0.097800 0.095900 0.095900 0.105200 0.136700 0.096000 0.125200 0.217600 0.000000 0.115100 0.095900 0.075600 0.106200 0.076100 0.046300 0.046800
RoyalAntel 0.086100 0.276200 0.095100 0.180800 0.075300 0.106100 0.084600 0.036500 0.095900 0.191000 0.065900 0.094900 0.065600 0.074600 0.074900 0.103300 0.074600 0.074700 0.085700 0.085200 0.073900 0.076000 0.168400 0.178200 0.096900 0.074700 0.065600 0.105800 0.093400 0.114700 0.168100 0.074500 0.182300 0.084700 0.084300 0.115100 0.086700 0.075200 0.066100 0.147500 0.179400 0.075100 0.189700 0.266200 0.115100 0.000000 0.085100 0.084700 0.085100 0.116300 0.084900 0.085800
Steenbok 0.097000 0.331100 0.076100 0.183000 0.086000 0.097000 0.065900 0.046400 0.076700 0.171300 0.076400 0.075900 0.076100 0.065700 0.065900 0.074800 0.095100 0.075500 0.076800 0.066200 0.065000 0.086900 0.149100 0.158500 0.108300 0.065800 0.076100 0.086500 0.065100 0.095700 0.148800 0.065700 0.206700 0.075900 0.075400 0.095900 0.097700 0.085800 0.066600 0.127900 0.160000 0.066200 0.170000 0.244900 0.095900 0.085100 0.000000 0.056200 0.096000 0.096900 0.066000 0.066700
Impala 0.056800 0.302000 0.056100 0.159300 0.065800 0.056800 0.056000 0.045800 0.056500 0.148200 0.056400 0.056100 0.056100 0.046100 0.046200 0.074100 0.074700 0.055600 0.056600 0.046500 0.064600 0.066400 0.126700 0.135800 0.087200 0.065300 0.056100 0.066200 0.045800 0.075100 0.126400 0.046100 0.149100 0.055800 0.074800 0.075600 0.077000 0.065900 0.066200 0.106300 0.137200 0.046500 0.147000 0.219500 0.075600 0.084700 0.056200 0.000000 0.075500 0.056600 0.046300 0.046800
Klipspring 0.076900 0.316000 0.075900 0.170900 0.066100 0.097000 0.056200 0.046200 0.076500 0.181400 0.056800 0.086000 0.056400 0.046300 0.065700 0.114000 0.104800 0.085000 0.076500 0.066100 0.084200 0.066800 0.159400 0.157300 0.087700 0.085100 0.056400 0.086400 0.104300 0.095200 0.158500 0.065400 0.194200 0.075400 0.094700 0.106200 0.077500 0.066300 0.076600 0.138100 0.169800 0.085700 0.180200 0.244500 0.106200 0.085100 0.096000 0.075500 0.000000 0.107000 0.065900 0.066600
ForestMusk 0.087900 0.314700 0.056400 0.168600 0.096900 0.087800 0.086500 0.075800 0.056900 0.158000 0.086900 0.056500 0.086700 0.076000 0.056600 0.115200 0.082600 0.061600 0.087500 0.046800 0.105000 0.097900 0.115600 0.106000 0.120000 0.096100 0.086700 0.066600 0.105400 0.075500 0.114000 0.075900 0.171100 0.086300 0.106000 0.076100 0.109200 0.097100 0.096800 0.095300 0.126500 0.076600 0.116800 0.186200 0.076100 0.116300 0.096900 0.056600 0.107000 0.000000 0.046600 0.047100
Bushbuck 0.076600 0.262000 0.009100 0.137100 0.065900 0.076600 0.056100 0.046100 0.009100 0.115700 0.056600 0.027500 0.056200 0.046200 0.027600 0.084100 0.045700 0.027200 0.056700 0.000100 0.074400 0.066600 0.095100 0.083600 0.087300 0.065500 0.056200 0.018300 0.074600 0.027300 0.094900 0.046200 0.127000 0.056000 0.075000 0.046300 0.077200 0.066100 0.065900 0.075600 0.105200 0.065900 0.114000 0.160500 0.046300 0.084900 0.066000 0.046300 0.065900 0.046600 0.000000 0.000100
GreaterKud 0.077500 0.265200 0.009100 0.138700 0.066700 0.077500 0.056700 0.046600 0.009200 0.117000 0.057200 0.027800 0.056900 0.046700 0.027900 0.085000 0.053700 0.033100 0.057300 0.000100 0.075200 0.067300 0.096100 0.084200 0.088400 0.066200 0.056900 0.018500 0.075400 0.027600 0.095900 0.046700 0.128500 0.056600 0.075800 0.046800 0.078100 0.066800 0.066600 0.076400 0.106400 0.066600 0.115100 0.162300 0.046800 0.085800 0.066700 0.046800 0.066600 0.047100 0.000100 0.000000
