CODONML (in paml version 4.10.7, June 2023)  /home/rachel/ruminants_paml/6406-phy-tree/ENSBTAT00000014585.fasta.phy
Model: free dN/dS Ratios for branches,  kappa = 2.000 fixed

Codon frequency model: F3x4
ns =  54  ls =  23

Codon usage in sequences
--------------------------------------------------------------------------------------------------------------------------------------
Phe TTT   1   1   1   1   1   1 | Ser TCT   1   2   2   1   1   2 | Tyr TAT   0   0   0   0   0   0 | Cys TGT   0   0   1   0   0   0
    TTC   1   1   2   2   1   1 |     TCC   1   0   1   1   1   1 |     TAC   0   0   0   0   0   0 |     TGC   1   1   0   1   1   1
Leu TTA   0   0   0   0   0   0 |     TCA   0   0   0   0   0   0 | *** TAA   0   0   0   0   0   0 | *** TGA   0   0   0   0   0   0
    TTG   0   0   0   0   0   0 |     TCG   0   0   0   0   0   0 |     TAG   0   0   0   0   0   0 | Trp TGG   0   0   0   0   0   0
--------------------------------------------------------------------------------------------------------------------------------------
Leu CTT   1   2   1   1   1   0 | Pro CCT   1   0   0   1   1   2 | His CAT   0   0   0   0   0   0 | Arg CGT   1   0   1   1   0   1
    CTC   3   2   2   2   1   2 |     CCC   0   0   0   0   0   0 |     CAC   0   1   0   0   1   0 |     CGC   0   0   0   0   0   0
    CTA   0   0   0   0   0   0 |     CCA   0   0   0   0   0   0 | Gln CAA   0   0   0   0   0   0 |     CGA   0   0   0   0   0   0
    CTG   2   2   2   2   3   2 |     CCG   0   0   0   0   0   0 |     CAG   0   0   0   0   0   0 |     CGG   0   0   0   0   1   0
--------------------------------------------------------------------------------------------------------------------------------------
Ile ATT   0   0   0   0   0   0 | Thr ACT   0   0   0   0   0   0 | Asn AAT   0   0   0   0   0   0 | Ser AGT   0   0   0   0   0   0
    ATC   0   0   0   0   0   0 |     ACC   0   0   0   0   0   0 |     AAC   0   0   0   0   0   0 |     AGC   1   0   0   0   0   1
    ATA   0   0   0   0   0   0 |     ACA   0   0   0   0   0   0 | Lys AAA   0   0   0   0   0   0 | Arg AGA   0   0   0   0   0   0
Met ATG   1   1   1   1   1   1 |     ACG   0   1   0   0   0   0 |     AAG   0   0   0   0   0   0 |     AGG   0   0   0   0   0   0
--------------------------------------------------------------------------------------------------------------------------------------
Val GTT   0   1   0   0   0   0 | Ala GCT   2   2   3   3   2   3 | Asp GAT   0   0   0   0   0   0 | Gly GGT   0   0   0   0   0   0
    GTC   0   0   0   0   0   0 |     GCC   1   1   0   0   0   0 |     GAC   0   0   0   0   0   0 |     GGC   0   1   1   1   1   0
    GTA   0   0   0   0   1   1 |     GCA   0   0   0   0   0   0 | Glu GAA   0   0   0   0   0   0 |     GGA   1   1   1   1   1   1
    GTG   2   1   3   2   1   2 |     GCG   1   1   0   1   2   0 |     GAG   1   1   1   1   1   1 |     GGG   0   0   0   0   0   0
--------------------------------------------------------------------------------------------------------------------------------------

--------------------------------------------------------------------------------------------------------------------------------------
Phe TTT   1   1   2   1   1   0 | Ser TCT   1   1   1   1   2   1 | Tyr TAT   0   0   0   0   0   0 | Cys TGT   0   0   0   0   1   0
    TTC   3   1   1   2   2   2 |     TCC   1   1   1   1   1   1 |     TAC   0   0   0   0   0   0 |     TGC   0   1   1   1   0   1
Leu TTA   0   0   0   0   0   0 |     TCA   0   0   0   0   0   0 | *** TAA   0   0   0   0   0   0 | *** TGA   0   0   0   0   0   0
    TTG   0   0   0   0   0   0 |     TCG   0   0   0   0   0   0 |     TAG   0   0   0   0   0   0 | Trp TGG   0   0   0   0   0   0
--------------------------------------------------------------------------------------------------------------------------------------
Leu CTT   1   1   2   1   1   1 | Pro CCT   1   1   1   1   0   1 | His CAT   0   0   0   0   0   0 | Arg CGT   1   1   1   1   1   1
    CTC   2   3   1   2   2   3 |     CCC   0   0   0   0   0   0 |     CAC   0   0   0   0   0   0 |     CGC   0   0   0   0   0   0
    CTA   0   0   0   0   0   0 |     CCA   0   0   0   0   0   0 | Gln CAA   0   0   0   0   0   0 |     CGA   0   0   0   0   0   0
    CTG   2   2   2   2   2   2 |     CCG   0   0   0   0   0   1 |     CAG   0   0   0   0   0   0 |     CGG   0   0   0   0   0   0
--------------------------------------------------------------------------------------------------------------------------------------
Ile ATT   0   0   0   0   0   0 | Thr ACT   0   0   0   0   0   0 | Asn AAT   0   0   0   0   0   0 | Ser AGT   0   0   0   0   0   0
    ATC   0   0   0   0   0   0 |     ACC   0   0   0   0   0   0 |     AAC   0   0   0   0   0   0 |     AGC   1   1   0   1   0   0
    ATA   0   0   0   0   0   0 |     ACA   0   0   0   0   0   0 | Lys AAA   0   0   0   0   0   0 | Arg AGA   0   0   0   0   0   0
Met ATG   1   1   1   1   1   1 |     ACG   0   0   0   0   0   0 |     AAG   0   0   0   0   0   0 |     AGG   0   0   0   0   0   0
--------------------------------------------------------------------------------------------------------------------------------------
Val GTT   0   0   0   0   0   0 | Ala GCT   2   2   2   2   3   3 | Asp GAT   0   0   0   0   0   0 | Gly GGT   0   0   0   0   0   0
    GTC   0   0   0   0   0   0 |     GCC   1   1   1   1   0   0 |     GAC   0   0   0   0   0   0 |     GGC   0   0   1   0   1   1
    GTA   0   0   0   0   0   0 |     GCA   0   0   0   0   0   0 | Glu GAA   0   0   0   0   0   0 |     GGA   1   1   1   1   1   1
    GTG   2   2   2   2   3   2 |     GCG   1   1   1   1   0   0 |     GAG   1   1   1   1   1   1 |     GGG   0   0   0   0   0   0
--------------------------------------------------------------------------------------------------------------------------------------

--------------------------------------------------------------------------------------------------------------------------------------
Phe TTT   1   1   1   1   1   1 | Ser TCT   1   2   1   1   1   1 | Tyr TAT   0   0   0   0   0   0 | Cys TGT   0   1   0   0   0   0
    TTC   1   2   2   2   2   2 |     TCC   1   1   1   1   1   1 |     TAC   0   0   0   0   0   0 |     TGC   1   0   1   1   1   1
Leu TTA   0   0   0   0   0   0 |     TCA   0   0   0   0   0   0 | *** TAA   0   0   0   0   0   0 | *** TGA   0   0   0   0   0   0
    TTG   0   0   0   0   1   0 |     TCG   0   0   0   0   0   0 |     TAG   0   0   0   0   0   0 | Trp TGG   0   0   0   0   0   0
--------------------------------------------------------------------------------------------------------------------------------------
Leu CTT   1   1   1   2   1   2 | Pro CCT   1   0   1   1   1   1 | His CAT   0   0   0   0   0   0 | Arg CGT   1   1   1   1   1   1
    CTC   3   2   2   1   2   1 |     CCC   0   0   0   0   0   0 |     CAC   0   0   0   0   0   0 |     CGC   0   0   0   0   0   0
    CTA   0   0   0   0   0   0 |     CCA   0   0   0   0   0   0 | Gln CAA   0   0   0   0   0   0 |     CGA   0   0   0   0   0   0
    CTG   2   2   2   2   1   2 |     CCG   0   0   0   0   0   0 |     CAG   0   0   0   0   0   0 |     CGG   0   0   0   0   0   0
--------------------------------------------------------------------------------------------------------------------------------------
Ile ATT   0   0   0   0   0   0 | Thr ACT   0   0   0   0   0   0 | Asn AAT   0   0   0   0   0   0 | Ser AGT   0   0   0   0   0   0
    ATC   0   0   0   0   0   0 |     ACC   0   0   0   0   0   0 |     AAC   0   0   0   0   0   0 |     AGC   1   0   1   1   0   1
    ATA   0   0   0   0   0   0 |     ACA   0   0   0   0   0   0 | Lys AAA   0   0   0   0   0   0 | Arg AGA   0   0   0   0   0   0
Met ATG   1   1   1   1   1   1 |     ACG   0   0   0   0   0   0 |     AAG   0   0   0   0   0   0 |     AGG   0   0   0   0   0   0
--------------------------------------------------------------------------------------------------------------------------------------
Val GTT   0   0   0   0   0   0 | Ala GCT   2   3   2   2   3   2 | Asp GAT   0   0   0   0   0   0 | Gly GGT   0   0   0   0   0   0
    GTC   0   0   0   0   0   0 |     GCC   1   0   1   1   0   1 |     GAC   0   0   0   0   0   0 |     GGC   0   1   0   0   1   0
    GTA   0   0   0   0   0   0 |     GCA   0   0   0   0   0   0 | Glu GAA   0   0   0   0   0   0 |     GGA   1   1   1   1   1   1
    GTG   2   3   2   2   2   2 |     GCG   1   0   1   1   1   1 |     GAG   1   1   1   1   1   1 |     GGG   0   0   0   0   0   0
--------------------------------------------------------------------------------------------------------------------------------------

--------------------------------------------------------------------------------------------------------------------------------------
Phe TTT   1   1   1   1   1   1 | Ser TCT   1   1   1   2   1   1 | Tyr TAT   0   0   0   0   0   0 | Cys TGT   0   0   0   1   0   0
    TTC   2   2   1   2   2   1 |     TCC   1   1   1   1   1   1 |     TAC   0   0   0   0   0   0 |     TGC   1   1   1   0   1   1
Leu TTA   0   0   0   0   0   0 |     TCA   0   0   0   0   0   0 | *** TAA   0   0   0   0   0   0 | *** TGA   0   0   0   0   0   0
    TTG   0   0   0   0   0   0 |     TCG   0   0   0   0   0   0 |     TAG   0   0   0   0   0   0 | Trp TGG   0   0   0   0   0   0
--------------------------------------------------------------------------------------------------------------------------------------
Leu CTT   1   2   1   1   1   1 | Pro CCT   1   0   1   0   1   1 | His CAT   0   0   0   0   0   0 | Arg CGT   1   1   1   1   1   1
    CTC   2   2   3   2   2   3 |     CCC   0   0   0   0   0   0 |     CAC   0   0   0   0   0   0 |     CGC   0   0   0   0   0   0
    CTA   0   0   0   0   0   0 |     CCA   0   0   0   0   0   0 | Gln CAA   0   0   0   0   0   0 |     CGA   0   0   0   0   0   0
    CTG   2   2   2   2   2   2 |     CCG   0   0   0   0   0   0 |     CAG   0   0   0   0   0   0 |     CGG   0   0   0   0   0   0
--------------------------------------------------------------------------------------------------------------------------------------
Ile ATT   0   0   0   0   0   0 | Thr ACT   0   0   0   0   0   0 | Asn AAT   0   0   0   0   0   0 | Ser AGT   0   0   0   0   0   0
    ATC   0   0   0   0   0   0 |     ACC   0   0   0   0   0   0 |     AAC   0   0   0   0   0   0 |     AGC   0   0   1   0   1   1
    ATA   0   0   0   0   0   0 |     ACA   0   0   0   0   0   0 | Lys AAA   0   0   0   0   0   0 | Arg AGA   0   0   0   0   0   0
Met ATG   1   1   1   1   1   1 |     ACG   0   0   0   0   0   0 |     AAG   0   0   0   0   0   0 |     AGG   0   0   0   0   0   0
--------------------------------------------------------------------------------------------------------------------------------------
Val GTT   0   0   0   0   0   0 | Ala GCT   3   3   2   3   2   2 | Asp GAT   0   0   0   0   0   0 | Gly GGT   0   0   0   0   0   0
    GTC   0   0   0   0   0   0 |     GCC   0   0   1   0   1   1 |     GAC   0   0   0   0   0   0 |     GGC   1   1   0   1   0   0
    GTA   0   0   0   0   0   0 |     GCA   0   0   0   0   0   0 | Glu GAA   0   0   0   0   0   0 |     GGA   1   1   1   1   1   1
    GTG   2   2   2   3   1   2 |     GCG   0   0   1   0   2   1 |     GAG   1   1   1   1   1   1 |     GGG   1   1   0   0   0   0
--------------------------------------------------------------------------------------------------------------------------------------

--------------------------------------------------------------------------------------------------------------------------------------
Phe TTT   1   1   1   1   1   1 | Ser TCT   2   1   1   2   1   2 | Tyr TAT   0   0   0   0   0   0 | Cys TGT   0   0   0   0   0   1
    TTC   2   2   1   2   2   2 |     TCC   1   1   1   0   1   1 |     TAC   0   0   0   0   0   0 |     TGC   1   1   1   1   1   0
Leu TTA   0   0   0   0   0   0 |     TCA   0   0   0   0   0   0 | *** TAA   0   0   0   0   0   0 | *** TGA   0   0   0   0   0   0
    TTG   0   0   0   0   0   0 |     TCG   0   0   0   0   0   0 |     TAG   0   0   0   0   0   0 | Trp TGG   0   0   0   0   0   0
--------------------------------------------------------------------------------------------------------------------------------------
Leu CTT   1   1   1   1   1   1 | Pro CCT   1   1   1   1   1   0 | His CAT   0   0   0   0   0   0 | Arg CGT   1   1   1   1   1   1
    CTC   2   2   3   2   2   2 |     CCC   0   0   0   0   0   0 |     CAC   0   0   0   0   0   0 |     CGC   0   0   0   0   0   0
    CTA   0   0   0   0   0   0 |     CCA   0   0   0   0   0   0 | Gln CAA   0   0   0   0   0   0 |     CGA   0   0   0   0   0   0
    CTG   2   2   2   2   2   2 |     CCG   1   1   0   0   0   0 |     CAG   0   0   0   0   0   0 |     CGG   0   0   0   0   0   0
--------------------------------------------------------------------------------------------------------------------------------------
Ile ATT   0   0   0   0   0   0 | Thr ACT   0   0   0   0   0   0 | Asn AAT   0   0   0   0   0   0 | Ser AGT   0   0   0   0   0   0
    ATC   0   0   0   0   0   0 |     ACC   0   0   0   0   0   0 |     AAC   0   0   0   0   0   0 |     AGC   0   0   1   1   1   0
    ATA   0   0   0   0   0   0 |     ACA   0   0   0   0   0   0 | Lys AAA   0   0   0   0   0   0 | Arg AGA   0   0   0   0   0   0
Met ATG   1   1   1   1   1   1 |     ACG   0   0   0   0   0   0 |     AAG   0   0   0   0   0   0 |     AGG   0   0   0   0   0   0
--------------------------------------------------------------------------------------------------------------------------------------
Val GTT   0   0   0   0   0   0 | Ala GCT   2   3   2   2   2   3 | Asp GAT   0   0   0   0   0   0 | Gly GGT   0   0   0   0   0   0
    GTC   0   0   0   0   0   0 |     GCC   0   0   1   1   1   0 |     GAC   0   0   0   0   0   0 |     GGC   1   1   0   0   0   1
    GTA   0   0   0   0   0   0 |     GCA   0   0   0   0   0   0 | Glu GAA   0   0   0   0   0   0 |     GGA   1   1   1   1   1   1
    GTG   2   2   2   2   2   3 |     GCG   0   0   1   1   1   0 |     GAG   1   1   1   1   1   1 |     GGG   0   0   0   0   0   0
--------------------------------------------------------------------------------------------------------------------------------------

--------------------------------------------------------------------------------------------------------------------------------------
Phe TTT   1   1   0   1   1   1 | Ser TCT   1   2   1   1   1   1 | Tyr TAT   0   0   0   0   0   0 | Cys TGT   0   1   0   0   0   0
    TTC   2   2   2   2   2   2 |     TCC   1   1   1   1   1   1 |     TAC   0   0   0   0   0   0 |     TGC   1   0   1   1   1   1
Leu TTA   0   0   0   0   0   0 |     TCA   0   0   0   0   0   0 | *** TAA   0   0   0   0   0   0 | *** TGA   0   0   0   0   0   0
    TTG   0   0   0   0   0   0 |     TCG   0   0   0   0   0   0 |     TAG   0   0   0   0   0   0 | Trp TGG   0   0   0   0   0   0
--------------------------------------------------------------------------------------------------------------------------------------
Leu CTT   1   1   1   1   1   1 | Pro CCT   1   0   1   1   1   1 | His CAT   0   0   0   0   0   0 | Arg CGT   1   1   1   1   1   1
    CTC   2   2   3   2   2   2 |     CCC   0   0   0   0   0   0 |     CAC   0   0   0   0   0   0 |     CGC   0   0   0   0   0   0
    CTA   0   0   0   0   0   0 |     CCA   0   0   0   0   0   0 | Gln CAA   0   0   0   0   0   0 |     CGA   0   0   0   0   0   0
    CTG   2   2   2   2   2   2 |     CCG   0   0   1   0   0   0 |     CAG   0   0   0   0   0   0 |     CGG   0   0   0   0   0   0
--------------------------------------------------------------------------------------------------------------------------------------
Ile ATT   0   0   0   0   0   0 | Thr ACT   0   0   0   0   0   0 | Asn AAT   0   0   0   0   0   0 | Ser AGT   0   0   0   0   0   0
    ATC   0   0   0   0   0   0 |     ACC   0   0   0   0   0   0 |     AAC   0   0   0   0   0   0 |     AGC   1   0   0   1   0   1
    ATA   0   0   0   0   0   0 |     ACA   0   0   0   0   0   0 | Lys AAA   0   0   0   0   0   0 | Arg AGA   0   0   0   0   0   0
Met ATG   1   1   1   1   1   1 |     ACG   0   0   0   0   0   0 |     AAG   0   0   0   0   0   0 |     AGG   0   0   0   0   0   0
--------------------------------------------------------------------------------------------------------------------------------------
Val GTT   0   0   0   0   0   0 | Ala GCT   2   3   3   2   3   2 | Asp GAT   0   0   0   0   0   0 | Gly GGT   0   0   1   0   0   0
    GTC   0   0   0   0   0   0 |     GCC   1   0   0   1   0   1 |     GAC   0   0   0   0   0   0 |     GGC   0   1   0   0   1   0
    GTA   0   0   0   0   0   0 |     GCA   0   0   0   0   0   0 | Glu GAA   0   0   0   0   0   0 |     GGA   1   1   1   1   1   1
    GTG   2   3   2   2   2   2 |     GCG   1   0   0   1   1   1 |     GAG   1   1   1   1   1   1 |     GGG   0   0   0   0   0   0
--------------------------------------------------------------------------------------------------------------------------------------

--------------------------------------------------------------------------------------------------------------------------------------
Phe TTT   1   1   1   1   1   0 | Ser TCT   1   2   1   1   1   2 | Tyr TAT   0   0   0   0   0   0 | Cys TGT   0   1   0   0   0   1
    TTC   2   2   2   2   2   2 |     TCC   1   1   1   1   1   1 |     TAC   0   0   0   0   0   0 |     TGC   1   0   1   1   1   1
Leu TTA   0   0   0   0   0   0 |     TCA   0   0   0   0   0   0 | *** TAA   0   0   0   0   0   0 | *** TGA   0   0   0   0   0   0
    TTG   0   0   0   0   0   0 |     TCG   0   0   0   0   0   0 |     TAG   0   0   0   0   0   0 | Trp TGG   0   0   0   0   0   0
--------------------------------------------------------------------------------------------------------------------------------------
Leu CTT   1   1   1   1   1   1 | Pro CCT   1   0   1   1   1   1 | His CAT   0   0   0   0   0   0 | Arg CGT   1   1   1   1   1   0
    CTC   2   2   2   2   2   2 |     CCC   0   0   0   0   0   0 |     CAC   0   0   0   0   0   0 |     CGC   0   0   0   0   0   0
    CTA   0   0   0   0   0   0 |     CCA   0   0   0   0   0   0 | Gln CAA   0   0   0   0   0   0 |     CGA   0   0   0   0   0   0
    CTG   2   2   2   2   2   2 |     CCG   0   0   0   0   0   1 |     CAG   0   0   0   0   0   0 |     CGG   0   0   0   0   0   0
--------------------------------------------------------------------------------------------------------------------------------------
Ile ATT   0   0   0   0   0   0 | Thr ACT   0   0   0   0   0   0 | Asn AAT   0   0   0   0   0   0 | Ser AGT   0   0   0   0   0   0
    ATC   0   0   0   0   0   0 |     ACC   0   0   0   0   0   0 |     AAC   0   0   0   0   0   0 |     AGC   1   0   1   1   1   0
    ATA   0   0   0   0   0   0 |     ACA   0   0   0   0   0   0 | Lys AAA   0   0   0   0   0   0 | Arg AGA   0   0   0   0   0   0
Met ATG   1   1   1   1   1   1 |     ACG   0   0   0   0   0   0 |     AAG   0   0   0   0   0   0 |     AGG   0   0   0   0   0   0
--------------------------------------------------------------------------------------------------------------------------------------
Val GTT   0   0   0   0   0   0 | Ala GCT   2   3   2   2   2   3 | Asp GAT   0   0   0   0   0   0 | Gly GGT   0   0   0   0   0   1
    GTC   0   0   0   0   0   0 |     GCC   1   0   1   1   1   0 |     GAC   0   0   0   0   0   0 |     GGC   0   1   0   0   0   0
    GTA   0   0   0   0   0   0 |     GCA   0   0   0   0   0   1 | Glu GAA   0   0   0   0   0   0 |     GGA   1   1   1   1   1   0
    GTG   2   3   2   2   2   2 |     GCG   1   0   1   1   1   0 |     GAG   1   1   1   1   1   1 |     GGG   0   0   0   0   0   0
--------------------------------------------------------------------------------------------------------------------------------------

--------------------------------------------------------------------------------------------------------------------------------------
Phe TTT   1   1   1   1   1   1 | Ser TCT   2   1   1   1   2   1 | Tyr TAT   0   0   0   0   0   0 | Cys TGT   0   0   0   0   1   0
    TTC   2   2   1   2   2   2 |     TCC   1   1   1   1   1   1 |     TAC   0   0   0   0   0   0 |     TGC   1   1   1   1   0   1
Leu TTA   0   0   0   0   0   0 |     TCA   0   0   0   0   0   0 | *** TAA   0   0   0   0   0   0 | *** TGA   0   0   0   0   0   0
    TTG   0   0   0   0   0   0 |     TCG   0   0   0   0   0   0 |     TAG   0   0   0   0   0   0 | Trp TGG   0   0   0   0   0   0
--------------------------------------------------------------------------------------------------------------------------------------
Leu CTT   1   1   1   2   1   1 | Pro CCT   1   0   1   1   0   1 | His CAT   0   0   0   0   0   0 | Arg CGT   1   1   1   1   1   1
    CTC   2   2   3   1   2   2 |     CCC   0   1   0   0   0   0 |     CAC   0   0   0   0   0   0 |     CGC   0   0   0   0   0   0
    CTA   0   0   0   0   0   0 |     CCA   0   0   0   0   0   0 | Gln CAA   0   0   0   0   0   0 |     CGA   0   0   0   0   0   0
    CTG   2   2   2   2   2   2 |     CCG   1   0   1   1   0   0 |     CAG   0   0   0   0   0   0 |     CGG   0   0   0   0   0   0
--------------------------------------------------------------------------------------------------------------------------------------
Ile ATT   0   0   0   0   0   0 | Thr ACT   0   0   0   0   0   0 | Asn AAT   0   0   0   0   0   0 | Ser AGT   0   0   0   0   0   0
    ATC   0   0   0   0   0   0 |     ACC   0   0   0   0   0   0 |     AAC   0   0   0   0   0   0 |     AGC   0   1   0   0   0   0
    ATA   0   0   0   0   0   0 |     ACA   0   0   0   0   0   0 | Lys AAA   0   0   0   0   0   0 | Arg AGA   0   0   0   0   0   0
Met ATG   1   1   1   1   1   1 |     ACG   0   0   0   0   0   0 |     AAG   0   0   0   0   0   0 |     AGG   0   0   0   0   0   0
--------------------------------------------------------------------------------------------------------------------------------------
Val GTT   0   0   0   0   0   0 | Ala GCT   2   2   3   3   3   3 | Asp GAT   0   0   0   0   0   0 | Gly GGT   0   0   0   0   0   0
    GTC   0   0   0   0   0   0 |     GCC   0   1   0   0   0   0 |     GAC   0   0   0   0   0   0 |     GGC   1   0   1   1   1   1
    GTA   0   0   0   0   0   0 |     GCA   0   0   0   0   0   0 | Glu GAA   0   0   0   0   0   0 |     GGA   1   1   1   1   1   1
    GTG   2   2   2   2   3   2 |     GCG   0   1   0   0   0   1 |     GAG   1   1   1   1   1   1 |     GGG   0   0   0   0   0   0
--------------------------------------------------------------------------------------------------------------------------------------

--------------------------------------------------------------------------------------------------------------------------------------
Phe TTT   2   1   1   1   1   1 | Ser TCT   1   1   1   1   2   2 | Tyr TAT   0   0   0   0   0   0 | Cys TGT   0   0   0   0   1   1
    TTC   1   2   2   2   2   2 |     TCC   1   1   1   1   1   1 |     TAC   0   0   0   0   0   0 |     TGC   1   1   1   1   0   0
Leu TTA   0   0   0   0   0   0 |     TCA   0   0   0   0   0   0 | *** TAA   0   0   0   0   0   0 | *** TGA   0   0   0   0   0   0
    TTG   0   0   0   0   0   0 |     TCG   0   0   0   0   0   0 |     TAG   0   0   0   0   0   0 | Trp TGG   0   0   0   0   0   0
--------------------------------------------------------------------------------------------------------------------------------------
Leu CTT   1   1   1   1   1   1 | Pro CCT   1   1   1   1   0   0 | His CAT   0   0   0   0   0   0 | Arg CGT   1   1   1   1   1   1
    CTC   2   2   2   2   2   2 |     CCC   0   0   0   0   0   0 |     CAC   0   0   0   0   0   0 |     CGC   0   0   0   0   0   0
    CTA   0   0   0   0   0   0 |     CCA   0   0   0   0   0   0 | Gln CAA   0   0   0   0   0   0 |     CGA   0   0   0   0   0   0
    CTG   2   2   2   2   2   2 |     CCG   0   0   0   0   0   0 |     CAG   0   0   0   0   0   0 |     CGG   0   0   0   0   0   0
--------------------------------------------------------------------------------------------------------------------------------------
Ile ATT   0   0   0   0   0   0 | Thr ACT   0   0   0   0   0   0 | Asn AAT   0   0   0   0   0   0 | Ser AGT   0   0   0   0   0   0
    ATC   0   0   0   0   0   0 |     ACC   0   0   0   0   0   0 |     AAC   0   0   0   0   0   0 |     AGC   1   0   1   0   0   0
    ATA   0   0   0   0   0   0 |     ACA   0   0   0   0   0   0 | Lys AAA   0   0   0   0   0   0 | Arg AGA   0   0   0   0   0   0
Met ATG   1   1   1   1   1   1 |     ACG   0   0   0   0   0   0 |     AAG   0   0   0   0   0   0 |     AGG   0   0   0   0   0   0
--------------------------------------------------------------------------------------------------------------------------------------
Val GTT   0   0   0   0   0   0 | Ala GCT   2   3   3   3   3   3 | Asp GAT   0   0   0   0   0   0 | Gly GGT   0   0   0   0   0   0
    GTC   0   0   0   0   0   0 |     GCC   1   0   0   0   0   0 |     GAC   0   0   0   0   0   0 |     GGC   0   1   0   1   1   1
    GTA   0   0   0   0   0   0 |     GCA   0   0   0   0   0   0 | Glu GAA   0   0   0   0   0   0 |     GGA   1   1   1   1   1   1
    GTG   2   2   2   2   2   3 |     GCG   1   1   1   1   0   0 |     GAG   1   1   1   1   2   1 |     GGG   0   0   0   0   0   0
--------------------------------------------------------------------------------------------------------------------------------------

Codon position x base (3x4) table for each sequence.

#1: Argali         
position  1:    T:0.21739    C:0.34783    A:0.08696    G:0.34783
position  2:    T:0.47826    C:0.30435    A:0.04348    G:0.17391
position  3:    T:0.30435    C:0.34783    A:0.04348    G:0.30435
Average         T:0.33333    C:0.33333    A:0.05797    G:0.27536

#2: LesserMouseDeer
position  1:    T:0.21739    C:0.30435    A:0.08696    G:0.39130
position  2:    T:0.47826    C:0.30435    A:0.08696    G:0.13043
position  3:    T:0.34783    C:0.30435    A:0.04348    G:0.30435
Average         T:0.34783    C:0.30435    A:0.07246    G:0.27536

#3: LesserKudu     
position  1:    T:0.30435    C:0.26087    A:0.04348    G:0.39130
position  2:    T:0.52174    C:0.26087    A:0.04348    G:0.17391
position  3:    T:0.39130    C:0.26087    A:0.04348    G:0.30435
Average         T:0.40580    C:0.26087    A:0.04348    G:0.28986

#4: ForestMuskDeer2
position  1:    T:0.26087    C:0.30435    A:0.04348    G:0.39130
position  2:    T:0.47826    C:0.30435    A:0.04348    G:0.17391
position  3:    T:0.34783    C:0.30435    A:0.04348    G:0.30435
Average         T:0.36232    C:0.30435    A:0.04348    G:0.28986

#5: Camel          
position  1:    T:0.21739    C:0.34783    A:0.04348    G:0.39130
position  2:    T:0.43478    C:0.30435    A:0.08696    G:0.17391
position  3:    T:0.26087    C:0.26087    A:0.08696    G:0.39130
Average         T:0.30435    C:0.30435    A:0.07246    G:0.31884

#6: KillerWhale    
position  1:    T:0.26087    C:0.30435    A:0.08696    G:0.34783
position  2:    T:0.43478    C:0.34783    A:0.04348    G:0.17391
position  3:    T:0.39130    C:0.26087    A:0.08696    G:0.26087
Average         T:0.36232    C:0.30435    A:0.07246    G:0.26087

#7: DefassaWaterbuck
position  1:    T:0.26087    C:0.30435    A:0.08696    G:0.34783
position  2:    T:0.52174    C:0.30435    A:0.04348    G:0.13043
position  3:    T:0.30435    C:0.34783    A:0.04348    G:0.30435
Average         T:0.36232    C:0.31884    A:0.05797    G:0.26087

#8: Sheep          
position  1:    T:0.21739    C:0.34783    A:0.08696    G:0.34783
position  2:    T:0.47826    C:0.30435    A:0.04348    G:0.17391
position  3:    T:0.30435    C:0.34783    A:0.04348    G:0.30435
Average         T:0.33333    C:0.33333    A:0.05797    G:0.27536

#9: MaxwellsDuiker 
position  1:    T:0.26087    C:0.30435    A:0.04348    G:0.39130
position  2:    T:0.47826    C:0.30435    A:0.04348    G:0.17391
position  3:    T:0.39130    C:0.26087    A:0.04348    G:0.30435
Average         T:0.37681    C:0.28986    A:0.04348    G:0.28986

#10: GazellaPrzewalskyi
position  1:    T:0.26087    C:0.30435    A:0.08696    G:0.34783
position  2:    T:0.47826    C:0.30435    A:0.04348    G:0.17391
position  3:    T:0.30435    C:0.34783    A:0.04348    G:0.30435
Average         T:0.34783    C:0.31884    A:0.05797    G:0.27536

#11: MountainNyala  
position  1:    T:0.30435    C:0.26087    A:0.04348    G:0.39130
position  2:    T:0.52174    C:0.26087    A:0.04348    G:0.17391
position  3:    T:0.39130    C:0.26087    A:0.04348    G:0.30435
Average         T:0.40580    C:0.26087    A:0.04348    G:0.28986

#12: MuntiacusMuntjak
position  1:    T:0.21739    C:0.39130    A:0.04348    G:0.34783
position  2:    T:0.47826    C:0.30435    A:0.04348    G:0.17391
position  3:    T:0.30435    C:0.34783    A:0.04348    G:0.30435
Average         T:0.33333    C:0.34783    A:0.04348    G:0.27536

#13: goat           
position  1:    T:0.21739    C:0.34783    A:0.08696    G:0.34783
position  2:    T:0.47826    C:0.30435    A:0.04348    G:0.17391
position  3:    T:0.30435    C:0.34783    A:0.04348    G:0.30435
Average         T:0.33333    C:0.33333    A:0.05797    G:0.27536

#14: AfricanBuffalo 
position  1:    T:0.30435    C:0.26087    A:0.04348    G:0.39130
position  2:    T:0.52174    C:0.26087    A:0.04348    G:0.17391
position  3:    T:0.39130    C:0.26087    A:0.04348    G:0.30435
Average         T:0.40580    C:0.26087    A:0.04348    G:0.28986

#15: Topi           
position  1:    T:0.26087    C:0.30435    A:0.08696    G:0.34783
position  2:    T:0.47826    C:0.30435    A:0.04348    G:0.17391
position  3:    T:0.30435    C:0.34783    A:0.04348    G:0.30435
Average         T:0.34783    C:0.31884    A:0.05797    G:0.27536

#16: CommonDuiker   
position  1:    T:0.26087    C:0.30435    A:0.08696    G:0.34783
position  2:    T:0.47826    C:0.30435    A:0.04348    G:0.17391
position  3:    T:0.34783    C:0.30435    A:0.04348    G:0.30435
Average         T:0.36232    C:0.30435    A:0.05797    G:0.27536

#17: Suni           
position  1:    T:0.30435    C:0.26087    A:0.04348    G:0.39130
position  2:    T:0.47826    C:0.30435    A:0.04348    G:0.17391
position  3:    T:0.34783    C:0.30435    A:0.04348    G:0.30435
Average         T:0.37681    C:0.28986    A:0.04348    G:0.28986

#18: Springbuck     
position  1:    T:0.26087    C:0.30435    A:0.08696    G:0.34783
position  2:    T:0.47826    C:0.30435    A:0.04348    G:0.17391
position  3:    T:0.34783    C:0.30435    A:0.04348    G:0.30435
Average         T:0.36232    C:0.30435    A:0.05797    G:0.27536

#19: Okapi          
position  1:    T:0.26087    C:0.30435    A:0.04348    G:0.39130
position  2:    T:0.47826    C:0.26087    A:0.04348    G:0.21739
position  3:    T:0.34783    C:0.30435    A:0.04348    G:0.30435
Average         T:0.36232    C:0.28986    A:0.04348    G:0.30435

#20: Giraffe        
position  1:    T:0.26087    C:0.30435    A:0.04348    G:0.39130
position  2:    T:0.52174    C:0.21739    A:0.04348    G:0.21739
position  3:    T:0.34783    C:0.30435    A:0.04348    G:0.30435
Average         T:0.37681    C:0.27536    A:0.04348    G:0.30435

#21: TibetanAntelope
position  1:    T:0.21739    C:0.34783    A:0.08696    G:0.34783
position  2:    T:0.47826    C:0.30435    A:0.04348    G:0.17391
position  3:    T:0.30435    C:0.34783    A:0.04348    G:0.30435
Average         T:0.33333    C:0.33333    A:0.05797    G:0.27536

#22: Sitatunga      
position  1:    T:0.30435    C:0.26087    A:0.04348    G:0.39130
position  2:    T:0.52174    C:0.26087    A:0.04348    G:0.17391
position  3:    T:0.39130    C:0.26087    A:0.04348    G:0.30435
Average         T:0.40580    C:0.26087    A:0.04348    G:0.28986

#23: Oribi          
position  1:    T:0.26087    C:0.30435    A:0.08696    G:0.34783
position  2:    T:0.43478    C:0.34783    A:0.04348    G:0.17391
position  3:    T:0.30435    C:0.34783    A:0.04348    G:0.30435
Average         T:0.33333    C:0.33333    A:0.05797    G:0.27536

#24: BarbarySheep   
position  1:    T:0.21739    C:0.34783    A:0.08696    G:0.34783
position  2:    T:0.47826    C:0.30435    A:0.04348    G:0.17391
position  3:    T:0.30435    C:0.34783    A:0.04348    G:0.30435
Average         T:0.33333    C:0.33333    A:0.05797    G:0.27536

#25: Daviddeer      
position  1:    T:0.30435    C:0.34783    A:0.04348    G:0.30435
position  2:    T:0.47826    C:0.30435    A:0.04348    G:0.17391
position  3:    T:0.34783    C:0.30435    A:0.04348    G:0.30435
Average         T:0.37681    C:0.31884    A:0.04348    G:0.26087

#26: Reindeer       
position  1:    T:0.26087    C:0.34783    A:0.04348    G:0.34783
position  2:    T:0.47826    C:0.30435    A:0.04348    G:0.17391
position  3:    T:0.34783    C:0.30435    A:0.04348    G:0.30435
Average         T:0.36232    C:0.31884    A:0.04348    G:0.27536

#27: Ibex           
position  1:    T:0.21739    C:0.34783    A:0.08696    G:0.34783
position  2:    T:0.47826    C:0.30435    A:0.04348    G:0.17391
position  3:    T:0.30435    C:0.34783    A:0.04348    G:0.30435
Average         T:0.33333    C:0.33333    A:0.05797    G:0.27536

#28: GyrantGazelle  
position  1:    T:0.26087    C:0.30435    A:0.08696    G:0.34783
position  2:    T:0.47826    C:0.30435    A:0.04348    G:0.17391
position  3:    T:0.34783    C:0.30435    A:0.04348    G:0.30435
Average         T:0.36232    C:0.30435    A:0.05797    G:0.27536

#29: Hartebeest     
position  1:    T:0.26087    C:0.30435    A:0.08696    G:0.34783
position  2:    T:0.47826    C:0.30435    A:0.04348    G:0.17391
position  3:    T:0.30435    C:0.34783    A:0.04348    G:0.30435
Average         T:0.34783    C:0.31884    A:0.05797    G:0.27536

#30: Bongo          
position  1:    T:0.30435    C:0.26087    A:0.04348    G:0.39130
position  2:    T:0.52174    C:0.26087    A:0.04348    G:0.17391
position  3:    T:0.39130    C:0.26087    A:0.04348    G:0.30435
Average         T:0.40580    C:0.26087    A:0.04348    G:0.28986

#31: Gerenuk        
position  1:    T:0.26087    C:0.30435    A:0.08696    G:0.34783
position  2:    T:0.47826    C:0.30435    A:0.04348    G:0.17391
position  3:    T:0.30435    C:0.34783    A:0.04348    G:0.30435
Average         T:0.34783    C:0.31884    A:0.05797    G:0.27536

#32: CommonEland    
position  1:    T:0.30435    C:0.26087    A:0.04348    G:0.39130
position  2:    T:0.52174    C:0.26087    A:0.04348    G:0.17391
position  3:    T:0.39130    C:0.26087    A:0.04348    G:0.30435
Average         T:0.40580    C:0.26087    A:0.04348    G:0.28986

#33: MuntiacusReevesi
position  1:    T:0.21739    C:0.39130    A:0.04348    G:0.34783
position  2:    T:0.47826    C:0.30435    A:0.04348    G:0.17391
position  3:    T:0.34783    C:0.30435    A:0.04348    G:0.30435
Average         T:0.34783    C:0.33333    A:0.04348    G:0.27536

#34: HarveysDuiker  
position  1:    T:0.26087    C:0.30435    A:0.08696    G:0.34783
position  2:    T:0.47826    C:0.30435    A:0.04348    G:0.17391
position  3:    T:0.30435    C:0.34783    A:0.04348    G:0.30435
Average         T:0.34783    C:0.31884    A:0.05797    G:0.27536

#35: Pronghorn      
position  1:    T:0.26087    C:0.30435    A:0.04348    G:0.39130
position  2:    T:0.47826    C:0.30435    A:0.04348    G:0.17391
position  3:    T:0.34783    C:0.30435    A:0.04348    G:0.30435
Average         T:0.36232    C:0.30435    A:0.04348    G:0.28986

#36: BlueWildebeest 
position  1:    T:0.26087    C:0.30435    A:0.08696    G:0.34783
position  2:    T:0.47826    C:0.30435    A:0.04348    G:0.17391
position  3:    T:0.30435    C:0.34783    A:0.04348    G:0.30435
Average         T:0.34783    C:0.31884    A:0.05797    G:0.27536

#37: Gemsbok        
position  1:    T:0.26087    C:0.30435    A:0.08696    G:0.34783
position  2:    T:0.47826    C:0.30435    A:0.04348    G:0.17391
position  3:    T:0.30435    C:0.34783    A:0.04348    G:0.30435
Average         T:0.34783    C:0.31884    A:0.05797    G:0.27536

#38: Yak            
position  1:    T:0.30435    C:0.26087    A:0.04348    G:0.39130
position  2:    T:0.52174    C:0.26087    A:0.04348    G:0.17391
position  3:    T:0.39130    C:0.26087    A:0.04348    G:0.30435
Average         T:0.40580    C:0.26087    A:0.04348    G:0.28986

#39: BlueSheep      
position  1:    T:0.26087    C:0.30435    A:0.08696    G:0.34783
position  2:    T:0.47826    C:0.30435    A:0.04348    G:0.17391
position  3:    T:0.30435    C:0.34783    A:0.04348    G:0.30435
Average         T:0.34783    C:0.31884    A:0.05797    G:0.27536

#40: BohorReedbuck  
position  1:    T:0.26087    C:0.30435    A:0.08696    G:0.34783
position  2:    T:0.47826    C:0.30435    A:0.04348    G:0.17391
position  3:    T:0.30435    C:0.34783    A:0.04348    G:0.30435
Average         T:0.34783    C:0.31884    A:0.05797    G:0.27536

#41: KirksDik       
position  1:    T:0.26087    C:0.30435    A:0.08696    G:0.34783
position  2:    T:0.47826    C:0.30435    A:0.04348    G:0.17391
position  3:    T:0.30435    C:0.34783    A:0.04348    G:0.30435
Average         T:0.34783    C:0.31884    A:0.05797    G:0.27536

#42: RoeDeer        
position  1:    T:0.30435    C:0.30435    A:0.04348    G:0.34783
position  2:    T:0.43478    C:0.39130    A:0.04348    G:0.13043
position  3:    T:0.39130    C:0.26087    A:0.04348    G:0.30435
Average         T:0.37681    C:0.31884    A:0.04348    G:0.26087

#43: WhiteLippedDeer
position  1:    T:0.30435    C:0.34783    A:0.04348    G:0.30435
position  2:    T:0.47826    C:0.30435    A:0.04348    G:0.17391
position  3:    T:0.34783    C:0.30435    A:0.04348    G:0.30435
Average         T:0.37681    C:0.31884    A:0.04348    G:0.26087

#44: ThomsonGazelle 
position  1:    T:0.26087    C:0.30435    A:0.08696    G:0.34783
position  2:    T:0.47826    C:0.30435    A:0.04348    G:0.17391
position  3:    T:0.26087    C:0.39130    A:0.04348    G:0.30435
Average         T:0.33333    C:0.33333    A:0.05797    G:0.27536

#45: MuntiacusCrinifrons
position  1:    T:0.21739    C:0.39130    A:0.04348    G:0.34783
position  2:    T:0.47826    C:0.30435    A:0.04348    G:0.17391
position  3:    T:0.34783    C:0.30435    A:0.04348    G:0.30435
Average         T:0.34783    C:0.33333    A:0.04348    G:0.27536

#46: WhiteTailedDeer
position  1:    T:0.26087    C:0.34783    A:0.04348    G:0.34783
position  2:    T:0.47826    C:0.30435    A:0.04348    G:0.17391
position  3:    T:0.39130    C:0.26087    A:0.04348    G:0.30435
Average         T:0.37681    C:0.30435    A:0.04348    G:0.27536

#47: Cattle         
position  1:    T:0.30435    C:0.26087    A:0.04348    G:0.39130
position  2:    T:0.52174    C:0.26087    A:0.04348    G:0.17391
position  3:    T:0.39130    C:0.26087    A:0.04348    G:0.30435
Average         T:0.40580    C:0.26087    A:0.04348    G:0.28986

#48: RoyalAntelope  
position  1:    T:0.26087    C:0.30435    A:0.04348    G:0.39130
position  2:    T:0.47826    C:0.30435    A:0.04348    G:0.17391
position  3:    T:0.34783    C:0.30435    A:0.04348    G:0.30435
Average         T:0.36232    C:0.30435    A:0.04348    G:0.28986

#49: Steenbok       
position  1:    T:0.26087    C:0.30435    A:0.08696    G:0.34783
position  2:    T:0.47826    C:0.30435    A:0.04348    G:0.17391
position  3:    T:0.34783    C:0.30435    A:0.04348    G:0.30435
Average         T:0.36232    C:0.30435    A:0.05797    G:0.27536

#50: Impala         
position  1:    T:0.26087    C:0.30435    A:0.04348    G:0.39130
position  2:    T:0.47826    C:0.30435    A:0.04348    G:0.17391
position  3:    T:0.34783    C:0.30435    A:0.04348    G:0.30435
Average         T:0.36232    C:0.30435    A:0.04348    G:0.28986

#51: Klipspringer   
position  1:    T:0.26087    C:0.30435    A:0.08696    G:0.34783
position  2:    T:0.47826    C:0.30435    A:0.04348    G:0.17391
