1
52 1
Argali 0.000000 0.220500 0.113900 0.127000 0.061500 0.014900 0.030600 0.037000 0.079200 0.095800 0.030800 0.030300 0.045300 0.015200 0.061800 0.062700 0.149200 0.184400 0.060800 0.111800 0.030700 0.030000 0.078300 0.111400 0.030800 0.063200 0.045300 0.095400 0.000200 0.111800 0.094300 0.045800 0.165400 0.045300 0.045400 0.046700 0.061600 0.060800 0.045600 0.129000 0.078200 0.047300 0.095800 0.078100 0.046700 0.096300 0.061400 0.045500 0.046500 0.063000 0.113100 0.095400
LesserMous 0.220500 0.000000 0.245900 0.247600 0.258300 0.238700 0.221000 0.236500 0.225000 0.223400 0.223000 0.181600 0.236000 0.202800 0.203800 0.242900 0.248000 0.244000 0.216700 0.221900 0.221400 0.217400 0.201700 0.240400 0.223000 0.225000 0.236000 0.243400 0.225200 0.221900 0.220900 0.238300 0.265400 0.236000 0.235500 0.205100 0.259200 0.255500 0.275500 0.221200 0.240800 0.190600 0.223400 0.240200 0.205100 0.265400 0.217600 0.198000 0.222800 0.185600 0.223400 0.243400
LesserKudu 0.113900 0.245900 0.000000 0.172100 0.113300 0.130600 0.114000 0.127600 0.031200 0.132900 0.114900 0.079600 0.129200 0.114400 0.113400 0.132100 0.190700 0.188300 0.129200 0.030800 0.114500 0.112400 0.114100 0.149200 0.114900 0.133700 0.129200 0.015300 0.116200 0.030800 0.131100 0.130300 0.188400 0.129200 0.128800 0.098100 0.148400 0.146300 0.164500 0.149300 0.149600 0.116500 0.132900 0.149400 0.098100 0.170100 0.129700 0.095400 0.096600 0.098300 0.031100 0.015300
KillerWhal 0.127000 0.247600 0.172100 0.000000 0.181500 0.144100 0.146600 0.158500 0.168100 0.147800 0.128900 0.109900 0.160700 0.146900 0.144800 0.184600 0.187900 0.204000 0.179300 0.168700 0.146500 0.143400 0.127900 0.164200 0.128900 0.186900 0.160700 0.151200 0.129600 0.168700 0.146300 0.126700 0.207100 0.160700 0.161200 0.112500 0.162800 0.161600 0.179000 0.183800 0.145600 0.166700 0.147800 0.145200 0.112500 0.206100 0.181400 0.125700 0.129800 0.149100 0.170800 0.151200
DefassaWat 0.061500 0.258300 0.113300 0.181500 0.000000 0.077000 0.061300 0.071900 0.078700 0.128700 0.062000 0.061100 0.076200 0.077800 0.093300 0.095000 0.184200 0.182900 0.092500 0.111200 0.061800 0.060700 0.110500 0.144600 0.062000 0.095600 0.076200 0.094800 0.062700 0.111200 0.127000 0.076600 0.200400 0.076200 0.076100 0.078300 0.093300 0.029300 0.109400 0.162700 0.144800 0.079500 0.128700 0.144600 0.078300 0.129300 0.092800 0.076300 0.078000 0.095200 0.112600 0.094800
Sheep 0.014900 0.238700 0.130600 0.144100 0.077000 0.000000 0.045900 0.036800 0.095300 0.112000 0.046200 0.045500 0.060600 0.030500 0.077400 0.078500 0.166300 0.201900 0.045000 0.128100 0.046100 0.014800 0.094100 0.127700 0.046200 0.079100 0.060600 0.111600 0.015300 0.128100 0.110300 0.061100 0.182500 0.060600 0.060600 0.062300 0.045600 0.076200 0.060900 0.145500 0.094000 0.063200 0.112000 0.093900 0.062300 0.112500 0.076900 0.060700 0.062100 0.078900 0.129700 0.111600
MaxwellsDu 0.030600 0.221000 0.114000 0.146600 0.061300 0.045900 0.000000 0.037900 0.079300 0.095900 0.030800 0.030400 0.045300 0.046400 0.061800 0.062700 0.149300 0.184500 0.061000 0.111800 0.030700 0.030100 0.078400 0.111500 0.030800 0.063200 0.045300 0.095500 0.031200 0.111800 0.094400 0.045700 0.146800 0.045300 0.045400 0.046700 0.061600 0.060700 0.077700 0.129100 0.111700 0.047300 0.095900 0.111800 0.046700 0.096300 0.061500 0.045500 0.046500 0.063100 0.113200 0.095500
GazellaPrz 0.037000 0.236500 0.127600 0.158500 0.071900 0.036800 0.037900 0.000000 0.092000 0.108200 0.038200 0.037600 0.053300 0.055600 0.072200 0.072400 0.164200 0.204800 0.053500 0.126200 0.038300 0.018800 0.089700 0.124600 0.038200 0.074300 0.053300 0.109000 0.038800 0.126200 0.107600 0.054800 0.181600 0.053300 0.053400 0.057000 0.055000 0.071300 0.088100 0.142900 0.124800 0.056200 0.108200 0.124000 0.057000 0.109700 0.071600 0.059400 0.056800 0.073500 0.126000 0.109000
MountainNy 0.079200 0.225000 0.031200 0.168100 0.078700 0.095300 0.079300 0.092000 0.000000 0.097100 0.079900 0.046500 0.094300 0.096700 0.078900 0.096500 0.151600 0.168700 0.094300 0.030500 0.079700 0.078100 0.079400 0.113000 0.079900 0.115300 0.094300 0.015200 0.080900 0.030500 0.095400 0.095100 0.167000 0.094300 0.094100 0.063500 0.112300 0.110700 0.128000 0.130800 0.113200 0.098500 0.097100 0.113000 0.063500 0.131700 0.094800 0.062000 0.062500 0.063900 0.031000 0.015200
MuntiacusM 0.095800 0.223400 0.132900 0.147800 0.128700 0.112000 0.095900 0.108200 0.097100 0.000000 0.079500 0.062500 0.110700 0.113600 0.095400 0.080000 0.132500 0.149100 0.061700 0.130500 0.096300 0.094400 0.015300 0.046600 0.079500 0.132300 0.110700 0.113700 0.097800 0.130500 0.030700 0.046200 0.167200 0.110700 0.110700 0.063300 0.078300 0.127400 0.145000 0.062800 0.046700 0.115400 0.000000 0.046700 0.063300 0.080100 0.094600 0.078000 0.063000 0.063800 0.132100 0.113700
goat 0.030800 0.223000 0.114900 0.128900 0.062000 0.046200 0.030800 0.038200 0.079900 0.079500 0.000000 0.030600 0.045700 0.046900 0.062300 0.063200 0.130500 0.166700 0.061500 0.112800 0.030900 0.030300 0.062400 0.095100 0.000000 0.063700 0.045700 0.096300 0.031400 0.112800 0.078300 0.030400 0.166700 0.045700 0.045700 0.015200 0.030000 0.061300 0.078200 0.112300 0.095300 0.047700 0.079500 0.095200 0.015200 0.062700 0.061900 0.045800 0.030800 0.063500 0.114200 0.096300
AfricanBuf 0.030300 0.181600 0.079600 0.109900 0.061100 0.045500 0.030400 0.037600 0.046500 0.062500 0.030600 0.000000 0.045100 0.046200 0.030200 0.062300 0.113300 0.147000 0.060600 0.078100 0.030500 0.029900 0.046000 0.077800 0.030600 0.062700 0.045100 0.062200 0.030900 0.078100 0.061500 0.045500 0.129100 0.045100 0.045100 0.015200 0.061200 0.060500 0.075300 0.094600 0.078000 0.046900 0.062500 0.077900 0.015200 0.095600 0.061100 0.014800 0.046200 0.030800 0.079000 0.062200
Topi 0.045300 0.236000 0.129200 0.160700 0.076200 0.060600 0.045300 0.053300 0.094300 0.110700 0.045700 0.045100 0.000000 0.061300 0.076600 0.077800 0.128600 0.199600 0.075700 0.126900 0.045600 0.044700 0.093100 0.126400 0.045700 0.078300 0.000000 0.110400 0.046200 0.126900 0.109200 0.060500 0.144400 0.000000 0.059700 0.061600 0.076500 0.075500 0.092200 0.143900 0.126500 0.062500 0.110700 0.126400 0.061600 0.111100 0.076100 0.060100 0.061400 0.078000 0.128400 0.110400
CommonDuik 0.015200 0.202800 0.114400 0.146900 0.077800 0.030500 0.046400 0.055600 0.096700 0.113600 0.046900 0.046200 0.061300 0.000000 0.078400 0.079600 0.168800 0.167000 0.077500 0.129900 0.046800 0.045800 0.095500 0.129400 0.046900 0.047200 0.061300 0.113100 0.015500 0.129900 0.111900 0.061800 0.185000 0.061300 0.061400 0.063200 0.078200 0.076900 0.061800 0.112400 0.095300 0.031400 0.113600 0.095300 0.063200 0.114200 0.078000 0.061600 0.063000 0.080100 0.131500 0.113100
Suni 0.061800 0.203800 0.113400 0.144800 0.093300 0.077400 0.061800 0.072200 0.078900 0.095400 0.062300 0.030200 0.076600 0.078400 0.000000 0.095100 0.148500 0.183100 0.092600 0.111400 0.062100 0.060900 0.078000 0.077700 0.062300 0.095800 0.076600 0.095100 0.063000 0.111400 0.094000 0.077200 0.164600 0.076600 0.076700 0.046500 0.093600 0.092500 0.108600 0.094500 0.111200 0.079600 0.095400 0.077800 0.046500 0.129900 0.093300 0.045300 0.078400 0.062800 0.112700 0.095100
Springbuck 0.062700 0.242900 0.132100 0.184600 0.095000 0.078500 0.062700 0.072400 0.096500 0.080000 0.063200 0.062300 0.077800 0.079600 0.095100 0.000000 0.169100 0.205300 0.046000 0.129700 0.061500 0.061900 0.062800 0.095700 0.063200 0.062100 0.077800 0.112900 0.062400 0.129700 0.078900 0.046300 0.185600 0.077800 0.077600 0.079900 0.062400 0.093900 0.111500 0.113100 0.095900 0.046500 0.080000 0.095800 0.079900 0.114300 0.078100 0.077800 0.062700 0.080100 0.131200 0.112900
Okapi 0.149200 0.248000 0.190700 0.187900 0.184200 0.166300 0.149300 0.164200 0.151600 0.132500 0.130500 0.113300 0.128600 0.168800 0.148500 0.169100 0.000000 0.080900 0.146600 0.186900 0.149900 0.147000 0.113600 0.148600 0.130500 0.189600 0.128600 0.169000 0.152200 0.186900 0.130500 0.147300 0.151000 0.128600 0.164100 0.113600 0.163700 0.182100 0.201400 0.167300 0.148900 0.171800 0.132500 0.148700 0.113600 0.167300 0.147200 0.129400 0.131600 0.115800 0.189200 0.169000
Giraffe 0.184400 0.244000 0.188300 0.204000 0.182900 0.201900 0.184500 0.204800 0.168700 0.149100 0.166700 0.147000 0.199600 0.167000 0.183100 0.205300 0.080900 0.000000 0.181300 0.204300 0.185000 0.181800 0.129900 0.164800 0.166700 0.187600 0.199600 0.186200 0.187900 0.204300 0.147000 0.163900 0.186600 0.199600 0.199000 0.149300 0.201000 0.180600 0.237200 0.147500 0.165600 0.169800 0.149100 0.165300 0.149300 0.205400 0.181600 0.163200 0.148200 0.150300 0.206600 0.186200
TibetanAnt 0.060800 0.216700 0.129200 0.179300 0.092500 0.045000 0.061000 0.053500 0.094300 0.061700 0.061500 0.060600 0.075700 0.077500 0.092600 0.046000 0.146600 0.181300 0.000000 0.126900 0.061400 0.029600 0.045500 0.077000 0.061500 0.095000 0.075700 0.110400 0.062200 0.126900 0.060900 0.045100 0.162500 0.075700 0.075500 0.077800 0.029900 0.091500 0.108500 0.093500 0.077100 0.078900 0.061700 0.077000 0.077800 0.094400 0.060300 0.075700 0.061300 0.061800 0.128400 0.110400
Sitatunga 0.111800 0.221900 0.030800 0.168700 0.111200 0.128100 0.111800 0.126200 0.030500 0.130500 0.112800 0.078100 0.126900 0.129900 0.111400 0.129700 0.186900 0.204300 0.126900 0.000000 0.112400 0.110300 0.112000 0.146500 0.112800 0.149500 0.126900 0.015000 0.114000 0.000000 0.128200 0.127900 0.183900 0.126900 0.126600 0.095900 0.145800 0.143700 0.161600 0.164900 0.146700 0.132400 0.130500 0.146500 0.095900 0.166000 0.127400 0.093700 0.094500 0.096500 0.000100 0.015000
Oribi 0.030700 0.221400 0.114500 0.146500 0.061800 0.046100 0.030700 0.038300 0.079700 0.096300 0.030900 0.030500 0.045600 0.046800 0.062100 0.061500 0.149900 0.185000 0.061400 0.112400 0.000000 0.030300 0.078700 0.111900 0.030900 0.062000 0.045600 0.096000 0.030600 0.112400 0.095000 0.046000 0.148200 0.045600 0.014900 0.046900 0.061900 0.061200 0.078000 0.129600 0.112200 0.046400 0.096300 0.112200 0.046900 0.096700 0.061700 0.045700 0.046700 0.063400 0.113700 0.096000
BarbaryShe 0.030000 0.217400 0.112400 0.143400 0.060700 0.014800 0.030100 0.018800 0.078100 0.094400 0.030300 0.029900 0.044700 0.045800 0.060900 0.061900 0.147000 0.181800 0.029600 0.110300 0.030300 0.000000 0.077200 0.109900 0.030300 0.062300 0.044700 0.094100 0.030700 0.110300 0.093100 0.045100 0.163100 0.044700 0.044700 0.046000 0.029900 0.060100 0.076400 0.127200 0.110100 0.046600 0.094400 0.110000 0.046000 0.094800 0.060600 0.044800 0.045800 0.062100 0.111700 0.094100
Daviddeer 0.078300 0.201700 0.114100 0.127900 0.110500 0.094100 0.078400 0.089700 0.079400 0.015300 0.062400 0.046000 0.093100 0.095500 0.078000 0.062800 0.113600 0.129900 0.045500 0.112000 0.078700 0.077200 0.000000 0.030500 0.062400 0.113600 0.093100 0.095600 0.079800 0.112000 0.015100 0.030200 0.147400 0.093100 0.093100 0.046600 0.061600 0.109300 0.126100 0.046300 0.030500 0.097100 0.015300 0.030600 0.046600 0.095800 0.077500 0.061300 0.046300 0.046900 0.113300 0.095600
Reindeer 0.111400 0.240400 0.149200 0.164200 0.144600 0.127700 0.111500 0.124600 0.113000 0.046600 0.095100 0.077800 0.126400 0.129400 0.077700 0.095700 0.148600 0.164800 0.077000 0.146500 0.111900 0.109900 0.030500 0.000000 0.095100 0.148600 0.126400 0.129600 0.113600 0.146500 0.046000 0.061400 0.183500 0.126400 0.126300 0.078900 0.093900 0.143200 0.161200 0.046100 0.062100 0.131600 0.046600 0.030400 0.078900 0.129800 0.110100 0.093300 0.078400 0.079400 0.148300 0.129600
Ibex 0.030800 0.223000 0.114900 0.128900 0.062000 0.046200 0.030800 0.038200 0.079900 0.079500 0.000000 0.030600 0.045700 0.046900 0.062300 0.063200 0.130500 0.166700 0.061500 0.112800 0.030900 0.030300 0.062400 0.095100 0.000000 0.063700 0.045700 0.096300 0.031400 0.112800 0.078300 0.030400 0.166700 0.045700 0.045700 0.015200 0.030000 0.061300 0.078200 0.112300 0.095300 0.047700 0.079500 0.095200 0.015200 0.062700 0.061900 0.045800 0.030800 0.063500 0.114200 0.096300
GyrantGaze 0.063200 0.225000 0.133700 0.186900 0.095600 0.079100 0.063200 0.074300 0.115300 0.132300 0.063700 0.062700 0.078300 0.047200 0.095800 0.062100 0.189600 0.187600 0.095000 0.149500 0.062000 0.062300 0.113600 0.148600 0.063700 0.000000 0.078300 0.132200 0.062900 0.149500 0.130500 0.079000 0.206300 0.078300 0.078200 0.080500 0.095800 0.094600 0.112400 0.131000 0.148900 0.015300 0.132300 0.148700 0.080500 0.133100 0.095300 0.078400 0.080200 0.097900 0.151200 0.132200
Hartebeest 0.045300 0.236000 0.129200 0.160700 0.076200 0.060600 0.045300 0.053300 0.094300 0.110700 0.045700 0.045100 0.000000 0.061300 0.076600 0.077800 0.128600 0.199600 0.075700 0.126900 0.045600 0.044700 0.093100 0.126400 0.045700 0.078300 0.000000 0.110400 0.046200 0.126900 0.109200 0.060500 0.144400 0.000000 0.059700 0.061600 0.076500 0.075500 0.092200 0.143900 0.126500 0.062500 0.110700 0.126400 0.061600 0.111100 0.076100 0.060100 0.061400 0.078000 0.128400 0.110400
Bongo 0.095400 0.243400 0.015300 0.151200 0.094800 0.111600 0.095500 0.109000 0.015200 0.113700 0.096300 0.062200 0.110400 0.113100 0.095100 0.112900 0.169000 0.186200 0.110400 0.015000 0.096000 0.094100 0.095600 0.129600 0.096300 0.132200 0.110400 0.000000 0.097400 0.015000 0.111600 0.111400 0.166300 0.110400 0.110200 0.079600 0.128800 0.127000 0.144700 0.147700 0.129800 0.115300 0.113700 0.129700 0.079600 0.148700 0.111000 0.077800 0.078400 0.080100 0.015200 0.000000
Gerenuk 0.000200 0.225200 0.116200 0.129600 0.062700 0.015300 0.031200 0.038800 0.080900 0.097800 0.031400 0.030900 0.046200 0.015500 0.063000 0.062400 0.152200 0.187900 0.062200 0.114000 0.030600 0.030700 0.079800 0.113600 0.031400 0.062900 0.046200 0.097400 0.000000 0.114000 0.096200 0.046700 0.168500 0.046200 0.046300 0.047600 0.062800 0.062000 0.046500 0.131500 0.079700 0.047100 0.097800 0.079700 0.047600 0.098200 0.062600 0.046300 0.047400 0.064300 0.115300 0.097400
CommonElan 0.111800 0.221900 0.030800 0.168700 0.111200 0.128100 0.111800 0.126200 0.030500 0.130500 0.112800 0.078100 0.126900 0.129900 0.111400 0.129700 0.186900 0.204300 0.126900 0.000000 0.112400 0.110300 0.112000 0.146500 0.112800 0.149500 0.126900 0.015000 0.114000 0.000000 0.128200 0.127900 0.183900 0.126900 0.126600 0.095900 0.145800 0.143700 0.161600 0.164900 0.146700 0.132400 0.130500 0.146500 0.095900 0.166000 0.127400 0.093700 0.094500 0.096500 0.000100 0.015000
MuntiacusR 0.094300 0.220900 0.131100 0.146300 0.127000 0.110300 0.094400 0.107600 0.095400 0.030700 0.078300 0.061500 0.109200 0.111900 0.094000 0.078900 0.130500 0.147000 0.060900 0.128200 0.095000 0.093100 0.015100 0.046000 0.078300 0.130500 0.109200 0.111600 0.096200 0.128200 0.000000 0.045500 0.164200 0.109200 0.109100 0.062100 0.077300 0.125700 0.143200 0.062000 0.046000 0.113900 0.030700 0.046000 0.062100 0.111800 0.093300 0.076900 0.061800 0.062800 0.130300 0.111600
HarveysDui 0.045800 0.238300 0.130300 0.126700 0.076600 0.061100 0.045700 0.054800 0.095100 0.046200 0.030400 0.045500 0.060500 0.061800 0.077200 0.046300 0.147300 0.163900 0.045100 0.127900 0.046000 0.045100 0.030200 0.061400 0.030400 0.079000 0.060500 0.111400 0.046700 0.127900 0.045500 0.000000 0.182000 0.060500 0.060500 0.046100 0.030000 0.075800 0.093100 0.077700 0.061600 0.063000 0.046200 0.061500 0.046100 0.095000 0.076800 0.060600 0.030400 0.078800 0.129400 0.111400
Pronghorn 0.165400 0.265400 0.188400 0.207100 0.200400 0.182500 0.146800 0.181600 0.167000 0.167200 0.166700 0.129100 0.144400 0.185000 0.164600 0.185600 0.151000 0.186600 0.162500 0.183900 0.148200 0.163100 0.147400 0.183500 0.166700 0.206300 0.144400 0.166300 0.168500 0.183900 0.164200 0.182000 0.000000 0.144400 0.162400 0.148700 0.201100 0.198500 0.180800 0.203100 0.183800 0.188200 0.167200 0.183800 0.148700 0.204500 0.128200 0.145200 0.165600 0.131800 0.186900 0.166300
BlueWildeb 0.045300 0.236000 0.129200 0.160700 0.076200 0.060600 0.045300 0.053300 0.094300 0.110700 0.045700 0.045100 0.000000 0.061300 0.076600 0.077800 0.128600 0.199600 0.075700 0.126900 0.045600 0.044700 0.093100 0.126400 0.045700 0.078300 0.000000 0.110400 0.046200 0.126900 0.109200 0.060500 0.144400 0.000000 0.059700 0.061600 0.076500 0.075500 0.092200 0.143900 0.126500 0.062500 0.110700 0.126400 0.061600 0.111100 0.076100 0.060100 0.061400 0.078000 0.128400 0.110400
Gemsbok 0.045400 0.235500 0.128800 0.161200 0.076100 0.060600 0.045400 0.053400 0.094100 0.110700 0.045700 0.045100 0.059700 0.061400 0.076700 0.077600 0.164100 0.199000 0.075500 0.126600 0.014900 0.044700 0.093100 0.126300 0.045700 0.078200 0.059700 0.110200 0.046300 0.126600 0.109100 0.060500 0.162400 0.059700 0.000000 0.061700 0.076300 0.075500 0.092300 0.143900 0.126400 0.062400 0.110700 0.126500 0.061700 0.111200 0.076200 0.060200 0.061400 0.078000 0.128100 0.110200
Yak 0.046700 0.205100 0.098100 0.112500 0.078300 0.062300 0.046700 0.057000 0.063500 0.063300 0.015200 0.015200 0.061600 0.063200 0.046500 0.079900 0.113600 0.149300 0.077800 0.095900 0.046900 0.046000 0.046600 0.078900 0.015200 0.080500 0.061600 0.079600 0.047600 0.095900 0.062100 0.046100 0.148700 0.061600 0.061700 0.000000 0.045700 0.077500 0.093900 0.095900 0.079100 0.064300 0.063300 0.079000 0.000000 0.079000 0.078300 0.030400 0.046700 0.047500 0.097400 0.079600
BlueSheep 0.061600 0.259200 0.148400 0.162800 0.093300 0.045600 0.061600 0.055000 0.112300 0.078300 0.030000 0.061200 0.076500 0.078200 0.093600 0.062400 0.163700 0.201000 0.029900 0.145800 0.061900 0.029900 0.061600 0.093900 0.030000 0.095800 0.076500 0.128800 0.062800 0.145800 0.077300 0.030000 0.201100 0.076500 0.076300 0.045700 0.000000 0.092400 0.109700 0.110900 0.094000 0.079600 0.078300 0.093900 0.045700 0.094100 0.093000 0.076500 0.061800 0.095400 0.147600 0.128800
BohorReedb 0.060800 0.255500 0.146300 0.161600 0.029300 0.076200 0.060700 0.071300 0.110700 0.127400 0.061300 0.060500 0.075500 0.076900 0.092500 0.093900 0.182100 0.180600 0.091500 0.143700 0.061200 0.060100 0.109300 0.143200 0.061300 0.094600 0.075500 0.127000 0.062000 0.143700 0.125700 0.075800 0.198500 0.075500 0.075500 0.077500 0.092400 0.000000 0.108300 0.161100 0.143300 0.078600 0.127400 0.143200 0.077500 0.128000 0.092000 0.075600 0.077200 0.094200 0.145500 0.127000
KirksDik 0.045600 0.275500 0.164500 0.179000 0.109400 0.060900 0.077700 0.088100 0.128000 0.145000 0.078200 0.075300 0.092200 0.061800 0.108600 0.111500 0.201400 0.237200 0.108500 0.161600 0.078000 0.076400 0.126100 0.161200 0.078200 0.112400 0.092200 0.144700 0.046500 0.161600 0.143200 0.093100 0.180800 0.092200 0.092300 0.093900 0.109700 0.108300 0.000000 0.179400 0.125800 0.096100 0.145000 0.126200 0.093900 0.147000 0.076900 0.090600 0.094600 0.110800 0.163000 0.144700
RoeDeer 0.129000 0.221200 0.149300 0.183800 0.162700 0.145500 0.129100 0.142900 0.130800 0.062800 0.112300 0.094600 0.143900 0.112400 0.094500 0.113100 0.167300 0.147500 0.093500 0.164900 0.129600 0.127200 0.046300 0.046100 0.112300 0.131000 0.143900 0.147700 0.131500 0.164900 0.062000 0.077700 0.203100 0.143900 0.143900 0.095900 0.110900 0.161100 0.179400 0.000000 0.078500 0.114300 0.062800 0.046200 0.095900 0.148100 0.126800 0.077400 0.095300 0.096100 0.166900 0.147700
WhiteLippe 0.078200 0.240800 0.149600 0.145600 0.144800 0.094000 0.111700 0.124800 0.113200 0.046700 0.095300 0.078000 0.126500 0.095300 0.111200 0.095900 0.148900 0.165600 0.077100 0.146700 0.112200 0.110100 0.030500 0.062100 0.095300 0.148900 0.126500 0.129800 0.079700 0.146700 0.046000 0.061600 0.183800 0.126500 0.126400 0.079100 0.094000 0.143300 0.125800 0.078500 0.000000 0.131900 0.046700 0.030500 0.079100 0.130200 0.110500 0.093500 0.078600 0.079600 0.148500 0.129800
ThomsonGaz 0.047300 0.190600 0.116500 0.166700 0.079500 0.063200 0.047300 0.056200 0.098500 0.115400 0.047700 0.046900 0.062500 0.031400 0.079600 0.046500 0.171800 0.169800 0.078900 0.132400 0.046400 0.046600 0.097100 0.131600 0.047700 0.015300 0.062500 0.115300 0.047100 0.132400 0.113900 0.063000 0.188200 0.062500 0.062400 0.064300 0.079600 0.078600 0.096100 0.114300 0.131900 0.000000 0.115400 0.131600 0.064300 0.116100 0.079200 0.062500 0.064000 0.081400 0.133900 0.115300
MuntiacusC 0.095800 0.223400 0.132900 0.147800 0.128700 0.112000 0.095900 0.108200 0.097100 0.000000 0.079500 0.062500 0.110700 0.113600 0.095400 0.080000 0.132500 0.149100 0.061700 0.130500 0.096300 0.094400 0.015300 0.046600 0.079500 0.132300 0.110700 0.113700 0.097800 0.130500 0.030700 0.046200 0.167200 0.110700 0.110700 0.063300 0.078300 0.127400 0.145000 0.062800 0.046700 0.115400 0.000000 0.046700 0.063300 0.080100 0.094600 0.078000 0.063000 0.063800 0.132100 0.113700
WhiteTaile 0.078100 0.240200 0.149400 0.145200 0.144600 0.093900 0.111800 0.124000 0.113000 0.046700 0.095200 0.077900 0.126400 0.095300 0.077800 0.095800 0.148700 0.165300 0.077000 0.146500 0.112200 0.110000 0.030600 0.030400 0.095200 0.148700 0.126400 0.129700 0.079700 0.146500 0.046000 0.061500 0.183800 0.126400 0.126500 0.079000 0.093900 0.143200 0.126200 0.046200 0.030500 0.131600 0.046700 0.000000 0.079000 0.130100 0.110300 0.093500 0.078600 0.079600 0.148200 0.129700
Cattle 0.046700 0.205100 0.098100 0.112500 0.078300 0.062300 0.046700 0.057000 0.063500 0.063300 0.015200 0.015200 0.061600 0.063200 0.046500 0.079900 0.113600 0.149300 0.077800 0.095900 0.046900 0.046000 0.046600 0.078900 0.015200 0.080500 0.061600 0.079600 0.047600 0.095900 0.062100 0.046100 0.148700 0.061600 0.061700 0.000000 0.045700 0.077500 0.093900 0.095900 0.079100 0.064300 0.063300 0.079000 0.000000 0.079000 0.078300 0.030400 0.046700 0.047500 0.097400 0.079600
RoyalAntel 0.096300 0.265400 0.170100 0.206100 0.129300 0.112500 0.096300 0.109700 0.131700 0.080100 0.062700 0.095600 0.111100 0.114200 0.129900 0.114300 0.167300 0.205400 0.094400 0.166000 0.096700 0.094800 0.095800 0.129800 0.062700 0.133100 0.111100 0.148700 0.098200 0.166000 0.111800 0.095000 0.204500 0.111100 0.111200 0.079000 0.094100 0.128000 0.147000 0.148100 0.130200 0.116100 0.080100 0.130100 0.079000 0.000000 0.095100 0.111500 0.079300 0.097700 0.168800 0.148700
Steenbok 0.061400 0.217600 0.129700 0.181400 0.092800 0.076900 0.061500 0.071600 0.094800 0.094600 0.061900 0.061100 0.076100 0.078000 0.093300 0.078100 0.147200 0.181600 0.060300 0.127400 0.061700 0.060600 0.077500 0.110100 0.061900 0.095300 0.076100 0.111000 0.062600 0.127400 0.093300 0.076800 0.128200 0.076100 0.076200 0.078300 0.093000 0.092000 0.076900 0.126800 0.110500 0.079200 0.094600 0.110300 0.078300 0.095100 0.000000 0.076200 0.061800 0.062000 0.128900 0.111000
Impala 0.045500 0.198000 0.095400 0.125700 0.076300 0.060700 0.045500 0.059400 0.062000 0.078000 0.045800 0.014800 0.060100 0.061600 0.045300 0.077800 0.129400 0.163200 0.075700 0.093700 0.045700 0.044800 0.061300 0.093300 0.045800 0.078400 0.060100 0.077800 0.046300 0.093700 0.076900 0.060600 0.145200 0.060100 0.060200 0.030400 0.076500 0.075600 0.090600 0.077400 0.093500 0.062500 0.078000 0.093500 0.030400 0.111500 0.076200 0.000000 0.061600 0.046200 0.094800 0.077800
Klipspring 0.046500 0.222800 0.096600 0.129800 0.078000 0.062100 0.046500 0.056800 0.062500 0.063000 0.030800 0.046200 0.061400 0.063000 0.078400 0.062700 0.131600 0.148200 0.061300 0.094500 0.046700 0.045800 0.046300 0.078400 0.030800 0.080200 0.061400 0.078400 0.047400 0.094500 0.061800 0.030400 0.165600 0.061400 0.061400 0.046700 0.061800 0.077200 0.094600 0.095300 0.078600 0.064000 0.063000 0.078600 0.046700 0.079300 0.061800 0.061600 0.000000 0.063400 0.096000 0.078400
ForestMusk 0.063000 0.185600 0.098300 0.149100 0.095200 0.078900 0.063100 0.073500 0.063900 0.063800 0.063500 0.030800 0.078000 0.080100 0.062800 0.080100 0.115800 0.150300 0.061800 0.096500 0.063400 0.062100 0.046900 0.079400 0.063500 0.097900 0.078000 0.080100 0.064300 0.096500 0.062800 0.078800 0.131800 0.078000 0.078000 0.047500 0.095400 0.094200 0.110800 0.096100 0.079600 0.081400 0.063800 0.079600 0.047500 0.097700 0.062000 0.046200 0.063400 0.000000 0.097600 0.080100
Bushbuck 0.113100 0.223400 0.031100 0.170800 0.112600 0.129700 0.113200 0.126000 0.031000 0.132100 0.114200 0.079000 0.128400 0.131500 0.112700 0.131200 0.189200 0.206600 0.128400 0.000100 0.113700 0.111700 0.113300 0.148300 0.114200 0.151200 0.128400 0.015200 0.115300 0.000100 0.130300 0.129400 0.186900 0.128400 0.128100 0.097400 0.147600 0.145500 0.163000 0.166900 0.148500 0.133900 0.132100 0.148200 0.097400 0.168800 0.128900 0.094800 0.096000 0.097600 0.000000 0.015200
GreaterKud 0.095400 0.243400 0.015300 0.151200 0.094800 0.111600 0.095500 0.109000 0.015200 0.113700 0.096300 0.062200 0.110400 0.113100 0.095100 0.112900 0.169000 0.186200 0.110400 0.015000 0.096000 0.094100 0.095600 0.129600 0.096300 0.132200 0.110400 0.000000 0.097400 0.015000 0.111600 0.111400 0.166300 0.110400 0.110200 0.079600 0.128800 0.127000 0.144700 0.147700 0.129800 0.115300 0.113700 0.129700 0.079600 0.148700 0.111000 0.077800 0.078400 0.080100 0.015200 0.000000
