1
52 1
Argali 0.000000 0.196200 0.053600 0.198500 0.084000 0.000000 0.058700 0.038800 0.063600 0.085900 0.000000 0.048600 0.053500 0.038600 0.063800 0.038800 0.094200 0.058500 0.043700 0.068800 0.038700 0.009500 0.090200 0.090100 0.000000 0.058800 0.058600 0.068800 0.048700 0.048700 0.080700 0.048500 0.110600 0.058600 0.058600 0.053500 0.000000 0.068600 0.073500 0.079700 0.090000 0.043600 0.080100 0.090400 0.053600 0.063800 0.033900 0.058800 0.043600 0.079100 0.068700 0.058700
LesserMous 0.196200 0.000000 0.168300 0.246900 0.214200 0.196200 0.185300 0.185800 0.185200 0.213100 0.196000 0.179100 0.202100 0.173200 0.173300 0.179800 0.184400 0.191000 0.215600 0.191500 0.185300 0.202200 0.217400 0.223000 0.196000 0.197100 0.196300 0.191700 0.191500 0.180000 0.225900 0.178700 0.227200 0.196300 0.208600 0.184700 0.196000 0.208200 0.213400 0.199000 0.222900 0.179000 0.211500 0.223300 0.184900 0.203200 0.179500 0.196300 0.179200 0.203300 0.191100 0.185800
LesserKudu 0.053600 0.168300 0.000000 0.204800 0.078900 0.053600 0.064000 0.043900 0.018700 0.054600 0.053300 0.033700 0.068600 0.053700 0.069100 0.033900 0.068700 0.043700 0.069200 0.023900 0.043800 0.063500 0.084900 0.074400 0.053400 0.064000 0.063600 0.023200 0.043900 0.014300 0.070300 0.053600 0.105700 0.063600 0.063600 0.038700 0.053400 0.073800 0.089600 0.064200 0.084800 0.048700 0.059400 0.074700 0.038700 0.069100 0.048900 0.074000 0.038800 0.063900 0.023900 0.014100
KillerWhal 0.198500 0.246900 0.204800 0.000000 0.222900 0.198500 0.192400 0.217700 0.222800 0.227100 0.198400 0.210700 0.204400 0.198200 0.198900 0.211300 0.204300 0.210800 0.223600 0.229500 0.217100 0.204700 0.218300 0.219200 0.198400 0.229600 0.204500 0.229600 0.223500 0.217200 0.221000 0.204000 0.229500 0.204500 0.229500 0.216600 0.198400 0.222600 0.260300 0.206700 0.217800 0.210500 0.225400 0.214700 0.216900 0.235700 0.199100 0.223500 0.222500 0.216300 0.222900 0.211300
DefassaWat 0.084000 0.214200 0.078900 0.222900 0.000000 0.084000 0.074200 0.064100 0.089000 0.107500 0.083700 0.083900 0.078300 0.063900 0.058900 0.053900 0.089000 0.073800 0.069300 0.094400 0.053900 0.094200 0.133600 0.117000 0.083300 0.074300 0.073800 0.093600 0.064000 0.074100 0.124300 0.053700 0.137900 0.073800 0.084100 0.089300 0.083700 0.023500 0.110700 0.127900 0.133400 0.058700 0.112300 0.117500 0.089100 0.079400 0.069100 0.058800 0.068800 0.084200 0.083800 0.094400
Sheep 0.000000 0.196200 0.053600 0.198500 0.084000 0.000000 0.058700 0.038800 0.063600 0.085900 0.000000 0.048600 0.053500 0.038600 0.063800 0.038800 0.094200 0.058500 0.043700 0.068800 0.038700 0.009500 0.090200 0.090100 0.000000 0.058800 0.058600 0.068800 0.048700 0.048700 0.080700 0.048500 0.110600 0.058600 0.058600 0.053500 0.000000 0.068600 0.073500 0.079700 0.090000 0.043600 0.080100 0.090400 0.053600 0.063800 0.033900 0.058800 0.043600 0.079100 0.068700 0.058700
MaxwellsDu 0.058700 0.185300 0.064000 0.192400 0.074200 0.058700 0.000000 0.039100 0.074100 0.075800 0.058700 0.058800 0.074000 0.019200 0.048900 0.039000 0.084200 0.069000 0.054100 0.079400 0.039000 0.068900 0.096000 0.085200 0.058700 0.049000 0.068900 0.079400 0.049000 0.059000 0.070700 0.028900 0.116300 0.068900 0.069000 0.063800 0.058700 0.058900 0.084500 0.074800 0.095800 0.053800 0.070100 0.085600 0.063900 0.044000 0.044000 0.049000 0.043800 0.089900 0.079200 0.079400
GazellaPrz 0.038800 0.185800 0.043900 0.217700 0.064100 0.038800 0.039100 0.000000 0.053900 0.070800 0.038800 0.038900 0.053900 0.029100 0.054000 0.018900 0.069000 0.043900 0.044100 0.059000 0.019300 0.048800 0.091000 0.080300 0.038800 0.039100 0.048900 0.048800 0.029100 0.039000 0.076200 0.038900 0.111400 0.048900 0.048900 0.043800 0.038800 0.048900 0.063800 0.080300 0.090800 0.034000 0.065100 0.080600 0.043900 0.044100 0.024200 0.049100 0.024200 0.069300 0.058900 0.059100
MountainNy 0.063600 0.185200 0.018700 0.222800 0.089000 0.063600 0.074100 0.053900 0.000000 0.064800 0.063400 0.043500 0.078700 0.063700 0.079200 0.043800 0.078800 0.053600 0.079300 0.014300 0.053700 0.073000 0.095200 0.084600 0.063400 0.074100 0.073600 0.023900 0.053800 0.014300 0.080600 0.063600 0.116200 0.073600 0.073700 0.048600 0.063400 0.083900 0.099900 0.074300 0.095000 0.058700 0.069500 0.084900 0.048500 0.079200 0.058800 0.084200 0.048600 0.074000 0.023900 0.033600
MuntiacusM 0.085900 0.213100 0.054600 0.227100 0.107500 0.085900 0.075800 0.070800 0.064800 0.000000 0.085900 0.080700 0.107400 0.070400 0.107800 0.060200 0.085900 0.060000 0.091900 0.070100 0.070600 0.096600 0.054800 0.044500 0.085900 0.091800 0.102100 0.070200 0.070600 0.059800 0.024400 0.070200 0.124400 0.102100 0.102100 0.085900 0.085900 0.102100 0.118300 0.054700 0.049600 0.086100 0.014500 0.039600 0.086000 0.081100 0.075900 0.097200 0.075600 0.086200 0.069900 0.065000
goat 0.000000 0.196000 0.053300 0.198400 0.083700 0.000000 0.058700 0.038800 0.063400 0.085900 0.000000 0.048400 0.053300 0.038600 0.063800 0.038800 0.094200 0.058400 0.043700 0.068500 0.038700 0.009500 0.090100 0.090000 0.000000 0.058700 0.058000 0.068600 0.048700 0.048700 0.080700 0.048400 0.110500 0.058400 0.058400 0.053500 0.000000 0.068400 0.073600 0.079700 0.089900 0.043600 0.080000 0.090400 0.053400 0.063700 0.033800 0.058600 0.043500 0.079000 0.068400 0.058500
AfricanBuf 0.048600 0.179100 0.033700 0.210700 0.083900 0.048600 0.058800 0.038900 0.043500 0.080700 0.048400 0.000000 0.063500 0.048600 0.063900 0.038900 0.083900 0.058600 0.064000 0.048600 0.038800 0.048400 0.100900 0.090100 0.048400 0.058900 0.058500 0.048600 0.048800 0.029000 0.086200 0.058600 0.110800 0.058500 0.058500 0.004800 0.048400 0.068500 0.084100 0.079800 0.100700 0.043700 0.075000 0.090400 0.004700 0.063900 0.043800 0.068800 0.033800 0.068900 0.048500 0.038700
Topi 0.053500 0.202100 0.068600 0.204400 0.078300 0.053500 0.074000 0.053900 0.078700 0.107400 0.053300 0.063500 0.000000 0.053600 0.068900 0.053800 0.099500 0.073700 0.048800 0.084000 0.043800 0.063100 0.106000 0.116700 0.052800 0.063900 0.004700 0.084100 0.053800 0.063900 0.102100 0.053500 0.115900 0.004700 0.043600 0.068700 0.053300 0.063400 0.089200 0.106100 0.105800 0.048700 0.101300 0.117200 0.068500 0.079200 0.048700 0.073900 0.058600 0.094800 0.073300 0.084100
CommonDuik 0.038600 0.173200 0.053700 0.198200 0.063900 0.038600 0.019200 0.029100 0.063700 0.070400 0.038600 0.048600 0.053600 0.000000 0.043800 0.029000 0.073800 0.048600 0.034000 0.068900 0.029000 0.048600 0.079900 0.079800 0.038600 0.038900 0.058700 0.069000 0.038900 0.048800 0.065300 0.009500 0.094800 0.058700 0.058700 0.053600 0.038600 0.048700 0.063400 0.069500 0.079800 0.043700 0.064700 0.080200 0.053600 0.033900 0.033900 0.038900 0.033800 0.079200 0.068800 0.069000
Suni 0.063800 0.173300 0.069100 0.198900 0.058900 0.063800 0.048900 0.054000 0.079200 0.107800 0.063800 0.063900 0.068900 0.043800 0.000000 0.054000 0.089300 0.084300 0.069300 0.084600 0.053900 0.074100 0.117300 0.106500 0.063800 0.064100 0.063800 0.084600 0.064100 0.064100 0.113400 0.053700 0.105800 0.063800 0.074200 0.068900 0.063800 0.043800 0.094700 0.095800 0.117000 0.048800 0.101700 0.106900 0.069000 0.069200 0.048900 0.059000 0.058800 0.084600 0.084400 0.084600
Springbuck 0.038800 0.179800 0.033900 0.211300 0.053900 0.038800 0.039000 0.018900 0.043800 0.060200 0.038800 0.038900 0.053800 0.029000 0.054000 0.000000 0.063800 0.038800 0.044100 0.048900 0.018800 0.048800 0.090900 0.080100 0.038800 0.039000 0.048800 0.048900 0.009600 0.029100 0.076100 0.029000 0.111300 0.048800 0.048800 0.043800 0.038800 0.048900 0.063800 0.080200 0.090700 0.034000 0.065000 0.080500 0.043800 0.044000 0.024100 0.049000 0.024100 0.059000 0.048800 0.048900
Okapi 0.094200 0.184400 0.068700 0.204300 0.089000 0.094200 0.084200 0.069000 0.078800 0.085900 0.094200 0.083900 0.099500 0.073800 0.089300 0.063800 0.000000 0.043500 0.089500 0.084100 0.074000 0.104800 0.111500 0.106000 0.094200 0.084400 0.094300 0.079000 0.063800 0.073900 0.102200 0.073600 0.094700 0.094300 0.094400 0.089000 0.094200 0.073600 0.110300 0.095300 0.100600 0.078900 0.090700 0.106400 0.089100 0.089400 0.079200 0.084200 0.078900 0.073300 0.063500 0.084200
Giraffe 0.058500 0.191000 0.043700 0.210800 0.073800 0.058500 0.069000 0.043900 0.053600 0.060000 0.058400 0.058600 0.073700 0.048600 0.084300 0.038800 0.043500 0.000000 0.063900 0.058700 0.048800 0.068600 0.074700 0.079800 0.058400 0.069000 0.078900 0.053700 0.048800 0.048700 0.065300 0.048500 0.100200 0.078900 0.079000 0.063500 0.058400 0.068700 0.083900 0.079800 0.074600 0.063700 0.064800 0.080200 0.063600 0.074100 0.053800 0.069000 0.053600 0.058600 0.048600 0.058700
TibetanAnt 0.043700 0.215600 0.069200 0.223600 0.069300 0.043700 0.054100 0.044100 0.079300 0.091900 0.043700 0.064000 0.048800 0.034000 0.069300 0.044100 0.089500 0.063900 0.000000 0.084700 0.044000 0.053800 0.106900 0.106700 0.043700 0.064300 0.053900 0.084800 0.044000 0.064200 0.086700 0.043800 0.116500 0.053900 0.053900 0.069000 0.043700 0.043900 0.079500 0.106800 0.106600 0.059000 0.086000 0.107200 0.069100 0.059200 0.049100 0.054100 0.048900 0.095300 0.074100 0.074400
Sitatunga 0.068800 0.191500 0.023900 0.229500 0.094400 0.068800 0.079400 0.059000 0.014300 0.070100 0.068500 0.048600 0.084000 0.068900 0.084600 0.048900 0.084100 0.058700 0.084700 0.000000 0.058900 0.078900 0.100700 0.090000 0.068500 0.079400 0.078900 0.028200 0.058900 0.019200 0.086000 0.068800 0.121800 0.078900 0.079000 0.053700 0.068500 0.089200 0.105400 0.079600 0.100500 0.063900 0.074800 0.090300 0.053200 0.084600 0.064000 0.089500 0.053700 0.079200 0.028800 0.038600
Oribi 0.038700 0.185300 0.043800 0.217100 0.053900 0.038700 0.039000 0.019300 0.053700 0.070600 0.038700 0.038800 0.043800 0.029000 0.053900 0.018800 0.074000 0.048800 0.044000 0.058900 0.000000 0.048700 0.090700 0.080000 0.038700 0.029100 0.038800 0.059000 0.029000 0.038900 0.076000 0.029000 0.111100 0.038800 0.048800 0.043700 0.038700 0.048800 0.063600 0.080100 0.090500 0.024100 0.064900 0.080400 0.043800 0.043900 0.024100 0.039000 0.024100 0.058900 0.058800 0.058900
BarbaryShe 0.009500 0.202200 0.063500 0.204700 0.094200 0.009500 0.068900 0.048800 0.073000 0.096600 0.009500 0.048400 0.063100 0.048600 0.074100 0.048800 0.104800 0.068600 0.053800 0.078900 0.048700 0.000000 0.100800 0.100700 0.009300 0.069000 0.068500 0.078900 0.058800 0.058800 0.091400 0.058500 0.121400 0.068500 0.068600 0.053500 0.009500 0.078700 0.084000 0.090300 0.100600 0.053600 0.090700 0.101100 0.053400 0.074100 0.043800 0.068800 0.053600 0.089500 0.078700 0.068700
Daviddeer 0.090200 0.217400 0.084900 0.218300 0.133600 0.090200 0.096000 0.091000 0.095200 0.054800 0.090100 0.100900 0.106000 0.079900 0.117300 0.090900 0.111500 0.074700 0.106900 0.100700 0.090700 0.100800 0.000000 0.049000 0.090100 0.112200 0.111600 0.100800 0.101500 0.090300 0.049800 0.090300 0.139400 0.111600 0.122600 0.106100 0.090100 0.117200 0.128100 0.059200 0.024100 0.106400 0.049400 0.054400 0.106200 0.106700 0.075100 0.117600 0.095700 0.112000 0.095200 0.100800
Reindeer 0.090100 0.223000 0.074400 0.219200 0.117000 0.090100 0.085200 0.080300 0.084600 0.044500 0.090000 0.090100 0.116700 0.079800 0.106500 0.080100 0.106000 0.079800 0.106700 0.090000 0.080000 0.100700 0.049000 0.000000 0.090000 0.101200 0.111400 0.090100 0.090700 0.079600 0.049700 0.090100 0.139200 0.111400 0.111500 0.095300 0.090000 0.100900 0.117100 0.048900 0.053900 0.095500 0.039200 0.014400 0.095400 0.095800 0.074900 0.111900 0.085000 0.106300 0.089800 0.090000
Ibex 0.000000 0.196000 0.053400 0.198400 0.083300 0.000000 0.058700 0.038800 0.063400 0.085900 0.000000 0.048400 0.052800 0.038600 0.063800 0.038800 0.094200 0.058400 0.043700 0.068500 0.038700 0.009300 0.090100 0.090000 0.000000 0.058700 0.058400 0.068600 0.048700 0.048700 0.080700 0.048400 0.110500 0.058400 0.058400 0.053500 0.000000 0.068700 0.073600 0.079700 0.089900 0.043600 0.080000 0.090400 0.053400 0.063700 0.033800 0.058600 0.043500 0.079000 0.068400 0.058500
GyrantGaze 0.058800 0.197100 0.064000 0.229600 0.074300 0.058800 0.049000 0.039100 0.074100 0.091800 0.058700 0.058900 0.063900 0.038900 0.064100 0.039000 0.084400 0.069000 0.064300 0.079400 0.029100 0.069000 0.112200 0.101200 0.058700 0.000000 0.058900 0.079500 0.049100 0.059100 0.097400 0.038900 0.122000 0.058900 0.069100 0.063900 0.058700 0.069100 0.084300 0.090600 0.112000 0.024100 0.085900 0.101600 0.063900 0.064200 0.044000 0.049000 0.043800 0.084700 0.079300 0.079400
Hartebeest 0.058600 0.196300 0.063600 0.204500 0.073800 0.058600 0.068900 0.048900 0.073600 0.102100 0.058000 0.058500 0.004700 0.058700 0.063800 0.048800 0.094300 0.078900 0.053900 0.078900 0.038800 0.068500 0.111600 0.111400 0.058400 0.058900 0.000000 0.079000 0.048800 0.058800 0.107700 0.058600 0.121500 0.000000 0.038600 0.063700 0.058400 0.058500 0.094600 0.100800 0.111300 0.043700 0.096000 0.111900 0.063500 0.074100 0.043800 0.068800 0.053600 0.089600 0.068500 0.078900
Bongo 0.068800 0.191700 0.023200 0.229600 0.093600 0.068800 0.079400 0.048800 0.023900 0.070200 0.068600 0.048600 0.084100 0.069000 0.084600 0.048900 0.079000 0.053700 0.084800 0.028200 0.059000 0.078900 0.100800 0.090100 0.068600 0.079500 0.079000 0.000000 0.059000 0.028900 0.086100 0.068800 0.121900 0.079000 0.079000 0.053700 0.068600 0.089300 0.105500 0.079700 0.100600 0.063900 0.074900 0.090500 0.053600 0.084700 0.064100 0.089600 0.053800 0.079300 0.028000 0.037700
Gerenuk 0.048700 0.191500 0.043900 0.223500 0.064000 0.048700 0.049000 0.029100 0.053800 0.070600 0.048700 0.048800 0.053800 0.038900 0.064100 0.009600 0.063800 0.048800 0.044000 0.058900 0.029000 0.058800 0.101500 0.090700 0.048700 0.049100 0.048800 0.059000 0.000000 0.039000 0.086700 0.038800 0.111200 0.048800 0.048800 0.053800 0.048700 0.048800 0.074100 0.090700 0.101300 0.043900 0.075400 0.091000 0.053800 0.054100 0.034000 0.059100 0.033900 0.069200 0.048700 0.059000
CommonElan 0.048700 0.180000 0.014300 0.217200 0.074100 0.048700 0.059000 0.039000 0.014300 0.059800 0.048700 0.029000 0.063900 0.048800 0.064100 0.029100 0.073900 0.048700 0.064200 0.019200 0.038900 0.058800 0.090300 0.079600 0.048700 0.059100 0.058800 0.028900 0.039000 0.000000 0.075600 0.048700 0.111200 0.058800 0.058900 0.033900 0.048700 0.069000 0.084400 0.069400 0.090100 0.043800 0.064600 0.080000 0.033900 0.064100 0.043900 0.069200 0.033900 0.058900 0.028800 0.028900
MuntiacusR 0.080700 0.225900 0.070300 0.221000 0.124300 0.080700 0.070700 0.076200 0.080600 0.024400 0.080700 0.086200 0.102100 0.065300 0.113400 0.076100 0.102200 0.065300 0.086700 0.086000 0.076000 0.091400 0.049800 0.049700 0.080700 0.097400 0.107700 0.086100 0.086700 0.075600 0.000000 0.075600 0.119100 0.107700 0.107700 0.091400 0.080700 0.107800 0.102000 0.060000 0.044600 0.091600 0.019500 0.044800 0.091500 0.091900 0.081300 0.102800 0.081000 0.102600 0.085800 0.080800
HarveysDui 0.048500 0.178700 0.053600 0.204000 0.053700 0.048500 0.028900 0.038900 0.063600 0.070200 0.048400 0.058600 0.053500 0.009500 0.053700 0.029000 0.073600 0.048500 0.043800 0.068800 0.029000 0.058500 0.090300 0.090100 0.048400 0.038900 0.058600 0.068800 0.038800 0.048700 0.075600 0.000000 0.105200 0.058600 0.068800 0.063600 0.048400 0.058700 0.073500 0.079700 0.090100 0.043700 0.075000 0.090500 0.063600 0.043800 0.043800 0.038900 0.043600 0.079100 0.068600 0.068800
Pronghorn 0.110600 0.227200 0.105700 0.229500 0.137900 0.110600 0.116300 0.111400 0.116200 0.124400 0.110500 0.110800 0.115900 0.094800 0.105800 0.111300 0.094700 0.100200 0.116500 0.121800 0.111100 0.121400 0.139400 0.139200 0.110500 0.122000 0.121500 0.121900 0.111200 0.111200 0.119100 0.105200 0.000000 0.121500 0.121600 0.105300 0.110500 0.110700 0.148800 0.117400 0.139100 0.105500 0.123500 0.139800 0.105400 0.132800 0.116600 0.132800 0.110800 0.121900 0.110800 0.121900
BlueWildeb 0.058600 0.196300 0.063600 0.204500 0.073800 0.058600 0.068900 0.048900 0.073600 0.102100 0.058400 0.058500 0.004700 0.058700 0.063800 0.048800 0.094300 0.078900 0.053900 0.078900 0.038800 0.068500 0.111600 0.111400 0.058400 0.058900 0.000000 0.079000 0.048800 0.058800 0.107700 0.058600 0.121500 0.000000 0.038600 0.063700 0.058400 0.058500 0.094600 0.100800 0.111300 0.043700 0.096000 0.111900 0.063500 0.074100 0.043800 0.068800 0.053600 0.089600 0.068500 0.078900
Gemsbok 0.058600 0.208600 0.063600 0.229500 0.084100 0.058600 0.069000 0.048900 0.073700 0.102100 0.058400 0.058500 0.043600 0.058700 0.074200 0.048800 0.094400 0.079000 0.053900 0.079000 0.048800 0.068600 0.122600 0.111500 0.058400 0.069100 0.038600 0.079000 0.048800 0.058900 0.107700 0.068800 0.121600 0.038600 0.000000 0.063700 0.058400 0.058500 0.094700 0.100900 0.122300 0.053700 0.096100 0.111900 0.063600 0.074100 0.053800 0.079100 0.053600 0.089700 0.058400 0.079000
Yak 0.053500 0.184700 0.038700 0.216600 0.089300 0.053500 0.063800 0.043800 0.048600 0.085900 0.053500 0.004800 0.068700 0.053600 0.068900 0.043800 0.089000 0.063500 0.069000 0.053700 0.043700 0.053500 0.106100 0.095300 0.053500 0.063900 0.063700 0.053700 0.053800 0.033900 0.091400 0.063600 0.105300 0.063700 0.063700 0.000000 0.053500 0.073800 0.089200 0.084900 0.105900 0.048600 0.080100 0.095600 0.000000 0.068900 0.048700 0.074100 0.038700 0.073900 0.053600 0.043700
BlueSheep 0.000000 0.196000 0.053400 0.198400 0.083700 0.000000 0.058700 0.038800 0.063400 0.085900 0.000000 0.048400 0.053300 0.038600 0.063800 0.038800 0.094200 0.058400 0.043700 0.068500 0.038700 0.009500 0.090100 0.090000 0.000000 0.058700 0.058400 0.068600 0.048700 0.048700 0.080700 0.048400 0.110500 0.058400 0.058400 0.053500 0.000000 0.068400 0.073600 0.079700 0.089900 0.043600 0.080000 0.090400 0.053400 0.063700 0.033800 0.058700 0.043500 0.079000 0.068400 0.058500
BohorReedb 0.068600 0.208200 0.073800 0.222600 0.023500 0.068600 0.058900 0.048900 0.083900 0.102100 0.068400 0.068500 0.063400 0.048700 0.043800 0.048900 0.073600 0.068700 0.043900 0.089200 0.048800 0.078700 0.117200 0.100900 0.068700 0.069100 0.058500 0.089300 0.048800 0.069000 0.107800 0.058700 0.110700 0.058500 0.058500 0.073800 0.068400 0.000000 0.094700 0.111500 0.116900 0.053600 0.096100 0.101300 0.073600 0.064000 0.053800 0.053700 0.053600 0.079100 0.068400 0.089300
KirksDik 0.073500 0.213400 0.089600 0.260300 0.110700 0.073500 0.084500 0.063800 0.099900 0.118300 0.073600 0.084100 0.089200 0.063400 0.094700 0.063800 0.110300 0.083900 0.079500 0.105400 0.063600 0.084000 0.128100 0.117100 0.073600 0.084300 0.094600 0.105500 0.074100 0.084400 0.102000 0.073500 0.148800 0.094600 0.094700 0.089200 0.073600 0.094700 0.000000 0.128000 0.127900 0.078800 0.112100 0.117500 0.089300 0.089700 0.068800 0.084200 0.068600 0.116100 0.105200 0.105400
RoeDeer 0.079700 0.199000 0.064200 0.206700 0.127900 0.079700 0.074800 0.080300 0.074300 0.054700 0.079700 0.079800 0.106100 0.069500 0.095800 0.080200 0.095300 0.079800 0.106800 0.079600 0.080100 0.090300 0.059200 0.048900 0.079700 0.090600 0.100800 0.079700 0.090700 0.069400 0.060000 0.079700 0.117400 0.100800 0.100900 0.084900 0.079700 0.111500 0.128000 0.000000 0.064100 0.085100 0.049300 0.054300 0.085000 0.095900 0.075000 0.101200 0.085100 0.095800 0.079400 0.079700
WhiteLippe 0.090000 0.222900 0.084800 0.217800 0.133400 0.090000 0.095800 0.090800 0.095000 0.049600 0.089900 0.100700 0.105800 0.079800 0.117000 0.090700 0.100600 0.074600 0.106600 0.100500 0.090500 0.100600 0.024100 0.053900 0.089900 0.112000 0.111300 0.100600 0.101300 0.090100 0.044600 0.090100 0.139100 0.111300 0.122300 0.105900 0.089900 0.116900 0.127900 0.064100 0.000000 0.106200 0.044200 0.049200 0.106000 0.095800 0.074900 0.117300 0.095500 0.111800 0.095000 0.100600
ThomsonGaz 0.043600 0.179000 0.048700 0.210500 0.058700 0.043600 0.053800 0.034000 0.058700 0.086100 0.043600 0.043700 0.048700 0.043700 0.048800 0.034000 0.078900 0.063700 0.059000 0.063900 0.024100 0.053600 0.106400 0.095500 0.043600 0.024100 0.043700 0.063900 0.043900 0.043800 0.091600 0.043700 0.105500 0.043700 0.053700 0.048600 0.043600 0.053600 0.078800 0.085100 0.106200 0.000000 0.080300 0.095900 0.048700 0.058900 0.038900 0.053900 0.038700 0.063900 0.063700 0.063900
MuntiacusC 0.080100 0.211500 0.059400 0.225400 0.112300 0.080100 0.070100 0.065100 0.069500 0.014500 0.080000 0.075000 0.101300 0.064700 0.101700 0.065000 0.090700 0.064800 0.086000 0.074800 0.064900 0.090700 0.049400 0.039200 0.080000 0.085900 0.096000 0.074900 0.075400 0.064600 0.019500 0.075000 0.123500 0.096000 0.096100 0.080100 0.080000 0.096100 0.112100 0.049300 0.044200 0.080300 0.000000 0.034400 0.080200 0.080600 0.070200 0.091200 0.069900 0.091000 0.074700 0.069700
WhiteTaile 0.090400 0.223300 0.074700 0.214700 0.117500 0.090400 0.085600 0.080600 0.084900 0.039600 0.090400 0.090400 0.117200 0.080200 0.106900 0.080500 0.106400 0.080200 0.107200 0.090300 0.080400 0.101100 0.054400 0.014400 0.090400 0.101600 0.111900 0.090500 0.091000 0.080000 0.044800 0.090500 0.139800 0.111900 0.111900 0.095600 0.090400 0.101300 0.117500 0.054300 0.049200 0.095900 0.034400 0.000000 0.095700 0.096200 0.075300 0.112400 0.085400 0.106800 0.090100 0.090400
Cattle 0.053600 0.184900 0.038700 0.216900 0.089100 0.053600 0.063900 0.043900 0.048500 0.086000 0.053400 0.004700 0.068500 0.053600 0.069000 0.043800 0.089100 0.063600 0.069100 0.053200 0.043800 0.053400 0.106200 0.095400 0.053400 0.063900 0.063500 0.053600 0.053800 0.033900 0.091500 0.063600 0.105400 0.063500 0.063600 0.000000 0.053400 0.073600 0.089300 0.085000 0.106000 0.048700 0.080200 0.095700 0.000000 0.069000 0.048800 0.073900 0.038700 0.074000 0.053500 0.041500
RoyalAntel 0.063800 0.203200 0.069100 0.235700 0.079400 0.063800 0.044000 0.044100 0.079200 0.081100 0.063700 0.063900 0.079200 0.033900 0.069200 0.044000 0.089400 0.074100 0.059200 0.084600 0.043900 0.074100 0.106700 0.095800 0.063700 0.064200 0.074100 0.084700 0.054100 0.064100 0.091900 0.043800 0.132800 0.074100 0.074100 0.068900 0.063700 0.064000 0.089700 0.095900 0.095800 0.058900 0.080600 0.096200 0.069000 0.000000 0.049000 0.064200 0.048800 0.084700 0.084400 0.084600
Steenbok 0.033900 0.179500 0.048900 0.199100 0.069100 0.033900 0.044000 0.024200 0.058800 0.075900 0.033800 0.043800 0.048700 0.033900 0.048900 0.024100 0.079200 0.053800 0.049100 0.064000 0.024100 0.043800 0.075100 0.074900 0.033800 0.044000 0.043800 0.064100 0.034000 0.043900 0.081300 0.043800 0.116600 0.043800 0.053800 0.048700 0.033800 0.053800 0.068800 0.075000 0.074900 0.038900 0.070200 0.075300 0.048800 0.049000 0.000000 0.054000 0.029000 0.074300 0.063900 0.064000
Impala 0.058800 0.196300 0.074000 0.223500 0.058800 0.058800 0.049000 0.049100 0.084200 0.097200 0.058600 0.068800 0.073900 0.038900 0.059000 0.049000 0.084200 0.069000 0.054100 0.089500 0.039000 0.068800 0.117600 0.111900 0.058600 0.049000 0.068800 0.089600 0.059100 0.069200 0.102800 0.038900 0.132800 0.068800 0.079100 0.074100 0.058700 0.053700 0.084200 0.101200 0.117300 0.053900 0.091200 0.112400 0.073900 0.064200 0.054000 0.000000 0.053800 0.089800 0.079000 0.079600
Klipspring 0.043600 0.179200 0.038800 0.222500 0.068800 0.043600 0.043800 0.024200 0.048600 0.075600 0.043500 0.033800 0.058600 0.033800 0.058800 0.024100 0.078900 0.053600 0.048900 0.053700 0.024100 0.053600 0.095700 0.085000 0.043500 0.043800 0.053600 0.053800 0.033900 0.033900 0.081000 0.043600 0.110800 0.053600 0.053600 0.038700 0.043500 0.053600 0.068600 0.085100 0.095500 0.038700 0.069900 0.085400 0.038700 0.048800 0.029000 0.053800 0.000000 0.074100 0.053600 0.053800
ForestMusk 0.079100 0.203300 0.063900 0.216300 0.084200 0.079100 0.089900 0.069300 0.074000 0.086200 0.079000 0.068900 0.094800 0.079200 0.084600 0.059000 0.073300 0.058600 0.095300 0.079200 0.058900 0.089500 0.112000 0.106300 0.079000 0.084700 0.089600 0.079300 0.069200 0.058900 0.102600 0.079100 0.121900 0.089600 0.089700 0.073900 0.079000 0.079100 0.116100 0.095800 0.111800 0.063900 0.091000 0.106800 0.074000 0.084700 0.074300 0.089800 0.074100 0.000000 0.068800 0.079300
Bushbuck 0.068700 0.191100 0.023900 0.222900 0.083800 0.068700 0.079200 0.058900 0.023900 0.069900 0.068400 0.048500 0.073300 0.068800 0.084400 0.048800 0.063500 0.048600 0.074100 0.028800 0.058800 0.078700 0.095200 0.089800 0.068400 0.079300 0.068500 0.028000 0.048700 0.028800 0.085800 0.068600 0.110800 0.068500 0.058400 0.053600 0.068400 0.068400 0.105200 0.079400 0.095000 0.063700 0.074700 0.090100 0.053500 0.084400 0.063900 0.079000 0.053600 0.068800 0.000000 0.038500
GreaterKud 0.058700 0.185800 0.014100 0.211300 0.094400 0.058700 0.079400 0.059100 0.033600 0.065000 0.058500 0.038700 0.084100 0.069000 0.084600 0.048900 0.084200 0.058700 0.074400 0.038600 0.058900 0.068700 0.100800 0.090000 0.058500 0.079400 0.078900 0.037700 0.059000 0.028900 0.080800 0.068800 0.121900 0.078900 0.079000 0.043700 0.058500 0.089300 0.105400 0.079700 0.100600 0.063900 0.069700 0.090400 0.041500 0.084600 0.064000 0.079600 0.053800 0.079300 0.038500 0.000000
