CODONML (in paml version 4.10.7, June 2023)  /home/rachel/ruminants_paml/6406-phy-tree/ENSBTAT00000001888.fasta.phy
Model: free dN/dS Ratios for branches,  kappa = 2.000 fixed

Codon frequency model: F3x4
ns =  54  ls =  61

Codon usage in sequences
--------------------------------------------------------------------------------------------------------------------------------------
Phe TTT   2   2   2   2   4   2 | Ser TCT   0   0   0   0   0   0 | Tyr TAT   1   1   1   1   3   2 | Cys TGT   1   1   1   1   0   0
    TTC   4   5   4   4   2   4 |     TCC   0   0   0   0   0   0 |     TAC   3   2   3   3   1   2 |     TGC   0   0   0   0   1   1
Leu TTA   0   0   0   0   1   0 |     TCA   0   0   0   0   0   0 | *** TAA   0   0   0   0   0   0 | *** TGA   0   0   0   0   0   0
    TTG   2   2   2   2   1   2 |     TCG   0   0   0   0   0   0 |     TAG   0   0   0   0   0   0 | Trp TGG   0   0   0   0   0   0
--------------------------------------------------------------------------------------------------------------------------------------
Leu CTT   1   0   1   0   1   0 | Pro CCT   0   0   0   0   0   0 | His CAT   0   0   0   0   0   0 | Arg CGT   1   0   1   0   0   0
    CTC   1   1   1   2   1   1 |     CCC   0   0   0   0   0   0 |     CAC   0   0   0   0   0   0 |     CGC   0   0   0   0   0   0
    CTA   0   1   0   0   0   0 |     CCA   1   1   1   1   1   1 | Gln CAA   1   0   1   0   1   0 |     CGA   1   1   1   2   1   1
    CTG   1   1   1   1   1   2 |     CCG   0   0   0   0   0   0 |     CAG   1   3   1   3   2   3 |     CGG   1   1   1   0   1   1
--------------------------------------------------------------------------------------------------------------------------------------
Ile ATT   2   0   2   2   2   1 | Thr ACT   1   1   1   1   1   1 | Asn AAT   1   2   2   1   1   2 | Ser AGT   0   0   0   0   0   1
    ATC   1   3   1   2   0   1 |     ACC   0   0   0   0   0   0 |     AAC   2   1   1   1   2   0 |     AGC   0   0   0   0   0   0
    ATA   2   1   2   1   1   1 |     ACA   0   0   0   0   0   0 | Lys AAA   6   3   6   5   6   6 | Arg AGA   2   2   2   2   0   2
Met ATG   0   0   0   0   0   0 |     ACG   0   0   0   0   0   0 |     AAG   1   3   1   3   1   0 |     AGG   0   0   0   0   1   0
--------------------------------------------------------------------------------------------------------------------------------------
Val GTT   0   1   0   0   1   1 | Ala GCT   1   0   1   0   0   0 | Asp GAT   4   3   4   3   4   4 | Gly GGT   0   1   0   0   1   1
    GTC   0   0   0   0   1   1 |     GCC   0   0   0   0   0   0 |     GAC   0   1   0   1   0   0 |     GGC   3   1   2   2   1   1
    GTA   1   1   1   1   1   1 |     GCA   1   0   1   1   2   2 | Glu GAA   2   3   2   2   5   5 |     GGA   1   0   2   1   2   1
    GTG   2   2   2   2   2   2 |     GCG   0   2   0   1   0   0 |     GAG   4   4   4   4   2   2 |     GGG   2   4   2   3   2   3
--------------------------------------------------------------------------------------------------------------------------------------

--------------------------------------------------------------------------------------------------------------------------------------
Phe TTT   2   2   2   2   2   2 | Ser TCT   0   0   0   0   0   0 | Tyr TAT   0   1   1   1   1   1 | Cys TGT   1   1   1   1   1   1
    TTC   4   4   4   4   4   4 |     TCC   0   0   0   0   0   0 |     TAC   4   3   3   3   3   3 |     TGC   0   0   0   0   0   0
Leu TTA   0   0   0   0   0   0 |     TCA   0   0   0   0   0   0 | *** TAA   0   0   0   0   0   0 | *** TGA   0   0   0   0   0   0
    TTG   2   2   2   2   2   2 |     TCG   0   0   0   0   0   0 |     TAG   0   0   0   0   0   0 | Trp TGG   0   0   0   0   0   0
--------------------------------------------------------------------------------------------------------------------------------------
Leu CTT   0   1   0   0   1   0 | Pro CCT   0   0   0   0   0   0 | His CAT   0   0   0   0   0   0 | Arg CGT   1   1   1   1   1   1
    CTC   2   1   2   2   1   2 |     CCC   0   0   0   0   0   0 |     CAC   0   0   0   0   0   0 |     CGC   0   0   0   0   0   0
    CTA   0   0   0   0   0   0 |     CCA   1   1   1   1   1   1 | Gln CAA   1   1   1   1   1   1 |     CGA   1   1   1   1   1   2
    CTG   1   1   1   1   1   1 |     CCG   0   0   0   0   0   0 |     CAG   1   1   2   1   2   2 |     CGG   1   1   0   1   0   0
--------------------------------------------------------------------------------------------------------------------------------------
Ile ATT   2   2   3   3   2   2 | Thr ACT   1   1   1   1   1   1 | Asn AAT   1   1   2   2   2   2 | Ser AGT   0   0   0   0   0   0
    ATC   1   1   0   0   1   1 |     ACC   0   0   0   0   0   0 |     AAC   2   2   1   1   1   0 |     AGC   0   0   0   0   0   0
    ATA   2   2   2   2   2   2 |     ACA   0   0   1   0   0   0 | Lys AAA   5   6   5   5   6   6 | Arg AGA   2   2   2   2   2   2
Met ATG   0   0   0   0   0   0 |     ACG   0   0   0   0   0   0 |     AAG   2   1   1   2   1   2 |     AGG   0   0   0   0   0   0
--------------------------------------------------------------------------------------------------------------------------------------
Val GTT   0   0   0   0   0   0 | Ala GCT   1   1   1   1   1   0 | Asp GAT   4   4   4   4   4   3 | Gly GGT   0   0   0   0   0   0
    GTC   0   0   0   0   0   0 |     GCC   0   0   0   0   0   0 |     GAC   0   0   0   0   0   1 |     GGC   2   2   2   2   2   2
    GTA   1   1   1   1   1   1 |     GCA   1   1   1   1   1   1 | Glu GAA   2   2   2   2   2   2 |     GGA   1   1   1   1   1   0
    GTG   2   2   2   2   2   2 |     GCG   0   0   0   0   0   1 |     GAG   4   4   4   4   4   4 |     GGG   3   3   3   3   3   3
--------------------------------------------------------------------------------------------------------------------------------------

--------------------------------------------------------------------------------------------------------------------------------------
Phe TTT   2   2   2   2   2   2 | Ser TCT   0   0   0   0   0   0 | Tyr TAT   1   1   1   1   1   1 | Cys TGT   1   1   1   1   1   1
    TTC   4   4   4   4   4   4 |     TCC   0   0   0   0   0   0 |     TAC   3   3   3   3   3   3 |     TGC   0   0   0   0   0   0
Leu TTA   0   0   0   0   0   0 |     TCA   0   0   0   0   0   0 | *** TAA   0   0   0   0   0   0 | *** TGA   0   0   0   0   0   0
    TTG   2   2   2   2   2   2 |     TCG   0   0   0   0   0   0 |     TAG   0   0   0   0   0   0 | Trp TGG   0   0   0   0   0   0
--------------------------------------------------------------------------------------------------------------------------------------
Leu CTT   1   1   0   0   0   0 | Pro CCT   0   0   0   0   0   0 | His CAT   0   0   0   0   0   0 | Arg CGT   1   1   1   1   1   1
    CTC   1   1   2   2   2   2 |     CCC   0   0   0   0   0   0 |     CAC   0   0   0   0   0   0 |     CGC   0   0   0   0   0   0
    CTA   0   0   0   0   0   0 |     CCA   1   1   1   1   1   1 | Gln CAA   1   1   1   1   1   1 |     CGA   1   1   1   1   1   1
    CTG   2   1   1   1   1   1 |     CCG   0   0   0   0   0   0 |     CAG   1   2   1   1   2   1 |     CGG   0   0   1   1   0   1
--------------------------------------------------------------------------------------------------------------------------------------
Ile ATT   2   2   2   2   3   3 | Thr ACT   1   1   1   1   1   1 | Asn AAT   1   1   1   2   3   2 | Ser AGT   0   0   0   0   0   0
    ATC   1   1   1   1   0   0 |     ACC   0   0   0   0   0   0 |     AAC   2   2   2   1   0   1 |     AGC   0   0   0   0   0   0
    ATA   2   2   2   2   2   2 |     ACA   0   0   0   0   0   0 | Lys AAA   6   6   6   6   6   5 | Arg AGA   2   2   2   2   2   2
Met ATG   0   0   0   0   0   0 |     ACG   0   0   0   0   0   0 |     AAG   1   1   1   1   1   2 |     AGG   0   0   0   0   0   0
--------------------------------------------------------------------------------------------------------------------------------------
Val GTT   0   0   0   0   0   0 | Ala GCT   1   1   1   1   1   1 | Asp GAT   4   4   4   4   3   4 | Gly GGT   0   0   0   0   0   0
    GTC   0   0   0   0   0   0 |     GCC   0   0   0   0   0   0 |     GAC   0   0   0   0   1   0 |     GGC   2   2   2   2   2   2
    GTA   1   1   1   1   1   1 |     GCA   1   1   1   1   1   1 | Glu GAA   2   2   2   2   3   2 |     GGA   1   0   1   1   2   1
    GTG   2   2   2   2   2   2 |     GCG   0   0   0   0   0   0 |     GAG   4   4   4   4   3   4 |     GGG   3   4   3   3   2   3
--------------------------------------------------------------------------------------------------------------------------------------

--------------------------------------------------------------------------------------------------------------------------------------
Phe TTT   2   2   2   2   2   3 | Ser TCT   0   0   0   0   0   0 | Tyr TAT   1   1   1   1   1   2 | Cys TGT   1   1   1   1   1   1
    TTC   4   4   4   4   4   3 |     TCC   0   0   0   0   0   0 |     TAC   3   3   3   3   3   2 |     TGC   0   0   0   0   0   0
Leu TTA   0   0   0   0   0   0 |     TCA   0   0   0   0   0   0 | *** TAA   0   0   0   0   0   0 | *** TGA   0   0   0   0   0   0
    TTG   2   2   2   2   2   2 |     TCG   0   0   0   0   0   0 |     TAG   0   0   0   0   0   0 | Trp TGG   0   0   0   0   0   0
--------------------------------------------------------------------------------------------------------------------------------------
Leu CTT   0   0   2   1   0   1 | Pro CCT   0   0   0   0   0   0 | His CAT   0   0   0   0   0   0 | Arg CGT   0   0   1   1   1   1
    CTC   2   2   1   1   2   1 |     CCC   0   0   0   0   0   0 |     CAC   0   0   0   0   0   0 |     CGC   0   0   0   0   0   0
    CTA   0   0   0   0   0   0 |     CCA   1   1   1   1   1   1 | Gln CAA   1   1   1   1   1   1 |     CGA   2   2   1   1   1   1
    CTG   1   1   0   1   1   1 |     CCG   0   0   0   0   0   0 |     CAG   2   2   2   2   1   1 |     CGG   0   0   0   0   1   1
--------------------------------------------------------------------------------------------------------------------------------------
Ile ATT   2   4   2   2   3   2 | Thr ACT   1   1   1   1   1   1 | Asn AAT   1   1   1   2   2   1 | Ser AGT   0   0   0   0   0   0
    ATC   2   0   0   1   0   1 |     ACC   0   0   0   0   0   0 |     AAC   2   2   2   1   1   2 |     AGC   0   0   0   0   0   0
    ATA   1   1   2   2   2   2 |     ACA   0   0   0   0   0   0 | Lys AAA   6   6   6   6   5   6 | Arg AGA   2   2   2   2   2   2
Met ATG   0   0   0   0   0   0 |     ACG   0   0   0   0   0   0 |     AAG   1   1   1   1   2   1 |     AGG   0   0   0   0   0   0
--------------------------------------------------------------------------------------------------------------------------------------
Val GTT   0   0   0   0   0   0 | Ala GCT   0   0   1   1   1   1 | Asp GAT   4   4   4   4   4   4 | Gly GGT   1   1   0   0   0   0
    GTC   0   0   1   0   0   0 |     GCC   0   0   0   0   0   0 |     GAC   0   0   0   0   0   0 |     GGC   1   1   2   2   2   2
    GTA   1   1   1   1   1   1 |     GCA   1   1   1   1   1   1 | Glu GAA   2   2   3   2   2   2 |     GGA   1   1   1   1   1   1
    GTG   2   2   2   2   2   2 |     GCG   1   1   0   0   0   0 |     GAG   4   4   3   4   4   4 |     GGG   3   3   3   3   3   3
--------------------------------------------------------------------------------------------------------------------------------------

--------------------------------------------------------------------------------------------------------------------------------------
Phe TTT   2   2   2   2   2   2 | Ser TCT   0   0   0   0   0   0 | Tyr TAT   1   1   1   1   1   1 | Cys TGT   1   1   1   1   1   1
    TTC   4   4   4   5   4   4 |     TCC   0   0   0   0   0   0 |     TAC   3   3   3   3   3   3 |     TGC   0   0   0   0   0   0
Leu TTA   0   0   0   0   0   0 |     TCA   0   0   0   0   0   0 | *** TAA   0   0   0   0   0   0 | *** TGA   0   0   0   0   0   0
    TTG   2   2   2   2   2   2 |     TCG   0   0   0   0   0   0 |     TAG   0   0   0   0   0   0 | Trp TGG   0   0   0   0   0   0
--------------------------------------------------------------------------------------------------------------------------------------
Leu CTT   0   0   1   0   0   1 | Pro CCT   0   0   0   0   0   0 | His CAT   0   0   0   0   0   0 | Arg CGT   1   1   1   1   1   1
    CTC   2   2   1   1   2   1 |     CCC   0   0   0   0   0   0 |     CAC   0   0   0   0   0   0 |     CGC   0   0   0   0   0   0
    CTA   0   0   0   0   0   0 |     CCA   1   1   1   1   1   1 | Gln CAA   1   1   1   1   1   1 |     CGA   1   1   1   1   1   1
    CTG   1   1   1   1   1   1 |     CCG   0   0   0   0   0   0 |     CAG   2   2   1   1   1   2 |     CGG   0   0   1   1   1   0
--------------------------------------------------------------------------------------------------------------------------------------
Ile ATT   2   2   2   3   2   2 | Thr ACT   1   1   1   1   1   1 | Asn AAT   2   2   1   2   1   2 | Ser AGT   0   0   0   0   0   0
    ATC   1   1   1   0   1   1 |     ACC   0   0   0   0   0   0 |     AAC   0   0   2   1   2   1 |     AGC   0   0   0   0   0   0
    ATA   2   2   2   2   2   2 |     ACA   0   0   0   0   0   0 | Lys AAA   6   5   6   5   6   6 | Arg AGA   2   2   2   2   2   2
Met ATG   0   0   0   0   0   0 |     ACG   0   0   0   0   0   0 |     AAG   2   2   1   2   1   1 |     AGG   0   0   0   0   0   0
--------------------------------------------------------------------------------------------------------------------------------------
Val GTT   0   0   0   0   0   0 | Ala GCT   0   0   1   1   1   1 | Asp GAT   3   3   4   4   4   4 | Gly GGT   0   0   0   0   0   0
    GTC   0   0   0   0   0   0 |     GCC   0   0   0   0   0   0 |     GAC   1   1   0   0   0   0 |     GGC   2   2   2   2   2   2
    GTA   1   1   1   1   1   1 |     GCA   1   1   1   1   1   1 | Glu GAA   2   3   2   2   2   2 |     GGA   1   1   1   1   1   1
    GTG   2   2   2   2   2   2 |     GCG   1   1   0   0   0   0 |     GAG   4   4   4   4   4   4 |     GGG   3   3   3   3   3   3
--------------------------------------------------------------------------------------------------------------------------------------

--------------------------------------------------------------------------------------------------------------------------------------
Phe TTT   2   2   2   2   2   3 | Ser TCT   0   0   0   0   0   0 | Tyr TAT   1   1   1   1   2   1 | Cys TGT   1   1   1   1   1   1
    TTC   4   4   4   4   4   3 |     TCC   0   0   0   0   0   0 |     TAC   3   3   3   3   2   3 |     TGC   0   0   0   0   0   0
Leu TTA   0   0   0   0   0   0 |     TCA   0   0   0   0   0   0 | *** TAA   0   0   0   0   0   0 | *** TGA   0   0   0   0   0   0
    TTG   2   2   2   2   2   2 |     TCG   0   0   0   0   0   0 |     TAG   0   0   0   0   0   0 | Trp TGG   0   0   0   0   0   0
--------------------------------------------------------------------------------------------------------------------------------------
Leu CTT   0   1   0   0   0   0 | Pro CCT   0   0   0   0   0   0 | His CAT   0   0   0   0   0   0 | Arg CGT   1   1   1   1   0   1
    CTC   2   1   2   2   2   2 |     CCC   0   0   0   0   0   0 |     CAC   0   0   0   0   0   0 |     CGC   0   0   0   0   1   0
    CTA   0   0   0   0   0   0 |     CCA   1   1   1   1   1   1 | Gln CAA   1   1   1   1   1   1 |     CGA   1   1   1   1   1   1
    CTG   1   1   1   1   1   1 |     CCG   0   0   0   0   0   0 |     CAG   1   2   2   1   2   1 |     CGG   1   0   0   1   0   1
--------------------------------------------------------------------------------------------------------------------------------------
Ile ATT   3   2   2   2   2   2 | Thr ACT   1   1   1   1   1   1 | Asn AAT   2   2   2   2   1   1 | Ser AGT   0   0   0   0   0   0
    ATC   0   1   1   1   2   1 |     ACC   0   0   0   0   0   0 |     AAC   1   1   0   1   2   2 |     AGC   0   0   0   0   0   0
    ATA   2   2   2   2   1   2 |     ACA   0   0   0   0   0   0 | Lys AAA   5   6   6   6   6   6 | Arg AGA   2   2   2   2   2   2
Met ATG   0   0   0   0   0   0 |     ACG   0   0   0   0   0   0 |     AAG   2   1   2   1   1   1 |     AGG   0   0   0   0   0   0
--------------------------------------------------------------------------------------------------------------------------------------
Val GTT   0   0   0   0   0   0 | Ala GCT   1   1   0   1   0   1 | Asp GAT   4   4   3   4   4   4 | Gly GGT   0   0   0   0   1   0
    GTC   0   0   0   0   0   0 |     GCC   0   0   0   0   0   0 |     GAC   0   0   1   0   0   0 |     GGC   2   2   2   2   1   2
    GTA   1   1   1   1   1   1 |     GCA   1   1   1   1   2   1 | Glu GAA   3   2   2   2   2   2 |     GGA   1   1   1   1   1   1
    GTG   2   2   2   2   2   2 |     GCG   0   0   1   0   0   0 |     GAG   3   4   4   4   4   4 |     GGG   3   3   3   3   3   3
--------------------------------------------------------------------------------------------------------------------------------------

--------------------------------------------------------------------------------------------------------------------------------------
Phe TTT   2   2   2   2   2   2 | Ser TCT   0   0   0   0   0   0 | Tyr TAT   1   1   1   0   1   2 | Cys TGT   1   1   1   1   1   0
    TTC   4   4   4   4   4   4 |     TCC   0   0   0   0   0   0 |     TAC   3   3   3   4   3   3 |     TGC   0   0   0   0   0   0
Leu TTA   0   0   0   1   0   0 |     TCA   0   0   0   0   0   0 | *** TAA   0   0   0   0   0   0 | *** TGA   0   0   0   0   0   0
    TTG   2   2   2   1   2   2 |     TCG   0   0   0   0   0   0 |     TAG   0   0   0   0   0   0 | Trp TGG   0   0   0   0   0   0
--------------------------------------------------------------------------------------------------------------------------------------
Leu CTT   0   0   1   0   0   0 | Pro CCT   0   0   0   0   0   0 | His CAT   0   0   0   0   0   0 | Arg CGT   1   1   1   1   1   1
    CTC   2   2   1   2   2   2 |     CCC   0   0   0   0   0   0 |     CAC   0   0   0   0   0   0 |     CGC   0   0   0   0   0   0
    CTA   0   0   0   0   0   0 |     CCA   1   1   1   1   1   1 | Gln CAA   1   1   1   1   1   1 |     CGA   1   1   1   1   1   1
    CTG   1   1   1   1   1   1 |     CCG   0   0   0   0   0   0 |     CAG   1   1   1   1   1   2 |     CGG   1   1   1   1   1   0
--------------------------------------------------------------------------------------------------------------------------------------
Ile ATT   2   2   2   2   3   2 | Thr ACT   1   1   1   1   1   1 | Asn AAT   2   1   1   1   1   2 | Ser AGT   0   0   0   0   0   0
    ATC   1   1   1   1   0   1 |     ACC   0   0   0   0   0   0 |     AAC   1   2   2   2   2   0 |     AGC   0   0   0   0   0   0
    ATA   2   2   2   2   2   2 |     ACA   0   0   0   0   0   0 | Lys AAA   6   6   6   5   5   6 | Arg AGA   2   2   2   2   2   2
Met ATG   0   0   0   0   0   0 |     ACG   0   0   0   0   0   0 |     AAG   1   1   1   2   2   2 |     AGG   0   0   0   0   0   0
--------------------------------------------------------------------------------------------------------------------------------------
Val GTT   0   0   0   0   0   0 | Ala GCT   1   1   1   1   1   0 | Asp GAT   4   4   4   4   4   3 | Gly GGT   0   0   0   0   0   0
    GTC   0   0   0   0   0   0 |     GCC   0   0   0   0   0   0 |     GAC   0   0   0   0   0   1 |     GGC   2   2   1   2   2   2
    GTA   1   1   1   1   1   1 |     GCA   1   1   1   1   1   1 | Glu GAA   2   2   2   2   2   2 |     GGA   1   1   2   1   1   1
    GTG   2   2   2   2   2   2 |     GCG   0   0   0   0   0   1 |     GAG   4   4   4   4   4   4 |     GGG   3   3   3   3   3   3
--------------------------------------------------------------------------------------------------------------------------------------

--------------------------------------------------------------------------------------------------------------------------------------
Phe TTT   2   2   2   2   2   2 | Ser TCT   0   0   0   0   0   0 | Tyr TAT   1   1   1   1   1   1 | Cys TGT   1   1   1   1   1   1
    TTC   4   4   4   4   4   4 |     TCC   0   0   0   0   0   0 |     TAC   3   3   3   3   3   3 |     TGC   0   0   0   0   0   0
Leu TTA   0   0   0   0   0   0 |     TCA   0   0   0   0   0   0 | *** TAA   0   0   0   0   0   0 | *** TGA   0   0   0   0   0   0
    TTG   2   2   2   2   2   1 |     TCG   0   0   0   0   0   0 |     TAG   0   0   0   0   0   0 | Trp TGG   0   0   0   0   0   0
--------------------------------------------------------------------------------------------------------------------------------------
Leu CTT   0   0   0   0   0   0 | Pro CCT   0   0   0   0   0   0 | His CAT   0   0   0   0   0   0 | Arg CGT   1   1   1   1   1   1
    CTC   2   2   2   2   1   2 |     CCC   0   0   0   0   0   0 |     CAC   0   0   0   0   0   0 |     CGC   0   0   0   0   0   0
    CTA   0   0   0   0   0   0 |     CCA   1   1   1   1   1   1 | Gln CAA   1   1   1   1   1   1 |     CGA   1   1   1   1   1   1
    CTG   1   1   1   1   2   1 |     CCG   0   0   0   0   0   0 |     CAG   2   1   2   2   2   2 |     CGG   0   1   0   0   0   0
--------------------------------------------------------------------------------------------------------------------------------------
Ile ATT   2   3   3   2   2   1 | Thr ACT   1   1   1   1   1   1 | Asn AAT   2   2   2   2   1   1 | Ser AGT   0   0   0   0   0   0
    ATC   1   0   1   1   1   1 |     ACC   0   0   0   0   0   0 |     AAC   0   1   0   0   2   2 |     AGC   0   0   0   0   0   0
    ATA   2   2   1   2   2   2 |     ACA   0   0   0   0   0   0 | Lys AAA   6   5   6   6   6   6 | Arg AGA   2   2   2   2   2   2
Met ATG   0   0   0   0   0   1 |     ACG   0   0   0   0   0   0 |     AAG   2   2   3   2   1   1 |     AGG   0   0   0   0   0   0
--------------------------------------------------------------------------------------------------------------------------------------
Val GTT   0   0   0   0   0   1 | Ala GCT   0   1   0   0   1   1 | Asp GAT   3   4   3   3   4   4 | Gly GGT   0   0   0   0   0   0
    GTC   0   0   0   0   0   0 |     GCC   0   0   0   0   0   0 |     GAC   1   0   1   1   0   0 |     GGC   2   2   2   2   2   2
    GTA   1   1   1   1   1   1 |     GCA   1   1   1   1   1   1 | Glu GAA   2   2   2   2   2   2 |     GGA   1   1   1   1   1   1
    GTG   2   2   2   2   2   2 |     GCG   1   0   1   1   0   0 |     GAG   4   4   3   4   4   4 |     GGG   3   3   3   3   3   3
--------------------------------------------------------------------------------------------------------------------------------------

--------------------------------------------------------------------------------------------------------------------------------------
Phe TTT   2   2   3   2   2   2 | Ser TCT   0   0   0   0   0   0 | Tyr TAT   1   1   0   1   1   1 | Cys TGT   1   1   1   1   1   1
    TTC   4   4   4   4   4   4 |     TCC   0   0   0   0   0   0 |     TAC   3   3   3   3   3   3 |     TGC   0   0   0   0   0   0
Leu TTA   0   0   0   0   0   0 |     TCA   0   0   0   0   0   0 | *** TAA   0   0   0   0   0   0 | *** TGA   0   0   0   0   0   0
    TTG   2   2   2   2   2   2 |     TCG   0   0   0   0   0   0 |     TAG   0   0   0   0   0   0 | Trp TGG   0   0   0   0   0   0
--------------------------------------------------------------------------------------------------------------------------------------
Leu CTT   0   0   0   0   1   1 | Pro CCT   0   0   0   0   0   0 | His CAT   0   0   0   0   0   0 | Arg CGT   1   1   1   0   1   1
    CTC   2   2   2   2   1   1 |     CCC   0   0   0   0   0   0 |     CAC   0   0   0   0   0   0 |     CGC   0   0   0   0   0   0
    CTA   1   0   0   0   0   0 |     CCA   1   1   1   1   1   1 | Gln CAA   1   1   1   0   1   1 |     CGA   1   1   1   2   1   1
    CTG   0   1   1   1   1   1 |     CCG   0   0   0   0   0   0 |     CAG   1   1   1   3   2   2 |     CGG   1   1   1   0   0   0
--------------------------------------------------------------------------------------------------------------------------------------
Ile ATT   3   2   1   2   2   2 | Thr ACT   1   1   1   1   1   1 | Asn AAT   2   1   1   1   2   2 | Ser AGT   0   0   0   0   0   0
    ATC   0   1   1   2   1   1 |     ACC   0   0   0   0   0   0 |     AAC   1   2   2   1   1   1 |     AGC   0   0   0   0   0   0
    ATA   2   2   2   1   2   2 |     ACA   0   0   0   0   0   0 | Lys AAA   6   6   6   5   6   6 | Arg AGA   2   2   2   2   2   2
Met ATG   0   0   0   0   0   0 |     ACG   0   0   0   0   0   0 |     AAG   1   1   1   3   1   1 |     AGG   0   0   0   0   0   0
--------------------------------------------------------------------------------------------------------------------------------------
Val GTT   0   0   0   0   0   0 | Ala GCT   1   1   1   0   1   1 | Asp GAT   3   4   4   3   4   4 | Gly GGT   1   0   0   0   0   0
    GTC   0   0   1   0   0   0 |     GCC   0   0   0   0   0   0 |     GAC   1   0   0   1   0   0 |     GGC   2   2   2   2   2   2
    GTA   1   1   1   1   1   1 |     GCA   1   1   1   1   1   1 | Glu GAA   2   2   2   2   2   2 |     GGA   1   1   2   1   1   1
    GTG   2   2   2   2   2   2 |     GCG   0   0   0   1   0   0 |     GAG   4   4   4   4   4   4 |     GGG   2   3   2   3   3   3
--------------------------------------------------------------------------------------------------------------------------------------

Codon position x base (3x4) table for each sequence.

#1: Argali         
position  1:    T:0.21311    C:0.14754    A:0.29508    G:0.34426
position  2:    T:0.31148    C:0.06557    A:0.42623    G:0.19672
position  3:    T:0.24590    C:0.22951    A:0.29508    G:0.22951
Average         T:0.25683    C:0.14754    A:0.33880    G:0.25683

#2: LesserMouseDeer
position  1:    T:0.21311    C:0.14754    A:0.26230    G:0.37705
position  2:    T:0.32787    C:0.06557    A:0.42623    G:0.18033
position  3:    T:0.19672    C:0.22951    A:0.21311    G:0.36066
Average         T:0.24590    C:0.14754    A:0.30055    G:0.30601

#3: LesserKudu     
position  1:    T:0.21311    C:0.14754    A:0.29508    G:0.34426
position  2:    T:0.31148    C:0.06557    A:0.42623    G:0.19672
position  3:    T:0.26230    C:0.19672    A:0.31148    G:0.22951
Average         T:0.26230    C:0.13661    A:0.34426    G:0.25683

#4: ForestMuskDeer2
position  1:    T:0.21311    C:0.14754    A:0.29508    G:0.34426
position  2:    T:0.31148    C:0.06557    A:0.44262    G:0.18033
position  3:    T:0.18033    C:0.24590    A:0.26230    G:0.31148
Average         T:0.23497    C:0.15301    A:0.33333    G:0.27869

#5: Camel          
position  1:    T:0.21311    C:0.14754    A:0.24590    G:0.39344
position  2:    T:0.31148    C:0.06557    A:0.45902    G:0.16393
position  3:    T:0.29508    C:0.14754    A:0.34426    G:0.21311
Average         T:0.27322    C:0.12022    A:0.34973    G:0.25683

#6: KillerWhale    
position  1:    T:0.21311    C:0.14754    A:0.24590    G:0.39344
position  2:    T:0.31148    C:0.06557    A:0.42623    G:0.19672
position  3:    T:0.24590    C:0.18033    A:0.32787    G:0.24590
Average         T:0.25683    C:0.13115    A:0.33333    G:0.27869

#7: DefassaWaterbuck
position  1:    T:0.21311    C:0.14754    A:0.29508    G:0.34426
position  2:    T:0.31148    C:0.06557    A:0.42623    G:0.19672
position  3:    T:0.21311    C:0.24590    A:0.27869    G:0.26230
Average         T:0.24590    C:0.15301    A:0.33333    G:0.26776

#8: Sheep          
position  1:    T:0.21311    C:0.14754    A:0.29508    G:0.34426
position  2:    T:0.31148    C:0.06557    A:0.42623    G:0.19672
position  3:    T:0.24590    C:0.21311    A:0.29508    G:0.24590
Average         T:0.25683    C:0.14208    A:0.33880    G:0.26230

#9: MaxwellsDuiker 
position  1:    T:0.21311    C:0.14754    A:0.29508    G:0.34426
position  2:    T:0.31148    C:0.08197    A:0.42623    G:0.18033
position  3:    T:0.26230    C:0.19672    A:0.29508    G:0.24590
Average         T:0.26230    C:0.14208    A:0.33880    G:0.25683

#10: GazellaPrzewalskyi
position  1:    T:0.21311    C:0.14754    A:0.29508    G:0.34426
position  2:    T:0.31148    C:0.06557    A:0.42623    G:0.19672
position  3:    T:0.26230    C:0.19672    A:0.27869    G:0.26230
Average         T:0.26230    C:0.13661    A:0.33333    G:0.26776

#11: MountainNyala  
position  1:    T:0.21311    C:0.14754    A:0.29508    G:0.34426
position  2:    T:0.31148    C:0.06557    A:0.44262    G:0.18033
position  3:    T:0.26230    C:0.19672    A:0.29508    G:0.24590
Average         T:0.26230    C:0.13661    A:0.34426    G:0.25683

#12: MuntiacusMuntjak
position  1:    T:0.21311    C:0.16393    A:0.29508    G:0.32787
position  2:    T:0.31148    C:0.06557    A:0.44262    G:0.18033
position  3:    T:0.21311    C:0.21311    A:0.29508    G:0.27869
Average         T:0.24590    C:0.14754    A:0.34426    G:0.26230

#13: goat           
position  1:    T:0.21311    C:0.14754    A:0.29508    G:0.34426
position  2:    T:0.32787    C:0.06557    A:0.42623    G:0.18033
position  3:    T:0.24590    C:0.21311    A:0.29508    G:0.24590
Average         T:0.26230    C:0.14208    A:0.33880    G:0.25683

#14: AfricanBuffalo 
position  1:    T:0.21311    C:0.14754    A:0.29508    G:0.34426
position  2:    T:0.31148    C:0.06557    A:0.44262    G:0.18033
position  3:    T:0.24590    C:0.21311    A:0.27869    G:0.26230
Average         T:0.25683    C:0.14208    A:0.33880    G:0.26230

#15: Topi           
position  1:    T:0.21311    C:0.14754    A:0.29508    G:0.34426
position  2:    T:0.31148    C:0.06557    A:0.42623    G:0.19672
position  3:    T:0.22951    C:0.22951    A:0.29508    G:0.24590
Average         T:0.25137    C:0.14754    A:0.33880    G:0.26230

#16: CommonDuiker   
position  1:    T:0.21311    C:0.14754    A:0.29508    G:0.34426
position  2:    T:0.31148    C:0.06557    A:0.42623    G:0.19672
position  3:    T:0.24590    C:0.21311    A:0.29508    G:0.24590
Average         T:0.25683    C:0.14208    A:0.33880    G:0.26230

#17: Suni           
position  1:    T:0.21311    C:0.14754    A:0.29508    G:0.34426
position  2:    T:0.31148    C:0.06557    A:0.44262    G:0.18033
position  3:    T:0.26230    C:0.19672    A:0.32787    G:0.21311
Average         T:0.26230    C:0.13661    A:0.35519    G:0.24590

#18: Springbuck     
position  1:    T:0.21311    C:0.14754    A:0.29508    G:0.34426
position  2:    T:0.31148    C:0.06557    A:0.42623    G:0.19672
position  3:    T:0.26230    C:0.19672    A:0.27869    G:0.26230
Average         T:0.26230    C:0.13661    A:0.33333    G:0.26776

#19: Okapi          
position  1:    T:0.21311    C:0.14754    A:0.29508    G:0.34426
position  2:    T:0.31148    C:0.06557    A:0.44262    G:0.18033
position  3:    T:0.21311    C:0.22951    A:0.29508    G:0.26230
Average         T:0.24590    C:0.14754    A:0.34426    G:0.26230

#20: Giraffe        
position  1:    T:0.21311    C:0.14754    A:0.29508    G:0.34426
position  2:    T:0.31148    C:0.06557    A:0.44262    G:0.18033
position  3:    T:0.24590    C:0.19672    A:0.29508    G:0.26230
Average         T:0.25683    C:0.13661    A:0.34426    G:0.26230

#21: TibetanAntelope
position  1:    T:0.21311    C:0.14754    A:0.27869    G:0.36066
position  2:    T:0.31148    C:0.06557    A:0.44262    G:0.18033
position  3:    T:0.26230    C:0.21311    A:0.31148    G:0.21311
Average         T:0.26230    C:0.14208    A:0.34426    G:0.25137

#22: Sitatunga      
position  1:    T:0.21311    C:0.14754    A:0.29508    G:0.34426
position  2:    T:0.31148    C:0.06557    A:0.44262    G:0.18033
position  3:    T:0.26230    C:0.19672    A:0.29508    G:0.24590
Average         T:0.26230    C:0.13661    A:0.34426    G:0.25683

#23: Oribi          
position  1:    T:0.21311    C:0.14754    A:0.29508    G:0.34426
position  2:    T:0.31148    C:0.06557    A:0.42623    G:0.19672
position  3:    T:0.26230    C:0.19672    A:0.27869    G:0.26230
Average         T:0.26230    C:0.13661    A:0.33333    G:0.26776

#24: BarbarySheep   
position  1:    T:0.21311    C:0.14754    A:0.29508    G:0.34426
position  2:    T:0.31148    C:0.06557    A:0.42623    G:0.19672
position  3:    T:0.27869    C:0.18033    A:0.29508    G:0.24590
Average         T:0.26776    C:0.13115    A:0.33880    G:0.26230

#25: Daviddeer      
position  1:    T:0.21311    C:0.14754    A:0.29508    G:0.34426
position  2:    T:0.31148    C:0.06557    A:0.44262    G:0.18033
position  3:    T:0.21311    C:0.21311    A:0.29508    G:0.27869
Average         T:0.24590    C:0.14208    A:0.34426    G:0.26776

#26: Reindeer       
position  1:    T:0.21311    C:0.14754    A:0.27869    G:0.36066
position  2:    T:0.31148    C:0.06557    A:0.44262    G:0.18033
position  3:    T:0.21311    C:0.21311    A:0.29508    G:0.27869
Average         T:0.24590    C:0.14208    A:0.33880    G:0.27322

#27: Ibex           
position  1:    T:0.21311    C:0.14754    A:0.29508    G:0.34426
position  2:    T:0.31148    C:0.06557    A:0.42623    G:0.19672
position  3:    T:0.24590    C:0.21311    A:0.29508    G:0.24590
Average         T:0.25683    C:0.14208    A:0.33880    G:0.26230

#28: GyrantGazelle  
position  1:    T:0.22951    C:0.13115    A:0.29508    G:0.34426
position  2:    T:0.31148    C:0.06557    A:0.42623    G:0.19672
position  3:    T:0.26230    C:0.19672    A:0.27869    G:0.26230
Average         T:0.26776    C:0.13115    A:0.33333    G:0.26776

#29: Hartebeest     
position  1:    T:0.21311    C:0.14754    A:0.29508    G:0.34426
position  2:    T:0.31148    C:0.06557    A:0.42623    G:0.19672
position  3:    T:0.22951    C:0.22951    A:0.29508    G:0.24590
Average         T:0.25137    C:0.14754    A:0.33880    G:0.26230

#30: Bongo          
position  1:    T:0.21311    C:0.14754    A:0.29508    G:0.34426
position  2:    T:0.31148    C:0.06557    A:0.44262    G:0.18033
position  3:    T:0.26230    C:0.19672    A:0.29508    G:0.24590
Average         T:0.26230    C:0.13661    A:0.34426    G:0.25683

#31: Gerenuk        
position  1:    T:0.21311    C:0.14754    A:0.29508    G:0.34426
position  2:    T:0.31148    C:0.06557    A:0.42623    G:0.19672
position  3:    T:0.26230    C:0.19672    A:0.29508    G:0.24590
Average         T:0.26230    C:0.13661    A:0.33880    G:0.26230

#32: CommonEland    
position  1:    T:0.21311    C:0.14754    A:0.29508    G:0.34426
position  2:    T:0.31148    C:0.06557    A:0.44262    G:0.18033
position  3:    T:0.26230    C:0.19672    A:0.29508    G:0.24590
Average         T:0.26230    C:0.13661    A:0.34426    G:0.25683

#33: MuntiacusReevesi
position  1:    T:0.21311    C:0.14754    A:0.29508    G:0.34426
position  2:    T:0.31148    C:0.06557    A:0.44262    G:0.18033
position  3:    T:0.21311    C:0.21311    A:0.29508    G:0.27869
Average         T:0.24590    C:0.14208    A:0.34426    G:0.26776

#34: HarveysDuiker  
position  1:    T:0.21311    C:0.14754    A:0.29508    G:0.34426
position  2:    T:0.31148    C:0.06557    A:0.42623    G:0.19672
position  3:    T:0.24590    C:0.21311    A:0.29508    G:0.24590
Average         T:0.25683    C:0.14208    A:0.33880    G:0.26230

#35: Pronghorn      
position  1:    T:0.21311    C:0.14754    A:0.29508    G:0.34426
position  2:    T:0.31148    C:0.06557    A:0.44262    G:0.18033
position  3:    T:0.22951    C:0.22951    A:0.29508    G:0.24590
Average         T:0.25137    C:0.14754    A:0.34426    G:0.25683

#36: BlueWildebeest 
position  1:    T:0.21311    C:0.14754    A:0.29508    G:0.34426
position  2:    T:0.31148    C:0.06557    A:0.42623    G:0.19672
position  3:    T:0.24590    C:0.21311    A:0.29508    G:0.24590
Average         T:0.25683    C:0.14208    A:0.33880    G:0.26230

#37: Gemsbok        
position  1:    T:0.21311    C:0.14754    A:0.29508    G:0.34426
position  2:    T:0.31148    C:0.06557    A:0.42623    G:0.19672
position  3:    T:0.24590    C:0.21311    A:0.29508    G:0.24590
Average         T:0.25683    C:0.14208    A:0.33880    G:0.26230

#38: Yak            
position  1:    T:0.21311    C:0.14754    A:0.29508    G:0.34426
position  2:    T:0.31148    C:0.06557    A:0.42623    G:0.19672
position  3:    T:0.22951    C:0.22951    A:0.29508    G:0.24590
Average         T:0.25137    C:0.14754    A:0.33880    G:0.26230

#39: BlueSheep      
position  1:    T:0.21311    C:0.14754    A:0.29508    G:0.34426
position  2:    T:0.31148    C:0.06557    A:0.42623    G:0.19672
position  3:    T:0.24590    C:0.19672    A:0.31148    G:0.24590
Average         T:0.25683    C:0.13661    A:0.34426    G:0.26230

#40: BohorReedbuck  
position  1:    T:0.21311    C:0.14754    A:0.29508    G:0.34426
position  2:    T:0.31148    C:0.06557    A:0.42623    G:0.19672
position  3:    T:0.21311    C:0.24590    A:0.29508    G:0.24590
Average         T:0.24590    C:0.15301    A:0.33880    G:0.26230

#41: KirksDik       
position  1:    T:0.21311    C:0.14754    A:0.29508    G:0.34426
position  2:    T:0.31148    C:0.06557    A:0.42623    G:0.19672
position  3:    T:0.24590    C:0.21311    A:0.27869    G:0.26230
Average         T:0.25683    C:0.14208    A:0.33333    G:0.26776

#42: RoeDeer        
position  1:    T:0.21311    C:0.14754    A:0.29508    G:0.34426
position  2:    T:0.31148    C:0.06557    A:0.45902    G:0.16393
position  3:    T:0.21311    C:0.21311    A:0.29508    G:0.27869
Average         T:0.24590    C:0.14208    A:0.34973    G:0.26230

#43: WhiteLippedDeer
position  1:    T:0.21311    C:0.14754    A:0.29508    G:0.34426
position  2:    T:0.31148    C:0.06557    A:0.44262    G:0.18033
position  3:    T:0.21311    C:0.21311    A:0.29508    G:0.27869
Average         T:0.24590    C:0.14208    A:0.34426    G:0.26776

#44: ThomsonGazelle 
position  1:    T:0.21311    C:0.14754    A:0.29508    G:0.34426
position  2:    T:0.31148    C:0.06557    A:0.42623    G:0.19672
position  3:    T:0.26230    C:0.19672    A:0.27869    G:0.26230
Average         T:0.26230    C:0.13661    A:0.33333    G:0.26776

#45: MuntiacusCrinifrons
position  1:    T:0.21311    C:0.14754    A:0.31148    G:0.32787
position  2:    T:0.31148    C:0.06557    A:0.44262    G:0.18033
position  3:    T:0.22951    C:0.21311    A:0.27869    G:0.27869
Average         T:0.25137    C:0.14208    A:0.34426    G:0.26230

#46: WhiteTailedDeer
position  1:    T:0.21311    C:0.14754    A:0.29508    G:0.34426
position  2:    T:0.31148    C:0.06557    A:0.44262    G:0.18033
position  3:    T:0.21311    C:0.21311    A:0.29508    G:0.27869
Average         T:0.24590    C:0.14208    A:0.34426    G:0.26776

#47: Cattle         
position  1:    T:0.21311    C:0.14754    A:0.29508    G:0.34426
position  2:    T:0.31148    C:0.06557    A:0.44262    G:0.18033
position  3:    T:0.22951    C:0.21311    A:0.29508    G:0.26230
Average         T:0.25137    C:0.14208    A:0.34426    G:0.26230

#48: RoyalAntelope  
position  1:    T:0.19672    C:0.14754    A:0.29508    G:0.36066
position  2:    T:0.31148    C:0.06557    A:0.44262    G:0.18033
position  3:    T:0.22951    C:0.22951    A:0.29508    G:0.24590
Average         T:0.24590    C:0.14754    A:0.34426    G:0.26230

#49: Steenbok       
position  1:    T:0.21311    C:0.14754    A:0.29508    G:0.34426
position  2:    T:0.31148    C:0.06557    A:0.42623    G:0.19672
position  3:    T:0.26230    C:0.21311    A:0.31148    G:0.21311
Average         T:0.26230    C:0.14208    A:0.34426    G:0.25137

#50: Impala         
position  1:    T:0.21311    C:0.14754    A:0.29508    G:0.34426
position  2:    T:0.31148    C:0.06557    A:0.42623    G:0.19672
position  3:    T:0.22951    C:0.22951    A:0.29508    G:0.24590
Average         T:0.25137    C:0.14754    A:0.33880    G:0.26230

#51: Klipspringer   
position  1:    T:0.21311    C:0.14754    A:0.27869    G:0.36066
position  2:    T:0.32787    C:0.06557    A:0.40984    G:0.19672
