1
52 1
Argali 0.000000 0.231500 0.065100 0.221500 0.039300 0.000000 0.048500 0.056200 0.056500 0.063200 0.015600 0.046700 0.055000 0.064400 0.039900 0.094600 0.065000 0.074300 0.047300 0.056500 0.047600 0.007300 0.081000 0.048000 0.015600 0.098000 0.055000 0.065100 0.072100 0.073800 0.063300 0.064200 0.073500 0.063500 0.023500 0.040100 0.023700 0.039300 0.087400 0.072600 0.081000 0.104100 0.070900 0.056300 0.048500 0.056900 0.065800 0.048100 0.056800 0.072700 0.065100 0.056500
LesserMous 0.231500 0.000000 0.256500 0.307300 0.246600 0.231500 0.256900 0.262300 0.245200 0.230100 0.213900 0.233300 0.249900 0.275800 0.234500 0.286000 0.235400 0.248500 0.251900 0.245400 0.258500 0.223200 0.253900 0.234100 0.213900 0.294600 0.249900 0.256500 0.262000 0.267800 0.210900 0.253700 0.246400 0.260000 0.222900 0.225800 0.225100 0.246700 0.277500 0.263100 0.254300 0.298800 0.238300 0.245100 0.236100 0.224000 0.259700 0.255000 0.247000 0.230900 0.256700 0.245300
LesserKudu 0.065100 0.256500 0.000000 0.206900 0.056600 0.065100 0.049600 0.057400 0.008000 0.081300 0.048900 0.031400 0.064800 0.066000 0.057800 0.131600 0.049500 0.058700 0.065200 0.008000 0.099800 0.057100 0.082800 0.049100 0.048900 0.118000 0.064800 0.000000 0.108400 0.008000 0.081500 0.082700 0.075200 0.073300 0.057000 0.024400 0.040900 0.056600 0.106300 0.074200 0.082900 0.141700 0.089100 0.057700 0.032800 0.075400 0.076000 0.066100 0.075300 0.074700 0.016100 0.008000
KillerWhal 0.221500 0.307300 0.206900 0.000000 0.217200 0.221500 0.197100 0.214400 0.216100 0.239100 0.203900 0.185000 0.220400 0.215100 0.205100 0.296800 0.206500 0.219500 0.242100 0.216200 0.273400 0.213200 0.244100 0.204800 0.203900 0.286200 0.220400 0.207000 0.273600 0.218100 0.239800 0.233500 0.224600 0.210600 0.212800 0.177000 0.195700 0.217300 0.257300 0.213400 0.244300 0.310400 0.247200 0.195800 0.187200 0.224500 0.230100 0.224900 0.237500 0.236800 0.227600 0.216300
DefassaWat 0.039300 0.246600 0.056600 0.217200 0.000000 0.039300 0.040200 0.047900 0.064800 0.071400 0.023600 0.037400 0.047100 0.048100 0.048200 0.103300 0.056500 0.065700 0.055600 0.064800 0.072300 0.031600 0.089400 0.056200 0.023600 0.081100 0.047100 0.056700 0.080400 0.065300 0.071500 0.072500 0.081900 0.055200 0.031500 0.031900 0.031800 0.015400 0.070900 0.080900 0.089500 0.104300 0.079000 0.064600 0.040200 0.065200 0.074200 0.056300 0.065100 0.081000 0.073600 0.064800
Sheep 0.000000 0.231500 0.065100 0.221500 0.039300 0.000000 0.048500 0.056200 0.056500 0.063200 0.015600 0.046700 0.055000 0.064400 0.039900 0.094600 0.065000 0.074300 0.047300 0.056500 0.047600 0.007800 0.081000 0.048000 0.015600 0.098000 0.055000 0.065100 0.072100 0.073800 0.063300 0.064200 0.073500 0.063500 0.023500 0.040100 0.023700 0.039300 0.087400 0.072600 0.081000 0.104100 0.070900 0.056300 0.048500 0.056900 0.065800 0.048100 0.056800 0.072700 0.065100 0.056500
MaxwellsDu 0.048500 0.256900 0.049600 0.197100 0.040200 0.048500 0.000000 0.024200 0.057900 0.081400 0.032400 0.030300 0.056400 0.016100 0.041000 0.097100 0.049500 0.058700 0.065300 0.057900 0.065500 0.040500 0.083000 0.049100 0.032400 0.082800 0.056400 0.049600 0.073800 0.058300 0.081600 0.032300 0.075300 0.064800 0.040500 0.024400 0.024400 0.040200 0.072400 0.074300 0.083000 0.106500 0.089200 0.057700 0.032800 0.041300 0.050200 0.049200 0.041300 0.074500 0.066800 0.057900
GazellaPrz 0.056200 0.262300 0.057400 0.214400 0.047900 0.056200 0.024200 0.000000 0.065700 0.088900 0.040200 0.037600 0.064000 0.040400 0.048800 0.087800 0.057300 0.066600 0.073000 0.065700 0.056500 0.048300 0.090600 0.056900 0.040200 0.073500 0.064000 0.057400 0.064700 0.066200 0.089100 0.056700 0.083000 0.072400 0.048200 0.032400 0.032200 0.031700 0.063500 0.065100 0.090600 0.080300 0.096700 0.065500 0.040700 0.049200 0.058200 0.057000 0.049100 0.082000 0.074600 0.065700
MountainNy 0.056500 0.245200 0.008000 0.216100 0.064800 0.056500 0.057900 0.065700 0.000000 0.072500 0.040400 0.039800 0.073000 0.074300 0.049100 0.122200 0.057700 0.067100 0.056500 0.000100 0.090600 0.048500 0.073900 0.040500 0.040400 0.126400 0.073000 0.008000 0.099000 0.016100 0.072700 0.073800 0.066200 0.081500 0.048400 0.032600 0.032400 0.064800 0.114500 0.065300 0.073900 0.132000 0.080300 0.049000 0.041000 0.066400 0.066900 0.057300 0.066400 0.065600 0.008000 0.000000
MuntiacusM 0.063200 0.230100 0.081300 0.239100 0.071400 0.063200 0.081400 0.088900 0.072500 0.000000 0.047400 0.062800 0.079300 0.097700 0.072600 0.127700 0.081100 0.090700 0.079800 0.072600 0.096700 0.055400 0.047100 0.047200 0.047400 0.131700 0.079300 0.081300 0.104900 0.090100 0.015300 0.097000 0.072800 0.087700 0.039200 0.056100 0.055900 0.071300 0.120200 0.071400 0.047100 0.137300 0.007500 0.055500 0.064500 0.090000 0.099400 0.080700 0.089900 0.089000 0.081300 0.072600
goat 0.015600 0.213900 0.048900 0.203900 0.023600 0.015600 0.032400 0.040200 0.040400 0.047400 0.000000 0.029900 0.039300 0.048300 0.023900 0.078800 0.048800 0.057900 0.031600 0.040400 0.048000 0.007800 0.064800 0.032000 0.000000 0.081700 0.039300 0.048900 0.056100 0.057500 0.047500 0.048200 0.057200 0.047600 0.007900 0.024100 0.007900 0.023600 0.071500 0.056500 0.064900 0.088100 0.055100 0.040300 0.032400 0.040700 0.049400 0.032100 0.040600 0.056100 0.048900 0.040400
AfricanBuf 0.046700 0.233300 0.031400 0.185000 0.037400 0.046700 0.030300 0.037600 0.039800 0.062800 0.029900 0.000000 0.046400 0.047300 0.038900 0.113100 0.030800 0.040400 0.063800 0.039000 0.080200 0.038400 0.064600 0.030000 0.029900 0.098900 0.046400 0.032000 0.089100 0.040600 0.063500 0.063900 0.056400 0.054400 0.037600 0.003600 0.021200 0.037400 0.087600 0.055000 0.065000 0.122700 0.070800 0.039700 0.014700 0.056300 0.065400 0.047700 0.056200 0.055200 0.049100 0.039800
Topi 0.055000 0.249900 0.064800 0.220400 0.047100 0.055000 0.056400 0.064000 0.073000 0.079300 0.039300 0.046400 0.000000 0.072100 0.064200 0.110800 0.064700 0.074000 0.071400 0.073000 0.088600 0.047300 0.089300 0.064200 0.039300 0.097600 0.000000 0.064800 0.088500 0.073500 0.079500 0.088700 0.090200 0.023200 0.047400 0.039900 0.047700 0.047100 0.095000 0.089000 0.089400 0.120700 0.087000 0.072800 0.048200 0.081700 0.091000 0.072500 0.081600 0.089600 0.081800 0.073000
CommonDuik 0.064400 0.275800 0.066000 0.215100 0.048100 0.064400 0.016100 0.040400 0.074300 0.097700 0.048300 0.047300 0.072100 0.000000 0.057100 0.112800 0.065900 0.075400 0.081300 0.074400 0.081900 0.056500 0.082100 0.065500 0.048300 0.082100 0.072100 0.066000 0.090100 0.074900 0.097900 0.032000 0.091900 0.081000 0.056600 0.040700 0.040400 0.048100 0.071800 0.090800 0.082100 0.105700 0.105400 0.074100 0.049100 0.057800 0.066900 0.065600 0.057700 0.091400 0.083300 0.074400
Suni 0.039900 0.234500 0.057800 0.205100 0.048200 0.039900 0.041000 0.048800 0.049100 0.072600 0.023900 0.038900 0.064200 0.057100 0.000000 0.104500 0.057700 0.067100 0.056400 0.049100 0.073500 0.032000 0.073900 0.040600 0.023900 0.108500 0.064200 0.057800 0.081800 0.066600 0.072700 0.057000 0.066300 0.072900 0.032100 0.032600 0.016000 0.048200 0.097300 0.065400 0.074000 0.114500 0.080400 0.049000 0.041000 0.040900 0.058400 0.040600 0.049400 0.065400 0.057800 0.049200
Springbuck 0.094600 0.286000 0.131600 0.296800 0.103300 0.094600 0.097100 0.087800 0.122200 0.127700 0.078800 0.113100 0.110800 0.112800 0.104500 0.000000 0.131200 0.141700 0.111500 0.122200 0.071000 0.086900 0.147200 0.113000 0.078800 0.079200 0.110800 0.131500 0.038600 0.140900 0.128000 0.112500 0.140000 0.119900 0.087100 0.105300 0.087600 0.086800 0.085800 0.121200 0.147300 0.085500 0.135300 0.121900 0.114100 0.105700 0.098100 0.113100 0.105600 0.122300 0.131500 0.122300
Okapi 0.065000 0.235400 0.049500 0.206500 0.056500 0.065000 0.049500 0.057300 0.057700 0.081100 0.048800 0.030800 0.064700 0.065900 0.057700 0.131200 0.000000 0.024500 0.065000 0.057800 0.099600 0.057000 0.073900 0.049000 0.048800 0.099900 0.064700 0.049500 0.108100 0.058200 0.081300 0.065500 0.057900 0.073200 0.056900 0.024400 0.040800 0.056500 0.106100 0.074000 0.073900 0.141300 0.088900 0.049000 0.032700 0.075200 0.084800 0.065900 0.075200 0.065500 0.049500 0.057800
Giraffe 0.074300 0.248500 0.058700 0.219500 0.065700 0.074300 0.058700 0.066600 0.067100 0.090700 0.057900 0.040400 0.074000 0.075400 0.067100 0.141700 0.024500 0.000000 0.091800 0.067100 0.109700 0.066300 0.083500 0.058100 0.057900 0.128100 0.074000 0.058700 0.118300 0.067600 0.090900 0.075000 0.067300 0.082600 0.066200 0.033100 0.049800 0.065700 0.116000 0.083500 0.083600 0.152000 0.098600 0.058100 0.041600 0.085100 0.094900 0.075500 0.085000 0.075300 0.076200 0.067100
TibetanAnt 0.047300 0.251900 0.065200 0.242100 0.055600 0.047300 0.065300 0.073000 0.056500 0.079800 0.031600 0.063800 0.071400 0.081300 0.056400 0.111500 0.065000 0.091800 0.000000 0.056600 0.080900 0.039500 0.098200 0.064600 0.031600 0.098100 0.071400 0.065200 0.089100 0.073900 0.080000 0.081000 0.090700 0.080100 0.039600 0.056800 0.039900 0.055600 0.104300 0.089600 0.098300 0.121400 0.087500 0.073200 0.065300 0.073900 0.083100 0.064700 0.073800 0.090100 0.048400 0.056600
Sitatunga 0.056500 0.245400 0.008000 0.216200 0.064800 0.056500 0.057900 0.065700 0.000100 0.072600 0.040400 0.039000 0.073000 0.074400 0.049100 0.122200 0.057800 0.067100 0.056600 0.000000 0.090700 0.048600 0.073900 0.040600 0.040400 0.126500 0.073000 0.008000 0.099100 0.016100 0.072700 0.073800 0.066300 0.081500 0.048500 0.032600 0.032400 0.064800 0.114600 0.065400 0.074000 0.132200 0.080400 0.049000 0.041000 0.066500 0.066900 0.057300 0.066400 0.065400 0.008000 0.000100
Oribi 0.047600 0.258500 0.099800 0.273400 0.072300 0.047600 0.065500 0.056500 0.090600 0.096700 0.048000 0.080200 0.088600 0.081900 0.073500 0.071000 0.099600 0.109700 0.080900 0.090700 0.000000 0.039700 0.115800 0.081600 0.048000 0.064900 0.088600 0.099800 0.053900 0.109000 0.097000 0.081300 0.108300 0.097200 0.056000 0.073800 0.056600 0.055800 0.088000 0.089700 0.115900 0.071500 0.104500 0.090400 0.082500 0.074100 0.083400 0.081700 0.074000 0.107600 0.099800 0.090700
BarbaryShe 0.007300 0.223200 0.057100 0.213200 0.031600 0.007800 0.040500 0.048300 0.048500 0.055400 0.007800 0.038400 0.047300 0.056500 0.032000 0.086900 0.057000 0.066300 0.039500 0.048600 0.039700 0.000000 0.073100 0.040100 0.007800 0.090000 0.047300 0.057100 0.064200 0.065800 0.055600 0.056300 0.065500 0.055700 0.015700 0.032200 0.015800 0.031500 0.079600 0.064700 0.073100 0.096300 0.063100 0.048400 0.040500 0.048900 0.057700 0.040200 0.048800 0.064600 0.057100 0.048600
Daviddeer 0.081000 0.253900 0.082800 0.244100 0.089400 0.081000 0.083000 0.090600 0.073900 0.047100 0.064800 0.064600 0.089300 0.082100 0.073900 0.147200 0.073900 0.083500 0.098200 0.073900 0.115800 0.073100 0.000000 0.048100 0.064800 0.152100 0.089300 0.082900 0.124200 0.091900 0.047100 0.081500 0.091400 0.106400 0.073000 0.057200 0.056900 0.089400 0.139600 0.072700 0.000000 0.157400 0.054800 0.040000 0.065800 0.091700 0.101300 0.082200 0.091600 0.073500 0.082900 0.073900
Reindeer 0.048000 0.234100 0.049100 0.204800 0.056200 0.048000 0.049100 0.056900 0.040500 0.047200 0.032000 0.030000 0.064200 0.065500 0.040600 0.113000 0.049000 0.058100 0.064600 0.040600 0.081600 0.040100 0.048100 0.000000 0.032000 0.116700 0.064200 0.049100 0.089900 0.057700 0.047300 0.065000 0.064300 0.072700 0.040000 0.024200 0.024100 0.056200 0.105300 0.039900 0.048100 0.122600 0.054900 0.023900 0.032500 0.057600 0.066700 0.048700 0.057500 0.056400 0.049100 0.040600
Ibex 0.015600 0.213900 0.048900 0.203900 0.023600 0.015600 0.032400 0.040200 0.040400 0.047400 0.000000 0.029900 0.039300 0.048300 0.023900 0.078800 0.048800 0.057900 0.031600 0.040400 0.048000 0.007800 0.064800 0.032000 0.000000 0.081700 0.039300 0.048900 0.056100 0.057500 0.047500 0.048200 0.057200 0.047600 0.007900 0.024100 0.007900 0.023600 0.071500 0.056500 0.064900 0.088100 0.055100 0.040300 0.032400 0.040700 0.049400 0.032100 0.040600 0.056100 0.048900 0.040400
GyrantGaze 0.098000 0.294600 0.118000 0.286200 0.081100 0.098000 0.082800 0.073500 0.126400 0.131700 0.081700 0.098900 0.097600 0.082100 0.108500 0.079200 0.099900 0.128100 0.098100 0.126500 0.064900 0.090000 0.152100 0.116700 0.081700 0.000000 0.097600 0.118000 0.056200 0.127500 0.132000 0.116100 0.144800 0.106200 0.090000 0.091300 0.090900 0.064400 0.071800 0.125200 0.152200 0.039100 0.139500 0.126000 0.100200 0.109300 0.101500 0.116800 0.109200 0.126400 0.117900 0.126500
Hartebeest 0.055000 0.249900 0.064800 0.220400 0.047100 0.055000 0.056400 0.064000 0.073000 0.079300 0.039300 0.046400 0.000000 0.072100 0.064200 0.110800 0.064700 0.074000 0.071400 0.073000 0.088600 0.047300 0.089300 0.064200 0.039300 0.097600 0.000000 0.064800 0.088500 0.073500 0.079500 0.088700 0.090200 0.023200 0.047400 0.039900 0.047700 0.047100 0.095000 0.089000 0.089400 0.120700 0.087000 0.072800 0.048200 0.081700 0.091000 0.072500 0.081600 0.089600 0.081800 0.073000
Bongo 0.065100 0.256500 0.000000 0.207000 0.056700 0.065100 0.049600 0.057400 0.008000 0.081300 0.048900 0.032000 0.064800 0.066000 0.057800 0.131500 0.049500 0.058700 0.065200 0.008000 0.099800 0.057100 0.082900 0.049100 0.048900 0.118000 0.064800 0.000000 0.108300 0.008000 0.081500 0.082700 0.075200 0.073300 0.057000 0.024300 0.040900 0.056700 0.106300 0.074200 0.082900 0.141600 0.089200 0.057700 0.032700 0.075400 0.076000 0.066100 0.075400 0.074800 0.016000 0.008000
Gerenuk 0.072100 0.262000 0.108400 0.273600 0.080400 0.072100 0.073800 0.064700 0.099000 0.104900 0.056100 0.089100 0.088500 0.090100 0.081800 0.038600 0.108100 0.118300 0.089100 0.099100 0.053900 0.064200 0.124200 0.089900 0.056100 0.056200 0.088500 0.108300 0.000000 0.117700 0.105200 0.089500 0.116900 0.097100 0.064200 0.082100 0.064800 0.063900 0.079500 0.098200 0.124300 0.062900 0.112700 0.098800 0.090900 0.082400 0.074600 0.090000 0.082300 0.098600 0.108300 0.099100
CommonElan 0.073800 0.267800 0.008000 0.218100 0.065300 0.073800 0.058300 0.066200 0.016100 0.090100 0.057500 0.040600 0.073500 0.074900 0.066600 0.140900 0.058200 0.067600 0.073900 0.016100 0.109000 0.065800 0.091900 0.057700 0.057500 0.127500 0.073500 0.008000 0.117700 0.000000 0.090400 0.091700 0.084300 0.082100 0.065700 0.032700 0.049500 0.065300 0.115400 0.083100 0.091900 0.151200 0.098000 0.066400 0.041200 0.084500 0.085100 0.074900 0.084400 0.084000 0.024300 0.016100
MuntiacusR 0.063300 0.210900 0.081500 0.239800 0.071500 0.063300 0.081600 0.089100 0.072700 0.015300 0.047500 0.063500 0.079500 0.097900 0.072700 0.128000 0.081300 0.090900 0.080000 0.072700 0.097000 0.055600 0.047100 0.047300 0.047500 0.132000 0.079500 0.081500 0.105200 0.090400 0.000000 0.097300 0.089900 0.088000 0.039300 0.056300 0.056000 0.071500 0.120400 0.071600 0.047300 0.137600 0.022800 0.055600 0.064700 0.073100 0.099600 0.080900 0.090100 0.089500 0.081500 0.072700
HarveysDui 0.064200 0.253700 0.082700 0.233500 0.072500 0.064200 0.032300 0.056700 0.073800 0.097000 0.048200 0.063900 0.088700 0.032000 0.057000 0.112500 0.065500 0.075000 0.081000 0.073800 0.081300 0.056300 0.081500 0.065000 0.048200 0.116100 0.088700 0.082700 0.089500 0.091700 0.097300 0.000000 0.074100 0.080600 0.056200 0.057100 0.040300 0.072500 0.104800 0.090200 0.081600 0.122000 0.104700 0.073600 0.065700 0.057400 0.066400 0.065100 0.057300 0.090600 0.082700 0.073800
Pronghorn 0.073500 0.246400 0.075200 0.224600 0.081900 0.073500 0.075300 0.083000 0.066200 0.072800 0.057200 0.056400 0.090200 0.091900 0.066300 0.140000 0.057900 0.067300 0.090700 0.066300 0.108300 0.065500 0.091400 0.064300 0.057200 0.144800 0.090200 0.075200 0.116900 0.084300 0.089900 0.074100 0.000000 0.098900 0.065400 0.049400 0.049200 0.081900 0.123200 0.082700 0.091400 0.150200 0.080700 0.066100 0.058000 0.084100 0.093700 0.065900 0.083900 0.083100 0.075200 0.066300
BlueWildeb 0.063500 0.260000 0.073300 0.210600 0.055200 0.063500 0.064800 0.072400 0.081500 0.087700 0.047600 0.054400 0.023200 0.081000 0.072900 0.119900 0.073200 0.082600 0.080100 0.081500 0.097200 0.055700 0.106400 0.072700 0.047600 0.106200 0.023200 0.073300 0.097100 0.082100 0.088000 0.080600 0.098900 0.000000 0.055600 0.048200 0.056100 0.055200 0.103400 0.080500 0.106400 0.129500 0.095400 0.081300 0.056600 0.090400 0.099900 0.081000 0.090300 0.098300 0.090500 0.081600
Gemsbok 0.023500 0.222900 0.057000 0.212800 0.031500 0.023500 0.040500 0.048200 0.048400 0.039200 0.007900 0.037600 0.047400 0.056600 0.032100 0.087100 0.056900 0.066200 0.039600 0.048500 0.056000 0.015700 0.073000 0.040000 0.007900 0.090000 0.047400 0.057000 0.064200 0.065700 0.039300 0.056200 0.065400 0.055600 0.000000 0.032100 0.015900 0.031500 0.079300 0.064500 0.073000 0.096000 0.046900 0.048300 0.040400 0.048800 0.057600 0.040100 0.048700 0.064200 0.057000 0.048500
Yak 0.040100 0.225800 0.024400 0.177000 0.031900 0.040100 0.024400 0.032400 0.032600 0.056100 0.024100 0.003600 0.039900 0.040700 0.032600 0.105300 0.024400 0.033100 0.056800 0.032600 0.073800 0.032200 0.057200 0.024200 0.024100 0.091300 0.039900 0.024300 0.082100 0.032700 0.056300 0.057100 0.049400 0.048200 0.032100 0.000000 0.016100 0.031900 0.080500 0.048800 0.057200 0.114800 0.063900 0.032500 0.008100 0.049600 0.058600 0.040700 0.049500 0.048700 0.040900 0.032600
BlueSheep 0.023700 0.225100 0.040900 0.195700 0.031800 0.023700 0.024400 0.032200 0.032400 0.055900 0.007900 0.021200 0.047700 0.040400 0.016000 0.087600 0.040800 0.049800 0.039900 0.032400 0.056600 0.015800 0.056900 0.024100 0.007900 0.090900 0.047700 0.040900 0.064800 0.049500 0.056000 0.040300 0.049200 0.056100 0.015900 0.016100 0.000000 0.031800 0.080300 0.048600 0.057000 0.097100 0.063700 0.032300 0.024400 0.032600 0.041300 0.024100 0.032600 0.047900 0.040900 0.032500
BohorReedb 0.039300 0.246700 0.056600 0.217300 0.015400 0.039300 0.040200 0.031700 0.064800 0.071300 0.023600 0.037400 0.047100 0.048100 0.048200 0.086800 0.056500 0.065700 0.055600 0.064800 0.055800 0.031500 0.089400 0.056200 0.023600 0.064400 0.047100 0.056700 0.063900 0.065300 0.071500 0.072500 0.081900 0.055200 0.031500 0.031900 0.031800 0.000000 0.054800 0.064300 0.089500 0.087600 0.079000 0.064600 0.040200 0.065200 0.074200 0.056300 0.065100 0.081000 0.073500 0.064800
KirksDik 0.087400 0.277500 0.106300 0.257300 0.070900 0.087400 0.072400 0.063500 0.114500 0.120200 0.071500 0.087600 0.095000 0.071800 0.097300 0.085800 0.106100 0.116000 0.104300 0.114600 0.088000 0.079600 0.139600 0.105300 0.071500 0.071800 0.095000 0.106300 0.079500 0.115400 0.120400 0.104800 0.123200 0.103400 0.079300 0.080500 0.080300 0.054800 0.000000 0.113400 0.139700 0.094600 0.127800 0.114200 0.089200 0.097900 0.090300 0.105400 0.097800 0.114400 0.123900 0.114700
RoeDeer 0.072600 0.263100 0.074200 0.213400 0.080900 0.072600 0.074300 0.065100 0.065300 0.071400 0.056500 0.055000 0.089000 0.090800 0.065400 0.121200 0.074000 0.083500 0.089600 0.065400 0.089700 0.064700 0.072700 0.039900 0.056500 0.125200 0.089000 0.074200 0.098200 0.083100 0.071600 0.090200 0.082700 0.080500 0.064500 0.048800 0.048600 0.064300 0.113400 0.000000 0.072800 0.131000 0.079100 0.048200 0.057200 0.083000 0.092400 0.073600 0.082800 0.081800 0.074200 0.065400
WhiteLippe 0.081000 0.254300 0.082900 0.244300 0.089500 0.081000 0.083000 0.090600 0.073900 0.047100 0.064900 0.065000 0.089400 0.082100 0.074000 0.147300 0.073900 0.083600 0.098300 0.074000 0.115900 0.073100 0.000000 0.048100 0.064900 0.152200 0.089400 0.082900 0.124300 0.091900 0.047300 0.081600 0.091400 0.106400 0.073000 0.057200 0.057000 0.089500 0.139700 0.072800 0.000000 0.157500 0.054800 0.039900 0.065800 0.091800 0.101300 0.082200 0.091700 0.073600 0.082900 0.074000
ThomsonGaz 0.104100 0.298800 0.141700 0.310400 0.104300 0.104100 0.106500 0.080300 0.132000 0.137300 0.088100 0.122700 0.120700 0.105700 0.114500 0.085500 0.141300 0.152000 0.121400 0.132200 0.071500 0.096300 0.157400 0.122600 0.088100 0.039100 0.120700 0.141600 0.062900 0.151200 0.137600 0.122000 0.150200 0.129500 0.096000 0.114800 0.097100 0.087600 0.094600 0.131000 0.157500 0.000000 0.145000 0.131600 0.123900 0.115300 0.107700 0.122700 0.115200 0.114400 0.141600 0.132100
MuntiacusC 0.070900 0.238300 0.089100 0.247200 0.079000 0.070900 0.089200 0.096700 0.080300 0.007500 0.055100 0.070800 0.087000 0.105400 0.080400 0.135300 0.088900 0.098600 0.087500 0.080400 0.104500 0.063100 0.054800 0.054900 0.055100 0.139500 0.087000 0.089200 0.112700 0.098000 0.022800 0.104700 0.080700 0.095400 0.046900 0.063900 0.063700 0.079000 0.127800 0.079100 0.054800 0.145000 0.000000 0.063200 0.072400 0.097800 0.107300 0.088500 0.097700 0.096900 0.089100 0.080400
WhiteTaile 0.056300 0.245100 0.057700 0.195800 0.064600 0.056300 0.057700 0.065500 0.049000 0.055500 0.040300 0.039700 0.072800 0.074100 0.049000 0.121900 0.049000 0.058100 0.073200 0.049000 0.090400 0.048400 0.040000 0.023900 0.040300 0.126000 0.072800 0.057700 0.098800 0.066400 0.055600 0.073600 0.066100 0.081300 0.048300 0.032500 0.032300 0.064600 0.114200 0.048200 0.039900 0.131600 0.063200 0.000000 0.040900 0.066300 0.075500 0.057200 0.066200 0.048200 0.057700 0.049000
Cattle 0.048500 0.236100 0.032800 0.187200 0.040200 0.048500 0.032800 0.040700 0.041000 0.064500 0.032400 0.014700 0.048200 0.049100 0.041000 0.114100 0.032700 0.041600 0.065300 0.041000 0.082500 0.040500 0.065800 0.032500 0.032400 0.100200 0.048200 0.032700 0.090900 0.041200 0.064700 0.065700 0.058000 0.056600 0.040400 0.008100 0.024400 0.040200 0.089200 0.057200 0.065800 0.123900 0.072400 0.040900 0.000000 0.058200 0.067400 0.049200 0.058200 0.057500 0.049500 0.041000
RoyalAntel 0.056900 0.224000 0.075400 0.224500 0.065200 0.056900 0.041300 0.049200 0.066400 0.090000 0.040700 0.056300 0.081700 0.057800 0.040900 0.105700 0.075200 0.085100 0.073900 0.066500 0.074100 0.048900 0.091700 0.057600 0.040700 0.109300 0.081700 0.075400 0.082400 0.084500 0.073100 0.057400 0.084100 0.090400 0.048800 0.049600 0.032600 0.065200 0.097900 0.083000 0.091800 0.115300 0.097800 0.066300 0.058200 0.000000 0.058900 0.057700 0.049800 0.083300 0.075400 0.066500
Steenbok 0.065800 0.259700 0.076000 0.230100 0.074200 0.065800 0.050200 0.058200 0.066900 0.099400 0.049400 0.065400 0.091000 0.066900 0.058400 0.098100 0.084800 0.094900 0.083100 0.066900 0.083400 0.057700 0.101300 0.066700 0.049400 0.101500 0.091000 0.076000 0.074600 0.085100 0.099600 0.066400 0.093700 0.099900 0.057600 0.058600 0.041300 0.074200 0.090300 0.092400 0.101300 0.107700 0.107300 0.075500 0.067400 0.058900 0.000000 0.066800 0.058800 0.075100 0.076000 0.066900
Impala 0.048100 0.255000 0.066100 0.224900 0.056300 0.048100 0.049200 0.057000 0.057300 0.080700 0.032100 0.047700 0.072500 0.065600 0.040600 0.113100 0.065900 0.075500 0.064700 0.057300 0.081700 0.040200 0.082200 0.048700 0.032100 0.116800 0.072500 0.066100 0.090000 0.074900 0.080900 0.065100 0.065900 0.081000 0.040100 0.040700 0.024100 0.056300 0.105400 0.073600 0.082200 0.122700 0.088500 0.057200 0.049200 0.057700 0.066800 0.000000 0.040500 0.074200 0.066100 0.057400
Klipspring 0.056800 0.247000 0.075300 0.237500 0.065100 0.056800 0.041300 0.049100 0.066400 0.089900 0.040600 0.056200 0.081600 0.057700 0.049400 0.105600 0.075200 0.085000 0.073800 0.066400 0.074000 0.048800 0.091600 0.057500 0.040600 0.109200 0.081600 0.075400 0.082300 0.084400 0.090100 0.057300 0.083900 0.090300 0.048700 0.049500 0.032600 0.065100 0.097800 0.082800 0.091700 0.115200 0.097700 0.066200 0.058200 0.049800 0.058800 0.040500 0.000000 0.083200 0.075400 0.066400
ForestMusk 0.072700 0.230900 0.074700 0.236800 0.081000 0.072700 0.074500 0.082000 0.065600 0.089000 0.056100 0.055200 0.089600 0.091400 0.065400 0.122300 0.065500 0.075300 0.090100 0.065400 0.107600 0.064600 0.073500 0.056400 0.056100 0.126400 0.089600 0.074800 0.098600 0.084000 0.089500 0.090600 0.083100 0.098300 0.064200 0.048700 0.047900 0.081000 0.114400 0.081800 0.073600 0.114400 0.096900 0.048200 0.057500 0.083300 0.075100 0.074200 0.083200 0.000000 0.074800 0.065700
Bushbuck 0.065100 0.256700 0.016100 0.227600 0.073600 0.065100 0.066800 0.074600 0.008000 0.081300 0.048900 0.049100 0.081800 0.083300 0.057800 0.131500 0.049500 0.076200 0.048400 0.008000 0.099800 0.057100 0.082900 0.049100 0.048900 0.117900 0.081800 0.016000 0.108300 0.024300 0.081500 0.082700 0.075200 0.090500 0.057000 0.040900 0.040900 0.073500 0.123900 0.074200 0.082900 0.141600 0.089100 0.057700 0.049500 0.075400 0.076000 0.066100 0.075400 0.074800 0.000000 0.008000
GreaterKud 0.056500 0.245300 0.008000 0.216300 0.064800 0.056500 0.057900 0.065700 0.000000 0.072600 0.040400 0.039800 0.073000 0.074400 0.049200 0.122300 0.057800 0.067100 0.056600 0.000100 0.090700 0.048600 0.073900 0.040600 0.040400 0.126500 0.073000 0.008000 0.099100 0.016100 0.072700 0.073800 0.066300 0.081600 0.048500 0.032600 0.032500 0.064800 0.114700 0.065400 0.074000 0.132100 0.080400 0.049000 0.041000 0.066500 0.066900 0.057400 0.066400 0.065700 0.008000 0.000000
