1
52 1
Argali 0.000000 0.243800 0.057000 0.218000 0.042000 0.000000 0.035600 0.063100 0.057100 0.074500 0.006800 0.049700 0.027900 0.064800 0.027500 0.027800 0.088500 0.089900 0.034700 0.057100 0.027500 0.006900 0.059300 0.059000 0.006900 0.048800 0.027900 0.057100 0.014000 0.057100 0.082000 0.056400 0.103600 0.027900 0.013800 0.056900 0.014000 0.027900 0.057200 0.081400 0.059300 0.040800 0.074500 0.073400 0.056900 0.013700 0.034700 0.035500 0.020600 0.072700 0.071200 0.057100
LesserMous 0.243800 0.000000 0.250100 0.215500 0.274500 0.243800 0.262400 0.253900 0.250800 0.213900 0.250800 0.240900 0.266800 0.259500 0.267300 0.248500 0.225800 0.249300 0.283500 0.250800 0.249700 0.251200 0.214400 0.213200 0.236100 0.220200 0.266800 0.250800 0.233800 0.250800 0.222000 0.265700 0.217900 0.257200 0.251400 0.231600 0.250800 0.268000 0.252000 0.238100 0.214400 0.212300 0.213900 0.228000 0.231600 0.251700 0.238200 0.252100 0.259500 0.216400 0.265600 0.250800
LesserKudu 0.057000 0.250100 0.000000 0.216200 0.085200 0.057000 0.079700 0.106700 0.013500 0.081400 0.064000 0.020800 0.056400 0.110000 0.078800 0.070900 0.095300 0.096800 0.092700 0.013500 0.071100 0.064000 0.066300 0.066000 0.064700 0.092300 0.056400 0.013500 0.056900 0.013500 0.088900 0.100600 0.110400 0.056500 0.056900 0.027700 0.071600 0.085700 0.102000 0.088300 0.066300 0.085100 0.081400 0.080300 0.027700 0.056900 0.077700 0.086900 0.063900 0.072100 0.026700 0.013700
KillerWhal 0.218000 0.215500 0.216200 0.000000 0.248300 0.218000 0.227600 0.237700 0.216600 0.196200 0.225100 0.207300 0.232400 0.254500 0.243000 0.232300 0.183000 0.195500 0.257300 0.216600 0.215500 0.225500 0.179400 0.178500 0.210500 0.221100 0.232400 0.216600 0.217500 0.216600 0.204200 0.249300 0.200800 0.223200 0.217300 0.198200 0.225100 0.250100 0.253700 0.202700 0.179400 0.213300 0.196200 0.193100 0.198200 0.217500 0.239200 0.253900 0.225100 0.183200 0.231400 0.216600
DefassaWat 0.042000 0.274500 0.085200 0.248300 0.000000 0.042000 0.064000 0.090800 0.085300 0.111500 0.048800 0.077700 0.055700 0.093500 0.063300 0.055700 0.125100 0.127100 0.077000 0.085300 0.055900 0.048900 0.096100 0.095600 0.049400 0.076600 0.055700 0.085300 0.041900 0.085300 0.119000 0.084600 0.140400 0.055800 0.041900 0.085000 0.056200 0.027400 0.085800 0.118100 0.096100 0.069600 0.111500 0.109800 0.085000 0.041900 0.062400 0.071100 0.048800 0.101300 0.084500 0.085300
Sheep 0.000000 0.243800 0.057000 0.218000 0.042000 0.000000 0.034600 0.063100 0.057100 0.074500 0.006900 0.049700 0.027900 0.064800 0.028100 0.027800 0.088500 0.089900 0.034700 0.057100 0.028000 0.006800 0.059300 0.059000 0.006900 0.048800 0.027900 0.057100 0.014000 0.057100 0.082000 0.056400 0.103600 0.027900 0.014000 0.056900 0.014000 0.027900 0.057200 0.081400 0.059300 0.041100 0.074500 0.073400 0.056900 0.013700 0.034700 0.035500 0.020900 0.072700 0.071200 0.057100
MaxwellsDu 0.035600 0.262400 0.079700 0.227600 0.064000 0.034600 0.000000 0.085400 0.079800 0.106300 0.041800 0.072100 0.049500 0.042100 0.057200 0.049500 0.120300 0.122200 0.063900 0.079800 0.049700 0.041600 0.090700 0.090200 0.043000 0.070800 0.049500 0.079800 0.034600 0.079800 0.114000 0.034400 0.135800 0.048600 0.035400 0.064500 0.050200 0.064400 0.080000 0.113100 0.090700 0.063700 0.106300 0.097000 0.064500 0.035500 0.049200 0.065000 0.042500 0.096000 0.094000 0.079800
GazellaPrz 0.063100 0.253900 0.106700 0.237700 0.090800 0.063100 0.085400 0.000000 0.106900 0.134000 0.069900 0.099100 0.076700 0.108000 0.084600 0.062200 0.131600 0.149800 0.098200 0.106900 0.062500 0.070000 0.118500 0.117900 0.070600 0.076000 0.076700 0.106900 0.048600 0.106900 0.141600 0.106000 0.163000 0.076900 0.062900 0.106500 0.077400 0.091300 0.077700 0.140600 0.118500 0.069100 0.134000 0.132100 0.106500 0.063000 0.040800 0.070100 0.069900 0.107900 0.120800 0.106900
MountainNy 0.057100 0.250800 0.013500 0.216600 0.085300 0.057100 0.079800 0.106900 0.000000 0.081600 0.064100 0.020900 0.071000 0.110300 0.079000 0.071000 0.095500 0.097000 0.092800 0.000000 0.071300 0.064200 0.066400 0.066100 0.064800 0.092400 0.071000 0.000000 0.057000 0.000000 0.089100 0.100800 0.110600 0.071200 0.057000 0.027300 0.071700 0.085900 0.102300 0.088400 0.066400 0.085300 0.081600 0.080400 0.027300 0.057000 0.077900 0.087100 0.064100 0.072200 0.013400 0.000000
MuntiacusM 0.074500 0.213900 0.081400 0.196200 0.111500 0.074500 0.106300 0.134000 0.081600 0.000000 0.066400 0.073700 0.096500 0.138500 0.096700 0.096400 0.058700 0.059700 0.111600 0.081600 0.096900 0.081800 0.029700 0.029400 0.067100 0.118900 0.096500 0.081600 0.082000 0.081600 0.007300 0.128000 0.074000 0.096700 0.081900 0.081300 0.089800 0.104500 0.130000 0.021600 0.029700 0.111400 0.000000 0.043900 0.081300 0.082000 0.103500 0.105300 0.089300 0.066700 0.096100 0.081600
goat 0.006800 0.250800 0.064000 0.225100 0.048800 0.006900 0.041800 0.069900 0.064100 0.066400 0.000000 0.056600 0.034700 0.071800 0.034300 0.034700 0.095500 0.097100 0.041500 0.064100 0.034100 0.013600 0.066500 0.066100 0.013700 0.055600 0.034200 0.064100 0.020700 0.064100 0.073800 0.063300 0.110700 0.034800 0.020500 0.063800 0.020900 0.034800 0.064200 0.073200 0.066500 0.048600 0.066400 0.080500 0.063800 0.020600 0.041500 0.042400 0.027900 0.079700 0.078100 0.064100
AfricanBuf 0.049700 0.240900 0.020800 0.207300 0.077700 0.049700 0.072100 0.099100 0.020900 0.073700 0.056600 0.000000 0.063500 0.102100 0.071300 0.063500 0.087500 0.088900 0.085100 0.020900 0.063700 0.056700 0.058600 0.058400 0.057200 0.084800 0.063500 0.020900 0.049600 0.020900 0.081100 0.093000 0.102500 0.063600 0.049500 0.020800 0.064100 0.078200 0.094300 0.080500 0.058600 0.077700 0.073700 0.072600 0.020800 0.049600 0.070400 0.079300 0.056600 0.064600 0.020600 0.020900
Topi 0.027900 0.266800 0.056400 0.232400 0.055700 0.027900 0.049500 0.076700 0.071000 0.096500 0.034700 0.063500 0.000000 0.078800 0.049000 0.040700 0.110300 0.112000 0.062700 0.071000 0.041700 0.034800 0.081300 0.080800 0.034400 0.062400 0.000000 0.071000 0.027800 0.071000 0.104000 0.070200 0.125500 0.013500 0.027500 0.070800 0.042100 0.056100 0.071200 0.103300 0.081300 0.054100 0.096500 0.095100 0.070800 0.027800 0.048300 0.056600 0.034700 0.086700 0.085000 0.071000
CommonDuik 0.064800 0.259500 0.110000 0.254500 0.093500 0.064800 0.042100 0.108000 0.110300 0.138500 0.071800 0.102100 0.078800 0.000000 0.086900 0.078700 0.136600 0.154800 0.100800 0.110300 0.079000 0.071800 0.122500 0.121800 0.072500 0.100300 0.078800 0.110300 0.064600 0.110300 0.146300 0.041300 0.168300 0.078900 0.064600 0.094300 0.072500 0.094200 0.110500 0.145200 0.122500 0.093100 0.138500 0.136300 0.094300 0.064600 0.078300 0.095100 0.071700 0.111800 0.124600 0.110300
Suni 0.027500 0.267300 0.078800 0.243000 0.063300 0.028100 0.057200 0.084600 0.079000 0.096700 0.034300 0.071300 0.049000 0.086900 0.000000 0.049000 0.110500 0.112300 0.048700 0.079000 0.048900 0.034300 0.081400 0.081000 0.035400 0.070100 0.049000 0.079000 0.035100 0.079000 0.104200 0.078100 0.125700 0.049100 0.035100 0.078700 0.042500 0.056500 0.079100 0.103500 0.081400 0.063000 0.096700 0.095300 0.078700 0.035100 0.055800 0.049300 0.042100 0.095000 0.093100 0.079000
Springbuck 0.027800 0.248500 0.070900 0.232300 0.055700 0.027800 0.049500 0.062200 0.071000 0.096400 0.034700 0.063500 0.040700 0.078700 0.049000 0.000000 0.110200 0.112000 0.062600 0.071000 0.027200 0.020700 0.081200 0.080800 0.034500 0.047800 0.040800 0.071000 0.013600 0.071000 0.103900 0.070100 0.125400 0.041600 0.027400 0.070700 0.042100 0.056000 0.056400 0.103200 0.081200 0.041200 0.096400 0.095100 0.070700 0.027800 0.034200 0.049400 0.034700 0.086700 0.084900 0.071000
Okapi 0.088500 0.225800 0.095300 0.183000 0.125100 0.088500 0.120300 0.131600 0.095500 0.058700 0.095500 0.087500 0.110300 0.136600 0.110500 0.110200 0.000000 0.058600 0.125300 0.095500 0.110700 0.095700 0.044000 0.043600 0.081200 0.132500 0.110300 0.095500 0.095900 0.095500 0.066300 0.133900 0.072600 0.110500 0.095800 0.095100 0.095500 0.118200 0.143800 0.065700 0.044000 0.125100 0.057400 0.057900 0.095100 0.095900 0.101700 0.119200 0.103100 0.050200 0.109800 0.095500
Giraffe 0.089900 0.249300 0.096800 0.195500 0.127100 0.089900 0.122200 0.149800 0.097000 0.059700 0.097100 0.088900 0.112000 0.154800 0.112300 0.112000 0.058600 0.000000 0.127300 0.097000 0.112400 0.097200 0.044800 0.043500 0.082500 0.134600 0.112000 0.097000 0.097400 0.097000 0.066800 0.143900 0.073800 0.112200 0.097300 0.096600 0.105300 0.120200 0.146100 0.066700 0.044800 0.127000 0.059700 0.058800 0.096600 0.097400 0.119000 0.121100 0.104800 0.082000 0.111500 0.097000
TibetanAnt 0.034700 0.283500 0.092700 0.257300 0.077000 0.034700 0.063900 0.098200 0.092800 0.111600 0.041500 0.085100 0.062700 0.100800 0.048700 0.062600 0.125300 0.127300 0.000000 0.092800 0.062900 0.041500 0.096300 0.095800 0.041900 0.083600 0.062700 0.092800 0.048900 0.092800 0.119200 0.091700 0.140600 0.062800 0.048800 0.092500 0.049000 0.062800 0.093000 0.118300 0.096300 0.076600 0.111600 0.094500 0.092500 0.048500 0.055100 0.070900 0.055800 0.109000 0.106800 0.092800
Sitatunga 0.057100 0.250800 0.013500 0.216600 0.085300 0.057100 0.079800 0.106900 0.000000 0.081600 0.064100 0.020900 0.071000 0.110300 0.079000 0.071000 0.095500 0.097000 0.092800 0.000000 0.071300 0.064200 0.066400 0.066100 0.064800 0.092400 0.071000 0.000000 0.057000 0.000000 0.089100 0.100800 0.110600 0.071200 0.057000 0.027300 0.071700 0.085900 0.102300 0.088400 0.066400 0.085300 0.081600 0.080400 0.027800 0.057000 0.077900 0.087100 0.064100 0.072200 0.013600 0.000000
Oribi 0.027500 0.249700 0.071100 0.215500 0.055900 0.028000 0.049700 0.062500 0.071300 0.096900 0.034100 0.063700 0.041700 0.079000 0.048900 0.027200 0.110700 0.112400 0.062900 0.071300 0.000000 0.034900 0.081600 0.081100 0.035200 0.048300 0.041700 0.071300 0.013800 0.071300 0.104400 0.070400 0.125900 0.041800 0.027900 0.071000 0.042300 0.056300 0.056700 0.103600 0.081600 0.041400 0.096900 0.095400 0.071000 0.027400 0.034400 0.049600 0.034800 0.087000 0.085300 0.071300
BarbaryShe 0.006900 0.251200 0.064000 0.225500 0.048900 0.006800 0.041600 0.070000 0.064200 0.081800 0.013600 0.056700 0.034800 0.071800 0.034300 0.020700 0.095700 0.097200 0.041500 0.064200 0.034900 0.000000 0.066600 0.066200 0.014000 0.055600 0.034800 0.064200 0.020900 0.064200 0.089300 0.063400 0.110800 0.034800 0.020900 0.063900 0.021000 0.034900 0.064300 0.088600 0.066600 0.048000 0.081800 0.080600 0.063900 0.020900 0.041600 0.042500 0.027600 0.079800 0.078200 0.064200
Daviddeer 0.059300 0.214400 0.066300 0.179400 0.096100 0.059300 0.090700 0.118500 0.066400 0.029700 0.066500 0.058600 0.081300 0.122500 0.081400 0.081200 0.044000 0.044800 0.096300 0.066400 0.081600 0.066600 0.000000 0.014700 0.052000 0.103500 0.081300 0.066400 0.066700 0.066400 0.037100 0.112400 0.058900 0.081400 0.066700 0.066200 0.074400 0.089200 0.114100 0.036800 0.000000 0.096100 0.029700 0.029200 0.066200 0.066700 0.088300 0.089800 0.074000 0.051900 0.080900 0.066400
Reindeer 0.059000 0.213200 0.066000 0.178500 0.095600 0.059000 0.090200 0.117900 0.066100 0.029400 0.066100 0.058400 0.080800 0.121800 0.081000 0.080800 0.043600 0.043500 0.095800 0.066100 0.081100 0.066200 0.014700 0.000000 0.051700 0.103000 0.080800 0.066100 0.066400 0.066100 0.036800 0.111800 0.058600 0.081000 0.066300 0.065800 0.074000 0.088700 0.113400 0.036500 0.014700 0.095600 0.028700 0.014200 0.065800 0.066400 0.087800 0.089300 0.073700 0.049800 0.080500 0.066100
Ibex 0.006900 0.236100 0.064700 0.210500 0.049400 0.006900 0.043000 0.070600 0.064800 0.067100 0.013700 0.057200 0.034400 0.072500 0.035400 0.034500 0.081200 0.082500 0.041900 0.064800 0.035200 0.014000 0.052000 0.051700 0.000000 0.056200 0.035100 0.064800 0.021100 0.064800 0.074600 0.064000 0.096300 0.034500 0.021100 0.064500 0.021200 0.035200 0.064900 0.074100 0.052000 0.048600 0.067100 0.066100 0.064500 0.021100 0.041900 0.042900 0.027700 0.065500 0.078900 0.064800
GyrantGaze 0.048800 0.220200 0.092300 0.221100 0.076600 0.048800 0.070800 0.076000 0.092400 0.118900 0.055600 0.084800 0.062400 0.100300 0.070100 0.047800 0.132500 0.134600 0.083600 0.092400 0.048300 0.055600 0.103500 0.103000 0.056200 0.000000 0.062400 0.092400 0.033900 0.092400 0.126400 0.091300 0.140100 0.062500 0.048600 0.092100 0.063200 0.077100 0.077700 0.125500 0.103500 0.006600 0.118900 0.117200 0.092100 0.048500 0.054800 0.070700 0.055600 0.108600 0.106300 0.092400
Hartebeest 0.027900 0.266800 0.056400 0.232400 0.055700 0.027900 0.049500 0.076700 0.071000 0.096500 0.034200 0.063500 0.000000 0.078800 0.049000 0.040800 0.110300 0.112000 0.062700 0.071000 0.041700 0.034800 0.081300 0.080800 0.035100 0.062400 0.000000 0.071000 0.027800 0.071000 0.104000 0.070100 0.125500 0.013500 0.027800 0.070800 0.042100 0.056100 0.071200 0.103300 0.081300 0.055400 0.096500 0.095100 0.070800 0.027800 0.048300 0.056600 0.034700 0.086700 0.085000 0.071000
Bongo 0.057100 0.250800 0.013500 0.216600 0.085300 0.057100 0.079800 0.106900 0.000000 0.081600 0.064100 0.020900 0.071000 0.110300 0.079000 0.071000 0.095500 0.097000 0.092800 0.000000 0.071300 0.064200 0.066400 0.066100 0.064800 0.092400 0.071000 0.000000 0.057000 0.000000 0.089100 0.100800 0.110600 0.071200 0.057000 0.027800 0.071700 0.085900 0.102300 0.088400 0.066400 0.085300 0.081600 0.080400 0.027800 0.057000 0.077900 0.087100 0.064100 0.072200 0.013400 0.000000
Gerenuk 0.014000 0.233800 0.056900 0.217500 0.041900 0.014000 0.034600 0.048600 0.057000 0.082000 0.020700 0.049600 0.027800 0.064600 0.035100 0.013600 0.095900 0.097400 0.048900 0.057000 0.013800 0.020900 0.066700 0.066400 0.021100 0.033900 0.027800 0.057000 0.000000 0.057000 0.089500 0.056300 0.111100 0.027900 0.013700 0.056800 0.028200 0.042200 0.042500 0.088800 0.066700 0.027600 0.082000 0.080800 0.056800 0.013800 0.020300 0.034600 0.020600 0.072600 0.071000 0.057000
CommonElan 0.057100 0.250800 0.013500 0.216600 0.085300 0.057100 0.079800 0.106900 0.000000 0.081600 0.064100 0.020900 0.071000 0.110300 0.079000 0.071000 0.095500 0.097000 0.092800 0.000000 0.071300 0.064200 0.066400 0.066100 0.064800 0.092400 0.071000 0.000000 0.057000 0.000000 0.089100 0.100800 0.110600 0.071200 0.057000 0.027800 0.071700 0.085900 0.102300 0.088400 0.066400 0.085300 0.081600 0.080400 0.027800 0.057000 0.077900 0.087100 0.064100 0.072200 0.013300 0.000000
MuntiacusR 0.082000 0.222000 0.088900 0.204200 0.119000 0.082000 0.114000 0.141600 0.089100 0.007300 0.073800 0.081100 0.104000 0.146300 0.104200 0.103900 0.066300 0.066800 0.119200 0.089100 0.104400 0.089300 0.037100 0.036800 0.074600 0.126400 0.104000 0.089100 0.089500 0.089100 0.000000 0.135700 0.081500 0.104200 0.089400 0.088700 0.097300 0.112100 0.137700 0.029100 0.037100 0.118900 0.007300 0.051200 0.088700 0.089500 0.111000 0.112900 0.096800 0.074200 0.103500 0.089100
HarveysDui 0.056400 0.265700 0.100600 0.249300 0.084600 0.056400 0.034400 0.106000 0.100800 0.128000 0.063300 0.093000 0.070200 0.041300 0.078100 0.070100 0.133900 0.143900 0.091700 0.100800 0.070400 0.063400 0.112400 0.111800 0.064000 0.091300 0.070100 0.100800 0.056300 0.100800 0.135700 0.000000 0.157300 0.070300 0.056500 0.085300 0.071100 0.085200 0.101000 0.134700 0.112400 0.084300 0.128000 0.126100 0.085300 0.055000 0.076900 0.071200 0.063300 0.117200 0.114900 0.100800
Pronghorn 0.103600 0.217900 0.110400 0.200800 0.140400 0.103600 0.135800 0.163000 0.110600 0.074000 0.110700 0.102500 0.125500 0.168300 0.125700 0.125400 0.072600 0.073800 0.140600 0.110600 0.125900 0.110800 0.058900 0.058600 0.096300 0.140100 0.125500 0.110600 0.111100 0.110600 0.081500 0.157300 0.000000 0.125700 0.111000 0.110200 0.118900 0.133600 0.151500 0.080900 0.058900 0.132600 0.074000 0.072900 0.110200 0.111000 0.132400 0.134600 0.118300 0.096200 0.124900 0.110600
BlueWildeb 0.027900 0.257200 0.056500 0.223200 0.055800 0.027900 0.048600 0.076900 0.071200 0.096700 0.034800 0.063600 0.013500 0.078900 0.049100 0.041600 0.110500 0.112200 0.062800 0.071200 0.041800 0.034800 0.081400 0.081000 0.034500 0.062500 0.013500 0.071200 0.027900 0.071200 0.104200 0.070300 0.125700 0.000000 0.027500 0.070900 0.042200 0.056200 0.071300 0.103500 0.081400 0.055500 0.096700 0.095300 0.070900 0.027400 0.048400 0.056700 0.034800 0.086900 0.085100 0.071200
Gemsbok 0.013800 0.251400 0.056900 0.217300 0.041900 0.014000 0.035400 0.062900 0.057000 0.081900 0.020500 0.049500 0.027500 0.064600 0.035100 0.027400 0.095800 0.097300 0.048800 0.057000 0.027900 0.020900 0.066700 0.066300 0.021100 0.048600 0.027800 0.057000 0.013700 0.057000 0.089400 0.056500 0.111000 0.027500 0.000000 0.056700 0.028100 0.042100 0.055400 0.088700 0.066700 0.041700 0.081900 0.080700 0.056700 0.013800 0.034100 0.042500 0.020900 0.072500 0.071000 0.057000
Yak 0.056900 0.231600 0.027700 0.198200 0.085000 0.056900 0.064500 0.106500 0.027300 0.081300 0.063800 0.020800 0.070800 0.094300 0.078700 0.070700 0.095100 0.096600 0.092500 0.027300 0.071000 0.063900 0.066200 0.065800 0.064500 0.092100 0.070800 0.027800 0.056800 0.027800 0.088700 0.085300 0.110200 0.070900 0.056700 0.000000 0.071400 0.085600 0.101900 0.088100 0.066200 0.085000 0.081300 0.080100 0.000000 0.056800 0.077600 0.086800 0.049300 0.072000 0.041100 0.027000
BlueSheep 0.014000 0.250800 0.071600 0.225100 0.056200 0.014000 0.050200 0.077400 0.071700 0.089800 0.020900 0.064100 0.042100 0.072500 0.042500 0.042100 0.095500 0.105300 0.049000 0.071700 0.042300 0.021000 0.074400 0.074000 0.021200 0.063200 0.042100 0.071700 0.028200 0.071700 0.097300 0.071100 0.118900 0.042200 0.028100 0.071400 0.000000 0.042100 0.072100 0.096600 0.074400 0.056200 0.089800 0.088400 0.071400 0.028200 0.048900 0.050100 0.035200 0.079700 0.085800 0.071700
BohorReedb 0.027900 0.268000 0.085700 0.250100 0.027400 0.027900 0.064400 0.091300 0.085900 0.104500 0.034800 0.078200 0.056100 0.094200 0.056500 0.056000 0.118200 0.120200 0.062800 0.085900 0.056300 0.034900 0.089200 0.088700 0.035200 0.077100 0.056100 0.085900 0.042200 0.085900 0.112100 0.085200 0.133600 0.056200 0.042100 0.085600 0.042100 0.000000 0.086400 0.111300 0.089200 0.070100 0.104500 0.103000 0.085600 0.042200 0.062800 0.064300 0.049200 0.102000 0.085100 0.085900
KirksDik 0.057200 0.252000 0.102000 0.253700 0.085800 0.057200 0.080000 0.077700 0.102300 0.130000 0.064200 0.094300 0.071200 0.110500 0.079100 0.056400 0.143800 0.146100 0.093000 0.102300 0.056700 0.064300 0.114100 0.113400 0.064900 0.077700 0.071200 0.102300 0.042500 0.102300 0.137700 0.101000 0.151500 0.071300 0.055400 0.101900 0.072100 0.086400 0.000000 0.136700 0.114100 0.070600 0.130000 0.128000 0.101900 0.057100 0.063300 0.079800 0.064200 0.118900 0.116500 0.102300
RoeDeer 0.081400 0.238100 0.088300 0.202700 0.118100 0.081400 0.113100 0.140600 0.088400 0.021600 0.073200 0.080500 0.103300 0.145200 0.103500 0.103200 0.065700 0.066700 0.118300 0.088400 0.103600 0.088600 0.036800 0.036500 0.074100 0.125500 0.103300 0.088400 0.088800 0.088400 0.029100 0.134700 0.080900 0.103500 0.088700 0.088100 0.096600 0.111300 0.136700 0.000000 0.036800 0.118100 0.021500 0.050000 0.088100 0.088800 0.110200 0.112100 0.096100 0.066200 0.102800 0.088400
WhiteLippe 0.059300 0.214400 0.066300 0.179400 0.096100 0.059300 0.090700 0.118500 0.066400 0.029700 0.066500 0.058600 0.081300 0.122500 0.081400 0.081200 0.044000 0.044800 0.096300 0.066400 0.081600 0.066600 0.000000 0.014700 0.052000 0.103500 0.081300 0.066400 0.066700 0.066400 0.037100 0.112400 0.058900 0.081400 0.066700 0.066200 0.074400 0.089200 0.114100 0.036800 0.000000 0.096100 0.029700 0.029200 0.066200 0.066700 0.088300 0.089800 0.074000 0.051900 0.080900 0.066400
ThomsonGaz 0.040800 0.212300 0.085100 0.213300 0.069600 0.041100 0.063700 0.069100 0.085300 0.111400 0.048600 0.077700 0.054100 0.093100 0.063000 0.041200 0.125100 0.127000 0.076600 0.085300 0.041400 0.048000 0.096100 0.095600 0.048600 0.006600 0.055400 0.085300 0.027600 0.085300 0.118900 0.084300 0.132600 0.055500 0.041700 0.085000 0.056200 0.070100 0.070600 0.118100 0.096100 0.000000 0.111400 0.109800 0.085000 0.041700 0.048000 0.062900 0.047500 0.101300 0.099200 0.085300
MuntiacusC 0.074500 0.213900 0.081400 0.196200 0.111500 0.074500 0.106300 0.134000 0.081600 0.000000 0.066400 0.073700 0.096500 0.138500 0.096700 0.096400 0.057400 0.059700 0.111600 0.081600 0.096900 0.081800 0.029700 0.028700 0.067100 0.118900 0.096500 0.081600 0.082000 0.081600 0.007300 0.128000 0.074000 0.096700 0.081900 0.081300 0.089800 0.104500 0.130000 0.021500 0.029700 0.111400 0.000000 0.043900 0.081300 0.082000 0.103500 0.105300 0.089300 0.066700 0.096100 0.081600
WhiteTaile 0.073400 0.228000 0.080300 0.193100 0.109800 0.073400 0.097000 0.132100 0.080400 0.043900 0.080500 0.072600 0.095100 0.136300 0.095300 0.095100 0.057900 0.058800 0.094500 0.080400 0.095400 0.080600 0.029200 0.014200 0.066100 0.117200 0.095100 0.080400 0.080800 0.080400 0.051200 0.126100 0.072900 0.095300 0.080700 0.080100 0.088400 0.103000 0.128000 0.050000 0.029200 0.109800 0.043900 0.000000 0.080100 0.080800 0.086800 0.103800 0.088000 0.065800 0.094700 0.080400
Cattle 0.056900 0.231600 0.027700 0.198200 0.085000 0.056900 0.064500 0.106500 0.027300 0.081300 0.063800 0.020800 0.070800 0.094300 0.078700 0.070700 0.095100 0.096600 0.092500 0.027800 0.071000 0.063900 0.066200 0.065800 0.064500 0.092100 0.070800 0.027800 0.056800 0.027800 0.088700 0.085300 0.110200 0.070900 0.056700 0.000000 0.071400 0.085600 0.101900 0.088100 0.066200 0.085000 0.081300 0.080100 0.000000 0.056800 0.077600 0.086800 0.049300 0.072000 0.041500 0.027800
RoyalAntel 0.013700 0.251700 0.056900 0.217500 0.041900 0.013700 0.035500 0.063000 0.057000 0.082000 0.020600 0.049600 0.027800 0.064600 0.035100 0.027800 0.095900 0.097400 0.048500 0.057000 0.027400 0.020900 0.066700 0.066400 0.021100 0.048500 0.027800 0.057000 0.013800 0.057000 0.089500 0.055000 0.111000 0.027400 0.013800 0.056800 0.028200 0.042200 0.057100 0.088800 0.066700 0.041700 0.082000 0.080800 0.056800 0.000000 0.034600 0.042600 0.020500 0.072500 0.071000 0.057000
Steenbok 0.034700 0.238200 0.077700 0.239200 0.062400 0.034700 0.049200 0.040800 0.077900 0.103500 0.041500 0.070400 0.048300 0.078300 0.055800 0.034200 0.101700 0.119000 0.055100 0.077900 0.034400 0.041600 0.088300 0.087800 0.041900 0.054800 0.048300 0.077900 0.020300 0.077900 0.111000 0.076900 0.132400 0.048400 0.034100 0.077600 0.048900 0.062800 0.063300 0.110200 0.088300 0.048000 0.103500 0.086800 0.077600 0.034600 0.000000 0.056300 0.041500 0.078600 0.091700 0.077900
Impala 0.035500 0.252100 0.086900 0.253900 0.071100 0.035500 0.065000 0.070100 0.087100 0.105300 0.042400 0.079300 0.056600 0.095100 0.049300 0.049400 0.119200 0.121100 0.070900 0.087100 0.049600 0.042500 0.089800 0.089300 0.042900 0.070700 0.056600 0.087100 0.034600 0.087100 0.112900 0.071200 0.134600 0.056700 0.042500 0.086800 0.050100 0.064300 0.079800 0.112100 0.089800 0.062900 0.105300 0.103800 0.086800 0.042600 0.056300 0.000000 0.049600 0.103500 0.101300 0.087100
Klipspring 0.020600 0.259500 0.063900 0.225100 0.048800 0.020900 0.042500 0.069900 0.064100 0.089300 0.027900 0.056600 0.034700 0.071700 0.042100 0.034700 0.103100 0.104800 0.055800 0.064100 0.034800 0.027600 0.074000 0.073700 0.027700 0.055600 0.034700 0.064100 0.020600 0.064100 0.096800 0.063300 0.118300 0.034800 0.020900 0.049300 0.035200 0.049200 0.064200 0.096100 0.074000 0.047500 0.089300 0.088000 0.049300 0.020500 0.041500 0.049600 0.000000 0.079700 0.078000 0.064100
ForestMusk 0.072700 0.216400 0.072100 0.183200 0.101300 0.072700 0.096000 0.107900 0.072200 0.066700 0.079700 0.064600 0.086700 0.111800 0.095000 0.086700 0.050200 0.082000 0.109000 0.072200 0.087000 0.079800 0.051900 0.049800 0.065500 0.108600 0.086700 0.072200 0.072600 0.072200 0.074200 0.117200 0.096200 0.086900 0.072500 0.072000 0.079700 0.102000 0.118900 0.066200 0.051900 0.101300 0.066700 0.065800 0.072000 0.072500 0.078600 0.103500 0.079700 0.000000 0.086400 0.072200
Bushbuck 0.071200 0.265600 0.026700 0.231400 0.084500 0.071200 0.094000 0.120800 0.013400 0.096100 0.078100 0.020600 0.085000 0.124600 0.093100 0.084900 0.109800 0.111500 0.106800 0.013600 0.085300 0.078200 0.080900 0.080500 0.078900 0.106300 0.085000 0.013400 0.071000 0.013300 0.103500 0.114900 0.124900 0.085100 0.071000 0.041100 0.085800 0.085100 0.116500 0.102800 0.080900 0.099200 0.096100 0.094700 0.041500 0.071000 0.091700 0.101300 0.078000 0.086400 0.000000 0.013400
GreaterKud 0.057100 0.250800 0.013700 0.216600 0.085300 0.057100 0.079800 0.106900 0.000000 0.081600 0.064100 0.020900 0.071000 0.110300 0.079000 0.071000 0.095500 0.097000 0.092800 0.000000 0.071300 0.064200 0.066400 0.066100 0.064800 0.092400 0.071000 0.000000 0.057000 0.000000 0.089100 0.100800 0.110600 0.071200 0.057000 0.027000 0.071700 0.085900 0.102300 0.088400 0.066400 0.085300 0.081600 0.080400 0.027800 0.057000 0.077900 0.087100 0.064100 0.072200 0.013400 0.000000
