1
52 1
Argali 0.000000 0.069300 0.035900 0.056000 0.032500 0.005800 0.041600 0.041600 0.029900 0.044100 0.017600 0.032700 0.026600 0.032800 0.026600 0.040100 0.039000 0.042000 0.014700 0.032800 0.032500 0.017500 0.044300 0.038300 0.023500 0.041400 0.026500 0.029800 0.029300 0.029900 0.050200 0.029500 0.041800 0.029600 0.023800 0.036400 0.017700 0.035500 0.044800 0.050100 0.044400 0.035300 0.047100 0.041400 0.032500 0.066300 0.035800 0.038800 0.039000 0.036100 0.033800 0.029800
LesserMous 0.069300 0.000000 0.050600 0.063900 0.072700 0.069300 0.076100 0.063400 0.044300 0.064800 0.056500 0.050500 0.073000 0.066600 0.047300 0.068600 0.054000 0.057200 0.053800 0.047400 0.071500 0.053100 0.058800 0.058800 0.062900 0.073700 0.072700 0.044200 0.063700 0.044300 0.071200 0.056600 0.056700 0.073000 0.057600 0.050400 0.063300 0.075800 0.073200 0.071000 0.059100 0.076700 0.068100 0.062100 0.046700 0.092000 0.071400 0.060100 0.079900 0.052700 0.047400 0.044100
LesserKudu 0.035900 0.050600 0.000000 0.043400 0.039000 0.035900 0.042000 0.029700 0.005900 0.032400 0.023800 0.011900 0.039200 0.033100 0.020800 0.034400 0.020900 0.023900 0.020900 0.008900 0.038900 0.020800 0.026500 0.026500 0.029900 0.038800 0.039000 0.005900 0.029600 0.005900 0.038400 0.023700 0.023800 0.039200 0.030200 0.012200 0.030100 0.042000 0.036000 0.038300 0.026600 0.041700 0.035400 0.029600 0.008800 0.067100 0.036100 0.033000 0.039500 0.027100 0.008900 0.005900
KillerWhal 0.056000 0.063900 0.043400 0.000000 0.062500 0.056100 0.069000 0.049500 0.037200 0.051900 0.049600 0.043400 0.066100 0.059400 0.046600 0.053900 0.046600 0.049800 0.046700 0.040200 0.065700 0.046400 0.049200 0.052200 0.056000 0.065400 0.065900 0.037100 0.055700 0.037200 0.058300 0.049500 0.049600 0.066100 0.050200 0.043600 0.050000 0.059200 0.062600 0.064600 0.049400 0.068600 0.052000 0.055500 0.039900 0.085800 0.062800 0.059600 0.066100 0.043700 0.040200 0.037100
DefassaWat 0.032500 0.072700 0.039000 0.062500 0.000000 0.032600 0.032600 0.038500 0.033000 0.041100 0.026600 0.038900 0.041900 0.026800 0.029700 0.029300 0.035900 0.039000 0.023700 0.035900 0.026600 0.023500 0.041300 0.029300 0.032600 0.038400 0.041800 0.032900 0.026400 0.033000 0.047200 0.023600 0.038800 0.045000 0.033000 0.039400 0.032900 0.008700 0.041800 0.041000 0.041400 0.038200 0.044100 0.032300 0.035600 0.055400 0.032700 0.041900 0.042100 0.033000 0.036900 0.032900
Sheep 0.005800 0.069300 0.035900 0.056100 0.032600 0.000000 0.041700 0.041600 0.029900 0.044100 0.017600 0.032700 0.026600 0.032800 0.026600 0.040100 0.039000 0.042100 0.014700 0.032800 0.032500 0.017500 0.044300 0.038300 0.023500 0.041500 0.026500 0.029800 0.029400 0.029900 0.050200 0.029600 0.041900 0.029600 0.023800 0.036300 0.017800 0.035500 0.044800 0.050100 0.044500 0.041300 0.047200 0.041400 0.032500 0.066300 0.035800 0.038900 0.039000 0.036100 0.033700 0.029800
MaxwellsDu 0.041600 0.076100 0.042000 0.069000 0.032600 0.041700 0.000000 0.041600 0.036000 0.041100 0.035700 0.042000 0.038800 0.014700 0.032700 0.041300 0.039000 0.042000 0.032800 0.038900 0.026500 0.032500 0.041300 0.041400 0.041800 0.032300 0.038700 0.035900 0.035400 0.036000 0.047200 0.017600 0.044900 0.041900 0.042300 0.042500 0.042200 0.038500 0.038700 0.053200 0.041500 0.035200 0.044200 0.044600 0.038600 0.058100 0.035800 0.038800 0.045200 0.042200 0.038900 0.035900
GazellaPrz 0.041600 0.063400 0.029700 0.049500 0.038500 0.041600 0.041600 0.000000 0.023800 0.032000 0.029600 0.029700 0.044900 0.038800 0.026600 0.034300 0.026700 0.029700 0.026700 0.026700 0.038500 0.026600 0.038200 0.032200 0.035600 0.041400 0.044700 0.023700 0.029300 0.023800 0.038000 0.029500 0.023600 0.044900 0.036100 0.030000 0.035900 0.035500 0.038700 0.043900 0.038300 0.041200 0.035000 0.035300 0.026500 0.047600 0.035800 0.038800 0.045100 0.039100 0.026700 0.023700
MountainNy 0.029900 0.044300 0.005900 0.037200 0.033000 0.029900 0.036000 0.023800 0.000000 0.026500 0.017900 0.005900 0.033200 0.027000 0.014900 0.028300 0.014900 0.018000 0.014900 0.003000 0.033000 0.014900 0.020600 0.020600 0.023900 0.032800 0.033100 0.000000 0.023700 0.000100 0.032500 0.017800 0.017900 0.033200 0.024200 0.006100 0.024100 0.036000 0.033100 0.032400 0.020700 0.035800 0.029500 0.023700 0.002900 0.061100 0.030100 0.027100 0.039700 0.021100 0.003000 0.000100
MuntiacusM 0.044100 0.064800 0.032400 0.051900 0.041100 0.044100 0.041100 0.032000 0.026500 0.000000 0.029200 0.032300 0.041300 0.026400 0.023300 0.038000 0.023400 0.026300 0.029300 0.029400 0.041000 0.029100 0.017100 0.017200 0.035200 0.041100 0.041100 0.026400 0.037800 0.026500 0.005600 0.023200 0.020300 0.041200 0.038600 0.032400 0.035500 0.044000 0.041200 0.022700 0.017200 0.043900 0.002800 0.020100 0.029100 0.050000 0.044400 0.035300 0.041300 0.035500 0.029300 0.026400
goat 0.017600 0.056500 0.023800 0.049600 0.026600 0.017600 0.035700 0.029600 0.017900 0.029200 0.000000 0.020700 0.020600 0.023800 0.014700 0.028100 0.026800 0.029800 0.002900 0.020800 0.026600 0.005800 0.032300 0.023400 0.005800 0.035500 0.020600 0.017800 0.017500 0.017900 0.035200 0.023600 0.026700 0.023600 0.011800 0.024200 0.005900 0.029600 0.032700 0.035100 0.032400 0.035400 0.032200 0.026400 0.020600 0.057000 0.023700 0.026700 0.033100 0.027000 0.021500 0.017800
AfricanBuf 0.032700 0.050500 0.011900 0.043400 0.038900 0.032700 0.042000 0.029700 0.005900 0.032300 0.020700 0.000000 0.036000 0.033000 0.020800 0.034400 0.020900 0.024300 0.017800 0.008900 0.038900 0.014700 0.026400 0.026500 0.026700 0.038700 0.035800 0.005900 0.029600 0.005900 0.038300 0.023700 0.023800 0.035900 0.027100 0.006200 0.027000 0.041900 0.039000 0.038200 0.026500 0.041700 0.035300 0.029500 0.002900 0.066900 0.036100 0.033000 0.045700 0.027100 0.008900 0.005900
Topi 0.026600 0.073000 0.039200 0.066100 0.041900 0.026600 0.038800 0.044900 0.033200 0.041300 0.020600 0.036000 0.000000 0.029900 0.023800 0.036500 0.036200 0.039200 0.017700 0.036100 0.032800 0.020600 0.041500 0.041500 0.026600 0.032600 0.000000 0.033100 0.026500 0.033200 0.047300 0.032800 0.045200 0.002900 0.027000 0.035700 0.026900 0.038800 0.035800 0.053400 0.041700 0.032500 0.044300 0.044700 0.036100 0.069800 0.032900 0.029900 0.030000 0.042500 0.036100 0.033100
CommonDuik 0.032800 0.066600 0.033100 0.059400 0.026800 0.032800 0.014700 0.038800 0.027000 0.026400 0.023800 0.033000 0.029900 0.000000 0.023800 0.032500 0.030000 0.033000 0.023900 0.030000 0.017700 0.023700 0.032500 0.026600 0.029800 0.023500 0.029800 0.026900 0.026600 0.027100 0.032300 0.008800 0.029900 0.033000 0.033300 0.033600 0.030100 0.032700 0.029800 0.038300 0.032700 0.026500 0.029400 0.029600 0.029700 0.051000 0.026900 0.029900 0.036400 0.033200 0.030000 0.027000
Suni 0.026600 0.047300 0.020800 0.046600 0.029700 0.026600 0.032700 0.026600 0.014900 0.023300 0.014700 0.020800 0.023800 0.023800 0.000000 0.025500 0.017800 0.020900 0.011800 0.017800 0.026600 0.011700 0.023400 0.023500 0.020700 0.026500 0.023700 0.014800 0.020500 0.014900 0.029200 0.014700 0.026800 0.023800 0.020900 0.021500 0.020900 0.032600 0.023700 0.035200 0.023500 0.026400 0.026300 0.026500 0.017700 0.050900 0.026800 0.017800 0.030600 0.024000 0.017800 0.014900
Springbuck 0.040100 0.068600 0.034400 0.053900 0.029300 0.040100 0.041300 0.034300 0.028300 0.038000 0.028100 0.034400 0.036500 0.032500 0.025500 0.000000 0.031200 0.034500 0.025200 0.031400 0.029200 0.024900 0.038300 0.032400 0.034200 0.022200 0.036400 0.028400 0.016900 0.028300 0.044000 0.023400 0.035500 0.036600 0.034500 0.034400 0.034500 0.030600 0.037500 0.037900 0.038500 0.022200 0.041000 0.035400 0.031000 0.064600 0.034900 0.037600 0.043600 0.034700 0.031500 0.027400
Okapi 0.039000 0.054000 0.020900 0.046600 0.035900 0.039000 0.039000 0.026700 0.014900 0.023400 0.026800 0.020900 0.036200 0.030000 0.017800 0.031200 0.000000 0.002900 0.023900 0.017900 0.039000 0.023800 0.023500 0.017600 0.032900 0.029700 0.036000 0.014900 0.026600 0.014900 0.029300 0.020800 0.020800 0.036100 0.033300 0.021000 0.033200 0.038900 0.036000 0.023300 0.023600 0.032600 0.026300 0.020600 0.017700 0.051400 0.039900 0.030000 0.042600 0.030200 0.017900 0.014900
Giraffe 0.042000 0.057200 0.023900 0.049800 0.039000 0.042100 0.042000 0.029700 0.018000 0.026300 0.029800 0.024300 0.039200 0.033000 0.020900 0.034500 0.002900 0.000000 0.027000 0.020900 0.042000 0.026800 0.026500 0.020500 0.035900 0.032700 0.039100 0.017900 0.029600 0.018000 0.032300 0.023800 0.023800 0.039200 0.036400 0.024300 0.036300 0.042000 0.039100 0.026200 0.026600 0.035600 0.029300 0.023500 0.020900 0.054500 0.042300 0.033100 0.045700 0.033200 0.020900 0.017900
TibetanAnt 0.014700 0.053800 0.020900 0.046700 0.023700 0.014700 0.032800 0.026700 0.014900 0.029300 0.002900 0.017800 0.017700 0.023900 0.011800 0.025200 0.023900 0.027000 0.000000 0.017900 0.023700 0.002900 0.029500 0.023500 0.008800 0.032600 0.017700 0.014900 0.014600 0.014900 0.035300 0.020700 0.026800 0.020700 0.008900 0.021400 0.008900 0.026600 0.029800 0.035200 0.029600 0.032500 0.032300 0.026500 0.017700 0.057200 0.020800 0.023800 0.030200 0.024000 0.017900 0.014900
Sitatunga 0.032800 0.047400 0.008900 0.040200 0.035900 0.032800 0.038900 0.026700 0.003000 0.029400 0.020800 0.008900 0.036100 0.030000 0.017800 0.031400 0.017900 0.020900 0.017900 0.000000 0.035900 0.017800 0.023500 0.023500 0.026800 0.035700 0.036000 0.002900 0.026600 0.003000 0.035400 0.020700 0.020800 0.036100 0.027200 0.009200 0.027100 0.038900 0.036000 0.035300 0.023600 0.038700 0.032400 0.026600 0.005900 0.064000 0.033100 0.030000 0.042800 0.024000 0.005900 0.003000
Oribi 0.032500 0.071500 0.038900 0.065700 0.026600 0.032500 0.026500 0.038500 0.033000 0.041000 0.026600 0.038900 0.032800 0.017700 0.026600 0.029200 0.039000 0.042000 0.023700 0.035900 0.000000 0.023500 0.041300 0.038300 0.032600 0.029300 0.032700 0.032800 0.026300 0.033000 0.047100 0.020500 0.041900 0.035900 0.033200 0.039600 0.032900 0.032400 0.032600 0.050000 0.041500 0.029200 0.044100 0.041400 0.035500 0.060000 0.026600 0.032700 0.035600 0.039100 0.035900 0.032900
BarbaryShe 0.017500 0.053100 0.020800 0.046400 0.023500 0.017500 0.032500 0.026600 0.014900 0.029100 0.005800 0.014700 0.020600 0.023700 0.011700 0.024900 0.023800 0.026800 0.002900 0.017800 0.023500 0.000000 0.029300 0.023300 0.011600 0.032300 0.020500 0.014800 0.014500 0.014900 0.035000 0.020500 0.026600 0.023500 0.011800 0.021100 0.011800 0.026400 0.029500 0.034900 0.029400 0.032200 0.032100 0.026300 0.017600 0.056800 0.020600 0.023600 0.029800 0.023800 0.018300 0.014800
Daviddeer 0.044300 0.058800 0.026500 0.049200 0.041300 0.044300 0.041300 0.038200 0.020600 0.017100 0.032300 0.026400 0.041500 0.032500 0.023400 0.038300 0.023500 0.026500 0.029500 0.023500 0.041300 0.029300 0.000000 0.029000 0.038300 0.041400 0.041300 0.020500 0.038000 0.020600 0.022900 0.023400 0.026300 0.041500 0.032600 0.026600 0.038700 0.050400 0.041400 0.034600 0.000000 0.044300 0.020000 0.032000 0.023300 0.062700 0.044600 0.035500 0.047800 0.035700 0.023500 0.020500
Reindeer 0.038300 0.058800 0.026500 0.052200 0.029300 0.038300 0.041400 0.032200 0.020600 0.017200 0.023400 0.026500 0.041500 0.026600 0.023500 0.032400 0.017600 0.020500 0.023500 0.023500 0.038300 0.023300 0.029000 0.000000 0.029400 0.041500 0.041400 0.020600 0.032100 0.020700 0.023000 0.023400 0.014500 0.041500 0.029700 0.026800 0.029700 0.038200 0.038400 0.011300 0.029100 0.044400 0.020100 0.002800 0.023300 0.050300 0.038600 0.032500 0.048000 0.029700 0.023500 0.020600
Ibex 0.023500 0.062900 0.029900 0.056000 0.032600 0.023500 0.041800 0.035600 0.023900 0.035200 0.005800 0.026700 0.026600 0.029800 0.020700 0.034200 0.032900 0.035900 0.008800 0.026800 0.032600 0.011600 0.038300 0.029400 0.000000 0.041500 0.026500 0.023800 0.023400 0.023900 0.041200 0.029600 0.032700 0.029600 0.017800 0.030300 0.011800 0.035600 0.038800 0.035100 0.038500 0.041400 0.038200 0.032400 0.026600 0.063300 0.029800 0.026700 0.039300 0.033100 0.027700 0.023800
GyrantGaze 0.041400 0.073700 0.038800 0.065400 0.038400 0.041500 0.032300 0.041400 0.032800 0.041100 0.035500 0.038700 0.032600 0.023500 0.026500 0.022200 0.029700 0.032700 0.032600 0.035700 0.029300 0.032300 0.041400 0.041500 0.041500 0.000000 0.032400 0.032700 0.023300 0.032800 0.047100 0.020400 0.044700 0.032600 0.042100 0.038800 0.042000 0.035300 0.032500 0.047100 0.041600 0.005700 0.044200 0.044600 0.035400 0.059800 0.035600 0.032600 0.038600 0.039000 0.035700 0.032700
Hartebeest 0.026500 0.072700 0.039000 0.065900 0.041800 0.026500 0.038700 0.044700 0.033100 0.041100 0.020600 0.035800 0.000000 0.029800 0.023700 0.036400 0.036000 0.039100 0.017700 0.036000 0.032700 0.020500 0.041300 0.041400 0.026500 0.032400 0.000000 0.032900 0.026400 0.033100 0.047200 0.032600 0.045000 0.002900 0.026900 0.035600 0.026800 0.038600 0.035700 0.053200 0.041500 0.032300 0.044200 0.044500 0.036000 0.069500 0.032800 0.029800 0.029900 0.042400 0.036000 0.033000
Bongo 0.029800 0.044200 0.005900 0.037100 0.032900 0.029800 0.035900 0.023700 0.000000 0.026400 0.017800 0.005900 0.033100 0.026900 0.014800 0.028400 0.014900 0.017900 0.014900 0.002900 0.032800 0.014800 0.020500 0.020600 0.023800 0.032700 0.032900 0.000000 0.023600 0.000000 0.032400 0.017800 0.017800 0.033000 0.024100 0.006100 0.024000 0.035900 0.032900 0.032300 0.020600 0.035600 0.029400 0.023600 0.002900 0.060800 0.030000 0.027000 0.039700 0.021000 0.002900 0.000000
Gerenuk 0.029300 0.063700 0.029600 0.055700 0.026400 0.029400 0.035400 0.029300 0.023700 0.037800 0.017500 0.029600 0.026500 0.026600 0.020500 0.016900 0.026600 0.029600 0.014600 0.026600 0.026300 0.014500 0.038000 0.032100 0.023400 0.023300 0.026400 0.023600 0.000000 0.023700 0.043800 0.023400 0.035500 0.029500 0.023700 0.029700 0.023700 0.023300 0.032400 0.037700 0.038200 0.023200 0.040800 0.035100 0.026400 0.059600 0.023500 0.032600 0.032800 0.032800 0.026600 0.023700
CommonElan 0.029900 0.044300 0.005900 0.037200 0.033000 0.029900 0.036000 0.023800 0.000100 0.026500 0.017900 0.005900 0.033200 0.027100 0.014900 0.028300 0.014900 0.018000 0.014900 0.003000 0.033000 0.014900 0.020600 0.020700 0.023900 0.032800 0.033100 0.000000 0.023700 0.000000 0.032500 0.017800 0.017900 0.033200 0.024200 0.006100 0.024100 0.036000 0.033100 0.032400 0.020700 0.035800 0.029500 0.023700 0.002900 0.061100 0.030100 0.027100 0.039700 0.021100 0.003000 0.000000
MuntiacusR 0.050200 0.071200 0.038400 0.058300 0.047200 0.050200 0.047200 0.038000 0.032500 0.005600 0.035200 0.038300 0.047300 0.032300 0.029200 0.044000 0.029300 0.032300 0.035300 0.035400 0.047100 0.035000 0.022900 0.023000 0.041200 0.047100 0.047200 0.032400 0.043800 0.032500 0.000000 0.029200 0.026100 0.047300 0.044700 0.038400 0.041600 0.050100 0.047200 0.028500 0.023000 0.050000 0.008500 0.026000 0.035000 0.056100 0.050500 0.041300 0.047400 0.041600 0.035300 0.032400
HarveysDui 0.029500 0.056600 0.023700 0.049500 0.023600 0.029600 0.017600 0.029500 0.017800 0.023200 0.023600 0.023700 0.032800 0.008800 0.014700 0.023400 0.020800 0.023800 0.020700 0.020700 0.020500 0.020500 0.023400 0.023400 0.029600 0.020400 0.032600 0.017800 0.023400 0.017800 0.029200 0.000000 0.026700 0.032800 0.030000 0.024200 0.029900 0.029500 0.026600 0.035100 0.023500 0.023300 0.026200 0.026400 0.020500 0.047600 0.029700 0.026700 0.033000 0.023900 0.020700 0.017800
Pronghorn 0.041800 0.056700 0.023800 0.049600 0.038800 0.041900 0.044900 0.023600 0.017900 0.020300 0.026700 0.023800 0.045200 0.029900 0.026800 0.035500 0.020800 0.023800 0.026800 0.020800 0.041900 0.026600 0.026300 0.014500 0.032700 0.044700 0.045000 0.017800 0.035500 0.017900 0.026100 0.026700 0.000000 0.045100 0.036200 0.023900 0.033000 0.047900 0.045000 0.026100 0.026400 0.047600 0.023300 0.017500 0.020600 0.060300 0.042100 0.033100 0.051400 0.033100 0.020800 0.017800
BlueWildeb 0.029600 0.073000 0.039200 0.066100 0.045000 0.029600 0.041900 0.044900 0.033200 0.041200 0.023600 0.035900 0.002900 0.033000 0.023800 0.036600 0.036100 0.039200 0.020700 0.036100 0.035900 0.023500 0.041500 0.041500 0.029600 0.032600 0.002900 0.033000 0.029500 0.033200 0.047300 0.032800 0.045100 0.000000 0.030000 0.035700 0.029900 0.041800 0.035800 0.053300 0.041600 0.032400 0.044300 0.044600 0.036100 0.069800 0.036000 0.029800 0.033100 0.042500 0.036100 0.033100
Gemsbok 0.023800 0.057600 0.030200 0.050200 0.033000 0.023800 0.042300 0.036100 0.024200 0.038600 0.011800 0.027100 0.027000 0.033300 0.020900 0.034500 0.033300 0.036400 0.008900 0.027200 0.033200 0.011800 0.032600 0.029700 0.017800 0.042100 0.026900 0.024100 0.023700 0.024200 0.044700 0.030000 0.036200 0.030000 0.000000 0.030700 0.018000 0.036000 0.033100 0.041600 0.032700 0.041900 0.041700 0.032800 0.026900 0.067300 0.030100 0.027100 0.039800 0.033500 0.027200 0.024100
Yak 0.036400 0.050400 0.012200 0.043600 0.039400 0.036300 0.042500 0.030000 0.006100 0.032400 0.024200 0.006200 0.035700 0.033600 0.021500 0.034400 0.021000 0.024300 0.021400 0.009200 0.039600 0.021100 0.026600 0.026800 0.030300 0.038800 0.035600 0.006100 0.029700 0.006100 0.038400 0.024200 0.023900 0.035700 0.030700 0.000000 0.030500 0.042300 0.039600 0.038100 0.026800 0.041800 0.035500 0.029700 0.002900 0.067600 0.036800 0.033700 0.042200 0.027600 0.009200 0.006100
BlueSheep 0.017700 0.063300 0.030100 0.050000 0.032900 0.017800 0.042200 0.035900 0.024100 0.035500 0.005900 0.027000 0.026900 0.030100 0.020900 0.034500 0.033200 0.036300 0.008900 0.027100 0.032900 0.011800 0.038700 0.029700 0.011800 0.042000 0.026800 0.024000 0.023700 0.024100 0.041600 0.029900 0.033000 0.029900 0.018000 0.030500 0.000000 0.035900 0.039200 0.041500 0.038900 0.041800 0.038600 0.032700 0.026800 0.063900 0.030100 0.033100 0.039500 0.033400 0.027800 0.024000
BohorReedb 0.035500 0.075800 0.042000 0.059200 0.008700 0.035500 0.038500 0.035500 0.036000 0.044000 0.029600 0.041900 0.038800 0.032700 0.032600 0.030600 0.038900 0.042000 0.026600 0.038900 0.032400 0.026400 0.050400 0.038200 0.035600 0.035300 0.038600 0.035900 0.023300 0.036000 0.050100 0.029500 0.047900 0.041800 0.036000 0.042300 0.035900 0.000000 0.044800 0.049900 0.050500 0.035200 0.047000 0.041300 0.038500 0.052000 0.035700 0.044900 0.032800 0.036000 0.039600 0.035900
KirksDik 0.044800 0.073200 0.036000 0.062600 0.041800 0.044800 0.038700 0.038700 0.033100 0.041200 0.032700 0.039000 0.035800 0.029800 0.023700 0.037500 0.036000 0.039100 0.029800 0.036000 0.032600 0.029500 0.041400 0.038400 0.038800 0.032500 0.035700 0.032900 0.032400 0.033100 0.047200 0.026600 0.045000 0.035800 0.033100 0.039600 0.039200 0.044800 0.000000 0.050200 0.041500 0.032300 0.044200 0.041500 0.035600 0.063300 0.032700 0.023700 0.045400 0.042400 0.037600 0.033000
RoeDeer 0.050100 0.071000 0.038300 0.064600 0.041000 0.050100 0.053200 0.043900 0.032400 0.022700 0.035100 0.038200 0.053400 0.038300 0.035200 0.037900 0.023300 0.026200 0.035200 0.035300 0.050000 0.034900 0.034600 0.011300 0.035100 0.047100 0.053200 0.032300 0.037700 0.032400 0.028500 0.035100 0.026100 0.053300 0.041600 0.038100 0.041500 0.049900 0.050200 0.000000 0.034700 0.050000 0.025700 0.014200 0.034900 0.062100 0.050400 0.038200 0.053500 0.035400 0.035800 0.032300
WhiteLippe 0.044400 0.059100 0.026600 0.049400 0.041400 0.044500 0.041500 0.038300 0.020700 0.017200 0.032400 0.026500 0.041700 0.032700 0.023500 0.038500 0.023600 0.026600 0.029600 0.023600 0.041500 0.029400 0.000000 0.029100 0.038500 0.041600 0.041500 0.020600 0.038200 0.020700 0.023000 0.023500 0.026400 0.041600 0.032700 0.026800 0.038900 0.050500 0.041500 0.034700 0.000000 0.044600 0.020100 0.032100 0.023300 0.062900 0.044800 0.035600 0.048000 0.035800 0.023500 0.020600
ThomsonGaz 0.035300 0.076700 0.041700 0.068600 0.038200 0.041300 0.035200 0.041200 0.035800 0.043900 0.035400 0.041700 0.032500 0.026500 0.026400 0.022200 0.032600 0.035600 0.032500 0.038700 0.029200 0.032200 0.044300 0.044400 0.041400 0.005700 0.032300 0.035600 0.023200 0.035800 0.050000 0.023300 0.047600 0.032400 0.041900 0.041800 0.041800 0.035200 0.032300 0.050000 0.044600 0.000000 0.047000 0.047500 0.038300 0.059500 0.035500 0.032500 0.038400 0.041900 0.038700 0.035700
MuntiacusC 0.047100 0.068100 0.035400 0.052000 0.044100 0.047200 0.044200 0.035000 0.029500 0.002800 0.032200 0.035300 0.044300 0.029400 0.026300 0.041000 0.026300 0.029300 0.032300 0.032400 0.044100 0.032100 0.020000 0.020100 0.038200 0.044200 0.044200 0.029400 0.040800 0.029500 0.008500 0.026200 0.023300 0.044300 0.041700 0.035500 0.038600 0.047000 0.044200 0.025700 0.020100 0.047000 0.000000 0.023000 0.032100 0.053000 0.047500 0.038300 0.044400 0.038600 0.032400 0.029400
WhiteTaile 0.041400 0.062100 0.029600 0.055500 0.032300 0.041400 0.044600 0.035300 0.023700 0.020100 0.026400 0.029500 0.044700 0.029600 0.026500 0.035400 0.020600 0.023500 0.026500 0.026600 0.041400 0.026300 0.032000 0.002800 0.032400 0.044600 0.044500 0.023600 0.035100 0.023700 0.026000 0.026400 0.017500 0.044600 0.032800 0.029700 0.032700 0.041300 0.041500 0.014200 0.032100 0.047500 0.023000 0.000000 0.026300 0.053400 0.041700 0.035600 0.051000 0.032700 0.023600 0.023600
Cattle 0.032500 0.046700 0.008800 0.039900 0.035600 0.032500 0.038600 0.026500 0.002900 0.029100 0.020600 0.002900 0.036100 0.029700 0.017700 0.031000 0.017700 0.020900 0.017700 0.005900 0.035500 0.017600 0.023300 0.023300 0.026600 0.035400 0.036000 0.002900 0.026400 0.002900 0.035000 0.020500 0.020600 0.036100 0.026900 0.002900 0.026800 0.038500 0.035600 0.034900 0.023300 0.038300 0.032100 0.026300 0.000000 0.063400 0.032800 0.029700 0.042500 0.023800 0.005900 0.002900
RoyalAntel 0.066300 0.092000 0.067100 0.085800 0.055400 0.066300 0.058100 0.047600 0.061100 0.050000 0.057000 0.066900 0.069800 0.051000 0.050900 0.064600 0.051400 0.054500 0.057200 0.064000 0.060000 0.056800 0.062700 0.050300 0.063300 0.059800 0.069500 0.060800 0.059600 0.061100 0.056100 0.047600 0.060300 0.069800 0.067300 0.067600 0.063900 0.052000 0.063300 0.062100 0.062900 0.059500 0.053000 0.053400 0.063400 0.000000 0.066700 0.060400 0.063600 0.067200 0.063900 0.060900
Steenbok 0.035800 0.071400 0.036100 0.062800 0.032700 0.035800 0.035800 0.035800 0.030100 0.044400 0.023700 0.036100 0.032900 0.026900 0.026800 0.034900 0.039900 0.042300 0.020800 0.033100 0.026600 0.020600 0.044600 0.038600 0.029800 0.035600 0.032800 0.030000 0.023500 0.030100 0.050500 0.029700 0.042100 0.036000 0.030100 0.036800 0.030100 0.035700 0.032700 0.050400 0.044800 0.035500 0.047500 0.041700 0.032800 0.066700 0.000000 0.032900 0.045800 0.039400 0.033100 0.030000
Impala 0.038800 0.060100 0.033000 0.059600 0.041900 0.038900 0.038800 0.038800 0.027100 0.035300 0.026700 0.033000 0.029900 0.029900 0.017800 0.037600 0.030000 0.033100 0.023800 0.030000 0.032700 0.023600 0.035500 0.032500 0.026700 0.032600 0.029800 0.027000 0.032600 0.027100 0.041300 0.026700 0.033100 0.029800 0.027100 0.033700 0.033100 0.044900 0.023700 0.038200 0.035600 0.032500 0.038300 0.035600 0.029700 0.060400 0.032900 0.000000 0.043000 0.036300 0.030000 0.027000
Klipspring 0.039000 0.079900 0.039500 0.066100 0.042100 0.039000 0.045200 0.045100 0.039700 0.041300 0.033100 0.045700 0.030000 0.036400 0.030600 0.043600 0.042600 0.045700 0.030200 0.042800 0.035600 0.029800 0.047800 0.048000 0.039300 0.038600 0.029900 0.039700 0.032800 0.039700 0.047400 0.033000 0.051400 0.033100 0.039800 0.042200 0.039500 0.032800 0.045400 0.053500 0.048000 0.038400 0.044400 0.051000 0.042500 0.063600 0.045800 0.043000 0.000000 0.039800 0.042800 0.039600
ForestMusk 0.036100 0.052700 0.027100 0.043700 0.033000 0.036100 0.042200 0.039100 0.021100 0.035500 0.027000 0.027100 0.042500 0.033200 0.024000 0.034700 0.030200 0.033200 0.024000 0.024000 0.039100 0.023800 0.035700 0.029700 0.033100 0.039000 0.042400 0.021000 0.032800 0.021100 0.041600 0.023900 0.033100 0.042500 0.033500 0.027600 0.033400 0.036000 0.042400 0.035400 0.035800 0.041900 0.038600 0.032700 0.023800 0.067200 0.039400 0.036300 0.039800 0.000000 0.024000 0.021000
Bushbuck 0.033800 0.047400 0.008900 0.040200 0.036900 0.033700 0.038900 0.026700 0.003000 0.029300 0.021500 0.008900 0.036100 0.030000 0.017800 0.031500 0.017900 0.020900 0.017900 0.005900 0.035900 0.018300 0.023500 0.023500 0.027700 0.035700 0.036000 0.002900 0.026600 0.003000 0.035300 0.020700 0.020800 0.036100 0.027200 0.009200 0.027800 0.039600 0.037600 0.035800 0.023500 0.038700 0.032400 0.023600 0.005900 0.063900 0.033100 0.030000 0.042800 0.024000 0.000000 0.003000
GreaterKud 0.029800 0.044100 0.005900 0.037100 0.032900 0.029800 0.035900 0.023700 0.000100 0.026400 0.017800 0.005900 0.033100 0.027000 0.014900 0.027400 0.014900 0.017900 0.014900 0.003000 0.032900 0.014800 0.020500 0.020600 0.023800 0.032700 0.033000 0.000000 0.023700 0.000000 0.032400 0.017800 0.017800 0.033100 0.024100 0.006100 0.024000 0.035900 0.033000 0.032300 0.020600 0.035700 0.029400 0.023600 0.002900 0.060900 0.030000 0.027000 0.039600 0.021000 0.003000 0.000000
