1
52 1
Argali 0.000000 0.211100 0.110900 0.299000 0.049800 0.000000 0.059300 0.084800 0.119000 0.128300 0.033000 0.084800 0.058300 0.058600 0.092400 0.076200 0.083000 0.098800 0.058300 0.119500 0.095100 0.032700 0.117700 0.121200 0.033000 0.068200 0.049900 0.119100 0.076100 0.110500 0.136400 0.049700 0.175400 0.058500 0.066200 0.084800 0.041600 0.066800 0.086800 0.110900 0.127400 0.068200 0.117700 0.100200 0.112500 0.100800 0.066700 0.086000 0.050000 0.109400 0.119300 0.111000
LesserMous 0.211100 0.000000 0.243500 0.308500 0.233100 0.211100 0.243200 0.267800 0.230800 0.210400 0.235500 0.244800 0.224300 0.244200 0.220300 0.235200 0.185100 0.161600 0.243900 0.253200 0.270900 0.234000 0.177300 0.179700 0.235500 0.248600 0.235700 0.252800 0.256900 0.242600 0.218900 0.232200 0.290000 0.223900 0.229800 0.267300 0.247300 0.254800 0.272700 0.159300 0.188000 0.248600 0.198000 0.175100 0.291800 0.250700 0.220400 0.232100 0.233500 0.227800 0.252700 0.221500
LesserKudu 0.110900 0.243500 0.000000 0.309200 0.074900 0.110900 0.103300 0.109500 0.007700 0.145700 0.093900 0.057400 0.084100 0.084200 0.118400 0.091900 0.107900 0.124600 0.066300 0.007700 0.110700 0.093300 0.163000 0.130000 0.093900 0.084000 0.093100 0.000100 0.100400 0.000100 0.163400 0.082500 0.213100 0.084000 0.074400 0.065900 0.103200 0.074600 0.093600 0.137600 0.182500 0.084000 0.144300 0.145400 0.083600 0.091100 0.082400 0.094100 0.111400 0.108400 0.007700 0.015600
KillerWhal 0.299000 0.308500 0.309200 0.000000 0.322700 0.299000 0.298700 0.325800 0.318000 0.286600 0.292700 0.326600 0.267500 0.288600 0.283600 0.315300 0.233500 0.248500 0.264600 0.319900 0.343800 0.303000 0.272000 0.308500 0.292700 0.306500 0.279600 0.318900 0.314400 0.308000 0.295800 0.275900 0.298700 0.267000 0.262300 0.325700 0.305900 0.299900 0.334900 0.264900 0.261200 0.306500 0.271600 0.277000 0.304200 0.307600 0.274300 0.285100 0.326200 0.247800 0.319300 0.309700
DefassaWat 0.049800 0.233100 0.074900 0.322700 0.000000 0.049800 0.059300 0.067200 0.082900 0.119100 0.050500 0.065900 0.041400 0.041400 0.092400 0.058700 0.083000 0.098800 0.041200 0.083200 0.076900 0.050100 0.136200 0.140300 0.050500 0.050600 0.050000 0.081700 0.058600 0.074600 0.136500 0.032800 0.165800 0.041300 0.049300 0.049700 0.059300 0.016100 0.068700 0.110900 0.146200 0.050600 0.117800 0.118300 0.076000 0.083200 0.066800 0.059000 0.050100 0.091700 0.083100 0.075000
Sheep 0.000000 0.211100 0.110900 0.299000 0.049800 0.000000 0.059300 0.084800 0.119000 0.128300 0.033000 0.084800 0.058300 0.058600 0.092400 0.076200 0.083000 0.098800 0.058300 0.119500 0.095100 0.032700 0.117700 0.121200 0.033000 0.068200 0.049900 0.119100 0.076100 0.110500 0.136400 0.049700 0.175400 0.058500 0.066200 0.084800 0.041600 0.066800 0.086800 0.110900 0.127400 0.068200 0.117700 0.100200 0.112500 0.100800 0.066700 0.086000 0.050000 0.109400 0.119300 0.111000
MaxwellsDu 0.059300 0.243200 0.103300 0.298700 0.059300 0.059300 0.000000 0.095300 0.111500 0.121000 0.060100 0.095300 0.050700 0.033500 0.084800 0.068400 0.074200 0.090000 0.050500 0.093800 0.087300 0.059700 0.128900 0.130600 0.060100 0.060300 0.059500 0.111300 0.068300 0.103000 0.129200 0.024800 0.164100 0.050600 0.058700 0.059300 0.069200 0.059100 0.078900 0.103400 0.138900 0.060300 0.110400 0.127300 0.077500 0.058100 0.059000 0.076900 0.059700 0.111200 0.111900 0.103500
GazellaPrz 0.084800 0.267800 0.109500 0.325800 0.067200 0.084800 0.095300 0.000000 0.109500 0.156800 0.086000 0.102500 0.076200 0.076200 0.129000 0.048900 0.109800 0.134900 0.067100 0.110000 0.058200 0.085400 0.164600 0.170100 0.086000 0.032800 0.085200 0.109200 0.057400 0.101100 0.174800 0.067000 0.195700 0.076100 0.084000 0.093200 0.095300 0.084600 0.041400 0.148400 0.155900 0.032800 0.155200 0.146500 0.093800 0.110200 0.066100 0.104500 0.085300 0.137100 0.109800 0.110500
MountainNy 0.119000 0.230800 0.007700 0.318000 0.082900 0.119000 0.111500 0.109500 0.000000 0.153700 0.102100 0.065400 0.092200 0.092200 0.126400 0.074500 0.115800 0.132500 0.074300 0.015300 0.110600 0.101400 0.171000 0.138100 0.102100 0.083900 0.101200 0.015300 0.100400 0.007700 0.171400 0.090400 0.221200 0.092100 0.082300 0.073800 0.111400 0.082600 0.093600 0.127300 0.190500 0.083900 0.152200 0.153400 0.091600 0.099000 0.082200 0.102300 0.119500 0.116300 0.015400 0.023300
MuntiacusM 0.128300 0.210400 0.145700 0.286600 0.119100 0.128300 0.121000 0.156800 0.153700 0.000000 0.120600 0.137700 0.092200 0.110000 0.117400 0.128900 0.073500 0.106600 0.109800 0.154300 0.111600 0.119800 0.073100 0.110600 0.120600 0.120900 0.101200 0.154700 0.128600 0.145200 0.023600 0.100700 0.145000 0.092100 0.117900 0.137700 0.130200 0.118700 0.140800 0.048900 0.073400 0.120900 0.023600 0.073400 0.166800 0.153200 0.109500 0.120700 0.138300 0.117000 0.154200 0.127200
goat 0.033000 0.235500 0.093900 0.292700 0.050500 0.033000 0.060100 0.086000 0.102100 0.120600 0.000000 0.068000 0.042000 0.042100 0.093700 0.059500 0.084000 0.117900 0.041800 0.102600 0.078000 0.016500 0.119300 0.122700 0.000000 0.051300 0.050700 0.101600 0.059300 0.093700 0.138300 0.033300 0.177800 0.041900 0.050000 0.068000 0.008200 0.050300 0.069700 0.112300 0.129100 0.051300 0.119200 0.119700 0.095400 0.084300 0.067600 0.069000 0.050800 0.092900 0.102500 0.094200
AfricanBuf 0.084800 0.244800 0.057400 0.326600 0.065900 0.084800 0.095300 0.102500 0.065400 0.137700 0.068000 0.000000 0.076200 0.076300 0.110400 0.075900 0.100800 0.134900 0.075800 0.065600 0.094500 0.067500 0.136200 0.140400 0.068000 0.067900 0.085200 0.064700 0.084500 0.057300 0.155400 0.067000 0.195400 0.076100 0.084000 0.041000 0.077100 0.066700 0.086400 0.129500 0.146300 0.067900 0.136300 0.136800 0.058300 0.119100 0.066400 0.086100 0.085300 0.118500 0.065600 0.057500
Topi 0.058300 0.224300 0.084100 0.267500 0.041400 0.058300 0.050700 0.076200 0.092200 0.092200 0.042000 0.076200 0.000000 0.033100 0.083800 0.050200 0.074500 0.107900 0.032900 0.092600 0.068200 0.041500 0.109100 0.112300 0.042000 0.042100 0.008100 0.091600 0.050100 0.083900 0.109300 0.024500 0.166100 0.000000 0.040900 0.058600 0.050700 0.041300 0.060000 0.082600 0.118600 0.042100 0.091200 0.109500 0.085400 0.074600 0.058300 0.059400 0.058900 0.091900 0.092500 0.084300
CommonDuik 0.058600 0.244200 0.084200 0.288600 0.041400 0.058600 0.033500 0.076200 0.092200 0.110000 0.042100 0.076300 0.033100 0.000000 0.083900 0.050200 0.074600 0.107900 0.033000 0.092600 0.068300 0.041700 0.127400 0.131200 0.042100 0.042100 0.041600 0.092000 0.050100 0.083900 0.127200 0.008100 0.166200 0.033100 0.041100 0.058600 0.050800 0.041300 0.060000 0.102100 0.137200 0.042100 0.108700 0.127900 0.085500 0.057300 0.058300 0.059500 0.041700 0.092000 0.092500 0.084300
Suni 0.092400 0.220300 0.118400 0.283600 0.092400 0.092400 0.084800 0.129000 0.126400 0.117400 0.093700 0.110400 0.083800 0.083900 0.000000 0.101800 0.090500 0.124000 0.083500 0.126900 0.121200 0.093000 0.143500 0.147700 0.093700 0.093900 0.092700 0.126500 0.101600 0.118000 0.125400 0.074600 0.144900 0.083700 0.091500 0.110400 0.103000 0.092100 0.113000 0.118400 0.153500 0.093900 0.125200 0.144200 0.138600 0.126500 0.074400 0.093700 0.111100 0.108000 0.126800 0.118600
Springbuck 0.076200 0.235200 0.091900 0.315300 0.058700 0.076200 0.068400 0.048900 0.074500 0.128900 0.059500 0.075900 0.050200 0.050200 0.101800 0.000000 0.083400 0.126100 0.050000 0.092200 0.041200 0.059000 0.136700 0.150700 0.059500 0.016300 0.058900 0.091100 0.024100 0.083600 0.146400 0.041400 0.185900 0.050100 0.058100 0.067000 0.068400 0.058500 0.033100 0.102400 0.146700 0.016300 0.127500 0.146800 0.085100 0.092400 0.040800 0.077400 0.076600 0.109800 0.092100 0.083900
Okapi 0.083000 0.185100 0.107900 0.233500 0.083000 0.083000 0.074200 0.109800 0.115800 0.073500 0.084000 0.100800 0.074500 0.074600 0.090500 0.083400 0.000000 0.046700 0.074200 0.116200 0.101900 0.083500 0.047800 0.117300 0.084000 0.075400 0.083300 0.114900 0.083200 0.107500 0.081400 0.072900 0.106100 0.074400 0.082200 0.100800 0.093100 0.082800 0.093900 0.057000 0.081200 0.075400 0.064300 0.080400 0.128500 0.116600 0.065400 0.082800 0.101100 0.081600 0.116100 0.108000
Giraffe 0.098800 0.161600 0.124600 0.248500 0.098800 0.098800 0.090000 0.134900 0.132500 0.106600 0.117900 0.134900 0.107900 0.107900 0.124000 0.126100 0.046700 0.000000 0.107500 0.115100 0.145700 0.117200 0.097000 0.124100 0.117900 0.118200 0.116900 0.131400 0.125900 0.124200 0.114600 0.098500 0.131300 0.107700 0.097900 0.116700 0.127300 0.116200 0.137600 0.090000 0.123600 0.118200 0.096900 0.095900 0.144500 0.114600 0.101600 0.116200 0.117000 0.097300 0.132900 0.124700
TibetanAnt 0.058300 0.243900 0.066300 0.264600 0.041200 0.058300 0.050500 0.067100 0.074300 0.109800 0.041800 0.075800 0.032900 0.033000 0.083500 0.050000 0.074200 0.107500 0.000000 0.074600 0.067900 0.041500 0.126800 0.111900 0.041800 0.041900 0.041400 0.073100 0.049900 0.066100 0.127100 0.024400 0.165500 0.032900 0.040800 0.058300 0.050500 0.041100 0.051000 0.101700 0.136600 0.041900 0.108600 0.109100 0.085000 0.057200 0.058000 0.059200 0.058700 0.091500 0.074600 0.083900
Sitatunga 0.119500 0.253200 0.007700 0.319900 0.083200 0.119500 0.093800 0.110000 0.015300 0.154300 0.102600 0.065600 0.092600 0.092600 0.126900 0.092200 0.116200 0.115100 0.074600 0.000000 0.111100 0.101900 0.171700 0.138600 0.102600 0.084300 0.101600 0.015500 0.100800 0.007700 0.172100 0.090800 0.222400 0.092500 0.082600 0.057100 0.112000 0.083000 0.094000 0.146200 0.191400 0.084300 0.152800 0.154000 0.074500 0.099500 0.082600 0.102800 0.120100 0.116800 0.015400 0.023400
Oribi 0.095100 0.270900 0.110700 0.343800 0.076900 0.095100 0.087300 0.058200 0.110600 0.111600 0.078000 0.094500 0.068200 0.068300 0.121200 0.041200 0.101900 0.145700 0.067900 0.111100 0.000000 0.077400 0.138200 0.152400 0.078000 0.024800 0.077300 0.110400 0.049500 0.102200 0.129100 0.059100 0.187500 0.068100 0.076200 0.085200 0.087400 0.076700 0.042100 0.121800 0.138900 0.024800 0.110400 0.148500 0.104000 0.111400 0.058200 0.096500 0.095600 0.129300 0.111000 0.102700
BarbaryShe 0.032700 0.234000 0.093300 0.303000 0.050100 0.032700 0.059700 0.085400 0.101400 0.119800 0.016500 0.067500 0.041500 0.041700 0.093000 0.059000 0.083500 0.117200 0.041500 0.101900 0.077400 0.000000 0.118500 0.121900 0.016500 0.050900 0.050100 0.101200 0.058900 0.093000 0.137400 0.033000 0.157500 0.041600 0.049500 0.067500 0.024900 0.049900 0.069100 0.111500 0.128200 0.050900 0.118400 0.118900 0.094700 0.083700 0.067100 0.068500 0.050400 0.092300 0.101800 0.093500
Daviddeer 0.117700 0.177300 0.163000 0.272000 0.136200 0.117700 0.128900 0.164600 0.171000 0.073100 0.119300 0.136200 0.109100 0.127400 0.143500 0.136700 0.047800 0.097000 0.126800 0.171700 0.138200 0.118500 0.000000 0.100300 0.119300 0.128800 0.118200 0.172100 0.136400 0.162400 0.081000 0.117500 0.153100 0.108900 0.134800 0.155000 0.128800 0.135700 0.148800 0.056700 0.039500 0.128800 0.064000 0.064200 0.184600 0.171000 0.117300 0.138100 0.136800 0.133900 0.171500 0.144400
Reindeer 0.121200 0.179700 0.130000 0.308500 0.140300 0.121200 0.130600 0.170100 0.138100 0.110600 0.122700 0.140400 0.112300 0.131200 0.147700 0.150700 0.117300 0.124100 0.111900 0.138600 0.152400 0.121900 0.100300 0.000000 0.122700 0.142600 0.121700 0.138100 0.150400 0.129500 0.118700 0.121000 0.212500 0.112100 0.120000 0.159800 0.132500 0.139800 0.153800 0.093300 0.109700 0.142600 0.100400 0.064900 0.190300 0.128400 0.120700 0.139900 0.140800 0.137100 0.138500 0.130000
Ibex 0.033000 0.235500 0.093900 0.292700 0.050500 0.033000 0.060100 0.086000 0.102100 0.120600 0.000000 0.068000 0.042000 0.042100 0.093700 0.059500 0.084000 0.117900 0.041800 0.102600 0.078000 0.016500 0.119300 0.122700 0.000000 0.051300 0.050700 0.101600 0.059300 0.093700 0.138300 0.033300 0.177800 0.041900 0.050000 0.068000 0.008300 0.050300 0.069700 0.112300 0.129100 0.051300 0.119200 0.119700 0.095400 0.084300 0.067600 0.069000 0.050800 0.092900 0.102500 0.094200
GyrantGaze 0.068200 0.248600 0.084000 0.306500 0.050600 0.068200 0.060300 0.032800 0.083900 0.120900 0.051300 0.067900 0.042100 0.042100 0.093900 0.016300 0.075400 0.118200 0.041900 0.084300 0.024800 0.050900 0.128800 0.142600 0.051300 0.000000 0.050800 0.083200 0.024400 0.075600 0.138500 0.033300 0.177900 0.042000 0.050100 0.058900 0.060300 0.050400 0.016300 0.112500 0.138800 0.000000 0.119600 0.138900 0.077000 0.084400 0.032900 0.069200 0.068600 0.101900 0.084200 0.075900
Hartebeest 0.049900 0.235700 0.093100 0.279600 0.050000 0.049900 0.059500 0.085200 0.101200 0.101200 0.050700 0.085200 0.008100 0.041600 0.092700 0.058900 0.083300 0.116900 0.041400 0.101600 0.077300 0.050100 0.118200 0.121700 0.050700 0.050800 0.000000 0.100900 0.058800 0.092800 0.118400 0.032900 0.175900 0.008100 0.049300 0.067400 0.059500 0.049800 0.069000 0.091700 0.127900 0.050800 0.100100 0.118700 0.094500 0.083400 0.067000 0.068400 0.067800 0.100800 0.101500 0.093300
Bongo 0.119100 0.252800 0.000100 0.318900 0.081700 0.119100 0.111300 0.109200 0.015300 0.154700 0.101600 0.064700 0.091600 0.092000 0.126500 0.091100 0.114900 0.131400 0.073100 0.015500 0.110400 0.101200 0.172100 0.138100 0.101600 0.083200 0.100900 0.000000 0.100100 0.007700 0.172700 0.090000 0.222800 0.091300 0.081500 0.072800 0.111200 0.081900 0.093100 0.145800 0.192200 0.083200 0.153100 0.153900 0.091100 0.099000 0.079200 0.101100 0.119500 0.116200 0.015600 0.021600
Gerenuk 0.076100 0.256900 0.100400 0.314400 0.058600 0.076100 0.068300 0.057400 0.100400 0.128600 0.059300 0.084500 0.050100 0.050100 0.101600 0.024100 0.083200 0.125900 0.049900 0.100800 0.049500 0.058900 0.136400 0.150400 0.059300 0.024400 0.058800 0.100100 0.000000 0.092100 0.146100 0.041300 0.185500 0.050000 0.058000 0.058000 0.068300 0.058400 0.041300 0.120400 0.146400 0.024400 0.127300 0.146600 0.093700 0.092200 0.049100 0.077200 0.076500 0.109600 0.100700 0.092500
CommonElan 0.110500 0.242600 0.000100 0.308000 0.074600 0.110500 0.103000 0.101100 0.007700 0.145200 0.093700 0.057300 0.083900 0.083900 0.118000 0.083600 0.107500 0.124200 0.066100 0.007700 0.102200 0.093000 0.162400 0.129500 0.093700 0.075600 0.092800 0.007700 0.092100 0.000000 0.162800 0.082000 0.212300 0.083800 0.074100 0.065700 0.103000 0.074400 0.085200 0.137100 0.181900 0.075600 0.143800 0.144900 0.083400 0.090800 0.074000 0.093800 0.111100 0.108000 0.007700 0.015600
MuntiacusR 0.136400 0.218900 0.163400 0.295800 0.136500 0.136400 0.129200 0.174800 0.171400 0.023600 0.138300 0.155400 0.109300 0.127200 0.125400 0.146400 0.081400 0.114600 0.127100 0.172100 0.129100 0.137400 0.081000 0.118700 0.138300 0.138500 0.118400 0.172700 0.146100 0.162800 0.000000 0.117800 0.134800 0.109100 0.135200 0.155300 0.148100 0.136000 0.158800 0.056900 0.081300 0.138500 0.031300 0.081400 0.184900 0.170900 0.117600 0.138300 0.156100 0.134400 0.171900 0.144700
HarveysDui 0.049700 0.232200 0.082500 0.275900 0.032800 0.049700 0.024800 0.067000 0.090400 0.100700 0.033300 0.067000 0.024500 0.008100 0.074600 0.041400 0.072900 0.098500 0.024400 0.090800 0.059100 0.033000 0.117500 0.121000 0.033300 0.033300 0.032900 0.090000 0.041300 0.082000 0.117800 0.000000 0.163700 0.024500 0.032500 0.049700 0.041900 0.032700 0.050900 0.092500 0.135400 0.033300 0.099500 0.117900 0.076000 0.048700 0.049400 0.050400 0.033000 0.082700 0.090900 0.082900
Pronghorn 0.175400 0.290000 0.213100 0.298700 0.165800 0.175400 0.164100 0.195700 0.221200 0.145000 0.177800 0.195400 0.166100 0.166200 0.144900 0.185900 0.106100 0.131300 0.165500 0.222400 0.187500 0.157500 0.153100 0.212500 0.177800 0.177900 0.175900 0.222800 0.185500 0.212300 0.134800 0.163700 0.000000 0.165800 0.173900 0.195300 0.188400 0.165300 0.199800 0.146200 0.172000 0.177900 0.134200 0.151200 0.226300 0.212200 0.155100 0.136700 0.176400 0.135200 0.222000 0.213400
BlueWildeb 0.058500 0.223900 0.084000 0.267000 0.041300 0.058500 0.050600 0.076100 0.092100 0.092100 0.041900 0.076100 0.000000 0.033100 0.083700 0.050100 0.074400 0.107700 0.032900 0.092500 0.068100 0.041600 0.108900 0.112100 0.041900 0.042000 0.008100 0.091300 0.050000 0.083800 0.109100 0.024500 0.165800 0.000000 0.040900 0.058500 0.050700 0.041200 0.059900 0.082400 0.118400 0.042000 0.091100 0.109300 0.085300 0.074500 0.058200 0.059300 0.058800 0.091700 0.092400 0.084200
Gemsbok 0.066200 0.229800 0.074400 0.262300 0.049300 0.066200 0.058700 0.084000 0.082300 0.117900 0.050000 0.084000 0.040900 0.041100 0.091500 0.058100 0.082200 0.097900 0.040800 0.082600 0.076200 0.049500 0.134800 0.120000 0.050000 0.050100 0.049300 0.081500 0.058000 0.074100 0.135200 0.032500 0.173900 0.040900 0.000000 0.066500 0.058700 0.049200 0.068000 0.109800 0.144700 0.050100 0.116700 0.135400 0.093200 0.048400 0.066100 0.067400 0.066800 0.082100 0.082600 0.074500
Yak 0.084800 0.267300 0.065900 0.325700 0.049700 0.084800 0.059300 0.093200 0.073800 0.137700 0.068000 0.041000 0.058600 0.058600 0.110400 0.067000 0.100800 0.116700 0.058300 0.057100 0.085200 0.067500 0.155000 0.159800 0.068000 0.058900 0.067400 0.072800 0.058000 0.065700 0.155300 0.049700 0.195300 0.058500 0.066500 0.000000 0.077100 0.049500 0.077100 0.129500 0.165400 0.058900 0.136200 0.155700 0.032800 0.100900 0.074900 0.086100 0.085300 0.118500 0.074000 0.066000
BlueSheep 0.041600 0.247300 0.103200 0.305900 0.059300 0.041600 0.069200 0.095300 0.111400 0.130200 0.008200 0.077100 0.050700 0.050800 0.103000 0.068400 0.093100 0.127300 0.050500 0.112000 0.087400 0.024900 0.128800 0.132500 0.008300 0.060300 0.059500 0.111200 0.068300 0.103000 0.148100 0.041900 0.188400 0.050700 0.058700 0.077100 0.000000 0.059100 0.078900 0.121900 0.138800 0.060300 0.128700 0.129200 0.104900 0.093400 0.076600 0.078200 0.059800 0.102200 0.111900 0.103500
BohorReedb 0.066800 0.254800 0.074600 0.299900 0.016100 0.066800 0.059100 0.084600 0.082600 0.118700 0.050300 0.066700 0.041300 0.041300 0.092100 0.058500 0.082800 0.116200 0.041100 0.083000 0.076700 0.049900 0.135700 0.139800 0.050300 0.050400 0.049800 0.081900 0.058400 0.074400 0.136000 0.032700 0.165300 0.041200 0.049200 0.049500 0.059100 0.000000 0.068500 0.110600 0.145700 0.050400 0.117400 0.136300 0.075700 0.082900 0.066600 0.059100 0.067300 0.091400 0.082900 0.074700
KirksDik 0.086800 0.272700 0.093600 0.334900 0.068700 0.086800 0.078900 0.041400 0.093600 0.140800 0.069700 0.086400 0.060000 0.060000 0.113000 0.033100 0.093900 0.137600 0.051000 0.094000 0.042100 0.069100 0.148800 0.153800 0.069700 0.016300 0.069000 0.093100 0.041300 0.085200 0.158800 0.050900 0.199800 0.059900 0.068000 0.077100 0.078900 0.068500 0.000000 0.112100 0.159200 0.016600 0.139300 0.149700 0.095800 0.094200 0.050200 0.088100 0.087300 0.121100 0.093900 0.094500
RoeDeer 0.110900 0.159300 0.137600 0.264900 0.110900 0.110900 0.103400 0.148400 0.127300 0.048900 0.112300 0.129500 0.082600 0.102100 0.118400 0.102400 0.057000 0.090000 0.101700 0.146200 0.121800 0.111500 0.056700 0.093300 0.112300 0.112500 0.091700 0.145800 0.120400 0.137100 0.056900 0.092500 0.146200 0.082400 0.109800 0.129500 0.121900 0.110600 0.112100 0.000000 0.065400 0.112500 0.040100 0.056900 0.158600 0.145600 0.092300 0.112500 0.130000 0.109000 0.146000 0.119100
WhiteLippe 0.127400 0.188000 0.182500 0.261200 0.146200 0.127400 0.138900 0.155900 0.190500 0.073400 0.129100 0.146300 0.118600 0.137200 0.153500 0.146700 0.081200 0.123600 0.136600 0.191400 0.138900 0.128200 0.039500 0.109700 0.129100 0.138800 0.127900 0.192200 0.146400 0.181900 0.081300 0.135400 0.172000 0.118400 0.144700 0.165400 0.138800 0.145700 0.159200 0.065400 0.000000 0.138800 0.064200 0.072900 0.175800 0.181400 0.126900 0.129200 0.146800 0.143600 0.191100 0.163300
ThomsonGaz 0.068200 0.248600 0.084000 0.306500 0.050600 0.068200 0.060300 0.032800 0.083900 0.120900 0.051300 0.067900 0.042100 0.042100 0.093900 0.016300 0.075400 0.118200 0.041900 0.084300 0.024800 0.050900 0.128800 0.142600 0.051300 0.000000 0.050800 0.083200 0.024400 0.075600 0.138500 0.033300 0.177900 0.042000 0.050100 0.058900 0.060300 0.050400 0.016600 0.112500 0.138800 0.000000 0.119600 0.138900 0.077000 0.084400 0.032900 0.069200 0.068600 0.101900 0.084200 0.075900
MuntiacusC 0.117700 0.198000 0.144300 0.271600 0.117800 0.117700 0.110400 0.155200 0.152200 0.023600 0.119200 0.136300 0.091200 0.108700 0.125200 0.127500 0.064300 0.096900 0.108600 0.152800 0.110400 0.118400 0.064000 0.100400 0.119200 0.119600 0.100100 0.153100 0.127300 0.143800 0.031300 0.099500 0.134200 0.091100 0.116700 0.136200 0.128700 0.117400 0.139300 0.040100 0.064200 0.119600 0.000000 0.064300 0.165100 0.151600 0.099400 0.119400 0.136700 0.115800 0.152700 0.126000
WhiteTaile 0.100200 0.175100 0.145400 0.277000 0.118300 0.100200 0.127300 0.146500 0.153400 0.073400 0.119700 0.136800 0.109500 0.127900 0.144200 0.146800 0.080400 0.095900 0.109100 0.154000 0.148500 0.118900 0.064200 0.064900 0.119700 0.138900 0.118700 0.153900 0.146600 0.144900 0.081400 0.117900 0.151200 0.109300 0.135400 0.155700 0.129200 0.136300 0.149700 0.056900 0.072900 0.138900 0.064300 0.000000 0.185400 0.152900 0.117700 0.118100 0.118800 0.134400 0.153800 0.145500
Cattle 0.112500 0.291800 0.083600 0.304200 0.076000 0.112500 0.077500 0.093800 0.091600 0.166800 0.095400 0.058300 0.085400 0.085500 0.138600 0.085100 0.128500 0.144500 0.085000 0.074500 0.104000 0.094700 0.184600 0.190300 0.095400 0.077000 0.094500 0.091100 0.093700 0.083400 0.184900 0.076000 0.226300 0.085300 0.093200 0.032800 0.104900 0.075700 0.095800 0.158600 0.175800 0.077000 0.165100 0.185400 0.000000 0.128700 0.093100 0.114200 0.113100 0.146800 0.091900 0.083800
RoyalAntel 0.100800 0.250700 0.091100 0.307600 0.083200 0.100800 0.058100 0.110200 0.099000 0.153200 0.084300 0.119100 0.074600 0.057300 0.126500 0.092400 0.116600 0.114600 0.057200 0.099500 0.111400 0.083700 0.171000 0.128400 0.084300 0.084400 0.083400 0.099000 0.092200 0.090800 0.170900 0.048700 0.212200 0.074500 0.048400 0.100900 0.093400 0.082900 0.094200 0.145600 0.181400 0.084400 0.151600 0.152900 0.128700 0.000000 0.100400 0.102300 0.083600 0.116400 0.099300 0.109000
Steenbok 0.066700 0.220400 0.082400 0.274300 0.066800 0.066700 0.059000 0.066100 0.082200 0.109500 0.067600 0.066400 0.058300 0.058300 0.074400 0.040800 0.065400 0.101600 0.058000 0.082600 0.058200 0.067100 0.117300 0.120700 0.067600 0.032900 0.067000 0.079200 0.049100 0.074000 0.117600 0.049400 0.155100 0.058200 0.066100 0.074900 0.076600 0.066600 0.050200 0.092300 0.126900 0.032900 0.099400 0.117700 0.093100 0.100400 0.000000 0.067700 0.067300 0.099900 0.082500 0.074400
Impala 0.086000 0.232100 0.094100 0.285100 0.059000 0.086000 0.076900 0.104500 0.102300 0.120700 0.069000 0.086100 0.059400 0.059500 0.093700 0.077400 0.082800 0.116200 0.059200 0.102800 0.096500 0.068500 0.138100 0.139900 0.069000 0.069200 0.068400 0.101100 0.077200 0.093800 0.138300 0.050400 0.136700 0.059300 0.067400 0.086100 0.078200 0.059100 0.088100 0.112500 0.129200 0.069200 0.119400 0.118100 0.114200 0.102300 0.067700 0.000000 0.086500 0.083900 0.102600 0.094300
Klipspring 0.050000 0.233500 0.111400 0.326200 0.050100 0.050000 0.059700 0.085300 0.119500 0.138300 0.050800 0.085300 0.058900 0.041700 0.111100 0.076600 0.101100 0.117000 0.058700 0.120100 0.095600 0.050400 0.136800 0.140800 0.050800 0.068600 0.067800 0.119500 0.076500 0.111100 0.156100 0.033000 0.176400 0.058800 0.066800 0.085300 0.059800 0.067300 0.087300 0.130000 0.146800 0.068600 0.136700 0.118800 0.113100 0.083600 0.067300 0.086500 0.000000 0.119300 0.119900 0.111700
ForestMusk 0.109400 0.227800 0.108400 0.247800 0.091700 0.109400 0.111200 0.137100 0.116300 0.117000 0.092900 0.118500 0.091900 0.092000 0.108000 0.109800 0.081600 0.097300 0.091500 0.116800 0.129300 0.092300 0.133900 0.137100 0.092900 0.101900 0.100800 0.116200 0.109600 0.108000 0.134400 0.082700 0.135200 0.091700 0.082100 0.118500 0.102200 0.091400 0.121100 0.109000 0.143600 0.101900 0.115800 0.134400 0.146800 0.116400 0.099900 0.083900 0.119300 0.000000 0.116700 0.108600
Bushbuck 0.119300 0.252700 0.007700 0.319300 0.083100 0.119300 0.111900 0.109800 0.015400 0.154200 0.102500 0.065600 0.092500 0.092500 0.126800 0.092100 0.116100 0.132900 0.074600 0.015400 0.111000 0.101800 0.171500 0.138500 0.102500 0.084200 0.101500 0.015600 0.100700 0.007700 0.171900 0.090900 0.222000 0.092400 0.082600 0.074000 0.111900 0.082900 0.093900 0.146000 0.191100 0.084200 0.152700 0.153800 0.091900 0.099300 0.082500 0.102600 0.119900 0.116700 0.000000 0.023400
GreaterKud 0.111000 0.221500 0.015600 0.309700 0.075000 0.111000 0.103500 0.110500 0.023300 0.127200 0.094200 0.057500 0.084300 0.084300 0.118600 0.083900 0.108000 0.124700 0.083900 0.023400 0.102700 0.093500 0.144400 0.130000 0.094200 0.075900 0.093300 0.021600 0.092500 0.015600 0.144700 0.082900 0.213400 0.084200 0.074500 0.066000 0.103500 0.074700 0.094500 0.119100 0.163300 0.075900 0.126000 0.145500 0.083800 0.109000 0.074400 0.094300 0.111700 0.108600 0.023400 0.000000
