CODONML (in paml version 4.10.7, June 2023)  /home/rachel/ruminants_paml/6406-phy-tree/ENSBTAT00000014258.fasta.phy
Model: free dN/dS Ratios for branches,  kappa = 2.000 fixed

Codon frequency model: F3x4
ns =  54  ls =  59

Codon usage in sequences
--------------------------------------------------------------------------------------------------------------------------------------
Phe TTT   0   0   0   0   1   0 | Ser TCT   0   0   0   0   0   0 | Tyr TAT   0   0   0   0   0   0 | Cys TGT   0   0   0   0   0   0
    TTC   5   5   5   5   4   5 |     TCC   0   0   0   0   0   0 |     TAC   0   0   0   0   0   0 |     TGC   1   1   1   1   1   1
Leu TTA   0   0   0   0   0   0 |     TCA   0   0   0   0   0   0 | *** TAA   0   0   0   0   0   0 | *** TGA   0   0   0   0   0   0
    TTG   0   1   0   1   0   0 |     TCG   0   0   0   0   1   0 |     TAG   0   0   0   0   0   0 | Trp TGG   0   0   0   0   0   0
--------------------------------------------------------------------------------------------------------------------------------------
Leu CTT   0   0   0   1   0   0 | Pro CCT   0   0   0   1   1   0 | His CAT   0   0   0   0   0   0 | Arg CGT   0   0   0   0   0   0
    CTC   3   3   3   2   3   3 |     CCC   2   2   3   2   1   3 |     CAC   1   1   1   1   1   1 |     CGC   2   2   2   2   2   2
    CTA   0   0   0   0   0   0 |     CCA   0   1   0   0   0   0 | Gln CAA   0   0   0   0   0   0 |     CGA   0   0   0   0   1   0
    CTG   4   3   4   3   4   4 |     CCG   2   1   1   1   2   1 |     CAG   0   0   0   0   0   0 |     CGG   2   2   2   2   1   2
--------------------------------------------------------------------------------------------------------------------------------------
Ile ATT   0   0   0   0   1   0 | Thr ACT   0   0   0   0   0   0 | Asn AAT   0   0   0   0   0   0 | Ser AGT   0   0   0   0   0   0
    ATC   1   1   1   1   0   1 |     ACC   2   1   2   2   3   1 |     AAC   0   0   0   0   0   0 |     AGC   0   0   0   0   0   0
    ATA   0   0   0   0   0   0 |     ACA   0   0   0   0   0   0 | Lys AAA   0   0   0   0   0   0 | Arg AGA   0   0   0   0   0   0
Met ATG   2   1   2   2   2   2 |     ACG   0   1   0   0   0   1 |     AAG   3   3   3   3   3   3 |     AGG   0   0   0   0   0   0
--------------------------------------------------------------------------------------------------------------------------------------
Val GTT   0   0   0   0   0   0 | Ala GCT   1   1   1   2   1   0 | Asp GAT   0   0   0   0   0   0 | Gly GGT   0   0   0   0   0   0
    GTC   1   1   1   1   2   1 |     GCC   6   9   5   6   7   8 |     GAC   1   1   1   1   1   1 |     GGC   2   3   2   2   2   2
    GTA   0   0   0   0   0   0 |     GCA   1   0   3   1   0   0 | Glu GAA   0   1   0   0   0   0 |     GGA   1   0   1   1   0   0
    GTG   5   5   5   5   4   5 |     GCG   3   2   2   2   1   3 |     GAG   7   6   7   7   7   7 |     GGG   1   1   1   1   2   2
--------------------------------------------------------------------------------------------------------------------------------------

--------------------------------------------------------------------------------------------------------------------------------------
Phe TTT   0   0   0   0   0   0 | Ser TCT   0   0   0   0   0   0 | Tyr TAT   0   0   0   0   0   0 | Cys TGT   0   0   0   0   0   1
    TTC   5   5   5   5   5   5 |     TCC   0   0   0   0   0   0 |     TAC   0   0   0   0   0   0 |     TGC   1   1   1   1   1   0
Leu TTA   0   0   0   0   0   0 |     TCA   0   0   0   0   0   0 | *** TAA   0   0   0   0   0   0 | *** TGA   0   0   0   0   0   0
    TTG   0   0   0   0   0   0 |     TCG   0   0   0   0   0   0 |     TAG   0   0   0   0   0   0 | Trp TGG   0   0   0   0   0   0
--------------------------------------------------------------------------------------------------------------------------------------
Leu CTT   0   0   0   0   0   0 | Pro CCT   1   0   0   0   0   0 | His CAT   0   0   0   0   0   0 | Arg CGT   0   0   0   0   0   0
    CTC   3   3   3   3   3   3 |     CCC   2   2   3   3   3   3 |     CAC   1   1   1   1   1   1 |     CGC   2   2   2   2   2   2
    CTA   0   0   0   0   0   0 |     CCA   0   0   0   0   0   0 | Gln CAA   0   0   0   0   0   0 |     CGA   0   0   0   0   0   0
    CTG   4   4   4   4   4   4 |     CCG   1   2   1   1   1   1 |     CAG   0   0   0   0   0   0 |     CGG   2   2   2   2   2   2
--------------------------------------------------------------------------------------------------------------------------------------
Ile ATT   0   0   0   0   0   0 | Thr ACT   0   0   0   0   0   1 | Asn AAT   0   0   0   0   0   0 | Ser AGT   0   0   0   0   0   0
    ATC   1   1   1   1   1   1 |     ACC   2   2   2   2   2   1 |     AAC   0   0   0   0   0   0 |     AGC   0   0   0   0   0   0
    ATA   0   0   0   0   0   0 |     ACA   0   0   0   0   0   0 | Lys AAA   0   0   0   0   0   0 | Arg AGA   0   0   0   0   0   0
Met ATG   2   2   2   2   2   2 |     ACG   0   0   0   0   0   0 |     AAG   3   3   3   2   3   3 |     AGG   0   0   0   1   0   0
--------------------------------------------------------------------------------------------------------------------------------------
Val GTT   0   0   0   0   0   0 | Ala GCT   2   1   1   1   1   1 | Asp GAT   0   0   0   0   0   0 | Gly GGT   0   0   0   0   0   0
    GTC   1   1   1   1   1   1 |     GCC   5   6   6   6   5   7 |     GAC   1   1   1   1   1   1 |     GGC   2   2   2   2   2   2
    GTA   0   0   0   0   0   0 |     GCA   1   1   1   1   3   1 | Glu GAA   0   0   0   0   1   0 |     GGA   1   1   1   1   1   1
    GTG   5   5   5   5   5   5 |     GCG   3   3   3   3   2   2 |     GAG   7   7   7   7   6   7 |     GGG   1   1   1   1   1   1
--------------------------------------------------------------------------------------------------------------------------------------

--------------------------------------------------------------------------------------------------------------------------------------
Phe TTT   0   0   0   0   0   0 | Ser TCT   0   0   0   0   0   0 | Tyr TAT   0   0   0   0   0   0 | Cys TGT   0   0   0   0   0   0
    TTC   5   5   5   5   5   5 |     TCC   0   0   0   0   0   0 |     TAC   0   0   0   0   0   0 |     TGC   1   1   1   1   1   1
Leu TTA   0   0   0   0   0   0 |     TCA   0   0   0   0   0   0 | *** TAA   0   0   0   0   0   0 | *** TGA   0   0   0   0   0   0
    TTG   0   0   0   0   1   0 |     TCG   0   0   0   0   0   0 |     TAG   0   0   0   0   0   0 | Trp TGG   0   0   0   0   0   0
--------------------------------------------------------------------------------------------------------------------------------------
Leu CTT   0   0   0   0   0   0 | Pro CCT   0   0   0   0   0   0 | His CAT   0   0   0   0   0   0 | Arg CGT   0   0   0   0   0   0
    CTC   3   3   3   3   3   3 |     CCC   3   2   3   3   3   3 |     CAC   1   1   1   1   1   1 |     CGC   2   2   2   2   2   2
    CTA   0   0   0   0   0   0 |     CCA   0   0   0   0   0   0 | Gln CAA   0   0   0   0   0   0 |     CGA   0   0   0   0   0   0
    CTG   4   4   4   4   3   4 |     CCG   1   2   1   1   1   1 |     CAG   0   0   0   0   0   0 |     CGG   2   2   2   2   2   2
--------------------------------------------------------------------------------------------------------------------------------------
Ile ATT   0   0   0   0   0   0 | Thr ACT   0   0   0   0   0   0 | Asn AAT   0   0   0   0   0   0 | Ser AGT   0   0   0   0   0   0
    ATC   1   1   1   1   1   1 |     ACC   2   2   2   2   2   2 |     AAC   0   0   0   0   0   0 |     AGC   0   0   0   0   1   0
    ATA   0   0   0   0   0   0 |     ACA   0   0   0   0   0   0 | Lys AAA   0   0   0   0   0   0 | Arg AGA   0   0   0   0   0   0
Met ATG   2   2   2   2   2   2 |     ACG   0   0   0   0   0   1 |     AAG   3   3   3   3   3   2 |     AGG   0   0   0   0   0   1
--------------------------------------------------------------------------------------------------------------------------------------
Val GTT   0   0   0   0   0   0 | Ala GCT   1   1   1   1   1   1 | Asp GAT   0   0   0   0   0   0 | Gly GGT   0   0   0   0   0   0
    GTC   1   1   1   1   1   1 |     GCC   6   6   6   6   6   6 |     GAC   1   1   1   1   1   1 |     GGC   2   2   3   2   1   2
    GTA   0   0   0   0   0   0 |     GCA   1   2   1   1   1   1 | Glu GAA   0   0   0   0   0   0 |     GGA   1   1   1   2   1   1
    GTG   5   5   5   5   5   5 |     GCG   3   2   3   3   3   2 |     GAG   7   7   7   7   7   7 |     GGG   1   1   0   0   1   1
--------------------------------------------------------------------------------------------------------------------------------------

--------------------------------------------------------------------------------------------------------------------------------------
Phe TTT   0   1   0   0   0   0 | Ser TCT   0   0   0   0   0   0 | Tyr TAT   0   0   0   0   0   0 | Cys TGT   0   0   0   0   0   0
    TTC   5   4   5   5   5   5 |     TCC   0   0   0   0   0   0 |     TAC   0   0   0   0   0   0 |     TGC   1   1   1   1   1   1
Leu TTA   0   0   0   0   0   0 |     TCA   0   0   0   0   0   0 | *** TAA   0   0   0   0   0   0 | *** TGA   0   0   0   0   0   0
    TTG   0   0   0   0   0   0 |     TCG   0   0   0   0   0   0 |     TAG   0   0   0   0   0   0 | Trp TGG   0   0   0   0   0   0
--------------------------------------------------------------------------------------------------------------------------------------
Leu CTT   1   1   0   0   0   0 | Pro CCT   0   1   0   0   0   0 | His CAT   0   0   0   0   0   0 | Arg CGT   0   0   0   0   0   0
    CTC   2   2   3   3   3   3 |     CCC   3   2   3   3   3   3 |     CAC   1   1   1   1   1   1 |     CGC   2   2   2   2   2   2
    CTA   0   0   0   0   0   0 |     CCA   0   0   0   0   0   0 | Gln CAA   0   0   0   0   0   0 |     CGA   0   0   0   0   0   0
    CTG   4   4   4   4   4   4 |     CCG   1   1   1   1   1   1 |     CAG   0   0   0   0   0   0 |     CGG   2   2   2   2   2   2
--------------------------------------------------------------------------------------------------------------------------------------
Ile ATT   0   0   0   0   0   0 | Thr ACT   0   0   0   0   0   0 | Asn AAT   0   0   0   0   0   0 | Ser AGT   0   0   0   0   0   0
    ATC   1   1   1   1   1   1 |     ACC   2   2   2   2   2   2 |     AAC   0   0   0   0   0   0 |     AGC   0   0   0   0   0   0
    ATA   0   0   0   0   0   0 |     ACA   0   0   0   0   0   0 | Lys AAA   0   0   0   0   0   0 | Arg AGA   0   0   0   0   0   0
Met ATG   2   2   2   2   2   2 |     ACG   0   0   0   0   0   0 |     AAG   3   3   3   3   2   3 |     AGG   0   0   0   0   1   0
--------------------------------------------------------------------------------------------------------------------------------------
Val GTT   0   0   0   0   0   0 | Ala GCT   1   1   1   1   1   1 | Asp GAT   0   0   0   0   0   0 | Gly GGT   0   0   0   0   0   0
    GTC   1   1   1   1   1   1 |     GCC   7   7   5   5   6   6 |     GAC   1   1   1   1   1   1 |     GGC   2   2   2   2   2   2
    GTA   0   0   0   0   0   0 |     GCA   1   1   2   3   2   1 | Glu GAA   0   0   0   1   0   0 |     GGA   1   1   1   1   1   1
    GTG   5   5   5   5   5   5 |     GCG   2   2   3   2   2   3 |     GAG   7   7   7   6   7   7 |     GGG   1   1   1   1   1   1
--------------------------------------------------------------------------------------------------------------------------------------

--------------------------------------------------------------------------------------------------------------------------------------
Phe TTT   0   0   0   0   0   0 | Ser TCT   0   0   0   0   0   0 | Tyr TAT   0   0   0   0   0   0 | Cys TGT   0   0   0   0   0   0
    TTC   5   5   5   5   5   5 |     TCC   0   0   0   0   0   0 |     TAC   0   0   0   0   0   0 |     TGC   1   1   1   1   1   1
Leu TTA   0   0   0   0   0   0 |     TCA   0   0   0   0   0   0 | *** TAA   0   0   0   0   0   0 | *** TGA   0   0   0   0   0   0
    TTG   0   0   0   0   0   0 |     TCG   0   0   0   0   0   0 |     TAG   0   0   0   0   0   0 | Trp TGG   0   0   0   0   0   0
--------------------------------------------------------------------------------------------------------------------------------------
Leu CTT   0   0   0   0   0   0 | Pro CCT   0   0   0   0   0   0 | His CAT   0   0   0   0   0   0 | Arg CGT   0   0   0   0   0   0
    CTC   3   3   3   3   3   3 |     CCC   3   3   3   3   3   3 |     CAC   1   1   1   1   1   1 |     CGC   2   2   2   2   2   2
    CTA   0   0   0   0   0   0 |     CCA   0   0   0   0   0   0 | Gln CAA   0   0   0   0   0   0 |     CGA   0   0   0   0   0   0
    CTG   4   4   4   4   4   4 |     CCG   1   1   1   1   1   1 |     CAG   0   0   0   0   0   0 |     CGG   2   2   2   2   2   2
--------------------------------------------------------------------------------------------------------------------------------------
Ile ATT   0   0   0   0   0   0 | Thr ACT   0   0   0   0   0   0 | Asn AAT   0   0   0   0   0   0 | Ser AGT   0   0   0   0   0   0
    ATC   1   1   1   1   1   1 |     ACC   2   2   2   2   2   2 |     AAC   0   0   0   0   0   0 |     AGC   0   0   0   0   0   0
    ATA   0   0   0   0   0   0 |     ACA   0   0   0   0   0   0 | Lys AAA   1   0   0   0   0   0 | Arg AGA   0   0   0   0   0   0
Met ATG   2   2   2   2   2   2 |     ACG   0   0   0   0   0   0 |     AAG   2   3   3   2   3   3 |     AGG   0   0   0   1   0   0
--------------------------------------------------------------------------------------------------------------------------------------
Val GTT   0   0   0   0   0   0 | Ala GCT   1   1   1   1   1   1 | Asp GAT   0   0   0   0   0   0 | Gly GGT   0   0   0   0   0   0
    GTC   1   1   1   1   1   1 |     GCC   6   7   6   6   6   5 |     GAC   1   1   1   1   1   1 |     GGC   2   2   2   2   3   2
    GTA   0   0   0   0   0   1 |     GCA   1   1   1   1   1   3 | Glu GAA   1   0   0   1   0   1 |     GGA   1   1   1   1   1   1
    GTG   5   5   5   5   5   4 |     GCG   3   2   3   3   3   2 |     GAG   6   7   7   6   7   6 |     GGG   1   1   1   1   0   1
--------------------------------------------------------------------------------------------------------------------------------------

--------------------------------------------------------------------------------------------------------------------------------------
Phe TTT   0   0   0   1   0   0 | Ser TCT   0   0   0   0   0   0 | Tyr TAT   0   0   0   0   0   0 | Cys TGT   0   0   1   0   0   0
    TTC   5   5   5   4   5   5 |     TCC   0   0   0   0   0   0 |     TAC   0   0   0   0   0   0 |     TGC   1   1   0   1   1   1
Leu TTA   0   0   0   0   0   0 |     TCA   0   0   0   0   0   0 | *** TAA   0   0   0   0   0   0 | *** TGA   0   0   0   0   0   0
    TTG   0   0   0   0   0   0 |     TCG   0   0   0   0   0   0 |     TAG   0   0   0   0   0   0 | Trp TGG   0   0   0   0   0   0
--------------------------------------------------------------------------------------------------------------------------------------
Leu CTT   0   0   0   0   0   0 | Pro CCT   1   0   0   0   0   0 | His CAT   0   0   0   0   0   0 | Arg CGT   0   0   0   0   0   0
    CTC   3   3   3   3   3   3 |     CCC   2   3   3   3   3   3 |     CAC   1   1   1   1   1   1 |     CGC   2   2   2   2   2   2
    CTA   0   0   0   0   0   0 |     CCA   0   0   0   0   0   0 | Gln CAA   0   0   0   0   0   0 |     CGA   1   0   0   0   0   0
    CTG   4   4   4   4   4   4 |     CCG   1   1   1   1   1   1 |     CAG   0   0   0   0   0   0 |     CGG   1   2   2   2   2   2
--------------------------------------------------------------------------------------------------------------------------------------
Ile ATT   0   0   0   0   0   0 | Thr ACT   0   0   1   0   0   0 | Asn AAT   0   0   0   0   0   0 | Ser AGT   0   0   0   0   0   0
    ATC   1   1   1   1   1   1 |     ACC   2   2   1   2   2   2 |     AAC   0   0   0   0   0   0 |     AGC   0   0   0   0   0   0
    ATA   0   0   0   0   0   0 |     ACA   0   0   0   0   0   0 | Lys AAA   0   0   0   0   0   0 | Arg AGA   0   0   0   0   0   0
Met ATG   2   2   2   2   2   2 |     ACG   0   0   0   0   0   0 |     AAG   2   3   3   3   3   3 |     AGG   1   0   0   0   0   0
--------------------------------------------------------------------------------------------------------------------------------------
Val GTT   0   0   0   0   1   0 | Ala GCT   2   1   1   1   2   1 | Asp GAT   0   0   0   0   0   0 | Gly GGT   0   0   0   0   1   0
    GTC   1   1   1   1   0   1 |     GCC   5   5   7   6   5   6 |     GAC   1   1   1   1   1   1 |     GGC   2   2   2   2   1   3
    GTA   0   0   0   0   0   0 |     GCA   1   3   1   1   2   1 | Glu GAA   0   0   0   0   0   0 |     GGA   1   1   1   2   1   1
    GTG   5   5   5   5   5   5 |     GCG   3   2   2   3   2   3 |     GAG   7   7   7   7   7   7 |     GGG   1   1   1   0   1   0
--------------------------------------------------------------------------------------------------------------------------------------

--------------------------------------------------------------------------------------------------------------------------------------
Phe TTT   0   0   0   0   0   0 | Ser TCT   0   0   0   0   0   0 | Tyr TAT   0   0   0   0   0   0 | Cys TGT   0   0   0   0   0   0
    TTC   5   5   5   5   5   5 |     TCC   0   0   0   0   0   0 |     TAC   0   0   0   0   0   0 |     TGC   1   1   1   1   1   1
Leu TTA   0   0   0   0   0   0 |     TCA   0   0   0   0   0   0 | *** TAA   0   0   0   0   0   0 | *** TGA   0   0   0   0   0   0
    TTG   0   0   0   0   0   0 |     TCG   0   0   0   0   0   0 |     TAG   0   0   0   0   0   0 | Trp TGG   0   0   0   0   0   0
--------------------------------------------------------------------------------------------------------------------------------------
Leu CTT   0   0   0   0   0   0 | Pro CCT   0   0   0   0   0   1 | His CAT   0   0   0   0   0   0 | Arg CGT   0   0   0   0   0   0
    CTC   3   3   3   3   3   3 |     CCC   3   3   3   3   3   2 |     CAC   1   1   1   1   1   1 |     CGC   2   2   2   3   2   2
    CTA   0   0   0   0   0   0 |     CCA   0   0   0   0   0   0 | Gln CAA   0   0   0   0   0   0 |     CGA   0   0   0   0   0   0
    CTG   4   4   4   4   4   4 |     CCG   1   1   1   1   1   1 |     CAG   0   0   0   0   0   0 |     CGG   2   2   2   2   2   2
--------------------------------------------------------------------------------------------------------------------------------------
Ile ATT   0   0   0   0   0   0 | Thr ACT   0   0   0   0   0   0 | Asn AAT   0   0   0   0   0   0 | Ser AGT   0   0   0   0   0   0
    ATC   1   1   1   1   1   1 |     ACC   2   2   2   2   2   2 |     AAC   0   0   0   0   0   0 |     AGC   0   0   0   0   0   0
    ATA   0   0   0   0   0   0 |     ACA   0   0   0   0   0   0 | Lys AAA   0   0   0   0   0   0 | Arg AGA   0   0   0   0   1   0
Met ATG   2   2   2   2   2   2 |     ACG   0   0   0   0   0   0 |     AAG   3   3   3   3   2   3 |     AGG   0   0   0   0   0   0
--------------------------------------------------------------------------------------------------------------------------------------
Val GTT   0   0   0   0   0   0 | Ala GCT   1   1   1   2   1   1 | Asp GAT   0   0   0   0   0   0 | Gly GGT   0   0   0   0   0   0
    GTC   1   1   1   1   1   1 |     GCC   6   6   6   5   5   7 |     GAC   1   1   1   1   1   1 |     GGC   2   2   2   2   2   2
    GTA   0   0   0   0   0   0 |     GCA   1   2   1   1   1   1 | Glu GAA   0   0   0   0   0   0 |     GGA   1   1   1   1   1   1
    GTG   5   5   5   4   5   5 |     GCG   3   2   3   3   4   2 |     GAG   7   7   7   7   7   7 |     GGG   1   1   1   1   1   1
--------------------------------------------------------------------------------------------------------------------------------------

--------------------------------------------------------------------------------------------------------------------------------------
Phe TTT   0   0   0   0   0   0 | Ser TCT   0   0   0   0   0   0 | Tyr TAT   0   0   0   0   0   0 | Cys TGT   0   0   1   0   0   0
    TTC   5   5   5   5   5   5 |     TCC   0   0   0   0   0   0 |     TAC   0   0   0   0   0   0 |     TGC   1   1   0   1   1   1
Leu TTA   0   0   0   0   0   0 |     TCA   0   0   0   0   0   0 | *** TAA   0   0   0   0   0   0 | *** TGA   0   0   0   0   0   0
    TTG   0   0   0   0   0   0 |     TCG   0   0   0   0   0   0 |     TAG   0   0   0   0   0   0 | Trp TGG   0   0   0   0   0   0
--------------------------------------------------------------------------------------------------------------------------------------
Leu CTT   0   0   0   0   0   1 | Pro CCT   0   0   0   0   0   0 | His CAT   0   0   0   0   0   0 | Arg CGT   0   0   0   0   0   0
    CTC   3   3   3   3   3   2 |     CCC   3   3   3   3   3   3 |     CAC   1   1   1   1   1   1 |     CGC   2   2   2   2   2   2
    CTA   0   0   0   0   0   0 |     CCA   0   0   0   0   0   0 | Gln CAA   0   0   0   0   0   0 |     CGA   0   0   0   0   0   0
    CTG   4   4   4   4   4   4 |     CCG   1   1   1   1   1   1 |     CAG   0   0   0   0   0   0 |     CGG   2   2   2   2   2   2
--------------------------------------------------------------------------------------------------------------------------------------
Ile ATT   0   0   0   0   0   0 | Thr ACT   0   0   1   0   0   0 | Asn AAT   0   0   0   0   0   0 | Ser AGT   0   0   0   0   0   0
    ATC   1   1   1   1   1   1 |     ACC   2   2   1   2   2   2 |     AAC   0   0   0   0   0   0 |     AGC   0   0   0   0   0   0
    ATA   0   0   0   0   0   0 |     ACA   0   0   0   0   0   0 | Lys AAA   0   0   0   0   0   0 | Arg AGA   0   0   0   0   0   0
Met ATG   2   2   2   2   2   2 |     ACG   0   0   0   0   0   0 |     AAG   3   2   3   3   3   3 |     AGG   0   1   0   0   0   0
--------------------------------------------------------------------------------------------------------------------------------------
Val GTT   0   0   0   0   0   0 | Ala GCT   1   1   1   1   1   2 | Asp GAT   0   0   0   0   0   0 | Gly GGT   0   0   0   0   0   0
    GTC   1   1   1   1   1   1 |     GCC   6   6   7   7   6   5 |     GAC   1   1   1   1   1   1 |     GGC   2   2   2   2   2   2
    GTA   0   0   0   0   0   0 |     GCA   2   1   1   1   2   1 | Glu GAA   1   0   0   0   0   0 |     GGA   1   1   1   1   1   1
    GTG   5   5   5   5   5   5 |     GCG   2   3   2   2   2   3 |     GAG   6   7   7   7   7   7 |     GGG   1   1   1   1   1   1
--------------------------------------------------------------------------------------------------------------------------------------

--------------------------------------------------------------------------------------------------------------------------------------
Phe TTT   0   0   0   0   0   0 | Ser TCT   0   0   0   0   0   0 | Tyr TAT   0   0   0   0   0   0 | Cys TGT   0   0   0   0   0   0
    TTC   5   5   5   5   5   5 |     TCC   0   0   0   0   0   0 |     TAC   0   0   0   0   0   0 |     TGC   1   1   1   1   1   1
Leu TTA   0   0   0   0   0   0 |     TCA   0   0   0   0   0   0 | *** TAA   0   0   0   0   0   0 | *** TGA   0   0   0   0   0   0
    TTG   0   0   0   1   0   0 |     TCG   0   0   0   0   0   0 |     TAG   0   0   0   0   0   0 | Trp TGG   0   0   0   0   0   0
--------------------------------------------------------------------------------------------------------------------------------------
Leu CTT   0   0   0   1   0   0 | Pro CCT   0   0   0   1   0   0 | His CAT   0   0   0   0   0   0 | Arg CGT   0   0   0   0   0   0
    CTC   3   3   3   2   3   3 |     CCC   3   3   3   2   3   3 |     CAC   1   1   1   1   1   1 |     CGC   2   2   2   2   2   2
    CTA   0   0   0   0   0   0 |     CCA   0   0   0   0   0   0 | Gln CAA   0   0   0   0   0   0 |     CGA   0   0   0   0   0   0
    CTG   4   4   4   3   4   4 |     CCG   1   1   1   1   1   1 |     CAG   0   0   0   0   0   0 |     CGG   2   2   2   2   2   2
--------------------------------------------------------------------------------------------------------------------------------------
Ile ATT   0   0   0   0   0   0 | Thr ACT   0   0   0   0   0   0 | Asn AAT   0   0   0   0   0   0 | Ser AGT   0   0   0   0   0   0
    ATC   1   1   1   1   1   1 |     ACC   2   2   2   2   2   2 |     AAC   0   0   0   0   0   0 |     AGC   0   0   0   0   0   0
    ATA   0   0   0   0   0   0 |     ACA   0   0   0   0   0   0 | Lys AAA   0   1   0   0   0   0 | Arg AGA   0   0   0   0   0   0
Met ATG   2   2   2   2   2   2 |     ACG   0   0   0   0   0   0 |     AAG   2   2   3   3   3   3 |     AGG   1   0   0   0   0   0
--------------------------------------------------------------------------------------------------------------------------------------
Val GTT   0   0   0   0   0   0 | Ala GCT   1   1   1   2   1   1 | Asp GAT   0   0   0   0   0   0 | Gly GGT   0   0   0   0   0   0
    GTC   1   1   1   1   1   1 |     GCC   6   6   6   6   5   5 |     GAC   1   1   1   1   1   1 |     GGC   2   2   2   2   2   2
    GTA   0   0   0   0   0   0 |     GCA   1   1   2   1   3   3 | Glu GAA   0   0   0   0   0   0 |     GGA   1   1   1   1   1   1
    GTG   5   5   5   5   5   5 |     GCG   3   3   2   2   2   2 |     GAG   7   7   7   7   7   7 |     GGG   1   1   1   1   1   1
--------------------------------------------------------------------------------------------------------------------------------------

Codon position x base (3x4) table for each sequence.

#1: Argali         
position  1:    T:0.10169    C:0.27119    A:0.13559    G:0.49153
position  2:    T:0.35593    C:0.28814    A:0.20339    G:0.15254
position  3:    T:0.01695    C:0.45763    A:0.03390    G:0.49153
Average         T:0.15819    C:0.33898    A:0.12429    G:0.37853

#2: LesserMouseDeer
position  1:    T:0.11864    C:0.25424    A:0.11864    G:0.50847
position  2:    T:0.33898    C:0.30508    A:0.20339    G:0.15254
position  3:    T:0.01695    C:0.50847    A:0.03390    G:0.44068
Average         T:0.15819    C:0.35593    A:0.11864    G:0.36723

#3: LesserKudu     
position  1:    T:0.10169    C:0.27119    A:0.13559    G:0.49153
position  2:    T:0.35593    C:0.28814    A:0.20339    G:0.15254
position  3:    T:0.01695    C:0.45763    A:0.06780    G:0.45763
Average         T:0.15819    C:0.33898    A:0.13559    G:0.36723

#4: ForestMuskDeer2
position  1:    T:0.11864    C:0.25424    A:0.13559    G:0.49153
position  2:    T:0.35593    C:0.28814    A:0.20339    G:0.15254
position  3:    T:0.06780    C:0.44068    A:0.03390    G:0.45763
Average         T:0.18079    C:0.32768    A:0.12429    G:0.36723

#5: Camel          
position  1:    T:0.11864    C:0.27119    A:0.15254    G:0.45763
position  2:    T:0.35593    C:0.28814    A:0.20339    G:0.15254
position  3:    T:0.06780    C:0.45763    A:0.01695    G:0.45763
Average         T:0.18079    C:0.33898    A:0.12429    G:0.35593

#6: KillerWhale    
position  1:    T:0.10169    C:0.27119    A:0.13559    G:0.49153
position  2:    T:0.35593    C:0.28814    A:0.20339    G:0.15254
position  3:    T:0.00000    C:0.49153    A:0.00000    G:0.50847
Average         T:0.15254    C:0.35028    A:0.11299    G:0.38418

#7: DefassaWaterbuck
position  1:    T:0.10169    C:0.27119    A:0.13559    G:0.49153
position  2:    T:0.35593    C:0.28814    A:0.20339    G:0.15254
position  3:    T:0.05085    C:0.44068    A:0.03390    G:0.47458
Average         T:0.16949    C:0.33333    A:0.12429    G:0.37288

#8: Sheep          
position  1:    T:0.10169    C:0.27119    A:0.13559    G:0.49153
position  2:    T:0.35593    C:0.28814    A:0.20339    G:0.15254
position  3:    T:0.01695    C:0.45763    A:0.03390    G:0.49153
Average         T:0.15819    C:0.33898    A:0.12429    G:0.37853

#9: MaxwellsDuiker 
position  1:    T:0.10169    C:0.27119    A:0.13559    G:0.49153
position  2:    T:0.35593    C:0.28814    A:0.20339    G:0.15254
position  3:    T:0.01695    C:0.47458    A:0.03390    G:0.47458
Average         T:0.15819    C:0.34463    A:0.12429    G:0.37288

#10: GazellaPrzewalskyi
position  1:    T:0.10169    C:0.27119    A:0.13559    G:0.49153
position  2:    T:0.35593    C:0.28814    A:0.18644    G:0.16949
position  3:    T:0.01695    C:0.47458    A:0.03390    G:0.47458
Average         T:0.15819    C:0.34463    A:0.11864    G:0.37853

#11: MountainNyala  
position  1:    T:0.10169    C:0.27119    A:0.13559    G:0.49153
position  2:    T:0.35593    C:0.28814    A:0.20339    G:0.15254
position  3:    T:0.01695    C:0.45763    A:0.08475    G:0.44068
Average         T:0.15819    C:0.33898    A:0.14124    G:0.36158

#12: MuntiacusMuntjak
position  1:    T:0.10169    C:0.27119    A:0.13559    G:0.49153
position  2:    T:0.35593    C:0.28814    A:0.20339    G:0.15254
position  3:    T:0.05085    C:0.45763    A:0.03390    G:0.45763
Average         T:0.16949    C:0.33898    A:0.12429    G:0.36723

#13: goat           
position  1:    T:0.10169    C:0.27119    A:0.13559    G:0.49153
position  2:    T:0.35593    C:0.28814    A:0.20339    G:0.15254
position  3:    T:0.01695    C:0.47458    A:0.03390    G:0.47458
Average         T:0.15819    C:0.34463    A:0.12429    G:0.37288

#14: AfricanBuffalo 
position  1:    T:0.10169    C:0.27119    A:0.13559    G:0.49153
position  2:    T:0.35593    C:0.28814    A:0.20339    G:0.15254
position  3:    T:0.01695    C:0.45763    A:0.05085    G:0.47458
Average         T:0.15819    C:0.33898    A:0.12994    G:0.37288

#15: Topi           
position  1:    T:0.10169    C:0.27119    A:0.13559    G:0.49153
position  2:    T:0.35593    C:0.28814    A:0.20339    G:0.15254
position  3:    T:0.01695    C:0.49153    A:0.03390    G:0.45763
Average         T:0.15819    C:0.35028    A:0.12429    G:0.36723

#16: CommonDuiker   
position  1:    T:0.10169    C:0.27119    A:0.13559    G:0.49153
position  2:    T:0.35593    C:0.28814    A:0.20339    G:0.15254
position  3:    T:0.01695    C:0.47458    A:0.05085    G:0.45763
Average         T:0.15819    C:0.34463    A:0.12994    G:0.36723

#17: Suni           
position  1:    T:0.11864    C:0.25424    A:0.15254    G:0.47458
position  2:    T:0.35593    C:0.28814    A:0.20339    G:0.15254
position  3:    T:0.01695    C:0.47458    A:0.03390    G:0.47458
Average         T:0.16384    C:0.33898    A:0.12994    G:0.36723

#18: Springbuck     
position  1:    T:0.10169    C:0.27119    A:0.15254    G:0.47458
position  2:    T:0.35593    C:0.28814    A:0.18644    G:0.16949
position  3:    T:0.01695    C:0.47458    A:0.03390    G:0.47458
Average         T:0.15819    C:0.34463    A:0.12429    G:0.37288

#19: Okapi          
position  1:    T:0.10169    C:0.27119    A:0.13559    G:0.49153
position  2:    T:0.35593    C:0.28814    A:0.20339    G:0.15254
position  3:    T:0.03390    C:0.47458    A:0.03390    G:0.45763
Average         T:0.16384    C:0.34463    A:0.12429    G:0.36723

#20: Giraffe        
position  1:    T:0.10169    C:0.27119    A:0.13559    G:0.49153
position  2:    T:0.35593    C:0.28814    A:0.20339    G:0.15254
position  3:    T:0.06780    C:0.44068    A:0.03390    G:0.45763
Average         T:0.17514    C:0.33333    A:0.12429    G:0.36723

#21: TibetanAntelope
position  1:    T:0.10169    C:0.27119    A:0.13559    G:0.49153
position  2:    T:0.35593    C:0.28814    A:0.20339    G:0.15254
position  3:    T:0.01695    C:0.45763    A:0.05085    G:0.47458
Average         T:0.15819    C:0.33898    A:0.12994    G:0.37288

#22: Sitatunga      
position  1:    T:0.10169    C:0.27119    A:0.13559    G:0.49153
position  2:    T:0.35593    C:0.28814    A:0.20339    G:0.15254
position  3:    T:0.01695    C:0.45763    A:0.08475    G:0.44068
Average         T:0.15819    C:0.33898    A:0.14124    G:0.36158

#23: Oribi          
position  1:    T:0.10169    C:0.27119    A:0.13559    G:0.49153
position  2:    T:0.35593    C:0.28814    A:0.18644    G:0.16949
position  3:    T:0.01695    C:0.47458    A:0.05085    G:0.45763
Average         T:0.15819    C:0.34463    A:0.12429    G:0.37288

#24: BarbarySheep   
position  1:    T:0.10169    C:0.27119    A:0.13559    G:0.49153
position  2:    T:0.35593    C:0.28814    A:0.20339    G:0.15254
position  3:    T:0.01695    C:0.47458    A:0.03390    G:0.47458
Average         T:0.15819    C:0.34463    A:0.12429    G:0.37288

#25: Daviddeer      
position  1:    T:0.10169    C:0.27119    A:0.13559    G:0.49153
position  2:    T:0.35593    C:0.28814    A:0.20339    G:0.15254
position  3:    T:0.01695    C:0.47458    A:0.06780    G:0.44068
Average         T:0.15819    C:0.34463    A:0.13559    G:0.36158

#26: Reindeer       
position  1:    T:0.10169    C:0.27119    A:0.13559    G:0.49153
position  2:    T:0.35593    C:0.28814    A:0.20339    G:0.15254
position  3:    T:0.01695    C:0.49153    A:0.03390    G:0.45763
Average         T:0.15819    C:0.35028    A:0.12429    G:0.36723

#27: Ibex           
position  1:    T:0.10169    C:0.27119    A:0.13559    G:0.49153
position  2:    T:0.35593    C:0.28814    A:0.20339    G:0.15254
position  3:    T:0.01695    C:0.47458    A:0.03390    G:0.47458
Average         T:0.15819    C:0.34463    A:0.12429    G:0.37288

#28: GyrantGazelle  
position  1:    T:0.10169    C:0.27119    A:0.13559    G:0.49153
position  2:    T:0.35593    C:0.28814    A:0.18644    G:0.16949
position  3:    T:0.01695    C:0.47458    A:0.05085    G:0.45763
Average         T:0.15819    C:0.34463    A:0.12429    G:0.37288

#29: Hartebeest     
position  1:    T:0.10169    C:0.27119    A:0.13559    G:0.49153
position  2:    T:0.35593    C:0.28814    A:0.20339    G:0.15254
position  3:    T:0.01695    C:0.49153    A:0.03390    G:0.45763
Average         T:0.15819    C:0.35028    A:0.12429    G:0.36723

#30: Bongo          
position  1:    T:0.10169    C:0.27119    A:0.13559    G:0.49153
position  2:    T:0.35593    C:0.28814    A:0.20339    G:0.15254
position  3:    T:0.01695    C:0.45763    A:0.10169    G:0.42373
Average         T:0.15819    C:0.33898    A:0.14689    G:0.35593

#31: Gerenuk        
position  1:    T:0.10169    C:0.27119    A:0.13559    G:0.49153
position  2:    T:0.35593    C:0.28814    A:0.18644    G:0.16949
position  3:    T:0.05085    C:0.44068    A:0.05085    G:0.45763
Average         T:0.16949    C:0.33333    A:0.12429    G:0.37288

#32: CommonEland    
position  1:    T:0.10169    C:0.27119    A:0.13559    G:0.49153
position  2:    T:0.35593    C:0.28814    A:0.20339    G:0.15254
position  3:    T:0.01695    C:0.45763    A:0.06780    G:0.45763
Average         T:0.15819    C:0.33898    A:0.13559    G:0.36723

#33: MuntiacusReevesi
position  1:    T:0.10169    C:0.27119    A:0.13559    G:0.49153
position  2:    T:0.35593    C:0.28814    A:0.20339    G:0.15254
position  3:    T:0.05085    C:0.45763    A:0.03390    G:0.45763
Average         T:0.16949    C:0.33898    A:0.12429    G:0.36723

#34: HarveysDuiker  
position  1:    T:0.10169    C:0.27119    A:0.13559    G:0.49153
position  2:    T:0.35593    C:0.28814    A:0.20339    G:0.15254
position  3:    T:0.03390    C:0.45763    A:0.05085    G:0.45763
Average         T:0.16384    C:0.33898    A:0.12994    G:0.36723

#35: Pronghorn      
position  1:    T:0.10169    C:0.27119    A:0.13559    G:0.49153
position  2:    T:0.35593    C:0.28814    A:0.20339    G:0.15254
position  3:    T:0.06780    C:0.42373    A:0.05085    G:0.45763
Average         T:0.17514    C:0.32768    A:0.12994    G:0.36723

#36: BlueWildebeest 
position  1:    T:0.10169    C:0.27119    A:0.13559    G:0.49153
position  2:    T:0.35593    C:0.28814    A:0.20339    G:0.15254
position  3:    T:0.01695    C:0.49153    A:0.03390    G:0.45763
Average         T:0.15819    C:0.35028    A:0.12429    G:0.36723

#37: Gemsbok        
position  1:    T:0.10169    C:0.27119    A:0.13559    G:0.49153
position  2:    T:0.35593    C:0.28814    A:0.20339    G:0.15254
position  3:    T:0.01695    C:0.47458    A:0.03390    G:0.47458
Average         T:0.15819    C:0.34463    A:0.12429    G:0.37288

#38: Yak            
position  1:    T:0.10169    C:0.27119    A:0.13559    G:0.49153
position  2:    T:0.35593    C:0.28814    A:0.20339    G:0.15254
position  3:    T:0.01695    C:0.47458    A:0.05085    G:0.45763
Average         T:0.15819    C:0.34463    A:0.12994    G:0.36723

#39: BlueSheep      
position  1:    T:0.10169    C:0.27119    A:0.13559    G:0.49153
position  2:    T:0.35593    C:0.28814    A:0.20339    G:0.15254
position  3:    T:0.01695    C:0.47458    A:0.03390    G:0.47458
Average         T:0.15819    C:0.34463    A:0.12429    G:0.37288

#40: BohorReedbuck  
position  1:    T:0.10169    C:0.28814    A:0.13559    G:0.47458
position  2:    T:0.33898    C:0.28814    A:0.20339    G:0.16949
position  3:    T:0.03390    C:0.47458    A:0.03390    G:0.45763
Average         T:0.15819    C:0.35028    A:0.12429    G:0.36723

#41: KirksDik       
position  1:    T:0.10169    C:0.27119    A:0.13559    G:0.49153
position  2:    T:0.35593    C:0.28814    A:0.18644    G:0.16949
position  3:    T:0.01695    C:0.45763    A:0.05085    G:0.47458
Average         T:0.15819    C:0.33898    A:0.12429    G:0.37853

#42: RoeDeer        
position  1:    T:0.10169    C:0.27119    A:0.13559    G:0.49153
position  2:    T:0.35593    C:0.28814    A:0.20339    G:0.15254
position  3:    T:0.03390    C:0.47458    A:0.03390    G:0.45763
Average         T:0.16384    C:0.34463    A:0.12429    G:0.36723

#43: WhiteLippedDeer
position  1:    T:0.10169    C:0.27119    A:0.13559    G:0.49153
position  2:    T:0.35593    C:0.28814    A:0.20339    G:0.15254
position  3:    T:0.01695    C:0.47458    A:0.06780    G:0.44068
Average         T:0.15819    C:0.34463    A:0.13559    G:0.36158

#44: ThomsonGazelle 
position  1:    T:0.10169    C:0.27119    A:0.13559    G:0.49153
position  2:    T:0.35593    C:0.28814    A:0.18644    G:0.16949
position  3:    T:0.01695    C:0.47458    A:0.03390    G:0.47458
Average         T:0.15819    C:0.34463    A:0.11864    G:0.37853

#45: MuntiacusCrinifrons
position  1:    T:0.10169    C:0.27119    A:0.13559    G:0.49153
position  2:    T:0.35593    C:0.28814    A:0.20339    G:0.15254
position  3:    T:0.05085    C:0.45763    A:0.03390    G:0.45763
Average         T:0.16949    C:0.33898    A:0.12429    G:0.36723

#46: WhiteTailedDeer
position  1:    T:0.10169    C:0.27119    A:0.13559    G:0.49153
position  2:    T:0.35593    C:0.28814    A:0.20339    G:0.15254
position  3:    T:0.01695    C:0.49153    A:0.03390    G:0.45763
Average         T:0.15819    C:0.35028    A:0.12429    G:0.36723

#47: Cattle         
position  1:    T:0.10169    C:0.27119    A:0.13559    G:0.49153
position  2:    T:0.35593    C:0.28814    A:0.20339    G:0.15254
position  3:    T:0.01695    C:0.47458    A:0.05085    G:0.45763
Average         T:0.15819    C:0.34463    A:0.12994    G:0.36723

#48: RoyalAntelope  
position  1:    T:0.10169    C:0.27119    A:0.13559    G:0.49153
position  2:    T:0.35593    C:0.28814    A:0.20339    G:0.15254
position  3:    T:0.05085    C:0.44068    A:0.03390    G:0.47458
Average         T:0.16949    C:0.33333    A:0.12429    G:0.37288

#49: Steenbok       
position  1:    T:0.10169    C:0.27119    A:0.13559    G:0.49153
position  2:    T:0.35593    C:0.28814    A:0.18644    G:0.16949
position  3:    T:0.01695    C:0.47458    A:0.03390    G:0.47458
Average         T:0.15819    C:0.34463    A:0.11864    G:0.37853

#50: Impala         
position  1:    T:0.10169    C:0.27119    A:0.13559    G:0.49153
position  2:    T:0.35593    C:0.28814    A:0.20339    G:0.15254
position  3:    T:0.01695    C:0.47458    A:0.05085    G:0.45763
Average         T:0.15819    C:0.34463    A:0.12994    G:0.36723

#51: Klipspringer   
position  1:    T:0.10169    C:0.27119    A:0.13559    G:0.49153
position  2:    T:0.35593    C:0.28814    A:0.20339    G:0.15254
