CODONML (in paml version 4.10.7, June 2023)  /home/rachel/ruminants_paml/6406-phy-tree/ENSBTAT00000045223.fasta.phy
Model: free dN/dS Ratios for branches,  kappa = 2.000 fixed

Codon frequency model: F3x4
ns =  54  ls = 133

Codon usage in sequences
--------------------------------------------------------------------------------------------------------------------------------------
Phe TTT   7   7   6   6   6   5 | Ser TCT   2   2   2   2   3   2 | Tyr TAT   1   2   1   1   3   3 | Cys TGT   2   2   2   2   2   2
    TTC   1   2   2   2   2   3 |     TCC   2   2   2   2   2   2 |     TAC   6   5   6   6   4   4 |     TGC   2   2   2   2   2   2
Leu TTA   3   4   3   4   2   2 |     TCA   0   1   0   0   0   0 | *** TAA   0   0   0   0   0   0 | *** TGA   0   0   0   0   0   0
    TTG   4   5   4   3   6   6 |     TCG   1   0   0   0   0   0 |     TAG   0   0   0   0   0   0 | Trp TGG   5   5   5   5   5   5
--------------------------------------------------------------------------------------------------------------------------------------
Leu CTT   2   2   2   2   2   2 | Pro CCT   2   2   2   2   2   2 | His CAT   0   2   1   0   0   0 | Arg CGT   1   0   1   1   1   2
    CTC   3   1   1   1   1   1 |     CCC   3   2   3   3   2   3 |     CAC   5   5   4   5   5   5 |     CGC   1   0   1   1   1   1
    CTA   1   1   1   1   1   2 |     CCA   1   1   1   1   2   1 | Gln CAA   3   3   3   3   2   1 |     CGA   0   0   0   0   0   0
    CTG   3   4   5   5   4   3 |     CCG   0   0   0   0   0   0 |     CAG   4   5   4   4   5   6 |     CGG   2   0   2   2   2   1
--------------------------------------------------------------------------------------------------------------------------------------
Ile ATT   4   6   5   5   7   6 | Thr ACT   2   2   2   2   1   1 | Asn AAT   4   3   4   4   3   3 | Ser AGT   1   0   1   1   1   1
    ATC   4   3   3   3   3   2 |     ACC   0   0   0   0   0   0 |     AAC   1   2   1   1   2   2 |     AGC   1   2   1   1   1   1
    ATA   3   2   3   3   2   3 |     ACA   4   4   4   4   5   5 | Lys AAA   2   2   2   2   2   2 | Arg AGA   4   7   4   4   4   4
Met ATG   4   6   4   4   4   5 |     ACG   1   1   2   2   1   1 |     AAG   1   2   1   1   1   1 |     AGG   1   0   1   1   1   1
--------------------------------------------------------------------------------------------------------------------------------------
Val GTT   3   1   3   4   2   3 | Ala GCT   2   2   2   2   2   3 | Asp GAT   0   0   0   0   0   1 | Gly GGT   0   0   0   0   0   0
    GTC   1   2   1   1   1   1 |     GCC   1   1   1   1   1   1 |     GAC   2   2   2   2   2   1 |     GGC   1   2   1   1   1   1
    GTA   0   1   0   0   0   0 |     GCA   7   4   7   7   7   7 | Glu GAA   3   4   3   4   3   3 |     GGA   4   1   4   4   4   4
    GTG   2   1   2   1   2   1 |     GCG   0   2   0   0   0   0 |     GAG   3   1   3   2   3   3 |     GGG   0   0   0   0   0   0
--------------------------------------------------------------------------------------------------------------------------------------

--------------------------------------------------------------------------------------------------------------------------------------
Phe TTT   6   6   6   6   6   6 | Ser TCT   2   2   2   2   2   2 | Tyr TAT   1   1   1   1   1   1 | Cys TGT   2   2   3   2   2   2
    TTC   2   2   2   2   2   2 |     TCC   2   2   2   2   2   2 |     TAC   6   6   6   6   6   6 |     TGC   2   2   1   2   2   2
Leu TTA   3   3   3   4   3   3 |     TCA   0   0   0   0   0   0 | *** TAA   0   0   0   0   0   0 | *** TGA   0   0   0   0   0   0
    TTG   4   4   4   3   4   4 |     TCG   0   1   0   0   0   0 |     TAG   0   0   0   0   0   0 | Trp TGG   5   5   5   5   5   5
--------------------------------------------------------------------------------------------------------------------------------------
Leu CTT   2   2   2   2   2   2 | Pro CCT   2   2   2   2   2   2 | His CAT   0   0   0   0   0   0 | Arg CGT   1   1   1   1   1   1
    CTC   1   3   1   1   1   1 |     CCC   3   3   3   3   3   3 |     CAC   5   5   5   5   5   5 |     CGC   1   1   1   1   1   1
    CTA   1   1   1   1   1   2 |     CCA   1   1   1   1   1   1 | Gln CAA   3   3   3   3   3   3 |     CGA   0   0   0   0   0   0
    CTG   5   3   5   5   5   4 |     CCG   0   0   0   0   0   0 |     CAG   4   4   4   4   4   4 |     CGG   2   2   2   2   2   2
--------------------------------------------------------------------------------------------------------------------------------------
Ile ATT   3   4   4   4   5   4 | Thr ACT   2   2   2   2   2   2 | Asn AAT   4   4   4   4   4   4 | Ser AGT   1   1   1   1   1   1
    ATC   4   4   4   4   3   4 |     ACC   0   0   0   1   0   0 |     AAC   1   1   1   1   1   1 |     AGC   1   1   1   1   1   1
    ATA   3   3   3   3   3   3 |     ACA   4   4   4   4   4   4 | Lys AAA   2   2   2   2   2   2 | Arg AGA   4   4   4   4   4   4
Met ATG   4   4   4   4   4   4 |     ACG   2   1   2   1   2   2 |     AAG   1   1   1   1   1   1 |     AGG   1   1   1   1   1   1
--------------------------------------------------------------------------------------------------------------------------------------
Val GTT   4   3   3   3   3   3 | Ala GCT   2   2   2   2   2   2 | Asp GAT   0   0   0   0   0   0 | Gly GGT   0   0   0   0   0   0
    GTC   1   1   1   1   1   1 |     GCC   1   1   1   1   1   1 |     GAC   2   2   2   2   2   2 |     GGC   1   1   1   1   1   1
    GTA   0   0   0   0   0   0 |     GCA   7   7   7   7   7   7 | Glu GAA   3   3   3   3   3   3 |     GGA   4   4   4   4   4   4
    GTG   2   2   2   2   2   2 |     GCG   0   0   0   0   0   0 |     GAG   3   3   3   3   3   3 |     GGG   0   0   0   0   0   0
--------------------------------------------------------------------------------------------------------------------------------------

--------------------------------------------------------------------------------------------------------------------------------------
Phe TTT   6   6   6   6   6   6 | Ser TCT   2   2   2   2   2   2 | Tyr TAT   1   0   1   1   1   1 | Cys TGT   2   2   2   3   2   2
    TTC   2   2   2   2   2   2 |     TCC   2   1   2   2   2   2 |     TAC   6   7   6   6   6   6 |     TGC   2   2   2   1   2   2
Leu TTA   3   3   3   3   3   2 |     TCA   0   0   0   0   0   0 | *** TAA   0   0   0   0   0   0 | *** TGA   0   0   0   0   0   0
    TTG   4   4   4   4   4   5 |     TCG   0   0   0   0   0   0 |     TAG   0   0   0   0   0   0 | Trp TGG   5   5   5   5   5   5
--------------------------------------------------------------------------------------------------------------------------------------
Leu CTT   2   2   2   2   2   2 | Pro CCT   2   2   2   2   2   2 | His CAT   0   0   0   0   0   0 | Arg CGT   1   1   1   1   1   1
    CTC   3   1   3   1   1   2 |     CCC   3   3   3   3   3   3 |     CAC   5   5   5   5   5   5 |     CGC   1   1   1   1   1   1
    CTA   1   1   1   1   1   1 |     CCA   1   1   1   1   1   1 | Gln CAA   3   3   3   3   3   3 |     CGA   0   0   0   0   0   0
    CTG   3   4   3   5   5   4 |     CCG   0   0   0   0   0   0 |     CAG   4   4   4   4   4   4 |     CGG   2   2   2   2   2   2
--------------------------------------------------------------------------------------------------------------------------------------
Ile ATT   4   5   4   4   3   5 | Thr ACT   2   2   2   2   2   2 | Asn AAT   4   4   4   4   4   4 | Ser AGT   1   1   1   1   1   1
    ATC   4   3   4   4   4   3 |     ACC   0   1   0   0   0   0 |     AAC   1   1   1   1   1   1 |     AGC   1   1   1   1   1   1
    ATA   3   3   3   3   3   3 |     ACA   4   4   4   4   4   4 | Lys AAA   2   2   2   2   2   2 | Arg AGA   4   4   4   4   4   4
Met ATG   4   5   4   4   4   4 |     ACG   2   2   2   2   2   2 |     AAG   1   1   1   1   1   1 |     AGG   1   1   1   1   1   1
--------------------------------------------------------------------------------------------------------------------------------------
Val GTT   3   3   3   3   4   3 | Ala GCT   2   2   2   2   2   2 | Asp GAT   0   0   0   0   0   0 | Gly GGT   0   0   0   0   0   0
    GTC   1   1   1   1   1   1 |     GCC   1   1   1   1   1   1 |     GAC   2   2   2   2   2   2 |     GGC   1   1   1   1   1   1
    GTA   0   0   0   0   0   0 |     GCA   7   7   6   7   7   7 | Glu GAA   3   3   3   3   3   3 |     GGA   4   4   4   4   4   4
    GTG   2   2   2   2   2   2 |     GCG   0   0   1   0   0   0 |     GAG   3   3   3   3   3   3 |     GGG   0   0   0   0   0   0
--------------------------------------------------------------------------------------------------------------------------------------

--------------------------------------------------------------------------------------------------------------------------------------
Phe TTT   6   6   6   6   6   6 | Ser TCT   2   2   2   2   2   2 | Tyr TAT   1   1   1   1   1   1 | Cys TGT   2   2   2   2   2   2
    TTC   2   2   2   2   2   2 |     TCC   2   2   2   2   2   2 |     TAC   6   6   6   6   6   6 |     TGC   2   2   2   2   2   2
Leu TTA   4   4   3   3   3   3 |     TCA   0   0   0   0   0   0 | *** TAA   0   0   0   0   0   0 | *** TGA   0   0   0   0   0   0
    TTG   3   3   4   4   4   4 |     TCG   0   0   0   0   0   0 |     TAG   0   0   0   0   0   0 | Trp TGG   5   5   5   5   5   5
--------------------------------------------------------------------------------------------------------------------------------------
Leu CTT   2   2   2   2   2   2 | Pro CCT   2   2   2   2   2   2 | His CAT   0   0   0   0   0   0 | Arg CGT   1   1   1   1   1   1
    CTC   1   1   3   1   1   3 |     CCC   3   3   3   3   3   3 |     CAC   5   5   5   5   5   5 |     CGC   1   1   1   1   1   1
    CTA   0   1   1   1   1   1 |     CCA   1   1   1   1   1   1 | Gln CAA   3   3   3   3   3   3 |     CGA   0   0   0   0   0   0
    CTG   6   5   3   5   5   3 |     CCG   0   0   0   0   0   0 |     CAG   4   4   4   4   4   4 |     CGG   2   2   2   2   2   2
--------------------------------------------------------------------------------------------------------------------------------------
Ile ATT   5   4   4   5   4   4 | Thr ACT   1   2   2   2   2   2 | Asn AAT   4   4   4   4   4   4 | Ser AGT   1   1   1   1   1   1
    ATC   3   3   4   3   4   4 |     ACC   0   0   0   0   0   0 |     AAC   1   1   1   1   1   1 |     AGC   1   1   1   1   1   1
    ATA   4   4   3   3   3   3 |     ACA   4   4   4   4   4   4 | Lys AAA   2   2   2   2   2   2 | Arg AGA   4   4   4   4   4   4
Met ATG   4   4   4   4   4   4 |     ACG   2   2   2   2   2   2 |     AAG   1   1   1   1   1   1 |     AGG   1   1   1   1   1   1
--------------------------------------------------------------------------------------------------------------------------------------
Val GTT   3   3   3   3   3   3 | Ala GCT   2   2   2   2   2   2 | Asp GAT   0   0   0   0   0   0 | Gly GGT   0   0   0   0   0   0
    GTC   1   1   1   1   1   1 |     GCC   1   1   2   1   1   1 |     GAC   2   2   2   2   2   2 |     GGC   1   1   1   1   1   1
    GTA   1   1   0   0   0   0 |     GCA   6   6   6   7   7   7 | Glu GAA   3   3   3   3   3   3 |     GGA   4   4   4   4   4   4
    GTG   2   2   2   2   2   2 |     GCG   0   0   0   0   0   0 |     GAG   3   3   3   3   3   3 |     GGG   0   0   0   0   0   0
--------------------------------------------------------------------------------------------------------------------------------------

--------------------------------------------------------------------------------------------------------------------------------------
Phe TTT   6   6   6   6   6   6 | Ser TCT   1   2   2   2   2   2 | Tyr TAT   1   1   1   1   1   1 | Cys TGT   2   2   2   2   2   2
    TTC   2   2   2   2   2   2 |     TCC   3   2   2   2   2   2 |     TAC   6   6   6   6   6   6 |     TGC   2   2   2   2   2   2
Leu TTA   4   4   3   3   3   3 |     TCA   0   0   0   0   0   0 | *** TAA   0   0   0   0   0   0 | *** TGA   0   0   0   0   0   0
    TTG   3   3   4   4   3   4 |     TCG   0   0   0   0   0   0 |     TAG   0   0   0   0   0   0 | Trp TGG   5   5   5   5   5   5
--------------------------------------------------------------------------------------------------------------------------------------
Leu CTT   2   2   2   2   2   2 | Pro CCT   2   2   2   2   2   2 | His CAT   0   0   0   0   0   0 | Arg CGT   1   1   1   1   1   1
    CTC   1   1   3   1   2   1 |     CCC   3   3   3   3   3   3 |     CAC   5   5   5   5   5   5 |     CGC   1   1   1   1   1   1
    CTA   1   1   1   1   1   1 |     CCA   1   1   1   1   1   1 | Gln CAA   3   3   3   3   3   3 |     CGA   0   0   0   0   0   0
    CTG   5   5   3   5   5   5 |     CCG   0   0   0   0   0   0 |     CAG   4   4   4   4   4   4 |     CGG   2   2   2   2   2   2
--------------------------------------------------------------------------------------------------------------------------------------
Ile ATT   4   4   4   5   4   5 | Thr ACT   2   2   2   2   2   2 | Asn AAT   4   4   4   4   4   4 | Ser AGT   1   1   1   1   1   1
    ATC   4   4   4   3   4   3 |     ACC   0   0   0   1   0   0 |     AAC   1   1   1   1   1   1 |     AGC   1   1   1   1   1   1
    ATA   3   3   3   3   3   3 |     ACA   4   4   4   5   4   4 | Lys AAA   2   2   2   2   2   2 | Arg AGA   4   4   4   4   4   4
Met ATG   4   4   4   4   4   4 |     ACG   2   2   2   0   2   2 |     AAG   1   1   1   1   1   1 |     AGG   1   1   1   1   1   1
--------------------------------------------------------------------------------------------------------------------------------------
Val GTT   3   3   3   3   3   3 | Ala GCT   2   2   2   2   2   2 | Asp GAT   0   0   0   0   0   0 | Gly GGT   0   1   0   0   0   0
    GTC   1   1   1   1   1   1 |     GCC   1   1   1   1   1   1 |     GAC   2   2   2   2   2   2 |     GGC   1   1   1   1   1   1
    GTA   0   0   0   0   0   0 |     GCA   6   7   7   7   7   7 | Glu GAA   3   3   3   3   3   3 |     GGA   4   3   4   4   4   4
    GTG   2   2   2   2   2   2 |     GCG   1   0   0   0   0   0 |     GAG   3   3   3   3   3   3 |     GGG   0   0   0   0   0   0
--------------------------------------------------------------------------------------------------------------------------------------

--------------------------------------------------------------------------------------------------------------------------------------
Phe TTT   6   6   6   6   6   6 | Ser TCT   2   2   2   2   2   2 | Tyr TAT   1   1   1   1   1   1 | Cys TGT   2   2   2   3   2   2
    TTC   2   2   2   2   3   2 |     TCC   2   2   2   2   2   2 |     TAC   6   6   6   6   6   6 |     TGC   2   2   2   1   2   2
Leu TTA   3   3   3   3   3   3 |     TCA   0   0   0   0   0   0 | *** TAA   0   0   0   0   0   0 | *** TGA   0   0   0   0   0   0
    TTG   4   4   4   4   3   4 |     TCG   0   0   0   0   0   0 |     TAG   0   0   0   0   0   0 | Trp TGG   5   5   5   5   5   5
--------------------------------------------------------------------------------------------------------------------------------------
Leu CTT   2   2   2   2   2   2 | Pro CCT   2   2   1   2   2   2 | His CAT   0   0   0   0   0   0 | Arg CGT   1   1   1   1   1   1
    CTC   1   1   1   1   1   2 |     CCC   3   3   4   3   3   3 |     CAC   5   5   5   5   5   5 |     CGC   1   1   1   1   1   1
    CTA   1   1   2   1   1   1 |     CCA   1   1   1   1   1   1 | Gln CAA   3   3   3   3   2   3 |     CGA   0   0   0   0   0   0
    CTG   5   5   4   5   5   4 |     CCG   0   0   0   0   0   0 |     CAG   4   4   4   4   5   4 |     CGG   2   2   2   2   2   2
--------------------------------------------------------------------------------------------------------------------------------------
Ile ATT   5   5   4   3   5   4 | Thr ACT   2   2   2   2   2   2 | Asn AAT   4   4   4   4   4   4 | Ser AGT   1   1   1   1   1   1
    ATC   3   3   4   4   3   4 |     ACC   0   0   0   0   0   0 |     AAC   1   1   1   1   1   1 |     AGC   1   1   1   1   1   1
    ATA   3   3   3   3   3   3 |     ACA   4   4   4   4   4   4 | Lys AAA   2   2   2   2   2   2 | Arg AGA   4   4   4   4   4   4
Met ATG   4   4   4   4   4   4 |     ACG   2   2   2   2   2   2 |     AAG   1   1   1   1   1   1 |     AGG   1   1   1   1   1   1
--------------------------------------------------------------------------------------------------------------------------------------
Val GTT   3   3   3   4   3   3 | Ala GCT   2   2   2   2   2   2 | Asp GAT   0   0   0   0   0   0 | Gly GGT   0   0   0   0   0   0
    GTC   1   1   1   1   1   1 |     GCC   1   1   1   1   1   1 |     GAC   2   2   2   2   2   2 |     GGC   1   1   1   1   1   1
    GTA   0   0   0   0   1   0 |     GCA   7   7   7   7   6   7 | Glu GAA   3   3   3   3   3   3 |     GGA   4   4   4   3   4   4
    GTG   2   2   2   2   2   2 |     GCG   0   0   0   0   0   0 |     GAG   3   3   3   3   3   3 |     GGG   0   0   0   1   0   0
--------------------------------------------------------------------------------------------------------------------------------------

--------------------------------------------------------------------------------------------------------------------------------------
Phe TTT   6   6   6   6   6   6 | Ser TCT   2   2   2   2   2   2 | Tyr TAT   1   1   1   1   1   1 | Cys TGT   2   2   2   2   2   2
    TTC   2   2   2   2   2   2 |     TCC   2   2   2   2   2   2 |     TAC   6   6   6   6   6   6 |     TGC   2   2   2   2   2   2
Leu TTA   3   3   3   3   3   4 |     TCA   0   0   0   0   0   0 | *** TAA   0   0   0   0   0   0 | *** TGA   0   0   0   0   0   0
    TTG   4   4   4   4   4   3 |     TCG   0   0   0   0   0   0 |     TAG   0   0   0   0   0   0 | Trp TGG   5   5   5   5   5   5
--------------------------------------------------------------------------------------------------------------------------------------
Leu CTT   2   2   2   2   2   3 | Pro CCT   2   2   2   2   2   2 | His CAT   0   0   0   0   0   0 | Arg CGT   1   1   1   1   1   1
    CTC   2   1   3   1   1   1 |     CCC   3   3   3   3   3   3 |     CAC   5   5   5   5   5   5 |     CGC   1   1   1   1   1   1
    CTA   1   1   1   1   1   1 |     CCA   1   1   1   1   1   1 | Gln CAA   2   3   3   3   3   3 |     CGA   0   0   0   0   0   0
    CTG   4   5   3   5   5   4 |     CCG   0   0   0   0   0   0 |     CAG   5   4   4   4   4   4 |     CGG   2   2   2   2   2   2
--------------------------------------------------------------------------------------------------------------------------------------
Ile ATT   4   4   4   3   4   3 | Thr ACT   2   2   2   2   2   2 | Asn AAT   4   4   4   4   4   4 | Ser AGT   1   1   1   1   1   1
    ATC   4   3   4   4   4   4 |     ACC   0   0   0   0   0   0 |     AAC   1   1   1   1   1   1 |     AGC   1   1   1   1   1   1
    ATA   3   3   3   3   3   3 |     ACA   4   4   4   5   4   4 | Lys AAA   2   2   2   2   2   2 | Arg AGA   4   4   4   4   4   4
Met ATG   4   4   4   4   4   4 |     ACG   2   2   2   1   2   2 |     AAG   1   1   1   1   1   1 |     AGG   1   1   1   1   1   1
--------------------------------------------------------------------------------------------------------------------------------------
Val GTT   3   4   3   4   3   4 | Ala GCT   2   1   2   2   2   2 | Asp GAT   0   0   0   0   0   0 | Gly GGT   0   0   0   0   0   0
    GTC   1   1   1   1   1   1 |     GCC   1   1   1   1   1   1 |     GAC   2   2   2   2   2   2 |     GGC   1   1   1   1   1   1
    GTA   0   0   0   0   0   0 |     GCA   7   7   7   7   7   6 | Glu GAA   3   3   3   3   3   3 |     GGA   4   4   4   4   4   4
    GTG   2   2   2   2   2   2 |     GCG   0   0   0   0   0   1 |     GAG   3   3   3   3   3   3 |     GGG   0   1   0   0   0   0
--------------------------------------------------------------------------------------------------------------------------------------

--------------------------------------------------------------------------------------------------------------------------------------
Phe TTT   6   6   6   6   6   6 | Ser TCT   2   2   2   2   2   2 | Tyr TAT   1   1   1   1   1   1 | Cys TGT   2   2   2   2   2   2
    TTC   2   2   2   2   2   2 |     TCC   2   2   2   2   2   2 |     TAC   6   6   6   6   6   6 |     TGC   2   2   2   2   2   2
Leu TTA   4   3   3   4   3   3 |     TCA   0   0   0   0   0   0 | *** TAA   0   0   0   0   0   0 | *** TGA   0   0   0   0   0   0
    TTG   3   4   4   3   4   4 |     TCG   0   0   0   0   0   0 |     TAG   0   0   0   0   0   0 | Trp TGG   5   5   5   5   5   5
--------------------------------------------------------------------------------------------------------------------------------------
Leu CTT   2   2   2   2   2   1 | Pro CCT   2   2   2   2   2   2 | His CAT   0   0   0   0   0   1 | Arg CGT   1   1   1   1   1   1
    CTC   1   1   1   1   1   1 |     CCC   3   3   3   3   3   3 |     CAC   5   5   5   5   5   4 |     CGC   1   1   1   1   1   1
    CTA   1   1   2   1   1   1 |     CCA   1   1   1   1   1   1 | Gln CAA   2   3   3   3   3   3 |     CGA   0   0   0   0   0   0
    CTG   5   5   4   5   5   6 |     CCG   0   0   0   0   0   0 |     CAG   5   4   4   4   4   4 |     CGG   2   2   2   2   2   2
--------------------------------------------------------------------------------------------------------------------------------------
Ile ATT   4   4   4   4   4   4 | Thr ACT   2   2   2   2   2   2 | Asn AAT   4   4   4   4   4   4 | Ser AGT   1   1   1   1   1   1
    ATC   4   4   4   4   2   4 |     ACC   0   1   0   0   0   0 |     AAC   1   1   1   1   1   1 |     AGC   1   1   1   1   1   1
    ATA   3   3   3   3   4   3 |     ACA   4   5   4   4   4   4 | Lys AAA   2   2   2   2   2   2 | Arg AGA   4   4   4   4   4   4
Met ATG   4   4   4   4   4   4 |     ACG   2   0   2   2   2   2 |     AAG   1   1   1   1   1   1 |     AGG   1   1   1   1   1   1
--------------------------------------------------------------------------------------------------------------------------------------
Val GTT   3   3   3   3   4   3 | Ala GCT   2   2   2   2   2   2 | Asp GAT   0   0   0   0   0   0 | Gly GGT   0   0   0   0   0   0
    GTC   1   1   1   1   1   1 |     GCC   1   1   1   1   1   1 |     GAC   2   2   2   2   2   2 |     GGC   1   1   1   1   1   1
    GTA   0   0   0   0   0   0 |     GCA   7   7   7   7   7   7 | Glu GAA   3   3   3   3   3   3 |     GGA   4   4   4   4   4   4
    GTG   2   2   2   2   2   2 |     GCG   0   0   0   0   0   0 |     GAG   3   3   3   3   3   3 |     GGG   0   0   0   0   0   0
--------------------------------------------------------------------------------------------------------------------------------------

--------------------------------------------------------------------------------------------------------------------------------------
Phe TTT   6   5   6   6   5   6 | Ser TCT   2   1   2   2   2   2 | Tyr TAT   1   1   1   1   1   1 | Cys TGT   2   2   2   2   2   2
    TTC   2   3   2   2   3   2 |     TCC   2   2   2   2   2   2 |     TAC   6   6   6   6   6   6 |     TGC   2   2   2   2   2   2
Leu TTA   3   1   3   4   3   3 |     TCA   0   0   0   0   0   0 | *** TAA   0   0   0   0   0   0 | *** TGA   0   0   0   0   0   0
    TTG   4   4   4   3   4   4 |     TCG   0   1   0   0   0   0 |     TAG   0   0   0   0   0   0 | Trp TGG   5   5   5   5   5   5
--------------------------------------------------------------------------------------------------------------------------------------
Leu CTT   2   1   2   2   2   2 | Pro CCT   2   2   2   2   2   2 | His CAT   0   0   0   0   0   0 | Arg CGT   1   1   1   1   1   1
    CTC   1   2   1   1   1   1 |     CCC   3   3   3   3   3   3 |     CAC   5   5   5   5   5   5 |     CGC   1   1   1   1   1   1
    CTA   1   3   1   1   1   1 |     CCA   1   1   1   1   1   1 | Gln CAA   3   3   3   3   3   3 |     CGA   0   0   0   0   0   0
    CTG   5   5   5   5   5   5 |     CCG   0   0   0   0   0   0 |     CAG   4   4   4   4   4   4 |     CGG   2   2   2   2   2   2
--------------------------------------------------------------------------------------------------------------------------------------
Ile ATT   4   2   4   4   5   5 | Thr ACT   2   2   2   2   2   2 | Asn AAT   4   5   4   4   4   4 | Ser AGT   1   1   1   1   1   1
    ATC   4   6   4   3   3   3 |     ACC   0   0   0   0   0   0 |     AAC   1   0   1   1   1   1 |     AGC   1   1   1   1   1   1
    ATA   3   1   3   3   3   3 |     ACA   4   4   4   4   4   4 | Lys AAA   2   2   2   2   2   2 | Arg AGA   4   4   4   4   4   4
Met ATG   4   5   4   4   4   4 |     ACG   2   2   2   2   2   2 |     AAG   1   1   1   1   1   1 |     AGG   1   1   1   1   1   1
--------------------------------------------------------------------------------------------------------------------------------------
Val GTT   3   2   3   4   3   3 | Ala GCT   2   3   2   2   2   2 | Asp GAT   0   0   0   0   0   0 | Gly GGT   0   0   0   0   0   0
    GTC   1   3   1   1   1   1 |     GCC   1   1   1   1   1   1 |     GAC   2   2   2   2   2   2 |     GGC   1   1   1   1   1   1
    GTA   0   0   0   0   0   0 |     GCA   7   6   7   7   7   7 | Glu GAA   3   3   3   4   3   3 |     GGA   4   4   4   4   4   4
    GTG   2   2   2   2   2   2 |     GCG   0   0   0   0   0   0 |     GAG   3   3   3   2   3   3 |     GGG   0   0   0   0   0   0
--------------------------------------------------------------------------------------------------------------------------------------

Codon position x base (3x4) table for each sequence.

#1: Argali         
position  1:    T:0.27068    C:0.23308    A:0.27820    G:0.21805
position  2:    T:0.33835    C:0.21053    A:0.26316    G:0.18797
position  3:    T:0.24812    C:0.25564    A:0.26316    G:0.23308
Average         T:0.28571    C:0.23308    A:0.26817    G:0.21303

#2: LesserMouseDeer
position  1:    T:0.29323    C:0.21053    A:0.31579    G:0.18045
position  2:    T:0.36090    C:0.19549    A:0.28571    G:0.15789
position  3:    T:0.24812    C:0.24812    A:0.26316    G:0.24060
Average         T:0.30075    C:0.21805    A:0.28822    G:0.19298

#3: LesserKudu     
position  1:    T:0.26316    C:0.23308    A:0.28571    G:0.21805
position  2:    T:0.33835    C:0.21053    A:0.26316    G:0.18797
position  3:    T:0.25564    C:0.23308    A:0.26316    G:0.24812
Average         T:0.28571    C:0.22556    A:0.27068    G:0.21805

#4: ForestMuskDeer2
position  1:    T:0.26316    C:0.23308    A:0.28571    G:0.21805
position  2:    T:0.33835    C:0.21053    A:0.26316    G:0.18797
position  3:    T:0.25564    C:0.24060    A:0.27820    G:0.22556
Average         T:0.28571    C:0.22807    A:0.27569    G:0.21053

#5: Camel          
position  1:    T:0.27820    C:0.22556    A:0.28571    G:0.21053
position  2:    T:0.33835    C:0.21053    A:0.26316    G:0.18797
position  3:    T:0.26316    C:0.22556    A:0.25564    G:0.25564
Average         T:0.29323    C:0.22055    A:0.26817    G:0.21805

#6: KillerWhale    
position  1:    T:0.27068    C:0.22556    A:0.28571    G:0.21805
position  2:    T:0.33835    C:0.21053    A:0.26316    G:0.18797
position  3:    T:0.27068    C:0.22556    A:0.25564    G:0.24812
Average         T:0.29323    C:0.22055    A:0.26817    G:0.21805

#7: DefassaWaterbuck
position  1:    T:0.26316    C:0.23308    A:0.27820    G:0.22556
position  2:    T:0.33835    C:0.21053    A:0.26316    G:0.18797
position  3:    T:0.24060    C:0.24812    A:0.26316    G:0.24812
Average         T:0.28070    C:0.23058    A:0.26817    G:0.22055

#8: Sheep          
position  1:    T:0.27068    C:0.23308    A:0.27820    G:0.21805
position  2:    T:0.33835    C:0.21053    A:0.26316    G:0.18797
position  3:    T:0.24060    C:0.26316    A:0.26316    G:0.23308
Average         T:0.28321    C:0.23559    A:0.26817    G:0.21303

#9: MaxwellsDuiker 
position  1:    T:0.26316    C:0.23308    A:0.28571    G:0.21805
position  2:    T:0.33835    C:0.21053    A:0.26316    G:0.18797
position  3:    T:0.24812    C:0.24060    A:0.26316    G:0.24812
Average         T:0.28321    C:0.22807    A:0.27068    G:0.21805

#10: GazellaPrzewalskyi
position  1:    T:0.26316    C:0.23308    A:0.28571    G:0.21805
position  2:    T:0.33835    C:0.21053    A:0.26316    G:0.18797
position  3:    T:0.24060    C:0.25564    A:0.27068    G:0.23308
Average         T:0.28070    C:0.23308    A:0.27318    G:0.21303

#11: MountainNyala  
position  1:    T:0.26316    C:0.23308    A:0.28571    G:0.21805
position  2:    T:0.33835    C:0.21053    A:0.26316    G:0.18797
position  3:    T:0.24812    C:0.24060    A:0.26316    G:0.24812
Average         T:0.28321    C:0.22807    A:0.27068    G:0.21805

#12: MuntiacusMuntjak
position  1:    T:0.26316    C:0.23308    A:0.28571    G:0.21805
position  2:    T:0.33835    C:0.21053    A:0.26316    G:0.18797
position  3:    T:0.24060    C:0.24812    A:0.27068    G:0.24060
Average         T:0.28070    C:0.23058    A:0.27318    G:0.21554

#13: goat           
position  1:    T:0.26316    C:0.23308    A:0.28571    G:0.21805
position  2:    T:0.33835    C:0.21053    A:0.26316    G:0.18797
position  3:    T:0.24060    C:0.26316    A:0.26316    G:0.23308
Average         T:0.28070    C:0.23559    A:0.27068    G:0.21303

#14: AfricanBuffalo 
position  1:    T:0.25564    C:0.22556    A:0.30075    G:0.21805
position  2:    T:0.33835    C:0.21053    A:0.26316    G:0.18797
position  3:    T:0.24060    C:0.24812    A:0.26316    G:0.24812
Average         T:0.27820    C:0.22807    A:0.27569    G:0.21805

#15: Topi           
position  1:    T:0.26316    C:0.23308    A:0.28571    G:0.21805
position  2:    T:0.33835    C:0.21053    A:0.26316    G:0.18797
position  3:    T:0.24060    C:0.26316    A:0.25564    G:0.24060
Average         T:0.28070    C:0.23559    A:0.26817    G:0.21554

#16: CommonDuiker   
position  1:    T:0.26316    C:0.23308    A:0.28571    G:0.21805
position  2:    T:0.33835    C:0.21053    A:0.26316    G:0.18797
position  3:    T:0.24812    C:0.24060    A:0.26316    G:0.24812
Average         T:0.28321    C:0.22807    A:0.27068    G:0.21805

#17: Suni           
position  1:    T:0.26316    C:0.23308    A:0.27820    G:0.22556
position  2:    T:0.33835    C:0.21053    A:0.26316    G:0.18797
position  3:    T:0.24060    C:0.24812    A:0.26316    G:0.24812
Average         T:0.28070    C:0.23058    A:0.26817    G:0.22055

#18: Springbuck     
position  1:    T:0.26316    C:0.23308    A:0.28571    G:0.21805
position  2:    T:0.33835    C:0.21053    A:0.26316    G:0.18797
position  3:    T:0.24812    C:0.24812    A:0.25564    G:0.24812
Average         T:0.28321    C:0.23058    A:0.26817    G:0.21805

#19: Okapi          
position  1:    T:0.26316    C:0.23308    A:0.28571    G:0.21805
position  2:    T:0.35338    C:0.19549    A:0.26316    G:0.18797
position  3:    T:0.24060    C:0.24060    A:0.27068    G:0.24812
Average         T:0.28571    C:0.22306    A:0.27318    G:0.21805

#20: Giraffe        
position  1:    T:0.26316    C:0.23308    A:0.28571    G:0.21805
position  2:    T:0.34586    C:0.20301    A:0.26316    G:0.18797
position  3:    T:0.24060    C:0.24060    A:0.27820    G:0.24060
Average         T:0.28321    C:0.22556    A:0.27569    G:0.21554

#21: TibetanAntelope
position  1:    T:0.26316    C:0.23308    A:0.28571    G:0.21805
position  2:    T:0.33835    C:0.21053    A:0.26316    G:0.18797
position  3:    T:0.24060    C:0.27068    A:0.25564    G:0.23308
Average         T:0.28070    C:0.23810    A:0.26817    G:0.21303

#22: Sitatunga      
position  1:    T:0.26316    C:0.23308    A:0.28571    G:0.21805
position  2:    T:0.33835    C:0.21053    A:0.26316    G:0.18797
position  3:    T:0.24812    C:0.24060    A:0.26316    G:0.24812
Average         T:0.28321    C:0.22807    A:0.27068    G:0.21805

#23: Oribi          
position  1:    T:0.26316    C:0.23308    A:0.28571    G:0.21805
position  2:    T:0.33835    C:0.21053    A:0.26316    G:0.18797
position  3:    T:0.24060    C:0.24812    A:0.26316    G:0.24812
Average         T:0.28070    C:0.23058    A:0.27068    G:0.21805

#24: BarbarySheep   
position  1:    T:0.26316    C:0.23308    A:0.28571    G:0.21805
position  2:    T:0.33835    C:0.21053    A:0.26316    G:0.18797
position  3:    T:0.24060    C:0.26316    A:0.26316    G:0.23308
Average         T:0.28070    C:0.23559    A:0.27068    G:0.21303

#25: Daviddeer      
position  1:    T:0.26316    C:0.23308    A:0.28571    G:0.21805
position  2:    T:0.33835    C:0.21053    A:0.26316    G:0.18797
position  3:    T:0.23308    C:0.25564    A:0.26316    G:0.24812
Average         T:0.27820    C:0.23308    A:0.27068    G:0.21805

#26: Reindeer       
position  1:    T:0.26316    C:0.23308    A:0.28571    G:0.21805
position  2:    T:0.33835    C:0.21053    A:0.26316    G:0.18797
position  3:    T:0.24812    C:0.24812    A:0.26316    G:0.24060
Average         T:0.28321    C:0.23058    A:0.27068    G:0.21554

#27: Ibex           
position  1:    T:0.26316    C:0.23308    A:0.28571    G:0.21805
position  2:    T:0.33835    C:0.21053    A:0.26316    G:0.18797
position  3:    T:0.24060    C:0.26316    A:0.26316    G:0.23308
Average         T:0.28070    C:0.23559    A:0.27068    G:0.21303

#28: GyrantGazelle  
position  1:    T:0.26316    C:0.23308    A:0.28571    G:0.21805
position  2:    T:0.33835    C:0.21053    A:0.26316    G:0.18797
position  3:    T:0.24812    C:0.24812    A:0.27068    G:0.23308
Average         T:0.28321    C:0.23058    A:0.27318    G:0.21303

#29: Hartebeest     
position  1:    T:0.25564    C:0.24060    A:0.28571    G:0.21805
position  2:    T:0.33835    C:0.21053    A:0.26316    G:0.18797
position  3:    T:0.24060    C:0.25564    A:0.26316    G:0.24060
Average         T:0.27820    C:0.23559    A:0.27068    G:0.21554

#30: Bongo          
position  1:    T:0.26316    C:0.23308    A:0.28571    G:0.21805
position  2:    T:0.33835    C:0.21053    A:0.26316    G:0.18797
position  3:    T:0.24812    C:0.24060    A:0.26316    G:0.24812
Average         T:0.28321    C:0.22807    A:0.27068    G:0.21805

#31: Gerenuk        
position  1:    T:0.26316    C:0.23308    A:0.28571    G:0.21805
position  2:    T:0.33835    C:0.21053    A:0.26316    G:0.18797
position  3:    T:0.24812    C:0.24060    A:0.26316    G:0.24812
Average         T:0.28321    C:0.22807    A:0.27068    G:0.21805

#32: CommonEland    
position  1:    T:0.26316    C:0.23308    A:0.28571    G:0.21805
position  2:    T:0.33835    C:0.21053    A:0.26316    G:0.18797
position  3:    T:0.24812    C:0.24060    A:0.26316    G:0.24812
Average         T:0.28321    C:0.22807    A:0.27068    G:0.21805

#33: MuntiacusReevesi
position  1:    T:0.26316    C:0.23308    A:0.28571    G:0.21805
position  2:    T:0.33835    C:0.21053    A:0.26316    G:0.18797
position  3:    T:0.23308    C:0.25564    A:0.27068    G:0.24060
Average         T:0.27820    C:0.23308    A:0.27318    G:0.21554

#34: HarveysDuiker  
position  1:    T:0.26316    C:0.23308    A:0.27820    G:0.22556
position  2:    T:0.33835    C:0.21053    A:0.26316    G:0.18797
position  3:    T:0.24812    C:0.24060    A:0.25564    G:0.25564
Average         T:0.28321    C:0.22807    A:0.26566    G:0.22306

#35: Pronghorn      
position  1:    T:0.26316    C:0.23308    A:0.28571    G:0.21805
position  2:    T:0.34586    C:0.20301    A:0.26316    G:0.18797
position  3:    T:0.24812    C:0.24812    A:0.25564    G:0.24812
Average         T:0.28571    C:0.22807    A:0.26817    G:0.21805

#36: BlueWildebeest 
position  1:    T:0.26316    C:0.23308    A:0.28571    G:0.21805
position  2:    T:0.33835    C:0.21053    A:0.26316    G:0.18797
position  3:    T:0.24060    C:0.25564    A:0.26316    G:0.24060
Average         T:0.28070    C:0.23308    A:0.27068    G:0.21554

#37: Gemsbok        
position  1:    T:0.26316    C:0.23308    A:0.28571    G:0.21805
position  2:    T:0.33835    C:0.21053    A:0.26316    G:0.18797
position  3:    T:0.24060    C:0.25564    A:0.25564    G:0.24812
Average         T:0.28070    C:0.23308    A:0.26817    G:0.21805

#38: Yak            
position  1:    T:0.26316    C:0.23308    A:0.27820    G:0.22556
position  2:    T:0.33835    C:0.20301    A:0.26316    G:0.19549
position  3:    T:0.24060    C:0.24060    A:0.26316    G:0.25564
Average         T:0.28070    C:0.22556    A:0.26817    G:0.22556

#39: BlueSheep      
position  1:    T:0.26316    C:0.23308    A:0.28571    G:0.21805
position  2:    T:0.33835    C:0.21053    A:0.26316    G:0.18797
position  3:    T:0.24060    C:0.26316    A:0.26316    G:0.23308
Average         T:0.28070    C:0.23559    A:0.27068    G:0.21303

#40: BohorReedbuck  
position  1:    T:0.26316    C:0.23308    A:0.27820    G:0.22556
position  2:    T:0.33835    C:0.21053    A:0.26316    G:0.18797
position  3:    T:0.24060    C:0.24812    A:0.27068    G:0.24060
Average         T:0.28070    C:0.23058    A:0.27068    G:0.21805

#41: KirksDik       
position  1:    T:0.26316    C:0.23308    A:0.28571    G:0.21805
position  2:    T:0.33835    C:0.21053    A:0.26316    G:0.18797
position  3:    T:0.24060    C:0.24812    A:0.26316    G:0.24812
Average         T:0.28070    C:0.23058    A:0.27068    G:0.21805

#42: RoeDeer        
position  1:    T:0.26316    C:0.23308    A:0.27820    G:0.22556
position  2:    T:0.33835    C:0.21053    A:0.26316    G:0.18797
position  3:    T:0.24812    C:0.24812    A:0.26316    G:0.24060
Average         T:0.28321    C:0.23058    A:0.26817    G:0.21805

#43: WhiteLippedDeer
position  1:    T:0.26316    C:0.23308    A:0.28571    G:0.21805
position  2:    T:0.33835    C:0.21053    A:0.26316    G:0.18797
position  3:    T:0.24060    C:0.24812    A:0.26316    G:0.24812
Average         T:0.28070    C:0.23058    A:0.27068    G:0.21805

#44: ThomsonGazelle 
position  1:    T:0.26316    C:0.23308    A:0.28571    G:0.21805
position  2:    T:0.33835    C:0.21053    A:0.26316    G:0.18797
position  3:    T:0.24060    C:0.25564    A:0.27068    G:0.23308
Average         T:0.28070    C:0.23308    A:0.27318    G:0.21303

#45: MuntiacusCrinifrons
position  1:    T:0.26316    C:0.23308    A:0.28571    G:0.21805
position  2:    T:0.33835    C:0.21053    A:0.26316    G:0.18797
position  3:    T:0.24060    C:0.24812    A:0.27068    G:0.24060
Average         T:0.28070    C:0.23058    A:0.27318    G:0.21554

#46: WhiteTailedDeer
position  1:    T:0.26316    C:0.23308    A:0.28571    G:0.21805
position  2:    T:0.33835    C:0.21053    A:0.26316    G:0.18797
position  3:    T:0.24060    C:0.24812    A:0.27068    G:0.24060
Average         T:0.28070    C:0.23058    A:0.27318    G:0.21554

#47: Cattle         
position  1:    T:0.26316    C:0.23308    A:0.27820    G:0.22556
position  2:    T:0.33835    C:0.21053    A:0.26316    G:0.18797
position  3:    T:0.24812    C:0.23308    A:0.27068    G:0.24812
Average         T:0.28321    C:0.22556    A:0.27068    G:0.22055

#48: RoyalAntelope  
position  1:    T:0.26316    C:0.23308    A:0.28571    G:0.21805
position  2:    T:0.33835    C:0.21053    A:0.26316    G:0.18797
position  3:    T:0.24060    C:0.24060    A:0.26316    G:0.25564
Average         T:0.28070    C:0.22807    A:0.27068    G:0.22055

#49: Steenbok       
position  1:    T:0.26316    C:0.23308    A:0.28571    G:0.21805
position  2:    T:0.33835    C:0.21053    A:0.26316    G:0.18797
position  3:    T:0.24060    C:0.24812    A:0.26316    G:0.24812
Average         T:0.28070    C:0.23058    A:0.27068    G:0.21805

#50: Impala         
position  1:    T:0.24812    C:0.24812    A:0.27820    G:0.22556
position  2:    T:0.33835    C:0.21053    A:0.26316    G:0.18797
position  3:    T:0.21053    C:0.28571    A:0.24060    G:0.26316
Average         T:0.26566    C:0.24812    A:0.26065    G:0.22556

#51: Klipspringer   
position  1:    T:0.26316    C:0.23308    A:0.28571    G:0.21805
position  2:    T:0.33835    C:0.21053    A:0.26316    G:0.18797
