1
52 1
Argali 0.000000 0.341000 0.247300 0.385100 0.130000 0.221300 0.058200 0.065100 0.129300 0.220500 0.000100 0.125400 0.058100 0.065000 0.115100 0.129300 0.282100 0.275100 0.000200 0.308100 0.130200 0.058000 0.221900 0.491600 0.000100 0.130300 0.115900 0.313900 0.249900 0.128000 0.220500 0.065100 0.279700 0.058100 0.058100 0.253200 0.000000 0.125400 0.335300 0.364400 0.221900 0.130300 0.220500 0.355600 0.253200 0.130300 0.066800 0.191900 0.242100 0.281400 0.249400 0.128000
LesserMous 0.341000 0.000000 0.474900 0.529400 0.432200 0.446400 0.408900 0.357700 0.346700 0.573800 0.341500 0.414500 0.405700 0.356300 0.382100 0.346700 0.536400 0.520700 0.334100 0.441200 0.434500 0.331700 0.577100 0.790700 0.341500 0.439600 0.478900 0.385300 0.402100 0.426800 0.573800 0.357700 0.501400 0.405700 0.409100 0.486500 0.341000 0.407700 0.691500 0.714700 0.577100 0.439600 0.573800 0.718700 0.486500 0.350600 0.361500 0.415100 0.455200 0.518900 0.552000 0.426800
LesserKudu 0.247300 0.474900 0.000000 0.584100 0.247400 0.269800 0.166500 0.183400 0.110300 0.348400 0.246300 0.110100 0.308100 0.184900 0.213800 0.110300 0.109500 0.232500 0.242000 0.214600 0.245800 0.305100 0.349900 0.609800 0.246300 0.250700 0.372500 0.218900 0.100400 0.112000 0.348400 0.183400 0.373100 0.308100 0.306400 0.100700 0.247300 0.238200 0.293900 0.490600 0.349900 0.250700 0.348400 0.474400 0.100700 0.247700 0.191700 0.051000 0.344900 0.378600 0.162600 0.112000
KillerWhal 0.385100 0.529400 0.584100 0.000000 0.450300 0.708000 0.463800 0.355700 0.425100 0.644500 0.357800 0.425400 0.459700 0.356300 0.521400 0.425100 0.421700 0.412700 0.375600 0.694000 0.449900 0.263800 0.642400 0.709600 0.357800 0.446600 0.542200 0.460500 0.368300 0.437800 0.644500 0.355700 0.606600 0.459700 0.464100 0.597200 0.385100 0.432500 0.498200 0.841800 0.642400 0.446600 0.644500 0.837700 0.597200 0.446000 0.360000 0.518700 0.365100 0.538400 0.612900 0.437800
DefassaWat 0.130000 0.432200 0.247400 0.450300 0.000000 0.390900 0.192500 0.066200 0.130500 0.226700 0.130100 0.127100 0.192400 0.065700 0.249600 0.130500 0.281600 0.276300 0.127200 0.310600 0.132800 0.194800 0.228100 0.330400 0.130100 0.132800 0.257600 0.323100 0.254900 0.129900 0.226700 0.066200 0.436500 0.192400 0.192600 0.255200 0.130000 0.126200 0.186500 0.368200 0.228100 0.132800 0.226700 0.364300 0.255200 0.132600 0.068000 0.193400 0.247700 0.438300 0.250700 0.129900
Sheep 0.221300 0.446400 0.269800 0.708000 0.390900 0.000000 0.282600 0.319000 0.210900 0.524200 0.217700 0.375000 0.284500 0.316300 0.185500 0.210900 0.366000 0.362600 0.210900 0.389100 0.394800 0.282900 0.530900 0.816300 0.217700 0.398000 0.351300 0.401700 0.333000 0.387800 0.524200 0.319000 0.356800 0.284500 0.278700 0.340000 0.221300 0.370000 0.641700 0.684900 0.530900 0.398000 0.524200 0.667900 0.340000 0.389600 0.317200 0.271600 0.491900 0.360100 0.412400 0.387800
MaxwellsDu 0.058200 0.408900 0.166500 0.463800 0.192500 0.282600 0.000000 0.127000 0.188400 0.291100 0.058000 0.057000 0.115200 0.128000 0.168000 0.188400 0.187700 0.336200 0.057000 0.224200 0.191300 0.114500 0.292700 0.568500 0.058000 0.192600 0.172800 0.227300 0.168500 0.057900 0.291100 0.127000 0.329200 0.115200 0.114600 0.169800 0.058200 0.185900 0.242900 0.435100 0.292700 0.192600 0.291100 0.425600 0.169800 0.193100 0.131600 0.114800 0.299000 0.334000 0.170400 0.057900
GazellaPrz 0.065100 0.357700 0.183400 0.355700 0.066200 0.319000 0.127000 0.000000 0.064900 0.151200 0.064800 0.063400 0.128300 0.000100 0.186400 0.064900 0.210100 0.206400 0.063800 0.245900 0.065600 0.128100 0.151500 0.429900 0.064800 0.066000 0.192900 0.251600 0.187200 0.064300 0.151200 0.000000 0.364600 0.128300 0.128000 0.189600 0.065100 0.063500 0.272400 0.296200 0.151500 0.066000 0.151200 0.289600 0.189600 0.066100 0.000600 0.127600 0.181800 0.370500 0.186600 0.064300
MountainNy 0.129300 0.346700 0.110300 0.425100 0.130500 0.210900 0.188400 0.064900 0.000000 0.222800 0.128700 0.125100 0.191400 0.065100 0.110700 0.000000 0.123000 0.122100 0.127000 0.304300 0.130200 0.191400 0.223300 0.492700 0.128700 0.129700 0.256600 0.313100 0.112100 0.127200 0.222800 0.064900 0.271500 0.191400 0.192200 0.113600 0.129300 0.124500 0.337000 0.366500 0.223300 0.129700 0.222800 0.355100 0.113600 0.130100 0.066100 0.056800 0.239100 0.276300 0.245000 0.127200
MuntiacusM 0.220500 0.573800 0.348400 0.644500 0.226700 0.524200 0.291100 0.151200 0.222800 0.000000 0.221500 0.217500 0.289900 0.150400 0.351100 0.222800 0.406800 0.399900 0.213300 0.419900 0.228800 0.294100 0.000100 0.280900 0.221500 0.227300 0.364700 0.439900 0.362100 0.222000 0.000000 0.151200 0.557800 0.289900 0.289300 0.361300 0.220500 0.215400 0.473300 0.142800 0.000100 0.227300 0.000000 0.140700 0.361300 0.225300 0.154900 0.294000 0.351100 0.562100 0.353800 0.222000
goat 0.000100 0.341500 0.246300 0.357800 0.130100 0.217700 0.058000 0.064800 0.128700 0.221500 0.000000 0.125200 0.058300 0.065000 0.114400 0.128700 0.281700 0.275200 0.000300 0.307300 0.129800 0.058200 0.222100 0.492600 0.000000 0.129900 0.116500 0.313200 0.248900 0.127700 0.221500 0.064800 0.278400 0.058300 0.058000 0.252700 0.000100 0.125200 0.336300 0.365400 0.222100 0.129900 0.221500 0.355500 0.252700 0.130000 0.066500 0.190600 0.241200 0.280000 0.248500 0.127700
AfricanBuf 0.125400 0.414500 0.110100 0.425400 0.127100 0.375000 0.057000 0.063400 0.125100 0.217500 0.125200 0.000000 0.186700 0.063500 0.241900 0.125100 0.123300 0.264900 0.122900 0.165800 0.127100 0.185300 0.218600 0.486100 0.125200 0.127500 0.250100 0.168600 0.111400 0.000200 0.217500 0.063400 0.417100 0.186700 0.184800 0.111400 0.125400 0.122500 0.179800 0.358000 0.218600 0.127500 0.217500 0.351000 0.111400 0.127400 0.065700 0.057100 0.237100 0.424900 0.112200 0.000200
Topi 0.058100 0.405700 0.308100 0.459700 0.192400 0.284500 0.115200 0.128300 0.191400 0.289900 0.058300 0.186700 0.000000 0.128200 0.170500 0.191400 0.353000 0.341300 0.057000 0.370100 0.192900 0.114300 0.292000 0.560600 0.058300 0.193200 0.053500 0.375600 0.310300 0.190300 0.289900 0.128300 0.333100 0.000000 0.115300 0.315300 0.058100 0.186100 0.400700 0.435400 0.292000 0.193200 0.289900 0.424200 0.315300 0.193300 0.131500 0.253800 0.301100 0.337300 0.311400 0.190300
CommonDuik 0.065000 0.356300 0.184900 0.356300 0.065700 0.316300 0.128000 0.000100 0.065100 0.150400 0.065000 0.063500 0.128200 0.000000 0.187000 0.065100 0.210000 0.205900 0.063600 0.247400 0.066200 0.129500 0.151200 0.434100 0.065000 0.066200 0.192400 0.256000 0.189600 0.064900 0.150400 0.000100 0.369100 0.128200 0.127800 0.189700 0.065000 0.063200 0.271400 0.294300 0.151200 0.066200 0.150400 0.288800 0.189700 0.066200 0.000700 0.128300 0.185200 0.370100 0.188000 0.064900
Suni 0.115100 0.382100 0.213800 0.521400 0.249600 0.185500 0.168000 0.186400 0.110700 0.351100 0.114400 0.241900 0.170500 0.187000 0.000000 0.110700 0.236700 0.234000 0.112900 0.269900 0.249400 0.169900 0.352100 0.421500 0.114400 0.247400 0.227300 0.422900 0.215000 0.245300 0.351100 0.186400 0.137800 0.170500 0.170500 0.219300 0.115100 0.240300 0.452600 0.317300 0.352100 0.247400 0.351100 0.305400 0.219300 0.249900 0.188200 0.163900 0.212700 0.138300 0.218000 0.245300
Springbuck 0.129300 0.346700 0.110300 0.425100 0.130500 0.210900 0.188400 0.064900 0.000000 0.222800 0.128700 0.125100 0.191400 0.065100 0.110700 0.000000 0.123000 0.122100 0.127000 0.304300 0.130200 0.191400 0.223300 0.492700 0.128700 0.129700 0.256600 0.313100 0.112100 0.127200 0.222800 0.064900 0.271500 0.191400 0.192200 0.113600 0.129300 0.124500 0.337000 0.366500 0.223300 0.129700 0.222800 0.355100 0.113600 0.130100 0.066100 0.056800 0.239100 0.276300 0.245000 0.127200
Okapi 0.282100 0.536400 0.109500 0.421700 0.281600 0.366000 0.187700 0.210100 0.123000 0.406800 0.281700 0.123300 0.353000 0.210000 0.236700 0.123000 0.000000 0.119800 0.276100 0.303200 0.282400 0.347300 0.410500 0.718300 0.281700 0.282000 0.428600 0.309400 0.110600 0.126400 0.406800 0.210100 0.410500 0.353000 0.351200 0.111600 0.282100 0.269100 0.334500 0.575000 0.410500 0.282000 0.406800 0.555600 0.111600 0.282700 0.215800 0.056500 0.391500 0.424300 0.245300 0.126400
Giraffe 0.275100 0.520700 0.232500 0.412700 0.276300 0.362600 0.336200 0.206400 0.122100 0.399900 0.275200 0.264900 0.341300 0.205900 0.234000 0.122100 0.119800 0.000000 0.270100 0.456300 0.277500 0.340200 0.403800 0.705300 0.275200 0.278800 0.413700 0.470000 0.236700 0.270800 0.399900 0.206400 0.406400 0.341300 0.341700 0.241800 0.275100 0.262900 0.513000 0.558000 0.403800 0.278800 0.399900 0.550000 0.241800 0.277400 0.209500 0.180800 0.382200 0.419600 0.392300 0.270800
TibetanAnt 0.000200 0.334100 0.242000 0.375600 0.127200 0.210900 0.057000 0.063800 0.127000 0.213300 0.000300 0.122900 0.057000 0.063600 0.112900 0.127000 0.276100 0.270100 0.000000 0.300800 0.127800 0.057000 0.215200 0.475500 0.000300 0.127600 0.114000 0.306400 0.244900 0.125500 0.213300 0.063800 0.273400 0.057000 0.056600 0.247200 0.000200 0.123600 0.327300 0.352000 0.215200 0.127600 0.213300 0.343600 0.247200 0.127000 0.065200 0.188600 0.237200 0.274100 0.243800 0.125500
Sitatunga 0.308100 0.441200 0.214600 0.694000 0.310600 0.389100 0.224200 0.245900 0.304300 0.419900 0.307300 0.165800 0.370100 0.247400 0.269900 0.304300 0.303200 0.456300 0.300800 0.000000 0.309300 0.364400 0.423100 0.485200 0.307300 0.314400 0.435100 0.091800 0.273700 0.168900 0.419900 0.245900 0.432400 0.370100 0.365900 0.276200 0.308100 0.299900 0.355400 0.374200 0.423100 0.314400 0.419900 0.365700 0.276200 0.312900 0.255400 0.223300 0.264500 0.437600 0.044800 0.168900
Oribi 0.130200 0.434500 0.245800 0.449900 0.132800 0.394800 0.191300 0.065600 0.130200 0.228800 0.129800 0.127100 0.192900 0.066200 0.249400 0.130200 0.282400 0.277500 0.127800 0.309300 0.000000 0.193000 0.229600 0.514100 0.129800 0.132500 0.258800 0.317900 0.251900 0.128900 0.228800 0.065600 0.429500 0.192900 0.193100 0.255600 0.130200 0.126900 0.345700 0.373700 0.229600 0.132500 0.228800 0.367600 0.255600 0.132600 0.067700 0.192600 0.243500 0.440100 0.249400 0.128900
BarbaryShe 0.058000 0.331700 0.305100 0.263800 0.194800 0.282900 0.114500 0.128100 0.191400 0.294100 0.058200 0.185300 0.114300 0.129500 0.169900 0.191400 0.347300 0.340200 0.057000 0.364400 0.193000 0.000000 0.291300 0.377100 0.058200 0.192900 0.171700 0.225600 0.168100 0.189100 0.294100 0.128100 0.203600 0.114300 0.115000 0.314300 0.058000 0.187000 0.399800 0.428700 0.291300 0.192900 0.294100 0.421200 0.314300 0.192400 0.131000 0.252500 0.163000 0.335800 0.306000 0.189100
Daviddeer 0.221900 0.577100 0.349900 0.642400 0.228100 0.530900 0.292700 0.151500 0.223300 0.000100 0.222100 0.218600 0.292000 0.151200 0.352100 0.223300 0.410500 0.403800 0.215200 0.423100 0.229600 0.291300 0.000000 0.278800 0.222100 0.227900 0.368300 0.435900 0.358100 0.223000 0.000100 0.151500 0.552100 0.292000 0.291300 0.363700 0.221900 0.216200 0.480000 0.143900 0.000000 0.227900 0.000100 0.140100 0.363700 0.226500 0.155200 0.294400 0.347600 0.566800 0.356000 0.223000
Reindeer 0.491600 0.790700 0.609800 0.709600 0.330400 0.816300 0.568500 0.429900 0.492700 0.280900 0.492600 0.486100 0.560600 0.434100 0.421500 0.492700 0.718300 0.705300 0.475500 0.485200 0.514100 0.377100 0.278800 0.000000 0.492600 0.325400 0.643900 0.514900 0.440700 0.501200 0.280900 0.429900 0.442200 0.560600 0.562500 0.443400 0.491600 0.483700 0.562000 0.245000 0.278800 0.325400 0.280900 0.113300 0.443400 0.503000 0.434000 0.569800 0.273800 0.447300 0.425500 0.501200
Ibex 0.000100 0.341500 0.246300 0.357800 0.130100 0.217700 0.058000 0.064800 0.128700 0.221500 0.000000 0.125200 0.058300 0.065000 0.114400 0.128700 0.281700 0.275200 0.000300 0.307300 0.129800 0.058200 0.222100 0.492600 0.000000 0.129900 0.116500 0.313200 0.248900 0.127700 0.221500 0.064800 0.278400 0.058300 0.058000 0.252700 0.000100 0.125200 0.336300 0.365400 0.222100 0.129900 0.221500 0.355500 0.252700 0.130000 0.066500 0.190600 0.241200 0.280000 0.248500 0.127700
GyrantGaze 0.130300 0.439600 0.250700 0.446600 0.132800 0.398000 0.192600 0.066000 0.129700 0.227300 0.129900 0.127500 0.193200 0.066200 0.247400 0.129700 0.282000 0.278800 0.127600 0.314400 0.132500 0.192900 0.227900 0.325400 0.129900 0.000000 0.259000 0.323000 0.251500 0.129600 0.227300 0.066000 0.428500 0.193200 0.193700 0.116900 0.130300 0.126800 0.344500 0.369400 0.227900 0.000000 0.227300 0.197300 0.116900 0.132400 0.067400 0.191500 0.244000 0.282600 0.252900 0.129600
Hartebeest 0.115900 0.478900 0.372500 0.542200 0.257600 0.351300 0.172800 0.192900 0.256600 0.364700 0.116500 0.250100 0.053500 0.192400 0.227300 0.256600 0.428600 0.413700 0.114000 0.435100 0.258800 0.171700 0.368300 0.643900 0.116500 0.259000 0.000000 0.443600 0.376600 0.254800 0.364700 0.192900 0.390700 0.053500 0.173400 0.383600 0.115900 0.248000 0.478600 0.509900 0.368300 0.259000 0.364700 0.501100 0.383600 0.258700 0.197500 0.320200 0.363200 0.398700 0.375000 0.254800
Bongo 0.313900 0.385300 0.218900 0.460500 0.323100 0.401700 0.227300 0.251600 0.313100 0.439900 0.313200 0.168600 0.375600 0.256000 0.422900 0.313100 0.309400 0.470000 0.306400 0.091800 0.317900 0.225600 0.435900 0.514900 0.313200 0.323000 0.443600 0.000000 0.155300 0.172000 0.439900 0.251600 0.442200 0.375600 0.374500 0.283900 0.313900 0.308700 0.365600 0.567400 0.435900 0.323000 0.439900 0.565400 0.283900 0.319200 0.261700 0.228700 0.269400 0.631900 0.146200 0.172000
Gerenuk 0.249900 0.402100 0.100400 0.368300 0.254900 0.333000 0.168500 0.187200 0.112100 0.362100 0.248900 0.111400 0.310300 0.189600 0.215000 0.112100 0.110600 0.236700 0.244900 0.273700 0.251900 0.168100 0.358100 0.440700 0.248900 0.251500 0.376600 0.155300 0.000000 0.113800 0.362100 0.187200 0.245300 0.310300 0.311800 0.102800 0.249900 0.242700 0.301100 0.494200 0.358100 0.251500 0.362100 0.483700 0.102800 0.251000 0.191700 0.051700 0.212000 0.385300 0.220100 0.113800
CommonElan 0.128000 0.426800 0.112000 0.437800 0.129900 0.387800 0.057900 0.064300 0.127200 0.222000 0.127700 0.000200 0.190300 0.064900 0.245300 0.127200 0.126400 0.270800 0.125500 0.168900 0.128900 0.189100 0.223000 0.501200 0.127700 0.129600 0.254800 0.172000 0.113800 0.000000 0.222000 0.064300 0.422700 0.190300 0.189600 0.114400 0.128000 0.125000 0.184300 0.365500 0.223000 0.129600 0.222000 0.357800 0.114400 0.130200 0.066700 0.058200 0.240100 0.434500 0.114200 0.000000
MuntiacusR 0.220500 0.573800 0.348400 0.644500 0.226700 0.524200 0.291100 0.151200 0.222800 0.000000 0.221500 0.217500 0.289900 0.150400 0.351100 0.222800 0.406800 0.399900 0.213300 0.419900 0.228800 0.294100 0.000100 0.280900 0.221500 0.227300 0.364700 0.439900 0.362100 0.222000 0.000000 0.151200 0.557800 0.289900 0.289300 0.361300 0.220500 0.215400 0.473300 0.142800 0.000100 0.227300 0.000000 0.140700 0.361300 0.225300 0.154900 0.294000 0.351100 0.562100 0.353800 0.222000
HarveysDui 0.065100 0.357700 0.183400 0.355700 0.066200 0.319000 0.127000 0.000000 0.064900 0.151200 0.064800 0.063400 0.128300 0.000100 0.186400 0.064900 0.210100 0.206400 0.063800 0.245900 0.065600 0.128100 0.151500 0.429900 0.064800 0.066000 0.192900 0.251600 0.187200 0.064300 0.151200 0.000000 0.364600 0.128300 0.128000 0.189600 0.065100 0.063500 0.272400 0.296200 0.151500 0.066000 0.151200 0.289600 0.189600 0.066100 0.000600 0.127600 0.181800 0.370500 0.186600 0.064300
Pronghorn 0.279700 0.501400 0.373100 0.606600 0.436500 0.356800 0.329200 0.364600 0.271500 0.557800 0.278400 0.417100 0.333100 0.369100 0.137800 0.271500 0.410500 0.406400 0.273400 0.432400 0.429500 0.203600 0.552100 0.442200 0.278400 0.428500 0.390700 0.442200 0.245300 0.422700 0.557800 0.364600 0.000000 0.333100 0.333800 0.380200 0.279700 0.416000 0.650200 0.494800 0.552100 0.428500 0.557800 0.481300 0.380200 0.427600 0.368700 0.323700 0.242100 0.275200 0.379600 0.422700
BlueWildeb 0.058100 0.405700 0.308100 0.459700 0.192400 0.284500 0.115200 0.128300 0.191400 0.289900 0.058300 0.186700 0.000000 0.128200 0.170500 0.191400 0.353000 0.341300 0.057000 0.370100 0.192900 0.114300 0.292000 0.560600 0.058300 0.193200 0.053500 0.375600 0.310300 0.190300 0.289900 0.128300 0.333100 0.000000 0.115300 0.315300 0.058100 0.186100 0.400700 0.435400 0.292000 0.193200 0.289900 0.424200 0.315300 0.193300 0.131500 0.253800 0.301100 0.337300 0.311400 0.190300
Gemsbok 0.058100 0.409100 0.306400 0.464100 0.192600 0.278700 0.114600 0.128000 0.192200 0.289300 0.058000 0.184800 0.115300 0.127800 0.170500 0.192200 0.351200 0.341700 0.056600 0.365900 0.193100 0.115000 0.291300 0.562500 0.058000 0.193700 0.173400 0.374500 0.311800 0.189600 0.289300 0.128000 0.333800 0.115300 0.000000 0.315200 0.058100 0.185000 0.400400 0.430000 0.291300 0.193700 0.289300 0.422800 0.315200 0.192200 0.131200 0.254300 0.299600 0.335600 0.307600 0.189600
Yak 0.253200 0.486500 0.100700 0.597200 0.255200 0.340000 0.169800 0.189600 0.113600 0.361300 0.252700 0.111400 0.315300 0.189700 0.219300 0.113600 0.111600 0.241800 0.247200 0.276200 0.255600 0.314300 0.363700 0.443400 0.252700 0.116900 0.383600 0.283900 0.102800 0.114400 0.361300 0.189600 0.380200 0.315300 0.315200 0.000000 0.253200 0.243300 0.303100 0.505200 0.363700 0.116900 0.361300 0.316900 0.000000 0.254300 0.195600 0.052100 0.356500 0.253300 0.222400 0.114400
BlueSheep 0.000000 0.341000 0.247300 0.385100 0.130000 0.221300 0.058200 0.065100 0.129300 0.220500 0.000100 0.125400 0.058100 0.065000 0.115100 0.129300 0.282100 0.275100 0.000200 0.308100 0.130200 0.058000 0.221900 0.491600 0.000100 0.130300 0.115900 0.313900 0.249900 0.128000 0.220500 0.065100 0.279700 0.058100 0.058100 0.253200 0.000000 0.125400 0.335300 0.364400 0.221900 0.130300 0.220500 0.355600 0.253200 0.130300 0.066800 0.191900 0.242100 0.281400 0.249400 0.128000
BohorReedb 0.125400 0.407700 0.238200 0.432500 0.126200 0.370000 0.185900 0.063500 0.124500 0.215400 0.125200 0.122500 0.186100 0.063200 0.240300 0.124500 0.269100 0.262900 0.123600 0.299900 0.126900 0.187000 0.216200 0.483700 0.125200 0.126800 0.248000 0.308700 0.242700 0.125000 0.215400 0.063500 0.416000 0.186100 0.185000 0.243300 0.125400 0.000000 0.326200 0.353400 0.216200 0.126800 0.215400 0.345700 0.243300 0.127400 0.065700 0.184700 0.238800 0.417800 0.243200 0.125000
KirksDik 0.335300 0.691500 0.293900 0.498200 0.186500 0.641700 0.242900 0.272400 0.337000 0.473300 0.336300 0.179800 0.400700 0.271400 0.452600 0.337000 0.334500 0.513000 0.327300 0.355400 0.345700 0.399800 0.480000 0.562000 0.336300 0.344500 0.478600 0.365600 0.301100 0.184300 0.473300 0.272400 0.650200 0.400700 0.400400 0.303100 0.335300 0.326200 0.000000 0.620700 0.480000 0.344500 0.473300 0.625300 0.303100 0.342700 0.280700 0.245100 0.449500 0.480100 0.298000 0.184300
RoeDeer 0.364400 0.714700 0.490600 0.841800 0.368200 0.684900 0.435100 0.296200 0.366500 0.142800 0.365400 0.358000 0.435400 0.294300 0.317300 0.366500 0.575000 0.558000 0.352000 0.374200 0.373700 0.428700 0.143900 0.245000 0.365400 0.369400 0.509900 0.567400 0.494200 0.365500 0.142800 0.296200 0.494800 0.435400 0.430000 0.505200 0.364400 0.353400 0.620700 0.000000 0.143900 0.369400 0.142800 0.125500 0.505200 0.370400 0.302000 0.438900 0.308400 0.499800 0.317200 0.365500
WhiteLippe 0.221900 0.577100 0.349900 0.642400 0.228100 0.530900 0.292700 0.151500 0.223300 0.000100 0.222100 0.218600 0.292000 0.151200 0.352100 0.223300 0.410500 0.403800 0.215200 0.423100 0.229600 0.291300 0.000000 0.278800 0.222100 0.227900 0.368300 0.435900 0.358100 0.223000 0.000100 0.151500 0.552100 0.292000 0.291300 0.363700 0.221900 0.216200 0.480000 0.143900 0.000000 0.227900 0.000100 0.140100 0.363700 0.226500 0.155200 0.294400 0.347600 0.566800 0.356000 0.223000
ThomsonGaz 0.130300 0.439600 0.250700 0.446600 0.132800 0.398000 0.192600 0.066000 0.129700 0.227300 0.129900 0.127500 0.193200 0.066200 0.247400 0.129700 0.282000 0.278800 0.127600 0.314400 0.132500 0.192900 0.227900 0.325400 0.129900 0.000000 0.259000 0.323000 0.251500 0.129600 0.227300 0.066000 0.428500 0.193200 0.193700 0.116900 0.130300 0.126800 0.344500 0.369400 0.227900 0.000000 0.227300 0.197300 0.116900 0.132400 0.067400 0.191500 0.244000 0.282600 0.252900 0.129600
MuntiacusC 0.220500 0.573800 0.348400 0.644500 0.226700 0.524200 0.291100 0.151200 0.222800 0.000000 0.221500 0.217500 0.289900 0.150400 0.351100 0.222800 0.406800 0.399900 0.213300 0.419900 0.228800 0.294100 0.000100 0.280900 0.221500 0.227300 0.364700 0.439900 0.362100 0.222000 0.000000 0.151200 0.557800 0.289900 0.289300 0.361300 0.220500 0.215400 0.473300 0.142800 0.000100 0.227300 0.000000 0.140700 0.361300 0.225300 0.154900 0.294000 0.351100 0.562100 0.353800 0.222000
WhiteTaile 0.355600 0.718700 0.474400 0.837700 0.364300 0.667900 0.425600 0.289600 0.355100 0.140700 0.355500 0.351000 0.424200 0.288800 0.305400 0.355100 0.555600 0.550000 0.343600 0.365700 0.367600 0.421200 0.140100 0.113300 0.355500 0.197300 0.501100 0.565400 0.483700 0.357800 0.140700 0.289600 0.481300 0.424200 0.422800 0.316900 0.355600 0.345700 0.625300 0.125500 0.140100 0.197300 0.140700 0.000000 0.316900 0.362100 0.294900 0.424500 0.301800 0.332900 0.307800 0.357800
Cattle 0.253200 0.486500 0.100700 0.597200 0.255200 0.340000 0.169800 0.189600 0.113600 0.361300 0.252700 0.111400 0.315300 0.189700 0.219300 0.113600 0.111600 0.241800 0.247200 0.276200 0.255600 0.314300 0.363700 0.443400 0.252700 0.116900 0.383600 0.283900 0.102800 0.114400 0.361300 0.189600 0.380200 0.315300 0.315200 0.000000 0.253200 0.243300 0.303100 0.505200 0.363700 0.116900 0.361300 0.316900 0.000000 0.254300 0.195600 0.052100 0.356500 0.253300 0.222400 0.114400
RoyalAntel 0.130300 0.350600 0.247700 0.446000 0.132600 0.389600 0.193100 0.066100 0.130100 0.225300 0.130000 0.127400 0.193300 0.066200 0.249900 0.130100 0.282700 0.277400 0.127000 0.312900 0.132600 0.192400 0.226500 0.503000 0.130000 0.132400 0.258700 0.319200 0.251000 0.130200 0.225300 0.066100 0.427600 0.193300 0.192200 0.254300 0.130300 0.127400 0.342700 0.370400 0.226500 0.132400 0.225300 0.362100 0.254300 0.000000 0.067800 0.192800 0.246000 0.273100 0.253100 0.130200
Steenbok 0.066800 0.361500 0.191700 0.360000 0.068000 0.317200 0.131600 0.000600 0.066100 0.154900 0.066500 0.065700 0.131500 0.000700 0.188200 0.066100 0.215800 0.209500 0.065200 0.255400 0.067700 0.131000 0.155200 0.434000 0.066500 0.067400 0.197500 0.261700 0.191700 0.066700 0.154900 0.000600 0.368700 0.131500 0.131200 0.195600 0.066800 0.065700 0.280700 0.302000 0.155200 0.067400 0.154900 0.294900 0.195600 0.067800 0.000000 0.130300 0.186200 0.374900 0.194100 0.066700
Impala 0.191900 0.415100 0.051000 0.518700 0.193400 0.271600 0.114800 0.127600 0.056800 0.294000 0.190600 0.057100 0.253800 0.128300 0.163900 0.056800 0.056500 0.180800 0.188600 0.223300 0.192600 0.252500 0.294400 0.569800 0.190600 0.191500 0.320200 0.228700 0.051700 0.058200 0.294000 0.127600 0.323700 0.253800 0.254300 0.052100 0.191900 0.184700 0.245100 0.438900 0.294400 0.191500 0.294000 0.424500 0.052100 0.192800 0.130300 0.000000 0.297300 0.331900 0.169100 0.058200
Klipspring 0.242100 0.455200 0.344900 0.365100 0.247700 0.491900 0.299000 0.181800 0.239100 0.351100 0.241200 0.237100 0.301100 0.185200 0.212700 0.239100 0.391500 0.382200 0.237200 0.264500 0.243500 0.163000 0.347600 0.273800 0.241200 0.244000 0.363200 0.269400 0.212000 0.240100 0.351100 0.181800 0.242100 0.301100 0.299600 0.356500 0.242100 0.238800 0.449500 0.308400 0.347600 0.244000 0.351100 0.301800 0.356500 0.246000 0.186200 0.297300 0.000000 0.371600 0.213700 0.240100
ForestMusk 0.281400 0.518900 0.378600 0.538400 0.438300 0.360100 0.334000 0.370500 0.276300 0.562100 0.280000 0.424900 0.337300 0.370100 0.138300 0.276300 0.424300 0.419600 0.274100 0.437600 0.440100 0.335800 0.566800 0.447300 0.280000 0.282600 0.398700 0.631900 0.385300 0.434500 0.562100 0.370500 0.275200 0.337300 0.335600 0.253300 0.281400 0.417800 0.480100 0.499800 0.566800 0.282600 0.562100 0.332900 0.253300 0.273100 0.374900 0.331900 0.371600 0.000000 0.381800 0.434500
Bushbuck 0.249400 0.552000 0.162600 0.612900 0.250700 0.412400 0.170400 0.186600 0.245000 0.353800 0.248500 0.112200 0.311400 0.188000 0.218000 0.245000 0.245300 0.392300 0.243800 0.044800 0.249400 0.306000 0.356000 0.425500 0.248500 0.252900 0.375000 0.146200 0.220100 0.114200 0.353800 0.186600 0.379600 0.311400 0.307600 0.222400 0.249400 0.243200 0.298000 0.317200 0.356000 0.252900 0.353800 0.307800 0.222400 0.253100 0.194100 0.169100 0.213700 0.381800 0.000000 0.114200
GreaterKud 0.128000 0.426800 0.112000 0.437800 0.129900 0.387800 0.057900 0.064300 0.127200 0.222000 0.127700 0.000200 0.190300 0.064900 0.245300 0.127200 0.126400 0.270800 0.125500 0.168900 0.128900 0.189100 0.223000 0.501200 0.127700 0.129600 0.254800 0.172000 0.113800 0.000000 0.222000 0.064300 0.422700 0.190300 0.189600 0.114400 0.128000 0.125000 0.184300 0.365500 0.223000 0.129600 0.222000 0.357800 0.114400 0.130200 0.066700 0.058200 0.240100 0.434500 0.114200 0.000000
