1
52 1
Argali 0.000000 0.080300 0.027400 0.080500 0.013100 0.004500 0.106500 0.032200 0.022900 0.061400 0.000000 0.013600 0.013100 0.041900 0.018300 0.036800 0.013100 0.013100 0.013700 0.017400 0.022900 0.013600 0.056400 0.041800 0.000000 0.026100 0.013600 0.013700 0.041500 0.018200 0.066300 0.032100 0.032400 0.013600 0.022800 0.018200 0.008700 0.013000 0.032100 0.051700 0.061300 0.036800 0.056400 0.056300 0.013100 0.036800 0.027500 0.018200 0.021900 0.013100 0.018300 0.018200
LesserMous 0.080300 0.000000 0.090200 0.095500 0.065600 0.080300 0.199400 0.105400 0.095200 0.133100 0.080600 0.085200 0.095000 0.126900 0.090400 0.110700 0.075300 0.075300 0.085700 0.090100 0.085500 0.085200 0.116900 0.101200 0.080600 0.100400 0.095100 0.085200 0.105700 0.090200 0.138400 0.115800 0.085700 0.095000 0.105500 0.080400 0.090200 0.065600 0.115700 0.112000 0.122100 0.110600 0.132700 0.116700 0.075300 0.110700 0.100600 0.100200 0.105300 0.085200 0.090500 0.090100
LesserKudu 0.027400 0.090200 0.000000 0.100400 0.032200 0.030700 0.137700 0.060700 0.022900 0.076100 0.027600 0.022800 0.041300 0.070900 0.036900 0.055700 0.032000 0.032000 0.041700 0.008700 0.051200 0.032000 0.070900 0.056200 0.027600 0.055700 0.041300 0.013700 0.070300 0.018200 0.081000 0.060600 0.051300 0.041400 0.050900 0.025800 0.036700 0.032200 0.060500 0.065800 0.075900 0.065400 0.075900 0.070800 0.022800 0.055800 0.055800 0.046100 0.050800 0.032000 0.018300 0.009100
KillerWhal 0.080500 0.095500 0.100400 0.000000 0.075900 0.085500 0.200100 0.105600 0.095400 0.133600 0.080800 0.075500 0.095200 0.116900 0.090600 0.110900 0.075500 0.075500 0.085800 0.090300 0.085700 0.085400 0.117300 0.101500 0.080800 0.100600 0.095300 0.085400 0.095700 0.090400 0.138800 0.116100 0.085900 0.095200 0.105800 0.080600 0.090500 0.075900 0.116000 0.112400 0.122500 0.110900 0.133100 0.117000 0.075500 0.110900 0.100900 0.100500 0.105500 0.085400 0.090700 0.090300
DefassaWat 0.013100 0.065600 0.032200 0.075900 0.000000 0.013700 0.122600 0.046500 0.027600 0.071600 0.013800 0.018300 0.027500 0.056500 0.023000 0.041700 0.018300 0.018300 0.027700 0.022900 0.037100 0.018300 0.066400 0.051600 0.013800 0.041700 0.027500 0.018300 0.046500 0.022900 0.076500 0.046400 0.037200 0.027500 0.036900 0.022900 0.022900 0.000000 0.046400 0.061700 0.071300 0.051200 0.071400 0.066300 0.018300 0.041700 0.041800 0.032200 0.036900 0.017500 0.023000 0.022900
Sheep 0.004500 0.080300 0.030700 0.085500 0.013700 0.000000 0.111500 0.036900 0.027500 0.066400 0.004500 0.018200 0.018100 0.046700 0.022900 0.041500 0.018200 0.018200 0.018300 0.022800 0.027600 0.018200 0.061300 0.046600 0.004500 0.032100 0.018200 0.018300 0.046300 0.022800 0.071200 0.036800 0.037100 0.018200 0.027500 0.022800 0.013000 0.013700 0.036800 0.056600 0.066200 0.041500 0.061200 0.061100 0.018200 0.041600 0.032200 0.022800 0.027400 0.017400 0.022900 0.022800
MaxwellsDu 0.106500 0.199400 0.137700 0.200100 0.122600 0.111500 0.000000 0.133200 0.133000 0.161500 0.107300 0.122000 0.121700 0.123400 0.117700 0.148800 0.122100 0.122100 0.123200 0.127200 0.133400 0.122100 0.167300 0.144700 0.107300 0.138100 0.121800 0.122500 0.154500 0.127200 0.166900 0.111900 0.133300 0.111800 0.122300 0.127600 0.116800 0.122600 0.143400 0.162100 0.172900 0.149000 0.155400 0.161300 0.122100 0.127700 0.138400 0.116900 0.132600 0.122100 0.128100 0.127200
GazellaPrz 0.032200 0.105400 0.060700 0.105600 0.046500 0.036900 0.133200 0.000000 0.055900 0.086700 0.032300 0.046300 0.046200 0.066100 0.051300 0.041600 0.036900 0.036900 0.046600 0.051100 0.018300 0.046400 0.081300 0.066300 0.032300 0.013700 0.046200 0.046400 0.036900 0.051100 0.091600 0.056000 0.056300 0.046200 0.056000 0.051200 0.041600 0.046500 0.036800 0.076600 0.086400 0.022900 0.081300 0.081200 0.046400 0.070600 0.022900 0.051100 0.055900 0.046400 0.051300 0.051100
MountainNy 0.022900 0.095200 0.022900 0.095400 0.027600 0.027500 0.133000 0.055900 0.000000 0.081400 0.022900 0.018300 0.036800 0.066000 0.032200 0.051200 0.027500 0.027500 0.036900 0.013700 0.046500 0.027500 0.076100 0.061200 0.022900 0.051100 0.036800 0.009100 0.065700 0.013700 0.086400 0.056000 0.046500 0.036800 0.046400 0.022900 0.032200 0.027600 0.055900 0.071400 0.081100 0.060800 0.081200 0.076000 0.018300 0.051200 0.051300 0.041500 0.046300 0.027500 0.013700 0.013700
MuntiacusM 0.061400 0.133100 0.076100 0.133600 0.071600 0.066400 0.161500 0.086700 0.081400 0.000000 0.061900 0.071200 0.076000 0.102500 0.076700 0.096500 0.051800 0.051800 0.076900 0.066300 0.076700 0.071300 0.046900 0.032600 0.061900 0.081400 0.076100 0.071500 0.096700 0.076100 0.004400 0.091400 0.071700 0.076300 0.085700 0.076400 0.071300 0.071600 0.096500 0.051900 0.051700 0.091600 0.004600 0.046900 0.071300 0.081400 0.081500 0.081200 0.086200 0.071300 0.076600 0.059500
goat 0.000000 0.080600 0.027600 0.080800 0.013800 0.004500 0.107300 0.032300 0.022900 0.061900 0.000000 0.013700 0.013700 0.041800 0.018400 0.037000 0.013700 0.013700 0.013800 0.018300 0.023000 0.013700 0.056800 0.042100 0.000000 0.027600 0.013700 0.013700 0.041800 0.018300 0.066800 0.032300 0.032500 0.013700 0.023000 0.018400 0.009100 0.013800 0.032300 0.052100 0.061700 0.037100 0.056800 0.056700 0.013700 0.037100 0.027700 0.018300 0.022900 0.013700 0.018400 0.018300
AfricanBuf 0.013600 0.085200 0.022800 0.075500 0.018300 0.018200 0.122000 0.046300 0.018300 0.071200 0.013700 0.000000 0.027300 0.056300 0.022900 0.041500 0.018200 0.018200 0.027600 0.013600 0.037000 0.018200 0.066100 0.051400 0.013700 0.041500 0.027400 0.009100 0.055800 0.013600 0.076100 0.046300 0.037000 0.027400 0.036800 0.013600 0.022800 0.018300 0.046200 0.061400 0.071000 0.051000 0.071000 0.066000 0.008700 0.041500 0.041600 0.032100 0.036700 0.018200 0.013700 0.013200
Topi 0.013100 0.095000 0.041300 0.095200 0.027500 0.018100 0.121700 0.046200 0.036800 0.076000 0.013700 0.027300 0.000000 0.056100 0.022900 0.050800 0.026300 0.027400 0.027600 0.032000 0.036900 0.027300 0.061100 0.056100 0.013700 0.041400 0.008700 0.027400 0.055700 0.032000 0.080900 0.045600 0.046500 0.009000 0.036700 0.032100 0.021800 0.027500 0.046100 0.066200 0.066000 0.050900 0.070800 0.070700 0.026200 0.050900 0.041500 0.022700 0.036600 0.027400 0.032200 0.032000
CommonDuik 0.041900 0.126900 0.070900 0.116900 0.056500 0.046700 0.123400 0.066100 0.066000 0.102500 0.041800 0.056300 0.056100 0.000000 0.051600 0.080900 0.056300 0.056300 0.056600 0.061100 0.066200 0.056300 0.097100 0.076500 0.041800 0.071000 0.056200 0.056300 0.086000 0.061100 0.107600 0.046800 0.076300 0.046600 0.056400 0.061300 0.051400 0.056500 0.075900 0.092200 0.102200 0.081000 0.097000 0.091700 0.056300 0.071000 0.071200 0.051500 0.066000 0.056300 0.061300 0.061100
Suni 0.018300 0.090400 0.036900 0.090600 0.023000 0.022900 0.117700 0.051300 0.032200 0.076700 0.018400 0.022900 0.022900 0.051600 0.000000 0.056100 0.022900 0.022900 0.032400 0.027500 0.041800 0.022900 0.071500 0.056600 0.018400 0.046500 0.032200 0.022900 0.061000 0.027600 0.081700 0.041800 0.041900 0.022900 0.032300 0.027600 0.027600 0.023000 0.051300 0.066800 0.076500 0.056200 0.076500 0.071400 0.022900 0.046500 0.046600 0.018300 0.041700 0.022900 0.027600 0.027500
Springbuck 0.036800 0.110700 0.055700 0.110900 0.041700 0.041500 0.148800 0.041600 0.051200 0.096500 0.037000 0.041500 0.050800 0.080900 0.056100 0.000000 0.051000 0.051000 0.051400 0.046200 0.032200 0.051000 0.096200 0.080900 0.037000 0.027400 0.050900 0.041700 0.032200 0.046200 0.101600 0.070400 0.070900 0.051000 0.060600 0.046400 0.046200 0.041700 0.041400 0.091400 0.101300 0.036800 0.091100 0.096000 0.041500 0.075300 0.036800 0.055700 0.060500 0.051000 0.046500 0.046200
Okapi 0.013100 0.075300 0.032000 0.075500 0.018300 0.018200 0.122100 0.036900 0.027500 0.051800 0.013700 0.018200 0.026300 0.056300 0.022900 0.051000 0.000000 0.000000 0.027600 0.022800 0.027600 0.017500 0.056400 0.041900 0.013700 0.032100 0.027400 0.018200 0.046300 0.022800 0.056600 0.046300 0.027700 0.027400 0.036800 0.022800 0.022800 0.018300 0.046200 0.051700 0.061300 0.041600 0.051600 0.056300 0.018200 0.032200 0.032200 0.032100 0.036700 0.018200 0.022900 0.022800
Giraffe 0.013100 0.075300 0.032000 0.075500 0.018300 0.018200 0.122100 0.036900 0.027500 0.051800 0.013700 0.018200 0.027400 0.056300 0.022900 0.051000 0.000000 0.000000 0.027600 0.022800 0.027600 0.018200 0.056400 0.041900 0.013700 0.032100 0.027400 0.018200 0.046300 0.022800 0.056600 0.046300 0.027700 0.027400 0.036800 0.022800 0.022800 0.018300 0.046200 0.051700 0.061300 0.041600 0.051600 0.056300 0.018200 0.032200 0.032200 0.032100 0.034400 0.018200 0.022900 0.022800
TibetanAnt 0.013700 0.085700 0.041700 0.085800 0.027700 0.018300 0.123200 0.046600 0.036900 0.076900 0.013800 0.027600 0.027600 0.056600 0.032400 0.051400 0.027600 0.027600 0.000000 0.032300 0.037100 0.027600 0.071700 0.056700 0.013800 0.041800 0.027600 0.027600 0.056300 0.032300 0.081800 0.046600 0.046800 0.027600 0.037100 0.032400 0.023000 0.027700 0.046600 0.066900 0.076700 0.051400 0.071600 0.071500 0.027600 0.051500 0.041900 0.032300 0.037000 0.027600 0.032400 0.032300
Sitatunga 0.017400 0.090100 0.008700 0.090300 0.022900 0.022800 0.127200 0.051100 0.013700 0.066300 0.018300 0.013600 0.032000 0.061100 0.027500 0.046200 0.022800 0.022800 0.032300 0.000000 0.041700 0.022800 0.061200 0.046600 0.018300 0.046200 0.032000 0.004500 0.060600 0.009100 0.071200 0.051000 0.041800 0.032100 0.041500 0.018200 0.027400 0.022900 0.050900 0.056500 0.066100 0.055800 0.066100 0.061100 0.013600 0.046200 0.046300 0.036700 0.041400 0.022800 0.009100 0.000000
Oribi 0.022900 0.085500 0.051200 0.085700 0.037100 0.027600 0.133400 0.018300 0.046500 0.076700 0.023000 0.037000 0.036900 0.066200 0.041800 0.032200 0.027600 0.027600 0.037100 0.041700 0.000000 0.037000 0.071500 0.056600 0.023000 0.013700 0.036900 0.037000 0.027600 0.041700 0.081700 0.056100 0.037200 0.036900 0.046500 0.041800 0.032300 0.037100 0.027500 0.066800 0.076500 0.022900 0.071500 0.071400 0.037000 0.061000 0.013700 0.041700 0.046400 0.037000 0.041800 0.041700
BarbaryShe 0.013600 0.085200 0.032000 0.085400 0.018300 0.018200 0.122100 0.046400 0.027500 0.071300 0.013700 0.018200 0.027300 0.056300 0.022900 0.051000 0.017500 0.018200 0.027600 0.022800 0.037000 0.000000 0.066100 0.051400 0.013700 0.041500 0.027400 0.018200 0.055900 0.021800 0.076200 0.046200 0.037100 0.027400 0.036800 0.022800 0.022800 0.018300 0.046200 0.061400 0.071100 0.051000 0.071100 0.066000 0.018200 0.041500 0.041600 0.032100 0.036700 0.018200 0.022900 0.022800
Daviddeer 0.056400 0.116900 0.070900 0.117300 0.066400 0.061300 0.167300 0.081300 0.076100 0.046900 0.056800 0.066100 0.061100 0.097100 0.071500 0.096200 0.056400 0.056400 0.071700 0.061200 0.071500 0.066100 0.000000 0.023100 0.056800 0.076200 0.061200 0.066300 0.090400 0.070900 0.051700 0.086100 0.076700 0.061300 0.081100 0.061300 0.066100 0.065900 0.091100 0.023100 0.004600 0.086200 0.051800 0.037200 0.056400 0.086100 0.076300 0.076000 0.081000 0.066100 0.071400 0.061200
Reindeer 0.041800 0.101200 0.056200 0.101500 0.051600 0.046600 0.144700 0.066300 0.061200 0.032600 0.042100 0.051400 0.056100 0.076500 0.056600 0.080900 0.041900 0.041900 0.056700 0.046600 0.056600 0.051400 0.023100 0.000000 0.042100 0.061200 0.056100 0.051600 0.076000 0.056200 0.037300 0.066000 0.061700 0.056300 0.066100 0.046700 0.051400 0.051600 0.075900 0.027800 0.027800 0.071100 0.037400 0.013700 0.041800 0.066100 0.061300 0.061100 0.065900 0.051400 0.056500 0.046600
Ibex 0.000000 0.080600 0.027600 0.080800 0.013800 0.004500 0.107300 0.032300 0.022900 0.061900 0.000000 0.013700 0.013700 0.041800 0.018400 0.037000 0.013700 0.013700 0.013800 0.018300 0.023000 0.013700 0.056800 0.042100 0.000000 0.027600 0.013700 0.013700 0.041800 0.018300 0.066800 0.032300 0.032500 0.013700 0.023000 0.018400 0.009100 0.013800 0.032300 0.052100 0.061700 0.037100 0.056800 0.056700 0.013700 0.037100 0.027700 0.018300 0.022900 0.013700 0.018400 0.018300
GyrantGaze 0.026100 0.100400 0.055700 0.100600 0.041700 0.032100 0.138100 0.013700 0.051100 0.081400 0.027600 0.041500 0.041400 0.071000 0.046500 0.027400 0.032100 0.032100 0.041800 0.046200 0.013700 0.041500 0.076200 0.061200 0.027600 0.000000 0.041400 0.041600 0.022800 0.046200 0.086400 0.060700 0.051500 0.041500 0.051100 0.046300 0.036800 0.041700 0.032100 0.071400 0.081200 0.009100 0.076100 0.076000 0.041500 0.065600 0.018200 0.046200 0.051000 0.041500 0.046500 0.046200
Hartebeest 0.013600 0.095100 0.041300 0.095300 0.027500 0.018200 0.121800 0.046200 0.036800 0.076100 0.013700 0.027400 0.008700 0.056200 0.032200 0.050900 0.027400 0.027400 0.027600 0.032000 0.036900 0.027400 0.061200 0.056100 0.013700 0.041400 0.000000 0.027500 0.055700 0.032000 0.081000 0.041400 0.046500 0.009000 0.036700 0.032100 0.022700 0.027500 0.046100 0.066200 0.066000 0.050900 0.070900 0.070700 0.026500 0.050900 0.041500 0.032000 0.036600 0.027400 0.027500 0.032000
Bongo 0.013700 0.085200 0.013700 0.085400 0.018300 0.018300 0.122500 0.046400 0.009100 0.071500 0.013700 0.009100 0.027400 0.056300 0.022900 0.041700 0.018200 0.018200 0.027600 0.004500 0.037000 0.018200 0.066300 0.051600 0.013700 0.041600 0.027500 0.000000 0.056000 0.004500 0.076400 0.046400 0.037100 0.027400 0.036900 0.013700 0.022900 0.018300 0.046400 0.061600 0.071300 0.051200 0.071300 0.066200 0.009100 0.041700 0.041700 0.032200 0.036800 0.018200 0.004500 0.004500
Gerenuk 0.041500 0.105700 0.070300 0.095700 0.046500 0.046300 0.154500 0.036900 0.065700 0.096700 0.041800 0.055800 0.055700 0.086000 0.061000 0.032200 0.046300 0.046300 0.056300 0.060600 0.027600 0.055900 0.090400 0.076000 0.041800 0.022800 0.055700 0.056000 0.000000 0.060600 0.101700 0.075400 0.066100 0.055900 0.065600 0.060800 0.051100 0.046500 0.046200 0.086500 0.096200 0.032200 0.091300 0.091100 0.055900 0.080400 0.032200 0.060600 0.065400 0.055900 0.061000 0.060600
CommonElan 0.018200 0.090200 0.018200 0.090400 0.022900 0.022800 0.127200 0.051100 0.013700 0.076100 0.018300 0.013600 0.032000 0.061100 0.027600 0.046200 0.022800 0.022800 0.032300 0.009100 0.041700 0.021800 0.070900 0.056200 0.018300 0.046200 0.032000 0.004500 0.060600 0.000000 0.081000 0.051000 0.041800 0.032100 0.041500 0.018200 0.027400 0.022900 0.050900 0.066200 0.075900 0.055800 0.075900 0.070800 0.013600 0.046200 0.036900 0.036700 0.041400 0.022800 0.009100 0.008700
MuntiacusR 0.066300 0.138400 0.081000 0.138800 0.076500 0.071200 0.166900 0.091600 0.086400 0.004400 0.066800 0.076100 0.080900 0.107600 0.081700 0.101600 0.056600 0.056600 0.081800 0.071200 0.081700 0.076200 0.051700 0.037300 0.066800 0.086400 0.081000 0.076400 0.101700 0.081000 0.000000 0.096400 0.076600 0.081200 0.091400 0.081300 0.076200 0.076500 0.101500 0.056700 0.056500 0.096600 0.009200 0.051700 0.076200 0.086400 0.086500 0.086200 0.091200 0.076200 0.081600 0.071200
HarveysDui 0.032100 0.115800 0.060600 0.116100 0.046400 0.036800 0.111900 0.056000 0.056000 0.091400 0.032300 0.046300 0.045600 0.046800 0.041800 0.070400 0.046300 0.046300 0.046600 0.051000 0.056100 0.046200 0.086100 0.066000 0.032300 0.060700 0.041400 0.046400 0.075400 0.051000 0.096400 0.000000 0.066000 0.036800 0.046300 0.051100 0.041500 0.046400 0.065500 0.081300 0.091200 0.070400 0.086100 0.080900 0.046300 0.060700 0.060800 0.041500 0.055800 0.046300 0.041800 0.051000
Pronghorn 0.032400 0.085700 0.051300 0.085900 0.037200 0.037100 0.133300 0.056300 0.046500 0.071700 0.032500 0.037000 0.046500 0.076300 0.041900 0.070900 0.027700 0.027700 0.046800 0.041800 0.037200 0.037100 0.076700 0.061700 0.032500 0.051500 0.046500 0.037100 0.066100 0.041800 0.076600 0.066000 0.000000 0.046500 0.056300 0.041900 0.041800 0.037200 0.056200 0.072000 0.081800 0.061200 0.071400 0.071600 0.037100 0.061100 0.051600 0.051400 0.056200 0.037100 0.041900 0.041800
BlueWildeb 0.013600 0.095000 0.041400 0.095200 0.027500 0.018200 0.111800 0.046200 0.036800 0.076300 0.013700 0.027400 0.009000 0.046600 0.022900 0.051000 0.027400 0.027400 0.027600 0.032100 0.036900 0.027400 0.061300 0.056300 0.013700 0.041500 0.009000 0.027400 0.055900 0.032100 0.081200 0.036800 0.046500 0.000000 0.027500 0.032200 0.022800 0.027500 0.046200 0.066400 0.066300 0.051100 0.071100 0.071000 0.027400 0.051100 0.041600 0.022800 0.036700 0.027400 0.032200 0.032100
Gemsbok 0.022800 0.105500 0.050900 0.105800 0.036900 0.027500 0.122300 0.056000 0.046400 0.085700 0.023000 0.036800 0.036700 0.056400 0.032300 0.060600 0.036800 0.036800 0.037100 0.041500 0.046500 0.036800 0.081100 0.066100 0.023000 0.051100 0.036700 0.036900 0.065600 0.041500 0.091400 0.046300 0.056300 0.027500 0.000000 0.041600 0.027400 0.036900 0.055800 0.076400 0.086100 0.060700 0.081100 0.080900 0.036800 0.060700 0.051200 0.032100 0.046200 0.036800 0.041700 0.041500
Yak 0.018200 0.080400 0.025800 0.080600 0.022900 0.022800 0.127600 0.051200 0.022900 0.076400 0.018400 0.013600 0.032100 0.061300 0.027600 0.046400 0.022800 0.022800 0.032400 0.018200 0.041800 0.022800 0.061300 0.046700 0.018400 0.046300 0.032100 0.013700 0.060800 0.018200 0.081300 0.051100 0.041900 0.032200 0.041600 0.000000 0.027500 0.022900 0.051100 0.056600 0.066200 0.055900 0.076100 0.061200 0.004400 0.046400 0.036800 0.036800 0.041500 0.022800 0.018300 0.018200
BlueSheep 0.008700 0.090200 0.036700 0.090500 0.022900 0.013000 0.116800 0.041600 0.032200 0.071300 0.009100 0.022800 0.021800 0.051400 0.027600 0.046200 0.022800 0.022800 0.023000 0.027400 0.032300 0.022800 0.066100 0.051400 0.009100 0.036800 0.022700 0.022900 0.051100 0.027400 0.076200 0.041500 0.041800 0.022800 0.027400 0.027500 0.000000 0.022900 0.041500 0.061500 0.071100 0.046300 0.066100 0.066000 0.022800 0.046300 0.036900 0.027400 0.032000 0.022800 0.027600 0.027400
BohorReedb 0.013000 0.065600 0.032200 0.075900 0.000000 0.013700 0.122600 0.046500 0.027600 0.071600 0.013800 0.018300 0.027500 0.056500 0.023000 0.041700 0.018300 0.018300 0.027700 0.022900 0.037100 0.018300 0.065900 0.051600 0.013800 0.041700 0.027500 0.018300 0.046500 0.022900 0.076500 0.046400 0.037200 0.027500 0.036900 0.022900 0.022900 0.000000 0.046400 0.061700 0.071300 0.051200 0.071400 0.066000 0.018300 0.041700 0.041800 0.032200 0.036900 0.018300 0.023000 0.022900
KirksDik 0.032100 0.115700 0.060500 0.116000 0.046400 0.036800 0.143400 0.036800 0.055900 0.096500 0.032300 0.046200 0.046100 0.075900 0.051300 0.041400 0.046200 0.046200 0.046600 0.050900 0.027500 0.046200 0.091100 0.075900 0.032300 0.032100 0.046100 0.046400 0.046200 0.050900 0.101500 0.065500 0.056200 0.046200 0.055800 0.051100 0.041500 0.046400 0.000000 0.086300 0.096200 0.036800 0.091100 0.090900 0.046200 0.070400 0.032100 0.050900 0.055700 0.046200 0.051300 0.050900
RoeDeer 0.051700 0.112000 0.065800 0.112400 0.061700 0.056600 0.162100 0.076600 0.071400 0.051900 0.052100 0.061400 0.066200 0.092200 0.066800 0.091400 0.051700 0.051700 0.066900 0.056500 0.066800 0.061400 0.023100 0.027800 0.052100 0.071400 0.066200 0.061600 0.086500 0.066200 0.056700 0.081300 0.072000 0.066400 0.076400 0.056600 0.061500 0.061700 0.086300 0.000000 0.027800 0.081500 0.056800 0.042100 0.051700 0.081300 0.071500 0.071300 0.076200 0.061400 0.066700 0.056500
WhiteLippe 0.061300 0.122100 0.075900 0.122500 0.071300 0.066200 0.172900 0.086400 0.081100 0.051700 0.061700 0.071000 0.066000 0.102200 0.076500 0.101300 0.061300 0.061300 0.076700 0.066100 0.076500 0.071100 0.004600 0.027800 0.061700 0.081200 0.066000 0.071300 0.096200 0.075900 0.056500 0.091200 0.081800 0.066300 0.086100 0.066200 0.071100 0.071300 0.096200 0.027800 0.000000 0.091300 0.056600 0.042000 0.061200 0.091200 0.081300 0.071000 0.086000 0.071000 0.076400 0.066100
ThomsonGaz 0.036800 0.110600 0.065400 0.110900 0.051200 0.041500 0.149000 0.022900 0.060800 0.091600 0.037100 0.051000 0.050900 0.081000 0.056200 0.036800 0.041600 0.041600 0.051400 0.055800 0.022900 0.051000 0.086200 0.071100 0.037100 0.009100 0.050900 0.051200 0.032200 0.055800 0.096600 0.070400 0.061200 0.051100 0.060700 0.055900 0.046300 0.051200 0.036800 0.081500 0.091300 0.000000 0.086200 0.086100 0.051000 0.075400 0.027500 0.051300 0.060600 0.051000 0.056100 0.055800
MuntiacusC 0.056400 0.132700 0.075900 0.133100 0.071400 0.061200 0.155400 0.081300 0.081200 0.004600 0.056800 0.071000 0.070800 0.097000 0.076500 0.091100 0.051600 0.051600 0.071600 0.066100 0.071500 0.071100 0.051800 0.037400 0.056800 0.076100 0.070900 0.071300 0.091300 0.075900 0.009200 0.086100 0.071400 0.071100 0.081100 0.076100 0.066100 0.071400 0.091100 0.056800 0.056600 0.086200 0.000000 0.051800 0.071100 0.081200 0.076200 0.076000 0.080900 0.071000 0.076400 0.066100
WhiteTaile 0.056300 0.116700 0.070800 0.117000 0.066300 0.061100 0.161300 0.081200 0.076000 0.046900 0.056700 0.066000 0.070700 0.091700 0.071400 0.096000 0.056300 0.056300 0.071500 0.061100 0.071400 0.066000 0.037200 0.013700 0.056700 0.076000 0.070700 0.066200 0.091100 0.070800 0.051700 0.080900 0.071600 0.071000 0.080900 0.061200 0.066000 0.066000 0.090900 0.042100 0.042000 0.086100 0.051800 0.000000 0.056200 0.080900 0.076100 0.075800 0.080800 0.066000 0.071300 0.061100
Cattle 0.013100 0.075300 0.022800 0.075500 0.018300 0.018200 0.122100 0.046400 0.018300 0.071300 0.013700 0.008700 0.026200 0.056300 0.022900 0.041500 0.018200 0.018200 0.027600 0.013600 0.037000 0.018200 0.056400 0.041800 0.013700 0.041500 0.026500 0.009100 0.055900 0.013600 0.076200 0.046300 0.037100 0.027400 0.036800 0.004400 0.022800 0.018300 0.046200 0.051700 0.061200 0.051000 0.071100 0.056200 0.000000 0.041500 0.041600 0.032100 0.036700 0.018200 0.013700 0.013600
RoyalAntel 0.036800 0.110700 0.055800 0.110900 0.041700 0.041600 0.127700 0.070600 0.051200 0.081400 0.037100 0.041500 0.050900 0.071000 0.046500 0.075300 0.032200 0.032200 0.051500 0.046200 0.061000 0.041500 0.086100 0.066100 0.037100 0.065600 0.050900 0.041700 0.080400 0.046200 0.086400 0.060700 0.061100 0.051100 0.060700 0.046400 0.046300 0.041700 0.070400 0.081300 0.091200 0.075400 0.081200 0.080900 0.041500 0.000000 0.065700 0.055800 0.060600 0.041500 0.046500 0.046200
Steenbok 0.027500 0.100600 0.055800 0.100900 0.041800 0.032200 0.138400 0.022900 0.051300 0.081500 0.027700 0.041600 0.041500 0.071200 0.046600 0.036800 0.032200 0.032200 0.041900 0.046300 0.013700 0.041600 0.076300 0.061300 0.027700 0.018200 0.041500 0.041700 0.032200 0.036900 0.086500 0.060800 0.051600 0.041600 0.051200 0.036800 0.036900 0.041800 0.032100 0.071500 0.081300 0.027500 0.076200 0.076100 0.041600 0.065700 0.000000 0.046300 0.051000 0.041600 0.046600 0.046300
Impala 0.018200 0.100200 0.046100 0.100500 0.032200 0.022800 0.116900 0.051100 0.041500 0.081200 0.018300 0.032100 0.022700 0.051500 0.018300 0.055700 0.032100 0.032100 0.032300 0.036700 0.041700 0.032100 0.076000 0.061100 0.018300 0.046200 0.032000 0.032200 0.060600 0.036700 0.086200 0.041500 0.051400 0.022800 0.032100 0.036800 0.027400 0.032200 0.050900 0.071300 0.071000 0.051300 0.076000 0.075800 0.032100 0.055800 0.046300 0.000000 0.041400 0.032100 0.036900 0.036700
Klipspring 0.021900 0.105300 0.050800 0.105500 0.036900 0.027400 0.132600 0.055900 0.046300 0.086200 0.022900 0.036700 0.036600 0.066000 0.041700 0.060500 0.036700 0.034400 0.037000 0.041400 0.046400 0.036700 0.081000 0.065900 0.022900 0.051000 0.036600 0.036800 0.065400 0.041400 0.091200 0.055800 0.056200 0.036700 0.046200 0.041500 0.032000 0.036900 0.055700 0.076200 0.086000 0.060600 0.080900 0.080800 0.036700 0.060600 0.051000 0.041400 0.000000 0.036700 0.041700 0.041400
ForestMusk 0.013100 0.085200 0.032000 0.085400 0.017500 0.017400 0.122100 0.046400 0.027500 0.071300 0.013700 0.018200 0.027400 0.056300 0.022900 0.051000 0.018200 0.018200 0.027600 0.022800 0.037000 0.018200 0.066100 0.051400 0.013700 0.041500 0.027400 0.018200 0.055900 0.022800 0.076200 0.046300 0.037100 0.027400 0.036800 0.022800 0.022800 0.018300 0.046200 0.061400 0.071000 0.051000 0.071000 0.066000 0.018200 0.041500 0.041600 0.032100 0.036700 0.000000 0.022900 0.022800
Bushbuck 0.018300 0.090500 0.018300 0.090700 0.023000 0.022900 0.128100 0.051300 0.013700 0.076600 0.018400 0.013700 0.032200 0.061300 0.027600 0.046500 0.022900 0.022900 0.032400 0.009100 0.041800 0.022900 0.071400 0.056500 0.018400 0.046500 0.027500 0.004500 0.061000 0.009100 0.081600 0.041800 0.041900 0.032200 0.041700 0.018300 0.027600 0.023000 0.051300 0.066700 0.076400 0.056100 0.076400 0.071300 0.013700 0.046500 0.046600 0.036900 0.041700 0.022900 0.000000 0.009100
GreaterKud 0.018200 0.090100 0.009100 0.090300 0.022900 0.022800 0.127200 0.051100 0.013700 0.059500 0.018300 0.013200 0.032000 0.061100 0.027500 0.046200 0.022800 0.022800 0.032300 0.000000 0.041700 0.022800 0.061200 0.046600 0.018300 0.046200 0.032000 0.004500 0.060600 0.008700 0.071200 0.051000 0.041800 0.032100 0.041500 0.018200 0.027400 0.022900 0.050900 0.056500 0.066100 0.055800 0.066100 0.061100 0.013600 0.046200 0.046300 0.036700 0.041400 0.022800 0.009100 0.000000
