CODONML (in paml version 4.10.7, June 2023)  /home/rachel/ruminants_paml/6406-phy-tree/ENSBTAT00000052439.fasta.phy
Model: free dN/dS Ratios for branches,  kappa = 2.000 fixed

Codon frequency model: F3x4
ns =  54  ls =  51

Codon usage in sequences
--------------------------------------------------------------------------------------------------------------------------------------
Phe TTT   1   1   1   1   1   1 | Ser TCT   0   0   0   0   0   0 | Tyr TAT   0   0   0   0   0   0 | Cys TGT   0   0   0   0   0   0
    TTC   1   1   1   1   1   1 |     TCC   1   0   1   1   1   0 |     TAC   0   0   0   0   0   0 |     TGC   0   0   0   0   0   0
Leu TTA   1   1   1   1   1   1 |     TCA   2   2   2   2   2   2 | *** TAA   0   0   0   0   0   0 | *** TGA   0   0   0   0   0   0
    TTG   1   1   1   2   1   1 |     TCG   0   1   0   0   0   1 |     TAG   0   0   0   0   0   0 | Trp TGG   0   0   0   0   0   0
--------------------------------------------------------------------------------------------------------------------------------------
Leu CTT   0   0   0   0   0   0 | Pro CCT   1   1   1   1   1   1 | His CAT   0   0   0   0   0   0 | Arg CGT   0   0   0   0   0   0
    CTC   0   0   0   0   0   0 |     CCC   1   1   1   1   0   0 |     CAC   0   0   0   1   0   0 |     CGC   0   0   0   0   0   0
    CTA   0   0   0   0   0   0 |     CCA   0   0   0   0   1   1 | Gln CAA   0   0   0   0   0   0 |     CGA   0   0   0   1   0   0
    CTG   1   1   1   0   1   1 |     CCG   0   1   0   0   0   0 |     CAG   1   1   1   1   1   1 |     CGG   0   0   0   0   0   0
--------------------------------------------------------------------------------------------------------------------------------------
Ile ATT   0   0   0   0   0   0 | Thr ACT   0   1   0   0   1   1 | Asn AAT   0   0   1   0   0   0 | Ser AGT   0   1   1   0   1   1
    ATC   0   0   0   0   0   0 |     ACC   0   0   0   0   0   0 |     AAC   1   1   1   0   1   1 |     AGC   4   4   3   4   4   4
    ATA   1   1   1   1   1   1 |     ACA   0   0   0   0   0   0 | Lys AAA   2   2   2   2   2   2 | Arg AGA   0   1   0   0   0   0
Met ATG   1   1   1   1   1   1 |     ACG   1   0   1   1   0   0 |     AAG   3   3   3   3   3   3 |     AGG   1   0   1   1   1   1
--------------------------------------------------------------------------------------------------------------------------------------
Val GTT   0   0   0   0   0   0 | Ala GCT   1   1   1   1   1   1 | Asp GAT   1   0   0   1   0   1 | Gly GGT   1   1   0   0   2   1
    GTC   0   0   0   0   0   0 |     GCC   1   1   1   1   1   1 |     GAC   4   3   4   3   3   2 |     GGC   1   1   2   2   0   1
    GTA   0   0   0   0   0   0 |     GCA   0   1   0   0   1   1 | Glu GAA   7   7   7   6   8   8 |     GGA   1   1   1   1   1   2
    GTG   1   1   1   1   1   1 |     GCG   2   1   2   2   1   1 |     GAG   5   6   5   7   5   5 |     GGG   1   0   1   0   1   0
--------------------------------------------------------------------------------------------------------------------------------------

--------------------------------------------------------------------------------------------------------------------------------------
Phe TTT   1   1   0   1   1   2 | Ser TCT   0   0   0   0   0   0 | Tyr TAT   0   0   0   0   0   0 | Cys TGT   0   0   0   0   0   0
    TTC   1   1   2   1   1   0 |     TCC   1   1   1   1   1   1 |     TAC   0   0   0   0   0   0 |     TGC   0   0   0   0   0   0
Leu TTA   1   1   1   1   1   1 |     TCA   2   2   2   2   2   2 | *** TAA   0   0   0   0   0   0 | *** TGA   0   0   0   0   0   0
    TTG   1   1   1   1   1   1 |     TCG   0   0   0   0   0   0 |     TAG   0   0   0   0   0   0 | Trp TGG   0   0   0   0   0   0
--------------------------------------------------------------------------------------------------------------------------------------
Leu CTT   0   0   0   0   0   0 | Pro CCT   1   1   1   1   1   1 | His CAT   0   0   0   0   0   0 | Arg CGT   0   0   0   0   0   0
    CTC   0   0   0   0   0   0 |     CCC   1   0   1   1   1   1 |     CAC   0   0   0   0   0   0 |     CGC   0   0   0   0   0   0
    CTA   0   0   0   0   0   0 |     CCA   0   0   0   0   0   0 | Gln CAA   0   0   0   1   0   0 |     CGA   0   0   0   0   0   0
    CTG   1   1   1   1   1   1 |     CCG   0   1   0   0   0   0 |     CAG   1   1   1   0   1   1 |     CGG   0   0   0   1   0   0
--------------------------------------------------------------------------------------------------------------------------------------
Ile ATT   0   0   0   0   0   0 | Thr ACT   0   0   0   0   0   0 | Asn AAT   0   0   0   0   0   0 | Ser AGT   0   0   0   0   0   0
    ATC   0   0   0   0   0   0 |     ACC   0   0   0   0   0   0 |     AAC   1   1   1   1   1   1 |     AGC   4   4   4   4   4   4
    ATA   1   1   1   1   1   1 |     ACA   0   0   0   0   0   0 | Lys AAA   2   2   2   2   2   2 | Arg AGA   0   0   0   0   0   0
Met ATG   1   1   1   1   1   1 |     ACG   1   1   1   1   1   1 |     AAG   3   3   3   3   3   3 |     AGG   1   1   1   1   1   1
--------------------------------------------------------------------------------------------------------------------------------------
Val GTT   0   0   0   0   0   0 | Ala GCT   1   1   2   1   1   1 | Asp GAT   1   1   0   1   1   1 | Gly GGT   0   1   0   2   1   0
    GTC   0   0   0   0   0   0 |     GCC   1   1   1   1   1   1 |     GAC   4   4   4   4   4   3 |     GGC   2   1   2   0   1   2
    GTA   0   0   0   0   0   0 |     GCA   1   0   0   0   0   0 | Glu GAA   7   7   7   7   7   8 |     GGA   1   1   1   1   1   1
    GTG   1   1   1   1   1   1 |     GCG   1   2   3   2   2   2 |     GAG   5   5   5   5   5   5 |     GGG   1   1   0   0   1   1
--------------------------------------------------------------------------------------------------------------------------------------

--------------------------------------------------------------------------------------------------------------------------------------
Phe TTT   1   1   1   1   1   1 | Ser TCT   0   1   0   0   0   0 | Tyr TAT   0   0   0   0   0   0 | Cys TGT   0   0   0   0   0   0
    TTC   1   1   1   1   1   1 |     TCC   1   0   1   1   1   1 |     TAC   0   0   0   0   0   0 |     TGC   0   0   0   0   0   0
Leu TTA   1   1   1   1   1   1 |     TCA   2   2   2   2   2   2 | *** TAA   0   0   0   0   0   0 | *** TGA   0   0   0   0   0   0
    TTG   1   1   1   1   1   0 |     TCG   0   0   0   0   0   0 |     TAG   0   0   0   0   0   0 | Trp TGG   0   0   0   0   0   0
--------------------------------------------------------------------------------------------------------------------------------------
Leu CTT   0   0   0   0   0   0 | Pro CCT   1   1   1   1   1   1 | His CAT   0   0   0   0   0   0 | Arg CGT   0   0   0   0   0   0
    CTC   0   0   0   0   0   0 |     CCC   1   1   1   1   1   1 |     CAC   0   0   0   0   0   0 |     CGC   0   0   0   0   0   0
    CTA   0   0   0   0   0   0 |     CCA   0   0   0   0   0   0 | Gln CAA   0   0   0   0   0   0 |     CGA   0   0   0   0   0   0
    CTG   1   1   1   1   1   2 |     CCG   0   0   0   0   0   0 |     CAG   1   1   1   1   1   1 |     CGG   0   0   0   0   0   1
--------------------------------------------------------------------------------------------------------------------------------------
Ile ATT   0   0   0   0   0   0 | Thr ACT   0   0   0   0   0   0 | Asn AAT   0   0   0   1   0   0 | Ser AGT   0   0   0   0   0   0
    ATC   0   0   0   0   0   0 |     ACC   0   0   0   0   0   0 |     AAC   1   1   1   1   1   1 |     AGC   4   4   4   4   4   4
    ATA   1   1   1   1   1   1 |     ACA   0   0   0   0   0   0 | Lys AAA   2   2   2   2   2   2 | Arg AGA   0   0   0   0   0   0
Met ATG   1   1   1   1   1   1 |     ACG   1   1   1   1   1   1 |     AAG   3   3   3   3   3   3 |     AGG   1   1   1   1   1   1
--------------------------------------------------------------------------------------------------------------------------------------
Val GTT   0   0   1   0   0   0 | Ala GCT   1   2   1   2   1   1 | Asp GAT   1   1   2   0   1   1 | Gly GGT   1   0   0   1   1   1
    GTC   0   0   0   0   0   0 |     GCC   1   0   1   1   1   1 |     GAC   4   4   3   4   4   4 |     GGC   1   2   1   1   1   1
    GTA   0   0   0   0   0   0 |     GCA   0   0   0   0   0   0 | Glu GAA   7   7   7   7   6   7 |     GGA   1   1   1   1   1   1
    GTG   1   1   1   1   1   1 |     GCG   3   2   2   1   2   2 |     GAG   5   5   5   5   6   5 |     GGG   0   1   1   1   1   0
--------------------------------------------------------------------------------------------------------------------------------------

--------------------------------------------------------------------------------------------------------------------------------------
Phe TTT   1   1   1   1   1   1 | Ser TCT   0   0   0   1   0   0 | Tyr TAT   0   0   0   0   0   0 | Cys TGT   0   0   0   0   0   0
    TTC   1   1   1   1   1   1 |     TCC   1   1   1   0   1   1 |     TAC   0   0   0   0   0   0 |     TGC   0   0   0   0   0   0
Leu TTA   1   1   1   1   1   1 |     TCA   2   2   2   2   2   2 | *** TAA   0   0   0   0   0   0 | *** TGA   0   0   0   0   0   0
    TTG   1   1   1   1   1   1 |     TCG   0   0   0   0   0   0 |     TAG   0   0   0   0   0   0 | Trp TGG   0   0   0   0   0   0
--------------------------------------------------------------------------------------------------------------------------------------
Leu CTT   0   0   0   0   0   0 | Pro CCT   1   1   1   1   1   1 | His CAT   0   0   0   0   0   0 | Arg CGT   0   0   0   0   0   0
    CTC   0   0   0   0   0   0 |     CCC   1   1   1   1   1   1 |     CAC   0   0   0   0   0   0 |     CGC   0   0   0   0   0   0
    CTA   0   0   0   0   0   0 |     CCA   0   0   0   0   0   0 | Gln CAA   0   0   0   0   0   0 |     CGA   0   0   0   0   0   0
    CTG   1   1   1   1   1   1 |     CCG   0   0   0   0   0   0 |     CAG   1   1   1   1   1   1 |     CGG   0   0   0   0   1   0
--------------------------------------------------------------------------------------------------------------------------------------
Ile ATT   0   0   0   0   0   0 | Thr ACT   0   0   0   0   0   0 | Asn AAT   0   0   1   0   0   0 | Ser AGT   0   0   0   0   0   0
    ATC   0   0   0   0   0   0 |     ACC   0   0   0   0   0   0 |     AAC   1   1   1   1   1   1 |     AGC   4   4   4   4   4   4
    ATA   1   1   1   1   1   1 |     ACA   0   0   0   0   0   0 | Lys AAA   2   2   2   2   2   2 | Arg AGA   0   0   0   0   0   0
Met ATG   1   1   1   1   1   1 |     ACG   1   1   1   1   1   1 |     AAG   3   3   3   3   3   3 |     AGG   1   1   1   1   1   1
--------------------------------------------------------------------------------------------------------------------------------------
Val GTT   0   0   0   0   0   0 | Ala GCT   1   1   1   1   2   1 | Asp GAT   1   1   0   1   1   1 | Gly GGT   1   1   1   0   0   1
    GTC   0   0   0   0   0   0 |     GCC   1   1   1   1   1   1 |     GAC   3   3   3   4   4   4 |     GGC   1   1   1   2   1   1
    GTA   0   0   0   0   0   0 |     GCA   0   0   0   0   0   0 | Glu GAA   7   7   7   7   6   7 |     GGA   1   1   1   1   2   1
    GTG   1   1   1   1   1   1 |     GCG   2   2   2   2   2   2 |     GAG   6   6   6   5   5   5 |     GGG   1   1   1   1   0   1
--------------------------------------------------------------------------------------------------------------------------------------

--------------------------------------------------------------------------------------------------------------------------------------
Phe TTT   2   2   1   1   1   1 | Ser TCT   0   0   0   0   0   1 | Tyr TAT   0   0   0   0   0   0 | Cys TGT   0   0   0   0   0   0
    TTC   0   0   1   1   1   1 |     TCC   1   1   1   1   1   0 |     TAC   0   0   0   0   0   0 |     TGC   0   0   0   0   0   0
Leu TTA   1   1   1   1   1   1 |     TCA   2   2   2   2   2   2 | *** TAA   0   0   0   0   0   0 | *** TGA   0   0   0   0   0   0
    TTG   1   1   1   1   1   1 |     TCG   0   0   0   0   0   0 |     TAG   0   0   0   0   0   0 | Trp TGG   0   0   0   0   0   0
--------------------------------------------------------------------------------------------------------------------------------------
Leu CTT   0   0   0   0   0   0 | Pro CCT   1   1   1   1   1   1 | His CAT   0   0   0   0   0   0 | Arg CGT   0   0   0   0   0   0
    CTC   0   0   0   0   0   0 |     CCC   1   1   1   1   1   1 |     CAC   0   0   0   0   0   0 |     CGC   0   0   0   0   0   0
    CTA   0   0   0   0   0   0 |     CCA   0   0   0   0   0   0 | Gln CAA   0   0   0   0   0   0 |     CGA   0   0   0   0   0   0
    CTG   1   1   1   1   1   1 |     CCG   0   0   0   0   0   0 |     CAG   1   1   1   1   1   1 |     CGG   0   0   0   1   0   0
--------------------------------------------------------------------------------------------------------------------------------------
Ile ATT   0   0   0   0   0   0 | Thr ACT   0   0   0   0   0   0 | Asn AAT   0   1   0   0   0   0 | Ser AGT   0   0   0   0   0   0
    ATC   0   0   0   0   0   0 |     ACC   0   0   0   0   0   0 |     AAC   1   1   1   1   1   1 |     AGC   4   4   4   4   4   4
    ATA   1   1   1   1   1   1 |     ACA   0   0   0   0   0   0 | Lys AAA   2   2   2   2   2   2 | Arg AGA   0   0   0   0   0   0
Met ATG   1   1   1   1   1   1 |     ACG   1   1   1   1   1   1 |     AAG   3   3   3   3   3   3 |     AGG   1   1   1   1   1   1
--------------------------------------------------------------------------------------------------------------------------------------
Val GTT   0   0   0   0   1   0 | Ala GCT   1   1   1   1   1   1 | Asp GAT   1   0   1   1   2   1 | Gly GGT   0   0   1   1   0   0
    GTC   0   0   0   0   0   0 |     GCC   1   1   1   1   1   1 |     GAC   3   3   4   4   3   4 |     GGC   2   2   1   1   1   2
    GTA   0   0   0   0   0   0 |     GCA   0   0   0   0   0   0 | Glu GAA   8   8   7   7   7   7 |     GGA   1   1   1   1   1   1
    GTG   1   1   1   1   1   1 |     GCG   2   2   2   2   2   2 |     GAG   5   5   5   5   5   5 |     GGG   1   1   1   0   1   1
--------------------------------------------------------------------------------------------------------------------------------------

--------------------------------------------------------------------------------------------------------------------------------------
Phe TTT   1   1   2   1   1   1 | Ser TCT   0   0   0   0   1   0 | Tyr TAT   0   0   0   0   0   0 | Cys TGT   0   0   0   0   0   0
    TTC   1   1   0   1   1   1 |     TCC   1   1   1   1   1   1 |     TAC   0   0   0   0   0   0 |     TGC   0   0   0   0   0   0
Leu TTA   1   1   1   1   1   1 |     TCA   2   2   2   2   1   2 | *** TAA   0   0   0   0   0   0 | *** TGA   0   0   0   0   0   0
    TTG   1   1   1   1   1   1 |     TCG   0   0   0   0   0   0 |     TAG   0   0   0   0   0   0 | Trp TGG   0   0   0   0   0   0
--------------------------------------------------------------------------------------------------------------------------------------
Leu CTT   0   0   0   0   0   0 | Pro CCT   1   1   1   1   0   1 | His CAT   0   0   0   0   0   0 | Arg CGT   0   0   0   0   0   0
    CTC   0   0   0   0   0   0 |     CCC   1   1   1   1   2   1 |     CAC   0   0   0   1   0   0 |     CGC   0   0   0   0   0   0
    CTA   0   0   0   0   0   0 |     CCA   0   0   0   0   0   0 | Gln CAA   0   0   0   0   0   0 |     CGA   0   0   0   0   0   0
    CTG   1   1   1   1   1   1 |     CCG   0   0   0   0   0   0 |     CAG   1   1   1   1   1   1 |     CGG   1   0   0   0   0   0
--------------------------------------------------------------------------------------------------------------------------------------
Ile ATT   0   0   0   0   0   0 | Thr ACT   0   0   0   0   0   0 | Asn AAT   0   0   0   0   0   0 | Ser AGT   0   0   0   0   0   0
    ATC   0   0   0   0   0   0 |     ACC   0   0   0   0   0   0 |     AAC   1   1   1   0   1   1 |     AGC   4   4   4   4   4   4
    ATA   1   1   1   1   1   1 |     ACA   0   0   0   0   0   0 | Lys AAA   2   2   2   2   1   2 | Arg AGA   0   0   0   0   1   0
Met ATG   1   1   1   1   1   1 |     ACG   1   1   1   1   1   1 |     AAG   3   3   3   3   3   3 |     AGG   1   1   1   1   1   1
--------------------------------------------------------------------------------------------------------------------------------------
Val GTT   0   0   0   0   0   1 | Ala GCT   1   1   1   1   1   1 | Asp GAT   1   1   1   1   0   2 | Gly GGT   1   0   0   0   1   0
    GTC   0   0   0   0   0   0 |     GCC   1   1   1   0   0   1 |     GAC   4   4   3   4   4   3 |     GGC   1   2   2   3   1   1
    GTA   0   0   0   0   0   0 |     GCA   1   0   0   0   1   0 | Glu GAA   8   7   8   6   7   7 |     GGA   1   1   1   2   1   1
    GTG   1   1   1   1   1   1 |     GCG   1   2   2   2   3   2 |     GAG   4   5   5   5   5   5 |     GGG   0   1   1   1   1   1
--------------------------------------------------------------------------------------------------------------------------------------

--------------------------------------------------------------------------------------------------------------------------------------
Phe TTT   1   1   1   1   1   2 | Ser TCT   0   1   0   0   0   0 | Tyr TAT   0   0   0   0   0   0 | Cys TGT   0   0   0   0   0   0
    TTC   1   1   1   1   1   0 |     TCC   1   0   1   1   1   1 |     TAC   0   0   0   0   0   0 |     TGC   0   0   0   0   0   0
Leu TTA   1   1   1   1   1   1 |     TCA   2   2   2   2   2   2 | *** TAA   0   0   0   0   0   0 | *** TGA   0   0   0   0   0   0
    TTG   1   1   1   1   1   1 |     TCG   0   0   0   0   0   0 |     TAG   0   0   0   0   0   0 | Trp TGG   0   0   0   0   0   0
--------------------------------------------------------------------------------------------------------------------------------------
Leu CTT   0   0   0   0   0   0 | Pro CCT   1   1   1   1   1   1 | His CAT   0   0   0   0   0   0 | Arg CGT   0   0   0   0   0   0
    CTC   0   0   0   0   0   0 |     CCC   1   1   1   1   1   1 |     CAC   0   0   0   0   0   0 |     CGC   0   0   0   0   0   0
    CTA   0   0   0   0   0   0 |     CCA   0   0   0   0   0   0 | Gln CAA   0   0   0   0   0   0 |     CGA   0   0   0   0   0   0
    CTG   1   1   1   1   1   1 |     CCG   0   0   0   0   0   0 |     CAG   1   1   1   1   1   1 |     CGG   0   0   0   0   1   0
--------------------------------------------------------------------------------------------------------------------------------------
Ile ATT   0   0   0   0   0   0 | Thr ACT   0   0   0   0   0   0 | Asn AAT   0   0   0   0   0   0 | Ser AGT   0   0   0   0   1   0
    ATC   0   0   0   0   0   0 |     ACC   0   1   0   0   0   0 |     AAC   1   1   1   1   1   1 |     AGC   4   4   4   4   3   4
    ATA   1   1   1   1   1   1 |     ACA   0   0   0   0   0   0 | Lys AAA   2   2   2   2   2   2 | Arg AGA   0   0   0   0   0   0
Met ATG   1   1   1   1   1   1 |     ACG   1   1   1   1   1   1 |     AAG   3   3   3   3   3   3 |     AGG   1   1   1   1   1   1
--------------------------------------------------------------------------------------------------------------------------------------
Val GTT   1   0   0   0   0   0 | Ala GCT   1   1   1   1   1   1 | Asp GAT   1   1   1   1   1   0 | Gly GGT   0   0   1   0   1   1
    GTC   0   0   0   0   0   0 |     GCC   1   0   1   1   1   1 |     GAC   4   4   4   4   4   3 |     GGC   0   2   1   2   1   2
    GTA   0   0   0   0   0   0 |     GCA   0   1   0   1   0   0 | Glu GAA   7   7   7   7   7   6 |     GGA   2   1   1   1   0   1
    GTG   1   1   1   1   1   1 |     GCG   2   1   3   1   2   2 |     GAG   5   5   5   5   5   7 |     GGG   1   1   0   1   1   1
--------------------------------------------------------------------------------------------------------------------------------------

--------------------------------------------------------------------------------------------------------------------------------------
Phe TTT   2   1   2   2   1   1 | Ser TCT   0   0   0   0   1   0 | Tyr TAT   0   0   0   0   0   0 | Cys TGT   0   0   0   0   0   0
    TTC   0   1   0   0   1   1 |     TCC   1   1   1   1   0   1 |     TAC   0   0   0   0   0   0 |     TGC   0   0   0   0   0   0
Leu TTA   1   0   1   1   1   1 |     TCA   2   2   2   2   2   2 | *** TAA   0   0   0   0   0   0 | *** TGA   0   0   0   0   0   0
    TTG   1   2   1   1   1   1 |     TCG   0   0   0   0   0   0 |     TAG   0   0   0   0   0   0 | Trp TGG   0   0   0   0   0   0
--------------------------------------------------------------------------------------------------------------------------------------
Leu CTT   0   0   0   0   0   0 | Pro CCT   1   1   1   1   1   1 | His CAT   0   0   0   0   0   0 | Arg CGT   0   0   0   0   0   0
    CTC   0   0   0   0   0   0 |     CCC   1   1   1   1   1   1 |     CAC   0   0   0   0   0   0 |     CGC   0   0   0   0   0   0
    CTA   0   0   0   0   0   0 |     CCA   0   0   0   0   0   0 | Gln CAA   0   0   0   0   0   0 |     CGA   0   0   0   0   0   0
    CTG   1   1   1   1   1   1 |     CCG   0   0   0   0   0   0 |     CAG   1   1   1   1   1   1 |     CGG   0   1   0   0   0   0
--------------------------------------------------------------------------------------------------------------------------------------
Ile ATT   0   0   0   0   0   0 | Thr ACT   0   0   0   0   0   0 | Asn AAT   0   0   0   0   0   0 | Ser AGT   0   0   0   0   0   0
    ATC   0   0   0   0   0   0 |     ACC   0   0   0   0   1   0 |     AAC   1   1   1   1   1   1 |     AGC   4   4   4   4   4   4
    ATA   1   1   1   1   1   1 |     ACA   1   0   0   0   0   0 | Lys AAA   2   2   2   2   2   2 | Arg AGA   0   0   0   0   0   0
Met ATG   1   1   1   1   1   1 |     ACG   0   1   1   1   1   1 |     AAG   3   3   3   3   3   3 |     AGG   1   1   1   1   1   1
--------------------------------------------------------------------------------------------------------------------------------------
Val GTT   0   0   0   0   0   0 | Ala GCT   1   1   1   1   1   0 | Asp GAT   1   1   1   1   1   1 | Gly GGT   0   1   0   0   0   0
    GTC   0   0   0   0   0   0 |     GCC   1   1   1   1   0   2 |     GAC   3   4   3   3   4   4 |     GGC   2   1   2   2   2   2
    GTA   0   0   0   0   0   0 |     GCA   0   0   0   0   1   0 | Glu GAA   8   5   8   8   6   7 |     GGA   1   1   1   1   1   1
    GTG   1   1   1   1   1   1 |     GCG   2   2   2   2   1   2 |     GAG   5   7   5   5   6   5 |     GGG   1   0   1   1   1   1
--------------------------------------------------------------------------------------------------------------------------------------

--------------------------------------------------------------------------------------------------------------------------------------
Phe TTT   1   1   2   1   1   1 | Ser TCT   0   0   0   0   1   0 | Tyr TAT   0   0   0   0   0   0 | Cys TGT   0   0   0   0   0   0
    TTC   1   1   0   1   1   1 |     TCC   1   1   1   1   0   1 |     TAC   0   0   0   0   0   0 |     TGC   0   0   0   0   0   0
Leu TTA   1   1   1   1   1   1 |     TCA   2   2   2   2   2   2 | *** TAA   0   0   0   0   0   0 | *** TGA   0   0   0   0   0   0
    TTG   1   1   1   2   1   1 |     TCG   0   0   0   0   0   0 |     TAG   0   0   0   0   0   0 | Trp TGG   0   0   0   0   0   0
--------------------------------------------------------------------------------------------------------------------------------------
Leu CTT   0   0   0   0   0   0 | Pro CCT   1   1   1   1   1   1 | His CAT   0   0   0   0   0   0 | Arg CGT   0   0   0   0   0   0
    CTC   0   0   0   0   0   0 |     CCC   1   1   1   1   1   1 |     CAC   0   0   0   1   0   0 |     CGC   0   0   0   0   0   0
    CTA   0   0   0   0   0   0 |     CCA   0   0   0   0   0   0 | Gln CAA   0   0   0   0   0   0 |     CGA   0   0   0   0   0   0
    CTG   1   1   1   0   1   1 |     CCG   0   0   0   0   0   0 |     CAG   1   1   1   1   1   1 |     CGG   1   0   0   1   0   0
--------------------------------------------------------------------------------------------------------------------------------------
Ile ATT   0   0   0   0   0   0 | Thr ACT   0   0   0   0   0   0 | Asn AAT   0   0   0   0   0   0 | Ser AGT   0   0   0   0   0   0
    ATC   0   0   0   0   0   0 |     ACC   0   0   0   0   0   0 |     AAC   1   1   1   0   1   1 |     AGC   4   4   4   4   4   4
    ATA   1   1   1   1   1   1 |     ACA   0   0   0   0   0   0 | Lys AAA   2   2   2   2   2   2 | Arg AGA   0   0   0   0   0   0
Met ATG   1   1   1   1   1   1 |     ACG   1   1   1   1   1   1 |     AAG   3   3   3   3   3   3 |     AGG   1   1   1   1   1   1
--------------------------------------------------------------------------------------------------------------------------------------
Val GTT   0   0   0   0   0   0 | Ala GCT   1   1   1   1   1   1 | Asp GAT   1   1   2   1   1   1 | Gly GGT   1   1   1   0   0   0
    GTC   0   0   0   0   0   0 |     GCC   0   1   1   1   1   1 |     GAC   4   4   3   3   4   4 |     GGC   1   1   1   2   2   2
    GTA   0   0   0   0   0   0 |     GCA   0   0   0   0   0   0 | Glu GAA   7   7   7   6   7   7 |     GGA   1   1   1   1   1   1
    GTG   1   1   1   1   1   1 |     GCG   3   2   2   2   2   2 |     GAG   5   5   4   7   5   5 |     GGG   0   1   2   0   1   1
--------------------------------------------------------------------------------------------------------------------------------------

Codon position x base (3x4) table for each sequence.

#1: Argali         
position  1:    T:0.13725    C:0.07843    A:0.27451    G:0.50980
position  2:    T:0.15686    C:0.19608    A:0.47059    G:0.17647
position  3:    T:0.09804    C:0.27451    A:0.27451    G:0.35294
Average         T:0.13072    C:0.18301    A:0.33987    G:0.34641

#2: LesserMouseDeer
position  1:    T:0.13725    C:0.09804    A:0.29412    G:0.47059
position  2:    T:0.15686    C:0.21569    A:0.45098    G:0.17647
position  3:    T:0.11765    C:0.23529    A:0.31373    G:0.33333
Average         T:0.13725    C:0.18301    A:0.35294    G:0.32680

#3: LesserKudu     
position  1:    T:0.13725    C:0.07843    A:0.29412    G:0.49020
position  2:    T:0.15686    C:0.19608    A:0.47059    G:0.17647
position  3:    T:0.09804    C:0.27451    A:0.27451    G:0.35294
Average         T:0.13072    C:0.18301    A:0.34641    G:0.33987

#4: ForestMuskDeer2
position  1:    T:0.15686    C:0.09804    A:0.25490    G:0.49020
position  2:    T:0.15686    C:0.19608    A:0.47059    G:0.17647
position  3:    T:0.07843    C:0.27451    A:0.27451    G:0.37255
Average         T:0.13072    C:0.18954    A:0.33333    G:0.34641

#5: Camel          
position  1:    T:0.13725    C:0.07843    A:0.29412    G:0.49020
position  2:    T:0.15686    C:0.19608    A:0.45098    G:0.19608
position  3:    T:0.13725    C:0.21569    A:0.33333    G:0.31373
Average         T:0.14379    C:0.16340    A:0.35948    G:0.33333

#6: KillerWhale    
position  1:    T:0.13725    C:0.07843    A:0.29412    G:0.49020
position  2:    T:0.15686    C:0.19608    A:0.45098    G:0.19608
position  3:    T:0.13725    C:0.19608    A:0.35294    G:0.31373
Average         T:0.14379    C:0.15686    A:0.36601    G:0.33333

#7: DefassaWaterbuck
position  1:    T:0.13725    C:0.07843    A:0.27451    G:0.50980
position  2:    T:0.15686    C:0.19608    A:0.47059    G:0.17647
position  3:    T:0.07843    C:0.29412    A:0.29412    G:0.33333
Average         T:0.12418    C:0.18954    A:0.34641    G:0.33987

#8: Sheep          
position  1:    T:0.13725    C:0.07843    A:0.27451    G:0.50980
position  2:    T:0.15686    C:0.19608    A:0.47059    G:0.17647
position  3:    T:0.09804    C:0.25490    A:0.27451    G:0.37255
Average         T:0.13072    C:0.17647    A:0.33987    G:0.35294

#9: MaxwellsDuiker 
position  1:    T:0.13725    C:0.07843    A:0.27451    G:0.50980
position  2:    T:0.15686    C:0.23529    A:0.45098    G:0.15686
position  3:    T:0.05882    C:0.31373    A:0.27451    G:0.35294
Average         T:0.11765    C:0.20915    A:0.33333    G:0.33987

#10: GazellaPrzewalskyi
position  1:    T:0.13725    C:0.09804    A:0.27451    G:0.49020
position  2:    T:0.15686    C:0.19608    A:0.47059    G:0.17647
position  3:    T:0.11765    C:0.25490    A:0.29412    G:0.33333
Average         T:0.13725    C:0.18301    A:0.34641    G:0.33333

#11: MountainNyala  
position  1:    T:0.13725    C:0.07843    A:0.27451    G:0.50980
position  2:    T:0.15686    C:0.19608    A:0.47059    G:0.17647
position  3:    T:0.09804    C:0.27451    A:0.27451    G:0.35294
Average         T:0.13072    C:0.18301    A:0.33987    G:0.34641

#12: MuntiacusMuntjak
position  1:    T:0.13725    C:0.07843    A:0.27451    G:0.50980
position  2:    T:0.15686    C:0.19608    A:0.47059    G:0.17647
position  3:    T:0.09804    C:0.25490    A:0.29412    G:0.35294
Average         T:0.13072    C:0.17647    A:0.34641    G:0.34641

#13: goat           
position  1:    T:0.13725    C:0.07843    A:0.27451    G:0.50980
position  2:    T:0.15686    C:0.21569    A:0.47059    G:0.15686
position  3:    T:0.09804    C:0.27451    A:0.27451    G:0.35294
Average         T:0.13072    C:0.18954    A:0.33987    G:0.33987

#14: AfricanBuffalo 
position  1:    T:0.13725    C:0.07843    A:0.27451    G:0.50980
position  2:    T:0.15686    C:0.19608    A:0.47059    G:0.17647
position  3:    T:0.11765    C:0.25490    A:0.27451    G:0.35294
Average         T:0.13725    C:0.17647    A:0.33987    G:0.34641

#15: Topi           
position  1:    T:0.13725    C:0.07843    A:0.27451    G:0.50980
position  2:    T:0.17647    C:0.19608    A:0.47059    G:0.15686
position  3:    T:0.11765    C:0.25490    A:0.27451    G:0.35294
Average         T:0.14379    C:0.17647    A:0.33987    G:0.33987

#16: CommonDuiker   
position  1:    T:0.13725    C:0.07843    A:0.29412    G:0.49020
position  2:    T:0.15686    C:0.19608    A:0.47059    G:0.17647
position  3:    T:0.11765    C:0.27451    A:0.27451    G:0.33333
Average         T:0.13725    C:0.18301    A:0.34641    G:0.33333

#17: Suni           
position  1:    T:0.13725    C:0.07843    A:0.27451    G:0.50980
position  2:    T:0.15686    C:0.19608    A:0.47059    G:0.17647
position  3:    T:0.09804    C:0.27451    A:0.25490    G:0.37255
Average         T:0.13072    C:0.18301    A:0.33333    G:0.35294

#18: Springbuck     
position  1:    T:0.11765    C:0.11765    A:0.27451    G:0.49020
position  2:    T:0.15686    C:0.19608    A:0.47059    G:0.17647
position  3:    T:0.09804    C:0.27451    A:0.27451    G:0.35294
Average         T:0.12418    C:0.19608    A:0.33987    G:0.33987

#19: Okapi          
position  1:    T:0.13725    C:0.07843    A:0.27451    G:0.50980
position  2:    T:0.15686    C:0.19608    A:0.47059    G:0.17647
position  3:    T:0.09804    C:0.25490    A:0.27451    G:0.37255
Average         T:0.13072    C:0.17647    A:0.33987    G:0.35294

#20: Giraffe        
position  1:    T:0.13725    C:0.07843    A:0.27451    G:0.50980
position  2:    T:0.15686    C:0.19608    A:0.47059    G:0.17647
position  3:    T:0.09804    C:0.25490    A:0.27451    G:0.37255
Average         T:0.13072    C:0.17647    A:0.33987    G:0.35294

#21: TibetanAntelope
position  1:    T:0.13725    C:0.07843    A:0.29412    G:0.49020
position  2:    T:0.15686    C:0.19608    A:0.47059    G:0.17647
position  3:    T:0.09804    C:0.25490    A:0.27451    G:0.37255
Average         T:0.13072    C:0.17647    A:0.34641    G:0.34641

#22: Sitatunga      
position  1:    T:0.13725    C:0.07843    A:0.27451    G:0.50980
position  2:    T:0.15686    C:0.19608    A:0.47059    G:0.17647
position  3:    T:0.09804    C:0.27451    A:0.27451    G:0.35294
Average         T:0.13072    C:0.18301    A:0.33987    G:0.34641

#23: Oribi          
position  1:    T:0.13725    C:0.09804    A:0.27451    G:0.49020
position  2:    T:0.15686    C:0.21569    A:0.45098    G:0.17647
position  3:    T:0.09804    C:0.27451    A:0.27451    G:0.35294
Average         T:0.13072    C:0.19608    A:0.33333    G:0.33987

#24: BarbarySheep   
position  1:    T:0.13725    C:0.07843    A:0.27451    G:0.50980
position  2:    T:0.15686    C:0.19608    A:0.47059    G:0.17647
position  3:    T:0.09804    C:0.27451    A:0.27451    G:0.35294
Average         T:0.13072    C:0.18301    A:0.33987    G:0.34641

#25: Daviddeer      
position  1:    T:0.13725    C:0.07843    A:0.27451    G:0.50980
position  2:    T:0.15686    C:0.19608    A:0.47059    G:0.17647
position  3:    T:0.09804    C:0.25490    A:0.29412    G:0.35294
Average         T:0.13072    C:0.17647    A:0.34641    G:0.34641

#26: Reindeer       
position  1:    T:0.13725    C:0.07843    A:0.29412    G:0.49020
position  2:    T:0.15686    C:0.19608    A:0.47059    G:0.17647
position  3:    T:0.09804    C:0.25490    A:0.29412    G:0.35294
Average         T:0.13072    C:0.17647    A:0.35294    G:0.33987

#27: Ibex           
position  1:    T:0.13725    C:0.07843    A:0.27451    G:0.50980
position  2:    T:0.15686    C:0.19608    A:0.47059    G:0.17647
position  3:    T:0.09804    C:0.27451    A:0.27451    G:0.35294
Average         T:0.13072    C:0.18301    A:0.33987    G:0.34641

#28: GyrantGazelle  
position  1:    T:0.13725    C:0.09804    A:0.27451    G:0.49020
position  2:    T:0.15686    C:0.19608    A:0.47059    G:0.17647
position  3:    T:0.09804    C:0.27451    A:0.27451    G:0.35294
Average         T:0.13072    C:0.18954    A:0.33987    G:0.33987

#29: Hartebeest     
position  1:    T:0.13725    C:0.07843    A:0.27451    G:0.50980
position  2:    T:0.17647    C:0.19608    A:0.47059    G:0.15686
position  3:    T:0.11765    C:0.25490    A:0.27451    G:0.35294
Average         T:0.14379    C:0.17647    A:0.33987    G:0.33987

#30: Bongo          
position  1:    T:0.13725    C:0.07843    A:0.27451    G:0.50980
position  2:    T:0.15686    C:0.19608    A:0.47059    G:0.17647
position  3:    T:0.09804    C:0.27451    A:0.27451    G:0.35294
Average         T:0.13072    C:0.18301    A:0.33987    G:0.34641

#31: Gerenuk        
position  1:    T:0.13725    C:0.09804    A:0.27451    G:0.49020
position  2:    T:0.15686    C:0.19608    A:0.47059    G:0.17647
position  3:    T:0.09804    C:0.27451    A:0.31373    G:0.31373
Average         T:0.13072    C:0.18954    A:0.35294    G:0.32680

#32: CommonEland    
position  1:    T:0.13725    C:0.07843    A:0.27451    G:0.50980
position  2:    T:0.15686    C:0.19608    A:0.47059    G:0.17647
position  3:    T:0.07843    C:0.29412    A:0.27451    G:0.35294
Average         T:0.12418    C:0.18954    A:0.33987    G:0.34641

#33: MuntiacusReevesi
position  1:    T:0.13725    C:0.07843    A:0.27451    G:0.50980
position  2:    T:0.15686    C:0.19608    A:0.47059    G:0.17647
position  3:    T:0.09804    C:0.25490    A:0.29412    G:0.35294
Average         T:0.13072    C:0.17647    A:0.34641    G:0.34641

#34: HarveysDuiker  
position  1:    T:0.13725    C:0.09804    A:0.25490    G:0.50980
position  2:    T:0.15686    C:0.17647    A:0.45098    G:0.21569
position  3:    T:0.07843    C:0.29412    A:0.27451    G:0.35294
Average         T:0.12418    C:0.18954    A:0.32680    G:0.35948

#35: Pronghorn      
position  1:    T:0.13725    C:0.07843    A:0.27451    G:0.50980
position  2:    T:0.15686    C:0.21569    A:0.43137    G:0.19608
position  3:    T:0.07843    C:0.27451    A:0.27451    G:0.37255
Average         T:0.12418    C:0.18954    A:0.32680    G:0.35948

#36: BlueWildebeest 
position  1:    T:0.13725    C:0.07843    A:0.27451    G:0.50980
position  2:    T:0.17647    C:0.19608    A:0.47059    G:0.15686
position  3:    T:0.11765    C:0.25490    A:0.27451    G:0.35294
Average         T:0.14379    C:0.17647    A:0.33987    G:0.33987

#37: Gemsbok        
position  1:    T:0.13725    C:0.07843    A:0.27451    G:0.50980
position  2:    T:0.17647    C:0.19608    A:0.47059    G:0.15686
position  3:    T:0.09804    C:0.25490    A:0.29412    G:0.35294
Average         T:0.13725    C:0.17647    A:0.34641    G:0.33987

#38: Yak            
position  1:    T:0.13725    C:0.07843    A:0.29412    G:0.49020
position  2:    T:0.15686    C:0.19608    A:0.47059    G:0.17647
position  3:    T:0.09804    C:0.27451    A:0.29412    G:0.33333
Average         T:0.13072    C:0.18301    A:0.35294    G:0.33333

#39: BlueSheep      
position  1:    T:0.13725    C:0.07843    A:0.27451    G:0.50980
position  2:    T:0.15686    C:0.21569    A:0.47059    G:0.15686
position  3:    T:0.09804    C:0.27451    A:0.27451    G:0.35294
Average         T:0.13072    C:0.18954    A:0.33987    G:0.33987

#40: BohorReedbuck  
position  1:    T:0.13725    C:0.07843    A:0.27451    G:0.50980
position  2:    T:0.15686    C:0.19608    A:0.47059    G:0.17647
position  3:    T:0.07843    C:0.29412    A:0.29412    G:0.33333
Average         T:0.12418    C:0.18954    A:0.34641    G:0.33987

#41: KirksDik       
position  1:    T:0.13725    C:0.09804    A:0.27451    G:0.49020
position  2:    T:0.15686    C:0.19608    A:0.47059    G:0.17647
position  3:    T:0.11765    C:0.25490    A:0.25490    G:0.37255
Average         T:0.13725    C:0.18301    A:0.33333    G:0.34641

#42: RoeDeer        
position  1:    T:0.13725    C:0.07843    A:0.27451    G:0.50980
position  2:    T:0.15686    C:0.19608    A:0.45098    G:0.19608
position  3:    T:0.09804    C:0.25490    A:0.25490    G:0.39216
Average         T:0.13072    C:0.17647    A:0.32680    G:0.36601

#43: WhiteLippedDeer
position  1:    T:0.13725    C:0.07843    A:0.27451    G:0.50980
position  2:    T:0.15686    C:0.19608    A:0.47059    G:0.17647
position  3:    T:0.09804    C:0.25490    A:0.31373    G:0.33333
Average         T:0.13072    C:0.17647    A:0.35294    G:0.33987

#44: ThomsonGazelle 
position  1:    T:0.13725    C:0.09804    A:0.27451    G:0.49020
position  2:    T:0.15686    C:0.19608    A:0.47059    G:0.17647
position  3:    T:0.09804    C:0.27451    A:0.21569    G:0.41176
Average         T:0.13072    C:0.18954    A:0.32026    G:0.35948

#45: MuntiacusCrinifrons
position  1:    T:0.13725    C:0.07843    A:0.27451    G:0.50980
position  2:    T:0.15686    C:0.19608    A:0.47059    G:0.17647
position  3:    T:0.09804    C:0.25490    A:0.29412    G:0.35294
Average         T:0.13072    C:0.17647    A:0.34641    G:0.34641

#46: WhiteTailedDeer
position  1:    T:0.13725    C:0.07843    A:0.27451    G:0.50980
position  2:    T:0.15686    C:0.19608    A:0.47059    G:0.17647
position  3:    T:0.09804    C:0.25490    A:0.29412    G:0.35294
Average         T:0.13072    C:0.17647    A:0.34641    G:0.34641

#47: Cattle         
position  1:    T:0.13725    C:0.07843    A:0.29412    G:0.49020
position  2:    T:0.15686    C:0.19608    A:0.47059    G:0.17647
position  3:    T:0.09804    C:0.27451    A:0.27451    G:0.35294
Average         T:0.13072    C:0.18301    A:0.34641    G:0.33987

#48: RoyalAntelope  
position  1:    T:0.13725    C:0.07843    A:0.27451    G:0.50980
position  2:    T:0.15686    C:0.19608    A:0.47059    G:0.17647
position  3:    T:0.05882    C:0.31373    A:0.27451    G:0.35294
Average         T:0.11765    C:0.19608    A:0.33987    G:0.34641

#49: Steenbok       
position  1:    T:0.13725    C:0.09804    A:0.27451    G:0.49020
position  2:    T:0.15686    C:0.19608    A:0.47059    G:0.17647
position  3:    T:0.09804    C:0.25490    A:0.27451    G:0.37255
Average         T:0.13072    C:0.18301    A:0.33987    G:0.34641

#50: Impala         
position  1:    T:0.13725    C:0.07843    A:0.27451    G:0.50980
position  2:    T:0.15686    C:0.19608    A:0.47059    G:0.17647
position  3:    T:0.09804    C:0.27451    A:0.27451    G:0.35294
Average         T:0.13072    C:0.18301    A:0.33987    G:0.34641

#51: Klipspringer   
position  1:    T:0.13725    C:0.07843    A:0.27451    G:0.50980
position  2:    T:0.15686    C:0.19608    A:0.45098    G:0.19608
