CODONML (in paml version 4.10.7, June 2023)  /home/rachel/ruminants_paml/6406-phy-tree/ENSBTAT00000002544.fasta.phy
Model: free dN/dS Ratios for branches,  kappa = 2.000 fixed

Codon frequency model: F3x4
ns =  54  ls = 110

Codon usage in sequences
--------------------------------------------------------------------------------------------------------------------------------------
Phe TTT   3   3   3   3   3   3 | Ser TCT   3   2   3   3   3   3 | Tyr TAT   1   0   1   1   1   2 | Cys TGT   0   2   1   0   1   1
    TTC   1   1   1   1   1   1 |     TCC   1   1   2   1   1   1 |     TAC   4   4   4   4   4   3 |     TGC   2   1   1   2   1   1
Leu TTA   2   2   2   2   2   2 |     TCA   2   2   2   2   2   2 | *** TAA   0   0   0   0   0   0 | *** TGA   0   0   0   0   0   0
    TTG   1   2   2   2   1   2 |     TCG   0   1   0   0   0   0 |     TAG   0   0   0   0   0   0 | Trp TGG   2   2   2   2   2   2
--------------------------------------------------------------------------------------------------------------------------------------
Leu CTT   4   4   4   4   3   4 | Pro CCT   1   0   0   1   2   2 | His CAT   3   2   3   3   3   3 | Arg CGT   0   0   0   0   0   0
    CTC   1   1   1   1   2   1 |     CCC   3   4   3   3   2   2 |     CAC   2   3   2   2   2   2 |     CGC   0   0   0   0   0   0
    CTA   0   0   0   0   0   0 |     CCA   0   0   0   0   0   0 | Gln CAA   0   0   0   0   1   0 |     CGA   0   0   0   0   1   0
    CTG   2   1   1   1   2   1 |     CCG   0   0   1   0   0   0 |     CAG   2   2   2   2   1   2 |     CGG   1   1   1   1   0   1
--------------------------------------------------------------------------------------------------------------------------------------
Ile ATT   6   6   6   6   6   6 | Thr ACT   2   1   1   3   0   1 | Asn AAT   2   3   2   2   1   1 | Ser AGT   1   2   2   1   1   1
    ATC   2   1   2   2   2   2 |     ACC   0   2   0   0   1   1 |     AAC   3   2   3   3   4   4 |     AGC   3   2   2   3   3   3
    ATA   2   2   3   1   1   2 |     ACA   2   2   2   1   2   2 | Lys AAA   5   4   6   5   5   5 | Arg AGA   3   3   3   4   2   3
Met ATG   4   4   4   4   4   4 |     ACG   0   0   0   0   1   0 |     AAG   3   2   2   2   2   2 |     AGG   0   0   0   0   1   0
--------------------------------------------------------------------------------------------------------------------------------------
Val GTT   1   0   1   1   1   1 | Ala GCT   3   2   3   3   2   2 | Asp GAT   4   3   4   3   3   3 | Gly GGT   2   2   2   2   3   2
    GTC   1   1   1   1   1   1 |     GCC   3   5   3   3   3   3 |     GAC   1   2   1   1   2   2 |     GGC   2   2   2   2   1   2
    GTA   1   2   1   2   2   2 |     GCA   2   1   2   2   3   3 | Glu GAA   0   2   0   2   3   3 |     GGA   1   2   1   1   2   1
    GTG   2   3   1   2   2   1 |     GCG   0   0   0   0   0   0 |     GAG   6   5   6   6   4   4 |     GGG   2   1   2   1   1   2
--------------------------------------------------------------------------------------------------------------------------------------

--------------------------------------------------------------------------------------------------------------------------------------
Phe TTT   3   3   3   3   3   3 | Ser TCT   4   3   3   3   3   3 | Tyr TAT   1   1   1   1   1   1 | Cys TGT   0   0   0   0   1   0
    TTC   1   1   1   1   1   1 |     TCC   0   1   2   1   2   1 |     TAC   4   4   4   4   4   4 |     TGC   2   2   2   2   1   2
Leu TTA   2   2   2   2   2   2 |     TCA   2   2   1   2   2   2 | *** TAA   0   0   0   0   0   0 | *** TGA   0   0   0   0   0   0
    TTG   2   1   2   2   2   2 |     TCG   0   0   0   0   0   0 |     TAG   0   0   0   0   0   0 | Trp TGG   2   2   2   2   2   2
--------------------------------------------------------------------------------------------------------------------------------------
Leu CTT   4   4   4   4   4   4 | Pro CCT   1   1   1   1   0   1 | His CAT   3   3   3   3   3   2 | Arg CGT   0   0   0   0   0   0
    CTC   1   1   1   1   1   1 |     CCC   3   3   3   3   3   3 |     CAC   2   2   2   2   2   3 |     CGC   0   0   0   0   0   0
    CTA   0   0   0   0   0   0 |     CCA   0   0   0   0   0   0 | Gln CAA   1   0   0   0   0   0 |     CGA   0   0   0   0   0   0
    CTG   1   2   1   1   1   1 |     CCG   0   0   0   0   1   0 |     CAG   1   2   2   2   2   2 |     CGG   1   1   1   1   1   1
--------------------------------------------------------------------------------------------------------------------------------------
Ile ATT   6   6   6   6   6   5 | Thr ACT   2   2   2   2   1   1 | Asn AAT   2   2   1   1   2   2 | Ser AGT   1   1   1   1   1   1
    ATC   2   2   2   3   2   3 |     ACC   0   0   0   0   0   1 |     AAC   3   3   4   4   3   3 |     AGC   3   3   3   3   3   3
    ATA   2   2   2   1   3   2 |     ACA   2   2   2   2   2   2 | Lys AAA   6   5   7   6   6   6 | Arg AGA   3   3   3   3   3   3
Met ATG   4   4   4   4   4   4 |     ACG   0   0   0   0   0   0 |     AAG   2   3   1   2   2   2 |     AGG   0   0   0   0   0   0
--------------------------------------------------------------------------------------------------------------------------------------
Val GTT   1   1   1   1   1   1 | Ala GCT   3   3   3   3   3   3 | Asp GAT   4   4   4   5   4   3 | Gly GGT   2   2   2   2   2   2
    GTC   1   1   1   1   1   1 |     GCC   3   3   3   3   3   3 |     GAC   1   1   1   1   1   2 |     GGC   2   2   2   2   2   2
    GTA   2   1   2   2   1   1 |     GCA   2   2   2   2   2   1 | Glu GAA   0   0   0   1   0   0 |     GGA   1   1   1   1   1   1
    GTG   1   2   1   1   1   2 |     GCG   0   0   0   0   0   1 |     GAG   6   6   6   4   6   6 |     GGG   2   2   2   2   2   2
--------------------------------------------------------------------------------------------------------------------------------------

--------------------------------------------------------------------------------------------------------------------------------------
Phe TTT   3   3   3   3   3   3 | Ser TCT   3   3   3   3   3   3 | Tyr TAT   1   1   2   1   2   1 | Cys TGT   0   0   0   0   0   0
    TTC   1   1   1   1   1   1 |     TCC   1   1   1   1   1   1 |     TAC   4   4   3   4   3   4 |     TGC   2   2   2   2   2   2
Leu TTA   2   2   2   2   2   2 |     TCA   2   2   2   2   2   2 | *** TAA   0   0   0   0   0   0 | *** TGA   0   0   0   0   0   0
    TTG   1   2   2   2   2   2 |     TCG   0   0   0   0   0   0 |     TAG   0   0   0   0   0   0 | Trp TGG   2   2   2   2   2   2
--------------------------------------------------------------------------------------------------------------------------------------
Leu CTT   4   4   4   4   4   4 | Pro CCT   1   1   1   1   1   1 | His CAT   3   3   3   3   3   3 | Arg CGT   0   0   0   0   0   0
    CTC   1   1   1   1   1   1 |     CCC   3   3   3   3   3   3 |     CAC   2   2   2   2   2   2 |     CGC   0   0   0   0   0   0
    CTA   0   0   0   0   0   0 |     CCA   0   0   0   0   0   0 | Gln CAA   0   0   0   0   0   0 |     CGA   0   0   0   0   0   0
    CTG   2   1   1   1   1   1 |     CCG   0   0   0   0   0   0 |     CAG   2   2   2   2   2   2 |     CGG   1   1   1   1   1   1
--------------------------------------------------------------------------------------------------------------------------------------
Ile ATT   6   6   6   6   6   6 | Thr ACT   2   2   1   1   2   1 | Asn AAT   2   2   2   1   2   1 | Ser AGT   1   1   1   1   1   1
    ATC   2   2   2   2   2   3 |     ACC   0   0   1   1   0   1 |     AAC   3   3   3   4   3   4 |     AGC   3   3   3   3   3   3
    ATA   2   2   2   2   2   1 |     ACA   2   2   2   2   2   2 | Lys AAA   5   6   6   7   5   6 | Arg AGA   3   3   3   3   3   3
Met ATG   4   4   4   4   4   4 |     ACG   0   0   0   0   0   0 |     AAG   3   2   2   1   2   2 |     AGG   0   0   0   0   0   0
--------------------------------------------------------------------------------------------------------------------------------------
Val GTT   1   1   1   1   1   0 | Ala GCT   3   3   3   3   3   2 | Asp GAT   4   4   4   4   4   4 | Gly GGT   2   2   2   2   2   2
    GTC   1   1   1   1   1   1 |     GCC   3   3   3   3   3   4 |     GAC   1   1   1   1   1   1 |     GGC   2   2   2   2   2   2
    GTA   1   2   2   2   2   2 |     GCA   2   2   2   2   2   2 | Glu GAA   0   0   0   0   1   0 |     GGA   1   1   1   1   1   1
    GTG   2   1   1   1   1   2 |     GCG   0   0   0   0   0   0 |     GAG   6   6   6   6   6   6 |     GGG   2   2   2   2   2   2
--------------------------------------------------------------------------------------------------------------------------------------

--------------------------------------------------------------------------------------------------------------------------------------
Phe TTT   3   4   3   3   3   3 | Ser TCT   3   3   3   3   3   3 | Tyr TAT   1   2   2   1   1   1 | Cys TGT   0   0   0   1   0   0
    TTC   1   0   1   1   1   1 |     TCC   1   1   1   2   1   1 |     TAC   4   3   3   4   4   4 |     TGC   2   2   2   1   2   2
Leu TTA   2   2   2   2   2   2 |     TCA   2   1   2   2   2   2 | *** TAA   0   0   0   0   0   0 | *** TGA   0   0   0   0   0   0
    TTG   2   2   1   2   2   1 |     TCG   0   1   0   0   0   0 |     TAG   0   0   0   0   0   0 | Trp TGG   2   2   1   2   2   2
--------------------------------------------------------------------------------------------------------------------------------------
Leu CTT   4   3   4   4   4   4 | Pro CCT   1   1   1   0   1   1 | His CAT   3   3   3   3   3   3 | Arg CGT   0   0   0   0   0   0
    CTC   1   2   1   1   1   1 |     CCC   3   3   2   3   3   3 |     CAC   2   2   2   2   2   2 |     CGC   0   0   0   0   0   0
    CTA   0   0   0   0   0   0 |     CCA   0   0   0   0   0   0 | Gln CAA   0   0   0   0   0   0 |     CGA   0   0   0   0   0   0
    CTG   1   1   2   1   1   2 |     CCG   0   0   1   1   0   0 |     CAG   2   2   2   2   2   2 |     CGG   1   1   1   1   1   1
--------------------------------------------------------------------------------------------------------------------------------------
Ile ATT   6   6   6   6   7   6 | Thr ACT   2   2   2   1   1   2 | Asn AAT   2   2   2   2   1   2 | Ser AGT   1   1   1   1   1   1
    ATC   2   2   2   2   2   2 |     ACC   0   0   0   0   1   0 |     AAC   3   3   3   3   4   3 |     AGC   3   3   3   3   3   3
    ATA   2   2   2   3   1   2 |     ACA   1   1   2   2   2   2 | Lys AAA   6   6   5   6   5   5 | Arg AGA   3   3   3   3   3   3
Met ATG   4   4   4   4   4   4 |     ACG   1   1   0   0   0   0 |     AAG   2   2   2   2   2   3 |     AGG   0   0   1   0   0   0
--------------------------------------------------------------------------------------------------------------------------------------
Val GTT   1   1   1   1   1   1 | Ala GCT   3   3   3   3   3   3 | Asp GAT   4   4   4   4   4   4 | Gly GGT   2   2   2   2   2   2
    GTC   1   1   1   1   1   1 |     GCC   3   3   3   3   3   3 |     GAC   1   1   1   1   1   1 |     GGC   2   2   2   2   2   2
    GTA   2   2   1   1   2   1 |     GCA   2   2   2   2   2   2 | Glu GAA   0   0   0   0   1   0 |     GGA   2   2   1   1   1   1
    GTG   1   1   2   1   1   2 |     GCG   0   0   0   0   0   0 |     GAG   6   6   6   6   6   6 |     GGG   1   1   3   2   2   2
--------------------------------------------------------------------------------------------------------------------------------------

--------------------------------------------------------------------------------------------------------------------------------------
Phe TTT   3   3   3   3   3   3 | Ser TCT   3   3   3   3   3   3 | Tyr TAT   1   1   1   2   2   1 | Cys TGT   1   0   0   0   0   1
    TTC   1   1   1   1   1   1 |     TCC   1   1   1   1   1   2 |     TAC   4   4   4   3   3   4 |     TGC   1   3   2   2   2   1
Leu TTA   2   2   2   2   2   2 |     TCA   2   2   2   2   2   2 | *** TAA   0   0   0   0   0   0 | *** TGA   0   0   0   0   0   0
    TTG   2   2   1   2   2   2 |     TCG   0   0   0   0   0   0 |     TAG   0   0   0   0   0   0 | Trp TGG   2   1   2   2   2   2
--------------------------------------------------------------------------------------------------------------------------------------
Leu CTT   4   4   4   4   4   4 | Pro CCT   1   1   1   1   1   0 | His CAT   3   3   3   3   3   3 | Arg CGT   0   0   0   0   0   0
    CTC   1   1   1   1   1   1 |     CCC   3   3   3   3   3   3 |     CAC   2   2   2   2   2   2 |     CGC   0   0   0   0   0   0
    CTA   0   0   0   0   0   0 |     CCA   0   0   0   0   0   0 | Gln CAA   0   0   0   0   0   0 |     CGA   0   0   0   0   0   0
    CTG   1   1   2   1   1   1 |     CCG   0   0   0   0   0   1 |     CAG   2   2   2   2   2   2 |     CGG   1   1   1   1   1   1
--------------------------------------------------------------------------------------------------------------------------------------
Ile ATT   6   6   6   6   6   6 | Thr ACT   2   1   2   1   2   1 | Asn AAT   2   2   2   1   2   2 | Ser AGT   1   1   1   1   1   1
    ATC   2   2   2   3   2   2 |     ACC   0   1   0   1   0   0 |     AAC   3   3   3   4   3   3 |     AGC   3   3   3   3   3   3
    ATA   2   2   2   1   2   3 |     ACA   2   2   2   2   2   2 | Lys AAA   6   5   5   6   6   6 | Arg AGA   3   2   3   3   3   3
Met ATG   4   4   4   4   4   4 |     ACG   0   0   0   0   0   0 |     AAG   2   3   3   2   2   2 |     AGG   0   1   0   0   0   0
--------------------------------------------------------------------------------------------------------------------------------------
Val GTT   1   1   1   1   1   1 | Ala GCT   3   3   3   3   3   3 | Asp GAT   4   4   4   4   4   4 | Gly GGT   2   2   2   2   2   2
    GTC   1   1   1   1   1   1 |     GCC   3   3   3   3   3   3 |     GAC   1   1   1   1   1   1 |     GGC   2   2   2   2   2   2
    GTA   2   2   1   2   2   1 |     GCA   2   2   2   2   2   2 | Glu GAA   0   0   0   0   0   0 |     GGA   1   1   1   1   1   1
    GTG   1   1   2   1   1   1 |     GCG   0   0   0   0   0   0 |     GAG   6   6   6   6   6   6 |     GGG   2   2   2   2   2   2
--------------------------------------------------------------------------------------------------------------------------------------

--------------------------------------------------------------------------------------------------------------------------------------
Phe TTT   3   3   3   3   3   3 | Ser TCT   3   4   3   3   3   3 | Tyr TAT   1   1   1   1   1   2 | Cys TGT   0   1   0   0   0   0
    TTC   1   1   1   1   1   1 |     TCC   1   1   1   1   1   1 |     TAC   4   4   4   4   4   3 |     TGC   2   1   2   2   2   2
Leu TTA   2   2   2   2   1   2 |     TCA   2   2   2   2   2   2 | *** TAA   0   0   0   0   0   0 | *** TGA   0   0   0   0   0   0
    TTG   2   2   2   2   3   2 |     TCG   0   0   0   0   0   0 |     TAG   0   0   0   0   0   0 | Trp TGG   2   2   2   2   2   2
--------------------------------------------------------------------------------------------------------------------------------------
Leu CTT   4   4   4   4   4   4 | Pro CCT   1   0   1   1   1   1 | His CAT   3   3   3   3   3   3 | Arg CGT   0   0   0   0   0   0
    CTC   1   1   1   1   1   1 |     CCC   3   3   3   3   3   3 |     CAC   2   2   2   2   2   2 |     CGC   0   0   0   0   0   0
    CTA   0   0   0   0   0   0 |     CCA   0   0   0   0   0   0 | Gln CAA   0   0   0   0   0   0 |     CGA   0   0   0   0   0   0
    CTG   1   1   1   1   1   1 |     CCG   0   1   0   0   0   0 |     CAG   2   2   2   2   2   2 |     CGG   1   1   1   1   1   1
--------------------------------------------------------------------------------------------------------------------------------------
Ile ATT   6   6   6   6   6   6 | Thr ACT   1   1   1   2   2   2 | Asn AAT   1   2   2   1   1   2 | Ser AGT   1   1   1   1   1   1
    ATC   3   2   2   2   2   2 |     ACC   1   0   1   0   0   0 |     AAC   4   3   3   4   4   3 |     AGC   3   3   3   3   3   3
    ATA   1   3   2   2   2   2 |     ACA   2   2   2   2   1   2 | Lys AAA   6   6   6   7   6   6 | Arg AGA   3   3   3   3   3   3
Met ATG   4   4   4   4   4   4 |     ACG   0   0   0   0   0   0 |     AAG   2   2   2   1   2   2 |     AGG   0   0   0   0   0   0
--------------------------------------------------------------------------------------------------------------------------------------
Val GTT   1   1   1   1   0   1 | Ala GCT   3   3   3   3   3   3 | Asp GAT   4   4   3   4   4   4 | Gly GGT   2   2   2   2   1   2
    GTC   1   1   1   1   2   1 |     GCC   3   3   3   3   4   3 |     GAC   1   1   2   1   1   1 |     GGC   2   2   2   2   2   2
    GTA   2   1   1   2   1   2 |     GCA   2   2   1   2   2   2 | Glu GAA   0   0   0   1   0   0 |     GGA   1   1   1   1   2   1
    GTG   1   1   2   1   2   1 |     GCG   0   0   1   0   0   0 |     GAG   6   6   6   5   6   6 |     GGG   2   2   2   2   2   2
--------------------------------------------------------------------------------------------------------------------------------------

--------------------------------------------------------------------------------------------------------------------------------------
Phe TTT   3   3   3   3   3   3 | Ser TCT   3   3   3   3   3   3 | Tyr TAT   1   1   1   1   1   2 | Cys TGT   0   0   0   0   0   0
    TTC   1   1   1   1   1   1 |     TCC   1   1   1   1   1   1 |     TAC   4   4   4   4   4   3 |     TGC   2   2   2   2   2   2
Leu TTA   2   2   2   2   2   2 |     TCA   2   2   2   2   2   2 | *** TAA   0   0   0   0   0   0 | *** TGA   0   0   0   0   0   0
    TTG   2   2   1   2   2   2 |     TCG   0   0   0   0   0   0 |     TAG   0   0   0   0   0   0 | Trp TGG   2   2   2   2   2   2
--------------------------------------------------------------------------------------------------------------------------------------
Leu CTT   4   4   4   4   4   4 | Pro CCT   1   1   1   1   1   1 | His CAT   3   3   3   3   3   3 | Arg CGT   0   0   0   0   0   0
    CTC   1   1   1   1   1   1 |     CCC   3   3   3   3   2   3 |     CAC   2   2   2   2   2   2 |     CGC   0   0   0   0   0   0
    CTA   0   0   0   0   0   0 |     CCA   0   0   0   0   0   0 | Gln CAA   0   0   0   1   0   0 |     CGA   0   0   0   0   0   0
    CTG   1   1   2   1   1   1 |     CCG   0   0   0   0   1   0 |     CAG   2   2   2   1   2   2 |     CGG   1   1   1   1   1   1
--------------------------------------------------------------------------------------------------------------------------------------
Ile ATT   6   6   6   6   6   6 | Thr ACT   1   1   2   2   1   1 | Asn AAT   2   2   2   2   1   2 | Ser AGT   1   1   1   1   1   1
    ATC   2   2   2   2   3   2 |     ACC   1   1   0   0   1   1 |     AAC   3   3   3   3   4   3 |     AGC   3   3   3   3   3   3
    ATA   2   2   2   2   1   2 |     ACA   2   2   2   2   2   2 | Lys AAA   6   6   5   6   6   6 | Arg AGA   3   3   3   3   3   3
Met ATG   4   4   4   4   4   4 |     ACG   0   0   0   0   0   0 |     AAG   2   2   3   2   2   2 |     AGG   0   0   0   0   0   0
--------------------------------------------------------------------------------------------------------------------------------------
Val GTT   1   1   1   1   1   1 | Ala GCT   3   3   3   3   3   3 | Asp GAT   4   4   4   4   5   4 | Gly GGT   2   2   2   2   1   2
    GTC   1   1   1   1   1   1 |     GCC   3   3   3   3   3   3 |     GAC   1   1   1   1   1   1 |     GGC   2   2   2   2   3   2
    GTA   2   2   1   2   2   2 |     GCA   2   2   2   2   2   2 | Glu GAA   1   0   0   0   1   0 |     GGA   1   1   1   1   1   1
    GTG   1   1   2   1   1   1 |     GCG   0   0   0   0   0   0 |     GAG   5   6   6   6   4   6 |     GGG   2   2   2   2   2   2
--------------------------------------------------------------------------------------------------------------------------------------

--------------------------------------------------------------------------------------------------------------------------------------
Phe TTT   3   3   3   3   3   3 | Ser TCT   3   4   3   3   3   3 | Tyr TAT   1   2   1   1   1   1 | Cys TGT   1   0   0   1   0   0
    TTC   1   1   1   1   1   1 |     TCC   1   0   1   1   1   1 |     TAC   4   3   4   4   4   4 |     TGC   1   2   2   1   2   2
Leu TTA   2   2   2   2   2   2 |     TCA   2   2   2   2   2   2 | *** TAA   0   0   0   0   0   0 | *** TGA   0   0   0   0   0   0
    TTG   2   2   2   2   2   2 |     TCG   0   0   0   0   0   0 |     TAG   0   0   0   0   0   0 | Trp TGG   2   2   2   2   2   2
--------------------------------------------------------------------------------------------------------------------------------------
Leu CTT   4   4   4   4   4   4 | Pro CCT   1   1   1   1   1   1 | His CAT   3   3   2   3   3   3 | Arg CGT   0   0   0   0   0   0
    CTC   1   1   1   1   1   1 |     CCC   3   3   3   3   3   3 |     CAC   2   2   3   2   2   2 |     CGC   0   0   0   0   0   0
    CTA   0   0   0   0   0   0 |     CCA   0   0   0   0   0   0 | Gln CAA   0   0   0   0   0   0 |     CGA   0   0   0   0   0   0
    CTG   1   1   1   1   1   1 |     CCG   0   0   0   0   0   0 |     CAG   2   2   2   2   2   2 |     CGG   1   1   1   1   1   1
--------------------------------------------------------------------------------------------------------------------------------------
Ile ATT   6   6   5   6   6   6 | Thr ACT   1   2   1   1   1   1 | Asn AAT   2   1   2   2   2   2 | Ser AGT   1   1   1   1   1   1
    ATC   2   3   3   2   2   2 |     ACC   1   0   1   1   1   1 |     AAC   3   4   3   3   3   3 |     AGC   3   3   3   3   3   3
    ATA   2   1   2   2   2   2 |     ACA   2   2   2   2   2   2 | Lys AAA   6   6   6   5   6   6 | Arg AGA   3   3   3   2   3   3
Met ATG   4   4   4   4   4   4 |     ACG   0   0   0   0   0   0 |     AAG   2   2   2   2   2   2 |     AGG   0   0   0   2   0   0
--------------------------------------------------------------------------------------------------------------------------------------
Val GTT   1   1   1   1   1   1 | Ala GCT   3   3   3   3   3   4 | Asp GAT   4   4   3   4   4   4 | Gly GGT   2   2   2   2   2   2
    GTC   1   1   1   1   1   1 |     GCC   3   3   3   3   3   2 |     GAC   1   1   2   1   1   1 |     GGC   2   2   2   2   2   2
    GTA   2   2   1   2   2   2 |     GCA   2   2   1   2   2   2 | Glu GAA   0   0   0   0   0   0 |     GGA   1   1   1   1   1   1
    GTG   1   1   2   1   1   1 |     GCG   0   0   1   0   0   0 |     GAG   6   6   6   6   6   6 |     GGG   2   2   2   2   2   2
--------------------------------------------------------------------------------------------------------------------------------------

--------------------------------------------------------------------------------------------------------------------------------------
Phe TTT   3   3   3   3   3   3 | Ser TCT   3   3   3   3   3   3 | Tyr TAT   1   1   1   2   1   1 | Cys TGT   0   0   1   0   1   1
    TTC   1   1   1   1   1   1 |     TCC   1   1   1   1   2   2 |     TAC   4   4   4   3   4   4 |     TGC   2   2   1   2   1   1
Leu TTA   2   2   2   2   2   2 |     TCA   2   1   2   2   2   2 | *** TAA   0   0   0   0   0   0 | *** TGA   0   0   0   0   0   0
    TTG   2   2   2   2   2   2 |     TCG   0   1   1   0   0   0 |     TAG   0   0   0   0   0   0 | Trp TGG   2   2   1   2   2   2
--------------------------------------------------------------------------------------------------------------------------------------
Leu CTT   4   4   5   4   4   4 | Pro CCT   1   1   2   1   0   0 | His CAT   3   3   3   3   3   3 | Arg CGT   0   0   0   0   0   0
    CTC   2   1   1   1   1   1 |     CCC   2   3   2   3   3   3 |     CAC   2   2   2   2   2   2 |     CGC   0   0   0   0   0   0
    CTA   0   0   0   0   0   0 |     CCA   0   0   0   0   0   1 | Gln CAA   0   0   0   0   0   0 |     CGA   0   0   0   0   0   0
    CTG   1   1   1   1   1   1 |     CCG   0   0   0   0   1   0 |     CAG   3   2   2   2   2   2 |     CGG   1   1   1   1   1   1
--------------------------------------------------------------------------------------------------------------------------------------
Ile ATT   6   6   6   6   6   6 | Thr ACT   1   1   1   3   1   1 | Asn AAT   1   2   3   2   2   2 | Ser AGT   1   1   1   1   1   1
    ATC   3   2   3   2   2   2 |     ACC   1   1   1   0   0   0 |     AAC   4   3   2   3   3   3 |     AGC   3   3   3   3   3   3
    ATA   1   2   1   1   3   3 |     ACA   2   2   1   1   2   2 | Lys AAA   5   6   6   6   6   6 | Arg AGA   3   3   3   3   3   3
Met ATG   4   4   4   4   4   4 |     ACG   0   0   1   0   0   0 |     AAG   3   2   2   2   2   2 |     AGG   0   0   0   0   0   0
--------------------------------------------------------------------------------------------------------------------------------------
Val GTT   1   1   0   1   1   1 | Ala GCT   3   3   3   3   3   3 | Asp GAT   5   4   4   3   4   4 | Gly GGT   2   2   1   2   2   2
    GTC   1   1   1   1   1   1 |     GCC   3   3   3   3   3   3 |     GAC   1   1   1   1   1   1 |     GGC   2   2   3   2   2   2
    GTA   2   2   2   2   1   1 |     GCA   2   2   2   2   2   2 | Glu GAA   1   0   0   0   0   0 |     GGA   1   1   1   2   1   1
    GTG   1   1   1   2   1   1 |     GCG   0   0   0   0   0   0 |     GAG   3   6   6   7   6   6 |     GGG   2   2   2   1   2   2
--------------------------------------------------------------------------------------------------------------------------------------

Codon position x base (3x4) table for each sequence.

#1: Argali         
position  1:    T:0.20000    C:0.17273    A:0.34545    G:0.28182
position  2:    T:0.30000    C:0.20000    A:0.32727    G:0.17273
position  3:    T:0.32727    C:0.26364    A:0.18182    G:0.22727
Average         T:0.27576    C:0.21212    A:0.28485    G:0.22727

#2: LesserMouseDeer
position  1:    T:0.20909    C:0.16364    A:0.32727    G:0.30000
position  2:    T:0.30000    C:0.20909    A:0.30909    G:0.18182
position  3:    T:0.29091    C:0.29091    A:0.20000    G:0.21818
Average         T:0.26667    C:0.22121    A:0.27879    G:0.23333

#3: LesserKudu     
position  1:    T:0.21818    C:0.16364    A:0.34545    G:0.27273
position  2:    T:0.30000    C:0.20000    A:0.32727    G:0.17273
position  3:    T:0.32727    C:0.25455    A:0.20000    G:0.21818
Average         T:0.28182    C:0.20606    A:0.29091    G:0.22121

#4: ForestMuskDeer2
position  1:    T:0.20909    C:0.16364    A:0.33636    G:0.29091
position  2:    T:0.30000    C:0.20000    A:0.32727    G:0.17273
position  3:    T:0.32727    C:0.26364    A:0.20000    G:0.20909
Average         T:0.27879    C:0.20909    A:0.28788    G:0.22424

#5: Camel          
position  1:    T:0.20000    C:0.17273    A:0.32727    G:0.30000
position  2:    T:0.30000    C:0.20000    A:0.32727    G:0.17273
position  3:    T:0.30000    C:0.27273    A:0.23636    G:0.19091
Average         T:0.26667    C:0.21515    A:0.29697    G:0.22121

#6: KillerWhale    
position  1:    T:0.20909    C:0.16364    A:0.33636    G:0.29091
position  2:    T:0.30000    C:0.20000    A:0.32727    G:0.17273
position  3:    T:0.31818    C:0.26364    A:0.22727    G:0.19091
Average         T:0.27576    C:0.20909    A:0.29697    G:0.21818

#7: DefassaWaterbuck
position  1:    T:0.20909    C:0.16364    A:0.34545    G:0.28182
position  2:    T:0.30000    C:0.20000    A:0.32727    G:0.17273
position  3:    T:0.33636    C:0.25455    A:0.20909    G:0.20000
Average         T:0.28182    C:0.20606    A:0.29394    G:0.21818

#8: Sheep          
position  1:    T:0.20000    C:0.17273    A:0.34545    G:0.28182
position  2:    T:0.30000    C:0.20000    A:0.32727    G:0.17273
position  3:    T:0.32727    C:0.26364    A:0.18182    G:0.22727
Average         T:0.27576    C:0.21212    A:0.28485    G:0.22727

#9: MaxwellsDuiker 
position  1:    T:0.20909    C:0.16364    A:0.34545    G:0.28182
position  2:    T:0.30000    C:0.20000    A:0.32727    G:0.17273
position  3:    T:0.31818    C:0.28182    A:0.20000    G:0.20000
Average         T:0.27576    C:0.21515    A:0.29091    G:0.21818

#10: GazellaPrzewalskyi
position  1:    T:0.20909    C:0.16364    A:0.34545    G:0.28182
position  2:    T:0.30000    C:0.20000    A:0.32727    G:0.17273
position  3:    T:0.32727    C:0.28182    A:0.20000    G:0.19091
Average         T:0.27879    C:0.21515    A:0.29091    G:0.21515

#11: MountainNyala  
position  1:    T:0.21818    C:0.16364    A:0.34545    G:0.27273
position  2:    T:0.30000    C:0.20000    A:0.32727    G:0.17273
position  3:    T:0.31818    C:0.26364    A:0.20000    G:0.21818
Average         T:0.27879    C:0.20909    A:0.29091    G:0.22121

#12: MuntiacusMuntjak
position  1:    T:0.20909    C:0.16364    A:0.34545    G:0.28182
position  2:    T:0.30000    C:0.20000    A:0.32727    G:0.17273
position  3:    T:0.29091    C:0.30000    A:0.18182    G:0.22727
Average         T:0.26667    C:0.22121    A:0.28485    G:0.22727

#13: goat           
position  1:    T:0.20000    C:0.17273    A:0.34545    G:0.28182
position  2:    T:0.30000    C:0.20000    A:0.32727    G:0.17273
position  3:    T:0.32727    C:0.26364    A:0.18182    G:0.22727
Average         T:0.27576    C:0.21212    A:0.28485    G:0.22727

#14: AfricanBuffalo 
position  1:    T:0.20909    C:0.16364    A:0.34545    G:0.28182
position  2:    T:0.30000    C:0.20000    A:0.32727    G:0.17273
position  3:    T:0.32727    C:0.26364    A:0.20000    G:0.20909
Average         T:0.27879    C:0.20909    A:0.29091    G:0.22121

#15: Topi           
position  1:    T:0.20909    C:0.16364    A:0.34545    G:0.28182
position  2:    T:0.30000    C:0.20000    A:0.32727    G:0.17273
position  3:    T:0.32727    C:0.26364    A:0.20000    G:0.20909
Average         T:0.27879    C:0.20909    A:0.29091    G:0.22121

#16: CommonDuiker   
position  1:    T:0.20909    C:0.16364    A:0.34545    G:0.28182
position  2:    T:0.30000    C:0.20000    A:0.32727    G:0.17273
position  3:    T:0.30909    C:0.28182    A:0.20909    G:0.20000
Average         T:0.27273    C:0.21515    A:0.29394    G:0.21818

#17: Suni           
position  1:    T:0.20909    C:0.16364    A:0.33636    G:0.29091
position  2:    T:0.30000    C:0.20000    A:0.32727    G:0.17273
position  3:    T:0.33636    C:0.25455    A:0.20000    G:0.20909
Average         T:0.28182    C:0.20606    A:0.28788    G:0.22424

#18: Springbuck     
position  1:    T:0.20909    C:0.16364    A:0.34545    G:0.28182
position  2:    T:0.30000    C:0.20000    A:0.32727    G:0.17273
position  3:    T:0.29091    C:0.30000    A:0.19091    G:0.21818
Average         T:0.26667    C:0.22121    A:0.28788    G:0.22424

#19: Okapi          
position  1:    T:0.20909    C:0.16364    A:0.34545    G:0.28182
position  2:    T:0.30000    C:0.20000    A:0.32727    G:0.17273
position  3:    T:0.32727    C:0.26364    A:0.20000    G:0.20909
Average         T:0.27879    C:0.20909    A:0.29091    G:0.22121

#20: Giraffe        
position  1:    T:0.20909    C:0.16364    A:0.34545    G:0.28182
position  2:    T:0.30000    C:0.20000    A:0.32727    G:0.17273
position  3:    T:0.33636    C:0.25455    A:0.19091    G:0.21818
Average         T:0.28182    C:0.20606    A:0.28788    G:0.22424

#21: TibetanAntelope
position  1:    T:0.19091    C:0.17273    A:0.34545    G:0.29091
position  2:    T:0.30000    C:0.20000    A:0.31818    G:0.18182
position  3:    T:0.33636    C:0.24545    A:0.18182    G:0.23636
Average         T:0.27576    C:0.20606    A:0.28182    G:0.23636

#22: Sitatunga      
position  1:    T:0.21818    C:0.16364    A:0.34545    G:0.27273
position  2:    T:0.30000    C:0.20000    A:0.32727    G:0.17273
position  3:    T:0.31818    C:0.26364    A:0.20000    G:0.21818
Average         T:0.27879    C:0.20909    A:0.29091    G:0.22121

#23: Oribi          
position  1:    T:0.20909    C:0.16364    A:0.33636    G:0.29091
position  2:    T:0.30000    C:0.20000    A:0.32727    G:0.17273
position  3:    T:0.31818    C:0.28182    A:0.19091    G:0.20909
Average         T:0.27576    C:0.21515    A:0.28485    G:0.22424

#24: BarbarySheep   
position  1:    T:0.20000    C:0.17273    A:0.34545    G:0.28182
position  2:    T:0.30000    C:0.20000    A:0.32727    G:0.17273
position  3:    T:0.32727    C:0.26364    A:0.18182    G:0.22727
Average         T:0.27576    C:0.21212    A:0.28485    G:0.22727

#25: Daviddeer      
position  1:    T:0.20909    C:0.16364    A:0.34545    G:0.28182
position  2:    T:0.30000    C:0.20000    A:0.32727    G:0.17273
position  3:    T:0.33636    C:0.25455    A:0.20000    G:0.20909
Average         T:0.28182    C:0.20606    A:0.29091    G:0.22121

#26: Reindeer       
position  1:    T:0.20909    C:0.16364    A:0.34545    G:0.28182
position  2:    T:0.30000    C:0.20000    A:0.32727    G:0.17273
position  3:    T:0.31818    C:0.28182    A:0.18182    G:0.21818
Average         T:0.27576    C:0.21515    A:0.28485    G:0.22424

#27: Ibex           
position  1:    T:0.20000    C:0.17273    A:0.34545    G:0.28182
position  2:    T:0.30000    C:0.20000    A:0.32727    G:0.17273
position  3:    T:0.32727    C:0.26364    A:0.18182    G:0.22727
Average         T:0.27576    C:0.21212    A:0.28485    G:0.22727

#28: GyrantGazelle  
position  1:    T:0.20909    C:0.16364    A:0.34545    G:0.28182
position  2:    T:0.30000    C:0.20000    A:0.32727    G:0.17273
position  3:    T:0.31818    C:0.28182    A:0.19091    G:0.20909
Average         T:0.27576    C:0.21515    A:0.28788    G:0.22121

#29: Hartebeest     
position  1:    T:0.20909    C:0.16364    A:0.34545    G:0.28182
position  2:    T:0.30000    C:0.20000    A:0.32727    G:0.17273
position  3:    T:0.33636    C:0.25455    A:0.20000    G:0.20909
Average         T:0.28182    C:0.20606    A:0.29091    G:0.22121

#30: Bongo          
position  1:    T:0.21818    C:0.16364    A:0.34545    G:0.27273
position  2:    T:0.30000    C:0.20000    A:0.32727    G:0.17273
position  3:    T:0.31818    C:0.26364    A:0.20000    G:0.21818
Average         T:0.27879    C:0.20909    A:0.29091    G:0.22121

#31: Gerenuk        
position  1:    T:0.20909    C:0.16364    A:0.34545    G:0.28182
position  2:    T:0.30000    C:0.20000    A:0.32727    G:0.17273
position  3:    T:0.30909    C:0.29091    A:0.19091    G:0.20909
Average         T:0.27273    C:0.21818    A:0.28788    G:0.22121

#32: CommonEland    
position  1:    T:0.21818    C:0.16364    A:0.34545    G:0.27273
position  2:    T:0.30000    C:0.20000    A:0.32727    G:0.17273
position  3:    T:0.32727    C:0.25455    A:0.20000    G:0.21818
Average         T:0.28182    C:0.20606    A:0.29091    G:0.22121

#33: MuntiacusReevesi
position  1:    T:0.20909    C:0.16364    A:0.34545    G:0.28182
position  2:    T:0.30000    C:0.20000    A:0.32727    G:0.17273
position  3:    T:0.30909    C:0.28182    A:0.18182    G:0.22727
Average         T:0.27273    C:0.21515    A:0.28485    G:0.22727

#34: HarveysDuiker  
position  1:    T:0.20909    C:0.16364    A:0.34545    G:0.28182
position  2:    T:0.30000    C:0.20000    A:0.32727    G:0.17273
position  3:    T:0.31818    C:0.27273    A:0.21818    G:0.19091
Average         T:0.27576    C:0.21212    A:0.29697    G:0.21515

#35: Pronghorn      
position  1:    T:0.20909    C:0.16364    A:0.33636    G:0.29091
position  2:    T:0.30000    C:0.20000    A:0.32727    G:0.17273
position  3:    T:0.30000    C:0.29091    A:0.18182    G:0.22727
Average         T:0.26970    C:0.21818    A:0.28182    G:0.23030

#36: BlueWildebeest 
position  1:    T:0.20909    C:0.16364    A:0.34545    G:0.28182
position  2:    T:0.30000    C:0.20000    A:0.32727    G:0.17273
position  3:    T:0.33636    C:0.25455    A:0.20000    G:0.20909
Average         T:0.28182    C:0.20606    A:0.29091    G:0.22121

#37: Gemsbok        
position  1:    T:0.20909    C:0.16364    A:0.34545    G:0.28182
position  2:    T:0.30000    C:0.20000    A:0.32727    G:0.17273
position  3:    T:0.31818    C:0.27273    A:0.20909    G:0.20000
Average         T:0.27576    C:0.21212    A:0.29394    G:0.21818

#38: Yak            
position  1:    T:0.20909    C:0.16364    A:0.34545    G:0.28182
position  2:    T:0.30000    C:0.20000    A:0.32727    G:0.17273
position  3:    T:0.31818    C:0.27273    A:0.20000    G:0.20909
Average         T:0.27576    C:0.21212    A:0.29091    G:0.22121

#39: BlueSheep      
position  1:    T:0.20000    C:0.17273    A:0.34545    G:0.28182
position  2:    T:0.30000    C:0.20000    A:0.32727    G:0.17273
position  3:    T:0.32727    C:0.26364    A:0.18182    G:0.22727
Average         T:0.27576    C:0.21212    A:0.28485    G:0.22727

#40: BohorReedbuck  
position  1:    T:0.20909    C:0.16364    A:0.34545    G:0.28182
position  2:    T:0.30000    C:0.20000    A:0.32727    G:0.17273
position  3:    T:0.32727    C:0.26364    A:0.20909    G:0.20000
Average         T:0.27879    C:0.20909    A:0.29394    G:0.21818

#41: KirksDik       
position  1:    T:0.20909    C:0.16364    A:0.34545    G:0.28182
position  2:    T:0.30000    C:0.20000    A:0.32727    G:0.17273
position  3:    T:0.30909    C:0.29091    A:0.20000    G:0.20000
Average         T:0.27273    C:0.21818    A:0.29091    G:0.21818

#42: RoeDeer        
position  1:    T:0.20909    C:0.16364    A:0.34545    G:0.28182
position  2:    T:0.30000    C:0.20000    A:0.32727    G:0.17273
position  3:    T:0.32727    C:0.26364    A:0.20000    G:0.20909
Average         T:0.27879    C:0.20909    A:0.29091    G:0.22121

#43: WhiteLippedDeer
position  1:    T:0.20909    C:0.16364    A:0.34545    G:0.28182
position  2:    T:0.30000    C:0.20000    A:0.32727    G:0.17273
position  3:    T:0.32727    C:0.26364    A:0.20000    G:0.20909
Average         T:0.27879    C:0.20909    A:0.29091    G:0.22121

#44: ThomsonGazelle 
position  1:    T:0.20909    C:0.16364    A:0.34545    G:0.28182
position  2:    T:0.30000    C:0.20000    A:0.32727    G:0.17273
position  3:    T:0.33636    C:0.26364    A:0.19091    G:0.20909
Average         T:0.28182    C:0.20909    A:0.28788    G:0.22121

#45: MuntiacusCrinifrons
position  1:    T:0.20909    C:0.16364    A:0.34545    G:0.28182
position  2:    T:0.30000    C:0.20000    A:0.32727    G:0.17273
position  3:    T:0.29091    C:0.30000    A:0.18182    G:0.22727
Average         T:0.26667    C:0.22121    A:0.28485    G:0.22727

#46: WhiteTailedDeer
position  1:    T:0.20909    C:0.16364    A:0.34545    G:0.28182
position  2:    T:0.30000    C:0.20000    A:0.31818    G:0.18182
position  3:    T:0.32727    C:0.26364    A:0.18182    G:0.22727
Average         T:0.27879    C:0.20909    A:0.28182    G:0.23030

#47: Cattle         
position  1:    T:0.20909    C:0.16364    A:0.34545    G:0.28182
position  2:    T:0.30000    C:0.20000    A:0.32727    G:0.17273
position  3:    T:0.31818    C:0.27273    A:0.20000    G:0.20909
Average         T:0.27576    C:0.21212    A:0.29091    G:0.22121

#48: RoyalAntelope  
position  1:    T:0.20909    C:0.16364    A:0.34545    G:0.28182
position  2:    T:0.30000    C:0.20000    A:0.32727    G:0.17273
position  3:    T:0.32727    C:0.26364    A:0.20000    G:0.20909
Average         T:0.27879    C:0.20909    A:0.29091    G:0.22121

#49: Steenbok       
position  1:    T:0.20909    C:0.17273    A:0.34545    G:0.27273
position  2:    T:0.30909    C:0.19091    A:0.32727    G:0.17273
position  3:    T:0.31818    C:0.29091    A:0.19091    G:0.20000
Average         T:0.27879    C:0.21818    A:0.28788    G:0.21515

#50: Impala         
position  1:    T:0.20909    C:0.16364    A:0.34545    G:0.28182
position  2:    T:0.30000    C:0.20000    A:0.32727    G:0.17273
position  3:    T:0.31818    C:0.27273    A:0.19091    G:0.21818
Average         T:0.27576    C:0.21212    A:0.28788    G:0.22424

#51: Klipspringer   
position  1:    T:0.20909    C:0.17273    A:0.34545    G:0.27273
position  2:    T:0.30000    C:0.20909    A:0.32727    G:0.16364
