1
52 1
Argali 0.000000 0.461900 0.210000 0.533800 0.151300 0.014300 0.171800 0.132200 0.255800 0.259400 0.059300 0.158400 0.090400 0.155100 0.269600 0.131800 0.264700 0.227300 0.070400 0.205800 0.190600 0.029700 0.256800 0.225500 0.057700 0.146100 0.088300 0.206000 0.117300 0.233900 0.259400 0.212200 0.263100 0.086900 0.087200 0.141700 0.015000 0.267600 0.160200 0.256000 0.282900 0.144800 0.274700 0.243700 0.170400 0.204900 0.214500 0.187700 0.103200 0.359200 0.243200 0.276800
LesserMous 0.461900 0.000000 0.400100 0.543600 0.407400 0.429300 0.410900 0.438600 0.392700 0.349600 0.468700 0.376600 0.442700 0.392100 0.441800 0.436800 0.424400 0.423400 0.452800 0.417200 0.449400 0.444900 0.392400 0.357200 0.468300 0.435400 0.452500 0.396700 0.437900 0.428200 0.349600 0.425900 0.384000 0.442700 0.444300 0.353900 0.429300 0.438900 0.472500 0.370100 0.400300 0.450500 0.367200 0.379900 0.386200 0.494400 0.516800 0.416600 0.425800 0.429600 0.399900 0.443400
LesserKudu 0.210000 0.400100 0.000000 0.558700 0.120200 0.189500 0.174200 0.199600 0.088500 0.187700 0.205100 0.126800 0.169500 0.174700 0.206700 0.199000 0.229200 0.231500 0.214900 0.107200 0.227200 0.203700 0.185800 0.152400 0.202500 0.213800 0.170600 0.076100 0.166300 0.133200 0.187700 0.195700 0.302800 0.169500 0.170000 0.110300 0.189500 0.235500 0.228400 0.147600 0.209200 0.212000 0.203300 0.169800 0.139500 0.241700 0.233000 0.191000 0.155000 0.319300 0.074800 0.106000
KillerWhal 0.533800 0.543600 0.558700 0.000000 0.542200 0.546900 0.609000 0.573200 0.568900 0.500600 0.561700 0.567200 0.514300 0.632500 0.568800 0.527200 0.608200 0.541800 0.611200 0.641100 0.496200 0.560600 0.541600 0.550800 0.531700 0.568900 0.517800 0.621500 0.572400 0.601100 0.500600 0.693200 0.600800 0.514300 0.559800 0.544100 0.546900 0.628000 0.557200 0.559800 0.581300 0.582700 0.516100 0.572800 0.572300 0.578300 0.598700 0.528000 0.542700 0.593200 0.578000 0.597600
DefassaWat 0.151300 0.407400 0.120200 0.542200 0.000000 0.133300 0.135500 0.070200 0.180400 0.179900 0.148000 0.122100 0.115900 0.088500 0.168900 0.099200 0.252900 0.258000 0.143800 0.166200 0.156200 0.147100 0.213900 0.179300 0.146300 0.113200 0.115500 0.134200 0.099500 0.193700 0.179900 0.171200 0.252700 0.115900 0.116200 0.106200 0.133300 0.136700 0.127000 0.174000 0.237500 0.083100 0.195000 0.196300 0.103200 0.170200 0.164600 0.183900 0.132600 0.345700 0.167600 0.198700
Sheep 0.014300 0.429300 0.189500 0.546900 0.133300 0.000000 0.152900 0.115100 0.234400 0.236300 0.042500 0.139400 0.073700 0.136600 0.249300 0.114800 0.278700 0.241200 0.055300 0.185800 0.172400 0.013900 0.234000 0.203200 0.042400 0.128800 0.072100 0.186000 0.100500 0.213500 0.236300 0.191500 0.239400 0.071000 0.071200 0.123200 0.000000 0.247500 0.142700 0.233200 0.258700 0.127700 0.251400 0.220900 0.151600 0.186400 0.196200 0.168300 0.086600 0.373400 0.221900 0.254600
MaxwellsDu 0.171800 0.410900 0.174200 0.609000 0.135500 0.152900 0.000000 0.148500 0.203300 0.203400 0.168000 0.141800 0.134400 0.059900 0.220700 0.148000 0.246800 0.283400 0.178400 0.155000 0.175800 0.166800 0.201400 0.206900 0.167500 0.162500 0.136500 0.155200 0.148400 0.150800 0.203400 0.076800 0.244300 0.134400 0.134700 0.125300 0.152900 0.219000 0.145500 0.237500 0.204800 0.161100 0.218800 0.225000 0.121800 0.222200 0.246300 0.205700 0.152000 0.339000 0.190400 0.222900
GazellaPrz 0.132200 0.438600 0.199600 0.573200 0.070200 0.115100 0.148500 0.000000 0.227700 0.193300 0.129400 0.135400 0.098600 0.101900 0.211200 0.054600 0.270200 0.234000 0.125800 0.180500 0.112400 0.128600 0.226700 0.196700 0.129000 0.068100 0.100000 0.180600 0.054700 0.207600 0.193300 0.185800 0.232500 0.101900 0.098800 0.119700 0.115100 0.179300 0.084300 0.226000 0.250400 0.040600 0.208000 0.213900 0.116400 0.151800 0.147000 0.163500 0.084900 0.360900 0.215400 0.247100
MountainNy 0.255800 0.392700 0.088500 0.568900 0.180400 0.234400 0.203300 0.227700 0.000000 0.218800 0.249900 0.156500 0.213600 0.204000 0.233700 0.194100 0.222900 0.225000 0.258500 0.072300 0.221500 0.248200 0.216700 0.183700 0.246800 0.208300 0.214900 0.044200 0.227500 0.070300 0.218800 0.225500 0.334300 0.213600 0.214200 0.140000 0.234400 0.229700 0.256000 0.178100 0.240700 0.239600 0.234000 0.201100 0.168500 0.235700 0.196500 0.220000 0.199300 0.309700 0.103400 0.134500
MuntiacusM 0.259400 0.349600 0.187700 0.500600 0.179900 0.236300 0.203400 0.193300 0.218800 0.000000 0.215900 0.152300 0.213800 0.221600 0.235600 0.228100 0.265500 0.265300 0.261900 0.203100 0.222600 0.251100 0.068300 0.070200 0.215300 0.243900 0.217500 0.203300 0.228700 0.197000 0.000000 0.248300 0.308600 0.213800 0.214400 0.134500 0.236300 0.268500 0.259300 0.103300 0.093900 0.206300 0.016700 0.087900 0.130300 0.310100 0.334400 0.220900 0.198500 0.239000 0.205100 0.240200
goat 0.059300 0.468700 0.205100 0.561700 0.148000 0.042500 0.168000 0.129400 0.249900 0.215900 0.000000 0.154700 0.088000 0.151600 0.263900 0.129000 0.294900 0.257100 0.069000 0.201100 0.186600 0.056300 0.213800 0.183300 0.027900 0.143000 0.086400 0.201300 0.114800 0.228600 0.215900 0.207200 0.275200 0.085100 0.085300 0.142200 0.042500 0.261900 0.156900 0.213100 0.237500 0.141800 0.230900 0.200600 0.166600 0.200600 0.210100 0.150600 0.101000 0.390900 0.237600 0.234600
AfricanBuf 0.158400 0.376600 0.126800 0.567200 0.122100 0.139400 0.141800 0.135400 0.156500 0.152300 0.154700 0.000000 0.124300 0.125200 0.176100 0.135000 0.196800 0.196700 0.165600 0.141600 0.195300 0.153700 0.150700 0.118800 0.154300 0.149600 0.123000 0.141800 0.135300 0.170400 0.152300 0.146000 0.231100 0.121100 0.121400 0.046400 0.139400 0.206600 0.164100 0.150200 0.172800 0.148400 0.167900 0.136300 0.080300 0.162200 0.234700 0.128600 0.138600 0.284300 0.142900 0.175200
Topi 0.090400 0.442700 0.169500 0.514300 0.115900 0.073700 0.134400 0.098600 0.213600 0.213800 0.088000 0.124300 0.000000 0.118600 0.229400 0.098200 0.255700 0.219600 0.096800 0.166300 0.154600 0.084600 0.211700 0.181400 0.055900 0.112000 0.000000 0.166500 0.084300 0.193700 0.213800 0.171300 0.253400 0.000000 0.028900 0.105300 0.071600 0.196500 0.125700 0.211100 0.235100 0.082300 0.228700 0.198600 0.133300 0.168300 0.178300 0.149500 0.070600 0.345700 0.167700 0.232800
CommonDuik 0.155100 0.392100 0.174700 0.632500 0.088500 0.136600 0.059900 0.101900 0.204000 0.221600 0.151600 0.125200 0.118600 0.000000 0.204300 0.101600 0.228500 0.264500 0.147200 0.155500 0.159800 0.150600 0.219400 0.188100 0.151200 0.115800 0.120500 0.155600 0.101800 0.183800 0.221600 0.077300 0.225700 0.118600 0.121500 0.108900 0.136600 0.171600 0.099900 0.218700 0.223200 0.114900 0.237000 0.205900 0.109800 0.205900 0.198800 0.188500 0.135800 0.359200 0.191000 0.223600
Suni 0.269600 0.441800 0.206700 0.568800 0.168900 0.249300 0.220700 0.211200 0.233700 0.235600 0.263900 0.176100 0.229400 0.204300 0.000000 0.210500 0.292900 0.292500 0.256600 0.220100 0.205600 0.262200 0.233500 0.239400 0.263400 0.193300 0.232900 0.220300 0.211000 0.214500 0.235600 0.260500 0.330600 0.229400 0.230000 0.160500 0.249300 0.246200 0.206800 0.232500 0.256500 0.222500 0.249800 0.256300 0.187000 0.249800 0.272200 0.171900 0.247900 0.363000 0.189700 0.219700
Springbuck 0.131800 0.436800 0.199000 0.527200 0.099200 0.114800 0.148000 0.054600 0.194100 0.228100 0.129000 0.135000 0.098200 0.101600 0.210500 0.000000 0.269400 0.233300 0.125400 0.179900 0.108900 0.128200 0.226000 0.196100 0.128600 0.067800 0.099700 0.180100 0.054500 0.206900 0.228100 0.185200 0.231100 0.098200 0.098500 0.119300 0.114800 0.208900 0.081200 0.225300 0.249600 0.067300 0.242800 0.213200 0.146900 0.151300 0.118500 0.163000 0.084700 0.320400 0.214700 0.246300
Okapi 0.264700 0.424400 0.229200 0.608200 0.252900 0.278700 0.246800 0.270200 0.222900 0.265500 0.294900 0.196800 0.255700 0.228500 0.292900 0.269400 0.000000 0.094500 0.302600 0.208100 0.280700 0.292800 0.262800 0.225600 0.291000 0.267300 0.254600 0.208300 0.270000 0.236400 0.265500 0.251500 0.265000 0.255700 0.256400 0.179300 0.278700 0.236500 0.264500 0.256000 0.289800 0.282100 0.281200 0.243800 0.174100 0.349700 0.336400 0.245900 0.241000 0.322000 0.209700 0.280600
Giraffe 0.227300 0.423400 0.231500 0.541800 0.258000 0.241200 0.283400 0.234000 0.225000 0.265300 0.257100 0.196700 0.219600 0.264500 0.292500 0.233300 0.094500 0.000000 0.265500 0.210100 0.244800 0.255300 0.262600 0.230800 0.256400 0.231500 0.223400 0.210300 0.233800 0.238600 0.265300 0.292100 0.269200 0.219600 0.220200 0.179200 0.241200 0.307200 0.263100 0.261800 0.289600 0.246100 0.281000 0.249400 0.208300 0.311500 0.299800 0.209200 0.205000 0.325600 0.248600 0.283500
TibetanAnt 0.070400 0.452800 0.214900 0.611200 0.143800 0.055300 0.178400 0.125800 0.258500 0.261900 0.069000 0.165600 0.096800 0.147200 0.256600 0.125400 0.302600 0.265500 0.000000 0.210800 0.181500 0.068600 0.259400 0.229800 0.068800 0.139000 0.098200 0.211000 0.111500 0.237600 0.261900 0.217100 0.302200 0.096800 0.099500 0.149700 0.057800 0.254800 0.152500 0.258700 0.284200 0.137900 0.276500 0.247100 0.177000 0.209700 0.204500 0.193400 0.112400 0.375200 0.246500 0.278400
Sitatunga 0.205800 0.417200 0.107200 0.641100 0.166200 0.185800 0.155000 0.180500 0.072300 0.203100 0.201100 0.141600 0.166300 0.155500 0.220100 0.179900 0.208100 0.210100 0.210800 0.000000 0.207700 0.199700 0.201100 0.168000 0.198600 0.162200 0.167300 0.028700 0.180300 0.028900 0.203100 0.175500 0.318300 0.166300 0.166700 0.125100 0.185800 0.216300 0.176500 0.198300 0.224800 0.192800 0.218500 0.185400 0.153900 0.255200 0.246100 0.205400 0.152000 0.294100 0.120400 0.152400
Oribi 0.190600 0.449400 0.227200 0.496200 0.156200 0.172400 0.175800 0.112400 0.221500 0.222600 0.186600 0.195300 0.154600 0.159800 0.205600 0.108900 0.280700 0.244800 0.181500 0.207700 0.000000 0.185400 0.220600 0.226200 0.186200 0.093800 0.156900 0.207900 0.109100 0.171100 0.222600 0.247600 0.280000 0.154600 0.155000 0.179200 0.172400 0.265800 0.135500 0.254700 0.243400 0.121300 0.237000 0.243200 0.206100 0.177000 0.171400 0.190100 0.111700 0.350600 0.242900 0.274400
BarbaryShe 0.029700 0.444900 0.203700 0.560600 0.147100 0.013900 0.166800 0.128600 0.248200 0.251100 0.056300 0.153700 0.084600 0.150600 0.262200 0.128200 0.292800 0.255300 0.068600 0.199700 0.185400 0.000000 0.248600 0.218200 0.056100 0.142100 0.085800 0.199900 0.114000 0.227100 0.251100 0.205800 0.254500 0.084600 0.084800 0.137500 0.013900 0.260300 0.155900 0.247900 0.273600 0.140900 0.266000 0.235900 0.165500 0.199400 0.210700 0.182200 0.100300 0.387900 0.235900 0.268400
Daviddeer 0.256800 0.392400 0.185800 0.541600 0.213900 0.234000 0.201400 0.226700 0.216700 0.068300 0.213800 0.150700 0.211700 0.219400 0.233500 0.226000 0.262800 0.262600 0.259400 0.201100 0.220600 0.248600 0.000000 0.069400 0.213300 0.241600 0.215400 0.201300 0.226600 0.195200 0.068300 0.245700 0.305200 0.211700 0.212400 0.133200 0.234000 0.302000 0.257000 0.102200 0.051600 0.239400 0.084700 0.087000 0.163600 0.307200 0.331400 0.218700 0.196600 0.276900 0.203100 0.237900
Reindeer 0.225500 0.357200 0.152400 0.550800 0.179300 0.203200 0.206900 0.196700 0.183700 0.070200 0.183300 0.118800 0.181400 0.188100 0.239400 0.196100 0.225600 0.230800 0.229800 0.168000 0.226200 0.218200 0.069400 0.000000 0.180800 0.212000 0.180700 0.168100 0.196600 0.198200 0.070200 0.211000 0.265300 0.181400 0.182000 0.101200 0.203200 0.270300 0.227600 0.033400 0.089600 0.209900 0.087000 0.018200 0.132600 0.278100 0.303400 0.187500 0.165900 0.281900 0.169600 0.204300
Ibex 0.057700 0.468300 0.202500 0.531700 0.146300 0.042400 0.167500 0.129000 0.246800 0.215300 0.027900 0.154300 0.055900 0.151200 0.263400 0.128600 0.291000 0.256400 0.068800 0.198600 0.186200 0.056100 0.213300 0.180800 0.000000 0.142600 0.056300 0.198800 0.114400 0.225900 0.215300 0.204600 0.289200 0.055900 0.085000 0.138100 0.042400 0.259000 0.156400 0.210300 0.236900 0.141400 0.230300 0.197900 0.166200 0.200200 0.209600 0.183100 0.100600 0.385400 0.234500 0.266900
GyrantGaze 0.146100 0.435400 0.213800 0.568900 0.113200 0.128800 0.162500 0.068100 0.208300 0.243900 0.143000 0.149600 0.112000 0.115800 0.193300 0.067800 0.267300 0.231500 0.139000 0.162200 0.093800 0.142100 0.241600 0.212000 0.142600 0.000000 0.113700 0.162400 0.068600 0.189000 0.243900 0.200200 0.229200 0.112000 0.114800 0.137100 0.128800 0.162500 0.097100 0.240900 0.265600 0.080600 0.258500 0.229100 0.161200 0.164800 0.159500 0.145700 0.098500 0.336200 0.229600 0.261300
Hartebeest 0.088300 0.452500 0.170600 0.517800 0.115500 0.072100 0.136500 0.100000 0.214900 0.217500 0.086400 0.123000 0.000000 0.120500 0.232900 0.099700 0.254600 0.223400 0.098200 0.167300 0.156900 0.085800 0.215400 0.180700 0.056300 0.113700 0.000000 0.167500 0.085500 0.194900 0.217500 0.172400 0.253400 0.000000 0.027900 0.107000 0.072100 0.197600 0.127500 0.210200 0.239300 0.083500 0.232700 0.197800 0.135400 0.170900 0.181000 0.151800 0.071700 0.348100 0.168700 0.234300
Bongo 0.206000 0.396700 0.076100 0.621500 0.134200 0.186000 0.155200 0.180600 0.044200 0.203300 0.201300 0.141800 0.166500 0.155600 0.220300 0.180100 0.208300 0.210300 0.211000 0.028700 0.207900 0.199900 0.201300 0.168100 0.198800 0.162400 0.167500 0.000000 0.180500 0.056600 0.203300 0.175700 0.318700 0.166500 0.166900 0.125300 0.186000 0.185100 0.209000 0.163000 0.225100 0.193000 0.218700 0.185600 0.154100 0.222200 0.214300 0.205600 0.152100 0.294500 0.089200 0.120400
Gerenuk 0.117300 0.437900 0.166300 0.572400 0.099500 0.100500 0.148400 0.054700 0.227500 0.228700 0.114800 0.135300 0.084300 0.101800 0.211000 0.054500 0.270000 0.233800 0.111500 0.180300 0.109100 0.114000 0.226600 0.196600 0.114400 0.068600 0.085500 0.180500 0.000000 0.207300 0.228700 0.185700 0.189700 0.084300 0.086700 0.123400 0.100500 0.209400 0.081400 0.225900 0.250200 0.067500 0.243400 0.213800 0.147200 0.151700 0.118600 0.163400 0.070600 0.360600 0.215200 0.247000
CommonElan 0.233900 0.428200 0.133200 0.601100 0.193700 0.213500 0.150800 0.207600 0.070300 0.197000 0.228600 0.170400 0.193700 0.183800 0.214500 0.206900 0.236400 0.238600 0.237600 0.028900 0.171100 0.227100 0.195200 0.198200 0.225900 0.189000 0.194900 0.056600 0.207300 0.000000 0.197000 0.204200 0.348100 0.193700 0.194200 0.154000 0.213500 0.242000 0.203000 0.227600 0.218000 0.219500 0.212000 0.215500 0.182000 0.248200 0.239600 0.233400 0.179700 0.285200 0.148200 0.180000
MuntiacusR 0.259400 0.349600 0.187700 0.500600 0.179900 0.236300 0.203400 0.193300 0.218800 0.000000 0.215900 0.152300 0.213800 0.221600 0.235600 0.228100 0.265500 0.265300 0.261900 0.203100 0.222600 0.251100 0.068300 0.070200 0.215300 0.243900 0.217500 0.203300 0.228700 0.197000 0.000000 0.248300 0.308600 0.213800 0.214400 0.134500 0.236300 0.268500 0.259300 0.103300 0.088100 0.206300 0.016700 0.087900 0.130300 0.310100 0.334400 0.220900 0.198500 0.239000 0.205100 0.240200
HarveysDui 0.212200 0.425900 0.195700 0.693200 0.171200 0.191500 0.076800 0.185800 0.225500 0.248300 0.207200 0.146000 0.171300 0.077300 0.260500 0.185200 0.251500 0.292100 0.217100 0.175500 0.247600 0.205800 0.245700 0.211000 0.204600 0.200200 0.172400 0.175700 0.185700 0.204200 0.248300 0.000000 0.288700 0.171300 0.171700 0.129000 0.191500 0.220800 0.181900 0.242100 0.250000 0.198500 0.264100 0.229400 0.125300 0.262800 0.287100 0.211700 0.190300 0.388500 0.212400 0.246000
Pronghorn 0.263100 0.384000 0.302800 0.600800 0.252700 0.239400 0.244300 0.232500 0.334300 0.308600 0.275200 0.231100 0.253400 0.225700 0.330600 0.231100 0.265000 0.269200 0.302200 0.318300 0.280000 0.254500 0.305200 0.265300 0.289200 0.229200 0.253400 0.318700 0.189700 0.348100 0.308600 0.288700 0.000000 0.253400 0.254200 0.211800 0.239400 0.341400 0.262300 0.298200 0.309800 0.245500 0.325300 0.285500 0.243000 0.277200 0.338400 0.262700 0.237900 0.412200 0.320900 0.337400
BlueWildeb 0.086900 0.442700 0.169500 0.514300 0.115900 0.071000 0.134400 0.101900 0.213600 0.213800 0.085100 0.121100 0.000000 0.118600 0.229400 0.098200 0.255700 0.219600 0.096800 0.166300 0.154600 0.084600 0.211700 0.181400 0.055900 0.112000 0.000000 0.166500 0.084300 0.193700 0.213800 0.171300 0.253400 0.000000 0.027500 0.105300 0.071000 0.196500 0.125700 0.211100 0.235100 0.082300 0.228700 0.198600 0.133300 0.168300 0.178300 0.149500 0.070600 0.345700 0.167700 0.232800
Gemsbok 0.087200 0.444300 0.170000 0.559800 0.116200 0.071200 0.134700 0.098800 0.214200 0.214400 0.085300 0.121400 0.028900 0.121500 0.230000 0.098500 0.256400 0.220200 0.099500 0.166700 0.155000 0.084800 0.212400 0.182000 0.085000 0.114800 0.027900 0.166900 0.086700 0.194200 0.214400 0.171700 0.254200 0.027500 0.000000 0.105600 0.072000 0.196900 0.126000 0.211700 0.235800 0.082500 0.229300 0.199200 0.133700 0.168800 0.178800 0.149900 0.070800 0.346700 0.168100 0.233500
Yak 0.141700 0.353900 0.110300 0.544100 0.106200 0.123200 0.125300 0.119700 0.140000 0.134500 0.142200 0.046400 0.105300 0.108900 0.160500 0.119300 0.179300 0.179200 0.149700 0.125100 0.179200 0.137500 0.133200 0.101200 0.138100 0.137100 0.107000 0.125300 0.123400 0.154000 0.134500 0.129000 0.211800 0.105300 0.105600 0.000000 0.123200 0.190600 0.148300 0.132700 0.154600 0.132700 0.150200 0.118500 0.029900 0.193800 0.218700 0.108500 0.122500 0.264700 0.126300 0.158300
BlueSheep 0.015000 0.429300 0.189500 0.546900 0.133300 0.000000 0.152900 0.115100 0.234400 0.236300 0.042500 0.139400 0.071600 0.136600 0.249300 0.114800 0.278700 0.241200 0.057800 0.185800 0.172400 0.013900 0.234000 0.203200 0.042400 0.128800 0.072100 0.186000 0.100500 0.213500 0.236300 0.191500 0.239400 0.071000 0.072000 0.123200 0.000000 0.247500 0.142700 0.233200 0.258700 0.127700 0.251400 0.220900 0.151600 0.186400 0.196200 0.168300 0.086600 0.373400 0.221900 0.254600
BohorReedb 0.267600 0.438900 0.235500 0.628000 0.136700 0.247500 0.219000 0.179300 0.229700 0.268500 0.261900 0.206600 0.196500 0.171600 0.246200 0.208900 0.236500 0.307200 0.254800 0.216300 0.265800 0.260300 0.302000 0.270300 0.259000 0.162500 0.197600 0.185100 0.209400 0.242000 0.268500 0.220800 0.341400 0.196500 0.196900 0.190600 0.247500 0.000000 0.205600 0.262600 0.327600 0.161300 0.282600 0.287400 0.155100 0.279600 0.270400 0.267100 0.246100 0.394200 0.186100 0.281900
KirksDik 0.160200 0.472500 0.228400 0.557200 0.127000 0.142700 0.145500 0.084300 0.256000 0.259300 0.156900 0.164100 0.125700 0.099900 0.206800 0.081200 0.264500 0.263100 0.152500 0.176500 0.135500 0.155900 0.257000 0.227600 0.156400 0.097100 0.127500 0.209000 0.081400 0.203000 0.259300 0.181900 0.262300 0.125700 0.126000 0.148300 0.142700 0.205600 0.000000 0.256200 0.281400 0.093800 0.273800 0.244700 0.144400 0.178100 0.143800 0.191700 0.115300 0.372900 0.244200 0.275900
RoeDeer 0.256000 0.370100 0.147600 0.559800 0.174000 0.233200 0.237500 0.226000 0.178100 0.103300 0.213100 0.150200 0.211100 0.218700 0.232500 0.225300 0.256000 0.261800 0.258700 0.198300 0.254700 0.247900 0.102200 0.033400 0.210300 0.240900 0.210200 0.163000 0.225900 0.227600 0.103300 0.242100 0.298200 0.211100 0.211700 0.132700 0.233200 0.262600 0.256200 0.000000 0.123100 0.238700 0.119500 0.050200 0.163000 0.269800 0.294700 0.218000 0.161100 0.313800 0.164400 0.197900
WhiteLippe 0.282900 0.400300 0.209200 0.581300 0.237500 0.258700 0.204800 0.250400 0.240700 0.093900 0.237500 0.172800 0.235100 0.223200 0.256500 0.249600 0.289800 0.289600 0.284200 0.224800 0.243400 0.273600 0.051600 0.089600 0.236900 0.265600 0.239300 0.225100 0.250200 0.218000 0.088100 0.250000 0.309800 0.235100 0.235800 0.154600 0.258700 0.327600 0.281400 0.123100 0.000000 0.263100 0.104900 0.107900 0.185600 0.333400 0.357700 0.243200 0.219600 0.306000 0.227200 0.263200
ThomsonGaz 0.144800 0.450500 0.212000 0.582700 0.083100 0.127700 0.161100 0.040600 0.239600 0.206300 0.141800 0.148400 0.082300 0.114900 0.222500 0.067300 0.282100 0.246100 0.137900 0.192800 0.121300 0.140900 0.239400 0.209900 0.141400 0.080600 0.083500 0.193000 0.067500 0.219500 0.206300 0.198500 0.245500 0.082300 0.082500 0.132700 0.127700 0.161300 0.093800 0.238700 0.263100 0.000000 0.220700 0.226900 0.129100 0.163600 0.158400 0.175900 0.097700 0.372500 0.194400 0.258900
MuntiacusC 0.274700 0.367200 0.203300 0.516100 0.195000 0.251400 0.218800 0.208000 0.234000 0.016700 0.230900 0.167900 0.228700 0.237000 0.249800 0.242800 0.281200 0.281000 0.276500 0.218500 0.237000 0.266000 0.084700 0.087000 0.230300 0.258500 0.232700 0.218700 0.243400 0.212000 0.016700 0.264100 0.325300 0.228700 0.229300 0.150200 0.251400 0.282600 0.273800 0.119500 0.104900 0.220700 0.000000 0.104700 0.145600 0.324500 0.348400 0.236200 0.213500 0.255400 0.220700 0.255600
WhiteTaile 0.243700 0.379900 0.169800 0.572800 0.196300 0.220900 0.225000 0.213900 0.201100 0.087900 0.200600 0.136300 0.198600 0.205900 0.256300 0.213200 0.243800 0.249400 0.247100 0.185400 0.243200 0.235900 0.087000 0.018200 0.197900 0.229100 0.197800 0.185600 0.213800 0.215500 0.087900 0.229400 0.285500 0.198600 0.199200 0.118500 0.220900 0.287400 0.244700 0.050200 0.107900 0.226900 0.104700 0.000000 0.149600 0.295600 0.320600 0.205300 0.183100 0.301800 0.187200 0.222000
Cattle 0.170400 0.386200 0.139500 0.572300 0.103200 0.151600 0.121800 0.116400 0.168500 0.130300 0.166600 0.080300 0.133300 0.109800 0.187000 0.146900 0.174100 0.208300 0.177000 0.153900 0.206100 0.165500 0.163600 0.132600 0.166200 0.161200 0.135400 0.154100 0.147200 0.182000 0.130300 0.125300 0.243000 0.133300 0.133700 0.029900 0.151600 0.155100 0.144400 0.163000 0.185600 0.129100 0.145600 0.149600 0.000000 0.220500 0.244600 0.137300 0.150800 0.294900 0.155300 0.186900
RoyalAntel 0.204900 0.494400 0.241700 0.578300 0.170200 0.186400 0.222200 0.151800 0.235700 0.310100 0.200600 0.162200 0.168300 0.205900 0.249800 0.151300 0.349700 0.311500 0.209700 0.255200 0.177000 0.199400 0.307200 0.278100 0.200200 0.164800 0.170900 0.222200 0.151700 0.248200 0.310100 0.262800 0.277200 0.168300 0.168800 0.193800 0.186400 0.279600 0.178100 0.269800 0.333400 0.163600 0.324500 0.295600 0.220500 0.000000 0.184300 0.204600 0.155100 0.447700 0.223700 0.254600
Steenbok 0.214500 0.516800 0.233000 0.598700 0.164600 0.196200 0.246300 0.147000 0.196500 0.334400 0.210100 0.234700 0.178300 0.198800 0.272200 0.118500 0.336400 0.299800 0.204500 0.246100 0.171400 0.210700 0.331400 0.303400 0.209600 0.159500 0.181000 0.214300 0.118600 0.239600 0.334400 0.287100 0.338400 0.178300 0.178800 0.218700 0.196200 0.270400 0.143800 0.294700 0.357700 0.158400 0.348400 0.320600 0.244600 0.184300 0.000000 0.261000 0.165400 0.449700 0.281300 0.312300
Impala 0.187700 0.416600 0.191000 0.528000 0.183900 0.168300 0.205700 0.163500 0.220000 0.220900 0.150600 0.128600 0.149500 0.188500 0.171900 0.163000 0.245900 0.209200 0.193400 0.205400 0.190100 0.182200 0.218700 0.187500 0.183100 0.145700 0.151800 0.205600 0.163400 0.233400 0.220900 0.211700 0.262700 0.149500 0.149900 0.108500 0.168300 0.267100 0.191700 0.218000 0.243200 0.175900 0.236200 0.205300 0.137300 0.204600 0.261000 0.000000 0.167300 0.358400 0.172900 0.170900
Klipspring 0.103200 0.425800 0.155000 0.542700 0.132600 0.086600 0.152000 0.084900 0.199300 0.198500 0.101000 0.138600 0.070600 0.135800 0.247900 0.084700 0.241000 0.205000 0.112400 0.152000 0.111700 0.100300 0.196600 0.165900 0.100600 0.098500 0.071700 0.152100 0.070600 0.179700 0.198500 0.190300 0.237900 0.070600 0.070800 0.122500 0.086600 0.246100 0.115300 0.161100 0.219600 0.097700 0.213500 0.183100 0.150800 0.155100 0.165400 0.167300 0.000000 0.330100 0.186600 0.218400
ForestMusk 0.359200 0.429600 0.319300 0.593200 0.345700 0.373400 0.339000 0.360900 0.309700 0.239000 0.390900 0.284300 0.345700 0.359200 0.363000 0.320400 0.322000 0.325600 0.375200 0.294100 0.350600 0.387900 0.276900 0.281900 0.385400 0.336200 0.348100 0.294500 0.360600 0.285200 0.239000 0.388500 0.412200 0.345700 0.346700 0.264700 0.373400 0.394200 0.372900 0.313800 0.306000 0.372500 0.255400 0.301800 0.294900 0.447700 0.449700 0.358400 0.330100 0.000000 0.337900 0.375500
Bushbuck 0.243200 0.399900 0.074800 0.578000 0.167600 0.221900 0.190400 0.215400 0.103400 0.205100 0.237600 0.142900 0.167700 0.191000 0.189700 0.214700 0.209700 0.248600 0.246500 0.120400 0.242900 0.235900 0.203100 0.169600 0.234500 0.229600 0.168700 0.089200 0.215200 0.148200 0.205100 0.212400 0.320900 0.167700 0.168100 0.126300 0.221900 0.186100 0.244200 0.164400 0.227200 0.194400 0.220700 0.187200 0.155300 0.223700 0.281300 0.172900 0.186600 0.337900 0.000000 0.089800
GreaterKud 0.276800 0.443400 0.106000 0.597600 0.198700 0.254600 0.222900 0.247100 0.134500 0.240200 0.234600 0.175200 0.232800 0.223600 0.219700 0.246300 0.280600 0.283500 0.278400 0.152400 0.274400 0.268400 0.237900 0.204300 0.266900 0.261300 0.234300 0.120400 0.247000 0.180000 0.240200 0.246000 0.337400 0.232800 0.233500 0.158300 0.254600 0.281900 0.275900 0.197900 0.263200 0.258900 0.255600 0.222000 0.186900 0.254600 0.312300 0.170900 0.218400 0.375500 0.089800 0.000000
