1
52 1
Argali 0.000000 0.412900 0.200800 0.623200 0.187200 0.011600 0.070300 0.119100 0.221000 0.174100 0.069600 0.193900 0.069600 0.091900 0.167900 0.115900 0.196500 0.259100 0.104100 0.219900 0.137900 0.046800 0.236400 0.199800 0.070000 0.160600 0.069600 0.185000 0.161000 0.159000 0.197600 0.081400 0.248700 0.114800 0.105400 0.212200 0.058400 0.164500 0.167000 0.238800 0.200000 0.160800 0.174100 0.187900 0.199900 0.069400 0.118800 0.139800 0.103800 0.224600 0.197700 0.196800
LesserMous 0.412900 0.000000 0.452800 0.375200 0.529300 0.400800 0.408300 0.478900 0.432300 0.413500 0.439500 0.470300 0.441200 0.428600 0.432700 0.483700 0.403900 0.441200 0.448500 0.468600 0.435900 0.396900 0.476300 0.487600 0.427100 0.499600 0.441200 0.428200 0.500900 0.392900 0.440700 0.457500 0.325100 0.460600 0.495100 0.427500 0.429300 0.519300 0.525100 0.457700 0.470500 0.540100 0.413500 0.473400 0.412500 0.401300 0.460100 0.462600 0.408700 0.539800 0.444900 0.424500
LesserKudu 0.200800 0.452800 0.000000 0.603500 0.239400 0.189200 0.172200 0.209900 0.068200 0.147200 0.197000 0.116200 0.170600 0.192800 0.142400 0.192000 0.144500 0.178100 0.153900 0.067900 0.241500 0.200900 0.180900 0.172100 0.198300 0.238100 0.170600 0.034300 0.211700 0.034400 0.144700 0.156200 0.219100 0.177900 0.209000 0.106400 0.198400 0.216600 0.220300 0.210100 0.158100 0.238300 0.147200 0.160400 0.094600 0.169800 0.197000 0.139900 0.206200 0.129200 0.045700 0.069200
KillerWhal 0.623200 0.375200 0.603500 0.000000 0.642100 0.611800 0.613800 0.652100 0.532200 0.516100 0.605200 0.599700 0.607900 0.565500 0.575000 0.567500 0.633400 0.630100 0.656900 0.573400 0.641800 0.560500 0.624400 0.530300 0.593200 0.582500 0.607900 0.574100 0.584200 0.578100 0.544100 0.582400 0.533200 0.673600 0.670800 0.574700 0.597000 0.586800 0.612600 0.564800 0.578300 0.626800 0.516100 0.515900 0.558500 0.560500 0.630500 0.652600 0.566000 0.657200 0.592900 0.527200
DefassaWat 0.187200 0.529300 0.239400 0.642100 0.000000 0.176300 0.185900 0.210200 0.244800 0.254700 0.183600 0.258900 0.184300 0.193600 0.206700 0.179300 0.249400 0.270100 0.193200 0.256400 0.176600 0.187400 0.330800 0.266100 0.170800 0.173600 0.184300 0.250200 0.211200 0.224300 0.223500 0.196300 0.287700 0.229000 0.195800 0.306300 0.172800 0.041100 0.204900 0.262300 0.294400 0.198100 0.254700 0.282400 0.294000 0.171300 0.171500 0.203600 0.205800 0.291200 0.262900 0.261700
Sheep 0.011600 0.400800 0.189200 0.611800 0.176300 0.000000 0.058900 0.107800 0.209800 0.162500 0.058300 0.182800 0.058300 0.080900 0.156600 0.104800 0.185200 0.247900 0.093000 0.208800 0.126900 0.035300 0.225200 0.188400 0.058600 0.149800 0.058300 0.173700 0.150200 0.147600 0.186200 0.070200 0.237500 0.103900 0.094200 0.200900 0.047000 0.153500 0.155800 0.227500 0.188600 0.150000 0.162500 0.176400 0.188500 0.058100 0.107500 0.128600 0.092700 0.213300 0.186400 0.185500
MaxwellsDu 0.070300 0.408300 0.172200 0.613800 0.185900 0.058900 0.000000 0.093400 0.192500 0.172700 0.069000 0.166300 0.045500 0.067300 0.141300 0.090400 0.168900 0.230100 0.079400 0.191600 0.137200 0.070300 0.234300 0.198100 0.069400 0.135000 0.045500 0.157100 0.135300 0.157900 0.169700 0.057000 0.192400 0.066800 0.080300 0.183200 0.081800 0.138200 0.139600 0.236400 0.198300 0.134400 0.172700 0.186300 0.171100 0.045400 0.093100 0.114200 0.079200 0.195500 0.169500 0.168700
GazellaPrz 0.119100 0.478900 0.209900 0.652100 0.210200 0.107800 0.093400 0.000000 0.216800 0.171100 0.116900 0.190500 0.092600 0.114600 0.177800 0.066700 0.194200 0.255300 0.102700 0.228600 0.112300 0.119200 0.245800 0.209400 0.104500 0.110100 0.092600 0.194100 0.110400 0.195200 0.168200 0.104300 0.244800 0.113100 0.128400 0.221100 0.130600 0.161900 0.138800 0.248100 0.209700 0.087300 0.171100 0.170900 0.208900 0.068400 0.092000 0.137900 0.126600 0.191200 0.206800 0.205800
MountainNy 0.221000 0.432300 0.068200 0.532200 0.244800 0.209800 0.192500 0.216800 0.000000 0.141900 0.190000 0.136600 0.190800 0.212500 0.162500 0.199100 0.190700 0.197100 0.173900 0.043000 0.247600 0.221100 0.200900 0.192500 0.178500 0.244000 0.190800 0.032500 0.218200 0.056100 0.139600 0.176400 0.211300 0.197400 0.228800 0.127200 0.218400 0.196600 0.199900 0.190000 0.192700 0.244300 0.141900 0.181000 0.115700 0.190000 0.204100 0.134900 0.225600 0.175600 0.044000 0.089700
MuntiacusM 0.174100 0.413500 0.147200 0.516100 0.254700 0.162500 0.172700 0.171100 0.141900 0.000000 0.197500 0.194000 0.171000 0.193300 0.168700 0.154100 0.197200 0.204200 0.206900 0.167100 0.203000 0.174500 0.105700 0.095200 0.159000 0.199900 0.171000 0.132600 0.200000 0.133300 0.022700 0.183300 0.219900 0.217600 0.209500 0.185100 0.186600 0.204300 0.207600 0.131400 0.070800 0.199800 0.000000 0.083700 0.172900 0.170200 0.184200 0.192000 0.180300 0.183000 0.144900 0.144200
goat 0.069600 0.439500 0.197000 0.605200 0.183600 0.058300 0.069000 0.116900 0.190000 0.197500 0.000000 0.190300 0.068300 0.090200 0.139700 0.113700 0.193100 0.254600 0.102100 0.189100 0.160100 0.057400 0.259400 0.223100 0.044400 0.157700 0.068300 0.181500 0.158100 0.182500 0.194100 0.079900 0.216500 0.112800 0.103400 0.208100 0.080500 0.136400 0.138600 0.233300 0.223300 0.157900 0.197500 0.211300 0.196000 0.068100 0.116500 0.112600 0.078300 0.220600 0.194000 0.180300
AfricanBuf 0.193900 0.470300 0.116200 0.599700 0.258900 0.182800 0.166300 0.190500 0.136600 0.194000 0.190300 0.000000 0.138400 0.186600 0.137700 0.199400 0.190200 0.222900 0.148900 0.112000 0.248800 0.194100 0.227400 0.166300 0.191400 0.244500 0.138400 0.102900 0.218600 0.103300 0.190700 0.151100 0.211900 0.147200 0.175800 0.078900 0.191700 0.208500 0.200200 0.257200 0.219300 0.244800 0.194000 0.180900 0.067700 0.164100 0.204500 0.135500 0.198000 0.201600 0.114500 0.090200
Topi 0.069600 0.441200 0.170600 0.607900 0.184300 0.058300 0.045500 0.092600 0.190800 0.171000 0.068300 0.138400 0.000000 0.067000 0.139900 0.090100 0.167100 0.227700 0.078700 0.189800 0.135800 0.069600 0.232200 0.196200 0.068700 0.133900 0.000000 0.155700 0.110400 0.156500 0.168100 0.056500 0.190700 0.066100 0.056100 0.155200 0.081100 0.136200 0.090600 0.234400 0.196500 0.134000 0.171000 0.184500 0.143400 0.044900 0.092300 0.113300 0.054400 0.193800 0.168000 0.167200
CommonDuik 0.091900 0.428600 0.192800 0.565500 0.193600 0.080900 0.067300 0.114600 0.212500 0.193300 0.090200 0.186600 0.067000 0.000000 0.161500 0.110900 0.163300 0.222500 0.100200 0.211500 0.157500 0.092000 0.254300 0.218500 0.090700 0.154800 0.067000 0.177800 0.131500 0.178700 0.190000 0.055400 0.212400 0.110600 0.101400 0.203900 0.103400 0.158500 0.159700 0.229100 0.218800 0.154100 0.193300 0.206900 0.192000 0.044000 0.114300 0.134900 0.076800 0.216000 0.190000 0.189200
Suni 0.167900 0.432700 0.142400 0.575000 0.206700 0.156600 0.141300 0.177800 0.162500 0.168700 0.139700 0.137700 0.139900 0.161500 0.000000 0.161000 0.191200 0.224700 0.149500 0.161700 0.208400 0.155400 0.202000 0.166700 0.166100 0.205400 0.139900 0.128100 0.205800 0.128800 0.165900 0.151600 0.213300 0.185000 0.176400 0.178800 0.179800 0.159300 0.188000 0.230100 0.193000 0.205600 0.168700 0.181400 0.166900 0.139300 0.139700 0.136500 0.149200 0.177000 0.140100 0.127300
Springbuck 0.115900 0.483700 0.192000 0.567500 0.179300 0.104800 0.090400 0.066700 0.199100 0.154100 0.113700 0.199400 0.090100 0.110900 0.161000 0.000000 0.214900 0.263000 0.123500 0.210600 0.086500 0.115900 0.226400 0.191200 0.101700 0.063000 0.090100 0.177000 0.063200 0.177900 0.151600 0.101500 0.252500 0.133800 0.125000 0.229800 0.127300 0.133300 0.087700 0.228400 0.191400 0.063000 0.154100 0.179700 0.217800 0.089800 0.066400 0.158800 0.123200 0.215000 0.189200 0.188300
Okapi 0.196500 0.403900 0.144500 0.633400 0.249400 0.185200 0.168900 0.194200 0.190700 0.197200 0.193100 0.190200 0.167100 0.163300 0.191200 0.214900 0.000000 0.123800 0.151300 0.189800 0.265400 0.196700 0.231400 0.222300 0.194200 0.260700 0.167100 0.155500 0.234200 0.156300 0.193900 0.179300 0.215800 0.187100 0.204900 0.181300 0.208700 0.239100 0.243500 0.232700 0.222600 0.234400 0.197200 0.183600 0.169300 0.116000 0.220300 0.137300 0.175900 0.193400 0.167900 0.167000
Giraffe 0.259100 0.441200 0.178100 0.630100 0.270100 0.247900 0.230100 0.255300 0.197100 0.204200 0.254600 0.222900 0.227700 0.222500 0.224700 0.263000 0.123800 0.000000 0.209300 0.222500 0.314900 0.259300 0.264500 0.256700 0.242900 0.253900 0.227700 0.188700 0.281600 0.189700 0.174900 0.212700 0.145800 0.246200 0.226200 0.187900 0.243100 0.287800 0.265100 0.239100 0.257000 0.254100 0.204200 0.245200 0.176200 0.200000 0.242100 0.221100 0.235700 0.212600 0.201100 0.200100
TibetanAnt 0.104100 0.448500 0.153900 0.656900 0.193200 0.093000 0.079400 0.102700 0.173900 0.206900 0.102100 0.148900 0.078700 0.100200 0.149500 0.123500 0.151300 0.209300 0.000000 0.173100 0.169700 0.104100 0.241200 0.232400 0.102700 0.143000 0.078700 0.139700 0.167500 0.140400 0.177100 0.066700 0.199000 0.076100 0.089600 0.164800 0.091300 0.171000 0.173500 0.242800 0.232600 0.119800 0.206900 0.193800 0.153100 0.055400 0.126600 0.075500 0.111800 0.151000 0.151600 0.151000
Sitatunga 0.219900 0.468600 0.067900 0.573400 0.256400 0.208800 0.191600 0.228600 0.043000 0.167100 0.189100 0.112000 0.189800 0.211500 0.161700 0.210600 0.189800 0.222500 0.173100 0.000000 0.259300 0.220100 0.199900 0.165600 0.190200 0.255400 0.189800 0.032800 0.229500 0.055900 0.164300 0.175600 0.237300 0.196500 0.227700 0.102500 0.217300 0.208000 0.211400 0.201600 0.191800 0.255700 0.167100 0.154300 0.091200 0.189100 0.215900 0.134300 0.224500 0.174700 0.043800 0.064800
Oribi 0.137900 0.435900 0.241500 0.641800 0.176600 0.126900 0.137200 0.112300 0.247600 0.203000 0.160100 0.248800 0.135800 0.157500 0.208400 0.086500 0.265400 0.314900 0.169700 0.259300 0.000000 0.137900 0.237200 0.241400 0.147500 0.105900 0.135800 0.225400 0.129000 0.199900 0.199700 0.147500 0.276300 0.179900 0.171800 0.252900 0.149000 0.154700 0.157400 0.251800 0.228900 0.128800 0.203000 0.229800 0.268400 0.134900 0.088300 0.205600 0.145000 0.266000 0.237900 0.236800
BarbaryShe 0.046800 0.396900 0.200900 0.560500 0.187400 0.035300 0.070300 0.119200 0.221100 0.174500 0.057400 0.194100 0.069600 0.092000 0.155400 0.115900 0.196700 0.259300 0.104100 0.220100 0.137900 0.000000 0.237100 0.200400 0.069500 0.135900 0.069600 0.185200 0.161000 0.186200 0.198100 0.081500 0.235500 0.115000 0.105600 0.212400 0.034400 0.139200 0.167000 0.239500 0.200600 0.160800 0.174500 0.188400 0.200100 0.069400 0.119000 0.139900 0.091900 0.225100 0.197900 0.169300
Daviddeer 0.236400 0.476300 0.180900 0.624400 0.330800 0.225200 0.234300 0.245800 0.200900 0.105700 0.259400 0.227400 0.232200 0.254300 0.202000 0.226400 0.231400 0.264500 0.241200 0.199900 0.237200 0.237100 0.000000 0.142000 0.233400 0.245100 0.232200 0.165900 0.272500 0.166800 0.128400 0.244700 0.253600 0.278800 0.258600 0.191800 0.248800 0.278300 0.282300 0.166100 0.056600 0.245000 0.105700 0.130600 0.179900 0.231100 0.246400 0.225700 0.267800 0.216800 0.178200 0.177400
Reindeer 0.199800 0.487600 0.172100 0.530300 0.266100 0.188400 0.198100 0.209400 0.192500 0.095200 0.223100 0.166300 0.196200 0.218500 0.166700 0.191200 0.222300 0.256700 0.232400 0.165600 0.241400 0.200400 0.142000 0.000000 0.197200 0.237200 0.196200 0.157100 0.237400 0.157900 0.118300 0.208700 0.274200 0.243000 0.235400 0.183600 0.212600 0.215500 0.246100 0.104400 0.106300 0.237100 0.095200 0.033900 0.171500 0.195300 0.222900 0.216900 0.231900 0.208200 0.169500 0.142900
Ibex 0.070000 0.427100 0.198300 0.593200 0.170800 0.058600 0.069400 0.104500 0.178500 0.159000 0.044400 0.191400 0.068700 0.090700 0.166100 0.101700 0.194200 0.242900 0.102700 0.190200 0.147500 0.069500 0.233400 0.197200 0.000000 0.145500 0.068700 0.182600 0.145800 0.183600 0.182300 0.080300 0.232200 0.113300 0.103900 0.209300 0.081000 0.124200 0.126300 0.207500 0.197400 0.145600 0.159000 0.185500 0.197100 0.068400 0.104200 0.113200 0.102500 0.221900 0.195200 0.194300
GyrantGaze 0.160600 0.499600 0.238100 0.582500 0.173600 0.149800 0.135000 0.110100 0.244000 0.199900 0.157700 0.244500 0.133900 0.154800 0.205400 0.063000 0.260700 0.253900 0.143000 0.255400 0.105900 0.135900 0.245100 0.237200 0.145500 0.000000 0.133900 0.222200 0.104400 0.223400 0.171300 0.145200 0.243600 0.177100 0.133200 0.248200 0.122900 0.152400 0.131000 0.247300 0.237400 0.061100 0.199900 0.225900 0.236400 0.133400 0.109700 0.202800 0.166700 0.233700 0.234500 0.233400
Hartebeest 0.069600 0.441200 0.170600 0.607900 0.184300 0.058300 0.045500 0.092600 0.190800 0.171000 0.068300 0.138400 0.000000 0.067000 0.139900 0.090100 0.167100 0.227700 0.078700 0.189800 0.135800 0.069600 0.232200 0.196200 0.068700 0.133900 0.000000 0.155700 0.110400 0.156500 0.168100 0.056500 0.190700 0.066100 0.056100 0.155200 0.081100 0.136200 0.090600 0.234400 0.196500 0.134000 0.171000 0.184500 0.143400 0.044900 0.092300 0.113300 0.055200 0.193800 0.168000 0.167200
Bongo 0.185000 0.428200 0.034300 0.574100 0.250200 0.173700 0.157100 0.194100 0.032500 0.132600 0.181500 0.102900 0.155700 0.177800 0.128100 0.177000 0.155500 0.188700 0.139700 0.032800 0.225400 0.185200 0.165900 0.157100 0.182600 0.222200 0.155700 0.000000 0.196600 0.022600 0.130300 0.141900 0.203300 0.163200 0.193400 0.093000 0.182900 0.201000 0.204300 0.194400 0.157300 0.222500 0.132600 0.145500 0.081400 0.155100 0.181500 0.125800 0.190600 0.140800 0.011100 0.056400
Gerenuk 0.161000 0.500900 0.211700 0.584200 0.211200 0.150200 0.135300 0.110400 0.218200 0.200000 0.158100 0.218600 0.110400 0.131500 0.205800 0.063200 0.234200 0.281600 0.167500 0.229500 0.129000 0.161000 0.272500 0.237400 0.145800 0.104400 0.110400 0.196600 0.000000 0.197600 0.196900 0.145600 0.271400 0.153200 0.144900 0.248800 0.172400 0.176800 0.108000 0.247600 0.237700 0.104500 0.200000 0.226100 0.237000 0.110100 0.109900 0.203100 0.143000 0.261600 0.208700 0.234000
CommonElan 0.159000 0.392900 0.034400 0.578100 0.224300 0.147600 0.157900 0.195200 0.056100 0.133300 0.182500 0.103300 0.156500 0.178700 0.128800 0.177900 0.156300 0.189700 0.140400 0.055900 0.199900 0.186200 0.166800 0.157900 0.183600 0.223400 0.156500 0.022600 0.197600 0.000000 0.131000 0.142600 0.204400 0.164000 0.194400 0.093400 0.183800 0.202000 0.205400 0.195400 0.158100 0.223700 0.133300 0.146200 0.081800 0.155800 0.182500 0.126600 0.191600 0.141600 0.033900 0.057000
MuntiacusR 0.197600 0.440700 0.144700 0.544100 0.223500 0.186200 0.169700 0.168200 0.139600 0.022700 0.194100 0.190700 0.168100 0.190000 0.165900 0.151600 0.193900 0.174900 0.177100 0.164300 0.199700 0.198100 0.128400 0.118300 0.182300 0.171300 0.168100 0.130300 0.196900 0.131000 0.000000 0.180200 0.189600 0.214000 0.179300 0.181900 0.182900 0.200900 0.204200 0.129000 0.093800 0.171300 0.022700 0.106800 0.169900 0.167300 0.181100 0.188900 0.177300 0.180000 0.142400 0.141800
HarveysDui 0.081400 0.457500 0.156200 0.582400 0.196300 0.070200 0.057000 0.104300 0.176400 0.183300 0.079900 0.151100 0.056500 0.055400 0.151600 0.101500 0.179300 0.212700 0.066700 0.175600 0.147500 0.081500 0.244700 0.208700 0.080300 0.145200 0.056500 0.141900 0.145600 0.142600 0.180200 0.000000 0.202500 0.077200 0.091200 0.167400 0.093000 0.148700 0.150800 0.247200 0.209000 0.145400 0.183300 0.197000 0.155600 0.056300 0.104000 0.100100 0.089800 0.179300 0.153900 0.153300
Pronghorn 0.248700 0.325100 0.219100 0.533200 0.287700 0.237500 0.192400 0.244800 0.211300 0.219900 0.216500 0.211900 0.190700 0.212400 0.213300 0.252500 0.215800 0.145800 0.199000 0.237300 0.276300 0.235500 0.253600 0.274200 0.232200 0.243600 0.190700 0.203300 0.271400 0.204400 0.189600 0.202500 0.000000 0.209900 0.215900 0.202700 0.232600 0.277600 0.254000 0.256100 0.274400 0.243900 0.219900 0.262300 0.190800 0.189500 0.259100 0.210200 0.173300 0.228400 0.215800 0.201900
BlueWildeb 0.114800 0.460600 0.177900 0.673600 0.229000 0.103900 0.066800 0.113100 0.197400 0.217600 0.112800 0.147200 0.066100 0.110600 0.185000 0.133800 0.187100 0.246200 0.076100 0.196500 0.179900 0.115000 0.278800 0.243000 0.113300 0.177100 0.066100 0.163200 0.153200 0.164000 0.214000 0.077200 0.209900 0.000000 0.100000 0.162700 0.114300 0.181300 0.158700 0.281500 0.243300 0.153400 0.217600 0.204600 0.151200 0.066000 0.137100 0.109000 0.122300 0.187000 0.175200 0.174600
Gemsbok 0.105400 0.495100 0.209000 0.670800 0.195800 0.094200 0.080300 0.128400 0.228800 0.209500 0.103400 0.175800 0.056100 0.101400 0.176400 0.125000 0.204900 0.226200 0.089600 0.227700 0.171800 0.105600 0.258600 0.235400 0.103900 0.133200 0.056100 0.193400 0.144900 0.194400 0.179300 0.091200 0.215900 0.100000 0.000000 0.180300 0.092500 0.173300 0.150000 0.246000 0.235600 0.133200 0.209500 0.223600 0.168400 0.079300 0.128100 0.149000 0.113100 0.219600 0.205900 0.205000
Yak 0.212200 0.427500 0.106400 0.574700 0.306300 0.200900 0.183200 0.221100 0.127200 0.185100 0.208100 0.078900 0.155200 0.203900 0.178800 0.229800 0.181300 0.187900 0.164800 0.102500 0.252900 0.212400 0.191800 0.183600 0.209300 0.248200 0.155200 0.093000 0.248800 0.093400 0.181900 0.167400 0.202700 0.162700 0.180300 0.000000 0.209700 0.254700 0.230500 0.249400 0.210900 0.248600 0.185100 0.171900 0.011200 0.180800 0.235900 0.150700 0.190400 0.166300 0.104800 0.080300
BlueSheep 0.058400 0.429300 0.198400 0.597000 0.172800 0.047000 0.081800 0.130600 0.218400 0.186600 0.080500 0.191700 0.081100 0.103400 0.179800 0.127300 0.208700 0.243100 0.091300 0.217300 0.149000 0.034400 0.248800 0.212600 0.081000 0.122900 0.081100 0.182900 0.172400 0.183800 0.182900 0.093000 0.232600 0.114300 0.092500 0.209700 0.000000 0.150700 0.178700 0.223400 0.212800 0.147300 0.186600 0.200600 0.197600 0.080800 0.130700 0.151400 0.115200 0.237000 0.195400 0.194600
BohorReedb 0.164500 0.519300 0.216600 0.586800 0.041100 0.153500 0.138200 0.161900 0.196600 0.204300 0.136400 0.208500 0.136200 0.158500 0.159300 0.133300 0.239100 0.287800 0.171000 0.208000 0.154700 0.139200 0.278300 0.215500 0.124200 0.152400 0.136200 0.201000 0.176800 0.202000 0.200900 0.148700 0.277600 0.181300 0.173300 0.254700 0.150700 0.000000 0.157900 0.252400 0.242700 0.176600 0.204300 0.230900 0.242600 0.136400 0.124600 0.156800 0.169500 0.239700 0.213300 0.212300
KirksDik 0.167000 0.525100 0.220300 0.612600 0.204900 0.155800 0.139600 0.138800 0.199900 0.207600 0.138600 0.200200 0.090600 0.159700 0.188000 0.087700 0.243500 0.265100 0.173500 0.211400 0.157400 0.167000 0.282300 0.246100 0.126300 0.131000 0.090600 0.204300 0.108000 0.205400 0.204200 0.150800 0.254000 0.158700 0.150000 0.230500 0.178700 0.157900 0.000000 0.229000 0.246400 0.130300 0.207600 0.234500 0.218400 0.138600 0.090100 0.184900 0.148500 0.243300 0.216900 0.215800
RoeDeer 0.238800 0.457700 0.210100 0.564800 0.262300 0.227500 0.236400 0.248100 0.190000 0.131400 0.233300 0.257200 0.234400 0.229100 0.230100 0.228400 0.232700 0.239100 0.242800 0.201600 0.251800 0.239500 0.166100 0.104400 0.207500 0.247300 0.234400 0.194400 0.247600 0.195400 0.129000 0.247200 0.256100 0.281500 0.246000 0.249400 0.223400 0.252400 0.229000 0.000000 0.130300 0.247200 0.131400 0.093100 0.237000 0.205800 0.233300 0.226800 0.242200 0.246800 0.206900 0.206000
WhiteLippe 0.200000 0.470500 0.158100 0.578300 0.294400 0.188600 0.198300 0.209700 0.192700 0.070800 0.223300 0.219300 0.196500 0.218800 0.193000 0.191400 0.222600 0.257000 0.232600 0.191800 0.228900 0.200600 0.056600 0.106300 0.197400 0.237400 0.196500 0.157300 0.237700 0.158100 0.093800 0.209000 0.274400 0.243300 0.235600 0.210900 0.212800 0.242700 0.246400 0.130300 0.000000 0.237400 0.070800 0.094900 0.198600 0.195500 0.210200 0.217100 0.232200 0.193800 0.169700 0.168900
ThomsonGaz 0.160800 0.540100 0.238300 0.626800 0.198100 0.150000 0.134400 0.087300 0.244300 0.199800 0.157900 0.244800 0.134000 0.154100 0.205600 0.063000 0.234400 0.254100 0.119800 0.255700 0.128800 0.160800 0.245000 0.237100 0.145600 0.061100 0.134000 0.222500 0.104500 0.223700 0.171300 0.145400 0.243900 0.153400 0.133200 0.248600 0.147300 0.176600 0.130300 0.247200 0.237400 0.000000 0.199800 0.199700 0.236800 0.110100 0.109700 0.178400 0.166900 0.208100 0.234800 0.233700
MuntiacusC 0.174100 0.413500 0.147200 0.516100 0.254700 0.162500 0.172700 0.171100 0.141900 0.000000 0.197500 0.194000 0.171000 0.193300 0.168700 0.154100 0.197200 0.204200 0.206900 0.167100 0.203000 0.174500 0.105700 0.095200 0.159000 0.199900 0.171000 0.132600 0.200000 0.133300 0.022700 0.183300 0.219900 0.217600 0.209500 0.185100 0.186600 0.204300 0.207600 0.131400 0.070800 0.199800 0.000000 0.083700 0.172900 0.170200 0.184200 0.192000 0.180300 0.183000 0.144900 0.144200
WhiteTaile 0.187900 0.473400 0.160400 0.515900 0.282400 0.176400 0.186300 0.170900 0.181000 0.083700 0.211300 0.180900 0.184500 0.206900 0.181400 0.179700 0.183600 0.245200 0.193800 0.154300 0.229800 0.188400 0.130600 0.033900 0.185500 0.225900 0.184500 0.145500 0.226100 0.146200 0.106800 0.197000 0.262300 0.204600 0.223600 0.171900 0.200600 0.230900 0.234500 0.093100 0.094900 0.199700 0.083700 0.000000 0.159700 0.157300 0.211100 0.178900 0.220300 0.169900 0.157900 0.131400
Cattle 0.199900 0.412500 0.094600 0.558500 0.294000 0.188500 0.171100 0.208900 0.115700 0.172900 0.196000 0.067700 0.143400 0.192000 0.166900 0.217800 0.169300 0.176200 0.153100 0.091200 0.268400 0.200100 0.179900 0.171500 0.197100 0.236400 0.143400 0.081400 0.237000 0.081800 0.169900 0.155600 0.190800 0.151200 0.168400 0.011200 0.197600 0.242600 0.218400 0.237000 0.198600 0.236800 0.172900 0.159700 0.000000 0.168900 0.223600 0.139000 0.204900 0.154400 0.093200 0.068900
RoyalAntel 0.069400 0.401300 0.169800 0.560500 0.171300 0.058100 0.045400 0.068400 0.190000 0.170200 0.068100 0.164100 0.044900 0.044000 0.139300 0.089800 0.116000 0.200000 0.055400 0.189100 0.134900 0.069400 0.231100 0.195300 0.068400 0.133400 0.044900 0.155100 0.110100 0.155800 0.167300 0.056300 0.189500 0.066000 0.079300 0.180800 0.080800 0.136400 0.138600 0.205800 0.195500 0.110100 0.170200 0.157300 0.168900 0.000000 0.091900 0.088400 0.055200 0.166800 0.167300 0.166500
Steenbok 0.118800 0.460100 0.197000 0.630500 0.171500 0.107500 0.093100 0.092000 0.204100 0.184200 0.116500 0.204500 0.092300 0.114300 0.139700 0.066400 0.220300 0.242100 0.126600 0.215900 0.088300 0.119000 0.246400 0.222900 0.104200 0.109700 0.092300 0.181500 0.109900 0.182500 0.181100 0.104000 0.259100 0.137100 0.128100 0.235900 0.130700 0.124600 0.090100 0.233300 0.210200 0.109700 0.184200 0.211100 0.223600 0.091900 0.000000 0.162000 0.126300 0.220400 0.194000 0.193100
Impala 0.139800 0.462600 0.139900 0.652600 0.203600 0.128600 0.114200 0.137900 0.134900 0.192000 0.112600 0.135500 0.113300 0.134900 0.136500 0.158800 0.137300 0.221100 0.075500 0.134300 0.205600 0.139900 0.225700 0.216900 0.113200 0.202800 0.113300 0.125800 0.203100 0.126600 0.188900 0.100100 0.210200 0.109000 0.149000 0.150700 0.151400 0.156800 0.184900 0.226800 0.217100 0.178400 0.192000 0.178900 0.139000 0.088400 0.162000 0.000000 0.146900 0.162000 0.137600 0.137000
Klipspring 0.103800 0.408700 0.206200 0.566000 0.205800 0.092700 0.079200 0.126600 0.225600 0.180300 0.078300 0.198000 0.054400 0.076800 0.149200 0.123200 0.175900 0.235700 0.111800 0.224500 0.145000 0.091900 0.267800 0.231900 0.102500 0.166700 0.055200 0.190600 0.143000 0.191600 0.177300 0.089800 0.173300 0.122300 0.113100 0.190400 0.115200 0.169500 0.148500 0.242200 0.232200 0.166900 0.180300 0.220300 0.204900 0.055200 0.126300 0.146900 0.000000 0.229200 0.203000 0.189400
ForestMusk 0.224600 0.539800 0.129200 0.657200 0.291200 0.213300 0.195500 0.191200 0.175600 0.183000 0.220600 0.201600 0.193800 0.216000 0.177000 0.215000 0.193400 0.212600 0.151000 0.174700 0.266000 0.225100 0.216800 0.208200 0.221900 0.233700 0.193800 0.140800 0.261600 0.141600 0.180000 0.179300 0.228400 0.187000 0.219600 0.166300 0.237000 0.239700 0.243300 0.246800 0.193800 0.208100 0.183000 0.169900 0.154400 0.166800 0.220400 0.162000 0.229200 0.000000 0.152900 0.152200
Bushbuck 0.197700 0.444900 0.045700 0.592900 0.262900 0.186400 0.169500 0.206800 0.044000 0.144900 0.194000 0.114500 0.168000 0.190000 0.140100 0.189200 0.167900 0.201100 0.151600 0.043800 0.237900 0.197900 0.178200 0.169500 0.195200 0.234500 0.168000 0.011100 0.208700 0.033900 0.142400 0.153900 0.215800 0.175200 0.205900 0.104800 0.195400 0.213300 0.216900 0.206900 0.169700 0.234800 0.144900 0.157900 0.093200 0.167300 0.194000 0.137600 0.203000 0.152900 0.000000 0.067700
GreaterKud 0.196800 0.424500 0.069200 0.527200 0.261700 0.185500 0.168700 0.205800 0.089700 0.144200 0.180300 0.090200 0.167200 0.189200 0.127300 0.188300 0.167000 0.200100 0.151000 0.064800 0.236800 0.169300 0.177400 0.142900 0.194300 0.233400 0.167200 0.056400 0.234000 0.057000 0.141800 0.153300 0.201900 0.174600 0.205000 0.080300 0.194600 0.212300 0.215800 0.206000 0.168900 0.233700 0.144200 0.131400 0.068900 0.166500 0.193100 0.137000 0.189400 0.152200 0.067700 0.000000
