CODONML (in paml version 4.10.7, June 2023)  /home/rachel/ruminants_paml/6406-phy-tree/ENSBTAT00000044112.fasta.phy
Model: free dN/dS Ratios for branches,  kappa = 2.000 fixed

Codon frequency model: F3x4
ns =  54  ls =   8

Codon usage in sequences
--------------------------------------------------------------------------------------------------------------------------------------
Phe TTT   0   0   0   0   0   0 | Ser TCT   0   0   0   0   0   0 | Tyr TAT   1   1   1   1   1   1 | Cys TGT   0   0   0   0   0   0
    TTC   0   0   0   0   0   0 |     TCC   0   0   0   0   0   0 |     TAC   0   0   0   0   0   0 |     TGC   0   0   0   0   0   0
Leu TTA   0   0   0   0   0   0 |     TCA   0   0   0   0   0   0 | *** TAA   0   0   0   0   0   0 | *** TGA   0   0   0   0   0   0
    TTG   0   0   0   0   0   0 |     TCG   0   0   0   0   0   0 |     TAG   0   0   0   0   0   0 | Trp TGG   0   0   0   0   0   0
--------------------------------------------------------------------------------------------------------------------------------------
Leu CTT   0   0   0   0   0   0 | Pro CCT   0   0   0   0   0   0 | His CAT   0   0   0   0   0   0 | Arg CGT   0   0   0   0   0   0
    CTC   0   0   0   0   0   0 |     CCC   0   0   0   0   0   0 |     CAC   0   0   0   0   0   0 |     CGC   0   0   0   0   0   0
    CTA   0   0   0   0   0   0 |     CCA   1   1   1   1   1   1 | Gln CAA   0   0   0   0   0   0 |     CGA   0   0   0   0   0   0
    CTG   0   0   0   0   0   0 |     CCG   0   0   0   0   0   0 |     CAG   0   0   0   0   0   0 |     CGG   0   0   0   0   0   0
--------------------------------------------------------------------------------------------------------------------------------------
Ile ATT   0   0   0   1   0   0 | Thr ACT   0   0   0   0   0   0 | Asn AAT   1   1   1   1   1   1 | Ser AGT   0   0   0   0   0   0
    ATC   0   0   0   0   0   0 |     ACC   0   0   0   0   0   0 |     AAC   0   0   0   0   0   0 |     AGC   0   0   0   0   0   0
    ATA   0   0   0   0   0   0 |     ACA   0   0   0   0   0   0 | Lys AAA   0   0   0   0   0   0 | Arg AGA   0   0   0   0   0   0
Met ATG   0   0   0   0   0   0 |     ACG   0   0   0   0   0   0 |     AAG   0   0   0   0   0   0 |     AGG   0   0   0   0   0   0
--------------------------------------------------------------------------------------------------------------------------------------
Val GTT   1   0   1   0   0   0 | Ala GCT   0   1   0   0   0   1 | Asp GAT   0   0   0   0   0   0 | Gly GGT   1   1   1   1   1   1
    GTC   1   1   1   1   0   1 |     GCC   0   0   0   0   1   0 |     GAC   0   0   0   0   0   0 |     GGC   0   0   0   0   0   0
    GTA   0   0   0   0   0   1 |     GCA   0   0   0   0   0   0 | Glu GAA   0   0   0   0   0   0 |     GGA   0   0   0   0   0   0
    GTG   2   2   2   2   3   1 |     GCG   0   0   0   0   0   0 |     GAG   0   0   0   0   0   0 |     GGG   0   0   0   0   0   0
--------------------------------------------------------------------------------------------------------------------------------------

--------------------------------------------------------------------------------------------------------------------------------------
Phe TTT   0   0   0   0   0   0 | Ser TCT   0   0   0   0   0   0 | Tyr TAT   1   1   1   1   1   1 | Cys TGT   0   0   0   0   0   0
    TTC   0   0   0   0   0   0 |     TCC   0   0   0   0   0   0 |     TAC   0   0   0   0   0   0 |     TGC   0   0   0   0   0   0
Leu TTA   0   0   0   0   0   0 |     TCA   0   0   0   0   0   0 | *** TAA   0   0   0   0   0   0 | *** TGA   0   0   0   0   0   0
    TTG   0   0   0   0   0   0 |     TCG   0   0   0   0   0   0 |     TAG   0   0   0   0   0   0 | Trp TGG   0   0   0   0   0   0
--------------------------------------------------------------------------------------------------------------------------------------
Leu CTT   0   0   0   0   0   0 | Pro CCT   0   0   0   0   0   1 | His CAT   0   0   0   0   0   0 | Arg CGT   0   0   0   0   0   0
    CTC   0   0   0   0   0   0 |     CCC   0   0   0   0   0   0 |     CAC   0   0   0   0   0   0 |     CGC   0   0   0   0   0   0
    CTA   0   0   0   0   0   0 |     CCA   1   1   1   1   1   0 | Gln CAA   0   0   0   0   0   0 |     CGA   0   0   0   0   0   0
    CTG   0   0   0   0   0   0 |     CCG   0   0   0   0   0   0 |     CAG   0   0   0   0   0   0 |     CGG   0   0   0   0   0   0
--------------------------------------------------------------------------------------------------------------------------------------
Ile ATT   0   0   0   0   0   0 | Thr ACT   0   0   0   0   0   1 | Asn AAT   1   1   1   1   1   1 | Ser AGT   0   0   0   0   0   0
    ATC   0   0   0   0   0   0 |     ACC   0   0   0   0   0   0 |     AAC   0   0   0   0   0   0 |     AGC   0   0   0   0   0   0
    ATA   0   0   0   0   0   0 |     ACA   0   0   0   0   0   0 | Lys AAA   0   0   0   0   0   0 | Arg AGA   0   0   0   0   0   0
Met ATG   0   0   0   0   0   0 |     ACG   0   0   0   0   0   0 |     AAG   0   0   0   0   0   0 |     AGG   0   0   0   0   0   0
--------------------------------------------------------------------------------------------------------------------------------------
Val GTT   1   1   1   1   1   0 | Ala GCT   0   0   0   0   0   0 | Asp GAT   0   0   0   0   0   0 | Gly GGT   1   1   1   1   1   1
    GTC   1   1   1   1   1   1 |     GCC   0   0   0   0   0   0 |     GAC   0   0   0   0   0   0 |     GGC   0   0   0   0   0   0
    GTA   0   0   0   0   0   0 |     GCA   0   0   0   0   0   0 | Glu GAA   0   0   0   0   0   0 |     GGA   0   0   0   0   0   0
    GTG   2   2   2   2   2   2 |     GCG   0   0   0   0   0   0 |     GAG   0   0   0   0   0   0 |     GGG   0   0   0   0   0   0
--------------------------------------------------------------------------------------------------------------------------------------

--------------------------------------------------------------------------------------------------------------------------------------
Phe TTT   0   0   0   0   0   0 | Ser TCT   0   0   0   0   0   0 | Tyr TAT   1   1   1   1   1   1 | Cys TGT   0   0   0   0   0   0
    TTC   0   0   0   0   0   0 |     TCC   0   0   0   0   0   0 |     TAC   0   0   0   0   0   0 |     TGC   0   0   0   0   0   0
Leu TTA   0   0   0   0   0   0 |     TCA   0   0   0   0   0   0 | *** TAA   0   0   0   0   0   0 | *** TGA   0   0   0   0   0   0
    TTG   0   0   0   0   0   0 |     TCG   0   0   0   0   0   0 |     TAG   0   0   0   0   0   0 | Trp TGG   0   0   0   0   0   0
--------------------------------------------------------------------------------------------------------------------------------------
Leu CTT   0   0   0   0   0   0 | Pro CCT   0   0   0   0   0   0 | His CAT   0   0   0   0   0   0 | Arg CGT   0   0   0   0   0   0
    CTC   0   0   0   0   0   0 |     CCC   0   0   0   0   0   0 |     CAC   0   0   0   0   0   0 |     CGC   0   0   0   0   0   0
    CTA   0   0   0   0   0   0 |     CCA   1   1   1   1   1   1 | Gln CAA   0   0   0   0   0   0 |     CGA   0   0   0   0   0   0
    CTG   0   0   0   0   0   0 |     CCG   0   0   0   0   0   0 |     CAG   0   0   0   0   0   0 |     CGG   0   0   0   0   0   0
--------------------------------------------------------------------------------------------------------------------------------------
Ile ATT   0   0   0   0   0   0 | Thr ACT   0   0   0   0   0   0 | Asn AAT   1   1   1   1   1   1 | Ser AGT   0   0   0   0   0   0
    ATC   0   0   0   0   0   0 |     ACC   0   0   0   0   0   0 |     AAC   0   0   0   0   0   0 |     AGC   0   0   0   0   0   0
    ATA   0   0   0   0   0   0 |     ACA   0   0   0   0   0   0 | Lys AAA   0   0   0   0   0   0 | Arg AGA   0   0   0   0   0   0
Met ATG   0   0   0   0   0   0 |     ACG   0   0   0   0   0   0 |     AAG   0   0   0   0   0   0 |     AGG   0   0   0   0   0   0
--------------------------------------------------------------------------------------------------------------------------------------
Val GTT   1   1   1   1   1   1 | Ala GCT   0   0   0   0   0   0 | Asp GAT   0   0   0   0   0   0 | Gly GGT   1   1   1   1   1   1
    GTC   1   1   1   1   1   1 |     GCC   0   0   0   0   0   0 |     GAC   0   0   0   0   0   0 |     GGC   0   0   0   0   0   0
    GTA   0   0   0   0   0   0 |     GCA   0   0   0   0   0   0 | Glu GAA   0   0   0   0   0   0 |     GGA   0   0   0   0   0   0
    GTG   2   2   2   2   2   2 |     GCG   0   0   0   0   0   0 |     GAG   0   0   0   0   0   0 |     GGG   0   0   0   0   0   0
--------------------------------------------------------------------------------------------------------------------------------------

--------------------------------------------------------------------------------------------------------------------------------------
Phe TTT   0   0   0   0   0   0 | Ser TCT   0   0   0   0   0   0 | Tyr TAT   1   1   1   1   1   0 | Cys TGT   0   0   0   0   0   0
    TTC   0   0   0   0   0   0 |     TCC   0   0   0   0   0   0 |     TAC   0   0   0   0   0   1 |     TGC   0   0   0   0   0   0
Leu TTA   0   0   0   0   0   0 |     TCA   0   0   0   0   0   0 | *** TAA   0   0   0   0   0   0 | *** TGA   0   0   0   0   0   0
    TTG   0   0   0   0   0   0 |     TCG   0   0   0   0   0   0 |     TAG   0   0   0   0   0   0 | Trp TGG   0   0   0   0   0   0
--------------------------------------------------------------------------------------------------------------------------------------
Leu CTT   0   0   0   0   0   0 | Pro CCT   0   0   0   0   0   0 | His CAT   0   0   0   0   0   0 | Arg CGT   0   0   0   0   0   0
    CTC   0   0   0   0   0   0 |     CCC   0   0   0   0   0   0 |     CAC   0   0   0   0   0   0 |     CGC   0   0   0   0   0   0
    CTA   0   0   0   0   0   0 |     CCA   1   1   1   1   1   1 | Gln CAA   0   0   0   0   0   0 |     CGA   0   0   0   0   0   0
    CTG   0   0   0   0   0   0 |     CCG   0   0   0   0   0   0 |     CAG   0   0   0   0   0   0 |     CGG   0   0   0   0   0   0
--------------------------------------------------------------------------------------------------------------------------------------
Ile ATT   1   1   0   0   0   0 | Thr ACT   0   0   0   0   0   0 | Asn AAT   1   1   1   1   1   1 | Ser AGT   0   0   0   0   0   0
    ATC   0   0   0   0   0   0 |     ACC   0   0   0   0   0   0 |     AAC   0   0   0   0   0   0 |     AGC   0   0   0   0   0   0
    ATA   0   0   0   0   0   0 |     ACA   0   0   0   0   0   0 | Lys AAA   0   0   0   0   0   0 | Arg AGA   0   0   0   0   0   0
Met ATG   0   0   0   0   0   0 |     ACG   0   0   0   0   0   0 |     AAG   0   0   0   0   0   0 |     AGG   0   0   0   0   0   0
--------------------------------------------------------------------------------------------------------------------------------------
Val GTT   0   0   1   1   1   1 | Ala GCT   0   0   0   0   0   0 | Asp GAT   0   0   0   0   0   0 | Gly GGT   1   1   1   1   1   1
    GTC   1   1   1   1   1   1 |     GCC   0   0   0   0   0   0 |     GAC   0   0   0   0   0   0 |     GGC   0   0   0   0   0   0
    GTA   0   0   0   0   0   0 |     GCA   0   0   0   0   0   0 | Glu GAA   0   0   0   0   0   0 |     GGA   0   0   0   0   0   0
    GTG   2   2   2   2   2   2 |     GCG   0   0   0   0   0   0 |     GAG   0   0   0   0   0   0 |     GGG   0   0   0   0   0   0
--------------------------------------------------------------------------------------------------------------------------------------

--------------------------------------------------------------------------------------------------------------------------------------
Phe TTT   0   0   0   0   0   0 | Ser TCT   0   0   0   0   0   0 | Tyr TAT   1   1   1   1   1   1 | Cys TGT   0   0   0   0   0   0
    TTC   0   0   0   0   0   0 |     TCC   0   0   0   0   0   0 |     TAC   0   0   0   0   0   0 |     TGC   0   0   0   0   0   0
Leu TTA   0   0   0   0   0   0 |     TCA   0   0   0   0   0   0 | *** TAA   0   0   0   0   0   0 | *** TGA   0   0   0   0   0   0
    TTG   0   0   0   0   0   0 |     TCG   0   0   0   0   0   0 |     TAG   0   0   0   0   0   0 | Trp TGG   0   0   0   0   0   0
--------------------------------------------------------------------------------------------------------------------------------------
Leu CTT   0   0   0   0   0   0 | Pro CCT   0   0   0   0   0   0 | His CAT   0   0   0   0   0   0 | Arg CGT   0   0   0   0   0   0
    CTC   0   0   0   0   0   0 |     CCC   1   1   0   0   0   0 |     CAC   0   0   0   0   0   0 |     CGC   0   0   0   0   0   0
    CTA   0   0   0   0   0   0 |     CCA   0   0   1   1   1   1 | Gln CAA   0   0   0   0   0   0 |     CGA   0   0   0   0   0   0
    CTG   0   0   0   0   0   0 |     CCG   0   0   0   0   0   0 |     CAG   0   0   0   0   0   0 |     CGG   0   0   0   0   0   0
--------------------------------------------------------------------------------------------------------------------------------------
Ile ATT   0   0   0   0   0   0 | Thr ACT   1   1   0   0   0   0 | Asn AAT   1   1   1   1   1   1 | Ser AGT   0   0   0   0   0   0
    ATC   0   0   0   0   0   0 |     ACC   0   0   0   0   0   0 |     AAC   0   0   0   0   0   0 |     AGC   0   0   0   0   0   0
    ATA   0   0   0   0   0   0 |     ACA   0   0   0   0   0   0 | Lys AAA   0   0   0   0   0   0 | Arg AGA   0   0   0   0   0   0
Met ATG   0   0   0   0   0   0 |     ACG   0   0   0   0   0   0 |     AAG   0   0   0   0   0   0 |     AGG   0   0   0   0   0   0
--------------------------------------------------------------------------------------------------------------------------------------
Val GTT   0   0   1   1   1   1 | Ala GCT   0   0   0   0   0   0 | Asp GAT   0   0   0   0   0   0 | Gly GGT   1   1   1   1   1   1
    GTC   1   1   1   1   1   1 |     GCC   0   0   0   0   0   0 |     GAC   0   0   0   0   0   0 |     GGC   0   0   0   0   0   0
    GTA   0   0   0   0   0   0 |     GCA   0   0   0   0   0   0 | Glu GAA   0   0   0   0   0   0 |     GGA   0   0   0   0   0   0
    GTG   2   2   2   2   2   2 |     GCG   0   0   0   0   0   0 |     GAG   0   0   0   0   0   0 |     GGG   0   0   0   0   0   0
--------------------------------------------------------------------------------------------------------------------------------------

--------------------------------------------------------------------------------------------------------------------------------------
Phe TTT   0   0   0   0   0   0 | Ser TCT   0   0   0   0   0   0 | Tyr TAT   1   1   1   1   1   1 | Cys TGT   0   0   0   0   0   0
    TTC   0   0   0   0   0   0 |     TCC   0   0   0   0   0   0 |     TAC   0   0   0   0   0   0 |     TGC   0   0   0   0   0   0
Leu TTA   0   0   0   0   0   0 |     TCA   0   0   0   0   0   0 | *** TAA   0   0   0   0   0   0 | *** TGA   0   0   0   0   0   0
    TTG   0   0   0   0   0   0 |     TCG   0   0   0   0   0   0 |     TAG   0   0   0   0   0   0 | Trp TGG   0   0   0   0   0   0
--------------------------------------------------------------------------------------------------------------------------------------
Leu CTT   0   0   0   0   0   0 | Pro CCT   0   0   1   0   0   0 | His CAT   0   0   0   0   0   0 | Arg CGT   0   0   0   0   0   0
    CTC   0   0   0   0   0   0 |     CCC   0   0   0   0   0   0 |     CAC   0   0   0   0   0   0 |     CGC   0   0   0   0   0   0
    CTA   0   0   0   0   0   0 |     CCA   1   1   0   1   0   1 | Gln CAA   0   0   0   0   0   0 |     CGA   0   0   0   0   0   0
    CTG   0   0   0   0   0   0 |     CCG   0   0   0   0   1   0 |     CAG   0   0   0   0   0   0 |     CGG   0   0   0   0   0   0
--------------------------------------------------------------------------------------------------------------------------------------
Ile ATT   0   0   0   0   0   0 | Thr ACT   0   0   1   0   1   0 | Asn AAT   1   1   1   1   1   1 | Ser AGT   0   0   0   0   0   0
    ATC   0   0   0   0   0   0 |     ACC   0   0   0   0   0   0 |     AAC   0   0   0   0   0   0 |     AGC   0   0   0   0   0   0
    ATA   0   0   0   0   0   0 |     ACA   0   0   0   0   0   0 | Lys AAA   0   0   0   0   0   0 | Arg AGA   0   0   0   0   0   0
Met ATG   0   0   0   0   0   0 |     ACG   0   0   0   0   0   0 |     AAG   0   0   0   0   0   0 |     AGG   0   0   0   0   0   0
--------------------------------------------------------------------------------------------------------------------------------------
Val GTT   1   1   0   1   0   1 | Ala GCT   0   0   0   0   0   0 | Asp GAT   0   0   0   0   0   0 | Gly GGT   1   1   1   1   1   1
    GTC   1   1   1   1   1   1 |     GCC   0   0   0   0   0   0 |     GAC   0   0   0   0   0   0 |     GGC   0   0   0   0   0   0
    GTA   0   0   0   0   0   0 |     GCA   0   0   0   0   0   0 | Glu GAA   0   0   0   0   0   0 |     GGA   0   0   0   0   0   0
    GTG   2   2   2   2   2   2 |     GCG   0   0   0   0   0   0 |     GAG   0   0   0   0   0   0 |     GGG   0   0   0   0   0   0
--------------------------------------------------------------------------------------------------------------------------------------

--------------------------------------------------------------------------------------------------------------------------------------
Phe TTT   0   0   0   0   0   0 | Ser TCT   0   0   0   0   0   0 | Tyr TAT   1   1   1   1   1   1 | Cys TGT   0   0   0   0   0   0
    TTC   0   0   0   0   0   0 |     TCC   0   0   0   0   0   0 |     TAC   0   0   0   0   0   0 |     TGC   0   0   0   0   0   0
Leu TTA   0   0   0   0   0   0 |     TCA   0   0   0   0   0   0 | *** TAA   0   0   0   0   0   0 | *** TGA   0   0   0   0   0   0
    TTG   0   0   0   0   0   0 |     TCG   0   0   0   0   0   0 |     TAG   0   0   0   0   0   0 | Trp TGG   0   0   0   0   0   0
--------------------------------------------------------------------------------------------------------------------------------------
Leu CTT   0   0   0   0   0   0 | Pro CCT   0   0   0   0   0   0 | His CAT   0   0   0   0   0   0 | Arg CGT   0   0   0   0   0   0
    CTC   0   0   0   0   0   0 |     CCC   0   0   0   0   0   1 |     CAC   0   0   0   0   0   0 |     CGC   0   0   0   0   0   0
    CTA   0   0   0   0   0   0 |     CCA   1   1   1   1   1   0 | Gln CAA   0   0   0   0   0   0 |     CGA   0   0   0   0   0   0
    CTG   0   0   0   0   0   0 |     CCG   0   0   0   0   0   0 |     CAG   0   0   0   0   0   0 |     CGG   0   0   0   0   0   0
--------------------------------------------------------------------------------------------------------------------------------------
Ile ATT   0   0   0   0   0   0 | Thr ACT   0   0   0   0   0   1 | Asn AAT   1   1   1   1   1   1 | Ser AGT   0   0   0   0   0   0
    ATC   0   0   0   0   0   0 |     ACC   0   0   0   0   0   0 |     AAC   0   0   0   0   0   0 |     AGC   0   0   0   0   0   0
    ATA   0   0   0   0   0   0 |     ACA   0   0   0   0   0   0 | Lys AAA   0   0   0   0   0   0 | Arg AGA   0   0   0   0   0   0
Met ATG   0   0   0   0   0   0 |     ACG   0   0   0   0   0   0 |     AAG   0   0   0   0   0   0 |     AGG   0   0   0   0   0   0
--------------------------------------------------------------------------------------------------------------------------------------
Val GTT   1   1   1   1   1   0 | Ala GCT   0   0   0   0   0   0 | Asp GAT   0   0   0   0   0   0 | Gly GGT   1   1   1   1   1   1
    GTC   1   1   1   1   1   1 |     GCC   0   0   0   0   0   0 |     GAC   0   0   0   0   0   0 |     GGC   0   0   0   0   0   0
    GTA   0   0   0   0   0   0 |     GCA   0   0   0   0   0   0 | Glu GAA   0   0   0   0   0   0 |     GGA   0   0   0   0   0   0
    GTG   2   2   2   2   2   2 |     GCG   0   0   0   0   0   0 |     GAG   0   0   0   0   0   0 |     GGG   0   0   0   0   0   0
--------------------------------------------------------------------------------------------------------------------------------------

--------------------------------------------------------------------------------------------------------------------------------------
Phe TTT   0   0   0   0   0   0 | Ser TCT   0   0   0   0   0   0 | Tyr TAT   1   1   1   1   1   0 | Cys TGT   0   0   0   0   0   0
    TTC   0   0   0   0   0   0 |     TCC   0   0   0   0   0   0 |     TAC   0   0   0   0   0   1 |     TGC   0   0   0   0   0   0
Leu TTA   0   0   0   0   0   0 |     TCA   0   0   0   0   0   0 | *** TAA   0   0   0   0   0   0 | *** TGA   0   0   0   0   0   0
    TTG   0   0   0   0   0   0 |     TCG   0   0   0   0   0   0 |     TAG   0   0   0   0   0   0 | Trp TGG   0   0   0   0   0   0
--------------------------------------------------------------------------------------------------------------------------------------
Leu CTT   0   0   0   0   0   0 | Pro CCT   0   0   1   1   0   0 | His CAT   0   0   0   0   0   0 | Arg CGT   0   0   0   0   0   0
    CTC   0   0   0   0   0   0 |     CCC   1   0   0   0   0   0 |     CAC   0   0   0   0   0   0 |     CGC   0   0   0   0   0   0
    CTA   0   0   0   0   0   0 |     CCA   0   1   0   0   1   1 | Gln CAA   0   0   0   0   0   0 |     CGA   0   0   0   0   0   0
    CTG   0   0   0   0   0   0 |     CCG   0   0   0   0   0   0 |     CAG   0   0   0   0   0   0 |     CGG   0   0   0   0   0   0
--------------------------------------------------------------------------------------------------------------------------------------
Ile ATT   0   0   0   0   0   0 | Thr ACT   1   0   1   1   0   0 | Asn AAT   1   1   1   1   1   1 | Ser AGT   0   0   0   0   0   0
    ATC   0   0   0   0   0   0 |     ACC   0   0   0   0   0   0 |     AAC   0   0   0   0   0   0 |     AGC   0   0   0   0   0   0
    ATA   0   0   0   0   0   0 |     ACA   0   0   0   0   0   0 | Lys AAA   0   0   0   0   0   0 | Arg AGA   0   0   0   0   0   0
Met ATG   0   0   0   0   0   0 |     ACG   0   0   0   0   0   0 |     AAG   0   0   0   0   0   0 |     AGG   0   0   0   0   0   0
--------------------------------------------------------------------------------------------------------------------------------------
Val GTT   0   1   0   0   1   1 | Ala GCT   0   0   0   0   0   0 | Asp GAT   0   0   0   0   0   0 | Gly GGT   1   1   1   1   1   1
    GTC   1   1   1   1   1   1 |     GCC   0   0   0   0   0   0 |     GAC   0   0   0   0   0   0 |     GGC   0   0   0   0   0   0
    GTA   0   0   0   0   0   1 |     GCA   0   0   0   0   0   0 | Glu GAA   0   0   0   0   0   0 |     GGA   0   0   0   0   0   0
    GTG   2   2   2   2   2   1 |     GCG   0   0   0   0   0   0 |     GAG   0   0   0   0   0   0 |     GGG   0   0   0   0   0   0
--------------------------------------------------------------------------------------------------------------------------------------

--------------------------------------------------------------------------------------------------------------------------------------
Phe TTT   0   0   0   0   0   0 | Ser TCT   0   0   0   0   0   0 | Tyr TAT   1   1   1   1   1   1 | Cys TGT   0   0   0   0   0   0
    TTC   0   0   0   0   0   0 |     TCC   0   0   0   0   0   0 |     TAC   0   0   0   0   0   0 |     TGC   0   0   0   0   0   0
Leu TTA   0   0   0   0   0   0 |     TCA   0   0   0   0   0   0 | *** TAA   0   0   0   0   0   0 | *** TGA   0   0   0   0   0   0
    TTG   0   0   0   0   0   0 |     TCG   0   0   0   0   0   0 |     TAG   0   0   0   0   0   0 | Trp TGG   0   0   0   0   0   0
--------------------------------------------------------------------------------------------------------------------------------------
Leu CTT   0   0   0   0   0   0 | Pro CCT   0   0   0   0   0   0 | His CAT   0   0   0   0   0   0 | Arg CGT   0   0   0   0   0   0
    CTC   0   0   0   0   0   0 |     CCC   0   0   0   0   0   0 |     CAC   0   0   0   0   0   0 |     CGC   0   0   0   0   0   0
    CTA   0   0   0   0   0   0 |     CCA   1   1   1   1   1   1 | Gln CAA   0   0   0   0   0   0 |     CGA   0   0   0   0   0   0
    CTG   0   0   0   0   0   0 |     CCG   0   0   0   0   0   0 |     CAG   0   0   0   0   0   0 |     CGG   0   0   0   0   0   0
--------------------------------------------------------------------------------------------------------------------------------------
Ile ATT   0   0   0   1   0   0 | Thr ACT   0   0   0   0   0   0 | Asn AAT   1   0   1   1   1   1 | Ser AGT   0   0   0   0   0   0
    ATC   0   0   0   0   0   0 |     ACC   0   0   0   0   0   0 |     AAC   0   1   0   0   0   0 |     AGC   0   0   0   0   0   0
    ATA   0   0   0   0   0   0 |     ACA   0   0   0   0   0   0 | Lys AAA   0   0   0   0   0   0 | Arg AGA   0   0   0   0   0   0
Met ATG   0   0   0   0   0   0 |     ACG   0   0   0   0   0   0 |     AAG   0   0   0   0   0   0 |     AGG   0   0   0   0   0   0
--------------------------------------------------------------------------------------------------------------------------------------
Val GTT   1   1   1   0   1   1 | Ala GCT   0   0   0   0   0   0 | Asp GAT   0   0   0   0   0   0 | Gly GGT   1   1   1   1   1   1
    GTC   1   1   1   1   1   1 |     GCC   0   0   0   0   0   0 |     GAC   0   0   0   0   0   0 |     GGC   0   0   0   0   0   0
    GTA   0   0   0   0   0   0 |     GCA   0   0   0   0   0   0 | Glu GAA   0   0   0   0   0   0 |     GGA   0   0   0   0   0   0
    GTG   2   2   2   2   2   2 |     GCG   0   0   0   0   0   0 |     GAG   0   0   0   0   0   0 |     GGG   0   0   0   0   0   0
--------------------------------------------------------------------------------------------------------------------------------------

Codon position x base (3x4) table for each sequence.

#1: Argali         
position  1:    T:0.12500    C:0.12500    A:0.12500    G:0.62500
position  2:    T:0.50000    C:0.12500    A:0.25000    G:0.12500
position  3:    T:0.50000    C:0.12500    A:0.12500    G:0.25000
Average         T:0.37500    C:0.12500    A:0.16667    G:0.33333

#2: LesserMouseDeer
position  1:    T:0.12500    C:0.12500    A:0.12500    G:0.62500
position  2:    T:0.37500    C:0.25000    A:0.25000    G:0.12500
position  3:    T:0.50000    C:0.12500    A:0.12500    G:0.25000
Average         T:0.33333    C:0.16667    A:0.16667    G:0.33333

#3: LesserKudu     
position  1:    T:0.12500    C:0.12500    A:0.12500    G:0.62500
position  2:    T:0.50000    C:0.12500    A:0.25000    G:0.12500
position  3:    T:0.50000    C:0.12500    A:0.12500    G:0.25000
Average         T:0.37500    C:0.12500    A:0.16667    G:0.33333

#4: ForestMuskDeer2
position  1:    T:0.12500    C:0.12500    A:0.25000    G:0.50000
position  2:    T:0.50000    C:0.12500    A:0.25000    G:0.12500
position  3:    T:0.50000    C:0.12500    A:0.12500    G:0.25000
Average         T:0.37500    C:0.12500    A:0.20833    G:0.29167

#5: Camel          
position  1:    T:0.12500    C:0.12500    A:0.12500    G:0.62500
position  2:    T:0.37500    C:0.25000    A:0.25000    G:0.12500
position  3:    T:0.37500    C:0.12500    A:0.12500    G:0.37500
Average         T:0.29167    C:0.16667    A:0.16667    G:0.37500

#6: KillerWhale    
position  1:    T:0.12500    C:0.12500    A:0.12500    G:0.62500
position  2:    T:0.37500    C:0.25000    A:0.25000    G:0.12500
position  3:    T:0.50000    C:0.12500    A:0.25000    G:0.12500
Average         T:0.33333    C:0.16667    A:0.20833    G:0.29167

#7: DefassaWaterbuck
position  1:    T:0.12500    C:0.12500    A:0.12500    G:0.62500
position  2:    T:0.50000    C:0.12500    A:0.25000    G:0.12500
position  3:    T:0.50000    C:0.12500    A:0.12500    G:0.25000
Average         T:0.37500    C:0.12500    A:0.16667    G:0.33333

#8: Sheep          
position  1:    T:0.12500    C:0.12500    A:0.12500    G:0.62500
position  2:    T:0.50000    C:0.12500    A:0.25000    G:0.12500
position  3:    T:0.50000    C:0.12500    A:0.12500    G:0.25000
Average         T:0.37500    C:0.12500    A:0.16667    G:0.33333

#9: MaxwellsDuiker 
position  1:    T:0.12500    C:0.12500    A:0.12500    G:0.62500
position  2:    T:0.50000    C:0.12500    A:0.25000    G:0.12500
position  3:    T:0.50000    C:0.12500    A:0.12500    G:0.25000
Average         T:0.37500    C:0.12500    A:0.16667    G:0.33333

#10: GazellaPrzewalskyi
position  1:    T:0.12500    C:0.12500    A:0.12500    G:0.62500
position  2:    T:0.50000    C:0.12500    A:0.25000    G:0.12500
position  3:    T:0.50000    C:0.12500    A:0.12500    G:0.25000
Average         T:0.37500    C:0.12500    A:0.16667    G:0.33333

#11: MountainNyala  
position  1:    T:0.12500    C:0.12500    A:0.12500    G:0.62500
position  2:    T:0.50000    C:0.12500    A:0.25000    G:0.12500
position  3:    T:0.50000    C:0.12500    A:0.12500    G:0.25000
Average         T:0.37500    C:0.12500    A:0.16667    G:0.33333

#12: MuntiacusMuntjak
position  1:    T:0.12500    C:0.12500    A:0.25000    G:0.50000
position  2:    T:0.37500    C:0.25000    A:0.25000    G:0.12500
position  3:    T:0.62500    C:0.12500    A:0.00000    G:0.25000
Average         T:0.37500    C:0.16667    A:0.16667    G:0.29167

#13: goat           
position  1:    T:0.12500    C:0.12500    A:0.12500    G:0.62500
position  2:    T:0.50000    C:0.12500    A:0.25000    G:0.12500
position  3:    T:0.50000    C:0.12500    A:0.12500    G:0.25000
Average         T:0.37500    C:0.12500    A:0.16667    G:0.33333

#14: AfricanBuffalo 
position  1:    T:0.12500    C:0.12500    A:0.12500    G:0.62500
position  2:    T:0.50000    C:0.12500    A:0.25000    G:0.12500
position  3:    T:0.50000    C:0.12500    A:0.12500    G:0.25000
Average         T:0.37500    C:0.12500    A:0.16667    G:0.33333

#15: Topi           
position  1:    T:0.12500    C:0.12500    A:0.12500    G:0.62500
position  2:    T:0.50000    C:0.12500    A:0.25000    G:0.12500
position  3:    T:0.50000    C:0.12500    A:0.12500    G:0.25000
Average         T:0.37500    C:0.12500    A:0.16667    G:0.33333

#16: CommonDuiker   
position  1:    T:0.12500    C:0.12500    A:0.12500    G:0.62500
position  2:    T:0.50000    C:0.12500    A:0.25000    G:0.12500
position  3:    T:0.50000    C:0.12500    A:0.12500    G:0.25000
Average         T:0.37500    C:0.12500    A:0.16667    G:0.33333

#17: Suni           
position  1:    T:0.12500    C:0.12500    A:0.12500    G:0.62500
position  2:    T:0.50000    C:0.12500    A:0.25000    G:0.12500
position  3:    T:0.50000    C:0.12500    A:0.12500    G:0.25000
Average         T:0.37500    C:0.12500    A:0.16667    G:0.33333

#18: Springbuck     
position  1:    T:0.12500    C:0.12500    A:0.12500    G:0.62500
position  2:    T:0.50000    C:0.12500    A:0.25000    G:0.12500
position  3:    T:0.50000    C:0.12500    A:0.12500    G:0.25000
Average         T:0.37500    C:0.12500    A:0.16667    G:0.33333

#19: Okapi          
position  1:    T:0.12500    C:0.12500    A:0.25000    G:0.50000
position  2:    T:0.50000    C:0.12500    A:0.25000    G:0.12500
position  3:    T:0.50000    C:0.12500    A:0.12500    G:0.25000
Average         T:0.37500    C:0.12500    A:0.20833    G:0.29167

#20: Giraffe        
position  1:    T:0.12500    C:0.12500    A:0.25000    G:0.50000
position  2:    T:0.50000    C:0.12500    A:0.25000    G:0.12500
position  3:    T:0.50000    C:0.12500    A:0.12500    G:0.25000
Average         T:0.37500    C:0.12500    A:0.20833    G:0.29167

#21: TibetanAntelope
position  1:    T:0.12500    C:0.12500    A:0.12500    G:0.62500
position  2:    T:0.50000    C:0.12500    A:0.25000    G:0.12500
position  3:    T:0.50000    C:0.12500    A:0.12500    G:0.25000
Average         T:0.37500    C:0.12500    A:0.16667    G:0.33333

#22: Sitatunga      
position  1:    T:0.12500    C:0.12500    A:0.12500    G:0.62500
position  2:    T:0.50000    C:0.12500    A:0.25000    G:0.12500
position  3:    T:0.50000    C:0.12500    A:0.12500    G:0.25000
Average         T:0.37500    C:0.12500    A:0.16667    G:0.33333

#23: Oribi          
position  1:    T:0.12500    C:0.12500    A:0.12500    G:0.62500
position  2:    T:0.50000    C:0.12500    A:0.25000    G:0.12500
position  3:    T:0.50000    C:0.12500    A:0.12500    G:0.25000
Average         T:0.37500    C:0.12500    A:0.16667    G:0.33333

#24: BarbarySheep   
position  1:    T:0.12500    C:0.12500    A:0.12500    G:0.62500
position  2:    T:0.50000    C:0.12500    A:0.25000    G:0.12500
position  3:    T:0.37500    C:0.25000    A:0.12500    G:0.25000
Average         T:0.33333    C:0.16667    A:0.16667    G:0.33333

#25: Daviddeer      
position  1:    T:0.12500    C:0.12500    A:0.25000    G:0.50000
position  2:    T:0.37500    C:0.25000    A:0.25000    G:0.12500
position  3:    T:0.50000    C:0.25000    A:0.00000    G:0.25000
Average         T:0.33333    C:0.20833    A:0.16667    G:0.29167

#26: Reindeer       
position  1:    T:0.12500    C:0.12500    A:0.25000    G:0.50000
position  2:    T:0.37500    C:0.25000    A:0.25000    G:0.12500
position  3:    T:0.50000    C:0.25000    A:0.00000    G:0.25000
Average         T:0.33333    C:0.20833    A:0.16667    G:0.29167

#27: Ibex           
position  1:    T:0.12500    C:0.12500    A:0.12500    G:0.62500
position  2:    T:0.50000    C:0.12500    A:0.25000    G:0.12500
position  3:    T:0.50000    C:0.12500    A:0.12500    G:0.25000
Average         T:0.37500    C:0.12500    A:0.16667    G:0.33333

#28: GyrantGazelle  
position  1:    T:0.12500    C:0.12500    A:0.12500    G:0.62500
position  2:    T:0.50000    C:0.12500    A:0.25000    G:0.12500
position  3:    T:0.50000    C:0.12500    A:0.12500    G:0.25000
Average         T:0.37500    C:0.12500    A:0.16667    G:0.33333

#29: Hartebeest     
position  1:    T:0.12500    C:0.12500    A:0.12500    G:0.62500
position  2:    T:0.50000    C:0.12500    A:0.25000    G:0.12500
position  3:    T:0.50000    C:0.12500    A:0.12500    G:0.25000
Average         T:0.37500    C:0.12500    A:0.16667    G:0.33333

#30: Bongo          
position  1:    T:0.12500    C:0.12500    A:0.12500    G:0.62500
position  2:    T:0.50000    C:0.12500    A:0.25000    G:0.12500
position  3:    T:0.50000    C:0.12500    A:0.12500    G:0.25000
Average         T:0.37500    C:0.12500    A:0.16667    G:0.33333

#31: Gerenuk        
position  1:    T:0.12500    C:0.12500    A:0.12500    G:0.62500
position  2:    T:0.50000    C:0.12500    A:0.25000    G:0.12500
position  3:    T:0.50000    C:0.12500    A:0.12500    G:0.25000
Average         T:0.37500    C:0.12500    A:0.16667    G:0.33333

#32: CommonEland    
position  1:    T:0.12500    C:0.12500    A:0.12500    G:0.62500
position  2:    T:0.50000    C:0.12500    A:0.25000    G:0.12500
position  3:    T:0.50000    C:0.12500    A:0.12500    G:0.25000
Average         T:0.37500    C:0.12500    A:0.16667    G:0.33333

#33: MuntiacusReevesi
position  1:    T:0.12500    C:0.12500    A:0.25000    G:0.50000
position  2:    T:0.37500    C:0.25000    A:0.25000    G:0.12500
position  3:    T:0.62500    C:0.12500    A:0.00000    G:0.25000
Average         T:0.37500    C:0.16667    A:0.16667    G:0.29167

#34: HarveysDuiker  
position  1:    T:0.12500    C:0.12500    A:0.12500    G:0.62500
position  2:    T:0.50000    C:0.12500    A:0.25000    G:0.12500
position  3:    T:0.50000    C:0.12500    A:0.12500    G:0.25000
Average         T:0.37500    C:0.12500    A:0.16667    G:0.33333

#35: Pronghorn      
position  1:    T:0.12500    C:0.12500    A:0.25000    G:0.50000
position  2:    T:0.37500    C:0.25000    A:0.25000    G:0.12500
position  3:    T:0.50000    C:0.12500    A:0.00000    G:0.37500
Average         T:0.33333    C:0.16667    A:0.16667    G:0.33333

#36: BlueWildebeest 
position  1:    T:0.12500    C:0.12500    A:0.12500    G:0.62500
position  2:    T:0.50000    C:0.12500    A:0.25000    G:0.12500
position  3:    T:0.50000    C:0.12500    A:0.12500    G:0.25000
Average         T:0.37500    C:0.12500    A:0.16667    G:0.33333

#37: Gemsbok        
position  1:    T:0.12500    C:0.12500    A:0.12500    G:0.62500
position  2:    T:0.50000    C:0.12500    A:0.25000    G:0.12500
position  3:    T:0.50000    C:0.12500    A:0.12500    G:0.25000
Average         T:0.37500    C:0.12500    A:0.16667    G:0.33333

#38: Yak            
position  1:    T:0.12500    C:0.12500    A:0.12500    G:0.62500
position  2:    T:0.50000    C:0.12500    A:0.25000    G:0.12500
position  3:    T:0.50000    C:0.12500    A:0.12500    G:0.25000
Average         T:0.37500    C:0.12500    A:0.16667    G:0.33333

#39: BlueSheep      
position  1:    T:0.12500    C:0.12500    A:0.12500    G:0.62500
position  2:    T:0.50000    C:0.12500    A:0.25000    G:0.12500
position  3:    T:0.50000    C:0.12500    A:0.12500    G:0.25000
Average         T:0.37500    C:0.12500    A:0.16667    G:0.33333

#40: BohorReedbuck  
position  1:    T:0.12500    C:0.12500    A:0.12500    G:0.62500
position  2:    T:0.50000    C:0.12500    A:0.25000    G:0.12500
position  3:    T:0.50000    C:0.12500    A:0.12500    G:0.25000
Average         T:0.37500    C:0.12500    A:0.16667    G:0.33333

#41: KirksDik       
position  1:    T:0.12500    C:0.12500    A:0.12500    G:0.62500
position  2:    T:0.50000    C:0.12500    A:0.25000    G:0.12500
position  3:    T:0.50000    C:0.12500    A:0.12500    G:0.25000
Average         T:0.37500    C:0.12500    A:0.16667    G:0.33333

#42: RoeDeer        
position  1:    T:0.12500    C:0.12500    A:0.25000    G:0.50000
position  2:    T:0.37500    C:0.25000    A:0.25000    G:0.12500
position  3:    T:0.50000    C:0.25000    A:0.00000    G:0.25000
Average         T:0.33333    C:0.20833    A:0.16667    G:0.29167

#43: WhiteLippedDeer
position  1:    T:0.12500    C:0.12500    A:0.25000    G:0.50000
position  2:    T:0.37500    C:0.25000    A:0.25000    G:0.12500
position  3:    T:0.50000    C:0.25000    A:0.00000    G:0.25000
Average         T:0.33333    C:0.20833    A:0.16667    G:0.29167

#44: ThomsonGazelle 
position  1:    T:0.12500    C:0.12500    A:0.12500    G:0.62500
position  2:    T:0.50000    C:0.12500    A:0.25000    G:0.12500
position  3:    T:0.50000    C:0.12500    A:0.12500    G:0.25000
Average         T:0.37500    C:0.12500    A:0.16667    G:0.33333

#45: MuntiacusCrinifrons
position  1:    T:0.12500    C:0.12500    A:0.25000    G:0.50000
position  2:    T:0.37500    C:0.25000    A:0.25000    G:0.12500
position  3:    T:0.62500    C:0.12500    A:0.00000    G:0.25000
Average         T:0.37500    C:0.16667    A:0.16667    G:0.29167

#46: WhiteTailedDeer
position  1:    T:0.12500    C:0.12500    A:0.25000    G:0.50000
position  2:    T:0.37500    C:0.25000    A:0.25000    G:0.12500
position  3:    T:0.62500    C:0.12500    A:0.00000    G:0.25000
Average         T:0.37500    C:0.16667    A:0.16667    G:0.29167

#47: Cattle         
position  1:    T:0.12500    C:0.12500    A:0.12500    G:0.62500
position  2:    T:0.50000    C:0.12500    A:0.25000    G:0.12500
position  3:    T:0.50000    C:0.12500    A:0.12500    G:0.25000
Average         T:0.37500    C:0.12500    A:0.16667    G:0.33333

#48: RoyalAntelope  
position  1:    T:0.12500    C:0.12500    A:0.12500    G:0.62500
position  2:    T:0.50000    C:0.12500    A:0.25000    G:0.12500
position  3:    T:0.37500    C:0.25000    A:0.25000    G:0.12500
Average         T:0.33333    C:0.16667    A:0.20833    G:0.29167

#49: Steenbok       
position  1:    T:0.12500    C:0.12500    A:0.12500    G:0.62500
position  2:    T:0.50000    C:0.12500    A:0.25000    G:0.12500
position  3:    T:0.50000    C:0.12500    A:0.12500    G:0.25000
Average         T:0.37500    C:0.12500    A:0.16667    G:0.33333

#50: Impala         
position  1:    T:0.12500    C:0.12500    A:0.12500    G:0.62500
position  2:    T:0.50000    C:0.12500    A:0.25000    G:0.12500
position  3:    T:0.37500    C:0.25000    A:0.12500    G:0.25000
Average         T:0.33333    C:0.16667    A:0.16667    G:0.33333

#51: Klipspringer   
position  1:    T:0.12500    C:0.12500    A:0.12500    G:0.62500
position  2:    T:0.50000    C:0.12500    A:0.25000    G:0.12500
