1
52 1
Argali 0.000000 0.329700 0.090000 0.300500 0.083800 0.000000 0.037100 0.060200 0.029500 0.060300 0.007400 0.059500 0.029500 0.053000 0.059900 0.044900 0.091200 0.067700 0.037000 0.074900 0.068900 0.014600 0.060400 0.075800 0.007400 0.060200 0.022100 0.082600 0.075600 0.075400 0.060300 0.052400 0.060100 0.022100 0.029500 0.082800 0.014700 0.084000 0.060300 0.098100 0.091600 0.052600 0.060300 0.075200 0.074600 0.060500 0.106700 0.076300 0.045100 0.059900 0.074800 0.067000
LesserMous 0.329700 0.000000 0.324100 0.370400 0.319000 0.329700 0.340000 0.351000 0.329900 0.309400 0.319700 0.306800 0.329900 0.322500 0.328900 0.331800 0.335500 0.315200 0.339200 0.347600 0.343800 0.330700 0.310800 0.339200 0.319700 0.330300 0.320000 0.337000 0.319300 0.348500 0.309400 0.318800 0.328000 0.320000 0.308400 0.334500 0.309600 0.320100 0.330100 0.333300 0.317400 0.320400 0.309400 0.327600 0.325700 0.321500 0.368800 0.365900 0.332500 0.309400 0.346600 0.337000
LesserKudu 0.090000 0.324100 0.000000 0.295500 0.098100 0.090000 0.082400 0.090300 0.059100 0.090400 0.082200 0.105300 0.090000 0.067600 0.089900 0.090700 0.122000 0.114100 0.098000 0.028800 0.099400 0.090100 0.090600 0.130700 0.082200 0.090300 0.082300 0.021700 0.097900 0.028800 0.090400 0.082400 0.098000 0.082300 0.090000 0.081000 0.090300 0.082600 0.090500 0.145200 0.114300 0.082500 0.090400 0.121600 0.073600 0.090800 0.137800 0.090800 0.107100 0.090200 0.028800 0.021600
KillerWhal 0.300500 0.370400 0.295500 0.000000 0.331900 0.300500 0.310100 0.281300 0.301200 0.322300 0.291000 0.319500 0.280800 0.294200 0.320200 0.303800 0.349000 0.328500 0.331900 0.297700 0.338200 0.301700 0.323900 0.332100 0.291000 0.323800 0.291300 0.287300 0.322300 0.297900 0.322300 0.332000 0.321900 0.291300 0.300600 0.305500 0.301900 0.354800 0.301600 0.368600 0.341400 0.314000 0.322300 0.320400 0.297100 0.345200 0.383100 0.336800 0.303500 0.301300 0.296400 0.287400
DefassaWat 0.083800 0.319000 0.098100 0.331900 0.000000 0.083800 0.075900 0.068200 0.068200 0.068200 0.076000 0.083300 0.068000 0.076800 0.068000 0.068700 0.132300 0.107700 0.091600 0.098700 0.077000 0.084000 0.068400 0.108100 0.076000 0.052600 0.076000 0.106800 0.075900 0.098900 0.068200 0.075900 0.091700 0.076000 0.083800 0.074600 0.084200 0.029700 0.068200 0.122500 0.091700 0.060600 0.068200 0.099500 0.067100 0.084400 0.132000 0.101000 0.100900 0.083700 0.098500 0.090800
Sheep 0.000000 0.329700 0.090000 0.300500 0.083800 0.000000 0.037100 0.060200 0.030100 0.060300 0.007400 0.059500 0.029400 0.053000 0.059900 0.044900 0.091200 0.067700 0.037000 0.074900 0.068900 0.014900 0.060400 0.075800 0.007300 0.060200 0.022100 0.082600 0.076100 0.074800 0.060300 0.052400 0.060100 0.022100 0.029500 0.082000 0.014900 0.084000 0.060300 0.098100 0.091600 0.052600 0.060300 0.075200 0.074600 0.060500 0.106700 0.076300 0.045100 0.059900 0.074800 0.067000
MaxwellsDu 0.037100 0.340000 0.082400 0.310100 0.075900 0.037100 0.000000 0.052500 0.022200 0.052600 0.029600 0.067500 0.037100 0.045300 0.052400 0.037500 0.083300 0.060000 0.060100 0.067200 0.061100 0.037200 0.052500 0.075800 0.029600 0.052700 0.029600 0.075000 0.068000 0.067300 0.052600 0.044800 0.075700 0.029600 0.037100 0.090200 0.037300 0.076100 0.052600 0.106200 0.091100 0.045100 0.052600 0.067700 0.082600 0.052800 0.099000 0.068700 0.052900 0.052300 0.067100 0.059500
GazellaPrz 0.060200 0.351000 0.090300 0.281300 0.068200 0.060200 0.052500 0.000000 0.044900 0.060400 0.052500 0.059800 0.044800 0.068900 0.060200 0.029900 0.091200 0.083600 0.083700 0.090900 0.053300 0.060300 0.060600 0.068100 0.052500 0.045100 0.052600 0.098900 0.060300 0.091000 0.060400 0.068100 0.067900 0.052600 0.060200 0.082500 0.060500 0.084200 0.045000 0.098400 0.091800 0.037500 0.060400 0.060000 0.075000 0.045000 0.091300 0.092900 0.076600 0.060100 0.090600 0.083000
MountainNy 0.029500 0.329900 0.059100 0.301200 0.068200 0.030100 0.022200 0.044900 0.000000 0.045000 0.022100 0.059600 0.029500 0.037700 0.044700 0.029800 0.075500 0.052300 0.052400 0.044400 0.053300 0.029600 0.045100 0.068100 0.022400 0.044900 0.022800 0.051800 0.060100 0.044300 0.045000 0.037300 0.068000 0.022100 0.029500 0.066700 0.029700 0.068300 0.045000 0.098400 0.075800 0.037300 0.045000 0.059800 0.059300 0.045100 0.090800 0.060700 0.045200 0.044700 0.044300 0.036700
MuntiacusM 0.060300 0.309400 0.090400 0.322300 0.068200 0.060300 0.052600 0.060400 0.045000 0.000000 0.052700 0.075500 0.060300 0.053200 0.060400 0.045300 0.107700 0.083700 0.068000 0.091000 0.053400 0.060400 0.014800 0.052500 0.052700 0.045100 0.052700 0.099000 0.068200 0.091200 0.000000 0.052600 0.083700 0.052700 0.060300 0.098400 0.060600 0.068300 0.060600 0.067100 0.060300 0.037500 0.000000 0.044800 0.090800 0.060800 0.107400 0.076800 0.076700 0.075900 0.090800 0.083100
goat 0.007400 0.319700 0.082200 0.291000 0.076000 0.007400 0.029600 0.052500 0.022100 0.052700 0.000000 0.051900 0.022600 0.045300 0.052300 0.037400 0.083400 0.060000 0.029500 0.067300 0.061100 0.007300 0.052800 0.075900 0.000000 0.052600 0.014800 0.074900 0.067900 0.067200 0.052700 0.044800 0.060100 0.014800 0.022600 0.074400 0.007500 0.076200 0.052600 0.106400 0.083700 0.045000 0.052700 0.067500 0.066900 0.052800 0.098800 0.068500 0.037500 0.052300 0.067100 0.059400
AfricanBuf 0.059500 0.306800 0.105300 0.319500 0.083300 0.059500 0.067500 0.059800 0.059600 0.075500 0.051900 0.000000 0.044300 0.068200 0.075000 0.060000 0.106500 0.082800 0.083100 0.090300 0.084400 0.059600 0.075700 0.099100 0.051900 0.075400 0.052800 0.097900 0.090900 0.090100 0.075500 0.067500 0.083100 0.052000 0.044200 0.052000 0.059800 0.083600 0.075500 0.113400 0.091000 0.067700 0.075500 0.090400 0.043800 0.075700 0.090200 0.108000 0.060200 0.059700 0.090000 0.082100
Topi 0.029500 0.329900 0.090000 0.280800 0.068000 0.029400 0.037100 0.044800 0.029500 0.060300 0.022600 0.044300 0.000000 0.053000 0.059900 0.045800 0.091200 0.067700 0.052300 0.075000 0.069000 0.029900 0.060500 0.083700 0.022000 0.060200 0.007300 0.082600 0.075600 0.074800 0.060300 0.052400 0.052300 0.007400 0.014600 0.066600 0.029600 0.084000 0.060300 0.114200 0.075700 0.052600 0.060300 0.075200 0.059200 0.060500 0.106700 0.076300 0.045100 0.044600 0.074800 0.067000
CommonDuik 0.053000 0.322500 0.067600 0.294200 0.076800 0.053000 0.045300 0.068900 0.037700 0.053200 0.045300 0.068200 0.053000 0.000000 0.068800 0.045600 0.084200 0.060600 0.060700 0.068000 0.053800 0.053100 0.053300 0.084600 0.045300 0.045400 0.045400 0.075900 0.068700 0.068100 0.053200 0.029900 0.076600 0.045400 0.037500 0.107400 0.053300 0.077000 0.069000 0.091100 0.075600 0.037800 0.053200 0.084400 0.099700 0.069200 0.100100 0.053600 0.053500 0.068600 0.067900 0.060200
Suni 0.059900 0.328900 0.089900 0.320200 0.068000 0.059900 0.052400 0.060200 0.044700 0.060400 0.052300 0.075000 0.059900 0.068800 0.000000 0.045600 0.107400 0.083500 0.083600 0.074900 0.068900 0.060000 0.060500 0.083800 0.052300 0.060200 0.052300 0.082500 0.060800 0.074800 0.060400 0.068000 0.099700 0.052300 0.059900 0.082000 0.060200 0.068100 0.044900 0.098400 0.099700 0.052600 0.060400 0.075300 0.074500 0.060600 0.106700 0.092400 0.076400 0.075600 0.074700 0.066900
Springbuck 0.044900 0.331800 0.090700 0.303800 0.068700 0.044900 0.037500 0.029900 0.029800 0.045300 0.037400 0.060000 0.045800 0.045600 0.045600 0.000000 0.091900 0.068300 0.068400 0.075600 0.022700 0.045100 0.045400 0.037500 0.037900 0.015000 0.037400 0.083200 0.029700 0.075500 0.045300 0.052900 0.084300 0.037800 0.044900 0.082700 0.045200 0.068800 0.030000 0.083100 0.092400 0.007400 0.045300 0.044800 0.075200 0.045400 0.075700 0.077100 0.061200 0.060500 0.075400 0.067600
Okapi 0.091200 0.335500 0.122000 0.349000 0.132300 0.091200 0.083300 0.091200 0.075500 0.107700 0.083400 0.106500 0.091200 0.084200 0.107400 0.091900 0.000000 0.021600 0.115400 0.122600 0.117100 0.091400 0.108000 0.132100 0.083400 0.107800 0.083400 0.131000 0.123800 0.122800 0.107700 0.083300 0.082700 0.083400 0.075300 0.146600 0.091600 0.132600 0.107800 0.146800 0.115500 0.099900 0.107700 0.123300 0.138800 0.091800 0.138900 0.124400 0.091900 0.107000 0.122400 0.114500
Giraffe 0.067700 0.315200 0.114100 0.328500 0.107700 0.067700 0.060000 0.083600 0.052300 0.083700 0.060000 0.082800 0.067700 0.060600 0.083500 0.068300 0.021600 0.000000 0.091300 0.098500 0.092700 0.067800 0.084000 0.107600 0.060000 0.083800 0.060000 0.106600 0.099500 0.098700 0.083700 0.060000 0.075100 0.060000 0.052100 0.122000 0.068000 0.108000 0.083800 0.122100 0.091400 0.076000 0.083700 0.099100 0.114300 0.084000 0.114300 0.099500 0.068200 0.083200 0.098200 0.090500
TibetanAnt 0.037000 0.339200 0.098000 0.331900 0.091600 0.037000 0.060100 0.083700 0.052400 0.068000 0.029500 0.083100 0.052300 0.060700 0.083600 0.068400 0.115400 0.091300 0.000000 0.098600 0.076800 0.037100 0.068200 0.107800 0.029500 0.068100 0.044800 0.106700 0.091700 0.098800 0.068000 0.060100 0.075600 0.044800 0.052300 0.106000 0.037200 0.091900 0.083900 0.122100 0.099500 0.060400 0.068000 0.099200 0.098500 0.084100 0.131700 0.084500 0.068500 0.083500 0.098400 0.090700
Sitatunga 0.074900 0.347600 0.028800 0.297700 0.098700 0.074900 0.067200 0.090900 0.044400 0.091000 0.067300 0.090300 0.075000 0.068000 0.074900 0.075600 0.122600 0.098500 0.098600 0.000000 0.100100 0.075100 0.091200 0.114900 0.067300 0.091200 0.067300 0.021700 0.090800 0.014400 0.091000 0.082900 0.114900 0.067300 0.075000 0.066200 0.075300 0.083100 0.075100 0.145900 0.115000 0.083400 0.091000 0.106300 0.058800 0.091300 0.122400 0.091700 0.091500 0.074900 0.014300 0.007200
Oribi 0.068900 0.343800 0.099400 0.338200 0.077000 0.068900 0.061100 0.053300 0.053300 0.053400 0.061100 0.084400 0.069000 0.053800 0.068900 0.022700 0.117100 0.092700 0.076800 0.100100 0.000000 0.069100 0.053500 0.061200 0.061100 0.022600 0.061200 0.108300 0.045500 0.100300 0.053400 0.061100 0.092900 0.061200 0.068900 0.107600 0.069300 0.077200 0.053400 0.091400 0.101000 0.015000 0.053400 0.068700 0.100000 0.069400 0.100700 0.085900 0.085900 0.084900 0.099900 0.092100
BarbaryShe 0.014600 0.330700 0.090100 0.301700 0.084000 0.014900 0.037200 0.060300 0.029600 0.060400 0.007300 0.059600 0.029900 0.053100 0.060000 0.045100 0.091400 0.067800 0.037100 0.075100 0.069100 0.000000 0.060600 0.083900 0.007400 0.060300 0.022100 0.082700 0.075800 0.075000 0.060400 0.052600 0.068000 0.022100 0.029800 0.082200 0.014900 0.084200 0.060400 0.114500 0.091800 0.052700 0.060400 0.075400 0.075500 0.060600 0.106900 0.076500 0.045200 0.060100 0.074900 0.067100
Daviddeer 0.060400 0.310800 0.090600 0.323900 0.068400 0.060400 0.052500 0.060600 0.045100 0.014800 0.052800 0.075700 0.060500 0.053300 0.060500 0.045400 0.108000 0.084000 0.068200 0.091200 0.053500 0.060600 0.000000 0.052800 0.052800 0.045200 0.052800 0.099300 0.068400 0.091400 0.014800 0.052700 0.084000 0.052800 0.060400 0.098600 0.060700 0.068500 0.060700 0.067200 0.051700 0.037600 0.014800 0.044900 0.091100 0.060900 0.107700 0.077000 0.076900 0.076100 0.091000 0.083300
Reindeer 0.075800 0.339200 0.130700 0.332100 0.108100 0.075800 0.075800 0.068100 0.068100 0.052500 0.075900 0.099100 0.083700 0.084600 0.083800 0.037500 0.132100 0.107600 0.107800 0.114900 0.061200 0.083900 0.052800 0.000000 0.075900 0.052800 0.076000 0.123100 0.068100 0.115100 0.052500 0.091900 0.115500 0.076000 0.083700 0.106200 0.084100 0.108300 0.068200 0.051700 0.083700 0.045100 0.052500 0.022000 0.114600 0.076400 0.115300 0.117400 0.100700 0.099500 0.114600 0.106800
Ibex 0.007400 0.319700 0.082200 0.291000 0.076000 0.007300 0.029600 0.052500 0.022400 0.052700 0.000000 0.051900 0.022000 0.045300 0.052300 0.037900 0.083400 0.060000 0.029500 0.067300 0.061100 0.007400 0.052800 0.075900 0.000000 0.052600 0.014800 0.074900 0.067900 0.067200 0.052700 0.044800 0.060100 0.014900 0.022400 0.074400 0.007400 0.076200 0.052600 0.106400 0.083700 0.045000 0.052700 0.067500 0.066900 0.052800 0.098800 0.068500 0.037500 0.052300 0.067100 0.059400
GyrantGaze 0.060200 0.330300 0.090300 0.323800 0.052600 0.060200 0.052700 0.045100 0.044900 0.045100 0.052600 0.075400 0.060200 0.045400 0.060200 0.015000 0.107800 0.083800 0.068100 0.091200 0.022600 0.060300 0.045200 0.052800 0.052600 0.000000 0.052600 0.098900 0.037600 0.091000 0.045100 0.052700 0.084000 0.052600 0.060200 0.098200 0.060500 0.052800 0.045100 0.082700 0.092000 0.007500 0.045100 0.060000 0.090700 0.060800 0.091300 0.076700 0.076900 0.076000 0.090900 0.083000
Hartebeest 0.022100 0.320000 0.082300 0.291300 0.076000 0.022100 0.029600 0.052600 0.022800 0.052700 0.014800 0.052800 0.007300 0.045400 0.052300 0.037400 0.083400 0.060000 0.044800 0.067300 0.061200 0.022100 0.052800 0.076000 0.014800 0.052600 0.000000 0.074900 0.067900 0.067200 0.052700 0.044900 0.060200 0.000000 0.007400 0.074400 0.022500 0.076200 0.052700 0.106400 0.083800 0.045000 0.052700 0.067500 0.067000 0.052800 0.098900 0.068600 0.037500 0.052400 0.067200 0.059400
Bongo 0.082600 0.337000 0.021700 0.287300 0.106800 0.082600 0.075000 0.098900 0.051800 0.099000 0.074900 0.097900 0.082600 0.075900 0.082500 0.083200 0.131000 0.106600 0.106700 0.021700 0.108300 0.082700 0.099300 0.123100 0.074900 0.098900 0.074900 0.000000 0.098400 0.021600 0.099000 0.090900 0.123200 0.074900 0.082600 0.073700 0.084000 0.091100 0.083100 0.154400 0.123300 0.091100 0.099000 0.114100 0.066300 0.099500 0.130200 0.099500 0.099600 0.082800 0.021600 0.014600
Gerenuk 0.075600 0.319300 0.097900 0.322300 0.075900 0.076100 0.068000 0.060300 0.060100 0.068200 0.067900 0.090900 0.075600 0.068700 0.060800 0.029700 0.123800 0.099500 0.091700 0.090800 0.045500 0.075800 0.068400 0.068100 0.067900 0.037600 0.067900 0.098400 0.000000 0.090600 0.068200 0.076000 0.108000 0.067900 0.075600 0.097800 0.075900 0.076100 0.044900 0.106300 0.108000 0.030400 0.068200 0.075400 0.090300 0.076300 0.107000 0.100700 0.092700 0.091700 0.090500 0.082600
CommonElan 0.075400 0.348500 0.028800 0.297900 0.098900 0.074800 0.067300 0.091000 0.044300 0.091200 0.067200 0.090100 0.074800 0.068100 0.074800 0.075500 0.122800 0.098700 0.098800 0.014400 0.100300 0.075000 0.091400 0.115100 0.067200 0.091000 0.067200 0.021600 0.090600 0.000000 0.091200 0.083100 0.115100 0.067200 0.074800 0.066100 0.075200 0.083200 0.075300 0.146200 0.115200 0.083200 0.091200 0.106200 0.058700 0.091500 0.122100 0.083500 0.091700 0.075000 0.014400 0.007300
MuntiacusR 0.060300 0.309400 0.090400 0.322300 0.068200 0.060300 0.052600 0.060400 0.045000 0.000000 0.052700 0.075500 0.060300 0.053200 0.060400 0.045300 0.107700 0.083700 0.068000 0.091000 0.053400 0.060400 0.014800 0.052500 0.052700 0.045100 0.052700 0.099000 0.068200 0.091200 0.000000 0.052600 0.083700 0.052700 0.060300 0.098400 0.060600 0.068300 0.060600 0.067100 0.060300 0.037500 0.000000 0.044800 0.090800 0.060800 0.107400 0.076800 0.076700 0.075900 0.090800 0.083100
HarveysDui 0.052400 0.318800 0.082400 0.332000 0.075900 0.052400 0.044800 0.068100 0.037300 0.052600 0.044800 0.067500 0.052400 0.029900 0.068000 0.052900 0.083300 0.060000 0.060100 0.082900 0.061100 0.052600 0.052700 0.091900 0.044800 0.052700 0.044900 0.090900 0.076000 0.083100 0.052600 0.000000 0.075800 0.044900 0.037100 0.106200 0.052700 0.076100 0.068300 0.090200 0.074400 0.045100 0.052600 0.083500 0.098600 0.068500 0.099000 0.068700 0.052900 0.067800 0.082700 0.075100
Pronghorn 0.060100 0.328000 0.098000 0.321900 0.091700 0.060100 0.075700 0.067900 0.068000 0.083700 0.060100 0.083100 0.052300 0.076600 0.099700 0.084300 0.082700 0.075100 0.075600 0.114900 0.092900 0.068000 0.084000 0.115500 0.060100 0.084000 0.060200 0.123200 0.108000 0.115100 0.083700 0.075800 0.000000 0.060200 0.067800 0.106200 0.068100 0.108100 0.100100 0.130000 0.091600 0.076200 0.083700 0.115500 0.098500 0.084100 0.148600 0.100700 0.084400 0.083500 0.114600 0.106800
BlueWildeb 0.022100 0.320000 0.082300 0.291300 0.076000 0.022100 0.029600 0.052600 0.022100 0.052700 0.014800 0.052000 0.007400 0.045400 0.052300 0.037800 0.083400 0.060000 0.044800 0.067300 0.061200 0.022100 0.052800 0.076000 0.014900 0.052600 0.000000 0.074900 0.067900 0.067200 0.052700 0.044900 0.060200 0.000000 0.007300 0.074400 0.022200 0.076200 0.052700 0.106400 0.083800 0.045000 0.052700 0.068400 0.067000 0.052800 0.098900 0.068600 0.037500 0.052400 0.067200 0.059400
Gemsbok 0.029500 0.308400 0.090000 0.300600 0.083800 0.029500 0.037100 0.060200 0.029500 0.060300 0.022600 0.044200 0.014600 0.037500 0.059900 0.044900 0.075300 0.052100 0.052300 0.075000 0.068900 0.029800 0.060400 0.083700 0.022400 0.060200 0.007400 0.082600 0.075600 0.074800 0.060300 0.037100 0.067800 0.007300 0.000000 0.082000 0.029600 0.084000 0.060300 0.098100 0.075600 0.053400 0.060300 0.075200 0.074600 0.060500 0.090600 0.076300 0.029800 0.059900 0.074800 0.067000
Yak 0.082800 0.334500 0.081000 0.305500 0.074600 0.082000 0.090200 0.082500 0.066700 0.098400 0.074400 0.052000 0.066600 0.107400 0.082000 0.082700 0.146600 0.122000 0.106000 0.066200 0.107600 0.082200 0.098600 0.106200 0.074400 0.098200 0.074400 0.073700 0.097800 0.066100 0.098400 0.106200 0.106200 0.074400 0.082000 0.000000 0.082400 0.074800 0.082500 0.137000 0.122400 0.090500 0.098400 0.097500 0.007200 0.098800 0.129400 0.131500 0.099000 0.082300 0.066100 0.058500
BlueSheep 0.014700 0.309600 0.090300 0.301900 0.084200 0.014900 0.037300 0.060500 0.029700 0.060600 0.007500 0.059800 0.029600 0.053300 0.060200 0.045200 0.091600 0.068000 0.037200 0.075300 0.069300 0.014900 0.060700 0.084100 0.007400 0.060500 0.022500 0.084000 0.075900 0.075200 0.060600 0.052700 0.068100 0.022200 0.029600 0.082400 0.000000 0.084400 0.060600 0.114800 0.092000 0.052800 0.060600 0.075500 0.074900 0.060800 0.107100 0.076700 0.045300 0.060200 0.075100 0.067300
BohorReedb 0.084000 0.320100 0.082600 0.354800 0.029700 0.084000 0.076100 0.084200 0.068300 0.068300 0.076200 0.083600 0.084000 0.077000 0.068100 0.068800 0.132600 0.108000 0.091900 0.083100 0.077200 0.084200 0.068500 0.108300 0.076200 0.052800 0.076200 0.091100 0.076100 0.083200 0.068300 0.076100 0.108100 0.076200 0.084000 0.074800 0.084400 0.000000 0.068300 0.122700 0.108200 0.060700 0.068300 0.099700 0.067300 0.084600 0.115900 0.101200 0.101100 0.083900 0.082900 0.075300
KirksDik 0.060300 0.330100 0.090500 0.301600 0.068200 0.060300 0.052600 0.045000 0.045000 0.060600 0.052600 0.075500 0.060300 0.069000 0.044900 0.030000 0.107800 0.083800 0.083900 0.075100 0.053400 0.060400 0.060700 0.068200 0.052600 0.045100 0.052700 0.083100 0.044900 0.075300 0.060600 0.068300 0.100100 0.052700 0.060300 0.082500 0.060600 0.068300 0.000000 0.098700 0.100100 0.037500 0.060600 0.060100 0.075000 0.060800 0.091400 0.093100 0.076700 0.075800 0.075000 0.067400
RoeDeer 0.098100 0.333300 0.145200 0.368600 0.122500 0.098100 0.106200 0.098400 0.098400 0.067100 0.106400 0.113400 0.114200 0.091100 0.098400 0.083100 0.146800 0.122100 0.122100 0.145900 0.091400 0.114500 0.067200 0.051700 0.106400 0.082700 0.106400 0.154400 0.106300 0.146200 0.067100 0.090200 0.130000 0.106400 0.098100 0.137000 0.114800 0.122700 0.098700 0.000000 0.082300 0.075000 0.067100 0.051500 0.145600 0.107100 0.129700 0.131800 0.115100 0.130300 0.145600 0.137700
WhiteLippe 0.091600 0.317400 0.114300 0.341400 0.091700 0.091600 0.091100 0.091800 0.075800 0.060300 0.083700 0.091000 0.075700 0.075600 0.099700 0.092400 0.115500 0.091400 0.099500 0.115000 0.101000 0.091800 0.051700 0.083700 0.083700 0.092000 0.083800 0.123300 0.108000 0.115200 0.060300 0.074400 0.091600 0.083800 0.075600 0.122400 0.092000 0.108200 0.100100 0.082300 0.000000 0.084100 0.060300 0.075400 0.114800 0.100400 0.139900 0.108900 0.092300 0.091500 0.114700 0.106900
ThomsonGaz 0.052600 0.320400 0.082500 0.314000 0.060600 0.052600 0.045100 0.037500 0.037300 0.037500 0.045000 0.067700 0.052600 0.037800 0.052600 0.007400 0.099900 0.076000 0.060400 0.083400 0.015000 0.052700 0.037600 0.045100 0.045000 0.007500 0.045000 0.091100 0.030400 0.083200 0.037500 0.045100 0.076200 0.045000 0.053400 0.090500 0.052800 0.060700 0.037500 0.075000 0.084100 0.000000 0.037500 0.053000 0.082900 0.053100 0.083500 0.068900 0.069000 0.068300 0.083200 0.075300
MuntiacusC 0.060300 0.309400 0.090400 0.322300 0.068200 0.060300 0.052600 0.060400 0.045000 0.000000 0.052700 0.075500 0.060300 0.053200 0.060400 0.045300 0.107700 0.083700 0.068000 0.091000 0.053400 0.060400 0.014800 0.052500 0.052700 0.045100 0.052700 0.099000 0.068200 0.091200 0.000000 0.052600 0.083700 0.052700 0.060300 0.098400 0.060600 0.068300 0.060600 0.067100 0.060300 0.037500 0.000000 0.044800 0.090800 0.060800 0.107400 0.076800 0.076700 0.075900 0.090800 0.083100
WhiteTaile 0.075200 0.327600 0.121600 0.320400 0.099500 0.075200 0.067700 0.060000 0.059800 0.044800 0.067500 0.090400 0.075200 0.084400 0.075300 0.044800 0.123300 0.099100 0.099200 0.106300 0.068700 0.075400 0.044900 0.022000 0.067500 0.060000 0.067500 0.114100 0.075400 0.106200 0.044800 0.083500 0.115500 0.068400 0.075200 0.097500 0.075500 0.099700 0.060100 0.051500 0.075400 0.053000 0.044800 0.000000 0.105800 0.068100 0.106400 0.108300 0.092100 0.091100 0.106100 0.098000
Cattle 0.074600 0.325700 0.073600 0.297100 0.067100 0.074600 0.082600 0.075000 0.059300 0.090800 0.066900 0.043800 0.059200 0.099700 0.074500 0.075200 0.138800 0.114300 0.098500 0.058800 0.100000 0.075500 0.091100 0.114600 0.066900 0.090700 0.067000 0.066300 0.090300 0.058700 0.090800 0.098600 0.098500 0.067000 0.074600 0.007200 0.074900 0.067300 0.075000 0.145600 0.114800 0.082900 0.090800 0.105800 0.000000 0.091100 0.121700 0.123800 0.091400 0.074800 0.058700 0.052000
RoyalAntel 0.060500 0.321500 0.090800 0.345200 0.084400 0.060500 0.052800 0.045000 0.045100 0.060800 0.052800 0.075700 0.060500 0.069200 0.060600 0.045400 0.091800 0.084000 0.084100 0.091300 0.069400 0.060600 0.060900 0.076400 0.052800 0.060800 0.052800 0.099500 0.076300 0.091500 0.060800 0.068500 0.084100 0.052800 0.060500 0.098800 0.060800 0.084600 0.060800 0.107100 0.100400 0.053100 0.060800 0.068100 0.091100 0.000000 0.107800 0.093300 0.076900 0.076000 0.091200 0.083400
Steenbok 0.106700 0.368800 0.137800 0.383100 0.132000 0.106700 0.099000 0.091300 0.090800 0.107400 0.098800 0.090200 0.106700 0.100100 0.106700 0.075700 0.138900 0.114300 0.131700 0.122400 0.100700 0.106900 0.107700 0.115300 0.098800 0.091300 0.098900 0.130200 0.107000 0.122100 0.107400 0.099000 0.148600 0.098900 0.090600 0.129400 0.107100 0.115900 0.091400 0.129700 0.139900 0.083500 0.107400 0.106400 0.121700 0.107800 0.000000 0.141200 0.107900 0.107100 0.122100 0.113900
Impala 0.076300 0.365900 0.090800 0.336800 0.101000 0.076300 0.068700 0.092900 0.060700 0.076800 0.068500 0.108000 0.076300 0.053600 0.092400 0.077100 0.124400 0.099500 0.084500 0.091700 0.085900 0.076500 0.077000 0.117400 0.068500 0.076700 0.068600 0.099500 0.100700 0.083500 0.076800 0.068700 0.100700 0.068600 0.076300 0.131500 0.076700 0.101200 0.093100 0.131800 0.108900 0.068900 0.076800 0.108300 0.123800 0.093300 0.141200 0.000000 0.093600 0.092600 0.091500 0.083500
Klipspring 0.045100 0.332500 0.107100 0.303500 0.100900 0.045100 0.052900 0.076600 0.045200 0.076700 0.037500 0.060200 0.045100 0.053500 0.076400 0.061200 0.091900 0.068200 0.068500 0.091500 0.085900 0.045200 0.076900 0.100700 0.037500 0.076900 0.037500 0.099600 0.092700 0.091700 0.076700 0.052900 0.084400 0.037500 0.029800 0.099000 0.045300 0.101100 0.076700 0.115100 0.092300 0.069000 0.076700 0.092100 0.091400 0.076900 0.107900 0.093600 0.000000 0.076300 0.091300 0.083600
ForestMusk 0.059900 0.309400 0.090200 0.301300 0.083700 0.059900 0.052300 0.060100 0.044700 0.075900 0.052300 0.059700 0.044600 0.068600 0.075600 0.060500 0.107000 0.083200 0.083500 0.074900 0.084900 0.060100 0.076100 0.099500 0.052300 0.076000 0.052400 0.082800 0.091700 0.075000 0.075900 0.067800 0.083500 0.052400 0.059900 0.082300 0.060200 0.083900 0.075800 0.130300 0.091500 0.068300 0.075900 0.091100 0.074800 0.076000 0.107100 0.092600 0.076300 0.000000 0.074700 0.067100
Bushbuck 0.074800 0.346600 0.028800 0.296400 0.098500 0.074800 0.067100 0.090600 0.044300 0.090800 0.067100 0.090000 0.074800 0.067900 0.074700 0.075400 0.122400 0.098200 0.098400 0.014300 0.099900 0.074900 0.091000 0.114600 0.067100 0.090900 0.067200 0.021600 0.090500 0.014400 0.090800 0.082700 0.114600 0.067200 0.074800 0.066100 0.075100 0.082900 0.075000 0.145600 0.114700 0.083200 0.090800 0.106100 0.058700 0.091200 0.122100 0.091500 0.091300 0.074700 0.000000 0.007100
GreaterKud 0.067000 0.337000 0.021600 0.287400 0.090800 0.067000 0.059500 0.083000 0.036700 0.083100 0.059400 0.082100 0.067000 0.060200 0.066900 0.067600 0.114500 0.090500 0.090700 0.007200 0.092100 0.067100 0.083300 0.106800 0.059400 0.083000 0.059400 0.014600 0.082600 0.007300 0.083100 0.075100 0.106800 0.059400 0.067000 0.058500 0.067300 0.075300 0.067400 0.137700 0.106900 0.075300 0.083100 0.098000 0.052000 0.083400 0.113900 0.083500 0.083600 0.067100 0.007100 0.000000
