1
52 1
Argali 0.000000 0.134200 0.015600 0.173300 0.030600 0.015300 0.031200 0.015600 0.032000 0.031700 0.015000 0.063100 0.031900 0.064100 0.062700 0.031700 0.099800 0.065700 0.015700 0.032000 0.031500 0.015600 0.031700 0.031800 0.015600 0.015700 0.047700 0.032000 0.031400 0.032000 0.031700 0.047200 0.099000 0.032200 0.015600 0.047100 0.015600 0.047100 0.015600 0.047700 0.015600 0.015700 0.031700 0.031700 0.047100 0.031800 0.031200 0.031500 0.032000 0.031600 0.047900 0.032000
LesserMous 0.134200 0.000000 0.153900 0.212600 0.179100 0.150600 0.171000 0.153900 0.174900 0.153900 0.153900 0.206800 0.174900 0.211600 0.205400 0.173100 0.255900 0.216300 0.153900 0.174900 0.172000 0.153700 0.153900 0.154700 0.153900 0.154400 0.153900 0.174900 0.172300 0.174900 0.153900 0.188900 0.232700 0.176400 0.153100 0.188700 0.153900 0.201400 0.153900 0.171800 0.153800 0.154400 0.153900 0.153900 0.188700 0.154700 0.134000 0.172000 0.174900 0.172500 0.191900 0.174900
LesserKudu 0.015600 0.153900 0.000000 0.194400 0.046600 0.031200 0.047800 0.031900 0.016000 0.048400 0.031900 0.080200 0.048800 0.081800 0.079600 0.048400 0.118500 0.083600 0.032000 0.016000 0.048000 0.031800 0.048400 0.048600 0.031900 0.032000 0.065000 0.016000 0.048100 0.016000 0.048400 0.063900 0.117500 0.049200 0.031700 0.063900 0.031900 0.063800 0.031900 0.064700 0.031800 0.032000 0.048400 0.048400 0.063900 0.048600 0.047800 0.048000 0.048800 0.048200 0.032000 0.016000
KillerWhal 0.173300 0.212600 0.194400 0.000000 0.207000 0.190400 0.173300 0.155800 0.217100 0.156000 0.155800 0.134300 0.177100 0.214400 0.208100 0.175200 0.260500 0.219600 0.155800 0.217100 0.174100 0.155600 0.156000 0.156800 0.155800 0.156200 0.194700 0.217100 0.174300 0.217100 0.156000 0.191400 0.215900 0.173800 0.154800 0.153200 0.155800 0.191000 0.155800 0.155600 0.155700 0.156200 0.156000 0.156000 0.153200 0.156400 0.173200 0.174000 0.177000 0.174700 0.234700 0.217100
DefassaWat 0.030600 0.179100 0.046600 0.207000 0.000000 0.045900 0.062300 0.046700 0.063400 0.063000 0.046700 0.094300 0.063400 0.095900 0.093600 0.062900 0.132600 0.097800 0.046700 0.063400 0.062500 0.046600 0.063000 0.063300 0.046700 0.046800 0.079300 0.063400 0.062600 0.063400 0.063000 0.078200 0.131100 0.063900 0.057500 0.078200 0.046700 0.015100 0.046700 0.079100 0.046600 0.046800 0.063000 0.063000 0.078200 0.063300 0.062300 0.062500 0.063400 0.062800 0.079300 0.063400
Sheep 0.015300 0.150600 0.031200 0.190400 0.045900 0.000000 0.046800 0.031200 0.047800 0.047400 0.031200 0.078800 0.047700 0.080000 0.078300 0.047400 0.116400 0.081900 0.031300 0.047800 0.047100 0.031200 0.047400 0.047700 0.031200 0.031400 0.063500 0.047800 0.047000 0.047800 0.047400 0.062800 0.115200 0.048200 0.031100 0.062800 0.031200 0.062700 0.031200 0.063500 0.031200 0.031400 0.047400 0.047400 0.062800 0.047700 0.046800 0.047100 0.047800 0.047300 0.063700 0.047800
MaxwellsDu 0.031200 0.171000 0.047800 0.173300 0.062300 0.046800 0.000000 0.015600 0.065100 0.031700 0.015600 0.063100 0.031900 0.031500 0.062700 0.031700 0.099800 0.065700 0.015700 0.065100 0.031400 0.015600 0.031700 0.031800 0.015000 0.015700 0.047700 0.065100 0.031400 0.065100 0.031700 0.015400 0.098900 0.032200 0.015600 0.047100 0.015600 0.047100 0.015600 0.047700 0.015600 0.015700 0.031700 0.031700 0.047100 0.031800 0.031200 0.031500 0.032000 0.031600 0.081200 0.065100
GazellaPrz 0.015600 0.153900 0.031900 0.155800 0.046700 0.031200 0.015600 0.000000 0.048900 0.015800 0.000000 0.047300 0.016000 0.048100 0.047000 0.015900 0.083100 0.049300 0.000100 0.048900 0.015700 0.000000 0.015800 0.015900 0.000000 0.000000 0.031800 0.048900 0.015100 0.048900 0.015800 0.031400 0.082500 0.016100 0.000100 0.031400 0.000000 0.031400 0.000000 0.031800 0.000100 0.000000 0.015800 0.015800 0.031400 0.015900 0.015000 0.015700 0.016000 0.015800 0.065000 0.048900
MountainNy 0.032000 0.174900 0.016000 0.217100 0.063400 0.047800 0.065100 0.048900 0.000000 0.065900 0.048900 0.098200 0.066500 0.100400 0.097500 0.065900 0.138400 0.102600 0.048900 0.000000 0.065400 0.048700 0.065900 0.066200 0.048900 0.049000 0.083000 0.000000 0.065500 0.000000 0.065900 0.081600 0.137300 0.067100 0.048600 0.081500 0.048900 0.081500 0.048900 0.082600 0.048800 0.049000 0.065900 0.065900 0.081500 0.066200 0.065000 0.065400 0.066500 0.065600 0.015400 0.000000
MuntiacusM 0.031700 0.153900 0.048400 0.156000 0.063000 0.047400 0.031700 0.015800 0.065900 0.000000 0.015800 0.063800 0.032300 0.065100 0.063300 0.032000 0.100900 0.066500 0.015900 0.065900 0.031800 0.015800 0.000000 0.000000 0.015800 0.015900 0.048400 0.065900 0.031900 0.065900 0.000000 0.047600 0.065400 0.032600 0.015800 0.047600 0.015800 0.047600 0.015800 0.015700 0.015100 0.015900 0.000000 0.000000 0.047600 0.000100 0.031700 0.031800 0.032300 0.031900 0.082200 0.065900
goat 0.015000 0.153900 0.031900 0.155800 0.046700 0.031200 0.015600 0.000000 0.048900 0.015800 0.000000 0.047300 0.016000 0.048100 0.047000 0.015900 0.083100 0.049300 0.000100 0.048900 0.015700 0.000000 0.015800 0.015900 0.000000 0.000000 0.031800 0.048900 0.015700 0.048900 0.015800 0.031400 0.082500 0.016100 0.000100 0.031400 0.000000 0.031400 0.000000 0.031800 0.000100 0.000000 0.015800 0.015800 0.031400 0.015900 0.015600 0.015700 0.016000 0.015800 0.065000 0.048900
AfricanBuf 0.063100 0.206800 0.080200 0.134300 0.094300 0.078800 0.063100 0.047300 0.098200 0.063800 0.047300 0.000000 0.064300 0.097200 0.094700 0.063800 0.134300 0.099100 0.047300 0.098200 0.063300 0.047200 0.063800 0.064100 0.047300 0.047400 0.080300 0.098200 0.063500 0.098200 0.063800 0.079200 0.115400 0.064800 0.047000 0.046500 0.047300 0.079100 0.047300 0.063600 0.047200 0.047400 0.063800 0.063800 0.046500 0.064100 0.063100 0.031200 0.064300 0.063600 0.114500 0.098200
Topi 0.031900 0.174900 0.048800 0.177100 0.063400 0.047700 0.031900 0.016000 0.066500 0.032300 0.016000 0.064300 0.000000 0.065500 0.063900 0.032400 0.101800 0.067100 0.016000 0.066500 0.032100 0.016000 0.032300 0.032500 0.015400 0.016000 0.016000 0.066500 0.032100 0.066500 0.032300 0.048100 0.101100 0.000100 0.015900 0.048000 0.016000 0.048000 0.016000 0.048700 0.016000 0.016000 0.032300 0.032300 0.048000 0.032500 0.031800 0.032100 0.000000 0.032200 0.082900 0.066500
CommonDuik 0.064100 0.211600 0.081800 0.214400 0.095900 0.080000 0.031500 0.048100 0.100400 0.065100 0.048100 0.097200 0.065500 0.000000 0.096600 0.065100 0.137000 0.101300 0.048300 0.100400 0.064600 0.048100 0.065100 0.065400 0.048100 0.048400 0.081700 0.100400 0.064500 0.100400 0.065100 0.047500 0.135800 0.066200 0.048000 0.080600 0.048100 0.080500 0.048100 0.081700 0.048200 0.048400 0.065100 0.065100 0.080600 0.065400 0.064100 0.064600 0.065700 0.064800 0.116900 0.100400
Suni 0.062700 0.205400 0.079600 0.208100 0.093600 0.078300 0.062700 0.047000 0.097500 0.063300 0.047000 0.094700 0.063900 0.096600 0.000000 0.063400 0.133300 0.098400 0.047000 0.097500 0.062900 0.046900 0.063300 0.063600 0.047000 0.047100 0.079800 0.097500 0.063000 0.097500 0.063300 0.078700 0.131700 0.064300 0.046700 0.078600 0.047000 0.078500 0.047000 0.079500 0.046900 0.047100 0.063300 0.063300 0.078600 0.063700 0.062700 0.062900 0.063800 0.063100 0.113600 0.097500
Springbuck 0.031700 0.173100 0.048400 0.175200 0.062900 0.047400 0.031700 0.015900 0.065900 0.032000 0.015900 0.063800 0.032400 0.065100 0.063400 0.000000 0.101000 0.066500 0.015800 0.065900 0.031800 0.015800 0.032000 0.032200 0.015900 0.015900 0.048500 0.065900 0.000000 0.065900 0.032000 0.047700 0.100100 0.032600 0.015700 0.047600 0.015900 0.047500 0.015900 0.048200 0.015800 0.015900 0.032000 0.032000 0.047600 0.032200 0.031700 0.031800 0.032300 0.031900 0.082200 0.065900
Okapi 0.099800 0.255900 0.118500 0.260500 0.132600 0.116400 0.099800 0.083100 0.138400 0.100900 0.083100 0.134300 0.101800 0.137000 0.133300 0.101000 0.000000 0.066000 0.083200 0.138400 0.100200 0.083000 0.100900 0.101500 0.083100 0.083400 0.118700 0.138400 0.100400 0.138400 0.100900 0.117000 0.175700 0.102600 0.082700 0.116900 0.083100 0.116800 0.083100 0.118300 0.083000 0.083400 0.100900 0.100900 0.116900 0.101500 0.099800 0.100200 0.101800 0.100600 0.137500 0.138400
Giraffe 0.065700 0.216300 0.083600 0.219600 0.097800 0.081900 0.065700 0.049300 0.102600 0.066500 0.049300 0.099100 0.067100 0.101300 0.098400 0.066500 0.066000 0.000000 0.049300 0.102600 0.066000 0.049200 0.066500 0.066800 0.049300 0.049400 0.083800 0.102600 0.066100 0.102600 0.066500 0.082300 0.138700 0.067700 0.049000 0.082300 0.049300 0.082200 0.049300 0.083400 0.049200 0.049400 0.066500 0.066500 0.082300 0.066800 0.065600 0.066000 0.067100 0.066200 0.119300 0.102600
TibetanAnt 0.015700 0.153900 0.032000 0.155800 0.046700 0.031300 0.015700 0.000100 0.048900 0.015900 0.000100 0.047300 0.016000 0.048300 0.047000 0.015800 0.083200 0.049300 0.000000 0.048900 0.015700 0.000100 0.015900 0.015900 0.000100 0.000100 0.032000 0.048900 0.015800 0.048900 0.015900 0.031400 0.082600 0.016100 0.000200 0.031500 0.000100 0.031400 0.000100 0.031800 0.000200 0.000100 0.015900 0.015900 0.031500 0.015900 0.015700 0.015700 0.016000 0.015800 0.065100 0.048900
Sitatunga 0.032000 0.174900 0.016000 0.217100 0.063400 0.047800 0.065100 0.048900 0.000000 0.065900 0.048900 0.098200 0.066500 0.100400 0.097500 0.065900 0.138400 0.102600 0.048900 0.000000 0.065400 0.048700 0.065900 0.066200 0.048900 0.049000 0.083000 0.000000 0.065500 0.000000 0.065900 0.081600 0.137300 0.067100 0.048600 0.081500 0.048900 0.081500 0.048900 0.082600 0.048800 0.049000 0.065900 0.065900 0.081500 0.066200 0.065000 0.065400 0.066500 0.065600 0.015500 0.000000
Oribi 0.031500 0.172000 0.048000 0.174100 0.062500 0.047100 0.031400 0.015700 0.065400 0.031800 0.015700 0.063300 0.032100 0.064600 0.062900 0.031800 0.100200 0.066000 0.015700 0.065400 0.000000 0.015600 0.031800 0.031900 0.015700 0.015800 0.048100 0.065400 0.031700 0.065400 0.031800 0.047300 0.099400 0.032300 0.015600 0.047300 0.015700 0.047200 0.015700 0.047800 0.015700 0.015800 0.031800 0.031800 0.047300 0.031900 0.031400 0.031600 0.032100 0.031700 0.081500 0.065400
BarbaryShe 0.015600 0.153700 0.031800 0.155600 0.046600 0.031200 0.015600 0.000000 0.048700 0.015800 0.000000 0.047200 0.016000 0.048100 0.046900 0.015800 0.083000 0.049200 0.000100 0.048700 0.015600 0.000000 0.015800 0.015900 0.000000 0.000100 0.031900 0.048700 0.015700 0.048700 0.015800 0.031400 0.082300 0.016100 0.000100 0.031300 0.000000 0.031300 0.000000 0.031700 0.000000 0.000100 0.015800 0.015800 0.031300 0.015900 0.015600 0.015700 0.016000 0.015700 0.064900 0.048700
Daviddeer 0.031700 0.153900 0.048400 0.156000 0.063000 0.047400 0.031700 0.015800 0.065900 0.000000 0.015800 0.063800 0.032300 0.065100 0.063300 0.032000 0.100900 0.066500 0.015900 0.065900 0.031800 0.015800 0.000000 0.000000 0.015800 0.015900 0.048400 0.065900 0.031900 0.065900 0.000000 0.047600 0.065400 0.032600 0.015800 0.047600 0.015800 0.047600 0.015800 0.015700 0.015800 0.015900 0.000000 0.000000 0.047600 0.000100 0.031700 0.031800 0.032300 0.031900 0.082200 0.065900
Reindeer 0.031800 0.154700 0.048600 0.156800 0.063300 0.047700 0.031800 0.015900 0.066200 0.000000 0.015900 0.064100 0.032500 0.065400 0.063600 0.032200 0.101500 0.066800 0.015900 0.066200 0.031900 0.015900 0.000000 0.000000 0.015900 0.016000 0.048700 0.066200 0.032000 0.066200 0.000000 0.047800 0.065700 0.032700 0.015800 0.047900 0.015900 0.047800 0.015900 0.015800 0.015900 0.016000 0.000000 0.000000 0.047900 0.000200 0.031800 0.031900 0.032500 0.032100 0.082600 0.066200
Ibex 0.015600 0.153900 0.031900 0.155800 0.046700 0.031200 0.015000 0.000000 0.048900 0.015800 0.000000 0.047300 0.015400 0.048100 0.047000 0.015900 0.083100 0.049300 0.000100 0.048900 0.015700 0.000000 0.015800 0.015900 0.000000 0.000000 0.031800 0.048900 0.015700 0.048900 0.015800 0.031400 0.082500 0.016100 0.000100 0.031400 0.000000 0.031400 0.000000 0.031800 0.000100 0.000000 0.015800 0.015800 0.031400 0.015900 0.015600 0.015700 0.016000 0.015800 0.065000 0.048900
GyrantGaze 0.015700 0.154400 0.032000 0.156200 0.046800 0.031400 0.015700 0.000000 0.049000 0.015900 0.000000 0.047400 0.016000 0.048400 0.047100 0.015900 0.083400 0.049400 0.000100 0.049000 0.015800 0.000100 0.015900 0.016000 0.000000 0.000000 0.032000 0.049000 0.015800 0.049000 0.015900 0.031500 0.082700 0.016200 0.000100 0.031500 0.000000 0.031400 0.000000 0.031900 0.000100 0.000000 0.015900 0.015900 0.031500 0.016000 0.015700 0.015800 0.016000 0.015800 0.065200 0.049000
Hartebeest 0.047700 0.153900 0.065000 0.194700 0.079300 0.063500 0.047700 0.031800 0.083000 0.048400 0.031800 0.080300 0.016000 0.081700 0.079800 0.048500 0.118700 0.083800 0.032000 0.083000 0.048100 0.031900 0.048400 0.048700 0.031800 0.032000 0.000000 0.083000 0.048000 0.083000 0.048400 0.064100 0.117800 0.016100 0.031800 0.064000 0.031800 0.063900 0.031800 0.064800 0.031900 0.032000 0.048400 0.048400 0.064000 0.048700 0.015600 0.048100 0.016000 0.048300 0.099400 0.083000
Bongo 0.032000 0.174900 0.016000 0.217100 0.063400 0.047800 0.065100 0.048900 0.000000 0.065900 0.048900 0.098200 0.066500 0.100400 0.097500 0.065900 0.138400 0.102600 0.048900 0.000000 0.065400 0.048700 0.065900 0.066200 0.048900 0.049000 0.083000 0.000000 0.065500 0.000000 0.065900 0.081600 0.137300 0.067100 0.048600 0.081500 0.048900 0.081500 0.048900 0.082600 0.048800 0.049000 0.065900 0.065900 0.081500 0.066200 0.065000 0.065400 0.066500 0.065600 0.016000 0.000000
Gerenuk 0.031400 0.172300 0.048100 0.174300 0.062600 0.047000 0.031400 0.015100 0.065500 0.031900 0.015700 0.063500 0.032100 0.064500 0.063000 0.000000 0.100400 0.066100 0.015800 0.065500 0.031700 0.015700 0.031900 0.032000 0.015700 0.015800 0.048000 0.065500 0.000000 0.065500 0.031900 0.047500 0.099600 0.032400 0.015700 0.047400 0.015700 0.047300 0.015700 0.048000 0.015700 0.015800 0.031900 0.031900 0.047400 0.032000 0.031400 0.031700 0.032200 0.031700 0.081700 0.065500
CommonElan 0.032000 0.174900 0.016000 0.217100 0.063400 0.047800 0.065100 0.048900 0.000000 0.065900 0.048900 0.098200 0.066500 0.100400 0.097500 0.065900 0.138400 0.102600 0.048900 0.000000 0.065400 0.048700 0.065900 0.066200 0.048900 0.049000 0.083000 0.000000 0.065500 0.000000 0.065900 0.081600 0.137300 0.067100 0.048600 0.081500 0.048900 0.081500 0.048900 0.082600 0.048800 0.049000 0.065900 0.065900 0.081500 0.066200 0.065000 0.065400 0.066500 0.065600 0.015400 0.000000
MuntiacusR 0.031700 0.153900 0.048400 0.156000 0.063000 0.047400 0.031700 0.015800 0.065900 0.000000 0.015800 0.063800 0.032300 0.065100 0.063300 0.032000 0.100900 0.066500 0.015900 0.065900 0.031800 0.015800 0.000000 0.000000 0.015800 0.015900 0.048400 0.065900 0.031900 0.065900 0.000000 0.047600 0.065400 0.032600 0.015800 0.047600 0.015800 0.047600 0.015800 0.015100 0.015300 0.015900 0.000000 0.000000 0.047600 0.000100 0.031700 0.031800 0.032300 0.031900 0.082200 0.065900
HarveysDui 0.047200 0.188900 0.063900 0.191400 0.078200 0.062800 0.015400 0.031400 0.081600 0.047600 0.031400 0.079200 0.048100 0.047500 0.078700 0.047700 0.117000 0.082300 0.031400 0.081600 0.047300 0.031400 0.047600 0.047800 0.031400 0.031500 0.064100 0.081600 0.047500 0.081600 0.047600 0.000000 0.115900 0.048500 0.031300 0.063100 0.031400 0.063000 0.031400 0.063800 0.031400 0.031500 0.047600 0.047600 0.063100 0.047900 0.047100 0.047200 0.048100 0.047500 0.097800 0.081600
Pronghorn 0.099000 0.232700 0.117500 0.215900 0.131100 0.115200 0.098900 0.082500 0.137300 0.065400 0.082500 0.115400 0.101100 0.135800 0.131700 0.100100 0.175700 0.138700 0.082600 0.137300 0.099400 0.082300 0.065400 0.065700 0.082500 0.082700 0.117800 0.137300 0.099600 0.137300 0.065400 0.115900 0.000000 0.102000 0.082000 0.098500 0.082500 0.115600 0.082500 0.047800 0.082400 0.082700 0.065400 0.065400 0.098500 0.065700 0.098900 0.099500 0.101100 0.099700 0.154100 0.137300
BlueWildeb 0.032200 0.176400 0.049200 0.173800 0.063900 0.048200 0.032200 0.016100 0.067100 0.032600 0.016100 0.064800 0.000100 0.066200 0.064300 0.032600 0.102600 0.067700 0.016100 0.067100 0.032300 0.016100 0.032600 0.032700 0.016100 0.016200 0.016100 0.067100 0.032400 0.067100 0.032600 0.048500 0.102000 0.000000 0.016000 0.048400 0.016100 0.048300 0.016100 0.049000 0.016100 0.016200 0.032600 0.032600 0.048400 0.032800 0.032200 0.032400 0.000100 0.032400 0.083600 0.067100
Gemsbok 0.015600 0.153100 0.031700 0.154800 0.057500 0.031100 0.015600 0.000100 0.048600 0.015800 0.000100 0.047000 0.015900 0.048000 0.046700 0.015700 0.082700 0.049000 0.000200 0.048600 0.015600 0.000100 0.015800 0.015800 0.000100 0.000100 0.031800 0.048600 0.015700 0.048600 0.015800 0.031300 0.082000 0.016000 0.000000 0.031200 0.000100 0.039200 0.000100 0.031600 0.000200 0.000100 0.015800 0.015800 0.031200 0.015800 0.015600 0.015700 0.015900 0.015700 0.064600 0.048600
Yak 0.047100 0.188700 0.063900 0.153200 0.078200 0.062800 0.047100 0.031400 0.081500 0.047600 0.031400 0.046500 0.048000 0.080600 0.078600 0.047600 0.116900 0.082300 0.031500 0.081500 0.047300 0.031300 0.047600 0.047900 0.031400 0.031500 0.064000 0.081500 0.047400 0.081500 0.047600 0.063100 0.098500 0.048400 0.031200 0.000000 0.031400 0.063000 0.031400 0.047500 0.031400 0.031500 0.047600 0.047600 0.000000 0.047900 0.047100 0.047300 0.048000 0.047500 0.097700 0.081500
BlueSheep 0.015600 0.153900 0.031900 0.155800 0.046700 0.031200 0.015600 0.000000 0.048900 0.015800 0.000000 0.047300 0.016000 0.048100 0.047000 0.015900 0.083100 0.049300 0.000100 0.048900 0.015700 0.000000 0.015800 0.015900 0.000000 0.000000 0.031800 0.048900 0.015700 0.048900 0.015800 0.031400 0.082500 0.016100 0.000100 0.031400 0.000000 0.031400 0.000000 0.031800 0.000100 0.000000 0.015800 0.015800 0.031400 0.015900 0.015000 0.015700 0.016000 0.015800 0.065000 0.048900
BohorReedb 0.047100 0.201400 0.063800 0.191000 0.015100 0.062700 0.047100 0.031400 0.081500 0.047600 0.031400 0.079100 0.048000 0.080500 0.078500 0.047500 0.116800 0.082200 0.031400 0.081500 0.047200 0.031300 0.047600 0.047800 0.031400 0.031400 0.063900 0.081500 0.047300 0.081500 0.047600 0.063000 0.115600 0.048300 0.039200 0.063000 0.031400 0.000000 0.031400 0.063700 0.031300 0.031400 0.047600 0.047600 0.063000 0.047800 0.047100 0.047200 0.048000 0.047400 0.097700 0.081500
KirksDik 0.015600 0.153900 0.031900 0.155800 0.046700 0.031200 0.015600 0.000000 0.048900 0.015800 0.000000 0.047300 0.016000 0.048100 0.047000 0.015900 0.083100 0.049300 0.000100 0.048900 0.015700 0.000000 0.015800 0.015900 0.000000 0.000000 0.031800 0.048900 0.015700 0.048900 0.015800 0.031400 0.082500 0.016100 0.000100 0.031400 0.000000 0.031400 0.000000 0.031800 0.000100 0.000000 0.015800 0.015800 0.031400 0.015900 0.015600 0.015700 0.016000 0.015800 0.065000 0.048900
RoeDeer 0.047700 0.171800 0.064700 0.155600 0.079100 0.063500 0.047700 0.031800 0.082600 0.015700 0.031800 0.063600 0.048700 0.081700 0.079500 0.048200 0.118300 0.083400 0.031800 0.082600 0.047800 0.031700 0.015700 0.015800 0.031800 0.031900 0.064800 0.082600 0.048000 0.082600 0.015100 0.063800 0.047800 0.049000 0.031600 0.047500 0.031800 0.063700 0.031800 0.000000 0.031600 0.031900 0.015700 0.015700 0.047500 0.015800 0.047700 0.047900 0.048700 0.048100 0.099000 0.082600
WhiteLippe 0.015600 0.153800 0.031800 0.155700 0.046600 0.031200 0.015600 0.000100 0.048800 0.015100 0.000100 0.047200 0.016000 0.048200 0.046900 0.015800 0.083000 0.049200 0.000200 0.048800 0.015700 0.000000 0.015800 0.015900 0.000100 0.000100 0.031900 0.048800 0.015700 0.048800 0.015300 0.031400 0.082400 0.016100 0.000200 0.031400 0.000100 0.031300 0.000100 0.031600 0.000000 0.000100 0.015200 0.015800 0.031400 0.015900 0.015600 0.015700 0.016000 0.015800 0.064900 0.048800
ThomsonGaz 0.015700 0.154400 0.032000 0.156200 0.046800 0.031400 0.015700 0.000000 0.049000 0.015900 0.000000 0.047400 0.016000 0.048400 0.047100 0.015900 0.083400 0.049400 0.000100 0.049000 0.015800 0.000100 0.015900 0.016000 0.000000 0.000000 0.032000 0.049000 0.015800 0.049000 0.015900 0.031500 0.082700 0.016200 0.000100 0.031500 0.000000 0.031400 0.000000 0.031900 0.000100 0.000000 0.015900 0.015900 0.031500 0.016000 0.015700 0.015800 0.016000 0.015800 0.065200 0.049000
MuntiacusC 0.031700 0.153900 0.048400 0.156000 0.063000 0.047400 0.031700 0.015800 0.065900 0.000000 0.015800 0.063800 0.032300 0.065100 0.063300 0.032000 0.100900 0.066500 0.015900 0.065900 0.031800 0.015800 0.000000 0.000000 0.015800 0.015900 0.048400 0.065900 0.031900 0.065900 0.000000 0.047600 0.065400 0.032600 0.015800 0.047600 0.015800 0.047600 0.015800 0.015700 0.015200 0.015900 0.000000 0.000000 0.047600 0.000100 0.031700 0.031800 0.032300 0.031900 0.082200 0.065900
WhiteTaile 0.031700 0.153900 0.048400 0.156000 0.063000 0.047400 0.031700 0.015800 0.065900 0.000000 0.015800 0.063800 0.032300 0.065100 0.063300 0.032000 0.100900 0.066500 0.015900 0.065900 0.031800 0.015800 0.000000 0.000000 0.015800 0.015900 0.048400 0.065900 0.031900 0.065900 0.000000 0.047600 0.065400 0.032600 0.015800 0.047600 0.015800 0.047600 0.015800 0.015700 0.015800 0.015900 0.000000 0.000000 0.047600 0.000100 0.031700 0.031800 0.032300 0.031900 0.082200 0.065900
Cattle 0.047100 0.188700 0.063900 0.153200 0.078200 0.062800 0.047100 0.031400 0.081500 0.047600 0.031400 0.046500 0.048000 0.080600 0.078600 0.047600 0.116900 0.082300 0.031500 0.081500 0.047300 0.031300 0.047600 0.047900 0.031400 0.031500 0.064000 0.081500 0.047400 0.081500 0.047600 0.063100 0.098500 0.048400 0.031200 0.000000 0.031400 0.063000 0.031400 0.047500 0.031400 0.031500 0.047600 0.047600 0.000000 0.047900 0.047100 0.047300 0.048000 0.047500 0.097700 0.081500
RoyalAntel 0.031800 0.154700 0.048600 0.156400 0.063300 0.047700 0.031800 0.015900 0.066200 0.000100 0.015900 0.064100 0.032500 0.065400 0.063700 0.032200 0.101500 0.066800 0.015900 0.066200 0.031900 0.015900 0.000100 0.000200 0.015900 0.016000 0.048700 0.066200 0.032000 0.066200 0.000100 0.047900 0.065700 0.032800 0.015800 0.047900 0.015900 0.047800 0.015900 0.015800 0.015900 0.016000 0.000100 0.000100 0.047900 0.000000 0.031800 0.032000 0.032500 0.032100 0.082600 0.066200
Steenbok 0.031200 0.134000 0.047800 0.173200 0.062300 0.046800 0.031200 0.015000 0.065000 0.031700 0.015600 0.063100 0.031800 0.064100 0.062700 0.031700 0.099800 0.065600 0.015700 0.065000 0.031400 0.015600 0.031700 0.031800 0.015600 0.015700 0.015600 0.065000 0.031400 0.065000 0.031700 0.047100 0.098900 0.032200 0.015600 0.047100 0.015000 0.047100 0.015600 0.047700 0.015600 0.015700 0.031700 0.031700 0.047100 0.031800 0.000000 0.031500 0.031900 0.031600 0.081200 0.065000
Impala 0.031500 0.172000 0.048000 0.174000 0.062500 0.047100 0.031500 0.015700 0.065400 0.031800 0.015700 0.031200 0.032100 0.064600 0.062900 0.031800 0.100200 0.066000 0.015700 0.065400 0.031600 0.015700 0.031800 0.031900 0.015700 0.015800 0.048100 0.065400 0.031700 0.065400 0.031800 0.047200 0.099500 0.032400 0.015700 0.047300 0.015700 0.047200 0.015700 0.047900 0.015700 0.015800 0.031800 0.031800 0.047300 0.032000 0.031500 0.000000 0.032100 0.031700 0.081600 0.065400
Klipspring 0.032000 0.174900 0.048800 0.177000 0.063400 0.047800 0.032000 0.016000 0.066500 0.032300 0.016000 0.064300 0.000000 0.065700 0.063800 0.032300 0.101800 0.067100 0.016000 0.066500 0.032100 0.016000 0.032300 0.032500 0.016000 0.016000 0.016000 0.066500 0.032200 0.066500 0.032300 0.048100 0.101100 0.000100 0.015900 0.048000 0.016000 0.048000 0.016000 0.048700 0.016000 0.016000 0.032300 0.032300 0.048000 0.032500 0.031900 0.032100 0.000000 0.032200 0.082900 0.066500
ForestMusk 0.031600 0.172500 0.048200 0.174700 0.062800 0.047300 0.031600 0.015800 0.065600 0.031900 0.015800 0.063600 0.032200 0.064800 0.063100 0.031900 0.100600 0.066200 0.015800 0.065600 0.031700 0.015700 0.031900 0.032100 0.015800 0.015800 0.048300 0.065600 0.031700 0.065600 0.031900 0.047500 0.099700 0.032400 0.015700 0.047500 0.015800 0.047400 0.015800 0.048100 0.015800 0.015800 0.031900 0.031900 0.047500 0.032100 0.031600 0.031700 0.032200 0.000000 0.081800 0.065600
Bushbuck 0.047900 0.191900 0.032000 0.234700 0.079300 0.063700 0.081200 0.065000 0.015400 0.082200 0.065000 0.114500 0.082900 0.116900 0.113600 0.082200 0.137500 0.119300 0.065100 0.015500 0.081500 0.064900 0.082200 0.082600 0.065000 0.065200 0.099400 0.016000 0.081700 0.015400 0.082200 0.097800 0.154100 0.083600 0.064600 0.097700 0.065000 0.097700 0.065000 0.099000 0.064900 0.065200 0.082200 0.082200 0.097700 0.082600 0.081200 0.081600 0.082900 0.081800 0.000000 0.015400
GreaterKud 0.032000 0.174900 0.016000 0.217100 0.063400 0.047800 0.065100 0.048900 0.000000 0.065900 0.048900 0.098200 0.066500 0.100400 0.097500 0.065900 0.138400 0.102600 0.048900 0.000000 0.065400 0.048700 0.065900 0.066200 0.048900 0.049000 0.083000 0.000000 0.065500 0.000000 0.065900 0.081600 0.137300 0.067100 0.048600 0.081500 0.048900 0.081500 0.048900 0.082600 0.048800 0.049000 0.065900 0.065900 0.081500 0.066200 0.065000 0.065400 0.066500 0.065600 0.015400 0.000000
