CODONML (in paml version 4.10.7, June 2023)  /home/rachel/ruminants_paml/6406-phy-tree/ENSBTAT00000013950.fasta.phy
Model: free dN/dS Ratios for branches,  kappa = 2.000 fixed

Codon frequency model: F3x4
ns =  54  ls = 148

Codon usage in sequences
--------------------------------------------------------------------------------------------------------------------------------------
Phe TTT   7   7   7   7   7   7 | Ser TCT   1   1   1   1   1   1 | Tyr TAT   2   3   3   3   3   2 | Cys TGT   1   0   0   0   0   0
    TTC   1   1   1   1   1   1 |     TCC   1   2   1   1   1   1 |     TAC   2   2   2   2   2   3 |     TGC   3   3   3   3   3   3
Leu TTA   3   1   3   2   1   1 |     TCA   2   1   2   2   1   1 | *** TAA   0   0   0   0   0   0 | *** TGA   0   0   0   0   0   0
    TTG   1   3   1   2   3   3 |     TCG   1   1   1   1   2   2 |     TAG   0   0   0   0   0   0 | Trp TGG   1   1   1   1   1   1
--------------------------------------------------------------------------------------------------------------------------------------
Leu CTT   2   3   2   2   3   4 | Pro CCT   3   2   3   3   3   3 | His CAT   3   3   3   3   3   3 | Arg CGT   0   0   0   0   0   0
    CTC   1   0   1   1   0   0 |     CCC   0   0   0   0   0   0 |     CAC   2   2   2   2   2   2 |     CGC   1   2   1   1   2   2
    CTA   0   0   0   0   0   0 |     CCA   1   1   1   1   1   1 | Gln CAA   1   1   1   1   1   1 |     CGA   1   2   1   1   1   1
    CTG   2   2   2   2   2   1 |     CCG   0   1   0   0   0   0 |     CAG   6   6   6   5   6   6 |     CGG   3   2   3   3   3   3
--------------------------------------------------------------------------------------------------------------------------------------
Ile ATT   5   4   5   5   4   4 | Thr ACT   5   5   4   4   5   5 | Asn AAT   3   3   3   3   3   2 | Ser AGT   3   3   3   3   3   4
    ATC   1   1   1   1   1   1 |     ACC   1   1   2   2   1   2 |     AAC   0   0   0   0   0   0 |     AGC   3   3   3   3   3   2
    ATA   1   0   0   0   0   0 |     ACA   5   4   5   5   4   4 | Lys AAA   8   7   7   8   7   7 | Arg AGA   2   3   2   3   2   3
Met ATG   5   6   6   6   6   6 |     ACG   0   1   0   0   0   0 |     AAG   4   5   5   5   5   5 |     AGG   5   3   5   4   4   3
--------------------------------------------------------------------------------------------------------------------------------------
Val GTT   2   2   2   2   3   3 | Ala GCT   2   3   2   2   4   4 | Asp GAT   7   8   8   8   7   8 | Gly GGT   3   4   3   3   3   3
    GTC   1   1   1   2   1   1 |     GCC   2   2   2   2   1   1 |     GAC   6   6   5   5   6   5 |     GGC   1   0   1   1   1   1
    GTA   1   0   1   1   0   1 |     GCA   2   2   2   2   2   2 | Glu GAA   8   8   6   7   8   8 |     GGA   2   2   3   3   2   2
    GTG   2   4   2   1   3   2 |     GCG   1   0   1   1   1   1 |     GAG   4   3   6   5   4   4 |     GGG   1   1   0   0   1   1
--------------------------------------------------------------------------------------------------------------------------------------

--------------------------------------------------------------------------------------------------------------------------------------
Phe TTT   7   7   7   7   7   6 | Ser TCT   1   1   1   1   1   1 | Tyr TAT   3   3   3   3   3   3 | Cys TGT   0   0   0   0   0   0
    TTC   1   1   1   1   1   2 |     TCC   1   1   1   1   1   1 |     TAC   2   2   2   2   2   2 |     TGC   3   3   3   3   3   3
Leu TTA   3   3   1   3   3   2 |     TCA   2   2   2   2   1   2 | *** TAA   0   0   0   0   0   0 | *** TGA   0   0   0   0   0   0
    TTG   1   1   1   1   1   2 |     TCG   1   1   1   1   2   1 |     TAG   0   0   0   0   0   0 | Trp TGG   1   1   1   1   1   1
--------------------------------------------------------------------------------------------------------------------------------------
Leu CTT   1   2   2   2   2   2 | Pro CCT   3   3   3   3   3   3 | His CAT   3   3   3   3   3   3 | Arg CGT   0   0   0   0   0   0
    CTC   1   1   1   1   1   1 |     CCC   0   0   0   0   0   0 |     CAC   2   2   2   2   2   2 |     CGC   1   1   1   1   1   1
    CTA   0   0   2   0   0   0 |     CCA   1   1   0   1   1   1 | Gln CAA   1   1   1   2   1   1 |     CGA   1   1   1   1   1   1
    CTG   3   2   2   2   2   2 |     CCG   0   0   1   0   0   0 |     CAG   6   6   6   5   6   6 |     CGG   3   3   3   3   4   3
--------------------------------------------------------------------------------------------------------------------------------------
Ile ATT   5   5   5   5   5   5 | Thr ACT   4   5   5   5   4   5 | Asn AAT   5   3   3   3   3   3 | Ser AGT   2   3   3   3   3   3
    ATC   1   1   1   1   1   2 |     ACC   1   1   1   1   2   1 |     AAC   0   0   0   0   0   0 |     AGC   3   3   3   3   3   3
    ATA   0   1   0   0   0   0 |     ACA   5   5   4   5   5   4 | Lys AAA   7   8   7   7   7   7 | Arg AGA   4   2   3   2   3   3
Met ATG   6   5   6   6   6   5 |     ACG   0   0   1   0   0   1 |     AAG   5   4   5   5   5   5 |     AGG   3   5   4   5   3   4
--------------------------------------------------------------------------------------------------------------------------------------
Val GTT   2   2   2   2   2   2 | Ala GCT   2   2   2   2   2   2 | Asp GAT   8   7   7   8   7   9 | Gly GGT   3   3   3   3   3   3
    GTC   1   1   1   1   1   1 |     GCC   2   2   2   2   1   2 |     GAC   5   6   6   5   6   4 |     GGC   1   1   1   2   1   1
    GTA   1   1   1   1   1   0 |     GCA   2   2   3   2   2   2 | Glu GAA   7   8   6   7   6   7 |     GGA   3   2   3   2   3   3
    GTG   2   2   2   2   2   3 |     GCG   1   1   0   1   2   1 |     GAG   5   4   6   5   6   5 |     GGG   0   1   0   0   0   0
--------------------------------------------------------------------------------------------------------------------------------------

--------------------------------------------------------------------------------------------------------------------------------------
Phe TTT   7   7   7   7   7   7 | Ser TCT   1   1   1   1   1   1 | Tyr TAT   3   3   3   3   3   3 | Cys TGT   0   0   0   0   0   0
    TTC   1   1   1   1   1   1 |     TCC   1   1   1   1   1   1 |     TAC   2   2   2   2   2   2 |     TGC   3   3   3   3   2   3
Leu TTA   3   3   3   2   3   3 |     TCA   2   2   2   2   2   2 | *** TAA   0   0   0   0   0   0 | *** TGA   0   0   0   0   0   0
    TTG   1   1   1   1   1   1 |     TCG   1   1   1   1   1   1 |     TAG   0   0   0   0   0   0 | Trp TGG   1   1   1   1   1   1
--------------------------------------------------------------------------------------------------------------------------------------
Leu CTT   2   3   2   2   3   2 | Pro CCT   3   3   3   3   3   3 | His CAT   3   3   4   3   3   3 | Arg CGT   0   0   0   0   0   0
    CTC   1   0   1   1   0   1 |     CCC   0   0   0   0   0   0 |     CAC   2   2   1   2   2   2 |     CGC   1   1   1   1   1   1
    CTA   0   0   0   1   0   0 |     CCA   1   1   1   1   1   1 | Gln CAA   0   1   1   1   0   1 |     CGA   1   1   1   2   1   1
    CTG   2   2   2   2   2   2 |     CCG   0   0   0   0   0   0 |     CAG   7   6   6   6   7   6 |     CGG   3   3   3   3   3   2
--------------------------------------------------------------------------------------------------------------------------------------
Ile ATT   5   5   5   5   5   5 | Thr ACT   5   5   5   5   5   5 | Asn AAT   3   3   3   2   3   3 | Ser AGT   3   3   3   3   4   3
    ATC   1   1   1   1   1   1 |     ACC   1   1   1   1   1   1 |     AAC   0   0   0   1   0   0 |     AGC   3   3   3   3   3   3
    ATA   1   0   1   0   0   0 |     ACA   5   5   5   4   5   5 | Lys AAA   8   7   7   7   7   7 | Arg AGA   2   3   2   2   3   3
Met ATG   5   6   5   6   6   6 |     ACG   0   0   0   1   0   0 |     AAG   4   5   5   5   5   5 |     AGG   5   4   5   4   4   5
--------------------------------------------------------------------------------------------------------------------------------------
Val GTT   2   2   2   2   2   2 | Ala GCT   2   2   3   2   2   2 | Asp GAT   7   8   8   8   8   8 | Gly GGT   3   3   3   3   3   3
    GTC   1   1   1   1   1   1 |     GCC   2   2   2   2   2   2 |     GAC   6   5   5   5   5   5 |     GGC   1   1   1   1   1   1
    GTA   1   1   1   1   0   1 |     GCA   2   2   1   2   2   2 | Glu GAA   7   7   7   6   7   7 |     GGA   3   3   3   3   3   2
    GTG   2   2   2   2   3   2 |     GCG   1   1   1   1   1   1 |     GAG   5   5   5   6   5   5 |     GGG   0   0   0   0   0   1
--------------------------------------------------------------------------------------------------------------------------------------

--------------------------------------------------------------------------------------------------------------------------------------
Phe TTT   7   7   7   7   7   7 | Ser TCT   1   1   1   1   2   1 | Tyr TAT   3   3   3   3   3   3 | Cys TGT   0   0   0   0   0   0
    TTC   1   1   1   1   1   1 |     TCC   1   1   1   1   0   1 |     TAC   2   2   2   2   2   2 |     TGC   3   3   3   3   3   3
Leu TTA   2   2   3   3   3   3 |     TCA   2   3   2   1   2   2 | *** TAA   0   0   0   0   0   0 | *** TGA   0   0   0   0   0   0
    TTG   2   2   1   1   1   1 |     TCG   1   0   1   2   1   1 |     TAG   0   0   0   0   0   0 | Trp TGG   1   1   1   1   1   1
--------------------------------------------------------------------------------------------------------------------------------------
Leu CTT   2   2   2   2   2   2 | Pro CCT   3   3   3   3   3   3 | His CAT   3   3   3   3   3   3 | Arg CGT   0   0   0   0   0   0
    CTC   1   1   1   1   1   1 |     CCC   0   0   0   0   0   0 |     CAC   2   2   2   2   2   2 |     CGC   1   1   1   1   1   1
    CTA   0   0   0   0   0   0 |     CCA   1   1   1   1   1   1 | Gln CAA   1   1   1   1   1   1 |     CGA   1   1   1   1   1   1
    CTG   2   2   2   2   2   2 |     CCG   0   0   0   0   0   0 |     CAG   6   6   6   6   6   6 |     CGG   4   4   3   4   3   3
--------------------------------------------------------------------------------------------------------------------------------------
Ile ATT   5   5   5   5   5   5 | Thr ACT   5   5   5   4   5   5 | Asn AAT   3   3   3   3   3   3 | Ser AGT   3   3   3   3   3   3
    ATC   1   1   1   1   1   1 |     ACC   1   1   1   2   1   1 |     AAC   0   0   0   0   0   0 |     AGC   3   3   3   3   3   3
    ATA   0   0   1   0   0   1 |     ACA   5   4   5   5   5   5 | Lys AAA   7   7   7   7   7   8 | Arg AGA   3   3   2   2   3   2
Met ATG   6   6   5   6   6   5 |     ACG   0   1   0   0   0   0 |     AAG   5   5   5   5   5   4 |     AGG   3   3   5   4   4   5
--------------------------------------------------------------------------------------------------------------------------------------
Val GTT   2   2   2   2   1   2 | Ala GCT   2   2   2   2   2   2 | Asp GAT   8   8   7   8   8   7 | Gly GGT   3   3   3   3   3   3
    GTC   1   1   1   1   1   1 |     GCC   2   2   2   1   2   2 |     GAC   5   5   6   5   5   6 |     GGC   1   1   1   1   1   1
    GTA   1   1   1   1   2   1 |     GCA   2   2   3   2   2   2 | Glu GAA   7   8   7   6   7   7 |     GGA   3   3   3   3   2   3
    GTG   2   2   2   2   2   2 |     GCG   1   1   0   2   1   1 |     GAG   5   4   5   6   5   5 |     GGG   0   0   0   0   1   0
--------------------------------------------------------------------------------------------------------------------------------------

--------------------------------------------------------------------------------------------------------------------------------------
Phe TTT   7   6   7   7   7   7 | Ser TCT   1   1   1   1   1   1 | Tyr TAT   3   4   3   3   3   3 | Cys TGT   0   0   0   0   0   0
    TTC   1   1   1   1   1   1 |     TCC   1   1   1   1   1   1 |     TAC   2   2   2   2   2   2 |     TGC   3   3   3   3   3   3
Leu TTA   2   2   3   3   3   3 |     TCA   2   2   2   2   2   1 | *** TAA   0   0   0   0   0   0 | *** TGA   0   0   0   0   0   0
    TTG   2   2   1   1   1   1 |     TCG   1   1   1   1   1   2 |     TAG   0   0   0   0   0   0 | Trp TGG   1   1   1   1   1   1
--------------------------------------------------------------------------------------------------------------------------------------
Leu CTT   2   2   2   2   2   2 | Pro CCT   3   3   3   3   3   3 | His CAT   3   3   3   3   3   3 | Arg CGT   0   0   0   0   0   0
    CTC   1   1   1   1   1   1 |     CCC   0   0   0   0   0   0 |     CAC   2   2   2   2   2   2 |     CGC   1   1   1   1   1   1
    CTA   1   0   0   0   0   0 |     CCA   1   0   1   1   1   1 | Gln CAA   0   1   0   1   1   1 |     CGA   1   1   1   1   1   1
    CTG   1   2   2   2   2   2 |     CCG   0   1   0   0   0   0 |     CAG   7   6   7   6   6   6 |     CGG   3   3   3   3   3   4
--------------------------------------------------------------------------------------------------------------------------------------
Ile ATT   5   5   5   5   5   5 | Thr ACT   5   5   5   5   5   4 | Asn AAT   3   3   3   3   3   3 | Ser AGT   3   3   3   4   3   3
    ATC   1   1   1   1   1   1 |     ACC   1   1   1   1   1   2 |     AAC   0   0   0   0   0   0 |     AGC   3   3   3   2   3   3
    ATA   0   0   1   0   1   0 |     ACA   4   4   5   5   5   5 | Lys AAA   7   7   8   7   7   7 | Arg AGA   3   3   2   3   2   2
Met ATG   5   6   5   6   5   6 |     ACG   1   1   0   0   0   0 |     AAG   5   5   4   5   5   5 |     AGG   4   4   5   4   5   4
--------------------------------------------------------------------------------------------------------------------------------------
Val GTT   2   2   2   2   2   2 | Ala GCT   2   2   2   2   3   2 | Asp GAT   9   9   7   8   8   7 | Gly GGT   2   3   3   3   3   3
    GTC   1   1   1   1   1   1 |     GCC   2   2   2   2   2   1 |     GAC   4   4   6   5   5   6 |     GGC   1   1   1   1   1   1
    GTA   0   0   1   1   1   1 |     GCA   2   2   2   2   1   2 | Glu GAA   7   6   7   7   7   6 |     GGA   3   3   3   2   3   3
    GTG   4   3   2   2   2   2 |     GCG   1   1   1   1   1   2 |     GAG   5   6   5   5   5   6 |     GGG   1   0   0   1   0   0
--------------------------------------------------------------------------------------------------------------------------------------

--------------------------------------------------------------------------------------------------------------------------------------
Phe TTT   7   7   6   7   7   7 | Ser TCT   1   1   1   1   1   2 | Tyr TAT   3   3   3   3   3   3 | Cys TGT   0   0   0   0   1   0
    TTC   1   1   2   1   1   1 |     TCC   1   1   1   1   1   1 |     TAC   2   2   2   2   2   2 |     TGC   3   3   3   3   2   3
Leu TTA   3   2   2   2   2   3 |     TCA   2   2   2   2   2   2 | *** TAA   0   0   0   0   0   0 | *** TGA   0   0   0   0   0   0
    TTG   1   2   2   1   2   1 |     TCG   1   1   1   1   1   0 |     TAG   0   0   0   0   0   0 | Trp TGG   1   1   1   1   1   1
--------------------------------------------------------------------------------------------------------------------------------------
Leu CTT   2   2   2   3   2   2 | Pro CCT   3   3   3   3   3   3 | His CAT   3   3   3   3   3   3 | Arg CGT   0   0   0   0   0   1
    CTC   1   1   1   0   1   1 |     CCC   0   0   0   0   0   0 |     CAC   2   2   2   2   2   1 |     CGC   1   1   1   1   1   1
    CTA   0   0   0   1   0   0 |     CCA   1   1   1   1   1   1 | Gln CAA   1   1   1   1   0   1 |     CGA   1   1   1   1   1   1
    CTG   2   2   2   2   2   2 |     CCG   0   0   0   0   0   0 |     CAG   6   6   6   6   7   6 |     CGG   3   4   3   3   4   3
--------------------------------------------------------------------------------------------------------------------------------------
Ile ATT   5   5   5   5   5   5 | Thr ACT   5   5   5   5   5   5 | Asn AAT   3   3   3   3   3   3 | Ser AGT   3   3   3   3   3   4
    ATC   1   1   2   1   1   1 |     ACC   1   1   1   1   1   1 |     AAC   0   0   0   0   0   0 |     AGC   3   3   3   3   3   2
    ATA   0   0   0   0   0   1 |     ACA   5   5   4   5   4   5 | Lys AAA   7   7   7   7   7   7 | Arg AGA   3   2   3   3   3   3
Met ATG   6   6   5   6   6   5 |     ACG   0   0   1   0   1   0 |     AAG   5   5   5   5   5   5 |     AGG   4   4   4   4   3   4
--------------------------------------------------------------------------------------------------------------------------------------
Val GTT   2   2   2   2   2   2 | Ala GCT   2   2   2   2   2   3 | Asp GAT   8   8   9   8   8   8 | Gly GGT   3   3   3   3   2   3
    GTC   1   1   1   1   1   1 |     GCC   2   1   2   2   2   2 |     GAC   5   5   4   5   5   5 |     GGC   1   1   1   1   2   1
    GTA   1   1   0   1   1   1 |     GCA   2   2   2   2   3   1 | Glu GAA   7   6   7   6   7   7 |     GGA   2   3   3   3   3   3
    GTG   2   2   3   2   2   2 |     GCG   1   2   1   1   0   1 |     GAG   5   6   5   6   5   5 |     GGG   1   0   0   0   0   0
--------------------------------------------------------------------------------------------------------------------------------------

--------------------------------------------------------------------------------------------------------------------------------------
Phe TTT   6   7   7   7   7   6 | Ser TCT   1   1   1   1   1   1 | Tyr TAT   3   3   3   3   3   5 | Cys TGT   0   0   0   0   0   0
    TTC   2   1   1   1   1   1 |     TCC   1   1   1   1   1   1 |     TAC   2   2   2   2   2   1 |     TGC   3   3   3   3   3   3
Leu TTA   3   3   3   3   3   2 |     TCA   2   2   2   2   2   2 | *** TAA   0   0   0   0   0   0 | *** TGA   0   0   0   0   0   0
    TTG   1   1   1   1   1   2 |     TCG   1   1   1   1   1   1 |     TAG   0   0   0   0   0   0 | Trp TGG   1   1   1   1   1   1
--------------------------------------------------------------------------------------------------------------------------------------
Leu CTT   2   3   2   1   3   2 | Pro CCT   3   3   3   3   3   3 | His CAT   3   3   3   3   3   3 | Arg CGT   0   0   0   0   0   0
    CTC   1   0   1   1   0   1 |     CCC   0   0   0   0   0   0 |     CAC   2   2   2   2   2   2 |     CGC   1   1   1   1   1   1
    CTA   0   0   0   0   0   0 |     CCA   1   1   1   1   1   1 | Gln CAA   1   1   0   1   1   1 |     CGA   1   1   1   1   1   1
    CTG   3   2   2   3   2   2 |     CCG   0   0   0   0   0   0 |     CAG   6   6   7   6   6   6 |     CGG   3   3   3   3   3   3
--------------------------------------------------------------------------------------------------------------------------------------
Ile ATT   5   5   5   5   5   5 | Thr ACT   5   5   5   5   5   5 | Asn AAT   3   3   3   3   3   3 | Ser AGT   4   3   3   4   3   3
    ATC   1   1   1   1   1   1 |     ACC   1   1   1   1   1   1 |     AAC   0   0   0   0   0   0 |     AGC   3   3   3   3   3   3
    ATA   1   0   1   0   0   0 |     ACA   5   5   5   5   5   4 | Lys AAA   7   7   8   7   7   7 | Arg AGA   2   3   2   3   3   3
Met ATG   4   6   5   6   6   6 |     ACG   0   0   0   0   0   1 |     AAG   5   5   4   5   4   5 |     AGG   5   4   5   4   5   4
--------------------------------------------------------------------------------------------------------------------------------------
Val GTT   2   2   2   2   2   2 | Ala GCT   3   2   2   2   2   2 | Asp GAT   8   8   7   8   8   9 | Gly GGT   2   3   3   2   3   3
    GTC   1   1   1   1   1   1 |     GCC   2   2   2   2   2   2 |     GAC   5   5   6   5   5   4 |     GGC   1   1   1   1   1   1
    GTA   2   1   1   1   1   1 |     GCA   1   2   2   2   2   2 | Glu GAA   7   7   6   7   7   7 |     GGA   3   3   3   3   3   3
    GTG   1   2   2   2   2   2 |     GCG   1   1   1   1   1   1 |     GAG   5   5   6   5   5   5 |     GGG   0   0   0   0   0   0
--------------------------------------------------------------------------------------------------------------------------------------

--------------------------------------------------------------------------------------------------------------------------------------
Phe TTT   7   7   6   5   7   6 | Ser TCT   1   1   1   1   1   1 | Tyr TAT   3   3   3   4   3   3 | Cys TGT   0   0   0   0   0   0
    TTC   1   1   2   2   1   2 |     TCC   1   1   1   1   1   1 |     TAC   2   2   2   2   2   2 |     TGC   3   3   3   3   3   3
Leu TTA   2   3   2   2   3   3 |     TCA   2   2   2   2   2   3 | *** TAA   0   0   0   0   0   0 | *** TGA   0   0   0   0   0   0
    TTG   2   1   2   2   1   1 |     TCG   1   1   1   1   1   0 |     TAG   0   0   0   0   0   0 | Trp TGG   1   1   1   1   1   1
--------------------------------------------------------------------------------------------------------------------------------------
Leu CTT   2   2   2   2   3   2 | Pro CCT   3   3   3   3   3   3 | His CAT   3   3   3   2   3   3 | Arg CGT   0   0   0   0   0   0
    CTC   2   1   1   1   0   1 |     CCC   0   0   0   0   0   0 |     CAC   2   2   2   3   2   2 |     CGC   1   1   1   1   1   1
    CTA   0   0   0   0   0   0 |     CCA   1   1   1   1   1   1 | Gln CAA   0   1   1   1   1   1 |     CGA   1   1   1   1   1   1
    CTG   1   2   2   2   2   2 |     CCG   0   0   0   0   0   0 |     CAG   7   6   6   6   6   6 |     CGG   3   3   3   3   3   3
--------------------------------------------------------------------------------------------------------------------------------------
Ile ATT   5   5   5   5   5   5 | Thr ACT   5   5   5   5   5   5 | Asn AAT   3   3   3   3   3   3 | Ser AGT   3   4   3   3   3   3
    ATC   1   1   2   1   1   1 |     ACC   1   1   1   1   1   1 |     AAC   0   0   0   0   0   0 |     AGC   3   2   3   3   3   3
    ATA   0   0   0   0   0   0 |     ACA   4   5   4   4   5   5 | Lys AAA   7   7   7   7   7   7 | Arg AGA   3   3   3   3   3   3
Met ATG   5   6   5   6   6   6 |     ACG   1   0   1   1   0   0 |     AAG   5   5   5   5   5   5 |     AGG   4   4   4   4   4   4
--------------------------------------------------------------------------------------------------------------------------------------
Val GTT   2   2   2   2   2   2 | Ala GCT   2   2   2   2   2   2 | Asp GAT   9   8   9   9   8   8 | Gly GGT   2   3   3   3   3   3
    GTC   1   1   1   1   1   1 |     GCC   2   2   2   2   2   2 |     GAC   4   5   4   4   5   5 |     GGC   1   1   1   1   1   1
    GTA   0   2   0   0   1   1 |     GCA   2   2   2   2   2   2 | Glu GAA   7   7   7   6   7   7 |     GGA   3   2   3   3   3   3
    GTG   4   1   3   3   2   2 |     GCG   1   1   1   1   1   1 |     GAG   5   5   5   6   5   5 |     GGG   1   1   0   0   0   0
--------------------------------------------------------------------------------------------------------------------------------------

--------------------------------------------------------------------------------------------------------------------------------------
Phe TTT   7   6   7   7   7   7 | Ser TCT   1   1   1   1   1   1 | Tyr TAT   3   3   3   3   3   3 | Cys TGT   0   0   0   0   0   0
    TTC   1   2   1   1   1   1 |     TCC   1   1   2   1   1   1 |     TAC   2   2   2   2   2   2 |     TGC   3   3   3   3   3   3
Leu TTA   3   3   3   2   3   3 |     TCA   2   2   1   2   1   2 | *** TAA   0   0   0   0   0   0 | *** TGA   0   0   0   0   0   0
    TTG   1   1   1   2   1   1 |     TCG   1   1   1   1   2   1 |     TAG   0   0   0   0   0   0 | Trp TGG   1   1   1   1   1   1
--------------------------------------------------------------------------------------------------------------------------------------
Leu CTT   2   2   2   2   2   2 | Pro CCT   3   3   3   3   3   3 | His CAT   3   3   3   3   2   3 | Arg CGT   0   0   0   0   0   0
    CTC   1   1   1   1   1   1 |     CCC   0   0   0   0   0   0 |     CAC   2   2   2   2   3   2 |     CGC   1   1   1   1   1   1
    CTA   0   0   0   0   0   0 |     CCA   1   1   1   1   1   1 | Gln CAA   1   0   1   1   1   1 |     CGA   1   0   1   1   1   1
    CTG   2   2   2   2   2   2 |     CCG   0   0   0   0   0   0 |     CAG   6   7   6   6   6   6 |     CGG   3   4   3   3   4   4
--------------------------------------------------------------------------------------------------------------------------------------
Ile ATT   5   5   5   5   5   5 | Thr ACT   5   5   5   4   4   5 | Asn AAT   3   3   3   3   3   3 | Ser AGT   4   2   3   3   3   3
    ATC   1   1   1   1   1   1 |     ACC   1   1   1   2   2   1 |     AAC   0   0   0   0   0   0 |     AGC   2   4   3   3   3   3
    ATA   0   0   0   0   0   0 |     ACA   5   5   5   5   5   5 | Lys AAA   8   7   6   7   7   7 | Arg AGA   3   3   3   3   2   2
Met ATG   6   6   6   6   6   6 |     ACG   0   0   0   0   0   0 |     AAG   4   5   6   5   5   5 |     AGG   4   4   4   4   4   4
--------------------------------------------------------------------------------------------------------------------------------------
Val GTT   2   2   2   2   2   2 | Ala GCT   2   2   2   2   2   2 | Asp GAT   8   7   8   8   7   8 | Gly GGT   3   2   3   3   3   3
    GTC   1   1   2   2   1   1 |     GCC   2   2   2   2   1   1 |     GAC   5   6   5   5   6   5 |     GGC   1   1   1   1   1   1
    GTA   1   1   1   1   1   1 |     GCA   2   1   1   2   2   2 | Glu GAA   7   7   7   7   6   6 |     GGA   3   3   3   3   3   3
    GTG   2   2   1   1   2   2 |     GCG   1   2   2   1   2   2 |     GAG   5   5   5   5   6   6 |     GGG   0   1   0   0   0   0
--------------------------------------------------------------------------------------------------------------------------------------

Codon position x base (3x4) table for each sequence.

#1: Argali         
position  1:    T:0.17568    C:0.17568    A:0.34459    G:0.30405
position  2:    T:0.23649    C:0.18243    A:0.37838    G:0.20270
position  3:    T:0.33108    C:0.17568    A:0.25000    G:0.24324
Average         T:0.24775    C:0.17793    A:0.32432    G:0.25000

#2: LesserMouseDeer
position  1:    T:0.17568    C:0.18243    A:0.33108    G:0.31081
position  2:    T:0.23649    C:0.18243    A:0.38514    G:0.19595
position  3:    T:0.34459    C:0.17568    A:0.21622    G:0.26351
Average         T:0.25225    C:0.18018    A:0.31081    G:0.25676

#3: LesserKudu     
position  1:    T:0.17568    C:0.17568    A:0.34459    G:0.30405
position  2:    T:0.23649    C:0.18243    A:0.38514    G:0.19595
position  3:    T:0.33108    C:0.17568    A:0.22973    G:0.26351
Average         T:0.24775    C:0.17793    A:0.31982    G:0.25450

#4: ForestMuskDeer2
position  1:    T:0.17568    C:0.16892    A:0.35135    G:0.30405
position  2:    T:0.23649    C:0.18243    A:0.38514    G:0.19595
position  3:    T:0.33108    C:0.18243    A:0.24324    G:0.24324
Average         T:0.24775    C:0.17793    A:0.32658    G:0.24775

#5: Camel          
position  1:    T:0.17568    C:0.18243    A:0.32432    G:0.31757
position  2:    T:0.23649    C:0.18243    A:0.38514    G:0.19595
position  3:    T:0.35135    C:0.16892    A:0.20270    G:0.27703
Average         T:0.25450    C:0.17793    A:0.30405    G:0.26351

#6: KillerWhale    
position  1:    T:0.17568    C:0.18243    A:0.32432    G:0.31757
position  2:    T:0.23649    C:0.18919    A:0.37838    G:0.19595
position  3:    T:0.35811    C:0.16892    A:0.21622    G:0.25676
Average         T:0.25676    C:0.18018    A:0.30631    G:0.25676

#7: DefassaWaterbuck
position  1:    T:0.17568    C:0.17568    A:0.34459    G:0.30405
position  2:    T:0.23649    C:0.17568    A:0.39865    G:0.18919
position  3:    T:0.33108    C:0.16892    A:0.25000    G:0.25000
Average         T:0.24775    C:0.17342    A:0.33108    G:0.24775

#8: Sheep          
position  1:    T:0.17568    C:0.17568    A:0.34459    G:0.30405
position  2:    T:0.23649    C:0.18243    A:0.38514    G:0.19595
position  3:    T:0.33108    C:0.17568    A:0.25000    G:0.24324
Average         T:0.24775    C:0.17793    A:0.32658    G:0.24775

#9: MaxwellsDuiker 
position  1:    T:0.16216    C:0.18919    A:0.34459    G:0.30405
position  2:    T:0.23649    C:0.18243    A:0.38514    G:0.19595
position  3:    T:0.33108    C:0.17568    A:0.22973    G:0.26351
Average         T:0.24324    C:0.18243    A:0.31982    G:0.25450

#10: GazellaPrzewalskyi
position  1:    T:0.17568    C:0.17568    A:0.34459    G:0.30405
position  2:    T:0.23649    C:0.18243    A:0.38514    G:0.19595
position  3:    T:0.33784    C:0.17568    A:0.23649    G:0.25000
Average         T:0.25000    C:0.17793    A:0.32207    G:0.25000

#11: MountainNyala  
position  1:    T:0.17568    C:0.18243    A:0.33784    G:0.30405
position  2:    T:0.23649    C:0.18243    A:0.38514    G:0.19595
position  3:    T:0.32432    C:0.17568    A:0.22973    G:0.27027
Average         T:0.24550    C:0.18018    A:0.31757    G:0.25676

#12: MuntiacusMuntjak
position  1:    T:0.17568    C:0.17568    A:0.34459    G:0.30405
position  2:    T:0.23649    C:0.18243    A:0.38514    G:0.19595
position  3:    T:0.33784    C:0.17568    A:0.22297    G:0.26351
Average         T:0.25000    C:0.17793    A:0.31757    G:0.25450

#13: goat           
position  1:    T:0.17568    C:0.17568    A:0.34459    G:0.30405
position  2:    T:0.23649    C:0.18243    A:0.38514    G:0.19595
position  3:    T:0.33108    C:0.17568    A:0.24324    G:0.25000
Average         T:0.24775    C:0.17793    A:0.32432    G:0.25000

#14: AfricanBuffalo 
position  1:    T:0.17568    C:0.17568    A:0.34459    G:0.30405
position  2:    T:0.23649    C:0.18243    A:0.38514    G:0.19595
position  3:    T:0.34459    C:0.16216    A:0.24324    G:0.25000
Average         T:0.25225    C:0.17342    A:0.32432    G:0.25000

#15: Topi           
position  1:    T:0.17568    C:0.17568    A:0.34459    G:0.30405
position  2:    T:0.23649    C:0.18243    A:0.38514    G:0.19595
position  3:    T:0.35135    C:0.16216    A:0.23649    G:0.25000
Average         T:0.25450    C:0.17342    A:0.32207    G:0.25000

#16: CommonDuiker   
position  1:    T:0.16892    C:0.18919    A:0.33784    G:0.30405
position  2:    T:0.23649    C:0.18243    A:0.38514    G:0.19595
position  3:    T:0.33108    C:0.17568    A:0.22973    G:0.26351
Average         T:0.24550    C:0.18243    A:0.31757    G:0.25450

#17: Suni           
position  1:    T:0.16892    C:0.17568    A:0.35135    G:0.30405
position  2:    T:0.23649    C:0.18243    A:0.38514    G:0.19595
position  3:    T:0.35135    C:0.15541    A:0.22973    G:0.26351
Average         T:0.25225    C:0.17117    A:0.32207    G:0.25450

#18: Springbuck     
position  1:    T:0.17568    C:0.16892    A:0.35135    G:0.30405
position  2:    T:0.23649    C:0.18243    A:0.38514    G:0.19595
position  3:    T:0.33784    C:0.16892    A:0.23649    G:0.25676
Average         T:0.25000    C:0.17342    A:0.32432    G:0.25225

#19: Okapi          
position  1:    T:0.17568    C:0.18243    A:0.33784    G:0.30405
position  2:    T:0.23649    C:0.18243    A:0.38514    G:0.19595
position  3:    T:0.33784    C:0.16892    A:0.23649    G:0.25676
Average         T:0.25000    C:0.17793    A:0.31982    G:0.25225

#20: Giraffe        
position  1:    T:0.17568    C:0.18243    A:0.33784    G:0.30405
position  2:    T:0.23649    C:0.18243    A:0.38514    G:0.19595
position  3:    T:0.33784    C:0.16892    A:0.24324    G:0.25000
Average         T:0.25000    C:0.17793    A:0.32207    G:0.25000

#21: TibetanAntelope
position  1:    T:0.17568    C:0.17568    A:0.34459    G:0.30405
position  2:    T:0.23649    C:0.18243    A:0.38514    G:0.19595
position  3:    T:0.33108    C:0.17568    A:0.25000    G:0.24324
Average         T:0.24775    C:0.17793    A:0.32658    G:0.24775

#22: Sitatunga      
position  1:    T:0.17568    C:0.18243    A:0.33784    G:0.30405
position  2:    T:0.23649    C:0.18243    A:0.38514    G:0.19595
position  3:    T:0.33108    C:0.16892    A:0.22297    G:0.27703
Average         T:0.24775    C:0.17793    A:0.31532    G:0.25901

#23: Oribi          
position  1:    T:0.17568    C:0.17568    A:0.34459    G:0.30405
position  2:    T:0.23649    C:0.18243    A:0.38514    G:0.19595
position  3:    T:0.33784    C:0.16216    A:0.24324    G:0.25676
Average         T:0.25000    C:0.17342    A:0.32432    G:0.25225

#24: BarbarySheep   
position  1:    T:0.17568    C:0.17568    A:0.34459    G:0.30405
position  2:    T:0.23649    C:0.18243    A:0.38514    G:0.19595
position  3:    T:0.33108    C:0.17568    A:0.25000    G:0.24324
Average         T:0.24775    C:0.17793    A:0.32658    G:0.24775

#25: Daviddeer      
position  1:    T:0.17568    C:0.17568    A:0.33784    G:0.31081
position  2:    T:0.23649    C:0.18243    A:0.38514    G:0.19595
position  3:    T:0.33784    C:0.16216    A:0.22297    G:0.27703
Average         T:0.25000    C:0.17342    A:0.31532    G:0.26126

#26: Reindeer       
position  1:    T:0.17568    C:0.17568    A:0.34459    G:0.30405
position  2:    T:0.22973    C:0.18243    A:0.39189    G:0.19595
position  3:    T:0.34459    C:0.16216    A:0.20946    G:0.28378
Average         T:0.25000    C:0.17342    A:0.31532    G:0.26126

#27: Ibex           
position  1:    T:0.17568    C:0.17568    A:0.34459    G:0.30405
position  2:    T:0.23649    C:0.18243    A:0.38514    G:0.19595
position  3:    T:0.33108    C:0.17568    A:0.24324    G:0.25000
Average         T:0.24775    C:0.17793    A:0.32432    G:0.25000

#28: GyrantGazelle  
position  1:    T:0.17568    C:0.17568    A:0.34459    G:0.30405
position  2:    T:0.23649    C:0.18243    A:0.38514    G:0.19595
position  3:    T:0.34459    C:0.16216    A:0.23649    G:0.25676
Average         T:0.25225    C:0.17342    A:0.32207    G:0.25225

#29: Hartebeest     
position  1:    T:0.17568    C:0.17568    A:0.34459    G:0.30405
position  2:    T:0.23649    C:0.18243    A:0.38514    G:0.19595
position  3:    T:0.34459    C:0.16892    A:0.23649    G:0.25000
Average         T:0.25225    C:0.17568    A:0.32207    G:0.25000

#30: Bongo          
position  1:    T:0.17568    C:0.18243    A:0.33784    G:0.30405
position  2:    T:0.23649    C:0.18243    A:0.38514    G:0.19595
position  3:    T:0.32432    C:0.17568    A:0.22297    G:0.27703
Average         T:0.24550    C:0.18018    A:0.31532    G:0.25901

#31: Gerenuk        
position  1:    T:0.17568    C:0.17568    A:0.34459    G:0.30405
position  2:    T:0.23649    C:0.18243    A:0.38514    G:0.19595
position  3:    T:0.33784    C:0.16892    A:0.23649    G:0.25676
Average         T:0.25000    C:0.17568    A:0.32207    G:0.25225

#32: CommonEland    
position  1:    T:0.17568    C:0.18243    A:0.33784    G:0.30405
position  2:    T:0.23649    C:0.18243    A:0.38514    G:0.19595
position  3:    T:0.33784    C:0.16216    A:0.22297    G:0.27703
Average         T:0.25000    C:0.17568    A:0.31532    G:0.25901

#33: MuntiacusReevesi
position  1:    T:0.17568    C:0.17568    A:0.34459    G:0.30405
position  2:    T:0.23649    C:0.18243    A:0.38514    G:0.19595
position  3:    T:0.33784    C:0.17568    A:0.22297    G:0.26351
Average         T:0.25000    C:0.17793    A:0.31757    G:0.25450

#34: HarveysDuiker  
position  1:    T:0.16892    C:0.18243    A:0.34459    G:0.30405
position  2:    T:0.23649    C:0.18243    A:0.38514    G:0.19595
position  3:    T:0.34459    C:0.16216    A:0.23649    G:0.25676
Average         T:0.25000    C:0.17568    A:0.32207    G:0.25225

#35: Pronghorn      
position  1:    T:0.17568    C:0.18243    A:0.33784    G:0.30405
position  2:    T:0.23649    C:0.18243    A:0.38514    G:0.19595
position  3:    T:0.33784    C:0.16892    A:0.22973    G:0.26351
Average         T:0.25000    C:0.17793    A:0.31757    G:0.25450

#36: BlueWildebeest 
position  1:    T:0.17568    C:0.17568    A:0.34459    G:0.30405
position  2:    T:0.23649    C:0.18243    A:0.37838    G:0.20270
position  3:    T:0.36486    C:0.15541    A:0.24324    G:0.23649
Average         T:0.25901    C:0.17117    A:0.32207    G:0.24775

#37: Gemsbok        
position  1:    T:0.17568    C:0.18243    A:0.34459    G:0.29730
position  2:    T:0.23649    C:0.18243    A:0.38514    G:0.19595
position  3:    T:0.33784    C:0.17568    A:0.24324    G:0.24324
Average         T:0.25000    C:0.18018    A:0.32432    G:0.24550

#38: Yak            
position  1:    T:0.17568    C:0.17568    A:0.34459    G:0.30405
position  2:    T:0.23649    C:0.18243    A:0.38514    G:0.19595
position  3:    T:0.34459    C:0.16216    A:0.24324    G:0.25000
Average         T:0.25225    C:0.17342    A:0.32432    G:0.25000

#39: BlueSheep      
position  1:    T:0.17568    C:0.17568    A:0.34459    G:0.30405
position  2:    T:0.23649    C:0.18243    A:0.38514    G:0.19595
position  3:    T:0.33108    C:0.17568    A:0.23649    G:0.25676
Average         T:0.24775    C:0.17793    A:0.32207    G:0.25225

#40: BohorReedbuck  
position  1:    T:0.17568    C:0.17568    A:0.35135    G:0.29730
position  2:    T:0.23649    C:0.18243    A:0.38514    G:0.19595
position  3:    T:0.33108    C:0.16892    A:0.24324    G:0.25676
Average         T:0.24775    C:0.17568    A:0.32658    G:0.25000

#41: KirksDik       
position  1:    T:0.17568    C:0.17568    A:0.34459    G:0.30405
position  2:    T:0.23649    C:0.18243    A:0.37838    G:0.20270
position  3:    T:0.34459    C:0.16216    A:0.24324    G:0.25000
Average         T:0.25225    C:0.17342    A:0.32207    G:0.25225

#42: RoeDeer        
position  1:    T:0.17568    C:0.17568    A:0.34459    G:0.30405
position  2:    T:0.22973    C:0.18243    A:0.39189    G:0.19595
position  3:    T:0.35135    C:0.15541    A:0.22973    G:0.26351
Average         T:0.25225    C:0.17117    A:0.32207    G:0.25450

#43: WhiteLippedDeer
position  1:    T:0.17568    C:0.17568    A:0.33784    G:0.31081
position  2:    T:0.23649    C:0.18243    A:0.38514    G:0.19595
position  3:    T:0.33784    C:0.16892    A:0.21622    G:0.27703
Average         T:0.25000    C:0.17568    A:0.31306    G:0.26126

#44: ThomsonGazelle 
position  1:    T:0.17568    C:0.17568    A:0.34459    G:0.30405
position  2:    T:0.23649    C:0.18243    A:0.38514    G:0.19595
position  3:    T:0.34459    C:0.16216    A:0.24324    G:0.25000
Average         T:0.25225    C:0.17342    A:0.32432    G:0.25000

#45: MuntiacusCrinifrons
position  1:    T:0.17568    C:0.17568    A:0.34459    G:0.30405
position  2:    T:0.23649    C:0.18243    A:0.38514    G:0.19595
position  3:    T:0.33784    C:0.17568    A:0.22297    G:0.26351
Average         T:0.25000    C:0.17793    A:0.31757    G:0.25450

#46: WhiteTailedDeer
position  1:    T:0.17568    C:0.17568    A:0.34459    G:0.30405
position  2:    T:0.22973    C:0.18243    A:0.39189    G:0.19595
position  3:    T:0.33108    C:0.17568    A:0.21622    G:0.27703
Average         T:0.24550    C:0.17793    A:0.31757    G:0.25901

#47: Cattle         
position  1:    T:0.17568    C:0.17568    A:0.34459    G:0.30405
position  2:    T:0.23649    C:0.18243    A:0.38514    G:0.19595
position  3:    T:0.34459    C:0.16216    A:0.24324    G:0.25000
Average         T:0.25225    C:0.17342    A:0.32432    G:0.25000

#48: RoyalAntelope  
position  1:    T:0.17568    C:0.17568    A:0.34459    G:0.30405
position  2:    T:0.23649    C:0.18243    A:0.38514    G:0.19595
position  3:    T:0.33108    C:0.17568    A:0.25000    G:0.24324
Average         T:0.24775    C:0.17793    A:0.32658    G:0.24775

#49: Steenbok       
position  1:    T:0.17568    C:0.17568    A:0.34459    G:0.30405
position  2:    T:0.23649    C:0.18243    A:0.38514    G:0.19595
position  3:    T:0.34459    C:0.16216    A:0.25000    G:0.24324
Average         T:0.25225    C:0.17342    A:0.32658    G:0.24775

#50: Impala         
position  1:    T:0.17568    C:0.17568    A:0.34459    G:0.30405
position  2:    T:0.23649    C:0.18243    A:0.38514    G:0.19595
position  3:    T:0.31081    C:0.18919    A:0.22297    G:0.27703
Average         T:0.24099    C:0.18243    A:0.31757    G:0.25901

#51: Klipspringer   
position  1:    T:0.17568    C:0.17568    A:0.34459    G:0.30405
position  2:    T:0.23649    C:0.18243    A:0.38514    G:0.19595
