1
52 1
Argali 0.000000 0.336000 0.131300 0.428400 0.090500 0.000000 0.081900 0.075800 0.138000 0.167300 0.052200 0.094500 0.053700 0.064800 0.119800 0.115200 0.197400 0.173900 0.041400 0.142700 0.081100 0.041700 0.155600 0.179900 0.047000 0.109400 0.048200 0.162300 0.103600 0.126200 0.186500 0.086400 0.194600 0.047400 0.064500 0.115100 0.036100 0.102700 0.118100 0.150700 0.155400 0.103300 0.159100 0.208200 0.092700 0.096700 0.117500 0.112400 0.129100 0.101600 0.130400 0.125600
LesserMous 0.336000 0.000000 0.423200 0.442500 0.368300 0.335700 0.332400 0.343900 0.417700 0.337500 0.378800 0.350700 0.364900 0.340400 0.362700 0.402200 0.376200 0.365800 0.351000 0.430200 0.360400 0.363500 0.356100 0.355600 0.371600 0.394300 0.357100 0.434800 0.367100 0.408300 0.381600 0.359300 0.373600 0.340800 0.389300 0.392500 0.350800 0.362500 0.356300 0.353800 0.374800 0.393300 0.341600 0.389600 0.378300 0.378700 0.352300 0.373800 0.331700 0.321700 0.410000 0.386000
LesserKudu 0.131300 0.423200 0.000000 0.540600 0.154900 0.131200 0.117300 0.133800 0.045900 0.160100 0.131200 0.082000 0.123000 0.111000 0.131100 0.163200 0.189500 0.179800 0.137100 0.050700 0.127300 0.131800 0.187100 0.185600 0.125700 0.120800 0.117100 0.067400 0.151600 0.035600 0.179100 0.139400 0.213400 0.103500 0.116300 0.097100 0.125000 0.175000 0.165900 0.182300 0.200300 0.132300 0.152100 0.200500 0.086400 0.155400 0.170500 0.165800 0.179400 0.119300 0.061000 0.056500
KillerWhal 0.428400 0.442500 0.540600 0.000000 0.510600 0.427900 0.433800 0.427200 0.533800 0.442900 0.436400 0.425300 0.454000 0.422500 0.497400 0.501500 0.454900 0.433800 0.457200 0.536500 0.455900 0.426800 0.431300 0.449300 0.428500 0.506300 0.445000 0.553700 0.463000 0.512000 0.440000 0.453900 0.492800 0.455200 0.467900 0.472500 0.433400 0.504600 0.478400 0.427400 0.422100 0.494700 0.446800 0.488000 0.435800 0.498400 0.463000 0.500300 0.422200 0.425000 0.534900 0.517600
DefassaWat 0.090500 0.368300 0.154900 0.510600 0.000000 0.090400 0.093600 0.098400 0.174400 0.205700 0.095600 0.105800 0.098700 0.087600 0.130500 0.126500 0.208900 0.172800 0.090300 0.178900 0.092000 0.085200 0.207100 0.232800 0.090300 0.108800 0.093000 0.199600 0.115300 0.162000 0.225800 0.097900 0.213000 0.080100 0.092600 0.126500 0.084300 0.041100 0.118000 0.202500 0.206900 0.102800 0.196700 0.220300 0.115700 0.107700 0.116300 0.130000 0.153900 0.125900 0.178200 0.167700
Sheep 0.000000 0.335700 0.131200 0.427900 0.090400 0.000000 0.082200 0.075700 0.137900 0.167200 0.052200 0.094400 0.053600 0.065000 0.119700 0.115100 0.197200 0.173800 0.041400 0.142500 0.081000 0.041600 0.155400 0.179800 0.046900 0.109200 0.048100 0.162100 0.104000 0.126100 0.186300 0.086700 0.194400 0.047300 0.064400 0.115000 0.036000 0.102600 0.118500 0.150600 0.155200 0.103200 0.159000 0.208000 0.092600 0.096600 0.117300 0.112800 0.129600 0.102000 0.130200 0.125500
MaxwellsDu 0.081900 0.332400 0.117300 0.433800 0.093600 0.082200 0.000000 0.061000 0.124000 0.153400 0.082300 0.067700 0.072900 0.026400 0.082300 0.077500 0.156600 0.147200 0.076500 0.128900 0.043600 0.071100 0.154400 0.166200 0.076800 0.071700 0.067100 0.148600 0.071600 0.112100 0.172900 0.054600 0.174600 0.066000 0.072500 0.077300 0.087800 0.106200 0.092600 0.136500 0.167500 0.065800 0.145300 0.181700 0.066400 0.082300 0.103600 0.092400 0.102700 0.074500 0.128400 0.123700
GazellaPrz 0.075800 0.343900 0.133800 0.427200 0.098400 0.075700 0.061000 0.000000 0.140700 0.170600 0.064500 0.072600 0.078000 0.055100 0.110600 0.082500 0.174300 0.151600 0.075600 0.145400 0.060000 0.064800 0.158600 0.183400 0.059100 0.076700 0.072200 0.165500 0.077000 0.128600 0.176800 0.082800 0.177700 0.071000 0.077600 0.105300 0.069900 0.099300 0.097900 0.153700 0.158400 0.070900 0.162100 0.198600 0.094400 0.087300 0.091300 0.103700 0.120400 0.091900 0.144900 0.140200
MountainNy 0.138000 0.417700 0.045900 0.533800 0.174400 0.137900 0.124000 0.140700 0.000000 0.186400 0.137900 0.088400 0.142000 0.105800 0.126000 0.170500 0.190300 0.180600 0.143900 0.025000 0.134100 0.138600 0.214300 0.199400 0.132300 0.139500 0.135900 0.020200 0.158700 0.030500 0.206000 0.146400 0.208000 0.121700 0.135200 0.103400 0.143500 0.182500 0.173100 0.196200 0.228200 0.151200 0.177800 0.214300 0.092700 0.162500 0.177700 0.173000 0.174200 0.113900 0.035300 0.030600
MuntiacusM 0.167300 0.337500 0.160100 0.442900 0.205700 0.167200 0.153400 0.170600 0.186400 0.000000 0.154200 0.134500 0.133400 0.146600 0.167200 0.202100 0.182900 0.146100 0.166900 0.185000 0.157200 0.167900 0.066900 0.066500 0.148400 0.168800 0.140000 0.212800 0.182800 0.160800 0.038100 0.176600 0.194100 0.137600 0.171700 0.162000 0.186100 0.213800 0.191200 0.061800 0.078500 0.162100 0.016000 0.093600 0.138000 0.206600 0.188800 0.217700 0.206700 0.111100 0.177500 0.199200
goat 0.052200 0.378800 0.131200 0.436400 0.095600 0.052200 0.082300 0.064500 0.137900 0.154200 0.000000 0.082700 0.053600 0.065100 0.107500 0.091800 0.182600 0.173700 0.052100 0.142500 0.069700 0.031000 0.155200 0.179500 0.005000 0.097600 0.048200 0.162100 0.080800 0.126100 0.160100 0.104000 0.200400 0.047400 0.064400 0.115000 0.034800 0.108300 0.112900 0.150400 0.155000 0.091700 0.146200 0.207700 0.092700 0.096600 0.099800 0.101300 0.117500 0.114200 0.142000 0.149700
AfricanBuf 0.094500 0.350700 0.082000 0.425300 0.105800 0.094400 0.067700 0.072600 0.088400 0.134500 0.082700 0.000000 0.085200 0.050200 0.094400 0.101400 0.124700 0.141300 0.088500 0.081700 0.078300 0.083100 0.148300 0.160200 0.077200 0.095400 0.079300 0.112000 0.095800 0.076900 0.153600 0.078200 0.156000 0.077900 0.072900 0.065900 0.100000 0.118900 0.116900 0.130500 0.161400 0.089300 0.126700 0.162500 0.054800 0.106400 0.115700 0.111100 0.103800 0.063000 0.093000 0.099900
Topi 0.053700 0.364900 0.123000 0.454000 0.098700 0.053600 0.072900 0.078000 0.142000 0.133400 0.053600 0.085200 0.000000 0.055400 0.099300 0.106500 0.162300 0.139800 0.042500 0.146800 0.071700 0.031900 0.134200 0.145700 0.048300 0.077100 0.016200 0.167000 0.083300 0.117800 0.152300 0.095100 0.206700 0.026700 0.054800 0.106300 0.059000 0.111400 0.110100 0.142100 0.146900 0.071300 0.125700 0.174000 0.083600 0.099400 0.108800 0.092600 0.108700 0.080500 0.133900 0.141400
CommonDuik 0.064800 0.340400 0.111000 0.422500 0.087600 0.065000 0.026400 0.055100 0.105800 0.146600 0.065100 0.050200 0.055400 0.000000 0.065100 0.071500 0.136700 0.115500 0.059400 0.110600 0.038000 0.054100 0.147400 0.146400 0.059600 0.065800 0.049700 0.129800 0.065700 0.094100 0.165800 0.048900 0.167700 0.048900 0.055100 0.071400 0.070500 0.088400 0.086600 0.129700 0.160400 0.060000 0.138500 0.161800 0.060600 0.065100 0.086200 0.075200 0.084500 0.056600 0.110200 0.105500
Suni 0.119800 0.362700 0.131100 0.497400 0.130500 0.119700 0.082300 0.110600 0.126000 0.167200 0.107500 0.094400 0.099300 0.065100 0.000000 0.127100 0.156800 0.148400 0.102200 0.142500 0.092400 0.097000 0.194200 0.166800 0.102100 0.097700 0.105300 0.149900 0.121500 0.114400 0.186400 0.104100 0.187800 0.092100 0.110600 0.115100 0.124600 0.144300 0.130300 0.176500 0.207600 0.103300 0.159000 0.169100 0.116000 0.119800 0.116800 0.095600 0.105800 0.114200 0.130100 0.137600
Springbuck 0.115200 0.402200 0.163200 0.501500 0.126500 0.115100 0.077500 0.082500 0.170500 0.202100 0.091800 0.101400 0.106500 0.071500 0.127100 0.000000 0.185500 0.196000 0.103500 0.175100 0.064900 0.103900 0.189600 0.215100 0.097900 0.081400 0.100600 0.189200 0.058900 0.158100 0.222100 0.099300 0.209400 0.098900 0.105900 0.134300 0.120700 0.127700 0.102400 0.184900 0.196400 0.075600 0.193000 0.216300 0.123300 0.115300 0.112900 0.108200 0.143600 0.121700 0.174400 0.169900
Okapi 0.197400 0.376200 0.189500 0.454900 0.208900 0.197200 0.156600 0.174300 0.190300 0.182900 0.182600 0.124700 0.162300 0.136700 0.156800 0.185500 0.000000 0.129400 0.170500 0.202300 0.153700 0.171300 0.170000 0.155200 0.190100 0.172500 0.169300 0.217200 0.173100 0.190500 0.189200 0.172700 0.164300 0.179500 0.182000 0.165100 0.188900 0.212200 0.188500 0.165200 0.169100 0.178900 0.187500 0.170800 0.153600 0.197300 0.191700 0.181400 0.183500 0.126400 0.194100 0.189600
Giraffe 0.173900 0.365800 0.179800 0.433800 0.172800 0.173800 0.147200 0.151600 0.180600 0.146100 0.173700 0.141300 0.139800 0.115500 0.148400 0.196000 0.129400 0.000000 0.160600 0.192300 0.144500 0.148900 0.173300 0.146000 0.167900 0.143700 0.146400 0.206700 0.163500 0.180800 0.178500 0.170400 0.194000 0.143800 0.139600 0.155600 0.179600 0.161500 0.197800 0.168600 0.186700 0.149800 0.150900 0.174200 0.144300 0.173900 0.170000 0.184700 0.200400 0.111400 0.184400 0.179900
TibetanAnt 0.041400 0.351000 0.137100 0.457200 0.090300 0.041400 0.076500 0.075600 0.143900 0.166900 0.052100 0.088500 0.042500 0.059400 0.102200 0.103500 0.170500 0.160600 0.000000 0.148500 0.075300 0.031000 0.155200 0.166500 0.046900 0.091800 0.048100 0.168300 0.098100 0.132000 0.186000 0.098100 0.194000 0.047300 0.064300 0.109000 0.057300 0.102500 0.107000 0.150300 0.142400 0.086000 0.158700 0.188200 0.086900 0.090900 0.100200 0.095600 0.105600 0.096000 0.124300 0.143500
Sitatunga 0.142700 0.430200 0.050700 0.536500 0.178900 0.142500 0.128900 0.145400 0.025000 0.185000 0.142500 0.081700 0.146800 0.110600 0.142500 0.175100 0.202300 0.192300 0.148500 0.000000 0.138800 0.143200 0.212800 0.211300 0.137100 0.156400 0.140700 0.045600 0.163300 0.035400 0.204500 0.151000 0.206500 0.126400 0.127800 0.108200 0.148200 0.187000 0.177600 0.194700 0.226500 0.155900 0.176500 0.226200 0.097500 0.167100 0.182100 0.177400 0.178800 0.118800 0.040100 0.045900
Oribi 0.081100 0.360400 0.127300 0.455900 0.092000 0.081000 0.043600 0.060000 0.134100 0.157200 0.069700 0.078300 0.071700 0.038000 0.092400 0.064900 0.153700 0.144500 0.075300 0.138800 0.000000 0.070100 0.164600 0.189500 0.075600 0.059300 0.066100 0.158500 0.059500 0.122200 0.182700 0.076600 0.158900 0.064900 0.065700 0.099100 0.086400 0.092900 0.086000 0.159700 0.177600 0.053600 0.155100 0.204600 0.088300 0.081100 0.079400 0.080100 0.113600 0.085600 0.138300 0.133700
BarbaryShe 0.041700 0.363500 0.131800 0.426800 0.085200 0.041600 0.071100 0.064800 0.138600 0.167900 0.031000 0.083100 0.031900 0.054100 0.097000 0.103900 0.171300 0.148900 0.031000 0.143200 0.070100 0.000000 0.156100 0.167500 0.025900 0.086600 0.037400 0.162900 0.092800 0.126700 0.187100 0.092800 0.201500 0.036800 0.053600 0.103800 0.036200 0.097300 0.107500 0.151200 0.155900 0.080700 0.159600 0.195600 0.081600 0.085700 0.106300 0.090400 0.106000 0.102500 0.130700 0.138200
Daviddeer 0.155600 0.356100 0.187100 0.431300 0.207100 0.155400 0.154400 0.158600 0.214300 0.066900 0.155200 0.148300 0.134200 0.147400 0.194200 0.189600 0.170000 0.173300 0.155200 0.212800 0.164600 0.156100 0.000000 0.066800 0.149500 0.183000 0.140800 0.241700 0.170700 0.201100 0.072200 0.177600 0.195300 0.151000 0.166000 0.162900 0.174200 0.215200 0.192300 0.044800 0.032700 0.176200 0.071700 0.094100 0.138800 0.194400 0.190000 0.191900 0.222000 0.111800 0.204800 0.213700
Reindeer 0.179900 0.355600 0.185600 0.449300 0.232800 0.179800 0.166200 0.183400 0.199400 0.066500 0.179500 0.160200 0.145700 0.146400 0.166800 0.215100 0.155200 0.146000 0.166500 0.211300 0.189500 0.167500 0.066800 0.000000 0.173700 0.181400 0.165500 0.226100 0.195700 0.199700 0.072000 0.189500 0.200000 0.162600 0.191100 0.174600 0.198900 0.241400 0.204100 0.038600 0.078400 0.187700 0.071500 0.048000 0.150300 0.219800 0.201700 0.203500 0.220200 0.123500 0.190100 0.198800
Ibex 0.047000 0.371600 0.125700 0.428500 0.090300 0.046900 0.076800 0.059100 0.132300 0.148400 0.005000 0.077200 0.048300 0.059600 0.102100 0.097900 0.190100 0.167900 0.046900 0.137100 0.075600 0.025900 0.149500 0.173700 0.000000 0.092200 0.042800 0.156500 0.086900 0.120600 0.154400 0.098500 0.207900 0.042100 0.059100 0.109500 0.030800 0.102900 0.113200 0.144600 0.149200 0.086300 0.140600 0.201900 0.087200 0.091300 0.105900 0.107400 0.111900 0.108500 0.136600 0.144100
GyrantGaze 0.109400 0.394300 0.120800 0.506300 0.108800 0.109200 0.071700 0.076700 0.139500 0.168800 0.097600 0.095400 0.077100 0.065800 0.097700 0.081400 0.172500 0.143700 0.091800 0.156400 0.059300 0.086600 0.183000 0.181400 0.092200 0.000000 0.083000 0.164100 0.070400 0.127600 0.188200 0.093400 0.216300 0.081600 0.094200 0.122300 0.114800 0.109800 0.108200 0.178200 0.196300 0.020800 0.160400 0.183200 0.111400 0.109400 0.095700 0.102400 0.131200 0.103200 0.143600 0.139000
Hartebeest 0.048200 0.357100 0.117100 0.445000 0.093000 0.048100 0.067100 0.072200 0.135900 0.140000 0.048200 0.079300 0.016200 0.049700 0.105300 0.100600 0.169300 0.146400 0.048100 0.140700 0.066100 0.037400 0.140800 0.165500 0.042800 0.083000 0.000000 0.160800 0.077600 0.111800 0.159100 0.089300 0.200200 0.021200 0.049200 0.100400 0.053500 0.105100 0.104300 0.148800 0.153600 0.077100 0.132200 0.194200 0.077800 0.093700 0.126700 0.098500 0.115100 0.086700 0.140200 0.135500
Bongo 0.162300 0.434800 0.067400 0.553700 0.199600 0.162100 0.148600 0.165500 0.020200 0.212800 0.162100 0.112000 0.167000 0.129800 0.149900 0.189200 0.217200 0.206700 0.168300 0.045600 0.158500 0.162900 0.241700 0.226100 0.156500 0.164100 0.160800 0.000000 0.177100 0.051700 0.233100 0.171200 0.234500 0.145700 0.159900 0.114900 0.167900 0.195000 0.185300 0.223200 0.256000 0.176100 0.203600 0.240900 0.104100 0.174700 0.202600 0.198000 0.200300 0.138500 0.056300 0.051500
Gerenuk 0.103600 0.367100 0.151600 0.463000 0.115300 0.104000 0.071600 0.077000 0.158700 0.182800 0.080800 0.095800 0.083300 0.065700 0.121500 0.058900 0.173100 0.163500 0.098100 0.163300 0.059500 0.092800 0.170700 0.195700 0.086900 0.070400 0.077600 0.177100 0.000000 0.146400 0.202500 0.093300 0.190500 0.087800 0.094600 0.116700 0.109500 0.116300 0.090900 0.179100 0.183800 0.064600 0.174100 0.197300 0.105800 0.109800 0.107500 0.090900 0.143500 0.097100 0.162700 0.158200
CommonElan 0.126200 0.408300 0.035600 0.512000 0.162000 0.126100 0.112100 0.128600 0.030500 0.160800 0.126100 0.076900 0.117800 0.094100 0.114400 0.158100 0.190500 0.180800 0.132000 0.035400 0.122200 0.126700 0.201100 0.199700 0.120600 0.127600 0.111800 0.051700 0.146400 0.000000 0.179900 0.134200 0.201200 0.098300 0.123200 0.080600 0.131700 0.169900 0.160900 0.183100 0.214700 0.127200 0.152800 0.214700 0.081300 0.150300 0.153400 0.148600 0.148900 0.101900 0.034200 0.041000
MuntiacusR 0.186500 0.381600 0.179100 0.440000 0.225800 0.186300 0.172900 0.176800 0.206000 0.038100 0.160100 0.153600 0.152300 0.165800 0.186400 0.222100 0.189200 0.178500 0.186000 0.204500 0.182700 0.187100 0.072200 0.072000 0.154400 0.188200 0.159100 0.233100 0.202500 0.179900 0.000000 0.196300 0.206800 0.156300 0.183900 0.181200 0.192300 0.234200 0.210900 0.067500 0.083900 0.181300 0.041900 0.099200 0.156800 0.226800 0.201800 0.237900 0.227400 0.129900 0.196700 0.219100
HarveysDui 0.086400 0.359300 0.139400 0.453900 0.097900 0.086700 0.054600 0.082800 0.146400 0.176600 0.104000 0.078200 0.095100 0.048900 0.104100 0.099300 0.172700 0.170400 0.098100 0.151000 0.076600 0.092800 0.177600 0.189500 0.098500 0.093400 0.089300 0.171200 0.093300 0.134200 0.196300 0.000000 0.210700 0.087700 0.094600 0.099200 0.097800 0.110500 0.113900 0.159700 0.176900 0.087500 0.168100 0.191300 0.088400 0.092500 0.125000 0.108300 0.125200 0.097200 0.138400 0.133600
Pronghorn 0.194600 0.373600 0.213400 0.492800 0.213000 0.194400 0.174600 0.177700 0.208000 0.194100 0.200400 0.156000 0.206700 0.167700 0.187800 0.209400 0.164300 0.194000 0.194000 0.206500 0.158900 0.201500 0.195300 0.200000 0.207900 0.216300 0.200200 0.234500 0.190500 0.201200 0.206800 0.210700 0.000000 0.196900 0.212700 0.195300 0.200400 0.215000 0.205500 0.197000 0.195100 0.209300 0.191600 0.215000 0.184100 0.200400 0.196600 0.211100 0.228200 0.145300 0.204800 0.213500
BlueWildeb 0.047400 0.340800 0.103500 0.455200 0.080100 0.047300 0.066000 0.071000 0.121700 0.137600 0.047400 0.077900 0.026700 0.048900 0.092100 0.098900 0.179500 0.143800 0.047300 0.126400 0.064900 0.036800 0.151000 0.162600 0.042100 0.081600 0.021200 0.145700 0.087800 0.098300 0.156300 0.087700 0.196900 0.000000 0.048400 0.098700 0.052700 0.091800 0.079900 0.146100 0.163800 0.075800 0.129900 0.190900 0.076500 0.092100 0.124600 0.096800 0.125200 0.097200 0.126000 0.121300
Gemsbok 0.064500 0.389300 0.116300 0.467900 0.092600 0.064400 0.072500 0.077600 0.135200 0.171700 0.064400 0.072900 0.054800 0.055100 0.110600 0.105900 0.182000 0.139600 0.064300 0.127800 0.065700 0.053600 0.166000 0.191100 0.059100 0.094200 0.049200 0.159900 0.094600 0.123200 0.183900 0.094600 0.212700 0.048400 0.000000 0.105700 0.069800 0.093400 0.121200 0.161000 0.179100 0.088200 0.163200 0.220100 0.094800 0.098900 0.114300 0.103700 0.132800 0.104500 0.139500 0.134800
Yak 0.115100 0.392500 0.097100 0.472500 0.126500 0.115000 0.077300 0.105300 0.103400 0.162000 0.115000 0.065900 0.106300 0.071400 0.115100 0.134300 0.165100 0.155600 0.109000 0.108200 0.099100 0.103800 0.162900 0.174600 0.109500 0.122300 0.100400 0.114900 0.116700 0.080600 0.181200 0.099200 0.195300 0.098700 0.105700 0.000000 0.120600 0.139500 0.149400 0.145300 0.175800 0.116100 0.153800 0.176800 0.021000 0.126900 0.148100 0.125500 0.137400 0.078700 0.107800 0.103100
BlueSheep 0.036100 0.350800 0.125000 0.433400 0.084300 0.036000 0.087800 0.069900 0.143500 0.186100 0.034800 0.100000 0.059000 0.070500 0.124600 0.120700 0.188900 0.179600 0.057300 0.148200 0.086400 0.036200 0.174200 0.198900 0.030800 0.114800 0.053500 0.167900 0.109500 0.131700 0.192300 0.097800 0.200400 0.052700 0.069800 0.120600 0.000000 0.096700 0.112500 0.169300 0.173900 0.108800 0.177500 0.227400 0.098200 0.102000 0.116600 0.118200 0.135400 0.119900 0.147700 0.131100
BohorReedb 0.102700 0.362500 0.175000 0.504600 0.041100 0.102600 0.106200 0.099300 0.182500 0.213800 0.108300 0.118900 0.111400 0.088400 0.144300 0.127700 0.212200 0.161500 0.102500 0.187000 0.092900 0.097300 0.215200 0.241400 0.102900 0.109800 0.105100 0.195000 0.116300 0.169900 0.234200 0.110500 0.215000 0.091800 0.093400 0.139500 0.096700 0.000000 0.119100 0.210700 0.215000 0.103700 0.204600 0.242100 0.128500 0.108700 0.106400 0.131200 0.155500 0.127100 0.186300 0.175700
KirksDik 0.118100 0.356300 0.165900 0.478400 0.118000 0.118500 0.092600 0.097900 0.173100 0.191200 0.112900 0.116900 0.110100 0.086600 0.130300 0.102400 0.188500 0.197800 0.107000 0.177600 0.086000 0.107500 0.192300 0.204100 0.113200 0.108200 0.104300 0.185300 0.090900 0.160900 0.210900 0.113900 0.205500 0.079900 0.121200 0.149400 0.112500 0.119100 0.000000 0.187600 0.199000 0.102200 0.182600 0.205500 0.126600 0.107100 0.122100 0.128500 0.134100 0.137200 0.177000 0.172500
RoeDeer 0.150700 0.353800 0.182300 0.427400 0.202500 0.150600 0.136500 0.153700 0.196200 0.061800 0.150400 0.130500 0.142100 0.129700 0.176500 0.184900 0.165200 0.168600 0.150300 0.194700 0.159700 0.151200 0.044800 0.038600 0.144600 0.178200 0.148800 0.223200 0.179100 0.183100 0.067500 0.159700 0.197000 0.146100 0.161000 0.145300 0.169300 0.210700 0.187600 0.000000 0.056400 0.171400 0.066900 0.077300 0.121400 0.189700 0.192700 0.181300 0.203300 0.106700 0.187000 0.195600
WhiteLippe 0.155400 0.374800 0.200300 0.422100 0.206900 0.155200 0.167500 0.158400 0.228200 0.078500 0.155000 0.161400 0.146900 0.160400 0.207600 0.196400 0.169100 0.186700 0.142400 0.226500 0.177600 0.155900 0.032700 0.078400 0.149200 0.196300 0.153600 0.256000 0.183800 0.214700 0.083900 0.176900 0.195100 0.163800 0.179100 0.175800 0.173900 0.215000 0.199000 0.056400 0.000000 0.189300 0.083200 0.105800 0.151400 0.194200 0.189800 0.205100 0.214900 0.124400 0.218200 0.227500
ThomsonGaz 0.103300 0.393300 0.132300 0.494700 0.102800 0.103200 0.065800 0.070900 0.151200 0.162100 0.091700 0.089300 0.071300 0.060000 0.103300 0.075600 0.178900 0.149800 0.086000 0.155900 0.053600 0.080700 0.176200 0.187700 0.086300 0.020800 0.077100 0.176100 0.064600 0.127200 0.181300 0.087500 0.209300 0.075800 0.088200 0.116100 0.108800 0.103700 0.102200 0.171400 0.189300 0.000000 0.153900 0.189500 0.105300 0.103400 0.089900 0.096500 0.124800 0.096900 0.143100 0.150700
MuntiacusC 0.159100 0.341600 0.152100 0.446800 0.196700 0.159000 0.145300 0.162100 0.177800 0.016000 0.146200 0.126700 0.125700 0.138500 0.159000 0.193000 0.187500 0.150900 0.158700 0.176500 0.155100 0.159600 0.071700 0.071500 0.140600 0.160400 0.132200 0.203600 0.174100 0.152800 0.041900 0.168100 0.191600 0.129900 0.163200 0.153800 0.177500 0.204600 0.182600 0.066900 0.083200 0.153900 0.000000 0.098500 0.130300 0.197600 0.180300 0.208400 0.197300 0.116100 0.169200 0.190300
WhiteTaile 0.208200 0.389600 0.200500 0.488000 0.220300 0.208000 0.181700 0.198600 0.214300 0.093600 0.207700 0.162500 0.174000 0.161800 0.169100 0.216300 0.170800 0.174200 0.188200 0.226200 0.204600 0.195600 0.094100 0.048000 0.201900 0.183200 0.194200 0.240900 0.197300 0.214700 0.099200 0.191300 0.215000 0.190900 0.220100 0.176800 0.227400 0.242100 0.205500 0.077300 0.105800 0.189500 0.098500 0.000000 0.165500 0.220900 0.203300 0.225300 0.235400 0.139200 0.204900 0.213700
Cattle 0.092700 0.378300 0.086400 0.435800 0.115700 0.092600 0.066400 0.094400 0.092700 0.138000 0.092700 0.054800 0.083600 0.060600 0.116000 0.123300 0.153600 0.144300 0.086900 0.097500 0.088300 0.081600 0.138800 0.150300 0.087200 0.111400 0.077800 0.104100 0.105800 0.081300 0.156800 0.088400 0.184100 0.076500 0.094800 0.021000 0.098200 0.128500 0.126600 0.121400 0.151400 0.105300 0.130300 0.165500 0.000000 0.116100 0.149300 0.126500 0.138600 0.067700 0.097200 0.092400
RoyalAntel 0.096700 0.378700 0.155400 0.498400 0.107700 0.096600 0.082300 0.087300 0.162500 0.206600 0.096600 0.106400 0.099400 0.065100 0.119800 0.115300 0.197300 0.173900 0.090900 0.167100 0.081100 0.085700 0.194400 0.219800 0.091300 0.109400 0.093700 0.174700 0.109800 0.150300 0.226800 0.092500 0.200400 0.092100 0.098900 0.126900 0.102000 0.108700 0.107100 0.189700 0.194200 0.103400 0.197600 0.220900 0.116100 0.000000 0.117400 0.107000 0.117700 0.102000 0.154300 0.162000
Steenbok 0.117500 0.352300 0.170500 0.463000 0.116300 0.117300 0.103600 0.091300 0.177700 0.188800 0.099800 0.115700 0.108800 0.086200 0.116800 0.112900 0.191700 0.170000 0.100200 0.182100 0.079400 0.106300 0.190000 0.201700 0.105900 0.095700 0.126700 0.202600 0.107500 0.153400 0.201800 0.125000 0.196600 0.124600 0.114300 0.148100 0.116600 0.106400 0.122100 0.192700 0.189800 0.089900 0.180300 0.203300 0.149300 0.117400 0.000000 0.088200 0.115100 0.123900 0.157100 0.189800
Impala 0.112400 0.373800 0.165800 0.500300 0.130000 0.112800 0.092400 0.103700 0.173000 0.217700 0.101300 0.111100 0.092600 0.075200 0.095600 0.108200 0.181400 0.184700 0.095600 0.177400 0.080100 0.090400 0.191900 0.203500 0.107400 0.102400 0.098500 0.198000 0.090900 0.148600 0.237900 0.108300 0.211100 0.096800 0.103700 0.125500 0.118200 0.131200 0.128500 0.181300 0.205100 0.096500 0.208400 0.225300 0.126500 0.107000 0.088200 0.000000 0.127700 0.124400 0.164400 0.172400
Klipspring 0.129100 0.331700 0.179400 0.422200 0.153900 0.129600 0.102700 0.120400 0.174200 0.206700 0.117500 0.103800 0.108700 0.084500 0.105800 0.143600 0.183500 0.200400 0.105600 0.178800 0.113600 0.106000 0.222000 0.220200 0.111900 0.131200 0.115100 0.200300 0.143500 0.148900 0.227400 0.125200 0.228200 0.125200 0.132800 0.137400 0.135400 0.155500 0.134100 0.203300 0.214900 0.124800 0.197300 0.235400 0.138600 0.117700 0.115100 0.127700 0.000000 0.123900 0.165300 0.186800
ForestMusk 0.101600 0.321700 0.119300 0.425000 0.125900 0.102000 0.074500 0.091900 0.113900 0.111100 0.114200 0.063000 0.080500 0.056600 0.114200 0.121700 0.126400 0.111400 0.096000 0.118800 0.085600 0.102500 0.111800 0.123500 0.108500 0.103200 0.086700 0.138500 0.097100 0.101900 0.129900 0.097200 0.145300 0.097200 0.104500 0.078700 0.119900 0.127100 0.137200 0.106700 0.124400 0.096900 0.116100 0.139200 0.067700 0.102000 0.123900 0.124400 0.123900 0.000000 0.106400 0.113500
Bushbuck 0.130400 0.410000 0.061000 0.534900 0.178200 0.130200 0.128400 0.144900 0.035300 0.177500 0.142000 0.093000 0.133900 0.110200 0.130100 0.174400 0.194100 0.184400 0.124300 0.040100 0.138300 0.130700 0.204800 0.190100 0.136600 0.143600 0.140200 0.056300 0.162700 0.034200 0.196700 0.138400 0.204800 0.126000 0.139500 0.107800 0.147700 0.186300 0.177000 0.187000 0.218200 0.143100 0.169200 0.204900 0.097200 0.154300 0.157100 0.164400 0.165300 0.106400 0.000000 0.045700
GreaterKud 0.125600 0.386000 0.056500 0.517600 0.167700 0.125500 0.123700 0.140200 0.030600 0.199200 0.149700 0.099900 0.141400 0.105500 0.137600 0.169900 0.189600 0.179900 0.143500 0.045900 0.133700 0.138200 0.213700 0.198800 0.144100 0.139000 0.135500 0.051500 0.158200 0.041000 0.219100 0.133600 0.213500 0.121300 0.134800 0.103100 0.131100 0.175700 0.172500 0.195600 0.227500 0.150700 0.190300 0.213700 0.092400 0.162000 0.189800 0.172400 0.186800 0.113500 0.045700 0.000000
