CODONML (in paml version 4.10.7, June 2023)  /home/rachel/ruminants_paml/6406-phy-tree/ENSBTAT00000021315.fasta.phy
Model: free dN/dS Ratios for branches,  kappa = 2.000 fixed

Codon frequency model: F3x4
ns =  54  ls =  29

Codon usage in sequences
--------------------------------------------------------------------------------------------------------------------------------------
Phe TTT   1   0   1   1   1   1 | Ser TCT   0   0   0   0   0   0 | Tyr TAT   1   1   1   1   1   0 | Cys TGT   0   0   0   0   0   1
    TTC   0   1   0   0   0   0 |     TCC   0   1   0   0   0   0 |     TAC   1   0   1   1   0   0 |     TGC   0   0   0   0   0   0
Leu TTA   1   0   0   0   0   0 |     TCA   1   0   2   2   1   2 | *** TAA   0   0   0   0   0   0 | *** TGA   0   0   0   0   0   0
    TTG   2   1   2   2   1   2 |     TCG   0   0   0   0   0   0 |     TAG   0   0   0   0   0   0 | Trp TGG   0   0   0   0   0   0
--------------------------------------------------------------------------------------------------------------------------------------
Leu CTT   0   0   0   0   0   0 | Pro CCT   1   1   1   1   1   1 | His CAT   0   0   0   0   0   0 | Arg CGT   0   0   0   0   0   0
    CTC   0   0   0   0   0   0 |     CCC   0   0   0   0   0   0 |     CAC   0   0   0   0   0   0 |     CGC   0   0   0   0   0   0
    CTA   0   0   0   0   0   0 |     CCA   0   1   0   0   0   0 | Gln CAA   0   0   0   0   0   0 |     CGA   0   0   0   0   0   0
    CTG   0   1   0   0   1   0 |     CCG   0   0   0   0   0   0 |     CAG   1   1   1   1   1   1 |     CGG   0   0   0   0   0   0
--------------------------------------------------------------------------------------------------------------------------------------
Ile ATT   0   0   0   0   0   1 | Thr ACT   0   0   0   0   1   0 | Asn AAT   0   0   0   0   0   0 | Ser AGT   1   1   1   1   0   0
    ATC   0   0   0   0   0   0 |     ACC   0   0   0   0   0   0 |     AAC   0   0   0   0   0   0 |     AGC   1   1   1   1   2   1
    ATA   2   2   2   2   3   2 |     ACA   2   2   2   2   1   2 | Lys AAA   0   1   0   0   0   0 | Arg AGA   0   0   0   0   0   0
Met ATG   0   0   0   0   0   0 |     ACG   0   0   0   0   0   0 |     AAG   3   3   3   3   3   2 |     AGG   0   0   0   0   0   1
--------------------------------------------------------------------------------------------------------------------------------------
Val GTT   1   0   1   1   1   1 | Ala GCT   1   1   1   1   0   0 | Asp GAT   2   2   2   2   3   2 | Gly GGT   1   1   1   1   1   1
    GTC   0   0   0   0   0   0 |     GCC   0   0   0   0   0   0 |     GAC   0   1   0   0   1   1 |     GGC   0   0   0   0   0   0
    GTA   1   1   1   1   0   1 |     GCA   0   0   0   0   2   1 | Glu GAA   2   2   2   2   2   3 |     GGA   0   0   0   0   0   0
    GTG   0   1   0   0   0   0 |     GCG   0   0   0   0   0   0 |     GAG   3   2   3   3   2   2 |     GGG   0   0   0   0   0   0
--------------------------------------------------------------------------------------------------------------------------------------

--------------------------------------------------------------------------------------------------------------------------------------
Phe TTT   1   1   1   1   1   1 | Ser TCT   0   0   0   0   0   0 | Tyr TAT   1   1   1   1   1   1 | Cys TGT   0   0   0   0   0   0
    TTC   0   0   0   0   0   0 |     TCC   0   0   0   0   0   0 |     TAC   1   1   1   1   1   1 |     TGC   0   0   0   0   0   0
Leu TTA   0   0   0   0   1   0 |     TCA   2   2   2   2   1   2 | *** TAA   0   0   0   0   0   0 | *** TGA   0   0   0   0   0   0
    TTG   2   2   2   2   2   2 |     TCG   0   0   0   0   0   0 |     TAG   0   0   0   0   0   0 | Trp TGG   0   0   0   0   0   0
--------------------------------------------------------------------------------------------------------------------------------------
Leu CTT   0   0   0   0   0   0 | Pro CCT   1   1   1   1   1   1 | His CAT   0   0   0   0   0   0 | Arg CGT   0   0   0   0   0   0
    CTC   0   0   0   0   0   0 |     CCC   0   0   0   0   0   0 |     CAC   0   0   0   0   0   0 |     CGC   0   0   0   0   0   0
    CTA   0   0   0   0   0   0 |     CCA   0   0   0   0   0   0 | Gln CAA   0   0   0   0   0   0 |     CGA   0   0   0   0   0   0
    CTG   0   0   0   0   0   0 |     CCG   0   0   0   0   0   0 |     CAG   1   1   1   1   1   1 |     CGG   0   0   0   0   0   0
--------------------------------------------------------------------------------------------------------------------------------------
Ile ATT   0   0   0   0   0   0 | Thr ACT   0   0   0   0   0   0 | Asn AAT   0   0   0   0   0   0 | Ser AGT   0   1   1   1   1   1
    ATC   0   0   0   0   0   0 |     ACC   0   0   0   0   0   0 |     AAC   0   0   0   0   0   0 |     AGC   2   1   1   1   1   1
    ATA   2   2   2   2   2   2 |     ACA   2   2   2   2   2   2 | Lys AAA   0   0   0   0   0   0 | Arg AGA   0   0   0   0   0   0
Met ATG   0   0   0   0   0   0 |     ACG   0   0   0   0   0   0 |     AAG   3   3   3   3   3   3 |     AGG   0   0   0   0   0   0
--------------------------------------------------------------------------------------------------------------------------------------
Val GTT   1   1   1   1   1   1 | Ala GCT   1   1   1   1   1   1 | Asp GAT   2   2   2   2   2   2 | Gly GGT   1   1   1   1   1   1
    GTC   0   0   0   0   0   0 |     GCC   0   0   0   0   0   0 |     GAC   0   0   0   0   0   0 |     GGC   0   0   0   0   0   0
    GTA   1   1   1   1   1   0 |     GCA   0   0   0   0   0   0 | Glu GAA   2   2   2   2   2   2 |     GGA   0   0   0   0   0   0
    GTG   0   0   0   0   0   1 |     GCG   0   0   0   0   0   0 |     GAG   3   3   3   3   3   3 |     GGG   0   0   0   0   0   0
--------------------------------------------------------------------------------------------------------------------------------------

--------------------------------------------------------------------------------------------------------------------------------------
Phe TTT   1   1   1   1   1   1 | Ser TCT   0   0   0   0   0   0 | Tyr TAT   1   0   1   1   1   1 | Cys TGT   0   1   0   0   0   0
    TTC   0   0   0   0   0   0 |     TCC   0   0   0   0   0   0 |     TAC   1   1   1   1   1   1 |     TGC   0   0   0   0   0   0
Leu TTA   0   0   0   0   0   0 |     TCA   2   2   2   2   2   2 | *** TAA   0   0   0   0   0   0 | *** TGA   0   0   0   0   0   0
    TTG   2   2   2   2   2   2 |     TCG   0   0   0   0   0   0 |     TAG   0   0   0   0   0   0 | Trp TGG   0   0   0   0   0   0
--------------------------------------------------------------------------------------------------------------------------------------
Leu CTT   0   0   0   0   0   0 | Pro CCT   1   1   1   1   1   1 | His CAT   0   0   0   0   0   0 | Arg CGT   0   0   0   0   0   0
    CTC   0   0   0   0   0   0 |     CCC   0   0   0   0   0   0 |     CAC   0   0   0   0   0   0 |     CGC   0   0   0   0   0   0
    CTA   0   0   0   0   0   0 |     CCA   0   0   0   0   0   0 | Gln CAA   0   0   0   0   0   0 |     CGA   0   0   0   0   0   0
    CTG   0   0   0   0   0   0 |     CCG   0   0   0   0   0   0 |     CAG   1   1   1   1   1   1 |     CGG   0   0   0   0   0   0
--------------------------------------------------------------------------------------------------------------------------------------
Ile ATT   0   0   0   0   0   0 | Thr ACT   0   0   0   0   0   0 | Asn AAT   0   0   0   0   0   0 | Ser AGT   1   1   1   1   1   0
    ATC   0   0   0   0   0   0 |     ACC   0   0   0   0   0   0 |     AAC   0   0   0   0   0   0 |     AGC   1   1   1   1   1   2
    ATA   2   2   2   2   2   2 |     ACA   2   2   2   2   2   2 | Lys AAA   0   0   0   0   0   0 | Arg AGA   0   0   0   0   0   0
Met ATG   0   0   0   0   0   0 |     ACG   0   0   0   0   0   0 |     AAG   3   3   3   3   3   3 |     AGG   0   0   0   0   0   0
--------------------------------------------------------------------------------------------------------------------------------------
Val GTT   1   1   1   1   1   1 | Ala GCT   1   1   1   1   1   1 | Asp GAT   2   2   1   2   2   2 | Gly GGT   1   1   2   1   1   1
    GTC   0   0   0   0   0   0 |     GCC   0   0   0   0   0   0 |     GAC   0   0   0   0   0   0 |     GGC   0   0   0   0   0   0
    GTA   1   1   1   1   1   1 |     GCA   0   0   0   0   0   0 | Glu GAA   2   2   2   2   2   2 |     GGA   0   0   0   0   0   0
    GTG   0   0   0   0   0   0 |     GCG   0   0   0   0   0   0 |     GAG   3   3   3   3   3   3 |     GGG   0   0   0   0   0   0
--------------------------------------------------------------------------------------------------------------------------------------

--------------------------------------------------------------------------------------------------------------------------------------
Phe TTT   1   0   1   1   1   1 | Ser TCT   0   0   0   0   0   0 | Tyr TAT   1   1   1   1   1   1 | Cys TGT   0   0   0   0   0   0
    TTC   0   0   0   0   0   0 |     TCC   0   0   0   0   0   0 |     TAC   1   1   1   1   1   1 |     TGC   0   0   0   0   0   0
Leu TTA   0   0   0   0   0   0 |     TCA   2   2   2   2   2   2 | *** TAA   0   0   0   0   0   0 | *** TGA   0   0   0   0   0   0
    TTG   2   2   1   2   2   2 |     TCG   0   0   0   0   0   0 |     TAG   0   0   0   0   0   0 | Trp TGG   0   0   0   0   0   0
--------------------------------------------------------------------------------------------------------------------------------------
Leu CTT   0   1   0   0   0   0 | Pro CCT   1   1   1   1   1   1 | His CAT   0   0   0   0   0   0 | Arg CGT   0   0   0   0   0   0
    CTC   0   0   0   0   0   0 |     CCC   0   0   0   0   0   0 |     CAC   0   0   0   0   0   0 |     CGC   0   0   0   0   0   0
    CTA   0   0   0   0   0   0 |     CCA   0   0   0   0   0   0 | Gln CAA   0   0   0   0   0   0 |     CGA   0   0   0   0   0   0
    CTG   0   0   1   0   0   0 |     CCG   0   0   0   0   0   0 |     CAG   1   1   1   1   1   1 |     CGG   0   0   0   0   0   0
--------------------------------------------------------------------------------------------------------------------------------------
Ile ATT   1   1   0   0   0   0 | Thr ACT   0   0   0   0   0   0 | Asn AAT   0   0   0   0   0   0 | Ser AGT   1   1   1   1   1   1
    ATC   0   0   0   0   0   0 |     ACC   0   0   0   0   0   0 |     AAC   0   0   0   0   0   0 |     AGC   0   0   1   1   1   1
    ATA   2   2   2   2   2   2 |     ACA   2   2   2   2   2   2 | Lys AAA   0   0   0   0   0   0 | Arg AGA   1   1   0   0   0   0
Met ATG   0   0   0   0   0   0 |     ACG   0   0   0   0   0   0 |     AAG   3   3   3   3   3   3 |     AGG   0   0   0   0   0   0
--------------------------------------------------------------------------------------------------------------------------------------
Val GTT   0   0   1   1   1   1 | Ala GCT   1   1   1   1   1   1 | Asp GAT   2   2   2   2   2   2 | Gly GGT   1   1   1   1   1   1
    GTC   0   0   0   0   0   0 |     GCC   0   0   0   0   0   0 |     GAC   0   0   0   0   0   0 |     GGC   0   0   0   0   0   0
    GTA   0   1   1   1   1   1 |     GCA   0   0   0   0   0   0 | Glu GAA   2   2   1   2   2   2 |     GGA   0   0   1   0   0   0
    GTG   1   0   0   0   0   0 |     GCG   0   0   0   0   0   0 |     GAG   3   3   3   3   3   3 |     GGG   0   0   0   0   0   0
--------------------------------------------------------------------------------------------------------------------------------------

--------------------------------------------------------------------------------------------------------------------------------------
Phe TTT   1   1   1   1   1   1 | Ser TCT   1   0   0   0   0   0 | Tyr TAT   1   1   1   1   1   1 | Cys TGT   0   0   0   0   0   0
    TTC   0   0   0   0   0   0 |     TCC   0   0   0   0   0   0 |     TAC   1   1   1   1   1   1 |     TGC   0   0   0   0   0   0
Leu TTA   0   0   0   1   0   0 |     TCA   1   2   2   2   2   2 | *** TAA   0   0   0   0   0   0 | *** TGA   0   0   0   0   0   0
    TTG   2   2   2   1   2   2 |     TCG   0   0   0   0   0   0 |     TAG   0   0   0   0   0   0 | Trp TGG   0   0   0   0   0   0
--------------------------------------------------------------------------------------------------------------------------------------
Leu CTT   0   0   0   0   0   0 | Pro CCT   1   1   1   1   1   1 | His CAT   0   0   0   0   0   0 | Arg CGT   0   0   0   0   0   0
    CTC   0   0   0   0   0   0 |     CCC   0   0   0   0   0   0 |     CAC   0   0   0   0   0   0 |     CGC   0   0   0   0   0   0
    CTA   0   0   0   0   0   0 |     CCA   0   0   0   0   0   0 | Gln CAA   0   0   0   0   0   0 |     CGA   0   0   0   0   0   0
    CTG   0   0   0   0   0   0 |     CCG   0   0   0   0   0   0 |     CAG   1   1   1   1   1   1 |     CGG   0   0   0   0   0   0
--------------------------------------------------------------------------------------------------------------------------------------
Ile ATT   0   0   0   0   0   0 | Thr ACT   0   0   0   0   0   0 | Asn AAT   0   0   0   0   0   0 | Ser AGT   1   1   1   1   1   1
    ATC   0   0   0   0   0   0 |     ACC   0   0   0   0   0   0 |     AAC   0   0   0   0   0   0 |     AGC   1   1   1   1   1   1
    ATA   2   2   2   2   2   2 |     ACA   2   2   2   2   2   2 | Lys AAA   0   0   0   0   0   0 | Arg AGA   0   0   0   0   0   0
Met ATG   0   0   0   0   0   0 |     ACG   0   0   0   0   0   0 |     AAG   3   3   3   3   3   3 |     AGG   0   0   0   0   0   0
--------------------------------------------------------------------------------------------------------------------------------------
Val GTT   1   1   1   1   1   1 | Ala GCT   1   1   1   1   1   1 | Asp GAT   2   2   2   2   1   2 | Gly GGT   1   1   1   1   2   1
    GTC   0   0   0   0   0   0 |     GCC   0   0   0   0   0   0 |     GAC   0   0   0   0   0   0 |     GGC   0   0   0   0   0   0
    GTA   0   0   1   1   1   1 |     GCA   0   0   0   0   0   0 | Glu GAA   2   2   2   2   2   2 |     GGA   0   0   0   0   0   0
    GTG   1   1   0   0   0   0 |     GCG   0   0   0   0   0   0 |     GAG   2   3   3   3   3   3 |     GGG   1   0   0   0   0   0
--------------------------------------------------------------------------------------------------------------------------------------

--------------------------------------------------------------------------------------------------------------------------------------
Phe TTT   1   1   1   1   1   1 | Ser TCT   0   0   0   0   0   0 | Tyr TAT   1   1   1   1   1   1 | Cys TGT   0   0   0   0   0   0
    TTC   0   0   0   0   0   0 |     TCC   0   0   0   0   0   0 |     TAC   1   1   1   1   1   1 |     TGC   0   0   0   0   0   0
Leu TTA   0   0   0   0   0   0 |     TCA   2   2   2   2   2   2 | *** TAA   0   0   0   0   0   0 | *** TGA   0   0   0   0   0   0
    TTG   2   2   2   2   1   2 |     TCG   0   0   0   0   0   0 |     TAG   0   0   0   0   0   0 | Trp TGG   0   0   0   0   0   0
--------------------------------------------------------------------------------------------------------------------------------------
Leu CTT   0   0   0   0   0   0 | Pro CCT   1   1   1   1   1   1 | His CAT   0   0   0   0   0   0 | Arg CGT   0   0   0   0   0   0
    CTC   0   0   0   0   0   0 |     CCC   0   0   0   0   0   0 |     CAC   0   0   0   0   0   0 |     CGC   0   0   0   0   0   0
    CTA   0   0   0   0   0   0 |     CCA   0   0   0   0   0   0 | Gln CAA   0   0   0   0   0   0 |     CGA   0   0   0   0   0   0
    CTG   0   0   0   0   1   0 |     CCG   0   0   0   0   0   0 |     CAG   1   1   1   1   1   1 |     CGG   0   0   0   0   0   0
--------------------------------------------------------------------------------------------------------------------------------------
Ile ATT   0   0   0   0   0   0 | Thr ACT   0   0   0   0   0   0 | Asn AAT   0   0   0   0   0   0 | Ser AGT   1   1   1   1   1   1
    ATC   0   0   0   0   0   0 |     ACC   0   0   0   0   0   0 |     AAC   0   0   0   0   0   0 |     AGC   1   1   1   1   1   1
    ATA   2   2   2   2   2   2 |     ACA   2   2   2   2   2   2 | Lys AAA   0   0   0   0   0   0 | Arg AGA   0   0   0   0   0   0
Met ATG   0   0   0   0   0   0 |     ACG   0   0   0   0   0   0 |     AAG   3   3   3   3   3   3 |     AGG   0   0   0   0   0   0
--------------------------------------------------------------------------------------------------------------------------------------
Val GTT   1   1   1   1   1   1 | Ala GCT   1   1   1   1   1   1 | Asp GAT   2   2   2   2   2   2 | Gly GGT   1   1   1   1   1   1
    GTC   0   0   0   0   0   0 |     GCC   0   0   0   0   0   0 |     GAC   0   0   0   0   0   0 |     GGC   0   0   0   0   0   0
    GTA   1   1   0   1   1   1 |     GCA   0   0   0   0   0   0 | Glu GAA   2   2   2   2   2   2 |     GGA   0   0   0   0   0   0
    GTG   0   0   1   0   0   0 |     GCG   0   0   0   0   0   0 |     GAG   3   3   3   3   3   3 |     GGG   0   0   0   0   0   0
--------------------------------------------------------------------------------------------------------------------------------------

--------------------------------------------------------------------------------------------------------------------------------------
Phe TTT   1   1   1   1   1   1 | Ser TCT   0   0   0   0   0   0 | Tyr TAT   1   1   1   1   1   1 | Cys TGT   0   0   0   0   0   0
    TTC   0   0   0   0   0   0 |     TCC   0   0   0   0   0   0 |     TAC   1   1   0   1   1   1 |     TGC   0   0   0   0   0   0
Leu TTA   0   0   0   0   0   0 |     TCA   2   2   2   2   2   2 | *** TAA   0   0   0   0   0   0 | *** TGA   0   0   0   0   0   0
    TTG   2   1   2   2   2   2 |     TCG   0   0   0   0   0   0 |     TAG   0   0   0   0   0   0 | Trp TGG   0   0   0   0   0   0
--------------------------------------------------------------------------------------------------------------------------------------
Leu CTT   0   0   0   0   0   0 | Pro CCT   1   1   1   1   1   1 | His CAT   0   0   0   0   0   0 | Arg CGT   0   0   0   0   0   0
    CTC   0   0   0   0   0   0 |     CCC   0   0   0   0   0   0 |     CAC   0   0   1   0   0   0 |     CGC   0   0   0   0   0   0
    CTA   0   0   0   0   0   0 |     CCA   0   0   0   0   0   0 | Gln CAA   0   0   0   0   0   0 |     CGA   0   0   0   0   0   0
    CTG   0   1   0   0   0   0 |     CCG   0   0   0   0   0   0 |     CAG   1   1   1   1   1   1 |     CGG   0   0   0   0   0   0
--------------------------------------------------------------------------------------------------------------------------------------
Ile ATT   0   0   0   0   0   0 | Thr ACT   0   0   0   1   0   0 | Asn AAT   0   0   0   0   0   0 | Ser AGT   1   1   1   0   1   1
    ATC   0   0   0   0   0   0 |     ACC   0   0   0   0   0   0 |     AAC   0   0   0   0   0   0 |     AGC   1   1   1   2   1   1
    ATA   2   2   2   2   2   2 |     ACA   2   2   2   2   2   2 | Lys AAA   0   0   0   0   0   0 | Arg AGA   0   0   0   0   0   0
Met ATG   0   0   0   0   0   0 |     ACG   0   0   0   0   0   0 |     AAG   3   3   3   3   3   3 |     AGG   0   0   0   0   0   0
--------------------------------------------------------------------------------------------------------------------------------------
Val GTT   1   1   1   1   1   1 | Ala GCT   1   1   1   0   1   1 | Asp GAT   2   2   2   2   2   2 | Gly GGT   1   1   1   1   1   1
    GTC   0   0   0   0   0   0 |     GCC   0   0   0   0   0   0 |     GAC   0   0   0   0   0   0 |     GGC   0   0   0   0   0   0
    GTA   1   1   1   1   1   1 |     GCA   0   0   0   0   0   0 | Glu GAA   2   2   2   2   2   2 |     GGA   0   0   0   0   0   0
    GTG   0   0   0   0   0   0 |     GCG   0   0   0   0   0   0 |     GAG   3   3   3   3   3   3 |     GGG   0   0   0   0   0   0
--------------------------------------------------------------------------------------------------------------------------------------

--------------------------------------------------------------------------------------------------------------------------------------
Phe TTT   1   1   1   1   1   1 | Ser TCT   1   0   0   0   0   0 | Tyr TAT   1   1   1   1   1   1 | Cys TGT   0   0   0   0   0   0
    TTC   0   0   0   0   0   0 |     TCC   0   0   0   0   0   0 |     TAC   1   1   1   1   1   1 |     TGC   0   0   0   0   0   0
Leu TTA   0   0   0   0   0   0 |     TCA   1   2   2   2   2   2 | *** TAA   0   0   0   0   0   0 | *** TGA   0   0   0   0   0   0
    TTG   2   2   2   2   1   2 |     TCG   0   0   0   0   0   0 |     TAG   0   0   0   0   0   0 | Trp TGG   0   0   0   0   0   0
--------------------------------------------------------------------------------------------------------------------------------------
Leu CTT   0   0   0   0   0   0 | Pro CCT   1   1   1   1   1   1 | His CAT   0   0   0   0   0   0 | Arg CGT   0   0   0   0   0   0
    CTC   0   0   0   0   0   0 |     CCC   0   0   0   0   0   0 |     CAC   0   0   0   0   0   0 |     CGC   0   0   0   0   0   0
    CTA   0   0   0   0   0   0 |     CCA   0   0   0   0   0   0 | Gln CAA   0   0   0   0   0   0 |     CGA   0   0   0   0   0   0
    CTG   0   0   0   0   1   0 |     CCG   0   0   0   0   0   0 |     CAG   1   1   1   1   1   1 |     CGG   0   0   0   0   0   0
--------------------------------------------------------------------------------------------------------------------------------------
Ile ATT   0   1   0   0   0   0 | Thr ACT   0   0   0   0   0   0 | Asn AAT   0   0   0   0   0   0 | Ser AGT   1   1   1   1   1   1
    ATC   0   0   0   0   0   0 |     ACC   0   0   0   0   0   0 |     AAC   0   0   0   0   0   0 |     AGC   1   1   1   1   1   1
    ATA   2   2   2   2   2   2 |     ACA   2   2   2   2   2   2 | Lys AAA   0   0   0   0   0   0 | Arg AGA   0   0   0   0   0   0
Met ATG   0   0   0   0   0   0 |     ACG   0   0   0   0   0   0 |     AAG   3   3   3   3   3   3 |     AGG   0   0   0   0   0   0
--------------------------------------------------------------------------------------------------------------------------------------
Val GTT   1   0   1   1   1   1 | Ala GCT   1   1   1   1   1   1 | Asp GAT   2   2   2   2   2   2 | Gly GGT   1   1   1   1   1   1
    GTC   0   0   0   0   0   0 |     GCC   0   0   0   0   0   0 |     GAC   0   0   0   0   0   0 |     GGC   0   0   0   0   0   0
    GTA   0   1   0   0   1   1 |     GCA   0   0   0   0   0   0 | Glu GAA   2   2   2   2   2   2 |     GGA   0   0   0   0   0   0
    GTG   1   0   1   1   0   0 |     GCG   0   0   0   0   0   0 |     GAG   2   3   3   3   3   3 |     GGG   1   0   0   0   0   0
--------------------------------------------------------------------------------------------------------------------------------------

--------------------------------------------------------------------------------------------------------------------------------------
Phe TTT   1   1   1   1   1   1 | Ser TCT   0   0   0   0   0   0 | Tyr TAT   1   0   1   1   1   1 | Cys TGT   0   0   0   0   0   0
    TTC   0   0   0   0   0   0 |     TCC   0   0   0   0   0   0 |     TAC   0   1   1   1   1   1 |     TGC   0   0   0   0   0   0
Leu TTA   0   0   0   0   0   0 |     TCA   2   2   2   2   2   2 | *** TAA   0   0   0   0   0   0 | *** TGA   0   0   0   0   0   0
    TTG   2   2   2   2   2   2 |     TCG   0   0   0   0   0   0 |     TAG   0   0   0   0   0   0 | Trp TGG   0   0   0   0   0   0
--------------------------------------------------------------------------------------------------------------------------------------
Leu CTT   0   0   0   0   0   0 | Pro CCT   1   1   1   1   1   1 | His CAT   0   1   0   0   0   0 | Arg CGT   0   0   0   0   0   0
    CTC   0   0   0   0   0   0 |     CCC   0   0   0   0   0   0 |     CAC   0   0   0   0   0   0 |     CGC   0   0   0   0   0   0
    CTA   0   0   0   0   0   0 |     CCA   0   0   0   0   0   0 | Gln CAA   0   0   0   0   0   0 |     CGA   0   0   0   0   0   0
    CTG   0   0   0   0   0   0 |     CCG   0   0   0   0   0   0 |     CAG   1   1   1   1   1   1 |     CGG   0   0   0   0   0   0
--------------------------------------------------------------------------------------------------------------------------------------
Ile ATT   0   0   0   0   0   0 | Thr ACT   0   0   0   0   0   0 | Asn AAT   0   0   0   0   0   0 | Ser AGT   1   1   1   1   1   1
    ATC   0   0   0   0   0   0 |     ACC   1   0   0   0   0   0 |     AAC   0   0   0   0   0   0 |     AGC   1   1   1   1   1   1
    ATA   2   2   2   2   2   2 |     ACA   1   2   2   2   2   2 | Lys AAA   0   0   0   0   0   0 | Arg AGA   0   0   0   0   0   0
Met ATG   0   0   0   0   0   0 |     ACG   0   0   0   0   0   0 |     AAG   3   3   3   3   3   3 |     AGG   0   0   0   0   0   0
--------------------------------------------------------------------------------------------------------------------------------------
Val GTT   1   1   1   1   1   1 | Ala GCT   1   1   1   1   1   1 | Asp GAT   2   2   2   2   2   2 | Gly GGT   1   1   1   1   1   1
    GTC   0   0   0   0   0   0 |     GCC   0   0   0   0   0   0 |     GAC   1   0   0   0   0   0 |     GGC   0   0   0   0   0   0
    GTA   1   1   1   1   1   1 |     GCA   0   0   0   0   0   0 | Glu GAA   2   2   2   2   2   2 |     GGA   0   0   0   0   0   0
    GTG   0   0   0   0   0   0 |     GCG   0   0   0   0   0   0 |     GAG   3   3   3   3   3   3 |     GGG   0   0   0   0   0   0
--------------------------------------------------------------------------------------------------------------------------------------

Codon position x base (3x4) table for each sequence.

#1: Argali         
position  1:    T:0.24138    C:0.06897    A:0.31034    G:0.37931
position  2:    T:0.27586    C:0.17241    A:0.44828    G:0.10345
position  3:    T:0.31034    C:0.06897    A:0.31034    G:0.31034
Average         T:0.27586    C:0.10345    A:0.35632    G:0.26437

#2: LesserMouseDeer
position  1:    T:0.13793    C:0.13793    A:0.34483    G:0.37931
position  2:    T:0.24138    C:0.20690    A:0.44828    G:0.10345
position  3:    T:0.24138    C:0.13793    A:0.31034    G:0.31034
Average         T:0.20690    C:0.16092    A:0.36782    G:0.26437

#3: LesserKudu     
position  1:    T:0.24138    C:0.06897    A:0.31034    G:0.37931
position  2:    T:0.24138    C:0.20690    A:0.44828    G:0.10345
position  3:    T:0.31034    C:0.06897    A:0.31034    G:0.31034
Average         T:0.26437    C:0.11494    A:0.35632    G:0.26437

#4: ForestMuskDeer2
position  1:    T:0.24138    C:0.06897    A:0.31034    G:0.37931
position  2:    T:0.24138    C:0.20690    A:0.44828    G:0.10345
position  3:    T:0.31034    C:0.06897    A:0.31034    G:0.31034
Average         T:0.26437    C:0.11494    A:0.35632    G:0.26437

#5: Camel          
position  1:    T:0.13793    C:0.10345    A:0.34483    G:0.41379
position  2:    T:0.24138    C:0.20690    A:0.44828    G:0.10345
position  3:    T:0.31034    C:0.10345    A:0.31034    G:0.27586
Average         T:0.22989    C:0.13793    A:0.36782    G:0.26437

#6: KillerWhale    
position  1:    T:0.20690    C:0.06897    A:0.31034    G:0.41379
position  2:    T:0.27586    C:0.20690    A:0.37931    G:0.13793
position  3:    T:0.27586    C:0.06897    A:0.37931    G:0.27586
Average         T:0.25287    C:0.11494    A:0.35632    G:0.27586

#7: DefassaWaterbuck
position  1:    T:0.24138    C:0.06897    A:0.31034    G:0.37931
position  2:    T:0.24138    C:0.20690    A:0.44828    G:0.10345
position  3:    T:0.27586    C:0.10345    A:0.31034    G:0.31034
Average         T:0.25287    C:0.12644    A:0.35632    G:0.26437

#8: Sheep          
position  1:    T:0.24138    C:0.06897    A:0.31034    G:0.37931
position  2:    T:0.24138    C:0.20690    A:0.44828    G:0.10345
position  3:    T:0.31034    C:0.06897    A:0.31034    G:0.31034
Average         T:0.26437    C:0.11494    A:0.35632    G:0.26437

#9: MaxwellsDuiker 
position  1:    T:0.24138    C:0.06897    A:0.31034    G:0.37931
position  2:    T:0.24138    C:0.20690    A:0.44828    G:0.10345
position  3:    T:0.31034    C:0.06897    A:0.31034    G:0.31034
Average         T:0.26437    C:0.11494    A:0.35632    G:0.26437

#10: GazellaPrzewalskyi
position  1:    T:0.24138    C:0.06897    A:0.31034    G:0.37931
position  2:    T:0.24138    C:0.20690    A:0.44828    G:0.10345
position  3:    T:0.31034    C:0.06897    A:0.31034    G:0.31034
Average         T:0.26437    C:0.11494    A:0.35632    G:0.26437

#11: MountainNyala  
position  1:    T:0.24138    C:0.06897    A:0.31034    G:0.37931
position  2:    T:0.27586    C:0.17241    A:0.44828    G:0.10345
position  3:    T:0.31034    C:0.06897    A:0.31034    G:0.31034
Average         T:0.27586    C:0.10345    A:0.35632    G:0.26437

#12: MuntiacusMuntjak
position  1:    T:0.24138    C:0.06897    A:0.31034    G:0.37931
position  2:    T:0.24138    C:0.20690    A:0.44828    G:0.10345
position  3:    T:0.31034    C:0.06897    A:0.27586    G:0.34483
Average         T:0.26437    C:0.11494    A:0.34483    G:0.27586

#13: goat           
position  1:    T:0.24138    C:0.06897    A:0.31034    G:0.37931
position  2:    T:0.24138    C:0.20690    A:0.44828    G:0.10345
position  3:    T:0.31034    C:0.06897    A:0.31034    G:0.31034
Average         T:0.26437    C:0.11494    A:0.35632    G:0.26437

#14: AfricanBuffalo 
position  1:    T:0.24138    C:0.06897    A:0.31034    G:0.37931
position  2:    T:0.24138    C:0.20690    A:0.41379    G:0.13793
position  3:    T:0.31034    C:0.06897    A:0.31034    G:0.31034
Average         T:0.26437    C:0.11494    A:0.34483    G:0.27586

#15: Topi           
position  1:    T:0.24138    C:0.06897    A:0.31034    G:0.37931
position  2:    T:0.24138    C:0.20690    A:0.41379    G:0.13793
position  3:    T:0.31034    C:0.06897    A:0.31034    G:0.31034
Average         T:0.26437    C:0.11494    A:0.34483    G:0.27586

#16: CommonDuiker   
position  1:    T:0.24138    C:0.06897    A:0.31034    G:0.37931
position  2:    T:0.24138    C:0.20690    A:0.44828    G:0.10345
position  3:    T:0.31034    C:0.06897    A:0.31034    G:0.31034
Average         T:0.26437    C:0.11494    A:0.35632    G:0.26437

#17: Suni           
position  1:    T:0.24138    C:0.06897    A:0.31034    G:0.37931
position  2:    T:0.24138    C:0.20690    A:0.44828    G:0.10345
position  3:    T:0.31034    C:0.06897    A:0.31034    G:0.31034
Average         T:0.26437    C:0.11494    A:0.35632    G:0.26437

#18: Springbuck     
position  1:    T:0.24138    C:0.06897    A:0.31034    G:0.37931
position  2:    T:0.24138    C:0.20690    A:0.44828    G:0.10345
position  3:    T:0.27586    C:0.10345    A:0.31034    G:0.31034
Average         T:0.25287    C:0.12644    A:0.35632    G:0.26437

#19: Okapi          
position  1:    T:0.24138    C:0.06897    A:0.34483    G:0.34483
position  2:    T:0.24138    C:0.20690    A:0.44828    G:0.10345
position  3:    T:0.31034    C:0.03448    A:0.31034    G:0.34483
Average         T:0.26437    C:0.10345    A:0.36782    G:0.26437

#20: Giraffe        
position  1:    T:0.20690    C:0.10345    A:0.34483    G:0.34483
position  2:    T:0.24138    C:0.20690    A:0.44828    G:0.10345
position  3:    T:0.31034    C:0.03448    A:0.34483    G:0.31034
Average         T:0.25287    C:0.11494    A:0.37931    G:0.25287

#21: TibetanAntelope
position  1:    T:0.20690    C:0.10345    A:0.31034    G:0.37931
position  2:    T:0.24138    C:0.20690    A:0.41379    G:0.13793
position  3:    T:0.31034    C:0.06897    A:0.31034    G:0.31034
Average         T:0.25287    C:0.12644    A:0.34483    G:0.27586

#22: Sitatunga      
position  1:    T:0.24138    C:0.06897    A:0.31034    G:0.37931
position  2:    T:0.24138    C:0.20690    A:0.44828    G:0.10345
position  3:    T:0.31034    C:0.06897    A:0.31034    G:0.31034
Average         T:0.26437    C:0.11494    A:0.35632    G:0.26437

#23: Oribi          
position  1:    T:0.24138    C:0.06897    A:0.31034    G:0.37931
position  2:    T:0.24138    C:0.20690    A:0.44828    G:0.10345
position  3:    T:0.31034    C:0.06897    A:0.31034    G:0.31034
Average         T:0.26437    C:0.11494    A:0.35632    G:0.26437

#24: BarbarySheep   
position  1:    T:0.24138    C:0.06897    A:0.31034    G:0.37931
position  2:    T:0.24138    C:0.20690    A:0.44828    G:0.10345
position  3:    T:0.31034    C:0.06897    A:0.31034    G:0.31034
Average         T:0.26437    C:0.11494    A:0.35632    G:0.26437

#25: Daviddeer      
position  1:    T:0.24138    C:0.06897    A:0.31034    G:0.37931
position  2:    T:0.24138    C:0.20690    A:0.41379    G:0.13793
position  3:    T:0.34483    C:0.06897    A:0.24138    G:0.34483
Average         T:0.27586    C:0.11494    A:0.32184    G:0.28736

#26: Reindeer       
position  1:    T:0.24138    C:0.06897    A:0.31034    G:0.37931
position  2:    T:0.24138    C:0.20690    A:0.44828    G:0.10345
position  3:    T:0.31034    C:0.06897    A:0.27586    G:0.34483
Average         T:0.26437    C:0.11494    A:0.34483    G:0.27586

#27: Ibex           
position  1:    T:0.24138    C:0.06897    A:0.31034    G:0.37931
position  2:    T:0.24138    C:0.20690    A:0.44828    G:0.10345
position  3:    T:0.31034    C:0.06897    A:0.31034    G:0.31034
Average         T:0.26437    C:0.11494    A:0.35632    G:0.26437

#28: GyrantGazelle  
position  1:    T:0.24138    C:0.06897    A:0.31034    G:0.37931
position  2:    T:0.24138    C:0.20690    A:0.44828    G:0.10345
position  3:    T:0.31034    C:0.06897    A:0.34483    G:0.27586
Average         T:0.26437    C:0.11494    A:0.36782    G:0.25287

#29: Hartebeest     
position  1:    T:0.24138    C:0.06897    A:0.31034    G:0.37931
position  2:    T:0.24138    C:0.20690    A:0.41379    G:0.13793
position  3:    T:0.31034    C:0.06897    A:0.31034    G:0.31034
Average         T:0.26437    C:0.11494    A:0.34483    G:0.27586

#30: Bongo          
position  1:    T:0.24138    C:0.06897    A:0.31034    G:0.37931
position  2:    T:0.24138    C:0.20690    A:0.44828    G:0.10345
position  3:    T:0.31034    C:0.06897    A:0.31034    G:0.31034
Average         T:0.26437    C:0.11494    A:0.35632    G:0.26437

#31: Gerenuk        
position  1:    T:0.24138    C:0.06897    A:0.31034    G:0.37931
position  2:    T:0.24138    C:0.20690    A:0.44828    G:0.10345
position  3:    T:0.31034    C:0.06897    A:0.31034    G:0.31034
Average         T:0.26437    C:0.11494    A:0.35632    G:0.26437

#32: CommonEland    
position  1:    T:0.24138    C:0.06897    A:0.31034    G:0.37931
position  2:    T:0.24138    C:0.20690    A:0.44828    G:0.10345
position  3:    T:0.31034    C:0.06897    A:0.31034    G:0.31034
Average         T:0.26437    C:0.11494    A:0.35632    G:0.26437

#33: MuntiacusReevesi
position  1:    T:0.24138    C:0.06897    A:0.31034    G:0.37931
position  2:    T:0.24138    C:0.20690    A:0.44828    G:0.10345
position  3:    T:0.31034    C:0.06897    A:0.27586    G:0.34483
Average         T:0.26437    C:0.11494    A:0.34483    G:0.27586

#34: HarveysDuiker  
position  1:    T:0.24138    C:0.06897    A:0.31034    G:0.37931
position  2:    T:0.24138    C:0.20690    A:0.44828    G:0.10345
position  3:    T:0.31034    C:0.06897    A:0.31034    G:0.31034
Average         T:0.26437    C:0.11494    A:0.35632    G:0.26437

#35: Pronghorn      
position  1:    T:0.20690    C:0.10345    A:0.31034    G:0.37931
position  2:    T:0.24138    C:0.20690    A:0.44828    G:0.10345
position  3:    T:0.31034    C:0.06897    A:0.31034    G:0.31034
Average         T:0.25287    C:0.12644    A:0.35632    G:0.26437

#36: BlueWildebeest 
position  1:    T:0.24138    C:0.06897    A:0.31034    G:0.37931
position  2:    T:0.24138    C:0.20690    A:0.44828    G:0.10345
position  3:    T:0.31034    C:0.06897    A:0.31034    G:0.31034
Average         T:0.26437    C:0.11494    A:0.35632    G:0.26437

#37: Gemsbok        
position  1:    T:0.24138    C:0.06897    A:0.31034    G:0.37931
position  2:    T:0.24138    C:0.20690    A:0.44828    G:0.10345
position  3:    T:0.31034    C:0.06897    A:0.31034    G:0.31034
Average         T:0.26437    C:0.11494    A:0.35632    G:0.26437

#38: Yak            
position  1:    T:0.20690    C:0.10345    A:0.31034    G:0.37931
position  2:    T:0.24138    C:0.20690    A:0.44828    G:0.10345
position  3:    T:0.31034    C:0.06897    A:0.31034    G:0.31034
Average         T:0.25287    C:0.12644    A:0.35632    G:0.26437

#39: BlueSheep      
position  1:    T:0.20690    C:0.10345    A:0.31034    G:0.37931
position  2:    T:0.24138    C:0.20690    A:0.44828    G:0.10345
position  3:    T:0.31034    C:0.06897    A:0.31034    G:0.31034
Average         T:0.25287    C:0.12644    A:0.35632    G:0.26437

#40: BohorReedbuck  
position  1:    T:0.24138    C:0.06897    A:0.34483    G:0.34483
position  2:    T:0.24138    C:0.20690    A:0.44828    G:0.10345
position  3:    T:0.27586    C:0.10345    A:0.31034    G:0.31034
Average         T:0.25287    C:0.12644    A:0.36782    G:0.25287

#41: KirksDik       
position  1:    T:0.24138    C:0.06897    A:0.31034    G:0.37931
position  2:    T:0.24138    C:0.20690    A:0.44828    G:0.10345
position  3:    T:0.31034    C:0.06897    A:0.31034    G:0.31034
Average         T:0.26437    C:0.11494    A:0.35632    G:0.26437

#42: RoeDeer        
position  1:    T:0.24138    C:0.06897    A:0.31034    G:0.37931
position  2:    T:0.24138    C:0.20690    A:0.44828    G:0.10345
position  3:    T:0.31034    C:0.06897    A:0.31034    G:0.31034
Average         T:0.26437    C:0.11494    A:0.35632    G:0.26437

#43: WhiteLippedDeer
position  1:    T:0.24138    C:0.06897    A:0.31034    G:0.37931
position  2:    T:0.24138    C:0.20690    A:0.41379    G:0.13793
position  3:    T:0.34483    C:0.06897    A:0.24138    G:0.34483
Average         T:0.27586    C:0.11494    A:0.32184    G:0.28736

#44: ThomsonGazelle 
position  1:    T:0.24138    C:0.06897    A:0.34483    G:0.34483
position  2:    T:0.24138    C:0.20690    A:0.44828    G:0.10345
position  3:    T:0.31034    C:0.06897    A:0.31034    G:0.31034
Average         T:0.26437    C:0.11494    A:0.36782    G:0.25287

#45: MuntiacusCrinifrons
position  1:    T:0.24138    C:0.06897    A:0.31034    G:0.37931
position  2:    T:0.24138    C:0.20690    A:0.44828    G:0.10345
position  3:    T:0.31034    C:0.06897    A:0.27586    G:0.34483
Average         T:0.26437    C:0.11494    A:0.34483    G:0.27586

#46: WhiteTailedDeer
position  1:    T:0.24138    C:0.06897    A:0.31034    G:0.37931
position  2:    T:0.24138    C:0.20690    A:0.44828    G:0.10345
position  3:    T:0.31034    C:0.06897    A:0.27586    G:0.34483
Average         T:0.26437    C:0.11494    A:0.34483    G:0.27586

#47: Cattle         
position  1:    T:0.20690    C:0.10345    A:0.31034    G:0.37931
position  2:    T:0.24138    C:0.20690    A:0.44828    G:0.10345
position  3:    T:0.31034    C:0.06897    A:0.31034    G:0.31034
Average         T:0.25287    C:0.12644    A:0.35632    G:0.26437

#48: RoyalAntelope  
position  1:    T:0.24138    C:0.06897    A:0.31034    G:0.37931
position  2:    T:0.24138    C:0.20690    A:0.44828    G:0.10345
position  3:    T:0.31034    C:0.06897    A:0.31034    G:0.31034
Average         T:0.26437    C:0.11494    A:0.35632    G:0.26437

#49: Steenbok       
position  1:    T:0.20690    C:0.06897    A:0.31034    G:0.41379
position  2:    T:0.24138    C:0.20690    A:0.44828    G:0.10345
position  3:    T:0.31034    C:0.10345    A:0.27586    G:0.31034
Average         T:0.25287    C:0.12644    A:0.34483    G:0.27586

#50: Impala         
position  1:    T:0.20690    C:0.10345    A:0.31034    G:0.37931
position  2:    T:0.24138    C:0.20690    A:0.44828    G:0.10345
position  3:    T:0.31034    C:0.06897    A:0.31034    G:0.31034
Average         T:0.25287    C:0.12644    A:0.35632    G:0.26437

#51: Klipspringer   
position  1:    T:0.24138    C:0.06897    A:0.31034    G:0.37931
position  2:    T:0.24138    C:0.20690    A:0.44828    G:0.10345
