CODONML (in paml version 4.10.7, June 2023)  /home/rachel/ruminants_paml/6406-phy-tree/ENSBTAT00000023334.fasta.phy
Model: free dN/dS Ratios for branches,  kappa = 2.000 fixed

Codon frequency model: F3x4
ns =  54  ls =  56

Codon usage in sequences
--------------------------------------------------------------------------------------------------------------------------------------
Phe TTT   4   4   4   4   3   3 | Ser TCT   2   2   1   1   2   2 | Tyr TAT   0   0   0   0   0   0 | Cys TGT   0   0   0   0   0   0
    TTC   1   1   1   1   2   2 |     TCC   0   0   0   1   0   0 |     TAC   0   0   0   0   0   0 |     TGC   0   0   0   0   0   0
Leu TTA   0   0   0   0   1   0 |     TCA   0   0   1   0   0   0 | *** TAA   0   0   0   0   0   0 | *** TGA   0   0   0   0   0   0
    TTG   0   1   1   1   1   2 |     TCG   0   0   0   0   0   0 |     TAG   0   0   0   0   0   0 | Trp TGG   0   0   0   0   0   0
--------------------------------------------------------------------------------------------------------------------------------------
Leu CTT   0   0   0   1   0   0 | Pro CCT   0   0   0   0   1   0 | His CAT   1   0   0   1   1   0 | Arg CGT   0   0   0   0   0   0
    CTC   1   1   1   0   1   1 |     CCC   0   0   0   0   0   0 |     CAC   0   1   1   0   0   1 |     CGC   0   0   0   0   0   0
    CTA   0   0   1   0   0   0 |     CCA   3   2   3   3   2   2 | Gln CAA   0   0   0   0   1   0 |     CGA   1   1   1   0   1   1
    CTG   3   2   1   2   1   1 |     CCG   0   1   0   0   0   1 |     CAG   2   2   2   2   1   2 |     CGG   0   0   0   0   0   0
--------------------------------------------------------------------------------------------------------------------------------------
Ile ATT   3   2   3   3   3   3 | Thr ACT   0   2   0   0   0   0 | Asn AAT   0   1   1   0   0   0 | Ser AGT   0   0   0   0   0   1
    ATC   1   1   1   1   1   0 |     ACC   3   2   3   3   3   3 |     AAC   1   0   0   1   1   0 |     AGC   0   0   0   0   0   0
    ATA   0   0   0   0   0   0 |     ACA   1   0   1   1   1   2 | Lys AAA   2   1   2   2   1   2 | Arg AGA   0   1   0   1   1   1
Met ATG   1   1   1   1   1   1 |     ACG   1   1   1   1   1   0 |     AAG   4   4   4   4   5   4 |     AGG   1   0   1   1   0   0
--------------------------------------------------------------------------------------------------------------------------------------
Val GTT   4   2   4   3   4   3 | Ala GCT   0   0   0   0   0   0 | Asp GAT   0   1   0   0   0   1 | Gly GGT   1   0   1   1   1   0
    GTC   2   4   2   2   1   4 |     GCC   1   2   1   1   1   1 |     GAC   2   1   2   2   2   1 |     GGC   2   2   2   2   2   3
    GTA   1   1   1   1   2   1 |     GCA   1   0   1   1   1   0 | Glu GAA   3   4   3   3   2   2 |     GGA   2   2   2   2   2   2
    GTG   1   2   1   2   1   1 |     GCG   0   0   0   0   0   1 |     GAG   0   0   0   0   1   1 |     GGG   0   1   0   0   0   0
--------------------------------------------------------------------------------------------------------------------------------------

--------------------------------------------------------------------------------------------------------------------------------------
Phe TTT   4   4   3   4   3   4 | Ser TCT   1   2   1   2   1   1 | Tyr TAT   0   0   0   0   0   0 | Cys TGT   0   0   0   0   0   0
    TTC   1   1   2   1   2   1 |     TCC   0   0   1   0   0   1 |     TAC   0   0   0   0   0   0 |     TGC   0   0   0   0   0   0
Leu TTA   0   0   0   0   0   0 |     TCA   0   0   0   0   1   0 | *** TAA   0   0   0   0   0   0 | *** TGA   0   0   0   0   0   0
    TTG   0   0   0   0   1   0 |     TCG   0   0   0   0   0   0 |     TAG   0   0   0   0   0   0 | Trp TGG   0   0   0   0   0   0
--------------------------------------------------------------------------------------------------------------------------------------
Leu CTT   0   0   0   0   0   0 | Pro CCT   0   0   0   0   0   0 | His CAT   0   1   1   1   0   0 | Arg CGT   0   0   0   0   0   0
    CTC   1   1   1   1   1   2 |     CCC   0   0   0   0   0   0 |     CAC   1   0   0   0   1   1 |     CGC   0   0   0   0   0   0
    CTA   0   0   0   0   1   0 |     CCA   3   3   3   3   3   3 | Gln CAA   0   0   0   0   0   0 |     CGA   1   1   1   1   1   1
    CTG   3   3   3   3   1   2 |     CCG   0   0   0   0   0   0 |     CAG   2   2   2   2   2   2 |     CGG   0   0   0   0   0   0
--------------------------------------------------------------------------------------------------------------------------------------
Ile ATT   2   3   3   3   3   3 | Thr ACT   1   0   0   1   0   0 | Asn AAT   0   0   0   0   0   0 | Ser AGT   0   0   0   0   0   0
    ATC   2   1   1   1   1   1 |     ACC   4   3   3   2   3   3 |     AAC   0   1   1   1   1   1 |     AGC   0   0   0   0   0   0
    ATA   0   0   0   0   0   0 |     ACA   1   1   1   1   1   1 | Lys AAA   2   2   2   2   2   2 | Arg AGA   0   0   0   0   0   0
Met ATG   1   1   1   1   1   1 |     ACG   1   1   1   1   1   1 |     AAG   4   4   4   4   4   4 |     AGG   1   1   1   1   1   1
--------------------------------------------------------------------------------------------------------------------------------------
Val GTT   4   4   4   4   4   4 | Ala GCT   0   0   0   0   0   0 | Asp GAT   0   0   0   0   0   0 | Gly GGT   2   1   0   0   1   0
    GTC   2   2   2   2   2   1 |     GCC   1   1   1   1   1   1 |     GAC   2   2   2   2   2   2 |     GGC   1   2   3   3   2   3
    GTA   0   1   1   1   1   1 |     GCA   1   1   1   1   1   1 | Glu GAA   3   3   3   3   3   3 |     GGA   2   2   2   2   2   2
    GTG   2   1   1   1   1   2 |     GCG   0   0   0   0   0   0 |     GAG   0   0   0   0   0   0 |     GGG   0   0   0   0   0   0
--------------------------------------------------------------------------------------------------------------------------------------

--------------------------------------------------------------------------------------------------------------------------------------
Phe TTT   4   4   4   4   4   4 | Ser TCT   2   2   2   1   2   2 | Tyr TAT   0   0   0   0   0   0 | Cys TGT   0   0   0   0   0   0
    TTC   1   1   1   1   1   1 |     TCC   0   0   0   1   0   0 |     TAC   0   0   0   0   0   0 |     TGC   0   0   0   0   0   0
Leu TTA   0   0   0   0   0   0 |     TCA   0   0   0   0   0   0 | *** TAA   0   0   0   0   0   0 | *** TGA   0   0   0   0   0   0
    TTG   0   1   0   0   0   0 |     TCG   0   0   0   0   0   0 |     TAG   0   0   0   0   0   0 | Trp TGG   0   0   0   0   0   0
--------------------------------------------------------------------------------------------------------------------------------------
Leu CTT   0   0   0   0   0   0 | Pro CCT   0   0   0   0   0   0 | His CAT   1   1   1   1   1   1 | Arg CGT   0   0   0   0   0   0
    CTC   1   1   1   1   1   1 |     CCC   0   0   0   0   0   0 |     CAC   0   0   0   0   0   0 |     CGC   0   0   0   0   0   0
    CTA   0   0   0   0   0   0 |     CCA   3   3   3   3   3   3 | Gln CAA   0   0   0   0   0   0 |     CGA   1   1   1   1   1   1
    CTG   3   2   3   3   3   3 |     CCG   0   0   0   0   0   0 |     CAG   2   2   2   2   2   2 |     CGG   0   0   0   0   0   0
--------------------------------------------------------------------------------------------------------------------------------------
Ile ATT   3   3   3   3   3   3 | Thr ACT   0   0   0   1   0   0 | Asn AAT   0   0   0   0   0   0 | Ser AGT   0   0   0   0   0   0
    ATC   1   1   1   1   1   1 |     ACC   3   3   3   3   3   3 |     AAC   1   1   1   1   1   1 |     AGC   0   0   0   0   0   0
    ATA   0   0   0   0   0   0 |     ACA   1   1   1   0   1   1 | Lys AAA   1   2   2   2   2   2 | Arg AGA   1   0   0   0   0   0
Met ATG   1   1   1   1   1   1 |     ACG   1   1   1   1   1   1 |     AAG   4   4   4   4   4   4 |     AGG   1   1   1   1   1   1
--------------------------------------------------------------------------------------------------------------------------------------
Val GTT   4   4   4   4   4   4 | Ala GCT   0   0   0   0   0   0 | Asp GAT   0   0   0   0   0   0 | Gly GGT   1   1   1   0   1   0
    GTC   2   2   2   2   2   2 |     GCC   1   1   1   1   1   1 |     GAC   2   2   2   2   2   2 |     GGC   2   2   2   3   2   3
    GTA   1   1   1   1   1   1 |     GCA   1   1   1   1   1   1 | Glu GAA   3   3   3   3   3   3 |     GGA   2   2   2   2   2   2
    GTG   1   1   1   1   1   1 |     GCG   0   0   0   0   0   0 |     GAG   0   0   0   0   0   0 |     GGG   0   0   0   0   0   0
--------------------------------------------------------------------------------------------------------------------------------------

--------------------------------------------------------------------------------------------------------------------------------------
Phe TTT   4   4   4   4   4   4 | Ser TCT   2   2   2   1   2   2 | Tyr TAT   0   0   0   0   0   0 | Cys TGT   0   0   0   0   0   0
    TTC   1   1   1   1   1   1 |     TCC   0   0   0   0   0   0 |     TAC   0   0   0   0   0   0 |     TGC   0   0   0   0   0   0
Leu TTA   0   0   0   0   0   0 |     TCA   0   0   0   1   0   0 | *** TAA   0   0   0   0   0   0 | *** TGA   0   0   0   0   0   0
    TTG   1   1   0   1   0   0 |     TCG   0   0   0   0   0   0 |     TAG   0   0   0   0   0   0 | Trp TGG   0   0   0   0   0   0
--------------------------------------------------------------------------------------------------------------------------------------
Leu CTT   0   0   0   0   0   0 | Pro CCT   0   0   0   0   0   0 | His CAT   0   0   1   0   1   1 | Arg CGT   0   0   0   0   0   0
    CTC   0   0   1   1   1   1 |     CCC   0   0   0   0   0   0 |     CAC   1   1   0   1   0   0 |     CGC   0   0   0   0   0   0
    CTA   1   1   0   1   0   0 |     CCA   3   3   3   3   3   3 | Gln CAA   0   0   0   0   0   0 |     CGA   1   1   1   1   1   1
    CTG   2   2   3   1   3   3 |     CCG   0   0   0   0   0   0 |     CAG   2   2   2   2   2   2 |     CGG   0   0   0   0   0   0
--------------------------------------------------------------------------------------------------------------------------------------
Ile ATT   3   3   3   3   3   3 | Thr ACT   0   0   0   0   0   0 | Asn AAT   1   1   0   0   0   0 | Ser AGT   0   0   0   0   0   0
    ATC   1   1   1   1   1   1 |     ACC   3   3   3   3   3   3 |     AAC   0   0   1   1   1   1 |     AGC   0   0   0   0   0   0
    ATA   0   0   0   0   0   0 |     ACA   1   1   1   1   1   1 | Lys AAA   2   2   2   2   2   1 | Arg AGA   0   0   0   0   0   1
Met ATG   1   1   1   1   1   1 |     ACG   1   1   1   1   1   1 |     AAG   4   4   4   4   4   4 |     AGG   1   1   1   1   1   1
--------------------------------------------------------------------------------------------------------------------------------------
Val GTT   4   4   4   4   4   4 | Ala GCT   0   0   0   0   0   0 | Asp GAT   0   0   0   0   0   0 | Gly GGT   1   1   1   1   0   1
    GTC   2   2   2   2   2   2 |     GCC   1   1   1   1   1   1 |     GAC   2   2   2   2   2   2 |     GGC   2   2   2   2   3   2
    GTA   1   1   1   1   1   1 |     GCA   1   1   1   1   1   1 | Glu GAA   3   3   3   3   3   3 |     GGA   2   2   2   2   2   2
    GTG   1   1   1   1   1   1 |     GCG   0   0   0   0   0   0 |     GAG   0   0   0   0   0   0 |     GGG   0   0   0   0   0   0
--------------------------------------------------------------------------------------------------------------------------------------

--------------------------------------------------------------------------------------------------------------------------------------
Phe TTT   4   4   4   4   4   4 | Ser TCT   2   2   2   2   2   1 | Tyr TAT   0   0   0   0   0   0 | Cys TGT   0   0   0   0   0   0
    TTC   1   1   1   1   1   1 |     TCC   0   0   0   0   0   0 |     TAC   0   0   0   0   0   0 |     TGC   0   0   0   0   0   0
Leu TTA   0   0   0   0   0   0 |     TCA   0   0   0   0   0   1 | *** TAA   0   0   0   0   0   0 | *** TGA   0   0   0   0   0   0
    TTG   1   0   0   0   0   1 |     TCG   0   0   0   0   0   0 |     TAG   0   0   0   0   0   0 | Trp TGG   0   0   0   0   0   0
--------------------------------------------------------------------------------------------------------------------------------------
Leu CTT   0   0   0   0   0   0 | Pro CCT   0   0   0   0   0   0 | His CAT   0   0   1   1   1   0 | Arg CGT   0   0   0   0   0   0
    CTC   1   1   1   1   1   1 |     CCC   0   0   0   0   0   0 |     CAC   1   1   0   0   0   1 |     CGC   0   0   0   0   0   0
    CTA   0   0   0   0   0   1 |     CCA   3   3   3   3   3   3 | Gln CAA   0   0   0   0   0   0 |     CGA   1   1   1   1   1   1
    CTG   2   3   3   3   3   1 |     CCG   0   0   0   0   0   0 |     CAG   2   2   2   2   2   2 |     CGG   0   0   0   0   0   0
--------------------------------------------------------------------------------------------------------------------------------------
Ile ATT   3   3   3   3   3   3 | Thr ACT   0   0   0   0   0   0 | Asn AAT   0   0   1   0   0   0 | Ser AGT   0   0   0   0   0   0
    ATC   1   1   1   1   1   1 |     ACC   3   3   3   3   3   3 |     AAC   1   1   0   1   1   1 |     AGC   0   0   0   0   0   0
    ATA   0   0   0   0   0   0 |     ACA   1   1   1   1   1   1 | Lys AAA   2   2   1   2   2   2 | Arg AGA   0   0   1   0   0   0
Met ATG   1   1   1   1   1   1 |     ACG   1   1   1   1   1   1 |     AAG   4   4   4   4   4   4 |     AGG   1   1   1   1   1   1
--------------------------------------------------------------------------------------------------------------------------------------
Val GTT   4   4   4   4   4   4 | Ala GCT   0   0   0   0   0   0 | Asp GAT   0   0   0   0   0   0 | Gly GGT   0   0   1   0   1   1
    GTC   2   2   2   2   2   2 |     GCC   1   1   1   1   1   1 |     GAC   2   2   2   2   2   2 |     GGC   3   3   2   3   2   2
    GTA   1   1   1   1   1   1 |     GCA   0   1   1   1   1   1 | Glu GAA   3   3   3   3   3   3 |     GGA   2   2   2   2   2   2
    GTG   1   1   1   1   1   1 |     GCG   1   0   0   0   0   0 |     GAG   0   0   0   0   0   0 |     GGG   0   0   0   0   0   0
--------------------------------------------------------------------------------------------------------------------------------------

--------------------------------------------------------------------------------------------------------------------------------------
Phe TTT   4   4   4   4   4   4 | Ser TCT   2   1   1   1   2   2 | Tyr TAT   0   0   0   0   0   0 | Cys TGT   0   0   0   0   0   0
    TTC   1   1   1   1   1   1 |     TCC   0   0   1   1   0   0 |     TAC   0   0   0   0   0   0 |     TGC   0   0   0   0   0   0
Leu TTA   0   0   0   0   0   0 |     TCA   0   1   0   0   0   0 | *** TAA   0   0   0   0   0   0 | *** TGA   0   0   0   0   0   0
    TTG   0   1   0   0   1   0 |     TCG   0   0   0   0   0   0 |     TAG   0   0   0   0   0   0 | Trp TGG   0   0   0   0   0   0
--------------------------------------------------------------------------------------------------------------------------------------
Leu CTT   0   0   1   0   0   0 | Pro CCT   0   0   0   0   0   0 | His CAT   1   0   0   1   1   1 | Arg CGT   0   0   0   0   0   0
    CTC   1   1   2   1   1   1 |     CCC   0   0   0   0   0   0 |     CAC   0   1   1   0   0   0 |     CGC   0   0   0   0   0   0
    CTA   0   1   0   0   0   0 |     CCA   3   3   3   3   3   3 | Gln CAA   0   0   0   0   0   0 |     CGA   1   1   1   1   1   1
    CTG   3   1   2   3   2   3 |     CCG   0   0   0   0   0   0 |     CAG   2   2   2   2   2   2 |     CGG   0   0   0   0   0   0
--------------------------------------------------------------------------------------------------------------------------------------
Ile ATT   3   3   3   3   2   3 | Thr ACT   1   0   0   0   0   0 | Asn AAT   0   1   0   0   1   0 | Ser AGT   0   0   0   0   0   0
    ATC   1   1   1   1   2   1 |     ACC   2   3   3   4   3   3 |     AAC   1   0   1   1   0   1 |     AGC   0   0   0   0   0   0
    ATA   0   0   0   0   0   0 |     ACA   1   1   1   0   1   2 | Lys AAA   2   2   2   2   2   2 | Arg AGA   0   0   0   0   0   0
Met ATG   1   1   1   1   1   1 |     ACG   1   1   1   1   1   0 |     AAG   4   4   4   4   4   4 |     AGG   1   1   1   1   1   1
--------------------------------------------------------------------------------------------------------------------------------------
Val GTT   4   4   4   4   5   4 | Ala GCT   0   0   0   0   0   0 | Asp GAT   0   0   0   0   0   0 | Gly GGT   0   1   0   0   0   1
    GTC   2   1   1   2   1   2 |     GCC   1   1   1   1   1   1 |     GAC   2   2   2   2   2   2 |     GGC   3   2   3   3   3   2
    GTA   1   2   1   1   1   1 |     GCA   1   1   1   1   1   1 | Glu GAA   3   3   3   3   3   3 |     GGA   2   2   2   2   2   2
    GTG   1   1   1   1   1   1 |     GCG   0   0   0   0   0   0 |     GAG   0   0   0   0   0   0 |     GGG   0   0   0   0   0   0
--------------------------------------------------------------------------------------------------------------------------------------

--------------------------------------------------------------------------------------------------------------------------------------
Phe TTT   4   4   4   4   4   4 | Ser TCT   2   2   2   1   2   2 | Tyr TAT   0   0   0   0   0   0 | Cys TGT   0   0   0   0   0   0
    TTC   1   1   1   1   1   1 |     TCC   0   0   0   1   0   0 |     TAC   0   0   0   0   0   0 |     TGC   0   0   0   0   0   0
Leu TTA   0   0   0   0   0   0 |     TCA   0   0   0   0   0   0 | *** TAA   0   0   0   0   0   0 | *** TGA   0   0   0   0   0   0
    TTG   0   1   0   0   0   1 |     TCG   0   0   0   0   0   0 |     TAG   0   0   0   0   0   0 | Trp TGG   0   0   0   0   0   0
--------------------------------------------------------------------------------------------------------------------------------------
Leu CTT   0   0   0   0   1   0 | Pro CCT   0   0   0   0   0   0 | His CAT   1   1   1   0   1   0 | Arg CGT   0   0   0   0   0   0
    CTC   1   1   1   1   0   1 |     CCC   0   0   0   0   0   0 |     CAC   0   0   0   1   0   1 |     CGC   0   0   0   0   0   0
    CTA   1   1   0   0   0   0 |     CCA   3   3   3   3   3   3 | Gln CAA   0   0   0   0   0   0 |     CGA   1   1   1   1   1   1
    CTG   2   1   3   3   3   2 |     CCG   0   0   0   0   0   0 |     CAG   2   2   2   2   2   2 |     CGG   0   0   0   0   0   0
--------------------------------------------------------------------------------------------------------------------------------------
Ile ATT   3   3   3   3   3   3 | Thr ACT   0   0   0   0   1   0 | Asn AAT   0   0   0   0   0   0 | Ser AGT   0   0   0   0   0   0
    ATC   1   1   1   1   1   1 |     ACC   3   3   3   4   2   3 |     AAC   1   1   1   0   1   1 |     AGC   0   0   0   0   0   0
    ATA   0   0   0   0   0   0 |     ACA   1   0   1   1   1   1 | Lys AAA   2   2   1   2   2   2 | Arg AGA   0   0   1   0   0   0
Met ATG   1   1   1   1   1   1 |     ACG   1   2   1   1   1   1 |     AAG   4   4   4   4   4   4 |     AGG   1   1   1   1   1   1
--------------------------------------------------------------------------------------------------------------------------------------
Val GTT   4   4   4   4   4   4 | Ala GCT   0   0   0   0   0   0 | Asp GAT   0   0   0   0   0   0 | Gly GGT   1   1   1   1   0   0
    GTC   2   2   2   2   2   2 |     GCC   1   1   1   1   1   1 |     GAC   2   2   2   2   2   2 |     GGC   2   2   2   2   3   3
    GTA   1   1   1   1   1   1 |     GCA   1   1   1   1   0   1 | Glu GAA   3   3   2   3   3   3 |     GGA   1   2   2   2   2   2
    GTG   1   1   1   1   1   1 |     GCG   0   0   0   0   1   0 |     GAG   0   0   1   0   0   0 |     GGG   1   0   0   0   0   0
--------------------------------------------------------------------------------------------------------------------------------------

--------------------------------------------------------------------------------------------------------------------------------------
Phe TTT   4   4   4   4   4   4 | Ser TCT   2   2   1   1   2   2 | Tyr TAT   0   0   0   0   0   0 | Cys TGT   0   0   0   0   0   0
    TTC   1   1   1   1   1   1 |     TCC   0   0   1   1   0   0 |     TAC   0   0   0   0   0   0 |     TGC   0   0   0   0   0   0
Leu TTA   0   0   0   0   0   0 |     TCA   0   0   0   0   0   0 | *** TAA   0   0   0   0   0   0 | *** TGA   0   0   0   0   0   0
    TTG   1   0   0   0   1   0 |     TCG   0   0   0   0   0   0 |     TAG   0   0   0   0   0   0 | Trp TGG   0   0   0   0   0   0
--------------------------------------------------------------------------------------------------------------------------------------
Leu CTT   0   0   0   0   0   0 | Pro CCT   0   0   0   0   0   0 | His CAT   0   1   0   0   1   1 | Arg CGT   0   0   0   0   0   0
    CTC   1   1   2   1   1   1 |     CCC   0   0   0   0   0   0 |     CAC   1   0   1   1   0   0 |     CGC   0   0   0   0   0   0
    CTA   0   0   0   0   1   0 |     CCA   3   3   3   3   3   3 | Gln CAA   0   1   0   0   0   0 |     CGA   1   1   1   1   1   1
    CTG   2   3   2   3   1   3 |     CCG   0   0   0   0   0   0 |     CAG   2   2   2   2   2   2 |     CGG   0   0   0   0   0   0
--------------------------------------------------------------------------------------------------------------------------------------
Ile ATT   3   3   3   3   3   3 | Thr ACT   0   0   0   0   0   0 | Asn AAT   0   0   0   0   0   0 | Ser AGT   0   0   0   0   0   0
    ATC   1   1   1   1   1   1 |     ACC   3   3   3   3   3   3 |     AAC   1   1   1   1   1   1 |     AGC   0   0   0   0   0   0
    ATA   0   0   0   0   0   0 |     ACA   0   1   1   1   1   1 | Lys AAA   2   1   2   2   2   1 | Arg AGA   0   0   0   0   0   0
Met ATG   1   1   1   1   1   1 |     ACG   2   1   1   1   1   1 |     AAG   4   4   4   4   4   5 |     AGG   1   1   1   1   1   1
--------------------------------------------------------------------------------------------------------------------------------------
Val GTT   4   4   4   4   4   4 | Ala GCT   0   0   0   0   0   0 | Asp GAT   0   0   0   0   0   0 | Gly GGT   0   0   0   0   1   1
    GTC   2   2   1   2   2   2 |     GCC   1   1   1   1   1   1 |     GAC   2   2   2   2   2   2 |     GGC   3   3   3   3   2   2
    GTA   1   1   1   1   1   1 |     GCA   1   1   1   1   1   1 | Glu GAA   3   3   3   3   3   3 |     GGA   2   2   2   2   2   2
    GTG   1   1   2   1   1   1 |     GCG   0   0   0   0   0   0 |     GAG   0   0   0   0   0   0 |     GGG   0   0   0   0   0   0
--------------------------------------------------------------------------------------------------------------------------------------

--------------------------------------------------------------------------------------------------------------------------------------
Phe TTT   4   4   4   4   4   4 | Ser TCT   2   2   2   1   1   1 | Tyr TAT   0   0   0   0   0   0 | Cys TGT   0   0   0   0   0   0
    TTC   1   1   1   1   1   1 |     TCC   0   0   0   1   0   0 |     TAC   0   0   0   0   0   0 |     TGC   0   0   0   0   0   0
Leu TTA   0   0   0   0   0   0 |     TCA   0   0   0   0   1   1 | *** TAA   0   0   0   0   0   0 | *** TGA   0   0   0   0   0   0
    TTG   0   0   0   1   1   1 |     TCG   0   0   0   0   0   0 |     TAG   0   0   0   0   0   0 | Trp TGG   0   0   0   0   0   0
--------------------------------------------------------------------------------------------------------------------------------------
Leu CTT   0   0   0   1   0   0 | Pro CCT   0   0   0   0   0   0 | His CAT   0   0   1   1   0   0 | Arg CGT   0   0   0   0   0   0
    CTC   1   1   1   0   1   1 |     CCC   0   0   0   0   0   0 |     CAC   1   1   0   0   1   1 |     CGC   0   0   0   0   0   0
    CTA   0   0   0   0   1   1 |     CCA   3   2   3   3   3   3 | Gln CAA   0   0   0   0   0   0 |     CGA   1   1   1   0   1   1
    CTG   3   3   3   2   1   1 |     CCG   0   1   0   0   0   0 |     CAG   2   1   2   2   2   2 |     CGG   0   1   0   0   0   0
--------------------------------------------------------------------------------------------------------------------------------------
Ile ATT   3   3   3   3   3   3 | Thr ACT   1   0   0   0   0   0 | Asn AAT   0   0   0   1   1   1 | Ser AGT   0   0   0   0   0   0
    ATC   1   1   1   1   1   1 |     ACC   2   3   3   3   3   3 |     AAC   1   1   1   0   0   0 |     AGC   0   0   0   0   0   0
    ATA   0   0   0   0   0   0 |     ACA   0   1   0   1   1   1 | Lys AAA   2   2   2   2   2   2 | Arg AGA   0   0   0   1   0   0
Met ATG   1   1   1   1   1   1 |     ACG   2   1   2   1   1   1 |     AAG   4   4   4   4   4   4 |     AGG   1   1   1   1   1   1
--------------------------------------------------------------------------------------------------------------------------------------
Val GTT   4   4   4   3   4   4 | Ala GCT   0   0   0   0   0   0 | Asp GAT   0   0   0   0   0   0 | Gly GGT   0   0   0   1   1   1
    GTC   2   2   2   2   2   2 |     GCC   1   1   1   1   1   1 |     GAC   2   2   2   2   2   2 |     GGC   3   3   2   2   2   2
    GTA   1   1   1   1   1   1 |     GCA   1   1   1   1   1   1 | Glu GAA   3   3   3   3   3   3 |     GGA   2   2   2   2   2   2
    GTG   1   1   1   2   1   1 |     GCG   0   0   0   0   0   0 |     GAG   0   0   0   0   0   0 |     GGG   0   0   1   0   0   0
--------------------------------------------------------------------------------------------------------------------------------------

Codon position x base (3x4) table for each sequence.

#1: Argali         
position  1:    T:0.12500    C:0.19643    A:0.32143    G:0.35714
position  2:    T:0.39286    C:0.21429    A:0.26786    G:0.12500
position  3:    T:0.26786    C:0.25000    A:0.25000    G:0.23214
Average         T:0.26190    C:0.22024    A:0.27976    G:0.23810

#2: LesserMouseDeer
position  1:    T:0.14286    C:0.17857    A:0.28571    G:0.39286
position  2:    T:0.39286    C:0.21429    A:0.26786    G:0.12500
position  3:    T:0.25000    C:0.26786    A:0.21429    G:0.26786
Average         T:0.26190    C:0.22024    A:0.25595    G:0.26190

#3: LesserKudu     
position  1:    T:0.14286    C:0.17857    A:0.32143    G:0.35714
position  2:    T:0.39286    C:0.21429    A:0.26786    G:0.12500
position  3:    T:0.25000    C:0.25000    A:0.28571    G:0.21429
Average         T:0.26190    C:0.21429    A:0.29167    G:0.23214

#4: ForestMuskDeer2
position  1:    T:0.14286    C:0.16071    A:0.33929    G:0.35714
position  2:    T:0.39286    C:0.21429    A:0.26786    G:0.12500
position  3:    T:0.25000    C:0.25000    A:0.25000    G:0.25000
Average         T:0.26190    C:0.20833    A:0.28571    G:0.24405

#5: Camel          
position  1:    T:0.16071    C:0.16071    A:0.32143    G:0.35714
position  2:    T:0.39286    C:0.21429    A:0.26786    G:0.12500
position  3:    T:0.26786    C:0.25000    A:0.26786    G:0.21429
Average         T:0.27381    C:0.20833    A:0.28571    G:0.23214

#6: KillerWhale    
position  1:    T:0.16071    C:0.16071    A:0.30357    G:0.37500
position  2:    T:0.39286    C:0.21429    A:0.25000    G:0.14286
position  3:    T:0.23214    C:0.28571    A:0.23214    G:0.25000
Average         T:0.26190    C:0.22024    A:0.26190    G:0.25595

#7: DefassaWaterbuck
position  1:    T:0.10714    C:0.19643    A:0.33929    G:0.35714
position  2:    T:0.39286    C:0.23214    A:0.25000    G:0.12500
position  3:    T:0.25000    C:0.26786    A:0.23214    G:0.25000
Average         T:0.25000    C:0.23214    A:0.27381    G:0.24405

#8: Sheep          
position  1:    T:0.12500    C:0.19643    A:0.32143    G:0.35714
position  2:    T:0.39286    C:0.21429    A:0.26786    G:0.12500
position  3:    T:0.26786    C:0.25000    A:0.25000    G:0.23214
Average         T:0.26190    C:0.22024    A:0.27976    G:0.23810

#9: MaxwellsDuiker 
position  1:    T:0.12500    C:0.19643    A:0.32143    G:0.35714
position  2:    T:0.39286    C:0.21429    A:0.26786    G:0.12500
position  3:    T:0.21429    C:0.30357    A:0.25000    G:0.23214
Average         T:0.24405    C:0.23810    A:0.27976    G:0.23810

#10: GazellaPrzewalskyi
position  1:    T:0.12500    C:0.19643    A:0.32143    G:0.35714
position  2:    T:0.39286    C:0.21429    A:0.26786    G:0.12500
position  3:    T:0.26786    C:0.25000    A:0.25000    G:0.23214
Average         T:0.26190    C:0.22024    A:0.27976    G:0.23810

#11: MountainNyala  
position  1:    T:0.14286    C:0.17857    A:0.32143    G:0.35714
position  2:    T:0.39286    C:0.21429    A:0.26786    G:0.12500
position  3:    T:0.21429    C:0.28571    A:0.28571    G:0.21429
Average         T:0.25000    C:0.22619    A:0.29167    G:0.23214

#12: MuntiacusMuntjak
position  1:    T:0.12500    C:0.19643    A:0.32143    G:0.35714
position  2:    T:0.39286    C:0.21429    A:0.26786    G:0.12500
position  3:    T:0.21429    C:0.30357    A:0.25000    G:0.23214
Average         T:0.24405    C:0.23810    A:0.27976    G:0.23810

#13: goat           
position  1:    T:0.12500    C:0.19643    A:0.32143    G:0.35714
position  2:    T:0.39286    C:0.21429    A:0.25000    G:0.14286
position  3:    T:0.26786    C:0.25000    A:0.25000    G:0.23214
Average         T:0.26190    C:0.22024    A:0.27381    G:0.24405

#14: AfricanBuffalo 
position  1:    T:0.14286    C:0.17857    A:0.32143    G:0.35714
position  2:    T:0.39286    C:0.21429    A:0.26786    G:0.12500
position  3:    T:0.26786    C:0.25000    A:0.25000    G:0.23214
Average         T:0.26786    C:0.21429    A:0.27976    G:0.23810

#15: Topi           
position  1:    T:0.12500    C:0.19643    A:0.32143    G:0.35714
position  2:    T:0.39286    C:0.21429    A:0.26786    G:0.12500
position  3:    T:0.26786    C:0.25000    A:0.25000    G:0.23214
Average         T:0.26190    C:0.22024    A:0.27976    G:0.23810

#16: CommonDuiker   
position  1:    T:0.12500    C:0.19643    A:0.32143    G:0.35714
position  2:    T:0.39286    C:0.21429    A:0.26786    G:0.12500
position  3:    T:0.25000    C:0.28571    A:0.23214    G:0.23214
Average         T:0.25595    C:0.23214    A:0.27381    G:0.23810

#17: Suni           
position  1:    T:0.12500    C:0.19643    A:0.32143    G:0.35714
position  2:    T:0.39286    C:0.21429    A:0.26786    G:0.12500
position  3:    T:0.26786    C:0.25000    A:0.25000    G:0.23214
Average         T:0.26190    C:0.22024    A:0.27976    G:0.23810

#18: Springbuck     
position  1:    T:0.12500    C:0.19643    A:0.32143    G:0.35714
position  2:    T:0.39286    C:0.21429    A:0.26786    G:0.12500
position  3:    T:0.25000    C:0.26786    A:0.25000    G:0.23214
Average         T:0.25595    C:0.22619    A:0.27976    G:0.23810

#19: Okapi          
position  1:    T:0.14286    C:0.17857    A:0.32143    G:0.35714
position  2:    T:0.39286    C:0.21429    A:0.26786    G:0.12500
position  3:    T:0.26786    C:0.23214    A:0.26786    G:0.23214
Average         T:0.26786    C:0.20833    A:0.28571    G:0.23810

#20: Giraffe        
position  1:    T:0.14286    C:0.17857    A:0.32143    G:0.35714
position  2:    T:0.39286    C:0.21429    A:0.26786    G:0.12500
position  3:    T:0.26786    C:0.23214    A:0.26786    G:0.23214
Average         T:0.26786    C:0.20833    A:0.28571    G:0.23810

#21: TibetanAntelope
position  1:    T:0.12500    C:0.19643    A:0.32143    G:0.35714
position  2:    T:0.39286    C:0.21429    A:0.26786    G:0.12500
position  3:    T:0.26786    C:0.25000    A:0.25000    G:0.23214
Average         T:0.26190    C:0.22024    A:0.27976    G:0.23810

#22: Sitatunga      
position  1:    T:0.14286    C:0.17857    A:0.32143    G:0.35714
position  2:    T:0.39286    C:0.21429    A:0.26786    G:0.12500
position  3:    T:0.23214    C:0.26786    A:0.28571    G:0.21429
Average         T:0.25595    C:0.22024    A:0.29167    G:0.23214

#23: Oribi          
position  1:    T:0.12500    C:0.19643    A:0.32143    G:0.35714
position  2:    T:0.39286    C:0.21429    A:0.26786    G:0.12500
position  3:    T:0.25000    C:0.26786    A:0.25000    G:0.23214
Average         T:0.25595    C:0.22619    A:0.27976    G:0.23810

#24: BarbarySheep   
position  1:    T:0.12500    C:0.19643    A:0.32143    G:0.35714
position  2:    T:0.39286    C:0.21429    A:0.25000    G:0.14286
position  3:    T:0.26786    C:0.25000    A:0.25000    G:0.23214
Average         T:0.26190    C:0.22024    A:0.27381    G:0.24405

#25: Daviddeer      
position  1:    T:0.14286    C:0.17857    A:0.32143    G:0.35714
position  2:    T:0.39286    C:0.21429    A:0.26786    G:0.12500
position  3:    T:0.23214    C:0.28571    A:0.23214    G:0.25000
Average         T:0.25595    C:0.22619    A:0.27381    G:0.24405

#26: Reindeer       
position  1:    T:0.12500    C:0.19643    A:0.32143    G:0.35714
position  2:    T:0.39286    C:0.21429    A:0.26786    G:0.12500
position  3:    T:0.23214    C:0.28571    A:0.25000    G:0.23214
Average         T:0.25000    C:0.23214    A:0.27976    G:0.23810

#27: Ibex           
position  1:    T:0.12500    C:0.19643    A:0.32143    G:0.35714
position  2:    T:0.39286    C:0.21429    A:0.25000    G:0.14286
position  3:    T:0.28571    C:0.23214    A:0.25000    G:0.23214
Average         T:0.26786    C:0.21429    A:0.27381    G:0.24405

#28: GyrantGazelle  
position  1:    T:0.12500    C:0.19643    A:0.32143    G:0.35714
position  2:    T:0.39286    C:0.21429    A:0.26786    G:0.12500
position  3:    T:0.25000    C:0.26786    A:0.25000    G:0.23214
Average         T:0.25595    C:0.22619    A:0.27976    G:0.23810

#29: Hartebeest     
position  1:    T:0.12500    C:0.19643    A:0.32143    G:0.35714
position  2:    T:0.39286    C:0.21429    A:0.26786    G:0.12500
position  3:    T:0.26786    C:0.25000    A:0.25000    G:0.23214
Average         T:0.26190    C:0.22024    A:0.27976    G:0.23810

#30: Bongo          
position  1:    T:0.14286    C:0.17857    A:0.32143    G:0.35714
position  2:    T:0.39286    C:0.21429    A:0.26786    G:0.12500
position  3:    T:0.23214    C:0.26786    A:0.28571    G:0.21429
Average         T:0.25595    C:0.22024    A:0.29167    G:0.23214

#31: Gerenuk        
position  1:    T:0.12500    C:0.19643    A:0.32143    G:0.35714
position  2:    T:0.39286    C:0.21429    A:0.26786    G:0.12500
position  3:    T:0.26786    C:0.25000    A:0.25000    G:0.23214
Average         T:0.26190    C:0.22024    A:0.27976    G:0.23810

#32: CommonEland    
position  1:    T:0.14286    C:0.17857    A:0.32143    G:0.35714
position  2:    T:0.39286    C:0.21429    A:0.26786    G:0.12500
position  3:    T:0.25000    C:0.23214    A:0.30357    G:0.21429
Average         T:0.26190    C:0.20833    A:0.29762    G:0.23214

#33: MuntiacusReevesi
position  1:    T:0.12500    C:0.21429    A:0.32143    G:0.33929
position  2:    T:0.39286    C:0.21429    A:0.26786    G:0.12500
position  3:    T:0.23214    C:0.30357    A:0.25000    G:0.21429
Average         T:0.25000    C:0.24405    A:0.27976    G:0.22619

#34: HarveysDuiker  
position  1:    T:0.12500    C:0.19643    A:0.32143    G:0.35714
position  2:    T:0.39286    C:0.21429    A:0.26786    G:0.12500
position  3:    T:0.23214    C:0.30357    A:0.23214    G:0.23214
Average         T:0.25000    C:0.23810    A:0.27381    G:0.23810

#35: Pronghorn      
position  1:    T:0.14286    C:0.17857    A:0.32143    G:0.35714
position  2:    T:0.39286    C:0.21429    A:0.26786    G:0.12500
position  3:    T:0.26786    C:0.25000    A:0.25000    G:0.23214
Average         T:0.26786    C:0.21429    A:0.27976    G:0.23810

#36: BlueWildebeest 
position  1:    T:0.12500    C:0.19643    A:0.32143    G:0.35714
position  2:    T:0.39286    C:0.21429    A:0.26786    G:0.12500
position  3:    T:0.26786    C:0.25000    A:0.26786    G:0.21429
Average         T:0.26190    C:0.22024    A:0.28571    G:0.23214

#37: Gemsbok        
position  1:    T:0.12500    C:0.19643    A:0.32143    G:0.35714
position  2:    T:0.39286    C:0.21429    A:0.26786    G:0.12500
position  3:    T:0.26786    C:0.25000    A:0.25000    G:0.23214
Average         T:0.26190    C:0.22024    A:0.27976    G:0.23810

#38: Yak            
position  1:    T:0.14286    C:0.17857    A:0.32143    G:0.35714
position  2:    T:0.39286    C:0.21429    A:0.26786    G:0.12500
position  3:    T:0.26786    C:0.25000    A:0.25000    G:0.23214
Average         T:0.26786    C:0.21429    A:0.27976    G:0.23810

#39: BlueSheep      
position  1:    T:0.12500    C:0.19643    A:0.32143    G:0.35714
position  2:    T:0.39286    C:0.21429    A:0.25000    G:0.14286
position  3:    T:0.26786    C:0.25000    A:0.23214    G:0.25000
Average         T:0.26190    C:0.22024    A:0.26786    G:0.25000

#40: BohorReedbuck  
position  1:    T:0.12500    C:0.19643    A:0.32143    G:0.35714
position  2:    T:0.39286    C:0.23214    A:0.25000    G:0.12500
position  3:    T:0.23214    C:0.28571    A:0.25000    G:0.23214
Average         T:0.25000    C:0.23810    A:0.27381    G:0.23810

#41: KirksDik       
position  1:    T:0.12500    C:0.19643    A:0.32143    G:0.35714
position  2:    T:0.39286    C:0.21429    A:0.26786    G:0.12500
position  3:    T:0.28571    C:0.23214    A:0.23214    G:0.25000
Average         T:0.26786    C:0.21429    A:0.27381    G:0.24405

#42: RoeDeer        
position  1:    T:0.14286    C:0.17857    A:0.32143    G:0.35714
position  2:    T:0.39286    C:0.21429    A:0.26786    G:0.12500
position  3:    T:0.23214    C:0.28571    A:0.25000    G:0.23214
Average         T:0.25595    C:0.22619    A:0.27976    G:0.23810

#43: WhiteLippedDeer
position  1:    T:0.14286    C:0.17857    A:0.32143    G:0.35714
position  2:    T:0.39286    C:0.21429    A:0.26786    G:0.12500
position  3:    T:0.23214    C:0.28571    A:0.23214    G:0.25000
Average         T:0.25595    C:0.22619    A:0.27381    G:0.24405

#44: ThomsonGazelle 
position  1:    T:0.12500    C:0.21429    A:0.30357    G:0.35714
position  2:    T:0.39286    C:0.21429    A:0.26786    G:0.12500
position  3:    T:0.25000    C:0.26786    A:0.25000    G:0.23214
Average         T:0.25595    C:0.23214    A:0.27381    G:0.23810

#45: MuntiacusCrinifrons
position  1:    T:0.12500    C:0.19643    A:0.32143    G:0.35714
position  2:    T:0.39286    C:0.21429    A:0.26786    G:0.12500
position  3:    T:0.21429    C:0.30357    A:0.25000    G:0.23214
Average         T:0.24405    C:0.23810    A:0.27976    G:0.23810

#46: WhiteTailedDeer
position  1:    T:0.12500    C:0.19643    A:0.32143    G:0.35714
position  2:    T:0.39286    C:0.21429    A:0.26786    G:0.12500
position  3:    T:0.21429    C:0.30357    A:0.25000    G:0.23214
Average         T:0.24405    C:0.23810    A:0.27976    G:0.23810

#47: Cattle         
position  1:    T:0.14286    C:0.17857    A:0.32143    G:0.35714
position  2:    T:0.39286    C:0.21429    A:0.26786    G:0.12500
position  3:    T:0.26786    C:0.25000    A:0.26786    G:0.21429
Average         T:0.26786    C:0.21429    A:0.28571    G:0.23214

#48: RoyalAntelope  
position  1:    T:0.12500    C:0.19643    A:0.32143    G:0.35714
position  2:    T:0.39286    C:0.21429    A:0.26786    G:0.12500
position  3:    T:0.26786    C:0.25000    A:0.23214    G:0.25000
Average         T:0.26190    C:0.22024    A:0.27381    G:0.24405

#49: Steenbok       
position  1:    T:0.12500    C:0.19643    A:0.32143    G:0.35714
position  2:    T:0.39286    C:0.21429    A:0.26786    G:0.12500
position  3:    T:0.25000    C:0.26786    A:0.23214    G:0.25000
Average         T:0.25595    C:0.22619    A:0.27381    G:0.24405

#50: Impala         
position  1:    T:0.12500    C:0.19643    A:0.32143    G:0.35714
position  2:    T:0.39286    C:0.21429    A:0.25000    G:0.14286
position  3:    T:0.23214    C:0.28571    A:0.23214    G:0.25000
Average         T:0.25000    C:0.23214    A:0.26786    G:0.25000

#51: Klipspringer   
position  1:    T:0.12500    C:0.19643    A:0.32143    G:0.35714
position  2:    T:0.39286    C:0.21429    A:0.26786    G:0.12500
