CODONML (in paml version 4.10.7, June 2023)  /home/rachel/ruminants_paml/6406-phy-tree/ENSBTAT00000061634.fasta.phy
Model: free dN/dS Ratios for branches,  kappa = 2.000 fixed

Codon frequency model: F3x4
ns =  54  ls = 138

Codon usage in sequences
--------------------------------------------------------------------------------------------------------------------------------------
Phe TTT   2   2   2   2   1   1 | Ser TCT   1   2   1   1   1   1 | Tyr TAT   0   0   0   0   0   0 | Cys TGT   2   2   2   2   2   2
    TTC   0   0   0   0   1   1 |     TCC   3   2   3   3   3   3 |     TAC   4   4   4   4   4   4 |     TGC   1   1   1   1   1   1
Leu TTA   1   1   1   1   1   1 |     TCA   0   0   0   0   0   0 | *** TAA   0   0   0   0   0   0 | *** TGA   0   0   0   0   0   0
    TTG   1   1   1   1   1   1 |     TCG   0   0   0   0   0   0 |     TAG   0   0   0   0   0   0 | Trp TGG   2   2   2   2   2   2
--------------------------------------------------------------------------------------------------------------------------------------
Leu CTT   1   1   1   1   0   1 | Pro CCT   2   1   1   1   1   1 | His CAT   1   1   1   1   1   1 | Arg CGT   0   1   0   0   0   0
    CTC   1   1   1   1   2   1 |     CCC   5   6   6   6   7   7 |     CAC   3   3   3   3   3   3 |     CGC   1   1   1   1   1   1
    CTA   0   0   0   0   0   0 |     CCA   2   0   2   2   1   0 | Gln CAA   0   0   0   0   0   0 |     CGA   1   0   1   1   1   1
    CTG   6   6   6   6   6   6 |     CCG   0   2   0   0   0   1 |     CAG   5   5   5   5   5   5 |     CGG   5   4   5   5   5   5
--------------------------------------------------------------------------------------------------------------------------------------
Ile ATT   2   3   2   2   3   2 | Thr ACT   3   2   3   3   3   3 | Asn AAT   0   0   1   0   0   2 | Ser AGT   0   1   0   0   0   0
    ATC   8   7   8   8   7   8 |     ACC   1   1   1   1   0   1 |     AAC   5   5   4   5   5   3 |     AGC   4   3   4   4   4   4
    ATA   0   0   0   0   0   0 |     ACA   1   0   2   2   2   2 | Lys AAA   4   3   4   4   4   3 | Arg AGA   2   3   3   3   2   2
Met ATG   1   1   1   1   1   1 |     ACG   1   3   0   0   1   0 |     AAG   3   4   3   3   3   4 |     AGG   3   3   2   2   3   3
--------------------------------------------------------------------------------------------------------------------------------------
Val GTT   1   1   1   1   0   1 | Ala GCT   1   1   1   1   0   1 | Asp GAT   1   1   1   1   1   1 | Gly GGT   2   2   2   2   4   3
    GTC   4   4   4   4   4   4 |     GCC   3   3   3   3   4   3 |     GAC   6   6   6   6   6   6 |     GGC   8   8   7   8   6   7
    GTA   2   2   1   1   1   1 |     GCA   1   1   2   1   2   1 | Glu GAA   1   1   1   1   2   1 |     GGA   3   3   3   3   3   3
    GTG   9   9  10  10  11  10 |     GCG   1   1   0   1   0   1 |     GAG   5   5   5   5   4   5 |     GGG   2   2   3   2   2   2
--------------------------------------------------------------------------------------------------------------------------------------

--------------------------------------------------------------------------------------------------------------------------------------
Phe TTT   2   2   2   2   2   2 | Ser TCT   1   1   1   1   1   1 | Tyr TAT   0   0   0   0   0   0 | Cys TGT   2   2   2   1   2   2
    TTC   0   0   0   0   0   0 |     TCC   3   3   3   3   3   3 |     TAC   4   4   4   4   4   4 |     TGC   1   1   1   2   1   1
Leu TTA   1   1   1   1   1   1 |     TCA   0   0   0   0   0   0 | *** TAA   0   0   0   0   0   0 | *** TGA   0   0   0   0   0   0
    TTG   1   1   1   1   1   1 |     TCG   0   0   0   0   0   0 |     TAG   0   0   0   0   0   0 | Trp TGG   2   2   2   2   2   2
--------------------------------------------------------------------------------------------------------------------------------------
Leu CTT   1   2   1   1   1   1 | Pro CCT   1   3   1   1   1   2 | His CAT   1   2   1   1   1   1 | Arg CGT   0   2   0   0   0   0
    CTC   1   1   1   1   1   1 |     CCC   6   4   5   6   6   5 |     CAC   3   2   3   3   3   3 |     CGC   1   2   1   1   1   1
    CTA   0   1   0   0   0   0 |     CCA   2   2   3   2   2   2 | Gln CAA   0   0   0   0   0   0 |     CGA   1   1   1   1   1   1
    CTG   6   4   6   6   6   6 |     CCG   0   0   0   0   0   0 |     CAG   5   5   5   5   5   5 |     CGG   5   2   5   5   5   5
--------------------------------------------------------------------------------------------------------------------------------------
Ile ATT   2   3   2   2   2   1 | Thr ACT   3   3   3   3   4   3 | Asn AAT   0   1   0   0   1   0 | Ser AGT   0   0   0   0   0   0
    ATC   8   7   8   8   8   9 |     ACC   1   1   0   1   0   1 |     AAC   5   4   5   5   4   5 |     AGC   4   4   4   4   4   4
    ATA   0   0   0   0   0   0 |     ACA   2   1   2   2   2   2 | Lys AAA   4   3   4   4   4   4 | Arg AGA   2   3   2   2   3   2
Met ATG   1   1   1   1   1   1 |     ACG   0   1   1   0   0   0 |     AAG   3   4   3   3   3   3 |     AGG   3   2   3   3   2   3
--------------------------------------------------------------------------------------------------------------------------------------
Val GTT   0   1   1   1   1   1 | Ala GCT   1   1   1   1   1   1 | Asp GAT   1   1   1   1   1   1 | Gly GGT   2   2   2   2   2   2
    GTC   5   4   4   4   4   5 |     GCC   3   4   3   3   3   2 |     GAC   6   6   6   6   6   6 |     GGC   8   8   8   8   7   8
    GTA   1   2   1   1   1   1 |     GCA   1   1   0   1   1   1 | Glu GAA   1   2   1   1   1   1 |     GGA   3   4   3   3   3   3
    GTG  10   8  10  10  10  10 |     GCG   1   1   2   1   1   1 |     GAG   5   4   5   5   5   5 |     GGG   2   1   2   2   3   2
--------------------------------------------------------------------------------------------------------------------------------------

--------------------------------------------------------------------------------------------------------------------------------------
Phe TTT   2   2   2   2   2   2 | Ser TCT   1   1   1   1   1   1 | Tyr TAT   0   0   0   0   1   0 | Cys TGT   2   2   2   2   2   1
    TTC   0   0   0   0   0   0 |     TCC   3   3   3   3   2   2 |     TAC   4   4   4   4   3   4 |     TGC   1   1   1   1   1   2
Leu TTA   1   1   1   1   1   1 |     TCA   0   0   0   0   0   1 | *** TAA   0   0   0   0   0   0 | *** TGA   0   0   0   0   0   0
    TTG   1   1   1   1   1   1 |     TCG   0   0   0   0   1   0 |     TAG   0   0   0   0   0   0 | Trp TGG   2   2   2   2   2   2
--------------------------------------------------------------------------------------------------------------------------------------
Leu CTT   1   1   1   1   1   1 | Pro CCT   1   1   1   1   2   2 | His CAT   1   1   1   1   1   1 | Arg CGT   0   0   0   0   0   0
    CTC   1   1   1   1   1   1 |     CCC   6   6   6   5   5   5 |     CAC   3   3   3   3   3   3 |     CGC   1   1   1   1   1   1
    CTA   0   0   0   0   0   0 |     CCA   2   2   2   3   2   2 | Gln CAA   0   0   0   0   0   0 |     CGA   1   1   1   1   1   1
    CTG   6   6   6   6   6   6 |     CCG   0   0   0   0   0   0 |     CAG   5   5   5   5   5   5 |     CGG   5   5   5   5   5   5
--------------------------------------------------------------------------------------------------------------------------------------
Ile ATT   2   2   2   2   3   2 | Thr ACT   3   3   3   3   3   3 | Asn AAT   0   0   0   0   0   0 | Ser AGT   0   0   0   0   0   0
    ATC   8   8   8   8   7   8 |     ACC   1   1   1   0   1   1 |     AAC   5   5   5   5   5   5 |     AGC   4   4   4   4   4   4
    ATA   0   0   0   0   0   0 |     ACA   1   2   1   2   2   2 | Lys AAA   4   4   4   4   4   4 | Arg AGA   2   2   2   2   2   2
Met ATG   1   1   1   1   1   1 |     ACG   1   0   1   1   0   0 |     AAG   3   3   3   3   3   3 |     AGG   3   3   3   3   3   3
--------------------------------------------------------------------------------------------------------------------------------------
Val GTT   1   1   1   1   1   1 | Ala GCT   1   1   1   1   1   1 | Asp GAT   1   1   1   1   1   1 | Gly GGT   2   2   2   2   2   2
    GTC   4   4   4   4   4   4 |     GCC   3   3   3   3   3   3 |     GAC   6   6   6   6   6   6 |     GGC   8   8   8   8   8   7
    GTA   2   1   1   1   1   1 |     GCA   1   2   1   0   1   1 | Glu GAA   1   1   1   1   1   1 |     GGA   3   3   3   3   3   4
    GTG   9  10  10  10  10  10 |     GCG   1   0   1   2   1   1 |     GAG   5   5   5   5   5   5 |     GGG   2   2   2   2   2   2
--------------------------------------------------------------------------------------------------------------------------------------

--------------------------------------------------------------------------------------------------------------------------------------
Phe TTT   2   2   2   2   2   2 | Ser TCT   1   1   1   1   1   1 | Tyr TAT   0   0   0   0   0   0 | Cys TGT   2   2   2   2   2   2
    TTC   0   0   0   0   0   0 |     TCC   3   3   3   3   3   3 |     TAC   4   4   4   4   4   4 |     TGC   1   1   1   1   1   1
Leu TTA   1   1   1   1   1   1 |     TCA   0   0   0   0   0   0 | *** TAA   0   0   0   0   0   0 | *** TGA   0   0   0   0   0   0
    TTG   1   1   1   1   1   1 |     TCG   0   0   0   0   0   0 |     TAG   0   0   0   0   0   0 | Trp TGG   2   2   2   2   2   2
--------------------------------------------------------------------------------------------------------------------------------------
Leu CTT   1   1   1   1   1   1 | Pro CCT   1   1   1   1   1   1 | His CAT   1   1   1   1   1   1 | Arg CGT   0   0   0   0   0   0
    CTC   1   1   1   1   1   1 |     CCC   6   6   6   6   6   6 |     CAC   3   3   3   3   3   3 |     CGC   1   1   1   1   1   1
    CTA   0   0   0   0   0   0 |     CCA   2   2   2   2   2   2 | Gln CAA   0   0   0   0   0   0 |     CGA   1   1   1   1   1   1
    CTG   6   6   6   6   6   6 |     CCG   0   0   0   0   0   0 |     CAG   5   5   5   5   5   5 |     CGG   5   5   4   5   5   5
--------------------------------------------------------------------------------------------------------------------------------------
Ile ATT   2   2   3   2   2   2 | Thr ACT   3   3   3   3   4   3 | Asn AAT   1   0   1   1   0   0 | Ser AGT   0   0   0   0   0   0
    ATC   8   8   7   8   8   8 |     ACC   1   1   1   1   0   1 |     AAC   4   5   4   4   5   5 |     AGC   4   4   4   4   4   4
    ATA   0   0   0   0   0   0 |     ACA   2   2   1   2   2   1 | Lys AAA   3   4   4   4   4   4 | Arg AGA   2   2   2   3   2   2
Met ATG   1   1   1   1   1   1 |     ACG   0   0   1   0   0   1 |     AAG   5   4   3   3   3   3 |     AGG   3   3   4   2   3   3
--------------------------------------------------------------------------------------------------------------------------------------
Val GTT   1   1   1   1   1   1 | Ala GCT   1   1   1   1   1   1 | Asp GAT   1   1   1   1   1   2 | Gly GGT   2   2   2   2   2   2
    GTC   4   4   4   4   4   4 |     GCC   3   3   3   3   3   3 |     GAC   6   6   6   6   6   5 |     GGC   8   8   8   7   7   8
    GTA   1   1   2   1   1   2 |     GCA   2   1   1   1   0   1 | Glu GAA   1   1   1   1   1   1 |     GGA   3   3   3   3   4   3
    GTG  10  10   9  10  10   9 |     GCG   0   1   1   1   2   1 |     GAG   4   4   5   5   5   5 |     GGG   2   2   2   3   2   2
--------------------------------------------------------------------------------------------------------------------------------------

--------------------------------------------------------------------------------------------------------------------------------------
Phe TTT   2   2   2   2   2   2 | Ser TCT   1   1   1   1   1   1 | Tyr TAT   0   1   0   0   0   0 | Cys TGT   2   2   2   1   2   2
    TTC   0   0   0   0   0   0 |     TCC   3   3   3   2   3   3 |     TAC   4   3   4   4   4   4 |     TGC   1   1   1   2   1   1
Leu TTA   1   1   1   1   1   1 |     TCA   0   0   0   1   0   0 | *** TAA   0   0   0   0   0   0 | *** TGA   0   0   0   0   0   0
    TTG   1   1   1   1   1   1 |     TCG   0   0   0   0   0   0 |     TAG   0   0   0   0   0   0 | Trp TGG   2   2   2   2   2   2
--------------------------------------------------------------------------------------------------------------------------------------
Leu CTT   1   1   1   1   1   1 | Pro CCT   2   2   1   1   1   1 | His CAT   1   1   1   1   1   1 | Arg CGT   0   0   0   0   0   0
    CTC   1   1   1   1   1   1 |     CCC   5   5   6   6   6   6 |     CAC   3   3   3   3   3   3 |     CGC   1   1   1   1   1   1
    CTA   0   0   0   0   0   0 |     CCA   1   2   2   1   2   2 | Gln CAA   0   0   0   0   0   0 |     CGA   1   1   1   1   1   1
    CTG   6   6   6   6   6   6 |     CCG   1   0   0   1   0   0 |     CAG   5   5   5   5   5   5 |     CGG   5   5   5   5   5   5
--------------------------------------------------------------------------------------------------------------------------------------
Ile ATT   2   2   2   2   2   2 | Thr ACT   4   3   3   3   3   3 | Asn AAT   0   0   0   0   0   1 | Ser AGT   0   0   0   0   0   0
    ATC   8   8   8   8   8   8 |     ACC   0   1   1   1   1   1 |     AAC   5   5   5   5   5   4 |     AGC   4   4   4   4   4   4
    ATA   0   0   0   0   0   0 |     ACA   2   2   1   2   1   2 | Lys AAA   4   4   4   4   4   4 | Arg AGA   2   2   2   2   2   3
Met ATG   1   1   1   1   1   1 |     ACG   0   0   1   0   1   0 |     AAG   3   3   3   3   3   3 |     AGG   3   3   3   3   3   2
--------------------------------------------------------------------------------------------------------------------------------------
Val GTT   1   1   1   1   1   1 | Ala GCT   1   1   1   1   1   1 | Asp GAT   1   1   1   1   1   1 | Gly GGT   2   2   2   2   2   2
    GTC   4   4   4   4   4   4 |     GCC   3   3   3   3   3   3 |     GAC   6   6   6   6   6   6 |     GGC   8   8   8   8   8   7
    GTA   1   1   2   1   1   1 |     GCA   1   1   1   1   1   1 | Glu GAA   1   1   1   1   1   1 |     GGA   3   3   3   3   3   3
    GTG  10  10   9  10  10  10 |     GCG   1   1   1   1   1   1 |     GAG   5   5   5   5   5   5 |     GGG   2   2   2   2   2   3
--------------------------------------------------------------------------------------------------------------------------------------

--------------------------------------------------------------------------------------------------------------------------------------
Phe TTT   2   2   2   2   2   2 | Ser TCT   1   1   1   1   1   1 | Tyr TAT   0   0   0   0   1   0 | Cys TGT   1   2   2   2   2   2
    TTC   0   0   0   0   0   0 |     TCC   2   3   3   3   3   3 |     TAC   4   4   4   4   3   4 |     TGC   2   1   1   1   1   1
Leu TTA   1   1   1   1   1   1 |     TCA   1   0   0   0   0   0 | *** TAA   0   0   0   0   0   0 | *** TGA   0   0   0   0   0   0
    TTG   1   1   1   1   1   1 |     TCG   0   0   0   0   0   0 |     TAG   0   0   0   0   0   0 | Trp TGG   2   2   2   2   2   2
--------------------------------------------------------------------------------------------------------------------------------------
Leu CTT   1   1   1   1   1   1 | Pro CCT   1   1   2   1   0   1 | His CAT   1   1   1   1   1   1 | Arg CGT   0   0   0   0   0   0
    CTC   1   1   1   1   1   1 |     CCC   6   6   5   5   6   6 |     CAC   3   3   3   3   3   3 |     CGC   1   1   1   1   1   1
    CTA   0   0   0   0   1   0 |     CCA   2   2   2   3   2   2 | Gln CAA   0   0   0   0   0   0 |     CGA   1   1   1   1   0   1
    CTG   6   6   6   6   5   6 |     CCG   0   0   0   0   1   0 |     CAG   5   5   5   5   5   5 |     CGG   5   5   5   5   6   5
--------------------------------------------------------------------------------------------------------------------------------------
Ile ATT   2   2   1   2   2   2 | Thr ACT   3   3   3   3   3   3 | Asn AAT   0   1   0   0   0   0 | Ser AGT   0   0   0   0   1   0
    ATC   8   8   9   8   8   8 |     ACC   1   1   1   0   1   1 |     AAC   5   4   5   5   5   5 |     AGC   4   4   4   4   3   4
    ATA   0   0   0   0   0   0 |     ACA   2   2   2   2   3   1 | Lys AAA   4   4   4   4   4   4 | Arg AGA   2   3   2   2   0   2
Met ATG   1   1   1   1   1   1 |     ACG   0   0   0   1   0   1 |     AAG   3   3   3   3   3   3 |     AGG   3   2   3   3   4   3
--------------------------------------------------------------------------------------------------------------------------------------
Val GTT   1   1   1   1   1   1 | Ala GCT   1   1   1   1   1   1 | Asp GAT   1   1   1   1   2   1 | Gly GGT   2   2   2   2   2   2
    GTC   4   4   5   4   4   4 |     GCC   3   3   2   3   3   3 |     GAC   6   6   6   6   5   6 |     GGC   7   7   8   8   7   8
    GTA   1   1   1   1   1   1 |     GCA   1   1   1   0   1   1 | Glu GAA   1   1   1   1   1   1 |     GGA   4   3   3   3   3   3
    GTG  10  10  10  10  10  10 |     GCG   1   1   1   2   1   1 |     GAG   5   5   5   5   5   5 |     GGG   2   3   2   2   3   2
--------------------------------------------------------------------------------------------------------------------------------------

--------------------------------------------------------------------------------------------------------------------------------------
Phe TTT   2   2   2   2   2   2 | Ser TCT   2   1   1   1   1   1 | Tyr TAT   0   0   0   0   0   1 | Cys TGT   2   2   2   2   1   2
    TTC   0   0   0   0   0   0 |     TCC   2   3   3   3   3   3 |     TAC   4   4   4   4   4   3 |     TGC   1   1   1   1   2   1
Leu TTA   1   1   1   1   1   1 |     TCA   0   0   0   0   0   0 | *** TAA   0   0   0   0   0   0 | *** TGA   0   0   0   0   0   0
    TTG   1   1   1   1   1   1 |     TCG   0   0   0   0   0   0 |     TAG   0   0   0   0   0   0 | Trp TGG   2   2   2   2   2   2
--------------------------------------------------------------------------------------------------------------------------------------
Leu CTT   1   1   1   1   1   1 | Pro CCT   1   1   1   1   1   2 | His CAT   1   1   1   1   1   1 | Arg CGT   0   0   0   0   0   0
    CTC   1   1   1   1   1   1 |     CCC   6   6   6   6   6   5 |     CAC   3   3   3   3   3   3 |     CGC   1   1   1   1   1   1
    CTA   0   0   0   0   0   0 |     CCA   1   2   2   2   2   2 | Gln CAA   0   0   0   0   0   0 |     CGA   1   1   1   1   1   1
    CTG   6   6   6   6   6   6 |     CCG   1   0   0   0   0   0 |     CAG   5   5   5   5   5   5 |     CGG   5   5   5   5   5   5
--------------------------------------------------------------------------------------------------------------------------------------
Ile ATT   3   2   2   2   2   2 | Thr ACT   3   3   3   2   4   3 | Asn AAT   0   0   0   0   0   0 | Ser AGT   0   0   0   0   0   0
    ATC   7   8   8   8   8   8 |     ACC   1   1   1   1   0   1 |     AAC   5   5   5   5   5   5 |     AGC   4   4   4   4   4   4
    ATA   0   0   0   0   0   0 |     ACA   2   2   1   2   2   2 | Lys AAA   4   4   4   4   4   5 | Arg AGA   2   2   2   2   2   2
Met ATG   1   1   1   1   1   1 |     ACG   0   0   1   1   0   0 |     AAG   3   3   3   3   3   2 |     AGG   3   3   3   3   3   3
--------------------------------------------------------------------------------------------------------------------------------------
Val GTT   1   1   1   1   1   1 | Ala GCT   1   1   1   1   1   1 | Asp GAT   2   1   1   1   1   1 | Gly GGT   2   3   2   2   2   3
    GTC   4   4   4   4   4   4 |     GCC   3   3   3   3   3   3 |     GAC   5   6   6   6   6   6 |     GGC   8   7   8   8   8   7
    GTA   1   1   2   1   1   1 |     GCA   1   2   1   1   2   1 | Glu GAA   0   1   1   1   1   1 |     GGA   3   3   3   3   3   3
    GTG  10  10   9  10  10  10 |     GCG   1   0   1   1   0   1 |     GAG   6   5   5   5   5   5 |     GGG   2   2   2   2   2   2
--------------------------------------------------------------------------------------------------------------------------------------

--------------------------------------------------------------------------------------------------------------------------------------
Phe TTT   2   2   2   2   2   2 | Ser TCT   1   1   1   1   1   1 | Tyr TAT   0   0   0   1   0   1 | Cys TGT   2   1   2   2   2   2
    TTC   0   0   0   0   0   0 |     TCC   3   2   3   3   3   3 |     TAC   4   4   4   3   4   3 |     TGC   1   2   1   1   1   1
Leu TTA   1   1   1   1   1   1 |     TCA   0   1   0   0   0   0 | *** TAA   0   0   0   0   0   0 | *** TGA   0   0   0   0   0   0
    TTG   1   1   1   1   1   1 |     TCG   0   0   0   0   0   0 |     TAG   0   0   0   0   0   0 | Trp TGG   2   2   2   2   2   2
--------------------------------------------------------------------------------------------------------------------------------------
Leu CTT   1   1   1   1   1   1 | Pro CCT   2   1   2   2   1   1 | His CAT   1   1   1   1   1   1 | Arg CGT   0   0   0   0   0   0
    CTC   1   1   1   1   1   1 |     CCC   5   6   5   5   6   6 |     CAC   3   3   3   3   3   3 |     CGC   1   1   1   1   1   1
    CTA   0   0   0   0   0   0 |     CCA   1   1   2   2   2   2 | Gln CAA   0   0   0   0   0   0 |     CGA   1   1   1   1   1   1
    CTG   6   6   6   6   6   6 |     CCG   1   1   0   0   0   0 |     CAG   5   5   5   5   5   5 |     CGG   5   5   5   5   5   5
--------------------------------------------------------------------------------------------------------------------------------------
Ile ATT   2   2   1   2   2   2 | Thr ACT   4   3   3   3   3   3 | Asn AAT   0   0   1   0   0   1 | Ser AGT   0   0   0   0   0   0
    ATC   8   8   9   8   8   8 |     ACC   0   1   1   1   1   1 |     AAC   5   5   4   5   5   4 |     AGC   4   4   4   4   4   4
    ATA   0   0   0   0   0   0 |     ACA   2   2   2   2   2   2 | Lys AAA   4   4   4   4   4   4 | Arg AGA   2   2   2   2   2   3
Met ATG   1   1   1   1   1   1 |     ACG   0   0   0   0   0   0 |     AAG   3   3   3   3   3   3 |     AGG   3   3   3   3   3   2
--------------------------------------------------------------------------------------------------------------------------------------
Val GTT   1   1   1   1   1   1 | Ala GCT   1   1   1   1   1   1 | Asp GAT   1   1   1   1   1   1 | Gly GGT   2   2   2   2   3   2
    GTC   4   4   5   4   4   4 |     GCC   3   3   2   3   3   3 |     GAC   6   6   6   6   6   6 |     GGC   8   8   8   8   7   7
    GTA   1   1   1   1   1   1 |     GCA   1   1   1   1   2   1 | Glu GAA   1   1   1   1   1   1 |     GGA   3   3   3   3   3   4
    GTG  10  10  10  10  10  10 |     GCG   1   1   1   1   0   1 |     GAG   5   5   5   5   5   5 |     GGG   2   2   2   2   2   2
--------------------------------------------------------------------------------------------------------------------------------------

--------------------------------------------------------------------------------------------------------------------------------------
Phe TTT   2   2   2   2   2   2 | Ser TCT   2   1   1   1   1   1 | Tyr TAT   0   0   0   0   0   0 | Cys TGT   1   2   2   2   2   2
    TTC   0   0   0   0   0   0 |     TCC   2   3   3   3   3   3 |     TAC   4   4   4   4   4   4 |     TGC   2   1   1   1   1   1
Leu TTA   1   1   1   1   1   1 |     TCA   0   0   0   0   0   0 | *** TAA   0   0   0   0   0   0 | *** TGA   0   0   0   0   0   0
    TTG   1   1   1   1   1   1 |     TCG   0   0   0   0   0   0 |     TAG   0   0   0   0   0   0 | Trp TGG   2   2   2   2   2   2
--------------------------------------------------------------------------------------------------------------------------------------
Leu CTT   1   1   1   1   1   1 | Pro CCT   1   1   1   1   2   1 | His CAT   1   1   1   1   1   1 | Arg CGT   0   0   0   0   0   0
    CTC   1   1   1   1   1   1 |     CCC   6   6   6   6   5   6 |     CAC   3   3   3   3   3   3 |     CGC   1   1   1   1   1   1
    CTA   0   0   1   0   0   0 |     CCA   2   2   2   2   2   2 | Gln CAA   0   0   0   0   0   0 |     CGA   1   1   1   1   1   1
    CTG   6   6   5   6   6   6 |     CCG   0   0   0   0   0   0 |     CAG   5   5   5   5   5   5 |     CGG   5   5   5   5   5   5
--------------------------------------------------------------------------------------------------------------------------------------
Ile ATT   2   2   2   2   2   2 | Thr ACT   3   3   3   3   3   4 | Asn AAT   0   0   0   0   1   1 | Ser AGT   0   0   0   0   0   0
    ATC   8   8   8   8   8   8 |     ACC   1   1   1   1   1   0 |     AAC   5   5   5   5   4   4 |     AGC   4   4   4   4   4   4
    ATA   0   0   0   0   0   0 |     ACA   2   2   2   2   2   2 | Lys AAA   4   4   4   4   4   4 | Arg AGA   2   2   2   3   3   3
Met ATG   1   1   1   1   1   1 |     ACG   0   0   0   0   0   0 |     AAG   3   3   3   3   3   3 |     AGG   3   3   3   2   2   2
--------------------------------------------------------------------------------------------------------------------------------------
Val GTT   1   1   1   1   1   1 | Ala GCT   1   1   1   1   1   1 | Asp GAT   1   2   1   1   1   1 | Gly GGT   2   2   2   2   2   2
    GTC   4   4   4   4   4   4 |     GCC   3   3   3   3   3   3 |     GAC   6   5   6   6   6   6 |     GGC   8   7   8   8   7   7
    GTA   1   1   1   1   1   1 |     GCA   1   1   1   1   1   1 | Glu GAA   1   1   1   1   1   1 |     GGA   3   3   3   3   3   3
    GTG  10  10  10  10  10  10 |     GCG   1   1   1   1   1   1 |     GAG   5   5   5   5   5   5 |     GGG   2   3   2   2   3   3
--------------------------------------------------------------------------------------------------------------------------------------

Codon position x base (3x4) table for each sequence.

#1: Argali         
position  1:    T:0.12319    C:0.23913    A:0.27536    G:0.36232
position  2:    T:0.28261    C:0.18116    A:0.27536    G:0.26087
position  3:    T:0.13768    C:0.41304    A:0.13043    G:0.31884
Average         T:0.18116    C:0.27778    A:0.22705    G:0.31401

#2: LesserMouseDeer
position  1:    T:0.12319    C:0.23188    A:0.28261    G:0.36232
position  2:    T:0.28261    C:0.18116    A:0.27536    G:0.26087
position  3:    T:0.15217    C:0.39855    A:0.10145    G:0.34783
Average         T:0.18599    C:0.27053    A:0.21981    G:0.32367

#3: LesserKudu     
position  1:    T:0.12319    C:0.23913    A:0.27536    G:0.36232
position  2:    T:0.28261    C:0.18116    A:0.27536    G:0.26087
position  3:    T:0.13768    C:0.40580    A:0.14493    G:0.31159
Average         T:0.18116    C:0.27536    A:0.23188    G:0.31159

#4: ForestMuskDeer2
position  1:    T:0.12319    C:0.23913    A:0.27536    G:0.36232
position  2:    T:0.28261    C:0.18116    A:0.27536    G:0.26087
position  3:    T:0.13043    C:0.42029    A:0.13768    G:0.31159
Average         T:0.17874    C:0.28019    A:0.22947    G:0.31159

#5: Camel          
position  1:    T:0.12319    C:0.23913    A:0.27536    G:0.36232
position  2:    T:0.28261    C:0.18116    A:0.27536    G:0.26087
position  3:    T:0.12319    C:0.42029    A:0.13768    G:0.31884
Average         T:0.17633    C:0.28019    A:0.22947    G:0.31401

#6: KillerWhale    
position  1:    T:0.12319    C:0.23913    A:0.27536    G:0.36232
position  2:    T:0.28261    C:0.18116    A:0.27536    G:0.26087
position  3:    T:0.14493    C:0.41304    A:0.10870    G:0.33333
Average         T:0.18357    C:0.27778    A:0.21981    G:0.31884

#7: DefassaWaterbuck
position  1:    T:0.12319    C:0.23913    A:0.27536    G:0.36232
position  2:    T:0.28261    C:0.18116    A:0.27536    G:0.26087
position  3:    T:0.12319    C:0.42754    A:0.13043    G:0.31884
Average         T:0.17633    C:0.28261    A:0.22705    G:0.31401

#8: Sheep          
position  1:    T:0.12319    C:0.23913    A:0.27536    G:0.36232
position  2:    T:0.27536    C:0.18841    A:0.27536    G:0.26087
position  3:    T:0.18841    C:0.39855    A:0.15217    G:0.26087
Average         T:0.19565    C:0.27536    A:0.23430    G:0.29469

#9: MaxwellsDuiker 
position  1:    T:0.12319    C:0.23913    A:0.27536    G:0.36232
position  2:    T:0.28261    C:0.18116    A:0.27536    G:0.26087
position  3:    T:0.13043    C:0.40580    A:0.13043    G:0.33333
Average         T:0.17874    C:0.27536    A:0.22705    G:0.31884

#10: GazellaPrzewalskyi
position  1:    T:0.12319    C:0.23913    A:0.27536    G:0.36232
position  2:    T:0.28261    C:0.18116    A:0.27536    G:0.26087
position  3:    T:0.12319    C:0.42754    A:0.13043    G:0.31884
Average         T:0.17633    C:0.28261    A:0.22705    G:0.31401

#11: MountainNyala  
position  1:    T:0.12319    C:0.23913    A:0.27536    G:0.36232
position  2:    T:0.28261    C:0.18116    A:0.27536    G:0.26087
position  3:    T:0.14493    C:0.39855    A:0.13768    G:0.31884
Average         T:0.18357    C:0.27295    A:0.22947    G:0.31401

#12: MuntiacusMuntjak
position  1:    T:0.12319    C:0.23913    A:0.27536    G:0.36232
position  2:    T:0.28986    C:0.17391    A:0.27536    G:0.26087
position  3:    T:0.13043    C:0.42029    A:0.13043    G:0.31884
Average         T:0.18116    C:0.27778    A:0.22705    G:0.31401

#13: goat           
position  1:    T:0.12319    C:0.23913    A:0.27536    G:0.36232
position  2:    T:0.28261    C:0.18116    A:0.27536    G:0.26087
position  3:    T:0.13043    C:0.42029    A:0.13043    G:0.31884
Average         T:0.17874    C:0.28019    A:0.22705    G:0.31401

#14: AfricanBuffalo 
position  1:    T:0.12319    C:0.23913    A:0.27536    G:0.36232
position  2:    T:0.28261    C:0.18116    A:0.27536    G:0.26087
position  3:    T:0.13043    C:0.42029    A:0.13768    G:0.31159
Average         T:0.17874    C:0.28019    A:0.22947    G:0.31159

#15: Topi           
position  1:    T:0.12319    C:0.23913    A:0.27536    G:0.36232
position  2:    T:0.28261    C:0.18116    A:0.27536    G:0.26087
position  3:    T:0.13043    C:0.42029    A:0.12319    G:0.32609
Average         T:0.17874    C:0.28019    A:0.22464    G:0.31643

#16: CommonDuiker   
position  1:    T:0.12319    C:0.23913    A:0.27536    G:0.36232
position  2:    T:0.28261    C:0.18116    A:0.27536    G:0.26087
position  3:    T:0.13043    C:0.40580    A:0.13043    G:0.33333
Average         T:0.17874    C:0.27536    A:0.22705    G:0.31884

#17: Suni           
position  1:    T:0.12319    C:0.23913    A:0.27536    G:0.36232
position  2:    T:0.28261    C:0.18116    A:0.27536    G:0.26087
position  3:    T:0.15217    C:0.39130    A:0.13043    G:0.32609
Average         T:0.18599    C:0.27053    A:0.22705    G:0.31643

#18: Springbuck     
position  1:    T:0.12319    C:0.23913    A:0.27536    G:0.36232
position  2:    T:0.28261    C:0.18116    A:0.27536    G:0.26087
position  3:    T:0.13043    C:0.40580    A:0.14493    G:0.31884
Average         T:0.17874    C:0.27536    A:0.23188    G:0.31401

#19: Okapi          
position  1:    T:0.12319    C:0.23913    A:0.28261    G:0.35507
position  2:    T:0.28261    C:0.18116    A:0.27536    G:0.26087
position  3:    T:0.13768    C:0.41304    A:0.13043    G:0.31884
Average         T:0.18116    C:0.27778    A:0.22947    G:0.31159

#20: Giraffe        
position  1:    T:0.12319    C:0.23913    A:0.28261    G:0.35507
position  2:    T:0.28261    C:0.18116    A:0.27536    G:0.26087
position  3:    T:0.13043    C:0.42029    A:0.13043    G:0.31884
Average         T:0.17874    C:0.28019    A:0.22947    G:0.31159

#21: TibetanAntelope
position  1:    T:0.12319    C:0.23188    A:0.28261    G:0.36232
position  2:    T:0.28261    C:0.18116    A:0.27536    G:0.26087
position  3:    T:0.14493    C:0.40580    A:0.13043    G:0.31884
Average         T:0.18357    C:0.27295    A:0.22947    G:0.31401

#22: Sitatunga      
position  1:    T:0.12319    C:0.23913    A:0.27536    G:0.36232
position  2:    T:0.28261    C:0.18116    A:0.27536    G:0.26087
position  3:    T:0.13768    C:0.40580    A:0.13768    G:0.31884
Average         T:0.18116    C:0.27536    A:0.22947    G:0.31401

#23: Oribi          
position  1:    T:0.12319    C:0.23913    A:0.27536    G:0.36232
position  2:    T:0.28261    C:0.18116    A:0.27536    G:0.26087
position  3:    T:0.13768    C:0.40580    A:0.13043    G:0.32609
Average         T:0.18116    C:0.27536    A:0.22705    G:0.31643

#24: BarbarySheep   
position  1:    T:0.12319    C:0.23913    A:0.27536    G:0.36232
position  2:    T:0.28261    C:0.18116    A:0.27536    G:0.26087
position  3:    T:0.13768    C:0.41304    A:0.13043    G:0.31884
Average         T:0.18116    C:0.27778    A:0.22705    G:0.31401

#25: Daviddeer      
position  1:    T:0.12319    C:0.23913    A:0.27536    G:0.36232
position  2:    T:0.28261    C:0.18116    A:0.27536    G:0.26087
position  3:    T:0.14493    C:0.40580    A:0.12319    G:0.32609
Average         T:0.18357    C:0.27536    A:0.22464    G:0.31643

#26: Reindeer       
position  1:    T:0.12319    C:0.23913    A:0.27536    G:0.36232
position  2:    T:0.28261    C:0.18116    A:0.27536    G:0.26087
position  3:    T:0.14493    C:0.40580    A:0.13043    G:0.31884
Average         T:0.18357    C:0.27536    A:0.22705    G:0.31401

#27: Ibex           
position  1:    T:0.12319    C:0.23913    A:0.27536    G:0.36232
position  2:    T:0.28261    C:0.18116    A:0.27536    G:0.26087
position  3:    T:0.13043    C:0.42029    A:0.13043    G:0.31884
Average         T:0.17874    C:0.28019    A:0.22705    G:0.31401

#28: GyrantGazelle  
position  1:    T:0.12319    C:0.23913    A:0.27536    G:0.36232
position  2:    T:0.28261    C:0.18116    A:0.27536    G:0.26087
position  3:    T:0.12319    C:0.42029    A:0.13043    G:0.32609
Average         T:0.17633    C:0.28019    A:0.22705    G:0.31643

#29: Hartebeest     
position  1:    T:0.12319    C:0.23913    A:0.27536    G:0.36232
position  2:    T:0.28261    C:0.18116    A:0.27536    G:0.26087
position  3:    T:0.13043    C:0.42029    A:0.12319    G:0.32609
Average         T:0.17874    C:0.28019    A:0.22464    G:0.31643

#30: Bongo          
position  1:    T:0.12319    C:0.23913    A:0.27536    G:0.36232
position  2:    T:0.28261    C:0.18116    A:0.27536    G:0.26087
position  3:    T:0.13768    C:0.40580    A:0.13768    G:0.31884
Average         T:0.18116    C:0.27536    A:0.22947    G:0.31401

#31: Gerenuk        
position  1:    T:0.12319    C:0.23913    A:0.27536    G:0.36232
position  2:    T:0.28261    C:0.18116    A:0.27536    G:0.26087
position  3:    T:0.12319    C:0.41304    A:0.14493    G:0.31884
Average         T:0.17633    C:0.27778    A:0.23188    G:0.31401

#32: CommonEland    
position  1:    T:0.12319    C:0.23913    A:0.27536    G:0.36232
position  2:    T:0.28261    C:0.18116    A:0.27536    G:0.26087
position  3:    T:0.13768    C:0.40580    A:0.13768    G:0.31884
Average         T:0.18116    C:0.27536    A:0.22947    G:0.31401

#33: MuntiacusReevesi
position  1:    T:0.12319    C:0.23913    A:0.27536    G:0.36232
position  2:    T:0.28986    C:0.17391    A:0.27536    G:0.26087
position  3:    T:0.13043    C:0.42029    A:0.13043    G:0.31884
Average         T:0.18116    C:0.27778    A:0.22705    G:0.31401

#34: HarveysDuiker  
position  1:    T:0.12319    C:0.23913    A:0.27536    G:0.36232
position  2:    T:0.28261    C:0.18116    A:0.27536    G:0.26087
position  3:    T:0.13043    C:0.40580    A:0.13043    G:0.33333
Average         T:0.17874    C:0.27536    A:0.22705    G:0.31884

#35: Pronghorn      
position  1:    T:0.12319    C:0.23913    A:0.27536    G:0.36232
position  2:    T:0.28261    C:0.18841    A:0.27536    G:0.25362
position  3:    T:0.14493    C:0.39130    A:0.12319    G:0.34058
Average         T:0.18357    C:0.27295    A:0.22464    G:0.31884

#36: BlueWildebeest 
position  1:    T:0.12319    C:0.23913    A:0.27536    G:0.36232
position  2:    T:0.28261    C:0.18116    A:0.27536    G:0.26087
position  3:    T:0.13043    C:0.42029    A:0.12319    G:0.32609
Average         T:0.17874    C:0.28019    A:0.22464    G:0.31643

#37: Gemsbok        
position  1:    T:0.12319    C:0.23913    A:0.27536    G:0.36232
position  2:    T:0.28261    C:0.18116    A:0.27536    G:0.26087
position  3:    T:0.15217    C:0.39855    A:0.11594    G:0.33333
Average         T:0.18599    C:0.27295    A:0.22222    G:0.31884

#38: Yak            
position  1:    T:0.12319    C:0.23913    A:0.27536    G:0.36232
position  2:    T:0.28261    C:0.18116    A:0.27536    G:0.26087
position  3:    T:0.13768    C:0.41304    A:0.13768    G:0.31159
Average         T:0.18116    C:0.27778    A:0.22947    G:0.31159

#39: BlueSheep      
position  1:    T:0.12319    C:0.23913    A:0.27536    G:0.36232
position  2:    T:0.28261    C:0.18116    A:0.27536    G:0.26087
position  3:    T:0.13043    C:0.42029    A:0.13043    G:0.31884
Average         T:0.17874    C:0.28019    A:0.22705    G:0.31401

#40: BohorReedbuck  
position  1:    T:0.12319    C:0.23913    A:0.27536    G:0.36232
position  2:    T:0.28261    C:0.18116    A:0.27536    G:0.26087
position  3:    T:0.12319    C:0.42029    A:0.13043    G:0.32609
Average         T:0.17633    C:0.28019    A:0.22705    G:0.31643

#41: KirksDik       
position  1:    T:0.12319    C:0.23913    A:0.27536    G:0.36232
position  2:    T:0.28261    C:0.18116    A:0.27536    G:0.26087
position  3:    T:0.13043    C:0.42029    A:0.13768    G:0.31159
Average         T:0.17874    C:0.28019    A:0.22947    G:0.31159

#42: RoeDeer        
position  1:    T:0.12319    C:0.23913    A:0.27536    G:0.36232
position  2:    T:0.28261    C:0.18116    A:0.27536    G:0.26087
position  3:    T:0.15217    C:0.39855    A:0.13768    G:0.31159
Average         T:0.18599    C:0.27295    A:0.22947    G:0.31159

#43: WhiteLippedDeer
position  1:    T:0.12319    C:0.23913    A:0.27536    G:0.36232
position  2:    T:0.28261    C:0.18116    A:0.27536    G:0.26087
position  3:    T:0.14493    C:0.40580    A:0.12319    G:0.32609
Average         T:0.18357    C:0.27536    A:0.22464    G:0.31643

#44: ThomsonGazelle 
position  1:    T:0.12319    C:0.23913    A:0.27536    G:0.36232
position  2:    T:0.28261    C:0.18116    A:0.27536    G:0.26087
position  3:    T:0.12319    C:0.42029    A:0.13043    G:0.32609
Average         T:0.17633    C:0.28019    A:0.22705    G:0.31643

#45: MuntiacusCrinifrons
position  1:    T:0.12319    C:0.23913    A:0.27536    G:0.36232
position  2:    T:0.28986    C:0.17391    A:0.27536    G:0.26087
position  3:    T:0.13768    C:0.41304    A:0.13043    G:0.31884
Average         T:0.18357    C:0.27536    A:0.22705    G:0.31401

#46: WhiteTailedDeer
position  1:    T:0.12319    C:0.23913    A:0.27536    G:0.36232
position  2:    T:0.28261    C:0.18116    A:0.27536    G:0.26087
position  3:    T:0.14493    C:0.40580    A:0.13043    G:0.31884
Average         T:0.18357    C:0.27536    A:0.22705    G:0.31401

#47: Cattle         
position  1:    T:0.12319    C:0.23913    A:0.27536    G:0.36232
position  2:    T:0.28261    C:0.18116    A:0.27536    G:0.26087
position  3:    T:0.13768    C:0.41304    A:0.13768    G:0.31159
Average         T:0.18116    C:0.27778    A:0.22947    G:0.31159

#48: RoyalAntelope  
position  1:    T:0.12319    C:0.23913    A:0.27536    G:0.36232
position  2:    T:0.28261    C:0.18116    A:0.27536    G:0.26087
position  3:    T:0.14493    C:0.39855    A:0.14493    G:0.31159
Average         T:0.18357    C:0.27295    A:0.23188    G:0.31159

#49: Steenbok       
position  1:    T:0.12319    C:0.23913    A:0.27536    G:0.36232
position  2:    T:0.28261    C:0.18116    A:0.27536    G:0.26087
position  3:    T:0.13043    C:0.42029    A:0.13043    G:0.31884
Average         T:0.17874    C:0.28019    A:0.22705    G:0.31401

#50: Impala         
position  1:    T:0.12319    C:0.23913    A:0.27536    G:0.36232
position  2:    T:0.28261    C:0.18116    A:0.27536    G:0.26087
position  3:    T:0.13768    C:0.40580    A:0.13043    G:0.32609
Average         T:0.18116    C:0.27536    A:0.22705    G:0.31643

#51: Klipspringer   
position  1:    T:0.12319    C:0.23913    A:0.27536    G:0.36232
position  2:    T:0.28261    C:0.18116    A:0.27536    G:0.26087
