1
52 1
Argali 0.000000 0.317400 0.145700 0.275900 0.122000 0.017700 0.089200 0.099400 0.133200 0.123500 0.042300 0.144000 0.073600 0.114200 0.128000 0.081200 0.130000 0.121500 0.054300 0.132600 0.137600 0.048200 0.113200 0.138200 0.042200 0.108000 0.079500 0.130900 0.105300 0.152300 0.124300 0.087400 0.149300 0.072900 0.113200 0.113400 0.042100 0.152900 0.134500 0.149100 0.120500 0.119800 0.142400 0.134700 0.114200 0.128600 0.084600 0.152600 0.104500 0.205900 0.145600 0.137800
LesserMous 0.317400 0.000000 0.389200 0.362100 0.356800 0.332800 0.313400 0.313800 0.354700 0.350600 0.298800 0.321400 0.287100 0.307000 0.327000 0.301500 0.350300 0.300900 0.288300 0.392000 0.350300 0.326500 0.343700 0.336100 0.298600 0.303500 0.294100 0.348400 0.310500 0.376900 0.354200 0.307500 0.342400 0.268000 0.322900 0.340400 0.297300 0.393000 0.333400 0.328600 0.334600 0.313100 0.355700 0.309100 0.342800 0.354700 0.282300 0.274200 0.335400 0.381400 0.369500 0.376100
LesserKudu 0.145700 0.389200 0.000000 0.340000 0.150700 0.155500 0.110000 0.119900 0.047900 0.144600 0.128200 0.123800 0.120400 0.121400 0.121400 0.086200 0.165200 0.170500 0.140900 0.060100 0.138000 0.149400 0.148700 0.159700 0.128000 0.115100 0.126400 0.059300 0.125800 0.065600 0.131700 0.135800 0.178600 0.133600 0.134200 0.100500 0.127800 0.167500 0.177300 0.156500 0.141900 0.127200 0.149900 0.169700 0.087600 0.142900 0.159000 0.175000 0.124900 0.211900 0.059700 0.065600
KillerWhal 0.275900 0.362100 0.340000 0.000000 0.351200 0.289900 0.298300 0.289300 0.363500 0.352200 0.257200 0.326200 0.281200 0.274300 0.273500 0.267600 0.315600 0.337700 0.254500 0.381500 0.353500 0.283600 0.344500 0.355000 0.257300 0.302400 0.288000 0.357200 0.276200 0.387300 0.336300 0.284800 0.322600 0.297100 0.288300 0.308100 0.273600 0.368100 0.316700 0.357900 0.335500 0.315500 0.357200 0.345100 0.310500 0.311100 0.309900 0.310100 0.267300 0.316300 0.358900 0.365900
DefassaWat 0.122000 0.356800 0.150700 0.351200 0.000000 0.131400 0.085400 0.082500 0.123600 0.163900 0.118200 0.156400 0.124500 0.111300 0.125400 0.077200 0.170500 0.161200 0.102800 0.137100 0.135200 0.139700 0.168900 0.180100 0.118000 0.104700 0.130700 0.135300 0.115900 0.157100 0.165100 0.125600 0.215000 0.123700 0.110000 0.110600 0.117800 0.030200 0.146200 0.191300 0.161700 0.117100 0.184100 0.175400 0.111300 0.125900 0.135400 0.150900 0.115000 0.213200 0.136200 0.142500
Sheep 0.017700 0.332800 0.155500 0.289900 0.131400 0.000000 0.083800 0.094300 0.128400 0.132400 0.036700 0.139400 0.068300 0.109200 0.123200 0.075900 0.153200 0.144200 0.061600 0.127800 0.132900 0.042900 0.122200 0.147700 0.036600 0.102900 0.074300 0.126100 0.113900 0.147700 0.133400 0.082200 0.158900 0.067600 0.108200 0.108300 0.036600 0.162900 0.129600 0.158800 0.129700 0.114800 0.151800 0.143900 0.109100 0.123700 0.092500 0.148000 0.099600 0.217200 0.141000 0.133200
MaxwellsDu 0.089200 0.313400 0.110000 0.298300 0.085400 0.083800 0.000000 0.037400 0.083600 0.102300 0.057500 0.108500 0.063800 0.050900 0.070500 0.018800 0.121800 0.127500 0.070200 0.096800 0.088500 0.077600 0.105200 0.103000 0.057500 0.044600 0.070000 0.095400 0.056400 0.116500 0.103000 0.050600 0.150200 0.076800 0.077300 0.076800 0.057400 0.117200 0.091000 0.114600 0.098500 0.057000 0.121800 0.100300 0.063700 0.078200 0.088600 0.103100 0.069100 0.170500 0.096100 0.102400
GazellaPrz 0.099400 0.313800 0.119900 0.289300 0.082500 0.094300 0.037400 0.000000 0.094100 0.111900 0.068500 0.118400 0.074600 0.075200 0.062100 0.030600 0.131800 0.137300 0.080900 0.106900 0.098500 0.088300 0.115100 0.126400 0.068400 0.056000 0.080600 0.105500 0.067300 0.126100 0.112700 0.075300 0.173500 0.087300 0.087800 0.088000 0.068300 0.113100 0.101300 0.136400 0.108500 0.067900 0.130900 0.123200 0.075200 0.088900 0.098800 0.126800 0.066800 0.171900 0.106200 0.112300
MountainNy 0.133200 0.354700 0.047900 0.363500 0.123600 0.128400 0.083600 0.094100 0.000000 0.132400 0.101700 0.111700 0.108100 0.109000 0.122900 0.073300 0.167300 0.172700 0.114500 0.035900 0.132600 0.122400 0.150600 0.161800 0.101600 0.102700 0.114100 0.035400 0.099900 0.053900 0.133400 0.123100 0.195800 0.107500 0.121800 0.088200 0.101400 0.154900 0.149800 0.158500 0.143700 0.114900 0.151800 0.157500 0.075300 0.130300 0.146700 0.162500 0.112800 0.199600 0.035600 0.041600
MuntiacusM 0.123500 0.350600 0.144600 0.352200 0.163900 0.132400 0.102300 0.111900 0.132400 0.000000 0.119800 0.157000 0.112500 0.127100 0.127300 0.093800 0.163900 0.161700 0.132700 0.145900 0.136400 0.140600 0.059600 0.070900 0.119600 0.120900 0.132200 0.143900 0.117900 0.150600 0.011100 0.127200 0.184200 0.125300 0.140000 0.120000 0.119500 0.195200 0.126000 0.069600 0.053600 0.105600 0.028200 0.069200 0.107000 0.142100 0.150300 0.166100 0.144100 0.219400 0.144600 0.150700
goat 0.042300 0.298800 0.128200 0.257200 0.118200 0.036700 0.057500 0.068500 0.101700 0.119800 0.000000 0.099400 0.043000 0.096300 0.096300 0.050100 0.112700 0.117900 0.049300 0.115000 0.120100 0.030700 0.123400 0.134700 0.000100 0.076500 0.049000 0.113500 0.074600 0.120800 0.120600 0.069500 0.146000 0.055100 0.082000 0.095500 0.012100 0.149700 0.109300 0.145800 0.116600 0.088200 0.139200 0.131200 0.082500 0.110700 0.093400 0.135000 0.074000 0.188600 0.114200 0.120400
AfricanBuf 0.144000 0.321400 0.123800 0.326200 0.156400 0.139400 0.108500 0.118400 0.111700 0.157000 0.099400 0.000000 0.092200 0.119900 0.119900 0.098100 0.149200 0.154500 0.125400 0.124600 0.129600 0.133400 0.147100 0.130400 0.099400 0.113700 0.085000 0.123100 0.111000 0.143700 0.144000 0.133900 0.176800 0.118300 0.118700 0.066600 0.112500 0.187600 0.175700 0.155100 0.140400 0.112000 0.162200 0.140400 0.054300 0.134400 0.129600 0.130800 0.110000 0.194500 0.123800 0.129900
Topi 0.073600 0.287100 0.120400 0.281200 0.124500 0.068300 0.063800 0.074600 0.108100 0.112500 0.043000 0.092200 0.000000 0.088900 0.088900 0.056300 0.104700 0.110300 0.055300 0.121200 0.099300 0.062200 0.115800 0.113400 0.043000 0.069300 0.017900 0.119600 0.093800 0.127000 0.099800 0.075700 0.145700 0.036400 0.061900 0.088100 0.042900 0.156000 0.129800 0.124700 0.109100 0.068200 0.117900 0.124000 0.075300 0.103000 0.060600 0.100200 0.067100 0.180000 0.120400 0.126600
CommonDuik 0.114200 0.307000 0.121400 0.274300 0.111300 0.109200 0.050900 0.075200 0.109000 0.127100 0.096300 0.119900 0.088900 0.000000 0.076000 0.056700 0.147300 0.152700 0.109100 0.122300 0.086500 0.103200 0.116500 0.127900 0.096200 0.069800 0.095000 0.107000 0.094600 0.141900 0.114100 0.049900 0.190500 0.115700 0.102500 0.089200 0.096100 0.142700 0.116400 0.139100 0.109800 0.082000 0.132400 0.138400 0.076200 0.103800 0.086700 0.114400 0.093800 0.181300 0.107800 0.127700
Suni 0.128000 0.327000 0.121400 0.273500 0.125400 0.123200 0.070500 0.062100 0.122900 0.127300 0.096300 0.119900 0.088900 0.076000 0.000000 0.043800 0.147400 0.146000 0.109100 0.136400 0.113100 0.117100 0.116700 0.128000 0.096200 0.069800 0.095000 0.134500 0.094600 0.156200 0.114200 0.096300 0.168600 0.115700 0.102500 0.089300 0.096000 0.157000 0.116300 0.139300 0.109900 0.082000 0.132600 0.138500 0.076200 0.083300 0.113400 0.100200 0.093800 0.181300 0.128500 0.126800
Springbuck 0.081200 0.301500 0.086200 0.267600 0.077200 0.075900 0.018800 0.030600 0.073300 0.093800 0.050100 0.098100 0.056300 0.056700 0.043800 0.000000 0.113500 0.119100 0.062600 0.086000 0.080500 0.069800 0.096500 0.108000 0.050100 0.037500 0.062300 0.085200 0.049200 0.105900 0.094500 0.043800 0.154900 0.069000 0.069400 0.066900 0.050000 0.108300 0.082700 0.119400 0.089900 0.049700 0.112800 0.105200 0.054200 0.070200 0.080700 0.108300 0.061500 0.160500 0.085900 0.092300
Okapi 0.130000 0.350300 0.165200 0.315600 0.170500 0.153200 0.121800 0.131800 0.167300 0.163900 0.112700 0.149200 0.104700 0.147300 0.147400 0.113500 0.000000 0.051300 0.118400 0.180900 0.170400 0.147200 0.139900 0.157700 0.112600 0.127300 0.110800 0.178700 0.124200 0.201000 0.150800 0.147600 0.205100 0.131500 0.132400 0.146700 0.125900 0.194700 0.182300 0.168300 0.133300 0.138800 0.169000 0.167700 0.133500 0.162500 0.129400 0.165000 0.129900 0.223100 0.172600 0.186000
Giraffe 0.121500 0.300900 0.170500 0.337700 0.161200 0.144200 0.127500 0.137300 0.172700 0.161700 0.117900 0.154500 0.110300 0.152700 0.146000 0.119100 0.051300 0.000000 0.110400 0.186300 0.161500 0.152400 0.138100 0.135400 0.117800 0.118900 0.116300 0.169400 0.129600 0.190900 0.148800 0.138900 0.167100 0.109800 0.137800 0.138200 0.131100 0.192100 0.165900 0.159600 0.131500 0.116800 0.153000 0.159000 0.139000 0.153600 0.121300 0.128700 0.141600 0.229200 0.170600 0.176500
TibetanAnt 0.054300 0.288300 0.140900 0.254500 0.102800 0.061600 0.070200 0.080900 0.114500 0.132700 0.049300 0.125400 0.055300 0.109100 0.109100 0.062600 0.118400 0.110400 0.000000 0.127500 0.132900 0.068500 0.136600 0.147800 0.049200 0.089100 0.061300 0.126000 0.100200 0.133400 0.133600 0.082100 0.152200 0.055000 0.094500 0.094500 0.049100 0.133800 0.122500 0.158900 0.129800 0.101200 0.152000 0.144000 0.095200 0.123600 0.092500 0.133800 0.086200 0.201700 0.126800 0.133000
Sitatunga 0.132600 0.392000 0.060100 0.381500 0.137100 0.127800 0.096800 0.106900 0.035900 0.145900 0.115000 0.124600 0.121200 0.122300 0.136400 0.086000 0.180900 0.186300 0.127500 0.000000 0.145900 0.121800 0.150100 0.175800 0.114900 0.115900 0.127200 0.035200 0.126700 0.053600 0.146900 0.136500 0.209900 0.120500 0.135100 0.101000 0.114600 0.168300 0.163500 0.172200 0.157700 0.128100 0.165400 0.171100 0.088000 0.122900 0.145800 0.176200 0.125700 0.213000 0.035400 0.041300
Oribi 0.137600 0.350300 0.138000 0.353500 0.135200 0.132900 0.088500 0.098500 0.132600 0.136400 0.120100 0.129600 0.099300 0.086500 0.113100 0.080500 0.170400 0.161500 0.132900 0.145900 0.000000 0.141000 0.126300 0.123700 0.120100 0.080400 0.105300 0.130200 0.117800 0.137200 0.123600 0.099900 0.213800 0.125600 0.126000 0.106200 0.119800 0.166100 0.140100 0.134700 0.119700 0.092200 0.128100 0.147500 0.093400 0.127600 0.096800 0.124200 0.116900 0.204300 0.144800 0.137000
BarbaryShe 0.048200 0.326500 0.149400 0.283600 0.139700 0.042900 0.077600 0.088300 0.122400 0.140600 0.030700 0.133400 0.062200 0.103200 0.117100 0.069800 0.147200 0.152400 0.068500 0.121800 0.141000 0.000000 0.144900 0.156200 0.030600 0.096800 0.068300 0.106600 0.107900 0.141700 0.141600 0.089600 0.167400 0.074700 0.101800 0.116300 0.030600 0.171600 0.130500 0.167300 0.138000 0.108800 0.160300 0.152200 0.103000 0.117600 0.086700 0.156500 0.093600 0.211100 0.121100 0.127200
Daviddeer 0.113200 0.343700 0.148700 0.344500 0.168900 0.122200 0.105200 0.115100 0.150600 0.059600 0.123400 0.147100 0.115800 0.116500 0.116700 0.096500 0.139900 0.138100 0.136600 0.150100 0.126300 0.144900 0.000000 0.047600 0.123200 0.110200 0.121900 0.162500 0.121200 0.169500 0.047600 0.130900 0.174600 0.129000 0.129600 0.109300 0.123000 0.201100 0.129700 0.059000 0.017900 0.108600 0.065100 0.058600 0.096100 0.131500 0.140400 0.148800 0.134000 0.210300 0.163300 0.169600
Reindeer 0.138200 0.336100 0.159700 0.355000 0.180100 0.147700 0.103000 0.126400 0.161800 0.070900 0.134700 0.130400 0.113400 0.127900 0.128000 0.108000 0.157700 0.135400 0.147800 0.175800 0.123700 0.156200 0.047600 0.000000 0.134600 0.107900 0.105800 0.159000 0.118700 0.165900 0.058900 0.128200 0.171000 0.126300 0.127000 0.107100 0.134400 0.211900 0.140800 0.070000 0.041600 0.093000 0.064000 0.034000 0.094200 0.142900 0.123900 0.125200 0.145100 0.220900 0.174300 0.166000
Ibex 0.042200 0.298600 0.128000 0.257300 0.118000 0.036600 0.057500 0.068400 0.101600 0.119600 0.000100 0.099400 0.043000 0.096200 0.096200 0.050100 0.112600 0.117800 0.049200 0.114900 0.120100 0.030600 0.123200 0.134600 0.000000 0.076400 0.049000 0.113300 0.074600 0.120600 0.120500 0.069500 0.145900 0.055100 0.081900 0.095400 0.012100 0.149500 0.109200 0.145800 0.116500 0.088200 0.138900 0.131100 0.082400 0.110600 0.093300 0.134800 0.073900 0.188400 0.114100 0.120300
GyrantGaze 0.108000 0.303500 0.115100 0.302400 0.104700 0.102900 0.044600 0.056000 0.102700 0.120900 0.076500 0.113700 0.069300 0.069800 0.069800 0.037500 0.127300 0.118900 0.089100 0.115900 0.080400 0.096800 0.110200 0.107900 0.076400 0.000000 0.075400 0.100700 0.075000 0.107600 0.107900 0.070000 0.169400 0.095700 0.082600 0.082900 0.076200 0.136200 0.110100 0.133000 0.103500 0.024400 0.112700 0.132300 0.069900 0.083600 0.080600 0.108200 0.074500 0.176700 0.115200 0.107600
Hartebeest 0.079500 0.294100 0.126400 0.288000 0.130700 0.074300 0.070000 0.080600 0.114100 0.132200 0.049000 0.085000 0.017900 0.095000 0.095000 0.062300 0.110800 0.116300 0.061300 0.127200 0.105300 0.068300 0.121900 0.105800 0.049000 0.075400 0.000000 0.125600 0.086600 0.132900 0.119300 0.081800 0.151800 0.042300 0.067900 0.094200 0.048900 0.162100 0.136000 0.130600 0.115200 0.074200 0.137500 0.116400 0.081300 0.109200 0.066500 0.106100 0.073000 0.186000 0.126400 0.132600
Bongo 0.130900 0.348400 0.059300 0.357200 0.135300 0.126100 0.095400 0.105500 0.035400 0.143900 0.113500 0.123100 0.119600 0.107000 0.134500 0.085200 0.178700 0.169400 0.126000 0.035200 0.130200 0.106600 0.162500 0.159000 0.113300 0.100700 0.125600 0.000000 0.125000 0.052900 0.144900 0.120700 0.207300 0.119000 0.133300 0.099600 0.113100 0.166300 0.161600 0.169900 0.155600 0.112600 0.149200 0.168900 0.086900 0.127800 0.116800 0.159400 0.124100 0.226000 0.035000 0.028900
Gerenuk 0.105300 0.310500 0.125800 0.276200 0.115900 0.113900 0.056400 0.067300 0.099900 0.117900 0.074600 0.111000 0.093800 0.094600 0.094600 0.049200 0.124200 0.129600 0.100200 0.126700 0.117800 0.107900 0.121200 0.118700 0.074600 0.075000 0.086600 0.125000 0.000000 0.146000 0.118700 0.094700 0.165100 0.106700 0.107300 0.107700 0.087500 0.132800 0.107300 0.143500 0.114600 0.073900 0.136900 0.115700 0.094700 0.108600 0.118100 0.146800 0.098600 0.156700 0.125800 0.131900
CommonElan 0.152300 0.376900 0.065600 0.387300 0.157100 0.147700 0.116500 0.126100 0.053900 0.150600 0.120800 0.143700 0.127000 0.141900 0.156200 0.105900 0.201000 0.190900 0.133400 0.053600 0.137200 0.141700 0.169500 0.165900 0.120600 0.107600 0.132900 0.052900 0.146000 0.000000 0.151700 0.128000 0.199900 0.125900 0.154800 0.113600 0.120400 0.188400 0.168800 0.176800 0.162600 0.119300 0.155900 0.175700 0.100600 0.157400 0.151300 0.181200 0.131400 0.218800 0.053200 0.059100
MuntiacusR 0.124300 0.354200 0.131700 0.336300 0.165100 0.133400 0.103000 0.112700 0.133400 0.011100 0.120600 0.144000 0.099800 0.114100 0.114200 0.094500 0.150800 0.148800 0.133600 0.146900 0.123600 0.141600 0.047600 0.058900 0.120500 0.107900 0.119300 0.144900 0.118700 0.151700 0.000000 0.128100 0.171000 0.126200 0.126900 0.107100 0.120300 0.196700 0.126900 0.057900 0.041600 0.092900 0.016900 0.069600 0.094100 0.128800 0.137300 0.152800 0.131100 0.205800 0.145700 0.151900
HarveysDui 0.087400 0.307500 0.135800 0.284800 0.125600 0.082200 0.050600 0.075300 0.123100 0.127200 0.069500 0.133900 0.075700 0.049900 0.096300 0.043800 0.147600 0.138900 0.082100 0.136500 0.099900 0.089600 0.130900 0.128200 0.069500 0.070000 0.081800 0.120700 0.094700 0.128000 0.128100 0.000000 0.176100 0.088600 0.116500 0.117000 0.069300 0.157300 0.130800 0.153500 0.124100 0.082200 0.132700 0.138500 0.103600 0.118100 0.073900 0.128600 0.080800 0.195900 0.135600 0.127800
Pronghorn 0.149300 0.342400 0.178600 0.322600 0.215000 0.158900 0.150200 0.173500 0.195800 0.184200 0.146000 0.176800 0.145700 0.190500 0.168600 0.154900 0.205100 0.167100 0.152200 0.209900 0.213800 0.167400 0.174600 0.171000 0.145900 0.169400 0.151800 0.207300 0.165100 0.199900 0.171000 0.176100 0.000000 0.144800 0.188800 0.160400 0.145600 0.231300 0.188800 0.181900 0.167700 0.167000 0.189400 0.166900 0.161400 0.176600 0.184600 0.171400 0.149700 0.224900 0.193400 0.214700
BlueWildeb 0.072900 0.268000 0.133600 0.297100 0.123700 0.067600 0.076800 0.087300 0.107500 0.125300 0.055100 0.118300 0.036400 0.115700 0.115700 0.069000 0.131500 0.109800 0.055000 0.120500 0.125600 0.074700 0.129000 0.126300 0.055100 0.095700 0.042300 0.119000 0.106700 0.125900 0.126200 0.088600 0.144800 0.000000 0.087700 0.101300 0.055100 0.154900 0.122000 0.137500 0.122300 0.094200 0.144500 0.123100 0.101900 0.130500 0.085900 0.099600 0.092300 0.208700 0.119700 0.125900
Gemsbok 0.113200 0.322900 0.134200 0.288300 0.110000 0.108200 0.077300 0.087800 0.121800 0.140000 0.082000 0.118700 0.061900 0.102500 0.102500 0.069400 0.132400 0.137800 0.094500 0.135100 0.126000 0.101800 0.129600 0.127000 0.081900 0.082600 0.067900 0.133300 0.107300 0.154800 0.126900 0.116500 0.188800 0.087700 0.000000 0.102000 0.081800 0.141100 0.143800 0.152000 0.122900 0.094700 0.145300 0.123800 0.088900 0.116900 0.112700 0.127200 0.092900 0.209200 0.134200 0.126600
Yak 0.113400 0.340400 0.100500 0.308100 0.110600 0.108300 0.076800 0.088000 0.088200 0.120000 0.095500 0.066600 0.088100 0.089200 0.089300 0.066900 0.146700 0.138200 0.094500 0.101000 0.106200 0.116300 0.109300 0.107100 0.095400 0.082900 0.094200 0.099600 0.107700 0.113600 0.107100 0.117000 0.160400 0.101300 0.102000 0.000000 0.095400 0.141800 0.130200 0.131900 0.102700 0.095100 0.125400 0.131200 0.012100 0.103200 0.126600 0.114000 0.106500 0.178400 0.100500 0.106600
BlueSheep 0.042100 0.297300 0.127800 0.273600 0.117800 0.036600 0.057400 0.068300 0.101400 0.119500 0.012100 0.112500 0.042900 0.096100 0.096000 0.050000 0.125900 0.131100 0.049100 0.114600 0.119800 0.030600 0.123000 0.134400 0.012100 0.076200 0.048900 0.113100 0.087500 0.120400 0.120300 0.069300 0.145600 0.055100 0.081800 0.095400 0.000000 0.149200 0.109100 0.145500 0.116300 0.088100 0.138800 0.130800 0.082400 0.110400 0.093100 0.134600 0.073800 0.187900 0.113900 0.120100
BohorReedb 0.152900 0.393000 0.167500 0.368100 0.030200 0.162900 0.117200 0.113100 0.154900 0.195200 0.149700 0.187600 0.156000 0.142700 0.157000 0.108300 0.194700 0.192100 0.133800 0.168300 0.166100 0.171600 0.201100 0.211900 0.149500 0.136200 0.162100 0.166300 0.132800 0.188400 0.196700 0.157300 0.231300 0.154900 0.141100 0.141800 0.149200 0.000000 0.163200 0.222900 0.193900 0.148400 0.215500 0.206500 0.142800 0.157600 0.166400 0.182200 0.131800 0.229300 0.152800 0.173500
KirksDik 0.134500 0.333400 0.177300 0.316700 0.146200 0.129600 0.091000 0.101300 0.149800 0.126000 0.109300 0.175700 0.129800 0.116400 0.116300 0.082700 0.182300 0.165900 0.122500 0.163500 0.140100 0.130500 0.129700 0.140800 0.109200 0.110100 0.136000 0.161600 0.107300 0.168800 0.126900 0.130800 0.188800 0.122000 0.143800 0.130200 0.109100 0.163200 0.000000 0.151800 0.122400 0.108400 0.145300 0.137300 0.123700 0.146000 0.154700 0.148700 0.133700 0.225300 0.162400 0.168800
RoeDeer 0.149100 0.328600 0.156500 0.357900 0.191300 0.158800 0.114600 0.136400 0.158500 0.069600 0.145800 0.155100 0.124700 0.139100 0.139300 0.119400 0.168300 0.159600 0.158900 0.172200 0.134700 0.167300 0.059000 0.070000 0.145800 0.133000 0.130600 0.169900 0.143500 0.176800 0.057900 0.153500 0.181900 0.137500 0.152000 0.131900 0.145500 0.222900 0.151800 0.000000 0.051700 0.131200 0.074900 0.080400 0.118900 0.154300 0.134800 0.129300 0.155900 0.216200 0.170800 0.176900
WhiteLippe 0.120500 0.334600 0.141900 0.335500 0.161700 0.129700 0.098500 0.108500 0.143700 0.053600 0.116600 0.140400 0.109100 0.109800 0.109900 0.089900 0.133300 0.131500 0.129800 0.157700 0.119700 0.138000 0.017900 0.041600 0.116500 0.103500 0.115200 0.155600 0.114600 0.162600 0.041600 0.124100 0.167700 0.122300 0.122900 0.102700 0.116300 0.193900 0.122400 0.051700 0.000000 0.102000 0.059100 0.052700 0.089500 0.124700 0.133700 0.142000 0.127300 0.203200 0.156400 0.162700
ThomsonGaz 0.119800 0.313100 0.127200 0.315500 0.117100 0.114800 0.057000 0.067900 0.114900 0.105600 0.088200 0.112000 0.068200 0.082000 0.082000 0.049700 0.138800 0.116800 0.101200 0.128100 0.092200 0.108800 0.108600 0.093000 0.088200 0.024400 0.074200 0.112600 0.073900 0.119300 0.092900 0.082200 0.167000 0.094200 0.094700 0.095100 0.088100 0.148400 0.108400 0.131200 0.102000 0.000000 0.097900 0.116900 0.082100 0.095900 0.092400 0.106600 0.085900 0.188300 0.127200 0.119600
MuntiacusC 0.142400 0.355700 0.149900 0.357200 0.184100 0.151800 0.121800 0.130900 0.151800 0.028200 0.139200 0.162200 0.117900 0.132400 0.132600 0.112800 0.169000 0.153000 0.152000 0.165400 0.128100 0.160300 0.065100 0.064000 0.138900 0.112700 0.137500 0.149200 0.136900 0.155900 0.016900 0.132700 0.189400 0.144500 0.145300 0.125400 0.138800 0.215500 0.145300 0.074900 0.059100 0.097900 0.000000 0.086600 0.112500 0.147400 0.141700 0.157200 0.149300 0.224300 0.164100 0.156000
WhiteTaile 0.134700 0.309100 0.169700 0.345100 0.175400 0.143900 0.100300 0.123200 0.157500 0.069200 0.131200 0.140400 0.124000 0.138400 0.138500 0.105200 0.167700 0.159000 0.144000 0.171100 0.147500 0.152200 0.058600 0.034000 0.131100 0.132300 0.116400 0.168900 0.115700 0.175700 0.069600 0.138500 0.166900 0.123100 0.123800 0.131200 0.130800 0.206500 0.137300 0.080400 0.052700 0.116900 0.086600 0.000000 0.118300 0.153300 0.147700 0.149100 0.155200 0.215400 0.169600 0.161700
Cattle 0.114200 0.342800 0.087600 0.310500 0.111300 0.109100 0.063700 0.075200 0.075300 0.107000 0.082500 0.054300 0.075300 0.076200 0.076200 0.054200 0.133500 0.139000 0.095200 0.088000 0.093400 0.103000 0.096100 0.094200 0.082400 0.069900 0.081300 0.086900 0.094700 0.100600 0.094100 0.103600 0.161400 0.101900 0.088900 0.012100 0.082400 0.142800 0.123700 0.118900 0.089500 0.082100 0.112500 0.118300 0.000000 0.090000 0.113500 0.114700 0.093600 0.165000 0.087600 0.093800
RoyalAntel 0.128600 0.354700 0.142900 0.311100 0.125900 0.123700 0.078200 0.088900 0.130300 0.142100 0.110700 0.134400 0.103000 0.103800 0.083300 0.070200 0.162500 0.153600 0.123600 0.122900 0.127600 0.117600 0.131500 0.142900 0.110600 0.083600 0.109200 0.127800 0.108600 0.157400 0.128800 0.118100 0.176600 0.130500 0.116900 0.103200 0.110400 0.157600 0.146000 0.154300 0.124700 0.095900 0.147400 0.153300 0.090000 0.000000 0.113900 0.143200 0.107700 0.190200 0.122200 0.134900
Steenbok 0.084600 0.282300 0.159000 0.309900 0.135400 0.092500 0.088600 0.098800 0.146700 0.150300 0.093400 0.129600 0.060600 0.086700 0.113400 0.080700 0.129400 0.121300 0.092500 0.145800 0.096800 0.086700 0.140400 0.123900 0.093300 0.080600 0.066500 0.116800 0.118100 0.151300 0.137300 0.073900 0.184600 0.085900 0.112700 0.126600 0.093100 0.166400 0.154700 0.134800 0.133700 0.092400 0.141700 0.147700 0.113500 0.113900 0.000000 0.097900 0.090900 0.204700 0.145000 0.137100
Impala 0.152600 0.274200 0.175000 0.310100 0.150900 0.148000 0.103100 0.126800 0.162500 0.166100 0.135000 0.130800 0.100200 0.114400 0.100200 0.108300 0.165000 0.128700 0.133800 0.176200 0.124200 0.156500 0.148800 0.125200 0.134800 0.108200 0.106100 0.159400 0.146800 0.181200 0.152800 0.128600 0.171400 0.099600 0.127200 0.114000 0.134600 0.182200 0.148700 0.129300 0.142000 0.106600 0.157200 0.149100 0.114700 0.143200 0.097900 0.000000 0.117600 0.221300 0.175000 0.151500
Klipspring 0.104500 0.335400 0.124900 0.267300 0.115000 0.099600 0.069100 0.066800 0.112800 0.144100 0.074000 0.110000 0.067100 0.093800 0.093800 0.061500 0.129900 0.141600 0.086200 0.125700 0.116900 0.093600 0.134000 0.145100 0.073900 0.074500 0.073000 0.124100 0.098600 0.131400 0.131100 0.080800 0.149700 0.092300 0.092900 0.106500 0.073800 0.131800 0.133700 0.155900 0.127300 0.085900 0.149300 0.155200 0.093600 0.107700 0.090900 0.117600 0.000000 0.182100 0.111400 0.131100
ForestMusk 0.205900 0.381400 0.211900 0.316300 0.213200 0.217200 0.170500 0.171900 0.199600 0.219400 0.188600 0.194500 0.180000 0.181300 0.181300 0.160500 0.223100 0.229200 0.201700 0.213000 0.204300 0.211100 0.210300 0.220900 0.188400 0.176700 0.186000 0.226000 0.156700 0.218800 0.205800 0.195900 0.224900 0.208700 0.209200 0.178400 0.187900 0.229300 0.225300 0.216200 0.203200 0.188300 0.224300 0.215400 0.165000 0.190200 0.204700 0.221300 0.182100 0.000000 0.211700 0.233600
Bushbuck 0.145600 0.369500 0.059700 0.358900 0.136200 0.141000 0.096100 0.106200 0.035600 0.144600 0.114200 0.123800 0.120400 0.107800 0.128500 0.085900 0.172600 0.170600 0.126800 0.035400 0.144800 0.121100 0.163300 0.174300 0.114100 0.115200 0.126400 0.035000 0.125800 0.053200 0.145700 0.135600 0.193400 0.119700 0.134200 0.100500 0.113900 0.152800 0.162400 0.170800 0.156400 0.127200 0.164100 0.169600 0.087600 0.122200 0.145000 0.175000 0.111400 0.211700 0.000000 0.053200
GreaterKud 0.137800 0.376100 0.065600 0.365900 0.142500 0.133200 0.102400 0.112300 0.041600 0.150700 0.120400 0.129900 0.126600 0.127700 0.126800 0.092300 0.186000 0.176500 0.133000 0.041300 0.137000 0.127200 0.169600 0.166000 0.120300 0.107600 0.132600 0.028900 0.131900 0.059100 0.151900 0.127800 0.214700 0.125900 0.126600 0.106600 0.120100 0.173500 0.168800 0.176900 0.162700 0.119600 0.156000 0.161700 0.093800 0.134900 0.137100 0.151500 0.131100 0.233600 0.053200 0.000000
