1
52 1
Argali 0.000000 0.231000 0.112400 0.264600 0.053900 0.000000 0.072000 0.077700 0.137200 0.087000 0.004400 0.102500 0.058900 0.086400 0.087600 0.101400 0.136000 0.126400 0.031300 0.122800 0.067900 0.008800 0.082900 0.102500 0.004400 0.077300 0.049400 0.131800 0.095400 0.132300 0.087100 0.058800 0.154100 0.063600 0.040400 0.128600 0.008700 0.048900 0.087300 0.091700 0.092100 0.072900 0.082100 0.108200 0.129200 0.097300 0.082500 0.072600 0.077000 0.101100 0.143900 0.143800
LesserMous 0.231000 0.000000 0.213200 0.320200 0.217700 0.230700 0.235100 0.225100 0.230000 0.234000 0.237300 0.250800 0.231000 0.228200 0.236600 0.206800 0.239200 0.240300 0.238400 0.208200 0.206700 0.229900 0.236000 0.230400 0.236300 0.224100 0.212200 0.234900 0.232900 0.218700 0.234200 0.218400 0.287900 0.248600 0.226000 0.264100 0.242300 0.221700 0.241900 0.247900 0.241700 0.219400 0.227700 0.226300 0.265200 0.225800 0.207200 0.229400 0.234100 0.216500 0.209200 0.232200
LesserKudu 0.112400 0.213200 0.000000 0.266100 0.092100 0.112300 0.106800 0.107400 0.031100 0.101700 0.117600 0.088200 0.127700 0.110900 0.107200 0.111700 0.131200 0.132000 0.113000 0.017800 0.097100 0.111900 0.097600 0.107400 0.117100 0.102100 0.097100 0.026600 0.110800 0.026600 0.101700 0.092200 0.154600 0.132700 0.118000 0.103300 0.122200 0.096100 0.122300 0.107300 0.102400 0.087900 0.106300 0.093400 0.103800 0.107700 0.102600 0.102000 0.101500 0.101200 0.045200 0.036000
KillerWhal 0.264600 0.320200 0.266100 0.000000 0.251500 0.264400 0.257000 0.282200 0.283400 0.256400 0.271000 0.271900 0.282200 0.285400 0.265400 0.269100 0.284400 0.297200 0.271600 0.260700 0.268900 0.251800 0.264000 0.277100 0.258500 0.258000 0.246300 0.276800 0.255800 0.259800 0.256500 0.251700 0.291100 0.288100 0.240600 0.298600 0.276000 0.243700 0.276200 0.270900 0.269600 0.264400 0.250200 0.284700 0.299700 0.277300 0.270300 0.257300 0.268300 0.268500 0.273400 0.285500
DefassaWat 0.053900 0.217700 0.092100 0.251500 0.000000 0.053800 0.076900 0.077300 0.116300 0.086600 0.058600 0.087600 0.077400 0.090200 0.072700 0.072100 0.115200 0.116100 0.058800 0.102100 0.067500 0.044500 0.082400 0.092000 0.058400 0.072300 0.058300 0.111100 0.081000 0.111500 0.086600 0.062400 0.137600 0.082100 0.058800 0.107200 0.063100 0.039600 0.091600 0.101500 0.087100 0.067900 0.091100 0.097600 0.107600 0.077500 0.077400 0.053600 0.067200 0.081400 0.122600 0.122500
Sheep 0.000000 0.230700 0.112300 0.264400 0.053800 0.000000 0.072000 0.077600 0.137100 0.087000 0.004400 0.102500 0.058900 0.086400 0.087500 0.101300 0.136000 0.126300 0.031300 0.122600 0.067900 0.008700 0.082800 0.102400 0.004400 0.077200 0.049300 0.131700 0.095400 0.132200 0.087000 0.058700 0.154000 0.063500 0.040400 0.128500 0.008700 0.048800 0.087200 0.091700 0.092000 0.072800 0.082000 0.108100 0.129000 0.097100 0.082400 0.072600 0.076900 0.101000 0.143800 0.143600
MaxwellsDu 0.072000 0.235100 0.106800 0.257000 0.076900 0.072000 0.000000 0.082000 0.131400 0.091400 0.077000 0.102300 0.111300 0.057900 0.091800 0.095900 0.135400 0.140800 0.086700 0.117100 0.062800 0.071800 0.096900 0.116600 0.076700 0.077000 0.081700 0.116100 0.076300 0.126500 0.081800 0.022000 0.137800 0.116200 0.082300 0.122800 0.081500 0.071500 0.077300 0.116800 0.101700 0.072600 0.096000 0.112500 0.123400 0.091900 0.072600 0.067500 0.081200 0.076600 0.138000 0.127700
GazellaPrz 0.077700 0.225100 0.107400 0.282200 0.077300 0.077600 0.082000 0.000000 0.132100 0.101600 0.082600 0.113000 0.102000 0.081200 0.092300 0.077400 0.121200 0.131900 0.082800 0.117700 0.044700 0.077300 0.097400 0.107300 0.082200 0.044700 0.082100 0.126800 0.048900 0.127300 0.101600 0.067600 0.154500 0.106800 0.082800 0.123700 0.087100 0.081300 0.054100 0.117100 0.102200 0.040300 0.106200 0.103100 0.134500 0.092400 0.049500 0.077300 0.081700 0.096200 0.138800 0.138600
MountainNy 0.137200 0.230000 0.031100 0.283400 0.116300 0.137100 0.131400 0.132100 0.000000 0.121100 0.142600 0.112500 0.152900 0.135600 0.131900 0.116500 0.146200 0.146900 0.137900 0.022200 0.121400 0.136600 0.122000 0.122100 0.131900 0.126600 0.121400 0.013200 0.135300 0.022100 0.121100 0.116600 0.181000 0.158000 0.143100 0.128100 0.147300 0.120200 0.147400 0.132200 0.126900 0.112200 0.125800 0.108000 0.128700 0.122200 0.127200 0.126400 0.125800 0.125400 0.040600 0.022300
MuntiacusM 0.087000 0.234000 0.101700 0.256400 0.086600 0.087000 0.091400 0.101600 0.121100 0.000000 0.092000 0.092400 0.106700 0.114900 0.116200 0.115800 0.120000 0.110800 0.092300 0.111800 0.091400 0.086700 0.040100 0.058600 0.091700 0.096400 0.086700 0.115800 0.105100 0.121200 0.008700 0.086500 0.132100 0.111500 0.102000 0.132700 0.096600 0.071700 0.096800 0.067500 0.044700 0.091900 0.004300 0.073200 0.133300 0.097000 0.086900 0.096200 0.091000 0.095500 0.132500 0.132400
goat 0.004400 0.237300 0.117600 0.271000 0.058600 0.004400 0.077000 0.082600 0.142600 0.092000 0.000000 0.107800 0.063700 0.091400 0.092500 0.106500 0.141600 0.131700 0.035900 0.128000 0.072700 0.013100 0.087800 0.107600 0.008700 0.082200 0.054100 0.137100 0.100500 0.137700 0.092100 0.063500 0.159900 0.068400 0.045100 0.134000 0.013100 0.053500 0.092200 0.097000 0.097200 0.077800 0.087000 0.113400 0.134600 0.102300 0.087500 0.077500 0.081800 0.106100 0.149400 0.149200
AfricanBuf 0.102500 0.250800 0.088200 0.271900 0.087600 0.102500 0.102300 0.113000 0.112500 0.092400 0.107800 0.000000 0.133400 0.116900 0.122800 0.117300 0.142200 0.147600 0.118100 0.098300 0.102500 0.102200 0.098000 0.098000 0.107300 0.107500 0.107400 0.107200 0.115900 0.107700 0.092400 0.088200 0.139400 0.138500 0.113400 0.064600 0.112400 0.091700 0.128000 0.117900 0.102800 0.103100 0.097000 0.113800 0.064800 0.093400 0.103100 0.107400 0.097000 0.106500 0.118900 0.118700
Topi 0.058900 0.231000 0.127700 0.282200 0.077400 0.058900 0.111300 0.102000 0.152900 0.106700 0.063700 0.133400 0.000000 0.125100 0.112300 0.116300 0.146600 0.137100 0.063900 0.138300 0.101600 0.058700 0.102600 0.122600 0.063500 0.091800 0.044900 0.147300 0.105500 0.147900 0.106700 0.096400 0.170400 0.031200 0.054400 0.144500 0.068200 0.072100 0.111800 0.123200 0.107400 0.097100 0.101600 0.128700 0.145200 0.112400 0.102100 0.096700 0.101000 0.125900 0.159900 0.159800
CommonDuik 0.086400 0.228200 0.110900 0.285400 0.090200 0.086400 0.057900 0.081200 0.135600 0.114900 0.091400 0.116900 0.125100 0.000000 0.105500 0.090400 0.139500 0.145800 0.101400 0.121200 0.085600 0.086100 0.110800 0.130900 0.091000 0.080800 0.095100 0.130200 0.075900 0.130700 0.114900 0.035300 0.152300 0.130000 0.101200 0.127100 0.095900 0.094100 0.090800 0.130800 0.116100 0.076400 0.119500 0.126600 0.137900 0.105800 0.086200 0.090300 0.094900 0.099600 0.142200 0.131900
Suni 0.087600 0.236600 0.107200 0.265400 0.072700 0.087500 0.091800 0.092300 0.131900 0.116200 0.092500 0.122800 0.112300 0.105500 0.000000 0.111400 0.146100 0.147000 0.088000 0.117500 0.091900 0.087200 0.112100 0.127100 0.092200 0.087100 0.082400 0.126500 0.105600 0.127000 0.116200 0.077200 0.158900 0.117200 0.092800 0.143800 0.097100 0.081500 0.116900 0.122100 0.117000 0.092400 0.111000 0.113000 0.144500 0.107300 0.102200 0.077300 0.101100 0.091200 0.148900 0.138400
Springbuck 0.101400 0.206800 0.111700 0.269100 0.072100 0.101300 0.095900 0.077400 0.116500 0.115800 0.106500 0.117300 0.116300 0.090400 0.111400 0.000000 0.135600 0.126200 0.106800 0.102300 0.067600 0.091300 0.101900 0.101900 0.096400 0.063000 0.096100 0.121100 0.053200 0.111700 0.115800 0.081700 0.158900 0.131200 0.101900 0.128100 0.111000 0.095200 0.082000 0.131800 0.106700 0.058600 0.120500 0.097700 0.128600 0.087100 0.077500 0.081700 0.095300 0.110300 0.112800 0.122600
Okapi 0.136000 0.239200 0.131200 0.284400 0.115200 0.136000 0.135400 0.121200 0.146200 0.120000 0.141600 0.142200 0.146600 0.139500 0.146100 0.135600 0.000000 0.035200 0.141700 0.141800 0.110600 0.125400 0.115900 0.125900 0.141000 0.115400 0.125500 0.140600 0.134400 0.151500 0.120000 0.120300 0.136500 0.151600 0.131600 0.164000 0.146300 0.119200 0.136300 0.116300 0.120700 0.121100 0.124600 0.131800 0.175400 0.152400 0.126000 0.120300 0.129900 0.119700 0.142700 0.152800
Giraffe 0.126400 0.240300 0.132000 0.297200 0.116100 0.126300 0.140800 0.131900 0.146900 0.110800 0.131700 0.147600 0.137100 0.145800 0.147000 0.126200 0.035200 0.000000 0.132400 0.142600 0.111300 0.116000 0.106600 0.116600 0.131200 0.116300 0.116300 0.141500 0.129700 0.152300 0.110800 0.116700 0.137300 0.142200 0.132400 0.175300 0.136300 0.120000 0.137000 0.107000 0.116100 0.121900 0.115400 0.122600 0.176000 0.153100 0.126600 0.121100 0.130500 0.110600 0.143400 0.153600
TibetanAnt 0.031300 0.238400 0.113000 0.271600 0.058800 0.031300 0.086700 0.082800 0.137900 0.092300 0.035900 0.118100 0.063900 0.101400 0.088000 0.106800 0.141700 0.132400 0.000000 0.123400 0.082500 0.031200 0.088100 0.107900 0.035800 0.082500 0.054300 0.132500 0.100600 0.133000 0.092400 0.073300 0.165700 0.068600 0.045300 0.145000 0.040400 0.053700 0.092500 0.107400 0.097400 0.078000 0.087300 0.108800 0.145600 0.102700 0.087800 0.072900 0.082100 0.106500 0.150000 0.144500
Sitatunga 0.122800 0.208200 0.017800 0.260700 0.102100 0.122600 0.117100 0.117700 0.022200 0.111800 0.128000 0.098300 0.138300 0.121200 0.117500 0.102300 0.141800 0.142600 0.123400 0.000000 0.107200 0.122200 0.107700 0.107800 0.117500 0.112300 0.107200 0.026700 0.121000 0.008800 0.111900 0.102400 0.165800 0.143300 0.128500 0.113700 0.132700 0.106100 0.132800 0.117700 0.112700 0.098000 0.116500 0.093800 0.114200 0.118000 0.112900 0.112100 0.111600 0.111300 0.027100 0.017900
Oribi 0.067900 0.206700 0.097100 0.268900 0.067500 0.067900 0.062800 0.044700 0.121400 0.091400 0.072700 0.102500 0.101600 0.085600 0.091900 0.067600 0.110600 0.111300 0.082500 0.107200 0.000000 0.067600 0.087300 0.092200 0.072500 0.040000 0.072300 0.116100 0.048600 0.116600 0.081900 0.057900 0.143200 0.106400 0.082500 0.123000 0.077300 0.071600 0.058500 0.106600 0.092000 0.035600 0.096000 0.088000 0.123500 0.082300 0.044700 0.067600 0.071900 0.067400 0.127900 0.127700
BarbaryShe 0.008800 0.229900 0.111900 0.251800 0.044500 0.008700 0.071800 0.077300 0.136600 0.086700 0.013100 0.102200 0.058700 0.086100 0.087200 0.091300 0.125400 0.116000 0.031200 0.122200 0.067600 0.000000 0.082500 0.102000 0.013000 0.077000 0.049100 0.131200 0.095100 0.131700 0.086700 0.058500 0.143000 0.063300 0.040300 0.128100 0.017400 0.048600 0.086900 0.101700 0.091800 0.072600 0.081700 0.107800 0.128600 0.096800 0.082100 0.062900 0.076600 0.100600 0.143300 0.143100
Daviddeer 0.082900 0.236000 0.097600 0.264000 0.082400 0.082800 0.096900 0.097400 0.122000 0.040100 0.087800 0.098000 0.102600 0.110800 0.112100 0.101900 0.115900 0.106600 0.088100 0.107700 0.087300 0.082500 0.000000 0.054300 0.087500 0.092200 0.082500 0.116700 0.100900 0.117200 0.040100 0.082400 0.127900 0.107400 0.097800 0.118600 0.092400 0.076800 0.102300 0.053900 0.013300 0.087700 0.044600 0.059400 0.119100 0.107600 0.092400 0.092100 0.086800 0.091400 0.128500 0.128400
Reindeer 0.102500 0.230400 0.107400 0.277100 0.092000 0.102400 0.116600 0.107300 0.122100 0.058600 0.107600 0.098000 0.122600 0.130900 0.127100 0.101900 0.125900 0.116600 0.107900 0.107800 0.092200 0.102000 0.054300 0.000000 0.107200 0.102100 0.102000 0.126800 0.110800 0.117300 0.058600 0.101900 0.143600 0.127600 0.117800 0.139000 0.112200 0.096100 0.112300 0.072800 0.058900 0.097600 0.063100 0.022100 0.139600 0.107600 0.102300 0.111800 0.106300 0.110900 0.128500 0.128400
Ibex 0.004400 0.236300 0.117100 0.258500 0.058400 0.004400 0.076700 0.082200 0.131900 0.091700 0.008700 0.107300 0.063500 0.091000 0.092200 0.096400 0.141000 0.131200 0.035800 0.117500 0.072500 0.013000 0.087500 0.107200 0.000000 0.081900 0.053900 0.126500 0.100100 0.127000 0.091700 0.063300 0.159200 0.068100 0.044900 0.133400 0.013100 0.053300 0.091900 0.096600 0.096800 0.077500 0.086700 0.113000 0.134000 0.101900 0.087100 0.077200 0.081500 0.105700 0.138500 0.138300
GyrantGaze 0.077300 0.224100 0.102100 0.258000 0.072300 0.077200 0.077000 0.044700 0.126600 0.096400 0.082200 0.107500 0.091800 0.080800 0.087100 0.063000 0.115400 0.116300 0.082500 0.112300 0.040000 0.077000 0.092200 0.102100 0.081900 0.000000 0.067700 0.121300 0.035200 0.121700 0.096400 0.062400 0.148400 0.096600 0.077700 0.118100 0.086700 0.076400 0.044500 0.111600 0.097000 0.022000 0.101000 0.097900 0.118600 0.087200 0.040000 0.072400 0.076700 0.091100 0.133100 0.132900
Hartebeest 0.049400 0.212200 0.097100 0.246300 0.058300 0.049300 0.081700 0.082100 0.121400 0.086700 0.054100 0.107400 0.044900 0.095100 0.082400 0.096100 0.125500 0.116300 0.054300 0.107200 0.072300 0.049100 0.082500 0.102000 0.053900 0.067700 0.000000 0.116100 0.076400 0.116600 0.086800 0.067200 0.121800 0.049400 0.054200 0.118000 0.058600 0.053200 0.086900 0.102300 0.087300 0.072600 0.081800 0.097900 0.118500 0.092100 0.077500 0.067600 0.081400 0.095800 0.127800 0.127700
Bongo 0.131800 0.234900 0.026600 0.276800 0.111100 0.131700 0.116100 0.126800 0.013200 0.115800 0.137100 0.107200 0.147300 0.130200 0.126500 0.121100 0.140600 0.141500 0.132500 0.026700 0.116100 0.131200 0.116700 0.126800 0.126500 0.121300 0.116100 0.000000 0.130000 0.035600 0.115900 0.111200 0.175100 0.152400 0.137600 0.122700 0.141800 0.115000 0.131800 0.126600 0.121600 0.106900 0.120500 0.112600 0.123200 0.116900 0.121900 0.111200 0.120500 0.120200 0.045100 0.035900
Gerenuk 0.095400 0.232900 0.110800 0.255800 0.081000 0.095400 0.076300 0.048900 0.135300 0.105100 0.100500 0.115900 0.105500 0.075900 0.105600 0.053200 0.134400 0.129700 0.100600 0.121000 0.048600 0.095100 0.100900 0.110800 0.100100 0.035200 0.076400 0.130000 0.000000 0.130400 0.105100 0.062700 0.157500 0.110400 0.091300 0.126900 0.105000 0.085000 0.053400 0.120600 0.105700 0.039800 0.109700 0.106700 0.127500 0.096000 0.058100 0.081000 0.085400 0.099700 0.141800 0.141700
CommonElan 0.132300 0.218700 0.026600 0.259800 0.111500 0.132200 0.126500 0.127300 0.022100 0.121200 0.137700 0.107700 0.147900 0.130700 0.127000 0.111700 0.151500 0.152300 0.133000 0.008800 0.116600 0.131700 0.117200 0.117300 0.127000 0.121700 0.116600 0.035600 0.130400 0.000000 0.121300 0.111800 0.165100 0.153000 0.138100 0.123200 0.142400 0.115400 0.142500 0.127200 0.122100 0.107400 0.125900 0.103200 0.123800 0.127500 0.122400 0.121600 0.121000 0.120600 0.036000 0.017800
MuntiacusR 0.087100 0.234200 0.101700 0.256500 0.086600 0.087000 0.081800 0.101600 0.121100 0.008700 0.092100 0.092400 0.106700 0.114900 0.116200 0.115800 0.120000 0.110800 0.092400 0.111900 0.081900 0.086700 0.040100 0.058600 0.091700 0.096400 0.086800 0.115900 0.105100 0.121300 0.000000 0.086600 0.132100 0.111600 0.102000 0.132800 0.096600 0.071700 0.106600 0.067600 0.044700 0.092000 0.013000 0.073200 0.133400 0.097100 0.087000 0.096300 0.091000 0.085900 0.132600 0.132500
HarveysDui 0.058800 0.218400 0.092200 0.251700 0.062400 0.058700 0.022000 0.067600 0.116600 0.086500 0.063500 0.088200 0.096400 0.035300 0.077200 0.081700 0.120300 0.116700 0.073300 0.102400 0.057900 0.058500 0.082400 0.101900 0.063300 0.062400 0.067200 0.111200 0.062700 0.111800 0.086600 0.000000 0.122300 0.101200 0.077700 0.108000 0.068100 0.066300 0.072400 0.101800 0.087700 0.058100 0.091100 0.097600 0.108500 0.077400 0.067700 0.062500 0.067100 0.071700 0.123100 0.112900
Pronghorn 0.154100 0.287900 0.154600 0.291100 0.137600 0.154000 0.137800 0.154500 0.181000 0.132100 0.159900 0.139400 0.170400 0.152300 0.158900 0.158900 0.136500 0.137300 0.165700 0.165800 0.143200 0.143000 0.127900 0.143600 0.159200 0.148400 0.121800 0.175100 0.157500 0.165100 0.132100 0.122300 0.000000 0.175800 0.149100 0.172200 0.164700 0.141400 0.170400 0.133000 0.132800 0.143900 0.136900 0.139300 0.173100 0.165700 0.148900 0.127100 0.153000 0.147300 0.177700 0.177600
BlueWildeb 0.063600 0.248600 0.132700 0.288100 0.082100 0.063500 0.116200 0.106800 0.158000 0.111500 0.068400 0.138500 0.031200 0.130000 0.117200 0.131200 0.151600 0.142200 0.068600 0.143300 0.106400 0.063300 0.107400 0.127600 0.068100 0.096600 0.049400 0.152400 0.110400 0.153000 0.111600 0.101200 0.175800 0.000000 0.059000 0.139300 0.072900 0.076700 0.116700 0.128200 0.112300 0.101900 0.106400 0.133700 0.139900 0.127400 0.106900 0.101500 0.105800 0.130800 0.165100 0.164900
Gemsbok 0.040400 0.226000 0.118000 0.240600 0.058800 0.040400 0.082300 0.082800 0.143100 0.102000 0.045100 0.113400 0.054400 0.101200 0.092800 0.101900 0.131600 0.132400 0.045300 0.128500 0.082500 0.040300 0.097800 0.117800 0.044900 0.077700 0.054200 0.137600 0.091300 0.138100 0.102000 0.077700 0.149100 0.059000 0.000000 0.144900 0.049600 0.053700 0.097300 0.117800 0.102600 0.073300 0.096900 0.123800 0.145500 0.102600 0.087700 0.077700 0.082000 0.106400 0.150000 0.149800
Yak 0.128600 0.264100 0.103300 0.298600 0.107200 0.128500 0.122800 0.123700 0.128100 0.132700 0.134000 0.064600 0.144500 0.127100 0.143800 0.128100 0.164000 0.175300 0.145000 0.113700 0.123000 0.128100 0.118600 0.139000 0.133400 0.118100 0.118000 0.122700 0.126900 0.123200 0.132800 0.108000 0.172200 0.139300 0.144900 0.000000 0.138700 0.111700 0.139000 0.149500 0.123600 0.123700 0.137500 0.134900 0.018100 0.124000 0.123800 0.128000 0.127400 0.127000 0.134800 0.134600
BlueSheep 0.008700 0.242300 0.122200 0.276000 0.063100 0.008700 0.081500 0.087100 0.147300 0.096600 0.013100 0.112400 0.068200 0.095900 0.097100 0.111000 0.146300 0.136300 0.040400 0.132700 0.077300 0.017400 0.092400 0.112200 0.013100 0.086700 0.058600 0.141800 0.105000 0.142400 0.096600 0.068100 0.164700 0.072900 0.049600 0.138700 0.000000 0.058000 0.096800 0.096700 0.101800 0.082300 0.091600 0.113100 0.139300 0.106900 0.092000 0.082000 0.086400 0.110700 0.154100 0.154000
BohorReedb 0.048900 0.221700 0.096100 0.243700 0.039600 0.048800 0.071500 0.081300 0.120200 0.071700 0.053500 0.091700 0.072100 0.094100 0.081500 0.095200 0.119200 0.120000 0.053700 0.106100 0.071600 0.048600 0.076800 0.096100 0.053300 0.076400 0.053200 0.115000 0.085000 0.115400 0.071700 0.066300 0.141400 0.076700 0.053700 0.111700 0.058000 0.000000 0.095600 0.096300 0.081500 0.072000 0.066900 0.101700 0.112100 0.091200 0.072000 0.067000 0.071300 0.085300 0.126500 0.126300
KirksDik 0.087300 0.241900 0.122300 0.276200 0.091600 0.087200 0.077300 0.054100 0.147400 0.096800 0.092200 0.128000 0.111800 0.090800 0.116900 0.082000 0.136300 0.137000 0.092500 0.132800 0.058500 0.086900 0.102300 0.112300 0.091900 0.044500 0.086900 0.131800 0.053400 0.142500 0.106600 0.072400 0.170400 0.116700 0.097300 0.139000 0.096800 0.095600 0.000000 0.122300 0.107200 0.040100 0.101400 0.108200 0.150000 0.107000 0.058600 0.082100 0.096100 0.110800 0.148900 0.154100
RoeDeer 0.091700 0.247900 0.107300 0.270900 0.101500 0.091700 0.116800 0.117100 0.132200 0.067500 0.097000 0.117900 0.123200 0.130800 0.122100 0.131800 0.116300 0.107000 0.107400 0.117700 0.106600 0.101700 0.053900 0.072800 0.096600 0.111600 0.102300 0.126600 0.120600 0.127200 0.067600 0.101800 0.133000 0.128200 0.117800 0.149500 0.096700 0.096300 0.122300 0.000000 0.058400 0.107200 0.072100 0.068100 0.150300 0.122900 0.112000 0.111600 0.106200 0.110800 0.128600 0.138800
WhiteLippe 0.092100 0.241700 0.102400 0.269600 0.087100 0.092000 0.101700 0.102200 0.126900 0.044700 0.097200 0.102800 0.107400 0.116100 0.117000 0.106700 0.120700 0.116100 0.097400 0.112700 0.092000 0.091800 0.013300 0.058900 0.096800 0.097000 0.087300 0.121600 0.105700 0.122100 0.044700 0.087700 0.132800 0.112300 0.102600 0.123600 0.101800 0.081500 0.107200 0.058400 0.000000 0.092500 0.049100 0.064100 0.124100 0.112500 0.097200 0.096800 0.091500 0.096100 0.133500 0.133400
ThomsonGaz 0.072900 0.219400 0.087900 0.264400 0.067900 0.072800 0.072600 0.040300 0.112200 0.091900 0.077800 0.103100 0.097100 0.076400 0.092400 0.058600 0.121100 0.121900 0.078000 0.098000 0.035600 0.072600 0.087700 0.097600 0.077500 0.022000 0.072600 0.106900 0.039800 0.107400 0.092000 0.058100 0.143900 0.101900 0.073300 0.123700 0.082300 0.072000 0.040100 0.107200 0.092500 0.000000 0.096600 0.093400 0.124300 0.082700 0.035600 0.067900 0.072300 0.086700 0.118500 0.118300
MuntiacusC 0.082100 0.227700 0.106300 0.250200 0.091100 0.082000 0.096000 0.106200 0.125800 0.004300 0.087000 0.097000 0.101600 0.119500 0.111000 0.120500 0.124600 0.115400 0.087300 0.116500 0.096000 0.081700 0.044600 0.063100 0.086700 0.101000 0.081800 0.120500 0.109700 0.125900 0.013000 0.091100 0.136900 0.106400 0.096900 0.137500 0.091600 0.066900 0.101400 0.072100 0.049100 0.096600 0.000000 0.077800 0.138100 0.101700 0.091600 0.100800 0.095500 0.100100 0.137300 0.137200
WhiteTaile 0.108200 0.226300 0.093400 0.284700 0.097600 0.108100 0.112500 0.103100 0.108000 0.073200 0.113400 0.113800 0.128700 0.126600 0.113000 0.097700 0.131800 0.122600 0.108800 0.093800 0.088000 0.107800 0.059400 0.022100 0.113000 0.097900 0.097900 0.112600 0.106700 0.103200 0.073200 0.097600 0.139300 0.133700 0.123800 0.134900 0.113100 0.101700 0.108200 0.068100 0.064100 0.093400 0.077800 0.000000 0.135500 0.113400 0.098100 0.107600 0.112100 0.106800 0.124400 0.114100
Cattle 0.129200 0.265200 0.103800 0.299700 0.107600 0.129000 0.123400 0.134500 0.128700 0.133300 0.134600 0.064800 0.145200 0.137900 0.144500 0.128600 0.175400 0.176000 0.145600 0.114200 0.123500 0.128600 0.119100 0.139600 0.134000 0.118600 0.118500 0.123200 0.127500 0.123800 0.133400 0.108500 0.173100 0.139900 0.145500 0.018100 0.139300 0.112100 0.150000 0.150300 0.124100 0.124300 0.138100 0.135500 0.000000 0.124500 0.124400 0.128600 0.127900 0.127500 0.135400 0.124400
RoyalAntel 0.097300 0.225800 0.107700 0.277300 0.077500 0.097100 0.091900 0.092400 0.122200 0.097000 0.102300 0.093400 0.112400 0.105800 0.107300 0.087100 0.152400 0.153100 0.102700 0.118000 0.082300 0.096800 0.107600 0.107600 0.101900 0.087200 0.092100 0.116900 0.096000 0.127500 0.097100 0.077400 0.165700 0.127400 0.102600 0.124000 0.106900 0.091200 0.107000 0.122900 0.112500 0.082700 0.101700 0.113400 0.124500 0.000000 0.082800 0.087100 0.081900 0.106200 0.139100 0.138900
Steenbok 0.082500 0.207200 0.102600 0.270300 0.077400 0.082400 0.072600 0.049500 0.127200 0.086900 0.087500 0.103100 0.102100 0.086200 0.102200 0.077500 0.126000 0.126600 0.087800 0.112900 0.044700 0.082100 0.092400 0.102300 0.087100 0.040000 0.077500 0.121900 0.058100 0.122400 0.087000 0.067700 0.148900 0.106900 0.087700 0.123800 0.092000 0.072000 0.058600 0.112000 0.097200 0.035600 0.091600 0.098100 0.124400 0.082800 0.000000 0.077400 0.081800 0.096300 0.133800 0.133600
Impala 0.072600 0.229400 0.102000 0.257300 0.053600 0.072600 0.067500 0.077300 0.126400 0.096200 0.077500 0.107400 0.096700 0.090300 0.077300 0.081700 0.120300 0.121100 0.072900 0.112100 0.067600 0.062900 0.092100 0.111800 0.077200 0.072400 0.067600 0.111200 0.081000 0.121600 0.096300 0.062500 0.127100 0.101500 0.077700 0.128000 0.082000 0.067000 0.082100 0.111600 0.096800 0.067900 0.100800 0.107600 0.128600 0.087100 0.077400 0.000000 0.076600 0.090900 0.132900 0.132700
Klipspring 0.077000 0.234100 0.101500 0.268300 0.067200 0.076900 0.081200 0.081700 0.125800 0.091000 0.081800 0.097000 0.101000 0.094900 0.101100 0.095300 0.129900 0.130500 0.082100 0.111600 0.071900 0.076600 0.086800 0.106300 0.081500 0.076700 0.081400 0.120500 0.085400 0.121000 0.091000 0.067100 0.153000 0.105800 0.082000 0.127400 0.086400 0.071300 0.096100 0.106200 0.091500 0.072300 0.095500 0.112100 0.127900 0.081900 0.081800 0.076600 0.000000 0.090600 0.132200 0.132000
ForestMusk 0.101100 0.216500 0.101200 0.268500 0.081400 0.101000 0.076600 0.096200 0.125400 0.095500 0.106100 0.106500 0.125900 0.099600 0.091200 0.110300 0.119700 0.110600 0.106500 0.111300 0.067400 0.100600 0.091400 0.110900 0.105700 0.091100 0.095800 0.120200 0.099700 0.120600 0.085900 0.071700 0.147300 0.130800 0.106400 0.127000 0.110700 0.085300 0.110800 0.110800 0.096100 0.086700 0.100100 0.106800 0.127500 0.106200 0.096300 0.090900 0.090600 0.000000 0.131800 0.131800
Bushbuck 0.143900 0.209200 0.045200 0.273400 0.122600 0.143800 0.138000 0.138800 0.040600 0.132500 0.149400 0.118900 0.159900 0.142200 0.148900 0.112800 0.142700 0.143400 0.150000 0.027100 0.127900 0.143300 0.128500 0.128500 0.138500 0.133100 0.127800 0.045100 0.141800 0.036000 0.132600 0.123100 0.177700 0.165100 0.150000 0.134800 0.154100 0.126500 0.148900 0.128600 0.133500 0.118500 0.137300 0.124400 0.135400 0.139100 0.133800 0.132900 0.132200 0.131800 0.000000 0.036300
GreaterKud 0.143800 0.232200 0.036000 0.285500 0.122500 0.143600 0.127700 0.138600 0.022300 0.132400 0.149200 0.118700 0.159800 0.131900 0.138400 0.122600 0.152800 0.153600 0.144500 0.017900 0.127700 0.143100 0.128400 0.128400 0.138300 0.132900 0.127700 0.035900 0.141700 0.017800 0.132500 0.112900 0.177600 0.164900 0.149800 0.134600 0.154000 0.126300 0.154100 0.138800 0.133400 0.118300 0.137200 0.114100 0.124400 0.138900 0.133600 0.132700 0.132000 0.131800 0.036300 0.000000
