1
52 1
Argali 0.000000 0.338200 0.124700 0.276600 0.024500 0.024700 0.024500 0.037300 0.124700 0.160700 0.000000 0.087200 0.048200 0.073300 0.036500 0.074100 0.206500 0.173800 0.048300 0.139400 0.060500 0.012200 0.135300 0.118700 0.000000 0.073200 0.048200 0.138300 0.074000 0.124700 0.146000 0.036500 0.149300 0.048200 0.024200 0.086900 0.012200 0.024500 0.048500 0.157700 0.104400 0.048600 0.159900 0.160000 0.074900 0.100000 0.072800 0.110600 0.091000 0.089300 0.136600 0.124700
LesserMous 0.338200 0.000000 0.391700 0.452200 0.349200 0.376600 0.349200 0.373000 0.391700 0.285700 0.338200 0.344500 0.362600 0.336600 0.361400 0.414000 0.285800 0.282400 0.383500 0.394800 0.355500 0.314800 0.259100 0.308000 0.338200 0.337700 0.324600 0.408700 0.417800 0.391700 0.304800 0.364200 0.254900 0.362600 0.328900 0.384500 0.317100 0.349200 0.376200 0.354700 0.287200 0.381600 0.322200 0.323100 0.368600 0.417200 0.377700 0.446200 0.394800 0.334400 0.405300 0.391700
LesserKudu 0.124700 0.391700 0.000000 0.327200 0.096400 0.151500 0.096200 0.110000 0.000000 0.152300 0.124700 0.058400 0.121200 0.119800 0.083200 0.145100 0.194400 0.191700 0.147900 0.011400 0.106600 0.110400 0.155000 0.138800 0.124700 0.093800 0.121200 0.011200 0.145900 0.000000 0.138300 0.108200 0.196600 0.120600 0.120900 0.058500 0.137500 0.096400 0.094700 0.149200 0.151700 0.095100 0.151500 0.151600 0.046800 0.119800 0.120100 0.155800 0.152400 0.097300 0.011200 0.000000
KillerWhal 0.276600 0.452200 0.327200 0.000000 0.269800 0.275000 0.269800 0.289200 0.327200 0.244000 0.276600 0.315400 0.299300 0.260800 0.250700 0.295100 0.310900 0.240500 0.336000 0.329500 0.278500 0.290300 0.217200 0.261400 0.276600 0.327100 0.299300 0.311000 0.263300 0.327200 0.261100 0.251100 0.280100 0.299300 0.303200 0.316100 0.292200 0.269800 0.232800 0.271400 0.243500 0.298800 0.211000 0.243100 0.302000 0.330200 0.264200 0.306900 0.330700 0.289700 0.307500 0.327200
DefassaWat 0.024500 0.349200 0.096400 0.269800 0.000000 0.049500 0.000000 0.012100 0.096400 0.128900 0.024500 0.060200 0.048100 0.047500 0.011900 0.047700 0.172000 0.141500 0.048200 0.110000 0.035200 0.036600 0.104000 0.088900 0.024500 0.047200 0.048100 0.109200 0.047500 0.096400 0.115800 0.011900 0.117400 0.048100 0.023900 0.060300 0.036700 0.000000 0.023500 0.126600 0.075400 0.023600 0.128300 0.128400 0.048300 0.072600 0.047900 0.083200 0.062700 0.061500 0.108000 0.096400
Sheep 0.024700 0.376600 0.151500 0.275000 0.049500 0.000000 0.049300 0.062900 0.151500 0.160100 0.024800 0.113300 0.048100 0.072600 0.061400 0.073400 0.237300 0.203100 0.073300 0.166800 0.085800 0.036600 0.134700 0.117400 0.024500 0.098800 0.048100 0.165500 0.048500 0.151500 0.174600 0.061400 0.178700 0.048100 0.048500 0.113300 0.036800 0.049500 0.073200 0.157200 0.104000 0.074200 0.159200 0.159400 0.101300 0.126400 0.099700 0.136800 0.118300 0.116100 0.163500 0.151500
MaxwellsDu 0.024500 0.349200 0.096200 0.269800 0.000000 0.049300 0.000000 0.012000 0.096400 0.129200 0.024500 0.060200 0.048200 0.047200 0.011900 0.047300 0.172000 0.141500 0.048200 0.110000 0.035300 0.036600 0.104500 0.088900 0.024500 0.047200 0.048200 0.109200 0.047800 0.096400 0.115000 0.011900 0.117500 0.048100 0.023900 0.060300 0.037100 0.000000 0.023500 0.126600 0.075400 0.023700 0.128300 0.129300 0.048700 0.072400 0.047600 0.083200 0.062700 0.061500 0.108000 0.096400
GazellaPrz 0.037300 0.373000 0.110000 0.289200 0.012100 0.062900 0.012000 0.000000 0.110000 0.144100 0.037300 0.073300 0.061100 0.059700 0.023900 0.060100 0.188500 0.157000 0.061200 0.124200 0.047600 0.049300 0.119100 0.103900 0.037300 0.059900 0.061800 0.123200 0.060400 0.110000 0.129900 0.024000 0.132700 0.061100 0.036500 0.073500 0.049800 0.012100 0.035900 0.141600 0.089500 0.036000 0.143400 0.143600 0.061300 0.061000 0.060400 0.096500 0.076300 0.075000 0.121800 0.110000
MountainNy 0.124700 0.391700 0.000000 0.327200 0.096400 0.151500 0.096400 0.110000 0.000000 0.152300 0.124700 0.058400 0.121200 0.118600 0.082900 0.145100 0.194400 0.191700 0.147900 0.011300 0.106600 0.110400 0.155000 0.138800 0.124700 0.093800 0.121200 0.011200 0.145900 0.000000 0.138300 0.108200 0.196600 0.121200 0.122100 0.058500 0.137800 0.096400 0.094700 0.149200 0.151700 0.095100 0.151500 0.151600 0.046800 0.119800 0.120100 0.155800 0.152400 0.097300 0.011100 0.000000
MuntiacusM 0.160700 0.285700 0.152300 0.244000 0.128900 0.160100 0.129200 0.144100 0.152300 0.000000 0.160700 0.169100 0.127700 0.125100 0.113700 0.180600 0.148100 0.145900 0.184700 0.153200 0.139000 0.144600 0.052200 0.064500 0.160700 0.152300 0.127700 0.166300 0.153300 0.152300 0.037900 0.141400 0.150200 0.127700 0.156800 0.169700 0.174600 0.129300 0.126300 0.076200 0.051000 0.154700 0.025000 0.050900 0.156700 0.181900 0.181900 0.220700 0.205900 0.144600 0.164300 0.152300
goat 0.000000 0.338200 0.124700 0.276600 0.024500 0.024800 0.024500 0.037300 0.124700 0.160700 0.000000 0.087200 0.048400 0.073000 0.036500 0.073400 0.206500 0.173800 0.048300 0.139400 0.060700 0.012100 0.135300 0.118700 0.000000 0.073200 0.048200 0.138300 0.074400 0.124700 0.146000 0.036500 0.149300 0.048200 0.024000 0.087500 0.012200 0.024500 0.048500 0.157700 0.105500 0.048900 0.159900 0.160000 0.075100 0.100000 0.073900 0.110600 0.090300 0.089300 0.136600 0.124700
AfricanBuf 0.087200 0.344500 0.058400 0.315400 0.060200 0.113300 0.060200 0.073300 0.058400 0.169100 0.087200 0.000000 0.110400 0.108300 0.071700 0.108500 0.183900 0.153200 0.110600 0.071000 0.095500 0.099400 0.144200 0.127900 0.087100 0.083000 0.110400 0.070500 0.109100 0.058400 0.154600 0.072000 0.157200 0.110400 0.085300 0.023600 0.100300 0.060200 0.083500 0.165500 0.141000 0.059300 0.168200 0.168300 0.011800 0.109100 0.109100 0.119500 0.114200 0.060800 0.069800 0.058400
Topi 0.048200 0.362600 0.121200 0.299300 0.048100 0.048100 0.048200 0.061100 0.121200 0.127700 0.048400 0.110400 0.000000 0.046900 0.059800 0.096400 0.170400 0.197000 0.047100 0.135400 0.058900 0.035600 0.103000 0.088000 0.048600 0.071200 0.023300 0.134400 0.070900 0.121200 0.141400 0.060000 0.173100 0.000000 0.047200 0.110700 0.060400 0.048100 0.071600 0.098900 0.074700 0.072200 0.127000 0.100200 0.098400 0.097000 0.097000 0.107500 0.114900 0.112800 0.132900 0.121200
CommonDuik 0.073300 0.336600 0.119800 0.260800 0.047500 0.072600 0.047200 0.059700 0.118600 0.125100 0.073000 0.108300 0.046900 0.000000 0.058700 0.070100 0.167100 0.164900 0.084000 0.132900 0.082100 0.059600 0.100800 0.086200 0.073300 0.069900 0.023100 0.106600 0.046200 0.119000 0.138600 0.034900 0.141100 0.046800 0.071800 0.108600 0.060400 0.047200 0.046300 0.122900 0.073300 0.070900 0.124500 0.124500 0.096600 0.095300 0.046400 0.093500 0.112600 0.110700 0.130500 0.119000
Suni 0.036500 0.361400 0.083200 0.250700 0.011900 0.061400 0.011900 0.023900 0.082900 0.113700 0.036500 0.071700 0.059800 0.058700 0.000000 0.058900 0.183900 0.153300 0.059500 0.096200 0.023200 0.048500 0.116100 0.100800 0.036500 0.058700 0.059800 0.095500 0.059000 0.082900 0.101900 0.023700 0.129400 0.059800 0.035700 0.071900 0.048900 0.011900 0.011700 0.111900 0.087400 0.035300 0.113400 0.113400 0.060000 0.084000 0.059200 0.095000 0.074700 0.073300 0.094500 0.082900
Springbuck 0.074100 0.414000 0.145100 0.295100 0.047700 0.073400 0.047300 0.060100 0.145100 0.180600 0.073400 0.108500 0.096400 0.070100 0.058900 0.000000 0.196100 0.165300 0.096700 0.159600 0.082300 0.085500 0.156000 0.139700 0.072700 0.094800 0.096400 0.132300 0.023000 0.145100 0.166400 0.035000 0.169600 0.096400 0.071900 0.108800 0.085900 0.047300 0.046400 0.177600 0.125800 0.071100 0.179900 0.179900 0.096000 0.121000 0.070700 0.106000 0.112900 0.110900 0.156800 0.145100
Okapi 0.206500 0.285800 0.194400 0.310900 0.172000 0.237300 0.172000 0.188500 0.194400 0.148100 0.206500 0.183900 0.170400 0.167100 0.183900 0.196100 0.000000 0.050500 0.200100 0.195700 0.153100 0.189100 0.122400 0.134400 0.206500 0.167200 0.199800 0.179400 0.197400 0.194400 0.133300 0.156200 0.106700 0.170400 0.172400 0.184500 0.221000 0.172000 0.168000 0.144900 0.119500 0.198600 0.147300 0.118800 0.171400 0.227000 0.197400 0.206900 0.254400 0.174400 0.206500 0.194400
Giraffe 0.173800 0.282400 0.191700 0.240500 0.141500 0.203100 0.141500 0.157000 0.191700 0.145900 0.173800 0.153200 0.197000 0.164900 0.153300 0.165300 0.050500 0.000000 0.197600 0.193000 0.151300 0.186500 0.120600 0.132500 0.173800 0.165100 0.197000 0.177900 0.166300 0.191700 0.131500 0.126600 0.077800 0.197000 0.141800 0.153600 0.187700 0.141500 0.138400 0.171500 0.117800 0.167400 0.145200 0.145400 0.140900 0.223900 0.166300 0.176700 0.219400 0.143400 0.203800 0.191700
TibetanAnt 0.048300 0.383500 0.147900 0.336000 0.048200 0.073300 0.048200 0.061200 0.147900 0.184700 0.048300 0.110600 0.047100 0.084000 0.059500 0.096700 0.200100 0.197600 0.000000 0.162700 0.059000 0.060200 0.159600 0.142800 0.048300 0.096400 0.059200 0.161600 0.097300 0.147900 0.170000 0.060200 0.159200 0.046800 0.047300 0.111000 0.048200 0.048200 0.071800 0.153200 0.128500 0.072400 0.183800 0.155200 0.098700 0.123300 0.084600 0.094700 0.115200 0.112400 0.160000 0.147900
Sitatunga 0.139400 0.394800 0.011400 0.329500 0.110000 0.166800 0.110000 0.124200 0.011300 0.153200 0.139400 0.071000 0.135400 0.132900 0.096200 0.159600 0.195700 0.193000 0.162700 0.000000 0.120200 0.124600 0.156000 0.153900 0.139400 0.107000 0.135400 0.022800 0.160500 0.011400 0.139200 0.122100 0.197900 0.135400 0.136400 0.071200 0.152500 0.110000 0.108100 0.150100 0.152700 0.108600 0.152500 0.152600 0.059400 0.134600 0.134800 0.170300 0.167800 0.111100 0.022600 0.011400
Oribi 0.060500 0.355500 0.106600 0.278500 0.035200 0.085800 0.035300 0.047600 0.106600 0.139000 0.060700 0.095500 0.058900 0.082100 0.023200 0.082300 0.153100 0.151300 0.059000 0.120200 0.000000 0.072600 0.141600 0.125800 0.060600 0.058000 0.083600 0.119400 0.082700 0.106600 0.125300 0.046800 0.127600 0.059000 0.035200 0.095700 0.072900 0.035400 0.034700 0.110200 0.112100 0.058700 0.138400 0.111600 0.084100 0.107800 0.082400 0.093200 0.099400 0.097600 0.118100 0.106600
BarbaryShe 0.012200 0.314800 0.110400 0.290300 0.036600 0.036600 0.036600 0.049300 0.110400 0.144600 0.012100 0.099400 0.035600 0.059600 0.048500 0.085500 0.189100 0.186500 0.060200 0.124600 0.072600 0.000000 0.119500 0.104300 0.012200 0.060000 0.035600 0.123600 0.085900 0.110400 0.130300 0.048500 0.162100 0.035600 0.036100 0.099600 0.024300 0.036600 0.060500 0.142000 0.089700 0.061000 0.143900 0.144000 0.087300 0.086000 0.085900 0.122600 0.103600 0.101700 0.122200 0.110400
Daviddeer 0.135300 0.259100 0.155000 0.217200 0.104000 0.134700 0.104500 0.119100 0.155000 0.052200 0.135300 0.144200 0.103000 0.100800 0.116100 0.156000 0.122400 0.120600 0.159600 0.156000 0.141600 0.119500 0.000000 0.039300 0.135300 0.127800 0.103000 0.169200 0.128800 0.155000 0.065700 0.116700 0.124200 0.103000 0.131800 0.144700 0.149200 0.104000 0.128700 0.077700 0.026000 0.130000 0.051900 0.052200 0.131700 0.157200 0.157100 0.195900 0.150600 0.119400 0.167100 0.155000
Reindeer 0.118700 0.308000 0.138800 0.261400 0.088900 0.117400 0.088900 0.103900 0.138800 0.064500 0.118700 0.127900 0.088000 0.086200 0.100800 0.139700 0.134400 0.132500 0.142800 0.153900 0.125800 0.104300 0.039300 0.000000 0.118700 0.112400 0.087700 0.152600 0.113200 0.138800 0.077900 0.101300 0.136300 0.088000 0.115800 0.128400 0.132200 0.088900 0.113200 0.063300 0.038200 0.114200 0.064100 0.038100 0.115600 0.140700 0.140700 0.178700 0.162100 0.103500 0.150800 0.138800
Ibex 0.000000 0.338200 0.124700 0.276600 0.024500 0.024500 0.024500 0.037300 0.124700 0.160700 0.000000 0.087100 0.048600 0.073300 0.036500 0.072700 0.206500 0.173800 0.048300 0.139400 0.060600 0.012200 0.135300 0.118700 0.000000 0.073200 0.048200 0.138300 0.073900 0.124700 0.146000 0.036600 0.149300 0.048200 0.024000 0.087500 0.012300 0.024500 0.048500 0.157700 0.104400 0.048900 0.159900 0.160000 0.075100 0.100000 0.073900 0.110600 0.091400 0.089900 0.136600 0.124700
GyrantGaze 0.073200 0.337700 0.093800 0.327100 0.047200 0.098800 0.047200 0.059900 0.093800 0.152300 0.073200 0.083000 0.071200 0.069900 0.058700 0.094800 0.167200 0.165100 0.096400 0.107000 0.058000 0.060000 0.127800 0.112400 0.073200 0.000000 0.071200 0.106300 0.095200 0.093800 0.138400 0.058700 0.141400 0.070600 0.047300 0.083200 0.085800 0.047200 0.070300 0.122900 0.099000 0.046600 0.151600 0.151600 0.071300 0.070400 0.095200 0.105500 0.099400 0.084800 0.105200 0.093800
Hartebeest 0.048200 0.324600 0.121200 0.299300 0.048100 0.048100 0.048200 0.061800 0.121200 0.127700 0.048200 0.110400 0.023300 0.023100 0.059800 0.096400 0.199800 0.197000 0.059200 0.135400 0.083600 0.035600 0.103000 0.087700 0.048200 0.071200 0.000000 0.134400 0.071600 0.121200 0.141400 0.060000 0.144200 0.023100 0.047200 0.110700 0.035800 0.048100 0.071600 0.125400 0.074700 0.072200 0.127000 0.127100 0.098400 0.097000 0.071700 0.119900 0.114900 0.112800 0.132900 0.121200
Bongo 0.138300 0.408700 0.011200 0.311000 0.109200 0.165500 0.109200 0.123200 0.011200 0.166300 0.138300 0.070500 0.134400 0.106600 0.095500 0.132300 0.179400 0.177900 0.161600 0.022800 0.119400 0.123600 0.169200 0.152600 0.138300 0.106300 0.134400 0.000000 0.133000 0.011200 0.152100 0.095700 0.211500 0.134400 0.135400 0.070700 0.151300 0.109200 0.082400 0.163000 0.165700 0.107800 0.165500 0.165600 0.058900 0.132800 0.107600 0.143100 0.166500 0.110200 0.022400 0.011200
Gerenuk 0.074000 0.417800 0.145900 0.263300 0.047500 0.048500 0.047800 0.060400 0.145900 0.153300 0.074400 0.109100 0.070900 0.046200 0.059000 0.023000 0.197400 0.166300 0.097300 0.160500 0.082700 0.085900 0.128800 0.113200 0.073900 0.095200 0.071600 0.133000 0.000000 0.145900 0.167400 0.035200 0.170800 0.071600 0.072400 0.109400 0.086400 0.047600 0.046700 0.150700 0.099700 0.071400 0.152600 0.152700 0.097300 0.121700 0.071000 0.106500 0.113600 0.111500 0.157600 0.145900
CommonElan 0.124700 0.391700 0.000000 0.327200 0.096400 0.151500 0.096400 0.110000 0.000000 0.152300 0.124700 0.058400 0.121200 0.119000 0.082900 0.145100 0.194400 0.191700 0.147900 0.011400 0.106600 0.110400 0.155000 0.138800 0.124700 0.093800 0.121200 0.011200 0.145900 0.000000 0.138300 0.108200 0.196600 0.121200 0.122100 0.058500 0.137500 0.096400 0.094700 0.149200 0.151700 0.095100 0.151500 0.151600 0.047000 0.119800 0.120100 0.155800 0.152400 0.097300 0.011200 0.000000
MuntiacusR 0.146000 0.304800 0.138300 0.261100 0.115800 0.174600 0.115000 0.129900 0.138300 0.037900 0.146000 0.154600 0.141400 0.138600 0.101900 0.166400 0.133300 0.131500 0.170000 0.139200 0.125300 0.130300 0.065700 0.077900 0.146000 0.138400 0.141400 0.152100 0.167400 0.138300 0.000000 0.127500 0.135100 0.141400 0.142500 0.155100 0.159700 0.115000 0.112800 0.089400 0.064200 0.140600 0.037700 0.064000 0.142200 0.167500 0.167500 0.205900 0.190400 0.130300 0.150300 0.138300
HarveysDui 0.036500 0.364200 0.108200 0.251100 0.011900 0.061400 0.011900 0.024000 0.108200 0.141400 0.036500 0.072000 0.060000 0.034900 0.023700 0.035000 0.156200 0.126600 0.060200 0.122100 0.046800 0.048500 0.116700 0.101300 0.036600 0.058700 0.060000 0.095700 0.035200 0.108200 0.127500 0.000000 0.130100 0.059800 0.035800 0.072200 0.048900 0.011900 0.011600 0.139000 0.087800 0.035400 0.140800 0.140800 0.060200 0.084300 0.035200 0.070300 0.075000 0.073600 0.119900 0.108200
Pronghorn 0.149300 0.254900 0.196600 0.280100 0.117400 0.178700 0.117500 0.132700 0.196600 0.150200 0.149300 0.157200 0.173100 0.141100 0.129400 0.169600 0.106700 0.077800 0.159200 0.197900 0.127600 0.162100 0.124200 0.136300 0.149300 0.141400 0.144200 0.211500 0.170800 0.196600 0.135100 0.130100 0.000000 0.173100 0.117600 0.157800 0.134000 0.117400 0.142000 0.147300 0.093100 0.143500 0.149300 0.149500 0.144800 0.200100 0.142300 0.195500 0.194700 0.147200 0.208800 0.196600
BlueWildeb 0.048200 0.362600 0.120600 0.299300 0.048100 0.048100 0.048100 0.061100 0.121200 0.127700 0.048200 0.110400 0.000000 0.046800 0.059800 0.096400 0.170400 0.197000 0.046800 0.135400 0.059000 0.035600 0.103000 0.088000 0.048200 0.070600 0.023100 0.134400 0.071600 0.121200 0.141400 0.059800 0.173100 0.000000 0.047200 0.110700 0.060400 0.048300 0.071600 0.098900 0.074700 0.072200 0.127000 0.100200 0.098400 0.097000 0.097000 0.107500 0.114900 0.112800 0.132900 0.121200
Gemsbok 0.024200 0.328900 0.120900 0.303200 0.023900 0.048500 0.023900 0.036500 0.122100 0.156800 0.024000 0.085300 0.047200 0.071800 0.035700 0.071900 0.172400 0.141800 0.047300 0.136400 0.035200 0.036100 0.131800 0.115800 0.024000 0.047300 0.047200 0.135400 0.072400 0.122100 0.142500 0.035800 0.117600 0.047200 0.000000 0.085500 0.036100 0.023900 0.047500 0.154000 0.101900 0.047900 0.156100 0.156200 0.073700 0.098200 0.072300 0.108400 0.088300 0.087200 0.133800 0.122100
Yak 0.086900 0.384500 0.058500 0.316100 0.060300 0.113300 0.060300 0.073500 0.058500 0.169700 0.087500 0.023600 0.110700 0.108600 0.071900 0.108800 0.184500 0.153600 0.111000 0.071200 0.095700 0.099600 0.144700 0.128400 0.087500 0.083200 0.110700 0.070700 0.109400 0.058500 0.155100 0.072200 0.157800 0.110700 0.085500 0.000000 0.100300 0.060700 0.084200 0.166100 0.141500 0.059500 0.168800 0.168900 0.011700 0.109400 0.109400 0.119700 0.114500 0.060900 0.069900 0.058600
BlueSheep 0.012200 0.317100 0.137500 0.292200 0.036700 0.036800 0.037100 0.049800 0.137800 0.174600 0.012200 0.100300 0.060400 0.060400 0.048900 0.085900 0.221000 0.187700 0.048200 0.152500 0.072900 0.024300 0.149200 0.132200 0.012300 0.085800 0.035800 0.151300 0.086400 0.137500 0.159700 0.048900 0.134000 0.060400 0.036100 0.100300 0.000000 0.036800 0.060800 0.171400 0.117800 0.061300 0.173700 0.173900 0.087800 0.112700 0.060800 0.110300 0.104200 0.102300 0.149500 0.137500
BohorReedb 0.024500 0.349200 0.096400 0.269800 0.000000 0.049500 0.000000 0.012100 0.096400 0.129300 0.024500 0.060200 0.048100 0.047200 0.011900 0.047300 0.172000 0.141500 0.048200 0.110000 0.035400 0.036600 0.104000 0.088900 0.024500 0.047200 0.048100 0.109200 0.047600 0.096400 0.115000 0.011900 0.117400 0.048300 0.023900 0.060700 0.036800 0.000000 0.023600 0.126600 0.075400 0.023600 0.128300 0.128400 0.048300 0.072400 0.047900 0.082900 0.062900 0.061500 0.108000 0.095800
KirksDik 0.048500 0.376200 0.094700 0.232800 0.023500 0.073200 0.023500 0.035900 0.094700 0.126300 0.048500 0.083500 0.071600 0.046300 0.011700 0.046400 0.168000 0.138400 0.071800 0.108100 0.034700 0.060500 0.128700 0.113200 0.048500 0.070300 0.071600 0.082400 0.046700 0.094700 0.112800 0.011600 0.142000 0.071600 0.047500 0.084200 0.060800 0.023600 0.000000 0.124100 0.099600 0.047100 0.125700 0.125800 0.071800 0.095800 0.046700 0.081300 0.086900 0.085400 0.106200 0.094700
RoeDeer 0.157700 0.354700 0.149200 0.271400 0.126600 0.157200 0.126600 0.141600 0.149200 0.076200 0.157700 0.165500 0.098900 0.122900 0.111900 0.177600 0.144900 0.171500 0.153200 0.150100 0.110200 0.142000 0.077700 0.063300 0.157700 0.122900 0.125400 0.163000 0.150700 0.149200 0.089400 0.139000 0.147300 0.098900 0.154000 0.166100 0.171400 0.126600 0.124100 0.000000 0.050100 0.124800 0.075800 0.024900 0.153400 0.150900 0.178800 0.160900 0.187400 0.141600 0.161100 0.149200
WhiteLippe 0.104400 0.287200 0.151700 0.243500 0.075400 0.104000 0.075400 0.089500 0.151700 0.051000 0.105500 0.141000 0.074700 0.073300 0.087400 0.125800 0.119500 0.117800 0.128500 0.152700 0.112100 0.089700 0.026000 0.038200 0.104400 0.099000 0.074700 0.165700 0.099700 0.151700 0.064200 0.087800 0.093100 0.074700 0.101900 0.141500 0.117800 0.075400 0.099600 0.050100 0.000000 0.100600 0.050700 0.050800 0.128700 0.126700 0.126600 0.164300 0.147100 0.116700 0.163700 0.151700
ThomsonGaz 0.048600 0.381600 0.095100 0.298800 0.023600 0.074200 0.023700 0.036000 0.095100 0.154700 0.048900 0.059300 0.072200 0.070900 0.035300 0.071100 0.198600 0.167400 0.072400 0.108600 0.058700 0.061000 0.130000 0.114200 0.048900 0.046600 0.072200 0.107800 0.071400 0.095100 0.140600 0.035400 0.143500 0.072200 0.047900 0.059500 0.061300 0.023600 0.047100 0.124800 0.100600 0.000000 0.154000 0.154100 0.047700 0.071400 0.071400 0.082100 0.074700 0.060700 0.106600 0.095100
MuntiacusC 0.159900 0.322200 0.151500 0.211000 0.128300 0.159200 0.128300 0.143400 0.151500 0.025000 0.159900 0.168200 0.127000 0.124500 0.113400 0.179900 0.147300 0.145200 0.183800 0.152500 0.138400 0.143900 0.051900 0.064100 0.159900 0.151600 0.127000 0.165500 0.152600 0.151500 0.037700 0.140800 0.149300 0.127000 0.156100 0.168800 0.173700 0.128300 0.125700 0.075800 0.050700 0.154000 0.000000 0.050600 0.155800 0.153100 0.153000 0.219700 0.204800 0.143800 0.163600 0.151500
WhiteTaile 0.160000 0.323100 0.151600 0.243100 0.128400 0.159400 0.129300 0.143600 0.151600 0.050900 0.160000 0.168300 0.100200 0.124500 0.113400 0.179900 0.118800 0.145400 0.155200 0.152600 0.111600 0.144000 0.052200 0.038100 0.160000 0.151600 0.127100 0.165600 0.152700 0.151600 0.064000 0.140800 0.149500 0.100200 0.156200 0.168900 0.173900 0.128400 0.125800 0.024900 0.050800 0.154100 0.050600 0.000000 0.156000 0.181100 0.181200 0.190800 0.205000 0.144000 0.163600 0.151600
Cattle 0.074900 0.368600 0.046800 0.302000 0.048300 0.101300 0.048700 0.061300 0.046800 0.156700 0.075100 0.011800 0.098400 0.096600 0.060000 0.096000 0.171400 0.140900 0.098700 0.059400 0.084100 0.087300 0.131700 0.115600 0.075100 0.071300 0.098400 0.058900 0.097300 0.047000 0.142200 0.060200 0.144800 0.098400 0.073700 0.011700 0.087800 0.048300 0.071800 0.153400 0.128700 0.047700 0.155800 0.156000 0.000000 0.097300 0.097300 0.107800 0.101900 0.048800 0.058300 0.046800
RoyalAntel 0.100000 0.417200 0.119800 0.330200 0.072600 0.126400 0.072400 0.061000 0.119800 0.181900 0.100000 0.109100 0.097000 0.095300 0.084000 0.121000 0.227000 0.223900 0.123300 0.134600 0.107800 0.086000 0.157200 0.140700 0.100000 0.070400 0.097000 0.132800 0.121700 0.119800 0.167500 0.084300 0.200100 0.097000 0.098200 0.109400 0.112700 0.072400 0.095800 0.150900 0.126700 0.071400 0.153100 0.181100 0.097300 0.000000 0.096500 0.131800 0.127300 0.111500 0.131400 0.119800
Steenbok 0.072800 0.377700 0.120100 0.264200 0.047900 0.099700 0.047600 0.060400 0.120100 0.181900 0.073900 0.109100 0.097000 0.046400 0.059200 0.070700 0.197400 0.166300 0.084600 0.134800 0.082400 0.085900 0.157100 0.140700 0.073900 0.095200 0.071700 0.107600 0.071000 0.120100 0.167500 0.035200 0.142300 0.097000 0.072300 0.109400 0.060800 0.047900 0.046700 0.178800 0.126600 0.071400 0.153000 0.181200 0.097300 0.096500 0.000000 0.094100 0.113600 0.111500 0.131800 0.120100
Impala 0.110600 0.446200 0.155800 0.306900 0.083200 0.136800 0.083200 0.096500 0.155800 0.220700 0.110600 0.119500 0.107500 0.093500 0.095000 0.106000 0.206900 0.176700 0.094700 0.170300 0.093200 0.122600 0.195900 0.178700 0.110600 0.105500 0.119900 0.143100 0.106500 0.155800 0.205900 0.070300 0.195500 0.107500 0.108400 0.119700 0.110300 0.082900 0.081300 0.160900 0.164300 0.082100 0.219700 0.190800 0.107800 0.131800 0.094100 0.000000 0.137800 0.122000 0.167400 0.155800
Klipspring 0.091000 0.394800 0.152400 0.330700 0.062700 0.118300 0.062700 0.076300 0.152400 0.205900 0.090300 0.114200 0.114900 0.112600 0.074700 0.112900 0.254400 0.219400 0.115200 0.167800 0.099400 0.103600 0.150600 0.162100 0.091400 0.099400 0.114900 0.166500 0.113600 0.152400 0.190400 0.075000 0.194700 0.114900 0.088300 0.114500 0.104200 0.062900 0.086900 0.187400 0.147100 0.074700 0.204800 0.205000 0.101900 0.127300 0.113600 0.137800 0.000000 0.089900 0.164500 0.152400
ForestMusk 0.089300 0.334400 0.097300 0.289700 0.061500 0.116100 0.061500 0.075000 0.097300 0.144600 0.089300 0.060800 0.112800 0.110700 0.073300 0.110900 0.174400 0.143400 0.112400 0.111100 0.097600 0.101700 0.119400 0.103500 0.089900 0.084800 0.112800 0.110200 0.111500 0.097300 0.130300 0.073600 0.147200 0.112800 0.087200 0.060900 0.102300 0.061500 0.085400 0.141600 0.116700 0.060700 0.143800 0.144000 0.048800 0.111500 0.111500 0.122000 0.089900 0.000000 0.109000 0.097300
Bushbuck 0.136600 0.405300 0.011200 0.307500 0.108000 0.163500 0.108000 0.121800 0.011100 0.164300 0.136600 0.069800 0.132900 0.130500 0.094500 0.156800 0.206500 0.203800 0.160000 0.022600 0.118100 0.122200 0.167100 0.150800 0.136600 0.105200 0.132900 0.022400 0.157600 0.011200 0.150300 0.119900 0.208800 0.132900 0.133800 0.069900 0.149500 0.108000 0.106200 0.161100 0.163700 0.106600 0.163600 0.163600 0.058300 0.131400 0.131800 0.167400 0.164500 0.109000 0.000000 0.011200
GreaterKud 0.124700 0.391700 0.000000 0.327200 0.096400 0.151500 0.096400 0.110000 0.000000 0.152300 0.124700 0.058400 0.121200 0.119000 0.082900 0.145100 0.194400 0.191700 0.147900 0.011400 0.106600 0.110400 0.155000 0.138800 0.124700 0.093800 0.121200 0.011200 0.145900 0.000000 0.138300 0.108200 0.196600 0.121200 0.122100 0.058600 0.137500 0.095800 0.094700 0.149200 0.151700 0.095100 0.151500 0.151600 0.046800 0.119800 0.120100 0.155800 0.152400 0.097300 0.011200 0.000000
