1
52 1
Argali 0.000000 0.484700 0.044500 0.314500 0.043600 0.014300 0.029100 0.060100 0.029700 0.094900 0.029600 0.074900 0.043500 0.029100 0.044800 0.044600 0.111100 0.139700 0.000000 0.044700 0.059700 0.014100 0.093500 0.111200 0.000000 0.044600 0.043500 0.044700 0.060800 0.060200 0.094900 0.014400 0.142000 0.043500 0.072700 0.044000 0.058900 0.028200 0.029600 0.109900 0.110700 0.044600 0.094800 0.127500 0.044000 0.028900 0.044100 0.044800 0.044000 0.077600 0.059800 0.044800
LesserMous 0.484700 0.000000 0.465800 0.400000 0.451000 0.450200 0.483600 0.466000 0.445100 0.437900 0.471300 0.408900 0.451600 0.485700 0.473100 0.465800 0.398700 0.355900 0.484700 0.464600 0.491700 0.510200 0.454600 0.461800 0.484700 0.465800 0.451600 0.464600 0.503400 0.491700 0.437900 0.459400 0.494700 0.451600 0.495400 0.463500 0.542300 0.486800 0.443000 0.429800 0.457600 0.465800 0.433300 0.486200 0.463500 0.485200 0.462500 0.531600 0.508600 0.422500 0.488300 0.468600
LesserKudu 0.044500 0.465800 0.000000 0.298800 0.059400 0.059400 0.044600 0.045400 0.014700 0.080100 0.076800 0.060600 0.059500 0.044600 0.030200 0.030000 0.096500 0.092700 0.044500 0.029900 0.045100 0.059600 0.078900 0.096100 0.044500 0.030000 0.059500 0.029100 0.046000 0.045600 0.080100 0.029500 0.127200 0.059500 0.058800 0.029700 0.107300 0.044600 0.014900 0.095400 0.096100 0.030000 0.079700 0.112500 0.029700 0.044500 0.029600 0.061100 0.059900 0.062600 0.045100 0.030000
KillerWhal 0.314500 0.400000 0.298800 0.000000 0.333900 0.332700 0.314400 0.260800 0.281700 0.269300 0.366000 0.297700 0.333600 0.315200 0.282200 0.240300 0.311300 0.296200 0.314500 0.298900 0.277100 0.334200 0.285300 0.287200 0.314500 0.240300 0.333600 0.298900 0.264000 0.278400 0.269300 0.294700 0.319800 0.333600 0.370500 0.257000 0.403300 0.315500 0.280700 0.225500 0.286600 0.240300 0.267500 0.264200 0.257000 0.274200 0.256400 0.300300 0.293200 0.263700 0.276600 0.259500
DefassaWat 0.043600 0.451000 0.059400 0.333900 0.000000 0.028600 0.043700 0.075300 0.044700 0.111300 0.075200 0.059100 0.028700 0.043700 0.060000 0.059600 0.127700 0.122700 0.043600 0.059600 0.074800 0.058500 0.109600 0.127300 0.043600 0.059600 0.028700 0.059600 0.076100 0.075400 0.111300 0.028900 0.158200 0.028700 0.057500 0.059000 0.105400 0.014400 0.044500 0.126300 0.127200 0.059600 0.110700 0.143800 0.059000 0.043600 0.058900 0.059900 0.058700 0.093200 0.074900 0.059800
Sheep 0.014300 0.450200 0.059400 0.332700 0.028600 0.000000 0.043600 0.075100 0.044600 0.110700 0.044400 0.058800 0.028500 0.043600 0.059700 0.059500 0.127000 0.121500 0.014300 0.059500 0.074600 0.028700 0.109000 0.127100 0.014000 0.059500 0.028100 0.059500 0.076000 0.075300 0.110700 0.028900 0.157900 0.028500 0.057300 0.058700 0.074400 0.043500 0.044400 0.125500 0.126500 0.059500 0.110500 0.143500 0.058700 0.043400 0.058800 0.059800 0.058600 0.093000 0.074800 0.059700
MaxwellsDu 0.029100 0.483600 0.044600 0.314400 0.043700 0.043600 0.000000 0.060100 0.029800 0.095400 0.060100 0.075200 0.043700 0.014500 0.045000 0.044700 0.111700 0.140200 0.029100 0.044800 0.059900 0.043800 0.094000 0.111300 0.029100 0.044700 0.043700 0.044800 0.060900 0.060400 0.095400 0.014400 0.142100 0.043700 0.073000 0.044200 0.090000 0.029100 0.029700 0.110600 0.111400 0.044700 0.094900 0.127700 0.044200 0.029000 0.044200 0.044800 0.044000 0.077800 0.060000 0.044900
GazellaPrz 0.060100 0.466000 0.045400 0.260800 0.075300 0.075100 0.060100 0.000000 0.030300 0.097400 0.061000 0.076600 0.075300 0.060100 0.045800 0.044800 0.114000 0.143200 0.060100 0.045500 0.060800 0.075400 0.095700 0.113700 0.060100 0.044300 0.075300 0.045500 0.061300 0.061400 0.097400 0.044700 0.145000 0.075300 0.105700 0.029900 0.124300 0.060200 0.030200 0.112600 0.113600 0.044800 0.096900 0.130300 0.029900 0.044800 0.029900 0.077300 0.075800 0.079100 0.061000 0.045700
MountainNy 0.029700 0.445100 0.014700 0.281700 0.044700 0.044600 0.029800 0.030300 0.000000 0.064300 0.061600 0.045500 0.044700 0.029800 0.015200 0.015000 0.080700 0.109900 0.029700 0.014800 0.030200 0.044800 0.063300 0.080300 0.029700 0.015000 0.044700 0.015000 0.030800 0.030500 0.064300 0.014800 0.111500 0.044700 0.074600 0.014900 0.092100 0.029800 0.000100 0.079700 0.080400 0.015000 0.064000 0.096800 0.014900 0.029700 0.014900 0.045900 0.045000 0.047100 0.030200 0.014800
MuntiacusM 0.094900 0.437900 0.080100 0.269300 0.111300 0.110700 0.095400 0.097400 0.064300 0.000000 0.132200 0.113300 0.110900 0.095600 0.080700 0.080200 0.082800 0.112500 0.094900 0.080400 0.096700 0.111200 0.031300 0.015900 0.094900 0.080200 0.110900 0.080400 0.098700 0.097500 0.000000 0.079000 0.080200 0.110900 0.142800 0.079200 0.163700 0.095100 0.064100 0.048100 0.015900 0.080200 0.000000 0.031900 0.079200 0.094800 0.079400 0.114600 0.112100 0.081800 0.096900 0.080700
goat 0.029600 0.471300 0.076800 0.366000 0.075200 0.044400 0.060100 0.061000 0.061600 0.132200 0.000000 0.108900 0.075200 0.060100 0.077600 0.076900 0.149200 0.177900 0.029600 0.077100 0.092700 0.044600 0.130000 0.148800 0.029600 0.076900 0.075200 0.077100 0.094500 0.093500 0.132200 0.044700 0.180300 0.075200 0.105600 0.076200 0.091700 0.060100 0.061300 0.147500 0.148700 0.076900 0.131500 0.165900 0.076200 0.060000 0.076100 0.077200 0.075700 0.112800 0.092900 0.077300
AfricanBuf 0.074900 0.408900 0.060600 0.297700 0.059100 0.058800 0.075200 0.076600 0.045500 0.113300 0.108900 0.000000 0.058800 0.075300 0.044700 0.029800 0.129900 0.091600 0.075100 0.060800 0.045000 0.090200 0.111500 0.129900 0.074500 0.029800 0.059000 0.060800 0.045800 0.045400 0.113000 0.059700 0.161200 0.059000 0.088700 0.059900 0.139400 0.075000 0.045300 0.094600 0.129300 0.029800 0.113100 0.112000 0.059900 0.074800 0.060000 0.092800 0.059600 0.095200 0.045100 0.030000
Topi 0.043500 0.451600 0.059500 0.333600 0.028700 0.028500 0.043700 0.075300 0.044700 0.110900 0.075200 0.058800 0.000000 0.043700 0.059800 0.059600 0.127300 0.122300 0.043500 0.059700 0.074800 0.058300 0.109200 0.127300 0.043500 0.059600 0.000000 0.059700 0.076100 0.075400 0.110900 0.028900 0.124200 0.000000 0.027800 0.058900 0.105000 0.043600 0.044500 0.125800 0.126800 0.059600 0.110800 0.143800 0.058900 0.043500 0.058900 0.059900 0.058800 0.093200 0.075000 0.059800
CommonDuik 0.029100 0.485700 0.044600 0.315200 0.043700 0.043600 0.014500 0.060100 0.029800 0.095600 0.060100 0.075300 0.043700 0.000000 0.045100 0.044700 0.111800 0.140400 0.029100 0.044800 0.059900 0.043800 0.094100 0.111500 0.029100 0.044700 0.043700 0.044800 0.060900 0.060400 0.095600 0.014400 0.142300 0.043700 0.073100 0.044300 0.090100 0.029100 0.029700 0.110700 0.111500 0.044700 0.095100 0.127900 0.044300 0.029100 0.044200 0.044900 0.044100 0.077900 0.060000 0.044900
Suni 0.044800 0.473100 0.030200 0.282200 0.060000 0.059700 0.045000 0.045800 0.015200 0.080700 0.077600 0.044700 0.059800 0.045100 0.000000 0.015000 0.097200 0.109600 0.044800 0.030400 0.030200 0.059900 0.079500 0.097200 0.044800 0.015000 0.059800 0.030400 0.030800 0.030500 0.080700 0.029800 0.128500 0.059800 0.089900 0.029900 0.107800 0.044900 0.015100 0.079600 0.096900 0.015000 0.080600 0.096800 0.029300 0.043800 0.030000 0.061600 0.045100 0.063400 0.030300 0.015100
Springbuck 0.044600 0.465800 0.030000 0.240300 0.059600 0.059500 0.044700 0.044800 0.015000 0.080200 0.076900 0.029800 0.059600 0.044700 0.015000 0.000000 0.096600 0.092600 0.044600 0.030100 0.014800 0.059700 0.079100 0.096200 0.044600 0.000000 0.059600 0.030100 0.014900 0.015000 0.080200 0.029500 0.127400 0.059600 0.089600 0.014800 0.107500 0.044700 0.015000 0.062600 0.096300 0.000000 0.079800 0.079100 0.014800 0.029600 0.014800 0.061200 0.029500 0.062800 0.014900 0.000100
Okapi 0.111100 0.398700 0.096500 0.311300 0.127700 0.127000 0.111700 0.114000 0.080700 0.082800 0.149200 0.129900 0.127300 0.111800 0.097200 0.096600 0.000000 0.094800 0.111200 0.096800 0.113300 0.127600 0.081300 0.099600 0.111100 0.096600 0.127300 0.096800 0.115500 0.114200 0.082800 0.095100 0.131400 0.127300 0.159400 0.095400 0.180900 0.111400 0.080300 0.098300 0.099200 0.096600 0.082600 0.116500 0.095400 0.111000 0.095600 0.131400 0.128600 0.098500 0.113500 0.097200
Giraffe 0.139700 0.355900 0.092700 0.296200 0.122700 0.121500 0.140200 0.143200 0.109900 0.112500 0.177900 0.091600 0.122300 0.140400 0.109600 0.092600 0.094800 0.000000 0.139700 0.125700 0.108300 0.156000 0.110500 0.129100 0.139700 0.092600 0.122300 0.125700 0.110400 0.109200 0.112500 0.123700 0.160200 0.122300 0.121100 0.124100 0.173500 0.139900 0.109500 0.093800 0.128400 0.092600 0.112200 0.111200 0.124100 0.139600 0.124300 0.160600 0.123400 0.127500 0.108500 0.092900
TibetanAnt 0.000000 0.484700 0.044500 0.314500 0.043600 0.014300 0.029100 0.060100 0.029700 0.094900 0.029600 0.075100 0.043500 0.029100 0.044800 0.044600 0.111200 0.139700 0.000000 0.044700 0.059700 0.014300 0.093500 0.111200 0.000000 0.044600 0.043500 0.044700 0.060800 0.060200 0.094900 0.014400 0.142000 0.043500 0.072700 0.044000 0.058900 0.028500 0.029600 0.109900 0.110700 0.044600 0.094800 0.127500 0.044000 0.028900 0.044100 0.044800 0.044000 0.077600 0.059800 0.044800
Sitatunga 0.044700 0.464600 0.029900 0.298900 0.059600 0.059500 0.044800 0.045500 0.014800 0.080400 0.077100 0.060800 0.059700 0.044800 0.030400 0.030100 0.096800 0.125700 0.044700 0.000000 0.045400 0.059800 0.079200 0.096400 0.044700 0.030100 0.059700 0.000000 0.046200 0.015100 0.080400 0.029600 0.127500 0.059700 0.089700 0.029800 0.107600 0.044700 0.015000 0.095800 0.096500 0.030100 0.080000 0.112900 0.029800 0.044600 0.029800 0.061300 0.060100 0.062900 0.014900 0.030200
Oribi 0.059700 0.491700 0.045100 0.277100 0.074800 0.074600 0.059900 0.060800 0.030200 0.096700 0.092700 0.045000 0.074800 0.059900 0.030200 0.014800 0.113300 0.108300 0.059700 0.045400 0.000000 0.075000 0.095400 0.112800 0.059700 0.014800 0.074800 0.045400 0.030300 0.030100 0.096700 0.044500 0.144000 0.074800 0.105100 0.044800 0.123400 0.059800 0.030100 0.078700 0.113000 0.014800 0.096200 0.095300 0.044800 0.059600 0.044800 0.076800 0.044500 0.078900 0.029900 0.014900
BarbaryShe 0.014100 0.510200 0.059600 0.334200 0.058500 0.028700 0.043800 0.075400 0.044800 0.111200 0.044600 0.090200 0.058300 0.043800 0.059900 0.059700 0.127600 0.156000 0.014300 0.059800 0.075000 0.000000 0.109500 0.127600 0.014300 0.059700 0.058300 0.059800 0.076300 0.075600 0.111200 0.029000 0.140300 0.058300 0.087800 0.059000 0.043300 0.043700 0.044600 0.126100 0.127100 0.059700 0.111000 0.144100 0.059000 0.043600 0.059100 0.060000 0.058900 0.093400 0.075100 0.060000
Daviddeer 0.093500 0.454600 0.078900 0.285300 0.109600 0.109000 0.094000 0.095700 0.063300 0.031300 0.130000 0.111500 0.109200 0.094100 0.079500 0.079100 0.081300 0.110500 0.093500 0.079200 0.095400 0.109500 0.000000 0.047800 0.093500 0.079100 0.109200 0.079200 0.097200 0.096200 0.031800 0.077800 0.079300 0.109200 0.140700 0.078000 0.161000 0.093700 0.063100 0.047300 0.015700 0.079100 0.031700 0.063900 0.078000 0.093400 0.078200 0.112700 0.110400 0.080600 0.095600 0.079500
Reindeer 0.111200 0.461800 0.096100 0.287200 0.127300 0.127100 0.111300 0.113700 0.080300 0.015900 0.148800 0.129900 0.127300 0.111500 0.097200 0.096200 0.099600 0.129100 0.111200 0.096400 0.112800 0.127600 0.047800 0.000000 0.111200 0.096200 0.127300 0.096400 0.115100 0.113600 0.015900 0.094800 0.096200 0.127300 0.159500 0.095400 0.181000 0.111400 0.080000 0.064200 0.031800 0.096200 0.015800 0.015300 0.095400 0.111100 0.095200 0.131000 0.128100 0.098000 0.112900 0.096800
Ibex 0.000000 0.484700 0.044500 0.314500 0.043600 0.014000 0.029100 0.060100 0.029700 0.094900 0.029600 0.074500 0.043500 0.029100 0.044800 0.044600 0.111100 0.139700 0.000000 0.044700 0.059700 0.014300 0.093500 0.111200 0.000000 0.044600 0.043500 0.044700 0.060800 0.060200 0.094900 0.014400 0.142000 0.043500 0.072700 0.044000 0.058900 0.028100 0.029600 0.109900 0.110800 0.044600 0.094800 0.127500 0.044000 0.028400 0.044100 0.044800 0.044000 0.077600 0.059800 0.044800
GyrantGaze 0.044600 0.465800 0.030000 0.240300 0.059600 0.059500 0.044700 0.044300 0.015000 0.080200 0.076900 0.029800 0.059600 0.044700 0.015000 0.000000 0.096600 0.092600 0.044600 0.030100 0.014800 0.059700 0.079100 0.096200 0.044600 0.000000 0.059600 0.030100 0.014900 0.015000 0.080200 0.029500 0.127400 0.059600 0.089600 0.014800 0.107500 0.044700 0.015000 0.062600 0.096300 0.000000 0.079800 0.079100 0.014800 0.029600 0.014800 0.061200 0.029500 0.062800 0.014900 0.000100
Hartebeest 0.043500 0.451600 0.059500 0.333600 0.028700 0.028100 0.043700 0.075300 0.044700 0.110900 0.075200 0.059000 0.000000 0.043700 0.059800 0.059600 0.127300 0.122300 0.043500 0.059700 0.074800 0.058300 0.109200 0.127300 0.043500 0.059600 0.000000 0.059700 0.076100 0.075400 0.110900 0.028900 0.124200 0.000000 0.027300 0.058800 0.105000 0.043600 0.044500 0.125800 0.126800 0.059600 0.110800 0.143800 0.058900 0.043500 0.058900 0.059900 0.058800 0.093200 0.075000 0.059800
Bongo 0.044700 0.464600 0.029100 0.298900 0.059600 0.059500 0.044800 0.045500 0.015000 0.080400 0.077100 0.060800 0.059700 0.044800 0.030400 0.030100 0.096800 0.125700 0.044700 0.000000 0.045400 0.059800 0.079200 0.096400 0.044700 0.030100 0.059700 0.000000 0.046200 0.015100 0.080400 0.029600 0.127500 0.059700 0.089700 0.029800 0.107600 0.044700 0.015000 0.095800 0.096500 0.030100 0.080000 0.112900 0.029800 0.044600 0.029800 0.061300 0.060100 0.062900 0.014600 0.030200
Gerenuk 0.060800 0.503400 0.046000 0.264000 0.076100 0.076000 0.060900 0.061300 0.030800 0.098700 0.094500 0.045800 0.076100 0.060900 0.030800 0.014900 0.115500 0.110400 0.060800 0.046200 0.030300 0.076300 0.097200 0.115100 0.060800 0.014900 0.076100 0.046200 0.000000 0.030600 0.098700 0.045300 0.146700 0.076100 0.106900 0.030300 0.125700 0.060900 0.030600 0.080100 0.115100 0.014900 0.098100 0.097200 0.030300 0.045400 0.030300 0.078200 0.045200 0.080300 0.030400 0.015200
CommonElan 0.060200 0.491700 0.045600 0.278400 0.075400 0.075300 0.060400 0.061400 0.030500 0.097500 0.093500 0.045400 0.075400 0.060400 0.030500 0.015000 0.114200 0.109200 0.060200 0.015100 0.030100 0.075600 0.096200 0.113600 0.060200 0.015000 0.075400 0.015100 0.030600 0.000000 0.097500 0.044900 0.145100 0.075400 0.105900 0.045200 0.124400 0.060300 0.030300 0.079300 0.113900 0.015000 0.097000 0.096100 0.045200 0.060200 0.045100 0.077500 0.044900 0.079600 0.000000 0.015100
MuntiacusR 0.094900 0.437900 0.080100 0.269300 0.111300 0.110700 0.095400 0.097400 0.064300 0.000000 0.132200 0.113000 0.110900 0.095600 0.080700 0.080200 0.082800 0.112500 0.094900 0.080400 0.096700 0.111200 0.031800 0.015900 0.094900 0.080200 0.110900 0.080400 0.098700 0.097500 0.000000 0.079000 0.080200 0.110900 0.142800 0.079200 0.163700 0.095100 0.064100 0.048100 0.015900 0.080200 0.000000 0.031900 0.079200 0.094800 0.079400 0.114600 0.112100 0.081800 0.096900 0.080700
HarveysDui 0.014400 0.459400 0.029500 0.294700 0.028900 0.028900 0.014400 0.044700 0.014800 0.079000 0.044700 0.059700 0.028900 0.014400 0.029800 0.029500 0.095100 0.123700 0.014400 0.029600 0.044500 0.029000 0.077800 0.094800 0.014400 0.029500 0.028900 0.029600 0.045300 0.044900 0.079000 0.000000 0.125400 0.028900 0.058000 0.029300 0.074400 0.014400 0.014700 0.094000 0.094800 0.029500 0.078600 0.111000 0.029300 0.014400 0.029200 0.029700 0.029100 0.061700 0.044600 0.029700
Pronghorn 0.142000 0.494700 0.127200 0.319800 0.158200 0.157900 0.142100 0.145000 0.111500 0.080200 0.180300 0.161200 0.124200 0.142300 0.128500 0.127400 0.131400 0.160200 0.142000 0.127500 0.144000 0.140300 0.079300 0.096200 0.142000 0.127400 0.124200 0.127500 0.146700 0.145100 0.080200 0.125400 0.000000 0.124200 0.155800 0.126200 0.193000 0.142300 0.111000 0.129800 0.063200 0.127400 0.079800 0.112600 0.126200 0.141800 0.126000 0.162700 0.159200 0.129500 0.144200 0.128000
BlueWildeb 0.043500 0.451600 0.059500 0.333600 0.028700 0.028500 0.043700 0.075300 0.044700 0.110900 0.075200 0.059000 0.000000 0.043700 0.059800 0.059600 0.127300 0.122300 0.043500 0.059700 0.074800 0.058300 0.109200 0.127300 0.043500 0.059600 0.000000 0.059700 0.076100 0.075400 0.110900 0.028900 0.124200 0.000000 0.028200 0.058900 0.105000 0.043700 0.044500 0.125800 0.126800 0.059600 0.110800 0.143800 0.058900 0.043500 0.058900 0.059900 0.058800 0.093200 0.075000 0.059800
Gemsbok 0.072700 0.495400 0.058800 0.370500 0.057500 0.057300 0.073000 0.105700 0.074600 0.142800 0.105600 0.088700 0.027800 0.073100 0.089900 0.089600 0.159400 0.121100 0.072700 0.089700 0.105100 0.087800 0.140700 0.159500 0.072700 0.089600 0.027300 0.089700 0.106900 0.105900 0.142800 0.058000 0.155800 0.028200 0.000000 0.088500 0.135700 0.072800 0.074300 0.157600 0.158800 0.089600 0.142600 0.176300 0.088500 0.072700 0.088700 0.090100 0.088500 0.124600 0.105300 0.090000
Yak 0.044000 0.463500 0.029700 0.257000 0.059000 0.058700 0.044200 0.029900 0.014900 0.079200 0.076200 0.059900 0.058900 0.044300 0.029900 0.014800 0.095400 0.124100 0.044000 0.029800 0.044800 0.059000 0.078000 0.095400 0.044000 0.014800 0.058800 0.029800 0.030300 0.045200 0.079200 0.029300 0.126200 0.058900 0.088500 0.000000 0.106100 0.044100 0.014800 0.094300 0.095100 0.014800 0.079100 0.111700 0.000000 0.014500 0.000000 0.060600 0.059500 0.062100 0.044900 0.029900
BlueSheep 0.058900 0.542300 0.107300 0.403300 0.105400 0.074400 0.090000 0.124300 0.092100 0.163700 0.091700 0.139400 0.105000 0.090100 0.107800 0.107500 0.180900 0.173500 0.058900 0.107600 0.123400 0.043300 0.161000 0.181000 0.058900 0.107500 0.105000 0.107600 0.125700 0.124400 0.163700 0.074400 0.193000 0.105000 0.135700 0.106100 0.000000 0.089800 0.091700 0.178800 0.180000 0.107500 0.163400 0.198400 0.106100 0.089100 0.106300 0.108100 0.106000 0.144200 0.123600 0.107900
BohorReedb 0.028200 0.486800 0.044600 0.315500 0.014400 0.043500 0.029100 0.060200 0.029800 0.095100 0.060100 0.075000 0.043600 0.029100 0.044900 0.044700 0.111400 0.139900 0.028500 0.044700 0.059800 0.043700 0.093700 0.111400 0.028100 0.044700 0.043600 0.044700 0.060900 0.060300 0.095100 0.014400 0.142300 0.043700 0.072800 0.044100 0.089800 0.000000 0.029700 0.110100 0.111000 0.044700 0.095000 0.127800 0.044100 0.028100 0.044200 0.044900 0.044000 0.077700 0.060000 0.044900
KirksDik 0.029600 0.443000 0.014900 0.280700 0.044500 0.044400 0.029700 0.030200 0.000100 0.064100 0.061300 0.045300 0.044500 0.029700 0.015100 0.015000 0.080300 0.109500 0.029600 0.015000 0.030100 0.044600 0.063100 0.080000 0.029600 0.015000 0.044500 0.015000 0.030600 0.030300 0.064100 0.014700 0.111000 0.044500 0.074300 0.014800 0.091700 0.029700 0.000000 0.079400 0.080100 0.015000 0.063700 0.096300 0.014800 0.029600 0.014800 0.045700 0.044800 0.046900 0.030100 0.015000
RoeDeer 0.109900 0.429800 0.095400 0.225500 0.126300 0.125500 0.110600 0.112600 0.079700 0.048100 0.147500 0.094600 0.125800 0.110700 0.079600 0.062600 0.098300 0.093800 0.109900 0.095800 0.078700 0.126100 0.047300 0.064200 0.109900 0.062600 0.125800 0.095800 0.080100 0.079300 0.048100 0.094000 0.129800 0.125800 0.157600 0.094300 0.178800 0.110100 0.079400 0.000000 0.064100 0.062600 0.048000 0.047500 0.094300 0.109800 0.094500 0.129900 0.093700 0.097400 0.078800 0.062900
WhiteLippe 0.110700 0.457600 0.096100 0.286600 0.127200 0.126500 0.111400 0.113600 0.080400 0.015900 0.148700 0.129300 0.126800 0.111500 0.096900 0.096300 0.099200 0.128400 0.110700 0.096500 0.113000 0.127100 0.015700 0.031800 0.110800 0.096300 0.126800 0.096500 0.115100 0.113900 0.015900 0.094800 0.063200 0.126800 0.158800 0.095100 0.180000 0.111000 0.080100 0.064100 0.000000 0.096300 0.015800 0.047800 0.095100 0.110600 0.095300 0.130900 0.128100 0.098200 0.113100 0.096900
ThomsonGaz 0.044600 0.465800 0.030000 0.240300 0.059600 0.059500 0.044700 0.044800 0.015000 0.080200 0.076900 0.029800 0.059600 0.044700 0.015000 0.000000 0.096600 0.092600 0.044600 0.030100 0.014800 0.059700 0.079100 0.096200 0.044600 0.000000 0.059600 0.030100 0.014900 0.015000 0.080200 0.029500 0.127400 0.059600 0.089600 0.014800 0.107500 0.044700 0.015000 0.062600 0.096300 0.000000 0.079800 0.079100 0.014800 0.029600 0.014800 0.061200 0.029500 0.062800 0.014900 0.000100
MuntiacusC 0.094800 0.433300 0.079700 0.267500 0.110700 0.110500 0.094900 0.096900 0.064000 0.000000 0.131500 0.113100 0.110800 0.095100 0.080600 0.079800 0.082600 0.112200 0.094800 0.080000 0.096200 0.111000 0.031700 0.015800 0.094800 0.079800 0.110800 0.080000 0.098100 0.097000 0.000000 0.078600 0.079800 0.110800 0.142600 0.079100 0.163400 0.095000 0.063700 0.048000 0.015800 0.079800 0.000000 0.031700 0.079100 0.094700 0.079000 0.113900 0.111500 0.081400 0.096400 0.080300
WhiteTaile 0.127500 0.486200 0.112500 0.264200 0.143800 0.143500 0.127700 0.130300 0.096800 0.031900 0.165900 0.112000 0.143800 0.127900 0.096800 0.079100 0.116500 0.111200 0.127500 0.112900 0.095300 0.144100 0.063900 0.015300 0.127500 0.079100 0.143800 0.112900 0.097200 0.096100 0.031900 0.111000 0.112600 0.143800 0.176300 0.111700 0.198400 0.127800 0.096300 0.047500 0.047800 0.079100 0.031700 0.000000 0.111700 0.127400 0.111500 0.147900 0.110500 0.114900 0.095500 0.079500
Cattle 0.044000 0.463500 0.029700 0.257000 0.059000 0.058700 0.044200 0.029900 0.014900 0.079200 0.076200 0.059900 0.058900 0.044300 0.029300 0.014800 0.095400 0.124100 0.044000 0.029800 0.044800 0.059000 0.078000 0.095400 0.044000 0.014800 0.058900 0.029800 0.030300 0.045200 0.079200 0.029300 0.126200 0.058900 0.088500 0.000000 0.106100 0.044100 0.014800 0.094300 0.095100 0.014800 0.079100 0.111700 0.000000 0.014300 0.000000 0.060600 0.059500 0.062100 0.044900 0.029900
RoyalAntel 0.028900 0.485200 0.044500 0.274200 0.043600 0.043400 0.029000 0.044800 0.029700 0.094800 0.060000 0.074800 0.043500 0.029100 0.043800 0.029600 0.111000 0.139600 0.028900 0.044600 0.059600 0.043600 0.093400 0.111100 0.028400 0.029600 0.043500 0.044600 0.045400 0.060200 0.094800 0.014400 0.141800 0.043500 0.072700 0.014500 0.089100 0.028100 0.029600 0.109800 0.110600 0.029600 0.094700 0.127400 0.014300 0.000000 0.014500 0.044700 0.043900 0.077500 0.059800 0.044800
Steenbok 0.044100 0.462500 0.029600 0.256400 0.058900 0.058800 0.044200 0.029900 0.014900 0.079400 0.076100 0.060000 0.058900 0.044200 0.030000 0.014800 0.095600 0.124300 0.044100 0.029800 0.044800 0.059100 0.078200 0.095200 0.044100 0.014800 0.058900 0.029800 0.030300 0.045100 0.079400 0.029200 0.126000 0.058900 0.088700 0.000000 0.106300 0.044200 0.014800 0.094500 0.095300 0.014800 0.079000 0.111500 0.000000 0.014500 0.000000 0.060500 0.059400 0.062100 0.044900 0.029900
Impala 0.044800 0.531600 0.061100 0.300300 0.059900 0.059800 0.044800 0.077300 0.045900 0.114600 0.077200 0.092800 0.059900 0.044900 0.061600 0.061200 0.131400 0.160600 0.044800 0.061300 0.076800 0.060000 0.112700 0.131000 0.044800 0.061200 0.059900 0.061300 0.078200 0.077500 0.114600 0.029700 0.162700 0.059900 0.090100 0.060600 0.108100 0.044900 0.045700 0.129900 0.130900 0.061200 0.113900 0.147900 0.060600 0.044700 0.060500 0.000000 0.060300 0.095800 0.077000 0.061500
Klipspring 0.044000 0.508600 0.059900 0.293200 0.058700 0.058600 0.044000 0.075800 0.045000 0.112100 0.075700 0.059600 0.058800 0.044100 0.045100 0.029500 0.128600 0.123400 0.044000 0.060100 0.044500 0.058900 0.110400 0.128100 0.044000 0.029500 0.058800 0.060100 0.045200 0.044900 0.112100 0.029100 0.159200 0.058800 0.088500 0.059500 0.106000 0.044000 0.044800 0.093700 0.128100 0.029500 0.111500 0.110500 0.059500 0.043900 0.059400 0.060300 0.000000 0.094000 0.044600 0.029700
ForestMusk 0.077600 0.422500 0.062600 0.263700 0.093200 0.093000 0.077800 0.079100 0.047100 0.081800 0.112800 0.095200 0.093200 0.077900 0.063400 0.062800 0.098500 0.127500 0.077600 0.062900 0.078900 0.093400 0.080600 0.098000 0.077600 0.062800 0.093200 0.062900 0.080300 0.079600 0.081800 0.061700 0.129500 0.093200 0.124600 0.062100 0.144200 0.077700 0.046900 0.097400 0.098200 0.062800 0.081400 0.114900 0.062100 0.077500 0.062100 0.095800 0.094000 0.000000 0.079100 0.063100
Bushbuck 0.059800 0.488300 0.045100 0.276600 0.074900 0.074800 0.060000 0.061000 0.030200 0.096900 0.092900 0.045100 0.075000 0.060000 0.030300 0.014900 0.113500 0.108500 0.059800 0.014900 0.029900 0.075100 0.095600 0.112900 0.059800 0.014900 0.075000 0.014600 0.030400 0.000000 0.096900 0.044600 0.144200 0.075000 0.105300 0.044900 0.123600 0.060000 0.030100 0.078800 0.113100 0.014900 0.096400 0.095500 0.044900 0.059800 0.044900 0.077000 0.044600 0.079100 0.000000 0.014900
GreaterKud 0.044800 0.468600 0.030000 0.259500 0.059800 0.059700 0.044900 0.045700 0.014800 0.080700 0.077300 0.030000 0.059800 0.044900 0.015100 0.000100 0.097200 0.092900 0.044800 0.030200 0.014900 0.060000 0.079500 0.096800 0.044800 0.000100 0.059800 0.030200 0.015200 0.015100 0.080700 0.029700 0.128000 0.059800 0.090000 0.029900 0.107900 0.044900 0.015000 0.062900 0.096900 0.000100 0.080300 0.079500 0.029900 0.044800 0.029900 0.061500 0.029700 0.063100 0.014900 0.000000
