CODONML (in paml version 4.10.7, June 2023)  /home/rachel/ruminants_paml/6406-phy-tree/ENSBTAT00000012530.fasta.phy
Model: free dN/dS Ratios for branches,  kappa = 2.000 fixed

Codon frequency model: F3x4
ns =  54  ls =  76

Codon usage in sequences
--------------------------------------------------------------------------------------------------------------------------------------
Phe TTT   1   1   1   1   1   1 | Ser TCT   1   2   2   2   2   2 | Tyr TAT   1   2   1   1   1   1 | Cys TGT   1   1   1   1   1   1
    TTC   0   0   0   0   0   0 |     TCC   1   0   0   0   0   0 |     TAC   1   0   1   1   1   1 |     TGC   0   0   0   0   0   0
Leu TTA   2   2   2   2   2   2 |     TCA   1   1   1   1   1   1 | *** TAA   0   0   0   0   0   0 | *** TGA   0   0   0   0   0   0
    TTG   1   1   1   1   1   1 |     TCG   0   0   0   0   0   0 |     TAG   0   0   0   0   0   0 | Trp TGG   2   2   2   2   2   2
--------------------------------------------------------------------------------------------------------------------------------------
Leu CTT   1   1   1   1   1   1 | Pro CCT   5   6   5   5   6   6 | His CAT   2   1   1   1   2   2 | Arg CGT   0   0   0   0   0   0
    CTC   0   0   0   0   0   1 |     CCC   1   1   1   1   1   1 |     CAC   1   2   2   2   1   1 |     CGC   0   0   0   0   0   0
    CTA   1   1   1   1   1   0 |     CCA   2   1   1   1   2   2 | Gln CAA   0   0   0   0   0   0 |     CGA   2   1   2   2   2   2
    CTG   0   0   0   0   0   0 |     CCG   1   1   2   2   0   0 |     CAG   3   3   3   3   3   3 |     CGG   0   1   0   0   0   0
--------------------------------------------------------------------------------------------------------------------------------------
Ile ATT   3   3   3   3   3   3 | Thr ACT   1   3   1   1   1   1 | Asn AAT   3   3   3   3   4   3 | Ser AGT   1   1   1   1   1   1
    ATC   1   1   1   1   1   1 |     ACC   2   1   2   2   2   2 |     AAC   4   4   4   4   3   4 |     AGC   0   0   0   0   0   0
    ATA   0   0   0   0   0   0 |     ACA   3   2   3   3   3   3 | Lys AAA   5   5   5   5   5   5 | Arg AGA   0   0   0   0   0   0
Met ATG   2   2   2   2   2   2 |     ACG   0   0   0   0   0   0 |     AAG   1   1   1   1   1   1 |     AGG   0   0   0   0   0   0
--------------------------------------------------------------------------------------------------------------------------------------
Val GTT   1   1   1   1   1   1 | Ala GCT   1   1   1   1   1   1 | Asp GAT   2   2   2   2   2   2 | Gly GGT   1   1   1   1   1   1
    GTC   0   0   0   0   0   0 |     GCC   0   0   0   0   0   0 |     GAC   1   1   1   1   1   1 |     GGC   1   0   1   1   1   1
    GTA   0   0   0   0   0   0 |     GCA   0   0   0   0   0   0 | Glu GAA   6   7   6   6   6   5 |     GGA   2   3   2   2   2   2
    GTG   0   0   0   0   0   0 |     GCG   0   0   0   0   0   0 |     GAG   4   3   4   4   4   5 |     GGG   0   0   0   0   0   0
--------------------------------------------------------------------------------------------------------------------------------------

--------------------------------------------------------------------------------------------------------------------------------------
Phe TTT   1   1   1   1   1   1 | Ser TCT   1   1   2   1   2   2 | Tyr TAT   1   1   1   1   1   1 | Cys TGT   1   1   1   1   1   1
    TTC   0   0   0   0   0   0 |     TCC   1   1   1   1   0   0 |     TAC   1   1   1   1   1   1 |     TGC   0   0   0   0   0   0
Leu TTA   2   2   2   2   2   2 |     TCA   1   1   1   1   1   1 | *** TAA   0   0   0   0   0   0 | *** TGA   0   0   0   0   0   0
    TTG   1   1   1   1   1   1 |     TCG   0   0   0   0   0   0 |     TAG   0   0   0   0   0   0 | Trp TGG   2   2   2   2   2   2
--------------------------------------------------------------------------------------------------------------------------------------
Leu CTT   1   2   1   1   1   1 | Pro CCT   5   5   4   5   5   5 | His CAT   1   2   1   1   1   1 | Arg CGT   0   0   0   0   0   0
    CTC   0   0   0   0   0   0 |     CCC   1   1   1   1   1   1 |     CAC   2   1   2   2   2   2 |     CGC   0   0   0   0   0   0
    CTA   1   0   1   1   1   1 |     CCA   2   2   3   2   1   1 | Gln CAA   0   0   1   0   0   0 |     CGA   2   2   1   2   2   2
    CTG   0   0   0   0   0   0 |     CCG   1   1   0   1   2   2 |     CAG   3   3   3   3   3   3 |     CGG   0   0   0   0   0   0
--------------------------------------------------------------------------------------------------------------------------------------
Ile ATT   3   3   3   3   3   3 | Thr ACT   1   1   2   1   2   1 | Asn AAT   3   3   3   3   3   3 | Ser AGT   1   1   1   1   1   1
    ATC   1   1   1   1   1   1 |     ACC   2   2   2   2   1   2 |     AAC   4   4   4   4   4   4 |     AGC   0   0   0   0   0   0
    ATA   0   0   0   0   0   0 |     ACA   3   3   2   3   3   3 | Lys AAA   5   5   5   5   5   5 | Arg AGA   0   0   0   0   0   0
Met ATG   2   2   2   2   2   2 |     ACG   0   0   0   0   0   0 |     AAG   1   1   1   1   1   1 |     AGG   0   0   0   0   0   0
--------------------------------------------------------------------------------------------------------------------------------------
Val GTT   1   1   1   1   1   1 | Ala GCT   1   1   1   1   1   1 | Asp GAT   2   2   2   2   2   2 | Gly GGT   1   1   1   1   1   1
    GTC   0   0   0   0   0   0 |     GCC   0   0   0   0   0   0 |     GAC   1   1   1   1   1   1 |     GGC   1   1   1   1   1   1
    GTA   0   0   0   0   0   0 |     GCA   0   0   0   0   0   0 | Glu GAA   6   6   6   6   6   5 |     GGA   2   2   2   2   2   2
    GTG   0   0   0   0   0   0 |     GCG   0   0   0   0   0   0 |     GAG   4   4   4   4   4   5 |     GGG   0   0   0   0   0   0
--------------------------------------------------------------------------------------------------------------------------------------

--------------------------------------------------------------------------------------------------------------------------------------
Phe TTT   1   1   1   1   1   1 | Ser TCT   1   2   1   1   1   1 | Tyr TAT   1   1   1   1   1   1 | Cys TGT   1   1   1   1   1   1
    TTC   0   0   0   0   0   0 |     TCC   1   0   1   1   1   1 |     TAC   1   1   1   1   1   1 |     TGC   0   0   0   0   0   0
Leu TTA   2   2   2   2   2   2 |     TCA   1   1   1   1   1   1 | *** TAA   0   0   0   0   0   0 | *** TGA   0   0   0   0   0   0
    TTG   1   1   1   1   1   1 |     TCG   0   0   0   0   0   0 |     TAG   0   0   0   0   0   0 | Trp TGG   2   2   2   2   2   2
--------------------------------------------------------------------------------------------------------------------------------------
Leu CTT   1   1   1   1   1   1 | Pro CCT   5   5   5   5   5   5 | His CAT   1   1   1   1   1   1 | Arg CGT   0   0   0   0   0   0
    CTC   0   0   0   0   0   0 |     CCC   1   1   1   1   1   1 |     CAC   2   2   2   2   2   2 |     CGC   0   0   0   0   0   0
    CTA   1   1   1   1   1   1 |     CCA   2   1   2   3   2   2 | Gln CAA   0   0   0   0   0   0 |     CGA   2   2   2   2   2   2
    CTG   0   0   0   0   0   0 |     CCG   1   2   1   0   1   1 |     CAG   3   3   3   3   3   3 |     CGG   0   0   0   0   0   0
--------------------------------------------------------------------------------------------------------------------------------------
Ile ATT   3   3   3   3   3   3 | Thr ACT   1   1   1   2   1   1 | Asn AAT   3   3   3   3   3   3 | Ser AGT   1   1   1   1   1   1
    ATC   1   1   1   1   1   1 |     ACC   2   2   2   2   2   2 |     AAC   4   4   4   4   4   4 |     AGC   0   0   0   0   0   0
    ATA   0   0   0   0   0   0 |     ACA   3   3   3   3   3   3 | Lys AAA   5   4   5   5   4   5 | Arg AGA   0   0   0   0   0   0
Met ATG   2   2   2   2   2   2 |     ACG   0   0   0   0   0   0 |     AAG   1   2   1   1   2   1 |     AGG   0   0   0   0   0   0
--------------------------------------------------------------------------------------------------------------------------------------
Val GTT   1   1   1   1   1   1 | Ala GCT   1   1   1   0   1   1 | Asp GAT   2   2   2   2   2   2 | Gly GGT   1   1   1   1   1   1
    GTC   0   0   0   0   0   0 |     GCC   0   0   0   0   0   0 |     GAC   1   1   1   1   1   1 |     GGC   1   2   1   1   1   1
    GTA   0   0   0   0   0   0 |     GCA   0   0   0   0   0   0 | Glu GAA   6   6   6   6   6   6 |     GGA   2   1   2   2   2   2
    GTG   0   0   0   0   0   0 |     GCG   0   0   0   0   0   0 |     GAG   4   4   4   4   4   4 |     GGG   0   0   0   0   0   0
--------------------------------------------------------------------------------------------------------------------------------------

--------------------------------------------------------------------------------------------------------------------------------------
Phe TTT   1   1   1   1   1   1 | Ser TCT   2   2   1   2   1   1 | Tyr TAT   1   1   1   1   1   1 | Cys TGT   1   1   1   1   1   1
    TTC   0   0   0   0   0   0 |     TCC   0   0   1   0   1   1 |     TAC   1   1   1   1   1   1 |     TGC   0   0   0   0   0   0
Leu TTA   2   2   2   2   2   2 |     TCA   1   1   1   1   1   1 | *** TAA   0   0   0   0   0   0 | *** TGA   0   0   0   0   0   0
    TTG   1   1   1   1   1   1 |     TCG   0   0   0   0   0   0 |     TAG   0   0   0   0   0   0 | Trp TGG   2   2   2   2   2   2
--------------------------------------------------------------------------------------------------------------------------------------
Leu CTT   1   1   1   1   1   1 | Pro CCT   5   5   5   6   5   5 | His CAT   1   1   1   1   1   1 | Arg CGT   0   0   0   0   0   0
    CTC   0   0   0   0   0   0 |     CCC   1   1   1   1   1   1 |     CAC   2   2   2   2   2   2 |     CGC   0   0   0   0   0   0
    CTA   1   1   1   1   1   1 |     CCA   2   2   2   1   2   2 | Gln CAA   0   0   0   0   0   0 |     CGA   2   2   2   2   2   2
    CTG   0   0   0   0   0   0 |     CCG   1   1   1   1   1   1 |     CAG   3   3   3   3   3   3 |     CGG   0   0   0   0   0   0
--------------------------------------------------------------------------------------------------------------------------------------
Ile ATT   3   3   3   3   3   3 | Thr ACT   1   1   1   2   1   1 | Asn AAT   3   3   3   3   3   3 | Ser AGT   1   1   1   1   1   1
    ATC   1   1   1   1   1   1 |     ACC   2   2   2   1   2   2 |     AAC   4   4   4   4   4   4 |     AGC   0   0   0   0   0   0
    ATA   0   0   0   0   0   0 |     ACA   3   3   3   3   3   3 | Lys AAA   5   5   5   5   5   5 | Arg AGA   0   0   0   0   0   0
Met ATG   2   2   2   2   2   2 |     ACG   0   0   0   0   0   0 |     AAG   1   1   1   1   1   1 |     AGG   0   0   0   0   0   0
--------------------------------------------------------------------------------------------------------------------------------------
Val GTT   1   1   1   1   1   1 | Ala GCT   1   1   1   1   1   1 | Asp GAT   2   2   2   2   2   2 | Gly GGT   1   1   1   1   1   1
    GTC   0   0   0   0   0   0 |     GCC   0   0   0   0   0   0 |     GAC   1   1   1   1   1   1 |     GGC   1   1   1   1   0   1
    GTA   0   0   0   0   0   0 |     GCA   0   0   0   0   0   0 | Glu GAA   6   6   6   6   6   6 |     GGA   2   2   2   2   3   2
    GTG   0   0   0   0   0   0 |     GCG   0   0   0   0   0   0 |     GAG   4   4   4   4   4   4 |     GGG   0   0   0   0   0   0
--------------------------------------------------------------------------------------------------------------------------------------

--------------------------------------------------------------------------------------------------------------------------------------
Phe TTT   1   1   1   1   1   1 | Ser TCT   2   2   1   1   1   2 | Tyr TAT   1   1   1   1   1   1 | Cys TGT   1   1   1   1   1   1
    TTC   0   0   0   0   0   0 |     TCC   0   0   1   1   1   0 |     TAC   1   1   1   1   1   1 |     TGC   0   0   0   0   0   0
Leu TTA   2   2   2   2   2   2 |     TCA   1   1   1   1   1   1 | *** TAA   0   0   0   0   0   0 | *** TGA   0   0   0   0   0   0
    TTG   1   1   1   1   1   1 |     TCG   0   0   0   0   0   0 |     TAG   0   0   0   0   0   0 | Trp TGG   2   2   2   2   2   2
--------------------------------------------------------------------------------------------------------------------------------------
Leu CTT   1   1   1   1   1   1 | Pro CCT   5   5   5   5   5   5 | His CAT   1   1   1   1   1   1 | Arg CGT   0   0   0   0   0   0
    CTC   0   0   0   0   0   0 |     CCC   1   1   1   1   1   1 |     CAC   2   2   2   2   2   2 |     CGC   0   0   0   0   0   0
    CTA   1   1   1   1   1   1 |     CCA   1   1   2   2   2   1 | Gln CAA   0   0   0   0   0   0 |     CGA   2   2   2   2   2   2
    CTG   0   0   0   0   0   0 |     CCG   2   2   1   1   1   2 |     CAG   3   3   3   3   3   3 |     CGG   0   0   0   0   0   0
--------------------------------------------------------------------------------------------------------------------------------------
Ile ATT   3   3   3   3   3   3 | Thr ACT   1   1   1   1   1   2 | Asn AAT   3   3   3   3   3   3 | Ser AGT   1   1   1   1   1   1
    ATC   1   1   1   1   1   1 |     ACC   2   2   2   2   2   1 |     AAC   4   4   4   4   4   4 |     AGC   0   0   0   0   0   0
    ATA   0   0   0   0   0   0 |     ACA   3   3   2   3   3   3 | Lys AAA   5   5   5   5   5   5 | Arg AGA   0   0   0   0   0   0
Met ATG   2   2   2   2   2   2 |     ACG   0   0   1   0   0   0 |     AAG   1   1   1   1   1   1 |     AGG   0   0   0   0   0   0
--------------------------------------------------------------------------------------------------------------------------------------
Val GTT   1   1   1   1   1   1 | Ala GCT   1   1   1   1   1   1 | Asp GAT   2   2   2   2   2   2 | Gly GGT   1   1   1   1   1   1
    GTC   0   0   0   0   0   0 |     GCC   0   0   0   0   0   0 |     GAC   1   1   1   1   1   1 |     GGC   1   1   1   1   1   1
    GTA   0   0   0   0   0   0 |     GCA   0   0   0   0   0   0 | Glu GAA   5   5   6   6   6   6 |     GGA   2   2   2   2   2   2
    GTG   0   0   0   0   0   0 |     GCG   0   0   0   0   0   0 |     GAG   5   5   4   4   4   4 |     GGG   0   0   0   0   0   0
--------------------------------------------------------------------------------------------------------------------------------------

--------------------------------------------------------------------------------------------------------------------------------------
Phe TTT   1   1   1   1   1   1 | Ser TCT   1   2   2   1   2   1 | Tyr TAT   1   1   1   1   1   1 | Cys TGT   1   1   1   1   1   1
    TTC   0   0   0   0   0   0 |     TCC   1   0   0   1   0   1 |     TAC   1   1   1   1   1   1 |     TGC   0   0   0   0   0   0
Leu TTA   2   2   2   2   2   2 |     TCA   1   1   1   1   1   1 | *** TAA   0   0   0   0   0   0 | *** TGA   0   0   0   0   0   0
    TTG   1   1   1   1   1   1 |     TCG   0   0   0   0   0   0 |     TAG   0   0   0   0   0   0 | Trp TGG   2   2   2   2   2   2
--------------------------------------------------------------------------------------------------------------------------------------
Leu CTT   1   1   1   1   1   1 | Pro CCT   5   5   5   5   5   5 | His CAT   1   1   1   1   1   1 | Arg CGT   0   0   0   0   0   0
    CTC   0   0   0   0   0   0 |     CCC   1   1   1   1   1   1 |     CAC   2   2   2   2   2   2 |     CGC   0   0   0   0   0   0
    CTA   1   1   1   1   0   1 |     CCA   2   1   1   3   1   2 | Gln CAA   0   0   0   0   0   0 |     CGA   2   2   2   2   2   2
    CTG   0   0   0   0   1   0 |     CCG   1   2   2   0   2   1 |     CAG   3   3   3   3   3   3 |     CGG   0   0   0   0   0   0
--------------------------------------------------------------------------------------------------------------------------------------
Ile ATT   3   3   3   3   3   3 | Thr ACT   1   1   1   1   1   1 | Asn AAT   3   3   3   3   4   3 | Ser AGT   1   1   1   1   1   1
    ATC   1   1   1   1   1   1 |     ACC   2   2   2   2   2   1 |     AAC   4   4   4   4   3   5 |     AGC   0   0   0   0   0   0
    ATA   0   0   0   0   0   0 |     ACA   3   3   3   3   3   3 | Lys AAA   5   5   5   5   5   5 | Arg AGA   0   0   0   0   0   0
Met ATG   2   2   2   2   2   2 |     ACG   0   0   0   0   0   0 |     AAG   1   1   1   1   1   1 |     AGG   0   0   0   0   0   0
--------------------------------------------------------------------------------------------------------------------------------------
Val GTT   1   1   1   1   1   1 | Ala GCT   1   1   1   1   1   1 | Asp GAT   2   2   2   2   2   2 | Gly GGT   1   1   1   1   1   1
    GTC   0   0   0   0   0   0 |     GCC   0   0   0   0   0   0 |     GAC   1   1   1   1   1   1 |     GGC   1   1   1   1   1   1
    GTA   0   0   0   0   0   0 |     GCA   0   0   0   0   0   0 | Glu GAA   5   6   5   6   6   6 |     GGA   2   2   2   2   2   2
    GTG   0   0   0   0   0   0 |     GCG   0   0   0   0   0   0 |     GAG   5   4   5   4   4   4 |     GGG   0   0   0   0   0   0
--------------------------------------------------------------------------------------------------------------------------------------

--------------------------------------------------------------------------------------------------------------------------------------
Phe TTT   1   1   1   1   1   1 | Ser TCT   1   2   1   1   1   2 | Tyr TAT   1   1   1   1   1   1 | Cys TGT   1   1   1   1   1   1
    TTC   0   0   0   0   0   0 |     TCC   1   0   1   1   1   0 |     TAC   1   1   1   1   1   1 |     TGC   0   0   0   0   0   0
Leu TTA   2   2   2   2   2   2 |     TCA   1   1   1   1   1   1 | *** TAA   0   0   0   0   0   0 | *** TGA   0   0   0   0   0   0
    TTG   1   1   1   1   1   1 |     TCG   0   0   0   0   0   0 |     TAG   0   0   0   0   0   0 | Trp TGG   2   2   2   2   2   2
--------------------------------------------------------------------------------------------------------------------------------------
Leu CTT   1   1   1   1   1   1 | Pro CCT   5   5   5   5   5   5 | His CAT   1   1   1   1   1   1 | Arg CGT   0   0   0   0   0   0
    CTC   0   0   0   0   0   0 |     CCC   1   1   1   1   1   1 |     CAC   2   2   2   2   2   2 |     CGC   0   0   0   0   0   0
    CTA   1   1   1   1   1   1 |     CCA   2   1   2   2   2   1 | Gln CAA   0   0   0   0   0   0 |     CGA   2   2   2   2   2   2
    CTG   0   0   0   0   0   0 |     CCG   1   2   1   1   1   2 |     CAG   3   3   3   3   3   3 |     CGG   0   0   0   0   0   0
--------------------------------------------------------------------------------------------------------------------------------------
Ile ATT   3   3   3   3   3   3 | Thr ACT   1   1   1   1   1   1 | Asn AAT   3   3   3   3   3   3 | Ser AGT   1   1   1   1   1   1
    ATC   1   1   1   1   1   1 |     ACC   2   2   2   2   2   2 |     AAC   4   4   4   4   4   4 |     AGC   0   0   0   0   0   0
    ATA   0   0   0   0   0   0 |     ACA   3   3   3   3   2   3 | Lys AAA   5   5   5   5   5   4 | Arg AGA   0   0   0   0   0   0
Met ATG   2   2   2   2   2   2 |     ACG   0   0   0   0   1   0 |     AAG   1   1   1   1   1   2 |     AGG   0   0   0   0   0   0
--------------------------------------------------------------------------------------------------------------------------------------
Val GTT   1   1   1   1   1   1 | Ala GCT   1   1   1   0   1   1 | Asp GAT   2   2   2   2   2   2 | Gly GGT   1   1   1   1   1   1
    GTC   0   0   0   0   0   0 |     GCC   0   0   0   0   0   0 |     GAC   1   1   1   1   1   1 |     GGC   1   1   1   1   1   1
    GTA   0   0   0   0   0   0 |     GCA   0   0   0   0   0   0 | Glu GAA   6   6   6   6   6   5 |     GGA   2   2   2   2   2   2
    GTG   0   0   0   0   0   0 |     GCG   0   0   0   1   0   0 |     GAG   4   4   4   4   4   5 |     GGG   0   0   0   0   0   0
--------------------------------------------------------------------------------------------------------------------------------------

--------------------------------------------------------------------------------------------------------------------------------------
Phe TTT   1   1   1   1   1   1 | Ser TCT   2   1   2   2   2   1 | Tyr TAT   1   1   1   1   1   1 | Cys TGT   1   1   1   1   1   1
    TTC   0   0   0   0   0   0 |     TCC   0   1   0   0   0   1 |     TAC   1   1   1   1   1   1 |     TGC   0   0   0   0   0   0
Leu TTA   2   2   2   2   2   2 |     TCA   1   1   1   1   1   1 | *** TAA   0   0   0   0   0   0 | *** TGA   0   0   0   0   0   0
    TTG   1   1   1   1   1   1 |     TCG   0   0   0   0   0   0 |     TAG   0   0   0   0   0   0 | Trp TGG   2   2   2   2   2   2
--------------------------------------------------------------------------------------------------------------------------------------
Leu CTT   1   1   1   1   1   1 | Pro CCT   5   5   5   5   5   5 | His CAT   1   1   1   1   1   1 | Arg CGT   0   0   0   0   0   0
    CTC   0   0   0   0   0   0 |     CCC   1   1   1   1   1   1 |     CAC   2   2   2   2   2   2 |     CGC   0   0   0   0   0   0
    CTA   1   1   1   1   1   1 |     CCA   1   2   1   1   1   2 | Gln CAA   0   0   0   0   0   0 |     CGA   2   2   2   2   2   2
    CTG   0   0   0   0   0   0 |     CCG   2   1   2   2   2   1 |     CAG   3   3   3   3   3   3 |     CGG   0   0   0   0   0   0
--------------------------------------------------------------------------------------------------------------------------------------
Ile ATT   3   3   3   3   3   3 | Thr ACT   1   1   1   1   1   1 | Asn AAT   3   3   3   3   3   3 | Ser AGT   1   1   1   1   1   1
    ATC   1   1   1   1   1   1 |     ACC   2   2   2   2   2   2 |     AAC   4   4   4   4   4   4 |     AGC   0   0   0   0   0   0
    ATA   0   0   0   0   0   0 |     ACA   3   3   3   3   3   3 | Lys AAA   5   5   5   5   5   5 | Arg AGA   0   0   0   0   0   0
Met ATG   2   2   2   2   2   2 |     ACG   0   0   0   0   0   0 |     AAG   1   1   1   1   1   1 |     AGG   0   0   0   0   0   0
--------------------------------------------------------------------------------------------------------------------------------------
Val GTT   1   1   1   1   1   1 | Ala GCT   1   1   1   1   1   1 | Asp GAT   2   2   2   2   2   2 | Gly GGT   1   1   1   1   1   1
    GTC   0   0   0   0   0   0 |     GCC   0   0   0   0   0   0 |     GAC   1   1   1   1   1   1 |     GGC   1   1   1   1   1   1
    GTA   0   0   0   0   0   0 |     GCA   0   0   0   0   0   0 | Glu GAA   5   6   5   5   6   6 |     GGA   2   2   2   2   2   2
    GTG   0   0   0   0   0   0 |     GCG   0   0   0   0   0   0 |     GAG   5   4   5   5   4   4 |     GGG   0   0   0   0   0   0
--------------------------------------------------------------------------------------------------------------------------------------

--------------------------------------------------------------------------------------------------------------------------------------
Phe TTT   1   1   1   1   1   1 | Ser TCT   1   1   1   2   2   2 | Tyr TAT   1   1   1   1   1   1 | Cys TGT   1   1   1   1   1   1
    TTC   0   0   0   0   0   0 |     TCC   1   1   1   0   0   0 |     TAC   1   1   1   1   1   1 |     TGC   0   0   0   0   0   0
Leu TTA   2   2   2   2   2   2 |     TCA   1   1   1   1   1   1 | *** TAA   0   0   0   0   0   0 | *** TGA   0   0   0   0   0   0
    TTG   1   1   1   1   1   1 |     TCG   0   0   0   0   0   0 |     TAG   0   0   0   0   0   0 | Trp TGG   2   2   2   2   2   2
--------------------------------------------------------------------------------------------------------------------------------------
Leu CTT   1   1   1   1   1   1 | Pro CCT   5   5   5   5   5   5 | His CAT   1   1   1   1   1   1 | Arg CGT   0   0   0   0   0   0
    CTC   0   0   0   0   0   0 |     CCC   1   1   1   1   1   1 |     CAC   2   2   2   2   2   2 |     CGC   0   0   0   0   0   0
    CTA   1   1   1   1   1   1 |     CCA   3   2   2   1   1   1 | Gln CAA   0   0   0   0   0   0 |     CGA   2   2   2   2   2   2
    CTG   0   0   0   0   0   0 |     CCG   0   1   1   2   2   2 |     CAG   3   3   3   3   3   3 |     CGG   0   0   0   0   0   0
--------------------------------------------------------------------------------------------------------------------------------------
Ile ATT   3   3   3   3   3   3 | Thr ACT   1   1   1   1   2   2 | Asn AAT   3   3   3   3   3   3 | Ser AGT   1   1   1   1   1   1
    ATC   1   1   1   1   1   1 |     ACC   2   2   2   2   1   1 |     AAC   4   4   4   4   4   4 |     AGC   0   0   0   0   0   0
    ATA   0   0   0   0   0   0 |     ACA   3   3   3   3   3   3 | Lys AAA   5   5   5   5   5   5 | Arg AGA   0   0   0   0   0   0
Met ATG   2   2   2   2   2   2 |     ACG   0   0   0   0   0   0 |     AAG   1   1   1   1   1   1 |     AGG   0   0   0   0   0   0
--------------------------------------------------------------------------------------------------------------------------------------
Val GTT   1   1   1   1   1   1 | Ala GCT   1   1   1   1   1   1 | Asp GAT   2   2   2   2   2   2 | Gly GGT   1   1   1   1   1   1
    GTC   0   0   0   0   0   0 |     GCC   0   0   0   0   0   0 |     GAC   1   1   1   1   1   1 |     GGC   1   1   1   1   1   1
    GTA   0   0   0   0   0   0 |     GCA   0   0   0   0   0   0 | Glu GAA   6   6   6   6   6   6 |     GGA   2   2   2   2   2   2
    GTG   0   0   0   0   0   0 |     GCG   0   0   0   0   0   0 |     GAG   4   4   4   4   4   4 |     GGG   0   0   0   0   0   0
--------------------------------------------------------------------------------------------------------------------------------------

Codon position x base (3x4) table for each sequence.

#1: Argali         
position  1:    T:0.15789    C:0.25000    A:0.34211    G:0.25000
position  2:    T:0.17105    C:0.25000    A:0.44737    G:0.13158
position  3:    T:0.32895    C:0.17105    A:0.31579    G:0.18421
Average         T:0.21930    C:0.22368    A:0.36842    G:0.18860

#2: LesserMouseDeer
position  1:    T:0.15789    C:0.25000    A:0.34211    G:0.25000
position  2:    T:0.17105    C:0.25000    A:0.44737    G:0.13158
position  3:    T:0.38158    C:0.13158    A:0.30263    G:0.18421
Average         T:0.23684    C:0.21053    A:0.36404    G:0.18860

#3: LesserKudu     
position  1:    T:0.15789    C:0.25000    A:0.34211    G:0.25000
position  2:    T:0.17105    C:0.25000    A:0.44737    G:0.13158
position  3:    T:0.32895    C:0.17105    A:0.30263    G:0.19737
Average         T:0.21930    C:0.22368    A:0.36404    G:0.19298

#4: ForestMuskDeer2
position  1:    T:0.15789    C:0.25000    A:0.34211    G:0.25000
position  2:    T:0.17105    C:0.25000    A:0.44737    G:0.13158
position  3:    T:0.32895    C:0.17105    A:0.30263    G:0.19737
Average         T:0.21930    C:0.22368    A:0.36404    G:0.19298

#5: Camel          
position  1:    T:0.15789    C:0.25000    A:0.34211    G:0.25000
position  2:    T:0.17105    C:0.25000    A:0.44737    G:0.13158
position  3:    T:0.36842    C:0.14474    A:0.31579    G:0.17105
Average         T:0.23246    C:0.21491    A:0.36842    G:0.18421

#6: KillerWhale    
position  1:    T:0.15789    C:0.25000    A:0.34211    G:0.25000
position  2:    T:0.17105    C:0.25000    A:0.44737    G:0.13158
position  3:    T:0.35526    C:0.17105    A:0.28947    G:0.18421
Average         T:0.22807    C:0.22368    A:0.35965    G:0.18860

#7: DefassaWaterbuck
position  1:    T:0.15789    C:0.25000    A:0.34211    G:0.25000
position  2:    T:0.17105    C:0.25000    A:0.44737    G:0.13158
position  3:    T:0.31579    C:0.18421    A:0.31579    G:0.18421
Average         T:0.21491    C:0.22807    A:0.36842    G:0.18860

#8: Sheep          
position  1:    T:0.15789    C:0.25000    A:0.34211    G:0.25000
position  2:    T:0.17105    C:0.25000    A:0.44737    G:0.13158
position  3:    T:0.34211    C:0.17105    A:0.30263    G:0.18421
Average         T:0.22368    C:0.22368    A:0.36404    G:0.18860

#9: MaxwellsDuiker 
position  1:    T:0.17105    C:0.23684    A:0.34211    G:0.25000
position  2:    T:0.17105    C:0.25000    A:0.46053    G:0.11842
position  3:    T:0.32895    C:0.18421    A:0.31579    G:0.17105
Average         T:0.22368    C:0.22368    A:0.37281    G:0.17982

#10: GazellaPrzewalskyi
position  1:    T:0.15789    C:0.25000    A:0.34211    G:0.25000
position  2:    T:0.17105    C:0.25000    A:0.44737    G:0.13158
position  3:    T:0.31579    C:0.18421    A:0.31579    G:0.18421
Average         T:0.21491    C:0.22807    A:0.36842    G:0.18860

#11: MountainNyala  
position  1:    T:0.15789    C:0.25000    A:0.34211    G:0.25000
position  2:    T:0.17105    C:0.25000    A:0.44737    G:0.13158
position  3:    T:0.34211    C:0.15789    A:0.30263    G:0.19737
Average         T:0.22368    C:0.21930    A:0.36404    G:0.19298

#12: MuntiacusMuntjak
position  1:    T:0.15789    C:0.25000    A:0.34211    G:0.25000
position  2:    T:0.17105    C:0.25000    A:0.44737    G:0.13158
position  3:    T:0.32895    C:0.17105    A:0.28947    G:0.21053
Average         T:0.21930    C:0.22368    A:0.35965    G:0.19737

#13: goat           
position  1:    T:0.15789    C:0.25000    A:0.34211    G:0.25000
position  2:    T:0.17105    C:0.25000    A:0.44737    G:0.13158
position  3:    T:0.31579    C:0.18421    A:0.31579    G:0.18421
Average         T:0.21491    C:0.22807    A:0.36842    G:0.18860

#14: AfricanBuffalo 
position  1:    T:0.15789    C:0.25000    A:0.34211    G:0.25000
position  2:    T:0.17105    C:0.25000    A:0.44737    G:0.13158
position  3:    T:0.32895    C:0.18421    A:0.27632    G:0.21053
Average         T:0.21930    C:0.22807    A:0.35526    G:0.19737

#15: Topi           
position  1:    T:0.15789    C:0.25000    A:0.34211    G:0.25000
position  2:    T:0.17105    C:0.25000    A:0.44737    G:0.13158
position  3:    T:0.31579    C:0.18421    A:0.31579    G:0.18421
Average         T:0.21491    C:0.22807    A:0.36842    G:0.18860

#16: CommonDuiker   
position  1:    T:0.15789    C:0.25000    A:0.35526    G:0.23684
position  2:    T:0.17105    C:0.25000    A:0.44737    G:0.13158
position  3:    T:0.31579    C:0.18421    A:0.32895    G:0.17105
Average         T:0.21491    C:0.22807    A:0.37719    G:0.17982

#17: Suni           
position  1:    T:0.15789    C:0.25000    A:0.34211    G:0.25000
position  2:    T:0.17105    C:0.25000    A:0.44737    G:0.13158
position  3:    T:0.31579    C:0.18421    A:0.30263    G:0.19737
Average         T:0.21491    C:0.22807    A:0.36404    G:0.19298

#18: Springbuck     
position  1:    T:0.15789    C:0.25000    A:0.34211    G:0.25000
position  2:    T:0.17105    C:0.25000    A:0.44737    G:0.13158
position  3:    T:0.31579    C:0.18421    A:0.31579    G:0.18421
Average         T:0.21491    C:0.22807    A:0.36842    G:0.18860

#19: Okapi          
position  1:    T:0.15789    C:0.25000    A:0.34211    G:0.25000
position  2:    T:0.17105    C:0.25000    A:0.44737    G:0.13158
position  3:    T:0.32895    C:0.17105    A:0.31579    G:0.18421
Average         T:0.21930    C:0.22368    A:0.36842    G:0.18860

#20: Giraffe        
position  1:    T:0.15789    C:0.25000    A:0.34211    G:0.25000
position  2:    T:0.17105    C:0.25000    A:0.44737    G:0.13158
position  3:    T:0.32895    C:0.17105    A:0.31579    G:0.18421
Average         T:0.21930    C:0.22368    A:0.36842    G:0.18860

#21: TibetanAntelope
position  1:    T:0.15789    C:0.25000    A:0.34211    G:0.25000
position  2:    T:0.17105    C:0.25000    A:0.44737    G:0.13158
position  3:    T:0.31579    C:0.18421    A:0.31579    G:0.18421
Average         T:0.21491    C:0.22807    A:0.36842    G:0.18860

#22: Sitatunga      
position  1:    T:0.15789    C:0.25000    A:0.34211    G:0.25000
position  2:    T:0.17105    C:0.25000    A:0.44737    G:0.13158
position  3:    T:0.35526    C:0.15789    A:0.30263    G:0.18421
Average         T:0.22807    C:0.21930    A:0.36404    G:0.18860

#23: Oribi          
position  1:    T:0.15789    C:0.25000    A:0.34211    G:0.25000
position  2:    T:0.17105    C:0.25000    A:0.44737    G:0.13158
position  3:    T:0.31579    C:0.17105    A:0.32895    G:0.18421
Average         T:0.21491    C:0.22368    A:0.37281    G:0.18860

#24: BarbarySheep   
position  1:    T:0.15789    C:0.25000    A:0.34211    G:0.25000
position  2:    T:0.17105    C:0.25000    A:0.44737    G:0.13158
position  3:    T:0.31579    C:0.18421    A:0.31579    G:0.18421
Average         T:0.21491    C:0.22807    A:0.36842    G:0.18860

#25: Daviddeer      
position  1:    T:0.15789    C:0.25000    A:0.34211    G:0.25000
position  2:    T:0.17105    C:0.25000    A:0.44737    G:0.13158
position  3:    T:0.32895    C:0.17105    A:0.28947    G:0.21053
Average         T:0.21930    C:0.22368    A:0.35965    G:0.19737

#26: Reindeer       
position  1:    T:0.15789    C:0.25000    A:0.34211    G:0.25000
position  2:    T:0.17105    C:0.25000    A:0.44737    G:0.13158
position  3:    T:0.32895    C:0.17105    A:0.28947    G:0.21053
Average         T:0.21930    C:0.22368    A:0.35965    G:0.19737

#27: Ibex           
position  1:    T:0.15789    C:0.25000    A:0.34211    G:0.25000
position  2:    T:0.17105    C:0.25000    A:0.44737    G:0.13158
position  3:    T:0.31579    C:0.18421    A:0.30263    G:0.19737
Average         T:0.21491    C:0.22807    A:0.36404    G:0.19298

#28: GyrantGazelle  
position  1:    T:0.15789    C:0.25000    A:0.34211    G:0.25000
position  2:    T:0.17105    C:0.25000    A:0.44737    G:0.13158
position  3:    T:0.31579    C:0.18421    A:0.31579    G:0.18421
Average         T:0.21491    C:0.22807    A:0.36842    G:0.18860

#29: Hartebeest     
position  1:    T:0.15789    C:0.25000    A:0.34211    G:0.25000
position  2:    T:0.17105    C:0.25000    A:0.44737    G:0.13158
position  3:    T:0.31579    C:0.18421    A:0.31579    G:0.18421
Average         T:0.21491    C:0.22807    A:0.36842    G:0.18860

#30: Bongo          
position  1:    T:0.15789    C:0.25000    A:0.34211    G:0.25000
position  2:    T:0.17105    C:0.25000    A:0.44737    G:0.13158
position  3:    T:0.34211    C:0.15789    A:0.30263    G:0.19737
Average         T:0.22368    C:0.21930    A:0.36404    G:0.19298

#31: Gerenuk        
position  1:    T:0.15789    C:0.25000    A:0.34211    G:0.25000
position  2:    T:0.17105    C:0.25000    A:0.44737    G:0.13158
position  3:    T:0.31579    C:0.18421    A:0.30263    G:0.19737
Average         T:0.21491    C:0.22807    A:0.36404    G:0.19298

#32: CommonEland    
position  1:    T:0.15789    C:0.25000    A:0.34211    G:0.25000
position  2:    T:0.17105    C:0.25000    A:0.44737    G:0.13158
position  3:    T:0.32895    C:0.17105    A:0.30263    G:0.19737
Average         T:0.21930    C:0.22368    A:0.36404    G:0.19298

#33: MuntiacusReevesi
position  1:    T:0.15789    C:0.25000    A:0.34211    G:0.25000
position  2:    T:0.17105    C:0.25000    A:0.44737    G:0.13158
position  3:    T:0.32895    C:0.17105    A:0.28947    G:0.21053
Average         T:0.21930    C:0.22368    A:0.35965    G:0.19737

#34: HarveysDuiker  
position  1:    T:0.15789    C:0.25000    A:0.34211    G:0.25000
position  2:    T:0.17105    C:0.25000    A:0.44737    G:0.13158
position  3:    T:0.31579    C:0.18421    A:0.32895    G:0.17105
Average         T:0.21491    C:0.22807    A:0.37281    G:0.18421

#35: Pronghorn      
position  1:    T:0.15789    C:0.25000    A:0.34211    G:0.25000
position  2:    T:0.17105    C:0.25000    A:0.44737    G:0.13158
position  3:    T:0.34211    C:0.15789    A:0.28947    G:0.21053
Average         T:0.22368    C:0.21930    A:0.35965    G:0.19737

#36: BlueWildebeest 
position  1:    T:0.15789    C:0.25000    A:0.34211    G:0.25000
position  2:    T:0.17105    C:0.23684    A:0.46053    G:0.13158
position  3:    T:0.31579    C:0.18421    A:0.31579    G:0.18421
Average         T:0.21491    C:0.22368    A:0.37281    G:0.18860

#37: Gemsbok        
position  1:    T:0.15789    C:0.25000    A:0.34211    G:0.25000
position  2:    T:0.17105    C:0.25000    A:0.44737    G:0.13158
position  3:    T:0.31579    C:0.18421    A:0.31579    G:0.18421
Average         T:0.21491    C:0.22807    A:0.36842    G:0.18860

#38: Yak            
position  1:    T:0.15789    C:0.25000    A:0.34211    G:0.25000
position  2:    T:0.17105    C:0.25000    A:0.44737    G:0.13158
position  3:    T:0.32895    C:0.17105    A:0.30263    G:0.19737
Average         T:0.21930    C:0.22368    A:0.36404    G:0.19298

#39: BlueSheep      
position  1:    T:0.15789    C:0.25000    A:0.34211    G:0.25000
position  2:    T:0.17105    C:0.25000    A:0.44737    G:0.13158
position  3:    T:0.31579    C:0.18421    A:0.31579    G:0.18421
Average         T:0.21491    C:0.22807    A:0.36842    G:0.18860

#40: BohorReedbuck  
position  1:    T:0.15789    C:0.25000    A:0.34211    G:0.25000
position  2:    T:0.17105    C:0.25000    A:0.44737    G:0.13158
position  3:    T:0.30263    C:0.18421    A:0.31579    G:0.19737
Average         T:0.21053    C:0.22807    A:0.36842    G:0.19298

#41: KirksDik       
position  1:    T:0.15789    C:0.25000    A:0.34211    G:0.25000
position  2:    T:0.17105    C:0.25000    A:0.44737    G:0.13158
position  3:    T:0.31579    C:0.18421    A:0.30263    G:0.19737
Average         T:0.21491    C:0.22807    A:0.36404    G:0.19298

#42: RoeDeer        
position  1:    T:0.15789    C:0.25000    A:0.34211    G:0.25000
position  2:    T:0.17105    C:0.25000    A:0.44737    G:0.13158
position  3:    T:0.32895    C:0.17105    A:0.27632    G:0.22368
Average         T:0.21930    C:0.22368    A:0.35526    G:0.20175

#43: WhiteLippedDeer
position  1:    T:0.15789    C:0.25000    A:0.34211    G:0.25000
position  2:    T:0.17105    C:0.25000    A:0.44737    G:0.13158
position  3:    T:0.32895    C:0.17105    A:0.28947    G:0.21053
Average         T:0.21930    C:0.22368    A:0.35965    G:0.19737

#44: ThomsonGazelle 
position  1:    T:0.15789    C:0.25000    A:0.34211    G:0.25000
position  2:    T:0.17105    C:0.25000    A:0.44737    G:0.13158
position  3:    T:0.31579    C:0.18421    A:0.31579    G:0.18421
Average         T:0.21491    C:0.22807    A:0.36842    G:0.18860

#45: MuntiacusCrinifrons
position  1:    T:0.15789    C:0.25000    A:0.34211    G:0.25000
position  2:    T:0.17105    C:0.25000    A:0.44737    G:0.13158
position  3:    T:0.32895    C:0.17105    A:0.28947    G:0.21053
Average         T:0.21930    C:0.22368    A:0.35965    G:0.19737

#46: WhiteTailedDeer
position  1:    T:0.15789    C:0.25000    A:0.34211    G:0.25000
position  2:    T:0.17105    C:0.25000    A:0.44737    G:0.13158
position  3:    T:0.32895    C:0.17105    A:0.28947    G:0.21053
Average         T:0.21930    C:0.22368    A:0.35965    G:0.19737

#47: Cattle         
position  1:    T:0.15789    C:0.25000    A:0.34211    G:0.25000
position  2:    T:0.17105    C:0.25000    A:0.44737    G:0.13158
position  3:    T:0.32895    C:0.17105    A:0.30263    G:0.19737
Average         T:0.21930    C:0.22368    A:0.36404    G:0.19298

#48: RoyalAntelope  
position  1:    T:0.15789    C:0.25000    A:0.34211    G:0.25000
position  2:    T:0.17105    C:0.25000    A:0.44737    G:0.13158
position  3:    T:0.31579    C:0.18421    A:0.31579    G:0.18421
Average         T:0.21491    C:0.22807    A:0.36842    G:0.18860

#49: Steenbok       
position  1:    T:0.15789    C:0.25000    A:0.34211    G:0.25000
position  2:    T:0.17105    C:0.25000    A:0.44737    G:0.13158
position  3:    T:0.31579    C:0.18421    A:0.32895    G:0.17105
Average         T:0.21491    C:0.22807    A:0.37281    G:0.18421

#50: Impala         
position  1:    T:0.15789    C:0.25000    A:0.34211    G:0.25000
position  2:    T:0.17105    C:0.25000    A:0.44737    G:0.13158
position  3:    T:0.31579    C:0.18421    A:0.31579    G:0.18421
Average         T:0.21491    C:0.22807    A:0.36842    G:0.18860

#51: Klipspringer   
position  1:    T:0.15789    C:0.25000    A:0.34211    G:0.25000
position  2:    T:0.17105    C:0.25000    A:0.44737    G:0.13158
