CODONML (in paml version 4.10.7, June 2023)  /home/rachel/ruminants_paml/6406-phy-tree/ENSBTAT00000022460.fasta.phy
Model: free dN/dS Ratios for branches,  kappa = 2.000 fixed

Codon frequency model: F3x4
ns =  54  ls =  29

Codon usage in sequences
--------------------------------------------------------------------------------------------------------------------------------------
Phe TTT   0   0   0   0   0   0 | Ser TCT   0   0   0   0   0   0 | Tyr TAT   0   0   0   0   0   0 | Cys TGT   3   2   4   4   4   3
    TTC   0   0   0   0   0   0 |     TCC   0   0   0   0   0   0 |     TAC   0   0   0   0   0   0 |     TGC   6   7   5   5   5   6
Leu TTA   0   0   0   0   0   0 |     TCA   0   0   0   0   0   0 | *** TAA   0   0   0   0   0   0 | *** TGA   0   0   0   0   0   0
    TTG   0   0   0   0   0   0 |     TCG   0   0   0   0   0   0 |     TAG   0   0   0   0   0   0 | Trp TGG   0   0   0   0   0   0
--------------------------------------------------------------------------------------------------------------------------------------
Leu CTT   0   0   0   0   0   0 | Pro CCT   0   0   0   1   0   0 | His CAT   0   0   0   0   0   0 | Arg CGT   0   0   0   0   0   0
    CTC   0   0   0   0   0   0 |     CCC   1   1   1   0   1   1 |     CAC   0   0   0   0   0   0 |     CGC   0   0   0   0   0   0
    CTA   0   0   0   0   0   0 |     CCA   0   0   0   0   0   0 | Gln CAA   0   0   0   0   0   0 |     CGA   0   0   0   0   0   0
    CTG   0   0   0   0   0   0 |     CCG   0   0   0   0   0   0 |     CAG   1   1   1   1   1   1 |     CGG   0   0   0   0   0   0
--------------------------------------------------------------------------------------------------------------------------------------
Ile ATT   0   0   0   0   0   0 | Thr ACT   0   0   0   0   0   0 | Asn AAT   0   0   0   0   0   0 | Ser AGT   0   0   0   0   0   0
    ATC   0   0   0   0   0   0 |     ACC   0   0   0   0   0   0 |     AAC   0   0   0   0   0   0 |     AGC   0   1   1   1   1   1
    ATA   0   0   0   0   0   0 |     ACA   0   0   0   0   0   0 | Lys AAA   2   2   2   2   2   2 | Arg AGA   0   0   0   0   0   0
Met ATG   0   0   0   0   0   0 |     ACG   0   0   0   0   0   0 |     AAG   1   1   1   1   1   1 |     AGG   0   0   0   0   0   0
--------------------------------------------------------------------------------------------------------------------------------------
Val GTT   0   0   0   0   0   0 | Ala GCT   1   1   2   1   2   1 | Asp GAT   1   1   1   1   1   1 | Gly GGT   1   0   1   1   1   0
    GTC   0   0   0   0   0   0 |     GCC   2   2   1   2   1   2 |     GAC   0   1   0   0   0   0 |     GGC   1   1   0   0   1   2
    GTA   0   0   0   0   0   0 |     GCA   1   1   1   1   0   1 | Glu GAA   1   0   1   1   0   1 |     GGA   1   1   1   1   1   1
    GTG   1   1   1   1   0   1 |     GCG   0   0   0   0   2   0 |     GAG   4   4   4   4   5   4 |     GGG   1   1   1   1   0   0
--------------------------------------------------------------------------------------------------------------------------------------

--------------------------------------------------------------------------------------------------------------------------------------
Phe TTT   0   0   0   0   0   0 | Ser TCT   0   0   0   0   0   0 | Tyr TAT   0   0   0   0   0   0 | Cys TGT   4   3   4   4   4   4
    TTC   0   0   0   0   0   0 |     TCC   0   0   0   0   0   0 |     TAC   0   0   0   0   0   0 |     TGC   5   6   5   5   5   5
Leu TTA   0   0   0   0   0   0 |     TCA   0   0   0   0   0   0 | *** TAA   0   0   0   0   0   0 | *** TGA   0   0   0   0   0   0
    TTG   0   0   0   0   0   0 |     TCG   0   0   0   0   0   0 |     TAG   0   0   0   0   0   0 | Trp TGG   0   0   0   0   0   0
--------------------------------------------------------------------------------------------------------------------------------------
Leu CTT   0   0   0   0   0   0 | Pro CCT   0   0   0   0   1   0 | His CAT   0   0   0   0   0   0 | Arg CGT   0   0   0   0   0   0
    CTC   0   0   0   0   0   0 |     CCC   1   1   1   1   0   1 |     CAC   0   0   0   0   0   0 |     CGC   0   0   0   0   0   0
    CTA   0   0   0   0   0   0 |     CCA   0   0   0   0   0   0 | Gln CAA   0   0   0   0   0   0 |     CGA   0   0   0   0   0   0
    CTG   0   0   0   0   0   0 |     CCG   0   0   0   0   0   0 |     CAG   1   1   1   1   1   1 |     CGG   0   0   0   0   0   0
--------------------------------------------------------------------------------------------------------------------------------------
Ile ATT   0   0   0   0   0   0 | Thr ACT   0   0   0   0   0   0 | Asn AAT   0   0   0   0   0   0 | Ser AGT   0   0   0   0   0   1
    ATC   0   0   0   0   0   0 |     ACC   0   0   0   0   0   0 |     AAC   0   0   0   0   0   0 |     AGC   1   0   1   1   1   1
    ATA   0   0   0   0   0   0 |     ACA   0   0   0   0   0   0 | Lys AAA   2   2   2   2   2   3 | Arg AGA   0   0   0   0   0   0
Met ATG   0   0   0   0   0   0 |     ACG   0   0   0   0   0   0 |     AAG   1   1   1   1   1   1 |     AGG   0   0   0   0   0   0
--------------------------------------------------------------------------------------------------------------------------------------
Val GTT   0   0   0   0   0   0 | Ala GCT   1   1   1   1   2   1 | Asp GAT   1   1   0   1   1   1 | Gly GGT   1   1   1   1   1   0
    GTC   0   0   0   0   0   0 |     GCC   2   2   2   2   1   2 |     GAC   0   0   1   0   0   0 |     GGC   0   1   0   0   0   0
    GTA   0   0   0   0   0   0 |     GCA   1   1   1   1   1   1 | Glu GAA   1   1   0   1   1   0 |     GGA   1   1   1   1   1   1
    GTG   1   1   1   1   1   1 |     GCG   0   0   0   0   0   0 |     GAG   4   4   5   4   4   4 |     GGG   1   1   1   1   1   1
--------------------------------------------------------------------------------------------------------------------------------------

--------------------------------------------------------------------------------------------------------------------------------------
Phe TTT   0   0   0   0   0   0 | Ser TCT   0   0   0   0   0   0 | Tyr TAT   0   0   0   0   0   0 | Cys TGT   4   4   4   4   4   4
    TTC   0   0   0   0   0   0 |     TCC   0   0   0   0   0   0 |     TAC   0   0   0   0   0   0 |     TGC   5   5   5   5   5   5
Leu TTA   0   0   0   0   0   0 |     TCA   0   0   0   0   0   0 | *** TAA   0   0   0   0   0   0 | *** TGA   0   0   0   0   0   0
    TTG   0   0   0   0   0   0 |     TCG   0   0   0   0   0   0 |     TAG   0   0   0   0   0   0 | Trp TGG   0   0   0   0   0   0
--------------------------------------------------------------------------------------------------------------------------------------
Leu CTT   0   0   0   0   0   0 | Pro CCT   0   0   0   0   0   1 | His CAT   0   0   0   0   0   0 | Arg CGT   0   0   0   0   0   0
    CTC   0   0   0   0   0   0 |     CCC   1   1   1   1   1   0 |     CAC   0   0   0   0   0   0 |     CGC   0   0   0   0   0   0
    CTA   0   0   0   0   0   0 |     CCA   0   0   0   0   0   0 | Gln CAA   0   0   0   0   0   0 |     CGA   0   0   0   0   0   0
    CTG   0   0   0   0   0   0 |     CCG   0   0   0   0   0   0 |     CAG   1   1   1   1   1   1 |     CGG   0   0   0   0   0   0
--------------------------------------------------------------------------------------------------------------------------------------
Ile ATT   0   0   0   0   0   0 | Thr ACT   0   0   0   0   0   0 | Asn AAT   0   0   0   0   0   0 | Ser AGT   0   0   0   0   0   0
    ATC   0   0   0   0   0   0 |     ACC   0   1   0   0   0   0 |     AAC   0   0   0   0   0   0 |     AGC   1   1   1   1   1   1
    ATA   0   0   0   0   0   0 |     ACA   0   0   0   0   0   0 | Lys AAA   2   2   2   2   2   2 | Arg AGA   0   0   0   0   0   0
Met ATG   0   0   0   0   0   0 |     ACG   0   0   0   0   0   0 |     AAG   1   1   1   1   1   1 |     AGG   0   0   0   0   0   0
--------------------------------------------------------------------------------------------------------------------------------------
Val GTT   0   0   0   0   0   0 | Ala GCT   1   1   2   1   2   1 | Asp GAT   1   1   1   1   0   1 | Gly GGT   1   1   1   1   1   1
    GTC   0   0   0   0   0   0 |     GCC   2   1   1   2   1   2 |     GAC   0   0   0   0   1   0 |     GGC   0   0   0   0   0   0
    GTA   0   0   0   0   0   0 |     GCA   1   1   1   1   1   1 | Glu GAA   1   1   1   1   1   1 |     GGA   1   1   1   1   1   1
    GTG   1   1   1   1   1   1 |     GCG   0   0   0   0   0   0 |     GAG   4   4   4   4   4   4 |     GGG   1   1   1   1   1   1
--------------------------------------------------------------------------------------------------------------------------------------

--------------------------------------------------------------------------------------------------------------------------------------
Phe TTT   0   0   0   0   0   0 | Ser TCT   0   0   0   0   0   0 | Tyr TAT   0   0   0   0   0   0 | Cys TGT   4   4   4   4   4   4
    TTC   0   0   0   0   0   0 |     TCC   0   0   0   0   0   0 |     TAC   0   0   0   0   0   0 |     TGC   5   5   5   5   5   5
Leu TTA   0   0   0   0   0   0 |     TCA   0   0   0   0   0   0 | *** TAA   0   0   0   0   0   0 | *** TGA   0   0   0   0   0   0
    TTG   0   0   0   0   0   0 |     TCG   0   0   0   0   0   0 |     TAG   0   0   0   0   0   0 | Trp TGG   0   0   0   0   0   0
--------------------------------------------------------------------------------------------------------------------------------------
Leu CTT   0   0   0   0   0   0 | Pro CCT   0   0   0   1   1   0 | His CAT   0   0   0   0   0   0 | Arg CGT   0   0   0   0   0   0
    CTC   0   0   0   0   0   0 |     CCC   1   1   1   0   0   1 |     CAC   0   0   0   0   0   0 |     CGC   0   0   0   0   0   0
    CTA   0   0   0   0   0   0 |     CCA   0   0   0   0   0   0 | Gln CAA   0   0   0   0   0   0 |     CGA   0   0   0   0   0   0
    CTG   0   0   0   0   0   0 |     CCG   0   0   0   0   0   0 |     CAG   1   1   1   1   1   1 |     CGG   0   0   0   0   0   0
--------------------------------------------------------------------------------------------------------------------------------------
Ile ATT   0   0   0   0   0   0 | Thr ACT   0   0   0   0   0   0 | Asn AAT   0   0   0   0   0   0 | Ser AGT   0   0   0   0   0   0
    ATC   0   0   0   0   0   0 |     ACC   0   0   0   0   0   0 |     AAC   0   0   0   0   0   0 |     AGC   1   1   1   1   1   1
    ATA   0   0   0   0   0   0 |     ACA   0   0   0   0   0   0 | Lys AAA   3   2   2   2   2   2 | Arg AGA   0   0   0   0   0   0
Met ATG   0   0   0   0   0   0 |     ACG   0   0   0   0   0   0 |     AAG   1   1   1   1   1   1 |     AGG   0   0   0   0   0   0
--------------------------------------------------------------------------------------------------------------------------------------
Val GTT   0   0   0   0   0   0 | Ala GCT   1   1   1   2   1   1 | Asp GAT   1   1   1   1   1   1 | Gly GGT   1   1   1   1   1   1
    GTC   0   0   0   0   0   0 |     GCC   2   2   2   1   2   2 |     GAC   0   0   0   0   0   0 |     GGC   0   0   0   0   0   0
    GTA   0   0   0   0   0   0 |     GCA   1   1   1   1   1   1 | Glu GAA   0   1   1   1   1   1 |     GGA   1   1   1   1   1   1
    GTG   1   1   1   1   1   1 |     GCG   0   0   0   0   0   0 |     GAG   4   4   4   4   4   4 |     GGG   1   1   1   1   1   1
--------------------------------------------------------------------------------------------------------------------------------------

--------------------------------------------------------------------------------------------------------------------------------------
Phe TTT   0   0   0   0   0   0 | Ser TCT   0   0   0   0   0   0 | Tyr TAT   0   0   0   0   0   0 | Cys TGT   4   4   4   4   4   4
    TTC   0   0   0   0   0   0 |     TCC   0   0   0   0   0   0 |     TAC   0   0   0   0   0   0 |     TGC   5   5   5   5   5   5
Leu TTA   0   0   0   0   0   0 |     TCA   0   0   0   0   0   0 | *** TAA   0   0   0   0   0   0 | *** TGA   0   0   0   0   0   0
    TTG   0   0   0   0   0   0 |     TCG   0   0   0   0   0   0 |     TAG   0   0   0   0   0   0 | Trp TGG   0   0   0   0   0   0
--------------------------------------------------------------------------------------------------------------------------------------
Leu CTT   0   0   0   0   0   0 | Pro CCT   0   0   1   1   0   1 | His CAT   0   0   0   0   0   0 | Arg CGT   0   0   0   0   0   0
    CTC   0   0   0   0   0   0 |     CCC   1   1   0   0   1   0 |     CAC   0   0   0   0   0   0 |     CGC   0   0   0   0   0   0
    CTA   0   0   0   0   0   0 |     CCA   0   0   0   0   0   0 | Gln CAA   0   0   0   0   0   0 |     CGA   0   0   0   0   0   0
    CTG   0   0   0   0   0   0 |     CCG   0   0   0   0   0   0 |     CAG   1   1   1   1   1   1 |     CGG   0   0   0   0   0   0
--------------------------------------------------------------------------------------------------------------------------------------
Ile ATT   0   0   0   0   0   0 | Thr ACT   0   0   0   0   0   0 | Asn AAT   0   0   0   0   0   0 | Ser AGT   1   0   0   0   0   0
    ATC   0   0   0   0   0   0 |     ACC   0   0   0   0   0   0 |     AAC   0   0   0   0   0   0 |     AGC   1   2   1   1   1   1
    ATA   0   0   0   0   0   0 |     ACA   0   0   0   0   0   0 | Lys AAA   3   2   2   2   2   2 | Arg AGA   0   0   0   0   0   0
Met ATG   0   0   0   0   0   0 |     ACG   0   0   0   0   0   0 |     AAG   1   1   1   1   1   1 |     AGG   0   0   0   0   0   0
--------------------------------------------------------------------------------------------------------------------------------------
Val GTT   0   0   0   0   0   0 | Ala GCT   1   1   1   1   2   2 | Asp GAT   1   0   1   1   0   1 | Gly GGT   0   0   1   1   1   1
    GTC   0   0   0   0   0   0 |     GCC   2   2   2   2   1   1 |     GAC   0   1   0   0   1   0 |     GGC   0   0   0   0   0   0
    GTA   0   0   0   0   0   0 |     GCA   1   1   1   1   1   1 | Glu GAA   0   1   1   1   1   1 |     GGA   1   1   1   1   1   1
    GTG   1   1   1   1   1   1 |     GCG   0   0   0   0   0   0 |     GAG   4   4   4   4   4   4 |     GGG   1   1   1   1   1   1
--------------------------------------------------------------------------------------------------------------------------------------

--------------------------------------------------------------------------------------------------------------------------------------
Phe TTT   0   0   0   0   0   0 | Ser TCT   0   0   0   0   0   0 | Tyr TAT   0   0   0   0   0   0 | Cys TGT   4   4   4   4   4   4
    TTC   0   0   0   0   0   0 |     TCC   0   0   0   0   0   0 |     TAC   0   0   0   0   0   0 |     TGC   5   5   5   5   5   5
Leu TTA   0   0   0   0   0   0 |     TCA   0   0   0   0   0   0 | *** TAA   0   0   0   0   0   0 | *** TGA   0   0   0   0   0   0
    TTG   0   0   0   0   0   0 |     TCG   0   0   0   0   0   0 |     TAG   0   0   0   0   0   0 | Trp TGG   0   0   0   0   0   0
--------------------------------------------------------------------------------------------------------------------------------------
Leu CTT   0   0   0   0   0   0 | Pro CCT   1   1   1   0   0   0 | His CAT   0   0   0   0   0   0 | Arg CGT   0   0   0   0   0   0
    CTC   0   0   0   0   0   0 |     CCC   0   0   0   1   1   1 |     CAC   0   0   0   0   0   0 |     CGC   0   0   0   0   0   0
    CTA   0   0   0   0   0   0 |     CCA   0   0   0   0   0   0 | Gln CAA   0   0   0   0   0   0 |     CGA   0   0   0   0   0   0
    CTG   0   0   0   0   0   0 |     CCG   0   0   0   0   0   0 |     CAG   1   1   1   1   1   1 |     CGG   0   0   0   0   0   0
--------------------------------------------------------------------------------------------------------------------------------------
Ile ATT   0   0   0   0   0   0 | Thr ACT   0   0   0   0   0   0 | Asn AAT   0   0   0   0   0   0 | Ser AGT   0   0   1   0   0   0
    ATC   0   0   0   0   0   0 |     ACC   0   0   0   0   0   0 |     AAC   0   0   0   0   0   0 |     AGC   1   1   1   1   1   1
    ATA   0   0   0   0   0   0 |     ACA   0   0   0   0   0   0 | Lys AAA   2   2   3   2   2   2 | Arg AGA   0   0   0   0   0   0
Met ATG   0   0   0   0   0   0 |     ACG   0   0   0   0   0   0 |     AAG   1   1   1   1   1   1 |     AGG   0   0   0   0   0   0
--------------------------------------------------------------------------------------------------------------------------------------
Val GTT   0   0   0   0   0   0 | Ala GCT   1   2   1   1   2   2 | Asp GAT   1   1   1   2   1   1 | Gly GGT   1   1   0   0   1   1
    GTC   0   0   0   0   0   0 |     GCC   2   1   2   2   1   1 |     GAC   0   0   1   0   0   0 |     GGC   0   0   0   0   0   0
    GTA   0   0   0   0   0   0 |     GCA   1   1   1   1   1   1 | Glu GAA   1   1   0   1   1   1 |     GGA   1   1   1   1   1   1
    GTG   1   1   1   1   1   1 |     GCG   0   0   0   0   0   0 |     GAG   4   4   3   4   4   4 |     GGG   1   1   1   1   1   1
--------------------------------------------------------------------------------------------------------------------------------------

--------------------------------------------------------------------------------------------------------------------------------------
Phe TTT   0   0   0   0   0   0 | Ser TCT   0   0   0   0   0   0 | Tyr TAT   0   0   0   0   0   0 | Cys TGT   4   4   4   4   4   4
    TTC   0   0   0   0   0   0 |     TCC   0   0   0   0   0   0 |     TAC   0   0   0   0   0   0 |     TGC   5   5   5   5   5   5
Leu TTA   0   0   0   0   0   0 |     TCA   0   0   0   0   0   0 | *** TAA   0   0   0   0   0   0 | *** TGA   0   0   0   0   0   0
    TTG   0   0   0   0   0   0 |     TCG   0   0   0   0   0   0 |     TAG   0   0   0   0   0   0 | Trp TGG   0   0   0   0   0   0
--------------------------------------------------------------------------------------------------------------------------------------
Leu CTT   0   0   0   0   0   0 | Pro CCT   0   1   0   0   1   0 | His CAT   0   0   0   0   0   0 | Arg CGT   0   0   0   0   0   0
    CTC   0   0   0   0   0   0 |     CCC   1   0   1   1   0   1 |     CAC   0   0   0   0   0   0 |     CGC   0   0   0   0   0   0
    CTA   0   0   0   0   0   0 |     CCA   0   0   0   0   0   0 | Gln CAA   0   0   0   0   0   0 |     CGA   0   0   0   0   0   0
    CTG   0   0   0   0   0   0 |     CCG   0   0   0   0   0   0 |     CAG   1   1   1   1   1   1 |     CGG   0   0   0   0   0   0
--------------------------------------------------------------------------------------------------------------------------------------
Ile ATT   0   0   0   0   0   0 | Thr ACT   0   0   0   0   0   0 | Asn AAT   0   0   0   0   0   0 | Ser AGT   0   0   0   0   0   1
    ATC   0   0   0   0   0   0 |     ACC   0   0   0   0   0   0 |     AAC   0   0   0   0   0   0 |     AGC   1   1   1   1   1   1
    ATA   0   0   0   0   0   0 |     ACA   0   0   0   0   0   0 | Lys AAA   2   2   2   2   3   2 | Arg AGA   0   0   0   0   0   0
Met ATG   0   0   0   0   0   0 |     ACG   0   0   0   0   0   0 |     AAG   1   1   1   1   1   1 |     AGG   0   0   0   0   0   0
--------------------------------------------------------------------------------------------------------------------------------------
Val GTT   0   0   0   0   0   0 | Ala GCT   1   1   1   1   1   1 | Asp GAT   0   1   1   1   1   1 | Gly GGT   1   1   1   1   1   0
    GTC   0   0   0   0   0   0 |     GCC   2   2   2   2   2   2 |     GAC   1   0   0   0   0   0 |     GGC   0   0   0   0   0   0
    GTA   0   0   0   0   0   0 |     GCA   1   1   1   1   1   0 | Glu GAA   1   1   2   1   0   2 |     GGA   1   1   1   1   1   1
    GTG   1   1   1   1   1   1 |     GCG   0   0   0   0   0   0 |     GAG   4   4   3   4   4   4 |     GGG   1   1   1   1   1   1
--------------------------------------------------------------------------------------------------------------------------------------

--------------------------------------------------------------------------------------------------------------------------------------
Phe TTT   0   0   0   0   0   0 | Ser TCT   0   0   0   0   0   0 | Tyr TAT   0   0   0   0   0   0 | Cys TGT   4   4   4   4   4   4
    TTC   0   0   0   0   0   0 |     TCC   0   0   0   0   0   0 |     TAC   0   0   0   0   0   0 |     TGC   5   5   5   5   5   5
Leu TTA   0   0   0   0   0   0 |     TCA   0   0   0   0   0   0 | *** TAA   0   0   0   0   0   0 | *** TGA   0   0   0   0   0   0
    TTG   0   0   0   0   0   0 |     TCG   0   0   0   0   0   0 |     TAG   0   0   0   0   0   0 | Trp TGG   0   0   0   0   0   0
--------------------------------------------------------------------------------------------------------------------------------------
Leu CTT   0   0   0   0   0   0 | Pro CCT   0   1   0   0   0   0 | His CAT   0   0   0   0   0   0 | Arg CGT   0   0   0   0   0   0
    CTC   0   0   0   0   0   0 |     CCC   1   0   1   1   1   1 |     CAC   0   0   0   0   0   0 |     CGC   0   0   0   0   0   0
    CTA   0   0   0   0   0   0 |     CCA   0   0   0   0   0   0 | Gln CAA   0   0   0   0   0   0 |     CGA   0   0   0   0   0   0
    CTG   0   0   0   0   0   0 |     CCG   0   0   0   0   0   0 |     CAG   1   1   1   1   1   1 |     CGG   0   0   0   0   0   0
--------------------------------------------------------------------------------------------------------------------------------------
Ile ATT   0   0   0   0   0   0 | Thr ACT   0   0   0   0   0   0 | Asn AAT   0   0   0   0   0   0 | Ser AGT   1   0   1   1   0   0
    ATC   0   0   0   0   0   0 |     ACC   0   0   0   0   0   0 |     AAC   0   0   0   0   0   0 |     AGC   1   1   1   1   1   1
    ATA   0   0   0   0   0   0 |     ACA   0   0   0   0   0   0 | Lys AAA   3   2   3   2   2   2 | Arg AGA   0   0   0   0   0   0
Met ATG   0   0   0   0   0   0 |     ACG   0   0   0   0   0   0 |     AAG   1   1   1   1   1   1 |     AGG   0   0   0   0   0   0
--------------------------------------------------------------------------------------------------------------------------------------
Val GTT   0   0   0   0   0   0 | Ala GCT   1   1   1   1   1   2 | Asp GAT   1   1   1   0   1   0 | Gly GGT   0   1   0   0   1   1
    GTC   0   0   0   0   0   0 |     GCC   2   2   2   2   2   1 |     GAC   0   0   0   1   0   1 |     GGC   0   0   0   0   0   0
    GTA   0   0   0   0   0   0 |     GCA   1   1   1   1   1   1 | Glu GAA   0   1   0   1   1   1 |     GGA   1   1   1   1   1   1
    GTG   1   1   1   1   1   1 |     GCG   0   0   0   0   0   0 |     GAG   4   4   4   4   4   4 |     GGG   1   1   1   1   1   1
--------------------------------------------------------------------------------------------------------------------------------------

--------------------------------------------------------------------------------------------------------------------------------------
Phe TTT   0   0   0   0   0   0 | Ser TCT   0   0   0   0   0   0 | Tyr TAT   0   0   0   0   0   0 | Cys TGT   4   4   4   4   4   4
    TTC   0   0   0   0   0   0 |     TCC   0   0   0   0   0   0 |     TAC   0   0   0   0   0   0 |     TGC   5   5   5   5   5   5
Leu TTA   0   0   0   0   0   0 |     TCA   0   0   0   0   0   0 | *** TAA   0   0   0   0   0   0 | *** TGA   0   0   0   0   0   0
    TTG   0   0   0   0   0   0 |     TCG   0   0   0   0   0   0 |     TAG   0   0   0   0   0   0 | Trp TGG   0   0   0   0   0   0
--------------------------------------------------------------------------------------------------------------------------------------
Leu CTT   0   0   0   0   0   0 | Pro CCT   1   0   0   1   1   0 | His CAT   0   0   0   0   0   0 | Arg CGT   0   0   0   0   0   0
    CTC   0   0   0   0   0   0 |     CCC   0   1   1   0   0   1 |     CAC   0   0   0   0   0   0 |     CGC   0   0   0   0   0   0
    CTA   0   0   0   0   0   0 |     CCA   0   0   0   0   0   0 | Gln CAA   0   0   0   0   0   0 |     CGA   0   0   0   0   0   0
    CTG   0   0   0   0   0   0 |     CCG   0   0   0   0   0   0 |     CAG   1   1   1   1   1   1 |     CGG   0   0   0   0   0   0
--------------------------------------------------------------------------------------------------------------------------------------
Ile ATT   0   0   0   0   0   0 | Thr ACT   0   0   0   0   0   0 | Asn AAT   0   0   0   0   0   0 | Ser AGT   0   0   0   0   0   0
    ATC   0   0   0   0   0   0 |     ACC   0   0   0   0   0   0 |     AAC   0   0   0   0   0   0 |     AGC   1   1   1   1   1   1
    ATA   0   0   0   0   0   0 |     ACA   0   0   0   0   0   0 | Lys AAA   2   2   2   2   2   2 | Arg AGA   0   0   0   0   0   0
Met ATG   0   0   0   0   0   0 |     ACG   0   0   0   0   0   0 |     AAG   1   1   1   1   1   1 |     AGG   0   0   0   0   0   0
--------------------------------------------------------------------------------------------------------------------------------------
Val GTT   0   0   0   0   0   0 | Ala GCT   1   2   1   1   2   2 | Asp GAT   1   1   1   1   1   1 | Gly GGT   1   1   1   1   1   1
    GTC   0   0   0   0   0   0 |     GCC   2   1   1   2   1   1 |     GAC   0   0   0   0   0   0 |     GGC   0   0   0   0   0   0
    GTA   0   0   0   0   0   0 |     GCA   1   1   2   1   1   1 | Glu GAA   1   1   1   1   1   1 |     GGA   1   1   1   1   1   1
    GTG   1   1   1   1   1   1 |     GCG   0   0   0   0   0   0 |     GAG   4   4   4   4   4   4 |     GGG   1   1   1   1   1   1
--------------------------------------------------------------------------------------------------------------------------------------

Codon position x base (3x4) table for each sequence.

#1: Argali         
position  1:    T:0.31034    C:0.06897    A:0.10345    G:0.51724
position  2:    T:0.03448    C:0.17241    A:0.34483    G:0.44828
position  3:    T:0.20690    C:0.34483    A:0.17241    G:0.27586
Average         T:0.18391    C:0.19540    A:0.20690    G:0.41379

#2: LesserMouseDeer
position  1:    T:0.31034    C:0.06897    A:0.13793    G:0.48276
position  2:    T:0.03448    C:0.17241    A:0.34483    G:0.44828
position  3:    T:0.13793    C:0.44828    A:0.13793    G:0.27586
Average         T:0.16092    C:0.22989    A:0.20690    G:0.40230

#3: LesserKudu     
position  1:    T:0.31034    C:0.06897    A:0.13793    G:0.48276
position  2:    T:0.03448    C:0.17241    A:0.34483    G:0.44828
position  3:    T:0.27586    C:0.27586    A:0.17241    G:0.27586
Average         T:0.20690    C:0.17241    A:0.21839    G:0.40230

#4: ForestMuskDeer2
position  1:    T:0.31034    C:0.06897    A:0.13793    G:0.48276
position  2:    T:0.03448    C:0.17241    A:0.34483    G:0.44828
position  3:    T:0.27586    C:0.27586    A:0.17241    G:0.27586
Average         T:0.20690    C:0.17241    A:0.21839    G:0.40230

#5: Camel          
position  1:    T:0.31034    C:0.06897    A:0.13793    G:0.48276
position  2:    T:0.00000    C:0.20690    A:0.34483    G:0.44828
position  3:    T:0.27586    C:0.31034    A:0.10345    G:0.31034
Average         T:0.19540    C:0.19540    A:0.19540    G:0.41379

#6: KillerWhale    
position  1:    T:0.31034    C:0.06897    A:0.13793    G:0.48276
position  2:    T:0.03448    C:0.17241    A:0.34483    G:0.44828
position  3:    T:0.17241    C:0.41379    A:0.17241    G:0.24138
Average         T:0.17241    C:0.21839    A:0.21839    G:0.39080

#7: DefassaWaterbuck
position  1:    T:0.31034    C:0.06897    A:0.13793    G:0.48276
position  2:    T:0.03448    C:0.17241    A:0.34483    G:0.44828
position  3:    T:0.24138    C:0.31034    A:0.17241    G:0.27586
Average         T:0.19540    C:0.18391    A:0.21839    G:0.40230

#8: Sheep          
position  1:    T:0.31034    C:0.06897    A:0.10345    G:0.51724
position  2:    T:0.03448    C:0.17241    A:0.34483    G:0.44828
position  3:    T:0.20690    C:0.34483    A:0.17241    G:0.27586
Average         T:0.18391    C:0.19540    A:0.20690    G:0.41379

#9: MaxwellsDuiker 
position  1:    T:0.31034    C:0.06897    A:0.13793    G:0.48276
position  2:    T:0.03448    C:0.17241    A:0.34483    G:0.44828
position  3:    T:0.20690    C:0.34483    A:0.13793    G:0.31034
Average         T:0.18391    C:0.19540    A:0.20690    G:0.41379

#10: GazellaPrzewalskyi
position  1:    T:0.31034    C:0.06897    A:0.13793    G:0.48276
position  2:    T:0.03448    C:0.17241    A:0.34483    G:0.44828
position  3:    T:0.24138    C:0.31034    A:0.17241    G:0.27586
Average         T:0.19540    C:0.18391    A:0.21839    G:0.40230

#11: MountainNyala  
position  1:    T:0.31034    C:0.06897    A:0.13793    G:0.48276
position  2:    T:0.03448    C:0.17241    A:0.34483    G:0.44828
position  3:    T:0.31034    C:0.24138    A:0.17241    G:0.27586
Average         T:0.21839    C:0.16092    A:0.21839    G:0.40230

#12: MuntiacusMuntjak
position  1:    T:0.31034    C:0.06897    A:0.20690    G:0.41379
position  2:    T:0.03448    C:0.17241    A:0.34483    G:0.44828
position  3:    T:0.24138    C:0.31034    A:0.17241    G:0.27586
Average         T:0.19540    C:0.18391    A:0.24138    G:0.37931

#13: goat           
position  1:    T:0.31034    C:0.06897    A:0.13793    G:0.48276
position  2:    T:0.03448    C:0.17241    A:0.34483    G:0.44828
position  3:    T:0.24138    C:0.31034    A:0.17241    G:0.27586
Average         T:0.19540    C:0.18391    A:0.21839    G:0.40230

#14: AfricanBuffalo 
position  1:    T:0.31034    C:0.06897    A:0.17241    G:0.44828
position  2:    T:0.03448    C:0.17241    A:0.34483    G:0.44828
position  3:    T:0.24138    C:0.31034    A:0.17241    G:0.27586
Average         T:0.19540    C:0.18391    A:0.22989    G:0.39080

#15: Topi           
position  1:    T:0.31034    C:0.06897    A:0.13793    G:0.48276
position  2:    T:0.03448    C:0.17241    A:0.34483    G:0.44828
position  3:    T:0.27586    C:0.27586    A:0.17241    G:0.27586
Average         T:0.20690    C:0.17241    A:0.21839    G:0.40230

#16: CommonDuiker   
position  1:    T:0.31034    C:0.06897    A:0.13793    G:0.48276
position  2:    T:0.03448    C:0.17241    A:0.34483    G:0.44828
position  3:    T:0.24138    C:0.31034    A:0.17241    G:0.27586
Average         T:0.19540    C:0.18391    A:0.21839    G:0.40230

#17: Suni           
position  1:    T:0.31034    C:0.06897    A:0.13793    G:0.48276
position  2:    T:0.03448    C:0.17241    A:0.34483    G:0.44828
position  3:    T:0.24138    C:0.31034    A:0.17241    G:0.27586
Average         T:0.19540    C:0.18391    A:0.21839    G:0.40230

#18: Springbuck     
position  1:    T:0.31034    C:0.06897    A:0.13793    G:0.48276
position  2:    T:0.03448    C:0.17241    A:0.34483    G:0.44828
position  3:    T:0.27586    C:0.27586    A:0.17241    G:0.27586
Average         T:0.20690    C:0.17241    A:0.21839    G:0.40230

#19: Okapi          
position  1:    T:0.31034    C:0.06897    A:0.17241    G:0.44828
position  2:    T:0.03448    C:0.17241    A:0.34483    G:0.44828
position  3:    T:0.24138    C:0.31034    A:0.17241    G:0.27586
Average         T:0.19540    C:0.18391    A:0.22989    G:0.39080

#20: Giraffe        
position  1:    T:0.31034    C:0.06897    A:0.13793    G:0.48276
position  2:    T:0.03448    C:0.17241    A:0.34483    G:0.44828
position  3:    T:0.24138    C:0.31034    A:0.17241    G:0.27586
Average         T:0.19540    C:0.18391    A:0.21839    G:0.40230

#21: TibetanAntelope
position  1:    T:0.31034    C:0.06897    A:0.13793    G:0.48276
position  2:    T:0.03448    C:0.17241    A:0.34483    G:0.44828
position  3:    T:0.24138    C:0.31034    A:0.17241    G:0.27586
Average         T:0.19540    C:0.18391    A:0.21839    G:0.40230

#22: Sitatunga      
position  1:    T:0.31034    C:0.06897    A:0.13793    G:0.48276
position  2:    T:0.03448    C:0.17241    A:0.34483    G:0.44828
position  3:    T:0.31034    C:0.24138    A:0.17241    G:0.27586
Average         T:0.21839    C:0.16092    A:0.21839    G:0.40230

#23: Oribi          
position  1:    T:0.31034    C:0.06897    A:0.13793    G:0.48276
position  2:    T:0.03448    C:0.17241    A:0.34483    G:0.44828
position  3:    T:0.27586    C:0.27586    A:0.17241    G:0.27586
Average         T:0.20690    C:0.17241    A:0.21839    G:0.40230

#24: BarbarySheep   
position  1:    T:0.31034    C:0.06897    A:0.13793    G:0.48276
position  2:    T:0.03448    C:0.17241    A:0.34483    G:0.44828
position  3:    T:0.24138    C:0.31034    A:0.17241    G:0.27586
Average         T:0.19540    C:0.18391    A:0.21839    G:0.40230

#25: Daviddeer      
position  1:    T:0.31034    C:0.06897    A:0.20690    G:0.41379
position  2:    T:0.03448    C:0.17241    A:0.34483    G:0.44828
position  3:    T:0.24138    C:0.31034    A:0.17241    G:0.27586
Average         T:0.19540    C:0.18391    A:0.24138    G:0.37931

#26: Reindeer       
position  1:    T:0.31034    C:0.06897    A:0.17241    G:0.44828
position  2:    T:0.03448    C:0.17241    A:0.34483    G:0.44828
position  3:    T:0.17241    C:0.37931    A:0.17241    G:0.27586
Average         T:0.17241    C:0.20690    A:0.22989    G:0.39080

#27: Ibex           
position  1:    T:0.31034    C:0.06897    A:0.13793    G:0.48276
position  2:    T:0.03448    C:0.17241    A:0.34483    G:0.44828
position  3:    T:0.27586    C:0.27586    A:0.17241    G:0.27586
Average         T:0.20690    C:0.17241    A:0.21839    G:0.40230

#28: GyrantGazelle  
position  1:    T:0.31034    C:0.06897    A:0.13793    G:0.48276
position  2:    T:0.03448    C:0.17241    A:0.34483    G:0.44828
position  3:    T:0.27586    C:0.27586    A:0.17241    G:0.27586
Average         T:0.20690    C:0.17241    A:0.21839    G:0.40230

#29: Hartebeest     
position  1:    T:0.31034    C:0.06897    A:0.13793    G:0.48276
position  2:    T:0.03448    C:0.17241    A:0.34483    G:0.44828
position  3:    T:0.24138    C:0.31034    A:0.17241    G:0.27586
Average         T:0.19540    C:0.18391    A:0.21839    G:0.40230

#30: Bongo          
position  1:    T:0.31034    C:0.06897    A:0.13793    G:0.48276
position  2:    T:0.03448    C:0.17241    A:0.34483    G:0.44828
position  3:    T:0.31034    C:0.24138    A:0.17241    G:0.27586
Average         T:0.21839    C:0.16092    A:0.21839    G:0.40230

#31: Gerenuk        
position  1:    T:0.31034    C:0.06897    A:0.13793    G:0.48276
position  2:    T:0.03448    C:0.17241    A:0.34483    G:0.44828
position  3:    T:0.27586    C:0.27586    A:0.17241    G:0.27586
Average         T:0.20690    C:0.17241    A:0.21839    G:0.40230

#32: CommonEland    
position  1:    T:0.31034    C:0.06897    A:0.13793    G:0.48276
position  2:    T:0.03448    C:0.17241    A:0.34483    G:0.44828
position  3:    T:0.31034    C:0.24138    A:0.17241    G:0.27586
Average         T:0.21839    C:0.16092    A:0.21839    G:0.40230

#33: MuntiacusReevesi
position  1:    T:0.31034    C:0.06897    A:0.20690    G:0.41379
position  2:    T:0.03448    C:0.17241    A:0.34483    G:0.44828
position  3:    T:0.27586    C:0.31034    A:0.17241    G:0.24138
Average         T:0.20690    C:0.18391    A:0.24138    G:0.36782

#34: HarveysDuiker  
position  1:    T:0.31034    C:0.06897    A:0.13793    G:0.48276
position  2:    T:0.03448    C:0.17241    A:0.37931    G:0.41379
position  3:    T:0.24138    C:0.31034    A:0.17241    G:0.27586
Average         T:0.19540    C:0.18391    A:0.22989    G:0.39080

#35: Pronghorn      
position  1:    T:0.31034    C:0.06897    A:0.13793    G:0.48276
position  2:    T:0.03448    C:0.17241    A:0.34483    G:0.44828
position  3:    T:0.27586    C:0.27586    A:0.17241    G:0.27586
Average         T:0.20690    C:0.17241    A:0.21839    G:0.40230

#36: BlueWildebeest 
position  1:    T:0.31034    C:0.06897    A:0.13793    G:0.48276
position  2:    T:0.03448    C:0.17241    A:0.34483    G:0.44828
position  3:    T:0.27586    C:0.27586    A:0.17241    G:0.27586
Average         T:0.20690    C:0.17241    A:0.21839    G:0.40230

#37: Gemsbok        
position  1:    T:0.31034    C:0.06897    A:0.13793    G:0.48276
position  2:    T:0.03448    C:0.17241    A:0.34483    G:0.44828
position  3:    T:0.20690    C:0.34483    A:0.17241    G:0.27586
Average         T:0.18391    C:0.19540    A:0.21839    G:0.40230

#38: Yak            
position  1:    T:0.31034    C:0.06897    A:0.13793    G:0.48276
position  2:    T:0.03448    C:0.17241    A:0.34483    G:0.44828
position  3:    T:0.27586    C:0.27586    A:0.17241    G:0.27586
Average         T:0.20690    C:0.17241    A:0.21839    G:0.40230

#39: BlueSheep      
position  1:    T:0.31034    C:0.06897    A:0.13793    G:0.48276
position  2:    T:0.03448    C:0.17241    A:0.34483    G:0.44828
position  3:    T:0.24138    C:0.31034    A:0.20690    G:0.24138
Average         T:0.19540    C:0.18391    A:0.22989    G:0.39080

#40: BohorReedbuck  
position  1:    T:0.31034    C:0.06897    A:0.13793    G:0.48276
position  2:    T:0.03448    C:0.17241    A:0.34483    G:0.44828
position  3:    T:0.24138    C:0.31034    A:0.17241    G:0.27586
Average         T:0.19540    C:0.18391    A:0.21839    G:0.40230

#41: KirksDik       
position  1:    T:0.31034    C:0.06897    A:0.17241    G:0.44828
position  2:    T:0.03448    C:0.17241    A:0.34483    G:0.44828
position  3:    T:0.27586    C:0.27586    A:0.17241    G:0.27586
Average         T:0.20690    C:0.17241    A:0.22989    G:0.39080

#42: RoeDeer        
position  1:    T:0.31034    C:0.06897    A:0.17241    G:0.44828
position  2:    T:0.03448    C:0.13793    A:0.37931    G:0.44828
position  3:    T:0.24138    C:0.31034    A:0.17241    G:0.27586
Average         T:0.19540    C:0.17241    A:0.24138    G:0.39080

#43: WhiteLippedDeer
position  1:    T:0.31034    C:0.06897    A:0.20690    G:0.41379
position  2:    T:0.03448    C:0.17241    A:0.34483    G:0.44828
position  3:    T:0.24138    C:0.31034    A:0.17241    G:0.27586
Average         T:0.19540    C:0.18391    A:0.24138    G:0.37931

#44: ThomsonGazelle 
position  1:    T:0.31034    C:0.06897    A:0.13793    G:0.48276
position  2:    T:0.03448    C:0.17241    A:0.34483    G:0.44828
position  3:    T:0.27586    C:0.27586    A:0.17241    G:0.27586
Average         T:0.20690    C:0.17241    A:0.21839    G:0.40230

#45: MuntiacusCrinifrons
position  1:    T:0.31034    C:0.06897    A:0.20690    G:0.41379
position  2:    T:0.03448    C:0.17241    A:0.34483    G:0.44828
position  3:    T:0.24138    C:0.31034    A:0.17241    G:0.27586
Average         T:0.19540    C:0.18391    A:0.24138    G:0.37931

#46: WhiteTailedDeer
position  1:    T:0.31034    C:0.06897    A:0.17241    G:0.44828
position  2:    T:0.03448    C:0.17241    A:0.34483    G:0.44828
position  3:    T:0.20690    C:0.34483    A:0.17241    G:0.27586
Average         T:0.18391    C:0.19540    A:0.22989    G:0.39080

#47: Cattle         
position  1:    T:0.31034    C:0.06897    A:0.13793    G:0.48276
position  2:    T:0.03448    C:0.17241    A:0.34483    G:0.44828
position  3:    T:0.24138    C:0.31034    A:0.17241    G:0.27586
Average         T:0.19540    C:0.18391    A:0.21839    G:0.40230

#48: RoyalAntelope  
position  1:    T:0.31034    C:0.06897    A:0.13793    G:0.48276
position  2:    T:0.03448    C:0.17241    A:0.34483    G:0.44828
position  3:    T:0.24138    C:0.31034    A:0.17241    G:0.27586
Average         T:0.19540    C:0.18391    A:0.21839    G:0.40230

#49: Steenbok       
position  1:    T:0.31034    C:0.06897    A:0.13793    G:0.48276
position  2:    T:0.03448    C:0.17241    A:0.34483    G:0.44828
position  3:    T:0.27586    C:0.27586    A:0.17241    G:0.27586
Average         T:0.20690    C:0.17241    A:0.21839    G:0.40230

#50: Impala         
position  1:    T:0.31034    C:0.06897    A:0.13793    G:0.48276
position  2:    T:0.03448    C:0.17241    A:0.34483    G:0.44828
position  3:    T:0.27586    C:0.27586    A:0.17241    G:0.27586
Average         T:0.20690    C:0.17241    A:0.21839    G:0.40230

#51: Klipspringer   
position  1:    T:0.31034    C:0.06897    A:0.13793    G:0.48276
position  2:    T:0.03448    C:0.17241    A:0.34483    G:0.44828
