1
52 1
Argali 0.000000 0.221900 0.105700 0.265500 0.104700 0.000000 0.062300 0.145900 0.128400 0.175400 0.040500 0.105100 0.082400 0.125200 0.080400 0.104000 0.193100 0.152300 0.020700 0.084900 0.085600 0.020700 0.156100 0.134000 0.040500 0.216800 0.082400 0.107700 0.084100 0.148400 0.154200 0.083200 0.156000 0.081800 0.105400 0.104700 0.020700 0.081400 0.106700 0.177900 0.132900 0.209500 0.196300 0.084400 0.104700 0.060100 0.141800 0.129100 0.081500 0.081500 0.104700 0.146500
LesserMous 0.221900 0.000000 0.249900 0.347700 0.248000 0.221900 0.200300 0.292300 0.276400 0.278900 0.220100 0.299200 0.220400 0.269700 0.215100 0.245100 0.244100 0.202200 0.202600 0.228100 0.230100 0.202600 0.260200 0.289800 0.220100 0.268800 0.220400 0.254700 0.225300 0.245600 0.256400 0.223100 0.258800 0.218800 0.249100 0.247300 0.202600 0.268600 0.227900 0.281600 0.234500 0.212000 0.300700 0.226900 0.247300 0.193400 0.283400 0.177800 0.218400 0.218400 0.247300 0.292600
LesserKudu 0.105700 0.249900 0.000000 0.373600 0.104200 0.105700 0.083400 0.144500 0.062000 0.246900 0.104100 0.084100 0.147200 0.125700 0.100900 0.125200 0.170500 0.128500 0.084300 0.020500 0.107300 0.084300 0.228300 0.205100 0.104100 0.238600 0.147600 0.041600 0.105500 0.081800 0.223800 0.104400 0.180500 0.146100 0.172300 0.041500 0.084300 0.124000 0.128600 0.250600 0.207900 0.233100 0.267900 0.150900 0.040900 0.123000 0.162800 0.106900 0.060300 0.060300 0.040400 0.080800
KillerWhal 0.265500 0.347700 0.373600 0.000000 0.401300 0.265500 0.348000 0.332000 0.402600 0.324900 0.314900 0.371400 0.339900 0.422700 0.359200 0.395800 0.364500 0.298700 0.298800 0.351200 0.328700 0.298800 0.277800 0.337800 0.314900 0.424000 0.339900 0.381000 0.376400 0.367100 0.302600 0.372400 0.331100 0.337200 0.318900 0.369800 0.298800 0.336100 0.352100 0.328500 0.280500 0.432100 0.321800 0.271800 0.369800 0.283700 0.408200 0.350300 0.335900 0.335900 0.369800 0.417700
DefassaWat 0.104700 0.248000 0.104200 0.401300 0.000000 0.104700 0.083400 0.167500 0.126600 0.247300 0.103200 0.147600 0.147200 0.123000 0.100800 0.125100 0.213600 0.175000 0.084300 0.083700 0.107300 0.084300 0.228700 0.206000 0.103200 0.238800 0.147200 0.106100 0.105400 0.146400 0.225700 0.104400 0.228400 0.146100 0.172300 0.103200 0.084300 0.058800 0.128500 0.251000 0.206200 0.233900 0.268400 0.151000 0.103200 0.123100 0.162800 0.151300 0.102200 0.102300 0.103200 0.144500
Sheep 0.000000 0.221900 0.105700 0.265500 0.104700 0.000000 0.062300 0.145900 0.128400 0.175400 0.040500 0.105100 0.082400 0.125200 0.080400 0.104000 0.193100 0.152300 0.020700 0.084900 0.085600 0.020700 0.156100 0.134000 0.040500 0.216800 0.082400 0.107700 0.084100 0.148400 0.154200 0.083200 0.156000 0.081800 0.105400 0.104700 0.020700 0.081400 0.106700 0.177900 0.132900 0.209500 0.196300 0.084400 0.104700 0.060100 0.141800 0.129100 0.081500 0.081500 0.104700 0.146500
MaxwellsDu 0.062300 0.200300 0.083400 0.348000 0.083400 0.062300 0.000000 0.123500 0.062100 0.198100 0.061400 0.126500 0.103300 0.104700 0.059500 0.082100 0.170800 0.128700 0.041500 0.062800 0.063400 0.041500 0.179000 0.156900 0.061400 0.191600 0.103300 0.041700 0.062300 0.082000 0.176800 0.061600 0.180700 0.102600 0.127400 0.083900 0.041500 0.103300 0.084200 0.200900 0.158500 0.183300 0.218800 0.105900 0.082600 0.080700 0.120000 0.107100 0.060400 0.060400 0.082600 0.101600
GazellaPrz 0.145900 0.292300 0.144500 0.332000 0.167500 0.145900 0.123500 0.000000 0.167200 0.239400 0.143600 0.187700 0.186900 0.189700 0.139400 0.121600 0.143600 0.146400 0.124700 0.124300 0.061400 0.124700 0.221200 0.196500 0.143600 0.185500 0.186900 0.147100 0.102800 0.186300 0.218300 0.144300 0.246500 0.185500 0.167200 0.143100 0.124700 0.187000 0.081600 0.242900 0.201300 0.178700 0.259900 0.146500 0.143100 0.162100 0.158000 0.125200 0.119600 0.119600 0.143100 0.185700
MountainNy 0.128400 0.276400 0.062000 0.402600 0.126600 0.128400 0.062100 0.167200 0.000000 0.273000 0.126300 0.104300 0.170300 0.103900 0.122500 0.147800 0.194500 0.150200 0.106700 0.041400 0.130500 0.106700 0.254500 0.231600 0.126300 0.263700 0.170300 0.020600 0.128100 0.061800 0.251200 0.126800 0.156400 0.169000 0.196300 0.061700 0.106700 0.146500 0.151900 0.277200 0.234100 0.260800 0.294200 0.176200 0.061800 0.145300 0.185400 0.129900 0.081300 0.081300 0.062600 0.080400
MuntiacusM 0.175400 0.278900 0.246900 0.324900 0.247300 0.175400 0.198100 0.239400 0.273000 0.000000 0.172500 0.245200 0.170900 0.271500 0.167100 0.242300 0.244400 0.200700 0.153000 0.225300 0.178300 0.153000 0.063600 0.134200 0.172500 0.316000 0.170900 0.251700 0.222700 0.242700 0.020900 0.220500 0.313400 0.169700 0.150600 0.244400 0.153000 0.267700 0.197400 0.130100 0.043600 0.263100 0.020300 0.083500 0.244400 0.191200 0.279900 0.278000 0.215900 0.215900 0.244400 0.239800
goat 0.040500 0.220100 0.104100 0.314900 0.103200 0.040500 0.061400 0.143600 0.126300 0.172500 0.000000 0.103600 0.081100 0.124300 0.079300 0.102400 0.189900 0.149800 0.020400 0.083600 0.084200 0.020400 0.153400 0.131800 0.000000 0.212500 0.081100 0.106000 0.082800 0.146100 0.151600 0.081900 0.153400 0.080600 0.103700 0.103100 0.020400 0.122700 0.105000 0.174900 0.131800 0.205700 0.192900 0.083100 0.103100 0.100500 0.139700 0.127000 0.080300 0.080300 0.103100 0.144300
AfricanBuf 0.105100 0.299200 0.084100 0.371400 0.147600 0.105100 0.126500 0.187700 0.104300 0.245200 0.103600 0.000000 0.148000 0.169300 0.142900 0.169100 0.215300 0.173300 0.083900 0.062100 0.152600 0.083900 0.226600 0.204300 0.103600 0.285800 0.146300 0.084000 0.149400 0.124100 0.223900 0.147800 0.179300 0.145300 0.171200 0.041500 0.083900 0.167300 0.173300 0.248800 0.206400 0.284100 0.266000 0.150000 0.040200 0.165900 0.205700 0.151400 0.101500 0.101500 0.081800 0.122600
Topi 0.082400 0.220400 0.147200 0.339900 0.147200 0.082400 0.103300 0.186900 0.170300 0.170900 0.081100 0.148000 0.000000 0.169100 0.120000 0.145900 0.237500 0.195000 0.062500 0.126600 0.127700 0.061600 0.199800 0.177800 0.081100 0.258100 0.000000 0.149900 0.125400 0.190100 0.197200 0.124200 0.201600 0.039200 0.061200 0.145800 0.061600 0.166800 0.148600 0.221500 0.179600 0.254900 0.191300 0.126000 0.147100 0.142300 0.181700 0.172800 0.121700 0.121700 0.145800 0.187400
CommonDuik 0.125200 0.269700 0.125700 0.422700 0.123000 0.125200 0.104700 0.189700 0.103900 0.271500 0.124300 0.169300 0.169100 0.000000 0.121500 0.146600 0.239400 0.198100 0.105800 0.105200 0.129500 0.105800 0.253100 0.230100 0.124300 0.262700 0.169100 0.128000 0.127100 0.168000 0.249600 0.082300 0.202000 0.167800 0.195000 0.124400 0.105800 0.142400 0.150800 0.275600 0.228200 0.259300 0.292800 0.173600 0.124400 0.101000 0.161100 0.173900 0.123300 0.123300 0.124400 0.165900
Suni 0.080400 0.215100 0.100900 0.359200 0.100800 0.080400 0.059500 0.139400 0.122500 0.167100 0.079300 0.142900 0.120000 0.121500 0.000000 0.058500 0.185700 0.145500 0.060200 0.082400 0.081700 0.060200 0.194500 0.173200 0.079300 0.206100 0.120000 0.102700 0.080400 0.141700 0.148200 0.079500 0.196300 0.119200 0.143200 0.102100 0.060200 0.120100 0.101800 0.213800 0.174800 0.199000 0.186900 0.122900 0.100000 0.097600 0.135700 0.124200 0.078000 0.078000 0.100000 0.057900
Springbuck 0.104000 0.245100 0.125200 0.395800 0.125100 0.104000 0.082100 0.121600 0.147800 0.242300 0.102400 0.169100 0.145900 0.146600 0.058500 0.000000 0.213500 0.171700 0.082900 0.104700 0.063100 0.084400 0.223900 0.201800 0.102400 0.188200 0.144700 0.127500 0.061200 0.167400 0.221200 0.102700 0.226000 0.143700 0.169300 0.124000 0.082900 0.144800 0.082700 0.245800 0.203900 0.179600 0.262900 0.148300 0.124000 0.121000 0.117900 0.149900 0.100700 0.100700 0.124000 0.122100
Okapi 0.193100 0.244100 0.170500 0.364500 0.213600 0.193100 0.170800 0.143600 0.194500 0.244400 0.189900 0.215300 0.237500 0.239400 0.185700 0.213500 0.000000 0.083000 0.172600 0.149800 0.151400 0.172600 0.226100 0.203300 0.189900 0.284400 0.237500 0.173700 0.194300 0.167500 0.222700 0.192700 0.225000 0.235700 0.217400 0.168800 0.172600 0.235500 0.172900 0.198000 0.203800 0.230900 0.265600 0.149300 0.168800 0.165000 0.251400 0.149100 0.143900 0.143900 0.168800 0.210900
Giraffe 0.152300 0.202200 0.128500 0.298700 0.175000 0.152300 0.128700 0.146400 0.150200 0.200700 0.149800 0.173300 0.195000 0.198100 0.145500 0.171700 0.083000 0.000000 0.130100 0.108500 0.108700 0.130100 0.181500 0.159000 0.149800 0.241500 0.195000 0.132100 0.151900 0.126400 0.176800 0.150500 0.182300 0.193500 0.174500 0.127200 0.130100 0.195300 0.130200 0.155600 0.160600 0.185200 0.221900 0.107200 0.127200 0.124400 0.209800 0.107800 0.103200 0.103200 0.127400 0.169600
TibetanAnt 0.020700 0.202600 0.084300 0.298800 0.084300 0.020700 0.041500 0.124700 0.106700 0.153000 0.020400 0.083900 0.062500 0.105800 0.060200 0.082900 0.172600 0.130100 0.000000 0.065000 0.064000 0.000000 0.133400 0.111400 0.020400 0.193600 0.061600 0.085900 0.063900 0.126700 0.131700 0.062300 0.134600 0.061200 0.084100 0.083500 0.000000 0.104400 0.085100 0.155100 0.112400 0.185500 0.173800 0.063200 0.083500 0.081500 0.121200 0.108200 0.061400 0.062000 0.085400 0.125200
Sitatunga 0.084900 0.228100 0.020500 0.351200 0.083700 0.084900 0.062800 0.124300 0.041400 0.225300 0.083600 0.062100 0.126600 0.105200 0.082400 0.104700 0.149800 0.108500 0.065000 0.000000 0.086300 0.063500 0.206300 0.183600 0.083600 0.217600 0.126600 0.021400 0.084700 0.061600 0.203600 0.083900 0.158600 0.125700 0.151400 0.020300 0.063600 0.103700 0.107600 0.228700 0.185500 0.211300 0.246500 0.129900 0.020300 0.102900 0.143000 0.085900 0.041400 0.040400 0.020300 0.060600
Oribi 0.085600 0.230100 0.107300 0.328700 0.107300 0.085600 0.063400 0.061400 0.130500 0.178300 0.084200 0.152600 0.127700 0.129500 0.081700 0.063100 0.151400 0.108700 0.064000 0.086300 0.000000 0.065000 0.156900 0.136300 0.084200 0.126700 0.127400 0.109400 0.042100 0.150700 0.156700 0.084600 0.210200 0.126700 0.107100 0.106300 0.064000 0.127700 0.021100 0.181000 0.137700 0.113800 0.199500 0.085300 0.106300 0.103800 0.100100 0.132500 0.082800 0.082800 0.106300 0.148300
BarbaryShe 0.020700 0.202600 0.084300 0.298800 0.084300 0.020700 0.041500 0.124700 0.106700 0.153000 0.020400 0.083900 0.061600 0.105800 0.060200 0.084400 0.172600 0.130100 0.000000 0.063500 0.065000 0.000000 0.133400 0.111400 0.020400 0.193600 0.062800 0.085900 0.062900 0.126700 0.131700 0.063600 0.134600 0.062600 0.084100 0.083500 0.000000 0.104400 0.085700 0.155100 0.112400 0.185500 0.173800 0.063500 0.085200 0.081500 0.121200 0.108200 0.061200 0.062800 0.083500 0.125200
Daviddeer 0.156100 0.260200 0.228300 0.277800 0.228700 0.156100 0.179000 0.221200 0.254500 0.063600 0.153400 0.226600 0.199800 0.253100 0.194500 0.223900 0.226100 0.181500 0.133400 0.206300 0.156900 0.133400 0.000000 0.113900 0.153400 0.298200 0.199800 0.232700 0.203800 0.224300 0.043300 0.201800 0.294500 0.198200 0.178800 0.225900 0.133400 0.196500 0.181100 0.111200 0.022200 0.243600 0.062700 0.064200 0.225900 0.172700 0.263700 0.259300 0.198400 0.196700 0.226100 0.271200
Reindeer 0.134000 0.289800 0.205100 0.337800 0.206000 0.134000 0.156900 0.196500 0.231600 0.134200 0.131800 0.204300 0.177800 0.230100 0.173200 0.201800 0.203300 0.159000 0.111400 0.183600 0.136300 0.111400 0.113900 0.000000 0.131800 0.275500 0.177800 0.209800 0.181500 0.202100 0.112200 0.179700 0.215500 0.176100 0.156700 0.203600 0.111400 0.227000 0.158700 0.136200 0.092200 0.274100 0.155300 0.043100 0.203600 0.151300 0.240700 0.235900 0.174200 0.175800 0.203600 0.248800
Ibex 0.040500 0.220100 0.104100 0.314900 0.103200 0.040500 0.061400 0.143600 0.126300 0.172500 0.000000 0.103600 0.081100 0.124300 0.079300 0.102400 0.189900 0.149800 0.020400 0.083600 0.084200 0.020400 0.153400 0.131800 0.000000 0.212500 0.081100 0.106000 0.082800 0.146100 0.151600 0.081900 0.153400 0.080600 0.103700 0.103100 0.020400 0.122700 0.105000 0.174900 0.131800 0.205700 0.192900 0.083100 0.103100 0.100500 0.139700 0.127000 0.080300 0.080300 0.103100 0.144300
GyrantGaze 0.216800 0.268800 0.238600 0.424000 0.238800 0.216800 0.191600 0.185500 0.263700 0.316000 0.212500 0.285800 0.258100 0.262700 0.206100 0.188200 0.284400 0.241500 0.193600 0.217600 0.126700 0.193600 0.298200 0.275500 0.212500 0.000000 0.258100 0.243100 0.169000 0.283300 0.294500 0.213300 0.301600 0.256200 0.237900 0.236300 0.193600 0.258500 0.147500 0.320900 0.279500 0.107900 0.336900 0.216400 0.236300 0.230600 0.224400 0.219100 0.209000 0.209000 0.236300 0.279800
Hartebeest 0.082400 0.220400 0.147600 0.339900 0.147200 0.082400 0.103300 0.186900 0.170300 0.170900 0.081100 0.146300 0.000000 0.169100 0.120000 0.144700 0.237500 0.195000 0.061600 0.126600 0.127400 0.062800 0.199800 0.177800 0.081100 0.258100 0.000000 0.149900 0.125400 0.189800 0.197200 0.124500 0.201600 0.039200 0.060500 0.145800 0.061600 0.166800 0.148600 0.221500 0.179600 0.254900 0.191300 0.126000 0.145800 0.142300 0.181700 0.172800 0.121700 0.121700 0.145800 0.187400
Bongo 0.107700 0.254700 0.041600 0.381000 0.106100 0.107700 0.041700 0.147100 0.020600 0.251700 0.106000 0.084000 0.149900 0.128000 0.102700 0.127500 0.173700 0.132100 0.085900 0.021400 0.109400 0.085900 0.232700 0.209800 0.106000 0.243100 0.149900 0.000000 0.107400 0.040900 0.229700 0.106300 0.184000 0.148800 0.175500 0.041200 0.085900 0.126300 0.131000 0.255500 0.212000 0.238400 0.273000 0.153800 0.041200 0.125200 0.165700 0.108900 0.062500 0.062600 0.041200 0.060700
Gerenuk 0.084100 0.225300 0.105500 0.376400 0.105400 0.084100 0.062300 0.102800 0.128100 0.222700 0.082800 0.149400 0.125400 0.127100 0.080400 0.061200 0.194300 0.151900 0.063900 0.084700 0.042100 0.062900 0.203800 0.181500 0.082800 0.169000 0.125400 0.107400 0.000000 0.148000 0.201300 0.083100 0.205700 0.124500 0.149800 0.104500 0.062900 0.125400 0.062700 0.226000 0.183300 0.159000 0.243600 0.128600 0.104500 0.102000 0.099300 0.130000 0.082400 0.081400 0.104500 0.146300
CommonElan 0.148400 0.245600 0.081800 0.367100 0.146400 0.148400 0.082000 0.186300 0.061800 0.242700 0.146100 0.124100 0.190100 0.168000 0.141700 0.167400 0.167500 0.126400 0.126700 0.061600 0.150700 0.126700 0.224300 0.202100 0.146100 0.283300 0.189800 0.040900 0.148000 0.000000 0.221500 0.146500 0.226200 0.188400 0.216000 0.081000 0.126700 0.166000 0.171800 0.246300 0.204200 0.281600 0.263400 0.148500 0.081000 0.121200 0.204200 0.150000 0.100700 0.060500 0.040800 0.099600
MuntiacusR 0.154200 0.256400 0.223800 0.302600 0.225700 0.154200 0.176800 0.218300 0.251200 0.020900 0.151600 0.223900 0.197200 0.249600 0.148200 0.221200 0.222700 0.176800 0.131700 0.203600 0.156700 0.131700 0.043300 0.112200 0.151600 0.294500 0.197200 0.229700 0.201300 0.221500 0.000000 0.199300 0.290200 0.195800 0.176500 0.223000 0.131700 0.246200 0.178800 0.109700 0.021900 0.240000 0.041600 0.063700 0.223000 0.170600 0.259100 0.255700 0.195100 0.195100 0.223000 0.218800
HarveysDui 0.083200 0.223100 0.104400 0.372400 0.104400 0.083200 0.061600 0.144300 0.126800 0.220500 0.081900 0.147800 0.124200 0.082300 0.079500 0.102700 0.192700 0.150500 0.062300 0.083900 0.084600 0.063600 0.201800 0.179700 0.081900 0.213300 0.124500 0.106300 0.083100 0.146500 0.199300 0.000000 0.203700 0.123300 0.148300 0.103400 0.064000 0.124200 0.105900 0.223800 0.181500 0.206600 0.241300 0.127300 0.103400 0.059500 0.118900 0.128700 0.080600 0.080600 0.105200 0.144700
Pronghorn 0.156000 0.258800 0.180500 0.331100 0.228400 0.156000 0.180700 0.246500 0.156400 0.313400 0.153400 0.179300 0.201600 0.202000 0.196300 0.226000 0.225000 0.182300 0.134600 0.158600 0.210200 0.134600 0.294500 0.215500 0.153400 0.301600 0.201600 0.184000 0.205700 0.226200 0.290200 0.203700 0.000000 0.200000 0.230100 0.178600 0.134600 0.249200 0.233200 0.262200 0.270300 0.245100 0.335800 0.207400 0.178600 0.222200 0.264900 0.110500 0.152000 0.151900 0.178600 0.223200
BlueWildeb 0.081800 0.218800 0.146100 0.337200 0.146100 0.081800 0.102600 0.185500 0.169000 0.169700 0.080600 0.145300 0.039200 0.167800 0.119200 0.143700 0.235700 0.193500 0.061200 0.125700 0.126700 0.062600 0.198200 0.176100 0.080600 0.256200 0.039200 0.148800 0.124500 0.188400 0.195800 0.123300 0.200000 0.000000 0.061400 0.144700 0.061200 0.165700 0.147500 0.219800 0.178200 0.252800 0.189900 0.125100 0.144700 0.141300 0.180400 0.171500 0.120800 0.120800 0.144700 0.186100
Gemsbok 0.105400 0.249100 0.172300 0.318900 0.172300 0.105400 0.127400 0.167200 0.196300 0.150600 0.103700 0.171200 0.061200 0.195000 0.143200 0.169300 0.217400 0.174500 0.084100 0.151400 0.107100 0.084100 0.178800 0.156700 0.103700 0.237900 0.060500 0.175500 0.149800 0.216000 0.176500 0.148300 0.230100 0.061400 0.000000 0.170600 0.084100 0.192300 0.128200 0.200600 0.158300 0.233300 0.171200 0.105700 0.170600 0.166500 0.206700 0.199500 0.145300 0.145300 0.170600 0.213300
Yak 0.104700 0.247300 0.041500 0.369800 0.103200 0.104700 0.083900 0.143100 0.061700 0.244400 0.103100 0.041500 0.145800 0.124400 0.102100 0.124000 0.168800 0.127200 0.083500 0.020300 0.106300 0.083500 0.225900 0.203600 0.103100 0.236300 0.145800 0.041200 0.104500 0.081000 0.223000 0.103400 0.178600 0.144700 0.170600 0.000000 0.083500 0.122900 0.127300 0.247900 0.205600 0.231300 0.265200 0.149400 0.000000 0.121900 0.161300 0.105900 0.059700 0.059700 0.040100 0.080000
BlueSheep 0.020700 0.202600 0.084300 0.298800 0.084300 0.020700 0.041500 0.124700 0.106700 0.153000 0.020400 0.083900 0.061600 0.105800 0.060200 0.082900 0.172600 0.130100 0.000000 0.063600 0.064000 0.000000 0.133400 0.111400 0.020400 0.193600 0.061600 0.085900 0.062900 0.126700 0.131700 0.064000 0.134600 0.061200 0.084100 0.083500 0.000000 0.104400 0.085100 0.155100 0.112400 0.185500 0.173800 0.063600 0.083500 0.081500 0.121200 0.108200 0.061000 0.061000 0.083500 0.125200
BohorReedb 0.081400 0.268600 0.124000 0.336100 0.058800 0.081400 0.103300 0.187000 0.146500 0.267700 0.122700 0.167300 0.166800 0.142400 0.120100 0.144800 0.235500 0.195300 0.104400 0.103700 0.127700 0.104400 0.196500 0.227000 0.122700 0.258500 0.166800 0.126300 0.125400 0.166000 0.246200 0.124200 0.249200 0.165700 0.192300 0.122900 0.104400 0.000000 0.148700 0.271700 0.227100 0.255300 0.265200 0.171200 0.122900 0.099700 0.181800 0.171500 0.121700 0.121700 0.122800 0.163800
KirksDik 0.106700 0.227900 0.128600 0.352100 0.128500 0.106700 0.084200 0.081600 0.151900 0.197400 0.105000 0.173300 0.148600 0.150800 0.101800 0.082700 0.172900 0.130200 0.085100 0.107600 0.021100 0.085700 0.181100 0.158700 0.105000 0.147500 0.148600 0.131000 0.062700 0.171800 0.178800 0.105900 0.233200 0.147500 0.128200 0.127300 0.085100 0.148700 0.000000 0.203300 0.160400 0.136300 0.221400 0.107100 0.128800 0.124200 0.121000 0.154300 0.103300 0.103300 0.127300 0.169700
RoeDeer 0.177900 0.281600 0.250600 0.328500 0.251000 0.177900 0.200900 0.242900 0.277200 0.130100 0.174900 0.248800 0.221500 0.275600 0.213800 0.245800 0.198000 0.155600 0.155100 0.228700 0.181000 0.155100 0.111200 0.136200 0.174900 0.320900 0.221500 0.255500 0.226000 0.246300 0.109700 0.223800 0.262200 0.219800 0.200600 0.247900 0.155100 0.271700 0.203300 0.000000 0.090000 0.213000 0.152200 0.083800 0.247900 0.193800 0.283900 0.229200 0.219000 0.219000 0.247900 0.293400
WhiteLippe 0.132900 0.234500 0.207900 0.280500 0.206200 0.132900 0.158500 0.201300 0.234100 0.043600 0.131800 0.206400 0.179600 0.228200 0.174800 0.203900 0.203800 0.160600 0.112400 0.185500 0.137700 0.112400 0.022200 0.092200 0.131800 0.279500 0.179600 0.212000 0.183300 0.204200 0.021900 0.181500 0.270300 0.178200 0.158300 0.205600 0.112400 0.227100 0.160400 0.090000 0.000000 0.222000 0.065000 0.043500 0.205600 0.152800 0.243200 0.236000 0.177500 0.177500 0.205600 0.251400
ThomsonGaz 0.209500 0.212000 0.233100 0.432100 0.233900 0.209500 0.183300 0.178700 0.260800 0.263100 0.205700 0.284100 0.254900 0.259300 0.199000 0.179600 0.230900 0.185200 0.185500 0.211300 0.113800 0.185500 0.243600 0.274100 0.205700 0.107900 0.254900 0.238400 0.159000 0.281600 0.240000 0.206600 0.245100 0.252800 0.233300 0.231300 0.185500 0.255300 0.136300 0.213000 0.222000 0.000000 0.285500 0.210400 0.231300 0.225500 0.219100 0.161700 0.200700 0.202200 0.231300 0.277600
MuntiacusC 0.196300 0.300700 0.267900 0.321800 0.268400 0.196300 0.218800 0.259900 0.294200 0.020300 0.192900 0.266000 0.191300 0.292800 0.186900 0.262900 0.265600 0.221900 0.173800 0.246500 0.199500 0.173800 0.062700 0.155300 0.192900 0.336900 0.191300 0.273000 0.243600 0.263400 0.041600 0.241300 0.335800 0.189900 0.171200 0.265200 0.173800 0.265200 0.221400 0.152200 0.065000 0.285500 0.000000 0.105600 0.265200 0.211400 0.300100 0.299600 0.236300 0.236300 0.265200 0.260200
WhiteTaile 0.084400 0.226900 0.150900 0.271800 0.151000 0.084400 0.105900 0.146500 0.176200 0.083500 0.083100 0.150000 0.126000 0.173600 0.122900 0.148300 0.149300 0.107200 0.063200 0.129900 0.085300 0.063500 0.064200 0.043100 0.083100 0.216400 0.126000 0.153800 0.128600 0.148500 0.063700 0.127300 0.207400 0.125100 0.105700 0.149400 0.063600 0.171200 0.107100 0.083800 0.043500 0.210400 0.105600 0.000000 0.149400 0.102000 0.186200 0.177600 0.124700 0.124700 0.149400 0.192100
Cattle 0.104700 0.247300 0.040900 0.369800 0.103200 0.104700 0.082600 0.143100 0.061800 0.244400 0.103100 0.040200 0.147100 0.124400 0.100000 0.124000 0.168800 0.127200 0.083500 0.020300 0.106300 0.085200 0.225900 0.203600 0.103100 0.236300 0.145800 0.041200 0.104500 0.081000 0.223000 0.103400 0.178600 0.144700 0.170600 0.000000 0.083500 0.122900 0.128800 0.247900 0.205600 0.231300 0.265200 0.149400 0.000000 0.121900 0.161300 0.105900 0.059700 0.060200 0.040100 0.081300
RoyalAntel 0.060100 0.193400 0.123000 0.283700 0.123100 0.060100 0.080700 0.162100 0.145300 0.191200 0.100500 0.165900 0.142300 0.101000 0.097600 0.121000 0.165000 0.124400 0.081500 0.102900 0.103800 0.081500 0.172700 0.151300 0.100500 0.230600 0.142300 0.125200 0.102000 0.121200 0.170600 0.059500 0.222200 0.141300 0.166500 0.121900 0.081500 0.099700 0.124200 0.193800 0.152800 0.225500 0.211400 0.102000 0.121900 0.000000 0.136100 0.147500 0.099000 0.099000 0.121900 0.162500
Steenbok 0.141800 0.283400 0.162800 0.408200 0.162800 0.141800 0.120000 0.158000 0.185400 0.279900 0.139700 0.205700 0.181700 0.161100 0.135700 0.117900 0.251400 0.209800 0.121200 0.143000 0.100100 0.121200 0.263700 0.240700 0.139700 0.224400 0.181700 0.165700 0.099300 0.204200 0.259100 0.118900 0.264900 0.180400 0.206700 0.161300 0.121200 0.181800 0.121000 0.283900 0.243200 0.219100 0.300100 0.186200 0.161300 0.136100 0.000000 0.188200 0.137600 0.137600 0.161300 0.201700
Impala 0.129100 0.177800 0.106900 0.350300 0.151300 0.129100 0.107100 0.125200 0.129900 0.278000 0.127000 0.151400 0.172800 0.173900 0.124200 0.149900 0.149100 0.107800 0.108200 0.085900 0.132500 0.108200 0.259300 0.235900 0.127000 0.219100 0.172800 0.108900 0.130000 0.150000 0.255700 0.128700 0.110500 0.171500 0.199500 0.105900 0.108200 0.171500 0.154300 0.229200 0.236000 0.161700 0.299600 0.177600 0.105900 0.147500 0.188200 0.000000 0.082500 0.082500 0.105800 0.148100
Klipspring 0.081500 0.218400 0.060300 0.335900 0.102200 0.081500 0.060400 0.119600 0.081300 0.215900 0.080300 0.101500 0.121700 0.123300 0.078000 0.100700 0.143900 0.103200 0.061400 0.041400 0.082800 0.061200 0.198400 0.174200 0.080300 0.209000 0.121700 0.062500 0.082400 0.100700 0.195100 0.080600 0.152000 0.120800 0.145300 0.059700 0.061000 0.121700 0.103300 0.219000 0.177500 0.200700 0.236300 0.124700 0.059700 0.099000 0.137600 0.082500 0.000000 0.038800 0.059700 0.099500
ForestMusk 0.081500 0.218400 0.060300 0.335900 0.102300 0.081500 0.060400 0.119600 0.081300 0.215900 0.080300 0.101500 0.121700 0.123300 0.078000 0.100700 0.143900 0.103200 0.062000 0.040400 0.082800 0.062800 0.196700 0.175800 0.080300 0.209000 0.121700 0.062600 0.081400 0.060500 0.195100 0.080600 0.151900 0.120800 0.145300 0.059700 0.061000 0.121700 0.103300 0.219000 0.177500 0.202200 0.236300 0.124700 0.060200 0.099000 0.137600 0.082500 0.038800 0.000000 0.019600 0.099500
Bushbuck 0.104700 0.247300 0.040400 0.369800 0.103200 0.104700 0.082600 0.143100 0.062600 0.244400 0.103100 0.081800 0.145800 0.124400 0.100000 0.124000 0.168800 0.127400 0.085400 0.020300 0.106300 0.083500 0.226100 0.203600 0.103100 0.236300 0.145800 0.041200 0.104500 0.040800 0.223000 0.105200 0.178600 0.144700 0.170600 0.040100 0.083500 0.122800 0.127300 0.247900 0.205600 0.231300 0.265200 0.149400 0.040100 0.121900 0.161300 0.105800 0.059700 0.019600 0.000000 0.080000
GreaterKud 0.146500 0.292600 0.080800 0.417700 0.144500 0.146500 0.101600 0.185700 0.080400 0.239800 0.144300 0.122600 0.187400 0.165900 0.057900 0.122100 0.210900 0.169600 0.125200 0.060600 0.148300 0.125200 0.271200 0.248800 0.144300 0.279800 0.187400 0.060700 0.146300 0.099600 0.218800 0.144700 0.223200 0.186100 0.213300 0.080000 0.125200 0.163800 0.169700 0.293400 0.251400 0.277600 0.260200 0.192100 0.081300 0.162500 0.201700 0.148100 0.099500 0.099500 0.080000 0.000000
