1
52 1
Argali 0.000000 0.219900 0.046200 0.176900 0.070700 0.011200 0.034500 0.071600 0.057800 0.046500 0.034100 0.034700 0.069100 0.057400 0.080300 0.069700 0.109000 0.082700 0.034300 0.057100 0.069600 0.045800 0.070600 0.046500 0.034000 0.070200 0.057500 0.057100 0.058200 0.057100 0.070100 0.034500 0.147600 0.057500 0.058000 0.046100 0.034000 0.045900 0.058100 0.046500 0.058100 0.070200 0.046900 0.046600 0.046100 0.057500 0.058000 0.057300 0.034600 0.096900 0.057100 0.045700
LesserMous 0.219900 0.000000 0.221500 0.140900 0.223500 0.203800 0.178200 0.225400 0.234800 0.165600 0.176300 0.179300 0.203100 0.175100 0.145600 0.249600 0.240500 0.207200 0.205800 0.231300 0.219300 0.219600 0.194000 0.165600 0.175800 0.221600 0.190000 0.231300 0.207300 0.231200 0.192400 0.178200 0.284800 0.203600 0.205700 0.205500 0.203800 0.219000 0.206700 0.165600 0.178200 0.221400 0.167400 0.166000 0.205500 0.175800 0.191600 0.204800 0.178700 0.228200 0.231300 0.218600
LesserKudu 0.046200 0.221500 0.000000 0.178000 0.071200 0.034200 0.034700 0.071400 0.034300 0.046800 0.034300 0.034900 0.069500 0.057700 0.080700 0.070000 0.109800 0.083200 0.034500 0.033900 0.070000 0.046100 0.071100 0.046800 0.034200 0.070700 0.057800 0.033900 0.058600 0.033900 0.070600 0.034700 0.148400 0.057800 0.058300 0.046300 0.034200 0.070000 0.058500 0.046800 0.058400 0.070600 0.047200 0.046900 0.046300 0.057800 0.070400 0.056800 0.034800 0.097600 0.033900 0.022500
KillerWhal 0.176900 0.140900 0.178000 0.000000 0.179100 0.162000 0.136900 0.180900 0.176600 0.124500 0.162500 0.137700 0.174400 0.161600 0.159200 0.205000 0.195700 0.164700 0.163300 0.188400 0.162200 0.162600 0.151600 0.124500 0.162100 0.178200 0.161700 0.188400 0.164400 0.188300 0.150600 0.136900 0.222700 0.161700 0.163300 0.163200 0.161900 0.175800 0.149900 0.124500 0.137000 0.178100 0.123800 0.124800 0.163200 0.162200 0.149700 0.161200 0.137200 0.140800 0.188400 0.175900
DefassaWat 0.070700 0.223500 0.071200 0.179100 0.000000 0.058200 0.034900 0.072400 0.083100 0.047100 0.058400 0.034600 0.069900 0.058000 0.081100 0.095500 0.110500 0.083700 0.058700 0.070000 0.070500 0.070600 0.071600 0.047100 0.058200 0.071100 0.058100 0.082100 0.059000 0.082000 0.071000 0.034900 0.149300 0.058100 0.058600 0.058500 0.058200 0.022700 0.058800 0.047100 0.058800 0.071000 0.047600 0.047200 0.058500 0.058200 0.070800 0.057100 0.035000 0.098300 0.070000 0.070400
Sheep 0.011200 0.203800 0.034200 0.162000 0.058200 0.000000 0.021800 0.058800 0.045600 0.034300 0.022500 0.022800 0.056800 0.045100 0.067900 0.057100 0.095600 0.069900 0.022500 0.045100 0.057100 0.033800 0.057900 0.033700 0.022200 0.057800 0.045400 0.045100 0.045800 0.045000 0.057700 0.022000 0.133300 0.045400 0.043400 0.034000 0.021800 0.033900 0.045700 0.034300 0.045700 0.057700 0.034800 0.034500 0.034000 0.045400 0.057400 0.044500 0.022800 0.083700 0.045100 0.033800
MaxwellsDu 0.034500 0.178200 0.034700 0.136900 0.034900 0.021800 0.000000 0.035300 0.046300 0.011200 0.022800 0.000100 0.034100 0.022600 0.045200 0.057900 0.071700 0.046600 0.022800 0.045700 0.034200 0.034300 0.035000 0.011200 0.022600 0.034600 0.022700 0.045700 0.022900 0.045700 0.034600 0.000000 0.108900 0.022700 0.022700 0.022800 0.022600 0.034300 0.022200 0.011400 0.022800 0.034600 0.011600 0.011500 0.022800 0.022700 0.034400 0.020500 0.000100 0.059700 0.045700 0.034300
GazellaPrz 0.071600 0.225400 0.071400 0.180900 0.072400 0.058800 0.035300 0.000000 0.083500 0.047600 0.059100 0.035500 0.070700 0.058600 0.082000 0.071600 0.111600 0.084600 0.059400 0.082500 0.046900 0.071400 0.072300 0.047600 0.058900 0.047400 0.058800 0.082500 0.035400 0.082400 0.071700 0.035300 0.124100 0.058800 0.059300 0.059200 0.058800 0.071200 0.035300 0.047600 0.059400 0.047300 0.048100 0.047700 0.059200 0.058800 0.047200 0.057700 0.035400 0.099200 0.082500 0.070700
MountainNy 0.057800 0.234800 0.034300 0.176600 0.083100 0.045600 0.046300 0.083500 0.000000 0.058500 0.045800 0.046600 0.081100 0.069300 0.092300 0.081800 0.122100 0.095100 0.046000 0.022300 0.057700 0.034200 0.083000 0.058500 0.045600 0.082500 0.069400 0.022300 0.070400 0.022200 0.082400 0.046300 0.134400 0.045600 0.070000 0.057900 0.045600 0.081700 0.046300 0.058500 0.070200 0.082400 0.046900 0.058600 0.057900 0.069500 0.082200 0.068700 0.046400 0.084400 0.022300 0.010900
MuntiacusM 0.046500 0.165600 0.046800 0.124500 0.047100 0.034300 0.011200 0.047600 0.058500 0.000000 0.034600 0.011500 0.045900 0.034200 0.057100 0.070300 0.059800 0.034900 0.034600 0.057800 0.046200 0.046300 0.023200 0.000000 0.034300 0.046700 0.034400 0.057800 0.034800 0.057800 0.023100 0.011200 0.096800 0.034400 0.033200 0.033500 0.034300 0.046300 0.033900 0.000000 0.011200 0.046700 0.000100 0.000000 0.034500 0.034400 0.046400 0.033000 0.011500 0.047800 0.057800 0.046300
goat 0.034100 0.176300 0.034300 0.162500 0.058400 0.022500 0.022800 0.059100 0.045800 0.034600 0.000000 0.022900 0.057100 0.022400 0.044800 0.057500 0.096000 0.070200 0.022600 0.045300 0.057500 0.034100 0.058300 0.034600 0.000000 0.058000 0.045600 0.045300 0.046200 0.045200 0.057900 0.022800 0.133900 0.045600 0.045900 0.034200 0.022500 0.057500 0.046100 0.034600 0.046000 0.057900 0.034900 0.034600 0.034200 0.045600 0.057800 0.044100 0.022900 0.084000 0.045300 0.034000
AfricanBuf 0.034700 0.179300 0.034900 0.137700 0.034600 0.022800 0.000100 0.035500 0.046600 0.011500 0.022900 0.000000 0.034300 0.022800 0.045500 0.058500 0.072100 0.046900 0.023000 0.046000 0.034500 0.034600 0.035100 0.011500 0.022900 0.034800 0.022800 0.046000 0.023100 0.046000 0.034800 0.000100 0.109500 0.022800 0.023000 0.023000 0.022800 0.034100 0.023100 0.011500 0.023100 0.034800 0.011700 0.011600 0.023000 0.022800 0.034700 0.018700 0.000100 0.060100 0.046000 0.034500
Topi 0.069100 0.203100 0.069500 0.174400 0.069900 0.056800 0.034100 0.070700 0.081100 0.045900 0.057100 0.034300 0.000000 0.056700 0.079300 0.093200 0.107600 0.081600 0.057300 0.080200 0.068800 0.068900 0.069800 0.045900 0.056900 0.069400 0.011000 0.080200 0.057500 0.080100 0.069300 0.034100 0.145600 0.032800 0.033800 0.057200 0.056800 0.068700 0.057400 0.045900 0.057400 0.069300 0.046400 0.046000 0.057200 0.056800 0.069100 0.055700 0.034200 0.095700 0.080200 0.068800
CommonDuik 0.057400 0.175100 0.057700 0.161600 0.058000 0.045100 0.022600 0.058600 0.069300 0.034200 0.022400 0.022800 0.056700 0.000000 0.044500 0.080900 0.095400 0.069800 0.045500 0.068500 0.056900 0.057100 0.057700 0.034200 0.021700 0.057600 0.045300 0.068500 0.045700 0.068400 0.057600 0.022600 0.133000 0.045300 0.043300 0.043200 0.022300 0.057100 0.045600 0.034200 0.045600 0.057600 0.034700 0.034400 0.045400 0.045300 0.057200 0.044300 0.022700 0.083500 0.068500 0.057100
Suni 0.080300 0.145600 0.080700 0.159200 0.081100 0.067900 0.045200 0.082000 0.092300 0.057100 0.044800 0.045500 0.079300 0.044500 0.000000 0.104400 0.119100 0.092900 0.068500 0.091300 0.079900 0.080100 0.081000 0.057100 0.044700 0.080600 0.067800 0.091300 0.068700 0.091200 0.080500 0.045200 0.157200 0.067800 0.068400 0.068300 0.067900 0.079800 0.068600 0.057100 0.068500 0.080500 0.057700 0.057200 0.068300 0.044600 0.080200 0.066400 0.045300 0.107300 0.091300 0.079900
Springbuck 0.069700 0.249600 0.070000 0.205000 0.095500 0.057100 0.057900 0.071600 0.081800 0.070300 0.057500 0.058500 0.093200 0.080900 0.104400 0.000000 0.135000 0.107600 0.033000 0.080800 0.069300 0.069200 0.095500 0.070300 0.057100 0.046100 0.081400 0.080800 0.034300 0.080800 0.094600 0.057900 0.147500 0.081400 0.081800 0.069600 0.057100 0.093900 0.057900 0.070300 0.081900 0.046000 0.071200 0.070700 0.069600 0.081400 0.069700 0.081200 0.058300 0.096500 0.080800 0.069300
Okapi 0.109000 0.240500 0.109800 0.195700 0.110500 0.095600 0.071700 0.111600 0.122100 0.059800 0.096000 0.072100 0.107600 0.095400 0.119100 0.135000 0.000000 0.022900 0.096500 0.120500 0.108600 0.096400 0.084800 0.059800 0.095700 0.109700 0.095500 0.120500 0.097000 0.120400 0.084100 0.071700 0.135100 0.095500 0.096400 0.096300 0.095600 0.108500 0.096800 0.059800 0.071700 0.109500 0.060400 0.059900 0.096300 0.095700 0.109200 0.095200 0.071900 0.112400 0.120500 0.108500
Giraffe 0.082700 0.207200 0.083200 0.164700 0.083700 0.069900 0.046600 0.084600 0.095100 0.034900 0.070200 0.046900 0.081600 0.069800 0.092900 0.107600 0.022900 0.000000 0.070500 0.094000 0.082300 0.070500 0.059000 0.034900 0.070000 0.083100 0.069900 0.094000 0.070800 0.093900 0.058600 0.046600 0.107700 0.069900 0.070500 0.070400 0.070000 0.082300 0.070700 0.034900 0.046600 0.083000 0.035300 0.035000 0.070400 0.069900 0.082700 0.069100 0.046700 0.085100 0.094000 0.082300
TibetanAnt 0.034300 0.205800 0.034500 0.163300 0.058700 0.022500 0.022800 0.059400 0.046000 0.034600 0.022600 0.023000 0.057300 0.045500 0.068500 0.033000 0.096500 0.070500 0.000000 0.045400 0.057500 0.033300 0.057800 0.034600 0.022500 0.058300 0.045800 0.045500 0.046200 0.045400 0.058200 0.022800 0.134500 0.045800 0.046000 0.034300 0.021800 0.057700 0.046100 0.033500 0.046100 0.058200 0.035000 0.034800 0.034300 0.045800 0.057900 0.044800 0.022900 0.084400 0.045400 0.034100
Sitatunga 0.057100 0.231300 0.033900 0.188400 0.070000 0.045100 0.045700 0.082500 0.022300 0.057800 0.045300 0.046000 0.080200 0.068500 0.091300 0.080800 0.120500 0.094000 0.045400 0.000000 0.080800 0.057000 0.082000 0.057800 0.045100 0.081500 0.068600 0.022100 0.069500 0.022100 0.081400 0.045700 0.159000 0.045100 0.069200 0.057300 0.045100 0.068900 0.069400 0.057800 0.069300 0.081500 0.058400 0.057900 0.057300 0.068700 0.081200 0.067800 0.045900 0.108500 0.000000 0.011100
Oribi 0.069600 0.219300 0.070000 0.162200 0.070500 0.057100 0.034200 0.046900 0.057700 0.046200 0.057500 0.034500 0.068800 0.056900 0.079900 0.069300 0.108600 0.082300 0.057500 0.080800 0.000000 0.045600 0.070100 0.045200 0.057000 0.046100 0.057200 0.080800 0.034300 0.057000 0.069900 0.034200 0.095500 0.057200 0.057500 0.057400 0.057100 0.069300 0.011100 0.046200 0.057700 0.046000 0.034800 0.046400 0.057400 0.057300 0.045800 0.056600 0.034400 0.071600 0.080800 0.069300
BarbaryShe 0.045800 0.219600 0.046100 0.162600 0.070600 0.033800 0.034300 0.071400 0.034200 0.046300 0.034100 0.034600 0.068900 0.057100 0.080100 0.069200 0.096400 0.070500 0.033300 0.057000 0.045600 0.000000 0.070300 0.046300 0.033800 0.070100 0.057300 0.057000 0.057900 0.056900 0.070000 0.033700 0.108600 0.057300 0.057600 0.045400 0.033000 0.069400 0.034300 0.046300 0.057800 0.070000 0.034900 0.046500 0.045800 0.057400 0.069600 0.056700 0.034500 0.071700 0.057000 0.045600
Daviddeer 0.070600 0.194000 0.071100 0.151600 0.071600 0.057900 0.035000 0.072300 0.083000 0.023200 0.058300 0.035100 0.069800 0.057700 0.081000 0.095500 0.084800 0.059000 0.057800 0.082000 0.070100 0.070300 0.000000 0.022700 0.057900 0.071000 0.058000 0.082000 0.058700 0.081900 0.046700 0.034700 0.109800 0.058000 0.058400 0.058300 0.057900 0.070300 0.058600 0.023200 0.011400 0.070900 0.023500 0.023300 0.058300 0.058100 0.070500 0.057500 0.035000 0.072700 0.082000 0.070300
Reindeer 0.046500 0.165600 0.046800 0.124500 0.047100 0.033700 0.011200 0.047600 0.058500 0.000000 0.034600 0.011500 0.045900 0.034200 0.057100 0.070300 0.059800 0.034900 0.034600 0.057800 0.045200 0.046300 0.022700 0.000000 0.034300 0.046700 0.034400 0.057800 0.034800 0.057800 0.023100 0.011200 0.096800 0.034400 0.034600 0.034500 0.034300 0.046300 0.034700 0.000000 0.011200 0.046700 0.000100 0.000000 0.034500 0.034400 0.046400 0.033000 0.011500 0.047800 0.057800 0.046300
Ibex 0.034000 0.175800 0.034200 0.162100 0.058200 0.022200 0.022600 0.058900 0.045600 0.034300 0.000000 0.022900 0.056900 0.021700 0.044700 0.057100 0.095700 0.070000 0.022500 0.045100 0.057000 0.033800 0.057900 0.034300 0.000000 0.057800 0.045400 0.045100 0.045900 0.045100 0.057800 0.022600 0.133500 0.045400 0.045600 0.034000 0.021700 0.057300 0.045800 0.034300 0.045800 0.057800 0.034800 0.034500 0.034000 0.045400 0.057400 0.044500 0.022800 0.083800 0.045100 0.033900
GyrantGaze 0.070200 0.221600 0.070700 0.178200 0.071100 0.057800 0.034600 0.047400 0.082500 0.046700 0.058000 0.034800 0.069400 0.057600 0.080600 0.046100 0.109700 0.083100 0.058300 0.081500 0.046100 0.070100 0.071000 0.046700 0.057800 0.000000 0.057700 0.081500 0.011400 0.081500 0.070500 0.034600 0.122000 0.057700 0.058200 0.034400 0.057800 0.069900 0.034600 0.046700 0.058400 0.000000 0.047200 0.046800 0.034400 0.057800 0.046300 0.056200 0.034700 0.071900 0.081500 0.069900
Hartebeest 0.057500 0.190000 0.057800 0.161700 0.058100 0.045400 0.022700 0.058800 0.069400 0.034400 0.045600 0.022800 0.011000 0.045300 0.067800 0.081400 0.095500 0.069900 0.045800 0.068600 0.057200 0.057300 0.058000 0.034400 0.045400 0.057700 0.000000 0.068600 0.046000 0.068500 0.057600 0.022700 0.133200 0.021700 0.022500 0.045700 0.045400 0.057200 0.045900 0.034400 0.045800 0.057700 0.034700 0.034500 0.045700 0.045400 0.057500 0.043900 0.022700 0.083600 0.068600 0.057200
Bongo 0.057100 0.231300 0.033900 0.188400 0.082100 0.045100 0.045700 0.082500 0.022300 0.057800 0.045300 0.046000 0.080200 0.068500 0.091300 0.080800 0.120500 0.094000 0.045500 0.022100 0.080800 0.057000 0.082000 0.057800 0.045100 0.081500 0.068600 0.000000 0.069500 0.021500 0.081400 0.045700 0.146100 0.045100 0.069200 0.057300 0.045100 0.080700 0.069400 0.057800 0.069300 0.081500 0.058400 0.057900 0.057300 0.068700 0.081200 0.067800 0.045900 0.108500 0.021500 0.011100
Gerenuk 0.058200 0.207300 0.058600 0.164400 0.059000 0.045800 0.022900 0.035400 0.070400 0.034800 0.046200 0.023100 0.057500 0.045700 0.068700 0.034300 0.097000 0.070800 0.046200 0.069500 0.034300 0.057900 0.058700 0.034800 0.045900 0.011400 0.046000 0.069500 0.000000 0.069500 0.058400 0.022900 0.109100 0.046000 0.046300 0.046100 0.045800 0.058000 0.022900 0.034800 0.046300 0.011400 0.035200 0.035000 0.043800 0.046000 0.034500 0.045100 0.023100 0.059600 0.069500 0.058000
CommonElan 0.057100 0.231200 0.033900 0.188300 0.082000 0.045000 0.045700 0.082400 0.022200 0.057800 0.045200 0.046000 0.080100 0.068400 0.091200 0.080800 0.120400 0.093900 0.045400 0.022100 0.057000 0.056900 0.081900 0.057800 0.045100 0.081500 0.068500 0.021500 0.069500 0.000000 0.081300 0.045700 0.158900 0.045100 0.069100 0.057200 0.045100 0.080700 0.069300 0.057800 0.069300 0.081400 0.058300 0.057900 0.057200 0.068600 0.081100 0.067800 0.045800 0.108500 0.022100 0.010800
MuntiacusR 0.070100 0.192400 0.070600 0.150600 0.071000 0.057700 0.034600 0.071700 0.082400 0.023100 0.057900 0.034800 0.069300 0.057600 0.080500 0.094600 0.084100 0.058600 0.058200 0.081400 0.069900 0.070000 0.046700 0.023100 0.057800 0.070500 0.057600 0.081400 0.058400 0.081300 0.000000 0.034600 0.121800 0.057600 0.058100 0.058100 0.057700 0.069800 0.058300 0.023100 0.034600 0.070200 0.023300 0.023100 0.058100 0.057700 0.070200 0.056600 0.034700 0.072200 0.081400 0.069800
HarveysDui 0.034500 0.178200 0.034700 0.136900 0.034900 0.022000 0.000000 0.035300 0.046300 0.011200 0.022800 0.000100 0.034100 0.022600 0.045200 0.057900 0.071700 0.046600 0.022800 0.045700 0.034200 0.033700 0.034700 0.011200 0.022600 0.034600 0.022700 0.045700 0.022900 0.045700 0.034600 0.000000 0.108900 0.022700 0.022800 0.022800 0.022200 0.034300 0.022900 0.011200 0.022300 0.034600 0.011600 0.011500 0.022800 0.022700 0.034400 0.020500 0.000100 0.059700 0.045700 0.034300
Pronghorn 0.147600 0.284800 0.148400 0.222700 0.149300 0.133300 0.108900 0.124100 0.134400 0.096800 0.133900 0.109500 0.145600 0.133000 0.157200 0.147500 0.135100 0.107700 0.134500 0.159000 0.095500 0.108600 0.109800 0.096800 0.133500 0.122000 0.133200 0.146100 0.109100 0.158900 0.121800 0.108900 0.000000 0.133200 0.134400 0.134300 0.133300 0.146700 0.083700 0.096800 0.096300 0.121800 0.084900 0.097000 0.134300 0.133400 0.121400 0.133300 0.109200 0.124900 0.159000 0.146800
BlueWildeb 0.057500 0.203600 0.057800 0.161700 0.058100 0.045400 0.022700 0.058800 0.045600 0.034400 0.045600 0.022800 0.032800 0.045300 0.067800 0.081400 0.095500 0.069900 0.045800 0.045100 0.057200 0.057300 0.058000 0.034400 0.045400 0.057700 0.021700 0.045100 0.046000 0.045100 0.057600 0.022700 0.133200 0.000000 0.022500 0.045700 0.045400 0.057200 0.045900 0.034400 0.045800 0.057700 0.034700 0.034500 0.045700 0.045400 0.057500 0.043900 0.022700 0.083600 0.045100 0.033900
Gemsbok 0.058000 0.205700 0.058300 0.163300 0.058600 0.043400 0.022700 0.059300 0.070000 0.033200 0.045900 0.023000 0.033800 0.043300 0.068400 0.081800 0.096400 0.070500 0.046000 0.069200 0.057500 0.057600 0.058400 0.034600 0.045600 0.058200 0.022500 0.069200 0.046300 0.069100 0.058100 0.022800 0.134400 0.022500 0.000000 0.043700 0.045600 0.057700 0.046100 0.033000 0.046100 0.058100 0.035000 0.034800 0.045900 0.045700 0.057800 0.044800 0.022900 0.084400 0.069200 0.057700
Yak 0.046100 0.205500 0.046300 0.163200 0.058500 0.034000 0.022800 0.059200 0.057900 0.033500 0.034200 0.023000 0.057200 0.043200 0.068300 0.069600 0.096300 0.070400 0.034300 0.057300 0.057400 0.045400 0.058300 0.034500 0.034000 0.034400 0.045700 0.057300 0.046100 0.057200 0.058100 0.022800 0.134300 0.045700 0.043700 0.000000 0.034000 0.057600 0.046000 0.034400 0.045700 0.034400 0.035000 0.034700 0.000000 0.045700 0.057700 0.044800 0.022900 0.084300 0.057300 0.045800
BlueSheep 0.034000 0.203800 0.034200 0.161900 0.058200 0.021800 0.022600 0.058800 0.045600 0.034300 0.022500 0.022800 0.056800 0.022300 0.067900 0.057100 0.095600 0.070000 0.021800 0.045100 0.057100 0.033000 0.057900 0.034300 0.021700 0.057800 0.045400 0.045100 0.045800 0.045100 0.057700 0.022200 0.133300 0.045400 0.045600 0.034000 0.000000 0.057200 0.045800 0.033800 0.045700 0.057700 0.034800 0.034500 0.034000 0.045400 0.056900 0.044500 0.022800 0.083700 0.045100 0.033900
BohorReedb 0.045900 0.219000 0.070000 0.175800 0.022700 0.033900 0.034300 0.071200 0.081700 0.046300 0.057500 0.034100 0.068700 0.057100 0.079800 0.093900 0.108500 0.082300 0.057700 0.068900 0.069300 0.069400 0.070300 0.046300 0.057300 0.069900 0.057200 0.080700 0.058000 0.080700 0.069800 0.034300 0.146700 0.057200 0.057700 0.057600 0.057200 0.000000 0.057900 0.046300 0.057800 0.069800 0.046700 0.046400 0.057600 0.057200 0.069600 0.056200 0.034400 0.096500 0.068900 0.069300
KirksDik 0.058100 0.206700 0.058500 0.149900 0.058800 0.045700 0.022200 0.035300 0.046300 0.033900 0.046100 0.023100 0.057400 0.045600 0.068600 0.057900 0.096800 0.070700 0.046100 0.069400 0.011100 0.034300 0.058600 0.034700 0.045800 0.034600 0.045900 0.069400 0.022900 0.069300 0.058300 0.022900 0.083700 0.045900 0.046100 0.046000 0.045800 0.057900 0.000000 0.034700 0.045000 0.034600 0.023300 0.034900 0.044700 0.045900 0.034400 0.045000 0.023000 0.059700 0.069400 0.057900
RoeDeer 0.046500 0.165600 0.046800 0.124500 0.047100 0.034300 0.011400 0.047600 0.058500 0.000000 0.034600 0.011500 0.045900 0.034200 0.057100 0.070300 0.059800 0.034900 0.033500 0.057800 0.046200 0.046300 0.023200 0.000000 0.034300 0.046700 0.034400 0.057800 0.034800 0.057800 0.023100 0.011200 0.096800 0.034400 0.033000 0.034400 0.033800 0.046300 0.034700 0.000000 0.011200 0.046700 0.000100 0.000000 0.034500 0.034400 0.046400 0.033000 0.011500 0.047800 0.057800 0.046300
WhiteLippe 0.058100 0.178200 0.058400 0.137000 0.058800 0.045700 0.022800 0.059400 0.070200 0.011200 0.046000 0.023100 0.057400 0.045600 0.068500 0.081900 0.071700 0.046600 0.046100 0.069300 0.057700 0.057800 0.011400 0.011200 0.045800 0.058400 0.045800 0.069300 0.046300 0.069300 0.034600 0.022300 0.096300 0.045800 0.046100 0.045700 0.045700 0.057800 0.045000 0.011200 0.000000 0.058300 0.011600 0.011500 0.046000 0.045900 0.057900 0.044900 0.023000 0.059800 0.069300 0.057800
ThomsonGaz 0.070200 0.221400 0.070600 0.178100 0.071000 0.057700 0.034600 0.047300 0.082400 0.046700 0.057900 0.034800 0.069300 0.057600 0.080500 0.046000 0.109500 0.083000 0.058200 0.081500 0.046000 0.070000 0.070900 0.046700 0.057800 0.000000 0.057700 0.081500 0.011400 0.081400 0.070200 0.034600 0.121800 0.057700 0.058100 0.034400 0.057700 0.069800 0.034600 0.046700 0.058300 0.000000 0.047200 0.046800 0.034400 0.057700 0.046300 0.056600 0.034700 0.071900 0.081500 0.069900
MuntiacusC 0.046900 0.167400 0.047200 0.123800 0.047600 0.034800 0.011600 0.048100 0.046900 0.000100 0.034900 0.011700 0.046400 0.034700 0.057700 0.071200 0.060400 0.035300 0.035000 0.058400 0.034800 0.034900 0.023500 0.000100 0.034800 0.047200 0.034700 0.058400 0.035200 0.058300 0.023300 0.011600 0.084900 0.034700 0.035000 0.035000 0.034800 0.046700 0.023300 0.000100 0.011600 0.047200 0.000000 0.000100 0.035000 0.034800 0.047000 0.032000 0.011600 0.036000 0.058400 0.046700
WhiteTaile 0.046600 0.166000 0.046900 0.124800 0.047200 0.034500 0.011500 0.047700 0.058600 0.000000 0.034600 0.011600 0.046000 0.034400 0.057200 0.070700 0.059900 0.035000 0.034800 0.057900 0.046400 0.046500 0.023300 0.000000 0.034500 0.046800 0.034500 0.057900 0.035000 0.057900 0.023100 0.011500 0.097000 0.034500 0.034800 0.034700 0.034500 0.046400 0.034900 0.000000 0.011500 0.046800 0.000100 0.000000 0.034700 0.034500 0.046700 0.032400 0.011500 0.047900 0.057900 0.046400
Cattle 0.046100 0.205500 0.046300 0.163200 0.058500 0.034000 0.022800 0.059200 0.057900 0.034500 0.034200 0.023000 0.057200 0.045400 0.068300 0.069600 0.096300 0.070400 0.034300 0.057300 0.057400 0.045800 0.058300 0.034500 0.034000 0.034400 0.045700 0.057300 0.043800 0.057200 0.058100 0.022800 0.134300 0.045700 0.045900 0.000000 0.034000 0.057600 0.044700 0.034500 0.046000 0.034400 0.035000 0.034700 0.000000 0.045700 0.057700 0.044800 0.022900 0.084300 0.057300 0.045800
RoyalAntel 0.057500 0.175800 0.057800 0.162200 0.058200 0.045400 0.022700 0.058800 0.069500 0.034400 0.045600 0.022800 0.056800 0.045300 0.044600 0.081400 0.095700 0.069900 0.045800 0.068700 0.057300 0.057400 0.058100 0.034400 0.045400 0.057800 0.045400 0.068700 0.046000 0.068600 0.057700 0.022700 0.133400 0.045400 0.045700 0.045700 0.045400 0.057200 0.045900 0.034400 0.045900 0.057700 0.034800 0.034500 0.045700 0.000000 0.057500 0.043900 0.022700 0.083800 0.068700 0.057200
Steenbok 0.058000 0.191600 0.070400 0.149700 0.070800 0.057400 0.034400 0.047200 0.082200 0.046400 0.057800 0.034700 0.069100 0.057200 0.080200 0.069700 0.109200 0.082700 0.057900 0.081200 0.045800 0.069600 0.070500 0.046400 0.057400 0.046300 0.057500 0.081200 0.034500 0.081100 0.070200 0.034400 0.121400 0.057500 0.057800 0.057700 0.056900 0.069600 0.034400 0.046400 0.057900 0.046300 0.047000 0.046700 0.057700 0.057500 0.000000 0.056900 0.034600 0.097000 0.081200 0.069700
Impala 0.057300 0.204800 0.056800 0.161200 0.057100 0.044500 0.020500 0.057700 0.068700 0.033000 0.044100 0.018700 0.055700 0.044300 0.066400 0.081200 0.095200 0.069100 0.044800 0.067800 0.056600 0.056700 0.057500 0.033000 0.044500 0.056200 0.043900 0.067800 0.045100 0.067800 0.056600 0.020500 0.133300 0.043900 0.044800 0.044800 0.044500 0.056200 0.045000 0.033000 0.044900 0.056600 0.032000 0.032400 0.044800 0.043900 0.056900 0.000000 0.018600 0.083100 0.067800 0.056200
Klipspring 0.034600 0.178700 0.034800 0.137200 0.035000 0.022800 0.000100 0.035400 0.046400 0.011500 0.022900 0.000100 0.034200 0.022700 0.045300 0.058300 0.071900 0.046700 0.022900 0.045900 0.034400 0.034500 0.035000 0.011500 0.022800 0.034700 0.022700 0.045900 0.023100 0.045800 0.034700 0.000100 0.109200 0.022700 0.022900 0.022900 0.022800 0.034400 0.023000 0.011500 0.023000 0.034700 0.011600 0.011500 0.022900 0.022700 0.034600 0.018600 0.000000 0.059900 0.045900 0.034400
ForestMusk 0.096900 0.228200 0.097600 0.140800 0.098300 0.083700 0.059700 0.099200 0.084400 0.047800 0.084000 0.060100 0.095700 0.083500 0.107300 0.096500 0.112400 0.085100 0.084400 0.108500 0.071600 0.071700 0.072700 0.047800 0.083800 0.071900 0.083600 0.108500 0.059600 0.108500 0.072200 0.059700 0.124900 0.083600 0.084400 0.084300 0.083700 0.096500 0.059700 0.047800 0.059800 0.071900 0.036000 0.047900 0.084300 0.083800 0.097000 0.083100 0.059900 0.000000 0.108500 0.096500
Bushbuck 0.057100 0.231300 0.033900 0.188400 0.070000 0.045100 0.045700 0.082500 0.022300 0.057800 0.045300 0.046000 0.080200 0.068500 0.091300 0.080800 0.120500 0.094000 0.045400 0.000000 0.080800 0.057000 0.082000 0.057800 0.045100 0.081500 0.068600 0.021500 0.069500 0.022100 0.081400 0.045700 0.159000 0.045100 0.069200 0.057300 0.045100 0.068900 0.069400 0.057800 0.069300 0.081500 0.058400 0.057900 0.057300 0.068700 0.081200 0.067800 0.045900 0.108500 0.000000 0.010800
GreaterKud 0.045700 0.218600 0.022500 0.175900 0.070400 0.033800 0.034300 0.070700 0.010900 0.046300 0.034000 0.034500 0.068800 0.057100 0.079900 0.069300 0.108500 0.082300 0.034100 0.011100 0.069300 0.045600 0.070300 0.046300 0.033900 0.069900 0.057200 0.011100 0.058000 0.010800 0.069800 0.034300 0.146800 0.033900 0.057700 0.045800 0.033900 0.069300 0.057900 0.046300 0.057800 0.069900 0.046700 0.046400 0.045800 0.057200 0.069700 0.056200 0.034400 0.096500 0.010800 0.000000
