CODONML (in paml version 4.10.7, June 2023)  /home/rachel/ruminants_paml/6406-phy-tree/ENSBTAT00000061579.fasta.phy
Model: free dN/dS Ratios for branches,  kappa = 2.000 fixed

Codon frequency model: F3x4
ns =  54  ls =  64

Codon usage in sequences
--------------------------------------------------------------------------------------------------------------------------------------
Phe TTT   1   1   1   1   1   1 | Ser TCT   1   1   1   1   1   1 | Tyr TAT   0   0   0   0   0   1 | Cys TGT   0   0   0   0   0   0
    TTC   1   1   1   1   1   1 |     TCC   0   0   0   0   1   0 |     TAC   1   1   1   1   1   0 |     TGC   0   0   0   0   0   0
Leu TTA   3   3   2   3   3   3 |     TCA   1   1   1   1   0   1 | *** TAA   0   0   0   0   0   0 | *** TGA   0   0   0   0   0   0
    TTG   1   1   1   1   1   1 |     TCG   0   0   0   0   0   0 |     TAG   0   0   0   0   0   0 | Trp TGG   1   1   1   1   1   1
--------------------------------------------------------------------------------------------------------------------------------------
Leu CTT   3   3   3   3   1   2 | Pro CCT   0   0   0   0   0   0 | His CAT   1   1   1   1   1   1 | Arg CGT   0   0   0   0   0   0
    CTC   0   0   0   0   1   0 |     CCC   0   0   0   0   0   0 |     CAC   0   0   0   0   0   0 |     CGC   0   0   0   0   0   0
    CTA   1   1   2   1   1   1 |     CCA   1   1   1   1   1   1 | Gln CAA   1   1   1   1   0   1 |     CGA   1   1   1   1   1   1
    CTG   0   0   0   0   1   1 |     CCG   0   0   0   0   0   0 |     CAG   0   0   0   0   2   0 |     CGG   1   1   1   1   0   1
--------------------------------------------------------------------------------------------------------------------------------------
Ile ATT   4   4   4   4   4   4 | Thr ACT   0   0   0   0   0   0 | Asn AAT   2   2   2   2   2   2 | Ser AGT   0   0   0   0   0   0
    ATC   1   1   1   1   1   1 |     ACC   1   1   1   1   1   1 |     AAC   0   0   0   0   0   0 |     AGC   2   2   2   2   2   2
    ATA   2   2   2   2   2   2 |     ACA   1   1   1   1   1   1 | Lys AAA   1   1   1   1   1   2 | Arg AGA   1   1   1   1   1   1
Met ATG   3   3   3   3   2   3 |     ACG   0   0   0   0   1   0 |     AAG   2   2   2   2   2   1 |     AGG   1   1   1   1   0   1
--------------------------------------------------------------------------------------------------------------------------------------
Val GTT   4   4   4   4   2   4 | Ala GCT   2   2   2   2   2   2 | Asp GAT   3   3   3   3   3   2 | Gly GGT   2   2   2   2   2   2
    GTC   0   0   0   0   2   0 |     GCC   0   0   0   0   0   0 |     GAC   1   1   1   1   1   2 |     GGC   0   0   0   0   0   0
    GTA   0   0   0   0   0   0 |     GCA   0   0   0   0   0   0 | Glu GAA   6   6   6   6   6   6 |     GGA   1   1   1   1   2   1
    GTG   3   3   3   3   3   3 |     GCG   0   0   0   0   0   0 |     GAG   2   2   2   2   2   2 |     GGG   0   0   0   0   0   0
--------------------------------------------------------------------------------------------------------------------------------------

--------------------------------------------------------------------------------------------------------------------------------------
Phe TTT   1   1   1   1   1   1 | Ser TCT   1   1   1   1   1   1 | Tyr TAT   0   0   0   0   0   0 | Cys TGT   0   0   0   0   0   0
    TTC   1   1   1   1   1   1 |     TCC   0   0   0   0   0   0 |     TAC   1   1   1   1   1   1 |     TGC   0   0   0   0   0   0
Leu TTA   3   3   3   3   2   3 |     TCA   1   1   1   1   1   1 | *** TAA   0   0   0   0   0   0 | *** TGA   0   0   0   0   0   0
    TTG   1   1   1   1   1   1 |     TCG   0   0   0   0   0   0 |     TAG   0   0   0   0   0   0 | Trp TGG   1   1   1   1   1   1
--------------------------------------------------------------------------------------------------------------------------------------
Leu CTT   3   3   3   3   3   3 | Pro CCT   0   0   0   0   0   0 | His CAT   1   1   1   1   1   1 | Arg CGT   0   0   0   0   0   0
    CTC   0   0   0   0   0   0 |     CCC   0   0   0   0   0   0 |     CAC   0   0   0   0   0   0 |     CGC   0   0   0   0   0   0
    CTA   1   1   1   1   2   1 |     CCA   1   1   1   1   1   1 | Gln CAA   1   1   1   1   1   1 |     CGA   1   1   1   1   1   1
    CTG   0   0   0   0   0   0 |     CCG   0   0   0   0   0   0 |     CAG   0   0   0   0   0   0 |     CGG   1   1   1   1   1   1
--------------------------------------------------------------------------------------------------------------------------------------
Ile ATT   4   4   4   4   4   4 | Thr ACT   0   0   0   0   0   0 | Asn AAT   2   2   2   2   2   2 | Ser AGT   0   0   0   0   0   0
    ATC   1   1   1   1   1   1 |     ACC   1   1   1   1   1   1 |     AAC   0   0   0   0   0   0 |     AGC   2   2   2   2   2   2
    ATA   2   2   2   2   2   2 |     ACA   1   1   1   1   1   1 | Lys AAA   1   1   1   1   1   1 | Arg AGA   1   1   1   1   1   1
Met ATG   3   3   3   3   3   3 |     ACG   0   0   0   0   0   0 |     AAG   2   2   2   2   2   2 |     AGG   1   1   1   1   1   1
--------------------------------------------------------------------------------------------------------------------------------------
Val GTT   4   4   4   4   4   4 | Ala GCT   2   2   2   2   2   2 | Asp GAT   3   3   3   3   3   3 | Gly GGT   2   2   2   2   2   2
    GTC   0   0   0   0   0   0 |     GCC   0   0   0   0   0   0 |     GAC   1   1   1   1   1   1 |     GGC   0   0   0   0   0   0
    GTA   0   0   0   0   0   0 |     GCA   0   0   0   0   0   0 | Glu GAA   6   6   6   6   6   6 |     GGA   1   1   1   1   1   1
    GTG   3   3   3   3   3   3 |     GCG   0   0   0   0   0   0 |     GAG   2   2   2   2   2   2 |     GGG   0   0   0   0   0   0
--------------------------------------------------------------------------------------------------------------------------------------

--------------------------------------------------------------------------------------------------------------------------------------
Phe TTT   1   1   1   1   1   1 | Ser TCT   1   1   1   1   1   1 | Tyr TAT   0   0   0   0   0   0 | Cys TGT   0   0   0   0   0   0
    TTC   1   1   1   1   1   1 |     TCC   0   0   0   0   0   0 |     TAC   1   1   1   1   1   1 |     TGC   0   0   0   0   0   0
Leu TTA   3   3   3   3   3   3 |     TCA   1   1   1   1   1   1 | *** TAA   0   0   0   0   0   0 | *** TGA   0   0   0   0   0   0
    TTG   1   1   1   1   1   1 |     TCG   0   0   0   0   0   0 |     TAG   0   0   0   0   0   0 | Trp TGG   1   1   1   1   1   1
--------------------------------------------------------------------------------------------------------------------------------------
Leu CTT   3   3   3   3   3   3 | Pro CCT   0   0   0   0   0   0 | His CAT   1   1   1   1   1   1 | Arg CGT   0   0   0   0   0   0
    CTC   0   0   0   0   0   0 |     CCC   0   0   0   0   0   0 |     CAC   0   0   0   0   0   0 |     CGC   0   0   0   0   0   0
    CTA   1   1   1   1   1   1 |     CCA   1   1   1   1   1   1 | Gln CAA   1   1   1   1   1   1 |     CGA   1   1   1   1   1   1
    CTG   0   0   0   0   0   0 |     CCG   0   0   0   0   0   0 |     CAG   0   0   0   0   0   0 |     CGG   1   1   1   1   1   1
--------------------------------------------------------------------------------------------------------------------------------------
Ile ATT   4   4   3   4   4   4 | Thr ACT   0   0   0   0   0   0 | Asn AAT   2   2   2   2   2   2 | Ser AGT   0   0   0   0   0   0
    ATC   1   1   2   1   1   1 |     ACC   1   1   1   1   1   1 |     AAC   0   0   0   0   0   0 |     AGC   2   2   2   2   2   2
    ATA   2   2   2   2   2   2 |     ACA   1   1   1   1   1   1 | Lys AAA   1   1   1   1   1   1 | Arg AGA   1   1   1   1   1   1
Met ATG   3   3   3   3   3   3 |     ACG   0   0   0   0   0   0 |     AAG   2   2   2   2   2   2 |     AGG   1   1   1   1   1   1
--------------------------------------------------------------------------------------------------------------------------------------
Val GTT   4   4   4   4   4   4 | Ala GCT   2   2   2   2   2   2 | Asp GAT   3   3   3   3   3   3 | Gly GGT   2   2   2   2   2   2
    GTC   0   0   0   0   0   0 |     GCC   0   0   0   0   0   0 |     GAC   1   1   1   1   1   1 |     GGC   0   0   0   0   0   0
    GTA   0   0   0   0   0   0 |     GCA   0   0   0   0   0   0 | Glu GAA   6   6   6   6   6   6 |     GGA   1   1   1   1   1   1
    GTG   3   3   3   3   3   3 |     GCG   0   0   0   0   0   0 |     GAG   2   2   2   2   2   2 |     GGG   0   0   0   0   0   0
--------------------------------------------------------------------------------------------------------------------------------------

--------------------------------------------------------------------------------------------------------------------------------------
Phe TTT   1   1   1   1   1   1 | Ser TCT   1   1   1   1   1   1 | Tyr TAT   0   0   0   0   0   0 | Cys TGT   0   0   0   0   0   0
    TTC   1   1   1   1   1   1 |     TCC   0   0   0   0   0   0 |     TAC   1   1   1   1   1   1 |     TGC   0   0   0   0   0   0
Leu TTA   3   3   3   2   3   3 |     TCA   1   1   1   1   1   1 | *** TAA   0   0   0   0   0   0 | *** TGA   0   0   0   0   0   0
    TTG   1   1   1   1   1   1 |     TCG   0   0   0   0   0   0 |     TAG   0   0   0   0   0   0 | Trp TGG   1   1   1   1   1   1
--------------------------------------------------------------------------------------------------------------------------------------
Leu CTT   3   3   3   3   3   3 | Pro CCT   0   0   0   0   0   0 | His CAT   1   1   1   1   1   1 | Arg CGT   0   0   0   0   0   0
    CTC   0   0   0   0   0   0 |     CCC   0   0   0   0   0   0 |     CAC   0   0   0   0   0   0 |     CGC   0   0   0   0   0   0
    CTA   1   1   1   2   1   1 |     CCA   1   1   1   1   1   1 | Gln CAA   1   1   1   1   1   1 |     CGA   1   1   1   1   1   1
    CTG   0   0   0   0   0   0 |     CCG   0   0   0   0   0   0 |     CAG   0   0   0   0   0   0 |     CGG   1   1   1   1   1   1
--------------------------------------------------------------------------------------------------------------------------------------
Ile ATT   4   4   4   4   4   4 | Thr ACT   0   0   0   0   0   0 | Asn AAT   2   2   2   2   2   2 | Ser AGT   0   0   0   0   0   0
    ATC   1   1   1   1   1   1 |     ACC   1   1   1   1   1   1 |     AAC   0   0   0   0   0   0 |     AGC   2   2   2   2   2   2
    ATA   2   2   2   2   2   2 |     ACA   1   1   1   1   1   1 | Lys AAA   1   1   1   1   1   1 | Arg AGA   1   1   1   1   1   1
Met ATG   3   3   3   3   3   3 |     ACG   0   0   0   0   0   0 |     AAG   2   2   2   2   2   2 |     AGG   1   1   1   1   1   1
--------------------------------------------------------------------------------------------------------------------------------------
Val GTT   4   4   3   4   4   4 | Ala GCT   2   2   2   2   2   2 | Asp GAT   3   3   3   3   3   3 | Gly GGT   2   2   2   2   2   2
    GTC   0   0   0   0   0   0 |     GCC   0   0   0   0   0   0 |     GAC   1   1   1   1   1   1 |     GGC   0   0   0   0   0   0
    GTA   0   0   0   0   0   0 |     GCA   0   0   0   0   0   0 | Glu GAA   6   6   6   6   6   6 |     GGA   1   1   1   1   1   1
    GTG   3   3   4   3   3   3 |     GCG   0   0   0   0   0   0 |     GAG   2   2   2   2   2   2 |     GGG   0   0   0   0   0   0
--------------------------------------------------------------------------------------------------------------------------------------

--------------------------------------------------------------------------------------------------------------------------------------
Phe TTT   1   1   1   1   1   1 | Ser TCT   1   1   1   1   1   1 | Tyr TAT   0   0   0   0   0   0 | Cys TGT   0   0   0   0   0   0
    TTC   1   1   1   1   1   1 |     TCC   0   0   0   0   0   0 |     TAC   1   1   1   1   1   1 |     TGC   0   0   0   0   0   0
Leu TTA   3   3   3   3   3   2 |     TCA   1   1   1   1   1   1 | *** TAA   0   0   0   0   0   0 | *** TGA   0   0   0   0   0   0
    TTG   1   1   1   1   1   1 |     TCG   0   0   0   0   0   0 |     TAG   0   0   0   0   0   0 | Trp TGG   1   1   1   1   1   1
--------------------------------------------------------------------------------------------------------------------------------------
Leu CTT   3   3   3   3   3   3 | Pro CCT   0   0   0   0   0   0 | His CAT   1   1   1   1   1   1 | Arg CGT   0   0   0   0   0   0
    CTC   0   1   0   0   0   0 |     CCC   0   0   0   0   0   0 |     CAC   0   0   0   0   0   0 |     CGC   0   0   0   0   0   0
    CTA   1   0   1   1   1   2 |     CCA   1   1   1   1   1   1 | Gln CAA   1   1   1   1   1   1 |     CGA   1   1   1   1   1   1
    CTG   0   0   0   0   0   0 |     CCG   0   0   0   0   0   0 |     CAG   0   0   0   0   0   0 |     CGG   1   1   1   1   1   1
--------------------------------------------------------------------------------------------------------------------------------------
Ile ATT   4   4   4   4   3   4 | Thr ACT   0   0   0   0   0   0 | Asn AAT   2   2   2   2   2   2 | Ser AGT   0   0   0   0   0   0
    ATC   1   1   1   1   2   1 |     ACC   1   1   1   1   1   1 |     AAC   0   0   0   0   0   0 |     AGC   2   2   2   2   2   2
    ATA   2   2   2   2   2   2 |     ACA   1   1   1   1   1   1 | Lys AAA   1   1   1   1   1   1 | Arg AGA   1   1   1   1   1   1
Met ATG   3   3   3   3   3   3 |     ACG   0   0   0   0   0   0 |     AAG   2   2   2   2   2   2 |     AGG   1   1   1   1   1   1
--------------------------------------------------------------------------------------------------------------------------------------
Val GTT   4   4   4   3   4   4 | Ala GCT   2   2   2   2   2   2 | Asp GAT   3   3   3   3   3   3 | Gly GGT   2   2   2   2   2   2
    GTC   0   0   0   1   0   0 |     GCC   0   0   0   0   0   0 |     GAC   1   1   1   1   1   1 |     GGC   0   0   0   0   0   0
    GTA   0   0   0   0   0   0 |     GCA   0   0   0   0   0   0 | Glu GAA   6   6   6   6   6   6 |     GGA   1   1   1   1   1   1
    GTG   3   3   3   3   3   3 |     GCG   0   0   0   0   0   0 |     GAG   2   2   2   2   2   2 |     GGG   0   0   0   0   0   0
--------------------------------------------------------------------------------------------------------------------------------------

--------------------------------------------------------------------------------------------------------------------------------------
Phe TTT   1   1   1   1   1   1 | Ser TCT   1   1   1   1   1   1 | Tyr TAT   0   0   0   0   0   0 | Cys TGT   0   0   0   0   0   0
    TTC   1   1   1   1   1   1 |     TCC   0   0   0   0   0   0 |     TAC   1   1   1   1   1   1 |     TGC   0   0   0   0   0   0
Leu TTA   3   2   3   3   3   3 |     TCA   1   1   1   1   1   1 | *** TAA   0   0   0   0   0   0 | *** TGA   0   0   0   0   0   0
    TTG   1   1   1   1   1   1 |     TCG   0   0   0   0   0   0 |     TAG   0   0   0   0   0   0 | Trp TGG   1   1   1   1   1   1
--------------------------------------------------------------------------------------------------------------------------------------
Leu CTT   3   3   3   3   3   3 | Pro CCT   0   0   0   0   0   0 | His CAT   1   1   1   1   1   1 | Arg CGT   0   0   0   0   0   0
    CTC   0   0   0   0   0   0 |     CCC   0   0   0   0   0   0 |     CAC   0   0   0   0   0   0 |     CGC   0   0   0   0   0   0
    CTA   1   2   1   1   1   1 |     CCA   1   1   1   1   1   1 | Gln CAA   1   1   1   1   1   1 |     CGA   1   1   1   1   1   1
    CTG   0   0   0   0   0   0 |     CCG   0   0   0   0   0   0 |     CAG   0   0   0   0   0   0 |     CGG   1   1   1   1   1   1
--------------------------------------------------------------------------------------------------------------------------------------
Ile ATT   4   4   4   4   4   3 | Thr ACT   0   0   0   0   0   0 | Asn AAT   2   2   2   2   2   2 | Ser AGT   0   0   0   0   0   0
    ATC   1   1   1   1   1   2 |     ACC   1   1   1   1   1   1 |     AAC   0   0   0   0   0   0 |     AGC   2   2   2   2   2   2
    ATA   2   2   2   2   2   2 |     ACA   1   1   1   1   1   1 | Lys AAA   1   1   1   1   1   1 | Arg AGA   1   1   1   1   1   1
Met ATG   3   3   3   3   3   3 |     ACG   0   0   0   0   0   0 |     AAG   2   2   2   2   2   2 |     AGG   1   1   1   1   1   1
--------------------------------------------------------------------------------------------------------------------------------------
Val GTT   4   4   4   4   4   4 | Ala GCT   2   2   2   2   2   2 | Asp GAT   3   3   3   3   3   3 | Gly GGT   2   2   2   2   2   2
    GTC   0   0   0   0   0   0 |     GCC   0   0   0   0   0   0 |     GAC   1   1   1   1   1   1 |     GGC   0   0   0   0   0   0
    GTA   0   0   0   0   0   0 |     GCA   0   0   0   0   0   0 | Glu GAA   6   6   6   6   6   6 |     GGA   1   1   1   1   1   1
    GTG   3   3   3   3   3   3 |     GCG   0   0   0   0   0   0 |     GAG   2   2   2   2   2   2 |     GGG   0   0   0   0   0   0
--------------------------------------------------------------------------------------------------------------------------------------

--------------------------------------------------------------------------------------------------------------------------------------
Phe TTT   1   1   1   1   1   1 | Ser TCT   1   1   1   1   1   1 | Tyr TAT   0   0   0   0   0   0 | Cys TGT   0   0   0   0   0   0
    TTC   1   1   1   1   1   1 |     TCC   0   0   0   0   0   0 |     TAC   1   1   1   1   1   1 |     TGC   0   0   0   0   0   0
Leu TTA   3   3   3   3   3   3 |     TCA   1   1   1   1   1   1 | *** TAA   0   0   0   0   0   0 | *** TGA   0   0   0   0   0   0
    TTG   1   1   1   1   1   1 |     TCG   0   0   0   0   0   0 |     TAG   0   0   0   0   0   0 | Trp TGG   1   1   1   1   1   1
--------------------------------------------------------------------------------------------------------------------------------------
Leu CTT   2   3   3   3   3   3 | Pro CCT   0   0   0   0   0   0 | His CAT   1   1   1   1   1   1 | Arg CGT   0   0   0   0   0   0
    CTC   1   0   0   0   0   0 |     CCC   0   0   0   0   0   0 |     CAC   0   0   0   0   0   0 |     CGC   0   0   0   0   0   0
    CTA   1   1   1   1   1   1 |     CCA   1   1   1   1   1   1 | Gln CAA   1   1   1   1   1   1 |     CGA   1   1   1   1   1   1
    CTG   0   0   0   0   0   0 |     CCG   0   0   0   0   0   0 |     CAG   0   0   0   0   0   0 |     CGG   1   1   1   1   1   1
--------------------------------------------------------------------------------------------------------------------------------------
Ile ATT   4   4   4   4   4   4 | Thr ACT   0   0   0   0   0   0 | Asn AAT   2   2   2   2   2   2 | Ser AGT   0   0   0   0   0   0
    ATC   1   1   1   1   1   1 |     ACC   1   1   1   1   1   1 |     AAC   0   0   0   0   0   0 |     AGC   2   2   2   2   2   2
    ATA   2   2   2   2   2   2 |     ACA   1   1   1   1   1   1 | Lys AAA   1   1   1   1   1   1 | Arg AGA   1   1   1   1   1   1
Met ATG   3   3   3   3   3   3 |     ACG   0   0   0   0   0   0 |     AAG   2   2   2   2   2   2 |     AGG   1   1   1   1   1   1
--------------------------------------------------------------------------------------------------------------------------------------
Val GTT   4   4   4   4   4   4 | Ala GCT   2   2   2   2   2   2 | Asp GAT   3   3   3   3   3   3 | Gly GGT   2   2   2   2   2   2
    GTC   0   0   0   0   0   0 |     GCC   0   0   0   0   0   0 |     GAC   1   1   1   1   1   1 |     GGC   0   0   0   0   0   0
    GTA   0   0   0   0   0   0 |     GCA   0   0   0   0   0   0 | Glu GAA   6   6   6   6   6   6 |     GGA   1   1   1   1   1   1
    GTG   3   3   3   3   3   3 |     GCG   0   0   0   0   0   0 |     GAG   2   2   2   2   2   2 |     GGG   0   0   0   0   0   0
--------------------------------------------------------------------------------------------------------------------------------------

--------------------------------------------------------------------------------------------------------------------------------------
Phe TTT   1   1   1   1   1   1 | Ser TCT   1   1   1   1   1   1 | Tyr TAT   0   0   0   0   0   0 | Cys TGT   0   0   0   0   0   0
    TTC   1   1   1   1   1   1 |     TCC   0   0   0   0   0   0 |     TAC   1   1   1   1   1   1 |     TGC   0   0   0   0   0   0
Leu TTA   3   3   3   3   3   3 |     TCA   1   1   1   1   1   1 | *** TAA   0   0   0   0   0   0 | *** TGA   0   0   0   0   0   0
    TTG   1   1   1   1   1   1 |     TCG   0   0   0   0   0   0 |     TAG   0   0   0   0   0   0 | Trp TGG   1   1   1   1   1   1
--------------------------------------------------------------------------------------------------------------------------------------
Leu CTT   3   3   3   3   3   3 | Pro CCT   0   0   0   0   0   0 | His CAT   1   1   1   1   1   1 | Arg CGT   0   0   0   0   0   0
    CTC   0   0   0   1   0   0 |     CCC   0   0   0   0   0   0 |     CAC   0   0   0   0   0   0 |     CGC   0   0   0   0   0   0
    CTA   1   1   1   0   1   1 |     CCA   1   1   1   1   1   1 | Gln CAA   1   1   1   1   1   1 |     CGA   1   1   1   1   1   1
    CTG   0   0   0   0   0   0 |     CCG   0   0   0   0   0   0 |     CAG   0   0   0   0   0   0 |     CGG   2   1   1   1   1   1
--------------------------------------------------------------------------------------------------------------------------------------
Ile ATT   4   4   4   4   4   4 | Thr ACT   0   0   0   0   0   0 | Asn AAT   2   2   2   2   2   2 | Ser AGT   0   0   0   0   0   0
    ATC   1   1   1   1   1   1 |     ACC   1   1   1   1   1   1 |     AAC   0   0   0   0   0   0 |     AGC   2   2   2   2   2   2
    ATA   2   2   2   2   2   2 |     ACA   1   1   1   1   1   1 | Lys AAA   1   1   1   1   1   1 | Arg AGA   1   1   1   1   1   1
Met ATG   3   3   3   3   3   3 |     ACG   0   0   0   0   0   0 |     AAG   2   2   2   2   2   2 |     AGG   0   1   1   1   1   1
--------------------------------------------------------------------------------------------------------------------------------------
Val GTT   4   3   4   4   4   4 | Ala GCT   2   2   2   2   2   2 | Asp GAT   3   3   3   3   3   3 | Gly GGT   2   2   2   2   2   2
    GTC   0   1   0   0   0   0 |     GCC   0   0   0   0   0   0 |     GAC   1   1   1   1   1   1 |     GGC   0   0   0   0   0   0
    GTA   0   0   0   0   0   0 |     GCA   0   0   0   0   0   0 | Glu GAA   6   6   6   6   6   6 |     GGA   1   1   1   1   1   1
    GTG   3   3   3   3   3   3 |     GCG   0   0   0   0   0   0 |     GAG   2   2   2   2   2   2 |     GGG   0   0   0   0   0   0
--------------------------------------------------------------------------------------------------------------------------------------

--------------------------------------------------------------------------------------------------------------------------------------
Phe TTT   1   1   1   1   1   1 | Ser TCT   1   1   1   1   1   1 | Tyr TAT   0   0   0   0   0   0 | Cys TGT   0   0   0   0   0   0
    TTC   1   1   1   1   1   1 |     TCC   0   0   0   0   0   0 |     TAC   1   1   1   1   1   1 |     TGC   0   0   0   0   0   0
Leu TTA   3   3   3   3   2   2 |     TCA   1   1   1   1   1   1 | *** TAA   0   0   0   0   0   0 | *** TGA   0   0   0   0   0   0
    TTG   1   1   1   1   1   1 |     TCG   0   0   0   0   0   0 |     TAG   0   0   0   0   0   0 | Trp TGG   1   1   1   1   1   1
--------------------------------------------------------------------------------------------------------------------------------------
Leu CTT   3   3   3   3   3   3 | Pro CCT   0   0   0   0   0   0 | His CAT   1   1   1   1   1   1 | Arg CGT   0   0   0   0   0   0
    CTC   0   0   0   0   0   0 |     CCC   0   0   0   0   0   0 |     CAC   0   0   0   0   0   0 |     CGC   0   0   0   0   0   0
    CTA   1   1   1   1   2   2 |     CCA   1   1   1   1   1   1 | Gln CAA   1   1   1   1   1   1 |     CGA   1   1   1   1   1   1
    CTG   0   0   0   0   0   0 |     CCG   0   0   0   0   0   0 |     CAG   0   0   0   0   0   0 |     CGG   1   1   1   1   1   1
--------------------------------------------------------------------------------------------------------------------------------------
Ile ATT   4   3   4   4   4   4 | Thr ACT   0   0   0   0   0   0 | Asn AAT   2   2   2   2   2   2 | Ser AGT   0   0   0   0   0   0
    ATC   1   2   1   1   1   1 |     ACC   1   1   1   1   1   1 |     AAC   0   0   0   0   0   0 |     AGC   2   2   2   2   2   2
    ATA   2   2   2   2   2   2 |     ACA   1   1   1   1   1   1 | Lys AAA   1   1   1   1   1   1 | Arg AGA   1   1   1   1   1   1
Met ATG   3   3   3   3   3   3 |     ACG   0   0   0   0   0   0 |     AAG   2   2   2   2   2   2 |     AGG   1   1   1   1   1   1
--------------------------------------------------------------------------------------------------------------------------------------
Val GTT   4   4   4   4   4   4 | Ala GCT   2   2   2   2   2   2 | Asp GAT   3   3   3   3   3   3 | Gly GGT   2   2   2   2   2   2
    GTC   0   0   0   0   0   0 |     GCC   0   0   0   0   0   0 |     GAC   1   1   1   1   1   1 |     GGC   0   0   0   0   0   0
    GTA   0   0   0   0   0   0 |     GCA   0   0   0   0   0   0 | Glu GAA   6   6   6   6   6   6 |     GGA   1   1   1   1   1   1
    GTG   3   3   3   3   3   3 |     GCG   0   0   0   0   0   0 |     GAG   2   2   2   2   2   2 |     GGG   0   0   0   0   0   0
--------------------------------------------------------------------------------------------------------------------------------------

Codon position x base (3x4) table for each sequence.

#1: Argali         
position  1:    T:0.15625    C:0.14062    A:0.32812    G:0.37500
position  2:    T:0.42188    C:0.10938    A:0.31250    G:0.15625
position  3:    T:0.35938    C:0.10938    A:0.31250    G:0.21875
Average         T:0.31250    C:0.11979    A:0.31771    G:0.25000

#2: LesserMouseDeer
position  1:    T:0.15625    C:0.14062    A:0.32812    G:0.37500
position  2:    T:0.42188    C:0.10938    A:0.31250    G:0.15625
position  3:    T:0.35938    C:0.10938    A:0.31250    G:0.21875
Average         T:0.31250    C:0.11979    A:0.31771    G:0.25000

#3: LesserKudu     
position  1:    T:0.14062    C:0.15625    A:0.32812    G:0.37500
position  2:    T:0.42188    C:0.10938    A:0.31250    G:0.15625
position  3:    T:0.35938    C:0.10938    A:0.31250    G:0.21875
Average         T:0.30729    C:0.12500    A:0.31771    G:0.25000

#4: ForestMuskDeer2
position  1:    T:0.15625    C:0.14062    A:0.32812    G:0.37500
position  2:    T:0.42188    C:0.10938    A:0.31250    G:0.15625
position  3:    T:0.35938    C:0.10938    A:0.31250    G:0.21875
Average         T:0.31250    C:0.11979    A:0.31771    G:0.25000

#5: Camel          
position  1:    T:0.15625    C:0.14062    A:0.31250    G:0.39062
position  2:    T:0.40625    C:0.12500    A:0.32812    G:0.14062
position  3:    T:0.29688    C:0.17188    A:0.29688    G:0.23438
Average         T:0.28646    C:0.14583    A:0.31250    G:0.25521

#6: KillerWhale    
position  1:    T:0.15625    C:0.14062    A:0.32812    G:0.37500
position  2:    T:0.42188    C:0.10938    A:0.31250    G:0.15625
position  3:    T:0.34375    C:0.10938    A:0.32812    G:0.21875
Average         T:0.30729    C:0.11979    A:0.32292    G:0.25000

#7: DefassaWaterbuck
position  1:    T:0.15625    C:0.14062    A:0.32812    G:0.37500
position  2:    T:0.42188    C:0.10938    A:0.31250    G:0.15625
position  3:    T:0.35938    C:0.10938    A:0.31250    G:0.21875
Average         T:0.31250    C:0.11979    A:0.31771    G:0.25000

#8: Sheep          
position  1:    T:0.15625    C:0.14062    A:0.32812    G:0.37500
position  2:    T:0.42188    C:0.10938    A:0.31250    G:0.15625
position  3:    T:0.35938    C:0.10938    A:0.31250    G:0.21875
Average         T:0.31250    C:0.11979    A:0.31771    G:0.25000

#9: MaxwellsDuiker 
position  1:    T:0.15625    C:0.14062    A:0.32812    G:0.37500
position  2:    T:0.42188    C:0.10938    A:0.31250    G:0.15625
position  3:    T:0.35938    C:0.10938    A:0.31250    G:0.21875
Average         T:0.31250    C:0.11979    A:0.31771    G:0.25000

#10: GazellaPrzewalskyi
position  1:    T:0.15625    C:0.14062    A:0.32812    G:0.37500
position  2:    T:0.42188    C:0.10938    A:0.31250    G:0.15625
position  3:    T:0.35938    C:0.10938    A:0.31250    G:0.21875
Average         T:0.31250    C:0.11979    A:0.31771    G:0.25000

#11: MountainNyala  
position  1:    T:0.14062    C:0.15625    A:0.32812    G:0.37500
position  2:    T:0.42188    C:0.10938    A:0.31250    G:0.15625
position  3:    T:0.35938    C:0.10938    A:0.31250    G:0.21875
Average         T:0.30729    C:0.12500    A:0.31771    G:0.25000

#12: MuntiacusMuntjak
position  1:    T:0.15625    C:0.14062    A:0.32812    G:0.37500
position  2:    T:0.42188    C:0.10938    A:0.31250    G:0.15625
position  3:    T:0.35938    C:0.10938    A:0.31250    G:0.21875
Average         T:0.31250    C:0.11979    A:0.31771    G:0.25000

#13: goat           
position  1:    T:0.15625    C:0.14062    A:0.32812    G:0.37500
position  2:    T:0.42188    C:0.10938    A:0.31250    G:0.15625
position  3:    T:0.35938    C:0.10938    A:0.31250    G:0.21875
Average         T:0.31250    C:0.11979    A:0.31771    G:0.25000

#14: AfricanBuffalo 
position  1:    T:0.15625    C:0.14062    A:0.32812    G:0.37500
position  2:    T:0.42188    C:0.10938    A:0.31250    G:0.15625
position  3:    T:0.35938    C:0.10938    A:0.31250    G:0.21875
Average         T:0.31250    C:0.11979    A:0.31771    G:0.25000

#15: Topi           
position  1:    T:0.15625    C:0.14062    A:0.32812    G:0.37500
position  2:    T:0.42188    C:0.10938    A:0.31250    G:0.15625
position  3:    T:0.34375    C:0.12500    A:0.31250    G:0.21875
Average         T:0.30729    C:0.12500    A:0.31771    G:0.25000

#16: CommonDuiker   
position  1:    T:0.15625    C:0.14062    A:0.32812    G:0.37500
position  2:    T:0.42188    C:0.10938    A:0.31250    G:0.15625
position  3:    T:0.35938    C:0.10938    A:0.31250    G:0.21875
Average         T:0.31250    C:0.11979    A:0.31771    G:0.25000

#17: Suni           
position  1:    T:0.15625    C:0.14062    A:0.32812    G:0.37500
position  2:    T:0.42188    C:0.10938    A:0.31250    G:0.15625
position  3:    T:0.35938    C:0.10938    A:0.31250    G:0.21875
Average         T:0.31250    C:0.11979    A:0.31771    G:0.25000

#18: Springbuck     
position  1:    T:0.15625    C:0.14062    A:0.32812    G:0.37500
position  2:    T:0.42188    C:0.10938    A:0.31250    G:0.15625
position  3:    T:0.35938    C:0.10938    A:0.31250    G:0.21875
Average         T:0.31250    C:0.11979    A:0.31771    G:0.25000

#19: Okapi          
position  1:    T:0.15625    C:0.14062    A:0.32812    G:0.37500
position  2:    T:0.42188    C:0.10938    A:0.31250    G:0.15625
position  3:    T:0.35938    C:0.10938    A:0.31250    G:0.21875
Average         T:0.31250    C:0.11979    A:0.31771    G:0.25000

#20: Giraffe        
position  1:    T:0.15625    C:0.14062    A:0.32812    G:0.37500
position  2:    T:0.42188    C:0.10938    A:0.31250    G:0.15625
position  3:    T:0.35938    C:0.10938    A:0.31250    G:0.21875
Average         T:0.31250    C:0.11979    A:0.31771    G:0.25000

#21: TibetanAntelope
position  1:    T:0.15625    C:0.14062    A:0.32812    G:0.37500
position  2:    T:0.42188    C:0.10938    A:0.31250    G:0.15625
position  3:    T:0.34375    C:0.10938    A:0.31250    G:0.23438
Average         T:0.30729    C:0.11979    A:0.31771    G:0.25521

#22: Sitatunga      
position  1:    T:0.14062    C:0.15625    A:0.32812    G:0.37500
position  2:    T:0.42188    C:0.10938    A:0.31250    G:0.15625
position  3:    T:0.35938    C:0.10938    A:0.31250    G:0.21875
Average         T:0.30729    C:0.12500    A:0.31771    G:0.25000

#23: Oribi          
position  1:    T:0.15625    C:0.14062    A:0.32812    G:0.37500
position  2:    T:0.42188    C:0.10938    A:0.31250    G:0.15625
position  3:    T:0.35938    C:0.10938    A:0.31250    G:0.21875
Average         T:0.31250    C:0.11979    A:0.31771    G:0.25000

#24: BarbarySheep   
position  1:    T:0.15625    C:0.14062    A:0.32812    G:0.37500
position  2:    T:0.42188    C:0.10938    A:0.31250    G:0.15625
position  3:    T:0.35938    C:0.10938    A:0.31250    G:0.21875
Average         T:0.31250    C:0.11979    A:0.31771    G:0.25000

#25: Daviddeer      
position  1:    T:0.15625    C:0.14062    A:0.32812    G:0.37500
position  2:    T:0.42188    C:0.10938    A:0.31250    G:0.15625
position  3:    T:0.35938    C:0.10938    A:0.31250    G:0.21875
Average         T:0.31250    C:0.11979    A:0.31771    G:0.25000

#26: Reindeer       
position  1:    T:0.15625    C:0.14062    A:0.32812    G:0.37500
position  2:    T:0.42188    C:0.10938    A:0.31250    G:0.15625
position  3:    T:0.35938    C:0.12500    A:0.29688    G:0.21875
Average         T:0.31250    C:0.12500    A:0.31250    G:0.25000

#27: Ibex           
position  1:    T:0.15625    C:0.14062    A:0.32812    G:0.37500
position  2:    T:0.42188    C:0.10938    A:0.31250    G:0.15625
position  3:    T:0.35938    C:0.10938    A:0.31250    G:0.21875
Average         T:0.31250    C:0.11979    A:0.31771    G:0.25000

#28: GyrantGazelle  
position  1:    T:0.15625    C:0.14062    A:0.32812    G:0.37500
position  2:    T:0.42188    C:0.10938    A:0.31250    G:0.15625
position  3:    T:0.34375    C:0.12500    A:0.31250    G:0.21875
Average         T:0.30729    C:0.12500    A:0.31771    G:0.25000

#29: Hartebeest     
position  1:    T:0.15625    C:0.14062    A:0.32812    G:0.37500
position  2:    T:0.42188    C:0.10938    A:0.31250    G:0.15625
position  3:    T:0.34375    C:0.12500    A:0.31250    G:0.21875
Average         T:0.30729    C:0.12500    A:0.31771    G:0.25000

#30: Bongo          
position  1:    T:0.14062    C:0.15625    A:0.32812    G:0.37500
position  2:    T:0.42188    C:0.10938    A:0.31250    G:0.15625
position  3:    T:0.35938    C:0.10938    A:0.31250    G:0.21875
Average         T:0.30729    C:0.12500    A:0.31771    G:0.25000

#31: Gerenuk        
position  1:    T:0.15625    C:0.14062    A:0.32812    G:0.37500
position  2:    T:0.42188    C:0.10938    A:0.31250    G:0.15625
position  3:    T:0.35938    C:0.10938    A:0.31250    G:0.21875
Average         T:0.31250    C:0.11979    A:0.31771    G:0.25000

#32: CommonEland    
position  1:    T:0.14062    C:0.15625    A:0.32812    G:0.37500
position  2:    T:0.42188    C:0.10938    A:0.31250    G:0.15625
position  3:    T:0.35938    C:0.10938    A:0.31250    G:0.21875
Average         T:0.30729    C:0.12500    A:0.31771    G:0.25000

#33: MuntiacusReevesi
position  1:    T:0.15625    C:0.14062    A:0.32812    G:0.37500
position  2:    T:0.42188    C:0.10938    A:0.31250    G:0.15625
position  3:    T:0.35938    C:0.10938    A:0.31250    G:0.21875
Average         T:0.31250    C:0.11979    A:0.31771    G:0.25000

#34: HarveysDuiker  
position  1:    T:0.15625    C:0.14062    A:0.32812    G:0.37500
position  2:    T:0.42188    C:0.10938    A:0.31250    G:0.15625
position  3:    T:0.35938    C:0.10938    A:0.31250    G:0.21875
Average         T:0.31250    C:0.11979    A:0.31771    G:0.25000

#35: Pronghorn      
position  1:    T:0.15625    C:0.14062    A:0.32812    G:0.37500
position  2:    T:0.42188    C:0.10938    A:0.31250    G:0.15625
position  3:    T:0.35938    C:0.10938    A:0.31250    G:0.21875
Average         T:0.31250    C:0.11979    A:0.31771    G:0.25000

#36: BlueWildebeest 
position  1:    T:0.15625    C:0.14062    A:0.32812    G:0.37500
position  2:    T:0.42188    C:0.10938    A:0.31250    G:0.15625
position  3:    T:0.34375    C:0.12500    A:0.31250    G:0.21875
Average         T:0.30729    C:0.12500    A:0.31771    G:0.25000

#37: Gemsbok        
position  1:    T:0.15625    C:0.14062    A:0.32812    G:0.37500
position  2:    T:0.42188    C:0.10938    A:0.31250    G:0.15625
position  3:    T:0.34375    C:0.12500    A:0.31250    G:0.21875
Average         T:0.30729    C:0.12500    A:0.31771    G:0.25000

#38: Yak            
position  1:    T:0.15625    C:0.14062    A:0.32812    G:0.37500
position  2:    T:0.42188    C:0.10938    A:0.31250    G:0.15625
position  3:    T:0.35938    C:0.10938    A:0.31250    G:0.21875
Average         T:0.31250    C:0.11979    A:0.31771    G:0.25000

#39: BlueSheep      
position  1:    T:0.15625    C:0.14062    A:0.32812    G:0.37500
position  2:    T:0.42188    C:0.10938    A:0.31250    G:0.15625
position  3:    T:0.35938    C:0.10938    A:0.31250    G:0.21875
Average         T:0.31250    C:0.11979    A:0.31771    G:0.25000

#40: BohorReedbuck  
position  1:    T:0.15625    C:0.14062    A:0.32812    G:0.37500
position  2:    T:0.42188    C:0.10938    A:0.31250    G:0.15625
position  3:    T:0.35938    C:0.10938    A:0.31250    G:0.21875
Average         T:0.31250    C:0.11979    A:0.31771    G:0.25000

#41: KirksDik       
position  1:    T:0.15625    C:0.14062    A:0.32812    G:0.37500
position  2:    T:0.42188    C:0.10938    A:0.31250    G:0.15625
position  3:    T:0.35938    C:0.10938    A:0.31250    G:0.21875
Average         T:0.31250    C:0.11979    A:0.31771    G:0.25000

#42: RoeDeer        
position  1:    T:0.15625    C:0.14062    A:0.32812    G:0.37500
position  2:    T:0.42188    C:0.10938    A:0.31250    G:0.15625
position  3:    T:0.35938    C:0.10938    A:0.31250    G:0.21875
Average         T:0.31250    C:0.11979    A:0.31771    G:0.25000

#43: WhiteLippedDeer
position  1:    T:0.15625    C:0.15625    A:0.31250    G:0.37500
position  2:    T:0.42188    C:0.10938    A:0.31250    G:0.15625
position  3:    T:0.35938    C:0.10938    A:0.31250    G:0.21875
Average         T:0.31250    C:0.12500    A:0.31250    G:0.25000

#44: ThomsonGazelle 
position  1:    T:0.15625    C:0.14062    A:0.32812    G:0.37500
position  2:    T:0.42188    C:0.10938    A:0.31250    G:0.15625
position  3:    T:0.34375    C:0.12500    A:0.31250    G:0.21875
Average         T:0.30729    C:0.12500    A:0.31771    G:0.25000

#45: MuntiacusCrinifrons
position  1:    T:0.15625    C:0.14062    A:0.32812    G:0.37500
position  2:    T:0.42188    C:0.10938    A:0.31250    G:0.15625
position  3:    T:0.35938    C:0.10938    A:0.31250    G:0.21875
Average         T:0.31250    C:0.11979    A:0.31771    G:0.25000

#46: WhiteTailedDeer
position  1:    T:0.15625    C:0.14062    A:0.32812    G:0.37500
position  2:    T:0.42188    C:0.10938    A:0.31250    G:0.15625
position  3:    T:0.35938    C:0.12500    A:0.29688    G:0.21875
Average         T:0.31250    C:0.12500    A:0.31250    G:0.25000

#47: Cattle         
position  1:    T:0.15625    C:0.14062    A:0.32812    G:0.37500
position  2:    T:0.42188    C:0.10938    A:0.31250    G:0.15625
position  3:    T:0.35938    C:0.10938    A:0.31250    G:0.21875
Average         T:0.31250    C:0.11979    A:0.31771    G:0.25000

#48: RoyalAntelope  
position  1:    T:0.15625    C:0.14062    A:0.32812    G:0.37500
position  2:    T:0.42188    C:0.10938    A:0.31250    G:0.15625
position  3:    T:0.35938    C:0.10938    A:0.31250    G:0.21875
Average         T:0.31250    C:0.11979    A:0.31771    G:0.25000

#49: Steenbok       
position  1:    T:0.15625    C:0.14062    A:0.32812    G:0.37500
position  2:    T:0.42188    C:0.10938    A:0.31250    G:0.15625
position  3:    T:0.35938    C:0.10938    A:0.31250    G:0.21875
Average         T:0.31250    C:0.11979    A:0.31771    G:0.25000

#50: Impala         
position  1:    T:0.15625    C:0.14062    A:0.32812    G:0.37500
position  2:    T:0.42188    C:0.10938    A:0.31250    G:0.15625
position  3:    T:0.34375    C:0.12500    A:0.31250    G:0.21875
Average         T:0.30729    C:0.12500    A:0.31771    G:0.25000

#51: Klipspringer   
position  1:    T:0.15625    C:0.14062    A:0.32812    G:0.37500
position  2:    T:0.42188    C:0.10938    A:0.31250    G:0.15625
