1
52 1
Argali 0.000000 0.210300 0.071100 0.242000 0.051400 0.004500 0.027500 0.051500 0.061300 0.076300 0.009100 0.037200 0.032300 0.018200 0.070000 0.046700 0.066400 0.085900 0.018300 0.061300 0.041700 0.022800 0.061300 0.076100 0.013600 0.046500 0.027600 0.076200 0.051200 0.071000 0.076400 0.022900 0.061200 0.032200 0.036900 0.032300 0.018200 0.070900 0.046500 0.107600 0.061400 0.041700 0.061500 0.076300 0.041900 0.065800 0.046700 0.027400 0.032300 0.056800 0.056700 0.061500
LesserMous 0.210300 0.000000 0.268800 0.280100 0.246900 0.216200 0.222900 0.237600 0.269000 0.235600 0.219500 0.220600 0.251500 0.221800 0.275000 0.229300 0.216000 0.233200 0.222600 0.268800 0.228800 0.216100 0.251700 0.234700 0.213900 0.235900 0.244500 0.288500 0.230900 0.256200 0.235800 0.244300 0.232200 0.238800 0.239000 0.225200 0.231300 0.260000 0.217000 0.265500 0.252000 0.217600 0.217500 0.234900 0.238000 0.264600 0.249600 0.224000 0.227900 0.235200 0.262100 0.257500
LesserKudu 0.071100 0.268800 0.000000 0.304500 0.107100 0.076000 0.085300 0.097000 0.017900 0.101400 0.071000 0.075700 0.079800 0.075100 0.116000 0.076800 0.116600 0.126400 0.081000 0.009100 0.086400 0.075900 0.085800 0.101200 0.076000 0.081500 0.074600 0.022700 0.071500 0.018200 0.101600 0.080200 0.111000 0.079700 0.089900 0.070400 0.080900 0.117700 0.081600 0.133700 0.085100 0.066500 0.096400 0.101400 0.070500 0.120600 0.081800 0.084800 0.060200 0.091500 0.013700 0.018300
KillerWhal 0.242000 0.280100 0.304500 0.000000 0.268900 0.248400 0.267300 0.277600 0.279000 0.261800 0.241500 0.278400 0.261700 0.253800 0.284000 0.275100 0.259100 0.264200 0.242300 0.291400 0.263200 0.235200 0.273400 0.290600 0.235900 0.288000 0.259500 0.312100 0.280200 0.304100 0.274300 0.254800 0.265300 0.253400 0.251600 0.258400 0.254000 0.283400 0.267800 0.289400 0.271300 0.280800 0.255100 0.285700 0.264500 0.293500 0.247900 0.253400 0.267800 0.275700 0.293100 0.274400
DefassaWat 0.051400 0.246900 0.107100 0.268900 0.000000 0.056200 0.051500 0.066600 0.096900 0.101300 0.051400 0.056900 0.066300 0.041800 0.095400 0.071500 0.092100 0.112200 0.061100 0.096900 0.056300 0.065900 0.075400 0.101000 0.056200 0.071300 0.061200 0.112600 0.076200 0.117300 0.101400 0.056200 0.086600 0.066100 0.071000 0.056600 0.061000 0.018400 0.061400 0.133800 0.075300 0.066200 0.085800 0.101200 0.066500 0.091200 0.071500 0.051300 0.056500 0.092300 0.102500 0.097100
Sheep 0.004500 0.216200 0.076000 0.248400 0.056200 0.000000 0.032200 0.056300 0.066200 0.081300 0.013600 0.042000 0.037000 0.022800 0.074900 0.051400 0.071300 0.090900 0.022900 0.066200 0.046500 0.027500 0.066200 0.081000 0.018200 0.051300 0.032200 0.081100 0.056000 0.075900 0.081300 0.027500 0.066100 0.036900 0.041600 0.037000 0.022800 0.075800 0.051300 0.112700 0.066200 0.046400 0.066400 0.081200 0.046600 0.070700 0.051500 0.032100 0.037000 0.061700 0.061500 0.066300
MaxwellsDu 0.027500 0.222900 0.085300 0.267300 0.051500 0.032200 0.000000 0.051600 0.075300 0.076600 0.027500 0.040900 0.041800 0.018200 0.070200 0.046800 0.066500 0.076200 0.036900 0.075200 0.041800 0.041600 0.061500 0.076300 0.032200 0.032300 0.037000 0.090600 0.051400 0.095200 0.076700 0.032200 0.065300 0.041700 0.046500 0.035600 0.036900 0.071100 0.046600 0.107900 0.061500 0.032300 0.061700 0.076500 0.045500 0.066000 0.056500 0.027500 0.032400 0.066700 0.080600 0.075300
GazellaPrz 0.051500 0.237600 0.097000 0.277600 0.066600 0.056300 0.051600 0.000000 0.086900 0.091000 0.051500 0.052200 0.065000 0.037100 0.056200 0.041000 0.082300 0.102200 0.056400 0.086900 0.047000 0.065100 0.066900 0.092000 0.056300 0.051800 0.059900 0.102400 0.055500 0.107200 0.091100 0.051600 0.086900 0.064800 0.069900 0.047000 0.061100 0.076700 0.051800 0.124900 0.067000 0.046900 0.075600 0.092400 0.056900 0.071500 0.052000 0.051400 0.047000 0.082400 0.092400 0.087100
MountainNy 0.061300 0.269000 0.017900 0.279000 0.096900 0.066200 0.075300 0.086900 0.000000 0.091300 0.061300 0.065900 0.069800 0.065200 0.105900 0.071800 0.106400 0.116100 0.061400 0.009100 0.076500 0.056400 0.075900 0.091100 0.066200 0.071600 0.064700 0.022600 0.071500 0.018200 0.091500 0.070200 0.111000 0.059700 0.079800 0.060700 0.071100 0.107400 0.061800 0.123200 0.075100 0.066500 0.086300 0.091400 0.060900 0.110300 0.062000 0.064900 0.050400 0.091500 0.013700 0.009100
MuntiacusM 0.076300 0.235600 0.101400 0.261800 0.101300 0.081300 0.076600 0.091000 0.091300 0.000000 0.076300 0.081300 0.090400 0.066400 0.111600 0.077300 0.081400 0.090500 0.086400 0.091400 0.071800 0.090200 0.051700 0.047100 0.071400 0.076900 0.084900 0.106900 0.082000 0.111500 0.018600 0.081400 0.095500 0.090000 0.095400 0.075800 0.086300 0.101500 0.087100 0.067400 0.051700 0.071800 0.013900 0.047200 0.076100 0.122200 0.077100 0.076200 0.061600 0.112500 0.096900 0.101900
goat 0.009100 0.219500 0.071000 0.241500 0.051400 0.013600 0.027500 0.051500 0.061300 0.076300 0.000000 0.037200 0.032300 0.018200 0.070000 0.046600 0.066400 0.085800 0.018300 0.061300 0.041700 0.022800 0.061300 0.076000 0.004500 0.046500 0.027500 0.076200 0.051200 0.080800 0.076400 0.022800 0.061200 0.032200 0.036900 0.032300 0.009100 0.070900 0.046400 0.107500 0.061300 0.041600 0.061500 0.076200 0.041800 0.075600 0.046700 0.027400 0.032300 0.056700 0.066400 0.061400
AfricanBuf 0.037200 0.220600 0.075700 0.278400 0.056900 0.042000 0.040900 0.052200 0.065900 0.081300 0.037200 0.000000 0.045100 0.031200 0.070900 0.047300 0.056600 0.085800 0.046800 0.065900 0.042300 0.051600 0.066100 0.081000 0.042000 0.047100 0.040100 0.080800 0.051900 0.085400 0.081400 0.036100 0.070600 0.045000 0.055000 0.026800 0.046700 0.066900 0.047100 0.112700 0.065300 0.042200 0.066400 0.081200 0.036400 0.085100 0.057100 0.040500 0.036000 0.066600 0.071100 0.066100
Topi 0.032300 0.251500 0.079800 0.261700 0.066300 0.037000 0.041800 0.065000 0.069800 0.090400 0.032300 0.045100 0.000000 0.032200 0.080200 0.059700 0.075100 0.095300 0.040500 0.069700 0.056400 0.046500 0.074900 0.090000 0.037000 0.061300 0.004500 0.085100 0.066100 0.089800 0.080000 0.037000 0.074700 0.009100 0.032200 0.039800 0.041700 0.086200 0.061200 0.111400 0.074800 0.056300 0.075000 0.090300 0.049700 0.091000 0.060100 0.039700 0.046700 0.069500 0.075100 0.070000
CommonDuik 0.018200 0.221800 0.075100 0.253800 0.041800 0.022800 0.018200 0.037100 0.065200 0.066400 0.018200 0.031200 0.032200 0.000000 0.060300 0.037100 0.056500 0.075800 0.027400 0.065200 0.032300 0.032100 0.051500 0.066200 0.022800 0.037000 0.027500 0.080300 0.041700 0.084900 0.066400 0.013600 0.055300 0.032200 0.036900 0.026000 0.027400 0.061100 0.037000 0.097200 0.051600 0.032200 0.051700 0.066300 0.035800 0.065800 0.046600 0.018200 0.022900 0.056700 0.070400 0.065200
Suni 0.070000 0.275000 0.116000 0.284000 0.095400 0.074900 0.070200 0.056200 0.105900 0.111600 0.070000 0.070900 0.080200 0.060300 0.000000 0.070700 0.091200 0.111000 0.079900 0.105900 0.065600 0.084700 0.095800 0.111200 0.074900 0.070500 0.075100 0.121600 0.075400 0.126300 0.111700 0.075000 0.105800 0.080000 0.085000 0.055900 0.079700 0.105700 0.070500 0.133600 0.095900 0.065500 0.096300 0.111500 0.060900 0.100300 0.080700 0.069900 0.065600 0.101500 0.111500 0.106200
Springbuck 0.046700 0.229300 0.076800 0.275100 0.071500 0.051400 0.046800 0.041000 0.071800 0.077300 0.046600 0.047300 0.059700 0.037100 0.070700 0.000000 0.077100 0.086800 0.056300 0.071800 0.042100 0.051400 0.061900 0.077000 0.051400 0.037400 0.054600 0.087000 0.027900 0.086700 0.077300 0.051500 0.071700 0.059500 0.064800 0.042200 0.056200 0.071600 0.046900 0.109000 0.062000 0.027800 0.062300 0.077200 0.042300 0.066400 0.056800 0.046600 0.042200 0.072300 0.077100 0.072000
Okapi 0.066400 0.216000 0.116600 0.259100 0.092100 0.071300 0.066500 0.082300 0.106400 0.081400 0.066400 0.056600 0.075100 0.056500 0.091200 0.077100 0.000000 0.037100 0.076400 0.106400 0.061900 0.080000 0.066200 0.081000 0.071300 0.076800 0.069900 0.111800 0.081900 0.126800 0.081400 0.061600 0.065100 0.074900 0.075100 0.061100 0.066400 0.092200 0.076800 0.087200 0.066200 0.071700 0.066400 0.081200 0.071100 0.101700 0.077100 0.056600 0.061400 0.086600 0.112000 0.106600
Giraffe 0.085900 0.233200 0.126400 0.264200 0.112200 0.090900 0.076200 0.102200 0.116100 0.090500 0.085800 0.085800 0.095300 0.075800 0.111000 0.086800 0.037100 0.000000 0.096100 0.116200 0.081400 0.100300 0.095500 0.090700 0.090900 0.086500 0.090000 0.121600 0.101700 0.136700 0.091200 0.091000 0.080000 0.095100 0.095400 0.080400 0.095900 0.101900 0.096600 0.107300 0.095600 0.081400 0.075300 0.091000 0.090600 0.101000 0.096900 0.085800 0.080900 0.106400 0.121800 0.116400
TibetanAnt 0.018300 0.222600 0.081000 0.242300 0.061100 0.022900 0.036900 0.056400 0.061400 0.086400 0.018300 0.046800 0.040500 0.027400 0.079900 0.056300 0.076400 0.096100 0.000000 0.071200 0.051300 0.022900 0.071200 0.086100 0.022900 0.056200 0.035600 0.086200 0.061000 0.081000 0.086500 0.032200 0.071100 0.030800 0.045400 0.041800 0.027500 0.080900 0.046600 0.116800 0.071300 0.051200 0.071400 0.086300 0.051500 0.085700 0.046800 0.027500 0.041700 0.066700 0.076400 0.061500
Sitatunga 0.061300 0.268800 0.009100 0.291400 0.096900 0.066200 0.075200 0.086900 0.009100 0.091400 0.061300 0.065900 0.069700 0.065200 0.105900 0.071800 0.106400 0.116200 0.071200 0.000000 0.076500 0.066200 0.076000 0.091200 0.066200 0.071600 0.064600 0.013700 0.071500 0.018300 0.091600 0.070200 0.100700 0.069600 0.079700 0.060700 0.071100 0.107400 0.071700 0.123300 0.075100 0.066500 0.086400 0.091500 0.060900 0.110200 0.071800 0.074800 0.050400 0.091500 0.004600 0.009100
Oribi 0.041700 0.228800 0.086400 0.263200 0.056300 0.046500 0.041800 0.047000 0.076500 0.071800 0.041700 0.042300 0.056400 0.032300 0.065600 0.042100 0.061900 0.081400 0.051300 0.076500 0.000000 0.056000 0.047100 0.071500 0.046500 0.042000 0.051400 0.091700 0.046700 0.096400 0.071900 0.046500 0.066400 0.056200 0.061100 0.037300 0.051200 0.056400 0.042000 0.103100 0.047100 0.037100 0.057000 0.071700 0.046900 0.071200 0.042100 0.041700 0.037200 0.071900 0.081800 0.076700
BarbaryShe 0.022800 0.216100 0.075900 0.235200 0.065900 0.027500 0.041600 0.065100 0.056400 0.090200 0.022800 0.051600 0.046500 0.032100 0.084700 0.051400 0.080000 0.100300 0.022900 0.066200 0.056000 0.000000 0.075000 0.080000 0.027500 0.060900 0.041600 0.081100 0.056000 0.075900 0.090400 0.036800 0.074800 0.036900 0.051200 0.046500 0.032100 0.085700 0.051300 0.122000 0.074900 0.056000 0.075000 0.080100 0.056200 0.090500 0.051500 0.032100 0.046400 0.066600 0.071300 0.056600
Daviddeer 0.061300 0.251700 0.085800 0.273400 0.075400 0.066200 0.061500 0.066900 0.075900 0.051700 0.061300 0.066100 0.074900 0.051500 0.095800 0.061900 0.066200 0.095500 0.071200 0.076000 0.047100 0.075000 0.000000 0.051500 0.066200 0.061700 0.069800 0.091100 0.066600 0.095700 0.051700 0.056500 0.080100 0.074800 0.079900 0.060900 0.061300 0.075500 0.071600 0.071800 0.000000 0.056700 0.046800 0.051600 0.061100 0.086100 0.052100 0.051600 0.046700 0.096600 0.081200 0.086100
Reindeer 0.076100 0.234700 0.101200 0.290600 0.101000 0.081000 0.076300 0.092000 0.091100 0.047100 0.076000 0.081000 0.090000 0.066200 0.111200 0.077000 0.081000 0.090700 0.086100 0.091200 0.071500 0.080000 0.051500 0.000000 0.081000 0.076700 0.084700 0.106700 0.081700 0.111300 0.047100 0.081100 0.095200 0.089800 0.095200 0.075600 0.086000 0.101200 0.076800 0.077100 0.051500 0.071500 0.042200 0.000000 0.075800 0.121700 0.076800 0.076000 0.061400 0.112100 0.096600 0.101600
Ibex 0.013600 0.213900 0.076000 0.235900 0.056200 0.018200 0.032200 0.056300 0.066200 0.071400 0.004500 0.042000 0.037000 0.022800 0.074900 0.051400 0.071300 0.090900 0.022900 0.066200 0.046500 0.027500 0.066200 0.081000 0.000000 0.051300 0.032200 0.081200 0.056000 0.085800 0.071500 0.027500 0.066100 0.036900 0.041600 0.037000 0.013600 0.075800 0.051200 0.112800 0.066200 0.046400 0.056700 0.081200 0.046600 0.080500 0.051500 0.032000 0.037000 0.061600 0.071400 0.066300
GyrantGaze 0.046500 0.235900 0.081500 0.288000 0.071300 0.051300 0.032300 0.051800 0.071600 0.076900 0.046500 0.047100 0.061300 0.037000 0.070500 0.037400 0.076800 0.086500 0.056200 0.071600 0.042000 0.060900 0.061700 0.076700 0.051300 0.000000 0.056300 0.086800 0.042000 0.091500 0.077000 0.051300 0.081400 0.061100 0.066000 0.042100 0.056100 0.081400 0.046800 0.108500 0.061800 0.022800 0.062000 0.076900 0.042200 0.066300 0.056700 0.046400 0.042000 0.077000 0.076900 0.071800
Hartebeest 0.027600 0.244500 0.074600 0.259500 0.061200 0.032200 0.037000 0.059900 0.064700 0.084900 0.027500 0.040100 0.004500 0.027500 0.075100 0.054600 0.069900 0.090000 0.035600 0.064600 0.051400 0.041600 0.069800 0.084700 0.032200 0.056300 0.000000 0.079900 0.061100 0.084500 0.074600 0.032300 0.069500 0.004500 0.027500 0.034800 0.036900 0.081000 0.056300 0.105800 0.069600 0.051300 0.069700 0.084800 0.044700 0.085800 0.054800 0.034700 0.041800 0.063900 0.069800 0.064600
Bongo 0.076200 0.288500 0.022700 0.312100 0.112600 0.081100 0.090600 0.102400 0.022600 0.106900 0.076200 0.080800 0.085100 0.080300 0.121600 0.087000 0.111800 0.121600 0.086200 0.013700 0.091700 0.081100 0.091100 0.106700 0.081200 0.086800 0.079900 0.000000 0.086700 0.032200 0.107100 0.085400 0.116500 0.084900 0.095300 0.075400 0.086100 0.123300 0.086900 0.139500 0.090400 0.081600 0.101800 0.107000 0.075600 0.126100 0.087100 0.090100 0.065400 0.107000 0.018400 0.023000
Gerenuk 0.051200 0.230900 0.071500 0.280200 0.076200 0.056000 0.051400 0.055500 0.071500 0.082000 0.051200 0.051900 0.066100 0.041700 0.075400 0.027900 0.081900 0.101700 0.061000 0.071500 0.046700 0.056000 0.066600 0.081700 0.056000 0.042000 0.061100 0.086700 0.000000 0.081400 0.082100 0.056100 0.086400 0.066000 0.070900 0.046800 0.060800 0.086300 0.051600 0.113800 0.066700 0.027700 0.067000 0.081900 0.046900 0.071200 0.051800 0.051200 0.046800 0.062100 0.076800 0.071700
CommonElan 0.071000 0.256200 0.018200 0.304100 0.117300 0.075900 0.095200 0.107200 0.018200 0.111500 0.080800 0.085400 0.089800 0.084900 0.126300 0.086700 0.126800 0.136700 0.081000 0.018300 0.096400 0.075900 0.095700 0.111300 0.085800 0.091500 0.084500 0.032200 0.081400 0.000000 0.111700 0.090100 0.121200 0.079600 0.099900 0.080000 0.090800 0.128000 0.081500 0.144200 0.095000 0.076300 0.106500 0.111600 0.080200 0.120400 0.081700 0.084700 0.070000 0.101500 0.013700 0.018300
MuntiacusR 0.076400 0.235800 0.101600 0.274300 0.101400 0.081300 0.076700 0.091100 0.091500 0.018600 0.076400 0.081400 0.080000 0.066400 0.111700 0.077300 0.081400 0.091200 0.086500 0.091600 0.071900 0.090400 0.051700 0.047100 0.071500 0.077000 0.074600 0.107100 0.082100 0.111700 0.000000 0.081400 0.095500 0.079600 0.095500 0.075900 0.086300 0.101600 0.087200 0.067400 0.051700 0.071900 0.013900 0.047200 0.076100 0.122300 0.077100 0.076300 0.061600 0.112600 0.097000 0.102000
HarveysDui 0.022900 0.244300 0.080200 0.254800 0.056200 0.027500 0.032200 0.051600 0.070200 0.081400 0.022800 0.036100 0.037000 0.013600 0.075000 0.051500 0.061600 0.091000 0.032200 0.070200 0.046500 0.036800 0.056500 0.081100 0.027500 0.051300 0.032300 0.085400 0.056100 0.090100 0.081400 0.000000 0.070200 0.037000 0.041700 0.040500 0.022900 0.075900 0.051300 0.102600 0.056600 0.046500 0.066500 0.081300 0.050400 0.070900 0.051600 0.022800 0.037000 0.061700 0.080100 0.070300
Pronghorn 0.061200 0.232200 0.111000 0.265300 0.086600 0.066100 0.065300 0.086900 0.111000 0.095500 0.061200 0.070600 0.074700 0.055300 0.105800 0.071700 0.065100 0.080000 0.071100 0.100700 0.066400 0.074800 0.080100 0.095200 0.066100 0.081400 0.069500 0.116500 0.086400 0.121200 0.095500 0.070200 0.000000 0.074600 0.069700 0.070100 0.070900 0.086600 0.081400 0.117000 0.080000 0.076200 0.080200 0.095400 0.080200 0.110300 0.081700 0.065100 0.070000 0.096100 0.106300 0.100900
BlueWildeb 0.032200 0.238800 0.079700 0.253400 0.066100 0.036900 0.041700 0.064800 0.059700 0.090000 0.032200 0.045000 0.009100 0.032200 0.080000 0.059500 0.074900 0.095100 0.030800 0.069600 0.056200 0.036900 0.074800 0.089800 0.036900 0.061100 0.004500 0.084900 0.066000 0.079600 0.079600 0.037000 0.074600 0.000000 0.032100 0.039700 0.041600 0.086000 0.051500 0.111000 0.074600 0.056200 0.074700 0.089900 0.049600 0.090800 0.049900 0.029900 0.046600 0.069000 0.074900 0.059700
Gemsbok 0.036900 0.239000 0.089900 0.251600 0.071000 0.041600 0.046500 0.069900 0.079800 0.095400 0.036900 0.055000 0.032200 0.036900 0.085000 0.064800 0.075100 0.095400 0.045400 0.079700 0.061100 0.051200 0.079900 0.095200 0.041600 0.066000 0.027500 0.095300 0.070900 0.099900 0.095500 0.041700 0.069700 0.032100 0.000000 0.049600 0.046400 0.091100 0.066100 0.106100 0.079900 0.061000 0.080100 0.095300 0.059600 0.095800 0.064900 0.044500 0.051400 0.074200 0.085100 0.079800
Yak 0.032300 0.225200 0.070400 0.258400 0.056600 0.037000 0.035600 0.047000 0.060700 0.075800 0.032300 0.026800 0.039800 0.026000 0.055900 0.042200 0.061100 0.080400 0.041800 0.060700 0.037300 0.046500 0.060900 0.075600 0.037000 0.042100 0.034800 0.075400 0.046800 0.080000 0.075900 0.040500 0.070100 0.039700 0.049600 0.000000 0.041700 0.066500 0.042000 0.106800 0.059900 0.037200 0.061100 0.075800 0.018200 0.079500 0.051900 0.035300 0.030700 0.061300 0.065800 0.060900
BlueSheep 0.018200 0.231300 0.080900 0.254000 0.061000 0.022800 0.036900 0.061100 0.071100 0.086300 0.009100 0.046700 0.041700 0.027400 0.079700 0.056200 0.066400 0.095900 0.027500 0.071100 0.051200 0.032100 0.061300 0.086000 0.013600 0.056100 0.036900 0.086100 0.060800 0.090800 0.086300 0.022900 0.070900 0.041600 0.046400 0.041700 0.000000 0.080700 0.056000 0.107600 0.061300 0.051100 0.071300 0.086200 0.051400 0.075600 0.056300 0.027400 0.041700 0.066500 0.076300 0.071200
BohorReedb 0.070900 0.260000 0.117700 0.283400 0.018400 0.075800 0.071100 0.076700 0.107400 0.101500 0.070900 0.066900 0.086200 0.061100 0.105700 0.071600 0.092200 0.101900 0.080900 0.107400 0.056400 0.085700 0.075500 0.101200 0.075800 0.081400 0.081000 0.123300 0.086300 0.128000 0.101600 0.075900 0.086600 0.086000 0.091100 0.066500 0.080700 0.000000 0.071400 0.134100 0.075400 0.076200 0.085900 0.101400 0.076600 0.091400 0.071600 0.070800 0.066400 0.102800 0.113000 0.107600
KirksDik 0.046500 0.217000 0.081600 0.267800 0.061400 0.051300 0.046600 0.051800 0.061800 0.087100 0.046400 0.047100 0.061200 0.037000 0.070500 0.046900 0.076800 0.096600 0.046600 0.071700 0.042000 0.051300 0.071600 0.076800 0.051200 0.046800 0.056300 0.086900 0.051600 0.081500 0.087200 0.051300 0.081400 0.051500 0.066100 0.042000 0.056000 0.071400 0.000000 0.119200 0.071700 0.041900 0.072000 0.077000 0.051800 0.076100 0.047000 0.037000 0.032500 0.077000 0.076900 0.060800
RoeDeer 0.107600 0.265500 0.133700 0.289400 0.133800 0.112700 0.107900 0.124900 0.123200 0.067400 0.107500 0.112700 0.111400 0.097200 0.133600 0.109000 0.087200 0.107300 0.116800 0.123300 0.103100 0.122000 0.071800 0.077100 0.112800 0.108500 0.105800 0.139500 0.113800 0.144200 0.067400 0.102600 0.117000 0.111000 0.106100 0.106800 0.107600 0.134100 0.119200 0.000000 0.071900 0.103000 0.062400 0.077300 0.107200 0.133900 0.108800 0.097200 0.092200 0.144800 0.129100 0.134300
WhiteLippe 0.061400 0.252000 0.085100 0.271300 0.075300 0.066200 0.061500 0.067000 0.075100 0.051700 0.061300 0.065300 0.074800 0.051600 0.095900 0.062000 0.066200 0.095600 0.071300 0.075100 0.047100 0.074900 0.000000 0.051500 0.066200 0.061800 0.069600 0.090400 0.066700 0.095000 0.051700 0.056600 0.080000 0.074600 0.079900 0.059900 0.061300 0.075400 0.071700 0.071900 0.000000 0.056800 0.046900 0.051600 0.060000 0.086200 0.052100 0.051600 0.046800 0.096700 0.080400 0.085300
ThomsonGaz 0.041700 0.217600 0.066500 0.280800 0.066200 0.046400 0.032300 0.046900 0.066500 0.071800 0.041600 0.042200 0.056300 0.032200 0.065500 0.027800 0.071700 0.081400 0.051200 0.066500 0.037100 0.056000 0.056700 0.071500 0.046400 0.022800 0.051300 0.081600 0.027700 0.076300 0.071900 0.046500 0.076200 0.056200 0.061000 0.037200 0.051100 0.076200 0.041900 0.103000 0.056800 0.000000 0.057000 0.071700 0.037300 0.061300 0.051700 0.041600 0.037200 0.062000 0.071700 0.066700
MuntiacusC 0.061500 0.217500 0.096400 0.255100 0.085800 0.066400 0.061700 0.075600 0.086300 0.013900 0.061500 0.066400 0.075000 0.051700 0.096300 0.062300 0.066400 0.075300 0.071400 0.086400 0.057000 0.075000 0.046800 0.042200 0.056700 0.062000 0.069700 0.101800 0.067000 0.106500 0.013900 0.066500 0.080200 0.074700 0.080100 0.061100 0.071300 0.085900 0.072000 0.062400 0.046900 0.057000 0.000000 0.042300 0.061300 0.106600 0.072100 0.061400 0.056700 0.097000 0.091800 0.086600
WhiteTaile 0.076300 0.234900 0.101400 0.285700 0.101200 0.081200 0.076500 0.092400 0.091400 0.047200 0.076200 0.081200 0.090300 0.066300 0.111500 0.077200 0.081200 0.091000 0.086300 0.091500 0.071700 0.080100 0.051600 0.000000 0.081200 0.076900 0.084800 0.107000 0.081900 0.111600 0.047200 0.081300 0.095400 0.089900 0.095300 0.075800 0.086200 0.101400 0.077000 0.077300 0.051600 0.071700 0.042300 0.000000 0.076000 0.122000 0.077000 0.076200 0.061500 0.112400 0.096900 0.101900
Cattle 0.041900 0.238000 0.070500 0.264500 0.066500 0.046600 0.045500 0.056900 0.060900 0.076100 0.041800 0.036400 0.049700 0.035800 0.060900 0.042300 0.071100 0.090600 0.051500 0.060900 0.046900 0.056200 0.061100 0.075800 0.046600 0.042200 0.044700 0.075600 0.046900 0.080200 0.076100 0.050400 0.080200 0.049600 0.059600 0.018200 0.051400 0.076600 0.051800 0.107200 0.060000 0.037300 0.061300 0.076000 0.000000 0.089700 0.061800 0.045100 0.040500 0.071300 0.066000 0.061000
RoyalAntel 0.065800 0.264600 0.120600 0.293500 0.091200 0.070700 0.066000 0.071500 0.110300 0.122200 0.075600 0.085100 0.091000 0.065800 0.100300 0.066400 0.101700 0.101000 0.085700 0.110200 0.071200 0.090500 0.086100 0.121700 0.080500 0.066300 0.085800 0.126100 0.071200 0.120400 0.122300 0.070900 0.110300 0.090800 0.095800 0.079500 0.075600 0.091400 0.076100 0.133900 0.086200 0.061300 0.106600 0.122000 0.089700 0.000000 0.076500 0.065800 0.075500 0.112100 0.105500 0.110600
Steenbok 0.046700 0.249600 0.081800 0.247900 0.071500 0.051500 0.056500 0.052000 0.062000 0.077100 0.046700 0.057100 0.060100 0.046600 0.080700 0.056800 0.077100 0.096900 0.046800 0.071800 0.042100 0.051500 0.052100 0.076800 0.051500 0.056700 0.054800 0.087100 0.051800 0.081700 0.077100 0.051600 0.081700 0.049900 0.064900 0.051900 0.056300 0.071600 0.047000 0.108800 0.052100 0.051700 0.072100 0.077000 0.061800 0.076500 0.000000 0.046700 0.042100 0.067400 0.077200 0.072100
Impala 0.027400 0.224000 0.084800 0.253400 0.051300 0.032100 0.027500 0.051400 0.064900 0.076200 0.027400 0.040500 0.039700 0.018200 0.069900 0.046600 0.056600 0.085800 0.027500 0.074800 0.041700 0.032100 0.051600 0.076000 0.032000 0.046400 0.034700 0.090100 0.051200 0.084700 0.076300 0.022800 0.065100 0.029900 0.044500 0.035300 0.027400 0.070800 0.037000 0.097200 0.051600 0.041600 0.061400 0.076200 0.045100 0.065800 0.046700 0.000000 0.032200 0.066500 0.080100 0.065000
Klipspring 0.032300 0.227900 0.060200 0.267800 0.056500 0.037000 0.032400 0.047000 0.050400 0.061600 0.032300 0.036000 0.046700 0.022900 0.065600 0.042200 0.061400 0.080900 0.041700 0.050400 0.037200 0.046400 0.046700 0.061400 0.037000 0.042000 0.041800 0.065400 0.046800 0.070000 0.061600 0.037000 0.070000 0.046600 0.051400 0.030700 0.041700 0.066400 0.032500 0.092200 0.046800 0.037200 0.056700 0.061500 0.040500 0.075500 0.042100 0.032200 0.000000 0.061600 0.055500 0.060500
ForestMusk 0.056800 0.235200 0.091500 0.275700 0.092300 0.061700 0.066700 0.082400 0.091500 0.112500 0.056700 0.066600 0.069500 0.056700 0.101500 0.072300 0.086600 0.106400 0.066700 0.091500 0.071900 0.066600 0.096600 0.112100 0.061600 0.077000 0.063900 0.107000 0.062100 0.101500 0.112600 0.061700 0.096100 0.069000 0.074200 0.061300 0.066500 0.102800 0.077000 0.144800 0.096700 0.062000 0.097000 0.112400 0.071300 0.112100 0.067400 0.066500 0.061600 0.000000 0.097000 0.091700
Bushbuck 0.056700 0.262100 0.013700 0.293100 0.102500 0.061500 0.080600 0.092400 0.013700 0.096900 0.066400 0.071100 0.075100 0.070400 0.111500 0.077100 0.112000 0.121800 0.076400 0.004600 0.081800 0.071300 0.081200 0.096600 0.071400 0.076900 0.069800 0.018400 0.076800 0.013700 0.097000 0.080100 0.106300 0.074900 0.085100 0.065800 0.076300 0.113000 0.076900 0.129100 0.080400 0.071700 0.091800 0.096900 0.066000 0.105500 0.077200 0.080100 0.055500 0.097000 0.000000 0.013800
GreaterKud 0.061500 0.257500 0.018300 0.274400 0.097100 0.066300 0.075300 0.087100 0.009100 0.101900 0.061400 0.066100 0.070000 0.065200 0.106200 0.072000 0.106600 0.116400 0.061500 0.009100 0.076700 0.056600 0.086100 0.101600 0.066300 0.071800 0.064600 0.023000 0.071700 0.018300 0.102000 0.070300 0.100900 0.059700 0.079800 0.060900 0.071200 0.107600 0.060800 0.134300 0.085300 0.066700 0.086600 0.101900 0.061000 0.110600 0.072100 0.065000 0.060500 0.091700 0.013800 0.000000
