1
52 1
Argali 0.000000 0.127300 0.107000 0.122000 0.084500 0.000000 0.052100 0.020000 0.096900 0.084300 0.009900 0.051300 0.062200 0.063300 0.030600 0.073600 0.095000 0.083700 0.040300 0.119200 0.062700 0.009900 0.113900 0.107800 0.019900 0.040800 0.051400 0.107000 0.041000 0.107000 0.084300 0.062700 0.083800 0.051400 0.051400 0.094800 0.030100 0.074100 0.051300 0.109200 0.113900 0.040900 0.084300 0.084400 0.129100 0.085400 0.041000 0.050900 0.072600 0.083800 0.107000 0.107000
LesserMous 0.127300 0.000000 0.121100 0.117800 0.120300 0.127300 0.097300 0.126300 0.106200 0.103800 0.137800 0.093500 0.105200 0.106900 0.093900 0.105900 0.107800 0.096900 0.126800 0.133800 0.106100 0.139000 0.132000 0.104800 0.125600 0.127600 0.093800 0.121100 0.139800 0.121100 0.103800 0.108700 0.096000 0.093800 0.105300 0.114900 0.103600 0.106800 0.139600 0.117100 0.132000 0.127800 0.103800 0.103800 0.149300 0.109300 0.151900 0.103800 0.115500 0.103900 0.121100 0.121100
LesserKudu 0.107000 0.121100 0.000000 0.111400 0.085100 0.107000 0.052700 0.083500 0.074900 0.062400 0.117300 0.051600 0.052100 0.053100 0.074200 0.098000 0.051600 0.040800 0.083600 0.020300 0.097600 0.118600 0.092700 0.085400 0.105700 0.107600 0.062900 0.000000 0.097300 0.000000 0.062400 0.052600 0.041000 0.062900 0.107500 0.072600 0.083600 0.074600 0.118900 0.086200 0.092700 0.107300 0.062400 0.062300 0.105700 0.075000 0.108200 0.095600 0.073000 0.072800 0.000000 0.000000
KillerWhal 0.122000 0.117800 0.111400 0.000000 0.099100 0.122000 0.076400 0.098300 0.125100 0.087500 0.133600 0.076300 0.087600 0.088600 0.099700 0.124600 0.098900 0.087200 0.110100 0.124300 0.124400 0.134000 0.098600 0.110500 0.121500 0.095000 0.099200 0.111400 0.111600 0.111400 0.087500 0.087500 0.086400 0.099200 0.136300 0.098800 0.110200 0.089600 0.127000 0.101900 0.098600 0.094600 0.087500 0.087500 0.134200 0.089300 0.121100 0.133800 0.099200 0.098700 0.111400 0.111400
DefassaWat 0.084500 0.120300 0.085100 0.099100 0.000000 0.084500 0.031100 0.062100 0.106000 0.062900 0.095100 0.030700 0.041400 0.042000 0.052100 0.081100 0.068600 0.062600 0.062100 0.097100 0.080800 0.095900 0.098000 0.085800 0.083700 0.084800 0.052000 0.085100 0.074300 0.085100 0.062900 0.041600 0.062700 0.052000 0.085100 0.073500 0.062100 0.031000 0.096500 0.063600 0.098000 0.084800 0.062900 0.062900 0.095900 0.052800 0.085200 0.092000 0.051800 0.073600 0.085100 0.085100
Sheep 0.000000 0.127300 0.107000 0.122000 0.084500 0.000000 0.052100 0.020000 0.096900 0.084300 0.009900 0.051300 0.062200 0.063300 0.030600 0.073600 0.095000 0.083700 0.040300 0.119200 0.062700 0.009900 0.113900 0.107800 0.019900 0.040800 0.051400 0.107000 0.041000 0.107000 0.084300 0.062700 0.083800 0.051400 0.051400 0.094800 0.030100 0.074100 0.051300 0.109200 0.113900 0.040900 0.084300 0.084400 0.129100 0.085400 0.041000 0.050900 0.072600 0.083800 0.107000 0.107000
MaxwellsDu 0.052100 0.097300 0.052700 0.076400 0.031100 0.052100 0.000000 0.030700 0.064700 0.031000 0.062600 0.000100 0.010200 0.010400 0.020700 0.042100 0.041600 0.031000 0.030700 0.063900 0.042200 0.063000 0.055700 0.052800 0.051700 0.052400 0.020600 0.052700 0.041800 0.052700 0.031000 0.010300 0.031000 0.020600 0.052700 0.041500 0.030700 0.020800 0.063400 0.053000 0.055700 0.052300 0.031000 0.030900 0.074100 0.031400 0.052500 0.052100 0.020500 0.041500 0.052700 0.052700
GazellaPrz 0.020000 0.126300 0.083500 0.098300 0.062100 0.020000 0.030700 0.000000 0.085300 0.062000 0.029900 0.030100 0.040700 0.041400 0.030500 0.062400 0.072400 0.061300 0.029900 0.095100 0.051700 0.030200 0.090900 0.084600 0.019800 0.020100 0.051200 0.083500 0.030400 0.083500 0.062000 0.041000 0.061600 0.051200 0.051000 0.072100 0.029900 0.051700 0.051000 0.085600 0.090900 0.020100 0.062000 0.062100 0.105100 0.062800 0.020100 0.050800 0.050700 0.072200 0.083500 0.083500
MountainNy 0.096900 0.106200 0.074900 0.125100 0.106000 0.096900 0.064700 0.085300 0.000000 0.074500 0.108000 0.063800 0.075300 0.076400 0.075300 0.020500 0.085900 0.074600 0.074100 0.086800 0.031100 0.108500 0.105000 0.098200 0.096400 0.109500 0.075100 0.074900 0.098300 0.074900 0.074500 0.075800 0.074100 0.075100 0.074700 0.085700 0.062900 0.088200 0.109400 0.098900 0.105000 0.109100 0.074500 0.074500 0.120300 0.105100 0.086600 0.063000 0.086100 0.079400 0.074900 0.074900
MuntiacusM 0.084300 0.103800 0.062400 0.087500 0.062900 0.084300 0.031000 0.062000 0.074500 0.000000 0.095100 0.030600 0.041200 0.041800 0.052100 0.074400 0.051300 0.040700 0.062000 0.073900 0.074500 0.095700 0.020100 0.020200 0.083700 0.088300 0.051800 0.062400 0.076500 0.062400 0.000000 0.041500 0.040700 0.051800 0.085100 0.051200 0.062000 0.052700 0.102500 0.020400 0.020100 0.087000 0.000000 0.000100 0.083700 0.063400 0.084900 0.084100 0.051600 0.051300 0.062400 0.062400
goat 0.009900 0.137800 0.117300 0.133600 0.095100 0.009900 0.062600 0.029900 0.108000 0.095100 0.000000 0.061300 0.072600 0.074000 0.040800 0.084300 0.105700 0.093900 0.050200 0.129600 0.073200 0.019900 0.126500 0.118900 0.009800 0.051100 0.061600 0.117300 0.051200 0.117300 0.095100 0.073200 0.094500 0.061600 0.061500 0.104900 0.040000 0.084400 0.061400 0.120600 0.126500 0.051100 0.095100 0.095200 0.139300 0.096200 0.051300 0.061100 0.082700 0.093900 0.117300 0.117300
AfricanBuf 0.051300 0.093500 0.051600 0.076300 0.030700 0.051300 0.000100 0.030100 0.063800 0.030600 0.061300 0.000000 0.010100 0.010200 0.020400 0.041500 0.040900 0.030300 0.030100 0.062700 0.041600 0.062000 0.057200 0.052100 0.050700 0.051500 0.020300 0.051600 0.041200 0.051600 0.030600 0.010100 0.030500 0.020300 0.051600 0.040700 0.030100 0.020500 0.062200 0.052600 0.057200 0.051500 0.030600 0.030500 0.072600 0.031000 0.051800 0.051200 0.020100 0.040700 0.051600 0.051600
Topi 0.062200 0.105200 0.052100 0.087600 0.041400 0.062200 0.010200 0.040700 0.075300 0.041200 0.072600 0.010100 0.000000 0.000100 0.030900 0.052500 0.051700 0.041100 0.040700 0.063300 0.052600 0.073100 0.068000 0.063200 0.061800 0.062600 0.010100 0.052100 0.052100 0.052100 0.041200 0.000100 0.041100 0.010100 0.062800 0.051500 0.040800 0.031200 0.073600 0.063800 0.068000 0.062600 0.041200 0.041100 0.084000 0.031200 0.062800 0.040900 0.030600 0.051700 0.052100 0.052100
CommonDuik 0.063300 0.106900 0.053100 0.088600 0.042000 0.063300 0.010400 0.041400 0.076400 0.041800 0.074000 0.010200 0.000100 0.000000 0.031400 0.053200 0.052700 0.041800 0.041400 0.064400 0.053400 0.074400 0.067700 0.064100 0.062900 0.063700 0.010300 0.053100 0.052900 0.053100 0.041800 0.000100 0.041800 0.010300 0.063800 0.052600 0.041400 0.031600 0.075000 0.064500 0.067700 0.063600 0.041800 0.041700 0.085800 0.031600 0.063700 0.041600 0.031100 0.052400 0.053100 0.053100
Suni 0.030600 0.093900 0.074200 0.099700 0.052100 0.030600 0.020700 0.030500 0.075300 0.052100 0.040800 0.020400 0.030900 0.031400 0.000000 0.052600 0.062500 0.051900 0.030500 0.085900 0.052700 0.041100 0.080000 0.074600 0.030400 0.052000 0.020400 0.074200 0.041600 0.074200 0.052100 0.031100 0.051900 0.020400 0.030900 0.062600 0.010000 0.041900 0.041300 0.075100 0.080000 0.052000 0.052100 0.052000 0.095800 0.052700 0.052200 0.030400 0.041200 0.051900 0.074200 0.074200
Springbuck 0.073600 0.105900 0.098000 0.124600 0.081100 0.073600 0.042100 0.062400 0.020500 0.074400 0.084300 0.041500 0.052500 0.053200 0.052600 0.000000 0.085600 0.074400 0.051700 0.110500 0.010100 0.084800 0.104300 0.097900 0.073100 0.085400 0.052400 0.098000 0.074500 0.098000 0.074400 0.052800 0.073900 0.052400 0.052100 0.085500 0.041000 0.064500 0.085400 0.098800 0.104300 0.085300 0.074400 0.074400 0.120100 0.080000 0.063300 0.041000 0.063100 0.079200 0.098000 0.098000
Okapi 0.095000 0.107800 0.051600 0.098900 0.068600 0.095000 0.041600 0.072400 0.085900 0.051300 0.105700 0.040900 0.051700 0.052700 0.062500 0.085600 0.000000 0.010000 0.072500 0.062700 0.085600 0.106300 0.078800 0.073500 0.094300 0.095600 0.062500 0.051600 0.085100 0.051600 0.051300 0.052200 0.010000 0.062500 0.095900 0.061700 0.072500 0.063200 0.107100 0.073900 0.078800 0.095300 0.051300 0.051200 0.094300 0.074500 0.095900 0.094400 0.062100 0.061800 0.051600 0.051600
Giraffe 0.083700 0.096900 0.040800 0.087200 0.062600 0.083700 0.031000 0.061300 0.074600 0.040700 0.093900 0.030300 0.041100 0.041800 0.051900 0.074400 0.010000 0.000000 0.061400 0.051600 0.074300 0.094900 0.068400 0.062500 0.082700 0.084100 0.051600 0.040800 0.073900 0.040800 0.040700 0.041400 0.000100 0.051600 0.084200 0.050800 0.061400 0.052200 0.095200 0.063100 0.068400 0.083900 0.040700 0.040600 0.082800 0.063500 0.084600 0.083600 0.051100 0.050900 0.040800 0.040800
TibetanAnt 0.040300 0.126800 0.083600 0.110100 0.062100 0.040300 0.030700 0.029900 0.074100 0.062000 0.050200 0.030100 0.040700 0.041400 0.030500 0.051700 0.072500 0.061400 0.000000 0.095300 0.062600 0.050700 0.091300 0.084600 0.050300 0.051100 0.051200 0.083600 0.030400 0.083600 0.062000 0.041100 0.061600 0.051200 0.040600 0.072000 0.019800 0.051800 0.061600 0.085600 0.091300 0.051100 0.062000 0.062000 0.105000 0.062900 0.051400 0.040300 0.050700 0.072300 0.083600 0.083600
Sitatunga 0.119200 0.133800 0.020300 0.124300 0.097100 0.119200 0.063900 0.095100 0.086800 0.073900 0.129600 0.062700 0.063300 0.064400 0.085900 0.110500 0.062700 0.051600 0.095300 0.000000 0.109900 0.119400 0.105100 0.097400 0.117800 0.119900 0.074400 0.020300 0.109700 0.020300 0.073900 0.063800 0.051900 0.074400 0.119900 0.084000 0.095300 0.086400 0.131500 0.098400 0.105100 0.119600 0.073900 0.073700 0.117700 0.075500 0.120800 0.107700 0.084500 0.084300 0.020300 0.020300
Oribi 0.062700 0.106100 0.097600 0.124400 0.080800 0.062700 0.042200 0.051700 0.031100 0.074500 0.073200 0.041600 0.052600 0.053400 0.052700 0.010100 0.085600 0.074300 0.062600 0.109900 0.000000 0.073700 0.103900 0.097900 0.062200 0.074300 0.052400 0.097600 0.063500 0.097600 0.074500 0.053000 0.074300 0.052400 0.063000 0.085400 0.051600 0.064500 0.074100 0.098900 0.103900 0.074200 0.074500 0.074600 0.119800 0.079700 0.052400 0.051700 0.063100 0.073300 0.097600 0.097600
BarbaryShe 0.009900 0.139000 0.118600 0.134000 0.095900 0.009900 0.063000 0.030200 0.108500 0.095700 0.019900 0.062000 0.073100 0.074400 0.041100 0.084800 0.106300 0.094900 0.050700 0.119400 0.073700 0.000000 0.126000 0.119600 0.030000 0.051300 0.062100 0.118600 0.051600 0.118600 0.095700 0.073600 0.095000 0.062100 0.062200 0.106100 0.040400 0.085400 0.062000 0.121300 0.126000 0.051400 0.095700 0.095800 0.140900 0.096900 0.051600 0.061500 0.083600 0.095000 0.118600 0.118600
Daviddeer 0.113900 0.132000 0.092700 0.098600 0.098000 0.113900 0.055700 0.090900 0.105000 0.020100 0.126500 0.057200 0.068000 0.067700 0.080000 0.104300 0.078800 0.068400 0.091300 0.105100 0.103900 0.126000 0.000000 0.041300 0.114500 0.107400 0.079800 0.092700 0.096500 0.092700 0.020100 0.067000 0.066500 0.079800 0.116900 0.073100 0.091500 0.082000 0.119900 0.041600 0.000000 0.107000 0.020100 0.020100 0.106600 0.086200 0.114500 0.114500 0.079800 0.080100 0.092700 0.092700
Reindeer 0.107800 0.104800 0.085400 0.110500 0.085800 0.107800 0.052800 0.084600 0.098200 0.020200 0.118900 0.052100 0.063200 0.064100 0.074600 0.097900 0.073500 0.062500 0.084600 0.097400 0.097900 0.119600 0.041300 0.000000 0.107100 0.108200 0.074200 0.085400 0.097100 0.085400 0.020200 0.063600 0.062500 0.074200 0.109000 0.062700 0.084600 0.075500 0.121000 0.041800 0.041300 0.107800 0.020200 0.020200 0.096100 0.075600 0.108600 0.107500 0.073900 0.073500 0.085400 0.085400
Ibex 0.019900 0.125600 0.105700 0.121500 0.083700 0.019900 0.051700 0.019800 0.096400 0.083700 0.009800 0.050700 0.061800 0.062900 0.030400 0.073100 0.094300 0.082700 0.050300 0.117800 0.062200 0.030000 0.114500 0.107100 0.000000 0.040600 0.051000 0.105700 0.051200 0.105700 0.083700 0.062300 0.083200 0.051000 0.050900 0.093700 0.029700 0.073300 0.050700 0.108500 0.114500 0.040500 0.083700 0.083800 0.127600 0.084800 0.040700 0.050600 0.071800 0.082800 0.105700 0.105700
GyrantGaze 0.040800 0.127600 0.107600 0.095000 0.084800 0.040800 0.052400 0.020100 0.109500 0.088300 0.051100 0.051500 0.062600 0.063700 0.052000 0.085400 0.095600 0.084100 0.051100 0.119900 0.074300 0.051300 0.107400 0.108200 0.040600 0.000000 0.073500 0.107600 0.030300 0.107600 0.088300 0.063100 0.084200 0.073500 0.073500 0.095400 0.051100 0.074500 0.061600 0.115000 0.107400 0.000100 0.088300 0.088400 0.130000 0.085900 0.041200 0.072900 0.073000 0.095700 0.107600 0.107600
Hartebeest 0.051400 0.093800 0.062900 0.099200 0.052000 0.051400 0.020600 0.051200 0.075100 0.051800 0.061600 0.020300 0.010100 0.010300 0.020400 0.052400 0.062500 0.051600 0.051200 0.074400 0.052400 0.062100 0.079800 0.074200 0.051000 0.073500 0.000000 0.062900 0.062900 0.062900 0.051800 0.010200 0.051700 0.000000 0.051900 0.062200 0.030300 0.041800 0.062500 0.074900 0.079800 0.073500 0.051800 0.051700 0.095100 0.044600 0.073700 0.030400 0.041000 0.051600 0.062900 0.062900
Bongo 0.107000 0.121100 0.000000 0.111400 0.085100 0.107000 0.052700 0.083500 0.074900 0.062400 0.117300 0.051600 0.052100 0.053100 0.074200 0.098000 0.051600 0.040800 0.083600 0.020300 0.097600 0.118600 0.092700 0.085400 0.105700 0.107600 0.062900 0.000000 0.097300 0.000000 0.062400 0.052600 0.041000 0.062900 0.107500 0.072600 0.083600 0.074600 0.118900 0.086200 0.092700 0.107300 0.062400 0.062300 0.105700 0.075000 0.108200 0.095600 0.073000 0.072800 0.000000 0.000000
Gerenuk 0.041000 0.139800 0.097300 0.111600 0.074300 0.041000 0.041800 0.030400 0.098300 0.076500 0.051200 0.041200 0.052100 0.052900 0.041600 0.074500 0.085100 0.073900 0.030400 0.109700 0.063500 0.051600 0.096500 0.097100 0.051200 0.030300 0.062900 0.097300 0.000000 0.097300 0.076500 0.052400 0.073700 0.062900 0.063000 0.084900 0.040800 0.064000 0.056300 0.102400 0.096500 0.030300 0.076500 0.076400 0.119300 0.074800 0.052100 0.062200 0.062600 0.085200 0.097300 0.097300
CommonElan 0.107000 0.121100 0.000000 0.111400 0.085100 0.107000 0.052700 0.083500 0.074900 0.062400 0.117300 0.051600 0.052100 0.053100 0.074200 0.098000 0.051600 0.040800 0.083600 0.020300 0.097600 0.118600 0.092700 0.085400 0.105700 0.107600 0.062900 0.000000 0.097300 0.000000 0.062400 0.052600 0.041000 0.062900 0.107500 0.072600 0.083600 0.074600 0.118900 0.086200 0.092700 0.107300 0.062400 0.062300 0.105700 0.075000 0.108200 0.095600 0.073000 0.072800 0.000000 0.000000
MuntiacusR 0.084300 0.103800 0.062400 0.087500 0.062900 0.084300 0.031000 0.062000 0.074500 0.000000 0.095100 0.030600 0.041200 0.041800 0.052100 0.074400 0.051300 0.040700 0.062000 0.073900 0.074500 0.095700 0.020100 0.020200 0.083700 0.088300 0.051800 0.062400 0.076500 0.062400 0.000000 0.041500 0.040700 0.051800 0.085100 0.051200 0.062000 0.052700 0.102500 0.020400 0.020100 0.087000 0.000000 0.000100 0.083700 0.063400 0.084900 0.084100 0.051600 0.051300 0.062400 0.062400
HarveysDui 0.062700 0.108700 0.052600 0.087500 0.041600 0.062700 0.010300 0.041000 0.075800 0.041500 0.073200 0.010100 0.000100 0.000100 0.031100 0.052800 0.052200 0.041400 0.041100 0.063800 0.053000 0.073600 0.067000 0.063600 0.062300 0.063100 0.010200 0.052600 0.052400 0.052600 0.041500 0.000000 0.041400 0.010200 0.063400 0.052100 0.041100 0.031300 0.074300 0.063900 0.067000 0.063100 0.041500 0.041400 0.085000 0.031300 0.063300 0.041300 0.030800 0.052100 0.052600 0.052600
Pronghorn 0.083800 0.096000 0.041000 0.086400 0.062700 0.083800 0.031000 0.061600 0.074100 0.040700 0.094500 0.030500 0.041100 0.041800 0.051900 0.073900 0.010000 0.000100 0.061600 0.051900 0.074300 0.095000 0.066500 0.062500 0.083200 0.084200 0.051700 0.041000 0.073700 0.041000 0.040700 0.041400 0.000000 0.051700 0.084700 0.051100 0.061700 0.052500 0.095800 0.063000 0.066500 0.083800 0.040700 0.040600 0.083400 0.063200 0.084500 0.083700 0.051400 0.055900 0.041000 0.041000
BlueWildeb 0.051400 0.093800 0.062900 0.099200 0.052000 0.051400 0.020600 0.051200 0.075100 0.051800 0.061600 0.020300 0.010100 0.010300 0.020400 0.052400 0.062500 0.051600 0.051200 0.074400 0.052400 0.062100 0.079800 0.074200 0.051000 0.073500 0.000000 0.062900 0.062900 0.062900 0.051800 0.010200 0.051700 0.000000 0.051900 0.062200 0.030300 0.041800 0.062500 0.074900 0.079800 0.073500 0.051800 0.051700 0.095100 0.044600 0.073700 0.030400 0.041000 0.051600 0.062900 0.062900
Gemsbok 0.051400 0.105300 0.107500 0.136300 0.085100 0.051400 0.052700 0.051000 0.074700 0.085100 0.061500 0.051600 0.062800 0.063800 0.030900 0.052100 0.095900 0.084200 0.040600 0.119900 0.063000 0.062200 0.116900 0.109000 0.050900 0.073500 0.051900 0.107500 0.063000 0.107500 0.085100 0.063400 0.084700 0.051900 0.000000 0.095300 0.020000 0.074600 0.062200 0.110300 0.116900 0.073500 0.085100 0.085200 0.129600 0.086100 0.062700 0.040800 0.073000 0.084200 0.107500 0.107500
Yak 0.094800 0.114900 0.072600 0.098800 0.073500 0.094800 0.041500 0.072100 0.085700 0.051200 0.104900 0.040700 0.051500 0.052600 0.062600 0.085500 0.061700 0.050800 0.072000 0.084000 0.085400 0.106100 0.073100 0.062700 0.093700 0.095400 0.062200 0.072600 0.084900 0.072600 0.051200 0.052100 0.051100 0.062200 0.095300 0.000000 0.072100 0.063000 0.106500 0.074100 0.073100 0.095200 0.051200 0.051100 0.030000 0.052600 0.095800 0.094700 0.061800 0.061500 0.072600 0.072600
BlueSheep 0.030100 0.103600 0.083600 0.110200 0.062100 0.030100 0.030700 0.029900 0.062900 0.062000 0.040000 0.030100 0.040800 0.041400 0.010000 0.041000 0.072500 0.061400 0.019800 0.095300 0.051600 0.040400 0.091500 0.084600 0.029700 0.051100 0.030300 0.083600 0.040800 0.083600 0.062000 0.041100 0.061700 0.030300 0.020000 0.072100 0.000000 0.051800 0.040400 0.085600 0.091500 0.051100 0.062000 0.062000 0.105100 0.062900 0.051300 0.019900 0.050800 0.061400 0.083600 0.083600
BohorReedb 0.074100 0.106800 0.074600 0.089600 0.031000 0.074100 0.020800 0.051700 0.088200 0.052700 0.084400 0.020500 0.031200 0.031600 0.041900 0.064500 0.063200 0.052200 0.051800 0.086400 0.064500 0.085400 0.082000 0.075500 0.073300 0.074500 0.041800 0.074600 0.064000 0.074600 0.052700 0.031300 0.052500 0.041800 0.074600 0.063000 0.051800 0.000000 0.085600 0.053200 0.082000 0.074500 0.052700 0.052500 0.096400 0.042400 0.063600 0.073800 0.041400 0.063100 0.074600 0.074600
KirksDik 0.051300 0.139600 0.118900 0.127000 0.096500 0.051300 0.063400 0.051000 0.109400 0.102500 0.061400 0.062200 0.073600 0.075000 0.041300 0.085400 0.107100 0.095200 0.061600 0.131500 0.074100 0.062000 0.119900 0.121000 0.050700 0.061600 0.062500 0.118900 0.056300 0.118900 0.102500 0.074300 0.095800 0.062500 0.062200 0.106500 0.040400 0.085600 0.000000 0.130700 0.119900 0.061500 0.102500 0.102400 0.141400 0.097700 0.073700 0.061900 0.083800 0.095200 0.118900 0.118900
RoeDeer 0.109200 0.117100 0.086200 0.101900 0.063600 0.109200 0.053000 0.085600 0.098900 0.020400 0.120600 0.052600 0.063800 0.064500 0.075100 0.098800 0.073900 0.063100 0.085600 0.098400 0.098900 0.121300 0.041600 0.041800 0.108500 0.115000 0.074900 0.086200 0.102400 0.086200 0.020400 0.063900 0.063000 0.074900 0.110300 0.074100 0.085600 0.053200 0.130700 0.000000 0.041600 0.113000 0.020400 0.020300 0.108300 0.075900 0.109800 0.108400 0.052400 0.074200 0.086200 0.086200
WhiteLippe 0.113900 0.132000 0.092700 0.098600 0.098000 0.113900 0.055700 0.090900 0.105000 0.020100 0.126500 0.057200 0.068000 0.067700 0.080000 0.104300 0.078800 0.068400 0.091300 0.105100 0.103900 0.126000 0.000000 0.041300 0.114500 0.107400 0.079800 0.092700 0.096500 0.092700 0.020100 0.067000 0.066500 0.079800 0.116900 0.073100 0.091500 0.082000 0.119900 0.041600 0.000000 0.107000 0.020100 0.020100 0.106600 0.086200 0.114500 0.114500 0.079800 0.080100 0.092700 0.092700
ThomsonGaz 0.040900 0.127800 0.107300 0.094600 0.084800 0.040900 0.052300 0.020100 0.109100 0.087000 0.051100 0.051500 0.062600 0.063600 0.052000 0.085300 0.095300 0.083900 0.051100 0.119600 0.074200 0.051400 0.107000 0.107800 0.040500 0.000100 0.073500 0.107300 0.030300 0.107300 0.087000 0.063100 0.083800 0.073500 0.073500 0.095200 0.051100 0.074500 0.061500 0.113000 0.107000 0.000000 0.087000 0.087100 0.129700 0.085800 0.041200 0.072800 0.073000 0.095400 0.107300 0.107300
MuntiacusC 0.084300 0.103800 0.062400 0.087500 0.062900 0.084300 0.031000 0.062000 0.074500 0.000000 0.095100 0.030600 0.041200 0.041800 0.052100 0.074400 0.051300 0.040700 0.062000 0.073900 0.074500 0.095700 0.020100 0.020200 0.083700 0.088300 0.051800 0.062400 0.076500 0.062400 0.000000 0.041500 0.040700 0.051800 0.085100 0.051200 0.062000 0.052700 0.102500 0.020400 0.020100 0.087000 0.000000 0.000100 0.083700 0.063400 0.084900 0.084100 0.051600 0.051300 0.062400 0.062400
WhiteTaile 0.084400 0.103800 0.062300 0.087500 0.062900 0.084400 0.030900 0.062100 0.074500 0.000100 0.095200 0.030500 0.041100 0.041700 0.052000 0.074400 0.051200 0.040600 0.062000 0.073700 0.074600 0.095800 0.020100 0.020200 0.083800 0.088400 0.051700 0.062300 0.076400 0.062300 0.000100 0.041400 0.040600 0.051700 0.085200 0.051100 0.062000 0.052500 0.102400 0.020300 0.020100 0.087100 0.000100 0.000000 0.083600 0.063300 0.085100 0.084100 0.051500 0.051200 0.062300 0.062300
Cattle 0.129100 0.149300 0.105700 0.134200 0.095900 0.129100 0.074100 0.105100 0.120300 0.083700 0.139300 0.072600 0.084000 0.085800 0.095800 0.120100 0.094300 0.082800 0.105000 0.117700 0.119800 0.140900 0.106600 0.096100 0.127600 0.130000 0.095100 0.105700 0.119300 0.105700 0.083700 0.085000 0.083400 0.095100 0.129600 0.030000 0.105100 0.096400 0.141400 0.108300 0.106600 0.129700 0.083700 0.083600 0.000000 0.086100 0.130500 0.128800 0.094600 0.094100 0.105700 0.105700
RoyalAntel 0.085400 0.109300 0.075000 0.089300 0.052800 0.085400 0.031400 0.062800 0.105100 0.063400 0.096200 0.031000 0.031200 0.031600 0.052700 0.080000 0.074500 0.063500 0.062900 0.075500 0.079700 0.096900 0.086200 0.075600 0.084800 0.085900 0.044600 0.075000 0.074800 0.075000 0.063400 0.031300 0.063200 0.044600 0.086100 0.052600 0.062900 0.042400 0.097700 0.075900 0.086200 0.085800 0.063400 0.063300 0.086100 0.000000 0.086000 0.074000 0.052400 0.081000 0.075000 0.075000
Steenbok 0.041000 0.151900 0.108200 0.121100 0.085200 0.041000 0.052500 0.020100 0.086600 0.084900 0.051300 0.051800 0.062800 0.063700 0.052200 0.063300 0.095900 0.084600 0.051400 0.120800 0.052400 0.051600 0.114500 0.108600 0.040700 0.041200 0.073700 0.108200 0.052100 0.108200 0.084900 0.063300 0.084500 0.073700 0.062700 0.095800 0.051300 0.063600 0.073700 0.109800 0.114500 0.041200 0.084900 0.085100 0.130500 0.086000 0.000000 0.073000 0.073300 0.096100 0.108200 0.108200
Impala 0.050900 0.103800 0.095600 0.133800 0.092000 0.050900 0.052100 0.050800 0.063000 0.084100 0.061100 0.051200 0.040900 0.041600 0.030400 0.041000 0.094400 0.083600 0.040300 0.107700 0.051700 0.061500 0.114500 0.107500 0.050600 0.072900 0.030400 0.095600 0.062200 0.095600 0.084100 0.041300 0.083700 0.030400 0.040800 0.094700 0.019900 0.073800 0.061900 0.108400 0.114500 0.072800 0.084100 0.084100 0.128800 0.074000 0.073000 0.000000 0.072500 0.083700 0.095600 0.095600
Klipspring 0.072600 0.115500 0.073000 0.099200 0.051800 0.072600 0.020500 0.050700 0.086100 0.051600 0.082700 0.020100 0.030600 0.031100 0.041200 0.063100 0.062100 0.051100 0.050700 0.084500 0.063100 0.083600 0.079800 0.073900 0.071800 0.073000 0.041000 0.073000 0.062600 0.073000 0.051600 0.030800 0.051400 0.041000 0.073000 0.061800 0.050800 0.041400 0.083800 0.052400 0.079800 0.073000 0.051600 0.051500 0.094600 0.052400 0.073300 0.072500 0.000000 0.061800 0.073000 0.073000
ForestMusk 0.083800 0.103900 0.072800 0.098700 0.073600 0.083800 0.041500 0.072200 0.079400 0.051300 0.093900 0.040700 0.051700 0.052400 0.051900 0.079200 0.061800 0.050900 0.072300 0.084300 0.073300 0.095000 0.080100 0.073500 0.082800 0.095700 0.051600 0.072800 0.085200 0.072800 0.051300 0.052100 0.055900 0.051600 0.084200 0.061500 0.061400 0.063100 0.095200 0.074200 0.080100 0.095400 0.051300 0.051200 0.094100 0.081000 0.096100 0.083700 0.061800 0.000000 0.072800 0.072800
Bushbuck 0.107000 0.121100 0.000000 0.111400 0.085100 0.107000 0.052700 0.083500 0.074900 0.062400 0.117300 0.051600 0.052100 0.053100 0.074200 0.098000 0.051600 0.040800 0.083600 0.020300 0.097600 0.118600 0.092700 0.085400 0.105700 0.107600 0.062900 0.000000 0.097300 0.000000 0.062400 0.052600 0.041000 0.062900 0.107500 0.072600 0.083600 0.074600 0.118900 0.086200 0.092700 0.107300 0.062400 0.062300 0.105700 0.075000 0.108200 0.095600 0.073000 0.072800 0.000000 0.000000
GreaterKud 0.107000 0.121100 0.000000 0.111400 0.085100 0.107000 0.052700 0.083500 0.074900 0.062400 0.117300 0.051600 0.052100 0.053100 0.074200 0.098000 0.051600 0.040800 0.083600 0.020300 0.097600 0.118600 0.092700 0.085400 0.105700 0.107600 0.062900 0.000000 0.097300 0.000000 0.062400 0.052600 0.041000 0.062900 0.107500 0.072600 0.083600 0.074600 0.118900 0.086200 0.092700 0.107300 0.062400 0.062300 0.105700 0.075000 0.108200 0.095600 0.073000 0.072800 0.000000 0.000000
