CODONML (in paml version 4.10.7, June 2023)  /home/rachel/ruminants_paml/6406-phy-tree/ENSBTAT00000012221.fasta.phy
Model: free dN/dS Ratios for branches,  kappa = 2.000 fixed

Codon frequency model: F3x4
ns =  54  ls =  61

Codon usage in sequences
--------------------------------------------------------------------------------------------------------------------------------------
Phe TTT   2   2   2   2   2   2 | Ser TCT   6   6   6   6   6   6 | Tyr TAT   3   3   3   3   3   3 | Cys TGT   0   0   0   0   0   0
    TTC   1   1   1   1   1   1 |     TCC   0   0   0   0   0   0 |     TAC   0   0   0   0   0   0 |     TGC   0   0   0   0   0   0
Leu TTA   1   1   1   1   1   1 |     TCA   1   1   1   1   1   1 | *** TAA   0   0   0   0   0   0 | *** TGA   0   0   0   0   0   0
    TTG   2   2   2   2   2   2 |     TCG   0   0   0   0   0   0 |     TAG   0   0   0   0   0   0 | Trp TGG   0   0   0   0   0   0
--------------------------------------------------------------------------------------------------------------------------------------
Leu CTT   0   2   0   0   1   1 | Pro CCT   2   2   2   2   2   1 | His CAT   0   0   0   0   0   0 | Arg CGT   0   0   0   0   0   0
    CTC   1   0   2   2   2   1 |     CCC   1   0   1   1   0   0 |     CAC   2   2   2   2   2   2 |     CGC   0   0   0   0   0   0
    CTA   0   1   0   0   0   0 |     CCA   0   1   0   0   1   1 | Gln CAA   2   2   2   2   1   1 |     CGA   1   1   1   1   1   1
    CTG   2   1   1   1   0   1 |     CCG   0   0   0   0   0   0 |     CAG   1   1   1   1   2   2 |     CGG   0   0   0   0   0   0
--------------------------------------------------------------------------------------------------------------------------------------
Ile ATT   1   1   1   1   1   1 | Thr ACT   2   2   2   2   2   2 | Asn AAT   3   2   3   3   3   2 | Ser AGT   2   2   2   2   2   1
    ATC   1   1   1   1   2   1 |     ACC   1   1   1   1   1   1 |     AAC   0   1   0   0   0   1 |     AGC   1   1   1   1   1   2
    ATA   1   1   1   1   0   1 |     ACA   0   0   0   0   0   0 | Lys AAA   0   0   0   0   0   0 | Arg AGA   3   3   3   3   3   3
Met ATG   2   2   2   2   2   2 |     ACG   0   0   0   0   0   0 |     AAG   1   1   1   1   1   1 |     AGG   1   1   1   1   1   1
--------------------------------------------------------------------------------------------------------------------------------------
Val GTT   2   1   2   2   2   2 | Ala GCT   0   0   0   0   1   1 | Asp GAT   4   4   4   4   4   4 | Gly GGT   0   0   0   0   0   0
    GTC   1   1   1   1   1   1 |     GCC   2   2   2   2   1   2 |     GAC   0   0   0   0   0   0 |     GGC   0   0   0   0   0   0
    GTA   0   0   0   0   0   0 |     GCA   0   0   0   0   0   0 | Glu GAA   3   3   3   3   3   3 |     GGA   0   0   0   0   0   0
    GTG   1   1   1   1   1   1 |     GCG   0   0   0   0   0   0 |     GAG   1   1   1   1   1   1 |     GGG   0   0   0   0   0   0
--------------------------------------------------------------------------------------------------------------------------------------

--------------------------------------------------------------------------------------------------------------------------------------
Phe TTT   3   2   2   3   2   2 | Ser TCT   6   6   6   6   6   6 | Tyr TAT   3   3   3   2   3   3 | Cys TGT   0   0   0   0   0   0
    TTC   0   1   1   1   1   1 |     TCC   0   0   0   0   0   0 |     TAC   0   0   0   0   0   0 |     TGC   0   0   0   0   0   0
Leu TTA   1   1   1   1   1   1 |     TCA   1   1   1   1   1   1 | *** TAA   0   0   0   0   0   0 | *** TGA   0   0   0   0   0   0
    TTG   2   2   2   2   2   2 |     TCG   0   0   0   0   0   0 |     TAG   0   0   0   0   0   0 | Trp TGG   0   0   0   0   0   0
--------------------------------------------------------------------------------------------------------------------------------------
Leu CTT   0   0   0   0   0   0 | Pro CCT   2   2   2   2   2   2 | His CAT   0   0   0   0   0   0 | Arg CGT   0   1   0   0   0   0
    CTC   2   1   2   2   2   2 |     CCC   1   1   1   1   1   1 |     CAC   2   2   2   2   2   2 |     CGC   0   0   0   0   0   0
    CTA   0   0   0   0   0   0 |     CCA   0   0   0   0   0   0 | Gln CAA   2   2   2   2   2   2 |     CGA   1   0   1   1   1   1
    CTG   1   2   1   1   1   1 |     CCG   0   0   0   0   0   0 |     CAG   1   1   1   1   1   1 |     CGG   0   0   0   0   0   0
--------------------------------------------------------------------------------------------------------------------------------------
Ile ATT   1   1   1   1   1   1 | Thr ACT   2   2   2   2   2   2 | Asn AAT   2   3   3   3   3   3 | Ser AGT   2   2   2   2   2   2
    ATC   1   1   1   1   1   1 |     ACC   1   1   1   1   1   1 |     AAC   1   0   0   0   0   0 |     AGC   1   1   1   1   1   1
    ATA   1   1   1   1   1   1 |     ACA   0   0   0   0   0   0 | Lys AAA   0   0   0   0   0   0 | Arg AGA   3   3   3   2   3   3
Met ATG   2   2   2   2   2   2 |     ACG   0   0   0   0   0   0 |     AAG   1   1   1   1   1   1 |     AGG   1   1   1   2   1   1
--------------------------------------------------------------------------------------------------------------------------------------
Val GTT   2   2   2   2   2   2 | Ala GCT   0   0   0   0   0   0 | Asp GAT   4   4   4   4   4   4 | Gly GGT   0   0   0   0   0   0
    GTC   1   1   1   1   1   1 |     GCC   2   2   2   2   2   2 |     GAC   0   0   0   0   0   0 |     GGC   0   0   0   0   0   0
    GTA   0   0   0   0   0   0 |     GCA   0   0   0   0   0   0 | Glu GAA   3   3   3   3   3   3 |     GGA   0   0   0   0   0   0
    GTG   1   1   1   1   1   1 |     GCG   0   0   0   0   0   0 |     GAG   1   1   1   1   1   1 |     GGG   0   0   0   0   0   0
--------------------------------------------------------------------------------------------------------------------------------------

--------------------------------------------------------------------------------------------------------------------------------------
Phe TTT   2   2   2   2   2   2 | Ser TCT   6   6   6   6   6   6 | Tyr TAT   3   3   3   3   3   3 | Cys TGT   0   0   0   0   0   0
    TTC   1   1   1   1   1   1 |     TCC   0   0   0   0   0   0 |     TAC   0   0   0   0   0   0 |     TGC   0   0   0   0   0   0
Leu TTA   1   1   1   1   1   1 |     TCA   1   1   1   1   1   1 | *** TAA   0   0   0   0   0   0 | *** TGA   0   0   0   0   0   0
    TTG   2   2   2   2   2   2 |     TCG   0   0   0   0   0   0 |     TAG   0   0   0   0   0   0 | Trp TGG   0   0   0   0   0   0
--------------------------------------------------------------------------------------------------------------------------------------
Leu CTT   0   0   0   0   0   0 | Pro CCT   2   2   2   2   2   2 | His CAT   0   0   0   0   0   0 | Arg CGT   0   0   0   0   0   0
    CTC   1   2   2   2   2   2 |     CCC   1   1   1   1   1   1 |     CAC   2   2   2   2   2   2 |     CGC   0   0   0   0   0   0
    CTA   0   0   0   0   0   0 |     CCA   0   0   0   0   0   0 | Gln CAA   2   2   2   2   2   2 |     CGA   1   1   1   1   1   1
    CTG   2   1   1   1   1   1 |     CCG   0   0   0   0   0   0 |     CAG   1   1   1   1   1   1 |     CGG   0   0   0   0   0   0
--------------------------------------------------------------------------------------------------------------------------------------
Ile ATT   1   1   1   1   1   1 | Thr ACT   2   2   2   2   2   2 | Asn AAT   3   3   3   3   2   3 | Ser AGT   2   2   2   2   2   2
    ATC   1   1   1   1   1   1 |     ACC   1   1   1   1   0   1 |     AAC   0   0   0   0   1   0 |     AGC   1   1   1   1   1   1
    ATA   1   1   1   1   1   1 |     ACA   0   0   0   0   0   0 | Lys AAA   0   0   0   0   0   0 | Arg AGA   3   3   3   3   3   2
Met ATG   2   2   2   2   2   2 |     ACG   0   0   0   0   1   0 |     AAG   1   1   1   1   1   1 |     AGG   1   1   1   1   1   2
--------------------------------------------------------------------------------------------------------------------------------------
Val GTT   2   2   2   2   2   2 | Ala GCT   0   0   0   0   0   0 | Asp GAT   4   4   4   4   3   4 | Gly GGT   0   0   0   0   0   0
    GTC   1   1   1   1   1   1 |     GCC   2   2   2   2   2   2 |     GAC   0   0   0   0   1   0 |     GGC   0   0   0   0   0   0
    GTA   0   0   0   0   0   0 |     GCA   0   0   0   0   0   0 | Glu GAA   3   3   3   3   3   3 |     GGA   0   0   0   0   0   0
    GTG   1   1   1   1   1   1 |     GCG   0   0   0   0   0   0 |     GAG   1   1   1   1   1   1 |     GGG   0   0   0   0   0   0
--------------------------------------------------------------------------------------------------------------------------------------

--------------------------------------------------------------------------------------------------------------------------------------
Phe TTT   2   2   2   2   2   2 | Ser TCT   5   5   6   6   6   6 | Tyr TAT   2   2   3   3   2   3 | Cys TGT   0   0   0   0   0   0
    TTC   1   1   1   1   1   1 |     TCC   1   1   0   0   0   0 |     TAC   1   1   0   0   1   0 |     TGC   0   0   0   0   0   0
Leu TTA   0   0   1   1   1   1 |     TCA   1   1   1   1   1   1 | *** TAA   0   0   0   0   0   0 | *** TGA   0   0   0   0   0   0
    TTG   2   2   2   2   2   2 |     TCG   0   0   0   0   0   0 |     TAG   0   0   0   0   0   0 | Trp TGG   0   0   0   0   0   0
--------------------------------------------------------------------------------------------------------------------------------------
Leu CTT   0   0   0   0   0   0 | Pro CCT   2   2   2   2   2   2 | His CAT   0   0   0   0   0   0 | Arg CGT   0   0   0   0   0   0
    CTC   2   2   2   2   2   2 |     CCC   1   1   1   1   1   1 |     CAC   2   2   2   2   2   2 |     CGC   0   0   0   0   0   0
    CTA   1   1   0   0   0   0 |     CCA   0   0   0   0   0   0 | Gln CAA   2   2   2   2   2   2 |     CGA   1   1   1   1   1   1
    CTG   1   1   1   1   1   1 |     CCG   0   0   0   0   0   0 |     CAG   1   1   1   1   1   1 |     CGG   0   0   0   0   0   0
--------------------------------------------------------------------------------------------------------------------------------------
Ile ATT   1   1   1   1   1   1 | Thr ACT   2   2   2   2   2   2 | Asn AAT   3   3   3   3   3   3 | Ser AGT   2   2   2   2   2   2
    ATC   1   1   1   1   1   1 |     ACC   1   1   1   1   1   1 |     AAC   0   0   0   0   0   0 |     AGC   1   1   1   1   1   1
    ATA   1   1   1   1   1   1 |     ACA   0   0   0   0   0   0 | Lys AAA   0   0   0   0   0   0 | Arg AGA   3   3   3   3   2   3
Met ATG   2   2   2   2   2   2 |     ACG   0   0   0   0   0   0 |     AAG   1   1   1   1   1   1 |     AGG   1   1   1   1   2   1
--------------------------------------------------------------------------------------------------------------------------------------
Val GTT   2   2   2   2   2   2 | Ala GCT   0   0   0   0   0   0 | Asp GAT   4   4   4   4   4   4 | Gly GGT   0   0   0   0   0   0
    GTC   1   1   1   1   1   1 |     GCC   2   2   2   2   2   2 |     GAC   0   0   0   0   0   0 |     GGC   0   0   0   0   0   0
    GTA   0   0   0   0   0   0 |     GCA   0   0   0   0   0   0 | Glu GAA   3   3   3   3   3   3 |     GGA   0   0   0   0   0   0
    GTG   1   1   1   1   1   1 |     GCG   0   0   0   0   0   0 |     GAG   1   1   1   1   1   1 |     GGG   0   0   0   0   0   0
--------------------------------------------------------------------------------------------------------------------------------------

--------------------------------------------------------------------------------------------------------------------------------------
Phe TTT   2   2   2   2   2   2 | Ser TCT   6   6   6   6   6   6 | Tyr TAT   3   3   3   3   3   3 | Cys TGT   0   0   0   0   0   0
    TTC   1   1   1   1   1   1 |     TCC   0   0   0   0   0   0 |     TAC   0   0   0   0   0   0 |     TGC   0   0   0   0   0   0
Leu TTA   1   1   1   1   1   1 |     TCA   1   1   1   1   1   1 | *** TAA   0   0   0   0   0   0 | *** TGA   0   0   0   0   0   0
    TTG   2   2   2   2   2   2 |     TCG   0   0   0   0   0   0 |     TAG   0   0   0   0   0   0 | Trp TGG   0   0   0   0   0   0
--------------------------------------------------------------------------------------------------------------------------------------
Leu CTT   0   0   0   0   0   0 | Pro CCT   2   2   2   2   2   2 | His CAT   0   0   0   0   0   0 | Arg CGT   0   0   0   0   0   0
    CTC   2   2   1   2   2   2 |     CCC   1   1   1   1   1   1 |     CAC   2   2   2   2   2   2 |     CGC   0   0   0   0   0   0
    CTA   0   0   0   0   0   0 |     CCA   0   0   0   0   0   0 | Gln CAA   2   2   2   2   2   2 |     CGA   1   1   1   1   1   1
    CTG   1   1   2   1   1   1 |     CCG   0   0   0   0   0   0 |     CAG   1   1   1   1   1   1 |     CGG   0   0   0   0   0   0
--------------------------------------------------------------------------------------------------------------------------------------
Ile ATT   1   1   1   1   1   1 | Thr ACT   2   2   2   2   2   2 | Asn AAT   3   3   3   3   3   3 | Ser AGT   2   2   2   2   2   2
    ATC   1   1   1   1   1   1 |     ACC   1   1   1   1   1   1 |     AAC   0   0   0   0   0   0 |     AGC   1   1   1   1   1   1
    ATA   1   1   1   1   1   1 |     ACA   0   0   0   0   0   0 | Lys AAA   0   0   0   0   0   0 | Arg AGA   3   3   3   2   3   3
Met ATG   2   2   2   2   2   2 |     ACG   0   0   0   0   0   0 |     AAG   1   1   1   1   1   1 |     AGG   1   1   1   2   1   1
--------------------------------------------------------------------------------------------------------------------------------------
Val GTT   2   2   2   2   2   2 | Ala GCT   0   0   0   1   0   0 | Asp GAT   4   4   4   4   4   4 | Gly GGT   0   0   0   0   0   0
    GTC   1   1   1   1   1   1 |     GCC   2   2   2   1   2   2 |     GAC   0   0   0   0   0   0 |     GGC   0   0   0   0   0   0
    GTA   0   0   0   0   0   0 |     GCA   0   0   0   0   0   0 | Glu GAA   3   3   3   3   3   3 |     GGA   0   0   0   0   0   0
    GTG   1   1   1   1   1   1 |     GCG   0   0   0   0   0   0 |     GAG   1   1   1   1   1   1 |     GGG   0   0   0   0   0   0
--------------------------------------------------------------------------------------------------------------------------------------

--------------------------------------------------------------------------------------------------------------------------------------
Phe TTT   2   2   2   2   2   2 | Ser TCT   6   6   6   6   6   6 | Tyr TAT   3   3   3   3   3   3 | Cys TGT   0   0   0   0   0   0
    TTC   1   1   1   1   1   1 |     TCC   0   0   0   0   0   0 |     TAC   0   0   0   0   0   0 |     TGC   0   0   0   0   0   0
Leu TTA   1   1   1   1   1   1 |     TCA   1   1   1   1   1   1 | *** TAA   0   0   0   0   0   0 | *** TGA   0   0   0   0   0   0
    TTG   2   2   2   2   2   2 |     TCG   0   0   0   0   0   0 |     TAG   0   0   0   0   0   0 | Trp TGG   0   0   0   0   0   0
--------------------------------------------------------------------------------------------------------------------------------------
Leu CTT   0   0   0   0   0   0 | Pro CCT   2   2   2   2   2   2 | His CAT   0   0   0   0   0   0 | Arg CGT   0   0   0   0   0   0
    CTC   2   2   2   2   2   2 |     CCC   1   1   1   1   1   1 |     CAC   2   2   2   2   2   2 |     CGC   0   0   0   0   0   0
    CTA   0   0   0   0   0   0 |     CCA   0   0   0   0   0   0 | Gln CAA   2   2   2   2   2   2 |     CGA   1   1   1   1   1   1
    CTG   1   1   1   1   1   1 |     CCG   0   0   0   0   0   0 |     CAG   1   1   1   1   1   1 |     CGG   0   0   0   0   0   0
--------------------------------------------------------------------------------------------------------------------------------------
Ile ATT   1   1   1   1   1   1 | Thr ACT   2   2   2   2   2   2 | Asn AAT   3   3   3   3   3   3 | Ser AGT   2   2   2   2   2   2
    ATC   1   1   1   1   1   1 |     ACC   1   1   1   1   1   1 |     AAC   0   0   0   0   0   0 |     AGC   1   1   1   1   1   1
    ATA   1   1   1   1   1   1 |     ACA   0   0   0   0   0   0 | Lys AAA   0   0   0   0   0   0 | Arg AGA   2   3   3   3   3   3
Met ATG   2   2   2   2   2   2 |     ACG   0   0   0   0   0   0 |     AAG   1   1   1   1   1   1 |     AGG   2   1   1   1   1   1
--------------------------------------------------------------------------------------------------------------------------------------
Val GTT   2   2   2   2   2   2 | Ala GCT   0   0   0   0   0   0 | Asp GAT   4   4   4   4   4   4 | Gly GGT   0   0   0   0   0   0
    GTC   1   1   1   1   1   1 |     GCC   2   2   2   2   2   2 |     GAC   0   0   0   0   0   0 |     GGC   0   0   0   0   0   0
    GTA   0   0   0   0   0   0 |     GCA   0   0   0   0   0   0 | Glu GAA   3   3   3   3   3   3 |     GGA   0   0   0   0   0   0
    GTG   1   1   1   1   1   1 |     GCG   0   0   0   0   0   0 |     GAG   1   1   1   1   1   1 |     GGG   0   0   0   0   0   0
--------------------------------------------------------------------------------------------------------------------------------------

--------------------------------------------------------------------------------------------------------------------------------------
Phe TTT   2   2   2   3   2   2 | Ser TCT   6   6   6   6   6   6 | Tyr TAT   3   3   3   3   3   3 | Cys TGT   0   0   0   0   0   0
    TTC   1   1   1   0   1   1 |     TCC   0   0   0   0   0   0 |     TAC   0   0   0   0   0   0 |     TGC   0   0   0   0   0   0
Leu TTA   1   1   1   1   1   1 |     TCA   1   1   1   1   1   1 | *** TAA   0   0   0   0   0   0 | *** TGA   0   0   0   0   0   0
    TTG   2   2   2   2   2   2 |     TCG   0   0   0   0   0   0 |     TAG   0   0   0   0   0   0 | Trp TGG   0   0   0   0   0   0
--------------------------------------------------------------------------------------------------------------------------------------
Leu CTT   0   0   1   0   0   0 | Pro CCT   2   2   2   2   2   2 | His CAT   0   0   0   0   0   0 | Arg CGT   0   0   1   0   0   0
    CTC   2   2   1   2   2   2 |     CCC   1   1   1   1   1   1 |     CAC   2   2   2   2   2   2 |     CGC   0   0   0   0   0   0
    CTA   0   0   0   0   0   0 |     CCA   0   0   0   0   0   0 | Gln CAA   2   2   2   2   2   2 |     CGA   1   1   0   1   1   1
    CTG   1   1   1   1   1   1 |     CCG   0   0   0   0   0   0 |     CAG   1   1   1   1   1   1 |     CGG   0   0   0   0   0   0
--------------------------------------------------------------------------------------------------------------------------------------
Ile ATT   1   1   1   1   2   1 | Thr ACT   2   2   2   2   2   2 | Asn AAT   3   3   3   2   3   3 | Ser AGT   2   2   2   2   2   2
    ATC   1   1   1   1   0   1 |     ACC   1   1   1   1   1   1 |     AAC   0   0   0   1   0   0 |     AGC   1   1   1   1   1   1
    ATA   1   1   1   1   1   1 |     ACA   0   0   0   0   0   0 | Lys AAA   0   0   0   0   0   0 | Arg AGA   3   3   3   3   3   3
Met ATG   2   2   2   2   2   2 |     ACG   0   0   0   0   0   0 |     AAG   1   1   1   1   1   1 |     AGG   1   1   1   1   1   1
--------------------------------------------------------------------------------------------------------------------------------------
Val GTT   2   2   2   2   2   2 | Ala GCT   0   0   0   0   0   0 | Asp GAT   4   4   4   4   3   4 | Gly GGT   0   0   0   0   0   0
    GTC   1   1   1   1   1   1 |     GCC   2   2   2   2   2   2 |     GAC   0   0   0   0   1   0 |     GGC   0   0   0   0   0   0
    GTA   0   0   0   0   0   0 |     GCA   0   0   0   0   0   0 | Glu GAA   3   3   3   3   3   3 |     GGA   0   0   0   0   0   0
    GTG   1   1   1   1   1   1 |     GCG   0   0   0   0   0   0 |     GAG   1   1   1   1   1   1 |     GGG   0   0   0   0   0   0
--------------------------------------------------------------------------------------------------------------------------------------

--------------------------------------------------------------------------------------------------------------------------------------
Phe TTT   2   2   2   2   2   2 | Ser TCT   6   6   6   6   6   6 | Tyr TAT   3   3   3   3   3   3 | Cys TGT   0   0   0   0   0   0
    TTC   1   1   1   1   1   1 |     TCC   0   0   0   0   0   0 |     TAC   0   0   0   0   0   0 |     TGC   0   0   0   0   0   0
Leu TTA   1   1   1   1   1   1 |     TCA   1   1   1   1   1   1 | *** TAA   0   0   0   0   0   0 | *** TGA   0   0   0   0   0   0
    TTG   2   2   2   2   2   2 |     TCG   0   0   0   0   0   0 |     TAG   0   0   0   0   0   0 | Trp TGG   0   0   0   0   0   0
--------------------------------------------------------------------------------------------------------------------------------------
Leu CTT   0   0   0   0   0   0 | Pro CCT   2   2   2   2   2   2 | His CAT   0   0   0   0   0   0 | Arg CGT   0   0   0   0   0   1
    CTC   2   2   2   2   2   2 |     CCC   1   1   1   1   1   1 |     CAC   2   2   2   2   2   2 |     CGC   0   0   0   0   0   0
    CTA   0   0   0   0   0   0 |     CCA   0   0   0   0   0   0 | Gln CAA   2   2   2   2   2   2 |     CGA   1   1   1   1   1   0
    CTG   1   1   1   1   1   1 |     CCG   0   0   0   0   0   0 |     CAG   1   1   1   1   1   1 |     CGG   0   0   0   0   0   0
--------------------------------------------------------------------------------------------------------------------------------------
Ile ATT   1   1   1   1   1   1 | Thr ACT   2   2   2   2   2   2 | Asn AAT   3   3   3   3   3   3 | Ser AGT   2   2   2   2   2   2
    ATC   1   1   1   1   1   1 |     ACC   1   1   1   1   1   1 |     AAC   0   0   0   0   0   0 |     AGC   1   1   1   1   1   1
    ATA   1   1   1   1   1   1 |     ACA   0   0   0   0   0   0 | Lys AAA   0   0   0   0   0   0 | Arg AGA   3   2   3   3   3   3
Met ATG   2   2   2   2   2   2 |     ACG   0   0   0   0   0   0 |     AAG   1   1   1   1   1   1 |     AGG   1   2   1   1   1   1
--------------------------------------------------------------------------------------------------------------------------------------
Val GTT   2   2   2   2   2   2 | Ala GCT   0   1   0   0   0   0 | Asp GAT   4   4   4   4   4   4 | Gly GGT   0   0   0   0   0   0
    GTC   1   1   1   1   1   1 |     GCC   2   1   2   2   2   2 |     GAC   0   0   0   0   0   0 |     GGC   0   0   0   0   0   0
    GTA   0   0   0   0   0   0 |     GCA   0   0   0   0   0   0 | Glu GAA   3   3   3   3   3   3 |     GGA   0   0   0   0   0   0
    GTG   1   1   1   1   1   1 |     GCG   0   0   0   0   0   0 |     GAG   1   1   1   1   1   1 |     GGG   0   0   0   0   0   0
--------------------------------------------------------------------------------------------------------------------------------------

--------------------------------------------------------------------------------------------------------------------------------------
Phe TTT   2   2   2   2   2   2 | Ser TCT   6   6   6   6   6   6 | Tyr TAT   3   3   3   3   3   3 | Cys TGT   0   0   0   0   0   0
    TTC   1   1   1   1   1   1 |     TCC   0   0   0   0   0   0 |     TAC   0   0   0   0   0   0 |     TGC   0   0   0   0   0   0
Leu TTA   1   1   1   1   1   1 |     TCA   1   1   1   1   1   1 | *** TAA   0   0   0   0   0   0 | *** TGA   0   0   0   0   0   0
    TTG   2   2   2   2   2   2 |     TCG   0   0   0   0   0   0 |     TAG   0   0   0   0   0   0 | Trp TGG   0   0   0   0   0   0
--------------------------------------------------------------------------------------------------------------------------------------
Leu CTT   0   0   0   0   0   0 | Pro CCT   2   3   2   2   2   2 | His CAT   0   0   0   0   0   0 | Arg CGT   0   0   0   0   0   0
    CTC   2   2   2   2   2   2 |     CCC   1   0   1   1   1   1 |     CAC   2   2   2   2   2   2 |     CGC   0   0   0   0   0   0
    CTA   0   0   0   0   0   0 |     CCA   0   0   0   0   0   0 | Gln CAA   2   2   2   2   2   2 |     CGA   1   1   1   1   1   1
    CTG   1   1   1   1   1   1 |     CCG   0   0   0   0   0   0 |     CAG   1   1   1   1   1   1 |     CGG   0   0   0   0   0   0
--------------------------------------------------------------------------------------------------------------------------------------
Ile ATT   1   1   1   1   1   1 | Thr ACT   2   2   2   2   2   2 | Asn AAT   3   2   3   3   3   3 | Ser AGT   2   2   2   2   2   2
    ATC   1   1   1   1   1   1 |     ACC   1   1   1   1   1   1 |     AAC   0   1   0   0   0   0 |     AGC   1   1   1   1   1   1
    ATA   1   1   1   1   1   1 |     ACA   0   0   0   0   0   0 | Lys AAA   0   0   1   0   0   0 | Arg AGA   2   3   2   3   3   3
Met ATG   2   2   2   2   2   2 |     ACG   0   0   0   0   0   0 |     AAG   1   1   1   1   1   1 |     AGG   2   1   1   1   1   1
--------------------------------------------------------------------------------------------------------------------------------------
Val GTT   1   2   2   2   2   2 | Ala GCT   1   0   0   0   0   0 | Asp GAT   4   4   4   4   4   4 | Gly GGT   0   0   0   0   0   0
    GTC   2   1   1   1   1   1 |     GCC   1   2   2   2   2   2 |     GAC   0   0   0   0   0   0 |     GGC   0   0   0   0   0   0
    GTA   0   0   0   0   0   0 |     GCA   0   0   0   0   0   0 | Glu GAA   4   3   3   3   3   3 |     GGA   0   0   0   0   0   0
    GTG   1   1   1   1   1   1 |     GCG   0   0   0   0   0   0 |     GAG   0   1   1   1   1   1 |     GGG   0   0   0   0   0   0
--------------------------------------------------------------------------------------------------------------------------------------

Codon position x base (3x4) table for each sequence.

#1: Argali         
position  1:    T:0.26230    C:0.19672    A:0.31148    G:0.22951
position  2:    T:0.29508    C:0.24590    A:0.32787    G:0.13115
position  3:    T:0.44262    C:0.18033    A:0.19672    G:0.18033
Average         T:0.33333    C:0.20765    A:0.27869    G:0.18033

#2: LesserMouseDeer
position  1:    T:0.26230    C:0.21311    A:0.31148    G:0.21311
position  2:    T:0.29508    C:0.24590    A:0.32787    G:0.13115
position  3:    T:0.44262    C:0.16393    A:0.22951    G:0.16393
Average         T:0.33333    C:0.20765    A:0.28962    G:0.16940

#3: LesserKudu     
position  1:    T:0.26230    C:0.19672    A:0.31148    G:0.22951
position  2:    T:0.29508    C:0.24590    A:0.32787    G:0.13115
position  3:    T:0.44262    C:0.19672    A:0.19672    G:0.16393
Average         T:0.33333    C:0.21311    A:0.27869    G:0.17486

#4: ForestMuskDeer2
position  1:    T:0.26230    C:0.19672    A:0.31148    G:0.22951
position  2:    T:0.29508    C:0.24590    A:0.32787    G:0.13115
position  3:    T:0.44262    C:0.19672    A:0.19672    G:0.16393
Average         T:0.33333    C:0.21311    A:0.27869    G:0.17486

#5: Camel          
position  1:    T:0.26230    C:0.19672    A:0.31148    G:0.22951
position  2:    T:0.29508    C:0.24590    A:0.32787    G:0.13115
position  3:    T:0.47541    C:0.18033    A:0.18033    G:0.16393
Average         T:0.34426    C:0.20765    A:0.27322    G:0.17486

#6: KillerWhale    
position  1:    T:0.26230    C:0.18033    A:0.31148    G:0.24590
position  2:    T:0.29508    C:0.24590    A:0.32787    G:0.13115
position  3:    T:0.42623    C:0.19672    A:0.19672    G:0.18033
Average         T:0.32787    C:0.20765    A:0.27869    G:0.18579

#7: DefassaWaterbuck
position  1:    T:0.26230    C:0.19672    A:0.31148    G:0.22951
position  2:    T:0.29508    C:0.24590    A:0.32787    G:0.13115
position  3:    T:0.44262    C:0.19672    A:0.19672    G:0.16393
Average         T:0.33333    C:0.21311    A:0.27869    G:0.17486

#8: Sheep          
position  1:    T:0.26230    C:0.19672    A:0.31148    G:0.22951
position  2:    T:0.29508    C:0.24590    A:0.32787    G:0.13115
position  3:    T:0.45902    C:0.18033    A:0.18033    G:0.18033
Average         T:0.33880    C:0.20765    A:0.27322    G:0.18033

#9: MaxwellsDuiker 
position  1:    T:0.26230    C:0.19672    A:0.31148    G:0.22951
position  2:    T:0.29508    C:0.24590    A:0.32787    G:0.13115
position  3:    T:0.44262    C:0.19672    A:0.19672    G:0.16393
Average         T:0.33333    C:0.21311    A:0.27869    G:0.17486

#10: GazellaPrzewalskyi
position  1:    T:0.26230    C:0.19672    A:0.31148    G:0.22951
position  2:    T:0.31148    C:0.24590    A:0.31148    G:0.13115
position  3:    T:0.44262    C:0.19672    A:0.18033    G:0.18033
Average         T:0.33880    C:0.21311    A:0.26776    G:0.18033

#11: MountainNyala  
position  1:    T:0.26230    C:0.19672    A:0.31148    G:0.22951
position  2:    T:0.29508    C:0.24590    A:0.32787    G:0.13115
position  3:    T:0.44262    C:0.19672    A:0.19672    G:0.16393
Average         T:0.33333    C:0.21311    A:0.27869    G:0.17486

#12: MuntiacusMuntjak
position  1:    T:0.26230    C:0.19672    A:0.31148    G:0.22951
position  2:    T:0.29508    C:0.24590    A:0.32787    G:0.13115
position  3:    T:0.44262    C:0.19672    A:0.19672    G:0.16393
Average         T:0.33333    C:0.21311    A:0.27869    G:0.17486

#13: goat           
position  1:    T:0.26230    C:0.19672    A:0.31148    G:0.22951
position  2:    T:0.29508    C:0.24590    A:0.32787    G:0.13115
position  3:    T:0.44262    C:0.18033    A:0.19672    G:0.18033
Average         T:0.33333    C:0.20765    A:0.27869    G:0.18033

#14: AfricanBuffalo 
position  1:    T:0.26230    C:0.19672    A:0.31148    G:0.22951
position  2:    T:0.29508    C:0.24590    A:0.32787    G:0.13115
position  3:    T:0.44262    C:0.19672    A:0.19672    G:0.16393
Average         T:0.33333    C:0.21311    A:0.27869    G:0.17486

#15: Topi           
position  1:    T:0.26230    C:0.19672    A:0.31148    G:0.22951
position  2:    T:0.29508    C:0.24590    A:0.32787    G:0.13115
position  3:    T:0.44262    C:0.19672    A:0.19672    G:0.16393
Average         T:0.33333    C:0.21311    A:0.27869    G:0.17486

#16: CommonDuiker   
position  1:    T:0.26230    C:0.19672    A:0.31148    G:0.22951
position  2:    T:0.29508    C:0.24590    A:0.32787    G:0.13115
position  3:    T:0.44262    C:0.19672    A:0.19672    G:0.16393
Average         T:0.33333    C:0.21311    A:0.27869    G:0.17486

#17: Suni           
position  1:    T:0.26230    C:0.19672    A:0.31148    G:0.22951
position  2:    T:0.29508    C:0.24590    A:0.32787    G:0.13115
position  3:    T:0.40984    C:0.21311    A:0.19672    G:0.18033
Average         T:0.32240    C:0.21858    A:0.27869    G:0.18033

#18: Springbuck     
position  1:    T:0.26230    C:0.19672    A:0.31148    G:0.22951
position  2:    T:0.29508    C:0.24590    A:0.32787    G:0.13115
position  3:    T:0.44262    C:0.19672    A:0.18033    G:0.18033
Average         T:0.33333    C:0.21311    A:0.27322    G:0.18033

#19: Okapi          
position  1:    T:0.24590    C:0.21311    A:0.31148    G:0.22951
position  2:    T:0.29508    C:0.24590    A:0.32787    G:0.13115
position  3:    T:0.40984    C:0.22951    A:0.19672    G:0.16393
Average         T:0.31694    C:0.22951    A:0.27869    G:0.17486

#20: Giraffe        
position  1:    T:0.24590    C:0.21311    A:0.31148    G:0.22951
position  2:    T:0.29508    C:0.24590    A:0.32787    G:0.13115
position  3:    T:0.40984    C:0.22951    A:0.19672    G:0.16393
Average         T:0.31694    C:0.22951    A:0.27869    G:0.17486

#21: TibetanAntelope
position  1:    T:0.26230    C:0.19672    A:0.31148    G:0.22951
position  2:    T:0.29508    C:0.24590    A:0.32787    G:0.13115
position  3:    T:0.44262    C:0.19672    A:0.19672    G:0.16393
Average         T:0.33333    C:0.21311    A:0.27869    G:0.17486

#22: Sitatunga      
position  1:    T:0.26230    C:0.19672    A:0.31148    G:0.22951
position  2:    T:0.29508    C:0.24590    A:0.32787    G:0.13115
position  3:    T:0.44262    C:0.19672    A:0.19672    G:0.16393
Average         T:0.33333    C:0.21311    A:0.27869    G:0.17486

#23: Oribi          
position  1:    T:0.26230    C:0.19672    A:0.31148    G:0.22951
position  2:    T:0.29508    C:0.24590    A:0.32787    G:0.13115
position  3:    T:0.42623    C:0.21311    A:0.18033    G:0.18033
Average         T:0.32787    C:0.21858    A:0.27322    G:0.18033

#24: BarbarySheep   
position  1:    T:0.26230    C:0.19672    A:0.31148    G:0.22951
position  2:    T:0.29508    C:0.24590    A:0.32787    G:0.13115
position  3:    T:0.44262    C:0.19672    A:0.19672    G:0.16393
Average         T:0.33333    C:0.21311    A:0.27869    G:0.17486

#25: Daviddeer      
position  1:    T:0.26230    C:0.19672    A:0.31148    G:0.22951
position  2:    T:0.29508    C:0.24590    A:0.32787    G:0.13115
position  3:    T:0.44262    C:0.19672    A:0.19672    G:0.16393
Average         T:0.33333    C:0.21311    A:0.27869    G:0.17486

#26: Reindeer       
position  1:    T:0.26230    C:0.19672    A:0.31148    G:0.22951
position  2:    T:0.29508    C:0.24590    A:0.32787    G:0.13115
position  3:    T:0.44262    C:0.19672    A:0.19672    G:0.16393
Average         T:0.33333    C:0.21311    A:0.27869    G:0.17486

#27: Ibex           
position  1:    T:0.26230    C:0.19672    A:0.31148    G:0.22951
position  2:    T:0.29508    C:0.24590    A:0.32787    G:0.13115
position  3:    T:0.44262    C:0.18033    A:0.19672    G:0.18033
Average         T:0.33333    C:0.20765    A:0.27869    G:0.18033

#28: GyrantGazelle  
position  1:    T:0.26230    C:0.19672    A:0.31148    G:0.22951
position  2:    T:0.29508    C:0.24590    A:0.32787    G:0.13115
position  3:    T:0.45902    C:0.18033    A:0.18033    G:0.18033
Average         T:0.33880    C:0.20765    A:0.27322    G:0.18033

#29: Hartebeest     
position  1:    T:0.26230    C:0.19672    A:0.31148    G:0.22951
position  2:    T:0.29508    C:0.24590    A:0.32787    G:0.13115
position  3:    T:0.44262    C:0.19672    A:0.19672    G:0.16393
Average         T:0.33333    C:0.21311    A:0.27869    G:0.17486

#30: Bongo          
position  1:    T:0.26230    C:0.19672    A:0.31148    G:0.22951
position  2:    T:0.29508    C:0.24590    A:0.32787    G:0.13115
position  3:    T:0.44262    C:0.19672    A:0.19672    G:0.16393
Average         T:0.33333    C:0.21311    A:0.27869    G:0.17486

#31: Gerenuk        
position  1:    T:0.26230    C:0.19672    A:0.31148    G:0.22951
position  2:    T:0.29508    C:0.24590    A:0.32787    G:0.13115
position  3:    T:0.44262    C:0.19672    A:0.18033    G:0.18033
Average         T:0.33333    C:0.21311    A:0.27322    G:0.18033

#32: CommonEland    
position  1:    T:0.26230    C:0.19672    A:0.31148    G:0.22951
position  2:    T:0.29508    C:0.24590    A:0.32787    G:0.13115
position  3:    T:0.44262    C:0.19672    A:0.19672    G:0.16393
Average         T:0.33333    C:0.21311    A:0.27869    G:0.17486

#33: MuntiacusReevesi
position  1:    T:0.26230    C:0.19672    A:0.31148    G:0.22951
position  2:    T:0.29508    C:0.24590    A:0.32787    G:0.13115
position  3:    T:0.44262    C:0.19672    A:0.19672    G:0.16393
Average         T:0.33333    C:0.21311    A:0.27869    G:0.17486

#34: HarveysDuiker  
position  1:    T:0.26230    C:0.19672    A:0.31148    G:0.22951
position  2:    T:0.29508    C:0.24590    A:0.32787    G:0.13115
position  3:    T:0.44262    C:0.19672    A:0.19672    G:0.16393
Average         T:0.33333    C:0.21311    A:0.27869    G:0.17486

#35: Pronghorn      
position  1:    T:0.26230    C:0.19672    A:0.31148    G:0.22951
position  2:    T:0.29508    C:0.24590    A:0.32787    G:0.13115
position  3:    T:0.44262    C:0.19672    A:0.19672    G:0.16393
Average         T:0.33333    C:0.21311    A:0.27869    G:0.17486

#36: BlueWildebeest 
position  1:    T:0.26230    C:0.19672    A:0.31148    G:0.22951
position  2:    T:0.29508    C:0.24590    A:0.32787    G:0.13115
position  3:    T:0.44262    C:0.19672    A:0.19672    G:0.16393
Average         T:0.33333    C:0.21311    A:0.27869    G:0.17486

#37: Gemsbok        
position  1:    T:0.26230    C:0.19672    A:0.31148    G:0.22951
position  2:    T:0.29508    C:0.24590    A:0.32787    G:0.13115
position  3:    T:0.44262    C:0.19672    A:0.19672    G:0.16393
Average         T:0.33333    C:0.21311    A:0.27869    G:0.17486

#38: Yak            
position  1:    T:0.26230    C:0.19672    A:0.31148    G:0.22951
position  2:    T:0.29508    C:0.24590    A:0.32787    G:0.13115
position  3:    T:0.44262    C:0.19672    A:0.19672    G:0.16393
Average         T:0.33333    C:0.21311    A:0.27869    G:0.17486

#39: BlueSheep      
position  1:    T:0.26230    C:0.19672    A:0.31148    G:0.22951
position  2:    T:0.29508    C:0.24590    A:0.32787    G:0.13115
position  3:    T:0.47541    C:0.18033    A:0.18033    G:0.16393
Average         T:0.34426    C:0.20765    A:0.27322    G:0.17486

#40: BohorReedbuck  
position  1:    T:0.26230    C:0.19672    A:0.31148    G:0.22951
position  2:    T:0.29508    C:0.24590    A:0.32787    G:0.13115
position  3:    T:0.44262    C:0.19672    A:0.19672    G:0.16393
Average         T:0.33333    C:0.21311    A:0.27869    G:0.17486

#41: KirksDik       
position  1:    T:0.26230    C:0.19672    A:0.31148    G:0.22951
position  2:    T:0.29508    C:0.24590    A:0.32787    G:0.13115
position  3:    T:0.44262    C:0.19672    A:0.19672    G:0.16393
Average         T:0.33333    C:0.21311    A:0.27869    G:0.17486

#42: RoeDeer        
position  1:    T:0.26230    C:0.19672    A:0.31148    G:0.22951
position  2:    T:0.29508    C:0.24590    A:0.32787    G:0.13115
position  3:    T:0.44262    C:0.19672    A:0.19672    G:0.16393
Average         T:0.33333    C:0.21311    A:0.27869    G:0.17486

#43: WhiteLippedDeer
position  1:    T:0.26230    C:0.19672    A:0.31148    G:0.22951
position  2:    T:0.29508    C:0.24590    A:0.32787    G:0.13115
position  3:    T:0.44262    C:0.19672    A:0.19672    G:0.16393
Average         T:0.33333    C:0.21311    A:0.27869    G:0.17486

#44: ThomsonGazelle 
position  1:    T:0.26230    C:0.19672    A:0.31148    G:0.22951
position  2:    T:0.29508    C:0.24590    A:0.32787    G:0.13115
position  3:    T:0.45902    C:0.18033    A:0.18033    G:0.18033
Average         T:0.33880    C:0.20765    A:0.27322    G:0.18033

#45: MuntiacusCrinifrons
position  1:    T:0.26230    C:0.19672    A:0.31148    G:0.22951
position  2:    T:0.29508    C:0.24590    A:0.32787    G:0.13115
position  3:    T:0.44262    C:0.19672    A:0.19672    G:0.16393
Average         T:0.33333    C:0.21311    A:0.27869    G:0.17486

#46: WhiteTailedDeer
position  1:    T:0.26230    C:0.19672    A:0.31148    G:0.22951
position  2:    T:0.29508    C:0.24590    A:0.32787    G:0.13115
position  3:    T:0.44262    C:0.19672    A:0.19672    G:0.16393
Average         T:0.33333    C:0.21311    A:0.27869    G:0.17486

#47: Cattle         
position  1:    T:0.26230    C:0.19672    A:0.31148    G:0.22951
position  2:    T:0.29508    C:0.24590    A:0.32787    G:0.13115
position  3:    T:0.44262    C:0.19672    A:0.19672    G:0.16393
Average         T:0.33333    C:0.21311    A:0.27869    G:0.17486

#48: RoyalAntelope  
position  1:    T:0.26230    C:0.19672    A:0.31148    G:0.22951
position  2:    T:0.29508    C:0.24590    A:0.32787    G:0.13115
position  3:    T:0.45902    C:0.19672    A:0.18033    G:0.16393
Average         T:0.33880    C:0.21311    A:0.27322    G:0.17486

#49: Steenbok       
position  1:    T:0.26230    C:0.19672    A:0.31148    G:0.22951
position  2:    T:0.29508    C:0.24590    A:0.32787    G:0.13115
position  3:    T:0.44262    C:0.19672    A:0.19672    G:0.16393
Average         T:0.33333    C:0.21311    A:0.27869    G:0.17486

#50: Impala         
position  1:    T:0.26230    C:0.19672    A:0.31148    G:0.22951
position  2:    T:0.29508    C:0.24590    A:0.32787    G:0.13115
position  3:    T:0.44262    C:0.19672    A:0.19672    G:0.16393
Average         T:0.33333    C:0.21311    A:0.27869    G:0.17486

#51: Klipspringer   
position  1:    T:0.26230    C:0.19672    A:0.31148    G:0.22951
position  2:    T:0.29508    C:0.24590    A:0.34426    G:0.11475
