1
52 1
Argali 0.000000 0.259900 0.121100 0.238900 0.071200 0.009000 0.081900 0.095000 0.110100 0.134800 0.037100 0.096100 0.051400 0.088400 0.113500 0.088200 0.113700 0.119400 0.034600 0.115400 0.093900 0.039200 0.125000 0.122600 0.044100 0.091000 0.051500 0.113100 0.103000 0.110100 0.129400 0.074000 0.154400 0.056200 0.048900 0.103000 0.032200 0.068900 0.099800 0.137700 0.124100 0.091100 0.124500 0.125800 0.105700 0.081100 0.085600 0.090400 0.096200 0.112200 0.123700 0.128600
LesserMous 0.259900 0.000000 0.254500 0.245900 0.263900 0.256600 0.235600 0.269700 0.249400 0.266600 0.260400 0.241000 0.263400 0.280400 0.293600 0.254000 0.235600 0.246600 0.258700 0.253300 0.259300 0.252700 0.243800 0.246900 0.270600 0.251200 0.264700 0.250400 0.261800 0.249200 0.258600 0.250600 0.259200 0.273500 0.253600 0.248600 0.246900 0.261300 0.254800 0.263000 0.244400 0.251700 0.261500 0.243100 0.248800 0.267200 0.266400 0.259700 0.269700 0.241900 0.254000 0.256500
LesserKudu 0.121100 0.254500 0.000000 0.239300 0.111700 0.115800 0.098000 0.112800 0.027300 0.141800 0.111400 0.056200 0.111200 0.101800 0.133100 0.118300 0.097800 0.100500 0.092900 0.013600 0.117100 0.108100 0.126600 0.134800 0.114100 0.121600 0.106200 0.020500 0.120800 0.013500 0.136400 0.102600 0.126900 0.116200 0.095500 0.063100 0.100400 0.111900 0.117000 0.142000 0.115300 0.119200 0.131500 0.127700 0.065600 0.111300 0.118600 0.123300 0.121700 0.111800 0.029800 0.034300
KillerWhal 0.238900 0.245900 0.239300 0.000000 0.226600 0.235700 0.229000 0.225200 0.237600 0.253900 0.229700 0.216300 0.229600 0.249900 0.253400 0.220400 0.202400 0.199300 0.229300 0.240500 0.215800 0.232300 0.238000 0.225900 0.239400 0.208700 0.225100 0.238200 0.225300 0.236700 0.250200 0.227200 0.244200 0.224200 0.217900 0.227400 0.229100 0.232900 0.240200 0.247200 0.232300 0.224000 0.248800 0.228600 0.227600 0.235900 0.218900 0.208100 0.244700 0.207000 0.236000 0.254400
DefassaWat 0.071200 0.263900 0.111700 0.226600 0.000000 0.071200 0.085500 0.096000 0.105900 0.139200 0.061800 0.107300 0.059400 0.089300 0.125200 0.094300 0.099200 0.104900 0.051800 0.106100 0.110500 0.059000 0.126400 0.124000 0.074100 0.102200 0.054600 0.103800 0.114400 0.105900 0.125600 0.074800 0.136900 0.059300 0.049500 0.104000 0.061400 0.018500 0.098300 0.131200 0.120300 0.102300 0.128800 0.124700 0.106700 0.102400 0.094200 0.120100 0.102500 0.107000 0.109100 0.119200
Sheep 0.009000 0.256600 0.115800 0.235700 0.071200 0.000000 0.076800 0.089900 0.110100 0.129400 0.032400 0.091000 0.046600 0.083300 0.108300 0.083200 0.108500 0.114100 0.029900 0.110200 0.088700 0.034500 0.119700 0.117300 0.039400 0.085900 0.046700 0.108000 0.097800 0.104900 0.124000 0.069000 0.148900 0.051300 0.044100 0.097900 0.027500 0.068800 0.094700 0.132200 0.118700 0.086000 0.119100 0.120500 0.100500 0.081100 0.080600 0.085300 0.091100 0.107000 0.118400 0.123300
MaxwellsDu 0.081900 0.235600 0.098000 0.229000 0.085500 0.076800 0.000000 0.082300 0.095000 0.137000 0.072300 0.083100 0.074800 0.071900 0.112600 0.085800 0.110500 0.114800 0.068600 0.097700 0.081100 0.069400 0.121600 0.113900 0.080000 0.083400 0.069900 0.095400 0.090500 0.097600 0.131500 0.057500 0.135300 0.074700 0.064600 0.094400 0.061900 0.080500 0.087000 0.134400 0.115500 0.079600 0.126500 0.117300 0.097100 0.078400 0.084600 0.091500 0.084800 0.103800 0.105800 0.110800
GazellaPrz 0.095000 0.269700 0.112800 0.225200 0.096000 0.089900 0.082300 0.000000 0.106700 0.147800 0.090300 0.103200 0.085100 0.088700 0.115100 0.051500 0.107800 0.115900 0.072200 0.107100 0.054200 0.087200 0.126800 0.132300 0.097900 0.049200 0.080000 0.104900 0.060900 0.101800 0.142300 0.069400 0.137500 0.084900 0.070000 0.105300 0.082200 0.096000 0.079600 0.145100 0.134300 0.048800 0.137300 0.130200 0.108000 0.074900 0.071000 0.099200 0.084800 0.105300 0.110100 0.120200
MountainNy 0.110100 0.249400 0.027300 0.237600 0.105900 0.110100 0.095000 0.106700 0.000000 0.138300 0.105700 0.055900 0.105500 0.098700 0.123100 0.112500 0.097000 0.099900 0.087400 0.022600 0.113800 0.102400 0.123400 0.131500 0.108200 0.115800 0.100500 0.011200 0.117600 0.022600 0.133000 0.099500 0.130800 0.110400 0.090000 0.057700 0.094900 0.106100 0.111200 0.138200 0.117300 0.110900 0.128100 0.124100 0.062300 0.100400 0.112700 0.109900 0.110700 0.110900 0.020300 0.029500
MuntiacusM 0.134800 0.266600 0.141800 0.253900 0.139200 0.129400 0.137000 0.147800 0.138300 0.000000 0.135700 0.118500 0.138400 0.143300 0.178900 0.135200 0.107100 0.115500 0.127000 0.135800 0.155100 0.137600 0.084700 0.061800 0.138300 0.140800 0.133200 0.130900 0.147800 0.130300 0.033400 0.133600 0.131400 0.133300 0.124500 0.128200 0.134700 0.136700 0.155100 0.073400 0.058200 0.143600 0.014200 0.049900 0.131100 0.135500 0.145300 0.148200 0.149100 0.116900 0.139100 0.149400
goat 0.037100 0.260400 0.111400 0.229700 0.061800 0.032400 0.072300 0.090300 0.105700 0.135700 0.000000 0.101800 0.042100 0.078800 0.106200 0.083700 0.104000 0.099300 0.025400 0.105800 0.079100 0.030000 0.120600 0.112800 0.011300 0.081300 0.037400 0.103500 0.098400 0.105600 0.124900 0.069500 0.143900 0.042000 0.039600 0.095900 0.013700 0.059400 0.087600 0.133300 0.125000 0.081400 0.125400 0.121300 0.101200 0.074100 0.081100 0.096000 0.086600 0.107700 0.114000 0.118900
AfricanBuf 0.096100 0.241000 0.056200 0.216300 0.107300 0.091000 0.083100 0.103200 0.055900 0.118500 0.101800 0.000000 0.096500 0.101700 0.134100 0.104200 0.098500 0.090900 0.093600 0.051100 0.104800 0.098600 0.119600 0.109500 0.104600 0.106900 0.096700 0.048900 0.108700 0.047700 0.113300 0.087000 0.117300 0.101500 0.086100 0.044200 0.091000 0.102300 0.102300 0.116100 0.103000 0.104400 0.108400 0.107500 0.046700 0.096600 0.098800 0.095700 0.106900 0.092000 0.058600 0.063200
Topi 0.051400 0.263400 0.111200 0.229600 0.059400 0.046600 0.074800 0.085100 0.105500 0.138400 0.042100 0.096500 0.000000 0.083200 0.108900 0.078600 0.109100 0.104400 0.030000 0.105600 0.084100 0.049000 0.125800 0.118000 0.049100 0.081300 0.004600 0.103400 0.093300 0.105500 0.130300 0.063800 0.133400 0.018400 0.034900 0.093200 0.037100 0.059400 0.092600 0.138600 0.124900 0.081400 0.128100 0.123900 0.095800 0.076500 0.076000 0.093500 0.081600 0.102400 0.108700 0.118600
CommonDuik 0.088400 0.280400 0.101800 0.249900 0.089300 0.083300 0.071900 0.088700 0.098700 0.143300 0.078800 0.101700 0.083200 0.000000 0.098200 0.092300 0.114300 0.123200 0.066100 0.101400 0.100500 0.075800 0.122500 0.130800 0.086300 0.092500 0.078300 0.099100 0.104700 0.101400 0.137900 0.047000 0.146500 0.083000 0.068600 0.097500 0.073300 0.089400 0.085900 0.149000 0.137900 0.098800 0.138400 0.128800 0.100100 0.077500 0.082900 0.105600 0.098900 0.112800 0.109500 0.114500
Suni 0.113500 0.293600 0.133100 0.253400 0.125200 0.108300 0.112600 0.115100 0.123100 0.178900 0.106200 0.134100 0.108900 0.098200 0.000000 0.115100 0.145500 0.150100 0.095700 0.132600 0.126500 0.110800 0.148800 0.160000 0.108800 0.115400 0.109000 0.130400 0.135800 0.132500 0.173100 0.112000 0.179200 0.113900 0.103400 0.121100 0.100600 0.125300 0.134400 0.179200 0.164800 0.108900 0.173800 0.166500 0.126700 0.115500 0.113600 0.108200 0.119200 0.155400 0.141100 0.146100
Springbuck 0.088200 0.254000 0.118300 0.220400 0.094300 0.083200 0.085800 0.051500 0.112500 0.135200 0.083700 0.104200 0.078600 0.092300 0.115100 0.000000 0.102300 0.115600 0.070800 0.112600 0.051700 0.085600 0.124900 0.127700 0.091200 0.032500 0.073700 0.110400 0.039300 0.107300 0.126600 0.075100 0.144100 0.078500 0.068500 0.108800 0.078100 0.089300 0.081700 0.132000 0.129300 0.032500 0.127600 0.128900 0.111500 0.073500 0.068400 0.096100 0.078300 0.102600 0.115700 0.120500
Okapi 0.113700 0.235600 0.097800 0.202400 0.099200 0.108500 0.110500 0.107800 0.097000 0.107100 0.104000 0.098500 0.109100 0.114300 0.145500 0.102300 0.000000 0.039200 0.100900 0.092400 0.109500 0.111100 0.102600 0.090600 0.111700 0.098900 0.104100 0.090100 0.110900 0.087300 0.102000 0.099600 0.108200 0.108900 0.093400 0.100500 0.108500 0.104600 0.117600 0.091900 0.091100 0.106100 0.097100 0.093600 0.103100 0.109200 0.111400 0.107900 0.119500 0.084100 0.095300 0.100000
Giraffe 0.119400 0.246600 0.100500 0.199300 0.104900 0.114100 0.114800 0.115900 0.099900 0.115500 0.099300 0.090900 0.104400 0.123200 0.150100 0.115600 0.039200 0.000000 0.101500 0.095000 0.107100 0.116700 0.111400 0.093700 0.101800 0.112000 0.104600 0.092700 0.119000 0.089800 0.110300 0.102900 0.098700 0.109400 0.098900 0.092900 0.108900 0.099800 0.120100 0.113200 0.100000 0.120000 0.105400 0.096700 0.095600 0.106800 0.103800 0.111100 0.111400 0.091800 0.097900 0.107800
TibetanAnt 0.034600 0.258700 0.092900 0.229300 0.051800 0.029900 0.068600 0.072200 0.087400 0.127000 0.025400 0.093600 0.030000 0.066100 0.095700 0.070800 0.100900 0.101500 0.000000 0.087500 0.081200 0.027500 0.112100 0.115000 0.032100 0.073400 0.025400 0.085300 0.085300 0.087400 0.121700 0.056800 0.138300 0.030000 0.027700 0.087900 0.020500 0.049400 0.087300 0.129900 0.116400 0.073500 0.116800 0.112800 0.090500 0.073700 0.078200 0.082900 0.078700 0.099400 0.090400 0.100300
Sitatunga 0.115400 0.253300 0.013600 0.240500 0.106100 0.110200 0.097700 0.107100 0.022600 0.135800 0.105800 0.051100 0.105600 0.101400 0.132600 0.112600 0.092400 0.095000 0.087500 0.000000 0.111400 0.102600 0.120900 0.129000 0.108500 0.115900 0.100700 0.015800 0.117700 0.009000 0.130500 0.102200 0.126200 0.110600 0.090100 0.058000 0.095000 0.106300 0.111400 0.136000 0.114800 0.113500 0.125600 0.121900 0.062700 0.105600 0.113000 0.120300 0.116000 0.106200 0.025000 0.029500
Oribi 0.093900 0.259300 0.117100 0.215800 0.110500 0.088700 0.081100 0.054200 0.113800 0.155100 0.079100 0.104800 0.084100 0.100500 0.126500 0.051700 0.109500 0.107100 0.081200 0.111400 0.000000 0.091200 0.133400 0.136800 0.086600 0.049400 0.079100 0.111600 0.056300 0.106000 0.149500 0.085800 0.136200 0.078900 0.078800 0.101700 0.073600 0.105400 0.077200 0.144200 0.138200 0.047000 0.144500 0.140200 0.104400 0.068900 0.071300 0.101100 0.083900 0.103000 0.117000 0.121800
BarbaryShe 0.039200 0.252700 0.108100 0.232300 0.059000 0.034500 0.069400 0.087200 0.102400 0.137600 0.030000 0.098600 0.049000 0.075800 0.110800 0.085600 0.111100 0.116700 0.027500 0.102600 0.091200 0.000000 0.127600 0.120000 0.036900 0.088300 0.044300 0.100300 0.100300 0.102400 0.132100 0.066500 0.148800 0.048900 0.037000 0.095300 0.025100 0.056600 0.087200 0.140500 0.126800 0.088500 0.127300 0.123300 0.097900 0.083600 0.088100 0.092900 0.093700 0.104500 0.110700 0.115500
Daviddeer 0.125000 0.243800 0.126600 0.238000 0.126400 0.119700 0.121600 0.126800 0.123400 0.084700 0.120600 0.119600 0.125800 0.122500 0.148800 0.124900 0.102600 0.111400 0.112100 0.120900 0.133400 0.127600 0.000000 0.063800 0.123100 0.127800 0.120700 0.118600 0.129900 0.115500 0.074500 0.123600 0.148300 0.125200 0.114800 0.134400 0.125000 0.131900 0.145000 0.074700 0.044900 0.125200 0.074900 0.071800 0.137300 0.122600 0.132800 0.122200 0.133300 0.128500 0.124000 0.134100
Reindeer 0.122600 0.246900 0.134800 0.225900 0.124000 0.117300 0.113900 0.132300 0.131500 0.061800 0.112800 0.109500 0.118000 0.130800 0.160000 0.127700 0.090600 0.093700 0.115000 0.129000 0.136800 0.120000 0.063800 0.000000 0.115300 0.125200 0.113000 0.126700 0.143400 0.123500 0.056800 0.121200 0.124300 0.112100 0.112400 0.124100 0.112000 0.124200 0.131700 0.052500 0.057400 0.122600 0.052000 0.030500 0.129600 0.114800 0.132800 0.119700 0.130800 0.099700 0.132200 0.142400
Ibex 0.044100 0.270600 0.114100 0.239400 0.074100 0.039400 0.080000 0.097900 0.108200 0.138300 0.011300 0.104600 0.049100 0.086300 0.108800 0.091200 0.111700 0.101800 0.032100 0.108500 0.086600 0.036900 0.123100 0.115300 0.000000 0.088800 0.044300 0.106000 0.106100 0.108300 0.127400 0.076800 0.133600 0.049000 0.046700 0.098700 0.020400 0.066700 0.094700 0.135800 0.127500 0.089000 0.128000 0.118700 0.103900 0.081500 0.088500 0.103600 0.089200 0.115800 0.116700 0.121500
GyrantGaze 0.091000 0.251200 0.121600 0.208700 0.102200 0.085900 0.083400 0.049200 0.115800 0.140800 0.081300 0.106900 0.081300 0.092500 0.115400 0.032500 0.098900 0.112000 0.073400 0.115900 0.049400 0.088300 0.127800 0.125200 0.088800 0.000000 0.076400 0.113600 0.044100 0.110500 0.132200 0.072800 0.136100 0.081200 0.071000 0.101200 0.075800 0.097200 0.077000 0.137700 0.137700 0.020700 0.136000 0.137200 0.106400 0.071100 0.063200 0.083600 0.080900 0.097500 0.119100 0.123800
Hartebeest 0.051500 0.264700 0.106200 0.225100 0.054600 0.046700 0.069900 0.080000 0.100500 0.133200 0.037400 0.096700 0.004600 0.078300 0.109000 0.073700 0.104100 0.104600 0.025400 0.100700 0.079100 0.044300 0.120700 0.113000 0.044300 0.076400 0.000000 0.098400 0.088300 0.100500 0.125200 0.058900 0.128300 0.013800 0.030200 0.093400 0.032400 0.054600 0.087700 0.133400 0.119800 0.076400 0.122900 0.118800 0.096000 0.076600 0.076100 0.093600 0.076700 0.097300 0.103600 0.113600
Bongo 0.113100 0.250400 0.020500 0.238200 0.103800 0.108000 0.095400 0.104900 0.011200 0.130900 0.103500 0.048900 0.103400 0.099100 0.130400 0.110400 0.090100 0.092700 0.085300 0.015800 0.111600 0.100300 0.118600 0.126700 0.106000 0.113600 0.098400 0.000000 0.115400 0.015800 0.125600 0.099900 0.123700 0.108300 0.087900 0.051000 0.092700 0.104000 0.109100 0.133700 0.112500 0.111200 0.120700 0.119300 0.055600 0.103400 0.110700 0.118000 0.113700 0.103900 0.013500 0.022700
Gerenuk 0.103000 0.261800 0.120800 0.225300 0.114400 0.097800 0.090500 0.060900 0.117600 0.147800 0.098400 0.108700 0.093300 0.104700 0.135800 0.039300 0.110900 0.119000 0.085300 0.117700 0.056300 0.100300 0.129900 0.143400 0.106100 0.044100 0.088300 0.115400 0.000000 0.112300 0.142300 0.090000 0.148600 0.093100 0.083000 0.115800 0.092700 0.109300 0.091400 0.150800 0.139800 0.051300 0.142900 0.144100 0.118500 0.083000 0.080300 0.107800 0.087900 0.109600 0.120800 0.120400
CommonElan 0.110100 0.249200 0.013500 0.236700 0.105900 0.104900 0.097600 0.101800 0.022600 0.130300 0.105600 0.047700 0.105500 0.101400 0.132500 0.107300 0.087300 0.089800 0.087400 0.009000 0.106000 0.102400 0.115500 0.123500 0.108300 0.110500 0.100500 0.015800 0.112300 0.000000 0.125000 0.102100 0.120900 0.110400 0.090000 0.058000 0.094800 0.106100 0.106000 0.130500 0.109400 0.108200 0.120100 0.116400 0.064100 0.100400 0.107700 0.114900 0.110600 0.100900 0.025000 0.029500
MuntiacusR 0.129400 0.258600 0.136400 0.250200 0.125600 0.124000 0.131500 0.142300 0.133000 0.033400 0.124900 0.113300 0.130300 0.137900 0.173100 0.126600 0.102000 0.110300 0.121700 0.130500 0.149500 0.132100 0.074500 0.056800 0.127400 0.132200 0.125200 0.125600 0.142300 0.125000 0.000000 0.128200 0.126000 0.129700 0.119100 0.120300 0.124000 0.125800 0.141600 0.058100 0.048200 0.129500 0.028700 0.049800 0.125800 0.132300 0.137200 0.140100 0.137900 0.111600 0.133700 0.144000
HarveysDui 0.074000 0.250600 0.102600 0.227200 0.074800 0.069000 0.057500 0.069400 0.099500 0.133600 0.069500 0.087000 0.063800 0.047000 0.112000 0.075100 0.099600 0.102900 0.056800 0.102200 0.085800 0.066500 0.123600 0.121200 0.076800 0.072800 0.058900 0.099900 0.090000 0.102100 0.128200 0.000000 0.137000 0.063700 0.049500 0.093100 0.064000 0.069900 0.086500 0.136500 0.122800 0.079200 0.123200 0.124400 0.095800 0.078000 0.073500 0.081000 0.079400 0.103300 0.105200 0.115300
Pronghorn 0.154400 0.259200 0.126900 0.244200 0.136900 0.148900 0.135300 0.137500 0.130800 0.131400 0.143900 0.117300 0.133400 0.146500 0.179200 0.144100 0.108200 0.098700 0.138300 0.126200 0.136200 0.148800 0.148300 0.124300 0.133600 0.136100 0.128300 0.123700 0.148600 0.120900 0.126000 0.137000 0.000000 0.138500 0.130400 0.111400 0.135300 0.137000 0.141800 0.139600 0.112800 0.144000 0.126400 0.117100 0.114100 0.135900 0.143600 0.153700 0.141300 0.123600 0.129400 0.139300
BlueWildeb 0.056200 0.273500 0.116200 0.224200 0.059300 0.051300 0.074700 0.084900 0.110400 0.133300 0.042000 0.101500 0.018400 0.083000 0.113900 0.078500 0.108900 0.109400 0.030000 0.110600 0.078900 0.048900 0.125200 0.112100 0.049000 0.081200 0.013800 0.108300 0.093100 0.110400 0.129700 0.063700 0.138500 0.000000 0.034800 0.103300 0.037000 0.059300 0.094900 0.132500 0.124300 0.081300 0.122900 0.113500 0.106000 0.081300 0.080900 0.088800 0.081400 0.097000 0.108500 0.123700
Gemsbok 0.048900 0.253600 0.095500 0.217900 0.049500 0.044100 0.064600 0.070000 0.090000 0.124500 0.039600 0.086100 0.034900 0.068600 0.103400 0.068500 0.093400 0.098900 0.027700 0.090100 0.078800 0.037000 0.114800 0.112400 0.046700 0.071000 0.030200 0.087900 0.083000 0.090000 0.119100 0.049500 0.130400 0.034800 0.000000 0.082900 0.034600 0.049500 0.084800 0.127300 0.113800 0.071100 0.114300 0.115700 0.085500 0.076200 0.075800 0.080600 0.076300 0.091900 0.088000 0.102900
Yak 0.103000 0.248600 0.063100 0.227400 0.104000 0.097900 0.094400 0.105300 0.057700 0.128200 0.095900 0.044200 0.093200 0.097500 0.121100 0.108800 0.100500 0.092900 0.087900 0.058000 0.101700 0.095300 0.134400 0.124100 0.098700 0.101200 0.093400 0.051000 0.115800 0.058000 0.120300 0.093100 0.111400 0.103300 0.082900 0.000000 0.085300 0.099000 0.099000 0.133900 0.117800 0.103500 0.123400 0.124900 0.006800 0.098600 0.095700 0.107700 0.108700 0.094000 0.060700 0.065300
BlueSheep 0.032200 0.246900 0.100400 0.229100 0.061400 0.027500 0.061900 0.082200 0.094900 0.134700 0.013700 0.091000 0.037100 0.073300 0.100600 0.078100 0.108500 0.108900 0.020500 0.095000 0.073600 0.025100 0.125000 0.112000 0.020400 0.075800 0.032400 0.092700 0.092700 0.094800 0.124000 0.064000 0.135300 0.037000 0.034600 0.085300 0.000000 0.059000 0.082100 0.132200 0.118800 0.070900 0.124500 0.120400 0.090400 0.071100 0.075600 0.090300 0.081000 0.101700 0.102900 0.107800
BohorReedb 0.068900 0.261300 0.111900 0.232900 0.018500 0.068800 0.080500 0.096000 0.106100 0.136700 0.059400 0.102300 0.059400 0.089400 0.125300 0.089300 0.104600 0.099800 0.049400 0.106300 0.105400 0.056600 0.131900 0.124200 0.066700 0.097200 0.054600 0.104000 0.109300 0.106100 0.125800 0.069900 0.137000 0.059300 0.049500 0.099000 0.059000 0.000000 0.093300 0.134100 0.120400 0.097300 0.126200 0.122200 0.101600 0.097300 0.094300 0.112200 0.092300 0.108500 0.109300 0.119400
KirksDik 0.099800 0.254800 0.117000 0.240200 0.098300 0.094700 0.087000 0.079600 0.111200 0.155100 0.087600 0.102300 0.092600 0.085900 0.134400 0.081700 0.117600 0.120100 0.087300 0.111400 0.077200 0.087200 0.145000 0.131700 0.094700 0.077000 0.087700 0.109100 0.091400 0.106000 0.141600 0.086500 0.141800 0.094900 0.084800 0.099000 0.082100 0.093300 0.000000 0.144400 0.138800 0.079600 0.144600 0.135000 0.106900 0.069600 0.079300 0.117200 0.084500 0.105700 0.119500 0.114000
RoeDeer 0.137700 0.263000 0.142000 0.247200 0.131200 0.132200 0.134400 0.145100 0.138200 0.073400 0.133300 0.116100 0.138600 0.149000 0.179200 0.132000 0.091900 0.113200 0.129900 0.136000 0.144200 0.140500 0.074700 0.052500 0.135800 0.137700 0.133400 0.133700 0.150800 0.130500 0.058100 0.136500 0.139600 0.132500 0.127300 0.133900 0.132200 0.134100 0.144400 0.000000 0.058200 0.135000 0.063500 0.052900 0.139400 0.137900 0.148400 0.140100 0.151900 0.119600 0.139300 0.144200
WhiteLippe 0.124100 0.244400 0.115300 0.232300 0.120300 0.118700 0.115500 0.134300 0.117300 0.058200 0.125000 0.103000 0.124900 0.137900 0.164800 0.129300 0.091100 0.100000 0.116400 0.114800 0.138200 0.126800 0.044900 0.057400 0.127500 0.137700 0.119800 0.112500 0.139800 0.109400 0.048200 0.122800 0.112800 0.124300 0.113800 0.117800 0.118800 0.120400 0.138800 0.058200 0.000000 0.129700 0.048400 0.055400 0.120600 0.127000 0.137300 0.126600 0.138000 0.116900 0.117900 0.128100
ThomsonGaz 0.091100 0.251700 0.119200 0.224000 0.102300 0.086000 0.079600 0.048800 0.110900 0.143600 0.081400 0.104400 0.081400 0.098800 0.108900 0.032500 0.106100 0.120000 0.073500 0.113500 0.047000 0.088500 0.125200 0.122600 0.089000 0.020700 0.076400 0.111200 0.051300 0.108200 0.129500 0.079200 0.144000 0.081300 0.071100 0.103500 0.070900 0.097300 0.079600 0.135000 0.129700 0.000000 0.133200 0.134500 0.108700 0.073700 0.075700 0.086200 0.076000 0.105000 0.116600 0.121400
MuntiacusC 0.124500 0.261500 0.131500 0.248800 0.128800 0.119100 0.126500 0.137300 0.128100 0.014200 0.125400 0.108400 0.128100 0.138400 0.173800 0.127600 0.097100 0.105400 0.116800 0.125600 0.144500 0.127300 0.074900 0.052000 0.128000 0.136000 0.122900 0.120700 0.142900 0.120100 0.028700 0.123200 0.126400 0.122900 0.114300 0.123400 0.124500 0.126200 0.144600 0.063500 0.048400 0.133200 0.000000 0.040000 0.126200 0.125200 0.140400 0.137900 0.138600 0.111900 0.128800 0.139100
WhiteTaile 0.125800 0.243100 0.127700 0.228600 0.124700 0.120500 0.117300 0.130200 0.124100 0.049900 0.121300 0.107500 0.123900 0.128800 0.166500 0.128900 0.093600 0.096700 0.112800 0.121900 0.140200 0.123300 0.071800 0.030500 0.118700 0.137200 0.118800 0.119300 0.144100 0.116400 0.049800 0.124400 0.117100 0.113500 0.115700 0.124900 0.120400 0.122200 0.135000 0.052900 0.055400 0.134500 0.040000 0.000000 0.127700 0.121100 0.136100 0.128400 0.134400 0.102900 0.125000 0.134900
Cattle 0.105700 0.248800 0.065600 0.227600 0.106700 0.100500 0.097100 0.108000 0.062300 0.131100 0.101200 0.046700 0.095800 0.100100 0.126700 0.111500 0.103100 0.095600 0.090500 0.062700 0.104400 0.097900 0.137300 0.129600 0.103900 0.106400 0.096000 0.055600 0.118500 0.064100 0.125800 0.095800 0.114100 0.106000 0.085500 0.006800 0.090400 0.101600 0.106900 0.139400 0.120600 0.108700 0.126200 0.127700 0.000000 0.101300 0.098400 0.110300 0.111400 0.091400 0.063200 0.070000
RoyalAntel 0.081100 0.267200 0.111300 0.235900 0.102400 0.081100 0.078400 0.074900 0.100400 0.135500 0.074100 0.096600 0.076500 0.077500 0.115500 0.073500 0.109200 0.106800 0.073700 0.105600 0.068900 0.083600 0.122600 0.114800 0.081500 0.071100 0.076600 0.103400 0.083000 0.100400 0.132300 0.078000 0.135900 0.081300 0.076200 0.098600 0.071100 0.097300 0.069600 0.137900 0.127000 0.073700 0.125200 0.121100 0.101300 0.000000 0.068400 0.093700 0.075900 0.102700 0.113800 0.118700
Steenbok 0.085600 0.266400 0.118600 0.218900 0.094200 0.080600 0.084600 0.071000 0.112700 0.145300 0.081100 0.098800 0.076000 0.082900 0.113600 0.068400 0.111400 0.103800 0.078200 0.113000 0.071300 0.088100 0.132800 0.132800 0.088500 0.063200 0.076100 0.110700 0.080300 0.107700 0.137200 0.073500 0.143600 0.080900 0.075800 0.095700 0.075600 0.094300 0.079300 0.148400 0.137300 0.075700 0.140400 0.136100 0.098400 0.068400 0.000000 0.097700 0.083100 0.110200 0.121200 0.126100
Impala 0.090400 0.259700 0.123300 0.208100 0.120100 0.085300 0.091500 0.099200 0.109900 0.148200 0.096000 0.095700 0.093500 0.105600 0.108200 0.096100 0.107900 0.111100 0.082900 0.120300 0.101100 0.092900 0.122200 0.119700 0.103600 0.083600 0.093600 0.118000 0.107800 0.114900 0.140100 0.081000 0.153700 0.088800 0.080600 0.107700 0.090300 0.112200 0.117200 0.140100 0.126600 0.086200 0.137900 0.128400 0.110300 0.093700 0.097700 0.000000 0.096100 0.117000 0.123400 0.128300
Klipspring 0.096200 0.269700 0.121700 0.244700 0.102500 0.091100 0.084800 0.084800 0.110700 0.149100 0.086600 0.106900 0.081600 0.098900 0.119200 0.078300 0.119500 0.111400 0.078700 0.116000 0.083900 0.093700 0.133300 0.130800 0.089200 0.080900 0.076700 0.113700 0.087900 0.110600 0.137900 0.079400 0.141300 0.081400 0.076300 0.108700 0.081000 0.092300 0.084500 0.151900 0.138000 0.076000 0.138600 0.134400 0.111400 0.075900 0.083100 0.096100 0.000000 0.109500 0.119100 0.129200
ForestMusk 0.112200 0.241900 0.111800 0.207000 0.107000 0.107000 0.103800 0.105300 0.110900 0.116900 0.107700 0.092000 0.102400 0.112800 0.155400 0.102600 0.084100 0.091800 0.099400 0.106200 0.103000 0.104500 0.128500 0.099700 0.115800 0.097500 0.097300 0.103900 0.109600 0.100900 0.111600 0.103300 0.123600 0.097000 0.091900 0.094000 0.101700 0.108500 0.105700 0.119600 0.116900 0.105000 0.111900 0.102900 0.091400 0.102700 0.110200 0.117000 0.109500 0.000000 0.109300 0.114000
Bushbuck 0.123700 0.254000 0.029800 0.236000 0.109100 0.118400 0.105800 0.110100 0.020300 0.139100 0.114000 0.058600 0.108700 0.109500 0.141100 0.115700 0.095300 0.097900 0.090400 0.025000 0.117000 0.110700 0.124000 0.132200 0.116700 0.119100 0.103600 0.013500 0.120800 0.025000 0.133700 0.105200 0.129400 0.108500 0.088000 0.060700 0.102900 0.109300 0.119500 0.139300 0.117900 0.116600 0.128800 0.125000 0.063200 0.113800 0.121200 0.123400 0.119100 0.109300 0.000000 0.032000
GreaterKud 0.128600 0.256500 0.034300 0.254400 0.119200 0.123300 0.110800 0.120200 0.029500 0.149400 0.118900 0.063200 0.118600 0.114500 0.146100 0.120500 0.100000 0.107800 0.100300 0.029500 0.121800 0.115500 0.134100 0.142400 0.121500 0.123800 0.113600 0.022700 0.120400 0.029500 0.144000 0.115300 0.139300 0.123700 0.102900 0.065300 0.107800 0.119400 0.114000 0.144200 0.128100 0.121400 0.139100 0.134900 0.070000 0.118700 0.126100 0.128300 0.129200 0.114000 0.032000 0.000000
