1
52 1
Argali 0.000000 0.238300 0.123800 0.209500 0.089700 0.000000 0.124300 0.105200 0.123800 0.124200 0.047600 0.143600 0.087900 0.105600 0.052100 0.069600 0.145700 0.126100 0.069900 0.123400 0.069200 0.069600 0.105500 0.124300 0.051400 0.087200 0.051500 0.123900 0.107300 0.123800 0.143800 0.105600 0.165400 0.069600 0.087100 0.105500 0.051400 0.108400 0.088100 0.143700 0.105500 0.069400 0.124200 0.105200 0.105500 0.203100 0.069300 0.148200 0.181400 0.145000 0.123500 0.143300
LesserMous 0.238300 0.000000 0.229400 0.276900 0.234500 0.238300 0.215600 0.236800 0.229400 0.214600 0.261200 0.259300 0.238000 0.193700 0.285800 0.238800 0.213300 0.220400 0.285200 0.228500 0.237000 0.285400 0.193900 0.192300 0.261200 0.260400 0.216000 0.229300 0.197200 0.229400 0.236200 0.193700 0.216500 0.237800 0.261000 0.283800 0.261200 0.258300 0.260700 0.237700 0.193900 0.237600 0.214600 0.193800 0.283800 0.262900 0.237600 0.306800 0.233500 0.239800 0.232900 0.252700
LesserKudu 0.123800 0.229400 0.000000 0.146800 0.069700 0.123800 0.068300 0.086100 0.000000 0.033300 0.068800 0.067900 0.104700 0.050800 0.124100 0.051000 0.051500 0.034200 0.087000 0.000100 0.050700 0.087000 0.016700 0.033600 0.068800 0.068500 0.104400 0.000100 0.087700 0.000000 0.050400 0.050800 0.106300 0.086300 0.068300 0.067200 0.068800 0.051700 0.068700 0.050600 0.016700 0.050900 0.033300 0.016600 0.067200 0.105300 0.050800 0.125800 0.131000 0.051100 0.000100 0.016200
KillerWhal 0.209500 0.276900 0.146800 0.000000 0.189300 0.209500 0.185700 0.206200 0.146800 0.140500 0.186900 0.160000 0.232300 0.164600 0.254900 0.170500 0.159600 0.137600 0.210400 0.145900 0.163500 0.209900 0.120600 0.139300 0.186900 0.185700 0.187400 0.146700 0.209500 0.146800 0.161600 0.164600 0.183200 0.209400 0.185700 0.162300 0.186900 0.167400 0.186900 0.162400 0.120600 0.164800 0.140500 0.119400 0.162300 0.224900 0.163500 0.259400 0.211300 0.164600 0.146300 0.168200
DefassaWat 0.089700 0.234500 0.069700 0.189300 0.000000 0.089700 0.070300 0.088600 0.069700 0.070100 0.070900 0.126600 0.071000 0.052200 0.090200 0.052600 0.071300 0.052900 0.089900 0.069400 0.052400 0.089900 0.052100 0.070200 0.070900 0.070500 0.070600 0.069700 0.090400 0.069700 0.088600 0.052200 0.128300 0.052600 0.070400 0.126100 0.070900 0.017300 0.071000 0.088800 0.052100 0.052500 0.070100 0.052000 0.126100 0.145000 0.052400 0.130800 0.163800 0.089500 0.069600 0.088200
Sheep 0.000000 0.238300 0.123800 0.209500 0.089700 0.000000 0.124300 0.105200 0.123800 0.124200 0.051400 0.143600 0.087900 0.105600 0.052100 0.069600 0.145700 0.126100 0.069900 0.123400 0.069200 0.069600 0.105500 0.124300 0.051400 0.087200 0.051500 0.123900 0.107300 0.123800 0.143800 0.105600 0.165400 0.069600 0.087100 0.105500 0.051400 0.108400 0.088100 0.143700 0.105500 0.069400 0.124200 0.105200 0.105500 0.203100 0.069300 0.148200 0.181400 0.145000 0.123500 0.143300
MaxwellsDu 0.124300 0.215600 0.068300 0.185700 0.070300 0.124300 0.000000 0.123100 0.068300 0.068300 0.105400 0.123600 0.069200 0.016600 0.087700 0.087100 0.088000 0.069600 0.124200 0.068100 0.086500 0.124700 0.050900 0.068500 0.105400 0.104900 0.068800 0.068300 0.125700 0.068300 0.086200 0.016600 0.144200 0.051300 0.104900 0.122800 0.105400 0.088600 0.105500 0.051000 0.050900 0.086800 0.068300 0.050700 0.122800 0.105200 0.086700 0.127300 0.123700 0.087100 0.068200 0.086300
GazellaPrz 0.105200 0.236800 0.086100 0.206200 0.088600 0.105200 0.123100 0.000000 0.086100 0.086300 0.051100 0.142300 0.086700 0.104500 0.105500 0.033700 0.106200 0.087700 0.069000 0.085800 0.033600 0.069000 0.068400 0.086400 0.051100 0.050900 0.086300 0.086200 0.034100 0.086100 0.104600 0.104500 0.124800 0.068600 0.050800 0.104000 0.051100 0.070100 0.051100 0.104600 0.068400 0.033700 0.086300 0.068300 0.104000 0.123500 0.033600 0.107300 0.142400 0.105400 0.085900 0.104500
MountainNy 0.123800 0.229400 0.000000 0.146800 0.069700 0.123800 0.068300 0.086100 0.000000 0.033300 0.068800 0.067900 0.104700 0.050800 0.124100 0.051000 0.051500 0.034200 0.087000 0.000100 0.050700 0.087000 0.016700 0.033600 0.068800 0.068500 0.104400 0.000100 0.087700 0.000000 0.050400 0.050800 0.106300 0.086300 0.068300 0.067200 0.068800 0.051700 0.068700 0.050600 0.016700 0.050900 0.033300 0.016600 0.067200 0.105300 0.050800 0.125800 0.131000 0.051100 0.000100 0.016200
MuntiacusM 0.124200 0.214600 0.033300 0.140500 0.070100 0.124200 0.068300 0.086300 0.033300 0.000000 0.068900 0.086500 0.105000 0.050800 0.124400 0.051100 0.051400 0.034100 0.087200 0.033100 0.050900 0.087200 0.016700 0.033500 0.068900 0.068700 0.104700 0.033300 0.087800 0.033300 0.016600 0.050800 0.106300 0.086600 0.068500 0.085900 0.068900 0.052000 0.069000 0.050900 0.016700 0.051100 0.000000 0.016600 0.085900 0.104800 0.050900 0.125900 0.123200 0.051200 0.033200 0.050800
goat 0.047600 0.261200 0.068800 0.186900 0.070900 0.051400 0.105400 0.051100 0.068800 0.068900 0.000000 0.124200 0.069500 0.087000 0.069700 0.016900 0.088300 0.069900 0.016900 0.068600 0.016800 0.016900 0.051200 0.068900 0.000000 0.033900 0.069100 0.068900 0.052100 0.068800 0.087100 0.087000 0.145200 0.051500 0.033800 0.086800 0.000000 0.052500 0.034200 0.087100 0.051200 0.016900 0.068900 0.051100 0.086800 0.143400 0.016800 0.089500 0.161700 0.087800 0.068600 0.087000
AfricanBuf 0.143600 0.259300 0.067900 0.160000 0.126600 0.143600 0.123600 0.142300 0.067900 0.086500 0.124200 0.000000 0.162800 0.104800 0.144100 0.105600 0.106800 0.088100 0.143800 0.067700 0.104900 0.143800 0.068600 0.086700 0.124200 0.123800 0.162000 0.068000 0.145200 0.067900 0.104700 0.104800 0.086100 0.142800 0.123500 0.067600 0.124200 0.107400 0.124300 0.104900 0.068600 0.105200 0.086500 0.068500 0.067600 0.163200 0.105100 0.186700 0.184000 0.105600 0.067800 0.085800
Topi 0.087900 0.238000 0.104700 0.232300 0.071000 0.087900 0.069200 0.086700 0.104700 0.105000 0.069500 0.162800 0.000000 0.051400 0.052200 0.051600 0.122400 0.102400 0.088200 0.104300 0.051300 0.088200 0.086900 0.086700 0.069500 0.069000 0.033900 0.104800 0.088500 0.104700 0.124000 0.051400 0.185600 0.016200 0.068900 0.123500 0.069500 0.089400 0.069600 0.087200 0.086900 0.051400 0.105000 0.086600 0.123500 0.143900 0.051300 0.090000 0.162500 0.125400 0.104500 0.123500
CommonDuik 0.105600 0.193700 0.050800 0.164600 0.052200 0.105600 0.016600 0.104500 0.050800 0.050800 0.087000 0.104800 0.051400 0.000000 0.069400 0.069000 0.069600 0.051700 0.105500 0.050600 0.068600 0.105900 0.033600 0.050900 0.087000 0.086700 0.051100 0.050800 0.106600 0.050800 0.068400 0.000000 0.125000 0.033900 0.086600 0.104300 0.087000 0.070200 0.087100 0.033700 0.033600 0.068800 0.050800 0.033500 0.104300 0.086800 0.068700 0.107800 0.104900 0.069000 0.050700 0.068500
Suni 0.052100 0.285800 0.124100 0.254900 0.090200 0.052100 0.087700 0.105500 0.124100 0.124400 0.069700 0.144100 0.052200 0.069400 0.000000 0.069900 0.146400 0.126500 0.088600 0.123800 0.069400 0.088600 0.105700 0.124700 0.069700 0.087500 0.051700 0.124200 0.107800 0.124100 0.144000 0.069400 0.165600 0.034400 0.087300 0.105900 0.069700 0.108900 0.088400 0.106200 0.105700 0.069600 0.124400 0.105500 0.105900 0.163700 0.069500 0.109900 0.181800 0.145500 0.123800 0.143400
Springbuck 0.069600 0.238800 0.051000 0.170500 0.052600 0.069600 0.087100 0.033700 0.051000 0.051100 0.016900 0.105600 0.051600 0.069000 0.069900 0.000000 0.070000 0.052000 0.034300 0.050800 0.000200 0.034300 0.033800 0.051200 0.016900 0.016800 0.051300 0.051000 0.033600 0.051000 0.068900 0.069000 0.125800 0.034000 0.016600 0.068700 0.016900 0.034700 0.016900 0.069000 0.033800 0.000100 0.051100 0.033700 0.068700 0.124200 0.000200 0.070900 0.142500 0.069600 0.050900 0.068700
Okapi 0.145700 0.213300 0.051500 0.159600 0.071300 0.145700 0.088000 0.106200 0.051500 0.051400 0.088300 0.106800 0.122400 0.069600 0.146400 0.070000 0.000000 0.016800 0.107400 0.051300 0.069600 0.107400 0.034000 0.051500 0.088300 0.088000 0.121900 0.051500 0.071000 0.051500 0.069200 0.069600 0.127300 0.102500 0.081400 0.105700 0.088300 0.052900 0.088400 0.069600 0.034000 0.069800 0.051400 0.033900 0.105700 0.126200 0.069600 0.109500 0.125800 0.070100 0.051400 0.069500
Giraffe 0.126100 0.220400 0.034200 0.137600 0.052900 0.126100 0.069600 0.087700 0.034200 0.034100 0.069900 0.088100 0.102400 0.051700 0.126500 0.052000 0.016800 0.000000 0.088600 0.034100 0.051700 0.088600 0.016900 0.034200 0.069900 0.069800 0.102100 0.034300 0.089500 0.034200 0.051600 0.051700 0.107800 0.082800 0.061200 0.087300 0.069900 0.034900 0.070000 0.051700 0.016900 0.051900 0.034100 0.016900 0.087300 0.107000 0.051800 0.128800 0.126300 0.052100 0.034200 0.051800
TibetanAnt 0.069900 0.285200 0.087000 0.210400 0.089900 0.069900 0.124200 0.069000 0.087000 0.087200 0.016900 0.143800 0.088200 0.105500 0.088600 0.034300 0.107400 0.088600 0.000000 0.086800 0.034100 0.000100 0.069100 0.087200 0.016900 0.051500 0.087600 0.087100 0.070300 0.087000 0.105900 0.105500 0.165800 0.069800 0.051400 0.105700 0.016900 0.071000 0.052000 0.069200 0.069100 0.034200 0.087200 0.068900 0.105700 0.163400 0.034100 0.071200 0.181700 0.106900 0.086800 0.105600
Sitatunga 0.123400 0.228500 0.000100 0.145900 0.069400 0.123400 0.068100 0.085800 0.000100 0.033100 0.068600 0.067700 0.104300 0.050600 0.123800 0.050800 0.051300 0.034100 0.086800 0.000000 0.050500 0.086800 0.016600 0.033500 0.068600 0.068200 0.104000 0.000100 0.087400 0.000100 0.050200 0.050600 0.106100 0.085900 0.068100 0.067000 0.068600 0.051500 0.068500 0.050400 0.016600 0.050700 0.033100 0.016600 0.067000 0.104800 0.050600 0.125400 0.130100 0.051000 0.000100 0.016100
Oribi 0.069200 0.237000 0.050700 0.163500 0.052400 0.069200 0.086500 0.033600 0.050700 0.050900 0.016800 0.104900 0.051300 0.068600 0.069400 0.000200 0.069600 0.051700 0.034100 0.050500 0.000000 0.034100 0.033700 0.051000 0.016800 0.016700 0.051000 0.050800 0.034200 0.050700 0.068600 0.068600 0.125200 0.033800 0.016600 0.068300 0.016800 0.034500 0.016800 0.068700 0.033700 0.000100 0.050900 0.033600 0.068300 0.123600 0.000100 0.070500 0.142100 0.069200 0.050600 0.068400
BarbaryShe 0.069600 0.285400 0.087000 0.209900 0.089900 0.069600 0.124700 0.069000 0.087000 0.087200 0.016900 0.143800 0.088200 0.105900 0.088600 0.034300 0.107400 0.088600 0.000100 0.086800 0.034100 0.000000 0.069100 0.087200 0.016900 0.051500 0.087600 0.087100 0.070400 0.087000 0.106000 0.105900 0.165700 0.069700 0.051400 0.105700 0.016900 0.071000 0.052000 0.069200 0.069100 0.034200 0.087200 0.068900 0.105700 0.163400 0.034100 0.071100 0.181800 0.106900 0.086900 0.105700
Daviddeer 0.105500 0.193900 0.016700 0.120600 0.052100 0.105500 0.050900 0.068400 0.016700 0.016700 0.051200 0.068600 0.086900 0.033600 0.105700 0.033800 0.034000 0.016900 0.069100 0.016600 0.033700 0.069100 0.000000 0.016700 0.051200 0.051100 0.086600 0.016700 0.069700 0.016700 0.033600 0.033600 0.087700 0.068700 0.050900 0.068100 0.051200 0.034400 0.051300 0.033500 0.000000 0.033800 0.016700 0.000100 0.068100 0.086700 0.033700 0.107200 0.104900 0.033900 0.016600 0.033600
Reindeer 0.124300 0.192300 0.033600 0.139300 0.070200 0.124300 0.068500 0.086400 0.033600 0.033500 0.068900 0.086700 0.086700 0.050900 0.124700 0.051200 0.051500 0.034200 0.087200 0.033500 0.051000 0.087200 0.016700 0.000000 0.068900 0.068800 0.104900 0.033700 0.088100 0.033600 0.050800 0.050900 0.106600 0.086700 0.068500 0.085900 0.068900 0.052100 0.069000 0.050900 0.016700 0.051100 0.033500 0.016600 0.085900 0.105300 0.051000 0.126400 0.123700 0.051300 0.033500 0.050800
Ibex 0.051400 0.261200 0.068800 0.186900 0.070900 0.051400 0.105400 0.051100 0.068800 0.068900 0.000000 0.124200 0.069500 0.087000 0.069700 0.016900 0.088300 0.069900 0.016900 0.068600 0.016800 0.016900 0.051200 0.068900 0.000000 0.033900 0.069100 0.068900 0.052100 0.068800 0.087100 0.087000 0.145200 0.051500 0.033800 0.086800 0.000000 0.052500 0.034200 0.087100 0.051200 0.016900 0.068900 0.051100 0.086800 0.143400 0.016800 0.089500 0.161700 0.087800 0.068600 0.087000
GyrantGaze 0.087200 0.260400 0.068500 0.185700 0.070500 0.087200 0.104900 0.050900 0.068500 0.068700 0.033900 0.123800 0.069000 0.086700 0.087500 0.016800 0.088000 0.069800 0.051500 0.068200 0.016700 0.051500 0.051100 0.068800 0.033900 0.000000 0.068700 0.068500 0.051800 0.068500 0.086700 0.086700 0.144800 0.051200 0.000200 0.086200 0.033900 0.052300 0.033800 0.086700 0.051100 0.016700 0.068700 0.051000 0.086200 0.143100 0.016700 0.088800 0.124000 0.087400 0.068300 0.086600
Hartebeest 0.051500 0.216000 0.104400 0.187400 0.070600 0.051500 0.068800 0.086300 0.104400 0.104700 0.069100 0.162000 0.033900 0.051100 0.051700 0.051300 0.121900 0.102100 0.087600 0.104000 0.051000 0.087600 0.086600 0.104900 0.069100 0.068700 0.000000 0.104500 0.088000 0.104400 0.123500 0.051100 0.184800 0.016700 0.068700 0.122800 0.069100 0.088900 0.069200 0.086800 0.086600 0.051200 0.104700 0.086300 0.122800 0.143300 0.051100 0.089300 0.123900 0.124700 0.104200 0.123200
Bongo 0.123900 0.229300 0.000100 0.146700 0.069700 0.123900 0.068300 0.086200 0.000100 0.033300 0.068900 0.068000 0.104800 0.050800 0.124200 0.051000 0.051500 0.034300 0.087100 0.000100 0.050800 0.087100 0.016700 0.033700 0.068900 0.068500 0.104500 0.000000 0.087700 0.000100 0.050400 0.050800 0.106500 0.086300 0.068400 0.067300 0.068900 0.051700 0.068800 0.050600 0.016700 0.051000 0.033300 0.016600 0.067300 0.105400 0.050800 0.125900 0.130900 0.051200 0.000100 0.016200
Gerenuk 0.107300 0.197200 0.087700 0.209500 0.090400 0.107300 0.125700 0.034100 0.087700 0.087800 0.052100 0.145200 0.088500 0.106600 0.107800 0.033600 0.071000 0.089500 0.070300 0.087400 0.034200 0.070400 0.069700 0.088100 0.052100 0.051800 0.088000 0.087700 0.000000 0.087700 0.106400 0.106600 0.127400 0.070000 0.051700 0.106000 0.052100 0.071500 0.052100 0.106700 0.069700 0.034300 0.087800 0.069500 0.106000 0.125900 0.034200 0.071700 0.124800 0.107500 0.087400 0.106300
CommonElan 0.123800 0.229400 0.000000 0.146800 0.069700 0.123800 0.068300 0.086100 0.000000 0.033300 0.068800 0.067900 0.104700 0.050800 0.124100 0.051000 0.051500 0.034200 0.087000 0.000100 0.050700 0.087000 0.016700 0.033600 0.068800 0.068500 0.104400 0.000100 0.087700 0.000000 0.050400 0.050800 0.106300 0.086300 0.068300 0.067200 0.068800 0.051700 0.068700 0.050600 0.016700 0.050900 0.033300 0.016600 0.067200 0.105300 0.050800 0.125800 0.131000 0.051100 0.000100 0.016200
MuntiacusR 0.143800 0.236200 0.050400 0.161600 0.088600 0.143800 0.086200 0.104600 0.050400 0.016600 0.087100 0.104700 0.124000 0.068400 0.144000 0.068900 0.069200 0.051600 0.105900 0.050200 0.068600 0.106000 0.033600 0.050800 0.087100 0.086700 0.123500 0.050400 0.106400 0.050400 0.000000 0.068400 0.125200 0.105100 0.086500 0.104200 0.087100 0.070100 0.087200 0.068500 0.033600 0.068900 0.016600 0.033500 0.104200 0.123400 0.068600 0.145700 0.141900 0.069000 0.050400 0.068300
HarveysDui 0.105600 0.193700 0.050800 0.164600 0.052200 0.105600 0.016600 0.104500 0.050800 0.050800 0.087000 0.104800 0.051400 0.000000 0.069400 0.069000 0.069600 0.051700 0.105500 0.050600 0.068600 0.105900 0.033600 0.050900 0.087000 0.086700 0.051100 0.050800 0.106600 0.050800 0.068400 0.000000 0.125000 0.033900 0.086600 0.104300 0.087000 0.070200 0.087100 0.033700 0.033600 0.068800 0.050800 0.033500 0.104300 0.086800 0.068700 0.107800 0.104900 0.069000 0.050700 0.068500
Pronghorn 0.165400 0.216500 0.106300 0.183200 0.128300 0.165400 0.144200 0.124800 0.106300 0.106300 0.145200 0.086100 0.185600 0.125000 0.165600 0.125800 0.127300 0.107800 0.165800 0.106100 0.125200 0.165700 0.087700 0.106600 0.145200 0.144800 0.184800 0.106500 0.127400 0.106300 0.125200 0.125000 0.000000 0.165000 0.144600 0.124600 0.145200 0.108800 0.145500 0.125200 0.087700 0.125600 0.106300 0.087600 0.124600 0.123500 0.125500 0.210300 0.142400 0.126000 0.106100 0.125700
BlueWildeb 0.069600 0.237800 0.086300 0.209400 0.052600 0.069600 0.051300 0.068600 0.086300 0.086600 0.051500 0.142800 0.016200 0.033900 0.034400 0.034000 0.102500 0.082800 0.069800 0.085900 0.033800 0.069700 0.068700 0.086700 0.051500 0.051200 0.016700 0.086300 0.070000 0.086300 0.105100 0.033900 0.165000 0.000000 0.051100 0.104700 0.051500 0.070700 0.051600 0.069000 0.068700 0.033900 0.086600 0.068500 0.104700 0.124300 0.033800 0.071100 0.142400 0.106200 0.086100 0.104700
Gemsbok 0.087100 0.261000 0.068300 0.185700 0.070400 0.087100 0.104900 0.050800 0.068300 0.068500 0.033800 0.123500 0.068900 0.086600 0.087300 0.016600 0.081400 0.061200 0.051400 0.068100 0.016600 0.051400 0.050900 0.068500 0.033800 0.000200 0.068700 0.068400 0.051700 0.068300 0.086500 0.086600 0.144600 0.051100 0.000000 0.085900 0.033800 0.052200 0.033900 0.086600 0.050900 0.016700 0.068500 0.050700 0.085900 0.143200 0.016600 0.088800 0.124200 0.087300 0.068200 0.086500
Yak 0.105500 0.283800 0.067200 0.162300 0.126100 0.105500 0.122800 0.104000 0.067200 0.085900 0.086800 0.067600 0.123500 0.104300 0.105900 0.068700 0.105700 0.087300 0.105700 0.067000 0.068300 0.105700 0.068100 0.085900 0.086800 0.086200 0.122800 0.067300 0.106000 0.067200 0.104200 0.104300 0.124600 0.104700 0.085900 0.000000 0.086800 0.106800 0.086900 0.104300 0.068100 0.068500 0.085900 0.067900 0.000000 0.160900 0.068400 0.145900 0.179700 0.105100 0.067100 0.085100
BlueSheep 0.051400 0.261200 0.068800 0.186900 0.070900 0.051400 0.105400 0.051100 0.068800 0.068900 0.000000 0.124200 0.069500 0.087000 0.069700 0.016900 0.088300 0.069900 0.016900 0.068600 0.016800 0.016900 0.051200 0.068900 0.000000 0.033900 0.069100 0.068900 0.052100 0.068800 0.087100 0.087000 0.145200 0.051500 0.033800 0.086800 0.000000 0.052500 0.034200 0.087100 0.051200 0.016900 0.068900 0.051100 0.086800 0.143400 0.016800 0.089500 0.161700 0.087800 0.068600 0.087000
BohorReedb 0.108400 0.258300 0.051700 0.167400 0.017300 0.108400 0.088600 0.070100 0.051700 0.052000 0.052500 0.107400 0.089400 0.070200 0.108900 0.034700 0.052900 0.034900 0.071000 0.051500 0.034500 0.071000 0.034400 0.052100 0.052500 0.052300 0.088900 0.051700 0.071500 0.051700 0.070100 0.070200 0.108800 0.070700 0.052200 0.106800 0.052500 0.000000 0.052600 0.070200 0.034400 0.034600 0.052000 0.034300 0.106800 0.125600 0.034500 0.110600 0.144400 0.070700 0.051600 0.069900
KirksDik 0.088100 0.260700 0.068700 0.186900 0.071000 0.088100 0.105500 0.051100 0.068700 0.069000 0.034200 0.124300 0.069600 0.087100 0.088400 0.016900 0.088400 0.070000 0.052000 0.068500 0.016800 0.052000 0.051300 0.069000 0.034200 0.033800 0.069200 0.068800 0.052100 0.068700 0.087200 0.087100 0.145500 0.051600 0.033900 0.086900 0.034200 0.052600 0.000000 0.087200 0.051300 0.016800 0.069000 0.051200 0.086900 0.143400 0.016800 0.089700 0.161900 0.087900 0.068500 0.086800
RoeDeer 0.143700 0.237700 0.050600 0.162400 0.088800 0.143700 0.051000 0.104600 0.050600 0.050900 0.087100 0.104900 0.087200 0.033700 0.106200 0.069000 0.069600 0.051700 0.069200 0.050400 0.068700 0.069200 0.033500 0.050900 0.087100 0.086700 0.086800 0.050600 0.106700 0.050600 0.068500 0.033700 0.125200 0.069000 0.086600 0.104300 0.087100 0.070200 0.087200 0.000000 0.033500 0.068900 0.050900 0.033600 0.104300 0.086900 0.068700 0.070300 0.104900 0.069100 0.050500 0.068300
WhiteLippe 0.105500 0.193900 0.016700 0.120600 0.052100 0.105500 0.050900 0.068400 0.016700 0.016700 0.051200 0.068600 0.086900 0.033600 0.105700 0.033800 0.034000 0.016900 0.069100 0.016600 0.033700 0.069100 0.000000 0.016700 0.051200 0.051100 0.086600 0.016700 0.069700 0.016700 0.033600 0.033600 0.087700 0.068700 0.050900 0.068100 0.051200 0.034400 0.051300 0.033500 0.000000 0.033800 0.016700 0.000100 0.068100 0.086700 0.033700 0.107200 0.104900 0.033900 0.016600 0.033600
ThomsonGaz 0.069400 0.237600 0.050900 0.164800 0.052500 0.069400 0.086800 0.033700 0.050900 0.051100 0.016900 0.105200 0.051400 0.068800 0.069600 0.000100 0.069800 0.051900 0.034200 0.050700 0.000100 0.034200 0.033800 0.051100 0.016900 0.016700 0.051200 0.051000 0.034300 0.050900 0.068900 0.068800 0.125600 0.033900 0.016700 0.068500 0.016900 0.034600 0.016800 0.068900 0.033800 0.000000 0.051100 0.033700 0.068500 0.124000 0.000100 0.070700 0.142400 0.069400 0.050800 0.068700
MuntiacusC 0.124200 0.214600 0.033300 0.140500 0.070100 0.124200 0.068300 0.086300 0.033300 0.000000 0.068900 0.086500 0.105000 0.050800 0.124400 0.051100 0.051400 0.034100 0.087200 0.033100 0.050900 0.087200 0.016700 0.033500 0.068900 0.068700 0.104700 0.033300 0.087800 0.033300 0.016600 0.050800 0.106300 0.086600 0.068500 0.085900 0.068900 0.052000 0.069000 0.050900 0.016700 0.051100 0.000000 0.016600 0.085900 0.104800 0.050900 0.125900 0.123200 0.051200 0.033200 0.050800
WhiteTaile 0.105200 0.193800 0.016600 0.119400 0.052000 0.105200 0.050700 0.068300 0.016600 0.016600 0.051100 0.068500 0.086600 0.033500 0.105500 0.033700 0.033900 0.016900 0.068900 0.016600 0.033600 0.068900 0.000100 0.016600 0.051100 0.051000 0.086300 0.016600 0.069500 0.016600 0.033500 0.033500 0.087600 0.068500 0.050700 0.067900 0.051100 0.034300 0.051200 0.033600 0.000100 0.033700 0.016600 0.000000 0.067900 0.086600 0.033600 0.107000 0.104600 0.033800 0.016600 0.033400
Cattle 0.105500 0.283800 0.067200 0.162300 0.126100 0.105500 0.122800 0.104000 0.067200 0.085900 0.086800 0.067600 0.123500 0.104300 0.105900 0.068700 0.105700 0.087300 0.105700 0.067000 0.068300 0.105700 0.068100 0.085900 0.086800 0.086200 0.122800 0.067300 0.106000 0.067200 0.104200 0.104300 0.124600 0.104700 0.085900 0.000000 0.086800 0.106800 0.086900 0.104300 0.068100 0.068500 0.085900 0.067900 0.000000 0.160900 0.068400 0.145900 0.179700 0.105100 0.067100 0.085100
RoyalAntel 0.203100 0.262900 0.105300 0.224900 0.145000 0.203100 0.105200 0.123500 0.105300 0.104800 0.143400 0.163200 0.143900 0.086800 0.163700 0.124200 0.126200 0.107000 0.163400 0.104800 0.123600 0.163400 0.086700 0.105300 0.143400 0.143100 0.143300 0.105400 0.125900 0.105300 0.123400 0.086800 0.123500 0.124300 0.143200 0.160900 0.143400 0.125600 0.143400 0.086900 0.086700 0.124000 0.104800 0.086600 0.160900 0.000000 0.123900 0.166700 0.066800 0.124400 0.105100 0.124400
Steenbok 0.069300 0.237600 0.050800 0.163500 0.052400 0.069300 0.086700 0.033600 0.050800 0.050900 0.016800 0.105100 0.051300 0.068700 0.069500 0.000200 0.069600 0.051800 0.034100 0.050600 0.000100 0.034100 0.033700 0.051000 0.016800 0.016700 0.051100 0.050800 0.034200 0.050800 0.068600 0.068700 0.125500 0.033800 0.016600 0.068400 0.016800 0.034500 0.016800 0.068700 0.033700 0.000100 0.050900 0.033600 0.068400 0.123900 0.000000 0.070500 0.142300 0.069300 0.050700 0.068500
Impala 0.148200 0.306800 0.125800 0.259400 0.130800 0.148200 0.127300 0.107300 0.125800 0.125900 0.089500 0.186700 0.090000 0.107800 0.109900 0.070900 0.109500 0.128800 0.071200 0.125400 0.070500 0.071100 0.107200 0.126400 0.089500 0.088800 0.089300 0.125900 0.071700 0.125800 0.145700 0.107800 0.210300 0.071100 0.088800 0.145900 0.089500 0.110600 0.089700 0.070300 0.107200 0.070700 0.125900 0.107000 0.145900 0.166700 0.070500 0.000000 0.165000 0.164700 0.125600 0.145400
Klipspring 0.181400 0.233500 0.131000 0.211300 0.163800 0.181400 0.123700 0.142400 0.131000 0.123200 0.161700 0.184000 0.162500 0.104900 0.181800 0.142500 0.125800 0.126300 0.181700 0.130100 0.142100 0.181800 0.104900 0.123700 0.161700 0.124000 0.123900 0.130900 0.124800 0.131000 0.141900 0.104900 0.142400 0.142400 0.124200 0.179700 0.161700 0.144400 0.161900 0.104900 0.104900 0.142400 0.123200 0.104600 0.179700 0.066800 0.142300 0.165000 0.000000 0.143100 0.132800 0.152700
ForestMusk 0.145000 0.239800 0.051100 0.164600 0.089500 0.145000 0.087100 0.105400 0.051100 0.051200 0.087800 0.105600 0.125400 0.069000 0.145500 0.069600 0.070100 0.052100 0.106900 0.051000 0.069200 0.106900 0.033900 0.051300 0.087800 0.087400 0.124700 0.051200 0.107500 0.051100 0.069000 0.069000 0.126000 0.106200 0.087300 0.105100 0.087800 0.070700 0.087900 0.069100 0.033900 0.069400 0.051200 0.033800 0.105100 0.124400 0.069300 0.164700 0.143100 0.000000 0.051000 0.069000
Bushbuck 0.123500 0.232900 0.000100 0.146300 0.069600 0.123500 0.068200 0.085900 0.000100 0.033200 0.068600 0.067800 0.104500 0.050700 0.123800 0.050900 0.051400 0.034200 0.086800 0.000100 0.050600 0.086900 0.016600 0.033500 0.068600 0.068300 0.104200 0.000100 0.087400 0.000100 0.050400 0.050700 0.106100 0.086100 0.068200 0.067100 0.068600 0.051600 0.068500 0.050500 0.016600 0.050800 0.033200 0.016600 0.067100 0.105100 0.050700 0.125600 0.132800 0.051000 0.000000 0.016100
GreaterKud 0.143300 0.252700 0.016200 0.168200 0.088200 0.143300 0.086300 0.104500 0.016200 0.050800 0.087000 0.085800 0.123500 0.068500 0.143400 0.068700 0.069500 0.051800 0.105600 0.016100 0.068400 0.105700 0.033600 0.050800 0.087000 0.086600 0.123200 0.016200 0.106300 0.016200 0.068300 0.068500 0.125700 0.104700 0.086500 0.085100 0.087000 0.069900 0.086800 0.068300 0.033600 0.068700 0.050800 0.033400 0.085100 0.124400 0.068500 0.145400 0.152700 0.069000 0.016100 0.000000
