CODONML (in paml version 4.10.7, June 2023)  /home/rachel/ruminants_paml/6406-phy-tree/ENSBTAT00000029098.fasta.phy
Model: free dN/dS Ratios for branches,  kappa = 2.000 fixed

Codon frequency model: F3x4
ns =  54  ls = 143

Codon usage in sequences
--------------------------------------------------------------------------------------------------------------------------------------
Phe TTT   1   1   1   1   1   1 | Ser TCT   1   1   0   2   1   1 | Tyr TAT   1   0   1   1   1   1 | Cys TGT   0   0   0   0   1   0
    TTC   1   1   1   1   1   1 |     TCC   7   7   7   6   7   7 |     TAC   2   3   2   2   2   2 |     TGC   2   2   2   2   1   2
Leu TTA   0   0   0   0   0   0 |     TCA   0   0   0   0   0   0 | *** TAA   0   0   0   0   0   0 | *** TGA   0   0   0   0   0   0
    TTG   2   2   2   2   1   2 |     TCG   1   1   2   1   1   1 |     TAG   0   0   0   0   0   0 | Trp TGG   1   1   1   1   1   1
--------------------------------------------------------------------------------------------------------------------------------------
Leu CTT   1   1   1   1   1   2 | Pro CCT   0   0   0   0   0   0 | His CAT   0   0   0   0   0   0 | Arg CGT   0   0   0   0   0   0
    CTC   3   3   3   3   4   3 |     CCC   4   4   4   4   4   4 |     CAC   1   1   1   1   1   1 |     CGC   3   3   3   3   3   3
    CTA   0   0   0   0   0   0 |     CCA   0   0   0   0   0   0 | Gln CAA   2   1   2   2   2   1 |     CGA   1   0   1   1   0   0
    CTG   9   9   9   9   9   8 |     CCG   1   1   1   1   1   1 |     CAG   4   5   4   4   4   5 |     CGG   2   3   2   2   3   3
--------------------------------------------------------------------------------------------------------------------------------------
Ile ATT   1   1   1   1   1   1 | Thr ACT   1   1   1   1   1   1 | Asn AAT   1   1   0   0   1   2 | Ser AGT   0   1   0   0   0   0
    ATC   2   2   2   2   2   2 |     ACC   6   5   6   6   6   6 |     AAC   6   6   7   7   6   5 |     AGC   8   7   8   8   8   8
    ATA   0   0   0   0   0   0 |     ACA   0   0   0   0   0   0 | Lys AAA   3   2   3   3   1   1 | Arg AGA   0   0   0   1   0   0
Met ATG   4   4   4   4   4   4 |     ACG   1   2   1   1   2   2 |     AAG  10  11  10  10  12  12 |     AGG   5   5   5   4   5   5
--------------------------------------------------------------------------------------------------------------------------------------
Val GTT   1   2   1   1   0   0 | Ala GCT   0   0   0   0   1   0 | Asp GAT   2   1   3   2   3   1 | Gly GGT   2   1   2   1   1   1
    GTC   1   0   1   1   2   2 |     GCC   6   6   6   6   5   5 |     GAC   6   7   5   6   5   8 |     GGC   5   5   5   6   5   6
    GTA   0   0   0   0   0   0 |     GCA   0   0   0   0   0   0 | Glu GAA   0   0   0   0   0   1 |     GGA   0   0   0   0   0   0
    GTG   5   5   5   5   5   5 |     GCG   3   3   3   3   2   3 |     GAG  11  11  11  11  11   9 |     GGG   3   4   3   3   4   3
--------------------------------------------------------------------------------------------------------------------------------------

--------------------------------------------------------------------------------------------------------------------------------------
Phe TTT   1   1   1   1   1   1 | Ser TCT   1   1   1   1   0   1 | Tyr TAT   1   1   2   1   1   1 | Cys TGT   0   0   0   0   0   0
    TTC   1   1   1   1   1   1 |     TCC   7   7   7   7   7   7 |     TAC   2   2   1   2   2   2 |     TGC   2   2   2   2   2   2
Leu TTA   0   0   0   0   0   0 |     TCA   0   0   0   0   0   0 | *** TAA   0   0   0   0   0   0 | *** TGA   0   0   0   0   0   0
    TTG   2   2   2   2   2   2 |     TCG   1   1   1   1   2   1 |     TAG   0   0   0   0   0   0 | Trp TGG   1   1   1   1   1   1
--------------------------------------------------------------------------------------------------------------------------------------
Leu CTT   1   1   1   1   1   1 | Pro CCT   0   0   0   0   0   0 | His CAT   0   0   0   1   0   0 | Arg CGT   0   0   0   0   0   0
    CTC   3   3   3   3   3   3 |     CCC   4   4   4   4   4   4 |     CAC   1   1   1   0   1   1 |     CGC   2   3   3   3   3   3
    CTA   0   0   0   0   0   0 |     CCA   0   0   0   0   0   0 | Gln CAA   2   2   2   1   2   2 |     CGA   2   1   1   1   1   1
    CTG   9   9   9   9   9   9 |     CCG   1   1   1   1   1   1 |     CAG   4   4   4   5   4   4 |     CGG   2   2   2   2   2   2
--------------------------------------------------------------------------------------------------------------------------------------
Ile ATT   1   1   1   1   1   2 | Thr ACT   1   1   1   1   1   1 | Asn AAT   0   1   0   0   0   0 | Ser AGT   0   0   0   0   0   0
    ATC   2   2   2   2   2   1 |     ACC   6   6   6   6   6   6 |     AAC   6   6   7   7   7   7 |     AGC   9   8   8   8   8   8
    ATA   0   0   0   0   0   0 |     ACA   0   0   0   0   0   0 | Lys AAA   3   3   3   3   3   3 | Arg AGA   0   0   0   0   0   0
Met ATG   4   4   4   4   4   4 |     ACG   1   1   1   1   1   1 |     AAG  10  10  10  10  10  10 |     AGG   5   5   5   5   5   5
--------------------------------------------------------------------------------------------------------------------------------------
Val GTT   1   1   1   1   1   0 | Ala GCT   0   0   0   0   0   0 | Asp GAT   1   2   2   2   3   2 | Gly GGT   2   2   1   2   2   1
    GTC   1   1   1   1   1   2 |     GCC   6   6   6   6   6   6 |     GAC   7   6   6   6   5   6 |     GGC   5   5   6   5   5   5
    GTA   0   0   0   0   0   0 |     GCA   0   0   0   0   0   0 | Glu GAA   0   0   0   0   0   0 |     GGA   0   0   0   0   0   0
    GTG   5   5   5   5   5   5 |     GCG   3   3   3   3   3   3 |     GAG  11  11  11  11  11  11 |     GGG   3   3   3   3   3   4
--------------------------------------------------------------------------------------------------------------------------------------

--------------------------------------------------------------------------------------------------------------------------------------
Phe TTT   1   1   1   1   1   0 | Ser TCT   1   1   1   1   1   1 | Tyr TAT   1   1   1   1   1   1 | Cys TGT   0   0   0   0   0   0
    TTC   1   1   1   1   1   2 |     TCC   7   6   7   7   7   7 |     TAC   2   2   2   2   2   2 |     TGC   2   2   2   2   2   2
Leu TTA   0   0   0   0   0   0 |     TCA   0   0   0   0   0   0 | *** TAA   0   0   0   0   0   0 | *** TGA   0   0   0   0   0   0
    TTG   2   2   2   2   2   2 |     TCG   1   2   1   1   1   1 |     TAG   0   0   0   0   0   0 | Trp TGG   1   1   1   1   1   1
--------------------------------------------------------------------------------------------------------------------------------------
Leu CTT   1   1   1   1   1   1 | Pro CCT   0   1   0   0   0   0 | His CAT   0   0   0   0   0   0 | Arg CGT   0   0   0   0   0   0
    CTC   3   2   3   3   3   3 |     CCC   4   3   3   4   4   4 |     CAC   1   1   1   1   1   1 |     CGC   3   3   4   3   3   3
    CTA   0   1   0   0   0   0 |     CCA   0   0   0   0   0   0 | Gln CAA   2   2   1   1   2   1 |     CGA   1   1   1   1   1   1
    CTG   9   9   9   9   9   9 |     CCG   1   1   2   1   1   1 |     CAG   4   4   5   5   4   5 |     CGG   2   2   1   2   2   2
--------------------------------------------------------------------------------------------------------------------------------------
Ile ATT   1   1   1   1   1   0 | Thr ACT   1   1   1   1   1   1 | Asn AAT   1   0   0   0   0   0 | Ser AGT   0   0   1   0   0   0
    ATC   2   2   2   2   2   3 |     ACC   6   6   6   7   6   6 |     AAC   6   7   7   6   7   7 |     AGC   8   8   7   8   8   8
    ATA   0   0   0   0   0   0 |     ACA   0   0   0   0   0   0 | Lys AAA   3   3   3   2   3   3 | Arg AGA   1   0   0   0   0   0
Met ATG   4   4   4   4   4   4 |     ACG   1   1   1   1   1   1 |     AAG  10  10  10  10  10  10 |     AGG   4   5   5   6   5   5
--------------------------------------------------------------------------------------------------------------------------------------
Val GTT   1   1   1   1   1   1 | Ala GCT   0   0   0   0   0   0 | Asp GAT   2   2   2   2   2   2 | Gly GGT   2   2   2   2   2   2
    GTC   1   1   1   0   1   1 |     GCC   6   6   6   7   6   6 |     GAC   6   5   6   6   6   6 |     GGC   5   5   5   5   5   5
    GTA   0   0   0   0   0   0 |     GCA   0   0   0   0   1   0 | Glu GAA   0   1   0   0   0   0 |     GGA   0   0   0   0   0   0
    GTG   5   5   5   4   5   5 |     GCG   3   3   3   4   2   3 |     GAG  11  11  11  11  11  11 |     GGG   3   3   3   3   3   3
--------------------------------------------------------------------------------------------------------------------------------------

--------------------------------------------------------------------------------------------------------------------------------------
Phe TTT   1   1   1   1   1   1 | Ser TCT   1   1   1   0   1   1 | Tyr TAT   1   1   1   1   0   1 | Cys TGT   1   0   0   0   0   0
    TTC   1   1   1   1   1   1 |     TCC   7   7   7   7   7   7 |     TAC   2   2   2   2   3   2 |     TGC   1   2   2   2   2   2
Leu TTA   0   0   0   0   0   0 |     TCA   0   0   0   0   0   0 | *** TAA   0   0   0   0   0   0 | *** TGA   0   0   0   0   0   0
    TTG   2   2   2   2   1   2 |     TCG   1   1   1   2   1   1 |     TAG   0   0   0   0   0   0 | Trp TGG   1   1   1   1   1   1
--------------------------------------------------------------------------------------------------------------------------------------
Leu CTT   1   1   1   1   1   1 | Pro CCT   0   0   0   0   0   0 | His CAT   0   0   0   0   0   0 | Arg CGT   0   0   0   0   0   0
    CTC   3   3   3   3   3   3 |     CCC   4   4   4   4   4   4 |     CAC   1   1   1   1   1   1 |     CGC   2   2   3   3   3   3
    CTA   0   0   0   0   0   0 |     CCA   0   0   0   0   0   0 | Gln CAA   2   2   2   2   1   2 |     CGA   2   2   1   1   1   1
    CTG   9   9   9   9  10   9 |     CCG   1   1   1   1   1   1 |     CAG   4   4   4   4   5   4 |     CGG   2   2   2   2   2   2
--------------------------------------------------------------------------------------------------------------------------------------
Ile ATT   1   1   1   1   1   1 | Thr ACT   1   1   1   1   1   1 | Asn AAT   0   0   1   0   0   1 | Ser AGT   0   0   0   0   1   0
    ATC   2   2   2   2   2   2 |     ACC   6   6   6   6   6   6 |     AAC   7   7   5   7   7   6 |     AGC   8   8   9   8   7   8
    ATA   0   0   0   0   0   0 |     ACA   0   0   0   0   0   0 | Lys AAA   3   3   3   3   3   3 | Arg AGA   0   0   0   0   0   0
Met ATG   4   4   4   4   4   4 |     ACG   1   1   1   1   1   1 |     AAG  10  10  10  10  10  10 |     AGG   5   5   5   5   5   5
--------------------------------------------------------------------------------------------------------------------------------------
Val GTT   1   1   1   1   1   1 | Ala GCT   1   1   0   0   0   0 | Asp GAT   2   2   2   3   2   2 | Gly GGT   1   1   2   2   2   2
    GTC   1   1   1   1   1   1 |     GCC   5   5   6   6   6   6 |     GAC   6   6   6   5   6   6 |     GGC   5   5   5   5   5   5
    GTA   0   0   0   0   0   0 |     GCA   0   0   0   0   0   0 | Glu GAA   0   0   0   0   0   0 |     GGA   0   0   0   0   0   0
    GTG   5   5   5   5   5   5 |     GCG   3   3   3   3   3   3 |     GAG  11  11  11  11  11  11 |     GGG   4   4   3   3   3   3
--------------------------------------------------------------------------------------------------------------------------------------

--------------------------------------------------------------------------------------------------------------------------------------
Phe TTT   1   1   1   1   1   1 | Ser TCT   1   1   1   1   1   0 | Tyr TAT   1   2   2   1   1   1 | Cys TGT   0   0   0   0   0   0
    TTC   1   1   1   1   1   1 |     TCC   7   7   7   7   7   7 |     TAC   2   1   1   2   2   2 |     TGC   2   2   2   2   2   2
Leu TTA   0   0   0   0   0   0 |     TCA   0   0   0   0   0   0 | *** TAA   0   0   0   0   0   0 | *** TGA   0   0   0   0   0   0
    TTG   3   3   2   2   2   2 |     TCG   1   1   1   1   1   2 |     TAG   0   0   0   0   0   0 | Trp TGG   1   1   1   1   1   1
--------------------------------------------------------------------------------------------------------------------------------------
Leu CTT   1   1   1   1   1   1 | Pro CCT   0   0   0   0   0   0 | His CAT   0   0   0   0   0   0 | Arg CGT   0   0   0   0   0   0
    CTC   2   3   3   3   3   3 |     CCC   5   4   4   4   3   4 |     CAC   1   1   1   1   1   1 |     CGC   3   3   3   3   4   3
    CTA   0   0   0   0   0   0 |     CCA   0   0   0   0   0   0 | Gln CAA   2   2   2   1   1   2 |     CGA   1   1   1   1   1   1
    CTG   8   8   9   9   9   9 |     CCG   1   1   1   1   2   1 |     CAG   4   4   4   5   5   4 |     CGG   2   2   2   2   1   2
--------------------------------------------------------------------------------------------------------------------------------------
Ile ATT   1   1   1   0   1   1 | Thr ACT   1   0   1   1   1   1 | Asn AAT   0   0   1   0   0   0 | Ser AGT   0   0   0   0   1   0
    ATC   2   2   2   3   2   2 |     ACC   6   7   6   5   6   6 |     AAC   7   7   6   7   7   7 |     AGC   8   8   8   8   7   8
    ATA   0   0   0   0   0   0 |     ACA   0   0   0   1   0   0 | Lys AAA   3   3   3   3   3   3 | Arg AGA   0   0   1   0   0   0
Met ATG   4   4   4   4   4   4 |     ACG   1   1   1   1   1   1 |     AAG  10  10  10  10  10  10 |     AGG   5   5   4   5   5   5
--------------------------------------------------------------------------------------------------------------------------------------
Val GTT   1   1   1   1   1   1 | Ala GCT   0   0   0   0   0   0 | Asp GAT   2   2   2   2   2   3 | Gly GGT   1   1   2   2   1   2
    GTC   1   1   1   1   1   1 |     GCC   6   6   6   6   6   6 |     GAC   6   6   6   6   6   5 |     GGC   5   5   5   5   5   5
    GTA   0   0   0   0   0   0 |     GCA   0   0   0   0   0   0 | Glu GAA   0   0   0   0   0   0 |     GGA   0   0   0   0   0   0
    GTG   5   5   5   5   5   5 |     GCG   3   3   3   3   3   3 |     GAG  11  11  11  11  11  11 |     GGG   4   4   3   3   4   3
--------------------------------------------------------------------------------------------------------------------------------------

--------------------------------------------------------------------------------------------------------------------------------------
Phe TTT   1   1   1   1   1   1 | Ser TCT   1   0   1   1   1   1 | Tyr TAT   1   1   1   1   1   1 | Cys TGT   0   0   0   0   0   0
    TTC   1   1   1   1   1   1 |     TCC   7   7   7   7   7   7 |     TAC   2   2   2   2   2   2 |     TGC   2   2   2   2   2   2
Leu TTA   0   0   0   0   0   0 |     TCA   0   0   0   0   0   0 | *** TAA   0   0   0   0   0   0 | *** TGA   0   0   0   0   0   0
    TTG   2   2   2   2   1   2 |     TCG   1   2   1   1   1   1 |     TAG   0   0   0   0   0   0 | Trp TGG   1   1   1   1   1   1
--------------------------------------------------------------------------------------------------------------------------------------
Leu CTT   1   1   1   1   1   1 | Pro CCT   0   0   0   0   0   0 | His CAT   0   0   0   0   0   0 | Arg CGT   0   0   0   0   0   0
    CTC   3   3   3   3   3   3 |     CCC   4   4   4   4   4   4 |     CAC   2   1   1   1   1   1 |     CGC   3   3   3   3   2   4
    CTA   0   0   0   0   0   0 |     CCA   0   0   0   0   0   0 | Gln CAA   0   2   1   2   2   1 |     CGA   1   1   1   1   1   1
    CTG   9   9   9   9  10   9 |     CCG   1   1   1   1   1   1 |     CAG   5   4   5   4   4   5 |     CGG   2   2   2   2   2   1
--------------------------------------------------------------------------------------------------------------------------------------
Ile ATT   0   1   1   1   1   0 | Thr ACT   1   1   1   1   1   1 | Asn AAT   1   1   0   0   0   0 | Ser AGT   0   0   0   0   0   1
    ATC   3   2   2   2   2   3 |     ACC   6   6   6   6   6   6 |     AAC   6   6   7   7   7   7 |     AGC   8   8   8   8   8   7
    ATA   0   0   0   0   0   0 |     ACA   0   0   0   0   0   0 | Lys AAA   3   3   3   3   3   3 | Arg AGA   0   0   0   0   1   0
Met ATG   4   4   4   4   4   4 |     ACG   1   1   1   1   1   1 |     AAG  10  10  10  10  10  10 |     AGG   5   5   5   5   5   5
--------------------------------------------------------------------------------------------------------------------------------------
Val GTT   1   1   0   1   1   1 | Ala GCT   0   0   0   0   0   0 | Asp GAT   2   3   2   3   2   2 | Gly GGT   2   2   1   2   1   2
    GTC   1   1   2   1   1   1 |     GCC   6   6   6   6   6   6 |     GAC   6   5   6   5   6   6 |     GGC   5   4   5   5   5   5
    GTA   0   0   0   0   0   0 |     GCA   0   0   0   0   0   0 | Glu GAA   0   0   0   0   1   0 |     GGA   0   0   0   0   0   0
    GTG   5   5   5   5   5   5 |     GCG   3   3   3   3   3   3 |     GAG  11  11  11  11  10  11 |     GGG   3   4   4   3   4   3
--------------------------------------------------------------------------------------------------------------------------------------

--------------------------------------------------------------------------------------------------------------------------------------
Phe TTT   1   1   1   1   1   1 | Ser TCT   2   0   1   1   1   1 | Tyr TAT   1   2   1   1   1   2 | Cys TGT   0   0   0   0   0   0
    TTC   1   1   1   1   1   1 |     TCC   6   7   7   7   7   7 |     TAC   2   1   2   2   2   1 |     TGC   2   2   2   2   2   2
Leu TTA   0   0   0   0   0   0 |     TCA   0   0   0   0   0   0 | *** TAA   0   0   0   0   0   0 | *** TGA   0   0   0   0   0   0
    TTG   2   2   2   2   2   2 |     TCG   1   2   1   1   1   1 |     TAG   0   0   0   0   0   0 | Trp TGG   1   1   1   1   1   1
--------------------------------------------------------------------------------------------------------------------------------------
Leu CTT   1   1   1   1   1   1 | Pro CCT   0   0   0   0   0   0 | His CAT   0   0   0   0   0   0 | Arg CGT   0   0   0   0   0   0
    CTC   3   3   3   3   3   3 |     CCC   4   4   4   4   4   5 |     CAC   1   1   1   1   1   1 |     CGC   3   3   3   2   3   3
    CTA   0   0   0   0   0   0 |     CCA   0   0   0   0   0   0 | Gln CAA   2   2   2   2   1   1 |     CGA   1   1   1   2   1   1
    CTG   9   9   9   9   9   9 |     CCG   1   1   1   1   1   0 |     CAG   4   4   4   4   5   5 |     CGG   2   2   2   2   2   2
--------------------------------------------------------------------------------------------------------------------------------------
Ile ATT   1   1   1   1   1   1 | Thr ACT   1   1   1   1   1   0 | Asn AAT   0   0   1   0   0   0 | Ser AGT   0   0   0   0   0   0
    ATC   2   2   2   2   2   2 |     ACC   6   6   6   5   6   6 |     AAC   7   7   6   7   7   7 |     AGC   8   8   8   7   8   8
    ATA   0   0   0   0   0   0 |     ACA   0   0   0   0   0   0 | Lys AAA   3   3   3   3   3   3 | Arg AGA   0   0   0   0   0   0
Met ATG   4   4   4   4   4   4 |     ACG   1   1   1   1   1   2 |     AAG  10  10  10  10  10  10 |     AGG   5   5   5   5   5   5
--------------------------------------------------------------------------------------------------------------------------------------
Val GTT   1   1   1   1   1   1 | Ala GCT   0   0   0   0   0   0 | Asp GAT   2   2   2   2   2   2 | Gly GGT   2   2   2   2   2   1
    GTC   1   1   1   1   1   1 |     GCC   6   6   6   7   5   6 |     GAC   6   6   6   6   6   6 |     GGC   5   5   5   6   5   5
    GTA   0   0   0   0   0   0 |     GCA   0   0   0   0   0   0 | Glu GAA   0   0   0   0   0   0 |     GGA   0   0   0   0   0   0
    GTG   5   5   5   5   5   4 |     GCG   3   3   3   4   4   4 |     GAG  11  11  11  10  11  11 |     GGG   3   3   3   3   3   4
--------------------------------------------------------------------------------------------------------------------------------------

--------------------------------------------------------------------------------------------------------------------------------------
Phe TTT   1   1   1   1   1   1 | Ser TCT   1   1   1   1   0   1 | Tyr TAT   1   1   1   2   1   1 | Cys TGT   0   0   0   0   0   0
    TTC   1   1   1   1   1   1 |     TCC   7   7   7   7   7   7 |     TAC   2   2   2   1   2   2 |     TGC   2   2   2   2   2   2
Leu TTA   0   0   0   0   0   0 |     TCA   0   0   0   0   0   0 | *** TAA   0   0   0   0   0   0 | *** TGA   0   0   0   0   0   0
    TTG   2   2   2   2   2   2 |     TCG   1   1   1   1   2   1 |     TAG   0   0   0   0   0   0 | Trp TGG   1   1   1   1   1   1
--------------------------------------------------------------------------------------------------------------------------------------
Leu CTT   1   1   1   1   1   1 | Pro CCT   0   0   0   0   0   0 | His CAT   0   0   0   0   0   0 | Arg CGT   0   0   0   0   0   0
    CTC   3   3   3   3   3   3 |     CCC   4   4   4   4   4   4 |     CAC   1   1   1   1   1   1 |     CGC   3   3   3   3   3   4
    CTA   0   0   0   1   0   0 |     CCA   0   0   0   0   0   0 | Gln CAA   2   1   1   2   2   2 |     CGA   1   1   1   1   1   1
    CTG   9   9   9   8   9   8 |     CCG   1   1   1   1   1   2 |     CAG   4   5   5   4   4   4 |     CGG   2   2   2   2   2   1
--------------------------------------------------------------------------------------------------------------------------------------
Ile ATT   1   0   1   1   1   1 | Thr ACT   1   2   1   0   1   1 | Asn AAT   0   0   0   0   0   0 | Ser AGT   0   0   0   0   0   0
    ATC   2   3   2   2   2   2 |     ACC   6   5   6   7   6   6 |     AAC   7   7   7   7   7   7 |     AGC   8   8   8   8   8   8
    ATA   0   0   0   0   0   0 |     ACA   0   0   0   0   0   0 | Lys AAA   3   3   3   3   3   2 | Arg AGA   0   0   0   0   0   0
Met ATG   4   4   4   4   4   4 |     ACG   1   1   1   1   1   1 |     AAG  10  10  10  10  10  11 |     AGG   5   5   5   5   5   5
--------------------------------------------------------------------------------------------------------------------------------------
Val GTT   1   1   0   1   1   1 | Ala GCT   1   0   0   0   0   0 | Asp GAT   2   2   2   2   2   2 | Gly GGT   1   2   1   1   2   1
    GTC   1   1   2   1   1   1 |     GCC   6   6   6   6   6   6 |     GAC   6   6   6   6   6   6 |     GGC   5   5   5   5   5   6
    GTA   0   0   0   0   0   0 |     GCA   0   0   0   0   0   0 | Glu GAA   0   0   0   1   0   0 |     GGA   0   0   0   0   0   0
    GTG   5   5   5   5   5   4 |     GCG   2   3   3   3   3   4 |     GAG  11  11  11  10  11  11 |     GGG   4   3   4   4   3   3
--------------------------------------------------------------------------------------------------------------------------------------

--------------------------------------------------------------------------------------------------------------------------------------
Phe TTT   1   1   0   1   1   1 | Ser TCT   1   1   1   2   0   0 | Tyr TAT   1   1   1   1   1   1 | Cys TGT   0   0   0   0   0   0
    TTC   1   1   2   1   1   1 |     TCC   7   7   8   6   7   7 |     TAC   2   2   2   2   2   2 |     TGC   2   2   2   2   2   2
Leu TTA   0   0   0   0   0   0 |     TCA   0   0   0   0   0   0 | *** TAA   0   0   0   0   0   0 | *** TGA   0   0   0   0   0   0
    TTG   1   2   2   2   2   2 |     TCG   1   1   0   1   2   2 |     TAG   0   0   0   0   0   0 | Trp TGG   1   1   1   1   1   1
--------------------------------------------------------------------------------------------------------------------------------------
Leu CTT   1   1   0   1   1   1 | Pro CCT   0   0   0   0   0   0 | His CAT   0   0   0   0   0   0 | Arg CGT   0   0   0   0   0   0
    CTC   3   3   4   3   3   3 |     CCC   4   4   4   4   4   4 |     CAC   1   1   1   1   1   1 |     CGC   3   3   3   3   3   3
    CTA   0   0   0   0   0   0 |     CCA   0   0   0   0   0   0 | Gln CAA   1   2   1   2   2   2 |     CGA   1   1   1   1   1   1
    CTG  10   9   9   9   9   9 |     CCG   1   1   1   1   1   1 |     CAG   5   4   5   4   4   4 |     CGG   2   2   4   2   2   2
--------------------------------------------------------------------------------------------------------------------------------------
Ile ATT   1   1   1   1   1   1 | Thr ACT   1   1   1   1   1   1 | Asn AAT   0   0   0   0   0   0 | Ser AGT   0   0   0   0   0   0
    ATC   2   2   2   2   2   2 |     ACC   6   6   7   6   6   6 |     AAC   7   6   6   7   7   7 |     AGC   8   9   8   8   8   8
    ATA   0   0   0   0   0   0 |     ACA   0   0   0   0   0   0 | Lys AAA   3   3   2   3   3   3 | Arg AGA   0   1   0   1   0   0
Met ATG   4   4   4   4   4   4 |     ACG   1   1   1   1   1   1 |     AAG  10  10  11  10  10  10 |     AGG   5   4   3   4   5   5
--------------------------------------------------------------------------------------------------------------------------------------
Val GTT   1   1   1   1   1   1 | Ala GCT   0   0   0   0   0   0 | Asp GAT   2   2   2   2   3   3 | Gly GGT   2   2   2   1   2   2
    GTC   1   1   1   1   1   1 |     GCC   6   6   6   6   6   6 |     GAC   6   6   6   6   5   5 |     GGC   5   5   5   6   5   6
    GTA   0   0   0   0   0   0 |     GCA   0   0   0   0   0   0 | Glu GAA   0   0   0   0   0   0 |     GGA   0   0   0   0   0   0
    GTG   5   5   5   5   5   5 |     GCG   3   3   3   3   3   3 |     GAG  11  11  11  11  11  11 |     GGG   3   3   3   3   3   2
--------------------------------------------------------------------------------------------------------------------------------------

Codon position x base (3x4) table for each sequence.

#1: Argali         
position  1:    T:0.13287    C:0.21678    A:0.33566    G:0.31469
position  2:    T:0.21678    C:0.21678    A:0.34266    G:0.22378
position  3:    T:0.08392    C:0.44056    A:0.04196    G:0.43357
Average         T:0.14452    C:0.29138    A:0.24009    G:0.32401

#2: LesserMouseDeer
position  1:    T:0.13287    C:0.21678    A:0.33566    G:0.31469
position  2:    T:0.21678    C:0.21678    A:0.34266    G:0.22378
position  3:    T:0.07692    C:0.43357    A:0.02098    G:0.46853
Average         T:0.14219    C:0.28904    A:0.23310    G:0.33566

#3: LesserKudu     
position  1:    T:0.13287    C:0.21678    A:0.33566    G:0.31469
position  2:    T:0.21678    C:0.21678    A:0.34266    G:0.22378
position  3:    T:0.07692    C:0.44056    A:0.04196    G:0.44056
Average         T:0.14219    C:0.29138    A:0.24009    G:0.32634

#4: ForestMuskDeer2
position  1:    T:0.13287    C:0.21678    A:0.33566    G:0.31469
position  2:    T:0.21678    C:0.21678    A:0.34266    G:0.22378
position  3:    T:0.07692    C:0.44755    A:0.04895    G:0.42657
Average         T:0.14219    C:0.29371    A:0.24242    G:0.32168

#5: Camel          
position  1:    T:0.12587    C:0.22378    A:0.34266    G:0.30769
position  2:    T:0.21678    C:0.21678    A:0.34266    G:0.22378
position  3:    T:0.09091    C:0.43357    A:0.02098    G:0.45455
Average         T:0.14452    C:0.29138    A:0.23543    G:0.32867

#6: KillerWhale    
position  1:    T:0.13287    C:0.21678    A:0.34266    G:0.30769
position  2:    T:0.21678    C:0.21678    A:0.34266    G:0.22378
position  3:    T:0.07692    C:0.45455    A:0.02098    G:0.44755
Average         T:0.14219    C:0.29604    A:0.23543    G:0.32634

#7: DefassaWaterbuck
position  1:    T:0.13287    C:0.21678    A:0.33566    G:0.31469
position  2:    T:0.21678    C:0.21678    A:0.33566    G:0.23077
position  3:    T:0.06993    C:0.44755    A:0.04895    G:0.43357
Average         T:0.13986    C:0.29371    A:0.24009    G:0.32634

#8: Sheep          
position  1:    T:0.13287    C:0.21678    A:0.33566    G:0.31469
position  2:    T:0.21678    C:0.21678    A:0.34266    G:0.22378
position  3:    T:0.08392    C:0.44056    A:0.04196    G:0.43357
Average         T:0.14452    C:0.29138    A:0.24009    G:0.32401

#9: MaxwellsDuiker 
position  1:    T:0.13287    C:0.21678    A:0.33566    G:0.31469
position  2:    T:0.21678    C:0.21678    A:0.34266    G:0.22378
position  3:    T:0.07692    C:0.44755    A:0.04196    G:0.43357
Average         T:0.14219    C:0.29371    A:0.24009    G:0.32401

#10: GazellaPrzewalskyi
position  1:    T:0.13287    C:0.21678    A:0.33566    G:0.31469
position  2:    T:0.21678    C:0.21678    A:0.34266    G:0.22378
position  3:    T:0.08392    C:0.44056    A:0.03497    G:0.44056
Average         T:0.14452    C:0.29138    A:0.23776    G:0.32634

#11: MountainNyala  
position  1:    T:0.13287    C:0.21678    A:0.33566    G:0.31469
position  2:    T:0.21678    C:0.21678    A:0.34266    G:0.22378
position  3:    T:0.07692    C:0.44056    A:0.04196    G:0.44056
Average         T:0.14219    C:0.29138    A:0.24009    G:0.32634

#12: MuntiacusMuntjak
position  1:    T:0.13287    C:0.21678    A:0.33566    G:0.31469
position  2:    T:0.21678    C:0.21678    A:0.34266    G:0.22378
position  3:    T:0.06993    C:0.44755    A:0.04196    G:0.44056
Average         T:0.13986    C:0.29371    A:0.24009    G:0.32634

#13: goat           
position  1:    T:0.13287    C:0.21678    A:0.33566    G:0.31469
position  2:    T:0.21678    C:0.21678    A:0.34266    G:0.22378
position  3:    T:0.08392    C:0.44056    A:0.04895    G:0.42657
Average         T:0.14452    C:0.29138    A:0.24242    G:0.32168

#14: AfricanBuffalo 
position  1:    T:0.13287    C:0.21678    A:0.33566    G:0.31469
position  2:    T:0.21678    C:0.21678    A:0.34266    G:0.22378
position  3:    T:0.08392    C:0.41958    A:0.05594    G:0.44056
Average         T:0.14452    C:0.28438    A:0.24476    G:0.32634

#15: Topi           
position  1:    T:0.13287    C:0.21678    A:0.33566    G:0.31469
position  2:    T:0.21678    C:0.21678    A:0.34266    G:0.22378
position  3:    T:0.08392    C:0.44056    A:0.03497    G:0.44056
Average         T:0.14452    C:0.29138    A:0.23776    G:0.32634

#16: CommonDuiker   
position  1:    T:0.13287    C:0.21678    A:0.33566    G:0.31469
position  2:    T:0.20280    C:0.23776    A:0.32867    G:0.23077
position  3:    T:0.07692    C:0.44755    A:0.02797    G:0.44755
Average         T:0.13753    C:0.30070    A:0.23077    G:0.33100

#17: Suni           
position  1:    T:0.13287    C:0.21678    A:0.33566    G:0.31469
position  2:    T:0.21678    C:0.21678    A:0.34266    G:0.22378
position  3:    T:0.07692    C:0.44755    A:0.04895    G:0.42657
Average         T:0.14219    C:0.29371    A:0.24242    G:0.32168

#18: Springbuck     
position  1:    T:0.13287    C:0.21678    A:0.33566    G:0.31469
position  2:    T:0.21678    C:0.21678    A:0.34266    G:0.22378
position  3:    T:0.06294    C:0.46154    A:0.03497    G:0.44056
Average         T:0.13753    C:0.29837    A:0.23776    G:0.32634

#19: Okapi          
position  1:    T:0.13287    C:0.21678    A:0.33566    G:0.31469
position  2:    T:0.21678    C:0.21678    A:0.34266    G:0.22378
position  3:    T:0.08392    C:0.42657    A:0.04895    G:0.44056
Average         T:0.14452    C:0.28671    A:0.24242    G:0.32634

#20: Giraffe        
position  1:    T:0.13287    C:0.21678    A:0.33566    G:0.31469
position  2:    T:0.21678    C:0.21678    A:0.34266    G:0.22378
position  3:    T:0.07692    C:0.43357    A:0.04895    G:0.44056
Average         T:0.14219    C:0.28904    A:0.24242    G:0.32634

#21: TibetanAntelope
position  1:    T:0.13287    C:0.21678    A:0.33566    G:0.31469
position  2:    T:0.21678    C:0.21678    A:0.33566    G:0.23077
position  3:    T:0.08392    C:0.44056    A:0.04196    G:0.43357
Average         T:0.14452    C:0.29138    A:0.23776    G:0.32634

#22: Sitatunga      
position  1:    T:0.13287    C:0.21678    A:0.33566    G:0.31469
position  2:    T:0.21678    C:0.21678    A:0.34266    G:0.22378
position  3:    T:0.07692    C:0.44056    A:0.04196    G:0.44056
Average         T:0.14219    C:0.29138    A:0.24009    G:0.32634

#23: Oribi          
position  1:    T:0.12587    C:0.22378    A:0.33566    G:0.31469
position  2:    T:0.21678    C:0.21678    A:0.34266    G:0.22378
position  3:    T:0.07692    C:0.44755    A:0.03497    G:0.44056
Average         T:0.13986    C:0.29604    A:0.23776    G:0.32634

#24: BarbarySheep   
position  1:    T:0.13287    C:0.21678    A:0.33566    G:0.31469
position  2:    T:0.21678    C:0.21678    A:0.34266    G:0.22378
position  3:    T:0.08392    C:0.44056    A:0.04196    G:0.43357
Average         T:0.14452    C:0.29138    A:0.24009    G:0.32401

#25: Daviddeer      
position  1:    T:0.13986    C:0.20979    A:0.33566    G:0.31469
position  2:    T:0.20979    C:0.22378    A:0.34266    G:0.22378
position  3:    T:0.06993    C:0.44755    A:0.04196    G:0.44056
Average         T:0.13986    C:0.29371    A:0.24009    G:0.32634

#26: Reindeer       
position  1:    T:0.13986    C:0.20979    A:0.33566    G:0.31469
position  2:    T:0.21678    C:0.21678    A:0.34266    G:0.22378
position  3:    T:0.06993    C:0.44755    A:0.04196    G:0.44056
Average         T:0.14219    C:0.29138    A:0.24009    G:0.32634

#27: Ibex           
position  1:    T:0.13287    C:0.21678    A:0.33566    G:0.31469
position  2:    T:0.21678    C:0.21678    A:0.34266    G:0.22378
position  3:    T:0.09091    C:0.43357    A:0.04895    G:0.42657
Average         T:0.14685    C:0.28904    A:0.24242    G:0.32168

#28: GyrantGazelle  
position  1:    T:0.13287    C:0.21678    A:0.33566    G:0.31469
position  2:    T:0.21678    C:0.21678    A:0.34266    G:0.22378
position  3:    T:0.06993    C:0.44755    A:0.04196    G:0.44056
Average         T:0.13986    C:0.29371    A:0.24009    G:0.32634

#29: Hartebeest     
position  1:    T:0.13287    C:0.21678    A:0.33566    G:0.31469
position  2:    T:0.21678    C:0.21678    A:0.34266    G:0.22378
position  3:    T:0.07692    C:0.44056    A:0.03497    G:0.44755
Average         T:0.14219    C:0.29138    A:0.23776    G:0.32867

#30: Bongo          
position  1:    T:0.13287    C:0.21678    A:0.33566    G:0.31469
position  2:    T:0.21678    C:0.21678    A:0.34266    G:0.22378
position  3:    T:0.07692    C:0.44056    A:0.04196    G:0.44056
Average         T:0.14219    C:0.29138    A:0.24009    G:0.32634

#31: Gerenuk        
position  1:    T:0.13287    C:0.21678    A:0.33566    G:0.31469
position  2:    T:0.21678    C:0.21678    A:0.34266    G:0.22378
position  3:    T:0.07692    C:0.45455    A:0.02797    G:0.44056
Average         T:0.14219    C:0.29604    A:0.23543    G:0.32634

#32: CommonEland    
position  1:    T:0.13287    C:0.21678    A:0.33566    G:0.31469
position  2:    T:0.21678    C:0.21678    A:0.34266    G:0.22378
position  3:    T:0.08392    C:0.42657    A:0.04196    G:0.44755
Average         T:0.14452    C:0.28671    A:0.24009    G:0.32867

#33: MuntiacusReevesi
position  1:    T:0.13287    C:0.21678    A:0.33566    G:0.31469
position  2:    T:0.21678    C:0.21678    A:0.34266    G:0.22378
position  3:    T:0.06294    C:0.45455    A:0.03497    G:0.44755
Average         T:0.13753    C:0.29604    A:0.23776    G:0.32867

#34: HarveysDuiker  
position  1:    T:0.13287    C:0.21678    A:0.33566    G:0.31469
position  2:    T:0.21678    C:0.21678    A:0.34266    G:0.22378
position  3:    T:0.08392    C:0.44056    A:0.04196    G:0.43357
Average         T:0.14452    C:0.29138    A:0.24009    G:0.32401

#35: Pronghorn      
position  1:    T:0.12587    C:0.21678    A:0.34266    G:0.31469
position  2:    T:0.21678    C:0.21678    A:0.34266    G:0.22378
position  3:    T:0.06993    C:0.44056    A:0.05594    G:0.43357
Average         T:0.13753    C:0.29138    A:0.24709    G:0.32401

#36: BlueWildebeest 
position  1:    T:0.13287    C:0.21678    A:0.33566    G:0.31469
position  2:    T:0.21678    C:0.21678    A:0.34266    G:0.22378
position  3:    T:0.07692    C:0.45455    A:0.03497    G:0.43357
Average         T:0.14219    C:0.29604    A:0.23776    G:0.32401

#37: Gemsbok        
position  1:    T:0.13287    C:0.21678    A:0.33566    G:0.31469
position  2:    T:0.21678    C:0.21678    A:0.34266    G:0.22378
position  3:    T:0.08392    C:0.44056    A:0.04196    G:0.43357
Average         T:0.14452    C:0.29138    A:0.24009    G:0.32401

#38: Yak            
position  1:    T:0.13287    C:0.21678    A:0.33566    G:0.31469
position  2:    T:0.21678    C:0.21678    A:0.34266    G:0.22378
position  3:    T:0.07692    C:0.44056    A:0.04196    G:0.44056
Average         T:0.14219    C:0.29138    A:0.24009    G:0.32634

#39: BlueSheep      
position  1:    T:0.13287    C:0.21678    A:0.33566    G:0.31469
position  2:    T:0.21678    C:0.21678    A:0.34266    G:0.22378
position  3:    T:0.08392    C:0.44056    A:0.04196    G:0.43357
Average         T:0.14452    C:0.29138    A:0.24009    G:0.32401

#40: BohorReedbuck  
position  1:    T:0.13287    C:0.21678    A:0.32168    G:0.32867
position  2:    T:0.21678    C:0.22378    A:0.33566    G:0.22378
position  3:    T:0.07692    C:0.44056    A:0.04895    G:0.43357
Average         T:0.14219    C:0.29371    A:0.23543    G:0.32867

#41: KirksDik       
position  1:    T:0.13287    C:0.21678    A:0.33566    G:0.31469
position  2:    T:0.21678    C:0.21678    A:0.34266    G:0.22378
position  3:    T:0.07692    C:0.44056    A:0.03497    G:0.44755
Average         T:0.14219    C:0.29138    A:0.23776    G:0.32867

#42: RoeDeer        
position  1:    T:0.13287    C:0.21678    A:0.33566    G:0.31469
position  2:    T:0.20979    C:0.22378    A:0.34266    G:0.22378
position  3:    T:0.06993    C:0.44755    A:0.03497    G:0.44755
Average         T:0.13753    C:0.29604    A:0.23776    G:0.32867

#43: WhiteLippedDeer
position  1:    T:0.13287    C:0.21678    A:0.33566    G:0.31469
position  2:    T:0.21678    C:0.21678    A:0.34266    G:0.22378
position  3:    T:0.07692    C:0.44755    A:0.04196    G:0.43357
Average         T:0.14219    C:0.29371    A:0.24009    G:0.32401

#44: ThomsonGazelle 
position  1:    T:0.13287    C:0.21678    A:0.33566    G:0.31469
position  2:    T:0.21678    C:0.21678    A:0.34266    G:0.22378
position  3:    T:0.07692    C:0.44755    A:0.03497    G:0.44056
Average         T:0.14219    C:0.29371    A:0.23776    G:0.32634

#45: MuntiacusCrinifrons
position  1:    T:0.13287    C:0.21678    A:0.33566    G:0.31469
position  2:    T:0.21678    C:0.21678    A:0.34266    G:0.22378
position  3:    T:0.06294    C:0.45455    A:0.03497    G:0.44755
Average         T:0.13753    C:0.29604    A:0.23776    G:0.32867

#46: WhiteTailedDeer
position  1:    T:0.13287    C:0.21678    A:0.33566    G:0.31469
position  2:    T:0.21678    C:0.21678    A:0.34266    G:0.22378
position  3:    T:0.06993    C:0.44755    A:0.05594    G:0.42657
Average         T:0.13986    C:0.29371    A:0.24476    G:0.32168

#47: Cattle         
position  1:    T:0.13287    C:0.21678    A:0.33566    G:0.31469
position  2:    T:0.21678    C:0.21678    A:0.34266    G:0.22378
position  3:    T:0.06993    C:0.44755    A:0.04196    G:0.44056
Average         T:0.13986    C:0.29371    A:0.24009    G:0.32634

#48: RoyalAntelope  
position  1:    T:0.13287    C:0.21678    A:0.33566    G:0.31469
position  2:    T:0.20280    C:0.23077    A:0.34266    G:0.22378
position  3:    T:0.06993    C:0.46154    A:0.03497    G:0.43357
Average         T:0.13520    C:0.30303    A:0.23776    G:0.32401

#49: Steenbok       
position  1:    T:0.12587    C:0.22378    A:0.33566    G:0.31469
position  2:    T:0.21678    C:0.21678    A:0.34266    G:0.22378
position  3:    T:0.07692    C:0.44755    A:0.03497    G:0.44056
Average         T:0.13986    C:0.29604    A:0.23776    G:0.32634

#50: Impala         
position  1:    T:0.13287    C:0.21678    A:0.33566    G:0.31469
position  2:    T:0.21678    C:0.21678    A:0.33566    G:0.23077
position  3:    T:0.07692    C:0.44755    A:0.04895    G:0.42657
Average         T:0.14219    C:0.29371    A:0.24009    G:0.32401

#51: Klipspringer   
position  1:    T:0.13287    C:0.23077    A:0.32168    G:0.31469
position  2:    T:0.21678    C:0.22378    A:0.33566    G:0.22378
