1
52 1
Argali 0.000000 0.201800 0.028800 0.209000 0.032100 0.003000 0.028600 0.035400 0.035300 0.061300 0.012600 0.041700 0.022200 0.028800 0.035300 0.042000 0.035200 0.037700 0.010800 0.028700 0.037200 0.006300 0.038500 0.058600 0.006300 0.054600 0.022200 0.032000 0.041800 0.038500 0.082100 0.019000 0.045500 0.025500 0.038500 0.038300 0.003100 0.042200 0.053700 0.058300 0.051500 0.048400 0.057800 0.055200 0.038300 0.051800 0.043900 0.035200 0.035400 0.048500 0.025600 0.041800
LesserMous 0.201800 0.000000 0.214400 0.213200 0.197900 0.198100 0.215000 0.230400 0.222900 0.229400 0.202500 0.205800 0.211600 0.213100 0.205300 0.239800 0.202300 0.208500 0.200600 0.214100 0.217100 0.202500 0.201900 0.211000 0.194500 0.231900 0.211500 0.218500 0.233200 0.226300 0.235300 0.201600 0.214900 0.215700 0.216900 0.217300 0.198800 0.215300 0.221400 0.216200 0.205400 0.237100 0.224700 0.204500 0.217300 0.251400 0.229100 0.214100 0.215600 0.217300 0.210800 0.230600
LesserKudu 0.028800 0.214400 0.000000 0.230100 0.048600 0.025500 0.045100 0.052100 0.019000 0.071800 0.035400 0.045100 0.038600 0.045300 0.045300 0.058700 0.045200 0.048600 0.033700 0.006300 0.053900 0.028800 0.048400 0.068900 0.028800 0.071400 0.038600 0.015800 0.058500 0.019000 0.092900 0.035200 0.055700 0.038600 0.055300 0.041700 0.025600 0.059100 0.067400 0.068500 0.061600 0.065300 0.068200 0.065400 0.041700 0.068700 0.060900 0.048500 0.054400 0.058600 0.006300 0.022300
KillerWhal 0.209000 0.213200 0.230100 0.000000 0.205100 0.205200 0.230300 0.225600 0.238900 0.244500 0.209700 0.242300 0.202400 0.220500 0.216200 0.234400 0.209300 0.215400 0.209400 0.229700 0.221700 0.205600 0.208000 0.217500 0.201600 0.239600 0.202200 0.234300 0.227400 0.242500 0.250700 0.208700 0.217800 0.206500 0.199600 0.249700 0.205900 0.223100 0.230500 0.214100 0.215700 0.231400 0.239700 0.227800 0.249700 0.255300 0.237900 0.217200 0.223300 0.233000 0.226400 0.246800
DefassaWat 0.032100 0.197900 0.048600 0.205100 0.000000 0.028800 0.047200 0.054300 0.055400 0.078700 0.032200 0.061900 0.040300 0.047600 0.053100 0.062200 0.055300 0.057300 0.030500 0.048600 0.050800 0.032100 0.055200 0.069100 0.025600 0.074900 0.040200 0.052000 0.060700 0.058100 0.093100 0.038600 0.064600 0.043800 0.050500 0.065100 0.028900 0.016000 0.067700 0.074600 0.068500 0.067700 0.075100 0.071400 0.065100 0.065400 0.063400 0.055300 0.052200 0.067700 0.045400 0.061500
Sheep 0.003000 0.198100 0.025500 0.205200 0.028800 0.000000 0.025400 0.032200 0.032100 0.058100 0.015800 0.045100 0.019100 0.025600 0.032100 0.038700 0.032000 0.034400 0.014300 0.025500 0.033900 0.009400 0.035300 0.055300 0.009400 0.051300 0.019000 0.028800 0.038600 0.035300 0.078800 0.015800 0.042300 0.022300 0.035300 0.041700 0.000000 0.038900 0.050400 0.055000 0.048300 0.045200 0.054600 0.051900 0.041700 0.048500 0.040600 0.032000 0.032200 0.045200 0.022400 0.038600
MaxwellsDu 0.028600 0.215000 0.045100 0.230300 0.047200 0.025400 0.000000 0.051900 0.045100 0.078300 0.035200 0.064900 0.038500 0.032000 0.051800 0.058500 0.051700 0.055100 0.033800 0.045000 0.047200 0.028700 0.054900 0.075500 0.028700 0.064400 0.038500 0.048400 0.058300 0.055000 0.099600 0.022200 0.062300 0.041800 0.055000 0.061400 0.025500 0.057600 0.070700 0.075000 0.068100 0.065000 0.074700 0.072000 0.061400 0.068400 0.061000 0.051700 0.055200 0.065100 0.041800 0.058300
GazellaPrz 0.035400 0.230400 0.052100 0.225600 0.054300 0.032200 0.051900 0.000000 0.059000 0.085900 0.042200 0.072400 0.045500 0.045600 0.052200 0.025800 0.058900 0.061800 0.040900 0.052100 0.027400 0.035500 0.055400 0.083100 0.035500 0.045000 0.045500 0.055500 0.025700 0.055400 0.100500 0.035400 0.069700 0.048800 0.062300 0.068700 0.032300 0.064900 0.043900 0.075700 0.068700 0.038800 0.082200 0.079500 0.068700 0.075900 0.034300 0.052100 0.062500 0.072500 0.048900 0.058800
MountainNy 0.035300 0.222900 0.019000 0.238900 0.055400 0.032100 0.045100 0.059000 0.000000 0.078700 0.042000 0.045200 0.045300 0.052100 0.052000 0.062200 0.051900 0.055400 0.040600 0.012600 0.060900 0.035400 0.055200 0.075800 0.035400 0.078300 0.045300 0.003100 0.065400 0.012700 0.100100 0.041900 0.062600 0.045300 0.062100 0.048300 0.032200 0.066000 0.074500 0.075400 0.068500 0.072200 0.075100 0.072300 0.048300 0.075700 0.068000 0.055300 0.061400 0.065500 0.019000 0.015900
MuntiacusM 0.061300 0.229400 0.071800 0.244500 0.078700 0.058100 0.078300 0.085900 0.078700 0.000000 0.068200 0.092200 0.071800 0.078800 0.078700 0.092600 0.065000 0.068500 0.067500 0.071700 0.088000 0.061500 0.028600 0.055100 0.061500 0.098400 0.071800 0.075200 0.092300 0.081900 0.031800 0.068200 0.072400 0.075200 0.089000 0.088400 0.058200 0.089600 0.105500 0.054700 0.041500 0.092400 0.003100 0.051600 0.088400 0.095800 0.095300 0.085400 0.085800 0.078700 0.068500 0.085400
goat 0.012600 0.202500 0.035400 0.209700 0.032200 0.015800 0.035200 0.042200 0.042000 0.068200 0.000000 0.041900 0.028800 0.035400 0.042000 0.048700 0.041900 0.044600 0.011000 0.035300 0.044100 0.012600 0.045200 0.058800 0.006100 0.061400 0.028800 0.038700 0.048600 0.045200 0.089200 0.025500 0.052400 0.032000 0.038600 0.045000 0.015800 0.049000 0.053900 0.065200 0.058300 0.055200 0.064700 0.062100 0.045000 0.058600 0.050900 0.041900 0.042100 0.055300 0.032100 0.048600
AfricanBuf 0.041700 0.205800 0.045100 0.242300 0.061900 0.045100 0.064900 0.072400 0.045200 0.092200 0.041900 0.000000 0.058500 0.065400 0.065300 0.079000 0.065200 0.068700 0.040400 0.038500 0.074300 0.041900 0.068400 0.082500 0.035300 0.091700 0.058500 0.041800 0.078800 0.048400 0.113900 0.054900 0.076000 0.061900 0.068700 0.034800 0.045200 0.079500 0.084600 0.088800 0.078300 0.085700 0.088500 0.085800 0.034800 0.089200 0.081500 0.072000 0.075700 0.078900 0.041900 0.051700
Topi 0.022200 0.211600 0.038600 0.202400 0.040300 0.019100 0.038500 0.045500 0.045300 0.071800 0.028800 0.058500 0.000000 0.038700 0.038700 0.052100 0.038600 0.042000 0.027100 0.038600 0.047300 0.022300 0.048500 0.055400 0.022300 0.064700 0.006300 0.042000 0.051900 0.048500 0.093000 0.028800 0.049000 0.009500 0.035300 0.055000 0.019100 0.050700 0.064100 0.068600 0.061700 0.058600 0.068300 0.051900 0.055000 0.062000 0.047500 0.045200 0.048800 0.058600 0.035400 0.051900
CommonDuik 0.028800 0.213100 0.045300 0.220500 0.047600 0.025600 0.032000 0.045600 0.052100 0.078800 0.035400 0.065400 0.038700 0.000000 0.052100 0.052100 0.052000 0.055400 0.034100 0.045300 0.054400 0.028900 0.048600 0.076000 0.028900 0.071500 0.038700 0.048700 0.052000 0.048600 0.093200 0.009500 0.055900 0.042000 0.055400 0.061800 0.025700 0.058000 0.071300 0.068600 0.061800 0.052000 0.075200 0.072400 0.061800 0.062100 0.061500 0.052000 0.055600 0.065500 0.042100 0.052000
Suni 0.035300 0.205300 0.045300 0.216200 0.053100 0.032100 0.051800 0.052200 0.052000 0.078700 0.042000 0.065300 0.038700 0.052100 0.000000 0.058800 0.045300 0.048600 0.040500 0.045200 0.053900 0.035400 0.055200 0.069000 0.035400 0.071500 0.038700 0.048600 0.058600 0.055200 0.100100 0.041800 0.052400 0.042000 0.055300 0.061700 0.032200 0.063600 0.070900 0.075400 0.068500 0.065400 0.075100 0.065500 0.061700 0.075700 0.054100 0.045300 0.062300 0.064600 0.042000 0.058600
Springbuck 0.042000 0.239800 0.058700 0.234400 0.062200 0.038700 0.058500 0.025800 0.062200 0.092600 0.048700 0.079000 0.052100 0.052100 0.058800 0.000000 0.065500 0.069000 0.047600 0.058700 0.028800 0.042100 0.062000 0.083000 0.042100 0.051500 0.052000 0.058800 0.012700 0.068900 0.107400 0.041900 0.076500 0.055400 0.068900 0.075400 0.038800 0.072900 0.045300 0.075500 0.075400 0.038700 0.088900 0.079400 0.075400 0.082700 0.035500 0.058700 0.069200 0.079200 0.055500 0.072300
Okapi 0.035200 0.202300 0.045200 0.209300 0.055300 0.032000 0.051700 0.058900 0.051900 0.065000 0.041900 0.065200 0.038600 0.052000 0.045300 0.065500 0.000000 0.014700 0.040600 0.045100 0.060700 0.035300 0.041900 0.055400 0.035300 0.078200 0.038600 0.048500 0.061900 0.055200 0.086000 0.041200 0.042300 0.041900 0.051800 0.061600 0.032100 0.065900 0.077800 0.061800 0.055000 0.072100 0.061500 0.052000 0.061600 0.068700 0.067800 0.058600 0.062100 0.038600 0.042000 0.058500
Giraffe 0.037700 0.208500 0.048600 0.215400 0.057300 0.034400 0.055100 0.061800 0.055400 0.068500 0.044600 0.068700 0.042000 0.055400 0.048600 0.069000 0.014700 0.000000 0.042900 0.048500 0.064100 0.037800 0.045200 0.058800 0.037900 0.081700 0.041900 0.051900 0.068800 0.058600 0.089700 0.044600 0.045700 0.045300 0.055300 0.065000 0.034500 0.067900 0.081200 0.065200 0.058400 0.075600 0.065000 0.055400 0.065000 0.072200 0.071300 0.061500 0.065600 0.042000 0.045400 0.062000
TibetanAnt 0.010800 0.200600 0.033700 0.209400 0.030500 0.014300 0.033800 0.040900 0.040600 0.067500 0.011000 0.040400 0.027100 0.034100 0.040500 0.047600 0.040600 0.042900 0.000000 0.033800 0.042700 0.014500 0.044100 0.058000 0.003900 0.060600 0.027000 0.037200 0.047300 0.044000 0.088800 0.023800 0.051200 0.030500 0.037200 0.043700 0.017900 0.047700 0.052500 0.064400 0.057600 0.054300 0.064000 0.061200 0.043700 0.057600 0.049600 0.040700 0.040700 0.054200 0.030600 0.047400
Sitatunga 0.028700 0.214100 0.006300 0.229700 0.048600 0.025500 0.045000 0.052100 0.012600 0.071700 0.035300 0.038500 0.038600 0.045300 0.045200 0.058700 0.045100 0.048500 0.033800 0.000000 0.054000 0.028800 0.048400 0.068800 0.028800 0.071300 0.038600 0.009400 0.058500 0.012600 0.092800 0.035200 0.055600 0.038600 0.055200 0.041600 0.025600 0.059000 0.067400 0.068400 0.061500 0.065200 0.068100 0.065300 0.041600 0.068600 0.060900 0.048500 0.054400 0.058500 0.006300 0.015800
Oribi 0.037200 0.217100 0.053900 0.221700 0.050800 0.033900 0.047200 0.027400 0.060900 0.088000 0.044100 0.074300 0.047300 0.054400 0.053900 0.028800 0.060700 0.064100 0.042700 0.054000 0.000000 0.030500 0.064400 0.085400 0.037400 0.033900 0.047200 0.057400 0.028700 0.064300 0.109700 0.044100 0.071700 0.050700 0.064200 0.070700 0.034000 0.061200 0.035200 0.084800 0.077900 0.028700 0.084300 0.081700 0.070700 0.077900 0.032100 0.054000 0.064500 0.074600 0.050900 0.067700
BarbaryShe 0.006300 0.202500 0.028800 0.205600 0.032100 0.009400 0.028700 0.035500 0.035400 0.061500 0.012600 0.041900 0.022300 0.028900 0.035400 0.042100 0.035300 0.037800 0.014500 0.028800 0.030500 0.000000 0.038600 0.058800 0.006300 0.054700 0.022300 0.032100 0.041900 0.038600 0.082300 0.019100 0.045700 0.025500 0.038600 0.038400 0.009400 0.042300 0.053900 0.058400 0.051700 0.048600 0.058000 0.055300 0.038400 0.051900 0.044000 0.035300 0.035500 0.048600 0.025600 0.041900
Daviddeer 0.038500 0.201900 0.048400 0.208000 0.055200 0.035300 0.054900 0.055400 0.055200 0.028600 0.045200 0.068400 0.048500 0.048600 0.055200 0.062000 0.041900 0.045200 0.044100 0.048400 0.064400 0.038600 0.000000 0.032100 0.038600 0.081400 0.048500 0.051800 0.061800 0.058400 0.041800 0.038400 0.052300 0.051800 0.065300 0.064800 0.035400 0.065700 0.081300 0.025400 0.012600 0.075400 0.025300 0.028800 0.064800 0.078800 0.071400 0.061800 0.065500 0.055200 0.045200 0.061800
Reindeer 0.058600 0.211000 0.068900 0.217500 0.069100 0.055300 0.075500 0.083100 0.075800 0.055100 0.058800 0.082500 0.055400 0.076000 0.069000 0.083000 0.055400 0.058800 0.058000 0.068800 0.085400 0.058800 0.032100 0.000000 0.052100 0.102600 0.062100 0.072300 0.082700 0.079100 0.075800 0.065300 0.066200 0.065500 0.065600 0.085600 0.055500 0.086900 0.095900 0.038600 0.045100 0.096600 0.051600 0.022400 0.085600 0.100100 0.085600 0.082600 0.079600 0.075800 0.065600 0.082600
Ibex 0.006300 0.194500 0.028800 0.201600 0.025600 0.009400 0.028700 0.035500 0.035400 0.061500 0.006100 0.035300 0.022300 0.028900 0.035400 0.042100 0.035300 0.037900 0.003900 0.028800 0.037400 0.006300 0.038600 0.052100 0.000000 0.054700 0.022300 0.032100 0.041900 0.038600 0.082300 0.019100 0.045700 0.025500 0.032000 0.038400 0.009500 0.042300 0.047100 0.058400 0.051700 0.048600 0.058000 0.055300 0.038400 0.051900 0.044100 0.035300 0.035500 0.048600 0.025600 0.041900
GyrantGaze 0.054600 0.231900 0.071400 0.239600 0.074900 0.051300 0.064400 0.045000 0.078300 0.098400 0.061400 0.091700 0.064700 0.071500 0.071500 0.051500 0.078200 0.081700 0.060600 0.071300 0.033900 0.054700 0.081400 0.102600 0.054700 0.000000 0.064700 0.074800 0.051400 0.081500 0.113100 0.061100 0.082300 0.068100 0.081600 0.088000 0.051500 0.085700 0.056800 0.095000 0.094900 0.031700 0.094700 0.099000 0.088000 0.088500 0.053900 0.071300 0.081900 0.092000 0.068100 0.085000
Hartebeest 0.022200 0.211500 0.038600 0.202200 0.040200 0.019000 0.038500 0.045500 0.045300 0.071800 0.028800 0.058500 0.006300 0.038700 0.038700 0.052000 0.038600 0.041900 0.027000 0.038600 0.047200 0.022300 0.048500 0.062100 0.022300 0.064700 0.000000 0.041900 0.051900 0.048500 0.093000 0.028700 0.049000 0.009500 0.035300 0.054900 0.019100 0.050600 0.064100 0.068500 0.061700 0.058600 0.068200 0.058700 0.054900 0.062000 0.054200 0.045200 0.048700 0.058600 0.035400 0.051900
Bongo 0.032000 0.218500 0.015800 0.234300 0.052000 0.028800 0.048400 0.055500 0.003100 0.075200 0.038700 0.041800 0.042000 0.048700 0.048600 0.058800 0.048500 0.051900 0.037200 0.009400 0.057400 0.032100 0.051800 0.072300 0.032100 0.074800 0.041900 0.000000 0.061900 0.009500 0.096500 0.038500 0.059100 0.042000 0.058600 0.045000 0.028900 0.062500 0.070900 0.071900 0.065000 0.068700 0.071600 0.068800 0.045000 0.072100 0.064400 0.051900 0.057800 0.062000 0.015800 0.012700
Gerenuk 0.041800 0.233200 0.058500 0.227400 0.060700 0.038600 0.058300 0.025700 0.065400 0.092300 0.048600 0.078800 0.051900 0.052000 0.058600 0.012700 0.061900 0.068800 0.047300 0.058500 0.028700 0.041900 0.061800 0.082700 0.041900 0.051400 0.051900 0.061900 0.000000 0.068600 0.107000 0.041800 0.076200 0.055200 0.068700 0.075100 0.038700 0.071300 0.045200 0.075300 0.075100 0.038500 0.088600 0.079100 0.075100 0.082400 0.035400 0.058500 0.068900 0.079000 0.055300 0.072100
CommonElan 0.038500 0.226300 0.019000 0.242500 0.058100 0.035300 0.055000 0.055400 0.012700 0.081900 0.045200 0.048400 0.048500 0.048600 0.055200 0.068900 0.055200 0.058600 0.044000 0.012600 0.064300 0.038600 0.058400 0.079100 0.038600 0.081500 0.048500 0.009500 0.068600 0.000000 0.103400 0.045000 0.059000 0.045200 0.065300 0.051500 0.035400 0.068700 0.074400 0.078600 0.071700 0.068700 0.078300 0.075600 0.051500 0.072100 0.071300 0.061900 0.065300 0.068700 0.015900 0.003100
MuntiacusR 0.082100 0.235300 0.092900 0.250700 0.093100 0.078800 0.099600 0.100500 0.100100 0.031800 0.089200 0.113900 0.093000 0.093200 0.100100 0.107400 0.086000 0.089700 0.088800 0.092800 0.109700 0.082300 0.041800 0.075800 0.082300 0.113100 0.093000 0.096500 0.107000 0.103400 0.000000 0.082200 0.097400 0.096500 0.103500 0.109900 0.079000 0.104400 0.120600 0.065100 0.055000 0.114200 0.028500 0.072300 0.109900 0.117800 0.117400 0.107000 0.093300 0.093000 0.089600 0.106900
HarveysDui 0.019000 0.201600 0.035200 0.208700 0.038600 0.015800 0.022200 0.035400 0.041900 0.068200 0.025500 0.054900 0.028800 0.009500 0.041800 0.041900 0.041200 0.044600 0.023800 0.035200 0.044100 0.019100 0.038400 0.065300 0.019100 0.061100 0.028700 0.038500 0.041800 0.045000 0.082200 0.000000 0.052200 0.032000 0.045100 0.051400 0.015900 0.048800 0.060600 0.058200 0.051400 0.055100 0.064600 0.061800 0.051400 0.058400 0.050800 0.041800 0.045300 0.054700 0.032000 0.048400
Pronghorn 0.045500 0.214900 0.055700 0.217800 0.064600 0.042300 0.062300 0.069700 0.062600 0.072400 0.052400 0.076000 0.049000 0.055900 0.052400 0.076500 0.042300 0.045700 0.051200 0.055600 0.071700 0.045700 0.052300 0.066200 0.045700 0.082300 0.049000 0.059100 0.076200 0.059000 0.097400 0.052200 0.000000 0.052400 0.065900 0.072300 0.042400 0.075400 0.089100 0.065700 0.065600 0.069300 0.072300 0.062600 0.072300 0.079700 0.075600 0.065900 0.073100 0.062500 0.052400 0.062500
BlueWildeb 0.025500 0.215700 0.038600 0.206500 0.043800 0.022300 0.041800 0.048800 0.045300 0.075200 0.032000 0.061900 0.009500 0.042000 0.042000 0.055400 0.041900 0.045300 0.030500 0.038600 0.050700 0.025500 0.051800 0.065500 0.025500 0.068100 0.009500 0.042000 0.055200 0.045200 0.096500 0.032000 0.052400 0.000000 0.038600 0.058300 0.022300 0.054100 0.060800 0.071900 0.065100 0.062000 0.071600 0.062100 0.058300 0.065400 0.057800 0.048600 0.051700 0.062000 0.035400 0.048600
Gemsbok 0.038500 0.216900 0.055300 0.199600 0.050500 0.035300 0.055000 0.062300 0.062100 0.089000 0.038600 0.068700 0.035300 0.055400 0.055300 0.068900 0.051800 0.055300 0.037200 0.055200 0.064200 0.038600 0.065300 0.065600 0.032000 0.081600 0.035300 0.058600 0.068700 0.065300 0.103500 0.045100 0.065900 0.038600 0.000000 0.071800 0.035400 0.067900 0.074500 0.078800 0.078600 0.075600 0.085300 0.075700 0.071800 0.075600 0.071400 0.062000 0.058800 0.065300 0.052000 0.068700
Yak 0.038300 0.217300 0.041700 0.249700 0.065100 0.041700 0.061400 0.068700 0.048300 0.088400 0.045000 0.034800 0.055000 0.061800 0.061700 0.075400 0.061600 0.065000 0.043700 0.041600 0.070700 0.038400 0.064800 0.085600 0.038400 0.088000 0.054900 0.045000 0.075100 0.051500 0.109900 0.051400 0.072300 0.058300 0.071800 0.000000 0.041800 0.075700 0.087900 0.085100 0.074700 0.082000 0.084800 0.082100 0.000000 0.085400 0.077800 0.068300 0.072000 0.075200 0.038500 0.054900
BlueSheep 0.003100 0.198800 0.025600 0.205900 0.028900 0.000000 0.025500 0.032300 0.032200 0.058200 0.015800 0.045200 0.019100 0.025700 0.032200 0.038800 0.032100 0.034500 0.017900 0.025600 0.034000 0.009400 0.035400 0.055500 0.009500 0.051500 0.019100 0.028900 0.038700 0.035400 0.079000 0.015900 0.042400 0.022300 0.035400 0.041800 0.000000 0.039000 0.050500 0.055200 0.048400 0.045300 0.054800 0.052100 0.041800 0.048600 0.040700 0.032100 0.032300 0.045300 0.022400 0.038700
BohorReedb 0.042200 0.215300 0.059100 0.223100 0.016000 0.038900 0.057600 0.064900 0.066000 0.089600 0.049000 0.079500 0.050700 0.058000 0.063600 0.072900 0.065900 0.067900 0.047700 0.059000 0.061200 0.042300 0.065700 0.086900 0.042300 0.085700 0.050600 0.062500 0.071300 0.068700 0.104400 0.048800 0.075400 0.054100 0.067900 0.075700 0.039000 0.000000 0.085500 0.085400 0.079200 0.078500 0.085900 0.082200 0.075700 0.076100 0.074100 0.059100 0.062700 0.071500 0.055800 0.072100
KirksDik 0.053700 0.221400 0.067400 0.230500 0.067700 0.050400 0.070700 0.043900 0.074500 0.105500 0.053900 0.084600 0.064100 0.071300 0.070900 0.045300 0.077800 0.081200 0.052500 0.067400 0.035200 0.053900 0.081300 0.095900 0.047100 0.056800 0.064100 0.070900 0.045200 0.074400 0.120600 0.060600 0.089100 0.060800 0.074500 0.087900 0.050500 0.085500 0.000000 0.102200 0.095100 0.045200 0.101700 0.099100 0.087900 0.095300 0.042000 0.070900 0.074500 0.091900 0.064300 0.077900
RoeDeer 0.058300 0.216200 0.068500 0.214100 0.074600 0.055000 0.075000 0.075700 0.075400 0.054700 0.065200 0.088800 0.068600 0.068600 0.075400 0.075500 0.061800 0.065200 0.064400 0.068400 0.084800 0.058400 0.025400 0.038600 0.058400 0.095000 0.068500 0.071900 0.075300 0.078600 0.065100 0.058200 0.065700 0.071900 0.078800 0.085100 0.055200 0.085400 0.102200 0.000000 0.038300 0.089000 0.051300 0.035300 0.085100 0.099500 0.092200 0.082100 0.079000 0.075400 0.065200 0.082100
WhiteLippe 0.051500 0.205400 0.061600 0.215700 0.068500 0.048300 0.068100 0.068700 0.068500 0.041500 0.058300 0.078300 0.061700 0.061800 0.068500 0.075400 0.055000 0.058400 0.057600 0.061500 0.077900 0.051700 0.012600 0.045100 0.051700 0.094900 0.061700 0.065000 0.075100 0.071700 0.055000 0.051400 0.065600 0.065100 0.078600 0.074700 0.048400 0.079200 0.095100 0.038300 0.000000 0.088900 0.038100 0.041700 0.074700 0.092400 0.085000 0.075100 0.078900 0.068400 0.058400 0.075100
ThomsonGaz 0.048400 0.237100 0.065300 0.231400 0.067700 0.045200 0.065000 0.038800 0.072200 0.092400 0.055200 0.085700 0.058600 0.052000 0.065400 0.038700 0.072100 0.075600 0.054300 0.065200 0.028700 0.048600 0.075400 0.096600 0.048600 0.031700 0.058600 0.068700 0.038500 0.068700 0.114200 0.055100 0.069300 0.062000 0.075600 0.082000 0.045300 0.078500 0.045200 0.089000 0.088900 0.000000 0.088700 0.093000 0.082000 0.082400 0.042000 0.065300 0.075800 0.085900 0.062000 0.072100
MuntiacusC 0.057800 0.224700 0.068200 0.239700 0.075100 0.054600 0.074700 0.082200 0.075100 0.003100 0.064700 0.088500 0.068300 0.075200 0.075100 0.088900 0.061500 0.065000 0.064000 0.068100 0.084300 0.058000 0.025300 0.051600 0.058000 0.094700 0.068200 0.071600 0.088600 0.078300 0.028500 0.064600 0.072300 0.071600 0.085300 0.084800 0.054800 0.085900 0.101700 0.051300 0.038100 0.088700 0.000000 0.048200 0.084800 0.092200 0.091600 0.081800 0.082100 0.075100 0.065000 0.081800
WhiteTaile 0.055200 0.204500 0.065400 0.227800 0.071400 0.051900 0.072000 0.079500 0.072300 0.051600 0.062100 0.085800 0.051900 0.072400 0.065500 0.079400 0.052000 0.055400 0.061200 0.065300 0.081700 0.055300 0.028800 0.022400 0.055300 0.099000 0.058700 0.068800 0.079100 0.075600 0.072300 0.061800 0.062600 0.062100 0.075700 0.082100 0.052100 0.082200 0.099100 0.035300 0.041700 0.093000 0.048200 0.000000 0.082100 0.096400 0.082000 0.079100 0.082900 0.072300 0.062100 0.079000
Cattle 0.038300 0.217300 0.041700 0.249700 0.065100 0.041700 0.061400 0.068700 0.048300 0.088400 0.045000 0.034800 0.055000 0.061800 0.061700 0.075400 0.061600 0.065000 0.043700 0.041600 0.070700 0.038400 0.064800 0.085600 0.038400 0.088000 0.054900 0.045000 0.075100 0.051500 0.109900 0.051400 0.072300 0.058300 0.071800 0.000000 0.041800 0.075700 0.087900 0.085100 0.074700 0.082000 0.084800 0.082100 0.000000 0.085400 0.077800 0.068300 0.072000 0.075200 0.038500 0.054900
RoyalAntel 0.051800 0.251400 0.068700 0.255300 0.065400 0.048500 0.068400 0.075900 0.075700 0.095800 0.058600 0.089200 0.062000 0.062100 0.075700 0.082700 0.068700 0.072200 0.057600 0.068600 0.077900 0.051900 0.078800 0.100100 0.051900 0.088500 0.062000 0.072100 0.082400 0.072100 0.117800 0.058400 0.079700 0.065400 0.075600 0.085400 0.048600 0.076100 0.095300 0.099500 0.092400 0.082400 0.092200 0.096400 0.085400 0.000000 0.078200 0.071900 0.079300 0.081900 0.065400 0.075500
Steenbok 0.043900 0.229100 0.060900 0.237900 0.063400 0.040600 0.061000 0.034300 0.068000 0.095300 0.050900 0.081500 0.047500 0.061500 0.054100 0.035500 0.067800 0.071300 0.049600 0.060900 0.032100 0.044000 0.071400 0.085600 0.044100 0.053900 0.054200 0.064400 0.035400 0.071300 0.117400 0.050800 0.075600 0.057800 0.071400 0.077800 0.040700 0.074100 0.042000 0.092200 0.085000 0.042000 0.091600 0.082000 0.077800 0.078200 0.000000 0.047400 0.071600 0.081900 0.057800 0.074800
Impala 0.035200 0.214100 0.048500 0.217200 0.055300 0.032000 0.051700 0.052100 0.055300 0.085400 0.041900 0.072000 0.045200 0.052000 0.045300 0.058700 0.058600 0.061500 0.040700 0.048500 0.054000 0.035300 0.061800 0.082600 0.035300 0.071300 0.045200 0.051900 0.058500 0.061900 0.107000 0.041800 0.065900 0.048600 0.062000 0.068300 0.032100 0.059100 0.070900 0.082100 0.075100 0.065300 0.081800 0.079100 0.068300 0.071900 0.047400 0.000000 0.062200 0.065300 0.045300 0.065300
Klipspring 0.035400 0.215600 0.054400 0.223300 0.052200 0.032200 0.055200 0.062500 0.061400 0.085800 0.042100 0.075700 0.048800 0.055600 0.062300 0.069200 0.062100 0.065600 0.040700 0.054400 0.064500 0.035500 0.065500 0.079600 0.035500 0.081900 0.048700 0.057800 0.068900 0.065300 0.093300 0.045300 0.073100 0.051700 0.058800 0.072000 0.032300 0.062700 0.074500 0.079000 0.078900 0.075800 0.082100 0.082900 0.072000 0.079300 0.071600 0.062200 0.000000 0.075800 0.051300 0.068700
ForestMusk 0.048500 0.217300 0.058600 0.233000 0.067700 0.045200 0.065100 0.072500 0.065500 0.078700 0.055300 0.078900 0.058600 0.065500 0.064600 0.079200 0.038600 0.042000 0.054200 0.058500 0.074600 0.048600 0.055200 0.075800 0.048600 0.092000 0.058600 0.062000 0.079000 0.068700 0.093000 0.054700 0.062500 0.062000 0.065300 0.075200 0.045300 0.071500 0.091900 0.075400 0.068400 0.085900 0.075100 0.072300 0.075200 0.081900 0.081900 0.065300 0.075800 0.000000 0.055300 0.072100
Bushbuck 0.025600 0.210800 0.006300 0.226400 0.045400 0.022400 0.041800 0.048900 0.019000 0.068500 0.032100 0.041900 0.035400 0.042100 0.042000 0.055500 0.042000 0.045400 0.030600 0.006300 0.050900 0.025600 0.045200 0.065600 0.025600 0.068100 0.035400 0.015800 0.055300 0.015900 0.089600 0.032000 0.052400 0.035400 0.052000 0.038500 0.022400 0.055800 0.064300 0.065200 0.058400 0.062000 0.065000 0.062100 0.038500 0.065400 0.057800 0.045300 0.051300 0.055300 0.000000 0.019100
GreaterKud 0.041800 0.230600 0.022300 0.246800 0.061500 0.038600 0.058300 0.058800 0.015900 0.085400 0.048600 0.051700 0.051900 0.052000 0.058600 0.072300 0.058500 0.062000 0.047400 0.015800 0.067700 0.041900 0.061800 0.082600 0.041900 0.085000 0.051900 0.012700 0.072100 0.003100 0.106900 0.048400 0.062500 0.048600 0.068700 0.054900 0.038700 0.072100 0.077900 0.082100 0.075100 0.072100 0.081800 0.079000 0.054900 0.075500 0.074800 0.065300 0.068700 0.072100 0.019100 0.000000
