1
52 1
Argali 0.000000 0.192300 0.095900 0.227000 0.067200 0.000000 0.097100 0.096400 0.110900 0.191700 0.026400 0.110900 0.039900 0.097300 0.112700 0.082100 0.127200 0.125000 0.034900 0.081400 0.095700 0.013100 0.174400 0.191400 0.013100 0.111100 0.039900 0.095800 0.067900 0.095800 0.190900 0.082300 0.141800 0.039900 0.039900 0.110300 0.026300 0.067400 0.173400 0.175000 0.158200 0.096500 0.191700 0.191400 0.095700 0.082100 0.111700 0.039700 0.096200 0.157300 0.105500 0.110500
LesserMous 0.192300 0.000000 0.174700 0.250300 0.174200 0.192300 0.177500 0.159700 0.190900 0.195200 0.193300 0.208400 0.144100 0.145100 0.207500 0.160100 0.144700 0.173800 0.144400 0.158300 0.207100 0.176300 0.177600 0.195300 0.210800 0.225700 0.144000 0.174100 0.176300 0.174100 0.194300 0.160300 0.159400 0.144000 0.144000 0.223800 0.191700 0.174700 0.227600 0.178500 0.177600 0.243400 0.195200 0.195300 0.207100 0.159800 0.193800 0.175300 0.208800 0.209500 0.190400 0.190800
LesserKudu 0.095900 0.174700 0.000000 0.176500 0.053500 0.095900 0.082500 0.111100 0.040100 0.175000 0.096300 0.054000 0.053800 0.054200 0.098000 0.068000 0.112000 0.140400 0.054000 0.013000 0.081800 0.081900 0.158200 0.174200 0.111100 0.096800 0.053700 0.026200 0.082300 0.026400 0.174300 0.040200 0.097100 0.053700 0.053700 0.067800 0.096100 0.053600 0.157100 0.190300 0.142300 0.111400 0.175000 0.174200 0.053800 0.040100 0.097100 0.053800 0.081900 0.142100 0.039400 0.039900
KillerWhal 0.227000 0.250300 0.176500 0.000000 0.209300 0.227000 0.248400 0.246000 0.228200 0.214500 0.228200 0.246200 0.211500 0.179300 0.280100 0.229000 0.178200 0.208200 0.208700 0.192900 0.244600 0.210600 0.196300 0.214000 0.246500 0.264200 0.211400 0.209700 0.246900 0.209700 0.213600 0.195300 0.112900 0.211400 0.211400 0.262600 0.226800 0.210000 0.303100 0.196200 0.179200 0.282800 0.214500 0.214000 0.244600 0.194600 0.230500 0.176700 0.246100 0.211200 0.227000 0.227200
DefassaWat 0.067200 0.174200 0.053500 0.209300 0.000000 0.067200 0.082300 0.081700 0.067700 0.112100 0.067500 0.067600 0.026400 0.054100 0.097700 0.067800 0.111700 0.109900 0.026500 0.039800 0.053400 0.053500 0.096800 0.111800 0.081700 0.067700 0.026400 0.053500 0.053800 0.053500 0.111600 0.040100 0.096700 0.026400 0.026400 0.067400 0.067300 0.026300 0.156500 0.126700 0.082100 0.081900 0.112100 0.111800 0.053400 0.040000 0.068000 0.026400 0.053500 0.111100 0.067500 0.039700
Sheep 0.000000 0.192300 0.095900 0.227000 0.067200 0.000000 0.097100 0.096400 0.110900 0.191700 0.026400 0.110900 0.039900 0.097300 0.112700 0.082100 0.127200 0.125000 0.034900 0.081400 0.095700 0.013100 0.174400 0.191400 0.013100 0.111100 0.039900 0.095800 0.067900 0.095800 0.190900 0.082300 0.141800 0.039900 0.039900 0.110300 0.026300 0.067400 0.173400 0.175000 0.158200 0.096500 0.191700 0.191400 0.095700 0.082100 0.111700 0.039700 0.096200 0.157300 0.105500 0.110500
MaxwellsDu 0.097100 0.177500 0.082500 0.248400 0.082300 0.097100 0.000000 0.112400 0.097400 0.210900 0.097600 0.112400 0.054400 0.054400 0.084200 0.068700 0.113300 0.141900 0.054600 0.068100 0.082500 0.082800 0.193000 0.210300 0.112700 0.127700 0.054300 0.082400 0.083100 0.082400 0.209900 0.040400 0.128200 0.054300 0.054300 0.126900 0.097100 0.054100 0.127700 0.193500 0.176100 0.143100 0.210900 0.210300 0.111800 0.040300 0.097500 0.082800 0.082700 0.175400 0.097000 0.097100
GazellaPrz 0.096400 0.159700 0.111100 0.246000 0.081700 0.096400 0.112400 0.000000 0.126600 0.175600 0.096800 0.126500 0.053900 0.083000 0.128500 0.039700 0.112400 0.110600 0.054200 0.096300 0.053000 0.082200 0.158700 0.175200 0.111800 0.067200 0.053900 0.111100 0.026300 0.111100 0.174800 0.097400 0.127000 0.053900 0.053900 0.125900 0.096400 0.081900 0.095600 0.159100 0.142800 0.081300 0.175600 0.175200 0.110900 0.097000 0.067500 0.082200 0.111400 0.142300 0.126100 0.126100
MountainNy 0.110900 0.190900 0.040100 0.228200 0.067700 0.110900 0.097400 0.126600 0.000000 0.192000 0.111400 0.068500 0.068100 0.068600 0.113600 0.082700 0.127700 0.156700 0.068400 0.026600 0.096900 0.096700 0.174600 0.190600 0.126400 0.112300 0.068000 0.013200 0.097300 0.013200 0.191100 0.054300 0.112600 0.068000 0.068000 0.082700 0.111400 0.067900 0.173500 0.207000 0.158300 0.127200 0.192000 0.190600 0.068200 0.054200 0.112400 0.068200 0.096900 0.158500 0.026400 0.026600
MuntiacusM 0.191700 0.195200 0.175000 0.214500 0.112100 0.191700 0.210900 0.175600 0.192000 0.000000 0.160600 0.191400 0.143900 0.145300 0.229600 0.192500 0.176100 0.173500 0.144700 0.158600 0.174300 0.175900 0.013300 0.055300 0.177300 0.191900 0.143900 0.174600 0.176000 0.174600 0.000000 0.160600 0.159900 0.143900 0.143900 0.190100 0.191400 0.143200 0.262400 0.069600 0.027100 0.208700 0.000000 0.055300 0.173900 0.160200 0.160900 0.143600 0.175500 0.175800 0.190900 0.158700
goat 0.026400 0.193300 0.096300 0.228200 0.067500 0.026400 0.097600 0.096800 0.111400 0.160600 0.000000 0.111400 0.040100 0.097700 0.113200 0.082500 0.127800 0.125600 0.034900 0.081700 0.096100 0.013100 0.143900 0.160300 0.013100 0.111500 0.040100 0.096100 0.068100 0.096100 0.159900 0.082700 0.142500 0.040100 0.040100 0.110800 0.026400 0.067600 0.174100 0.144400 0.128100 0.126600 0.160600 0.160300 0.096100 0.082500 0.112200 0.039900 0.096600 0.158000 0.107100 0.111000
AfricanBuf 0.110900 0.208400 0.054000 0.246200 0.067600 0.110900 0.112400 0.126500 0.068500 0.191400 0.111400 0.000000 0.068000 0.083000 0.128800 0.097200 0.143200 0.156400 0.068300 0.040200 0.096700 0.096700 0.174100 0.190200 0.126500 0.112100 0.068000 0.054100 0.097200 0.054100 0.191300 0.068400 0.127700 0.068000 0.068000 0.026600 0.111300 0.067800 0.189800 0.206700 0.157900 0.127000 0.191400 0.190200 0.013200 0.068200 0.112300 0.068100 0.096700 0.158300 0.068200 0.068100
Topi 0.039900 0.144100 0.053800 0.211500 0.026400 0.039900 0.054400 0.053900 0.068100 0.143900 0.040100 0.068000 0.000000 0.054500 0.069100 0.040300 0.083000 0.081600 0.000100 0.040000 0.053800 0.026500 0.127800 0.143500 0.054000 0.068100 0.000000 0.053800 0.026600 0.053800 0.143400 0.040400 0.097400 0.000000 0.000000 0.067800 0.040000 0.026500 0.126800 0.128000 0.112400 0.082400 0.143900 0.143500 0.053700 0.040300 0.068400 0.026500 0.053900 0.111900 0.061600 0.067800
CommonDuik 0.097300 0.145100 0.054200 0.179300 0.054100 0.097300 0.054400 0.083000 0.068600 0.145300 0.097700 0.083000 0.054500 0.000000 0.099200 0.068800 0.083500 0.111600 0.054700 0.040300 0.082600 0.083000 0.128900 0.144900 0.112800 0.097800 0.054400 0.054200 0.083300 0.054200 0.144600 0.013300 0.068900 0.054400 0.054400 0.097300 0.097300 0.026700 0.097600 0.160800 0.113400 0.112800 0.145300 0.144900 0.082700 0.013200 0.068600 0.054400 0.054300 0.112900 0.068300 0.068400
Suni 0.112700 0.207500 0.098000 0.280100 0.097700 0.112700 0.084200 0.128500 0.113600 0.229600 0.113200 0.128800 0.069100 0.099200 0.000000 0.083800 0.142100 0.171800 0.069400 0.083200 0.128200 0.098200 0.211100 0.228400 0.128600 0.113900 0.069100 0.098000 0.098700 0.098000 0.228500 0.084000 0.156300 0.069100 0.069100 0.143900 0.112900 0.098000 0.176100 0.211200 0.193700 0.129200 0.229600 0.228400 0.128200 0.092600 0.145200 0.098300 0.128400 0.176700 0.113100 0.113000
Springbuck 0.082100 0.160100 0.068000 0.229000 0.067800 0.082100 0.068700 0.039700 0.082700 0.192500 0.082500 0.097200 0.040300 0.068800 0.083800 0.000000 0.097900 0.126200 0.040400 0.053900 0.039600 0.068100 0.175200 0.191800 0.097100 0.052700 0.040200 0.068000 0.012900 0.068000 0.191700 0.054400 0.112500 0.040200 0.040200 0.111600 0.082300 0.068000 0.081500 0.175300 0.159000 0.067000 0.192500 0.191800 0.096800 0.054300 0.053700 0.068200 0.097000 0.158800 0.082400 0.082300
Okapi 0.127200 0.144700 0.112000 0.178200 0.111700 0.127200 0.113300 0.112400 0.127700 0.176100 0.127800 0.143200 0.083000 0.083500 0.142100 0.097900 0.000000 0.053700 0.083400 0.097100 0.142500 0.112500 0.159800 0.176200 0.143500 0.159100 0.082900 0.112000 0.112900 0.112000 0.175300 0.098000 0.068600 0.082900 0.082900 0.158200 0.127300 0.112000 0.159200 0.128300 0.143800 0.175100 0.176100 0.176200 0.142400 0.097700 0.160000 0.112400 0.142800 0.112300 0.127200 0.127200
Giraffe 0.125000 0.173800 0.140400 0.208200 0.109900 0.125000 0.141900 0.110600 0.156700 0.173500 0.125600 0.156400 0.081600 0.111600 0.171800 0.126200 0.053700 0.000000 0.082000 0.125200 0.140300 0.110600 0.156900 0.172800 0.140900 0.156600 0.081600 0.140400 0.111100 0.140400 0.172700 0.126200 0.096200 0.081600 0.081600 0.155600 0.125200 0.110200 0.188500 0.126000 0.141200 0.172200 0.173500 0.172800 0.140100 0.125900 0.157200 0.110700 0.140500 0.110600 0.156000 0.155800
TibetanAnt 0.034900 0.144400 0.054000 0.208700 0.026500 0.034900 0.054600 0.054200 0.068400 0.144700 0.034900 0.068300 0.000100 0.054700 0.069400 0.040400 0.083400 0.082000 0.000000 0.040100 0.054000 0.019400 0.128400 0.144200 0.049900 0.068400 0.000100 0.054000 0.026700 0.054000 0.144100 0.040500 0.097900 0.000100 0.000100 0.068000 0.035900 0.026600 0.127500 0.128600 0.112900 0.082800 0.144700 0.144200 0.053900 0.040500 0.068700 0.018100 0.054100 0.112500 0.060400 0.068100
Sitatunga 0.081400 0.158300 0.013000 0.192900 0.039800 0.081400 0.068100 0.096300 0.026600 0.158600 0.081700 0.040200 0.040000 0.040300 0.083200 0.053900 0.097100 0.125200 0.040100 0.000000 0.067700 0.067600 0.142200 0.157800 0.096200 0.082300 0.039900 0.013100 0.068000 0.013100 0.158000 0.026500 0.082500 0.039900 0.039900 0.053900 0.081600 0.039900 0.141300 0.173500 0.126700 0.096700 0.158600 0.157800 0.040000 0.026500 0.082400 0.040000 0.067600 0.126600 0.026200 0.026300
Oribi 0.095700 0.207100 0.081800 0.244600 0.053400 0.095700 0.082500 0.053000 0.096900 0.174300 0.096100 0.096700 0.053800 0.082600 0.128200 0.039600 0.142500 0.140300 0.054000 0.067700 0.000000 0.081800 0.157600 0.173400 0.110800 0.039600 0.053700 0.082000 0.026200 0.082000 0.173600 0.068100 0.127100 0.053700 0.053700 0.096400 0.096100 0.053600 0.124300 0.189300 0.141800 0.053200 0.174300 0.173400 0.081800 0.067900 0.039700 0.053800 0.081900 0.141900 0.096700 0.096400
BarbaryShe 0.013100 0.176300 0.081900 0.210600 0.053500 0.013100 0.082800 0.082200 0.096700 0.175900 0.013100 0.096700 0.026500 0.083000 0.098200 0.068100 0.112500 0.110600 0.019400 0.067600 0.081800 0.000000 0.158900 0.175400 0.026500 0.096800 0.026500 0.081800 0.054000 0.081800 0.175100 0.068300 0.127200 0.026500 0.026500 0.096200 0.013100 0.053700 0.158000 0.159300 0.142900 0.111600 0.175900 0.175400 0.081800 0.068100 0.097300 0.026400 0.082000 0.142300 0.090800 0.096300
Daviddeer 0.174400 0.177600 0.158200 0.196300 0.096800 0.174400 0.193000 0.158700 0.174600 0.013300 0.143900 0.174100 0.127800 0.128900 0.211100 0.175200 0.159800 0.156900 0.128400 0.142200 0.157600 0.158900 0.000000 0.040900 0.160100 0.174600 0.127700 0.157800 0.159100 0.157800 0.013400 0.143900 0.143300 0.127700 0.127700 0.173000 0.174200 0.127100 0.243200 0.054100 0.013400 0.191000 0.013200 0.041300 0.157200 0.143500 0.144200 0.127400 0.158600 0.158900 0.173700 0.142200
Reindeer 0.191400 0.195300 0.174200 0.214000 0.111800 0.191400 0.210300 0.175200 0.190600 0.055300 0.160300 0.190200 0.143500 0.144900 0.228400 0.191800 0.176200 0.172800 0.144200 0.157800 0.173400 0.175400 0.040900 0.000000 0.177100 0.190900 0.143400 0.173500 0.175400 0.173500 0.055200 0.160000 0.159000 0.143400 0.143400 0.188800 0.190700 0.142600 0.261900 0.041300 0.055000 0.207800 0.055300 0.000000 0.172900 0.159500 0.160300 0.142900 0.174900 0.141000 0.189600 0.157800
Ibex 0.013100 0.210800 0.111100 0.246500 0.081700 0.013100 0.112700 0.111800 0.126400 0.177300 0.013100 0.126500 0.054000 0.112800 0.128600 0.097100 0.143500 0.140900 0.049900 0.096200 0.110800 0.026500 0.160100 0.177100 0.000000 0.126600 0.054000 0.110800 0.082500 0.110800 0.176600 0.097400 0.158200 0.054000 0.054000 0.125700 0.039900 0.081900 0.190800 0.160900 0.144000 0.111800 0.177300 0.177100 0.110900 0.097200 0.127500 0.053700 0.111500 0.174300 0.122400 0.126000
GyrantGaze 0.111100 0.225700 0.096800 0.264200 0.067700 0.111100 0.127700 0.067200 0.112300 0.191900 0.111500 0.112100 0.068100 0.097800 0.113900 0.052700 0.159100 0.156600 0.068400 0.082300 0.039600 0.096800 0.174600 0.190900 0.126600 0.000000 0.068100 0.097000 0.039700 0.097000 0.191000 0.082900 0.143200 0.068100 0.068100 0.111700 0.111400 0.067900 0.140200 0.207200 0.158400 0.013100 0.191900 0.190900 0.096800 0.082700 0.053700 0.068200 0.096900 0.158400 0.111900 0.111700
Hartebeest 0.039900 0.144000 0.053700 0.211400 0.026400 0.039900 0.054300 0.053900 0.068000 0.143900 0.040100 0.068000 0.000000 0.054400 0.069100 0.040200 0.082900 0.081600 0.000100 0.039900 0.053700 0.026500 0.127700 0.143400 0.054000 0.068100 0.000000 0.053700 0.026600 0.053700 0.143300 0.040300 0.097400 0.000000 0.000000 0.067700 0.040000 0.026500 0.126800 0.127900 0.112300 0.082400 0.143900 0.143400 0.053700 0.040300 0.068400 0.026500 0.053900 0.111900 0.061000 0.067800
Bongo 0.095800 0.174100 0.026200 0.209700 0.053500 0.095800 0.082400 0.111100 0.013200 0.174600 0.096100 0.054100 0.053800 0.054200 0.098000 0.068000 0.112000 0.140400 0.054000 0.013100 0.082000 0.081800 0.157800 0.173500 0.110800 0.097000 0.053700 0.000000 0.082400 0.000000 0.173900 0.040200 0.097200 0.053700 0.053700 0.068000 0.096100 0.053600 0.156800 0.189500 0.141900 0.111600 0.174600 0.173500 0.053900 0.040100 0.097100 0.053900 0.081900 0.142100 0.013100 0.013100
Gerenuk 0.067900 0.176300 0.082300 0.246900 0.053800 0.067900 0.083100 0.026300 0.097300 0.176000 0.068100 0.097200 0.026600 0.083300 0.098700 0.012900 0.112900 0.111100 0.026700 0.068000 0.026200 0.054000 0.159100 0.175400 0.082500 0.039700 0.026600 0.082400 0.000000 0.082400 0.175300 0.068600 0.127800 0.026600 0.026600 0.096800 0.068000 0.053900 0.095900 0.159300 0.143200 0.053400 0.176000 0.175400 0.082200 0.068400 0.040000 0.054100 0.082500 0.142900 0.097000 0.096900
CommonElan 0.095800 0.174100 0.026400 0.209700 0.053500 0.095800 0.082400 0.111100 0.013200 0.174600 0.096100 0.054100 0.053800 0.054200 0.098000 0.068000 0.112000 0.140400 0.054000 0.013100 0.082000 0.081800 0.157800 0.173500 0.110800 0.097000 0.053700 0.000000 0.082400 0.000000 0.173900 0.040200 0.097200 0.053700 0.053700 0.068000 0.096100 0.053600 0.156800 0.189500 0.141900 0.111600 0.174600 0.173500 0.053900 0.040100 0.097100 0.053900 0.081900 0.142100 0.013100 0.013100
MuntiacusR 0.190900 0.194300 0.174300 0.213600 0.111600 0.190900 0.209900 0.174800 0.191100 0.000000 0.159900 0.191300 0.143400 0.144600 0.228500 0.191700 0.175300 0.172700 0.144100 0.158000 0.173600 0.175100 0.013400 0.055200 0.176600 0.191000 0.143300 0.173900 0.175300 0.173900 0.000000 0.159800 0.159200 0.143300 0.143300 0.189900 0.190600 0.142500 0.261300 0.069500 0.027100 0.207700 0.000000 0.055200 0.173800 0.159400 0.160100 0.142900 0.174700 0.175000 0.190100 0.158000
HarveysDui 0.082300 0.160300 0.040200 0.195300 0.040100 0.082300 0.040400 0.097400 0.054300 0.160600 0.082700 0.068400 0.040400 0.013300 0.084000 0.054400 0.098000 0.126200 0.040500 0.026500 0.068100 0.068300 0.143900 0.160000 0.097400 0.082900 0.040300 0.040200 0.068600 0.040200 0.159800 0.000000 0.083200 0.040300 0.040300 0.082400 0.082400 0.013200 0.112200 0.176000 0.128100 0.097500 0.160600 0.160000 0.068100 0.000100 0.054200 0.040300 0.040200 0.127700 0.054100 0.054100
Pronghorn 0.141800 0.159400 0.097100 0.112900 0.096700 0.141800 0.128200 0.127000 0.112600 0.159900 0.142500 0.127700 0.097400 0.068900 0.156300 0.112500 0.068600 0.096200 0.097900 0.082500 0.127100 0.127200 0.143300 0.159000 0.158200 0.143200 0.097400 0.097200 0.127800 0.097200 0.159200 0.083200 0.000000 0.097400 0.097400 0.142600 0.142200 0.097100 0.174200 0.142900 0.127600 0.158800 0.159900 0.159000 0.127100 0.083000 0.143700 0.097400 0.127200 0.097200 0.112200 0.112000
BlueWildeb 0.039900 0.144000 0.053700 0.211400 0.026400 0.039900 0.054300 0.053900 0.068000 0.143900 0.040100 0.068000 0.000000 0.054400 0.069100 0.040200 0.082900 0.081600 0.000100 0.039900 0.053700 0.026500 0.127700 0.143400 0.054000 0.068100 0.000000 0.053700 0.026600 0.053700 0.143300 0.040300 0.097400 0.000000 0.000000 0.067700 0.040000 0.026500 0.126800 0.127900 0.112300 0.082400 0.143900 0.143400 0.053700 0.040300 0.068400 0.026500 0.053900 0.111900 0.061000 0.067800
Gemsbok 0.039900 0.144000 0.053700 0.211400 0.026400 0.039900 0.054300 0.053900 0.068000 0.143900 0.040100 0.068000 0.000000 0.054400 0.069100 0.040200 0.082900 0.081600 0.000100 0.039900 0.053700 0.026500 0.127700 0.143400 0.054000 0.068100 0.000000 0.053700 0.026600 0.053700 0.143300 0.040300 0.097400 0.000000 0.000000 0.067700 0.040000 0.026500 0.126800 0.127900 0.112300 0.082400 0.143900 0.143400 0.053700 0.040300 0.068400 0.026500 0.053900 0.111900 0.061000 0.067800
Yak 0.110300 0.223800 0.067800 0.262600 0.067400 0.110300 0.126900 0.125900 0.082700 0.190100 0.110800 0.026600 0.067800 0.097300 0.143900 0.111600 0.158200 0.155600 0.068000 0.053900 0.096400 0.096200 0.173000 0.188800 0.125700 0.111700 0.067700 0.068000 0.096800 0.068000 0.189900 0.082400 0.142600 0.067700 0.067700 0.000000 0.110800 0.067500 0.205300 0.205000 0.156800 0.126500 0.190100 0.188800 0.013000 0.082200 0.111900 0.067800 0.081800 0.157500 0.082400 0.082200
BlueSheep 0.026300 0.191700 0.096100 0.226800 0.067300 0.026300 0.097100 0.096400 0.111400 0.191400 0.026400 0.111300 0.040000 0.097300 0.112900 0.082300 0.127300 0.125200 0.035900 0.081600 0.096100 0.013100 0.174200 0.190700 0.039900 0.111400 0.040000 0.096100 0.068000 0.096100 0.190600 0.082400 0.142200 0.040000 0.040000 0.110800 0.000000 0.067500 0.173300 0.174300 0.158000 0.126300 0.191400 0.190700 0.096000 0.082200 0.111800 0.039800 0.096300 0.157500 0.106500 0.110800
BohorReedb 0.067400 0.174700 0.053600 0.210000 0.026300 0.067400 0.054100 0.081900 0.067900 0.143200 0.067600 0.067800 0.026500 0.026700 0.098000 0.068000 0.112000 0.110200 0.026600 0.039900 0.053600 0.053700 0.127100 0.142600 0.081900 0.067900 0.026500 0.053600 0.053900 0.053600 0.142500 0.013200 0.097100 0.026500 0.026500 0.067500 0.067500 0.000000 0.126000 0.158100 0.111800 0.082100 0.143200 0.142600 0.053500 0.013200 0.040200 0.026500 0.026400 0.111500 0.067600 0.067600
KirksDik 0.173400 0.227600 0.157100 0.303100 0.156500 0.173400 0.127700 0.095600 0.173500 0.262400 0.174100 0.189800 0.126800 0.097600 0.176100 0.081500 0.159200 0.188500 0.127500 0.141300 0.124300 0.158000 0.243200 0.261900 0.190800 0.140200 0.126800 0.156800 0.095900 0.156800 0.261300 0.112200 0.174200 0.126800 0.126800 0.205300 0.173300 0.126000 0.000000 0.243900 0.225500 0.155700 0.262400 0.261900 0.188800 0.111800 0.110700 0.157700 0.157500 0.224700 0.172800 0.172900
RoeDeer 0.175000 0.178500 0.190300 0.196200 0.126700 0.175000 0.193500 0.159100 0.207000 0.069600 0.144400 0.206700 0.128000 0.160800 0.211200 0.175300 0.128300 0.126000 0.128600 0.173500 0.189300 0.159300 0.054100 0.041300 0.160900 0.207200 0.127900 0.189500 0.159300 0.189500 0.069500 0.176000 0.142900 0.127900 0.127900 0.205000 0.174300 0.158100 0.243900 0.000000 0.069300 0.224500 0.069600 0.040900 0.188900 0.175500 0.176400 0.158500 0.191100 0.158700 0.205900 0.173600
WhiteLippe 0.158200 0.177600 0.142300 0.179200 0.082100 0.158200 0.176100 0.142800 0.158300 0.027100 0.128100 0.157900 0.112400 0.113400 0.193700 0.159000 0.143800 0.141200 0.112900 0.126700 0.141800 0.142900 0.013400 0.055000 0.144000 0.158400 0.112300 0.141900 0.143200 0.141900 0.027100 0.128100 0.127600 0.112300 0.112300 0.156800 0.158000 0.111800 0.225500 0.069300 0.000000 0.174400 0.027100 0.055000 0.141400 0.127800 0.128400 0.112100 0.142600 0.143000 0.157500 0.126700
ThomsonGaz 0.096500 0.243400 0.111400 0.282800 0.081900 0.096500 0.143100 0.081300 0.127200 0.208700 0.126600 0.127000 0.082400 0.112800 0.129200 0.067000 0.175100 0.172200 0.082800 0.096700 0.053200 0.111600 0.191000 0.207800 0.111800 0.013100 0.082400 0.111600 0.053400 0.111600 0.207700 0.097500 0.158800 0.082400 0.082400 0.126500 0.126300 0.082100 0.155700 0.224500 0.174400 0.000000 0.208700 0.207800 0.111400 0.097200 0.067600 0.082400 0.111600 0.174300 0.126700 0.126600
MuntiacusC 0.191700 0.195200 0.175000 0.214500 0.112100 0.191700 0.210900 0.175600 0.192000 0.000000 0.160600 0.191400 0.143900 0.145300 0.229600 0.192500 0.176100 0.173500 0.144700 0.158600 0.174300 0.175900 0.013200 0.055300 0.177300 0.191900 0.143900 0.174600 0.176000 0.174600 0.000000 0.160600 0.159900 0.143900 0.143900 0.190100 0.191400 0.143200 0.262400 0.069600 0.027100 0.208700 0.000000 0.055300 0.173900 0.160200 0.160900 0.143600 0.175500 0.175800 0.190900 0.158700
WhiteTaile 0.191400 0.195300 0.174200 0.214000 0.111800 0.191400 0.210300 0.175200 0.190600 0.055300 0.160300 0.190200 0.143500 0.144900 0.228400 0.191800 0.176200 0.172800 0.144200 0.157800 0.173400 0.175400 0.041300 0.000000 0.177100 0.190900 0.143400 0.173500 0.175400 0.173500 0.055200 0.160000 0.159000 0.143400 0.143400 0.188800 0.190700 0.142600 0.261900 0.040900 0.055000 0.207800 0.055300 0.000000 0.172900 0.159500 0.160300 0.142900 0.174900 0.141000 0.189600 0.157800
Cattle 0.095700 0.207100 0.053800 0.244600 0.053400 0.095700 0.111800 0.110900 0.068200 0.173900 0.096100 0.013200 0.053700 0.082700 0.128200 0.096800 0.142400 0.140100 0.053900 0.040000 0.081800 0.081800 0.157200 0.172900 0.110900 0.096800 0.053700 0.053900 0.082200 0.053900 0.173800 0.068100 0.127100 0.053700 0.053700 0.013000 0.096000 0.053500 0.188800 0.188900 0.141400 0.111400 0.173900 0.172900 0.000000 0.067900 0.097000 0.053800 0.081800 0.141800 0.068000 0.067800
RoyalAntel 0.082100 0.159800 0.040100 0.194600 0.040000 0.082100 0.040300 0.097000 0.054200 0.160200 0.082500 0.068200 0.040300 0.013200 0.092600 0.054300 0.097700 0.125900 0.040500 0.026500 0.067900 0.068100 0.143500 0.159500 0.097200 0.082700 0.040300 0.040100 0.068400 0.040100 0.159400 0.000100 0.083000 0.040300 0.040300 0.082200 0.082200 0.013200 0.111800 0.175500 0.127800 0.097200 0.160200 0.159500 0.067900 0.000000 0.054100 0.040200 0.040100 0.127400 0.054000 0.053900
Steenbok 0.111700 0.193800 0.097100 0.230500 0.068000 0.111700 0.097500 0.067500 0.112400 0.160900 0.112200 0.112300 0.068400 0.068600 0.145200 0.053700 0.160000 0.157200 0.068700 0.082400 0.039700 0.097300 0.144200 0.160300 0.127500 0.053700 0.068400 0.097100 0.040000 0.097100 0.160100 0.054200 0.143700 0.068400 0.068400 0.111900 0.111800 0.040200 0.110700 0.176400 0.128400 0.067600 0.160900 0.160300 0.097000 0.054100 0.000000 0.068300 0.068200 0.159100 0.112000 0.112000
Impala 0.039700 0.175300 0.053800 0.176700 0.026400 0.039700 0.082800 0.082200 0.068200 0.143600 0.039900 0.068100 0.026500 0.054400 0.098300 0.068200 0.112400 0.110700 0.018100 0.040000 0.053800 0.026400 0.127400 0.142900 0.053700 0.068200 0.026500 0.053900 0.054100 0.053900 0.142900 0.040300 0.097400 0.026500 0.026500 0.067800 0.039800 0.026500 0.157700 0.158500 0.112100 0.082400 0.143600 0.142900 0.053800 0.040200 0.068300 0.000000 0.053800 0.111900 0.067900 0.067900
Klipspring 0.096200 0.208800 0.081900 0.246100 0.053500 0.096200 0.082700 0.111400 0.096900 0.175500 0.096600 0.096700 0.053900 0.054300 0.128400 0.097000 0.142800 0.140500 0.054100 0.067600 0.081900 0.082000 0.158600 0.174900 0.111500 0.096900 0.053900 0.081900 0.082500 0.081900 0.174700 0.040200 0.127200 0.053900 0.053900 0.081800 0.096300 0.026400 0.157500 0.191100 0.142600 0.111600 0.175500 0.174900 0.081800 0.040100 0.068200 0.053800 0.000000 0.142300 0.096500 0.096400
ForestMusk 0.157300 0.209500 0.142100 0.211200 0.111100 0.157300 0.175400 0.142300 0.158500 0.175800 0.158000 0.158300 0.111900 0.112900 0.176700 0.158800 0.112300 0.110600 0.112500 0.126600 0.141900 0.142300 0.158900 0.141000 0.174300 0.158400 0.111900 0.142100 0.142900 0.142100 0.175000 0.127700 0.097200 0.111900 0.111900 0.157500 0.157500 0.111500 0.224700 0.158700 0.143000 0.174300 0.175800 0.141000 0.141800 0.127400 0.159100 0.111900 0.142300 0.000000 0.157900 0.157700
Bushbuck 0.105500 0.190400 0.039400 0.227000 0.067500 0.105500 0.097000 0.126100 0.026400 0.190900 0.107100 0.068200 0.061600 0.068300 0.113100 0.082400 0.127200 0.156000 0.060400 0.026200 0.096700 0.090800 0.173700 0.189600 0.122400 0.111900 0.061000 0.013100 0.097000 0.013100 0.190100 0.054100 0.112200 0.061000 0.061000 0.082400 0.106500 0.067600 0.172800 0.205900 0.157500 0.126700 0.190900 0.189600 0.068000 0.054000 0.112000 0.067900 0.096500 0.157900 0.000000 0.026300
GreaterKud 0.110500 0.190800 0.039900 0.227200 0.039700 0.110500 0.097100 0.126100 0.026600 0.158700 0.111000 0.068100 0.067800 0.068400 0.113000 0.082300 0.127200 0.155800 0.068100 0.026300 0.096400 0.096300 0.142200 0.157800 0.126000 0.111700 0.067800 0.013100 0.096900 0.013100 0.158000 0.054100 0.112000 0.067800 0.067800 0.082200 0.110800 0.067600 0.172900 0.173600 0.126700 0.126600 0.158700 0.157800 0.067800 0.053900 0.112000 0.067900 0.096400 0.157700 0.026300 0.000000
