1
52 1
Argali 0.000000 0.160200 0.073400 0.167800 0.063900 0.012900 0.088000 0.078300 0.068700 0.078600 0.017700 0.068800 0.045100 0.073500 0.078000 0.068600 0.093400 0.088200 0.035800 0.068700 0.088000 0.017700 0.074100 0.088600 0.017700 0.088300 0.045100 0.068700 0.068700 0.068700 0.073700 0.078300 0.112700 0.045100 0.049900 0.083000 0.017700 0.068700 0.073500 0.083800 0.069300 0.064000 0.083400 0.073700 0.078100 0.083200 0.093300 0.078200 0.087800 0.088100 0.063900 0.063900
LesserMous 0.160200 0.000000 0.164700 0.143700 0.175100 0.165700 0.181100 0.164700 0.159400 0.185500 0.171100 0.170300 0.169400 0.169900 0.153900 0.159200 0.143800 0.137900 0.175700 0.159400 0.154300 0.165600 0.169900 0.186200 0.171100 0.170600 0.180200 0.159400 0.159400 0.159400 0.179900 0.186300 0.158700 0.180200 0.185800 0.153800 0.171100 0.175400 0.148800 0.169800 0.164600 0.164700 0.190900 0.191100 0.169600 0.191800 0.181200 0.164400 0.159200 0.169800 0.154100 0.154000
LesserKudu 0.073400 0.164700 0.000000 0.150800 0.039100 0.068600 0.049400 0.031100 0.004300 0.092100 0.063900 0.044800 0.053800 0.035700 0.049200 0.049300 0.082900 0.073000 0.054200 0.004300 0.040100 0.073400 0.077900 0.097200 0.063900 0.049500 0.053800 0.004400 0.040100 0.004300 0.087100 0.040300 0.096800 0.050600 0.058500 0.044700 0.063900 0.040100 0.044700 0.087500 0.073100 0.035600 0.087100 0.068100 0.058600 0.058700 0.059100 0.058500 0.054000 0.049500 0.008700 0.008500
KillerWhal 0.167800 0.143700 0.150800 0.000000 0.161300 0.184200 0.188700 0.161500 0.145600 0.171600 0.178900 0.161700 0.188100 0.166700 0.182500 0.166500 0.145700 0.166200 0.183500 0.145600 0.166800 0.173200 0.166900 0.177600 0.178900 0.162000 0.188100 0.145600 0.166800 0.145600 0.176900 0.172400 0.176800 0.188100 0.188300 0.161100 0.178900 0.172200 0.166700 0.166700 0.161500 0.161400 0.176900 0.177100 0.177200 0.172200 0.188900 0.171800 0.161200 0.150700 0.140300 0.150800
DefassaWat 0.063900 0.175100 0.039100 0.161300 0.000000 0.059100 0.054100 0.044800 0.044700 0.097000 0.045200 0.040200 0.049200 0.049400 0.063100 0.063200 0.078100 0.077800 0.045000 0.044700 0.053900 0.063800 0.073300 0.092500 0.045200 0.058800 0.049200 0.044700 0.054000 0.044700 0.092000 0.044900 0.082300 0.049200 0.053900 0.058600 0.045200 0.017600 0.058600 0.082900 0.068500 0.046300 0.092000 0.063500 0.063200 0.058600 0.073300 0.063200 0.053900 0.054100 0.040100 0.049100
Sheep 0.012900 0.165700 0.068600 0.184200 0.059100 0.000000 0.083000 0.073400 0.073400 0.093200 0.013200 0.073500 0.040500 0.068600 0.073300 0.073300 0.093300 0.083200 0.031200 0.073400 0.073500 0.022100 0.078900 0.093500 0.012900 0.083300 0.040500 0.073400 0.063800 0.073400 0.088200 0.073400 0.107600 0.040500 0.045200 0.087800 0.013200 0.054500 0.068600 0.088600 0.074000 0.059200 0.088200 0.078500 0.082900 0.078300 0.088300 0.073300 0.092600 0.083100 0.068600 0.068600
MaxwellsDu 0.088000 0.181100 0.049400 0.188700 0.054100 0.083000 0.000000 0.035700 0.054100 0.107100 0.068700 0.058900 0.058700 0.035500 0.054100 0.054100 0.097800 0.077500 0.059000 0.054100 0.044900 0.078200 0.083100 0.092800 0.068700 0.054400 0.058700 0.054100 0.044900 0.054100 0.102100 0.031000 0.092300 0.058700 0.058700 0.068200 0.068700 0.054100 0.049500 0.092800 0.078300 0.040300 0.102100 0.073100 0.072900 0.087400 0.054500 0.063400 0.072900 0.072700 0.049500 0.058700
GazellaPrz 0.078300 0.164700 0.031100 0.161500 0.044800 0.073400 0.035700 0.000000 0.035700 0.097400 0.059300 0.049600 0.049400 0.040300 0.054000 0.026600 0.078100 0.078000 0.049600 0.035700 0.017600 0.068600 0.073500 0.092800 0.059300 0.026700 0.049400 0.035700 0.017600 0.035700 0.092400 0.035700 0.077900 0.049400 0.054100 0.049500 0.059300 0.044800 0.022100 0.083100 0.068800 0.013200 0.092400 0.063700 0.063400 0.073000 0.035800 0.049400 0.058800 0.058800 0.031100 0.040200
MountainNy 0.068700 0.159400 0.004300 0.145600 0.044700 0.073400 0.054100 0.035700 0.000000 0.087300 0.068700 0.049500 0.058500 0.040300 0.053900 0.053900 0.083000 0.077800 0.058900 0.000000 0.044900 0.078200 0.073200 0.092400 0.068700 0.054200 0.058400 0.000000 0.044700 0.000000 0.082400 0.044900 0.102200 0.058400 0.063200 0.049400 0.068700 0.044700 0.049400 0.082700 0.068400 0.040200 0.092100 0.063400 0.063300 0.063500 0.063800 0.063200 0.058700 0.054200 0.004300 0.004400
MuntiacusM 0.078600 0.185500 0.092100 0.171600 0.097000 0.093200 0.107100 0.097400 0.087300 0.000000 0.088400 0.087400 0.087200 0.097200 0.101600 0.101700 0.117000 0.111500 0.078300 0.087300 0.106900 0.088100 0.049700 0.049600 0.088400 0.112300 0.077700 0.087300 0.092100 0.087300 0.004400 0.102200 0.126300 0.077700 0.092200 0.106700 0.088400 0.097000 0.106800 0.040200 0.045100 0.097100 0.004400 0.040200 0.111500 0.116800 0.122300 0.111700 0.116500 0.107200 0.082500 0.092100
goat 0.017700 0.171100 0.063900 0.178900 0.045200 0.013200 0.068700 0.059300 0.068700 0.088400 0.000000 0.059300 0.026800 0.063900 0.068500 0.059200 0.078800 0.068900 0.017700 0.068700 0.068800 0.017100 0.064600 0.079000 0.000000 0.069000 0.026800 0.068700 0.049900 0.068700 0.083400 0.059300 0.092900 0.026800 0.031400 0.073500 0.000000 0.049800 0.054500 0.074200 0.059800 0.045300 0.083400 0.064200 0.068600 0.073400 0.073900 0.059200 0.078200 0.078300 0.063900 0.063900
AfricanBuf 0.068800 0.170300 0.044800 0.161700 0.040200 0.073500 0.058900 0.049600 0.049500 0.087400 0.059300 0.000000 0.049300 0.045000 0.049300 0.044800 0.078300 0.068400 0.040500 0.049500 0.058800 0.068700 0.068600 0.082600 0.059300 0.054300 0.040200 0.049500 0.044900 0.049500 0.082500 0.040400 0.082500 0.040200 0.054000 0.035500 0.059300 0.040300 0.049500 0.078200 0.063900 0.044900 0.082500 0.063600 0.037700 0.063500 0.068800 0.058700 0.044900 0.054200 0.044900 0.046000
Topi 0.045100 0.169400 0.053800 0.188100 0.049200 0.040500 0.058700 0.049400 0.058500 0.087200 0.026800 0.049300 0.000000 0.053900 0.058300 0.049200 0.087500 0.049400 0.017700 0.058500 0.058500 0.045100 0.063700 0.077900 0.026800 0.058300 0.008700 0.058500 0.040100 0.058500 0.082300 0.049400 0.091800 0.008500 0.021500 0.053800 0.026800 0.049300 0.044700 0.073200 0.059000 0.035600 0.082300 0.054000 0.049200 0.072600 0.063700 0.049200 0.067800 0.068000 0.053800 0.053800
CommonDuik 0.073500 0.169900 0.035700 0.166700 0.049400 0.068600 0.035500 0.040300 0.040300 0.097200 0.063900 0.045000 0.053900 0.000000 0.058600 0.049400 0.088000 0.063300 0.054200 0.040300 0.049500 0.063800 0.083000 0.092700 0.063900 0.040400 0.053900 0.040300 0.040300 0.040300 0.092200 0.013100 0.082500 0.053900 0.054000 0.044900 0.063900 0.049500 0.035700 0.082900 0.078100 0.035700 0.092200 0.073000 0.049400 0.054200 0.054500 0.049300 0.058800 0.058700 0.035700 0.044900
Suni 0.078000 0.153900 0.049200 0.182500 0.063100 0.073300 0.054100 0.054000 0.053900 0.101600 0.068500 0.049300 0.058300 0.058600 0.000000 0.044600 0.102200 0.092000 0.058800 0.053900 0.053900 0.077900 0.087500 0.106900 0.068500 0.063400 0.058300 0.053900 0.053900 0.053900 0.096600 0.054000 0.106500 0.058300 0.063100 0.058500 0.068500 0.053900 0.058500 0.097100 0.082600 0.049300 0.096600 0.077400 0.063000 0.086900 0.078000 0.063100 0.072500 0.082300 0.058500 0.058500
Springbuck 0.068600 0.159200 0.049300 0.166500 0.063200 0.073300 0.054100 0.026600 0.053900 0.101700 0.059200 0.044800 0.049200 0.049400 0.044600 0.000000 0.082600 0.082500 0.049600 0.053900 0.035500 0.059000 0.087600 0.102200 0.059200 0.035600 0.049200 0.053900 0.017200 0.053900 0.096800 0.044900 0.082300 0.049200 0.053900 0.046200 0.059200 0.063300 0.022000 0.097300 0.082800 0.022000 0.096800 0.077600 0.063200 0.082300 0.040400 0.058500 0.058600 0.077600 0.049300 0.049300
Okapi 0.093400 0.143800 0.082900 0.145700 0.078100 0.093300 0.097800 0.078100 0.083000 0.117000 0.078800 0.078300 0.087500 0.088000 0.102200 0.082600 0.000000 0.054300 0.088200 0.083000 0.077900 0.098200 0.083000 0.097300 0.078800 0.092700 0.087500 0.083000 0.073100 0.083000 0.111800 0.083300 0.082600 0.087500 0.092500 0.092700 0.078800 0.078100 0.077900 0.092600 0.078200 0.077900 0.116900 0.102200 0.097500 0.107400 0.092700 0.097400 0.078100 0.083100 0.078100 0.078100
Giraffe 0.088200 0.137900 0.073000 0.166200 0.077800 0.083200 0.077500 0.078000 0.077800 0.111500 0.068900 0.068400 0.049400 0.063300 0.092000 0.082500 0.054300 0.000000 0.068600 0.077800 0.087500 0.088100 0.077800 0.092200 0.068900 0.082400 0.058700 0.077800 0.073000 0.077800 0.106400 0.068200 0.077400 0.058700 0.068200 0.063500 0.068900 0.077800 0.068200 0.077700 0.073000 0.068300 0.106400 0.096800 0.058800 0.087500 0.092600 0.072900 0.077800 0.068400 0.073000 0.073000
TibetanAnt 0.035800 0.175700 0.054200 0.183500 0.045000 0.031200 0.059000 0.049600 0.058900 0.078300 0.017700 0.040500 0.017700 0.054200 0.058800 0.049600 0.088200 0.068600 0.000000 0.058900 0.059000 0.035800 0.054800 0.069000 0.017700 0.059200 0.008800 0.058900 0.040400 0.058900 0.073400 0.049600 0.092500 0.008800 0.022200 0.063600 0.017200 0.049600 0.045000 0.064300 0.050100 0.035800 0.073400 0.045200 0.058900 0.073100 0.064000 0.049600 0.068300 0.068400 0.054200 0.054200
Sitatunga 0.068700 0.159400 0.004300 0.145600 0.044700 0.073400 0.054100 0.035700 0.000000 0.087300 0.068700 0.049500 0.058500 0.040300 0.053900 0.053900 0.083000 0.077800 0.058900 0.000000 0.044700 0.078200 0.073200 0.092400 0.068700 0.054200 0.058300 0.000000 0.044700 0.000000 0.082400 0.044900 0.101800 0.058400 0.063200 0.049400 0.068700 0.044700 0.049400 0.082700 0.068400 0.040200 0.092100 0.063400 0.063300 0.063400 0.063800 0.063200 0.058700 0.054200 0.004300 0.004400
Oribi 0.088000 0.154300 0.040100 0.166800 0.053900 0.073500 0.044900 0.017600 0.044900 0.106900 0.068800 0.058800 0.058500 0.049500 0.053900 0.035500 0.077900 0.087500 0.059000 0.044700 0.000000 0.078200 0.082900 0.102400 0.068800 0.035700 0.058500 0.044700 0.026400 0.044700 0.101800 0.044900 0.087300 0.058500 0.063300 0.058700 0.068800 0.044800 0.031000 0.092600 0.078100 0.022000 0.101800 0.072900 0.072700 0.082400 0.045000 0.058600 0.058700 0.068200 0.040200 0.049500
BarbaryShe 0.017700 0.165600 0.073400 0.173200 0.063800 0.022100 0.078200 0.068600 0.078200 0.088100 0.017100 0.068700 0.045100 0.063800 0.077900 0.059000 0.098200 0.088100 0.035800 0.078200 0.078200 0.000000 0.083600 0.098300 0.017300 0.078500 0.045100 0.078200 0.059100 0.078200 0.083200 0.068600 0.092700 0.045100 0.049800 0.082900 0.017700 0.068600 0.054400 0.093400 0.078800 0.054500 0.083200 0.083300 0.078000 0.083000 0.083400 0.078100 0.078000 0.087900 0.073400 0.073400
Daviddeer 0.074100 0.169900 0.077900 0.166900 0.073300 0.078900 0.083100 0.073500 0.073200 0.049700 0.064600 0.068600 0.063700 0.083000 0.087500 0.087600 0.083000 0.077800 0.054800 0.073200 0.082900 0.083600 0.000000 0.045300 0.064600 0.088100 0.054400 0.073200 0.078000 0.073200 0.045000 0.078300 0.102000 0.054400 0.068600 0.077900 0.064600 0.068500 0.082900 0.035200 0.004400 0.073300 0.051000 0.045100 0.082600 0.102200 0.088000 0.087600 0.102100 0.083100 0.068400 0.078000
Reindeer 0.088600 0.186200 0.097200 0.177600 0.092500 0.093500 0.092800 0.092800 0.092400 0.049600 0.079000 0.082600 0.077900 0.092700 0.106900 0.102200 0.097300 0.092200 0.069000 0.092400 0.102400 0.098300 0.045300 0.000000 0.079000 0.107700 0.068400 0.092400 0.082800 0.092400 0.054200 0.088000 0.097100 0.068400 0.082900 0.107100 0.079000 0.092500 0.097400 0.026800 0.040600 0.092600 0.054200 0.026100 0.111900 0.122100 0.102800 0.107200 0.117000 0.092800 0.087500 0.092400
Ibex 0.017700 0.171100 0.063900 0.178900 0.045200 0.012900 0.068700 0.059300 0.068700 0.088400 0.000000 0.059300 0.026800 0.063900 0.068500 0.059200 0.078800 0.068900 0.017700 0.068700 0.068800 0.017300 0.064600 0.079000 0.000000 0.069000 0.026800 0.068700 0.049900 0.068700 0.083400 0.059300 0.092900 0.026800 0.031400 0.073500 0.000000 0.049800 0.054500 0.074200 0.059800 0.045300 0.083400 0.064200 0.068600 0.073400 0.073900 0.059200 0.078200 0.078300 0.063900 0.063900
GyrantGaze 0.088300 0.170600 0.049500 0.162000 0.058800 0.083300 0.054400 0.026700 0.054200 0.112300 0.069000 0.054300 0.058300 0.040400 0.063400 0.035600 0.092700 0.082400 0.059200 0.054200 0.035700 0.078500 0.088100 0.107700 0.069000 0.000000 0.058700 0.054200 0.026600 0.054200 0.107200 0.045100 0.077700 0.058700 0.063500 0.049500 0.069000 0.058800 0.021400 0.088000 0.083200 0.021300 0.107200 0.078000 0.063500 0.068300 0.049800 0.049100 0.058700 0.073200 0.049500 0.058800
Hartebeest 0.045100 0.180200 0.053800 0.188100 0.049200 0.040500 0.058700 0.049400 0.058400 0.077700 0.026800 0.040200 0.008700 0.053900 0.058300 0.049200 0.087500 0.058700 0.008800 0.058300 0.058500 0.045100 0.054400 0.068400 0.026800 0.058700 0.000000 0.058400 0.040100 0.058400 0.072800 0.049400 0.091800 0.000000 0.022000 0.063100 0.026800 0.049200 0.044600 0.063700 0.049700 0.035600 0.072800 0.044800 0.058400 0.072600 0.063700 0.049200 0.067800 0.068000 0.053800 0.053800
Bongo 0.068700 0.159400 0.004400 0.145600 0.044700 0.073400 0.054100 0.035700 0.000000 0.087300 0.068700 0.049500 0.058500 0.040300 0.053900 0.053900 0.083000 0.077800 0.058900 0.000000 0.044700 0.078200 0.073200 0.092400 0.068700 0.054200 0.058400 0.000000 0.044700 0.000000 0.082400 0.044900 0.101800 0.058400 0.063200 0.049300 0.068700 0.044700 0.049400 0.082700 0.068400 0.039800 0.092100 0.063500 0.063300 0.063400 0.063800 0.063200 0.058700 0.054200 0.004400 0.004400
Gerenuk 0.068700 0.159400 0.040100 0.166800 0.054000 0.063800 0.044900 0.017600 0.044700 0.092100 0.049900 0.044900 0.040100 0.040300 0.053900 0.017200 0.073100 0.073000 0.040400 0.044700 0.026400 0.059100 0.078000 0.082800 0.049900 0.026600 0.040100 0.044700 0.000000 0.044700 0.087200 0.035700 0.072900 0.040100 0.044700 0.049400 0.049900 0.054000 0.012800 0.078000 0.073300 0.012900 0.087200 0.058800 0.063300 0.063300 0.031200 0.049500 0.058700 0.068200 0.040200 0.040100
CommonElan 0.068700 0.159400 0.004300 0.145600 0.044700 0.073400 0.054100 0.035700 0.000000 0.087300 0.068700 0.049500 0.058500 0.040300 0.053900 0.053900 0.083000 0.077800 0.058900 0.000000 0.044700 0.078200 0.073200 0.092400 0.068700 0.054200 0.058400 0.000000 0.044700 0.000000 0.082400 0.044900 0.101800 0.058400 0.063200 0.049400 0.068700 0.044700 0.049400 0.082700 0.068400 0.040200 0.092100 0.063400 0.063300 0.063400 0.063800 0.063200 0.058700 0.054200 0.004400 0.004300
MuntiacusR 0.073700 0.179900 0.087100 0.176900 0.092000 0.088200 0.102100 0.092400 0.082400 0.004400 0.083400 0.082500 0.082300 0.092200 0.096600 0.096800 0.111800 0.106400 0.073400 0.082400 0.101800 0.083200 0.045000 0.054200 0.083400 0.107200 0.072800 0.082400 0.087200 0.082400 0.000000 0.097200 0.121100 0.072800 0.087300 0.101900 0.083400 0.092000 0.101800 0.045000 0.040400 0.092100 0.008800 0.044800 0.106400 0.111700 0.117100 0.106600 0.111400 0.102100 0.077600 0.087100
HarveysDui 0.078300 0.186300 0.040300 0.172400 0.044900 0.073400 0.031000 0.035700 0.044900 0.102200 0.059300 0.040400 0.049400 0.013100 0.054000 0.044900 0.083300 0.068200 0.049600 0.044900 0.044900 0.068600 0.078300 0.088000 0.059300 0.045100 0.049400 0.044900 0.035700 0.044900 0.097200 0.000000 0.087500 0.049400 0.049500 0.049600 0.059300 0.044900 0.040300 0.088000 0.073500 0.031200 0.097200 0.068400 0.054100 0.068300 0.049900 0.054100 0.063500 0.063400 0.040300 0.049500
Pronghorn 0.112700 0.158700 0.096800 0.176800 0.082300 0.107600 0.092300 0.077900 0.102200 0.126300 0.092900 0.082500 0.091800 0.082500 0.106500 0.082300 0.082600 0.077400 0.092500 0.101800 0.087300 0.092700 0.102000 0.097100 0.092900 0.077700 0.091800 0.101800 0.072900 0.101800 0.121100 0.087500 0.000000 0.091800 0.096800 0.096800 0.092900 0.082300 0.058700 0.092100 0.097100 0.077700 0.121100 0.101500 0.101600 0.101600 0.092400 0.087000 0.082200 0.073000 0.096900 0.096800
BlueWildeb 0.045100 0.180200 0.050600 0.188100 0.049200 0.040500 0.058700 0.049400 0.058400 0.077700 0.026800 0.040200 0.008500 0.053900 0.058300 0.049200 0.087500 0.058700 0.008800 0.058400 0.058500 0.045100 0.054400 0.068400 0.026800 0.058700 0.000000 0.058400 0.040100 0.058400 0.072800 0.049400 0.091800 0.000000 0.022000 0.063100 0.026800 0.049200 0.044600 0.063700 0.049700 0.035600 0.072800 0.044800 0.058400 0.072600 0.063700 0.046500 0.067800 0.068000 0.053800 0.053800
Gemsbok 0.049900 0.185800 0.058500 0.188300 0.053900 0.045200 0.058700 0.054100 0.063200 0.092200 0.031400 0.054000 0.021500 0.054000 0.063100 0.053900 0.092500 0.068200 0.022200 0.063200 0.063300 0.049800 0.068600 0.082900 0.031400 0.063500 0.022000 0.063200 0.044700 0.063200 0.087300 0.049500 0.096800 0.022000 0.000000 0.058600 0.031400 0.054000 0.049300 0.078100 0.063800 0.040200 0.087300 0.058800 0.063200 0.077500 0.068500 0.053900 0.072600 0.063500 0.058600 0.058500
Yak 0.083000 0.153800 0.044700 0.161100 0.058600 0.087800 0.068200 0.049500 0.049400 0.106700 0.073500 0.035500 0.053800 0.044900 0.058500 0.046200 0.092700 0.063500 0.063600 0.049400 0.058700 0.082900 0.077900 0.107100 0.073500 0.049500 0.063100 0.049300 0.049400 0.049400 0.101900 0.049600 0.096800 0.063100 0.058600 0.000000 0.073500 0.054000 0.044800 0.087500 0.082700 0.044800 0.101600 0.082700 0.021900 0.058700 0.063800 0.058500 0.054000 0.072900 0.044800 0.054000
BlueSheep 0.017700 0.171100 0.063900 0.178900 0.045200 0.013200 0.068700 0.059300 0.068700 0.088400 0.000000 0.059300 0.026800 0.063900 0.068500 0.059200 0.078800 0.068900 0.017200 0.068700 0.068800 0.017700 0.064600 0.079000 0.000000 0.069000 0.026800 0.068700 0.049900 0.068700 0.083400 0.059300 0.092900 0.026800 0.031400 0.073500 0.000000 0.049800 0.054500 0.074200 0.059800 0.045300 0.083400 0.064200 0.068600 0.073400 0.073900 0.059200 0.078200 0.078300 0.063900 0.063900
BohorReedb 0.068700 0.175400 0.040100 0.172200 0.017600 0.054500 0.054100 0.044800 0.044700 0.097000 0.049800 0.040300 0.049300 0.049500 0.053900 0.063300 0.078100 0.077800 0.049600 0.044700 0.044800 0.068600 0.068500 0.092500 0.049800 0.058800 0.049200 0.044700 0.054000 0.044700 0.092000 0.044900 0.082300 0.049200 0.054000 0.054000 0.049800 0.000000 0.058600 0.082800 0.068500 0.049600 0.092000 0.063400 0.058600 0.054000 0.068600 0.063200 0.054000 0.054100 0.040200 0.049300
KirksDik 0.073500 0.148800 0.044700 0.166700 0.058600 0.068600 0.049500 0.022100 0.049400 0.106800 0.054500 0.049500 0.044700 0.035700 0.058500 0.022000 0.077900 0.068200 0.045000 0.049400 0.031000 0.054400 0.082900 0.097400 0.054500 0.021400 0.044600 0.049400 0.012800 0.049400 0.101800 0.040300 0.058700 0.044600 0.049300 0.044800 0.054500 0.058600 0.000000 0.082800 0.078000 0.017100 0.101800 0.072700 0.058600 0.068000 0.035800 0.044700 0.044700 0.072900 0.044800 0.044700
RoeDeer 0.083800 0.169800 0.087500 0.166700 0.082900 0.088600 0.092800 0.083100 0.082700 0.040200 0.074200 0.078200 0.073200 0.082900 0.097100 0.097300 0.092600 0.077700 0.064300 0.082700 0.092600 0.093400 0.035200 0.026800 0.074200 0.088000 0.063700 0.082700 0.078000 0.082700 0.045000 0.088000 0.092100 0.063700 0.078100 0.087500 0.074200 0.082800 0.082800 0.000000 0.031500 0.082900 0.045000 0.026000 0.092200 0.102200 0.107700 0.087500 0.102000 0.092700 0.077900 0.087500
WhiteLippe 0.069300 0.164600 0.073100 0.161500 0.068500 0.074000 0.078300 0.068800 0.068400 0.045100 0.059800 0.063900 0.059000 0.078100 0.082600 0.082800 0.078200 0.073000 0.050100 0.068400 0.078100 0.078800 0.004400 0.040600 0.059800 0.083200 0.049700 0.068400 0.073300 0.068400 0.040400 0.073500 0.097100 0.049700 0.063800 0.082700 0.059800 0.068500 0.078000 0.031500 0.000000 0.068600 0.048300 0.040500 0.087400 0.107200 0.092900 0.082800 0.097200 0.078200 0.063700 0.073100
ThomsonGaz 0.064000 0.164700 0.035600 0.161400 0.046300 0.059200 0.040300 0.013200 0.040200 0.097100 0.045300 0.044900 0.035600 0.035700 0.049300 0.022000 0.077900 0.068300 0.035800 0.040200 0.022000 0.054500 0.073300 0.092600 0.045300 0.021300 0.035600 0.039800 0.012900 0.040200 0.092100 0.031200 0.077700 0.035600 0.040200 0.044800 0.045300 0.049600 0.017100 0.082900 0.068600 0.000000 0.092100 0.063500 0.049300 0.058700 0.035800 0.035600 0.063400 0.054200 0.035600 0.044700
MuntiacusC 0.083400 0.190900 0.087100 0.176900 0.092000 0.088200 0.102100 0.092400 0.092100 0.004400 0.083400 0.082500 0.082300 0.092200 0.096600 0.096800 0.116900 0.106400 0.073400 0.092100 0.101800 0.083200 0.051000 0.054200 0.083400 0.107200 0.072800 0.092100 0.087200 0.092100 0.008800 0.097200 0.121100 0.072800 0.087300 0.101600 0.083400 0.092000 0.101800 0.045000 0.048300 0.092100 0.000000 0.044800 0.106400 0.111700 0.117100 0.106600 0.111400 0.102100 0.087200 0.096900
WhiteTaile 0.073700 0.191100 0.068100 0.177100 0.063500 0.078500 0.073100 0.063700 0.063400 0.040200 0.064200 0.063600 0.054000 0.073000 0.077400 0.077600 0.102200 0.096800 0.045200 0.063400 0.072900 0.083300 0.045100 0.026100 0.064200 0.078000 0.044800 0.063500 0.058800 0.063400 0.044800 0.068400 0.101500 0.044800 0.058800 0.082700 0.064200 0.063400 0.072700 0.026000 0.040500 0.063500 0.044800 0.000000 0.087100 0.092100 0.087600 0.077600 0.092000 0.092400 0.058700 0.068100
Cattle 0.078100 0.169600 0.058600 0.177200 0.063200 0.082900 0.072900 0.063400 0.063300 0.111500 0.068600 0.037700 0.049200 0.049400 0.063000 0.063200 0.097500 0.058800 0.058900 0.063300 0.072700 0.078000 0.082600 0.111900 0.068600 0.063500 0.058400 0.063300 0.063300 0.063300 0.106400 0.054100 0.101600 0.058400 0.063200 0.021900 0.068600 0.058600 0.058600 0.092200 0.087400 0.049300 0.106400 0.087100 0.000000 0.058600 0.078100 0.053800 0.054000 0.068100 0.058600 0.068000
RoyalAntel 0.083200 0.191800 0.058700 0.172200 0.058600 0.078300 0.087400 0.073000 0.063500 0.116800 0.073400 0.063500 0.072600 0.054200 0.086900 0.082300 0.107400 0.087500 0.073100 0.063400 0.082400 0.083000 0.102200 0.122100 0.073400 0.068300 0.072600 0.063400 0.063300 0.063400 0.111700 0.068300 0.101600 0.072600 0.077500 0.058700 0.073400 0.054000 0.068000 0.102200 0.107200 0.058700 0.111700 0.092100 0.058600 0.000000 0.087900 0.067900 0.067700 0.068300 0.058700 0.068100
Steenbok 0.093300 0.181200 0.059100 0.188900 0.073300 0.088300 0.054500 0.035800 0.063800 0.122300 0.073900 0.068800 0.063700 0.054500 0.078000 0.040400 0.092700 0.092600 0.064000 0.063800 0.045000 0.083400 0.088000 0.102800 0.073900 0.049800 0.063700 0.063800 0.031200 0.063800 0.117100 0.049900 0.092400 0.063700 0.068500 0.063800 0.073900 0.068600 0.035800 0.107700 0.092900 0.035800 0.117100 0.087600 0.078100 0.087900 0.000000 0.073300 0.078200 0.087800 0.059100 0.059100
Impala 0.078200 0.164400 0.058500 0.171800 0.063200 0.073300 0.063400 0.049400 0.063200 0.111700 0.059200 0.058700 0.049200 0.049300 0.063100 0.058500 0.097400 0.072900 0.049600 0.063200 0.058600 0.078100 0.087600 0.107200 0.059200 0.049100 0.049200 0.063200 0.049500 0.063200 0.106600 0.054100 0.087000 0.046500 0.053900 0.058500 0.059200 0.063200 0.044700 0.087500 0.082800 0.035600 0.106600 0.077600 0.053800 0.067900 0.073300 0.000000 0.071900 0.063400 0.058500 0.067900
Klipspring 0.087800 0.159200 0.054000 0.161200 0.053900 0.092600 0.072900 0.058800 0.058700 0.116500 0.078200 0.044900 0.067800 0.058800 0.072500 0.058600 0.078100 0.077800 0.068300 0.058700 0.058700 0.078000 0.102100 0.117000 0.078200 0.058700 0.067800 0.058700 0.058700 0.058700 0.111400 0.063500 0.082200 0.067800 0.072600 0.054000 0.078200 0.054000 0.044700 0.102000 0.097200 0.063400 0.111400 0.092000 0.054000 0.067700 0.078200 0.071900 0.000000 0.072800 0.054000 0.054000
ForestMusk 0.088100 0.169800 0.049500 0.150700 0.054100 0.083100 0.072700 0.058800 0.054200 0.107200 0.078300 0.054200 0.068000 0.058700 0.082300 0.077600 0.083100 0.068400 0.068400 0.054200 0.068200 0.087900 0.083100 0.092800 0.078300 0.073200 0.068000 0.054200 0.068200 0.054200 0.102100 0.063400 0.073000 0.068000 0.063500 0.072900 0.078300 0.054100 0.072900 0.092700 0.078200 0.054200 0.102100 0.092400 0.068100 0.068300 0.087800 0.063400 0.072800 0.000000 0.049500 0.058800
Bushbuck 0.063900 0.154100 0.008700 0.140300 0.040100 0.068600 0.049500 0.031100 0.004300 0.082500 0.063900 0.044900 0.053800 0.035700 0.058500 0.049300 0.078100 0.073000 0.054200 0.004300 0.040200 0.073400 0.068400 0.087500 0.063900 0.049500 0.053800 0.004400 0.040200 0.004400 0.077600 0.040300 0.096900 0.053800 0.058600 0.044800 0.063900 0.040200 0.044800 0.077900 0.063700 0.035600 0.087200 0.058700 0.058600 0.058700 0.059100 0.058500 0.054000 0.049500 0.000000 0.008600
GreaterKud 0.063900 0.154000 0.008500 0.150800 0.049100 0.068600 0.058700 0.040200 0.004400 0.092100 0.063900 0.046000 0.053800 0.044900 0.058500 0.049300 0.078100 0.073000 0.054200 0.004400 0.049500 0.073400 0.078000 0.092400 0.063900 0.058800 0.053800 0.004400 0.040100 0.004300 0.087100 0.049500 0.096800 0.053800 0.058500 0.054000 0.063900 0.049300 0.044700 0.087500 0.073100 0.044700 0.096900 0.068100 0.068000 0.068100 0.059100 0.067900 0.054000 0.058800 0.008600 0.000000
