CODONML (in paml version 4.10.7, June 2023)  /home/rachel/ruminants_paml/6406-phy-tree/ENSBTAT00000023094.fasta.phy
Model: free dN/dS Ratios for branches,  kappa = 2.000 fixed

Codon frequency model: F3x4
ns =  54  ls = 162

Codon usage in sequences
--------------------------------------------------------------------------------------------------------------------------------------
Phe TTT   1   1   1   1   1   1 | Ser TCT   0   0   0   0   0   0 | Tyr TAT   2   0   2   1   3   4 | Cys TGT   0   0   0   0   0   0
    TTC   2   2   2   2   2   2 |     TCC   1   1   1   1   1   1 |     TAC   9  11   9  10   8   7 |     TGC   0   0   0   0   0   0
Leu TTA   0   0   0   0   0   0 |     TCA   0   0   0   0   0   0 | *** TAA   0   0   0   0   0   0 | *** TGA   0   0   0   0   0   0
    TTG   0   0   0   0   0   0 |     TCG   1   1   1   1   1   1 |     TAG   0   0   0   0   0   0 | Trp TGG   0   0   0   0   0   0
--------------------------------------------------------------------------------------------------------------------------------------
Leu CTT   1   1   1   1   1   1 | Pro CCT   8   7   8   8   8   8 | His CAT   1   1   1   1   1   1 | Arg CGT   4   4   4   4   4   4
    CTC   0   0   0   0   0   0 |     CCC   4   5   4   4   4   4 |     CAC   0   0   0   0   0   0 |     CGC   9   9   9   9   9   9
    CTA   0   0   0   0   0   0 |     CCA   6   6   6   6   6   6 | Gln CAA   6   6   6   6   4   6 |     CGA   1   1   1   1   1   2
    CTG   0   0   0   0   0   0 |     CCG   0   0   0   0   0   0 |     CAG  10  10  10  10  12  10 |     CGG   4   4   4   4   4   3
--------------------------------------------------------------------------------------------------------------------------------------
Ile ATT   0   0   0   0   0   0 | Thr ACT   1   1   1   1   1   1 | Asn AAT   7   8   7   7   7   8 | Ser AGT   4   4   4   4   4   5
    ATC   0   0   0   0   0   0 |     ACC   1   1   1   1   1   1 |     AAC   5   4   5   5   5   4 |     AGC   1   1   1   1   1   0
    ATA   0   0   0   0   0   0 |     ACA   1   1   1   1   1   1 | Lys AAA   1   1   1   2   1   1 | Arg AGA   4   4   4   3   3   4
Met ATG   2   2   2   2   2   2 |     ACG   0   0   0   0   0   0 |     AAG   4   4   4   3   4   4 |     AGG   4   4   4   5   5   4
--------------------------------------------------------------------------------------------------------------------------------------
Val GTT   3   2   3   2   3   3 | Ala GCT   3   3   3   3   3   3 | Asp GAT   4   3   4   4   5   4 | Gly GGT   4   5   4   4   4   4
    GTC   0   0   0   1   0   0 |     GCC   1   1   1   1   1   1 |     GAC   2   3   2   2   1   2 |     GGC   6   5   6   6   6   6
    GTA   1   1   1   1   1   2 |     GCA   3   3   3   3   3   3 | Glu GAA   6   5   6   6   6   6 |     GGA   6   6   6   6   6   6
    GTG   4   5   4   4   4   3 |     GCG   1   1   1   1   1   1 |     GAG  10  11  10  10  10  10 |     GGG   3   3   3   3   3   3
--------------------------------------------------------------------------------------------------------------------------------------

--------------------------------------------------------------------------------------------------------------------------------------
Phe TTT   1   1   1   2   1   1 | Ser TCT   0   0   0   0   0   0 | Tyr TAT   1   2   2   1   2   2 | Cys TGT   0   0   0   0   0   0
    TTC   2   2   2   1   2   2 |     TCC   1   1   1   1   1   1 |     TAC  10   9   9  10   9   9 |     TGC   0   0   0   0   0   0
Leu TTA   0   0   0   0   0   0 |     TCA   0   0   0   0   0   0 | *** TAA   0   0   0   0   0   0 | *** TGA   0   0   0   0   0   0
    TTG   0   0   0   0   0   0 |     TCG   1   1   1   1   1   1 |     TAG   0   0   0   0   0   0 | Trp TGG   0   0   0   0   0   0
--------------------------------------------------------------------------------------------------------------------------------------
Leu CTT   1   1   1   1   1   1 | Pro CCT   7   8   8   8   8   8 | His CAT   1   1   1   1   1   1 | Arg CGT   3   4   4   4   4   4
    CTC   0   0   0   0   0   0 |     CCC   5   4   5   4   4   4 |     CAC   0   0   0   0   0   0 |     CGC  10   9   9   9   9   9
    CTA   0   0   0   0   0   0 |     CCA   5   6   5   6   6   6 | Gln CAA   4   6   6   6   6   7 |     CGA   0   1   1   1   1   1
    CTG   0   0   0   0   0   0 |     CCG   1   0   0   0   0   0 |     CAG  12  10  10  10  10   9 |     CGG   5   4   4   4   4   4
--------------------------------------------------------------------------------------------------------------------------------------
Ile ATT   0   0   0   0   0   0 | Thr ACT   1   1   1   1   1   1 | Asn AAT   5   7   6   7   7   8 | Ser AGT   4   4   4   4   4   4
    ATC   0   0   0   0   0   0 |     ACC   1   1   1   1   1   1 |     AAC   6   5   6   5   5   4 |     AGC   1   1   1   1   1   1
    ATA   0   0   0   0   0   0 |     ACA   1   1   1   1   1   1 | Lys AAA   1   1   1   2   1   1 | Arg AGA   4   4   4   4   4   3
Met ATG   2   2   2   2   2   2 |     ACG   1   0   0   0   0   0 |     AAG   4   4   4   3   4   4 |     AGG   4   4   4   4   4   5
--------------------------------------------------------------------------------------------------------------------------------------
Val GTT   3   3   3   3   3   3 | Ala GCT   3   3   3   3   3   3 | Asp GAT   4   4   4   4   4   4 | Gly GGT   4   4   4   4   4   4
    GTC   0   0   0   0   0   0 |     GCC   1   1   1   1   1   1 |     GAC   2   2   2   2   2   2 |     GGC   6   6   6   6   6   6
    GTA   1   1   1   1   1   1 |     GCA   4   3   3   3   3   3 | Glu GAA   6   6   6   6   6   6 |     GGA   4   6   6   6   6   6
    GTG   4   4   4   4   4   4 |     GCG   1   1   1   1   1   1 |     GAG  10  10  10  10  10  10 |     GGG   4   3   3   3   3   3
--------------------------------------------------------------------------------------------------------------------------------------

--------------------------------------------------------------------------------------------------------------------------------------
Phe TTT   1   1   1   1   1   2 | Ser TCT   0   0   0   0   0   0 | Tyr TAT   2   2   2   2   2   2 | Cys TGT   0   0   0   0   0   0
    TTC   2   2   2   2   2   1 |     TCC   1   1   1   1   1   1 |     TAC   9   9   9   9   9   9 |     TGC   0   0   0   0   0   0
Leu TTA   0   0   0   0   0   0 |     TCA   0   0   0   0   0   0 | *** TAA   0   0   0   0   0   0 | *** TGA   0   0   0   0   0   0
    TTG   0   0   0   0   0   0 |     TCG   1   1   1   1   1   1 |     TAG   0   0   0   0   0   0 | Trp TGG   0   0   0   0   0   0
--------------------------------------------------------------------------------------------------------------------------------------
Leu CTT   1   1   1   1   1   1 | Pro CCT   8   8   8   8   8   8 | His CAT   1   1   1   1   1   1 | Arg CGT   4   4   4   4   4   4
    CTC   0   0   0   0   0   0 |     CCC   4   4   4   4   4   4 |     CAC   0   0   0   0   0   0 |     CGC   9   9   9   9   9   9
    CTA   0   0   0   0   0   0 |     CCA   6   6   6   6   6   6 | Gln CAA   6   6   5   6   6   6 |     CGA   1   1   1   1   1   1
    CTG   0   0   0   0   0   0 |     CCG   0   0   0   0   0   0 |     CAG  10  10  11  10  10  10 |     CGG   4   4   4   4   4   4
--------------------------------------------------------------------------------------------------------------------------------------
Ile ATT   0   0   0   0   0   0 | Thr ACT   1   1   1   1   1   1 | Asn AAT   7   5   7   6   7   7 | Ser AGT   4   4   4   4   4   4
    ATC   0   0   0   0   0   0 |     ACC   1   1   1   1   1   1 |     AAC   5   7   5   6   5   5 |     AGC   1   1   1   1   1   1
    ATA   0   0   0   0   0   0 |     ACA   1   1   1   1   1   1 | Lys AAA   1   1   1   1   1   2 | Arg AGA   4   4   4   4   4   4
Met ATG   2   2   2   2   2   2 |     ACG   0   0   0   0   0   0 |     AAG   4   4   4   4   4   3 |     AGG   4   4   4   4   4   4
--------------------------------------------------------------------------------------------------------------------------------------
Val GTT   3   3   3   3   3   3 | Ala GCT   3   3   3   3   3   3 | Asp GAT   4   4   3   4   4   4 | Gly GGT   4   4   4   4   4   4
    GTC   0   0   0   0   0   0 |     GCC   1   1   1   1   1   1 |     GAC   2   2   3   2   2   2 |     GGC   6   6   6   6   6   6
    GTA   1   1   1   1   1   1 |     GCA   3   3   3   3   3   3 | Glu GAA   6   6   6   6   6   6 |     GGA   6   6   6   6   6   6
    GTG   4   4   4   4   4   4 |     GCG   1   1   1   1   1   1 |     GAG  10  10  10  10  10  10 |     GGG   3   3   3   3   3   3
--------------------------------------------------------------------------------------------------------------------------------------

--------------------------------------------------------------------------------------------------------------------------------------
Phe TTT   1   1   1   1   2   1 | Ser TCT   0   0   0   0   0   0 | Tyr TAT   3   3   2   2   2   2 | Cys TGT   0   0   0   0   0   0
    TTC   2   2   2   2   1   2 |     TCC   1   1   1   1   1   1 |     TAC   8   8   9   9   9   9 |     TGC   0   0   0   0   0   0
Leu TTA   0   0   0   0   0   0 |     TCA   0   0   0   0   0   0 | *** TAA   0   0   0   0   0   0 | *** TGA   0   0   0   0   0   0
    TTG   0   0   0   0   0   0 |     TCG   1   1   1   1   1   1 |     TAG   0   0   0   0   0   0 | Trp TGG   0   0   0   0   0   0
--------------------------------------------------------------------------------------------------------------------------------------
Leu CTT   1   1   1   1   1   1 | Pro CCT   8   8   8   8   8   8 | His CAT   1   1   1   1   1   1 | Arg CGT   4   4   4   4   4   4
    CTC   0   0   0   0   0   0 |     CCC   4   4   4   4   4   4 |     CAC   0   0   0   0   0   0 |     CGC   9   9   9   9   9   9
    CTA   0   0   0   0   0   0 |     CCA   6   6   6   6   6   6 | Gln CAA   6   6   6   6   6   6 |     CGA   1   1   1   1   1   1
    CTG   0   0   0   0   0   0 |     CCG   0   0   0   0   0   0 |     CAG  10  10   9  10  10  10 |     CGG   4   4   4   4   4   4
--------------------------------------------------------------------------------------------------------------------------------------
Ile ATT   0   0   0   0   0   0 | Thr ACT   1   1   1   1   1   1 | Asn AAT   8   9   7   7   7   7 | Ser AGT   4   4   4   4   4   4
    ATC   0   0   0   0   0   0 |     ACC   1   1   1   1   1   1 |     AAC   4   4   5   5   5   5 |     AGC   1   1   1   1   1   1
    ATA   0   1   0   0   0   0 |     ACA   1   1   1   1   1   1 | Lys AAA   1   1   1   1   1   1 | Arg AGA   4   4   4   4   4   4
Met ATG   2   2   2   2   2   2 |     ACG   0   0   0   0   0   0 |     AAG   4   5   3   4   4   4 |     AGG   4   4   5   4   4   4
--------------------------------------------------------------------------------------------------------------------------------------
Val GTT   3   3   3   3   3   3 | Ala GCT   3   3   3   3   3   3 | Asp GAT   4   3   4   4   4   4 | Gly GGT   4   4   4   4   4   4
    GTC   0   0   0   0   0   0 |     GCC   1   1   1   1   1   1 |     GAC   2   2   2   2   2   2 |     GGC   6   6   6   6   6   6
    GTA   1   1   1   1   1   1 |     GCA   3   3   3   3   3   3 | Glu GAA   6   4   6   6   6   6 |     GGA   6   6   6   6   6   6
    GTG   4   4   4   4   4   4 |     GCG   1   1   1   1   1   1 |     GAG  10  10  10  10  10  10 |     GGG   3   3   4   3   3   3
--------------------------------------------------------------------------------------------------------------------------------------

--------------------------------------------------------------------------------------------------------------------------------------
Phe TTT   1   1   1   2   1   1 | Ser TCT   0   0   0   0   0   0 | Tyr TAT   2   2   2   2   2   2 | Cys TGT   0   0   0   0   0   0
    TTC   2   2   2   1   2   2 |     TCC   1   1   1   1   1   1 |     TAC   9   8   9   9   9   9 |     TGC   0   1   0   0   0   0
Leu TTA   0   0   0   0   0   0 |     TCA   0   0   0   0   0   0 | *** TAA   0   0   0   0   0   0 | *** TGA   0   0   0   0   0   0
    TTG   0   0   0   0   0   0 |     TCG   1   1   1   1   1   1 |     TAG   0   0   0   0   0   0 | Trp TGG   0   0   0   0   0   0
--------------------------------------------------------------------------------------------------------------------------------------
Leu CTT   1   1   1   1   1   1 | Pro CCT   8   8   8   8   8   8 | His CAT   1   1   1   1   1   1 | Arg CGT   4   4   4   4   4   4
    CTC   0   0   0   0   0   0 |     CCC   4   4   4   4   4   4 |     CAC   0   0   0   0   0   0 |     CGC   9   9   9   9   9   9
    CTA   0   0   0   0   0   0 |     CCA   6   5   6   6   6   6 | Gln CAA   7   7   6   6   5   6 |     CGA   1   1   1   1   1   1
    CTG   0   0   0   0   0   0 |     CCG   0   1   0   0   0   0 |     CAG   9   9  10  10  11  10 |     CGG   4   4   4   4   4   4
--------------------------------------------------------------------------------------------------------------------------------------
Ile ATT   0   0   0   0   0   0 | Thr ACT   1   1   1   1   1   1 | Asn AAT   8   8   7   7   7   7 | Ser AGT   4   4   4   4   4   4
    ATC   0   0   0   0   0   0 |     ACC   1   1   1   1   1   1 |     AAC   4   4   5   5   5   5 |     AGC   1   1   1   1   1   1
    ATA   0   0   0   0   0   0 |     ACA   1   1   1   1   1   1 | Lys AAA   1   1   1   2   1   1 | Arg AGA   3   3   4   4   4   4
Met ATG   2   2   2   2   2   2 |     ACG   0   0   0   0   0   0 |     AAG   4   4   4   3   4   4 |     AGG   5   5   4   4   4   4
--------------------------------------------------------------------------------------------------------------------------------------
Val GTT   3   3   3   3   3   3 | Ala GCT   3   3   3   3   3   3 | Asp GAT   4   3   4   4   3   4 | Gly GGT   4   3   4   4   4   4
    GTC   0   0   0   0   0   0 |     GCC   1   1   1   1   1   1 |     GAC   2   4   2   2   3   2 |     GGC   6   7   6   6   6   6
    GTA   1   1   1   1   1   1 |     GCA   3   3   3   3   3   3 | Glu GAA   6   3   5   6   6   6 |     GGA   6   6   6   6   6   6
    GTG   4   4   4   4   4   4 |     GCG   1   1   1   1   1   1 |     GAG  10  12  11  10  10  10 |     GGG   3   3   3   3   3   3
--------------------------------------------------------------------------------------------------------------------------------------

--------------------------------------------------------------------------------------------------------------------------------------
Phe TTT   2   1   1   1   1   1 | Ser TCT   0   0   0   0   0   0 | Tyr TAT   2   2   2   2   2   2 | Cys TGT   0   0   0   0   0   0
    TTC   1   2   2   2   2   2 |     TCC   1   1   1   1   1   1 |     TAC   9   9   9   9   9   9 |     TGC   0   0   0   0   0   0
Leu TTA   0   0   0   0   0   0 |     TCA   0   0   0   0   0   0 | *** TAA   0   0   0   0   0   0 | *** TGA   0   0   0   0   0   0
    TTG   0   0   0   0   0   0 |     TCG   1   1   1   1   1   1 |     TAG   0   0   0   0   0   0 | Trp TGG   0   0   0   0   0   0
--------------------------------------------------------------------------------------------------------------------------------------
Leu CTT   1   1   1   1   1   1 | Pro CCT   8   7   8   8   8   8 | His CAT   1   1   1   1   1   1 | Arg CGT   4   4   4   4   4   4
    CTC   0   0   0   0   0   0 |     CCC   4   4   4   4   4   4 |     CAC   0   0   0   0   0   0 |     CGC   9   8   9   9   9   9
    CTA   0   0   0   0   0   0 |     CCA   6   6   6   6   6   6 | Gln CAA   6   6   7   6   6   5 |     CGA   1   1   1   1   1   1
    CTG   0   0   0   0   0   0 |     CCG   0   0   0   0   0   0 |     CAG  10  10   9  10  10  11 |     CGG   4   5   4   4   4   4
--------------------------------------------------------------------------------------------------------------------------------------
Ile ATT   0   0   0   0   0   0 | Thr ACT   1   2   1   1   1   1 | Asn AAT   7   7   8   6   8   7 | Ser AGT   4   4   4   4   5   4
    ATC   0   0   0   0   0   0 |     ACC   1   1   1   1   1   1 |     AAC   5   5   4   6   4   5 |     AGC   1   1   1   1   0   1
    ATA   0   0   0   0   0   0 |     ACA   1   1   1   1   1   1 | Lys AAA   2   1   1   1   1   1 | Arg AGA   4   4   3   4   4   4
Met ATG   2   2   2   2   2   2 |     ACG   0   0   0   0   0   0 |     AAG   3   4   4   4   4   4 |     AGG   4   4   5   4   4   4
--------------------------------------------------------------------------------------------------------------------------------------
Val GTT   3   3   3   3   2   3 | Ala GCT   3   3   3   3   3   3 | Asp GAT   4   4   4   4   4   3 | Gly GGT   4   4   4   4   4   4
    GTC   1   0   0   0   1   0 |     GCC   1   1   1   1   1   1 |     GAC   2   2   2   2   2   3 |     GGC   6   6   6   6   7   6
    GTA   1   1   1   1   1   1 |     GCA   3   3   3   3   3   3 | Glu GAA   7   6   6   6   6   6 |     GGA   6   6   6   6   5   6
    GTG   3   4   4   4   4   4 |     GCG   1   1   1   1   1   1 |     GAG   9  10  10  10  10  10 |     GGG   3   3   3   3   3   3
--------------------------------------------------------------------------------------------------------------------------------------

--------------------------------------------------------------------------------------------------------------------------------------
Phe TTT   1   1   1   1   2   1 | Ser TCT   0   0   0   0   0   0 | Tyr TAT   2   1   2   2   2   2 | Cys TGT   0   0   0   0   0   0
    TTC   2   2   2   2   1   2 |     TCC   1   1   1   1   1   1 |     TAC   9  10   9   9   9   9 |     TGC   0   1   0   0   0   0
Leu TTA   0   0   0   0   0   0 |     TCA   0   0   0   0   0   0 | *** TAA   0   0   0   0   0   0 | *** TGA   0   0   0   0   0   0
    TTG   0   0   0   0   0   0 |     TCG   1   1   1   1   1   1 |     TAG   0   0   0   0   0   0 | Trp TGG   0   1   0   0   0   0
--------------------------------------------------------------------------------------------------------------------------------------
Leu CTT   1   1   1   1   1   1 | Pro CCT   7   8   8   8   8   8 | His CAT   1   1   1   1   1   1 | Arg CGT   4   5   4   4   4   4
    CTC   0   0   0   0   0   0 |     CCC   4   4   4   4   4   4 |     CAC   0   0   0   0   0   1 |     CGC   9   7   9   9   9   8
    CTA   0   0   0   0   0   0 |     CCA   6   6   6   5   6   6 | Gln CAA   6   6   6   5   6   7 |     CGA   1   1   1   1   1   1
    CTG   0   0   0   0   0   0 |     CCG   1   0   0   1   0   0 |     CAG  10  10  10  11  10   9 |     CGG   5   3   4   4   4   4
--------------------------------------------------------------------------------------------------------------------------------------
Ile ATT   0   0   0   0   0   0 | Thr ACT   1   1   1   2   1   1 | Asn AAT   7   6   7   5   7   8 | Ser AGT   4   4   4   4   4   4
    ATC   0   0   0   0   0   0 |     ACC   1   1   1   1   1   1 |     AAC   5   6   5   6   5   4 |     AGC   1   1   1   1   1   1
    ATA   0   0   0   0   0   0 |     ACA   1   1   1   1   1   1 | Lys AAA   1   1   1   1   2   1 | Arg AGA   3   4   4   4   4   3
Met ATG   2   2   2   2   2   2 |     ACG   0   0   0   0   0   0 |     AAG   4   4   4   4   3   4 |     AGG   4   4   4   4   4   5
--------------------------------------------------------------------------------------------------------------------------------------
Val GTT   3   3   3   3   3   3 | Ala GCT   3   3   3   3   3   3 | Asp GAT   4   4   4   4   4   4 | Gly GGT   4   4   4   4   4   4
    GTC   0   0   0   0   0   0 |     GCC   1   1   1   1   1   1 |     GAC   2   2   2   2   2   1 |     GGC   6   6   6   6   6   7
    GTA   1   1   1   1   1   1 |     GCA   3   3   3   3   3   3 | Glu GAA   5   6   6   6   6   6 |     GGA   6   6   6   6   6   5
    GTG   4   4   4   4   4   4 |     GCG   1   1   1   1   1   1 |     GAG  11  10  10  10  10  10 |     GGG   3   3   3   3   3   4
--------------------------------------------------------------------------------------------------------------------------------------

--------------------------------------------------------------------------------------------------------------------------------------
Phe TTT   1   2   1   1   1   1 | Ser TCT   0   0   0   0   0   1 | Tyr TAT   2   2   2   2   1   2 | Cys TGT   0   0   0   0   0   0
    TTC   2   1   2   2   2   2 |     TCC   1   1   1   1   1   1 |     TAC   9   9   9   9  10   9 |     TGC   0   0   0   0   0   0
Leu TTA   0   0   0   0   0   0 |     TCA   0   0   0   0   0   0 | *** TAA   0   0   0   0   0   0 | *** TGA   0   0   0   0   0   0
    TTG   0   0   0   0   0   0 |     TCG   1   1   1   1   1   1 |     TAG   0   0   0   0   0   0 | Trp TGG   0   0   0   0   0   0
--------------------------------------------------------------------------------------------------------------------------------------
Leu CTT   1   1   1   1   1   1 | Pro CCT   8   8   8   8   8   7 | His CAT   1   1   1   1   1   1 | Arg CGT   4   4   4   4   4   4
    CTC   0   0   0   0   0   0 |     CCC   4   4   4   4   4   4 |     CAC   0   0   0   0   0   0 |     CGC   9   9   9   9   9   9
    CTA   0   0   0   0   0   0 |     CCA   6   6   6   6   6   6 | Gln CAA   7   6   7   7   6   6 |     CGA   1   1   1   1   1   1
    CTG   0   0   0   0   0   0 |     CCG   0   0   0   0   0   0 |     CAG   9  10   9   9  10  10 |     CGG   4   4   4   4   4   4
--------------------------------------------------------------------------------------------------------------------------------------
Ile ATT   0   0   0   0   0   0 | Thr ACT   1   1   1   1   1   1 | Asn AAT   8   7   8   8   6   7 | Ser AGT   4   4   4   4   4   4
    ATC   0   0   0   0   0   0 |     ACC   1   1   1   1   1   1 |     AAC   4   5   4   4   6   5 |     AGC   1   1   1   1   1   1
    ATA   0   0   0   0   0   0 |     ACA   1   1   1   1   1   1 | Lys AAA   1   2   1   1   1   1 | Arg AGA   3   4   3   3   4   4
Met ATG   2   2   2   2   2   2 |     ACG   0   0   0   0   0   0 |     AAG   4   3   4   4   4   4 |     AGG   5   4   5   5   4   4
--------------------------------------------------------------------------------------------------------------------------------------
Val GTT   3   3   3   3   3   3 | Ala GCT   3   3   3   3   3   3 | Asp GAT   4   4   4   4   4   4 | Gly GGT   4   5   4   4   4   4
    GTC   0   0   0   0   0   0 |     GCC   1   1   0   1   1   1 |     GAC   2   2   2   2   2   2 |     GGC   6   5   6   6   6   6
    GTA   1   1   1   1   1   1 |     GCA   3   3   4   3   3   3 | Glu GAA   6   6   6   6   6   5 |     GGA   6   6   6   6   6   6
    GTG   4   4   4   4   4   4 |     GCG   1   1   1   1   1   1 |     GAG  10  10  10  10  10  11 |     GGG   3   3   3   3   3   3
--------------------------------------------------------------------------------------------------------------------------------------

--------------------------------------------------------------------------------------------------------------------------------------
Phe TTT   2   1   1   1   1   1 | Ser TCT   0   0   0   0   0   0 | Tyr TAT   2   2   3   1   2   2 | Cys TGT   0   0   0   0   0   0
    TTC   1   2   2   2   2   2 |     TCC   1   1   1   1   1   1 |     TAC   9   9   8  10   9   9 |     TGC   0   0   0   0   0   0
Leu TTA   0   0   0   0   0   0 |     TCA   0   0   0   0   0   0 | *** TAA   0   0   0   0   0   0 | *** TGA   0   0   0   0   0   0
    TTG   0   0   0   0   0   0 |     TCG   1   1   1   1   1   1 |     TAG   0   0   0   0   0   0 | Trp TGG   0   0   0   0   0   0
--------------------------------------------------------------------------------------------------------------------------------------
Leu CTT   1   1   1   1   1   1 | Pro CCT   8   8   8   8   8   8 | His CAT   1   1   1   1   1   1 | Arg CGT   4   4   4   4   4   4
    CTC   0   0   0   0   0   0 |     CCC   4   4   4   4   4   4 |     CAC   0   0   0   0   0   0 |     CGC   9   9   9   9   9   9
    CTA   0   0   0   0   0   0 |     CCA   6   6   6   6   6   6 | Gln CAA   6   6   6   6   6   6 |     CGA   1   1   1   1   1   1
    CTG   0   0   0   0   0   0 |     CCG   0   0   0   0   0   0 |     CAG  10  10  10  10  10  10 |     CGG   4   4   4   4   4   4
--------------------------------------------------------------------------------------------------------------------------------------
Ile ATT   0   0   0   0   0   0 | Thr ACT   1   1   1   1   1   1 | Asn AAT   7   7   7   7   6   7 | Ser AGT   4   4   4   4   4   4
    ATC   0   0   0   0   0   0 |     ACC   1   1   1   1   1   1 |     AAC   5   5   5   5   6   5 |     AGC   1   1   1   1   1   1
    ATA   0   0   0   0   0   0 |     ACA   1   1   1   1   1   1 | Lys AAA   2   1   1   2   1   1 | Arg AGA   4   4   4   3   4   4
Met ATG   2   2   2   2   2   2 |     ACG   0   0   0   0   0   0 |     AAG   3   4   4   3   4   4 |     AGG   4   4   4   5   4   4
--------------------------------------------------------------------------------------------------------------------------------------
Val GTT   3   3   3   2   3   3 | Ala GCT   3   3   4   3   3   3 | Asp GAT   4   5   4   4   4   4 | Gly GGT   4   4   4   4   4   4
    GTC   0   0   0   1   0   0 |     GCC   1   1   0   1   1   1 |     GAC   2   1   2   2   2   2 |     GGC   6   6   6   6   6   6
    GTA   1   1   1   1   1   1 |     GCA   3   3   3   3   3   3 | Glu GAA   6   6   6   6   6   6 |     GGA   6   6   6   6   6   6
    GTG   4   4   4   4   4   4 |     GCG   1   1   1   1   1   1 |     GAG  10  10  10  10  10  10 |     GGG   3   3   3   3   3   3
--------------------------------------------------------------------------------------------------------------------------------------

Codon position x base (3x4) table for each sequence.

#1: Argali         
position  1:    T:0.09877    C:0.33333    A:0.21605    G:0.35185
position  2:    T:0.08642    C:0.19136    A:0.41358    G:0.30864
position  3:    T:0.26543    C:0.25309    A:0.21605    G:0.26543
Average         T:0.15021    C:0.25926    A:0.28189    G:0.30864

#2: LesserMouseDeer
position  1:    T:0.09877    C:0.33333    A:0.21605    G:0.35185
position  2:    T:0.08642    C:0.19136    A:0.41358    G:0.30864
position  3:    T:0.24691    C:0.26543    A:0.20988    G:0.27778
Average         T:0.14403    C:0.26337    A:0.27984    G:0.31276

#3: LesserKudu     
position  1:    T:0.09877    C:0.33333    A:0.21605    G:0.35185
position  2:    T:0.08642    C:0.19136    A:0.41358    G:0.30864
position  3:    T:0.26543    C:0.25309    A:0.21605    G:0.26543
Average         T:0.15021    C:0.25926    A:0.28189    G:0.30864

#4: ForestMuskDeer2
position  1:    T:0.09877    C:0.33333    A:0.21605    G:0.35185
position  2:    T:0.08642    C:0.19136    A:0.41358    G:0.30864
position  3:    T:0.25309    C:0.26543    A:0.21605    G:0.26543
Average         T:0.14609    C:0.26337    A:0.28189    G:0.30864

#5: Camel          
position  1:    T:0.09877    C:0.33333    A:0.21605    G:0.35185
position  2:    T:0.08642    C:0.19136    A:0.41358    G:0.30864
position  3:    T:0.27778    C:0.24074    A:0.19753    G:0.28395
Average         T:0.15432    C:0.25514    A:0.27572    G:0.31481

#6: KillerWhale    
position  1:    T:0.09877    C:0.33333    A:0.21605    G:0.35185
position  2:    T:0.08642    C:0.19136    A:0.41358    G:0.30864
position  3:    T:0.29012    C:0.22840    A:0.22840    G:0.25309
Average         T:0.15844    C:0.25103    A:0.28601    G:0.30453

#7: DefassaWaterbuck
position  1:    T:0.09877    C:0.33333    A:0.21605    G:0.35185
position  2:    T:0.08642    C:0.20370    A:0.40741    G:0.30247
position  3:    T:0.23457    C:0.27778    A:0.18519    G:0.30247
Average         T:0.13992    C:0.27160    A:0.26955    G:0.31893

#8: Sheep          
position  1:    T:0.09877    C:0.33333    A:0.21605    G:0.35185
position  2:    T:0.08642    C:0.19136    A:0.41358    G:0.30864
position  3:    T:0.26543    C:0.25309    A:0.21605    G:0.26543
Average         T:0.15021    C:0.25926    A:0.28189    G:0.30864

#9: MaxwellsDuiker 
position  1:    T:0.09877    C:0.33333    A:0.21605    G:0.35185
position  2:    T:0.08642    C:0.19136    A:0.41358    G:0.30864
position  3:    T:0.25926    C:0.26543    A:0.20988    G:0.26543
Average         T:0.14815    C:0.26337    A:0.27984    G:0.30864

#10: GazellaPrzewalskyi
position  1:    T:0.09877    C:0.33333    A:0.21605    G:0.35185
position  2:    T:0.08642    C:0.19136    A:0.41358    G:0.30864
position  3:    T:0.26543    C:0.25309    A:0.22222    G:0.25926
Average         T:0.15021    C:0.25926    A:0.28395    G:0.30658

#11: MountainNyala  
position  1:    T:0.09877    C:0.33333    A:0.21605    G:0.35185
position  2:    T:0.08642    C:0.19136    A:0.41358    G:0.30864
position  3:    T:0.26543    C:0.25309    A:0.21605    G:0.26543
Average         T:0.15021    C:0.25926    A:0.28189    G:0.30864

#12: MuntiacusMuntjak
position  1:    T:0.09877    C:0.33333    A:0.21605    G:0.35185
position  2:    T:0.08642    C:0.19136    A:0.41358    G:0.30864
position  3:    T:0.27160    C:0.24691    A:0.21605    G:0.26543
Average         T:0.15226    C:0.25720    A:0.28189    G:0.30864

#13: goat           
position  1:    T:0.09877    C:0.33333    A:0.21605    G:0.35185
position  2:    T:0.08642    C:0.19136    A:0.41358    G:0.30864
position  3:    T:0.26543    C:0.25309    A:0.21605    G:0.26543
Average         T:0.15021    C:0.25926    A:0.28189    G:0.30864

#14: AfricanBuffalo 
position  1:    T:0.09877    C:0.33333    A:0.21605    G:0.35185
position  2:    T:0.08642    C:0.19136    A:0.41358    G:0.30864
position  3:    T:0.25309    C:0.26543    A:0.21605    G:0.26543
Average         T:0.14609    C:0.26337    A:0.28189    G:0.30864

#15: Topi           
position  1:    T:0.09877    C:0.33333    A:0.21605    G:0.35185
position  2:    T:0.08642    C:0.19136    A:0.41358    G:0.30864
position  3:    T:0.25926    C:0.25926    A:0.20988    G:0.27160
Average         T:0.14815    C:0.26132    A:0.27984    G:0.31070

#16: CommonDuiker   
position  1:    T:0.09877    C:0.33333    A:0.21605    G:0.35185
position  2:    T:0.08642    C:0.19136    A:0.41358    G:0.30864
position  3:    T:0.25926    C:0.25926    A:0.21605    G:0.26543
Average         T:0.14815    C:0.26132    A:0.28189    G:0.30864

#17: Suni           
position  1:    T:0.09877    C:0.33333    A:0.21605    G:0.35185
position  2:    T:0.08642    C:0.19136    A:0.41358    G:0.30864
position  3:    T:0.26543    C:0.25309    A:0.21605    G:0.26543
Average         T:0.15021    C:0.25926    A:0.28189    G:0.30864

#18: Springbuck     
position  1:    T:0.09877    C:0.33333    A:0.21605    G:0.35185
position  2:    T:0.08642    C:0.19136    A:0.41358    G:0.30864
position  3:    T:0.27160    C:0.24691    A:0.22222    G:0.25926
Average         T:0.15226    C:0.25720    A:0.28395    G:0.30658

#19: Okapi          
position  1:    T:0.09877    C:0.33333    A:0.21605    G:0.35185
position  2:    T:0.08642    C:0.19136    A:0.41358    G:0.30864
position  3:    T:0.27778    C:0.24074    A:0.21605    G:0.26543
Average         T:0.15432    C:0.25514    A:0.28189    G:0.30864

#20: Giraffe        
position  1:    T:0.09877    C:0.33333    A:0.23457    G:0.33333
position  2:    T:0.09259    C:0.19136    A:0.40741    G:0.30864
position  3:    T:0.27778    C:0.24074    A:0.20988    G:0.27160
Average         T:0.15638    C:0.25514    A:0.28395    G:0.30453

#21: TibetanAntelope
position  1:    T:0.09877    C:0.32716    A:0.21605    G:0.35802
position  2:    T:0.08642    C:0.19136    A:0.40123    G:0.32099
position  3:    T:0.26543    C:0.25309    A:0.21605    G:0.26543
Average         T:0.15021    C:0.25720    A:0.27778    G:0.31481

#22: Sitatunga      
position  1:    T:0.09877    C:0.33333    A:0.21605    G:0.35185
position  2:    T:0.08642    C:0.19136    A:0.41358    G:0.30864
position  3:    T:0.26543    C:0.25309    A:0.21605    G:0.26543
Average         T:0.15021    C:0.25926    A:0.28189    G:0.30864

#23: Oribi          
position  1:    T:0.09877    C:0.33333    A:0.21605    G:0.35185
position  2:    T:0.08642    C:0.19136    A:0.41358    G:0.30864
position  3:    T:0.27160    C:0.24691    A:0.21605    G:0.26543
Average         T:0.15226    C:0.25720    A:0.28189    G:0.30864

#24: BarbarySheep   
position  1:    T:0.09877    C:0.33333    A:0.21605    G:0.35185
position  2:    T:0.08642    C:0.19136    A:0.41358    G:0.30864
position  3:    T:0.26543    C:0.25309    A:0.21605    G:0.26543
Average         T:0.15021    C:0.25926    A:0.28189    G:0.30864

#25: Daviddeer      
position  1:    T:0.09877    C:0.33333    A:0.21605    G:0.35185
position  2:    T:0.08642    C:0.19136    A:0.41358    G:0.30864
position  3:    T:0.27160    C:0.24691    A:0.21605    G:0.26543
Average         T:0.15226    C:0.25720    A:0.28189    G:0.30864

#26: Reindeer       
position  1:    T:0.09877    C:0.33333    A:0.21605    G:0.35185
position  2:    T:0.08642    C:0.19136    A:0.40741    G:0.31481
position  3:    T:0.25926    C:0.26543    A:0.19136    G:0.28395
Average         T:0.14815    C:0.26337    A:0.27160    G:0.31687

#27: Ibex           
position  1:    T:0.09877    C:0.33333    A:0.21605    G:0.35185
position  2:    T:0.08642    C:0.19136    A:0.41358    G:0.30864
position  3:    T:0.26543    C:0.25309    A:0.20988    G:0.27160
Average         T:0.15021    C:0.25926    A:0.27984    G:0.31070

#28: GyrantGazelle  
position  1:    T:0.09877    C:0.33333    A:0.21605    G:0.35185
position  2:    T:0.08642    C:0.19136    A:0.41358    G:0.30864
position  3:    T:0.27160    C:0.24691    A:0.22222    G:0.25926
Average         T:0.15226    C:0.25720    A:0.28395    G:0.30658

#29: Hartebeest     
position  1:    T:0.09877    C:0.33333    A:0.21605    G:0.35185
position  2:    T:0.08642    C:0.19136    A:0.41358    G:0.30864
position  3:    T:0.25926    C:0.25926    A:0.20988    G:0.27160
Average         T:0.14815    C:0.26132    A:0.27984    G:0.31070

#30: Bongo          
position  1:    T:0.09877    C:0.33333    A:0.21605    G:0.35185
position  2:    T:0.08642    C:0.19136    A:0.41358    G:0.30864
position  3:    T:0.26543    C:0.25309    A:0.21605    G:0.26543
Average         T:0.15021    C:0.25926    A:0.28189    G:0.30864

#31: Gerenuk        
position  1:    T:0.09877    C:0.33333    A:0.21605    G:0.35185
position  2:    T:0.08642    C:0.19136    A:0.41358    G:0.30864
position  3:    T:0.27160    C:0.25309    A:0.22840    G:0.24691
Average         T:0.15226    C:0.25926    A:0.28601    G:0.30247

#32: CommonEland    
position  1:    T:0.09877    C:0.32716    A:0.22222    G:0.35185
position  2:    T:0.08642    C:0.19136    A:0.41358    G:0.30864
position  3:    T:0.26543    C:0.24691    A:0.21605    G:0.27160
Average         T:0.15021    C:0.25514    A:0.28395    G:0.31070

#33: MuntiacusReevesi
position  1:    T:0.09877    C:0.33333    A:0.21605    G:0.35185
position  2:    T:0.08642    C:0.19136    A:0.41358    G:0.30864
position  3:    T:0.27160    C:0.24691    A:0.21605    G:0.26543
Average         T:0.15226    C:0.25720    A:0.28189    G:0.30864

#34: HarveysDuiker  
position  1:    T:0.09877    C:0.33333    A:0.21605    G:0.35185
position  2:    T:0.08642    C:0.19136    A:0.41358    G:0.30864
position  3:    T:0.25926    C:0.25926    A:0.21605    G:0.26543
Average         T:0.14815    C:0.26132    A:0.28189    G:0.30864

#35: Pronghorn      
position  1:    T:0.09877    C:0.33333    A:0.21605    G:0.35185
position  2:    T:0.08642    C:0.19136    A:0.41358    G:0.30864
position  3:    T:0.27160    C:0.25309    A:0.20988    G:0.26543
Average         T:0.15226    C:0.25926    A:0.27984    G:0.30864

#36: BlueWildebeest 
position  1:    T:0.09877    C:0.33333    A:0.21605    G:0.35185
position  2:    T:0.08642    C:0.19136    A:0.41358    G:0.30864
position  3:    T:0.25926    C:0.25926    A:0.20988    G:0.27160
Average         T:0.14815    C:0.26132    A:0.27984    G:0.31070

#37: Gemsbok        
position  1:    T:0.09877    C:0.33951    A:0.20988    G:0.35185
position  2:    T:0.08642    C:0.19136    A:0.41358    G:0.30864
position  3:    T:0.25926    C:0.25309    A:0.20370    G:0.28395
Average         T:0.14815    C:0.26132    A:0.27572    G:0.31481

#38: Yak            
position  1:    T:0.11111    C:0.32099    A:0.21605    G:0.35185
position  2:    T:0.08642    C:0.19136    A:0.41358    G:0.30864
position  3:    T:0.25926    C:0.25926    A:0.21605    G:0.26543
Average         T:0.15226    C:0.25720    A:0.28189    G:0.30864

#39: BlueSheep      
position  1:    T:0.09877    C:0.33333    A:0.21605    G:0.35185
position  2:    T:0.08642    C:0.19136    A:0.41358    G:0.30864
position  3:    T:0.26543    C:0.25309    A:0.21605    G:0.26543
Average         T:0.15021    C:0.25926    A:0.28189    G:0.30864

#40: BohorReedbuck  
position  1:    T:0.09877    C:0.33333    A:0.21605    G:0.35185
position  2:    T:0.08642    C:0.19753    A:0.40741    G:0.30864
position  3:    T:0.25926    C:0.25926    A:0.20370    G:0.27778
Average         T:0.14815    C:0.26337    A:0.27572    G:0.31276

#41: KirksDik       
position  1:    T:0.09877    C:0.33333    A:0.21605    G:0.35185
position  2:    T:0.08642    C:0.19136    A:0.41358    G:0.30864
position  3:    T:0.27160    C:0.24691    A:0.22222    G:0.25926
Average         T:0.15226    C:0.25720    A:0.28395    G:0.30658

#42: RoeDeer        
position  1:    T:0.09877    C:0.33333    A:0.21605    G:0.35185
position  2:    T:0.08642    C:0.19136    A:0.41358    G:0.30864
position  3:    T:0.27160    C:0.24691    A:0.20988    G:0.27160
Average         T:0.15226    C:0.25720    A:0.27984    G:0.31070

#43: WhiteLippedDeer
position  1:    T:0.09877    C:0.33333    A:0.21605    G:0.35185
position  2:    T:0.08642    C:0.19136    A:0.41358    G:0.30864
position  3:    T:0.27160    C:0.24691    A:0.21605    G:0.26543
Average         T:0.15226    C:0.25720    A:0.28189    G:0.30864

#44: ThomsonGazelle 
position  1:    T:0.09877    C:0.33333    A:0.21605    G:0.35185
position  2:    T:0.08642    C:0.19136    A:0.41358    G:0.30864
position  3:    T:0.27778    C:0.24074    A:0.22222    G:0.25926
Average         T:0.15432    C:0.25514    A:0.28395    G:0.30658

#45: MuntiacusCrinifrons
position  1:    T:0.09877    C:0.33333    A:0.21605    G:0.35185
position  2:    T:0.08642    C:0.19136    A:0.41358    G:0.30864
position  3:    T:0.27160    C:0.24074    A:0.22222    G:0.26543
Average         T:0.15226    C:0.25514    A:0.28395    G:0.30864

#46: WhiteTailedDeer
position  1:    T:0.09877    C:0.33333    A:0.21605    G:0.35185
position  2:    T:0.08642    C:0.19136    A:0.41358    G:0.30864
position  3:    T:0.27160    C:0.24691    A:0.21605    G:0.26543
Average         T:0.15226    C:0.25720    A:0.28189    G:0.30864

#47: Cattle         
position  1:    T:0.09877    C:0.33333    A:0.21605    G:0.35185
position  2:    T:0.08642    C:0.19136    A:0.41358    G:0.30864
position  3:    T:0.25309    C:0.26543    A:0.21605    G:0.26543
Average         T:0.14609    C:0.26337    A:0.28189    G:0.30864

#48: RoyalAntelope  
position  1:    T:0.10494    C:0.32716    A:0.21605    G:0.35185
position  2:    T:0.08642    C:0.19136    A:0.41358    G:0.30864
position  3:    T:0.26543    C:0.25309    A:0.20988    G:0.27160
Average         T:0.15226    C:0.25720    A:0.27984    G:0.31070

#49: Steenbok       
position  1:    T:0.09877    C:0.33333    A:0.21605    G:0.35185
position  2:    T:0.08642    C:0.19136    A:0.41358    G:0.30864
position  3:    T:0.27160    C:0.24691    A:0.22222    G:0.25926
Average         T:0.15226    C:0.25720    A:0.28395    G:0.30658

#50: Impala         
position  1:    T:0.09877    C:0.33333    A:0.21605    G:0.35185
position  2:    T:0.08642    C:0.19136    A:0.41358    G:0.30864
position  3:    T:0.27160    C:0.24691    A:0.21605    G:0.26543
Average         T:0.15226    C:0.25720    A:0.28189    G:0.30864

#51: Klipspringer   
position  1:    T:0.09877    C:0.33333    A:0.21605    G:0.35185
position  2:    T:0.08642    C:0.19136    A:0.41358    G:0.30864
