1
52 1
Argali 0.000000 0.336900 0.131200 0.357900 0.123600 0.025300 0.114900 0.104400 0.169900 0.187600 0.057100 0.103000 0.111600 0.125600 0.217400 0.115300 0.191800 0.160200 0.106400 0.165400 0.106100 0.067400 0.162700 0.190600 0.046000 0.150800 0.087200 0.164100 0.135900 0.154500 0.177200 0.114200 0.219300 0.097000 0.081200 0.156900 0.041400 0.101600 0.212900 0.211900 0.162200 0.143400 0.198500 0.224400 0.124900 0.126500 0.124000 0.125900 0.120200 0.199500 0.155700 0.153800
LesserMous 0.336900 0.000000 0.363300 0.393200 0.369300 0.343400 0.386200 0.345000 0.359200 0.351200 0.346700 0.307300 0.375700 0.378600 0.459600 0.336800 0.324200 0.304600 0.376600 0.369600 0.350400 0.371400 0.359800 0.368000 0.350000 0.398200 0.349400 0.381600 0.373300 0.365000 0.354000 0.355800 0.395700 0.359700 0.353200 0.362800 0.348500 0.363500 0.456700 0.357200 0.344800 0.342800 0.363200 0.387100 0.318800 0.335500 0.379200 0.371600 0.350600 0.379900 0.359700 0.361300
LesserKudu 0.131200 0.363300 0.000000 0.353700 0.168100 0.147900 0.151000 0.134700 0.074100 0.188700 0.149500 0.094700 0.163800 0.150500 0.236400 0.156900 0.187100 0.167900 0.174800 0.059300 0.136800 0.170600 0.169800 0.180400 0.147800 0.192100 0.150700 0.069000 0.189200 0.080400 0.178500 0.144900 0.202100 0.160400 0.155100 0.158500 0.144300 0.139800 0.231000 0.212700 0.169300 0.195700 0.193900 0.207800 0.127200 0.168300 0.171200 0.179100 0.134200 0.205500 0.049700 0.054100
KillerWhal 0.357900 0.393200 0.353700 0.000000 0.409700 0.351600 0.403300 0.357800 0.370900 0.338000 0.401100 0.344000 0.381700 0.430600 0.393400 0.384000 0.325200 0.327500 0.399800 0.380400 0.370400 0.389200 0.351800 0.333800 0.389900 0.360800 0.383100 0.370500 0.412800 0.348800 0.320700 0.408600 0.383700 0.365700 0.393900 0.380200 0.388900 0.407300 0.468700 0.330100 0.332000 0.375500 0.329200 0.344300 0.347300 0.396600 0.357900 0.376600 0.404000 0.329500 0.371400 0.372800
DefassaWat 0.123600 0.369300 0.168100 0.409700 0.000000 0.129000 0.155100 0.132900 0.177200 0.237000 0.142100 0.144400 0.162100 0.154600 0.219200 0.144100 0.217000 0.185000 0.140100 0.178400 0.135100 0.163800 0.217500 0.209600 0.140500 0.157100 0.137400 0.188800 0.176800 0.179100 0.202100 0.142700 0.257000 0.147300 0.141900 0.187700 0.136900 0.052300 0.219900 0.236900 0.199100 0.149700 0.229700 0.231700 0.155100 0.150200 0.141600 0.166600 0.143600 0.230900 0.168600 0.172100
Sheep 0.025300 0.343400 0.147900 0.351600 0.129000 0.000000 0.131300 0.109600 0.169700 0.205100 0.062300 0.108400 0.095500 0.130900 0.198900 0.120500 0.197400 0.165800 0.111500 0.170900 0.111400 0.061900 0.168200 0.207800 0.051100 0.156100 0.092400 0.169500 0.141200 0.148500 0.194600 0.119400 0.236900 0.091400 0.086300 0.156800 0.046500 0.107000 0.218200 0.217300 0.167800 0.148600 0.216000 0.218000 0.130400 0.131800 0.118200 0.131200 0.125500 0.217100 0.161100 0.147700
MaxwellsDu 0.114900 0.386200 0.151000 0.403300 0.155100 0.131300 0.000000 0.113200 0.178200 0.201000 0.144200 0.128900 0.162700 0.095700 0.213100 0.123100 0.193400 0.174300 0.157100 0.173700 0.103200 0.165300 0.182100 0.204200 0.142600 0.146800 0.127600 0.172400 0.160900 0.151700 0.202600 0.095500 0.214700 0.148200 0.133100 0.182400 0.139000 0.121800 0.207200 0.231600 0.170600 0.150700 0.211800 0.237500 0.150700 0.129600 0.131600 0.134500 0.095700 0.242300 0.164100 0.167600
GazellaPrz 0.104400 0.345000 0.134700 0.357800 0.132900 0.109600 0.113200 0.000000 0.150300 0.202300 0.122100 0.106800 0.142500 0.112800 0.161800 0.091900 0.194400 0.151600 0.126400 0.134800 0.082700 0.143100 0.171400 0.205100 0.120700 0.126700 0.107500 0.122800 0.139300 0.124100 0.191900 0.101900 0.215700 0.128000 0.122700 0.148500 0.116900 0.100000 0.171000 0.191600 0.177100 0.130700 0.213000 0.238900 0.117000 0.113600 0.111500 0.113100 0.086300 0.231500 0.136200 0.139900
MountainNy 0.169900 0.359200 0.074100 0.370900 0.177200 0.169700 0.178200 0.150300 0.000000 0.214600 0.171600 0.110400 0.185100 0.166200 0.247000 0.172700 0.191500 0.184200 0.179000 0.033700 0.152500 0.186700 0.190400 0.194800 0.158300 0.207700 0.177800 0.053200 0.182000 0.089700 0.193100 0.160500 0.216200 0.187400 0.182000 0.162900 0.171900 0.149100 0.234900 0.216900 0.189900 0.211200 0.208200 0.193900 0.143100 0.172700 0.181400 0.195000 0.149800 0.204400 0.044000 0.058400
MuntiacusM 0.187600 0.351200 0.188700 0.338000 0.237000 0.205100 0.201000 0.202300 0.214600 0.000000 0.213100 0.150400 0.224900 0.212200 0.259400 0.213700 0.167500 0.171700 0.225200 0.198700 0.205500 0.229000 0.101200 0.133500 0.205000 0.225800 0.200600 0.208800 0.228900 0.199600 0.084300 0.218100 0.205200 0.222200 0.204900 0.192400 0.202100 0.214200 0.313600 0.144400 0.095800 0.205900 0.038400 0.165200 0.172300 0.225900 0.209500 0.213000 0.218800 0.216000 0.189300 0.204100
goat 0.057100 0.346700 0.149500 0.401100 0.142100 0.062300 0.144200 0.122100 0.171600 0.213100 0.000000 0.109600 0.140100 0.143700 0.238000 0.133200 0.193100 0.173500 0.129400 0.172700 0.124100 0.084400 0.193500 0.215800 0.020300 0.157700 0.115400 0.171300 0.160300 0.173500 0.202400 0.131900 0.233800 0.125300 0.120000 0.152900 0.045900 0.119700 0.215200 0.237500 0.187400 0.172900 0.224100 0.250500 0.131800 0.144800 0.141800 0.132700 0.138300 0.218600 0.162900 0.160900
AfricanBuf 0.103000 0.307300 0.094700 0.344000 0.144400 0.108400 0.128900 0.106800 0.110400 0.150400 0.109600 0.000000 0.153800 0.128500 0.210200 0.117900 0.124700 0.104500 0.159600 0.094600 0.108500 0.131400 0.130500 0.177100 0.108400 0.142900 0.128700 0.104900 0.150800 0.095100 0.139900 0.122700 0.164400 0.138800 0.133300 0.096500 0.104300 0.115500 0.217800 0.186700 0.130100 0.158100 0.161200 0.199100 0.064600 0.129400 0.132800 0.128800 0.123100 0.167500 0.084600 0.099900
Topi 0.111600 0.375700 0.163800 0.381700 0.162100 0.095500 0.162700 0.142500 0.185100 0.224900 0.140100 0.153800 0.000000 0.162200 0.218900 0.141300 0.229600 0.210900 0.152900 0.186300 0.143600 0.138300 0.206400 0.239300 0.127600 0.175400 0.041900 0.184900 0.190000 0.164400 0.226600 0.150800 0.244100 0.042700 0.087700 0.207000 0.123900 0.140500 0.224300 0.248400 0.200500 0.168100 0.235500 0.237300 0.164100 0.164400 0.128200 0.152700 0.157000 0.266500 0.176900 0.169000
CommonDuik 0.125600 0.378600 0.150500 0.430600 0.154600 0.130900 0.095700 0.112800 0.166200 0.212200 0.143700 0.128500 0.162200 0.000000 0.212500 0.122700 0.204700 0.185500 0.156700 0.173200 0.113700 0.142300 0.193300 0.215000 0.142100 0.157200 0.138200 0.171900 0.160300 0.162400 0.201900 0.037700 0.249400 0.147800 0.121800 0.181900 0.133000 0.121300 0.217900 0.248200 0.187300 0.160900 0.211100 0.224900 0.150200 0.134600 0.131200 0.134000 0.074500 0.248200 0.163600 0.155800
Suni 0.217400 0.459600 0.236400 0.393400 0.219200 0.198900 0.213100 0.161800 0.247000 0.259400 0.238000 0.210200 0.218900 0.212500 0.000000 0.201800 0.290100 0.258100 0.201700 0.236500 0.199700 0.247400 0.265300 0.268100 0.235300 0.237500 0.230300 0.258900 0.216600 0.237200 0.261400 0.200200 0.278700 0.227900 0.222300 0.241000 0.232700 0.184200 0.282900 0.302300 0.271700 0.240800 0.245800 0.290800 0.208600 0.190100 0.198300 0.212500 0.178400 0.315600 0.239100 0.241900
Springbuck 0.115300 0.336800 0.156900 0.384000 0.144100 0.120500 0.123100 0.091900 0.172700 0.213700 0.133200 0.117900 0.141300 0.122700 0.201800 0.000000 0.193900 0.174800 0.157700 0.168300 0.092700 0.154300 0.194600 0.216400 0.131700 0.125800 0.128100 0.155600 0.117400 0.146100 0.203300 0.100900 0.221300 0.137700 0.133400 0.159700 0.128000 0.110900 0.196600 0.220400 0.188600 0.129800 0.224500 0.238300 0.128200 0.113300 0.121200 0.134800 0.117500 0.230800 0.158600 0.162200
Okapi 0.191800 0.324200 0.187100 0.325200 0.217000 0.197400 0.193400 0.194400 0.191500 0.167500 0.193100 0.124700 0.229600 0.204700 0.290100 0.193900 0.000000 0.084200 0.235600 0.175400 0.197600 0.203700 0.160000 0.160000 0.197300 0.218500 0.193000 0.185700 0.233100 0.176200 0.157600 0.186600 0.228200 0.214800 0.209200 0.178800 0.194300 0.205900 0.294400 0.180600 0.142700 0.221800 0.189700 0.192400 0.146800 0.206100 0.202000 0.205400 0.199100 0.185200 0.154300 0.192500
Giraffe 0.160200 0.304600 0.167900 0.327500 0.185000 0.165800 0.174300 0.151600 0.184200 0.171700 0.173500 0.104500 0.210900 0.185500 0.258100 0.174800 0.084200 0.000000 0.205100 0.167800 0.165700 0.202300 0.140500 0.163700 0.177900 0.199600 0.174000 0.178300 0.189800 0.145200 0.149700 0.167700 0.198000 0.195800 0.190200 0.159300 0.174600 0.173800 0.251700 0.173300 0.128800 0.191400 0.182500 0.196900 0.126800 0.174800 0.183000 0.174200 0.179900 0.189600 0.157900 0.173300
TibetanAnt 0.106400 0.376600 0.174800 0.399800 0.140100 0.111500 0.157100 0.126400 0.179000 0.225200 0.129400 0.159600 0.152900 0.156700 0.201700 0.157700 0.235600 0.205100 0.000000 0.186100 0.138300 0.144000 0.212500 0.221800 0.117100 0.191900 0.108500 0.207400 0.173400 0.198100 0.209000 0.134800 0.215000 0.138800 0.134600 0.189600 0.118600 0.118900 0.213900 0.242800 0.200800 0.162800 0.241600 0.255100 0.158400 0.158900 0.149800 0.164100 0.135600 0.267000 0.176700 0.180100
Sitatunga 0.165400 0.369600 0.059300 0.380400 0.178400 0.170900 0.173700 0.134800 0.033700 0.198700 0.172700 0.094600 0.186300 0.173200 0.236500 0.168300 0.175400 0.167800 0.186100 0.000000 0.148000 0.182300 0.180000 0.190500 0.159300 0.203500 0.173400 0.038700 0.200800 0.079800 0.177300 0.167400 0.212000 0.183100 0.177600 0.158400 0.167400 0.150100 0.231000 0.212700 0.179500 0.207000 0.203900 0.195100 0.127100 0.179700 0.182600 0.179100 0.145400 0.205600 0.029300 0.053700
Oribi 0.106100 0.350400 0.136800 0.370400 0.135100 0.111400 0.103200 0.082700 0.152500 0.205500 0.124100 0.108500 0.143600 0.113700 0.199700 0.092700 0.197600 0.165700 0.138300 0.148000 0.000000 0.145500 0.186100 0.196400 0.122700 0.117100 0.119200 0.135700 0.119200 0.137200 0.194900 0.113500 0.219000 0.129000 0.124600 0.150900 0.118900 0.101600 0.166700 0.206000 0.180000 0.131800 0.216400 0.230400 0.119000 0.115400 0.112400 0.125900 0.108500 0.210800 0.127000 0.130900
BarbaryShe 0.067400 0.371400 0.170600 0.389200 0.163800 0.061900 0.165300 0.143100 0.186700 0.229000 0.084400 0.131400 0.138300 0.142300 0.247400 0.154300 0.203700 0.202300 0.144000 0.182300 0.145500 0.000000 0.209600 0.219500 0.072600 0.178600 0.125000 0.180900 0.187000 0.195000 0.194300 0.147400 0.261100 0.123700 0.118400 0.185800 0.057500 0.141200 0.241500 0.229000 0.203400 0.182200 0.240000 0.236100 0.153500 0.166100 0.162600 0.165200 0.153800 0.222500 0.172600 0.170400
Daviddeer 0.162700 0.359800 0.169800 0.351800 0.217500 0.168200 0.182100 0.171400 0.190400 0.101200 0.193500 0.130500 0.206400 0.193300 0.265300 0.194600 0.160000 0.140500 0.212500 0.180000 0.186100 0.209600 0.000000 0.115700 0.185600 0.218900 0.193500 0.190200 0.228200 0.169200 0.101900 0.199200 0.227000 0.203400 0.192300 0.173000 0.182400 0.194200 0.277100 0.136800 0.038700 0.210400 0.111400 0.125400 0.152700 0.206800 0.179200 0.194000 0.199800 0.202700 0.170300 0.185400
Reindeer 0.190600 0.368000 0.180400 0.333800 0.209600 0.207800 0.204200 0.205100 0.194800 0.133500 0.215800 0.177100 0.239300 0.215000 0.268100 0.216400 0.160000 0.163700 0.221800 0.190500 0.196400 0.219500 0.115700 0.000000 0.207700 0.228400 0.215200 0.200400 0.242900 0.202700 0.119600 0.220900 0.213500 0.224800 0.219200 0.207200 0.204900 0.192600 0.302800 0.106400 0.104900 0.220000 0.128500 0.066000 0.187300 0.216500 0.212300 0.215800 0.186800 0.207300 0.181100 0.207000
Ibex 0.046000 0.350000 0.147800 0.389900 0.140500 0.051100 0.142600 0.120700 0.158300 0.205000 0.020300 0.108400 0.127600 0.142100 0.235300 0.131700 0.197300 0.177900 0.117100 0.159300 0.122700 0.072600 0.185600 0.207700 0.000000 0.156000 0.103200 0.158000 0.158500 0.171600 0.194500 0.130500 0.231100 0.113000 0.107700 0.156700 0.035100 0.118300 0.212800 0.229100 0.179500 0.159700 0.215900 0.241900 0.130300 0.143200 0.129100 0.131200 0.136700 0.222600 0.149600 0.147800
GyrantGaze 0.150800 0.398200 0.192100 0.360800 0.157100 0.156100 0.146800 0.126700 0.207700 0.225800 0.157700 0.142900 0.175400 0.157200 0.237500 0.125800 0.218500 0.199600 0.191900 0.203500 0.117100 0.178600 0.218900 0.228400 0.156000 0.000000 0.151900 0.190600 0.163000 0.170200 0.227300 0.156900 0.238600 0.161300 0.168200 0.207200 0.164200 0.146700 0.186500 0.237500 0.201300 0.081100 0.224500 0.261600 0.164400 0.148400 0.144700 0.137000 0.152000 0.254700 0.182700 0.197300
Hartebeest 0.087200 0.349400 0.150700 0.383100 0.137400 0.092400 0.127600 0.107500 0.177800 0.200600 0.115400 0.128700 0.041900 0.138200 0.230300 0.128100 0.193000 0.174000 0.108500 0.173400 0.119200 0.125000 0.193500 0.215200 0.103200 0.151900 0.000000 0.172100 0.166000 0.162600 0.202200 0.116300 0.220300 0.028900 0.074200 0.182200 0.099200 0.115700 0.212500 0.224700 0.181900 0.134200 0.223300 0.249100 0.139100 0.140200 0.125800 0.128600 0.133000 0.242200 0.163800 0.167300
Bongo 0.164100 0.381600 0.069000 0.370500 0.188800 0.169500 0.172400 0.122800 0.053200 0.208800 0.171300 0.104900 0.184900 0.171900 0.258900 0.155600 0.185700 0.178300 0.207400 0.038700 0.135700 0.180900 0.190200 0.200400 0.158000 0.190600 0.172100 0.000000 0.187800 0.079200 0.187300 0.166100 0.233600 0.181700 0.176300 0.157200 0.166100 0.160400 0.229300 0.199900 0.189700 0.205500 0.214000 0.216400 0.126100 0.178300 0.170000 0.189200 0.155300 0.215700 0.049000 0.073500
Gerenuk 0.135900 0.373300 0.189200 0.412800 0.176800 0.141200 0.160900 0.139300 0.182000 0.228900 0.160300 0.150800 0.190000 0.160300 0.216600 0.117400 0.233100 0.189800 0.173400 0.200800 0.119200 0.187000 0.228200 0.242900 0.158500 0.163000 0.166000 0.187800 0.000000 0.189800 0.242200 0.160000 0.265500 0.175600 0.159000 0.181000 0.160600 0.143200 0.212300 0.258900 0.227600 0.155700 0.227800 0.277300 0.161100 0.139100 0.158400 0.166500 0.144000 0.252600 0.191300 0.194500
CommonElan 0.154500 0.365000 0.080400 0.348800 0.179100 0.148500 0.151700 0.124100 0.089700 0.199600 0.173500 0.095100 0.164400 0.162400 0.237200 0.146100 0.176200 0.145200 0.198100 0.079800 0.137200 0.195000 0.169200 0.202700 0.171600 0.170200 0.162600 0.079200 0.189800 0.000000 0.189400 0.156600 0.212900 0.172300 0.166900 0.147600 0.168300 0.150700 0.231700 0.225000 0.157400 0.185000 0.204800 0.218600 0.116400 0.157600 0.160500 0.179600 0.145800 0.218100 0.070200 0.084800
MuntiacusR 0.177200 0.354000 0.178500 0.320700 0.202100 0.194600 0.202600 0.191900 0.193100 0.084300 0.202400 0.139900 0.226600 0.201900 0.261400 0.203300 0.157600 0.149700 0.209000 0.177300 0.194900 0.194300 0.101900 0.119600 0.194500 0.227300 0.202200 0.187300 0.242200 0.189400 0.000000 0.207800 0.206500 0.211900 0.194600 0.181900 0.191400 0.191300 0.303300 0.134800 0.091100 0.207300 0.089000 0.139800 0.161800 0.215400 0.199500 0.202700 0.208400 0.194300 0.167800 0.194000
HarveysDui 0.114200 0.355800 0.144900 0.408600 0.142700 0.119400 0.095500 0.101900 0.160500 0.218100 0.131900 0.122700 0.150800 0.037700 0.200200 0.100900 0.186600 0.167700 0.134800 0.167400 0.113500 0.147400 0.199200 0.220900 0.130500 0.156900 0.116300 0.166100 0.160000 0.156600 0.207800 0.000000 0.231500 0.136500 0.132200 0.175900 0.126800 0.121100 0.206800 0.230300 0.193100 0.149900 0.217000 0.230800 0.144400 0.123200 0.141700 0.133800 0.074400 0.229700 0.157800 0.150100
Pronghorn 0.219300 0.395700 0.202100 0.383700 0.257000 0.236900 0.214700 0.215700 0.216200 0.205200 0.233800 0.164400 0.244100 0.249400 0.278700 0.221300 0.228200 0.198000 0.215000 0.212000 0.219000 0.261100 0.227000 0.213500 0.231100 0.238600 0.220300 0.233600 0.265500 0.212900 0.206500 0.231500 0.000000 0.241500 0.224300 0.217600 0.234200 0.227500 0.289200 0.235700 0.226500 0.242000 0.227100 0.251100 0.197800 0.238900 0.234400 0.262100 0.226600 0.276800 0.191400 0.205900
BlueWildeb 0.097000 0.359700 0.160400 0.365700 0.147300 0.091400 0.148200 0.128000 0.187400 0.222200 0.125300 0.138800 0.042700 0.147800 0.227900 0.137700 0.214800 0.195800 0.138800 0.183100 0.129000 0.123700 0.203400 0.224800 0.113000 0.161300 0.028900 0.181700 0.175600 0.172300 0.211900 0.136500 0.241500 0.000000 0.083800 0.192100 0.109200 0.125600 0.221600 0.234000 0.197400 0.154100 0.232900 0.246500 0.149100 0.149900 0.135300 0.138200 0.142200 0.239800 0.173600 0.165600
Gemsbok 0.081200 0.353200 0.155100 0.393900 0.141900 0.086300 0.133100 0.122700 0.182000 0.204900 0.120000 0.133300 0.087700 0.121800 0.222300 0.133400 0.209200 0.190200 0.134600 0.177600 0.124600 0.118400 0.192300 0.219200 0.107700 0.168200 0.074200 0.176300 0.159000 0.166900 0.194600 0.132200 0.224300 0.083800 0.000000 0.186500 0.103900 0.120300 0.229200 0.240300 0.191800 0.160700 0.215500 0.252900 0.155000 0.144600 0.131000 0.154900 0.138300 0.252700 0.168100 0.171600
Yak 0.156900 0.362800 0.158500 0.380200 0.187700 0.156800 0.182400 0.148500 0.162900 0.192400 0.152900 0.096500 0.207000 0.181900 0.241000 0.159700 0.178800 0.159300 0.189600 0.158400 0.150900 0.185800 0.173000 0.207200 0.156700 0.207200 0.182200 0.157200 0.181000 0.147600 0.181900 0.175900 0.217600 0.192100 0.186500 0.000000 0.158800 0.158500 0.234300 0.210900 0.172600 0.199200 0.203100 0.229200 0.052000 0.183100 0.174300 0.182400 0.176400 0.221500 0.137400 0.152500
BlueSheep 0.041400 0.348500 0.144300 0.388900 0.136900 0.046500 0.139000 0.116900 0.171900 0.202100 0.045900 0.104300 0.123900 0.133000 0.232700 0.128000 0.194300 0.174600 0.118600 0.167400 0.118900 0.057500 0.182400 0.204900 0.035100 0.164200 0.099200 0.166100 0.160600 0.168300 0.191400 0.126800 0.234200 0.109200 0.103900 0.158800 0.000000 0.114400 0.227600 0.226500 0.176300 0.156500 0.213100 0.239400 0.126500 0.139700 0.136700 0.138900 0.133100 0.219900 0.157600 0.155600
BohorReedb 0.101600 0.363500 0.139800 0.407300 0.052300 0.107000 0.121800 0.100000 0.149100 0.214200 0.119700 0.115500 0.140500 0.121300 0.184200 0.110900 0.205900 0.173800 0.118900 0.150100 0.101600 0.141200 0.194200 0.192600 0.118300 0.146700 0.115700 0.160400 0.143200 0.150700 0.191300 0.121100 0.227500 0.125600 0.120300 0.158500 0.114400 0.000000 0.209300 0.226000 0.188000 0.139700 0.219200 0.226700 0.126200 0.116700 0.119900 0.132900 0.110600 0.238300 0.140200 0.144000
KirksDik 0.212900 0.456700 0.231000 0.468700 0.219900 0.218200 0.207200 0.171000 0.234900 0.313600 0.215200 0.217800 0.224300 0.217900 0.282900 0.196600 0.294400 0.251700 0.213900 0.231000 0.166700 0.241500 0.277100 0.302800 0.212800 0.186500 0.212500 0.229300 0.212300 0.231700 0.303300 0.206800 0.289200 0.221600 0.229200 0.234300 0.227600 0.209300 0.000000 0.318600 0.276800 0.211500 0.318700 0.337600 0.216100 0.175800 0.171900 0.197400 0.201600 0.281800 0.221900 0.224700
RoeDeer 0.211900 0.357200 0.212700 0.330100 0.236900 0.217300 0.231600 0.191600 0.216900 0.144400 0.237500 0.186700 0.248400 0.248200 0.302300 0.220400 0.180600 0.173300 0.242800 0.212700 0.206000 0.229000 0.136800 0.106400 0.229100 0.237500 0.224700 0.199900 0.258900 0.225000 0.134800 0.230300 0.235700 0.234000 0.240300 0.210900 0.226500 0.226000 0.318600 0.000000 0.125700 0.229000 0.154400 0.136400 0.196800 0.249800 0.221700 0.237000 0.207600 0.239900 0.203400 0.206300
WhiteLippe 0.162200 0.344800 0.169300 0.332000 0.199100 0.167800 0.170600 0.177100 0.189900 0.095800 0.187400 0.130100 0.200500 0.187300 0.271700 0.188600 0.142700 0.128800 0.200800 0.179500 0.180000 0.203400 0.038700 0.104900 0.179500 0.201300 0.181900 0.189700 0.227600 0.157400 0.091100 0.193100 0.226500 0.197400 0.191800 0.172600 0.176300 0.188000 0.276800 0.125700 0.000000 0.204500 0.111100 0.114600 0.152200 0.200600 0.173400 0.188000 0.193700 0.196700 0.169900 0.184900
ThomsonGaz 0.143400 0.342800 0.195700 0.375500 0.149700 0.148600 0.150700 0.130700 0.211200 0.205900 0.172900 0.158100 0.168100 0.160900 0.240800 0.129800 0.221800 0.191400 0.162800 0.207000 0.131800 0.182200 0.210400 0.220000 0.159700 0.081100 0.134200 0.205500 0.155700 0.185000 0.207300 0.149900 0.242000 0.154100 0.160700 0.199200 0.156500 0.139700 0.211500 0.229000 0.204500 0.000000 0.216000 0.252600 0.156900 0.152200 0.137900 0.141000 0.155800 0.257800 0.186400 0.200800
MuntiacusC 0.198500 0.363200 0.193900 0.329200 0.229700 0.216000 0.211800 0.213000 0.208200 0.038400 0.224100 0.161200 0.235500 0.211100 0.245800 0.224500 0.189700 0.182500 0.241600 0.203900 0.216400 0.240000 0.111400 0.128500 0.215900 0.224500 0.223300 0.214000 0.227800 0.204800 0.089000 0.217000 0.227100 0.232900 0.215500 0.203100 0.213100 0.219200 0.318700 0.154400 0.111100 0.216000 0.000000 0.137900 0.183200 0.224700 0.220200 0.223800 0.205900 0.215000 0.194500 0.209300
WhiteTaile 0.224400 0.387100 0.207800 0.344300 0.231700 0.218000 0.237500 0.238900 0.193900 0.165200 0.250500 0.199100 0.237300 0.224900 0.290800 0.238300 0.192400 0.196900 0.255100 0.195100 0.230400 0.236100 0.125400 0.066000 0.241900 0.261600 0.249100 0.216400 0.277300 0.218600 0.139800 0.230800 0.251100 0.246500 0.252900 0.229200 0.239400 0.226700 0.337600 0.136400 0.114600 0.252600 0.137900 0.000000 0.209400 0.250500 0.233900 0.249800 0.208100 0.228700 0.197000 0.211400
Cattle 0.124900 0.318800 0.127200 0.347300 0.155100 0.130400 0.150700 0.117000 0.143100 0.172300 0.131800 0.064600 0.164100 0.150200 0.208600 0.128200 0.146800 0.126800 0.158400 0.127100 0.119000 0.153500 0.152700 0.187300 0.130300 0.164400 0.139100 0.126100 0.161100 0.116400 0.161800 0.144400 0.197800 0.149100 0.155000 0.052000 0.126500 0.126200 0.216100 0.196800 0.152200 0.156900 0.183200 0.209400 0.000000 0.151300 0.131800 0.139200 0.144800 0.177900 0.106000 0.121300
RoyalAntel 0.126500 0.335500 0.168300 0.396600 0.150200 0.131800 0.129600 0.113600 0.172700 0.225900 0.144800 0.129400 0.164400 0.134600 0.190100 0.113300 0.206100 0.174800 0.158900 0.179700 0.115400 0.166100 0.206800 0.216500 0.143200 0.148400 0.140200 0.178300 0.139100 0.157600 0.215400 0.123200 0.238900 0.149900 0.144600 0.183100 0.139700 0.116700 0.175800 0.249800 0.200600 0.152200 0.224700 0.250500 0.151300 0.000000 0.143900 0.134900 0.118300 0.219200 0.170100 0.162300
Steenbok 0.124000 0.379200 0.171200 0.357900 0.141600 0.118200 0.131600 0.111500 0.181400 0.209500 0.141800 0.132800 0.128200 0.131200 0.198300 0.121200 0.202000 0.183000 0.149800 0.182600 0.112400 0.162600 0.179200 0.212300 0.129100 0.144700 0.125800 0.170000 0.158400 0.160500 0.199500 0.141700 0.234400 0.135300 0.131000 0.174300 0.136700 0.119900 0.171900 0.221700 0.173400 0.137900 0.220200 0.233900 0.131800 0.143900 0.000000 0.126800 0.136900 0.239000 0.173100 0.176500
Impala 0.125900 0.371600 0.179100 0.376600 0.166600 0.131200 0.134500 0.113100 0.195000 0.213000 0.132700 0.128800 0.152700 0.134000 0.212500 0.134800 0.205400 0.174200 0.164100 0.179100 0.125900 0.165200 0.194000 0.215800 0.131200 0.137000 0.128600 0.189200 0.166500 0.179600 0.202700 0.133800 0.262100 0.138200 0.154900 0.182400 0.138900 0.132900 0.197400 0.237000 0.188000 0.141000 0.223800 0.249800 0.139200 0.134900 0.126800 0.000000 0.118000 0.207100 0.181000 0.173000
Klipspring 0.120200 0.350600 0.134200 0.404000 0.143600 0.125500 0.095700 0.086300 0.149800 0.218800 0.138300 0.123100 0.157000 0.074500 0.178400 0.117500 0.199100 0.179900 0.135600 0.145400 0.108500 0.153800 0.199800 0.186800 0.136700 0.152000 0.133000 0.155300 0.144000 0.145800 0.208400 0.074400 0.226600 0.142200 0.138300 0.176400 0.133100 0.110600 0.201600 0.207600 0.193700 0.155800 0.205900 0.208100 0.144800 0.118300 0.136900 0.118000 0.000000 0.236200 0.146900 0.139300
ForestMusk 0.199500 0.379900 0.205500 0.329500 0.230900 0.217100 0.242300 0.231500 0.204400 0.216000 0.218600 0.167500 0.266500 0.248200 0.315600 0.230800 0.185200 0.189600 0.267000 0.205600 0.210800 0.222500 0.202700 0.207300 0.222600 0.254700 0.242200 0.215700 0.252600 0.218100 0.194300 0.229700 0.276800 0.239800 0.252700 0.221500 0.219900 0.238300 0.281800 0.239900 0.196700 0.257800 0.215000 0.228700 0.177900 0.219200 0.239000 0.207100 0.236200 0.000000 0.196100 0.205400
Bushbuck 0.155700 0.359700 0.049700 0.371400 0.168600 0.161100 0.164100 0.136200 0.044000 0.189300 0.162900 0.084600 0.176900 0.163600 0.239100 0.158600 0.154300 0.157900 0.176700 0.029300 0.127000 0.172600 0.170300 0.181100 0.149600 0.182700 0.163800 0.049000 0.191300 0.070200 0.167800 0.157800 0.191400 0.173600 0.168100 0.137400 0.157600 0.140200 0.221900 0.203400 0.169900 0.186400 0.194500 0.197000 0.106000 0.170100 0.173100 0.181000 0.146900 0.196100 0.000000 0.034200
GreaterKud 0.153800 0.361300 0.054100 0.372800 0.172100 0.147700 0.167600 0.139900 0.058400 0.204100 0.160900 0.099900 0.169000 0.155800 0.241900 0.162200 0.192500 0.173300 0.180100 0.053700 0.130900 0.170400 0.185400 0.207000 0.147800 0.197300 0.167300 0.073500 0.194500 0.084800 0.194000 0.150100 0.205900 0.165600 0.171600 0.152500 0.155600 0.144000 0.224700 0.206300 0.184900 0.200800 0.209300 0.211400 0.121300 0.162300 0.176500 0.173000 0.139300 0.205400 0.034200 0.000000
