1
52 1
Argali 0.000000 0.425300 0.194800 0.377400 0.094800 0.032000 0.153600 0.129700 0.138500 0.242200 0.048300 0.167800 0.108200 0.204800 0.133800 0.119100 0.185900 0.234600 0.101200 0.155800 0.150800 0.032100 0.225800 0.253200 0.048900 0.175400 0.108100 0.149700 0.148100 0.131300 0.270800 0.174600 0.190400 0.106800 0.115100 0.228300 0.074000 0.095700 0.150800 0.272500 0.235400 0.158800 0.262900 0.268700 0.187400 0.099500 0.155900 0.119300 0.227300 0.235600 0.141200 0.168600
LesserMous 0.425300 0.000000 0.374100 0.297700 0.434900 0.419400 0.332600 0.368300 0.328000 0.371500 0.429500 0.366200 0.470600 0.405400 0.430800 0.351300 0.278100 0.332900 0.447500 0.348300 0.357500 0.460400 0.364900 0.344200 0.408800 0.398900 0.441100 0.370200 0.382300 0.322300 0.377100 0.383000 0.380400 0.408400 0.434300 0.406900 0.481000 0.439300 0.373100 0.379900 0.376200 0.393400 0.343400 0.336900 0.366500 0.360000 0.375600 0.377600 0.450800 0.345700 0.310000 0.343300
LesserKudu 0.194800 0.374100 0.000000 0.367500 0.188100 0.233100 0.188000 0.164200 0.081100 0.269800 0.221100 0.202500 0.260400 0.217500 0.196300 0.153000 0.191000 0.208500 0.233200 0.115000 0.206900 0.231900 0.240900 0.258800 0.224200 0.241300 0.260000 0.092600 0.183100 0.091900 0.286500 0.207500 0.214600 0.256800 0.256700 0.192300 0.197500 0.190000 0.206500 0.265900 0.250500 0.234900 0.278700 0.261700 0.202400 0.160700 0.210700 0.192100 0.264300 0.209300 0.085400 0.090200
KillerWhal 0.377400 0.297700 0.367500 0.000000 0.369900 0.425800 0.363000 0.362200 0.334500 0.301500 0.380800 0.333100 0.378800 0.444500 0.335000 0.358100 0.293700 0.348600 0.410500 0.354700 0.353600 0.423000 0.319200 0.349800 0.400100 0.377200 0.378200 0.363700 0.374500 0.328500 0.307700 0.402700 0.346700 0.372800 0.395600 0.425200 0.457800 0.373600 0.340800 0.358700 0.329800 0.398100 0.299700 0.292600 0.384400 0.366800 0.368800 0.308100 0.470000 0.403500 0.303700 0.349600
DefassaWat 0.094800 0.434900 0.188100 0.369900 0.000000 0.130700 0.175400 0.151100 0.150800 0.236100 0.101800 0.161200 0.156600 0.205900 0.154600 0.139800 0.179400 0.207400 0.149800 0.168800 0.153200 0.129900 0.197500 0.224900 0.093700 0.188200 0.156500 0.162700 0.150500 0.143700 0.265200 0.215700 0.193400 0.154400 0.146500 0.210800 0.118300 0.016700 0.153300 0.267100 0.207000 0.170200 0.257200 0.239600 0.180900 0.147100 0.178300 0.140000 0.263700 0.251500 0.153900 0.182000
Sheep 0.032000 0.419400 0.233100 0.425800 0.130700 0.000000 0.189900 0.166100 0.175100 0.283400 0.081400 0.185600 0.143200 0.243700 0.169200 0.154800 0.203700 0.252900 0.118100 0.173300 0.188600 0.064700 0.266900 0.294600 0.065100 0.193200 0.143000 0.167400 0.165600 0.168200 0.290100 0.212100 0.228000 0.141200 0.132900 0.247000 0.105300 0.132000 0.188500 0.314600 0.276800 0.157200 0.304800 0.311400 0.205500 0.134100 0.135700 0.155100 0.245600 0.254000 0.178500 0.186400
MaxwellsDu 0.153600 0.332600 0.188000 0.363000 0.175400 0.189900 0.000000 0.089300 0.115700 0.233500 0.168800 0.180900 0.177300 0.130200 0.165200 0.115000 0.179400 0.206300 0.189900 0.150800 0.108100 0.179600 0.216900 0.244100 0.171000 0.141400 0.177100 0.144300 0.124800 0.126900 0.261200 0.087100 0.221500 0.156400 0.188400 0.199700 0.195200 0.177000 0.126200 0.260800 0.226200 0.153000 0.253500 0.236800 0.151700 0.113500 0.150700 0.132200 0.199900 0.227200 0.117900 0.143900
GazellaPrz 0.129700 0.368300 0.164200 0.362200 0.151100 0.166100 0.089300 0.000000 0.110000 0.188900 0.145400 0.157100 0.192500 0.115700 0.142100 0.065400 0.155700 0.182900 0.185900 0.109000 0.075300 0.165300 0.172300 0.199400 0.166600 0.108700 0.192200 0.102000 0.110000 0.102800 0.216400 0.124400 0.207600 0.189900 0.205200 0.186500 0.152800 0.152600 0.075600 0.216400 0.181400 0.119700 0.208500 0.191800 0.137800 0.107900 0.099800 0.127000 0.216400 0.164300 0.093800 0.119900
MountainNy 0.138500 0.328000 0.081100 0.334500 0.150800 0.175100 0.115700 0.110000 0.000000 0.229800 0.164000 0.146600 0.201400 0.191200 0.141900 0.117900 0.154600 0.171800 0.195100 0.047900 0.149400 0.154800 0.201700 0.229200 0.166200 0.183400 0.201200 0.076600 0.146600 0.041000 0.246500 0.143400 0.188400 0.198700 0.194700 0.136900 0.142600 0.152300 0.149300 0.247900 0.211000 0.176600 0.238700 0.221700 0.127700 0.116300 0.154500 0.136500 0.246300 0.172800 0.032500 0.057100
MuntiacusM 0.242200 0.371500 0.269800 0.301500 0.236100 0.283400 0.233500 0.188900 0.229800 0.000000 0.226900 0.208200 0.267000 0.278000 0.263800 0.238400 0.175900 0.193800 0.261200 0.227400 0.212100 0.248600 0.086700 0.131500 0.251600 0.237800 0.266800 0.243100 0.228900 0.223300 0.057200 0.276400 0.221300 0.241700 0.262600 0.251400 0.277900 0.238600 0.181500 0.130000 0.095300 0.231200 0.032500 0.123400 0.229500 0.256500 0.237500 0.196900 0.341800 0.258000 0.212700 0.242100
goat 0.048300 0.429500 0.221100 0.380800 0.101800 0.081400 0.168800 0.145400 0.164000 0.226900 0.000000 0.174200 0.141600 0.200200 0.130800 0.153200 0.192100 0.220000 0.134900 0.162400 0.166600 0.081000 0.210600 0.237400 0.047500 0.190800 0.141500 0.156400 0.163800 0.157100 0.254700 0.209800 0.177300 0.139800 0.131200 0.245500 0.105000 0.102800 0.147400 0.256300 0.219900 0.174500 0.247100 0.241300 0.193600 0.151100 0.190900 0.116500 0.243100 0.241700 0.157600 0.194800
AfricanBuf 0.167800 0.366200 0.202500 0.333100 0.161200 0.185600 0.180900 0.157100 0.146600 0.208200 0.174200 0.000000 0.212200 0.231200 0.170500 0.165000 0.126800 0.181700 0.226200 0.145400 0.159300 0.184100 0.191600 0.219000 0.176500 0.154800 0.212000 0.177300 0.156300 0.121000 0.215600 0.220700 0.188500 0.209200 0.237800 0.128300 0.231100 0.162900 0.159400 0.237800 0.200900 0.167200 0.207100 0.211400 0.101100 0.182000 0.164600 0.165300 0.325500 0.203100 0.130400 0.157100
Topi 0.108200 0.470600 0.260400 0.378800 0.156600 0.143200 0.177300 0.192500 0.201400 0.267000 0.141600 0.212200 0.000000 0.227900 0.194800 0.180700 0.230400 0.280600 0.161800 0.219400 0.195100 0.142400 0.273000 0.300600 0.125000 0.219600 0.015300 0.214100 0.172500 0.194800 0.295600 0.227000 0.214200 0.030500 0.102400 0.264100 0.167400 0.158100 0.185600 0.320600 0.282800 0.203200 0.287900 0.317200 0.222200 0.141000 0.219800 0.142900 0.250600 0.281800 0.205400 0.233700
CommonDuik 0.204800 0.405400 0.217500 0.444500 0.205900 0.243700 0.130200 0.115700 0.191200 0.278000 0.200200 0.231200 0.227900 0.000000 0.223500 0.160800 0.229300 0.227500 0.252500 0.198600 0.143600 0.242300 0.271300 0.289400 0.223200 0.188600 0.227600 0.192500 0.152600 0.194100 0.306900 0.120800 0.241400 0.224800 0.242600 0.241500 0.207800 0.228600 0.135400 0.294200 0.281100 0.201700 0.299100 0.292600 0.210600 0.159600 0.198600 0.179800 0.220900 0.258800 0.184300 0.212000
Suni 0.133800 0.430800 0.196300 0.335000 0.154600 0.169200 0.165200 0.142100 0.141900 0.263800 0.130800 0.170500 0.194800 0.223500 0.000000 0.149800 0.187700 0.205200 0.207700 0.159100 0.162800 0.168300 0.226000 0.274700 0.150700 0.177100 0.194600 0.171700 0.160200 0.153900 0.292000 0.193800 0.251700 0.192200 0.186600 0.219600 0.193600 0.156100 0.162900 0.272000 0.235300 0.189600 0.284300 0.256600 0.170400 0.130000 0.167700 0.131700 0.279900 0.207000 0.135400 0.170900
Springbuck 0.119100 0.351300 0.153000 0.358100 0.139800 0.154800 0.115000 0.065400 0.117900 0.238400 0.153200 0.165000 0.180700 0.160800 0.149800 0.000000 0.163600 0.231100 0.193800 0.134900 0.092700 0.154000 0.221500 0.249300 0.155200 0.125600 0.161500 0.128200 0.090600 0.110800 0.245200 0.151200 0.216600 0.178300 0.192400 0.194400 0.160500 0.141200 0.101900 0.246900 0.231000 0.118500 0.258900 0.241900 0.145700 0.098000 0.098300 0.117400 0.224200 0.172100 0.101800 0.127800
Okapi 0.185900 0.278100 0.191000 0.293700 0.179400 0.203700 0.179400 0.155700 0.154600 0.175900 0.192100 0.126800 0.230400 0.229300 0.187700 0.163600 0.000000 0.080800 0.224100 0.172100 0.138600 0.202100 0.159700 0.186300 0.174900 0.191900 0.230200 0.185400 0.136000 0.147900 0.202900 0.218800 0.149600 0.207600 0.214000 0.173900 0.250300 0.181200 0.138600 0.204500 0.168600 0.185100 0.174900 0.178600 0.164500 0.180500 0.144200 0.144900 0.277100 0.191000 0.138400 0.165200
Giraffe 0.234600 0.332900 0.208500 0.348600 0.207400 0.252900 0.206300 0.182900 0.171800 0.193800 0.220000 0.181700 0.280600 0.227500 0.205200 0.231100 0.080800 0.000000 0.274400 0.189800 0.185200 0.250900 0.177600 0.194900 0.222800 0.219600 0.280300 0.203500 0.201500 0.205100 0.221200 0.258100 0.176500 0.256000 0.265800 0.211400 0.258100 0.209400 0.185300 0.182500 0.186600 0.255000 0.192800 0.185900 0.222100 0.207700 0.209800 0.190700 0.251300 0.229000 0.195100 0.223200
TibetanAnt 0.101200 0.447500 0.233200 0.410500 0.149800 0.118100 0.189900 0.185900 0.195100 0.261200 0.134900 0.226200 0.161800 0.252500 0.207700 0.193800 0.224100 0.274400 0.000000 0.213100 0.209000 0.135600 0.244800 0.272300 0.118100 0.233700 0.161700 0.187500 0.205100 0.188400 0.290000 0.221100 0.227900 0.159600 0.172300 0.290700 0.160900 0.151300 0.208900 0.291900 0.254500 0.196600 0.282200 0.288100 0.247100 0.171500 0.213200 0.174200 0.289000 0.297800 0.199000 0.206800
Sitatunga 0.155800 0.348300 0.115000 0.354700 0.168800 0.173300 0.150800 0.109000 0.047900 0.227400 0.162400 0.145400 0.219400 0.198600 0.159100 0.134900 0.172100 0.189800 0.213100 0.000000 0.167100 0.172000 0.199400 0.205700 0.183700 0.162700 0.219200 0.073800 0.164300 0.040600 0.223200 0.169400 0.176500 0.216200 0.213500 0.135800 0.159700 0.170500 0.148000 0.224800 0.208600 0.165500 0.236100 0.219100 0.126600 0.133200 0.153200 0.173000 0.287900 0.171500 0.048900 0.073500
Oribi 0.150800 0.357500 0.206900 0.353600 0.153200 0.188600 0.108100 0.075300 0.149400 0.212100 0.166600 0.159300 0.195100 0.143600 0.162800 0.092700 0.138600 0.185200 0.209000 0.167100 0.000000 0.187500 0.195100 0.223000 0.168900 0.101200 0.194900 0.160600 0.102300 0.142300 0.240400 0.163400 0.220500 0.192500 0.208200 0.209900 0.214500 0.154700 0.076500 0.241700 0.183700 0.112000 0.232400 0.215400 0.159100 0.146300 0.092200 0.110200 0.240600 0.206400 0.132700 0.160200
BarbaryShe 0.032100 0.460400 0.231900 0.423000 0.129900 0.064700 0.179600 0.165300 0.154800 0.248600 0.081000 0.184100 0.142400 0.242300 0.168300 0.154000 0.202100 0.250900 0.135600 0.172000 0.187500 0.000000 0.254800 0.282300 0.081900 0.192300 0.142200 0.186100 0.145300 0.167300 0.300100 0.201300 0.226700 0.131800 0.151400 0.223700 0.105400 0.131200 0.187400 0.301900 0.264600 0.175800 0.269200 0.298600 0.204000 0.133400 0.191900 0.154200 0.265500 0.273900 0.177500 0.205400
Daviddeer 0.225800 0.364900 0.240900 0.319200 0.197500 0.266900 0.216900 0.172300 0.201700 0.086700 0.210600 0.191600 0.273000 0.271300 0.226000 0.221500 0.159700 0.177600 0.244800 0.199400 0.195100 0.254800 0.000000 0.077900 0.235000 0.231300 0.272600 0.193500 0.233800 0.194900 0.076400 0.259500 0.214400 0.247000 0.281500 0.244900 0.272000 0.199600 0.174400 0.095200 0.008300 0.224600 0.068300 0.069700 0.212400 0.218900 0.220500 0.200900 0.348800 0.219600 0.184600 0.213500
Reindeer 0.253200 0.344200 0.258800 0.349800 0.224900 0.294600 0.244100 0.199400 0.229200 0.131500 0.237400 0.219000 0.300600 0.289400 0.274700 0.249300 0.186300 0.194900 0.272300 0.205700 0.223000 0.282300 0.077900 0.000000 0.262500 0.237800 0.300200 0.242400 0.262000 0.201200 0.120200 0.287600 0.220400 0.273900 0.310500 0.263100 0.299200 0.227300 0.201900 0.112200 0.086500 0.220800 0.094000 0.042100 0.240300 0.225400 0.248000 0.228400 0.367900 0.225700 0.212200 0.241400
Ibex 0.048900 0.408800 0.224200 0.400100 0.093700 0.065100 0.171000 0.166600 0.166200 0.251600 0.047500 0.176500 0.125000 0.223200 0.150700 0.155200 0.174900 0.222800 0.118100 0.183700 0.168900 0.081900 0.235000 0.262500 0.000000 0.193300 0.124900 0.178100 0.146700 0.159200 0.280200 0.212700 0.198800 0.123400 0.095200 0.237500 0.106100 0.094600 0.168700 0.281900 0.244700 0.176700 0.272500 0.278300 0.196100 0.134400 0.173700 0.136500 0.225000 0.266200 0.169500 0.197500
GyrantGaze 0.175400 0.398900 0.241300 0.377200 0.188200 0.193200 0.141400 0.108700 0.183400 0.237800 0.190800 0.154800 0.219600 0.188600 0.177100 0.125600 0.191900 0.219600 0.233700 0.162700 0.101200 0.192300 0.231300 0.237800 0.193300 0.000000 0.219400 0.195100 0.135700 0.176800 0.244700 0.197900 0.266800 0.216600 0.233900 0.224300 0.238600 0.190000 0.129100 0.246400 0.240800 0.040100 0.236800 0.251800 0.173900 0.142300 0.125300 0.163100 0.287700 0.262400 0.167100 0.194600
Hartebeest 0.108100 0.441100 0.260000 0.378200 0.156500 0.143000 0.177100 0.192200 0.201200 0.266800 0.141500 0.212000 0.015300 0.227600 0.194600 0.161500 0.230200 0.280300 0.161700 0.219200 0.194900 0.142200 0.272600 0.300200 0.124900 0.219400 0.000000 0.213900 0.172400 0.194700 0.295300 0.226800 0.214100 0.030500 0.102400 0.263700 0.167200 0.158000 0.185500 0.297700 0.282400 0.203100 0.287600 0.316700 0.222000 0.140000 0.219600 0.142800 0.252200 0.279900 0.205200 0.233400
Bongo 0.149700 0.370200 0.092600 0.363700 0.162700 0.167400 0.144300 0.102000 0.076600 0.243100 0.156400 0.177300 0.214100 0.192500 0.171700 0.128200 0.185400 0.203500 0.187500 0.073800 0.160600 0.186100 0.193500 0.242400 0.178100 0.195100 0.213900 0.000000 0.177500 0.067400 0.260000 0.163100 0.189800 0.211100 0.208000 0.187000 0.153800 0.164300 0.160800 0.261700 0.202900 0.188500 0.252100 0.234800 0.177100 0.145100 0.165700 0.166800 0.282700 0.165000 0.058300 0.049100
Gerenuk 0.148100 0.382300 0.183100 0.374500 0.150500 0.165600 0.124800 0.110000 0.146600 0.228900 0.163800 0.156300 0.172500 0.152600 0.160200 0.090600 0.136000 0.201500 0.205100 0.164300 0.102300 0.145300 0.233800 0.262000 0.146700 0.135700 0.172400 0.177500 0.000000 0.159100 0.279800 0.161800 0.208300 0.170200 0.163300 0.185400 0.210600 0.152000 0.111800 0.281700 0.243400 0.128600 0.249200 0.254500 0.156200 0.125500 0.107800 0.127200 0.175700 0.223500 0.149500 0.176800
CommonElan 0.131300 0.322300 0.091900 0.328500 0.143700 0.168200 0.126900 0.102800 0.041000 0.223300 0.157100 0.121000 0.194800 0.194100 0.153900 0.110800 0.147900 0.205100 0.188400 0.040600 0.142300 0.167300 0.194900 0.201200 0.159200 0.176800 0.194700 0.067400 0.159100 0.000000 0.240200 0.145500 0.171500 0.192100 0.187700 0.149100 0.154500 0.145100 0.142400 0.241800 0.204300 0.160100 0.232300 0.215000 0.120800 0.127600 0.147700 0.148700 0.284900 0.166200 0.024800 0.049800
MuntiacusR 0.270800 0.377100 0.286500 0.307700 0.265200 0.290100 0.261200 0.216400 0.246500 0.057200 0.254700 0.215600 0.295600 0.306900 0.292000 0.245200 0.202900 0.221200 0.290000 0.223200 0.240400 0.300100 0.076400 0.120200 0.280200 0.244700 0.295300 0.260000 0.279800 0.240200 0.000000 0.305000 0.237500 0.269400 0.305000 0.269100 0.317500 0.267800 0.209200 0.118900 0.084900 0.238300 0.040300 0.112200 0.236500 0.263600 0.244400 0.224300 0.372300 0.264300 0.229600 0.258900
HarveysDui 0.174600 0.383000 0.207500 0.402700 0.215700 0.212100 0.087100 0.124400 0.143400 0.276400 0.209800 0.220700 0.227000 0.120800 0.193800 0.151200 0.218800 0.258100 0.221100 0.169400 0.163400 0.201300 0.259500 0.287600 0.212700 0.197900 0.226800 0.163100 0.161800 0.145500 0.305000 0.000000 0.260600 0.204100 0.241700 0.240400 0.217100 0.217800 0.182700 0.304500 0.269100 0.211400 0.297300 0.280400 0.189800 0.140600 0.188400 0.179300 0.272800 0.227300 0.136300 0.162700
Pronghorn 0.190400 0.380400 0.214600 0.346700 0.193400 0.228000 0.221500 0.207600 0.188400 0.221300 0.177300 0.188500 0.214200 0.241400 0.251700 0.216600 0.149600 0.176500 0.227900 0.176500 0.220500 0.226700 0.214400 0.220400 0.198800 0.266800 0.214100 0.189800 0.208300 0.171500 0.237500 0.260600 0.000000 0.192500 0.208000 0.238400 0.213000 0.195200 0.191000 0.258500 0.223600 0.250400 0.229900 0.234100 0.228200 0.204600 0.246400 0.177200 0.315100 0.225100 0.181500 0.208700
BlueWildeb 0.106800 0.408400 0.256800 0.372800 0.154400 0.141200 0.156400 0.189900 0.198700 0.241700 0.139800 0.209200 0.030500 0.224800 0.192200 0.178300 0.207600 0.256000 0.159600 0.216200 0.192500 0.131800 0.247000 0.273900 0.123400 0.216600 0.030500 0.211100 0.170200 0.192100 0.269400 0.204100 0.192500 0.000000 0.101000 0.260200 0.165200 0.155900 0.183000 0.293200 0.256500 0.200400 0.261800 0.289400 0.219100 0.139200 0.216700 0.141100 0.248700 0.299600 0.202500 0.230400
Gemsbok 0.115100 0.434300 0.256700 0.395600 0.146500 0.132900 0.188400 0.205200 0.194700 0.262600 0.131200 0.237800 0.102400 0.242600 0.186600 0.192400 0.214000 0.265800 0.172300 0.213500 0.208200 0.151400 0.281500 0.310500 0.095200 0.233900 0.102400 0.208000 0.163300 0.187700 0.305000 0.241700 0.208000 0.101000 0.000000 0.260500 0.168300 0.128200 0.198000 0.331700 0.291900 0.216600 0.297000 0.328600 0.226800 0.149900 0.212600 0.152100 0.213100 0.313900 0.198900 0.228600
Yak 0.228300 0.406900 0.192300 0.425200 0.210800 0.247000 0.199700 0.186500 0.136900 0.251400 0.245500 0.128300 0.264100 0.241500 0.219600 0.194400 0.173900 0.211400 0.290700 0.135800 0.209900 0.223700 0.244900 0.263100 0.237500 0.224300 0.263700 0.187000 0.185400 0.149100 0.269100 0.240400 0.238400 0.260200 0.260500 0.000000 0.251200 0.213000 0.209800 0.270400 0.254600 0.217700 0.260400 0.265900 0.072800 0.201100 0.214300 0.215300 0.324600 0.233700 0.139600 0.166600
BlueSheep 0.074000 0.481000 0.197500 0.457800 0.118300 0.105300 0.195200 0.152800 0.142600 0.277900 0.105000 0.231100 0.167400 0.207800 0.193600 0.160500 0.250300 0.258100 0.160900 0.159700 0.214500 0.105400 0.272000 0.299200 0.106100 0.238600 0.167200 0.153800 0.210600 0.154500 0.317500 0.217100 0.213000 0.165200 0.168300 0.251200 0.000000 0.138000 0.194100 0.318900 0.281900 0.222100 0.309700 0.315900 0.230800 0.140000 0.198000 0.179900 0.229400 0.258600 0.164400 0.191600
BohorReedb 0.095700 0.439300 0.190000 0.373600 0.016700 0.132000 0.177000 0.152600 0.152300 0.238600 0.102800 0.162900 0.158100 0.228600 0.156100 0.141200 0.181200 0.209400 0.151300 0.170500 0.154700 0.131200 0.199600 0.227300 0.094600 0.190000 0.158000 0.164300 0.152000 0.145100 0.267800 0.217800 0.195200 0.155900 0.128200 0.213000 0.138000 0.000000 0.154900 0.269900 0.209200 0.171900 0.259800 0.242200 0.182700 0.148500 0.180000 0.141400 0.266400 0.254100 0.155500 0.183900
KirksDik 0.150800 0.373100 0.206500 0.340800 0.153300 0.188500 0.126200 0.075600 0.149300 0.181500 0.147400 0.159400 0.185600 0.135400 0.162900 0.101900 0.138600 0.185300 0.208900 0.148000 0.076500 0.187400 0.174400 0.201900 0.168700 0.129100 0.185500 0.160800 0.111800 0.142400 0.209200 0.182700 0.191000 0.183000 0.198000 0.209800 0.194100 0.154900 0.000000 0.219200 0.183700 0.121800 0.201200 0.194100 0.159100 0.146300 0.101500 0.101400 0.199000 0.166900 0.132800 0.160100
RoeDeer 0.272500 0.379900 0.265900 0.358700 0.267100 0.314600 0.260800 0.216400 0.247900 0.130000 0.256300 0.237800 0.320600 0.294200 0.272000 0.246900 0.204500 0.182500 0.291900 0.224800 0.241700 0.301900 0.095200 0.112200 0.281900 0.246400 0.297700 0.261700 0.281700 0.241800 0.118900 0.304500 0.258500 0.293200 0.331700 0.270400 0.318900 0.269900 0.219200 0.000000 0.103800 0.261600 0.111000 0.113200 0.259400 0.243900 0.267200 0.224200 0.325600 0.245100 0.231100 0.260600
WhiteLippe 0.235400 0.376200 0.250500 0.329800 0.207000 0.276800 0.226200 0.181400 0.211000 0.095300 0.219900 0.200900 0.282800 0.281100 0.235300 0.231000 0.168600 0.186600 0.254500 0.208600 0.183700 0.264600 0.008300 0.086500 0.244700 0.240800 0.282400 0.202900 0.243400 0.204300 0.084900 0.269100 0.223600 0.256500 0.291900 0.254600 0.281900 0.209200 0.183700 0.103800 0.000000 0.234200 0.076900 0.078300 0.221800 0.228200 0.229900 0.210200 0.359400 0.228900 0.193900 0.223000
ThomsonGaz 0.158800 0.393400 0.234900 0.398100 0.170200 0.157200 0.153000 0.119700 0.176600 0.231200 0.174500 0.167200 0.203200 0.201700 0.189600 0.118500 0.185100 0.255000 0.196600 0.165500 0.112000 0.175800 0.224600 0.220800 0.176700 0.040100 0.203100 0.188500 0.128600 0.160100 0.238300 0.211400 0.250400 0.200400 0.216600 0.217700 0.222100 0.171900 0.121800 0.261600 0.234200 0.000000 0.230200 0.245200 0.167000 0.153900 0.100200 0.156200 0.281700 0.235100 0.160100 0.167900
MuntiacusC 0.262900 0.343400 0.278700 0.299700 0.257200 0.304800 0.253500 0.208500 0.238700 0.032500 0.247100 0.207100 0.287900 0.299100 0.284300 0.258900 0.174900 0.192800 0.282200 0.236100 0.232400 0.269200 0.068300 0.094000 0.272500 0.236800 0.287600 0.252100 0.249200 0.232300 0.040300 0.297300 0.229900 0.261800 0.297000 0.260400 0.309700 0.259800 0.201200 0.111000 0.076900 0.230200 0.000000 0.104200 0.249900 0.234600 0.257800 0.216500 0.364500 0.256600 0.221600 0.251000
WhiteTaile 0.268700 0.336900 0.261700 0.292600 0.239600 0.311400 0.236800 0.191800 0.221700 0.123400 0.241300 0.211400 0.317200 0.292600 0.256600 0.241900 0.178600 0.185900 0.288100 0.219100 0.215400 0.298600 0.069700 0.042100 0.278300 0.251800 0.316700 0.234800 0.254500 0.215000 0.112200 0.280400 0.234100 0.289400 0.328600 0.265900 0.315900 0.242200 0.194100 0.113200 0.078300 0.245200 0.104200 0.000000 0.232700 0.239000 0.240500 0.210400 0.347300 0.218000 0.193600 0.233900
Cattle 0.187400 0.366500 0.202400 0.384400 0.180900 0.205500 0.151700 0.137800 0.127700 0.229500 0.193600 0.101100 0.222200 0.210600 0.170400 0.145700 0.164500 0.222100 0.247100 0.126600 0.159100 0.204000 0.212400 0.240300 0.196100 0.173900 0.222000 0.177100 0.156200 0.120800 0.236500 0.189800 0.228200 0.219100 0.226800 0.072800 0.230800 0.182700 0.159100 0.259400 0.221800 0.167000 0.249900 0.232700 0.000000 0.162500 0.164400 0.165100 0.302100 0.202900 0.130200 0.137800
RoyalAntel 0.099500 0.360000 0.160700 0.366800 0.147100 0.134100 0.113500 0.107900 0.116300 0.256500 0.151100 0.182000 0.141000 0.159600 0.130000 0.098000 0.180500 0.207700 0.171500 0.133200 0.146300 0.133400 0.218900 0.225400 0.134400 0.142300 0.140000 0.145100 0.125500 0.127600 0.263600 0.140600 0.204600 0.139200 0.149900 0.201100 0.140000 0.148500 0.146300 0.243900 0.228200 0.153900 0.234600 0.239000 0.162500 0.000000 0.151400 0.115800 0.200700 0.207000 0.118500 0.144600
Steenbok 0.155900 0.375600 0.210700 0.368800 0.178300 0.135700 0.150700 0.099800 0.154500 0.237500 0.190900 0.164600 0.219800 0.198600 0.167700 0.098300 0.144200 0.209800 0.213200 0.153200 0.092200 0.191900 0.220500 0.248000 0.173700 0.125300 0.219600 0.165700 0.107800 0.147700 0.244400 0.188400 0.246400 0.216700 0.212600 0.214300 0.198000 0.180000 0.101500 0.267200 0.229900 0.100200 0.257800 0.240500 0.164400 0.151400 0.000000 0.135000 0.244300 0.190900 0.138300 0.146000
Impala 0.119300 0.377600 0.192100 0.308100 0.140000 0.155100 0.132200 0.127000 0.136500 0.196900 0.116500 0.165300 0.142900 0.179800 0.131700 0.117400 0.144900 0.190700 0.174200 0.173000 0.110200 0.154200 0.200900 0.228400 0.136500 0.163100 0.142800 0.166800 0.127200 0.148700 0.224300 0.179300 0.177200 0.141100 0.152100 0.215300 0.179900 0.141400 0.101400 0.224200 0.210200 0.156200 0.216500 0.210400 0.165100 0.115800 0.135000 0.000000 0.203700 0.211800 0.129800 0.166200
Klipspring 0.227300 0.450800 0.264300 0.470000 0.263700 0.245600 0.199900 0.216400 0.246300 0.341800 0.243100 0.325500 0.250600 0.220900 0.279900 0.224200 0.277100 0.251300 0.289000 0.287900 0.240600 0.265500 0.348800 0.367900 0.225000 0.287700 0.252200 0.282700 0.175700 0.284900 0.372300 0.272800 0.315100 0.248700 0.213100 0.324600 0.229400 0.266400 0.199000 0.325600 0.359400 0.281700 0.364500 0.347300 0.302100 0.200700 0.244300 0.203700 0.000000 0.286900 0.273700 0.304300
ForestMusk 0.235600 0.345700 0.209300 0.403500 0.251500 0.254000 0.227200 0.164300 0.172800 0.258000 0.241700 0.203100 0.281800 0.258800 0.207000 0.172100 0.191000 0.229000 0.297800 0.171500 0.206400 0.273900 0.219600 0.225700 0.266200 0.262400 0.279900 0.165000 0.223500 0.166200 0.264300 0.227300 0.225100 0.299600 0.313900 0.233700 0.258600 0.254100 0.166900 0.245100 0.228900 0.235100 0.256600 0.218000 0.202900 0.207000 0.190900 0.211800 0.286900 0.000000 0.156700 0.164300
Bushbuck 0.141200 0.310000 0.085400 0.303700 0.153900 0.178500 0.117900 0.093800 0.032500 0.212700 0.157600 0.130400 0.205400 0.184300 0.135400 0.101800 0.138400 0.195100 0.199000 0.048900 0.132700 0.177500 0.184600 0.212200 0.169500 0.167100 0.205200 0.058300 0.149500 0.024800 0.229600 0.136300 0.181500 0.202500 0.198900 0.139600 0.164400 0.155500 0.132800 0.231100 0.193900 0.160100 0.221600 0.193600 0.130200 0.118500 0.138300 0.129800 0.273700 0.156700 0.000000 0.041100
GreaterKud 0.168600 0.343300 0.090200 0.349600 0.182000 0.186400 0.143900 0.119900 0.057100 0.242100 0.194800 0.157100 0.233700 0.212000 0.170900 0.127800 0.165200 0.223200 0.206800 0.073500 0.160200 0.205400 0.213500 0.241400 0.197500 0.194600 0.233400 0.049100 0.176800 0.049800 0.258900 0.162700 0.208700 0.230400 0.228600 0.166600 0.191600 0.183900 0.160100 0.260600 0.223000 0.167900 0.251000 0.233900 0.137800 0.144600 0.146000 0.166200 0.304300 0.164300 0.041100 0.000000
