1
52 1
Argali 0.000000 0.110500 0.036300 0.078400 0.036000 0.000000 0.000000 0.036900 0.000000 0.073500 0.000000 0.074900 0.000100 0.035300 0.038000 0.036700 0.035100 0.000000 0.035200 0.000000 0.000100 0.000000 0.073600 0.073600 0.000000 0.000000 0.000100 0.000000 0.000000 0.037100 0.073600 0.000100 0.072800 0.035100 0.000000 0.074400 0.000100 0.000000 0.072400 0.073600 0.074300 0.000000 0.073600 0.108500 0.074400 0.036900 0.000100 0.038100 0.000000 0.000200 0.000000 0.000000
LesserMous 0.110500 0.000000 0.150200 0.199200 0.148100 0.110500 0.110500 0.151600 0.110500 0.187900 0.110500 0.191500 0.110000 0.144700 0.155500 0.149700 0.143300 0.110500 0.144200 0.110500 0.110900 0.110500 0.189300 0.189300 0.110500 0.110500 0.110000 0.110500 0.110500 0.152700 0.189300 0.111900 0.147500 0.143600 0.110500 0.191000 0.147800 0.110500 0.107500 0.189300 0.190300 0.110500 0.189300 0.223300 0.191000 0.151400 0.110800 0.157200 0.110500 0.127400 0.110500 0.110500
LesserKudu 0.036300 0.150200 0.000000 0.076200 0.073000 0.036300 0.036300 0.074800 0.036300 0.111700 0.036300 0.113800 0.036300 0.071400 0.076900 0.074200 0.071000 0.036300 0.071200 0.036300 0.036700 0.036300 0.111900 0.111900 0.036300 0.036300 0.036300 0.036300 0.036300 0.075200 0.111900 0.036900 0.110700 0.071100 0.036300 0.112900 0.037300 0.036300 0.110200 0.111900 0.112900 0.036300 0.111900 0.146800 0.112900 0.074700 0.036600 0.077200 0.036300 0.036200 0.036300 0.036300
KillerWhal 0.078400 0.199200 0.076200 0.000000 0.118000 0.078400 0.078400 0.118300 0.078400 0.160100 0.078400 0.163300 0.078000 0.115200 0.124400 0.119300 0.114100 0.078400 0.114800 0.078400 0.078700 0.078400 0.161100 0.161100 0.078400 0.078400 0.078000 0.078400 0.078400 0.121900 0.161100 0.079300 0.159000 0.114200 0.078400 0.162800 0.117700 0.078400 0.158300 0.161100 0.162100 0.078400 0.161100 0.197700 0.162800 0.121000 0.078600 0.125400 0.078400 0.095000 0.078400 0.078400
DefassaWat 0.036000 0.148100 0.073000 0.118000 0.000000 0.036000 0.036000 0.074100 0.036000 0.110700 0.036000 0.112800 0.036000 0.070800 0.076200 0.073600 0.070400 0.036000 0.070600 0.036000 0.036400 0.036000 0.110900 0.110900 0.036000 0.036000 0.036000 0.036000 0.036000 0.074600 0.110900 0.036700 0.109700 0.070400 0.036000 0.111900 0.037000 0.036000 0.109400 0.110900 0.111900 0.036000 0.110900 0.145500 0.111900 0.074000 0.036300 0.076500 0.036000 0.035900 0.036000 0.036000
Sheep 0.000000 0.110500 0.036300 0.078400 0.036000 0.000000 0.000000 0.036900 0.000000 0.073500 0.000000 0.074900 0.000100 0.035300 0.038000 0.036700 0.035100 0.000000 0.035200 0.000000 0.000100 0.000000 0.073600 0.073600 0.000000 0.000000 0.000100 0.000000 0.000000 0.037100 0.073600 0.000100 0.072800 0.035100 0.000000 0.074400 0.000100 0.000000 0.072400 0.073600 0.074300 0.000000 0.073600 0.108500 0.074400 0.036900 0.000100 0.038100 0.000000 0.000200 0.000000 0.000000
MaxwellsDu 0.000000 0.110500 0.036300 0.078400 0.036000 0.000000 0.000000 0.036900 0.000000 0.073500 0.000000 0.074900 0.000100 0.035300 0.038000 0.036700 0.035100 0.000000 0.035200 0.000000 0.000100 0.000000 0.073600 0.073600 0.000000 0.000000 0.000100 0.000000 0.000000 0.037100 0.073600 0.000100 0.072800 0.035100 0.000000 0.074400 0.000100 0.000000 0.072400 0.073600 0.074300 0.000000 0.073600 0.108500 0.074400 0.036900 0.000100 0.038100 0.000000 0.000200 0.000000 0.000000
GazellaPrz 0.036900 0.151600 0.074800 0.118300 0.074100 0.036900 0.036900 0.000000 0.036900 0.113400 0.036900 0.115700 0.036800 0.072500 0.078200 0.075400 0.072100 0.036900 0.072300 0.036900 0.037200 0.036900 0.113600 0.113600 0.036900 0.036900 0.036800 0.036900 0.036900 0.076400 0.113600 0.037600 0.112300 0.072100 0.036900 0.114800 0.037800 0.036900 0.111600 0.113600 0.114600 0.036900 0.113600 0.148900 0.114800 0.075800 0.037200 0.078400 0.036900 0.036700 0.036900 0.036900
MountainNy 0.000000 0.110500 0.036300 0.078400 0.036000 0.000000 0.000000 0.036900 0.000000 0.073500 0.000000 0.074900 0.000100 0.035300 0.038000 0.036700 0.035100 0.000000 0.035200 0.000000 0.000100 0.000000 0.073600 0.073600 0.000000 0.000000 0.000100 0.000000 0.000000 0.037100 0.073600 0.000100 0.072800 0.035100 0.000000 0.074400 0.000100 0.000000 0.072400 0.073600 0.074300 0.000000 0.073600 0.108500 0.074400 0.036900 0.000100 0.038100 0.000000 0.000200 0.000000 0.000000
MuntiacusM 0.073500 0.187900 0.111700 0.160100 0.110700 0.073500 0.073500 0.113400 0.073500 0.000000 0.073500 0.152800 0.072900 0.108300 0.116000 0.112100 0.107100 0.073500 0.108000 0.073500 0.073800 0.073500 0.000100 0.000100 0.073500 0.073500 0.072900 0.073500 0.073500 0.114200 0.000100 0.074400 0.149400 0.107300 0.073500 0.152500 0.075000 0.073500 0.148600 0.000100 0.000200 0.073500 0.000100 0.034300 0.152500 0.113200 0.073600 0.117000 0.073500 0.072700 0.073500 0.073500
goat 0.000000 0.110500 0.036300 0.078400 0.036000 0.000000 0.000000 0.036900 0.000000 0.073500 0.000000 0.074900 0.000100 0.035300 0.038000 0.036700 0.035100 0.000000 0.035200 0.000000 0.000100 0.000000 0.073600 0.073600 0.000000 0.000000 0.000100 0.000000 0.000000 0.037100 0.073600 0.000100 0.072800 0.035100 0.000000 0.074400 0.000100 0.000000 0.072400 0.073600 0.074300 0.000000 0.073600 0.108500 0.074400 0.036900 0.000100 0.038100 0.000000 0.000200 0.000000 0.000000
AfricanBuf 0.074900 0.191500 0.113800 0.163300 0.112800 0.074900 0.074900 0.115700 0.074900 0.152800 0.074900 0.000000 0.074400 0.110500 0.118400 0.114300 0.109200 0.074900 0.110100 0.074900 0.075200 0.074900 0.153900 0.153900 0.074900 0.074900 0.074400 0.074900 0.074900 0.116300 0.153900 0.075800 0.152200 0.109400 0.074900 0.000100 0.076400 0.074900 0.151100 0.153900 0.154500 0.074900 0.153900 0.189400 0.000100 0.115400 0.075100 0.119600 0.074900 0.074100 0.074900 0.074900
Topi 0.000100 0.110000 0.036300 0.078000 0.036000 0.000100 0.000100 0.036800 0.000100 0.072900 0.000100 0.074400 0.000000 0.035200 0.037700 0.036500 0.034800 0.000100 0.035100 0.000100 0.000200 0.000100 0.073500 0.073500 0.000100 0.000100 0.000000 0.000100 0.000100 0.037100 0.073500 0.000200 0.072700 0.034600 0.000100 0.074300 0.000200 0.000100 0.072300 0.073500 0.073900 0.000100 0.073500 0.108500 0.074300 0.036800 0.000200 0.039100 0.000100 0.000200 0.000100 0.000100
CommonDuik 0.035300 0.144700 0.071400 0.115200 0.070800 0.035300 0.035300 0.072500 0.035300 0.108300 0.035300 0.110500 0.035200 0.000000 0.074500 0.072200 0.069000 0.035300 0.069200 0.035300 0.035600 0.035300 0.108500 0.108500 0.035300 0.035300 0.035200 0.035300 0.035300 0.072900 0.108500 0.035900 0.107400 0.069100 0.035300 0.109600 0.036100 0.035300 0.106700 0.108500 0.109500 0.035300 0.108500 0.142600 0.109600 0.072400 0.035500 0.074800 0.035300 0.035100 0.035300 0.035300
Suni 0.038000 0.155500 0.076900 0.124400 0.076200 0.038000 0.038000 0.078200 0.038000 0.116000 0.038000 0.118400 0.037700 0.074500 0.000000 0.077200 0.073700 0.038000 0.074300 0.038000 0.038100 0.038000 0.116900 0.116900 0.038000 0.038000 0.037700 0.038000 0.038000 0.078600 0.116900 0.038400 0.115500 0.073700 0.038000 0.118300 0.038800 0.038000 0.115000 0.116900 0.117400 0.038000 0.116900 0.153000 0.118300 0.078000 0.038000 0.080800 0.038000 0.037500 0.038000 0.038000
Springbuck 0.036700 0.149700 0.074200 0.119300 0.073600 0.036700 0.036700 0.075400 0.036700 0.112100 0.036700 0.114300 0.036500 0.072200 0.077200 0.000000 0.071500 0.036700 0.071900 0.036700 0.036800 0.036700 0.112800 0.112800 0.036700 0.036700 0.036500 0.036700 0.036700 0.075800 0.112800 0.037100 0.111500 0.071600 0.036700 0.114100 0.037400 0.036700 0.110800 0.112800 0.113200 0.036700 0.112800 0.148100 0.114100 0.075200 0.036800 0.078000 0.036700 0.036300 0.036700 0.036700
Okapi 0.035100 0.143300 0.071000 0.114100 0.070400 0.035100 0.035100 0.072100 0.035100 0.107100 0.035100 0.109200 0.034800 0.069000 0.073700 0.071500 0.000000 0.035100 0.068900 0.035100 0.035200 0.035100 0.107900 0.107900 0.035100 0.035100 0.034800 0.035100 0.035100 0.072500 0.107900 0.035500 0.106800 0.068700 0.035100 0.109000 0.035700 0.035100 0.106100 0.107900 0.108400 0.035100 0.107900 0.141800 0.109000 0.071900 0.035100 0.074200 0.035100 0.034600 0.035100 0.035100
Giraffe 0.000000 0.110500 0.036300 0.078400 0.036000 0.000000 0.000000 0.036900 0.000000 0.073500 0.000000 0.074900 0.000100 0.035300 0.038000 0.036700 0.035100 0.000000 0.035200 0.000000 0.000100 0.000000 0.073600 0.073600 0.000000 0.000000 0.000100 0.000000 0.000000 0.037100 0.073600 0.000100 0.072800 0.035100 0.000000 0.074400 0.000100 0.000000 0.072400 0.073600 0.074300 0.000000 0.073600 0.108500 0.074400 0.036900 0.000100 0.038100 0.000000 0.000200 0.000000 0.000000
TibetanAnt 0.035200 0.144200 0.071200 0.114800 0.070600 0.035200 0.035200 0.072300 0.035200 0.108000 0.035200 0.110100 0.035100 0.069200 0.074300 0.071900 0.068900 0.035200 0.000000 0.035200 0.035500 0.035200 0.108200 0.108200 0.035200 0.035200 0.035100 0.035200 0.035200 0.072600 0.108200 0.035700 0.107100 0.068900 0.035200 0.109300 0.036000 0.035200 0.106400 0.108200 0.109100 0.035200 0.108200 0.142100 0.109300 0.072100 0.035400 0.074500 0.035200 0.035000 0.035200 0.035200
Sitatunga 0.000000 0.110500 0.036300 0.078400 0.036000 0.000000 0.000000 0.036900 0.000000 0.073500 0.000000 0.074900 0.000100 0.035300 0.038000 0.036700 0.035100 0.000000 0.035200 0.000000 0.000100 0.000000 0.073600 0.073600 0.000000 0.000000 0.000100 0.000000 0.000000 0.037100 0.073600 0.000100 0.072800 0.035100 0.000000 0.074400 0.000100 0.000000 0.072400 0.073600 0.074300 0.000000 0.073600 0.108500 0.074400 0.036900 0.000100 0.038100 0.000000 0.000200 0.000000 0.000000
Oribi 0.000100 0.110900 0.036700 0.078700 0.036400 0.000100 0.000100 0.037200 0.000100 0.073800 0.000100 0.075200 0.000200 0.035600 0.038100 0.036800 0.035200 0.000100 0.035500 0.000100 0.000000 0.000100 0.074300 0.074300 0.000100 0.000100 0.000200 0.000100 0.000100 0.037500 0.074300 0.000200 0.073400 0.035300 0.000100 0.075000 0.000200 0.000100 0.073000 0.074300 0.074500 0.000100 0.074300 0.109500 0.075000 0.037200 0.000200 0.038500 0.000100 0.000200 0.000100 0.000100
BarbaryShe 0.000000 0.110500 0.036300 0.078400 0.036000 0.000000 0.000000 0.036900 0.000000 0.073500 0.000000 0.074900 0.000100 0.035300 0.038000 0.036700 0.035100 0.000000 0.035200 0.000000 0.000100 0.000000 0.073600 0.073600 0.000000 0.000000 0.000100 0.000000 0.000000 0.037100 0.073600 0.000100 0.072800 0.035100 0.000000 0.074400 0.000100 0.000000 0.072400 0.073600 0.074300 0.000000 0.073600 0.108500 0.074400 0.036900 0.000100 0.038100 0.000000 0.000200 0.000000 0.000000
Daviddeer 0.073600 0.189300 0.111900 0.161100 0.110900 0.073600 0.073600 0.113600 0.073600 0.000100 0.073600 0.153900 0.073500 0.108500 0.116900 0.112800 0.107900 0.073600 0.108200 0.073600 0.074300 0.073600 0.000000 0.000000 0.073600 0.073600 0.073500 0.073600 0.073600 0.114300 0.000000 0.074900 0.149600 0.108100 0.073600 0.152700 0.075500 0.073600 0.148800 0.000000 0.000100 0.073600 0.000000 0.034400 0.152700 0.113500 0.074100 0.117400 0.073600 0.073200 0.073600 0.073600
Reindeer 0.073600 0.189300 0.111900 0.161100 0.110900 0.073600 0.073600 0.113600 0.073600 0.000100 0.073600 0.153900 0.073500 0.108500 0.116900 0.112800 0.107900 0.073600 0.108200 0.073600 0.074300 0.073600 0.000000 0.000000 0.073600 0.073600 0.073500 0.073600 0.073600 0.114300 0.000000 0.074900 0.149600 0.108100 0.073600 0.152700 0.075500 0.073600 0.148800 0.000000 0.000100 0.073600 0.000000 0.034400 0.152700 0.113500 0.074100 0.117400 0.073600 0.073200 0.073600 0.073600
Ibex 0.000000 0.110500 0.036300 0.078400 0.036000 0.000000 0.000000 0.036900 0.000000 0.073500 0.000000 0.074900 0.000100 0.035300 0.038000 0.036700 0.035100 0.000000 0.035200 0.000000 0.000100 0.000000 0.073600 0.073600 0.000000 0.000000 0.000100 0.000000 0.000000 0.037100 0.073600 0.000100 0.072800 0.035100 0.000000 0.074400 0.000100 0.000000 0.072400 0.073600 0.074300 0.000000 0.073600 0.108500 0.074400 0.036900 0.000100 0.038100 0.000000 0.000200 0.000000 0.000000
GyrantGaze 0.000000 0.110500 0.036300 0.078400 0.036000 0.000000 0.000000 0.036900 0.000000 0.073500 0.000000 0.074900 0.000100 0.035300 0.038000 0.036700 0.035100 0.000000 0.035200 0.000000 0.000100 0.000000 0.073600 0.073600 0.000000 0.000000 0.000100 0.000000 0.000000 0.037100 0.073600 0.000100 0.072800 0.035100 0.000000 0.074400 0.000100 0.000000 0.072400 0.064100 0.074300 0.000000 0.073600 0.108500 0.074400 0.036900 0.000100 0.038100 0.000000 0.000200 0.000000 0.000000
Hartebeest 0.000100 0.110000 0.036300 0.078000 0.036000 0.000100 0.000100 0.036800 0.000100 0.072900 0.000100 0.074400 0.000000 0.035200 0.037700 0.036500 0.034800 0.000100 0.035100 0.000100 0.000200 0.000100 0.073500 0.073500 0.000100 0.000100 0.000000 0.000100 0.000100 0.037100 0.073500 0.000200 0.072700 0.034600 0.000100 0.074300 0.000200 0.000100 0.072300 0.073500 0.073900 0.000100 0.073500 0.108500 0.074300 0.036800 0.000200 0.039100 0.000100 0.000200 0.000100 0.000100
Bongo 0.000000 0.110500 0.036300 0.078400 0.036000 0.000000 0.000000 0.036900 0.000000 0.073500 0.000000 0.074900 0.000100 0.035300 0.038000 0.036700 0.035100 0.000000 0.035200 0.000000 0.000100 0.000000 0.073600 0.073600 0.000000 0.000000 0.000100 0.000000 0.000000 0.037100 0.073600 0.000100 0.072800 0.035100 0.000000 0.074400 0.000100 0.000000 0.072400 0.073600 0.074300 0.000000 0.073600 0.108500 0.074400 0.036900 0.000100 0.038100 0.000000 0.000200 0.000000 0.000000
Gerenuk 0.000000 0.110500 0.036300 0.078400 0.036000 0.000000 0.000000 0.036900 0.000000 0.073500 0.000000 0.074900 0.000100 0.035300 0.038000 0.036700 0.035100 0.000000 0.035200 0.000000 0.000100 0.000000 0.073600 0.073600 0.000000 0.000000 0.000100 0.000000 0.000000 0.037100 0.073600 0.000100 0.072800 0.035100 0.000000 0.074400 0.000100 0.000000 0.072400 0.073600 0.074300 0.000000 0.073600 0.108500 0.074400 0.036900 0.000100 0.038100 0.000000 0.000200 0.000000 0.000000
CommonElan 0.037100 0.152700 0.075200 0.121900 0.074600 0.037100 0.037100 0.076400 0.037100 0.114200 0.037100 0.116300 0.037100 0.072900 0.078600 0.075800 0.072500 0.037100 0.072600 0.037100 0.037500 0.037100 0.114300 0.114300 0.037100 0.037100 0.037100 0.037100 0.037100 0.000000 0.114300 0.037800 0.113000 0.072500 0.037100 0.115400 0.038100 0.037100 0.112600 0.114300 0.115400 0.037100 0.114300 0.149800 0.115400 0.076300 0.037400 0.078900 0.037100 0.036900 0.037100 0.037100
MuntiacusR 0.073600 0.189300 0.111900 0.161100 0.110900 0.073600 0.073600 0.113600 0.073600 0.000100 0.073600 0.153900 0.073500 0.108500 0.116900 0.112800 0.107900 0.073600 0.108200 0.073600 0.074300 0.073600 0.000000 0.000000 0.073600 0.073600 0.073500 0.073600 0.073600 0.114300 0.000000 0.074900 0.149600 0.108100 0.073600 0.152700 0.075500 0.073600 0.148800 0.000000 0.000100 0.073600 0.000000 0.034400 0.152700 0.113500 0.074100 0.117400 0.073600 0.073200 0.073600 0.073600
HarveysDui 0.000100 0.111900 0.036900 0.079300 0.036700 0.000100 0.000100 0.037600 0.000100 0.074400 0.000100 0.075800 0.000200 0.035900 0.038400 0.037100 0.035500 0.000100 0.035700 0.000100 0.000200 0.000100 0.074900 0.074900 0.000100 0.000100 0.000200 0.000100 0.000100 0.037800 0.074900 0.000000 0.074000 0.035500 0.000100 0.075700 0.000200 0.000100 0.073600 0.074900 0.075200 0.000100 0.074900 0.110400 0.075700 0.037500 0.000200 0.038800 0.000100 0.000200 0.000100 0.000100
Pronghorn 0.072800 0.147500 0.110700 0.159000 0.109700 0.072800 0.072800 0.112300 0.072800 0.149400 0.072800 0.152200 0.072700 0.107400 0.115500 0.111500 0.106800 0.072800 0.107100 0.072800 0.073400 0.072800 0.149600 0.149600 0.072800 0.072800 0.072700 0.072800 0.072800 0.113000 0.149600 0.074000 0.000000 0.106900 0.072800 0.151000 0.074600 0.072800 0.108800 0.149600 0.150900 0.072800 0.149600 0.184100 0.151000 0.112200 0.073400 0.116000 0.072800 0.072500 0.072800 0.072800
BlueWildeb 0.035100 0.143600 0.071100 0.114200 0.070400 0.035100 0.035100 0.072100 0.035100 0.107300 0.035100 0.109400 0.034600 0.069100 0.073700 0.071600 0.068700 0.035100 0.068900 0.035100 0.035300 0.035100 0.108100 0.108100 0.035100 0.035100 0.034600 0.035100 0.035100 0.072500 0.108100 0.035500 0.106900 0.000000 0.035100 0.109100 0.035800 0.035100 0.106200 0.108100 0.108600 0.035100 0.108100 0.142000 0.109100 0.072000 0.035200 0.076200 0.035100 0.034700 0.035100 0.035100
Gemsbok 0.000000 0.110500 0.036300 0.078400 0.036000 0.000000 0.000000 0.036900 0.000000 0.073500 0.000000 0.074900 0.000100 0.035300 0.038000 0.036700 0.035100 0.000000 0.035200 0.000000 0.000100 0.000000 0.073600 0.073600 0.000000 0.000000 0.000100 0.000000 0.000000 0.037100 0.073600 0.000100 0.072800 0.035100 0.000000 0.074400 0.000100 0.000000 0.072400 0.073600 0.074300 0.000000 0.073600 0.108500 0.074400 0.036900 0.000100 0.038100 0.000000 0.000200 0.000000 0.000000
Yak 0.074400 0.191000 0.112900 0.162800 0.111900 0.074400 0.074400 0.114800 0.074400 0.152500 0.074400 0.000100 0.074300 0.109600 0.118300 0.114100 0.109000 0.074400 0.109300 0.074400 0.075000 0.074400 0.152700 0.152700 0.074400 0.074400 0.074300 0.074400 0.074400 0.115400 0.152700 0.075700 0.151000 0.109100 0.074400 0.000000 0.076200 0.074400 0.150000 0.152700 0.154100 0.074400 0.152700 0.187800 0.000000 0.114500 0.074900 0.118700 0.074400 0.073900 0.074400 0.074400
BlueSheep 0.000100 0.147800 0.037300 0.117700 0.037000 0.000100 0.000100 0.037800 0.000100 0.075000 0.000100 0.076400 0.000200 0.036100 0.038800 0.037400 0.035700 0.000100 0.036000 0.000100 0.000200 0.000100 0.075500 0.075500 0.000100 0.000100 0.000200 0.000100 0.000100 0.038100 0.075500 0.000200 0.074600 0.035800 0.000100 0.076200 0.000000 0.000100 0.074400 0.075500 0.075700 0.000100 0.075500 0.111200 0.076200 0.037800 0.000200 0.039100 0.000100 0.035900 0.000100 0.000100
BohorReedb 0.000000 0.110500 0.036300 0.078400 0.036000 0.000000 0.000000 0.036900 0.000000 0.073500 0.000000 0.074900 0.000100 0.035300 0.038000 0.036700 0.035100 0.000000 0.035200 0.000000 0.000100 0.000000 0.073600 0.073600 0.000000 0.000000 0.000100 0.000000 0.000000 0.037100 0.073600 0.000100 0.072800 0.035100 0.000000 0.074400 0.000100 0.000000 0.072400 0.073600 0.074300 0.000000 0.073600 0.108500 0.074400 0.036900 0.000100 0.038100 0.000000 0.000200 0.000000 0.000000
KirksDik 0.072400 0.107500 0.110200 0.158300 0.109400 0.072400 0.072400 0.111600 0.072400 0.148600 0.072400 0.151100 0.072300 0.106700 0.115000 0.110800 0.106100 0.072400 0.106400 0.072400 0.073000 0.072400 0.148800 0.148800 0.072400 0.072400 0.072300 0.072400 0.072400 0.112600 0.148800 0.073600 0.108800 0.106200 0.072400 0.150000 0.074400 0.072400 0.000000 0.148800 0.150200 0.072400 0.148800 0.183000 0.150000 0.111700 0.072900 0.115500 0.072400 0.072200 0.072400 0.072400
RoeDeer 0.073600 0.189300 0.111900 0.161100 0.110900 0.073600 0.073600 0.113600 0.073600 0.000100 0.073600 0.153900 0.073500 0.108500 0.116900 0.112800 0.107900 0.073600 0.108200 0.073600 0.074300 0.073600 0.000000 0.000000 0.073600 0.064100 0.073500 0.073600 0.073600 0.114300 0.000000 0.074900 0.149600 0.108100 0.073600 0.152700 0.075500 0.073600 0.148800 0.000000 0.000100 0.073600 0.000000 0.034400 0.152700 0.113500 0.074100 0.117400 0.073600 0.073200 0.073600 0.073600
WhiteLippe 0.074300 0.190300 0.112900 0.162100 0.111900 0.074300 0.074300 0.114600 0.074300 0.000200 0.074300 0.154500 0.073900 0.109500 0.117400 0.113200 0.108400 0.074300 0.109100 0.074300 0.074500 0.074300 0.000100 0.000100 0.074300 0.074300 0.073900 0.074300 0.074300 0.115400 0.000100 0.075200 0.150900 0.108600 0.074300 0.154100 0.075700 0.074300 0.150200 0.000100 0.000000 0.074300 0.000100 0.034700 0.154100 0.114500 0.074400 0.118600 0.074300 0.074100 0.074300 0.074300
ThomsonGaz 0.000000 0.110500 0.036300 0.078400 0.036000 0.000000 0.000000 0.036900 0.000000 0.073500 0.000000 0.074900 0.000100 0.035300 0.038000 0.036700 0.035100 0.000000 0.035200 0.000000 0.000100 0.000000 0.073600 0.073600 0.000000 0.000000 0.000100 0.000000 0.000000 0.037100 0.073600 0.000100 0.072800 0.035100 0.000000 0.074400 0.000100 0.000000 0.072400 0.073600 0.074300 0.000000 0.073600 0.108500 0.074400 0.036900 0.000100 0.038100 0.000000 0.000200 0.000000 0.000000
MuntiacusC 0.073600 0.189300 0.111900 0.161100 0.110900 0.073600 0.073600 0.113600 0.073600 0.000100 0.073600 0.153900 0.073500 0.108500 0.116900 0.112800 0.107900 0.073600 0.108200 0.073600 0.074300 0.073600 0.000000 0.000000 0.073600 0.073600 0.073500 0.073600 0.073600 0.114300 0.000000 0.074900 0.149600 0.108100 0.073600 0.152700 0.075500 0.073600 0.148800 0.000000 0.000100 0.073600 0.000000 0.034400 0.152700 0.113500 0.074100 0.117400 0.073600 0.073200 0.073600 0.073600
WhiteTaile 0.108500 0.223300 0.146800 0.197700 0.145500 0.108500 0.108500 0.148900 0.108500 0.034300 0.108500 0.189400 0.108500 0.142600 0.153000 0.148100 0.141800 0.108500 0.142100 0.108500 0.109500 0.108500 0.034400 0.034400 0.108500 0.108500 0.108500 0.108500 0.108500 0.149800 0.034400 0.110400 0.184100 0.142000 0.108500 0.187800 0.111200 0.108500 0.183000 0.034400 0.034700 0.108500 0.034400 0.000000 0.187800 0.148700 0.109400 0.153800 0.108500 0.108000 0.108500 0.108500
Cattle 0.074400 0.191000 0.112900 0.162800 0.111900 0.074400 0.074400 0.114800 0.074400 0.152500 0.074400 0.000100 0.074300 0.109600 0.118300 0.114100 0.109000 0.074400 0.109300 0.074400 0.075000 0.074400 0.152700 0.152700 0.074400 0.074400 0.074300 0.074400 0.074400 0.115400 0.152700 0.075700 0.151000 0.109100 0.074400 0.000000 0.076200 0.074400 0.150000 0.152700 0.154100 0.074400 0.152700 0.187800 0.000000 0.114500 0.074900 0.118700 0.074400 0.073900 0.074400 0.074400
RoyalAntel 0.036900 0.151400 0.074700 0.121000 0.074000 0.036900 0.036900 0.075800 0.036900 0.113200 0.036900 0.115400 0.036800 0.072400 0.078000 0.075200 0.071900 0.036900 0.072100 0.036900 0.037200 0.036900 0.113500 0.113500 0.036900 0.036900 0.036800 0.036900 0.036900 0.076300 0.113500 0.037500 0.112200 0.072000 0.036900 0.114500 0.037800 0.036900 0.111700 0.113500 0.114500 0.036900 0.113500 0.148700 0.114500 0.000000 0.037100 0.078300 0.036900 0.036600 0.036900 0.036900
Steenbok 0.000100 0.110800 0.036600 0.078600 0.036300 0.000100 0.000100 0.037200 0.000100 0.073600 0.000100 0.075100 0.000200 0.035500 0.038000 0.036800 0.035100 0.000100 0.035400 0.000100 0.000200 0.000100 0.074100 0.074100 0.000100 0.000100 0.000200 0.000100 0.000100 0.037400 0.074100 0.000200 0.073400 0.035200 0.000100 0.074900 0.000200 0.000100 0.072900 0.074100 0.074400 0.000100 0.074100 0.109400 0.074900 0.037100 0.000000 0.038300 0.000100 0.000200 0.000100 0.000100
Impala 0.038100 0.157200 0.077200 0.125400 0.076500 0.038100 0.038100 0.078400 0.038100 0.117000 0.038100 0.119600 0.039100 0.074800 0.080800 0.078000 0.074200 0.038100 0.074500 0.038100 0.038500 0.038100 0.117400 0.117400 0.038100 0.038100 0.039100 0.038100 0.038100 0.078900 0.117400 0.038800 0.116000 0.076200 0.038100 0.118700 0.039100 0.038100 0.115500 0.117400 0.118600 0.038100 0.117400 0.153800 0.118700 0.078300 0.038300 0.000000 0.038100 0.037800 0.038100 0.038100
Klipspring 0.000000 0.110500 0.036300 0.078400 0.036000 0.000000 0.000000 0.036900 0.000000 0.073500 0.000000 0.074900 0.000100 0.035300 0.038000 0.036700 0.035100 0.000000 0.035200 0.000000 0.000100 0.000000 0.073600 0.073600 0.000000 0.000000 0.000100 0.000000 0.000000 0.037100 0.073600 0.000100 0.072800 0.035100 0.000000 0.074400 0.000100 0.000000 0.072400 0.073600 0.074300 0.000000 0.073600 0.108500 0.074400 0.036900 0.000100 0.038100 0.000000 0.000200 0.000000 0.000000
ForestMusk 0.000200 0.127400 0.036200 0.095000 0.035900 0.000200 0.000200 0.036700 0.000200 0.072700 0.000200 0.074100 0.000200 0.035100 0.037500 0.036300 0.034600 0.000200 0.035000 0.000200 0.000200 0.000200 0.073200 0.073200 0.000200 0.000200 0.000200 0.000200 0.000200 0.036900 0.073200 0.000200 0.072500 0.034700 0.000200 0.073900 0.035900 0.000200 0.072200 0.073200 0.074100 0.000200 0.073200 0.108000 0.073900 0.036600 0.000200 0.037800 0.000200 0.000000 0.000200 0.000200
Bushbuck 0.000000 0.110500 0.036300 0.078400 0.036000 0.000000 0.000000 0.036900 0.000000 0.073500 0.000000 0.074900 0.000100 0.035300 0.038000 0.036700 0.035100 0.000000 0.035200 0.000000 0.000100 0.000000 0.073600 0.073600 0.000000 0.000000 0.000100 0.000000 0.000000 0.037100 0.073600 0.000100 0.072800 0.035100 0.000000 0.074400 0.000100 0.000000 0.072400 0.073600 0.074300 0.000000 0.073600 0.108500 0.074400 0.036900 0.000100 0.038100 0.000000 0.000200 0.000000 0.000000
GreaterKud 0.000000 0.110500 0.036300 0.078400 0.036000 0.000000 0.000000 0.036900 0.000000 0.073500 0.000000 0.074900 0.000100 0.035300 0.038000 0.036700 0.035100 0.000000 0.035200 0.000000 0.000100 0.000000 0.073600 0.073600 0.000000 0.000000 0.000100 0.000000 0.000000 0.037100 0.073600 0.000100 0.072800 0.035100 0.000000 0.074400 0.000100 0.000000 0.072400 0.073600 0.074300 0.000000 0.073600 0.108500 0.074400 0.036900 0.000100 0.038100 0.000000 0.000200 0.000000 0.000000
