CODONML (in paml version 4.10.7, June 2023)  /home/rachel/ruminants_paml/6406-phy-tree/ENSBTAT00000006696.fasta.phy
Model: free dN/dS Ratios for branches,  kappa = 2.000 fixed

Codon frequency model: F3x4
ns =  54  ls =  23

Codon usage in sequences
--------------------------------------------------------------------------------------------------------------------------------------
Phe TTT   0   0   0   0   0   0 | Ser TCT   0   0   0   0   0   0 | Tyr TAT   1   1   1   1   2   2 | Cys TGT   0   1   0   0   1   1
    TTC   0   0   0   0   0   0 |     TCC   0   0   0   0   0   0 |     TAC   1   1   1   1   0   0 |     TGC   0   0   0   0   0   0
Leu TTA   0   0   0   0   0   0 |     TCA   0   0   0   0   0   0 | *** TAA   0   0   0   0   0   0 | *** TGA   0   0   0   0   0   0
    TTG   0   0   0   0   1   0 |     TCG   0   0   0   0   0   0 |     TAG   0   0   0   0   0   0 | Trp TGG   0   0   0   0   0   0
--------------------------------------------------------------------------------------------------------------------------------------
Leu CTT   1   0   0   0   0   0 | Pro CCT   0   0   0   0   0   0 | His CAT   0   0   0   0   0   0 | Arg CGT   0   0   0   0   0   0
    CTC   0   0   0   0   0   0 |     CCC   0   0   0   0   0   0 |     CAC   1   1   1   1   1   1 |     CGC   0   0   0   0   0   0
    CTA   0   0   0   0   0   0 |     CCA   0   0   0   0   0   0 | Gln CAA   0   0   0   0   0   0 |     CGA   1   1   1   1   1   1
    CTG   1   2   2   2   1   2 |     CCG   0   0   0   0   0   0 |     CAG   0   0   0   0   0   0 |     CGG   0   0   0   0   0   0
--------------------------------------------------------------------------------------------------------------------------------------
Ile ATT   0   0   0   0   0   0 | Thr ACT   0   0   0   0   0   0 | Asn AAT   0   0   0   0   0   1 | Ser AGT   1   0   1   1   0   0
    ATC   0   0   0   0   0   0 |     ACC   1   1   1   1   1   0 |     AAC   1   1   1   1   1   0 |     AGC   0   0   0   0   0   0
    ATA   0   0   0   0   0   0 |     ACA   0   0   0   0   0   0 | Lys AAA   0   0   0   0   0   0 | Arg AGA   0   0   0   0   0   0
Met ATG   1   1   1   1   1   1 |     ACG   0   0   0   0   0   1 |     AAG   1   1   1   1   1   1 |     AGG   0   0   0   0   0   0
--------------------------------------------------------------------------------------------------------------------------------------
Val GTT   1   2   1   1   1   2 | Ala GCT   2   1   2   2   0   2 | Asp GAT   1   0   1   1   1   1 | Gly GGT   0   0   0   0   0   0
    GTC   1   0   1   1   0   0 |     GCC   0   0   0   0   2   0 |     GAC   1   2   1   1   1   1 |     GGC   0   0   0   0   0   0
    GTA   0   0   0   0   0   0 |     GCA   0   1   0   0   0   0 | Glu GAA   2   2   2   1   4   4 |     GGA   0   0   0   0   0   0
    GTG   0   0   0   0   1   0 |     GCG   0   0   0   0   0   0 |     GAG   3   3   3   4   1   1 |     GGG   1   1   1   1   1   1
--------------------------------------------------------------------------------------------------------------------------------------

--------------------------------------------------------------------------------------------------------------------------------------
Phe TTT   0   0   0   0   0   0 | Ser TCT   0   0   0   0   0   0 | Tyr TAT   1   1   1   1   1   1 | Cys TGT   0   0   0   0   0   0
    TTC   0   0   0   0   0   0 |     TCC   0   0   0   0   0   0 |     TAC   1   1   1   1   1   1 |     TGC   0   0   0   0   0   0
Leu TTA   0   0   0   0   0   0 |     TCA   0   0   0   0   0   0 | *** TAA   0   0   0   0   0   0 | *** TGA   0   0   0   0   0   0
    TTG   0   0   0   0   0   0 |     TCG   0   0   0   0   0   0 |     TAG   0   0   0   0   0   0 | Trp TGG   0   0   0   0   0   0
--------------------------------------------------------------------------------------------------------------------------------------
Leu CTT   1   1   1   1   0   0 | Pro CCT   0   0   0   0   0   0 | His CAT   0   0   0   0   0   0 | Arg CGT   0   0   0   0   0   0
    CTC   0   0   0   0   0   0 |     CCC   0   0   0   0   0   0 |     CAC   1   1   1   1   1   1 |     CGC   0   0   0   0   0   0
    CTA   0   0   0   0   0   0 |     CCA   0   0   0   0   0   0 | Gln CAA   0   0   0   0   0   0 |     CGA   1   1   1   1   1   0
    CTG   1   1   1   1   2   2 |     CCG   0   0   0   0   0   0 |     CAG   0   0   0   0   0   0 |     CGG   0   0   0   0   0   1
--------------------------------------------------------------------------------------------------------------------------------------
Ile ATT   0   0   0   0   0   0 | Thr ACT   0   0   0   0   0   0 | Asn AAT   0   0   0   0   0   0 | Ser AGT   1   1   1   1   1   1
    ATC   0   0   0   0   0   0 |     ACC   1   1   1   1   1   1 |     AAC   1   1   1   1   1   1 |     AGC   0   0   0   0   0   0
    ATA   0   0   0   0   0   0 |     ACA   0   0   0   0   0   0 | Lys AAA   0   0   0   0   0   0 | Arg AGA   0   0   0   0   0   0
Met ATG   1   1   1   1   1   1 |     ACG   0   0   0   0   0   0 |     AAG   1   1   1   1   1   1 |     AGG   0   0   0   0   0   0
--------------------------------------------------------------------------------------------------------------------------------------
Val GTT   1   1   1   1   1   1 | Ala GCT   2   2   2   2   2   2 | Asp GAT   1   1   1   1   1   1 | Gly GGT   0   0   0   0   0   0
    GTC   1   1   1   1   1   1 |     GCC   0   0   0   0   0   0 |     GAC   1   1   1   1   1   1 |     GGC   0   0   0   0   0   0
    GTA   0   0   0   0   0   0 |     GCA   0   0   0   0   0   0 | Glu GAA   2   2   2   2   2   2 |     GGA   0   0   1   0   0   0
    GTG   0   0   0   0   0   0 |     GCG   0   0   0   0   0   0 |     GAG   3   3   3   3   3   3 |     GGG   1   1   0   1   1   1
--------------------------------------------------------------------------------------------------------------------------------------

--------------------------------------------------------------------------------------------------------------------------------------
Phe TTT   0   0   0   0   0   0 | Ser TCT   0   0   0   0   0   0 | Tyr TAT   1   1   1   1   1   1 | Cys TGT   0   0   0   0   0   0
    TTC   0   0   0   0   0   0 |     TCC   0   0   0   0   0   0 |     TAC   1   1   1   1   1   1 |     TGC   0   0   0   0   0   0
Leu TTA   0   0   0   0   0   0 |     TCA   0   0   0   0   0   0 | *** TAA   0   0   0   0   0   0 | *** TGA   0   0   0   0   0   0
    TTG   0   0   0   0   0   0 |     TCG   0   0   0   0   0   0 |     TAG   0   0   0   0   0   0 | Trp TGG   0   0   0   0   0   0
--------------------------------------------------------------------------------------------------------------------------------------
Leu CTT   1   0   1   1   1   1 | Pro CCT   0   0   0   0   0   0 | His CAT   0   0   0   0   0   0 | Arg CGT   0   0   0   0   0   0
    CTC   0   0   0   0   0   0 |     CCC   0   0   0   0   0   0 |     CAC   1   1   1   1   1   1 |     CGC   0   0   0   0   0   0
    CTA   0   0   0   0   0   0 |     CCA   0   0   0   0   0   0 | Gln CAA   0   0   0   0   0   0 |     CGA   1   1   1   1   1   1
    CTG   1   2   1   1   1   1 |     CCG   0   0   0   0   0   0 |     CAG   0   0   0   0   0   0 |     CGG   0   0   0   0   0   0
--------------------------------------------------------------------------------------------------------------------------------------
Ile ATT   0   0   0   0   0   0 | Thr ACT   0   0   0   0   0   0 | Asn AAT   0   0   0   1   0   0 | Ser AGT   1   1   1   1   1   1
    ATC   0   0   0   0   0   0 |     ACC   1   1   1   1   1   1 |     AAC   1   1   1   0   1   1 |     AGC   0   0   0   0   0   0
    ATA   0   0   0   0   0   0 |     ACA   0   0   0   0   0   0 | Lys AAA   0   0   0   0   0   0 | Arg AGA   0   0   0   0   0   0
Met ATG   1   1   1   1   1   1 |     ACG   0   0   0   0   0   0 |     AAG   1   1   1   1   1   1 |     AGG   0   0   0   0   0   0
--------------------------------------------------------------------------------------------------------------------------------------
Val GTT   1   1   1   1   1   1 | Ala GCT   2   2   2   2   2   2 | Asp GAT   1   1   1   1   1   1 | Gly GGT   0   0   0   0   0   0
    GTC   1   1   1   1   1   1 |     GCC   0   0   0   0   0   0 |     GAC   1   1   1   1   1   1 |     GGC   0   0   0   0   0   0
    GTA   0   0   0   0   0   0 |     GCA   0   0   0   0   0   0 | Glu GAA   2   2   2   2   2   2 |     GGA   0   0   0   0   0   0
    GTG   0   0   0   0   0   0 |     GCG   0   0   0   0   0   0 |     GAG   3   3   3   3   3   3 |     GGG   1   1   1   1   1   1
--------------------------------------------------------------------------------------------------------------------------------------

--------------------------------------------------------------------------------------------------------------------------------------
Phe TTT   0   0   0   0   0   0 | Ser TCT   0   0   0   0   0   0 | Tyr TAT   1   1   1   1   1   1 | Cys TGT   0   0   0   0   0   0
    TTC   0   0   0   0   0   0 |     TCC   0   0   0   0   0   0 |     TAC   1   1   1   1   1   1 |     TGC   0   0   0   0   0   0
Leu TTA   0   0   0   0   0   0 |     TCA   0   0   0   0   0   0 | *** TAA   0   0   0   0   0   0 | *** TGA   0   0   0   0   0   0
    TTG   0   0   0   0   0   0 |     TCG   0   0   0   0   0   0 |     TAG   0   0   0   0   0   0 | Trp TGG   0   0   0   0   0   0
--------------------------------------------------------------------------------------------------------------------------------------
Leu CTT   0   0   1   0   1   1 | Pro CCT   0   0   0   0   0   0 | His CAT   0   0   0   0   0   0 | Arg CGT   0   0   0   0   0   0
    CTC   0   0   0   0   0   0 |     CCC   0   0   0   0   0   0 |     CAC   1   1   1   1   1   1 |     CGC   0   0   0   0   0   0
    CTA   0   0   0   0   0   0 |     CCA   0   0   0   0   0   0 | Gln CAA   0   0   0   0   0   0 |     CGA   1   1   1   1   1   1
    CTG   2   2   1   2   1   1 |     CCG   0   0   0   0   0   0 |     CAG   0   0   0   0   0   0 |     CGG   0   0   0   0   0   0
--------------------------------------------------------------------------------------------------------------------------------------
Ile ATT   0   0   0   0   0   0 | Thr ACT   0   0   0   0   0   0 | Asn AAT   0   0   0   0   0   0 | Ser AGT   1   1   1   1   1   1
    ATC   0   0   0   0   0   0 |     ACC   1   1   1   1   1   1 |     AAC   1   1   1   1   1   1 |     AGC   0   0   0   0   0   0
    ATA   0   0   0   0   0   0 |     ACA   0   0   0   0   0   0 | Lys AAA   0   0   0   0   0   0 | Arg AGA   0   0   0   0   0   0
Met ATG   1   1   1   1   1   1 |     ACG   0   0   0   0   0   0 |     AAG   1   1   1   1   1   1 |     AGG   0   0   0   0   0   0
--------------------------------------------------------------------------------------------------------------------------------------
Val GTT   1   1   1   1   1   1 | Ala GCT   2   2   2   2   2   2 | Asp GAT   1   1   1   1   1   1 | Gly GGT   0   0   0   0   0   0
    GTC   1   1   1   1   1   1 |     GCC   0   0   0   0   0   0 |     GAC   1   1   1   1   1   1 |     GGC   0   0   0   0   0   0
    GTA   0   0   0   0   0   0 |     GCA   0   0   0   0   0   0 | Glu GAA   2   2   2   2   2   2 |     GGA   0   0   0   0   0   0
    GTG   0   0   0   0   0   0 |     GCG   0   0   0   0   0   0 |     GAG   3   3   3   3   3   3 |     GGG   1   1   1   1   1   1
--------------------------------------------------------------------------------------------------------------------------------------

--------------------------------------------------------------------------------------------------------------------------------------
Phe TTT   0   0   0   0   0   0 | Ser TCT   0   0   0   0   0   0 | Tyr TAT   1   1   1   1   1   1 | Cys TGT   0   0   0   0   0   0
    TTC   0   0   0   0   0   0 |     TCC   0   0   0   0   0   0 |     TAC   1   1   1   1   1   1 |     TGC   0   0   0   0   0   0
Leu TTA   0   0   0   0   0   0 |     TCA   0   0   0   0   0   0 | *** TAA   0   0   0   0   0   0 | *** TGA   0   0   0   0   0   0
    TTG   0   0   0   0   0   0 |     TCG   0   0   0   0   0   0 |     TAG   0   0   0   0   0   0 | Trp TGG   0   0   0   0   0   0
--------------------------------------------------------------------------------------------------------------------------------------
Leu CTT   0   0   0   1   1   0 | Pro CCT   0   0   0   0   0   0 | His CAT   0   0   0   0   0   0 | Arg CGT   0   0   0   0   0   0
    CTC   0   0   0   0   0   0 |     CCC   0   0   0   0   0   0 |     CAC   1   1   1   1   1   1 |     CGC   0   0   0   0   0   0
    CTA   0   0   0   0   0   0 |     CCA   0   0   0   0   0   0 | Gln CAA   0   0   0   0   0   0 |     CGA   1   1   1   1   1   1
    CTG   2   3   2   1   1   2 |     CCG   0   0   0   0   0   0 |     CAG   0   0   0   0   0   0 |     CGG   0   0   0   0   0   0
--------------------------------------------------------------------------------------------------------------------------------------
Ile ATT   0   0   0   0   0   0 | Thr ACT   0   0   0   0   0   0 | Asn AAT   0   0   0   0   0   0 | Ser AGT   1   1   1   1   1   1
    ATC   0   0   0   0   0   0 |     ACC   1   1   1   1   1   1 |     AAC   1   1   1   1   1   1 |     AGC   0   0   0   0   0   0
    ATA   0   0   0   0   0   0 |     ACA   0   0   0   0   0   0 | Lys AAA   0   0   0   0   0   0 | Arg AGA   0   0   0   0   0   0
Met ATG   1   0   1   1   1   1 |     ACG   0   0   0   0   0   0 |     AAG   1   1   1   1   1   1 |     AGG   0   0   0   0   0   0
--------------------------------------------------------------------------------------------------------------------------------------
Val GTT   1   1   1   0   1   1 | Ala GCT   2   2   2   2   2   2 | Asp GAT   1   1   1   1   1   1 | Gly GGT   0   0   0   0   0   0
    GTC   1   1   1   1   1   1 |     GCC   0   0   0   0   0   0 |     GAC   1   1   1   1   1   1 |     GGC   0   0   0   0   0   0
    GTA   0   0   0   1   0   0 |     GCA   0   0   0   0   0   0 | Glu GAA   2   2   2   2   2   2 |     GGA   0   0   0   0   0   0
    GTG   0   0   0   0   0   0 |     GCG   0   0   0   0   0   0 |     GAG   3   3   3   3   3   3 |     GGG   1   1   1   1   1   1
--------------------------------------------------------------------------------------------------------------------------------------

--------------------------------------------------------------------------------------------------------------------------------------
Phe TTT   0   0   0   0   0   0 | Ser TCT   0   0   0   0   0   0 | Tyr TAT   1   1   1   1   1   1 | Cys TGT   0   0   0   0   0   0
    TTC   0   0   0   0   0   0 |     TCC   0   0   0   0   0   0 |     TAC   1   1   1   1   1   1 |     TGC   0   0   0   0   0   0
Leu TTA   0   0   0   0   0   0 |     TCA   0   0   0   0   0   0 | *** TAA   0   0   0   0   0   0 | *** TGA   0   0   0   0   0   0
    TTG   0   0   0   0   0   0 |     TCG   0   0   0   0   0   0 |     TAG   0   0   0   0   0   0 | Trp TGG   0   0   0   0   0   0
--------------------------------------------------------------------------------------------------------------------------------------
Leu CTT   1   0   0   0   0   1 | Pro CCT   0   0   0   0   0   0 | His CAT   0   0   0   0   0   0 | Arg CGT   0   0   0   0   0   0
    CTC   0   0   0   1   0   0 |     CCC   0   0   0   0   0   0 |     CAC   1   1   1   1   1   1 |     CGC   0   0   0   0   0   0
    CTA   0   0   0   1   0   0 |     CCA   0   0   0   0   0   0 | Gln CAA   0   0   0   0   0   0 |     CGA   1   1   1   1   1   1
    CTG   1   2   2   0   2   1 |     CCG   0   0   0   0   0   0 |     CAG   0   0   0   0   0   0 |     CGG   0   0   0   0   0   0
--------------------------------------------------------------------------------------------------------------------------------------
Ile ATT   0   0   0   0   0   0 | Thr ACT   0   0   0   0   0   0 | Asn AAT   0   0   0   0   0   0 | Ser AGT   1   1   1   1   1   1
    ATC   0   0   0   0   0   0 |     ACC   1   1   1   1   1   1 |     AAC   1   1   1   1   1   1 |     AGC   0   0   0   0   0   0
    ATA   0   0   0   0   0   0 |     ACA   0   0   0   0   0   0 | Lys AAA   0   0   0   0   0   0 | Arg AGA   0   0   0   0   0   0
Met ATG   1   1   1   1   1   1 |     ACG   0   0   0   0   0   0 |     AAG   1   1   1   1   1   1 |     AGG   0   0   0   0   0   0
--------------------------------------------------------------------------------------------------------------------------------------
Val GTT   1   1   1   1   1   1 | Ala GCT   2   2   2   2   2   2 | Asp GAT   1   1   1   1   1   1 | Gly GGT   0   0   0   0   0   0
    GTC   1   1   1   1   1   1 |     GCC   0   0   0   0   0   0 |     GAC   1   1   1   1   1   1 |     GGC   0   0   0   0   0   0
    GTA   0   0   0   0   0   0 |     GCA   0   0   0   0   0   0 | Glu GAA   2   2   2   2   2   2 |     GGA   0   0   0   0   0   0
    GTG   0   0   0   0   0   0 |     GCG   0   0   0   0   0   0 |     GAG   3   3   3   3   3   3 |     GGG   1   1   1   1   1   1
--------------------------------------------------------------------------------------------------------------------------------------

--------------------------------------------------------------------------------------------------------------------------------------
Phe TTT   0   0   0   0   0   0 | Ser TCT   0   0   0   0   0   0 | Tyr TAT   1   1   1   1   1   1 | Cys TGT   0   0   0   0   0   0
    TTC   0   0   0   0   0   0 |     TCC   0   0   0   0   0   0 |     TAC   1   1   1   1   1   1 |     TGC   0   0   0   0   0   0
Leu TTA   0   0   0   0   0   0 |     TCA   0   0   0   0   0   0 | *** TAA   0   0   0   0   0   0 | *** TGA   0   0   0   0   0   0
    TTG   0   0   0   0   0   0 |     TCG   0   0   0   0   0   0 |     TAG   0   0   0   0   0   0 | Trp TGG   0   0   0   0   0   0
--------------------------------------------------------------------------------------------------------------------------------------
Leu CTT   1   0   1   1   1   0 | Pro CCT   0   0   0   0   0   0 | His CAT   0   0   0   0   0   0 | Arg CGT   0   0   0   0   0   0
    CTC   0   0   0   0   0   0 |     CCC   0   0   0   0   0   0 |     CAC   1   1   1   1   1   1 |     CGC   0   0   0   0   0   0
    CTA   0   0   0   0   0   0 |     CCA   0   0   0   0   0   0 | Gln CAA   0   0   0   0   0   0 |     CGA   1   1   1   1   1   1
    CTG   1   2   1   1   1   2 |     CCG   0   0   0   0   0   0 |     CAG   0   0   0   0   0   0 |     CGG   0   0   0   0   0   0
--------------------------------------------------------------------------------------------------------------------------------------
Ile ATT   0   0   0   0   0   0 | Thr ACT   0   0   0   0   0   0 | Asn AAT   0   0   0   0   0   0 | Ser AGT   1   1   1   1   1   1
    ATC   0   0   0   0   0   0 |     ACC   1   1   1   1   1   1 |     AAC   1   1   1   1   1   1 |     AGC   0   0   0   0   0   0
    ATA   0   0   0   0   0   0 |     ACA   0   0   0   0   0   0 | Lys AAA   0   0   0   0   0   0 | Arg AGA   0   0   0   0   0   0
Met ATG   1   1   1   1   1   1 |     ACG   0   0   0   0   0   0 |     AAG   1   1   1   1   1   1 |     AGG   0   0   0   0   0   0
--------------------------------------------------------------------------------------------------------------------------------------
Val GTT   1   1   1   1   1   1 | Ala GCT   2   2   2   2   2   2 | Asp GAT   1   1   1   1   1   1 | Gly GGT   0   0   0   0   0   0
    GTC   1   1   1   1   1   1 |     GCC   0   0   0   0   0   0 |     GAC   1   1   1   1   1   1 |     GGC   0   0   0   0   0   0
    GTA   0   0   0   0   0   0 |     GCA   0   0   0   0   0   0 | Glu GAA   2   2   2   2   2   2 |     GGA   0   0   0   0   0   0
    GTG   0   0   0   0   0   0 |     GCG   0   0   0   0   0   0 |     GAG   3   3   3   3   3   3 |     GGG   1   1   1   1   1   1
--------------------------------------------------------------------------------------------------------------------------------------

--------------------------------------------------------------------------------------------------------------------------------------
Phe TTT   0   0   0   0   0   0 | Ser TCT   0   0   0   0   0   0 | Tyr TAT   1   1   1   1   1   1 | Cys TGT   0   0   0   0   0   0
    TTC   0   0   0   0   0   0 |     TCC   0   0   0   0   0   0 |     TAC   1   1   1   1   1   1 |     TGC   0   0   0   0   0   0
Leu TTA   0   0   0   0   0   0 |     TCA   0   0   0   0   0   0 | *** TAA   0   0   0   0   0   0 | *** TGA   0   0   0   0   0   0
    TTG   0   0   0   0   0   0 |     TCG   0   0   0   0   0   0 |     TAG   0   0   0   0   0   0 | Trp TGG   0   0   0   0   0   0
--------------------------------------------------------------------------------------------------------------------------------------
Leu CTT   0   1   0   0   0   1 | Pro CCT   0   0   0   0   0   0 | His CAT   0   0   0   1   0   0 | Arg CGT   0   0   0   0   0   0
    CTC   0   0   0   0   0   0 |     CCC   0   0   0   0   0   0 |     CAC   1   1   1   0   1   1 |     CGC   0   0   0   0   0   0
    CTA   0   0   0   0   0   0 |     CCA   0   0   0   0   0   0 | Gln CAA   0   0   0   0   0   0 |     CGA   1   1   0   1   1   1
    CTG   2   1   2   2   2   1 |     CCG   0   0   0   0   0   0 |     CAG   0   0   0   0   0   0 |     CGG   0   0   1   0   0   0
--------------------------------------------------------------------------------------------------------------------------------------
Ile ATT   0   0   0   0   0   0 | Thr ACT   0   0   0   0   0   0 | Asn AAT   0   0   0   0   0   0 | Ser AGT   1   1   1   1   1   1
    ATC   0   0   0   0   0   0 |     ACC   1   1   1   1   1   1 |     AAC   1   1   1   1   1   1 |     AGC   0   0   0   0   0   0
    ATA   0   0   0   0   0   0 |     ACA   0   0   0   0   0   0 | Lys AAA   0   0   0   0   0   0 | Arg AGA   0   0   0   0   0   0
Met ATG   1   1   1   1   1   1 |     ACG   0   0   0   0   0   0 |     AAG   1   1   1   1   1   1 |     AGG   0   0   0   0   0   0
--------------------------------------------------------------------------------------------------------------------------------------
Val GTT   1   1   1   0   1   2 | Ala GCT   2   2   2   2   2   2 | Asp GAT   1   1   1   1   1   1 | Gly GGT   0   0   0   0   0   0
    GTC   1   1   1   2   1   0 |     GCC   0   0   0   0   0   0 |     GAC   1   1   1   1   1   1 |     GGC   0   0   0   0   0   0
    GTA   0   0   0   0   0   0 |     GCA   0   0   0   0   0   0 | Glu GAA   2   2   2   2   2   2 |     GGA   0   0   0   0   0   0
    GTG   0   0   0   0   0   0 |     GCG   0   0   0   0   0   0 |     GAG   3   3   3   3   3   3 |     GGG   1   1   1   1   1   1
--------------------------------------------------------------------------------------------------------------------------------------

--------------------------------------------------------------------------------------------------------------------------------------
Phe TTT   0   0   0   0   0   0 | Ser TCT   0   0   0   0   0   0 | Tyr TAT   1   1   1   1   1   1 | Cys TGT   0   0   0   0   0   0
    TTC   0   0   0   0   0   0 |     TCC   0   0   0   0   0   0 |     TAC   1   1   1   1   1   1 |     TGC   0   0   0   0   0   0
Leu TTA   0   0   0   0   0   0 |     TCA   0   0   0   0   0   0 | *** TAA   0   0   0   0   0   0 | *** TGA   0   0   0   0   0   0
    TTG   0   0   0   0   0   0 |     TCG   0   0   0   0   0   0 |     TAG   0   0   0   0   0   0 | Trp TGG   0   0   0   0   0   0
--------------------------------------------------------------------------------------------------------------------------------------
Leu CTT   1   1   1   0   0   0 | Pro CCT   0   0   0   0   0   0 | His CAT   0   0   0   0   0   0 | Arg CGT   0   0   0   0   0   0
    CTC   0   0   0   0   0   0 |     CCC   0   0   0   0   0   0 |     CAC   1   1   1   1   1   1 |     CGC   0   0   0   0   0   0
    CTA   0   0   0   0   0   0 |     CCA   0   0   0   0   0   0 | Gln CAA   0   0   0   0   0   0 |     CGA   1   1   1   1   1   1
    CTG   1   1   1   2   2   2 |     CCG   0   0   0   0   0   0 |     CAG   0   0   0   0   0   0 |     CGG   0   0   0   0   0   0
--------------------------------------------------------------------------------------------------------------------------------------
Ile ATT   0   0   0   0   0   0 | Thr ACT   0   0   0   0   0   0 | Asn AAT   0   0   0   0   0   0 | Ser AGT   1   1   1   1   1   1
    ATC   0   0   0   0   0   0 |     ACC   1   1   1   1   1   1 |     AAC   1   1   1   1   1   1 |     AGC   0   0   0   0   0   0
    ATA   0   0   0   0   0   0 |     ACA   0   0   0   0   0   0 | Lys AAA   0   0   0   0   0   0 | Arg AGA   0   0   0   0   0   0
Met ATG   1   1   1   1   1   1 |     ACG   0   0   0   0   0   0 |     AAG   1   1   1   1   1   1 |     AGG   0   0   0   0   0   0
--------------------------------------------------------------------------------------------------------------------------------------
Val GTT   1   1   1   1   1   1 | Ala GCT   2   2   2   2   2   2 | Asp GAT   1   1   1   1   1   1 | Gly GGT   0   0   0   0   0   0
    GTC   1   1   1   1   1   1 |     GCC   0   0   0   0   0   0 |     GAC   1   1   1   1   1   1 |     GGC   0   0   0   0   0   0
    GTA   0   0   0   0   0   0 |     GCA   0   0   0   0   0   0 | Glu GAA   2   2   2   1   2   2 |     GGA   0   0   0   0   0   0
    GTG   0   0   0   0   0   0 |     GCG   0   0   0   0   0   0 |     GAG   3   3   3   4   3   3 |     GGG   1   1   1   1   1   1
--------------------------------------------------------------------------------------------------------------------------------------

Codon position x base (3x4) table for each sequence.

#1: Argali         
position  1:    T:0.08696    C:0.17391    A:0.21739    G:0.52174
position  2:    T:0.21739    C:0.13043    A:0.52174    G:0.13043
position  3:    T:0.30435    C:0.26087    A:0.13043    G:0.30435
Average         T:0.20290    C:0.18841    A:0.28986    G:0.31884

#2: LesserMouseDeer
position  1:    T:0.13043    C:0.17391    A:0.17391    G:0.52174
position  2:    T:0.21739    C:0.13043    A:0.52174    G:0.13043
position  3:    T:0.21739    C:0.26087    A:0.17391    G:0.34783
Average         T:0.18841    C:0.18841    A:0.28986    G:0.33333

#3: LesserKudu     
position  1:    T:0.08696    C:0.17391    A:0.21739    G:0.52174
position  2:    T:0.21739    C:0.13043    A:0.52174    G:0.13043
position  3:    T:0.26087    C:0.26087    A:0.13043    G:0.34783
Average         T:0.18841    C:0.18841    A:0.28986    G:0.33333

#4: ForestMuskDeer2
position  1:    T:0.08696    C:0.17391    A:0.21739    G:0.52174
position  2:    T:0.21739    C:0.13043    A:0.52174    G:0.13043
position  3:    T:0.26087    C:0.26087    A:0.08696    G:0.39130
Average         T:0.18841    C:0.18841    A:0.27536    G:0.34783

#5: Camel          
position  1:    T:0.17391    C:0.13043    A:0.17391    G:0.52174
position  2:    T:0.21739    C:0.13043    A:0.52174    G:0.13043
position  3:    T:0.21739    C:0.26087    A:0.21739    G:0.30435
Average         T:0.20290    C:0.17391    A:0.30435    G:0.31884

#6: KillerWhale    
position  1:    T:0.13043    C:0.17391    A:0.17391    G:0.52174
position  2:    T:0.21739    C:0.13043    A:0.52174    G:0.13043
position  3:    T:0.39130    C:0.08696    A:0.21739    G:0.30435
Average         T:0.24638    C:0.13043    A:0.30435    G:0.31884

#7: DefassaWaterbuck
position  1:    T:0.08696    C:0.17391    A:0.21739    G:0.52174
position  2:    T:0.21739    C:0.13043    A:0.52174    G:0.13043
position  3:    T:0.30435    C:0.26087    A:0.13043    G:0.30435
Average         T:0.20290    C:0.18841    A:0.28986    G:0.31884

#8: Sheep          
position  1:    T:0.08696    C:0.17391    A:0.21739    G:0.52174
position  2:    T:0.21739    C:0.13043    A:0.52174    G:0.13043
position  3:    T:0.30435    C:0.26087    A:0.13043    G:0.30435
Average         T:0.20290    C:0.18841    A:0.28986    G:0.31884

#9: MaxwellsDuiker 
position  1:    T:0.08696    C:0.17391    A:0.21739    G:0.52174
position  2:    T:0.21739    C:0.13043    A:0.52174    G:0.13043
position  3:    T:0.30435    C:0.26087    A:0.17391    G:0.26087
Average         T:0.20290    C:0.18841    A:0.30435    G:0.30435

#10: GazellaPrzewalskyi
position  1:    T:0.08696    C:0.17391    A:0.21739    G:0.52174
position  2:    T:0.21739    C:0.13043    A:0.52174    G:0.13043
position  3:    T:0.30435    C:0.26087    A:0.13043    G:0.30435
Average         T:0.20290    C:0.18841    A:0.28986    G:0.31884

#11: MountainNyala  
position  1:    T:0.08696    C:0.17391    A:0.21739    G:0.52174
position  2:    T:0.21739    C:0.13043    A:0.52174    G:0.13043
position  3:    T:0.26087    C:0.26087    A:0.13043    G:0.34783
Average         T:0.18841    C:0.18841    A:0.28986    G:0.33333

#12: MuntiacusMuntjak
position  1:    T:0.08696    C:0.17391    A:0.21739    G:0.52174
position  2:    T:0.21739    C:0.13043    A:0.52174    G:0.13043
position  3:    T:0.26087    C:0.26087    A:0.08696    G:0.39130
Average         T:0.18841    C:0.18841    A:0.27536    G:0.34783

#13: goat           
position  1:    T:0.08696    C:0.17391    A:0.21739    G:0.52174
position  2:    T:0.21739    C:0.13043    A:0.52174    G:0.13043
position  3:    T:0.30435    C:0.26087    A:0.13043    G:0.30435
Average         T:0.20290    C:0.18841    A:0.28986    G:0.31884

#14: AfricanBuffalo 
position  1:    T:0.08696    C:0.17391    A:0.21739    G:0.52174
position  2:    T:0.21739    C:0.13043    A:0.52174    G:0.13043
position  3:    T:0.26087    C:0.26087    A:0.13043    G:0.34783
Average         T:0.18841    C:0.18841    A:0.28986    G:0.33333

#15: Topi           
position  1:    T:0.08696    C:0.17391    A:0.21739    G:0.52174
position  2:    T:0.21739    C:0.13043    A:0.52174    G:0.13043
position  3:    T:0.30435    C:0.26087    A:0.13043    G:0.30435
Average         T:0.20290    C:0.18841    A:0.28986    G:0.31884

#16: CommonDuiker   
position  1:    T:0.08696    C:0.17391    A:0.21739    G:0.52174
position  2:    T:0.21739    C:0.13043    A:0.52174    G:0.13043
position  3:    T:0.34783    C:0.21739    A:0.13043    G:0.30435
Average         T:0.21739    C:0.17391    A:0.28986    G:0.31884

#17: Suni           
position  1:    T:0.08696    C:0.17391    A:0.21739    G:0.52174
position  2:    T:0.21739    C:0.13043    A:0.52174    G:0.13043
position  3:    T:0.30435    C:0.26087    A:0.13043    G:0.30435
Average         T:0.20290    C:0.18841    A:0.28986    G:0.31884

#18: Springbuck     
position  1:    T:0.08696    C:0.17391    A:0.21739    G:0.52174
position  2:    T:0.21739    C:0.13043    A:0.52174    G:0.13043
position  3:    T:0.30435    C:0.26087    A:0.13043    G:0.30435
Average         T:0.20290    C:0.18841    A:0.28986    G:0.31884

#19: Okapi          
position  1:    T:0.08696    C:0.17391    A:0.21739    G:0.52174
position  2:    T:0.21739    C:0.13043    A:0.52174    G:0.13043
position  3:    T:0.26087    C:0.26087    A:0.13043    G:0.34783
Average         T:0.18841    C:0.18841    A:0.28986    G:0.33333

#20: Giraffe        
position  1:    T:0.08696    C:0.17391    A:0.21739    G:0.52174
position  2:    T:0.21739    C:0.13043    A:0.52174    G:0.13043
position  3:    T:0.26087    C:0.26087    A:0.13043    G:0.34783
Average         T:0.18841    C:0.18841    A:0.28986    G:0.33333

#21: TibetanAntelope
position  1:    T:0.08696    C:0.17391    A:0.21739    G:0.52174
position  2:    T:0.21739    C:0.13043    A:0.52174    G:0.13043
position  3:    T:0.30435    C:0.26087    A:0.13043    G:0.30435
Average         T:0.20290    C:0.18841    A:0.28986    G:0.31884

#22: Sitatunga      
position  1:    T:0.08696    C:0.17391    A:0.21739    G:0.52174
position  2:    T:0.21739    C:0.13043    A:0.52174    G:0.13043
position  3:    T:0.26087    C:0.26087    A:0.13043    G:0.34783
Average         T:0.18841    C:0.18841    A:0.28986    G:0.33333

#23: Oribi          
position  1:    T:0.08696    C:0.17391    A:0.21739    G:0.52174
position  2:    T:0.21739    C:0.13043    A:0.52174    G:0.13043
position  3:    T:0.30435    C:0.26087    A:0.13043    G:0.30435
Average         T:0.20290    C:0.18841    A:0.28986    G:0.31884

#24: BarbarySheep   
position  1:    T:0.08696    C:0.17391    A:0.21739    G:0.52174
position  2:    T:0.21739    C:0.13043    A:0.52174    G:0.13043
position  3:    T:0.30435    C:0.26087    A:0.13043    G:0.30435
Average         T:0.20290    C:0.18841    A:0.28986    G:0.31884

#25: Daviddeer      
position  1:    T:0.08696    C:0.17391    A:0.21739    G:0.52174
position  2:    T:0.21739    C:0.13043    A:0.52174    G:0.13043
position  3:    T:0.26087    C:0.26087    A:0.13043    G:0.34783
Average         T:0.18841    C:0.18841    A:0.28986    G:0.33333

#26: Reindeer       
position  1:    T:0.08696    C:0.21739    A:0.17391    G:0.52174
position  2:    T:0.21739    C:0.13043    A:0.52174    G:0.13043
position  3:    T:0.26087    C:0.26087    A:0.13043    G:0.34783
Average         T:0.18841    C:0.20290    A:0.27536    G:0.33333

#27: Ibex           
position  1:    T:0.08696    C:0.17391    A:0.21739    G:0.52174
position  2:    T:0.21739    C:0.13043    A:0.52174    G:0.13043
position  3:    T:0.26087    C:0.26087    A:0.13043    G:0.34783
Average         T:0.18841    C:0.18841    A:0.28986    G:0.33333

#28: GyrantGazelle  
position  1:    T:0.08696    C:0.17391    A:0.21739    G:0.52174
position  2:    T:0.21739    C:0.13043    A:0.52174    G:0.13043
position  3:    T:0.26087    C:0.26087    A:0.17391    G:0.30435
Average         T:0.18841    C:0.18841    A:0.30435    G:0.31884

#29: Hartebeest     
position  1:    T:0.08696    C:0.17391    A:0.21739    G:0.52174
position  2:    T:0.21739    C:0.13043    A:0.52174    G:0.13043
position  3:    T:0.30435    C:0.26087    A:0.13043    G:0.30435
Average         T:0.20290    C:0.18841    A:0.28986    G:0.31884

#30: Bongo          
position  1:    T:0.08696    C:0.17391    A:0.21739    G:0.52174
position  2:    T:0.21739    C:0.13043    A:0.52174    G:0.13043
position  3:    T:0.26087    C:0.26087    A:0.13043    G:0.34783
Average         T:0.18841    C:0.18841    A:0.28986    G:0.33333

#31: Gerenuk        
position  1:    T:0.08696    C:0.17391    A:0.21739    G:0.52174
position  2:    T:0.21739    C:0.13043    A:0.52174    G:0.13043
position  3:    T:0.30435    C:0.26087    A:0.13043    G:0.30435
Average         T:0.20290    C:0.18841    A:0.28986    G:0.31884

#32: CommonEland    
position  1:    T:0.08696    C:0.17391    A:0.21739    G:0.52174
position  2:    T:0.21739    C:0.13043    A:0.52174    G:0.13043
position  3:    T:0.26087    C:0.26087    A:0.13043    G:0.34783
Average         T:0.18841    C:0.18841    A:0.28986    G:0.33333

#33: MuntiacusReevesi
position  1:    T:0.08696    C:0.17391    A:0.21739    G:0.52174
position  2:    T:0.21739    C:0.13043    A:0.52174    G:0.13043
position  3:    T:0.26087    C:0.26087    A:0.13043    G:0.34783
Average         T:0.18841    C:0.18841    A:0.28986    G:0.33333

#34: HarveysDuiker  
position  1:    T:0.08696    C:0.17391    A:0.21739    G:0.52174
position  2:    T:0.21739    C:0.13043    A:0.52174    G:0.13043
position  3:    T:0.26087    C:0.30435    A:0.17391    G:0.26087
Average         T:0.18841    C:0.20290    A:0.30435    G:0.30435

#35: Pronghorn      
position  1:    T:0.08696    C:0.17391    A:0.21739    G:0.52174
position  2:    T:0.21739    C:0.13043    A:0.52174    G:0.13043
position  3:    T:0.26087    C:0.26087    A:0.13043    G:0.34783
Average         T:0.18841    C:0.18841    A:0.28986    G:0.33333

#36: BlueWildebeest 
position  1:    T:0.08696    C:0.17391    A:0.21739    G:0.52174
position  2:    T:0.21739    C:0.13043    A:0.52174    G:0.13043
position  3:    T:0.30435    C:0.26087    A:0.13043    G:0.30435
Average         T:0.20290    C:0.18841    A:0.28986    G:0.31884

#37: Gemsbok        
position  1:    T:0.08696    C:0.17391    A:0.21739    G:0.52174
position  2:    T:0.21739    C:0.13043    A:0.52174    G:0.13043
position  3:    T:0.30435    C:0.26087    A:0.13043    G:0.30435
Average         T:0.20290    C:0.18841    A:0.28986    G:0.31884

#38: Yak            
position  1:    T:0.08696    C:0.17391    A:0.21739    G:0.52174
position  2:    T:0.21739    C:0.13043    A:0.52174    G:0.13043
position  3:    T:0.26087    C:0.26087    A:0.13043    G:0.34783
Average         T:0.18841    C:0.18841    A:0.28986    G:0.33333

#39: BlueSheep      
position  1:    T:0.08696    C:0.17391    A:0.21739    G:0.52174
position  2:    T:0.21739    C:0.13043    A:0.52174    G:0.13043
position  3:    T:0.30435    C:0.26087    A:0.13043    G:0.30435
Average         T:0.20290    C:0.18841    A:0.28986    G:0.31884

#40: BohorReedbuck  
position  1:    T:0.08696    C:0.17391    A:0.21739    G:0.52174
position  2:    T:0.21739    C:0.13043    A:0.52174    G:0.13043
position  3:    T:0.30435    C:0.26087    A:0.13043    G:0.30435
Average         T:0.20290    C:0.18841    A:0.28986    G:0.31884

#41: KirksDik       
position  1:    T:0.08696    C:0.17391    A:0.21739    G:0.52174
position  2:    T:0.21739    C:0.13043    A:0.52174    G:0.13043
position  3:    T:0.30435    C:0.26087    A:0.13043    G:0.30435
Average         T:0.20290    C:0.18841    A:0.28986    G:0.31884

#42: RoeDeer        
position  1:    T:0.08696    C:0.17391    A:0.21739    G:0.52174
position  2:    T:0.21739    C:0.13043    A:0.52174    G:0.13043
position  3:    T:0.26087    C:0.26087    A:0.13043    G:0.34783
Average         T:0.18841    C:0.18841    A:0.28986    G:0.33333

#43: WhiteLippedDeer
position  1:    T:0.08696    C:0.17391    A:0.21739    G:0.52174
position  2:    T:0.21739    C:0.13043    A:0.52174    G:0.13043
position  3:    T:0.26087    C:0.26087    A:0.13043    G:0.34783
Average         T:0.18841    C:0.18841    A:0.28986    G:0.33333

#44: ThomsonGazelle 
position  1:    T:0.08696    C:0.17391    A:0.21739    G:0.52174
position  2:    T:0.21739    C:0.13043    A:0.52174    G:0.13043
position  3:    T:0.30435    C:0.26087    A:0.13043    G:0.30435
Average         T:0.20290    C:0.18841    A:0.28986    G:0.31884

#45: MuntiacusCrinifrons
position  1:    T:0.08696    C:0.17391    A:0.21739    G:0.52174
position  2:    T:0.21739    C:0.13043    A:0.52174    G:0.13043
position  3:    T:0.26087    C:0.26087    A:0.08696    G:0.39130
Average         T:0.18841    C:0.18841    A:0.27536    G:0.34783

#46: WhiteTailedDeer
position  1:    T:0.08696    C:0.17391    A:0.21739    G:0.52174
position  2:    T:0.21739    C:0.13043    A:0.52174    G:0.13043
position  3:    T:0.26087    C:0.26087    A:0.13043    G:0.34783
Average         T:0.18841    C:0.18841    A:0.28986    G:0.33333

#47: Cattle         
position  1:    T:0.08696    C:0.17391    A:0.21739    G:0.52174
position  2:    T:0.21739    C:0.13043    A:0.52174    G:0.13043
position  3:    T:0.26087    C:0.26087    A:0.13043    G:0.34783
Average         T:0.18841    C:0.18841    A:0.28986    G:0.33333

#48: RoyalAntelope  
position  1:    T:0.08696    C:0.17391    A:0.21739    G:0.52174
position  2:    T:0.21739    C:0.13043    A:0.52174    G:0.13043
position  3:    T:0.34783    C:0.21739    A:0.13043    G:0.30435
Average         T:0.21739    C:0.17391    A:0.28986    G:0.31884

#49: Steenbok       
position  1:    T:0.08696    C:0.17391    A:0.21739    G:0.52174
position  2:    T:0.21739    C:0.13043    A:0.52174    G:0.13043
position  3:    T:0.30435    C:0.26087    A:0.13043    G:0.30435
Average         T:0.20290    C:0.18841    A:0.28986    G:0.31884

#50: Impala         
position  1:    T:0.08696    C:0.17391    A:0.21739    G:0.52174
position  2:    T:0.21739    C:0.13043    A:0.52174    G:0.13043
position  3:    T:0.30435    C:0.26087    A:0.13043    G:0.30435
Average         T:0.20290    C:0.18841    A:0.28986    G:0.31884

#51: Klipspringer   
position  1:    T:0.08696    C:0.17391    A:0.21739    G:0.52174
position  2:    T:0.21739    C:0.13043    A:0.52174    G:0.13043
