1
52 1
Argali 0.000000 0.425500 0.076200 0.460800 0.091100 0.006600 0.076500 0.097100 0.094100 0.094900 0.030600 0.076500 0.069200 0.090900 0.076000 0.075800 0.110400 0.099300 0.051200 0.097800 0.065400 0.040900 0.099000 0.095100 0.033900 0.083200 0.047900 0.094200 0.075700 0.090500 0.091300 0.112600 0.135500 0.051300 0.044000 0.083600 0.030500 0.079600 0.076400 0.106400 0.091600 0.086600 0.095000 0.107000 0.091000 0.069200 0.087600 0.083700 0.075900 0.076900 0.094300 0.090500
LesserMous 0.425500 0.000000 0.512600 0.648900 0.491400 0.415700 0.496200 0.460600 0.504200 0.433800 0.425800 0.491000 0.477600 0.511000 0.496500 0.474600 0.472900 0.477300 0.440500 0.509700 0.485800 0.447900 0.460100 0.441600 0.436100 0.477900 0.448500 0.505500 0.462400 0.498600 0.428600 0.507200 0.508300 0.454500 0.442200 0.489500 0.449000 0.492600 0.460000 0.454100 0.436200 0.467900 0.434200 0.452500 0.483000 0.470600 0.490500 0.489000 0.438400 0.456700 0.500100 0.524500
LesserKudu 0.076200 0.512600 0.000000 0.521500 0.098800 0.076300 0.076800 0.097300 0.020000 0.102700 0.066100 0.048100 0.076600 0.069200 0.083400 0.083200 0.118600 0.099600 0.069200 0.023400 0.080000 0.065900 0.091800 0.102800 0.065800 0.087200 0.069400 0.020100 0.090500 0.016700 0.106600 0.090600 0.140100 0.058600 0.065100 0.051500 0.069600 0.094300 0.076900 0.114200 0.091800 0.094100 0.110400 0.099800 0.058700 0.076600 0.095200 0.091300 0.098100 0.103300 0.020100 0.016700
KillerWhal 0.460800 0.648900 0.521500 0.000000 0.515900 0.455700 0.508100 0.510400 0.507500 0.503800 0.480400 0.504400 0.506500 0.496500 0.531700 0.487400 0.522700 0.512400 0.471700 0.519600 0.501300 0.496000 0.516600 0.535600 0.472400 0.481700 0.483500 0.514200 0.499300 0.513300 0.510400 0.529500 0.528300 0.502100 0.466300 0.483900 0.492100 0.490100 0.517600 0.499600 0.523000 0.491200 0.516900 0.531800 0.491900 0.501900 0.528000 0.502300 0.483700 0.511800 0.503100 0.511800
DefassaWat 0.091100 0.491400 0.098800 0.515900 0.000000 0.084000 0.106900 0.135300 0.117100 0.118300 0.081000 0.077200 0.080600 0.102600 0.113600 0.105600 0.134700 0.119100 0.095200 0.120900 0.087700 0.088100 0.114900 0.107100 0.073400 0.125000 0.084300 0.117300 0.105600 0.113400 0.114700 0.120900 0.172400 0.073300 0.079900 0.087800 0.092000 0.027000 0.110800 0.118700 0.115000 0.116900 0.118500 0.111800 0.095400 0.091600 0.099400 0.106700 0.106100 0.119000 0.117500 0.113500
Sheep 0.006600 0.415700 0.076300 0.455700 0.084000 0.000000 0.076700 0.097200 0.094200 0.087700 0.027200 0.069400 0.062200 0.091000 0.076100 0.083100 0.103000 0.099500 0.044300 0.097900 0.072700 0.037500 0.091800 0.087900 0.030500 0.090700 0.041000 0.094300 0.083000 0.090600 0.084200 0.105300 0.135700 0.044400 0.037200 0.076500 0.027100 0.072600 0.076600 0.099100 0.084400 0.094100 0.087800 0.099700 0.083900 0.076500 0.087700 0.083900 0.076100 0.084400 0.094500 0.090600
MaxwellsDu 0.076500 0.496200 0.076800 0.508100 0.106900 0.076700 0.000000 0.119900 0.094800 0.114700 0.062900 0.070000 0.077200 0.047800 0.098800 0.090800 0.111800 0.100300 0.076900 0.098600 0.073000 0.062700 0.111300 0.103500 0.062600 0.098500 0.069900 0.095000 0.083400 0.091200 0.111100 0.061800 0.152600 0.059000 0.072700 0.077000 0.066400 0.094900 0.095800 0.111100 0.111400 0.094400 0.114900 0.111900 0.084400 0.069700 0.103100 0.084000 0.091000 0.096200 0.095100 0.091200
GazellaPrz 0.097100 0.460600 0.097300 0.510400 0.135300 0.097200 0.119900 0.000000 0.108000 0.112700 0.105400 0.105000 0.119900 0.111900 0.134400 0.082200 0.139800 0.113300 0.112200 0.111800 0.086200 0.101300 0.101700 0.124200 0.108600 0.086000 0.097500 0.108200 0.096600 0.104400 0.116600 0.126400 0.157700 0.101100 0.100400 0.097400 0.112700 0.123100 0.105200 0.131900 0.116700 0.092800 0.120400 0.124900 0.104900 0.119900 0.093900 0.119700 0.134500 0.132300 0.101000 0.111800
MountainNy 0.094100 0.504200 0.020000 0.507500 0.117100 0.094200 0.094800 0.108000 0.000000 0.121100 0.084000 0.069300 0.094600 0.087100 0.101500 0.093900 0.137500 0.118100 0.087000 0.009900 0.098000 0.083700 0.110100 0.113800 0.083600 0.097900 0.087200 0.006600 0.093900 0.003300 0.125100 0.101300 0.151300 0.076300 0.082800 0.065300 0.087600 0.112500 0.091300 0.125200 0.110200 0.104900 0.129000 0.110700 0.072600 0.094600 0.113600 0.109600 0.101500 0.114200 0.006600 0.023300
MuntiacusM 0.094900 0.433800 0.102700 0.503800 0.118300 0.087700 0.114700 0.112700 0.121100 0.000000 0.084900 0.088100 0.091800 0.099100 0.117500 0.098400 0.099900 0.089000 0.091700 0.125000 0.095100 0.092000 0.044700 0.055500 0.084500 0.125200 0.077100 0.121300 0.105800 0.117400 0.003300 0.113600 0.132700 0.077100 0.091100 0.080600 0.095900 0.102400 0.107200 0.066300 0.037700 0.117100 0.006800 0.059500 0.095500 0.110600 0.118400 0.122200 0.102600 0.096200 0.121500 0.117500
goat 0.030600 0.425800 0.066100 0.480400 0.081000 0.027200 0.062900 0.105400 0.084000 0.084900 0.000000 0.059100 0.052000 0.080800 0.069500 0.076600 0.107900 0.093000 0.034200 0.087700 0.073300 0.020400 0.088900 0.085000 0.006700 0.087800 0.034300 0.084100 0.069300 0.080400 0.081300 0.095100 0.148800 0.027300 0.047900 0.066300 0.023900 0.084100 0.081200 0.103800 0.081500 0.087500 0.085000 0.089400 0.073600 0.062700 0.088500 0.081000 0.076700 0.089000 0.084300 0.080400
AfricanBuf 0.076500 0.491000 0.048100 0.504400 0.077200 0.069400 0.070000 0.105000 0.069300 0.088100 0.059100 0.000000 0.069600 0.069600 0.083700 0.083700 0.096500 0.085200 0.069500 0.073000 0.073200 0.058900 0.084700 0.080800 0.051600 0.087700 0.062300 0.069400 0.083600 0.065800 0.084500 0.083800 0.144700 0.051500 0.058400 0.030600 0.062600 0.073000 0.077300 0.084700 0.084800 0.087300 0.088200 0.085300 0.037600 0.069800 0.088300 0.069800 0.083900 0.088800 0.069500 0.065800
Topi 0.069200 0.477600 0.076600 0.506500 0.080600 0.062200 0.077200 0.119900 0.094600 0.091800 0.052000 0.069600 0.000000 0.076700 0.091100 0.090800 0.107200 0.096200 0.065900 0.098400 0.087700 0.059000 0.088400 0.091900 0.051700 0.109800 0.027100 0.094800 0.090800 0.091000 0.088200 0.098400 0.140000 0.023700 0.065400 0.062300 0.062700 0.087400 0.099500 0.103200 0.088400 0.101900 0.091900 0.088900 0.069600 0.084300 0.103100 0.099200 0.106000 0.107400 0.094900 0.091100
CommonDuik 0.090900 0.511000 0.069200 0.496500 0.102600 0.091000 0.047800 0.111900 0.087100 0.099100 0.080800 0.069600 0.076700 0.000000 0.102000 0.090400 0.118900 0.099800 0.083900 0.090700 0.079900 0.080500 0.103100 0.110500 0.080400 0.101800 0.076700 0.087200 0.083100 0.083500 0.095500 0.054500 0.144200 0.065800 0.072400 0.069300 0.084300 0.087100 0.091600 0.110500 0.095700 0.094000 0.099200 0.111300 0.076700 0.076700 0.095200 0.090900 0.098000 0.103300 0.087300 0.083500
Suni 0.076000 0.496500 0.083400 0.531700 0.113600 0.076100 0.098800 0.134400 0.101500 0.117500 0.069500 0.083700 0.091100 0.102000 0.000000 0.105000 0.133400 0.114500 0.079900 0.105200 0.094400 0.069300 0.106600 0.110100 0.069200 0.116700 0.083700 0.101600 0.105000 0.097800 0.113900 0.120200 0.175100 0.072800 0.079400 0.091000 0.065900 0.101600 0.106300 0.121700 0.099100 0.108700 0.117700 0.114800 0.098600 0.091100 0.117500 0.083600 0.101500 0.118100 0.101800 0.097900
Springbuck 0.075800 0.474600 0.083200 0.487400 0.105600 0.083100 0.090800 0.082200 0.093900 0.098400 0.076600 0.083700 0.090800 0.090400 0.105000 0.000000 0.102900 0.091600 0.094300 0.104900 0.058000 0.083600 0.109900 0.109800 0.076200 0.057900 0.076200 0.101300 0.033500 0.097600 0.102200 0.112100 0.139400 0.072500 0.079100 0.083300 0.087400 0.101200 0.069100 0.125000 0.110000 0.050700 0.106000 0.118100 0.098200 0.083400 0.087100 0.098000 0.104900 0.106300 0.094100 0.090300
Okapi 0.110400 0.472900 0.118600 0.522700 0.134700 0.103000 0.111800 0.139800 0.137500 0.099900 0.107900 0.096500 0.107200 0.118900 0.133400 0.102900 0.000000 0.052700 0.122300 0.141400 0.099500 0.107500 0.119600 0.107800 0.107300 0.130000 0.099600 0.137700 0.117800 0.133700 0.096300 0.125900 0.130000 0.099700 0.106600 0.096100 0.111500 0.122100 0.119600 0.119400 0.119600 0.121700 0.100000 0.104500 0.103700 0.119000 0.127000 0.134700 0.125900 0.108500 0.137900 0.133700
Giraffe 0.099300 0.477300 0.099600 0.512400 0.119100 0.099500 0.100300 0.113300 0.118100 0.089000 0.093000 0.085200 0.096200 0.099800 0.114500 0.091600 0.052700 0.000000 0.111100 0.121900 0.095800 0.085100 0.089200 0.096700 0.092500 0.103100 0.088700 0.118300 0.098900 0.114400 0.085400 0.122000 0.129900 0.088700 0.095300 0.077400 0.096600 0.103000 0.108000 0.115800 0.096900 0.095200 0.089100 0.093300 0.077500 0.099900 0.107600 0.115200 0.122000 0.104600 0.118400 0.114400
TibetanAnt 0.051200 0.440500 0.069200 0.471700 0.095200 0.044300 0.076900 0.112200 0.087000 0.091700 0.034200 0.069500 0.065900 0.083900 0.079900 0.094300 0.122300 0.111100 0.000000 0.090700 0.091100 0.041100 0.095700 0.091800 0.034000 0.105800 0.058700 0.087200 0.079600 0.083400 0.088100 0.083500 0.155700 0.048000 0.044100 0.076600 0.044600 0.098200 0.091700 0.106900 0.080900 0.101600 0.091800 0.096200 0.084100 0.080300 0.106600 0.098900 0.079900 0.107100 0.087300 0.083500
Sitatunga 0.097800 0.509700 0.023400 0.519600 0.120900 0.097900 0.098600 0.111800 0.009900 0.125000 0.087700 0.073000 0.098400 0.090700 0.105200 0.104900 0.141400 0.121900 0.090700 0.000000 0.101800 0.087400 0.113900 0.117600 0.087300 0.109100 0.090900 0.009900 0.105000 0.006600 0.129000 0.105100 0.155200 0.079900 0.086400 0.068900 0.091300 0.116300 0.102500 0.129100 0.114000 0.116100 0.132900 0.114600 0.076200 0.098400 0.117400 0.113400 0.112700 0.118100 0.010000 0.026700
Oribi 0.065400 0.485800 0.080000 0.501300 0.087700 0.072700 0.073000 0.086200 0.098000 0.095100 0.073300 0.073200 0.087700 0.079900 0.094400 0.058000 0.099500 0.095800 0.091100 0.101800 0.000000 0.073100 0.106800 0.106600 0.073000 0.076000 0.080300 0.098200 0.058000 0.094400 0.091500 0.094100 0.140000 0.069400 0.076000 0.080200 0.076900 0.083400 0.080400 0.121900 0.106800 0.068600 0.095300 0.107400 0.087600 0.073000 0.069500 0.087400 0.087000 0.080900 0.090900 0.094400
BarbaryShe 0.040900 0.447900 0.065900 0.496000 0.088100 0.037500 0.062700 0.101300 0.083700 0.092000 0.020400 0.058900 0.059000 0.080500 0.069300 0.083600 0.107500 0.085100 0.041100 0.087400 0.073100 0.000000 0.088600 0.084700 0.020300 0.098700 0.051800 0.083900 0.076300 0.080200 0.088400 0.094800 0.140300 0.041200 0.054800 0.058800 0.017000 0.083800 0.081000 0.103400 0.081200 0.087200 0.092100 0.089100 0.066100 0.062500 0.084500 0.084400 0.076500 0.088700 0.084000 0.080200
Daviddeer 0.099000 0.460100 0.091800 0.516600 0.114900 0.091800 0.111300 0.101700 0.110100 0.044700 0.088900 0.084700 0.088400 0.103100 0.106600 0.109900 0.119600 0.089200 0.095700 0.113900 0.106800 0.088600 0.000000 0.059300 0.088500 0.106700 0.088400 0.110300 0.117500 0.106400 0.048300 0.117800 0.141000 0.081000 0.095000 0.077200 0.085000 0.099000 0.111400 0.062900 0.020500 0.113800 0.052100 0.048900 0.084700 0.107200 0.115000 0.111100 0.114300 0.096700 0.110400 0.106500
Reindeer 0.095100 0.441600 0.102800 0.535600 0.107100 0.087900 0.103500 0.124200 0.113800 0.055500 0.085000 0.080800 0.091900 0.110500 0.110100 0.109800 0.107800 0.096700 0.091800 0.117600 0.106600 0.084700 0.059300 0.000000 0.084600 0.129300 0.077200 0.113900 0.117300 0.110000 0.052000 0.117600 0.156700 0.077200 0.091200 0.088100 0.088500 0.095100 0.099900 0.037800 0.059300 0.121100 0.055600 0.034500 0.088300 0.095700 0.114800 0.118500 0.110200 0.096500 0.114100 0.117600
Ibex 0.033900 0.436100 0.065800 0.472400 0.073400 0.030500 0.062600 0.108600 0.083600 0.084500 0.006700 0.051600 0.051700 0.080400 0.069200 0.076200 0.107300 0.092500 0.034000 0.087300 0.073000 0.020300 0.088500 0.084600 0.000000 0.091100 0.037700 0.083700 0.069000 0.080000 0.080900 0.094700 0.148100 0.027200 0.047700 0.066000 0.023800 0.076400 0.080800 0.095800 0.081100 0.087100 0.084600 0.088900 0.073300 0.062400 0.091900 0.084300 0.069200 0.088600 0.083900 0.080100
GyrantGaze 0.083200 0.477900 0.087200 0.481700 0.125000 0.090700 0.098500 0.086000 0.097900 0.125200 0.087800 0.087700 0.109800 0.101800 0.116700 0.057900 0.130000 0.103100 0.105800 0.109100 0.076000 0.098700 0.106700 0.129300 0.091100 0.000000 0.094800 0.105500 0.054400 0.101700 0.121600 0.123800 0.167600 0.091100 0.086600 0.094700 0.095200 0.120300 0.095000 0.129400 0.121900 0.033500 0.125400 0.122500 0.094800 0.098500 0.098500 0.087200 0.120400 0.114400 0.098200 0.101700
Hartebeest 0.047900 0.448500 0.069400 0.483500 0.084300 0.041000 0.069900 0.097500 0.087200 0.077100 0.034300 0.062300 0.027100 0.076700 0.083700 0.076200 0.099600 0.088700 0.058700 0.090900 0.080300 0.051800 0.088400 0.077200 0.037700 0.094800 0.000000 0.087400 0.083400 0.083600 0.073600 0.090900 0.140200 0.010100 0.051300 0.069600 0.055500 0.080100 0.084600 0.095700 0.088400 0.094400 0.077200 0.088900 0.076900 0.076900 0.088100 0.084300 0.098500 0.099800 0.087500 0.083700
Bongo 0.094200 0.505500 0.020100 0.514200 0.117300 0.094300 0.095000 0.108200 0.006600 0.121300 0.084100 0.069400 0.094800 0.087200 0.101600 0.101300 0.137700 0.118300 0.087200 0.009900 0.098200 0.083900 0.110300 0.113900 0.083700 0.105500 0.087400 0.000000 0.097700 0.003300 0.125300 0.101500 0.151500 0.076400 0.082900 0.065400 0.087700 0.112700 0.098900 0.117600 0.110300 0.112500 0.129200 0.110900 0.072700 0.094800 0.113800 0.109700 0.109000 0.114400 0.006600 0.020000
Gerenuk 0.075700 0.462400 0.090500 0.499300 0.105600 0.083000 0.083400 0.096600 0.093900 0.105800 0.069300 0.083600 0.090800 0.083100 0.105000 0.033500 0.117800 0.098900 0.079600 0.105000 0.058000 0.076300 0.117500 0.117300 0.069000 0.054400 0.083400 0.097700 0.000000 0.097600 0.102200 0.097300 0.150800 0.072500 0.071900 0.090600 0.080000 0.108600 0.076300 0.128800 0.110000 0.050700 0.105900 0.118100 0.098200 0.083400 0.087100 0.097900 0.083000 0.098700 0.094100 0.090300
CommonElan 0.090500 0.498600 0.016700 0.513300 0.113400 0.090600 0.091200 0.104400 0.003300 0.117400 0.080400 0.065800 0.091000 0.083500 0.097800 0.097600 0.133700 0.114400 0.083400 0.006600 0.094400 0.080200 0.106400 0.110000 0.080000 0.101700 0.083600 0.003300 0.097600 0.000000 0.121400 0.097700 0.147400 0.072700 0.079200 0.061800 0.084000 0.108900 0.095100 0.121500 0.106500 0.108600 0.125300 0.107000 0.069100 0.091000 0.109900 0.105900 0.105200 0.110500 0.003300 0.020000
MuntiacusR 0.091300 0.428600 0.106600 0.510400 0.114700 0.084200 0.111100 0.116600 0.125100 0.003300 0.081300 0.084500 0.088200 0.095500 0.113900 0.102200 0.096300 0.085400 0.088100 0.129000 0.091500 0.088400 0.048300 0.052000 0.080900 0.121600 0.073600 0.125300 0.102200 0.121400 0.000000 0.110000 0.136800 0.073500 0.087500 0.084400 0.092200 0.098800 0.103600 0.062800 0.041300 0.113500 0.003400 0.056000 0.091900 0.107000 0.114700 0.118500 0.098900 0.092600 0.125500 0.121400
HarveysDui 0.112600 0.507200 0.090600 0.529500 0.120900 0.105300 0.061800 0.126400 0.101300 0.113600 0.095100 0.083800 0.098400 0.054500 0.120200 0.112100 0.125900 0.122000 0.083500 0.105100 0.094100 0.094800 0.117800 0.117600 0.094700 0.123800 0.090900 0.101500 0.097300 0.097700 0.110000 0.000000 0.159100 0.079900 0.086500 0.090800 0.098700 0.108800 0.109700 0.117500 0.110300 0.115700 0.113800 0.118400 0.098400 0.098300 0.117100 0.105200 0.105300 0.129400 0.101600 0.097700
Pronghorn 0.135500 0.508300 0.140100 0.528300 0.172400 0.135700 0.152600 0.157700 0.151300 0.132700 0.148800 0.144700 0.140000 0.144200 0.175100 0.139400 0.130000 0.129900 0.155700 0.155200 0.140000 0.140300 0.141000 0.156700 0.148100 0.167600 0.140200 0.151500 0.150800 0.147400 0.136800 0.159100 0.000000 0.140100 0.139300 0.120900 0.144500 0.155200 0.153000 0.168900 0.137100 0.162800 0.140600 0.153700 0.132600 0.152300 0.156500 0.176400 0.159300 0.153300 0.151700 0.147500
BlueWildeb 0.051300 0.454500 0.058600 0.502100 0.073300 0.044400 0.059000 0.101100 0.076300 0.077100 0.027300 0.051500 0.023700 0.065800 0.072800 0.072500 0.099700 0.088700 0.048000 0.079900 0.069400 0.041200 0.081000 0.077200 0.027200 0.091100 0.010100 0.076400 0.072500 0.072700 0.073500 0.079900 0.140100 0.000000 0.047700 0.058700 0.044800 0.076400 0.080800 0.095700 0.081000 0.083400 0.077200 0.081500 0.066000 0.066000 0.084400 0.080600 0.087400 0.092300 0.076500 0.072700
Gemsbok 0.044000 0.442200 0.065100 0.466300 0.079900 0.037200 0.072700 0.100400 0.082800 0.091100 0.047900 0.058400 0.065400 0.072400 0.079400 0.079100 0.106600 0.095300 0.044100 0.086400 0.076000 0.054800 0.095000 0.091200 0.047700 0.086600 0.051300 0.082900 0.071900 0.079200 0.087500 0.086500 0.139300 0.047700 0.000000 0.065300 0.051400 0.068600 0.087400 0.094900 0.087700 0.082700 0.091200 0.103000 0.072600 0.079800 0.091000 0.079900 0.079400 0.091400 0.083000 0.079300
Yak 0.083600 0.489500 0.051500 0.483900 0.087800 0.076500 0.077000 0.097400 0.065300 0.080600 0.066300 0.030600 0.062300 0.069300 0.091000 0.083300 0.096100 0.077400 0.076600 0.068900 0.080200 0.058800 0.077200 0.088100 0.066000 0.094700 0.069600 0.065400 0.090600 0.061800 0.084400 0.090800 0.120900 0.058700 0.065300 0.000000 0.069800 0.079900 0.088100 0.091800 0.077300 0.086900 0.088100 0.085000 0.013400 0.076800 0.087900 0.084100 0.098300 0.095900 0.065500 0.061800
BlueSheep 0.030500 0.449000 0.069600 0.492100 0.092000 0.027100 0.066400 0.112700 0.087600 0.095900 0.023900 0.062600 0.062700 0.084300 0.065900 0.087400 0.111500 0.096600 0.044600 0.091300 0.076900 0.017000 0.085000 0.088500 0.023800 0.095200 0.055500 0.087700 0.080000 0.084000 0.092200 0.098700 0.144500 0.044800 0.051400 0.069800 0.000000 0.080300 0.077300 0.099900 0.077700 0.091100 0.096000 0.093000 0.077200 0.066200 0.095900 0.080900 0.080300 0.088800 0.087800 0.084000
BohorReedb 0.079600 0.492600 0.094300 0.490100 0.027000 0.072600 0.094900 0.123100 0.112500 0.102400 0.084100 0.073000 0.087400 0.087100 0.101600 0.101200 0.122100 0.103000 0.098200 0.116300 0.083400 0.083800 0.099000 0.095100 0.076400 0.120300 0.080100 0.112700 0.108600 0.108900 0.098800 0.108800 0.155200 0.076400 0.068600 0.079900 0.080300 0.000000 0.098800 0.091500 0.099000 0.112300 0.102500 0.107100 0.087300 0.094700 0.095000 0.102200 0.101600 0.114300 0.112900 0.108900
KirksDik 0.076400 0.460000 0.076900 0.517600 0.110800 0.076600 0.095800 0.105200 0.091300 0.107200 0.081200 0.077300 0.099500 0.091600 0.106300 0.069100 0.119600 0.108000 0.091700 0.102500 0.080400 0.081000 0.111400 0.099900 0.080800 0.095000 0.084600 0.098900 0.076300 0.095100 0.103600 0.109700 0.153000 0.080800 0.087400 0.088100 0.077300 0.098800 0.000000 0.119000 0.103800 0.087200 0.107400 0.112000 0.095700 0.092000 0.080800 0.106800 0.102600 0.111600 0.099000 0.095100
RoeDeer 0.106400 0.454100 0.114200 0.499600 0.118700 0.099100 0.111100 0.131900 0.125200 0.066300 0.103800 0.084700 0.103200 0.110500 0.121700 0.125000 0.119400 0.115800 0.106900 0.129100 0.121900 0.103400 0.062900 0.037800 0.095800 0.129400 0.095700 0.117600 0.128800 0.121500 0.062800 0.117500 0.168900 0.095700 0.094900 0.091800 0.099900 0.091500 0.119000 0.000000 0.062900 0.121200 0.066400 0.037900 0.092000 0.107100 0.130300 0.118600 0.121800 0.107900 0.125600 0.125400
WhiteLippe 0.091600 0.436200 0.091800 0.523000 0.115000 0.084400 0.111400 0.116700 0.110200 0.037700 0.081500 0.084800 0.088400 0.095700 0.099100 0.110000 0.119600 0.096900 0.080900 0.114000 0.106800 0.081200 0.020500 0.059300 0.081100 0.121900 0.088400 0.110300 0.110000 0.106500 0.041300 0.110300 0.137100 0.081000 0.087700 0.077300 0.077700 0.099000 0.103800 0.062900 0.000000 0.113800 0.045000 0.056100 0.092200 0.107300 0.115100 0.111200 0.099200 0.096700 0.110500 0.106500
ThomsonGaz 0.086600 0.467900 0.094100 0.491200 0.116900 0.094100 0.094400 0.092800 0.104900 0.117100 0.087500 0.087300 0.101900 0.094000 0.108700 0.050700 0.121700 0.095200 0.101600 0.116100 0.068600 0.087200 0.113800 0.121100 0.087100 0.033500 0.094400 0.112500 0.050700 0.108600 0.113500 0.115700 0.162800 0.083400 0.082700 0.086900 0.091100 0.112300 0.087200 0.121200 0.113800 0.000000 0.117300 0.122000 0.094400 0.090800 0.090700 0.086900 0.116100 0.110100 0.105200 0.108700
MuntiacusC 0.095000 0.434200 0.110400 0.516900 0.118500 0.087800 0.114900 0.120400 0.129000 0.006800 0.085000 0.088200 0.091900 0.099200 0.117700 0.106000 0.100000 0.089100 0.091800 0.132900 0.095300 0.092100 0.052100 0.055600 0.084600 0.125400 0.077200 0.129200 0.105900 0.125300 0.003400 0.113800 0.140600 0.077200 0.091200 0.088100 0.096000 0.102500 0.107400 0.066400 0.045000 0.117300 0.000000 0.059600 0.095700 0.110800 0.118600 0.122300 0.102700 0.096300 0.129400 0.125300
WhiteTaile 0.107000 0.452500 0.099800 0.531800 0.111800 0.099700 0.111900 0.124900 0.110700 0.059500 0.089400 0.085300 0.088900 0.111300 0.114800 0.118100 0.104500 0.093300 0.096200 0.114600 0.107400 0.089100 0.048900 0.034500 0.088900 0.122500 0.088900 0.110900 0.118100 0.107000 0.056000 0.118400 0.153700 0.081500 0.103000 0.085000 0.093000 0.107100 0.112000 0.037900 0.056100 0.122000 0.059600 0.000000 0.077700 0.100200 0.111800 0.119400 0.114900 0.093400 0.111100 0.114700
Cattle 0.091000 0.483000 0.058700 0.491900 0.095400 0.083900 0.084400 0.104900 0.072600 0.095500 0.073600 0.037600 0.069600 0.076700 0.098600 0.098200 0.103700 0.077500 0.084100 0.076200 0.087600 0.066100 0.084700 0.088300 0.073300 0.094800 0.076900 0.072700 0.098200 0.069100 0.091900 0.098400 0.132600 0.066000 0.072600 0.013400 0.077200 0.087300 0.095700 0.092000 0.092200 0.094400 0.095700 0.077700 0.000000 0.076900 0.095500 0.091700 0.105900 0.103600 0.072800 0.069100
RoyalAntel 0.069200 0.470600 0.076600 0.501900 0.091600 0.076500 0.069700 0.119900 0.094600 0.110600 0.062700 0.069800 0.084300 0.076700 0.091100 0.083400 0.119000 0.099900 0.080300 0.098400 0.073000 0.062500 0.107200 0.095700 0.062400 0.098500 0.076900 0.094800 0.083400 0.091000 0.107000 0.098300 0.152300 0.066000 0.079800 0.076800 0.066200 0.094700 0.092000 0.107100 0.107300 0.090800 0.110800 0.100200 0.076900 0.000000 0.080700 0.080600 0.094700 0.096000 0.094900 0.091100
Steenbok 0.087600 0.490500 0.095200 0.528000 0.099400 0.087700 0.103100 0.093900 0.113600 0.118400 0.088500 0.088300 0.103100 0.095200 0.117500 0.087100 0.127000 0.107600 0.106600 0.117400 0.069500 0.084500 0.115000 0.114800 0.091900 0.098500 0.088100 0.113800 0.087100 0.109900 0.114700 0.117100 0.156500 0.084400 0.091000 0.087900 0.095900 0.095000 0.080800 0.130300 0.115100 0.090700 0.118600 0.111800 0.095500 0.080700 0.000000 0.102800 0.117500 0.111500 0.113900 0.110000
Impala 0.083700 0.489000 0.091300 0.502300 0.106700 0.083900 0.084000 0.119700 0.109600 0.122200 0.081000 0.069800 0.099200 0.090900 0.083600 0.098000 0.134700 0.115200 0.098900 0.113400 0.087400 0.084400 0.111100 0.118500 0.084300 0.087200 0.084300 0.109700 0.097900 0.105900 0.118500 0.105200 0.176400 0.080600 0.079900 0.084100 0.080900 0.102200 0.106800 0.118600 0.111200 0.086900 0.122300 0.119400 0.091700 0.080600 0.102800 0.000000 0.109600 0.115000 0.109900 0.105900
Klipspring 0.075900 0.438400 0.098100 0.483700 0.106100 0.076100 0.091000 0.134500 0.101500 0.102600 0.076700 0.083900 0.106000 0.098000 0.101500 0.104900 0.125900 0.122000 0.079900 0.112700 0.087000 0.076500 0.114300 0.110200 0.069200 0.120400 0.098500 0.109000 0.083000 0.105200 0.098900 0.105300 0.159300 0.087400 0.079400 0.098300 0.080300 0.101600 0.102600 0.121800 0.099200 0.116100 0.102700 0.114900 0.105900 0.094700 0.117500 0.109600 0.000000 0.099100 0.109200 0.105300
ForestMusk 0.076900 0.456700 0.103300 0.511800 0.119000 0.084400 0.096200 0.132300 0.114200 0.096200 0.089000 0.088800 0.107400 0.103300 0.118100 0.106300 0.108500 0.104600 0.107100 0.118100 0.080900 0.088700 0.096700 0.096500 0.088600 0.114400 0.099800 0.114400 0.098700 0.110500 0.092600 0.129400 0.153300 0.092300 0.091400 0.095900 0.088800 0.114300 0.111600 0.107900 0.096700 0.110100 0.096300 0.093400 0.103600 0.096000 0.111500 0.115000 0.099100 0.000000 0.114600 0.118100
Bushbuck 0.094300 0.500100 0.020100 0.503100 0.117500 0.094500 0.095100 0.101000 0.006600 0.121500 0.084300 0.069500 0.094900 0.087300 0.101800 0.094100 0.137900 0.118400 0.087300 0.010000 0.090900 0.084000 0.110400 0.114100 0.083900 0.098200 0.087500 0.006600 0.094100 0.003300 0.125500 0.101600 0.151700 0.076500 0.083000 0.065500 0.087800 0.112900 0.099000 0.125600 0.110500 0.105200 0.129400 0.111100 0.072800 0.094900 0.113900 0.109900 0.109200 0.114600 0.000000 0.023400
GreaterKud 0.090500 0.524500 0.016700 0.511800 0.113500 0.090600 0.091200 0.111800 0.023300 0.117500 0.080400 0.065800 0.091100 0.083500 0.097900 0.090300 0.133700 0.114400 0.083500 0.026700 0.094400 0.080200 0.106500 0.117600 0.080100 0.101700 0.083700 0.020000 0.090300 0.020000 0.121400 0.097700 0.147500 0.072700 0.079300 0.061800 0.084000 0.108900 0.095100 0.125400 0.106500 0.108700 0.125300 0.114700 0.069100 0.091100 0.110000 0.105900 0.105300 0.118100 0.023400 0.000000
