1
52 1
Argali 0.000000 0.138400 0.071500 0.116400 0.018500 0.000000 0.018400 0.048000 0.081900 0.108500 0.013800 0.046900 0.047200 0.018400 0.037400 0.046600 0.066300 0.077300 0.037400 0.081900 0.041900 0.023200 0.100100 0.101700 0.009200 0.037000 0.037200 0.087100 0.041800 0.082100 0.103500 0.022900 0.084800 0.032500 0.037500 0.053500 0.009200 0.023200 0.037300 0.101100 0.100600 0.037000 0.101700 0.109200 0.053500 0.032700 0.032500 0.037200 0.027900 0.098900 0.082100 0.071300
LesserMous 0.138400 0.000000 0.148300 0.147500 0.162200 0.138400 0.148400 0.182800 0.156900 0.149200 0.154700 0.125500 0.170900 0.149200 0.149900 0.183300 0.107000 0.116200 0.184700 0.156900 0.175200 0.143700 0.140100 0.136300 0.150500 0.170200 0.161300 0.162700 0.187000 0.157700 0.139600 0.142500 0.103200 0.155800 0.141600 0.132400 0.150500 0.157300 0.158800 0.130200 0.140500 0.181300 0.141400 0.145100 0.132400 0.150100 0.165500 0.144000 0.160800 0.135100 0.156800 0.147600
LesserKudu 0.071500 0.148300 0.000000 0.133900 0.076000 0.071500 0.060900 0.094200 0.009000 0.098000 0.076400 0.032100 0.086500 0.061100 0.061100 0.090500 0.055900 0.065300 0.091800 0.009000 0.085900 0.081000 0.091700 0.093100 0.071200 0.090600 0.075700 0.013600 0.095600 0.009100 0.095700 0.055900 0.085300 0.070900 0.070900 0.027300 0.071200 0.068800 0.081200 0.092400 0.092100 0.090700 0.093000 0.098300 0.027300 0.066800 0.076100 0.070900 0.061300 0.088000 0.009100 0.000000
KillerWhal 0.116400 0.147500 0.133900 0.000000 0.122800 0.116400 0.120400 0.144200 0.143000 0.136900 0.115600 0.109100 0.134400 0.120800 0.109800 0.151300 0.085000 0.082500 0.149300 0.143000 0.126900 0.126800 0.147100 0.148700 0.120800 0.131800 0.130700 0.148900 0.131900 0.143000 0.140600 0.114700 0.113900 0.125300 0.131700 0.103400 0.120800 0.128100 0.128000 0.151000 0.147400 0.126500 0.142700 0.136800 0.103400 0.132700 0.115400 0.120100 0.135100 0.130200 0.142900 0.133500
DefassaWat 0.018500 0.162200 0.076000 0.122800 0.000000 0.018500 0.009100 0.038900 0.086400 0.104600 0.013900 0.049800 0.042300 0.009200 0.028000 0.046600 0.058300 0.067800 0.037400 0.086400 0.032900 0.032700 0.098000 0.099400 0.018500 0.037000 0.032500 0.091600 0.032400 0.085700 0.102000 0.014500 0.088300 0.027800 0.028000 0.056100 0.018500 0.004600 0.027900 0.098900 0.098400 0.027600 0.099400 0.104800 0.056100 0.023200 0.023100 0.037300 0.018500 0.077800 0.085700 0.074600
Sheep 0.000000 0.138400 0.071500 0.116400 0.018500 0.000000 0.018400 0.048000 0.081900 0.108500 0.013800 0.046900 0.047200 0.018400 0.037400 0.046600 0.066300 0.077300 0.037400 0.081900 0.041900 0.023200 0.100100 0.101700 0.009200 0.037000 0.037200 0.087100 0.041800 0.082100 0.103500 0.022900 0.084800 0.032500 0.037500 0.053500 0.009200 0.023200 0.037300 0.101100 0.100600 0.037000 0.101700 0.109200 0.053500 0.032700 0.032500 0.037200 0.027900 0.098900 0.082100 0.071300
MaxwellsDu 0.018400 0.148400 0.060900 0.120400 0.009100 0.018400 0.000000 0.028700 0.071000 0.095500 0.013700 0.037000 0.032500 0.000000 0.018400 0.046200 0.046400 0.055700 0.037100 0.071000 0.032100 0.032400 0.088800 0.090500 0.018300 0.027400 0.022900 0.076100 0.032100 0.071300 0.092400 0.004500 0.074500 0.018300 0.018400 0.041600 0.018300 0.004600 0.018300 0.089900 0.089400 0.027400 0.090500 0.095800 0.041600 0.013800 0.013700 0.027600 0.009100 0.077300 0.071200 0.060800
GazellaPrz 0.048000 0.182800 0.094200 0.144200 0.038900 0.048000 0.028700 0.000000 0.105100 0.128800 0.043600 0.068500 0.053600 0.028600 0.038900 0.051000 0.077800 0.087300 0.067600 0.105100 0.033100 0.063400 0.119500 0.123600 0.048700 0.037200 0.043300 0.110500 0.035100 0.104800 0.126400 0.033400 0.107800 0.038500 0.048800 0.073800 0.048700 0.033500 0.037100 0.122700 0.122100 0.037300 0.124100 0.129700 0.073800 0.043300 0.023000 0.047900 0.028900 0.111100 0.104800 0.093500
MountainNy 0.081900 0.156900 0.009000 0.143000 0.086400 0.081900 0.071000 0.105100 0.000000 0.098500 0.086900 0.041800 0.086900 0.071300 0.071300 0.101100 0.056200 0.075500 0.097400 0.000000 0.096600 0.091000 0.087000 0.093600 0.081600 0.101200 0.086100 0.004500 0.106400 0.000000 0.093400 0.065900 0.085700 0.081200 0.081300 0.036800 0.081600 0.079300 0.091800 0.092900 0.087400 0.101400 0.093400 0.098800 0.036800 0.077200 0.086500 0.081300 0.071500 0.098900 0.000000 0.009000
MuntiacusM 0.108500 0.149200 0.098000 0.136900 0.104600 0.108500 0.095500 0.128800 0.098500 0.000000 0.112500 0.077400 0.118000 0.095600 0.085100 0.122700 0.066600 0.076300 0.117800 0.098500 0.116600 0.105900 0.013700 0.013800 0.107100 0.116600 0.122400 0.103900 0.122600 0.099100 0.004600 0.092600 0.079600 0.117000 0.095700 0.072200 0.107100 0.099400 0.119000 0.013700 0.013700 0.117000 0.004600 0.009100 0.072200 0.102000 0.112400 0.116400 0.101500 0.091800 0.098600 0.097600
goat 0.013800 0.154700 0.076400 0.115600 0.013900 0.013800 0.013700 0.043600 0.086900 0.112500 0.000000 0.051700 0.047200 0.013800 0.032700 0.051500 0.061400 0.071000 0.042300 0.086900 0.037200 0.027900 0.105500 0.107500 0.004600 0.041900 0.037200 0.092100 0.037100 0.087100 0.109700 0.018300 0.080100 0.032500 0.032800 0.056400 0.004600 0.018500 0.032700 0.106800 0.106200 0.032400 0.107500 0.112900 0.056400 0.028000 0.027900 0.042100 0.023200 0.093700 0.087100 0.076200
AfricanBuf 0.046900 0.125500 0.032100 0.109100 0.049800 0.046900 0.037000 0.068500 0.041800 0.077400 0.051700 0.000000 0.071400 0.037100 0.037000 0.075600 0.036800 0.046000 0.066400 0.041800 0.061100 0.051800 0.071600 0.073000 0.046800 0.065700 0.061000 0.046600 0.070600 0.041900 0.074300 0.032200 0.061800 0.056200 0.046600 0.013600 0.046800 0.043500 0.056500 0.072000 0.071800 0.065800 0.072400 0.077400 0.013600 0.042200 0.051500 0.056200 0.046700 0.067400 0.041900 0.032100
Topi 0.047200 0.170900 0.086500 0.134400 0.042300 0.047200 0.032500 0.053600 0.086900 0.118000 0.047200 0.071400 0.000000 0.032600 0.047200 0.071100 0.066400 0.086100 0.065700 0.086900 0.066300 0.065200 0.110800 0.112800 0.051900 0.056300 0.018300 0.092100 0.065000 0.087200 0.113000 0.037100 0.090800 0.013700 0.042400 0.076200 0.051900 0.037600 0.052000 0.112100 0.111500 0.061300 0.112900 0.118400 0.076200 0.047200 0.047000 0.037300 0.032700 0.114800 0.087100 0.086300
CommonDuik 0.018400 0.149200 0.061100 0.120800 0.009200 0.018400 0.000000 0.028600 0.071300 0.095600 0.013800 0.037100 0.032600 0.000000 0.018400 0.046300 0.046500 0.055900 0.037200 0.071300 0.032200 0.032500 0.089000 0.090600 0.018400 0.027500 0.022900 0.076300 0.032200 0.071500 0.092300 0.004500 0.074500 0.018300 0.018400 0.041700 0.018400 0.004600 0.018400 0.090000 0.089500 0.027500 0.090600 0.095800 0.041700 0.013800 0.013700 0.027700 0.009100 0.077500 0.071500 0.061000
Suni 0.037400 0.149900 0.061100 0.109800 0.028000 0.037400 0.018400 0.038900 0.071300 0.085100 0.032700 0.037000 0.047200 0.018400 0.000000 0.056300 0.046500 0.055900 0.052000 0.071300 0.042000 0.052100 0.078600 0.079900 0.037400 0.037000 0.042000 0.076400 0.041800 0.071500 0.081300 0.023000 0.074400 0.037200 0.027800 0.041700 0.037400 0.023300 0.037400 0.079300 0.079000 0.037100 0.080300 0.085100 0.041700 0.032800 0.023200 0.037200 0.027900 0.077400 0.071400 0.060900
Springbuck 0.046600 0.183300 0.090500 0.151300 0.046600 0.046600 0.046200 0.051000 0.101100 0.122700 0.051500 0.075600 0.071100 0.046300 0.056300 0.000000 0.095600 0.106500 0.066000 0.101100 0.051000 0.064500 0.127100 0.127400 0.046500 0.036600 0.060700 0.106400 0.022600 0.101300 0.118600 0.050800 0.110600 0.055900 0.056300 0.081600 0.046500 0.051500 0.060200 0.126700 0.126100 0.027400 0.116600 0.134100 0.081600 0.061200 0.043800 0.056000 0.046500 0.124400 0.101300 0.090200
Okapi 0.066300 0.107000 0.055900 0.085000 0.058300 0.066300 0.046400 0.077800 0.056200 0.066600 0.061400 0.036800 0.066400 0.046500 0.046500 0.095600 0.000000 0.018100 0.086200 0.056200 0.070800 0.069800 0.061100 0.061700 0.066100 0.075400 0.065800 0.061100 0.080300 0.056300 0.061500 0.041500 0.039800 0.061000 0.056200 0.041300 0.066100 0.052800 0.066200 0.061400 0.061200 0.075500 0.061400 0.066300 0.041300 0.051800 0.061200 0.061000 0.056400 0.056500 0.056300 0.055700
Giraffe 0.077300 0.116200 0.065300 0.082500 0.067800 0.077300 0.055700 0.087300 0.075500 0.076300 0.071000 0.046000 0.086100 0.055900 0.055900 0.106500 0.018100 0.000000 0.096000 0.075500 0.081000 0.081100 0.080500 0.081300 0.075800 0.085500 0.075400 0.080600 0.090900 0.075700 0.082500 0.050800 0.053900 0.070500 0.065700 0.041200 0.075800 0.062400 0.077100 0.080900 0.080600 0.085700 0.081000 0.074600 0.041200 0.061200 0.070800 0.070500 0.066000 0.062600 0.075700 0.065100
TibetanAnt 0.037400 0.184700 0.091800 0.149300 0.037400 0.037400 0.037100 0.067600 0.097400 0.117800 0.042300 0.066400 0.065700 0.037200 0.052000 0.066000 0.086200 0.096000 0.000000 0.097400 0.051500 0.052100 0.100300 0.113100 0.037500 0.065900 0.060500 0.102800 0.051500 0.097500 0.115300 0.041800 0.117200 0.055600 0.052000 0.071200 0.037500 0.042300 0.056800 0.112000 0.101100 0.056200 0.112900 0.118400 0.071200 0.052100 0.051800 0.066400 0.045800 0.120400 0.097500 0.091400
Sitatunga 0.081900 0.156900 0.009000 0.143000 0.086400 0.081900 0.071000 0.105100 0.000000 0.098500 0.086900 0.041800 0.086900 0.071300 0.071300 0.101100 0.056200 0.075500 0.097400 0.000000 0.096600 0.091000 0.087000 0.093600 0.081600 0.101200 0.086100 0.004500 0.106400 0.000000 0.093400 0.065900 0.085700 0.081200 0.081300 0.036800 0.081600 0.079300 0.091800 0.092900 0.087400 0.101400 0.093400 0.098800 0.036800 0.077200 0.086500 0.081300 0.071500 0.098900 0.000000 0.009000
Oribi 0.041900 0.175200 0.085900 0.126900 0.032900 0.041900 0.032100 0.033100 0.096600 0.116600 0.037200 0.061100 0.066300 0.032200 0.042000 0.051000 0.070800 0.081000 0.051500 0.096600 0.000000 0.046500 0.108800 0.110600 0.041800 0.041400 0.056000 0.101900 0.036800 0.096800 0.112300 0.027400 0.099900 0.051300 0.051600 0.066800 0.041800 0.037500 0.041800 0.110000 0.109400 0.032100 0.110600 0.116800 0.066800 0.046800 0.027600 0.051300 0.041900 0.114100 0.096800 0.085700
BarbaryShe 0.023200 0.143700 0.081000 0.126800 0.032700 0.023200 0.032400 0.063400 0.091000 0.105900 0.027900 0.051800 0.065200 0.032500 0.052100 0.064500 0.069800 0.081100 0.052100 0.091000 0.046500 0.000000 0.098600 0.101400 0.023100 0.061100 0.056500 0.096300 0.056400 0.090500 0.099300 0.037100 0.090600 0.051700 0.052100 0.056500 0.023100 0.037500 0.051900 0.100400 0.100100 0.051500 0.102100 0.107400 0.056500 0.037600 0.047000 0.061500 0.045600 0.106300 0.090500 0.080500
Daviddeer 0.100100 0.140100 0.091700 0.147100 0.098000 0.100100 0.088800 0.119500 0.087000 0.013700 0.105500 0.071600 0.110800 0.089000 0.078600 0.127100 0.061100 0.080500 0.100300 0.087000 0.108800 0.098600 0.000000 0.009100 0.100200 0.119600 0.115200 0.092300 0.127300 0.087300 0.009100 0.086300 0.073800 0.109900 0.089200 0.076300 0.100200 0.092900 0.110400 0.009100 0.000000 0.120000 0.009100 0.013600 0.076300 0.095000 0.105400 0.109900 0.095100 0.089300 0.087200 0.091400
Reindeer 0.101700 0.136300 0.093100 0.148700 0.099400 0.101700 0.090500 0.123600 0.093600 0.013800 0.107500 0.073000 0.112800 0.090600 0.079900 0.127400 0.061700 0.081300 0.113100 0.093600 0.110600 0.101400 0.009100 0.000000 0.102200 0.121200 0.117200 0.099000 0.127500 0.093700 0.009200 0.087400 0.072000 0.111900 0.091000 0.077500 0.102200 0.093900 0.112000 0.004600 0.009100 0.121700 0.009100 0.013700 0.077500 0.096700 0.107300 0.111700 0.097200 0.090800 0.093600 0.092600
Ibex 0.009200 0.150500 0.071200 0.120800 0.018500 0.009200 0.018300 0.048700 0.081600 0.107100 0.004600 0.046800 0.051900 0.018400 0.037400 0.046500 0.066100 0.075800 0.037500 0.081600 0.041800 0.023100 0.100200 0.102200 0.000000 0.046500 0.041900 0.086800 0.041800 0.081800 0.104800 0.022900 0.085400 0.037200 0.037400 0.051400 0.000000 0.023200 0.037300 0.101500 0.100900 0.037000 0.102300 0.107800 0.051400 0.032700 0.032500 0.046700 0.027800 0.098900 0.081800 0.071000
GyrantGaze 0.037000 0.170200 0.090600 0.131800 0.037000 0.037000 0.027400 0.037200 0.101200 0.116600 0.041900 0.065700 0.056300 0.027500 0.037000 0.036600 0.075400 0.085500 0.065900 0.101200 0.041400 0.061100 0.119600 0.121200 0.046500 0.000000 0.046200 0.106500 0.022700 0.101500 0.111900 0.031900 0.104500 0.041500 0.047000 0.071100 0.046500 0.032400 0.036900 0.120700 0.120000 0.009000 0.110500 0.127200 0.071100 0.041900 0.022800 0.036800 0.037000 0.108000 0.101500 0.090300
Hartebeest 0.037200 0.161300 0.075700 0.130700 0.032500 0.037200 0.022900 0.043300 0.086100 0.122400 0.037200 0.061000 0.018300 0.022900 0.042000 0.060700 0.065800 0.075400 0.060500 0.086100 0.056000 0.056500 0.115200 0.117200 0.041900 0.046200 0.000000 0.091300 0.054600 0.086400 0.119800 0.027500 0.090000 0.004500 0.032500 0.065700 0.041900 0.027800 0.041900 0.116500 0.115900 0.051100 0.117300 0.122800 0.065700 0.037300 0.037100 0.027600 0.023000 0.103400 0.086300 0.075600
Bongo 0.087100 0.162700 0.013600 0.148900 0.091600 0.087100 0.076100 0.110500 0.004500 0.103900 0.092100 0.046600 0.092100 0.076300 0.076400 0.106400 0.061100 0.080600 0.102800 0.004500 0.101900 0.096300 0.092300 0.099000 0.086800 0.106500 0.091300 0.000000 0.111700 0.004500 0.098800 0.070900 0.091000 0.086300 0.086400 0.041500 0.086800 0.084600 0.097100 0.098200 0.092700 0.106700 0.098800 0.104300 0.041500 0.082400 0.091800 0.086400 0.076600 0.104300 0.004500 0.013600
Gerenuk 0.041800 0.187000 0.095600 0.131900 0.032400 0.041800 0.032100 0.035100 0.106400 0.122600 0.037100 0.070600 0.065000 0.032200 0.041800 0.022600 0.080300 0.090900 0.051500 0.106400 0.036800 0.056400 0.127300 0.127500 0.041800 0.022700 0.054600 0.111700 0.000000 0.106600 0.118500 0.036700 0.110600 0.049800 0.051500 0.076500 0.041800 0.037200 0.045500 0.126600 0.126200 0.013600 0.116500 0.134000 0.076500 0.046800 0.029200 0.051200 0.039900 0.113600 0.106600 0.095400
CommonElan 0.082100 0.157700 0.009100 0.143000 0.085700 0.082100 0.071300 0.104800 0.000000 0.099100 0.087100 0.041900 0.087200 0.071500 0.071500 0.101300 0.056300 0.075700 0.097500 0.000000 0.096800 0.090500 0.087300 0.093700 0.081800 0.101500 0.086400 0.004500 0.106600 0.000000 0.093500 0.066100 0.085500 0.081400 0.081500 0.037000 0.081800 0.080200 0.092000 0.093100 0.087600 0.101600 0.093500 0.098700 0.037000 0.077400 0.086700 0.081500 0.071600 0.098700 0.000000 0.009000
MuntiacusR 0.103500 0.139600 0.095700 0.140600 0.102000 0.103500 0.092400 0.126400 0.093400 0.004600 0.109700 0.074300 0.113000 0.092300 0.081300 0.118600 0.061500 0.082500 0.115300 0.093400 0.112300 0.099300 0.009100 0.009200 0.104800 0.111900 0.119800 0.098800 0.118500 0.093500 0.000000 0.089000 0.074600 0.114300 0.093400 0.079700 0.104800 0.095400 0.114000 0.009100 0.009100 0.112600 0.000000 0.013700 0.079700 0.098500 0.110100 0.113200 0.098800 0.092800 0.093400 0.094500
HarveysDui 0.022900 0.142500 0.055900 0.114700 0.014500 0.022900 0.004500 0.033400 0.065900 0.092600 0.018300 0.032200 0.037100 0.004500 0.023000 0.050800 0.041500 0.050800 0.041800 0.065900 0.027400 0.037100 0.086300 0.087400 0.022900 0.031900 0.027500 0.070900 0.036700 0.066100 0.089000 0.000000 0.069200 0.022800 0.023000 0.036700 0.022900 0.009400 0.022900 0.087000 0.086500 0.032000 0.087200 0.092300 0.036700 0.018300 0.018300 0.032200 0.013700 0.082200 0.066100 0.055800
Pronghorn 0.084800 0.103200 0.085300 0.113900 0.088300 0.084800 0.074500 0.107800 0.085700 0.079600 0.080100 0.061800 0.090800 0.074500 0.074400 0.110600 0.039800 0.053900 0.117200 0.085700 0.099900 0.090600 0.073800 0.072000 0.085400 0.104500 0.090000 0.091000 0.110600 0.085500 0.074600 0.069200 0.000000 0.084900 0.075300 0.069700 0.085400 0.081500 0.095300 0.074500 0.074100 0.105100 0.074700 0.076900 0.069700 0.080800 0.090700 0.084500 0.080200 0.069600 0.085500 0.084600
BlueWildeb 0.032500 0.155800 0.070900 0.125300 0.027800 0.032500 0.018300 0.038500 0.081200 0.117000 0.032500 0.056200 0.013700 0.018300 0.037200 0.055900 0.061000 0.070500 0.055600 0.081200 0.051300 0.051700 0.109900 0.111900 0.037200 0.041500 0.004500 0.086300 0.049800 0.081400 0.114300 0.022800 0.084900 0.000000 0.027800 0.060800 0.037200 0.023100 0.037200 0.111200 0.110600 0.046400 0.112000 0.117400 0.060800 0.032500 0.032400 0.022900 0.018400 0.098200 0.081400 0.070700
Gemsbok 0.037500 0.141600 0.070900 0.131700 0.028000 0.037500 0.018400 0.048800 0.081300 0.095700 0.032800 0.046600 0.042400 0.018400 0.027800 0.056300 0.056200 0.065700 0.052000 0.081300 0.051600 0.052100 0.089200 0.091000 0.037400 0.047000 0.032500 0.086400 0.051500 0.081500 0.093400 0.023000 0.075300 0.027800 0.000000 0.051300 0.037400 0.023300 0.037400 0.090200 0.089900 0.046700 0.091100 0.096400 0.051300 0.032800 0.032600 0.037800 0.027900 0.088300 0.081500 0.070800
Yak 0.053500 0.132400 0.027300 0.103400 0.056100 0.053500 0.041600 0.073800 0.036800 0.072200 0.056400 0.013600 0.076200 0.041700 0.041700 0.081600 0.041300 0.041200 0.071200 0.036800 0.066800 0.056500 0.076300 0.077500 0.051400 0.071100 0.065700 0.041500 0.076500 0.037000 0.079700 0.036700 0.069700 0.060800 0.051300 0.000000 0.051400 0.048600 0.063200 0.076900 0.076600 0.071400 0.077300 0.072300 0.000000 0.046900 0.056300 0.060900 0.051400 0.070100 0.037000 0.027300
BlueSheep 0.009200 0.150500 0.071200 0.120800 0.018500 0.009200 0.018300 0.048700 0.081600 0.107100 0.004600 0.046800 0.051900 0.018400 0.037400 0.046500 0.066100 0.075800 0.037500 0.081600 0.041800 0.023100 0.100200 0.102200 0.000000 0.046500 0.041900 0.086800 0.041800 0.081800 0.104800 0.022900 0.085400 0.037200 0.037400 0.051400 0.000000 0.023200 0.037300 0.101500 0.100900 0.037000 0.102300 0.107800 0.051400 0.032700 0.032500 0.046700 0.027800 0.098900 0.081800 0.071000
BohorReedb 0.023200 0.157300 0.068800 0.128100 0.004600 0.023200 0.004600 0.033500 0.079300 0.099400 0.018500 0.043500 0.037600 0.004600 0.023300 0.051500 0.052800 0.062400 0.042300 0.079300 0.037500 0.037500 0.092900 0.093900 0.023200 0.032400 0.027800 0.084600 0.037200 0.080200 0.095400 0.009400 0.081500 0.023100 0.023300 0.048600 0.023200 0.000000 0.023200 0.093500 0.093100 0.032400 0.093800 0.098900 0.048600 0.018600 0.018500 0.032600 0.013800 0.072400 0.079200 0.068200
KirksDik 0.037300 0.158800 0.081200 0.128000 0.027900 0.037300 0.018300 0.037100 0.091800 0.119000 0.032700 0.056500 0.052000 0.018400 0.037400 0.060200 0.066200 0.077100 0.056800 0.091800 0.041800 0.051900 0.110400 0.112000 0.037300 0.036900 0.041900 0.097100 0.045500 0.092000 0.114000 0.022900 0.095300 0.037200 0.037400 0.063200 0.037300 0.023200 0.000000 0.111400 0.110800 0.037000 0.112000 0.119500 0.063200 0.032700 0.018400 0.037200 0.027800 0.098700 0.092000 0.081000
RoeDeer 0.101100 0.130200 0.092400 0.151000 0.098900 0.101100 0.089900 0.122700 0.092900 0.013700 0.106800 0.072000 0.112100 0.090000 0.079300 0.126700 0.061400 0.080900 0.112000 0.092900 0.110000 0.100400 0.009100 0.004600 0.101500 0.120700 0.116500 0.098200 0.126600 0.093100 0.009100 0.087000 0.074500 0.111200 0.090200 0.076900 0.101500 0.093500 0.111400 0.000000 0.009100 0.121100 0.009100 0.013700 0.076900 0.096400 0.106500 0.110700 0.095900 0.090200 0.093000 0.092000
WhiteLippe 0.100600 0.140500 0.092100 0.147400 0.098400 0.100600 0.089400 0.122100 0.087400 0.013700 0.106200 0.071800 0.111500 0.089500 0.079000 0.126100 0.061200 0.080600 0.101100 0.087400 0.109400 0.100100 0.000000 0.009100 0.100900 0.120000 0.115900 0.092700 0.126200 0.087600 0.009100 0.086500 0.074100 0.110600 0.089900 0.076600 0.100900 0.093100 0.110800 0.009100 0.000000 0.120500 0.009100 0.013600 0.076600 0.095600 0.106000 0.110500 0.095900 0.089900 0.087500 0.091800
ThomsonGaz 0.037000 0.181300 0.090700 0.126500 0.027600 0.037000 0.027400 0.037300 0.101400 0.117000 0.032400 0.065800 0.061300 0.027500 0.037100 0.027400 0.075500 0.085700 0.056200 0.101400 0.032100 0.051500 0.120000 0.121700 0.037000 0.009000 0.051100 0.106700 0.013600 0.101600 0.112600 0.032000 0.105100 0.046400 0.046700 0.071400 0.037000 0.032400 0.037000 0.121100 0.120500 0.000000 0.111000 0.128000 0.071400 0.041900 0.022900 0.046400 0.037000 0.108300 0.101600 0.090400
MuntiacusC 0.101700 0.141400 0.093000 0.142700 0.099400 0.101700 0.090500 0.124100 0.093400 0.004600 0.107500 0.072400 0.112900 0.090600 0.080300 0.116600 0.061400 0.081000 0.112900 0.093400 0.110600 0.102100 0.009100 0.009100 0.102300 0.110500 0.117300 0.098800 0.116500 0.093500 0.000000 0.087200 0.074700 0.112000 0.091100 0.077300 0.102300 0.093800 0.112000 0.009100 0.009100 0.111000 0.000000 0.013700 0.077300 0.097200 0.107500 0.111300 0.096700 0.090800 0.093400 0.092300
WhiteTaile 0.109200 0.145100 0.098300 0.136800 0.104800 0.109200 0.095800 0.129700 0.098800 0.009100 0.112900 0.077400 0.118400 0.095800 0.085100 0.134100 0.066300 0.074600 0.118400 0.098800 0.116800 0.107400 0.013600 0.013700 0.107800 0.127200 0.122800 0.104300 0.134000 0.098700 0.013700 0.092300 0.076900 0.117400 0.096400 0.072300 0.107800 0.098900 0.119500 0.013700 0.013600 0.128000 0.013700 0.000000 0.072300 0.101800 0.113100 0.116600 0.102000 0.092800 0.098700 0.097500
Cattle 0.053500 0.132400 0.027300 0.103400 0.056100 0.053500 0.041600 0.073800 0.036800 0.072200 0.056400 0.013600 0.076200 0.041700 0.041700 0.081600 0.041300 0.041200 0.071200 0.036800 0.066800 0.056500 0.076300 0.077500 0.051400 0.071100 0.065700 0.041500 0.076500 0.037000 0.079700 0.036700 0.069700 0.060800 0.051300 0.000000 0.051400 0.048600 0.063200 0.076900 0.076600 0.071400 0.077300 0.072300 0.000000 0.046900 0.056300 0.060900 0.051400 0.070100 0.037000 0.027300
RoyalAntel 0.032700 0.150100 0.066800 0.132700 0.023200 0.032700 0.013800 0.043300 0.077200 0.102000 0.028000 0.042200 0.047200 0.013800 0.032800 0.061200 0.051800 0.061200 0.052100 0.077200 0.046800 0.037600 0.095000 0.096700 0.032700 0.041900 0.037300 0.082400 0.046800 0.077400 0.098500 0.018300 0.080800 0.032500 0.032800 0.046900 0.032700 0.018600 0.032700 0.096400 0.095600 0.041900 0.097200 0.101800 0.046900 0.000000 0.027900 0.042100 0.023200 0.083300 0.077300 0.066600
Steenbok 0.032500 0.165500 0.076100 0.115400 0.023100 0.032500 0.013700 0.023000 0.086500 0.112400 0.027900 0.051500 0.047000 0.013700 0.023200 0.043800 0.061200 0.070800 0.051800 0.086500 0.027600 0.047000 0.105400 0.107300 0.032500 0.022800 0.037100 0.091800 0.029200 0.086700 0.110100 0.018300 0.090700 0.032400 0.032600 0.056300 0.032500 0.018500 0.018400 0.106500 0.106000 0.022900 0.107500 0.113100 0.056300 0.027900 0.000000 0.032400 0.023100 0.093600 0.086700 0.075900
Impala 0.037200 0.144000 0.070900 0.120100 0.037300 0.037200 0.027600 0.047900 0.081300 0.116400 0.042100 0.056200 0.037300 0.027700 0.037200 0.056000 0.061000 0.070500 0.066400 0.081300 0.051300 0.061500 0.109900 0.111700 0.046700 0.036800 0.027600 0.086400 0.051200 0.081500 0.113200 0.032200 0.084500 0.022900 0.037800 0.060900 0.046700 0.032600 0.037200 0.110700 0.110500 0.046400 0.111300 0.116600 0.060900 0.042100 0.032400 0.000000 0.037200 0.097800 0.081400 0.070700
Klipspring 0.027900 0.160800 0.061300 0.135100 0.018500 0.027900 0.009100 0.028900 0.071500 0.101500 0.023200 0.046700 0.032700 0.009100 0.027900 0.046500 0.056400 0.066000 0.045800 0.071500 0.041900 0.045600 0.095100 0.097200 0.027800 0.037000 0.023000 0.076600 0.039900 0.071600 0.098800 0.013700 0.080200 0.018400 0.027900 0.051400 0.027800 0.013800 0.027800 0.095900 0.095900 0.037000 0.096700 0.102000 0.051400 0.023200 0.023100 0.037200 0.000000 0.083200 0.071600 0.061100
ForestMusk 0.098900 0.135100 0.088000 0.130200 0.077800 0.098900 0.077300 0.111100 0.098900 0.091800 0.093700 0.067400 0.114800 0.077500 0.077400 0.124400 0.056500 0.062600 0.120400 0.098900 0.114100 0.106300 0.089300 0.090800 0.098900 0.108000 0.103400 0.104300 0.113600 0.098700 0.092800 0.082200 0.069600 0.098200 0.088300 0.070100 0.098900 0.072400 0.098700 0.090200 0.089900 0.108300 0.090800 0.092800 0.070100 0.083300 0.093600 0.097800 0.083200 0.000000 0.098700 0.087300
Bushbuck 0.082100 0.156800 0.009100 0.142900 0.085700 0.082100 0.071200 0.104800 0.000000 0.098600 0.087100 0.041900 0.087100 0.071500 0.071400 0.101300 0.056300 0.075700 0.097500 0.000000 0.096800 0.090500 0.087200 0.093600 0.081800 0.101500 0.086300 0.004500 0.106600 0.000000 0.093400 0.066100 0.085500 0.081400 0.081500 0.037000 0.081800 0.079200 0.092000 0.093000 0.087500 0.101600 0.093400 0.098700 0.037000 0.077300 0.086700 0.081400 0.071600 0.098700 0.000000 0.009000
GreaterKud 0.071300 0.147600 0.000000 0.133500 0.074600 0.071300 0.060800 0.093500 0.009000 0.097600 0.076200 0.032100 0.086300 0.061000 0.060900 0.090200 0.055700 0.065100 0.091400 0.009000 0.085700 0.080500 0.091400 0.092600 0.071000 0.090300 0.075600 0.013600 0.095400 0.009000 0.094500 0.055800 0.084600 0.070700 0.070800 0.027300 0.071000 0.068200 0.081000 0.092000 0.091800 0.090400 0.092300 0.097500 0.027300 0.066600 0.075900 0.070700 0.061100 0.087300 0.009000 0.000000
