1
52 1
Argali 0.000000 0.151400 0.056600 0.117400 0.033700 0.005500 0.022500 0.011100 0.050900 0.033900 0.022300 0.039300 0.028000 0.033600 0.027900 0.033700 0.067400 0.067900 0.033400 0.062600 0.044600 0.016800 0.039600 0.051000 0.022300 0.027800 0.022400 0.056600 0.044900 0.056600 0.056800 0.033300 0.075700 0.022400 0.062400 0.039300 0.016400 0.034000 0.033500 0.039800 0.045700 0.027800 0.033900 0.040000 0.050600 0.028100 0.033300 0.045000 0.039500 0.044700 0.062300 0.062300
LesserMous 0.151400 0.000000 0.183100 0.143700 0.150700 0.144300 0.130800 0.150500 0.183400 0.151100 0.150900 0.156400 0.143800 0.155500 0.156600 0.163000 0.153100 0.154200 0.136300 0.190300 0.181900 0.145200 0.157700 0.163700 0.137000 0.169800 0.137600 0.183100 0.175100 0.183100 0.170000 0.148600 0.186000 0.137800 0.163000 0.169700 0.143700 0.151900 0.150200 0.158300 0.165200 0.163600 0.151100 0.159300 0.175700 0.164900 0.162700 0.156100 0.171500 0.135800 0.182100 0.175700
LesserKudu 0.056600 0.183100 0.000000 0.148100 0.068200 0.050700 0.056700 0.056400 0.005400 0.068400 0.056500 0.027200 0.062100 0.067900 0.050400 0.068300 0.102200 0.103000 0.055900 0.005400 0.067300 0.051000 0.074300 0.085900 0.056200 0.062000 0.056400 0.000000 0.079700 0.000000 0.079700 0.067300 0.111600 0.056400 0.079500 0.027600 0.050500 0.068700 0.079700 0.074600 0.080600 0.050400 0.068300 0.075000 0.038700 0.068300 0.067600 0.056100 0.086400 0.079100 0.016400 0.005400
KillerWhal 0.117400 0.143700 0.148100 0.000000 0.104900 0.110900 0.105000 0.116900 0.148300 0.117300 0.117200 0.122700 0.123000 0.129100 0.122700 0.142900 0.127200 0.128500 0.103700 0.155000 0.147200 0.111600 0.111300 0.123100 0.116400 0.135300 0.117000 0.148100 0.154700 0.148100 0.135700 0.115400 0.144500 0.117000 0.141600 0.135200 0.110400 0.093400 0.128900 0.111700 0.118000 0.129400 0.117300 0.124800 0.134600 0.124300 0.128700 0.122500 0.149500 0.103400 0.147300 0.141300
DefassaWat 0.033700 0.150700 0.068200 0.104900 0.000000 0.027700 0.033800 0.033600 0.062500 0.033700 0.033100 0.050700 0.039300 0.033500 0.039200 0.056900 0.067200 0.067700 0.044700 0.074300 0.067800 0.028100 0.039500 0.050900 0.033500 0.050700 0.033700 0.068200 0.068200 0.068200 0.056600 0.033200 0.087600 0.033700 0.068100 0.050700 0.027800 0.022500 0.044900 0.039700 0.045500 0.050800 0.033700 0.039900 0.062100 0.051300 0.056300 0.044800 0.063000 0.044600 0.073800 0.062100
Sheep 0.005500 0.144300 0.050700 0.110900 0.027700 0.000000 0.016700 0.016700 0.045000 0.028000 0.016500 0.033500 0.022300 0.027800 0.022200 0.039500 0.061400 0.061800 0.027700 0.056600 0.050400 0.011200 0.033800 0.045100 0.016600 0.033500 0.016700 0.050700 0.050700 0.050700 0.050800 0.027600 0.069400 0.016700 0.062300 0.033500 0.011000 0.028200 0.039300 0.033900 0.039700 0.033600 0.028000 0.034100 0.044700 0.033900 0.039100 0.039100 0.045400 0.038900 0.056300 0.056300
MaxwellsDu 0.022500 0.130800 0.056700 0.105000 0.033800 0.016700 0.000000 0.022300 0.051000 0.033900 0.022400 0.027900 0.028000 0.022200 0.027900 0.039400 0.061200 0.061700 0.033400 0.062700 0.056300 0.016800 0.039600 0.051100 0.022300 0.039300 0.022400 0.056700 0.050600 0.056700 0.056800 0.022100 0.075700 0.022400 0.062600 0.039300 0.016700 0.034000 0.045100 0.039800 0.045700 0.039400 0.033900 0.040000 0.050700 0.039800 0.044900 0.045000 0.051400 0.044800 0.050600 0.062400
GazellaPrz 0.011100 0.150500 0.056400 0.116900 0.033600 0.016700 0.022300 0.000000 0.050700 0.033700 0.011100 0.039100 0.027900 0.033400 0.027800 0.022200 0.055500 0.055900 0.022000 0.062300 0.033000 0.016800 0.039400 0.039200 0.011000 0.016500 0.022300 0.056400 0.033300 0.056400 0.056500 0.033200 0.075300 0.022300 0.062100 0.039100 0.016600 0.033900 0.033300 0.039600 0.045400 0.016500 0.033700 0.028200 0.050400 0.028000 0.022000 0.044800 0.039300 0.044500 0.062000 0.062000
MountainNy 0.050900 0.183400 0.005400 0.148300 0.062500 0.045000 0.051000 0.050700 0.000000 0.062600 0.050800 0.021800 0.056500 0.062200 0.044800 0.062600 0.096400 0.097100 0.050200 0.010800 0.073400 0.045300 0.068500 0.080100 0.050500 0.056300 0.050700 0.005400 0.073900 0.005400 0.085900 0.061600 0.105700 0.050700 0.085700 0.021700 0.044800 0.062900 0.074000 0.068800 0.074800 0.056400 0.062600 0.069100 0.033000 0.062600 0.061900 0.062000 0.080600 0.073400 0.010900 0.010800
MuntiacusM 0.033900 0.151100 0.068400 0.117300 0.033700 0.028000 0.033900 0.033700 0.062600 0.000000 0.033800 0.050800 0.039400 0.045100 0.039300 0.057100 0.067400 0.067800 0.044800 0.074500 0.067900 0.028200 0.016700 0.027800 0.033600 0.050900 0.033700 0.068400 0.068400 0.068400 0.022100 0.044700 0.087800 0.033700 0.068300 0.050800 0.027900 0.034000 0.033600 0.016700 0.022400 0.050900 0.000000 0.016800 0.062200 0.051400 0.056500 0.044900 0.063100 0.044700 0.074000 0.062300
goat 0.022300 0.150900 0.056500 0.117200 0.033100 0.016500 0.022400 0.011100 0.050800 0.033800 0.000000 0.039200 0.027900 0.033500 0.027900 0.033700 0.055700 0.056100 0.022100 0.062500 0.044600 0.016800 0.039500 0.039300 0.011000 0.027800 0.022300 0.056500 0.044900 0.056500 0.056600 0.033200 0.075500 0.022300 0.068200 0.039200 0.016600 0.033900 0.045000 0.039700 0.045500 0.027900 0.033800 0.028300 0.050500 0.039700 0.033400 0.044900 0.051200 0.044600 0.062100 0.062200
AfricanBuf 0.039300 0.156400 0.027200 0.122700 0.050700 0.033500 0.027900 0.039100 0.021800 0.050800 0.039200 0.000000 0.044800 0.050500 0.044700 0.062500 0.084400 0.085000 0.050200 0.032700 0.073300 0.033700 0.056700 0.068100 0.039000 0.056300 0.039200 0.027100 0.073800 0.026900 0.073900 0.038700 0.093200 0.039200 0.079700 0.010900 0.033400 0.051100 0.062100 0.056900 0.062800 0.056300 0.050800 0.057200 0.021500 0.056900 0.061800 0.050400 0.068600 0.061600 0.022000 0.033200
Topi 0.028000 0.143800 0.062100 0.123000 0.039300 0.022300 0.028000 0.027900 0.056500 0.039400 0.027900 0.044800 0.000000 0.039100 0.033400 0.050900 0.072800 0.073400 0.038900 0.068200 0.061800 0.022400 0.045200 0.056600 0.027700 0.044800 0.005500 0.062100 0.062200 0.062100 0.062300 0.038800 0.081200 0.005500 0.061900 0.044800 0.022200 0.039600 0.050600 0.045400 0.051200 0.044900 0.039400 0.045600 0.056100 0.039500 0.050400 0.050500 0.045200 0.050200 0.067800 0.067800
CommonDuik 0.033600 0.155500 0.067900 0.129100 0.033500 0.027800 0.022200 0.033400 0.062200 0.045100 0.033500 0.050500 0.039100 0.000000 0.039000 0.050500 0.072300 0.072800 0.044500 0.073900 0.067500 0.028000 0.050900 0.062300 0.033300 0.050500 0.033500 0.067900 0.061700 0.067900 0.068000 0.021800 0.092300 0.033500 0.079700 0.050500 0.027700 0.045300 0.056300 0.051100 0.057000 0.050600 0.045100 0.051300 0.061800 0.051000 0.056100 0.056100 0.062700 0.055800 0.073500 0.073600
Suni 0.027900 0.156600 0.050400 0.122700 0.039200 0.022200 0.027900 0.027800 0.044800 0.039300 0.027900 0.044700 0.033400 0.039000 0.000000 0.039300 0.072700 0.073200 0.027500 0.056300 0.050100 0.022300 0.045100 0.056400 0.027700 0.033300 0.027800 0.050400 0.050500 0.050400 0.062100 0.038700 0.081100 0.027800 0.062000 0.044700 0.022100 0.039500 0.050500 0.045300 0.051100 0.033400 0.039300 0.045500 0.056000 0.045200 0.038900 0.039000 0.056800 0.050100 0.056000 0.056100
Springbuck 0.033700 0.163000 0.068300 0.142900 0.056900 0.039500 0.039400 0.022200 0.062600 0.057100 0.033700 0.062500 0.050900 0.050500 0.039300 0.000000 0.066800 0.067300 0.033300 0.074400 0.022000 0.039700 0.063000 0.062700 0.033500 0.016500 0.045200 0.068300 0.010900 0.068300 0.080400 0.056200 0.100100 0.045300 0.074200 0.062500 0.039300 0.057300 0.056400 0.063200 0.069300 0.016600 0.057100 0.051600 0.074000 0.051200 0.033300 0.068200 0.062800 0.067900 0.074000 0.074100
Okapi 0.067400 0.153100 0.102200 0.127200 0.067200 0.061400 0.061200 0.055500 0.096400 0.067400 0.055700 0.084400 0.072800 0.072300 0.072700 0.066800 0.000000 0.043500 0.055100 0.108500 0.089700 0.061800 0.073200 0.061300 0.055300 0.072700 0.067200 0.102200 0.077900 0.102200 0.090500 0.077900 0.110200 0.067200 0.102100 0.084400 0.049700 0.067600 0.078500 0.073500 0.079500 0.072800 0.067400 0.062000 0.084000 0.085300 0.066700 0.078300 0.097100 0.078000 0.107900 0.096000
Giraffe 0.067900 0.154200 0.103000 0.128500 0.067700 0.061800 0.061700 0.055900 0.097100 0.067800 0.056100 0.085000 0.073400 0.072800 0.073200 0.067300 0.043500 0.000000 0.055500 0.109400 0.090400 0.062200 0.073700 0.061700 0.055700 0.073200 0.067600 0.103000 0.078500 0.103000 0.091100 0.078400 0.111000 0.067700 0.096900 0.085000 0.061600 0.068200 0.079000 0.074000 0.080000 0.073300 0.067800 0.062500 0.084600 0.085900 0.067200 0.078900 0.097900 0.078500 0.108700 0.096700
TibetanAnt 0.033400 0.136300 0.055900 0.103700 0.044700 0.027700 0.033400 0.022000 0.050200 0.044800 0.022100 0.050200 0.038900 0.044500 0.027500 0.033300 0.055100 0.055500 0.000000 0.061800 0.044100 0.027800 0.050600 0.050300 0.021900 0.027500 0.033300 0.055900 0.044400 0.055900 0.067600 0.044100 0.086600 0.033300 0.067400 0.050200 0.027600 0.045000 0.056000 0.050800 0.056600 0.027600 0.044800 0.039400 0.061400 0.050700 0.021900 0.055800 0.062300 0.044100 0.061400 0.061500
Sitatunga 0.062600 0.190300 0.005400 0.155000 0.074300 0.056600 0.062700 0.062300 0.010800 0.074500 0.062500 0.032700 0.068200 0.073900 0.056300 0.074400 0.108500 0.109400 0.061800 0.000000 0.073300 0.056900 0.080500 0.092200 0.062100 0.068000 0.062400 0.005400 0.085800 0.005400 0.085900 0.073300 0.118200 0.062400 0.085700 0.033300 0.056400 0.074800 0.085900 0.080800 0.086900 0.056400 0.074500 0.081200 0.044500 0.074400 0.073600 0.062000 0.092700 0.085200 0.022000 0.010800
Oribi 0.044600 0.181900 0.067300 0.147200 0.067800 0.050400 0.056300 0.033000 0.073400 0.067900 0.044600 0.073300 0.061800 0.067500 0.050100 0.022000 0.089700 0.090400 0.044100 0.073300 0.000000 0.050600 0.073800 0.073500 0.044400 0.027400 0.056100 0.067300 0.032900 0.067300 0.079200 0.066900 0.110900 0.056100 0.073100 0.073300 0.050200 0.068300 0.055600 0.074100 0.080100 0.016300 0.067900 0.062600 0.084700 0.062000 0.044000 0.067300 0.073600 0.078600 0.084700 0.073000
BarbaryShe 0.016800 0.145200 0.051000 0.111600 0.028100 0.011200 0.016800 0.016800 0.045300 0.028200 0.016800 0.033700 0.022400 0.028000 0.022300 0.039700 0.061800 0.062200 0.027800 0.056900 0.050600 0.000000 0.034000 0.045400 0.016700 0.033700 0.016800 0.051000 0.051000 0.051000 0.051100 0.027800 0.069900 0.016800 0.062700 0.033700 0.011100 0.028400 0.039500 0.034100 0.039900 0.033800 0.028200 0.034300 0.045000 0.034100 0.039300 0.039300 0.045700 0.039100 0.056600 0.056700
Daviddeer 0.039600 0.157700 0.074300 0.111300 0.039500 0.033800 0.039600 0.039400 0.068500 0.016700 0.039500 0.056700 0.045200 0.050900 0.045100 0.063000 0.073200 0.073700 0.050600 0.080500 0.073800 0.034000 0.000000 0.033500 0.039300 0.056700 0.039500 0.074300 0.074400 0.074300 0.039100 0.050400 0.081800 0.039500 0.074200 0.056700 0.033600 0.039800 0.039300 0.022200 0.016500 0.056800 0.016700 0.022500 0.068100 0.045600 0.062300 0.050700 0.069100 0.050400 0.080000 0.068100
Reindeer 0.051000 0.163700 0.085900 0.123100 0.050900 0.045100 0.051100 0.039200 0.080100 0.027800 0.039300 0.068100 0.056600 0.062300 0.056400 0.062700 0.061300 0.061700 0.050300 0.092200 0.073500 0.045400 0.033500 0.000000 0.039100 0.056400 0.050800 0.085900 0.074000 0.085900 0.039000 0.061700 0.099800 0.050800 0.085800 0.068100 0.044900 0.051200 0.050600 0.033600 0.039400 0.056500 0.027800 0.011100 0.067800 0.068900 0.062000 0.062100 0.080800 0.061800 0.091600 0.079700
Ibex 0.022300 0.137000 0.056200 0.116400 0.033500 0.016600 0.022300 0.011000 0.050500 0.033600 0.011000 0.039000 0.027700 0.033300 0.027700 0.033500 0.055300 0.055700 0.021900 0.062100 0.044400 0.016700 0.039300 0.039100 0.000000 0.027700 0.022200 0.056200 0.044700 0.056200 0.056300 0.033000 0.075000 0.022200 0.067800 0.039000 0.016500 0.033700 0.044700 0.039400 0.045300 0.027700 0.033600 0.028100 0.050200 0.039400 0.033200 0.044600 0.050900 0.033100 0.061700 0.061800
GyrantGaze 0.027800 0.169800 0.062000 0.135300 0.050700 0.033500 0.039300 0.016500 0.056300 0.050900 0.027800 0.056300 0.044800 0.050500 0.033300 0.016500 0.072700 0.073200 0.027500 0.068000 0.027400 0.033700 0.056700 0.056400 0.027700 0.000000 0.039200 0.062000 0.027600 0.062000 0.073900 0.050000 0.093300 0.039200 0.067800 0.056200 0.033400 0.051100 0.050300 0.056900 0.062900 0.010900 0.050800 0.045400 0.067600 0.045000 0.027500 0.061900 0.056500 0.061600 0.067600 0.067700
Hartebeest 0.022400 0.137600 0.056400 0.117000 0.033700 0.016700 0.022400 0.022300 0.050700 0.033700 0.022300 0.039200 0.005500 0.033500 0.027800 0.045200 0.067200 0.067600 0.033300 0.062400 0.056100 0.016800 0.039500 0.050800 0.022200 0.039200 0.000000 0.056400 0.056500 0.056400 0.056600 0.033200 0.075400 0.000000 0.056200 0.039200 0.016600 0.033900 0.045000 0.039600 0.045500 0.039200 0.033700 0.039800 0.050400 0.033800 0.044700 0.044800 0.039500 0.044600 0.062000 0.062100
Bongo 0.056600 0.183100 0.000000 0.148100 0.068200 0.050700 0.056700 0.056400 0.005400 0.068400 0.056500 0.027100 0.062100 0.067900 0.050400 0.068300 0.102200 0.103000 0.055900 0.005400 0.067300 0.051000 0.074300 0.085900 0.056200 0.062000 0.056400 0.000000 0.079700 0.000000 0.079700 0.067300 0.111600 0.056400 0.079500 0.027200 0.050500 0.068700 0.079700 0.074600 0.080600 0.050400 0.068300 0.075000 0.038700 0.068300 0.067600 0.056100 0.086400 0.079100 0.016400 0.005400
Gerenuk 0.044900 0.175100 0.079700 0.154700 0.068200 0.050700 0.050600 0.033300 0.073900 0.068400 0.044900 0.073800 0.062200 0.061700 0.050500 0.010900 0.077900 0.078500 0.044400 0.085800 0.032900 0.051000 0.074400 0.074000 0.044700 0.027600 0.056500 0.079700 0.000000 0.079700 0.091800 0.067400 0.111800 0.056600 0.085600 0.073800 0.050500 0.068800 0.067700 0.074700 0.080800 0.027500 0.068400 0.063100 0.085300 0.062500 0.044200 0.079600 0.074200 0.079200 0.085300 0.085400
CommonElan 0.056600 0.183100 0.000000 0.148100 0.068200 0.050700 0.056700 0.056400 0.005400 0.068400 0.056500 0.026900 0.062100 0.067900 0.050400 0.068300 0.102200 0.103000 0.055900 0.005400 0.067300 0.051000 0.074300 0.085900 0.056200 0.062000 0.056400 0.000000 0.079700 0.000000 0.079700 0.067300 0.111600 0.056400 0.079500 0.027600 0.050500 0.068700 0.079700 0.074600 0.080600 0.050400 0.068300 0.075000 0.038100 0.068300 0.067600 0.056100 0.086400 0.079100 0.016400 0.005400
MuntiacusR 0.056800 0.170000 0.079700 0.135700 0.056600 0.050800 0.056800 0.056500 0.085900 0.022100 0.056600 0.073900 0.062300 0.068000 0.062100 0.080400 0.090500 0.091100 0.067600 0.085900 0.079200 0.051100 0.039100 0.039000 0.056300 0.073900 0.056600 0.079700 0.091800 0.079700 0.000000 0.067400 0.105300 0.056600 0.079600 0.073900 0.050600 0.057000 0.056200 0.039300 0.045100 0.062200 0.022100 0.028000 0.085400 0.074700 0.079500 0.056100 0.086600 0.067500 0.097400 0.073600
HarveysDui 0.033300 0.148600 0.067300 0.115400 0.033200 0.027600 0.022100 0.033200 0.061600 0.044700 0.033200 0.038700 0.038800 0.021800 0.038700 0.056200 0.077900 0.078400 0.044100 0.073300 0.066900 0.027800 0.050400 0.061700 0.033000 0.050000 0.033200 0.067300 0.067400 0.067300 0.067400 0.000000 0.091400 0.033200 0.073200 0.050000 0.027500 0.044900 0.055800 0.050600 0.056400 0.050100 0.044700 0.050800 0.061300 0.050600 0.055600 0.055700 0.062100 0.055400 0.061200 0.073000
Pronghorn 0.075700 0.186000 0.111600 0.144500 0.087600 0.069400 0.075700 0.075300 0.105700 0.087800 0.075500 0.093200 0.081200 0.092300 0.081100 0.100100 0.110200 0.111000 0.086600 0.118200 0.110900 0.069900 0.081800 0.099800 0.075000 0.093300 0.075400 0.111600 0.111800 0.111600 0.105300 0.091400 0.000000 0.075400 0.124100 0.093200 0.063200 0.076100 0.099500 0.082200 0.088400 0.093400 0.087800 0.094900 0.099000 0.082100 0.099000 0.099100 0.106800 0.086500 0.117400 0.117600
BlueWildeb 0.022400 0.137800 0.056400 0.117000 0.033700 0.016700 0.022400 0.022300 0.050700 0.033700 0.022300 0.039200 0.005500 0.033500 0.027800 0.045300 0.067200 0.067700 0.033300 0.062400 0.056100 0.016800 0.039500 0.050800 0.022200 0.039200 0.000000 0.056400 0.056600 0.056400 0.056600 0.033200 0.075400 0.000000 0.056400 0.039200 0.016600 0.033900 0.045000 0.039600 0.045500 0.039200 0.033700 0.039800 0.050400 0.033800 0.044700 0.044800 0.039500 0.044600 0.062000 0.062100
Gemsbok 0.062400 0.163000 0.079500 0.141600 0.068100 0.062300 0.062600 0.062100 0.085700 0.068300 0.068200 0.079700 0.061900 0.079700 0.062000 0.074200 0.102100 0.096900 0.067400 0.085700 0.073100 0.062700 0.074200 0.085800 0.067800 0.067800 0.056200 0.079500 0.085600 0.079500 0.079600 0.073200 0.124100 0.056400 0.000000 0.073700 0.062000 0.068600 0.073700 0.074500 0.080600 0.056200 0.068300 0.074900 0.085200 0.074400 0.073400 0.067600 0.068400 0.079000 0.091300 0.073400
Yak 0.039300 0.169700 0.027600 0.135200 0.050700 0.033500 0.039300 0.039100 0.021700 0.050800 0.039200 0.010900 0.044800 0.050500 0.044700 0.062500 0.084400 0.085000 0.050200 0.033300 0.073300 0.033700 0.056700 0.068100 0.039000 0.056200 0.039200 0.027200 0.073800 0.027600 0.073900 0.050000 0.093200 0.039200 0.073700 0.000000 0.033400 0.051100 0.062100 0.056900 0.062800 0.056300 0.050800 0.057200 0.010800 0.056800 0.061800 0.050400 0.068500 0.061600 0.033200 0.033200
BlueSheep 0.016400 0.143700 0.050500 0.110400 0.027800 0.011000 0.016700 0.016600 0.044800 0.027900 0.016600 0.033400 0.022200 0.027700 0.022100 0.039300 0.049700 0.061600 0.027600 0.056400 0.050200 0.011100 0.033600 0.044900 0.016500 0.033400 0.016600 0.050500 0.050500 0.050500 0.050600 0.027500 0.063200 0.016600 0.062000 0.033400 0.000000 0.028100 0.039100 0.033800 0.039500 0.033400 0.027900 0.033900 0.044600 0.033700 0.038900 0.039000 0.045200 0.038800 0.056000 0.056100
BohorReedb 0.034000 0.151900 0.068700 0.093400 0.022500 0.028200 0.034000 0.033900 0.062900 0.034000 0.033900 0.051100 0.039600 0.045300 0.039500 0.057300 0.067600 0.068200 0.045000 0.074800 0.068300 0.028400 0.039800 0.051200 0.033700 0.051100 0.033900 0.068700 0.068800 0.068700 0.057000 0.044900 0.076100 0.033900 0.068600 0.051100 0.028100 0.000000 0.045300 0.028400 0.028200 0.051200 0.034000 0.040100 0.062500 0.051700 0.056700 0.045100 0.063400 0.033500 0.074300 0.062600
KirksDik 0.033500 0.150200 0.079700 0.128900 0.044900 0.039300 0.045100 0.033300 0.074000 0.033600 0.045000 0.062100 0.050600 0.056300 0.050500 0.056400 0.078500 0.079000 0.056000 0.085900 0.055600 0.039500 0.039300 0.050600 0.044700 0.050300 0.045000 0.079700 0.067700 0.079700 0.056200 0.055800 0.099500 0.045000 0.073700 0.062100 0.039100 0.045300 0.000000 0.039400 0.045300 0.050400 0.033600 0.039600 0.073500 0.050800 0.044400 0.056100 0.062400 0.055800 0.085400 0.073500
RoeDeer 0.039800 0.158300 0.074600 0.111700 0.039700 0.033900 0.039800 0.039600 0.068800 0.016700 0.039700 0.056900 0.045400 0.051100 0.045300 0.063200 0.073500 0.074000 0.050800 0.080800 0.074100 0.034100 0.022200 0.033600 0.039400 0.056900 0.039600 0.074600 0.074700 0.074600 0.039300 0.050600 0.082200 0.039600 0.074500 0.056900 0.033800 0.028400 0.039400 0.000000 0.016800 0.057000 0.016700 0.022600 0.068400 0.057500 0.062500 0.050900 0.069400 0.039200 0.080300 0.068400
WhiteLippe 0.045700 0.165200 0.080600 0.118000 0.045500 0.039700 0.045700 0.045400 0.074800 0.022400 0.045500 0.062800 0.051200 0.057000 0.051100 0.069300 0.079500 0.080000 0.056600 0.086900 0.080100 0.039900 0.016500 0.039400 0.045300 0.062900 0.045500 0.080600 0.080800 0.080600 0.045100 0.056400 0.088400 0.045500 0.080600 0.062800 0.039500 0.028200 0.045300 0.016800 0.000000 0.062900 0.022400 0.028300 0.074400 0.063500 0.068500 0.056800 0.075500 0.045000 0.086300 0.074400
ThomsonGaz 0.027800 0.163600 0.050400 0.129400 0.050800 0.033600 0.039400 0.016500 0.056400 0.050900 0.027900 0.056300 0.044900 0.050600 0.033400 0.016600 0.072800 0.073300 0.027600 0.056400 0.016300 0.033800 0.056800 0.056500 0.027700 0.010900 0.039200 0.050400 0.027500 0.050400 0.062200 0.050100 0.093400 0.039200 0.056200 0.056300 0.033400 0.051200 0.050400 0.057000 0.062900 0.000000 0.050900 0.045500 0.067700 0.045100 0.027400 0.050400 0.056600 0.061700 0.067700 0.056100
MuntiacusC 0.033900 0.151100 0.068300 0.117300 0.033700 0.028000 0.033900 0.033700 0.062600 0.000000 0.033800 0.050800 0.039400 0.045100 0.039300 0.057100 0.067400 0.067800 0.044800 0.074500 0.067900 0.028200 0.016700 0.027800 0.033600 0.050800 0.033700 0.068300 0.068400 0.068300 0.022100 0.044700 0.087800 0.033700 0.068300 0.050800 0.027900 0.034000 0.033600 0.016700 0.022400 0.050900 0.000000 0.016800 0.062200 0.051400 0.056400 0.044900 0.063100 0.044700 0.074000 0.062300
WhiteTaile 0.040000 0.159300 0.075000 0.124800 0.039900 0.034100 0.040000 0.028200 0.069100 0.016800 0.028300 0.057200 0.045600 0.051300 0.045500 0.051600 0.062000 0.062500 0.039400 0.081200 0.062600 0.034300 0.022500 0.011100 0.028100 0.045400 0.039800 0.075000 0.063100 0.075000 0.028000 0.050800 0.094900 0.039800 0.074900 0.057200 0.033900 0.040100 0.039600 0.022600 0.028300 0.045500 0.016800 0.000000 0.068700 0.057800 0.051100 0.051100 0.069700 0.050900 0.080700 0.068800
Cattle 0.050600 0.175700 0.038700 0.134600 0.062100 0.044700 0.050700 0.050400 0.033000 0.062200 0.050500 0.021500 0.056100 0.061800 0.056000 0.074000 0.084000 0.084600 0.061400 0.044500 0.084700 0.045000 0.068100 0.067800 0.050200 0.067600 0.050400 0.038700 0.085300 0.038100 0.085400 0.061300 0.099000 0.050400 0.085200 0.010800 0.044600 0.062500 0.073500 0.068400 0.074400 0.067700 0.062200 0.068700 0.000000 0.068300 0.073200 0.061700 0.080100 0.072900 0.044400 0.044200
RoyalAntel 0.028100 0.164900 0.068300 0.124300 0.051300 0.033900 0.039800 0.028000 0.062600 0.051400 0.039700 0.056900 0.039500 0.051000 0.045200 0.051200 0.085300 0.085900 0.050700 0.074400 0.062000 0.034100 0.045600 0.068900 0.039400 0.045000 0.033800 0.068300 0.062500 0.068300 0.074700 0.050600 0.082100 0.033800 0.074400 0.056800 0.033700 0.051700 0.050800 0.057500 0.063500 0.045100 0.051400 0.057800 0.068300 0.000000 0.050600 0.062600 0.051200 0.062300 0.073900 0.074000
Steenbok 0.033300 0.162700 0.067600 0.128700 0.056300 0.039100 0.044900 0.022000 0.061900 0.056500 0.033400 0.061800 0.050400 0.056100 0.038900 0.033300 0.066700 0.067200 0.021900 0.073600 0.044000 0.039300 0.062300 0.062000 0.033200 0.027500 0.044700 0.067600 0.044200 0.067600 0.079500 0.055600 0.099000 0.044700 0.073400 0.061800 0.038900 0.056700 0.044400 0.062500 0.068500 0.027400 0.056400 0.051100 0.073200 0.050600 0.000000 0.067500 0.062100 0.067200 0.073200 0.073300
Impala 0.045000 0.156100 0.056100 0.122500 0.044800 0.039100 0.045000 0.044800 0.062000 0.044900 0.044900 0.050400 0.050500 0.056100 0.039000 0.068200 0.078300 0.078900 0.055800 0.062000 0.067300 0.039300 0.050700 0.062100 0.044600 0.061900 0.044800 0.056100 0.079600 0.056100 0.056100 0.055700 0.099100 0.044800 0.067600 0.050400 0.039000 0.045100 0.056100 0.050900 0.056800 0.050400 0.044900 0.051100 0.061700 0.062600 0.067500 0.000000 0.074300 0.055700 0.073300 0.050100
Klipspring 0.039500 0.171500 0.086400 0.149500 0.063000 0.045400 0.051400 0.039300 0.080600 0.063100 0.051200 0.068600 0.045200 0.062700 0.056800 0.062800 0.097100 0.097900 0.062300 0.092700 0.073600 0.045700 0.069100 0.080800 0.050900 0.056500 0.039500 0.086400 0.074200 0.086400 0.086600 0.062100 0.106800 0.039500 0.068400 0.068500 0.045200 0.063400 0.062400 0.069400 0.075500 0.056600 0.063100 0.069700 0.080100 0.051200 0.062100 0.074300 0.000000 0.073900 0.092100 0.092200
ForestMusk 0.044700 0.135800 0.079100 0.103400 0.044600 0.038900 0.044800 0.044500 0.073400 0.044700 0.044600 0.061600 0.050200 0.055800 0.050100 0.067900 0.078000 0.078500 0.044100 0.085200 0.078600 0.039100 0.050400 0.061800 0.033100 0.061600 0.044600 0.079100 0.079200 0.079100 0.067500 0.055400 0.086500 0.044600 0.079000 0.061600 0.038800 0.033500 0.055800 0.039200 0.045000 0.061700 0.044700 0.050900 0.072900 0.062300 0.067200 0.055700 0.073900 0.000000 0.084700 0.073000
Bushbuck 0.062300 0.182100 0.016400 0.147300 0.073800 0.056300 0.050600 0.062000 0.010900 0.074000 0.062100 0.022000 0.067800 0.073500 0.056000 0.074000 0.107900 0.108700 0.061400 0.022000 0.084700 0.056600 0.080000 0.091600 0.061700 0.067600 0.062000 0.016400 0.085300 0.016400 0.097400 0.061200 0.117400 0.062000 0.091300 0.033200 0.056000 0.074300 0.085400 0.080300 0.086300 0.067700 0.074000 0.080700 0.044400 0.073900 0.073200 0.073300 0.092100 0.084700 0.000000 0.021900
GreaterKud 0.062300 0.175700 0.005400 0.141300 0.062100 0.056300 0.062400 0.062000 0.010800 0.062300 0.062200 0.033200 0.067800 0.073600 0.056100 0.074100 0.096000 0.096700 0.061500 0.010800 0.073000 0.056700 0.068100 0.079700 0.061800 0.067700 0.062100 0.005400 0.085400 0.005400 0.073600 0.073000 0.117600 0.062100 0.073400 0.033200 0.056100 0.062600 0.073500 0.068400 0.074400 0.056100 0.062300 0.068800 0.044200 0.074000 0.073300 0.050100 0.092200 0.073000 0.021900 0.000000
