CODONML (in paml version 4.10.7, June 2023)  /home/rachel/ruminants_paml/6406-phy-tree/ENSBTAT00000017129.fasta.phy
Model: free dN/dS Ratios for branches,  kappa = 2.000 fixed

Codon frequency model: F3x4
ns =  54  ls = 106

Codon usage in sequences
--------------------------------------------------------------------------------------------------------------------------------------
Phe TTT   4   4   4   4   4   3 | Ser TCT   2   4   2   2   2   2 | Tyr TAT   2   2   2   2   2   1 | Cys TGT   2   1   1   1   2   1
    TTC   1   1   1   1   1   1 |     TCC   3   2   2   3   3   3 |     TAC   1   1   1   1   1   2 |     TGC   2   3   3   3   2   3
Leu TTA   0   1   0   0   1   0 |     TCA   1   0   2   1   1   1 | *** TAA   0   0   0   0   0   0 | *** TGA   0   0   0   0   0   0
    TTG   0   0   0   0   0   1 |     TCG   1   1   1   1   1   1 |     TAG   0   0   0   0   0   0 | Trp TGG   0   0   0   0   0   0
--------------------------------------------------------------------------------------------------------------------------------------
Leu CTT   1   1   1   1   1   1 | Pro CCT   3   3   3   3   3   3 | His CAT   2   2   3   2   3   4 | Arg CGT   1   1   1   1   1   1
    CTC   1   1   1   1   1   1 |     CCC   0   0   0   0   0   0 |     CAC   3   3   2   3   2   1 |     CGC   0   0   0   0   0   0
    CTA   0   0   0   0   0   0 |     CCA   0   0   0   0   0   0 | Gln CAA   2   2   2   2   2   2 |     CGA   0   0   0   0   0   0
    CTG   4   3   4   4   3   3 |     CCG   0   0   0   0   0   0 |     CAG   5   5   5   5   5   5 |     CGG   0   0   0   0   0   0
--------------------------------------------------------------------------------------------------------------------------------------
Ile ATT   6   6   6   6   4   6 | Thr ACT   1   2   1   1   2   2 | Asn AAT   0   0   0   0   0   0 | Ser AGT   1   0   0   0   1   2
    ATC   4   4   4   4   4   4 |     ACC   4   3   3   3   3   3 |     AAC   2   2   2   2   2   2 |     AGC   0   1   1   1   1   0
    ATA   0   0   0   0   0   0 |     ACA   2   0   2   1   2   2 | Lys AAA   6   7   6   6   6   7 | Arg AGA   1   1   1   1   1   1
Met ATG   0   0   0   0   0   0 |     ACG   1   1   1   2   0   0 |     AAG   2   1   2   2   2   1 |     AGG   4   4   4   4   4   4
--------------------------------------------------------------------------------------------------------------------------------------
Val GTT   1   1   1   1   3   1 | Ala GCT   1   1   1   2   2   2 | Asp GAT   1   2   1   1   2   2 | Gly GGT   1   1   1   1   0   0
    GTC   3   2   3   3   3   3 |     GCC   3   2   4   3   2   2 |     GAC   7   6   7   7   6   6 |     GGC   1   3   1   1   1   1
    GTA   0   0   0   0   0   1 |     GCA   0   0   0   0   1   1 | Glu GAA   1   1   1   1   1   2 |     GGA   1   0   1   1   2   2
    GTG   5   6   5   5   5   5 |     GCG   0   3   0   0   0   0 |     GAG   3   3   3   3   3   2 |     GGG   3   2   3   3   2   2
--------------------------------------------------------------------------------------------------------------------------------------

--------------------------------------------------------------------------------------------------------------------------------------
Phe TTT   4   4   4   4   4   4 | Ser TCT   2   2   2   2   2   2 | Tyr TAT   2   2   2   2   2   2 | Cys TGT   1   2   1   1   1   1
    TTC   1   1   1   1   1   1 |     TCC   3   3   3   3   3   4 |     TAC   1   1   1   1   1   1 |     TGC   3   2   3   3   3   3
Leu TTA   0   0   0   0   0   0 |     TCA   1   1   1   1   1   0 | *** TAA   0   0   0   0   0   0 | *** TGA   0   0   0   0   0   0
    TTG   0   0   0   0   0   0 |     TCG   1   1   1   1   1   1 |     TAG   0   0   0   0   0   0 | Trp TGG   0   0   0   0   0   0
--------------------------------------------------------------------------------------------------------------------------------------
Leu CTT   1   1   1   1   1   1 | Pro CCT   3   3   3   3   3   3 | His CAT   2   2   2   2   3   2 | Arg CGT   1   1   1   1   1   1
    CTC   1   1   1   1   1   1 |     CCC   0   0   0   0   0   0 |     CAC   3   3   3   3   2   3 |     CGC   0   0   0   0   0   0
    CTA   0   0   0   0   0   0 |     CCA   0   0   0   0   0   0 | Gln CAA   2   2   2   2   2   2 |     CGA   0   0   0   0   0   0
    CTG   4   4   4   4   4   4 |     CCG   0   0   0   0   0   0 |     CAG   5   5   5   5   5   5 |     CGG   0   0   0   1   0   0
--------------------------------------------------------------------------------------------------------------------------------------
Ile ATT   6   6   6   6   6   6 | Thr ACT   1   1   1   1   1   1 | Asn AAT   0   0   0   0   0   0 | Ser AGT   0   1   0   0   0   0
    ATC   4   4   4   4   4   4 |     ACC   3   4   3   3   3   3 |     AAC   2   2   2   2   2   2 |     AGC   1   0   1   1   1   1
    ATA   0   0   0   0   0   0 |     ACA   2   2   2   2   1   1 | Lys AAA   6   6   6   6   6   6 | Arg AGA   1   1   1   1   1   1
Met ATG   0   0   0   0   0   0 |     ACG   1   1   1   1   2   2 |     AAG   2   2   2   2   2   2 |     AGG   4   4   4   3   4   4
--------------------------------------------------------------------------------------------------------------------------------------
Val GTT   1   1   1   1   1   1 | Ala GCT   1   1   2   1   1   1 | Asp GAT   1   1   1   1   1   1 | Gly GGT   1   1   1   1   1   1
    GTC   3   3   4   4   3   3 |     GCC   4   3   3   4   4   4 |     GAC   7   7   7   7   7   7 |     GGC   1   1   1   1   1   1
    GTA   0   0   0   0   0   0 |     GCA   0   0   0   0   0   0 | Glu GAA   1   1   1   1   1   1 |     GGA   1   1   1   1   1   1
    GTG   5   5   4   4   5   5 |     GCG   0   0   0   0   0   0 |     GAG   3   3   3   3   3   3 |     GGG   3   3   3   3   3   3
--------------------------------------------------------------------------------------------------------------------------------------

--------------------------------------------------------------------------------------------------------------------------------------
Phe TTT   4   4   4   4   4   4 | Ser TCT   2   2   2   2   2   3 | Tyr TAT   2   2   2   2   2   2 | Cys TGT   2   1   1   1   1   1
    TTC   1   1   2   1   1   1 |     TCC   3   3   3   3   3   2 |     TAC   1   1   0   1   1   1 |     TGC   2   3   3   3   3   3
Leu TTA   0   0   0   0   0   0 |     TCA   1   1   1   1   1   1 | *** TAA   0   0   0   0   0   0 | *** TGA   0   0   0   0   0   0
    TTG   0   0   0   0   0   0 |     TCG   1   1   1   1   1   1 |     TAG   0   0   0   0   0   0 | Trp TGG   0   0   0   0   0   0
--------------------------------------------------------------------------------------------------------------------------------------
Leu CTT   1   1   1   1   1   1 | Pro CCT   3   3   3   3   3   3 | His CAT   2   2   2   2   2   3 | Arg CGT   1   1   1   1   1   1
    CTC   1   1   1   1   1   1 |     CCC   0   0   0   0   0   0 |     CAC   3   3   3   3   3   2 |     CGC   0   0   0   0   0   0
    CTA   0   0   0   0   0   0 |     CCA   0   0   0   0   1   0 | Gln CAA   2   2   2   2   1   2 |     CGA   0   0   0   0   0   0
    CTG   4   4   4   4   4   4 |     CCG   0   0   0   0   0   0 |     CAG   5   5   5   5   5   5 |     CGG   0   0   0   0   0   1
--------------------------------------------------------------------------------------------------------------------------------------
Ile ATT   6   6   6   6   6   6 | Thr ACT   1   1   1   1   1   1 | Asn AAT   0   0   0   0   0   0 | Ser AGT   0   0   1   0   0   0
    ATC   4   4   4   4   4   4 |     ACC   3   3   3   3   3   3 |     AAC   2   2   2   2   2   2 |     AGC   1   1   0   1   1   1
    ATA   0   0   0   0   0   0 |     ACA   2   1   2   2   1   2 | Lys AAA   6   6   6   6   6   6 | Arg AGA   1   1   1   1   1   1
Met ATG   0   0   0   0   0   0 |     ACG   1   2   1   1   2   1 |     AAG   2   2   2   2   2   2 |     AGG   4   4   4   4   4   3
--------------------------------------------------------------------------------------------------------------------------------------
Val GTT   1   1   1   1   1   1 | Ala GCT   1   1   1   2   1   1 | Asp GAT   1   1   1   1   1   1 | Gly GGT   1   1   1   1   1   1
    GTC   3   3   3   3   3   3 |     GCC   4   4   4   3   4   4 |     GAC   7   7   7   7   7   7 |     GGC   1   1   1   1   1   1
    GTA   0   0   0   0   0   0 |     GCA   0   0   0   0   0   0 | Glu GAA   1   1   1   1   1   0 |     GGA   1   1   1   1   1   1
    GTG   5   5   5   5   5   5 |     GCG   0   0   0   0   0   0 |     GAG   3   3   3   3   3   4 |     GGG   3   3   3   3   3   3
--------------------------------------------------------------------------------------------------------------------------------------

--------------------------------------------------------------------------------------------------------------------------------------
Phe TTT   4   4   4   4   4   4 | Ser TCT   2   2   3   2   2   2 | Tyr TAT   2   2   2   2   2   2 | Cys TGT   1   1   2   1   1   2
    TTC   1   1   1   1   1   1 |     TCC   3   3   2   3   3   3 |     TAC   1   1   1   1   1   1 |     TGC   3   3   2   3   3   2
Leu TTA   0   0   0   0   0   0 |     TCA   1   1   1   1   1   1 | *** TAA   0   0   0   0   0   0 | *** TGA   0   0   0   0   0   0
    TTG   0   0   0   0   0   0 |     TCG   1   1   1   1   1   1 |     TAG   0   0   0   0   0   0 | Trp TGG   0   0   0   0   0   0
--------------------------------------------------------------------------------------------------------------------------------------
Leu CTT   1   1   1   1   1   1 | Pro CCT   3   3   3   3   3   3 | His CAT   2   2   3   3   2   2 | Arg CGT   1   1   1   1   1   1
    CTC   1   1   1   1   1   1 |     CCC   0   0   0   0   0   0 |     CAC   3   3   2   2   3   3 |     CGC   0   0   0   0   0   0
    CTA   0   0   0   0   0   0 |     CCA   0   0   0   0   0   0 | Gln CAA   2   2   2   2   2   2 |     CGA   0   0   0   0   0   0
    CTG   4   4   4   4   4   4 |     CCG   0   0   0   0   0   0 |     CAG   5   5   5   5   5   5 |     CGG   0   0   0   0   1   0
--------------------------------------------------------------------------------------------------------------------------------------
Ile ATT   5   5   6   6   6   6 | Thr ACT   1   1   1   1   1   1 | Asn AAT   0   0   0   0   0   0 | Ser AGT   0   0   0   0   0   0
    ATC   4   4   4   4   4   4 |     ACC   3   3   3   2   3   3 |     AAC   2   2   2   2   2   2 |     AGC   1   1   1   1   1   1
    ATA   0   0   0   0   0   0 |     ACA   1   1   2   1   2   2 | Lys AAA   6   6   6   6   6   6 | Arg AGA   1   1   1   1   1   1
Met ATG   0   0   0   0   0   0 |     ACG   2   2   1   3   1   1 |     AAG   2   2   2   2   2   2 |     AGG   4   4   4   4   3   4
--------------------------------------------------------------------------------------------------------------------------------------
Val GTT   2   2   1   1   1   1 | Ala GCT   1   1   1   1   1   1 | Asp GAT   1   1   1   1   1   1 | Gly GGT   1   1   1   1   1   1
    GTC   3   3   3   3   3   3 |     GCC   4   4   4   4   4   4 |     GAC   7   7   7   7   7   7 |     GGC   1   1   1   1   1   1
    GTA   0   0   0   0   0   0 |     GCA   0   0   0   0   0   0 | Glu GAA   0   1   1   1   0   1 |     GGA   1   1   1   1   1   1
    GTG   5   5   5   5   5   5 |     GCG   0   0   0   0   0   0 |     GAG   4   3   3   3   4   3 |     GGG   3   3   3   3   3   3
--------------------------------------------------------------------------------------------------------------------------------------

--------------------------------------------------------------------------------------------------------------------------------------
Phe TTT   4   4   4   4   4   4 | Ser TCT   2   2   2   3   2   2 | Tyr TAT   2   2   2   2   2   2 | Cys TGT   1   1   2   1   1   1
    TTC   1   1   1   2   2   1 |     TCC   4   4   3   2   3   3 |     TAC   1   1   1   0   0   1 |     TGC   3   3   2   3   3   3
Leu TTA   0   0   0   0   0   0 |     TCA   0   0   1   1   1   1 | *** TAA   0   0   0   0   0   0 | *** TGA   0   0   0   0   0   0
    TTG   0   0   0   0   0   0 |     TCG   1   1   1   1   1   1 |     TAG   0   0   0   0   0   0 | Trp TGG   0   0   0   0   0   0
--------------------------------------------------------------------------------------------------------------------------------------
Leu CTT   1   1   1   1   1   1 | Pro CCT   3   3   3   3   3   3 | His CAT   2   1   3   3   2   3 | Arg CGT   1   1   1   1   1   1
    CTC   1   1   1   1   1   1 |     CCC   0   0   0   0   0   0 |     CAC   3   4   2   2   3   2 |     CGC   0   0   0   0   0   0
    CTA   0   0   0   0   0   0 |     CCA   0   0   0   0   0   0 | Gln CAA   2   2   2   2   2   2 |     CGA   0   0   0   0   0   0
    CTG   4   4   4   4   4   4 |     CCG   0   0   0   0   0   0 |     CAG   5   5   5   5   5   5 |     CGG   0   0   0   1   0   0
--------------------------------------------------------------------------------------------------------------------------------------
Ile ATT   6   6   6   6   6   6 | Thr ACT   1   1   1   1   1   1 | Asn AAT   0   0   0   0   0   0 | Ser AGT   0   0   0   0   1   0
    ATC   4   4   4   4   4   4 |     ACC   3   3   3   3   3   3 |     AAC   2   2   2   2   2   2 |     AGC   1   1   1   1   0   1
    ATA   0   0   0   0   0   0 |     ACA   1   1   2   2   2   1 | Lys AAA   6   6   6   6   6   6 | Arg AGA   1   1   1   1   1   1
Met ATG   0   0   0   0   0   0 |     ACG   2   2   1   1   1   2 |     AAG   2   2   2   2   2   2 |     AGG   4   4   4   3   4   4
--------------------------------------------------------------------------------------------------------------------------------------
Val GTT   1   1   1   1   1   1 | Ala GCT   1   2   1   1   1   1 | Asp GAT   1   1   1   1   1   1 | Gly GGT   1   1   1   1   1   1
    GTC   3   3   3   3   3   3 |     GCC   4   3   4   4   4   4 |     GAC   7   7   7   7   7   7 |     GGC   1   1   1   1   1   1
    GTA   0   0   0   0   0   0 |     GCA   0   0   0   0   0   0 | Glu GAA   1   1   1   0   1   1 |     GGA   1   1   1   1   1   1
    GTG   5   5   5   5   5   5 |     GCG   0   0   0   0   0   0 |     GAG   3   3   3   4   3   3 |     GGG   3   3   3   3   3   3
--------------------------------------------------------------------------------------------------------------------------------------

--------------------------------------------------------------------------------------------------------------------------------------
Phe TTT   4   4   4   4   4   4 | Ser TCT   3   1   2   2   2   2 | Tyr TAT   2   2   2   2   2   2 | Cys TGT   1   1   1   1   1   1
    TTC   1   1   1   1   1   2 |     TCC   2   3   4   3   3   3 |     TAC   1   1   1   1   1   0 |     TGC   3   3   3   3   3   3
Leu TTA   0   0   0   0   0   0 |     TCA   1   1   0   1   1   1 | *** TAA   0   0   0   0   0   0 | *** TGA   0   0   0   0   0   0
    TTG   0   0   0   0   0   0 |     TCG   1   2   1   1   1   1 |     TAG   0   0   0   0   0   0 | Trp TGG   0   0   0   0   0   0
--------------------------------------------------------------------------------------------------------------------------------------
Leu CTT   1   1   1   1   1   1 | Pro CCT   3   3   3   3   3   3 | His CAT   3   3   2   2   2   2 | Arg CGT   1   1   1   1   1   1
    CTC   1   1   1   1   1   1 |     CCC   0   0   0   0   0   0 |     CAC   2   2   3   3   3   3 |     CGC   0   0   0   0   0   0
    CTA   0   0   0   0   0   0 |     CCA   0   0   0   0   0   0 | Gln CAA   2   2   2   2   1   2 |     CGA   0   0   0   0   0   0
    CTG   4   4   4   4   4   4 |     CCG   0   0   0   0   0   0 |     CAG   5   5   5   5   6   5 |     CGG   1   0   0   0   0   0
--------------------------------------------------------------------------------------------------------------------------------------
Ile ATT   5   6   6   6   5   6 | Thr ACT   1   1   1   1   1   1 | Asn AAT   0   0   0   0   0   0 | Ser AGT   0   0   0   0   0   0
    ATC   4   4   4   4   5   4 |     ACC   3   3   3   3   3   3 |     AAC   2   2   2   2   2   2 |     AGC   1   1   1   1   1   1
    ATA   1   0   0   0   0   0 |     ACA   2   1   1   2   1   2 | Lys AAA   6   6   6   6   6   6 | Arg AGA   1   1   1   1   2   1
Met ATG   0   0   0   0   0   0 |     ACG   1   2   2   1   2   1 |     AAG   2   2   2   2   2   2 |     AGG   3   4   4   4   3   4
--------------------------------------------------------------------------------------------------------------------------------------
Val GTT   1   1   1   1   1   1 | Ala GCT   2   1   1   1   1   1 | Asp GAT   1   1   1   1   1   1 | Gly GGT   1   1   1   1   1   1
    GTC   3   3   3   3   3   4 |     GCC   3   4   4   3   4   4 |     GAC   7   7   7   7   7   7 |     GGC   1   1   1   1   1   1
    GTA   0   0   0   0   0   0 |     GCA   0   0   0   0   0   0 | Glu GAA   0   1   1   1   1   1 |     GGA   1   1   1   1   1   1
    GTG   5   5   5   5   5   4 |     GCG   0   0   0   1   0   0 |     GAG   4   3   3   3   3   3 |     GGG   3   3   3   3   3   3
--------------------------------------------------------------------------------------------------------------------------------------

--------------------------------------------------------------------------------------------------------------------------------------
Phe TTT   4   4   4   4   4   4 | Ser TCT   3   2   2   2   2   2 | Tyr TAT   2   2   2   2   2   2 | Cys TGT   1   1   2   1   1   1
    TTC   1   1   1   1   1   1 |     TCC   2   3   3   3   3   4 |     TAC   1   1   1   1   1   1 |     TGC   3   3   2   3   3   3
Leu TTA   0   0   0   0   0   0 |     TCA   1   1   1   1   1   0 | *** TAA   0   0   0   0   0   0 | *** TGA   0   0   0   0   0   0
    TTG   0   0   0   0   0   0 |     TCG   1   1   1   1   1   0 |     TAG   0   0   0   0   0   0 | Trp TGG   0   0   0   0   0   0
--------------------------------------------------------------------------------------------------------------------------------------
Leu CTT   1   1   1   1   1   1 | Pro CCT   3   3   3   3   3   3 | His CAT   2   2   2   2   2   2 | Arg CGT   1   1   1   1   1   1
    CTC   1   1   1   1   1   1 |     CCC   0   0   0   0   0   0 |     CAC   3   3   3   3   3   3 |     CGC   0   0   0   0   0   0
    CTA   0   0   0   0   0   0 |     CCA   0   0   0   0   0   0 | Gln CAA   2   2   2   2   2   2 |     CGA   0   0   0   0   0   0
    CTG   4   4   4   4   4   4 |     CCG   0   0   0   0   0   0 |     CAG   5   5   5   5   5   5 |     CGG   0   0   0   0   1   0
--------------------------------------------------------------------------------------------------------------------------------------
Ile ATT   6   6   6   6   6   6 | Thr ACT   1   1   1   2   1   1 | Asn AAT   0   0   0   0   0   0 | Ser AGT   0   0   0   0   0   0
    ATC   4   4   4   4   4   4 |     ACC   3   3   3   2   3   3 |     AAC   2   2   2   2   2   2 |     AGC   1   1   1   1   1   1
    ATA   0   0   0   0   0   0 |     ACA   2   1   2   2   2   1 | Lys AAA   6   6   6   6   6   5 | Arg AGA   1   1   1   1   1   2
Met ATG   0   0   0   0   0   0 |     ACG   1   2   1   1   1   2 |     AAG   2   2   2   2   2   2 |     AGG   4   4   4   4   3   4
--------------------------------------------------------------------------------------------------------------------------------------
Val GTT   1   1   1   1   1   1 | Ala GCT   1   1   1   1   1   2 | Asp GAT   1   1   1   1   1   1 | Gly GGT   1   1   1   1   1   1
    GTC   3   3   3   3   3   3 |     GCC   4   4   4   4   4   3 |     GAC   7   7   7   7   7   7 |     GGC   1   1   1   1   1   1
    GTA   0   0   0   0   0   0 |     GCA   0   0   0   0   0   0 | Glu GAA   1   1   1   1   1   1 |     GGA   1   1   1   1   1   1
    GTG   5   5   5   5   5   5 |     GCG   0   0   0   0   0   1 |     GAG   3   3   3   3   3   3 |     GGG   3   3   3   3   3   3
--------------------------------------------------------------------------------------------------------------------------------------

--------------------------------------------------------------------------------------------------------------------------------------
Phe TTT   4   4   4   4   4   4 | Ser TCT   2   3   2   2   2   2 | Tyr TAT   2   2   2   2   2   2 | Cys TGT   1   1   1   1   1   1
    TTC   1   2   1   1   1   1 |     TCC   4   2   4   4   3   3 |     TAC   1   0   1   1   1   1 |     TGC   3   3   3   3   3   3
Leu TTA   0   0   0   0   0   0 |     TCA   0   1   0   0   1   1 | *** TAA   0   0   0   0   0   0 | *** TGA   0   0   0   0   0   0
    TTG   0   0   0   0   0   0 |     TCG   1   1   1   1   1   1 |     TAG   0   0   0   0   0   0 | Trp TGG   0   0   0   0   0   0
--------------------------------------------------------------------------------------------------------------------------------------
Leu CTT   1   1   1   1   1   1 | Pro CCT   3   3   3   3   3   3 | His CAT   2   3   2   1   2   2 | Arg CGT   1   1   1   1   1   1
    CTC   1   1   1   1   1   1 |     CCC   0   0   0   0   0   0 |     CAC   3   2   3   4   3   3 |     CGC   0   0   0   0   0   0
    CTA   0   0   0   0   0   0 |     CCA   0   0   0   0   0   0 | Gln CAA   2   2   2   2   2   2 |     CGA   0   0   0   0   0   0
    CTG   4   4   4   4   4   4 |     CCG   0   0   0   0   0   0 |     CAG   5   5   5   5   5   5 |     CGG   0   1   0   0   0   0
--------------------------------------------------------------------------------------------------------------------------------------
Ile ATT   6   5   6   6   6   6 | Thr ACT   1   1   1   1   1   1 | Asn AAT   0   0   0   0   0   0 | Ser AGT   0   0   0   0   0   0
    ATC   4   4   4   4   4   4 |     ACC   3   3   3   3   3   3 |     AAC   2   2   2   2   2   2 |     AGC   1   1   1   1   1   1
    ATA   0   0   0   0   0   0 |     ACA   1   2   1   1   1   2 | Lys AAA   6   6   6   6   6   6 | Arg AGA   1   1   1   1   1   1
Met ATG   0   0   0   0   0   0 |     ACG   2   1   2   2   2   1 |     AAG   2   2   2   2   2   2 |     AGG   4   3   4   4   4   4
--------------------------------------------------------------------------------------------------------------------------------------
Val GTT   1   2   1   1   1   1 | Ala GCT   1   1   1   2   1   1 | Asp GAT   1   1   1   1   1   1 | Gly GGT   1   1   1   1   1   1
    GTC   3   3   3   3   3   3 |     GCC   4   4   4   3   4   4 |     GAC   7   7   7   7   7   7 |     GGC   1   1   1   1   1   1
    GTA   0   0   0   0   0   0 |     GCA   0   0   0   0   0   0 | Glu GAA   1   0   1   1   1   1 |     GGA   1   1   1   1   1   1
    GTG   5   5   5   5   5   5 |     GCG   0   0   0   0   0   0 |     GAG   3   4   3   3   3   3 |     GGG   3   3   3   3   3   3
--------------------------------------------------------------------------------------------------------------------------------------

--------------------------------------------------------------------------------------------------------------------------------------
Phe TTT   4   4   4   4   4   4 | Ser TCT   2   3   2   2   3   2 | Tyr TAT   2   2   2   2   2   2 | Cys TGT   1   1   1   1   1   1
    TTC   1   1   1   1   1   1 |     TCC   3   3   3   3   2   3 |     TAC   1   1   1   1   1   1 |     TGC   3   3   3   3   3   3
Leu TTA   0   0   0   0   0   0 |     TCA   1   0   1   1   1   1 | *** TAA   0   0   0   0   0   0 | *** TGA   0   0   0   0   0   0
    TTG   0   0   0   0   0   0 |     TCG   1   1   1   1   1   1 |     TAG   0   0   0   0   0   0 | Trp TGG   0   0   0   0   0   0
--------------------------------------------------------------------------------------------------------------------------------------
Leu CTT   1   1   1   1   1   1 | Pro CCT   3   3   3   3   3   3 | His CAT   2   2   2   2   3   3 | Arg CGT   1   1   1   1   1   1
    CTC   1   1   1   1   1   1 |     CCC   0   0   0   0   0   0 |     CAC   3   3   3   3   2   2 |     CGC   0   0   0   0   0   0
    CTA   0   0   0   0   0   0 |     CCA   0   0   0   0   0   0 | Gln CAA   2   2   2   2   2   2 |     CGA   0   0   0   0   0   0
    CTG   4   4   4   4   4   4 |     CCG   0   0   0   0   0   0 |     CAG   5   5   5   5   5   5 |     CGG   1   0   0   0   0   0
--------------------------------------------------------------------------------------------------------------------------------------
Ile ATT   6   6   6   6   5   6 | Thr ACT   1   1   1   1   1   1 | Asn AAT   0   0   0   0   0   0 | Ser AGT   0   0   0   0   0   0
    ATC   4   4   4   4   5   4 |     ACC   3   3   3   3   3   3 |     AAC   2   2   2   2   2   2 |     AGC   1   1   1   1   1   1
    ATA   0   0   0   0   0   0 |     ACA   2   2   2   1   1   1 | Lys AAA   6   6   6   6   6   6 | Arg AGA   1   1   1   1   1   1
Met ATG   0   0   0   0   0   0 |     ACG   1   1   1   2   2   2 |     AAG   2   2   2   2   2   2 |     AGG   3   4   4   4   4   4
--------------------------------------------------------------------------------------------------------------------------------------
Val GTT   1   1   1   1   1   1 | Ala GCT   1   1   1   2   1   2 | Asp GAT   1   1   1   1   1   1 | Gly GGT   1   1   1   1   1   1
    GTC   3   3   3   3   3   3 |     GCC   4   4   4   3   4   3 |     GAC   7   7   7   7   7   7 |     GGC   1   1   1   1   1   1
    GTA   0   0   0   0   0   0 |     GCA   0   0   0   0   0   0 | Glu GAA   1   1   1   1   1   1 |     GGA   1   1   1   1   1   1
    GTG   5   5   5   5   5   5 |     GCG   0   0   0   0   0   0 |     GAG   3   3   3   3   3   3 |     GGG   3   3   3   3   3   3
--------------------------------------------------------------------------------------------------------------------------------------

Codon position x base (3x4) table for each sequence.

#1: Argali         
position  1:    T:0.17925    C:0.20755    A:0.32075    G:0.29245
position  2:    T:0.28302    C:0.20755    A:0.34906    G:0.16038
position  3:    T:0.27358    C:0.33019    A:0.13208    G:0.26415
Average         T:0.24528    C:0.24843    A:0.26730    G:0.23899

#2: LesserMouseDeer
position  1:    T:0.18868    C:0.19811    A:0.30189    G:0.31132
position  2:    T:0.28302    C:0.20755    A:0.34906    G:0.16038
position  3:    T:0.29245    C:0.32075    A:0.11321    G:0.27358
Average         T:0.25472    C:0.24214    A:0.25472    G:0.24843

#3: LesserKudu     
position  1:    T:0.17925    C:0.20755    A:0.31132    G:0.30189
position  2:    T:0.28302    C:0.20755    A:0.34906    G:0.16038
position  3:    T:0.26415    C:0.33019    A:0.14151    G:0.26415
Average         T:0.24214    C:0.24843    A:0.26730    G:0.24214

#4: ForestMuskDeer2
position  1:    T:0.17925    C:0.20755    A:0.31132    G:0.30189
position  2:    T:0.28302    C:0.20755    A:0.34906    G:0.16038
position  3:    T:0.26415    C:0.33962    A:0.12264    G:0.27358
Average         T:0.24214    C:0.25157    A:0.26101    G:0.24528

#5: Camel          
position  1:    T:0.18868    C:0.19811    A:0.30189    G:0.31132
position  2:    T:0.28302    C:0.20755    A:0.34906    G:0.16038
position  3:    T:0.30189    C:0.30189    A:0.16038    G:0.23585
Average         T:0.25786    C:0.23585    A:0.27044    G:0.23585

#6: KillerWhale    
position  1:    T:0.17925    C:0.19811    A:0.32075    G:0.30189
position  2:    T:0.28302    C:0.20755    A:0.34906    G:0.16038
position  3:    T:0.29245    C:0.30189    A:0.17925    G:0.22642
Average         T:0.25157    C:0.23585    A:0.28302    G:0.22956

#7: DefassaWaterbuck
position  1:    T:0.17925    C:0.20755    A:0.31132    G:0.30189
position  2:    T:0.28302    C:0.20755    A:0.34906    G:0.16038
position  3:    T:0.25472    C:0.34906    A:0.13208    G:0.26415
Average         T:0.23899    C:0.25472    A:0.26415    G:0.24214

#8: Sheep          
position  1:    T:0.17925    C:0.20755    A:0.32075    G:0.29245
position  2:    T:0.28302    C:0.20755    A:0.34906    G:0.16038
position  3:    T:0.27358    C:0.33019    A:0.13208    G:0.26415
Average         T:0.24528    C:0.24843    A:0.26730    G:0.23899

#9: MaxwellsDuiker 
position  1:    T:0.17925    C:0.20755    A:0.31132    G:0.30189
position  2:    T:0.28302    C:0.20755    A:0.34906    G:0.16038
position  3:    T:0.26415    C:0.34906    A:0.13208    G:0.25472
Average         T:0.24214    C:0.25472    A:0.26415    G:0.23899

#10: GazellaPrzewalskyi
position  1:    T:0.17925    C:0.21698    A:0.30189    G:0.30189
position  2:    T:0.28302    C:0.20755    A:0.34906    G:0.16038
position  3:    T:0.25472    C:0.35849    A:0.13208    G:0.25472
Average         T:0.23899    C:0.26101    A:0.26101    G:0.23899

#11: MountainNyala  
position  1:    T:0.17925    C:0.20755    A:0.31132    G:0.30189
position  2:    T:0.28302    C:0.20755    A:0.34906    G:0.16038
position  3:    T:0.26415    C:0.33962    A:0.12264    G:0.27358
Average         T:0.24214    C:0.25157    A:0.26101    G:0.24528

#12: MuntiacusMuntjak
position  1:    T:0.17925    C:0.20755    A:0.31132    G:0.30189
position  2:    T:0.28302    C:0.20755    A:0.34906    G:0.16038
position  3:    T:0.25472    C:0.35849    A:0.11321    G:0.27358
Average         T:0.23899    C:0.25786    A:0.25786    G:0.24528

#13: goat           
position  1:    T:0.17925    C:0.20755    A:0.31132    G:0.30189
position  2:    T:0.28302    C:0.20755    A:0.34906    G:0.16038
position  3:    T:0.26415    C:0.33962    A:0.13208    G:0.26415
Average         T:0.24214    C:0.25157    A:0.26415    G:0.24214

#14: AfricanBuffalo 
position  1:    T:0.17925    C:0.20755    A:0.31132    G:0.30189
position  2:    T:0.28302    C:0.20755    A:0.34906    G:0.16038
position  3:    T:0.25472    C:0.34906    A:0.12264    G:0.27358
Average         T:0.23899    C:0.25472    A:0.26101    G:0.24528

#15: Topi           
position  1:    T:0.17925    C:0.20755    A:0.31132    G:0.30189
position  2:    T:0.29245    C:0.20755    A:0.33962    G:0.16038
position  3:    T:0.26415    C:0.33962    A:0.13208    G:0.26415
Average         T:0.24528    C:0.25157    A:0.26101    G:0.24214

#16: CommonDuiker   
position  1:    T:0.17925    C:0.20755    A:0.31132    G:0.30189
position  2:    T:0.28302    C:0.20755    A:0.34906    G:0.16038
position  3:    T:0.26415    C:0.33962    A:0.13208    G:0.26415
Average         T:0.24214    C:0.25157    A:0.26415    G:0.24214

#17: Suni           
position  1:    T:0.17925    C:0.20755    A:0.31132    G:0.30189
position  2:    T:0.28302    C:0.21698    A:0.33962    G:0.16038
position  3:    T:0.25472    C:0.34906    A:0.12264    G:0.27358
Average         T:0.23899    C:0.25786    A:0.25786    G:0.24528

#18: Springbuck     
position  1:    T:0.17925    C:0.21698    A:0.30189    G:0.30189
position  2:    T:0.28302    C:0.20755    A:0.34906    G:0.16038
position  3:    T:0.27358    C:0.33019    A:0.12264    G:0.27358
Average         T:0.24528    C:0.25157    A:0.25786    G:0.24528

#19: Okapi          
position  1:    T:0.17925    C:0.20755    A:0.30189    G:0.31132
position  2:    T:0.28302    C:0.20755    A:0.34906    G:0.16038
position  3:    T:0.25472    C:0.34906    A:0.11321    G:0.28302
Average         T:0.23899    C:0.25472    A:0.25472    G:0.25157

#20: Giraffe        
position  1:    T:0.17925    C:0.20755    A:0.30189    G:0.31132
position  2:    T:0.28302    C:0.20755    A:0.34906    G:0.16038
position  3:    T:0.25472    C:0.34906    A:0.12264    G:0.27358
Average         T:0.23899    C:0.25472    A:0.25786    G:0.24843

#21: TibetanAntelope
position  1:    T:0.17925    C:0.20755    A:0.31132    G:0.30189
position  2:    T:0.28302    C:0.20755    A:0.34906    G:0.16038
position  3:    T:0.28302    C:0.32075    A:0.13208    G:0.26415
Average         T:0.24843    C:0.24528    A:0.26415    G:0.24214

#22: Sitatunga      
position  1:    T:0.17925    C:0.20755    A:0.31132    G:0.30189
position  2:    T:0.28302    C:0.20755    A:0.34906    G:0.16038
position  3:    T:0.26415    C:0.33019    A:0.12264    G:0.28302
Average         T:0.24214    C:0.24843    A:0.26101    G:0.24843

#23: Oribi          
position  1:    T:0.17925    C:0.21698    A:0.30189    G:0.30189
position  2:    T:0.28302    C:0.20755    A:0.34906    G:0.16038
position  3:    T:0.25472    C:0.34906    A:0.12264    G:0.27358
Average         T:0.23899    C:0.25786    A:0.25786    G:0.24528

#24: BarbarySheep   
position  1:    T:0.17925    C:0.20755    A:0.31132    G:0.30189
position  2:    T:0.28302    C:0.20755    A:0.34906    G:0.16038
position  3:    T:0.26415    C:0.33962    A:0.13208    G:0.26415
Average         T:0.24214    C:0.25157    A:0.26415    G:0.24214

#25: Daviddeer      
position  1:    T:0.17925    C:0.20755    A:0.31132    G:0.30189
position  2:    T:0.28302    C:0.20755    A:0.34906    G:0.16038
position  3:    T:0.25472    C:0.35849    A:0.11321    G:0.27358
Average         T:0.23899    C:0.25786    A:0.25786    G:0.24528

#26: Reindeer       
position  1:    T:0.17925    C:0.20755    A:0.31132    G:0.30189
position  2:    T:0.28302    C:0.20755    A:0.34906    G:0.16038
position  3:    T:0.25472    C:0.35849    A:0.11321    G:0.27358
Average         T:0.23899    C:0.25786    A:0.25786    G:0.24528

#27: Ibex           
position  1:    T:0.17925    C:0.20755    A:0.31132    G:0.30189
position  2:    T:0.28302    C:0.20755    A:0.34906    G:0.16038
position  3:    T:0.27358    C:0.33019    A:0.13208    G:0.26415
Average         T:0.24528    C:0.24843    A:0.26415    G:0.24214

#28: GyrantGazelle  
position  1:    T:0.17925    C:0.21698    A:0.30189    G:0.30189
position  2:    T:0.29245    C:0.20755    A:0.33962    G:0.16038
position  3:    T:0.27358    C:0.33019    A:0.12264    G:0.27358
Average         T:0.24843    C:0.25157    A:0.25472    G:0.24528

#29: Hartebeest     
position  1:    T:0.17925    C:0.20755    A:0.31132    G:0.30189
position  2:    T:0.29245    C:0.20755    A:0.33962    G:0.16038
position  3:    T:0.26415    C:0.33962    A:0.13208    G:0.26415
Average         T:0.24528    C:0.25157    A:0.26101    G:0.24214

#30: Bongo          
position  1:    T:0.17925    C:0.20755    A:0.31132    G:0.30189
position  2:    T:0.28302    C:0.20755    A:0.34906    G:0.16038
position  3:    T:0.26415    C:0.33962    A:0.12264    G:0.27358
Average         T:0.24214    C:0.25157    A:0.26101    G:0.24528

#31: Gerenuk        
position  1:    T:0.17925    C:0.21698    A:0.30189    G:0.30189
position  2:    T:0.28302    C:0.20755    A:0.34906    G:0.16038
position  3:    T:0.27358    C:0.32075    A:0.13208    G:0.27358
Average         T:0.24528    C:0.24843    A:0.26101    G:0.24528

#32: CommonEland    
position  1:    T:0.17925    C:0.20755    A:0.31132    G:0.30189
position  2:    T:0.28302    C:0.20755    A:0.34906    G:0.16038
position  3:    T:0.25472    C:0.33962    A:0.12264    G:0.28302
Average         T:0.23899    C:0.25157    A:0.26101    G:0.24843

#33: MuntiacusReevesi
position  1:    T:0.17925    C:0.20755    A:0.31132    G:0.30189
position  2:    T:0.28302    C:0.20755    A:0.34906    G:0.16038
position  3:    T:0.25472    C:0.35849    A:0.11321    G:0.27358
Average         T:0.23899    C:0.25786    A:0.25786    G:0.24528

#34: HarveysDuiker  
position  1:    T:0.17925    C:0.20755    A:0.31132    G:0.30189
position  2:    T:0.28302    C:0.20755    A:0.34906    G:0.16038
position  3:    T:0.25472    C:0.33962    A:0.13208    G:0.27358
Average         T:0.23899    C:0.25157    A:0.26415    G:0.24528

#35: Pronghorn      
position  1:    T:0.17925    C:0.20755    A:0.31132    G:0.30189
position  2:    T:0.28302    C:0.20755    A:0.34906    G:0.16038
position  3:    T:0.24528    C:0.35849    A:0.12264    G:0.27358
Average         T:0.23585    C:0.25786    A:0.26101    G:0.24528

#36: BlueWildebeest 
position  1:    T:0.17925    C:0.20755    A:0.31132    G:0.30189
position  2:    T:0.29245    C:0.20755    A:0.33962    G:0.16038
position  3:    T:0.25472    C:0.35849    A:0.13208    G:0.25472
Average         T:0.24214    C:0.25786    A:0.26101    G:0.23899

#37: Gemsbok        
position  1:    T:0.17925    C:0.20755    A:0.31132    G:0.30189
position  2:    T:0.28302    C:0.20755    A:0.34906    G:0.16038
position  3:    T:0.26415    C:0.33962    A:0.13208    G:0.26415
Average         T:0.24214    C:0.25157    A:0.26415    G:0.24214

#38: Yak            
position  1:    T:0.17925    C:0.20755    A:0.31132    G:0.30189
position  2:    T:0.28302    C:0.20755    A:0.34906    G:0.16038
position  3:    T:0.25472    C:0.34906    A:0.12264    G:0.27358
Average         T:0.23899    C:0.25472    A:0.26101    G:0.24528

#39: BlueSheep      
position  1:    T:0.17925    C:0.20755    A:0.31132    G:0.30189
position  2:    T:0.28302    C:0.20755    A:0.34906    G:0.16038
position  3:    T:0.26415    C:0.33962    A:0.13208    G:0.26415
Average         T:0.24214    C:0.25157    A:0.26415    G:0.24214

#40: BohorReedbuck  
position  1:    T:0.17925    C:0.20755    A:0.31132    G:0.30189
position  2:    T:0.28302    C:0.20755    A:0.34906    G:0.16038
position  3:    T:0.26415    C:0.33962    A:0.13208    G:0.26415
Average         T:0.24214    C:0.25157    A:0.26415    G:0.24214

#41: KirksDik       
position  1:    T:0.17925    C:0.21698    A:0.30189    G:0.30189
position  2:    T:0.28302    C:0.20755    A:0.34906    G:0.16038
position  3:    T:0.25472    C:0.34906    A:0.13208    G:0.26415
Average         T:0.23899    C:0.25786    A:0.26101    G:0.24214

#42: RoeDeer        
position  1:    T:0.16981    C:0.20755    A:0.31132    G:0.31132
position  2:    T:0.28302    C:0.20755    A:0.33962    G:0.16981
position  3:    T:0.26415    C:0.34906    A:0.11321    G:0.27358
Average         T:0.23899    C:0.25472    A:0.25472    G:0.25157

#43: WhiteLippedDeer
position  1:    T:0.17925    C:0.20755    A:0.31132    G:0.30189
position  2:    T:0.28302    C:0.20755    A:0.34906    G:0.16038
position  3:    T:0.25472    C:0.35849    A:0.11321    G:0.27358
Average         T:0.23899    C:0.25786    A:0.25786    G:0.24528

#44: ThomsonGazelle 
position  1:    T:0.17925    C:0.21698    A:0.29245    G:0.31132
position  2:    T:0.29245    C:0.20755    A:0.33962    G:0.16038
position  3:    T:0.27358    C:0.33019    A:0.12264    G:0.27358
Average         T:0.24843    C:0.25157    A:0.25157    G:0.24843

#45: MuntiacusCrinifrons
position  1:    T:0.17925    C:0.20755    A:0.31132    G:0.30189
position  2:    T:0.28302    C:0.20755    A:0.34906    G:0.16038
position  3:    T:0.25472    C:0.35849    A:0.11321    G:0.27358
Average         T:0.23899    C:0.25786    A:0.25786    G:0.24528

#46: WhiteTailedDeer
position  1:    T:0.17925    C:0.20755    A:0.31132    G:0.30189
position  2:    T:0.28302    C:0.20755    A:0.34906    G:0.16038
position  3:    T:0.25472    C:0.35849    A:0.11321    G:0.27358
Average         T:0.23899    C:0.25786    A:0.25786    G:0.24528

#47: Cattle         
position  1:    T:0.17925    C:0.20755    A:0.31132    G:0.30189
position  2:    T:0.28302    C:0.20755    A:0.34906    G:0.16038
position  3:    T:0.25472    C:0.34906    A:0.12264    G:0.27358
Average         T:0.23899    C:0.25472    A:0.26101    G:0.24528

#48: RoyalAntelope  
position  1:    T:0.17925    C:0.20755    A:0.31132    G:0.30189
position  2:    T:0.28302    C:0.20755    A:0.34906    G:0.16038
position  3:    T:0.25472    C:0.34906    A:0.13208    G:0.26415
Average         T:0.23899    C:0.25472    A:0.26415    G:0.24214

#49: Steenbok       
position  1:    T:0.17925    C:0.21698    A:0.30189    G:0.30189
position  2:    T:0.28302    C:0.20755    A:0.34906    G:0.16038
position  3:    T:0.25472    C:0.34906    A:0.13208    G:0.26415
Average         T:0.23899    C:0.25786    A:0.26101    G:0.24214

#50: Impala         
position  1:    T:0.17925    C:0.20755    A:0.31132    G:0.30189
position  2:    T:0.28302    C:0.20755    A:0.34906    G:0.16038
position  3:    T:0.26415    C:0.34906    A:0.12264    G:0.26415
Average         T:0.24214    C:0.25472    A:0.26101    G:0.24214

#51: Klipspringer   
position  1:    T:0.17925    C:0.20755    A:0.31132    G:0.30189
position  2:    T:0.28302    C:0.20755    A:0.34906    G:0.16038
