1
52 1
Argali 0.000000 0.161100 0.049900 0.135700 0.037600 0.002800 0.034800 0.058700 0.037900 0.150900 0.023000 0.034700 0.043500 0.034800 0.049500 0.037800 0.080000 0.071200 0.034700 0.040900 0.049800 0.025800 0.110100 0.103700 0.031800 0.040700 0.034600 0.040900 0.034700 0.040900 0.140500 0.034800 0.093100 0.039600 0.034600 0.049600 0.023000 0.031700 0.043500 0.176700 0.110300 0.046700 0.137200 0.127100 0.046500 0.049700 0.040600 0.028400 0.022600 0.055600 0.040900 0.040900
LesserMous 0.161100 0.000000 0.158700 0.148100 0.158100 0.157800 0.141200 0.172300 0.151700 0.228100 0.151100 0.151400 0.148100 0.141200 0.161900 0.158700 0.154300 0.137900 0.151400 0.144900 0.155100 0.147500 0.189000 0.167100 0.147500 0.165700 0.144500 0.144900 0.147700 0.144900 0.208700 0.141100 0.155600 0.151300 0.144400 0.158100 0.144400 0.147800 0.155000 0.232700 0.185800 0.155100 0.212700 0.185600 0.161600 0.151900 0.151400 0.134500 0.144300 0.154900 0.144800 0.144700
LesserKudu 0.049900 0.158700 0.000000 0.143400 0.044000 0.046900 0.032100 0.053000 0.016800 0.152300 0.038000 0.032100 0.041000 0.032100 0.041000 0.053200 0.071400 0.062400 0.056200 0.014400 0.047100 0.040900 0.111100 0.094900 0.047000 0.056200 0.032000 0.014400 0.043900 0.014200 0.141800 0.032100 0.075100 0.038000 0.038000 0.044000 0.038000 0.035000 0.047000 0.164100 0.111300 0.056200 0.138400 0.118100 0.041000 0.053300 0.038000 0.026200 0.032000 0.053100 0.017000 0.016900
KillerWhal 0.135700 0.148100 0.143400 0.000000 0.139500 0.132500 0.133000 0.136300 0.143500 0.232000 0.139400 0.139500 0.146500 0.133100 0.149800 0.146700 0.149400 0.143300 0.149900 0.140200 0.136400 0.142700 0.197300 0.176000 0.139400 0.153600 0.139500 0.140200 0.142800 0.140200 0.216700 0.133000 0.157600 0.139500 0.136300 0.146100 0.132800 0.136100 0.150000 0.249000 0.190400 0.153300 0.216800 0.201900 0.142800 0.150300 0.143000 0.123000 0.126000 0.149900 0.140100 0.140000
DefassaWat 0.037600 0.158100 0.044000 0.139500 0.000000 0.034700 0.029000 0.052700 0.038000 0.151400 0.025900 0.031900 0.037800 0.029000 0.043800 0.043800 0.080400 0.065200 0.043800 0.035000 0.043900 0.028800 0.117000 0.104100 0.034800 0.046800 0.028900 0.035000 0.034800 0.035000 0.141000 0.029000 0.087300 0.034800 0.028900 0.034800 0.026000 0.014300 0.031900 0.170200 0.117200 0.046800 0.137700 0.127500 0.031800 0.050000 0.034900 0.023100 0.023000 0.055900 0.035000 0.038000
Sheep 0.002800 0.157800 0.046900 0.132500 0.034700 0.000000 0.031900 0.055700 0.034900 0.154500 0.020100 0.031800 0.040600 0.031900 0.046600 0.040800 0.077000 0.068200 0.031800 0.037900 0.046800 0.022900 0.107000 0.100600 0.028900 0.043700 0.030800 0.037900 0.037700 0.037900 0.144000 0.031900 0.090000 0.037500 0.031700 0.046700 0.020100 0.028800 0.040600 0.173300 0.107100 0.049700 0.140700 0.123900 0.043600 0.045800 0.036800 0.025800 0.019800 0.052300 0.037900 0.037900
MaxwellsDu 0.034800 0.141200 0.032100 0.133000 0.029000 0.031900 0.000000 0.043900 0.026100 0.138100 0.023100 0.023100 0.032000 0.005700 0.026100 0.038000 0.062000 0.047000 0.040900 0.023200 0.032000 0.026000 0.104100 0.091300 0.031900 0.034900 0.023100 0.023200 0.029000 0.023200 0.127800 0.005700 0.074800 0.029000 0.023100 0.034900 0.023100 0.020200 0.032000 0.163500 0.104300 0.040900 0.124500 0.114400 0.031900 0.038000 0.029000 0.011500 0.017300 0.035000 0.023200 0.026200
GazellaPrz 0.058700 0.172300 0.053000 0.136300 0.052700 0.055700 0.043900 0.000000 0.053000 0.158500 0.046700 0.049800 0.055900 0.043900 0.058900 0.043800 0.080500 0.071500 0.065000 0.050000 0.040800 0.049700 0.117000 0.110700 0.055800 0.046700 0.046700 0.050000 0.034700 0.050000 0.147900 0.043900 0.100100 0.046700 0.046800 0.055800 0.046800 0.043700 0.037700 0.184700 0.117200 0.046700 0.144600 0.131000 0.052800 0.059100 0.049800 0.037900 0.040700 0.065100 0.050000 0.053100
MountainNy 0.037900 0.151700 0.016800 0.143500 0.038000 0.034900 0.026100 0.053000 0.000000 0.148900 0.032000 0.026100 0.041000 0.026200 0.041000 0.047100 0.071400 0.056300 0.050100 0.008500 0.041000 0.034900 0.107800 0.091600 0.041000 0.050100 0.032000 0.008500 0.037900 0.008600 0.138400 0.026100 0.068800 0.037900 0.032000 0.038000 0.032000 0.029100 0.041000 0.160500 0.108000 0.050100 0.135000 0.114800 0.035000 0.041100 0.038000 0.020300 0.026100 0.053100 0.011300 0.011300
MuntiacusM 0.150900 0.228100 0.152300 0.232000 0.151400 0.154500 0.138100 0.158500 0.148900 0.000000 0.151200 0.144800 0.162200 0.138100 0.155300 0.152100 0.158000 0.145200 0.165200 0.145600 0.151900 0.154500 0.086000 0.092400 0.161600 0.145200 0.151500 0.145600 0.141200 0.145600 0.014700 0.138000 0.170400 0.158400 0.151500 0.158400 0.151500 0.148100 0.145000 0.151900 0.082700 0.141700 0.011800 0.108800 0.154900 0.158600 0.148200 0.131100 0.144500 0.162200 0.145500 0.149000
goat 0.023000 0.151100 0.038000 0.139400 0.025900 0.020100 0.023100 0.046700 0.032000 0.151200 0.000000 0.023100 0.031900 0.023100 0.037800 0.037900 0.074200 0.059000 0.028900 0.029100 0.037900 0.008600 0.110300 0.097400 0.008400 0.040800 0.023000 0.029100 0.028900 0.029100 0.140800 0.023100 0.080900 0.028900 0.023100 0.037800 0.011300 0.020100 0.031900 0.169800 0.110500 0.040800 0.137500 0.120700 0.034800 0.044000 0.034900 0.017300 0.017200 0.049900 0.029100 0.032000
AfricanBuf 0.034700 0.151400 0.032100 0.139500 0.031900 0.031800 0.023100 0.049800 0.026100 0.144800 0.023100 0.000000 0.037800 0.023100 0.037700 0.043900 0.067900 0.053000 0.040700 0.023200 0.037900 0.025900 0.104100 0.091300 0.031900 0.046900 0.028900 0.023200 0.034800 0.023200 0.134400 0.023100 0.071400 0.034400 0.028900 0.026000 0.017300 0.025700 0.037000 0.163400 0.104300 0.046900 0.131100 0.114400 0.022700 0.043900 0.031800 0.017000 0.022900 0.049800 0.023200 0.026100
Topi 0.043500 0.148100 0.041000 0.146500 0.037800 0.040600 0.032000 0.055900 0.041000 0.162200 0.031900 0.037800 0.000000 0.032000 0.040800 0.040900 0.077200 0.068400 0.043700 0.038100 0.047000 0.033600 0.120600 0.107600 0.034800 0.049900 0.008500 0.038100 0.031900 0.038100 0.144700 0.032000 0.084000 0.014200 0.025900 0.049900 0.031900 0.028100 0.040700 0.173500 0.120800 0.049900 0.148200 0.124300 0.046700 0.053000 0.037300 0.025500 0.025400 0.052900 0.038000 0.041100
CommonDuik 0.034800 0.141200 0.032100 0.133100 0.029000 0.031900 0.005700 0.043900 0.026200 0.138100 0.023100 0.023100 0.032000 0.000000 0.026100 0.038000 0.062000 0.047100 0.041000 0.023200 0.032000 0.026000 0.104200 0.091400 0.032000 0.034900 0.023100 0.023200 0.029000 0.023200 0.127800 0.000000 0.074900 0.029000 0.023100 0.034900 0.023100 0.020200 0.031900 0.163500 0.104400 0.040900 0.124500 0.114400 0.032000 0.038100 0.029000 0.011500 0.017300 0.035000 0.023200 0.026200
Suni 0.049500 0.161900 0.041000 0.149800 0.043800 0.046600 0.026100 0.058900 0.041000 0.155300 0.037800 0.037700 0.040800 0.026100 0.000000 0.053000 0.077100 0.062200 0.055600 0.038000 0.046900 0.040600 0.120500 0.107500 0.046800 0.056000 0.031600 0.038000 0.043800 0.038000 0.144700 0.026100 0.083900 0.037700 0.037800 0.049800 0.037900 0.034400 0.046700 0.174200 0.120800 0.056000 0.141400 0.131100 0.046700 0.052900 0.037800 0.025800 0.031800 0.042800 0.038000 0.041000
Springbuck 0.037800 0.158700 0.053200 0.146700 0.043800 0.040800 0.038000 0.043800 0.047100 0.152100 0.037900 0.043900 0.040900 0.038000 0.053000 0.000000 0.080700 0.071600 0.049900 0.044100 0.034900 0.040800 0.117400 0.111000 0.040800 0.026000 0.037900 0.044100 0.008600 0.044100 0.134700 0.038000 0.094000 0.043800 0.028900 0.056000 0.037900 0.034900 0.029000 0.177500 0.111000 0.026000 0.138200 0.134700 0.053000 0.053100 0.043900 0.032000 0.026000 0.059200 0.044100 0.047100
Okapi 0.080000 0.154300 0.071400 0.149400 0.080400 0.077000 0.062000 0.080500 0.071400 0.158000 0.074200 0.067900 0.077200 0.062000 0.077100 0.080700 0.000000 0.034800 0.086500 0.068400 0.074300 0.077000 0.110300 0.120200 0.077300 0.090100 0.074100 0.068400 0.071100 0.068400 0.140600 0.062000 0.095800 0.080100 0.067900 0.074200 0.074200 0.070900 0.080300 0.194800 0.123500 0.090000 0.144100 0.137300 0.070900 0.086800 0.077100 0.061300 0.067800 0.070600 0.068300 0.071500
Giraffe 0.071200 0.137900 0.062400 0.143300 0.065200 0.068200 0.047000 0.071500 0.056300 0.145200 0.059000 0.053000 0.068400 0.047100 0.062200 0.071600 0.034800 0.000000 0.077800 0.053300 0.062300 0.062000 0.110800 0.104400 0.068200 0.074700 0.059100 0.053300 0.062100 0.053300 0.134700 0.047000 0.081200 0.059100 0.059100 0.065200 0.059000 0.056000 0.065300 0.178000 0.111000 0.074600 0.131400 0.128000 0.062200 0.071700 0.062200 0.047000 0.053000 0.062300 0.053200 0.056300
TibetanAnt 0.034700 0.151400 0.056200 0.149900 0.043800 0.031800 0.040900 0.065000 0.050100 0.165200 0.028900 0.040700 0.043700 0.041000 0.055600 0.049900 0.086500 0.077800 0.000000 0.047100 0.056000 0.031200 0.130400 0.114000 0.031900 0.059000 0.040700 0.047100 0.040800 0.047100 0.147600 0.040900 0.096600 0.046600 0.034800 0.055900 0.029000 0.037700 0.049700 0.188300 0.130700 0.055900 0.151200 0.137800 0.052700 0.059100 0.046100 0.028900 0.034400 0.068100 0.047100 0.047100
Sitatunga 0.040900 0.144900 0.014400 0.140200 0.035000 0.037900 0.023200 0.050000 0.008500 0.145600 0.029100 0.023200 0.038100 0.023200 0.038000 0.044100 0.068400 0.053300 0.047100 0.000000 0.038100 0.032000 0.104600 0.085300 0.038000 0.047100 0.029100 0.000000 0.035000 0.000000 0.135200 0.023200 0.065700 0.035000 0.029100 0.035000 0.029100 0.026100 0.038000 0.153700 0.104800 0.047100 0.131800 0.108300 0.032000 0.044200 0.035000 0.017400 0.023200 0.050100 0.002800 0.008500
Oribi 0.049800 0.155100 0.047100 0.136400 0.043900 0.046800 0.032000 0.040800 0.041000 0.151900 0.037900 0.037900 0.047000 0.032000 0.046900 0.034900 0.074300 0.062300 0.056000 0.038100 0.000000 0.040800 0.110700 0.104400 0.046900 0.037900 0.037900 0.038100 0.026000 0.038100 0.141400 0.032000 0.081200 0.043800 0.037900 0.043800 0.037900 0.034900 0.029000 0.178000 0.110900 0.037900 0.138100 0.127900 0.040800 0.047000 0.037900 0.026100 0.031900 0.059100 0.038100 0.041100
BarbaryShe 0.025800 0.147500 0.040900 0.142700 0.028800 0.022900 0.026000 0.049700 0.034900 0.154500 0.008600 0.025900 0.033600 0.026000 0.040600 0.040800 0.077000 0.062000 0.031200 0.032000 0.040800 0.000000 0.113400 0.100600 0.017200 0.043700 0.025500 0.032000 0.031800 0.032000 0.144000 0.026000 0.077500 0.031700 0.025900 0.040700 0.014300 0.022500 0.034700 0.173200 0.113600 0.043700 0.140700 0.123800 0.037600 0.046800 0.037700 0.020100 0.019700 0.052700 0.032000 0.034900
Daviddeer 0.110100 0.189000 0.111100 0.197300 0.117000 0.107000 0.104100 0.117000 0.107800 0.086000 0.110300 0.104100 0.120600 0.104200 0.120500 0.117400 0.110300 0.110800 0.130400 0.104600 0.110700 0.113400 0.000000 0.072700 0.120100 0.110800 0.110500 0.104600 0.107100 0.104600 0.076000 0.104100 0.131400 0.117000 0.110500 0.117100 0.110500 0.107200 0.110600 0.147700 0.023200 0.110800 0.072900 0.088700 0.113700 0.124200 0.113800 0.097700 0.103800 0.127100 0.104600 0.107800
Reindeer 0.103700 0.167100 0.094900 0.176000 0.104100 0.100600 0.091300 0.110700 0.091600 0.092400 0.097400 0.091300 0.107600 0.091400 0.107500 0.111000 0.120200 0.104400 0.114000 0.085300 0.104400 0.100600 0.072700 0.000000 0.107200 0.104400 0.097600 0.085300 0.100800 0.085300 0.082300 0.091300 0.104800 0.104000 0.097600 0.104100 0.097600 0.094400 0.104300 0.086300 0.069700 0.104300 0.079200 0.020500 0.100800 0.101000 0.100900 0.081800 0.091100 0.114100 0.085200 0.091700
Ibex 0.031800 0.147500 0.047000 0.139400 0.034800 0.028900 0.031900 0.055800 0.041000 0.161600 0.008400 0.031900 0.034800 0.032000 0.046800 0.040800 0.077300 0.068200 0.031900 0.038000 0.046900 0.017200 0.120100 0.107200 0.000000 0.049800 0.031800 0.038000 0.031800 0.038000 0.144100 0.031900 0.090400 0.037700 0.026000 0.046800 0.014300 0.028900 0.040800 0.173200 0.120300 0.049800 0.147700 0.130700 0.043800 0.053100 0.043800 0.026100 0.025900 0.059000 0.038000 0.041000
GyrantGaze 0.040700 0.165700 0.056200 0.153600 0.046800 0.043700 0.034900 0.046700 0.050100 0.145200 0.040800 0.046900 0.049900 0.034900 0.056000 0.026000 0.090100 0.074700 0.059000 0.047100 0.037900 0.043700 0.110800 0.104400 0.049800 0.000000 0.040800 0.047100 0.017200 0.047100 0.134700 0.034900 0.097200 0.046800 0.040900 0.059000 0.040900 0.037900 0.031900 0.170300 0.111000 0.023000 0.131400 0.128000 0.056000 0.056100 0.046900 0.035000 0.034900 0.065300 0.047100 0.050100
Hartebeest 0.034600 0.144500 0.032000 0.139500 0.028900 0.030800 0.023100 0.046700 0.032000 0.151500 0.023000 0.028900 0.008500 0.023100 0.031600 0.037900 0.074100 0.059100 0.040700 0.029100 0.037900 0.025500 0.110500 0.097600 0.031800 0.040800 0.000000 0.029100 0.028900 0.029100 0.141100 0.023100 0.074500 0.005700 0.023000 0.040800 0.023100 0.020100 0.031800 0.170300 0.110700 0.040800 0.137700 0.114200 0.037700 0.043900 0.028600 0.017200 0.016800 0.043700 0.029100 0.032000
Bongo 0.040900 0.144900 0.014400 0.140200 0.035000 0.037900 0.023200 0.050000 0.008500 0.145600 0.029100 0.023200 0.038100 0.023200 0.038000 0.044100 0.068400 0.053300 0.047100 0.000000 0.038100 0.032000 0.104600 0.085300 0.038000 0.047100 0.029100 0.000000 0.035000 0.000000 0.135200 0.023200 0.065700 0.035000 0.029100 0.035000 0.029100 0.026100 0.038000 0.153700 0.104800 0.047100 0.131800 0.108300 0.032000 0.044200 0.035000 0.017400 0.023200 0.050100 0.002800 0.008500
Gerenuk 0.034700 0.147700 0.043900 0.142800 0.034800 0.037700 0.029000 0.034700 0.037900 0.141200 0.028900 0.034800 0.031900 0.029000 0.043800 0.008600 0.071100 0.062100 0.040800 0.035000 0.026000 0.031800 0.107100 0.100800 0.031800 0.017200 0.028900 0.035000 0.000000 0.035000 0.124100 0.029000 0.084100 0.034800 0.023000 0.046700 0.028900 0.026000 0.020100 0.173800 0.107300 0.017000 0.127600 0.124100 0.043800 0.043900 0.034800 0.023100 0.023000 0.055900 0.035000 0.038000
CommonElan 0.040900 0.144900 0.014200 0.140200 0.035000 0.037900 0.023200 0.050000 0.008600 0.145600 0.029100 0.023200 0.038100 0.023200 0.038000 0.044100 0.068400 0.053300 0.047100 0.000000 0.038100 0.032000 0.104600 0.085300 0.038000 0.047100 0.029100 0.000000 0.035000 0.000000 0.135200 0.023200 0.065700 0.035000 0.029100 0.035000 0.029100 0.026100 0.038000 0.153700 0.104800 0.047100 0.131800 0.108300 0.032000 0.044200 0.035000 0.017400 0.023200 0.050100 0.002800 0.008500
MuntiacusR 0.140500 0.208700 0.141800 0.216700 0.141000 0.144000 0.127800 0.147900 0.138400 0.014700 0.140800 0.134400 0.144700 0.127800 0.144700 0.134700 0.140600 0.134700 0.147600 0.135200 0.141400 0.144000 0.076000 0.082300 0.144100 0.134700 0.141100 0.135200 0.124100 0.135200 0.000000 0.127700 0.159600 0.147800 0.134200 0.147900 0.141100 0.137600 0.134600 0.148100 0.072700 0.131300 0.002900 0.098400 0.144400 0.148000 0.137800 0.120900 0.134100 0.151600 0.135100 0.138500
HarveysDui 0.034800 0.141100 0.032100 0.133000 0.029000 0.031900 0.005700 0.043900 0.026100 0.138000 0.023100 0.023100 0.032000 0.000000 0.026100 0.038000 0.062000 0.047000 0.040900 0.023200 0.032000 0.026000 0.104100 0.091300 0.031900 0.034900 0.023100 0.023200 0.029000 0.023200 0.127700 0.000000 0.074800 0.029000 0.023100 0.034900 0.023100 0.020200 0.032000 0.163400 0.104300 0.040900 0.124500 0.114400 0.031900 0.038000 0.029000 0.011500 0.017300 0.035000 0.023200 0.026200
Pronghorn 0.093100 0.155600 0.075100 0.157600 0.087300 0.090000 0.074800 0.100100 0.068800 0.170400 0.080900 0.071400 0.084000 0.074900 0.083900 0.094000 0.095800 0.081200 0.096600 0.065700 0.081200 0.077500 0.131400 0.104800 0.090400 0.097200 0.074500 0.065700 0.084100 0.065700 0.159600 0.074800 0.000000 0.080700 0.080800 0.087300 0.081000 0.077600 0.087200 0.193500 0.131600 0.090600 0.156200 0.128400 0.083900 0.087400 0.077600 0.065300 0.074400 0.090300 0.065700 0.075100
BlueWildeb 0.039600 0.151300 0.038000 0.139500 0.034800 0.037500 0.029000 0.046700 0.037900 0.158400 0.028900 0.034400 0.014200 0.029000 0.037700 0.043800 0.080100 0.059100 0.046600 0.035000 0.043800 0.031700 0.117000 0.104000 0.037700 0.046800 0.005700 0.035000 0.034800 0.035000 0.147800 0.029000 0.080700 0.000000 0.028800 0.046700 0.028900 0.025900 0.037700 0.177300 0.117200 0.046700 0.144500 0.120700 0.043600 0.048800 0.034700 0.023000 0.022900 0.049800 0.035000 0.038000
Gemsbok 0.034600 0.144400 0.038000 0.136300 0.028900 0.031700 0.023100 0.046800 0.032000 0.151500 0.023100 0.028900 0.025900 0.023100 0.037800 0.028900 0.067900 0.059100 0.034800 0.029100 0.037900 0.025900 0.110500 0.097600 0.026000 0.040900 0.023000 0.029100 0.023000 0.029100 0.134200 0.023100 0.080800 0.028800 0.000000 0.040800 0.023100 0.019600 0.031800 0.170300 0.110700 0.040800 0.137700 0.120900 0.037700 0.043900 0.034800 0.017200 0.016900 0.049800 0.029100 0.032100
Yak 0.049600 0.158100 0.044000 0.146100 0.034800 0.046700 0.034900 0.055800 0.038000 0.158400 0.037800 0.026000 0.049900 0.034900 0.049800 0.056000 0.074200 0.065200 0.055900 0.035000 0.043800 0.040700 0.117100 0.104100 0.046800 0.059000 0.040800 0.035000 0.046700 0.035000 0.147900 0.034900 0.087300 0.046700 0.040800 0.000000 0.031900 0.037800 0.049900 0.170200 0.117300 0.059000 0.144500 0.117500 0.008600 0.056100 0.043800 0.029000 0.034800 0.055900 0.035000 0.038000
BlueSheep 0.023000 0.144400 0.038000 0.132800 0.026000 0.020100 0.023100 0.046800 0.032000 0.151500 0.011300 0.017300 0.031900 0.023100 0.037900 0.037900 0.074200 0.059000 0.029000 0.029100 0.037900 0.014300 0.110500 0.097600 0.014300 0.040900 0.023100 0.029100 0.028900 0.029100 0.141100 0.023100 0.081000 0.028900 0.023100 0.031900 0.000000 0.020100 0.031900 0.163000 0.110700 0.040800 0.137700 0.120900 0.029000 0.044000 0.031900 0.017300 0.017200 0.049900 0.029100 0.032100
BohorReedb 0.031700 0.147800 0.035000 0.136100 0.014300 0.028800 0.020200 0.043700 0.029100 0.148100 0.020100 0.025700 0.028100 0.020200 0.034400 0.034900 0.070900 0.056000 0.037700 0.026100 0.034900 0.022500 0.107200 0.094400 0.028900 0.037900 0.020100 0.026100 0.026000 0.026100 0.137600 0.020200 0.077600 0.025900 0.019600 0.037800 0.020100 0.000000 0.028900 0.166800 0.107500 0.037800 0.134300 0.117600 0.034800 0.040900 0.031800 0.014100 0.014300 0.046700 0.026100 0.029100
KirksDik 0.043500 0.155000 0.047000 0.150000 0.031900 0.040600 0.032000 0.037700 0.041000 0.145000 0.031900 0.037000 0.040700 0.031900 0.046700 0.029000 0.080300 0.065300 0.049700 0.038000 0.029000 0.034700 0.110600 0.104300 0.040800 0.031900 0.031800 0.038000 0.020100 0.038000 0.134600 0.032000 0.087200 0.037700 0.031800 0.049900 0.031900 0.028900 0.000000 0.170600 0.110800 0.031900 0.131300 0.127800 0.046700 0.046800 0.031400 0.025600 0.025900 0.059300 0.038000 0.041000
RoeDeer 0.176700 0.232700 0.164100 0.249000 0.170200 0.173300 0.163500 0.184700 0.160500 0.151900 0.169800 0.163400 0.173500 0.163500 0.174200 0.177500 0.194800 0.178000 0.188300 0.153700 0.178000 0.173200 0.147700 0.086300 0.173200 0.170300 0.170300 0.153700 0.173800 0.153700 0.148100 0.163400 0.193500 0.177300 0.170300 0.170200 0.163000 0.166800 0.170600 0.000000 0.148000 0.173700 0.144700 0.103000 0.173700 0.174000 0.166900 0.153100 0.163000 0.188400 0.153600 0.160600
WhiteLippe 0.110300 0.185800 0.111300 0.190400 0.117200 0.107100 0.104300 0.117200 0.108000 0.082700 0.110500 0.104300 0.120800 0.104400 0.120800 0.111000 0.123500 0.111000 0.130700 0.104800 0.110900 0.113600 0.023200 0.069700 0.120300 0.111000 0.110700 0.104800 0.107300 0.104800 0.072700 0.104300 0.131600 0.117200 0.110700 0.117300 0.110700 0.107500 0.110800 0.148000 0.000000 0.111000 0.069600 0.085500 0.113900 0.124500 0.114000 0.097900 0.097500 0.114000 0.104800 0.108100
ThomsonGaz 0.046700 0.155100 0.056200 0.153300 0.046800 0.049700 0.040900 0.046700 0.050100 0.141700 0.040800 0.046900 0.049900 0.040900 0.056000 0.026000 0.090000 0.074600 0.055900 0.047100 0.037900 0.043700 0.110800 0.104300 0.049800 0.023000 0.040800 0.047100 0.017000 0.047100 0.131300 0.040900 0.090600 0.046700 0.040800 0.059000 0.040800 0.037800 0.031900 0.173700 0.111000 0.000000 0.128000 0.127800 0.055900 0.050000 0.046800 0.032000 0.034800 0.068300 0.047100 0.050100
MuntiacusC 0.137200 0.212700 0.138400 0.216800 0.137700 0.140700 0.124500 0.144600 0.135000 0.011800 0.137500 0.131100 0.148200 0.124500 0.141400 0.138200 0.144100 0.131400 0.151200 0.131800 0.138100 0.140700 0.072900 0.079200 0.147700 0.131400 0.137700 0.131800 0.127600 0.131800 0.002900 0.124500 0.156200 0.144500 0.137700 0.144500 0.137700 0.134300 0.131300 0.144700 0.069600 0.128000 0.000000 0.095300 0.141000 0.144700 0.134400 0.117700 0.130800 0.148200 0.131800 0.135100
WhiteTaile 0.127100 0.185600 0.118100 0.201900 0.127500 0.123900 0.114400 0.131000 0.114800 0.108800 0.120700 0.114400 0.124300 0.114400 0.131100 0.134700 0.137300 0.128000 0.137800 0.108300 0.127900 0.123800 0.088700 0.020500 0.130700 0.128000 0.114200 0.108300 0.124100 0.108300 0.098400 0.114400 0.128400 0.120700 0.120900 0.117500 0.120900 0.117600 0.127800 0.103000 0.085500 0.127800 0.095300 0.000000 0.120800 0.124300 0.124300 0.104600 0.114100 0.134400 0.108200 0.114900
Cattle 0.046500 0.161600 0.041000 0.142800 0.031800 0.043600 0.031900 0.052800 0.035000 0.154900 0.034800 0.022700 0.046700 0.032000 0.046700 0.053000 0.070900 0.062200 0.052700 0.032000 0.040800 0.037600 0.113700 0.100800 0.043800 0.056000 0.037700 0.032000 0.043800 0.032000 0.144400 0.031900 0.083900 0.043600 0.037700 0.008600 0.029000 0.034800 0.046700 0.173700 0.113900 0.055900 0.141000 0.120800 0.000000 0.052900 0.040700 0.025200 0.031700 0.052700 0.032000 0.035000
RoyalAntel 0.049700 0.151900 0.053300 0.150300 0.050000 0.045800 0.038000 0.059100 0.041100 0.158600 0.044000 0.043900 0.053000 0.038100 0.052900 0.053100 0.086800 0.071700 0.059100 0.044200 0.047000 0.046800 0.124200 0.101000 0.053100 0.056100 0.043900 0.044200 0.043900 0.044200 0.148000 0.038000 0.087400 0.048800 0.043900 0.056100 0.044000 0.040900 0.046800 0.174000 0.124500 0.050000 0.144700 0.124300 0.052900 0.000000 0.043800 0.029000 0.037900 0.065200 0.044200 0.047200
Steenbok 0.040600 0.151400 0.038000 0.143000 0.034900 0.036800 0.029000 0.049800 0.038000 0.148200 0.034900 0.031800 0.037300 0.029000 0.037800 0.043900 0.077100 0.062200 0.046100 0.035000 0.037900 0.037700 0.113800 0.100900 0.043800 0.046900 0.028600 0.035000 0.034800 0.035000 0.137800 0.029000 0.077600 0.034700 0.034800 0.043800 0.031900 0.031800 0.031400 0.166900 0.114000 0.046800 0.134400 0.124300 0.040700 0.043800 0.000000 0.023100 0.028900 0.049800 0.035000 0.035000
Impala 0.028400 0.134500 0.026200 0.123000 0.023100 0.025800 0.011500 0.037900 0.020300 0.131100 0.017300 0.017000 0.025500 0.011500 0.025800 0.032000 0.061300 0.047000 0.028900 0.017400 0.026100 0.020100 0.097700 0.081800 0.026100 0.035000 0.017200 0.017400 0.023100 0.017400 0.120900 0.011500 0.065300 0.023000 0.017200 0.029000 0.017300 0.014100 0.025600 0.153100 0.097900 0.032000 0.117700 0.104600 0.025200 0.029000 0.023100 0.000000 0.011300 0.037800 0.017400 0.020300
Klipspring 0.022600 0.144300 0.032000 0.126000 0.023000 0.019800 0.017300 0.040700 0.026100 0.144500 0.017200 0.022900 0.025400 0.017300 0.031800 0.026000 0.067800 0.053000 0.034400 0.023200 0.031900 0.019700 0.103800 0.091100 0.025900 0.034900 0.016800 0.023200 0.023000 0.023200 0.134100 0.017300 0.074400 0.022900 0.016900 0.034800 0.017200 0.014300 0.025900 0.163000 0.097500 0.034800 0.130800 0.114100 0.031700 0.037900 0.028900 0.011300 0.000000 0.037700 0.023200 0.026100
ForestMusk 0.055600 0.154900 0.053100 0.149900 0.055900 0.052300 0.035000 0.065100 0.053100 0.162200 0.049900 0.049800 0.052900 0.035000 0.042800 0.059200 0.070600 0.062300 0.068100 0.050100 0.059100 0.052700 0.127100 0.114100 0.059000 0.065300 0.043700 0.050100 0.055900 0.050100 0.151600 0.035000 0.090300 0.049800 0.049800 0.055900 0.049900 0.046700 0.059300 0.188400 0.114000 0.068300 0.148200 0.134400 0.052700 0.065200 0.049800 0.037800 0.037700 0.000000 0.050100 0.053200
Bushbuck 0.040900 0.144800 0.017000 0.140100 0.035000 0.037900 0.023200 0.050000 0.011300 0.145500 0.029100 0.023200 0.038000 0.023200 0.038000 0.044100 0.068300 0.053200 0.047100 0.002800 0.038100 0.032000 0.104600 0.085200 0.038000 0.047100 0.029100 0.002800 0.035000 0.002800 0.135100 0.023200 0.065700 0.035000 0.029100 0.035000 0.029100 0.026100 0.038000 0.153600 0.104800 0.047100 0.131800 0.108200 0.032000 0.044200 0.035000 0.017400 0.023200 0.050100 0.000000 0.011300
GreaterKud 0.040900 0.144700 0.016900 0.140000 0.038000 0.037900 0.026200 0.053100 0.011300 0.149000 0.032000 0.026100 0.041100 0.026200 0.041000 0.047100 0.071500 0.056300 0.047100 0.008500 0.041100 0.034900 0.107800 0.091700 0.041000 0.050100 0.032000 0.008500 0.038000 0.008500 0.138500 0.026200 0.075100 0.038000 0.032100 0.038000 0.032100 0.029100 0.041000 0.160600 0.108100 0.050100 0.135100 0.114900 0.035000 0.047200 0.035000 0.020300 0.026100 0.053200 0.011300 0.000000
