1
52 1
Argali 0.000000 0.594300 0.247800 0.455700 0.135600 0.012200 0.150800 0.178900 0.214400 0.261100 0.044700 0.222200 0.131600 0.115600 0.170600 0.230700 0.228800 0.250300 0.143900 0.212900 0.158700 0.105500 0.271200 0.278900 0.053000 0.200600 0.124400 0.206700 0.188200 0.208500 0.262000 0.150600 0.189200 0.116300 0.114000 0.214500 0.065900 0.148600 0.122700 0.291800 0.257600 0.186900 0.262100 0.280500 0.231500 0.162200 0.205300 0.197000 0.139400 0.274500 0.230700 0.209200
LesserMous 0.594300 0.000000 0.670500 0.582700 0.611500 0.594100 0.593200 0.648200 0.654500 0.669400 0.546400 0.721500 0.599200 0.575300 0.630400 0.637700 0.637600 0.693400 0.621900 0.648300 0.628500 0.613700 0.693400 0.687400 0.551400 0.634000 0.602600 0.639400 0.606800 0.665800 0.645100 0.616800 0.660600 0.582300 0.609100 0.669100 0.556200 0.622300 0.594000 0.689100 0.686100 0.604600 0.645800 0.667400 0.724100 0.657200 0.687000 0.642100 0.561500 0.721800 0.670700 0.652300
LesserKudu 0.247800 0.670500 0.000000 0.540800 0.272600 0.247300 0.256000 0.302900 0.098400 0.323600 0.205800 0.247900 0.253000 0.251100 0.259700 0.307400 0.347800 0.334700 0.277400 0.097900 0.299000 0.277000 0.342900 0.332100 0.202800 0.284500 0.245200 0.091800 0.247200 0.078700 0.314700 0.248000 0.307000 0.235300 0.214900 0.291200 0.201300 0.236500 0.292400 0.403800 0.347600 0.278400 0.333100 0.353000 0.292100 0.300200 0.296300 0.288900 0.230700 0.346300 0.134100 0.106800
KillerWhal 0.455700 0.582700 0.540800 0.000000 0.530400 0.454800 0.529700 0.501600 0.503800 0.598600 0.461200 0.597800 0.485300 0.488200 0.529200 0.535400 0.519500 0.558600 0.515400 0.499900 0.520900 0.491700 0.624400 0.628000 0.466200 0.554100 0.464500 0.493900 0.520700 0.521300 0.602100 0.516100 0.577700 0.471900 0.483000 0.570700 0.438500 0.521300 0.511800 0.642300 0.607400 0.528600 0.602400 0.623100 0.574500 0.561100 0.511900 0.491100 0.479400 0.587600 0.511700 0.500100
DefassaWat 0.135600 0.611500 0.272600 0.530400 0.000000 0.135400 0.164500 0.215800 0.239200 0.327600 0.115500 0.268500 0.160100 0.151200 0.183600 0.236400 0.274700 0.296700 0.186800 0.237700 0.202800 0.147900 0.339400 0.328300 0.123400 0.214100 0.123200 0.231800 0.186100 0.233600 0.310500 0.171600 0.275800 0.144400 0.186900 0.243900 0.137200 0.083800 0.165700 0.298500 0.325300 0.200500 0.328900 0.312700 0.270200 0.221800 0.242500 0.260100 0.153100 0.306500 0.255600 0.251200
Sheep 0.012200 0.594100 0.247300 0.454800 0.135400 0.000000 0.150600 0.178600 0.214000 0.277800 0.044600 0.221800 0.131400 0.115500 0.170500 0.230300 0.244500 0.266400 0.143700 0.212600 0.158500 0.105300 0.288300 0.278300 0.052900 0.200400 0.124300 0.206400 0.188100 0.208100 0.278800 0.150400 0.188900 0.116200 0.113800 0.214100 0.065800 0.148400 0.122500 0.309100 0.274800 0.186600 0.278800 0.280000 0.215100 0.162100 0.189600 0.196700 0.139200 0.257200 0.230500 0.208900
MaxwellsDu 0.150800 0.593200 0.256000 0.529700 0.164500 0.150600 0.000000 0.208700 0.222800 0.293000 0.124800 0.236000 0.176100 0.072600 0.215300 0.236900 0.276200 0.331700 0.217800 0.221500 0.203800 0.163200 0.303800 0.293800 0.138700 0.214600 0.168800 0.215400 0.186800 0.233700 0.294100 0.078400 0.234900 0.160100 0.172100 0.244500 0.152700 0.184900 0.181800 0.325200 0.290200 0.201300 0.294100 0.295800 0.262100 0.191200 0.204000 0.195500 0.169200 0.272300 0.222800 0.201600
GazellaPrz 0.178900 0.648200 0.302900 0.501600 0.215800 0.178600 0.208700 0.000000 0.269900 0.264800 0.153100 0.274300 0.221200 0.203300 0.205200 0.195500 0.315200 0.320400 0.223400 0.268200 0.126400 0.191000 0.301200 0.299900 0.166900 0.189200 0.213600 0.262600 0.184400 0.264200 0.282000 0.208500 0.297500 0.204300 0.185400 0.300500 0.165700 0.213400 0.134700 0.349500 0.295400 0.183300 0.282100 0.301600 0.319200 0.204500 0.157200 0.225200 0.190400 0.319900 0.269800 0.248400
MountainNy 0.214400 0.654500 0.098400 0.503800 0.239200 0.214000 0.222800 0.269900 0.000000 0.281700 0.171800 0.223000 0.219100 0.217600 0.226800 0.257500 0.314400 0.319800 0.245400 0.025800 0.248300 0.243800 0.282700 0.272600 0.169200 0.259600 0.211300 0.019500 0.214000 0.060200 0.308800 0.222600 0.299400 0.201800 0.182000 0.249400 0.168000 0.203800 0.225200 0.360600 0.286700 0.245400 0.308900 0.292300 0.250200 0.234200 0.255700 0.229400 0.196400 0.294800 0.059700 0.060300
MuntiacusM 0.261100 0.669400 0.323600 0.598600 0.327600 0.277800 0.293000 0.264800 0.281700 0.000000 0.252800 0.310900 0.299500 0.270300 0.313400 0.329000 0.290400 0.286000 0.324000 0.288000 0.260300 0.290500 0.097400 0.117800 0.266500 0.305400 0.301000 0.292000 0.283600 0.302300 0.035300 0.310200 0.289500 0.290100 0.285200 0.319900 0.264400 0.305800 0.296700 0.158900 0.071100 0.300300 0.035400 0.118400 0.339200 0.321500 0.299900 0.312000 0.266500 0.303600 0.299200 0.277400
goat 0.044700 0.546400 0.205800 0.461200 0.115500 0.044600 0.124800 0.153100 0.171800 0.252800 0.000000 0.181500 0.095500 0.103800 0.130000 0.205400 0.236400 0.241900 0.111100 0.170700 0.148100 0.086400 0.263300 0.253400 0.015300 0.175400 0.088200 0.164000 0.162400 0.165600 0.253700 0.124500 0.179800 0.080300 0.093700 0.189000 0.030600 0.114200 0.101100 0.284500 0.249300 0.161000 0.253800 0.255000 0.206400 0.136500 0.180100 0.154800 0.097300 0.249400 0.187900 0.166200
AfricanBuf 0.222200 0.721500 0.247900 0.597800 0.268500 0.221800 0.236000 0.274300 0.223000 0.310900 0.181500 0.000000 0.234000 0.247500 0.239700 0.286700 0.341000 0.346700 0.258300 0.221700 0.245000 0.250100 0.322200 0.311500 0.194500 0.239700 0.226700 0.199700 0.243400 0.233800 0.312000 0.236000 0.260900 0.217000 0.212800 0.107300 0.208900 0.248900 0.255300 0.361800 0.308300 0.242000 0.312200 0.331700 0.121100 0.247300 0.309300 0.252800 0.210600 0.280300 0.222700 0.201900
Topi 0.131600 0.599200 0.253000 0.485300 0.160100 0.131400 0.176100 0.221200 0.219100 0.299500 0.095500 0.234000 0.000000 0.162400 0.196300 0.258900 0.316800 0.270100 0.154100 0.217700 0.216700 0.159300 0.310500 0.300200 0.104100 0.227600 0.047000 0.211700 0.198800 0.212800 0.300700 0.175900 0.223500 0.039900 0.137900 0.242400 0.118100 0.158100 0.178000 0.332400 0.296600 0.213500 0.283200 0.302000 0.260400 0.219100 0.232200 0.207700 0.164900 0.295300 0.235800 0.214000
CommonDuik 0.115600 0.575300 0.251100 0.488200 0.151200 0.115500 0.072600 0.203300 0.217600 0.270300 0.103800 0.247500 0.162400 0.000000 0.194500 0.216000 0.221800 0.275000 0.197300 0.216300 0.182700 0.142800 0.280900 0.288300 0.103200 0.193800 0.163300 0.210000 0.166000 0.228400 0.271300 0.058900 0.198000 0.154500 0.181900 0.239600 0.131900 0.164300 0.160800 0.320100 0.267200 0.180300 0.271300 0.290600 0.257300 0.185700 0.214300 0.222200 0.163600 0.267500 0.217500 0.212500
Suni 0.170600 0.630400 0.259700 0.529200 0.183600 0.170500 0.215300 0.205200 0.226800 0.313400 0.130000 0.239700 0.196300 0.194500 0.000000 0.281600 0.278200 0.251100 0.184300 0.225500 0.207900 0.190800 0.316200 0.296400 0.143600 0.250500 0.188900 0.219800 0.238500 0.205400 0.296800 0.215100 0.238500 0.180100 0.176600 0.216300 0.142500 0.196400 0.201700 0.327800 0.311000 0.237100 0.314600 0.298700 0.232900 0.210700 0.223500 0.247800 0.189000 0.292400 0.243300 0.221900
Springbuck 0.230700 0.637700 0.307400 0.535400 0.236400 0.230300 0.236900 0.195500 0.257500 0.329000 0.205400 0.286700 0.258900 0.216000 0.281600 0.000000 0.336900 0.377000 0.266800 0.255800 0.205600 0.242600 0.396200 0.366100 0.219100 0.101600 0.234700 0.266300 0.076100 0.286500 0.366200 0.236800 0.354300 0.224900 0.253300 0.295400 0.217400 0.218500 0.184200 0.388400 0.362600 0.082700 0.366400 0.368800 0.313800 0.272800 0.221000 0.296200 0.242800 0.333500 0.226000 0.269900
Okapi 0.228800 0.637600 0.347800 0.519500 0.274700 0.244500 0.276200 0.315200 0.314400 0.290400 0.236400 0.341000 0.316800 0.221800 0.278200 0.336900 0.000000 0.145200 0.281000 0.312300 0.301500 0.289700 0.318400 0.308500 0.233000 0.347400 0.318600 0.324800 0.300500 0.345500 0.274800 0.275200 0.290400 0.307600 0.284800 0.325400 0.264500 0.271900 0.312700 0.304300 0.304800 0.334000 0.291900 0.327800 0.326900 0.286100 0.368300 0.311400 0.249200 0.394000 0.296200 0.309800
Giraffe 0.250300 0.693400 0.334700 0.558600 0.296700 0.266400 0.331700 0.320400 0.319800 0.286000 0.241900 0.346700 0.270100 0.275000 0.251100 0.377000 0.145200 0.000000 0.223600 0.317600 0.360000 0.277900 0.312800 0.278100 0.238400 0.359600 0.271400 0.312300 0.348700 0.296900 0.270000 0.313500 0.247500 0.261400 0.241400 0.314000 0.253300 0.293800 0.335100 0.282400 0.299600 0.338600 0.286900 0.304800 0.332500 0.307800 0.373300 0.315400 0.270900 0.397600 0.337300 0.315200
TibetanAnt 0.143900 0.621900 0.277400 0.515400 0.186800 0.143700 0.217800 0.223400 0.245400 0.324000 0.111100 0.258300 0.154100 0.197300 0.184300 0.266800 0.281000 0.223600 0.000000 0.260000 0.234400 0.163100 0.317500 0.315300 0.118100 0.243600 0.147200 0.254500 0.240300 0.256300 0.307500 0.217500 0.218100 0.139100 0.165200 0.227400 0.124300 0.170400 0.189400 0.310600 0.321500 0.238700 0.325300 0.317100 0.243800 0.183600 0.264800 0.217900 0.192000 0.319800 0.278300 0.257200
Sitatunga 0.212900 0.648300 0.097900 0.499900 0.237700 0.212600 0.221500 0.268200 0.025800 0.288000 0.170700 0.221700 0.217700 0.216300 0.225500 0.255800 0.312300 0.317600 0.260000 0.000000 0.246700 0.242200 0.289100 0.278900 0.168100 0.258000 0.210000 0.032500 0.212600 0.059800 0.315200 0.221300 0.297200 0.200500 0.180900 0.247800 0.166900 0.202600 0.240300 0.358400 0.293200 0.243900 0.315300 0.298800 0.248600 0.248900 0.261900 0.236000 0.195400 0.283900 0.059400 0.060000
Oribi 0.158700 0.628500 0.299000 0.520900 0.202800 0.158500 0.203800 0.126400 0.248300 0.260300 0.148100 0.245000 0.216700 0.182700 0.207900 0.205600 0.301500 0.360000 0.234400 0.246700 0.000000 0.156000 0.262700 0.277800 0.162000 0.162200 0.209000 0.241000 0.164200 0.259900 0.261100 0.203700 0.259900 0.199700 0.180600 0.253500 0.160700 0.216400 0.143900 0.291200 0.256700 0.156100 0.261200 0.279600 0.288200 0.215100 0.166700 0.253300 0.193200 0.315800 0.247900 0.226400
BarbaryShe 0.105500 0.613700 0.277000 0.491700 0.147900 0.105300 0.163200 0.191000 0.243800 0.290500 0.086400 0.250100 0.159300 0.142800 0.190800 0.242600 0.289700 0.277900 0.163100 0.242200 0.156000 0.000000 0.301300 0.308800 0.093400 0.205300 0.152100 0.236000 0.200500 0.238100 0.291500 0.162900 0.232400 0.143700 0.155500 0.242200 0.085800 0.175700 0.149700 0.286400 0.287500 0.199100 0.291600 0.310800 0.276400 0.189300 0.210000 0.209300 0.152000 0.303900 0.260500 0.239000
Daviddeer 0.271200 0.693400 0.342900 0.624400 0.339400 0.288300 0.303800 0.301200 0.282700 0.097400 0.263300 0.322200 0.310500 0.280900 0.316200 0.396200 0.318400 0.312800 0.317500 0.289100 0.262700 0.301300 0.000000 0.097400 0.259400 0.333600 0.312100 0.275400 0.329500 0.303600 0.084000 0.321300 0.317100 0.300900 0.287400 0.331200 0.274700 0.299400 0.317100 0.152500 0.038400 0.328200 0.084000 0.084400 0.351000 0.306600 0.319600 0.332500 0.294600 0.315000 0.300300 0.260800
Reindeer 0.278900 0.687400 0.332100 0.628000 0.328300 0.278300 0.293800 0.299900 0.272600 0.117800 0.253400 0.311500 0.300200 0.288300 0.296400 0.366100 0.308500 0.278100 0.315300 0.278900 0.277800 0.308800 0.097400 0.000000 0.249500 0.313600 0.301700 0.248000 0.301000 0.293000 0.118000 0.293400 0.273000 0.290700 0.285800 0.302800 0.282500 0.289200 0.296500 0.129800 0.098600 0.292200 0.118100 0.050700 0.303700 0.304700 0.299600 0.295600 0.283600 0.321900 0.290100 0.250800
Ibex 0.053000 0.551400 0.202800 0.466200 0.123400 0.052900 0.138700 0.166900 0.169200 0.266500 0.015300 0.194500 0.104100 0.103200 0.143600 0.219100 0.233000 0.238400 0.118100 0.168100 0.162000 0.093400 0.259400 0.249500 0.000000 0.188900 0.097100 0.161500 0.160600 0.163000 0.267400 0.123600 0.177200 0.089200 0.101700 0.202700 0.039900 0.121900 0.110400 0.297800 0.245600 0.174900 0.267500 0.251100 0.219600 0.135400 0.193700 0.169100 0.111800 0.263100 0.185100 0.163600
GyrantGaze 0.200600 0.634000 0.284500 0.554100 0.214100 0.200400 0.214600 0.189200 0.259600 0.305400 0.175400 0.239700 0.227600 0.193800 0.250500 0.101600 0.347400 0.359600 0.243600 0.258000 0.162200 0.205300 0.333600 0.313600 0.188900 0.000000 0.204100 0.252300 0.063500 0.271000 0.323400 0.198800 0.303600 0.210600 0.238700 0.247700 0.195600 0.211800 0.170400 0.363800 0.319700 0.018500 0.323500 0.316000 0.281500 0.257700 0.222600 0.264100 0.213700 0.308800 0.276500 0.254800
Hartebeest 0.124400 0.602600 0.245200 0.464500 0.123200 0.124300 0.168800 0.213600 0.211300 0.301000 0.088200 0.226700 0.047000 0.163300 0.188900 0.234700 0.318600 0.271400 0.147200 0.210000 0.209000 0.152100 0.312100 0.301700 0.097100 0.204100 0.000000 0.203900 0.175800 0.205000 0.302100 0.168600 0.224500 0.019800 0.130800 0.234800 0.111000 0.121700 0.170600 0.334000 0.298200 0.190100 0.284600 0.285800 0.252500 0.196200 0.224700 0.200300 0.157400 0.279500 0.228000 0.206200
Bongo 0.206700 0.639400 0.091800 0.493900 0.231800 0.206400 0.215400 0.262600 0.019500 0.292000 0.164000 0.199700 0.211700 0.210000 0.219800 0.266300 0.324800 0.312300 0.254500 0.032500 0.241000 0.236000 0.275400 0.248000 0.161500 0.252300 0.203900 0.000000 0.222900 0.053500 0.301300 0.215200 0.291700 0.194500 0.175000 0.225900 0.160400 0.196600 0.217700 0.353100 0.279200 0.237800 0.301400 0.284900 0.226600 0.243300 0.248600 0.238500 0.189400 0.287500 0.066600 0.053600
Gerenuk 0.188200 0.606800 0.247200 0.520700 0.186100 0.188100 0.186800 0.184400 0.214000 0.283600 0.162400 0.243400 0.198800 0.166000 0.238500 0.076100 0.300500 0.348700 0.240300 0.212600 0.164200 0.200500 0.329500 0.301000 0.160600 0.063500 0.175800 0.222900 0.000000 0.241600 0.319600 0.186600 0.291900 0.182300 0.226500 0.251600 0.190600 0.184200 0.157800 0.332300 0.297300 0.044500 0.319700 0.303400 0.286300 0.245800 0.210800 0.252000 0.208000 0.314500 0.230200 0.225500
CommonElan 0.208500 0.665800 0.078700 0.521300 0.233600 0.208100 0.233700 0.264200 0.060200 0.302300 0.165600 0.233800 0.212800 0.228400 0.205400 0.286500 0.345500 0.296900 0.256300 0.059800 0.259900 0.238100 0.303600 0.293000 0.163000 0.271000 0.205000 0.053500 0.241600 0.000000 0.311800 0.233500 0.293800 0.195400 0.176300 0.260700 0.161900 0.198200 0.253200 0.384200 0.307900 0.256600 0.311900 0.313600 0.261600 0.261800 0.258200 0.266500 0.207300 0.315600 0.095600 0.047000
MuntiacusR 0.262000 0.645100 0.314700 0.602100 0.310500 0.278800 0.294100 0.282000 0.308800 0.035300 0.253700 0.312000 0.300700 0.271300 0.296800 0.366200 0.274800 0.270000 0.307500 0.315200 0.261100 0.291500 0.084000 0.118000 0.267400 0.323400 0.302100 0.301300 0.319600 0.311800 0.000000 0.311300 0.290500 0.291100 0.286200 0.303300 0.265300 0.306900 0.315100 0.130500 0.058000 0.318100 0.023700 0.104700 0.322200 0.322700 0.317600 0.313100 0.267400 0.287800 0.326800 0.286600
HarveysDui 0.150600 0.616800 0.248000 0.516100 0.171600 0.150400 0.078400 0.208500 0.222600 0.310200 0.124500 0.236000 0.175900 0.058900 0.215100 0.236800 0.275200 0.313500 0.217500 0.221300 0.203700 0.162900 0.321300 0.293400 0.123600 0.198800 0.168600 0.215200 0.186600 0.233500 0.311300 0.000000 0.202900 0.159900 0.187100 0.228300 0.152500 0.184600 0.181400 0.342900 0.307600 0.200900 0.311400 0.295500 0.245500 0.206200 0.219000 0.211300 0.169000 0.289200 0.222600 0.217700
Pronghorn 0.189200 0.660600 0.307000 0.577700 0.275800 0.188900 0.234900 0.297500 0.299400 0.289500 0.179800 0.260900 0.223500 0.198000 0.238500 0.354300 0.290400 0.247500 0.218100 0.297200 0.259900 0.232400 0.317100 0.273000 0.177200 0.303600 0.224500 0.291700 0.291900 0.293800 0.290500 0.202900 0.000000 0.215200 0.210900 0.214300 0.207200 0.272200 0.277800 0.319700 0.286400 0.307900 0.290500 0.274800 0.214700 0.238000 0.258000 0.300800 0.240700 0.261800 0.316700 0.294700
BlueWildeb 0.116300 0.582300 0.235300 0.471900 0.144400 0.116200 0.160100 0.204300 0.201800 0.290100 0.080300 0.217000 0.039900 0.154500 0.180100 0.224900 0.307600 0.261400 0.139100 0.200500 0.199700 0.143700 0.300900 0.290700 0.089200 0.210600 0.019800 0.194500 0.182300 0.195400 0.291100 0.159900 0.215200 0.000000 0.122700 0.225200 0.103000 0.142600 0.161700 0.322600 0.287100 0.196700 0.273900 0.292500 0.242600 0.202700 0.215400 0.191100 0.148600 0.286200 0.218200 0.196600
Gemsbok 0.114000 0.609100 0.214900 0.483000 0.186900 0.113800 0.172100 0.185400 0.182000 0.285200 0.093700 0.212800 0.137900 0.181900 0.176600 0.253300 0.284800 0.241400 0.165200 0.180900 0.180600 0.155500 0.287400 0.285800 0.101700 0.238700 0.130800 0.175000 0.226500 0.176300 0.286200 0.187100 0.210900 0.122700 0.000000 0.221200 0.086800 0.169700 0.174000 0.316900 0.281900 0.225000 0.286400 0.287200 0.221800 0.183500 0.181100 0.187900 0.160200 0.280400 0.197700 0.161400
Yak 0.214500 0.669100 0.291200 0.570700 0.243900 0.214100 0.244500 0.300500 0.249400 0.319900 0.189000 0.107300 0.242400 0.239600 0.216300 0.295400 0.325400 0.314000 0.227400 0.247800 0.253500 0.242200 0.331200 0.302800 0.202700 0.247700 0.234800 0.225900 0.251600 0.260700 0.303300 0.228300 0.214300 0.225200 0.221200 0.000000 0.217200 0.257400 0.246800 0.316100 0.317300 0.250500 0.321200 0.322500 0.049100 0.239800 0.301000 0.278300 0.219100 0.313600 0.249000 0.228000
BlueSheep 0.065900 0.556200 0.201300 0.438500 0.137200 0.065800 0.152700 0.165700 0.168000 0.264400 0.030600 0.208900 0.118100 0.131900 0.142500 0.217400 0.264500 0.253300 0.124300 0.166900 0.160700 0.085800 0.274700 0.282500 0.039900 0.195600 0.111000 0.160400 0.190600 0.161900 0.265300 0.152500 0.207200 0.103000 0.086800 0.217200 0.000000 0.135600 0.124200 0.313900 0.260900 0.189300 0.265400 0.284200 0.217900 0.164100 0.207700 0.183600 0.126000 0.260600 0.183700 0.162400
BohorReedb 0.148600 0.622300 0.236500 0.521300 0.083800 0.148400 0.184900 0.213400 0.203800 0.305800 0.114200 0.248900 0.158100 0.164300 0.196400 0.218500 0.271900 0.293800 0.170400 0.202600 0.216400 0.175700 0.299400 0.289200 0.121900 0.211800 0.121700 0.196600 0.184200 0.198200 0.306900 0.184600 0.272200 0.142600 0.169700 0.257400 0.135600 0.000000 0.163700 0.338300 0.303100 0.198400 0.307000 0.291100 0.267000 0.219100 0.224100 0.256700 0.166500 0.302200 0.203700 0.214800
KirksDik 0.122700 0.594000 0.292400 0.511800 0.165700 0.122500 0.181800 0.134700 0.225200 0.296700 0.101100 0.255300 0.178000 0.160800 0.201700 0.184200 0.312700 0.335100 0.189400 0.240300 0.143900 0.149700 0.317100 0.296500 0.110400 0.170400 0.170600 0.217700 0.157800 0.253200 0.315100 0.181400 0.277800 0.161700 0.174000 0.246800 0.124200 0.163700 0.000000 0.328300 0.311200 0.156800 0.315100 0.316700 0.281700 0.193200 0.175400 0.213800 0.170700 0.327900 0.241800 0.236900
RoeDeer 0.291800 0.689100 0.403800 0.642300 0.298500 0.309100 0.325200 0.349500 0.360600 0.158900 0.284500 0.361800 0.332400 0.320100 0.327800 0.388400 0.304300 0.282400 0.310600 0.358400 0.291200 0.286400 0.152500 0.129800 0.297800 0.363800 0.334000 0.353100 0.332300 0.384200 0.130500 0.342900 0.319700 0.322600 0.316900 0.316100 0.313900 0.338300 0.328300 0.000000 0.139500 0.349800 0.145000 0.124200 0.353700 0.335400 0.330700 0.325500 0.286300 0.373700 0.379900 0.338300
WhiteLippe 0.257600 0.686100 0.347600 0.607400 0.325300 0.274800 0.290200 0.295400 0.286700 0.071100 0.249300 0.308300 0.296600 0.267200 0.311000 0.362600 0.304800 0.299600 0.321500 0.293200 0.256700 0.287500 0.038400 0.098600 0.245600 0.319700 0.298200 0.279200 0.297300 0.307900 0.058000 0.307600 0.286400 0.287100 0.281900 0.317300 0.260900 0.303100 0.311200 0.139500 0.000000 0.314000 0.058000 0.085400 0.337200 0.318700 0.314300 0.327100 0.273200 0.284100 0.304600 0.264500
ThomsonGaz 0.186900 0.604600 0.278400 0.528600 0.200500 0.186600 0.201300 0.183300 0.245400 0.300300 0.161000 0.242000 0.213500 0.180300 0.237100 0.082700 0.334000 0.338600 0.238700 0.243900 0.156100 0.199100 0.328200 0.292200 0.174900 0.018500 0.190100 0.237800 0.044500 0.256600 0.318100 0.200900 0.307900 0.196700 0.225000 0.250500 0.189300 0.198400 0.156800 0.349800 0.314000 0.000000 0.318200 0.302100 0.284900 0.244200 0.209400 0.250000 0.206600 0.312600 0.262200 0.240300
MuntiacusC 0.262100 0.645800 0.333100 0.602400 0.328900 0.278800 0.294100 0.282100 0.308900 0.035400 0.253800 0.312200 0.283200 0.271300 0.314600 0.366400 0.291900 0.286900 0.325300 0.315300 0.261200 0.291600 0.084000 0.118100 0.267500 0.323500 0.284600 0.301400 0.319700 0.311900 0.023700 0.311400 0.290500 0.273900 0.286400 0.321200 0.265400 0.307000 0.315100 0.145000 0.058000 0.318200 0.000000 0.104800 0.340600 0.322800 0.317600 0.313300 0.267500 0.287900 0.326900 0.286700
WhiteTaile 0.280500 0.667400 0.353000 0.623100 0.312700 0.280000 0.295800 0.301600 0.292300 0.118400 0.255000 0.331700 0.302000 0.290600 0.298700 0.368800 0.327800 0.304800 0.317100 0.298800 0.279600 0.310800 0.084400 0.050700 0.251100 0.316000 0.285800 0.284900 0.303400 0.313600 0.104700 0.295500 0.274800 0.292500 0.287200 0.322500 0.284200 0.291100 0.316700 0.124200 0.085400 0.302100 0.104800 0.000000 0.323800 0.289300 0.301600 0.314400 0.286300 0.289700 0.310500 0.270300
Cattle 0.231500 0.724100 0.292100 0.574500 0.270200 0.215100 0.262100 0.319200 0.250200 0.339200 0.206400 0.121100 0.260400 0.257300 0.232900 0.313800 0.326900 0.332500 0.243800 0.248600 0.288200 0.276400 0.351000 0.303700 0.219600 0.281500 0.252500 0.226600 0.286300 0.261600 0.322200 0.245500 0.214700 0.242600 0.221800 0.049100 0.217900 0.267000 0.281700 0.353700 0.337200 0.284900 0.340600 0.323800 0.000000 0.240700 0.285400 0.296300 0.237300 0.297600 0.250000 0.228800
RoyalAntel 0.162200 0.657200 0.300200 0.561100 0.221800 0.162100 0.191200 0.204500 0.234200 0.321500 0.136500 0.247300 0.219100 0.185700 0.210700 0.272800 0.286100 0.307800 0.183600 0.248900 0.215100 0.189300 0.306600 0.304700 0.135400 0.257700 0.196200 0.243300 0.245800 0.261800 0.322700 0.206200 0.238000 0.202700 0.183500 0.239800 0.164100 0.219100 0.193200 0.335400 0.318700 0.244200 0.322800 0.289300 0.240700 0.000000 0.261900 0.191500 0.196200 0.266600 0.267200 0.229200
Steenbok 0.205300 0.687000 0.296300 0.511900 0.242500 0.189600 0.204000 0.157200 0.255700 0.299900 0.180100 0.309300 0.232200 0.214300 0.223500 0.221000 0.368300 0.373300 0.264800 0.261900 0.166700 0.210000 0.319600 0.299600 0.193700 0.222600 0.224700 0.248600 0.210800 0.258200 0.317600 0.219000 0.258000 0.215400 0.181100 0.301000 0.207700 0.224100 0.175400 0.330700 0.314300 0.209400 0.317600 0.301600 0.285400 0.261900 0.000000 0.227700 0.224800 0.304300 0.265200 0.242400
Impala 0.197000 0.642100 0.288900 0.491100 0.260100 0.196700 0.195500 0.225200 0.229400 0.312000 0.154800 0.252800 0.207700 0.222200 0.247800 0.296200 0.311400 0.315400 0.217900 0.236000 0.253300 0.209300 0.332500 0.295600 0.169100 0.264100 0.200300 0.238500 0.252000 0.266500 0.313100 0.211300 0.300800 0.191100 0.187900 0.278300 0.183600 0.256700 0.213800 0.325500 0.327100 0.250000 0.313300 0.314400 0.296300 0.191500 0.227700 0.000000 0.186100 0.289800 0.262300 0.232400
Klipspring 0.139400 0.561500 0.230700 0.479400 0.153100 0.139200 0.169200 0.190400 0.196400 0.266500 0.097300 0.210600 0.164900 0.163600 0.189000 0.242800 0.249200 0.270900 0.192000 0.195400 0.193200 0.152000 0.294600 0.283600 0.111800 0.213700 0.157400 0.189400 0.208000 0.207300 0.267400 0.169000 0.240700 0.148600 0.160200 0.219100 0.126000 0.166500 0.170700 0.286300 0.273200 0.206600 0.267500 0.286300 0.237300 0.196200 0.224800 0.186100 0.000000 0.280100 0.229600 0.207700
ForestMusk 0.274500 0.721800 0.346300 0.587600 0.306500 0.257200 0.272300 0.319900 0.294800 0.303600 0.249400 0.280300 0.295300 0.267500 0.292400 0.333500 0.394000 0.397600 0.319800 0.283900 0.315800 0.303900 0.315000 0.321900 0.263100 0.308800 0.279500 0.287500 0.314500 0.315600 0.287800 0.289200 0.261800 0.286200 0.280400 0.313600 0.260600 0.302200 0.327900 0.373700 0.284100 0.312600 0.287900 0.289700 0.297600 0.266600 0.304300 0.289800 0.280100 0.000000 0.320700 0.298600
Bushbuck 0.230700 0.670700 0.134100 0.511700 0.255600 0.230500 0.222800 0.269800 0.059700 0.299200 0.187900 0.222700 0.235800 0.217500 0.243300 0.226000 0.296200 0.337300 0.278300 0.059400 0.247900 0.260500 0.300300 0.290100 0.185100 0.276500 0.228000 0.066600 0.230200 0.095600 0.326800 0.222600 0.316700 0.218200 0.197700 0.249000 0.183700 0.203700 0.241800 0.379900 0.304600 0.262200 0.326900 0.310500 0.250000 0.267200 0.265200 0.262300 0.229600 0.320700 0.000000 0.067400
GreaterKud 0.209200 0.652300 0.106800 0.500100 0.251200 0.208900 0.201600 0.248400 0.060300 0.277400 0.166200 0.201900 0.214000 0.212500 0.221900 0.269900 0.309800 0.315200 0.257200 0.060000 0.226400 0.239000 0.260800 0.250800 0.163600 0.254800 0.206200 0.053600 0.225500 0.047000 0.286600 0.217700 0.294700 0.196600 0.161400 0.228000 0.162400 0.214800 0.236900 0.338300 0.264500 0.240300 0.286700 0.270300 0.228800 0.229200 0.242400 0.232400 0.207700 0.298600 0.067400 0.000000
