CODONML (in paml version 4.10.7, June 2023)  /home/rachel/ruminants_paml/6406-phy-tree/ENSBTAT00000009250.fasta.phy
Model: free dN/dS Ratios for branches,  kappa = 2.000 fixed

Codon frequency model: F3x4
ns =  54  ls =  42

Codon usage in sequences
--------------------------------------------------------------------------------------------------------------------------------------
Phe TTT   1   1   1   1   2   2 | Ser TCT   0   0   0   0   0   0 | Tyr TAT   0   0   0   0   0   0 | Cys TGT   0   0   0   0   0   0
    TTC   2   2   2   2   1   1 |     TCC   0   0   0   0   0   0 |     TAC   1   1   1   1   1   1 |     TGC   0   0   0   0   0   0
Leu TTA   1   0   0   0   0   0 |     TCA   0   0   1   0   0   0 | *** TAA   0   0   0   0   0   0 | *** TGA   0   0   0   0   0   0
    TTG   0   1   1   0   1   1 |     TCG   0   0   0   0   0   0 |     TAG   0   0   0   0   0   0 | Trp TGG   0   0   0   0   0   0
--------------------------------------------------------------------------------------------------------------------------------------
Leu CTT   0   0   0   0   1   1 | Pro CCT   2   1   2   2   2   1 | His CAT   0   0   0   0   0   0 | Arg CGT   0   0   0   0   0   0
    CTC   1   1   1   1   0   0 |     CCC   0   1   0   0   0   1 |     CAC   0   0   0   0   0   0 |     CGC   0   0   0   0   0   0
    CTA   0   0   0   0   0   0 |     CCA   2   1   1   0   1   1 | Gln CAA   1   0   1   0   0   0 |     CGA   0   0   0   0   0   0
    CTG   1   1   1   1   1   1 |     CCG   0   0   0   1   0   0 |     CAG   1   2   1   2   2   2 |     CGG   0   0   0   0   0   0
--------------------------------------------------------------------------------------------------------------------------------------
Ile ATT   1   2   1   1   1   2 | Thr ACT   0   0   0   0   1   0 | Asn AAT   0   0   0   0   1   0 | Ser AGT   1   0   1   1   0   2
    ATC   1   0   1   1   1   1 |     ACC   2   2   2   2   0   1 |     AAC   1   2   1   1   1   0 |     AGC   1   1   1   1   1   1
    ATA   0   0   0   0   0   0 |     ACA   0   0   0   0   0   0 | Lys AAA   2   2   2   2   2   2 | Arg AGA   0   0   0   0   0   0
Met ATG   3   4   3   3   4   4 |     ACG   1   0   1   1   1   1 |     AAG   1   1   1   1   1   1 |     AGG   0   0   0   0   0   0
--------------------------------------------------------------------------------------------------------------------------------------
Val GTT   1   2   1   1   2   1 | Ala GCT   1   1   1   1   1   0 | Asp GAT   0   0   0   0   0   0 | Gly GGT   1   0   1   1   1   1
    GTC   4   4   4   3   4   3 |     GCC   0   0   0   0   1   1 |     GAC   0   0   0   0   0   0 |     GGC   2   3   2   2   2   2
    GTA   0   0   0   0   0   0 |     GCA   2   2   2   3   2   2 | Glu GAA   2   2   2   1   2   2 |     GGA   1   0   1   1   1   1
    GTG   1   0   1   3   0   0 |     GCG   0   1   0   0   0   1 |     GAG   0   0   0   1   0   1 |     GGG   0   1   0   0   0   0
--------------------------------------------------------------------------------------------------------------------------------------

--------------------------------------------------------------------------------------------------------------------------------------
Phe TTT   1   1   1   1   1   1 | Ser TCT   0   0   0   0   0   0 | Tyr TAT   0   0   0   0   0   0 | Cys TGT   0   0   0   0   0   0
    TTC   2   2   2   2   2   2 |     TCC   0   0   0   0   0   0 |     TAC   1   1   1   1   1   1 |     TGC   0   0   0   0   0   0
Leu TTA   1   1   1   0   0   0 |     TCA   1   0   0   0   0   0 | *** TAA   0   0   0   0   0   0 | *** TGA   0   0   0   0   0   0
    TTG   0   0   0   0   1   0 |     TCG   0   0   0   1   0   0 |     TAG   0   0   0   0   0   0 | Trp TGG   0   0   0   0   0   1
--------------------------------------------------------------------------------------------------------------------------------------
Leu CTT   0   0   0   0   0   0 | Pro CCT   2   2   2   2   2   2 | His CAT   0   0   0   0   0   0 | Arg CGT   0   0   0   0   0   0
    CTC   1   1   1   1   1   0 |     CCC   1   0   0   0   0   0 |     CAC   0   0   0   0   0   0 |     CGC   0   0   0   0   0   0
    CTA   0   0   0   0   0   0 |     CCA   1   2   2   2   2   1 | Gln CAA   1   1   1   1   1   0 |     CGA   0   0   0   0   0   0
    CTG   1   1   1   1   1   2 |     CCG   0   0   0   0   0   0 |     CAG   1   1   1   1   1   2 |     CGG   0   0   0   0   0   0
--------------------------------------------------------------------------------------------------------------------------------------
Ile ATT   1   1   1   1   1   1 | Thr ACT   1   0   0   0   0   0 | Asn AAT   0   0   0   0   0   0 | Ser AGT   1   1   1   1   1   1
    ATC   1   1   1   1   1   1 |     ACC   1   2   2   2   2   2 |     AAC   1   1   1   1   1   1 |     AGC   1   1   1   1   1   1
    ATA   0   0   0   0   0   0 |     ACA   0   0   0   0   0   0 | Lys AAA   2   2   2   2   2   2 | Arg AGA   0   0   0   0   0   0
Met ATG   3   3   3   3   3   3 |     ACG   1   1   1   1   1   1 |     AAG   1   1   1   1   1   1 |     AGG   0   0   0   0   0   0
--------------------------------------------------------------------------------------------------------------------------------------
Val GTT   1   1   1   1   1   1 | Ala GCT   1   1   1   1   1   1 | Asp GAT   0   0   0   0   0   0 | Gly GGT   2   1   1   1   1   1
    GTC   4   4   4   4   4   4 |     GCC   0   0   1   0   0   0 |     GAC   0   0   0   0   0   0 |     GGC   1   2   1   2   2   2
    GTA   0   0   0   0   0   0 |     GCA   1   2   1   2   2   3 | Glu GAA   2   2   2   2   2   1 |     GGA   1   1   1   1   1   1
    GTG   1   1   1   1   1   1 |     GCG   0   0   0   0   0   0 |     GAG   0   0   0   0   0   1 |     GGG   0   0   1   0   0   0
--------------------------------------------------------------------------------------------------------------------------------------

--------------------------------------------------------------------------------------------------------------------------------------
Phe TTT   1   1   1   2   1   1 | Ser TCT   0   0   0   0   0   0 | Tyr TAT   0   0   0   0   0   0 | Cys TGT   0   0   0   0   0   0
    TTC   2   2   2   1   2   2 |     TCC   0   0   0   0   0   0 |     TAC   1   1   1   1   1   1 |     TGC   0   0   0   0   0   0
Leu TTA   1   0   1   1   0   0 |     TCA   0   1   0   0   0   0 | *** TAA   0   0   0   0   0   0 | *** TGA   0   0   0   0   0   0
    TTG   0   1   0   0   1   1 |     TCG   0   0   0   0   0   0 |     TAG   0   0   0   0   0   0 | Trp TGG   0   0   0   0   0   0
--------------------------------------------------------------------------------------------------------------------------------------
Leu CTT   0   0   0   0   0   0 | Pro CCT   2   2   2   2   1   2 | His CAT   0   0   0   0   0   0 | Arg CGT   0   0   0   0   0   0
    CTC   1   1   1   1   1   1 |     CCC   0   0   0   0   0   0 |     CAC   0   0   0   0   0   0 |     CGC   0   0   0   0   0   0
    CTA   0   0   0   0   0   0 |     CCA   2   1   2   2   2   2 | Gln CAA   1   1   1   1   1   1 |     CGA   0   0   0   0   0   0
    CTG   1   1   1   1   1   1 |     CCG   0   0   0   0   1   0 |     CAG   1   1   1   1   1   1 |     CGG   0   0   0   0   0   0
--------------------------------------------------------------------------------------------------------------------------------------
Ile ATT   1   1   2   1   2   1 | Thr ACT   0   0   0   0   0   0 | Asn AAT   0   0   0   0   0   0 | Ser AGT   1   1   1   1   1   1
    ATC   1   1   1   1   1   1 |     ACC   2   2   2   2   2   2 |     AAC   1   1   1   1   1   1 |     AGC   1   1   1   1   1   1
    ATA   0   0   0   0   0   0 |     ACA   0   0   0   0   1   0 | Lys AAA   2   2   2   1   2   2 | Arg AGA   0   0   0   1   0   0
Met ATG   3   3   3   3   3   3 |     ACG   1   1   1   1   0   1 |     AAG   1   1   1   1   1   1 |     AGG   0   0   0   0   0   0
--------------------------------------------------------------------------------------------------------------------------------------
Val GTT   1   1   0   1   1   1 | Ala GCT   1   1   1   1   1   1 | Asp GAT   0   0   0   0   0   0 | Gly GGT   1   1   1   1   2   1
    GTC   4   4   4   3   3   4 |     GCC   0   0   0   0   0   0 |     GAC   0   0   0   0   0   0 |     GGC   2   2   2   2   1   2
    GTA   0   0   0   0   0   0 |     GCA   2   2   2   2   2   2 | Glu GAA   2   2   2   2   2   2 |     GGA   1   1   1   1   1   1
    GTG   1   1   1   2   1   1 |     GCG   0   0   0   0   0   0 |     GAG   0   0   0   0   0   0 |     GGG   0   0   0   0   0   0
--------------------------------------------------------------------------------------------------------------------------------------

--------------------------------------------------------------------------------------------------------------------------------------
Phe TTT   1   1   1   1   1   1 | Ser TCT   1   1   0   0   0   0 | Tyr TAT   0   0   0   0   0   0 | Cys TGT   0   0   0   0   0   0
    TTC   2   2   2   2   2   2 |     TCC   0   0   0   0   0   0 |     TAC   1   1   1   1   1   1 |     TGC   0   0   0   0   0   0
Leu TTA   0   0   1   0   0   1 |     TCA   0   0   0   1   0   0 | *** TAA   0   0   0   0   0   0 | *** TGA   0   0   0   0   0   0
    TTG   1   1   0   1   1   0 |     TCG   0   0   0   0   0   0 |     TAG   0   0   0   0   0   0 | Trp TGG   0   0   0   0   0   0
--------------------------------------------------------------------------------------------------------------------------------------
Leu CTT   1   1   0   0   0   0 | Pro CCT   2   2   2   2   2   2 | His CAT   0   0   0   0   0   0 | Arg CGT   0   0   0   0   0   0
    CTC   0   0   1   1   1   1 |     CCC   0   0   0   0   0   0 |     CAC   0   0   0   0   0   0 |     CGC   0   0   0   0   0   0
    CTA   0   0   0   0   0   0 |     CCA   1   1   2   1   2   2 | Gln CAA   0   0   1   1   1   1 |     CGA   0   0   0   0   0   0
    CTG   1   1   1   1   1   1 |     CCG   0   0   0   0   0   0 |     CAG   2   2   1   1   0   1 |     CGG   0   0   0   0   1   0
--------------------------------------------------------------------------------------------------------------------------------------
Ile ATT   1   1   1   1   1   1 | Thr ACT   0   0   0   0   0   0 | Asn AAT   0   0   0   0   0   0 | Ser AGT   1   1   1   1   1   1
    ATC   1   1   1   1   1   1 |     ACC   2   2   2   2   2   2 |     AAC   1   1   1   1   1   1 |     AGC   1   1   1   1   1   1
    ATA   0   0   0   0   0   0 |     ACA   0   0   0   0   0   0 | Lys AAA   2   2   2   2   2   2 | Arg AGA   0   0   0   0   0   0
Met ATG   3   3   3   3   3   3 |     ACG   1   1   1   1   1   1 |     AAG   1   1   1   1   1   1 |     AGG   0   0   0   0   0   0
--------------------------------------------------------------------------------------------------------------------------------------
Val GTT   1   1   1   1   1   1 | Ala GCT   0   0   1   1   1   1 | Asp GAT   0   0   0   0   0   0 | Gly GGT   0   0   1   1   1   1
    GTC   4   4   4   4   3   4 |     GCC   0   0   1   0   0   0 |     GAC   0   0   0   0   0   0 |     GGC   2   2   2   2   2   2
    GTA   0   0   0   0   0   0 |     GCA   3   3   1   2   2   2 | Glu GAA   2   2   2   2   2   2 |     GGA   1   1   1   1   1   1
    GTG   1   1   1   1   2   1 |     GCG   0   0   0   0   0   0 |     GAG   0   0   0   0   0   0 |     GGG   1   1   0   0   0   0
--------------------------------------------------------------------------------------------------------------------------------------

--------------------------------------------------------------------------------------------------------------------------------------
Phe TTT   1   2   1   1   1   1 | Ser TCT   0   0   0   0   0   0 | Tyr TAT   0   0   0   0   0   0 | Cys TGT   0   0   0   0   0   0
    TTC   2   1   2   2   2   2 |     TCC   0   0   0   0   0   0 |     TAC   1   1   1   1   1   1 |     TGC   0   0   0   0   0   0
Leu TTA   0   0   1   0   1   0 |     TCA   0   0   0   0   0   1 | *** TAA   0   0   0   0   0   0 | *** TGA   0   0   0   0   0   0
    TTG   1   1   0   1   0   1 |     TCG   0   0   0   0   0   0 |     TAG   0   0   0   0   0   0 | Trp TGG   0   0   0   0   0   0
--------------------------------------------------------------------------------------------------------------------------------------
Leu CTT   0   1   0   0   0   0 | Pro CCT   2   2   2   2   2   2 | His CAT   0   0   0   0   0   0 | Arg CGT   0   0   0   0   0   0
    CTC   0   0   1   1   1   1 |     CCC   0   0   0   0   0   0 |     CAC   0   0   0   0   0   0 |     CGC   0   0   0   0   0   0
    CTA   0   0   0   0   0   0 |     CCA   1   1   2   2   2   1 | Gln CAA   0   1   1   1   1   1 |     CGA   0   0   0   0   0   0
    CTG   2   1   1   1   1   1 |     CCG   0   0   0   0   0   0 |     CAG   2   2   1   1   1   1 |     CGG   0   0   0   0   0   0
--------------------------------------------------------------------------------------------------------------------------------------
Ile ATT   1   3   1   1   2   1 | Thr ACT   0   0   0   0   0   0 | Asn AAT   0   2   0   0   0   0 | Ser AGT   1   0   1   1   1   1
    ATC   1   1   1   1   1   1 |     ACC   2   0   2   2   2   2 |     AAC   1   1   1   1   1   1 |     AGC   1   0   1   1   1   1
    ATA   0   0   0   0   0   0 |     ACA   0   1   0   0   0   0 | Lys AAA   2   3   2   2   2   2 | Arg AGA   0   0   0   0   0   0
Met ATG   3   3   3   3   3   3 |     ACG   1   0   1   1   1   1 |     AAG   1   0   1   1   1   1 |     AGG   0   0   0   0   0   0
--------------------------------------------------------------------------------------------------------------------------------------
Val GTT   1   2   1   1   0   1 | Ala GCT   1   1   1   1   1   1 | Asp GAT   0   0   0   0   0   0 | Gly GGT   1   1   1   1   1   1
    GTC   4   3   4   4   4   4 |     GCC   0   0   0   0   0   0 |     GAC   0   0   0   0   0   0 |     GGC   2   2   2   2   2   2
    GTA   0   0   0   0   0   0 |     GCA   3   3   2   2   2   2 | Glu GAA   1   1   2   2   2   2 |     GGA   1   2   1   1   1   1
    GTG   1   0   1   1   1   1 |     GCG   0   0   0   0   0   0 |     GAG   1   0   0   0   0   0 |     GGG   0   0   0   0   0   0
--------------------------------------------------------------------------------------------------------------------------------------

--------------------------------------------------------------------------------------------------------------------------------------
Phe TTT   1   1   1   2   1   1 | Ser TCT   0   0   0   0   0   0 | Tyr TAT   0   0   0   0   0   0 | Cys TGT   0   0   0   0   0   0
    TTC   2   2   2   1   2   2 |     TCC   0   0   0   0   0   0 |     TAC   1   1   1   1   1   1 |     TGC   0   0   0   0   0   0
Leu TTA   0   0   0   1   0   1 |     TCA   0   1   0   0   0   0 | *** TAA   0   0   0   0   0   0 | *** TGA   0   0   0   0   0   0
    TTG   1   1   0   0   1   0 |     TCG   0   0   0   0   0   0 |     TAG   0   0   0   0   0   0 | Trp TGG   0   0   1   0   0   0
--------------------------------------------------------------------------------------------------------------------------------------
Leu CTT   0   0   0   0   0   0 | Pro CCT   2   2   3   2   1   2 | His CAT   0   0   0   0   0   0 | Arg CGT   0   0   0   0   0   0
    CTC   1   1   0   1   0   1 |     CCC   0   0   0   0   1   0 |     CAC   0   0   0   0   0   0 |     CGC   0   0   0   0   0   0
    CTA   0   0   0   0   0   0 |     CCA   2   1   0   2   0   1 | Gln CAA   1   1   0   1   0   1 |     CGA   0   0   0   0   0   0
    CTG   1   1   2   1   2   1 |     CCG   0   0   0   0   1   1 |     CAG   1   1   2   1   2   1 |     CGG   0   0   0   0   0   0
--------------------------------------------------------------------------------------------------------------------------------------
Ile ATT   1   1   1   1   1   2 | Thr ACT   0   0   0   0   0   0 | Asn AAT   1   0   0   0   0   0 | Ser AGT   1   1   1   1   1   1
    ATC   1   1   1   1   1   1 |     ACC   2   2   2   2   2   2 |     AAC   0   1   1   1   1   1 |     AGC   1   1   1   1   1   1
    ATA   0   0   0   0   0   0 |     ACA   0   0   0   0   0   0 | Lys AAA   2   2   2   2   2   2 | Arg AGA   0   0   0   0   0   0
Met ATG   3   3   3   3   3   3 |     ACG   1   1   1   1   1   1 |     AAG   1   1   1   1   1   1 |     AGG   0   0   0   0   0   0
--------------------------------------------------------------------------------------------------------------------------------------
Val GTT   1   1   1   1   1   0 | Ala GCT   1   1   1   1   1   1 | Asp GAT   0   0   0   0   0   0 | Gly GGT   1   1   1   1   1   1
    GTC   4   4   4   3   4   4 |     GCC   0   0   0   0   1   0 |     GAC   0   0   0   0   0   0 |     GGC   2   2   2   2   2   2
    GTA   0   0   0   0   0   0 |     GCA   2   2   3   2   2   2 | Glu GAA   2   2   1   2   2   2 |     GGA   1   1   1   1   0   1
    GTG   1   1   1   2   1   1 |     GCG   0   0   0   0   0   0 |     GAG   0   0   1   0   0   0 |     GGG   0   0   0   0   1   0
--------------------------------------------------------------------------------------------------------------------------------------

--------------------------------------------------------------------------------------------------------------------------------------
Phe TTT   1   1   1   1   1   1 | Ser TCT   0   0   0   0   0   0 | Tyr TAT   0   0   0   0   0   0 | Cys TGT   0   0   0   0   0   0
    TTC   2   2   2   2   2   2 |     TCC   0   0   0   0   0   0 |     TAC   1   1   1   1   1   1 |     TGC   0   0   0   0   0   0
Leu TTA   1   0   1   1   0   0 |     TCA   0   1   0   0   0   0 | *** TAA   0   0   0   0   0   0 | *** TGA   0   0   0   0   0   0
    TTG   0   1   0   0   1   1 |     TCG   0   0   0   0   0   0 |     TAG   0   0   0   0   0   0 | Trp TGG   0   0   0   0   0   0
--------------------------------------------------------------------------------------------------------------------------------------
Leu CTT   1   0   0   0   0   0 | Pro CCT   2   2   2   2   2   2 | His CAT   0   0   0   0   0   0 | Arg CGT   0   0   0   0   0   0
    CTC   0   1   1   1   1   0 |     CCC   0   0   0   0   0   0 |     CAC   0   0   0   0   0   0 |     CGC   0   0   0   0   0   0
    CTA   0   0   0   0   0   0 |     CCA   2   1   2   2   1   1 | Gln CAA   1   1   1   1   1   0 |     CGA   0   0   0   0   0   0
    CTG   1   1   1   1   1   2 |     CCG   0   0   0   0   1   0 |     CAG   1   1   1   1   1   2 |     CGG   0   0   0   0   0   0
--------------------------------------------------------------------------------------------------------------------------------------
Ile ATT   1   1   1   1   1   1 | Thr ACT   0   0   0   1   0   0 | Asn AAT   0   0   0   0   0   0 | Ser AGT   1   1   1   1   1   1
    ATC   1   1   1   1   1   1 |     ACC   2   2   2   1   2   2 |     AAC   1   1   1   1   1   1 |     AGC   1   1   1   1   1   1
    ATA   0   0   0   0   0   0 |     ACA   0   0   0   0   0   0 | Lys AAA   2   2   2   2   2   2 | Arg AGA   0   0   0   0   0   0
Met ATG   3   3   3   3   3   3 |     ACG   1   1   1   1   1   0 |     AAG   1   1   1   1   1   1 |     AGG   0   0   0   0   0   0
--------------------------------------------------------------------------------------------------------------------------------------
Val GTT   1   1   1   1   1   1 | Ala GCT   1   1   1   1   1   1 | Asp GAT   0   0   0   0   0   0 | Gly GGT   1   1   1   2   1   1
    GTC   4   4   4   4   3   4 |     GCC   0   0   0   0   0   0 |     GAC   0   0   0   0   0   0 |     GGC   2   2   2   1   2   2
    GTA   0   0   0   0   0   0 |     GCA   2   2   2   2   2   3 | Glu GAA   2   2   2   2   2   1 |     GGA   1   1   1   1   1   1
    GTG   1   1   1   1   2   1 |     GCG   0   0   0   0   0   1 |     GAG   0   0   0   0   0   1 |     GGG   0   0   0   0   0   0
--------------------------------------------------------------------------------------------------------------------------------------

--------------------------------------------------------------------------------------------------------------------------------------
Phe TTT   1   1   1   1   1   1 | Ser TCT   0   0   0   0   0   0 | Tyr TAT   0   0   0   0   0   0 | Cys TGT   0   0   0   0   0   0
    TTC   2   2   2   2   2   2 |     TCC   0   0   0   0   0   0 |     TAC   1   1   1   1   1   1 |     TGC   0   0   0   0   0   0
Leu TTA   0   0   0   0   0   0 |     TCA   0   0   0   0   1   0 | *** TAA   0   0   0   0   0   0 | *** TGA   0   0   0   0   0   0
    TTG   1   0   0   1   1   1 |     TCG   0   0   0   0   0   0 |     TAG   0   0   0   0   0   0 | Trp TGG   0   0   1   0   0   0
--------------------------------------------------------------------------------------------------------------------------------------
Leu CTT   0   0   1   0   0   0 | Pro CCT   2   2   2   2   2   2 | His CAT   0   0   0   0   0   0 | Arg CGT   0   0   0   0   0   0
    CTC   0   1   0   0   1   1 |     CCC   0   0   0   0   0   0 |     CAC   0   0   0   0   0   0 |     CGC   0   0   0   0   0   0
    CTA   0   0   0   0   0   0 |     CCA   1   2   1   1   1   2 | Gln CAA   0   1   0   0   1   1 |     CGA   0   0   0   0   0   0
    CTG   2   2   1   2   1   1 |     CCG   0   0   0   0   0   0 |     CAG   2   1   2   2   1   1 |     CGG   0   0   0   0   0   0
--------------------------------------------------------------------------------------------------------------------------------------
Ile ATT   1   1   1   1   1   1 | Thr ACT   0   0   0   0   0   0 | Asn AAT   0   0   0   0   0   0 | Ser AGT   1   1   1   1   1   1
    ATC   1   1   1   1   1   1 |     ACC   2   2   2   2   2   2 |     AAC   1   1   1   1   1   1 |     AGC   1   1   1   1   1   1
    ATA   0   0   0   0   0   0 |     ACA   0   0   0   0   0   0 | Lys AAA   2   2   2   2   2   2 | Arg AGA   0   0   0   0   0   0
Met ATG   3   3   3   3   3   3 |     ACG   1   1   1   1   1   1 |     AAG   1   1   1   1   1   1 |     AGG   0   0   0   0   0   0
--------------------------------------------------------------------------------------------------------------------------------------
Val GTT   1   1   1   1   1   1 | Ala GCT   1   1   1   1   1   1 | Asp GAT   0   0   0   0   0   0 | Gly GGT   1   1   1   1   1   1
    GTC   4   4   4   4   4   4 |     GCC   0   0   0   0   0   0 |     GAC   0   0   0   0   0   0 |     GGC   2   2   2   2   2   2
    GTA   0   0   0   0   0   0 |     GCA   3   2   3   3   2   2 | Glu GAA   1   2   1   1   2   2 |     GGA   1   1   1   1   1   1
    GTG   1   1   1   1   1   1 |     GCG   0   0   0   0   0   0 |     GAG   1   0   1   1   0   0 |     GGG   0   0   0   0   0   0
--------------------------------------------------------------------------------------------------------------------------------------

--------------------------------------------------------------------------------------------------------------------------------------
Phe TTT   1   1   2   1   1   1 | Ser TCT   0   0   0   0   0   0 | Tyr TAT   0   0   0   0   0   0 | Cys TGT   0   0   0   0   0   0
    TTC   2   2   1   2   2   2 |     TCC   0   0   0   0   0   0 |     TAC   1   1   1   1   1   1 |     TGC   0   0   0   0   0   0
Leu TTA   0   0   0   0   0   0 |     TCA   0   0   0   0   1   1 | *** TAA   0   0   0   0   0   0 | *** TGA   0   0   0   0   0   0
    TTG   1   1   1   0   1   1 |     TCG   0   0   0   0   0   0 |     TAG   0   0   0   0   0   0 | Trp TGG   0   0   0   0   0   0
--------------------------------------------------------------------------------------------------------------------------------------
Leu CTT   0   0   0   0   0   0 | Pro CCT   2   2   2   2   2   2 | His CAT   0   0   0   0   0   0 | Arg CGT   0   0   0   0   0   0
    CTC   1   1   1   1   1   1 |     CCC   0   0   0   0   0   0 |     CAC   0   0   0   0   0   0 |     CGC   0   0   0   0   0   0
    CTA   0   0   0   0   0   0 |     CCA   2   2   2   0   1   1 | Gln CAA   1   1   1   0   1   1 |     CGA   0   0   0   0   0   0
    CTG   1   1   1   1   1   1 |     CCG   0   0   0   1   0   0 |     CAG   1   1   1   2   1   1 |     CGG   0   0   0   0   0   0
--------------------------------------------------------------------------------------------------------------------------------------
Ile ATT   1   1   1   1   1   1 | Thr ACT   0   0   0   0   0   0 | Asn AAT   0   0   0   0   0   0 | Ser AGT   1   1   1   1   1   1
    ATC   1   1   1   1   1   1 |     ACC   2   2   2   2   2   2 |     AAC   1   1   1   1   1   1 |     AGC   1   1   1   1   1   1
    ATA   0   0   0   0   0   0 |     ACA   0   0   1   0   0   0 | Lys AAA   2   2   2   2   2   2 | Arg AGA   0   0   0   0   0   0
Met ATG   3   3   3   3   3   3 |     ACG   1   1   0   1   1   1 |     AAG   1   1   1   1   1   1 |     AGG   0   0   0   0   0   0
--------------------------------------------------------------------------------------------------------------------------------------
Val GTT   1   1   1   1   1   1 | Ala GCT   1   1   1   1   1   1 | Asp GAT   0   0   0   0   0   0 | Gly GGT   1   1   1   1   1   1
    GTC   4   4   4   3   4   4 |     GCC   0   0   0   0   0   0 |     GAC   0   0   0   0   0   0 |     GGC   2   2   2   2   2   2
    GTA   0   0   0   0   0   0 |     GCA   2   2   2   3   2   2 | Glu GAA   2   2   2   1   2   2 |     GGA   1   0   1   1   1   1
    GTG   1   1   1   3   1   1 |     GCG   0   0   0   0   0   0 |     GAG   0   0   0   1   0   0 |     GGG   0   1   0   0   0   0
--------------------------------------------------------------------------------------------------------------------------------------

Codon position x base (3x4) table for each sequence.

#1: Argali         
position  1:    T:0.11905    C:0.19048    A:0.33333    G:0.35714
position  2:    T:0.40476    C:0.23810    A:0.21429    G:0.14286
position  3:    T:0.19048    C:0.35714    A:0.26190    G:0.19048
Average         T:0.23810    C:0.26190    A:0.26984    G:0.23016

#2: LesserMouseDeer
position  1:    T:0.11905    C:0.16667    A:0.33333    G:0.38095
position  2:    T:0.42857    C:0.21429    A:0.23810    G:0.11905
position  3:    T:0.16667    C:0.40476    A:0.16667    G:0.26190
Average         T:0.23810    C:0.26190    A:0.24603    G:0.25397

#3: LesserKudu     
position  1:    T:0.14286    C:0.16667    A:0.33333    G:0.35714
position  2:    T:0.40476    C:0.23810    A:0.21429    G:0.14286
position  3:    T:0.19048    C:0.35714    A:0.23810    G:0.21429
Average         T:0.24603    C:0.25397    A:0.26190    G:0.23810

#4: ForestMuskDeer2
position  1:    T:0.09524    C:0.16667    A:0.33333    G:0.40476
position  2:    T:0.40476    C:0.23810    A:0.21429    G:0.14286
position  3:    T:0.19048    C:0.33333    A:0.16667    G:0.30952
Average         T:0.23016    C:0.24603    A:0.23810    G:0.28571

#5: Camel          
position  1:    T:0.11905    C:0.16667    A:0.33333    G:0.38095
position  2:    T:0.42857    C:0.21429    A:0.23810    G:0.11905
position  3:    T:0.28571    C:0.28571    A:0.19048    G:0.23810
Average         T:0.27778    C:0.22222    A:0.25397    G:0.24603

#6: KillerWhale    
position  1:    T:0.11905    C:0.16667    A:0.35714    G:0.35714
position  2:    T:0.40476    C:0.21429    A:0.21429    G:0.16667
position  3:    T:0.23810    C:0.28571    A:0.19048    G:0.28571
Average         T:0.25397    C:0.22222    A:0.25397    G:0.26984

#7: DefassaWaterbuck
position  1:    T:0.14286    C:0.19048    A:0.33333    G:0.33333
position  2:    T:0.40476    C:0.23810    A:0.21429    G:0.14286
position  3:    T:0.23810    C:0.33333    A:0.23810    G:0.19048
Average         T:0.26190    C:0.25397    A:0.26190    G:0.22222

#8: Sheep          
position  1:    T:0.11905    C:0.19048    A:0.33333    G:0.35714
position  2:    T:0.40476    C:0.23810    A:0.21429    G:0.14286
position  3:    T:0.19048    C:0.35714    A:0.26190    G:0.19048
Average         T:0.23810    C:0.26190    A:0.26984    G:0.23016

#9: MaxwellsDuiker 
position  1:    T:0.11905    C:0.19048    A:0.33333    G:0.35714
position  2:    T:0.40476    C:0.23810    A:0.21429    G:0.14286
position  3:    T:0.19048    C:0.35714    A:0.23810    G:0.21429
Average         T:0.23810    C:0.26190    A:0.26190    G:0.23810

#10: GazellaPrzewalskyi
position  1:    T:0.11905    C:0.19048    A:0.33333    G:0.35714
position  2:    T:0.38095    C:0.26190    A:0.21429    G:0.14286
position  3:    T:0.19048    C:0.35714    A:0.23810    G:0.21429
Average         T:0.23016    C:0.26984    A:0.26190    G:0.23810

#11: MountainNyala  
position  1:    T:0.11905    C:0.19048    A:0.33333    G:0.35714
position  2:    T:0.40476    C:0.23810    A:0.21429    G:0.14286
position  3:    T:0.19048    C:0.35714    A:0.23810    G:0.21429
Average         T:0.23810    C:0.26190    A:0.26190    G:0.23810

#12: MuntiacusMuntjak
position  1:    T:0.11905    C:0.16667    A:0.33333    G:0.38095
position  2:    T:0.38095    C:0.23810    A:0.21429    G:0.16667
position  3:    T:0.19048    C:0.33333    A:0.19048    G:0.28571
Average         T:0.23016    C:0.24603    A:0.24603    G:0.27778

#13: goat           
position  1:    T:0.11905    C:0.19048    A:0.33333    G:0.35714
position  2:    T:0.40476    C:0.23810    A:0.21429    G:0.14286
position  3:    T:0.19048    C:0.35714    A:0.26190    G:0.19048
Average         T:0.23810    C:0.26190    A:0.26984    G:0.23016

#14: AfricanBuffalo 
position  1:    T:0.14286    C:0.16667    A:0.33333    G:0.35714
position  2:    T:0.40476    C:0.23810    A:0.21429    G:0.14286
position  3:    T:0.19048    C:0.35714    A:0.23810    G:0.21429
Average         T:0.24603    C:0.25397    A:0.26190    G:0.23810

#15: Topi           
position  1:    T:0.11905    C:0.19048    A:0.35714    G:0.33333
position  2:    T:0.40476    C:0.23810    A:0.21429    G:0.14286
position  3:    T:0.19048    C:0.35714    A:0.26190    G:0.19048
Average         T:0.23810    C:0.26190    A:0.27778    G:0.22222

#16: CommonDuiker   
position  1:    T:0.11905    C:0.19048    A:0.33333    G:0.35714
position  2:    T:0.40476    C:0.23810    A:0.19048    G:0.16667
position  3:    T:0.21429    C:0.30952    A:0.26190    G:0.21429
Average         T:0.24603    C:0.24603    A:0.26190    G:0.24603

#17: Suni           
position  1:    T:0.11905    C:0.19048    A:0.35714    G:0.33333
position  2:    T:0.40476    C:0.23810    A:0.21429    G:0.14286
position  3:    T:0.21429    C:0.30952    A:0.26190    G:0.21429
Average         T:0.24603    C:0.24603    A:0.27778    G:0.23016

#18: Springbuck     
position  1:    T:0.11905    C:0.19048    A:0.33333    G:0.35714
position  2:    T:0.40476    C:0.23810    A:0.21429    G:0.14286
position  3:    T:0.19048    C:0.35714    A:0.23810    G:0.21429
Average         T:0.23810    C:0.26190    A:0.26190    G:0.23810

#19: Okapi          
position  1:    T:0.14286    C:0.16667    A:0.33333    G:0.35714
position  2:    T:0.40476    C:0.23810    A:0.21429    G:0.14286
position  3:    T:0.19048    C:0.33333    A:0.21429    G:0.26190
Average         T:0.24603    C:0.24603    A:0.25397    G:0.25397

#20: Giraffe        
position  1:    T:0.14286    C:0.16667    A:0.33333    G:0.35714
position  2:    T:0.40476    C:0.23810    A:0.21429    G:0.14286
position  3:    T:0.19048    C:0.33333    A:0.21429    G:0.26190
Average         T:0.24603    C:0.24603    A:0.25397    G:0.25397

#21: TibetanAntelope
position  1:    T:0.11905    C:0.19048    A:0.33333    G:0.35714
position  2:    T:0.40476    C:0.23810    A:0.21429    G:0.14286
position  3:    T:0.19048    C:0.38095    A:0.23810    G:0.19048
Average         T:0.23810    C:0.26984    A:0.26190    G:0.23016

#22: Sitatunga      
position  1:    T:0.14286    C:0.16667    A:0.33333    G:0.35714
position  2:    T:0.40476    C:0.23810    A:0.21429    G:0.14286
position  3:    T:0.19048    C:0.35714    A:0.23810    G:0.21429
Average         T:0.24603    C:0.25397    A:0.26190    G:0.23810

#23: Oribi          
position  1:    T:0.11905    C:0.19048    A:0.33333    G:0.35714
position  2:    T:0.40476    C:0.23810    A:0.19048    G:0.16667
position  3:    T:0.19048    C:0.33333    A:0.23810    G:0.23810
Average         T:0.23810    C:0.25397    A:0.25397    G:0.25397

#24: BarbarySheep   
position  1:    T:0.11905    C:0.19048    A:0.33333    G:0.35714
position  2:    T:0.40476    C:0.23810    A:0.21429    G:0.14286
position  3:    T:0.19048    C:0.35714    A:0.26190    G:0.19048
Average         T:0.23810    C:0.26190    A:0.26984    G:0.23016

#25: Daviddeer      
position  1:    T:0.11905    C:0.16667    A:0.33333    G:0.38095
position  2:    T:0.40476    C:0.23810    A:0.21429    G:0.14286
position  3:    T:0.19048    C:0.33333    A:0.19048    G:0.28571
Average         T:0.23810    C:0.24603    A:0.24603    G:0.26984

#26: Reindeer       
position  1:    T:0.11905    C:0.19048    A:0.33333    G:0.35714
position  2:    T:0.42857    C:0.19048    A:0.26190    G:0.11905
position  3:    T:0.33333    C:0.21429    A:0.28571    G:0.16667
Average         T:0.29365    C:0.19841    A:0.29365    G:0.21429

#27: Ibex           
position  1:    T:0.11905    C:0.19048    A:0.33333    G:0.35714
position  2:    T:0.40476    C:0.23810    A:0.21429    G:0.14286
position  3:    T:0.19048    C:0.35714    A:0.26190    G:0.19048
Average         T:0.23810    C:0.26190    A:0.26984    G:0.23016

#28: GyrantGazelle  
position  1:    T:0.11905    C:0.19048    A:0.33333    G:0.35714
position  2:    T:0.40476    C:0.23810    A:0.21429    G:0.14286
position  3:    T:0.19048    C:0.35714    A:0.23810    G:0.21429
Average         T:0.23810    C:0.26190    A:0.26190    G:0.23810

#29: Hartebeest     
position  1:    T:0.11905    C:0.19048    A:0.35714    G:0.33333
position  2:    T:0.40476    C:0.23810    A:0.21429    G:0.14286
position  3:    T:0.19048    C:0.35714    A:0.26190    G:0.19048
Average         T:0.23810    C:0.26190    A:0.27778    G:0.22222

#30: Bongo          
position  1:    T:0.14286    C:0.16667    A:0.33333    G:0.35714
position  2:    T:0.40476    C:0.23810    A:0.21429    G:0.14286
position  3:    T:0.19048    C:0.35714    A:0.23810    G:0.21429
Average         T:0.24603    C:0.25397    A:0.26190    G:0.23810

#31: Gerenuk        
position  1:    T:0.11905    C:0.19048    A:0.33333    G:0.35714
position  2:    T:0.40476    C:0.23810    A:0.21429    G:0.14286
position  3:    T:0.21429    C:0.33333    A:0.23810    G:0.21429
Average         T:0.24603    C:0.25397    A:0.26190    G:0.23810

#32: CommonEland    
position  1:    T:0.14286    C:0.16667    A:0.33333    G:0.35714
position  2:    T:0.40476    C:0.23810    A:0.21429    G:0.14286
position  3:    T:0.19048    C:0.35714    A:0.23810    G:0.21429
Average         T:0.24603    C:0.25397    A:0.26190    G:0.23810

#33: MuntiacusReevesi
position  1:    T:0.11905    C:0.16667    A:0.33333    G:0.38095
position  2:    T:0.38095    C:0.23810    A:0.21429    G:0.16667
position  3:    T:0.21429    C:0.33333    A:0.16667    G:0.28571
Average         T:0.23810    C:0.24603    A:0.23810    G:0.27778

#34: HarveysDuiker  
position  1:    T:0.11905    C:0.19048    A:0.33333    G:0.35714
position  2:    T:0.40476    C:0.23810    A:0.21429    G:0.14286
position  3:    T:0.21429    C:0.30952    A:0.26190    G:0.21429
Average         T:0.24603    C:0.24603    A:0.26984    G:0.23810

#35: Pronghorn      
position  1:    T:0.11905    C:0.16667    A:0.33333    G:0.38095
position  2:    T:0.40476    C:0.23810    A:0.21429    G:0.14286
position  3:    T:0.16667    C:0.38095    A:0.14286    G:0.30952
Average         T:0.23016    C:0.26190    A:0.23016    G:0.27778

#36: BlueWildebeest 
position  1:    T:0.11905    C:0.19048    A:0.35714    G:0.33333
position  2:    T:0.40476    C:0.23810    A:0.21429    G:0.14286
position  3:    T:0.19048    C:0.35714    A:0.23810    G:0.21429
Average         T:0.23810    C:0.26190    A:0.26984    G:0.23016

#37: Gemsbok        
position  1:    T:0.11905    C:0.19048    A:0.33333    G:0.35714
position  2:    T:0.40476    C:0.23810    A:0.21429    G:0.14286
position  3:    T:0.21429    C:0.33333    A:0.26190    G:0.19048
Average         T:0.24603    C:0.25397    A:0.26984    G:0.23016

#38: Yak            
position  1:    T:0.14286    C:0.16667    A:0.33333    G:0.35714
position  2:    T:0.40476    C:0.23810    A:0.21429    G:0.14286
position  3:    T:0.19048    C:0.35714    A:0.23810    G:0.21429
Average         T:0.24603    C:0.25397    A:0.26190    G:0.23810

#39: BlueSheep      
position  1:    T:0.11905    C:0.19048    A:0.33333    G:0.35714
position  2:    T:0.40476    C:0.23810    A:0.21429    G:0.14286
position  3:    T:0.19048    C:0.35714    A:0.26190    G:0.19048
Average         T:0.23810    C:0.26190    A:0.26984    G:0.23016

#40: BohorReedbuck  
position  1:    T:0.11905    C:0.19048    A:0.33333    G:0.35714
position  2:    T:0.40476    C:0.23810    A:0.21429    G:0.14286
position  3:    T:0.23810    C:0.30952    A:0.26190    G:0.19048
Average         T:0.25397    C:0.24603    A:0.26984    G:0.23016

#41: KirksDik       
position  1:    T:0.11905    C:0.19048    A:0.33333    G:0.35714
position  2:    T:0.40476    C:0.23810    A:0.21429    G:0.14286
position  3:    T:0.19048    C:0.33333    A:0.21429    G:0.26190
Average         T:0.23810    C:0.25397    A:0.25397    G:0.25397

#42: RoeDeer        
position  1:    T:0.11905    C:0.16667    A:0.30952    G:0.40476
position  2:    T:0.40476    C:0.23810    A:0.21429    G:0.14286
position  3:    T:0.19048    C:0.33333    A:0.19048    G:0.28571
Average         T:0.23810    C:0.24603    A:0.23810    G:0.27778

#43: WhiteLippedDeer
position  1:    T:0.11905    C:0.16667    A:0.33333    G:0.38095
position  2:    T:0.40476    C:0.23810    A:0.21429    G:0.14286
position  3:    T:0.19048    C:0.33333    A:0.19048    G:0.28571
Average         T:0.23810    C:0.24603    A:0.24603    G:0.26984

#44: ThomsonGazelle 
position  1:    T:0.09524    C:0.21429    A:0.33333    G:0.35714
position  2:    T:0.40476    C:0.23810    A:0.21429    G:0.14286
position  3:    T:0.19048    C:0.35714    A:0.23810    G:0.21429
Average         T:0.23016    C:0.26984    A:0.26190    G:0.23810

#45: MuntiacusCrinifrons
position  1:    T:0.11905    C:0.16667    A:0.33333    G:0.38095
position  2:    T:0.38095    C:0.23810    A:0.21429    G:0.16667
position  3:    T:0.21429    C:0.33333    A:0.19048    G:0.26190
Average         T:0.23810    C:0.24603    A:0.24603    G:0.26984

#46: WhiteTailedDeer
position  1:    T:0.11905    C:0.16667    A:0.33333    G:0.38095
position  2:    T:0.40476    C:0.23810    A:0.21429    G:0.14286
position  3:    T:0.19048    C:0.33333    A:0.19048    G:0.28571
Average         T:0.23810    C:0.24603    A:0.24603    G:0.26984

#47: Cattle         
position  1:    T:0.14286    C:0.16667    A:0.33333    G:0.35714
position  2:    T:0.40476    C:0.23810    A:0.21429    G:0.14286
position  3:    T:0.19048    C:0.35714    A:0.23810    G:0.21429
Average         T:0.24603    C:0.25397    A:0.26190    G:0.23810

#48: RoyalAntelope  
position  1:    T:0.11905    C:0.19048    A:0.33333    G:0.35714
position  2:    T:0.40476    C:0.23810    A:0.21429    G:0.14286
position  3:    T:0.19048    C:0.35714    A:0.23810    G:0.21429
Average         T:0.23810    C:0.26190    A:0.26190    G:0.23810

#49: Steenbok       
position  1:    T:0.11905    C:0.19048    A:0.33333    G:0.35714
position  2:    T:0.40476    C:0.23810    A:0.21429    G:0.14286
position  3:    T:0.19048    C:0.35714    A:0.23810    G:0.21429
Average         T:0.23810    C:0.26190    A:0.26190    G:0.23810

#50: Impala         
position  1:    T:0.11905    C:0.19048    A:0.33333    G:0.35714
position  2:    T:0.40476    C:0.23810    A:0.21429    G:0.14286
position  3:    T:0.19048    C:0.35714    A:0.21429    G:0.23810
Average         T:0.23810    C:0.26190    A:0.25397    G:0.24603

#51: Klipspringer   
position  1:    T:0.11905    C:0.19048    A:0.33333    G:0.35714
position  2:    T:0.40476    C:0.23810    A:0.21429    G:0.14286
