CODONML (in paml version 4.10.7, June 2023)  /home/rachel/ruminants_paml/6406-phy-tree/ENSBTAT00000056397.fasta.phy
Model: free dN/dS Ratios for branches,  kappa = 2.000 fixed

Codon frequency model: F3x4
ns =  54  ls =  69

Codon usage in sequences
--------------------------------------------------------------------------------------------------------------------------------------
Phe TTT   4   4   4   4   5   4 | Ser TCT   0   0   0   0   0   0 | Tyr TAT   0   1   0   0   0   0 | Cys TGT   1   1   1   1   2   1
    TTC   2   2   2   2   1   2 |     TCC   1   1   1   1   1   1 |     TAC   4   3   4   4   4   4 |     TGC   2   2   2   2   1   2
Leu TTA   0   0   0   0   0   0 |     TCA   1   1   1   1   1   1 | *** TAA   0   0   0   0   0   0 | *** TGA   0   0   0   0   0   0
    TTG   2   2   2   2   2   2 |     TCG   0   0   0   0   0   0 |     TAG   0   0   0   0   0   0 | Trp TGG   2   2   2   2   2   2
--------------------------------------------------------------------------------------------------------------------------------------
Leu CTT   0   0   0   0   0   0 | Pro CCT   1   1   1   1   1   1 | His CAT   1   1   1   1   1   1 | Arg CGT   1   1   1   1   1   1
    CTC   2   3   2   2   3   3 |     CCC   0   0   0   0   0   0 |     CAC   0   0   0   0   0   0 |     CGC   0   0   0   0   0   0
    CTA   0   0   0   0   1   0 |     CCA   0   0   0   0   0   0 | Gln CAA   0   0   0   0   0   0 |     CGA   0   0   0   0   0   0
    CTG   5   4   5   5   3   4 |     CCG   0   0   0   0   0   0 |     CAG   0   0   0   0   0   0 |     CGG   0   0   0   0   0   0
--------------------------------------------------------------------------------------------------------------------------------------
Ile ATT   2   2   3   4   2   2 | Thr ACT   0   0   0   0   0   1 | Asn AAT   0   0   0   0   0   0 | Ser AGT   0   0   0   0   0   0
    ATC   1   1   1   1   1   1 |     ACC   3   3   3   3   3   1 |     AAC   0   0   0   0   0   0 |     AGC   0   0   0   0   0   1
    ATA   1   1   1   1   1   1 |     ACA   0   0   0   0   0   0 | Lys AAA   4   4   4   4   4   4 | Arg AGA   0   0   0   0   0   0
Met ATG   1   1   1   1   1   1 |     ACG   0   0   0   0   0   0 |     AAG   3   3   3   3   3   3 |     AGG   1   1   1   1   1   1
--------------------------------------------------------------------------------------------------------------------------------------
Val GTT   3   3   2   1   2   3 | Ala GCT   4   4   4   4   4   4 | Asp GAT   1   1   1   1   1   1 | Gly GGT   2   2   2   2   2   2
    GTC   2   1   1   1   2   1 |     GCC   3   3   3   3   3   3 |     GAC   0   0   0   0   0   0 |     GGC   0   0   0   0   0   0
    GTA   1   3   2   2   2   3 |     GCA   1   1   1   1   1   1 | Glu GAA   1   0   1   1   0   0 |     GGA   2   2   2   2   2   2
    GTG   4   3   4   4   4   3 |     GCG   0   0   0   0   0   0 |     GAG   0   1   0   0   1   1 |     GGG   0   0   0   0   0   0
--------------------------------------------------------------------------------------------------------------------------------------

--------------------------------------------------------------------------------------------------------------------------------------
Phe TTT   4   4   4   4   4   4 | Ser TCT   1   0   0   0   0   0 | Tyr TAT   0   0   0   1   0   0 | Cys TGT   1   1   1   1   1   2
    TTC   2   2   2   2   2   2 |     TCC   0   1   1   1   1   1 |     TAC   4   4   4   3   4   4 |     TGC   2   2   2   2   2   1
Leu TTA   0   0   0   0   0   0 |     TCA   1   1   1   1   1   1 | *** TAA   0   0   0   0   0   0 | *** TGA   0   0   0   0   0   0
    TTG   2   2   2   2   2   2 |     TCG   0   0   0   0   0   0 |     TAG   0   0   0   0   0   0 | Trp TGG   2   2   2   2   2   2
--------------------------------------------------------------------------------------------------------------------------------------
Leu CTT   0   0   0   0   0   0 | Pro CCT   1   1   1   1   1   1 | His CAT   1   1   1   1   1   1 | Arg CGT   1   1   1   1   1   1
    CTC   2   2   2   2   2   2 |     CCC   0   0   0   0   0   0 |     CAC   0   0   0   0   0   0 |     CGC   0   0   0   0   0   0
    CTA   0   0   0   0   0   0 |     CCA   0   0   0   0   0   0 | Gln CAA   0   0   0   0   0   0 |     CGA   0   0   0   0   0   0
    CTG   5   5   5   5   5   5 |     CCG   0   0   0   0   0   0 |     CAG   0   0   0   0   0   0 |     CGG   0   0   0   0   0   0
--------------------------------------------------------------------------------------------------------------------------------------
Ile ATT   2   2   2   2   3   2 | Thr ACT   0   0   0   0   0   0 | Asn AAT   0   0   0   0   0   0 | Ser AGT   0   0   0   0   0   0
    ATC   1   1   1   1   1   1 |     ACC   3   3   3   2   3   3 |     AAC   0   0   0   0   0   0 |     AGC   0   0   0   0   0   0
    ATA   0   1   1   1   1   1 |     ACA   0   0   0   0   0   0 | Lys AAA   4   4   4   4   4   4 | Arg AGA   0   0   0   0   0   0
Met ATG   1   1   1   1   1   1 |     ACG   0   0   0   1   0   0 |     AAG   3   3   3   3   3   3 |     AGG   1   1   1   1   1   1
--------------------------------------------------------------------------------------------------------------------------------------
Val GTT   2   3   3   3   2   4 | Ala GCT   4   4   4   4   4   3 | Asp GAT   1   1   1   1   1   1 | Gly GGT   2   1   2   2   2   2
    GTC   1   2   1   1   1   0 |     GCC   3   3   3   3   3   4 |     GAC   0   0   0   0   0   0 |     GGC   0   1   0   0   0   0
    GTA   3   1   2   2   2   2 |     GCA   1   1   1   1   1   1 | Glu GAA   1   1   1   1   1   1 |     GGA   2   2   2   2   2   2
    GTG   5   4   4   4   4   4 |     GCG   0   0   0   0   0   0 |     GAG   0   0   0   0   0   0 |     GGG   0   0   0   0   0   0
--------------------------------------------------------------------------------------------------------------------------------------

--------------------------------------------------------------------------------------------------------------------------------------
Phe TTT   4   4   4   4   4   4 | Ser TCT   0   0   0   0   0   0 | Tyr TAT   0   0   0   0   1   0 | Cys TGT   1   1   1   1   1   1
    TTC   2   2   2   2   2   2 |     TCC   1   1   1   1   1   1 |     TAC   4   4   4   4   3   4 |     TGC   2   2   2   2   2   2
Leu TTA   0   0   0   0   0   0 |     TCA   1   1   1   1   1   1 | *** TAA   0   0   0   0   0   0 | *** TGA   0   0   0   0   0   0
    TTG   2   2   2   2   2   2 |     TCG   0   0   0   0   0   0 |     TAG   0   0   0   0   0   0 | Trp TGG   2   2   2   2   2   2
--------------------------------------------------------------------------------------------------------------------------------------
Leu CTT   0   0   0   0   0   0 | Pro CCT   1   1   1   1   1   1 | His CAT   1   1   1   1   1   1 | Arg CGT   1   1   1   1   1   1
    CTC   2   2   2   2   2   2 |     CCC   0   0   0   0   0   0 |     CAC   0   0   0   0   0   0 |     CGC   0   0   0   0   0   0
    CTA   0   0   0   0   0   0 |     CCA   0   0   0   0   0   0 | Gln CAA   0   0   0   0   0   0 |     CGA   0   0   0   0   0   0
    CTG   5   5   5   5   5   5 |     CCG   0   0   0   0   0   0 |     CAG   0   0   0   0   0   0 |     CGG   0   0   0   0   0   0
--------------------------------------------------------------------------------------------------------------------------------------
Ile ATT   2   3   2   2   2   3 | Thr ACT   0   0   0   0   0   0 | Asn AAT   0   0   0   0   0   0 | Ser AGT   0   0   0   0   0   0
    ATC   1   1   1   1   1   1 |     ACC   3   3   3   3   3   3 |     AAC   0   0   0   0   0   0 |     AGC   0   0   0   0   0   0
    ATA   1   1   1   1   1   1 |     ACA   0   0   0   0   0   0 | Lys AAA   4   4   3   4   4   4 | Arg AGA   0   0   0   0   0   0
Met ATG   1   1   1   1   1   1 |     ACG   0   0   0   0   0   0 |     AAG   3   3   4   3   3   3 |     AGG   1   1   1   1   1   1
--------------------------------------------------------------------------------------------------------------------------------------
Val GTT   3   2   3   3   2   2 | Ala GCT   4   4   4   4   4   4 | Asp GAT   1   1   1   1   1   1 | Gly GGT   2   1   2   2   2   2
    GTC   2   1   1   1   1   1 |     GCC   3   3   3   3   3   3 |     GAC   0   0   0   0   0   0 |     GGC   0   0   0   0   0   0
    GTA   1   2   2   2   2   2 |     GCA   1   1   1   1   1   1 | Glu GAA   1   1   1   1   1   1 |     GGA   2   2   2   2   2   2
    GTG   4   4   4   4   5   4 |     GCG   0   0   0   0   0   0 |     GAG   0   0   0   0   0   0 |     GGG   0   1   0   0   0   0
--------------------------------------------------------------------------------------------------------------------------------------

--------------------------------------------------------------------------------------------------------------------------------------
Phe TTT   4   4   4   4   4   4 | Ser TCT   0   0   1   0   0   0 | Tyr TAT   0   0   0   0   0   0 | Cys TGT   1   2   1   1   1   1
    TTC   2   2   2   2   2   2 |     TCC   1   1   0   1   1   1 |     TAC   4   4   4   4   4   4 |     TGC   2   1   2   2   2   2
Leu TTA   0   0   0   0   0   0 |     TCA   1   1   1   1   1   1 | *** TAA   0   0   0   0   0   0 | *** TGA   0   0   0   0   0   0
    TTG   2   2   2   2   2   2 |     TCG   0   0   0   0   0   0 |     TAG   0   0   0   0   0   0 | Trp TGG   2   2   2   2   2   2
--------------------------------------------------------------------------------------------------------------------------------------
Leu CTT   0   0   0   0   0   0 | Pro CCT   1   1   1   1   1   1 | His CAT   1   1   1   1   1   1 | Arg CGT   1   1   1   1   1   1
    CTC   2   2   2   2   2   2 |     CCC   0   0   0   0   0   0 |     CAC   0   0   0   0   0   0 |     CGC   0   0   0   0   0   0
    CTA   0   0   0   0   0   0 |     CCA   0   0   0   0   0   0 | Gln CAA   0   0   0   0   0   0 |     CGA   0   0   0   0   0   0
    CTG   5   5   5   5   5   5 |     CCG   0   0   0   0   0   0 |     CAG   0   0   0   0   0   0 |     CGG   0   0   0   0   0   0
--------------------------------------------------------------------------------------------------------------------------------------
Ile ATT   2   2   2   3   2   2 | Thr ACT   0   0   0   0   0   0 | Asn AAT   0   0   0   0   0   0 | Ser AGT   0   0   0   0   0   0
    ATC   1   1   1   1   1   1 |     ACC   3   3   3   3   3   3 |     AAC   0   0   0   0   0   0 |     AGC   0   0   0   0   0   0
    ATA   1   1   1   1   1   1 |     ACA   0   0   0   0   0   0 | Lys AAA   4   4   4   4   4   4 | Arg AGA   0   0   0   0   0   0
Met ATG   1   1   1   1   1   1 |     ACG   0   0   0   0   0   0 |     AAG   3   3   3   3   3   3 |     AGG   1   1   1   1   1   1
--------------------------------------------------------------------------------------------------------------------------------------
Val GTT   3   3   2   2   3   3 | Ala GCT   4   4   5   4   4   4 | Asp GAT   1   1   1   1   1   1 | Gly GGT   2   2   2   2   2   2
    GTC   1   1   1   1   1   2 |     GCC   3   4   3   3   3   3 |     GAC   0   0   0   0   0   0 |     GGC   0   0   0   0   0   0
    GTA   3   2   2   2   2   1 |     GCA   1   0   1   1   1   1 | Glu GAA   1   1   1   1   1   1 |     GGA   2   2   2   2   2   2
    GTG   3   4   4   4   4   4 |     GCG   0   0   0   0   0   0 |     GAG   0   0   0   0   0   0 |     GGG   0   0   0   0   0   0
--------------------------------------------------------------------------------------------------------------------------------------

--------------------------------------------------------------------------------------------------------------------------------------
Phe TTT   4   4   4   4   4   4 | Ser TCT   0   0   0   0   0   0 | Tyr TAT   0   0   0   0   0   0 | Cys TGT   1   1   1   1   1   1
    TTC   2   2   2   2   2   2 |     TCC   1   1   1   1   1   1 |     TAC   4   4   4   4   4   4 |     TGC   2   2   2   2   2   2
Leu TTA   0   0   0   0   0   0 |     TCA   1   1   1   1   1   1 | *** TAA   0   0   0   0   0   0 | *** TGA   0   0   0   0   0   0
    TTG   2   2   2   2   2   2 |     TCG   0   0   0   0   0   0 |     TAG   0   0   0   0   0   0 | Trp TGG   2   2   2   2   2   2
--------------------------------------------------------------------------------------------------------------------------------------
Leu CTT   0   0   0   0   0   0 | Pro CCT   1   1   1   1   1   1 | His CAT   1   1   1   1   1   1 | Arg CGT   1   1   1   1   1   1
    CTC   3   2   2   2   2   2 |     CCC   0   0   0   0   0   0 |     CAC   0   0   0   0   0   0 |     CGC   0   0   0   0   0   0
    CTA   0   1   0   0   0   0 |     CCA   0   0   0   0   0   0 | Gln CAA   0   0   0   0   0   0 |     CGA   0   0   0   0   0   0
    CTG   4   4   5   5   5   5 |     CCG   0   0   0   0   0   0 |     CAG   0   0   0   0   0   0 |     CGG   0   0   0   0   0   0
--------------------------------------------------------------------------------------------------------------------------------------
Ile ATT   2   2   2   3   2   3 | Thr ACT   0   0   0   0   0   0 | Asn AAT   0   0   0   0   0   0 | Ser AGT   0   0   0   0   0   0
    ATC   1   1   1   1   1   1 |     ACC   3   3   3   3   3   3 |     AAC   0   0   0   0   0   0 |     AGC   0   0   0   0   0   0
    ATA   1   1   1   1   1   1 |     ACA   0   0   0   0   0   0 | Lys AAA   4   4   4   4   3   4 | Arg AGA   0   0   0   0   0   0
Met ATG   1   1   1   1   1   1 |     ACG   0   0   0   0   0   0 |     AAG   3   3   3   3   4   3 |     AGG   1   1   1   1   1   1
--------------------------------------------------------------------------------------------------------------------------------------
Val GTT   4   4   3   2   3   2 | Ala GCT   4   3   4   4   4   4 | Asp GAT   1   1   1   1   1   1 | Gly GGT   2   2   2   2   2   2
    GTC   0   0   2   1   1   1 |     GCC   3   4   3   3   3   3 |     GAC   0   0   0   0   0   0 |     GGC   0   0   0   0   0   0
    GTA   2   2   1   2   2   2 |     GCA   1   1   1   1   1   1 | Glu GAA   1   1   1   1   1   1 |     GGA   2   2   2   2   2   2
    GTG   4   4   4   4   4   4 |     GCG   0   0   0   0   0   0 |     GAG   0   0   0   0   0   0 |     GGG   0   0   0   0   0   0
--------------------------------------------------------------------------------------------------------------------------------------

--------------------------------------------------------------------------------------------------------------------------------------
Phe TTT   4   4   4   4   4   4 | Ser TCT   0   0   0   0   0   0 | Tyr TAT   1   0   0   0   1   0 | Cys TGT   1   1   2   1   1   1
    TTC   2   2   2   2   2   2 |     TCC   1   1   1   1   1   1 |     TAC   3   4   4   4   3   4 |     TGC   2   2   1   2   2   2
Leu TTA   0   0   0   0   0   0 |     TCA   1   1   1   1   1   1 | *** TAA   0   0   0   0   0   0 | *** TGA   0   0   0   0   0   0
    TTG   2   2   2   2   2   2 |     TCG   0   0   0   0   0   0 |     TAG   0   0   0   0   0   0 | Trp TGG   2   2   2   2   2   2
--------------------------------------------------------------------------------------------------------------------------------------
Leu CTT   0   0   0   1   0   0 | Pro CCT   1   1   1   1   1   1 | His CAT   1   1   1   1   1   1 | Arg CGT   1   1   1   1   1   1
    CTC   2   2   2   1   1   2 |     CCC   0   0   0   0   0   0 |     CAC   0   0   0   0   0   0 |     CGC   0   0   0   0   0   0
    CTA   0   0   0   0   0   0 |     CCA   0   0   0   0   0   0 | Gln CAA   0   0   0   0   0   0 |     CGA   0   0   0   0   0   0
    CTG   5   5   5   5   6   5 |     CCG   0   0   0   0   0   0 |     CAG   0   0   0   0   0   0 |     CGG   0   0   0   0   0   0
--------------------------------------------------------------------------------------------------------------------------------------
Ile ATT   3   3   2   2   3   2 | Thr ACT   0   0   0   0   0   0 | Asn AAT   0   0   0   0   0   0 | Ser AGT   0   0   0   0   0   0
    ATC   1   1   1   1   1   1 |     ACC   3   3   3   3   3   3 |     AAC   0   0   0   0   0   0 |     AGC   0   0   0   0   0   0
    ATA   1   1   1   1   1   1 |     ACA   0   0   0   0   0   0 | Lys AAA   4   4   4   4   4   3 | Arg AGA   0   0   0   0   0   0
Met ATG   1   1   1   1   1   1 |     ACG   0   0   0   0   0   0 |     AAG   3   3   3   3   3   4 |     AGG   1   1   1   1   1   1
--------------------------------------------------------------------------------------------------------------------------------------
Val GTT   2   2   4   4   2   3 | Ala GCT   4   4   3   4   4   4 | Asp GAT   1   1   1   1   1   1 | Gly GGT   2   2   2   2   2   2
    GTC   1   1   0   1   1   1 |     GCC   3   3   4   3   3   3 |     GAC   0   0   0   0   0   0 |     GGC   0   0   0   0   0   0
    GTA   2   2   2   2   2   2 |     GCA   1   1   1   1   1   1 | Glu GAA   1   1   1   1   1   1 |     GGA   2   2   2   2   2   2
    GTG   4   4   4   3   4   4 |     GCG   0   0   0   0   0   0 |     GAG   0   0   0   0   0   0 |     GGG   0   0   0   0   0   0
--------------------------------------------------------------------------------------------------------------------------------------

--------------------------------------------------------------------------------------------------------------------------------------
Phe TTT   4   4   4   4   4   4 | Ser TCT   0   0   0   0   0   0 | Tyr TAT   0   0   0   0   0   0 | Cys TGT   1   1   1   1   1   1
    TTC   2   2   2   2   2   2 |     TCC   1   1   1   1   1   1 |     TAC   4   4   4   4   4   4 |     TGC   2   2   2   2   2   2
Leu TTA   0   0   0   0   0   0 |     TCA   1   1   1   1   1   1 | *** TAA   0   0   0   0   0   0 | *** TGA   0   0   0   0   0   0
    TTG   2   2   2   2   2   2 |     TCG   0   0   0   0   0   0 |     TAG   0   0   0   0   0   0 | Trp TGG   2   2   2   2   2   2
--------------------------------------------------------------------------------------------------------------------------------------
Leu CTT   0   0   0   1   0   0 | Pro CCT   1   1   1   1   1   1 | His CAT   1   1   1   1   1   1 | Arg CGT   1   1   1   1   1   1
    CTC   2   2   2   2   2   2 |     CCC   0   0   0   0   0   0 |     CAC   0   0   0   0   0   0 |     CGC   0   0   0   0   0   0
    CTA   1   0   0   0   0   0 |     CCA   0   0   0   0   0   0 | Gln CAA   0   0   0   0   0   0 |     CGA   0   0   0   0   0   0
    CTG   4   5   5   4   5   5 |     CCG   0   0   0   0   0   0 |     CAG   0   0   0   0   0   0 |     CGG   0   0   0   0   0   0
--------------------------------------------------------------------------------------------------------------------------------------
Ile ATT   2   3   2   3   2   2 | Thr ACT   0   0   0   0   0   0 | Asn AAT   0   0   0   0   0   0 | Ser AGT   0   0   0   0   0   0
    ATC   0   1   1   1   1   1 |     ACC   3   3   3   3   3   3 |     AAC   0   0   0   0   0   0 |     AGC   0   0   0   0   0   0
    ATA   1   1   1   1   1   1 |     ACA   0   0   0   0   0   0 | Lys AAA   4   4   4   4   4   4 | Arg AGA   0   0   0   0   0   0
Met ATG   1   1   1   1   1   1 |     ACG   0   0   0   0   0   0 |     AAG   3   3   3   3   3   3 |     AGG   1   1   1   1   1   1
--------------------------------------------------------------------------------------------------------------------------------------
Val GTT   3   2   3   1   3   5 | Ala GCT   4   4   4   4   4   3 | Asp GAT   1   1   1   1   1   1 | Gly GGT   2   2   2   2   2   2
    GTC   2   1   2   1   1   0 |     GCC   3   3   3   3   3   4 |     GAC   0   0   0   0   0   0 |     GGC   0   0   0   0   0   0
    GTA   2   2   1   2   2   2 |     GCA   1   1   1   1   1   1 | Glu GAA   1   1   1   1   1   1 |     GGA   2   2   2   2   2   2
    GTG   4   4   4   5   4   3 |     GCG   0   0   0   0   0   0 |     GAG   0   0   0   0   0   0 |     GGG   0   0   0   0   0   0
--------------------------------------------------------------------------------------------------------------------------------------

--------------------------------------------------------------------------------------------------------------------------------------
Phe TTT   4   4   4   4   4   4 | Ser TCT   0   0   0   0   0   0 | Tyr TAT   0   0   0   0   0   1 | Cys TGT   1   1   2   1   1   1
    TTC   2   2   2   2   2   2 |     TCC   1   1   1   1   1   1 |     TAC   4   4   4   4   4   3 |     TGC   2   2   1   2   2   2
Leu TTA   0   0   0   0   0   0 |     TCA   1   1   1   1   1   1 | *** TAA   0   0   0   0   0   0 | *** TGA   0   0   0   0   0   0
    TTG   2   2   2   2   2   2 |     TCG   0   0   0   0   0   0 |     TAG   0   0   0   0   0   0 | Trp TGG   2   2   2   2   2   2
--------------------------------------------------------------------------------------------------------------------------------------
Leu CTT   1   0   0   0   0   0 | Pro CCT   1   1   1   1   1   1 | His CAT   1   1   1   1   1   1 | Arg CGT   1   1   1   1   1   1
    CTC   2   2   2   2   2   2 |     CCC   0   0   0   0   0   0 |     CAC   0   0   0   0   0   0 |     CGC   0   0   0   0   0   0
    CTA   0   0   0   1   0   0 |     CCA   0   0   0   0   0   0 | Gln CAA   0   0   0   0   0   0 |     CGA   0   0   0   0   0   0
    CTG   4   5   5   4   5   5 |     CCG   0   0   0   0   0   0 |     CAG   0   0   0   0   0   0 |     CGG   0   0   0   0   0   0
--------------------------------------------------------------------------------------------------------------------------------------
Ile ATT   2   3   2   2   3   3 | Thr ACT   0   1   0   0   0   0 | Asn AAT   0   0   0   0   0   0 | Ser AGT   0   0   0   0   0   0
    ATC   1   1   1   1   1   1 |     ACC   3   2   3   3   3   3 |     AAC   0   0   0   0   0   0 |     AGC   0   0   0   0   0   0
    ATA   1   1   1   1   1   1 |     ACA   0   0   0   0   0   0 | Lys AAA   5   4   4   4   4   4 | Arg AGA   0   0   0   0   0   0
Met ATG   1   1   1   1   1   1 |     ACG   0   0   0   0   0   0 |     AAG   2   3   3   3   3   3 |     AGG   1   1   1   1   1   1
--------------------------------------------------------------------------------------------------------------------------------------
Val GTT   4   2   4   4   2   2 | Ala GCT   4   4   3   3   4   4 | Asp GAT   1   1   1   1   1   1 | Gly GGT   2   2   2   2   2   2
    GTC   0   1   0   0   1   1 |     GCC   3   3   4   5   3   3 |     GAC   0   0   0   0   0   0 |     GGC   0   0   0   0   0   0
    GTA   2   2   2   2   2   2 |     GCA   1   1   1   0   1   1 | Glu GAA   1   1   1   1   1   1 |     GGA   2   2   2   2   2   2
    GTG   4   4   4   4   4   4 |     GCG   0   0   0   0   0   0 |     GAG   0   0   0   0   0   0 |     GGG   0   0   0   0   0   0
--------------------------------------------------------------------------------------------------------------------------------------

--------------------------------------------------------------------------------------------------------------------------------------
Phe TTT   4   4   4   4   4   4 | Ser TCT   0   0   0   0   0   0 | Tyr TAT   0   0   0   0   0   0 | Cys TGT   1   1   2   1   1   1
    TTC   2   2   2   2   2   2 |     TCC   1   1   1   1   1   1 |     TAC   4   4   4   4   4   4 |     TGC   2   2   1   2   2   2
Leu TTA   0   0   0   0   0   0 |     TCA   1   1   1   1   1   1 | *** TAA   0   0   0   0   0   0 | *** TGA   0   0   0   0   0   0
    TTG   2   2   2   2   2   2 |     TCG   0   0   0   0   0   0 |     TAG   0   0   0   0   0   0 | Trp TGG   2   2   2   2   2   2
--------------------------------------------------------------------------------------------------------------------------------------
Leu CTT   0   0   0   0   0   0 | Pro CCT   1   1   1   1   1   1 | His CAT   1   1   1   1   1   1 | Arg CGT   1   1   1   1   1   1
    CTC   2   2   2   2   2   2 |     CCC   0   0   0   0   0   0 |     CAC   0   0   0   0   0   0 |     CGC   0   0   0   0   0   0
    CTA   0   0   0   0   0   0 |     CCA   0   0   0   0   0   0 | Gln CAA   0   0   0   0   0   0 |     CGA   0   0   0   0   0   0
    CTG   5   5   5   5   5   5 |     CCG   0   0   0   0   0   0 |     CAG   0   0   0   0   0   0 |     CGG   0   0   0   0   0   0
--------------------------------------------------------------------------------------------------------------------------------------
Ile ATT   2   3   2   3   3   3 | Thr ACT   0   0   0   0   0   0 | Asn AAT   0   0   0   0   0   0 | Ser AGT   0   0   0   0   0   0
    ATC   1   0   1   1   1   1 |     ACC   3   3   3   3   3   3 |     AAC   0   0   0   0   0   0 |     AGC   0   0   0   0   0   0
    ATA   1   1   1   1   1   1 |     ACA   0   0   0   0   0   0 | Lys AAA   4   4   4   4   4   4 | Arg AGA   0   0   0   0   0   0
Met ATG   1   1   1   1   1   1 |     ACG   0   0   0   0   0   0 |     AAG   3   3   3   3   3   3 |     AGG   1   1   1   1   1   1
--------------------------------------------------------------------------------------------------------------------------------------
Val GTT   3   3   3   2   2   2 | Ala GCT   4   4   4   4   4   4 | Asp GAT   1   1   1   1   1   1 | Gly GGT   2   2   2   2   2   2
    GTC   1   1   1   1   1   1 |     GCC   3   3   3   3   3   3 |     GAC   0   0   0   0   0   0 |     GGC   0   0   0   0   0   0
    GTA   2   2   2   2   2   2 |     GCA   1   1   1   1   1   1 | Glu GAA   1   1   1   1   1   1 |     GGA   2   2   2   2   2   2
    GTG   4   4   4   4   4   4 |     GCG   0   0   0   0   0   0 |     GAG   0   0   0   0   0   0 |     GGG   0   0   0   0   0   0
--------------------------------------------------------------------------------------------------------------------------------------

Codon position x base (3x4) table for each sequence.

#1: Argali         
position  1:    T:0.27536    C:0.14493    A:0.23188    G:0.34783
position  2:    T:0.43478    C:0.20290    A:0.20290    G:0.15942
position  3:    T:0.28986    C:0.28986    A:0.15942    G:0.26087
Average         T:0.33333    C:0.21256    A:0.19807    G:0.25604

#2: LesserMouseDeer
position  1:    T:0.27536    C:0.14493    A:0.23188    G:0.34783
position  2:    T:0.43478    C:0.20290    A:0.20290    G:0.15942
position  3:    T:0.30435    C:0.27536    A:0.17391    G:0.24638
Average         T:0.33816    C:0.20773    A:0.20290    G:0.25121

#3: LesserKudu     
position  1:    T:0.27536    C:0.14493    A:0.24638    G:0.33333
position  2:    T:0.43478    C:0.20290    A:0.20290    G:0.15942
position  3:    T:0.28986    C:0.27536    A:0.17391    G:0.26087
Average         T:0.33333    C:0.20773    A:0.20773    G:0.25121

#4: ForestMuskDeer2
position  1:    T:0.27536    C:0.14493    A:0.26087    G:0.31884
position  2:    T:0.43478    C:0.20290    A:0.20290    G:0.15942
position  3:    T:0.28986    C:0.27536    A:0.17391    G:0.26087
Average         T:0.33333    C:0.20773    A:0.21256    G:0.24638

#5: Camel          
position  1:    T:0.27536    C:0.14493    A:0.23188    G:0.34783
position  2:    T:0.43478    C:0.20290    A:0.20290    G:0.15942
position  3:    T:0.30435    C:0.27536    A:0.17391    G:0.24638
Average         T:0.33816    C:0.20773    A:0.20290    G:0.25121

#6: KillerWhale    
position  1:    T:0.27536    C:0.14493    A:0.23188    G:0.34783
position  2:    T:0.43478    C:0.18841    A:0.20290    G:0.17391
position  3:    T:0.30435    C:0.27536    A:0.17391    G:0.24638
Average         T:0.33816    C:0.20290    A:0.20290    G:0.25604

#7: DefassaWaterbuck
position  1:    T:0.27536    C:0.14493    A:0.21739    G:0.36232
position  2:    T:0.43478    C:0.20290    A:0.20290    G:0.15942
position  3:    T:0.28986    C:0.26087    A:0.17391    G:0.27536
Average         T:0.33333    C:0.20290    A:0.19807    G:0.26570

#8: Sheep          
position  1:    T:0.27536    C:0.14493    A:0.23188    G:0.34783
position  2:    T:0.43478    C:0.20290    A:0.20290    G:0.15942
position  3:    T:0.27536    C:0.30435    A:0.15942    G:0.26087
Average         T:0.32850    C:0.21739    A:0.19807    G:0.25604

#9: MaxwellsDuiker 
position  1:    T:0.27536    C:0.14493    A:0.23188    G:0.34783
position  2:    T:0.43478    C:0.20290    A:0.20290    G:0.15942
position  3:    T:0.28986    C:0.27536    A:0.17391    G:0.26087
Average         T:0.33333    C:0.20773    A:0.20290    G:0.25604

#10: GazellaPrzewalskyi
position  1:    T:0.27536    C:0.14493    A:0.23188    G:0.34783
position  2:    T:0.43478    C:0.20290    A:0.20290    G:0.15942
position  3:    T:0.30435    C:0.24638    A:0.17391    G:0.27536
Average         T:0.33816    C:0.19807    A:0.20290    G:0.26087

#11: MountainNyala  
position  1:    T:0.27536    C:0.14493    A:0.24638    G:0.33333
position  2:    T:0.43478    C:0.20290    A:0.20290    G:0.15942
position  3:    T:0.28986    C:0.27536    A:0.17391    G:0.26087
Average         T:0.33333    C:0.20773    A:0.20773    G:0.25121

#12: MuntiacusMuntjak
position  1:    T:0.27536    C:0.14493    A:0.23188    G:0.34783
position  2:    T:0.43478    C:0.20290    A:0.20290    G:0.15942
position  3:    T:0.30435    C:0.26087    A:0.17391    G:0.26087
Average         T:0.33816    C:0.20290    A:0.20290    G:0.25604

#13: goat           
position  1:    T:0.27536    C:0.14493    A:0.23188    G:0.34783
position  2:    T:0.43478    C:0.20290    A:0.20290    G:0.15942
position  3:    T:0.28986    C:0.28986    A:0.15942    G:0.26087
Average         T:0.33333    C:0.21256    A:0.19807    G:0.25604

#14: AfricanBuffalo 
position  1:    T:0.27536    C:0.14493    A:0.24638    G:0.33333
position  2:    T:0.43478    C:0.20290    A:0.20290    G:0.15942
position  3:    T:0.27536    C:0.27536    A:0.17391    G:0.27536
Average         T:0.32850    C:0.20773    A:0.20773    G:0.25604

#15: Topi           
position  1:    T:0.27536    C:0.14493    A:0.23188    G:0.34783
position  2:    T:0.43478    C:0.20290    A:0.20290    G:0.15942
position  3:    T:0.28986    C:0.27536    A:0.15942    G:0.27536
Average         T:0.33333    C:0.20773    A:0.19807    G:0.26087

#16: CommonDuiker   
position  1:    T:0.27536    C:0.14493    A:0.23188    G:0.34783
position  2:    T:0.43478    C:0.20290    A:0.20290    G:0.15942
position  3:    T:0.28986    C:0.27536    A:0.17391    G:0.26087
Average         T:0.33333    C:0.20773    A:0.20290    G:0.25604

#17: Suni           
position  1:    T:0.27536    C:0.14493    A:0.23188    G:0.34783
position  2:    T:0.43478    C:0.20290    A:0.20290    G:0.15942
position  3:    T:0.28986    C:0.26087    A:0.17391    G:0.27536
Average         T:0.33333    C:0.20290    A:0.20290    G:0.26087

#18: Springbuck     
position  1:    T:0.27536    C:0.14493    A:0.24638    G:0.33333
position  2:    T:0.43478    C:0.20290    A:0.20290    G:0.15942
position  3:    T:0.28986    C:0.27536    A:0.17391    G:0.26087
Average         T:0.33333    C:0.20773    A:0.20773    G:0.25121

#19: Okapi          
position  1:    T:0.27536    C:0.14493    A:0.23188    G:0.34783
position  2:    T:0.43478    C:0.20290    A:0.20290    G:0.15942
position  3:    T:0.28986    C:0.27536    A:0.18841    G:0.24638
Average         T:0.33333    C:0.20773    A:0.20773    G:0.25121

#20: Giraffe        
position  1:    T:0.27536    C:0.14493    A:0.23188    G:0.34783
position  2:    T:0.43478    C:0.20290    A:0.20290    G:0.15942
position  3:    T:0.30435    C:0.27536    A:0.15942    G:0.26087
Average         T:0.33816    C:0.20773    A:0.19807    G:0.25604

#21: TibetanAntelope
position  1:    T:0.27536    C:0.14493    A:0.23188    G:0.34783
position  2:    T:0.42029    C:0.21739    A:0.20290    G:0.15942
position  3:    T:0.30435    C:0.26087    A:0.17391    G:0.26087
Average         T:0.33333    C:0.20773    A:0.20290    G:0.25604

#22: Sitatunga      
position  1:    T:0.27536    C:0.14493    A:0.24638    G:0.33333
position  2:    T:0.43478    C:0.20290    A:0.20290    G:0.15942
position  3:    T:0.28986    C:0.27536    A:0.17391    G:0.26087
Average         T:0.33333    C:0.20773    A:0.20773    G:0.25121

#23: Oribi          
position  1:    T:0.27536    C:0.14493    A:0.23188    G:0.34783
position  2:    T:0.43478    C:0.20290    A:0.20290    G:0.15942
position  3:    T:0.28986    C:0.27536    A:0.17391    G:0.26087
Average         T:0.33333    C:0.20773    A:0.20290    G:0.25604

#24: BarbarySheep   
position  1:    T:0.27536    C:0.14493    A:0.23188    G:0.34783
position  2:    T:0.43478    C:0.20290    A:0.20290    G:0.15942
position  3:    T:0.28986    C:0.28986    A:0.15942    G:0.26087
Average         T:0.33333    C:0.21256    A:0.19807    G:0.25604

#25: Daviddeer      
position  1:    T:0.27536    C:0.14493    A:0.23188    G:0.34783
position  2:    T:0.43478    C:0.20290    A:0.20290    G:0.15942
position  3:    T:0.30435    C:0.27536    A:0.17391    G:0.24638
Average         T:0.33816    C:0.20773    A:0.20290    G:0.25121

#26: Reindeer       
position  1:    T:0.27536    C:0.14493    A:0.23188    G:0.34783
position  2:    T:0.43478    C:0.20290    A:0.20290    G:0.15942
position  3:    T:0.28986    C:0.27536    A:0.18841    G:0.24638
Average         T:0.33333    C:0.20773    A:0.20773    G:0.25121

#27: Ibex           
position  1:    T:0.27536    C:0.14493    A:0.23188    G:0.34783
position  2:    T:0.43478    C:0.20290    A:0.20290    G:0.15942
position  3:    T:0.28986    C:0.28986    A:0.15942    G:0.26087
Average         T:0.33333    C:0.21256    A:0.19807    G:0.25604

#28: GyrantGazelle  
position  1:    T:0.27536    C:0.14493    A:0.24638    G:0.33333
position  2:    T:0.43478    C:0.20290    A:0.20290    G:0.15942
position  3:    T:0.28986    C:0.27536    A:0.17391    G:0.26087
Average         T:0.33333    C:0.20773    A:0.20773    G:0.25121

#29: Hartebeest     
position  1:    T:0.27536    C:0.14493    A:0.23188    G:0.34783
position  2:    T:0.43478    C:0.20290    A:0.20290    G:0.15942
position  3:    T:0.28986    C:0.27536    A:0.15942    G:0.27536
Average         T:0.33333    C:0.20773    A:0.19807    G:0.26087

#30: Bongo          
position  1:    T:0.27536    C:0.14493    A:0.24638    G:0.33333
position  2:    T:0.43478    C:0.20290    A:0.20290    G:0.15942
position  3:    T:0.28986    C:0.27536    A:0.17391    G:0.26087
Average         T:0.33333    C:0.20773    A:0.20773    G:0.25121

#31: Gerenuk        
position  1:    T:0.27536    C:0.14493    A:0.24638    G:0.33333
position  2:    T:0.43478    C:0.20290    A:0.20290    G:0.15942
position  3:    T:0.30435    C:0.26087    A:0.17391    G:0.26087
Average         T:0.33816    C:0.20290    A:0.20773    G:0.25121

#32: CommonEland    
position  1:    T:0.27536    C:0.14493    A:0.24638    G:0.33333
position  2:    T:0.43478    C:0.20290    A:0.20290    G:0.15942
position  3:    T:0.28986    C:0.27536    A:0.17391    G:0.26087
Average         T:0.33333    C:0.20773    A:0.20773    G:0.25121

#33: MuntiacusReevesi
position  1:    T:0.27536    C:0.14493    A:0.23188    G:0.34783
position  2:    T:0.43478    C:0.20290    A:0.20290    G:0.15942
position  3:    T:0.30435    C:0.26087    A:0.17391    G:0.26087
Average         T:0.33816    C:0.20290    A:0.20290    G:0.25604

#34: HarveysDuiker  
position  1:    T:0.27536    C:0.14493    A:0.23188    G:0.34783
position  2:    T:0.43478    C:0.20290    A:0.20290    G:0.15942
position  3:    T:0.31884    C:0.26087    A:0.17391    G:0.24638
Average         T:0.34300    C:0.20290    A:0.20290    G:0.25121

#35: Pronghorn      
position  1:    T:0.27536    C:0.14493    A:0.24638    G:0.33333
position  2:    T:0.43478    C:0.20290    A:0.20290    G:0.15942
position  3:    T:0.30435    C:0.24638    A:0.17391    G:0.27536
Average         T:0.33816    C:0.19807    A:0.20773    G:0.25604

#36: BlueWildebeest 
position  1:    T:0.27536    C:0.14493    A:0.23188    G:0.34783
position  2:    T:0.43478    C:0.20290    A:0.20290    G:0.15942
position  3:    T:0.28986    C:0.27536    A:0.15942    G:0.27536
Average         T:0.33333    C:0.20773    A:0.19807    G:0.26087

#37: Gemsbok        
position  1:    T:0.27536    C:0.14493    A:0.21739    G:0.36232
position  2:    T:0.43478    C:0.20290    A:0.20290    G:0.15942
position  3:    T:0.28986    C:0.27536    A:0.18841    G:0.24638
Average         T:0.33333    C:0.20773    A:0.20290    G:0.25604

#38: Yak            
position  1:    T:0.27536    C:0.14493    A:0.24638    G:0.33333
position  2:    T:0.43478    C:0.20290    A:0.20290    G:0.15942
position  3:    T:0.28986    C:0.27536    A:0.17391    G:0.26087
Average         T:0.33333    C:0.20773    A:0.20773    G:0.25121

#39: BlueSheep      
position  1:    T:0.27536    C:0.14493    A:0.23188    G:0.34783
position  2:    T:0.43478    C:0.20290    A:0.20290    G:0.15942
position  3:    T:0.28986    C:0.28986    A:0.15942    G:0.26087
Average         T:0.33333    C:0.21256    A:0.19807    G:0.25604

#40: BohorReedbuck  
position  1:    T:0.27536    C:0.14493    A:0.24638    G:0.33333
position  2:    T:0.43478    C:0.20290    A:0.20290    G:0.15942
position  3:    T:0.28986    C:0.27536    A:0.17391    G:0.26087
Average         T:0.33333    C:0.20773    A:0.20773    G:0.25121

#41: KirksDik       
position  1:    T:0.27536    C:0.14493    A:0.23188    G:0.34783
position  2:    T:0.43478    C:0.20290    A:0.20290    G:0.15942
position  3:    T:0.28986    C:0.27536    A:0.17391    G:0.26087
Average         T:0.33333    C:0.20773    A:0.20290    G:0.25604

#42: RoeDeer        
position  1:    T:0.27536    C:0.14493    A:0.23188    G:0.34783
position  2:    T:0.43478    C:0.20290    A:0.20290    G:0.15942
position  3:    T:0.30435    C:0.27536    A:0.17391    G:0.24638
Average         T:0.33816    C:0.20773    A:0.20290    G:0.25121

#43: WhiteLippedDeer
position  1:    T:0.27536    C:0.14493    A:0.23188    G:0.34783
position  2:    T:0.43478    C:0.20290    A:0.20290    G:0.15942
position  3:    T:0.31884    C:0.26087    A:0.18841    G:0.23188
Average         T:0.34300    C:0.20290    A:0.20773    G:0.24638

#44: ThomsonGazelle 
position  1:    T:0.27536    C:0.14493    A:0.24638    G:0.33333
position  2:    T:0.43478    C:0.20290    A:0.20290    G:0.15942
position  3:    T:0.30435    C:0.26087    A:0.17391    G:0.26087
Average         T:0.33816    C:0.20290    A:0.20773    G:0.25121

#45: MuntiacusCrinifrons
position  1:    T:0.27536    C:0.14493    A:0.23188    G:0.34783
position  2:    T:0.43478    C:0.20290    A:0.20290    G:0.15942
position  3:    T:0.30435    C:0.26087    A:0.17391    G:0.26087
Average         T:0.33816    C:0.20290    A:0.20290    G:0.25604

#46: WhiteTailedDeer
position  1:    T:0.27536    C:0.14493    A:0.23188    G:0.34783
position  2:    T:0.43478    C:0.20290    A:0.20290    G:0.15942
position  3:    T:0.28986    C:0.28986    A:0.17391    G:0.24638
Average         T:0.33333    C:0.21256    A:0.20290    G:0.25121

#47: Cattle         
position  1:    T:0.27536    C:0.14493    A:0.24638    G:0.33333
position  2:    T:0.43478    C:0.20290    A:0.20290    G:0.15942
position  3:    T:0.28986    C:0.27536    A:0.17391    G:0.26087
Average         T:0.33333    C:0.20773    A:0.20773    G:0.25121

#48: RoyalAntelope  
position  1:    T:0.27536    C:0.14493    A:0.24638    G:0.33333
position  2:    T:0.43478    C:0.20290    A:0.20290    G:0.15942
position  3:    T:0.30435    C:0.26087    A:0.17391    G:0.26087
Average         T:0.33816    C:0.20290    A:0.20773    G:0.25121

#49: Steenbok       
position  1:    T:0.27536    C:0.14493    A:0.23188    G:0.34783
position  2:    T:0.43478    C:0.20290    A:0.20290    G:0.15942
position  3:    T:0.28986    C:0.27536    A:0.17391    G:0.26087
Average         T:0.33333    C:0.20773    A:0.20290    G:0.25604

#50: Impala         
position  1:    T:0.27536    C:0.14493    A:0.23188    G:0.34783
position  2:    T:0.43478    C:0.20290    A:0.20290    G:0.15942
position  3:    T:0.30435    C:0.26087    A:0.17391    G:0.26087
Average         T:0.33816    C:0.20290    A:0.20290    G:0.25604

#51: Klipspringer   
position  1:    T:0.27536    C:0.14493    A:0.23188    G:0.34783
position  2:    T:0.43478    C:0.20290    A:0.20290    G:0.15942
