1
52 1
Argali 0.000000 0.322000 0.340900 0.663600 0.150400 0.000000 0.412100 0.173300 0.415600 0.264400 0.019400 0.436100 0.082200 0.180400 0.292700 0.191500 0.532100 0.571300 0.076900 0.394800 0.175500 0.018900 0.387900 0.321200 0.019400 0.171800 0.083100 0.417200 0.367200 0.345200 0.241300 0.297600 0.382100 0.168600 0.059400 0.338600 0.018900 0.149200 0.210800 0.501700 0.294100 0.243800 0.284500 0.729600 0.387100 0.125700 0.242800 0.380600 0.203200 0.456200 0.410700 0.390200
LesserMous 0.322000 0.000000 0.317100 0.506800 0.392900 0.322000 0.616800 0.384700 0.338600 0.223300 0.301200 0.287700 0.358600 0.404800 0.625000 0.321000 0.320000 0.348300 0.337200 0.319300 0.385400 0.343500 0.412900 0.432600 0.301200 0.380000 0.335600 0.292500 0.493400 0.274700 0.248800 0.435600 0.461000 0.403100 0.366800 0.314000 0.301200 0.418400 0.474700 0.590700 0.376800 0.353000 0.242200 0.921500 0.314500 0.299800 0.381800 0.606900 0.404200 0.560200 0.282000 0.269200
LesserKudu 0.340900 0.317100 0.000000 0.353300 0.354500 0.340900 0.720400 0.434400 0.085200 0.237500 0.320100 0.120500 0.375400 0.424900 0.648100 0.398300 0.171300 0.193300 0.355300 0.068300 0.474000 0.362300 0.314600 0.330100 0.320100 0.460300 0.354500 0.085600 0.663600 0.033700 0.216900 0.535100 0.406900 0.426100 0.369300 0.182600 0.320100 0.378600 0.568800 0.436700 0.283400 0.401500 0.256300 0.969100 0.121200 0.378600 0.504200 0.666000 0.425000 0.349000 0.070000 0.067600
KillerWhal 0.663600 0.506800 0.353300 0.000000 0.717200 0.663600 1.339800 0.833800 0.287600 0.564600 0.705700 0.241800 0.742500 0.916800 1.150000 0.869900 0.217200 0.239900 0.580900 0.311000 0.901500 0.689200 0.630100 0.651800 0.705700 0.888000 0.792100 0.331000 1.203300 0.311200 0.537300 1.082300 0.542900 0.813000 0.636900 0.307000 0.705700 0.672800 1.075300 0.641800 0.586300 0.797400 0.586300 1.312800 0.243300 0.818900 0.995000 1.260700 0.827000 0.387000 0.361700 0.308600
DefassaWat 0.150400 0.392900 0.354500 0.717200 0.000000 0.150400 0.436400 0.228900 0.432000 0.329400 0.129700 0.486100 0.179100 0.215000 0.440500 0.197200 0.550500 0.591400 0.167900 0.411100 0.232100 0.171400 0.471300 0.397000 0.129700 0.227200 0.157900 0.437500 0.417800 0.359200 0.304400 0.346100 0.461700 0.201100 0.175700 0.412100 0.129700 0.020700 0.276300 0.529300 0.364400 0.251500 0.350100 0.904200 0.430000 0.155300 0.281900 0.432000 0.188300 0.412100 0.429500 0.406100
Sheep 0.000000 0.322000 0.340900 0.663600 0.150400 0.000000 0.412100 0.173300 0.415600 0.264400 0.019400 0.436100 0.082200 0.180400 0.292700 0.191500 0.532100 0.571300 0.076900 0.394800 0.175500 0.018400 0.387900 0.321200 0.018900 0.171800 0.083100 0.417200 0.367200 0.345200 0.241300 0.297600 0.382100 0.168600 0.059400 0.338600 0.019400 0.149200 0.210800 0.501700 0.294100 0.243800 0.284500 0.729600 0.387100 0.125700 0.242800 0.380600 0.203200 0.456200 0.410700 0.390200
MaxwellsDu 0.412100 0.616800 0.720400 1.339800 0.436400 0.412100 0.000000 0.355500 0.790100 0.644800 0.387400 0.880400 0.391500 0.220200 0.329000 0.404800 0.947100 0.909100 0.426900 0.766500 0.327100 0.439400 0.550600 0.582300 0.387400 0.415300 0.365600 0.810400 0.489900 0.693500 0.608300 0.264800 0.568600 0.417200 0.478700 0.736200 0.387400 0.468100 0.468800 0.841100 0.613300 0.383200 0.667300 0.940400 0.832800 0.359600 0.256600 0.345800 0.461000 0.991700 0.729400 0.759500
GazellaPrz 0.173300 0.384700 0.434400 0.833800 0.228900 0.173300 0.355500 0.000000 0.516100 0.419100 0.200800 0.576000 0.254300 0.214700 0.338400 0.143200 0.642400 0.612700 0.238700 0.494700 0.061500 0.194600 0.335600 0.525700 0.200800 0.169600 0.232700 0.523600 0.226300 0.440200 0.391900 0.276900 0.490500 0.305500 0.217300 0.568100 0.200800 0.252500 0.159100 0.522800 0.391400 0.145400 0.440300 0.824000 0.582300 0.128300 0.137500 0.323600 0.267200 0.567900 0.456200 0.489900
MountainNy 0.415600 0.338600 0.085200 0.287600 0.432000 0.415600 0.790100 0.516100 0.000000 0.281400 0.394100 0.138600 0.399700 0.509600 0.713800 0.477400 0.152400 0.173700 0.377200 0.016300 0.560600 0.437900 0.335800 0.352500 0.394100 0.543200 0.378600 0.033300 0.767800 0.050700 0.260100 0.629600 0.456900 0.451100 0.446200 0.202000 0.394100 0.457600 0.664900 0.460700 0.303800 0.480600 0.300400 1.009600 0.139300 0.456800 0.562400 0.817700 0.449400 0.370100 0.088000 0.050100
MuntiacusM 0.264400 0.223300 0.237500 0.564600 0.329400 0.264400 0.644800 0.419100 0.281400 0.000000 0.243400 0.233500 0.298400 0.375400 0.485500 0.376000 0.288500 0.316300 0.280200 0.262400 0.426300 0.286500 0.295900 0.260600 0.243400 0.383200 0.276600 0.237400 0.510200 0.218400 0.019000 0.491300 0.386100 0.377400 0.344300 0.266800 0.243400 0.354900 0.487900 0.416800 0.213000 0.444500 0.018000 0.831300 0.235300 0.301600 0.425200 0.583600 0.343400 0.411100 0.224600 0.214100
goat 0.019400 0.301200 0.320100 0.705700 0.129700 0.019400 0.387400 0.200800 0.394100 0.243400 0.000000 0.414600 0.062000 0.158900 0.270100 0.171000 0.508700 0.547200 0.057900 0.373500 0.203400 0.038400 0.365400 0.299600 0.000000 0.151100 0.062700 0.395800 0.344200 0.324200 0.220400 0.274700 0.360500 0.148000 0.081300 0.317500 0.000000 0.128700 0.188500 0.477100 0.272700 0.222800 0.263600 0.700600 0.366000 0.105300 0.220000 0.357000 0.181700 0.493600 0.388900 0.369000
AfricanBuf 0.436100 0.287700 0.120500 0.241800 0.486100 0.436100 0.880400 0.576000 0.138600 0.233500 0.414600 0.000000 0.446600 0.570100 0.741400 0.533800 0.080400 0.098800 0.419900 0.121500 0.625000 0.458800 0.334200 0.349900 0.414600 0.604800 0.482200 0.102100 0.793800 0.085300 0.257900 0.695100 0.393000 0.559900 0.467200 0.140500 0.414600 0.450900 0.692400 0.393700 0.301700 0.538000 0.251900 0.991700 0.032500 0.510200 0.629000 0.896400 0.564800 0.364800 0.124400 0.084200
Topi 0.082200 0.358600 0.375400 0.742500 0.179100 0.082200 0.391500 0.254300 0.399700 0.298400 0.062000 0.446600 0.000000 0.212100 0.305700 0.221100 0.571800 0.613500 0.079200 0.379100 0.258000 0.102400 0.429300 0.332100 0.062000 0.200800 0.020800 0.404600 0.353000 0.380200 0.274100 0.341000 0.423200 0.105100 0.149500 0.404900 0.062000 0.153000 0.276300 0.557000 0.328500 0.277200 0.318800 0.773400 0.393700 0.153200 0.279700 0.361000 0.237100 0.560100 0.451000 0.427400
CommonDuik 0.180400 0.404800 0.424900 0.916800 0.215000 0.180400 0.220200 0.214700 0.509600 0.375400 0.158900 0.570100 0.212100 0.000000 0.295700 0.259100 0.635700 0.682200 0.197900 0.487900 0.190200 0.202500 0.428000 0.451900 0.158900 0.294500 0.189800 0.517400 0.377300 0.431100 0.348300 0.098700 0.446500 0.234100 0.259300 0.521700 0.158900 0.239500 0.293000 0.563200 0.350900 0.238500 0.396700 0.922500 0.539200 0.137000 0.179900 0.460400 0.169300 0.632400 0.448200 0.482000
Suni 0.292700 0.625000 0.648100 1.150000 0.440500 0.292700 0.329000 0.338400 0.713800 0.485500 0.270100 0.741400 0.305700 0.295700 0.000000 0.356600 0.864700 0.828000 0.339500 0.689800 0.345000 0.316600 0.509700 0.500800 0.270100 0.365400 0.309000 0.721100 0.316300 0.622700 0.455300 0.381300 0.564800 0.420800 0.382800 0.538800 0.270100 0.436600 0.335600 0.786200 0.459100 0.366100 0.506900 0.864700 0.671500 0.336900 0.343800 0.327200 0.386100 0.892900 0.647900 0.682100
Springbuck 0.191500 0.321000 0.398300 0.869900 0.197200 0.191500 0.404800 0.143200 0.477400 0.376000 0.171000 0.533800 0.221100 0.259100 0.356600 0.000000 0.601500 0.572400 0.208300 0.455900 0.101200 0.212400 0.415700 0.473700 0.171000 0.099500 0.200300 0.483300 0.244400 0.403400 0.350500 0.322800 0.474500 0.294500 0.235000 0.458100 0.171000 0.219600 0.178300 0.617300 0.411200 0.078300 0.396700 0.829700 0.475700 0.146500 0.181300 0.284100 0.285200 0.662100 0.475800 0.451100
Okapi 0.532100 0.320000 0.171300 0.217200 0.550500 0.532100 0.947100 0.642400 0.152400 0.288500 0.508700 0.080400 0.571800 0.635700 0.864700 0.601500 0.000000 0.015400 0.435400 0.172300 0.693900 0.555500 0.389300 0.431900 0.508700 0.674400 0.549800 0.152500 0.919900 0.135700 0.314200 0.768900 0.352000 0.567400 0.507100 0.172500 0.508700 0.578200 0.814600 0.454400 0.356900 0.602600 0.307200 1.128600 0.115400 0.575600 0.695700 0.977600 0.571400 0.328600 0.175900 0.133700
Giraffe 0.571300 0.348300 0.193300 0.239900 0.591400 0.571300 0.909100 0.612700 0.173700 0.316300 0.547200 0.098800 0.613500 0.682200 0.828000 0.572400 0.015400 0.000000 0.469500 0.194500 0.662200 0.595900 0.367200 0.466100 0.547200 0.643300 0.590300 0.173900 0.881400 0.156400 0.343300 0.823100 0.381900 0.608500 0.545600 0.194600 0.547200 0.620600 0.778400 0.490700 0.387500 0.574200 0.335500 1.086700 0.135100 0.617300 0.664300 0.937900 0.614700 0.355800 0.198500 0.154200
TibetanAnt 0.076900 0.337200 0.355300 0.580900 0.167900 0.076900 0.426900 0.238700 0.377200 0.280200 0.057900 0.419900 0.079200 0.197900 0.339500 0.208300 0.435400 0.469500 0.000000 0.408400 0.241500 0.095800 0.402600 0.366500 0.057900 0.189100 0.101500 0.430500 0.386200 0.359600 0.257600 0.313900 0.396300 0.141000 0.098500 0.380700 0.057900 0.143500 0.256400 0.514800 0.309900 0.260000 0.300000 0.794900 0.373000 0.143100 0.260200 0.395500 0.172300 0.471200 0.424300 0.403800
Sitatunga 0.394800 0.319300 0.068300 0.311000 0.411100 0.394800 0.766500 0.494700 0.016300 0.262400 0.373500 0.121500 0.379100 0.487900 0.689800 0.455900 0.172300 0.194500 0.408400 0.000000 0.538400 0.417100 0.316600 0.333200 0.373500 0.521100 0.357800 0.016700 0.744400 0.033900 0.241100 0.607000 0.436200 0.430100 0.425200 0.184000 0.373500 0.436600 0.640600 0.439900 0.284800 0.459500 0.281300 0.983400 0.122100 0.436400 0.540100 0.793000 0.488100 0.351000 0.070700 0.032400
Oribi 0.175500 0.385400 0.474000 0.901500 0.232100 0.175500 0.327100 0.061500 0.560600 0.426300 0.203400 0.625000 0.258000 0.190200 0.345000 0.101200 0.693900 0.662200 0.241500 0.538400 0.000000 0.197100 0.438900 0.535800 0.203400 0.125700 0.236000 0.569400 0.230500 0.480700 0.398500 0.250800 0.462000 0.280300 0.220200 0.578200 0.203400 0.256100 0.161500 0.576800 0.465100 0.125200 0.447600 0.845100 0.592300 0.130000 0.114400 0.328300 0.271400 0.618400 0.499200 0.533000
BarbaryShe 0.018900 0.343500 0.362300 0.689200 0.171400 0.018400 0.439400 0.194600 0.437900 0.286500 0.038400 0.458800 0.102400 0.202500 0.316600 0.212400 0.555500 0.595900 0.095800 0.417100 0.197100 0.000000 0.412600 0.344300 0.038700 0.192800 0.103500 0.439800 0.391700 0.366800 0.263200 0.322100 0.404400 0.189200 0.079000 0.359800 0.038700 0.170100 0.233500 0.528900 0.316700 0.265700 0.306500 0.764000 0.408900 0.146300 0.266500 0.405600 0.225200 0.479400 0.433700 0.412400
Daviddeer 0.387900 0.412900 0.314600 0.630100 0.471300 0.387900 0.550600 0.335600 0.335800 0.295900 0.365400 0.334200 0.429300 0.428000 0.509700 0.415700 0.389300 0.367200 0.402600 0.316600 0.438900 0.412600 0.000000 0.273300 0.365400 0.424000 0.405400 0.340400 0.562400 0.270700 0.271500 0.480500 0.371900 0.488100 0.446600 0.375900 0.365400 0.501000 0.538600 0.376600 0.060700 0.422800 0.315900 0.581400 0.336000 0.400100 0.373400 0.496500 0.494600 0.477300 0.329900 0.314700
Reindeer 0.321200 0.432600 0.330100 0.651800 0.397000 0.321200 0.582300 0.525700 0.352500 0.260600 0.299600 0.349900 0.332100 0.451900 0.500800 0.473700 0.431900 0.466100 0.366500 0.333200 0.535800 0.344300 0.273300 0.000000 0.299600 0.484000 0.337800 0.357600 0.589700 0.286500 0.237600 0.588600 0.487700 0.446600 0.409100 0.312700 0.299600 0.394000 0.532300 0.369300 0.191600 0.554100 0.280000 0.512700 0.302700 0.426300 0.468000 0.683700 0.485700 0.383600 0.345600 0.329600
Ibex 0.019400 0.301200 0.320100 0.705700 0.129700 0.018900 0.387400 0.200800 0.394100 0.243400 0.000000 0.414600 0.062000 0.158900 0.270100 0.171000 0.508700 0.547200 0.057900 0.373500 0.203400 0.038700 0.365400 0.299600 0.000000 0.151100 0.062700 0.395800 0.344200 0.324200 0.220400 0.274700 0.360500 0.148000 0.081300 0.317500 0.000000 0.128700 0.188500 0.477100 0.272700 0.222800 0.263600 0.700600 0.366000 0.105300 0.220000 0.357000 0.181700 0.493600 0.388900 0.369000
GyrantGaze 0.171800 0.380000 0.460300 0.888000 0.227200 0.171800 0.415300 0.169600 0.543200 0.383200 0.151100 0.604800 0.200800 0.294500 0.365400 0.099500 0.674400 0.643300 0.189100 0.521100 0.125700 0.192800 0.424000 0.484000 0.151100 0.000000 0.179900 0.550700 0.278300 0.466600 0.357300 0.363900 0.426300 0.274300 0.215400 0.526500 0.151100 0.250500 0.209100 0.631500 0.419300 0.101400 0.404000 0.768100 0.542000 0.173700 0.185400 0.237200 0.321900 0.674500 0.546800 0.516500
Hartebeest 0.083100 0.335600 0.354500 0.792100 0.157900 0.083100 0.365600 0.232700 0.378600 0.276600 0.062700 0.482200 0.020800 0.189800 0.309000 0.200300 0.549800 0.590300 0.101500 0.357800 0.236000 0.103500 0.405400 0.337800 0.062700 0.179900 0.000000 0.380500 0.356800 0.359200 0.252500 0.312100 0.398700 0.084200 0.151200 0.408800 0.062700 0.180700 0.279800 0.526200 0.306500 0.255700 0.297200 0.781900 0.429800 0.131500 0.256100 0.334800 0.213600 0.537900 0.428700 0.405800
Bongo 0.417200 0.292500 0.085600 0.331000 0.437500 0.417200 0.810400 0.523600 0.033300 0.237400 0.395800 0.102100 0.404600 0.517400 0.721100 0.483300 0.152500 0.173900 0.430500 0.016700 0.569400 0.439800 0.340400 0.357600 0.395800 0.550700 0.380500 0.000000 0.776800 0.051000 0.262300 0.636000 0.461000 0.453500 0.448400 0.202500 0.395800 0.463900 0.670400 0.464400 0.307100 0.487200 0.256000 1.025400 0.140200 0.460300 0.572400 0.828200 0.513400 0.372800 0.088600 0.016500
Gerenuk 0.367200 0.493400 0.663600 1.203300 0.417800 0.367200 0.489900 0.226300 0.767800 0.510200 0.344200 0.793800 0.353000 0.377300 0.316300 0.244400 0.919900 0.881400 0.386200 0.744400 0.230500 0.391700 0.562400 0.589700 0.344200 0.278300 0.356800 0.776800 0.000000 0.675300 0.479900 0.457700 0.704300 0.472200 0.417500 0.692500 0.344200 0.414100 0.269000 0.927100 0.554700 0.250300 0.532400 0.939900 0.722500 0.286800 0.345200 0.301700 0.330900 1.069400 0.626400 0.739600
CommonElan 0.345200 0.274700 0.033700 0.311200 0.359200 0.345200 0.693500 0.440200 0.050700 0.218400 0.324200 0.085300 0.380200 0.431100 0.622700 0.403400 0.135700 0.156400 0.359600 0.033900 0.480700 0.366800 0.270700 0.286500 0.324200 0.466600 0.359200 0.051000 0.675300 0.000000 0.197800 0.543900 0.385800 0.431700 0.374000 0.144900 0.324200 0.383700 0.577600 0.387700 0.241200 0.406900 0.237100 0.896800 0.085900 0.384200 0.480200 0.722600 0.431600 0.307200 0.034800 0.033600
MuntiacusR 0.241300 0.248800 0.216900 0.537300 0.304400 0.241300 0.608300 0.391900 0.260100 0.019000 0.220400 0.257900 0.274100 0.348300 0.455300 0.350500 0.314200 0.343300 0.257600 0.241100 0.398500 0.263200 0.271500 0.237600 0.220400 0.357300 0.252500 0.262300 0.479900 0.197800 0.000000 0.460600 0.361200 0.351900 0.319700 0.245100 0.220400 0.329400 0.457800 0.389700 0.190800 0.417000 0.036500 0.790300 0.215100 0.277200 0.396000 0.551600 0.317500 0.387500 0.203500 0.238200
HarveysDui 0.297600 0.435600 0.535100 1.082300 0.346100 0.297600 0.264800 0.276900 0.629600 0.491300 0.274700 0.695100 0.341000 0.098700 0.381300 0.322800 0.768900 0.823100 0.313900 0.607000 0.250800 0.322100 0.480500 0.588600 0.274700 0.363900 0.312100 0.636000 0.457700 0.543900 0.460600 0.000000 0.497200 0.362300 0.348300 0.572300 0.274700 0.374400 0.365500 0.722400 0.434500 0.302000 0.513000 1.050400 0.664600 0.190900 0.245200 0.520700 0.294900 0.787100 0.568300 0.600500
Pronghorn 0.382100 0.461000 0.406900 0.542900 0.461700 0.382100 0.568600 0.490500 0.456900 0.386100 0.360500 0.393000 0.423200 0.446500 0.564800 0.474500 0.352000 0.381900 0.396300 0.436200 0.462000 0.404400 0.371900 0.487700 0.360500 0.426300 0.398700 0.461000 0.704300 0.385800 0.361200 0.497200 0.000000 0.442000 0.437200 0.302300 0.360500 0.488600 0.524800 0.539500 0.361300 0.456300 0.405900 0.907900 0.371100 0.392800 0.462700 0.569000 0.545700 0.547700 0.453200 0.431900
BlueWildeb 0.168600 0.403100 0.426100 0.813000 0.201100 0.168600 0.417200 0.305500 0.451100 0.377400 0.148000 0.559900 0.105100 0.234100 0.420800 0.294500 0.567400 0.608500 0.141000 0.430100 0.280300 0.189200 0.488100 0.446600 0.148000 0.274300 0.084200 0.453500 0.472200 0.431700 0.351900 0.362300 0.442000 0.000000 0.193400 0.514500 0.148000 0.223900 0.390000 0.621800 0.410600 0.328000 0.398100 0.970100 0.534700 0.222200 0.303300 0.447500 0.314100 0.494100 0.506600 0.479800
Gemsbok 0.059400 0.366800 0.369300 0.636900 0.175700 0.059400 0.478700 0.217300 0.446200 0.344300 0.081300 0.467200 0.149500 0.259300 0.382800 0.235000 0.507100 0.545600 0.098500 0.425200 0.220200 0.079000 0.446600 0.409100 0.081300 0.215400 0.151200 0.448400 0.417500 0.374000 0.319700 0.348300 0.437200 0.193400 0.000000 0.367000 0.081300 0.174200 0.259200 0.613200 0.378900 0.289100 0.364900 0.814900 0.416700 0.168400 0.292300 0.441200 0.231100 0.430700 0.442700 0.420300
Yak 0.338600 0.314000 0.182600 0.307000 0.412100 0.338600 0.736200 0.568100 0.202000 0.266800 0.317500 0.140500 0.404900 0.521700 0.538800 0.458100 0.172500 0.194600 0.380700 0.184000 0.578200 0.359800 0.375900 0.312700 0.317500 0.526500 0.408800 0.202500 0.692500 0.144900 0.245100 0.572300 0.302300 0.514500 0.367000 0.000000 0.317500 0.408900 0.565600 0.475100 0.290100 0.527200 0.286000 0.891800 0.104300 0.434500 0.579800 0.713800 0.486600 0.407600 0.189400 0.182100
BlueSheep 0.018900 0.301200 0.320100 0.705700 0.129700 0.019400 0.387400 0.200800 0.394100 0.243400 0.000000 0.414600 0.062000 0.158900 0.270100 0.171000 0.508700 0.547200 0.057900 0.373500 0.203400 0.038700 0.365400 0.299600 0.000000 0.151100 0.062700 0.395800 0.344200 0.324200 0.220400 0.274700 0.360500 0.148000 0.081300 0.317500 0.000000 0.128700 0.188500 0.477100 0.272700 0.222800 0.263600 0.700600 0.366000 0.105300 0.220000 0.357000 0.181700 0.493600 0.388900 0.369000
BohorReedb 0.149200 0.418400 0.378600 0.672800 0.020700 0.149200 0.468100 0.252500 0.457600 0.354900 0.128700 0.450900 0.153000 0.239500 0.436600 0.219600 0.578200 0.620600 0.143500 0.436600 0.256100 0.170100 0.501000 0.394000 0.128700 0.250500 0.180700 0.463900 0.414100 0.383700 0.329400 0.374400 0.488600 0.223900 0.174200 0.408900 0.128700 0.000000 0.273800 0.561700 0.390800 0.275200 0.375600 0.894800 0.397100 0.177700 0.308600 0.461000 0.212300 0.437300 0.456200 0.431500
KirksDik 0.210800 0.474700 0.568800 1.075300 0.276300 0.210800 0.468800 0.159100 0.664900 0.487900 0.188500 0.692400 0.276300 0.293000 0.335600 0.178300 0.814600 0.778400 0.256400 0.640600 0.161500 0.233500 0.538600 0.532300 0.188500 0.209100 0.279800 0.670400 0.269000 0.577600 0.457800 0.365500 0.524800 0.390000 0.259200 0.565600 0.188500 0.273800 0.000000 0.700900 0.531800 0.233100 0.510600 0.732300 0.626200 0.162400 0.149300 0.456100 0.285600 0.841200 0.601600 0.634300
RoeDeer 0.501700 0.590700 0.436700 0.641800 0.529300 0.501700 0.841100 0.522800 0.460700 0.416800 0.477100 0.393700 0.557000 0.563200 0.786200 0.617300 0.454400 0.490700 0.514800 0.439900 0.576800 0.528900 0.376600 0.369300 0.477100 0.631500 0.526200 0.464400 0.927100 0.387700 0.389700 0.722400 0.539500 0.621800 0.613200 0.475100 0.477100 0.561700 0.700900 0.000000 0.336100 0.627200 0.437200 0.758400 0.400000 0.488600 0.585100 0.880200 0.623100 0.381500 0.402300 0.436000
WhiteLippe 0.294100 0.376800 0.283400 0.586300 0.364400 0.294100 0.613300 0.391400 0.303800 0.213000 0.272700 0.301700 0.328500 0.350900 0.459100 0.411200 0.356900 0.387500 0.309900 0.284800 0.465100 0.316700 0.060700 0.191600 0.272700 0.419300 0.306500 0.307100 0.554700 0.241200 0.190800 0.434500 0.361300 0.410600 0.378900 0.290100 0.272700 0.390800 0.531800 0.336100 0.000000 0.483500 0.232500 0.601900 0.256800 0.333800 0.399200 0.518700 0.381200 0.439200 0.296400 0.283000
ThomsonGaz 0.243800 0.353000 0.401500 0.797400 0.251500 0.243800 0.383200 0.145400 0.480600 0.444500 0.222800 0.538000 0.277200 0.238500 0.366100 0.078300 0.602600 0.574200 0.260000 0.459500 0.125200 0.265700 0.422800 0.554100 0.222800 0.101400 0.255700 0.487200 0.250300 0.406900 0.417000 0.302000 0.456300 0.328000 0.289100 0.527200 0.222800 0.275200 0.233100 0.627200 0.483500 0.000000 0.465300 0.882700 0.543700 0.196500 0.211400 0.237500 0.349400 0.665800 0.480900 0.455100
MuntiacusC 0.284500 0.242200 0.256300 0.586300 0.350100 0.284500 0.667300 0.440300 0.300400 0.018000 0.263600 0.251900 0.318800 0.396700 0.506900 0.396700 0.307200 0.335500 0.300000 0.281300 0.447600 0.306500 0.315900 0.280000 0.263600 0.404000 0.297200 0.256000 0.532400 0.237100 0.036500 0.513000 0.405900 0.398100 0.364900 0.286000 0.263600 0.375600 0.510600 0.437200 0.232500 0.465300 0.000000 0.852900 0.253900 0.322100 0.447200 0.605500 0.364600 0.431300 0.243600 0.232400
WhiteTaile 0.729600 0.921500 0.969100 1.312800 0.904200 0.729600 0.940400 0.824000 1.009600 0.831300 0.700600 0.991700 0.773400 0.922500 0.864700 0.829700 1.128600 1.086700 0.794900 0.983400 0.845100 0.764000 0.581400 0.512700 0.700600 0.768100 0.781900 1.025400 0.939900 0.896800 0.790300 1.050400 0.907900 0.970100 0.814900 0.891800 0.700600 0.894800 0.732300 0.758400 0.601900 0.882700 0.852900 0.000000 0.900100 0.757000 0.659600 0.703300 0.855400 1.104900 0.865900 0.974600
Cattle 0.387100 0.314500 0.121200 0.243300 0.430000 0.387100 0.832800 0.582300 0.139300 0.235300 0.366000 0.032500 0.393700 0.539200 0.671500 0.475700 0.115400 0.135100 0.373000 0.122100 0.592300 0.408900 0.336000 0.302700 0.366000 0.542000 0.429800 0.140200 0.722500 0.085900 0.215100 0.664600 0.371100 0.534700 0.416700 0.104300 0.366000 0.397100 0.626200 0.400000 0.256800 0.543700 0.253900 0.900100 0.000000 0.456100 0.595100 0.812800 0.507200 0.368000 0.125200 0.120900
RoyalAntel 0.125700 0.299800 0.378600 0.818900 0.155300 0.125700 0.359600 0.128300 0.456800 0.301600 0.105300 0.510200 0.153200 0.137000 0.336900 0.146500 0.575600 0.617300 0.143100 0.436400 0.130000 0.146300 0.400100 0.426300 0.105300 0.173700 0.131500 0.460300 0.286800 0.384200 0.277200 0.190900 0.392800 0.222200 0.168400 0.434500 0.105300 0.177700 0.162400 0.488600 0.333800 0.196500 0.322100 0.757000 0.456100 0.000000 0.166700 0.392600 0.159900 0.564400 0.398700 0.431500
Steenbok 0.242800 0.381800 0.504200 0.995000 0.281900 0.242800 0.256600 0.137500 0.562400 0.425200 0.220000 0.629000 0.279700 0.179900 0.343800 0.181300 0.695700 0.664300 0.260200 0.540100 0.114400 0.266500 0.373400 0.468000 0.220000 0.185400 0.256100 0.572400 0.345200 0.480200 0.396000 0.245200 0.462700 0.303300 0.292300 0.579800 0.220000 0.308600 0.149300 0.585100 0.399200 0.211400 0.447200 0.659600 0.595100 0.166700 0.000000 0.424100 0.266900 0.702000 0.500700 0.534300
Impala 0.380600 0.606900 0.666000 1.260700 0.432000 0.380600 0.345800 0.323600 0.817700 0.583600 0.357000 0.896400 0.361000 0.460400 0.327200 0.284100 0.977600 0.937900 0.395500 0.793000 0.328300 0.405600 0.496500 0.683700 0.357000 0.237200 0.334800 0.828200 0.301700 0.722600 0.551600 0.520700 0.569000 0.447500 0.441200 0.713800 0.357000 0.461000 0.456100 0.880200 0.518700 0.237500 0.605500 0.703300 0.812800 0.392600 0.424100 0.000000 0.522900 1.015300 0.788900 0.786200
Klipspring 0.203200 0.404200 0.425000 0.827000 0.188300 0.203200 0.461000 0.267200 0.449400 0.343400 0.181700 0.564800 0.237100 0.169300 0.386100 0.285200 0.571400 0.614700 0.172300 0.488100 0.271400 0.225200 0.494600 0.485700 0.181700 0.321900 0.213600 0.513400 0.330900 0.431600 0.317500 0.294900 0.545700 0.314100 0.231100 0.486600 0.181700 0.212300 0.285600 0.623100 0.381200 0.349400 0.364600 0.855400 0.507200 0.159900 0.266900 0.522900 0.000000 0.635400 0.387300 0.481800
ForestMusk 0.456200 0.560200 0.349000 0.387000 0.412100 0.456200 0.991700 0.567900 0.370100 0.411100 0.493600 0.364800 0.560100 0.632400 0.892900 0.662100 0.328600 0.355800 0.471200 0.351000 0.618400 0.479400 0.477300 0.383600 0.493600 0.674500 0.537900 0.372800 1.069400 0.307200 0.387500 0.787100 0.547700 0.494100 0.430700 0.407600 0.493600 0.437300 0.841200 0.381500 0.439200 0.665800 0.431300 1.104900 0.368000 0.564400 0.702000 1.015300 0.635400 0.000000 0.361700 0.347500
Bushbuck 0.410700 0.282000 0.070000 0.361700 0.429500 0.410700 0.729400 0.456200 0.088000 0.224600 0.388900 0.124400 0.451000 0.448200 0.647900 0.475800 0.175900 0.198500 0.424300 0.070700 0.499200 0.433700 0.329900 0.345600 0.388900 0.546800 0.428700 0.088600 0.626400 0.034800 0.203500 0.568300 0.453200 0.506600 0.442700 0.189400 0.388900 0.456200 0.601600 0.402300 0.296400 0.480900 0.243600 0.865900 0.125200 0.398700 0.500700 0.788900 0.387300 0.361700 0.000000 0.069900
GreaterKud 0.390200 0.269200 0.067600 0.308600 0.406100 0.390200 0.759500 0.489900 0.050100 0.214100 0.369000 0.084200 0.427400 0.482000 0.682100 0.451100 0.133700 0.154200 0.403800 0.032400 0.533000 0.412400 0.314700 0.329600 0.369000 0.516500 0.405800 0.016500 0.739600 0.033600 0.238200 0.600500 0.431900 0.479800 0.420300 0.182100 0.369000 0.431500 0.634300 0.436000 0.283000 0.455100 0.232400 0.974600 0.120900 0.431500 0.534300 0.786200 0.481800 0.347500 0.069900 0.000000
