1
52 1
Argali 0.000000 0.235100 0.088100 0.183100 0.087700 0.003100 0.057800 0.070700 0.084300 0.115400 0.028300 0.091200 0.057700 0.064900 0.060700 0.071100 0.082100 0.091700 0.060400 0.094800 0.070900 0.025300 0.071700 0.085000 0.025100 0.111000 0.061100 0.081000 0.060900 0.084500 0.123200 0.057900 0.115600 0.064600 0.048000 0.088000 0.021900 0.070800 0.081200 0.109200 0.075000 0.084000 0.112000 0.082000 0.095200 0.067900 0.067400 0.054500 0.064400 0.074900 0.074300 0.074200
LesserMous 0.235100 0.000000 0.261400 0.300000 0.247600 0.235200 0.240000 0.239200 0.256400 0.251800 0.214700 0.260200 0.235800 0.250000 0.219200 0.257200 0.239800 0.269200 0.263400 0.261500 0.256800 0.236000 0.220800 0.249300 0.218800 0.276800 0.239800 0.269400 0.252100 0.261100 0.264900 0.236600 0.272600 0.240400 0.248600 0.266100 0.219100 0.248000 0.249100 0.262300 0.228700 0.263800 0.259400 0.246000 0.270600 0.240800 0.251900 0.240000 0.248700 0.235600 0.252700 0.252300
LesserKudu 0.088100 0.261400 0.000000 0.183100 0.098200 0.084700 0.088200 0.080900 0.034700 0.126500 0.064200 0.064300 0.067800 0.081800 0.091500 0.094900 0.082200 0.095400 0.083900 0.021900 0.088000 0.071200 0.095800 0.092000 0.067500 0.136000 0.071100 0.038000 0.098300 0.028400 0.145300 0.061300 0.133500 0.074700 0.064600 0.067900 0.064300 0.067600 0.091200 0.116400 0.106200 0.108200 0.126400 0.089000 0.061300 0.071400 0.091200 0.071200 0.084700 0.071500 0.025200 0.012500
KillerWhal 0.183100 0.300000 0.183100 0.000000 0.197200 0.183100 0.199200 0.185600 0.177900 0.225100 0.170300 0.201600 0.178100 0.179900 0.199000 0.210500 0.172400 0.178300 0.203900 0.190100 0.190000 0.174600 0.186700 0.186700 0.174200 0.253200 0.177400 0.174100 0.210300 0.174200 0.238200 0.164000 0.229300 0.170500 0.175800 0.198100 0.166800 0.169800 0.205900 0.205900 0.194600 0.221300 0.220700 0.183900 0.194600 0.167700 0.193500 0.155700 0.182500 0.156000 0.162800 0.178300
DefassaWat 0.087700 0.247600 0.098200 0.197200 0.000000 0.084300 0.070700 0.084200 0.087600 0.122500 0.057300 0.108200 0.077400 0.078000 0.084500 0.098200 0.106100 0.102000 0.083700 0.105100 0.087800 0.070900 0.088000 0.091700 0.060600 0.121500 0.080800 0.091100 0.094600 0.087700 0.141100 0.074400 0.133200 0.084400 0.084600 0.112300 0.064000 0.041000 0.084500 0.115600 0.098300 0.114900 0.129700 0.095500 0.112500 0.084600 0.097900 0.070900 0.094700 0.084800 0.084300 0.091100
Sheep 0.003100 0.235200 0.084700 0.183100 0.084300 0.000000 0.054500 0.067400 0.081000 0.111900 0.025100 0.087800 0.054400 0.061500 0.057400 0.067800 0.085500 0.095200 0.057100 0.091400 0.067600 0.022100 0.068300 0.081600 0.021900 0.107600 0.057700 0.084500 0.057600 0.081100 0.123200 0.054600 0.119200 0.061200 0.044700 0.084600 0.018800 0.067500 0.077800 0.105700 0.078400 0.080600 0.112000 0.078600 0.091700 0.064600 0.064100 0.051200 0.067800 0.071500 0.077700 0.070900
MaxwellsDu 0.057800 0.240000 0.088200 0.199200 0.070700 0.054500 0.000000 0.064100 0.081000 0.122600 0.041200 0.091200 0.050900 0.031700 0.064400 0.064500 0.096000 0.098700 0.073700 0.091400 0.064400 0.041400 0.071600 0.085000 0.044500 0.097500 0.054200 0.084500 0.067700 0.081100 0.141300 0.031600 0.112200 0.057700 0.047800 0.095100 0.047800 0.060900 0.067800 0.109200 0.081800 0.084200 0.129800 0.082000 0.095300 0.061300 0.074300 0.054500 0.064500 0.074900 0.081200 0.081100
GazellaPrz 0.070700 0.239200 0.080900 0.185600 0.084200 0.067400 0.064100 0.000000 0.077200 0.122100 0.047400 0.083900 0.057400 0.057900 0.063700 0.056900 0.081600 0.098200 0.063400 0.087600 0.056800 0.047600 0.091700 0.087300 0.050700 0.082900 0.063500 0.080700 0.066800 0.077400 0.140600 0.044500 0.122000 0.064200 0.054300 0.094700 0.047500 0.063400 0.054100 0.108100 0.095100 0.063000 0.122000 0.077500 0.081100 0.041200 0.060500 0.041200 0.063600 0.067700 0.074000 0.073900
MountainNy 0.084300 0.256400 0.034700 0.177900 0.087600 0.081000 0.081000 0.077200 0.000000 0.122500 0.060600 0.067400 0.060800 0.074700 0.087800 0.091200 0.081800 0.091600 0.080200 0.034600 0.077500 0.067600 0.091900 0.088200 0.063900 0.139100 0.064100 0.028100 0.094500 0.018700 0.141100 0.061000 0.129500 0.067700 0.071000 0.071100 0.060700 0.057400 0.087500 0.112400 0.102300 0.111200 0.122400 0.085200 0.064500 0.074400 0.087500 0.060900 0.081000 0.067900 0.021900 0.028200
MuntiacusM 0.115400 0.251800 0.126500 0.225100 0.122500 0.111900 0.122600 0.122100 0.122500 0.000000 0.097600 0.133100 0.119100 0.119400 0.112000 0.129800 0.123300 0.119000 0.118000 0.126400 0.136800 0.101600 0.077700 0.081100 0.094200 0.149900 0.122600 0.126200 0.125700 0.122700 0.034400 0.115900 0.125600 0.126500 0.112300 0.137400 0.090900 0.125900 0.119100 0.105100 0.087800 0.128800 0.018600 0.091700 0.137700 0.119600 0.111800 0.112100 0.122800 0.105200 0.119200 0.119000
goat 0.028300 0.214700 0.064200 0.170300 0.057300 0.025100 0.041200 0.047400 0.060600 0.097600 0.000000 0.073900 0.034700 0.041500 0.044400 0.054200 0.064800 0.074400 0.044000 0.070700 0.060700 0.015600 0.061300 0.061100 0.003000 0.093500 0.037900 0.064000 0.044300 0.060700 0.108600 0.034800 0.104600 0.041300 0.038100 0.070900 0.012400 0.041000 0.057500 0.084600 0.071300 0.066900 0.097700 0.058100 0.071000 0.044500 0.050700 0.031500 0.054200 0.051200 0.057400 0.057400
AfricanBuf 0.091200 0.260200 0.064300 0.201600 0.108200 0.087800 0.091200 0.083900 0.067400 0.133100 0.073900 0.000000 0.077600 0.084800 0.087700 0.098100 0.095500 0.091500 0.087000 0.070900 0.101300 0.074200 0.091900 0.095000 0.077300 0.139000 0.080900 0.070800 0.108200 0.060800 0.152000 0.077800 0.140300 0.077800 0.087900 0.034500 0.074000 0.084100 0.101400 0.101900 0.095200 0.118200 0.133000 0.085100 0.028200 0.088000 0.108100 0.067500 0.087800 0.067800 0.051000 0.057500
Topi 0.057700 0.235800 0.067800 0.178100 0.077400 0.054400 0.050900 0.057400 0.060800 0.119100 0.034700 0.077600 0.000000 0.044700 0.067700 0.061000 0.082000 0.091700 0.067000 0.071000 0.070900 0.041400 0.078200 0.078100 0.037900 0.118200 0.003100 0.070900 0.070900 0.060900 0.137700 0.038000 0.112000 0.006200 0.041200 0.081400 0.041200 0.057500 0.067700 0.105600 0.088400 0.090800 0.119100 0.075100 0.074700 0.054500 0.060800 0.047900 0.064400 0.061300 0.061000 0.060900
CommonDuik 0.064900 0.250000 0.081800 0.179900 0.078000 0.061500 0.031700 0.057900 0.074700 0.119400 0.041500 0.084800 0.044700 0.000000 0.064800 0.064800 0.089600 0.092400 0.074200 0.085100 0.071400 0.048200 0.082000 0.078600 0.044700 0.111900 0.047900 0.078200 0.074800 0.074800 0.138000 0.018900 0.120000 0.048000 0.041600 0.095700 0.048100 0.061200 0.057900 0.099200 0.092300 0.091500 0.119400 0.075600 0.088900 0.048200 0.068000 0.048200 0.064900 0.068500 0.074800 0.074800
Suni 0.060700 0.219200 0.091500 0.199000 0.084500 0.057400 0.064400 0.063700 0.087800 0.112000 0.044400 0.087700 0.067700 0.064800 0.000000 0.077900 0.085400 0.102200 0.070300 0.098300 0.077700 0.047800 0.078500 0.088400 0.047600 0.104200 0.071000 0.091300 0.074200 0.087900 0.130400 0.054600 0.126200 0.071200 0.064500 0.098500 0.044400 0.074200 0.071100 0.109100 0.081800 0.077200 0.119100 0.081900 0.091700 0.061300 0.074200 0.044600 0.074500 0.078200 0.084500 0.084400
Springbuck 0.071100 0.257200 0.094900 0.210500 0.098200 0.067800 0.064500 0.056900 0.091200 0.129800 0.054200 0.098100 0.061000 0.064800 0.077900 0.000000 0.102800 0.112700 0.080400 0.101800 0.038100 0.054500 0.088800 0.098800 0.057500 0.080200 0.064400 0.094800 0.028300 0.091300 0.148300 0.057900 0.121600 0.067900 0.067900 0.102100 0.060900 0.077600 0.054400 0.127000 0.099100 0.053900 0.129700 0.095700 0.102200 0.060900 0.047700 0.061100 0.071200 0.081600 0.087900 0.087800
Okapi 0.082100 0.239800 0.082200 0.172400 0.106100 0.085500 0.096000 0.081600 0.081800 0.123300 0.064800 0.095500 0.082000 0.089600 0.085400 0.102800 0.000000 0.055100 0.091400 0.088900 0.102600 0.068400 0.085900 0.089000 0.068200 0.137000 0.085400 0.078500 0.095600 0.082000 0.138500 0.075500 0.116200 0.089200 0.085800 0.099400 0.064900 0.081800 0.106300 0.106200 0.082300 0.109000 0.119800 0.079100 0.085600 0.078900 0.098900 0.065000 0.089000 0.068600 0.071700 0.078500
Giraffe 0.091700 0.269200 0.095400 0.178300 0.102000 0.095200 0.098700 0.098200 0.091600 0.119000 0.074400 0.091500 0.091700 0.092400 0.102200 0.112700 0.055100 0.000000 0.101200 0.095200 0.112500 0.085000 0.095600 0.085000 0.077800 0.147100 0.095200 0.088200 0.109000 0.091700 0.134000 0.085200 0.118900 0.098900 0.095500 0.095400 0.074500 0.091500 0.102200 0.116200 0.098900 0.126000 0.115500 0.088900 0.088600 0.088600 0.101800 0.081500 0.098700 0.078200 0.081400 0.088200
TibetanAnt 0.060400 0.263400 0.083900 0.203900 0.083700 0.057100 0.073700 0.063400 0.080200 0.118000 0.044000 0.087000 0.067000 0.074200 0.070300 0.080400 0.091400 0.101200 0.000000 0.090600 0.080300 0.037700 0.087900 0.080800 0.040800 0.106600 0.070300 0.083700 0.076900 0.080400 0.129300 0.060600 0.132200 0.073900 0.063900 0.084100 0.037600 0.066900 0.083800 0.104700 0.091200 0.079800 0.118100 0.077700 0.077400 0.070500 0.076800 0.057200 0.080400 0.077400 0.077000 0.076900
Sitatunga 0.094800 0.261500 0.021900 0.190100 0.105100 0.091400 0.091400 0.087600 0.034600 0.126400 0.070700 0.070900 0.071000 0.085100 0.098300 0.101800 0.088900 0.095200 0.090600 0.000000 0.094700 0.077800 0.095700 0.091900 0.074100 0.146700 0.074300 0.037800 0.105100 0.021900 0.145200 0.067800 0.140600 0.077900 0.077900 0.074600 0.070900 0.074200 0.097900 0.116300 0.106100 0.118500 0.126300 0.088900 0.068000 0.081400 0.091200 0.077800 0.091400 0.078200 0.031500 0.025100
Oribi 0.070900 0.256800 0.088000 0.190000 0.087800 0.067600 0.064400 0.056800 0.077500 0.136800 0.060700 0.101300 0.070900 0.071400 0.077700 0.038100 0.102600 0.112500 0.080300 0.094700 0.000000 0.061000 0.092100 0.098600 0.064000 0.077100 0.074300 0.081000 0.047700 0.077600 0.155800 0.057800 0.128700 0.077800 0.067700 0.098400 0.054200 0.064100 0.060900 0.126800 0.102500 0.057300 0.136700 0.095600 0.098500 0.061100 0.054100 0.047800 0.071100 0.081500 0.074200 0.074100
BarbaryShe 0.025300 0.236000 0.071200 0.174600 0.070900 0.022100 0.041400 0.047600 0.067600 0.101600 0.015600 0.074200 0.041400 0.048200 0.047800 0.054500 0.068400 0.085000 0.037700 0.077800 0.061000 0.000000 0.061600 0.068100 0.012500 0.090500 0.044600 0.071000 0.047800 0.067700 0.112700 0.041500 0.105200 0.048000 0.038200 0.078000 0.015600 0.054300 0.064400 0.084900 0.064900 0.063900 0.101700 0.058300 0.071300 0.051300 0.060900 0.034900 0.054500 0.058100 0.064300 0.064300
Daviddeer 0.071700 0.220800 0.095800 0.186700 0.088000 0.068300 0.071600 0.091700 0.091900 0.077700 0.061300 0.091900 0.078200 0.082000 0.078500 0.088800 0.085900 0.095600 0.087900 0.095700 0.092100 0.061600 0.000000 0.058300 0.064700 0.126200 0.081600 0.095500 0.085100 0.092100 0.088400 0.078700 0.112700 0.085300 0.089000 0.102800 0.061400 0.085000 0.088700 0.068200 0.009400 0.105500 0.077800 0.055200 0.103000 0.082100 0.095300 0.081900 0.092300 0.068300 0.088700 0.088600
Reindeer 0.085000 0.249300 0.092000 0.186700 0.091700 0.081600 0.085000 0.087300 0.088200 0.081100 0.061100 0.095000 0.078100 0.078600 0.088400 0.098800 0.089000 0.085000 0.080800 0.091900 0.098600 0.068100 0.058300 0.000000 0.064400 0.140100 0.081500 0.091800 0.102100 0.088300 0.091800 0.071500 0.122300 0.085100 0.081700 0.106100 0.061200 0.084800 0.085000 0.070900 0.068300 0.119100 0.074300 0.021900 0.099200 0.075000 0.088200 0.074800 0.091900 0.064800 0.084900 0.084800
Ibex 0.025100 0.218800 0.067500 0.174200 0.060600 0.021900 0.044500 0.050700 0.063900 0.094200 0.003000 0.077300 0.037900 0.044700 0.047600 0.057500 0.068200 0.077800 0.040800 0.074100 0.064000 0.012500 0.064700 0.064400 0.000000 0.096900 0.041200 0.067400 0.047600 0.064100 0.105200 0.038000 0.108200 0.044500 0.034800 0.074300 0.009300 0.044200 0.060800 0.088000 0.074700 0.070300 0.094300 0.061400 0.074400 0.047800 0.054000 0.034700 0.057500 0.054500 0.060800 0.060700
GyrantGaze 0.111000 0.276800 0.136000 0.253200 0.121500 0.107600 0.097500 0.082900 0.139100 0.149900 0.093500 0.139000 0.118200 0.111900 0.104200 0.080200 0.137000 0.147100 0.106600 0.146700 0.077100 0.090500 0.126200 0.140100 0.096900 0.000000 0.121700 0.143000 0.076600 0.139400 0.169000 0.097700 0.160000 0.125500 0.108000 0.143500 0.093600 0.111000 0.094000 0.158200 0.129600 0.031100 0.157100 0.129700 0.136400 0.101100 0.093600 0.093900 0.118400 0.129300 0.135800 0.135600
Hartebeest 0.061100 0.239800 0.071100 0.177400 0.080800 0.057700 0.054200 0.063500 0.064100 0.122600 0.037900 0.080900 0.003100 0.047900 0.071000 0.064400 0.085400 0.095200 0.070300 0.074300 0.074300 0.044600 0.081600 0.081500 0.041200 0.121700 0.000000 0.074200 0.074300 0.064300 0.141300 0.041200 0.115600 0.009300 0.044500 0.084800 0.044500 0.060800 0.071000 0.109100 0.091800 0.094200 0.122600 0.078500 0.078000 0.057900 0.064100 0.051100 0.067700 0.064700 0.064300 0.064200
Bongo 0.081000 0.269400 0.038000 0.174100 0.091100 0.084500 0.084500 0.080700 0.028100 0.126200 0.064000 0.070800 0.070900 0.078200 0.091300 0.094800 0.078500 0.088200 0.083700 0.037800 0.081000 0.071000 0.095500 0.091800 0.067400 0.143000 0.074200 0.000000 0.098000 0.021900 0.141300 0.064400 0.119000 0.077800 0.074500 0.074500 0.064100 0.060800 0.091000 0.116200 0.098900 0.114900 0.122600 0.088700 0.067900 0.077900 0.091000 0.064300 0.077700 0.064600 0.018700 0.031500
Gerenuk 0.060900 0.252100 0.098300 0.210300 0.094600 0.057600 0.067700 0.066800 0.094500 0.125700 0.044300 0.108200 0.070900 0.074800 0.074200 0.028300 0.095600 0.109000 0.076900 0.105100 0.047700 0.047800 0.085100 0.102100 0.047600 0.076600 0.074300 0.098000 0.000000 0.094600 0.136900 0.067800 0.124900 0.077900 0.077900 0.112300 0.050900 0.080900 0.064200 0.119600 0.095400 0.050500 0.125800 0.099100 0.112500 0.070900 0.050800 0.064300 0.074400 0.091700 0.091200 0.091100
CommonElan 0.084500 0.261100 0.028400 0.174200 0.087700 0.081100 0.081100 0.077400 0.018700 0.122700 0.060700 0.060800 0.060900 0.074800 0.087900 0.091300 0.082000 0.091700 0.080400 0.021900 0.077600 0.067700 0.092100 0.088300 0.064100 0.139400 0.064300 0.021900 0.094600 0.000000 0.141400 0.061100 0.129700 0.067800 0.071100 0.064500 0.060800 0.057500 0.087600 0.112600 0.102500 0.111400 0.122700 0.085300 0.057900 0.074600 0.087600 0.061000 0.081100 0.068000 0.015600 0.021900
MuntiacusR 0.123200 0.264900 0.145300 0.238200 0.141100 0.123200 0.141300 0.140600 0.141100 0.034400 0.108600 0.152000 0.137700 0.138000 0.130400 0.148300 0.138500 0.134000 0.129300 0.145200 0.155800 0.112700 0.088400 0.091800 0.105200 0.169000 0.141300 0.141300 0.136900 0.141400 0.000000 0.134500 0.147800 0.145400 0.130800 0.156500 0.101800 0.144500 0.137700 0.116200 0.095200 0.147500 0.021800 0.102700 0.156700 0.130900 0.130100 0.130500 0.134000 0.123500 0.134100 0.137600
HarveysDui 0.057900 0.236600 0.061300 0.164000 0.074400 0.054600 0.031600 0.044500 0.061000 0.115900 0.034800 0.077800 0.038000 0.018900 0.054600 0.057900 0.075500 0.085200 0.060600 0.067800 0.057800 0.041500 0.078700 0.071500 0.038000 0.097700 0.041200 0.064400 0.067800 0.061100 0.134500 0.000000 0.108900 0.044600 0.028400 0.081600 0.034900 0.051100 0.061200 0.099000 0.088900 0.070800 0.115900 0.068500 0.074900 0.035100 0.061000 0.035000 0.051300 0.054900 0.061100 0.061100
Pronghorn 0.115600 0.272600 0.133500 0.229300 0.133200 0.119200 0.112200 0.122000 0.129500 0.125600 0.104600 0.140300 0.112000 0.120000 0.126200 0.121600 0.116200 0.118900 0.132200 0.140600 0.128700 0.105200 0.112700 0.122300 0.108200 0.160000 0.115600 0.119000 0.124900 0.129700 0.147800 0.108900 0.000000 0.119400 0.112400 0.141000 0.104800 0.122300 0.136900 0.133000 0.116100 0.142200 0.136200 0.126400 0.141200 0.116000 0.140100 0.119300 0.122800 0.101700 0.119000 0.126000
BlueWildeb 0.064600 0.240400 0.074700 0.170500 0.084400 0.061200 0.057700 0.064200 0.067700 0.126500 0.041300 0.077800 0.006200 0.048000 0.071200 0.067900 0.089200 0.098900 0.073900 0.077900 0.077800 0.048000 0.085300 0.085100 0.044500 0.125500 0.009300 0.077800 0.077900 0.067800 0.145400 0.044600 0.119400 0.000000 0.047900 0.081600 0.047900 0.064300 0.067700 0.113000 0.095600 0.097900 0.126500 0.082100 0.074900 0.057900 0.067600 0.048000 0.071300 0.061500 0.061200 0.067800
Gemsbok 0.048000 0.248600 0.064600 0.175800 0.084600 0.044700 0.047800 0.054300 0.071000 0.112300 0.038100 0.087900 0.041200 0.041600 0.064500 0.067900 0.085800 0.095500 0.063900 0.077900 0.067700 0.038200 0.089000 0.081700 0.034800 0.108000 0.044500 0.074500 0.077900 0.071100 0.130800 0.028400 0.112400 0.047900 0.000000 0.084900 0.031600 0.061000 0.071200 0.109500 0.099300 0.080900 0.112300 0.078800 0.085100 0.051400 0.071000 0.051300 0.067900 0.064900 0.071200 0.064400
Yak 0.088000 0.266100 0.067900 0.198100 0.112300 0.084600 0.095100 0.094700 0.071100 0.137400 0.070900 0.034500 0.081400 0.095700 0.098500 0.102100 0.099400 0.095400 0.084100 0.074600 0.098400 0.078000 0.102800 0.106100 0.074300 0.143500 0.084800 0.074500 0.112300 0.064500 0.156500 0.081600 0.141000 0.081600 0.084900 0.000000 0.064300 0.088000 0.112600 0.123800 0.113300 0.115300 0.144700 0.103000 0.012500 0.091900 0.112200 0.078000 0.098700 0.078300 0.054500 0.054400
BlueSheep 0.021900 0.219100 0.064300 0.166800 0.064000 0.018800 0.047800 0.047500 0.060700 0.090900 0.012400 0.074000 0.041200 0.048100 0.044400 0.060900 0.064900 0.074500 0.037600 0.070900 0.054200 0.015600 0.061400 0.061200 0.009300 0.093600 0.044500 0.064100 0.050900 0.060800 0.101800 0.034900 0.104800 0.047900 0.031600 0.064300 0.000000 0.047600 0.064200 0.084700 0.071400 0.067000 0.091000 0.058200 0.071100 0.044600 0.057400 0.031600 0.054300 0.051300 0.057500 0.050900
BohorReedb 0.070800 0.248000 0.067600 0.169800 0.041000 0.067500 0.060900 0.063400 0.057400 0.125900 0.041000 0.084100 0.057500 0.061200 0.074200 0.077600 0.081800 0.091500 0.066900 0.074200 0.064100 0.054300 0.085000 0.084800 0.044200 0.111000 0.060800 0.060800 0.080900 0.057500 0.144500 0.051100 0.122300 0.064300 0.061000 0.088000 0.047600 0.000000 0.080900 0.105400 0.095200 0.097500 0.125800 0.081700 0.081300 0.061000 0.080700 0.047700 0.070900 0.067800 0.054200 0.060800
KirksDik 0.081200 0.249100 0.091200 0.205900 0.084500 0.077800 0.067800 0.054100 0.087500 0.119100 0.057500 0.101400 0.067700 0.057900 0.071100 0.054400 0.106300 0.102200 0.083800 0.097900 0.060900 0.064400 0.088700 0.085000 0.060800 0.094000 0.071000 0.091000 0.064200 0.087600 0.137700 0.061200 0.136900 0.067700 0.071200 0.112600 0.064200 0.080900 0.000000 0.112800 0.099000 0.080600 0.119100 0.088800 0.105700 0.061000 0.051000 0.064400 0.077800 0.085000 0.084200 0.084100
RoeDeer 0.109200 0.262300 0.116400 0.205900 0.115600 0.105700 0.109200 0.108100 0.112400 0.105100 0.084600 0.101900 0.105600 0.099200 0.109100 0.127000 0.106200 0.116200 0.104700 0.116300 0.126800 0.084900 0.068200 0.070900 0.088000 0.158200 0.109100 0.116200 0.119600 0.112600 0.116200 0.099000 0.133000 0.113000 0.109500 0.123800 0.084700 0.105400 0.112800 0.000000 0.071500 0.136800 0.101700 0.061100 0.113200 0.102500 0.123100 0.095300 0.098900 0.088400 0.109100 0.109000
WhiteLippe 0.075000 0.228700 0.106200 0.194600 0.098300 0.078400 0.081800 0.095100 0.102300 0.087800 0.071300 0.095200 0.088400 0.092300 0.081800 0.099100 0.082300 0.098900 0.091200 0.106100 0.102500 0.064900 0.009400 0.068300 0.074700 0.129600 0.091800 0.098900 0.095400 0.102500 0.095200 0.088900 0.116100 0.095600 0.099300 0.113300 0.071400 0.095200 0.099000 0.071500 0.000000 0.108800 0.084500 0.058500 0.106400 0.092400 0.105700 0.085200 0.095700 0.078500 0.092000 0.098900
ThomsonGaz 0.084000 0.263800 0.108200 0.221300 0.114900 0.080600 0.084200 0.063000 0.111200 0.128800 0.066900 0.118200 0.090800 0.091500 0.077200 0.053900 0.109000 0.126000 0.079800 0.118500 0.057300 0.063900 0.105500 0.119100 0.070300 0.031100 0.094200 0.114900 0.050500 0.111400 0.147500 0.070800 0.142200 0.097900 0.080900 0.115300 0.067000 0.097500 0.080600 0.136800 0.108800 0.000000 0.136000 0.109000 0.108400 0.074200 0.067000 0.067300 0.091000 0.101600 0.108000 0.107800
MuntiacusC 0.112000 0.259400 0.126400 0.220700 0.129700 0.112000 0.129800 0.122000 0.122400 0.018600 0.097700 0.133000 0.119100 0.119400 0.119100 0.129700 0.119800 0.115500 0.118100 0.126300 0.136700 0.101700 0.077800 0.074300 0.094300 0.157100 0.122600 0.122600 0.125800 0.122700 0.021800 0.115900 0.136200 0.126500 0.112300 0.144700 0.091000 0.125800 0.119100 0.101700 0.084500 0.136000 0.000000 0.084900 0.137600 0.119500 0.111700 0.112100 0.126400 0.105200 0.115600 0.119000
WhiteTaile 0.082000 0.246000 0.089000 0.183900 0.095500 0.078600 0.082000 0.077500 0.085200 0.091700 0.058100 0.085100 0.075100 0.075600 0.081900 0.095700 0.079100 0.088900 0.077700 0.088900 0.095600 0.058300 0.055200 0.021900 0.061400 0.129700 0.078500 0.088700 0.099100 0.085300 0.102700 0.068500 0.126400 0.082100 0.078800 0.103000 0.058200 0.081700 0.088800 0.061100 0.058500 0.109000 0.084900 0.000000 0.089100 0.072000 0.092000 0.065000 0.088900 0.061800 0.081900 0.081800
Cattle 0.095200 0.270600 0.061300 0.194600 0.112500 0.091700 0.095300 0.081100 0.064500 0.137700 0.071000 0.028200 0.074700 0.088900 0.091700 0.102200 0.085600 0.088600 0.077400 0.068000 0.098500 0.071300 0.103000 0.099200 0.074400 0.136400 0.078000 0.067900 0.112500 0.057900 0.156700 0.074900 0.141200 0.074900 0.085100 0.012500 0.071100 0.081300 0.105700 0.113200 0.106400 0.108400 0.137600 0.089100 0.000000 0.085100 0.105300 0.064600 0.091800 0.071700 0.048000 0.054500
RoyalAntel 0.067900 0.240800 0.071400 0.167700 0.084600 0.064600 0.061300 0.041200 0.074400 0.119600 0.044500 0.088000 0.054500 0.048200 0.061300 0.060900 0.078900 0.088600 0.070500 0.081400 0.061100 0.051300 0.082100 0.075000 0.047800 0.101100 0.057900 0.077900 0.070900 0.074600 0.130900 0.035100 0.116000 0.057900 0.051400 0.091900 0.044600 0.061000 0.061000 0.102500 0.092400 0.074200 0.119500 0.072000 0.085100 0.000000 0.064300 0.044800 0.061300 0.058200 0.071200 0.071100
Steenbok 0.067400 0.251900 0.091200 0.193500 0.097900 0.064100 0.074300 0.060500 0.087500 0.111800 0.050700 0.108100 0.060800 0.068000 0.074200 0.047700 0.098900 0.101800 0.076800 0.091200 0.054100 0.060900 0.095300 0.088200 0.054000 0.093600 0.064100 0.091000 0.050800 0.087600 0.130100 0.061000 0.140100 0.067600 0.071000 0.112200 0.057400 0.080700 0.051000 0.123100 0.105700 0.067000 0.111700 0.092000 0.105300 0.064300 0.000000 0.057600 0.081000 0.084700 0.084300 0.084200
Impala 0.054500 0.240000 0.071200 0.155700 0.070900 0.051200 0.054500 0.041200 0.060900 0.112100 0.031500 0.067500 0.047900 0.048200 0.044600 0.061100 0.065000 0.081500 0.057200 0.077800 0.047800 0.034900 0.081900 0.074800 0.034700 0.093900 0.051100 0.064300 0.064300 0.061000 0.130500 0.035000 0.119300 0.048000 0.051300 0.078000 0.031600 0.047700 0.064400 0.095300 0.085200 0.067300 0.112100 0.065000 0.064600 0.044800 0.057600 0.000000 0.054500 0.051500 0.051100 0.064300
Klipspring 0.064400 0.248700 0.084700 0.182500 0.094700 0.067800 0.064500 0.063600 0.081000 0.122800 0.054200 0.087800 0.064400 0.064900 0.074500 0.071200 0.089000 0.098700 0.080400 0.091400 0.071100 0.054500 0.092300 0.091900 0.057500 0.118400 0.067700 0.077700 0.074400 0.081100 0.134000 0.051300 0.122800 0.071300 0.067900 0.098700 0.054300 0.070900 0.077800 0.098900 0.095700 0.091000 0.126400 0.088900 0.091800 0.061300 0.081000 0.054500 0.000000 0.074900 0.071000 0.077700
ForestMusk 0.074900 0.235600 0.071500 0.156000 0.084800 0.071500 0.074900 0.067700 0.067900 0.105200 0.051200 0.067800 0.061300 0.068500 0.078200 0.081600 0.068600 0.078200 0.077400 0.078200 0.081500 0.058100 0.068300 0.064800 0.054500 0.129300 0.064700 0.064600 0.091700 0.068000 0.123500 0.054900 0.101700 0.061500 0.064900 0.078300 0.051300 0.067800 0.085000 0.088400 0.078500 0.101600 0.105200 0.061800 0.071700 0.058200 0.084700 0.051500 0.074900 0.000000 0.058000 0.064600
Bushbuck 0.074300 0.252700 0.025200 0.162800 0.084300 0.077700 0.081200 0.074000 0.021900 0.119200 0.057400 0.051000 0.061000 0.074800 0.084500 0.087900 0.071700 0.081400 0.077000 0.031500 0.074200 0.064300 0.088700 0.084900 0.060800 0.135800 0.064300 0.018700 0.091200 0.015600 0.134100 0.061100 0.119000 0.061200 0.071200 0.054500 0.057500 0.054200 0.084200 0.109100 0.092000 0.108000 0.115600 0.081900 0.048000 0.071200 0.084300 0.051100 0.071000 0.058000 0.000000 0.018800
GreaterKud 0.074200 0.252300 0.012500 0.178300 0.091100 0.070900 0.081100 0.073900 0.028200 0.119000 0.057400 0.057500 0.060900 0.074800 0.084400 0.087800 0.078500 0.088200 0.076900 0.025100 0.074100 0.064300 0.088600 0.084800 0.060700 0.135600 0.064200 0.031500 0.091100 0.021900 0.137600 0.061100 0.126000 0.067800 0.064400 0.054400 0.050900 0.060800 0.084100 0.109000 0.098900 0.107800 0.119000 0.081800 0.054500 0.071100 0.084200 0.064300 0.077700 0.064600 0.018800 0.000000
