1
52 1
Argali 0.000000 0.151400 0.094700 0.301000 0.061300 0.000000 0.045300 0.045600 0.110200 0.104200 0.022600 0.092600 0.053000 0.030100 0.053600 0.045700 0.091800 0.107900 0.045500 0.109500 0.046000 0.022500 0.095400 0.094600 0.015000 0.038300 0.053000 0.101400 0.037900 0.118500 0.087700 0.030300 0.101600 0.053000 0.046700 0.093000 0.038400 0.038000 0.037600 0.086000 0.104000 0.030400 0.104200 0.095000 0.125800 0.061800 0.045900 0.045800 0.061500 0.101700 0.108700 0.101400
LesserMous 0.151400 0.000000 0.170300 0.256700 0.158800 0.151400 0.149200 0.150500 0.177900 0.160900 0.142300 0.157800 0.140600 0.132800 0.141900 0.150700 0.155900 0.155600 0.150000 0.167500 0.152000 0.142100 0.169100 0.173400 0.133800 0.143100 0.140600 0.168000 0.141800 0.186600 0.162000 0.133700 0.178100 0.140600 0.162700 0.158600 0.162100 0.142200 0.140800 0.157700 0.169400 0.134200 0.160900 0.150000 0.175700 0.151400 0.142900 0.151000 0.159600 0.178100 0.175200 0.168000
LesserKudu 0.094700 0.170300 0.000000 0.271800 0.093900 0.094700 0.077000 0.077500 0.030300 0.071000 0.086300 0.076800 0.085000 0.061400 0.086000 0.077700 0.076200 0.092100 0.077300 0.014900 0.078200 0.086200 0.095600 0.078300 0.078200 0.070200 0.085000 0.022500 0.069500 0.022600 0.071500 0.061800 0.085800 0.085000 0.079400 0.061200 0.104300 0.069800 0.085200 0.086300 0.104300 0.062000 0.071000 0.095200 0.093100 0.094500 0.078100 0.078000 0.094100 0.085800 0.014800 0.022500
KillerWhal 0.301000 0.256700 0.271800 0.000000 0.288300 0.301000 0.266800 0.277700 0.268900 0.275200 0.289700 0.295300 0.265800 0.257000 0.268400 0.277800 0.262800 0.262100 0.277100 0.277000 0.280400 0.289900 0.285000 0.261600 0.280000 0.270100 0.265800 0.267900 0.267300 0.268600 0.277200 0.258800 0.269200 0.265800 0.264000 0.276500 0.293900 0.269100 0.286400 0.271100 0.285500 0.259500 0.275200 0.283600 0.275000 0.279600 0.269400 0.279800 0.276100 0.280500 0.285300 0.267900
DefassaWat 0.061300 0.158800 0.093900 0.288300 0.000000 0.061300 0.044800 0.045200 0.109200 0.103100 0.053300 0.091800 0.052500 0.029800 0.052600 0.045300 0.075100 0.090800 0.045100 0.092100 0.045500 0.053200 0.094400 0.093600 0.045500 0.037900 0.052500 0.100500 0.037500 0.117500 0.103800 0.030000 0.099900 0.052500 0.046200 0.092100 0.070000 0.022400 0.052700 0.084300 0.086200 0.030100 0.103100 0.094000 0.124700 0.053300 0.030100 0.030000 0.045300 0.100800 0.107700 0.100500
Sheep 0.000000 0.151400 0.094700 0.301000 0.061300 0.000000 0.045300 0.045600 0.110200 0.104200 0.022600 0.092600 0.053000 0.030100 0.053600 0.045700 0.091800 0.107900 0.045500 0.109500 0.046000 0.022500 0.095400 0.094600 0.015000 0.038300 0.053000 0.101400 0.037900 0.118500 0.087700 0.030300 0.101600 0.053000 0.046700 0.093000 0.038400 0.038000 0.037600 0.086000 0.104000 0.030400 0.104200 0.095000 0.125800 0.061800 0.045900 0.045800 0.061500 0.101700 0.108700 0.101400
MaxwellsDu 0.045300 0.149200 0.077000 0.266800 0.044800 0.045300 0.000000 0.029700 0.092200 0.086000 0.037600 0.075400 0.037000 0.014700 0.037400 0.029800 0.074700 0.090300 0.029600 0.091500 0.029900 0.037500 0.077500 0.076900 0.030000 0.022400 0.037000 0.083700 0.022200 0.100200 0.086500 0.014800 0.083900 0.037000 0.030400 0.075600 0.053700 0.022300 0.037100 0.068700 0.085800 0.014800 0.086000 0.077200 0.107500 0.045200 0.029900 0.029800 0.045000 0.084000 0.090900 0.083700
GazellaPrz 0.045600 0.150500 0.077500 0.277700 0.045200 0.045600 0.029700 0.000000 0.092800 0.070200 0.037800 0.075900 0.037300 0.014800 0.037700 0.030000 0.075300 0.091000 0.029900 0.092200 0.030200 0.037800 0.078100 0.077400 0.030200 0.022600 0.037300 0.084300 0.022400 0.100800 0.087100 0.014900 0.084600 0.037300 0.030600 0.076200 0.054100 0.022500 0.037400 0.069200 0.086400 0.015000 0.070200 0.077800 0.108200 0.045500 0.030100 0.030100 0.045300 0.084600 0.091500 0.084300
MountainNy 0.110200 0.177900 0.030300 0.268900 0.109200 0.110200 0.092200 0.092800 0.000000 0.086600 0.101700 0.076000 0.100200 0.076500 0.101400 0.092900 0.083200 0.099100 0.092600 0.029700 0.093500 0.101600 0.111300 0.093800 0.093600 0.085500 0.100200 0.014800 0.084700 0.030000 0.087200 0.077000 0.101100 0.100200 0.095000 0.060600 0.120000 0.085100 0.100500 0.101800 0.120100 0.077200 0.086600 0.110800 0.092100 0.110000 0.093400 0.093400 0.109600 0.100600 0.029500 0.014800
MuntiacusM 0.104200 0.160900 0.071000 0.275200 0.103100 0.104200 0.086000 0.070200 0.086600 0.000000 0.095600 0.102000 0.094000 0.070100 0.095200 0.086700 0.101100 0.117600 0.086400 0.086000 0.087300 0.095500 0.055100 0.038700 0.087300 0.079200 0.094000 0.078000 0.078300 0.094800 0.015500 0.070600 0.110200 0.094000 0.088900 0.102400 0.114200 0.078800 0.094400 0.046500 0.063400 0.070800 0.000000 0.054900 0.136000 0.104000 0.087200 0.087100 0.103500 0.110800 0.085300 0.078000
goat 0.022600 0.142300 0.086300 0.289700 0.053300 0.022600 0.037600 0.037800 0.101700 0.095600 0.000000 0.084400 0.045200 0.022500 0.045700 0.037900 0.083700 0.099600 0.030100 0.101000 0.038100 0.014900 0.086900 0.086200 0.007400 0.015100 0.045200 0.093000 0.030100 0.109800 0.079200 0.022600 0.093300 0.045200 0.038700 0.084700 0.030400 0.030300 0.029900 0.077700 0.095400 0.022700 0.095600 0.086600 0.117300 0.053700 0.038100 0.038000 0.053500 0.093300 0.100200 0.093000
AfricanBuf 0.092600 0.157800 0.076800 0.295300 0.091800 0.092600 0.075400 0.075900 0.076000 0.102000 0.084400 0.000000 0.083100 0.060100 0.084100 0.076000 0.090200 0.106100 0.075700 0.075500 0.076400 0.084300 0.093400 0.092800 0.076500 0.068700 0.083100 0.067800 0.068000 0.083800 0.102600 0.060400 0.099800 0.083100 0.077600 0.044300 0.101900 0.068300 0.083500 0.084300 0.101800 0.060600 0.102000 0.093100 0.059500 0.092400 0.076400 0.076300 0.092000 0.099900 0.075000 0.067800
Topi 0.053000 0.140600 0.085000 0.265800 0.052500 0.053000 0.037000 0.037300 0.100200 0.094000 0.045200 0.083100 0.000000 0.022100 0.045000 0.037300 0.082500 0.098200 0.037100 0.099500 0.037500 0.045100 0.085500 0.084800 0.037500 0.030000 0.000000 0.091700 0.029700 0.108300 0.094600 0.022300 0.092000 0.000000 0.038100 0.083500 0.061600 0.029800 0.044700 0.076500 0.093800 0.022300 0.094000 0.085200 0.115500 0.052900 0.037500 0.037400 0.052700 0.084100 0.098800 0.091700
CommonDuik 0.030100 0.132800 0.061400 0.257000 0.029800 0.030100 0.014700 0.014800 0.076500 0.070100 0.022500 0.060100 0.022100 0.000000 0.022400 0.014800 0.059500 0.075000 0.014800 0.076000 0.014900 0.022400 0.061800 0.061300 0.014900 0.007500 0.022100 0.068300 0.007400 0.084500 0.070600 0.000000 0.068400 0.022100 0.015200 0.060300 0.038200 0.007400 0.022200 0.053200 0.070000 0.000100 0.070100 0.061600 0.091700 0.030000 0.014900 0.014800 0.029900 0.068500 0.075500 0.068300
Suni 0.053600 0.141900 0.086000 0.268400 0.052600 0.053600 0.037400 0.037700 0.101400 0.095200 0.045700 0.084100 0.045000 0.022400 0.000000 0.037800 0.083400 0.083300 0.022300 0.100700 0.037900 0.045700 0.086500 0.085800 0.038000 0.030300 0.045000 0.092700 0.030000 0.109500 0.095700 0.022500 0.092100 0.045000 0.038600 0.084400 0.062300 0.030100 0.045200 0.068700 0.095000 0.022600 0.095200 0.086200 0.116900 0.030200 0.037900 0.037900 0.053300 0.076800 0.100000 0.092700
Springbuck 0.045700 0.150700 0.077700 0.277800 0.045300 0.045700 0.029800 0.030000 0.092900 0.086700 0.037900 0.076000 0.037300 0.014800 0.037800 0.000000 0.059700 0.075200 0.029900 0.092300 0.030200 0.037900 0.078200 0.077600 0.030200 0.022600 0.037300 0.084400 0.022400 0.101000 0.087200 0.014900 0.084700 0.037300 0.030700 0.060400 0.054200 0.022500 0.037500 0.069300 0.086500 0.015000 0.086700 0.077900 0.091900 0.045600 0.030200 0.030100 0.045400 0.084700 0.091700 0.084400
Okapi 0.091800 0.155900 0.076200 0.262800 0.075100 0.091800 0.074700 0.075300 0.083200 0.101100 0.083700 0.090200 0.082500 0.059500 0.083400 0.059700 0.000000 0.021200 0.075000 0.074800 0.075800 0.083600 0.092600 0.091900 0.075800 0.068100 0.082500 0.074800 0.067400 0.090800 0.101700 0.059900 0.067600 0.082500 0.076900 0.059300 0.101000 0.067700 0.082800 0.083600 0.084600 0.060100 0.101100 0.092100 0.090200 0.091600 0.060000 0.075700 0.075400 0.083100 0.090000 0.074800
Giraffe 0.107900 0.155600 0.092100 0.262100 0.090800 0.107900 0.090300 0.091000 0.099100 0.117600 0.099600 0.106100 0.098200 0.075000 0.083300 0.075200 0.021200 0.000000 0.090700 0.090400 0.091600 0.099500 0.108900 0.091800 0.091700 0.083800 0.098200 0.090400 0.083000 0.106700 0.118200 0.075400 0.083200 0.098200 0.093000 0.074600 0.117400 0.083300 0.098500 0.099600 0.100800 0.075700 0.117600 0.108400 0.106000 0.091400 0.075600 0.091500 0.091100 0.099000 0.105700 0.090400
TibetanAnt 0.045500 0.150000 0.077300 0.277100 0.045100 0.045500 0.029600 0.029900 0.092600 0.086400 0.030100 0.075700 0.037100 0.014800 0.022300 0.029900 0.075000 0.090700 0.000000 0.092000 0.030100 0.030000 0.077900 0.077300 0.022500 0.022500 0.037100 0.084100 0.022300 0.100600 0.086900 0.014900 0.084300 0.037100 0.030500 0.076000 0.046100 0.022400 0.037300 0.069000 0.086200 0.014900 0.086400 0.077600 0.107900 0.045400 0.030000 0.030000 0.045200 0.068400 0.091300 0.084100
Sitatunga 0.109500 0.167500 0.014900 0.277000 0.092100 0.109500 0.091500 0.092200 0.029700 0.086000 0.101000 0.075500 0.099500 0.076000 0.100700 0.092300 0.074800 0.090400 0.092000 0.000000 0.092900 0.100900 0.110500 0.093100 0.092900 0.084900 0.099500 0.022100 0.084100 0.022200 0.086600 0.076500 0.100500 0.099500 0.094400 0.060200 0.119200 0.084500 0.099800 0.101100 0.102300 0.076700 0.086000 0.110000 0.091500 0.109300 0.076600 0.092800 0.092400 0.100400 0.014000 0.022100
Oribi 0.046000 0.152000 0.078200 0.280400 0.045500 0.046000 0.029900 0.030200 0.093500 0.087300 0.038100 0.076400 0.037500 0.014900 0.037900 0.030200 0.075800 0.091600 0.030100 0.092900 0.000000 0.038100 0.078700 0.078000 0.030400 0.022700 0.037500 0.085000 0.022500 0.101700 0.087800 0.015000 0.069000 0.037500 0.030900 0.076700 0.054500 0.022600 0.037700 0.069700 0.087100 0.015100 0.087300 0.078300 0.109000 0.045900 0.030300 0.030300 0.045700 0.085200 0.092200 0.085000
BarbaryShe 0.022500 0.142100 0.086200 0.289900 0.053200 0.022500 0.037500 0.037800 0.101600 0.095500 0.014900 0.084300 0.045100 0.022400 0.045700 0.037900 0.083600 0.099500 0.030000 0.100900 0.038100 0.000000 0.086800 0.086100 0.007400 0.030400 0.045100 0.093000 0.030100 0.109800 0.079100 0.022600 0.093200 0.045100 0.038700 0.084600 0.014500 0.030200 0.029900 0.077700 0.095300 0.022600 0.095500 0.086400 0.117200 0.053700 0.038000 0.038000 0.053400 0.085200 0.100200 0.093000
Daviddeer 0.095400 0.169100 0.095600 0.285000 0.094400 0.095400 0.077500 0.078100 0.111300 0.055100 0.086900 0.093400 0.085500 0.061800 0.086500 0.078200 0.092600 0.108900 0.077900 0.110500 0.078700 0.086800 0.000000 0.046500 0.078800 0.070700 0.085500 0.102400 0.069900 0.119600 0.055500 0.062200 0.101100 0.085500 0.080100 0.093800 0.105100 0.070300 0.085800 0.038400 0.007400 0.062400 0.055100 0.030900 0.126900 0.095200 0.078600 0.078500 0.094700 0.101800 0.109700 0.102400
Reindeer 0.094600 0.173400 0.078300 0.261600 0.093600 0.094600 0.076900 0.077400 0.093800 0.038700 0.086200 0.092800 0.084800 0.061300 0.085800 0.077600 0.091900 0.091800 0.077300 0.093100 0.078000 0.086100 0.046500 0.000000 0.078100 0.070100 0.084800 0.085200 0.069400 0.101900 0.038900 0.061700 0.100400 0.084800 0.079400 0.093100 0.104200 0.069700 0.085100 0.038100 0.054600 0.061900 0.038700 0.030300 0.126100 0.094400 0.078000 0.077900 0.094000 0.100800 0.092400 0.085200
Ibex 0.015000 0.133800 0.078200 0.280000 0.045500 0.015000 0.030000 0.030200 0.093600 0.087300 0.007400 0.076500 0.037500 0.014900 0.038000 0.030200 0.075800 0.091700 0.022500 0.092900 0.030400 0.007400 0.078800 0.078100 0.000000 0.022800 0.037500 0.085000 0.022500 0.101700 0.071100 0.015000 0.085200 0.037500 0.030900 0.076800 0.022700 0.022600 0.022400 0.069700 0.087200 0.015100 0.087300 0.078400 0.109100 0.045900 0.030400 0.030300 0.045700 0.085300 0.092300 0.085000
GyrantGaze 0.038300 0.143100 0.070200 0.270100 0.037900 0.038300 0.022400 0.022600 0.085500 0.079200 0.015100 0.068700 0.030000 0.007500 0.030300 0.022600 0.068100 0.083800 0.022500 0.084900 0.022700 0.030400 0.070700 0.070100 0.022800 0.000000 0.030000 0.077000 0.015000 0.093600 0.079600 0.007500 0.077300 0.030000 0.023100 0.068900 0.046700 0.015100 0.030100 0.061800 0.079000 0.007500 0.079200 0.070400 0.101000 0.038200 0.022700 0.022700 0.038000 0.077300 0.084300 0.077000
Hartebeest 0.053000 0.140600 0.085000 0.265800 0.052500 0.053000 0.037000 0.037300 0.100200 0.094000 0.045200 0.083100 0.000000 0.022100 0.045000 0.037300 0.082500 0.098200 0.037100 0.099500 0.037500 0.045100 0.085500 0.084800 0.037500 0.030000 0.000000 0.091700 0.029700 0.108300 0.094600 0.022300 0.092000 0.000000 0.038100 0.083500 0.061600 0.029800 0.044700 0.076500 0.093800 0.022300 0.094000 0.085200 0.115500 0.052900 0.037500 0.037400 0.052700 0.084100 0.098800 0.091700
Bongo 0.101400 0.168000 0.022500 0.267900 0.100500 0.101400 0.083700 0.084300 0.014800 0.078000 0.093000 0.067800 0.091700 0.068300 0.092700 0.084400 0.074800 0.090400 0.084100 0.022100 0.085000 0.093000 0.102400 0.085200 0.085000 0.077000 0.091700 0.000000 0.076300 0.014800 0.078600 0.068700 0.092500 0.091700 0.086300 0.052500 0.111000 0.076600 0.091900 0.093100 0.111000 0.068900 0.078000 0.102000 0.083700 0.101200 0.084900 0.084800 0.100900 0.092500 0.021900 0.000000
Gerenuk 0.037900 0.141800 0.069500 0.267300 0.037500 0.037900 0.022200 0.022400 0.084700 0.078300 0.030100 0.068000 0.029700 0.007400 0.030000 0.022400 0.067400 0.083000 0.022300 0.084100 0.022500 0.030100 0.069900 0.069400 0.022500 0.015000 0.029700 0.076300 0.000000 0.092700 0.078800 0.007400 0.076600 0.029700 0.022900 0.068000 0.046200 0.014900 0.029800 0.061200 0.078200 0.007400 0.078300 0.069700 0.099700 0.037800 0.022400 0.022500 0.037600 0.076600 0.083500 0.076300
CommonElan 0.118500 0.186600 0.022600 0.268600 0.117500 0.118500 0.100200 0.100800 0.030000 0.094800 0.109800 0.083800 0.108300 0.084500 0.109500 0.101000 0.090800 0.106700 0.100600 0.022200 0.101700 0.109800 0.119600 0.101900 0.101700 0.093600 0.108300 0.014800 0.092700 0.000000 0.095400 0.085000 0.109300 0.108300 0.103300 0.068400 0.111300 0.093100 0.108500 0.109900 0.128500 0.085200 0.094800 0.119100 0.083900 0.118300 0.101600 0.101500 0.117800 0.109200 0.022100 0.014800
MuntiacusR 0.087700 0.162000 0.071500 0.277200 0.103800 0.087700 0.086500 0.087100 0.087200 0.015500 0.079200 0.102600 0.094600 0.070600 0.095700 0.087200 0.101700 0.118200 0.086900 0.086600 0.087800 0.079100 0.055500 0.038900 0.071100 0.079600 0.094600 0.078600 0.078800 0.095400 0.000000 0.071000 0.111000 0.094600 0.089400 0.103100 0.097300 0.079200 0.094900 0.046800 0.063800 0.071200 0.015500 0.055200 0.136800 0.104600 0.087700 0.087600 0.104100 0.111500 0.085900 0.078600
HarveysDui 0.030300 0.133700 0.061800 0.258800 0.030000 0.030300 0.014800 0.014900 0.077000 0.070600 0.022600 0.060400 0.022300 0.000000 0.022500 0.014900 0.059900 0.075400 0.014900 0.076500 0.015000 0.022600 0.062200 0.061700 0.015000 0.007500 0.022300 0.068700 0.007400 0.085000 0.071000 0.000000 0.068900 0.022300 0.015300 0.060700 0.038500 0.007500 0.022300 0.053600 0.070500 0.000100 0.070600 0.062000 0.092300 0.030200 0.015000 0.014900 0.030100 0.068900 0.076000 0.068700
Pronghorn 0.101600 0.178100 0.085800 0.269200 0.099900 0.101600 0.083900 0.084600 0.101100 0.110200 0.093300 0.099800 0.092000 0.068400 0.092100 0.084700 0.067600 0.083200 0.084300 0.100500 0.069000 0.093200 0.101100 0.100400 0.085200 0.077300 0.092000 0.092500 0.076600 0.109300 0.111000 0.068900 0.000000 0.092000 0.086500 0.076100 0.111200 0.076900 0.092200 0.090900 0.109900 0.069100 0.110200 0.100700 0.108100 0.093200 0.085100 0.085100 0.101100 0.092800 0.099800 0.092500
BlueWildeb 0.053000 0.140600 0.085000 0.265800 0.052500 0.053000 0.037000 0.037300 0.100200 0.094000 0.045200 0.083100 0.000000 0.022100 0.045000 0.037300 0.082500 0.098200 0.037100 0.099500 0.037500 0.045100 0.085500 0.084800 0.037500 0.030000 0.000000 0.091700 0.029700 0.108300 0.094600 0.022300 0.092000 0.000000 0.038100 0.083500 0.061600 0.029800 0.044700 0.076500 0.093800 0.022300 0.094000 0.085200 0.115500 0.052900 0.037500 0.037400 0.052700 0.084100 0.098800 0.091700
Gemsbok 0.046700 0.162700 0.079400 0.264000 0.046200 0.046700 0.030400 0.030600 0.095000 0.088900 0.038700 0.077600 0.038100 0.015200 0.038600 0.030700 0.076900 0.093000 0.030500 0.094400 0.030900 0.038700 0.080100 0.079400 0.030900 0.023100 0.038100 0.086300 0.022900 0.103300 0.089400 0.015300 0.086500 0.038100 0.000000 0.077900 0.039200 0.023000 0.038300 0.070900 0.088600 0.015300 0.088900 0.079700 0.110700 0.046700 0.030800 0.030800 0.046400 0.086600 0.093700 0.086300
Yak 0.093000 0.158600 0.061200 0.276500 0.092100 0.093000 0.075600 0.076200 0.060600 0.102400 0.084700 0.044300 0.083500 0.060300 0.084400 0.060400 0.059300 0.074600 0.076000 0.060200 0.076700 0.084600 0.093800 0.093100 0.076800 0.068900 0.083500 0.052500 0.068000 0.068400 0.103100 0.060700 0.076100 0.083500 0.077900 0.000000 0.102300 0.068500 0.083700 0.084700 0.102200 0.060800 0.102400 0.093400 0.029000 0.092700 0.076600 0.076600 0.092400 0.084200 0.059800 0.052500
BlueSheep 0.038400 0.162100 0.104300 0.293900 0.070000 0.038400 0.053700 0.054100 0.120000 0.114200 0.030400 0.101900 0.061600 0.038200 0.062300 0.054200 0.101000 0.117400 0.046100 0.119200 0.054500 0.014500 0.105100 0.104200 0.022700 0.046700 0.061600 0.111000 0.046200 0.111300 0.097300 0.038500 0.111200 0.061600 0.039200 0.102300 0.000000 0.046400 0.045800 0.095400 0.114000 0.038600 0.114200 0.104600 0.118700 0.070600 0.054500 0.054400 0.070300 0.103000 0.118300 0.111000
BohorReedb 0.038000 0.142200 0.069800 0.269100 0.022400 0.038000 0.022300 0.022500 0.085100 0.078800 0.030300 0.068300 0.029800 0.007400 0.030100 0.022500 0.067700 0.083300 0.022400 0.084500 0.022600 0.030200 0.070300 0.069700 0.022600 0.015100 0.029800 0.076600 0.014900 0.093100 0.079200 0.007500 0.076900 0.029800 0.023000 0.068500 0.046400 0.000000 0.029900 0.061500 0.078600 0.007500 0.078800 0.070000 0.100500 0.038000 0.022600 0.022500 0.037800 0.076900 0.083900 0.076600
KirksDik 0.037600 0.140800 0.085200 0.286400 0.052700 0.037600 0.037100 0.037400 0.100500 0.094400 0.029900 0.083500 0.044700 0.022200 0.045200 0.037500 0.082800 0.098500 0.037300 0.099800 0.037700 0.029900 0.085800 0.085100 0.022400 0.030100 0.044700 0.091900 0.029800 0.108500 0.094900 0.022300 0.092200 0.044700 0.038300 0.083700 0.045800 0.029900 0.000000 0.076800 0.094200 0.022400 0.094400 0.085500 0.115900 0.053100 0.022200 0.037600 0.052900 0.092300 0.099100 0.091900
RoeDeer 0.086000 0.157700 0.086300 0.271100 0.084300 0.086000 0.068700 0.069200 0.101800 0.046500 0.077700 0.084300 0.076500 0.053200 0.068700 0.069300 0.083600 0.099600 0.069000 0.101100 0.069700 0.077700 0.038400 0.038100 0.069700 0.061800 0.076500 0.093100 0.061200 0.109900 0.046800 0.053600 0.090900 0.076500 0.070900 0.084700 0.095400 0.061500 0.076800 0.000000 0.046400 0.053700 0.046500 0.038300 0.117200 0.077700 0.069600 0.069500 0.085400 0.092200 0.100300 0.093100
WhiteLippe 0.104000 0.169400 0.104300 0.285500 0.086200 0.104000 0.085800 0.086400 0.120100 0.063400 0.095400 0.101800 0.093800 0.070000 0.095000 0.086500 0.084600 0.100800 0.086200 0.102300 0.087100 0.095300 0.007400 0.054600 0.087200 0.079000 0.093800 0.111000 0.078200 0.128500 0.063800 0.070500 0.109900 0.093800 0.088600 0.102200 0.114000 0.078600 0.094200 0.046400 0.000000 0.070600 0.063400 0.038800 0.135800 0.103800 0.070500 0.086900 0.086500 0.110500 0.118300 0.111000
ThomsonGaz 0.030400 0.134200 0.062000 0.259500 0.030100 0.030400 0.014800 0.015000 0.077200 0.070800 0.022700 0.060600 0.022300 0.000100 0.022600 0.015000 0.060100 0.075700 0.014900 0.076700 0.015100 0.022600 0.062400 0.061900 0.015100 0.007500 0.022300 0.068900 0.007400 0.085200 0.071200 0.000100 0.069100 0.022300 0.015300 0.060800 0.038600 0.007500 0.022400 0.053700 0.070600 0.000000 0.070800 0.062100 0.092600 0.030300 0.015000 0.015000 0.030200 0.069100 0.076200 0.068900
MuntiacusC 0.104200 0.160900 0.071000 0.275200 0.103100 0.104200 0.086000 0.070200 0.086600 0.000000 0.095600 0.102000 0.094000 0.070100 0.095200 0.086700 0.101100 0.117600 0.086400 0.086000 0.087300 0.095500 0.055100 0.038700 0.087300 0.079200 0.094000 0.078000 0.078300 0.094800 0.015500 0.070600 0.110200 0.094000 0.088900 0.102400 0.114200 0.078800 0.094400 0.046500 0.063400 0.070800 0.000000 0.054900 0.136000 0.104000 0.087200 0.087100 0.103500 0.110800 0.085300 0.078000
WhiteTaile 0.095000 0.150000 0.095200 0.283600 0.094000 0.095000 0.077200 0.077800 0.110800 0.054900 0.086600 0.093100 0.085200 0.061600 0.086200 0.077900 0.092100 0.108400 0.077600 0.110000 0.078300 0.086400 0.030900 0.030300 0.078400 0.070400 0.085200 0.102000 0.069700 0.119100 0.055200 0.062000 0.100700 0.085200 0.079700 0.093400 0.104600 0.070000 0.085500 0.038300 0.038800 0.062100 0.054900 0.000000 0.126500 0.094800 0.078300 0.078200 0.094300 0.101300 0.109200 0.102000
Cattle 0.125800 0.175700 0.093100 0.275000 0.124700 0.125800 0.107500 0.108200 0.092100 0.136000 0.117300 0.059500 0.115500 0.091700 0.116900 0.091900 0.090200 0.106000 0.107900 0.091500 0.109000 0.117200 0.126900 0.126100 0.109100 0.101000 0.115500 0.083700 0.099700 0.083900 0.136800 0.092300 0.108100 0.115500 0.110700 0.029000 0.118700 0.100500 0.115900 0.117200 0.135800 0.092600 0.136000 0.126500 0.000000 0.125500 0.108500 0.108800 0.125000 0.116500 0.090900 0.083700
RoyalAntel 0.061800 0.151400 0.094500 0.279600 0.053300 0.061800 0.045200 0.045500 0.110000 0.104000 0.053700 0.092400 0.052900 0.030000 0.030200 0.045600 0.091600 0.091400 0.045400 0.109300 0.045900 0.053700 0.095200 0.094400 0.045900 0.038200 0.052900 0.101200 0.037800 0.118300 0.104600 0.030200 0.093200 0.052900 0.046700 0.092700 0.070600 0.038000 0.053100 0.077700 0.103800 0.030300 0.104000 0.094800 0.125500 0.000000 0.045800 0.045800 0.061300 0.101500 0.108500 0.101200
Steenbok 0.045900 0.142900 0.078100 0.269400 0.030100 0.045900 0.029900 0.030100 0.093400 0.087200 0.038100 0.076400 0.037500 0.014900 0.037900 0.030200 0.060000 0.075600 0.030000 0.076600 0.030300 0.038000 0.078600 0.078000 0.030400 0.022700 0.037500 0.084900 0.022400 0.101600 0.087700 0.015000 0.085100 0.037500 0.030800 0.076600 0.054500 0.022600 0.022200 0.069600 0.070500 0.015000 0.087200 0.078300 0.108500 0.045800 0.000000 0.030300 0.030200 0.085200 0.092100 0.084900
Impala 0.045800 0.151000 0.078000 0.279800 0.030000 0.045800 0.029800 0.030100 0.093400 0.087100 0.038000 0.076300 0.037400 0.014800 0.037900 0.030100 0.075700 0.091500 0.030000 0.092800 0.030300 0.038000 0.078500 0.077900 0.030300 0.022700 0.037400 0.084800 0.022500 0.101500 0.087600 0.014900 0.085100 0.037400 0.030800 0.076600 0.054400 0.022500 0.037600 0.069500 0.086900 0.015000 0.087100 0.078200 0.108800 0.045800 0.030300 0.000000 0.045600 0.076900 0.092100 0.084800
Klipspring 0.061500 0.159600 0.094100 0.276100 0.045300 0.061500 0.045000 0.045300 0.109600 0.103500 0.053500 0.092000 0.052700 0.029900 0.053300 0.045400 0.075400 0.091100 0.045200 0.092400 0.045700 0.053400 0.094700 0.094000 0.045700 0.038000 0.052700 0.100900 0.037600 0.117800 0.104100 0.030100 0.101100 0.052700 0.046400 0.092400 0.070300 0.037800 0.052900 0.085400 0.086500 0.030200 0.103500 0.094300 0.125000 0.061300 0.030200 0.045600 0.000000 0.101100 0.108100 0.100900
ForestMusk 0.101700 0.178100 0.085800 0.280500 0.100800 0.101700 0.084000 0.084600 0.100600 0.110800 0.093300 0.099900 0.084100 0.068500 0.076800 0.084700 0.083100 0.099000 0.068400 0.100400 0.085200 0.085200 0.101800 0.100800 0.085300 0.077300 0.084100 0.092500 0.076600 0.109200 0.111500 0.068900 0.092800 0.084100 0.086600 0.084200 0.103000 0.076900 0.092300 0.092200 0.110500 0.069100 0.110800 0.101300 0.116500 0.101500 0.085200 0.076900 0.101100 0.000000 0.099700 0.092500
Bushbuck 0.108700 0.175200 0.014800 0.285300 0.107700 0.108700 0.090900 0.091500 0.029500 0.085300 0.100200 0.075000 0.098800 0.075500 0.100000 0.091700 0.090000 0.105700 0.091300 0.014000 0.092200 0.100200 0.109700 0.092400 0.092300 0.084300 0.098800 0.021900 0.083500 0.022100 0.085900 0.076000 0.099800 0.098800 0.093700 0.059800 0.118300 0.083900 0.099100 0.100300 0.118300 0.076200 0.085300 0.109200 0.090900 0.108500 0.092100 0.092100 0.108100 0.099700 0.000000 0.021900
GreaterKud 0.101400 0.168000 0.022500 0.267900 0.100500 0.101400 0.083700 0.084300 0.014800 0.078000 0.093000 0.067800 0.091700 0.068300 0.092700 0.084400 0.074800 0.090400 0.084100 0.022100 0.085000 0.093000 0.102400 0.085200 0.085000 0.077000 0.091700 0.000000 0.076300 0.014800 0.078600 0.068700 0.092500 0.091700 0.086300 0.052500 0.111000 0.076600 0.091900 0.093100 0.111000 0.068900 0.078000 0.102000 0.083700 0.101200 0.084900 0.084800 0.100900 0.092500 0.021900 0.000000
