CODONML (in paml version 4.10.7, June 2023)  /home/rachel/ruminants_paml/6406-phy-tree/ENSBTAT00000029150.fasta.phy
Model: free dN/dS Ratios for branches,  kappa = 2.000 fixed

Codon frequency model: F3x4
ns =  54  ls =  27

Codon usage in sequences
--------------------------------------------------------------------------------------------------------------------------------------
Phe TTT   0   0   0   0   1   0 | Ser TCT   1   0   1   1   1   1 | Tyr TAT   0   0   0   0   0   0 | Cys TGT   0   0   0   0   0   0
    TTC   1   1   1   1   1   1 |     TCC   0   1   0   0   0   0 |     TAC   1   1   1   1   1   1 |     TGC   0   0   0   0   0   0
Leu TTA   0   0   0   0   0   0 |     TCA   0   0   0   0   0   0 | *** TAA   0   0   0   0   0   0 | *** TGA   0   0   0   0   0   0
    TTG   0   0   0   0   0   0 |     TCG   0   0   0   0   0   0 |     TAG   0   0   0   0   0   0 | Trp TGG   0   0   0   0   0   0
--------------------------------------------------------------------------------------------------------------------------------------
Leu CTT   0   0   0   0   0   0 | Pro CCT   0   0   0   0   0   0 | His CAT   1   1   0   1   0   0 | Arg CGT   0   0   0   0   0   0
    CTC   1   1   1   1   1   1 |     CCC   0   0   0   0   1   0 |     CAC   0   0   1   0   1   1 |     CGC   0   0   0   0   0   0
    CTA   0   0   0   1   0   0 |     CCA   1   1   0   0   0   0 | Gln CAA   0   0   0   0   0   0 |     CGA   0   0   0   0   0   0
    CTG   2   2   2   1   2   2 |     CCG   0   0   1   1   0   1 |     CAG   1   1   1   1   1   1 |     CGG   0   0   0   0   0   0
--------------------------------------------------------------------------------------------------------------------------------------
Ile ATT   1   1   1   1   0   1 | Thr ACT   2   2   2   2   1   1 | Asn AAT   0   0   0   0   0   0 | Ser AGT   0   1   0   0   0   0
    ATC   0   1   0   1   1   1 |     ACC   2   2   2   2   2   2 |     AAC   0   0   0   0   0   0 |     AGC   2   1   2   2   2   2
    ATA   0   0   0   0   0   0 |     ACA   0   0   0   0   1   0 | Lys AAA   1   0   1   1   1   1 | Arg AGA   0   1   0   0   0   0
Met ATG   0   0   0   0   0   0 |     ACG   0   0   0   0   1   0 |     AAG   0   0   0   0   0   0 |     AGG   1   1   1   1   1   1
--------------------------------------------------------------------------------------------------------------------------------------
Val GTT   1   0   0   0   0   0 | Ala GCT   1   1   1   1   1   1 | Asp GAT   1   1   1   1   1   1 | Gly GGT   1   1   1   1   1   1
    GTC   0   0   1   0   0   0 |     GCC   1   1   1   1   1   2 |     GAC   0   0   0   0   0   0 |     GGC   0   0   0   0   0   0
    GTA   1   0   0   0   0   0 |     GCA   0   0   0   1   0   0 | Glu GAA   1   1   1   1   1   1 |     GGA   0   0   0   0   0   0
    GTG   0   1   1   1   1   3 |     GCG   1   1   1   0   0   0 |     GAG   0   0   0   0   0   0 |     GGG   1   1   1   1   1   0
--------------------------------------------------------------------------------------------------------------------------------------

--------------------------------------------------------------------------------------------------------------------------------------
Phe TTT   0   0   0   0   0   0 | Ser TCT   1   1   1   1   1   1 | Tyr TAT   0   0   0   0   0   0 | Cys TGT   0   0   0   0   0   0
    TTC   1   1   1   1   1   1 |     TCC   0   0   0   0   0   0 |     TAC   1   1   1   1   1   1 |     TGC   0   0   0   0   0   0
Leu TTA   0   0   0   0   0   0 |     TCA   0   0   0   0   0   0 | *** TAA   0   0   0   0   0   0 | *** TGA   0   0   0   0   0   0
    TTG   0   0   0   0   0   0 |     TCG   0   0   0   0   0   0 |     TAG   0   0   0   0   0   0 | Trp TGG   0   0   0   0   0   0
--------------------------------------------------------------------------------------------------------------------------------------
Leu CTT   0   0   0   0   0   0 | Pro CCT   0   0   0   0   0   0 | His CAT   1   1   0   0   1   1 | Arg CGT   0   0   0   0   0   0
    CTC   1   1   1   1   1   1 |     CCC   0   0   0   0   0   0 |     CAC   0   0   1   1   0   0 |     CGC   0   0   0   0   0   0
    CTA   0   0   0   0   0   0 |     CCA   1   1   1   1   0   1 | Gln CAA   0   0   0   0   0   0 |     CGA   0   0   0   0   0   0
    CTG   2   2   2   2   2   2 |     CCG   0   0   0   0   1   0 |     CAG   1   1   1   1   1   1 |     CGG   0   0   0   0   0   0
--------------------------------------------------------------------------------------------------------------------------------------
Ile ATT   1   1   1   1   1   1 | Thr ACT   2   2   2   2   2   2 | Asn AAT   0   0   0   0   0   0 | Ser AGT   0   0   0   0   0   0
    ATC   1   0   0   0   1   1 |     ACC   2   2   2   2   2   3 |     AAC   0   0   0   0   0   0 |     AGC   2   2   2   2   2   1
    ATA   0   0   0   0   0   0 |     ACA   0   0   0   0   0   0 | Lys AAA   1   1   1   1   1   1 | Arg AGA   0   0   0   0   0   0
Met ATG   0   0   0   0   0   0 |     ACG   0   0   0   0   0   0 |     AAG   0   0   0   0   0   0 |     AGG   1   1   1   1   1   1
--------------------------------------------------------------------------------------------------------------------------------------
Val GTT   0   1   0   0   0   0 | Ala GCT   1   1   1   1   1   1 | Asp GAT   1   1   1   1   1   1 | Gly GGT   1   1   1   1   1   1
    GTC   0   0   1   1   0   0 |     GCC   1   1   1   1   1   1 |     GAC   0   0   0   0   0   0 |     GGC   0   0   0   0   0   0
    GTA   0   1   0   0   0   0 |     GCA   0   0   0   0   0   1 | Glu GAA   1   1   1   1   1   0 |     GGA   0   0   0   0   0   0
    GTG   1   0   1   1   1   1 |     GCG   1   1   1   1   1   0 |     GAG   0   0   0   0   0   1 |     GGG   1   1   1   1   1   1
--------------------------------------------------------------------------------------------------------------------------------------

--------------------------------------------------------------------------------------------------------------------------------------
Phe TTT   0   0   0   0   0   0 | Ser TCT   1   1   1   1   1   1 | Tyr TAT   0   0   0   0   0   0 | Cys TGT   0   0   0   0   0   0
    TTC   1   1   1   1   1   1 |     TCC   0   0   0   0   0   0 |     TAC   1   1   1   1   1   1 |     TGC   0   0   0   0   0   0
Leu TTA   0   0   0   0   0   0 |     TCA   0   0   0   0   0   0 | *** TAA   0   0   0   0   0   0 | *** TGA   0   0   0   0   0   0
    TTG   0   0   0   0   0   0 |     TCG   0   0   0   0   0   0 |     TAG   0   0   0   0   0   0 | Trp TGG   0   0   0   0   0   0
--------------------------------------------------------------------------------------------------------------------------------------
Leu CTT   0   0   0   0   0   0 | Pro CCT   0   0   0   0   0   0 | His CAT   1   0   0   0   0   1 | Arg CGT   0   0   0   0   0   0
    CTC   1   1   1   1   1   1 |     CCC   0   0   0   0   0   0 |     CAC   0   1   1   1   1   0 |     CGC   0   0   0   0   0   0
    CTA   0   0   0   0   0   0 |     CCA   1   1   1   1   1   1 | Gln CAA   0   0   0   0   0   0 |     CGA   0   0   0   0   0   0
    CTG   2   2   2   2   2   2 |     CCG   0   0   0   0   0   0 |     CAG   1   1   1   1   1   1 |     CGG   0   0   0   0   0   0
--------------------------------------------------------------------------------------------------------------------------------------
Ile ATT   1   1   1   1   1   1 | Thr ACT   2   2   2   2   2   2 | Asn AAT   0   0   0   0   0   0 | Ser AGT   0   0   0   0   0   0
    ATC   0   1   0   0   0   0 |     ACC   2   2   2   2   2   2 |     AAC   0   0   0   0   0   0 |     AGC   2   2   2   2   2   2
    ATA   0   0   0   0   0   0 |     ACA   0   0   0   0   0   0 | Lys AAA   1   1   1   1   1   1 | Arg AGA   0   0   0   0   0   0
Met ATG   0   0   0   0   0   0 |     ACG   0   0   0   0   0   0 |     AAG   0   0   0   0   0   0 |     AGG   1   1   1   1   1   1
--------------------------------------------------------------------------------------------------------------------------------------
Val GTT   1   0   0   0   0   0 | Ala GCT   1   1   1   1   1   1 | Asp GAT   1   1   1   1   1   1 | Gly GGT   1   1   1   1   1   1
    GTC   0   0   1   1   1   1 |     GCC   1   1   1   1   1   1 |     GAC   0   0   0   0   0   0 |     GGC   0   0   0   0   0   0
    GTA   0   0   0   0   0   0 |     GCA   0   0   0   0   0   0 | Glu GAA   1   1   1   1   1   1 |     GGA   0   0   0   0   0   0
    GTG   1   1   1   1   1   1 |     GCG   1   1   1   1   1   1 |     GAG   0   0   0   0   0   0 |     GGG   1   1   1   1   1   1
--------------------------------------------------------------------------------------------------------------------------------------

--------------------------------------------------------------------------------------------------------------------------------------
Phe TTT   0   0   0   0   0   0 | Ser TCT   1   2   1   1   1   1 | Tyr TAT   0   0   0   0   0   0 | Cys TGT   0   0   0   0   0   0
    TTC   1   1   1   1   1   1 |     TCC   0   0   0   0   0   0 |     TAC   1   1   1   1   1   1 |     TGC   0   0   0   0   0   0
Leu TTA   0   0   0   0   0   0 |     TCA   0   0   0   0   0   0 | *** TAA   0   0   0   0   0   0 | *** TGA   0   0   0   0   0   0
    TTG   0   0   0   0   0   0 |     TCG   0   0   0   0   0   0 |     TAG   0   0   0   0   0   0 | Trp TGG   0   0   0   0   0   0
--------------------------------------------------------------------------------------------------------------------------------------
Leu CTT   0   0   0   0   0   0 | Pro CCT   0   0   0   0   0   0 | His CAT   1   1   0   0   0   0 | Arg CGT   0   0   0   0   0   0
    CTC   0   0   1   1   1   1 |     CCC   0   0   0   0   0   0 |     CAC   0   0   1   1   1   1 |     CGC   0   0   0   0   0   0
    CTA   0   0   0   0   0   0 |     CCA   0   0   1   1   1   1 | Gln CAA   0   0   0   0   0   0 |     CGA   0   0   0   0   0   0
    CTG   2   2   2   2   2   2 |     CCG   1   1   0   0   0   0 |     CAG   1   1   1   1   1   1 |     CGG   0   0   0   0   0   0
--------------------------------------------------------------------------------------------------------------------------------------
Ile ATT   1   1   1   1   1   1 | Thr ACT   2   1   2   2   2   2 | Asn AAT   0   0   0   0   0   0 | Ser AGT   0   0   0   0   0   0
    ATC   1   1   0   1   0   0 |     ACC   2   2   2   2   2   2 |     AAC   0   0   0   0   0   0 |     AGC   2   2   2   2   2   2
    ATA   0   0   0   0   0   0 |     ACA   0   0   0   0   0   0 | Lys AAA   1   1   1   1   1   1 | Arg AGA   0   0   0   0   0   0
Met ATG   0   0   0   0   0   0 |     ACG   0   0   0   0   0   0 |     AAG   0   0   0   0   0   0 |     AGG   1   1   1   1   1   1
--------------------------------------------------------------------------------------------------------------------------------------
Val GTT   0   0   0   0   0   1 | Ala GCT   1   1   1   1   1   1 | Asp GAT   1   1   1   1   1   1 | Gly GGT   1   1   1   1   1   1
    GTC   1   1   1   0   1   0 |     GCC   1   1   1   1   1   1 |     GAC   0   0   0   0   0   0 |     GGC   0   0   0   0   0   0
    GTA   0   0   0   0   0   0 |     GCA   1   0   1   0   0   0 | Glu GAA   1   1   1   1   1   1 |     GGA   0   0   0   0   0   0
    GTG   1   2   1   1   1   1 |     GCG   0   0   0   1   1   1 |     GAG   0   0   0   0   0   0 |     GGG   1   1   1   1   1   1
--------------------------------------------------------------------------------------------------------------------------------------

--------------------------------------------------------------------------------------------------------------------------------------
Phe TTT   0   0   0   0   0   0 | Ser TCT   1   1   1   1   1   1 | Tyr TAT   0   0   0   0   0   0 | Cys TGT   0   0   0   0   0   0
    TTC   1   1   1   1   1   1 |     TCC   0   0   0   0   0   0 |     TAC   1   1   1   1   1   1 |     TGC   0   0   0   0   0   0
Leu TTA   0   0   0   0   0   0 |     TCA   0   0   0   0   0   0 | *** TAA   0   0   0   0   0   0 | *** TGA   0   0   0   0   0   0
    TTG   0   0   0   0   0   0 |     TCG   0   0   0   0   0   0 |     TAG   0   0   0   0   0   0 | Trp TGG   0   0   0   0   0   0
--------------------------------------------------------------------------------------------------------------------------------------
Leu CTT   0   0   0   0   0   0 | Pro CCT   0   0   0   0   0   0 | His CAT   1   1   1   0   0   0 | Arg CGT   0   0   0   0   0   0
    CTC   1   1   1   1   1   1 |     CCC   0   0   0   0   0   0 |     CAC   0   0   0   1   1   1 |     CGC   0   0   0   0   0   0
    CTA   0   0   0   0   0   0 |     CCA   1   1   1   1   1   0 | Gln CAA   0   0   0   0   0   0 |     CGA   0   0   0   0   0   0
    CTG   2   2   2   2   2   2 |     CCG   0   0   0   0   0   1 |     CAG   1   1   1   1   1   1 |     CGG   0   0   0   0   0   0
--------------------------------------------------------------------------------------------------------------------------------------
Ile ATT   1   1   1   1   1   1 | Thr ACT   2   2   2   2   2   2 | Asn AAT   0   0   0   0   0   0 | Ser AGT   0   0   0   0   0   0
    ATC   1   1   0   0   0   1 |     ACC   2   2   2   2   2   2 |     AAC   0   0   0   0   0   0 |     AGC   2   2   2   2   2   2
    ATA   0   0   0   0   0   0 |     ACA   0   0   0   0   0   0 | Lys AAA   1   1   1   1   1   1 | Arg AGA   0   0   0   1   0   0
Met ATG   0   0   0   0   0   0 |     ACG   0   0   0   0   0   0 |     AAG   0   0   0   0   0   0 |     AGG   1   1   1   0   1   1
--------------------------------------------------------------------------------------------------------------------------------------
Val GTT   0   0   1   0   0   0 | Ala GCT   1   1   1   0   1   1 | Asp GAT   1   1   1   1   1   1 | Gly GGT   1   1   1   1   1   1
    GTC   0   0   0   1   1   0 |     GCC   1   1   1   1   1   1 |     GAC   0   0   0   0   0   0 |     GGC   0   0   0   0   0   0
    GTA   0   0   0   0   0   0 |     GCA   0   0   0   1   0   0 | Glu GAA   0   0   1   1   1   1 |     GGA   0   0   0   0   0   0
    GTG   1   1   1   1   1   1 |     GCG   1   1   1   1   1   1 |     GAG   1   1   0   0   0   0 |     GGG   1   1   1   1   1   1
--------------------------------------------------------------------------------------------------------------------------------------

--------------------------------------------------------------------------------------------------------------------------------------
Phe TTT   0   0   0   0   0   0 | Ser TCT   1   1   1   1   1   1 | Tyr TAT   0   0   1   0   0   0 | Cys TGT   0   0   0   0   0   0
    TTC   1   1   1   1   1   1 |     TCC   0   0   0   0   0   0 |     TAC   1   1   0   1   1   1 |     TGC   0   0   0   0   0   0
Leu TTA   0   0   0   0   0   0 |     TCA   0   0   0   0   0   0 | *** TAA   0   0   0   0   0   0 | *** TGA   0   0   0   0   0   0
    TTG   0   0   0   0   0   0 |     TCG   0   0   0   0   0   0 |     TAG   0   0   0   0   0   0 | Trp TGG   0   0   0   0   0   0
--------------------------------------------------------------------------------------------------------------------------------------
Leu CTT   0   0   0   0   0   0 | Pro CCT   0   0   0   0   0   0 | His CAT   1   0   1   0   0   0 | Arg CGT   0   0   0   0   0   0
    CTC   1   1   1   1   1   1 |     CCC   0   0   0   0   0   0 |     CAC   0   1   0   1   1   1 |     CGC   0   0   0   0   0   0
    CTA   0   0   0   0   0   0 |     CCA   1   0   1   1   1   1 | Gln CAA   0   0   0   0   0   0 |     CGA   0   0   0   0   0   0
    CTG   2   2   2   2   2   2 |     CCG   0   1   0   0   0   0 |     CAG   1   1   1   1   1   1 |     CGG   0   0   0   0   0   0
--------------------------------------------------------------------------------------------------------------------------------------
Ile ATT   1   1   1   1   1   1 | Thr ACT   2   2   2   2   2   2 | Asn AAT   0   0   0   0   0   0 | Ser AGT   0   0   0   0   0   0
    ATC   0   1   1   0   1   0 |     ACC   2   2   3   2   1   2 |     AAC   0   0   0   0   0   0 |     AGC   2   2   1   2   2   2
    ATA   0   0   0   0   0   0 |     ACA   0   0   0   0   0   0 | Lys AAA   0   1   1   1   1   1 | Arg AGA   1   0   0   0   0   0
Met ATG   0   0   0   0   0   0 |     ACG   0   0   0   0   0   0 |     AAG   0   0   0   0   0   0 |     AGG   1   1   1   1   1   1
--------------------------------------------------------------------------------------------------------------------------------------
Val GTT   0   0   0   0   0   0 | Ala GCT   1   1   1   1   1   1 | Asp GAT   1   1   1   1   1   1 | Gly GGT   1   1   1   1   1   1
    GTC   1   0   0   1   0   1 |     GCC   1   1   1   1   2   1 |     GAC   0   0   0   0   0   0 |     GGC   0   0   0   0   0   0
    GTA   0   0   0   0   0   0 |     GCA   0   0   1   0   0   1 | Glu GAA   1   1   0   1   1   1 |     GGA   0   0   0   0   0   0
    GTG   1   1   1   1   1   1 |     GCG   1   1   0   1   0   0 |     GAG   0   0   1   0   0   0 |     GGG   1   1   1   1   2   1
--------------------------------------------------------------------------------------------------------------------------------------

--------------------------------------------------------------------------------------------------------------------------------------
Phe TTT   0   0   0   0   0   1 | Ser TCT   1   1   1   1   1   1 | Tyr TAT   0   0   0   0   0   0 | Cys TGT   0   0   0   0   0   0
    TTC   1   1   1   1   1   0 |     TCC   0   0   0   0   0   0 |     TAC   1   1   1   1   1   1 |     TGC   0   0   0   0   0   0
Leu TTA   0   0   0   0   0   0 |     TCA   0   0   0   0   0   0 | *** TAA   0   0   0   0   0   0 | *** TGA   0   0   0   0   0   0
    TTG   0   0   0   0   0   0 |     TCG   0   0   0   0   0   0 |     TAG   0   0   0   0   0   0 | Trp TGG   0   0   0   0   0   0
--------------------------------------------------------------------------------------------------------------------------------------
Leu CTT   0   0   0   0   0   0 | Pro CCT   0   0   0   0   0   0 | His CAT   0   1   0   1   1   1 | Arg CGT   0   0   0   0   0   0
    CTC   1   1   1   1   1   1 |     CCC   0   0   0   0   0   0 |     CAC   1   0   1   0   0   0 |     CGC   0   0   0   0   0   0
    CTA   0   0   0   0   0   0 |     CCA   1   1   1   1   1   1 | Gln CAA   0   0   0   0   0   0 |     CGA   0   0   0   0   0   0
    CTG   2   2   2   2   2   2 |     CCG   0   0   0   0   0   0 |     CAG   1   1   1   1   1   1 |     CGG   0   0   0   0   0   0
--------------------------------------------------------------------------------------------------------------------------------------
Ile ATT   1   1   1   1   1   1 | Thr ACT   2   2   2   2   3   2 | Asn AAT   0   0   0   0   0   0 | Ser AGT   0   0   0   0   0   0
    ATC   0   1   0   1   0   1 |     ACC   2   2   2   2   1   2 |     AAC   0   0   0   0   0   0 |     AGC   2   2   2   2   2   2
    ATA   0   0   0   0   0   0 |     ACA   0   0   0   0   0   0 | Lys AAA   1   1   1   1   1   1 | Arg AGA   0   0   0   0   0   0
Met ATG   0   0   0   0   0   0 |     ACG   0   0   0   0   0   0 |     AAG   0   0   0   0   0   0 |     AGG   1   1   1   1   1   1
--------------------------------------------------------------------------------------------------------------------------------------
Val GTT   0   0   1   0   0   0 | Ala GCT   1   1   1   1   1   1 | Asp GAT   1   1   1   1   1   1 | Gly GGT   1   1   1   1   1   1
    GTC   1   0   0   0   1   0 |     GCC   1   1   1   1   1   1 |     GAC   0   0   0   0   0   0 |     GGC   0   0   0   0   0   0
    GTA   0   0   0   0   0   0 |     GCA   0   0   0   0   0   0 | Glu GAA   1   1   1   1   1   0 |     GGA   0   0   0   0   0   0
    GTG   1   1   1   1   1   1 |     GCG   1   1   1   1   1   1 |     GAG   0   0   0   0   0   1 |     GGG   1   1   1   1   1   1
--------------------------------------------------------------------------------------------------------------------------------------

--------------------------------------------------------------------------------------------------------------------------------------
Phe TTT   0   0   0   0   0   0 | Ser TCT   1   1   1   1   1   1 | Tyr TAT   0   0   0   0   0   0 | Cys TGT   0   0   0   0   0   0
    TTC   1   1   1   1   1   1 |     TCC   0   0   0   0   0   0 |     TAC   1   1   1   1   1   1 |     TGC   0   0   0   0   0   0
Leu TTA   0   0   0   0   0   0 |     TCA   0   0   0   0   0   0 | *** TAA   0   0   0   0   0   0 | *** TGA   0   0   0   0   0   0
    TTG   0   0   0   0   0   0 |     TCG   0   0   0   0   0   0 |     TAG   0   0   0   0   0   0 | Trp TGG   0   0   0   0   0   0
--------------------------------------------------------------------------------------------------------------------------------------
Leu CTT   0   0   0   0   0   0 | Pro CCT   0   0   0   0   0   0 | His CAT   1   0   1   1   0   1 | Arg CGT   0   0   0   0   0   0
    CTC   1   1   1   1   1   1 |     CCC   0   0   0   0   0   0 |     CAC   0   1   0   0   1   0 |     CGC   0   0   0   0   0   0
    CTA   0   0   0   0   0   0 |     CCA   1   1   1   1   1   1 | Gln CAA   0   0   0   0   0   0 |     CGA   0   0   0   0   0   0
    CTG   2   2   2   2   2   2 |     CCG   0   0   0   0   0   0 |     CAG   1   1   1   1   1   1 |     CGG   0   0   0   0   0   0
--------------------------------------------------------------------------------------------------------------------------------------
Ile ATT   1   1   1   1   1   1 | Thr ACT   2   2   2   2   2   2 | Asn AAT   0   0   0   0   0   0 | Ser AGT   0   0   0   0   0   0
    ATC   1   0   1   1   1   1 |     ACC   2   2   3   2   2   2 |     AAC   0   0   0   0   0   0 |     AGC   2   2   1   2   2   1
    ATA   0   0   0   0   0   0 |     ACA   0   0   0   0   0   0 | Lys AAA   1   1   1   1   1   1 | Arg AGA   0   0   0   0   0   0
Met ATG   0   0   0   0   0   0 |     ACG   0   0   0   0   0   0 |     AAG   0   0   0   0   0   0 |     AGG   1   1   1   1   1   1
--------------------------------------------------------------------------------------------------------------------------------------
Val GTT   0   0   0   0   0   0 | Ala GCT   1   1   1   1   1   1 | Asp GAT   1   1   1   1   1   1 | Gly GGT   1   1   1   1   1   1
    GTC   0   1   0   0   0   1 |     GCC   1   1   1   1   1   1 |     GAC   0   0   0   0   0   0 |     GGC   0   0   0   0   0   0
    GTA   0   0   0   0   0   0 |     GCA   0   0   1   0   0   0 | Glu GAA   0   1   0   0   1   1 |     GGA   0   0   0   0   0   0
    GTG   1   1   1   1   1   1 |     GCG   1   1   0   1   1   1 |     GAG   1   0   1   1   0   0 |     GGG   1   1   1   1   1   1
--------------------------------------------------------------------------------------------------------------------------------------

--------------------------------------------------------------------------------------------------------------------------------------
Phe TTT   0   0   0   0   0   0 | Ser TCT   1   1   1   1   1   1 | Tyr TAT   0   0   0   0   0   0 | Cys TGT   0   0   0   0   0   0
    TTC   1   1   1   1   1   1 |     TCC   0   0   0   0   0   0 |     TAC   1   1   1   1   1   1 |     TGC   0   0   0   0   0   0
Leu TTA   0   0   0   0   0   0 |     TCA   0   0   0   0   0   0 | *** TAA   0   0   0   0   0   0 | *** TGA   0   0   0   0   0   0
    TTG   0   0   0   0   0   0 |     TCG   0   0   0   0   0   0 |     TAG   0   0   0   0   0   0 | Trp TGG   0   0   0   0   0   0
--------------------------------------------------------------------------------------------------------------------------------------
Leu CTT   0   0   0   0   0   0 | Pro CCT   0   0   0   0   0   0 | His CAT   1   0   1   1   1   0 | Arg CGT   0   0   0   0   0   0
    CTC   1   1   1   1   1   1 |     CCC   0   0   0   0   0   0 |     CAC   0   1   0   0   0   1 |     CGC   0   0   0   0   0   0
    CTA   0   0   0   1   0   0 |     CCA   1   1   1   0   0   0 | Gln CAA   0   0   0   0   0   0 |     CGA   0   0   0   0   0   0
    CTG   2   2   2   1   2   2 |     CCG   0   0   0   1   1   1 |     CAG   1   1   1   1   1   1 |     CGG   0   0   0   0   0   0
--------------------------------------------------------------------------------------------------------------------------------------
Ile ATT   1   1   1   1   1   1 | Thr ACT   2   2   2   2   2   2 | Asn AAT   0   0   0   0   0   0 | Ser AGT   0   0   0   0   0   0
    ATC   0   0   0   1   1   1 |     ACC   2   2   2   2   2   2 |     AAC   0   0   0   0   0   0 |     AGC   2   2   2   2   2   2
    ATA   0   0   0   0   0   0 |     ACA   0   0   0   0   0   0 | Lys AAA   1   1   1   1   1   1 | Arg AGA   0   0   0   0   0   0
Met ATG   0   0   0   0   0   0 |     ACG   0   0   0   0   0   0 |     AAG   0   0   0   0   0   0 |     AGG   1   1   1   1   1   1
--------------------------------------------------------------------------------------------------------------------------------------
Val GTT   0   0   0   0   0   0 | Ala GCT   1   1   1   1   1   1 | Asp GAT   1   1   1   1   1   1 | Gly GGT   1   1   1   1   1   1
    GTC   1   1   1   0   0   0 |     GCC   1   1   1   1   1   1 |     GAC   0   0   0   0   0   0 |     GGC   0   0   0   0   0   0
    GTA   0   0   0   0   0   0 |     GCA   0   0   0   1   0   0 | Glu GAA   1   1   1   1   1   1 |     GGA   0   0   0   0   0   0
    GTG   1   1   1   1   1   1 |     GCG   1   1   1   0   1   1 |     GAG   0   0   0   0   0   0 |     GGG   1   1   1   1   1   1
--------------------------------------------------------------------------------------------------------------------------------------

Codon position x base (3x4) table for each sequence.

#1: Argali         
position  1:    T:0.11111    C:0.22222    A:0.33333    G:0.33333
position  2:    T:0.25926    C:0.33333    A:0.22222    G:0.18519
position  3:    T:0.33333    C:0.29630    A:0.14815    G:0.22222
Average         T:0.23457    C:0.28395    A:0.23457    G:0.24691

#2: LesserMouseDeer
position  1:    T:0.11111    C:0.22222    A:0.37037    G:0.29630
position  2:    T:0.25926    C:0.33333    A:0.18519    G:0.22222
position  3:    T:0.29630    C:0.33333    A:0.11111    G:0.25926
Average         T:0.22222    C:0.29630    A:0.22222    G:0.25926

#3: LesserKudu     
position  1:    T:0.11111    C:0.22222    A:0.33333    G:0.33333
position  2:    T:0.25926    C:0.33333    A:0.22222    G:0.18519
position  3:    T:0.25926    C:0.37037    A:0.07407    G:0.29630
Average         T:0.20988    C:0.30864    A:0.20988    G:0.27160

#4: ForestMuskDeer2
position  1:    T:0.11111    C:0.22222    A:0.37037    G:0.29630
position  2:    T:0.25926    C:0.33333    A:0.22222    G:0.18519
position  3:    T:0.29630    C:0.33333    A:0.14815    G:0.22222
Average         T:0.22222    C:0.29630    A:0.24691    G:0.23457

#5: Camel          
position  1:    T:0.14815    C:0.22222    A:0.37037    G:0.25926
position  2:    T:0.25926    C:0.33333    A:0.22222    G:0.18519
position  3:    T:0.22222    C:0.40741    A:0.11111    G:0.25926
Average         T:0.20988    C:0.32099    A:0.23457    G:0.23457

#6: KillerWhale    
position  1:    T:0.11111    C:0.22222    A:0.33333    G:0.33333
position  2:    T:0.33333    C:0.29630    A:0.22222    G:0.14815
position  3:    T:0.22222    C:0.40741    A:0.07407    G:0.29630
Average         T:0.22222    C:0.30864    A:0.20988    G:0.25926

#7: DefassaWaterbuck
position  1:    T:0.11111    C:0.22222    A:0.37037    G:0.29630
position  2:    T:0.25926    C:0.33333    A:0.22222    G:0.18519
position  3:    T:0.29630    C:0.33333    A:0.11111    G:0.25926
Average         T:0.22222    C:0.29630    A:0.23457    G:0.24691

#8: Sheep          
position  1:    T:0.11111    C:0.22222    A:0.33333    G:0.33333
position  2:    T:0.25926    C:0.33333    A:0.22222    G:0.18519
position  3:    T:0.33333    C:0.29630    A:0.14815    G:0.22222
Average         T:0.23457    C:0.28395    A:0.23457    G:0.24691

#9: MaxwellsDuiker 
position  1:    T:0.11111    C:0.22222    A:0.33333    G:0.33333
position  2:    T:0.25926    C:0.33333    A:0.22222    G:0.18519
position  3:    T:0.25926    C:0.37037    A:0.11111    G:0.25926
Average         T:0.20988    C:0.30864    A:0.22222    G:0.25926

#10: GazellaPrzewalskyi
position  1:    T:0.11111    C:0.22222    A:0.33333    G:0.33333
position  2:    T:0.25926    C:0.33333    A:0.22222    G:0.18519
position  3:    T:0.25926    C:0.37037    A:0.11111    G:0.25926
Average         T:0.20988    C:0.30864    A:0.22222    G:0.25926

#11: MountainNyala  
position  1:    T:0.11111    C:0.22222    A:0.37037    G:0.29630
position  2:    T:0.25926    C:0.33333    A:0.22222    G:0.18519
position  3:    T:0.29630    C:0.33333    A:0.07407    G:0.29630
Average         T:0.22222    C:0.29630    A:0.22222    G:0.25926

#12: MuntiacusMuntjak
position  1:    T:0.11111    C:0.22222    A:0.37037    G:0.29630
position  2:    T:0.25926    C:0.37037    A:0.22222    G:0.14815
position  3:    T:0.29630    C:0.33333    A:0.11111    G:0.25926
Average         T:0.22222    C:0.30864    A:0.23457    G:0.23457

#13: goat           
position  1:    T:0.11111    C:0.22222    A:0.33333    G:0.33333
position  2:    T:0.25926    C:0.33333    A:0.22222    G:0.18519
position  3:    T:0.33333    C:0.29630    A:0.11111    G:0.25926
Average         T:0.23457    C:0.28395    A:0.22222    G:0.25926

#14: AfricanBuffalo 
position  1:    T:0.11111    C:0.22222    A:0.37037    G:0.29630
position  2:    T:0.25926    C:0.33333    A:0.22222    G:0.18519
position  3:    T:0.25926    C:0.37037    A:0.11111    G:0.25926
Average         T:0.20988    C:0.30864    A:0.23457    G:0.24691

#15: Topi           
position  1:    T:0.11111    C:0.22222    A:0.33333    G:0.33333
position  2:    T:0.25926    C:0.33333    A:0.22222    G:0.18519
position  3:    T:0.25926    C:0.37037    A:0.11111    G:0.25926
Average         T:0.20988    C:0.30864    A:0.22222    G:0.25926

#16: CommonDuiker   
position  1:    T:0.11111    C:0.22222    A:0.33333    G:0.33333
position  2:    T:0.25926    C:0.33333    A:0.22222    G:0.18519
position  3:    T:0.25926    C:0.37037    A:0.11111    G:0.25926
Average         T:0.20988    C:0.30864    A:0.22222    G:0.25926

#17: Suni           
position  1:    T:0.11111    C:0.22222    A:0.33333    G:0.33333
position  2:    T:0.25926    C:0.33333    A:0.22222    G:0.18519
position  3:    T:0.25926    C:0.37037    A:0.11111    G:0.25926
Average         T:0.20988    C:0.30864    A:0.22222    G:0.25926

#18: Springbuck     
position  1:    T:0.11111    C:0.22222    A:0.33333    G:0.33333
position  2:    T:0.25926    C:0.33333    A:0.22222    G:0.18519
position  3:    T:0.29630    C:0.33333    A:0.11111    G:0.25926
Average         T:0.22222    C:0.29630    A:0.22222    G:0.25926

#19: Okapi          
position  1:    T:0.11111    C:0.18519    A:0.37037    G:0.33333
position  2:    T:0.25926    C:0.33333    A:0.22222    G:0.18519
position  3:    T:0.29630    C:0.33333    A:0.11111    G:0.25926
Average         T:0.22222    C:0.28395    A:0.23457    G:0.25926

#20: Giraffe        
position  1:    T:0.14815    C:0.18519    A:0.33333    G:0.33333
position  2:    T:0.29630    C:0.29630    A:0.22222    G:0.18519
position  3:    T:0.29630    C:0.33333    A:0.07407    G:0.29630
Average         T:0.24691    C:0.27160    A:0.20988    G:0.27160

#21: TibetanAntelope
position  1:    T:0.11111    C:0.22222    A:0.33333    G:0.33333
position  2:    T:0.25926    C:0.33333    A:0.22222    G:0.18519
position  3:    T:0.25926    C:0.37037    A:0.14815    G:0.22222
Average         T:0.20988    C:0.30864    A:0.23457    G:0.24691

#22: Sitatunga      
position  1:    T:0.11111    C:0.22222    A:0.37037    G:0.29630
position  2:    T:0.25926    C:0.33333    A:0.22222    G:0.18519
position  3:    T:0.25926    C:0.37037    A:0.11111    G:0.25926
Average         T:0.20988    C:0.30864    A:0.23457    G:0.24691

#23: Oribi          
position  1:    T:0.11111    C:0.22222    A:0.33333    G:0.33333
position  2:    T:0.25926    C:0.33333    A:0.22222    G:0.18519
position  3:    T:0.25926    C:0.37037    A:0.11111    G:0.25926
Average         T:0.20988    C:0.30864    A:0.22222    G:0.25926

#24: BarbarySheep   
position  1:    T:0.11111    C:0.22222    A:0.33333    G:0.33333
position  2:    T:0.25926    C:0.33333    A:0.22222    G:0.18519
position  3:    T:0.29630    C:0.33333    A:0.11111    G:0.25926
Average         T:0.22222    C:0.29630    A:0.22222    G:0.25926

#25: Daviddeer      
position  1:    T:0.11111    C:0.22222    A:0.37037    G:0.29630
position  2:    T:0.25926    C:0.33333    A:0.22222    G:0.18519
position  3:    T:0.29630    C:0.33333    A:0.07407    G:0.29630
Average         T:0.22222    C:0.29630    A:0.22222    G:0.25926

#26: Reindeer       
position  1:    T:0.11111    C:0.22222    A:0.37037    G:0.29630
position  2:    T:0.25926    C:0.33333    A:0.22222    G:0.18519
position  3:    T:0.29630    C:0.33333    A:0.07407    G:0.29630
Average         T:0.22222    C:0.29630    A:0.22222    G:0.25926

#27: Ibex           
position  1:    T:0.11111    C:0.22222    A:0.33333    G:0.33333
position  2:    T:0.25926    C:0.33333    A:0.22222    G:0.18519
position  3:    T:0.33333    C:0.29630    A:0.11111    G:0.25926
Average         T:0.23457    C:0.28395    A:0.22222    G:0.25926

#28: GyrantGazelle  
position  1:    T:0.11111    C:0.22222    A:0.33333    G:0.33333
position  2:    T:0.25926    C:0.33333    A:0.22222    G:0.18519
position  3:    T:0.22222    C:0.37037    A:0.18519    G:0.22222
Average         T:0.19753    C:0.30864    A:0.24691    G:0.24691

#29: Hartebeest     
position  1:    T:0.11111    C:0.22222    A:0.33333    G:0.33333
position  2:    T:0.25926    C:0.33333    A:0.22222    G:0.18519
position  3:    T:0.25926    C:0.37037    A:0.11111    G:0.25926
Average         T:0.20988    C:0.30864    A:0.22222    G:0.25926

#30: Bongo          
position  1:    T:0.11111    C:0.22222    A:0.37037    G:0.29630
position  2:    T:0.25926    C:0.33333    A:0.22222    G:0.18519
position  3:    T:0.25926    C:0.37037    A:0.07407    G:0.29630
Average         T:0.20988    C:0.30864    A:0.22222    G:0.25926

#31: Gerenuk        
position  1:    T:0.11111    C:0.22222    A:0.33333    G:0.33333
position  2:    T:0.25926    C:0.33333    A:0.18519    G:0.22222
position  3:    T:0.29630    C:0.33333    A:0.11111    G:0.25926
Average         T:0.22222    C:0.29630    A:0.20988    G:0.27160

#32: CommonEland    
position  1:    T:0.11111    C:0.22222    A:0.37037    G:0.29630
position  2:    T:0.25926    C:0.33333    A:0.22222    G:0.18519
position  3:    T:0.25926    C:0.37037    A:0.07407    G:0.29630
Average         T:0.20988    C:0.30864    A:0.22222    G:0.25926

#33: MuntiacusReevesi
position  1:    T:0.11111    C:0.22222    A:0.37037    G:0.29630
position  2:    T:0.25926    C:0.37037    A:0.22222    G:0.14815
position  3:    T:0.33333    C:0.29630    A:0.11111    G:0.25926
Average         T:0.23457    C:0.29630    A:0.23457    G:0.23457

#34: HarveysDuiker  
position  1:    T:0.11111    C:0.22222    A:0.33333    G:0.33333
position  2:    T:0.25926    C:0.33333    A:0.22222    G:0.18519
position  3:    T:0.25926    C:0.37037    A:0.11111    G:0.25926
Average         T:0.20988    C:0.30864    A:0.22222    G:0.25926

#35: Pronghorn      
position  1:    T:0.11111    C:0.22222    A:0.33333    G:0.33333
position  2:    T:0.25926    C:0.29630    A:0.22222    G:0.22222
position  3:    T:0.25926    C:0.37037    A:0.11111    G:0.25926
Average         T:0.20988    C:0.29630    A:0.22222    G:0.27160

#36: BlueWildebeest 
position  1:    T:0.11111    C:0.22222    A:0.33333    G:0.33333
position  2:    T:0.25926    C:0.33333    A:0.22222    G:0.18519
position  3:    T:0.25926    C:0.37037    A:0.14815    G:0.22222
Average         T:0.20988    C:0.30864    A:0.23457    G:0.24691

#37: Gemsbok        
position  1:    T:0.11111    C:0.22222    A:0.33333    G:0.33333
position  2:    T:0.25926    C:0.33333    A:0.22222    G:0.18519
position  3:    T:0.25926    C:0.37037    A:0.11111    G:0.25926
Average         T:0.20988    C:0.30864    A:0.22222    G:0.25926

#38: Yak            
position  1:    T:0.11111    C:0.22222    A:0.37037    G:0.29630
position  2:    T:0.25926    C:0.33333    A:0.22222    G:0.18519
position  3:    T:0.29630    C:0.33333    A:0.11111    G:0.25926
Average         T:0.22222    C:0.29630    A:0.23457    G:0.24691

#39: BlueSheep      
position  1:    T:0.11111    C:0.22222    A:0.33333    G:0.33333
position  2:    T:0.25926    C:0.33333    A:0.22222    G:0.18519
position  3:    T:0.29630    C:0.33333    A:0.11111    G:0.25926
Average         T:0.22222    C:0.29630    A:0.22222    G:0.25926

#40: BohorReedbuck  
position  1:    T:0.11111    C:0.22222    A:0.37037    G:0.29630
position  2:    T:0.25926    C:0.33333    A:0.22222    G:0.18519
position  3:    T:0.29630    C:0.33333    A:0.11111    G:0.25926
Average         T:0.22222    C:0.29630    A:0.23457    G:0.24691

#41: KirksDik       
position  1:    T:0.11111    C:0.22222    A:0.33333    G:0.33333
position  2:    T:0.25926    C:0.33333    A:0.22222    G:0.18519
position  3:    T:0.33333    C:0.29630    A:0.11111    G:0.25926
Average         T:0.23457    C:0.28395    A:0.22222    G:0.25926

#42: RoeDeer        
position  1:    T:0.11111    C:0.22222    A:0.37037    G:0.29630
position  2:    T:0.25926    C:0.33333    A:0.22222    G:0.18519
position  3:    T:0.33333    C:0.29630    A:0.07407    G:0.29630
Average         T:0.23457    C:0.28395    A:0.22222    G:0.25926

#43: WhiteLippedDeer
position  1:    T:0.11111    C:0.22222    A:0.37037    G:0.29630
position  2:    T:0.25926    C:0.33333    A:0.22222    G:0.18519
position  3:    T:0.29630    C:0.33333    A:0.07407    G:0.29630
Average         T:0.22222    C:0.29630    A:0.22222    G:0.25926

#44: ThomsonGazelle 
position  1:    T:0.11111    C:0.22222    A:0.33333    G:0.33333
position  2:    T:0.25926    C:0.33333    A:0.22222    G:0.18519
position  3:    T:0.25926    C:0.37037    A:0.11111    G:0.25926
Average         T:0.20988    C:0.30864    A:0.22222    G:0.25926

#45: MuntiacusCrinifrons
position  1:    T:0.11111    C:0.22222    A:0.37037    G:0.29630
position  2:    T:0.25926    C:0.37037    A:0.22222    G:0.14815
position  3:    T:0.29630    C:0.33333    A:0.11111    G:0.25926
Average         T:0.22222    C:0.30864    A:0.23457    G:0.23457

#46: WhiteTailedDeer
position  1:    T:0.11111    C:0.22222    A:0.37037    G:0.29630
position  2:    T:0.25926    C:0.33333    A:0.22222    G:0.18519
position  3:    T:0.29630    C:0.33333    A:0.07407    G:0.29630
Average         T:0.22222    C:0.29630    A:0.22222    G:0.25926

#47: Cattle         
position  1:    T:0.11111    C:0.22222    A:0.37037    G:0.29630
position  2:    T:0.25926    C:0.33333    A:0.22222    G:0.18519
position  3:    T:0.25926    C:0.37037    A:0.11111    G:0.25926
Average         T:0.20988    C:0.30864    A:0.23457    G:0.24691

#48: RoyalAntelope  
position  1:    T:0.11111    C:0.22222    A:0.33333    G:0.33333
position  2:    T:0.29630    C:0.33333    A:0.22222    G:0.14815
position  3:    T:0.29630    C:0.33333    A:0.11111    G:0.25926
Average         T:0.23457    C:0.29630    A:0.22222    G:0.24691

#49: Steenbok       
position  1:    T:0.11111    C:0.22222    A:0.33333    G:0.33333
position  2:    T:0.25926    C:0.33333    A:0.22222    G:0.18519
position  3:    T:0.29630    C:0.33333    A:0.11111    G:0.25926
Average         T:0.22222    C:0.29630    A:0.22222    G:0.25926

#50: Impala         
position  1:    T:0.11111    C:0.22222    A:0.33333    G:0.33333
position  2:    T:0.25926    C:0.33333    A:0.22222    G:0.18519
position  3:    T:0.25926    C:0.37037    A:0.11111    G:0.25926
Average         T:0.20988    C:0.30864    A:0.22222    G:0.25926

#51: Klipspringer   
position  1:    T:0.11111    C:0.22222    A:0.33333    G:0.33333
position  2:    T:0.25926    C:0.33333    A:0.22222    G:0.18519
