CODONML (in paml version 4.10.7, June 2023)  /home/rachel/ruminants_paml/6406-phy-tree/ENSBTAT00000013931.fasta.phy
Model: free dN/dS Ratios for branches,  kappa = 2.000 fixed

Codon frequency model: F3x4
ns =  54  ls =  22

Codon usage in sequences
--------------------------------------------------------------------------------------------------------------------------------------
Phe TTT   1   1   1   1   1   1 | Ser TCT   0   0   0   0   0   0 | Tyr TAT   0   1   0   0   1   1 | Cys TGT   0   0   0   0   0   0
    TTC   1   1   1   1   2   1 |     TCC   0   0   0   0   0   0 |     TAC   1   0   1   1   0   0 |     TGC   0   0   0   0   0   0
Leu TTA   0   0   0   0   0   0 |     TCA   0   0   0   0   0   0 | *** TAA   0   0   0   0   0   0 | *** TGA   0   0   0   0   0   0
    TTG   2   2   2   1   1   1 |     TCG   0   0   0   0   0   0 |     TAG   0   0   0   0   0   0 | Trp TGG   0   0   0   0   0   0
--------------------------------------------------------------------------------------------------------------------------------------
Leu CTT   0   0   0   0   0   0 | Pro CCT   0   0   0   0   0   0 | His CAT   0   0   0   0   0   0 | Arg CGT   0   0   0   0   0   0
    CTC   0   0   0   0   0   0 |     CCC   1   1   1   1   1   1 |     CAC   0   0   1   1   1   1 |     CGC   0   0   0   0   0   0
    CTA   0   0   0   0   0   0 |     CCA   0   0   0   0   0   0 | Gln CAA   2   3   2   2   1   2 |     CGA   0   0   0   0   0   0
    CTG   0   0   0   0   0   0 |     CCG   0   0   0   0   0   0 |     CAG   2   1   1   1   2   2 |     CGG   0   0   0   0   0   0
--------------------------------------------------------------------------------------------------------------------------------------
Ile ATT   0   0   0   0   1   1 | Thr ACT   1   0   1   1   0   0 | Asn AAT   0   0   0   0   0   0 | Ser AGT   0   0   0   0   0   0
    ATC   1   1   1   1   0   1 |     ACC   1   0   1   1   0   0 |     AAC   0   0   0   0   0   0 |     AGC   0   0   0   0   0   0
    ATA   0   0   0   0   0   0 |     ACA   1   1   1   1   1   1 | Lys AAA   1   1   1   1   1   1 | Arg AGA   0   0   0   0   0   0
Met ATG   0   0   0   1   1   2 |     ACG   0   1   0   0   0   0 |     AAG   3   3   3   3   2   2 |     AGG   0   0   0   0   0   0
--------------------------------------------------------------------------------------------------------------------------------------
Val GTT   0   0   0   0   0   0 | Ala GCT   0   0   0   0   0   0 | Asp GAT   0   0   0   0   0   0 | Gly GGT   0   0   0   0   0   0
    GTC   0   0   0   0   1   0 |     GCC   1   2   1   1   1   2 |     GAC   0   0   0   0   0   0 |     GGC   0   0   0   0   0   0
    GTA   1   1   0   1   1   0 |     GCA   1   1   1   1   1   1 | Glu GAA   0   0   0   0   1   0 |     GGA   0   0   0   0   0   0
    GTG   0   0   1   0   0   0 |     GCG   0   0   0   0   0   0 |     GAG   1   1   1   1   1   1 |     GGG   0   0   0   0   0   0
--------------------------------------------------------------------------------------------------------------------------------------

--------------------------------------------------------------------------------------------------------------------------------------
Phe TTT   1   1   1   1   1   1 | Ser TCT   0   0   0   0   0   0 | Tyr TAT   0   0   0   0   0   0 | Cys TGT   0   0   0   0   0   0
    TTC   1   1   1   1   1   1 |     TCC   0   0   0   0   0   0 |     TAC   1   1   1   1   1   1 |     TGC   0   0   0   0   0   0
Leu TTA   0   0   0   0   0   0 |     TCA   0   0   0   0   0   0 | *** TAA   0   0   0   0   0   0 | *** TGA   0   0   0   0   0   0
    TTG   2   2   2   2   2   1 |     TCG   0   0   0   0   0   0 |     TAG   0   0   0   0   0   0 | Trp TGG   0   0   0   0   0   0
--------------------------------------------------------------------------------------------------------------------------------------
Leu CTT   0   0   0   0   0   0 | Pro CCT   0   0   0   0   0   0 | His CAT   0   0   0   0   0   1 | Arg CGT   0   0   0   0   0   0
    CTC   0   0   0   0   0   0 |     CCC   1   1   1   1   1   1 |     CAC   0   0   1   1   1   0 |     CGC   1   0   0   0   0   0
    CTA   0   0   0   0   0   0 |     CCA   0   0   0   0   0   0 | Gln CAA   2   2   2   2   2   3 |     CGA   0   0   0   0   0   0
    CTG   0   0   0   0   0   0 |     CCG   0   0   0   0   0   0 |     CAG   1   2   1   1   1   1 |     CGG   0   0   0   0   0   0
--------------------------------------------------------------------------------------------------------------------------------------
Ile ATT   0   0   0   0   0   0 | Thr ACT   1   1   1   1   1   1 | Asn AAT   0   0   0   0   0   0 | Ser AGT   0   0   0   0   0   0
    ATC   1   1   1   1   1   1 |     ACC   1   1   1   1   1   1 |     AAC   0   0   0   0   0   0 |     AGC   0   0   0   0   0   0
    ATA   0   0   0   0   0   0 |     ACA   1   1   1   1   1   1 | Lys AAA   1   1   1   1   1   0 | Arg AGA   0   0   0   0   0   0
Met ATG   0   0   0   0   0   1 |     ACG   0   0   0   0   0   0 |     AAG   3   3   3   3   3   3 |     AGG   0   0   0   0   0   0
--------------------------------------------------------------------------------------------------------------------------------------
Val GTT   0   0   0   0   0   0 | Ala GCT   0   0   0   0   0   0 | Asp GAT   0   0   0   0   0   0 | Gly GGT   0   0   0   0   0   0
    GTC   0   0   0   0   0   0 |     GCC   1   1   1   1   1   1 |     GAC   0   0   0   0   0   0 |     GGC   0   0   0   0   0   0
    GTA   1   1   1   1   1   1 |     GCA   1   1   1   1   1   1 | Glu GAA   0   0   0   0   0   0 |     GGA   0   0   0   0   0   0
    GTG   0   0   0   0   0   0 |     GCG   0   0   0   0   0   0 |     GAG   1   1   1   1   1   1 |     GGG   0   0   0   0   0   0
--------------------------------------------------------------------------------------------------------------------------------------

--------------------------------------------------------------------------------------------------------------------------------------
Phe TTT   1   1   1   1   1   1 | Ser TCT   0   0   0   0   0   0 | Tyr TAT   0   0   0   0   1   0 | Cys TGT   0   0   0   0   0   0
    TTC   1   1   1   1   1   1 |     TCC   0   0   0   0   0   0 |     TAC   1   1   1   1   0   1 |     TGC   0   0   0   0   0   0
Leu TTA   0   0   0   0   0   0 |     TCA   0   0   0   0   0   0 | *** TAA   0   0   0   0   0   0 | *** TGA   0   0   0   0   0   0
    TTG   2   2   2   2   2   2 |     TCG   0   0   0   0   0   0 |     TAG   0   0   0   0   0   0 | Trp TGG   0   0   0   0   0   0
--------------------------------------------------------------------------------------------------------------------------------------
Leu CTT   0   0   0   0   0   0 | Pro CCT   0   0   0   0   0   0 | His CAT   0   0   0   0   0   0 | Arg CGT   0   0   0   0   0   0
    CTC   0   0   0   0   0   0 |     CCC   1   1   1   1   1   1 |     CAC   0   1   0   1   1   1 |     CGC   0   0   0   0   0   0
    CTA   0   0   0   0   0   0 |     CCA   0   0   0   0   0   0 | Gln CAA   2   2   2   1   2   2 |     CGA   0   0   0   0   0   0
    CTG   0   0   0   0   0   0 |     CCG   0   0   0   0   0   0 |     CAG   2   1   2   2   1   1 |     CGG   0   0   0   0   0   0
--------------------------------------------------------------------------------------------------------------------------------------
Ile ATT   0   0   0   0   0   0 | Thr ACT   1   1   1   1   1   1 | Asn AAT   0   0   0   0   0   0 | Ser AGT   0   0   0   0   0   0
    ATC   1   1   1   1   1   1 |     ACC   1   1   1   1   1   1 |     AAC   0   0   0   0   0   0 |     AGC   0   0   0   0   0   0
    ATA   0   0   0   0   0   0 |     ACA   1   1   1   1   1   1 | Lys AAA   1   1   1   1   1   1 | Arg AGA   0   0   0   0   0   0
Met ATG   0   0   0   0   0   0 |     ACG   0   0   0   0   0   0 |     AAG   3   3   3   3   3   3 |     AGG   0   0   0   0   0   0
--------------------------------------------------------------------------------------------------------------------------------------
Val GTT   0   0   0   0   0   0 | Ala GCT   0   0   0   0   0   0 | Asp GAT   0   0   0   0   0   0 | Gly GGT   0   0   0   0   0   0
    GTC   0   0   0   0   0   0 |     GCC   1   1   1   1   1   1 |     GAC   0   0   0   0   0   0 |     GGC   0   0   0   0   0   0
    GTA   1   1   1   1   1   1 |     GCA   1   1   1   1   1   1 | Glu GAA   0   0   0   0   0   0 |     GGA   0   0   0   0   0   0
    GTG   0   0   0   0   0   0 |     GCG   0   0   0   0   0   0 |     GAG   1   1   1   1   1   1 |     GGG   0   0   0   0   0   0
--------------------------------------------------------------------------------------------------------------------------------------

--------------------------------------------------------------------------------------------------------------------------------------
Phe TTT   1   1   1   1   1   1 | Ser TCT   0   0   0   0   0   0 | Tyr TAT   0   0   0   0   0   0 | Cys TGT   0   0   0   0   0   0
    TTC   1   1   1   1   1   1 |     TCC   0   0   0   0   0   0 |     TAC   1   1   1   1   1   1 |     TGC   0   0   0   0   0   0
Leu TTA   0   0   0   0   0   0 |     TCA   0   0   0   0   0   0 | *** TAA   0   0   0   0   0   0 | *** TGA   0   0   0   0   0   0
    TTG   1   1   2   2   2   2 |     TCG   0   0   0   0   0   0 |     TAG   0   0   0   0   0   0 | Trp TGG   0   0   0   0   0   0
--------------------------------------------------------------------------------------------------------------------------------------
Leu CTT   0   0   0   0   0   0 | Pro CCT   0   0   0   0   0   0 | His CAT   0   0   0   0   0   0 | Arg CGT   0   0   0   0   0   0
    CTC   0   0   0   0   0   0 |     CCC   1   1   1   1   1   1 |     CAC   1   1   0   1   1   0 |     CGC   0   0   0   0   0   0
    CTA   0   0   0   0   0   0 |     CCA   0   0   0   0   0   0 | Gln CAA   2   2   2   2   2   2 |     CGA   0   0   0   0   0   0
    CTG   0   0   0   0   0   0 |     CCG   0   0   0   0   0   0 |     CAG   1   1   2   1   1   2 |     CGG   0   0   0   0   0   0
--------------------------------------------------------------------------------------------------------------------------------------
Ile ATT   0   0   0   0   0   0 | Thr ACT   1   1   1   1   1   1 | Asn AAT   0   0   0   0   0   0 | Ser AGT   0   0   0   0   0   0
    ATC   1   1   1   1   1   1 |     ACC   1   1   1   1   1   1 |     AAC   0   0   0   0   0   0 |     AGC   0   0   0   0   0   0
    ATA   0   0   0   0   0   0 |     ACA   1   1   1   1   1   1 | Lys AAA   1   1   1   1   1   1 | Arg AGA   0   0   0   0   0   0
Met ATG   1   1   0   0   0   0 |     ACG   0   0   0   0   0   0 |     AAG   3   3   3   3   3   3 |     AGG   0   0   0   0   0   0
--------------------------------------------------------------------------------------------------------------------------------------
Val GTT   0   0   0   0   0   0 | Ala GCT   0   0   0   0   0   0 | Asp GAT   0   0   0   0   0   0 | Gly GGT   0   0   0   0   0   0
    GTC   0   0   0   0   0   0 |     GCC   1   1   1   1   1   1 |     GAC   0   0   0   0   0   0 |     GGC   0   0   0   0   0   0
    GTA   1   1   1   0   1   1 |     GCA   1   1   1   1   1   1 | Glu GAA   0   0   0   0   0   0 |     GGA   0   0   0   0   0   0
    GTG   0   0   0   1   0   0 |     GCG   0   0   0   0   0   0 |     GAG   1   1   1   1   1   1 |     GGG   0   0   0   0   0   0
--------------------------------------------------------------------------------------------------------------------------------------

--------------------------------------------------------------------------------------------------------------------------------------
Phe TTT   1   1   1   1   1   2 | Ser TCT   0   0   0   0   0   0 | Tyr TAT   0   0   0   0   0   0 | Cys TGT   0   0   0   0   0   0
    TTC   1   1   1   1   1   0 |     TCC   0   0   0   0   0   0 |     TAC   1   1   1   1   1   1 |     TGC   0   0   0   0   0   0
Leu TTA   0   0   0   0   0   0 |     TCA   0   0   0   0   0   0 | *** TAA   0   0   0   0   0   0 | *** TGA   0   0   0   0   0   0
    TTG   1   1   2   2   2   2 |     TCG   0   0   0   0   0   0 |     TAG   0   0   0   0   0   0 | Trp TGG   0   0   0   0   0   0
--------------------------------------------------------------------------------------------------------------------------------------
Leu CTT   0   0   0   0   0   0 | Pro CCT   0   0   0   0   0   0 | His CAT   1   1   0   0   0   0 | Arg CGT   0   0   0   0   0   0
    CTC   0   0   0   0   0   0 |     CCC   1   1   1   1   1   1 |     CAC   0   0   0   1   0   1 |     CGC   0   0   0   0   0   0
    CTA   0   0   0   0   0   0 |     CCA   0   0   0   0   0   0 | Gln CAA   2   2   2   2   2   2 |     CGA   0   0   0   0   0   0
    CTG   0   0   0   0   0   0 |     CCG   0   0   0   0   0   0 |     CAG   1   1   2   1   2   1 |     CGG   0   0   0   0   0   0
--------------------------------------------------------------------------------------------------------------------------------------
Ile ATT   0   0   0   0   0   0 | Thr ACT   1   1   1   1   1   1 | Asn AAT   0   0   0   0   0   0 | Ser AGT   0   0   0   0   0   0
    ATC   1   1   1   1   1   1 |     ACC   1   1   1   1   1   1 |     AAC   0   0   0   0   0   0 |     AGC   0   0   0   0   0   0
    ATA   0   0   0   0   0   0 |     ACA   1   1   1   1   1   1 | Lys AAA   1   1   1   1   1   1 | Arg AGA   0   0   0   0   0   0
Met ATG   1   1   0   0   0   0 |     ACG   0   0   0   0   0   0 |     AAG   3   3   3   3   3   3 |     AGG   0   0   0   0   0   0
--------------------------------------------------------------------------------------------------------------------------------------
Val GTT   0   0   0   0   0   0 | Ala GCT   0   0   0   0   0   0 | Asp GAT   0   0   0   0   0   0 | Gly GGT   0   0   0   0   0   0
    GTC   0   0   0   0   0   0 |     GCC   1   1   1   1   1   1 |     GAC   0   0   0   0   0   0 |     GGC   0   0   0   0   0   0
    GTA   1   1   1   1   1   0 |     GCA   1   1   1   1   1   1 | Glu GAA   0   0   0   0   0   0 |     GGA   0   0   0   0   0   0
    GTG   0   0   0   0   0   1 |     GCG   0   0   0   0   0   0 |     GAG   1   1   1   1   1   1 |     GGG   0   0   0   0   0   0
--------------------------------------------------------------------------------------------------------------------------------------

--------------------------------------------------------------------------------------------------------------------------------------
Phe TTT   1   1   1   1   1   1 | Ser TCT   0   0   0   0   0   0 | Tyr TAT   0   0   0   0   0   0 | Cys TGT   0   0   0   0   0   0
    TTC   1   1   1   1   1   1 |     TCC   0   0   0   0   0   0 |     TAC   1   1   1   1   1   1 |     TGC   0   0   0   0   0   0
Leu TTA   0   0   0   0   0   0 |     TCA   0   0   0   0   0   0 | *** TAA   0   0   0   0   0   0 | *** TGA   0   0   0   0   0   0
    TTG   2   2   1   2   1   2 |     TCG   0   0   0   0   0   0 |     TAG   0   0   0   0   0   0 | Trp TGG   0   0   0   0   0   0
--------------------------------------------------------------------------------------------------------------------------------------
Leu CTT   0   0   0   0   0   0 | Pro CCT   0   0   0   0   0   0 | His CAT   0   0   1   0   0   0 | Arg CGT   0   0   0   0   0   0
    CTC   0   0   0   0   0   0 |     CCC   1   1   1   1   1   1 |     CAC   1   1   0   1   1   0 |     CGC   0   0   0   0   0   0
    CTA   0   0   0   0   0   0 |     CCA   0   0   0   0   0   0 | Gln CAA   2   2   3   2   2   2 |     CGA   0   0   0   0   0   0
    CTG   0   0   0   0   0   0 |     CCG   0   0   0   0   0   0 |     CAG   1   1   1   1   1   2 |     CGG   0   0   0   0   0   0
--------------------------------------------------------------------------------------------------------------------------------------
Ile ATT   0   0   0   0   0   0 | Thr ACT   1   1   1   1   1   1 | Asn AAT   0   0   0   0   0   0 | Ser AGT   0   0   0   0   0   0
    ATC   1   1   1   1   1   1 |     ACC   1   1   1   1   1   1 |     AAC   0   0   0   0   0   0 |     AGC   0   0   0   0   0   0
    ATA   0   0   0   0   0   0 |     ACA   1   1   1   1   1   1 | Lys AAA   1   1   0   1   1   1 | Arg AGA   0   0   0   0   0   0
Met ATG   0   0   1   0   1   0 |     ACG   0   0   0   0   0   0 |     AAG   3   3   3   3   3   3 |     AGG   0   0   0   0   0   0
--------------------------------------------------------------------------------------------------------------------------------------
Val GTT   0   0   0   0   0   0 | Ala GCT   0   0   0   0   0   0 | Asp GAT   0   0   0   0   0   0 | Gly GGT   0   0   0   0   0   0
    GTC   0   0   0   0   0   0 |     GCC   1   1   1   1   1   1 |     GAC   0   0   0   0   0   0 |     GGC   0   0   0   0   0   0
    GTA   1   0   1   1   1   1 |     GCA   1   1   1   1   1   1 | Glu GAA   0   0   0   0   0   0 |     GGA   0   0   0   0   0   0
    GTG   0   1   0   0   0   0 |     GCG   0   0   0   0   0   0 |     GAG   1   1   1   1   1   1 |     GGG   0   0   0   0   0   0
--------------------------------------------------------------------------------------------------------------------------------------

--------------------------------------------------------------------------------------------------------------------------------------
Phe TTT   1   1   1   1   1   1 | Ser TCT   0   0   0   0   0   0 | Tyr TAT   0   0   0   0   0   0 | Cys TGT   0   0   0   0   0   0
    TTC   1   1   1   1   1   1 |     TCC   0   0   0   0   0   0 |     TAC   1   1   1   1   1   1 |     TGC   0   0   0   0   0   0
Leu TTA   0   0   0   0   0   0 |     TCA   0   0   0   0   0   0 | *** TAA   0   0   0   0   0   0 | *** TGA   0   0   0   0   0   0
    TTG   2   2   2   2   2   1 |     TCG   0   0   0   0   0   0 |     TAG   0   0   0   0   0   0 | Trp TGG   0   0   0   0   0   0
--------------------------------------------------------------------------------------------------------------------------------------
Leu CTT   0   0   0   0   0   0 | Pro CCT   0   0   0   0   0   0 | His CAT   0   0   0   0   0   1 | Arg CGT   0   0   0   0   0   0
    CTC   0   0   0   0   0   0 |     CCC   1   1   1   1   1   1 |     CAC   0   1   0   1   1   0 |     CGC   0   0   0   0   0   0
    CTA   0   0   0   0   0   0 |     CCA   0   0   0   0   0   0 | Gln CAA   3   2   2   2   2   2 |     CGA   0   0   0   0   0   0
    CTG   0   0   0   0   0   0 |     CCG   0   0   0   0   0   0 |     CAG   1   1   2   1   1   1 |     CGG   0   0   0   0   0   0
--------------------------------------------------------------------------------------------------------------------------------------
Ile ATT   0   0   0   1   0   0 | Thr ACT   1   1   1   0   1   1 | Asn AAT   0   0   0   0   0   0 | Ser AGT   0   0   0   0   0   0
    ATC   1   1   1   1   1   1 |     ACC   1   1   1   1   1   1 |     AAC   0   0   0   0   0   0 |     AGC   0   0   0   0   0   0
    ATA   0   0   0   0   0   0 |     ACA   1   1   1   1   1   1 | Lys AAA   1   1   1   1   1   1 | Arg AGA   0   0   0   0   0   0
Met ATG   0   0   0   0   0   1 |     ACG   0   0   0   0   0   0 |     AAG   3   3   3   3   3   3 |     AGG   0   0   0   0   0   0
--------------------------------------------------------------------------------------------------------------------------------------
Val GTT   0   0   0   0   0   0 | Ala GCT   0   0   0   0   0   0 | Asp GAT   0   0   0   0   0   0 | Gly GGT   0   0   0   0   0   0
    GTC   0   0   0   0   0   0 |     GCC   1   1   1   1   1   0 |     GAC   0   0   0   0   0   0 |     GGC   0   0   0   0   0   0
    GTA   1   1   1   1   1   1 |     GCA   1   1   1   1   1   2 | Glu GAA   0   0   0   0   0   0 |     GGA   0   0   0   0   0   0
    GTG   0   0   0   0   0   0 |     GCG   0   0   0   0   0   0 |     GAG   1   1   1   1   1   1 |     GGG   0   0   0   0   0   0
--------------------------------------------------------------------------------------------------------------------------------------

--------------------------------------------------------------------------------------------------------------------------------------
Phe TTT   1   1   1   1   1   1 | Ser TCT   0   0   0   0   0   0 | Tyr TAT   0   0   0   0   0   0 | Cys TGT   0   0   0   0   0   0
    TTC   1   1   1   1   1   1 |     TCC   0   0   0   0   0   0 |     TAC   1   1   1   1   1   1 |     TGC   0   0   0   0   0   0
Leu TTA   0   0   0   0   0   0 |     TCA   0   0   0   0   0   0 | *** TAA   0   0   0   0   0   0 | *** TGA   0   0   0   0   0   0
    TTG   1   2   1   1   2   2 |     TCG   0   0   0   0   0   0 |     TAG   0   0   0   0   0   0 | Trp TGG   0   0   0   0   0   0
--------------------------------------------------------------------------------------------------------------------------------------
Leu CTT   0   0   0   0   0   0 | Pro CCT   0   0   0   0   0   0 | His CAT   1   0   1   1   0   0 | Arg CGT   0   0   0   0   0   0
    CTC   0   0   0   0   0   0 |     CCC   1   1   1   1   1   1 |     CAC   0   1   0   0   1   1 |     CGC   0   0   0   0   0   0
    CTA   0   0   0   0   0   0 |     CCA   0   0   0   0   0   0 | Gln CAA   2   2   3   2   2   2 |     CGA   0   0   0   0   0   0
    CTG   0   0   0   0   0   0 |     CCG   0   0   0   0   0   0 |     CAG   1   1   1   1   1   1 |     CGG   0   0   0   0   0   0
--------------------------------------------------------------------------------------------------------------------------------------
Ile ATT   0   0   0   0   0   1 | Thr ACT   1   1   1   1   1   0 | Asn AAT   0   0   0   0   0   0 | Ser AGT   0   0   0   0   0   0
    ATC   1   1   1   1   1   1 |     ACC   1   1   1   1   1   1 |     AAC   0   0   0   0   0   0 |     AGC   0   0   0   0   0   0
    ATA   0   0   0   0   0   0 |     ACA   1   1   1   1   1   1 | Lys AAA   1   1   0   1   1   0 | Arg AGA   0   0   0   0   0   0
Met ATG   1   0   1   1   0   0 |     ACG   0   0   0   0   0   0 |     AAG   3   3   3   3   3   4 |     AGG   0   0   0   0   0   0
--------------------------------------------------------------------------------------------------------------------------------------
Val GTT   0   0   0   0   0   0 | Ala GCT   0   0   0   0   0   0 | Asp GAT   0   0   0   0   0   0 | Gly GGT   0   0   0   0   0   0
    GTC   0   0   0   0   0   0 |     GCC   1   1   1   1   1   1 |     GAC   0   0   0   0   0   0 |     GGC   0   0   0   0   0   0
    GTA   1   1   1   1   1   1 |     GCA   1   1   1   1   1   1 | Glu GAA   0   0   0   0   0   0 |     GGA   0   0   0   0   0   0
    GTG   0   0   0   0   0   0 |     GCG   0   0   0   0   0   0 |     GAG   1   1   1   1   1   1 |     GGG   0   0   0   0   0   0
--------------------------------------------------------------------------------------------------------------------------------------

--------------------------------------------------------------------------------------------------------------------------------------
Phe TTT   1   2   1   1   1   1 | Ser TCT   0   0   0   0   0   0 | Tyr TAT   0   0   0   0   0   0 | Cys TGT   0   0   0   0   0   0
    TTC   1   0   1   1   1   1 |     TCC   0   0   0   0   0   0 |     TAC   1   1   1   1   1   1 |     TGC   0   0   0   0   0   0
Leu TTA   0   0   0   0   0   0 |     TCA   0   0   0   0   0   0 | *** TAA   0   0   0   0   0   0 | *** TGA   0   0   0   0   0   0
    TTG   2   2   2   1   2   2 |     TCG   0   0   0   0   0   0 |     TAG   0   0   0   0   0   0 | Trp TGG   0   0   0   0   0   0
--------------------------------------------------------------------------------------------------------------------------------------
Leu CTT   0   0   0   0   0   0 | Pro CCT   0   0   0   0   0   0 | His CAT   0   0   0   0   0   0 | Arg CGT   0   0   0   0   0   0
    CTC   0   0   0   0   0   0 |     CCC   1   1   1   1   1   1 |     CAC   1   1   1   1   1   1 |     CGC   0   0   0   0   0   0
    CTA   0   0   0   0   0   0 |     CCA   0   0   0   0   0   0 | Gln CAA   2   2   2   2   2   2 |     CGA   0   0   0   0   0   0
    CTG   0   0   0   0   0   0 |     CCG   0   0   0   0   0   0 |     CAG   1   1   1   1   1   1 |     CGG   0   0   0   0   0   0
--------------------------------------------------------------------------------------------------------------------------------------
Ile ATT   0   0   0   0   0   0 | Thr ACT   1   1   1   1   1   1 | Asn AAT   0   0   0   0   0   0 | Ser AGT   0   0   0   0   0   0
    ATC   1   1   1   1   1   1 |     ACC   1   1   1   1   1   1 |     AAC   0   0   0   0   0   0 |     AGC   0   0   0   0   0   0
    ATA   0   0   0   0   0   0 |     ACA   1   1   1   1   1   1 | Lys AAA   1   1   1   1   1   1 | Arg AGA   0   0   0   0   0   0
Met ATG   0   0   0   1   0   0 |     ACG   0   0   0   0   0   0 |     AAG   3   3   3   3   3   3 |     AGG   0   0   0   0   0   0
--------------------------------------------------------------------------------------------------------------------------------------
Val GTT   0   0   0   0   0   0 | Ala GCT   0   0   0   0   0   0 | Asp GAT   0   0   0   0   0   0 | Gly GGT   0   0   0   0   0   0
    GTC   0   0   0   0   0   0 |     GCC   1   1   1   1   1   1 |     GAC   0   0   0   0   0   0 |     GGC   0   0   0   0   0   0
    GTA   1   1   1   1   0   0 |     GCA   1   1   1   1   1   1 | Glu GAA   0   0   0   0   0   0 |     GGA   0   0   0   0   0   0
    GTG   0   0   0   0   1   1 |     GCG   0   0   0   0   0   0 |     GAG   1   1   1   1   1   1 |     GGG   0   0   0   0   0   0
--------------------------------------------------------------------------------------------------------------------------------------

Codon position x base (3x4) table for each sequence.

#1: Argali         
position  1:    T:0.22727    C:0.22727    A:0.36364    G:0.18182
position  2:    T:0.27273    C:0.27273    A:0.45455    G:0.00000
position  3:    T:0.09091    C:0.27273    A:0.27273    G:0.36364
Average         T:0.19697    C:0.25758    A:0.36364    G:0.18182

#2: LesserMouseDeer
position  1:    T:0.22727    C:0.22727    A:0.31818    G:0.22727
position  2:    T:0.27273    C:0.27273    A:0.45455    G:0.00000
position  3:    T:0.09091    C:0.22727    A:0.31818    G:0.36364
Average         T:0.19697    C:0.24242    A:0.36364    G:0.19697

#3: LesserKudu     
position  1:    T:0.22727    C:0.22727    A:0.36364    G:0.18182
position  2:    T:0.27273    C:0.27273    A:0.45455    G:0.00000
position  3:    T:0.09091    C:0.31818    A:0.22727    G:0.36364
Average         T:0.19697    C:0.27273    A:0.34848    G:0.18182

#4: ForestMuskDeer2
position  1:    T:0.18182    C:0.22727    A:0.40909    G:0.18182
position  2:    T:0.27273    C:0.27273    A:0.45455    G:0.00000
position  3:    T:0.09091    C:0.31818    A:0.27273    G:0.31818
Average         T:0.18182    C:0.27273    A:0.37879    G:0.16667

#5: Camel          
position  1:    T:0.22727    C:0.22727    A:0.27273    G:0.27273
position  2:    T:0.36364    C:0.18182    A:0.45455    G:0.00000
position  3:    T:0.13636    C:0.27273    A:0.27273    G:0.31818
Average         T:0.24242    C:0.22727    A:0.33333    G:0.19697

#6: KillerWhale    
position  1:    T:0.18182    C:0.27273    A:0.36364    G:0.18182
position  2:    T:0.31818    C:0.22727    A:0.45455    G:0.00000
position  3:    T:0.13636    C:0.27273    A:0.22727    G:0.36364
Average         T:0.21212    C:0.25758    A:0.34848    G:0.18182

#7: DefassaWaterbuck
position  1:    T:0.22727    C:0.22727    A:0.36364    G:0.18182
position  2:    T:0.27273    C:0.27273    A:0.40909    G:0.04545
position  3:    T:0.09091    C:0.31818    A:0.27273    G:0.31818
Average         T:0.19697    C:0.27273    A:0.34848    G:0.18182

#8: Sheep          
position  1:    T:0.22727    C:0.22727    A:0.36364    G:0.18182
position  2:    T:0.27273    C:0.27273    A:0.45455    G:0.00000
position  3:    T:0.09091    C:0.27273    A:0.27273    G:0.36364
Average         T:0.19697    C:0.25758    A:0.36364    G:0.18182

#9: MaxwellsDuiker 
position  1:    T:0.22727    C:0.22727    A:0.36364    G:0.18182
position  2:    T:0.27273    C:0.27273    A:0.45455    G:0.00000
position  3:    T:0.09091    C:0.31818    A:0.27273    G:0.31818
Average         T:0.19697    C:0.27273    A:0.36364    G:0.16667

#10: GazellaPrzewalskyi
position  1:    T:0.22727    C:0.22727    A:0.36364    G:0.18182
position  2:    T:0.27273    C:0.27273    A:0.45455    G:0.00000
position  3:    T:0.09091    C:0.31818    A:0.27273    G:0.31818
Average         T:0.19697    C:0.27273    A:0.36364    G:0.16667

#11: MountainNyala  
position  1:    T:0.22727    C:0.22727    A:0.36364    G:0.18182
position  2:    T:0.27273    C:0.27273    A:0.45455    G:0.00000
position  3:    T:0.09091    C:0.31818    A:0.27273    G:0.31818
Average         T:0.19697    C:0.27273    A:0.36364    G:0.16667

#12: MuntiacusMuntjak
position  1:    T:0.18182    C:0.27273    A:0.36364    G:0.18182
position  2:    T:0.27273    C:0.27273    A:0.45455    G:0.00000
position  3:    T:0.13636    C:0.27273    A:0.27273    G:0.31818
Average         T:0.19697    C:0.27273    A:0.36364    G:0.16667

#13: goat           
position  1:    T:0.22727    C:0.22727    A:0.36364    G:0.18182
position  2:    T:0.27273    C:0.27273    A:0.45455    G:0.00000
position  3:    T:0.09091    C:0.27273    A:0.27273    G:0.36364
Average         T:0.19697    C:0.25758    A:0.36364    G:0.18182

#14: AfricanBuffalo 
position  1:    T:0.22727    C:0.22727    A:0.36364    G:0.18182
position  2:    T:0.27273    C:0.27273    A:0.45455    G:0.00000
position  3:    T:0.09091    C:0.31818    A:0.27273    G:0.31818
Average         T:0.19697    C:0.27273    A:0.36364    G:0.16667

#15: Topi           
position  1:    T:0.22727    C:0.22727    A:0.36364    G:0.18182
position  2:    T:0.27273    C:0.27273    A:0.45455    G:0.00000
position  3:    T:0.09091    C:0.27273    A:0.27273    G:0.36364
Average         T:0.19697    C:0.25758    A:0.36364    G:0.18182

#16: CommonDuiker   
position  1:    T:0.22727    C:0.22727    A:0.36364    G:0.18182
position  2:    T:0.27273    C:0.27273    A:0.45455    G:0.00000
position  3:    T:0.09091    C:0.31818    A:0.22727    G:0.36364
Average         T:0.19697    C:0.27273    A:0.34848    G:0.18182

#17: Suni           
position  1:    T:0.22727    C:0.22727    A:0.36364    G:0.18182
position  2:    T:0.27273    C:0.27273    A:0.45455    G:0.00000
position  3:    T:0.13636    C:0.27273    A:0.27273    G:0.31818
Average         T:0.21212    C:0.25758    A:0.36364    G:0.16667

#18: Springbuck     
position  1:    T:0.22727    C:0.22727    A:0.36364    G:0.18182
position  2:    T:0.27273    C:0.27273    A:0.45455    G:0.00000
position  3:    T:0.09091    C:0.31818    A:0.27273    G:0.31818
Average         T:0.19697    C:0.27273    A:0.36364    G:0.16667

#19: Okapi          
position  1:    T:0.18182    C:0.22727    A:0.40909    G:0.18182
position  2:    T:0.27273    C:0.27273    A:0.45455    G:0.00000
position  3:    T:0.09091    C:0.31818    A:0.27273    G:0.31818
Average         T:0.18182    C:0.27273    A:0.37879    G:0.16667

#20: Giraffe        
position  1:    T:0.18182    C:0.22727    A:0.40909    G:0.18182
position  2:    T:0.27273    C:0.27273    A:0.45455    G:0.00000
position  3:    T:0.09091    C:0.31818    A:0.27273    G:0.31818
Average         T:0.18182    C:0.27273    A:0.37879    G:0.16667

#21: TibetanAntelope
position  1:    T:0.22727    C:0.22727    A:0.36364    G:0.18182
position  2:    T:0.27273    C:0.27273    A:0.45455    G:0.00000
position  3:    T:0.09091    C:0.27273    A:0.27273    G:0.36364
Average         T:0.19697    C:0.25758    A:0.36364    G:0.18182

#22: Sitatunga      
position  1:    T:0.22727    C:0.22727    A:0.36364    G:0.18182
position  2:    T:0.27273    C:0.27273    A:0.45455    G:0.00000
position  3:    T:0.09091    C:0.31818    A:0.22727    G:0.36364
Average         T:0.19697    C:0.27273    A:0.34848    G:0.18182

#23: Oribi          
position  1:    T:0.22727    C:0.22727    A:0.36364    G:0.18182
position  2:    T:0.27273    C:0.27273    A:0.45455    G:0.00000
position  3:    T:0.09091    C:0.31818    A:0.27273    G:0.31818
Average         T:0.19697    C:0.27273    A:0.36364    G:0.16667

#24: BarbarySheep   
position  1:    T:0.22727    C:0.22727    A:0.36364    G:0.18182
position  2:    T:0.27273    C:0.27273    A:0.45455    G:0.00000
position  3:    T:0.09091    C:0.27273    A:0.27273    G:0.36364
Average         T:0.19697    C:0.25758    A:0.36364    G:0.18182

#25: Daviddeer      
position  1:    T:0.18182    C:0.22727    A:0.40909    G:0.18182
position  2:    T:0.27273    C:0.27273    A:0.45455    G:0.00000
position  3:    T:0.13636    C:0.27273    A:0.27273    G:0.31818
Average         T:0.19697    C:0.25758    A:0.37879    G:0.16667

#26: Reindeer       
position  1:    T:0.18182    C:0.22727    A:0.40909    G:0.18182
position  2:    T:0.27273    C:0.27273    A:0.45455    G:0.00000
position  3:    T:0.13636    C:0.27273    A:0.27273    G:0.31818
Average         T:0.19697    C:0.25758    A:0.37879    G:0.16667

#27: Ibex           
position  1:    T:0.22727    C:0.22727    A:0.36364    G:0.18182
position  2:    T:0.27273    C:0.27273    A:0.45455    G:0.00000
position  3:    T:0.09091    C:0.27273    A:0.27273    G:0.36364
Average         T:0.19697    C:0.25758    A:0.36364    G:0.18182

#28: GyrantGazelle  
position  1:    T:0.22727    C:0.22727    A:0.36364    G:0.18182
position  2:    T:0.27273    C:0.27273    A:0.45455    G:0.00000
position  3:    T:0.09091    C:0.31818    A:0.27273    G:0.31818
Average         T:0.19697    C:0.27273    A:0.36364    G:0.16667

#29: Hartebeest     
position  1:    T:0.22727    C:0.22727    A:0.36364    G:0.18182
position  2:    T:0.27273    C:0.27273    A:0.45455    G:0.00000
position  3:    T:0.09091    C:0.27273    A:0.27273    G:0.36364
Average         T:0.19697    C:0.25758    A:0.36364    G:0.18182

#30: Bongo          
position  1:    T:0.22727    C:0.22727    A:0.36364    G:0.18182
position  2:    T:0.27273    C:0.27273    A:0.45455    G:0.00000
position  3:    T:0.13636    C:0.27273    A:0.22727    G:0.36364
Average         T:0.21212    C:0.25758    A:0.34848    G:0.18182

#31: Gerenuk        
position  1:    T:0.22727    C:0.22727    A:0.36364    G:0.18182
position  2:    T:0.27273    C:0.27273    A:0.45455    G:0.00000
position  3:    T:0.09091    C:0.31818    A:0.27273    G:0.31818
Average         T:0.19697    C:0.27273    A:0.36364    G:0.16667

#32: CommonEland    
position  1:    T:0.22727    C:0.22727    A:0.36364    G:0.18182
position  2:    T:0.27273    C:0.27273    A:0.45455    G:0.00000
position  3:    T:0.09091    C:0.31818    A:0.22727    G:0.36364
Average         T:0.19697    C:0.27273    A:0.34848    G:0.18182

#33: MuntiacusReevesi
position  1:    T:0.18182    C:0.27273    A:0.36364    G:0.18182
position  2:    T:0.27273    C:0.27273    A:0.45455    G:0.00000
position  3:    T:0.13636    C:0.27273    A:0.27273    G:0.31818
Average         T:0.19697    C:0.27273    A:0.36364    G:0.16667

#34: HarveysDuiker  
position  1:    T:0.22727    C:0.22727    A:0.36364    G:0.18182
position  2:    T:0.27273    C:0.27273    A:0.45455    G:0.00000
position  3:    T:0.09091    C:0.31818    A:0.27273    G:0.31818
Average         T:0.19697    C:0.27273    A:0.36364    G:0.16667

#35: Pronghorn      
position  1:    T:0.18182    C:0.22727    A:0.40909    G:0.18182
position  2:    T:0.27273    C:0.27273    A:0.45455    G:0.00000
position  3:    T:0.09091    C:0.31818    A:0.27273    G:0.31818
Average         T:0.18182    C:0.27273    A:0.37879    G:0.16667

#36: BlueWildebeest 
position  1:    T:0.22727    C:0.22727    A:0.36364    G:0.18182
position  2:    T:0.27273    C:0.27273    A:0.45455    G:0.00000
position  3:    T:0.09091    C:0.27273    A:0.27273    G:0.36364
Average         T:0.19697    C:0.25758    A:0.36364    G:0.18182

#37: Gemsbok        
position  1:    T:0.22727    C:0.22727    A:0.36364    G:0.18182
position  2:    T:0.27273    C:0.27273    A:0.45455    G:0.00000
position  3:    T:0.09091    C:0.27273    A:0.31818    G:0.31818
Average         T:0.19697    C:0.25758    A:0.37879    G:0.16667

#38: Yak            
position  1:    T:0.22727    C:0.22727    A:0.36364    G:0.18182
position  2:    T:0.27273    C:0.27273    A:0.45455    G:0.00000
position  3:    T:0.09091    C:0.31818    A:0.27273    G:0.31818
Average         T:0.19697    C:0.27273    A:0.36364    G:0.16667

#39: BlueSheep      
position  1:    T:0.22727    C:0.22727    A:0.36364    G:0.18182
position  2:    T:0.27273    C:0.27273    A:0.45455    G:0.00000
position  3:    T:0.09091    C:0.27273    A:0.27273    G:0.36364
Average         T:0.19697    C:0.25758    A:0.36364    G:0.18182

#40: BohorReedbuck  
position  1:    T:0.22727    C:0.22727    A:0.36364    G:0.18182
position  2:    T:0.31818    C:0.22727    A:0.45455    G:0.00000
position  3:    T:0.09091    C:0.31818    A:0.27273    G:0.31818
Average         T:0.21212    C:0.25758    A:0.36364    G:0.16667

#41: KirksDik       
position  1:    T:0.22727    C:0.22727    A:0.36364    G:0.18182
position  2:    T:0.27273    C:0.27273    A:0.45455    G:0.00000
position  3:    T:0.09091    C:0.31818    A:0.27273    G:0.31818
Average         T:0.19697    C:0.27273    A:0.36364    G:0.16667

#42: RoeDeer        
position  1:    T:0.18182    C:0.22727    A:0.40909    G:0.18182
position  2:    T:0.27273    C:0.27273    A:0.45455    G:0.00000
position  3:    T:0.13636    C:0.22727    A:0.31818    G:0.31818
Average         T:0.19697    C:0.24242    A:0.39394    G:0.16667

#43: WhiteLippedDeer
position  1:    T:0.18182    C:0.22727    A:0.40909    G:0.18182
position  2:    T:0.27273    C:0.27273    A:0.45455    G:0.00000
position  3:    T:0.13636    C:0.27273    A:0.27273    G:0.31818
Average         T:0.19697    C:0.25758    A:0.37879    G:0.16667

#44: ThomsonGazelle 
position  1:    T:0.22727    C:0.22727    A:0.36364    G:0.18182
position  2:    T:0.27273    C:0.27273    A:0.45455    G:0.00000
position  3:    T:0.09091    C:0.31818    A:0.27273    G:0.31818
Average         T:0.19697    C:0.27273    A:0.36364    G:0.16667

#45: MuntiacusCrinifrons
position  1:    T:0.18182    C:0.27273    A:0.36364    G:0.18182
position  2:    T:0.27273    C:0.27273    A:0.45455    G:0.00000
position  3:    T:0.13636    C:0.27273    A:0.27273    G:0.31818
Average         T:0.19697    C:0.27273    A:0.36364    G:0.16667

#46: WhiteTailedDeer
position  1:    T:0.18182    C:0.22727    A:0.40909    G:0.18182
position  2:    T:0.27273    C:0.27273    A:0.45455    G:0.00000
position  3:    T:0.13636    C:0.27273    A:0.27273    G:0.31818
Average         T:0.19697    C:0.25758    A:0.37879    G:0.16667

#47: Cattle         
position  1:    T:0.22727    C:0.22727    A:0.36364    G:0.18182
position  2:    T:0.27273    C:0.27273    A:0.45455    G:0.00000
position  3:    T:0.09091    C:0.31818    A:0.27273    G:0.31818
Average         T:0.19697    C:0.27273    A:0.36364    G:0.16667

#48: RoyalAntelope  
position  1:    T:0.22727    C:0.22727    A:0.36364    G:0.18182
position  2:    T:0.31818    C:0.22727    A:0.45455    G:0.00000
position  3:    T:0.09091    C:0.31818    A:0.22727    G:0.36364
Average         T:0.21212    C:0.25758    A:0.34848    G:0.18182

#49: Steenbok       
position  1:    T:0.22727    C:0.22727    A:0.36364    G:0.18182
position  2:    T:0.27273    C:0.27273    A:0.45455    G:0.00000
position  3:    T:0.09091    C:0.31818    A:0.27273    G:0.31818
Average         T:0.19697    C:0.27273    A:0.36364    G:0.16667

#50: Impala         
position  1:    T:0.22727    C:0.22727    A:0.36364    G:0.18182
position  2:    T:0.27273    C:0.27273    A:0.45455    G:0.00000
position  3:    T:0.13636    C:0.27273    A:0.27273    G:0.31818
Average         T:0.21212    C:0.25758    A:0.36364    G:0.16667

#51: Klipspringer   
position  1:    T:0.22727    C:0.22727    A:0.36364    G:0.18182
position  2:    T:0.27273    C:0.27273    A:0.45455    G:0.00000
