1
52 1
Argali 0.000000 0.964000 0.282800 0.752100 0.202300 0.143000 0.232600 0.283800 0.272200 0.256800 0.069300 0.300500 0.147800 0.211300 0.363000 0.256200 0.322700 0.407700 0.143600 0.270400 0.287600 0.033600 0.236100 0.291600 0.064200 0.365600 0.181200 0.197800 0.194800 0.299600 0.256800 0.147900 0.402100 0.211300 0.110600 0.136000 0.138100 0.214100 0.177700 0.294700 0.236100 0.322600 0.294800 0.452600 0.136000 0.115800 0.217500 0.101200 0.074500 0.356400 0.273200 0.272200
LesserMous 0.964000 0.000000 1.152100 1.379800 0.841600 0.971900 1.236500 1.011600 1.086300 0.789900 0.820300 1.031400 1.025000 0.912700 1.284600 0.991300 0.918200 1.062600 0.818500 0.900300 0.730900 0.944300 0.868900 0.822900 0.878000 1.148300 0.890500 1.086300 0.950900 1.109700 0.789900 1.029000 0.948800 1.080400 0.957800 1.009700 0.920900 0.929800 0.838400 0.835900 0.868900 1.177000 0.771700 1.140200 1.009700 1.008000 0.925200 0.998200 0.895800 1.034700 1.092800 1.086300
LesserKudu 0.282800 1.152100 0.000000 0.753700 0.361000 0.284000 0.341300 0.262900 0.057400 0.426000 0.285900 0.274200 0.293400 0.232200 0.485900 0.497200 0.428700 0.337700 0.206400 0.117200 0.431700 0.254500 0.301500 0.458000 0.263500 0.513900 0.324600 0.056800 0.348000 0.084500 0.426000 0.252600 0.534100 0.269800 0.256000 0.194900 0.357500 0.381000 0.318200 0.463200 0.301500 0.383100 0.462400 0.591000 0.194900 0.223200 0.361500 0.234200 0.221000 0.413700 0.057500 0.058100
KillerWhal 0.752100 1.379800 0.753700 0.000000 0.839400 0.651100 0.669600 0.653400 0.689000 0.726100 0.764000 0.908500 0.667300 0.614400 0.933200 0.864800 0.394600 0.512400 0.652300 0.894300 0.878200 0.731400 0.576900 0.646000 0.815400 0.669600 0.698700 0.778200 0.690600 0.709400 0.726100 0.651600 1.152800 0.628400 0.624900 0.720300 0.755300 0.949500 0.638400 0.769300 0.576900 0.801200 0.646600 0.981000 0.720300 0.693700 0.640800 0.577300 0.694100 0.603500 0.687500 0.689000
DefassaWat 0.202300 0.841600 0.361000 0.839400 0.000000 0.203200 0.310900 0.268000 0.346000 0.350200 0.204700 0.489400 0.211100 0.279600 0.242600 0.331100 0.408500 0.507500 0.204300 0.435300 0.272300 0.167500 0.318100 0.388000 0.272000 0.354900 0.247900 0.346000 0.170300 0.375100 0.350200 0.211100 0.285500 0.279900 0.168500 0.278900 0.285600 0.091700 0.154000 0.392900 0.318100 0.307200 0.393300 0.456200 0.278900 0.177000 0.196600 0.236900 0.127800 0.248300 0.347400 0.346000
Sheep 0.143000 0.971900 0.284000 0.651100 0.203200 0.000000 0.233800 0.285200 0.273300 0.258300 0.144500 0.391100 0.148400 0.212300 0.365300 0.258600 0.243200 0.322700 0.144300 0.350700 0.289000 0.110600 0.237400 0.293200 0.207000 0.283500 0.182000 0.273300 0.113200 0.300800 0.258300 0.148600 0.404700 0.212300 0.111100 0.136400 0.216200 0.212500 0.178500 0.296400 0.237400 0.324500 0.296500 0.455600 0.136400 0.116300 0.218500 0.101500 0.074900 0.267600 0.274200 0.273300
MaxwellsDu 0.232600 1.236500 0.341300 0.669600 0.310900 0.233800 0.000000 0.390500 0.370700 0.380200 0.235400 0.465300 0.242200 0.215900 0.369100 0.465400 0.432100 0.378000 0.235000 0.459400 0.394200 0.200200 0.347300 0.415800 0.299100 0.381900 0.277100 0.370700 0.300100 0.314700 0.380200 0.151300 0.417100 0.307000 0.201400 0.306400 0.313700 0.330100 0.271600 0.306600 0.347300 0.290200 0.421200 0.541600 0.306300 0.163100 0.317600 0.265500 0.162600 0.428400 0.287000 0.370700
GazellaPrz 0.283800 1.011600 0.262900 0.653400 0.268000 0.285200 0.390500 0.000000 0.253500 0.327300 0.287100 0.550700 0.212500 0.271900 0.545300 0.402900 0.381100 0.378800 0.207000 0.325900 0.266900 0.255600 0.217800 0.359400 0.264300 0.340700 0.243800 0.253500 0.259500 0.279800 0.327300 0.295800 0.584900 0.195700 0.176700 0.351400 0.359100 0.382400 0.164500 0.363200 0.217800 0.386400 0.363200 0.474600 0.351400 0.268900 0.129500 0.235000 0.221800 0.323100 0.254300 0.253500
MountainNy 0.272200 1.086300 0.057400 0.689000 0.346000 0.273300 0.370700 0.253500 0.000000 0.406400 0.275000 0.343300 0.282000 0.189400 0.518700 0.475900 0.332900 0.329800 0.198900 0.113800 0.414900 0.244600 0.289600 0.437800 0.254600 0.409100 0.312200 0.055800 0.333200 0.082200 0.406400 0.282600 0.509800 0.189300 0.245900 0.188400 0.266600 0.364500 0.306100 0.442600 0.289600 0.461100 0.441400 0.563800 0.188400 0.256400 0.347400 0.226100 0.212300 0.494000 0.055900 0.000000
MuntiacusM 0.256800 0.789900 0.426000 0.726100 0.350200 0.258300 0.380200 0.327300 0.406400 0.000000 0.260300 0.455900 0.171500 0.338700 0.582200 0.514700 0.274100 0.364800 0.259800 0.397700 0.434400 0.221900 0.082800 0.132000 0.328600 0.532600 0.209600 0.406400 0.334300 0.435600 0.000000 0.269200 0.541400 0.243200 0.128400 0.337400 0.343500 0.254800 0.299100 0.133400 0.082800 0.499500 0.042600 0.286600 0.337400 0.235500 0.251600 0.292300 0.180700 0.412700 0.408200 0.406400
goat 0.069300 0.820300 0.285900 0.764000 0.204700 0.144500 0.235400 0.287100 0.275000 0.260300 0.000000 0.394200 0.149400 0.213600 0.368500 0.178500 0.326500 0.412900 0.145700 0.353100 0.210500 0.035700 0.239100 0.295500 0.064700 0.370200 0.183200 0.275000 0.197100 0.302700 0.260300 0.149600 0.408300 0.213600 0.111900 0.213000 0.067400 0.217000 0.179600 0.298800 0.239100 0.327000 0.298900 0.459700 0.213000 0.117100 0.219900 0.176100 0.075400 0.361100 0.276000 0.275000
AfricanBuf 0.300500 1.031400 0.274200 0.908500 0.489400 0.391100 0.465300 0.550700 0.343300 0.455900 0.394200 0.000000 0.405600 0.417000 0.639400 0.638600 0.549200 0.543600 0.393600 0.341900 0.555300 0.362000 0.524900 0.603700 0.362600 0.651800 0.437500 0.266200 0.474400 0.369000 0.455900 0.359400 0.697000 0.462600 0.364700 0.206100 0.472400 0.405600 0.428900 0.611300 0.524900 0.516100 0.493500 0.814100 0.206100 0.333400 0.479200 0.330900 0.326800 0.540700 0.344400 0.343300
Topi 0.147800 1.025000 0.293400 0.667300 0.211100 0.148400 0.242200 0.212500 0.282000 0.171500 0.149400 0.405600 0.000000 0.219200 0.381400 0.357800 0.250600 0.332500 0.149100 0.362000 0.298700 0.114400 0.157400 0.208300 0.213600 0.379900 0.033000 0.282000 0.203000 0.310000 0.171500 0.153800 0.422100 0.067700 0.037000 0.218600 0.223300 0.224300 0.184400 0.210500 0.157400 0.336600 0.210700 0.361400 0.218600 0.120600 0.145100 0.180700 0.077600 0.371700 0.283000 0.282000
CommonDuik 0.211300 0.912700 0.232200 0.614400 0.279600 0.212300 0.215900 0.271900 0.189400 0.338700 0.213600 0.417000 0.219200 0.000000 0.332100 0.418300 0.310900 0.268700 0.137200 0.258600 0.275700 0.181200 0.312500 0.372100 0.196900 0.352600 0.173100 0.260600 0.269500 0.287500 0.338700 0.137600 0.381200 0.130000 0.182100 0.278900 0.206400 0.295400 0.246500 0.376300 0.312500 0.352800 0.375900 0.494500 0.278900 0.147300 0.287600 0.241800 0.146900 0.385900 0.261500 0.189400
Suni 0.363000 1.284600 0.485900 0.933200 0.242600 0.365300 0.369100 0.545300 0.518700 0.582200 0.368500 0.639400 0.381400 0.332100 0.000000 0.645900 0.604400 0.658300 0.367700 0.627100 0.554100 0.329600 0.523000 0.477800 0.436200 0.656500 0.420100 0.518700 0.456700 0.547600 0.582200 0.263500 0.361700 0.450500 0.332300 0.447700 0.460500 0.260600 0.406600 0.486000 0.523000 0.563500 0.630300 0.559900 0.447700 0.287100 0.405500 0.398800 0.287100 0.484900 0.521200 0.518700
Springbuck 0.256200 0.991300 0.497200 0.864800 0.331100 0.258600 0.465400 0.402900 0.475900 0.514700 0.178500 0.638600 0.357800 0.418300 0.645900 0.000000 0.447300 0.543900 0.347300 0.568000 0.239800 0.226500 0.471600 0.546100 0.239000 0.233700 0.390500 0.475900 0.148100 0.501300 0.514700 0.359400 0.688200 0.416900 0.317200 0.326800 0.249500 0.462800 0.291700 0.552900 0.471600 0.265900 0.553800 0.749900 0.326800 0.332600 0.333200 0.288100 0.279600 0.391600 0.477800 0.475900
Okapi 0.322700 0.918200 0.428700 0.394600 0.408500 0.243200 0.432100 0.381100 0.332900 0.274100 0.326500 0.549200 0.250600 0.310900 0.604400 0.447300 0.000000 0.119500 0.325900 0.496900 0.474400 0.295100 0.254300 0.220900 0.383000 0.300700 0.281700 0.412600 0.301500 0.438200 0.274100 0.336000 0.456200 0.232600 0.214200 0.272400 0.316100 0.431700 0.276900 0.309300 0.254300 0.430800 0.309000 0.455800 0.272400 0.309800 0.317100 0.271700 0.261300 0.282500 0.414100 0.332900
Giraffe 0.407700 1.062600 0.337700 0.512400 0.507500 0.322700 0.378000 0.378800 0.329800 0.364800 0.412900 0.543600 0.332500 0.268700 0.658300 0.543900 0.119500 0.000000 0.412100 0.493700 0.568600 0.381500 0.337800 0.304200 0.379400 0.375300 0.363500 0.408900 0.390700 0.434500 0.364800 0.379100 0.443400 0.230100 0.294700 0.351500 0.399900 0.536200 0.445300 0.302700 0.337800 0.420200 0.400100 0.513100 0.351500 0.353900 0.400900 0.350400 0.347200 0.361000 0.410500 0.329800
TibetanAnt 0.143600 0.818500 0.206400 0.652300 0.204300 0.144300 0.235000 0.207000 0.198900 0.259800 0.145700 0.393600 0.149100 0.137200 0.367700 0.347300 0.325900 0.412100 0.000000 0.196900 0.210100 0.111100 0.152700 0.294900 0.207900 0.369500 0.105800 0.198900 0.196700 0.227100 0.259800 0.149300 0.302300 0.213200 0.111600 0.212700 0.217000 0.216600 0.179300 0.298200 0.152700 0.326300 0.298300 0.458700 0.212700 0.116900 0.219500 0.101900 0.075200 0.360400 0.199500 0.198900
Sitatunga 0.270400 0.900300 0.117200 0.894300 0.435300 0.350700 0.459400 0.325900 0.113800 0.397700 0.353100 0.341900 0.362000 0.258600 0.627100 0.568000 0.496900 0.493700 0.196900 0.000000 0.411700 0.322600 0.283900 0.429000 0.253400 0.581800 0.309300 0.055400 0.418800 0.139200 0.397700 0.363400 0.503600 0.334100 0.324600 0.187100 0.421800 0.458100 0.384300 0.433600 0.283900 0.556600 0.432200 0.551500 0.187100 0.338400 0.429200 0.224600 0.289900 0.590800 0.114100 0.113800
Oribi 0.287600 0.730900 0.431700 0.878200 0.272300 0.289000 0.394200 0.266900 0.414900 0.434400 0.210500 0.555300 0.298700 0.275700 0.554100 0.239800 0.474400 0.568600 0.210100 0.411700 0.000000 0.259200 0.400200 0.466100 0.268900 0.264500 0.247500 0.414900 0.180700 0.361300 0.434400 0.299600 0.477700 0.356800 0.260700 0.356000 0.280000 0.388900 0.166800 0.471500 0.400200 0.299000 0.471400 0.649000 0.356000 0.272500 0.203800 0.317300 0.225200 0.421000 0.416500 0.414900
BarbaryShe 0.033600 0.944300 0.254500 0.731400 0.167500 0.110600 0.200200 0.255600 0.244600 0.221900 0.035700 0.362000 0.114400 0.181200 0.329600 0.226500 0.295100 0.381500 0.111100 0.322600 0.259200 0.000000 0.203200 0.258600 0.102100 0.339100 0.149400 0.244600 0.161200 0.273200 0.221900 0.114500 0.370300 0.181300 0.076200 0.180800 0.106600 0.177900 0.146600 0.261500 0.203200 0.292300 0.261700 0.421900 0.180800 0.079900 0.186800 0.143500 0.036600 0.327000 0.245500 0.244600
Daviddeer 0.236100 0.868900 0.301500 0.576900 0.318100 0.237400 0.347300 0.217800 0.289600 0.082800 0.239100 0.524900 0.157400 0.312500 0.523000 0.471600 0.254300 0.337800 0.152700 0.283900 0.400200 0.203200 0.000000 0.120800 0.303900 0.490400 0.192900 0.289600 0.304500 0.318600 0.082800 0.246500 0.490100 0.224700 0.117700 0.311300 0.316300 0.339000 0.275200 0.122000 0.000000 0.453900 0.122000 0.261300 0.311300 0.214600 0.231600 0.185100 0.165000 0.378200 0.290700 0.289600
Reindeer 0.291600 0.822900 0.458000 0.646000 0.388000 0.293200 0.415800 0.359400 0.437800 0.132000 0.295500 0.603700 0.208300 0.372100 0.477800 0.546100 0.220900 0.304200 0.294900 0.429000 0.466100 0.258600 0.120800 0.000000 0.361200 0.562500 0.244900 0.437800 0.370200 0.466300 0.132000 0.305400 0.578800 0.276700 0.166300 0.370300 0.376800 0.415300 0.332700 0.082800 0.120800 0.531500 0.172800 0.221400 0.370300 0.273800 0.285700 0.325800 0.218900 0.446300 0.439700 0.437800
Ibex 0.064200 0.878000 0.263500 0.815400 0.272000 0.207000 0.299100 0.264300 0.254600 0.328600 0.064700 0.362600 0.213600 0.196900 0.436200 0.239000 0.383000 0.379400 0.207900 0.253400 0.268900 0.102100 0.303900 0.361200 0.000000 0.425000 0.245000 0.185300 0.262100 0.280900 0.328600 0.214000 0.473800 0.196800 0.177500 0.197600 0.129200 0.287100 0.240300 0.365100 0.303900 0.388000 0.364700 0.478700 0.197600 0.185300 0.280200 0.163300 0.143200 0.421200 0.255400 0.254600
GyrantGaze 0.365600 1.148300 0.513900 0.669600 0.354900 0.283500 0.381900 0.340700 0.409100 0.532600 0.370200 0.651800 0.379900 0.352600 0.656500 0.233700 0.300700 0.375300 0.369500 0.581800 0.264500 0.339100 0.490400 0.562500 0.425000 0.000000 0.410800 0.492400 0.177600 0.516500 0.532600 0.382100 0.563200 0.351000 0.341200 0.349000 0.357900 0.481900 0.164200 0.452000 0.490400 0.135000 0.569500 0.756700 0.349000 0.357200 0.276500 0.311300 0.305300 0.325500 0.494300 0.409100
Hartebeest 0.181200 0.890500 0.324600 0.698700 0.247900 0.182000 0.277100 0.243800 0.312200 0.209600 0.183200 0.437500 0.033000 0.173100 0.420100 0.390500 0.281700 0.363500 0.105800 0.309300 0.247500 0.149400 0.192900 0.244900 0.245000 0.410800 0.000000 0.312200 0.238400 0.339500 0.209600 0.188400 0.350400 0.099600 0.072400 0.250500 0.255800 0.262900 0.217200 0.247500 0.192900 0.370900 0.247500 0.398700 0.250500 0.157300 0.177900 0.212900 0.113800 0.405600 0.313400 0.312200
Bongo 0.197800 1.086300 0.056800 0.778200 0.346000 0.273300 0.370700 0.253500 0.055800 0.406400 0.275000 0.266200 0.282000 0.260600 0.518700 0.475900 0.412600 0.408900 0.198900 0.055400 0.414900 0.244600 0.289600 0.437800 0.185300 0.492400 0.312200 0.000000 0.333200 0.081200 0.406400 0.282600 0.509800 0.260300 0.245900 0.120100 0.344000 0.364500 0.306100 0.442600 0.289600 0.461100 0.441400 0.563800 0.122000 0.256400 0.347400 0.156600 0.212300 0.494000 0.055900 0.055800
Gerenuk 0.194800 0.950900 0.348000 0.690600 0.170300 0.113200 0.300100 0.259500 0.333200 0.334300 0.197100 0.474400 0.203000 0.269500 0.456700 0.148100 0.301500 0.390700 0.196700 0.418800 0.180700 0.161200 0.304500 0.370200 0.262100 0.177600 0.238400 0.333200 0.000000 0.361200 0.334300 0.203400 0.499200 0.269300 0.162200 0.184900 0.274900 0.285900 0.149000 0.374600 0.304500 0.204100 0.375400 0.556300 0.184900 0.170500 0.189900 0.146700 0.123100 0.239100 0.334500 0.333200
CommonElan 0.299600 1.109700 0.084500 0.709400 0.375100 0.300800 0.314700 0.279800 0.082200 0.435600 0.302700 0.369000 0.310000 0.287500 0.547600 0.501300 0.438200 0.434500 0.227100 0.139200 0.361300 0.273200 0.318600 0.466300 0.280900 0.516500 0.339500 0.081200 0.361200 0.000000 0.435600 0.310900 0.538800 0.287100 0.274600 0.215300 0.370500 0.394300 0.332700 0.471400 0.318600 0.487300 0.469700 0.592700 0.215300 0.285900 0.373900 0.253100 0.241700 0.520300 0.026700 0.082200
MuntiacusR 0.256800 0.789900 0.426000 0.726100 0.350200 0.258300 0.380200 0.327300 0.406400 0.000000 0.260300 0.455900 0.171500 0.338700 0.582200 0.514700 0.274100 0.364800 0.259800 0.397700 0.434400 0.221900 0.082800 0.132000 0.328600 0.532600 0.209600 0.406400 0.334300 0.435600 0.000000 0.269200 0.541400 0.243200 0.128400 0.337400 0.343500 0.254800 0.299100 0.133400 0.082800 0.499500 0.042600 0.286600 0.337400 0.235500 0.251600 0.292300 0.180700 0.412700 0.408200 0.406400
HarveysDui 0.147900 1.029000 0.252600 0.651600 0.211100 0.148600 0.151300 0.295800 0.282600 0.269200 0.149600 0.359400 0.153800 0.137600 0.263500 0.359400 0.336000 0.379100 0.149300 0.363400 0.299600 0.114500 0.246500 0.305400 0.214000 0.382100 0.188400 0.282600 0.203400 0.310900 0.269200 0.000000 0.422500 0.219600 0.115100 0.219000 0.223900 0.224000 0.184800 0.308900 0.246500 0.289900 0.309000 0.476400 0.219000 0.077800 0.226400 0.180900 0.077500 0.324300 0.283700 0.282600
Pronghorn 0.402100 0.948800 0.534100 1.152800 0.285500 0.404700 0.417100 0.584900 0.509800 0.541400 0.408300 0.697000 0.422100 0.381200 0.361700 0.688200 0.456200 0.443400 0.302300 0.503600 0.477700 0.370300 0.490100 0.578800 0.473800 0.563200 0.350400 0.509800 0.499200 0.538800 0.541400 0.422500 0.000000 0.488900 0.372000 0.439200 0.499100 0.305800 0.445500 0.444800 0.490100 0.531800 0.586300 0.666100 0.439200 0.392600 0.505400 0.437000 0.328800 0.516100 0.512300 0.509800
BlueWildeb 0.211300 1.080400 0.269800 0.628400 0.279900 0.212300 0.307000 0.195700 0.189300 0.243200 0.213600 0.462600 0.067700 0.130000 0.450500 0.416900 0.232600 0.230100 0.213200 0.334100 0.356800 0.181300 0.224700 0.276700 0.196800 0.351000 0.099600 0.260300 0.269300 0.287100 0.243200 0.219600 0.488900 0.000000 0.105500 0.278700 0.206300 0.296000 0.246200 0.279600 0.224700 0.398700 0.279600 0.384100 0.278700 0.190400 0.207700 0.241700 0.147100 0.432800 0.261200 0.189300
Gemsbok 0.110600 0.957800 0.256000 0.624900 0.168500 0.111100 0.201400 0.176700 0.245900 0.128400 0.111900 0.364700 0.037000 0.182100 0.332300 0.317200 0.214200 0.294700 0.111600 0.324600 0.260700 0.076200 0.117700 0.166300 0.177500 0.341200 0.072400 0.245900 0.162200 0.274600 0.128400 0.115100 0.372000 0.105500 0.000000 0.181800 0.185700 0.179100 0.147300 0.168000 0.117700 0.294400 0.168100 0.314900 0.181800 0.080300 0.108700 0.144200 0.038800 0.329300 0.246800 0.245900
Yak 0.136000 1.009700 0.194900 0.720300 0.278900 0.136400 0.306400 0.351400 0.188400 0.337400 0.213000 0.206100 0.218600 0.278900 0.447700 0.326800 0.272400 0.351500 0.212700 0.187100 0.356000 0.180800 0.311300 0.370300 0.197600 0.349000 0.250500 0.120100 0.184900 0.215300 0.337400 0.219000 0.439200 0.278700 0.181800 0.000000 0.283800 0.294700 0.245700 0.374300 0.311300 0.397800 0.373900 0.538900 0.000000 0.190000 0.286600 0.096800 0.146800 0.338300 0.188900 0.188400
BlueSheep 0.138100 0.920900 0.357500 0.755300 0.285600 0.216200 0.313700 0.359100 0.266600 0.343500 0.067400 0.472400 0.223300 0.206400 0.460500 0.249500 0.316100 0.399900 0.217000 0.421800 0.280000 0.106600 0.316300 0.376800 0.129200 0.357900 0.255800 0.344000 0.274900 0.370500 0.343500 0.223900 0.499100 0.206300 0.185700 0.283800 0.000000 0.302300 0.248700 0.381100 0.316300 0.407500 0.381100 0.548900 0.283800 0.194300 0.292700 0.246100 0.149900 0.442000 0.345200 0.266600
BohorReedb 0.214100 0.929800 0.381000 0.949500 0.091700 0.212500 0.330100 0.382400 0.364500 0.254800 0.217000 0.405600 0.224300 0.295400 0.260600 0.462800 0.431700 0.536200 0.216600 0.458100 0.388900 0.177900 0.339000 0.415300 0.287100 0.481900 0.262900 0.364500 0.285900 0.394300 0.254800 0.224000 0.305800 0.296000 0.179100 0.294700 0.302300 0.000000 0.255900 0.421000 0.339000 0.443200 0.299800 0.490100 0.294700 0.188500 0.306000 0.250500 0.135900 0.370800 0.366000 0.364500
KirksDik 0.177700 0.838400 0.318200 0.638400 0.154000 0.178500 0.271600 0.164500 0.306100 0.299100 0.179600 0.428900 0.184400 0.246500 0.406600 0.291700 0.276900 0.445300 0.179300 0.384300 0.166800 0.146600 0.275200 0.332700 0.240300 0.164200 0.217200 0.306100 0.149000 0.332700 0.299100 0.184800 0.445500 0.246200 0.147300 0.245700 0.248700 0.255900 0.000000 0.336300 0.275200 0.185900 0.336600 0.496500 0.245700 0.153800 0.100900 0.208800 0.111600 0.218000 0.307100 0.306100
RoeDeer 0.294700 0.835900 0.463200 0.769300 0.392900 0.296400 0.306600 0.363200 0.442600 0.133400 0.298800 0.611300 0.210500 0.376300 0.486000 0.552900 0.309300 0.302700 0.298200 0.433600 0.471500 0.261500 0.122000 0.082800 0.365100 0.452000 0.247500 0.442600 0.374600 0.471400 0.133400 0.308900 0.444800 0.279600 0.168000 0.374300 0.381100 0.421000 0.336300 0.000000 0.122000 0.412000 0.174600 0.223900 0.374300 0.276900 0.288700 0.329300 0.221300 0.451600 0.444600 0.442600
WhiteLippe 0.236100 0.868900 0.301500 0.576900 0.318100 0.237400 0.347300 0.217800 0.289600 0.082800 0.239100 0.524900 0.157400 0.312500 0.523000 0.471600 0.254300 0.337800 0.152700 0.283900 0.400200 0.203200 0.000000 0.120800 0.303900 0.490400 0.192900 0.289600 0.304500 0.318600 0.082800 0.246500 0.490100 0.224700 0.117700 0.311300 0.316300 0.339000 0.275200 0.122000 0.000000 0.453900 0.122000 0.261300 0.311300 0.214600 0.231600 0.185100 0.165000 0.378200 0.290700 0.289600
ThomsonGaz 0.322600 1.177000 0.383100 0.801200 0.307200 0.324500 0.290200 0.386400 0.461100 0.499500 0.327000 0.516100 0.336600 0.352800 0.563500 0.265900 0.430800 0.420200 0.326300 0.556600 0.299000 0.292300 0.453900 0.531500 0.388000 0.135000 0.370900 0.461100 0.204100 0.487300 0.499500 0.289900 0.531800 0.398700 0.294400 0.397800 0.407500 0.443200 0.185900 0.412000 0.453900 0.000000 0.540500 0.739600 0.397800 0.260000 0.314800 0.354700 0.254700 0.276000 0.463000 0.461100
MuntiacusC 0.294800 0.771700 0.462400 0.646600 0.393300 0.296500 0.421200 0.363200 0.441400 0.042600 0.298900 0.493500 0.210700 0.375900 0.630300 0.553800 0.309000 0.400100 0.298300 0.432200 0.471400 0.261700 0.122000 0.172800 0.364700 0.569500 0.247500 0.441400 0.375400 0.469700 0.042600 0.309000 0.586300 0.279600 0.168100 0.373900 0.381100 0.299800 0.336600 0.174600 0.122000 0.540500 0.000000 0.328700 0.373900 0.277400 0.289000 0.329200 0.221600 0.451900 0.443400 0.441400
WhiteTaile 0.452600 1.140200 0.591000 0.981000 0.456200 0.455600 0.541600 0.474600 0.563800 0.286600 0.459700 0.814100 0.361400 0.494500 0.559900 0.749900 0.455800 0.513100 0.458700 0.551500 0.649000 0.421900 0.261300 0.221400 0.478700 0.756700 0.398700 0.563800 0.556300 0.592700 0.286600 0.476400 0.666100 0.384100 0.314900 0.538900 0.548900 0.490100 0.496500 0.223900 0.261300 0.739600 0.328700 0.000000 0.538900 0.447200 0.442500 0.487300 0.380100 0.511000 0.566600 0.563800
Cattle 0.136000 1.009700 0.194900 0.720300 0.278900 0.136400 0.306300 0.351400 0.188400 0.337400 0.213000 0.206100 0.218600 0.278900 0.447700 0.326800 0.272400 0.351500 0.212700 0.187100 0.356000 0.180800 0.311300 0.370300 0.197600 0.349000 0.250500 0.122000 0.184900 0.215300 0.337400 0.219000 0.439200 0.278700 0.181800 0.000000 0.283800 0.294700 0.245700 0.374300 0.311300 0.397800 0.373900 0.538900 0.000000 0.190000 0.286600 0.096800 0.146800 0.338300 0.188900 0.188400
RoyalAntel 0.115800 1.008000 0.223200 0.693700 0.177000 0.116300 0.163100 0.268900 0.256400 0.235500 0.117100 0.333400 0.120600 0.147300 0.287100 0.332600 0.309800 0.353900 0.116900 0.338400 0.272500 0.079900 0.214600 0.273800 0.185300 0.357200 0.157300 0.256400 0.170500 0.285900 0.235500 0.077800 0.392600 0.190400 0.080300 0.190000 0.194300 0.188500 0.153800 0.276900 0.214600 0.260000 0.277400 0.447200 0.190000 0.000000 0.196700 0.150700 0.040700 0.295700 0.257300 0.256400
Steenbok 0.217500 0.925200 0.361500 0.640800 0.196600 0.218500 0.317600 0.129500 0.347400 0.251600 0.219900 0.479200 0.145100 0.287600 0.405500 0.333200 0.317100 0.400900 0.219500 0.429200 0.203800 0.186800 0.231600 0.285700 0.280200 0.276500 0.177900 0.347400 0.189900 0.373900 0.251600 0.226400 0.505400 0.207700 0.108700 0.286600 0.292700 0.306000 0.100900 0.288700 0.231600 0.314800 0.289000 0.442500 0.286600 0.196700 0.000000 0.248500 0.151700 0.346900 0.348700 0.347400
Impala 0.101200 0.998200 0.234200 0.577300 0.236900 0.101500 0.265500 0.235000 0.226100 0.292300 0.176100 0.330900 0.180700 0.241800 0.398800 0.288100 0.271700 0.350400 0.101900 0.224600 0.317300 0.143500 0.185100 0.325800 0.163300 0.311300 0.212900 0.156600 0.146700 0.253100 0.292300 0.180900 0.437000 0.241700 0.144200 0.096800 0.246100 0.250500 0.208800 0.329300 0.185100 0.354700 0.329200 0.487300 0.096800 0.150700 0.248500 0.000000 0.109200 0.298100 0.226800 0.226100
Klipspring 0.074500 0.895800 0.221000 0.694100 0.127800 0.074900 0.162600 0.221800 0.212300 0.180700 0.075400 0.326800 0.077600 0.146900 0.287100 0.279600 0.261300 0.347200 0.075200 0.289900 0.225200 0.036600 0.165000 0.218900 0.143200 0.305300 0.113800 0.212300 0.123100 0.241700 0.180700 0.077500 0.328800 0.147100 0.038800 0.146800 0.149900 0.135900 0.111600 0.221300 0.165000 0.254700 0.221600 0.380100 0.146800 0.040700 0.151700 0.109200 0.000000 0.290100 0.213000 0.212300
ForestMusk 0.356400 1.034700 0.413700 0.603500 0.248300 0.267600 0.428400 0.323100 0.494000 0.412700 0.361100 0.540700 0.371700 0.385900 0.484900 0.391600 0.282500 0.361000 0.360400 0.590800 0.421000 0.327000 0.378200 0.446300 0.421200 0.325500 0.405600 0.494000 0.239100 0.520300 0.412700 0.324300 0.516100 0.432800 0.329300 0.338300 0.442000 0.370800 0.218000 0.451600 0.378200 0.276000 0.451900 0.511000 0.338300 0.295700 0.346900 0.298100 0.290100 0.000000 0.496100 0.494000
Bushbuck 0.273200 1.092800 0.057500 0.687500 0.347400 0.274200 0.287000 0.254300 0.055900 0.408200 0.276000 0.344400 0.283000 0.261500 0.521200 0.477800 0.414100 0.410500 0.199500 0.114100 0.416500 0.245500 0.290700 0.439700 0.255400 0.494300 0.313400 0.055900 0.334500 0.026700 0.408200 0.283700 0.512300 0.261200 0.246800 0.188900 0.345200 0.366000 0.307100 0.444600 0.290700 0.463000 0.443400 0.566600 0.188900 0.257300 0.348700 0.226800 0.213000 0.496100 0.000000 0.055900
GreaterKud 0.272200 1.086300 0.058100 0.689000 0.346000 0.273300 0.370700 0.253500 0.000000 0.406400 0.275000 0.343300 0.282000 0.189400 0.518700 0.475900 0.332900 0.329800 0.198900 0.113800 0.414900 0.244600 0.289600 0.437800 0.254600 0.409100 0.312200 0.055800 0.333200 0.082200 0.406400 0.282600 0.509800 0.189300 0.245900 0.188400 0.266600 0.364500 0.306100 0.442600 0.289600 0.461100 0.441400 0.563800 0.188400 0.256400 0.347400 0.226100 0.212300 0.494000 0.055900 0.000000
