1
52 1
Argali 0.000000 0.365400 0.076600 0.359300 0.092200 0.000000 0.076000 0.076200 0.092800 0.128900 0.029900 0.124800 0.060700 0.092200 0.108800 0.059600 0.112200 0.111700 0.075700 0.127800 0.059900 0.029600 0.163900 0.128900 0.029900 0.075400 0.060400 0.092800 0.091400 0.092800 0.147700 0.092400 0.187800 0.060700 0.060400 0.092400 0.014600 0.075900 0.138800 0.111600 0.164100 0.059900 0.111900 0.111800 0.109400 0.092200 0.044700 0.076800 0.060200 0.199700 0.092700 0.092800
LesserMous 0.365400 0.000000 0.252300 0.315100 0.274000 0.365400 0.296800 0.298000 0.275200 0.226100 0.366400 0.252500 0.276600 0.318700 0.279600 0.273100 0.243200 0.204700 0.296800 0.283900 0.274500 0.342000 0.222600 0.225300 0.363600 0.274700 0.275600 0.275200 0.274500 0.275200 0.249000 0.319500 0.293600 0.276600 0.276100 0.233500 0.341800 0.273900 0.340400 0.243800 0.223200 0.274500 0.206500 0.206200 0.254400 0.293900 0.295700 0.277500 0.277400 0.313100 0.297100 0.275200
LesserKudu 0.076600 0.252300 0.000000 0.268500 0.060300 0.076600 0.060400 0.060500 0.014700 0.045700 0.076800 0.044400 0.014800 0.076300 0.060700 0.044500 0.030100 0.030300 0.060100 0.045900 0.044600 0.076200 0.077400 0.045900 0.076600 0.059800 0.014800 0.014700 0.075500 0.014700 0.062100 0.076400 0.097000 0.014800 0.014800 0.014700 0.060600 0.060200 0.120300 0.061400 0.077500 0.044600 0.030400 0.030400 0.029700 0.076100 0.060000 0.045400 0.044800 0.110500 0.029700 0.014700
KillerWhal 0.359300 0.315100 0.268500 0.000000 0.290100 0.359300 0.290200 0.313500 0.248700 0.245100 0.360600 0.286300 0.293300 0.312900 0.315200 0.288500 0.225800 0.224700 0.356300 0.297600 0.288900 0.356900 0.239900 0.246100 0.359900 0.309600 0.291800 0.248700 0.289000 0.248700 0.268100 0.313600 0.318800 0.293300 0.292000 0.247300 0.335100 0.289400 0.393800 0.285200 0.219600 0.288900 0.225700 0.225700 0.269500 0.335800 0.311300 0.268600 0.290500 0.312600 0.269700 0.248700
DefassaWat 0.092200 0.274000 0.060300 0.290100 0.000000 0.092200 0.044700 0.044800 0.076300 0.078000 0.092400 0.075500 0.060400 0.060200 0.076100 0.029200 0.094600 0.061900 0.075400 0.078000 0.029300 0.091800 0.111100 0.078100 0.092200 0.044300 0.060000 0.076300 0.059600 0.076300 0.095300 0.060300 0.132300 0.060400 0.060100 0.044800 0.076000 0.014500 0.103900 0.061700 0.111100 0.029300 0.061900 0.061900 0.060500 0.060000 0.044400 0.092600 0.029500 0.145300 0.076200 0.076300
Sheep 0.000000 0.365400 0.076600 0.359300 0.092200 0.000000 0.076000 0.076200 0.092800 0.128900 0.029900 0.124800 0.060700 0.092200 0.108800 0.059600 0.112200 0.111700 0.075700 0.127800 0.059900 0.029800 0.163900 0.128900 0.029900 0.075400 0.060400 0.092800 0.091400 0.092800 0.147700 0.092400 0.187800 0.060700 0.059500 0.092400 0.014700 0.075900 0.138800 0.111600 0.164100 0.059900 0.111900 0.111800 0.109400 0.092200 0.044700 0.076800 0.060200 0.199700 0.092700 0.092800
MaxwellsDu 0.076000 0.296800 0.060400 0.290200 0.044700 0.076000 0.000000 0.029600 0.076400 0.078200 0.076200 0.075600 0.044800 0.014600 0.060400 0.014500 0.094700 0.062000 0.059700 0.078200 0.014600 0.075700 0.111100 0.078300 0.076000 0.029300 0.044600 0.076400 0.044400 0.076400 0.095500 0.014600 0.132600 0.044800 0.044700 0.044900 0.060200 0.029400 0.088100 0.061900 0.077800 0.014600 0.062100 0.062000 0.060600 0.044600 0.029400 0.076300 0.014600 0.111100 0.076300 0.076400
GazellaPrz 0.076200 0.298000 0.060500 0.313500 0.044800 0.076200 0.029600 0.000000 0.076600 0.078300 0.076400 0.075800 0.044900 0.044800 0.060500 0.014500 0.094900 0.062200 0.059800 0.078400 0.014600 0.075900 0.111500 0.078500 0.076200 0.029400 0.044700 0.076600 0.044500 0.076600 0.095700 0.044900 0.133100 0.044900 0.044800 0.045000 0.060300 0.029500 0.087300 0.062000 0.111500 0.014600 0.062200 0.062200 0.060700 0.044600 0.029400 0.076500 0.014700 0.146200 0.076600 0.076600
MountainNy 0.092800 0.275200 0.014700 0.248700 0.076300 0.092800 0.076400 0.076600 0.000000 0.061800 0.093000 0.059800 0.029900 0.092600 0.076800 0.060000 0.045800 0.045900 0.075900 0.061900 0.060100 0.092400 0.094200 0.062000 0.092800 0.075700 0.029800 0.000000 0.091700 0.000000 0.078600 0.092700 0.114800 0.029900 0.029800 0.029600 0.076500 0.076100 0.138300 0.077700 0.094200 0.060100 0.046000 0.046000 0.045000 0.092200 0.075900 0.061200 0.060500 0.128200 0.014700 0.000000
MuntiacusM 0.128900 0.226100 0.045700 0.245100 0.078000 0.128900 0.078200 0.078300 0.061800 0.000000 0.129300 0.030000 0.062300 0.094700 0.078700 0.061400 0.045400 0.014600 0.110800 0.063300 0.061600 0.128400 0.061200 0.030200 0.128900 0.077400 0.061900 0.061800 0.094000 0.061800 0.015100 0.094900 0.079500 0.062300 0.062100 0.030100 0.111600 0.077900 0.144800 0.061100 0.061200 0.061600 0.015000 0.014900 0.045900 0.094100 0.077700 0.095400 0.061900 0.128900 0.078100 0.061800
goat 0.029900 0.366400 0.076800 0.360600 0.092400 0.029900 0.076200 0.076400 0.093000 0.129300 0.000000 0.125000 0.060800 0.092400 0.109100 0.059800 0.112500 0.112000 0.074700 0.128100 0.060000 0.029700 0.164300 0.129300 0.000100 0.075600 0.060500 0.093000 0.091600 0.093000 0.148100 0.092600 0.188300 0.060800 0.060400 0.092600 0.014800 0.076000 0.139100 0.111900 0.164500 0.060000 0.112200 0.112100 0.109700 0.092400 0.075900 0.076900 0.060300 0.200200 0.092900 0.093000
AfricanBuf 0.124800 0.252500 0.044400 0.286300 0.075500 0.124800 0.075600 0.075800 0.059800 0.030000 0.125000 0.000000 0.060300 0.091600 0.044700 0.059500 0.077000 0.045300 0.107100 0.061200 0.059400 0.091500 0.093000 0.061100 0.124700 0.044100 0.060000 0.059800 0.090600 0.059800 0.046000 0.091800 0.113000 0.060300 0.060000 0.029300 0.107900 0.075300 0.104600 0.076800 0.093100 0.059400 0.045500 0.045400 0.044500 0.059800 0.074900 0.092300 0.059900 0.126300 0.075400 0.059800
Topi 0.060700 0.276600 0.014800 0.293300 0.060400 0.060700 0.044800 0.044900 0.029900 0.062300 0.060800 0.060300 0.000000 0.060400 0.045100 0.029300 0.046000 0.046200 0.044600 0.062300 0.029400 0.060400 0.078800 0.062400 0.060600 0.044400 0.000100 0.029900 0.059800 0.029900 0.079200 0.060500 0.115200 0.000000 0.000200 0.029900 0.045000 0.044700 0.102600 0.078200 0.078900 0.029400 0.046400 0.046400 0.045400 0.060100 0.044600 0.030000 0.029500 0.129000 0.029800 0.029900
CommonDuik 0.092200 0.318700 0.076300 0.312900 0.060200 0.092200 0.014600 0.044800 0.092600 0.094700 0.092400 0.091600 0.060400 0.000000 0.076100 0.029200 0.111700 0.078300 0.044500 0.094700 0.029400 0.091900 0.128400 0.094900 0.092200 0.044300 0.060100 0.092600 0.059700 0.092600 0.112500 0.029500 0.150700 0.060400 0.060100 0.060400 0.076000 0.044600 0.105000 0.078100 0.094300 0.029400 0.078300 0.078300 0.076500 0.060100 0.044500 0.092600 0.029500 0.128100 0.092500 0.092600
Suni 0.108800 0.279600 0.060700 0.315200 0.076100 0.108800 0.060400 0.060500 0.076800 0.078700 0.109100 0.044700 0.045100 0.076100 0.000000 0.044400 0.095000 0.062200 0.091600 0.078700 0.043300 0.076000 0.111600 0.078600 0.108800 0.029300 0.044900 0.076800 0.074600 0.076800 0.096200 0.076300 0.129300 0.045100 0.044900 0.045100 0.092300 0.060100 0.088400 0.094800 0.111800 0.044500 0.062400 0.062400 0.060900 0.044800 0.059800 0.076700 0.044800 0.146600 0.076800 0.076800
Springbuck 0.059600 0.273100 0.044500 0.288500 0.029200 0.059600 0.014500 0.014500 0.060000 0.061400 0.059800 0.059500 0.029300 0.029200 0.044400 0.000000 0.077500 0.045700 0.044000 0.061400 0.000100 0.059500 0.093500 0.061400 0.059600 0.014400 0.029100 0.060000 0.029000 0.060000 0.078200 0.029300 0.113900 0.029300 0.029200 0.029400 0.044300 0.014400 0.069700 0.045500 0.093500 0.000100 0.045700 0.045600 0.044600 0.029200 0.014400 0.059800 0.000200 0.127200 0.060000 0.060000
Okapi 0.112200 0.243200 0.030100 0.225800 0.094600 0.112200 0.094700 0.094900 0.045800 0.045400 0.112500 0.077000 0.046000 0.111700 0.095000 0.077500 0.000000 0.029900 0.094200 0.079800 0.077700 0.111500 0.077100 0.045400 0.112200 0.093700 0.045800 0.045800 0.110600 0.045800 0.061800 0.111900 0.095900 0.046000 0.046100 0.045700 0.095000 0.094400 0.163400 0.077200 0.077100 0.077700 0.030000 0.030000 0.061900 0.110700 0.094200 0.079100 0.078100 0.145700 0.061800 0.045800
Giraffe 0.111700 0.204700 0.030300 0.224700 0.061900 0.111700 0.062000 0.062200 0.045900 0.014600 0.112000 0.045300 0.046200 0.078300 0.062200 0.045700 0.029900 0.000000 0.094000 0.047100 0.045800 0.111200 0.045300 0.014700 0.111700 0.061400 0.046000 0.045900 0.077600 0.045900 0.030300 0.078400 0.062900 0.046200 0.046100 0.015000 0.094700 0.061800 0.123400 0.045400 0.045400 0.045800 0.000300 0.000400 0.030400 0.077600 0.061600 0.078800 0.046100 0.111600 0.061800 0.045900
TibetanAnt 0.075700 0.296800 0.060100 0.356300 0.075400 0.075700 0.059700 0.059800 0.075900 0.110800 0.074700 0.107100 0.044600 0.044500 0.091600 0.044000 0.094200 0.094000 0.000000 0.110600 0.044200 0.075400 0.144400 0.110600 0.075900 0.059300 0.044400 0.075900 0.074800 0.075900 0.129000 0.075600 0.167200 0.044600 0.044300 0.075600 0.059900 0.059600 0.120400 0.093800 0.144600 0.044200 0.094100 0.094000 0.091900 0.075400 0.059500 0.076100 0.044400 0.144300 0.075800 0.075900
Sitatunga 0.127800 0.283900 0.045900 0.297600 0.078000 0.127800 0.078200 0.078400 0.061900 0.063300 0.128100 0.061200 0.062300 0.094700 0.078700 0.061400 0.079800 0.047100 0.110600 0.000000 0.061500 0.127300 0.096500 0.063400 0.127500 0.077500 0.062000 0.061900 0.093900 0.061900 0.080600 0.094900 0.082100 0.062300 0.062000 0.030300 0.110300 0.077800 0.141300 0.079500 0.096500 0.061500 0.047100 0.047100 0.046000 0.094400 0.077700 0.091600 0.061900 0.113600 0.078100 0.061900
Oribi 0.059900 0.274500 0.044600 0.288900 0.029300 0.059900 0.014600 0.014600 0.060100 0.061600 0.060000 0.059400 0.029400 0.029400 0.043300 0.000100 0.077700 0.045800 0.044200 0.061500 0.000000 0.059700 0.093700 0.061600 0.059900 0.014400 0.029300 0.060100 0.028600 0.060100 0.078400 0.029400 0.114000 0.029400 0.029300 0.029500 0.044500 0.014500 0.071000 0.045700 0.093700 0.000000 0.045800 0.045800 0.044700 0.029300 0.014300 0.060100 0.000100 0.127400 0.060100 0.060100
BarbaryShe 0.029600 0.342000 0.076200 0.356900 0.091800 0.029800 0.075700 0.075900 0.092400 0.128400 0.029700 0.091500 0.060400 0.091900 0.076000 0.059500 0.111500 0.111200 0.075400 0.127300 0.059700 0.000000 0.162900 0.128200 0.029700 0.044300 0.060100 0.092400 0.091100 0.092400 0.147200 0.092000 0.186700 0.060400 0.059300 0.092000 0.014700 0.075600 0.103800 0.111000 0.163100 0.059700 0.111300 0.111200 0.108900 0.060100 0.075400 0.076400 0.060000 0.198800 0.092300 0.092400
Daviddeer 0.163900 0.222600 0.077400 0.239900 0.111100 0.163900 0.111100 0.111500 0.094200 0.061200 0.164300 0.093000 0.078800 0.128400 0.111600 0.093500 0.077100 0.045300 0.144400 0.096500 0.093700 0.162900 0.000000 0.061400 0.163900 0.109900 0.078400 0.094200 0.127200 0.094200 0.077800 0.128600 0.113600 0.078800 0.094500 0.061400 0.145700 0.110800 0.164500 0.061100 0.029900 0.093700 0.045600 0.045600 0.077800 0.127700 0.110400 0.095000 0.094100 0.163800 0.111000 0.094200
Reindeer 0.128900 0.225300 0.045900 0.246100 0.078100 0.128900 0.078300 0.078500 0.062000 0.030200 0.129300 0.061100 0.062400 0.094900 0.078600 0.061400 0.045400 0.014700 0.110600 0.063400 0.061600 0.128200 0.061400 0.000000 0.129000 0.077300 0.062100 0.062000 0.094000 0.062000 0.046000 0.095100 0.047000 0.062400 0.062100 0.030300 0.111600 0.077900 0.149400 0.061200 0.061400 0.061600 0.015000 0.015000 0.046000 0.094000 0.077700 0.095700 0.061900 0.129300 0.078300 0.062000
Ibex 0.029900 0.363600 0.076600 0.359900 0.092200 0.029900 0.076000 0.076200 0.092800 0.128900 0.000100 0.124700 0.060600 0.092200 0.108800 0.059600 0.112200 0.111700 0.075900 0.127500 0.059900 0.029700 0.163900 0.129000 0.000000 0.075400 0.060300 0.092800 0.091400 0.092800 0.147700 0.092400 0.187800 0.060600 0.060400 0.092400 0.014800 0.075900 0.138100 0.111600 0.164100 0.059900 0.111900 0.111800 0.109400 0.092200 0.075700 0.076800 0.060200 0.199700 0.092700 0.092800
GyrantGaze 0.075400 0.274700 0.059800 0.309600 0.044300 0.075400 0.029300 0.029400 0.075700 0.077400 0.075600 0.044100 0.044400 0.044300 0.029300 0.014400 0.093700 0.061400 0.059300 0.077500 0.014400 0.044300 0.109900 0.077300 0.075400 0.000000 0.044200 0.075700 0.043900 0.075700 0.094700 0.044400 0.131000 0.044400 0.044300 0.044500 0.059700 0.029200 0.054300 0.061200 0.110000 0.014100 0.061400 0.061300 0.060000 0.014500 0.029100 0.075600 0.014500 0.144100 0.075600 0.075700
Hartebeest 0.060400 0.275600 0.014800 0.291800 0.060000 0.060400 0.044600 0.044700 0.029800 0.061900 0.060500 0.060000 0.000100 0.060100 0.044900 0.029100 0.045800 0.046000 0.044400 0.062000 0.029300 0.060100 0.078400 0.062100 0.060300 0.044200 0.000000 0.029800 0.059500 0.029800 0.078800 0.060200 0.114600 0.000100 0.000200 0.029700 0.044700 0.044400 0.102800 0.077800 0.078500 0.029300 0.046200 0.046200 0.045100 0.059700 0.044400 0.029800 0.029400 0.128300 0.029700 0.029800
Bongo 0.092800 0.275200 0.014700 0.248700 0.076300 0.092800 0.076400 0.076600 0.000000 0.061800 0.093000 0.059800 0.029900 0.092600 0.076800 0.060000 0.045800 0.045900 0.075900 0.061900 0.060100 0.092400 0.094200 0.062000 0.092800 0.075700 0.029800 0.000000 0.091700 0.000000 0.078600 0.092700 0.114800 0.029900 0.029800 0.029600 0.076500 0.076100 0.138300 0.077700 0.094200 0.060100 0.046000 0.046000 0.045000 0.092200 0.075900 0.061200 0.060500 0.128200 0.014700 0.000000
Gerenuk 0.091400 0.274500 0.075500 0.289000 0.059600 0.091400 0.044400 0.044500 0.091700 0.094000 0.091600 0.090600 0.059800 0.059700 0.074600 0.029000 0.110600 0.077600 0.074800 0.093900 0.028600 0.091100 0.127200 0.094000 0.091400 0.043900 0.059500 0.091700 0.000000 0.091700 0.111700 0.059800 0.149400 0.059800 0.059600 0.059900 0.075300 0.044200 0.104200 0.077400 0.127300 0.028700 0.077700 0.077600 0.075800 0.059600 0.044000 0.091700 0.029300 0.162300 0.091700 0.091700
CommonElan 0.092800 0.275200 0.014700 0.248700 0.076300 0.092800 0.076400 0.076600 0.000000 0.061800 0.093000 0.059800 0.029900 0.092600 0.076800 0.060000 0.045800 0.045900 0.075900 0.061900 0.060100 0.092400 0.094200 0.062000 0.092800 0.075700 0.029800 0.000000 0.091700 0.000000 0.078600 0.092700 0.114800 0.029900 0.029800 0.029600 0.076500 0.076100 0.138300 0.077700 0.094200 0.060100 0.046000 0.046000 0.045000 0.092200 0.075900 0.061200 0.060500 0.128200 0.014500 0.000000
MuntiacusR 0.147700 0.249000 0.062100 0.268100 0.095300 0.147700 0.095500 0.095700 0.078600 0.015100 0.148100 0.046000 0.079200 0.112500 0.096200 0.078200 0.061800 0.030300 0.129000 0.080600 0.078400 0.147200 0.077800 0.046000 0.147700 0.094700 0.078800 0.078600 0.111700 0.078600 0.000000 0.112700 0.097300 0.079200 0.078900 0.046200 0.129900 0.095200 0.170700 0.077700 0.077800 0.078400 0.030400 0.030400 0.062300 0.112200 0.094900 0.113300 0.078800 0.147500 0.095400 0.078600
HarveysDui 0.092400 0.319500 0.076400 0.313600 0.060300 0.092400 0.014600 0.044900 0.092700 0.094900 0.092600 0.091800 0.060500 0.029500 0.076300 0.029300 0.111900 0.078400 0.075600 0.094900 0.029400 0.092000 0.128600 0.095100 0.092400 0.044400 0.060200 0.092700 0.059800 0.092700 0.112700 0.000000 0.151000 0.060500 0.060200 0.060500 0.076100 0.044600 0.105200 0.078300 0.094500 0.029400 0.078500 0.078500 0.076600 0.060200 0.044500 0.092800 0.029600 0.128300 0.092600 0.092700
Pronghorn 0.187800 0.293600 0.097000 0.318800 0.132300 0.187800 0.132600 0.133100 0.114800 0.079500 0.188300 0.113000 0.115200 0.150700 0.129300 0.113900 0.095900 0.062900 0.167200 0.082100 0.114000 0.186700 0.113600 0.047000 0.187800 0.131000 0.114600 0.114800 0.149400 0.114800 0.097300 0.151000 0.000000 0.115200 0.115100 0.080100 0.168800 0.131900 0.170100 0.113200 0.113600 0.114000 0.063200 0.063100 0.097400 0.149500 0.131600 0.152100 0.114700 0.169900 0.132700 0.114800
BlueWildeb 0.060700 0.276600 0.014800 0.293300 0.060400 0.060700 0.044800 0.044900 0.029900 0.062300 0.060800 0.060300 0.000000 0.060400 0.045100 0.029300 0.046000 0.046200 0.044600 0.062300 0.029400 0.060400 0.078800 0.062400 0.060600 0.044400 0.000100 0.029900 0.059800 0.029900 0.079200 0.060500 0.115200 0.000000 0.000200 0.029900 0.045000 0.044700 0.102600 0.078200 0.078900 0.029400 0.046400 0.046400 0.045400 0.060100 0.044600 0.030000 0.029500 0.129000 0.029800 0.029900
Gemsbok 0.060400 0.276100 0.014800 0.292000 0.060100 0.059500 0.044700 0.044800 0.029800 0.062100 0.060400 0.060000 0.000200 0.060100 0.044900 0.029200 0.046100 0.046100 0.044300 0.062000 0.029300 0.059300 0.094500 0.062100 0.060400 0.044300 0.000200 0.029800 0.059600 0.029800 0.078900 0.060200 0.115100 0.000200 0.000000 0.029700 0.044700 0.044500 0.103900 0.077900 0.094600 0.029300 0.046200 0.046200 0.045100 0.060000 0.044400 0.029900 0.029500 0.128400 0.029800 0.029800
Yak 0.092400 0.233500 0.014700 0.247300 0.044800 0.092400 0.044900 0.045000 0.029600 0.030100 0.092600 0.029300 0.029900 0.060400 0.045100 0.029400 0.045700 0.015000 0.075600 0.030300 0.029500 0.092000 0.061400 0.030300 0.092400 0.044500 0.029700 0.029600 0.059900 0.029600 0.046200 0.060500 0.080100 0.029900 0.029700 0.000000 0.076200 0.044700 0.104500 0.045600 0.061400 0.029500 0.015000 0.015000 0.014700 0.060200 0.044600 0.060800 0.029600 0.094000 0.044800 0.029600
BlueSheep 0.014600 0.341800 0.060600 0.335100 0.076000 0.014700 0.060200 0.060300 0.076500 0.111600 0.014800 0.107900 0.045000 0.076000 0.092300 0.044300 0.095000 0.094700 0.059900 0.110300 0.044500 0.014700 0.145700 0.111600 0.014800 0.059700 0.044700 0.076500 0.075300 0.076500 0.129900 0.076100 0.168800 0.045000 0.044700 0.076200 0.000000 0.060000 0.121200 0.094600 0.145900 0.044500 0.094900 0.094800 0.092700 0.076000 0.059900 0.060700 0.044700 0.181100 0.076400 0.076500
BohorReedb 0.075900 0.273900 0.060200 0.289400 0.014500 0.075900 0.029400 0.029500 0.076100 0.077900 0.076000 0.075300 0.044700 0.044600 0.060100 0.014400 0.094400 0.061800 0.059600 0.077800 0.014500 0.075600 0.110800 0.077900 0.075900 0.029200 0.044400 0.076100 0.044200 0.076100 0.095200 0.044600 0.131900 0.044700 0.044500 0.044700 0.060000 0.000000 0.086700 0.061600 0.110900 0.014500 0.061800 0.061800 0.060300 0.044500 0.029300 0.076100 0.014600 0.145000 0.076000 0.076100
KirksDik 0.138800 0.340400 0.120300 0.393800 0.103900 0.138800 0.088100 0.087300 0.138300 0.144800 0.139100 0.104600 0.102600 0.105000 0.088400 0.069700 0.163400 0.123400 0.120400 0.141300 0.071000 0.103800 0.164500 0.149400 0.138100 0.054300 0.102800 0.138300 0.104200 0.138300 0.170700 0.105200 0.170100 0.102600 0.103900 0.104500 0.121200 0.086700 0.000000 0.127400 0.164800 0.071000 0.129600 0.127900 0.122100 0.068400 0.087600 0.121700 0.069500 0.230600 0.138200 0.138300
RoeDeer 0.111600 0.243800 0.061400 0.285200 0.061700 0.111600 0.061900 0.062000 0.077700 0.061100 0.111900 0.076800 0.078200 0.078100 0.094800 0.045500 0.077200 0.045400 0.093800 0.079500 0.045700 0.111000 0.061100 0.061200 0.111600 0.061200 0.077800 0.077700 0.077400 0.077700 0.077700 0.078300 0.113200 0.078200 0.077900 0.045600 0.094600 0.061600 0.127400 0.000000 0.093200 0.045700 0.045500 0.045500 0.061600 0.077700 0.061500 0.112100 0.045900 0.163100 0.094100 0.077700
WhiteLippe 0.164100 0.223200 0.077500 0.219600 0.111100 0.164100 0.077800 0.111500 0.094200 0.061200 0.164500 0.093100 0.078900 0.094300 0.111800 0.093500 0.077100 0.045400 0.144600 0.096500 0.093700 0.163100 0.029900 0.061400 0.164100 0.110000 0.078500 0.094200 0.127300 0.094200 0.077800 0.094500 0.113600 0.078900 0.094600 0.061400 0.145900 0.110900 0.164800 0.093200 0.000000 0.093700 0.045600 0.045600 0.077900 0.127800 0.110500 0.095000 0.094200 0.128200 0.111000 0.094200
ThomsonGaz 0.059900 0.274500 0.044600 0.288900 0.029300 0.059900 0.014600 0.014600 0.060100 0.061600 0.060000 0.059400 0.029400 0.029400 0.044500 0.000100 0.077700 0.045800 0.044200 0.061500 0.000000 0.059700 0.093700 0.061600 0.059900 0.014100 0.029300 0.060100 0.028700 0.060100 0.078400 0.029400 0.114000 0.029400 0.029300 0.029500 0.044500 0.014500 0.071000 0.045700 0.093700 0.000000 0.045800 0.045800 0.044700 0.029300 0.014400 0.060100 0.000100 0.127400 0.060100 0.060100
MuntiacusC 0.111900 0.206500 0.030400 0.225700 0.061900 0.111900 0.062100 0.062200 0.046000 0.015000 0.112200 0.045500 0.046400 0.078300 0.062400 0.045700 0.030000 0.000300 0.094100 0.047100 0.045800 0.111300 0.045600 0.015000 0.111900 0.061400 0.046200 0.046000 0.077700 0.046000 0.030400 0.078500 0.063200 0.046400 0.046200 0.015000 0.094900 0.061800 0.129600 0.045500 0.045600 0.045800 0.000000 0.000100 0.030500 0.077700 0.061600 0.079000 0.046000 0.111900 0.062000 0.046000
WhiteTaile 0.111800 0.206200 0.030400 0.225700 0.061900 0.111800 0.062000 0.062200 0.046000 0.014900 0.112100 0.045400 0.046400 0.078300 0.062400 0.045600 0.030000 0.000400 0.094000 0.047100 0.045800 0.111200 0.045600 0.015000 0.111800 0.061300 0.046200 0.046000 0.077600 0.046000 0.030400 0.078500 0.063100 0.046400 0.046200 0.015000 0.094800 0.061800 0.127900 0.045500 0.045600 0.045800 0.000100 0.000000 0.030500 0.077600 0.061600 0.079000 0.046000 0.111900 0.062000 0.046000
Cattle 0.109400 0.254400 0.029700 0.269500 0.060500 0.109400 0.060600 0.060700 0.045000 0.045900 0.109700 0.044500 0.045400 0.076500 0.060900 0.044600 0.061900 0.030400 0.091900 0.046000 0.044700 0.108900 0.077800 0.046000 0.109400 0.060000 0.045100 0.045000 0.075800 0.045000 0.062300 0.076600 0.097400 0.045400 0.045100 0.014700 0.092700 0.060300 0.122100 0.061600 0.077900 0.044700 0.030500 0.030500 0.000000 0.076300 0.060200 0.077000 0.044900 0.110900 0.060500 0.045000
RoyalAntel 0.092200 0.293900 0.076100 0.335800 0.060000 0.092200 0.044600 0.044600 0.092200 0.094100 0.092400 0.059800 0.060100 0.060100 0.044800 0.029200 0.110700 0.077600 0.075400 0.094400 0.029300 0.060100 0.127700 0.094000 0.092200 0.014500 0.059700 0.092200 0.059600 0.092200 0.112200 0.060200 0.149500 0.060100 0.060000 0.060200 0.076000 0.044500 0.068400 0.077700 0.127800 0.029300 0.077700 0.077600 0.076300 0.000000 0.044400 0.092400 0.029400 0.162600 0.092100 0.092200
Steenbok 0.044700 0.295700 0.060000 0.311300 0.044400 0.044700 0.029400 0.029400 0.075900 0.077700 0.075900 0.074900 0.044600 0.044500 0.059800 0.014400 0.094200 0.061600 0.059500 0.077700 0.014300 0.075400 0.110400 0.077700 0.075700 0.029100 0.044400 0.075900 0.044000 0.075900 0.094900 0.044500 0.131600 0.044600 0.044400 0.044600 0.059900 0.029300 0.087600 0.061500 0.110500 0.014400 0.061600 0.061600 0.060200 0.044400 0.000000 0.076000 0.014500 0.144600 0.075800 0.075900
Impala 0.076800 0.277500 0.045400 0.268600 0.092600 0.076800 0.076300 0.076500 0.061200 0.095400 0.076900 0.092300 0.030000 0.092600 0.076700 0.059800 0.079100 0.078800 0.076100 0.091600 0.060100 0.076400 0.095000 0.095700 0.076800 0.075600 0.029800 0.061200 0.091700 0.061200 0.113300 0.092800 0.152100 0.030000 0.029900 0.060800 0.060700 0.076100 0.121700 0.112100 0.095000 0.060100 0.079000 0.079000 0.077000 0.092400 0.076000 0.000000 0.060400 0.164700 0.061100 0.061200
Klipspring 0.060200 0.277400 0.044800 0.290500 0.029500 0.060200 0.014600 0.014700 0.060500 0.061900 0.060300 0.059900 0.029500 0.029500 0.044800 0.000200 0.078100 0.046100 0.044400 0.061900 0.000100 0.060000 0.094100 0.061900 0.060200 0.014500 0.029400 0.060500 0.029300 0.060500 0.078800 0.029600 0.114700 0.029500 0.029500 0.029600 0.044700 0.014600 0.069500 0.045900 0.094200 0.000100 0.046000 0.046000 0.044900 0.029400 0.014500 0.060400 0.000000 0.128100 0.060400 0.060500
ForestMusk 0.199700 0.313100 0.110500 0.312600 0.145300 0.199700 0.111100 0.146200 0.128200 0.128900 0.200200 0.126300 0.129000 0.128100 0.146600 0.127200 0.145700 0.111600 0.144300 0.113600 0.127400 0.198800 0.163800 0.129300 0.199700 0.144100 0.128300 0.128200 0.162300 0.128200 0.147500 0.128300 0.169900 0.129000 0.128400 0.094000 0.181100 0.145000 0.230600 0.163100 0.128200 0.127400 0.111900 0.111900 0.110900 0.162600 0.144600 0.164700 0.128100 0.000000 0.145900 0.128200
Bushbuck 0.092700 0.297100 0.029700 0.269700 0.076200 0.092700 0.076300 0.076600 0.014700 0.078100 0.092900 0.075400 0.029800 0.092500 0.076800 0.060000 0.061800 0.061800 0.075800 0.078100 0.060100 0.092300 0.111000 0.078300 0.092700 0.075600 0.029700 0.014700 0.091700 0.014500 0.095400 0.092600 0.132700 0.029800 0.029800 0.044800 0.076400 0.076000 0.138200 0.094100 0.111000 0.060100 0.062000 0.062000 0.060500 0.092100 0.075800 0.061100 0.060400 0.145900 0.000000 0.014700
GreaterKud 0.092800 0.275200 0.014700 0.248700 0.076300 0.092800 0.076400 0.076600 0.000000 0.061800 0.093000 0.059800 0.029900 0.092600 0.076800 0.060000 0.045800 0.045900 0.075900 0.061900 0.060100 0.092400 0.094200 0.062000 0.092800 0.075700 0.029800 0.000000 0.091700 0.000000 0.078600 0.092700 0.114800 0.029900 0.029800 0.029600 0.076500 0.076100 0.138300 0.077700 0.094200 0.060100 0.046000 0.046000 0.045000 0.092200 0.075900 0.061200 0.060500 0.128200 0.014700 0.000000
