1
52 1
Argali 0.000000 0.053200 0.033600 0.058900 0.012200 0.004000 0.010200 0.020700 0.031300 0.047700 0.004100 0.022600 0.006100 0.014400 0.014400 0.024800 0.022600 0.024800 0.004000 0.031300 0.020600 0.004100 0.026900 0.031000 0.008100 0.026900 0.006100 0.033400 0.024800 0.029200 0.047800 0.016500 0.018600 0.014200 0.006100 0.022600 0.004100 0.010200 0.024700 0.141600 0.024800 0.027000 0.047800 0.024700 0.018500 0.008100 0.018400 0.014300 0.010200 0.026800 0.031400 0.031500
LesserMous 0.053200 0.000000 0.070500 0.052200 0.060300 0.057600 0.058000 0.063900 0.067800 0.079800 0.053500 0.055600 0.056000 0.063000 0.058500 0.068600 0.057900 0.060000 0.053500 0.067800 0.067200 0.053500 0.058300 0.060100 0.057900 0.066100 0.055800 0.070000 0.068200 0.065500 0.073100 0.062800 0.054000 0.062200 0.053700 0.057900 0.053700 0.058200 0.066000 0.172400 0.056200 0.066200 0.080000 0.053500 0.053700 0.056000 0.064800 0.055700 0.057900 0.062500 0.065300 0.068200
LesserKudu 0.033600 0.070500 0.000000 0.069100 0.029400 0.029300 0.031600 0.042700 0.006200 0.059700 0.029500 0.018800 0.029500 0.036100 0.031700 0.044800 0.023000 0.029400 0.029400 0.006200 0.042500 0.029500 0.040400 0.040200 0.033700 0.049200 0.029500 0.008300 0.046900 0.004200 0.057600 0.038200 0.023400 0.033600 0.027400 0.018700 0.029500 0.027300 0.044500 0.153700 0.038300 0.049300 0.059800 0.038100 0.014600 0.029500 0.040200 0.033800 0.031500 0.027300 0.006300 0.010500
KillerWhal 0.058900 0.052200 0.069100 0.000000 0.061300 0.058900 0.059200 0.059300 0.066500 0.086700 0.054800 0.059000 0.057100 0.064100 0.057100 0.061600 0.061400 0.068200 0.054700 0.066500 0.061500 0.054700 0.071000 0.070800 0.059200 0.061400 0.057000 0.064200 0.063600 0.064200 0.082200 0.061600 0.055000 0.061100 0.054800 0.061500 0.054800 0.059100 0.058900 0.189800 0.068900 0.061600 0.091600 0.068400 0.057100 0.057000 0.059100 0.054700 0.059100 0.054700 0.063800 0.066800
DefassaWat 0.012200 0.060300 0.029400 0.061300 0.000000 0.012200 0.010200 0.016500 0.027200 0.050000 0.008200 0.022700 0.008200 0.014400 0.014400 0.020700 0.022700 0.024800 0.008200 0.027100 0.016500 0.008200 0.026900 0.031100 0.012300 0.022800 0.008200 0.029300 0.020700 0.025000 0.047900 0.016500 0.018700 0.016300 0.006100 0.022700 0.008200 0.002000 0.020600 0.141800 0.029100 0.022800 0.050100 0.029000 0.018600 0.008200 0.014300 0.016400 0.010200 0.026900 0.027200 0.031500
Sheep 0.004000 0.057600 0.029300 0.058900 0.012200 0.000000 0.010200 0.020700 0.027100 0.047700 0.004100 0.022600 0.006100 0.014400 0.014400 0.024800 0.022600 0.020600 0.004000 0.027100 0.020600 0.004100 0.026900 0.031000 0.008100 0.026900 0.006100 0.029200 0.024800 0.024900 0.047800 0.016500 0.018700 0.014200 0.006100 0.022600 0.004100 0.010200 0.024700 0.141600 0.024800 0.027000 0.047800 0.028900 0.018500 0.008100 0.018400 0.014300 0.010200 0.026800 0.027100 0.027200
MaxwellsDu 0.010200 0.058000 0.031600 0.059200 0.010200 0.010200 0.000000 0.018700 0.029300 0.048000 0.006100 0.020700 0.006100 0.008200 0.012400 0.022900 0.016500 0.022700 0.006100 0.029300 0.018600 0.006100 0.024900 0.029100 0.010200 0.025000 0.006100 0.031500 0.022800 0.027200 0.045900 0.010300 0.016600 0.014300 0.004100 0.020600 0.006100 0.008200 0.022700 0.139900 0.027100 0.025000 0.048000 0.027000 0.016500 0.006100 0.016500 0.014400 0.008200 0.024900 0.029400 0.029400
GazellaPrz 0.020700 0.063900 0.042700 0.059300 0.016500 0.020700 0.018700 0.000000 0.040400 0.054900 0.016600 0.031400 0.016600 0.021900 0.023000 0.008300 0.027100 0.025000 0.016600 0.040300 0.008300 0.016600 0.031500 0.035700 0.020800 0.010300 0.016600 0.038200 0.008200 0.038200 0.052800 0.019500 0.027300 0.020700 0.014500 0.031400 0.016600 0.018700 0.008200 0.145500 0.033700 0.010400 0.055000 0.033500 0.027200 0.016600 0.006200 0.020800 0.018600 0.033600 0.040400 0.040500
MountainNy 0.031300 0.067800 0.006200 0.066500 0.027200 0.027100 0.029300 0.040400 0.000000 0.057300 0.027300 0.016600 0.027300 0.033900 0.029500 0.042500 0.020900 0.027200 0.027200 0.000000 0.040200 0.027200 0.038100 0.038000 0.031500 0.046900 0.027200 0.002100 0.044600 0.002100 0.055200 0.036000 0.021200 0.031400 0.025200 0.016600 0.027300 0.025100 0.042200 0.150800 0.036000 0.047000 0.057400 0.035800 0.012400 0.027300 0.033600 0.031500 0.029300 0.025100 0.004200 0.008300
MuntiacusM 0.047700 0.079800 0.059700 0.086700 0.050000 0.047700 0.048000 0.054900 0.057300 0.000000 0.045900 0.048100 0.043800 0.052700 0.048300 0.059200 0.043600 0.050100 0.045800 0.057300 0.054600 0.045800 0.030800 0.034900 0.050100 0.061400 0.043700 0.059500 0.059100 0.055000 0.008000 0.054800 0.044100 0.052000 0.043900 0.048000 0.046000 0.048000 0.056600 0.135500 0.026700 0.061500 0.008000 0.032800 0.043800 0.045900 0.052300 0.048600 0.046400 0.048000 0.057400 0.057500
goat 0.004100 0.053500 0.029500 0.054800 0.008200 0.004100 0.006100 0.016600 0.027300 0.045900 0.000000 0.018600 0.004100 0.010300 0.010300 0.020800 0.018600 0.020700 0.000000 0.027200 0.016500 0.000000 0.022800 0.027000 0.004100 0.022900 0.004100 0.029400 0.020700 0.025100 0.043800 0.012400 0.014500 0.012300 0.002000 0.018600 0.000000 0.006100 0.020600 0.137600 0.025000 0.022900 0.046000 0.024900 0.014400 0.004100 0.014400 0.010200 0.006100 0.022800 0.027300 0.027400
AfricanBuf 0.022600 0.055600 0.018800 0.059000 0.022700 0.022600 0.020700 0.031400 0.016600 0.048100 0.018600 0.000000 0.018600 0.025100 0.020800 0.035700 0.012300 0.022800 0.018600 0.016600 0.031300 0.018600 0.029200 0.029100 0.022800 0.037800 0.018600 0.018700 0.035600 0.014500 0.046000 0.027100 0.012500 0.022700 0.016600 0.008200 0.018700 0.020700 0.033300 0.140100 0.027200 0.037900 0.048200 0.027000 0.004100 0.018600 0.029100 0.022800 0.020600 0.020700 0.012500 0.016700
Topi 0.006100 0.056000 0.029500 0.057100 0.008200 0.006100 0.006100 0.016600 0.027300 0.043800 0.004100 0.018600 0.000000 0.010400 0.010300 0.020800 0.018600 0.020700 0.004100 0.027300 0.016600 0.004100 0.022900 0.027000 0.008200 0.022900 0.000000 0.029400 0.020800 0.025200 0.043900 0.012400 0.014600 0.008200 0.002100 0.018600 0.004100 0.006200 0.020700 0.138000 0.023000 0.023000 0.043900 0.024900 0.014500 0.004100 0.014400 0.012400 0.006100 0.022800 0.027400 0.027400
CommonDuik 0.014400 0.063000 0.036100 0.064100 0.014400 0.014400 0.008200 0.021900 0.033900 0.052700 0.010300 0.025100 0.010400 0.000000 0.016700 0.027300 0.025000 0.027100 0.010300 0.033800 0.022900 0.010300 0.029400 0.033600 0.014500 0.029400 0.010300 0.036000 0.027200 0.031700 0.050700 0.002100 0.021000 0.018600 0.008300 0.025000 0.010400 0.012400 0.027100 0.146200 0.031600 0.029500 0.052800 0.031400 0.020800 0.010300 0.020800 0.018700 0.012400 0.029300 0.033900 0.034000
Suni 0.014400 0.058500 0.031700 0.057100 0.014400 0.014400 0.012400 0.023000 0.029500 0.048300 0.010300 0.020800 0.010300 0.016700 0.000000 0.027200 0.020700 0.022800 0.010300 0.029500 0.022900 0.010300 0.025000 0.029200 0.014400 0.029300 0.010300 0.031600 0.027100 0.027300 0.046200 0.018700 0.016700 0.018500 0.008300 0.020700 0.010300 0.012400 0.027000 0.140500 0.027200 0.029400 0.048300 0.027100 0.016600 0.010300 0.020700 0.014500 0.010300 0.025000 0.029500 0.029600
Springbuck 0.024800 0.068600 0.044800 0.061600 0.020700 0.024800 0.022900 0.008300 0.042500 0.059200 0.020800 0.035700 0.020800 0.027300 0.027200 0.000000 0.031300 0.029200 0.020700 0.042500 0.012400 0.020800 0.035700 0.040000 0.025000 0.010300 0.020800 0.040300 0.008200 0.040300 0.057200 0.025100 0.031600 0.024800 0.018700 0.035600 0.020800 0.022900 0.012300 0.150700 0.038000 0.010400 0.059400 0.037800 0.031500 0.020800 0.010300 0.025000 0.022800 0.035700 0.042600 0.042700
Okapi 0.022600 0.057900 0.023000 0.061400 0.022700 0.022600 0.016500 0.027100 0.020900 0.043600 0.018600 0.012300 0.018600 0.025000 0.020700 0.031300 0.000000 0.014300 0.018500 0.020800 0.027200 0.018500 0.024900 0.024800 0.022700 0.033400 0.018500 0.022900 0.031200 0.018700 0.041500 0.027100 0.012400 0.022600 0.016500 0.012300 0.018600 0.020600 0.029000 0.134500 0.022800 0.033500 0.043700 0.022700 0.008200 0.018600 0.024800 0.022700 0.020600 0.020700 0.020900 0.020900
Giraffe 0.024800 0.060000 0.029400 0.068200 0.024800 0.020600 0.022700 0.025000 0.027200 0.050100 0.020700 0.022800 0.020700 0.027100 0.022800 0.029200 0.014300 0.000000 0.020600 0.027200 0.024900 0.020700 0.027000 0.031100 0.024900 0.031300 0.020600 0.029300 0.029100 0.025100 0.048000 0.029200 0.018900 0.028900 0.018600 0.022700 0.020800 0.022700 0.026900 0.142100 0.029200 0.027100 0.050200 0.029000 0.018600 0.020600 0.022700 0.024800 0.022600 0.027000 0.027300 0.027300
TibetanAnt 0.004000 0.053500 0.029400 0.054700 0.008200 0.004000 0.006100 0.016600 0.027200 0.045800 0.000000 0.018600 0.004100 0.010300 0.010300 0.020700 0.018500 0.020600 0.000000 0.027200 0.016500 0.000000 0.022800 0.026900 0.004100 0.022800 0.004100 0.029300 0.020700 0.025100 0.043700 0.012400 0.014500 0.012200 0.002000 0.018500 0.000000 0.006100 0.020600 0.137300 0.025000 0.022900 0.045900 0.024800 0.014400 0.004100 0.014400 0.010200 0.006100 0.022800 0.027300 0.027300
Sitatunga 0.031300 0.067800 0.006200 0.066500 0.027100 0.027100 0.029300 0.040300 0.000000 0.057300 0.027200 0.016600 0.027300 0.033800 0.029500 0.042500 0.020800 0.027200 0.027200 0.000000 0.040200 0.027200 0.038100 0.038000 0.031500 0.046900 0.027200 0.002100 0.044600 0.002100 0.055200 0.035900 0.021200 0.031300 0.025200 0.016600 0.027300 0.025100 0.042200 0.150700 0.036000 0.046900 0.057400 0.035800 0.012400 0.027200 0.033600 0.031500 0.029300 0.025100 0.004200 0.008300
Oribi 0.020600 0.067200 0.042500 0.061500 0.016500 0.020600 0.018600 0.008300 0.040200 0.054600 0.016500 0.031300 0.016600 0.022900 0.022900 0.012400 0.027200 0.024900 0.016500 0.040200 0.000000 0.016500 0.031300 0.035500 0.020700 0.014500 0.016500 0.038000 0.012400 0.038000 0.052500 0.020800 0.027200 0.016400 0.014500 0.027000 0.016500 0.018600 0.012300 0.147300 0.033600 0.014500 0.054700 0.033400 0.027100 0.016500 0.006100 0.020700 0.018500 0.033400 0.040200 0.040300
BarbaryShe 0.004100 0.053500 0.029500 0.054700 0.008200 0.004100 0.006100 0.016600 0.027200 0.045800 0.000000 0.018600 0.004100 0.010300 0.010300 0.020800 0.018500 0.020700 0.000000 0.027200 0.016500 0.000000 0.022800 0.027000 0.004100 0.022800 0.004100 0.029400 0.020700 0.025100 0.043800 0.012400 0.014500 0.012200 0.002000 0.018600 0.000000 0.006100 0.020600 0.137500 0.025000 0.022900 0.045900 0.024900 0.014400 0.004100 0.014400 0.010200 0.006100 0.022800 0.027300 0.027300
Daviddeer 0.026900 0.058300 0.040400 0.071000 0.026900 0.026900 0.024900 0.031500 0.038100 0.030800 0.022800 0.029200 0.022900 0.029400 0.025000 0.035700 0.024900 0.027000 0.022800 0.038100 0.031300 0.022800 0.000000 0.016400 0.027000 0.037800 0.022800 0.040200 0.035600 0.035900 0.028800 0.031400 0.025100 0.031100 0.020800 0.029200 0.022900 0.024900 0.033400 0.119500 0.006100 0.037900 0.030900 0.014300 0.025000 0.022800 0.029100 0.027100 0.024800 0.033400 0.038100 0.038200
Reindeer 0.031000 0.060100 0.040200 0.070800 0.031100 0.031000 0.029100 0.035700 0.038000 0.034900 0.027000 0.029100 0.027000 0.033600 0.029200 0.040000 0.024800 0.031100 0.026900 0.038000 0.035500 0.027000 0.016400 0.000000 0.031200 0.042100 0.027000 0.040100 0.039800 0.035800 0.032900 0.035600 0.025000 0.035200 0.024900 0.029100 0.027000 0.029100 0.037500 0.124000 0.014400 0.042200 0.035000 0.006100 0.024900 0.027000 0.033300 0.031200 0.029000 0.033300 0.038000 0.033800
Ibex 0.008100 0.057900 0.033700 0.059200 0.012300 0.008100 0.010200 0.020800 0.031500 0.050100 0.004100 0.022800 0.008200 0.014500 0.014400 0.025000 0.022700 0.024900 0.004100 0.031500 0.020700 0.004100 0.027000 0.031200 0.000000 0.027100 0.008200 0.033600 0.024900 0.029300 0.048100 0.016500 0.018700 0.016400 0.006100 0.022700 0.004100 0.010200 0.024800 0.140000 0.029200 0.027100 0.050200 0.029100 0.018600 0.008200 0.018500 0.014400 0.010200 0.027000 0.031500 0.031600
GyrantGaze 0.026900 0.066100 0.049200 0.061400 0.022800 0.026900 0.025000 0.010300 0.046900 0.061400 0.022900 0.037800 0.022900 0.029400 0.029300 0.010300 0.033400 0.031300 0.022800 0.046900 0.014500 0.022800 0.037800 0.042100 0.027100 0.000000 0.022900 0.044700 0.010300 0.044600 0.059300 0.027200 0.033700 0.026900 0.020800 0.037800 0.022900 0.025000 0.014400 0.147500 0.040100 0.004100 0.061500 0.039900 0.033600 0.022900 0.012400 0.027100 0.024900 0.040000 0.046900 0.047100
Hartebeest 0.006100 0.055800 0.029500 0.057000 0.008200 0.006100 0.006100 0.016600 0.027200 0.043700 0.004100 0.018600 0.000000 0.010300 0.010300 0.020800 0.018500 0.020600 0.004100 0.027200 0.016500 0.004100 0.022800 0.027000 0.008200 0.022900 0.000000 0.029300 0.020700 0.025100 0.043800 0.012400 0.014500 0.008100 0.002000 0.018600 0.004100 0.006100 0.020600 0.137600 0.022900 0.022900 0.043800 0.024900 0.014400 0.004100 0.014400 0.012300 0.006100 0.022800 0.027300 0.027300
Bongo 0.033400 0.070000 0.008300 0.064200 0.029300 0.029200 0.031500 0.038200 0.002100 0.059500 0.029400 0.018700 0.029400 0.036000 0.031600 0.040300 0.022900 0.029300 0.029300 0.002100 0.038000 0.029400 0.040200 0.040100 0.033600 0.044700 0.029300 0.000000 0.042400 0.004100 0.057400 0.038100 0.023300 0.033500 0.027300 0.018700 0.029400 0.027200 0.040100 0.153100 0.038200 0.044700 0.059600 0.038000 0.014500 0.029400 0.031500 0.029400 0.031400 0.025100 0.006200 0.010400
Gerenuk 0.024800 0.068200 0.046900 0.063600 0.020700 0.024800 0.022800 0.008200 0.044600 0.059100 0.020700 0.035600 0.020800 0.027200 0.027100 0.008200 0.031200 0.029100 0.020700 0.044600 0.012400 0.020700 0.035600 0.039800 0.024900 0.010300 0.020700 0.042400 0.000000 0.042400 0.057000 0.025000 0.031500 0.024800 0.018700 0.035500 0.020800 0.022800 0.012300 0.147800 0.037900 0.010300 0.059200 0.037700 0.031400 0.020700 0.010300 0.024900 0.022700 0.037700 0.044700 0.044800
CommonElan 0.029200 0.065500 0.004200 0.064200 0.025000 0.024900 0.027200 0.038200 0.002100 0.055000 0.025100 0.014500 0.025200 0.031700 0.027300 0.040300 0.018700 0.025100 0.025100 0.002100 0.038000 0.025100 0.035900 0.035800 0.029300 0.044600 0.025100 0.004100 0.042400 0.000000 0.053000 0.033800 0.019000 0.029200 0.023000 0.014500 0.025200 0.023000 0.040000 0.148200 0.033800 0.044700 0.055100 0.033600 0.010300 0.025100 0.035700 0.029400 0.027100 0.023000 0.002100 0.006200
MuntiacusR 0.047800 0.073100 0.057600 0.082200 0.047900 0.047800 0.045900 0.052800 0.055200 0.008000 0.043800 0.046000 0.043900 0.050700 0.046200 0.057200 0.041500 0.048000 0.043700 0.055200 0.052500 0.043800 0.028800 0.032900 0.048100 0.059300 0.043800 0.057400 0.057000 0.053000 0.000000 0.052700 0.042000 0.052100 0.041800 0.045900 0.043900 0.045900 0.054600 0.133300 0.026800 0.059400 0.014100 0.030800 0.041800 0.043800 0.050200 0.046500 0.044300 0.048100 0.055300 0.055400
HarveysDui 0.016500 0.062800 0.038200 0.061600 0.016500 0.016500 0.010300 0.019500 0.036000 0.054800 0.012400 0.027100 0.012400 0.002100 0.018700 0.025100 0.027100 0.029200 0.012400 0.035900 0.020800 0.012400 0.031400 0.035600 0.016500 0.027200 0.012400 0.038100 0.025000 0.033800 0.052700 0.000000 0.023000 0.016400 0.010300 0.027100 0.012400 0.014500 0.024900 0.148300 0.033700 0.027200 0.054900 0.033500 0.022900 0.012400 0.018600 0.020700 0.014400 0.031400 0.036000 0.036100
Pronghorn 0.018600 0.054000 0.023400 0.055000 0.018700 0.018700 0.016600 0.027300 0.021200 0.044100 0.014500 0.012500 0.014600 0.021000 0.016700 0.031600 0.012400 0.018900 0.014500 0.021200 0.027200 0.014500 0.025100 0.025000 0.018700 0.033700 0.014500 0.023300 0.031500 0.019000 0.042000 0.023000 0.000000 0.022900 0.012500 0.012500 0.014600 0.016600 0.029300 0.135800 0.023100 0.033800 0.044200 0.022900 0.008300 0.014500 0.025000 0.018700 0.016600 0.016600 0.021200 0.021300
BlueWildeb 0.014200 0.062200 0.033600 0.061100 0.016300 0.014200 0.014300 0.020700 0.031400 0.052000 0.012300 0.022700 0.008200 0.018600 0.018500 0.024800 0.022600 0.028900 0.012200 0.031300 0.016400 0.012200 0.031100 0.035200 0.016400 0.026900 0.008100 0.033500 0.024800 0.029200 0.052100 0.016400 0.022900 0.000000 0.010200 0.018500 0.012300 0.014300 0.024700 0.146500 0.031200 0.027000 0.052100 0.033100 0.018500 0.012300 0.018400 0.020500 0.014300 0.031100 0.031400 0.031500
Gemsbok 0.006100 0.053700 0.027400 0.054800 0.006100 0.006100 0.004100 0.014500 0.025200 0.043900 0.002000 0.016600 0.002100 0.008300 0.008300 0.018700 0.016500 0.018600 0.002000 0.025200 0.014500 0.002000 0.020800 0.024900 0.006100 0.020800 0.002000 0.027300 0.018700 0.023000 0.041800 0.010300 0.012500 0.010200 0.000000 0.016500 0.002100 0.004100 0.018600 0.135100 0.023000 0.020800 0.043900 0.022800 0.012400 0.002000 0.012400 0.010300 0.004100 0.020700 0.025200 0.025300
Yak 0.022600 0.057900 0.018700 0.061500 0.022700 0.022600 0.020600 0.031400 0.016600 0.048000 0.018600 0.008200 0.018600 0.025000 0.020700 0.035600 0.012300 0.022700 0.018500 0.016600 0.027000 0.018600 0.029200 0.029100 0.022700 0.037800 0.018600 0.018700 0.035500 0.014500 0.045900 0.027100 0.012500 0.018500 0.016500 0.000000 0.018600 0.020600 0.033300 0.139800 0.027100 0.037800 0.048100 0.027000 0.004100 0.018600 0.029100 0.022800 0.020600 0.020700 0.016600 0.016700
BlueSheep 0.004100 0.053700 0.029500 0.054800 0.008200 0.004100 0.006100 0.016600 0.027300 0.046000 0.000000 0.018700 0.004100 0.010400 0.010300 0.020800 0.018600 0.020800 0.000000 0.027300 0.016500 0.000000 0.022900 0.027000 0.004100 0.022900 0.004100 0.029400 0.020800 0.025200 0.043900 0.012400 0.014600 0.012300 0.002100 0.018600 0.000000 0.006100 0.020700 0.137900 0.025100 0.023000 0.046100 0.024900 0.014500 0.004100 0.014400 0.010300 0.006100 0.022800 0.027400 0.027400
BohorReedb 0.010200 0.058200 0.027300 0.059100 0.002000 0.010200 0.008200 0.018700 0.025100 0.048000 0.006100 0.020700 0.006200 0.012400 0.012400 0.022900 0.020600 0.022700 0.006100 0.025100 0.018600 0.006100 0.024900 0.029100 0.010200 0.025000 0.006100 0.027200 0.022800 0.023000 0.045900 0.014500 0.016600 0.014300 0.004100 0.020600 0.006100 0.000000 0.022700 0.139800 0.027100 0.025000 0.048100 0.027000 0.016500 0.006100 0.016500 0.014400 0.008200 0.024900 0.025100 0.029500
KirksDik 0.024700 0.066000 0.044500 0.058900 0.020600 0.024700 0.022700 0.008200 0.042200 0.056600 0.020600 0.033300 0.020700 0.027100 0.027000 0.012300 0.029000 0.026900 0.020600 0.042200 0.012300 0.020600 0.033400 0.037500 0.024800 0.014400 0.020600 0.040100 0.012300 0.040000 0.054600 0.024900 0.029300 0.024700 0.018600 0.033300 0.020700 0.022700 0.000000 0.146900 0.035600 0.014400 0.056700 0.035400 0.029100 0.020600 0.010200 0.024800 0.022700 0.035400 0.042300 0.042400
RoeDeer 0.141600 0.172400 0.153700 0.189800 0.141800 0.141600 0.139900 0.145500 0.150800 0.135500 0.137600 0.140100 0.138000 0.146200 0.140500 0.150700 0.134500 0.142100 0.137300 0.150700 0.147300 0.137500 0.119500 0.124000 0.140000 0.147500 0.137600 0.153100 0.147800 0.148200 0.133300 0.148300 0.135800 0.146500 0.135100 0.139800 0.137900 0.139800 0.146900 0.000000 0.117400 0.153200 0.133100 0.121600 0.135200 0.137600 0.144400 0.142600 0.140500 0.144600 0.151100 0.151400
WhiteLippe 0.024800 0.056200 0.038300 0.068900 0.029100 0.024800 0.027100 0.033700 0.036000 0.026700 0.025000 0.027200 0.023000 0.031600 0.027200 0.038000 0.022800 0.029200 0.025000 0.036000 0.033600 0.025000 0.006100 0.014400 0.029200 0.040100 0.022900 0.038200 0.037900 0.033800 0.026800 0.033700 0.023100 0.031200 0.023000 0.027100 0.025100 0.027100 0.035600 0.117400 0.000000 0.040200 0.026800 0.012300 0.022900 0.025000 0.031300 0.029300 0.027000 0.031400 0.036100 0.036200
ThomsonGaz 0.027000 0.066200 0.049300 0.061600 0.022800 0.027000 0.025000 0.010400 0.047000 0.061500 0.022900 0.037900 0.023000 0.029500 0.029400 0.010400 0.033500 0.027100 0.022900 0.046900 0.014500 0.022900 0.037900 0.042200 0.027100 0.004100 0.022900 0.044700 0.010300 0.044700 0.059400 0.027200 0.033800 0.027000 0.020800 0.037800 0.023000 0.025000 0.014400 0.153200 0.040200 0.000000 0.061600 0.040000 0.033600 0.022900 0.012400 0.027100 0.025000 0.040100 0.047000 0.047100
MuntiacusC 0.047800 0.080000 0.059800 0.091600 0.050100 0.047800 0.048000 0.055000 0.057400 0.008000 0.046000 0.048200 0.043900 0.052800 0.048300 0.059400 0.043700 0.050200 0.045900 0.057400 0.054700 0.045900 0.030900 0.035000 0.050200 0.061500 0.043800 0.059600 0.059200 0.055100 0.014100 0.054900 0.044200 0.052100 0.043900 0.048100 0.046100 0.048100 0.056700 0.133100 0.026800 0.061600 0.000000 0.032900 0.043900 0.046000 0.052400 0.048600 0.046400 0.052500 0.057500 0.057600
WhiteTaile 0.024700 0.053500 0.038100 0.068400 0.029000 0.028900 0.027000 0.033500 0.035800 0.032800 0.024900 0.027000 0.024900 0.031400 0.027100 0.037800 0.022700 0.029000 0.024800 0.035800 0.033400 0.024900 0.014300 0.006100 0.029100 0.039900 0.024900 0.038000 0.037700 0.033600 0.030800 0.033500 0.022900 0.033100 0.022800 0.027000 0.024900 0.027000 0.035400 0.121600 0.012300 0.040000 0.032900 0.000000 0.022800 0.024900 0.031200 0.029100 0.026900 0.031200 0.035900 0.031700
Cattle 0.018500 0.053700 0.014600 0.057100 0.018600 0.018500 0.016500 0.027200 0.012400 0.043800 0.014400 0.004100 0.014500 0.020800 0.016600 0.031500 0.008200 0.018600 0.014400 0.012400 0.027100 0.014400 0.025000 0.024900 0.018600 0.033600 0.014400 0.014500 0.031400 0.010300 0.041800 0.022900 0.008300 0.018500 0.012400 0.004100 0.014500 0.016500 0.029100 0.135200 0.022900 0.033600 0.043900 0.022800 0.000000 0.014400 0.024900 0.018600 0.016500 0.016500 0.012500 0.012500
RoyalAntel 0.008100 0.056000 0.029500 0.057000 0.008200 0.008100 0.006100 0.016600 0.027300 0.045900 0.004100 0.018600 0.004100 0.010300 0.010300 0.020800 0.018600 0.020600 0.004100 0.027200 0.016500 0.004100 0.022800 0.027000 0.008200 0.022900 0.004100 0.029400 0.020700 0.025100 0.043800 0.012400 0.014500 0.012300 0.002000 0.018600 0.004100 0.006100 0.020600 0.137600 0.025000 0.022900 0.046000 0.024900 0.014400 0.000000 0.014400 0.008200 0.006100 0.022800 0.027300 0.027300
Steenbok 0.018400 0.064800 0.040200 0.059100 0.014300 0.018400 0.016500 0.006200 0.033600 0.052300 0.014400 0.029100 0.014400 0.020800 0.020700 0.010300 0.024800 0.022700 0.014400 0.033600 0.006100 0.014400 0.029100 0.033300 0.018500 0.012400 0.014400 0.031500 0.010300 0.035700 0.050200 0.018600 0.025000 0.018400 0.012400 0.029100 0.014400 0.016500 0.010200 0.144400 0.031300 0.012400 0.052400 0.031200 0.024900 0.014400 0.000000 0.018500 0.016400 0.031200 0.038000 0.038100
Impala 0.014300 0.055700 0.033800 0.054700 0.016400 0.014300 0.014400 0.020800 0.031500 0.048600 0.010200 0.022800 0.012400 0.018700 0.014500 0.025000 0.022700 0.024800 0.010200 0.031500 0.020700 0.010200 0.027100 0.031200 0.014400 0.027100 0.012300 0.029400 0.024900 0.029400 0.046500 0.020700 0.018700 0.020500 0.010300 0.022800 0.010300 0.014400 0.024800 0.142600 0.029300 0.027100 0.048600 0.029100 0.018600 0.008200 0.018500 0.000000 0.014400 0.024900 0.031600 0.031700
Klipspring 0.010200 0.057900 0.031500 0.059100 0.010200 0.010200 0.008200 0.018600 0.029300 0.046400 0.006100 0.020600 0.006100 0.012400 0.010300 0.022800 0.020600 0.022600 0.006100 0.029300 0.018500 0.006100 0.024800 0.029000 0.010200 0.024900 0.006100 0.031400 0.022700 0.027100 0.044300 0.014400 0.016600 0.014300 0.004100 0.020600 0.006100 0.008200 0.022700 0.140500 0.027000 0.025000 0.046400 0.026900 0.016500 0.006100 0.016400 0.014400 0.000000 0.024800 0.029300 0.029400
ForestMusk 0.026800 0.062500 0.027300 0.054700 0.026900 0.026800 0.024900 0.033600 0.025100 0.048000 0.022800 0.020700 0.022800 0.029300 0.025000 0.035700 0.020700 0.027000 0.022800 0.025100 0.033400 0.022800 0.033400 0.033300 0.027000 0.040000 0.022800 0.025100 0.037700 0.023000 0.048100 0.031400 0.016600 0.031100 0.020700 0.020700 0.022800 0.024900 0.035400 0.144600 0.031400 0.040100 0.052500 0.031200 0.016500 0.022800 0.031200 0.024900 0.024800 0.000000 0.025200 0.025200
Bushbuck 0.031400 0.065300 0.006300 0.063800 0.027200 0.027100 0.029400 0.040400 0.004200 0.057400 0.027300 0.012500 0.027400 0.033900 0.029500 0.042600 0.020900 0.027300 0.027300 0.004200 0.040200 0.027300 0.038100 0.038000 0.031500 0.046900 0.027300 0.006200 0.044700 0.002100 0.055300 0.036000 0.021200 0.031400 0.025200 0.016600 0.027400 0.025100 0.042300 0.151100 0.036100 0.047000 0.057500 0.035900 0.012500 0.027300 0.038000 0.031600 0.029300 0.025200 0.000000 0.008400
GreaterKud 0.031500 0.068200 0.010500 0.066800 0.031500 0.027200 0.029400 0.040500 0.008300 0.057500 0.027400 0.016700 0.027400 0.034000 0.029600 0.042700 0.020900 0.027300 0.027300 0.008300 0.040300 0.027300 0.038200 0.033800 0.031600 0.047100 0.027300 0.010400 0.044800 0.006200 0.055400 0.036100 0.021300 0.031500 0.025300 0.016700 0.027400 0.029500 0.042400 0.151400 0.036200 0.047100 0.057600 0.031700 0.012500 0.027300 0.038100 0.031700 0.029400 0.025200 0.008400 0.000000
