1
52 1
Argali 0.000000 0.347800 0.056700 0.294100 0.161600 0.000000 0.037900 0.078400 0.076000 0.116700 0.018400 0.057000 0.076100 0.076000 0.077700 0.057700 0.138800 0.140500 0.000000 0.096700 0.037900 0.000000 0.140500 0.142500 0.000000 0.077900 0.056700 0.119100 0.076500 0.076500 0.160900 0.037500 0.141100 0.037500 0.037500 0.096300 0.000000 0.096600 0.118000 0.119400 0.140400 0.096200 0.137500 0.141400 0.075900 0.076800 0.098500 0.057500 0.076100 0.076800 0.097000 0.096300
LesserMous 0.347800 0.000000 0.346600 0.292300 0.466000 0.347800 0.289300 0.357100 0.371800 0.367000 0.374900 0.317200 0.399900 0.371300 0.382200 0.323600 0.289500 0.349900 0.347800 0.375100 0.292800 0.347800 0.379200 0.353600 0.347800 0.321500 0.373700 0.288900 0.342700 0.343400 0.341400 0.318500 0.354100 0.345300 0.345300 0.313600 0.347800 0.368500 0.407300 0.323000 0.321200 0.340400 0.336100 0.382600 0.340300 0.316200 0.348100 0.350400 0.342000 0.408300 0.346600 0.339500
LesserKudu 0.056700 0.346600 0.000000 0.292500 0.231100 0.056700 0.097800 0.098700 0.018300 0.095600 0.076000 0.037400 0.137600 0.095700 0.140300 0.057500 0.116400 0.118200 0.056700 0.035300 0.057300 0.056700 0.161900 0.164100 0.056700 0.098100 0.117000 0.057100 0.096300 0.018400 0.138200 0.096900 0.209000 0.096600 0.096600 0.075900 0.056700 0.160000 0.138900 0.140400 0.118200 0.116300 0.115900 0.163000 0.056100 0.096700 0.098100 0.119400 0.095800 0.096800 0.037300 0.037100
KillerWhal 0.294100 0.292300 0.292500 0.000000 0.431300 0.294100 0.298000 0.241900 0.265400 0.263300 0.319000 0.267000 0.241100 0.316500 0.245500 0.270600 0.196100 0.171500 0.294100 0.291500 0.244600 0.294100 0.242700 0.297600 0.294100 0.298700 0.267700 0.268500 0.241300 0.264700 0.267700 0.268200 0.220600 0.242800 0.242800 0.319600 0.294100 0.341700 0.244000 0.243600 0.242600 0.240200 0.237600 0.294900 0.291300 0.242800 0.244000 0.272700 0.241000 0.266400 0.266700 0.290900
DefassaWat 0.161600 0.466000 0.231100 0.431300 0.000000 0.161600 0.141000 0.165300 0.254100 0.303500 0.139500 0.207800 0.205800 0.205700 0.164300 0.186500 0.283100 0.282000 0.161600 0.280600 0.163000 0.161600 0.281900 0.285900 0.161600 0.210200 0.183900 0.257900 0.206700 0.254200 0.307100 0.139800 0.210500 0.161500 0.161500 0.279200 0.161600 0.056500 0.255800 0.233900 0.258200 0.205900 0.276500 0.284100 0.253600 0.161500 0.234900 0.186100 0.183300 0.207800 0.256600 0.279200
Sheep 0.000000 0.347800 0.056700 0.294100 0.161600 0.000000 0.036800 0.078700 0.076000 0.116700 0.018400 0.057000 0.076100 0.076000 0.077700 0.057700 0.138800 0.140500 0.000000 0.096700 0.037900 0.000000 0.140500 0.142500 0.000000 0.077900 0.056700 0.119100 0.076500 0.076500 0.160900 0.037500 0.141100 0.037400 0.037500 0.096300 0.000000 0.096600 0.118000 0.119400 0.140400 0.096200 0.137500 0.141400 0.075900 0.076800 0.098500 0.057500 0.076100 0.076800 0.097000 0.096300
MaxwellsDu 0.037900 0.289300 0.097800 0.298000 0.141000 0.036800 0.000000 0.079200 0.117900 0.161400 0.057100 0.098300 0.077000 0.076700 0.078600 0.058200 0.142000 0.142200 0.037900 0.140100 0.038300 0.037100 0.142100 0.144300 0.037900 0.078500 0.057300 0.120300 0.077300 0.118800 0.163000 0.037900 0.142900 0.037900 0.037900 0.139400 0.037900 0.077000 0.119200 0.120600 0.141900 0.097100 0.139200 0.142900 0.117700 0.057500 0.099700 0.058100 0.076800 0.119300 0.140600 0.139600
GazellaPrz 0.078400 0.357100 0.098700 0.241900 0.165300 0.078700 0.079200 0.000000 0.118900 0.162500 0.057900 0.099200 0.119300 0.118900 0.079600 0.058800 0.143100 0.121000 0.078400 0.141400 0.036900 0.078400 0.120900 0.122800 0.078400 0.079500 0.098700 0.121500 0.078000 0.120000 0.164300 0.078400 0.122100 0.078200 0.078200 0.140700 0.078400 0.141200 0.120200 0.099900 0.120800 0.097900 0.140300 0.121600 0.118700 0.078300 0.100500 0.100200 0.119100 0.098700 0.141900 0.140700
MountainNy 0.076000 0.371800 0.018300 0.265400 0.254100 0.076000 0.117900 0.118900 0.000000 0.075600 0.095600 0.056400 0.116500 0.115600 0.161300 0.077000 0.095000 0.097200 0.076000 0.056000 0.076700 0.076000 0.139500 0.185400 0.076000 0.118200 0.096100 0.076500 0.116200 0.036900 0.117000 0.116800 0.231200 0.076200 0.076200 0.056100 0.076000 0.181200 0.117300 0.161100 0.138500 0.095600 0.095400 0.184200 0.036900 0.116700 0.077300 0.139300 0.075700 0.116700 0.056200 0.018300
MuntiacusM 0.116700 0.367000 0.095600 0.263300 0.303500 0.116700 0.161400 0.162500 0.075600 0.000000 0.137200 0.095800 0.159400 0.158100 0.207500 0.139500 0.136800 0.139200 0.116700 0.136900 0.117700 0.116700 0.097100 0.139900 0.116700 0.118800 0.138500 0.160100 0.117000 0.115600 0.037600 0.159600 0.230000 0.117400 0.117400 0.137100 0.116700 0.227400 0.117500 0.118000 0.096800 0.096200 0.018300 0.139400 0.115900 0.159600 0.118600 0.183800 0.116500 0.158800 0.137300 0.095400
goat 0.018400 0.374900 0.076000 0.319000 0.139500 0.018400 0.057100 0.057900 0.095600 0.137200 0.000000 0.076500 0.095900 0.095600 0.057400 0.077300 0.160100 0.161700 0.018400 0.116700 0.057200 0.018000 0.161600 0.163800 0.018400 0.097900 0.076100 0.139900 0.096200 0.096100 0.182500 0.056600 0.119200 0.056600 0.056600 0.116200 0.018400 0.116700 0.138600 0.140000 0.161500 0.116200 0.158400 0.162600 0.095400 0.096600 0.119000 0.077100 0.095800 0.096600 0.117100 0.116400
AfricanBuf 0.057000 0.317200 0.037400 0.267000 0.207800 0.057000 0.098300 0.099200 0.056400 0.095800 0.076500 0.000000 0.137900 0.096300 0.141300 0.077900 0.115800 0.118400 0.057000 0.076500 0.057600 0.057000 0.162100 0.164200 0.057000 0.098700 0.117700 0.097700 0.096900 0.056500 0.138900 0.057000 0.162700 0.097200 0.097200 0.117400 0.057000 0.139200 0.139600 0.098300 0.077200 0.076100 0.116000 0.163100 0.096300 0.097200 0.098700 0.119500 0.056400 0.097000 0.037400 0.075700
Topi 0.076100 0.399900 0.137600 0.241100 0.205800 0.076100 0.077000 0.119300 0.116500 0.159400 0.095900 0.137900 0.000000 0.116100 0.118700 0.097300 0.097700 0.097900 0.076100 0.181200 0.076800 0.076100 0.139600 0.185700 0.076100 0.118500 0.018500 0.160800 0.076400 0.158700 0.161500 0.076100 0.140300 0.037400 0.037400 0.137200 0.076100 0.137600 0.076900 0.161300 0.183500 0.096100 0.137500 0.184100 0.116100 0.076600 0.098200 0.057300 0.076100 0.117100 0.181900 0.137500
CommonDuik 0.076000 0.371300 0.095700 0.316500 0.205700 0.076000 0.076700 0.118900 0.115600 0.158100 0.095600 0.096300 0.116100 0.000000 0.118100 0.097200 0.138900 0.138800 0.076000 0.137100 0.076600 0.076000 0.183100 0.185500 0.076000 0.118200 0.095900 0.117600 0.116400 0.116100 0.159300 0.076000 0.184000 0.075900 0.075900 0.180200 0.076000 0.137200 0.159500 0.161000 0.138500 0.136600 0.136300 0.139400 0.157900 0.116800 0.118300 0.097100 0.074600 0.159600 0.137500 0.136900
Suni 0.077700 0.382200 0.140300 0.245500 0.164300 0.077700 0.078600 0.079600 0.161300 0.207500 0.057400 0.141300 0.118700 0.118100 0.000000 0.099400 0.187700 0.188100 0.077700 0.139900 0.078500 0.077100 0.187900 0.190900 0.077700 0.121300 0.098100 0.120200 0.119100 0.118700 0.209800 0.077700 0.143800 0.077700 0.077700 0.183800 0.077700 0.140100 0.163300 0.165200 0.187700 0.139600 0.184000 0.189000 0.160900 0.119500 0.143300 0.099500 0.118300 0.163400 0.140400 0.184200
Springbuck 0.057700 0.323600 0.057500 0.270600 0.186500 0.057700 0.058200 0.058800 0.077000 0.139500 0.077300 0.077900 0.097300 0.097200 0.099400 0.000000 0.120300 0.120400 0.057700 0.098000 0.018500 0.057700 0.120500 0.122200 0.057700 0.058500 0.077400 0.078500 0.057400 0.077600 0.140700 0.057700 0.165600 0.057500 0.057500 0.097600 0.057700 0.118700 0.098300 0.099600 0.120400 0.076900 0.117800 0.121200 0.076900 0.057700 0.078800 0.078600 0.097300 0.098400 0.098300 0.097600
Okapi 0.138800 0.289500 0.116400 0.196100 0.283100 0.138800 0.142000 0.143100 0.095000 0.136800 0.160100 0.115800 0.097700 0.138900 0.187700 0.120300 0.000000 0.038400 0.138800 0.159900 0.098800 0.138800 0.164000 0.212100 0.138800 0.142300 0.119100 0.098200 0.097900 0.136800 0.140900 0.140600 0.165700 0.098300 0.098300 0.116300 0.138800 0.207700 0.098700 0.187100 0.163300 0.118300 0.117600 0.210600 0.094800 0.098300 0.099700 0.120700 0.097500 0.138000 0.160400 0.072800
Giraffe 0.140500 0.349900 0.118200 0.171500 0.282000 0.140500 0.142200 0.121000 0.097200 0.139200 0.161700 0.118400 0.097900 0.138800 0.188100 0.120400 0.038400 0.000000 0.140500 0.161300 0.099000 0.140500 0.120000 0.165700 0.140500 0.142600 0.119300 0.141000 0.098100 0.139200 0.141300 0.140500 0.121300 0.098400 0.098400 0.161400 0.140500 0.207200 0.098800 0.141800 0.119500 0.118300 0.117800 0.163900 0.139100 0.098400 0.099900 0.121000 0.097500 0.097800 0.161800 0.117700
TibetanAnt 0.000000 0.347800 0.056700 0.294100 0.161600 0.000000 0.037900 0.078400 0.076000 0.116700 0.018400 0.057000 0.076100 0.076000 0.077700 0.057700 0.138800 0.140500 0.000000 0.096700 0.037900 0.000000 0.140500 0.142500 0.000000 0.077900 0.056700 0.119100 0.076500 0.076500 0.160900 0.037500 0.141100 0.037500 0.036800 0.096300 0.000000 0.096600 0.118000 0.119400 0.140400 0.096200 0.137500 0.141400 0.075900 0.076800 0.098500 0.057500 0.076100 0.076800 0.097700 0.096300
Sitatunga 0.096700 0.375100 0.035300 0.291500 0.280600 0.096700 0.140100 0.141400 0.056000 0.136900 0.116700 0.076500 0.181200 0.137100 0.139900 0.098000 0.159900 0.161300 0.096700 0.000000 0.097700 0.096700 0.207300 0.210300 0.096700 0.140600 0.159800 0.057000 0.137900 0.018300 0.181900 0.138900 0.257400 0.138400 0.138400 0.116500 0.097100 0.205200 0.182800 0.185000 0.161400 0.158700 0.158000 0.208900 0.095600 0.138500 0.140700 0.162300 0.137200 0.138700 0.037200 0.075700
Oribi 0.037900 0.292800 0.057300 0.244600 0.163000 0.037900 0.038300 0.036900 0.076700 0.117700 0.057200 0.057600 0.076800 0.076600 0.078500 0.018500 0.098800 0.099000 0.037900 0.097700 0.000000 0.037900 0.099000 0.100400 0.036400 0.038500 0.057200 0.078300 0.037700 0.077300 0.118800 0.037900 0.142800 0.037900 0.037900 0.097300 0.036700 0.097400 0.077500 0.078600 0.098900 0.056900 0.096800 0.099500 0.076600 0.036400 0.058300 0.058100 0.076700 0.077600 0.098000 0.097200
BarbaryShe 0.000000 0.347800 0.056700 0.294100 0.161600 0.000000 0.037100 0.078400 0.076000 0.116700 0.018000 0.057000 0.076100 0.076000 0.077100 0.057700 0.138800 0.140500 0.000000 0.096700 0.037900 0.000000 0.140500 0.142500 0.000000 0.077900 0.056700 0.119100 0.076500 0.076500 0.160900 0.037500 0.141100 0.036500 0.037500 0.096300 0.000000 0.096600 0.118000 0.119800 0.140400 0.096200 0.137500 0.141400 0.075900 0.077500 0.098500 0.057500 0.076100 0.076800 0.097000 0.096300
Daviddeer 0.140500 0.379200 0.161900 0.242700 0.281900 0.140500 0.142100 0.120900 0.139500 0.097100 0.161600 0.162100 0.139600 0.183100 0.187900 0.120500 0.164000 0.120000 0.140500 0.207300 0.099000 0.140500 0.000000 0.078900 0.140500 0.142500 0.119100 0.186300 0.139800 0.183900 0.098500 0.140500 0.163800 0.098300 0.098300 0.161700 0.140500 0.207100 0.098600 0.058000 0.078000 0.118100 0.076700 0.078200 0.139200 0.140400 0.121200 0.164400 0.139800 0.139700 0.208100 0.161100
Reindeer 0.142500 0.353600 0.164100 0.297600 0.285900 0.142500 0.144300 0.122800 0.185400 0.139900 0.163800 0.164200 0.185700 0.185500 0.190900 0.122200 0.212100 0.165700 0.142500 0.210300 0.100400 0.142500 0.078900 0.000000 0.142500 0.144700 0.164300 0.189100 0.141800 0.186700 0.142700 0.142500 0.166400 0.142300 0.142300 0.209100 0.142500 0.210000 0.142400 0.058900 0.079100 0.162800 0.118900 0.079300 0.185000 0.142400 0.167100 0.167000 0.185900 0.141600 0.211100 0.208200
Ibex 0.000000 0.347800 0.056700 0.294100 0.161600 0.000000 0.037900 0.078400 0.076000 0.116700 0.018400 0.057000 0.076100 0.076000 0.077700 0.057700 0.138800 0.140500 0.000000 0.096700 0.036400 0.000000 0.140500 0.142500 0.000000 0.077900 0.056700 0.119100 0.076500 0.076500 0.160900 0.037500 0.141100 0.037500 0.036000 0.096300 0.000000 0.096600 0.118000 0.119400 0.140400 0.096200 0.137500 0.141400 0.075900 0.076800 0.098500 0.057500 0.076100 0.076800 0.097000 0.096300
GyrantGaze 0.077900 0.321500 0.098100 0.298700 0.210200 0.077900 0.078500 0.079500 0.118200 0.118800 0.097900 0.098700 0.118500 0.118200 0.121300 0.058500 0.142300 0.142600 0.077900 0.140600 0.038500 0.077900 0.142500 0.144700 0.077900 0.000000 0.098800 0.120700 0.038000 0.119300 0.120000 0.077900 0.189300 0.077800 0.077800 0.139900 0.077900 0.140300 0.119600 0.121100 0.141800 0.057300 0.097700 0.143400 0.118100 0.077800 0.100000 0.057600 0.118400 0.119600 0.141100 0.139900
Hartebeest 0.056700 0.373700 0.117000 0.267700 0.183900 0.056700 0.057300 0.098700 0.096100 0.138500 0.076100 0.117700 0.018500 0.095900 0.098100 0.077400 0.119100 0.119300 0.056700 0.159800 0.057200 0.056700 0.119100 0.164300 0.056700 0.098800 0.000000 0.140100 0.096600 0.138300 0.139900 0.056700 0.162800 0.018200 0.018600 0.116800 0.056700 0.116900 0.097300 0.140100 0.161700 0.076200 0.117100 0.162800 0.096000 0.096900 0.077900 0.077300 0.056600 0.138900 0.160300 0.117200
Bongo 0.119100 0.288900 0.057100 0.268500 0.257900 0.119100 0.120300 0.121500 0.076500 0.160100 0.139900 0.097700 0.160800 0.117600 0.120200 0.078500 0.098200 0.141000 0.119100 0.057000 0.078300 0.119100 0.186300 0.189100 0.119100 0.120700 0.140100 0.000000 0.118500 0.037500 0.162100 0.119100 0.235600 0.118900 0.118900 0.097100 0.119100 0.184600 0.162600 0.164700 0.141400 0.139000 0.138000 0.187600 0.076500 0.119000 0.120800 0.142200 0.117700 0.161600 0.057100 0.056600
Gerenuk 0.076500 0.342700 0.096300 0.241300 0.206700 0.076500 0.077300 0.078000 0.116200 0.117000 0.096200 0.096900 0.076400 0.116400 0.119100 0.057400 0.097900 0.098100 0.076500 0.137900 0.037700 0.076500 0.139800 0.141800 0.076500 0.038000 0.096600 0.118500 0.000000 0.117000 0.118100 0.077100 0.141400 0.076500 0.076500 0.137200 0.076500 0.138000 0.076800 0.118600 0.139600 0.056400 0.096200 0.140500 0.116000 0.037500 0.098100 0.057500 0.116500 0.076800 0.138400 0.137500
CommonElan 0.076500 0.343400 0.018400 0.264700 0.254200 0.076500 0.118800 0.120000 0.036900 0.115600 0.096100 0.056500 0.158700 0.116100 0.118700 0.077600 0.136800 0.139200 0.076500 0.018300 0.077300 0.076500 0.183900 0.186700 0.076500 0.119300 0.138300 0.037500 0.117000 0.000000 0.160100 0.117600 0.232300 0.117400 0.117400 0.095800 0.076500 0.182200 0.160600 0.162600 0.139700 0.137300 0.136300 0.185100 0.075500 0.117500 0.119300 0.140500 0.116300 0.117100 0.018400 0.055900
MuntiacusR 0.160900 0.341400 0.138200 0.267700 0.307100 0.160900 0.163000 0.164300 0.117000 0.037600 0.182500 0.138900 0.161500 0.159300 0.209800 0.140700 0.140900 0.141300 0.160900 0.181900 0.118800 0.160900 0.098500 0.142700 0.160900 0.120000 0.139900 0.162100 0.118100 0.160100 0.000000 0.160900 0.233600 0.118500 0.118500 0.182000 0.160900 0.228900 0.118800 0.119100 0.097700 0.097000 0.018600 0.141300 0.159500 0.161200 0.120100 0.185700 0.117500 0.206300 0.182500 0.138300
HarveysDui 0.037500 0.318500 0.096900 0.268200 0.139800 0.037500 0.037900 0.078400 0.116800 0.159600 0.056600 0.057000 0.076100 0.076000 0.077700 0.057700 0.140600 0.140500 0.037500 0.138900 0.037900 0.037500 0.140500 0.142500 0.037500 0.077900 0.056700 0.119100 0.077100 0.117600 0.160900 0.000000 0.098300 0.037500 0.037500 0.138400 0.036400 0.076400 0.118000 0.077600 0.097700 0.056300 0.137500 0.141400 0.116800 0.076800 0.098500 0.057500 0.037100 0.118200 0.097000 0.138400
Pronghorn 0.141100 0.354100 0.209000 0.220600 0.210500 0.141100 0.142900 0.122100 0.231200 0.230000 0.119200 0.162700 0.140300 0.184000 0.143800 0.165600 0.165700 0.121300 0.141100 0.257400 0.142800 0.141100 0.163800 0.166400 0.141100 0.189300 0.162800 0.235600 0.141400 0.232300 0.233600 0.098300 0.000000 0.141100 0.141100 0.255700 0.141100 0.185300 0.187100 0.099100 0.120000 0.161400 0.205900 0.164700 0.230500 0.142000 0.213200 0.121500 0.139700 0.141200 0.209100 0.255000
BlueWildeb 0.037500 0.345300 0.096600 0.242800 0.161500 0.037400 0.037900 0.078200 0.076200 0.117400 0.056600 0.097200 0.037400 0.075900 0.077700 0.057500 0.098300 0.098400 0.037500 0.138400 0.037900 0.036500 0.098300 0.142300 0.037500 0.077800 0.018200 0.118900 0.076500 0.117400 0.118500 0.037500 0.141100 0.000000 0.000000 0.096400 0.037500 0.096400 0.077000 0.119000 0.140100 0.056600 0.096500 0.141100 0.076100 0.076700 0.057900 0.057500 0.037300 0.117900 0.138900 0.096600
Gemsbok 0.037500 0.345300 0.096600 0.242800 0.161500 0.037500 0.037900 0.078200 0.076200 0.117400 0.056600 0.097200 0.037400 0.075900 0.077700 0.057500 0.098300 0.098400 0.036800 0.138400 0.037900 0.037500 0.098300 0.142300 0.036000 0.077800 0.018600 0.118900 0.076500 0.117400 0.118500 0.037500 0.141100 0.000000 0.000000 0.096400 0.037500 0.096400 0.077000 0.119000 0.140100 0.056600 0.096500 0.141100 0.076100 0.076700 0.057900 0.057500 0.037300 0.117900 0.138900 0.096600
Yak 0.096300 0.313600 0.075900 0.319600 0.279200 0.096300 0.139400 0.140700 0.056100 0.137100 0.116200 0.117400 0.137200 0.180200 0.183800 0.097600 0.116300 0.161400 0.096300 0.116500 0.097300 0.096300 0.161700 0.209100 0.096300 0.139900 0.116800 0.097100 0.137200 0.095800 0.182000 0.138400 0.255700 0.096400 0.096400 0.000000 0.096300 0.204200 0.138700 0.184200 0.206400 0.116200 0.158100 0.207900 0.017800 0.137800 0.119000 0.161400 0.137400 0.138100 0.116800 0.037100
BlueSheep 0.000000 0.347800 0.056700 0.294100 0.161600 0.000000 0.037900 0.078400 0.076000 0.116700 0.018400 0.057000 0.076100 0.076000 0.077700 0.057700 0.138800 0.140500 0.000000 0.097100 0.036700 0.000000 0.140500 0.142500 0.000000 0.077900 0.056700 0.119100 0.076500 0.076500 0.160900 0.036400 0.141100 0.037500 0.037500 0.096300 0.000000 0.096600 0.118000 0.119400 0.140400 0.096200 0.137500 0.141400 0.075900 0.076800 0.098500 0.057500 0.076100 0.076800 0.097000 0.096300
BohorReedb 0.096600 0.368500 0.160000 0.341700 0.056500 0.096600 0.077000 0.141200 0.181200 0.227400 0.116700 0.139200 0.137600 0.137200 0.140100 0.118700 0.207700 0.207200 0.096600 0.205200 0.097400 0.096600 0.207100 0.210000 0.096600 0.140300 0.116900 0.184600 0.138000 0.182200 0.228900 0.076400 0.185300 0.096400 0.096400 0.204200 0.096600 0.000000 0.182600 0.162100 0.184200 0.137400 0.203200 0.208600 0.181000 0.096500 0.162500 0.118400 0.116500 0.139200 0.183000 0.204800
KirksDik 0.118000 0.407300 0.138900 0.244000 0.255800 0.118000 0.119200 0.120200 0.117300 0.117500 0.138600 0.139600 0.076900 0.159500 0.163300 0.098300 0.098700 0.098800 0.118000 0.182800 0.077500 0.118000 0.098600 0.142400 0.118000 0.119600 0.097300 0.162600 0.076800 0.160600 0.118800 0.118000 0.187100 0.077000 0.077000 0.138700 0.118000 0.182600 0.000000 0.119600 0.140700 0.096600 0.096600 0.141500 0.117100 0.077000 0.057000 0.098600 0.117500 0.118400 0.183400 0.138900
RoeDeer 0.119400 0.323000 0.140400 0.243600 0.233900 0.119400 0.120600 0.099900 0.161100 0.118000 0.140000 0.098300 0.161300 0.161000 0.165200 0.099600 0.187100 0.141800 0.119400 0.185000 0.078600 0.119800 0.058000 0.058900 0.119400 0.121100 0.140100 0.164700 0.118600 0.162600 0.119100 0.077600 0.099100 0.119000 0.119000 0.184200 0.119400 0.162100 0.119600 0.000000 0.018900 0.096900 0.097000 0.058300 0.161000 0.119100 0.143000 0.142500 0.117800 0.119100 0.140500 0.183900
WhiteLippe 0.140400 0.321200 0.118200 0.242600 0.258200 0.140400 0.141900 0.120800 0.138500 0.096800 0.161500 0.077200 0.183500 0.138500 0.187700 0.120400 0.163300 0.119500 0.140400 0.161400 0.098900 0.140400 0.078000 0.079100 0.140400 0.141800 0.161700 0.141400 0.139600 0.139700 0.097700 0.097700 0.120000 0.140100 0.140100 0.206400 0.140400 0.184200 0.140700 0.018900 0.000000 0.117300 0.076500 0.078400 0.182700 0.140200 0.142400 0.164300 0.096600 0.140100 0.118300 0.160600
ThomsonGaz 0.096200 0.340400 0.116300 0.240200 0.205900 0.096200 0.097100 0.097900 0.095600 0.096200 0.116200 0.076100 0.096100 0.136600 0.139600 0.076900 0.118300 0.118300 0.096200 0.158700 0.056900 0.096200 0.118100 0.162800 0.096200 0.057300 0.076200 0.139000 0.056400 0.137300 0.097000 0.056300 0.161400 0.056600 0.056600 0.116200 0.096200 0.137400 0.096600 0.096900 0.117300 0.000000 0.075900 0.161500 0.095500 0.096100 0.077300 0.118000 0.055500 0.137900 0.116400 0.116500
MuntiacusC 0.137500 0.336100 0.115900 0.237600 0.276500 0.137500 0.139200 0.140300 0.095400 0.018300 0.158400 0.116000 0.137500 0.136300 0.184000 0.117800 0.117600 0.117800 0.137500 0.158000 0.096800 0.137500 0.076700 0.118900 0.137500 0.097700 0.117100 0.138000 0.096200 0.136300 0.018600 0.137500 0.205900 0.096500 0.096500 0.158100 0.137500 0.203200 0.096600 0.097000 0.076500 0.075900 0.000000 0.117900 0.136500 0.137700 0.097500 0.161000 0.095700 0.180600 0.158500 0.115600
WhiteTaile 0.141400 0.382600 0.163000 0.294900 0.284100 0.141400 0.142900 0.121600 0.184200 0.139400 0.162600 0.163100 0.184100 0.139400 0.189000 0.121200 0.210600 0.163900 0.141400 0.208900 0.099500 0.141400 0.078200 0.079300 0.141400 0.143400 0.162800 0.187600 0.140500 0.185100 0.141300 0.141400 0.164700 0.141100 0.141100 0.207900 0.141400 0.208600 0.141500 0.058300 0.078400 0.161500 0.117900 0.000000 0.184000 0.141200 0.165800 0.165500 0.184500 0.140500 0.209700 0.207000
Cattle 0.075900 0.340300 0.056100 0.291300 0.253600 0.075900 0.117700 0.118700 0.036900 0.115900 0.095400 0.096300 0.116100 0.157900 0.160900 0.076900 0.094800 0.139100 0.075900 0.095600 0.076600 0.075900 0.139200 0.185000 0.075900 0.118100 0.096000 0.076500 0.116000 0.075500 0.159500 0.116800 0.230500 0.076100 0.076100 0.017800 0.075900 0.181000 0.117100 0.161000 0.182700 0.095500 0.136500 0.184000 0.000000 0.116400 0.097600 0.139100 0.115100 0.116600 0.095900 0.018300
RoyalAntel 0.076800 0.316200 0.096700 0.242800 0.161500 0.076800 0.057500 0.078300 0.116700 0.159600 0.096600 0.097200 0.076600 0.116800 0.119500 0.057700 0.098300 0.098400 0.076800 0.138500 0.036400 0.077500 0.140400 0.142400 0.076800 0.077800 0.096900 0.119000 0.037500 0.117500 0.161200 0.076800 0.142000 0.076700 0.076700 0.137800 0.076800 0.096500 0.077000 0.119100 0.140200 0.096100 0.137700 0.141200 0.116400 0.000000 0.098500 0.057700 0.116900 0.077100 0.139000 0.138100
Steenbok 0.098500 0.348100 0.098100 0.244000 0.234900 0.098500 0.099700 0.100500 0.077300 0.118600 0.119000 0.098700 0.098200 0.118300 0.143300 0.078800 0.099700 0.099900 0.098500 0.140700 0.058300 0.098500 0.121200 0.167100 0.098500 0.100000 0.077900 0.120800 0.098100 0.119300 0.120100 0.098500 0.213200 0.057900 0.057900 0.119000 0.098500 0.162500 0.057000 0.143000 0.142400 0.077300 0.097500 0.165800 0.097600 0.098500 0.000000 0.121600 0.077400 0.141400 0.141100 0.098000
Impala 0.057500 0.350400 0.119400 0.272700 0.186100 0.057500 0.058100 0.100200 0.139300 0.183800 0.077100 0.119500 0.057300 0.097100 0.099500 0.078600 0.120700 0.121000 0.057500 0.162300 0.058100 0.057500 0.164400 0.167000 0.057500 0.057600 0.077300 0.142200 0.057500 0.140500 0.185700 0.057500 0.121500 0.057500 0.057500 0.161400 0.057500 0.118400 0.098600 0.142500 0.164300 0.118000 0.161000 0.165500 0.139100 0.057700 0.121600 0.000000 0.097200 0.098600 0.162800 0.161600
Klipspring 0.076100 0.342000 0.095800 0.241000 0.183300 0.076100 0.076800 0.119100 0.075700 0.116500 0.095800 0.056400 0.076100 0.074600 0.118300 0.097300 0.097500 0.097500 0.076100 0.137200 0.076700 0.076100 0.139800 0.185900 0.076100 0.118400 0.056600 0.117700 0.116500 0.116300 0.117500 0.037100 0.139700 0.037300 0.037300 0.137400 0.076100 0.116500 0.117500 0.117800 0.096600 0.055500 0.095700 0.184500 0.115100 0.116900 0.077400 0.097200 0.000000 0.159900 0.095900 0.095900
ForestMusk 0.076800 0.408300 0.096800 0.266400 0.207800 0.076800 0.119300 0.098700 0.116700 0.158800 0.096600 0.097000 0.117100 0.159600 0.163400 0.098400 0.138000 0.097800 0.076800 0.138700 0.077600 0.076800 0.139700 0.141600 0.076800 0.119600 0.138900 0.161600 0.076800 0.117100 0.206300 0.118200 0.141200 0.117900 0.117900 0.138100 0.076800 0.139200 0.118400 0.119100 0.140100 0.137900 0.180600 0.140500 0.116600 0.077100 0.141400 0.098600 0.159900 0.000000 0.139200 0.137700
Bushbuck 0.097000 0.346600 0.037300 0.266700 0.256600 0.097000 0.140600 0.141900 0.056200 0.137300 0.117100 0.037400 0.181900 0.137500 0.140400 0.098300 0.160400 0.161800 0.097700 0.037200 0.098000 0.097000 0.208100 0.211100 0.097000 0.141100 0.160300 0.057100 0.138400 0.018400 0.182500 0.097000 0.209100 0.138900 0.138900 0.116800 0.097000 0.183000 0.183400 0.140500 0.118300 0.116400 0.158500 0.209700 0.095900 0.139000 0.141100 0.162800 0.095900 0.139200 0.000000 0.075900
GreaterKud 0.096300 0.339500 0.037100 0.290900 0.279200 0.096300 0.139600 0.140700 0.018300 0.095400 0.116400 0.075700 0.137500 0.136900 0.184200 0.097600 0.072800 0.117700 0.096300 0.075700 0.097200 0.096300 0.161100 0.208200 0.096300 0.139900 0.117200 0.056600 0.137500 0.055900 0.138300 0.138400 0.255000 0.096600 0.096600 0.037100 0.096300 0.204800 0.138900 0.183900 0.160600 0.116500 0.115600 0.207000 0.018300 0.138100 0.098000 0.161600 0.095900 0.137700 0.075900 0.000000
