CODONML (in paml version 4.10.7, June 2023)  /home/rachel/ruminants_paml/6406-phy-tree/ENSBTAT00000012770.fasta.phy
Model: free dN/dS Ratios for branches,  kappa = 2.000 fixed

Codon frequency model: F3x4
ns =  54  ls =  91

Codon usage in sequences
--------------------------------------------------------------------------------------------------------------------------------------
Phe TTT   3   3   3   3   4   3 | Ser TCT   1   1   1   1   1   1 | Tyr TAT   5   5   5   5   5   5 | Cys TGT   1   1   1   1   1   1
    TTC   3   3   3   3   2   3 |     TCC   2   2   2   2   2   2 |     TAC   0   0   0   0   0   0 |     TGC   0   0   0   0   0   0
Leu TTA   2   2   2   2   2   2 |     TCA   0   0   0   0   0   0 | *** TAA   0   0   0   0   0   0 | *** TGA   0   0   0   0   0   0
    TTG   2   2   2   2   2   2 |     TCG   0   0   0   0   0   0 |     TAG   0   0   0   0   0   0 | Trp TGG   1   1   1   1   1   1
--------------------------------------------------------------------------------------------------------------------------------------
Leu CTT   4   4   4   4   4   4 | Pro CCT   0   0   0   0   0   0 | His CAT   0   0   0   0   1   0 | Arg CGT   1   1   1   1   1   1
    CTC   3   3   3   3   3   3 |     CCC   1   1   1   1   1   1 |     CAC   2   2   2   2   1   2 |     CGC   1   1   1   1   1   1
    CTA   0   0   0   0   0   0 |     CCA   1   1   1   1   1   1 | Gln CAA   1   1   0   0   0   1 |     CGA   0   0   0   0   0   0
    CTG   2   2   2   2   2   2 |     CCG   0   0   0   0   0   0 |     CAG   2   2   3   3   3   2 |     CGG   0   0   0   0   0   0
--------------------------------------------------------------------------------------------------------------------------------------
Ile ATT   0   0   0   0   0   0 | Thr ACT   1   1   1   1   1   1 | Asn AAT   8   8   8   8   7   7 | Ser AGT   1   1   1   1   1   2
    ATC   0   0   0   0   0   0 |     ACC   2   2   2   2   2   2 |     AAC   3   3   3   3   4   3 |     AGC   0   0   0   0   0   0
    ATA   0   0   0   0   0   0 |     ACA   3   3   3   3   2   2 | Lys AAA   2   3   2   2   2   2 | Arg AGA   1   1   1   1   1   1
Met ATG   3   3   3   3   3   3 |     ACG   0   0   0   0   1   0 |     AAG   2   1   2   2   2   2 |     AGG   1   1   1   1   1   1
--------------------------------------------------------------------------------------------------------------------------------------
Val GTT   2   2   2   2   2   2 | Ala GCT   0   0   0   0   0   1 | Asp GAT   6   6   6   6   5   6 | Gly GGT   0   0   0   0   0   0
    GTC   2   2   2   2   2   2 |     GCC   0   0   0   0   1   0 |     GAC   3   3   3   2   4   3 |     GGC   1   1   1   1   1   1
    GTA   0   0   0   0   0   0 |     GCA   3   1   3   2   2   3 | Glu GAA   4   5   5   5   5   5 |     GGA   2   2   2   2   3   3
    GTG   0   0   0   0   0   0 |     GCG   0   2   0   1   0   0 |     GAG   2   1   1   2   1   1 |     GGG   1   1   1   1   0   0
--------------------------------------------------------------------------------------------------------------------------------------

--------------------------------------------------------------------------------------------------------------------------------------
Phe TTT   3   3   3   3   3   3 | Ser TCT   1   1   1   1   1   1 | Tyr TAT   4   5   4   4   5   4 | Cys TGT   1   1   1   1   1   1
    TTC   3   3   3   3   3   3 |     TCC   2   2   2   2   2   2 |     TAC   1   0   1   1   0   1 |     TGC   0   0   0   0   0   0
Leu TTA   2   2   2   2   2   2 |     TCA   0   0   0   0   0   0 | *** TAA   0   0   0   0   0   0 | *** TGA   0   0   0   0   0   0
    TTG   2   2   1   2   2   2 |     TCG   0   0   0   0   0   0 |     TAG   0   0   0   0   0   0 | Trp TGG   1   1   1   1   1   1
--------------------------------------------------------------------------------------------------------------------------------------
Leu CTT   4   4   4   4   4   4 | Pro CCT   0   0   0   0   0   0 | His CAT   0   0   0   0   0   0 | Arg CGT   1   1   1   1   1   1
    CTC   3   3   3   3   3   3 |     CCC   1   1   1   1   1   1 |     CAC   2   2   2   2   2   2 |     CGC   1   1   1   1   1   1
    CTA   0   0   0   0   0   0 |     CCA   1   1   1   1   1   1 | Gln CAA   0   0   0   0   0   0 |     CGA   0   0   0   0   0   0
    CTG   2   2   3   2   2   2 |     CCG   0   0   0   0   0   0 |     CAG   3   3   3   3   3   3 |     CGG   0   0   0   0   0   0
--------------------------------------------------------------------------------------------------------------------------------------
Ile ATT   0   0   0   0   0   0 | Thr ACT   1   1   1   1   1   1 | Asn AAT   8   8   7   8   8   7 | Ser AGT   1   1   2   1   1   1
    ATC   0   0   0   0   0   0 |     ACC   2   2   2   2   2   2 |     AAC   3   3   3   3   3   4 |     AGC   0   0   0   0   0   0
    ATA   0   0   0   0   0   0 |     ACA   3   3   3   3   3   3 | Lys AAA   2   2   2   2   2   2 | Arg AGA   1   1   1   1   1   1
Met ATG   3   3   3   3   3   3 |     ACG   0   0   0   0   0   0 |     AAG   2   2   2   2   2   2 |     AGG   1   1   1   1   1   1
--------------------------------------------------------------------------------------------------------------------------------------
Val GTT   2   2   2   2   2   2 | Ala GCT   0   0   0   0   0   0 | Asp GAT   6   6   6   6   6   5 | Gly GGT   0   0   0   0   0   0
    GTC   2   2   2   2   2   2 |     GCC   0   0   0   0   0   0 |     GAC   3   3   3   3   3   4 |     GGC   1   1   1   1   1   1
    GTA   0   0   0   0   0   0 |     GCA   2   2   2   2   2   2 | Glu GAA   5   4   4   5   6   5 |     GGA   2   2   2   2   2   2
    GTG   0   0   0   0   1   0 |     GCG   1   1   1   1   0   1 |     GAG   1   2   2   1   0   1 |     GGG   1   1   1   1   1   1
--------------------------------------------------------------------------------------------------------------------------------------

--------------------------------------------------------------------------------------------------------------------------------------
Phe TTT   3   4   3   3   3   3 | Ser TCT   1   1   1   1   1   1 | Tyr TAT   5   5   5   4   5   4 | Cys TGT   1   1   1   1   1   1
    TTC   3   2   3   3   3   3 |     TCC   2   2   2   2   2   2 |     TAC   0   0   0   1   0   1 |     TGC   0   0   0   0   0   0
Leu TTA   2   2   2   2   2   2 |     TCA   0   0   0   0   0   0 | *** TAA   0   0   0   0   0   0 | *** TGA   0   0   0   0   0   0
    TTG   2   2   2   1   2   2 |     TCG   0   0   0   0   0   0 |     TAG   0   0   0   0   0   0 | Trp TGG   1   1   1   1   1   1
--------------------------------------------------------------------------------------------------------------------------------------
Leu CTT   4   5   4   4   4   4 | Pro CCT   0   0   0   0   0   0 | His CAT   0   0   0   0   0   0 | Arg CGT   1   1   1   1   1   1
    CTC   3   2   3   3   3   3 |     CCC   1   1   1   1   1   1 |     CAC   2   2   2   2   2   2 |     CGC   1   1   1   1   1   1
    CTA   0   0   0   0   0   0 |     CCA   1   1   1   1   1   1 | Gln CAA   0   0   0   0   0   0 |     CGA   0   0   0   0   0   0
    CTG   2   2   2   3   2   2 |     CCG   0   0   0   0   0   0 |     CAG   3   3   3   3   3   3 |     CGG   0   0   0   0   0   0
--------------------------------------------------------------------------------------------------------------------------------------
Ile ATT   0   0   0   0   0   0 | Thr ACT   1   1   1   1   1   1 | Asn AAT   8   8   8   7   8   8 | Ser AGT   1   1   1   2   1   1
    ATC   0   0   0   0   0   0 |     ACC   2   2   2   2   2   2 |     AAC   3   3   3   3   3   3 |     AGC   0   0   0   0   0   0
    ATA   0   0   0   0   0   0 |     ACA   3   3   3   2   3   3 | Lys AAA   2   2   2   2   2   2 | Arg AGA   1   1   1   0   1   1
Met ATG   3   3   3   3   3   3 |     ACG   0   0   0   0   0   0 |     AAG   2   2   2   2   2   2 |     AGG   1   1   1   2   1   1
--------------------------------------------------------------------------------------------------------------------------------------
Val GTT   2   2   2   2   2   2 | Ala GCT   0   0   0   0   0   0 | Asp GAT   6   6   5   6   6   6 | Gly GGT   0   0   0   0   0   0
    GTC   2   2   2   2   2   2 |     GCC   0   0   0   0   0   0 |     GAC   3   3   3   3   3   3 |     GGC   1   1   1   1   1   1
    GTA   0   0   0   0   0   0 |     GCA   2   2   2   3   3   2 | Glu GAA   4   5   5   4   5   5 |     GGA   2   2   2   3   2   2
    GTG   0   0   0   0   0   0 |     GCG   1   1   1   1   0   1 |     GAG   2   1   2   2   1   1 |     GGG   1   1   1   0   1   1
--------------------------------------------------------------------------------------------------------------------------------------

--------------------------------------------------------------------------------------------------------------------------------------
Phe TTT   3   3   2   3   3   3 | Ser TCT   1   1   1   1   1   1 | Tyr TAT   5   5   5   5   4   5 | Cys TGT   1   1   1   1   1   1
    TTC   3   3   4   3   3   3 |     TCC   2   2   2   2   2   2 |     TAC   0   0   0   0   1   0 |     TGC   0   0   0   0   0   0
Leu TTA   2   2   2   2   2   2 |     TCA   0   0   0   0   0   0 | *** TAA   0   0   0   0   0   0 | *** TGA   0   0   0   0   0   0
    TTG   2   2   2   2   2   2 |     TCG   0   0   0   0   0   0 |     TAG   0   0   0   0   0   0 | Trp TGG   1   1   1   1   1   1
--------------------------------------------------------------------------------------------------------------------------------------
Leu CTT   4   4   4   4   4   4 | Pro CCT   0   0   0   0   0   0 | His CAT   0   0   0   0   0   0 | Arg CGT   1   1   1   1   1   1
    CTC   3   3   3   3   3   3 |     CCC   1   1   1   1   1   1 |     CAC   2   2   2   2   2   2 |     CGC   1   1   1   1   1   1
    CTA   0   0   0   0   0   0 |     CCA   1   1   1   1   1   1 | Gln CAA   0   0   0   0   0   0 |     CGA   0   0   0   0   0   0
    CTG   2   2   2   2   2   2 |     CCG   0   0   0   0   0   0 |     CAG   3   3   3   3   3   3 |     CGG   0   0   0   0   0   0
--------------------------------------------------------------------------------------------------------------------------------------
Ile ATT   0   0   0   0   0   0 | Thr ACT   1   1   1   1   1   1 | Asn AAT   7   7   8   8   8   8 | Ser AGT   2   2   1   1   1   1
    ATC   0   0   0   0   0   0 |     ACC   2   2   2   2   2   2 |     AAC   3   3   3   3   3   3 |     AGC   0   0   0   0   0   0
    ATA   0   0   0   0   0   0 |     ACA   3   3   3   3   3   3 | Lys AAA   2   2   2   2   2   2 | Arg AGA   1   1   1   1   1   1
Met ATG   3   3   3   3   3   3 |     ACG   0   0   0   0   0   0 |     AAG   2   2   2   2   2   2 |     AGG   1   1   1   1   1   1
--------------------------------------------------------------------------------------------------------------------------------------
Val GTT   2   2   2   2   2   2 | Ala GCT   0   0   0   0   0   0 | Asp GAT   6   6   5   6   6   6 | Gly GGT   0   0   0   0   0   0
    GTC   2   2   2   2   2   2 |     GCC   0   0   0   0   0   0 |     GAC   3   3   4   3   3   3 |     GGC   1   1   1   1   1   1
    GTA   0   0   0   0   0   0 |     GCA   2   3   2   3   2   3 | Glu GAA   5   5   5   6   5   5 |     GGA   2   2   2   2   2   2
    GTG   0   0   0   0   0   0 |     GCG   1   0   1   0   1   0 |     GAG   1   1   1   0   1   1 |     GGG   1   1   1   1   1   1
--------------------------------------------------------------------------------------------------------------------------------------

--------------------------------------------------------------------------------------------------------------------------------------
Phe TTT   3   3   3   3   3   3 | Ser TCT   1   1   1   1   1   1 | Tyr TAT   4   4   5   4   5   5 | Cys TGT   1   1   1   1   1   1
    TTC   3   3   3   3   3   3 |     TCC   2   2   2   2   2   2 |     TAC   1   1   0   1   0   0 |     TGC   0   0   0   0   0   0
Leu TTA   2   1   2   2   2   2 |     TCA   0   0   0   0   0   0 | *** TAA   0   0   0   0   0   0 | *** TGA   0   0   0   0   0   0
    TTG   2   3   2   2   2   2 |     TCG   0   0   0   0   0   0 |     TAG   0   0   0   0   0   0 | Trp TGG   1   1   1   1   1   1
--------------------------------------------------------------------------------------------------------------------------------------
Leu CTT   4   4   4   4   4   4 | Pro CCT   0   0   0   0   0   0 | His CAT   0   0   0   0   0   0 | Arg CGT   1   1   1   1   1   1
    CTC   3   3   3   4   3   3 |     CCC   1   1   1   1   1   1 |     CAC   2   2   2   2   2   2 |     CGC   1   1   1   1   1   1
    CTA   0   0   0   0   0   0 |     CCA   1   1   1   1   1   1 | Gln CAA   0   0   0   0   0   0 |     CGA   0   0   0   0   0   0
    CTG   2   2   2   2   2   2 |     CCG   0   0   0   0   0   0 |     CAG   3   3   3   3   3   3 |     CGG   0   0   0   0   0   0
--------------------------------------------------------------------------------------------------------------------------------------
Ile ATT   0   0   0   0   0   0 | Thr ACT   1   1   1   1   1   1 | Asn AAT   7   7   8   8   8   8 | Ser AGT   1   1   1   1   1   1
    ATC   0   0   0   0   0   0 |     ACC   2   2   2   2   2   2 |     AAC   4   4   3   3   3   3 |     AGC   0   0   0   0   0   0
    ATA   0   0   0   0   0   0 |     ACA   3   3   3   3   3   3 | Lys AAA   2   3   2   2   2   2 | Arg AGA   1   1   1   1   1   1
Met ATG   3   3   3   3   3   3 |     ACG   0   0   0   0   0   0 |     AAG   2   1   2   2   2   2 |     AGG   1   1   1   1   1   1
--------------------------------------------------------------------------------------------------------------------------------------
Val GTT   2   2   2   1   2   2 | Ala GCT   0   0   0   0   0   0 | Asp GAT   5   5   7   6   5   6 | Gly GGT   0   0   0   0   0   0
    GTC   2   2   2   2   2   2 |     GCC   0   0   0   1   0   0 |     GAC   4   4   2   2   3   3 |     GGC   1   1   1   2   1   1
    GTA   0   0   0   0   0   0 |     GCA   2   2   2   2   3   3 | Glu GAA   5   5   4   5   5   6 |     GGA   2   2   2   2   2   2
    GTG   0   0   0   0   0   0 |     GCG   1   1   1   0   0   0 |     GAG   1   1   2   1   2   0 |     GGG   1   1   1   1   1   1
--------------------------------------------------------------------------------------------------------------------------------------

--------------------------------------------------------------------------------------------------------------------------------------
Phe TTT   3   3   3   3   3   3 | Ser TCT   1   1   1   1   0   1 | Tyr TAT   4   5   4   5   5   5 | Cys TGT   1   1   1   1   1   1
    TTC   3   3   3   3   3   3 |     TCC   2   2   2   2   2   2 |     TAC   1   0   1   0   0   0 |     TGC   0   0   0   0   0   0
Leu TTA   2   2   2   0   2   2 |     TCA   0   0   0   0   0   0 | *** TAA   0   0   0   0   0   0 | *** TGA   0   0   0   0   0   0
    TTG   2   2   2   2   2   2 |     TCG   0   0   0   0   0   0 |     TAG   0   0   0   0   0   0 | Trp TGG   1   1   1   1   1   1
--------------------------------------------------------------------------------------------------------------------------------------
Leu CTT   3   4   4   4   4   4 | Pro CCT   0   0   0   0   0   0 | His CAT   0   0   0   0   0   0 | Arg CGT   1   1   1   1   1   1
    CTC   4   3   3   3   3   3 |     CCC   1   1   1   1   1   1 |     CAC   2   2   2   2   2   2 |     CGC   1   1   1   1   1   1
    CTA   0   0   0   1   0   0 |     CCA   1   1   1   1   1   1 | Gln CAA   0   1   0   0   1   0 |     CGA   0   0   0   0   0   0
    CTG   2   2   2   3   2   2 |     CCG   0   0   0   0   0   0 |     CAG   3   2   3   3   2   3 |     CGG   0   0   0   0   0   0
--------------------------------------------------------------------------------------------------------------------------------------
Ile ATT   0   0   0   0   0   0 | Thr ACT   1   1   1   1   1   1 | Asn AAT   9   8   7   7   8   8 | Ser AGT   1   1   1   2   1   1
    ATC   0   0   0   0   0   0 |     ACC   2   2   2   2   2   2 |     AAC   2   3   4   3   3   3 |     AGC   0   0   0   0   0   0
    ATA   0   0   0   0   0   0 |     ACA   3   3   3   3   3   3 | Lys AAA   2   2   2   2   2   2 | Arg AGA   1   1   1   1   1   1
Met ATG   3   3   3   3   3   3 |     ACG   0   0   0   0   0   0 |     AAG   2   2   2   2   2   2 |     AGG   1   1   1   1   1   1
--------------------------------------------------------------------------------------------------------------------------------------
Val GTT   2   2   2   2   2   2 | Ala GCT   0   0   0   0   1   0 | Asp GAT   6   6   5   6   6   5 | Gly GGT   0   0   0   0   0   0
    GTC   2   2   2   2   2   2 |     GCC   1   0   0   0   0   0 |     GAC   2   3   4   3   3   3 |     GGC   2   1   1   1   1   1
    GTA   0   0   0   0   0   0 |     GCA   2   3   3   2   2   3 | Glu GAA   5   5   5   4   5   5 |     GGA   2   2   2   2   2   2
    GTG   0   0   0   0   0   0 |     GCG   0   0   0   1   1   0 |     GAG   1   1   1   2   1   2 |     GGG   1   1   1   1   1   1
--------------------------------------------------------------------------------------------------------------------------------------

--------------------------------------------------------------------------------------------------------------------------------------
Phe TTT   3   3   3   3   3   3 | Ser TCT   1   1   1   1   1   1 | Tyr TAT   5   5   5   4   4   4 | Cys TGT   1   1   1   1   1   1
    TTC   3   3   3   3   3   3 |     TCC   2   2   2   2   2   2 |     TAC   0   0   0   1   1   1 |     TGC   0   0   0   0   0   0
Leu TTA   2   2   2   2   2   2 |     TCA   0   0   0   0   0   0 | *** TAA   0   0   0   0   0   0 | *** TGA   0   0   0   0   0   0
    TTG   2   2   2   2   2   2 |     TCG   0   0   0   0   0   0 |     TAG   0   0   0   0   0   0 | Trp TGG   1   1   1   1   1   1
--------------------------------------------------------------------------------------------------------------------------------------
Leu CTT   4   5   4   4   4   4 | Pro CCT   0   0   0   0   0   0 | His CAT   0   0   0   0   0   0 | Arg CGT   1   1   1   1   1   1
    CTC   3   2   3   3   3   3 |     CCC   1   1   1   1   1   1 |     CAC   2   2   2   2   2   2 |     CGC   1   1   1   1   1   1
    CTA   0   0   0   0   0   0 |     CCA   1   1   1   1   1   1 | Gln CAA   0   0   0   0   0   0 |     CGA   0   0   0   0   0   0
    CTG   2   2   2   2   2   2 |     CCG   0   0   0   0   0   0 |     CAG   3   3   3   3   3   3 |     CGG   0   0   0   0   0   0
--------------------------------------------------------------------------------------------------------------------------------------
Ile ATT   0   0   0   0   0   0 | Thr ACT   1   1   1   1   2   1 | Asn AAT   8   7   8   8   8   7 | Ser AGT   1   1   1   1   1   1
    ATC   0   0   0   0   0   0 |     ACC   2   2   2   2   1   2 |     AAC   3   4   3   3   3   4 |     AGC   0   0   0   0   0   0
    ATA   0   0   0   0   0   0 |     ACA   3   3   3   3   3   3 | Lys AAA   2   2   2   2   2   2 | Arg AGA   1   1   1   1   1   1
Met ATG   3   3   3   3   3   3 |     ACG   0   0   0   0   0   0 |     AAG   2   2   2   2   2   2 |     AGG   1   1   1   1   1   1
--------------------------------------------------------------------------------------------------------------------------------------
Val GTT   2   2   2   2   2   2 | Ala GCT   0   0   0   0   0   0 | Asp GAT   6   6   6   6   6   5 | Gly GGT   0   0   0   0   0   0
    GTC   2   2   2   2   2   2 |     GCC   0   0   0   0   0   0 |     GAC   3   3   3   3   3   4 |     GGC   1   1   1   1   1   1
    GTA   0   0   0   0   0   0 |     GCA   2   2   2   2   2   2 | Glu GAA   5   5   4   5   5   5 |     GGA   2   2   2   2   2   2
    GTG   0   0   0   0   0   0 |     GCG   1   1   1   1   1   1 |     GAG   1   1   2   1   1   1 |     GGG   1   1   1   1   1   1
--------------------------------------------------------------------------------------------------------------------------------------

--------------------------------------------------------------------------------------------------------------------------------------
Phe TTT   3   3   3   3   3   3 | Ser TCT   1   1   1   1   1   1 | Tyr TAT   4   4   4   4   5   5 | Cys TGT   1   1   1   1   1   1
    TTC   3   3   3   3   3   3 |     TCC   2   2   2   2   2   2 |     TAC   1   1   1   1   0   0 |     TGC   0   0   0   0   0   0
Leu TTA   2   2   2   1   2   1 |     TCA   0   0   0   0   0   0 | *** TAA   0   0   0   0   0   0 | *** TGA   0   0   0   0   0   0
    TTG   2   2   2   3   2   3 |     TCG   0   0   0   0   0   0 |     TAG   0   0   0   0   0   0 | Trp TGG   1   1   1   1   1   1
--------------------------------------------------------------------------------------------------------------------------------------
Leu CTT   4   4   4   4   5   4 | Pro CCT   0   0   0   0   0   0 | His CAT   0   0   0   0   0   0 | Arg CGT   1   1   1   1   1   1
    CTC   3   3   3   3   2   3 |     CCC   1   1   1   1   1   1 |     CAC   2   2   2   2   2   2 |     CGC   1   1   1   1   1   1
    CTA   0   0   0   0   0   0 |     CCA   1   1   1   1   1   1 | Gln CAA   0   0   0   0   0   0 |     CGA   0   0   0   0   0   0
    CTG   2   2   2   2   2   2 |     CCG   0   0   0   0   0   0 |     CAG   3   3   3   3   3   3 |     CGG   0   0   0   0   0   0
--------------------------------------------------------------------------------------------------------------------------------------
Ile ATT   0   0   0   0   0   0 | Thr ACT   1   1   1   1   1   1 | Asn AAT   7   8   7   7   7   8 | Ser AGT   1   1   1   1   1   1
    ATC   0   0   0   0   0   0 |     ACC   2   2   2   2   2   2 |     AAC   4   3   4   4   4   3 |     AGC   0   0   0   0   0   0
    ATA   0   0   0   0   0   0 |     ACA   3   3   3   3   3   3 | Lys AAA   2   2   2   3   2   2 | Arg AGA   1   1   1   1   1   1
Met ATG   3   3   3   3   3   3 |     ACG   0   0   0   0   0   0 |     AAG   2   2   2   1   2   2 |     AGG   1   1   1   1   1   1
--------------------------------------------------------------------------------------------------------------------------------------
Val GTT   2   2   2   2   2   2 | Ala GCT   0   0   0   0   0   0 | Asp GAT   5   6   5   5   6   6 | Gly GGT   0   0   0   0   0   0
    GTC   2   2   2   2   2   2 |     GCC   0   0   0   0   0   1 |     GAC   4   3   4   4   3   3 |     GGC   1   1   1   1   1   1
    GTA   0   0   0   0   0   0 |     GCA   2   2   3   2   2   1 | Glu GAA   5   5   5   5   5   5 |     GGA   2   2   3   2   2   2
    GTG   0   0   0   0   0   0 |     GCG   1   1   0   1   1   1 |     GAG   1   1   1   1   1   1 |     GGG   1   1   0   1   1   1
--------------------------------------------------------------------------------------------------------------------------------------

--------------------------------------------------------------------------------------------------------------------------------------
Phe TTT   3   4   3   3   3   3 | Ser TCT   1   1   1   1   1   1 | Tyr TAT   4   5   5   5   5   5 | Cys TGT   1   1   1   1   1   1
    TTC   3   2   3   3   3   3 |     TCC   2   2   2   2   2   2 |     TAC   1   0   0   0   0   0 |     TGC   0   0   0   0   0   0
Leu TTA   2   2   2   2   2   2 |     TCA   0   0   0   0   0   0 | *** TAA   0   0   0   0   0   0 | *** TGA   0   0   0   0   0   0
    TTG   2   2   2   2   2   2 |     TCG   0   0   0   0   0   0 |     TAG   0   0   0   0   0   0 | Trp TGG   1   1   1   1   1   1
--------------------------------------------------------------------------------------------------------------------------------------
Leu CTT   4   4   4   4   4   4 | Pro CCT   0   0   0   0   0   0 | His CAT   0   0   0   0   0   0 | Arg CGT   1   1   1   1   1   1
    CTC   3   3   3   3   3   3 |     CCC   1   1   1   1   1   1 |     CAC   2   2   2   2   2   2 |     CGC   1   1   1   1   1   1
    CTA   0   0   0   0   0   0 |     CCA   1   1   1   1   1   1 | Gln CAA   0   0   0   0   0   1 |     CGA   0   0   0   0   0   0
    CTG   2   2   2   2   2   2 |     CCG   0   0   0   0   0   0 |     CAG   3   3   3   3   3   2 |     CGG   0   0   0   0   0   0
--------------------------------------------------------------------------------------------------------------------------------------
Ile ATT   0   0   0   0   0   0 | Thr ACT   1   1   1   1   1   1 | Asn AAT   8   8   7   8   8   8 | Ser AGT   1   1   2   1   1   1
    ATC   0   0   0   0   0   0 |     ACC   2   2   2   2   2   2 |     AAC   3   3   3   3   3   3 |     AGC   0   0   0   0   0   0
    ATA   0   0   0   0   0   0 |     ACA   3   3   3   3   3   3 | Lys AAA   2   2   2   2   2   2 | Arg AGA   1   1   1   1   1   1
Met ATG   3   3   3   3   3   3 |     ACG   0   0   0   0   0   0 |     AAG   2   2   2   2   2   2 |     AGG   1   1   1   1   1   1
--------------------------------------------------------------------------------------------------------------------------------------
Val GTT   2   2   2   2   2   2 | Ala GCT   0   0   0   0   0   0 | Asp GAT   6   6   6   6   6   6 | Gly GGT   0   0   0   0   0   0
    GTC   1   2   2   2   2   2 |     GCC   0   0   0   0   0   0 |     GAC   3   3   3   2   3   3 |     GGC   1   1   1   1   1   1
    GTA   0   0   0   0   0   0 |     GCA   3   2   2   2   3   3 | Glu GAA   5   5   5   5   5   5 |     GGA   2   2   2   2   2   2
    GTG   1   0   0   0   0   0 |     GCG   0   1   1   1   0   0 |     GAG   1   1   1   2   1   1 |     GGG   1   1   1   1   1   1
--------------------------------------------------------------------------------------------------------------------------------------

Codon position x base (3x4) table for each sequence.

#1: Argali         
position  1:    T:0.21978    C:0.19780    A:0.29670    G:0.28571
position  2:    T:0.28571    C:0.15385    A:0.43956    G:0.12088
position  3:    T:0.36264    C:0.25275    A:0.20879    G:0.17582
Average         T:0.28938    C:0.20147    A:0.31502    G:0.19414

#2: LesserMouseDeer
position  1:    T:0.21978    C:0.19780    A:0.29670    G:0.28571
position  2:    T:0.28571    C:0.15385    A:0.43956    G:0.12088
position  3:    T:0.36264    C:0.25275    A:0.20879    G:0.17582
Average         T:0.28938    C:0.20147    A:0.31502    G:0.19414

#3: LesserKudu     
position  1:    T:0.21978    C:0.19780    A:0.29670    G:0.28571
position  2:    T:0.28571    C:0.15385    A:0.43956    G:0.12088
position  3:    T:0.36264    C:0.25275    A:0.20879    G:0.17582
Average         T:0.28938    C:0.20147    A:0.31502    G:0.19414

#4: ForestMuskDeer2
position  1:    T:0.21978    C:0.19780    A:0.29670    G:0.28571
position  2:    T:0.28571    C:0.15385    A:0.43956    G:0.12088
position  3:    T:0.36264    C:0.24176    A:0.19780    G:0.19780
Average         T:0.28938    C:0.19780    A:0.31136    G:0.20147

#5: Camel          
position  1:    T:0.21978    C:0.19780    A:0.29670    G:0.28571
position  2:    T:0.28571    C:0.15385    A:0.43956    G:0.12088
position  3:    T:0.36264    C:0.26374    A:0.19780    G:0.17582
Average         T:0.28938    C:0.20513    A:0.31136    G:0.19414

#6: KillerWhale    
position  1:    T:0.21978    C:0.19780    A:0.28571    G:0.29670
position  2:    T:0.28571    C:0.15385    A:0.42857    G:0.13187
position  3:    T:0.37363    C:0.25275    A:0.21978    G:0.15385
Average         T:0.29304    C:0.20147    A:0.31136    G:0.19414

#7: DefassaWaterbuck
position  1:    T:0.21978    C:0.19780    A:0.29670    G:0.28571
position  2:    T:0.28571    C:0.15385    A:0.43956    G:0.12088
position  3:    T:0.35165    C:0.26374    A:0.19780    G:0.18681
Average         T:0.28571    C:0.20513    A:0.31136    G:0.19780

#8: Sheep          
position  1:    T:0.21978    C:0.19780    A:0.29670    G:0.28571
position  2:    T:0.28571    C:0.15385    A:0.43956    G:0.12088
position  3:    T:0.36264    C:0.25275    A:0.18681    G:0.19780
Average         T:0.28938    C:0.20147    A:0.30769    G:0.20147

#9: MaxwellsDuiker 
position  1:    T:0.20879    C:0.20879    A:0.29670    G:0.28571
position  2:    T:0.28571    C:0.15385    A:0.42857    G:0.13187
position  3:    T:0.35165    C:0.26374    A:0.18681    G:0.19780
Average         T:0.28205    C:0.20879    A:0.30403    G:0.20513

#10: GazellaPrzewalskyi
position  1:    T:0.21978    C:0.19780    A:0.29670    G:0.28571
position  2:    T:0.28571    C:0.15385    A:0.43956    G:0.12088
position  3:    T:0.35165    C:0.26374    A:0.19780    G:0.18681
Average         T:0.28571    C:0.20513    A:0.31136    G:0.19780

#11: MountainNyala  
position  1:    T:0.21978    C:0.19780    A:0.29670    G:0.28571
position  2:    T:0.29670    C:0.14286    A:0.43956    G:0.12088
position  3:    T:0.36264    C:0.25275    A:0.20879    G:0.17582
Average         T:0.29304    C:0.19780    A:0.31502    G:0.19414

#12: MuntiacusMuntjak
position  1:    T:0.21978    C:0.19780    A:0.29670    G:0.28571
position  2:    T:0.28571    C:0.15385    A:0.43956    G:0.12088
position  3:    T:0.32967    C:0.28571    A:0.19780    G:0.18681
Average         T:0.27839    C:0.21245    A:0.31136    G:0.19780

#13: goat           
position  1:    T:0.21978    C:0.19780    A:0.29670    G:0.28571
position  2:    T:0.28571    C:0.15385    A:0.43956    G:0.12088
position  3:    T:0.36264    C:0.25275    A:0.18681    G:0.19780
Average         T:0.28938    C:0.20147    A:0.30769    G:0.20147

#14: AfricanBuffalo 
position  1:    T:0.21978    C:0.19780    A:0.29670    G:0.28571
position  2:    T:0.28571    C:0.15385    A:0.43956    G:0.12088
position  3:    T:0.38462    C:0.23077    A:0.19780    G:0.18681
Average         T:0.29670    C:0.19414    A:0.31136    G:0.19780

#15: Topi           
position  1:    T:0.21978    C:0.19780    A:0.29670    G:0.28571
position  2:    T:0.28571    C:0.15385    A:0.43956    G:0.12088
position  3:    T:0.35165    C:0.25275    A:0.19780    G:0.19780
Average         T:0.28571    C:0.20147    A:0.31136    G:0.20147

#16: CommonDuiker   
position  1:    T:0.20879    C:0.20879    A:0.28571    G:0.29670
position  2:    T:0.28571    C:0.15385    A:0.42857    G:0.13187
position  3:    T:0.35165    C:0.26374    A:0.18681    G:0.19780
Average         T:0.28205    C:0.20879    A:0.30037    G:0.20879

#17: Suni           
position  1:    T:0.21978    C:0.19780    A:0.29670    G:0.28571
position  2:    T:0.28571    C:0.15385    A:0.43956    G:0.12088
position  3:    T:0.36264    C:0.25275    A:0.20879    G:0.17582
Average         T:0.28938    C:0.20147    A:0.31502    G:0.19414

#18: Springbuck     
position  1:    T:0.21978    C:0.19780    A:0.29670    G:0.28571
position  2:    T:0.28571    C:0.15385    A:0.43956    G:0.12088
position  3:    T:0.35165    C:0.26374    A:0.19780    G:0.18681
Average         T:0.28571    C:0.20513    A:0.31136    G:0.19780

#19: Okapi          
position  1:    T:0.21978    C:0.19780    A:0.29670    G:0.28571
position  2:    T:0.28571    C:0.15385    A:0.42857    G:0.13187
position  3:    T:0.36264    C:0.25275    A:0.19780    G:0.18681
Average         T:0.28938    C:0.20147    A:0.30769    G:0.20147

#20: Giraffe        
position  1:    T:0.21978    C:0.19780    A:0.29670    G:0.28571
position  2:    T:0.28571    C:0.15385    A:0.42857    G:0.13187
position  3:    T:0.36264    C:0.25275    A:0.20879    G:0.17582
Average         T:0.28938    C:0.20147    A:0.31136    G:0.19780

#21: TibetanAntelope
position  1:    T:0.21978    C:0.19780    A:0.29670    G:0.28571
position  2:    T:0.28571    C:0.15385    A:0.43956    G:0.12088
position  3:    T:0.34066    C:0.27473    A:0.19780    G:0.18681
Average         T:0.28205    C:0.20879    A:0.31136    G:0.19780

#22: Sitatunga      
position  1:    T:0.21978    C:0.19780    A:0.29670    G:0.28571
position  2:    T:0.28571    C:0.15385    A:0.43956    G:0.12088
position  3:    T:0.36264    C:0.25275    A:0.21978    G:0.16484
Average         T:0.28938    C:0.20147    A:0.31868    G:0.19048

#23: Oribi          
position  1:    T:0.21978    C:0.19780    A:0.29670    G:0.28571
position  2:    T:0.28571    C:0.15385    A:0.43956    G:0.12088
position  3:    T:0.35165    C:0.26374    A:0.19780    G:0.18681
Average         T:0.28571    C:0.20513    A:0.31136    G:0.19780

#24: BarbarySheep   
position  1:    T:0.21978    C:0.19780    A:0.29670    G:0.28571
position  2:    T:0.28571    C:0.15385    A:0.43956    G:0.12088
position  3:    T:0.36264    C:0.25275    A:0.20879    G:0.17582
Average         T:0.28938    C:0.20147    A:0.31502    G:0.19414

#25: Daviddeer      
position  1:    T:0.21978    C:0.19780    A:0.29670    G:0.28571
position  2:    T:0.28571    C:0.15385    A:0.43956    G:0.12088
position  3:    T:0.32967    C:0.28571    A:0.19780    G:0.18681
Average         T:0.27839    C:0.21245    A:0.31136    G:0.19780

#26: Reindeer       
position  1:    T:0.21978    C:0.19780    A:0.29670    G:0.28571
position  2:    T:0.28571    C:0.15385    A:0.43956    G:0.12088
position  3:    T:0.32967    C:0.28571    A:0.19780    G:0.18681
Average         T:0.27839    C:0.21245    A:0.31136    G:0.19780

#27: Ibex           
position  1:    T:0.21978    C:0.19780    A:0.29670    G:0.28571
position  2:    T:0.28571    C:0.15385    A:0.43956    G:0.12088
position  3:    T:0.37363    C:0.24176    A:0.18681    G:0.19780
Average         T:0.29304    C:0.19780    A:0.30769    G:0.20147

#28: GyrantGazelle  
position  1:    T:0.21978    C:0.20879    A:0.29670    G:0.27473
position  2:    T:0.28571    C:0.15385    A:0.42857    G:0.13187
position  3:    T:0.34066    C:0.28571    A:0.19780    G:0.17582
Average         T:0.28205    C:0.21612    A:0.30769    G:0.19414

#29: Hartebeest     
position  1:    T:0.21978    C:0.19780    A:0.29670    G:0.28571
position  2:    T:0.28571    C:0.15385    A:0.43956    G:0.12088
position  3:    T:0.35165    C:0.25275    A:0.20879    G:0.18681
Average         T:0.28571    C:0.20147    A:0.31502    G:0.19780

#30: Bongo          
position  1:    T:0.21978    C:0.19780    A:0.29670    G:0.28571
position  2:    T:0.28571    C:0.15385    A:0.43956    G:0.12088
position  3:    T:0.36264    C:0.25275    A:0.21978    G:0.16484
Average         T:0.28938    C:0.20147    A:0.31868    G:0.19048

#31: Gerenuk        
position  1:    T:0.21978    C:0.19780    A:0.29670    G:0.28571
position  2:    T:0.28571    C:0.15385    A:0.42857    G:0.13187
position  3:    T:0.35165    C:0.27473    A:0.19780    G:0.17582
Average         T:0.28571    C:0.20879    A:0.30769    G:0.19780

#32: CommonEland    
position  1:    T:0.21978    C:0.19780    A:0.29670    G:0.28571
position  2:    T:0.28571    C:0.15385    A:0.43956    G:0.12088
position  3:    T:0.36264    C:0.25275    A:0.21978    G:0.16484
Average         T:0.28938    C:0.20147    A:0.31868    G:0.19048

#33: MuntiacusReevesi
position  1:    T:0.21978    C:0.19780    A:0.29670    G:0.28571
position  2:    T:0.28571    C:0.15385    A:0.43956    G:0.12088
position  3:    T:0.32967    C:0.28571    A:0.20879    G:0.17582
Average         T:0.27839    C:0.21245    A:0.31502    G:0.19414

#34: HarveysDuiker  
position  1:    T:0.19780    C:0.21978    A:0.29670    G:0.28571
position  2:    T:0.28571    C:0.15385    A:0.42857    G:0.13187
position  3:    T:0.36264    C:0.25275    A:0.17582    G:0.20879
Average         T:0.28205    C:0.20879    A:0.30037    G:0.20879

#35: Pronghorn      
position  1:    T:0.20879    C:0.19780    A:0.29670    G:0.29670
position  2:    T:0.28571    C:0.15385    A:0.43956    G:0.12088
position  3:    T:0.36264    C:0.25275    A:0.20879    G:0.17582
Average         T:0.28571    C:0.20147    A:0.31502    G:0.19780

#36: BlueWildebeest 
position  1:    T:0.21978    C:0.19780    A:0.29670    G:0.28571
position  2:    T:0.28571    C:0.15385    A:0.43956    G:0.12088
position  3:    T:0.35165    C:0.25275    A:0.20879    G:0.18681
Average         T:0.28571    C:0.20147    A:0.31502    G:0.19780

#37: Gemsbok        
position  1:    T:0.21978    C:0.19780    A:0.29670    G:0.28571
position  2:    T:0.28571    C:0.15385    A:0.43956    G:0.12088
position  3:    T:0.36264    C:0.25275    A:0.19780    G:0.18681
Average         T:0.28938    C:0.20147    A:0.31136    G:0.19780

#38: Yak            
position  1:    T:0.21978    C:0.19780    A:0.29670    G:0.28571
position  2:    T:0.28571    C:0.15385    A:0.43956    G:0.12088
position  3:    T:0.36264    C:0.25275    A:0.19780    G:0.18681
Average         T:0.28938    C:0.20147    A:0.31136    G:0.19780

#39: BlueSheep      
position  1:    T:0.21978    C:0.19780    A:0.29670    G:0.28571
position  2:    T:0.28571    C:0.15385    A:0.43956    G:0.12088
position  3:    T:0.36264    C:0.25275    A:0.18681    G:0.19780
Average         T:0.28938    C:0.20147    A:0.30769    G:0.20147

#40: BohorReedbuck  
position  1:    T:0.21978    C:0.19780    A:0.29670    G:0.28571
position  2:    T:0.28571    C:0.15385    A:0.43956    G:0.12088
position  3:    T:0.35165    C:0.26374    A:0.19780    G:0.18681
Average         T:0.28571    C:0.20513    A:0.31136    G:0.19780

#41: KirksDik       
position  1:    T:0.21978    C:0.19780    A:0.29670    G:0.28571
position  2:    T:0.28571    C:0.15385    A:0.43956    G:0.12088
position  3:    T:0.36264    C:0.25275    A:0.19780    G:0.18681
Average         T:0.28938    C:0.20147    A:0.31136    G:0.19780

#42: RoeDeer        
position  1:    T:0.21978    C:0.19780    A:0.29670    G:0.28571
position  2:    T:0.28571    C:0.15385    A:0.43956    G:0.12088
position  3:    T:0.32967    C:0.28571    A:0.19780    G:0.18681
Average         T:0.27839    C:0.21245    A:0.31136    G:0.19780

#43: WhiteLippedDeer
position  1:    T:0.21978    C:0.19780    A:0.29670    G:0.28571
position  2:    T:0.28571    C:0.15385    A:0.43956    G:0.12088
position  3:    T:0.32967    C:0.28571    A:0.19780    G:0.18681
Average         T:0.27839    C:0.21245    A:0.31136    G:0.19780

#44: ThomsonGazelle 
position  1:    T:0.21978    C:0.19780    A:0.29670    G:0.28571
position  2:    T:0.28571    C:0.15385    A:0.43956    G:0.12088
position  3:    T:0.35165    C:0.26374    A:0.19780    G:0.18681
Average         T:0.28571    C:0.20513    A:0.31136    G:0.19780

#45: MuntiacusCrinifrons
position  1:    T:0.21978    C:0.19780    A:0.29670    G:0.28571
position  2:    T:0.28571    C:0.15385    A:0.43956    G:0.12088
position  3:    T:0.32967    C:0.28571    A:0.21978    G:0.16484
Average         T:0.27839    C:0.21245    A:0.31868    G:0.19048

#46: WhiteTailedDeer
position  1:    T:0.21978    C:0.19780    A:0.29670    G:0.28571
position  2:    T:0.28571    C:0.15385    A:0.43956    G:0.12088
position  3:    T:0.32967    C:0.28571    A:0.19780    G:0.18681
Average         T:0.27839    C:0.21245    A:0.31136    G:0.19780

#47: Cattle         
position  1:    T:0.21978    C:0.19780    A:0.29670    G:0.28571
position  2:    T:0.28571    C:0.15385    A:0.43956    G:0.12088
position  3:    T:0.36264    C:0.25275    A:0.19780    G:0.18681
Average         T:0.28938    C:0.20147    A:0.31136    G:0.19780

#48: RoyalAntelope  
position  1:    T:0.21978    C:0.19780    A:0.29670    G:0.28571
position  2:    T:0.28571    C:0.15385    A:0.43956    G:0.12088
position  3:    T:0.36264    C:0.26374    A:0.17582    G:0.19780
Average         T:0.28938    C:0.20513    A:0.30403    G:0.20147

#49: Steenbok       
position  1:    T:0.21978    C:0.19780    A:0.29670    G:0.28571
position  2:    T:0.28571    C:0.15385    A:0.43956    G:0.12088
position  3:    T:0.35165    C:0.25275    A:0.20879    G:0.18681
Average         T:0.28571    C:0.20147    A:0.31502    G:0.19780

#50: Impala         
position  1:    T:0.21978    C:0.19780    A:0.29670    G:0.28571
position  2:    T:0.28571    C:0.15385    A:0.43956    G:0.12088
position  3:    T:0.37363    C:0.24176    A:0.19780    G:0.18681
Average         T:0.29304    C:0.19780    A:0.31136    G:0.19780

#51: Klipspringer   
position  1:    T:0.21978    C:0.19780    A:0.29670    G:0.28571
position  2:    T:0.28571    C:0.15385    A:0.42857    G:0.13187
