CODONML (in paml version 4.10.7, June 2023)  /home/rachel/ruminants_paml/6406-phy-tree/ENSBTAT00000002131.fasta.phy
Model: free dN/dS Ratios for branches,  kappa = 2.000 fixed

Codon frequency model: F3x4
ns =  54  ls = 155

Codon usage in sequences
--------------------------------------------------------------------------------------------------------------------------------------
Phe TTT   2   2   2   1   2   2 | Ser TCT   1   1   1   1   1   1 | Tyr TAT   5   4   5   6   2   4 | Cys TGT   1   2   1   1   1   2
    TTC   4   4   4   5   4   4 |     TCC   1   0   1   1   1   1 |     TAC   2   3   2   1   5   3 |     TGC   1   0   1   1   1   0
Leu TTA   2   1   2   1   1   2 |     TCA   2   2   2   2   2   1 | *** TAA   0   0   0   0   0   0 | *** TGA   0   0   0   0   0   0
    TTG   1   2   1   1   2   1 |     TCG   0   1   0   0   0   1 |     TAG   0   0   0   0   0   0 | Trp TGG   1   1   1   1   1   1
--------------------------------------------------------------------------------------------------------------------------------------
Leu CTT   3   2   3   3   3   3 | Pro CCT   3   3   3   3   2   2 | His CAT   2   1   2   2   2   2 | Arg CGT   2   2   2   2   2   2
    CTC   1   2   2   1   1   1 |     CCC   1   1   1   1   2   2 |     CAC   0   1   0   0   0   0 |     CGC   2   2   2   2   2   2
    CTA   1   1   1   2   1   1 |     CCA   0   1   0   1   0   0 | Gln CAA   3   4   3   2   2   3 |     CGA   0   0   0   0   0   0
    CTG   2   2   1   2   2   2 |     CCG   2   1   2   1   2   2 |     CAG   4   3   4   5   5   4 |     CGG   0   0   0   0   0   0
--------------------------------------------------------------------------------------------------------------------------------------
Ile ATT   8   8   9   8   7   9 | Thr ACT   2   2   1   1   1   1 | Asn AAT   0   0   0   1   0   0 | Ser AGT   0   1   0   0   1   1
    ATC   7   8   7   8   7   6 |     ACC   2   1   2   2   2   2 |     AAC   3   3   3   2   3   3 |     AGC   3   2   3   3   2   2
    ATA   4   3   3   3   5   4 |     ACA   3   2   3   3   3   4 | Lys AAA   4   4   4   4   4   4 | Arg AGA   1   1   1   0   1   1
Met ATG   3   3   3   3   3   3 |     ACG   0   2   1   1   1   0 |     AAG   4   4   4   4   4   4 |     AGG   0   0   0   1   0   0
--------------------------------------------------------------------------------------------------------------------------------------
Val GTT   3   3   3   3   4   4 | Ala GCT   0   0   1   0   0   0 | Asp GAT   8   6   8   6   7   8 | Gly GGT   7   6   7   6   6   7
    GTC   4   5   4   4   6   4 |     GCC   3   2   3   3   3   2 |     GAC   4   6   4   6   5   4 |     GGC   3   2   3   4   3   2
    GTA   3   2   3   3   1   4 |     GCA   2   2   1   2   2   2 | Glu GAA   5   5   6   6   5   5 |     GGA   5   5   5   5   5   6
    GTG   6   6   6   6   5   4 |     GCG   0   1   0   0   0   1 |     GAG   6   6   5   5   6   6 |     GGG   3   5   3   3   4   3
--------------------------------------------------------------------------------------------------------------------------------------

--------------------------------------------------------------------------------------------------------------------------------------
Phe TTT   2   2   2   2   2   2 | Ser TCT   1   1   1   1   1   1 | Tyr TAT   5   5   6   5   5   4 | Cys TGT   1   1   1   1   1   2
    TTC   4   4   4   4   4   4 |     TCC   1   1   1   1   1   1 |     TAC   2   2   1   2   2   3 |     TGC   1   1   1   1   1   0
Leu TTA   2   2   2   2   2   2 |     TCA   2   2   2   2   2   2 | *** TAA   0   0   0   0   0   0 | *** TGA   0   0   0   0   0   0
    TTG   1   1   1   1   1   1 |     TCG   0   0   0   0   0   0 |     TAG   0   0   0   0   0   0 | Trp TGG   1   1   1   1   1   1
--------------------------------------------------------------------------------------------------------------------------------------
Leu CTT   3   3   3   3   3   3 | Pro CCT   3   3   3   3   3   3 | His CAT   2   2   2   1   2   2 | Arg CGT   2   2   2   2   2   2
    CTC   1   1   1   1   2   2 |     CCC   2   1   1   1   1   1 |     CAC   0   0   0   1   0   0 |     CGC   2   2   2   2   2   2
    CTA   1   1   1   1   1   1 |     CCA   0   0   0   0   0   0 | Gln CAA   3   3   3   2   3   3 |     CGA   0   0   0   0   0   0
    CTG   2   2   2   2   1   1 |     CCG   1   2   2   2   2   2 |     CAG   4   4   4   5   4   4 |     CGG   0   0   0   0   0   0
--------------------------------------------------------------------------------------------------------------------------------------
Ile ATT   8   8   8   8   9   9 | Thr ACT   2   2   1   1   1   1 | Asn AAT   0   0   0   0   0   0 | Ser AGT   0   0   0   0   0   1
    ATC   7   7   7   8   7   6 |     ACC   1   2   2   2   2   2 |     AAC   3   3   3   3   3   3 |     AGC   3   3   3   3   3   2
    ATA   4   4   4   3   3   4 |     ACA   2   3   3   3   3   3 | Lys AAA   4   4   4   4   4   4 | Arg AGA   1   1   1   1   1   1
Met ATG   3   3   3   3   3   3 |     ACG   2   0   1   1   1   1 |     AAG   4   4   4   4   4   4 |     AGG   0   0   0   0   0   0
--------------------------------------------------------------------------------------------------------------------------------------
Val GTT   3   3   2   2   3   3 | Ala GCT   0   0   0   0   1   0 | Asp GAT   8   8   8   9   8   8 | Gly GGT   7   7   8   7   7   7
    GTC   4   4   5   4   4   4 |     GCC   3   3   3   4   3   4 |     GAC   4   4   4   3   4   4 |     GGC   3   3   2   3   3   3
    GTA   3   3   2   3   3   3 |     GCA   2   2   2   1   1   1 | Glu GAA   5   5   5   5   6   6 |     GGA   4   5   6   5   5   5
    GTG   6   6   7   7   6   6 |     GCG   0   0   0   0   0   0 |     GAG   6   6   6   6   5   5 |     GGG   4   3   2   3   3   3
--------------------------------------------------------------------------------------------------------------------------------------

--------------------------------------------------------------------------------------------------------------------------------------
Phe TTT   2   2   2   2   2   2 | Ser TCT   1   1   1   1   1   1 | Tyr TAT   5   5   5   6   5   5 | Cys TGT   1   2   1   0   1   1
    TTC   4   4   4   4   4   4 |     TCC   1   1   1   1   1   1 |     TAC   2   2   2   1   1   2 |     TGC   1   0   1   2   1   1
Leu TTA   2   2   2   2   2   2 |     TCA   2   2   2   2   1   2 | *** TAA   0   0   0   0   0   0 | *** TGA   0   0   0   0   0   0
    TTG   1   1   1   1   1   1 |     TCG   0   0   0   0   1   0 |     TAG   0   0   0   0   0   0 | Trp TGG   1   1   1   1   1   1
--------------------------------------------------------------------------------------------------------------------------------------
Leu CTT   3   3   3   3   3   3 | Pro CCT   3   3   2   3   3   3 | His CAT   2   2   2   2   3   2 | Arg CGT   2   2   2   2   2   2
    CTC   1   1   1   1   1   1 |     CCC   1   1   1   1   1   1 |     CAC   0   0   0   0   0   0 |     CGC   2   2   2   2   2   2
    CTA   1   1   1   1   1   1 |     CCA   0   0   1   0   0   0 | Gln CAA   3   3   3   3   3   3 |     CGA   0   0   0   0   0   0
    CTG   2   2   2   2   2   2 |     CCG   2   2   2   2   2   2 |     CAG   4   4   4   4   4   4 |     CGG   0   0   0   0   0   0
--------------------------------------------------------------------------------------------------------------------------------------
Ile ATT   8   8   8   8   8   9 | Thr ACT   1   1   1   1   2   2 | Asn AAT   0   0   0   0   0   0 | Ser AGT   0   0   0   0   0   1
    ATC   7   7   7   7   7   7 |     ACC   2   2   2   2   1   1 |     AAC   3   3   3   3   3   3 |     AGC   3   3   3   3   3   2
    ATA   4   4   4   4   4   3 |     ACA   3   3   3   3   3   3 | Lys AAA   4   4   3   4   4   4 | Arg AGA   1   1   1   1   1   1
Met ATG   3   3   3   3   3   3 |     ACG   1   1   1   1   1   1 |     AAG   4   4   5   4   4   4 |     AGG   0   0   0   0   0   0
--------------------------------------------------------------------------------------------------------------------------------------
Val GTT   3   3   3   2   3   3 | Ala GCT   0   1   0   0   0   0 | Asp GAT   8   8   9   8   8   8 | Gly GGT   7   6   8   7   7   6
    GTC   4   4   4   5   4   3 |     GCC   3   3   3   3   3   3 |     GAC   4   4   3   4   4   4 |     GGC   3   4   2   3   3   4
    GTA   3   3   3   2   2   3 |     GCA   2   1   2   2   1   2 | Glu GAA   5   6   5   5   5   5 |     GGA   5   5   5   5   5   5
    GTG   6   6   6   7   7   7 |     GCG   0   0   0   0   1   0 |     GAG   6   5   6   6   6   6 |     GGG   3   3   3   3   3   3
--------------------------------------------------------------------------------------------------------------------------------------

--------------------------------------------------------------------------------------------------------------------------------------
Phe TTT   2   3   2   2   2   2 | Ser TCT   1   1   1   1   1   1 | Tyr TAT   5   4   5   5   5   5 | Cys TGT   1   1   2   1   1   1
    TTC   4   3   4   4   4   4 |     TCC   1   1   1   1   1   1 |     TAC   2   3   2   2   2   2 |     TGC   1   1   0   1   1   1
Leu TTA   2   2   2   2   2   2 |     TCA   2   2   2   2   2   2 | *** TAA   0   0   0   0   0   0 | *** TGA   0   0   0   0   0   0
    TTG   1   1   1   1   1   1 |     TCG   0   0   0   0   0   0 |     TAG   0   0   0   0   0   0 | Trp TGG   1   1   1   1   1   1
--------------------------------------------------------------------------------------------------------------------------------------
Leu CTT   3   3   3   3   3   3 | Pro CCT   3   3   3   3   3   3 | His CAT   2   2   2   2   1   2 | Arg CGT   2   2   2   2   2   2
    CTC   1   1   1   2   1   1 |     CCC   1   1   1   1   1   1 |     CAC   0   0   0   0   1   0 |     CGC   2   2   2   2   2   2
    CTA   1   1   1   1   1   1 |     CCA   1   0   0   0   0   0 | Gln CAA   3   3   3   3   3   3 |     CGA   0   0   0   0   0   0
    CTG   2   2   2   1   2   2 |     CCG   1   2   2   2   2   2 |     CAG   4   4   4   4   4   4 |     CGG   0   0   0   0   0   0
--------------------------------------------------------------------------------------------------------------------------------------
Ile ATT   8   8   8   9   8   8 | Thr ACT   1   1   1   1   1   1 | Asn AAT   0   0   0   0   0   0 | Ser AGT   0   0   0   0   0   0
    ATC   7   6   7   7   8   7 |     ACC   2   2   2   2   2   2 |     AAC   3   3   3   3   3   3 |     AGC   3   3   3   3   3   3
    ATA   4   5   4   3   3   4 |     ACA   4   4   3   3   3   3 | Lys AAA   4   4   4   4   4   4 | Arg AGA   1   1   1   1   1   1
Met ATG   3   3   3   3   3   3 |     ACG   0   0   1   1   1   1 |     AAG   4   4   4   4   4   4 |     AGG   0   0   0   0   0   0
--------------------------------------------------------------------------------------------------------------------------------------
Val GTT   3   3   3   3   3   3 | Ala GCT   0   0   0   1   0   0 | Asp GAT   8   8   8   8   8   8 | Gly GGT   7   7   7   7   6   7
    GTC   4   4   4   4   4   4 |     GCC   2   2   3   3   3   3 |     GAC   4   4   4   4   4   4 |     GGC   3   3   3   3   4   3
    GTA   3   3   3   3   3   2 |     GCA   2   2   2   1   2   2 | Glu GAA   6   6   5   6   5   5 |     GGA   6   5   5   5   5   5
    GTG   6   6   6   6   6   7 |     GCG   1   1   0   0   0   0 |     GAG   5   5   6   5   6   6 |     GGG   2   3   3   3   3   3
--------------------------------------------------------------------------------------------------------------------------------------

--------------------------------------------------------------------------------------------------------------------------------------
Phe TTT   2   2   2   2   2   2 | Ser TCT   1   1   1   1   1   1 | Tyr TAT   5   5   5   5   5   5 | Cys TGT   2   1   1   1   1   1
    TTC   4   4   4   4   4   4 |     TCC   1   1   1   1   1   1 |     TAC   2   2   2   2   2   2 |     TGC   0   1   1   1   1   1
Leu TTA   2   2   2   2   2   2 |     TCA   2   2   2   2   2   2 | *** TAA   0   0   0   0   0   0 | *** TGA   0   0   0   0   0   0
    TTG   0   1   1   1   1   1 |     TCG   0   0   0   0   0   0 |     TAG   0   0   0   0   0   0 | Trp TGG   1   1   1   1   1   1
--------------------------------------------------------------------------------------------------------------------------------------
Leu CTT   3   3   3   3   3   3 | Pro CCT   3   3   3   3   2   3 | His CAT   2   2   2   2   2   2 | Arg CGT   2   2   2   2   2   2
    CTC   2   2   1   1   1   2 |     CCC   1   1   1   1   1   1 |     CAC   0   0   0   0   0   0 |     CGC   2   2   2   2   2   2
    CTA   1   1   1   1   1   1 |     CCA   0   0   0   1   1   0 | Gln CAA   3   3   3   3   3   3 |     CGA   0   0   0   0   0   0
    CTG   2   1   2   2   2   1 |     CCG   2   2   2   1   2   2 |     CAG   4   4   4   4   4   4 |     CGG   0   0   0   0   0   0
--------------------------------------------------------------------------------------------------------------------------------------
Ile ATT   9   8   8   8   8   9 | Thr ACT   1   2   1   1   1   1 | Asn AAT   0   0   0   0   0   0 | Ser AGT   0   0   0   0   0   0
    ATC   6   7   7   8   7   7 |     ACC   2   1   2   2   2   2 |     AAC   3   3   3   3   3   3 |     AGC   3   3   3   3   3   3
    ATA   4   4   4   3   4   3 |     ACA   3   3   3   4   3   3 | Lys AAA   4   4   4   4   3   4 | Arg AGA   1   1   1   1   1   1
Met ATG   3   3   3   3   3   3 |     ACG   1   1   1   0   1   1 |     AAG   4   4   4   4   5   4 |     AGG   0   0   0   0   0   0
--------------------------------------------------------------------------------------------------------------------------------------
Val GTT   3   3   3   3   3   3 | Ala GCT   0   0   0   0   0   1 | Asp GAT   8   8   8   8   9   8 | Gly GGT   7   7   7   6   8   7
    GTC   4   4   4   3   4   4 |     GCC   4   4   3   3   3   3 |     GAC   4   4   4   4   3   4 |     GGC   3   3   3   4   2   3
    GTA   3   3   3   3   3   3 |     GCA   1   1   2   2   2   1 | Glu GAA   6   6   5   5   5   6 |     GGA   5   5   5   6   5   5
    GTG   6   6   6   7   6   6 |     GCG   0   0   0   0   0   0 |     GAG   5   5   6   6   6   5 |     GGG   3   3   3   2   3   3
--------------------------------------------------------------------------------------------------------------------------------------

--------------------------------------------------------------------------------------------------------------------------------------
Phe TTT   2   2   2   2   2   2 | Ser TCT   1   1   1   1   1   1 | Tyr TAT   5   5   4   6   5   5 | Cys TGT   2   1   2   1   1   1
    TTC   4   4   4   4   4   4 |     TCC   1   1   1   1   1   1 |     TAC   2   2   3   1   2   2 |     TGC   0   1   0   1   1   1
Leu TTA   2   2   2   2   2   2 |     TCA   2   2   2   2   2   2 | *** TAA   0   0   0   0   0   0 | *** TGA   0   0   0   0   0   0
    TTG   1   1   1   1   1   1 |     TCG   0   0   0   0   0   0 |     TAG   0   0   0   0   0   0 | Trp TGG   1   1   1   1   1   1
--------------------------------------------------------------------------------------------------------------------------------------
Leu CTT   3   3   3   3   3   3 | Pro CCT   3   3   3   3   3   3 | His CAT   2   2   2   2   2   2 | Arg CGT   2   2   2   2   2   2
    CTC   1   2   2   1   1   1 |     CCC   1   1   1   1   1   1 |     CAC   0   0   0   0   0   0 |     CGC   2   2   2   2   2   2
    CTA   1   1   1   1   2   1 |     CCA   0   0   0   0   1   0 | Gln CAA   3   3   3   3   3   3 |     CGA   0   0   0   0   0   0
    CTG   2   1   1   2   1   2 |     CCG   2   2   2   2   1   2 |     CAG   4   4   4   4   4   4 |     CGG   0   0   0   0   0   0
--------------------------------------------------------------------------------------------------------------------------------------
Ile ATT   9   9   9   8   8   7 | Thr ACT   2   1   1   1   1   1 | Asn AAT   0   0   0   0   0   0 | Ser AGT   0   0   1   0   0   0
    ATC   7   7   6   7   7   8 |     ACC   1   2   2   2   2   2 |     AAC   3   3   3   3   3   3 |     AGC   3   3   2   3   3   3
    ATA   3   3   4   4   4   4 |     ACA   3   3   4   3   3   3 | Lys AAA   4   4   4   4   4   3 | Arg AGA   1   1   1   1   1   1
Met ATG   3   3   3   3   3   3 |     ACG   1   1   0   1   1   1 |     AAG   4   4   4   4   4   5 |     AGG   0   0   0   0   0   0
--------------------------------------------------------------------------------------------------------------------------------------
Val GTT   3   3   3   2   3   3 | Ala GCT   0   1   0   0   0   0 | Asp GAT   8   8   8   8   6   9 | Gly GGT   6   8   8   7   7   8
    GTC   3   4   4   4   4   4 |     GCC   3   3   4   3   2   3 |     GAC   4   4   4   4   6   3 |     GGC   4   3   2   3   3   2
    GTA   3   3   3   3   3   3 |     GCA   2   1   1   2   3   2 | Glu GAA   5   6   6   5   6   5 |     GGA   5   4   5   5   5   5
    GTG   7   6   6   7   6   6 |     GCG   0   0   0   0   0   0 |     GAG   6   5   5   6   5   6 |     GGG   3   3   3   3   3   3
--------------------------------------------------------------------------------------------------------------------------------------

--------------------------------------------------------------------------------------------------------------------------------------
Phe TTT   1   2   1   2   2   2 | Ser TCT   1   1   1   1   1   1 | Tyr TAT   5   5   5   5   5   6 | Cys TGT   2   2   1   2   1   2
    TTC   5   4   5   4   4   4 |     TCC   1   1   1   1   1   1 |     TAC   2   2   2   2   2   1 |     TGC   0   0   1   0   1   0
Leu TTA   2   2   2   2   2   2 |     TCA   2   2   2   2   2   2 | *** TAA   0   0   0   0   0   0 | *** TGA   0   0   0   0   0   0
    TTG   1   1   1   1   1   1 |     TCG   0   0   0   0   0   0 |     TAG   0   0   0   0   0   0 | Trp TGG   1   1   1   1   1   1
--------------------------------------------------------------------------------------------------------------------------------------
Leu CTT   3   3   3   3   3   3 | Pro CCT   3   3   3   3   3   3 | His CAT   2   2   2   2   1   2 | Arg CGT   2   2   2   2   2   2
    CTC   1   1   1   1   1   2 |     CCC   1   1   1   1   1   1 |     CAC   0   0   0   0   1   0 |     CGC   2   2   2   2   2   2
    CTA   1   1   1   1   1   1 |     CCA   0   0   0   0   0   0 | Gln CAA   3   3   3   3   3   3 |     CGA   0   0   0   0   0   0
    CTG   2   2   2   2   2   1 |     CCG   2   2   2   2   2   2 |     CAG   4   4   4   4   4   4 |     CGG   0   0   0   0   0   0
--------------------------------------------------------------------------------------------------------------------------------------
Ile ATT   8   8   8   8   8   8 | Thr ACT   1   1   1   2   1   1 | Asn AAT   0   0   0   0   0   0 | Ser AGT   0   0   0   0   0   0
    ATC   7   7   7   7   8   7 |     ACC   2   2   2   1   2   2 |     AAC   3   3   3   3   3   3 |     AGC   3   3   3   3   3   3
    ATA   4   4   4   4   3   4 |     ACA   3   3   3   3   3   4 | Lys AAA   4   4   4   4   4   4 | Arg AGA   1   1   1   1   1   1
Met ATG   3   3   3   3   3   3 |     ACG   1   1   1   1   1   0 |     AAG   4   4   4   4   4   4 |     AGG   0   0   0   0   0   0
--------------------------------------------------------------------------------------------------------------------------------------
Val GTT   3   4   3   3   3   3 | Ala GCT   0   1   0   1   0   0 | Asp GAT   9   8   8   8   8   8 | Gly GGT   7   7   7   7   6   8
    GTC   4   4   4   4   4   4 |     GCC   3   3   3   2   3   4 |     GAC   3   4   4   4   4   4 |     GGC   3   3   3   3   4   2
    GTA   3   2   3   3   3   3 |     GCA   2   1   2   2   2   1 | Glu GAA   5   6   5   5   5   6 |     GGA   5   5   6   5   5   5
    GTG   6   6   6   6   6   6 |     GCG   0   0   0   0   0   0 |     GAG   6   5   6   6   6   5 |     GGG   3   3   2   3   3   3
--------------------------------------------------------------------------------------------------------------------------------------

--------------------------------------------------------------------------------------------------------------------------------------
Phe TTT   2   2   2   2   2   2 | Ser TCT   1   1   1   1   1   1 | Tyr TAT   5   5   4   5   5   5 | Cys TGT   2   1   2   1   2   1
    TTC   4   4   4   4   4   4 |     TCC   1   1   1   1   1   1 |     TAC   2   2   3   2   2   2 |     TGC   0   1   0   1   0   1
Leu TTA   2   2   2   2   2   2 |     TCA   2   2   2   2   2   2 | *** TAA   0   0   0   0   0   0 | *** TGA   0   0   0   0   0   0
    TTG   0   1   1   1   1   1 |     TCG   0   0   0   0   0   0 |     TAG   0   0   0   0   0   0 | Trp TGG   1   1   1   1   1   1
--------------------------------------------------------------------------------------------------------------------------------------
Leu CTT   3   3   3   3   3   3 | Pro CCT   3   3   3   3   3   3 | His CAT   2   2   2   2   2   2 | Arg CGT   2   2   2   2   2   2
    CTC   2   1   2   2   1   1 |     CCC   1   1   1   1   1   1 |     CAC   0   0   0   0   0   0 |     CGC   2   2   2   2   2   2
    CTA   1   1   1   1   1   1 |     CCA   0   0   0   0   0   0 | Gln CAA   3   3   4   3   3   3 |     CGA   0   0   0   0   0   0
    CTG   2   2   1   1   2   2 |     CCG   2   2   2   2   2   2 |     CAG   4   4   3   4   4   4 |     CGG   0   0   0   0   0   0
--------------------------------------------------------------------------------------------------------------------------------------
Ile ATT   9   8   9   8   8   9 | Thr ACT   1   1   1   1   1   1 | Asn AAT   0   0   0   0   0   0 | Ser AGT   0   0   1   0   0   0
    ATC   6   8   6   7   7   6 |     ACC   1   2   2   2   2   2 |     AAC   3   3   3   3   3   3 |     AGC   3   3   2   3   3   3
    ATA   4   3   4   4   4   4 |     ACA   3   4   3   3   3   2 | Lys AAA   5   4   4   4   4   4 | Arg AGA   1   1   1   1   1   1
Met ATG   3   3   3   3   3   3 |     ACG   2   0   1   1   1   2 |     AAG   3   4   4   4   4   4 |     AGG   0   0   0   0   0   0
--------------------------------------------------------------------------------------------------------------------------------------
Val GTT   3   3   3   3   4   3 | Ala GCT   0   0   0   0   1   0 | Asp GAT   8   8   8   8   8   9 | Gly GGT   7   6   7   7   7   7
    GTC   4   3   4   4   4   4 |     GCC   4   3   4   4   3   3 |     GAC   4   4   4   4   4   3 |     GGC   3   4   3   3   3   3
    GTA   3   3   3   3   2   3 |     GCA   1   2   1   1   1   2 | Glu GAA   6   5   6   6   6   5 |     GGA   5   5   5   5   5   5
    GTG   6   7   6   6   6   6 |     GCG   0   0   0   0   0   0 |     GAG   5   6   5   5   5   6 |     GGG   3   3   3   3   3   3
--------------------------------------------------------------------------------------------------------------------------------------

--------------------------------------------------------------------------------------------------------------------------------------
Phe TTT   2   2   2   1   2   2 | Ser TCT   1   1   1   1   1   1 | Tyr TAT   5   5   5   6   5   5 | Cys TGT   1   1   2   1   1   1
    TTC   4   4   4   5   4   4 |     TCC   1   1   1   1   1   1 |     TAC   2   2   2   1   2   2 |     TGC   1   1   0   1   1   1
Leu TTA   2   2   2   1   2   2 |     TCA   2   2   2   2   2   2 | *** TAA   0   0   0   0   0   0 | *** TGA   0   0   0   0   0   0
    TTG   1   1   1   1   1   1 |     TCG   0   0   0   0   0   0 |     TAG   0   0   0   0   0   0 | Trp TGG   1   1   1   1   1   1
--------------------------------------------------------------------------------------------------------------------------------------
Leu CTT   3   3   4   3   3   3 | Pro CCT   2   3   3   3   3   3 | His CAT   1   2   2   2   2   2 | Arg CGT   2   2   2   2   2   2
    CTC   1   1   0   1   2   2 |     CCC   2   1   1   1   1   1 |     CAC   1   0   0   0   0   0 |     CGC   2   2   2   2   2   2
    CTA   1   1   1   2   1   1 |     CCA   0   0   1   1   0   0 | Gln CAA   2   2   3   2   3   3 |     CGA   0   0   0   0   0   0
    CTG   2   2   2   2   1   1 |     CCG   2   2   1   1   2   2 |     CAG   5   5   4   5   4   4 |     CGG   0   0   0   0   0   0
--------------------------------------------------------------------------------------------------------------------------------------
Ile ATT   8   8   9   8   9   9 | Thr ACT   1   2   1   1   1   1 | Asn AAT   0   0   0   1   0   0 | Ser AGT   0   0   0   0   0   0
    ATC   8   7   6   8   7   7 |     ACC   2   1   2   2   2   2 |     AAC   3   3   3   2   3   3 |     AGC   3   3   3   3   3   3
    ATA   3   4   4   3   3   3 |     ACA   3   3   3   3   3   3 | Lys AAA   4   4   4   4   4   4 | Arg AGA   1   1   1   0   1   1
Met ATG   3   3   3   3   3   3 |     ACG   1   1   1   1   1   1 |     AAG   4   4   4   4   4   4 |     AGG   0   0   0   1   0   0
--------------------------------------------------------------------------------------------------------------------------------------
Val GTT   3   3   3   3   3   3 | Ala GCT   0   0   0   0   1   1 | Asp GAT   8   7   8   6   8   8 | Gly GGT   5   7   7   6   7   7
    GTC   4   4   4   4   4   4 |     GCC   3   3   3   3   3   3 |     GAC   4   5   4   6   4   4 |     GGC   4   3   3   4   3   3
    GTA   3   3   3   3   3   3 |     GCA   2   2   2   2   1   1 | Glu GAA   4   3   6   6   6   6 |     GGA   5   5   5   5   5   5
    GTG   6   6   6   6   6   6 |     GCG   0   0   0   0   0   0 |     GAG   7   8   5   5   5   5 |     GGG   4   3   3   3   3   3
--------------------------------------------------------------------------------------------------------------------------------------

Codon position x base (3x4) table for each sequence.

#1: Argali         
position  1:    T:0.14839    C:0.16774    A:0.28387    G:0.40000
position  2:    T:0.34839    C:0.14194    A:0.32258    G:0.18710
position  3:    T:0.30323    C:0.26452    A:0.22581    G:0.20645
Average         T:0.26667    C:0.19140    A:0.27742    G:0.26452

#2: LesserMouseDeer
position  1:    T:0.14839    C:0.16774    A:0.28387    G:0.40000
position  2:    T:0.34839    C:0.14194    A:0.32258    G:0.18710
position  3:    T:0.27742    C:0.27097    A:0.21290    G:0.23871
Average         T:0.25806    C:0.19355    A:0.27312    G:0.27527

#3: LesserKudu     
position  1:    T:0.14839    C:0.16774    A:0.28387    G:0.40000
position  2:    T:0.34839    C:0.14194    A:0.32258    G:0.18710
position  3:    T:0.30968    C:0.27097    A:0.21935    G:0.20000
Average         T:0.26882    C:0.19355    A:0.27527    G:0.26237

#4: ForestMuskDeer2
position  1:    T:0.14194    C:0.17419    A:0.28387    G:0.40000
position  2:    T:0.34839    C:0.14194    A:0.32258    G:0.18710
position  3:    T:0.28387    C:0.28387    A:0.21935    G:0.21290
Average         T:0.25806    C:0.20000    A:0.27527    G:0.26667

#5: Camel          
position  1:    T:0.14839    C:0.16774    A:0.28387    G:0.40000
position  2:    T:0.34839    C:0.14194    A:0.32258    G:0.18710
position  3:    T:0.26452    C:0.30323    A:0.20645    G:0.22581
Average         T:0.25376    C:0.20430    A:0.27097    G:0.27097

#6: KillerWhale    
position  1:    T:0.14839    C:0.16774    A:0.28387    G:0.40000
position  2:    T:0.34839    C:0.14194    A:0.32258    G:0.18710
position  3:    T:0.30968    C:0.24516    A:0.23871    G:0.20645
Average         T:0.26882    C:0.18495    A:0.28172    G:0.26452

#7: DefassaWaterbuck
position  1:    T:0.14839    C:0.16774    A:0.28387    G:0.40000
position  2:    T:0.34839    C:0.14194    A:0.32258    G:0.18710
position  3:    T:0.30323    C:0.26452    A:0.21290    G:0.21935
Average         T:0.26667    C:0.19140    A:0.27312    G:0.26882

#8: Sheep          
position  1:    T:0.14839    C:0.16774    A:0.28387    G:0.40000
position  2:    T:0.34839    C:0.14194    A:0.32258    G:0.18710
position  3:    T:0.30323    C:0.26452    A:0.22581    G:0.20645
Average         T:0.26667    C:0.19140    A:0.27742    G:0.26452

#9: MaxwellsDuiker 
position  1:    T:0.14839    C:0.16774    A:0.28387    G:0.40000
position  2:    T:0.34839    C:0.14194    A:0.32258    G:0.18710
position  3:    T:0.30323    C:0.25806    A:0.22581    G:0.21290
Average         T:0.26667    C:0.18925    A:0.27742    G:0.26667

#10: GazellaPrzewalskyi
position  1:    T:0.14839    C:0.16774    A:0.28387    G:0.40000
position  2:    T:0.34839    C:0.14194    A:0.32258    G:0.18710
position  3:    T:0.29032    C:0.27742    A:0.20645    G:0.22581
Average         T:0.26237    C:0.19570    A:0.27097    G:0.27097

#11: MountainNyala  
position  1:    T:0.14839    C:0.16774    A:0.28387    G:0.40000
position  2:    T:0.34839    C:0.14194    A:0.32258    G:0.18710
position  3:    T:0.30968    C:0.27097    A:0.21935    G:0.20000
Average         T:0.26882    C:0.19355    A:0.27527    G:0.26237

#12: MuntiacusMuntjak
position  1:    T:0.14839    C:0.16774    A:0.28387    G:0.40000
position  2:    T:0.34839    C:0.14194    A:0.32258    G:0.18710
position  3:    T:0.30968    C:0.26452    A:0.22581    G:0.20000
Average         T:0.26882    C:0.19140    A:0.27742    G:0.26237

#13: goat           
position  1:    T:0.14839    C:0.16774    A:0.28387    G:0.40000
position  2:    T:0.34839    C:0.14194    A:0.32258    G:0.18710
position  3:    T:0.29677    C:0.26452    A:0.22581    G:0.21290
Average         T:0.26452    C:0.19140    A:0.27742    G:0.26667

#14: AfricanBuffalo 
position  1:    T:0.14839    C:0.16774    A:0.28387    G:0.40000
position  2:    T:0.34839    C:0.14194    A:0.32258    G:0.18710
position  3:    T:0.30323    C:0.26452    A:0.22581    G:0.20645
Average         T:0.26667    C:0.19140    A:0.27742    G:0.26452

#15: Topi           
position  1:    T:0.14839    C:0.16774    A:0.28387    G:0.40000
position  2:    T:0.34839    C:0.14194    A:0.32258    G:0.18710
position  3:    T:0.30323    C:0.25161    A:0.22581    G:0.21935
Average         T:0.26667    C:0.18710    A:0.27742    G:0.26882

#16: CommonDuiker   
position  1:    T:0.14839    C:0.16774    A:0.28387    G:0.40000
position  2:    T:0.34839    C:0.14194    A:0.32258    G:0.18710
position  3:    T:0.29032    C:0.27097    A:0.21935    G:0.21935
Average         T:0.26237    C:0.19355    A:0.27527    G:0.26882

#17: Suni           
position  1:    T:0.14194    C:0.17419    A:0.28387    G:0.40000
position  2:    T:0.34839    C:0.14194    A:0.32258    G:0.18710
position  3:    T:0.30968    C:0.25161    A:0.20645    G:0.23226
Average         T:0.26667    C:0.18925    A:0.27097    G:0.27312

#18: Springbuck     
position  1:    T:0.14839    C:0.16774    A:0.28387    G:0.40000
position  2:    T:0.34839    C:0.14194    A:0.32258    G:0.18710
position  3:    T:0.30968    C:0.25161    A:0.21935    G:0.21935
Average         T:0.26882    C:0.18710    A:0.27527    G:0.26882

#19: Okapi          
position  1:    T:0.14839    C:0.16774    A:0.28387    G:0.40000
position  2:    T:0.34839    C:0.14194    A:0.32258    G:0.18710
position  3:    T:0.29677    C:0.25806    A:0.25161    G:0.19355
Average         T:0.26452    C:0.18925    A:0.28602    G:0.26022

#20: Giraffe        
position  1:    T:0.14839    C:0.16774    A:0.28387    G:0.40000
position  2:    T:0.34839    C:0.14194    A:0.32258    G:0.18710
position  3:    T:0.29677    C:0.25161    A:0.24516    G:0.20645
Average         T:0.26452    C:0.18710    A:0.28387    G:0.26452

#21: TibetanAntelope
position  1:    T:0.14839    C:0.16774    A:0.28387    G:0.40000
position  2:    T:0.34839    C:0.14194    A:0.32258    G:0.18710
position  3:    T:0.30323    C:0.25806    A:0.22581    G:0.21290
Average         T:0.26667    C:0.18925    A:0.27742    G:0.26667

#22: Sitatunga      
position  1:    T:0.14839    C:0.16774    A:0.28387    G:0.40000
position  2:    T:0.34839    C:0.14194    A:0.32258    G:0.18710
position  3:    T:0.30968    C:0.27097    A:0.21935    G:0.20000
Average         T:0.26882    C:0.19355    A:0.27527    G:0.26237

#23: Oribi          
position  1:    T:0.14839    C:0.16774    A:0.28387    G:0.40000
position  2:    T:0.34839    C:0.14194    A:0.32258    G:0.18710
position  3:    T:0.28387    C:0.28387    A:0.21935    G:0.21290
Average         T:0.26022    C:0.19785    A:0.27527    G:0.26667

#24: BarbarySheep   
position  1:    T:0.14839    C:0.16774    A:0.28387    G:0.40000
position  2:    T:0.34839    C:0.14194    A:0.32258    G:0.18710
position  3:    T:0.29677    C:0.26452    A:0.21935    G:0.21935
Average         T:0.26452    C:0.19140    A:0.27527    G:0.26882

#25: Daviddeer      
position  1:    T:0.14194    C:0.17419    A:0.28387    G:0.40000
position  2:    T:0.34839    C:0.14194    A:0.32258    G:0.18710
position  3:    T:0.30968    C:0.26452    A:0.22581    G:0.20000
Average         T:0.26667    C:0.19355    A:0.27742    G:0.26237

#26: Reindeer       
position  1:    T:0.14839    C:0.16774    A:0.28387    G:0.40000
position  2:    T:0.34839    C:0.14194    A:0.32258    G:0.18710
position  3:    T:0.30323    C:0.27097    A:0.22581    G:0.20000
Average         T:0.26667    C:0.19355    A:0.27742    G:0.26237

#27: Ibex           
position  1:    T:0.14839    C:0.16774    A:0.28387    G:0.40000
position  2:    T:0.34839    C:0.14194    A:0.32258    G:0.18710
position  3:    T:0.29677    C:0.26452    A:0.22581    G:0.21290
Average         T:0.26452    C:0.19140    A:0.27742    G:0.26667

#28: GyrantGazelle  
position  1:    T:0.14839    C:0.16774    A:0.28387    G:0.40000
position  2:    T:0.34839    C:0.14194    A:0.32258    G:0.18710
position  3:    T:0.29032    C:0.27097    A:0.23871    G:0.20000
Average         T:0.26237    C:0.19355    A:0.28172    G:0.26237

#29: Hartebeest     
position  1:    T:0.14839    C:0.16774    A:0.28387    G:0.40000
position  2:    T:0.34839    C:0.14194    A:0.32258    G:0.18710
position  3:    T:0.30323    C:0.25161    A:0.22581    G:0.21935
Average         T:0.26667    C:0.18710    A:0.27742    G:0.26882

#30: Bongo          
position  1:    T:0.14839    C:0.16774    A:0.28387    G:0.40000
position  2:    T:0.34839    C:0.14194    A:0.32258    G:0.18710
position  3:    T:0.30968    C:0.27097    A:0.21935    G:0.20000
Average         T:0.26882    C:0.19355    A:0.27527    G:0.26237

#31: Gerenuk        
position  1:    T:0.14839    C:0.16774    A:0.28387    G:0.40000
position  2:    T:0.34839    C:0.14194    A:0.32258    G:0.18710
position  3:    T:0.30968    C:0.25161    A:0.21935    G:0.21935
Average         T:0.26882    C:0.18710    A:0.27527    G:0.26882

#32: CommonEland    
position  1:    T:0.14839    C:0.16774    A:0.28387    G:0.40000
position  2:    T:0.34839    C:0.14194    A:0.32258    G:0.18710
position  3:    T:0.31613    C:0.27097    A:0.21290    G:0.20000
Average         T:0.27097    C:0.19355    A:0.27312    G:0.26237

#33: MuntiacusReevesi
position  1:    T:0.14839    C:0.16774    A:0.28387    G:0.40000
position  2:    T:0.34839    C:0.14194    A:0.32258    G:0.18710
position  3:    T:0.31613    C:0.25806    A:0.23226    G:0.19355
Average         T:0.27097    C:0.18925    A:0.27957    G:0.26022

#34: HarveysDuiker  
position  1:    T:0.14839    C:0.16774    A:0.28387    G:0.40000
position  2:    T:0.34839    C:0.14194    A:0.32258    G:0.18710
position  3:    T:0.29677    C:0.25806    A:0.22581    G:0.21935
Average         T:0.26452    C:0.18925    A:0.27742    G:0.26882

#35: Pronghorn      
position  1:    T:0.14839    C:0.16774    A:0.28387    G:0.40000
position  2:    T:0.34839    C:0.14194    A:0.32258    G:0.18710
position  3:    T:0.28387    C:0.27097    A:0.25161    G:0.19355
Average         T:0.26022    C:0.19355    A:0.28602    G:0.26022

#36: BlueWildebeest 
position  1:    T:0.14839    C:0.16774    A:0.28387    G:0.40000
position  2:    T:0.34839    C:0.14194    A:0.32258    G:0.18710
position  3:    T:0.30323    C:0.25806    A:0.21935    G:0.21935
Average         T:0.26667    C:0.18925    A:0.27527    G:0.26882

#37: Gemsbok        
position  1:    T:0.14839    C:0.16774    A:0.28387    G:0.40000
position  2:    T:0.34839    C:0.14194    A:0.32258    G:0.18710
position  3:    T:0.30323    C:0.25806    A:0.22581    G:0.21290
Average         T:0.26667    C:0.18925    A:0.27742    G:0.26667

#38: Yak            
position  1:    T:0.14839    C:0.16774    A:0.28387    G:0.40000
position  2:    T:0.34839    C:0.14194    A:0.32258    G:0.18710
position  3:    T:0.31613    C:0.25806    A:0.21935    G:0.20645
Average         T:0.27097    C:0.18925    A:0.27527    G:0.26452

#39: BlueSheep      
position  1:    T:0.14839    C:0.16774    A:0.28387    G:0.40000
position  2:    T:0.34839    C:0.14194    A:0.32258    G:0.18710
position  3:    T:0.29032    C:0.27097    A:0.23226    G:0.20645
Average         T:0.26237    C:0.19355    A:0.27957    G:0.26452

#40: BohorReedbuck  
position  1:    T:0.14839    C:0.16774    A:0.28387    G:0.40000
position  2:    T:0.34839    C:0.14194    A:0.32258    G:0.18710
position  3:    T:0.31613    C:0.24516    A:0.22581    G:0.21290
Average         T:0.27097    C:0.18495    A:0.27742    G:0.26667

#41: KirksDik       
position  1:    T:0.14839    C:0.16774    A:0.28387    G:0.40000
position  2:    T:0.34839    C:0.14194    A:0.32258    G:0.18710
position  3:    T:0.28387    C:0.28387    A:0.21935    G:0.21290
Average         T:0.26022    C:0.19785    A:0.27527    G:0.26667

#42: RoeDeer        
position  1:    T:0.14839    C:0.16774    A:0.28387    G:0.40000
position  2:    T:0.34839    C:0.14194    A:0.32258    G:0.18710
position  3:    T:0.31613    C:0.25806    A:0.23226    G:0.19355
Average         T:0.27097    C:0.18925    A:0.27957    G:0.26022

#43: WhiteLippedDeer
position  1:    T:0.14194    C:0.17419    A:0.28387    G:0.40000
position  2:    T:0.34839    C:0.14194    A:0.32258    G:0.18710
position  3:    T:0.30968    C:0.25806    A:0.23226    G:0.20000
Average         T:0.26667    C:0.19140    A:0.27957    G:0.26237

#44: ThomsonGazelle 
position  1:    T:0.14839    C:0.16774    A:0.28387    G:0.40000
position  2:    T:0.34839    C:0.14194    A:0.32258    G:0.18710
position  3:    T:0.29032    C:0.27097    A:0.22581    G:0.21290
Average         T:0.26237    C:0.19355    A:0.27742    G:0.26667

#45: MuntiacusCrinifrons
position  1:    T:0.14839    C:0.16774    A:0.28387    G:0.40000
position  2:    T:0.34839    C:0.14194    A:0.32258    G:0.18710
position  3:    T:0.30968    C:0.26452    A:0.23226    G:0.19355
Average         T:0.26882    C:0.19140    A:0.27957    G:0.26022

#46: WhiteTailedDeer
position  1:    T:0.14839    C:0.16774    A:0.28387    G:0.40000
position  2:    T:0.34839    C:0.14194    A:0.32258    G:0.18710
position  3:    T:0.29677    C:0.27742    A:0.22581    G:0.20000
Average         T:0.26452    C:0.19570    A:0.27742    G:0.26237

#47: Cattle         
position  1:    T:0.14839    C:0.16774    A:0.28387    G:0.40000
position  2:    T:0.34839    C:0.14194    A:0.32258    G:0.18710
position  3:    T:0.31613    C:0.25806    A:0.21935    G:0.20645
Average         T:0.27097    C:0.18925    A:0.27527    G:0.26452

#48: RoyalAntelope  
position  1:    T:0.14839    C:0.16774    A:0.28387    G:0.40000
position  2:    T:0.34839    C:0.14194    A:0.32258    G:0.18710
position  3:    T:0.30968    C:0.25161    A:0.21935    G:0.21935
Average         T:0.26882    C:0.18710    A:0.27527    G:0.26882

#49: Steenbok       
position  1:    T:0.14839    C:0.16774    A:0.28387    G:0.40000
position  2:    T:0.34839    C:0.14194    A:0.32258    G:0.18710
position  3:    T:0.27097    C:0.29032    A:0.20645    G:0.23226
Average         T:0.25591    C:0.20000    A:0.27097    G:0.27312

#50: Impala         
position  1:    T:0.14839    C:0.16774    A:0.28387    G:0.40000
position  2:    T:0.34839    C:0.14194    A:0.32258    G:0.18710
position  3:    T:0.29677    C:0.26452    A:0.20645    G:0.23226
Average         T:0.26452    C:0.19140    A:0.27097    G:0.27312

#51: Klipspringer   
position  1:    T:0.14839    C:0.16774    A:0.28387    G:0.40000
position  2:    T:0.34839    C:0.14194    A:0.32258    G:0.18710
