1
52 1
Argali 0.000000 0.192900 0.054000 0.110200 0.000100 0.035200 0.000300 0.054800 0.035500 0.053700 0.017500 0.072300 0.000100 0.000100 0.035700 0.054500 0.110600 0.091800 0.000100 0.035500 0.054800 0.017500 0.053500 0.091700 0.035300 0.054600 0.000100 0.035500 0.074200 0.053800 0.053900 0.036200 0.053200 0.000100 0.000100 0.072400 0.017700 0.036100 0.054800 0.072200 0.053500 0.036000 0.053700 0.109800 0.072400 0.017700 0.035900 0.000100 0.017600 0.093300 0.053800 0.035500
LesserMous 0.192900 0.000000 0.172800 0.191700 0.193300 0.150900 0.194400 0.266200 0.151500 0.171600 0.214700 0.151500 0.191900 0.193400 0.194500 0.263800 0.236500 0.216200 0.195800 0.151200 0.265000 0.214500 0.170900 0.216100 0.235800 0.264900 0.191900 0.151200 0.291000 0.171900 0.172300 0.219700 0.169800 0.191900 0.193100 0.151600 0.214500 0.218500 0.282600 0.192100 0.170900 0.241200 0.171600 0.234700 0.151600 0.216400 0.240600 0.193300 0.172700 0.220800 0.131200 0.151200
LesserKudu 0.054000 0.172800 0.000000 0.130700 0.054100 0.053900 0.054400 0.113900 0.017700 0.035600 0.072700 0.054000 0.053800 0.054200 0.092200 0.113200 0.091700 0.073200 0.054800 0.017600 0.113600 0.072600 0.035500 0.073100 0.091300 0.113600 0.053800 0.017600 0.134700 0.035600 0.035800 0.094100 0.035300 0.053800 0.054100 0.054100 0.072600 0.093700 0.113600 0.053800 0.035500 0.093500 0.035600 0.091100 0.054100 0.073300 0.093200 0.054100 0.073000 0.074500 0.036100 0.018100
KillerWhal 0.110200 0.191700 0.130700 0.000000 0.110500 0.109700 0.111100 0.173800 0.110600 0.091400 0.129800 0.110400 0.109600 0.110600 0.111800 0.172000 0.151100 0.131600 0.111500 0.110300 0.173300 0.129600 0.091000 0.131600 0.110000 0.172600 0.109600 0.110300 0.196000 0.091600 0.091800 0.154000 0.091100 0.109600 0.110300 0.110700 0.129600 0.131700 0.172900 0.110400 0.091000 0.152100 0.091400 0.149200 0.110700 0.131300 0.151500 0.110500 0.091800 0.094100 0.091600 0.110300
DefassaWat 0.000100 0.193300 0.054100 0.110500 0.000000 0.035400 0.000200 0.055100 0.035600 0.053900 0.017600 0.072500 0.000100 0.000100 0.035700 0.054600 0.110900 0.092000 0.000100 0.035600 0.054900 0.017600 0.053700 0.092000 0.035400 0.054600 0.000100 0.035600 0.074300 0.053900 0.054000 0.036400 0.053400 0.000100 0.000100 0.072600 0.017600 0.036100 0.054900 0.072400 0.053700 0.036000 0.053900 0.110000 0.072600 0.017700 0.036000 0.000000 0.017700 0.093500 0.053900 0.035600
Sheep 0.035200 0.150900 0.053900 0.109700 0.035400 0.000000 0.035500 0.093000 0.035500 0.053500 0.053400 0.072200 0.035200 0.035400 0.072300 0.092500 0.110300 0.091700 0.035800 0.035400 0.092800 0.053300 0.053400 0.091500 0.071600 0.092700 0.035200 0.035400 0.113100 0.053600 0.053700 0.073600 0.053100 0.035200 0.035300 0.072300 0.053300 0.073400 0.092700 0.072000 0.053400 0.073300 0.053500 0.109600 0.072300 0.053900 0.073100 0.035400 0.053700 0.092900 0.053600 0.035400
MaxwellsDu 0.000300 0.194400 0.054400 0.111100 0.000200 0.035500 0.000000 0.055200 0.035800 0.054200 0.017600 0.072800 0.000300 0.000100 0.035900 0.054800 0.111400 0.092400 0.000300 0.035800 0.055200 0.017500 0.053900 0.092500 0.035400 0.055100 0.000300 0.035800 0.074700 0.054200 0.054300 0.036600 0.053500 0.000300 0.000200 0.073000 0.017500 0.036400 0.055200 0.072700 0.053900 0.036300 0.054200 0.110600 0.073000 0.017800 0.036200 0.000200 0.017800 0.094000 0.054200 0.035800
GazellaPrz 0.054800 0.266200 0.113900 0.173800 0.055100 0.093000 0.055200 0.000000 0.093700 0.113200 0.073800 0.133500 0.054600 0.055000 0.093600 0.036400 0.133300 0.133800 0.055600 0.093500 0.036500 0.073700 0.112700 0.133600 0.092700 0.036400 0.054600 0.093500 0.055600 0.113200 0.113500 0.095600 0.112000 0.054600 0.054900 0.133700 0.073700 0.094900 0.055200 0.133000 0.112700 0.018000 0.113200 0.173600 0.133700 0.074100 0.018000 0.055100 0.074100 0.157300 0.113200 0.093500
MountainNy 0.035500 0.151500 0.017700 0.110600 0.035600 0.035500 0.035800 0.093700 0.000000 0.017500 0.053800 0.035500 0.035400 0.035700 0.072800 0.093200 0.072500 0.054200 0.036100 0.000100 0.093500 0.053800 0.017500 0.054200 0.072100 0.093400 0.035400 0.000100 0.113800 0.017600 0.017600 0.074300 0.017300 0.035400 0.035600 0.035700 0.053800 0.074000 0.093500 0.035500 0.017500 0.073800 0.017500 0.072100 0.035700 0.049100 0.073600 0.035600 0.054100 0.093600 0.017600 0.000100
MuntiacusM 0.053700 0.171600 0.035600 0.091400 0.053900 0.053500 0.054200 0.113200 0.017500 0.000000 0.072200 0.053600 0.053500 0.054000 0.091900 0.112200 0.053800 0.035800 0.054400 0.017500 0.112900 0.072200 0.000100 0.035700 0.053500 0.112700 0.053500 0.017500 0.133900 0.000300 0.000100 0.093700 0.000300 0.053500 0.053700 0.053700 0.072200 0.093100 0.112900 0.017600 0.000100 0.092900 0.000000 0.053500 0.053700 0.073000 0.092600 0.053900 0.072800 0.074200 0.035500 0.017500
goat 0.017500 0.214700 0.072700 0.129800 0.017600 0.053400 0.017600 0.073800 0.053800 0.072200 0.000000 0.091200 0.017500 0.017500 0.053900 0.073300 0.130200 0.111300 0.017700 0.053700 0.073600 0.000100 0.072000 0.111200 0.017500 0.073500 0.017500 0.053700 0.093500 0.072400 0.072500 0.054900 0.071500 0.017500 0.017500 0.091400 0.000100 0.054600 0.073600 0.091000 0.072000 0.054500 0.072200 0.129200 0.091400 0.035700 0.054400 0.017600 0.035500 0.113000 0.072400 0.053700
AfricanBuf 0.072300 0.151500 0.054000 0.110400 0.072500 0.072200 0.072800 0.133500 0.035500 0.053600 0.091200 0.000000 0.072000 0.072600 0.072600 0.132600 0.110700 0.091900 0.073400 0.035500 0.133100 0.091200 0.053500 0.091800 0.110100 0.133100 0.072000 0.035500 0.154700 0.053700 0.053800 0.113500 0.053100 0.072000 0.072400 0.000200 0.091200 0.112900 0.133200 0.072100 0.053500 0.112600 0.053600 0.109800 0.000200 0.092000 0.112400 0.072500 0.054000 0.093600 0.017600 0.035500
Topi 0.000100 0.191900 0.053800 0.109600 0.000100 0.035200 0.000300 0.054600 0.035400 0.053500 0.017500 0.072000 0.000000 0.000200 0.035500 0.054300 0.110100 0.091400 0.000100 0.035300 0.054600 0.017500 0.053400 0.091400 0.035100 0.054400 0.000000 0.035300 0.073900 0.053600 0.053700 0.036100 0.053000 0.000000 0.000100 0.072100 0.017500 0.036000 0.054600 0.072000 0.053400 0.035900 0.053500 0.109300 0.072100 0.017600 0.035800 0.000100 0.017500 0.092900 0.053600 0.035300
CommonDuik 0.000100 0.193400 0.054200 0.110600 0.000100 0.035400 0.000100 0.055000 0.035700 0.054000 0.017500 0.072600 0.000200 0.000000 0.035800 0.054600 0.111000 0.092100 0.000200 0.035600 0.055000 0.017600 0.053700 0.092000 0.035300 0.054800 0.000200 0.035600 0.074400 0.054000 0.054100 0.036400 0.053400 0.000200 0.000200 0.072700 0.017600 0.036200 0.055000 0.072400 0.053700 0.036200 0.054000 0.110100 0.072700 0.017800 0.036100 0.000100 0.018000 0.093600 0.054000 0.035600
Suni 0.035700 0.194500 0.092200 0.111800 0.035700 0.072300 0.035900 0.093600 0.072800 0.091900 0.053900 0.072600 0.035500 0.035800 0.000000 0.092800 0.152100 0.151900 0.036100 0.072600 0.093400 0.053900 0.091600 0.132200 0.072400 0.093000 0.035500 0.072600 0.114000 0.092000 0.092100 0.074600 0.091100 0.035500 0.035700 0.072800 0.053900 0.073900 0.093600 0.111200 0.091600 0.073700 0.091900 0.150200 0.072800 0.054500 0.073500 0.035700 0.017800 0.094200 0.054200 0.072600
Springbuck 0.054500 0.263800 0.113200 0.172000 0.054600 0.092500 0.054800 0.036400 0.093200 0.112200 0.073300 0.132600 0.054300 0.054600 0.092800 0.000000 0.173400 0.132800 0.055400 0.092900 0.036400 0.073300 0.111900 0.153400 0.092000 0.036300 0.054300 0.092900 0.055300 0.112500 0.112700 0.094800 0.111200 0.054300 0.054600 0.132900 0.073300 0.094700 0.054900 0.132100 0.111900 0.017900 0.112200 0.172500 0.132900 0.073900 0.017800 0.054600 0.073500 0.155800 0.112500 0.092900
Okapi 0.110600 0.236500 0.091700 0.151100 0.110900 0.110300 0.111400 0.133300 0.072500 0.053800 0.130200 0.110700 0.110100 0.111000 0.152100 0.173400 0.000000 0.092300 0.112000 0.072300 0.174400 0.130300 0.053600 0.072800 0.110400 0.174000 0.110100 0.072300 0.197200 0.053900 0.054000 0.154500 0.053200 0.110100 0.110600 0.110800 0.130300 0.153400 0.174200 0.072200 0.053600 0.153000 0.053800 0.109900 0.110800 0.131700 0.152600 0.110900 0.131200 0.134500 0.091400 0.072300
Giraffe 0.091800 0.216200 0.073200 0.131600 0.092000 0.091700 0.092400 0.133800 0.054200 0.035800 0.111300 0.091900 0.091400 0.092100 0.151900 0.132800 0.092300 0.000000 0.093100 0.054100 0.133300 0.111200 0.035600 0.073500 0.091600 0.133200 0.091400 0.054100 0.155000 0.035800 0.035800 0.134600 0.035500 0.091400 0.091800 0.092000 0.111200 0.133800 0.133500 0.053900 0.035600 0.112900 0.035800 0.091500 0.092000 0.112200 0.112600 0.092000 0.111800 0.094200 0.072900 0.054100
TibetanAnt 0.000100 0.195800 0.054800 0.111500 0.000100 0.035800 0.000300 0.055600 0.036100 0.054400 0.017700 0.073400 0.000100 0.000200 0.036100 0.055400 0.112000 0.093100 0.000000 0.036000 0.055600 0.017800 0.054300 0.093000 0.050000 0.055500 0.000100 0.036000 0.055200 0.054500 0.054600 0.036700 0.053900 0.000100 0.000100 0.073500 0.017800 0.036600 0.055500 0.073200 0.054300 0.036600 0.054400 0.111300 0.073500 0.017900 0.036400 0.000100 0.017800 0.094500 0.054500 0.036000
Sitatunga 0.035500 0.151200 0.017600 0.110300 0.035600 0.035400 0.035800 0.093500 0.000100 0.017500 0.053700 0.035500 0.035300 0.035600 0.072600 0.092900 0.072300 0.054100 0.036000 0.000000 0.093300 0.053700 0.017500 0.054100 0.071900 0.093200 0.035300 0.000000 0.113700 0.017600 0.017600 0.074100 0.017400 0.035300 0.035500 0.035600 0.053700 0.073800 0.093200 0.035400 0.017500 0.073700 0.017500 0.071900 0.035600 0.054200 0.073500 0.035600 0.054000 0.093400 0.017900 0.000000
Oribi 0.054800 0.265000 0.113600 0.173300 0.054900 0.092800 0.055200 0.036500 0.093500 0.112900 0.073600 0.133100 0.054600 0.055000 0.093400 0.036400 0.174400 0.133300 0.055600 0.093300 0.000000 0.073600 0.112400 0.154100 0.092500 0.036400 0.054600 0.093300 0.055300 0.113000 0.113200 0.095500 0.111700 0.054600 0.054800 0.133300 0.073600 0.095000 0.055100 0.132800 0.112400 0.018000 0.112900 0.173100 0.133300 0.074300 0.017900 0.054900 0.074100 0.156700 0.113000 0.093300
BarbaryShe 0.017500 0.214500 0.072600 0.129600 0.017600 0.053300 0.017500 0.073700 0.053800 0.072200 0.000100 0.091200 0.017500 0.017600 0.053900 0.073300 0.130300 0.111200 0.017800 0.053700 0.073600 0.000000 0.072000 0.111100 0.017500 0.073400 0.017500 0.053700 0.093400 0.072300 0.072400 0.054800 0.071500 0.017500 0.017500 0.091300 0.000000 0.054600 0.073600 0.090900 0.072000 0.054500 0.072200 0.129200 0.091300 0.035700 0.054300 0.017600 0.035500 0.113000 0.072300 0.053700
Daviddeer 0.053500 0.170900 0.035500 0.091000 0.053700 0.053400 0.053900 0.112700 0.017500 0.000100 0.072000 0.053500 0.053400 0.053700 0.091600 0.111900 0.053600 0.035600 0.054300 0.017500 0.112400 0.072000 0.000000 0.035600 0.053400 0.112200 0.053400 0.017500 0.133300 0.000100 0.000100 0.093200 0.000100 0.053400 0.053600 0.053600 0.072000 0.092700 0.112400 0.017900 0.000000 0.092500 0.000100 0.053300 0.053600 0.072700 0.092200 0.053700 0.072500 0.073900 0.035400 0.017500
Reindeer 0.091700 0.216100 0.073100 0.131600 0.092000 0.091500 0.092500 0.133600 0.054200 0.035700 0.111200 0.091800 0.091400 0.092000 0.132200 0.153400 0.072800 0.073500 0.093000 0.054100 0.154100 0.111100 0.035600 0.000000 0.091500 0.153900 0.091400 0.054100 0.176600 0.035800 0.035800 0.134400 0.035400 0.091400 0.091800 0.092000 0.111100 0.133500 0.154200 0.054000 0.035600 0.133200 0.035700 0.017400 0.092000 0.112300 0.132900 0.092000 0.111800 0.114500 0.072900 0.054100
Ibex 0.035300 0.235800 0.091300 0.110000 0.035400 0.071600 0.035400 0.092700 0.072100 0.053500 0.017500 0.110100 0.035100 0.035300 0.072400 0.092000 0.110400 0.091600 0.050000 0.071900 0.092500 0.017500 0.053400 0.091500 0.000000 0.092300 0.035100 0.071900 0.112800 0.053600 0.053700 0.073600 0.053000 0.035100 0.035300 0.110200 0.017500 0.073200 0.092500 0.071900 0.053400 0.073100 0.053500 0.109400 0.110200 0.053900 0.072800 0.035400 0.053700 0.093200 0.091000 0.071900
GyrantGaze 0.054600 0.264900 0.113600 0.172600 0.054600 0.092700 0.055100 0.036400 0.093400 0.112700 0.073500 0.133100 0.054400 0.054800 0.093000 0.036300 0.174000 0.133200 0.055500 0.093200 0.036400 0.073400 0.112200 0.153900 0.092300 0.000000 0.054400 0.093200 0.055400 0.112800 0.113000 0.095200 0.111500 0.054400 0.054700 0.133300 0.073400 0.094600 0.055100 0.132500 0.112200 0.017900 0.112700 0.173000 0.133300 0.073800 0.017900 0.054600 0.073800 0.156300 0.112800 0.093200
Hartebeest 0.000100 0.191900 0.053800 0.109600 0.000100 0.035200 0.000300 0.054600 0.035400 0.053500 0.017500 0.072000 0.000000 0.000200 0.035500 0.054300 0.110100 0.091400 0.000100 0.035300 0.054600 0.017500 0.053400 0.091400 0.035100 0.054400 0.000000 0.035300 0.073900 0.053600 0.053700 0.036100 0.053000 0.000000 0.000100 0.072100 0.017500 0.036000 0.054600 0.072000 0.053400 0.035900 0.053500 0.109300 0.072100 0.017600 0.035800 0.000100 0.017500 0.092900 0.053600 0.035300
Bongo 0.035500 0.151200 0.017600 0.110300 0.035600 0.035400 0.035800 0.093500 0.000100 0.017500 0.053700 0.035500 0.035300 0.035600 0.072600 0.092900 0.072300 0.054100 0.036000 0.000000 0.093300 0.053700 0.017500 0.054100 0.071900 0.093200 0.035300 0.000000 0.113700 0.017800 0.017600 0.074100 0.017400 0.035300 0.035500 0.035600 0.053700 0.073800 0.093200 0.035400 0.017500 0.073700 0.017500 0.071900 0.035600 0.054200 0.073500 0.035600 0.054000 0.093400 0.017900 0.000000
Gerenuk 0.074200 0.291000 0.134700 0.196000 0.074300 0.113100 0.074700 0.055600 0.113800 0.133900 0.093500 0.154700 0.073900 0.074400 0.114000 0.055300 0.197200 0.155000 0.055200 0.113700 0.055300 0.093400 0.133300 0.176600 0.112800 0.055400 0.073900 0.113700 0.000000 0.134000 0.134300 0.116400 0.132400 0.073900 0.074200 0.154900 0.093400 0.115900 0.074600 0.154300 0.133300 0.036500 0.133900 0.195700 0.154900 0.074600 0.036400 0.074300 0.094000 0.179400 0.134000 0.113700
CommonElan 0.053800 0.171900 0.035600 0.091600 0.053900 0.053600 0.054200 0.113200 0.017600 0.000300 0.072400 0.053700 0.053600 0.054000 0.092000 0.112500 0.053900 0.035800 0.054500 0.017600 0.113000 0.072300 0.000100 0.035800 0.053600 0.112800 0.053600 0.017800 0.134000 0.000000 0.000100 0.093700 0.000300 0.053600 0.053800 0.053900 0.072300 0.093100 0.113000 0.017600 0.000100 0.092900 0.000300 0.053500 0.053900 0.073000 0.092700 0.053900 0.072800 0.074300 0.035500 0.017600
MuntiacusR 0.053900 0.172300 0.035800 0.091800 0.054000 0.053700 0.054300 0.113500 0.017600 0.000100 0.072500 0.053800 0.053700 0.054100 0.092100 0.112700 0.054000 0.035800 0.054600 0.017600 0.113200 0.072400 0.000100 0.035800 0.053700 0.113000 0.053700 0.017600 0.134300 0.000100 0.000000 0.093900 0.000300 0.053700 0.053900 0.053900 0.072400 0.093300 0.113300 0.017600 0.000100 0.093100 0.000100 0.053600 0.053900 0.073100 0.092900 0.054000 0.073000 0.074400 0.035600 0.017600
HarveysDui 0.036200 0.219700 0.094100 0.154000 0.036400 0.073600 0.036600 0.095600 0.074300 0.093700 0.054900 0.113500 0.036100 0.036400 0.074600 0.094800 0.154500 0.134600 0.036700 0.074100 0.095500 0.054800 0.093200 0.134400 0.073600 0.095200 0.036100 0.074100 0.116400 0.093700 0.093900 0.000000 0.092500 0.036100 0.036300 0.113600 0.054800 0.075500 0.095300 0.113200 0.093200 0.075300 0.093700 0.153000 0.113600 0.055400 0.075100 0.036400 0.055300 0.137100 0.093700 0.074100
Pronghorn 0.053200 0.169800 0.035300 0.091100 0.053400 0.053100 0.053500 0.112000 0.017300 0.000300 0.071500 0.053100 0.053000 0.053400 0.091100 0.111200 0.053200 0.035500 0.053900 0.017400 0.111700 0.071500 0.000100 0.035400 0.053000 0.111500 0.053000 0.017400 0.132400 0.000300 0.000300 0.092500 0.000000 0.053000 0.053200 0.053200 0.071500 0.092100 0.111600 0.017400 0.000100 0.091900 0.000300 0.052900 0.053200 0.072300 0.091700 0.053400 0.072000 0.073500 0.035200 0.017400
BlueWildeb 0.000100 0.191900 0.053800 0.109600 0.000100 0.035200 0.000300 0.054600 0.035400 0.053500 0.017500 0.072000 0.000000 0.000200 0.035500 0.054300 0.110100 0.091400 0.000100 0.035300 0.054600 0.017500 0.053400 0.091400 0.035100 0.054400 0.000000 0.035300 0.073900 0.053600 0.053700 0.036100 0.053000 0.000000 0.000100 0.072100 0.017500 0.036000 0.054600 0.072000 0.053400 0.035900 0.053500 0.109300 0.072100 0.017600 0.035800 0.000100 0.017500 0.092900 0.053600 0.035300
Gemsbok 0.000100 0.193100 0.054100 0.110300 0.000100 0.035300 0.000200 0.054900 0.035600 0.053700 0.017500 0.072400 0.000100 0.000200 0.035700 0.054600 0.110600 0.091800 0.000100 0.035500 0.054800 0.017500 0.053600 0.091800 0.035300 0.054700 0.000100 0.035500 0.074200 0.053800 0.053900 0.036300 0.053200 0.000100 0.000000 0.072500 0.017500 0.036200 0.054800 0.072200 0.053600 0.036100 0.053700 0.109800 0.072500 0.017700 0.036000 0.000100 0.017600 0.093300 0.053800 0.035500
Yak 0.072400 0.151600 0.054100 0.110700 0.072600 0.072300 0.073000 0.133700 0.035700 0.053700 0.091400 0.000200 0.072100 0.072700 0.072800 0.132900 0.110800 0.092000 0.073500 0.035600 0.133300 0.091300 0.053600 0.092000 0.110200 0.133300 0.072100 0.035600 0.154900 0.053900 0.053900 0.113600 0.053200 0.072100 0.072500 0.000000 0.091300 0.113100 0.133400 0.072200 0.053600 0.112800 0.053700 0.110000 0.000000 0.092100 0.112500 0.072600 0.054100 0.093700 0.017700 0.035600
BlueSheep 0.017700 0.214500 0.072600 0.129600 0.017600 0.053300 0.017500 0.073700 0.053800 0.072200 0.000100 0.091200 0.017500 0.017600 0.053900 0.073300 0.130300 0.111200 0.017800 0.053700 0.073600 0.000000 0.072000 0.111100 0.017500 0.073400 0.017500 0.053700 0.093400 0.072300 0.072400 0.054800 0.071500 0.017500 0.017500 0.091300 0.000000 0.054600 0.073600 0.090900 0.072000 0.054500 0.072200 0.129200 0.091300 0.035700 0.054300 0.017600 0.035500 0.113000 0.072300 0.053700
BohorReedb 0.036100 0.218500 0.093700 0.131700 0.036100 0.073400 0.036400 0.094900 0.074000 0.093100 0.054600 0.112900 0.036000 0.036200 0.073900 0.094700 0.153400 0.133800 0.036600 0.073800 0.095000 0.054600 0.092700 0.133500 0.073200 0.094600 0.036000 0.073800 0.115900 0.093100 0.093300 0.075500 0.092100 0.036000 0.036200 0.113100 0.054600 0.000000 0.095000 0.112500 0.092700 0.074800 0.093100 0.152300 0.113100 0.054900 0.074800 0.036100 0.054900 0.135700 0.093100 0.073800
KirksDik 0.054800 0.282600 0.113600 0.172900 0.054900 0.092700 0.055200 0.055200 0.093500 0.112900 0.073600 0.133200 0.054600 0.055000 0.093600 0.054900 0.174200 0.133500 0.055500 0.093200 0.055100 0.073600 0.112400 0.154200 0.092500 0.055100 0.054600 0.093200 0.074600 0.113000 0.113300 0.095300 0.111600 0.054600 0.054800 0.133400 0.073600 0.095000 0.000000 0.132700 0.112400 0.036300 0.112900 0.132200 0.133400 0.074300 0.036200 0.054900 0.074000 0.157000 0.113000 0.093200
RoeDeer 0.072200 0.192100 0.053800 0.110400 0.072400 0.072000 0.072700 0.133000 0.035500 0.017600 0.091000 0.072100 0.072000 0.072400 0.111200 0.132100 0.072200 0.053900 0.073200 0.035400 0.132800 0.090900 0.017900 0.054000 0.071900 0.132500 0.072000 0.035400 0.154300 0.017600 0.017600 0.113200 0.017400 0.072000 0.072200 0.072200 0.090900 0.112500 0.132700 0.000000 0.017800 0.112300 0.017600 0.071800 0.072200 0.091900 0.112000 0.072400 0.091600 0.093400 0.053600 0.035400
WhiteLippe 0.053500 0.170900 0.035500 0.091000 0.053700 0.053400 0.053900 0.112700 0.017500 0.000100 0.072000 0.053500 0.053400 0.053700 0.091600 0.111900 0.053600 0.035600 0.054300 0.017500 0.112400 0.072000 0.000000 0.035600 0.053400 0.112200 0.053400 0.017500 0.133300 0.000100 0.000100 0.093200 0.000100 0.053400 0.053600 0.053600 0.072000 0.092700 0.112400 0.017800 0.000000 0.092500 0.000100 0.053300 0.053600 0.072700 0.092200 0.053700 0.072500 0.073900 0.035400 0.017500
ThomsonGaz 0.036000 0.241200 0.093500 0.152100 0.036000 0.073300 0.036300 0.018000 0.073800 0.092900 0.054500 0.112600 0.035900 0.036200 0.073700 0.017900 0.153000 0.112900 0.036600 0.073700 0.018000 0.054500 0.092500 0.133200 0.073100 0.017900 0.035900 0.073700 0.036500 0.092900 0.093100 0.075300 0.091900 0.035900 0.036100 0.112800 0.054500 0.074800 0.036300 0.112300 0.092500 0.000000 0.092900 0.152000 0.112800 0.055200 0.000100 0.036000 0.054800 0.135300 0.092900 0.073700
MuntiacusC 0.053700 0.171600 0.035600 0.091400 0.053900 0.053500 0.054200 0.113200 0.017500 0.000000 0.072200 0.053600 0.053500 0.054000 0.091900 0.112200 0.053800 0.035800 0.054400 0.017500 0.112900 0.072200 0.000100 0.035700 0.053500 0.112700 0.053500 0.017500 0.133900 0.000300 0.000100 0.093700 0.000300 0.053500 0.053700 0.053700 0.072200 0.093100 0.112900 0.017600 0.000100 0.092900 0.000000 0.053500 0.053700 0.073000 0.092600 0.053900 0.072800 0.074200 0.035500 0.017500
WhiteTaile 0.109800 0.234700 0.091100 0.149200 0.110000 0.109600 0.110600 0.173600 0.072100 0.053500 0.129200 0.109800 0.109300 0.110100 0.150200 0.172500 0.109900 0.091500 0.111300 0.071900 0.173100 0.129200 0.053300 0.017400 0.109400 0.173000 0.109300 0.071900 0.195700 0.053500 0.053600 0.153000 0.052900 0.109300 0.109800 0.110000 0.129200 0.152300 0.132200 0.071800 0.053300 0.152000 0.053500 0.000000 0.110000 0.130400 0.151600 0.110000 0.129900 0.132800 0.090800 0.071900
Cattle 0.072400 0.151600 0.054100 0.110700 0.072600 0.072300 0.073000 0.133700 0.035700 0.053700 0.091400 0.000200 0.072100 0.072700 0.072800 0.132900 0.110800 0.092000 0.073500 0.035600 0.133300 0.091300 0.053600 0.092000 0.110200 0.133300 0.072100 0.035600 0.154900 0.053900 0.053900 0.113600 0.053200 0.072100 0.072500 0.000000 0.091300 0.113100 0.133400 0.072200 0.053600 0.112800 0.053700 0.110000 0.000000 0.092100 0.112500 0.072600 0.054100 0.093700 0.017700 0.035600
RoyalAntel 0.017700 0.216400 0.073300 0.131300 0.017700 0.053900 0.017800 0.074100 0.049100 0.073000 0.035700 0.092000 0.017600 0.017800 0.054500 0.073900 0.131700 0.112200 0.017900 0.054200 0.074300 0.035700 0.072700 0.112300 0.053900 0.073800 0.017600 0.054200 0.074600 0.073000 0.073100 0.055400 0.072300 0.017600 0.017700 0.092100 0.035700 0.054900 0.074300 0.091900 0.072700 0.055200 0.073000 0.130400 0.092100 0.000000 0.054800 0.018000 0.036000 0.114100 0.073000 0.054200
Steenbok 0.035900 0.240600 0.093200 0.151500 0.036000 0.073100 0.036200 0.018000 0.073600 0.092600 0.054400 0.112400 0.035800 0.036100 0.073500 0.017800 0.152600 0.112600 0.036400 0.073500 0.017900 0.054300 0.092200 0.132900 0.072800 0.017900 0.035800 0.073500 0.036400 0.092700 0.092900 0.075100 0.091700 0.035800 0.036000 0.112500 0.054300 0.074800 0.036200 0.112000 0.092200 0.000100 0.092600 0.151600 0.112500 0.054800 0.000000 0.036000 0.054700 0.135000 0.092700 0.073500
Impala 0.000100 0.193300 0.054100 0.110500 0.000000 0.035400 0.000200 0.055100 0.035600 0.053900 0.017600 0.072500 0.000100 0.000100 0.035700 0.054600 0.110900 0.092000 0.000100 0.035600 0.054900 0.017600 0.053700 0.092000 0.035400 0.054600 0.000100 0.035600 0.074300 0.053900 0.054000 0.036400 0.053400 0.000100 0.000100 0.072600 0.017600 0.036100 0.054900 0.072400 0.053700 0.036000 0.053900 0.110000 0.072600 0.018000 0.036000 0.000000 0.017700 0.093500 0.053900 0.035600
Klipspring 0.017600 0.172700 0.073000 0.091800 0.017700 0.053700 0.017800 0.074100 0.054100 0.072800 0.035500 0.054000 0.017500 0.018000 0.017800 0.073500 0.131200 0.111800 0.017800 0.054000 0.074100 0.035500 0.072500 0.111800 0.053700 0.073800 0.017500 0.054000 0.094000 0.072800 0.073000 0.055300 0.072000 0.017500 0.017600 0.054100 0.035500 0.054900 0.074000 0.091600 0.072500 0.054800 0.072800 0.129900 0.054100 0.036000 0.054700 0.017700 0.000000 0.074500 0.035800 0.054000
ForestMusk 0.093300 0.220800 0.074500 0.094100 0.093500 0.092900 0.094000 0.157300 0.093600 0.074200 0.113000 0.093600 0.092900 0.093600 0.094200 0.155800 0.134500 0.094200 0.094500 0.093400 0.156700 0.113000 0.073900 0.114500 0.093200 0.156300 0.092900 0.093400 0.179400 0.074300 0.074400 0.137100 0.073500 0.092900 0.093300 0.093700 0.113000 0.135700 0.157000 0.093400 0.073900 0.135300 0.074200 0.132800 0.093700 0.114100 0.135000 0.093500 0.074500 0.000000 0.074300 0.093400
Bushbuck 0.053800 0.131200 0.036100 0.091600 0.053900 0.053600 0.054200 0.113200 0.017600 0.035500 0.072400 0.017600 0.053600 0.054000 0.054200 0.112500 0.091400 0.072900 0.054500 0.017900 0.113000 0.072300 0.035400 0.072900 0.091000 0.112800 0.053600 0.017900 0.134000 0.035500 0.035600 0.093700 0.035200 0.053600 0.053800 0.017700 0.072300 0.093100 0.113000 0.053600 0.035400 0.092900 0.035500 0.090800 0.017700 0.073000 0.092700 0.053900 0.035800 0.074300 0.000000 0.017600
GreaterKud 0.035500 0.151200 0.018100 0.110300 0.035600 0.035400 0.035800 0.093500 0.000100 0.017500 0.053700 0.035500 0.035300 0.035600 0.072600 0.092900 0.072300 0.054100 0.036000 0.000000 0.093300 0.053700 0.017500 0.054100 0.071900 0.093200 0.035300 0.000000 0.113700 0.017600 0.017600 0.074100 0.017400 0.035300 0.035500 0.035600 0.053700 0.073800 0.093200 0.035400 0.017500 0.073700 0.017500 0.071900 0.035600 0.054200 0.073500 0.035600 0.054000 0.093400 0.017600 0.000000
