1
52 1
Argali 0.000000 0.152700 0.116000 0.186100 0.050300 0.012400 0.063900 0.050300 0.085400 0.063200 0.024800 0.050000 0.024700 0.050100 0.088300 0.076700 0.104200 0.091000 0.012400 0.089100 0.076500 0.025000 0.050600 0.077000 0.024800 0.063500 0.037500 0.089100 0.076600 0.085400 0.063200 0.076000 0.119100 0.037700 0.050400 0.050000 0.024800 0.050300 0.128100 0.025000 0.063800 0.077300 0.063200 0.077300 0.063000 0.012400 0.117300 0.037200 0.099900 0.107500 0.102800 0.085400
LesserMous 0.152700 0.000000 0.199800 0.218800 0.215400 0.148400 0.176000 0.156800 0.173100 0.131100 0.157300 0.157600 0.157200 0.187200 0.199300 0.188100 0.145800 0.132200 0.143600 0.171100 0.188300 0.128300 0.160600 0.145800 0.157300 0.172900 0.142300 0.171100 0.187900 0.173100 0.131400 0.217700 0.218900 0.143000 0.142500 0.156900 0.157100 0.215200 0.231500 0.171700 0.175500 0.174300 0.131100 0.175500 0.171400 0.142100 0.241800 0.171500 0.172900 0.191100 0.171200 0.173100
LesserKudu 0.116000 0.199800 0.000000 0.262400 0.085000 0.116500 0.145300 0.061900 0.024000 0.129500 0.115600 0.062300 0.115400 0.088500 0.127400 0.062300 0.116100 0.103000 0.102200 0.023900 0.062100 0.089200 0.089300 0.037100 0.115600 0.049500 0.101800 0.023900 0.062200 0.024000 0.102000 0.115200 0.161300 0.102400 0.143500 0.062300 0.115600 0.085100 0.110700 0.089300 0.075900 0.062700 0.129500 0.062800 0.075500 0.102500 0.075800 0.075000 0.088400 0.155100 0.036200 0.024000
KillerWhal 0.186100 0.218800 0.262400 0.000000 0.216100 0.201900 0.211600 0.184500 0.230700 0.216800 0.184600 0.214700 0.184600 0.214900 0.258800 0.185000 0.202400 0.188600 0.170400 0.228600 0.217000 0.185400 0.202700 0.202700 0.184600 0.200900 0.169400 0.228600 0.216200 0.230700 0.217100 0.248400 0.268600 0.170100 0.169500 0.214600 0.184500 0.249600 0.260200 0.204600 0.218400 0.218200 0.216800 0.173200 0.229700 0.169400 0.254500 0.199300 0.232700 0.203400 0.228800 0.230700
DefassaWat 0.050300 0.215400 0.085000 0.216100 0.000000 0.063500 0.063800 0.050000 0.052300 0.089800 0.076500 0.050100 0.076200 0.050100 0.088500 0.050200 0.104200 0.090900 0.063300 0.058600 0.050100 0.076900 0.050600 0.050500 0.076500 0.037400 0.089900 0.058600 0.050200 0.052300 0.063300 0.076100 0.119300 0.090300 0.103300 0.050100 0.076400 0.024400 0.095600 0.024800 0.037600 0.050700 0.089800 0.050600 0.062900 0.063400 0.084700 0.037200 0.071800 0.107900 0.072400 0.052300
Sheep 0.012400 0.148400 0.116500 0.201900 0.063500 0.000000 0.077400 0.063500 0.084600 0.076600 0.037600 0.050200 0.037500 0.063200 0.101900 0.090400 0.118600 0.105600 0.024900 0.089500 0.090300 0.025000 0.063800 0.077400 0.037600 0.077000 0.050500 0.089500 0.090200 0.084600 0.076700 0.089600 0.119500 0.050800 0.063600 0.050200 0.037600 0.063500 0.142100 0.037900 0.077300 0.091100 0.076600 0.091200 0.063100 0.025000 0.131000 0.050100 0.114000 0.120900 0.103400 0.084600
MaxwellsDu 0.063900 0.176000 0.145300 0.211600 0.063800 0.077400 0.000000 0.104100 0.113700 0.090700 0.077100 0.076900 0.076800 0.050700 0.116400 0.104500 0.133700 0.119900 0.063800 0.117500 0.104400 0.077400 0.051200 0.105200 0.077100 0.090900 0.090600 0.117500 0.104600 0.113700 0.090800 0.077000 0.165000 0.091100 0.100900 0.076900 0.077000 0.090700 0.158700 0.091300 0.064500 0.113200 0.090700 0.105500 0.090300 0.064000 0.146200 0.063400 0.123300 0.131800 0.128100 0.113700
GazellaPrz 0.050300 0.156800 0.061900 0.184500 0.050000 0.063500 0.104100 0.000000 0.036900 0.089300 0.050000 0.049700 0.049900 0.049800 0.087700 0.024600 0.076300 0.063500 0.037300 0.036700 0.024500 0.050300 0.050300 0.024600 0.050000 0.012200 0.037200 0.036700 0.024500 0.036900 0.062800 0.075500 0.147400 0.037300 0.076100 0.049700 0.050000 0.050000 0.070700 0.024900 0.037400 0.028800 0.089300 0.024700 0.062500 0.037400 0.064400 0.037000 0.050000 0.112700 0.049400 0.036900
MountainNy 0.085400 0.173100 0.024000 0.230700 0.052300 0.084600 0.113700 0.036900 0.000000 0.103300 0.089600 0.037300 0.089300 0.063000 0.101700 0.037200 0.090100 0.077000 0.076300 0.000000 0.037100 0.063500 0.063600 0.012300 0.089600 0.024600 0.076000 0.000000 0.037200 0.000000 0.076400 0.089300 0.130000 0.076400 0.116800 0.037300 0.089500 0.052200 0.085000 0.058400 0.050400 0.037500 0.103300 0.037500 0.050200 0.076400 0.050500 0.049900 0.063100 0.129100 0.012000 0.000000
MuntiacusM 0.063200 0.131100 0.129500 0.216800 0.089800 0.076600 0.090700 0.089300 0.103300 0.000000 0.062900 0.062900 0.062800 0.062900 0.075100 0.089600 0.088600 0.075900 0.050000 0.102300 0.089500 0.063300 0.062600 0.088400 0.062900 0.076400 0.076100 0.102300 0.089600 0.103300 0.024300 0.089100 0.160200 0.076500 0.089400 0.062900 0.062900 0.089600 0.127700 0.088500 0.075700 0.090500 0.000000 0.088600 0.075800 0.050100 0.134600 0.049800 0.090000 0.116300 0.116100 0.103300
goat 0.024800 0.157300 0.115600 0.184600 0.076500 0.037600 0.077100 0.050000 0.089600 0.062900 0.000000 0.049900 0.024700 0.049900 0.062100 0.076300 0.103600 0.090400 0.012300 0.088800 0.076100 0.024900 0.050300 0.076600 0.000000 0.063100 0.037400 0.088800 0.076200 0.089600 0.062900 0.075700 0.147800 0.037500 0.050100 0.049900 0.024700 0.076300 0.127700 0.050500 0.063500 0.076800 0.062900 0.076900 0.062700 0.012200 0.120200 0.037000 0.103500 0.112800 0.102300 0.089600
AfricanBuf 0.050000 0.157600 0.062300 0.214700 0.050100 0.050200 0.076900 0.049700 0.037300 0.062900 0.049900 0.000000 0.049700 0.024600 0.061900 0.049900 0.076500 0.063500 0.037200 0.037000 0.049900 0.024700 0.024800 0.024800 0.049900 0.037300 0.062800 0.037000 0.050000 0.037300 0.037200 0.049700 0.091300 0.063100 0.075800 0.000100 0.049800 0.050000 0.099400 0.050200 0.037500 0.050400 0.062900 0.050300 0.012200 0.037200 0.091800 0.012100 0.076100 0.085300 0.049700 0.037300
Topi 0.024700 0.157200 0.115400 0.184600 0.076200 0.037500 0.076800 0.049900 0.089300 0.062800 0.024700 0.049700 0.000000 0.049800 0.087800 0.075800 0.103200 0.090100 0.012200 0.088500 0.075600 0.024800 0.050200 0.076400 0.024700 0.062900 0.012300 0.088500 0.075800 0.089300 0.062700 0.075500 0.147400 0.012300 0.024000 0.049700 0.024600 0.076100 0.128000 0.050300 0.063300 0.076600 0.062800 0.076600 0.062600 0.012200 0.119800 0.036900 0.103100 0.113100 0.102000 0.089300
CommonDuik 0.050100 0.187200 0.088500 0.214900 0.050100 0.063200 0.050700 0.049800 0.063000 0.062900 0.049900 0.024600 0.049800 0.000000 0.062000 0.050000 0.076600 0.063600 0.037200 0.062500 0.049900 0.050200 0.000200 0.050300 0.049900 0.037300 0.062900 0.062500 0.050000 0.063000 0.037200 0.024600 0.119100 0.063200 0.075900 0.024600 0.049900 0.050000 0.099600 0.050300 0.012400 0.050500 0.062900 0.050400 0.037100 0.037300 0.091900 0.012100 0.076200 0.085500 0.075600 0.063000
Suni 0.088300 0.199300 0.127400 0.258800 0.088500 0.101900 0.116400 0.087700 0.101700 0.075100 0.062100 0.061900 0.087800 0.062000 0.000000 0.088100 0.088900 0.075800 0.074900 0.100900 0.088000 0.088500 0.062500 0.088600 0.062100 0.075100 0.101300 0.100900 0.088200 0.101700 0.049400 0.087800 0.160400 0.102000 0.114700 0.061900 0.087900 0.088200 0.125500 0.088500 0.075600 0.089000 0.075100 0.088700 0.074700 0.075000 0.132300 0.049000 0.088400 0.124800 0.114400 0.101700
Springbuck 0.076700 0.188100 0.062300 0.185000 0.050200 0.090400 0.104500 0.024600 0.037200 0.089600 0.076300 0.049900 0.075800 0.050000 0.088100 0.000000 0.076600 0.063700 0.063200 0.036900 0.024600 0.076700 0.050500 0.024800 0.076300 0.012300 0.063000 0.036900 0.024600 0.037200 0.063100 0.075800 0.147900 0.063300 0.102900 0.049900 0.076300 0.050200 0.072000 0.050500 0.037600 0.024900 0.089600 0.000100 0.062800 0.063300 0.064600 0.037100 0.050200 0.113900 0.049600 0.037200
Okapi 0.104200 0.145800 0.116100 0.202400 0.104200 0.118600 0.133700 0.076300 0.090100 0.088600 0.103600 0.076500 0.103200 0.076600 0.088900 0.076600 0.000000 0.037300 0.090100 0.089300 0.076600 0.104100 0.076200 0.075600 0.103600 0.063500 0.089800 0.089300 0.076600 0.090100 0.062500 0.103300 0.146100 0.090200 0.103400 0.076500 0.103500 0.104000 0.113900 0.102600 0.089500 0.077500 0.088200 0.075700 0.089700 0.090200 0.092400 0.063200 0.077000 0.103300 0.103000 0.090100
Giraffe 0.091000 0.132200 0.103000 0.188600 0.090900 0.105600 0.119900 0.063500 0.077000 0.075900 0.090400 0.063500 0.090100 0.063600 0.075800 0.063700 0.037300 0.000000 0.077100 0.076300 0.063700 0.090900 0.063200 0.063000 0.090400 0.050700 0.076800 0.076300 0.063600 0.077000 0.050000 0.090100 0.132100 0.077200 0.090300 0.063500 0.090500 0.090900 0.099500 0.089900 0.076500 0.064400 0.075900 0.063200 0.076700 0.077200 0.107000 0.050400 0.051100 0.090100 0.089900 0.077000
TibetanAnt 0.012400 0.143600 0.102200 0.170400 0.063300 0.024900 0.063800 0.037300 0.076300 0.050000 0.012300 0.037200 0.012200 0.037200 0.074900 0.063200 0.090100 0.077100 0.000000 0.075600 0.063100 0.012300 0.037500 0.063500 0.012300 0.050300 0.024800 0.075600 0.063100 0.076300 0.050000 0.062700 0.133300 0.024900 0.037400 0.037200 0.012300 0.063300 0.113500 0.037700 0.050500 0.063700 0.050000 0.063700 0.049900 0.000200 0.106100 0.024500 0.090000 0.098600 0.089000 0.076300
Sitatunga 0.089100 0.171100 0.023900 0.228600 0.058600 0.089500 0.117500 0.036700 0.000000 0.102300 0.088800 0.037000 0.088500 0.062500 0.100900 0.036900 0.089300 0.076300 0.075600 0.000000 0.036800 0.063000 0.063000 0.012200 0.088800 0.024400 0.075400 0.000000 0.036900 0.000000 0.075700 0.088500 0.132800 0.075700 0.115700 0.037000 0.088700 0.058600 0.084500 0.062800 0.050000 0.037200 0.102300 0.037100 0.049700 0.075700 0.050000 0.049400 0.062500 0.127600 0.011900 0.000000
Oribi 0.076500 0.188300 0.062100 0.217000 0.050100 0.090300 0.104400 0.024500 0.037100 0.089500 0.076100 0.049900 0.075600 0.049900 0.088000 0.024600 0.076600 0.063700 0.063100 0.036800 0.000000 0.076500 0.050400 0.024700 0.076100 0.012200 0.062800 0.036800 0.024500 0.037100 0.063100 0.075700 0.147700 0.063100 0.102700 0.049900 0.076100 0.050100 0.071800 0.050400 0.037500 0.024800 0.089500 0.024800 0.062700 0.063100 0.064500 0.037100 0.050100 0.114000 0.049600 0.037100
BarbaryShe 0.025000 0.128300 0.089200 0.185400 0.076900 0.025000 0.077400 0.050300 0.063500 0.063300 0.024900 0.024700 0.024800 0.050200 0.088500 0.076700 0.104100 0.090900 0.012300 0.063000 0.076500 0.000000 0.050600 0.050700 0.024900 0.063500 0.037500 0.063000 0.076600 0.063500 0.063300 0.076200 0.120000 0.037700 0.050400 0.024700 0.024900 0.076700 0.128500 0.050800 0.063900 0.077300 0.063300 0.077300 0.037300 0.012300 0.120800 0.037200 0.103900 0.113200 0.076200 0.063500
Daviddeer 0.050600 0.160600 0.089300 0.202700 0.050600 0.063800 0.051200 0.050300 0.063600 0.062600 0.050300 0.024800 0.050200 0.000200 0.062500 0.050500 0.076200 0.063200 0.037500 0.063000 0.050400 0.050600 0.000000 0.050000 0.050300 0.037700 0.063500 0.063000 0.050500 0.063600 0.037100 0.024800 0.118500 0.063800 0.076600 0.024800 0.050300 0.050500 0.110200 0.050000 0.012100 0.051000 0.062600 0.050100 0.037300 0.037600 0.092900 0.012200 0.077100 0.076400 0.076300 0.063600
Reindeer 0.077000 0.145800 0.037100 0.202700 0.050500 0.077400 0.105200 0.024600 0.012300 0.088400 0.076600 0.024800 0.076400 0.050300 0.088600 0.024800 0.075600 0.063000 0.063500 0.012200 0.024700 0.050700 0.050000 0.000000 0.076600 0.012300 0.063300 0.012200 0.024700 0.012300 0.062300 0.076300 0.118200 0.063600 0.103700 0.024800 0.076600 0.050400 0.071100 0.049400 0.037200 0.024900 0.088400 0.023700 0.037400 0.063600 0.065000 0.037300 0.050400 0.103300 0.024600 0.012300
Ibex 0.024800 0.157300 0.115600 0.184600 0.076500 0.037600 0.077100 0.050000 0.089600 0.062900 0.000000 0.049900 0.024700 0.049900 0.062100 0.076300 0.103600 0.090400 0.012300 0.088800 0.076100 0.024900 0.050300 0.076600 0.000000 0.063100 0.037400 0.088800 0.076200 0.089600 0.062900 0.075700 0.147800 0.037500 0.050100 0.049900 0.024700 0.076300 0.127700 0.050500 0.063500 0.076800 0.062900 0.076900 0.062700 0.012200 0.120200 0.037000 0.103500 0.112800 0.102300 0.089600
GyrantGaze 0.063500 0.172900 0.049500 0.200900 0.037400 0.077000 0.090900 0.012200 0.024600 0.076400 0.063100 0.037300 0.062900 0.037300 0.075100 0.012300 0.063500 0.050700 0.050300 0.024400 0.012200 0.063500 0.037700 0.012300 0.063100 0.000000 0.050100 0.024400 0.012200 0.024600 0.050200 0.062800 0.133800 0.050300 0.089700 0.037200 0.063100 0.037400 0.057900 0.037600 0.024900 0.012400 0.076400 0.012400 0.049900 0.050300 0.051400 0.024600 0.037400 0.099600 0.037000 0.024600
Hartebeest 0.037500 0.142300 0.101800 0.169400 0.089900 0.050500 0.090600 0.037200 0.076000 0.076100 0.037400 0.062800 0.012300 0.062900 0.101300 0.063000 0.089800 0.076800 0.024800 0.075400 0.062800 0.037500 0.063500 0.063300 0.037400 0.050100 0.000000 0.075400 0.062900 0.076000 0.076100 0.089000 0.162600 0.000100 0.037400 0.062800 0.037400 0.089800 0.113500 0.063700 0.076800 0.063500 0.076100 0.063500 0.075900 0.024800 0.105800 0.049800 0.089700 0.127600 0.088700 0.076000
Bongo 0.089100 0.171100 0.023900 0.228600 0.058600 0.089500 0.117500 0.036700 0.000000 0.102300 0.088800 0.037000 0.088500 0.062500 0.100900 0.036900 0.089300 0.076300 0.075600 0.000000 0.036800 0.063000 0.063000 0.012200 0.088800 0.024400 0.075400 0.000000 0.036900 0.000000 0.075700 0.088500 0.132800 0.075700 0.115700 0.037000 0.088700 0.058600 0.084500 0.062800 0.050000 0.037200 0.102300 0.037100 0.049700 0.075700 0.050000 0.049400 0.062500 0.127600 0.011900 0.000000
Gerenuk 0.076600 0.187900 0.062200 0.216200 0.050200 0.090200 0.104600 0.024500 0.037200 0.089600 0.076200 0.050000 0.075800 0.050000 0.088200 0.024600 0.076600 0.063600 0.063100 0.036900 0.024500 0.076600 0.050500 0.024700 0.076200 0.012200 0.062900 0.036900 0.000000 0.037200 0.063100 0.075900 0.148100 0.063200 0.102800 0.050000 0.076200 0.050100 0.072200 0.050400 0.037600 0.024900 0.089600 0.024800 0.062900 0.063200 0.064600 0.037100 0.050100 0.114000 0.049600 0.037200
CommonElan 0.085400 0.173100 0.024000 0.230700 0.052300 0.084600 0.113700 0.036900 0.000000 0.103300 0.089600 0.037300 0.089300 0.063000 0.101700 0.037200 0.090100 0.077000 0.076300 0.000000 0.037100 0.063500 0.063600 0.012300 0.089600 0.024600 0.076000 0.000000 0.037200 0.000000 0.076400 0.089300 0.130000 0.076400 0.116800 0.037300 0.089500 0.052200 0.085000 0.058400 0.050400 0.037500 0.103300 0.037500 0.050200 0.076400 0.050500 0.049900 0.063100 0.129100 0.012000 0.000000
MuntiacusR 0.063200 0.131400 0.102000 0.217100 0.063300 0.076700 0.090800 0.062800 0.076400 0.024300 0.062900 0.037200 0.062700 0.037200 0.049400 0.063100 0.062500 0.050000 0.050000 0.075700 0.063100 0.063300 0.037100 0.062300 0.062900 0.050200 0.076100 0.075700 0.063100 0.076400 0.000000 0.062800 0.131400 0.076500 0.089400 0.037200 0.062900 0.063100 0.099300 0.062300 0.049700 0.063800 0.023800 0.062400 0.049800 0.050100 0.106100 0.024500 0.063400 0.089300 0.089100 0.076400
HarveysDui 0.076000 0.217700 0.115200 0.248400 0.076100 0.089600 0.077000 0.075500 0.089300 0.089100 0.075700 0.049700 0.075500 0.024600 0.087800 0.075800 0.103300 0.090100 0.062700 0.088500 0.075700 0.076200 0.024800 0.076300 0.075700 0.062800 0.089000 0.088500 0.075900 0.089300 0.062800 0.000000 0.118900 0.076200 0.102400 0.049700 0.075700 0.075800 0.127200 0.076300 0.037500 0.076600 0.089100 0.076400 0.062500 0.062900 0.119600 0.036800 0.102900 0.113600 0.102000 0.089300
Pronghorn 0.119100 0.218900 0.161300 0.268600 0.119300 0.119500 0.165000 0.147400 0.130000 0.160200 0.147800 0.091300 0.147400 0.119100 0.160400 0.147900 0.146100 0.132100 0.133300 0.132800 0.147700 0.120000 0.118500 0.118200 0.147800 0.133800 0.162600 0.132800 0.148100 0.130000 0.131400 0.118900 0.000000 0.148800 0.147100 0.091300 0.147600 0.118900 0.189900 0.117600 0.132600 0.149600 0.160200 0.146700 0.105000 0.133700 0.194800 0.104700 0.173800 0.142500 0.147300 0.130000
BlueWildeb 0.037700 0.143000 0.102400 0.170100 0.090300 0.050800 0.091100 0.037300 0.076400 0.076500 0.037500 0.063100 0.012300 0.063200 0.102000 0.063300 0.090200 0.077200 0.024900 0.075700 0.063100 0.037700 0.063800 0.063600 0.037500 0.050300 0.000100 0.075700 0.063200 0.076400 0.076500 0.076200 0.148800 0.000000 0.037600 0.063100 0.037500 0.090200 0.114100 0.063900 0.077200 0.063800 0.076500 0.063700 0.076300 0.024900 0.106300 0.050000 0.090100 0.128300 0.089100 0.076400
Gemsbok 0.050400 0.142500 0.143500 0.169500 0.103300 0.063600 0.100900 0.076100 0.116800 0.089400 0.050100 0.075800 0.024000 0.075900 0.114700 0.102900 0.103400 0.090300 0.037400 0.115700 0.102700 0.050400 0.076600 0.103700 0.050100 0.089700 0.037400 0.115700 0.102800 0.116800 0.089400 0.102400 0.147100 0.037600 0.000000 0.075800 0.050100 0.103300 0.157200 0.076900 0.090200 0.104100 0.089400 0.104100 0.089000 0.037400 0.149200 0.062600 0.103300 0.084700 0.102000 0.116800
Yak 0.050000 0.156900 0.062300 0.214600 0.050100 0.050200 0.076900 0.049700 0.037300 0.062900 0.049900 0.000100 0.049700 0.024600 0.061900 0.049900 0.076500 0.063500 0.037200 0.037000 0.049900 0.024700 0.024800 0.024800 0.049900 0.037200 0.062800 0.037000 0.050000 0.037300 0.037200 0.049700 0.091300 0.063100 0.075800 0.000000 0.049800 0.049900 0.099400 0.050200 0.037500 0.050400 0.062900 0.050300 0.012200 0.037200 0.091800 0.012100 0.076100 0.085400 0.049700 0.037300
BlueSheep 0.024800 0.157100 0.115600 0.184500 0.076400 0.037600 0.077000 0.050000 0.089500 0.062900 0.024700 0.049800 0.024600 0.049900 0.087900 0.076300 0.103500 0.090500 0.012300 0.088700 0.076100 0.024900 0.050300 0.076600 0.024700 0.063100 0.037400 0.088700 0.076200 0.089500 0.062900 0.075700 0.147600 0.037500 0.050100 0.049800 0.000000 0.076400 0.127200 0.050600 0.063500 0.076800 0.062900 0.076900 0.062700 0.012300 0.120200 0.037000 0.103500 0.112500 0.102300 0.089500
BohorReedb 0.050300 0.215200 0.085100 0.249600 0.024400 0.063500 0.090700 0.050000 0.052200 0.089600 0.076300 0.050000 0.076100 0.050000 0.088200 0.050200 0.104000 0.090900 0.063300 0.058600 0.050100 0.076700 0.050500 0.050400 0.076300 0.037400 0.089800 0.058600 0.050100 0.052200 0.063100 0.075800 0.118900 0.090200 0.103300 0.049900 0.076400 0.000000 0.095300 0.024700 0.037500 0.050600 0.089600 0.050600 0.037200 0.063300 0.084500 0.037100 0.071600 0.107500 0.072500 0.052200
KirksDik 0.128100 0.231500 0.110700 0.260200 0.095600 0.142100 0.158700 0.070700 0.085000 0.127700 0.127700 0.099400 0.128000 0.099600 0.125500 0.072000 0.113900 0.099500 0.113500 0.084500 0.071800 0.128500 0.110200 0.071100 0.127700 0.057900 0.113500 0.084500 0.072200 0.085000 0.099300 0.127200 0.189900 0.114100 0.157200 0.099400 0.127200 0.095300 0.000000 0.099200 0.095200 0.071800 0.127700 0.071100 0.112700 0.113400 0.115800 0.085100 0.084800 0.137400 0.098400 0.085000
RoeDeer 0.025000 0.171700 0.089300 0.204600 0.024800 0.037900 0.091300 0.024900 0.058400 0.088500 0.050500 0.050200 0.050300 0.050300 0.088500 0.050500 0.102600 0.089900 0.037700 0.062800 0.050400 0.050800 0.050000 0.049400 0.050500 0.037600 0.063700 0.062800 0.050400 0.058400 0.062300 0.076300 0.117600 0.063900 0.076900 0.050200 0.050600 0.024700 0.099200 0.000000 0.037200 0.050900 0.088500 0.050000 0.063200 0.037700 0.087800 0.037300 0.071700 0.099300 0.076100 0.058400
WhiteLippe 0.063800 0.175500 0.075900 0.218400 0.037600 0.077300 0.064500 0.037400 0.050400 0.075700 0.063500 0.037500 0.063300 0.012400 0.075600 0.037600 0.089500 0.076500 0.050500 0.050000 0.037500 0.063900 0.012100 0.037200 0.063500 0.024900 0.076800 0.050000 0.037600 0.050400 0.049700 0.037500 0.132600 0.077200 0.090200 0.037500 0.063500 0.037500 0.095200 0.037200 0.000000 0.037900 0.075700 0.037300 0.050300 0.050600 0.078900 0.024700 0.063700 0.089800 0.063000 0.050400
ThomsonGaz 0.077300 0.174300 0.062700 0.218200 0.050700 0.091100 0.113200 0.028800 0.037500 0.090500 0.076800 0.050400 0.076600 0.050500 0.089000 0.024900 0.077500 0.064400 0.063700 0.037200 0.024800 0.077300 0.051000 0.024900 0.076800 0.012400 0.063500 0.037200 0.024900 0.037500 0.063800 0.076600 0.149600 0.063800 0.104100 0.050400 0.076800 0.050600 0.071800 0.050900 0.037900 0.000000 0.090500 0.025100 0.063400 0.063800 0.065200 0.037500 0.050600 0.114600 0.050100 0.037500
MuntiacusC 0.063200 0.131100 0.129500 0.216800 0.089800 0.076600 0.090700 0.089300 0.103300 0.000000 0.062900 0.062900 0.062800 0.062900 0.075100 0.089600 0.088200 0.075900 0.050000 0.102300 0.089500 0.063300 0.062600 0.088400 0.062900 0.076400 0.076100 0.102300 0.089600 0.103300 0.023800 0.089100 0.160200 0.076500 0.089400 0.062900 0.062900 0.089600 0.127700 0.088500 0.075700 0.090500 0.000000 0.088600 0.075800 0.050100 0.134600 0.049800 0.090000 0.116300 0.116100 0.103300
WhiteTaile 0.077300 0.175500 0.062800 0.173200 0.050600 0.091200 0.105500 0.024700 0.037500 0.088600 0.076900 0.050300 0.076600 0.050400 0.088700 0.000100 0.075700 0.063200 0.063700 0.037100 0.024800 0.077300 0.050100 0.023700 0.076900 0.012400 0.063500 0.037100 0.024800 0.037500 0.062400 0.076400 0.146700 0.063700 0.104100 0.050300 0.076900 0.050600 0.071100 0.050000 0.037300 0.025100 0.088600 0.000000 0.063300 0.063800 0.065200 0.037400 0.050700 0.103500 0.050000 0.037500
Cattle 0.063000 0.171400 0.075500 0.229700 0.062900 0.063100 0.090300 0.062500 0.050200 0.075800 0.062700 0.012200 0.062600 0.037100 0.074700 0.062800 0.089700 0.076700 0.049900 0.049700 0.062700 0.037300 0.037300 0.037400 0.062700 0.049900 0.075900 0.049700 0.062900 0.050200 0.049800 0.062500 0.105000 0.076300 0.089000 0.012200 0.062700 0.037200 0.112700 0.063200 0.050300 0.063400 0.075800 0.063300 0.000000 0.050000 0.105800 0.024300 0.089500 0.098700 0.062700 0.050200
RoyalAntel 0.012400 0.142100 0.102500 0.169400 0.063400 0.025000 0.064000 0.037400 0.076400 0.050100 0.012200 0.037200 0.012200 0.037300 0.075000 0.063300 0.090200 0.077200 0.000200 0.075700 0.063100 0.012300 0.037600 0.063600 0.012200 0.050300 0.024800 0.075700 0.063200 0.076400 0.050100 0.062900 0.133700 0.024900 0.037400 0.037200 0.012300 0.063300 0.113400 0.037700 0.050600 0.063800 0.050100 0.063800 0.050000 0.000000 0.106100 0.024500 0.090100 0.099200 0.089100 0.076400
Steenbok 0.117300 0.241800 0.075800 0.254500 0.084700 0.131000 0.146200 0.064400 0.050500 0.134600 0.120200 0.091800 0.119800 0.091900 0.132300 0.064600 0.092400 0.107000 0.106100 0.050000 0.064500 0.120800 0.092900 0.065000 0.120200 0.051400 0.105800 0.050000 0.064600 0.050500 0.106100 0.119600 0.194800 0.106300 0.149200 0.091800 0.120200 0.084500 0.115800 0.087800 0.078900 0.065200 0.134600 0.065200 0.105800 0.106100 0.000000 0.077900 0.092000 0.161500 0.063100 0.050500
Impala 0.037200 0.171500 0.075000 0.199300 0.037200 0.050100 0.063400 0.037000 0.049900 0.049800 0.037000 0.012100 0.036900 0.012100 0.049000 0.037100 0.063200 0.050400 0.024500 0.049400 0.037100 0.037200 0.012200 0.037300 0.037000 0.024600 0.049800 0.049400 0.037100 0.049900 0.024500 0.036800 0.104700 0.050000 0.062600 0.012100 0.037000 0.037100 0.085100 0.037300 0.024700 0.037500 0.049800 0.037400 0.024300 0.024500 0.077900 0.000000 0.062900 0.070500 0.062300 0.049900
Klipspring 0.099900 0.172900 0.088400 0.232700 0.071800 0.114000 0.123300 0.050000 0.063100 0.090000 0.103500 0.076100 0.103100 0.076200 0.088400 0.050200 0.077000 0.051100 0.090000 0.062500 0.050100 0.103900 0.077100 0.050400 0.103500 0.037400 0.089700 0.062500 0.050100 0.063100 0.063400 0.102900 0.173800 0.090100 0.103300 0.076100 0.103500 0.071600 0.084800 0.071700 0.063700 0.050600 0.090000 0.050700 0.089500 0.090100 0.092000 0.062900 0.000000 0.113200 0.049600 0.063100
ForestMusk 0.107500 0.191100 0.155100 0.203400 0.107900 0.120900 0.131800 0.112700 0.129100 0.116300 0.112800 0.085300 0.113100 0.085500 0.124800 0.113900 0.103300 0.090100 0.098600 0.127600 0.114000 0.113200 0.076400 0.103300 0.112800 0.099600 0.127600 0.127600 0.114000 0.129100 0.089300 0.113600 0.142500 0.128300 0.084700 0.085400 0.112500 0.107500 0.137400 0.099300 0.089800 0.114600 0.116300 0.103500 0.098700 0.099200 0.161500 0.070500 0.113200 0.000000 0.113200 0.129100
Bushbuck 0.102800 0.171200 0.036200 0.228800 0.072400 0.103400 0.128100 0.049400 0.012000 0.116100 0.102300 0.049700 0.102000 0.075600 0.114400 0.049600 0.103000 0.089900 0.089000 0.011900 0.049600 0.076200 0.076300 0.024600 0.102300 0.037000 0.088700 0.011900 0.049600 0.012000 0.089100 0.102000 0.147300 0.089100 0.102000 0.049700 0.102300 0.072500 0.098400 0.076100 0.063000 0.050100 0.116100 0.050000 0.062700 0.089100 0.063100 0.062300 0.049600 0.113200 0.000000 0.012000
GreaterKud 0.085400 0.173100 0.024000 0.230700 0.052300 0.084600 0.113700 0.036900 0.000000 0.103300 0.089600 0.037300 0.089300 0.063000 0.101700 0.037200 0.090100 0.077000 0.076300 0.000000 0.037100 0.063500 0.063600 0.012300 0.089600 0.024600 0.076000 0.000000 0.037200 0.000000 0.076400 0.089300 0.130000 0.076400 0.116800 0.037300 0.089500 0.052200 0.085000 0.058400 0.050400 0.037500 0.103300 0.037500 0.050200 0.076400 0.050500 0.049900 0.063100 0.129100 0.012000 0.000000
