CODONML (in paml version 4.10.7, June 2023)  /home/rachel/ruminants_paml/6406-phy-tree/ENSBTAT00000013571.fasta.phy
Model: free dN/dS Ratios for branches,  kappa = 2.000 fixed

Codon frequency model: F3x4
ns =  54  ls =  14

Codon usage in sequences
--------------------------------------------------------------------------------------------------------------------------------------
Phe TTT   0   0   0   0   0   0 | Ser TCT   0   0   0   0   0   0 | Tyr TAT   1   1   1   1   2   2 | Cys TGT   0   0   0   0   0   0
    TTC   0   0   0   0   0   0 |     TCC   0   0   0   0   0   0 |     TAC   1   1   1   1   0   1 |     TGC   0   0   0   0   0   0
Leu TTA   0   0   0   0   0   0 |     TCA   0   1   0   0   0   0 | *** TAA   0   0   0   0   0   0 | *** TGA   0   0   0   0   0   0
    TTG   0   0   0   0   0   0 |     TCG   0   0   0   0   0   0 |     TAG   0   0   0   0   0   0 | Trp TGG   0   0   0   0   0   0
--------------------------------------------------------------------------------------------------------------------------------------
Leu CTT   0   0   0   0   0   0 | Pro CCT   0   0   0   0   0   0 | His CAT   0   0   0   0   0   0 | Arg CGT   0   0   0   0   0   0
    CTC   0   0   0   0   0   0 |     CCC   1   0   1   1   0   0 |     CAC   0   0   0   0   0   0 |     CGC   0   0   0   0   0   0
    CTA   0   0   0   0   0   0 |     CCA   0   0   0   0   1   1 | Gln CAA   0   1   0   1   0   0 |     CGA   1   0   1   0   1   1
    CTG   0   0   0   0   0   0 |     CCG   0   0   0   0   0   0 |     CAG   0   0   0   0   0   0 |     CGG   0   0   0   0   0   0
--------------------------------------------------------------------------------------------------------------------------------------
Ile ATT   0   0   0   0   0   0 | Thr ACT   0   0   0   0   0   0 | Asn AAT   1   1   1   1   1   0 | Ser AGT   1   1   1   1   0   1
    ATC   0   0   0   0   0   0 |     ACC   0   0   0   0   0   0 |     AAC   0   0   0   0   0   0 |     AGC   0   0   0   0   0   0
    ATA   0   0   0   0   0   0 |     ACA   0   0   0   0   0   0 | Lys AAA   2   3   2   2   2   2 | Arg AGA   1   1   1   0   1   1
Met ATG   0   0   0   0   0   0 |     ACG   0   0   0   0   0   0 |     AAG   2   2   2   2   2   2 |     AGG   0   0   0   1   0   0
--------------------------------------------------------------------------------------------------------------------------------------
Val GTT   0   0   0   0   0   0 | Ala GCT   0   0   0   0   0   0 | Asp GAT   0   0   0   0   0   0 | Gly GGT   0   0   0   0   0   0
    GTC   0   0   0   0   0   0 |     GCC   0   0   0   0   0   0 |     GAC   0   0   0   0   0   0 |     GGC   0   0   0   0   1   0
    GTA   0   0   0   0   0   0 |     GCA   0   0   0   0   0   0 | Glu GAA   3   2   3   3   3   3 |     GGA   0   0   0   0   0   0
    GTG   0   0   0   0   0   0 |     GCG   0   0   0   0   0   0 |     GAG   0   0   0   0   0   0 |     GGG   0   0   0   0   0   0
--------------------------------------------------------------------------------------------------------------------------------------

--------------------------------------------------------------------------------------------------------------------------------------
Phe TTT   0   0   0   0   0   0 | Ser TCT   0   0   0   0   0   0 | Tyr TAT   1   1   1   1   1   1 | Cys TGT   0   0   0   0   0   0
    TTC   0   0   0   0   0   0 |     TCC   0   0   0   0   0   0 |     TAC   1   1   1   1   1   1 |     TGC   0   0   0   0   0   0
Leu TTA   0   0   0   0   0   0 |     TCA   0   0   0   0   0   0 | *** TAA   0   0   0   0   0   0 | *** TGA   0   0   0   0   0   0
    TTG   0   0   0   0   0   0 |     TCG   0   0   0   0   0   0 |     TAG   0   0   0   0   0   0 | Trp TGG   0   0   0   0   0   0
--------------------------------------------------------------------------------------------------------------------------------------
Leu CTT   0   0   0   0   0   0 | Pro CCT   0   0   0   0   0   0 | His CAT   0   0   0   0   0   0 | Arg CGT   0   0   0   0   0   0
    CTC   0   0   0   0   0   0 |     CCC   1   1   1   0   1   0 |     CAC   0   0   0   0   0   0 |     CGC   0   0   0   0   0   0
    CTA   0   0   0   0   0   0 |     CCA   0   0   0   0   0   1 | Gln CAA   0   0   1   0   0   1 |     CGA   1   1   0   1   1   0
    CTG   0   0   0   0   0   0 |     CCG   0   0   0   0   0   0 |     CAG   0   0   0   0   0   0 |     CGG   0   0   0   0   0   0
--------------------------------------------------------------------------------------------------------------------------------------
Ile ATT   0   0   0   0   0   0 | Thr ACT   0   0   0   0   0   0 | Asn AAT   1   1   1   1   1   1 | Ser AGT   1   1   1   1   1   1
    ATC   0   0   0   0   0   0 |     ACC   0   0   0   1   0   0 |     AAC   0   0   0   0   0   0 |     AGC   0   0   0   0   0   0
    ATA   0   0   0   0   0   0 |     ACA   0   0   0   0   0   0 | Lys AAA   2   2   2   2   2   2 | Arg AGA   1   1   1   1   1   1
Met ATG   0   0   0   0   0   0 |     ACG   0   0   0   0   0   0 |     AAG   2   2   2   2   2   2 |     AGG   0   0   0   0   0   0
--------------------------------------------------------------------------------------------------------------------------------------
Val GTT   0   0   0   0   0   0 | Ala GCT   0   0   0   0   0   0 | Asp GAT   0   0   0   0   0   0 | Gly GGT   0   0   0   0   0   0
    GTC   0   0   0   0   0   0 |     GCC   0   0   0   0   0   0 |     GAC   0   0   0   0   0   0 |     GGC   0   0   0   0   0   0
    GTA   0   0   0   0   0   0 |     GCA   0   0   0   0   0   0 | Glu GAA   3   3   3   3   3   3 |     GGA   0   0   0   0   0   0
    GTG   0   0   0   0   0   0 |     GCG   0   0   0   0   0   0 |     GAG   0   0   0   0   0   0 |     GGG   0   0   0   0   0   0
--------------------------------------------------------------------------------------------------------------------------------------

--------------------------------------------------------------------------------------------------------------------------------------
Phe TTT   0   0   0   0   0   0 | Ser TCT   0   0   0   0   0   0 | Tyr TAT   1   1   1   1   1   1 | Cys TGT   0   0   0   0   0   0
    TTC   0   0   0   0   0   0 |     TCC   0   0   0   0   0   0 |     TAC   1   1   1   1   1   1 |     TGC   0   0   0   0   0   0
Leu TTA   0   0   0   0   0   0 |     TCA   0   0   0   0   0   0 | *** TAA   0   0   0   0   0   0 | *** TGA   0   0   0   0   0   0
    TTG   0   0   0   0   0   0 |     TCG   0   0   0   0   0   0 |     TAG   0   0   0   0   0   0 | Trp TGG   0   0   0   0   0   0
--------------------------------------------------------------------------------------------------------------------------------------
Leu CTT   0   0   0   0   0   0 | Pro CCT   0   0   0   0   0   0 | His CAT   0   0   0   0   0   0 | Arg CGT   0   0   0   0   0   0
    CTC   0   0   0   0   0   0 |     CCC   1   1   1   1   1   0 |     CAC   0   0   0   0   0   0 |     CGC   0   0   0   0   0   0
    CTA   0   0   0   0   0   0 |     CCA   0   0   0   0   0   0 | Gln CAA   0   0   1   1   0   0 |     CGA   1   1   0   0   1   1
    CTG   0   0   0   0   0   0 |     CCG   0   0   0   0   0   0 |     CAG   0   0   0   0   0   0 |     CGG   0   0   0   0   0   0
--------------------------------------------------------------------------------------------------------------------------------------
Ile ATT   0   0   0   0   0   0 | Thr ACT   0   0   0   0   0   0 | Asn AAT   1   1   1   1   1   1 | Ser AGT   1   1   1   1   1   1
    ATC   0   0   0   0   0   0 |     ACC   0   0   0   0   0   1 |     AAC   0   0   0   0   0   0 |     AGC   0   0   0   0   0   0
    ATA   0   0   0   0   0   0 |     ACA   0   0   0   0   0   0 | Lys AAA   2   2   2   2   2   2 | Arg AGA   1   1   1   1   1   1
Met ATG   0   0   0   0   0   0 |     ACG   0   0   0   0   0   0 |     AAG   2   2   2   2   2   2 |     AGG   0   0   0   0   0   0
--------------------------------------------------------------------------------------------------------------------------------------
Val GTT   0   0   0   0   0   0 | Ala GCT   0   0   0   0   0   0 | Asp GAT   0   0   0   0   0   0 | Gly GGT   0   0   0   0   0   0
    GTC   0   0   0   0   0   0 |     GCC   0   0   0   0   0   0 |     GAC   0   0   0   0   0   0 |     GGC   0   0   0   0   0   0
    GTA   0   0   0   0   0   0 |     GCA   0   0   0   0   0   0 | Glu GAA   3   3   3   3   3   3 |     GGA   0   0   0   0   0   0
    GTG   0   0   0   0   0   0 |     GCG   0   0   0   0   0   0 |     GAG   0   0   0   0   0   0 |     GGG   0   0   0   0   0   0
--------------------------------------------------------------------------------------------------------------------------------------

--------------------------------------------------------------------------------------------------------------------------------------
Phe TTT   0   0   0   0   0   0 | Ser TCT   0   0   0   0   0   0 | Tyr TAT   1   1   1   1   1   1 | Cys TGT   0   0   0   0   0   0
    TTC   0   0   0   0   0   0 |     TCC   0   0   0   0   0   0 |     TAC   1   1   1   1   1   1 |     TGC   0   0   0   0   0   0
Leu TTA   0   0   0   0   0   0 |     TCA   0   0   0   0   0   0 | *** TAA   0   0   0   0   0   0 | *** TGA   0   0   0   0   0   0
    TTG   0   0   0   0   0   0 |     TCG   0   0   0   0   0   0 |     TAG   0   0   0   0   0   0 | Trp TGG   0   0   0   0   0   0
--------------------------------------------------------------------------------------------------------------------------------------
Leu CTT   0   0   0   0   0   0 | Pro CCT   0   0   0   0   0   0 | His CAT   0   0   0   0   0   0 | Arg CGT   0   0   0   0   0   0
    CTC   0   0   0   0   0   0 |     CCC   0   0   1   1   0   1 |     CAC   0   0   0   0   0   0 |     CGC   0   0   0   0   0   0
    CTA   0   0   0   0   0   0 |     CCA   1   1   0   0   0   0 | Gln CAA   0   0   0   0   0   0 |     CGA   1   1   1   1   1   1
    CTG   0   0   0   0   0   0 |     CCG   0   0   0   0   0   0 |     CAG   0   0   0   0   0   0 |     CGG   0   0   0   0   0   0
--------------------------------------------------------------------------------------------------------------------------------------
Ile ATT   0   0   0   0   0   0 | Thr ACT   0   0   0   0   0   0 | Asn AAT   1   1   1   1   1   1 | Ser AGT   1   1   1   1   1   1
    ATC   0   0   0   0   0   0 |     ACC   0   0   0   0   1   0 |     AAC   0   0   0   0   0   0 |     AGC   0   0   0   0   0   0
    ATA   0   0   0   0   0   0 |     ACA   0   0   0   0   0   0 | Lys AAA   2   2   2   2   2   3 | Arg AGA   1   1   1   1   1   1
Met ATG   0   0   0   0   0   0 |     ACG   0   0   0   0   0   0 |     AAG   2   2   2   2   2   1 |     AGG   0   0   0   0   0   0
--------------------------------------------------------------------------------------------------------------------------------------
Val GTT   0   0   0   0   0   0 | Ala GCT   0   0   0   0   0   0 | Asp GAT   0   0   0   0   0   0 | Gly GGT   0   0   0   0   0   0
    GTC   0   0   0   0   0   0 |     GCC   0   0   0   0   0   0 |     GAC   0   0   0   0   0   0 |     GGC   0   0   0   0   0   0
    GTA   0   0   0   0   0   0 |     GCA   0   0   0   0   0   0 | Glu GAA   3   3   3   3   3   3 |     GGA   0   0   0   0   0   0
    GTG   0   0   0   0   0   0 |     GCG   0   0   0   0   0   0 |     GAG   0   0   0   0   0   0 |     GGG   0   0   0   0   0   0
--------------------------------------------------------------------------------------------------------------------------------------

--------------------------------------------------------------------------------------------------------------------------------------
Phe TTT   0   0   0   0   0   0 | Ser TCT   0   0   0   0   0   0 | Tyr TAT   1   2   1   1   1   1 | Cys TGT   0   0   0   0   0   0
    TTC   0   0   0   0   0   0 |     TCC   0   0   0   0   0   0 |     TAC   1   0   1   1   1   1 |     TGC   0   0   0   0   0   0
Leu TTA   0   0   0   0   0   0 |     TCA   0   0   0   0   0   0 | *** TAA   0   0   0   0   0   0 | *** TGA   0   0   0   0   0   0
    TTG   0   0   0   0   0   0 |     TCG   0   0   0   0   0   0 |     TAG   0   0   0   0   0   0 | Trp TGG   0   0   0   0   0   0
--------------------------------------------------------------------------------------------------------------------------------------
Leu CTT   0   0   0   0   0   0 | Pro CCT   0   0   0   0   0   0 | His CAT   0   0   0   0   0   0 | Arg CGT   0   0   0   0   0   0
    CTC   0   0   0   0   0   0 |     CCC   0   0   1   0   1   1 |     CAC   0   0   0   0   0   0 |     CGC   0   0   0   0   0   0
    CTA   0   0   0   0   0   0 |     CCA   1   1   0   0   0   0 | Gln CAA   0   1   1   0   1   0 |     CGA   1   0   0   1   0   1
    CTG   0   0   0   0   0   0 |     CCG   0   0   0   0   0   0 |     CAG   0   0   0   0   0   0 |     CGG   0   0   0   0   0   0
--------------------------------------------------------------------------------------------------------------------------------------
Ile ATT   0   0   0   0   0   0 | Thr ACT   0   0   0   0   0   0 | Asn AAT   1   1   1   1   1   1 | Ser AGT   1   1   1   1   1   1
    ATC   0   0   0   0   0   0 |     ACC   0   0   0   1   0   0 |     AAC   0   0   0   0   0   0 |     AGC   0   0   0   0   0   0
    ATA   0   0   0   0   0   0 |     ACA   0   0   0   0   0   0 | Lys AAA   2   2   2   2   2   2 | Arg AGA   1   1   1   1   1   1
Met ATG   0   0   0   0   0   0 |     ACG   0   0   0   0   0   0 |     AAG   2   2   2   2   2   2 |     AGG   0   0   0   0   0   0
--------------------------------------------------------------------------------------------------------------------------------------
Val GTT   0   0   0   0   0   0 | Ala GCT   0   0   0   0   0   0 | Asp GAT   0   0   0   0   0   0 | Gly GGT   0   0   0   0   0   0
    GTC   0   0   0   0   0   0 |     GCC   0   0   0   0   0   0 |     GAC   0   0   0   0   0   0 |     GGC   0   0   0   0   0   0
    GTA   0   0   0   0   0   0 |     GCA   0   0   0   0   0   0 | Glu GAA   3   3   3   3   3   3 |     GGA   0   0   0   0   0   0
    GTG   0   0   0   0   0   0 |     GCG   0   0   0   0   0   0 |     GAG   0   0   0   0   0   0 |     GGG   0   0   0   0   0   0
--------------------------------------------------------------------------------------------------------------------------------------

--------------------------------------------------------------------------------------------------------------------------------------
Phe TTT   0   0   0   0   0   0 | Ser TCT   0   0   0   0   0   0 | Tyr TAT   1   1   1   1   1   1 | Cys TGT   0   0   0   0   0   0
    TTC   0   0   0   0   0   0 |     TCC   0   0   0   0   0   0 |     TAC   1   1   1   1   1   1 |     TGC   0   0   0   0   0   0
Leu TTA   0   0   0   0   0   0 |     TCA   0   0   0   0   0   0 | *** TAA   0   0   0   0   0   0 | *** TGA   0   0   0   0   0   0
    TTG   0   0   0   0   0   0 |     TCG   0   0   0   0   0   0 |     TAG   0   0   0   0   0   0 | Trp TGG   0   0   0   0   0   0
--------------------------------------------------------------------------------------------------------------------------------------
Leu CTT   0   0   0   0   0   0 | Pro CCT   0   0   0   0   0   0 | His CAT   0   0   0   0   0   0 | Arg CGT   0   0   0   0   0   0
    CTC   0   0   0   0   0   0 |     CCC   0   1   0   1   0   1 |     CAC   0   0   0   0   0   0 |     CGC   0   0   0   0   0   0
    CTA   0   0   0   0   0   0 |     CCA   0   0   1   0   1   0 | Gln CAA   0   0   0   0   0   1 |     CGA   1   1   1   1   1   0
    CTG   0   0   0   0   0   0 |     CCG   0   0   0   0   0   0 |     CAG   0   0   0   0   0   0 |     CGG   0   0   0   0   0   0
--------------------------------------------------------------------------------------------------------------------------------------
Ile ATT   0   0   0   0   0   0 | Thr ACT   0   0   0   0   1   0 | Asn AAT   1   1   1   1   1   1 | Ser AGT   1   1   1   1   0   1
    ATC   0   0   0   0   0   0 |     ACC   1   0   0   0   0   0 |     AAC   0   0   0   0   0   0 |     AGC   0   0   0   0   0   0
    ATA   0   0   0   0   0   0 |     ACA   0   0   0   0   0   0 | Lys AAA   2   2   2   2   2   2 | Arg AGA   1   1   1   1   1   1
Met ATG   0   0   0   0   0   0 |     ACG   0   0   0   0   0   0 |     AAG   2   2   2   2   2   2 |     AGG   0   0   0   0   0   0
--------------------------------------------------------------------------------------------------------------------------------------
Val GTT   0   0   0   0   0   0 | Ala GCT   0   0   0   0   0   0 | Asp GAT   0   0   0   0   0   0 | Gly GGT   0   0   0   0   0   0
    GTC   0   0   0   0   0   0 |     GCC   0   0   0   0   0   0 |     GAC   0   0   0   0   0   0 |     GGC   0   0   0   0   0   0
    GTA   0   0   0   0   0   0 |     GCA   0   0   0   0   0   0 | Glu GAA   3   3   3   3   3   3 |     GGA   0   0   0   0   0   0
    GTG   0   0   0   0   0   0 |     GCG   0   0   0   0   0   0 |     GAG   0   0   0   0   0   0 |     GGG   0   0   0   0   0   0
--------------------------------------------------------------------------------------------------------------------------------------

--------------------------------------------------------------------------------------------------------------------------------------
Phe TTT   0   0   0   0   0   0 | Ser TCT   0   0   0   0   0   0 | Tyr TAT   1   1   1   1   1   1 | Cys TGT   0   0   0   0   0   0
    TTC   0   0   0   0   0   0 |     TCC   0   0   0   0   0   0 |     TAC   1   1   1   1   1   1 |     TGC   0   0   0   0   0   0
Leu TTA   0   0   0   0   0   0 |     TCA   0   0   0   0   0   0 | *** TAA   0   0   0   0   0   0 | *** TGA   0   0   0   0   0   0
    TTG   0   0   0   0   0   0 |     TCG   0   0   0   0   0   0 |     TAG   0   0   0   0   0   0 | Trp TGG   0   0   0   0   0   0
--------------------------------------------------------------------------------------------------------------------------------------
Leu CTT   0   0   0   0   0   0 | Pro CCT   0   0   0   0   0   0 | His CAT   0   0   0   0   0   0 | Arg CGT   0   0   0   0   0   0
    CTC   0   0   0   0   0   0 |     CCC   1   1   1   1   0   0 |     CAC   0   0   0   0   0   0 |     CGC   0   0   0   0   0   0
    CTA   0   0   0   0   0   0 |     CCA   0   0   0   0   0   1 | Gln CAA   1   0   0   0   0   0 |     CGA   0   1   1   1   1   1
    CTG   0   0   0   0   0   0 |     CCG   0   0   0   0   0   0 |     CAG   0   0   0   0   0   0 |     CGG   0   0   0   0   0   0
--------------------------------------------------------------------------------------------------------------------------------------
Ile ATT   0   0   0   0   0   0 | Thr ACT   0   0   0   0   0   0 | Asn AAT   1   1   1   1   1   1 | Ser AGT   1   1   1   1   1   1
    ATC   0   0   0   0   0   0 |     ACC   0   0   0   0   1   0 |     AAC   0   0   0   0   0   0 |     AGC   0   0   0   0   0   0
    ATA   0   0   0   0   0   0 |     ACA   0   0   0   0   0   0 | Lys AAA   2   3   2   2   2   2 | Arg AGA   1   1   1   1   1   1
Met ATG   0   0   0   0   0   0 |     ACG   0   0   0   0   0   0 |     AAG   2   1   2   2   2   2 |     AGG   0   0   0   0   0   0
--------------------------------------------------------------------------------------------------------------------------------------
Val GTT   0   0   0   0   0   0 | Ala GCT   0   0   0   0   0   0 | Asp GAT   0   0   0   0   0   0 | Gly GGT   0   0   0   0   0   0
    GTC   0   0   0   0   0   0 |     GCC   0   0   0   0   0   0 |     GAC   0   0   0   0   0   0 |     GGC   0   0   0   0   0   0
    GTA   0   0   0   0   0   0 |     GCA   0   0   0   0   0   0 | Glu GAA   3   3   3   3   3   3 |     GGA   0   0   0   0   0   0
    GTG   0   0   0   0   0   0 |     GCG   0   0   0   0   0   0 |     GAG   0   0   0   0   0   0 |     GGG   0   0   0   0   0   0
--------------------------------------------------------------------------------------------------------------------------------------

--------------------------------------------------------------------------------------------------------------------------------------
Phe TTT   0   0   0   0   0   0 | Ser TCT   0   0   0   0   0   0 | Tyr TAT   1   1   1   2   1   1 | Cys TGT   0   0   0   0   0   0
    TTC   0   0   0   0   0   0 |     TCC   0   0   0   0   0   0 |     TAC   1   1   1   0   1   1 |     TGC   0   0   0   0   0   0
Leu TTA   0   0   0   0   0   0 |     TCA   0   0   0   0   0   0 | *** TAA   0   0   0   0   0   0 | *** TGA   0   0   0   0   0   0
    TTG   0   0   0   0   0   0 |     TCG   0   0   0   0   0   0 |     TAG   0   0   0   0   0   0 | Trp TGG   0   0   0   0   0   0
--------------------------------------------------------------------------------------------------------------------------------------
Leu CTT   0   0   0   0   0   0 | Pro CCT   0   0   0   0   0   0 | His CAT   0   0   0   0   0   0 | Arg CGT   0   0   0   0   0   0
    CTC   0   0   0   0   0   0 |     CCC   0   0   0   0   1   1 |     CAC   0   0   0   0   0   0 |     CGC   0   0   0   0   0   0
    CTA   0   0   0   0   0   0 |     CCA   1   0   1   1   0   0 | Gln CAA   0   0   0   0   0   1 |     CGA   1   1   1   1   1   0
    CTG   0   0   0   0   0   0 |     CCG   0   0   0   0   0   0 |     CAG   0   0   0   0   0   0 |     CGG   0   0   0   0   0   0
--------------------------------------------------------------------------------------------------------------------------------------
Ile ATT   0   0   0   0   0   0 | Thr ACT   0   0   0   0   0   0 | Asn AAT   1   1   1   1   1   1 | Ser AGT   1   1   1   1   1   1
    ATC   0   0   0   0   0   0 |     ACC   0   1   0   0   0   0 |     AAC   0   0   0   0   0   0 |     AGC   0   0   0   0   0   0
    ATA   0   0   0   0   0   0 |     ACA   0   0   0   0   0   0 | Lys AAA   2   2   2   2   3   2 | Arg AGA   1   1   1   1   1   1
Met ATG   0   0   0   0   0   0 |     ACG   0   0   0   0   0   0 |     AAG   2   2   2   2   1   2 |     AGG   0   0   0   0   0   0
--------------------------------------------------------------------------------------------------------------------------------------
Val GTT   0   0   0   0   0   0 | Ala GCT   0   0   0   0   0   0 | Asp GAT   0   0   0   0   0   0 | Gly GGT   0   0   0   0   0   0
    GTC   0   0   0   0   0   0 |     GCC   0   0   0   0   0   0 |     GAC   0   0   0   0   0   0 |     GGC   0   0   0   0   0   0
    GTA   0   0   0   0   0   0 |     GCA   0   0   0   0   0   0 | Glu GAA   3   3   3   3   3   3 |     GGA   0   0   0   0   0   0
    GTG   0   0   0   0   0   0 |     GCG   0   0   0   0   0   0 |     GAG   0   0   0   0   0   0 |     GGG   0   0   0   0   0   0
--------------------------------------------------------------------------------------------------------------------------------------

--------------------------------------------------------------------------------------------------------------------------------------
Phe TTT   0   0   0   0   0   0 | Ser TCT   0   0   0   0   0   0 | Tyr TAT   1   1   1   1   1   1 | Cys TGT   0   0   0   0   0   0
    TTC   0   0   0   0   0   0 |     TCC   0   0   0   0   0   0 |     TAC   1   1   1   1   1   1 |     TGC   0   0   0   0   0   0
Leu TTA   0   0   0   0   0   0 |     TCA   0   0   0   0   0   0 | *** TAA   0   0   0   0   0   0 | *** TGA   0   0   0   0   0   0
    TTG   0   0   0   0   0   0 |     TCG   0   0   0   0   0   0 |     TAG   0   0   0   0   0   0 | Trp TGG   0   0   0   0   0   0
--------------------------------------------------------------------------------------------------------------------------------------
Leu CTT   0   0   0   0   0   0 | Pro CCT   0   0   0   0   0   0 | His CAT   0   0   0   0   0   0 | Arg CGT   0   0   0   0   0   0
    CTC   0   0   0   0   0   0 |     CCC   0   1   1   1   1   1 |     CAC   0   0   0   0   0   0 |     CGC   0   0   0   0   0   0
    CTA   0   0   0   0   0   0 |     CCA   0   0   0   0   0   0 | Gln CAA   0   0   0   1   0   0 |     CGA   1   1   1   0   1   1
    CTG   0   0   0   0   0   0 |     CCG   0   0   0   0   0   0 |     CAG   0   0   0   0   0   0 |     CGG   0   0   0   0   0   0
--------------------------------------------------------------------------------------------------------------------------------------
Ile ATT   0   0   0   0   0   0 | Thr ACT   0   0   0   0   0   0 | Asn AAT   1   1   1   1   1   1 | Ser AGT   1   1   1   1   1   1
    ATC   0   0   0   0   0   0 |     ACC   1   0   0   0   0   0 |     AAC   0   0   0   0   0   0 |     AGC   0   0   0   0   0   0
    ATA   0   0   0   0   0   0 |     ACA   0   0   0   0   0   0 | Lys AAA   2   2   2   2   2   2 | Arg AGA   1   1   1   0   1   1
Met ATG   0   0   0   0   0   0 |     ACG   0   0   0   0   0   0 |     AAG   2   2   2   2   2   2 |     AGG   0   0   0   1   0   0
--------------------------------------------------------------------------------------------------------------------------------------
Val GTT   0   0   0   0   0   0 | Ala GCT   0   0   0   0   0   0 | Asp GAT   0   0   0   0   0   0 | Gly GGT   0   0   0   0   0   0
    GTC   0   0   0   0   0   0 |     GCC   0   0   0   0   0   0 |     GAC   0   0   0   0   0   0 |     GGC   0   0   0   0   0   0
    GTA   0   0   0   0   0   0 |     GCA   0   0   0   0   0   0 | Glu GAA   3   3   3   3   3   3 |     GGA   0   0   0   0   0   0
    GTG   0   0   0   0   0   0 |     GCG   0   0   0   0   0   0 |     GAG   0   0   0   0   0   0 |     GGG   0   0   0   0   0   0
--------------------------------------------------------------------------------------------------------------------------------------

Codon position x base (3x4) table for each sequence.

#1: Argali         
position  1:    T:0.14286    C:0.14286    A:0.50000    G:0.21429
position  2:    T:0.00000    C:0.07143    A:0.71429    G:0.21429
position  3:    T:0.21429    C:0.14286    A:0.50000    G:0.14286
Average         T:0.11905    C:0.11905    A:0.57143    G:0.19048

#2: LesserMouseDeer
position  1:    T:0.21429    C:0.07143    A:0.57143    G:0.14286
position  2:    T:0.00000    C:0.07143    A:0.78571    G:0.14286
position  3:    T:0.21429    C:0.07143    A:0.57143    G:0.14286
Average         T:0.14286    C:0.07143    A:0.64286    G:0.14286

#3: LesserKudu     
position  1:    T:0.14286    C:0.14286    A:0.50000    G:0.21429
position  2:    T:0.00000    C:0.07143    A:0.71429    G:0.21429
position  3:    T:0.21429    C:0.14286    A:0.50000    G:0.14286
Average         T:0.11905    C:0.11905    A:0.57143    G:0.19048

#4: ForestMuskDeer2
position  1:    T:0.14286    C:0.14286    A:0.50000    G:0.21429
position  2:    T:0.00000    C:0.07143    A:0.78571    G:0.14286
position  3:    T:0.21429    C:0.14286    A:0.42857    G:0.21429
Average         T:0.11905    C:0.11905    A:0.57143    G:0.19048

#5: Camel          
position  1:    T:0.14286    C:0.14286    A:0.42857    G:0.28571
position  2:    T:0.00000    C:0.07143    A:0.71429    G:0.21429
position  3:    T:0.21429    C:0.07143    A:0.57143    G:0.14286
Average         T:0.11905    C:0.09524    A:0.57143    G:0.21429

#6: KillerWhale    
position  1:    T:0.21429    C:0.14286    A:0.42857    G:0.21429
position  2:    T:0.00000    C:0.07143    A:0.71429    G:0.21429
position  3:    T:0.21429    C:0.07143    A:0.57143    G:0.14286
Average         T:0.14286    C:0.09524    A:0.57143    G:0.19048

#7: DefassaWaterbuck
position  1:    T:0.14286    C:0.14286    A:0.50000    G:0.21429
position  2:    T:0.00000    C:0.07143    A:0.71429    G:0.21429
position  3:    T:0.21429    C:0.14286    A:0.50000    G:0.14286
Average         T:0.11905    C:0.11905    A:0.57143    G:0.19048

#8: Sheep          
position  1:    T:0.14286    C:0.14286    A:0.50000    G:0.21429
position  2:    T:0.00000    C:0.07143    A:0.71429    G:0.21429
position  3:    T:0.21429    C:0.14286    A:0.50000    G:0.14286
Average         T:0.11905    C:0.11905    A:0.57143    G:0.19048

#9: MaxwellsDuiker 
position  1:    T:0.14286    C:0.14286    A:0.50000    G:0.21429
position  2:    T:0.00000    C:0.07143    A:0.78571    G:0.14286
position  3:    T:0.21429    C:0.14286    A:0.50000    G:0.14286
Average         T:0.11905    C:0.11905    A:0.59524    G:0.16667

#10: GazellaPrzewalskyi
position  1:    T:0.14286    C:0.07143    A:0.57143    G:0.21429
position  2:    T:0.00000    C:0.07143    A:0.71429    G:0.21429
position  3:    T:0.21429    C:0.14286    A:0.50000    G:0.14286
Average         T:0.11905    C:0.09524    A:0.59524    G:0.19048

#11: MountainNyala  
position  1:    T:0.14286    C:0.14286    A:0.50000    G:0.21429
position  2:    T:0.00000    C:0.07143    A:0.71429    G:0.21429
position  3:    T:0.21429    C:0.14286    A:0.50000    G:0.14286
Average         T:0.11905    C:0.11905    A:0.57143    G:0.19048

#12: MuntiacusMuntjak
position  1:    T:0.14286    C:0.14286    A:0.50000    G:0.21429
position  2:    T:0.00000    C:0.07143    A:0.78571    G:0.14286
position  3:    T:0.21429    C:0.07143    A:0.57143    G:0.14286
Average         T:0.11905    C:0.09524    A:0.61905    G:0.16667

#13: goat           
position  1:    T:0.14286    C:0.14286    A:0.50000    G:0.21429
position  2:    T:0.00000    C:0.07143    A:0.71429    G:0.21429
position  3:    T:0.21429    C:0.14286    A:0.50000    G:0.14286
Average         T:0.11905    C:0.11905    A:0.57143    G:0.19048

#14: AfricanBuffalo 
position  1:    T:0.14286    C:0.14286    A:0.50000    G:0.21429
position  2:    T:0.00000    C:0.07143    A:0.71429    G:0.21429
position  3:    T:0.21429    C:0.14286    A:0.50000    G:0.14286
Average         T:0.11905    C:0.11905    A:0.57143    G:0.19048

#15: Topi           
position  1:    T:0.14286    C:0.14286    A:0.50000    G:0.21429
position  2:    T:0.00000    C:0.07143    A:0.78571    G:0.14286
position  3:    T:0.21429    C:0.14286    A:0.50000    G:0.14286
Average         T:0.11905    C:0.11905    A:0.59524    G:0.16667

#16: CommonDuiker   
position  1:    T:0.14286    C:0.14286    A:0.50000    G:0.21429
position  2:    T:0.00000    C:0.07143    A:0.78571    G:0.14286
position  3:    T:0.21429    C:0.14286    A:0.50000    G:0.14286
Average         T:0.11905    C:0.11905    A:0.59524    G:0.16667

#17: Suni           
position  1:    T:0.14286    C:0.14286    A:0.50000    G:0.21429
position  2:    T:0.00000    C:0.07143    A:0.71429    G:0.21429
position  3:    T:0.21429    C:0.14286    A:0.50000    G:0.14286
Average         T:0.11905    C:0.11905    A:0.57143    G:0.19048

#18: Springbuck     
position  1:    T:0.14286    C:0.07143    A:0.57143    G:0.21429
position  2:    T:0.00000    C:0.07143    A:0.71429    G:0.21429
position  3:    T:0.21429    C:0.14286    A:0.50000    G:0.14286
Average         T:0.11905    C:0.09524    A:0.59524    G:0.19048

#19: Okapi          
position  1:    T:0.14286    C:0.14286    A:0.50000    G:0.21429
position  2:    T:0.00000    C:0.07143    A:0.71429    G:0.21429
position  3:    T:0.21429    C:0.07143    A:0.57143    G:0.14286
Average         T:0.11905    C:0.09524    A:0.59524    G:0.19048

#20: Giraffe        
position  1:    T:0.14286    C:0.14286    A:0.50000    G:0.21429
position  2:    T:0.00000    C:0.07143    A:0.71429    G:0.21429
position  3:    T:0.21429    C:0.07143    A:0.57143    G:0.14286
Average         T:0.11905    C:0.09524    A:0.59524    G:0.19048

#21: TibetanAntelope
position  1:    T:0.14286    C:0.14286    A:0.50000    G:0.21429
position  2:    T:0.00000    C:0.07143    A:0.71429    G:0.21429
position  3:    T:0.21429    C:0.14286    A:0.50000    G:0.14286
Average         T:0.11905    C:0.11905    A:0.57143    G:0.19048

#22: Sitatunga      
position  1:    T:0.14286    C:0.14286    A:0.50000    G:0.21429
position  2:    T:0.00000    C:0.07143    A:0.71429    G:0.21429
position  3:    T:0.21429    C:0.14286    A:0.50000    G:0.14286
Average         T:0.11905    C:0.11905    A:0.57143    G:0.19048

#23: Oribi          
position  1:    T:0.14286    C:0.07143    A:0.57143    G:0.21429
position  2:    T:0.00000    C:0.07143    A:0.71429    G:0.21429
position  3:    T:0.21429    C:0.14286    A:0.50000    G:0.14286
Average         T:0.11905    C:0.09524    A:0.59524    G:0.19048

#24: BarbarySheep   
position  1:    T:0.14286    C:0.14286    A:0.50000    G:0.21429
position  2:    T:0.00000    C:0.07143    A:0.71429    G:0.21429
position  3:    T:0.21429    C:0.14286    A:0.57143    G:0.07143
Average         T:0.11905    C:0.11905    A:0.59524    G:0.16667

#25: Daviddeer      
position  1:    T:0.14286    C:0.14286    A:0.50000    G:0.21429
position  2:    T:0.00000    C:0.07143    A:0.71429    G:0.21429
position  3:    T:0.21429    C:0.07143    A:0.57143    G:0.14286
Average         T:0.11905    C:0.09524    A:0.59524    G:0.19048

#26: Reindeer       
position  1:    T:0.14286    C:0.14286    A:0.50000    G:0.21429
position  2:    T:0.00000    C:0.07143    A:0.78571    G:0.14286
position  3:    T:0.28571    C:0.00000    A:0.57143    G:0.14286
Average         T:0.14286    C:0.07143    A:0.61905    G:0.16667

#27: Ibex           
position  1:    T:0.14286    C:0.14286    A:0.50000    G:0.21429
position  2:    T:0.00000    C:0.07143    A:0.78571    G:0.14286
position  3:    T:0.21429    C:0.14286    A:0.50000    G:0.14286
Average         T:0.11905    C:0.11905    A:0.59524    G:0.16667

#28: GyrantGazelle  
position  1:    T:0.14286    C:0.07143    A:0.57143    G:0.21429
position  2:    T:0.00000    C:0.07143    A:0.71429    G:0.21429
position  3:    T:0.21429    C:0.14286    A:0.50000    G:0.14286
Average         T:0.11905    C:0.09524    A:0.59524    G:0.19048

#29: Hartebeest     
position  1:    T:0.14286    C:0.14286    A:0.50000    G:0.21429
position  2:    T:0.00000    C:0.07143    A:0.78571    G:0.14286
position  3:    T:0.21429    C:0.14286    A:0.50000    G:0.14286
Average         T:0.11905    C:0.11905    A:0.59524    G:0.16667

#30: Bongo          
position  1:    T:0.14286    C:0.14286    A:0.50000    G:0.21429
position  2:    T:0.00000    C:0.07143    A:0.71429    G:0.21429
position  3:    T:0.21429    C:0.14286    A:0.50000    G:0.14286
Average         T:0.11905    C:0.11905    A:0.57143    G:0.19048

#31: Gerenuk        
position  1:    T:0.14286    C:0.07143    A:0.57143    G:0.21429
position  2:    T:0.00000    C:0.07143    A:0.71429    G:0.21429
position  3:    T:0.21429    C:0.14286    A:0.50000    G:0.14286
Average         T:0.11905    C:0.09524    A:0.59524    G:0.19048

#32: CommonEland    
position  1:    T:0.14286    C:0.14286    A:0.50000    G:0.21429
position  2:    T:0.00000    C:0.07143    A:0.71429    G:0.21429
position  3:    T:0.21429    C:0.14286    A:0.50000    G:0.14286
Average         T:0.11905    C:0.11905    A:0.57143    G:0.19048

#33: MuntiacusReevesi
position  1:    T:0.14286    C:0.14286    A:0.50000    G:0.21429
position  2:    T:0.00000    C:0.07143    A:0.71429    G:0.21429
position  3:    T:0.21429    C:0.07143    A:0.57143    G:0.14286
Average         T:0.11905    C:0.09524    A:0.59524    G:0.19048

#34: HarveysDuiker  
position  1:    T:0.14286    C:0.14286    A:0.50000    G:0.21429
position  2:    T:0.00000    C:0.07143    A:0.71429    G:0.21429
position  3:    T:0.21429    C:0.14286    A:0.50000    G:0.14286
Average         T:0.11905    C:0.11905    A:0.57143    G:0.19048

#35: Pronghorn      
position  1:    T:0.14286    C:0.14286    A:0.50000    G:0.21429
position  2:    T:0.00000    C:0.14286    A:0.71429    G:0.14286
position  3:    T:0.21429    C:0.07143    A:0.57143    G:0.14286
Average         T:0.11905    C:0.11905    A:0.59524    G:0.16667

#36: BlueWildebeest 
position  1:    T:0.14286    C:0.14286    A:0.50000    G:0.21429
position  2:    T:0.00000    C:0.07143    A:0.78571    G:0.14286
position  3:    T:0.21429    C:0.14286    A:0.50000    G:0.14286
Average         T:0.11905    C:0.11905    A:0.59524    G:0.16667

#37: Gemsbok        
position  1:    T:0.14286    C:0.14286    A:0.50000    G:0.21429
position  2:    T:0.00000    C:0.07143    A:0.78571    G:0.14286
position  3:    T:0.21429    C:0.14286    A:0.50000    G:0.14286
Average         T:0.11905    C:0.11905    A:0.59524    G:0.16667

#38: Yak            
position  1:    T:0.14286    C:0.14286    A:0.50000    G:0.21429
position  2:    T:0.00000    C:0.07143    A:0.71429    G:0.21429
position  3:    T:0.21429    C:0.14286    A:0.57143    G:0.07143
Average         T:0.11905    C:0.11905    A:0.59524    G:0.16667

#39: BlueSheep      
position  1:    T:0.14286    C:0.14286    A:0.50000    G:0.21429
position  2:    T:0.00000    C:0.07143    A:0.71429    G:0.21429
position  3:    T:0.21429    C:0.14286    A:0.50000    G:0.14286
Average         T:0.11905    C:0.11905    A:0.57143    G:0.19048

#40: BohorReedbuck  
position  1:    T:0.14286    C:0.14286    A:0.50000    G:0.21429
position  2:    T:0.00000    C:0.07143    A:0.71429    G:0.21429
position  3:    T:0.21429    C:0.14286    A:0.50000    G:0.14286
Average         T:0.11905    C:0.11905    A:0.57143    G:0.19048

#41: KirksDik       
position  1:    T:0.14286    C:0.07143    A:0.57143    G:0.21429
position  2:    T:0.00000    C:0.07143    A:0.71429    G:0.21429
position  3:    T:0.21429    C:0.14286    A:0.50000    G:0.14286
Average         T:0.11905    C:0.09524    A:0.59524    G:0.19048

#42: RoeDeer        
position  1:    T:0.14286    C:0.14286    A:0.50000    G:0.21429
position  2:    T:0.00000    C:0.07143    A:0.71429    G:0.21429
position  3:    T:0.21429    C:0.07143    A:0.57143    G:0.14286
Average         T:0.11905    C:0.09524    A:0.59524    G:0.19048

#43: WhiteLippedDeer
position  1:    T:0.14286    C:0.14286    A:0.50000    G:0.21429
position  2:    T:0.00000    C:0.07143    A:0.71429    G:0.21429
position  3:    T:0.21429    C:0.07143    A:0.57143    G:0.14286
Average         T:0.11905    C:0.09524    A:0.59524    G:0.19048

#44: ThomsonGazelle 
position  1:    T:0.14286    C:0.07143    A:0.57143    G:0.21429
position  2:    T:0.00000    C:0.07143    A:0.71429    G:0.21429
position  3:    T:0.21429    C:0.14286    A:0.50000    G:0.14286
Average         T:0.11905    C:0.09524    A:0.59524    G:0.19048

#45: MuntiacusCrinifrons
position  1:    T:0.14286    C:0.14286    A:0.50000    G:0.21429
position  2:    T:0.00000    C:0.07143    A:0.71429    G:0.21429
position  3:    T:0.21429    C:0.07143    A:0.57143    G:0.14286
Average         T:0.11905    C:0.09524    A:0.59524    G:0.19048

#46: WhiteTailedDeer
position  1:    T:0.14286    C:0.14286    A:0.50000    G:0.21429
position  2:    T:0.00000    C:0.07143    A:0.71429    G:0.21429
position  3:    T:0.28571    C:0.00000    A:0.57143    G:0.14286
Average         T:0.14286    C:0.07143    A:0.59524    G:0.19048

#47: Cattle         
position  1:    T:0.14286    C:0.14286    A:0.50000    G:0.21429
position  2:    T:0.00000    C:0.07143    A:0.71429    G:0.21429
position  3:    T:0.21429    C:0.14286    A:0.57143    G:0.07143
Average         T:0.11905    C:0.11905    A:0.59524    G:0.16667

#48: RoyalAntelope  
position  1:    T:0.14286    C:0.14286    A:0.50000    G:0.21429
position  2:    T:0.00000    C:0.07143    A:0.78571    G:0.14286
position  3:    T:0.21429    C:0.14286    A:0.50000    G:0.14286
Average         T:0.11905    C:0.11905    A:0.59524    G:0.16667

#49: Steenbok       
position  1:    T:0.14286    C:0.07143    A:0.57143    G:0.21429
position  2:    T:0.00000    C:0.07143    A:0.71429    G:0.21429
position  3:    T:0.21429    C:0.14286    A:0.50000    G:0.14286
Average         T:0.11905    C:0.09524    A:0.59524    G:0.19048

#50: Impala         
position  1:    T:0.14286    C:0.14286    A:0.50000    G:0.21429
position  2:    T:0.00000    C:0.07143    A:0.71429    G:0.21429
position  3:    T:0.21429    C:0.14286    A:0.50000    G:0.14286
Average         T:0.11905    C:0.11905    A:0.57143    G:0.19048

#51: Klipspringer   
position  1:    T:0.14286    C:0.14286    A:0.50000    G:0.21429
position  2:    T:0.00000    C:0.07143    A:0.71429    G:0.21429
