CODONML (in paml version 4.10.7, June 2023)  /home/rachel/ruminants_paml/6406-phy-tree/ENSBTAT00000022789.fasta.phy
Model: free dN/dS Ratios for branches,  kappa = 2.000 fixed

Codon frequency model: F3x4
ns =  54  ls = 158

Codon usage in sequences
--------------------------------------------------------------------------------------------------------------------------------------
Phe TTT   2   2   2   2   2   2 | Ser TCT   1   1   1   1   1   0 | Tyr TAT   4   3   4   4   2   2 | Cys TGT   0   0   0   0   0   2
    TTC   3   3   3   3   3   3 |     TCC   0   0   0   0   0   1 |     TAC   3   4   3   3   4   4 |     TGC   0   0   0   0   0   0
Leu TTA   1   1   1   1   1   1 |     TCA   0   0   0   0   0   0 | *** TAA   0   0   0   0   0   0 | *** TGA   0   0   0   0   0   0
    TTG   3   3   3   3   4   3 |     TCG   0   0   0   0   0   0 |     TAG   0   0   0   0   0   0 | Trp TGG   3   3   3   3   3   3
--------------------------------------------------------------------------------------------------------------------------------------
Leu CTT   4   5   4   3   4   2 | Pro CCT   3   2   3   3   2   2 | His CAT   2   3   2   2   4   2 | Arg CGT   2   2   2   3   2   2
    CTC   2   1   2   2   3   4 |     CCC   2   3   2   2   3   3 |     CAC   1   0   1   1   0   0 |     CGC   2   2   2   1   2   2
    CTA   0   0   0   1   0   1 |     CCA   5   5   5   5   6   6 | Gln CAA   1   2   3   3   2   4 |     CGA   0   0   0   0   0   0
    CTG   7   7   7   7   6   6 |     CCG   1   1   1   1   0   0 |     CAG   6   5   4   4   6   3 |     CGG   2   2   2   2   1   2
--------------------------------------------------------------------------------------------------------------------------------------
Ile ATT   4   4   4   4   4   5 | Thr ACT   4   2   5   4   3   4 | Asn AAT   3   2   1   1   3   2 | Ser AGT   0   0   1   0   1   1
    ATC   5   5   5   5   4   4 |     ACC   4   4   2   3   3   3 |     AAC   4   4   6   5   3   4 |     AGC   1   2   0   2   1   1
    ATA   1   1   1   1   1   1 |     ACA   6   7   6   6   5   5 | Lys AAA   5   5   5   5   5   4 | Arg AGA   3   1   3   3   3   3
Met ATG   1   2   2   2   2   3 |     ACG   1   1   0   0   2   1 |     AAG   5   6   5   5   5   6 |     AGG   1   2   1   1   1   1
--------------------------------------------------------------------------------------------------------------------------------------
Val GTT   2   2   3   3   3   1 | Ala GCT   3   3   3   3   3   4 | Asp GAT   6   7   6   6   6   7 | Gly GGT   1   2   2   1   1   2
    GTC   6   7   6   6   5   6 |     GCC   3   3   4   4   3   3 |     GAC   3   2   3   3   3   2 |     GGC   3   3   2   3   4   3
    GTA   2   2   2   2   1   1 |     GCA   1   1   1   0   1   1 | Glu GAA   4   5   4   4   6   6 |     GGA   2   1   2   2   1   1
    GTG   3   2   2   3   4   4 |     GCG   0   0   0   0   1   0 |     GAG   8   7   8   8   6   6 |     GGG   3   3   3   3   3   3
--------------------------------------------------------------------------------------------------------------------------------------

--------------------------------------------------------------------------------------------------------------------------------------
Phe TTT   2   2   2   2   2   2 | Ser TCT   1   1   1   1   1   1 | Tyr TAT   4   4   4   4   4   2 | Cys TGT   0   0   0   0   0   0
    TTC   3   3   3   3   3   3 |     TCC   0   0   0   0   0   0 |     TAC   3   3   3   3   3   5 |     TGC   0   0   0   0   0   0
Leu TTA   1   1   1   1   1   1 |     TCA   0   0   0   0   0   0 | *** TAA   0   0   0   0   0   0 | *** TGA   0   0   0   0   0   0
    TTG   3   3   3   3   3   3 |     TCG   0   0   0   0   0   0 |     TAG   0   0   0   0   0   0 | Trp TGG   3   3   3   3   3   3
--------------------------------------------------------------------------------------------------------------------------------------
Leu CTT   4   4   4   4   4   4 | Pro CCT   3   3   4   2   3   4 | His CAT   2   2   2   2   2   2 | Arg CGT   2   2   2   2   2   2
    CTC   2   2   2   2   2   2 |     CCC   2   2   1   2   2   1 |     CAC   1   1   1   1   1   1 |     CGC   2   2   2   2   2   2
    CTA   0   0   0   0   0   0 |     CCA   5   5   5   6   5   5 | Gln CAA   2   1   2   2   3   3 |     CGA   0   0   0   0   0   0
    CTG   7   7   7   7   7   7 |     CCG   1   1   1   1   1   1 |     CAG   5   6   5   5   4   4 |     CGG   2   2   2   2   2   2
--------------------------------------------------------------------------------------------------------------------------------------
Ile ATT   4   4   3   4   4   4 | Thr ACT   4   4   4   4   5   4 | Asn AAT   2   2   2   2   2   1 | Ser AGT   0   0   0   0   0   0
    ATC   5   5   5   5   5   5 |     ACC   3   3   3   3   2   3 |     AAC   5   5   5   5   5   5 |     AGC   1   1   1   1   1   2
    ATA   1   1   1   1   1   1 |     ACA   6   6   6   5   6   6 | Lys AAA   5   5   5   5   5   5 | Arg AGA   3   3   3   3   3   3
Met ATG   2   2   2   2   2   1 |     ACG   0   0   0   1   0   0 |     AAG   5   5   5   5   5   5 |     AGG   1   1   1   1   1   1
--------------------------------------------------------------------------------------------------------------------------------------
Val GTT   3   2   4   3   3   4 | Ala GCT   3   3   3   3   3   3 | Asp GAT   6   6   6   6   6   6 | Gly GGT   1   1   1   1   1   1
    GTC   6   6   6   6   6   6 |     GCC   4   4   4   4   3   4 |     GAC   3   3   3   3   3   3 |     GGC   3   3   3   3   3   3
    GTA   1   2   1   1   2   0 |     GCA   1   1   1   1   1   1 | Glu GAA   4   4   5   4   4   4 |     GGA   2   2   2   2   2   2
    GTG   3   3   3   3   2   4 |     GCG   0   0   0   0   1   0 |     GAG   8   8   7   8   8   8 |     GGG   3   3   3   3   3   3
--------------------------------------------------------------------------------------------------------------------------------------

--------------------------------------------------------------------------------------------------------------------------------------
Phe TTT   2   2   2   2   2   2 | Ser TCT   1   1   1   1   1   1 | Tyr TAT   4   4   4   4   4   4 | Cys TGT   0   0   0   0   0   0
    TTC   3   3   3   3   3   3 |     TCC   0   0   0   0   1   0 |     TAC   3   3   3   3   3   3 |     TGC   0   0   0   0   0   0
Leu TTA   1   1   1   1   1   1 |     TCA   0   0   0   0   0   0 | *** TAA   0   0   0   0   0   0 | *** TGA   0   0   0   0   0   0
    TTG   3   3   3   3   3   3 |     TCG   0   0   0   0   0   0 |     TAG   0   0   0   0   0   0 | Trp TGG   3   3   3   3   3   3
--------------------------------------------------------------------------------------------------------------------------------------
Leu CTT   4   4   4   4   4   4 | Pro CCT   3   3   3   3   2   2 | His CAT   2   2   2   2   3   2 | Arg CGT   2   2   2   2   2   2
    CTC   2   2   2   2   2   2 |     CCC   2   2   2   2   3   2 |     CAC   1   1   1   1   0   1 |     CGC   2   2   2   2   2   2
    CTA   0   0   0   0   0   0 |     CCA   5   5   5   5   5   5 | Gln CAA   2   3   2   2   2   2 |     CGA   0   0   0   0   0   0
    CTG   7   7   7   7   7   7 |     CCG   1   1   1   1   1   2 |     CAG   5   4   5   5   5   6 |     CGG   2   2   2   2   2   1
--------------------------------------------------------------------------------------------------------------------------------------
Ile ATT   4   4   4   3   4   4 | Thr ACT   4   5   4   4   4   3 | Asn AAT   2   1   2   2   2   2 | Ser AGT   0   0   0   1   0   1
    ATC   5   5   5   5   5   5 |     ACC   3   2   3   3   3   4 |     AAC   5   6   5   5   5   5 |     AGC   1   1   1   0   1   0
    ATA   1   1   1   1   1   1 |     ACA   6   6   5   6   6   6 | Lys AAA   5   5   4   5   5   5 | Arg AGA   3   3   3   3   2   3
Met ATG   2   2   2   2   1   2 |     ACG   0   0   1   0   0   0 |     AAG   5   5   6   5   5   5 |     AGG   1   1   1   1   2   1
--------------------------------------------------------------------------------------------------------------------------------------
Val GTT   2   3   3   4   3   3 | Ala GCT   3   4   3   3   3   3 | Asp GAT   6   7   6   6   6   6 | Gly GGT   1   1   1   1   1   1
    GTC   6   6   6   6   6   6 |     GCC   4   3   4   4   3   4 |     GAC   3   2   3   3   3   3 |     GGC   3   3   3   3   3   3
    GTA   2   1   1   1   1   1 |     GCA   1   1   1   1   1   1 | Glu GAA   5   3   4   4   4   4 |     GGA   2   2   2   2   2   2
    GTG   3   3   3   3   4   3 |     GCG   0   0   0   0   0   0 |     GAG   7   9   8   8   8   8 |     GGG   3   3   3   3   3   3
--------------------------------------------------------------------------------------------------------------------------------------

--------------------------------------------------------------------------------------------------------------------------------------
Phe TTT   2   2   2   2   2   2 | Ser TCT   0   0   1   1   1   1 | Tyr TAT   3   3   3   4   4   4 | Cys TGT   0   0   1   0   0   0
    TTC   3   3   3   3   3   3 |     TCC   1   1   0   0   0   0 |     TAC   4   4   3   3   3   3 |     TGC   0   0   0   0   0   0
Leu TTA   1   1   1   1   1   1 |     TCA   0   0   0   0   0   0 | *** TAA   0   0   0   0   0   0 | *** TGA   0   0   0   0   0   0
    TTG   3   3   3   3   3   3 |     TCG   0   0   0   0   0   0 |     TAG   0   0   0   0   0   0 | Trp TGG   3   3   3   3   3   3
--------------------------------------------------------------------------------------------------------------------------------------
Leu CTT   4   4   4   4   4   4 | Pro CCT   3   3   3   3   2   3 | His CAT   3   3   2   2   2   2 | Arg CGT   2   2   2   2   2   2
    CTC   2   2   2   2   2   2 |     CCC   2   2   2   2   2   2 |     CAC   0   0   1   1   1   1 |     CGC   2   2   2   2   2   2
    CTA   1   1   0   0   0   0 |     CCA   5   5   5   5   6   5 | Gln CAA   3   3   2   3   2   2 |     CGA   0   0   0   0   0   0
    CTG   6   6   7   7   7   7 |     CCG   1   1   1   1   1   1 |     CAG   4   4   5   4   5   5 |     CGG   2   2   2   2   2   2
--------------------------------------------------------------------------------------------------------------------------------------
Ile ATT   4   4   4   4   4   6 | Thr ACT   5   4   4   5   4   4 | Asn AAT   1   1   2   2   2   2 | Ser AGT   0   1   0   0   0   0
    ATC   5   5   5   5   5   3 |     ACC   3   3   3   2   3   3 |     AAC   6   6   5   5   4   5 |     AGC   1   0   1   1   2   1
    ATA   1   1   1   1   1   1 |     ACA   5   6   6   6   6   6 | Lys AAA   5   5   5   5   5   5 | Arg AGA   2   3   3   3   3   3
Met ATG   2   2   2   2   2   2 |     ACG   0   0   0   0   0   0 |     AAG   5   5   5   5   5   5 |     AGG   2   1   1   1   1   1
--------------------------------------------------------------------------------------------------------------------------------------
Val GTT   3   3   3   3   3   2 | Ala GCT   3   3   3   3   3   3 | Asp GAT   6   6   6   6   6   6 | Gly GGT   1   1   1   1   1   1
    GTC   6   6   6   6   6   6 |     GCC   4   4   4   3   4   4 |     GAC   3   3   3   3   3   3 |     GGC   3   3   3   3   3   3
    GTA   1   1   1   2   1   2 |     GCA   1   1   1   1   1   1 | Glu GAA   4   4   3   4   4   4 |     GGA   2   2   2   2   2   2
    GTG   3   3   3   2   3   3 |     GCG   0   0   0   1   0   0 |     GAG   8   8   9   8   8   8 |     GGG   3   3   3   3   3   3
--------------------------------------------------------------------------------------------------------------------------------------

--------------------------------------------------------------------------------------------------------------------------------------
Phe TTT   2   2   2   2   2   2 | Ser TCT   1   1   1   1   1   1 | Tyr TAT   2   3   4   4   4   4 | Cys TGT   0   0   0   0   0   0
    TTC   3   3   3   3   3   3 |     TCC   0   0   0   0   0   0 |     TAC   5   4   3   3   3   3 |     TGC   0   0   0   0   0   0
Leu TTA   1   1   1   1   1   1 |     TCA   0   0   0   0   0   0 | *** TAA   0   0   0   0   0   0 | *** TGA   0   0   0   0   0   0
    TTG   3   3   3   3   3   3 |     TCG   0   0   0   0   0   0 |     TAG   0   0   0   0   0   0 | Trp TGG   3   3   3   3   3   3
--------------------------------------------------------------------------------------------------------------------------------------
Leu CTT   4   4   4   4   4   4 | Pro CCT   4   4   3   2   3   3 | His CAT   2   2   2   2   2   2 | Arg CGT   2   2   2   2   2   2
    CTC   2   2   2   2   2   2 |     CCC   1   1   2   2   2   2 |     CAC   1   1   1   1   1   1 |     CGC   2   2   2   2   2   2
    CTA   0   0   0   0   0   0 |     CCA   5   5   5   6   5   5 | Gln CAA   3   3   2   2   2   3 |     CGA   0   0   0   0   0   0
    CTG   7   7   7   7   7   7 |     CCG   1   1   1   1   1   1 |     CAG   4   4   5   5   5   4 |     CGG   2   2   2   2   2   2
--------------------------------------------------------------------------------------------------------------------------------------
Ile ATT   4   4   4   5   4   4 | Thr ACT   4   4   4   3   4   5 | Asn AAT   2   2   2   1   2   2 | Ser AGT   0   0   0   0   0   0
    ATC   5   5   5   4   5   5 |     ACC   3   3   3   4   3   2 |     AAC   4   4   5   6   5   5 |     AGC   2   2   1   1   1   1
    ATA   1   1   1   1   1   1 |     ACA   6   6   6   6   5   6 | Lys AAA   5   5   5   5   4   5 | Arg AGA   3   3   3   3   3   3
Met ATG   1   1   2   2   2   2 |     ACG   0   0   0   0   1   0 |     AAG   5   5   5   5   6   5 |     AGG   1   1   1   1   1   1
--------------------------------------------------------------------------------------------------------------------------------------
Val GTT   4   4   2   3   3   3 | Ala GCT   3   3   3   3   3   3 | Asp GAT   6   6   6   6   6   6 | Gly GGT   1   1   1   1   1   1
    GTC   6   7   6   6   6   6 |     GCC   4   4   4   4   4   3 |     GAC   3   3   3   3   3   3 |     GGC   3   3   3   3   3   3
    GTA   0   0   2   1   1   2 |     GCA   1   1   1   1   1   1 | Glu GAA   4   4   5   4   4   4 |     GGA   2   2   2   2   2   2
    GTG   4   3   3   3   3   2 |     GCG   0   0   0   0   0   1 |     GAG   8   8   7   8   8   8 |     GGG   3   3   3   3   3   3
--------------------------------------------------------------------------------------------------------------------------------------

--------------------------------------------------------------------------------------------------------------------------------------
Phe TTT   2   2   2   2   2   2 | Ser TCT   1   1   1   1   1   1 | Tyr TAT   4   4   2   4   4   4 | Cys TGT   0   0   0   0   0   0
    TTC   3   3   3   3   3   3 |     TCC   0   0   0   0   0   0 |     TAC   3   3   5   3   3   3 |     TGC   0   0   0   0   0   0
Leu TTA   1   1   1   1   1   1 |     TCA   0   0   0   0   0   0 | *** TAA   0   0   0   0   0   0 | *** TGA   0   0   0   0   0   0
    TTG   3   3   3   3   3   3 |     TCG   0   0   0   0   0   0 |     TAG   0   0   0   0   0   0 | Trp TGG   3   3   3   3   3   3
--------------------------------------------------------------------------------------------------------------------------------------
Leu CTT   4   4   4   4   4   4 | Pro CCT   2   3   4   3   4   3 | His CAT   2   2   2   2   2   2 | Arg CGT   2   2   2   2   2   2
    CTC   2   2   2   2   2   2 |     CCC   2   2   1   2   1   2 |     CAC   1   1   1   1   1   1 |     CGC   2   2   2   2   2   2
    CTA   0   0   0   0   1   0 |     CCA   5   5   5   5   4   5 | Gln CAA   2   3   2   2   3   2 |     CGA   0   0   0   0   0   0
    CTG   7   7   7   7   6   7 |     CCG   2   1   1   1   2   1 |     CAG   5   4   5   5   4   5 |     CGG   2   2   2   2   2   2
--------------------------------------------------------------------------------------------------------------------------------------
Ile ATT   4   4   4   3   4   4 | Thr ACT   3   5   4   4   4   4 | Asn AAT   2   1   1   2   1   2 | Ser AGT   0   1   0   0   0   0
    ATC   5   5   5   5   5   5 |     ACC   4   2   3   3   3   3 |     AAC   5   6   5   5   5   5 |     AGC   1   0   2   1   2   1
    ATA   1   1   1   1   1   1 |     ACA   6   6   6   6   6   5 | Lys AAA   5   5   5   6   6   4 | Arg AGA   3   3   3   4   2   3
Met ATG   2   2   1   2   2   2 |     ACG   0   0   0   0   0   1 |     AAG   5   5   5   4   5   6 |     AGG   1   1   1   0   1   1
--------------------------------------------------------------------------------------------------------------------------------------
Val GTT   3   3   4   4   2   3 | Ala GCT   3   3   3   3   3   3 | Asp GAT   6   6   6   6   6   6 | Gly GGT   1   1   1   1   1   1
    GTC   6   7   6   6   7   6 |     GCC   4   4   4   4   3   4 |     GAC   3   3   3   3   3   3 |     GGC   3   3   4   3   4   3
    GTA   1   1   0   1   1   1 |     GCA   1   1   1   1   1   1 | Glu GAA   4   4   4   4   4   4 |     GGA   2   2   2   2   2   2
    GTG   3   2   4   3   3   3 |     GCG   0   0   0   0   0   0 |     GAG   8   8   8   8   8   8 |     GGG   3   3   2   3   3   3
--------------------------------------------------------------------------------------------------------------------------------------

--------------------------------------------------------------------------------------------------------------------------------------
Phe TTT   2   2   2   2   2   2 | Ser TCT   1   1   1   1   1   1 | Tyr TAT   4   4   4   4   4   3 | Cys TGT   0   0   0   0   0   0
    TTC   3   3   3   3   3   3 |     TCC   0   0   0   0   0   0 |     TAC   3   3   3   3   3   3 |     TGC   0   0   0   0   0   0
Leu TTA   1   1   1   1   1   1 |     TCA   0   0   0   0   0   0 | *** TAA   0   0   0   0   0   0 | *** TGA   0   0   0   0   0   0
    TTG   3   3   3   3   3   3 |     TCG   0   0   0   0   0   0 |     TAG   0   0   0   0   0   0 | Trp TGG   3   3   3   3   3   3
--------------------------------------------------------------------------------------------------------------------------------------
Leu CTT   4   4   4   4   4   4 | Pro CCT   3   3   3   3   2   4 | His CAT   2   2   2   2   2   3 | Arg CGT   2   2   2   2   1   2
    CTC   2   2   2   2   2   2 |     CCC   2   2   2   2   2   1 |     CAC   1   1   1   1   1   1 |     CGC   2   2   2   2   3   2
    CTA   0   0   0   0   0   1 |     CCA   5   5   5   5   5   6 | Gln CAA   3   4   2   2   2   3 |     CGA   0   0   0   0   0   0
    CTG   6   7   7   7   7   6 |     CCG   1   1   1   1   1   0 |     CAG   4   3   5   5   5   4 |     CGG   2   2   2   2   2   2
--------------------------------------------------------------------------------------------------------------------------------------
Ile ATT   4   4   4   4   4   4 | Thr ACT   4   4   4   4   5   4 | Asn AAT   2   1   2   2   2   2 | Ser AGT   1   0   0   0   0   0
    ATC   5   5   5   5   6   5 |     ACC   2   3   3   3   2   3 |     AAC   5   6   5   5   5   4 |     AGC   0   1   1   1   1   2
    ATA   1   1   1   1   1   1 |     ACA   6   6   6   6   6   6 | Lys AAA   4   5   5   6   5   5 | Arg AGA   3   3   3   3   3   3
Met ATG   3   2   2   2   1   1 |     ACG   0   0   0   0   0   0 |     AAG   6   5   5   4   5   5 |     AGG   1   1   1   1   1   1
--------------------------------------------------------------------------------------------------------------------------------------
Val GTT   3   3   2   3   3   3 | Ala GCT   3   3   3   3   4   3 | Asp GAT   6   7   6   6   6   6 | Gly GGT   1   1   1   1   1   1
    GTC   6   6   6   6   5   7 |     GCC   5   4   4   4   3   4 |     GAC   3   2   3   3   3   3 |     GGC   3   3   3   3   3   3
    GTA   1   1   2   1   1   0 |     GCA   1   1   1   1   1   1 | Glu GAA   4   4   4   5   5   4 |     GGA   2   2   2   2   3   3
    GTG   3   3   3   3   4   4 |     GCG   0   0   0   0   1   0 |     GAG   8   8   8   7   7   8 |     GGG   3   3   3   3   2   2
--------------------------------------------------------------------------------------------------------------------------------------

--------------------------------------------------------------------------------------------------------------------------------------
Phe TTT   2   2   2   2   2   2 | Ser TCT   1   1   1   1   1   1 | Tyr TAT   2   4   2   3   4   4 | Cys TGT   0   0   0   0   0   0
    TTC   3   3   3   3   3   3 |     TCC   0   0   0   0   0   0 |     TAC   5   3   5   4   3   3 |     TGC   0   0   0   0   0   0
Leu TTA   1   1   1   1   1   1 |     TCA   0   0   0   0   0   0 | *** TAA   0   0   0   0   0   0 | *** TGA   0   0   0   0   0   0
    TTG   3   3   3   3   3   3 |     TCG   0   0   0   0   0   0 |     TAG   0   0   0   0   0   0 | Trp TGG   3   3   3   3   3   3
--------------------------------------------------------------------------------------------------------------------------------------
Leu CTT   4   4   4   4   4   4 | Pro CCT   4   2   4   4   3   3 | His CAT   2   2   2   2   3   2 | Arg CGT   2   2   2   2   2   2
    CTC   2   2   2   2   2   2 |     CCC   1   2   1   1   2   2 |     CAC   1   1   1   1   0   1 |     CGC   2   2   2   2   2   2
    CTA   0   0   0   0   0   0 |     CCA   5   5   5   5   5   6 | Gln CAA   3   2   3   3   4   2 |     CGA   0   0   0   0   0   0
    CTG   7   7   7   7   7   7 |     CCG   1   2   1   1   1   0 |     CAG   4   5   4   4   3   5 |     CGG   2   2   2   2   1   2
--------------------------------------------------------------------------------------------------------------------------------------
Ile ATT   4   6   4   4   4   4 | Thr ACT   4   3   4   4   4   4 | Asn AAT   2   2   1   2   1   2 | Ser AGT   0   0   0   0   0   1
    ATC   5   3   5   5   5   5 |     ACC   3   4   3   3   3   3 |     AAC   4   5   5   4   6   5 |     AGC   2   1   2   2   1   0
    ATA   1   1   1   1   1   1 |     ACA   6   6   6   6   6   6 | Lys AAA   5   5   5   5   5   5 | Arg AGA   3   3   3   3   3   3
Met ATG   1   2   1   1   2   2 |     ACG   0   0   0   0   0   0 |     AAG   5   5   5   5   5   5 |     AGG   1   1   1   1   2   1
--------------------------------------------------------------------------------------------------------------------------------------
Val GTT   4   3   4   4   3   3 | Ala GCT   3   3   3   3   3   3 | Asp GAT   6   6   6   6   7   6 | Gly GGT   1   1   1   1   1   1
    GTC   6   6   6   7   6   6 |     GCC   4   4   4   4   4   4 |     GAC   3   3   3   3   2   3 |     GGC   3   3   3   3   3   3
    GTA   0   1   0   0   1   1 |     GCA   1   1   1   1   1   1 | Glu GAA   4   4   4   4   4   4 |     GGA   2   2   2   2   2   2
    GTG   4   3   4   3   3   3 |     GCG   0   0   0   0   0   0 |     GAG   8   8   8   8   8   8 |     GGG   3   3   3   3   3   3
--------------------------------------------------------------------------------------------------------------------------------------

--------------------------------------------------------------------------------------------------------------------------------------
Phe TTT   2   2   2   2   2   2 | Ser TCT   1   1   1   1   1   1 | Tyr TAT   4   4   4   4   4   4 | Cys TGT   0   0   0   0   0   0
    TTC   3   3   3   3   3   3 |     TCC   0   0   0   0   0   0 |     TAC   3   3   3   3   3   3 |     TGC   0   0   0   0   0   0
Leu TTA   1   1   1   1   1   1 |     TCA   0   0   0   0   0   0 | *** TAA   0   0   0   0   0   0 | *** TGA   0   0   0   0   0   0
    TTG   3   3   3   3   3   3 |     TCG   0   0   0   0   0   0 |     TAG   0   0   0   0   0   0 | Trp TGG   3   3   3   3   3   3
--------------------------------------------------------------------------------------------------------------------------------------
Leu CTT   5   4   4   3   4   4 | Pro CCT   2   3   3   3   3   3 | His CAT   2   2   2   2   2   2 | Arg CGT   2   2   2   3   2   2
    CTC   2   2   2   2   2   2 |     CCC   2   2   2   2   2   2 |     CAC   1   1   1   1   1   1 |     CGC   2   2   2   1   2   2
    CTA   0   0   0   1   0   0 |     CCA   7   6   5   5   5   5 | Gln CAA   2   3   3   3   3   3 |     CGA   0   0   1   0   0   0
    CTG   6   7   7   7   7   7 |     CCG   0   0   1   1   1   1 |     CAG   5   4   4   4   4   4 |     CGG   2   2   1   2   2   2
--------------------------------------------------------------------------------------------------------------------------------------
Ile ATT   4   4   5   4   4   4 | Thr ACT   3   3   4   4   5   5 | Asn AAT   2   2   2   1   1   1 | Ser AGT   0   0   0   0   0   0
    ATC   5   5   4   5   5   5 |     ACC   4   3   3   3   2   2 |     AAC   5   5   5   5   6   6 |     AGC   1   1   1   2   1   1
    ATA   1   1   1   1   1   1 |     ACA   6   6   6   6   6   6 | Lys AAA   5   6   5   5   5   5 | Arg AGA   3   2   3   3   3   3
Met ATG   2   2   2   2   2   2 |     ACG   0   1   0   0   0   0 |     AAG   5   5   5   5   5   5 |     AGG   1   1   1   1   1   1
--------------------------------------------------------------------------------------------------------------------------------------
Val GTT   3   3   3   3   3   3 | Ala GCT   3   2   3   3   3   3 | Asp GAT   6   6   6   6   6   6 | Gly GGT   1   1   1   1   1   1
    GTC   6   6   6   6   6   6 |     GCC   4   5   4   4   3   3 |     GAC   3   3   3   3   3   3 |     GGC   3   3   3   3   3   3
    GTA   1   1   1   2   2   2 |     GCA   1   1   1   0   1   1 | Glu GAA   4   4   4   4   4   4 |     GGA   2   2   2   2   2   2
    GTG   3   3   3   3   2   2 |     GCG   0   0   0   0   1   1 |     GAG   8   8   8   8   8   8 |     GGG   3   3   3   3   3   3
--------------------------------------------------------------------------------------------------------------------------------------

Codon position x base (3x4) table for each sequence.

#1: Argali         
position  1:    T:0.12658    C:0.25316    A:0.30380    G:0.31646
position  2:    T:0.29114    C:0.21519    A:0.34810    G:0.14557
position  3:    T:0.25949    C:0.26582    A:0.19620    G:0.27848
Average         T:0.22574    C:0.24473    A:0.28270    G:0.24684

#2: LesserMouseDeer
position  1:    T:0.12658    C:0.25316    A:0.30380    G:0.31646
position  2:    T:0.29747    C:0.20886    A:0.34810    G:0.14557
position  3:    T:0.25316    C:0.27215    A:0.19620    G:0.27848
Average         T:0.22574    C:0.24473    A:0.28270    G:0.24684

#3: LesserKudu     
position  1:    T:0.12658    C:0.25316    A:0.29747    G:0.32278
position  2:    T:0.29747    C:0.20886    A:0.34810    G:0.14557
position  3:    T:0.27215    C:0.25949    A:0.20886    G:0.25949
Average         T:0.23207    C:0.24051    A:0.28481    G:0.24262

#4: ForestMuskDeer2
position  1:    T:0.12658    C:0.25316    A:0.29747    G:0.32278
position  2:    T:0.30380    C:0.20253    A:0.34177    G:0.15190
position  3:    T:0.25316    C:0.27215    A:0.20886    G:0.26582
Average         T:0.22785    C:0.24262    A:0.28270    G:0.24684

#5: Camel          
position  1:    T:0.12658    C:0.25949    A:0.29114    G:0.32278
position  2:    T:0.29747    C:0.20886    A:0.34810    G:0.14557
position  3:    T:0.25949    C:0.25949    A:0.20253    G:0.27848
Average         T:0.22785    C:0.24262    A:0.28059    G:0.24895

#6: KillerWhale    
position  1:    T:0.13291    C:0.24684    A:0.30380    G:0.31646
position  2:    T:0.29747    C:0.20886    A:0.32911    G:0.16456
position  3:    T:0.25316    C:0.27215    A:0.21519    G:0.25949
Average         T:0.22785    C:0.24262    A:0.28270    G:0.24684

#7: DefassaWaterbuck
position  1:    T:0.12658    C:0.25316    A:0.29747    G:0.32278
position  2:    T:0.29747    C:0.20886    A:0.34810    G:0.14557
position  3:    T:0.25949    C:0.27215    A:0.19620    G:0.27215
Average         T:0.22785    C:0.24473    A:0.28059    G:0.24684

#8: Sheep          
position  1:    T:0.12658    C:0.25316    A:0.29747    G:0.32278
position  2:    T:0.29747    C:0.20886    A:0.34810    G:0.14557
position  3:    T:0.25316    C:0.27215    A:0.19620    G:0.27848
Average         T:0.22574    C:0.24473    A:0.28059    G:0.24895

#9: MaxwellsDuiker 
position  1:    T:0.12658    C:0.25316    A:0.29114    G:0.32911
position  2:    T:0.29747    C:0.20886    A:0.34810    G:0.14557
position  3:    T:0.26582    C:0.26582    A:0.20253    G:0.26582
Average         T:0.22996    C:0.24262    A:0.28059    G:0.24684

#10: GazellaPrzewalskyi
position  1:    T:0.12658    C:0.25316    A:0.29747    G:0.32278
position  2:    T:0.29747    C:0.20886    A:0.34810    G:0.14557
position  3:    T:0.25316    C:0.27215    A:0.19620    G:0.27848
Average         T:0.22574    C:0.24473    A:0.28059    G:0.24895

#11: MountainNyala  
position  1:    T:0.12658    C:0.25316    A:0.29747    G:0.32278
position  2:    T:0.29747    C:0.20886    A:0.34810    G:0.14557
position  3:    T:0.26582    C:0.25949    A:0.20886    G:0.26582
Average         T:0.22996    C:0.24051    A:0.28481    G:0.24473

#12: MuntiacusMuntjak
position  1:    T:0.12658    C:0.25316    A:0.29114    G:0.32911
position  2:    T:0.29747    C:0.20886    A:0.34177    G:0.15190
position  3:    T:0.25316    C:0.28481    A:0.19620    G:0.26582
Average         T:0.22574    C:0.24895    A:0.27637    G:0.24895

#13: goat           
position  1:    T:0.12658    C:0.25316    A:0.29747    G:0.32278
position  2:    T:0.29747    C:0.20886    A:0.34810    G:0.14557
position  3:    T:0.25316    C:0.27215    A:0.20886    G:0.26582
Average         T:0.22574    C:0.24473    A:0.28481    G:0.24473

#14: AfricanBuffalo 
position  1:    T:0.12658    C:0.25316    A:0.29747    G:0.32278
position  2:    T:0.29747    C:0.20886    A:0.34810    G:0.14557
position  3:    T:0.27215    C:0.25949    A:0.19620    G:0.27215
Average         T:0.23207    C:0.24051    A:0.28059    G:0.24684

#15: Topi           
position  1:    T:0.12658    C:0.25316    A:0.29747    G:0.32278
position  2:    T:0.29747    C:0.20886    A:0.34810    G:0.14557
position  3:    T:0.25949    C:0.27215    A:0.18354    G:0.28481
Average         T:0.22785    C:0.24473    A:0.27637    G:0.25105

#16: CommonDuiker   
position  1:    T:0.12658    C:0.25316    A:0.29114    G:0.32911
position  2:    T:0.29747    C:0.20886    A:0.34810    G:0.14557
position  3:    T:0.26582    C:0.26582    A:0.19620    G:0.27215
Average         T:0.22996    C:0.24262    A:0.27848    G:0.24895

#17: Suni           
position  1:    T:0.13291    C:0.25316    A:0.29114    G:0.32278
position  2:    T:0.29747    C:0.20886    A:0.34810    G:0.14557
position  3:    T:0.25949    C:0.27215    A:0.18987    G:0.27848
Average         T:0.22996    C:0.24473    A:0.27637    G:0.24895

#18: Springbuck     
position  1:    T:0.12658    C:0.25316    A:0.29747    G:0.32278
position  2:    T:0.29747    C:0.20886    A:0.35443    G:0.13924
position  3:    T:0.25316    C:0.27215    A:0.19620    G:0.27848
Average         T:0.22574    C:0.24473    A:0.28270    G:0.24684

#19: Okapi          
position  1:    T:0.12658    C:0.25316    A:0.29747    G:0.32278
position  2:    T:0.29747    C:0.20886    A:0.34810    G:0.14557
position  3:    T:0.25316    C:0.28481    A:0.19620    G:0.26582
Average         T:0.22574    C:0.24895    A:0.28059    G:0.24473

#20: Giraffe        
position  1:    T:0.12658    C:0.25316    A:0.29747    G:0.32278
position  2:    T:0.29747    C:0.20886    A:0.34810    G:0.14557
position  3:    T:0.25316    C:0.27848    A:0.20886    G:0.25949
Average         T:0.22574    C:0.24684    A:0.28481    G:0.24262

#21: TibetanAntelope
position  1:    T:0.12658    C:0.25316    A:0.29747    G:0.32278
position  2:    T:0.29747    C:0.20886    A:0.34177    G:0.15190
position  3:    T:0.25949    C:0.27215    A:0.18987    G:0.27848
Average         T:0.22785    C:0.24473    A:0.27637    G:0.25105

#22: Sitatunga      
position  1:    T:0.12658    C:0.25316    A:0.29747    G:0.32278
position  2:    T:0.29747    C:0.20886    A:0.34810    G:0.14557
position  3:    T:0.26582    C:0.25949    A:0.20886    G:0.26582
Average         T:0.22996    C:0.24051    A:0.28481    G:0.24473

#23: Oribi          
position  1:    T:0.12658    C:0.25316    A:0.29747    G:0.32278
position  2:    T:0.29747    C:0.20886    A:0.34177    G:0.15190
position  3:    T:0.25316    C:0.27215    A:0.20253    G:0.27215
Average         T:0.22574    C:0.24473    A:0.28059    G:0.24895

#24: BarbarySheep   
position  1:    T:0.12658    C:0.25316    A:0.29747    G:0.32278
position  2:    T:0.29747    C:0.20886    A:0.34810    G:0.14557
position  3:    T:0.26582    C:0.25949    A:0.20253    G:0.27215
Average         T:0.22996    C:0.24051    A:0.28270    G:0.24684

#25: Daviddeer      
position  1:    T:0.12658    C:0.25316    A:0.29114    G:0.32911
position  2:    T:0.29747    C:0.20886    A:0.34177    G:0.15190
position  3:    T:0.25949    C:0.27848    A:0.19620    G:0.26582
Average         T:0.22785    C:0.24684    A:0.27637    G:0.24895

#26: Reindeer       
position  1:    T:0.12658    C:0.25316    A:0.29114    G:0.32911
position  2:    T:0.29747    C:0.20886    A:0.34177    G:0.15190
position  3:    T:0.26582    C:0.27848    A:0.19620    G:0.25949
Average         T:0.22996    C:0.24684    A:0.27637    G:0.24684

#27: Ibex           
position  1:    T:0.12658    C:0.25316    A:0.29747    G:0.32278
position  2:    T:0.29747    C:0.20886    A:0.34810    G:0.14557
position  3:    T:0.25316    C:0.27215    A:0.20886    G:0.26582
Average         T:0.22574    C:0.24473    A:0.28481    G:0.24473

#28: GyrantGazelle  
position  1:    T:0.12658    C:0.25316    A:0.29747    G:0.32278
position  2:    T:0.29747    C:0.20886    A:0.34810    G:0.14557
position  3:    T:0.24684    C:0.27848    A:0.20253    G:0.27215
Average         T:0.22363    C:0.24684    A:0.28270    G:0.24684

#29: Hartebeest     
position  1:    T:0.12658    C:0.25316    A:0.29747    G:0.32278
position  2:    T:0.29747    C:0.20886    A:0.34810    G:0.14557
position  3:    T:0.25949    C:0.27215    A:0.18354    G:0.28481
Average         T:0.22785    C:0.24473    A:0.27637    G:0.25105

#30: Bongo          
position  1:    T:0.12658    C:0.25316    A:0.29747    G:0.32278
position  2:    T:0.29747    C:0.20886    A:0.34810    G:0.14557
position  3:    T:0.26582    C:0.25949    A:0.20886    G:0.26582
Average         T:0.22996    C:0.24051    A:0.28481    G:0.24473

#31: Gerenuk        
position  1:    T:0.12658    C:0.25316    A:0.29747    G:0.32278
position  2:    T:0.29747    C:0.20886    A:0.34810    G:0.14557
position  3:    T:0.24684    C:0.27848    A:0.19620    G:0.27848
Average         T:0.22363    C:0.24684    A:0.28059    G:0.24895

#32: CommonEland    
position  1:    T:0.12658    C:0.25316    A:0.29747    G:0.32278
position  2:    T:0.29747    C:0.20886    A:0.34810    G:0.14557
position  3:    T:0.26582    C:0.27215    A:0.20253    G:0.25949
Average         T:0.22996    C:0.24473    A:0.28270    G:0.24262

#33: MuntiacusReevesi
position  1:    T:0.12658    C:0.25316    A:0.29114    G:0.32911
position  2:    T:0.29747    C:0.20886    A:0.34177    G:0.15190
position  3:    T:0.25316    C:0.29114    A:0.18987    G:0.26582
Average         T:0.22574    C:0.25105    A:0.27426    G:0.24895

#34: HarveysDuiker  
position  1:    T:0.12658    C:0.25316    A:0.29114    G:0.32911
position  2:    T:0.29747    C:0.20886    A:0.34810    G:0.14557
position  3:    T:0.25949    C:0.27215    A:0.20886    G:0.25949
Average         T:0.22785    C:0.24473    A:0.28270    G:0.24473

#35: Pronghorn      
position  1:    T:0.12658    C:0.25316    A:0.29747    G:0.32278
position  2:    T:0.29747    C:0.20253    A:0.34810    G:0.15190
position  3:    T:0.25316    C:0.27848    A:0.20253    G:0.26582
Average         T:0.22574    C:0.24473    A:0.28270    G:0.24684

#36: BlueWildebeest 
position  1:    T:0.12658    C:0.25316    A:0.29747    G:0.32278
position  2:    T:0.29747    C:0.20886    A:0.34810    G:0.14557
position  3:    T:0.25949    C:0.27215    A:0.18354    G:0.28481
Average         T:0.22785    C:0.24473    A:0.27637    G:0.25105

#37: Gemsbok        
position  1:    T:0.12658    C:0.24684    A:0.29747    G:0.32911
position  2:    T:0.29747    C:0.20886    A:0.34810    G:0.14557
position  3:    T:0.26582    C:0.26582    A:0.19620    G:0.27215
Average         T:0.22996    C:0.24051    A:0.28059    G:0.24895

#38: Yak            
position  1:    T:0.12658    C:0.25316    A:0.29747    G:0.32278
position  2:    T:0.29747    C:0.20886    A:0.34810    G:0.14557
position  3:    T:0.25949    C:0.27215    A:0.20886    G:0.25949
Average         T:0.22785    C:0.24473    A:0.28481    G:0.24262

#39: BlueSheep      
position  1:    T:0.12658    C:0.25316    A:0.29747    G:0.32278
position  2:    T:0.29747    C:0.20886    A:0.34810    G:0.14557
position  3:    T:0.25316    C:0.27215    A:0.20253    G:0.27215
Average         T:0.22574    C:0.24473    A:0.28270    G:0.24684

#40: BohorReedbuck  
position  1:    T:0.12658    C:0.25316    A:0.29747    G:0.32278
position  2:    T:0.29747    C:0.20886    A:0.34810    G:0.14557
position  3:    T:0.25949    C:0.27215    A:0.20886    G:0.25949
Average         T:0.22785    C:0.24473    A:0.28481    G:0.24262

#41: KirksDik       
position  1:    T:0.12658    C:0.24684    A:0.29747    G:0.32911
position  2:    T:0.29747    C:0.20886    A:0.34810    G:0.14557
position  3:    T:0.25949    C:0.26582    A:0.20886    G:0.26582
Average         T:0.22785    C:0.24051    A:0.28481    G:0.24684

#42: RoeDeer        
position  1:    T:0.12025    C:0.25949    A:0.29114    G:0.32911
position  2:    T:0.29747    C:0.20886    A:0.34177    G:0.15190
position  3:    T:0.26582    C:0.27215    A:0.21519    G:0.24684
Average         T:0.22785    C:0.24684    A:0.28270    G:0.24262

#43: WhiteLippedDeer
position  1:    T:0.12658    C:0.25316    A:0.29114    G:0.32911
position  2:    T:0.29747    C:0.20886    A:0.34177    G:0.15190
position  3:    T:0.25949    C:0.27848    A:0.19620    G:0.26582
Average         T:0.22785    C:0.24684    A:0.27637    G:0.24895

#44: ThomsonGazelle 
position  1:    T:0.12658    C:0.25316    A:0.29747    G:0.32278
position  2:    T:0.29747    C:0.20886    A:0.34810    G:0.14557
position  3:    T:0.25949    C:0.26582    A:0.19620    G:0.27848
Average         T:0.22785    C:0.24262    A:0.28059    G:0.24895

#45: MuntiacusCrinifrons
position  1:    T:0.12658    C:0.25316    A:0.29114    G:0.32911
position  2:    T:0.29747    C:0.20886    A:0.34177    G:0.15190
position  3:    T:0.25316    C:0.28481    A:0.19620    G:0.26582
Average         T:0.22574    C:0.24895    A:0.27637    G:0.24895

#46: WhiteTailedDeer
position  1:    T:0.12658    C:0.25316    A:0.29114    G:0.32911
position  2:    T:0.29747    C:0.20886    A:0.34177    G:0.15190
position  3:    T:0.26582    C:0.27848    A:0.19620    G:0.25949
Average         T:0.22996    C:0.24684    A:0.27637    G:0.24684

#47: Cattle         
position  1:    T:0.12658    C:0.24684    A:0.30380    G:0.32278
position  2:    T:0.29747    C:0.20886    A:0.34810    G:0.14557
position  3:    T:0.26582    C:0.26582    A:0.20886    G:0.25949
Average         T:0.22996    C:0.24051    A:0.28692    G:0.24262

#48: RoyalAntelope  
position  1:    T:0.12658    C:0.25316    A:0.29747    G:0.32278
position  2:    T:0.29747    C:0.20886    A:0.34810    G:0.14557
position  3:    T:0.26582    C:0.26582    A:0.20253    G:0.26582
Average         T:0.22996    C:0.24262    A:0.28270    G:0.24473

#49: Steenbok       
position  1:    T:0.12658    C:0.25316    A:0.29747    G:0.32278
position  2:    T:0.29747    C:0.20886    A:0.34810    G:0.14557
position  3:    T:0.25316    C:0.27848    A:0.20886    G:0.25949
Average         T:0.22574    C:0.24684    A:0.28481    G:0.24262

#50: Impala         
position  1:    T:0.12658    C:0.25316    A:0.29747    G:0.32278
position  2:    T:0.29747    C:0.20886    A:0.35443    G:0.13924
position  3:    T:0.24684    C:0.27848    A:0.20886    G:0.26582
Average         T:0.22363    C:0.24684    A:0.28692    G:0.24262

#51: Klipspringer   
position  1:    T:0.12658    C:0.25316    A:0.29747    G:0.32278
position  2:    T:0.29747    C:0.20886    A:0.34810    G:0.14557
