1
52 1
Argali 0.000000 0.365100 0.131700 0.301400 0.021300 0.000000 0.084600 0.083100 0.134400 0.088300 0.042200 0.108700 0.042100 0.084500 0.127700 0.062900 0.063100 0.087300 0.042700 0.133900 0.062800 0.063800 0.111400 0.184200 0.021200 0.125900 0.042200 0.112800 0.042200 0.172200 0.113900 0.063000 0.130800 0.063800 0.063700 0.087400 0.021300 0.021300 0.063000 0.183100 0.112400 0.082800 0.135800 0.136900 0.088400 0.106000 0.063000 0.107800 0.065700 0.213500 0.109800 0.153100
LesserMous 0.365100 0.000000 0.409100 0.262500 0.330500 0.365100 0.402000 0.368200 0.386200 0.362900 0.353000 0.436900 0.355300 0.401000 0.367200 0.346900 0.319100 0.331400 0.355300 0.386800 0.318700 0.354300 0.459000 0.423200 0.332200 0.448200 0.355300 0.424200 0.350500 0.334600 0.400500 0.348100 0.392700 0.353100 0.383700 0.354900 0.332200 0.328900 0.373700 0.484600 0.461200 0.391900 0.363100 0.366600 0.419400 0.406300 0.373700 0.435500 0.389700 0.440500 0.410900 0.436400
LesserKudu 0.131700 0.409100 0.000000 0.371300 0.106700 0.131700 0.169600 0.166500 0.082900 0.152400 0.127400 0.104100 0.127900 0.168600 0.167300 0.146900 0.147600 0.175200 0.128100 0.083200 0.145900 0.150000 0.151700 0.202500 0.107200 0.210500 0.127900 0.062600 0.126600 0.078300 0.132000 0.146500 0.148500 0.104400 0.105800 0.083400 0.107200 0.105800 0.146300 0.201400 0.153200 0.166000 0.153500 0.156000 0.084200 0.144600 0.146300 0.195300 0.152500 0.139100 0.061100 0.060200
KillerWhal 0.301400 0.262500 0.371300 0.000000 0.269400 0.301400 0.283100 0.330200 0.404100 0.295400 0.291100 0.368200 0.292700 0.335800 0.384000 0.310400 0.261200 0.294400 0.292800 0.347700 0.260200 0.263700 0.380500 0.349400 0.271400 0.378800 0.292700 0.382600 0.289300 0.356900 0.328500 0.311300 0.393400 0.317400 0.319300 0.346600 0.271400 0.269000 0.310700 0.402700 0.383400 0.327900 0.350000 0.297900 0.351800 0.335900 0.310700 0.366300 0.325100 0.401200 0.372000 0.338100
DefassaWat 0.021300 0.330500 0.106700 0.269400 0.000000 0.021300 0.061700 0.060700 0.108800 0.064200 0.020600 0.084400 0.020700 0.061600 0.103400 0.040700 0.040900 0.063500 0.020700 0.108500 0.040700 0.041600 0.086500 0.156200 0.000100 0.102000 0.020700 0.087700 0.020500 0.146600 0.088300 0.040800 0.106100 0.041600 0.041900 0.063600 0.000100 0.000000 0.040800 0.155300 0.087200 0.060400 0.109700 0.110600 0.064500 0.082400 0.040800 0.083900 0.042500 0.187000 0.085400 0.128300
Sheep 0.000000 0.365100 0.131700 0.301400 0.021300 0.000000 0.084600 0.083100 0.134400 0.088300 0.042200 0.108700 0.042400 0.084500 0.127700 0.062900 0.063100 0.087300 0.042700 0.133900 0.062800 0.063800 0.111400 0.184200 0.021200 0.125900 0.042400 0.112800 0.042200 0.172200 0.113900 0.063000 0.130800 0.063900 0.063900 0.087400 0.021200 0.021300 0.063000 0.183100 0.112400 0.082800 0.135800 0.136900 0.088400 0.106000 0.063000 0.107800 0.065700 0.213500 0.109800 0.153100
MaxwellsDu 0.084600 0.402000 0.169600 0.283100 0.061700 0.084600 0.000000 0.120900 0.172900 0.128100 0.082000 0.147200 0.082400 0.122800 0.165100 0.101400 0.101900 0.126500 0.082500 0.172300 0.101300 0.060500 0.150900 0.222600 0.062100 0.119900 0.082400 0.152200 0.081500 0.208600 0.154000 0.101600 0.168800 0.103500 0.104200 0.126500 0.062100 0.061600 0.101600 0.221800 0.106100 0.120500 0.175100 0.176600 0.128200 0.143900 0.101600 0.146600 0.105600 0.249500 0.103600 0.144900
GazellaPrz 0.083100 0.368200 0.166500 0.330200 0.060700 0.083100 0.120900 0.000000 0.169900 0.125800 0.080700 0.144700 0.039700 0.078800 0.077800 0.019200 0.100300 0.081100 0.039700 0.169400 0.058600 0.059700 0.148100 0.218900 0.061000 0.077100 0.039700 0.149500 0.039300 0.183400 0.151200 0.058800 0.166000 0.059700 0.102300 0.124300 0.061000 0.060500 0.058700 0.218200 0.149300 0.038100 0.172000 0.173600 0.125900 0.099400 0.058700 0.143700 0.103700 0.199800 0.145700 0.188100
MountainNy 0.134400 0.386200 0.082900 0.404100 0.108800 0.134400 0.172900 0.169900 0.000000 0.179300 0.130000 0.106200 0.130500 0.171900 0.125100 0.149800 0.150500 0.155700 0.130700 0.041300 0.148800 0.152900 0.154800 0.231100 0.109400 0.214700 0.130500 0.021100 0.129100 0.122100 0.158500 0.149400 0.151400 0.106300 0.154100 0.085100 0.109400 0.107800 0.149200 0.230000 0.156400 0.169300 0.131400 0.183200 0.085900 0.194300 0.149200 0.199100 0.155500 0.186200 0.062200 0.104300
MuntiacusM 0.088300 0.362900 0.152400 0.295400 0.064200 0.088300 0.128100 0.125800 0.179300 0.000000 0.085500 0.152600 0.085800 0.128000 0.173800 0.105600 0.107200 0.133400 0.086000 0.178700 0.105500 0.107800 0.061800 0.082600 0.064700 0.147900 0.085800 0.157400 0.084900 0.193700 0.020400 0.105900 0.175800 0.107800 0.108600 0.131100 0.064700 0.064100 0.105800 0.082000 0.062200 0.104000 0.040600 0.040900 0.131900 0.081100 0.105800 0.152300 0.110100 0.238700 0.153100 0.175000
goat 0.042200 0.353000 0.127400 0.291100 0.020600 0.042200 0.082000 0.080700 0.130000 0.085500 0.000000 0.105300 0.041100 0.082000 0.081000 0.061000 0.061200 0.084500 0.041400 0.129500 0.060900 0.061800 0.063400 0.178200 0.020700 0.122300 0.041100 0.109000 0.040900 0.122900 0.110200 0.061100 0.082900 0.061800 0.062300 0.084500 0.020700 0.020600 0.061100 0.177300 0.108700 0.080400 0.131500 0.132500 0.085500 0.102900 0.061100 0.104400 0.063500 0.207300 0.106200 0.103800
AfricanBuf 0.108700 0.436900 0.104100 0.368200 0.084400 0.108700 0.147200 0.144700 0.106200 0.152600 0.105300 0.000000 0.105700 0.147000 0.145100 0.124800 0.125200 0.151300 0.105900 0.105900 0.124700 0.127400 0.128800 0.203900 0.085000 0.187900 0.105700 0.085500 0.104500 0.143300 0.132000 0.125200 0.126900 0.127600 0.128300 0.062000 0.085000 0.084300 0.081600 0.202900 0.130200 0.144000 0.153800 0.157200 0.062900 0.170500 0.081600 0.125600 0.130100 0.162000 0.083300 0.125200
Topi 0.042100 0.355300 0.127900 0.292700 0.020700 0.042400 0.082400 0.039700 0.130500 0.085800 0.041100 0.105700 0.000000 0.040300 0.081100 0.020000 0.061400 0.041500 0.000000 0.130100 0.019900 0.061300 0.108300 0.179100 0.020700 0.080100 0.000000 0.109500 0.000100 0.167700 0.110700 0.061300 0.127200 0.020300 0.062500 0.084900 0.020700 0.020700 0.020000 0.178100 0.109200 0.039500 0.132000 0.133100 0.085800 0.103300 0.020000 0.104800 0.063800 0.162700 0.106600 0.148900
CommonDuik 0.084500 0.401000 0.168600 0.335800 0.061600 0.084500 0.122800 0.078800 0.171900 0.128000 0.082000 0.147000 0.040300 0.000000 0.120900 0.059500 0.101800 0.082400 0.040300 0.171300 0.059200 0.103300 0.150800 0.222500 0.062000 0.119500 0.040300 0.151300 0.039900 0.207400 0.153900 0.059300 0.168700 0.060700 0.104100 0.126400 0.062000 0.061200 0.059300 0.221700 0.151900 0.078600 0.175000 0.176500 0.127400 0.141500 0.059300 0.146100 0.105000 0.202700 0.147400 0.191400
Suni 0.127700 0.367200 0.167300 0.384000 0.103400 0.127700 0.165100 0.077800 0.125100 0.173800 0.081000 0.145100 0.081100 0.120900 0.000000 0.058700 0.143400 0.103100 0.081200 0.170200 0.099800 0.101800 0.105300 0.222100 0.104100 0.160600 0.081100 0.150200 0.080200 0.140700 0.153600 0.100100 0.122500 0.101800 0.146700 0.124000 0.104100 0.103200 0.100100 0.221200 0.151600 0.118700 0.127900 0.176000 0.126400 0.188300 0.100100 0.189000 0.148700 0.200200 0.146300 0.144200
Springbuck 0.062900 0.346900 0.146900 0.310400 0.040700 0.062900 0.101400 0.019200 0.149800 0.105600 0.061000 0.124800 0.020000 0.059500 0.058700 0.000000 0.080700 0.061300 0.020000 0.149400 0.039300 0.040100 0.128100 0.198300 0.041000 0.098700 0.020000 0.129200 0.019700 0.164200 0.130700 0.039400 0.146200 0.040100 0.082500 0.104400 0.041000 0.040700 0.039400 0.197400 0.129000 0.058500 0.151600 0.152900 0.105800 0.122200 0.039400 0.124100 0.083600 0.180600 0.125900 0.168500
Okapi 0.063100 0.319100 0.147600 0.261200 0.040900 0.063100 0.101900 0.100300 0.150500 0.107200 0.061200 0.125200 0.061400 0.101800 0.143400 0.080700 0.000000 0.104800 0.061600 0.150100 0.080600 0.082300 0.130000 0.201500 0.041200 0.141800 0.061400 0.129800 0.060800 0.186800 0.132800 0.080900 0.146700 0.082300 0.082800 0.104700 0.041200 0.040800 0.080800 0.200500 0.131000 0.099800 0.154000 0.108300 0.106300 0.123900 0.080800 0.124600 0.084000 0.226500 0.126400 0.169300
Giraffe 0.087300 0.331400 0.175200 0.294400 0.063500 0.087300 0.126500 0.081100 0.155700 0.133400 0.084500 0.151300 0.041500 0.082400 0.103100 0.061300 0.104800 0.000000 0.041600 0.178300 0.061200 0.106500 0.157200 0.232200 0.064000 0.122800 0.041500 0.157600 0.041100 0.215100 0.160800 0.104600 0.174100 0.062600 0.107300 0.130300 0.064000 0.063500 0.061400 0.230900 0.158500 0.080800 0.158800 0.184200 0.132300 0.149400 0.061400 0.150500 0.108900 0.208400 0.153200 0.197700
TibetanAnt 0.042700 0.355300 0.128100 0.292800 0.020700 0.042700 0.082500 0.039700 0.130700 0.086000 0.041400 0.105900 0.000000 0.040300 0.081200 0.020000 0.061600 0.041600 0.000000 0.130300 0.020000 0.062500 0.108600 0.179300 0.020900 0.080200 0.000000 0.109700 0.000100 0.167900 0.110900 0.061500 0.127400 0.020400 0.063000 0.085000 0.020900 0.020700 0.020000 0.178400 0.109400 0.039600 0.132300 0.133300 0.086000 0.103500 0.020000 0.105000 0.063900 0.162900 0.106800 0.149900
Sitatunga 0.133900 0.386800 0.083200 0.347700 0.108500 0.133900 0.172300 0.169400 0.041300 0.178700 0.129500 0.105900 0.130100 0.171300 0.170200 0.149400 0.150100 0.178300 0.130300 0.000000 0.103900 0.152400 0.154300 0.180400 0.109000 0.214000 0.130100 0.020800 0.128700 0.079700 0.158000 0.148900 0.150900 0.106000 0.153600 0.084900 0.109000 0.107500 0.148800 0.229200 0.155900 0.168800 0.179900 0.182600 0.085600 0.193700 0.148800 0.198500 0.154900 0.141600 0.062000 0.104000
Oribi 0.062800 0.318700 0.145900 0.260200 0.040700 0.062800 0.101300 0.058600 0.148800 0.105500 0.060900 0.124700 0.019900 0.059200 0.099800 0.039300 0.080600 0.061200 0.020000 0.103900 0.000000 0.081800 0.127800 0.150900 0.041000 0.098600 0.019900 0.128300 0.019800 0.141000 0.130500 0.080100 0.146000 0.040000 0.082400 0.104300 0.041000 0.040400 0.039200 0.197100 0.128800 0.058400 0.151400 0.152700 0.105100 0.121400 0.039200 0.123900 0.083100 0.137700 0.125000 0.168200
BarbaryShe 0.063800 0.354300 0.150000 0.263700 0.041600 0.063800 0.060500 0.059700 0.152900 0.107800 0.061800 0.127400 0.061300 0.103300 0.101800 0.040100 0.082300 0.106500 0.062500 0.152400 0.081800 0.000000 0.130600 0.202400 0.041600 0.143900 0.062100 0.131900 0.061800 0.167400 0.133400 0.040200 0.149200 0.082800 0.083800 0.106500 0.041600 0.041500 0.082000 0.201400 0.131700 0.101300 0.154700 0.156000 0.107700 0.124400 0.082000 0.126300 0.085400 0.230400 0.128500 0.124800
Daviddeer 0.111400 0.459000 0.151700 0.380500 0.086500 0.111400 0.150900 0.148100 0.154800 0.061800 0.063400 0.128800 0.108300 0.150800 0.105300 0.128100 0.130000 0.157200 0.108600 0.154300 0.127800 0.130600 0.000000 0.105100 0.087100 0.170700 0.108300 0.133000 0.107200 0.146100 0.041600 0.128400 0.107700 0.130600 0.131600 0.107400 0.087100 0.086400 0.128200 0.104300 0.041100 0.126100 0.062000 0.062500 0.108100 0.123400 0.128200 0.176200 0.133600 0.237700 0.129400 0.126800
Reindeer 0.184200 0.423200 0.202500 0.349400 0.156200 0.184200 0.222600 0.218900 0.231100 0.082600 0.178200 0.203900 0.179100 0.222500 0.222100 0.198300 0.201500 0.232200 0.179300 0.180400 0.150900 0.202400 0.105100 0.000000 0.157400 0.242500 0.179100 0.209200 0.177000 0.195200 0.062600 0.198800 0.226100 0.202400 0.203900 0.182000 0.157400 0.156000 0.198600 0.125500 0.105900 0.195300 0.082900 0.083400 0.182300 0.168800 0.198600 0.250000 0.206900 0.239000 0.203400 0.225900
Ibex 0.021200 0.332200 0.107200 0.271400 0.000100 0.021200 0.062100 0.061000 0.109400 0.064700 0.020700 0.085000 0.020700 0.062000 0.104100 0.041000 0.041200 0.064000 0.020900 0.109000 0.041000 0.041600 0.087100 0.157400 0.000000 0.102700 0.020700 0.088100 0.020600 0.147300 0.089000 0.041100 0.106500 0.042000 0.041900 0.064000 0.000000 0.000000 0.041100 0.156400 0.087800 0.060800 0.110500 0.111400 0.064800 0.083000 0.041100 0.084300 0.042800 0.187900 0.085800 0.128200
GyrantGaze 0.125900 0.448200 0.210500 0.378800 0.102000 0.125900 0.119900 0.077100 0.214700 0.147900 0.122300 0.187900 0.080100 0.119500 0.160600 0.098700 0.141800 0.122800 0.080200 0.214000 0.098600 0.143900 0.170700 0.242500 0.102700 0.000000 0.080100 0.194200 0.079300 0.249300 0.174100 0.141500 0.209700 0.100600 0.144800 0.167400 0.102700 0.101900 0.098900 0.241900 0.171900 0.037600 0.195000 0.196700 0.169500 0.140700 0.098900 0.187200 0.146800 0.243100 0.189300 0.232800
Hartebeest 0.042200 0.355300 0.127900 0.292700 0.020700 0.042400 0.082400 0.039700 0.130500 0.085800 0.041100 0.105700 0.000000 0.040300 0.081100 0.020000 0.061400 0.041500 0.000000 0.130100 0.019900 0.062100 0.108300 0.179100 0.020700 0.080100 0.000000 0.109500 0.000100 0.167700 0.110700 0.061300 0.127200 0.020300 0.062500 0.084900 0.020700 0.020700 0.020000 0.178100 0.109200 0.039500 0.132000 0.133100 0.085800 0.103300 0.020000 0.104800 0.063800 0.162700 0.106600 0.148900
Bongo 0.112800 0.424200 0.062600 0.382600 0.087700 0.112800 0.152200 0.149500 0.021100 0.157400 0.109000 0.085500 0.109500 0.151300 0.150200 0.129200 0.129800 0.157600 0.109700 0.020800 0.128300 0.131900 0.133000 0.209200 0.088100 0.194200 0.109500 0.000000 0.108300 0.102400 0.136400 0.128800 0.130500 0.085600 0.133000 0.064300 0.088100 0.086900 0.128700 0.208000 0.134500 0.148900 0.158500 0.161300 0.065100 0.173600 0.128700 0.178100 0.134200 0.166200 0.041800 0.084000
Gerenuk 0.042200 0.350500 0.126600 0.289300 0.020500 0.042200 0.081500 0.039300 0.129100 0.084900 0.040900 0.104500 0.000100 0.039900 0.080200 0.019700 0.060800 0.041100 0.000100 0.128700 0.019800 0.061800 0.107200 0.177000 0.020600 0.079300 0.000100 0.108300 0.000000 0.165900 0.109400 0.060700 0.125800 0.020200 0.062200 0.083900 0.020600 0.020500 0.019800 0.176000 0.108000 0.039100 0.130500 0.131600 0.085100 0.102200 0.019800 0.103900 0.063100 0.161000 0.105500 0.148100
CommonElan 0.172200 0.334600 0.078300 0.356900 0.146600 0.172200 0.208600 0.183400 0.122100 0.193700 0.122900 0.143300 0.167700 0.207400 0.140700 0.164200 0.186800 0.215100 0.167900 0.079700 0.141000 0.167400 0.146100 0.195200 0.147300 0.249300 0.167700 0.102400 0.165900 0.000000 0.173800 0.163700 0.143400 0.143500 0.190800 0.123000 0.147300 0.145400 0.185200 0.242700 0.194300 0.204500 0.194800 0.197500 0.123900 0.183600 0.185200 0.234600 0.192500 0.134900 0.099900 0.058100
MuntiacusR 0.113900 0.400500 0.132000 0.328500 0.088300 0.113900 0.154000 0.151200 0.158500 0.020400 0.110200 0.132000 0.110700 0.153900 0.153600 0.130700 0.132800 0.160800 0.110900 0.158000 0.130500 0.133400 0.041600 0.062600 0.089000 0.174100 0.110700 0.136400 0.109400 0.173800 0.000000 0.131000 0.155400 0.133400 0.134400 0.110300 0.089000 0.088200 0.130900 0.062100 0.041500 0.128600 0.020400 0.020700 0.111100 0.104300 0.130900 0.179800 0.136400 0.218900 0.132600 0.154500
HarveysDui 0.063000 0.348100 0.146500 0.311300 0.040800 0.063000 0.101600 0.058800 0.149400 0.105900 0.061100 0.125200 0.061300 0.059300 0.100100 0.039400 0.080900 0.104600 0.061500 0.148900 0.080100 0.040200 0.128400 0.198800 0.041100 0.141500 0.061300 0.128800 0.060700 0.163700 0.131000 0.000000 0.146500 0.082100 0.082700 0.104600 0.041100 0.040600 0.080500 0.198000 0.129300 0.099700 0.152100 0.153300 0.104500 0.121900 0.080000 0.124400 0.083400 0.226500 0.125500 0.168900
Pronghorn 0.130800 0.392700 0.148500 0.393400 0.106100 0.130800 0.168800 0.166000 0.151400 0.175800 0.082900 0.126900 0.127200 0.168700 0.122500 0.146200 0.146700 0.174100 0.127400 0.150900 0.146000 0.149200 0.107700 0.226100 0.106500 0.209700 0.127200 0.130500 0.125800 0.143400 0.155400 0.146500 0.000000 0.126600 0.150200 0.127600 0.106500 0.105600 0.124800 0.225200 0.155100 0.165200 0.177000 0.178600 0.129500 0.192400 0.124800 0.171600 0.152400 0.206100 0.127200 0.125300
BlueWildeb 0.063800 0.353100 0.104400 0.317400 0.041600 0.063900 0.103500 0.059700 0.106300 0.107800 0.061800 0.127600 0.020300 0.060700 0.101800 0.040100 0.082300 0.062600 0.020400 0.106000 0.040000 0.082800 0.130600 0.202400 0.042000 0.100600 0.020300 0.085600 0.020200 0.143500 0.133400 0.082100 0.126600 0.000000 0.083800 0.106500 0.041600 0.041500 0.040200 0.201400 0.131700 0.059500 0.154800 0.156000 0.107800 0.124500 0.040200 0.126600 0.085400 0.139400 0.083500 0.125600
Gemsbok 0.063700 0.383700 0.105800 0.319300 0.041900 0.063900 0.104200 0.102300 0.154100 0.108600 0.062300 0.128300 0.062500 0.104100 0.146700 0.082500 0.082800 0.107300 0.063000 0.153600 0.082400 0.083800 0.131600 0.203900 0.041900 0.144800 0.062500 0.133000 0.062200 0.190800 0.134400 0.082700 0.150200 0.083800 0.000000 0.107400 0.041900 0.041800 0.082600 0.202800 0.132600 0.102000 0.155900 0.157200 0.108600 0.125300 0.082600 0.127300 0.086100 0.231800 0.129500 0.172200
Yak 0.087400 0.354900 0.083400 0.346600 0.063600 0.087400 0.126500 0.124300 0.085100 0.131100 0.084500 0.062000 0.084900 0.126400 0.124000 0.104400 0.104700 0.130300 0.085000 0.084900 0.104300 0.106500 0.107400 0.182000 0.064000 0.167400 0.084900 0.064300 0.083900 0.123000 0.110300 0.104600 0.127600 0.106500 0.107400 0.000000 0.064000 0.063500 0.104500 0.180900 0.108700 0.123800 0.132200 0.135300 0.042100 0.149600 0.104500 0.150500 0.108900 0.186300 0.062600 0.104500
BlueSheep 0.021300 0.332200 0.107200 0.271400 0.000100 0.021200 0.062100 0.061000 0.109400 0.064700 0.020700 0.085000 0.020700 0.062000 0.104100 0.041000 0.041200 0.064000 0.020900 0.109000 0.041000 0.041600 0.087100 0.157400 0.000000 0.102700 0.020700 0.088100 0.020600 0.147300 0.089000 0.041100 0.106500 0.041600 0.041900 0.064000 0.000000 0.000000 0.041100 0.156400 0.087800 0.060800 0.110500 0.111400 0.064800 0.083000 0.041100 0.084300 0.042800 0.187900 0.085800 0.128200
BohorReedb 0.021300 0.328900 0.105800 0.269000 0.000000 0.021300 0.061600 0.060500 0.107800 0.064100 0.020600 0.084300 0.020700 0.061200 0.103200 0.040700 0.040800 0.063500 0.020700 0.107500 0.040400 0.041500 0.086400 0.156000 0.000000 0.101900 0.020700 0.086900 0.020500 0.145400 0.088200 0.040600 0.105600 0.041500 0.041800 0.063500 0.000000 0.000000 0.040500 0.155100 0.087000 0.060400 0.109600 0.110500 0.064100 0.081900 0.040500 0.083800 0.042200 0.186300 0.084700 0.127900
KirksDik 0.063000 0.373700 0.146300 0.310700 0.040800 0.063000 0.101600 0.058700 0.149200 0.105800 0.061100 0.081600 0.020000 0.059300 0.100100 0.039400 0.080800 0.061400 0.020000 0.148800 0.039200 0.082000 0.128200 0.198600 0.041100 0.098900 0.020000 0.128700 0.019800 0.185200 0.130900 0.080500 0.124800 0.040200 0.082600 0.104500 0.041100 0.040500 0.000000 0.197700 0.129200 0.058600 0.151900 0.153100 0.105000 0.121800 0.000000 0.081100 0.083300 0.137600 0.125400 0.168700
RoeDeer 0.183100 0.484600 0.201400 0.402700 0.155300 0.183100 0.221800 0.218200 0.230000 0.082000 0.177300 0.202900 0.178100 0.221700 0.221200 0.197400 0.200500 0.230900 0.178400 0.229200 0.197100 0.201400 0.104300 0.125500 0.156400 0.241900 0.178100 0.208000 0.176000 0.242700 0.062100 0.198000 0.225200 0.201400 0.202800 0.180900 0.156400 0.155100 0.197700 0.000000 0.105200 0.194600 0.082400 0.082900 0.181300 0.168100 0.197700 0.198400 0.204700 0.237500 0.202400 0.224800
WhiteLippe 0.112400 0.461200 0.153200 0.383400 0.087200 0.112400 0.106100 0.149300 0.156400 0.062200 0.108700 0.130200 0.109200 0.151900 0.151600 0.129000 0.131000 0.158500 0.109400 0.155900 0.128800 0.131700 0.041100 0.105900 0.087800 0.171900 0.109200 0.134500 0.108000 0.194300 0.041500 0.129300 0.155100 0.131700 0.132600 0.108700 0.087800 0.087000 0.129200 0.105200 0.000000 0.127000 0.062200 0.062900 0.109500 0.124300 0.129200 0.177400 0.134600 0.239300 0.084100 0.175700
ThomsonGaz 0.082800 0.391900 0.166000 0.327900 0.060400 0.082800 0.120500 0.038100 0.169300 0.104000 0.080400 0.144000 0.039500 0.078600 0.118700 0.058500 0.099800 0.080800 0.039600 0.168800 0.058400 0.101300 0.126100 0.195300 0.060800 0.037600 0.039500 0.148900 0.039100 0.204500 0.128600 0.099700 0.165200 0.059500 0.102000 0.123800 0.060800 0.060400 0.058600 0.194600 0.127000 0.000000 0.149300 0.150500 0.125400 0.099000 0.058600 0.143200 0.103400 0.199100 0.145200 0.187500
MuntiacusC 0.135800 0.363100 0.153500 0.350000 0.109700 0.135800 0.175100 0.172000 0.131400 0.040600 0.131500 0.153800 0.132000 0.175000 0.127900 0.151600 0.154000 0.158800 0.132300 0.179900 0.151400 0.154700 0.062000 0.082900 0.110500 0.195000 0.132000 0.158500 0.130500 0.194800 0.020400 0.152100 0.177000 0.154800 0.155900 0.132200 0.110500 0.109600 0.151900 0.082400 0.062200 0.149300 0.000000 0.041100 0.132900 0.124600 0.151900 0.201000 0.158100 0.239900 0.154200 0.176100
WhiteTaile 0.136900 0.366600 0.156000 0.297900 0.110600 0.136900 0.176600 0.173600 0.183200 0.040900 0.132500 0.157200 0.133100 0.176500 0.176000 0.152900 0.108300 0.184200 0.133300 0.182600 0.152700 0.156000 0.062500 0.083400 0.111400 0.196700 0.133100 0.161300 0.131600 0.197500 0.020700 0.153300 0.178600 0.156000 0.157200 0.135300 0.111400 0.110500 0.153100 0.082900 0.062900 0.150500 0.041100 0.000000 0.135200 0.125500 0.153100 0.202100 0.159500 0.241900 0.156800 0.179000
Cattle 0.088400 0.419400 0.084200 0.351800 0.064500 0.088400 0.128200 0.125900 0.085900 0.131900 0.085500 0.062900 0.085800 0.127400 0.126400 0.105800 0.106300 0.132300 0.086000 0.085600 0.105100 0.107700 0.108100 0.182300 0.064800 0.169500 0.085800 0.065100 0.085100 0.123900 0.111100 0.104500 0.129500 0.107800 0.108600 0.042100 0.064800 0.064100 0.105000 0.181300 0.109500 0.125400 0.132900 0.135200 0.000000 0.149100 0.105400 0.106400 0.109900 0.189000 0.063200 0.105700
RoyalAntel 0.106000 0.406300 0.144600 0.335900 0.082400 0.106000 0.143900 0.099400 0.194300 0.081100 0.102900 0.170500 0.103300 0.141500 0.188300 0.122200 0.123900 0.149400 0.103500 0.193700 0.121400 0.124400 0.123400 0.168800 0.083000 0.140700 0.103300 0.173600 0.102200 0.183600 0.104300 0.121900 0.192400 0.124500 0.125300 0.149600 0.083000 0.081900 0.121800 0.168100 0.124300 0.099000 0.124600 0.125500 0.149100 0.000000 0.121800 0.167600 0.126300 0.226200 0.169100 0.166900
Steenbok 0.063000 0.373700 0.146300 0.310700 0.040800 0.063000 0.101600 0.058700 0.149200 0.105800 0.061100 0.081600 0.020000 0.059300 0.100100 0.039400 0.080800 0.061400 0.020000 0.148800 0.039200 0.082000 0.128200 0.198600 0.041100 0.098900 0.020000 0.128700 0.019800 0.185200 0.130900 0.080000 0.124800 0.040200 0.082600 0.104500 0.041100 0.040500 0.000000 0.197700 0.129200 0.058600 0.151900 0.153100 0.105400 0.121800 0.000000 0.081100 0.083300 0.137600 0.125400 0.168700
Impala 0.107800 0.435500 0.195300 0.366300 0.083900 0.107800 0.146600 0.143700 0.199100 0.152300 0.104400 0.125600 0.104800 0.146100 0.189000 0.124100 0.124600 0.150500 0.105000 0.198500 0.123900 0.126300 0.176200 0.250000 0.084300 0.187200 0.104800 0.178100 0.103900 0.234600 0.179800 0.124400 0.171600 0.126600 0.127300 0.150500 0.084300 0.083800 0.081100 0.198400 0.177400 0.143200 0.201000 0.202100 0.106400 0.167600 0.081100 0.000000 0.129500 0.182000 0.173400 0.217200
Klipspring 0.065700 0.389700 0.152500 0.325100 0.042500 0.065700 0.105600 0.103700 0.155500 0.110100 0.063500 0.130100 0.063800 0.105000 0.148700 0.083600 0.084000 0.108900 0.063900 0.154900 0.083100 0.085400 0.133600 0.206900 0.042800 0.146800 0.063800 0.134200 0.063100 0.192500 0.136400 0.083400 0.152400 0.085400 0.086100 0.108900 0.042800 0.042200 0.083300 0.204700 0.134600 0.103400 0.158100 0.159500 0.109900 0.126300 0.083300 0.129500 0.000000 0.235100 0.130700 0.175900
ForestMusk 0.213500 0.440500 0.139100 0.401200 0.187000 0.213500 0.249500 0.199800 0.186200 0.238700 0.207300 0.162000 0.162700 0.202700 0.200200 0.180600 0.226500 0.208400 0.162900 0.141600 0.137700 0.230400 0.237700 0.239000 0.187900 0.243100 0.162700 0.166200 0.161000 0.134900 0.218900 0.226500 0.206100 0.139400 0.231800 0.186300 0.187900 0.186300 0.137600 0.237500 0.239300 0.199100 0.239900 0.241900 0.189000 0.226200 0.137600 0.182000 0.235100 0.000000 0.162400 0.159700
Bushbuck 0.109800 0.410900 0.061100 0.372000 0.085400 0.109800 0.103600 0.145700 0.062200 0.153100 0.106200 0.083300 0.106600 0.147400 0.146300 0.125900 0.126400 0.153200 0.106800 0.062000 0.125000 0.128500 0.129400 0.203400 0.085800 0.189300 0.106600 0.041800 0.105500 0.099900 0.132600 0.125500 0.127200 0.083500 0.129500 0.062600 0.085800 0.084700 0.125400 0.202400 0.084100 0.145200 0.154200 0.156800 0.063200 0.169100 0.125400 0.173400 0.130700 0.162400 0.000000 0.081900
GreaterKud 0.153100 0.436400 0.060200 0.338100 0.128300 0.153100 0.144900 0.188100 0.104300 0.175000 0.103800 0.125200 0.148900 0.191400 0.144200 0.168500 0.169300 0.197700 0.149900 0.104000 0.168200 0.124800 0.126800 0.225900 0.128200 0.232800 0.148900 0.084000 0.148100 0.058100 0.154500 0.168900 0.125300 0.125600 0.172200 0.104500 0.128200 0.127900 0.168700 0.224800 0.175700 0.187500 0.176100 0.179000 0.105700 0.166900 0.168700 0.217200 0.175900 0.159700 0.081900 0.000000
