CODONML (in paml version 4.10.7, June 2023)  /home/rachel/ruminants_paml/6406-phy-tree/ENSBTAT00000002684.fasta.phy
Model: free dN/dS Ratios for branches,  kappa = 2.000 fixed

Codon frequency model: F3x4
ns =  54  ls =  57

Codon usage in sequences
--------------------------------------------------------------------------------------------------------------------------------------
Phe TTT   2   2   2   2   2   2 | Ser TCT   0   0   0   0   0   0 | Tyr TAT   1   1   1   1   2   1 | Cys TGT   0   0   0   0   0   0
    TTC   0   0   0   0   0   0 |     TCC   0   0   0   0   0   0 |     TAC   1   1   1   1   0   1 |     TGC   0   0   0   0   0   0
Leu TTA   0   1   0   0   0   0 |     TCA   1   0   1   1   1   1 | *** TAA   0   0   0   0   0   0 | *** TGA   0   0   0   0   0   0
    TTG   1   0   1   1   1   1 |     TCG   0   1   0   0   0   0 |     TAG   0   0   0   0   0   0 | Trp TGG   0   0   0   0   0   0
--------------------------------------------------------------------------------------------------------------------------------------
Leu CTT   1   1   1   1   1   1 | Pro CCT   0   1   0   0   0   0 | His CAT   0   1   0   0   0   1 | Arg CGT   0   0   0   0   0   0
    CTC   0   0   0   0   0   0 |     CCC   1   1   1   1   1   1 |     CAC   1   0   1   1   1   0 |     CGC   1   1   1   1   1   1
    CTA   0   0   0   0   0   0 |     CCA   4   2   4   4   2   4 | Gln CAA   2   2   2   2   2   3 |     CGA   0   0   0   0   0   0
    CTG   1   1   1   1   1   1 |     CCG   0   1   0   0   2   0 |     CAG   2   2   2   2   2   1 |     CGG   1   1   1   1   1   1
--------------------------------------------------------------------------------------------------------------------------------------
Ile ATT   3   2   3   3   3   3 | Thr ACT   0   0   0   0   1   1 | Asn AAT   0   0   0   0   0   0 | Ser AGT   1   1   1   1   1   1
    ATC   0   1   0   0   0   0 |     ACC   1   1   1   1   0   0 |     AAC   1   1   1   1   1   1 |     AGC   2   2   2   2   2   2
    ATA   0   0   0   0   0   0 |     ACA   0   0   0   0   0   0 | Lys AAA   3   2   3   3   2   3 | Arg AGA   1   1   1   1   1   1
Met ATG   4   4   4   4   4   4 |     ACG   0   0   0   0   0   0 |     AAG   2   3   2   2   3   2 |     AGG   0   0   0   0   0   0
--------------------------------------------------------------------------------------------------------------------------------------
Val GTT   2   3   2   2   3   3 | Ala GCT   2   2   2   2   2   2 | Asp GAT   1   1   1   1   1   1 | Gly GGT   1   1   1   1   1   1
    GTC   0   0   0   0   0   0 |     GCC   1   1   1   1   1   1 |     GAC   0   0   0   0   0   0 |     GGC   0   1   0   0   0   0
    GTA   0   0   0   0   0   0 |     GCA   0   0   0   0   0   0 | Glu GAA   5   5   5   5   3   6 |     GGA   4   3   4   4   4   4
    GTG   2   1   2   2   1   1 |     GCG   0   0   0   0   0   0 |     GAG   1   1   1   1   3   0 |     GGG   0   0   0   0   0   0
--------------------------------------------------------------------------------------------------------------------------------------

--------------------------------------------------------------------------------------------------------------------------------------
Phe TTT   2   2   2   2   2   2 | Ser TCT   0   0   0   0   0   0 | Tyr TAT   1   1   1   1   1   0 | Cys TGT   0   0   0   0   0   0
    TTC   0   0   0   0   0   0 |     TCC   0   0   0   0   0   0 |     TAC   1   1   1   1   1   2 |     TGC   0   0   0   0   0   0
Leu TTA   0   0   0   0   0   0 |     TCA   1   1   1   1   1   1 | *** TAA   0   0   0   0   0   0 | *** TGA   0   0   0   0   0   0
    TTG   1   1   1   1   1   1 |     TCG   0   0   0   0   0   0 |     TAG   0   0   0   0   0   0 | Trp TGG   0   0   0   0   0   0
--------------------------------------------------------------------------------------------------------------------------------------
Leu CTT   1   1   1   1   1   1 | Pro CCT   0   0   0   0   0   0 | His CAT   0   0   0   0   0   0 | Arg CGT   0   0   0   0   0   0
    CTC   0   0   0   0   0   0 |     CCC   1   1   1   1   1   1 |     CAC   1   1   1   1   1   1 |     CGC   1   1   1   1   1   1
    CTA   0   0   0   0   0   0 |     CCA   4   4   4   4   4   4 | Gln CAA   2   2   2   2   2   2 |     CGA   0   0   0   0   0   0
    CTG   1   1   1   1   1   1 |     CCG   0   0   0   0   0   0 |     CAG   2   2   2   2   2   2 |     CGG   1   1   1   1   1   1
--------------------------------------------------------------------------------------------------------------------------------------
Ile ATT   3   3   3   3   3   3 | Thr ACT   0   0   0   0   0   0 | Asn AAT   0   0   0   0   0   0 | Ser AGT   1   1   0   1   1   1
    ATC   0   0   0   0   0   0 |     ACC   1   1   1   1   1   1 |     AAC   1   1   1   1   1   1 |     AGC   2   2   3   2   2   2
    ATA   0   0   0   0   0   0 |     ACA   0   0   0   0   0   0 | Lys AAA   3   3   3   3   3   3 | Arg AGA   1   1   1   1   1   1
Met ATG   4   4   4   4   4   4 |     ACG   0   0   0   0   0   0 |     AAG   2   2   2   2   2   2 |     AGG   0   0   0   0   0   0
--------------------------------------------------------------------------------------------------------------------------------------
Val GTT   2   2   2   2   2   2 | Ala GCT   2   2   2   2   2   2 | Asp GAT   1   1   1   1   1   1 | Gly GGT   1   1   1   1   1   1
    GTC   0   0   0   0   0   0 |     GCC   1   1   1   1   1   1 |     GAC   0   0   0   0   0   0 |     GGC   0   0   0   0   0   0
    GTA   0   0   0   0   0   0 |     GCA   0   0   0   0   0   0 | Glu GAA   5   5   5   5   5   5 |     GGA   4   4   4   4   4   4
    GTG   2   2   2   2   2   2 |     GCG   0   0   0   0   0   0 |     GAG   1   1   1   1   1   1 |     GGG   0   0   0   0   0   0
--------------------------------------------------------------------------------------------------------------------------------------

--------------------------------------------------------------------------------------------------------------------------------------
Phe TTT   2   2   2   2   2   2 | Ser TCT   0   0   0   0   0   0 | Tyr TAT   1   1   1   1   1   1 | Cys TGT   0   0   0   0   0   0
    TTC   0   0   0   0   0   0 |     TCC   0   0   0   0   0   0 |     TAC   1   1   1   1   1   1 |     TGC   0   0   0   0   0   0
Leu TTA   0   0   0   0   0   0 |     TCA   1   1   1   1   1   1 | *** TAA   0   0   0   0   0   0 | *** TGA   0   0   0   0   0   0
    TTG   1   1   1   1   1   1 |     TCG   0   0   0   0   0   0 |     TAG   0   0   0   0   0   0 | Trp TGG   0   0   0   0   0   0
--------------------------------------------------------------------------------------------------------------------------------------
Leu CTT   1   1   1   1   1   1 | Pro CCT   0   0   1   0   0   0 | His CAT   0   0   0   0   0   0 | Arg CGT   0   0   0   0   0   0
    CTC   0   0   0   0   0   0 |     CCC   1   1   0   1   1   1 |     CAC   1   1   1   1   1   1 |     CGC   1   1   1   1   1   1
    CTA   0   0   0   0   0   0 |     CCA   4   4   4   4   4   4 | Gln CAA   2   2   2   2   2   2 |     CGA   0   0   0   0   0   0
    CTG   1   1   1   1   1   1 |     CCG   0   0   0   0   0   0 |     CAG   2   2   2   2   2   2 |     CGG   1   1   1   1   1   1
--------------------------------------------------------------------------------------------------------------------------------------
Ile ATT   3   3   3   3   3   3 | Thr ACT   0   1   0   0   0   0 | Asn AAT   0   0   0   0   0   0 | Ser AGT   1   1   1   0   1   1
    ATC   0   0   0   0   0   0 |     ACC   1   0   1   1   1   1 |     AAC   1   1   1   1   1   1 |     AGC   2   2   2   3   2   2
    ATA   0   0   0   0   0   0 |     ACA   0   0   0   0   0   0 | Lys AAA   3   3   3   3   4   3 | Arg AGA   1   1   1   1   1   1
Met ATG   4   4   4   4   4   4 |     ACG   0   0   0   0   0   0 |     AAG   2   2   2   2   1   2 |     AGG   0   0   0   0   0   0
--------------------------------------------------------------------------------------------------------------------------------------
Val GTT   2   2   2   2   2   2 | Ala GCT   2   2   2   2   2   2 | Asp GAT   1   1   1   1   1   1 | Gly GGT   1   1   1   1   1   1
    GTC   0   0   0   0   0   0 |     GCC   1   1   1   1   1   1 |     GAC   0   0   0   0   0   0 |     GGC   0   0   0   0   0   0
    GTA   0   0   0   0   0   0 |     GCA   0   0   0   0   0   0 | Glu GAA   5   5   5   5   6   5 |     GGA   4   4   4   4   4   4
    GTG   2   2   2   2   2   2 |     GCG   0   0   0   0   0   0 |     GAG   1   1   1   1   0   1 |     GGG   0   0   0   0   0   0
--------------------------------------------------------------------------------------------------------------------------------------

--------------------------------------------------------------------------------------------------------------------------------------
Phe TTT   2   2   2   2   2   2 | Ser TCT   0   0   0   0   0   0 | Tyr TAT   1   1   1   1   1   1 | Cys TGT   0   0   0   0   0   0
    TTC   0   0   0   0   0   0 |     TCC   0   0   0   0   0   0 |     TAC   1   1   1   1   1   1 |     TGC   0   0   0   0   0   0
Leu TTA   0   0   0   0   0   0 |     TCA   1   1   1   1   1   1 | *** TAA   0   0   0   0   0   0 | *** TGA   0   0   0   0   0   0
    TTG   1   1   1   1   1   1 |     TCG   0   0   0   0   0   0 |     TAG   0   0   0   0   0   0 | Trp TGG   0   0   0   0   0   0
--------------------------------------------------------------------------------------------------------------------------------------
Leu CTT   1   1   1   1   1   1 | Pro CCT   0   0   0   0   0   0 | His CAT   0   0   0   0   0   0 | Arg CGT   0   0   0   0   0   0
    CTC   0   0   0   0   0   0 |     CCC   1   1   1   1   1   1 |     CAC   1   1   1   1   1   1 |     CGC   1   1   1   1   1   1
    CTA   0   0   0   0   0   0 |     CCA   4   4   4   4   4   4 | Gln CAA   2   2   2   2   2   2 |     CGA   0   0   0   0   0   0
    CTG   1   1   1   1   1   1 |     CCG   0   0   0   0   0   0 |     CAG   2   2   2   2   2   2 |     CGG   1   1   1   1   1   1
--------------------------------------------------------------------------------------------------------------------------------------
Ile ATT   3   3   3   3   3   3 | Thr ACT   0   0   0   0   0   0 | Asn AAT   0   0   0   0   0   0 | Ser AGT   1   1   1   1   1   1
    ATC   0   0   0   0   0   0 |     ACC   1   1   1   1   1   1 |     AAC   1   1   1   1   1   1 |     AGC   2   2   2   2   2   2
    ATA   0   0   0   0   0   0 |     ACA   0   0   0   0   0   0 | Lys AAA   3   3   3   3   3   3 | Arg AGA   1   1   1   1   1   1
Met ATG   4   4   4   4   4   4 |     ACG   0   0   0   0   0   0 |     AAG   2   2   2   2   2   2 |     AGG   0   0   0   0   0   0
--------------------------------------------------------------------------------------------------------------------------------------
Val GTT   2   2   2   2   2   2 | Ala GCT   2   2   2   2   2   2 | Asp GAT   1   1   1   1   1   1 | Gly GGT   1   1   1   1   1   1
    GTC   0   0   0   0   0   0 |     GCC   1   1   1   1   1   1 |     GAC   0   0   0   0   0   0 |     GGC   0   0   0   0   0   0
    GTA   0   0   0   0   0   0 |     GCA   0   0   0   0   0   0 | Glu GAA   5   5   5   5   5   5 |     GGA   4   3   4   4   4   4
    GTG   2   2   2   2   2   2 |     GCG   0   0   0   0   0   0 |     GAG   1   1   1   1   1   1 |     GGG   0   1   0   0   0   0
--------------------------------------------------------------------------------------------------------------------------------------

--------------------------------------------------------------------------------------------------------------------------------------
Phe TTT   2   2   2   2   2   2 | Ser TCT   0   0   0   0   0   0 | Tyr TAT   1   1   1   1   1   1 | Cys TGT   0   0   0   0   0   0
    TTC   0   0   0   0   0   0 |     TCC   0   0   0   0   0   0 |     TAC   1   1   1   1   1   1 |     TGC   0   0   0   0   0   0
Leu TTA   0   0   0   0   0   0 |     TCA   1   1   1   1   1   1 | *** TAA   0   0   0   0   0   0 | *** TGA   0   0   0   0   0   0
    TTG   1   1   1   1   1   1 |     TCG   0   0   0   0   0   0 |     TAG   0   0   0   0   0   0 | Trp TGG   0   0   0   0   0   0
--------------------------------------------------------------------------------------------------------------------------------------
Leu CTT   1   1   1   1   1   1 | Pro CCT   0   0   0   0   1   0 | His CAT   0   0   0   0   0   0 | Arg CGT   0   0   0   0   0   0
    CTC   0   0   0   0   0   0 |     CCC   1   1   1   1   0   1 |     CAC   1   1   1   1   1   1 |     CGC   1   1   1   1   1   1
    CTA   0   0   0   0   0   0 |     CCA   4   4   4   4   4   4 | Gln CAA   2   2   2   2   2   2 |     CGA   0   0   0   0   0   0
    CTG   1   1   1   1   1   1 |     CCG   0   0   0   0   0   0 |     CAG   2   2   2   2   2   2 |     CGG   1   1   1   1   1   1
--------------------------------------------------------------------------------------------------------------------------------------
Ile ATT   3   3   3   3   3   3 | Thr ACT   0   0   0   0   0   0 | Asn AAT   0   0   0   0   0   0 | Ser AGT   1   1   1   1   1   1
    ATC   0   0   0   0   0   0 |     ACC   1   1   1   1   1   1 |     AAC   1   1   1   1   1   1 |     AGC   2   2   2   2   2   2
    ATA   0   0   0   0   0   0 |     ACA   0   0   0   0   0   0 | Lys AAA   3   3   3   3   3   3 | Arg AGA   1   1   1   1   1   1
Met ATG   4   4   4   4   4   4 |     ACG   0   0   0   0   0   0 |     AAG   2   2   2   2   2   2 |     AGG   0   0   0   0   0   0
--------------------------------------------------------------------------------------------------------------------------------------
Val GTT   2   2   2   2   2   2 | Ala GCT   2   2   2   2   2   2 | Asp GAT   1   1   1   1   1   1 | Gly GGT   1   1   1   1   1   1
    GTC   0   0   0   0   0   0 |     GCC   1   1   1   1   1   1 |     GAC   0   0   0   0   0   0 |     GGC   0   0   0   0   0   0
    GTA   0   0   0   0   0   0 |     GCA   0   0   0   0   0   0 | Glu GAA   5   5   5   5   5   5 |     GGA   4   4   4   4   4   4
    GTG   2   2   2   2   2   2 |     GCG   0   0   0   0   0   0 |     GAG   1   1   1   1   1   1 |     GGG   0   0   0   0   0   0
--------------------------------------------------------------------------------------------------------------------------------------

--------------------------------------------------------------------------------------------------------------------------------------
Phe TTT   2   2   2   2   2   2 | Ser TCT   0   0   0   0   0   0 | Tyr TAT   1   1   0   1   1   1 | Cys TGT   0   0   0   0   0   0
    TTC   0   0   0   0   0   0 |     TCC   0   0   0   0   0   0 |     TAC   1   1   2   1   1   1 |     TGC   0   0   0   0   0   0
Leu TTA   0   0   0   0   0   0 |     TCA   1   1   1   1   1   1 | *** TAA   0   0   0   0   0   0 | *** TGA   0   0   0   0   0   0
    TTG   1   1   1   1   1   1 |     TCG   0   0   0   0   0   0 |     TAG   0   0   0   0   0   0 | Trp TGG   0   0   0   0   0   0
--------------------------------------------------------------------------------------------------------------------------------------
Leu CTT   1   1   1   1   1   1 | Pro CCT   0   0   0   0   0   1 | His CAT   0   0   0   0   0   0 | Arg CGT   0   0   0   0   0   0
    CTC   0   0   0   0   0   0 |     CCC   1   1   1   1   1   0 |     CAC   1   1   1   1   1   1 |     CGC   1   1   1   1   1   1
    CTA   0   0   0   0   0   0 |     CCA   4   4   4   4   4   4 | Gln CAA   2   2   2   2   2   2 |     CGA   0   0   0   0   0   0
    CTG   1   1   1   1   1   1 |     CCG   0   0   0   0   0   0 |     CAG   2   2   2   2   2   2 |     CGG   1   1   1   1   1   1
--------------------------------------------------------------------------------------------------------------------------------------
Ile ATT   3   3   3   3   3   3 | Thr ACT   0   0   0   0   0   0 | Asn AAT   0   0   0   0   0   0 | Ser AGT   1   1   1   0   1   1
    ATC   0   0   0   0   0   0 |     ACC   1   1   1   1   1   1 |     AAC   1   1   1   1   1   1 |     AGC   2   2   2   3   2   2
    ATA   0   0   0   0   0   0 |     ACA   0   0   0   0   0   0 | Lys AAA   3   3   3   3   3   3 | Arg AGA   1   1   1   1   1   1
Met ATG   4   4   4   4   4   4 |     ACG   0   0   0   0   0   0 |     AAG   2   2   2   2   2   2 |     AGG   0   0   0   0   0   0
--------------------------------------------------------------------------------------------------------------------------------------
Val GTT   2   2   2   2   2   2 | Ala GCT   2   2   2   2   2   2 | Asp GAT   1   1   1   1   1   1 | Gly GGT   1   1   1   1   1   1
    GTC   0   0   0   0   0   0 |     GCC   1   1   1   1   1   1 |     GAC   0   0   0   0   0   0 |     GGC   0   0   0   0   0   0
    GTA   0   0   0   0   0   0 |     GCA   0   0   0   0   0   0 | Glu GAA   5   5   5   5   5   5 |     GGA   4   4   4   4   4   4
    GTG   2   2   2   2   2   2 |     GCG   0   0   0   0   0   0 |     GAG   1   1   1   1   1   1 |     GGG   0   0   0   0   0   0
--------------------------------------------------------------------------------------------------------------------------------------

--------------------------------------------------------------------------------------------------------------------------------------
Phe TTT   2   2   2   2   2   2 | Ser TCT   0   0   0   0   0   0 | Tyr TAT   1   1   1   1   1   1 | Cys TGT   0   0   0   0   0   0
    TTC   0   0   0   0   0   0 |     TCC   0   0   0   0   0   0 |     TAC   1   1   1   1   1   1 |     TGC   0   0   0   0   0   0
Leu TTA   0   0   0   0   0   0 |     TCA   1   1   1   1   1   1 | *** TAA   0   0   0   0   0   0 | *** TGA   0   0   0   0   0   0
    TTG   1   1   1   1   1   1 |     TCG   0   0   0   0   0   0 |     TAG   0   0   0   0   0   0 | Trp TGG   0   0   0   0   0   0
--------------------------------------------------------------------------------------------------------------------------------------
Leu CTT   1   1   1   1   1   1 | Pro CCT   0   0   0   0   0   0 | His CAT   0   0   0   0   0   0 | Arg CGT   0   0   0   0   0   0
    CTC   0   0   0   0   0   0 |     CCC   1   1   1   1   1   1 |     CAC   1   1   1   1   1   1 |     CGC   1   1   1   1   1   1
    CTA   0   0   0   0   0   0 |     CCA   4   4   4   4   4   4 | Gln CAA   2   2   2   2   2   2 |     CGA   0   0   0   0   0   0
    CTG   1   1   1   1   1   1 |     CCG   0   0   0   0   0   0 |     CAG   2   2   2   2   2   2 |     CGG   1   1   1   1   1   1
--------------------------------------------------------------------------------------------------------------------------------------
Ile ATT   3   3   3   3   3   3 | Thr ACT   0   1   0   0   0   0 | Asn AAT   0   0   0   0   0   0 | Ser AGT   1   1   1   1   1   2
    ATC   0   0   0   0   0   0 |     ACC   1   0   1   1   1   1 |     AAC   1   1   1   1   1   1 |     AGC   2   2   2   2   2   1
    ATA   0   0   0   0   0   0 |     ACA   0   0   0   0   0   0 | Lys AAA   3   3   3   3   3   3 | Arg AGA   1   1   1   1   1   1
Met ATG   4   4   4   4   4   4 |     ACG   0   0   0   0   0   0 |     AAG   2   2   2   2   2   2 |     AGG   0   0   0   0   0   0
--------------------------------------------------------------------------------------------------------------------------------------
Val GTT   2   2   2   2   2   2 | Ala GCT   2   2   2   2   2   2 | Asp GAT   1   1   1   1   1   1 | Gly GGT   1   1   1   1   1   1
    GTC   0   0   0   0   0   0 |     GCC   1   1   1   1   1   1 |     GAC   0   0   0   0   0   0 |     GGC   0   0   0   0   0   0
    GTA   0   0   0   0   0   0 |     GCA   0   0   0   0   0   0 | Glu GAA   5   5   5   5   5   5 |     GGA   4   4   4   4   4   4
    GTG   2   2   2   2   2   2 |     GCG   0   0   0   0   0   0 |     GAG   1   1   1   1   1   1 |     GGG   0   0   0   0   0   0
--------------------------------------------------------------------------------------------------------------------------------------

--------------------------------------------------------------------------------------------------------------------------------------
Phe TTT   2   2   2   2   2   2 | Ser TCT   0   0   0   0   0   0 | Tyr TAT   1   1   0   1   1   1 | Cys TGT   0   0   0   0   0   0
    TTC   0   0   0   0   0   0 |     TCC   0   0   0   0   0   0 |     TAC   1   1   2   1   1   1 |     TGC   0   0   0   0   0   0
Leu TTA   0   0   0   0   0   0 |     TCA   1   1   1   1   1   1 | *** TAA   0   0   0   0   0   0 | *** TGA   0   0   0   0   0   0
    TTG   1   1   1   1   1   1 |     TCG   0   0   0   0   0   0 |     TAG   0   0   0   0   0   0 | Trp TGG   0   0   0   0   0   0
--------------------------------------------------------------------------------------------------------------------------------------
Leu CTT   1   1   1   1   1   1 | Pro CCT   0   1   0   0   0   0 | His CAT   0   0   0   0   0   0 | Arg CGT   0   0   0   0   0   0
    CTC   0   0   0   0   0   0 |     CCC   1   0   1   1   1   1 |     CAC   1   1   1   1   1   1 |     CGC   1   1   1   1   1   1
    CTA   0   0   0   0   0   0 |     CCA   4   4   4   4   4   4 | Gln CAA   2   2   2   2   2   2 |     CGA   0   0   0   0   0   0
    CTG   1   1   1   1   1   1 |     CCG   0   0   0   0   0   0 |     CAG   2   2   2   2   2   2 |     CGG   1   1   1   1   1   1
--------------------------------------------------------------------------------------------------------------------------------------
Ile ATT   3   3   3   3   3   3 | Thr ACT   0   0   0   0   1   0 | Asn AAT   0   0   0   0   0   0 | Ser AGT   1   1   1   1   1   1
    ATC   0   0   0   0   0   0 |     ACC   1   1   1   1   0   1 |     AAC   1   1   1   1   1   1 |     AGC   2   2   2   2   2   2
    ATA   0   0   0   0   0   0 |     ACA   0   0   0   0   0   0 | Lys AAA   3   3   3   3   3   3 | Arg AGA   1   1   1   1   1   1
Met ATG   4   4   4   4   4   4 |     ACG   0   0   0   0   0   0 |     AAG   2   2   2   2   2   2 |     AGG   0   0   0   0   0   0
--------------------------------------------------------------------------------------------------------------------------------------
Val GTT   2   2   2   2   2   2 | Ala GCT   2   2   2   2   2   2 | Asp GAT   1   1   1   1   1   1 | Gly GGT   1   1   1   1   1   1
    GTC   0   0   0   0   0   0 |     GCC   1   1   1   1   1   1 |     GAC   0   0   0   0   0   0 |     GGC   0   0   0   1   0   0
    GTA   0   0   0   0   0   0 |     GCA   0   0   0   0   0   0 | Glu GAA   5   5   5   5   5   5 |     GGA   4   4   4   3   4   4
    GTG   2   2   2   2   2   2 |     GCG   0   0   0   0   0   0 |     GAG   1   1   1   1   1   1 |     GGG   0   0   0   0   0   0
--------------------------------------------------------------------------------------------------------------------------------------

--------------------------------------------------------------------------------------------------------------------------------------
Phe TTT   2   2   2   2   2   2 | Ser TCT   0   0   0   0   0   0 | Tyr TAT   1   1   1   1   1   1 | Cys TGT   0   0   0   0   0   0
    TTC   0   0   0   0   0   0 |     TCC   0   0   0   0   0   0 |     TAC   1   1   1   1   1   1 |     TGC   0   0   0   0   0   0
Leu TTA   0   0   0   0   0   0 |     TCA   1   1   1   1   1   1 | *** TAA   0   0   0   0   0   0 | *** TGA   0   0   0   0   0   0
    TTG   1   1   1   1   1   1 |     TCG   0   0   0   0   0   0 |     TAG   0   0   0   0   0   0 | Trp TGG   0   0   0   0   0   0
--------------------------------------------------------------------------------------------------------------------------------------
Leu CTT   1   1   1   1   1   1 | Pro CCT   0   0   0   0   0   0 | His CAT   0   0   0   0   0   0 | Arg CGT   0   0   0   0   0   0
    CTC   0   0   0   0   0   0 |     CCC   1   1   1   1   1   1 |     CAC   1   1   1   1   1   1 |     CGC   1   1   1   1   1   1
    CTA   0   0   0   0   0   0 |     CCA   4   4   4   4   4   4 | Gln CAA   2   2   2   2   2   2 |     CGA   0   0   0   0   0   0
    CTG   1   1   1   1   1   1 |     CCG   0   0   0   0   0   0 |     CAG   2   2   2   2   2   2 |     CGG   1   1   1   1   1   1
--------------------------------------------------------------------------------------------------------------------------------------
Ile ATT   4   3   3   3   3   3 | Thr ACT   0   0   0   0   0   0 | Asn AAT   0   0   0   0   0   0 | Ser AGT   1   1   2   1   1   1
    ATC   0   0   0   0   0   0 |     ACC   1   1   1   1   1   1 |     AAC   1   1   1   1   1   1 |     AGC   2   2   1   2   2   2
    ATA   0   0   0   0   0   0 |     ACA   0   0   0   0   0   0 | Lys AAA   3   3   3   3   3   3 | Arg AGA   1   1   1   1   1   1
Met ATG   4   4   4   4   4   4 |     ACG   0   0   0   0   0   0 |     AAG   2   2   2   2   2   2 |     AGG   0   0   0   0   0   0
--------------------------------------------------------------------------------------------------------------------------------------
Val GTT   1   2   2   2   2   2 | Ala GCT   2   2   2   2   2   2 | Asp GAT   1   1   1   1   1   1 | Gly GGT   1   1   1   1   1   1
    GTC   0   0   0   0   0   0 |     GCC   1   1   1   1   1   1 |     GAC   0   0   0   0   0   0 |     GGC   0   0   0   0   0   0
    GTA   0   0   0   0   0   0 |     GCA   0   0   0   0   0   0 | Glu GAA   5   5   5   5   5   5 |     GGA   4   4   4   4   4   4
    GTG   2   2   2   2   2   2 |     GCG   0   0   0   0   0   0 |     GAG   1   1   1   1   1   1 |     GGG   0   0   0   0   0   0
--------------------------------------------------------------------------------------------------------------------------------------

Codon position x base (3x4) table for each sequence.

#1: Argali         
position  1:    T:0.10526    C:0.24561    A:0.31579    G:0.33333
position  2:    T:0.28070    C:0.17544    A:0.35088    G:0.19298
position  3:    T:0.24561    C:0.15789    A:0.35088    G:0.24561
Average         T:0.21053    C:0.19298    A:0.33918    G:0.25731

#2: LesserMouseDeer
position  1:    T:0.10526    C:0.24561    A:0.31579    G:0.33333
position  2:    T:0.28070    C:0.17544    A:0.35088    G:0.19298
position  3:    T:0.28070    C:0.17544    A:0.28070    G:0.26316
Average         T:0.22222    C:0.19883    A:0.31579    G:0.26316

#3: LesserKudu     
position  1:    T:0.10526    C:0.24561    A:0.31579    G:0.33333
position  2:    T:0.28070    C:0.17544    A:0.35088    G:0.19298
position  3:    T:0.24561    C:0.15789    A:0.35088    G:0.24561
Average         T:0.21053    C:0.19298    A:0.33918    G:0.25731

#4: ForestMuskDeer2
position  1:    T:0.10526    C:0.24561    A:0.31579    G:0.33333
position  2:    T:0.28070    C:0.17544    A:0.35088    G:0.19298
position  3:    T:0.24561    C:0.15789    A:0.35088    G:0.24561
Average         T:0.21053    C:0.19298    A:0.33918    G:0.25731

#5: Camel          
position  1:    T:0.10526    C:0.24561    A:0.31579    G:0.33333
position  2:    T:0.28070    C:0.17544    A:0.35088    G:0.19298
position  3:    T:0.29825    C:0.12281    A:0.26316    G:0.31579
Average         T:0.22807    C:0.18129    A:0.30994    G:0.28070

#6: KillerWhale    
position  1:    T:0.10526    C:0.24561    A:0.31579    G:0.33333
position  2:    T:0.28070    C:0.17544    A:0.35088    G:0.19298
position  3:    T:0.29825    C:0.12281    A:0.38596    G:0.19298
Average         T:0.22807    C:0.18129    A:0.35088    G:0.23977

#7: DefassaWaterbuck
position  1:    T:0.10526    C:0.24561    A:0.31579    G:0.33333
position  2:    T:0.28070    C:0.17544    A:0.35088    G:0.19298
position  3:    T:0.24561    C:0.15789    A:0.35088    G:0.24561
Average         T:0.21053    C:0.19298    A:0.33918    G:0.25731

#8: Sheep          
position  1:    T:0.10526    C:0.24561    A:0.31579    G:0.33333
position  2:    T:0.28070    C:0.17544    A:0.35088    G:0.19298
position  3:    T:0.24561    C:0.15789    A:0.35088    G:0.24561
Average         T:0.21053    C:0.19298    A:0.33918    G:0.25731

#9: MaxwellsDuiker 
position  1:    T:0.10526    C:0.24561    A:0.31579    G:0.33333
position  2:    T:0.28070    C:0.17544    A:0.35088    G:0.19298
position  3:    T:0.22807    C:0.17544    A:0.35088    G:0.24561
Average         T:0.20468    C:0.19883    A:0.33918    G:0.25731

#10: GazellaPrzewalskyi
position  1:    T:0.10526    C:0.24561    A:0.31579    G:0.33333
position  2:    T:0.28070    C:0.17544    A:0.35088    G:0.19298
position  3:    T:0.24561    C:0.15789    A:0.35088    G:0.24561
Average         T:0.21053    C:0.19298    A:0.33918    G:0.25731

#11: MountainNyala  
position  1:    T:0.10526    C:0.24561    A:0.31579    G:0.33333
position  2:    T:0.28070    C:0.17544    A:0.35088    G:0.19298
position  3:    T:0.24561    C:0.15789    A:0.35088    G:0.24561
Average         T:0.21053    C:0.19298    A:0.33918    G:0.25731

#12: MuntiacusMuntjak
position  1:    T:0.10526    C:0.24561    A:0.31579    G:0.33333
position  2:    T:0.28070    C:0.17544    A:0.35088    G:0.19298
position  3:    T:0.22807    C:0.17544    A:0.35088    G:0.24561
Average         T:0.20468    C:0.19883    A:0.33918    G:0.25731

#13: goat           
position  1:    T:0.10526    C:0.24561    A:0.31579    G:0.33333
position  2:    T:0.28070    C:0.17544    A:0.35088    G:0.19298
position  3:    T:0.24561    C:0.15789    A:0.35088    G:0.24561
Average         T:0.21053    C:0.19298    A:0.33918    G:0.25731

#14: AfricanBuffalo 
position  1:    T:0.10526    C:0.24561    A:0.31579    G:0.33333
position  2:    T:0.28070    C:0.17544    A:0.35088    G:0.19298
position  3:    T:0.26316    C:0.14035    A:0.35088    G:0.24561
Average         T:0.21637    C:0.18713    A:0.33918    G:0.25731

#15: Topi           
position  1:    T:0.10526    C:0.24561    A:0.31579    G:0.33333
position  2:    T:0.28070    C:0.17544    A:0.35088    G:0.19298
position  3:    T:0.26316    C:0.14035    A:0.35088    G:0.24561
Average         T:0.21637    C:0.18713    A:0.33918    G:0.25731

#16: CommonDuiker   
position  1:    T:0.10526    C:0.24561    A:0.31579    G:0.33333
position  2:    T:0.28070    C:0.17544    A:0.35088    G:0.19298
position  3:    T:0.22807    C:0.17544    A:0.35088    G:0.24561
Average         T:0.20468    C:0.19883    A:0.33918    G:0.25731

#17: Suni           
position  1:    T:0.10526    C:0.24561    A:0.31579    G:0.33333
position  2:    T:0.28070    C:0.17544    A:0.35088    G:0.19298
position  3:    T:0.24561    C:0.15789    A:0.38596    G:0.21053
Average         T:0.21053    C:0.19298    A:0.35088    G:0.24561

#18: Springbuck     
position  1:    T:0.10526    C:0.24561    A:0.31579    G:0.33333
position  2:    T:0.28070    C:0.17544    A:0.35088    G:0.19298
position  3:    T:0.24561    C:0.15789    A:0.35088    G:0.24561
Average         T:0.21053    C:0.19298    A:0.33918    G:0.25731

#19: Okapi          
position  1:    T:0.10526    C:0.24561    A:0.31579    G:0.33333
position  2:    T:0.28070    C:0.17544    A:0.35088    G:0.19298
position  3:    T:0.24561    C:0.15789    A:0.35088    G:0.24561
Average         T:0.21053    C:0.19298    A:0.33918    G:0.25731

#20: Giraffe        
position  1:    T:0.10526    C:0.24561    A:0.31579    G:0.33333
position  2:    T:0.28070    C:0.17544    A:0.35088    G:0.19298
position  3:    T:0.24561    C:0.15789    A:0.33333    G:0.26316
Average         T:0.21053    C:0.19298    A:0.33333    G:0.26316

#21: TibetanAntelope
position  1:    T:0.10526    C:0.24561    A:0.31579    G:0.33333
position  2:    T:0.28070    C:0.17544    A:0.35088    G:0.19298
position  3:    T:0.24561    C:0.15789    A:0.35088    G:0.24561
Average         T:0.21053    C:0.19298    A:0.33918    G:0.25731

#22: Sitatunga      
position  1:    T:0.10526    C:0.24561    A:0.31579    G:0.33333
position  2:    T:0.28070    C:0.17544    A:0.35088    G:0.19298
position  3:    T:0.24561    C:0.15789    A:0.35088    G:0.24561
Average         T:0.21053    C:0.19298    A:0.33918    G:0.25731

#23: Oribi          
position  1:    T:0.10526    C:0.24561    A:0.31579    G:0.33333
position  2:    T:0.28070    C:0.17544    A:0.35088    G:0.19298
position  3:    T:0.24561    C:0.15789    A:0.35088    G:0.24561
Average         T:0.21053    C:0.19298    A:0.33918    G:0.25731

#24: BarbarySheep   
position  1:    T:0.10526    C:0.24561    A:0.31579    G:0.33333
position  2:    T:0.28070    C:0.17544    A:0.35088    G:0.19298
position  3:    T:0.24561    C:0.15789    A:0.35088    G:0.24561
Average         T:0.21053    C:0.19298    A:0.33918    G:0.25731

#25: Daviddeer      
position  1:    T:0.10526    C:0.24561    A:0.31579    G:0.33333
position  2:    T:0.28070    C:0.17544    A:0.35088    G:0.19298
position  3:    T:0.24561    C:0.15789    A:0.35088    G:0.24561
Average         T:0.21053    C:0.19298    A:0.33918    G:0.25731

#26: Reindeer       
position  1:    T:0.10526    C:0.24561    A:0.31579    G:0.33333
position  2:    T:0.28070    C:0.17544    A:0.35088    G:0.19298
position  3:    T:0.24561    C:0.15789    A:0.35088    G:0.24561
Average         T:0.21053    C:0.19298    A:0.33918    G:0.25731

#27: Ibex           
position  1:    T:0.10526    C:0.24561    A:0.31579    G:0.33333
position  2:    T:0.28070    C:0.17544    A:0.35088    G:0.19298
position  3:    T:0.24561    C:0.15789    A:0.35088    G:0.24561
Average         T:0.21053    C:0.19298    A:0.33918    G:0.25731

#28: GyrantGazelle  
position  1:    T:0.10526    C:0.24561    A:0.31579    G:0.33333
position  2:    T:0.28070    C:0.17544    A:0.35088    G:0.19298
position  3:    T:0.24561    C:0.15789    A:0.35088    G:0.24561
Average         T:0.21053    C:0.19298    A:0.33918    G:0.25731

#29: Hartebeest     
position  1:    T:0.10526    C:0.24561    A:0.31579    G:0.33333
position  2:    T:0.28070    C:0.17544    A:0.35088    G:0.19298
position  3:    T:0.26316    C:0.14035    A:0.35088    G:0.24561
Average         T:0.21637    C:0.18713    A:0.33918    G:0.25731

#30: Bongo          
position  1:    T:0.10526    C:0.24561    A:0.31579    G:0.33333
position  2:    T:0.28070    C:0.17544    A:0.35088    G:0.19298
position  3:    T:0.24561    C:0.15789    A:0.35088    G:0.24561
Average         T:0.21053    C:0.19298    A:0.33918    G:0.25731

#31: Gerenuk        
position  1:    T:0.10526    C:0.24561    A:0.31579    G:0.33333
position  2:    T:0.28070    C:0.17544    A:0.35088    G:0.19298
position  3:    T:0.24561    C:0.15789    A:0.35088    G:0.24561
Average         T:0.21053    C:0.19298    A:0.33918    G:0.25731

#32: CommonEland    
position  1:    T:0.10526    C:0.24561    A:0.31579    G:0.33333
position  2:    T:0.28070    C:0.17544    A:0.35088    G:0.19298
position  3:    T:0.24561    C:0.15789    A:0.35088    G:0.24561
Average         T:0.21053    C:0.19298    A:0.33918    G:0.25731

#33: MuntiacusReevesi
position  1:    T:0.10526    C:0.24561    A:0.31579    G:0.33333
position  2:    T:0.28070    C:0.17544    A:0.35088    G:0.19298
position  3:    T:0.22807    C:0.17544    A:0.35088    G:0.24561
Average         T:0.20468    C:0.19883    A:0.33918    G:0.25731

#34: HarveysDuiker  
position  1:    T:0.10526    C:0.24561    A:0.31579    G:0.33333
position  2:    T:0.28070    C:0.17544    A:0.35088    G:0.19298
position  3:    T:0.22807    C:0.17544    A:0.35088    G:0.24561
Average         T:0.20468    C:0.19883    A:0.33918    G:0.25731

#35: Pronghorn      
position  1:    T:0.10526    C:0.24561    A:0.31579    G:0.33333
position  2:    T:0.28070    C:0.17544    A:0.35088    G:0.19298
position  3:    T:0.24561    C:0.15789    A:0.35088    G:0.24561
Average         T:0.21053    C:0.19298    A:0.33918    G:0.25731

#36: BlueWildebeest 
position  1:    T:0.10526    C:0.24561    A:0.31579    G:0.33333
position  2:    T:0.28070    C:0.17544    A:0.35088    G:0.19298
position  3:    T:0.26316    C:0.14035    A:0.35088    G:0.24561
Average         T:0.21637    C:0.18713    A:0.33918    G:0.25731

#37: Gemsbok        
position  1:    T:0.10526    C:0.24561    A:0.31579    G:0.33333
position  2:    T:0.28070    C:0.17544    A:0.35088    G:0.19298
position  3:    T:0.24561    C:0.15789    A:0.35088    G:0.24561
Average         T:0.21053    C:0.19298    A:0.33918    G:0.25731

#38: Yak            
position  1:    T:0.10526    C:0.24561    A:0.31579    G:0.33333
position  2:    T:0.28070    C:0.17544    A:0.35088    G:0.19298
position  3:    T:0.26316    C:0.14035    A:0.35088    G:0.24561
Average         T:0.21637    C:0.18713    A:0.33918    G:0.25731

#39: BlueSheep      
position  1:    T:0.10526    C:0.24561    A:0.31579    G:0.33333
position  2:    T:0.28070    C:0.17544    A:0.35088    G:0.19298
position  3:    T:0.24561    C:0.15789    A:0.35088    G:0.24561
Average         T:0.21053    C:0.19298    A:0.33918    G:0.25731

#40: BohorReedbuck  
position  1:    T:0.10526    C:0.24561    A:0.31579    G:0.33333
position  2:    T:0.28070    C:0.17544    A:0.35088    G:0.19298
position  3:    T:0.24561    C:0.15789    A:0.35088    G:0.24561
Average         T:0.21053    C:0.19298    A:0.33918    G:0.25731

#41: KirksDik       
position  1:    T:0.10526    C:0.24561    A:0.31579    G:0.33333
position  2:    T:0.28070    C:0.17544    A:0.35088    G:0.19298
position  3:    T:0.24561    C:0.15789    A:0.35088    G:0.24561
Average         T:0.21053    C:0.19298    A:0.33918    G:0.25731

#42: RoeDeer        
position  1:    T:0.10526    C:0.24561    A:0.31579    G:0.33333
position  2:    T:0.28070    C:0.17544    A:0.35088    G:0.19298
position  3:    T:0.26316    C:0.14035    A:0.35088    G:0.24561
Average         T:0.21637    C:0.18713    A:0.33918    G:0.25731

#43: WhiteLippedDeer
position  1:    T:0.10526    C:0.24561    A:0.31579    G:0.33333
position  2:    T:0.28070    C:0.17544    A:0.35088    G:0.19298
position  3:    T:0.24561    C:0.15789    A:0.35088    G:0.24561
Average         T:0.21053    C:0.19298    A:0.33918    G:0.25731

#44: ThomsonGazelle 
position  1:    T:0.10526    C:0.24561    A:0.31579    G:0.33333
position  2:    T:0.28070    C:0.17544    A:0.35088    G:0.19298
position  3:    T:0.26316    C:0.14035    A:0.35088    G:0.24561
Average         T:0.21637    C:0.18713    A:0.33918    G:0.25731

#45: MuntiacusCrinifrons
position  1:    T:0.10526    C:0.24561    A:0.31579    G:0.33333
position  2:    T:0.28070    C:0.17544    A:0.35088    G:0.19298
position  3:    T:0.22807    C:0.17544    A:0.35088    G:0.24561
Average         T:0.20468    C:0.19883    A:0.33918    G:0.25731

#46: WhiteTailedDeer
position  1:    T:0.10526    C:0.24561    A:0.31579    G:0.33333
position  2:    T:0.28070    C:0.17544    A:0.35088    G:0.19298
position  3:    T:0.24561    C:0.17544    A:0.33333    G:0.24561
Average         T:0.21053    C:0.19883    A:0.33333    G:0.25731

#47: Cattle         
position  1:    T:0.10526    C:0.24561    A:0.31579    G:0.33333
position  2:    T:0.28070    C:0.17544    A:0.35088    G:0.19298
position  3:    T:0.26316    C:0.14035    A:0.35088    G:0.24561
Average         T:0.21637    C:0.18713    A:0.33918    G:0.25731

#48: RoyalAntelope  
position  1:    T:0.10526    C:0.24561    A:0.31579    G:0.33333
position  2:    T:0.28070    C:0.17544    A:0.35088    G:0.19298
position  3:    T:0.24561    C:0.15789    A:0.35088    G:0.24561
Average         T:0.21053    C:0.19298    A:0.33918    G:0.25731

#49: Steenbok       
position  1:    T:0.10526    C:0.24561    A:0.33333    G:0.31579
position  2:    T:0.28070    C:0.17544    A:0.35088    G:0.19298
position  3:    T:0.24561    C:0.15789    A:0.35088    G:0.24561
Average         T:0.21053    C:0.19298    A:0.34503    G:0.25146

#50: Impala         
position  1:    T:0.10526    C:0.24561    A:0.31579    G:0.33333
position  2:    T:0.28070    C:0.17544    A:0.35088    G:0.19298
position  3:    T:0.24561    C:0.15789    A:0.35088    G:0.24561
Average         T:0.21053    C:0.19298    A:0.33918    G:0.25731

#51: Klipspringer   
position  1:    T:0.10526    C:0.24561    A:0.31579    G:0.33333
position  2:    T:0.28070    C:0.17544    A:0.35088    G:0.19298
