1
52 1
Argali 0.000000 0.177600 0.050300 0.193100 0.095900 0.013200 0.055000 0.059200 0.050400 0.103300 0.017600 0.045200 0.064000 0.069300 0.050100 0.045400 0.089200 0.089800 0.022200 0.069200 0.049800 0.017600 0.098700 0.083200 0.017700 0.069000 0.059100 0.055200 0.054700 0.060000 0.103400 0.050200 0.117700 0.049800 0.044800 0.040600 0.017700 0.031500 0.049900 0.093600 0.088500 0.064200 0.098300 0.103100 0.040600 0.049800 0.049800 0.049600 0.036400 0.087700 0.055200 0.060000
LesserMous 0.177600 0.000000 0.162600 0.160700 0.152800 0.178300 0.146200 0.171400 0.173400 0.211300 0.167400 0.144800 0.187700 0.173100 0.161200 0.177700 0.162500 0.174600 0.160400 0.167400 0.182200 0.161700 0.200900 0.221900 0.161700 0.199500 0.181700 0.168000 0.188600 0.163100 0.211600 0.151200 0.198400 0.182100 0.164800 0.145100 0.161600 0.150600 0.177200 0.200500 0.194600 0.188800 0.205500 0.246000 0.145100 0.160900 0.182200 0.154300 0.168300 0.154100 0.168100 0.163100
LesserKudu 0.050300 0.162600 0.000000 0.200300 0.091500 0.050500 0.050800 0.064500 0.009000 0.099100 0.041100 0.031500 0.079200 0.065200 0.055200 0.059900 0.085000 0.090500 0.036100 0.027100 0.064300 0.036400 0.099500 0.098800 0.036400 0.084200 0.074100 0.013500 0.069400 0.018100 0.099200 0.046000 0.123600 0.064600 0.049900 0.027000 0.036400 0.036400 0.059800 0.099400 0.094200 0.069600 0.094100 0.119300 0.027000 0.045500 0.064400 0.050000 0.050900 0.073900 0.013500 0.018100
KillerWhal 0.193100 0.160700 0.200300 0.000000 0.156100 0.205000 0.194100 0.203600 0.211500 0.209200 0.188500 0.198600 0.215100 0.199200 0.216500 0.210400 0.182700 0.206500 0.197800 0.211000 0.214900 0.188100 0.209800 0.203000 0.188100 0.232800 0.208800 0.211700 0.221500 0.217800 0.215100 0.204900 0.180600 0.203600 0.196400 0.182000 0.188100 0.187700 0.221200 0.193100 0.198100 0.221800 0.209100 0.226300 0.182100 0.198300 0.214800 0.191700 0.200500 0.192400 0.211900 0.217800
DefassaWat 0.095900 0.152800 0.091500 0.156100 0.000000 0.096200 0.091400 0.114700 0.091600 0.110200 0.086500 0.071500 0.115300 0.116000 0.086400 0.100800 0.081600 0.101700 0.081000 0.091400 0.105300 0.081500 0.100900 0.114800 0.081500 0.125900 0.110000 0.091700 0.100800 0.096800 0.110300 0.096200 0.113800 0.105300 0.084900 0.071400 0.081300 0.066800 0.100600 0.100500 0.095600 0.120800 0.105200 0.135000 0.071400 0.081300 0.105300 0.085600 0.091800 0.090300 0.091700 0.096800
Sheep 0.013200 0.178300 0.050500 0.205000 0.096200 0.000000 0.055300 0.069000 0.050600 0.103800 0.017600 0.045400 0.064300 0.069700 0.050300 0.055000 0.089600 0.090200 0.022300 0.069500 0.059400 0.013200 0.099200 0.083700 0.013300 0.079000 0.059400 0.055400 0.064400 0.060300 0.103900 0.050500 0.118100 0.050100 0.045000 0.040800 0.013300 0.031600 0.050100 0.094000 0.088900 0.074100 0.098700 0.103700 0.040800 0.050000 0.059400 0.049800 0.036600 0.088100 0.055400 0.060300
MaxwellsDu 0.055000 0.146200 0.050800 0.194100 0.091400 0.055300 0.000000 0.078800 0.050800 0.104200 0.045800 0.054900 0.074400 0.041200 0.060000 0.068300 0.060600 0.070600 0.040700 0.060200 0.069100 0.041100 0.084700 0.113800 0.041100 0.089100 0.069300 0.055700 0.074300 0.051100 0.104300 0.022600 0.128400 0.059800 0.049400 0.040900 0.041100 0.041000 0.069400 0.084500 0.089300 0.084100 0.099100 0.129500 0.040900 0.050200 0.059700 0.054700 0.055700 0.078600 0.055700 0.051100
GazellaPrz 0.059200 0.171400 0.064500 0.203600 0.114700 0.069000 0.078800 0.000000 0.064400 0.123400 0.054800 0.068500 0.088000 0.083700 0.064100 0.013300 0.108900 0.109600 0.054200 0.073800 0.017700 0.054700 0.113600 0.102700 0.054700 0.036100 0.082900 0.059700 0.022300 0.064600 0.123400 0.064300 0.148000 0.083000 0.058600 0.063900 0.054600 0.045200 0.036000 0.113500 0.108200 0.022400 0.118200 0.113300 0.063900 0.063700 0.017700 0.068100 0.059800 0.092300 0.059700 0.064600
MountainNy 0.050400 0.173400 0.009000 0.211500 0.091600 0.050600 0.050800 0.064400 0.000000 0.099200 0.041200 0.031500 0.079300 0.065200 0.055300 0.050500 0.085000 0.090600 0.036200 0.018000 0.054900 0.036500 0.099600 0.098800 0.036500 0.074400 0.074200 0.004500 0.059900 0.009000 0.099300 0.046000 0.133800 0.064600 0.049900 0.027000 0.036400 0.036400 0.050300 0.099500 0.094300 0.069500 0.094100 0.119400 0.027000 0.054900 0.054900 0.050000 0.051000 0.083500 0.004500 0.009000
MuntiacusM 0.103300 0.211300 0.099100 0.209200 0.110200 0.103800 0.104200 0.123400 0.099200 0.000000 0.093900 0.103100 0.108700 0.124500 0.113800 0.108800 0.099100 0.104800 0.097900 0.103900 0.113200 0.088800 0.041000 0.073800 0.088800 0.134400 0.113200 0.099300 0.118700 0.104600 0.017900 0.114100 0.137700 0.108400 0.097500 0.088400 0.088800 0.093500 0.108500 0.055100 0.031600 0.129200 0.004400 0.093700 0.088500 0.107900 0.113300 0.117500 0.099500 0.117600 0.099400 0.104600
goat 0.017600 0.167400 0.041100 0.188500 0.086500 0.017600 0.045800 0.054800 0.041200 0.093900 0.000000 0.036100 0.054900 0.060100 0.041000 0.041000 0.079800 0.080200 0.013300 0.060000 0.045400 0.004400 0.089200 0.078800 0.004400 0.064600 0.050000 0.045900 0.050200 0.050800 0.093900 0.041100 0.118100 0.040700 0.035800 0.031600 0.004400 0.022500 0.040800 0.084200 0.079200 0.059800 0.088900 0.098700 0.031600 0.040700 0.045400 0.045200 0.027300 0.078400 0.046000 0.050800
AfricanBuf 0.045200 0.144800 0.031500 0.198600 0.071500 0.045400 0.054900 0.068500 0.031500 0.103100 0.036100 0.000000 0.083100 0.069200 0.050000 0.054600 0.079200 0.084600 0.031200 0.049900 0.059000 0.031500 0.093400 0.092800 0.031500 0.078500 0.078100 0.036200 0.064000 0.040900 0.103200 0.050100 0.117400 0.068600 0.054000 0.022200 0.031500 0.031400 0.054500 0.093400 0.088300 0.073600 0.098000 0.113000 0.022200 0.049700 0.059000 0.044900 0.045700 0.077900 0.036200 0.040900
Topi 0.064000 0.187700 0.079200 0.215100 0.115300 0.064300 0.074400 0.088000 0.079300 0.108700 0.054900 0.083100 0.000000 0.084000 0.068900 0.074000 0.104400 0.105000 0.059000 0.079000 0.078300 0.050100 0.104000 0.108100 0.050100 0.098400 0.013200 0.074500 0.083500 0.079500 0.108700 0.069400 0.148400 0.013300 0.026700 0.068800 0.050100 0.054700 0.068900 0.098900 0.093700 0.093400 0.103500 0.129000 0.068900 0.078200 0.078400 0.073200 0.064800 0.087600 0.074600 0.079500
CommonDuik 0.069300 0.173100 0.065200 0.199200 0.116000 0.069700 0.041200 0.083700 0.065200 0.124500 0.060100 0.069200 0.084000 0.000000 0.064800 0.073000 0.094800 0.095300 0.054700 0.074700 0.073900 0.055200 0.104400 0.113700 0.055200 0.094000 0.078800 0.060500 0.079100 0.055900 0.124600 0.018000 0.149100 0.079000 0.059200 0.064500 0.055200 0.045700 0.074200 0.104400 0.099100 0.089100 0.119300 0.129400 0.064500 0.073900 0.074000 0.059300 0.060500 0.103000 0.060500 0.055900
Suni 0.050100 0.161200 0.055200 0.216500 0.086400 0.050300 0.060000 0.064100 0.055300 0.113800 0.041000 0.050000 0.068900 0.064800 0.000000 0.050200 0.089500 0.090100 0.036000 0.064600 0.054600 0.036300 0.104100 0.103300 0.036300 0.074100 0.054500 0.050600 0.050200 0.055400 0.113900 0.045700 0.138500 0.064100 0.049600 0.045400 0.036300 0.027000 0.054800 0.104000 0.098800 0.069200 0.108700 0.123900 0.045400 0.045300 0.054700 0.049700 0.040700 0.083100 0.050600 0.055400
Springbuck 0.045400 0.177700 0.059900 0.210400 0.100800 0.055000 0.068300 0.013300 0.050500 0.108800 0.041000 0.054600 0.074000 0.073000 0.050200 0.000000 0.094400 0.095000 0.040500 0.059800 0.004400 0.040900 0.099000 0.088500 0.040900 0.022500 0.068900 0.045800 0.008900 0.050600 0.108900 0.053700 0.143500 0.069000 0.045000 0.050000 0.040900 0.031500 0.022400 0.099000 0.093800 0.018000 0.103700 0.098800 0.050000 0.059300 0.004400 0.054300 0.045900 0.087800 0.045800 0.050600
Okapi 0.089200 0.162500 0.085000 0.182700 0.081600 0.089600 0.060600 0.108900 0.085000 0.099100 0.079800 0.079200 0.104400 0.094800 0.089500 0.094400 0.000000 0.027300 0.074100 0.084700 0.098800 0.074800 0.070000 0.108800 0.074800 0.119700 0.109000 0.085100 0.104200 0.090300 0.099200 0.079800 0.123100 0.104200 0.083500 0.064800 0.074700 0.069700 0.094100 0.089400 0.074500 0.114500 0.094100 0.129600 0.064800 0.084100 0.089000 0.083700 0.075400 0.069400 0.085100 0.090300
Giraffe 0.089800 0.174600 0.090500 0.206500 0.101700 0.090200 0.070600 0.109600 0.090600 0.104800 0.080200 0.084600 0.105000 0.095300 0.090100 0.095000 0.027300 0.000000 0.074600 0.090300 0.099400 0.075200 0.085100 0.114600 0.075200 0.115300 0.109600 0.090700 0.104900 0.095900 0.104900 0.080300 0.124000 0.104800 0.083900 0.070100 0.075200 0.070100 0.094500 0.095000 0.079900 0.115200 0.099700 0.135700 0.070100 0.079700 0.099500 0.094000 0.075900 0.084400 0.090700 0.095900
TibetanAnt 0.022200 0.160400 0.036100 0.197800 0.081000 0.022300 0.040700 0.054200 0.036200 0.097900 0.013300 0.031200 0.059000 0.054700 0.036000 0.040500 0.074100 0.074600 0.000000 0.054700 0.044900 0.008800 0.088400 0.087700 0.008800 0.063700 0.054200 0.040800 0.049700 0.045600 0.098000 0.036100 0.122100 0.045000 0.031000 0.026700 0.008800 0.017700 0.035800 0.088300 0.083300 0.059000 0.092900 0.107700 0.026700 0.035800 0.044900 0.040200 0.031600 0.072900 0.040800 0.045600
Sitatunga 0.069200 0.167400 0.027100 0.211000 0.091400 0.069500 0.060200 0.073800 0.018000 0.103900 0.060000 0.049900 0.079000 0.074700 0.064600 0.059800 0.084700 0.090300 0.054700 0.000000 0.064200 0.055100 0.104300 0.113500 0.055100 0.083900 0.073900 0.013300 0.069200 0.018000 0.104000 0.055300 0.143800 0.074100 0.049800 0.036100 0.055100 0.045600 0.059600 0.104200 0.099000 0.079000 0.098800 0.134500 0.036100 0.064200 0.064200 0.059300 0.060300 0.073600 0.013500 0.017800
Oribi 0.049800 0.182200 0.064300 0.214900 0.105300 0.059400 0.069100 0.017700 0.054900 0.113200 0.045400 0.059000 0.078300 0.073900 0.054600 0.004400 0.098800 0.099400 0.044900 0.064200 0.000000 0.045300 0.103400 0.092800 0.045300 0.026900 0.073300 0.050200 0.008900 0.055000 0.113200 0.054700 0.137400 0.073400 0.049300 0.054400 0.045300 0.035900 0.026800 0.103300 0.098200 0.022400 0.108000 0.103200 0.054400 0.063600 0.008800 0.058700 0.050300 0.092200 0.050200 0.055000
BarbaryShe 0.017600 0.161700 0.036400 0.188100 0.081500 0.013200 0.041100 0.054700 0.036500 0.088800 0.004400 0.031500 0.050100 0.055200 0.036300 0.040900 0.074800 0.075200 0.008800 0.055100 0.045300 0.000000 0.084200 0.078700 0.000000 0.064500 0.045300 0.041200 0.050200 0.046000 0.088900 0.036400 0.112900 0.036100 0.031200 0.027000 0.000000 0.017900 0.036100 0.079200 0.074200 0.059700 0.083800 0.098600 0.027000 0.036000 0.045300 0.040500 0.022700 0.073500 0.041200 0.046000
Daviddeer 0.098700 0.200900 0.099500 0.209800 0.100900 0.099200 0.084700 0.113600 0.099600 0.041000 0.089200 0.093400 0.104000 0.104400 0.104100 0.099000 0.070000 0.085100 0.088400 0.104300 0.103400 0.084200 0.000000 0.069200 0.084200 0.124400 0.108500 0.099700 0.108900 0.105000 0.041100 0.094300 0.133000 0.103700 0.088000 0.078900 0.084100 0.084000 0.098800 0.050500 0.009000 0.119200 0.036300 0.089000 0.078900 0.098400 0.093600 0.107900 0.094800 0.108000 0.099800 0.105000
Reindeer 0.083200 0.221900 0.098800 0.203000 0.114800 0.083700 0.113800 0.102700 0.098800 0.073800 0.078800 0.092800 0.108100 0.113700 0.103300 0.088500 0.108800 0.114600 0.087700 0.113500 0.092800 0.078700 0.069200 0.000000 0.078700 0.113300 0.112700 0.098900 0.098100 0.104100 0.073800 0.103500 0.137200 0.107900 0.097100 0.088100 0.078600 0.083400 0.098100 0.045600 0.059500 0.108200 0.068900 0.036200 0.088100 0.107500 0.092900 0.107100 0.089100 0.127300 0.099000 0.104100
Ibex 0.017700 0.161700 0.036400 0.188100 0.081500 0.013300 0.041100 0.054700 0.036500 0.088800 0.004400 0.031500 0.050100 0.055200 0.036300 0.040900 0.074800 0.075200 0.008800 0.055100 0.045300 0.000000 0.084200 0.078700 0.000000 0.064500 0.045300 0.041200 0.050200 0.046000 0.088900 0.036400 0.112900 0.036100 0.031200 0.027000 0.000000 0.017900 0.036100 0.079200 0.074200 0.059700 0.083800 0.098600 0.027000 0.036000 0.045300 0.040500 0.022700 0.073500 0.041200 0.046000
GyrantGaze 0.069000 0.199500 0.084200 0.232800 0.125900 0.079000 0.089100 0.036100 0.074400 0.134400 0.064600 0.078500 0.098400 0.094000 0.074100 0.022500 0.119700 0.115300 0.063700 0.083900 0.026900 0.064500 0.124400 0.113300 0.064500 0.000000 0.093100 0.069700 0.031600 0.074700 0.134500 0.074200 0.164400 0.093300 0.068400 0.073800 0.064400 0.054600 0.045500 0.124300 0.118900 0.013300 0.129100 0.124200 0.073800 0.068700 0.026900 0.078000 0.064900 0.112500 0.069700 0.074700
Hartebeest 0.059100 0.181700 0.074100 0.208800 0.110000 0.059400 0.069300 0.082900 0.074200 0.113200 0.050000 0.078100 0.013200 0.078800 0.054500 0.068900 0.109000 0.109600 0.054200 0.073900 0.073300 0.045300 0.108500 0.112700 0.045300 0.093100 0.000000 0.069400 0.078400 0.074400 0.113200 0.064300 0.153000 0.008800 0.022100 0.063900 0.045200 0.049900 0.063900 0.103400 0.098200 0.088200 0.108100 0.133500 0.063900 0.073200 0.073300 0.068200 0.059300 0.092300 0.069500 0.074400
Bongo 0.055200 0.168000 0.013500 0.211700 0.091700 0.055400 0.055700 0.059700 0.004500 0.099300 0.045900 0.036200 0.074500 0.060500 0.050600 0.045800 0.085100 0.090700 0.040800 0.013300 0.050200 0.041200 0.099700 0.098900 0.041200 0.069700 0.069400 0.000000 0.055200 0.004500 0.099400 0.041300 0.133900 0.069500 0.045300 0.031600 0.041200 0.031800 0.045700 0.099600 0.094400 0.064800 0.094300 0.119600 0.031600 0.059700 0.050300 0.045400 0.046200 0.078700 0.000000 0.004500
Gerenuk 0.054700 0.188600 0.069400 0.221500 0.100800 0.064400 0.074300 0.022300 0.059900 0.118700 0.050200 0.064000 0.083500 0.079100 0.050200 0.008900 0.104200 0.104900 0.049700 0.069200 0.008900 0.050200 0.108900 0.098100 0.050200 0.031600 0.078400 0.055200 0.000000 0.060000 0.118800 0.059700 0.148500 0.078500 0.054200 0.059300 0.050100 0.040700 0.031500 0.108800 0.103600 0.027000 0.113500 0.108600 0.059400 0.059200 0.013300 0.063600 0.055300 0.097500 0.055200 0.060000
CommonElan 0.060000 0.163100 0.018100 0.217800 0.096800 0.060300 0.051100 0.064600 0.009000 0.104600 0.050800 0.040900 0.079500 0.055900 0.055400 0.050600 0.090300 0.095900 0.045600 0.018000 0.055000 0.046000 0.105000 0.104100 0.046000 0.074700 0.074400 0.004500 0.060000 0.000000 0.104600 0.036800 0.139300 0.074500 0.050100 0.036300 0.045900 0.036500 0.050500 0.104800 0.099600 0.069800 0.099400 0.125000 0.036300 0.064600 0.055100 0.050200 0.051100 0.083700 0.004500 0.000000
MuntiacusR 0.103400 0.211600 0.099200 0.215100 0.110300 0.103900 0.104300 0.123400 0.099300 0.017900 0.093900 0.103200 0.108700 0.124600 0.113900 0.108900 0.099200 0.104900 0.098000 0.104000 0.113200 0.088900 0.041100 0.073800 0.088900 0.134500 0.113200 0.099400 0.118800 0.104600 0.000000 0.114200 0.127600 0.108400 0.097500 0.088500 0.088800 0.093600 0.108600 0.055100 0.031700 0.129200 0.013200 0.093700 0.088500 0.108100 0.113300 0.117600 0.099500 0.107700 0.099500 0.104600
HarveysDui 0.050200 0.151200 0.046000 0.204900 0.096200 0.050500 0.022600 0.064300 0.046000 0.114100 0.041100 0.050100 0.069400 0.018000 0.045700 0.053700 0.079800 0.080300 0.036100 0.055300 0.054700 0.036400 0.094300 0.103500 0.036400 0.074200 0.064300 0.041300 0.059700 0.036800 0.114200 0.000000 0.128200 0.064500 0.040500 0.045500 0.036300 0.027100 0.054900 0.094200 0.089000 0.069400 0.108900 0.118900 0.045500 0.054800 0.054800 0.040600 0.041400 0.083200 0.041300 0.036800
Pronghorn 0.117700 0.198400 0.123600 0.180600 0.113800 0.118100 0.128400 0.148000 0.133800 0.137700 0.118100 0.117400 0.148400 0.149100 0.138500 0.143500 0.123100 0.124000 0.122100 0.143800 0.137400 0.112900 0.133000 0.137200 0.112900 0.164400 0.153000 0.133900 0.148500 0.139300 0.127600 0.128200 0.000000 0.148100 0.136600 0.122600 0.107900 0.107300 0.143000 0.117500 0.122400 0.148500 0.132500 0.158400 0.122600 0.126800 0.147900 0.121600 0.118000 0.127100 0.134000 0.139300
BlueWildeb 0.049800 0.182100 0.064600 0.203600 0.105300 0.050100 0.059800 0.083000 0.064600 0.108400 0.040700 0.068600 0.013300 0.079000 0.064100 0.069000 0.104200 0.104800 0.045000 0.074100 0.073400 0.036100 0.103700 0.107900 0.036100 0.093300 0.008800 0.069500 0.078500 0.074500 0.108400 0.064500 0.148100 0.000000 0.022100 0.054500 0.036000 0.050000 0.064000 0.098600 0.093500 0.088300 0.103300 0.128700 0.054600 0.063800 0.073400 0.068300 0.059900 0.092500 0.069600 0.074500
Gemsbok 0.044800 0.164800 0.049900 0.196400 0.084900 0.045000 0.049400 0.058600 0.049900 0.097500 0.035800 0.054000 0.026700 0.059200 0.049600 0.045000 0.083500 0.083900 0.031000 0.049800 0.049300 0.031200 0.088000 0.097100 0.031200 0.068400 0.022100 0.045300 0.054200 0.050100 0.097500 0.040500 0.136600 0.022100 0.000000 0.040200 0.031200 0.026600 0.040200 0.087900 0.082900 0.063600 0.092500 0.117300 0.040200 0.049300 0.049300 0.044500 0.045300 0.077200 0.045300 0.050100
Yak 0.040600 0.145100 0.027000 0.182000 0.071400 0.040800 0.040900 0.063900 0.027000 0.088400 0.031600 0.022200 0.068800 0.064500 0.045400 0.050000 0.064800 0.070100 0.026700 0.036100 0.054400 0.027000 0.078900 0.088100 0.027000 0.073800 0.063900 0.031600 0.059300 0.036300 0.088500 0.045500 0.122600 0.054500 0.040200 0.000000 0.026900 0.026900 0.049900 0.078900 0.073900 0.068900 0.083500 0.108100 0.000000 0.035900 0.054400 0.049600 0.041100 0.063700 0.031600 0.036300
BlueSheep 0.017700 0.161600 0.036400 0.188100 0.081300 0.013300 0.041100 0.054600 0.036400 0.088800 0.004400 0.031500 0.050100 0.055200 0.036300 0.040900 0.074700 0.075200 0.008800 0.055100 0.045300 0.000000 0.084100 0.078600 0.000000 0.064400 0.045200 0.041200 0.050100 0.045900 0.088800 0.036300 0.107900 0.036000 0.031200 0.026900 0.000000 0.017900 0.036100 0.079100 0.074200 0.059600 0.083800 0.098400 0.026900 0.036000 0.045300 0.040500 0.022600 0.073400 0.041200 0.045900
BohorReedb 0.031500 0.150600 0.036400 0.187700 0.066800 0.031600 0.041000 0.045200 0.036400 0.093500 0.022500 0.031400 0.054700 0.045700 0.027000 0.031500 0.069700 0.070100 0.017700 0.045600 0.035900 0.017900 0.084000 0.083400 0.017900 0.054600 0.049900 0.031800 0.040700 0.036500 0.093600 0.027100 0.107300 0.050000 0.026600 0.026900 0.017900 0.000000 0.036000 0.083900 0.078900 0.049900 0.088500 0.103300 0.026900 0.036000 0.036000 0.031300 0.022600 0.063800 0.031800 0.036500
KirksDik 0.049900 0.177200 0.059800 0.221200 0.100600 0.050100 0.069400 0.036000 0.050300 0.108500 0.040800 0.054500 0.068900 0.074200 0.054800 0.022400 0.094100 0.094500 0.035800 0.059600 0.026800 0.036100 0.098800 0.098100 0.036100 0.045500 0.063900 0.045700 0.031500 0.050500 0.108600 0.054900 0.143000 0.064000 0.040200 0.049900 0.036100 0.036000 0.000000 0.098700 0.093500 0.040800 0.103400 0.108600 0.049900 0.063800 0.026900 0.058800 0.050500 0.087600 0.045700 0.050500
RoeDeer 0.093600 0.200500 0.099400 0.193100 0.100500 0.094000 0.084500 0.113500 0.099500 0.055100 0.084200 0.093400 0.098900 0.104400 0.104000 0.099000 0.089400 0.095000 0.088300 0.104200 0.103300 0.079200 0.050500 0.045600 0.079200 0.124300 0.103400 0.099600 0.108800 0.104800 0.055100 0.094200 0.117500 0.098600 0.087900 0.078900 0.079100 0.083900 0.098700 0.000000 0.041000 0.119100 0.050300 0.069500 0.078900 0.098300 0.103400 0.107700 0.089700 0.107800 0.099700 0.104800
WhiteLippe 0.088500 0.194600 0.094200 0.198100 0.095600 0.088900 0.089300 0.108200 0.094300 0.031600 0.079200 0.088300 0.093700 0.099100 0.098800 0.093800 0.074500 0.079900 0.083300 0.099000 0.098200 0.074200 0.009000 0.059500 0.074200 0.118900 0.098200 0.094400 0.103600 0.099600 0.031700 0.089000 0.122400 0.093500 0.082900 0.073900 0.074200 0.078900 0.093500 0.041000 0.000000 0.113800 0.027000 0.079000 0.073900 0.093200 0.098200 0.102600 0.084600 0.102700 0.094400 0.099600
ThomsonGaz 0.064200 0.188800 0.069600 0.221800 0.120800 0.074100 0.084100 0.022400 0.069500 0.129200 0.059800 0.073600 0.093400 0.089100 0.069200 0.018000 0.114500 0.115200 0.059000 0.079000 0.022400 0.059700 0.119200 0.108200 0.059700 0.013300 0.088200 0.064800 0.027000 0.069800 0.129200 0.069400 0.148500 0.088300 0.063600 0.068900 0.059600 0.049900 0.040800 0.119100 0.113800 0.000000 0.123900 0.118900 0.069000 0.063900 0.022400 0.073200 0.060100 0.097600 0.064800 0.069800
MuntiacusC 0.098300 0.205500 0.094100 0.209100 0.105200 0.098700 0.099100 0.118200 0.094100 0.004400 0.088900 0.098000 0.103500 0.119300 0.108700 0.103700 0.094100 0.099700 0.092900 0.098800 0.108000 0.083800 0.036300 0.068900 0.083800 0.129100 0.108100 0.094300 0.113500 0.099400 0.013200 0.108900 0.132500 0.103300 0.092500 0.083500 0.083800 0.088500 0.103400 0.050300 0.027000 0.123900 0.000000 0.088700 0.083500 0.102900 0.108100 0.112400 0.094400 0.112500 0.094300 0.099400
WhiteTaile 0.103100 0.246000 0.119300 0.226300 0.135000 0.103700 0.129500 0.113300 0.119400 0.093700 0.098700 0.113000 0.129000 0.129400 0.123900 0.098800 0.129600 0.135700 0.107700 0.134500 0.103200 0.098600 0.089000 0.036200 0.098600 0.124200 0.133500 0.119600 0.108600 0.125000 0.093700 0.118900 0.158400 0.128700 0.117300 0.108100 0.098400 0.103300 0.108600 0.069500 0.079000 0.118900 0.088700 0.000000 0.108200 0.128000 0.103300 0.127500 0.109400 0.148300 0.119600 0.125000
Cattle 0.040600 0.145100 0.027000 0.182100 0.071400 0.040800 0.040900 0.063900 0.027000 0.088500 0.031600 0.022200 0.068900 0.064500 0.045400 0.050000 0.064800 0.070100 0.026700 0.036100 0.054400 0.027000 0.078900 0.088100 0.027000 0.073800 0.063900 0.031600 0.059400 0.036300 0.088500 0.045500 0.122600 0.054600 0.040200 0.000000 0.026900 0.026900 0.049900 0.078900 0.073900 0.069000 0.083500 0.108200 0.000000 0.035900 0.054500 0.049600 0.041100 0.063700 0.031600 0.036300
RoyalAntel 0.049800 0.160900 0.045500 0.198300 0.081300 0.050000 0.050200 0.063700 0.054900 0.107900 0.040700 0.049700 0.078200 0.073900 0.045300 0.059300 0.084100 0.079700 0.035800 0.064200 0.063600 0.036000 0.098400 0.107500 0.036000 0.068700 0.073200 0.059700 0.059200 0.064600 0.108100 0.054800 0.126800 0.063800 0.049300 0.035900 0.036000 0.036000 0.063800 0.098300 0.093200 0.063900 0.102900 0.128000 0.035900 0.000000 0.063700 0.058800 0.040700 0.073100 0.059700 0.064600
Steenbok 0.049800 0.182200 0.064400 0.214800 0.105300 0.059400 0.059700 0.017700 0.054900 0.113300 0.045400 0.059000 0.078400 0.074000 0.054700 0.004400 0.089000 0.099500 0.044900 0.064200 0.008800 0.045300 0.093600 0.092900 0.045300 0.026900 0.073300 0.050300 0.013300 0.055100 0.113300 0.054800 0.147900 0.073400 0.049300 0.054400 0.045300 0.036000 0.026900 0.103400 0.098200 0.022400 0.108100 0.103300 0.054500 0.063700 0.000000 0.058700 0.050400 0.092200 0.050300 0.055100
Impala 0.049600 0.154300 0.050000 0.191700 0.085600 0.049800 0.054700 0.068100 0.050000 0.117500 0.045200 0.044900 0.073200 0.059300 0.049700 0.054300 0.083700 0.094000 0.040200 0.059300 0.058700 0.040500 0.107900 0.107100 0.040500 0.078000 0.068200 0.045400 0.063600 0.050200 0.117600 0.040600 0.121600 0.068300 0.044500 0.049600 0.040500 0.031300 0.058800 0.107700 0.102600 0.073200 0.112400 0.127500 0.049600 0.058800 0.058700 0.000000 0.045400 0.077400 0.045400 0.050200
Klipspring 0.036400 0.168300 0.050900 0.200500 0.091800 0.036600 0.055700 0.059800 0.051000 0.099500 0.027300 0.045700 0.064800 0.060500 0.040700 0.045900 0.075400 0.075900 0.031600 0.060300 0.050300 0.022700 0.094800 0.089100 0.022700 0.064900 0.059300 0.046200 0.055300 0.051100 0.099500 0.041400 0.118000 0.059900 0.045300 0.041100 0.022600 0.022600 0.050500 0.089700 0.084600 0.060100 0.094400 0.109400 0.041100 0.040700 0.050400 0.045400 0.000000 0.069300 0.046300 0.051100
ForestMusk 0.087700 0.154100 0.073900 0.192400 0.090300 0.088100 0.078600 0.092300 0.083500 0.117600 0.078400 0.077900 0.087600 0.103000 0.083100 0.087800 0.069400 0.084400 0.072900 0.073600 0.092200 0.073500 0.108000 0.127300 0.073500 0.112500 0.092300 0.078700 0.097500 0.083700 0.107700 0.083200 0.127100 0.092500 0.077200 0.063700 0.073400 0.063800 0.087600 0.107800 0.102700 0.097600 0.112500 0.148300 0.063700 0.073100 0.092200 0.077400 0.069300 0.000000 0.078800 0.083700
Bushbuck 0.055200 0.168100 0.013500 0.211900 0.091700 0.055400 0.055700 0.059700 0.004500 0.099400 0.046000 0.036200 0.074600 0.060500 0.050600 0.045800 0.085100 0.090700 0.040800 0.013500 0.050200 0.041200 0.099800 0.099000 0.041200 0.069700 0.069500 0.000000 0.055200 0.004500 0.099500 0.041300 0.134000 0.069600 0.045300 0.031600 0.041200 0.031800 0.045700 0.099700 0.094400 0.064800 0.094300 0.119600 0.031600 0.059700 0.050300 0.045400 0.046300 0.078800 0.000000 0.004500
GreaterKud 0.060000 0.163100 0.018100 0.217800 0.096800 0.060300 0.051100 0.064600 0.009000 0.104600 0.050800 0.040900 0.079500 0.055900 0.055400 0.050600 0.090300 0.095900 0.045600 0.017800 0.055000 0.046000 0.105000 0.104100 0.046000 0.074700 0.074400 0.004500 0.060000 0.000000 0.104600 0.036800 0.139300 0.074500 0.050100 0.036300 0.045900 0.036500 0.050500 0.104800 0.099600 0.069800 0.099400 0.125000 0.036300 0.064600 0.055100 0.050200 0.051100 0.083700 0.004500 0.000000
