1
52 1
Argali 0.000000 0.386400 0.029000 0.285800 0.000200 0.014400 0.074000 0.058400 0.059100 0.073400 0.000200 0.028900 0.014500 0.043900 0.043500 0.043600 0.088400 0.073500 0.000100 0.044400 0.058800 0.000100 0.088500 0.119400 0.000200 0.073400 0.014500 0.044000 0.105300 0.014400 0.083300 0.029100 0.090200 0.029300 0.014400 0.043800 0.000100 0.014200 0.073500 0.058300 0.073200 0.073400 0.089100 0.119700 0.059100 0.028900 0.089800 0.043900 0.029100 0.059700 0.074700 0.014400
LesserMous 0.386400 0.000000 0.390000 0.551600 0.386600 0.369000 0.457100 0.476700 0.437600 0.451900 0.436900 0.433900 0.415700 0.460200 0.409000 0.455600 0.424300 0.404800 0.390700 0.467900 0.458300 0.390700 0.474700 0.522500 0.436900 0.475700 0.415700 0.461700 0.482200 0.412800 0.479600 0.437900 0.485500 0.441200 0.368900 0.507200 0.390700 0.405300 0.454200 0.476100 0.453100 0.475700 0.478600 0.523700 0.485100 0.388800 0.483800 0.414800 0.438000 0.417200 0.416800 0.412800
LesserKudu 0.029000 0.390000 0.000000 0.288300 0.029000 0.044200 0.044200 0.058800 0.028800 0.043900 0.029300 0.029200 0.044400 0.044300 0.043900 0.044100 0.058700 0.043900 0.029300 0.044900 0.059400 0.029300 0.058800 0.089300 0.029300 0.073900 0.044400 0.043300 0.106100 0.014500 0.055100 0.029400 0.091200 0.059900 0.044300 0.044200 0.029300 0.043600 0.043900 0.058900 0.043800 0.073900 0.059100 0.089500 0.059700 0.029200 0.059700 0.014400 0.029000 0.060100 0.044500 0.014300
KillerWhal 0.285800 0.551600 0.288300 0.000000 0.285100 0.307600 0.308500 0.286000 0.330600 0.305800 0.288400 0.287300 0.309900 0.269900 0.229200 0.307600 0.265800 0.248100 0.288000 0.312000 0.289100 0.288000 0.284800 0.246000 0.288400 0.286000 0.309900 0.310400 0.330800 0.268900 0.328200 0.250800 0.250600 0.290700 0.269200 0.287900 0.288000 0.303200 0.304400 0.286400 0.306500 0.286000 0.327200 0.246900 0.270000 0.285300 0.330700 0.309700 0.249400 0.270900 0.311200 0.268900
DefassaWat 0.000200 0.386600 0.029000 0.285100 0.000000 0.014400 0.073900 0.058300 0.059000 0.073300 0.000200 0.028900 0.014500 0.043900 0.043500 0.043600 0.088400 0.073500 0.000100 0.044400 0.058700 0.000100 0.088400 0.119300 0.000200 0.073300 0.014500 0.044000 0.105100 0.014400 0.084400 0.029100 0.090100 0.029300 0.014400 0.043800 0.000100 0.014200 0.073400 0.058300 0.073200 0.073300 0.089000 0.119500 0.059100 0.028900 0.089700 0.043900 0.029100 0.059600 0.074600 0.014400
Sheep 0.014400 0.369000 0.044200 0.307600 0.014400 0.000000 0.089900 0.073900 0.074900 0.089300 0.014500 0.044000 0.029400 0.059400 0.058800 0.059000 0.104700 0.089600 0.014500 0.060100 0.074500 0.014500 0.104700 0.136100 0.014500 0.089200 0.029400 0.059500 0.121900 0.029200 0.101200 0.044300 0.106900 0.044500 0.029300 0.059200 0.014500 0.028800 0.089400 0.074000 0.089100 0.089200 0.105400 0.136500 0.075000 0.044000 0.106200 0.059400 0.044300 0.075700 0.090900 0.029200
MaxwellsDu 0.074000 0.457100 0.044200 0.308500 0.073900 0.089900 0.000000 0.074300 0.075200 0.058800 0.074700 0.074400 0.075000 0.029200 0.058900 0.059100 0.105100 0.089700 0.074500 0.060100 0.044300 0.074500 0.074100 0.073900 0.074700 0.058900 0.075000 0.090900 0.122800 0.059300 0.074800 0.044200 0.106900 0.059700 0.090300 0.090400 0.074500 0.089000 0.029000 0.074000 0.058700 0.058900 0.074300 0.074000 0.106800 0.074500 0.044300 0.059600 0.074800 0.107500 0.091200 0.059300
GazellaPrz 0.058400 0.476700 0.058800 0.286000 0.058300 0.073900 0.074300 0.000000 0.090000 0.073500 0.058900 0.058800 0.059100 0.044000 0.073900 0.014400 0.088700 0.104500 0.058800 0.042200 0.029200 0.058800 0.058200 0.088400 0.058900 0.043600 0.059100 0.074500 0.074300 0.043800 0.089800 0.059300 0.122500 0.074900 0.074200 0.074300 0.058800 0.043300 0.073600 0.058500 0.073400 0.043600 0.089200 0.088700 0.090200 0.054900 0.090100 0.074200 0.058900 0.090900 0.106000 0.043800
MountainNy 0.059100 0.437600 0.028800 0.330600 0.059000 0.074900 0.075200 0.090000 0.000000 0.044100 0.059700 0.059400 0.075400 0.075400 0.074600 0.074900 0.089700 0.074500 0.059600 0.044700 0.091100 0.059600 0.059200 0.089900 0.059700 0.105700 0.075400 0.014500 0.105700 0.043500 0.055700 0.059900 0.123900 0.091700 0.075200 0.075100 0.059600 0.074000 0.074600 0.059200 0.044000 0.105700 0.059500 0.090000 0.091200 0.059500 0.091400 0.044400 0.059600 0.091900 0.044200 0.044300
MuntiacusM 0.073400 0.451900 0.043900 0.305800 0.073300 0.089300 0.058800 0.073500 0.044100 0.000000 0.073900 0.073700 0.074400 0.058900 0.058600 0.058600 0.073300 0.058400 0.074000 0.059600 0.074200 0.074000 0.014300 0.043300 0.074200 0.088900 0.074400 0.059200 0.121400 0.058900 0.014400 0.074500 0.106200 0.090400 0.089600 0.089600 0.074000 0.088300 0.058300 0.014000 0.000100 0.088900 0.014100 0.043400 0.105500 0.074000 0.074300 0.059100 0.074300 0.075100 0.090400 0.058900
goat 0.000200 0.436900 0.029300 0.288400 0.000200 0.014500 0.074700 0.058900 0.059700 0.073900 0.000000 0.029000 0.014600 0.044300 0.044000 0.044100 0.089300 0.074300 0.000100 0.044900 0.059400 0.000100 0.089400 0.120500 0.000000 0.074100 0.014600 0.044500 0.106200 0.014600 0.088800 0.029400 0.091100 0.029600 0.014600 0.044200 0.000100 0.014300 0.074200 0.058700 0.074000 0.074100 0.089700 0.120800 0.059500 0.029200 0.090700 0.044400 0.029400 0.060300 0.075400 0.014600
AfricanBuf 0.028900 0.433900 0.029200 0.287300 0.028900 0.044000 0.074400 0.058800 0.059400 0.073700 0.029000 0.000000 0.044300 0.044200 0.043800 0.043900 0.088900 0.073900 0.029200 0.044700 0.059200 0.029200 0.089100 0.120200 0.029100 0.073900 0.044300 0.044300 0.105900 0.014500 0.088600 0.029300 0.090600 0.059700 0.044100 0.044100 0.029200 0.043400 0.073900 0.058600 0.073700 0.073900 0.089400 0.120400 0.059300 0.029100 0.090300 0.044100 0.029300 0.060000 0.075100 0.014500
Topi 0.014500 0.415700 0.044400 0.309900 0.014500 0.029400 0.075000 0.059100 0.075400 0.074400 0.014600 0.044300 0.000000 0.044500 0.059200 0.044200 0.105400 0.090100 0.014600 0.045000 0.059600 0.014600 0.089700 0.121100 0.014600 0.074400 0.000000 0.059900 0.106700 0.029400 0.090600 0.044600 0.107500 0.014500 0.029500 0.059600 0.014300 0.029000 0.074400 0.059100 0.074200 0.074400 0.090300 0.121300 0.075500 0.044300 0.091000 0.059800 0.044500 0.076100 0.091500 0.029400
CommonDuik 0.043900 0.460200 0.044300 0.269900 0.043900 0.059400 0.029200 0.044000 0.075400 0.058900 0.044300 0.044200 0.044500 0.000000 0.029100 0.029200 0.105200 0.089900 0.044300 0.029700 0.014600 0.044300 0.074200 0.073900 0.044300 0.029100 0.044500 0.059900 0.090700 0.029400 0.075000 0.014300 0.075400 0.029500 0.059600 0.059600 0.044300 0.058700 0.029000 0.043900 0.058800 0.029100 0.074500 0.074000 0.075400 0.044200 0.044300 0.059700 0.044400 0.076000 0.091400 0.029400
Suni 0.043500 0.409000 0.043900 0.229200 0.043500 0.058800 0.058900 0.073900 0.074600 0.058600 0.044000 0.043800 0.059200 0.029100 0.000000 0.058900 0.073400 0.058500 0.043900 0.059900 0.044000 0.043900 0.073600 0.073300 0.044000 0.058500 0.059200 0.059300 0.121800 0.029100 0.068700 0.014500 0.044100 0.044200 0.059000 0.059000 0.043900 0.058100 0.058400 0.043700 0.058400 0.058500 0.074000 0.073400 0.074600 0.043900 0.074400 0.059100 0.044100 0.044600 0.090500 0.029100
Springbuck 0.043600 0.455600 0.044100 0.307600 0.043600 0.059000 0.059100 0.014400 0.074900 0.058600 0.044100 0.043900 0.044200 0.029200 0.058900 0.000000 0.073600 0.089300 0.044000 0.029500 0.014500 0.044000 0.073700 0.104500 0.044100 0.029000 0.044200 0.059500 0.059300 0.029200 0.074500 0.044300 0.106700 0.059700 0.059200 0.059200 0.044000 0.028800 0.058600 0.043600 0.058400 0.029000 0.074000 0.104700 0.074900 0.044000 0.074700 0.059300 0.044200 0.075500 0.090800 0.029200
Okapi 0.088400 0.424300 0.058700 0.265800 0.088400 0.104700 0.105100 0.088700 0.089700 0.073300 0.089300 0.088900 0.105400 0.105200 0.073400 0.073600 0.000000 0.014200 0.089200 0.106500 0.089500 0.089200 0.088400 0.088400 0.089300 0.104200 0.105400 0.105400 0.137400 0.073800 0.084500 0.089700 0.074600 0.121900 0.105000 0.104800 0.089200 0.072800 0.104400 0.088500 0.073100 0.104200 0.088900 0.088500 0.121300 0.089300 0.121500 0.074100 0.089400 0.070200 0.105800 0.073800
Giraffe 0.073500 0.404800 0.043900 0.248100 0.073500 0.089600 0.089700 0.104500 0.074500 0.058400 0.074300 0.073900 0.090100 0.089900 0.058500 0.089300 0.014200 0.000000 0.074200 0.090900 0.105400 0.074200 0.073400 0.073300 0.074300 0.120200 0.090100 0.090000 0.154200 0.058900 0.068400 0.074500 0.059500 0.106400 0.089800 0.089600 0.074200 0.088400 0.089100 0.073500 0.058300 0.120200 0.073800 0.073400 0.105900 0.074200 0.105900 0.059200 0.074300 0.054100 0.090400 0.058900
TibetanAnt 0.000100 0.390700 0.029300 0.288000 0.000100 0.014500 0.074500 0.058800 0.059600 0.074000 0.000100 0.029200 0.014600 0.044300 0.043900 0.044000 0.089200 0.074200 0.000000 0.044800 0.059300 0.000000 0.089300 0.120400 0.000100 0.074000 0.014400 0.044400 0.106100 0.014500 0.086000 0.029400 0.090900 0.029500 0.014600 0.044100 0.000000 0.014300 0.074000 0.058800 0.073800 0.074000 0.089800 0.120600 0.059600 0.029200 0.090500 0.044300 0.029300 0.060200 0.075300 0.014500
Sitatunga 0.044400 0.467900 0.044900 0.312000 0.044400 0.060100 0.060100 0.042200 0.044700 0.059600 0.044900 0.044700 0.045000 0.029700 0.059900 0.029500 0.106500 0.090900 0.044800 0.000000 0.044900 0.044800 0.071300 0.103300 0.044900 0.059800 0.045000 0.029600 0.059700 0.029700 0.075800 0.045100 0.108600 0.060800 0.060300 0.060300 0.044800 0.059400 0.059600 0.044400 0.059500 0.059800 0.075400 0.104900 0.076300 0.044800 0.076000 0.060400 0.045000 0.076900 0.060200 0.029700
Oribi 0.058800 0.458300 0.059400 0.289100 0.058700 0.074500 0.044300 0.029200 0.091100 0.074200 0.059400 0.059200 0.059600 0.014600 0.044000 0.014500 0.089500 0.105400 0.059300 0.044900 0.000000 0.059300 0.089700 0.089400 0.059400 0.014500 0.059600 0.075300 0.075200 0.044300 0.090600 0.029400 0.091100 0.044600 0.074800 0.074900 0.059300 0.043600 0.043800 0.058900 0.074000 0.014500 0.090000 0.089600 0.091000 0.059300 0.059600 0.075100 0.059500 0.091600 0.107200 0.044300
BarbaryShe 0.000100 0.390700 0.029300 0.288000 0.000100 0.014500 0.074500 0.058800 0.059600 0.074000 0.000100 0.029200 0.014600 0.044300 0.043900 0.044000 0.089200 0.074200 0.000000 0.044800 0.059300 0.000000 0.089300 0.120400 0.000100 0.074000 0.014300 0.044400 0.106100 0.014500 0.086000 0.029400 0.090900 0.029500 0.014600 0.044100 0.000000 0.014300 0.074000 0.058800 0.073800 0.074000 0.089800 0.120600 0.059600 0.029200 0.090500 0.044300 0.029300 0.060200 0.075300 0.014500
Daviddeer 0.088500 0.474700 0.058800 0.284800 0.088400 0.104700 0.074100 0.058200 0.059200 0.014300 0.089400 0.089100 0.089700 0.074200 0.073600 0.073700 0.088400 0.073400 0.089300 0.071300 0.089700 0.089300 0.000000 0.028600 0.089400 0.104500 0.089700 0.074500 0.137600 0.074000 0.029000 0.090000 0.122100 0.106100 0.105100 0.105200 0.089300 0.103500 0.073400 0.028700 0.014200 0.104500 0.028800 0.028700 0.121700 0.084900 0.089800 0.074200 0.089600 0.090600 0.106100 0.074000
Reindeer 0.119400 0.522500 0.089300 0.246000 0.119300 0.136100 0.073900 0.088400 0.089900 0.043300 0.120500 0.120200 0.121100 0.073900 0.073300 0.104500 0.088400 0.073300 0.120400 0.103300 0.089400 0.120400 0.028600 0.000000 0.120500 0.104200 0.121100 0.105500 0.170900 0.104800 0.058700 0.089600 0.089900 0.105600 0.136800 0.136900 0.120400 0.134700 0.073100 0.058100 0.043200 0.104200 0.058400 0.000100 0.154200 0.116700 0.089500 0.105300 0.120900 0.122200 0.138200 0.104800
Ibex 0.000200 0.436900 0.029300 0.288400 0.000200 0.014500 0.074700 0.058900 0.059700 0.074200 0.000000 0.029100 0.014600 0.044300 0.044000 0.044100 0.089300 0.074300 0.000100 0.044900 0.059400 0.000100 0.089400 0.120500 0.000000 0.074100 0.014600 0.044500 0.106200 0.014600 0.088800 0.029400 0.091100 0.029600 0.014600 0.044200 0.000100 0.014300 0.074200 0.058700 0.074000 0.074100 0.089700 0.120800 0.059500 0.029200 0.090700 0.044400 0.029400 0.060300 0.075400 0.014600
GyrantGaze 0.073400 0.475700 0.073900 0.286000 0.073300 0.089200 0.058900 0.043600 0.105700 0.088900 0.074100 0.073900 0.074400 0.029100 0.058500 0.029000 0.104200 0.120200 0.074000 0.059800 0.014500 0.074000 0.104500 0.104200 0.074100 0.000000 0.074400 0.090000 0.058800 0.057800 0.105600 0.044100 0.106000 0.059300 0.089600 0.089800 0.074000 0.058100 0.058300 0.073600 0.088700 0.000000 0.104900 0.104300 0.106000 0.074000 0.074400 0.089600 0.073800 0.074800 0.122000 0.058700
Hartebeest 0.014500 0.415700 0.044400 0.309900 0.014500 0.029400 0.075000 0.059100 0.075400 0.074400 0.014600 0.044300 0.000000 0.044500 0.059200 0.044200 0.105400 0.090100 0.014400 0.045000 0.059600 0.014300 0.089700 0.121100 0.014600 0.074400 0.000000 0.059900 0.106700 0.029400 0.090600 0.044600 0.107500 0.014500 0.029500 0.059600 0.014300 0.029000 0.074400 0.059100 0.074200 0.074400 0.090300 0.121300 0.075500 0.044300 0.091000 0.059800 0.044500 0.076100 0.091500 0.029400
Bongo 0.044000 0.461700 0.043300 0.310400 0.044000 0.059500 0.090900 0.074500 0.014500 0.059200 0.044500 0.044300 0.059900 0.059900 0.059300 0.059500 0.105400 0.090000 0.044400 0.029600 0.075300 0.044400 0.074500 0.105500 0.044500 0.090000 0.059900 0.000000 0.089900 0.029300 0.071900 0.044600 0.107500 0.075800 0.059700 0.059700 0.044400 0.058800 0.090100 0.044100 0.059100 0.090000 0.074800 0.105700 0.075500 0.044300 0.107300 0.059600 0.044400 0.076100 0.059400 0.028800
Gerenuk 0.105300 0.482200 0.106100 0.330800 0.105100 0.121900 0.122800 0.074300 0.105700 0.121400 0.106200 0.105900 0.106700 0.090700 0.121800 0.059300 0.137400 0.154200 0.106100 0.059700 0.075200 0.106100 0.137600 0.170900 0.106200 0.058800 0.106700 0.089900 0.000000 0.090200 0.139100 0.107000 0.174400 0.123700 0.090600 0.122600 0.106100 0.089200 0.121600 0.105400 0.121100 0.058400 0.138100 0.171200 0.107100 0.106000 0.139800 0.122600 0.106000 0.107200 0.090200 0.090200
CommonElan 0.014400 0.412800 0.014500 0.268900 0.014400 0.029200 0.059300 0.043800 0.043500 0.058900 0.014600 0.014500 0.029400 0.029400 0.029100 0.029200 0.073800 0.058900 0.014500 0.029700 0.044300 0.014500 0.074000 0.104800 0.014600 0.057800 0.029400 0.029300 0.090200 0.000000 0.071300 0.014600 0.075300 0.044600 0.029300 0.029300 0.014500 0.028900 0.058900 0.043900 0.058700 0.058700 0.074400 0.105000 0.044400 0.014500 0.075000 0.029300 0.014400 0.044800 0.059700 0.000000
MuntiacusR 0.083300 0.479600 0.055100 0.328200 0.084400 0.101200 0.074800 0.089800 0.055700 0.014400 0.088800 0.088600 0.090600 0.075000 0.068700 0.074500 0.084500 0.068400 0.086000 0.075800 0.090600 0.086000 0.029000 0.058700 0.088800 0.105600 0.090600 0.071900 0.139100 0.071300 0.000000 0.087000 0.117400 0.102100 0.101700 0.103000 0.086000 0.100400 0.074100 0.029100 0.014400 0.105600 0.029200 0.058800 0.122000 0.084300 0.090800 0.071600 0.087700 0.088700 0.104800 0.071300
HarveysDui 0.029100 0.437900 0.029400 0.250800 0.029100 0.044300 0.044200 0.059300 0.059900 0.074500 0.029400 0.029300 0.044600 0.014300 0.014500 0.044300 0.089700 0.074500 0.029400 0.045100 0.029400 0.029400 0.090000 0.089600 0.029400 0.044100 0.044600 0.044600 0.107000 0.014600 0.087000 0.000000 0.059900 0.029600 0.044400 0.044400 0.029400 0.043800 0.044000 0.059200 0.074300 0.044100 0.090400 0.089800 0.059900 0.029300 0.059800 0.044500 0.029500 0.060400 0.075700 0.014600
Pronghorn 0.090200 0.485500 0.091200 0.250600 0.090100 0.106900 0.106900 0.122500 0.123900 0.106200 0.091100 0.090600 0.107500 0.075400 0.044100 0.106700 0.074600 0.059500 0.090900 0.108600 0.091100 0.090900 0.122100 0.089900 0.091100 0.106000 0.107500 0.107500 0.174400 0.075300 0.117400 0.059900 0.000000 0.091700 0.107300 0.107000 0.090900 0.105400 0.106100 0.090300 0.105900 0.106000 0.122700 0.090100 0.123900 0.090700 0.123700 0.107500 0.091200 0.086400 0.141000 0.075300
BlueWildeb 0.029300 0.441200 0.059900 0.290700 0.029300 0.044500 0.059700 0.074900 0.091700 0.090400 0.029600 0.059700 0.014500 0.029500 0.044200 0.059700 0.121900 0.106400 0.029500 0.060800 0.044600 0.029500 0.106100 0.105600 0.029600 0.059300 0.014500 0.075800 0.123700 0.044600 0.102100 0.029600 0.091700 0.000000 0.044700 0.070900 0.029500 0.044000 0.059300 0.074800 0.090100 0.059300 0.106700 0.105800 0.088600 0.059700 0.075500 0.075600 0.060000 0.092400 0.108100 0.044600
Gemsbok 0.014400 0.368900 0.044300 0.269200 0.014400 0.029300 0.090300 0.074200 0.075200 0.089600 0.014600 0.044100 0.029500 0.059600 0.059000 0.059200 0.105000 0.089800 0.014600 0.060300 0.074800 0.014600 0.105100 0.136800 0.014600 0.089600 0.029500 0.059700 0.090600 0.029300 0.101700 0.044400 0.107300 0.044700 0.000000 0.059400 0.014600 0.028900 0.089800 0.074200 0.089400 0.089600 0.105800 0.137100 0.044500 0.044100 0.106700 0.059600 0.044400 0.075800 0.060000 0.029300
Yak 0.043800 0.507200 0.044200 0.287900 0.043800 0.059200 0.090400 0.074300 0.075100 0.089600 0.044200 0.044100 0.059600 0.059600 0.059000 0.059200 0.104800 0.089600 0.044100 0.060300 0.074900 0.044100 0.105200 0.136900 0.044200 0.089800 0.059600 0.059700 0.122600 0.029300 0.103000 0.044400 0.107000 0.070900 0.059400 0.000000 0.044100 0.058500 0.089700 0.074200 0.089400 0.089800 0.105800 0.137200 0.014400 0.044100 0.106700 0.059500 0.044300 0.075800 0.091000 0.029300
BlueSheep 0.000100 0.390700 0.029300 0.288000 0.000100 0.014500 0.074500 0.058800 0.059600 0.074000 0.000100 0.029200 0.014300 0.044300 0.043900 0.044000 0.089200 0.074200 0.000000 0.044800 0.059300 0.000000 0.089300 0.120400 0.000100 0.074000 0.014300 0.044400 0.106100 0.014500 0.086000 0.029400 0.090900 0.029500 0.014600 0.044100 0.000000 0.014300 0.074000 0.058800 0.073800 0.074000 0.089800 0.120600 0.059600 0.029200 0.090500 0.044300 0.029300 0.060200 0.075300 0.014500
BohorReedb 0.014200 0.405300 0.043600 0.303200 0.014200 0.028800 0.089000 0.043300 0.074000 0.088300 0.014300 0.043400 0.029000 0.058700 0.058100 0.028800 0.072800 0.088400 0.014300 0.059400 0.043600 0.014300 0.103500 0.134700 0.014300 0.058100 0.029000 0.058800 0.089200 0.028900 0.100400 0.043800 0.105400 0.044000 0.028900 0.058500 0.014300 0.000000 0.088300 0.073100 0.088100 0.058100 0.104100 0.135000 0.074000 0.043400 0.105000 0.058700 0.043700 0.074600 0.089700 0.028900
KirksDik 0.073500 0.454200 0.043900 0.304400 0.073400 0.089400 0.029000 0.073600 0.074600 0.058300 0.074200 0.073900 0.074400 0.029000 0.058400 0.058600 0.104400 0.089100 0.074000 0.059600 0.043800 0.074000 0.073400 0.073100 0.074200 0.058300 0.074400 0.090100 0.121600 0.058900 0.074100 0.044000 0.106100 0.059300 0.089800 0.089700 0.074000 0.088300 0.000000 0.073400 0.058100 0.058300 0.071800 0.073300 0.106000 0.074200 0.043900 0.059200 0.074300 0.106700 0.090500 0.058900
RoeDeer 0.058300 0.476100 0.058900 0.286400 0.058300 0.074000 0.074000 0.058500 0.059200 0.014000 0.058700 0.058600 0.059100 0.043900 0.043700 0.043600 0.088500 0.073500 0.058800 0.044400 0.058900 0.058800 0.028700 0.058100 0.058700 0.073600 0.059100 0.044100 0.105400 0.043900 0.029100 0.059200 0.090300 0.074800 0.074200 0.074200 0.058800 0.073100 0.073400 0.000000 0.014300 0.073600 0.028800 0.058200 0.089800 0.058800 0.089800 0.074300 0.059100 0.059700 0.106200 0.043900
WhiteLippe 0.073200 0.453100 0.043800 0.306500 0.073200 0.089100 0.058700 0.073400 0.044000 0.000100 0.074000 0.073700 0.074200 0.058800 0.058400 0.058400 0.073100 0.058300 0.073800 0.059500 0.074000 0.073800 0.014200 0.043200 0.074000 0.088700 0.074200 0.059100 0.121100 0.058700 0.014400 0.074300 0.105900 0.090100 0.089400 0.089400 0.073800 0.088100 0.058100 0.014300 0.000000 0.088700 0.014300 0.043300 0.105600 0.073800 0.074100 0.058900 0.074100 0.074900 0.090100 0.058700
ThomsonGaz 0.073400 0.475700 0.073900 0.286000 0.073300 0.089200 0.058900 0.043600 0.105700 0.088900 0.074100 0.073900 0.074400 0.029100 0.058500 0.029000 0.104200 0.120200 0.074000 0.059800 0.014500 0.074000 0.104500 0.104200 0.074100 0.000000 0.074400 0.090000 0.058400 0.058700 0.105600 0.044100 0.106000 0.059300 0.089600 0.089800 0.074000 0.058100 0.058300 0.073600 0.088700 0.000000 0.104900 0.104300 0.106000 0.074000 0.074400 0.089600 0.074100 0.074800 0.122000 0.058700
MuntiacusC 0.089100 0.478600 0.059100 0.327200 0.089000 0.105400 0.074300 0.089200 0.059500 0.014100 0.089700 0.089400 0.090300 0.074500 0.074000 0.074000 0.088900 0.073800 0.089800 0.075400 0.090000 0.089800 0.028800 0.058400 0.089700 0.104900 0.090300 0.074800 0.138100 0.074400 0.029200 0.090400 0.122700 0.106700 0.105800 0.105800 0.089800 0.104100 0.071800 0.028800 0.014300 0.104900 0.000000 0.058500 0.122000 0.089800 0.090200 0.074700 0.090200 0.091100 0.106700 0.074400
WhiteTaile 0.119700 0.523700 0.089500 0.246900 0.119500 0.136500 0.074000 0.088700 0.090000 0.043400 0.120800 0.120400 0.121300 0.074000 0.073400 0.104700 0.088500 0.073400 0.120600 0.104900 0.089600 0.120600 0.028700 0.000100 0.120800 0.104300 0.121300 0.105700 0.171200 0.105000 0.058800 0.089800 0.090100 0.105800 0.137100 0.137200 0.120600 0.135000 0.073300 0.058200 0.043300 0.104300 0.058500 0.000000 0.154500 0.118200 0.089700 0.105500 0.121100 0.122400 0.138400 0.105000
Cattle 0.059100 0.485100 0.059700 0.270000 0.059100 0.075000 0.106800 0.090200 0.091200 0.105500 0.059500 0.059300 0.075500 0.075400 0.074600 0.074900 0.121300 0.105900 0.059600 0.076300 0.091000 0.059600 0.121700 0.154200 0.059500 0.106000 0.075500 0.075500 0.107100 0.044400 0.122000 0.059900 0.123900 0.088600 0.044500 0.014400 0.059600 0.074000 0.106000 0.089800 0.105600 0.106000 0.122000 0.154500 0.000000 0.059500 0.123600 0.075300 0.059800 0.092000 0.075700 0.044400
RoyalAntel 0.028900 0.388800 0.029200 0.285300 0.028900 0.044000 0.074500 0.054900 0.059500 0.074000 0.029200 0.029100 0.044300 0.044200 0.043900 0.044000 0.089300 0.074200 0.029200 0.044800 0.059300 0.029200 0.084900 0.116700 0.029200 0.074000 0.044300 0.044300 0.106000 0.014500 0.084300 0.029300 0.090700 0.059700 0.044100 0.044100 0.029200 0.043400 0.074200 0.058800 0.073800 0.074000 0.089800 0.118200 0.059500 0.000000 0.090500 0.044200 0.029300 0.060100 0.075200 0.014500
Steenbok 0.089800 0.483800 0.059700 0.330700 0.089700 0.106200 0.044300 0.090100 0.091400 0.074300 0.090700 0.090300 0.091000 0.044300 0.074400 0.074700 0.121500 0.105900 0.090500 0.076000 0.059600 0.090500 0.089800 0.089500 0.090700 0.074400 0.091000 0.107300 0.139800 0.075000 0.090800 0.059800 0.123700 0.075500 0.106700 0.106700 0.090500 0.105000 0.043900 0.089800 0.074100 0.074400 0.090200 0.089700 0.123600 0.090500 0.000000 0.075400 0.090800 0.124400 0.107700 0.075000
Impala 0.043900 0.414800 0.014400 0.309700 0.043900 0.059400 0.059600 0.074200 0.044400 0.059100 0.044400 0.044100 0.059800 0.059700 0.059100 0.059300 0.074100 0.059200 0.044300 0.060400 0.075100 0.044300 0.074200 0.105300 0.044400 0.089600 0.059800 0.059600 0.122600 0.029300 0.071600 0.044500 0.107500 0.075600 0.059600 0.059500 0.044300 0.058700 0.059200 0.074300 0.058900 0.089600 0.074700 0.105500 0.075300 0.044200 0.075400 0.000000 0.043800 0.075900 0.059900 0.029300
Klipspring 0.029100 0.438000 0.029000 0.249400 0.029100 0.044300 0.074800 0.058900 0.059600 0.074300 0.029400 0.029300 0.044500 0.044400 0.044100 0.044200 0.089400 0.074300 0.029300 0.045000 0.059500 0.029300 0.089600 0.120900 0.029400 0.073800 0.044500 0.044400 0.106000 0.014400 0.087700 0.029500 0.091200 0.060000 0.044400 0.044300 0.029300 0.043700 0.074300 0.059100 0.074100 0.074100 0.090200 0.121100 0.059800 0.029300 0.090800 0.043800 0.000000 0.060400 0.075200 0.014500
ForestMusk 0.059700 0.417200 0.060100 0.270900 0.059600 0.075700 0.107500 0.090900 0.091900 0.075100 0.060300 0.060000 0.076100 0.076000 0.044600 0.075500 0.070200 0.054100 0.060200 0.076900 0.091600 0.060200 0.090600 0.122200 0.060300 0.074800 0.076100 0.076100 0.107200 0.044800 0.088700 0.060400 0.086400 0.092400 0.075800 0.075800 0.060200 0.074600 0.106700 0.059700 0.074900 0.074800 0.091100 0.122400 0.092000 0.060100 0.124400 0.075900 0.060400 0.000000 0.108400 0.044800
Bushbuck 0.074700 0.416800 0.044500 0.311200 0.074600 0.090900 0.091200 0.106000 0.044200 0.090400 0.075400 0.075100 0.091500 0.091400 0.090500 0.090800 0.105800 0.090400 0.075300 0.060200 0.107200 0.075300 0.106100 0.138200 0.075400 0.122000 0.091500 0.059400 0.090200 0.059700 0.104800 0.075700 0.141000 0.108100 0.060000 0.091000 0.075300 0.089700 0.090500 0.106200 0.090100 0.122000 0.106700 0.138400 0.075700 0.075200 0.107700 0.059900 0.075200 0.108400 0.000000 0.059700
GreaterKud 0.014400 0.412800 0.014300 0.268900 0.014400 0.029200 0.059300 0.043800 0.044300 0.058900 0.014600 0.014500 0.029400 0.029400 0.029100 0.029200 0.073800 0.058900 0.014500 0.029700 0.044300 0.014500 0.074000 0.104800 0.014600 0.058700 0.029400 0.028800 0.090200 0.000000 0.071300 0.014600 0.075300 0.044600 0.029300 0.029300 0.014500 0.028900 0.058900 0.043900 0.058700 0.058700 0.074400 0.105000 0.044400 0.014500 0.075000 0.029300 0.014500 0.044800 0.059700 0.000000
