CODONML (in paml version 4.10.7, June 2023)  /home/rachel/ruminants_paml/6406-phy-tree/ENSBTAT00000048596.fasta.phy
Model: free dN/dS Ratios for branches,  kappa = 2.000 fixed

Codon frequency model: F3x4
ns =  54  ls =  59

Codon usage in sequences
--------------------------------------------------------------------------------------------------------------------------------------
Phe TTT   2   2   2   2   2   2 | Ser TCT   1   0   1   1   2   2 | Tyr TAT   0   0   0   0   0   0 | Cys TGT   2   2   2   2   1   2
    TTC   4   3   4   4   4   4 |     TCC   1   1   1   1   0   0 |     TAC   2   3   2   2   2   2 |     TGC   1   1   1   1   2   1
Leu TTA   3   2   2   3   3   3 |     TCA   1   1   1   1   1   1 | *** TAA   0   0   0   0   0   0 | *** TGA   0   0   0   0   0   0
    TTG   1   1   1   1   3   2 |     TCG   0   0   0   0   0   0 |     TAG   0   0   0   0   0   0 | Trp TGG   0   0   0   0   0   0
--------------------------------------------------------------------------------------------------------------------------------------
Leu CTT   2   2   2   2   1   1 | Pro CCT   2   2   2   2   2   2 | His CAT   0   0   0   0   1   0 | Arg CGT   0   0   0   0   0   0
    CTC   0   0   0   0   0   1 |     CCC   1   0   1   1   1   1 |     CAC   1   1   1   1   0   1 |     CGC   0   1   0   0   0   0
    CTA   1   1   1   1   1   1 |     CCA   0   0   0   0   0   0 | Gln CAA   2   2   2   2   2   2 |     CGA   1   1   1   1   1   1
    CTG   1   1   1   1   0   0 |     CCG   0   0   0   0   0   0 |     CAG   0   0   0   0   0   0 |     CGG   0   0   0   0   0   0
--------------------------------------------------------------------------------------------------------------------------------------
Ile ATT   2   2   2   3   2   2 | Thr ACT   0   1   0   0   0   0 | Asn AAT   0   0   0   0   0   0 | Ser AGT   1   0   1   1   1   1
    ATC   3   2   3   2   3   3 |     ACC   0   0   0   0   0   0 |     AAC   0   0   0   0   0   0 |     AGC   0   1   0   0   0   0
    ATA   1   2   2   1   1   1 |     ACA   1   2   1   1   1   1 | Lys AAA   2   2   3   3   3   3 | Arg AGA   1   1   1   1   1   1
Met ATG   1   1   1   1   1   1 |     ACG   0   0   0   0   0   0 |     AAG   2   2   1   1   1   1 |     AGG   0   0   0   0   0   0
--------------------------------------------------------------------------------------------------------------------------------------
Val GTT   1   1   1   1   1   1 | Ala GCT   2   0   3   2   2   2 | Asp GAT   0   0   0   0   0   0 | Gly GGT   0   0   0   0   0   0
    GTC   0   0   0   0   0   0 |     GCC   0   2   0   0   1   0 |     GAC   1   1   1   1   1   1 |     GGC   2   2   2   2   2   2
    GTA   1   2   1   1   1   1 |     GCA   2   1   1   2   2   2 | Glu GAA   1   1   1   1   1   1 |     GGA   1   1   1   1   1   1
    GTG   3   3   3   3   3   3 |     GCG   1   1   1   1   0   1 |     GAG   1   1   1   1   1   1 |     GGG   0   0   0   0   0   0
--------------------------------------------------------------------------------------------------------------------------------------

--------------------------------------------------------------------------------------------------------------------------------------
Phe TTT   2   2   2   2   2   2 | Ser TCT   2   1   1   1   1   1 | Tyr TAT   0   0   0   0   0   0 | Cys TGT   2   2   2   2   2   2
    TTC   4   4   4   4   4   4 |     TCC   0   1   1   1   1   1 |     TAC   2   2   2   2   2   2 |     TGC   1   1   1   1   1   1
Leu TTA   3   3   3   3   2   3 |     TCA   1   1   1   1   1   1 | *** TAA   0   0   0   0   0   0 | *** TGA   0   0   0   0   0   0
    TTG   1   1   1   1   1   2 |     TCG   0   0   0   0   0   0 |     TAG   0   0   0   0   0   0 | Trp TGG   0   0   0   0   0   0
--------------------------------------------------------------------------------------------------------------------------------------
Leu CTT   2   2   2   2   2   2 | Pro CCT   2   2   2   1   2   2 | His CAT   0   0   0   0   0   0 | Arg CGT   0   0   0   0   0   0
    CTC   0   0   0   0   0   0 |     CCC   1   1   1   2   1   1 |     CAC   1   1   1   1   1   1 |     CGC   0   0   0   0   0   0
    CTA   1   1   1   1   1   1 |     CCA   0   0   0   0   0   0 | Gln CAA   2   2   2   2   2   2 |     CGA   1   1   1   1   1   1
    CTG   1   1   1   1   1   0 |     CCG   0   0   0   0   0   0 |     CAG   0   0   0   0   0   0 |     CGG   0   0   0   0   0   0
--------------------------------------------------------------------------------------------------------------------------------------
Ile ATT   2   2   2   2   1   2 | Thr ACT   0   0   0   0   0   0 | Asn AAT   0   0   0   0   0   0 | Ser AGT   1   1   1   1   1   1
    ATC   3   3   3   3   3   3 |     ACC   0   0   0   0   0   0 |     AAC   0   0   0   0   0   0 |     AGC   0   0   0   0   0   0
    ATA   1   1   1   1   2   1 |     ACA   1   1   1   1   1   1 | Lys AAA   3   2   3   3   3   3 | Arg AGA   1   1   1   1   1   1
Met ATG   1   1   1   1   1   1 |     ACG   0   0   0   0   0   0 |     AAG   1   2   1   1   1   1 |     AGG   0   0   0   0   0   0
--------------------------------------------------------------------------------------------------------------------------------------
Val GTT   1   1   1   1   2   1 | Ala GCT   2   2   2   2   3   2 | Asp GAT   0   0   0   0   0   0 | Gly GGT   0   0   0   0   0   0
    GTC   0   0   0   0   0   0 |     GCC   0   0   0   0   0   0 |     GAC   1   1   1   1   1   1 |     GGC   2   2   2   2   2   2
    GTA   1   1   1   1   1   1 |     GCA   2   2   2   2   1   2 | Glu GAA   1   1   1   1   1   1 |     GGA   1   1   1   1   1   1
    GTG   3   3   3   3   3   3 |     GCG   1   1   1   1   1   1 |     GAG   1   1   1   1   1   1 |     GGG   0   0   0   0   0   0
--------------------------------------------------------------------------------------------------------------------------------------

--------------------------------------------------------------------------------------------------------------------------------------
Phe TTT   2   2   2   3   2   2 | Ser TCT   1   1   1   1   1   1 | Tyr TAT   0   0   0   0   0   0 | Cys TGT   2   2   2   2   2   2
    TTC   4   4   4   3   4   4 |     TCC   1   1   1   1   1   1 |     TAC   2   2   2   2   2   2 |     TGC   1   1   1   1   1   1
Leu TTA   3   2   3   3   3   3 |     TCA   1   1   1   1   1   1 | *** TAA   0   0   0   0   0   0 | *** TGA   0   0   0   0   0   0
    TTG   1   1   1   1   1   1 |     TCG   0   0   0   0   0   0 |     TAG   0   0   0   0   0   0 | Trp TGG   0   0   0   0   0   0
--------------------------------------------------------------------------------------------------------------------------------------
Leu CTT   2   2   2   2   2   2 | Pro CCT   2   2   2   2   3   2 | His CAT   0   0   0   0   0   1 | Arg CGT   0   0   0   0   0   0
    CTC   0   0   0   0   0   0 |     CCC   1   1   1   1   0   1 |     CAC   1   1   1   1   1   0 |     CGC   0   0   0   0   0   0
    CTA   1   1   1   1   1   1 |     CCA   0   0   0   0   0   0 | Gln CAA   2   2   2   2   2   2 |     CGA   1   1   1   1   1   1
    CTG   1   1   1   1   1   1 |     CCG   0   0   0   0   0   0 |     CAG   0   0   0   0   0   0 |     CGG   0   0   0   0   0   0
--------------------------------------------------------------------------------------------------------------------------------------
Ile ATT   2   2   2   2   2   2 | Thr ACT   0   0   0   0   0   0 | Asn AAT   0   0   0   0   0   0 | Ser AGT   1   1   1   1   1   1
    ATC   3   3   3   3   3   3 |     ACC   0   0   0   0   0   0 |     AAC   0   0   0   0   0   0 |     AGC   0   0   0   0   0   0
    ATA   1   3   1   1   1   1 |     ACA   1   1   1   1   1   1 | Lys AAA   3   3   3   3   3   3 | Arg AGA   1   1   1   1   1   1
Met ATG   1   1   1   1   1   1 |     ACG   0   0   0   0   0   0 |     AAG   1   1   1   1   1   1 |     AGG   0   0   0   0   0   0
--------------------------------------------------------------------------------------------------------------------------------------
Val GTT   1   1   0   1   1   1 | Ala GCT   2   3   2   2   2   2 | Asp GAT   0   0   0   0   0   0 | Gly GGT   0   0   0   0   0   0
    GTC   0   0   0   0   0   0 |     GCC   0   0   0   0   0   0 |     GAC   1   1   1   1   1   1 |     GGC   2   2   2   2   2   2
    GTA   1   0   2   1   1   1 |     GCA   2   1   2   2   2   2 | Glu GAA   1   1   1   1   1   1 |     GGA   1   1   1   1   1   1
    GTG   3   3   3   3   3   3 |     GCG   1   1   1   1   1   1 |     GAG   1   1   1   1   1   1 |     GGG   0   0   0   0   0   0
--------------------------------------------------------------------------------------------------------------------------------------

--------------------------------------------------------------------------------------------------------------------------------------
Phe TTT   2   2   2   2   2   2 | Ser TCT   1   1   1   1   1   1 | Tyr TAT   0   0   0   0   0   0 | Cys TGT   2   2   2   2   2   2
    TTC   4   4   4   4   4   4 |     TCC   1   1   1   1   1   1 |     TAC   2   2   2   2   2   2 |     TGC   1   1   1   1   1   1
Leu TTA   3   3   3   2   2   3 |     TCA   1   1   1   1   2   1 | *** TAA   0   0   0   0   0   0 | *** TGA   0   0   0   0   0   0
    TTG   2   2   1   1   1   1 |     TCG   0   0   0   0   0   0 |     TAG   0   0   0   0   0   0 | Trp TGG   0   0   0   0   0   0
--------------------------------------------------------------------------------------------------------------------------------------
Leu CTT   2   2   2   2   2   2 | Pro CCT   2   2   2   2   2   2 | His CAT   0   0   0   0   0   0 | Arg CGT   0   0   0   0   0   0
    CTC   0   0   0   0   0   0 |     CCC   1   1   1   1   1   1 |     CAC   1   1   1   1   1   1 |     CGC   0   0   0   0   0   0
    CTA   1   1   1   1   1   1 |     CCA   0   0   0   0   0   0 | Gln CAA   2   2   2   2   2   2 |     CGA   1   1   1   1   1   1
    CTG   0   0   1   1   1   1 |     CCG   0   0   0   0   0   0 |     CAG   0   0   0   0   0   0 |     CGG   0   0   0   0   0   0
--------------------------------------------------------------------------------------------------------------------------------------
Ile ATT   2   2   2   1   2   2 | Thr ACT   0   0   0   0   0   0 | Asn AAT   0   0   0   0   0   0 | Ser AGT   1   1   1   1   1   1
    ATC   3   3   3   3   3   3 |     ACC   0   0   0   0   0   0 |     AAC   0   0   0   0   0   0 |     AGC   0   0   0   0   0   0
    ATA   1   1   1   2   1   1 |     ACA   1   1   1   1   1   1 | Lys AAA   3   3   3   3   3   3 | Arg AGA   1   1   1   1   1   1
Met ATG   1   1   1   1   1   1 |     ACG   0   0   0   0   0   0 |     AAG   1   1   1   1   1   1 |     AGG   0   0   0   0   0   0
--------------------------------------------------------------------------------------------------------------------------------------
Val GTT   1   1   1   2   1   1 | Ala GCT   2   2   2   3   2   2 | Asp GAT   0   0   0   0   0   0 | Gly GGT   0   0   0   0   0   0
    GTC   0   0   0   0   0   0 |     GCC   0   0   0   0   0   0 |     GAC   1   1   1   1   1   1 |     GGC   2   2   2   2   2   2
    GTA   1   1   1   1   1   1 |     GCA   2   2   2   1   2   2 | Glu GAA   1   1   1   1   1   1 |     GGA   1   1   1   1   1   1
    GTG   3   3   3   3   3   3 |     GCG   1   1   1   1   1   1 |     GAG   1   1   1   1   1   1 |     GGG   0   0   0   0   0   0
--------------------------------------------------------------------------------------------------------------------------------------

--------------------------------------------------------------------------------------------------------------------------------------
Phe TTT   2   2   2   3   2   2 | Ser TCT   1   1   1   1   1   1 | Tyr TAT   0   0   0   0   0   0 | Cys TGT   2   2   2   2   2   2
    TTC   4   4   4   3   4   4 |     TCC   2   1   1   1   1   1 |     TAC   2   2   2   2   2   2 |     TGC   1   1   1   1   1   1
Leu TTA   3   3   3   3   3   2 |     TCA   1   1   1   1   1   1 | *** TAA   0   0   0   0   0   0 | *** TGA   0   0   0   0   0   0
    TTG   2   2   1   1   1   1 |     TCG   0   0   0   0   0   0 |     TAG   0   0   0   0   0   0 | Trp TGG   0   0   0   0   0   0
--------------------------------------------------------------------------------------------------------------------------------------
Leu CTT   2   2   2   2   2   2 | Pro CCT   2   2   2   2   2   2 | His CAT   0   0   0   0   0   0 | Arg CGT   0   0   0   0   0   0
    CTC   0   0   0   0   0   0 |     CCC   0   1   1   1   1   1 |     CAC   1   1   1   1   1   1 |     CGC   0   0   0   0   0   0
    CTA   1   1   1   1   1   1 |     CCA   0   0   0   0   0   0 | Gln CAA   2   2   2   2   2   2 |     CGA   1   1   1   1   1   1
    CTG   0   0   1   1   1   1 |     CCG   0   0   0   0   0   0 |     CAG   0   0   0   0   0   0 |     CGG   0   0   0   0   0   0
--------------------------------------------------------------------------------------------------------------------------------------
Ile ATT   2   1   2   2   2   1 | Thr ACT   0   0   0   0   0   0 | Asn AAT   0   0   0   0   0   0 | Ser AGT   1   1   1   1   1   1
    ATC   3   4   3   3   3   3 |     ACC   0   0   0   0   0   0 |     AAC   0   0   0   0   0   0 |     AGC   0   0   0   0   0   0
    ATA   1   1   1   1   1   2 |     ACA   1   1   1   1   1   1 | Lys AAA   3   3   3   3   3   3 | Arg AGA   1   1   1   1   1   1
Met ATG   1   1   1   1   1   1 |     ACG   0   0   0   0   0   0 |     AAG   1   1   1   1   1   1 |     AGG   0   0   0   0   0   0
--------------------------------------------------------------------------------------------------------------------------------------
Val GTT   1   1   1   1   0   2 | Ala GCT   2   2   2   2   2   3 | Asp GAT   0   0   0   0   0   0 | Gly GGT   0   0   0   0   0   0
    GTC   0   0   0   0   0   0 |     GCC   0   0   0   0   0   0 |     GAC   1   1   1   1   1   1 |     GGC   2   2   2   2   2   2
    GTA   1   1   1   1   1   1 |     GCA   2   2   2   2   2   1 | Glu GAA   1   1   1   1   1   1 |     GGA   1   1   1   1   1   1
    GTG   3   3   3   3   4   3 |     GCG   1   1   1   1   1   1 |     GAG   1   1   1   1   1   1 |     GGG   0   0   0   0   0   0
--------------------------------------------------------------------------------------------------------------------------------------

--------------------------------------------------------------------------------------------------------------------------------------
Phe TTT   2   2   2   2   2   2 | Ser TCT   1   1   1   1   1   1 | Tyr TAT   0   0   0   0   0   0 | Cys TGT   2   2   2   2   2   2
    TTC   4   4   4   4   4   4 |     TCC   1   1   1   1   1   1 |     TAC   2   2   2   2   2   2 |     TGC   1   1   1   1   1   1
Leu TTA   2   2   3   3   4   3 |     TCA   1   1   1   1   1   1 | *** TAA   0   0   0   0   0   0 | *** TGA   0   0   0   0   0   0
    TTG   1   1   2   1   1   1 |     TCG   0   0   0   0   0   0 |     TAG   0   0   0   0   0   0 | Trp TGG   0   0   0   0   0   0
--------------------------------------------------------------------------------------------------------------------------------------
Leu CTT   2   2   2   2   2   2 | Pro CCT   2   2   2   2   2   2 | His CAT   1   0   0   0   0   0 | Arg CGT   0   0   0   0   0   0
    CTC   0   0   0   0   0   0 |     CCC   1   1   1   1   1   1 |     CAC   0   1   1   1   1   1 |     CGC   0   0   0   0   0   0
    CTA   2   1   1   1   1   1 |     CCA   0   0   0   0   0   0 | Gln CAA   2   2   2   2   2   2 |     CGA   1   1   1   1   1   1
    CTG   1   1   0   1   0   1 |     CCG   0   0   0   0   0   0 |     CAG   0   0   0   0   0   0 |     CGG   0   0   0   0   0   0
--------------------------------------------------------------------------------------------------------------------------------------
Ile ATT   2   1   2   2   2   2 | Thr ACT   0   0   0   0   0   0 | Asn AAT   0   0   0   0   0   0 | Ser AGT   1   1   1   1   1   1
    ATC   3   3   3   3   3   3 |     ACC   0   0   0   0   0   0 |     AAC   0   0   0   0   0   0 |     AGC   0   0   0   0   0   0
    ATA   1   2   1   1   1   1 |     ACA   1   1   1   2   1   1 | Lys AAA   3   3   3   3   3   3 | Arg AGA   1   1   1   1   1   1
Met ATG   1   1   1   1   1   1 |     ACG   0   0   0   0   0   0 |     AAG   1   1   1   1   1   1 |     AGG   0   0   0   0   0   0
--------------------------------------------------------------------------------------------------------------------------------------
Val GTT   1   2   1   1   1   1 | Ala GCT   2   3   2   2   2   2 | Asp GAT   0   0   0   0   0   0 | Gly GGT   0   0   0   0   0   0
    GTC   0   0   0   0   0   0 |     GCC   0   0   0   0   0   0 |     GAC   1   1   1   1   1   1 |     GGC   2   2   2   2   2   2
    GTA   1   1   1   1   1   1 |     GCA   2   1   2   1   2   2 | Glu GAA   1   1   1   1   1   1 |     GGA   1   1   1   1   1   1
    GTG   3   3   3   3   3   3 |     GCG   1   1   1   1   1   1 |     GAG   1   1   1   1   1   1 |     GGG   0   0   0   0   0   0
--------------------------------------------------------------------------------------------------------------------------------------

--------------------------------------------------------------------------------------------------------------------------------------
Phe TTT   2   2   2   2   2   2 | Ser TCT   1   1   1   2   1   1 | Tyr TAT   0   0   0   0   0   0 | Cys TGT   2   2   2   2   2   2
    TTC   4   4   4   4   4   4 |     TCC   1   1   1   0   1   1 |     TAC   2   2   2   2   2   2 |     TGC   1   1   1   1   1   1
Leu TTA   3   2   3   3   3   2 |     TCA   1   1   1   1   1   2 | *** TAA   0   0   0   0   0   0 | *** TGA   0   0   0   0   0   0
    TTG   1   1   1   1   1   2 |     TCG   0   0   0   0   0   0 |     TAG   0   0   0   0   0   0 | Trp TGG   0   0   0   0   0   0
--------------------------------------------------------------------------------------------------------------------------------------
Leu CTT   2   2   2   2   2   2 | Pro CCT   2   2   2   2   2   2 | His CAT   0   0   0   0   0   0 | Arg CGT   0   0   0   0   0   0
    CTC   0   0   0   0   0   0 |     CCC   1   1   1   1   1   1 |     CAC   1   1   1   1   1   1 |     CGC   0   0   0   0   0   0
    CTA   1   1   1   1   1   1 |     CCA   0   0   0   0   0   0 | Gln CAA   2   2   2   2   2   2 |     CGA   1   1   1   1   1   1
    CTG   1   1   1   1   1   0 |     CCG   0   0   0   0   0   0 |     CAG   0   0   0   0   0   0 |     CGG   0   0   0   0   0   0
--------------------------------------------------------------------------------------------------------------------------------------
Ile ATT   2   2   2   2   2   2 | Thr ACT   0   0   0   0   0   0 | Asn AAT   0   0   0   0   0   0 | Ser AGT   1   1   1   1   1   1
    ATC   3   3   3   3   3   3 |     ACC   0   0   0   0   0   0 |     AAC   0   0   0   0   0   0 |     AGC   0   0   0   0   0   0
    ATA   1   2   1   1   1   1 |     ACA   1   1   1   1   1   1 | Lys AAA   3   3   3   3   3   3 | Arg AGA   1   1   1   1   1   1
Met ATG   1   1   1   1   1   1 |     ACG   0   0   0   0   0   0 |     AAG   1   1   1   1   1   1 |     AGG   0   0   0   0   0   0
--------------------------------------------------------------------------------------------------------------------------------------
Val GTT   1   1   1   1   1   1 | Ala GCT   2   3   2   2   2   2 | Asp GAT   0   0   0   0   0   0 | Gly GGT   1   0   0   0   0   0
    GTC   0   0   0   0   0   0 |     GCC   0   0   0   0   0   0 |     GAC   1   1   1   1   1   1 |     GGC   1   2   2   2   2   2
    GTA   1   1   1   1   1   1 |     GCA   2   1   2   2   2   2 | Glu GAA   1   1   1   1   1   1 |     GGA   1   1   1   1   1   1
    GTG   3   3   3   3   3   3 |     GCG   1   1   1   1   1   1 |     GAG   1   1   1   1   1   1 |     GGG   0   0   0   0   0   0
--------------------------------------------------------------------------------------------------------------------------------------

--------------------------------------------------------------------------------------------------------------------------------------
Phe TTT   2   3   2   2   2   1 | Ser TCT   1   1   1   1   1   1 | Tyr TAT   0   0   0   0   0   0 | Cys TGT   2   2   2   2   2   2
    TTC   4   3   4   4   4   3 |     TCC   1   1   1   1   1   1 |     TAC   2   2   2   2   2   2 |     TGC   1   1   1   1   1   1
Leu TTA   3   3   3   3   2   4 |     TCA   1   1   1   1   1   1 | *** TAA   0   0   0   0   0   0 | *** TGA   0   0   0   0   0   0
    TTG   2   1   2   2   1   1 |     TCG   0   0   0   0   0   0 |     TAG   0   0   0   0   0   0 | Trp TGG   0   0   0   0   0   0
--------------------------------------------------------------------------------------------------------------------------------------
Leu CTT   2   2   2   2   2   3 | Pro CCT   2   2   2   2   2   2 | His CAT   0   0   0   1   0   0 | Arg CGT   0   0   0   0   0   0
    CTC   0   0   0   0   0   0 |     CCC   1   1   1   1   1   1 |     CAC   1   1   1   0   1   1 |     CGC   0   0   0   0   0   0
    CTA   1   1   1   1   1   1 |     CCA   0   0   0   0   0   0 | Gln CAA   2   2   2   2   2   2 |     CGA   1   1   1   1   1   1
    CTG   0   1   0   0   1   1 |     CCG   0   0   0   0   0   0 |     CAG   0   0   0   0   0   0 |     CGG   0   0   0   0   0   0
--------------------------------------------------------------------------------------------------------------------------------------
Ile ATT   2   2   2   1   2   2 | Thr ACT   0   0   0   0   0   0 | Asn AAT   0   0   0   0   0   0 | Ser AGT   1   1   1   1   1   1
    ATC   2   3   3   4   3   3 |     ACC   0   0   0   0   0   0 |     AAC   0   0   0   0   0   0 |     AGC   0   0   0   0   0   0
    ATA   1   1   1   1   2   1 |     ACA   1   1   1   1   1   1 | Lys AAA   3   3   3   3   3   3 | Arg AGA   1   1   1   1   1   1
Met ATG   1   1   1   1   1   1 |     ACG   0   0   0   0   0   0 |     AAG   1   1   1   1   1   1 |     AGG   0   0   0   0   0   0
--------------------------------------------------------------------------------------------------------------------------------------
Val GTT   1   1   1   1   1   1 | Ala GCT   2   2   2   2   3   2 | Asp GAT   0   0   0   0   0   0 | Gly GGT   0   0   0   0   0   0
    GTC   1   0   0   0   0   0 |     GCC   0   0   0   0   0   0 |     GAC   1   1   1   1   1   1 |     GGC   2   2   2   2   2   2
    GTA   1   1   1   1   1   1 |     GCA   2   2   2   2   1   2 | Glu GAA   1   1   1   1   1   1 |     GGA   1   1   1   1   1   1
    GTG   3   3   3   3   3   3 |     GCG   1   1   1   1   1   1 |     GAG   1   1   1   1   1   1 |     GGG   0   0   0   0   0   0
--------------------------------------------------------------------------------------------------------------------------------------

--------------------------------------------------------------------------------------------------------------------------------------
Phe TTT   2   2   3   2   2   2 | Ser TCT   1   1   1   1   1   1 | Tyr TAT   0   0   0   0   0   0 | Cys TGT   2   3   2   2   2   2
    TTC   4   4   3   4   4   4 |     TCC   1   1   1   1   1   1 |     TAC   2   2   2   2   2   2 |     TGC   1   0   1   1   1   1
Leu TTA   3   3   3   3   2   2 |     TCA   1   1   1   1   1   1 | *** TAA   0   0   0   0   0   0 | *** TGA   0   0   0   0   0   0
    TTG   1   2   1   1   1   1 |     TCG   0   0   0   0   0   0 |     TAG   0   0   0   0   0   0 | Trp TGG   0   0   0   0   0   0
--------------------------------------------------------------------------------------------------------------------------------------
Leu CTT   2   2   2   2   2   2 | Pro CCT   2   2   2   2   2   2 | His CAT   0   0   0   0   0   0 | Arg CGT   0   0   0   0   0   0
    CTC   0   0   0   0   0   0 |     CCC   1   1   1   1   1   1 |     CAC   1   1   1   1   1   1 |     CGC   0   0   0   0   0   0
    CTA   1   1   1   1   1   1 |     CCA   0   0   0   0   0   0 | Gln CAA   2   2   2   2   2   2 |     CGA   1   1   1   1   1   1
    CTG   1   1   1   1   1   1 |     CCG   0   0   0   0   0   0 |     CAG   0   0   0   0   0   0 |     CGG   0   0   0   0   0   0
--------------------------------------------------------------------------------------------------------------------------------------
Ile ATT   2   2   2   3   2   2 | Thr ACT   0   0   0   0   0   0 | Asn AAT   0   0   0   0   0   0 | Ser AGT   1   1   1   1   1   1
    ATC   3   3   3   2   3   3 |     ACC   0   0   0   0   0   0 |     AAC   0   0   0   0   0   0 |     AGC   0   0   0   0   0   0
    ATA   1   1   1   1   2   2 |     ACA   1   1   1   1   1   1 | Lys AAA   3   3   3   3   3   3 | Arg AGA   1   1   1   1   1   1
Met ATG   1   0   1   1   1   1 |     ACG   0   0   0   0   0   0 |     AAG   1   1   1   1   1   1 |     AGG   0   0   0   0   0   0
--------------------------------------------------------------------------------------------------------------------------------------
Val GTT   1   1   1   1   1   1 | Ala GCT   2   2   2   2   3   3 | Asp GAT   0   0   0   0   0   0 | Gly GGT   0   0   0   0   0   0
    GTC   0   0   0   0   0   0 |     GCC   0   0   0   0   0   0 |     GAC   1   1   1   1   1   1 |     GGC   2   2   2   2   2   2
    GTA   1   1   1   1   1   1 |     GCA   2   2   2   2   1   1 | Glu GAA   1   1   1   1   1   1 |     GGA   1   1   1   1   1   1
    GTG   3   3   3   3   3   3 |     GCG   1   1   1   1   1   1 |     GAG   1   1   1   1   1   1 |     GGG   0   0   0   0   0   0
--------------------------------------------------------------------------------------------------------------------------------------

Codon position x base (3x4) table for each sequence.

#1: Argali         
position  1:    T:0.30508    C:0.18644    A:0.23729    G:0.27119
position  2:    T:0.44068    C:0.20339    A:0.20339    G:0.15254
position  3:    T:0.25424    C:0.27119    A:0.30508    G:0.16949
Average         T:0.33333    C:0.22034    A:0.24859    G:0.19774

#2: LesserMouseDeer
position  1:    T:0.27119    C:0.18644    A:0.27119    G:0.27119
position  2:    T:0.42373    C:0.18644    A:0.22034    G:0.16949
position  3:    T:0.20339    C:0.30508    A:0.32203    G:0.16949
Average         T:0.29944    C:0.22599    A:0.27119    G:0.20339

#3: LesserKudu     
position  1:    T:0.28814    C:0.18644    A:0.25424    G:0.27119
position  2:    T:0.44068    C:0.20339    A:0.20339    G:0.15254
position  3:    T:0.27119    C:0.27119    A:0.30508    G:0.15254
Average         T:0.33333    C:0.22034    A:0.25424    G:0.19209

#4: ForestMuskDeer2
position  1:    T:0.30508    C:0.18644    A:0.23729    G:0.27119
position  2:    T:0.44068    C:0.20339    A:0.20339    G:0.15254
position  3:    T:0.27119    C:0.25424    A:0.32203    G:0.15254
Average         T:0.33898    C:0.21469    A:0.25424    G:0.19209

#5: Camel          
position  1:    T:0.33898    C:0.15254    A:0.23729    G:0.27119
position  2:    T:0.44068    C:0.20339    A:0.20339    G:0.15254
position  3:    T:0.25424    C:0.27119    A:0.32203    G:0.15254
Average         T:0.34463    C:0.20904    A:0.25424    G:0.19209

#6: KillerWhale    
position  1:    T:0.32203    C:0.16949    A:0.23729    G:0.27119
position  2:    T:0.44068    C:0.20339    A:0.20339    G:0.15254
position  3:    T:0.25424    C:0.27119    A:0.32203    G:0.15254
Average         T:0.33898    C:0.21469    A:0.25424    G:0.19209

#7: DefassaWaterbuck
position  1:    T:0.30508    C:0.18644    A:0.23729    G:0.27119
position  2:    T:0.44068    C:0.20339    A:0.20339    G:0.15254
position  3:    T:0.27119    C:0.25424    A:0.32203    G:0.15254
Average         T:0.33898    C:0.21469    A:0.25424    G:0.19209

#8: Sheep          
position  1:    T:0.30508    C:0.18644    A:0.23729    G:0.27119
position  2:    T:0.44068    C:0.20339    A:0.20339    G:0.15254
position  3:    T:0.25424    C:0.27119    A:0.30508    G:0.16949
Average         T:0.33333    C:0.22034    A:0.24859    G:0.19774

#9: MaxwellsDuiker 
position  1:    T:0.30508    C:0.18644    A:0.23729    G:0.27119
position  2:    T:0.44068    C:0.20339    A:0.20339    G:0.15254
position  3:    T:0.25424    C:0.27119    A:0.32203    G:0.15254
Average         T:0.33333    C:0.22034    A:0.25424    G:0.19209

#10: GazellaPrzewalskyi
position  1:    T:0.30508    C:0.18644    A:0.23729    G:0.27119
position  2:    T:0.44068    C:0.20339    A:0.20339    G:0.15254
position  3:    T:0.23729    C:0.28814    A:0.32203    G:0.15254
Average         T:0.32768    C:0.22599    A:0.25424    G:0.19209

#11: MountainNyala  
position  1:    T:0.28814    C:0.18644    A:0.23729    G:0.28814
position  2:    T:0.44068    C:0.20339    A:0.20339    G:0.15254
position  3:    T:0.27119    C:0.27119    A:0.30508    G:0.15254
Average         T:0.33333    C:0.22034    A:0.24859    G:0.19774

#12: MuntiacusMuntjak
position  1:    T:0.32203    C:0.16949    A:0.23729    G:0.27119
position  2:    T:0.44068    C:0.20339    A:0.20339    G:0.15254
position  3:    T:0.25424    C:0.27119    A:0.32203    G:0.15254
Average         T:0.33898    C:0.21469    A:0.25424    G:0.19209

#13: goat           
position  1:    T:0.30508    C:0.18644    A:0.23729    G:0.27119
position  2:    T:0.44068    C:0.20339    A:0.20339    G:0.15254
position  3:    T:0.25424    C:0.27119    A:0.32203    G:0.15254
Average         T:0.33333    C:0.22034    A:0.25424    G:0.19209

#14: AfricanBuffalo 
position  1:    T:0.28814    C:0.18644    A:0.27119    G:0.25424
position  2:    T:0.44068    C:0.20339    A:0.20339    G:0.15254
position  3:    T:0.27119    C:0.27119    A:0.30508    G:0.15254
Average         T:0.33333    C:0.22034    A:0.25989    G:0.18644

#15: Topi           
position  1:    T:0.30508    C:0.18644    A:0.23729    G:0.27119
position  2:    T:0.44068    C:0.20339    A:0.20339    G:0.15254
position  3:    T:0.23729    C:0.27119    A:0.33898    G:0.15254
Average         T:0.32768    C:0.22034    A:0.25989    G:0.19209

#16: CommonDuiker   
position  1:    T:0.30508    C:0.18644    A:0.23729    G:0.27119
position  2:    T:0.44068    C:0.20339    A:0.20339    G:0.15254
position  3:    T:0.27119    C:0.25424    A:0.32203    G:0.15254
Average         T:0.33898    C:0.21469    A:0.25424    G:0.19209

#17: Suni           
position  1:    T:0.30508    C:0.18644    A:0.23729    G:0.27119
position  2:    T:0.44068    C:0.20339    A:0.20339    G:0.15254
position  3:    T:0.27119    C:0.25424    A:0.32203    G:0.15254
Average         T:0.33898    C:0.21469    A:0.25424    G:0.19209

#18: Springbuck     
position  1:    T:0.30508    C:0.18644    A:0.23729    G:0.27119
position  2:    T:0.44068    C:0.20339    A:0.20339    G:0.15254
position  3:    T:0.27119    C:0.25424    A:0.32203    G:0.15254
Average         T:0.33898    C:0.21469    A:0.25424    G:0.19209

#19: Okapi          
position  1:    T:0.32203    C:0.16949    A:0.23729    G:0.27119
position  2:    T:0.44068    C:0.20339    A:0.20339    G:0.15254
position  3:    T:0.25424    C:0.27119    A:0.32203    G:0.15254
Average         T:0.33898    C:0.21469    A:0.25424    G:0.19209

#20: Giraffe        
position  1:    T:0.32203    C:0.16949    A:0.23729    G:0.27119
position  2:    T:0.44068    C:0.20339    A:0.20339    G:0.15254
position  3:    T:0.25424    C:0.27119    A:0.32203    G:0.15254
Average         T:0.33898    C:0.21469    A:0.25424    G:0.19209

#21: TibetanAntelope
position  1:    T:0.30508    C:0.18644    A:0.23729    G:0.27119
position  2:    T:0.44068    C:0.20339    A:0.20339    G:0.15254
position  3:    T:0.25424    C:0.27119    A:0.32203    G:0.15254
Average         T:0.33333    C:0.22034    A:0.25424    G:0.19209

#22: Sitatunga      
position  1:    T:0.28814    C:0.18644    A:0.23729    G:0.28814
position  2:    T:0.44068    C:0.20339    A:0.20339    G:0.15254
position  3:    T:0.27119    C:0.27119    A:0.30508    G:0.15254
Average         T:0.33333    C:0.22034    A:0.24859    G:0.19774

#23: Oribi          
position  1:    T:0.30508    C:0.18644    A:0.23729    G:0.27119
position  2:    T:0.42373    C:0.22034    A:0.20339    G:0.15254
position  3:    T:0.25424    C:0.27119    A:0.32203    G:0.15254
Average         T:0.32768    C:0.22599    A:0.25424    G:0.19209

#24: BarbarySheep   
position  1:    T:0.30508    C:0.18644    A:0.23729    G:0.27119
position  2:    T:0.44068    C:0.20339    A:0.20339    G:0.15254
position  3:    T:0.25424    C:0.27119    A:0.32203    G:0.15254
Average         T:0.33333    C:0.22034    A:0.25424    G:0.19209

#25: Daviddeer      
position  1:    T:0.33898    C:0.15254    A:0.23729    G:0.27119
position  2:    T:0.44068    C:0.20339    A:0.20339    G:0.15254
position  3:    T:0.25424    C:0.27119    A:0.32203    G:0.15254
Average         T:0.34463    C:0.20904    A:0.25424    G:0.19209

#26: Reindeer       
position  1:    T:0.32203    C:0.16949    A:0.23729    G:0.27119
position  2:    T:0.44068    C:0.20339    A:0.20339    G:0.15254
position  3:    T:0.23729    C:0.28814    A:0.32203    G:0.15254
Average         T:0.33333    C:0.22034    A:0.25424    G:0.19209

#27: Ibex           
position  1:    T:0.30508    C:0.18644    A:0.23729    G:0.27119
position  2:    T:0.44068    C:0.20339    A:0.20339    G:0.15254
position  3:    T:0.25424    C:0.27119    A:0.32203    G:0.15254
Average         T:0.33333    C:0.22034    A:0.25424    G:0.19209

#28: GyrantGazelle  
position  1:    T:0.30508    C:0.18644    A:0.23729    G:0.27119
position  2:    T:0.44068    C:0.20339    A:0.20339    G:0.15254
position  3:    T:0.27119    C:0.25424    A:0.32203    G:0.15254
Average         T:0.33898    C:0.21469    A:0.25424    G:0.19209

#29: Hartebeest     
position  1:    T:0.30508    C:0.18644    A:0.23729    G:0.27119
position  2:    T:0.44068    C:0.20339    A:0.20339    G:0.15254
position  3:    T:0.23729    C:0.27119    A:0.32203    G:0.16949
Average         T:0.32768    C:0.22034    A:0.25424    G:0.19774

#30: Bongo          
position  1:    T:0.28814    C:0.18644    A:0.23729    G:0.28814
position  2:    T:0.44068    C:0.20339    A:0.20339    G:0.15254
position  3:    T:0.27119    C:0.27119    A:0.30508    G:0.15254
Average         T:0.33333    C:0.22034    A:0.24859    G:0.19774

#31: Gerenuk        
position  1:    T:0.28814    C:0.20339    A:0.23729    G:0.27119
position  2:    T:0.44068    C:0.20339    A:0.20339    G:0.15254
position  3:    T:0.27119    C:0.25424    A:0.32203    G:0.15254
Average         T:0.33333    C:0.22034    A:0.25424    G:0.19209

#32: CommonEland    
position  1:    T:0.28814    C:0.18644    A:0.23729    G:0.28814
position  2:    T:0.44068    C:0.20339    A:0.20339    G:0.15254
position  3:    T:0.27119    C:0.27119    A:0.30508    G:0.15254
Average         T:0.33333    C:0.22034    A:0.24859    G:0.19774

#33: MuntiacusReevesi
position  1:    T:0.32203    C:0.16949    A:0.23729    G:0.27119
position  2:    T:0.44068    C:0.20339    A:0.20339    G:0.15254
position  3:    T:0.25424    C:0.27119    A:0.32203    G:0.15254
Average         T:0.33898    C:0.21469    A:0.25424    G:0.19209

#34: HarveysDuiker  
position  1:    T:0.30508    C:0.18644    A:0.25424    G:0.25424
position  2:    T:0.44068    C:0.20339    A:0.20339    G:0.15254
position  3:    T:0.25424    C:0.27119    A:0.32203    G:0.15254
Average         T:0.33333    C:0.22034    A:0.25989    G:0.18644

#35: Pronghorn      
position  1:    T:0.32203    C:0.16949    A:0.23729    G:0.27119
position  2:    T:0.44068    C:0.20339    A:0.20339    G:0.15254
position  3:    T:0.25424    C:0.27119    A:0.33898    G:0.13559
Average         T:0.33898    C:0.21469    A:0.25989    G:0.18644

#36: BlueWildebeest 
position  1:    T:0.30508    C:0.18644    A:0.23729    G:0.27119
position  2:    T:0.44068    C:0.20339    A:0.20339    G:0.15254
position  3:    T:0.25424    C:0.27119    A:0.32203    G:0.15254
Average         T:0.33333    C:0.22034    A:0.25424    G:0.19209

#37: Gemsbok        
position  1:    T:0.30508    C:0.18644    A:0.23729    G:0.27119
position  2:    T:0.44068    C:0.20339    A:0.20339    G:0.15254
position  3:    T:0.27119    C:0.25424    A:0.32203    G:0.15254
Average         T:0.33898    C:0.21469    A:0.25424    G:0.19209

#38: Yak            
position  1:    T:0.28814    C:0.18644    A:0.25424    G:0.27119
position  2:    T:0.44068    C:0.20339    A:0.20339    G:0.15254
position  3:    T:0.27119    C:0.27119    A:0.30508    G:0.15254
Average         T:0.33333    C:0.22034    A:0.25424    G:0.19209

#39: BlueSheep      
position  1:    T:0.30508    C:0.18644    A:0.23729    G:0.27119
position  2:    T:0.44068    C:0.20339    A:0.20339    G:0.15254
position  3:    T:0.25424    C:0.27119    A:0.32203    G:0.15254
Average         T:0.33333    C:0.22034    A:0.25424    G:0.19209

#40: BohorReedbuck  
position  1:    T:0.30508    C:0.18644    A:0.23729    G:0.27119
position  2:    T:0.44068    C:0.20339    A:0.20339    G:0.15254
position  3:    T:0.27119    C:0.25424    A:0.32203    G:0.15254
Average         T:0.33898    C:0.21469    A:0.25424    G:0.19209

#41: KirksDik       
position  1:    T:0.30508    C:0.18644    A:0.23729    G:0.27119
position  2:    T:0.44068    C:0.20339    A:0.20339    G:0.15254
position  3:    T:0.25424    C:0.27119    A:0.32203    G:0.15254
Average         T:0.33333    C:0.22034    A:0.25424    G:0.19209

#42: RoeDeer        
position  1:    T:0.32203    C:0.16949    A:0.23729    G:0.27119
position  2:    T:0.42373    C:0.22034    A:0.20339    G:0.15254
position  3:    T:0.25424    C:0.27119    A:0.32203    G:0.15254
Average         T:0.33333    C:0.22034    A:0.25424    G:0.19209

#43: WhiteLippedDeer
position  1:    T:0.32203    C:0.16949    A:0.22034    G:0.28814
position  2:    T:0.44068    C:0.20339    A:0.20339    G:0.15254
position  3:    T:0.25424    C:0.27119    A:0.32203    G:0.15254
Average         T:0.33898    C:0.21469    A:0.24859    G:0.19774

#44: ThomsonGazelle 
position  1:    T:0.30508    C:0.18644    A:0.23729    G:0.27119
position  2:    T:0.44068    C:0.20339    A:0.20339    G:0.15254
position  3:    T:0.27119    C:0.25424    A:0.32203    G:0.15254
Average         T:0.33898    C:0.21469    A:0.25424    G:0.19209

#45: MuntiacusCrinifrons
position  1:    T:0.32203    C:0.16949    A:0.23729    G:0.27119
position  2:    T:0.44068    C:0.20339    A:0.20339    G:0.15254
position  3:    T:0.25424    C:0.27119    A:0.32203    G:0.15254
Average         T:0.33898    C:0.21469    A:0.25424    G:0.19209

#46: WhiteTailedDeer
position  1:    T:0.32203    C:0.16949    A:0.23729    G:0.27119
position  2:    T:0.44068    C:0.20339    A:0.20339    G:0.15254
position  3:    T:0.25424    C:0.27119    A:0.32203    G:0.15254
Average         T:0.33898    C:0.21469    A:0.25424    G:0.19209

#47: Cattle         
position  1:    T:0.28814    C:0.18644    A:0.25424    G:0.27119
position  2:    T:0.44068    C:0.20339    A:0.20339    G:0.15254
position  3:    T:0.27119    C:0.27119    A:0.30508    G:0.15254
Average         T:0.33333    C:0.22034    A:0.25424    G:0.19209

#48: RoyalAntelope  
position  1:    T:0.28814    C:0.20339    A:0.23729    G:0.27119
position  2:    T:0.44068    C:0.20339    A:0.20339    G:0.15254
position  3:    T:0.25424    C:0.25424    A:0.33898    G:0.15254
Average         T:0.32768    C:0.22034    A:0.25989    G:0.19209

#49: Steenbok       
position  1:    T:0.30508    C:0.18644    A:0.23729    G:0.27119
position  2:    T:0.44068    C:0.20339    A:0.20339    G:0.15254
position  3:    T:0.25424    C:0.27119    A:0.32203    G:0.15254
Average         T:0.33333    C:0.22034    A:0.25424    G:0.19209

#50: Impala         
position  1:    T:0.32203    C:0.18644    A:0.22034    G:0.27119
position  2:    T:0.44068    C:0.20339    A:0.20339    G:0.15254
position  3:    T:0.27119    C:0.25424    A:0.32203    G:0.15254
Average         T:0.34463    C:0.21469    A:0.24859    G:0.19209

#51: Klipspringer   
position  1:    T:0.30508    C:0.18644    A:0.23729    G:0.27119
position  2:    T:0.44068    C:0.20339    A:0.20339    G:0.15254
