1
52 1
Argali 0.000000 0.364200 0.068600 0.318300 0.068100 0.000000 0.099400 0.082700 0.084800 0.102100 0.053600 0.097200 0.081300 0.068000 0.040900 0.054500 0.129100 0.082500 0.026700 0.070400 0.083500 0.040600 0.102100 0.146400 0.039900 0.087300 0.040800 0.084600 0.069600 0.040900 0.102100 0.083200 0.085800 0.054300 0.067900 0.112400 0.039700 0.085300 0.068000 0.102400 0.102100 0.071200 0.102100 0.188000 0.098600 0.084200 0.068900 0.070500 0.069300 0.116300 0.055300 0.055500
LesserMous 0.364200 0.000000 0.297100 0.254100 0.353800 0.364200 0.346100 0.359700 0.286000 0.316200 0.352100 0.335800 0.368700 0.375700 0.302700 0.319300 0.367000 0.356300 0.316800 0.268400 0.342900 0.338500 0.316200 0.372000 0.331900 0.298100 0.319500 0.285200 0.390300 0.301300 0.316200 0.361300 0.330900 0.336200 0.332900 0.316600 0.330200 0.329800 0.334900 0.318000 0.316200 0.309500 0.316200 0.419800 0.301000 0.285500 0.341400 0.329800 0.302100 0.330300 0.283100 0.284200
LesserKudu 0.068600 0.297100 0.000000 0.261800 0.067300 0.068600 0.083800 0.096500 0.040600 0.086000 0.067100 0.053700 0.080400 0.081500 0.054600 0.068100 0.112700 0.067600 0.040000 0.027000 0.097500 0.054000 0.086000 0.129400 0.053200 0.101700 0.040300 0.040400 0.113400 0.026500 0.086000 0.097000 0.070300 0.053700 0.081500 0.067800 0.052900 0.069900 0.081500 0.086300 0.086000 0.085400 0.086000 0.170500 0.054400 0.069000 0.082700 0.099700 0.054500 0.099900 0.013200 0.013400
KillerWhal 0.318300 0.254100 0.261800 0.000000 0.311600 0.318300 0.285800 0.297300 0.286400 0.256800 0.292900 0.315300 0.308100 0.330800 0.264000 0.279400 0.321600 0.314100 0.277500 0.269500 0.263700 0.297400 0.256800 0.306900 0.292100 0.295000 0.279700 0.285700 0.341800 0.263400 0.256800 0.317000 0.289000 0.295100 0.295100 0.315500 0.290800 0.287800 0.294500 0.258000 0.256800 0.309400 0.256800 0.351300 0.300400 0.230300 0.299700 0.327600 0.263900 0.309300 0.283600 0.283600
DefassaWat 0.068100 0.353800 0.067300 0.311600 0.000000 0.068100 0.097600 0.095900 0.083200 0.100300 0.066700 0.095500 0.065700 0.081000 0.054300 0.067600 0.126500 0.081000 0.039800 0.069100 0.097000 0.053700 0.100300 0.143500 0.052800 0.101200 0.026300 0.083000 0.112600 0.040200 0.100300 0.096400 0.084300 0.039400 0.081000 0.110100 0.052500 0.055100 0.081000 0.100600 0.100300 0.085000 0.100300 0.184200 0.096700 0.082700 0.082200 0.099100 0.068000 0.114200 0.054300 0.054400
Sheep 0.000000 0.364200 0.068600 0.318300 0.068100 0.000000 0.099400 0.082700 0.084800 0.102100 0.053600 0.097200 0.081300 0.068000 0.040900 0.054500 0.129100 0.082500 0.026700 0.070400 0.083500 0.040600 0.102100 0.146400 0.039900 0.087300 0.040800 0.084600 0.069600 0.040900 0.102100 0.083200 0.085800 0.054300 0.067900 0.112400 0.039700 0.085300 0.068000 0.102400 0.102100 0.071200 0.102100 0.188000 0.098600 0.084200 0.068900 0.070500 0.069300 0.116300 0.055300 0.055500
MaxwellsDu 0.099400 0.346100 0.083800 0.285800 0.097600 0.099400 0.000000 0.098500 0.100800 0.028600 0.097200 0.113300 0.111000 0.055500 0.055800 0.041100 0.115100 0.098100 0.069100 0.086200 0.099700 0.083900 0.028600 0.071600 0.082500 0.104300 0.069600 0.070700 0.085400 0.055500 0.028600 0.042100 0.072000 0.054700 0.112600 0.098600 0.082000 0.101700 0.083200 0.058300 0.028600 0.087500 0.028600 0.112800 0.084900 0.070600 0.084500 0.101900 0.055700 0.102400 0.070400 0.070600
GazellaPrz 0.082700 0.359700 0.096500 0.297300 0.095900 0.082700 0.098500 0.000000 0.113600 0.101100 0.053000 0.096000 0.080300 0.095600 0.040600 0.053900 0.097900 0.110600 0.053600 0.099100 0.054200 0.067900 0.101100 0.144800 0.066800 0.086400 0.068400 0.113400 0.098300 0.068500 0.101100 0.082400 0.085000 0.081900 0.067100 0.111200 0.066400 0.114400 0.067300 0.132400 0.101100 0.070500 0.101100 0.186000 0.097700 0.083500 0.068300 0.084700 0.068700 0.115200 0.083300 0.083600
MountainNy 0.084800 0.286000 0.040600 0.286400 0.083200 0.084800 0.100800 0.113600 0.000000 0.072800 0.082800 0.069100 0.096600 0.097900 0.070200 0.084100 0.130700 0.083600 0.054900 0.013700 0.114900 0.069500 0.072800 0.086100 0.040400 0.088600 0.055300 0.027300 0.131500 0.041000 0.072800 0.114300 0.087000 0.069000 0.098000 0.069600 0.068100 0.056800 0.097900 0.073100 0.072800 0.102800 0.072800 0.158700 0.055900 0.085400 0.099400 0.117500 0.041400 0.117900 0.027200 0.027600
MuntiacusM 0.102100 0.316200 0.086000 0.256800 0.100300 0.102100 0.028600 0.101100 0.072800 0.000000 0.099700 0.116300 0.113900 0.085400 0.057300 0.071300 0.118300 0.100600 0.070900 0.058200 0.102400 0.086100 0.000000 0.043500 0.084600 0.075600 0.071500 0.072700 0.118800 0.057100 0.000000 0.071700 0.074100 0.085500 0.115600 0.101300 0.084100 0.073600 0.085300 0.029400 0.000000 0.090000 0.000000 0.085100 0.087200 0.072500 0.086800 0.104800 0.057300 0.105500 0.072300 0.072600
goat 0.053600 0.352100 0.067100 0.292900 0.066700 0.053600 0.097200 0.053000 0.082800 0.099700 0.000000 0.066700 0.052200 0.066500 0.040000 0.053300 0.126000 0.080700 0.026100 0.068800 0.053500 0.039500 0.099700 0.142800 0.040800 0.085200 0.039900 0.082600 0.096900 0.040000 0.099700 0.081300 0.083800 0.053100 0.039100 0.109700 0.038800 0.083400 0.066400 0.100100 0.099700 0.069600 0.099700 0.168700 0.096300 0.082400 0.067400 0.083500 0.067700 0.113200 0.054000 0.054200
AfricanBuf 0.097200 0.335800 0.053700 0.315300 0.095500 0.097200 0.113300 0.096000 0.069100 0.116300 0.066700 0.000000 0.052500 0.110100 0.082900 0.096500 0.142800 0.095900 0.067500 0.055100 0.097100 0.082100 0.116300 0.160400 0.080700 0.132600 0.068100 0.068900 0.143600 0.054300 0.116300 0.126400 0.099800 0.081500 0.081100 0.067300 0.080400 0.099200 0.110100 0.116700 0.116300 0.115400 0.116300 0.201700 0.054000 0.097900 0.111300 0.129400 0.082800 0.130500 0.040600 0.040700
Topi 0.081300 0.368700 0.080400 0.308100 0.065700 0.081300 0.111000 0.080300 0.096600 0.113900 0.052200 0.052500 0.000000 0.094100 0.067400 0.080700 0.139900 0.094100 0.052800 0.082500 0.081200 0.066800 0.113900 0.156900 0.065700 0.114900 0.039300 0.096300 0.126000 0.053300 0.113900 0.109700 0.097700 0.052200 0.066000 0.094300 0.065400 0.097300 0.094000 0.114300 0.113900 0.098500 0.113900 0.197400 0.081100 0.096000 0.095400 0.112600 0.081200 0.127800 0.067500 0.067700
CommonDuik 0.068000 0.375700 0.081500 0.330800 0.081000 0.068000 0.055500 0.095600 0.097900 0.085400 0.066500 0.110100 0.094100 0.000000 0.054100 0.039900 0.142000 0.095400 0.039700 0.083600 0.096600 0.053600 0.085400 0.128500 0.052700 0.100700 0.053900 0.068700 0.082900 0.054000 0.085400 0.039900 0.099100 0.039800 0.080800 0.125100 0.052400 0.098500 0.080800 0.085700 0.085400 0.084600 0.085400 0.169400 0.111500 0.097300 0.082000 0.098800 0.082400 0.129500 0.068400 0.068600
Suni 0.040900 0.302700 0.054600 0.264000 0.054300 0.040900 0.055800 0.040600 0.070200 0.057300 0.040000 0.082900 0.067400 0.054100 0.000000 0.013300 0.084300 0.068400 0.013300 0.056100 0.040800 0.026900 0.057300 0.100300 0.026400 0.042600 0.027100 0.070100 0.055300 0.027100 0.057300 0.040800 0.042100 0.040500 0.054100 0.068800 0.026300 0.070800 0.026600 0.087400 0.057300 0.028000 0.057300 0.141300 0.055200 0.041300 0.027100 0.041900 0.027200 0.071300 0.041200 0.041400
Springbuck 0.054500 0.319300 0.068100 0.279400 0.067600 0.054500 0.041100 0.053900 0.084100 0.071300 0.053300 0.096500 0.080700 0.039900 0.013300 0.000000 0.098100 0.081900 0.026500 0.069900 0.054300 0.040200 0.071300 0.114300 0.039600 0.056600 0.040500 0.055100 0.040800 0.040600 0.071300 0.026700 0.055900 0.026500 0.067400 0.082400 0.039400 0.084700 0.039900 0.101600 0.071300 0.041800 0.071300 0.155200 0.068900 0.055000 0.040500 0.055800 0.040700 0.085300 0.054900 0.055000
Okapi 0.129100 0.367000 0.112700 0.321600 0.126500 0.129100 0.115100 0.097900 0.130700 0.118300 0.126000 0.142800 0.139900 0.142000 0.084300 0.098100 0.000000 0.095700 0.097500 0.115800 0.129200 0.112800 0.118300 0.163100 0.111000 0.134900 0.098200 0.130400 0.146100 0.084000 0.118300 0.128600 0.101400 0.112100 0.142000 0.127900 0.110300 0.131600 0.111900 0.150600 0.118300 0.117400 0.118300 0.204900 0.114100 0.099500 0.113600 0.132200 0.084200 0.099600 0.099400 0.099700
Giraffe 0.082500 0.356300 0.067600 0.314100 0.081000 0.082500 0.098100 0.110600 0.083600 0.100600 0.080700 0.095900 0.094100 0.095400 0.068400 0.081900 0.095700 0.000000 0.053500 0.069400 0.111900 0.067500 0.100600 0.144200 0.066600 0.116600 0.053900 0.083400 0.113200 0.040300 0.100600 0.111200 0.084600 0.067300 0.095400 0.110700 0.066300 0.084100 0.095400 0.101000 0.100600 0.099900 0.100600 0.185200 0.097200 0.083100 0.096800 0.114300 0.068300 0.083200 0.054500 0.054600
TibetanAnt 0.026700 0.316800 0.040000 0.277500 0.039800 0.026700 0.069100 0.053600 0.054900 0.070900 0.026100 0.067500 0.052800 0.039700 0.013300 0.026500 0.097500 0.053500 0.000000 0.041100 0.054200 0.013200 0.070900 0.113500 0.012900 0.056500 0.013200 0.054800 0.068800 0.013300 0.070900 0.053900 0.055600 0.026400 0.039700 0.081800 0.012900 0.055300 0.039600 0.071100 0.070900 0.041500 0.070900 0.154100 0.068400 0.054600 0.040200 0.055400 0.040500 0.084700 0.026900 0.027000
Sitatunga 0.070400 0.268400 0.027000 0.269500 0.069100 0.070400 0.086200 0.099100 0.013700 0.058200 0.068800 0.055100 0.082500 0.083600 0.056100 0.069900 0.115800 0.069400 0.041100 0.000000 0.100200 0.055500 0.058200 0.102000 0.054500 0.073700 0.041400 0.013600 0.116500 0.027300 0.058200 0.099700 0.072400 0.055100 0.083700 0.069600 0.054300 0.042500 0.083700 0.058400 0.058200 0.088000 0.058200 0.143700 0.055900 0.070900 0.085000 0.102600 0.056000 0.102900 0.013600 0.013800
Oribi 0.083500 0.342900 0.097500 0.263700 0.097000 0.083500 0.099700 0.054200 0.114900 0.102400 0.053500 0.097100 0.081200 0.096600 0.040800 0.054300 0.129200 0.111900 0.054200 0.100200 0.000000 0.068600 0.102400 0.146400 0.067400 0.087000 0.069100 0.114600 0.098700 0.069200 0.102400 0.083300 0.086000 0.082700 0.053900 0.112400 0.067100 0.115900 0.068000 0.134000 0.102400 0.071300 0.102400 0.187900 0.098700 0.055300 0.069100 0.070800 0.069400 0.101400 0.084200 0.084400
BarbaryShe 0.040600 0.338500 0.054000 0.297400 0.053700 0.040600 0.083900 0.067900 0.069500 0.086100 0.039500 0.082100 0.066800 0.053600 0.026900 0.040200 0.112800 0.067500 0.013200 0.055500 0.068600 0.000000 0.086100 0.129600 0.026100 0.071600 0.026800 0.069400 0.083700 0.026800 0.086100 0.068300 0.070400 0.040100 0.053300 0.096700 0.026100 0.070000 0.053500 0.086500 0.086100 0.056100 0.086100 0.170600 0.083200 0.069100 0.054300 0.070200 0.054600 0.099700 0.040800 0.041000
Daviddeer 0.102100 0.316200 0.086000 0.256800 0.100300 0.102100 0.028600 0.101100 0.072800 0.000000 0.099700 0.116300 0.113900 0.085400 0.057300 0.071300 0.118300 0.100600 0.070900 0.058200 0.102400 0.086100 0.000000 0.043500 0.084600 0.075600 0.071500 0.072700 0.118800 0.057100 0.000000 0.071700 0.074100 0.085500 0.115600 0.101300 0.084100 0.073600 0.085300 0.029800 0.000000 0.090000 0.000000 0.085100 0.087200 0.072500 0.086800 0.104800 0.057300 0.105500 0.072300 0.072600
Reindeer 0.146400 0.372000 0.129400 0.306900 0.143500 0.146400 0.071600 0.144800 0.086100 0.043500 0.142800 0.160400 0.156900 0.128500 0.100300 0.114300 0.163100 0.144200 0.113500 0.102000 0.146400 0.129600 0.043500 0.000000 0.097400 0.120800 0.114600 0.116700 0.163900 0.100000 0.043500 0.115100 0.118500 0.128600 0.159400 0.145100 0.126500 0.117800 0.128300 0.073700 0.043500 0.135000 0.043500 0.069000 0.131100 0.116200 0.130500 0.150300 0.070500 0.150700 0.116000 0.116400
Ibex 0.039900 0.331900 0.053200 0.292100 0.052800 0.039900 0.082500 0.066800 0.040400 0.084600 0.040800 0.080700 0.065700 0.052700 0.026400 0.039600 0.111000 0.066600 0.012900 0.054500 0.067400 0.026100 0.084600 0.097400 0.000000 0.070300 0.026400 0.068200 0.082300 0.026400 0.084600 0.067200 0.069200 0.039500 0.052500 0.095100 0.025700 0.068800 0.052700 0.084900 0.084600 0.055100 0.084600 0.167800 0.081800 0.068000 0.053400 0.069000 0.026400 0.098000 0.040200 0.040300
GyrantGaze 0.087300 0.298100 0.101700 0.295000 0.101200 0.087300 0.104300 0.086400 0.088600 0.075600 0.085200 0.132600 0.114900 0.100700 0.042600 0.056600 0.134900 0.116600 0.056500 0.073700 0.087000 0.071600 0.075600 0.120800 0.070300 0.000000 0.072200 0.088500 0.103200 0.072300 0.075600 0.087000 0.090100 0.086300 0.100800 0.117300 0.069900 0.089500 0.070800 0.107800 0.075600 0.014500 0.075600 0.163200 0.103100 0.088200 0.072100 0.089600 0.072500 0.122100 0.088000 0.088300
Hartebeest 0.040800 0.319500 0.040300 0.279700 0.026300 0.040800 0.069600 0.068400 0.055300 0.071500 0.039900 0.068100 0.039300 0.053900 0.027100 0.040500 0.098200 0.053900 0.013200 0.041400 0.069100 0.026800 0.071500 0.114600 0.026400 0.072200 0.000000 0.055200 0.084300 0.013400 0.071500 0.068800 0.056000 0.013100 0.053900 0.082500 0.026200 0.055800 0.053900 0.071700 0.071500 0.056500 0.071500 0.155600 0.069000 0.055100 0.054700 0.070700 0.040800 0.085400 0.027100 0.027200
Bongo 0.084600 0.285200 0.040400 0.285700 0.083000 0.084600 0.070700 0.113400 0.027300 0.072700 0.082600 0.068900 0.096300 0.068700 0.070100 0.055100 0.130400 0.083400 0.054800 0.013600 0.114600 0.069400 0.072700 0.116700 0.068200 0.088500 0.055200 0.000000 0.100400 0.040900 0.072700 0.084100 0.086800 0.040700 0.097700 0.083500 0.067800 0.056600 0.097800 0.073000 0.072700 0.102700 0.072700 0.158400 0.069800 0.085100 0.099200 0.117300 0.070000 0.117700 0.027200 0.027500
Gerenuk 0.069600 0.390300 0.113400 0.341800 0.112600 0.069600 0.085400 0.098300 0.131500 0.118800 0.096900 0.143600 0.126000 0.082900 0.055300 0.040800 0.146100 0.113200 0.068800 0.116500 0.098700 0.083700 0.118800 0.163900 0.082300 0.103200 0.084300 0.100400 0.000000 0.084400 0.118800 0.069500 0.101900 0.069000 0.112200 0.128600 0.081800 0.132400 0.082900 0.151200 0.118800 0.087000 0.118800 0.205900 0.114700 0.100100 0.084200 0.086100 0.084700 0.133200 0.100000 0.100300
CommonElan 0.040900 0.301300 0.026500 0.263400 0.040200 0.040900 0.055500 0.068500 0.041000 0.057100 0.040000 0.054300 0.053300 0.054000 0.027100 0.040600 0.084000 0.040300 0.013300 0.027300 0.069200 0.026800 0.057100 0.100000 0.026400 0.072300 0.013400 0.040900 0.084400 0.000000 0.057100 0.068900 0.041900 0.026700 0.054000 0.068500 0.026300 0.041700 0.054000 0.057300 0.057100 0.056600 0.057100 0.141000 0.055000 0.041200 0.054800 0.070700 0.027100 0.071000 0.013300 0.013500
MuntiacusR 0.102100 0.316200 0.086000 0.256800 0.100300 0.102100 0.028600 0.101100 0.072800 0.000000 0.099700 0.116300 0.113900 0.085400 0.057300 0.071300 0.118300 0.100600 0.070900 0.058200 0.102400 0.086100 0.000000 0.043500 0.084600 0.075600 0.071500 0.072700 0.118800 0.057100 0.000000 0.071700 0.074100 0.085500 0.115600 0.101300 0.084100 0.073600 0.085300 0.029400 0.000000 0.090000 0.000000 0.085100 0.087200 0.072500 0.086800 0.104800 0.057300 0.105500 0.072300 0.072600
HarveysDui 0.083200 0.361300 0.097000 0.317000 0.096400 0.083200 0.042100 0.082400 0.114300 0.071700 0.081300 0.126400 0.109700 0.039900 0.040800 0.026700 0.128600 0.111200 0.053900 0.099700 0.083300 0.068300 0.071700 0.115100 0.067200 0.087000 0.068800 0.084100 0.069500 0.068900 0.071700 0.000000 0.085600 0.054000 0.096100 0.111800 0.066800 0.115100 0.067700 0.102200 0.071700 0.071000 0.071700 0.156200 0.098200 0.083900 0.068700 0.085200 0.069100 0.115900 0.083800 0.084100
Pronghorn 0.085800 0.330900 0.070300 0.289000 0.084300 0.085800 0.072000 0.085000 0.087000 0.074100 0.083800 0.099800 0.097700 0.099100 0.042100 0.055900 0.101400 0.084600 0.055600 0.072400 0.086000 0.070400 0.074100 0.118500 0.069200 0.090100 0.056000 0.086800 0.101900 0.041900 0.074100 0.085600 0.000000 0.069800 0.099200 0.085100 0.068800 0.087800 0.069300 0.105700 0.074100 0.073400 0.074100 0.160400 0.071200 0.056800 0.070900 0.088000 0.042100 0.088500 0.056700 0.056900
BlueWildeb 0.054300 0.336200 0.053700 0.295100 0.039400 0.054300 0.054700 0.081900 0.069000 0.085500 0.053100 0.081500 0.052200 0.039800 0.040500 0.026500 0.112100 0.067300 0.026400 0.055100 0.082700 0.040100 0.085500 0.128600 0.039500 0.086300 0.013100 0.040700 0.069000 0.026700 0.085500 0.054000 0.069800 0.000000 0.067300 0.096000 0.039300 0.069500 0.067200 0.085800 0.085500 0.070500 0.085500 0.169500 0.082600 0.068700 0.068300 0.084700 0.054200 0.099400 0.040500 0.040700
Gemsbok 0.067900 0.332900 0.081500 0.295100 0.081000 0.067900 0.112600 0.067100 0.098000 0.115600 0.039100 0.081100 0.066000 0.080800 0.054100 0.067400 0.142000 0.095400 0.039700 0.083700 0.053900 0.053300 0.115600 0.159400 0.052500 0.100800 0.053900 0.097700 0.112200 0.054000 0.115600 0.096100 0.099200 0.067300 0.000000 0.125100 0.052400 0.098700 0.080800 0.116000 0.115600 0.080900 0.115600 0.200400 0.111500 0.082900 0.082000 0.098700 0.082400 0.098600 0.068400 0.068600
Yak 0.112400 0.316600 0.067800 0.315500 0.110100 0.112400 0.098600 0.111200 0.069600 0.101300 0.109700 0.067300 0.094300 0.125100 0.068800 0.082400 0.127900 0.110700 0.081800 0.069600 0.112400 0.096700 0.101300 0.145100 0.095100 0.117300 0.082500 0.083500 0.128600 0.068500 0.101300 0.111800 0.085100 0.096000 0.125100 0.000000 0.094700 0.114500 0.095900 0.132600 0.101300 0.100500 0.101300 0.186300 0.013300 0.083200 0.096900 0.114500 0.068700 0.115300 0.054600 0.054800
BlueSheep 0.039700 0.330200 0.052900 0.290800 0.052500 0.039700 0.082000 0.066400 0.068100 0.084100 0.038800 0.080400 0.065400 0.052400 0.026300 0.039400 0.110300 0.066300 0.012900 0.054300 0.067100 0.026100 0.084100 0.126500 0.025700 0.069900 0.026200 0.067800 0.081800 0.026300 0.084100 0.066800 0.068800 0.039300 0.052400 0.094700 0.000000 0.068400 0.052400 0.084400 0.084100 0.054800 0.084100 0.166700 0.081400 0.067600 0.053100 0.068500 0.053400 0.097800 0.040000 0.040100
BohorReedb 0.085300 0.329800 0.069900 0.287800 0.055100 0.085300 0.101700 0.114400 0.056800 0.073600 0.083400 0.099200 0.097300 0.098500 0.070800 0.084700 0.131600 0.084100 0.055300 0.042500 0.115900 0.070000 0.073600 0.117800 0.068800 0.089500 0.055800 0.056600 0.132400 0.041700 0.073600 0.115100 0.087800 0.069500 0.098700 0.114500 0.068400 0.000000 0.098600 0.073900 0.073600 0.103800 0.073600 0.159700 0.100600 0.086000 0.070300 0.118400 0.070700 0.119100 0.056400 0.056500
KirksDik 0.068000 0.334900 0.081500 0.294500 0.081000 0.068000 0.083200 0.067300 0.097900 0.085300 0.066400 0.110100 0.094000 0.080800 0.026600 0.039900 0.111900 0.095400 0.039600 0.083700 0.068000 0.053500 0.085300 0.128300 0.052700 0.070800 0.053900 0.097800 0.082900 0.054000 0.085300 0.067700 0.069300 0.067200 0.080800 0.095900 0.052400 0.098600 0.000000 0.115800 0.085300 0.055500 0.085300 0.138600 0.082500 0.068500 0.026500 0.069500 0.054100 0.099200 0.068400 0.068700
RoeDeer 0.102400 0.318000 0.086300 0.258000 0.100600 0.102400 0.058300 0.132400 0.073100 0.029400 0.100100 0.116700 0.114300 0.085700 0.087400 0.101600 0.150600 0.101000 0.071100 0.058400 0.134000 0.086500 0.029800 0.073700 0.084900 0.107800 0.071700 0.073000 0.151200 0.057300 0.029400 0.102200 0.105700 0.085800 0.116000 0.132600 0.084400 0.073900 0.115800 0.000000 0.029400 0.122200 0.029400 0.115400 0.118400 0.103400 0.117800 0.137400 0.087400 0.138200 0.072600 0.072800
WhiteLippe 0.102100 0.316200 0.086000 0.256800 0.100300 0.102100 0.028600 0.101100 0.072800 0.000000 0.099700 0.116300 0.113900 0.085400 0.057300 0.071300 0.118300 0.100600 0.070900 0.058200 0.102400 0.086100 0.000000 0.043500 0.084600 0.075600 0.071500 0.072700 0.118800 0.057100 0.000000 0.071700 0.074100 0.085500 0.115600 0.101300 0.084100 0.073600 0.085300 0.029400 0.000000 0.090000 0.000000 0.085100 0.087200 0.072500 0.086800 0.104800 0.057300 0.105500 0.072300 0.072600
ThomsonGaz 0.071200 0.309500 0.085400 0.309400 0.085000 0.071200 0.087500 0.070500 0.102800 0.090000 0.069600 0.115400 0.098500 0.084600 0.028000 0.041800 0.117400 0.099900 0.041500 0.088000 0.071300 0.056100 0.090000 0.135000 0.055100 0.014500 0.056500 0.102700 0.087000 0.056600 0.090000 0.071000 0.073400 0.070500 0.080900 0.100500 0.054800 0.103800 0.055500 0.122200 0.090000 0.000000 0.090000 0.177100 0.086600 0.071900 0.056500 0.073100 0.056800 0.101100 0.071800 0.072100
MuntiacusC 0.102100 0.316200 0.086000 0.256800 0.100300 0.102100 0.028600 0.101100 0.072800 0.000000 0.099700 0.116300 0.113900 0.085400 0.057300 0.071300 0.118300 0.100600 0.070900 0.058200 0.102400 0.086100 0.000000 0.043500 0.084600 0.075600 0.071500 0.072700 0.118800 0.057100 0.000000 0.071700 0.074100 0.085500 0.115600 0.101300 0.084100 0.073600 0.085300 0.029400 0.000000 0.090000 0.000000 0.085100 0.087200 0.072500 0.086800 0.104800 0.057300 0.105500 0.072300 0.072600
WhiteTaile 0.188000 0.419800 0.170500 0.351300 0.184200 0.188000 0.112800 0.186000 0.158700 0.085100 0.168700 0.201700 0.197400 0.169400 0.141300 0.155200 0.204900 0.185200 0.154100 0.143700 0.187900 0.170600 0.085100 0.069000 0.167800 0.163200 0.155600 0.158400 0.205900 0.141000 0.085100 0.156200 0.160400 0.169500 0.200400 0.186300 0.166700 0.159700 0.138600 0.115400 0.085100 0.177100 0.085100 0.000000 0.172400 0.157600 0.140700 0.192700 0.141400 0.192800 0.157500 0.157900
Cattle 0.098600 0.301000 0.054400 0.300400 0.096700 0.098600 0.084900 0.097700 0.055900 0.087200 0.096300 0.054000 0.081100 0.111500 0.055200 0.068900 0.114100 0.097200 0.068400 0.055900 0.098700 0.083200 0.087200 0.131100 0.081800 0.103100 0.069000 0.069800 0.114700 0.055000 0.087200 0.098200 0.071200 0.082600 0.111500 0.013300 0.081400 0.100600 0.082500 0.118400 0.087200 0.086600 0.087200 0.172400 0.000000 0.069500 0.083400 0.100500 0.055200 0.101300 0.041100 0.041300
RoyalAntel 0.084200 0.285500 0.069000 0.230300 0.082700 0.084200 0.070600 0.083500 0.085400 0.072500 0.082400 0.097900 0.096000 0.097300 0.041300 0.055000 0.099500 0.083100 0.054600 0.070900 0.055300 0.069100 0.072500 0.116200 0.068000 0.088200 0.055100 0.085100 0.100100 0.041200 0.072500 0.083900 0.056800 0.068700 0.082900 0.083200 0.067600 0.086000 0.068500 0.103400 0.072500 0.071900 0.072500 0.157600 0.069500 0.000000 0.069600 0.086200 0.041300 0.071700 0.055600 0.055800
Steenbok 0.068900 0.341400 0.082700 0.299700 0.082200 0.068900 0.084500 0.068300 0.099400 0.086800 0.067400 0.111300 0.095400 0.082000 0.027100 0.040500 0.113600 0.096800 0.040200 0.085000 0.069100 0.054300 0.086800 0.130500 0.053400 0.072100 0.054700 0.099200 0.084200 0.054800 0.086800 0.068700 0.070900 0.068300 0.082000 0.096900 0.053100 0.070300 0.026500 0.117800 0.086800 0.056500 0.086800 0.140700 0.083400 0.069600 0.000000 0.070300 0.055000 0.100900 0.069400 0.069600
Impala 0.070500 0.329800 0.099700 0.327600 0.099100 0.070500 0.101900 0.084700 0.117500 0.104800 0.083500 0.129400 0.112600 0.098800 0.041900 0.055800 0.132200 0.114300 0.055400 0.102600 0.070800 0.070200 0.104800 0.150300 0.069000 0.089600 0.070700 0.117300 0.086100 0.070700 0.104800 0.085200 0.088000 0.084700 0.098700 0.114500 0.068500 0.118400 0.069500 0.137400 0.104800 0.073100 0.104800 0.192700 0.100500 0.086200 0.070300 0.000000 0.071000 0.119300 0.086200 0.086500
Klipspring 0.069300 0.302100 0.054500 0.263900 0.068000 0.069300 0.055700 0.068700 0.041400 0.057300 0.067700 0.082800 0.081200 0.082400 0.027200 0.040700 0.084200 0.068300 0.040500 0.056000 0.069400 0.054600 0.057300 0.070500 0.026400 0.072500 0.040800 0.070000 0.084700 0.027100 0.057300 0.069100 0.042100 0.054200 0.082400 0.068700 0.053400 0.070700 0.054100 0.087400 0.057300 0.056800 0.057300 0.141400 0.055200 0.041300 0.055000 0.071000 0.000000 0.071200 0.041200 0.041300
ForestMusk 0.116300 0.330300 0.099900 0.309300 0.114200 0.116300 0.102400 0.115200 0.117900 0.105500 0.113200 0.130500 0.127800 0.129500 0.071300 0.085300 0.099600 0.083200 0.084700 0.102900 0.101400 0.099700 0.105500 0.150700 0.098000 0.122100 0.085400 0.117700 0.133200 0.071000 0.105500 0.115900 0.088500 0.099400 0.098600 0.115300 0.097800 0.119100 0.099200 0.138200 0.105500 0.101100 0.105500 0.192800 0.101300 0.071700 0.100900 0.119300 0.071200 0.000000 0.086400 0.086700
Bushbuck 0.055300 0.283100 0.013200 0.283600 0.054300 0.055300 0.070400 0.083300 0.027200 0.072300 0.054000 0.040600 0.067500 0.068400 0.041200 0.054900 0.099400 0.054500 0.026900 0.013600 0.084200 0.040800 0.072300 0.116000 0.040200 0.088000 0.027100 0.027200 0.100000 0.013300 0.072300 0.083800 0.056700 0.040500 0.068400 0.054600 0.040000 0.056400 0.068400 0.072600 0.072300 0.071800 0.072300 0.157500 0.041100 0.055600 0.069400 0.086200 0.041200 0.086400 0.000000 0.000100
GreaterKud 0.055500 0.284200 0.013400 0.283600 0.054400 0.055500 0.070600 0.083600 0.027600 0.072600 0.054200 0.040700 0.067700 0.068600 0.041400 0.055000 0.099700 0.054600 0.027000 0.013800 0.084400 0.041000 0.072600 0.116400 0.040300 0.088300 0.027200 0.027500 0.100300 0.013500 0.072600 0.084100 0.056900 0.040700 0.068600 0.054800 0.040100 0.056500 0.068700 0.072800 0.072600 0.072100 0.072600 0.157900 0.041300 0.055800 0.069600 0.086500 0.041300 0.086700 0.000100 0.000000
