CODONML (in paml version 4.10.7, June 2023)  /home/rachel/ruminants_paml/6406-phy-tree/ENSBTAT00000045018.fasta.phy
Model: free dN/dS Ratios for branches,  kappa = 2.000 fixed

Codon frequency model: F3x4
ns =  54  ls =  29

Codon usage in sequences
--------------------------------------------------------------------------------------------------------------------------------------
Phe TTT   0   0   0   0   0   0 | Ser TCT   0   1   1   0   0   2 | Tyr TAT   0   0   0   0   0   0 | Cys TGT   1   1   0   1   1   0
    TTC   0   0   0   0   0   0 |     TCC   1   1   1   1   2   0 |     TAC   0   0   0   0   0   0 |     TGC   0   0   1   0   0   1
Leu TTA   0   0   0   0   0   0 |     TCA   0   1   0   1   0   0 | *** TAA   0   0   0   0   0   0 | *** TGA   0   0   0   0   0   0
    TTG   0   0   0   0   0   0 |     TCG   0   0   0   0   0   0 |     TAG   0   0   0   0   0   0 | Trp TGG   1   1   1   1   1   1
--------------------------------------------------------------------------------------------------------------------------------------
Leu CTT   0   1   0   0   1   0 | Pro CCT   2   0   2   3   1   2 | His CAT   0   0   0   0   0   0 | Arg CGT   0   0   0   0   0   0
    CTC   0   0   0   0   0   0 |     CCC   1   1   0   0   0   0 |     CAC   0   0   0   0   0   0 |     CGC   0   0   0   0   0   0
    CTA   0   0   0   1   0   0 |     CCA   2   1   2   1   2   2 | Gln CAA   2   2   2   2   2   2 |     CGA   0   0   0   0   0   0
    CTG   0   0   0   0   0   0 |     CCG   0   1   0   0   0   1 |     CAG   2   2   2   2   2   2 |     CGG   0   0   0   0   0   0
--------------------------------------------------------------------------------------------------------------------------------------
Ile ATT   1   0   1   1   1   1 | Thr ACT   1   1   1   1   1   1 | Asn AAT   0   0   0   0   0   0 | Ser AGT   0   0   0   0   0   0
    ATC   0   1   0   0   0   0 |     ACC   0   0   0   0   1   1 |     AAC   2   2   1   2   1   1 |     AGC   0   0   0   0   0   0
    ATA   0   0   0   0   0   0 |     ACA   0   1   0   0   1   0 | Lys AAA   0   0   0   0   0   0 | Arg AGA   0   0   0   0   0   0
Met ATG   1   1   1   1   1   1 |     ACG   1   1   1   1   1   1 |     AAG   0   0   0   0   0   0 |     AGG   0   0   0   0   0   0
--------------------------------------------------------------------------------------------------------------------------------------
Val GTT   0   0   0   0   0   1 | Ala GCT   1   1   1   1   1   1 | Asp GAT   0   0   0   0   0   1 | Gly GGT   1   1   1   1   0   0
    GTC   2   2   2   2   2   2 |     GCC   0   0   0   0   0   0 |     GAC   1   1   1   1   1   0 |     GGC   1   1   2   1   1   2
    GTA   2   1   3   1   1   1 |     GCA   1   0   1   1   1   0 | Glu GAA   0   0   0   0   0   0 |     GGA   1   0   0   1   0   1
    GTG   1   2   1   1   2   1 |     GCG   0   0   0   0   0   0 |     GAG   0   0   0   0   0   0 |     GGG   0   0   0   0   1   0
--------------------------------------------------------------------------------------------------------------------------------------

--------------------------------------------------------------------------------------------------------------------------------------
Phe TTT   0   0   0   0   0   0 | Ser TCT   0   0   0   0   1   1 | Tyr TAT   0   0   0   0   0   0 | Cys TGT   0   0   0   1   0   0
    TTC   0   0   0   0   0   0 |     TCC   1   1   1   1   1   1 |     TAC   0   0   0   0   0   0 |     TGC   1   1   1   0   1   1
Leu TTA   0   0   0   0   0   0 |     TCA   0   0   0   0   0   0 | *** TAA   0   0   0   0   0   0 | *** TGA   0   0   0   0   0   0
    TTG   0   0   0   0   0   0 |     TCG   0   0   0   0   0   0 |     TAG   0   0   0   0   0   0 | Trp TGG   1   1   1   1   1   1
--------------------------------------------------------------------------------------------------------------------------------------
Leu CTT   0   0   0   0   0   0 | Pro CCT   3   2   2   3   2   1 | His CAT   0   0   0   0   0   0 | Arg CGT   0   0   0   0   0   0
    CTC   0   0   0   0   0   0 |     CCC   0   1   0   0   0   1 |     CAC   0   0   0   0   0   0 |     CGC   0   0   0   0   0   0
    CTA   0   0   0   0   0   0 |     CCA   2   1   2   2   1   2 | Gln CAA   1   2   1   2   2   2 |     CGA   0   0   0   0   0   0
    CTG   0   0   0   0   0   0 |     CCG   0   1   0   0   0   0 |     CAG   3   2   3   2   2   2 |     CGG   0   0   0   0   0   0
--------------------------------------------------------------------------------------------------------------------------------------
Ile ATT   1   1   1   1   1   1 | Thr ACT   1   1   2   1   1   1 | Asn AAT   0   0   0   0   0   0 | Ser AGT   0   0   0   0   0   0
    ATC   0   0   0   0   0   0 |     ACC   0   0   0   0   0   0 |     AAC   2   2   2   2   1   2 |     AGC   0   0   0   0   1   0
    ATA   0   0   0   0   0   0 |     ACA   0   1   0   0   0   0 | Lys AAA   0   0   0   0   0   0 | Arg AGA   0   0   0   0   0   0
Met ATG   1   1   1   1   1   1 |     ACG   1   0   1   1   1   1 |     AAG   0   0   0   0   0   0 |     AGG   0   0   0   0   0   0
--------------------------------------------------------------------------------------------------------------------------------------
Val GTT   0   0   0   0   0   1 | Ala GCT   1   1   1   1   1   1 | Asp GAT   0   0   0   0   0   0 | Gly GGT   1   1   1   1   1   1
    GTC   2   2   2   2   2   1 |     GCC   0   0   0   0   0   0 |     GAC   1   1   1   1   1   1 |     GGC   1   1   1   1   1   1
    GTA   1   2   2   1   3   1 |     GCA   2   1   1   2   2   2 | Glu GAA   0   0   0   0   0   0 |     GGA   1   1   1   1   0   1
    GTG   1   1   1   1   1   1 |     GCG   0   0   0   0   0   0 |     GAG   0   0   0   0   0   0 |     GGG   0   0   0   0   0   0
--------------------------------------------------------------------------------------------------------------------------------------

--------------------------------------------------------------------------------------------------------------------------------------
Phe TTT   0   0   0   0   0   0 | Ser TCT   0   1   0   0   0   0 | Tyr TAT   0   0   0   0   0   0 | Cys TGT   0   0   0   0   1   1
    TTC   0   0   0   0   0   0 |     TCC   1   1   1   1   1   1 |     TAC   0   0   0   0   0   0 |     TGC   1   1   1   1   0   0
Leu TTA   0   0   0   0   0   0 |     TCA   0   0   0   0   0   0 | *** TAA   0   0   0   0   0   0 | *** TGA   0   0   0   0   0   0
    TTG   0   0   0   0   0   0 |     TCG   0   0   0   0   0   0 |     TAG   0   0   0   0   0   0 | Trp TGG   1   1   1   1   1   1
--------------------------------------------------------------------------------------------------------------------------------------
Leu CTT   0   0   0   0   1   0 | Pro CCT   3   2   3   3   1   3 | His CAT   0   0   0   0   0   0 | Arg CGT   0   0   0   0   0   0
    CTC   0   0   0   0   0   0 |     CCC   0   0   0   0   0   0 |     CAC   0   0   0   0   1   0 |     CGC   0   0   0   0   0   0
    CTA   0   0   0   0   0   0 |     CCA   2   2   2   2   2   2 | Gln CAA   2   2   2   1   1   2 |     CGA   0   0   0   0   0   0
    CTG   0   0   0   0   0   0 |     CCG   0   0   0   0   0   0 |     CAG   2   2   2   3   3   2 |     CGG   0   0   0   0   0   0
--------------------------------------------------------------------------------------------------------------------------------------
Ile ATT   1   1   1   1   1   1 | Thr ACT   1   1   1   1   2   1 | Asn AAT   0   0   0   0   0   0 | Ser AGT   0   1   0   0   0   0
    ATC   0   0   0   0   0   0 |     ACC   0   0   0   0   0   0 |     AAC   2   1   2   2   1   2 |     AGC   0   1   0   0   0   0
    ATA   0   0   0   0   0   0 |     ACA   0   0   0   0   0   0 | Lys AAA   0   0   0   0   0   0 | Arg AGA   0   0   0   0   0   0
Met ATG   1   1   1   1   1   1 |     ACG   1   1   1   1   1   1 |     AAG   0   0   0   0   0   0 |     AGG   0   0   0   0   0   0
--------------------------------------------------------------------------------------------------------------------------------------
Val GTT   0   0   0   0   0   0 | Ala GCT   1   1   1   1   0   1 | Asp GAT   0   0   0   0   0   0 | Gly GGT   1   0   1   1   1   1
    GTC   2   2   2   2   2   2 |     GCC   0   0   0   0   0   0 |     GAC   1   1   1   1   1   1 |     GGC   1   1   1   1   1   1
    GTA   2   1   0   1   1   1 |     GCA   0   2   2   2   2   2 | Glu GAA   0   0   0   0   0   0 |     GGA   1   1   1   1   1   1
    GTG   1   1   2   1   1   1 |     GCG   1   0   0   0   1   0 |     GAG   0   0   0   0   0   0 |     GGG   0   0   0   0   0   0
--------------------------------------------------------------------------------------------------------------------------------------

--------------------------------------------------------------------------------------------------------------------------------------
Phe TTT   0   0   0   0   0   0 | Ser TCT   0   0   0   1   0   0 | Tyr TAT   0   0   0   0   0   0 | Cys TGT   0   0   1   0   1   0
    TTC   0   0   0   0   0   0 |     TCC   1   1   1   1   1   1 |     TAC   0   0   0   0   0   0 |     TGC   1   1   0   1   0   1
Leu TTA   0   0   0   0   0   0 |     TCA   0   0   0   0   0   0 | *** TAA   0   0   0   0   0   0 | *** TGA   0   0   0   0   0   0
    TTG   0   0   0   0   0   0 |     TCG   0   0   0   0   0   0 |     TAG   0   0   0   0   0   0 | Trp TGG   1   1   1   1   1   1
--------------------------------------------------------------------------------------------------------------------------------------
Leu CTT   1   1   0   0   0   0 | Pro CCT   2   2   2   2   3   3 | His CAT   0   0   0   0   0   0 | Arg CGT   0   0   0   0   0   0
    CTC   0   0   0   0   0   0 |     CCC   0   0   1   0   0   0 |     CAC   1   1   0   0   0   0 |     CGC   0   0   0   0   0   0
    CTA   0   0   0   0   0   0 |     CCA   1   1   2   1   2   2 | Gln CAA   2   2   2   2   2   2 |     CGA   0   0   0   0   0   0
    CTG   0   0   0   0   0   0 |     CCG   1   1   0   0   0   0 |     CAG   1   1   2   2   2   2 |     CGG   0   0   0   0   0   0
--------------------------------------------------------------------------------------------------------------------------------------
Ile ATT   0   0   1   1   1   1 | Thr ACT   1   1   1   1   1   1 | Asn AAT   0   0   0   0   0   0 | Ser AGT   0   0   0   0   0   0
    ATC   0   0   0   0   0   0 |     ACC   0   0   0   0   0   0 |     AAC   2   2   2   1   2   2 |     AGC   0   0   0   1   0   0
    ATA   0   0   0   0   0   0 |     ACA   0   0   0   0   0   0 | Lys AAA   0   0   0   0   0   0 | Arg AGA   0   0   0   0   0   0
Met ATG   1   1   1   1   1   1 |     ACG   1   1   1   1   1   1 |     AAG   0   0   0   0   0   0 |     AGG   0   0   0   0   0   0
--------------------------------------------------------------------------------------------------------------------------------------
Val GTT   1   1   0   0   0   0 | Ala GCT   1   1   1   1   1   1 | Asp GAT   0   0   0   0   0   0 | Gly GGT   1   1   0   1   1   1
    GTC   2   2   2   2   2   2 |     GCC   0   0   0   0   0   0 |     GAC   1   1   1   1   1   1 |     GGC   1   1   1   1   1   1
    GTA   1   1   2   3   2   2 |     GCA   2   2   1   2   1   1 | Glu GAA   0   0   0   0   0   0 |     GGA   1   1   2   0   1   1
    GTG   1   1   1   1   1   1 |     GCG   0   0   0   0   0   0 |     GAG   0   0   0   0   0   0 |     GGG   0   0   0   0   0   0
--------------------------------------------------------------------------------------------------------------------------------------

--------------------------------------------------------------------------------------------------------------------------------------
Phe TTT   0   0   0   0   0   0 | Ser TCT   1   1   0   0   0   1 | Tyr TAT   0   0   0   0   0   0 | Cys TGT   0   0   0   1   0   0
    TTC   0   0   0   0   0   0 |     TCC   1   1   1   1   1   1 |     TAC   0   0   0   0   0   0 |     TGC   1   1   1   0   1   1
Leu TTA   0   0   0   0   0   0 |     TCA   0   0   0   0   0   0 | *** TAA   0   0   0   0   0   0 | *** TGA   0   0   0   0   0   0
    TTG   0   0   0   0   0   0 |     TCG   0   0   0   0   0   0 |     TAG   0   0   0   0   0   0 | Trp TGG   1   1   1   1   1   1
--------------------------------------------------------------------------------------------------------------------------------------
Leu CTT   0   0   0   0   0   0 | Pro CCT   1   2   3   3   3   2 | His CAT   0   0   0   0   0   0 | Arg CGT   0   0   0   0   0   0
    CTC   0   0   0   0   0   0 |     CCC   1   0   0   0   0   0 |     CAC   0   0   0   0   0   0 |     CGC   0   0   0   0   0   0
    CTA   0   0   0   0   0   0 |     CCA   2   2   2   2   2   1 | Gln CAA   2   2   2   2   2   2 |     CGA   0   0   0   0   0   0
    CTG   0   0   0   0   0   0 |     CCG   0   0   0   0   0   0 |     CAG   2   2   2   2   2   2 |     CGG   0   0   0   0   0   0
--------------------------------------------------------------------------------------------------------------------------------------
Ile ATT   1   1   1   1   1   1 | Thr ACT   1   1   1   1   1   1 | Asn AAT   0   0   0   0   0   0 | Ser AGT   0   0   0   0   0   0
    ATC   0   0   0   0   0   0 |     ACC   0   0   0   0   0   0 |     AAC   2   2   2   2   2   1 |     AGC   0   0   0   0   0   1
    ATA   0   0   0   0   0   0 |     ACA   0   0   0   0   0   0 | Lys AAA   0   0   0   0   0   0 | Arg AGA   0   0   0   0   0   0
Met ATG   1   1   1   1   1   1 |     ACG   1   1   1   1   1   1 |     AAG   0   0   0   0   0   0 |     AGG   0   0   0   0   0   0
--------------------------------------------------------------------------------------------------------------------------------------
Val GTT   0   1   0   0   0   0 | Ala GCT   1   1   1   1   1   1 | Asp GAT   0   0   0   0   0   0 | Gly GGT   1   1   1   1   1   1
    GTC   2   1   2   2   2   2 |     GCC   0   0   0   0   0   0 |     GAC   1   1   1   1   1   1 |     GGC   1   1   1   1   1   1
    GTA   1   2   2   1   1   3 |     GCA   2   1   0   2   2   2 | Glu GAA   0   0   0   0   0   0 |     GGA   1   1   1   1   1   0
    GTG   1   1   1   1   1   1 |     GCG   0   0   1   0   0   0 |     GAG   0   0   0   0   0   0 |     GGG   0   0   0   0   0   0
--------------------------------------------------------------------------------------------------------------------------------------

--------------------------------------------------------------------------------------------------------------------------------------
Phe TTT   0   0   0   0   0   0 | Ser TCT   0   1   1   0   0   0 | Tyr TAT   0   0   0   0   0   0 | Cys TGT   1   0   0   0   0   0
    TTC   0   0   0   0   0   0 |     TCC   1   1   1   1   1   1 |     TAC   0   0   0   0   0   0 |     TGC   0   1   1   1   1   1
Leu TTA   0   0   0   0   0   0 |     TCA   0   0   0   0   0   0 | *** TAA   0   0   0   0   0   0 | *** TGA   0   0   0   0   0   0
    TTG   0   0   0   0   0   0 |     TCG   0   0   0   0   0   0 |     TAG   0   0   0   0   0   0 | Trp TGG   1   1   1   1   1   1
--------------------------------------------------------------------------------------------------------------------------------------
Leu CTT   0   0   0   0   0   0 | Pro CCT   3   2   1   3   3   3 | His CAT   0   0   0   0   0   0 | Arg CGT   0   0   0   0   0   0
    CTC   0   0   0   0   0   0 |     CCC   0   0   1   1   0   0 |     CAC   0   0   0   0   0   0 |     CGC   0   0   0   0   0   0
    CTA   0   0   0   0   0   0 |     CCA   2   2   2   1   2   2 | Gln CAA   2   2   2   1   2   2 |     CGA   0   0   0   0   0   0
    CTG   0   0   0   0   0   0 |     CCG   0   0   0   0   0   0 |     CAG   2   2   2   3   2   2 |     CGG   0   0   0   0   0   0
--------------------------------------------------------------------------------------------------------------------------------------
Ile ATT   1   1   1   1   1   1 | Thr ACT   1   1   1   1   1   1 | Asn AAT   0   0   0   0   0   0 | Ser AGT   0   0   0   0   0   0
    ATC   0   0   0   0   0   0 |     ACC   0   0   0   0   0   0 |     AAC   2   1   2   2   2   2 |     AGC   0   1   0   0   0   0
    ATA   0   0   0   0   0   0 |     ACA   0   0   0   0   0   0 | Lys AAA   0   0   0   0   0   0 | Arg AGA   0   0   0   0   0   0
Met ATG   1   1   1   1   1   1 |     ACG   1   1   1   1   1   1 |     AAG   0   0   0   0   0   0 |     AGG   0   0   0   0   0   0
--------------------------------------------------------------------------------------------------------------------------------------
Val GTT   0   0   1   0   0   0 | Ala GCT   1   0   1   1   1   1 | Asp GAT   0   0   0   0   0   0 | Gly GGT   1   1   1   1   1   1
    GTC   2   2   1   2   2   2 |     GCC   0   0   0   0   0   0 |     GAC   1   1   1   1   1   1 |     GGC   1   1   1   1   0   1
    GTA   1   3   1   1   1   1 |     GCA   2   1   2   1   2   2 | Glu GAA   0   0   0   0   0   0 |     GGA   1   0   1   1   2   1
    GTG   1   1   1   1   1   1 |     GCG   0   1   0   1   0   0 |     GAG   0   0   0   0   0   0 |     GGG   0   0   0   0   0   0
--------------------------------------------------------------------------------------------------------------------------------------

--------------------------------------------------------------------------------------------------------------------------------------
Phe TTT   0   0   0   0   0   0 | Ser TCT   0   1   0   0   0   1 | Tyr TAT   0   0   0   0   0   0 | Cys TGT   0   0   0   0   0   0
    TTC   0   0   0   0   0   0 |     TCC   1   1   1   1   1   1 |     TAC   0   0   0   0   0   0 |     TGC   1   1   1   1   1   1
Leu TTA   0   0   0   0   0   0 |     TCA   0   0   0   0   0   0 | *** TAA   0   0   0   0   0   0 | *** TGA   0   0   0   0   0   0
    TTG   0   0   0   0   0   0 |     TCG   0   0   0   0   1   0 |     TAG   0   0   0   0   0   0 | Trp TGG   1   1   1   1   1   1
--------------------------------------------------------------------------------------------------------------------------------------
Leu CTT   0   0   0   0   0   0 | Pro CCT   2   2   3   3   3   1 | His CAT   0   0   0   0   0   0 | Arg CGT   0   0   0   0   0   0
    CTC   0   0   0   0   0   0 |     CCC   0   0   0   0   0   1 |     CAC   0   0   0   0   0   0 |     CGC   0   0   0   0   0   0
    CTA   0   0   0   0   0   0 |     CCA   2   2   2   2   2   2 | Gln CAA   2   1   2   2   2   2 |     CGA   0   0   0   0   0   0
    CTG   0   0   0   0   0   0 |     CCG   0   0   0   0   0   0 |     CAG   2   3   2   2   2   2 |     CGG   0   0   0   0   0   0
--------------------------------------------------------------------------------------------------------------------------------------
Ile ATT   1   1   1   1   1   1 | Thr ACT   1   0   1   1   1   1 | Asn AAT   0   0   0   0   0   0 | Ser AGT   0   0   0   0   0   0
    ATC   0   0   0   0   0   0 |     ACC   0   1   0   0   0   0 |     AAC   2   2   1   2   2   2 |     AGC   0   0   1   0   0   0
    ATA   0   0   0   0   0   0 |     ACA   0   0   0   0   0   0 | Lys AAA   0   0   0   0   0   0 | Arg AGA   0   0   0   0   0   0
Met ATG   1   1   1   1   1   1 |     ACG   1   1   1   1   1   1 |     AAG   0   0   0   0   0   0 |     AGG   0   0   0   0   0   0
--------------------------------------------------------------------------------------------------------------------------------------
Val GTT   0   0   0   0   0   0 | Ala GCT   2   1   1   1   1   1 | Asp GAT   0   0   0   0   0   0 | Gly GGT   1   1   1   1   1   1
    GTC   2   2   2   2   2   2 |     GCC   0   0   0   0   0   0 |     GAC   1   1   1   1   1   1 |     GGC   1   1   1   1   1   1
    GTA   1   1   2   1   1   1 |     GCA   2   2   0   2   1   2 | Glu GAA   0   0   0   0   0   0 |     GGA   1   1   1   1   1   1
    GTG   1   1   1   1   1   1 |     GCG   0   0   1   0   0   0 |     GAG   0   0   0   0   0   0 |     GGG   0   0   0   0   0   0
--------------------------------------------------------------------------------------------------------------------------------------

--------------------------------------------------------------------------------------------------------------------------------------
Phe TTT   0   0   0   0   0   0 | Ser TCT   1   0   1   1   1   0 | Tyr TAT   0   0   0   0   0   0 | Cys TGT   1   1   0   0   0   0
    TTC   0   0   0   0   0   0 |     TCC   1   1   1   1   1   1 |     TAC   0   0   0   0   0   0 |     TGC   0   0   1   1   1   1
Leu TTA   0   0   0   0   0   0 |     TCA   0   0   0   0   0   0 | *** TAA   0   0   0   0   0   0 | *** TGA   0   0   0   0   0   0
    TTG   0   0   0   0   0   0 |     TCG   0   0   0   0   0   0 |     TAG   0   0   0   0   0   0 | Trp TGG   1   1   1   1   1   1
--------------------------------------------------------------------------------------------------------------------------------------
Leu CTT   0   0   0   0   0   0 | Pro CCT   1   3   1   1   2   3 | His CAT   0   0   0   0   0   0 | Arg CGT   0   0   0   0   0   0
    CTC   0   0   0   0   0   0 |     CCC   1   0   1   1   0   0 |     CAC   0   0   0   0   0   0 |     CGC   0   0   0   0   0   0
    CTA   0   0   0   0   0   0 |     CCA   2   2   2   2   2   2 | Gln CAA   2   2   2   2   1   2 |     CGA   0   0   0   0   0   0
    CTG   0   0   0   0   0   0 |     CCG   0   0   0   0   0   0 |     CAG   2   2   2   2   3   2 |     CGG   0   0   0   0   0   0
--------------------------------------------------------------------------------------------------------------------------------------
Ile ATT   1   1   0   1   1   1 | Thr ACT   1   1   1   1   1   1 | Asn AAT   0   0   0   0   0   0 | Ser AGT   0   0   0   0   0   0
    ATC   0   0   1   0   0   0 |     ACC   0   0   0   0   0   0 |     AAC   2   2   2   2   2   2 |     AGC   0   0   0   0   0   0
    ATA   0   0   0   0   0   0 |     ACA   0   0   0   0   0   0 | Lys AAA   0   0   0   0   0   0 | Arg AGA   0   0   0   0   0   0
Met ATG   1   1   1   1   1   1 |     ACG   1   1   1   1   1   1 |     AAG   0   0   0   0   0   0 |     AGG   0   0   0   0   0   0
--------------------------------------------------------------------------------------------------------------------------------------
Val GTT   0   0   0   0   0   0 | Ala GCT   1   1   1   1   1   1 | Asp GAT   0   0   0   0   0   0 | Gly GGT   1   1   1   1   1   1
    GTC   2   2   2   2   2   2 |     GCC   0   0   0   0   0   1 |     GAC   1   1   1   1   1   1 |     GGC   1   1   1   1   1   1
    GTA   1   1   1   1   1   1 |     GCA   2   2   2   2   2   1 | Glu GAA   0   0   0   0   0   0 |     GGA   1   1   1   1   1   1
    GTG   1   1   1   1   1   1 |     GCG   0   0   0   0   0   0 |     GAG   0   0   0   0   0   0 |     GGG   0   0   0   0   0   0
--------------------------------------------------------------------------------------------------------------------------------------

--------------------------------------------------------------------------------------------------------------------------------------
Phe TTT   0   0   0   0   0   0 | Ser TCT   0   0   0   0   1   1 | Tyr TAT   0   0   0   0   0   0 | Cys TGT   0   0   0   0   0   0
    TTC   0   0   0   0   0   0 |     TCC   1   1   1   1   1   1 |     TAC   0   0   0   0   0   0 |     TGC   1   1   1   1   1   1
Leu TTA   0   0   0   0   0   0 |     TCA   0   0   0   1   0   0 | *** TAA   0   0   0   0   0   0 | *** TGA   0   0   0   0   0   0
    TTG   0   0   0   0   0   0 |     TCG   0   0   0   0   0   0 |     TAG   0   0   0   0   0   0 | Trp TGG   1   1   1   1   1   1
--------------------------------------------------------------------------------------------------------------------------------------
Leu CTT   0   0   0   0   0   0 | Pro CCT   3   3   3   3   2   2 | His CAT   0   0   0   0   0   0 | Arg CGT   0   0   0   0   0   0
    CTC   0   0   0   0   0   0 |     CCC   0   0   0   0   0   0 |     CAC   0   0   0   0   0   0 |     CGC   0   0   0   0   0   0
    CTA   0   0   0   1   0   0 |     CCA   2   2   2   1   1   2 | Gln CAA   2   2   2   2   2   2 |     CGA   0   0   0   0   0   0
    CTG   0   0   0   0   0   0 |     CCG   0   0   0   0   0   0 |     CAG   2   2   2   2   2   2 |     CGG   0   0   0   0   0   0
--------------------------------------------------------------------------------------------------------------------------------------
Ile ATT   1   1   1   1   1   1 | Thr ACT   1   1   1   1   1   1 | Asn AAT   0   0   0   0   0   0 | Ser AGT   0   0   0   0   0   0
    ATC   0   0   0   0   0   0 |     ACC   0   0   0   0   0   0 |     AAC   2   2   2   2   1   1 |     AGC   0   0   0   0   1   1
    ATA   0   0   0   0   0   0 |     ACA   0   0   0   0   0   0 | Lys AAA   0   0   0   0   0   0 | Arg AGA   0   0   0   0   0   0
Met ATG   1   1   1   1   1   1 |     ACG   1   1   1   1   1   1 |     AAG   0   0   0   0   0   0 |     AGG   0   0   0   0   0   0
--------------------------------------------------------------------------------------------------------------------------------------
Val GTT   0   0   0   0   0   0 | Ala GCT   1   1   1   1   1   1 | Asp GAT   0   0   1   0   0   0 | Gly GGT   1   1   1   1   1   1
    GTC   2   2   2   2   2   2 |     GCC   0   0   0   0   0   0 |     GAC   1   1   0   1   1   1 |     GGC   1   1   1   1   1   1
    GTA   1   1   1   1   3   3 |     GCA   2   2   2   1   2   1 | Glu GAA   0   0   0   0   0   0 |     GGA   1   1   1   1   0   0
    GTG   1   1   1   1   1   1 |     GCG   0   0   0   0   0   0 |     GAG   0   0   0   0   0   0 |     GGG   0   0   0   0   0   0
--------------------------------------------------------------------------------------------------------------------------------------

Codon position x base (3x4) table for each sequence.

#1: Argali         
position  1:    T:0.10345    C:0.31034    A:0.20690    G:0.37931
position  2:    T:0.24138    C:0.34483    A:0.24138    G:0.17241
position  3:    T:0.24138    C:0.27586    A:0.27586    G:0.20690
Average         T:0.19540    C:0.31034    A:0.24138    G:0.25287

#2: LesserMouseDeer
position  1:    T:0.17241    C:0.27586    A:0.24138    G:0.31034
position  2:    T:0.27586    C:0.34483    A:0.24138    G:0.13793
position  3:    T:0.20690    C:0.31034    A:0.20690    G:0.27586
Average         T:0.21839    C:0.31034    A:0.22989    G:0.24138

#3: LesserKudu     
position  1:    T:0.13793    C:0.27586    A:0.17241    G:0.41379
position  2:    T:0.27586    C:0.34483    A:0.20690    G:0.17241
position  3:    T:0.24138    C:0.27586    A:0.27586    G:0.20690
Average         T:0.21839    C:0.29885    A:0.21839    G:0.26437

#4: ForestMuskDeer2
position  1:    T:0.13793    C:0.31034    A:0.20690    G:0.34483
position  2:    T:0.24138    C:0.34483    A:0.24138    G:0.17241
position  3:    T:0.27586    C:0.24138    A:0.27586    G:0.20690
Average         T:0.21839    C:0.29885    A:0.24138    G:0.24138

#5: Camel          
position  1:    T:0.13793    C:0.27586    A:0.24138    G:0.34483
position  2:    T:0.27586    C:0.37931    A:0.20690    G:0.13793
position  3:    T:0.20690    C:0.27586    A:0.24138    G:0.27586
Average         T:0.20690    C:0.31034    A:0.22989    G:0.25287

#6: KillerWhale    
position  1:    T:0.13793    C:0.31034    A:0.20690    G:0.34483
position  2:    T:0.24138    C:0.37931    A:0.20690    G:0.17241
position  3:    T:0.31034    C:0.24138    A:0.20690    G:0.24138
Average         T:0.22989    C:0.31034    A:0.20690    G:0.25287

#7: DefassaWaterbuck
position  1:    T:0.10345    C:0.31034    A:0.20690    G:0.37931
position  2:    T:0.20690    C:0.37931    A:0.24138    G:0.17241
position  3:    T:0.24138    C:0.27586    A:0.24138    G:0.24138
Average         T:0.18391    C:0.32184    A:0.22989    G:0.26437

#8: Sheep          
position  1:    T:0.10345    C:0.31034    A:0.20690    G:0.37931
position  2:    T:0.24138    C:0.34483    A:0.24138    G:0.17241
position  3:    T:0.20690    C:0.31034    A:0.27586    G:0.20690
Average         T:0.18391    C:0.32184    A:0.24138    G:0.25287

#9: MaxwellsDuiker 
position  1:    T:0.10345    C:0.27586    A:0.24138    G:0.37931
position  2:    T:0.24138    C:0.34483    A:0.24138    G:0.17241
position  3:    T:0.24138    C:0.27586    A:0.24138    G:0.24138
Average         T:0.19540    C:0.29885    A:0.24138    G:0.26437

#10: GazellaPrzewalskyi
position  1:    T:0.10345    C:0.31034    A:0.20690    G:0.37931
position  2:    T:0.20690    C:0.37931    A:0.24138    G:0.17241
position  3:    T:0.27586    C:0.24138    A:0.27586    G:0.20690
Average         T:0.19540    C:0.31034    A:0.24138    G:0.25287

#11: MountainNyala  
position  1:    T:0.13793    C:0.24138    A:0.20690    G:0.41379
position  2:    T:0.27586    C:0.34483    A:0.20690    G:0.17241
position  3:    T:0.24138    C:0.27586    A:0.27586    G:0.20690
Average         T:0.21839    C:0.28736    A:0.22989    G:0.26437

#12: MuntiacusMuntjak
position  1:    T:0.13793    C:0.27586    A:0.20690    G:0.37931
position  2:    T:0.20690    C:0.37931    A:0.24138    G:0.17241
position  3:    T:0.24138    C:0.27586    A:0.27586    G:0.20690
Average         T:0.19540    C:0.31034    A:0.24138    G:0.25287

#13: goat           
position  1:    T:0.10345    C:0.31034    A:0.20690    G:0.37931
position  2:    T:0.24138    C:0.34483    A:0.24138    G:0.17241
position  3:    T:0.24138    C:0.27586    A:0.24138    G:0.24138
Average         T:0.19540    C:0.31034    A:0.22989    G:0.26437

#14: AfricanBuffalo 
position  1:    T:0.13793    C:0.27586    A:0.24138    G:0.34483
position  2:    T:0.20690    C:0.37931    A:0.20690    G:0.20690
position  3:    T:0.24138    C:0.27586    A:0.27586    G:0.20690
Average         T:0.19540    C:0.31034    A:0.24138    G:0.25287

#15: Topi           
position  1:    T:0.10345    C:0.31034    A:0.20690    G:0.37931
position  2:    T:0.20690    C:0.37931    A:0.24138    G:0.17241
position  3:    T:0.24138    C:0.27586    A:0.24138    G:0.24138
Average         T:0.18391    C:0.32184    A:0.22989    G:0.26437

#16: CommonDuiker   
position  1:    T:0.10345    C:0.31034    A:0.20690    G:0.37931
position  2:    T:0.20690    C:0.37931    A:0.24138    G:0.17241
position  3:    T:0.24138    C:0.27586    A:0.24138    G:0.24138
Average         T:0.18391    C:0.32184    A:0.22989    G:0.26437

#17: Suni           
position  1:    T:0.10345    C:0.31034    A:0.20690    G:0.37931
position  2:    T:0.24138    C:0.34483    A:0.24138    G:0.17241
position  3:    T:0.24138    C:0.24138    A:0.24138    G:0.27586
Average         T:0.19540    C:0.29885    A:0.22989    G:0.27586

#18: Springbuck     
position  1:    T:0.10345    C:0.31034    A:0.20690    G:0.37931
position  2:    T:0.20690    C:0.37931    A:0.24138    G:0.17241
position  3:    T:0.27586    C:0.24138    A:0.27586    G:0.20690
Average         T:0.19540    C:0.31034    A:0.24138    G:0.25287

#19: Okapi          
position  1:    T:0.10345    C:0.31034    A:0.17241    G:0.41379
position  2:    T:0.24138    C:0.34483    A:0.24138    G:0.17241
position  3:    T:0.24138    C:0.31034    A:0.24138    G:0.20690
Average         T:0.19540    C:0.32184    A:0.21839    G:0.26437

#20: Giraffe        
position  1:    T:0.10345    C:0.31034    A:0.17241    G:0.41379
position  2:    T:0.24138    C:0.34483    A:0.24138    G:0.17241
position  3:    T:0.24138    C:0.31034    A:0.24138    G:0.20690
Average         T:0.19540    C:0.32184    A:0.21839    G:0.26437

#21: TibetanAntelope
position  1:    T:0.10345    C:0.31034    A:0.20690    G:0.37931
position  2:    T:0.24138    C:0.34483    A:0.24138    G:0.17241
position  3:    T:0.20690    C:0.27586    A:0.31034    G:0.20690
Average         T:0.18391    C:0.31034    A:0.25287    G:0.25287

#22: Sitatunga      
position  1:    T:0.13793    C:0.24138    A:0.20690    G:0.41379
position  2:    T:0.27586    C:0.34483    A:0.20690    G:0.17241
position  3:    T:0.24138    C:0.27586    A:0.27586    G:0.20690
Average         T:0.21839    C:0.28736    A:0.22989    G:0.26437

#23: Oribi          
position  1:    T:0.10345    C:0.31034    A:0.20690    G:0.37931
position  2:    T:0.24138    C:0.34483    A:0.24138    G:0.17241
position  3:    T:0.27586    C:0.24138    A:0.27586    G:0.20690
Average         T:0.20690    C:0.29885    A:0.24138    G:0.25287

#24: BarbarySheep   
position  1:    T:0.10345    C:0.31034    A:0.20690    G:0.37931
position  2:    T:0.24138    C:0.34483    A:0.24138    G:0.17241
position  3:    T:0.24138    C:0.27586    A:0.27586    G:0.20690
Average         T:0.19540    C:0.31034    A:0.24138    G:0.25287

#25: Daviddeer      
position  1:    T:0.13793    C:0.27586    A:0.20690    G:0.37931
position  2:    T:0.20690    C:0.37931    A:0.24138    G:0.17241
position  3:    T:0.20690    C:0.31034    A:0.27586    G:0.20690
Average         T:0.18391    C:0.32184    A:0.24138    G:0.25287

#26: Reindeer       
position  1:    T:0.13793    C:0.27586    A:0.20690    G:0.37931
position  2:    T:0.24138    C:0.34483    A:0.24138    G:0.17241
position  3:    T:0.27586    C:0.24138    A:0.27586    G:0.20690
Average         T:0.21839    C:0.28736    A:0.24138    G:0.25287

#27: Ibex           
position  1:    T:0.10345    C:0.31034    A:0.20690    G:0.37931
position  2:    T:0.24138    C:0.34483    A:0.24138    G:0.17241
position  3:    T:0.24138    C:0.27586    A:0.24138    G:0.24138
Average         T:0.19540    C:0.31034    A:0.22989    G:0.26437

#28: GyrantGazelle  
position  1:    T:0.10345    C:0.31034    A:0.20690    G:0.37931
position  2:    T:0.20690    C:0.37931    A:0.24138    G:0.17241
position  3:    T:0.27586    C:0.24138    A:0.27586    G:0.20690
Average         T:0.19540    C:0.31034    A:0.24138    G:0.25287

#29: Hartebeest     
position  1:    T:0.10345    C:0.31034    A:0.20690    G:0.37931
position  2:    T:0.20690    C:0.37931    A:0.24138    G:0.17241
position  3:    T:0.24138    C:0.27586    A:0.27586    G:0.20690
Average         T:0.18391    C:0.32184    A:0.24138    G:0.25287

#30: Bongo          
position  1:    T:0.13793    C:0.24138    A:0.20690    G:0.41379
position  2:    T:0.27586    C:0.34483    A:0.20690    G:0.17241
position  3:    T:0.24138    C:0.27586    A:0.27586    G:0.20690
Average         T:0.21839    C:0.28736    A:0.22989    G:0.26437

#31: Gerenuk        
position  1:    T:0.10345    C:0.31034    A:0.20690    G:0.37931
position  2:    T:0.20690    C:0.37931    A:0.24138    G:0.17241
position  3:    T:0.27586    C:0.24138    A:0.27586    G:0.20690
Average         T:0.19540    C:0.31034    A:0.24138    G:0.25287

#32: CommonEland    
position  1:    T:0.13793    C:0.27586    A:0.20690    G:0.37931
position  2:    T:0.27586    C:0.34483    A:0.20690    G:0.17241
position  3:    T:0.20690    C:0.27586    A:0.27586    G:0.24138
Average         T:0.20690    C:0.29885    A:0.22989    G:0.26437

#33: MuntiacusReevesi
position  1:    T:0.13793    C:0.27586    A:0.20690    G:0.37931
position  2:    T:0.20690    C:0.37931    A:0.24138    G:0.17241
position  3:    T:0.24138    C:0.27586    A:0.27586    G:0.20690
Average         T:0.19540    C:0.31034    A:0.24138    G:0.25287

#34: HarveysDuiker  
position  1:    T:0.10345    C:0.31034    A:0.20690    G:0.37931
position  2:    T:0.20690    C:0.37931    A:0.24138    G:0.17241
position  3:    T:0.24138    C:0.31034    A:0.17241    G:0.27586
Average         T:0.18391    C:0.33333    A:0.20690    G:0.27586

#35: Pronghorn      
position  1:    T:0.10345    C:0.31034    A:0.20690    G:0.37931
position  2:    T:0.20690    C:0.37931    A:0.24138    G:0.17241
position  3:    T:0.24138    C:0.24138    A:0.31034    G:0.20690
Average         T:0.18391    C:0.31034    A:0.25287    G:0.25287

#36: BlueWildebeest 
position  1:    T:0.10345    C:0.31034    A:0.20690    G:0.37931
position  2:    T:0.20690    C:0.37931    A:0.24138    G:0.17241
position  3:    T:0.24138    C:0.27586    A:0.27586    G:0.20690
Average         T:0.18391    C:0.32184    A:0.24138    G:0.25287

#37: Gemsbok        
position  1:    T:0.10345    C:0.27586    A:0.20690    G:0.41379
position  2:    T:0.20690    C:0.37931    A:0.24138    G:0.17241
position  3:    T:0.24138    C:0.27586    A:0.27586    G:0.20690
Average         T:0.18391    C:0.31034    A:0.24138    G:0.26437

#38: Yak            
position  1:    T:0.13793    C:0.27586    A:0.20690    G:0.37931
position  2:    T:0.20690    C:0.37931    A:0.24138    G:0.17241
position  3:    T:0.20690    C:0.31034    A:0.24138    G:0.24138
Average         T:0.18391    C:0.32184    A:0.22989    G:0.26437

#39: BlueSheep      
position  1:    T:0.10345    C:0.31034    A:0.20690    G:0.37931
position  2:    T:0.24138    C:0.34483    A:0.20690    G:0.20690
position  3:    T:0.24138    C:0.27586    A:0.24138    G:0.24138
Average         T:0.19540    C:0.31034    A:0.21839    G:0.27586

#40: BohorReedbuck  
position  1:    T:0.10345    C:0.31034    A:0.20690    G:0.37931
position  2:    T:0.20690    C:0.37931    A:0.24138    G:0.17241
position  3:    T:0.24138    C:0.27586    A:0.27586    G:0.20690
Average         T:0.18391    C:0.32184    A:0.24138    G:0.25287

#41: KirksDik       
position  1:    T:0.13793    C:0.31034    A:0.20690    G:0.34483
position  2:    T:0.20690    C:0.37931    A:0.24138    G:0.17241
position  3:    T:0.24138    C:0.27586    A:0.24138    G:0.24138
Average         T:0.19540    C:0.32184    A:0.22989    G:0.25287

#42: RoeDeer        
position  1:    T:0.13793    C:0.27586    A:0.20690    G:0.37931
position  2:    T:0.20690    C:0.37931    A:0.24138    G:0.17241
position  3:    T:0.20690    C:0.31034    A:0.27586    G:0.20690
Average         T:0.18391    C:0.32184    A:0.24138    G:0.25287

#43: WhiteLippedDeer
position  1:    T:0.13793    C:0.27586    A:0.20690    G:0.37931
position  2:    T:0.20690    C:0.37931    A:0.24138    G:0.17241
position  3:    T:0.24138    C:0.27586    A:0.27586    G:0.20690
Average         T:0.19540    C:0.31034    A:0.24138    G:0.25287

#44: ThomsonGazelle 
position  1:    T:0.10345    C:0.31034    A:0.20690    G:0.37931
position  2:    T:0.20690    C:0.37931    A:0.24138    G:0.17241
position  3:    T:0.27586    C:0.24138    A:0.27586    G:0.20690
Average         T:0.19540    C:0.31034    A:0.24138    G:0.25287

#45: MuntiacusCrinifrons
position  1:    T:0.13793    C:0.27586    A:0.20690    G:0.37931
position  2:    T:0.20690    C:0.37931    A:0.24138    G:0.17241
position  3:    T:0.17241    C:0.34483    A:0.27586    G:0.20690
Average         T:0.17241    C:0.33333    A:0.24138    G:0.25287

#46: WhiteTailedDeer
position  1:    T:0.13793    C:0.27586    A:0.20690    G:0.37931
position  2:    T:0.20690    C:0.37931    A:0.24138    G:0.17241
position  3:    T:0.20690    C:0.31034    A:0.27586    G:0.20690
Average         T:0.18391    C:0.32184    A:0.24138    G:0.25287

#47: Cattle         
position  1:    T:0.13793    C:0.27586    A:0.20690    G:0.37931
position  2:    T:0.20690    C:0.37931    A:0.24138    G:0.17241
position  3:    T:0.24138    C:0.27586    A:0.24138    G:0.24138
Average         T:0.19540    C:0.31034    A:0.22989    G:0.26437

#48: RoyalAntelope  
position  1:    T:0.10345    C:0.31034    A:0.20690    G:0.37931
position  2:    T:0.20690    C:0.37931    A:0.24138    G:0.17241
position  3:    T:0.24138    C:0.31034    A:0.24138    G:0.20690
Average         T:0.18391    C:0.33333    A:0.22989    G:0.25287

#49: Steenbok       
position  1:    T:0.10345    C:0.31034    A:0.20690    G:0.37931
position  2:    T:0.20690    C:0.37931    A:0.24138    G:0.17241
position  3:    T:0.24138    C:0.27586    A:0.27586    G:0.20690
Average         T:0.18391    C:0.32184    A:0.24138    G:0.25287

#50: Impala         
position  1:    T:0.10345    C:0.31034    A:0.20690    G:0.37931
position  2:    T:0.20690    C:0.37931    A:0.24138    G:0.17241
position  3:    T:0.24138    C:0.27586    A:0.27586    G:0.20690
Average         T:0.18391    C:0.32184    A:0.24138    G:0.25287

#51: Klipspringer   
position  1:    T:0.10345    C:0.31034    A:0.20690    G:0.37931
position  2:    T:0.20690    C:0.37931    A:0.24138    G:0.17241
