CODONML (in paml version 4.10.7, June 2023)  /home/rachel/ruminants_paml/6406-phy-tree/ENSBTAT00000014131.fasta.phy
Model: free dN/dS Ratios for branches,  kappa = 2.000 fixed

Codon frequency model: F3x4
ns =  54  ls =  86

Codon usage in sequences
--------------------------------------------------------------------------------------------------------------------------------------
Phe TTT   1   2   1   1   2   2 | Ser TCT   1   1   1   1   1   1 | Tyr TAT   1   1   1   1   1   1 | Cys TGT   0   0   0   0   0   0
    TTC   5   4   5   5   4   4 |     TCC   1   2   2   2   2   2 |     TAC   1   1   1   1   1   1 |     TGC   0   0   0   0   0   0
Leu TTA   0   0   0   0   0   0 |     TCA   0   0   0   0   0   0 | *** TAA   0   0   0   0   0   0 | *** TGA   0   0   0   0   0   0
    TTG   1   0   1   1   1   1 |     TCG   1   0   0   0   0   0 |     TAG   0   0   0   0   0   0 | Trp TGG   0   0   0   0   0   0
--------------------------------------------------------------------------------------------------------------------------------------
Leu CTT   0   0   0   0   0   0 | Pro CCT   0   0   0   0   0   0 | His CAT   2   2   2   2   2   2 | Arg CGT   0   0   0   0   0   0
    CTC   2   2   2   2   2   3 |     CCC   3   3   3   3   3   3 |     CAC   3   3   3   3   3   3 |     CGC   0   0   0   0   0   0
    CTA   1   2   1   1   3   2 |     CCA   1   1   1   1   1   1 | Gln CAA   1   1   0   1   1   2 |     CGA   1   1   1   1   1   1
    CTG   8   8   8   8   6   6 |     CCG   0   0   0   0   0   0 |     CAG   5   5   6   5   5   4 |     CGG   2   3   2   3   3   3
--------------------------------------------------------------------------------------------------------------------------------------
Ile ATT   1   1   1   1   1   1 | Thr ACT   0   0   0   0   0   0 | Asn AAT   1   1   1   2   2   2 | Ser AGT   0   0   0   0   0   0
    ATC   5   5   5   5   5   5 |     ACC   0   1   0   0   0   0 |     AAC   3   3   3   2   2   3 |     AGC   2   2   2   2   2   1
    ATA   0   0   0   0   0   0 |     ACA   2   1   2   2   2   2 | Lys AAA   1   1   1   1   1   1 | Arg AGA   1   1   1   1   1   1
Met ATG   4   4   4   4   4   4 |     ACG   0   0   0   0   0   0 |     AAG   0   0   0   0   0   0 |     AGG   2   1   2   1   1   1
--------------------------------------------------------------------------------------------------------------------------------------
Val GTT   0   0   0   0   0   0 | Ala GCT   2   1   1   1   1   1 | Asp GAT   1   1   1   0   1   1 | Gly GGT   0   0   0   0   0   0
    GTC   1   1   1   1   1   1 |     GCC   4   5   5   5   5   5 |     GAC   3   3   3   4   3   3 |     GGC   0   0   0   0   0   0
    GTA   1   1   1   1   1   1 |     GCA   1   1   1   1   1   1 | Glu GAA   0   0   0   0   0   0 |     GGA   0   0   0   0   0   0
    GTG   4   4   4   4   4   4 |     GCG   0   0   0   0   0   0 |     GAG   6   6   6   6   6   6 |     GGG   0   0   0   0   0   0
--------------------------------------------------------------------------------------------------------------------------------------

--------------------------------------------------------------------------------------------------------------------------------------
Phe TTT   2   1   1   1   1   1 | Ser TCT   1   1   1   1   1   1 | Tyr TAT   1   1   1   1   1   1 | Cys TGT   0   0   0   0   0   0
    TTC   4   5   5   5   5   5 |     TCC   1   1   1   1   2   2 |     TAC   1   1   1   1   1   1 |     TGC   0   0   0   0   0   0
Leu TTA   0   0   0   0   0   0 |     TCA   0   0   0   0   0   0 | *** TAA   0   0   0   0   0   0 | *** TGA   0   0   0   0   0   0
    TTG   1   1   1   1   1   1 |     TCG   1   1   1   1   0   0 |     TAG   0   0   0   0   0   0 | Trp TGG   0   0   0   0   0   0
--------------------------------------------------------------------------------------------------------------------------------------
Leu CTT   0   0   0   0   0   0 | Pro CCT   0   0   0   0   0   0 | His CAT   2   2   2   2   2   2 | Arg CGT   0   0   0   0   0   0
    CTC   2   2   2   2   2   2 |     CCC   3   3   3   3   3   3 |     CAC   3   3   3   3   3   3 |     CGC   0   0   0   0   0   0
    CTA   1   1   2   1   1   1 |     CCA   1   1   1   1   1   1 | Gln CAA   1   1   1   1   0   1 |     CGA   1   1   1   1   1   1
    CTG   8   8   7   8   8   8 |     CCG   0   0   0   0   0   0 |     CAG   5   5   5   5   6   5 |     CGG   2   2   2   2   2   2
--------------------------------------------------------------------------------------------------------------------------------------
Ile ATT   1   2   1   1   1   1 | Thr ACT   0   0   0   0   0   0 | Asn AAT   1   1   1   2   1   2 | Ser AGT   0   0   0   0   0   0
    ATC   5   4   5   5   5   5 |     ACC   0   0   0   0   0   0 |     AAC   3   3   3   2   3   2 |     AGC   2   2   2   2   2   2
    ATA   0   0   0   0   0   0 |     ACA   2   2   2   1   2   2 | Lys AAA   1   1   1   1   1   1 | Arg AGA   1   1   1   1   1   1
Met ATG   4   4   4   4   4   4 |     ACG   0   0   0   1   0   0 |     AAG   0   0   0   0   0   0 |     AGG   2   2   2   2   2   2
--------------------------------------------------------------------------------------------------------------------------------------
Val GTT   0   0   0   0   0   0 | Ala GCT   2   2   2   2   1   1 | Asp GAT   1   1   0   1   1   0 | Gly GGT   0   0   0   0   0   0
    GTC   1   1   1   1   1   1 |     GCC   4   4   4   4   5   5 |     GAC   3   3   4   3   3   4 |     GGC   0   0   0   0   0   0
    GTA   1   1   1   1   1   1 |     GCA   1   1   1   1   1   1 | Glu GAA   0   0   0   0   0   1 |     GGA   0   0   0   0   0   0
    GTG   4   4   4   4   4   4 |     GCG   0   0   0   0   0   0 |     GAG   6   6   6   6   6   5 |     GGG   0   0   0   0   0   0
--------------------------------------------------------------------------------------------------------------------------------------

--------------------------------------------------------------------------------------------------------------------------------------
Phe TTT   1   1   1   1   1   1 | Ser TCT   1   1   1   1   1   1 | Tyr TAT   1   1   1   1   1   1 | Cys TGT   0   0   0   0   0   0
    TTC   5   5   5   5   5   5 |     TCC   1   2   2   1   2   1 |     TAC   1   1   1   1   1   1 |     TGC   0   0   0   0   0   0
Leu TTA   0   0   0   0   0   0 |     TCA   0   0   0   0   0   1 | *** TAA   0   0   0   0   0   0 | *** TGA   0   0   0   0   0   0
    TTG   1   1   1   1   1   1 |     TCG   1   0   0   1   0   0 |     TAG   0   0   0   0   0   0 | Trp TGG   0   0   0   0   0   0
--------------------------------------------------------------------------------------------------------------------------------------
Leu CTT   0   0   0   0   1   0 | Pro CCT   0   0   0   0   0   0 | His CAT   2   2   2   2   2   2 | Arg CGT   0   0   0   0   0   0
    CTC   2   2   2   2   2   2 |     CCC   3   3   3   3   3   3 |     CAC   3   3   3   3   3   3 |     CGC   0   0   0   0   0   0
    CTA   1   1   1   2   1   1 |     CCA   1   1   1   1   1   1 | Gln CAA   1   1   1   0   1   1 |     CGA   1   1   1   1   1   1
    CTG   8   8   8   7   8   8 |     CCG   0   0   0   0   0   0 |     CAG   5   5   5   6   5   5 |     CGG   2   2   2   2   2   2
--------------------------------------------------------------------------------------------------------------------------------------
Ile ATT   1   1   1   1   1   1 | Thr ACT   0   0   0   0   0   1 | Asn AAT   1   1   1   2   2   1 | Ser AGT   0   0   0   0   0   0
    ATC   5   5   5   5   5   5 |     ACC   0   0   0   0   0   0 |     AAC   3   3   3   2   2   3 |     AGC   2   2   2   2   2   2
    ATA   0   0   0   0   0   0 |     ACA   2   2   2   2   2   1 | Lys AAA   1   1   1   1   1   1 | Arg AGA   1   1   1   1   1   1
Met ATG   4   4   4   4   4   4 |     ACG   0   0   0   0   0   0 |     AAG   0   0   0   0   0   0 |     AGG   2   2   2   2   2   2
--------------------------------------------------------------------------------------------------------------------------------------
Val GTT   0   0   0   0   0   0 | Ala GCT   1   1   2   2   1   2 | Asp GAT   1   1   1   1   1   1 | Gly GGT   0   0   0   0   0   0
    GTC   2   1   1   1   1   1 |     GCC   5   5   4   4   5   4 |     GAC   3   3   3   3   3   3 |     GGC   0   0   0   0   0   0
    GTA   1   1   1   1   1   1 |     GCA   1   1   1   1   1   1 | Glu GAA   0   0   0   0   1   0 |     GGA   0   0   0   0   0   0
    GTG   3   4   4   4   3   4 |     GCG   0   0   0   0   0   0 |     GAG   6   6   6   6   5   6 |     GGG   0   0   0   0   0   0
--------------------------------------------------------------------------------------------------------------------------------------

--------------------------------------------------------------------------------------------------------------------------------------
Phe TTT   1   1   1   1   1   1 | Ser TCT   1   1   1   1   1   1 | Tyr TAT   1   1   1   1   1   1 | Cys TGT   0   0   0   0   0   0
    TTC   5   5   5   5   5   5 |     TCC   2   2   1   2   1   1 |     TAC   1   1   1   1   1   1 |     TGC   0   0   0   0   0   0
Leu TTA   0   0   0   0   0   0 |     TCA   0   0   0   0   0   0 | *** TAA   0   0   0   0   0   0 | *** TGA   0   0   0   0   0   0
    TTG   1   1   1   1   1   1 |     TCG   0   0   1   0   1   1 |     TAG   0   0   0   0   0   0 | Trp TGG   0   0   0   0   0   0
--------------------------------------------------------------------------------------------------------------------------------------
Leu CTT   0   0   0   0   0   0 | Pro CCT   0   0   0   0   0   0 | His CAT   2   2   2   2   2   2 | Arg CGT   0   0   0   0   0   0
    CTC   2   2   2   2   2   2 |     CCC   3   3   3   3   3   3 |     CAC   3   3   3   3   3   3 |     CGC   0   0   0   0   0   0
    CTA   1   1   1   1   1   1 |     CCA   1   1   1   1   1   1 | Gln CAA   1   1   1   0   1   1 |     CGA   1   1   1   1   1   1
    CTG   8   8   8   8   8   8 |     CCG   0   0   0   0   0   0 |     CAG   5   5   5   6   5   5 |     CGG   2   2   2   2   2   2
--------------------------------------------------------------------------------------------------------------------------------------
Ile ATT   1   1   1   1   1   1 | Thr ACT   0   0   0   0   0   0 | Asn AAT   2   2   1   1   2   1 | Ser AGT   0   0   0   0   0   0
    ATC   4   4   5   5   5   5 |     ACC   0   0   0   0   0   0 |     AAC   2   2   3   3   2   3 |     AGC   2   2   2   2   2   2
    ATA   1   1   0   0   0   0 |     ACA   2   2   2   2   2   2 | Lys AAA   1   1   1   1   1   1 | Arg AGA   1   1   1   1   1   1
Met ATG   4   4   4   4   4   4 |     ACG   0   0   0   0   0   0 |     AAG   0   0   0   0   0   0 |     AGG   2   2   2   2   2   2
--------------------------------------------------------------------------------------------------------------------------------------
Val GTT   0   0   0   0   0   0 | Ala GCT   1   1   2   1   2   1 | Asp GAT   1   1   1   1   1   1 | Gly GGT   0   0   0   0   0   0
    GTC   1   1   1   1   1   1 |     GCC   5   5   4   5   4   5 |     GAC   3   3   3   3   3   3 |     GGC   0   0   0   0   0   0
    GTA   1   1   1   1   1   1 |     GCA   1   1   1   1   1   1 | Glu GAA   0   0   0   0   0   0 |     GGA   0   0   0   0   0   0
    GTG   4   4   4   4   4   4 |     GCG   0   0   0   0   0   0 |     GAG   6   6   6   6   6   6 |     GGG   0   0   0   0   0   0
--------------------------------------------------------------------------------------------------------------------------------------

--------------------------------------------------------------------------------------------------------------------------------------
Phe TTT   1   1   1   1   1   1 | Ser TCT   1   1   1   1   1   1 | Tyr TAT   1   1   1   1   1   1 | Cys TGT   0   0   0   0   0   0
    TTC   5   5   5   5   5   5 |     TCC   2   2   1   1   2   2 |     TAC   1   1   1   1   1   1 |     TGC   0   0   0   0   0   0
Leu TTA   0   0   0   0   0   0 |     TCA   0   0   0   0   0   0 | *** TAA   0   0   0   0   0   0 | *** TGA   0   0   0   0   0   0
    TTG   1   1   1   1   1   1 |     TCG   0   0   1   1   0   0 |     TAG   0   0   0   0   0   0 | Trp TGG   0   0   0   0   0   0
--------------------------------------------------------------------------------------------------------------------------------------
Leu CTT   0   1   0   0   0   0 | Pro CCT   0   0   0   0   0   0 | His CAT   2   2   2   2   2   2 | Arg CGT   0   0   0   0   0   0
    CTC   2   2   2   2   2   2 |     CCC   3   3   3   3   3   3 |     CAC   3   3   3   3   3   3 |     CGC   0   0   0   0   0   0
    CTA   1   1   1   1   1   1 |     CCA   1   1   1   1   1   1 | Gln CAA   1   1   1   1   1   0 |     CGA   1   1   1   1   1   1
    CTG   8   7   8   8   8   8 |     CCG   0   0   0   0   0   0 |     CAG   5   5   5   5   5   6 |     CGG   2   2   2   2   2   2
--------------------------------------------------------------------------------------------------------------------------------------
Ile ATT   1   1   1   1   1   1 | Thr ACT   0   0   0   1   0   0 | Asn AAT   2   2   1   2   2   2 | Ser AGT   0   0   0   0   0   0
    ATC   5   5   5   5   5   5 |     ACC   0   0   0   0   0   0 |     AAC   2   3   3   2   2   2 |     AGC   2   2   2   2   2   2
    ATA   0   0   0   0   0   0 |     ACA   2   2   2   1   2   2 | Lys AAA   1   1   1   1   1   1 | Arg AGA   1   1   1   1   1   1
Met ATG   4   4   4   4   4   4 |     ACG   0   0   0   0   0   0 |     AAG   0   0   0   0   0   0 |     AGG   2   2   2   2   2   2
--------------------------------------------------------------------------------------------------------------------------------------
Val GTT   0   0   0   0   0   0 | Ala GCT   1   1   1   2   2   1 | Asp GAT   0   0   1   1   1   1 | Gly GGT   0   0   0   0   0   0
    GTC   1   1   2   1   1   1 |     GCC   5   5   5   4   4   5 |     GAC   4   3   3   3   3   3 |     GGC   0   0   0   0   0   0
    GTA   1   1   1   1   1   1 |     GCA   1   1   1   1   1   1 | Glu GAA   1   1   0   1   0   0 |     GGA   0   0   0   0   0   0
    GTG   4   4   3   4   4   4 |     GCG   0   0   0   0   0   0 |     GAG   5   5   6   5   6   6 |     GGG   0   0   0   0   0   0
--------------------------------------------------------------------------------------------------------------------------------------

--------------------------------------------------------------------------------------------------------------------------------------
Phe TTT   1   1   1   1   0   1 | Ser TCT   1   1   1   1   1   1 | Tyr TAT   1   1   1   1   1   1 | Cys TGT   0   0   0   0   0   0
    TTC   5   5   5   5   6   5 |     TCC   1   2   2   1   2   2 |     TAC   1   1   1   1   1   1 |     TGC   0   0   0   0   0   0
Leu TTA   0   0   0   0   0   0 |     TCA   0   0   0   0   0   0 | *** TAA   0   0   0   0   0   0 | *** TGA   0   0   0   0   0   0
    TTG   1   1   1   1   1   1 |     TCG   1   0   0   1   0   0 |     TAG   0   0   0   0   0   0 | Trp TGG   0   0   0   0   0   0
--------------------------------------------------------------------------------------------------------------------------------------
Leu CTT   0   0   0   0   0   0 | Pro CCT   0   0   0   0   0   0 | His CAT   2   2   2   2   2   2 | Arg CGT   0   0   0   0   0   0
    CTC   2   2   2   2   2   2 |     CCC   3   3   3   3   3   3 |     CAC   3   3   3   3   3   3 |     CGC   0   0   0   0   0   0
    CTA   1   1   1   2   2   1 |     CCA   1   1   1   1   1   1 | Gln CAA   1   0   1   1   1   1 |     CGA   1   1   1   1   0   1
    CTG   8   8   8   7   7   8 |     CCG   0   0   0   0   0   0 |     CAG   5   6   5   5   5   5 |     CGG   2   2   2   2   3   2
--------------------------------------------------------------------------------------------------------------------------------------
Ile ATT   1   1   1   1   1   1 | Thr ACT   1   0   0   0   0   0 | Asn AAT   1   1   2   1   2   1 | Ser AGT   0   0   0   0   0   0
    ATC   5   5   5   5   5   5 |     ACC   0   0   0   0   0   0 |     AAC   3   3   2   3   2   3 |     AGC   2   2   2   2   2   2
    ATA   0   0   0   0   0   0 |     ACA   1   2   2   2   2   2 | Lys AAA   1   1   1   1   1   1 | Arg AGA   1   1   1   1   1   2
Met ATG   4   4   4   4   4   4 |     ACG   0   0   0   0   0   0 |     AAG   0   0   0   0   0   0 |     AGG   2   2   2   2   2   1
--------------------------------------------------------------------------------------------------------------------------------------
Val GTT   0   0   0   0   0   0 | Ala GCT   2   1   1   2   1   2 | Asp GAT   1   1   0   1   0   1 | Gly GGT   0   0   0   0   0   0
    GTC   1   1   1   1   1   1 |     GCC   4   5   5   4   5   4 |     GAC   3   3   4   3   4   3 |     GGC   0   0   0   0   0   0
    GTA   1   1   1   1   1   1 |     GCA   1   1   1   1   1   1 | Glu GAA   0   0   2   0   0   0 |     GGA   0   0   0   0   0   0
    GTG   4   4   4   4   4   4 |     GCG   0   0   0   0   0   0 |     GAG   6   6   4   6   6   6 |     GGG   0   0   0   0   0   0
--------------------------------------------------------------------------------------------------------------------------------------

--------------------------------------------------------------------------------------------------------------------------------------
Phe TTT   2   1   1   1   1   1 | Ser TCT   1   1   1   1   1   1 | Tyr TAT   1   1   1   1   1   1 | Cys TGT   0   0   0   0   0   0
    TTC   4   5   5   5   5   5 |     TCC   1   2   1   1   1   2 |     TAC   1   1   1   1   1   1 |     TGC   0   0   0   0   0   0
Leu TTA   0   0   0   0   0   0 |     TCA   0   0   0   0   0   0 | *** TAA   0   0   0   0   0   0 | *** TGA   0   0   0   0   0   0
    TTG   1   1   1   1   1   1 |     TCG   1   0   1   1   1   0 |     TAG   0   0   0   0   0   0 | Trp TGG   0   0   0   0   0   0
--------------------------------------------------------------------------------------------------------------------------------------
Leu CTT   0   0   0   0   0   1 | Pro CCT   0   0   0   0   0   0 | His CAT   2   2   2   2   2   2 | Arg CGT   0   0   0   0   0   0
    CTC   2   2   2   2   2   2 |     CCC   3   3   3   3   3   3 |     CAC   3   3   3   3   3   3 |     CGC   0   0   0   0   0   0
    CTA   1   1   1   1   1   1 |     CCA   1   1   1   1   1   1 | Gln CAA   1   1   1   1   1   1 |     CGA   1   1   1   1   1   1
    CTG   8   8   8   8   8   7 |     CCG   0   0   0   0   0   0 |     CAG   5   5   5   5   5   5 |     CGG   2   2   2   2   2   2
--------------------------------------------------------------------------------------------------------------------------------------
Ile ATT   1   1   1   1   1   1 | Thr ACT   0   0   0   0   0   0 | Asn AAT   1   1   1   1   0   2 | Ser AGT   0   0   0   0   0   0
    ATC   5   5   5   5   5   5 |     ACC   0   0   0   0   0   0 |     AAC   3   3   3   3   4   2 |     AGC   2   2   2   2   2   2
    ATA   0   0   0   0   0   0 |     ACA   2   2   2   2   2   2 | Lys AAA   1   1   1   1   1   1 | Arg AGA   1   1   1   1   1   1
Met ATG   4   4   4   4   4   4 |     ACG   0   0   0   0   0   0 |     AAG   0   0   0   0   0   0 |     AGG   2   2   2   2   2   2
--------------------------------------------------------------------------------------------------------------------------------------
Val GTT   0   0   0   0   0   0 | Ala GCT   2   1   2   2   2   1 | Asp GAT   1   1   1   1   1   0 | Gly GGT   0   0   0   0   0   0
    GTC   1   1   1   1   1   1 |     GCC   4   5   4   4   4   5 |     GAC   3   3   3   3   3   4 |     GGC   0   0   0   0   0   0
    GTA   1   1   1   1   1   1 |     GCA   1   1   1   1   1   1 | Glu GAA   0   0   0   0   0   1 |     GGA   0   0   0   0   0   0
    GTG   4   4   4   4   4   4 |     GCG   0   0   0   0   0   0 |     GAG   6   6   6   6   6   5 |     GGG   0   0   0   0   0   0
--------------------------------------------------------------------------------------------------------------------------------------

--------------------------------------------------------------------------------------------------------------------------------------
Phe TTT   3   1   1   1   1   1 | Ser TCT   1   1   1   1   1   1 | Tyr TAT   1   1   1   1   1   1 | Cys TGT   0   0   0   0   0   0
    TTC   3   5   5   5   5   5 |     TCC   2   1   2   2   2   1 |     TAC   1   1   1   1   1   1 |     TGC   0   0   0   0   0   0
Leu TTA   0   0   0   0   0   0 |     TCA   0   0   0   0   0   0 | *** TAA   0   0   0   0   0   0 | *** TGA   0   0   0   0   0   0
    TTG   1   1   1   1   1   1 |     TCG   0   1   0   0   0   1 |     TAG   0   0   0   0   0   0 | Trp TGG   0   0   0   0   0   0
--------------------------------------------------------------------------------------------------------------------------------------
Leu CTT   0   0   0   1   0   1 | Pro CCT   0   0   0   0   0   0 | His CAT   2   2   2   2   2   2 | Arg CGT   0   0   0   0   0   0
    CTC   2   2   2   2   2   2 |     CCC   3   3   3   3   3   3 |     CAC   3   3   3   3   3   3 |     CGC   0   0   0   0   0   0
    CTA   1   1   1   1   1   1 |     CCA   1   1   1   1   1   1 | Gln CAA   1   1   1   1   1   1 |     CGA   1   1   1   1   1   0
    CTG   8   8   8   7   8   7 |     CCG   0   0   0   0   0   0 |     CAG   5   5   5   5   5   5 |     CGG   2   2   2   2   2   2
--------------------------------------------------------------------------------------------------------------------------------------
Ile ATT   1   1   1   1   1   1 | Thr ACT   0   1   0   0   0   0 | Asn AAT   2   1   2   2   1   1 | Ser AGT   0   0   0   0   0   0
    ATC   5   5   5   5   5   5 |     ACC   0   0   0   0   0   0 |     AAC   2   3   2   3   3   3 |     AGC   2   2   2   2   2   2
    ATA   0   0   0   0   0   0 |     ACA   2   1   2   2   2   1 | Lys AAA   1   1   1   1   1   1 | Arg AGA   1   1   1   1   1   2
Met ATG   4   4   4   4   4   4 |     ACG   0   0   0   0   0   1 |     AAG   0   0   0   0   0   0 |     AGG   2   2   2   2   2   2
--------------------------------------------------------------------------------------------------------------------------------------
Val GTT   0   0   0   0   0   0 | Ala GCT   1   2   1   1   1   2 | Asp GAT   0   1   0   0   1   1 | Gly GGT   0   0   0   0   0   0
    GTC   1   1   1   1   1   1 |     GCC   5   4   5   5   5   4 |     GAC   4   3   4   3   3   3 |     GGC   0   0   0   0   0   0
    GTA   1   1   1   1   1   1 |     GCA   1   1   1   1   1   1 | Glu GAA   1   0   1   1   0   1 |     GGA   0   0   0   0   0   0
    GTG   4   4   4   4   4   4 |     GCG   0   0   0   0   0   0 |     GAG   5   6   5   5   6   5 |     GGG   0   0   0   0   0   0
--------------------------------------------------------------------------------------------------------------------------------------

--------------------------------------------------------------------------------------------------------------------------------------
Phe TTT   2   2   1   1   1   1 | Ser TCT   1   1   1   1   1   1 | Tyr TAT   1   1   1   1   1   1 | Cys TGT   0   0   0   0   0   0
    TTC   4   4   5   5   5   5 |     TCC   1   2   1   2   2   2 |     TAC   1   1   1   1   1   1 |     TGC   0   0   0   0   0   0
Leu TTA   0   0   0   0   0   0 |     TCA   0   0   1   0   0   0 | *** TAA   0   0   0   0   0   0 | *** TGA   0   0   0   0   0   0
    TTG   1   1   1   1   1   1 |     TCG   1   0   0   0   0   0 |     TAG   0   0   0   0   0   0 | Trp TGG   0   0   0   0   0   0
--------------------------------------------------------------------------------------------------------------------------------------
Leu CTT   0   0   0   0   0   0 | Pro CCT   0   0   0   0   0   0 | His CAT   2   2   2   2   2   2 | Arg CGT   0   0   0   0   0   0
    CTC   2   2   2   2   2   2 |     CCC   3   3   3   3   3   3 |     CAC   3   3   3   3   3   3 |     CGC   0   0   0   0   0   0
    CTA   1   2   2   1   1   1 |     CCA   1   1   1   1   1   1 | Gln CAA   2   1   1   1   0   0 |     CGA   1   1   1   1   1   1
    CTG   8   7   7   8   8   8 |     CCG   0   0   0   0   0   0 |     CAG   4   5   5   5   6   6 |     CGG   2   2   2   2   2   2
--------------------------------------------------------------------------------------------------------------------------------------
Ile ATT   1   0   1   1   1   1 | Thr ACT   0   0   0   0   0   0 | Asn AAT   1   1   2   2   1   3 | Ser AGT   0   0   0   0   0   0
    ATC   5   6   5   5   5   5 |     ACC   0   0   0   0   0   0 |     AAC   3   3   2   2   3   1 |     AGC   2   2   2   2   2   2
    ATA   0   0   0   0   0   0 |     ACA   2   2   2   2   2   2 | Lys AAA   1   1   1   1   1   1 | Arg AGA   1   1   1   1   1   1
Met ATG   4   4   4   4   4   4 |     ACG   0   0   0   0   0   0 |     AAG   0   0   0   0   0   0 |     AGG   2   2   2   2   2   2
--------------------------------------------------------------------------------------------------------------------------------------
Val GTT   0   0   0   0   0   0 | Ala GCT   2   0   2   1   1   1 | Asp GAT   1   1   1   0   1   1 | Gly GGT   0   0   0   0   0   0
    GTC   1   1   1   1   1   1 |     GCC   4   5   4   5   5   5 |     GAC   3   3   3   4   3   3 |     GGC   0   0   0   0   0   0
    GTA   1   1   1   1   1   1 |     GCA   1   2   1   1   1   1 | Glu GAA   0   0   0   0   0   0 |     GGA   0   0   0   0   0   0
    GTG   4   4   4   4   4   4 |     GCG   0   0   0   0   0   0 |     GAG   6   6   6   6   6   6 |     GGG   0   0   0   0   0   0
--------------------------------------------------------------------------------------------------------------------------------------

Codon position x base (3x4) table for each sequence.

#1: Argali         
position  1:    T:0.13953    C:0.33721    A:0.25581    G:0.26744
position  2:    T:0.39535    C:0.18605    A:0.32558    G:0.09302
position  3:    T:0.11628    C:0.38372    A:0.11628    G:0.38372
Average         T:0.21705    C:0.30233    A:0.23256    G:0.24806

#2: LesserMouseDeer
position  1:    T:0.12791    C:0.36047    A:0.24419    G:0.26744
position  2:    T:0.39535    C:0.18605    A:0.32558    G:0.09302
position  3:    T:0.11628    C:0.40698    A:0.11628    G:0.36047
Average         T:0.21318    C:0.31783    A:0.22868    G:0.24031

#3: LesserKudu     
position  1:    T:0.13953    C:0.33721    A:0.25581    G:0.26744
position  2:    T:0.39535    C:0.18605    A:0.32558    G:0.09302
position  3:    T:0.10465    C:0.40698    A:0.10465    G:0.38372
Average         T:0.21318    C:0.31008    A:0.22868    G:0.24806

#4: ForestMuskDeer2
position  1:    T:0.13953    C:0.34884    A:0.24419    G:0.26744
position  2:    T:0.39535    C:0.18605    A:0.32558    G:0.09302
position  3:    T:0.10465    C:0.40698    A:0.11628    G:0.37209
Average         T:0.21318    C:0.31395    A:0.22868    G:0.24419

#5: Camel          
position  1:    T:0.13953    C:0.34884    A:0.24419    G:0.26744
position  2:    T:0.39535    C:0.18605    A:0.32558    G:0.09302
position  3:    T:0.12791    C:0.38372    A:0.13953    G:0.34884
Average         T:0.22093    C:0.30620    A:0.23643    G:0.23643

#6: KillerWhale    
position  1:    T:0.13953    C:0.34884    A:0.24419    G:0.26744
position  2:    T:0.39535    C:0.18605    A:0.33721    G:0.08140
position  3:    T:0.12791    C:0.39535    A:0.13953    G:0.33721
Average         T:0.22093    C:0.31008    A:0.24031    G:0.22868

#7: DefassaWaterbuck
position  1:    T:0.13953    C:0.33721    A:0.25581    G:0.26744
position  2:    T:0.39535    C:0.18605    A:0.32558    G:0.09302
position  3:    T:0.12791    C:0.37209    A:0.11628    G:0.38372
Average         T:0.22093    C:0.29845    A:0.23256    G:0.24806

#8: Sheep          
position  1:    T:0.13953    C:0.33721    A:0.25581    G:0.26744
position  2:    T:0.39535    C:0.18605    A:0.32558    G:0.09302
position  3:    T:0.12791    C:0.37209    A:0.11628    G:0.38372
Average         T:0.22093    C:0.29845    A:0.23256    G:0.24806

#9: MaxwellsDuiker 
position  1:    T:0.13953    C:0.33721    A:0.25581    G:0.26744
position  2:    T:0.39535    C:0.18605    A:0.32558    G:0.09302
position  3:    T:0.10465    C:0.39535    A:0.12791    G:0.37209
Average         T:0.21318    C:0.30620    A:0.23643    G:0.24419

#10: GazellaPrzewalskyi
position  1:    T:0.13953    C:0.33721    A:0.25581    G:0.26744
position  2:    T:0.39535    C:0.18605    A:0.32558    G:0.09302
position  3:    T:0.12791    C:0.37209    A:0.10465    G:0.39535
Average         T:0.22093    C:0.29845    A:0.22868    G:0.25194

#11: MountainNyala  
position  1:    T:0.13953    C:0.33721    A:0.25581    G:0.26744
position  2:    T:0.39535    C:0.18605    A:0.32558    G:0.09302
position  3:    T:0.10465    C:0.40698    A:0.10465    G:0.38372
Average         T:0.21318    C:0.31008    A:0.22868    G:0.24806

#12: MuntiacusMuntjak
position  1:    T:0.13953    C:0.33721    A:0.25581    G:0.26744
position  2:    T:0.39535    C:0.18605    A:0.32558    G:0.09302
position  3:    T:0.10465    C:0.40698    A:0.12791    G:0.36047
Average         T:0.21318    C:0.31008    A:0.23643    G:0.24031

#13: goat           
position  1:    T:0.13953    C:0.33721    A:0.25581    G:0.26744
position  2:    T:0.39535    C:0.18605    A:0.32558    G:0.09302
position  3:    T:0.10465    C:0.40698    A:0.11628    G:0.37209
Average         T:0.21318    C:0.31008    A:0.23256    G:0.24419

#14: AfricanBuffalo 
position  1:    T:0.13953    C:0.33721    A:0.25581    G:0.26744
position  2:    T:0.39535    C:0.18605    A:0.32558    G:0.09302
position  3:    T:0.10465    C:0.40698    A:0.11628    G:0.37209
Average         T:0.21318    C:0.31008    A:0.23256    G:0.24419

#15: Topi           
position  1:    T:0.13953    C:0.33721    A:0.25581    G:0.26744
position  2:    T:0.39535    C:0.18605    A:0.32558    G:0.09302
position  3:    T:0.11628    C:0.39535    A:0.11628    G:0.37209
Average         T:0.21705    C:0.30620    A:0.23256    G:0.24419

#16: CommonDuiker   
position  1:    T:0.13953    C:0.33721    A:0.25581    G:0.26744
position  2:    T:0.39535    C:0.18605    A:0.32558    G:0.09302
position  3:    T:0.12791    C:0.37209    A:0.11628    G:0.38372
Average         T:0.22093    C:0.29845    A:0.23256    G:0.24806

#17: Suni           
position  1:    T:0.13953    C:0.34884    A:0.25581    G:0.25581
position  2:    T:0.39535    C:0.18605    A:0.32558    G:0.09302
position  3:    T:0.12791    C:0.39535    A:0.12791    G:0.34884
Average         T:0.22093    C:0.31008    A:0.23643    G:0.23256

#18: Springbuck     
position  1:    T:0.13953    C:0.33721    A:0.25581    G:0.26744
position  2:    T:0.39535    C:0.18605    A:0.32558    G:0.09302
position  3:    T:0.12791    C:0.38372    A:0.11628    G:0.37209
Average         T:0.22093    C:0.30233    A:0.23256    G:0.24419

#19: Okapi          
position  1:    T:0.13953    C:0.33721    A:0.25581    G:0.26744
position  2:    T:0.39535    C:0.18605    A:0.32558    G:0.09302
position  3:    T:0.11628    C:0.38372    A:0.12791    G:0.37209
Average         T:0.21705    C:0.30233    A:0.23643    G:0.24419

#20: Giraffe        
position  1:    T:0.13953    C:0.33721    A:0.25581    G:0.26744
position  2:    T:0.39535    C:0.18605    A:0.32558    G:0.09302
position  3:    T:0.11628    C:0.38372    A:0.12791    G:0.37209
Average         T:0.21705    C:0.30233    A:0.23643    G:0.24419

#21: TibetanAntelope
position  1:    T:0.13953    C:0.33721    A:0.25581    G:0.26744
position  2:    T:0.39535    C:0.18605    A:0.32558    G:0.09302
position  3:    T:0.11628    C:0.38372    A:0.11628    G:0.38372
Average         T:0.21705    C:0.30233    A:0.23256    G:0.24806

#22: Sitatunga      
position  1:    T:0.13953    C:0.33721    A:0.25581    G:0.26744
position  2:    T:0.39535    C:0.18605    A:0.32558    G:0.09302
position  3:    T:0.10465    C:0.40698    A:0.10465    G:0.38372
Average         T:0.21318    C:0.31008    A:0.22868    G:0.24806

#23: Oribi          
position  1:    T:0.13953    C:0.33721    A:0.25581    G:0.26744
position  2:    T:0.39535    C:0.18605    A:0.32558    G:0.09302
position  3:    T:0.12791    C:0.37209    A:0.11628    G:0.38372
Average         T:0.22093    C:0.29845    A:0.23256    G:0.24806

#24: BarbarySheep   
position  1:    T:0.13953    C:0.33721    A:0.25581    G:0.26744
position  2:    T:0.39535    C:0.18605    A:0.32558    G:0.09302
position  3:    T:0.10465    C:0.39535    A:0.11628    G:0.38372
Average         T:0.21318    C:0.30620    A:0.23256    G:0.24806

#25: Daviddeer      
position  1:    T:0.13953    C:0.33721    A:0.25581    G:0.26744
position  2:    T:0.39535    C:0.18605    A:0.32558    G:0.09302
position  3:    T:0.10465    C:0.40698    A:0.12791    G:0.36047
Average         T:0.21318    C:0.31008    A:0.23643    G:0.24031

#26: Reindeer       
position  1:    T:0.13953    C:0.33721    A:0.26744    G:0.25581
position  2:    T:0.39535    C:0.18605    A:0.32558    G:0.09302
position  3:    T:0.11628    C:0.40698    A:0.12791    G:0.34884
Average         T:0.21705    C:0.31008    A:0.24031    G:0.23256

#27: Ibex           
position  1:    T:0.13953    C:0.33721    A:0.25581    G:0.26744
position  2:    T:0.39535    C:0.18605    A:0.32558    G:0.09302
position  3:    T:0.10465    C:0.40698    A:0.11628    G:0.37209
Average         T:0.21318    C:0.31008    A:0.23256    G:0.24419

#28: GyrantGazelle  
position  1:    T:0.13953    C:0.33721    A:0.25581    G:0.26744
position  2:    T:0.39535    C:0.18605    A:0.32558    G:0.09302
position  3:    T:0.13953    C:0.37209    A:0.11628    G:0.37209
Average         T:0.22481    C:0.29845    A:0.23256    G:0.24419

#29: Hartebeest     
position  1:    T:0.13953    C:0.33721    A:0.25581    G:0.26744
position  2:    T:0.39535    C:0.18605    A:0.32558    G:0.09302
position  3:    T:0.12791    C:0.38372    A:0.11628    G:0.37209
Average         T:0.22093    C:0.30233    A:0.23256    G:0.24419

#30: Bongo          
position  1:    T:0.13953    C:0.33721    A:0.25581    G:0.26744
position  2:    T:0.39535    C:0.18605    A:0.32558    G:0.09302
position  3:    T:0.11628    C:0.39535    A:0.10465    G:0.38372
Average         T:0.21705    C:0.30620    A:0.22868    G:0.24806

#31: Gerenuk        
position  1:    T:0.13953    C:0.33721    A:0.25581    G:0.26744
position  2:    T:0.39535    C:0.18605    A:0.32558    G:0.09302
position  3:    T:0.12791    C:0.38372    A:0.10465    G:0.38372
Average         T:0.22093    C:0.30233    A:0.22868    G:0.24806

#32: CommonEland    
position  1:    T:0.13953    C:0.33721    A:0.25581    G:0.26744
position  2:    T:0.39535    C:0.18605    A:0.32558    G:0.09302
position  3:    T:0.10465    C:0.40698    A:0.10465    G:0.38372
Average         T:0.21318    C:0.31008    A:0.22868    G:0.24806

#33: MuntiacusReevesi
position  1:    T:0.13953    C:0.33721    A:0.25581    G:0.26744
position  2:    T:0.39535    C:0.18605    A:0.32558    G:0.09302
position  3:    T:0.10465    C:0.40698    A:0.13953    G:0.34884
Average         T:0.21318    C:0.31008    A:0.24031    G:0.23643

#34: HarveysDuiker  
position  1:    T:0.13953    C:0.33721    A:0.25581    G:0.26744
position  2:    T:0.39535    C:0.18605    A:0.32558    G:0.09302
position  3:    T:0.11628    C:0.38372    A:0.12791    G:0.37209
Average         T:0.21705    C:0.30233    A:0.23643    G:0.24419

#35: Pronghorn      
position  1:    T:0.13953    C:0.33721    A:0.25581    G:0.26744
position  2:    T:0.39535    C:0.18605    A:0.32558    G:0.09302
position  3:    T:0.09302    C:0.41860    A:0.11628    G:0.37209
Average         T:0.20930    C:0.31395    A:0.23256    G:0.24419

#36: BlueWildebeest 
position  1:    T:0.13953    C:0.33721    A:0.25581    G:0.26744
position  2:    T:0.39535    C:0.18605    A:0.32558    G:0.09302
position  3:    T:0.11628    C:0.39535    A:0.12791    G:0.36047
Average         T:0.21705    C:0.30620    A:0.23643    G:0.24031

#37: Gemsbok        
position  1:    T:0.13953    C:0.33721    A:0.25581    G:0.26744
position  2:    T:0.39535    C:0.18605    A:0.32558    G:0.09302
position  3:    T:0.12791    C:0.37209    A:0.11628    G:0.38372
Average         T:0.22093    C:0.29845    A:0.23256    G:0.24806

#38: Yak            
position  1:    T:0.13953    C:0.33721    A:0.25581    G:0.26744
position  2:    T:0.39535    C:0.18605    A:0.32558    G:0.09302
position  3:    T:0.10465    C:0.40698    A:0.11628    G:0.37209
Average         T:0.21318    C:0.31008    A:0.23256    G:0.24419

#39: BlueSheep      
position  1:    T:0.13953    C:0.33721    A:0.25581    G:0.26744
position  2:    T:0.39535    C:0.18605    A:0.32558    G:0.09302
position  3:    T:0.11628    C:0.38372    A:0.11628    G:0.38372
Average         T:0.21705    C:0.30233    A:0.23256    G:0.24806

#40: BohorReedbuck  
position  1:    T:0.13953    C:0.33721    A:0.25581    G:0.26744
position  2:    T:0.39535    C:0.18605    A:0.32558    G:0.09302
position  3:    T:0.11628    C:0.38372    A:0.11628    G:0.38372
Average         T:0.21705    C:0.30233    A:0.23256    G:0.24806

#41: KirksDik       
position  1:    T:0.13953    C:0.33721    A:0.25581    G:0.26744
position  2:    T:0.39535    C:0.18605    A:0.32558    G:0.09302
position  3:    T:0.10465    C:0.39535    A:0.11628    G:0.38372
Average         T:0.21318    C:0.30620    A:0.23256    G:0.24806

#42: RoeDeer        
position  1:    T:0.13953    C:0.33721    A:0.25581    G:0.26744
position  2:    T:0.39535    C:0.18605    A:0.32558    G:0.09302
position  3:    T:0.11628    C:0.40698    A:0.12791    G:0.34884
Average         T:0.21705    C:0.31008    A:0.23643    G:0.23643

#43: WhiteLippedDeer
position  1:    T:0.13953    C:0.33721    A:0.25581    G:0.26744
position  2:    T:0.39535    C:0.18605    A:0.32558    G:0.09302
position  3:    T:0.12791    C:0.38372    A:0.12791    G:0.36047
Average         T:0.22093    C:0.30233    A:0.23643    G:0.24031

#44: ThomsonGazelle 
position  1:    T:0.13953    C:0.33721    A:0.25581    G:0.26744
position  2:    T:0.39535    C:0.18605    A:0.32558    G:0.09302
position  3:    T:0.12791    C:0.38372    A:0.10465    G:0.38372
Average         T:0.22093    C:0.30233    A:0.22868    G:0.24806

#45: MuntiacusCrinifrons
position  1:    T:0.13953    C:0.33721    A:0.25581    G:0.26744
position  2:    T:0.39535    C:0.18605    A:0.32558    G:0.09302
position  3:    T:0.10465    C:0.40698    A:0.12791    G:0.36047
Average         T:0.21318    C:0.31008    A:0.23643    G:0.24031

#46: WhiteTailedDeer
position  1:    T:0.13953    C:0.33721    A:0.26744    G:0.25581
position  2:    T:0.39535    C:0.18605    A:0.32558    G:0.09302
position  3:    T:0.11628    C:0.40698    A:0.12791    G:0.34884
Average         T:0.21705    C:0.31008    A:0.24031    G:0.23256

#47: Cattle         
position  1:    T:0.13953    C:0.33721    A:0.25581    G:0.26744
position  2:    T:0.39535    C:0.18605    A:0.32558    G:0.09302
position  3:    T:0.10465    C:0.40698    A:0.11628    G:0.37209
Average         T:0.21318    C:0.31008    A:0.23256    G:0.24419

#48: RoyalAntelope  
position  1:    T:0.13953    C:0.32558    A:0.26744    G:0.26744
position  2:    T:0.39535    C:0.18605    A:0.32558    G:0.09302
position  3:    T:0.12791    C:0.38372    A:0.11628    G:0.37209
Average         T:0.22093    C:0.29845    A:0.23643    G:0.24419

#49: Steenbok       
position  1:    T:0.13953    C:0.33721    A:0.25581    G:0.26744
position  2:    T:0.39535    C:0.18605    A:0.32558    G:0.09302
position  3:    T:0.12791    C:0.37209    A:0.12791    G:0.37209
Average         T:0.22093    C:0.29845    A:0.23643    G:0.24419

#50: Impala         
position  1:    T:0.13953    C:0.33721    A:0.25581    G:0.26744
position  2:    T:0.39535    C:0.18605    A:0.32558    G:0.09302
position  3:    T:0.09302    C:0.40698    A:0.13953    G:0.36047
Average         T:0.20930    C:0.31008    A:0.24031    G:0.24031

#51: Klipspringer   
position  1:    T:0.13953    C:0.33721    A:0.25581    G:0.26744
position  2:    T:0.39535    C:0.18605    A:0.32558    G:0.09302
