1
52 1
Argali 0.000000 0.198600 0.083800 0.177400 0.041400 0.000000 0.041200 0.048100 0.076800 0.100200 0.013200 0.075100 0.033800 0.034400 0.098200 0.048500 0.105400 0.105400 0.027100 0.069600 0.041600 0.006600 0.121600 0.122400 0.013200 0.048700 0.040600 0.069600 0.041600 0.076800 0.100500 0.034600 0.075400 0.033900 0.027300 0.075400 0.020000 0.048400 0.041100 0.114400 0.114300 0.062500 0.100400 0.122900 0.082100 0.055700 0.048100 0.048000 0.075700 0.076200 0.069600 0.083300
LesserMous 0.198600 0.000000 0.188100 0.212900 0.198400 0.198600 0.181800 0.189300 0.196900 0.199700 0.198800 0.171100 0.188100 0.190600 0.212000 0.190700 0.178500 0.180300 0.224400 0.172900 0.174200 0.206700 0.205300 0.223600 0.199400 0.207800 0.195400 0.172900 0.183500 0.180800 0.191500 0.190800 0.146800 0.188100 0.198100 0.187200 0.213700 0.206400 0.205600 0.206500 0.197700 0.214700 0.190900 0.207400 0.194100 0.174700 0.188900 0.156300 0.186900 0.171700 0.189000 0.171600
LesserKudu 0.083800 0.188100 0.000000 0.159200 0.083700 0.083800 0.083400 0.090400 0.033500 0.084000 0.083700 0.046900 0.089700 0.076500 0.096800 0.091100 0.103900 0.111600 0.098700 0.013200 0.084200 0.091000 0.104900 0.090900 0.084000 0.091400 0.096600 0.013100 0.084200 0.006500 0.091600 0.076900 0.088600 0.075400 0.083500 0.054100 0.097700 0.091000 0.083100 0.083500 0.097700 0.098200 0.084200 0.091300 0.060700 0.084000 0.075800 0.061200 0.103600 0.068100 0.026400 0.013000
KillerWhal 0.177400 0.212900 0.159200 0.000000 0.152800 0.177400 0.160100 0.167500 0.144000 0.161800 0.177400 0.157900 0.166600 0.153000 0.198300 0.169000 0.126900 0.120600 0.194400 0.144200 0.178300 0.185500 0.175800 0.160900 0.177900 0.169600 0.173800 0.144200 0.161900 0.152000 0.170300 0.161900 0.118400 0.166800 0.160300 0.158400 0.192200 0.160600 0.175900 0.152700 0.176000 0.184500 0.170300 0.161800 0.165200 0.153500 0.159200 0.135400 0.197500 0.150500 0.144100 0.158500
DefassaWat 0.041400 0.198400 0.083700 0.152800 0.000000 0.041400 0.013500 0.020300 0.062300 0.085100 0.041300 0.068700 0.033800 0.006800 0.069000 0.020500 0.090500 0.091200 0.055700 0.069500 0.027500 0.048400 0.091300 0.091900 0.041500 0.020500 0.040500 0.069500 0.013700 0.076800 0.092800 0.013700 0.075400 0.033900 0.013500 0.068900 0.062200 0.006800 0.027200 0.114400 0.099000 0.034200 0.092800 0.107500 0.075600 0.041400 0.020300 0.033900 0.047400 0.061800 0.069500 0.083300
Sheep 0.000000 0.198600 0.083800 0.177400 0.041400 0.000000 0.041200 0.048100 0.076800 0.100200 0.013100 0.075100 0.033800 0.034400 0.098200 0.048500 0.105400 0.105400 0.027100 0.069600 0.041600 0.006600 0.121600 0.122400 0.013200 0.048700 0.040600 0.069600 0.041600 0.076800 0.100500 0.034600 0.075400 0.033900 0.027300 0.075400 0.020000 0.048400 0.041100 0.114400 0.114300 0.062500 0.100400 0.122900 0.082100 0.055700 0.048100 0.048000 0.075700 0.076200 0.069600 0.083300
MaxwellsDu 0.041200 0.181800 0.083400 0.160100 0.013500 0.041200 0.000000 0.006700 0.076400 0.084800 0.041200 0.054400 0.019700 0.006700 0.068700 0.020400 0.090200 0.090800 0.055500 0.069300 0.027400 0.048200 0.091100 0.106600 0.041300 0.020500 0.040300 0.069300 0.013600 0.076500 0.092500 0.013600 0.075100 0.033600 0.013300 0.068700 0.061900 0.020400 0.027100 0.114000 0.084000 0.034100 0.092400 0.122400 0.075400 0.055400 0.020200 0.033700 0.047200 0.061600 0.069300 0.068700
GazellaPrz 0.048100 0.189300 0.090400 0.167500 0.020300 0.048100 0.006700 0.000000 0.083400 0.091900 0.048100 0.061200 0.026800 0.013500 0.075600 0.027100 0.097100 0.097900 0.062400 0.076200 0.034100 0.055100 0.098100 0.113700 0.048200 0.027200 0.047100 0.076200 0.020400 0.083400 0.099600 0.020400 0.082000 0.040500 0.020200 0.075600 0.068800 0.027100 0.033800 0.121100 0.091000 0.027000 0.099600 0.129700 0.082200 0.062400 0.026900 0.040600 0.054000 0.068500 0.076200 0.075600
MountainNy 0.076800 0.196900 0.033500 0.144000 0.062300 0.076800 0.076400 0.083400 0.000000 0.077000 0.076700 0.054000 0.082800 0.069600 0.104500 0.084100 0.097000 0.104600 0.091700 0.020000 0.077200 0.084000 0.083200 0.069300 0.077000 0.084400 0.089700 0.020000 0.077200 0.026400 0.084600 0.069900 0.081800 0.082900 0.076500 0.047300 0.090700 0.069400 0.076200 0.076500 0.090700 0.098500 0.077100 0.069700 0.053900 0.062500 0.083400 0.054400 0.111400 0.082700 0.006600 0.033300
MuntiacusM 0.100200 0.199700 0.084000 0.161800 0.085100 0.100200 0.084800 0.091900 0.077000 0.000000 0.100200 0.083400 0.091200 0.077800 0.113300 0.092700 0.076300 0.083500 0.100400 0.069800 0.100800 0.107700 0.033800 0.034000 0.100500 0.093000 0.098200 0.069800 0.085700 0.077100 0.006800 0.085700 0.075700 0.091300 0.084900 0.083700 0.114500 0.092500 0.099500 0.055000 0.026500 0.107300 0.006700 0.048200 0.090400 0.100300 0.091900 0.062300 0.120400 0.076500 0.069800 0.083600
goat 0.013200 0.198800 0.083700 0.177400 0.041300 0.013100 0.041200 0.048100 0.076700 0.100200 0.000000 0.075100 0.033800 0.034400 0.098200 0.048500 0.105400 0.105400 0.040900 0.069600 0.041600 0.019700 0.106200 0.122400 0.013400 0.048600 0.040600 0.069600 0.041600 0.076800 0.100500 0.034500 0.075400 0.033900 0.027300 0.075400 0.033500 0.048400 0.041100 0.114400 0.099000 0.062500 0.100400 0.123000 0.082000 0.055700 0.048000 0.047900 0.075700 0.076200 0.069600 0.083300
AfricanBuf 0.075100 0.171100 0.046900 0.157900 0.068700 0.075100 0.054400 0.061200 0.054000 0.083400 0.075100 0.000000 0.060800 0.061700 0.067600 0.075900 0.088700 0.102800 0.089700 0.033400 0.069100 0.082200 0.089600 0.090200 0.075300 0.076200 0.081600 0.033400 0.069100 0.040200 0.090900 0.061900 0.073900 0.060800 0.068500 0.026200 0.074600 0.075800 0.068200 0.097300 0.082600 0.082800 0.083500 0.090600 0.032700 0.083200 0.061100 0.046900 0.088500 0.060600 0.047100 0.033100
Topi 0.033800 0.188100 0.089700 0.166600 0.033800 0.033800 0.019700 0.026800 0.082800 0.091200 0.033800 0.060800 0.000000 0.026800 0.089400 0.040800 0.096500 0.097200 0.047900 0.075700 0.048000 0.040700 0.097500 0.112900 0.033900 0.040900 0.019700 0.075700 0.034000 0.082900 0.098900 0.033300 0.081400 0.013200 0.019800 0.075100 0.054300 0.040700 0.047400 0.120300 0.090400 0.054500 0.098900 0.128800 0.081700 0.062000 0.040400 0.039500 0.067500 0.068000 0.075700 0.075100
CommonDuik 0.034400 0.190600 0.076500 0.153000 0.006800 0.034400 0.006700 0.013500 0.069600 0.077800 0.034400 0.061700 0.026800 0.000000 0.062000 0.013600 0.083300 0.083900 0.048600 0.062400 0.020600 0.041400 0.098900 0.099600 0.034500 0.013700 0.033000 0.062400 0.006800 0.069600 0.085500 0.006700 0.068400 0.026400 0.006700 0.061900 0.055100 0.013600 0.020300 0.107000 0.091700 0.027300 0.085400 0.115400 0.068600 0.048600 0.013500 0.026900 0.040500 0.054800 0.062400 0.076200
Suni 0.098200 0.212000 0.096800 0.198300 0.069000 0.098200 0.068700 0.075600 0.104500 0.113300 0.098200 0.067600 0.089400 0.062000 0.000000 0.076300 0.110900 0.111800 0.113400 0.082700 0.084100 0.105500 0.134400 0.135300 0.098400 0.076500 0.096300 0.082700 0.069500 0.089900 0.121200 0.069500 0.110100 0.075200 0.068800 0.068000 0.097400 0.076100 0.083000 0.158500 0.127100 0.083200 0.121200 0.151700 0.074600 0.113300 0.061400 0.075100 0.088900 0.089200 0.097200 0.096300
Springbuck 0.048500 0.190700 0.091100 0.169000 0.020500 0.048500 0.020400 0.027100 0.084100 0.092700 0.048500 0.075900 0.040800 0.013600 0.076300 0.000000 0.097900 0.098700 0.063000 0.076900 0.020600 0.055600 0.113900 0.114700 0.048600 0.027100 0.047500 0.076900 0.006600 0.084100 0.107100 0.020600 0.082700 0.040800 0.020400 0.076200 0.069400 0.027400 0.020300 0.128900 0.106600 0.040800 0.100400 0.130800 0.082900 0.062900 0.027100 0.027100 0.040500 0.054800 0.076800 0.090700
Okapi 0.105400 0.178500 0.103900 0.126900 0.090500 0.105400 0.090200 0.097100 0.097000 0.076300 0.105400 0.088700 0.096500 0.083300 0.110900 0.097900 0.000000 0.013100 0.120800 0.089800 0.098400 0.098000 0.097000 0.097600 0.105700 0.098300 0.088900 0.089800 0.091100 0.097000 0.083800 0.091100 0.053200 0.096600 0.090300 0.089100 0.119500 0.097800 0.104600 0.119800 0.089900 0.112400 0.083700 0.113000 0.095700 0.120500 0.097100 0.067900 0.110400 0.082000 0.089800 0.103400
Giraffe 0.105400 0.180300 0.111600 0.120600 0.091200 0.105400 0.090800 0.097900 0.104600 0.083500 0.105400 0.102800 0.097200 0.083900 0.111800 0.098700 0.013100 0.000000 0.120800 0.097300 0.099100 0.097900 0.104400 0.104900 0.105700 0.099000 0.089700 0.097300 0.091700 0.104600 0.091000 0.091800 0.053700 0.097400 0.090900 0.096100 0.119500 0.098500 0.105400 0.127300 0.097100 0.113300 0.091000 0.120500 0.102700 0.121400 0.097800 0.068400 0.111300 0.082600 0.097300 0.111100
TibetanAnt 0.027100 0.224400 0.098700 0.194400 0.055700 0.027100 0.055500 0.062400 0.091700 0.100400 0.040900 0.089700 0.047900 0.048600 0.113400 0.063000 0.120800 0.120800 0.000000 0.084400 0.056100 0.034000 0.137400 0.138300 0.041000 0.063200 0.054700 0.084400 0.056100 0.091700 0.108200 0.048900 0.090100 0.047900 0.041300 0.090000 0.047500 0.062900 0.055300 0.130100 0.129900 0.077200 0.100500 0.139000 0.096700 0.055800 0.062400 0.062300 0.090400 0.091100 0.084400 0.098300
Sitatunga 0.069600 0.172900 0.013200 0.144200 0.069500 0.069600 0.069300 0.076200 0.020000 0.069800 0.069600 0.033400 0.075700 0.062400 0.082700 0.076900 0.089800 0.097300 0.084400 0.000000 0.070000 0.076800 0.090600 0.076700 0.069800 0.077100 0.082500 0.000000 0.070000 0.006600 0.077300 0.062700 0.074800 0.061500 0.069400 0.040500 0.083400 0.076700 0.069100 0.069400 0.083500 0.083900 0.069900 0.077100 0.047100 0.069800 0.061800 0.047500 0.089500 0.061300 0.013200 0.013200
Oribi 0.041600 0.174200 0.084200 0.178300 0.027500 0.041600 0.027400 0.034100 0.077200 0.100800 0.041600 0.069100 0.048000 0.020600 0.084100 0.020600 0.098400 0.099100 0.056100 0.070000 0.000000 0.048700 0.122300 0.123200 0.041700 0.034600 0.054800 0.070000 0.013700 0.077300 0.108800 0.020700 0.075900 0.048100 0.027500 0.069400 0.062500 0.034500 0.027300 0.115200 0.114900 0.048500 0.101000 0.123800 0.076100 0.056000 0.034200 0.034200 0.047700 0.076700 0.070000 0.083800
BarbaryShe 0.006600 0.206700 0.091000 0.185500 0.048400 0.006600 0.048200 0.055100 0.084000 0.107700 0.019700 0.082200 0.040700 0.041400 0.105500 0.055600 0.098000 0.097900 0.034000 0.076800 0.048700 0.000000 0.129200 0.130000 0.020100 0.055800 0.047500 0.076800 0.048700 0.084100 0.108000 0.041600 0.082500 0.040800 0.034200 0.082500 0.026700 0.055500 0.048100 0.122000 0.121800 0.069700 0.107900 0.130600 0.089200 0.062800 0.055100 0.055000 0.068500 0.083400 0.076800 0.090600
Daviddeer 0.121600 0.205300 0.104900 0.175800 0.091300 0.121600 0.091100 0.098100 0.083200 0.033800 0.106200 0.089600 0.097500 0.098900 0.134400 0.113900 0.097000 0.104400 0.137400 0.090600 0.122300 0.129200 0.000000 0.040400 0.121900 0.099300 0.119100 0.090600 0.106900 0.097900 0.040800 0.107000 0.096200 0.112300 0.106000 0.104500 0.135900 0.098700 0.120600 0.075400 0.006600 0.113600 0.040800 0.054600 0.111200 0.121700 0.112900 0.082900 0.141600 0.097300 0.090600 0.089800
Reindeer 0.122400 0.223600 0.090900 0.160900 0.091900 0.122400 0.106600 0.113700 0.069300 0.034000 0.122400 0.090200 0.112900 0.099600 0.135300 0.114700 0.097600 0.104900 0.138300 0.076700 0.123200 0.130000 0.040400 0.000000 0.122700 0.115100 0.119900 0.076700 0.107700 0.083900 0.041100 0.107700 0.089700 0.113100 0.106700 0.090500 0.136700 0.099300 0.121500 0.033800 0.047400 0.129500 0.041000 0.027000 0.097200 0.122600 0.113700 0.083400 0.142500 0.097900 0.076700 0.090400
Ibex 0.013200 0.199400 0.084000 0.177900 0.041500 0.013200 0.041300 0.048200 0.077000 0.100500 0.013400 0.075300 0.033900 0.034500 0.098400 0.048600 0.105700 0.105700 0.041000 0.069800 0.041700 0.020100 0.121900 0.122700 0.000000 0.048800 0.040700 0.069800 0.041700 0.077000 0.100800 0.034600 0.075600 0.034000 0.027400 0.075600 0.033600 0.048500 0.041200 0.114800 0.114500 0.062700 0.100700 0.123300 0.082300 0.055800 0.048200 0.048100 0.075900 0.076500 0.069800 0.083600
GyrantGaze 0.048700 0.207800 0.091400 0.169600 0.020500 0.048700 0.020500 0.027200 0.084400 0.093000 0.048600 0.076200 0.040900 0.013700 0.076500 0.027100 0.098300 0.099000 0.063200 0.077100 0.034600 0.055800 0.099300 0.115100 0.048800 0.000000 0.047700 0.077100 0.020000 0.084400 0.107600 0.020700 0.082900 0.040900 0.020500 0.076400 0.069600 0.027500 0.034200 0.129400 0.092100 0.013500 0.100800 0.131300 0.083200 0.063100 0.027200 0.041100 0.054600 0.069300 0.077100 0.091000
Hartebeest 0.040600 0.195400 0.096600 0.173800 0.040500 0.040600 0.040300 0.047100 0.089700 0.098200 0.040600 0.081600 0.019700 0.033000 0.096300 0.047500 0.088900 0.089700 0.054700 0.082500 0.054800 0.047500 0.119100 0.119900 0.040700 0.047700 0.000000 0.082500 0.040800 0.089700 0.105900 0.040700 0.074100 0.019700 0.026700 0.081900 0.061000 0.047400 0.054200 0.127300 0.112000 0.061300 0.105900 0.135900 0.088500 0.068800 0.047100 0.046900 0.060300 0.074800 0.082500 0.096200
Bongo 0.069600 0.172900 0.013100 0.144200 0.069500 0.069600 0.069300 0.076200 0.020000 0.069800 0.069600 0.033400 0.075700 0.062400 0.082700 0.076900 0.089800 0.097300 0.084400 0.000000 0.070000 0.076800 0.090600 0.076700 0.069800 0.077100 0.082500 0.000000 0.070000 0.006600 0.077300 0.062700 0.074800 0.061500 0.069400 0.040500 0.083400 0.076700 0.069100 0.069400 0.083500 0.083900 0.069900 0.077100 0.047100 0.069800 0.061800 0.047500 0.089500 0.061300 0.013200 0.013100
Gerenuk 0.041600 0.183500 0.084200 0.161900 0.013700 0.041600 0.013600 0.020400 0.077200 0.085700 0.041600 0.069100 0.034000 0.006800 0.069500 0.006600 0.091100 0.091700 0.056100 0.070000 0.013700 0.048700 0.106900 0.107700 0.041700 0.020000 0.040800 0.070000 0.000000 0.077300 0.100100 0.013800 0.075900 0.034100 0.013600 0.069400 0.062500 0.020600 0.027300 0.121900 0.099700 0.034000 0.093400 0.123800 0.076100 0.056000 0.020400 0.020300 0.033800 0.062200 0.070000 0.083800
CommonElan 0.076800 0.180800 0.006500 0.152000 0.076800 0.076800 0.076500 0.083400 0.026400 0.077100 0.076800 0.040200 0.082900 0.069600 0.089900 0.084100 0.097000 0.104600 0.091700 0.006600 0.077300 0.084100 0.097900 0.083900 0.077000 0.084400 0.089700 0.006600 0.077300 0.000000 0.084600 0.070000 0.081800 0.068600 0.076600 0.047400 0.090700 0.084000 0.076300 0.076500 0.090800 0.091200 0.077200 0.084300 0.054000 0.077000 0.069000 0.054500 0.096800 0.061300 0.020000 0.019600
MuntiacusR 0.100500 0.191500 0.091600 0.170300 0.092800 0.100500 0.092500 0.099600 0.084600 0.006800 0.100500 0.090900 0.098900 0.085500 0.121200 0.107100 0.083800 0.091000 0.108200 0.077300 0.108800 0.108000 0.040800 0.041100 0.100800 0.107600 0.105900 0.077300 0.100100 0.084600 0.000000 0.093500 0.083100 0.099000 0.092600 0.091200 0.114900 0.100300 0.107300 0.062300 0.033900 0.121900 0.013600 0.055500 0.098000 0.108200 0.099600 0.069600 0.128300 0.084000 0.077300 0.091200
HarveysDui 0.034600 0.190800 0.076900 0.161900 0.013700 0.034600 0.013600 0.020400 0.069900 0.085700 0.034500 0.061900 0.033300 0.006700 0.069500 0.020600 0.091100 0.091800 0.048900 0.062700 0.020700 0.041600 0.107000 0.107700 0.034600 0.020700 0.040700 0.062700 0.013800 0.070000 0.093500 0.000000 0.068700 0.033900 0.013600 0.062200 0.055400 0.020600 0.020400 0.107500 0.099700 0.034400 0.085600 0.116000 0.068900 0.048800 0.020400 0.034000 0.047700 0.062200 0.062700 0.076500
Pronghorn 0.075400 0.146800 0.088600 0.118400 0.075400 0.075400 0.075100 0.082000 0.081800 0.075700 0.075400 0.073900 0.081400 0.068400 0.110100 0.082700 0.053200 0.053700 0.090100 0.074800 0.075900 0.082500 0.096200 0.089700 0.075600 0.082900 0.074100 0.074800 0.075900 0.081800 0.083100 0.068700 0.000000 0.081500 0.075200 0.074200 0.089100 0.082400 0.074900 0.082300 0.089200 0.096800 0.075800 0.097300 0.080700 0.090000 0.081900 0.053500 0.095200 0.067200 0.074800 0.088300
BlueWildeb 0.033900 0.188100 0.075400 0.166800 0.033900 0.033900 0.033600 0.040500 0.082900 0.091300 0.033900 0.060800 0.013200 0.026400 0.075200 0.040800 0.096600 0.097400 0.047900 0.061500 0.048100 0.040800 0.112300 0.113100 0.034000 0.040900 0.019700 0.061500 0.034100 0.068600 0.099000 0.033900 0.081500 0.000000 0.019900 0.075200 0.054300 0.040700 0.047500 0.120400 0.105100 0.047600 0.099000 0.128900 0.081800 0.062000 0.026800 0.039400 0.053600 0.054100 0.075800 0.075100
Gemsbok 0.027300 0.198100 0.083500 0.160300 0.013500 0.027300 0.013300 0.020200 0.076500 0.084900 0.027300 0.068500 0.019800 0.006700 0.068800 0.020400 0.090300 0.090900 0.041300 0.069400 0.027500 0.034200 0.106000 0.106700 0.027400 0.020500 0.026700 0.069400 0.013600 0.076600 0.092600 0.013600 0.075200 0.019900 0.000000 0.068800 0.047800 0.020400 0.027100 0.114100 0.098700 0.034100 0.092500 0.122600 0.075400 0.055500 0.020200 0.033700 0.047300 0.061700 0.069300 0.083100
Yak 0.075400 0.187200 0.054100 0.158400 0.068900 0.075400 0.068700 0.075600 0.047300 0.083700 0.075400 0.026200 0.075100 0.061900 0.068000 0.076200 0.089100 0.096100 0.090000 0.040500 0.069400 0.082500 0.104500 0.090500 0.075600 0.076400 0.081900 0.040500 0.069400 0.047400 0.091200 0.062200 0.074200 0.075200 0.068800 0.000000 0.074900 0.076100 0.068500 0.097700 0.097400 0.090400 0.083800 0.091000 0.006500 0.083500 0.075500 0.047100 0.103300 0.074900 0.040400 0.053900
BlueSheep 0.020000 0.213700 0.097700 0.192200 0.062200 0.020000 0.061900 0.068800 0.090700 0.114500 0.033500 0.074600 0.054300 0.055100 0.097400 0.069400 0.119500 0.119500 0.047500 0.083400 0.062500 0.026700 0.135900 0.136700 0.033600 0.069600 0.061000 0.083400 0.062500 0.090700 0.114900 0.055400 0.089100 0.054300 0.047800 0.074900 0.000000 0.069300 0.061700 0.128700 0.128500 0.083600 0.114700 0.137400 0.081500 0.076700 0.068800 0.061600 0.096600 0.090100 0.083400 0.097200
BohorReedb 0.048400 0.206400 0.091000 0.160600 0.006800 0.048400 0.020400 0.027100 0.069400 0.092500 0.048400 0.075800 0.040700 0.013600 0.076100 0.027400 0.097800 0.098500 0.062900 0.076700 0.034500 0.055500 0.098700 0.099300 0.048500 0.027500 0.047400 0.076700 0.020600 0.084000 0.100300 0.020600 0.082400 0.040700 0.020400 0.076100 0.069300 0.000000 0.034100 0.121900 0.106500 0.041200 0.100300 0.115000 0.082800 0.048400 0.027100 0.040900 0.054300 0.068900 0.076700 0.090500
KirksDik 0.041100 0.205600 0.083100 0.175900 0.027200 0.041100 0.027100 0.033800 0.076200 0.099500 0.041100 0.068200 0.047400 0.020300 0.083000 0.020300 0.104600 0.105400 0.055300 0.069100 0.027300 0.048100 0.120600 0.121500 0.041200 0.034200 0.054200 0.069100 0.027300 0.076300 0.107300 0.020400 0.074900 0.047500 0.027100 0.068500 0.061700 0.034100 0.000000 0.113600 0.113400 0.047800 0.099600 0.122100 0.075200 0.055300 0.033800 0.047600 0.061000 0.061500 0.069100 0.082800
RoeDeer 0.114400 0.206500 0.083500 0.152700 0.114400 0.114400 0.114000 0.121100 0.076500 0.055000 0.114400 0.097300 0.120300 0.107000 0.158500 0.128900 0.119800 0.127300 0.130100 0.069400 0.115200 0.122000 0.075400 0.033800 0.114800 0.129400 0.127300 0.069400 0.121900 0.076500 0.062300 0.107500 0.082300 0.120400 0.114100 0.097700 0.128700 0.121900 0.113600 0.000000 0.068500 0.143800 0.055100 0.048000 0.104400 0.114800 0.121100 0.090600 0.150000 0.105100 0.069300 0.083100
WhiteLippe 0.114300 0.197700 0.097700 0.176000 0.099000 0.114300 0.084000 0.091000 0.090700 0.026500 0.099000 0.082600 0.090400 0.091700 0.127100 0.106600 0.089900 0.097100 0.129900 0.083500 0.114900 0.121800 0.006600 0.047400 0.114500 0.092100 0.112000 0.083500 0.099700 0.090800 0.033900 0.099700 0.089200 0.105100 0.098700 0.097400 0.128500 0.106500 0.113400 0.068500 0.000000 0.106300 0.033800 0.061800 0.104100 0.129800 0.105700 0.075900 0.134300 0.090200 0.083500 0.082800
ThomsonGaz 0.062500 0.214700 0.098200 0.184500 0.034200 0.062500 0.034100 0.027000 0.098500 0.107300 0.062500 0.082800 0.054500 0.027300 0.083200 0.040800 0.112400 0.113300 0.077200 0.083900 0.048500 0.069700 0.113600 0.129500 0.062700 0.013500 0.061300 0.083900 0.034000 0.091200 0.121900 0.034400 0.096800 0.047600 0.034100 0.090400 0.083600 0.041200 0.047800 0.143800 0.106300 0.000000 0.115200 0.145900 0.097100 0.077100 0.033900 0.054700 0.061200 0.076000 0.091100 0.097700
MuntiacusC 0.100400 0.190900 0.084200 0.170300 0.092800 0.100400 0.092400 0.099600 0.077100 0.006700 0.100400 0.083500 0.098900 0.085400 0.121200 0.100400 0.083700 0.091000 0.100500 0.069900 0.101000 0.107900 0.040800 0.041000 0.100700 0.100800 0.105900 0.069900 0.093400 0.077200 0.013600 0.085600 0.075800 0.099000 0.092500 0.083800 0.114700 0.100300 0.099600 0.055100 0.033800 0.115200 0.000000 0.048300 0.090600 0.100500 0.099500 0.069600 0.128300 0.084000 0.069900 0.083800
WhiteTaile 0.122900 0.207400 0.091300 0.161800 0.107500 0.122900 0.122400 0.129700 0.069700 0.048200 0.123000 0.090600 0.128800 0.115400 0.151700 0.130800 0.113000 0.120500 0.139000 0.077100 0.123800 0.130600 0.054600 0.027000 0.123300 0.131300 0.135900 0.077100 0.123800 0.084300 0.055500 0.116000 0.097300 0.128900 0.122600 0.091000 0.137400 0.115000 0.122100 0.048000 0.061800 0.145900 0.048300 0.000000 0.097700 0.107800 0.129700 0.098700 0.158900 0.113500 0.077000 0.090900
Cattle 0.082100 0.194100 0.060700 0.165200 0.075600 0.082100 0.075400 0.082200 0.053900 0.090400 0.082000 0.032700 0.081700 0.068600 0.074600 0.082900 0.095700 0.102700 0.096700 0.047100 0.076100 0.089200 0.111200 0.097200 0.082300 0.083200 0.088500 0.047100 0.076100 0.054000 0.098000 0.068900 0.080700 0.081800 0.075400 0.006500 0.081500 0.082800 0.075200 0.104400 0.104100 0.097100 0.090600 0.097700 0.000000 0.090200 0.082200 0.053700 0.110000 0.081500 0.047100 0.060400
RoyalAntel 0.055700 0.174700 0.084000 0.153500 0.041400 0.055700 0.055400 0.062400 0.062500 0.100300 0.055700 0.083200 0.062000 0.048600 0.113300 0.062900 0.120500 0.121400 0.055800 0.069800 0.056000 0.062800 0.121700 0.122600 0.055800 0.063100 0.068800 0.069800 0.056000 0.077000 0.108200 0.048800 0.090000 0.062000 0.055500 0.083500 0.076700 0.048400 0.055300 0.114800 0.129800 0.077100 0.100500 0.107800 0.090200 0.000000 0.062400 0.062200 0.090200 0.091000 0.069800 0.083600
Steenbok 0.048100 0.188900 0.075800 0.159200 0.020300 0.048100 0.020200 0.026900 0.083400 0.091900 0.048000 0.061100 0.040400 0.013500 0.061400 0.027100 0.097100 0.097800 0.062400 0.061800 0.034200 0.055100 0.112900 0.113700 0.048200 0.027200 0.047100 0.061800 0.020400 0.069000 0.099600 0.020400 0.081900 0.026800 0.020200 0.075500 0.068800 0.027100 0.033800 0.121100 0.105700 0.033900 0.099500 0.129700 0.082200 0.062400 0.000000 0.040600 0.040100 0.054300 0.076200 0.075500
Impala 0.048000 0.156300 0.061200 0.135400 0.033900 0.048000 0.033700 0.040600 0.054400 0.062300 0.047900 0.046900 0.039500 0.026900 0.075100 0.027100 0.067900 0.068400 0.062300 0.047500 0.034200 0.055000 0.082900 0.083400 0.048100 0.041100 0.046900 0.047500 0.020300 0.054500 0.069600 0.034000 0.053500 0.039400 0.033700 0.047100 0.061600 0.040900 0.047600 0.090600 0.075900 0.054700 0.069600 0.098700 0.053700 0.062200 0.040600 0.000000 0.053800 0.040200 0.047500 0.061000
Klipspring 0.075700 0.186900 0.103600 0.197500 0.047400 0.075700 0.047200 0.054000 0.111400 0.120400 0.075700 0.088500 0.067500 0.040500 0.088900 0.040500 0.110400 0.111300 0.090400 0.089500 0.047700 0.068500 0.141600 0.142500 0.075900 0.054600 0.060300 0.089500 0.033800 0.096800 0.128300 0.047700 0.095200 0.053600 0.047300 0.103300 0.096600 0.054300 0.061000 0.150000 0.134300 0.061200 0.128300 0.158900 0.110000 0.090200 0.040100 0.053800 0.000000 0.081700 0.104100 0.103200
ForestMusk 0.076200 0.171700 0.068100 0.150500 0.061800 0.076200 0.061600 0.068500 0.082700 0.076500 0.076200 0.060600 0.068000 0.054800 0.089200 0.054800 0.082000 0.082600 0.091100 0.061300 0.076700 0.083400 0.097300 0.097900 0.076500 0.069300 0.074800 0.061300 0.062200 0.061300 0.084000 0.062200 0.067200 0.054100 0.061700 0.074900 0.090100 0.068900 0.061500 0.105100 0.090200 0.076000 0.084000 0.113500 0.081500 0.091000 0.054300 0.040200 0.081700 0.000000 0.075600 0.074900
Bushbuck 0.069600 0.189000 0.026400 0.144100 0.069500 0.069600 0.069300 0.076200 0.006600 0.069800 0.069600 0.047100 0.075700 0.062400 0.097200 0.076800 0.089800 0.097300 0.084400 0.013200 0.070000 0.076800 0.090600 0.076700 0.069800 0.077100 0.082500 0.013200 0.070000 0.020000 0.077300 0.062700 0.074800 0.075800 0.069300 0.040400 0.083400 0.076700 0.069100 0.069300 0.083500 0.091100 0.069900 0.077000 0.047100 0.069800 0.076200 0.047500 0.104100 0.075600 0.000000 0.026600
GreaterKud 0.083300 0.171600 0.013000 0.158500 0.083300 0.083300 0.068700 0.075600 0.033300 0.083600 0.083300 0.033100 0.075100 0.076200 0.096300 0.090700 0.103400 0.111100 0.098300 0.013200 0.083800 0.090600 0.089800 0.090400 0.083600 0.091000 0.096200 0.013100 0.083800 0.019600 0.091200 0.076500 0.088300 0.075100 0.083100 0.053900 0.097200 0.090500 0.082800 0.083100 0.082800 0.097700 0.083800 0.090900 0.060400 0.083600 0.075500 0.061000 0.103200 0.074900 0.026600 0.000000
