1
52 1
Argali 0.000000 0.080200 0.029300 0.114000 0.035700 0.005700 0.035600 0.030000 0.023500 0.029400 0.005900 0.017200 0.023600 0.017800 0.023400 0.011800 0.022500 0.035400 0.035700 0.023500 0.017700 0.011700 0.052900 0.035600 0.011800 0.029500 0.023600 0.023500 0.023700 0.029500 0.035500 0.023700 0.041800 0.023600 0.011700 0.017900 0.011700 0.029700 0.042300 0.017800 0.035300 0.029500 0.029400 0.035600 0.011800 0.035200 0.023800 0.041200 0.017000 0.072100 0.023500 0.029600
LesserMous 0.080200 0.000000 0.098600 0.149300 0.099600 0.087000 0.105900 0.101000 0.092300 0.098700 0.074000 0.086600 0.086300 0.087100 0.092200 0.080800 0.092300 0.098200 0.106300 0.092300 0.086800 0.079900 0.123500 0.106000 0.080800 0.099100 0.086300 0.092300 0.093200 0.099100 0.105600 0.093200 0.112800 0.086300 0.079900 0.087500 0.080000 0.093300 0.107500 0.087100 0.105000 0.099100 0.098700 0.105900 0.080400 0.104800 0.093600 0.111200 0.086000 0.138400 0.092300 0.099400
LesserKudu 0.029300 0.098600 0.000000 0.119200 0.053500 0.035500 0.053200 0.047900 0.005500 0.046900 0.023500 0.035300 0.041200 0.035500 0.040900 0.029500 0.041000 0.041000 0.053500 0.005700 0.035400 0.029300 0.058200 0.053300 0.028000 0.047100 0.041200 0.005500 0.041300 0.011500 0.053100 0.041300 0.047300 0.041200 0.029300 0.033600 0.029300 0.047500 0.060300 0.035500 0.040800 0.047100 0.046900 0.053300 0.029400 0.052800 0.041500 0.058700 0.035100 0.077400 0.005700 0.011600
KillerWhal 0.114000 0.149300 0.119200 0.000000 0.134500 0.121400 0.140800 0.122100 0.126400 0.132900 0.107600 0.120700 0.127200 0.121400 0.126200 0.101300 0.126400 0.126400 0.127600 0.126400 0.107300 0.113600 0.158400 0.140800 0.101300 0.119900 0.127200 0.126400 0.113900 0.133600 0.140300 0.127600 0.127100 0.127200 0.113600 0.122000 0.113800 0.128000 0.135900 0.121500 0.139400 0.119800 0.132900 0.139700 0.114400 0.139300 0.114300 0.145800 0.119900 0.181700 0.126400 0.120400
DefassaWat 0.035700 0.099600 0.053500 0.134500 0.000000 0.042000 0.060100 0.054700 0.047500 0.041300 0.029800 0.041800 0.035600 0.042000 0.046800 0.036000 0.035300 0.035300 0.060300 0.047500 0.041900 0.035600 0.077400 0.060100 0.036000 0.053800 0.035600 0.047500 0.047900 0.053800 0.047300 0.047900 0.053900 0.035600 0.035600 0.042200 0.035600 0.022500 0.054700 0.042000 0.059500 0.053800 0.041300 0.060100 0.035800 0.059500 0.048100 0.065500 0.041500 0.084600 0.047500 0.053900
Sheep 0.005700 0.087000 0.035500 0.121400 0.042000 0.000000 0.041800 0.036300 0.029500 0.035500 0.011800 0.023800 0.029700 0.023900 0.029500 0.017900 0.029600 0.041700 0.042000 0.029500 0.023800 0.017700 0.054600 0.041800 0.017900 0.035700 0.029700 0.029500 0.029800 0.035700 0.041700 0.029800 0.048100 0.029700 0.017700 0.024000 0.017700 0.036000 0.048700 0.023900 0.041500 0.035700 0.035500 0.041800 0.017800 0.041400 0.029900 0.047400 0.023600 0.078700 0.029500 0.035800
MaxwellsDu 0.035600 0.105900 0.053200 0.140800 0.060100 0.041800 0.000000 0.042200 0.047300 0.053400 0.029600 0.041600 0.035500 0.017600 0.035300 0.035800 0.047300 0.059600 0.047800 0.047300 0.029600 0.035500 0.077100 0.053600 0.035800 0.041400 0.035500 0.047300 0.023500 0.053600 0.059700 0.023400 0.066200 0.035500 0.023500 0.042000 0.035500 0.054000 0.054600 0.041900 0.059300 0.041400 0.053400 0.053500 0.035700 0.047100 0.035800 0.053100 0.029400 0.097100 0.047300 0.053700
GazellaPrz 0.030000 0.101000 0.047900 0.122100 0.054700 0.036300 0.042200 0.000000 0.041900 0.048000 0.024000 0.036100 0.030000 0.024100 0.029700 0.018000 0.041900 0.054300 0.042300 0.041900 0.011900 0.029900 0.072000 0.054600 0.018000 0.023800 0.030000 0.041900 0.017300 0.048200 0.054400 0.030000 0.054600 0.030000 0.017900 0.036500 0.030000 0.048600 0.036600 0.036300 0.054000 0.023800 0.048000 0.054500 0.030100 0.041700 0.018000 0.047800 0.023800 0.092000 0.041900 0.048300
MountainNy 0.023500 0.092300 0.005500 0.126400 0.047500 0.029500 0.047300 0.041900 0.000000 0.041000 0.017600 0.029400 0.035300 0.029600 0.035100 0.023600 0.035100 0.047100 0.047500 0.000000 0.029500 0.023400 0.052400 0.047400 0.023600 0.041200 0.035300 0.000000 0.035400 0.005800 0.047200 0.035400 0.053000 0.035300 0.023400 0.029700 0.023400 0.038300 0.054300 0.029600 0.034900 0.041200 0.041000 0.047300 0.023500 0.046900 0.035600 0.052800 0.029200 0.071400 0.000000 0.005800
MuntiacusM 0.029400 0.098700 0.046900 0.132900 0.041300 0.035500 0.053400 0.048000 0.041000 0.000000 0.023500 0.035300 0.041300 0.035500 0.041000 0.029600 0.029100 0.041000 0.053500 0.041000 0.035400 0.029300 0.034500 0.017400 0.029400 0.047200 0.041300 0.041000 0.041400 0.047200 0.005700 0.041400 0.041300 0.041300 0.029300 0.035700 0.029300 0.041500 0.060400 0.011700 0.017300 0.047200 0.000000 0.017400 0.029500 0.052800 0.041600 0.058800 0.035100 0.090100 0.041000 0.047300
goat 0.005900 0.074000 0.023500 0.107600 0.029800 0.011800 0.029600 0.024000 0.017600 0.023500 0.000000 0.011800 0.017700 0.011800 0.017600 0.005900 0.017600 0.027600 0.029800 0.017600 0.011800 0.005600 0.047000 0.029700 0.005700 0.023600 0.017700 0.017600 0.017700 0.023600 0.029600 0.017700 0.035800 0.017700 0.005600 0.011900 0.005900 0.023800 0.036200 0.011900 0.029400 0.023600 0.023500 0.029600 0.005900 0.029300 0.017800 0.035300 0.011200 0.066000 0.017600 0.023700
AfricanBuf 0.017200 0.086600 0.035300 0.120700 0.041800 0.023800 0.041600 0.036100 0.029400 0.035300 0.011800 0.000000 0.029600 0.023800 0.029400 0.017800 0.029400 0.041400 0.041800 0.029400 0.023700 0.017300 0.058900 0.041600 0.017800 0.035500 0.029600 0.029400 0.029700 0.035500 0.041500 0.029700 0.047800 0.029600 0.017600 0.011300 0.017600 0.035800 0.048500 0.023800 0.041200 0.023500 0.035300 0.041600 0.005800 0.041200 0.029800 0.047200 0.023500 0.078300 0.029400 0.035600
Topi 0.023600 0.086300 0.041200 0.127200 0.035600 0.029700 0.035500 0.030000 0.035300 0.041300 0.017700 0.029600 0.000000 0.017700 0.023400 0.023800 0.035300 0.035300 0.035600 0.035300 0.017700 0.023500 0.064900 0.047600 0.022800 0.029400 0.000000 0.035300 0.023600 0.041500 0.047500 0.023600 0.053900 0.000000 0.011300 0.029900 0.023600 0.029600 0.029900 0.029700 0.043400 0.029400 0.041300 0.047600 0.023700 0.035200 0.023700 0.041100 0.017500 0.071800 0.035300 0.041600
CommonDuik 0.017800 0.087100 0.035500 0.121400 0.042000 0.023900 0.017600 0.024100 0.029600 0.035500 0.011800 0.023800 0.017700 0.000000 0.017600 0.017900 0.029600 0.041700 0.029800 0.029600 0.011800 0.016900 0.059200 0.035700 0.017900 0.023700 0.017700 0.029600 0.017800 0.035700 0.041700 0.005600 0.048100 0.017700 0.005700 0.024000 0.017700 0.036000 0.036300 0.023900 0.041500 0.023600 0.035500 0.035700 0.017800 0.029400 0.017900 0.035400 0.011700 0.078700 0.029600 0.035800
Suni 0.023400 0.092200 0.040900 0.126200 0.046800 0.029500 0.035300 0.029700 0.035100 0.041000 0.017600 0.029400 0.023400 0.017600 0.000000 0.023600 0.035100 0.047100 0.035400 0.035100 0.017500 0.023400 0.064400 0.047300 0.023600 0.028900 0.022800 0.035100 0.023500 0.041200 0.047100 0.023400 0.053500 0.023400 0.011600 0.029700 0.023400 0.041500 0.041900 0.029500 0.046900 0.029200 0.041000 0.047300 0.023500 0.034900 0.023500 0.040800 0.017400 0.083800 0.035100 0.041300
Springbuck 0.011800 0.080800 0.029500 0.101300 0.036000 0.017900 0.035800 0.018000 0.023600 0.029600 0.005900 0.017800 0.023800 0.017900 0.023600 0.000000 0.022400 0.035700 0.036000 0.023600 0.005900 0.011800 0.053200 0.035800 0.000000 0.017100 0.023800 0.023600 0.011800 0.029700 0.035700 0.022500 0.035900 0.023800 0.011800 0.018000 0.011800 0.030000 0.030200 0.017900 0.035500 0.017700 0.029600 0.035800 0.011900 0.035500 0.011400 0.041400 0.017700 0.072600 0.023600 0.029800
Okapi 0.022500 0.092300 0.041000 0.126400 0.035300 0.029600 0.047300 0.041900 0.035100 0.029100 0.017600 0.029400 0.035300 0.029600 0.035100 0.022400 0.000000 0.011600 0.047500 0.035100 0.029500 0.021900 0.064500 0.047300 0.023600 0.041200 0.035300 0.035100 0.035400 0.040600 0.035100 0.035400 0.041300 0.035300 0.023400 0.029700 0.023400 0.041500 0.054200 0.029600 0.046900 0.041200 0.029100 0.047300 0.023500 0.046900 0.035600 0.052800 0.029200 0.083900 0.035100 0.041300
Giraffe 0.035400 0.098200 0.041000 0.126400 0.035300 0.041700 0.059600 0.054300 0.047100 0.041000 0.027600 0.041400 0.035300 0.041700 0.047100 0.035700 0.011600 0.000000 0.059800 0.047100 0.041500 0.035300 0.076800 0.059600 0.035700 0.053400 0.035300 0.047100 0.047600 0.053300 0.047100 0.047500 0.038200 0.035300 0.032800 0.041900 0.033200 0.041500 0.054200 0.041700 0.059100 0.053300 0.041000 0.059600 0.035600 0.059000 0.046900 0.065000 0.041200 0.083900 0.047100 0.053500
TibetanAnt 0.035700 0.106300 0.053500 0.127600 0.060300 0.042000 0.047800 0.042300 0.047500 0.053500 0.029800 0.041800 0.035600 0.029800 0.035400 0.036000 0.047500 0.059800 0.000000 0.047500 0.029700 0.035600 0.077300 0.060100 0.036000 0.041600 0.035600 0.047500 0.035700 0.053800 0.059900 0.035700 0.066500 0.035600 0.022500 0.042200 0.035600 0.054200 0.054800 0.042000 0.059500 0.041600 0.053500 0.060100 0.035800 0.047300 0.035900 0.041200 0.029500 0.097400 0.047500 0.041700
Sitatunga 0.023500 0.092300 0.005700 0.126400 0.047500 0.029500 0.047300 0.041900 0.000000 0.041000 0.017600 0.029400 0.035300 0.029600 0.035100 0.023600 0.035100 0.047100 0.047500 0.000000 0.029500 0.023400 0.052400 0.047400 0.023600 0.041200 0.035300 0.000000 0.035400 0.005800 0.047200 0.035400 0.053600 0.035300 0.023400 0.029700 0.023400 0.041500 0.054300 0.029600 0.034900 0.041200 0.041000 0.047300 0.023500 0.046900 0.035600 0.052800 0.029200 0.071400 0.000000 0.005800
Oribi 0.017700 0.086800 0.035400 0.107300 0.041900 0.023800 0.029600 0.011900 0.029500 0.035400 0.011800 0.023700 0.017700 0.011800 0.017500 0.005900 0.029500 0.041500 0.029700 0.029500 0.000000 0.017700 0.059000 0.041700 0.005700 0.011700 0.017700 0.029500 0.005600 0.035600 0.041600 0.017700 0.041700 0.017700 0.005900 0.023900 0.017700 0.035900 0.024000 0.023800 0.041300 0.011700 0.035400 0.041700 0.017800 0.029300 0.005600 0.035200 0.011200 0.078400 0.029500 0.035600
BarbaryShe 0.011700 0.079900 0.029300 0.113600 0.035600 0.017700 0.035500 0.029900 0.023400 0.029300 0.005600 0.017300 0.023500 0.016900 0.023400 0.011800 0.021900 0.035300 0.035600 0.023400 0.017700 0.000000 0.052700 0.035500 0.011800 0.029400 0.023500 0.023400 0.023600 0.029400 0.035400 0.023600 0.041600 0.023500 0.011300 0.017800 0.011700 0.028100 0.042200 0.017700 0.035200 0.029400 0.029300 0.035500 0.011800 0.023300 0.023700 0.029100 0.017500 0.071800 0.023400 0.029500
Daviddeer 0.052900 0.123500 0.058200 0.158400 0.077400 0.054600 0.077100 0.072000 0.052400 0.034500 0.047000 0.058900 0.064900 0.059200 0.064400 0.053200 0.064500 0.076800 0.077300 0.052400 0.059000 0.052700 0.000000 0.040600 0.053200 0.058600 0.064900 0.052100 0.065100 0.058500 0.040500 0.065100 0.065000 0.064900 0.052700 0.059500 0.052800 0.065300 0.084600 0.035100 0.028600 0.070800 0.034500 0.040600 0.053000 0.076100 0.065300 0.082400 0.058500 0.101400 0.052400 0.058700
Reindeer 0.035600 0.106000 0.053300 0.140800 0.060100 0.041800 0.053600 0.054600 0.047400 0.017400 0.029700 0.041600 0.047600 0.035700 0.047300 0.035800 0.047300 0.059600 0.060100 0.047400 0.041700 0.035500 0.040600 0.000000 0.035800 0.053600 0.047600 0.047400 0.047800 0.053600 0.023400 0.041600 0.060100 0.047600 0.035500 0.042000 0.035500 0.047900 0.067100 0.017700 0.023200 0.053600 0.017400 0.011600 0.035700 0.059300 0.048000 0.065300 0.041400 0.097100 0.047400 0.053700
Ibex 0.011800 0.080800 0.028000 0.101300 0.036000 0.017900 0.035800 0.018000 0.023600 0.029400 0.005700 0.017800 0.022800 0.017900 0.023600 0.000000 0.023600 0.035700 0.036000 0.023600 0.005700 0.011800 0.053200 0.035800 0.000000 0.017700 0.023800 0.023600 0.011800 0.029700 0.035700 0.023800 0.035900 0.023800 0.011800 0.018000 0.011800 0.030000 0.030200 0.017900 0.035500 0.017700 0.029600 0.035800 0.011900 0.035500 0.011400 0.041400 0.017700 0.072600 0.023600 0.029800
GyrantGaze 0.029500 0.099100 0.047100 0.119900 0.053800 0.035700 0.041400 0.023800 0.041200 0.047200 0.023600 0.035500 0.029400 0.023700 0.028900 0.017100 0.041200 0.053400 0.041600 0.041200 0.011700 0.029400 0.058600 0.053600 0.017700 0.000000 0.027500 0.041200 0.017600 0.047400 0.053400 0.029500 0.053600 0.029400 0.017800 0.035900 0.029400 0.047800 0.035900 0.035700 0.053100 0.011100 0.047200 0.053600 0.029600 0.041000 0.017700 0.046900 0.023400 0.090500 0.041200 0.047500
Hartebeest 0.023600 0.086300 0.041200 0.127200 0.035600 0.029700 0.035500 0.030000 0.035300 0.041300 0.017700 0.029600 0.000000 0.017700 0.022800 0.023800 0.035300 0.035300 0.035600 0.035300 0.017700 0.023500 0.064900 0.047600 0.023800 0.027500 0.000000 0.035300 0.023600 0.041500 0.047500 0.023600 0.053900 0.000000 0.011300 0.029900 0.023600 0.029600 0.029900 0.029700 0.047200 0.029400 0.041300 0.047600 0.023700 0.032500 0.023700 0.041100 0.017500 0.071800 0.035300 0.041600
Bongo 0.023500 0.092300 0.005500 0.126400 0.047500 0.029500 0.047300 0.041900 0.000000 0.041000 0.017600 0.029400 0.035300 0.029600 0.035100 0.023600 0.035100 0.047100 0.047500 0.000000 0.029500 0.023400 0.052100 0.047400 0.023600 0.041200 0.035300 0.000000 0.035400 0.005500 0.047200 0.035400 0.053600 0.035300 0.023400 0.029700 0.023400 0.041500 0.054300 0.029600 0.034900 0.041200 0.041000 0.047300 0.023500 0.046900 0.035600 0.052800 0.029200 0.071400 0.000000 0.005600
Gerenuk 0.023700 0.093200 0.041300 0.113900 0.047900 0.029800 0.023500 0.017300 0.035400 0.041400 0.017700 0.029700 0.023600 0.017800 0.023500 0.011800 0.035400 0.047600 0.035700 0.035400 0.005600 0.023600 0.065100 0.047800 0.011800 0.017600 0.023600 0.035400 0.000000 0.041600 0.047600 0.023700 0.047800 0.023600 0.011200 0.030000 0.023600 0.041900 0.030000 0.029800 0.047300 0.017600 0.041400 0.047800 0.023700 0.035300 0.011800 0.041200 0.016900 0.084700 0.035400 0.038700
CommonElan 0.029500 0.099100 0.011500 0.133600 0.053800 0.035700 0.053600 0.048200 0.005800 0.047200 0.023600 0.035500 0.041500 0.035700 0.041200 0.029700 0.040600 0.053300 0.053800 0.005800 0.035600 0.029400 0.058500 0.053600 0.029700 0.047400 0.041500 0.005500 0.041600 0.000000 0.053400 0.041600 0.059900 0.041500 0.029400 0.035800 0.029400 0.047800 0.060700 0.035700 0.041000 0.047400 0.047200 0.053600 0.029600 0.053000 0.041700 0.059000 0.035300 0.077800 0.005800 0.011600
MuntiacusR 0.035500 0.105600 0.053100 0.140300 0.047300 0.041700 0.059700 0.054400 0.047200 0.005700 0.029600 0.041500 0.047500 0.041700 0.047100 0.035700 0.035100 0.047100 0.059900 0.047200 0.041600 0.035400 0.040500 0.023400 0.035700 0.053400 0.047500 0.047200 0.047600 0.053400 0.000000 0.047600 0.047500 0.047500 0.035400 0.041900 0.035400 0.047800 0.066900 0.017700 0.023200 0.053400 0.005500 0.022500 0.035600 0.059100 0.047800 0.065100 0.041200 0.090500 0.047200 0.053500
HarveysDui 0.023700 0.093200 0.041300 0.127600 0.047900 0.029800 0.023400 0.030000 0.035400 0.041400 0.017700 0.029700 0.023600 0.005600 0.023400 0.022500 0.035400 0.047500 0.035700 0.035400 0.017700 0.023600 0.065100 0.041600 0.023800 0.029500 0.023600 0.035400 0.023700 0.041600 0.047600 0.000000 0.054100 0.023600 0.011200 0.030000 0.023600 0.041900 0.042300 0.029800 0.047300 0.029500 0.041400 0.041500 0.023700 0.035300 0.023800 0.041200 0.017600 0.084700 0.035400 0.041700
Pronghorn 0.041800 0.112800 0.047300 0.127100 0.053900 0.048100 0.066200 0.054600 0.053000 0.041300 0.035800 0.047800 0.053900 0.048100 0.053500 0.035900 0.041300 0.038200 0.066500 0.053600 0.041700 0.041600 0.065000 0.060100 0.035900 0.053600 0.053900 0.053600 0.047800 0.059900 0.047500 0.054100 0.000000 0.053900 0.041600 0.048300 0.041700 0.048000 0.067100 0.042000 0.059500 0.053600 0.041300 0.060100 0.041900 0.065600 0.048000 0.071600 0.047500 0.103700 0.053600 0.060000
BlueWildeb 0.023600 0.086300 0.041200 0.127200 0.035600 0.029700 0.035500 0.030000 0.035300 0.041300 0.017700 0.029600 0.000000 0.017700 0.023400 0.023800 0.035300 0.035300 0.035600 0.035300 0.017700 0.023500 0.064900 0.047600 0.023800 0.029400 0.000000 0.035300 0.023600 0.041500 0.047500 0.023600 0.053900 0.000000 0.011700 0.029900 0.023600 0.029600 0.029900 0.029700 0.047200 0.029400 0.041300 0.047600 0.023700 0.035200 0.023700 0.041100 0.017500 0.071800 0.035300 0.041600
Gemsbok 0.011700 0.079900 0.029300 0.113600 0.035600 0.017700 0.023500 0.017900 0.023400 0.029300 0.005600 0.017600 0.011300 0.005700 0.011600 0.011800 0.023400 0.032800 0.022500 0.023400 0.005900 0.011300 0.052700 0.035500 0.011800 0.017800 0.011300 0.023400 0.011200 0.029400 0.035400 0.011200 0.041600 0.011700 0.000000 0.017800 0.011700 0.029700 0.029900 0.017700 0.035200 0.017500 0.029300 0.035500 0.011300 0.023300 0.011800 0.029100 0.005800 0.071800 0.023400 0.029500
Yak 0.017900 0.087500 0.033600 0.122000 0.042200 0.024000 0.042000 0.036500 0.029700 0.035700 0.011900 0.011300 0.029900 0.024000 0.029700 0.018000 0.029700 0.041900 0.042200 0.029700 0.023900 0.017800 0.059500 0.042000 0.018000 0.035900 0.029900 0.029700 0.030000 0.035800 0.041900 0.030000 0.048300 0.029900 0.017800 0.000000 0.017800 0.036100 0.049000 0.024000 0.041700 0.035800 0.035700 0.042000 0.005700 0.041600 0.030100 0.047600 0.023700 0.079000 0.029700 0.035900
BlueSheep 0.011700 0.080000 0.029300 0.113800 0.035600 0.017700 0.035500 0.030000 0.023400 0.029300 0.005900 0.017600 0.023600 0.017700 0.023400 0.011800 0.023400 0.033200 0.035600 0.023400 0.017700 0.011700 0.052800 0.035500 0.011800 0.029400 0.023600 0.023400 0.023600 0.029400 0.035400 0.023600 0.041700 0.023600 0.011700 0.017800 0.000000 0.029700 0.042200 0.017700 0.035200 0.029400 0.029300 0.035500 0.011800 0.035200 0.023700 0.041100 0.017500 0.071900 0.023400 0.029500
BohorReedb 0.029700 0.093300 0.047500 0.128000 0.022500 0.036000 0.054000 0.048600 0.038300 0.041500 0.023800 0.035800 0.029600 0.036000 0.041500 0.030000 0.041500 0.041500 0.054200 0.041500 0.035900 0.028100 0.065300 0.047900 0.030000 0.047800 0.029600 0.041500 0.041900 0.047800 0.047800 0.041900 0.048000 0.029600 0.029700 0.036100 0.029700 0.000000 0.048600 0.029900 0.047500 0.047700 0.041500 0.047900 0.029800 0.053500 0.042100 0.059500 0.035600 0.078500 0.041500 0.047900
KirksDik 0.042300 0.107500 0.060300 0.135900 0.054700 0.048700 0.054600 0.036600 0.054300 0.060400 0.036200 0.048500 0.029900 0.036300 0.041900 0.030200 0.054200 0.054200 0.054800 0.054300 0.024000 0.042200 0.084600 0.067100 0.030200 0.035900 0.029900 0.054300 0.030000 0.060700 0.066900 0.042300 0.067100 0.029900 0.029900 0.049000 0.042200 0.048600 0.000000 0.048800 0.066500 0.035900 0.060400 0.067100 0.042400 0.054000 0.030100 0.060100 0.035900 0.092000 0.054300 0.060800
RoeDeer 0.017800 0.087100 0.035500 0.121500 0.042000 0.023900 0.041900 0.036300 0.029600 0.011700 0.011900 0.023800 0.029700 0.023900 0.029500 0.017900 0.029600 0.041700 0.042000 0.029600 0.023800 0.017700 0.035100 0.017700 0.017900 0.035700 0.029700 0.029600 0.029800 0.035700 0.017700 0.029800 0.042000 0.029700 0.017700 0.024000 0.017700 0.029900 0.048800 0.000000 0.017500 0.035700 0.011700 0.017700 0.017800 0.041400 0.030000 0.047400 0.023600 0.078500 0.029600 0.035800
WhiteLippe 0.035300 0.105000 0.040800 0.139400 0.059500 0.041500 0.059300 0.054000 0.034900 0.017300 0.029400 0.041200 0.043400 0.041500 0.046900 0.035500 0.046900 0.059100 0.059500 0.034900 0.041300 0.035200 0.028600 0.023200 0.035500 0.053100 0.047200 0.034900 0.047300 0.041000 0.023200 0.047300 0.059500 0.047200 0.035200 0.041700 0.035200 0.047500 0.066500 0.017500 0.000000 0.053100 0.016500 0.023200 0.035400 0.058700 0.047500 0.064700 0.041000 0.083500 0.034900 0.041100
ThomsonGaz 0.029500 0.099100 0.047100 0.119800 0.053800 0.035700 0.041400 0.023800 0.041200 0.047200 0.023600 0.023500 0.029400 0.023600 0.029200 0.017700 0.041200 0.053300 0.041600 0.041200 0.011700 0.029400 0.070800 0.053600 0.017700 0.011100 0.029400 0.041200 0.017600 0.047400 0.053400 0.029500 0.053600 0.029400 0.017500 0.035800 0.029400 0.047700 0.035900 0.035700 0.053100 0.000000 0.047200 0.053600 0.029600 0.041000 0.017600 0.046900 0.023400 0.090400 0.041200 0.047500
MuntiacusC 0.029400 0.098700 0.046900 0.132900 0.041300 0.035500 0.053400 0.048000 0.041000 0.000000 0.023500 0.035300 0.041300 0.035500 0.041000 0.029600 0.029100 0.041000 0.053500 0.041000 0.035400 0.029300 0.034500 0.017400 0.029600 0.047200 0.041300 0.041000 0.041400 0.047200 0.005500 0.041400 0.041300 0.041300 0.029300 0.035700 0.029300 0.041500 0.060400 0.011700 0.016500 0.047200 0.000000 0.017400 0.029500 0.052800 0.041600 0.058800 0.035100 0.090100 0.041000 0.047300
WhiteTaile 0.035600 0.105900 0.053300 0.139700 0.060100 0.041800 0.053500 0.054500 0.047300 0.017400 0.029600 0.041600 0.047600 0.035700 0.047300 0.035800 0.047300 0.059600 0.060100 0.047300 0.041700 0.035500 0.040600 0.011600 0.035800 0.053600 0.047600 0.047300 0.047800 0.053600 0.022500 0.041500 0.060100 0.047600 0.035500 0.042000 0.035500 0.047900 0.067100 0.017700 0.023200 0.053600 0.017400 0.000000 0.035700 0.059300 0.048000 0.065300 0.041400 0.097000 0.047300 0.053700
Cattle 0.011800 0.080400 0.029400 0.114400 0.035800 0.017800 0.035700 0.030100 0.023500 0.029500 0.005900 0.005800 0.023700 0.017800 0.023500 0.011900 0.023500 0.035600 0.035800 0.023500 0.017800 0.011800 0.053000 0.035700 0.011900 0.029600 0.023700 0.023500 0.023700 0.029600 0.035600 0.023700 0.041900 0.023700 0.011300 0.005700 0.011800 0.029800 0.042400 0.017800 0.035400 0.029600 0.029500 0.035700 0.000000 0.035300 0.023800 0.041300 0.017600 0.072300 0.023500 0.029700
RoyalAntel 0.035200 0.104800 0.052800 0.139300 0.059500 0.041400 0.047100 0.041700 0.046900 0.052800 0.029300 0.041200 0.035200 0.029400 0.034900 0.035500 0.046900 0.059000 0.047300 0.046900 0.029300 0.023300 0.076100 0.059300 0.035500 0.041000 0.032500 0.046900 0.035300 0.053000 0.059100 0.035300 0.065600 0.035200 0.023300 0.041600 0.035200 0.053500 0.054000 0.041400 0.058700 0.041000 0.052800 0.059300 0.035300 0.000000 0.032900 0.040700 0.029100 0.096100 0.046900 0.053200
Steenbok 0.023800 0.093600 0.041500 0.114300 0.048100 0.029900 0.035800 0.018000 0.035600 0.041600 0.017800 0.029800 0.023700 0.017900 0.023500 0.011400 0.035600 0.046900 0.035900 0.035600 0.005600 0.023700 0.065300 0.048000 0.011400 0.017700 0.023700 0.035600 0.011800 0.041700 0.047800 0.023800 0.048000 0.023700 0.011800 0.030100 0.023700 0.042100 0.030100 0.030000 0.047500 0.017600 0.041600 0.048000 0.023800 0.032900 0.000000 0.029400 0.017700 0.085000 0.035600 0.041800
Impala 0.041200 0.111200 0.058700 0.145800 0.065500 0.047400 0.053100 0.047800 0.052800 0.058800 0.035300 0.047200 0.041100 0.035400 0.040800 0.041400 0.052800 0.065000 0.041200 0.052800 0.035200 0.029100 0.082400 0.065300 0.041400 0.046900 0.041100 0.052800 0.041200 0.059000 0.065100 0.041200 0.071600 0.041100 0.029100 0.047600 0.041100 0.059500 0.060100 0.047400 0.064700 0.046900 0.058800 0.065300 0.041300 0.040700 0.029400 0.000000 0.034900 0.102300 0.052800 0.059200
Klipspring 0.017000 0.086000 0.035100 0.119900 0.041500 0.023600 0.029400 0.023800 0.029200 0.035100 0.011200 0.023500 0.017500 0.011700 0.017400 0.017700 0.029200 0.041200 0.029500 0.029200 0.011200 0.017500 0.058500 0.041400 0.017700 0.023400 0.017500 0.029200 0.016900 0.035300 0.041200 0.017600 0.047500 0.017500 0.005800 0.023700 0.017500 0.035600 0.035900 0.023600 0.041000 0.023400 0.035100 0.041400 0.017600 0.029100 0.017700 0.034900 0.000000 0.077800 0.029200 0.035400
ForestMusk 0.072100 0.138400 0.077400 0.181700 0.084600 0.078700 0.097100 0.092000 0.071400 0.090100 0.066000 0.078300 0.071800 0.078700 0.083800 0.072600 0.083900 0.083900 0.097400 0.071400 0.078400 0.071800 0.101400 0.097100 0.072600 0.090500 0.071800 0.071400 0.084700 0.077800 0.090500 0.084700 0.103700 0.071800 0.071800 0.079000 0.071900 0.078500 0.092000 0.078500 0.083500 0.090400 0.090100 0.097000 0.072300 0.096100 0.085000 0.102300 0.077800 0.000000 0.071400 0.077900
Bushbuck 0.023500 0.092300 0.005700 0.126400 0.047500 0.029500 0.047300 0.041900 0.000000 0.041000 0.017600 0.029400 0.035300 0.029600 0.035100 0.023600 0.035100 0.047100 0.047500 0.000000 0.029500 0.023400 0.052400 0.047400 0.023600 0.041200 0.035300 0.000000 0.035400 0.005800 0.047200 0.035400 0.053600 0.035300 0.023400 0.029700 0.023400 0.041500 0.054300 0.029600 0.034900 0.041200 0.041000 0.047300 0.023500 0.046900 0.035600 0.052800 0.029200 0.071400 0.000000 0.005800
GreaterKud 0.029600 0.099400 0.011600 0.120400 0.053900 0.035800 0.053700 0.048300 0.005800 0.047300 0.023700 0.035600 0.041600 0.035800 0.041300 0.029800 0.041300 0.053500 0.041700 0.005800 0.035600 0.029500 0.058700 0.053700 0.029800 0.047500 0.041600 0.005600 0.038700 0.011600 0.053500 0.041700 0.060000 0.041600 0.029500 0.035900 0.029500 0.047900 0.060800 0.035800 0.041100 0.047500 0.047300 0.053700 0.029700 0.053200 0.041800 0.059200 0.035400 0.077900 0.005800 0.000000
