CODONML (in paml version 4.10.7, June 2023)  /home/rachel/ruminants_paml/6406-phy-tree/ENSBTAT00000011015.fasta.phy
Model: free dN/dS Ratios for branches,  kappa = 2.000 fixed

Codon frequency model: F3x4
ns =  54  ls =  58

Codon usage in sequences
--------------------------------------------------------------------------------------------------------------------------------------
Phe TTT   4   1   3   3   1   1 | Ser TCT   1   1   1   1   1   1 | Tyr TAT   0   0   0   0   0   0 | Cys TGT   0   0   0   0   0   0
    TTC   0   3   1   1   3   3 |     TCC   1   1   1   1   1   1 |     TAC   0   0   0   0   0   0 |     TGC   1   1   1   1   1   1
Leu TTA   0   0   0   0   0   0 |     TCA   1   1   1   1   1   1 | *** TAA   0   0   0   0   0   0 | *** TGA   0   0   0   0   0   0
    TTG   2   2   2   2   2   2 |     TCG   0   0   0   0   0   0 |     TAG   0   0   0   0   0   0 | Trp TGG   1   1   1   1   1   1
--------------------------------------------------------------------------------------------------------------------------------------
Leu CTT   1   1   1   1   1   1 | Pro CCT   0   0   0   0   0   0 | His CAT   0   0   0   0   0   0 | Arg CGT   0   0   0   0   0   0
    CTC   0   0   0   0   0   0 |     CCC   1   0   1   0   0   0 |     CAC   1   1   1   1   1   1 |     CGC   0   0   0   0   0   0
    CTA   1   1   1   1   0   1 |     CCA   0   1   0   1   1   1 | Gln CAA   0   1   0   1   1   1 |     CGA   1   1   1   1   1   1
    CTG   2   2   2   2   3   2 |     CCG   0   0   0   0   0   0 |     CAG   4   3   4   3   3   3 |     CGG   1   1   1   1   1   1
--------------------------------------------------------------------------------------------------------------------------------------
Ile ATT   1   1   1   1   1   1 | Thr ACT   0   0   0   0   0   0 | Asn AAT   2   3   2   2   2   2 | Ser AGT   0   0   0   0   0   0
    ATC   0   0   0   0   0   0 |     ACC   0   0   0   0   0   0 |     AAC   3   1   3   3   3   3 |     AGC   1   2   1   1   1   1
    ATA   0   0   0   0   0   0 |     ACA   2   2   2   2   2   2 | Lys AAA   0   0   0   0   0   0 | Arg AGA   1   1   1   1   1   2
Met ATG   4   4   4   4   4   4 |     ACG   0   0   0   0   0   0 |     AAG   3   3   3   3   3   3 |     AGG   2   2   2   2   2   1
--------------------------------------------------------------------------------------------------------------------------------------
Val GTT   1   1   1   1   1   1 | Ala GCT   2   2   2   2   1   1 | Asp GAT   0   0   0   0   0   0 | Gly GGT   1   1   1   1   1   1
    GTC   0   0   0   0   0   0 |     GCC   1   1   1   1   2   2 |     GAC   1   1   1   1   1   1 |     GGC   3   3   3   3   3   3
    GTA   0   0   0   0   0   0 |     GCA   0   0   0   0   0   0 | Glu GAA   4   3   3   3   3   4 |     GGA   0   0   0   0   0   0
    GTG   0   0   0   0   0   0 |     GCG   0   0   0   0   0   0 |     GAG   2   3   3   3   3   2 |     GGG   1   1   1   1   1   1
--------------------------------------------------------------------------------------------------------------------------------------

--------------------------------------------------------------------------------------------------------------------------------------
Phe TTT   4   4   4   4   3   3 | Ser TCT   1   1   1   1   1   1 | Tyr TAT   0   0   0   0   0   0 | Cys TGT   0   0   0   0   0   0
    TTC   0   0   0   0   1   1 |     TCC   1   1   1   1   1   1 |     TAC   0   0   0   0   0   0 |     TGC   1   1   1   1   1   1
Leu TTA   0   0   0   0   0   1 |     TCA   1   1   1   1   1   1 | *** TAA   0   0   0   0   0   0 | *** TGA   0   0   0   0   0   0
    TTG   2   2   2   2   2   2 |     TCG   0   0   0   0   0   0 |     TAG   0   0   0   0   0   0 | Trp TGG   1   1   1   1   1   1
--------------------------------------------------------------------------------------------------------------------------------------
Leu CTT   1   1   1   1   1   1 | Pro CCT   0   0   0   0   0   0 | His CAT   0   0   0   0   0   0 | Arg CGT   0   0   0   0   0   0
    CTC   0   0   0   0   0   0 |     CCC   1   1   1   1   1   0 |     CAC   1   1   1   1   1   1 |     CGC   0   0   0   0   0   0
    CTA   1   1   1   1   1   0 |     CCA   0   0   0   0   0   1 | Gln CAA   0   0   0   0   0   1 |     CGA   1   1   1   1   1   1
    CTG   2   2   2   2   2   2 |     CCG   0   0   0   0   0   0 |     CAG   4   4   4   4   4   3 |     CGG   1   1   1   1   1   1
--------------------------------------------------------------------------------------------------------------------------------------
Ile ATT   1   1   1   1   1   1 | Thr ACT   0   0   0   0   0   0 | Asn AAT   2   2   2   2   2   2 | Ser AGT   0   0   0   0   0   0
    ATC   0   0   0   0   0   0 |     ACC   0   0   0   0   0   0 |     AAC   3   3   3   3   3   3 |     AGC   1   1   1   1   1   1
    ATA   0   0   0   0   0   0 |     ACA   2   2   2   2   2   2 | Lys AAA   0   0   0   0   0   0 | Arg AGA   1   1   1   1   1   1
Met ATG   4   4   4   4   4   4 |     ACG   0   0   0   0   0   0 |     AAG   3   3   3   3   3   3 |     AGG   2   2   2   2   2   2
--------------------------------------------------------------------------------------------------------------------------------------
Val GTT   1   1   0   1   1   1 | Ala GCT   2   2   2   2   2   2 | Asp GAT   1   0   0   0   0   0 | Gly GGT   1   1   1   1   1   1
    GTC   0   0   1   0   0   0 |     GCC   1   1   1   1   1   1 |     GAC   0   1   1   1   1   1 |     GGC   3   3   3   3   3   3
    GTA   0   0   0   0   0   0 |     GCA   0   0   0   0   0   0 | Glu GAA   4   4   4   4   3   3 |     GGA   0   0   0   0   0   0
    GTG   0   0   0   0   0   0 |     GCG   0   0   0   0   0   0 |     GAG   2   2   2   2   3   3 |     GGG   1   1   1   1   1   1
--------------------------------------------------------------------------------------------------------------------------------------

--------------------------------------------------------------------------------------------------------------------------------------
Phe TTT   4   3   4   4   4   4 | Ser TCT   1   1   1   1   1   1 | Tyr TAT   0   0   0   0   0   0 | Cys TGT   0   0   0   0   0   0
    TTC   0   1   0   0   0   0 |     TCC   1   1   1   1   1   1 |     TAC   0   0   0   0   0   0 |     TGC   1   1   1   1   1   1
Leu TTA   0   0   0   0   0   0 |     TCA   1   1   1   1   1   1 | *** TAA   0   0   0   0   0   0 | *** TGA   0   0   0   0   0   0
    TTG   2   2   2   2   3   2 |     TCG   0   0   0   0   0   0 |     TAG   0   0   0   0   0   0 | Trp TGG   1   1   1   1   1   1
--------------------------------------------------------------------------------------------------------------------------------------
Leu CTT   1   1   1   1   1   1 | Pro CCT   0   0   0   0   0   0 | His CAT   0   0   0   0   1   0 | Arg CGT   0   0   0   0   0   0
    CTC   0   0   0   0   0   0 |     CCC   1   1   1   1   1   1 |     CAC   1   1   1   1   0   1 |     CGC   0   0   0   0   0   0
    CTA   1   1   1   1   1   1 |     CCA   0   0   0   0   0   0 | Gln CAA   0   0   0   0   0   0 |     CGA   1   1   1   1   1   1
    CTG   2   2   2   2   1   2 |     CCG   0   0   0   0   0   0 |     CAG   4   4   4   4   4   4 |     CGG   1   1   1   1   1   1
--------------------------------------------------------------------------------------------------------------------------------------
Ile ATT   1   1   1   1   1   1 | Thr ACT   0   0   0   0   0   0 | Asn AAT   2   2   2   2   2   2 | Ser AGT   0   0   0   0   0   0
    ATC   0   0   0   0   0   0 |     ACC   0   0   0   0   0   0 |     AAC   3   3   3   3   3   3 |     AGC   1   1   1   1   1   1
    ATA   0   0   0   0   0   0 |     ACA   2   2   2   2   2   2 | Lys AAA   0   0   0   0   0   0 | Arg AGA   1   1   1   1   0   1
Met ATG   4   4   4   4   4   4 |     ACG   0   0   0   0   0   0 |     AAG   3   3   3   3   3   3 |     AGG   2   2   2   2   3   2
--------------------------------------------------------------------------------------------------------------------------------------
Val GTT   1   1   1   0   1   1 | Ala GCT   2   2   2   2   2   2 | Asp GAT   0   0   0   0   0   0 | Gly GGT   1   1   1   2   1   1
    GTC   0   0   0   1   0   0 |     GCC   1   1   1   1   1   1 |     GAC   1   1   1   1   1   1 |     GGC   3   3   3   2   3   3
    GTA   0   0   0   0   0   0 |     GCA   0   0   0   0   0   0 | Glu GAA   4   3   4   4   4   4 |     GGA   0   0   0   0   0   0
    GTG   0   0   0   0   0   0 |     GCG   0   0   0   0   0   0 |     GAG   2   3   2   2   2   2 |     GGG   1   1   1   1   1   1
--------------------------------------------------------------------------------------------------------------------------------------

--------------------------------------------------------------------------------------------------------------------------------------
Phe TTT   3   3   4   3   4   4 | Ser TCT   1   1   1   1   1   1 | Tyr TAT   0   0   0   0   0   0 | Cys TGT   0   0   0   0   0   0
    TTC   1   1   0   1   0   0 |     TCC   1   1   1   1   1   1 |     TAC   0   0   0   0   0   0 |     TGC   1   1   1   1   1   1
Leu TTA   0   0   0   0   0   0 |     TCA   1   1   1   1   1   1 | *** TAA   0   0   0   0   0   0 | *** TGA   0   0   0   0   0   0
    TTG   2   2   2   2   2   2 |     TCG   0   0   0   0   0   0 |     TAG   0   0   0   0   0   0 | Trp TGG   1   1   1   1   1   1
--------------------------------------------------------------------------------------------------------------------------------------
Leu CTT   1   1   1   1   1   1 | Pro CCT   0   0   0   0   0   0 | His CAT   0   0   0   0   0   0 | Arg CGT   0   0   0   0   0   0
    CTC   0   0   0   0   0   0 |     CCC   0   0   1   1   1   1 |     CAC   1   1   1   1   1   1 |     CGC   0   0   0   0   0   0
    CTA   1   1   1   1   1   1 |     CCA   1   1   0   0   0   0 | Gln CAA   1   1   0   0   0   0 |     CGA   1   1   1   1   1   1
    CTG   2   2   2   2   2   2 |     CCG   0   0   0   0   0   0 |     CAG   3   3   4   4   4   4 |     CGG   1   1   1   1   1   1
--------------------------------------------------------------------------------------------------------------------------------------
Ile ATT   1   1   1   1   1   1 | Thr ACT   0   0   0   0   0   0 | Asn AAT   2   2   2   2   2   3 | Ser AGT   0   0   0   0   0   0
    ATC   0   0   0   0   0   0 |     ACC   0   0   0   0   0   0 |     AAC   3   3   3   3   3   2 |     AGC   1   1   1   1   1   1
    ATA   0   0   0   0   0   0 |     ACA   2   2   2   2   2   2 | Lys AAA   1   1   0   0   0   0 | Arg AGA   1   1   1   1   1   1
Met ATG   4   4   4   4   4   4 |     ACG   0   0   0   0   0   0 |     AAG   2   2   3   3   3   3 |     AGG   2   2   2   2   2   2
--------------------------------------------------------------------------------------------------------------------------------------
Val GTT   1   1   1   1   1   1 | Ala GCT   2   2   2   2   2   2 | Asp GAT   0   0   0   0   0   0 | Gly GGT   1   1   1   1   1   1
    GTC   0   0   0   0   0   0 |     GCC   1   1   1   1   1   1 |     GAC   1   1   1   1   1   1 |     GGC   3   3   3   3   3   3
    GTA   0   0   0   0   0   0 |     GCA   0   0   0   0   0   0 | Glu GAA   3   3   4   3   4   5 |     GGA   0   0   0   0   0   0
    GTG   0   0   0   0   0   0 |     GCG   0   0   0   0   0   0 |     GAG   3   3   2   3   2   1 |     GGG   1   1   1   1   1   1
--------------------------------------------------------------------------------------------------------------------------------------

--------------------------------------------------------------------------------------------------------------------------------------
Phe TTT   3   3   4   4   4   3 | Ser TCT   1   1   1   1   1   1 | Tyr TAT   0   0   0   0   0   0 | Cys TGT   0   0   0   0   0   0
    TTC   1   1   0   0   0   1 |     TCC   1   1   1   1   1   1 |     TAC   0   0   0   0   0   0 |     TGC   1   1   1   1   1   1
Leu TTA   1   1   0   0   0   0 |     TCA   1   1   1   1   1   1 | *** TAA   0   0   0   0   0   0 | *** TGA   0   0   0   0   0   0
    TTG   2   2   2   2   2   2 |     TCG   0   0   0   0   0   0 |     TAG   0   0   0   0   0   0 | Trp TGG   1   1   1   1   1   1
--------------------------------------------------------------------------------------------------------------------------------------
Leu CTT   1   1   1   1   1   1 | Pro CCT   0   0   0   0   0   0 | His CAT   0   0   0   0   0   0 | Arg CGT   0   0   0   0   0   0
    CTC   0   0   0   0   0   0 |     CCC   0   0   1   1   1   1 |     CAC   1   1   1   1   1   1 |     CGC   0   0   0   0   0   0
    CTA   0   0   1   1   1   1 |     CCA   1   1   0   0   0   0 | Gln CAA   1   1   0   0   0   0 |     CGA   1   1   1   1   1   1
    CTG   2   2   2   2   2   2 |     CCG   0   0   0   0   0   0 |     CAG   3   3   4   4   4   4 |     CGG   1   1   1   1   1   1
--------------------------------------------------------------------------------------------------------------------------------------
Ile ATT   1   1   1   1   1   1 | Thr ACT   0   0   0   0   0   0 | Asn AAT   2   2   2   2   2   2 | Ser AGT   0   0   0   0   0   0
    ATC   0   0   0   0   0   0 |     ACC   0   0   0   0   0   0 |     AAC   3   3   3   3   3   3 |     AGC   1   1   1   1   1   1
    ATA   0   0   0   0   0   0 |     ACA   2   2   2   1   2   2 | Lys AAA   0   0   0   0   0   0 | Arg AGA   1   1   1   1   1   1
Met ATG   4   4   4   4   4   4 |     ACG   0   0   0   1   0   0 |     AAG   3   3   3   3   3   3 |     AGG   2   2   2   2   2   2
--------------------------------------------------------------------------------------------------------------------------------------
Val GTT   1   1   1   1   1   1 | Ala GCT   2   2   2   2   2   2 | Asp GAT   0   0   0   0   0   0 | Gly GGT   1   1   1   1   1   1
    GTC   0   0   0   0   0   0 |     GCC   1   1   1   1   1   1 |     GAC   1   1   1   1   1   1 |     GGC   3   3   3   3   3   3
    GTA   0   0   0   0   0   0 |     GCA   0   0   0   0   0   0 | Glu GAA   3   3   4   4   4   3 |     GGA   0   0   0   0   0   0
    GTG   0   0   0   0   0   0 |     GCG   0   0   0   0   0   0 |     GAG   3   3   2   2   2   3 |     GGG   1   1   1   1   1   1
--------------------------------------------------------------------------------------------------------------------------------------

--------------------------------------------------------------------------------------------------------------------------------------
Phe TTT   4   3   3   4   3   4 | Ser TCT   1   1   1   1   1   1 | Tyr TAT   0   0   0   0   0   0 | Cys TGT   0   0   0   0   0   0
    TTC   0   1   1   0   1   0 |     TCC   1   1   1   1   1   1 |     TAC   0   0   0   0   0   0 |     TGC   1   1   1   1   1   1
Leu TTA   0   0   1   0   0   0 |     TCA   1   1   1   1   1   1 | *** TAA   0   0   0   0   0   0 | *** TGA   0   0   0   0   0   0
    TTG   2   2   2   2   2   2 |     TCG   0   0   0   0   0   0 |     TAG   0   0   0   0   0   0 | Trp TGG   1   1   1   1   1   1
--------------------------------------------------------------------------------------------------------------------------------------
Leu CTT   1   1   1   1   1   1 | Pro CCT   0   0   0   0   0   0 | His CAT   0   0   0   0   0   0 | Arg CGT   0   0   0   0   0   0
    CTC   0   0   0   0   0   0 |     CCC   1   1   0   1   0   1 |     CAC   1   1   1   1   1   1 |     CGC   0   0   0   0   0   0
    CTA   1   1   0   1   1   1 |     CCA   0   0   1   0   1   0 | Gln CAA   0   0   1   0   1   0 |     CGA   1   1   1   1   1   1
    CTG   2   2   2   2   2   2 |     CCG   0   0   0   0   0   0 |     CAG   4   4   3   4   3   4 |     CGG   1   1   1   1   1   1
--------------------------------------------------------------------------------------------------------------------------------------
Ile ATT   1   1   1   1   1   1 | Thr ACT   0   0   0   0   0   0 | Asn AAT   2   2   2   2   2   2 | Ser AGT   0   0   0   0   0   0
    ATC   0   0   0   0   0   0 |     ACC   0   0   0   0   0   0 |     AAC   3   3   3   3   3   3 |     AGC   1   1   1   1   1   1
    ATA   0   0   0   0   0   0 |     ACA   2   2   2   2   2   2 | Lys AAA   0   0   0   0   0   0 | Arg AGA   1   1   1   1   1   1
Met ATG   4   4   4   4   4   4 |     ACG   0   0   0   0   0   0 |     AAG   3   3   3   3   3   3 |     AGG   2   2   2   2   2   2
--------------------------------------------------------------------------------------------------------------------------------------
Val GTT   1   1   1   0   1   1 | Ala GCT   2   2   2   2   2   2 | Asp GAT   0   0   0   0   0   0 | Gly GGT   1   1   1   1   1   1
    GTC   0   0   0   1   0   0 |     GCC   1   1   1   1   1   1 |     GAC   1   1   1   1   1   1 |     GGC   3   3   3   3   3   3
    GTA   0   0   0   0   0   0 |     GCA   0   0   0   0   0   0 | Glu GAA   4   3   3   4   3   4 |     GGA   0   0   0   0   0   0
    GTG   0   0   0   0   0   0 |     GCG   0   0   0   0   0   0 |     GAG   2   3   3   2   3   2 |     GGG   1   1   1   1   1   1
--------------------------------------------------------------------------------------------------------------------------------------

--------------------------------------------------------------------------------------------------------------------------------------
Phe TTT   4   3   4   4   4   3 | Ser TCT   1   1   1   1   1   1 | Tyr TAT   0   0   0   0   0   0 | Cys TGT   0   0   0   0   0   0
    TTC   0   1   0   0   0   1 |     TCC   1   1   1   1   1   1 |     TAC   0   0   0   0   0   0 |     TGC   1   1   1   1   1   1
Leu TTA   0   0   0   0   0   1 |     TCA   1   1   1   1   1   1 | *** TAA   0   0   0   0   0   0 | *** TGA   0   0   0   0   0   0
    TTG   2   2   2   2   2   1 |     TCG   0   0   0   0   0   0 |     TAG   0   0   0   0   0   0 | Trp TGG   1   1   1   1   1   1
--------------------------------------------------------------------------------------------------------------------------------------
Leu CTT   1   1   1   1   1   1 | Pro CCT   0   0   0   0   0   0 | His CAT   0   0   0   0   0   0 | Arg CGT   0   0   0   0   0   0
    CTC   0   0   0   0   0   0 |     CCC   1   1   1   1   1   0 |     CAC   1   1   1   1   1   1 |     CGC   0   0   0   0   0   0
    CTA   1   1   1   1   1   0 |     CCA   0   0   0   0   0   1 | Gln CAA   0   0   0   0   0   1 |     CGA   1   1   1   1   1   1
    CTG   2   2   2   2   2   3 |     CCG   0   0   0   0   0   0 |     CAG   4   4   4   4   4   3 |     CGG   1   1   1   1   1   1
--------------------------------------------------------------------------------------------------------------------------------------
Ile ATT   1   1   1   1   1   1 | Thr ACT   0   0   0   0   0   0 | Asn AAT   2   2   2   2   2   2 | Ser AGT   0   0   0   0   0   0
    ATC   0   0   0   0   0   0 |     ACC   0   0   0   0   0   0 |     AAC   3   3   3   3   3   3 |     AGC   1   1   1   1   1   1
    ATA   0   0   0   0   0   0 |     ACA   2   2   2   2   2   2 | Lys AAA   0   0   0   0   0   0 | Arg AGA   1   1   1   1   1   1
Met ATG   4   4   4   4   4   4 |     ACG   0   0   0   0   0   0 |     AAG   3   3   3   3   3   3 |     AGG   2   2   2   2   2   2
--------------------------------------------------------------------------------------------------------------------------------------
Val GTT   1   1   1   1   1   1 | Ala GCT   2   2   2   2   2   2 | Asp GAT   0   0   0   1   0   0 | Gly GGT   1   1   1   1   1   1
    GTC   0   0   0   0   0   0 |     GCC   1   1   1   1   1   1 |     GAC   1   1   1   0   1   1 |     GGC   3   3   3   3   3   3
    GTA   0   0   0   0   0   0 |     GCA   0   0   0   0   0   0 | Glu GAA   4   3   4   4   4   3 |     GGA   0   0   0   0   0   0
    GTG   0   0   0   0   0   0 |     GCG   0   0   0   0   0   0 |     GAG   2   3   2   2   2   3 |     GGG   1   1   1   1   1   1
--------------------------------------------------------------------------------------------------------------------------------------

--------------------------------------------------------------------------------------------------------------------------------------
Phe TTT   3   4   3   3   3   4 | Ser TCT   1   1   1   1   1   1 | Tyr TAT   0   0   0   0   0   0 | Cys TGT   0   0   0   0   0   0
    TTC   1   0   1   1   1   0 |     TCC   1   1   1   1   1   1 |     TAC   0   0   0   0   0   0 |     TGC   1   1   1   1   1   1
Leu TTA   1   0   1   1   0   0 |     TCA   1   1   1   1   1   1 | *** TAA   0   0   0   0   0   0 | *** TGA   0   0   0   0   0   0
    TTG   2   2   2   2   2   2 |     TCG   0   0   0   0   0   0 |     TAG   0   0   0   0   0   0 | Trp TGG   1   1   1   1   1   1
--------------------------------------------------------------------------------------------------------------------------------------
Leu CTT   1   1   1   1   1   1 | Pro CCT   0   0   0   0   0   0 | His CAT   0   0   0   0   0   1 | Arg CGT   0   0   0   0   0   0
    CTC   0   0   0   0   0   0 |     CCC   0   1   0   0   1   1 |     CAC   1   1   1   1   1   0 |     CGC   0   0   0   0   0   0
    CTA   0   1   0   0   1   1 |     CCA   1   0   1   1   0   0 | Gln CAA   1   0   1   1   0   0 |     CGA   1   1   1   1   1   1
    CTG   2   2   2   2   2   2 |     CCG   0   0   0   0   0   0 |     CAG   3   4   3   3   4   4 |     CGG   1   1   1   1   1   1
--------------------------------------------------------------------------------------------------------------------------------------
Ile ATT   1   1   1   1   1   1 | Thr ACT   0   0   0   0   0   0 | Asn AAT   2   2   2   2   2   2 | Ser AGT   0   0   0   0   0   0
    ATC   0   0   0   0   0   0 |     ACC   0   0   0   0   0   0 |     AAC   3   3   3   3   3   3 |     AGC   1   1   1   1   1   1
    ATA   0   0   0   0   0   0 |     ACA   2   1   2   2   2   2 | Lys AAA   0   0   0   0   0   0 | Arg AGA   1   1   1   1   1   1
Met ATG   4   4   4   4   4   4 |     ACG   0   1   0   0   0   0 |     AAG   3   3   3   3   3   3 |     AGG   2   2   2   2   2   2
--------------------------------------------------------------------------------------------------------------------------------------
Val GTT   1   1   1   1   1   1 | Ala GCT   2   2   2   2   2   2 | Asp GAT   0   0   0   0   0   0 | Gly GGT   1   1   1   1   1   1
    GTC   0   0   0   0   0   0 |     GCC   1   1   1   1   1   1 |     GAC   1   1   1   1   1   1 |     GGC   3   3   3   3   3   3
    GTA   0   0   0   0   0   0 |     GCA   0   0   0   0   0   0 | Glu GAA   3   4   3   3   3   4 |     GGA   0   0   0   0   0   0
    GTG   0   0   0   0   0   0 |     GCG   0   0   0   0   0   0 |     GAG   3   2   3   3   3   2 |     GGG   1   1   1   1   1   1
--------------------------------------------------------------------------------------------------------------------------------------

--------------------------------------------------------------------------------------------------------------------------------------
Phe TTT   4   4   4   3   3   3 | Ser TCT   1   1   1   1   1   1 | Tyr TAT   0   0   0   0   0   0 | Cys TGT   0   0   0   0   0   0
    TTC   0   0   0   1   1   1 |     TCC   1   1   1   1   1   1 |     TAC   0   0   0   0   0   0 |     TGC   1   1   1   1   1   1
Leu TTA   0   0   0   0   0   0 |     TCA   1   1   1   1   1   1 | *** TAA   0   0   0   0   0   0 | *** TGA   0   0   0   0   0   0
    TTG   2   2   2   2   2   2 |     TCG   0   0   0   0   0   0 |     TAG   0   0   0   0   0   0 | Trp TGG   1   1   1   1   1   1
--------------------------------------------------------------------------------------------------------------------------------------
Leu CTT   1   1   1   1   1   1 | Pro CCT   0   0   0   0   0   0 | His CAT   0   1   0   0   0   0 | Arg CGT   0   0   0   0   0   0
    CTC   0   0   0   0   0   0 |     CCC   1   1   1   0   1   1 |     CAC   1   0   1   1   1   1 |     CGC   0   0   0   0   0   0
    CTA   1   1   1   1   1   1 |     CCA   0   0   0   1   0   0 | Gln CAA   0   1   0   1   0   0 |     CGA   1   2   1   1   1   1
    CTG   2   2   2   2   2   2 |     CCG   0   0   0   0   0   0 |     CAG   4   3   4   3   4   4 |     CGG   1   0   1   1   1   1
--------------------------------------------------------------------------------------------------------------------------------------
Ile ATT   1   1   1   1   1   1 | Thr ACT   0   0   0   0   0   0 | Asn AAT   2   2   2   2   2   3 | Ser AGT   0   1   0   0   0   0
    ATC   0   0   0   0   0   0 |     ACC   0   0   0   0   0   0 |     AAC   3   3   3   3   3   2 |     AGC   1   0   1   1   1   1
    ATA   0   0   0   0   0   0 |     ACA   2   2   2   2   2   2 | Lys AAA   0   0   0   0   0   0 | Arg AGA   1   1   1   1   1   1
Met ATG   4   4   4   4   4   4 |     ACG   0   0   0   0   0   0 |     AAG   3   3   3   3   3   3 |     AGG   2   2   2   2   2   2
--------------------------------------------------------------------------------------------------------------------------------------
Val GTT   1   1   1   1   1   1 | Ala GCT   2   2   2   2   2   2 | Asp GAT   0   0   0   0   0   0 | Gly GGT   1   1   1   1   1   1
    GTC   0   0   0   0   0   0 |     GCC   1   1   1   1   1   1 |     GAC   1   1   1   1   1   1 |     GGC   3   3   3   3   3   3
    GTA   0   0   0   0   0   0 |     GCA   0   0   0   0   0   0 | Glu GAA   4   4   4   3   3   3 |     GGA   0   0   0   0   0   0
    GTG   0   0   0   0   0   0 |     GCG   0   0   0   0   0   0 |     GAG   2   2   2   3   3   3 |     GGG   1   1   1   1   1   1
--------------------------------------------------------------------------------------------------------------------------------------

Codon position x base (3x4) table for each sequence.

#1: Argali         
position  1:    T:0.18966    C:0.20690    A:0.32759    G:0.27586
position  2:    T:0.27586    C:0.15517    A:0.34483    G:0.22414
position  3:    T:0.22414    C:0.22414    A:0.17241    G:0.37931
Average         T:0.22989    C:0.19540    A:0.28161    G:0.29310

#2: LesserMouseDeer
position  1:    T:0.18966    C:0.20690    A:0.32759    G:0.27586
position  2:    T:0.27586    C:0.15517    A:0.32759    G:0.24138
position  3:    T:0.18966    C:0.24138    A:0.18966    G:0.37931
Average         T:0.21839    C:0.20115    A:0.28161    G:0.29885

#3: LesserKudu     
position  1:    T:0.18966    C:0.20690    A:0.32759    G:0.27586
position  2:    T:0.27586    C:0.15517    A:0.34483    G:0.22414
position  3:    T:0.20690    C:0.24138    A:0.15517    G:0.39655
Average         T:0.22414    C:0.20115    A:0.27586    G:0.29885

#4: ForestMuskDeer2
position  1:    T:0.18966    C:0.20690    A:0.32759    G:0.27586
position  2:    T:0.27586    C:0.15517    A:0.34483    G:0.22414
position  3:    T:0.20690    C:0.22414    A:0.18966    G:0.37931
Average         T:0.22414    C:0.19540    A:0.28736    G:0.29310

#5: Camel          
position  1:    T:0.18966    C:0.20690    A:0.32759    G:0.27586
position  2:    T:0.27586    C:0.15517    A:0.34483    G:0.22414
position  3:    T:0.15517    C:0.27586    A:0.17241    G:0.39655
Average         T:0.20690    C:0.21264    A:0.28161    G:0.29885

#6: KillerWhale    
position  1:    T:0.18966    C:0.20690    A:0.32759    G:0.27586
position  2:    T:0.27586    C:0.15517    A:0.34483    G:0.22414
position  3:    T:0.15517    C:0.27586    A:0.22414    G:0.34483
Average         T:0.20690    C:0.21264    A:0.29885    G:0.28161

#7: DefassaWaterbuck
position  1:    T:0.18966    C:0.20690    A:0.32759    G:0.27586
position  2:    T:0.27586    C:0.15517    A:0.34483    G:0.22414
position  3:    T:0.24138    C:0.20690    A:0.17241    G:0.37931
Average         T:0.23563    C:0.18966    A:0.28161    G:0.29310

#8: Sheep          
position  1:    T:0.18966    C:0.20690    A:0.32759    G:0.27586
position  2:    T:0.27586    C:0.15517    A:0.34483    G:0.22414
position  3:    T:0.22414    C:0.22414    A:0.17241    G:0.37931
Average         T:0.22989    C:0.19540    A:0.28161    G:0.29310

#9: MaxwellsDuiker 
position  1:    T:0.18966    C:0.20690    A:0.32759    G:0.27586
position  2:    T:0.27586    C:0.15517    A:0.34483    G:0.22414
position  3:    T:0.20690    C:0.24138    A:0.17241    G:0.37931
Average         T:0.22414    C:0.20115    A:0.28161    G:0.29310

#10: GazellaPrzewalskyi
position  1:    T:0.18966    C:0.20690    A:0.32759    G:0.27586
position  2:    T:0.27586    C:0.15517    A:0.34483    G:0.22414
position  3:    T:0.22414    C:0.22414    A:0.17241    G:0.37931
Average         T:0.22989    C:0.19540    A:0.28161    G:0.29310

#11: MountainNyala  
position  1:    T:0.18966    C:0.20690    A:0.32759    G:0.27586
position  2:    T:0.27586    C:0.15517    A:0.34483    G:0.22414
position  3:    T:0.20690    C:0.24138    A:0.15517    G:0.39655
Average         T:0.22414    C:0.20115    A:0.27586    G:0.29885

#12: MuntiacusMuntjak
position  1:    T:0.20690    C:0.18966    A:0.32759    G:0.27586
position  2:    T:0.27586    C:0.15517    A:0.34483    G:0.22414
position  3:    T:0.20690    C:0.22414    A:0.18966    G:0.37931
Average         T:0.22989    C:0.18966    A:0.28736    G:0.29310

#13: goat           
position  1:    T:0.18966    C:0.20690    A:0.32759    G:0.27586
position  2:    T:0.27586    C:0.15517    A:0.34483    G:0.22414
position  3:    T:0.22414    C:0.22414    A:0.17241    G:0.37931
Average         T:0.22989    C:0.19540    A:0.28161    G:0.29310

#14: AfricanBuffalo 
position  1:    T:0.18966    C:0.20690    A:0.32759    G:0.27586
position  2:    T:0.27586    C:0.15517    A:0.34483    G:0.22414
position  3:    T:0.20690    C:0.24138    A:0.15517    G:0.39655
Average         T:0.22414    C:0.20115    A:0.27586    G:0.29885

#15: Topi           
position  1:    T:0.18966    C:0.20690    A:0.32759    G:0.27586
position  2:    T:0.27586    C:0.15517    A:0.34483    G:0.22414
position  3:    T:0.22414    C:0.22414    A:0.17241    G:0.37931
Average         T:0.22989    C:0.19540    A:0.28161    G:0.29310

#16: CommonDuiker   
position  1:    T:0.18966    C:0.20690    A:0.32759    G:0.27586
position  2:    T:0.27586    C:0.15517    A:0.34483    G:0.22414
position  3:    T:0.22414    C:0.22414    A:0.17241    G:0.37931
Average         T:0.22989    C:0.19540    A:0.28161    G:0.29310

#17: Suni           
position  1:    T:0.20690    C:0.18966    A:0.32759    G:0.27586
position  2:    T:0.27586    C:0.15517    A:0.34483    G:0.22414
position  3:    T:0.24138    C:0.20690    A:0.15517    G:0.39655
Average         T:0.24138    C:0.18391    A:0.27586    G:0.29885

#18: Springbuck     
position  1:    T:0.18966    C:0.20690    A:0.32759    G:0.27586
position  2:    T:0.27586    C:0.15517    A:0.34483    G:0.22414
position  3:    T:0.22414    C:0.22414    A:0.17241    G:0.37931
Average         T:0.22989    C:0.19540    A:0.28161    G:0.29310

#19: Okapi          
position  1:    T:0.18966    C:0.20690    A:0.32759    G:0.27586
position  2:    T:0.27586    C:0.15517    A:0.34483    G:0.22414
position  3:    T:0.20690    C:0.22414    A:0.20690    G:0.36207
Average         T:0.22414    C:0.19540    A:0.29310    G:0.28736

#20: Giraffe        
position  1:    T:0.18966    C:0.20690    A:0.32759    G:0.27586
position  2:    T:0.27586    C:0.15517    A:0.34483    G:0.22414
position  3:    T:0.20690    C:0.22414    A:0.20690    G:0.36207
Average         T:0.22414    C:0.19540    A:0.29310    G:0.28736

#21: TibetanAntelope
position  1:    T:0.18966    C:0.20690    A:0.32759    G:0.27586
position  2:    T:0.27586    C:0.15517    A:0.34483    G:0.22414
position  3:    T:0.22414    C:0.22414    A:0.17241    G:0.37931
Average         T:0.22989    C:0.19540    A:0.28161    G:0.29310

#22: Sitatunga      
position  1:    T:0.18966    C:0.20690    A:0.32759    G:0.27586
position  2:    T:0.27586    C:0.15517    A:0.34483    G:0.22414
position  3:    T:0.20690    C:0.24138    A:0.15517    G:0.39655
Average         T:0.22414    C:0.20115    A:0.27586    G:0.29885

#23: Oribi          
position  1:    T:0.18966    C:0.20690    A:0.32759    G:0.27586
position  2:    T:0.27586    C:0.15517    A:0.34483    G:0.22414
position  3:    T:0.22414    C:0.22414    A:0.17241    G:0.37931
Average         T:0.22989    C:0.19540    A:0.28161    G:0.29310

#24: BarbarySheep   
position  1:    T:0.18966    C:0.20690    A:0.32759    G:0.27586
position  2:    T:0.27586    C:0.15517    A:0.34483    G:0.22414
position  3:    T:0.24138    C:0.20690    A:0.18966    G:0.36207
Average         T:0.23563    C:0.18966    A:0.28736    G:0.28736

#25: Daviddeer      
position  1:    T:0.20690    C:0.18966    A:0.32759    G:0.27586
position  2:    T:0.27586    C:0.15517    A:0.34483    G:0.22414
position  3:    T:0.20690    C:0.22414    A:0.18966    G:0.37931
Average         T:0.22989    C:0.18966    A:0.28736    G:0.29310

#26: Reindeer       
position  1:    T:0.20690    C:0.18966    A:0.32759    G:0.27586
position  2:    T:0.27586    C:0.15517    A:0.34483    G:0.22414
position  3:    T:0.20690    C:0.22414    A:0.18966    G:0.37931
Average         T:0.22989    C:0.18966    A:0.28736    G:0.29310

#27: Ibex           
position  1:    T:0.18966    C:0.20690    A:0.32759    G:0.27586
position  2:    T:0.27586    C:0.15517    A:0.34483    G:0.22414
position  3:    T:0.22414    C:0.22414    A:0.17241    G:0.37931
Average         T:0.22989    C:0.19540    A:0.28161    G:0.29310

#28: GyrantGazelle  
position  1:    T:0.18966    C:0.20690    A:0.32759    G:0.27586
position  2:    T:0.27586    C:0.15517    A:0.34483    G:0.22414
position  3:    T:0.22414    C:0.22414    A:0.15517    G:0.39655
Average         T:0.22989    C:0.19540    A:0.27586    G:0.29885

#29: Hartebeest     
position  1:    T:0.18966    C:0.20690    A:0.32759    G:0.27586
position  2:    T:0.27586    C:0.15517    A:0.34483    G:0.22414
position  3:    T:0.22414    C:0.22414    A:0.17241    G:0.37931
Average         T:0.22989    C:0.19540    A:0.28161    G:0.29310

#30: Bongo          
position  1:    T:0.18966    C:0.20690    A:0.32759    G:0.27586
position  2:    T:0.27586    C:0.15517    A:0.34483    G:0.22414
position  3:    T:0.20690    C:0.24138    A:0.15517    G:0.39655
Average         T:0.22414    C:0.20115    A:0.27586    G:0.29885

#31: Gerenuk        
position  1:    T:0.18966    C:0.20690    A:0.32759    G:0.27586
position  2:    T:0.27586    C:0.15517    A:0.34483    G:0.22414
position  3:    T:0.22414    C:0.22414    A:0.17241    G:0.37931
Average         T:0.22989    C:0.19540    A:0.28161    G:0.29310

#32: CommonEland    
position  1:    T:0.18966    C:0.20690    A:0.32759    G:0.27586
position  2:    T:0.27586    C:0.15517    A:0.34483    G:0.22414
position  3:    T:0.20690    C:0.24138    A:0.15517    G:0.39655
Average         T:0.22414    C:0.20115    A:0.27586    G:0.29885

#33: MuntiacusReevesi
position  1:    T:0.20690    C:0.18966    A:0.32759    G:0.27586
position  2:    T:0.27586    C:0.15517    A:0.34483    G:0.22414
position  3:    T:0.20690    C:0.22414    A:0.18966    G:0.37931
Average         T:0.22989    C:0.18966    A:0.28736    G:0.29310

#34: HarveysDuiker  
position  1:    T:0.18966    C:0.20690    A:0.32759    G:0.27586
position  2:    T:0.27586    C:0.15517    A:0.34483    G:0.22414
position  3:    T:0.20690    C:0.24138    A:0.17241    G:0.37931
Average         T:0.22414    C:0.20115    A:0.28161    G:0.29310

#35: Pronghorn      
position  1:    T:0.18966    C:0.20690    A:0.32759    G:0.27586
position  2:    T:0.27586    C:0.15517    A:0.34483    G:0.22414
position  3:    T:0.20690    C:0.22414    A:0.18966    G:0.37931
Average         T:0.22414    C:0.19540    A:0.28736    G:0.29310

#36: BlueWildebeest 
position  1:    T:0.18966    C:0.20690    A:0.32759    G:0.27586
position  2:    T:0.27586    C:0.15517    A:0.34483    G:0.22414
position  3:    T:0.22414    C:0.22414    A:0.17241    G:0.37931
Average         T:0.22989    C:0.19540    A:0.28161    G:0.29310

#37: Gemsbok        
position  1:    T:0.18966    C:0.20690    A:0.32759    G:0.27586
position  2:    T:0.27586    C:0.15517    A:0.34483    G:0.22414
position  3:    T:0.22414    C:0.22414    A:0.17241    G:0.37931
Average         T:0.22989    C:0.19540    A:0.28161    G:0.29310

#38: Yak            
position  1:    T:0.18966    C:0.20690    A:0.32759    G:0.27586
position  2:    T:0.27586    C:0.15517    A:0.34483    G:0.22414
position  3:    T:0.20690    C:0.24138    A:0.15517    G:0.39655
Average         T:0.22414    C:0.20115    A:0.27586    G:0.29885

#39: BlueSheep      
position  1:    T:0.18966    C:0.20690    A:0.32759    G:0.27586
position  2:    T:0.27586    C:0.15517    A:0.34483    G:0.22414
position  3:    T:0.22414    C:0.22414    A:0.17241    G:0.37931
Average         T:0.22989    C:0.19540    A:0.28161    G:0.29310

#40: BohorReedbuck  
position  1:    T:0.18966    C:0.20690    A:0.32759    G:0.27586
position  2:    T:0.27586    C:0.15517    A:0.34483    G:0.22414
position  3:    T:0.24138    C:0.20690    A:0.17241    G:0.37931
Average         T:0.23563    C:0.18966    A:0.28161    G:0.29310

#41: KirksDik       
position  1:    T:0.18966    C:0.20690    A:0.32759    G:0.27586
position  2:    T:0.27586    C:0.15517    A:0.34483    G:0.22414
position  3:    T:0.22414    C:0.22414    A:0.17241    G:0.37931
Average         T:0.22989    C:0.19540    A:0.28161    G:0.29310

#42: RoeDeer        
position  1:    T:0.18966    C:0.20690    A:0.32759    G:0.27586
position  2:    T:0.27586    C:0.15517    A:0.34483    G:0.22414
position  3:    T:0.20690    C:0.22414    A:0.18966    G:0.37931
Average         T:0.22414    C:0.19540    A:0.28736    G:0.29310

#43: WhiteLippedDeer
position  1:    T:0.20690    C:0.18966    A:0.32759    G:0.27586
position  2:    T:0.27586    C:0.15517    A:0.34483    G:0.22414
position  3:    T:0.20690    C:0.22414    A:0.18966    G:0.37931
Average         T:0.22989    C:0.18966    A:0.28736    G:0.29310

#44: ThomsonGazelle 
position  1:    T:0.18966    C:0.20690    A:0.32759    G:0.27586
position  2:    T:0.27586    C:0.15517    A:0.34483    G:0.22414
position  3:    T:0.22414    C:0.22414    A:0.15517    G:0.39655
Average         T:0.22989    C:0.19540    A:0.27586    G:0.29885

#45: MuntiacusCrinifrons
position  1:    T:0.20690    C:0.18966    A:0.32759    G:0.27586
position  2:    T:0.27586    C:0.15517    A:0.34483    G:0.22414
position  3:    T:0.20690    C:0.22414    A:0.18966    G:0.37931
Average         T:0.22989    C:0.18966    A:0.28736    G:0.29310

#46: WhiteTailedDeer
position  1:    T:0.20690    C:0.18966    A:0.32759    G:0.27586
position  2:    T:0.27586    C:0.15517    A:0.34483    G:0.22414
position  3:    T:0.20690    C:0.22414    A:0.18966    G:0.37931
Average         T:0.22989    C:0.18966    A:0.28736    G:0.29310

#47: Cattle         
position  1:    T:0.18966    C:0.20690    A:0.32759    G:0.27586
position  2:    T:0.27586    C:0.15517    A:0.34483    G:0.22414
position  3:    T:0.20690    C:0.24138    A:0.15517    G:0.39655
Average         T:0.22414    C:0.20115    A:0.27586    G:0.29885

#48: RoyalAntelope  
position  1:    T:0.18966    C:0.20690    A:0.32759    G:0.27586
position  2:    T:0.27586    C:0.15517    A:0.34483    G:0.22414
position  3:    T:0.24138    C:0.20690    A:0.17241    G:0.37931
Average         T:0.23563    C:0.18966    A:0.28161    G:0.29310

#49: Steenbok       
position  1:    T:0.18966    C:0.20690    A:0.32759    G:0.27586
position  2:    T:0.27586    C:0.15517    A:0.34483    G:0.22414
position  3:    T:0.22414    C:0.22414    A:0.17241    G:0.37931
Average         T:0.22989    C:0.19540    A:0.28161    G:0.29310

#50: Impala         
position  1:    T:0.18966    C:0.20690    A:0.32759    G:0.27586
position  2:    T:0.27586    C:0.15517    A:0.34483    G:0.22414
position  3:    T:0.25862    C:0.18966    A:0.20690    G:0.34483
Average         T:0.24138    C:0.18391    A:0.29310    G:0.28161

#51: Klipspringer   
position  1:    T:0.18966    C:0.20690    A:0.32759    G:0.27586
position  2:    T:0.27586    C:0.15517    A:0.34483    G:0.22414
