1
52 1
Argali 0.000000 0.747900 0.133800 1.997000 0.427900 0.154900 0.427900 0.994300 0.331600 0.674200 0.427900 0.442700 0.569900 0.154700 0.427900 0.994300 0.546100 0.575800 0.698600 0.678000 0.154900 0.154700 0.427900 0.320400 0.427900 0.450700 0.569900 0.678000 1.417600 0.705200 0.427900 0.427900 0.730900 0.569900 0.318000 0.427900 0.427900 0.154900 0.151600 0.325200 0.569900 0.987600 0.427900 0.299500 0.427900 0.154700 0.994300 0.427900 0.320800 0.442700 0.678000 0.678000
LesserMous 0.747900 0.000000 0.348600 1.083600 0.291700 0.477400 0.291700 1.274900 0.198200 0.000700 0.291700 0.286200 0.477400 0.607100 0.291700 1.274900 0.302800 2.822700 0.543800 0.001100 0.477400 0.607100 0.291700 0.853500 0.291700 0.315400 0.477400 0.001100 0.339900 0.001400 0.291700 0.291700 0.517700 0.477400 0.794700 0.291700 0.291700 0.477400 1.664200 0.197200 0.477400 1.318800 0.291700 0.747900 0.291700 0.607100 1.274900 0.291700 0.195900 0.286200 0.001100 0.001100
LesserKudu 0.133800 0.348600 0.000000 1.118600 0.678000 0.340400 0.678000 1.400700 0.134600 0.332400 0.678000 0.707700 0.792900 0.331600 0.678000 1.400700 0.846500 1.047000 1.013900 0.339000 0.340400 0.331600 0.678000 0.514100 0.678000 0.746300 0.792900 0.339000 0.674000 0.356600 0.678000 0.678000 1.076100 0.792900 0.520000 0.678000 0.678000 0.340400 0.335400 0.131700 0.867700 1.419100 0.678000 0.501900 0.678000 0.331600 1.400700 0.678000 0.130400 0.707700 0.339000 0.339000
KillerWhal 1.997000 1.083600 1.118600 0.000000 1.744600 1.846200 1.744600 4.490000 1.009500 0.995600 1.744600 1.720600 1.383800 2.013100 1.744600 4.490000 1.784500 4.490000 1.093300 0.992900 1.846200 2.013100 1.744600 1.229700 1.744600 1.546400 1.383800 0.992900 1.808200 1.044000 1.744600 1.744600 1.178400 1.383800 1.260200 1.744600 1.744600 1.846200 4.490000 1.080000 1.165600 4.490000 1.744600 1.225400 1.744600 2.013100 4.490000 1.744600 1.011100 1.720600 0.992900 0.992900
DefassaWat 0.427900 0.291700 0.678000 1.744600 0.000000 0.221600 0.000000 0.545600 0.538400 0.290200 0.000000 0.000300 0.221600 0.250100 0.000000 0.545600 0.000900 1.709500 0.261500 0.293000 0.221600 0.250100 0.000000 0.478800 0.000000 0.000600 0.221600 0.293000 1.199300 0.296700 0.000000 0.000000 0.255200 0.221600 0.463100 0.000000 0.000000 0.221600 0.994300 0.528200 0.221600 0.577600 0.000000 0.427900 0.000000 0.250100 0.545600 0.000000 0.536600 0.000300 0.293000 0.293000
Sheep 0.154900 0.477400 0.340400 1.846200 0.221600 0.000000 0.221600 0.738100 0.678000 0.466000 0.221600 0.229400 0.383500 0.427900 0.221600 0.738100 0.264800 1.626300 0.476100 0.471400 0.000000 0.427900 0.221600 0.627100 0.221600 0.234500 0.383500 0.471400 1.225200 0.484400 0.221600 0.221600 0.470600 0.383500 0.616300 0.221600 0.221600 0.000000 0.428100 0.662800 0.383500 0.762700 0.221600 0.569900 0.221600 0.427900 0.738100 0.221600 0.674200 0.229400 0.471400 0.471400
MaxwellsDu 0.427900 0.291700 0.678000 1.744600 0.000000 0.221600 0.000000 0.545600 0.538400 0.290200 0.000000 0.000300 0.221600 0.250100 0.000000 0.545600 0.000900 1.709500 0.261500 0.293000 0.221600 0.250100 0.000000 0.478800 0.000000 0.000600 0.221600 0.293000 1.199300 0.296700 0.000000 0.000000 0.255200 0.221600 0.463100 0.000000 0.000000 0.221600 0.994300 0.528200 0.221600 0.577600 0.000000 0.427900 0.000000 0.250100 0.545600 0.000000 0.536600 0.000300 0.293000 0.293000
GazellaPrz 0.994300 1.274900 1.400700 4.490000 0.545600 0.738100 0.545600 0.000000 1.421400 1.199300 0.545600 0.551300 0.738100 0.900200 0.545600 0.000000 0.587200 2.100700 1.004900 1.183500 0.738100 0.900200 0.545600 1.262800 0.545600 0.582300 0.738100 1.183500 0.675400 1.142000 0.545600 0.545600 0.803300 0.738100 1.134100 0.545600 0.545600 0.738100 0.663000 1.388500 0.738100 0.000600 0.545600 0.994300 0.545600 0.900200 0.000000 0.545600 1.432200 0.551300 1.183500 1.183500
MountainNy 0.331600 0.198200 0.134600 1.009500 0.538400 0.678000 0.538400 1.421400 0.000000 0.190800 0.538400 0.548500 0.678000 0.178600 0.538400 1.421400 0.611600 0.956800 0.773700 0.192200 0.678000 0.178600 0.538400 0.355900 0.538400 0.592500 0.678000 0.192200 0.567300 0.199500 0.538400 0.538400 0.854500 0.678000 0.355800 0.538400 0.538400 0.678000 0.669800 0.000700 0.748300 1.454900 0.538400 0.348000 0.538400 0.178600 1.421400 0.538400 0.000300 0.548500 0.192200 0.192200
MuntiacusM 0.674200 0.000700 0.332400 0.995600 0.290200 0.466000 0.290200 1.199300 0.190800 0.000000 0.290200 0.292200 0.466000 0.536600 0.290200 1.199300 0.315000 2.906100 0.541800 0.000300 0.466000 0.536600 0.290200 0.762800 0.290200 0.320800 0.466000 0.000300 0.333700 0.000700 0.290200 0.290200 0.526500 0.466000 0.731200 0.290200 0.290200 0.466000 1.417600 0.188800 0.466000 1.333300 0.290200 0.674200 0.290200 0.536600 1.199300 0.290200 0.187400 0.292200 0.000300 0.000300
goat 0.427900 0.291700 0.678000 1.744600 0.000000 0.221600 0.000000 0.545600 0.538400 0.290200 0.000000 0.000300 0.221600 0.250100 0.000000 0.545600 0.000900 1.709500 0.261500 0.293000 0.221600 0.250100 0.000000 0.478800 0.000000 0.000600 0.221600 0.293000 1.199300 0.296700 0.000000 0.000000 0.255200 0.221600 0.463100 0.000000 0.000000 0.221600 0.994300 0.528200 0.221600 0.577600 0.000000 0.427900 0.000000 0.250100 0.545600 0.000000 0.536600 0.000300 0.293000 0.293000
AfricanBuf 0.442700 0.286200 0.707700 1.720600 0.000300 0.229400 0.000300 0.551300 0.548500 0.292200 0.000300 0.000000 0.229400 0.257100 0.000300 0.551300 0.001300 1.539600 0.264600 0.293600 0.229400 0.257100 0.000300 0.491300 0.000300 0.000300 0.229400 0.293600 1.202100 0.299000 0.000300 0.000300 0.264700 0.229400 0.445100 0.000300 0.000300 0.229400 1.023000 0.527800 0.240300 0.567700 0.000300 0.463100 0.000300 0.257100 0.551300 0.000300 0.542200 0.000000 0.293600 0.293600
Topi 0.569900 0.477400 0.792900 1.383800 0.221600 0.383500 0.221600 0.738100 0.678000 0.466000 0.221600 0.229400 0.000000 0.427900 0.221600 0.738100 0.245800 1.626300 0.441000 0.471400 0.383500 0.427900 0.221600 0.627100 0.221600 0.234500 0.000000 0.471400 1.225200 0.484400 0.221600 0.221600 0.436100 0.000000 0.616300 0.221600 0.221600 0.383500 1.059700 0.735000 0.383500 0.762700 0.221600 0.569900 0.221600 0.427900 0.738100 0.221600 0.674200 0.229400 0.471400 0.471400
CommonDuik 0.154700 0.607100 0.331600 2.013100 0.250100 0.427900 0.250100 0.900200 0.178600 0.536600 0.250100 0.257100 0.427900 0.000000 0.250100 0.900200 0.296900 0.323400 0.491400 0.538400 0.427900 0.000000 0.250100 0.165400 0.250100 0.265400 0.427900 0.538400 1.432200 0.553800 0.250100 0.250100 0.514900 0.427900 0.164100 0.250100 0.250100 0.427900 0.414500 0.174900 0.427900 0.908200 0.250100 0.154700 0.250100 0.000000 0.900200 0.250100 0.171800 0.257100 0.538400 0.538400
Suni 0.427900 0.291700 0.678000 1.744600 0.000000 0.221600 0.000000 0.545600 0.538400 0.290200 0.000000 0.000300 0.221600 0.250100 0.000000 0.545600 0.000900 1.709500 0.261500 0.293000 0.221600 0.250100 0.000000 0.478800 0.000000 0.000600 0.221600 0.293000 1.199300 0.296700 0.000000 0.000000 0.255200 0.221600 0.463100 0.000000 0.000000 0.221600 0.994300 0.528200 0.221600 0.577600 0.000000 0.427900 0.000000 0.250100 0.545600 0.000000 0.536600 0.000300 0.293000 0.293000
Springbuck 0.994300 1.274900 1.400700 4.490000 0.545600 0.738100 0.545600 0.000000 1.421400 1.199300 0.545600 0.551300 0.738100 0.900200 0.545600 0.000000 0.587200 2.100700 1.004900 1.183500 0.738100 0.900200 0.545600 1.262800 0.545600 0.582300 0.738100 1.183500 0.675400 1.142000 0.545600 0.545600 0.803300 0.738100 1.134100 0.545600 0.545600 0.738100 0.663000 1.388500 0.738100 0.000600 0.545600 0.994300 0.545600 0.900200 0.000100 0.545600 1.432200 0.551300 1.183500 1.183500
Okapi 0.546100 0.302800 0.846500 1.784500 0.000900 0.264800 0.000900 0.587200 0.611600 0.315000 0.000900 0.001300 0.245800 0.296900 0.000900 0.587200 0.000000 1.192000 0.285700 0.310600 0.264800 0.296900 0.000900 0.558000 0.000900 0.001700 0.245800 0.310600 1.212600 0.319500 0.000900 0.000900 0.271500 0.245800 0.509000 0.000900 0.000900 0.264800 1.456600 0.603100 0.245800 0.591600 0.000900 0.496600 0.000900 0.296900 0.587200 0.000900 0.629000 0.001300 0.310600 0.310600
Giraffe 0.575800 2.822700 1.047000 4.490000 1.709500 1.626300 1.709500 2.100700 0.956800 2.906100 1.709500 1.539600 1.626300 0.323400 1.709500 2.100700 1.192000 0.000000 2.206600 2.591600 1.626300 0.323400 1.709500 0.697100 1.709500 1.548500 1.626300 2.591600 3.467800 2.710800 1.709500 1.709500 1.320500 1.626300 0.586500 1.709500 1.709500 1.626300 0.729500 4.490000 1.626300 1.911700 1.709500 0.575800 1.709500 0.323400 2.100700 1.709500 4.490000 1.539600 2.591500 2.591500
TibetanAnt 0.698600 0.543800 1.013900 1.093300 0.261500 0.476100 0.261500 1.004900 0.773700 0.541800 0.261500 0.264600 0.441000 0.491400 0.261500 1.004900 0.285700 2.206600 0.000000 0.538100 0.476100 0.491400 0.261500 0.185400 0.261500 0.274300 0.441000 0.538100 1.680400 0.551100 0.261500 0.261500 0.001700 0.441000 0.184100 0.261500 0.261500 0.476100 1.448700 0.723900 0.000700 1.112300 0.261500 0.179600 0.261500 0.491400 1.004900 0.261500 0.756800 0.264600 0.538100 0.538100
Sitatunga 0.678000 0.001100 0.339000 0.992900 0.293000 0.471400 0.293000 1.183500 0.192200 0.000300 0.293000 0.293600 0.471400 0.538400 0.293000 1.183500 0.310600 2.591600 0.538100 0.000000 0.471400 0.538400 0.293000 0.786100 0.293000 0.321600 0.471400 0.000000 0.332200 0.000300 0.293000 0.293000 0.567200 0.471400 0.760600 0.293000 0.293000 0.471400 1.400700 0.190200 0.516800 1.271800 0.293000 0.748300 0.293000 0.538400 1.183500 0.293000 0.190800 0.293600 0.000000 0.000000
Oribi 0.154900 0.477400 0.340400 1.846200 0.221600 0.000000 0.221600 0.738100 0.678000 0.466000 0.221600 0.229400 0.383500 0.427900 0.221600 0.738100 0.264800 1.626300 0.476100 0.471400 0.000000 0.427900 0.221600 0.627100 0.221600 0.234500 0.383500 0.471400 1.225200 0.484400 0.221600 0.221600 0.470600 0.383500 0.616300 0.221600 0.221600 0.000000 0.428100 0.662800 0.383500 0.762700 0.221600 0.569900 0.221600 0.427900 0.738100 0.221600 0.674200 0.229400 0.471400 0.471400
BarbaryShe 0.154700 0.607100 0.331600 2.013100 0.250100 0.427900 0.250100 0.900200 0.178600 0.536600 0.250100 0.257100 0.427900 0.000000 0.250100 0.900200 0.296900 0.323400 0.491400 0.538400 0.427900 0.000000 0.250100 0.165400 0.250100 0.265400 0.427900 0.538400 1.432200 0.553800 0.250100 0.250100 0.514900 0.427900 0.164100 0.250100 0.250100 0.427900 0.414500 0.174900 0.427900 0.908200 0.250100 0.154700 0.250100 0.000000 0.900200 0.250100 0.171800 0.257100 0.538400 0.538400
Daviddeer 0.427900 0.291700 0.678000 1.744600 0.000000 0.221600 0.000000 0.545600 0.538400 0.290200 0.000000 0.000300 0.221600 0.250100 0.000000 0.545600 0.000900 1.709500 0.261500 0.293000 0.221600 0.250100 0.000000 0.478800 0.000000 0.000600 0.221600 0.293000 1.199300 0.296700 0.000000 0.000000 0.255200 0.221600 0.463100 0.000000 0.000000 0.221600 0.994300 0.528200 0.221600 0.577600 0.000000 0.427900 0.000000 0.250100 0.545600 0.000000 0.536600 0.000300 0.293000 0.293000
Reindeer 0.320400 0.853500 0.514100 1.229700 0.478800 0.627100 0.478800 1.262800 0.355900 0.762800 0.478800 0.491300 0.627100 0.165400 0.478800 1.262800 0.558000 0.697100 0.185400 0.786100 0.627100 0.165400 0.478800 0.000000 0.478800 0.508100 0.627100 0.786100 1.866000 0.812300 0.478800 0.478800 0.203200 0.627100 0.000700 0.478800 0.478800 0.627100 0.630200 0.346900 0.175000 1.498700 0.478800 0.000300 0.478800 0.165400 1.262800 0.478800 0.345300 0.491300 0.786100 0.786100
Ibex 0.427900 0.291700 0.678000 1.744600 0.000000 0.221600 0.000000 0.545600 0.538400 0.290200 0.000000 0.000300 0.221600 0.250100 0.000000 0.545600 0.000900 1.709500 0.261500 0.293000 0.221600 0.250100 0.000000 0.478800 0.000000 0.000600 0.221600 0.293000 1.199300 0.296700 0.000000 0.000000 0.255200 0.221600 0.463100 0.000000 0.000000 0.221600 0.994300 0.528200 0.221600 0.577600 0.000000 0.427900 0.000000 0.250100 0.545600 0.000000 0.536600 0.000300 0.293000 0.293000
GyrantGaze 0.450700 0.315400 0.746300 1.546400 0.000600 0.234500 0.000600 0.582300 0.592500 0.320800 0.000600 0.000300 0.234500 0.265400 0.000600 0.582300 0.001700 1.548500 0.274300 0.321600 0.234500 0.265400 0.000600 0.508100 0.000600 0.000000 0.234500 0.321600 1.335400 0.325500 0.000600 0.000600 0.271700 0.234500 0.456600 0.000600 0.000600 0.234500 1.040700 0.568400 0.247400 0.576500 0.000600 0.474900 0.000600 0.265400 0.582300 0.000600 0.587300 0.000300 0.321600 0.321600
Hartebeest 0.569900 0.477400 0.792900 1.383800 0.221600 0.383500 0.221600 0.738100 0.678000 0.466000 0.221600 0.229400 0.000000 0.427900 0.221600 0.738100 0.245800 1.626300 0.441000 0.471400 0.383500 0.427900 0.221600 0.627100 0.221600 0.234500 0.000000 0.471400 1.225200 0.484400 0.221600 0.221600 0.436100 0.000000 0.616300 0.221600 0.221600 0.383500 1.059700 0.735000 0.383500 0.762700 0.221600 0.569900 0.221600 0.427900 0.738100 0.221600 0.674200 0.229400 0.471400 0.471400
Bongo 0.678000 0.001100 0.339000 0.992900 0.293000 0.471400 0.293000 1.183500 0.192200 0.000300 0.293000 0.293600 0.471400 0.538400 0.293000 1.183500 0.310600 2.591600 0.538100 0.000000 0.471400 0.538400 0.293000 0.786100 0.293000 0.321600 0.471400 0.000000 0.332200 0.000300 0.293000 0.293000 0.567200 0.471400 0.760600 0.293000 0.293000 0.471400 1.400700 0.190200 0.516800 1.271800 0.293000 0.748300 0.293000 0.538400 1.183500 0.293000 0.190800 0.293600 0.000000 0.000000
Gerenuk 1.417600 0.339900 0.674000 1.808200 1.199300 1.225200 1.199300 0.675400 0.567300 0.333700 1.199300 1.202100 1.225200 1.432200 1.199300 0.675400 1.212600 3.467800 1.680400 0.332200 1.225200 1.432200 1.199300 1.866000 1.199300 1.335400 1.225200 0.332200 0.000000 0.323400 1.199300 1.199300 1.257300 1.225200 1.618500 1.199300 1.199300 1.225200 1.058700 0.557700 1.225200 0.781700 1.199300 1.417600 1.199300 1.432200 0.675400 1.199300 0.568200 1.202100 0.332200 0.332200
CommonElan 0.705200 0.001400 0.356600 1.044000 0.296700 0.484400 0.296700 1.142000 0.199500 0.000700 0.296700 0.299000 0.484400 0.553800 0.296700 1.142000 0.319500 2.710800 0.551100 0.000300 0.484400 0.553800 0.296700 0.812300 0.296700 0.325500 0.484400 0.000300 0.323400 0.000000 0.296700 0.296700 0.588300 0.484400 0.788500 0.296700 0.296700 0.484400 1.397200 0.196200 0.530600 1.221100 0.296700 0.777400 0.296700 0.553800 1.142000 0.296700 0.196800 0.299000 0.000300 0.000300
MuntiacusR 0.427900 0.291700 0.678000 1.744600 0.000000 0.221600 0.000000 0.545600 0.538400 0.290200 0.000000 0.000300 0.221600 0.250100 0.000000 0.545600 0.000900 1.709500 0.261500 0.293000 0.221600 0.250100 0.000000 0.478800 0.000000 0.000600 0.221600 0.293000 1.199300 0.296700 0.000000 0.000000 0.255200 0.221600 0.463100 0.000000 0.000000 0.221600 0.994300 0.528200 0.221600 0.577600 0.000000 0.427900 0.000000 0.250100 0.545600 0.000000 0.536600 0.000300 0.293000 0.293000
HarveysDui 0.427900 0.291700 0.678000 1.744600 0.000000 0.221600 0.000000 0.545600 0.538400 0.290200 0.000000 0.000300 0.221600 0.250100 0.000000 0.545600 0.000900 1.709500 0.261500 0.293000 0.221600 0.250100 0.000000 0.478800 0.000000 0.000600 0.221600 0.293000 1.199300 0.296700 0.000000 0.000000 0.255200 0.221600 0.463100 0.000000 0.000000 0.221600 0.994300 0.528200 0.221600 0.577600 0.000000 0.427900 0.000000 0.250100 0.545600 0.000000 0.536600 0.000300 0.293000 0.293000
Pronghorn 0.730900 0.517700 1.076100 1.178400 0.255200 0.470600 0.255200 0.803300 0.854500 0.526500 0.255200 0.264700 0.436100 0.514900 0.255200 0.803300 0.271500 1.320500 0.001700 0.567200 0.470600 0.514900 0.255200 0.203200 0.255200 0.271700 0.436100 0.567200 1.257300 0.588300 0.255200 0.255200 0.000000 0.436100 0.190700 0.255200 0.255200 0.470600 1.416500 0.753100 0.001800 0.917700 0.255200 0.185900 0.255200 0.514900 0.803300 0.255200 0.798700 0.264700 0.567200 0.567200
BlueWildeb 0.569900 0.477400 0.792900 1.383800 0.221600 0.383500 0.221600 0.738100 0.678000 0.466000 0.221600 0.229400 0.000000 0.427900 0.221600 0.738100 0.245800 1.626300 0.441000 0.471400 0.383500 0.427900 0.221600 0.627100 0.221600 0.234500 0.000000 0.471400 1.225200 0.484400 0.221600 0.221600 0.436100 0.000000 0.616300 0.221600 0.221600 0.383500 1.059700 0.735000 0.383500 0.762700 0.221600 0.569900 0.221600 0.427900 0.738100 0.221600 0.674200 0.229400 0.471400 0.471400
Gemsbok 0.318000 0.794700 0.520000 1.260200 0.463100 0.616300 0.463100 1.134100 0.355800 0.731200 0.463100 0.445100 0.616300 0.164100 0.463100 1.134100 0.509000 0.586500 0.184100 0.760600 0.616300 0.164100 0.463100 0.000700 0.463100 0.456600 0.616300 0.760600 1.618500 0.788500 0.463100 0.463100 0.190700 0.616300 0.000000 0.463100 0.463100 0.616300 0.614800 0.340800 0.165100 1.230900 0.463100 0.000300 0.463100 0.164100 1.134100 0.463100 0.339200 0.445100 0.760600 0.760600
Yak 0.427900 0.291700 0.678000 1.744600 0.000000 0.221600 0.000000 0.545600 0.538400 0.290200 0.000000 0.000300 0.221600 0.250100 0.000000 0.545600 0.000900 1.709500 0.261500 0.293000 0.221600 0.250100 0.000000 0.478800 0.000000 0.000600 0.221600 0.293000 1.199300 0.296700 0.000000 0.000000 0.255200 0.221600 0.463100 0.000000 0.000000 0.221600 0.994300 0.528200 0.221600 0.577600 0.000000 0.427900 0.000000 0.250100 0.545600 0.000000 0.536600 0.000300 0.293000 0.293000
BlueSheep 0.427900 0.291700 0.678000 1.744600 0.000000 0.221600 0.000000 0.545600 0.538400 0.290200 0.000000 0.000300 0.221600 0.250100 0.000000 0.545600 0.000900 1.709500 0.261500 0.293000 0.221600 0.250100 0.000000 0.478800 0.000000 0.000600 0.221600 0.293000 1.199300 0.296700 0.000000 0.000000 0.255200 0.221600 0.463100 0.000000 0.000000 0.221600 0.994300 0.528200 0.221600 0.577600 0.000000 0.427900 0.000000 0.250100 0.545600 0.000000 0.536600 0.000300 0.293000 0.293000
BohorReedb 0.154900 0.477400 0.340400 1.846200 0.221600 0.000000 0.221600 0.738100 0.678000 0.466000 0.221600 0.229400 0.383500 0.427900 0.221600 0.738100 0.264800 1.626300 0.476100 0.471400 0.000000 0.427900 0.221600 0.627100 0.221600 0.234500 0.383500 0.471400 1.225200 0.484400 0.221600 0.221600 0.470600 0.383500 0.616300 0.221600 0.221600 0.000000 0.428100 0.662800 0.383500 0.762700 0.221600 0.569900 0.221600 0.427900 0.738100 0.221600 0.674200 0.229400 0.471400 0.471400
KirksDik 0.151600 1.664200 0.335400 4.490000 0.994300 0.428100 0.994300 0.663000 0.669800 1.417600 0.994300 1.023000 1.059700 0.414500 0.994300 0.663000 1.456600 0.729500 1.448700 1.400700 0.428100 0.414500 0.994300 0.630200 0.994300 1.040700 1.059700 1.400700 1.058700 1.397200 0.994300 0.994300 1.416500 1.059700 0.614800 0.994300 0.994300 0.428100 0.000000 0.655000 1.059700 0.674800 0.994300 0.568100 0.994300 0.414500 0.663000 0.994300 0.665500 1.023000 1.400700 1.400700
RoeDeer 0.325200 0.197200 0.131700 1.080000 0.528200 0.662800 0.528200 1.388500 0.000700 0.188800 0.528200 0.527800 0.735000 0.174900 0.528200 1.388500 0.603100 4.490000 0.723900 0.190200 0.662800 0.174900 0.528200 0.346900 0.528200 0.568400 0.735000 0.190200 0.557700 0.196200 0.528200 0.528200 0.753100 0.735000 0.340800 0.528200 0.528200 0.662800 0.655000 0.000000 0.662800 1.390200 0.528200 0.325200 0.528200 0.174900 1.388500 0.528200 0.000300 0.527800 0.190200 0.190200
WhiteLippe 0.569900 0.477400 0.867700 1.165600 0.221600 0.383500 0.221600 0.738100 0.748300 0.466000 0.221600 0.240300 0.383500 0.427900 0.221600 0.738100 0.245800 1.626300 0.000700 0.516800 0.383500 0.427900 0.221600 0.175000 0.221600 0.247400 0.383500 0.516800 1.225200 0.530600 0.221600 0.221600 0.001800 0.383500 0.165100 0.221600 0.221600 0.383500 1.059700 0.662800 0.000000 0.921400 0.221600 0.154900 0.221600 0.427900 0.738100 0.221600 0.674200 0.240300 0.516800 0.516800
ThomsonGaz 0.987600 1.318800 1.419100 4.490000 0.577600 0.762700 0.577600 0.000600 1.454900 1.333300 0.577600 0.567700 0.762700 0.908200 0.577600 0.000600 0.591600 1.911700 1.112300 1.271800 0.762700 0.908200 0.577600 1.498700 0.577600 0.576500 0.762700 1.271800 0.781700 1.221100 0.577600 0.577600 0.917700 0.762700 1.230900 0.577600 0.577600 0.762700 0.674800 1.390200 0.921400 0.000000 0.577600 1.163200 0.577600 0.908200 0.000600 0.577600 1.494100 0.567700 1.271800 1.271800
MuntiacusC 0.427900 0.291700 0.678000 1.744600 0.000000 0.221600 0.000000 0.545600 0.538400 0.290200 0.000000 0.000300 0.221600 0.250100 0.000000 0.545600 0.000900 1.709500 0.261500 0.293000 0.221600 0.250100 0.000000 0.478800 0.000000 0.000600 0.221600 0.293000 1.199300 0.296700 0.000000 0.000000 0.255200 0.221600 0.463100 0.000000 0.000000 0.221600 0.994300 0.528200 0.221600 0.577600 0.000000 0.427900 0.000000 0.250100 0.545600 0.000000 0.536600 0.000300 0.293000 0.293000
WhiteTaile 0.299500 0.747900 0.501900 1.225400 0.427900 0.569900 0.427900 0.994300 0.348000 0.674200 0.427900 0.463100 0.569900 0.154700 0.427900 0.994300 0.496600 0.575800 0.179600 0.748300 0.569900 0.154700 0.427900 0.000300 0.427900 0.474900 0.569900 0.748300 1.417600 0.777400 0.427900 0.427900 0.185900 0.569900 0.000300 0.427900 0.427900 0.569900 0.568100 0.325200 0.154900 1.163200 0.427900 0.000000 0.427900 0.154700 0.994300 0.427900 0.320800 0.463100 0.748300 0.748300
Cattle 0.427900 0.291700 0.678000 1.744600 0.000000 0.221600 0.000000 0.545600 0.538400 0.290200 0.000000 0.000300 0.221600 0.250100 0.000000 0.545600 0.000900 1.709500 0.261500 0.293000 0.221600 0.250100 0.000000 0.478800 0.000000 0.000600 0.221600 0.293000 1.199300 0.296700 0.000000 0.000000 0.255200 0.221600 0.463100 0.000000 0.000000 0.221600 0.994300 0.528200 0.221600 0.577600 0.000000 0.427900 0.000000 0.250100 0.545600 0.000000 0.536600 0.000300 0.293000 0.293000
RoyalAntel 0.154700 0.607100 0.331600 2.013100 0.250100 0.427900 0.250100 0.900200 0.178600 0.536600 0.250100 0.257100 0.427900 0.000000 0.250100 0.900200 0.296900 0.323400 0.491400 0.538400 0.427900 0.000000 0.250100 0.165400 0.250100 0.265400 0.427900 0.538400 1.432200 0.553800 0.250100 0.250100 0.514900 0.427900 0.164100 0.250100 0.250100 0.427900 0.414500 0.174900 0.427900 0.908200 0.250100 0.154700 0.250100 0.000000 0.900200 0.250100 0.171800 0.257100 0.538400 0.538400
Steenbok 0.994300 1.274900 1.400700 4.490000 0.545600 0.738100 0.545600 0.000000 1.421400 1.199300 0.545600 0.551300 0.738100 0.900200 0.545600 0.000100 0.587200 2.100700 1.004900 1.183500 0.738100 0.900200 0.545600 1.262800 0.545600 0.582300 0.738100 1.183500 0.675400 1.142000 0.545600 0.545600 0.803300 0.738100 1.134100 0.545600 0.545600 0.738100 0.663000 1.388500 0.738100 0.000600 0.545600 0.994300 0.545600 0.900200 0.000000 0.545600 1.432200 0.551300 1.183500 1.183500
Impala 0.427900 0.291700 0.678000 1.744600 0.000000 0.221600 0.000000 0.545600 0.538400 0.290200 0.000000 0.000300 0.221600 0.250100 0.000000 0.545600 0.000900 1.709500 0.261500 0.293000 0.221600 0.250100 0.000000 0.478800 0.000000 0.000600 0.221600 0.293000 1.199300 0.296700 0.000000 0.000000 0.255200 0.221600 0.463100 0.000000 0.000000 0.221600 0.994300 0.528200 0.221600 0.577600 0.000000 0.427900 0.000000 0.250100 0.545600 0.000000 0.536600 0.000300 0.293000 0.293000
Klipspring 0.320800 0.195900 0.130400 1.011100 0.536600 0.674200 0.536600 1.432200 0.000300 0.187400 0.536600 0.542200 0.674200 0.171800 0.536600 1.432200 0.629000 4.490000 0.756800 0.190800 0.674200 0.171800 0.536600 0.345300 0.536600 0.587300 0.674200 0.190800 0.568200 0.196800 0.536600 0.536600 0.798700 0.674200 0.339200 0.536600 0.536600 0.674200 0.665500 0.000300 0.674200 1.494100 0.536600 0.320800 0.536600 0.171800 1.432200 0.536600 0.000000 0.542200 0.190800 0.190800
ForestMusk 0.442700 0.286200 0.707700 1.720600 0.000300 0.229400 0.000300 0.551300 0.548500 0.292200 0.000300 0.000000 0.229400 0.257100 0.000300 0.551300 0.001300 1.539600 0.264600 0.293600 0.229400 0.257100 0.000300 0.491300 0.000300 0.000300 0.229400 0.293600 1.202100 0.299000 0.000300 0.000300 0.264700 0.229400 0.445100 0.000300 0.000300 0.229400 1.023000 0.527800 0.240300 0.567700 0.000300 0.463100 0.000300 0.257100 0.551300 0.000300 0.542200 0.000000 0.293600 0.293600
Bushbuck 0.678000 0.001100 0.339000 0.992900 0.293000 0.471400 0.293000 1.183500 0.192200 0.000300 0.293000 0.293600 0.471400 0.538400 0.293000 1.183500 0.310600 2.591500 0.538100 0.000000 0.471400 0.538400 0.293000 0.786100 0.293000 0.321600 0.471400 0.000000 0.332200 0.000300 0.293000 0.293000 0.567200 0.471400 0.760600 0.293000 0.293000 0.471400 1.400700 0.190200 0.516800 1.271800 0.293000 0.748300 0.293000 0.538400 1.183500 0.293000 0.190800 0.293600 0.000000 0.000000
GreaterKud 0.678000 0.001100 0.339000 0.992900 0.293000 0.471400 0.293000 1.183500 0.192200 0.000300 0.293000 0.293600 0.471400 0.538400 0.293000 1.183500 0.310600 2.591500 0.538100 0.000000 0.471400 0.538400 0.293000 0.786100 0.293000 0.321600 0.471400 0.000000 0.332200 0.000300 0.293000 0.293000 0.567200 0.471400 0.760600 0.293000 0.293000 0.471400 1.400700 0.190200 0.516800 1.271800 0.293000 0.748300 0.293000 0.538400 1.183500 0.293000 0.190800 0.293600 0.000000 0.000000
