1
52 1
Argali 0.000000 0.251500 0.079500 0.273400 0.038900 0.000000 0.069500 0.079800 0.079900 0.133800 0.018500 0.111100 0.038900 0.111900 0.100700 0.079600 0.100200 0.132300 0.027600 0.090100 0.101500 0.028900 0.111700 0.145700 0.009500 0.080300 0.038900 0.079700 0.069500 0.069100 0.133800 0.090400 0.069500 0.049300 0.038900 0.069400 0.019100 0.038900 0.112300 0.122700 0.122300 0.079800 0.145200 0.145500 0.069400 0.059100 0.090700 0.059200 0.058800 0.069600 0.090000 0.090100
LesserMous 0.251500 0.000000 0.291600 0.407700 0.291400 0.251500 0.306400 0.318900 0.293400 0.278600 0.277000 0.331900 0.264900 0.344200 0.377600 0.317700 0.264200 0.277600 0.290300 0.306200 0.347400 0.262800 0.253000 0.293700 0.264300 0.322000 0.264800 0.292200 0.305800 0.278400 0.278600 0.333200 0.279300 0.279800 0.291400 0.304300 0.276800 0.291400 0.307000 0.266200 0.240500 0.319700 0.291700 0.293200 0.304300 0.304600 0.333300 0.319800 0.264400 0.289500 0.304600 0.305500
LesserKudu 0.079500 0.291600 0.000000 0.269100 0.058400 0.079500 0.089900 0.100400 0.019100 0.089800 0.079400 0.078900 0.090300 0.111100 0.121500 0.099700 0.078600 0.110100 0.089800 0.028800 0.121800 0.058800 0.089600 0.122200 0.069100 0.100600 0.069500 0.038400 0.089500 0.028700 0.089800 0.110900 0.048800 0.101500 0.101000 0.048400 0.058900 0.058500 0.111100 0.100300 0.100100 0.100000 0.100400 0.122000 0.048400 0.079600 0.110800 0.079500 0.079000 0.069200 0.027700 0.028700
KillerWhal 0.273400 0.407700 0.269100 0.000000 0.245300 0.273400 0.260200 0.282700 0.244800 0.298100 0.273000 0.282300 0.272100 0.282700 0.326600 0.271800 0.255300 0.292800 0.285200 0.283200 0.274900 0.245900 0.270600 0.299500 0.259800 0.274700 0.272000 0.270500 0.259900 0.282800 0.298100 0.286400 0.258200 0.287300 0.285600 0.257800 0.246300 0.245300 0.315900 0.284700 0.282900 0.273000 0.285800 0.286600 0.257800 0.274000 0.261600 0.272900 0.298500 0.284200 0.282600 0.283000
DefassaWat 0.038900 0.291400 0.058400 0.245300 0.000000 0.038900 0.029000 0.038900 0.059000 0.111300 0.038900 0.069000 0.029100 0.069100 0.058600 0.038600 0.058400 0.089000 0.029000 0.048800 0.059000 0.019200 0.069200 0.101100 0.029000 0.038900 0.049100 0.038700 0.027800 0.048600 0.111300 0.048800 0.029100 0.039300 0.039100 0.029000 0.019200 0.000000 0.069200 0.079600 0.079400 0.038700 0.122300 0.101000 0.029000 0.059300 0.048900 0.019200 0.079300 0.049000 0.048600 0.048600
Sheep 0.000000 0.251500 0.079500 0.273400 0.038900 0.000000 0.069500 0.079800 0.079900 0.133800 0.018600 0.111100 0.038900 0.111900 0.100700 0.079600 0.100200 0.132300 0.028000 0.090100 0.101500 0.028900 0.111700 0.145700 0.009500 0.080300 0.038900 0.079700 0.069500 0.069100 0.133800 0.090400 0.069500 0.049300 0.038900 0.069400 0.018300 0.038900 0.112300 0.122700 0.122300 0.079800 0.145200 0.145500 0.069400 0.059100 0.090700 0.059200 0.058800 0.069600 0.090000 0.090100
MaxwellsDu 0.069500 0.306400 0.089900 0.260200 0.029000 0.069500 0.000000 0.009600 0.090400 0.145000 0.069500 0.100500 0.059500 0.039000 0.048900 0.009500 0.089700 0.121500 0.059100 0.079700 0.029200 0.048900 0.101000 0.134600 0.059200 0.009600 0.080200 0.069300 0.000000 0.079500 0.145000 0.019300 0.059300 0.070200 0.069800 0.059200 0.049000 0.029000 0.039100 0.111900 0.111500 0.009600 0.156600 0.134400 0.059200 0.069900 0.019300 0.029100 0.090300 0.080000 0.079500 0.079600
GazellaPrz 0.079800 0.318900 0.100400 0.282700 0.038900 0.079800 0.009600 0.000000 0.100900 0.156000 0.079800 0.111200 0.069700 0.049000 0.058900 0.019200 0.100100 0.132300 0.069300 0.090100 0.039100 0.059000 0.111600 0.145500 0.069400 0.019300 0.090600 0.079600 0.009600 0.090000 0.156000 0.029000 0.069500 0.080600 0.080200 0.069300 0.059100 0.038900 0.049100 0.122600 0.122200 0.019200 0.167600 0.145300 0.069300 0.080200 0.029100 0.039000 0.100800 0.090400 0.089900 0.090000
MountainNy 0.079900 0.293400 0.019100 0.244800 0.059000 0.079900 0.090400 0.100900 0.000000 0.090200 0.079900 0.079200 0.090800 0.112200 0.122500 0.100600 0.079200 0.110900 0.090200 0.028900 0.123000 0.059100 0.090000 0.122800 0.069500 0.101500 0.090800 0.038700 0.090300 0.028800 0.090200 0.111900 0.049000 0.102100 0.101500 0.048600 0.059200 0.059000 0.112200 0.100700 0.100500 0.100900 0.100900 0.122600 0.048600 0.080000 0.111900 0.079800 0.079700 0.069500 0.028800 0.028900
MuntiacusM 0.133800 0.278600 0.089800 0.298100 0.111300 0.133800 0.145000 0.156000 0.090200 0.000000 0.133700 0.143700 0.134100 0.167900 0.178800 0.155500 0.089300 0.120900 0.144500 0.100600 0.180000 0.111500 0.038700 0.069500 0.122600 0.157000 0.134100 0.089800 0.144800 0.100500 0.000000 0.167700 0.079600 0.146200 0.145400 0.122000 0.111600 0.111300 0.145400 0.048800 0.048500 0.156100 0.009400 0.069400 0.122000 0.111900 0.168200 0.133700 0.133400 0.122500 0.100400 0.100500
goat 0.018500 0.277000 0.079400 0.273000 0.038900 0.018600 0.069500 0.079800 0.079900 0.133700 0.000000 0.111200 0.038800 0.111800 0.100600 0.079500 0.100100 0.132200 0.028800 0.090100 0.101500 0.028900 0.111500 0.145400 0.009200 0.080200 0.038800 0.079700 0.069500 0.089900 0.133700 0.090400 0.069500 0.049300 0.038900 0.069400 0.018400 0.038900 0.112200 0.122600 0.122200 0.079800 0.145000 0.145300 0.069400 0.059100 0.090700 0.059200 0.058800 0.069600 0.089900 0.090000
AfricanBuf 0.111100 0.331900 0.078900 0.282300 0.069000 0.111100 0.100500 0.111200 0.079200 0.143700 0.111200 0.000000 0.101000 0.144600 0.133000 0.110700 0.089400 0.100100 0.100400 0.068800 0.133200 0.089800 0.100200 0.133000 0.100400 0.111700 0.122600 0.058500 0.100400 0.068700 0.143700 0.122200 0.059000 0.112500 0.111900 0.048500 0.089900 0.069000 0.122300 0.110900 0.110800 0.111000 0.154900 0.132800 0.048500 0.111400 0.122000 0.090000 0.110900 0.079600 0.068600 0.068800
Topi 0.038900 0.264900 0.090300 0.272100 0.029100 0.038900 0.059500 0.069700 0.090800 0.134100 0.038800 0.101000 0.000000 0.101500 0.090500 0.069500 0.079500 0.111100 0.028900 0.080000 0.091200 0.029000 0.090600 0.123700 0.029000 0.070100 0.019200 0.069600 0.059400 0.079900 0.134100 0.080200 0.059500 0.009600 0.019300 0.059400 0.038800 0.029100 0.101800 0.101400 0.101100 0.069700 0.145500 0.123500 0.059400 0.080100 0.080400 0.049300 0.079700 0.059600 0.079900 0.080000
CommonDuik 0.111900 0.344200 0.111100 0.282700 0.069100 0.111900 0.039000 0.049000 0.112200 0.167900 0.111800 0.144600 0.101500 0.000000 0.089800 0.048700 0.132400 0.165800 0.100900 0.101100 0.069400 0.090200 0.144800 0.180200 0.101000 0.049100 0.123200 0.111300 0.038900 0.100600 0.167900 0.059000 0.101200 0.113000 0.112400 0.101000 0.090300 0.069100 0.079800 0.156300 0.155900 0.048800 0.179700 0.180000 0.101000 0.112400 0.059100 0.069500 0.133200 0.123000 0.100500 0.100700
Suni 0.100700 0.377600 0.121500 0.326600 0.058600 0.100700 0.048900 0.058900 0.122500 0.178800 0.100600 0.133000 0.090500 0.089800 0.000000 0.058500 0.121200 0.154300 0.089900 0.090000 0.079500 0.079400 0.133400 0.145000 0.090000 0.059000 0.111800 0.100300 0.048700 0.110900 0.178800 0.069000 0.090200 0.101800 0.101200 0.090000 0.079500 0.058600 0.089900 0.144600 0.144300 0.058700 0.190700 0.144900 0.090000 0.101200 0.069100 0.059000 0.121800 0.111700 0.110800 0.111000
Springbuck 0.079600 0.317700 0.099700 0.271800 0.038600 0.079600 0.009500 0.019200 0.100600 0.155500 0.079500 0.110700 0.069500 0.048700 0.058500 0.000000 0.078700 0.109800 0.069100 0.089700 0.038900 0.058800 0.111200 0.145100 0.069200 0.019200 0.090300 0.079100 0.009300 0.089300 0.155500 0.027900 0.069300 0.080300 0.079900 0.069100 0.058900 0.037700 0.048900 0.122200 0.121800 0.018800 0.167200 0.144900 0.069100 0.080000 0.028400 0.038900 0.100200 0.090100 0.089300 0.089300
Okapi 0.100200 0.264200 0.078600 0.255300 0.058400 0.100200 0.089700 0.100100 0.079200 0.089300 0.100100 0.089400 0.079500 0.132400 0.121200 0.078700 0.000000 0.028600 0.089500 0.068800 0.121500 0.079000 0.048500 0.079300 0.089600 0.100400 0.100500 0.058400 0.089300 0.068500 0.089300 0.110600 0.048700 0.090500 0.090000 0.068700 0.079100 0.058400 0.110900 0.058600 0.058500 0.099800 0.099900 0.079300 0.068700 0.100400 0.110600 0.079300 0.099600 0.069000 0.068400 0.068600
Giraffe 0.132300 0.277600 0.110100 0.292800 0.089000 0.132300 0.121500 0.132300 0.110900 0.120900 0.132200 0.100100 0.111100 0.165800 0.154300 0.109800 0.028600 0.000000 0.121300 0.100200 0.154100 0.110400 0.078900 0.110700 0.121300 0.132600 0.132800 0.089100 0.120900 0.099700 0.120900 0.143000 0.079200 0.122700 0.122000 0.099800 0.110600 0.089000 0.143200 0.089200 0.089200 0.131800 0.131800 0.110500 0.099800 0.132600 0.142800 0.110800 0.131700 0.100300 0.099500 0.099800
TibetanAnt 0.027600 0.290300 0.089800 0.285200 0.029000 0.028000 0.059100 0.069300 0.090200 0.144500 0.028800 0.100400 0.028900 0.100900 0.089900 0.069100 0.089500 0.121300 0.000000 0.079600 0.090500 0.038600 0.100700 0.134100 0.018600 0.069700 0.048700 0.069200 0.059100 0.079400 0.144500 0.079700 0.059200 0.039100 0.029000 0.059000 0.028700 0.029000 0.101200 0.111600 0.111300 0.069300 0.155900 0.133900 0.059000 0.069100 0.079900 0.049000 0.068800 0.059200 0.079400 0.079500
Sitatunga 0.090100 0.306200 0.028800 0.283200 0.048800 0.090100 0.079700 0.090100 0.028900 0.100600 0.090100 0.068800 0.080000 0.101100 0.090000 0.089700 0.068800 0.100200 0.079600 0.000000 0.111700 0.069100 0.079500 0.090200 0.079600 0.090600 0.101100 0.028800 0.079600 0.019100 0.100600 0.100800 0.038900 0.091100 0.090600 0.038600 0.069200 0.048800 0.101100 0.090000 0.089900 0.090100 0.111400 0.090100 0.038600 0.090300 0.100800 0.069300 0.089900 0.059100 0.019100 0.019100
Oribi 0.101500 0.347400 0.121800 0.274900 0.059000 0.101500 0.029200 0.039100 0.123000 0.180000 0.101500 0.133200 0.091200 0.069400 0.079500 0.038900 0.121500 0.154100 0.090500 0.111700 0.000000 0.080000 0.134100 0.169400 0.090800 0.039200 0.112600 0.100800 0.029100 0.111100 0.180000 0.049100 0.090800 0.102500 0.102000 0.090600 0.080100 0.059000 0.069800 0.145500 0.144900 0.039000 0.192200 0.169200 0.090600 0.102000 0.049300 0.059500 0.122600 0.112300 0.111200 0.111300
BarbaryShe 0.028900 0.262800 0.058800 0.245900 0.019200 0.028900 0.048900 0.059000 0.059100 0.111500 0.028900 0.089800 0.029000 0.090200 0.079400 0.058800 0.079000 0.110400 0.038600 0.069100 0.080000 0.000000 0.090000 0.122800 0.019100 0.059300 0.029000 0.058900 0.048900 0.069000 0.111500 0.069300 0.049000 0.039000 0.048900 0.048900 0.009500 0.019200 0.090400 0.100700 0.100400 0.059000 0.122500 0.122700 0.048900 0.048900 0.069500 0.038900 0.068800 0.069400 0.069000 0.069100
Daviddeer 0.111700 0.253000 0.089600 0.270600 0.069200 0.111700 0.101000 0.111600 0.090000 0.038700 0.111500 0.100200 0.090600 0.144800 0.133400 0.111200 0.048500 0.078900 0.100700 0.079500 0.134100 0.090000 0.000000 0.029100 0.100800 0.112300 0.111900 0.048800 0.100900 0.079400 0.038700 0.122600 0.038900 0.101900 0.101300 0.079400 0.090100 0.069200 0.101300 0.009500 0.009300 0.111700 0.048700 0.029100 0.079400 0.090300 0.122900 0.090300 0.111400 0.079700 0.079300 0.079400
Reindeer 0.145700 0.293700 0.122200 0.299500 0.101100 0.145700 0.134600 0.145500 0.122800 0.069500 0.145400 0.133000 0.123700 0.180200 0.145000 0.145100 0.079300 0.110700 0.134100 0.090200 0.169400 0.122800 0.029100 0.000000 0.134300 0.146500 0.145900 0.079800 0.134500 0.111600 0.069500 0.157000 0.069600 0.135600 0.134800 0.111300 0.123000 0.101100 0.135100 0.038900 0.038900 0.145700 0.080000 0.019300 0.111300 0.123400 0.157700 0.123400 0.145200 0.112200 0.111500 0.111600
Ibex 0.009500 0.264300 0.069100 0.259800 0.029000 0.009500 0.059200 0.069400 0.069500 0.122600 0.009200 0.100400 0.029000 0.101000 0.090000 0.069200 0.089600 0.121300 0.018600 0.079600 0.090800 0.019100 0.100800 0.134300 0.000000 0.069800 0.029000 0.069300 0.059200 0.079500 0.122600 0.079900 0.059200 0.039200 0.029000 0.059100 0.009200 0.029000 0.101400 0.111700 0.111400 0.069400 0.133900 0.134100 0.059100 0.048900 0.080100 0.049000 0.048700 0.059300 0.079500 0.079600
GyrantGaze 0.080300 0.322000 0.100600 0.274700 0.038900 0.080300 0.009600 0.019300 0.101500 0.157000 0.080200 0.111700 0.070100 0.049100 0.059000 0.019200 0.100400 0.132600 0.069700 0.090600 0.039200 0.059300 0.112300 0.146500 0.069800 0.000000 0.091100 0.079300 0.009600 0.090100 0.157000 0.029100 0.069900 0.081100 0.080600 0.069700 0.059400 0.038900 0.049200 0.123400 0.123000 0.018700 0.168800 0.146300 0.069700 0.080600 0.028300 0.039200 0.101100 0.079900 0.090100 0.090200
Hartebeest 0.038900 0.264800 0.069500 0.272000 0.049100 0.038900 0.080200 0.090600 0.090800 0.134100 0.038800 0.122600 0.019200 0.123200 0.111800 0.090300 0.100500 0.132800 0.048700 0.101100 0.112600 0.029000 0.111900 0.145900 0.029000 0.091100 0.000000 0.090500 0.080100 0.101000 0.134100 0.101400 0.080200 0.029200 0.038900 0.080100 0.038800 0.049100 0.123600 0.123000 0.122600 0.090600 0.145500 0.145700 0.080100 0.080100 0.101600 0.069700 0.079700 0.080300 0.100900 0.101100
Bongo 0.079700 0.292200 0.038400 0.270500 0.038700 0.079700 0.069300 0.079600 0.038700 0.089800 0.079700 0.058500 0.069600 0.111300 0.100300 0.079100 0.058400 0.089100 0.069200 0.028800 0.100800 0.058900 0.048800 0.079800 0.069300 0.079300 0.090500 0.000000 0.069100 0.028700 0.089800 0.089900 0.009600 0.080500 0.080100 0.028800 0.059000 0.038700 0.069300 0.058900 0.058800 0.079400 0.100500 0.079700 0.028800 0.059100 0.089100 0.059100 0.079200 0.049000 0.027700 0.028700
Gerenuk 0.069500 0.305800 0.089500 0.259900 0.027800 0.069500 0.000000 0.009600 0.090300 0.144800 0.069500 0.100400 0.059400 0.038900 0.048700 0.009300 0.089300 0.120900 0.059100 0.079600 0.029100 0.048900 0.100900 0.134500 0.059200 0.009600 0.080100 0.069100 0.000000 0.079200 0.144800 0.019200 0.059300 0.070200 0.069800 0.059100 0.049000 0.028900 0.039000 0.111800 0.111400 0.009300 0.156400 0.134300 0.059100 0.069800 0.019000 0.029100 0.090000 0.079900 0.079200 0.079300
CommonElan 0.069100 0.278400 0.028700 0.282800 0.048600 0.069100 0.079500 0.090000 0.028800 0.100500 0.089900 0.068700 0.079900 0.100600 0.110900 0.089300 0.068500 0.099700 0.079400 0.019100 0.111100 0.069000 0.079400 0.111600 0.079500 0.090100 0.101000 0.028700 0.079200 0.000000 0.100500 0.100300 0.038900 0.091000 0.090500 0.038500 0.069100 0.048600 0.100600 0.089900 0.089800 0.089600 0.111200 0.111400 0.038500 0.090100 0.100300 0.069200 0.089500 0.059100 0.019000 0.019000
MuntiacusR 0.133800 0.278600 0.089800 0.298100 0.111300 0.133800 0.145000 0.156000 0.090200 0.000000 0.133700 0.143700 0.134100 0.167900 0.178800 0.155500 0.089300 0.120900 0.144500 0.100600 0.180000 0.111500 0.038700 0.069500 0.122600 0.157000 0.134100 0.089800 0.144800 0.100500 0.000000 0.167700 0.079600 0.146200 0.145400 0.122000 0.111600 0.111300 0.145400 0.048800 0.048500 0.156100 0.009500 0.069400 0.122000 0.111900 0.168200 0.133700 0.133400 0.122500 0.100400 0.100500
HarveysDui 0.090400 0.333200 0.110900 0.286400 0.048800 0.090400 0.019300 0.029000 0.111900 0.167700 0.090400 0.122200 0.080200 0.059000 0.069000 0.027900 0.110600 0.143000 0.079700 0.100800 0.049100 0.069300 0.122600 0.157000 0.079900 0.029100 0.101400 0.089900 0.019200 0.100300 0.167700 0.000000 0.079900 0.091300 0.090900 0.079800 0.069400 0.048800 0.059200 0.133700 0.133400 0.028100 0.179500 0.156800 0.079800 0.069600 0.039000 0.049100 0.111300 0.101200 0.100300 0.099500
Pronghorn 0.069500 0.279300 0.048800 0.258200 0.029100 0.069500 0.059300 0.069500 0.049000 0.079600 0.069500 0.059000 0.059500 0.101200 0.090200 0.069300 0.048700 0.079200 0.059200 0.038900 0.090800 0.049000 0.038900 0.069600 0.059200 0.069900 0.080200 0.009600 0.059300 0.038900 0.079600 0.079900 0.000000 0.070300 0.069900 0.038900 0.049000 0.029100 0.059400 0.048900 0.048800 0.069500 0.090200 0.069500 0.038900 0.049100 0.080100 0.049100 0.069300 0.039100 0.038900 0.038900
BlueWildeb 0.049300 0.279800 0.101500 0.287300 0.039300 0.049300 0.070200 0.080600 0.102100 0.146200 0.049300 0.112500 0.009600 0.113000 0.101800 0.080300 0.090500 0.122700 0.039100 0.091100 0.102500 0.039000 0.101900 0.135600 0.039200 0.081100 0.029200 0.080500 0.070200 0.091000 0.146200 0.091300 0.070300 0.000000 0.029200 0.070100 0.049200 0.039300 0.113400 0.112900 0.112600 0.080600 0.157800 0.135500 0.070100 0.091200 0.091500 0.059800 0.090700 0.070400 0.090900 0.091100
Gemsbok 0.038900 0.291400 0.101000 0.285600 0.039100 0.038900 0.069800 0.080200 0.101500 0.145400 0.038900 0.111900 0.019300 0.112400 0.101200 0.079900 0.090000 0.122000 0.029000 0.090600 0.102000 0.048900 0.101300 0.134800 0.029000 0.080600 0.038900 0.080100 0.069800 0.090500 0.145400 0.090900 0.069900 0.029200 0.000000 0.069800 0.038900 0.039100 0.112800 0.112200 0.111900 0.080200 0.156900 0.134700 0.069800 0.080000 0.091100 0.059500 0.079600 0.070000 0.090400 0.090600
Yak 0.069400 0.304300 0.048400 0.257800 0.029000 0.069400 0.059200 0.069300 0.048600 0.122000 0.069400 0.048500 0.059400 0.101000 0.090000 0.069100 0.068700 0.099800 0.059000 0.038600 0.090600 0.048900 0.079400 0.111300 0.059100 0.069700 0.080100 0.028800 0.059100 0.038500 0.122000 0.079800 0.038900 0.070100 0.069800 0.000000 0.048900 0.029000 0.101200 0.089600 0.089700 0.069300 0.133100 0.111200 0.000000 0.069500 0.079900 0.049000 0.089900 0.059100 0.038500 0.038600
BlueSheep 0.019100 0.276800 0.058900 0.246300 0.019200 0.018300 0.049000 0.059100 0.059200 0.111600 0.018400 0.089900 0.038800 0.090300 0.079500 0.058900 0.079100 0.110600 0.028700 0.069200 0.080100 0.009500 0.090100 0.123000 0.009200 0.059400 0.038800 0.059000 0.049000 0.069100 0.111600 0.069400 0.049000 0.049200 0.038900 0.048900 0.000000 0.019200 0.090600 0.100800 0.100600 0.059100 0.122600 0.122900 0.048900 0.038900 0.069600 0.039000 0.058700 0.069500 0.069100 0.069200
BohorReedb 0.038900 0.291400 0.058500 0.245300 0.000000 0.038900 0.029000 0.038900 0.059000 0.111300 0.038900 0.069000 0.029100 0.069100 0.058600 0.037700 0.058400 0.089000 0.029000 0.048800 0.059000 0.019200 0.069200 0.101100 0.029000 0.038900 0.049100 0.038700 0.028900 0.048600 0.111300 0.048800 0.029100 0.039300 0.039100 0.029000 0.019200 0.000000 0.069200 0.079600 0.079400 0.038700 0.122300 0.101000 0.029000 0.059300 0.048900 0.019200 0.079300 0.049000 0.048600 0.045600
KirksDik 0.112300 0.307000 0.111100 0.315900 0.069200 0.112300 0.039100 0.049100 0.112200 0.145400 0.112200 0.122300 0.101800 0.079800 0.089900 0.048900 0.110900 0.143200 0.101200 0.101100 0.069800 0.090400 0.101300 0.135100 0.101400 0.049200 0.123600 0.069300 0.039000 0.100600 0.145400 0.059200 0.059400 0.113400 0.112800 0.101200 0.090600 0.069200 0.000000 0.112200 0.111800 0.049000 0.157100 0.134900 0.101200 0.091100 0.059400 0.069800 0.111800 0.101500 0.100600 0.100700
RoeDeer 0.122700 0.266200 0.100300 0.284700 0.079600 0.122700 0.111900 0.122600 0.100700 0.048800 0.122600 0.110900 0.101400 0.156300 0.144600 0.122200 0.058600 0.089200 0.111600 0.090000 0.145500 0.100700 0.009500 0.038900 0.111700 0.123400 0.123000 0.058900 0.111800 0.089900 0.048800 0.133700 0.048900 0.112900 0.112200 0.089600 0.100800 0.079600 0.112200 0.000000 0.019200 0.122700 0.059000 0.038900 0.089600 0.101100 0.134200 0.101100 0.122400 0.090300 0.089800 0.089900
WhiteLippe 0.122300 0.240500 0.100100 0.282900 0.079400 0.122300 0.111500 0.122200 0.100500 0.048500 0.122200 0.110800 0.101100 0.155900 0.144300 0.121800 0.058500 0.089200 0.111300 0.089900 0.144900 0.100400 0.009300 0.038900 0.111400 0.123000 0.122600 0.058800 0.111400 0.089800 0.048500 0.133400 0.048800 0.112600 0.111900 0.089700 0.100600 0.079400 0.111800 0.019200 0.000000 0.122300 0.058600 0.038900 0.089700 0.100800 0.133600 0.100800 0.122000 0.090100 0.089600 0.089800
ThomsonGaz 0.079800 0.319700 0.100000 0.273000 0.038700 0.079800 0.009600 0.019200 0.100900 0.156100 0.079800 0.111000 0.069700 0.048800 0.058700 0.018800 0.099800 0.131800 0.069300 0.090100 0.039000 0.059000 0.111700 0.145700 0.069400 0.018700 0.090600 0.079400 0.009300 0.089600 0.156100 0.028100 0.069500 0.080600 0.080200 0.069300 0.059100 0.038700 0.049000 0.122700 0.122300 0.000000 0.167800 0.145500 0.069300 0.080200 0.029100 0.039000 0.100500 0.090400 0.089600 0.089700
MuntiacusC 0.145200 0.291700 0.100400 0.285800 0.122300 0.145200 0.156600 0.167600 0.100900 0.009400 0.145000 0.154900 0.145500 0.179700 0.190700 0.167200 0.099900 0.131800 0.155900 0.111400 0.192200 0.122500 0.048700 0.080000 0.133900 0.168800 0.145500 0.100500 0.156400 0.111200 0.009500 0.179500 0.090200 0.157800 0.156900 0.133100 0.122600 0.122300 0.157100 0.059000 0.058600 0.167800 0.000000 0.059300 0.133100 0.123000 0.157200 0.145100 0.144700 0.133600 0.111200 0.111300
WhiteTaile 0.145500 0.293200 0.122000 0.286600 0.101000 0.145500 0.134400 0.145300 0.122600 0.069400 0.145300 0.132800 0.123500 0.180000 0.144900 0.144900 0.079300 0.110500 0.133900 0.090100 0.169200 0.122700 0.029100 0.019300 0.134100 0.146300 0.145700 0.079700 0.134300 0.111400 0.069400 0.156800 0.069500 0.135500 0.134700 0.111200 0.122900 0.101000 0.134900 0.038900 0.038900 0.145500 0.059300 0.000000 0.111200 0.123200 0.135000 0.123200 0.145100 0.112000 0.111400 0.111400
Cattle 0.069400 0.304300 0.048400 0.257800 0.029000 0.069400 0.059200 0.069300 0.048600 0.122000 0.069400 0.048500 0.059400 0.101000 0.090000 0.069100 0.068700 0.099800 0.059000 0.038600 0.090600 0.048900 0.079400 0.111300 0.059100 0.069700 0.080100 0.028800 0.059100 0.038500 0.122000 0.079800 0.038900 0.070100 0.069800 0.000000 0.048900 0.029000 0.101200 0.089600 0.089700 0.069300 0.133100 0.111200 0.000000 0.069500 0.079900 0.049000 0.089900 0.059100 0.038500 0.038600
RoyalAntel 0.059100 0.304600 0.079600 0.274000 0.059300 0.059100 0.069900 0.080200 0.080000 0.111900 0.059100 0.111400 0.080100 0.112400 0.101200 0.080000 0.100400 0.132600 0.069100 0.090300 0.102000 0.048900 0.090300 0.123400 0.048900 0.080600 0.080100 0.059100 0.069800 0.090100 0.111900 0.069600 0.049100 0.091200 0.080000 0.069500 0.038900 0.059300 0.091100 0.101100 0.100800 0.080200 0.123000 0.123200 0.069500 0.000000 0.091100 0.059500 0.058900 0.090600 0.090100 0.090200
Steenbok 0.090700 0.333300 0.110800 0.261600 0.048900 0.090700 0.019300 0.029100 0.111900 0.168200 0.090700 0.122000 0.080400 0.059100 0.069100 0.028400 0.110600 0.142800 0.079900 0.100800 0.049300 0.069500 0.122900 0.157700 0.080100 0.028300 0.101600 0.089100 0.019000 0.100300 0.168200 0.039000 0.080100 0.091500 0.091100 0.079900 0.069600 0.048900 0.059400 0.134200 0.133600 0.029100 0.157200 0.135000 0.079900 0.091100 0.000000 0.049200 0.111600 0.101300 0.100400 0.100400
Impala 0.059200 0.319800 0.079500 0.272900 0.019200 0.059200 0.029100 0.039000 0.079800 0.133700 0.059200 0.090000 0.049300 0.069500 0.059000 0.038900 0.079300 0.110800 0.049000 0.069300 0.059500 0.038900 0.090300 0.123400 0.049000 0.039200 0.069700 0.059100 0.029100 0.069200 0.133700 0.049100 0.049100 0.059800 0.059500 0.049000 0.039000 0.019200 0.069800 0.101100 0.100800 0.039000 0.145100 0.123200 0.049000 0.059500 0.049200 0.000000 0.079800 0.069600 0.069200 0.069300
Klipspring 0.058800 0.264400 0.079000 0.298500 0.079300 0.058800 0.090300 0.100800 0.079700 0.133400 0.058800 0.110900 0.079700 0.133200 0.121800 0.100200 0.099600 0.131700 0.068800 0.089900 0.122600 0.068800 0.111400 0.145200 0.048700 0.101100 0.079700 0.079200 0.090000 0.089500 0.133400 0.111300 0.069300 0.090700 0.079600 0.089900 0.058700 0.079300 0.111800 0.122400 0.122000 0.100500 0.144700 0.145100 0.089900 0.058900 0.111600 0.079800 0.000000 0.069400 0.089400 0.089600
ForestMusk 0.069600 0.289500 0.069200 0.284200 0.049000 0.069600 0.080000 0.090400 0.069500 0.122500 0.069600 0.079600 0.059600 0.123000 0.111700 0.090100 0.069000 0.100300 0.059200 0.059100 0.112300 0.069400 0.079700 0.112200 0.059300 0.079900 0.080300 0.049000 0.079900 0.059100 0.122500 0.101200 0.039100 0.070400 0.070000 0.059100 0.069500 0.049000 0.101500 0.090300 0.090100 0.090400 0.133600 0.112000 0.059100 0.090600 0.101300 0.069600 0.069400 0.000000 0.059000 0.059100
Bushbuck 0.090000 0.304600 0.027700 0.282600 0.048600 0.090000 0.079500 0.089900 0.028800 0.100400 0.089900 0.068600 0.079900 0.100500 0.110800 0.089300 0.068400 0.099500 0.079400 0.019100 0.111200 0.069000 0.079300 0.111500 0.079500 0.090100 0.100900 0.027700 0.079200 0.019000 0.100400 0.100300 0.038900 0.090900 0.090400 0.038500 0.069100 0.048600 0.100600 0.089800 0.089600 0.089600 0.111200 0.111400 0.038500 0.090100 0.100400 0.069200 0.089400 0.059000 0.000000 0.019000
GreaterKud 0.090100 0.305500 0.028700 0.283000 0.048600 0.090100 0.079600 0.090000 0.028900 0.100500 0.090000 0.068800 0.080000 0.100700 0.111000 0.089300 0.068600 0.099800 0.079500 0.019100 0.111300 0.069100 0.079400 0.111600 0.079600 0.090200 0.101100 0.028700 0.079300 0.019000 0.100500 0.099500 0.038900 0.091100 0.090600 0.038600 0.069200 0.045600 0.100700 0.089900 0.089800 0.089700 0.111300 0.111400 0.038600 0.090200 0.100400 0.069300 0.089600 0.059100 0.019000 0.000000
