CODONML (in paml version 4.10.7, June 2023)  /home/rachel/ruminants_paml/6406-phy-tree/ENSBTAT00000006815.fasta.phy
Model: free dN/dS Ratios for branches,  kappa = 2.000 fixed

Codon frequency model: F3x4
ns =  54  ls = 104

Codon usage in sequences
--------------------------------------------------------------------------------------------------------------------------------------
Phe TTT   1   1   1   1   1   1 | Ser TCT   1   1   1   1   1   2 | Tyr TAT   0   0   0   0   0   0 | Cys TGT   2   2   2   2   2   2
    TTC   2   2   2   2   2   2 |     TCC   5   5   5   5   4   3 |     TAC   2   2   2   2   2   2 |     TGC   3   3   3   3   3   3
Leu TTA   0   0   0   0   0   0 |     TCA   2   4   1   2   5   5 | *** TAA   0   0   0   0   0   0 | *** TGA   0   0   0   0   0   0
    TTG   1   1   1   1   1   2 |     TCG   2   0   2   2   0   0 |     TAG   0   0   0   0   0   0 | Trp TGG   1   1   1   1   1   1
--------------------------------------------------------------------------------------------------------------------------------------
Leu CTT   2   2   2   2   2   2 | Pro CCT   3   3   3   3   3   3 | His CAT   1   1   1   1   1   1 | Arg CGT   0   0   0   0   0   0
    CTC   1   1   1   2   0   0 |     CCC   3   2   3   3   1   3 |     CAC   0   0   0   0   0   0 |     CGC   0   0   0   0   0   0
    CTA   2   2   2   1   2   3 |     CCA   0   0   1   0   1   0 | Gln CAA   3   2   3   2   3   3 |     CGA   1   1   1   1   1   1
    CTG   4   4   4   4   5   3 |     CCG   0   1   0   0   1   0 |     CAG   2   3   2   3   2   2 |     CGG   1   1   1   1   1   1
--------------------------------------------------------------------------------------------------------------------------------------
Ile ATT   5   4   5   3   3   4 | Thr ACT   2   1   2   2   3   2 | Asn AAT   1   2   1   1   0   1 | Ser AGT   1   0   0   1   1   1
    ATC   0   1   0   1   3   1 |     ACC   0   2   0   0   1   1 |     AAC   2   2   2   2   3   2 |     AGC   5   4   6   5   4   4
    ATA   0   0   0   0   0   0 |     ACA   2   2   2   2   3   2 | Lys AAA   1   2   1   1   1   1 | Arg AGA   3   3   3   3   3   3
Met ATG   0   0   0   0   1   0 |     ACG   1   1   1   1   0   1 |     AAG   3   2   3   3   3   3 |     AGG   1   1   1   1   1   1
--------------------------------------------------------------------------------------------------------------------------------------
Val GTT   2   2   2   3   2   2 | Ala GCT   2   2   2   1   1   2 | Asp GAT   2   1   2   2   1   2 | Gly GGT   0   0   0   0   1   0
    GTC   4   4   4   4   4   5 |     GCC   1   1   1   2   1   1 |     GAC   4   5   4   4   5   4 |     GGC   0   0   0   0   0   0
    GTA   1   1   1   1   0   1 |     GCA   0   0   0   0   0   0 | Glu GAA   3   3   2   3   2   3 |     GGA   2   2   2   2   1   2
    GTG   2   2   2   2   1   1 |     GCG   0   0   0   0   0   0 |     GAG   6   6   7   6   7   6 |     GGG   3   3   3   3   3   3
--------------------------------------------------------------------------------------------------------------------------------------

--------------------------------------------------------------------------------------------------------------------------------------
Phe TTT   1   1   1   1   1   1 | Ser TCT   2   1   1   1   1   1 | Tyr TAT   0   0   0   0   0   0 | Cys TGT   2   2   2   2   2   2
    TTC   2   2   2   2   2   2 |     TCC   5   5   5   5   5   5 |     TAC   2   2   2   2   2   2 |     TGC   3   3   3   3   3   3
Leu TTA   0   0   0   0   0   0 |     TCA   2   2   2   2   1   3 | *** TAA   0   0   0   0   0   0 | *** TGA   0   0   0   0   0   0
    TTG   1   1   0   1   1   1 |     TCG   2   2   2   2   2   1 |     TAG   0   0   0   0   0   0 | Trp TGG   1   1   1   1   1   1
--------------------------------------------------------------------------------------------------------------------------------------
Leu CTT   2   2   2   3   2   2 | Pro CCT   2   3   3   3   3   3 | His CAT   1   1   1   1   1   1 | Arg CGT   0   0   0   0   0   0
    CTC   1   1   1   0   1   1 |     CCC   3   3   3   3   3   3 |     CAC   0   0   0   0   0   0 |     CGC   0   0   0   0   0   0
    CTA   2   2   2   2   2   2 |     CCA   0   0   0   0   1   0 | Gln CAA   3   3   3   3   3   2 |     CGA   1   1   1   1   1   1
    CTG   4   4   5   4   4   4 |     CCG   0   0   0   0   0   0 |     CAG   2   2   2   2   2   3 |     CGG   1   1   1   1   1   1
--------------------------------------------------------------------------------------------------------------------------------------
Ile ATT   5   5   5   5   5   4 | Thr ACT   2   2   2   2   2   2 | Asn AAT   1   1   1   1   1   1 | Ser AGT   1   1   1   1   0   1
    ATC   1   0   0   0   0   1 |     ACC   0   0   0   0   0   1 |     AAC   2   2   2   2   2   2 |     AGC   5   5   5   5   6   4
    ATA   0   0   0   0   0   0 |     ACA   2   2   2   3   2   2 | Lys AAA   1   1   1   1   1   1 | Arg AGA   3   3   3   3   3   3
Met ATG   0   0   0   0   0   0 |     ACG   1   1   1   0   1   1 |     AAG   3   3   3   3   3   3 |     AGG   1   1   1   1   1   1
--------------------------------------------------------------------------------------------------------------------------------------
Val GTT   2   2   2   2   2   2 | Ala GCT   2   2   2   2   2   2 | Asp GAT   2   2   2   2   2   2 | Gly GGT   0   0   0   0   0   0
    GTC   3   4   4   4   4   4 |     GCC   1   1   1   1   1   1 |     GAC   4   4   4   4   4   4 |     GGC   0   0   0   0   0   0
    GTA   1   1   1   1   1   1 |     GCA   0   0   0   0   1   0 | Glu GAA   3   2   3   2   1   3 |     GGA   2   2   2   2   2   2
    GTG   2   2   2   2   2   2 |     GCG   0   0   0   0   0   0 |     GAG   6   7   6   7   7   6 |     GGG   3   3   3   3   3   3
--------------------------------------------------------------------------------------------------------------------------------------

--------------------------------------------------------------------------------------------------------------------------------------
Phe TTT   1   1   2   1   1   1 | Ser TCT   1   1   1   1   2   1 | Tyr TAT   0   0   0   0   0   0 | Cys TGT   2   2   2   2   2   2
    TTC   2   2   1   2   2   2 |     TCC   5   5   5   5   5   5 |     TAC   2   2   2   2   2   2 |     TGC   3   3   4   3   3   3
Leu TTA   0   0   0   0   0   0 |     TCA   2   1   2   2   2   2 | *** TAA   0   0   0   0   0   0 | *** TGA   0   0   0   0   0   0
    TTG   1   1   1   1   0   1 |     TCG   2   2   1   2   1   2 |     TAG   0   0   0   0   0   0 | Trp TGG   1   1   1   1   1   1
--------------------------------------------------------------------------------------------------------------------------------------
Leu CTT   2   2   2   2   2   2 | Pro CCT   3   3   3   3   4   3 | His CAT   1   1   1   1   1   1 | Arg CGT   0   0   0   0   0   0
    CTC   1   1   1   1   1   1 |     CCC   3   3   3   3   2   3 |     CAC   0   0   0   0   0   0 |     CGC   0   0   0   0   0   0
    CTA   2   2   2   2   2   2 |     CCA   0   1   0   0   0   0 | Gln CAA   3   3   3   3   3   3 |     CGA   1   1   1   1   1   1
    CTG   4   4   4   4   5   4 |     CCG   0   0   0   0   0   0 |     CAG   2   2   2   2   2   2 |     CGG   1   1   1   1   1   1
--------------------------------------------------------------------------------------------------------------------------------------
Ile ATT   5   5   5   5   5   5 | Thr ACT   2   2   2   2   2   2 | Asn AAT   1   1   1   1   1   1 | Ser AGT   1   0   0   1   1   1
    ATC   0   0   0   0   0   0 |     ACC   0   0   0   0   0   0 |     AAC   2   2   2   2   2   2 |     AGC   5   6   5   5   5   5
    ATA   0   0   0   0   0   0 |     ACA   2   2   2   2   2   2 | Lys AAA   1   1   1   1   1   1 | Arg AGA   3   3   3   3   3   3
Met ATG   0   0   0   0   0   0 |     ACG   1   1   1   1   1   1 |     AAG   3   3   3   3   3   3 |     AGG   1   1   1   1   1   1
--------------------------------------------------------------------------------------------------------------------------------------
Val GTT   2   2   2   2   2   2 | Ala GCT   2   2   2   2   2   2 | Asp GAT   2   2   2   2   2   1 | Gly GGT   0   0   1   0   0   0
    GTC   4   4   4   4   4   4 |     GCC   1   1   1   1   1   1 |     GAC   4   4   4   4   4   5 |     GGC   0   0   0   0   0   0
    GTA   1   1   1   1   1   1 |     GCA   0   0   0   0   0   0 | Glu GAA   3   2   3   3   3   3 |     GGA   2   2   2   2   2   2
    GTG   2   2   2   2   2   2 |     GCG   0   0   0   0   0   0 |     GAG   6   7   6   6   6   6 |     GGG   3   3   3   3   3   3
--------------------------------------------------------------------------------------------------------------------------------------

--------------------------------------------------------------------------------------------------------------------------------------
Phe TTT   1   1   1   1   1   1 | Ser TCT   2   1   1   1   1   1 | Tyr TAT   0   0   0   0   0   0 | Cys TGT   2   2   2   2   2   2
    TTC   2   2   2   2   2   2 |     TCC   5   5   5   5   5   5 |     TAC   2   2   2   2   2   2 |     TGC   3   3   3   3   3   3
Leu TTA   0   0   0   0   0   0 |     TCA   3   3   2   2   2   2 | *** TAA   0   0   0   0   0   0 | *** TGA   0   0   0   0   0   0
    TTG   1   1   1   1   1   2 |     TCG   1   1   2   1   2   2 |     TAG   0   0   0   0   0   0 | Trp TGG   1   1   1   1   1   1
--------------------------------------------------------------------------------------------------------------------------------------
Leu CTT   2   2   2   2   2   2 | Pro CCT   2   3   3   3   3   3 | His CAT   1   1   1   1   1   1 | Arg CGT   0   0   0   0   0   0
    CTC   1   1   1   1   1   1 |     CCC   3   3   3   3   3   3 |     CAC   0   0   0   0   0   0 |     CGC   0   0   0   0   0   0
    CTA   2   2   2   2   2   2 |     CCA   0   0   0   1   0   0 | Gln CAA   3   2   3   3   3   3 |     CGA   1   1   1   1   1   1
    CTG   4   4   4   4   4   3 |     CCG   0   0   0   0   0   0 |     CAG   2   3   2   2   2   2 |     CGG   1   1   1   1   1   1
--------------------------------------------------------------------------------------------------------------------------------------
Ile ATT   5   5   5   5   5   5 | Thr ACT   2   2   2   2   2   2 | Asn AAT   1   1   1   1   1   1 | Ser AGT   1   1   1   0   1   1
    ATC   0   0   0   0   0   0 |     ACC   1   1   0   0   0   0 |     AAC   2   2   2   2   2   2 |     AGC   4   4   5   6   5   5
    ATA   0   0   0   0   0   0 |     ACA   2   2   2   2   2   2 | Lys AAA   1   1   1   1   2   1 | Arg AGA   3   3   3   3   3   3
Met ATG   0   0   0   0   0   0 |     ACG   1   1   1   1   1   1 |     AAG   3   3   3   3   2   3 |     AGG   1   1   1   1   1   1
--------------------------------------------------------------------------------------------------------------------------------------
Val GTT   2   2   2   2   2   2 | Ala GCT   2   2   2   2   2   2 | Asp GAT   3   3   2   2   2   2 | Gly GGT   0   0   0   0   0   0
    GTC   4   4   4   4   4   4 |     GCC   1   1   1   1   1   1 |     GAC   3   3   4   4   4   4 |     GGC   0   0   0   0   0   0
    GTA   1   1   1   1   1   1 |     GCA   0   0   0   0   0   0 | Glu GAA   3   3   3   2   3   3 |     GGA   2   2   2   2   2   2
    GTG   2   2   2   2   2   2 |     GCG   0   0   0   0   0   0 |     GAG   6   6   6   7   6   6 |     GGG   3   3   3   3   3   3
--------------------------------------------------------------------------------------------------------------------------------------

--------------------------------------------------------------------------------------------------------------------------------------
Phe TTT   1   1   1   1   1   1 | Ser TCT   1   1   1   1   1   1 | Tyr TAT   0   0   0   0   0   0 | Cys TGT   2   2   2   2   2   2
    TTC   2   2   2   2   2   2 |     TCC   5   5   5   5   5   5 |     TAC   2   2   2   2   2   2 |     TGC   3   3   3   3   4   3
Leu TTA   0   0   0   0   0   0 |     TCA   3   3   2   2   2   2 | *** TAA   0   0   0   0   0   0 | *** TGA   0   0   0   0   0   0
    TTG   1   1   1   1   1   1 |     TCG   1   1   2   2   1   1 |     TAG   0   0   0   0   0   0 | Trp TGG   1   1   1   1   1   1
--------------------------------------------------------------------------------------------------------------------------------------
Leu CTT   2   3   2   2   2   2 | Pro CCT   3   3   3   3   3   3 | His CAT   1   1   1   1   1   1 | Arg CGT   0   0   0   0   0   0
    CTC   1   0   1   2   1   1 |     CCC   3   3   3   3   3   3 |     CAC   0   0   0   0   0   0 |     CGC   0   0   0   0   0   0
    CTA   2   2   2   2   2   2 |     CCA   0   0   0   0   0   1 | Gln CAA   3   3   3   3   3   3 |     CGA   1   1   1   1   1   1
    CTG   4   4   4   3   4   4 |     CCG   0   0   0   0   0   0 |     CAG   2   2   2   2   2   2 |     CGG   1   1   1   1   1   1
--------------------------------------------------------------------------------------------------------------------------------------
Ile ATT   5   5   5   5   5   5 | Thr ACT   2   2   2   2   2   2 | Asn AAT   1   1   1   1   1   1 | Ser AGT   1   1   1   1   0   0
    ATC   0   0   0   0   0   0 |     ACC   1   1   0   0   0   0 |     AAC   2   2   2   2   2   2 |     AGC   4   4   5   5   5   6
    ATA   0   0   0   0   0   0 |     ACA   2   2   2   2   2   2 | Lys AAA   1   1   1   1   1   1 | Arg AGA   3   3   3   3   3   3
Met ATG   0   0   0   0   0   0 |     ACG   1   1   1   1   1   1 |     AAG   3   3   3   3   3   3 |     AGG   1   1   1   1   1   1
--------------------------------------------------------------------------------------------------------------------------------------
Val GTT   2   2   2   2   2   2 | Ala GCT   2   2   2   2   2   2 | Asp GAT   1   2   2   2   2   2 | Gly GGT   0   0   0   0   1   0
    GTC   3   4   4   4   4   4 |     GCC   1   1   1   1   1   1 |     GAC   5   4   4   4   4   4 |     GGC   0   0   0   0   0   0
    GTA   1   1   1   1   1   1 |     GCA   0   0   0   0   0   0 | Glu GAA   3   3   3   3   3   3 |     GGA   2   2   2   2   2   2
    GTG   3   2   2   2   2   2 |     GCG   0   0   0   0   0   0 |     GAG   6   6   6   6   6   6 |     GGG   3   3   3   3   3   3
--------------------------------------------------------------------------------------------------------------------------------------

--------------------------------------------------------------------------------------------------------------------------------------
Phe TTT   2   1   1   1   1   1 | Ser TCT   1   1   1   1   1   1 | Tyr TAT   0   0   0   0   0   0 | Cys TGT   2   2   2   2   2   2
    TTC   1   2   2   2   2   2 |     TCC   5   5   5   5   5   5 |     TAC   2   2   2   2   2   2 |     TGC   3   3   3   3   3   4
Leu TTA   0   0   0   0   0   0 |     TCA   3   1   3   2   3   2 | *** TAA   0   0   0   0   0   0 | *** TGA   0   0   0   0   0   0
    TTG   1   1   1   1   0   1 |     TCG   1   2   1   2   1   1 |     TAG   0   0   0   0   0   0 | Trp TGG   1   1   1   1   1   1
--------------------------------------------------------------------------------------------------------------------------------------
Leu CTT   2   2   2   2   2   2 | Pro CCT   3   3   3   3   3   3 | His CAT   1   1   1   1   1   1 | Arg CGT   0   0   0   0   0   0
    CTC   1   0   1   1   1   1 |     CCC   3   3   3   3   3   3 |     CAC   0   0   0   0   0   0 |     CGC   0   0   0   0   0   0
    CTA   2   3   2   2   2   2 |     CCA   0   1   0   0   0   0 | Gln CAA   3   3   2   3   2   3 |     CGA   1   1   1   1   1   1
    CTG   4   4   4   4   5   4 |     CCG   0   0   0   0   0   0 |     CAG   2   2   3   2   3   2 |     CGG   1   1   1   1   1   1
--------------------------------------------------------------------------------------------------------------------------------------
Ile ATT   5   5   4   5   5   5 | Thr ACT   2   2   2   2   2   2 | Asn AAT   1   1   1   1   1   1 | Ser AGT   1   0   1   1   1   0
    ATC   0   0   1   0   0   0 |     ACC   0   0   1   0   1   0 |     AAC   2   2   2   2   2   2 |     AGC   5   6   4   5   4   5
    ATA   0   0   0   0   0   0 |     ACA   2   2   2   2   2   2 | Lys AAA   1   1   1   1   1   1 | Arg AGA   3   3   3   3   3   3
Met ATG   0   0   0   0   0   0 |     ACG   1   1   1   1   1   1 |     AAG   3   3   3   3   3   3 |     AGG   1   1   1   1   1   1
--------------------------------------------------------------------------------------------------------------------------------------
Val GTT   3   2   2   2   2   2 | Ala GCT   2   2   2   2   2   2 | Asp GAT   2   2   2   2   1   3 | Gly GGT   0   0   0   0   0   1
    GTC   3   4   4   4   4   4 |     GCC   1   1   1   1   1   1 |     GAC   4   4   4   4   5   3 |     GGC   0   0   0   0   0   0
    GTA   1   1   1   1   1   1 |     GCA   0   0   0   0   0   0 | Glu GAA   3   2   3   2   3   3 |     GGA   2   2   2   2   2   2
    GTG   2   2   2   2   2   2 |     GCG   0   0   0   0   0   0 |     GAG   6   7   6   7   6   6 |     GGG   3   3   3   3   3   3
--------------------------------------------------------------------------------------------------------------------------------------

--------------------------------------------------------------------------------------------------------------------------------------
Phe TTT   0   1   1   1   1   1 | Ser TCT   1   1   1   2   1   1 | Tyr TAT   0   0   0   0   0   0 | Cys TGT   2   2   2   2   2   2
    TTC   3   2   2   2   2   2 |     TCC   5   5   5   5   5   5 |     TAC   2   2   2   2   2   2 |     TGC   3   3   3   3   3   3
Leu TTA   0   0   0   0   0   0 |     TCA   2   1   2   2   2   3 | *** TAA   0   0   0   0   0   0 | *** TGA   0   0   0   0   0   0
    TTG   1   1   1   0   1   1 |     TCG   2   2   2   2   2   1 |     TAG   0   0   0   0   0   0 | Trp TGG   1   1   1   1   1   1
--------------------------------------------------------------------------------------------------------------------------------------
Leu CTT   2   2   2   2   2   2 | Pro CCT   3   3   3   2   3   3 | His CAT   1   1   1   1   1   1 | Arg CGT   0   0   0   0   0   0
    CTC   1   1   1   1   1   1 |     CCC   3   3   3   3   3   3 |     CAC   0   0   0   0   0   0 |     CGC   0   0   0   0   0   0
    CTA   2   2   3   2   2   2 |     CCA   0   1   0   0   0   0 | Gln CAA   3   2   3   3   3   3 |     CGA   1   1   1   1   1   1
    CTG   4   4   3   5   4   4 |     CCG   0   0   0   0   0   0 |     CAG   2   3   2   2   2   2 |     CGG   1   1   1   1   1   1
--------------------------------------------------------------------------------------------------------------------------------------
Ile ATT   5   5   5   5   5   4 | Thr ACT   2   2   2   2   2   3 | Asn AAT   1   1   1   1   1   1 | Ser AGT   1   0   1   1   1   1
    ATC   0   0   0   1   0   1 |     ACC   0   0   0   0   0   1 |     AAC   2   2   2   2   2   2 |     AGC   5   6   5   5   4   4
    ATA   0   0   0   0   0   0 |     ACA   2   2   2   2   3   2 | Lys AAA   1   1   1   1   1   1 | Arg AGA   3   3   3   3   3   2
Met ATG   0   0   0   0   0   0 |     ACG   1   1   1   1   0   0 |     AAG   3   3   3   3   3   3 |     AGG   1   1   1   1   1   2
--------------------------------------------------------------------------------------------------------------------------------------
Val GTT   2   2   2   2   2   2 | Ala GCT   2   2   2   2   2   2 | Asp GAT   2   2   2   2   2   2 | Gly GGT   0   0   0   0   0   0
    GTC   4   4   4   3   4   4 |     GCC   1   1   1   1   1   1 |     GAC   4   4   4   4   4   4 |     GGC   0   0   0   0   1   0
    GTA   1   1   1   1   1   1 |     GCA   0   0   0   0   0   0 | Glu GAA   3   2   3   3   3   3 |     GGA   2   2   2   2   2   2
    GTG   2   2   2   2   2   2 |     GCG   0   0   0   0   0   0 |     GAG   6   7   6   6   6   6 |     GGG   3   3   3   3   3   3
--------------------------------------------------------------------------------------------------------------------------------------

--------------------------------------------------------------------------------------------------------------------------------------
Phe TTT   1   1   1   1   1   1 | Ser TCT   1   1   1   1   1   1 | Tyr TAT   0   0   0   0   0   0 | Cys TGT   2   2   2   2   2   2
    TTC   2   2   2   2   2   2 |     TCC   5   5   5   5   5   5 |     TAC   2   2   2   2   2   2 |     TGC   3   3   3   3   3   3
Leu TTA   0   0   0   0   0   0 |     TCA   3   2   3   3   1   3 | *** TAA   0   0   0   0   0   0 | *** TGA   0   0   0   0   0   0
    TTG   1   0   1   1   1   1 |     TCG   1   2   1   1   2   1 |     TAG   0   0   0   0   0   0 | Trp TGG   1   1   1   1   1   1
--------------------------------------------------------------------------------------------------------------------------------------
Leu CTT   2   2   2   3   2   2 | Pro CCT   3   3   3   3   3   3 | His CAT   1   1   1   1   1   1 | Arg CGT   0   0   0   0   0   0
    CTC   1   1   1   0   1   1 |     CCC   3   3   3   3   3   3 |     CAC   0   0   0   0   0   0 |     CGC   0   0   0   0   0   0
    CTA   2   2   2   2   2   2 |     CCA   0   0   0   0   1   0 | Gln CAA   3   3   2   3   2   3 |     CGA   1   1   1   1   1   1
    CTG   4   5   4   4   4   4 |     CCG   0   0   0   0   0   0 |     CAG   2   2   3   2   3   2 |     CGG   1   1   1   1   1   1
--------------------------------------------------------------------------------------------------------------------------------------
Ile ATT   5   5   4   5   5   5 | Thr ACT   2   2   2   2   2   2 | Asn AAT   1   1   1   1   1   1 | Ser AGT   1   1   1   1   0   1
    ATC   0   0   1   0   0   0 |     ACC   1   0   1   1   0   0 |     AAC   2   2   2   2   2   2 |     AGC   4   5   4   4   6   5
    ATA   0   0   0   0   0   0 |     ACA   2   2   2   2   2   2 | Lys AAA   1   1   1   1   1   1 | Arg AGA   3   3   3   3   3   3
Met ATG   0   0   0   0   0   0 |     ACG   1   1   1   1   1   1 |     AAG   3   3   3   3   3   3 |     AGG   1   1   1   1   1   1
--------------------------------------------------------------------------------------------------------------------------------------
Val GTT   2   2   2   2   2   2 | Ala GCT   2   2   2   2   2   2 | Asp GAT   1   2   2   3   2   2 | Gly GGT   0   0   0   0   0   0
    GTC   4   4   4   4   4   4 |     GCC   1   1   1   1   1   1 |     GAC   5   4   4   3   4   4 |     GGC   0   0   0   0   0   0
    GTA   1   1   1   1   1   1 |     GCA   0   0   0   0   0   0 | Glu GAA   3   3   3   3   2   3 |     GGA   2   2   2   2   2   2
    GTG   2   2   2   2   2   2 |     GCG   0   0   0   0   0   0 |     GAG   6   6   6   6   7   6 |     GGG   3   3   3   3   3   3
--------------------------------------------------------------------------------------------------------------------------------------

--------------------------------------------------------------------------------------------------------------------------------------
Phe TTT   1   1   1   1   1   1 | Ser TCT   1   1   1   1   1   1 | Tyr TAT   0   0   0   0   0   0 | Cys TGT   2   2   2   2   2   2
    TTC   2   2   2   2   2   2 |     TCC   5   5   5   5   5   5 |     TAC   2   2   2   2   2   2 |     TGC   3   3   3   3   3   3
Leu TTA   0   0   0   0   0   0 |     TCA   2   2   2   2   1   1 | *** TAA   0   0   0   0   0   0 | *** TGA   0   0   0   0   0   0
    TTG   1   1   1   1   1   1 |     TCG   2   2   2   2   2   2 |     TAG   0   0   0   0   0   0 | Trp TGG   1   1   1   1   1   1
--------------------------------------------------------------------------------------------------------------------------------------
Leu CTT   2   2   3   2   2   2 | Pro CCT   3   4   3   3   3   3 | His CAT   1   1   1   1   1   1 | Arg CGT   0   0   0   0   0   0
    CTC   1   1   0   2   1   1 |     CCC   3   2   3   3   3   3 |     CAC   0   0   0   0   0   0 |     CGC   0   0   0   0   0   0
    CTA   2   2   2   1   2   2 |     CCA   0   0   0   0   1   1 | Gln CAA   2   3   3   3   3   3 |     CGA   1   1   1   1   1   1
    CTG   4   4   4   4   4   4 |     CCG   0   0   0   0   0   0 |     CAG   3   2   2   2   2   2 |     CGG   1   1   1   1   1   1
--------------------------------------------------------------------------------------------------------------------------------------
Ile ATT   5   5   5   3   5   5 | Thr ACT   2   2   2   2   2   2 | Asn AAT   2   1   1   1   1   1 | Ser AGT   0   1   1   1   0   0
    ATC   0   0   0   1   0   0 |     ACC   0   0   0   0   0   0 |     AAC   2   2   2   2   2   2 |     AGC   5   5   5   5   6   6
    ATA   0   0   0   0   0   0 |     ACA   2   2   2   2   2   2 | Lys AAA   1   1   1   1   1   1 | Arg AGA   3   3   3   3   3   3
Met ATG   0   0   0   0   0   0 |     ACG   1   1   1   1   1   1 |     AAG   3   3   3   3   3   3 |     AGG   1   1   1   1   1   1
--------------------------------------------------------------------------------------------------------------------------------------
Val GTT   2   2   2   3   2   2 | Ala GCT   2   2   2   1   2   2 | Asp GAT   2   2   2   2   2   2 | Gly GGT   0   0   0   0   0   0
    GTC   4   4   4   4   4   4 |     GCC   1   1   1   2   1   1 |     GAC   4   4   4   4   4   4 |     GGC   0   0   0   0   0   0
    GTA   1   1   1   1   1   1 |     GCA   0   0   0   0   0   0 | Glu GAA   3   3   3   3   2   2 |     GGA   2   2   2   2   2   2
    GTG   2   2   2   2   2   2 |     GCG   0   0   0   0   0   0 |     GAG   6   6   6   6   7   7 |     GGG   3   3   3   3   3   3
--------------------------------------------------------------------------------------------------------------------------------------

Codon position x base (3x4) table for each sequence.

#1: Argali         
position  1:    T:0.21154    C:0.22115    A:0.25962    G:0.30769
position  2:    T:0.25962    C:0.23077    A:0.28846    G:0.22115
position  3:    T:0.24038    C:0.30769    A:0.19231    G:0.25962
Average         T:0.23718    C:0.25321    A:0.24679    G:0.26282

#2: LesserMouseDeer
position  1:    T:0.21154    C:0.22115    A:0.25962    G:0.30769
position  2:    T:0.25962    C:0.24038    A:0.29808    G:0.20192
position  3:    T:0.21154    C:0.32692    A:0.21154    G:0.25000
Average         T:0.22756    C:0.26282    A:0.25641    G:0.25321

#3: LesserKudu     
position  1:    T:0.20192    C:0.23077    A:0.25962    G:0.30769
position  2:    T:0.25962    C:0.23077    A:0.28846    G:0.22115
position  3:    T:0.23077    C:0.31731    A:0.18269    G:0.26923
Average         T:0.23077    C:0.25962    A:0.24359    G:0.26603

#4: ForestMuskDeer2
position  1:    T:0.21154    C:0.22115    A:0.25000    G:0.31731
position  2:    T:0.25962    C:0.23077    A:0.28846    G:0.22115
position  3:    T:0.22115    C:0.33654    A:0.17308    G:0.26923
Average         T:0.23077    C:0.26282    A:0.23718    G:0.26923

#5: Camel          
position  1:    T:0.21154    C:0.22115    A:0.28846    G:0.27885
position  2:    T:0.25962    C:0.24038    A:0.28846    G:0.21154
position  3:    T:0.21154    C:0.31731    A:0.21154    G:0.25962
Average         T:0.22756    C:0.25962    A:0.26282    G:0.25000

#6: KillerWhale    
position  1:    T:0.22115    C:0.21154    A:0.25962    G:0.30769
position  2:    T:0.25962    C:0.24038    A:0.28846    G:0.21154
position  3:    T:0.24038    C:0.29808    A:0.23077    G:0.23077
Average         T:0.24038    C:0.25000    A:0.25962    G:0.25000

#7: DefassaWaterbuck
position  1:    T:0.22115    C:0.21154    A:0.26923    G:0.29808
position  2:    T:0.25962    C:0.23077    A:0.28846    G:0.22115
position  3:    T:0.24038    C:0.30769    A:0.19231    G:0.25962
Average         T:0.24038    C:0.25000    A:0.25000    G:0.25962

#8: Sheep          
position  1:    T:0.21154    C:0.22115    A:0.25962    G:0.30769
position  2:    T:0.25962    C:0.23077    A:0.28846    G:0.22115
position  3:    T:0.24038    C:0.30769    A:0.18269    G:0.26923
Average         T:0.23718    C:0.25321    A:0.24359    G:0.26603

#9: MaxwellsDuiker 
position  1:    T:0.20192    C:0.23077    A:0.25962    G:0.30769
position  2:    T:0.25962    C:0.23077    A:0.28846    G:0.22115
position  3:    T:0.24038    C:0.30769    A:0.19231    G:0.25962
Average         T:0.23397    C:0.25641    A:0.24679    G:0.26282

#10: GazellaPrzewalskyi
position  1:    T:0.21154    C:0.22115    A:0.25962    G:0.30769
position  2:    T:0.25962    C:0.23077    A:0.28846    G:0.22115
position  3:    T:0.25000    C:0.29808    A:0.19231    G:0.25962
Average         T:0.24038    C:0.25000    A:0.24679    G:0.26282

#11: MountainNyala  
position  1:    T:0.20192    C:0.23077    A:0.25962    G:0.30769
position  2:    T:0.25962    C:0.24038    A:0.27885    G:0.22115
position  3:    T:0.23077    C:0.31731    A:0.18269    G:0.26923
Average         T:0.23077    C:0.26282    A:0.24038    G:0.26603

#12: MuntiacusMuntjak
position  1:    T:0.21154    C:0.22115    A:0.25962    G:0.30769
position  2:    T:0.25962    C:0.24038    A:0.28846    G:0.21154
position  3:    T:0.23077    C:0.31731    A:0.19231    G:0.25962
Average         T:0.23397    C:0.25962    A:0.24679    G:0.25962

#13: goat           
position  1:    T:0.21154    C:0.22115    A:0.25962    G:0.30769
position  2:    T:0.25962    C:0.23077    A:0.28846    G:0.22115
position  3:    T:0.24038    C:0.30769    A:0.19231    G:0.25962
Average         T:0.23718    C:0.25321    A:0.24679    G:0.26282

#14: AfricanBuffalo 
position  1:    T:0.20192    C:0.23077    A:0.25962    G:0.30769
position  2:    T:0.25962    C:0.23077    A:0.28846    G:0.22115
position  3:    T:0.23077    C:0.31731    A:0.18269    G:0.26923
Average         T:0.23077    C:0.25962    A:0.24359    G:0.26603

#15: Topi           
position  1:    T:0.21154    C:0.22115    A:0.25000    G:0.31731
position  2:    T:0.25962    C:0.22115    A:0.28846    G:0.23077
position  3:    T:0.25000    C:0.30769    A:0.19231    G:0.25000
Average         T:0.24038    C:0.25000    A:0.24359    G:0.26603

#16: CommonDuiker   
position  1:    T:0.21154    C:0.22115    A:0.25962    G:0.30769
position  2:    T:0.25962    C:0.23077    A:0.28846    G:0.22115
position  3:    T:0.24038    C:0.30769    A:0.19231    G:0.25962
Average         T:0.23718    C:0.25321    A:0.24679    G:0.26282

#17: Suni           
position  1:    T:0.20192    C:0.23077    A:0.25962    G:0.30769
position  2:    T:0.25962    C:0.23077    A:0.28846    G:0.22115
position  3:    T:0.25962    C:0.29808    A:0.19231    G:0.25000
Average         T:0.24038    C:0.25321    A:0.24679    G:0.25962

#18: Springbuck     
position  1:    T:0.21154    C:0.22115    A:0.25962    G:0.30769
position  2:    T:0.25962    C:0.23077    A:0.28846    G:0.22115
position  3:    T:0.23077    C:0.31731    A:0.19231    G:0.25962
Average         T:0.23397    C:0.25641    A:0.24679    G:0.26282

#19: Okapi          
position  1:    T:0.22115    C:0.21154    A:0.25962    G:0.30769
position  2:    T:0.25962    C:0.24038    A:0.28846    G:0.21154
position  3:    T:0.25000    C:0.29808    A:0.20192    G:0.25000
Average         T:0.24359    C:0.25000    A:0.25000    G:0.25641

#20: Giraffe        
position  1:    T:0.21154    C:0.22115    A:0.25962    G:0.30769
position  2:    T:0.25962    C:0.24038    A:0.28846    G:0.21154
position  3:    T:0.25000    C:0.29808    A:0.19231    G:0.25962
Average         T:0.24038    C:0.25321    A:0.24679    G:0.25962

#21: TibetanAntelope
position  1:    T:0.21154    C:0.22115    A:0.25962    G:0.30769
position  2:    T:0.25962    C:0.23077    A:0.28846    G:0.22115
position  3:    T:0.24038    C:0.30769    A:0.19231    G:0.25962
Average         T:0.23718    C:0.25321    A:0.24679    G:0.26282

#22: Sitatunga      
position  1:    T:0.20192    C:0.23077    A:0.25962    G:0.30769
position  2:    T:0.25962    C:0.23077    A:0.28846    G:0.22115
position  3:    T:0.23077    C:0.31731    A:0.19231    G:0.25962
Average         T:0.23077    C:0.25962    A:0.24679    G:0.26282

#23: Oribi          
position  1:    T:0.21154    C:0.22115    A:0.25962    G:0.30769
position  2:    T:0.25962    C:0.23077    A:0.28846    G:0.22115
position  3:    T:0.24038    C:0.30769    A:0.20192    G:0.25000
Average         T:0.23718    C:0.25321    A:0.25000    G:0.25962

#24: BarbarySheep   
position  1:    T:0.22115    C:0.21154    A:0.25962    G:0.30769
position  2:    T:0.25962    C:0.23077    A:0.28846    G:0.22115
position  3:    T:0.24038    C:0.30769    A:0.19231    G:0.25962
Average         T:0.24038    C:0.25000    A:0.24679    G:0.26282

#25: Daviddeer      
position  1:    T:0.21154    C:0.22115    A:0.25962    G:0.30769
position  2:    T:0.25962    C:0.24038    A:0.28846    G:0.21154
position  3:    T:0.23077    C:0.30769    A:0.20192    G:0.25962
Average         T:0.23397    C:0.25641    A:0.25000    G:0.25962

#26: Reindeer       
position  1:    T:0.21154    C:0.22115    A:0.25962    G:0.30769
position  2:    T:0.25962    C:0.24038    A:0.28846    G:0.21154
position  3:    T:0.25000    C:0.29808    A:0.20192    G:0.25000
Average         T:0.24038    C:0.25321    A:0.25000    G:0.25641

#27: Ibex           
position  1:    T:0.21154    C:0.22115    A:0.25962    G:0.30769
position  2:    T:0.25962    C:0.23077    A:0.28846    G:0.22115
position  3:    T:0.24038    C:0.30769    A:0.19231    G:0.25962
Average         T:0.23718    C:0.25321    A:0.24679    G:0.26282

#28: GyrantGazelle  
position  1:    T:0.21154    C:0.22115    A:0.25962    G:0.30769
position  2:    T:0.25962    C:0.23077    A:0.28846    G:0.22115
position  3:    T:0.24038    C:0.31731    A:0.19231    G:0.25000
Average         T:0.23718    C:0.25641    A:0.24679    G:0.25962

#29: Hartebeest     
position  1:    T:0.21154    C:0.22115    A:0.25000    G:0.31731
position  2:    T:0.25962    C:0.22115    A:0.28846    G:0.23077
position  3:    T:0.24038    C:0.31731    A:0.19231    G:0.25000
Average         T:0.23718    C:0.25321    A:0.24359    G:0.26603

#30: Bongo          
position  1:    T:0.20192    C:0.23077    A:0.25962    G:0.30769
position  2:    T:0.25962    C:0.23077    A:0.28846    G:0.22115
position  3:    T:0.23077    C:0.31731    A:0.20192    G:0.25000
Average         T:0.23077    C:0.25962    A:0.25000    G:0.25962

#31: Gerenuk        
position  1:    T:0.21154    C:0.22115    A:0.25962    G:0.30769
position  2:    T:0.25962    C:0.23077    A:0.28846    G:0.22115
position  3:    T:0.25962    C:0.28846    A:0.20192    G:0.25000
Average         T:0.24359    C:0.24679    A:0.25000    G:0.25962

#32: CommonEland    
position  1:    T:0.20192    C:0.23077    A:0.25962    G:0.30769
position  2:    T:0.25962    C:0.23077    A:0.28846    G:0.22115
position  3:    T:0.23077    C:0.30769    A:0.19231    G:0.26923
Average         T:0.23077    C:0.25641    A:0.24679    G:0.26603

#33: MuntiacusReevesi
position  1:    T:0.21154    C:0.22115    A:0.25962    G:0.30769
position  2:    T:0.25962    C:0.24038    A:0.28846    G:0.21154
position  3:    T:0.23077    C:0.31731    A:0.19231    G:0.25962
Average         T:0.23397    C:0.25962    A:0.24679    G:0.25962

#34: HarveysDuiker  
position  1:    T:0.21154    C:0.22115    A:0.25962    G:0.30769
position  2:    T:0.25962    C:0.23077    A:0.28846    G:0.22115
position  3:    T:0.24038    C:0.30769    A:0.18269    G:0.26923
Average         T:0.23718    C:0.25321    A:0.24359    G:0.26603

#35: Pronghorn      
position  1:    T:0.20192    C:0.23077    A:0.25962    G:0.30769
position  2:    T:0.25962    C:0.24038    A:0.28846    G:0.21154
position  3:    T:0.23077    C:0.31731    A:0.19231    G:0.25962
Average         T:0.23077    C:0.26282    A:0.24679    G:0.25962

#36: BlueWildebeest 
position  1:    T:0.21154    C:0.22115    A:0.25000    G:0.31731
position  2:    T:0.25962    C:0.22115    A:0.28846    G:0.23077
position  3:    T:0.25000    C:0.30769    A:0.19231    G:0.25000
Average         T:0.24038    C:0.25000    A:0.24359    G:0.26603

#37: Gemsbok        
position  1:    T:0.21154    C:0.22115    A:0.25962    G:0.30769
position  2:    T:0.25962    C:0.23077    A:0.28846    G:0.22115
position  3:    T:0.23077    C:0.31731    A:0.19231    G:0.25962
Average         T:0.23397    C:0.25641    A:0.24679    G:0.26282

#38: Yak            
position  1:    T:0.20192    C:0.23077    A:0.25962    G:0.30769
position  2:    T:0.25962    C:0.23077    A:0.28846    G:0.22115
position  3:    T:0.23077    C:0.31731    A:0.17308    G:0.27885
Average         T:0.23077    C:0.25962    A:0.24038    G:0.26923

#39: BlueSheep      
position  1:    T:0.21154    C:0.22115    A:0.25962    G:0.30769
position  2:    T:0.25962    C:0.23077    A:0.28846    G:0.22115
position  3:    T:0.24038    C:0.30769    A:0.20192    G:0.25000
Average         T:0.23718    C:0.25321    A:0.25000    G:0.25962

#40: BohorReedbuck  
position  1:    T:0.21154    C:0.22115    A:0.26923    G:0.29808
position  2:    T:0.25962    C:0.23077    A:0.28846    G:0.22115
position  3:    T:0.24038    C:0.30769    A:0.19231    G:0.25962
Average         T:0.23718    C:0.25321    A:0.25000    G:0.25962

#41: KirksDik       
position  1:    T:0.21154    C:0.22115    A:0.25000    G:0.31731
position  2:    T:0.25962    C:0.23077    A:0.28846    G:0.22115
position  3:    T:0.24038    C:0.30769    A:0.20192    G:0.25000
Average         T:0.23718    C:0.25321    A:0.24679    G:0.26282

#42: RoeDeer        
position  1:    T:0.21154    C:0.22115    A:0.25962    G:0.30769
position  2:    T:0.25962    C:0.24038    A:0.28846    G:0.21154
position  3:    T:0.24038    C:0.31731    A:0.19231    G:0.25000
Average         T:0.23718    C:0.25962    A:0.24679    G:0.25641

#43: WhiteLippedDeer
position  1:    T:0.21154    C:0.22115    A:0.25962    G:0.30769
position  2:    T:0.25962    C:0.24038    A:0.28846    G:0.21154
position  3:    T:0.23077    C:0.31731    A:0.20192    G:0.25000
Average         T:0.23397    C:0.25962    A:0.25000    G:0.25641

#44: ThomsonGazelle 
position  1:    T:0.20192    C:0.23077    A:0.25962    G:0.30769
position  2:    T:0.25962    C:0.23077    A:0.28846    G:0.22115
position  3:    T:0.24038    C:0.30769    A:0.19231    G:0.25962
Average         T:0.23397    C:0.25641    A:0.24679    G:0.26282

#45: MuntiacusCrinifrons
position  1:    T:0.21154    C:0.22115    A:0.25962    G:0.30769
position  2:    T:0.25962    C:0.24038    A:0.28846    G:0.21154
position  3:    T:0.23077    C:0.31731    A:0.19231    G:0.25962
Average         T:0.23397    C:0.25962    A:0.24679    G:0.25962

#46: WhiteTailedDeer
position  1:    T:0.21154    C:0.22115    A:0.25962    G:0.30769
position  2:    T:0.25962    C:0.24038    A:0.28846    G:0.21154
position  3:    T:0.25962    C:0.28846    A:0.20192    G:0.25000
Average         T:0.24359    C:0.25000    A:0.25000    G:0.25641

#47: Cattle         
position  1:    T:0.20192    C:0.23077    A:0.25962    G:0.30769
position  2:    T:0.25962    C:0.23077    A:0.28846    G:0.22115
position  3:    T:0.23077    C:0.31731    A:0.17308    G:0.27885
Average         T:0.23077    C:0.25962    A:0.24038    G:0.26923

#48: RoyalAntelope  
position  1:    T:0.21154    C:0.22115    A:0.25962    G:0.30769
position  2:    T:0.25962    C:0.23077    A:0.28846    G:0.22115
position  3:    T:0.24038    C:0.30769    A:0.20192    G:0.25000
Average         T:0.23718    C:0.25321    A:0.25000    G:0.25962

#49: Steenbok       
position  1:    T:0.21154    C:0.22115    A:0.25962    G:0.30769
position  2:    T:0.25962    C:0.23077    A:0.29808    G:0.21154
position  3:    T:0.24038    C:0.30769    A:0.18269    G:0.26923
Average         T:0.23718    C:0.25321    A:0.24679    G:0.26282

#50: Impala         
position  1:    T:0.21154    C:0.22115    A:0.25962    G:0.30769
position  2:    T:0.25962    C:0.23077    A:0.28846    G:0.22115
position  3:    T:0.25000    C:0.29808    A:0.19231    G:0.25962
Average         T:0.24038    C:0.25000    A:0.24679    G:0.26282

#51: Klipspringer   
position  1:    T:0.21154    C:0.22115    A:0.25962    G:0.30769
position  2:    T:0.25962    C:0.23077    A:0.28846    G:0.22115
