1
52 1
Argali 0.000000 0.365500 0.097900 0.353600 0.054400 0.013000 0.055800 0.083700 0.098900 0.055300 0.041100 0.055800 0.110600 0.068900 0.070800 0.150900 0.068100 0.068900 0.068600 0.068900 0.041100 0.041100 0.040700 0.112400 0.054900 0.068100 0.096000 0.082500 0.131600 0.098900 0.054300 0.068900 0.098900 0.110500 0.082300 0.055100 0.068100 0.041600 0.068000 0.097800 0.040700 0.054700 0.040700 0.054700 0.068800 0.084300 0.069600 0.096800 0.085000 0.093700 0.069000 0.098300
LesserMous 0.365500 0.000000 0.390300 0.363600 0.365100 0.345500 0.353800 0.327600 0.353200 0.329500 0.350500 0.379800 0.447500 0.387900 0.380200 0.418100 0.384200 0.346900 0.387700 0.348800 0.350200 0.350500 0.345700 0.454800 0.370500 0.383100 0.426200 0.363900 0.402300 0.353200 0.322600 0.388600 0.329200 0.425800 0.408800 0.328400 0.340800 0.356200 0.382000 0.387500 0.346000 0.368800 0.346000 0.366100 0.345700 0.374300 0.352100 0.404700 0.332500 0.408400 0.348500 0.350600
LesserKudu 0.097900 0.390300 0.000000 0.355900 0.040800 0.083300 0.070700 0.099300 0.084400 0.070200 0.055600 0.070700 0.126500 0.084000 0.086300 0.202900 0.112300 0.113600 0.083600 0.055200 0.055500 0.055600 0.055000 0.128600 0.069700 0.083000 0.111600 0.068500 0.148900 0.084400 0.040700 0.083900 0.114700 0.126300 0.127500 0.069900 0.054500 0.041700 0.112100 0.113500 0.055100 0.069300 0.055100 0.069300 0.083900 0.099800 0.084900 0.083000 0.070900 0.137900 0.054900 0.084300
KillerWhal 0.353600 0.363600 0.355900 0.000000 0.315800 0.334700 0.304100 0.280700 0.339000 0.282700 0.301700 0.326700 0.329900 0.336600 0.306800 0.375000 0.331700 0.297900 0.297100 0.298000 0.301300 0.301700 0.298300 0.397100 0.320000 0.332400 0.311500 0.352800 0.306600 0.339000 0.314600 0.298100 0.425200 0.310100 0.274700 0.321100 0.332000 0.295400 0.293700 0.337500 0.298600 0.318300 0.298600 0.317000 0.338300 0.299400 0.341300 0.294700 0.303200 0.359000 0.298300 0.336400
DefassaWat 0.054400 0.365100 0.040800 0.315800 0.000000 0.040500 0.027500 0.055200 0.069800 0.026900 0.013500 0.027700 0.081900 0.040900 0.042000 0.151300 0.068200 0.069000 0.040700 0.040900 0.013500 0.013500 0.013400 0.082900 0.027100 0.040400 0.067800 0.054300 0.101200 0.069800 0.026700 0.040800 0.099000 0.081900 0.082600 0.027200 0.040300 0.013700 0.068100 0.069000 0.013400 0.027000 0.013400 0.026700 0.040800 0.055500 0.041300 0.068300 0.056000 0.093800 0.040900 0.069400
Sheep 0.013000 0.345500 0.083300 0.334700 0.040500 0.000000 0.041500 0.069300 0.084100 0.041200 0.027200 0.041500 0.096000 0.054800 0.056200 0.134900 0.054100 0.054700 0.054500 0.054700 0.027200 0.027200 0.026900 0.097700 0.040900 0.054100 0.081700 0.068300 0.116200 0.084100 0.040400 0.054700 0.113800 0.096000 0.068200 0.041100 0.054100 0.027500 0.054000 0.083300 0.026900 0.040700 0.026900 0.040700 0.054700 0.069700 0.055300 0.082400 0.070300 0.079800 0.054800 0.083700
MaxwellsDu 0.055800 0.353800 0.070700 0.304100 0.027500 0.041500 0.000000 0.042000 0.071500 0.028000 0.013800 0.028200 0.083900 0.041900 0.042900 0.155600 0.069900 0.070400 0.041500 0.041900 0.013900 0.013500 0.013700 0.085400 0.027200 0.041300 0.069400 0.055600 0.103800 0.071500 0.027500 0.041700 0.101100 0.083800 0.084600 0.027900 0.041100 0.014000 0.069800 0.070800 0.013700 0.027700 0.013700 0.027700 0.041800 0.056900 0.042300 0.069000 0.028000 0.095600 0.041900 0.071100
GazellaPrz 0.083700 0.327600 0.099300 0.280700 0.055200 0.069300 0.042000 0.000000 0.100500 0.056100 0.041600 0.056600 0.082800 0.069900 0.071900 0.186600 0.098100 0.099200 0.069600 0.069900 0.041600 0.041600 0.041200 0.114000 0.055700 0.040800 0.068500 0.083700 0.133200 0.100500 0.055100 0.069800 0.130800 0.082800 0.113100 0.055900 0.069000 0.042100 0.097700 0.099100 0.041300 0.027300 0.041300 0.055400 0.069800 0.085500 0.070500 0.098100 0.071200 0.094900 0.070000 0.070200
MountainNy 0.098900 0.353200 0.084400 0.339000 0.069800 0.084100 0.071500 0.100500 0.000000 0.071000 0.056200 0.071500 0.097700 0.084900 0.087300 0.137400 0.083700 0.084600 0.055400 0.027400 0.056100 0.056200 0.055600 0.099500 0.070500 0.083800 0.083100 0.040900 0.150500 0.000000 0.041200 0.055600 0.115900 0.097700 0.098500 0.070700 0.055000 0.056800 0.083500 0.114700 0.055600 0.070000 0.055600 0.070100 0.084800 0.041900 0.085800 0.083700 0.071700 0.139300 0.027300 0.027500
MuntiacusM 0.055300 0.329500 0.070200 0.282700 0.026900 0.041200 0.028000 0.056100 0.071000 0.000000 0.013800 0.028200 0.083300 0.041600 0.042700 0.154500 0.069400 0.070200 0.041400 0.041600 0.013800 0.013800 0.013600 0.084300 0.027600 0.041100 0.068900 0.055200 0.103100 0.071000 0.026500 0.041500 0.100800 0.083200 0.084000 0.027700 0.041000 0.013900 0.069300 0.070200 0.013400 0.027500 0.013600 0.027000 0.041500 0.056500 0.042000 0.069400 0.057000 0.095300 0.041600 0.070600
goat 0.041100 0.350500 0.055600 0.301700 0.013500 0.027200 0.013800 0.041600 0.056200 0.013800 0.000000 0.013900 0.068700 0.027400 0.028100 0.137200 0.054900 0.055400 0.027200 0.027400 0.000000 0.000000 0.000100 0.069900 0.013300 0.027100 0.054500 0.041000 0.087300 0.056200 0.013500 0.027300 0.085100 0.068600 0.069200 0.013700 0.027000 0.000000 0.054900 0.055600 0.000000 0.013600 0.000000 0.013600 0.027400 0.041900 0.027700 0.054000 0.042100 0.080600 0.027400 0.055800
AfricanBuf 0.055800 0.379800 0.070700 0.326700 0.027700 0.041500 0.028200 0.056600 0.071500 0.028200 0.013900 0.000000 0.083900 0.041900 0.043100 0.155700 0.069900 0.070800 0.041700 0.041900 0.013800 0.013900 0.013800 0.085800 0.027800 0.041400 0.069400 0.055600 0.103900 0.071500 0.027600 0.041800 0.101600 0.083900 0.084600 0.027800 0.041300 0.014000 0.069800 0.071100 0.013800 0.027600 0.013800 0.027800 0.041000 0.056900 0.042300 0.070000 0.057400 0.096100 0.041900 0.071100
Topi 0.110600 0.447500 0.126500 0.329900 0.081900 0.096000 0.083900 0.082800 0.097700 0.083300 0.068700 0.083900 0.000000 0.068200 0.099400 0.181200 0.067000 0.096500 0.039900 0.068100 0.068600 0.068700 0.068000 0.141300 0.082700 0.067300 0.012500 0.110600 0.161300 0.097700 0.081700 0.040200 0.158600 0.026000 0.066800 0.083000 0.095700 0.069400 0.095300 0.126100 0.068000 0.054100 0.068000 0.082300 0.096800 0.083100 0.068500 0.095600 0.113800 0.150200 0.068100 0.068300
CommonDuik 0.068900 0.387900 0.084000 0.336600 0.040900 0.054800 0.041900 0.069900 0.084900 0.041600 0.027400 0.041900 0.068200 0.000000 0.056700 0.168700 0.083000 0.084000 0.055000 0.055200 0.027400 0.027400 0.027100 0.098500 0.041300 0.054600 0.082500 0.068800 0.117100 0.084900 0.040800 0.027200 0.114800 0.096900 0.097600 0.041400 0.054500 0.027700 0.082900 0.097400 0.027200 0.041100 0.027200 0.041100 0.055100 0.070300 0.055800 0.083100 0.070900 0.108800 0.055300 0.084400
Suni 0.070800 0.380200 0.086300 0.306800 0.042000 0.056200 0.042900 0.071900 0.087300 0.042700 0.028100 0.043100 0.099400 0.056700 0.000000 0.140100 0.085200 0.085900 0.056200 0.056700 0.028200 0.028100 0.027900 0.101200 0.042200 0.056000 0.084600 0.070700 0.120700 0.087300 0.041900 0.055300 0.117400 0.099400 0.100300 0.042500 0.055700 0.028500 0.085100 0.086300 0.027900 0.042200 0.027900 0.042200 0.056600 0.072300 0.057300 0.055700 0.042800 0.111500 0.056700 0.086800
Springbuck 0.150900 0.418100 0.202900 0.375000 0.151300 0.134900 0.155600 0.186600 0.137400 0.154500 0.137200 0.155700 0.181200 0.168700 0.140100 0.000000 0.133900 0.135600 0.135000 0.135800 0.136900 0.137200 0.135700 0.219700 0.153000 0.166200 0.164900 0.183900 0.173100 0.137400 0.151000 0.135400 0.240700 0.181300 0.118000 0.153700 0.166400 0.138900 0.133100 0.202900 0.135900 0.152100 0.135900 0.152000 0.168900 0.121200 0.170600 0.133600 0.155700 0.225700 0.135900 0.136500
Okapi 0.068100 0.384200 0.112300 0.331700 0.068200 0.054100 0.069900 0.098100 0.083700 0.069400 0.054900 0.069900 0.067000 0.083000 0.085200 0.133900 0.000000 0.054400 0.026600 0.054400 0.054900 0.054900 0.054400 0.126900 0.068900 0.082000 0.053200 0.096700 0.146800 0.083700 0.068100 0.054300 0.143900 0.066900 0.039900 0.069200 0.081900 0.055500 0.081600 0.112100 0.054400 0.068600 0.054400 0.068500 0.082900 0.069300 0.054800 0.081800 0.099500 0.136300 0.054500 0.083200
Giraffe 0.068900 0.346900 0.113600 0.297900 0.069000 0.054700 0.070400 0.099200 0.084600 0.070200 0.055400 0.070800 0.096500 0.084000 0.085900 0.135600 0.054400 0.000000 0.054600 0.055000 0.055500 0.055400 0.055000 0.128500 0.069400 0.082900 0.082200 0.097700 0.101900 0.084600 0.068900 0.054800 0.145000 0.096500 0.068500 0.070000 0.082500 0.056200 0.082600 0.113500 0.055100 0.069400 0.055100 0.069300 0.083900 0.070100 0.084800 0.082500 0.100300 0.136300 0.055100 0.084100
TibetanAnt 0.068600 0.387700 0.083600 0.297100 0.040700 0.054500 0.041500 0.069600 0.055400 0.041400 0.027200 0.041700 0.039900 0.055000 0.056200 0.135000 0.026600 0.054600 0.000000 0.027000 0.027300 0.027200 0.027000 0.098100 0.040900 0.054300 0.026400 0.068600 0.116600 0.055400 0.040600 0.026300 0.113800 0.039900 0.040200 0.041200 0.054100 0.027600 0.054100 0.083500 0.027000 0.040900 0.027000 0.040900 0.054900 0.041300 0.027300 0.052600 0.070300 0.107800 0.027100 0.055100
Sitatunga 0.068900 0.348800 0.055200 0.298000 0.040900 0.054700 0.041900 0.069900 0.027400 0.041600 0.027400 0.041900 0.068100 0.055200 0.056700 0.135800 0.054400 0.055000 0.027000 0.000000 0.027400 0.027400 0.027100 0.098600 0.041200 0.054600 0.054100 0.040700 0.117400 0.027400 0.013400 0.027100 0.084900 0.068000 0.068600 0.041400 0.026900 0.027700 0.054300 0.083900 0.027200 0.041000 0.027200 0.041000 0.055100 0.041500 0.055800 0.054500 0.042000 0.108800 0.000000 0.027300
Oribi 0.041100 0.350200 0.055500 0.301300 0.013500 0.027200 0.013900 0.041600 0.056100 0.013800 0.000000 0.013800 0.068600 0.027400 0.028200 0.136900 0.054900 0.055500 0.027300 0.027400 0.000000 0.000000 0.000100 0.069800 0.013600 0.026900 0.054500 0.041000 0.087000 0.056100 0.013500 0.027400 0.085400 0.068500 0.069100 0.013700 0.027100 0.000100 0.054600 0.055500 0.000100 0.013600 0.000100 0.013600 0.027400 0.041900 0.027600 0.054900 0.042200 0.080800 0.027400 0.055800
BarbaryShe 0.041100 0.350500 0.055600 0.301700 0.013500 0.027200 0.013500 0.041600 0.056200 0.013800 0.000000 0.013900 0.068700 0.027400 0.028100 0.137200 0.054900 0.055400 0.027200 0.027400 0.000000 0.000000 0.000100 0.069900 0.013600 0.027100 0.054500 0.041000 0.087300 0.056200 0.013500 0.026700 0.085100 0.068600 0.069200 0.013700 0.026400 0.000000 0.054900 0.055600 0.000000 0.013600 0.000000 0.013600 0.027400 0.041900 0.027700 0.054800 0.042100 0.080600 0.027400 0.055800
Daviddeer 0.040700 0.345700 0.055000 0.298300 0.013400 0.026900 0.013700 0.041200 0.055600 0.013600 0.000100 0.013800 0.068000 0.027100 0.027900 0.135700 0.054400 0.055000 0.027000 0.027100 0.000100 0.000100 0.000000 0.069100 0.013500 0.026800 0.054000 0.040600 0.086300 0.055600 0.013400 0.027100 0.084600 0.067900 0.068500 0.013600 0.026800 0.000100 0.054300 0.055000 0.000000 0.013400 0.000000 0.013500 0.027100 0.041500 0.027400 0.054400 0.041800 0.080100 0.027100 0.055300
Reindeer 0.112400 0.454800 0.128600 0.397100 0.082900 0.097700 0.085400 0.114000 0.099500 0.084300 0.069900 0.085800 0.141300 0.098500 0.101200 0.219700 0.126900 0.128500 0.098100 0.098600 0.069800 0.069900 0.069100 0.000000 0.084100 0.097300 0.126100 0.083000 0.164300 0.099500 0.082700 0.098500 0.161300 0.141200 0.142300 0.084400 0.097200 0.070700 0.126800 0.128300 0.068900 0.083800 0.068900 0.054800 0.098400 0.114800 0.099500 0.097200 0.115700 0.152400 0.098600 0.129200
Ibex 0.054900 0.370500 0.069700 0.320000 0.027100 0.040900 0.027200 0.055700 0.070500 0.027600 0.013300 0.027800 0.082700 0.041300 0.042200 0.153000 0.068900 0.069400 0.040900 0.041200 0.013600 0.013600 0.013500 0.084100 0.000000 0.040700 0.068400 0.054900 0.102200 0.070500 0.027100 0.041000 0.099600 0.082600 0.083300 0.027500 0.040300 0.013800 0.068800 0.069700 0.013500 0.027300 0.013500 0.027300 0.041200 0.056000 0.041700 0.068700 0.056300 0.094100 0.041300 0.070100
GyrantGaze 0.068100 0.383100 0.083000 0.332400 0.040400 0.054100 0.041300 0.040800 0.083800 0.041100 0.027100 0.041400 0.067300 0.054600 0.056000 0.166200 0.082000 0.082900 0.054300 0.054600 0.026900 0.027100 0.026800 0.097300 0.040700 0.000000 0.053500 0.068000 0.115300 0.083800 0.040300 0.054500 0.113400 0.067300 0.096400 0.040900 0.053900 0.027400 0.081500 0.082900 0.026800 0.013300 0.026800 0.040500 0.054500 0.069400 0.054800 0.082100 0.070000 0.107400 0.054600 0.054700
Hartebeest 0.096000 0.426200 0.111600 0.311500 0.067800 0.081700 0.069400 0.068500 0.083100 0.068900 0.054500 0.069400 0.012500 0.082500 0.084600 0.164900 0.053200 0.082200 0.026400 0.054100 0.054500 0.054500 0.054000 0.126100 0.068400 0.053500 0.000000 0.096100 0.145600 0.083100 0.067600 0.054000 0.143000 0.012900 0.053000 0.068700 0.081400 0.055100 0.081100 0.111300 0.054000 0.040300 0.054000 0.068000 0.082400 0.068800 0.054400 0.081300 0.098800 0.135600 0.054100 0.054300
Bongo 0.082500 0.363900 0.068500 0.352800 0.054300 0.068300 0.055600 0.083700 0.040900 0.055200 0.041000 0.055600 0.110600 0.068800 0.070700 0.183900 0.096700 0.097700 0.068600 0.040700 0.041000 0.041000 0.040600 0.083000 0.054900 0.068000 0.096100 0.000000 0.131600 0.040900 0.026700 0.068800 0.098700 0.110600 0.111500 0.055100 0.040200 0.041400 0.096500 0.097600 0.040600 0.054500 0.040600 0.054600 0.068800 0.084100 0.069500 0.096700 0.055800 0.093700 0.040600 0.069100
Gerenuk 0.131600 0.402300 0.148900 0.306600 0.101200 0.116200 0.103800 0.133200 0.150500 0.103100 0.087300 0.103900 0.161300 0.117100 0.120700 0.173100 0.146800 0.101900 0.116600 0.117400 0.087000 0.087300 0.086300 0.164300 0.102200 0.115300 0.145600 0.131600 0.000000 0.150500 0.100900 0.117000 0.183300 0.161300 0.131000 0.102700 0.115600 0.088300 0.115000 0.117200 0.086400 0.101300 0.086400 0.101600 0.117200 0.134400 0.118200 0.146900 0.135800 0.172500 0.117400 0.149500
CommonElan 0.098900 0.353200 0.084400 0.339000 0.069800 0.084100 0.071500 0.100500 0.000000 0.071000 0.056200 0.071500 0.097700 0.084900 0.087300 0.137400 0.083700 0.084600 0.055400 0.027400 0.056100 0.056200 0.055600 0.099500 0.070500 0.083800 0.083100 0.040900 0.150500 0.000000 0.041200 0.055600 0.115900 0.097700 0.098500 0.070700 0.055000 0.056800 0.083500 0.114700 0.055600 0.070000 0.055600 0.070100 0.084800 0.041900 0.085800 0.083700 0.071700 0.139300 0.027300 0.027500
MuntiacusR 0.054300 0.322600 0.040700 0.314600 0.026700 0.040400 0.027500 0.055100 0.041200 0.026500 0.013500 0.027600 0.081700 0.040800 0.041900 0.151000 0.068100 0.068900 0.040600 0.013400 0.013500 0.013500 0.013400 0.082700 0.027100 0.040300 0.067600 0.026700 0.100900 0.041200 0.000000 0.040700 0.069500 0.081700 0.082400 0.027200 0.013200 0.013600 0.068000 0.068800 0.013300 0.026900 0.013300 0.026700 0.040700 0.055400 0.041200 0.068100 0.027500 0.093600 0.013400 0.040900
HarveysDui 0.068900 0.388600 0.083900 0.298100 0.040800 0.054700 0.041700 0.069800 0.055600 0.041500 0.027300 0.041800 0.040200 0.027200 0.055300 0.135400 0.054300 0.054800 0.026300 0.027100 0.027400 0.026700 0.027100 0.098500 0.041000 0.054500 0.054000 0.068800 0.117000 0.055600 0.040700 0.000000 0.114200 0.067900 0.068500 0.041400 0.054200 0.027700 0.054300 0.083900 0.027200 0.041000 0.027200 0.041000 0.055100 0.041500 0.055700 0.053800 0.070500 0.108200 0.027100 0.055200
Pronghorn 0.098900 0.329200 0.114700 0.425200 0.099000 0.113800 0.101100 0.130800 0.115900 0.100800 0.085100 0.101600 0.158600 0.114800 0.117400 0.240700 0.143900 0.145000 0.113800 0.084900 0.085400 0.085100 0.084600 0.161300 0.099600 0.113400 0.143000 0.098700 0.183300 0.115900 0.069500 0.114200 0.000000 0.158500 0.159800 0.070400 0.083300 0.086500 0.113100 0.114500 0.084700 0.099700 0.084700 0.099500 0.084400 0.131700 0.116000 0.143500 0.101200 0.168900 0.084900 0.115300
BlueWildeb 0.110500 0.425800 0.126300 0.310100 0.081900 0.096000 0.083800 0.082800 0.097700 0.083200 0.068600 0.083900 0.026000 0.096900 0.099400 0.181300 0.066900 0.096500 0.039900 0.068000 0.068500 0.068600 0.067900 0.141200 0.082600 0.067300 0.012900 0.110600 0.161300 0.097700 0.081700 0.067900 0.158500 0.000000 0.067000 0.083000 0.095600 0.069200 0.095300 0.126100 0.068000 0.054100 0.068000 0.082200 0.096800 0.083100 0.068500 0.095500 0.113800 0.150200 0.068100 0.068300
Gemsbok 0.082300 0.408800 0.127500 0.274700 0.082600 0.068200 0.084600 0.113100 0.098500 0.084000 0.069200 0.084600 0.066800 0.097600 0.100300 0.118000 0.039900 0.068500 0.040200 0.068600 0.069100 0.069200 0.068500 0.142300 0.083300 0.096400 0.053000 0.111500 0.131000 0.098500 0.082400 0.068500 0.159800 0.067000 0.000000 0.083700 0.096400 0.070000 0.067500 0.127200 0.068600 0.083000 0.068600 0.082900 0.097600 0.083800 0.069100 0.096300 0.114700 0.151300 0.068600 0.097900
Yak 0.055100 0.328400 0.069900 0.321100 0.027200 0.041100 0.027900 0.055900 0.070700 0.027700 0.013700 0.027800 0.083000 0.041400 0.042500 0.153700 0.069200 0.070000 0.041200 0.041400 0.013700 0.013700 0.013600 0.084400 0.027500 0.040900 0.068700 0.055100 0.102700 0.070700 0.027200 0.041400 0.070400 0.083000 0.083700 0.000000 0.040900 0.013900 0.069000 0.069900 0.013600 0.027400 0.013600 0.027400 0.013500 0.056200 0.041800 0.069200 0.056700 0.095100 0.041400 0.070300
BlueSheep 0.068100 0.340800 0.054500 0.332000 0.040300 0.054100 0.041100 0.069000 0.055000 0.041000 0.027000 0.041300 0.095700 0.054500 0.055700 0.166400 0.081900 0.082500 0.054100 0.026900 0.027100 0.026400 0.026800 0.097200 0.040300 0.053900 0.081400 0.040200 0.115600 0.055000 0.013200 0.054200 0.083300 0.095600 0.096400 0.040900 0.000000 0.027400 0.081800 0.082800 0.026800 0.040600 0.026800 0.040500 0.054400 0.069400 0.055100 0.081700 0.041200 0.107000 0.026900 0.054700
BohorReedb 0.041600 0.356200 0.041700 0.295400 0.013700 0.027500 0.014000 0.042100 0.056800 0.013900 0.000000 0.014000 0.069400 0.027700 0.028500 0.138900 0.055500 0.056200 0.027600 0.027700 0.000100 0.000000 0.000100 0.070700 0.013800 0.027400 0.055100 0.041400 0.088300 0.056800 0.013600 0.027700 0.086500 0.069200 0.070000 0.013900 0.027400 0.000000 0.055500 0.056200 0.000100 0.013700 0.000100 0.013700 0.027700 0.042400 0.028000 0.055600 0.042800 0.081800 0.027700 0.056500
KirksDik 0.068000 0.382000 0.112100 0.293700 0.068100 0.054000 0.069800 0.097700 0.083500 0.069300 0.054900 0.069800 0.095300 0.082900 0.085100 0.133100 0.081600 0.082600 0.054100 0.054300 0.054600 0.054900 0.054300 0.126800 0.068800 0.081500 0.081100 0.096500 0.115000 0.083500 0.068000 0.054300 0.113100 0.095300 0.067500 0.069000 0.081800 0.055500 0.000000 0.082700 0.054400 0.068400 0.054400 0.068400 0.082800 0.069200 0.083300 0.081800 0.099300 0.107400 0.054400 0.083000
RoeDeer 0.097800 0.387500 0.113500 0.337500 0.069000 0.083300 0.070800 0.099100 0.114700 0.070200 0.055600 0.071100 0.126100 0.097400 0.086300 0.202900 0.112100 0.113500 0.083500 0.083900 0.055500 0.055600 0.055000 0.128300 0.069700 0.082900 0.111300 0.097600 0.117200 0.114700 0.068800 0.083900 0.114500 0.126100 0.127200 0.069900 0.082800 0.056200 0.082700 0.000000 0.055100 0.069400 0.055100 0.069300 0.083800 0.099800 0.084800 0.112300 0.100700 0.137500 0.084000 0.114000
WhiteLippe 0.040700 0.346000 0.055100 0.298600 0.013400 0.026900 0.013700 0.041300 0.055600 0.013400 0.000000 0.013800 0.068000 0.027200 0.027900 0.135900 0.054400 0.055100 0.027000 0.027200 0.000100 0.000000 0.000000 0.068900 0.013500 0.026800 0.054000 0.040600 0.086400 0.055600 0.013300 0.027200 0.084700 0.068000 0.068600 0.013600 0.026800 0.000100 0.054400 0.055100 0.000000 0.013500 0.000000 0.013400 0.027100 0.041500 0.027500 0.054500 0.041900 0.080200 0.027200 0.055300
ThomsonGaz 0.054700 0.368800 0.069300 0.318300 0.027000 0.040700 0.027700 0.027300 0.070000 0.027500 0.013600 0.027600 0.054100 0.041100 0.042200 0.152100 0.068600 0.069400 0.040900 0.041000 0.013600 0.013600 0.013400 0.083800 0.027300 0.013300 0.040300 0.054500 0.101300 0.070000 0.026900 0.041000 0.099700 0.054100 0.083000 0.027400 0.040600 0.013700 0.068400 0.069400 0.013500 0.000000 0.013500 0.027100 0.041000 0.055800 0.041500 0.068700 0.056300 0.094300 0.041000 0.041100
MuntiacusC 0.040700 0.346000 0.055100 0.298600 0.013400 0.026900 0.013700 0.041300 0.055600 0.013600 0.000000 0.013800 0.068000 0.027200 0.027900 0.135900 0.054400 0.055100 0.027000 0.027200 0.000100 0.000000 0.000000 0.068900 0.013500 0.026800 0.054000 0.040600 0.086400 0.055600 0.013300 0.027200 0.084700 0.068000 0.068600 0.013600 0.026800 0.000100 0.054400 0.055100 0.000000 0.013500 0.000000 0.013300 0.027100 0.041500 0.027500 0.054500 0.041900 0.080200 0.027200 0.055300
WhiteTaile 0.054700 0.366100 0.069300 0.317000 0.026700 0.040700 0.027700 0.055400 0.070100 0.027000 0.013600 0.027800 0.082300 0.041100 0.042200 0.152000 0.068500 0.069300 0.040900 0.041000 0.013600 0.013600 0.013500 0.054800 0.027300 0.040500 0.068000 0.054600 0.101600 0.070100 0.026700 0.041000 0.099500 0.082200 0.082900 0.027400 0.040500 0.013700 0.068400 0.069300 0.013400 0.027100 0.013300 0.000000 0.041000 0.055800 0.041500 0.068600 0.056200 0.094200 0.041100 0.069600
Cattle 0.068800 0.345700 0.083900 0.338300 0.040800 0.054700 0.041800 0.069800 0.084800 0.041500 0.027400 0.041000 0.096800 0.055100 0.056600 0.168900 0.082900 0.083900 0.054900 0.055100 0.027400 0.027400 0.027100 0.098400 0.041200 0.054500 0.082400 0.068800 0.117200 0.084800 0.040700 0.055100 0.084400 0.096800 0.097600 0.013500 0.054400 0.027700 0.082800 0.083800 0.027100 0.041000 0.027100 0.041000 0.000000 0.070200 0.055700 0.083000 0.070800 0.094500 0.055200 0.084300
RoyalAntel 0.084300 0.374300 0.099800 0.299400 0.055500 0.069700 0.056900 0.085500 0.041900 0.056500 0.041900 0.056900 0.083100 0.070300 0.072300 0.121200 0.069300 0.070100 0.041300 0.041500 0.041900 0.041900 0.041500 0.114800 0.056000 0.069400 0.068800 0.084100 0.134400 0.041900 0.055400 0.041500 0.131700 0.083100 0.083800 0.056200 0.069400 0.042400 0.069200 0.099800 0.041500 0.055800 0.041500 0.055800 0.070200 0.000000 0.071000 0.069300 0.086800 0.124500 0.041500 0.041700
Steenbok 0.069600 0.352100 0.084900 0.341300 0.041300 0.055300 0.042300 0.070500 0.085800 0.042000 0.027700 0.042300 0.068500 0.055800 0.057300 0.170600 0.054800 0.084800 0.027300 0.055800 0.027600 0.027700 0.027400 0.099500 0.041700 0.054800 0.054400 0.069500 0.118200 0.085800 0.041200 0.055700 0.116000 0.068500 0.069100 0.041800 0.055100 0.028000 0.083300 0.084800 0.027500 0.041500 0.027500 0.041500 0.055700 0.071000 0.000000 0.083900 0.071700 0.109700 0.055800 0.085300
Impala 0.096800 0.404700 0.083000 0.294700 0.068300 0.082400 0.069000 0.098100 0.083700 0.069400 0.054000 0.070000 0.095600 0.083100 0.055700 0.133600 0.081800 0.082500 0.052600 0.054500 0.054900 0.054800 0.054400 0.097200 0.068700 0.082100 0.081300 0.096700 0.146900 0.083700 0.068100 0.053800 0.143500 0.095500 0.096300 0.069200 0.081700 0.055600 0.081800 0.112300 0.054500 0.068700 0.054500 0.068600 0.083000 0.069300 0.083900 0.000000 0.069700 0.135900 0.054500 0.083200
Klipspring 0.085000 0.332500 0.070900 0.303200 0.056000 0.070300 0.028000 0.071200 0.071700 0.057000 0.042100 0.057400 0.113800 0.070900 0.042800 0.155700 0.099500 0.100300 0.070300 0.042000 0.042200 0.042100 0.041800 0.115700 0.056300 0.070000 0.098800 0.055800 0.135800 0.071700 0.027500 0.070500 0.101200 0.113800 0.114700 0.056700 0.041200 0.042800 0.099300 0.100700 0.041900 0.056300 0.041900 0.056200 0.070800 0.086800 0.071700 0.069700 0.000000 0.124900 0.042000 0.071300
ForestMusk 0.093700 0.408400 0.137900 0.359000 0.093800 0.079800 0.095600 0.094900 0.139300 0.095300 0.080600 0.096100 0.150200 0.108800 0.111500 0.225700 0.136300 0.136300 0.107800 0.108800 0.080800 0.080600 0.080100 0.152400 0.094100 0.107400 0.135600 0.093700 0.172500 0.139300 0.093600 0.108200 0.168900 0.150200 0.151300 0.095100 0.107000 0.081800 0.107400 0.137500 0.080200 0.094300 0.080200 0.094200 0.094500 0.124500 0.109700 0.135900 0.124900 0.000000 0.108900 0.138500
Bushbuck 0.069000 0.348500 0.054900 0.298300 0.040900 0.054800 0.041900 0.070000 0.027300 0.041600 0.027400 0.041900 0.068100 0.055300 0.056700 0.135900 0.054500 0.055100 0.027100 0.000000 0.027400 0.027400 0.027100 0.098600 0.041300 0.054600 0.054100 0.040600 0.117400 0.027300 0.013400 0.027100 0.084900 0.068100 0.068600 0.041400 0.026900 0.027700 0.054400 0.084000 0.027200 0.041000 0.027200 0.041100 0.055200 0.041500 0.055800 0.054500 0.042000 0.108900 0.000000 0.027300
GreaterKud 0.098300 0.350600 0.084300 0.336400 0.069400 0.083700 0.071100 0.070200 0.027500 0.070600 0.055800 0.071100 0.068300 0.084400 0.086800 0.136500 0.083200 0.084100 0.055100 0.027300 0.055800 0.055800 0.055300 0.129200 0.070100 0.054700 0.054300 0.069100 0.149500 0.027500 0.040900 0.055200 0.115300 0.068300 0.097900 0.070300 0.054700 0.056500 0.083000 0.114000 0.055300 0.041100 0.055300 0.069600 0.084300 0.041700 0.085300 0.083200 0.071300 0.138500 0.027300 0.000000
