1
52 1
Argali 0.000000 0.553700 0.127700 0.485300 0.231800 0.029400 0.787200 0.167900 0.191200 0.314600 0.047500 0.222900 0.140300 0.224500 0.184100 0.205100 0.314800 0.257300 0.110500 0.233000 0.227800 0.081000 0.436600 0.399500 0.031900 0.174300 0.107000 0.194400 0.160500 0.145700 0.314600 0.131800 0.378500 0.134700 0.136700 0.321400 0.062500 0.254300 0.153900 0.342400 0.369700 0.256200 0.296800 0.382900 0.248000 0.273300 0.214000 0.199200 0.156400 0.281500 0.160600 0.255600
LesserMous 0.553700 0.000000 0.506100 0.485300 0.531700 0.599200 0.878600 0.474400 0.536700 0.542400 0.555000 0.607100 0.542500 0.559800 0.540900 0.534400 0.466800 0.426300 0.621500 0.582100 0.553100 0.577500 0.634800 0.556000 0.538400 0.497500 0.539400 0.548000 0.482300 0.485500 0.542400 0.503500 0.562900 0.566300 0.579500 0.717800 0.515700 0.647400 0.508700 0.520200 0.557200 0.583900 0.521300 0.562800 0.625200 0.663200 0.562100 0.465900 0.515300 0.541600 0.501200 0.498000
LesserKudu 0.127700 0.506100 0.000000 0.448800 0.241500 0.159000 0.730100 0.196800 0.058300 0.246400 0.145200 0.198500 0.204000 0.234700 0.194800 0.200700 0.265500 0.214500 0.209900 0.099300 0.223200 0.179900 0.401000 0.367300 0.130100 0.170500 0.169200 0.089600 0.156900 0.015200 0.246400 0.179100 0.346100 0.196000 0.199000 0.294000 0.159300 0.297200 0.183400 0.311800 0.336900 0.251200 0.267500 0.351300 0.223300 0.318900 0.210900 0.175300 0.186200 0.290700 0.059400 0.116300
KillerWhal 0.485300 0.485300 0.448800 0.000000 0.581400 0.525500 0.733200 0.439700 0.477900 0.476700 0.462300 0.563100 0.499900 0.495400 0.479700 0.493000 0.453200 0.392900 0.545500 0.497500 0.487400 0.482100 0.660500 0.469200 0.446900 0.459100 0.497200 0.508700 0.445000 0.451000 0.476700 0.485200 0.497500 0.479200 0.533700 0.689400 0.430200 0.599300 0.469600 0.441400 0.537400 0.497800 0.457600 0.499100 0.602500 0.657300 0.516800 0.429200 0.476000 0.456900 0.465800 0.484700
DefassaWat 0.231800 0.531700 0.241500 0.581400 0.000000 0.262500 0.792000 0.229100 0.267900 0.373000 0.232100 0.248800 0.236900 0.250600 0.212300 0.300400 0.335500 0.302600 0.278300 0.305900 0.302400 0.266700 0.447300 0.451000 0.218200 0.271200 0.203400 0.272000 0.258700 0.226200 0.373000 0.232400 0.357000 0.228300 0.231700 0.306700 0.244700 0.077200 0.216800 0.382900 0.386000 0.313100 0.356300 0.435300 0.239700 0.280600 0.295400 0.227400 0.219800 0.304400 0.207000 0.293900
Sheep 0.029400 0.599200 0.159000 0.525500 0.262500 0.000000 0.752400 0.184800 0.222800 0.350100 0.078300 0.251600 0.157000 0.253400 0.181400 0.233800 0.350300 0.291600 0.139600 0.261100 0.255400 0.111500 0.467200 0.424300 0.062900 0.203300 0.121900 0.223700 0.192100 0.177600 0.350100 0.164100 0.414700 0.150400 0.132700 0.348500 0.093000 0.273000 0.182100 0.377700 0.406100 0.237700 0.332100 0.407200 0.278900 0.301800 0.197600 0.232100 0.187200 0.311100 0.192200 0.284400
MaxwellsDu 0.787200 0.878600 0.730100 0.733200 0.792000 0.752400 0.000000 0.663400 0.757700 0.713700 0.783700 0.720400 0.692400 0.650300 0.682900 0.703200 0.725800 0.727900 0.734500 0.667200 0.565100 0.813900 0.716200 0.675800 0.768600 0.686200 0.640200 0.685900 0.757700 0.734000 0.713700 0.709400 0.707000 0.618200 0.623700 0.674900 0.791800 0.709500 0.693800 0.720100 0.778200 0.624900 0.693800 0.677300 0.716700 0.800900 0.662000 0.643100 0.813400 0.593400 0.698600 0.703200
GazellaPrz 0.167900 0.474400 0.196800 0.439700 0.229100 0.184800 0.663400 0.000000 0.223800 0.342500 0.167900 0.238100 0.144100 0.206400 0.216100 0.188900 0.323200 0.252300 0.247100 0.262800 0.241200 0.200200 0.457400 0.313100 0.153800 0.175900 0.113200 0.227300 0.163000 0.181500 0.342500 0.186000 0.364600 0.138900 0.202500 0.345300 0.150100 0.250800 0.126500 0.331300 0.394400 0.221400 0.325800 0.298200 0.276300 0.336700 0.179900 0.232600 0.143900 0.346900 0.195200 0.251300
MountainNy 0.191200 0.536700 0.058300 0.477900 0.267900 0.222800 0.757700 0.223800 0.000000 0.257300 0.191500 0.225600 0.231700 0.262000 0.221600 0.228200 0.294000 0.243600 0.274800 0.096700 0.265700 0.226500 0.428400 0.338800 0.176900 0.198500 0.196800 0.117600 0.185300 0.044900 0.257300 0.208200 0.355300 0.222900 0.226300 0.319000 0.204900 0.322600 0.210800 0.321600 0.346400 0.277000 0.278200 0.323500 0.249400 0.308600 0.237700 0.203900 0.213900 0.281200 0.087700 0.143300
MuntiacusM 0.314600 0.542400 0.246400 0.476700 0.373000 0.350100 0.713700 0.342500 0.257300 0.000000 0.275700 0.328000 0.355500 0.370900 0.321500 0.350000 0.328300 0.254300 0.368300 0.316200 0.349600 0.356000 0.219700 0.147000 0.299800 0.317700 0.314300 0.279600 0.303900 0.229600 0.000000 0.315000 0.371900 0.340800 0.347000 0.388700 0.328400 0.393200 0.329500 0.090900 0.108500 0.399300 0.015600 0.132500 0.314100 0.446500 0.325000 0.268600 0.334300 0.296300 0.244200 0.302900
goat 0.047500 0.555000 0.145200 0.462300 0.232100 0.078300 0.783700 0.167900 0.191500 0.275700 0.000000 0.223200 0.140400 0.224800 0.184400 0.205500 0.334900 0.257600 0.127600 0.233500 0.227100 0.064600 0.395500 0.361100 0.016300 0.174600 0.107100 0.194700 0.160700 0.145900 0.275700 0.131900 0.379300 0.135800 0.136900 0.321900 0.047700 0.254800 0.154100 0.304400 0.329500 0.256800 0.258200 0.344700 0.248400 0.273700 0.214300 0.199500 0.156600 0.282000 0.160800 0.256100
AfricanBuf 0.222900 0.607100 0.198500 0.563100 0.248800 0.251600 0.720400 0.238100 0.225600 0.328000 0.223200 0.000000 0.246500 0.205000 0.235500 0.220600 0.347900 0.313700 0.230200 0.196500 0.257100 0.258800 0.320700 0.431600 0.208800 0.191800 0.211300 0.160300 0.250600 0.183100 0.328000 0.223300 0.429500 0.204700 0.186900 0.172500 0.236300 0.302800 0.157600 0.394300 0.380100 0.268100 0.350900 0.415400 0.168500 0.282800 0.306000 0.219100 0.244300 0.256500 0.196900 0.215800
Topi 0.140300 0.542500 0.204000 0.499900 0.236900 0.157000 0.692400 0.144100 0.231700 0.355500 0.140400 0.246500 0.000000 0.230100 0.191200 0.245100 0.374800 0.298800 0.220800 0.271800 0.282400 0.156300 0.474900 0.360100 0.125800 0.215200 0.028200 0.235500 0.202000 0.188100 0.355500 0.175200 0.359200 0.055900 0.145400 0.322700 0.154200 0.227000 0.161900 0.366200 0.409600 0.228600 0.338200 0.344400 0.252300 0.296900 0.220300 0.241100 0.197000 0.321300 0.168900 0.294900
CommonDuik 0.224500 0.559800 0.234700 0.495400 0.250600 0.253400 0.650300 0.206400 0.262000 0.370900 0.224800 0.205000 0.230100 0.000000 0.205000 0.158900 0.350400 0.316100 0.198000 0.198700 0.227400 0.260600 0.398100 0.374700 0.210300 0.161500 0.195500 0.193900 0.184000 0.218800 0.370900 0.123300 0.375500 0.189500 0.188400 0.264700 0.203500 0.305100 0.142900 0.342600 0.383700 0.208000 0.353500 0.359000 0.266000 0.270300 0.271800 0.220700 0.179600 0.258500 0.199000 0.218300
Suni 0.184100 0.540900 0.194800 0.479700 0.212300 0.181400 0.682900 0.216100 0.221600 0.321500 0.184400 0.235500 0.191200 0.205000 0.000000 0.253500 0.339700 0.306400 0.264600 0.260300 0.289900 0.218000 0.434500 0.400900 0.170300 0.224400 0.158800 0.192200 0.211500 0.179700 0.321500 0.184600 0.381000 0.154100 0.187000 0.294300 0.197500 0.265000 0.172000 0.332300 0.372500 0.206600 0.305200 0.385400 0.226900 0.302400 0.229500 0.181300 0.143600 0.326500 0.130400 0.248500
Springbuck 0.205100 0.534400 0.200700 0.493000 0.300400 0.233800 0.703200 0.188900 0.228200 0.350000 0.205500 0.220600 0.245100 0.158900 0.253500 0.000000 0.310100 0.257500 0.213200 0.198800 0.150200 0.240400 0.378200 0.356000 0.191100 0.086800 0.210200 0.162100 0.166100 0.185100 0.350000 0.206800 0.334800 0.203700 0.171400 0.312000 0.185000 0.355700 0.126800 0.301500 0.363700 0.191100 0.333000 0.340500 0.316300 0.301400 0.216900 0.202900 0.162200 0.274700 0.199100 0.186800
Okapi 0.314800 0.466800 0.265500 0.453200 0.335500 0.350300 0.725800 0.323200 0.294000 0.328300 0.334900 0.347900 0.374800 0.350400 0.339700 0.310100 0.000000 0.111400 0.388500 0.335300 0.368200 0.376300 0.348000 0.373200 0.319600 0.298100 0.333000 0.337500 0.284500 0.248500 0.328300 0.334800 0.351700 0.359200 0.365800 0.487400 0.308200 0.393800 0.310100 0.316800 0.383000 0.379400 0.310600 0.357000 0.409500 0.466600 0.323000 0.287200 0.314700 0.295300 0.300500 0.285500
Giraffe 0.257300 0.426300 0.214500 0.392900 0.302600 0.291600 0.727900 0.252300 0.243600 0.254300 0.257600 0.313700 0.298800 0.316100 0.306400 0.257500 0.111400 0.000000 0.309100 0.285600 0.296400 0.296500 0.294500 0.302500 0.242300 0.226200 0.259800 0.285100 0.212400 0.197800 0.254300 0.298600 0.317200 0.286600 0.291600 0.452800 0.233900 0.361000 0.238800 0.245600 0.307100 0.308000 0.237100 0.286600 0.375300 0.430200 0.231500 0.252800 0.242400 0.261700 0.249000 0.236500
TibetanAnt 0.110500 0.621500 0.209900 0.545500 0.278300 0.139600 0.734500 0.247100 0.274800 0.368300 0.127600 0.230200 0.220800 0.198000 0.264600 0.213200 0.388500 0.309100 0.000000 0.240100 0.234900 0.161800 0.396400 0.410900 0.112600 0.183400 0.185300 0.202900 0.208000 0.229600 0.368300 0.216500 0.372900 0.179400 0.116000 0.291500 0.141900 0.299700 0.163400 0.395500 0.341100 0.262400 0.350200 0.394400 0.294700 0.278900 0.301100 0.249000 0.237500 0.217000 0.244100 0.262000
Sitatunga 0.233000 0.582100 0.099300 0.497500 0.305900 0.261100 0.667200 0.262800 0.096700 0.316200 0.233500 0.196500 0.271800 0.198700 0.260300 0.198800 0.335300 0.285600 0.240100 0.000000 0.234700 0.233400 0.381700 0.433600 0.219400 0.170900 0.236800 0.096300 0.226100 0.085000 0.316200 0.215700 0.414400 0.229700 0.197200 0.284600 0.246300 0.359600 0.182800 0.380300 0.406400 0.215700 0.338100 0.417900 0.287100 0.306900 0.278800 0.211500 0.253800 0.248000 0.128200 0.120900
Oribi 0.227800 0.553100 0.223200 0.487400 0.302400 0.255400 0.565100 0.241200 0.265700 0.349600 0.227100 0.257100 0.282400 0.227400 0.289900 0.150200 0.368200 0.296400 0.234900 0.234700 0.000000 0.260800 0.376600 0.305700 0.213400 0.123300 0.247700 0.200100 0.204900 0.224300 0.349600 0.281500 0.300800 0.240400 0.208200 0.282100 0.206900 0.322300 0.135300 0.303400 0.362700 0.225900 0.333300 0.306600 0.284300 0.336900 0.189900 0.242100 0.232000 0.311400 0.237700 0.223500
BarbaryShe 0.081000 0.577500 0.179900 0.482100 0.266700 0.111500 0.813900 0.200200 0.226500 0.356000 0.064600 0.258800 0.156300 0.260600 0.218000 0.240400 0.376300 0.296500 0.161800 0.233400 0.260800 0.000000 0.481300 0.441100 0.049100 0.209200 0.139400 0.230400 0.195500 0.180700 0.356000 0.166600 0.420800 0.166900 0.169500 0.357800 0.078500 0.288600 0.187400 0.383600 0.412700 0.256600 0.337700 0.424000 0.283400 0.272800 0.250900 0.236100 0.190400 0.320100 0.195600 0.292400
Daviddeer 0.436600 0.634800 0.401000 0.660500 0.447300 0.467200 0.716200 0.457400 0.428400 0.219700 0.395500 0.320700 0.474900 0.398100 0.434500 0.378200 0.348000 0.294500 0.396400 0.381700 0.376600 0.481300 0.000000 0.300300 0.422800 0.347500 0.430300 0.348300 0.421900 0.383500 0.219700 0.436900 0.536500 0.415700 0.375000 0.412600 0.449500 0.465500 0.358400 0.246600 0.198800 0.424100 0.203800 0.285400 0.423600 0.489600 0.445400 0.346200 0.451500 0.308300 0.397600 0.369300
Reindeer 0.399500 0.556000 0.367300 0.469200 0.451000 0.424300 0.675800 0.313100 0.338800 0.147000 0.361100 0.431600 0.360100 0.374700 0.400900 0.356000 0.373200 0.302500 0.410900 0.433600 0.305700 0.441100 0.300300 0.000000 0.386200 0.325700 0.321800 0.400800 0.312100 0.350700 0.147000 0.400100 0.323300 0.346600 0.428100 0.465100 0.373300 0.431900 0.336100 0.112900 0.129400 0.402300 0.132300 0.012900 0.392600 0.527500 0.296400 0.352500 0.377700 0.378300 0.364400 0.384000
Ibex 0.031900 0.538400 0.130100 0.446900 0.218200 0.062900 0.768600 0.153800 0.176900 0.299800 0.016300 0.208800 0.125800 0.210300 0.170300 0.191100 0.319600 0.242300 0.112600 0.219400 0.213400 0.049100 0.422800 0.386200 0.000000 0.159900 0.092500 0.179800 0.145800 0.130700 0.299800 0.116400 0.361400 0.120800 0.122600 0.308600 0.031300 0.241500 0.139700 0.328200 0.355300 0.243300 0.281900 0.369400 0.234500 0.259400 0.199400 0.184300 0.142000 0.267300 0.145900 0.241800
GyrantGaze 0.174300 0.497500 0.170500 0.459100 0.271200 0.203300 0.686200 0.175900 0.198500 0.317700 0.174600 0.191800 0.215200 0.161500 0.224400 0.086800 0.298100 0.226200 0.183400 0.170900 0.123300 0.209200 0.347500 0.325700 0.159900 0.000000 0.180800 0.133100 0.136400 0.154800 0.317700 0.210800 0.303700 0.175200 0.143300 0.284400 0.154800 0.326800 0.100600 0.270600 0.331600 0.105400 0.300600 0.310200 0.287100 0.272100 0.186500 0.172300 0.149400 0.244900 0.169100 0.159300
Hartebeest 0.107000 0.539400 0.169200 0.497200 0.203400 0.121900 0.640200 0.113200 0.196800 0.314300 0.107100 0.211300 0.028200 0.195500 0.158800 0.210200 0.333000 0.259800 0.185300 0.236800 0.247700 0.139400 0.430300 0.321800 0.092500 0.180800 0.000000 0.199900 0.167600 0.153600 0.314300 0.140500 0.337300 0.028000 0.114200 0.287500 0.120900 0.195000 0.130000 0.325400 0.366600 0.196300 0.297500 0.306600 0.218300 0.260000 0.185000 0.204700 0.163500 0.283000 0.135500 0.258400
Bongo 0.194400 0.548000 0.089600 0.508700 0.272000 0.223700 0.685900 0.227300 0.117600 0.279600 0.194700 0.160300 0.235500 0.193900 0.192200 0.162100 0.337500 0.285100 0.202900 0.096300 0.200100 0.230400 0.348300 0.400800 0.179800 0.133100 0.199900 0.000000 0.188200 0.074600 0.279600 0.211600 0.380300 0.193600 0.160700 0.252500 0.208300 0.327500 0.115200 0.345500 0.371700 0.211700 0.301500 0.384700 0.253200 0.272900 0.241600 0.172900 0.183500 0.245600 0.058300 0.083400
Gerenuk 0.160500 0.482300 0.156900 0.445000 0.258700 0.192100 0.757700 0.163000 0.185300 0.303900 0.160700 0.250600 0.202000 0.184000 0.211500 0.166100 0.284500 0.212400 0.208000 0.226100 0.204900 0.195500 0.421900 0.312100 0.145800 0.136400 0.167600 0.188200 0.000000 0.141100 0.303900 0.196900 0.272800 0.194200 0.197200 0.311500 0.141000 0.314600 0.149500 0.293500 0.317400 0.216800 0.286800 0.296600 0.274700 0.337800 0.173000 0.192700 0.151800 0.291500 0.155800 0.213800
CommonElan 0.145700 0.485500 0.015200 0.451000 0.226200 0.177600 0.734000 0.181500 0.044900 0.229600 0.145900 0.183100 0.188100 0.218800 0.179700 0.185100 0.248500 0.197800 0.229600 0.085000 0.224300 0.180700 0.383500 0.350700 0.130700 0.154800 0.153600 0.074600 0.141100 0.000000 0.229600 0.162400 0.329100 0.180800 0.183600 0.278800 0.160100 0.281900 0.167900 0.294900 0.319500 0.236100 0.250400 0.334800 0.208200 0.302400 0.192900 0.159200 0.170000 0.274100 0.045300 0.101600
MuntiacusR 0.314600 0.542400 0.246400 0.476700 0.373000 0.350100 0.713700 0.342500 0.257300 0.000000 0.275700 0.328000 0.355500 0.370900 0.321500 0.350000 0.328300 0.254300 0.368300 0.316200 0.349600 0.356000 0.219700 0.147000 0.299800 0.317700 0.314300 0.279600 0.303900 0.229600 0.000000 0.315000 0.371900 0.340800 0.347000 0.388700 0.328400 0.393200 0.329500 0.090900 0.108500 0.399300 0.015200 0.132500 0.314100 0.446500 0.325000 0.268600 0.334300 0.296300 0.243100 0.302900
HarveysDui 0.131800 0.503500 0.179100 0.485200 0.232400 0.164100 0.709400 0.186000 0.208200 0.315000 0.131900 0.223300 0.175200 0.123300 0.184600 0.206800 0.334800 0.298600 0.216500 0.215700 0.281500 0.166600 0.436900 0.400100 0.116400 0.210800 0.140500 0.211600 0.196900 0.162400 0.315000 0.000000 0.378700 0.168200 0.170800 0.322000 0.146500 0.255100 0.188800 0.342800 0.370000 0.293200 0.297200 0.383500 0.248600 0.273700 0.252700 0.199600 0.157600 0.245200 0.177500 0.272900
Pronghorn 0.378500 0.562900 0.346100 0.497500 0.357000 0.414700 0.707000 0.364600 0.355300 0.371900 0.379300 0.429500 0.359200 0.375500 0.381000 0.334800 0.351700 0.317200 0.372900 0.414400 0.300800 0.420800 0.536500 0.323300 0.361400 0.303700 0.337300 0.380300 0.272800 0.329100 0.371900 0.378700 0.000000 0.362800 0.331900 0.409400 0.351900 0.414000 0.315300 0.321500 0.328800 0.420100 0.354500 0.307900 0.373800 0.509600 0.349100 0.330800 0.356900 0.357400 0.343200 0.363600
BlueWildeb 0.134700 0.566300 0.196000 0.479200 0.228300 0.150400 0.618200 0.138900 0.222900 0.340800 0.135800 0.204700 0.055900 0.189500 0.154100 0.203700 0.359200 0.286600 0.179400 0.229700 0.240400 0.166900 0.415700 0.346600 0.120800 0.175200 0.028000 0.193600 0.194200 0.180800 0.340800 0.168200 0.362800 0.000000 0.110800 0.279000 0.148200 0.219100 0.126100 0.351400 0.392500 0.161600 0.324300 0.331500 0.243000 0.251800 0.211700 0.165400 0.190400 0.273800 0.162500 0.250400
Gemsbok 0.136700 0.579500 0.199000 0.533700 0.231700 0.132700 0.623700 0.202500 0.226300 0.347000 0.136900 0.186900 0.145400 0.188400 0.187000 0.171400 0.365800 0.291600 0.116000 0.197200 0.208200 0.169500 0.375000 0.428100 0.122600 0.143300 0.114200 0.160700 0.197200 0.183600 0.347000 0.170800 0.331900 0.110800 0.000000 0.216300 0.150400 0.253100 0.125600 0.373500 0.360600 0.189600 0.330200 0.412000 0.214900 0.232000 0.215100 0.201200 0.192400 0.205900 0.197500 0.216600
Yak 0.321400 0.717800 0.294000 0.689400 0.306700 0.348500 0.674900 0.345300 0.319000 0.388700 0.321900 0.172500 0.322700 0.264700 0.294300 0.312000 0.487400 0.452800 0.291500 0.284600 0.282100 0.357800 0.412600 0.465100 0.308600 0.284400 0.287500 0.252500 0.311500 0.278800 0.388700 0.322000 0.409400 0.279000 0.216300 0.000000 0.333400 0.325500 0.262800 0.437100 0.401100 0.323500 0.411700 0.449800 0.061900 0.359900 0.330900 0.316300 0.338400 0.349500 0.259000 0.305600
BlueSheep 0.062500 0.515700 0.159300 0.430200 0.244700 0.093000 0.791800 0.150100 0.204900 0.328400 0.047700 0.236300 0.154200 0.203500 0.197500 0.185000 0.308200 0.233900 0.141900 0.246300 0.206900 0.078500 0.449500 0.373300 0.031300 0.154800 0.120900 0.208300 0.141000 0.160100 0.328400 0.146500 0.351900 0.148200 0.150400 0.333400 0.000000 0.266900 0.135300 0.316900 0.383100 0.235900 0.310800 0.357100 0.260800 0.286300 0.192700 0.213400 0.137500 0.295000 0.174700 0.233900
BohorReedb 0.254300 0.647400 0.297200 0.599300 0.077200 0.273000 0.709500 0.250800 0.322600 0.393200 0.254800 0.302800 0.227000 0.305100 0.265000 0.355700 0.393800 0.361000 0.299700 0.359600 0.322300 0.288600 0.465500 0.431900 0.241500 0.326800 0.195000 0.327500 0.314600 0.281900 0.393200 0.255100 0.414000 0.219100 0.253100 0.325500 0.266900 0.000000 0.270500 0.402700 0.405700 0.333100 0.377000 0.416800 0.260400 0.301100 0.282600 0.283500 0.274000 0.325000 0.262900 0.348100
KirksDik 0.153900 0.508700 0.183400 0.469600 0.216800 0.182100 0.693800 0.126500 0.210800 0.329500 0.154100 0.157600 0.161900 0.142900 0.172000 0.126800 0.310100 0.238800 0.163400 0.182800 0.135300 0.187400 0.358400 0.336100 0.139700 0.100600 0.130000 0.115200 0.149500 0.167900 0.329500 0.188800 0.315300 0.126100 0.125600 0.262800 0.135300 0.270500 0.000000 0.318700 0.382000 0.175800 0.312700 0.320800 0.264100 0.249700 0.199300 0.185300 0.115100 0.256700 0.149400 0.140400
RoeDeer 0.342400 0.520200 0.311800 0.441400 0.382900 0.377700 0.720100 0.331300 0.321600 0.090900 0.304400 0.394300 0.366200 0.342600 0.332300 0.301500 0.316800 0.245600 0.395500 0.380300 0.303400 0.383600 0.246600 0.112900 0.328200 0.270600 0.325400 0.345500 0.293500 0.294900 0.090900 0.342800 0.321500 0.351400 0.373500 0.437100 0.316900 0.402700 0.318700 0.000000 0.105200 0.371600 0.075800 0.098900 0.362000 0.429900 0.313900 0.296300 0.323000 0.323300 0.293400 0.330300
WhiteLippe 0.369700 0.557200 0.336900 0.537400 0.386000 0.406100 0.778200 0.394400 0.346400 0.108500 0.329500 0.380100 0.409600 0.383700 0.372500 0.363700 0.383000 0.307100 0.341100 0.406400 0.362700 0.412700 0.198800 0.129400 0.355300 0.331600 0.366600 0.371700 0.317400 0.319500 0.108500 0.370000 0.328800 0.392500 0.360600 0.401100 0.383100 0.405700 0.382000 0.105200 0.000000 0.451300 0.093000 0.115200 0.327100 0.503200 0.379400 0.321100 0.387300 0.310100 0.333900 0.393500
ThomsonGaz 0.256200 0.583900 0.251200 0.497800 0.313100 0.237700 0.624900 0.221400 0.277000 0.399300 0.256800 0.268100 0.228600 0.208000 0.206600 0.191100 0.379400 0.308000 0.262400 0.215700 0.225900 0.256600 0.424100 0.402300 0.243300 0.105400 0.196300 0.211700 0.216800 0.236100 0.399300 0.293200 0.420100 0.161600 0.189600 0.323500 0.235900 0.333100 0.175800 0.371600 0.451300 0.000000 0.382800 0.387200 0.328100 0.333400 0.202200 0.221000 0.228200 0.322400 0.217100 0.234700
MuntiacusC 0.296800 0.521300 0.267500 0.457600 0.356300 0.332100 0.693800 0.325800 0.278200 0.015600 0.258200 0.350900 0.338200 0.353500 0.305200 0.333000 0.310600 0.237100 0.350200 0.338100 0.333300 0.337700 0.203800 0.132300 0.281900 0.300600 0.297500 0.301500 0.286800 0.250400 0.015200 0.297200 0.354500 0.324300 0.330200 0.411700 0.310800 0.377000 0.312700 0.075800 0.093000 0.382800 0.000000 0.117700 0.335700 0.428600 0.307600 0.251600 0.317200 0.279500 0.265100 0.324800
WhiteTaile 0.382900 0.562800 0.351300 0.499100 0.435300 0.407200 0.677300 0.298200 0.323500 0.132500 0.344700 0.415400 0.344400 0.359000 0.385400 0.340500 0.357000 0.286600 0.394400 0.417900 0.306600 0.424000 0.285400 0.012900 0.369400 0.310200 0.306600 0.384700 0.296600 0.334800 0.132500 0.383500 0.307900 0.331500 0.412000 0.449800 0.357100 0.416800 0.320800 0.098900 0.115200 0.387200 0.117700 0.000000 0.377500 0.510500 0.280900 0.336500 0.361900 0.362400 0.348500 0.368500
Cattle 0.248000 0.625200 0.223300 0.602500 0.239700 0.278900 0.716700 0.276300 0.249400 0.314100 0.248400 0.168500 0.252300 0.266000 0.226900 0.316300 0.409500 0.375300 0.294700 0.287100 0.284300 0.283400 0.423600 0.392600 0.234500 0.287100 0.218300 0.253200 0.274700 0.208200 0.314100 0.248600 0.373800 0.243000 0.214900 0.061900 0.260800 0.260400 0.264100 0.362000 0.327100 0.328100 0.335700 0.377500 0.000000 0.367300 0.258700 0.278300 0.267900 0.356400 0.189600 0.309400
RoyalAntel 0.273300 0.663200 0.318900 0.657300 0.280600 0.301800 0.800900 0.336700 0.308600 0.446500 0.273700 0.282800 0.296900 0.270300 0.302400 0.301400 0.466600 0.430200 0.278900 0.306900 0.336900 0.272800 0.489600 0.527500 0.259400 0.272100 0.260000 0.272900 0.337800 0.302400 0.446500 0.273700 0.509600 0.251800 0.232000 0.359900 0.286300 0.301100 0.249700 0.429900 0.503200 0.333400 0.428600 0.510500 0.367300 0.000000 0.379100 0.305300 0.293400 0.303800 0.300900 0.330300
Steenbok 0.214000 0.562100 0.210900 0.516800 0.295400 0.197600 0.662000 0.179900 0.237700 0.325000 0.214300 0.306000 0.220300 0.271800 0.229500 0.216900 0.323000 0.231500 0.301100 0.278800 0.189900 0.250900 0.445400 0.296400 0.199400 0.186500 0.185000 0.241600 0.173000 0.192900 0.325000 0.252700 0.349100 0.211700 0.215100 0.330900 0.192700 0.282600 0.199300 0.313900 0.379400 0.202200 0.307600 0.280900 0.258700 0.379100 0.000000 0.247600 0.202200 0.370000 0.207400 0.266800
Impala 0.199200 0.465900 0.175300 0.429200 0.227400 0.232100 0.643100 0.232600 0.203900 0.268600 0.199500 0.219100 0.241100 0.220700 0.181300 0.202900 0.287200 0.252800 0.249000 0.211500 0.242100 0.236100 0.346200 0.352500 0.184300 0.172300 0.204700 0.172900 0.192700 0.159200 0.268600 0.199600 0.330800 0.165400 0.201200 0.316300 0.213400 0.283500 0.185300 0.296300 0.321100 0.221000 0.251600 0.336500 0.278300 0.305300 0.247600 0.000000 0.222400 0.239400 0.173800 0.164800
Klipspring 0.156400 0.515300 0.186200 0.476000 0.219800 0.187200 0.813400 0.143900 0.213900 0.334300 0.156600 0.244300 0.197000 0.179600 0.143600 0.162200 0.314700 0.242400 0.237500 0.253800 0.232000 0.190400 0.451500 0.377700 0.142000 0.149400 0.163500 0.183500 0.151800 0.170000 0.334300 0.157600 0.356900 0.190400 0.192400 0.338400 0.137500 0.274000 0.115100 0.323000 0.387300 0.228200 0.317200 0.361900 0.267900 0.293400 0.202200 0.222400 0.000000 0.339000 0.152800 0.208500
ForestMusk 0.281500 0.541600 0.290700 0.456900 0.304400 0.311100 0.593400 0.346900 0.281200 0.296300 0.282000 0.256500 0.321300 0.258500 0.326500 0.274700 0.295300 0.261700 0.217000 0.248000 0.311400 0.320100 0.308300 0.378300 0.267300 0.244900 0.283000 0.245600 0.291500 0.274100 0.296300 0.245200 0.357400 0.273800 0.205900 0.349500 0.295000 0.325000 0.256700 0.323300 0.310100 0.322400 0.279500 0.362400 0.356400 0.303800 0.370000 0.239400 0.339000 0.000000 0.288300 0.268400
Bushbuck 0.160600 0.501200 0.059400 0.465800 0.207000 0.192200 0.698600 0.195200 0.087700 0.244200 0.160800 0.196900 0.168900 0.199000 0.130400 0.199100 0.300500 0.249000 0.244100 0.128200 0.237700 0.195600 0.397600 0.364400 0.145900 0.169100 0.135500 0.058300 0.155800 0.045300 0.243100 0.177500 0.343200 0.162500 0.197500 0.259000 0.174700 0.262900 0.149400 0.293400 0.333900 0.217100 0.265100 0.348500 0.189600 0.300900 0.207400 0.173800 0.152800 0.288300 0.000000 0.115200
GreaterKud 0.255600 0.498000 0.116300 0.484700 0.293900 0.284400 0.703200 0.251300 0.143300 0.302900 0.256100 0.215800 0.294900 0.218300 0.248500 0.186800 0.285500 0.236500 0.262000 0.120900 0.223500 0.292400 0.369300 0.384000 0.241800 0.159300 0.258400 0.083400 0.213800 0.101600 0.302900 0.272900 0.363600 0.250400 0.216600 0.305600 0.233900 0.348100 0.140400 0.330300 0.393500 0.234700 0.324800 0.368500 0.309400 0.330300 0.266800 0.164800 0.208500 0.268400 0.115200 0.000000
