1
52 1
Argali 0.000000 0.343400 0.128700 0.292200 0.107400 0.009100 0.118500 0.131900 0.098900 0.133900 0.062200 0.151700 0.101500 0.134800 0.118600 0.124600 0.131500 0.143300 0.077100 0.116800 0.135500 0.074800 0.128900 0.184000 0.051500 0.135400 0.091300 0.127700 0.103100 0.137900 0.133700 0.130300 0.128300 0.106400 0.091000 0.146700 0.060600 0.123800 0.124900 0.141000 0.128900 0.134400 0.134600 0.174400 0.135600 0.159900 0.102000 0.098900 0.145800 0.162200 0.127400 0.142100
LesserMous 0.343400 0.000000 0.322800 0.348500 0.334600 0.327700 0.355500 0.369800 0.322900 0.330700 0.341600 0.329700 0.353000 0.358100 0.309500 0.356400 0.310500 0.341200 0.350300 0.307000 0.366500 0.343400 0.295100 0.335200 0.328100 0.365500 0.337400 0.306600 0.359800 0.319900 0.301000 0.352600 0.316100 0.359300 0.335800 0.362400 0.347600 0.314000 0.335600 0.298200 0.280600 0.341500 0.312000 0.328400 0.347700 0.395900 0.337700 0.329900 0.372800 0.339200 0.306100 0.323600
LesserKudu 0.128700 0.322800 0.000000 0.286200 0.096800 0.128500 0.102800 0.122400 0.065900 0.107100 0.103000 0.097100 0.090800 0.119600 0.103300 0.137400 0.109900 0.099100 0.108500 0.020000 0.148900 0.143500 0.102100 0.148800 0.111200 0.125800 0.090900 0.020000 0.108700 0.019900 0.085300 0.114900 0.145000 0.096000 0.112100 0.070800 0.121800 0.113900 0.109000 0.097600 0.091200 0.136400 0.094600 0.141400 0.081300 0.144000 0.091100 0.082800 0.136900 0.124400 0.020000 0.034800
KillerWhal 0.292200 0.348500 0.286200 0.000000 0.243600 0.291900 0.310900 0.310600 0.252000 0.272000 0.283900 0.305700 0.257900 0.310300 0.282100 0.290100 0.274700 0.282300 0.264300 0.264000 0.318200 0.294400 0.279700 0.252100 0.283600 0.311300 0.252100 0.276900 0.272100 0.288900 0.246500 0.313700 0.290400 0.263300 0.241100 0.302300 0.271500 0.239100 0.272100 0.256800 0.266400 0.318100 0.267700 0.282000 0.298000 0.367100 0.268000 0.277200 0.280100 0.309400 0.276400 0.278700
DefassaWat 0.107400 0.334600 0.096800 0.243600 0.000000 0.107300 0.082800 0.101800 0.078900 0.097800 0.072800 0.109700 0.061900 0.088000 0.083200 0.093800 0.116600 0.095400 0.067800 0.085500 0.115000 0.095600 0.103500 0.135000 0.081700 0.104300 0.062000 0.096100 0.078000 0.106200 0.097700 0.094000 0.134900 0.066700 0.061700 0.094000 0.091000 0.023500 0.073300 0.104300 0.093000 0.125100 0.097900 0.136600 0.083400 0.132100 0.062300 0.063700 0.084900 0.130900 0.095900 0.110400
Sheep 0.009100 0.327700 0.128500 0.291900 0.107300 0.000000 0.118300 0.131600 0.098800 0.133700 0.062200 0.151400 0.101400 0.134700 0.118600 0.124400 0.131300 0.143100 0.077000 0.116600 0.135400 0.065100 0.118100 0.183600 0.051400 0.135300 0.091100 0.127500 0.103000 0.137700 0.133500 0.130200 0.128000 0.106300 0.090900 0.146500 0.060600 0.123700 0.124800 0.140800 0.118100 0.134400 0.134400 0.174100 0.135400 0.159600 0.101900 0.098800 0.145600 0.161900 0.127200 0.141900
MaxwellsDu 0.118500 0.355500 0.102800 0.310900 0.082800 0.118300 0.000000 0.086600 0.084400 0.130200 0.088400 0.115500 0.077200 0.057500 0.088500 0.099300 0.139300 0.128500 0.083300 0.091200 0.110000 0.121800 0.114600 0.192600 0.097300 0.099300 0.077300 0.091100 0.088400 0.112200 0.130000 0.052900 0.163300 0.082100 0.097400 0.099600 0.106700 0.098900 0.078600 0.137300 0.125200 0.114700 0.131000 0.171100 0.104900 0.138500 0.057400 0.069000 0.085400 0.131300 0.090900 0.105600
GazellaPrz 0.131900 0.369800 0.122400 0.310600 0.101800 0.131600 0.086600 0.000000 0.103600 0.150000 0.097100 0.113200 0.095900 0.102100 0.086900 0.097300 0.114600 0.136900 0.091900 0.121600 0.118300 0.130200 0.123400 0.177700 0.105700 0.097300 0.096000 0.110600 0.096900 0.131600 0.138800 0.108200 0.165400 0.100800 0.085500 0.097600 0.115000 0.118100 0.092400 0.146300 0.123300 0.117600 0.139800 0.180200 0.108000 0.146900 0.066100 0.088300 0.108700 0.150800 0.110400 0.114000
MountainNy 0.098900 0.322900 0.065900 0.252000 0.078900 0.098800 0.084400 0.103600 0.000000 0.099200 0.074200 0.100200 0.073200 0.100400 0.095400 0.085000 0.101900 0.091400 0.069100 0.044800 0.117300 0.118400 0.094200 0.123900 0.083200 0.085000 0.073300 0.055100 0.069200 0.065000 0.088600 0.085100 0.120500 0.078200 0.093700 0.095400 0.072300 0.095100 0.079800 0.100500 0.094200 0.105800 0.099100 0.127600 0.095300 0.146500 0.063300 0.065100 0.107200 0.127100 0.054900 0.069500
MuntiacusM 0.133900 0.330700 0.107100 0.272000 0.097800 0.133700 0.130200 0.150000 0.099200 0.000000 0.119000 0.130500 0.118300 0.124700 0.130700 0.142300 0.131600 0.116000 0.125100 0.095600 0.159200 0.164200 0.051500 0.100900 0.128300 0.142100 0.118300 0.106300 0.114500 0.105600 0.027500 0.131200 0.117600 0.123200 0.128400 0.103900 0.137800 0.103500 0.098900 0.042100 0.041900 0.163800 0.018500 0.081500 0.098600 0.154300 0.107800 0.100200 0.147000 0.129600 0.106000 0.109900
goat 0.062200 0.341600 0.103000 0.283900 0.072800 0.062200 0.088400 0.097100 0.074200 0.119000 0.000000 0.126300 0.077400 0.104400 0.088800 0.110300 0.117300 0.106900 0.053100 0.091400 0.121100 0.071300 0.114700 0.169300 0.037800 0.099700 0.077500 0.102100 0.073300 0.112300 0.119500 0.099900 0.157800 0.082300 0.067100 0.121400 0.047000 0.088700 0.089200 0.126600 0.114700 0.109600 0.120000 0.159800 0.121200 0.139000 0.067600 0.069300 0.121400 0.148000 0.101900 0.116600
AfricanBuf 0.151700 0.329700 0.097100 0.305700 0.109700 0.151400 0.115500 0.113200 0.100200 0.130500 0.126300 0.000000 0.092700 0.137000 0.116100 0.127000 0.133800 0.145800 0.116000 0.096400 0.161100 0.149300 0.113700 0.162600 0.135100 0.149200 0.082500 0.085500 0.126600 0.106500 0.119400 0.121400 0.145600 0.087300 0.124300 0.063100 0.123000 0.126500 0.110800 0.126600 0.114600 0.171300 0.120400 0.165000 0.063300 0.162700 0.103900 0.100800 0.137900 0.126000 0.085400 0.100100
Topi 0.101500 0.353000 0.090800 0.257900 0.061900 0.101400 0.077200 0.095900 0.073200 0.118300 0.077400 0.092700 0.000000 0.092800 0.087600 0.098300 0.126600 0.116100 0.057400 0.079600 0.119500 0.100000 0.124100 0.156100 0.076100 0.103600 0.009100 0.090100 0.082500 0.100100 0.118000 0.088200 0.156100 0.013700 0.046700 0.098600 0.075400 0.077300 0.067600 0.125000 0.113300 0.124200 0.118700 0.157600 0.109000 0.142900 0.066800 0.063400 0.099500 0.140500 0.089900 0.093800
CommonDuik 0.134800 0.358100 0.119600 0.310300 0.088000 0.134700 0.057500 0.102100 0.100400 0.124700 0.104400 0.137000 0.092800 0.000000 0.103600 0.115600 0.150800 0.128600 0.099100 0.107600 0.126500 0.138000 0.119800 0.186600 0.113200 0.104700 0.092800 0.118600 0.104300 0.128900 0.124500 0.033100 0.169200 0.097700 0.113200 0.126800 0.122700 0.104200 0.094400 0.131800 0.109000 0.131200 0.125700 0.165200 0.132100 0.155900 0.072500 0.084900 0.100500 0.147500 0.118300 0.133100
Suni 0.118600 0.309500 0.103300 0.282100 0.083200 0.118600 0.088500 0.086900 0.095400 0.130700 0.088800 0.116100 0.087600 0.103600 0.000000 0.110500 0.128700 0.118200 0.083700 0.091700 0.105100 0.122400 0.135500 0.180100 0.097600 0.110500 0.087700 0.102500 0.099300 0.112800 0.130500 0.098700 0.152600 0.092600 0.067100 0.110800 0.107100 0.099400 0.079000 0.132600 0.125800 0.110000 0.132500 0.160800 0.110800 0.145500 0.057600 0.048900 0.121500 0.154400 0.102300 0.117000
Springbuck 0.124600 0.356400 0.137400 0.290100 0.093800 0.124400 0.099300 0.097300 0.085000 0.142300 0.110300 0.127000 0.098300 0.115600 0.110500 0.000000 0.151400 0.152300 0.094400 0.125000 0.099700 0.133400 0.131300 0.156600 0.119100 0.068600 0.098400 0.136200 0.058200 0.146800 0.131100 0.111000 0.158500 0.103300 0.119300 0.132900 0.107500 0.110200 0.089700 0.144300 0.137100 0.088800 0.143100 0.172700 0.132700 0.168800 0.067800 0.090600 0.121900 0.171600 0.135900 0.150900
Okapi 0.131500 0.310500 0.109900 0.274700 0.116600 0.131300 0.139300 0.114600 0.101900 0.131600 0.117300 0.133800 0.126600 0.150800 0.128700 0.151400 0.000000 0.070300 0.133800 0.109100 0.163300 0.162900 0.115800 0.159500 0.126100 0.163400 0.126700 0.098000 0.145500 0.119300 0.120500 0.158000 0.109500 0.131700 0.115300 0.117500 0.135800 0.133900 0.134400 0.127800 0.115700 0.162400 0.121400 0.161600 0.112000 0.169800 0.127000 0.108400 0.150600 0.122000 0.097700 0.101600
Giraffe 0.143300 0.341200 0.099100 0.282300 0.095400 0.143100 0.128500 0.136900 0.091400 0.116000 0.106900 0.145800 0.116100 0.128600 0.118200 0.152300 0.070300 0.000000 0.123300 0.098300 0.152300 0.163500 0.111000 0.149400 0.126700 0.140700 0.116300 0.098300 0.123400 0.108600 0.105000 0.135400 0.132000 0.121300 0.110600 0.129200 0.136500 0.112200 0.123700 0.111900 0.100200 0.151500 0.106300 0.145300 0.123600 0.159000 0.105700 0.081600 0.145800 0.117200 0.098100 0.113000
TibetanAnt 0.077100 0.350300 0.108500 0.264300 0.067800 0.077000 0.083300 0.091900 0.069100 0.125100 0.053100 0.116000 0.057400 0.099100 0.083700 0.094400 0.133800 0.123300 0.000000 0.096800 0.115700 0.076000 0.120100 0.152200 0.052200 0.084000 0.057400 0.107600 0.068300 0.117900 0.114200 0.094500 0.163700 0.062200 0.052200 0.114900 0.051700 0.083400 0.073800 0.132200 0.120100 0.083200 0.125900 0.142600 0.114900 0.133200 0.062600 0.064000 0.105800 0.154400 0.107400 0.122100
Sitatunga 0.116800 0.307000 0.020000 0.264000 0.085500 0.116600 0.091200 0.121600 0.044800 0.095600 0.091400 0.096400 0.079600 0.107600 0.091700 0.125000 0.109100 0.098300 0.096800 0.000000 0.136300 0.136700 0.101400 0.150000 0.100500 0.113700 0.079700 0.009900 0.097000 0.019800 0.084800 0.103000 0.132700 0.084700 0.100500 0.070300 0.110200 0.102100 0.097200 0.102100 0.090600 0.124100 0.094100 0.140500 0.080800 0.154700 0.079900 0.071400 0.125000 0.123400 0.009900 0.024500
Oribi 0.135500 0.366500 0.148900 0.318200 0.115000 0.135400 0.110000 0.118300 0.117300 0.159200 0.121100 0.161100 0.119500 0.126500 0.105100 0.099700 0.163300 0.152300 0.115700 0.136300 0.000000 0.144200 0.148400 0.222900 0.119100 0.089200 0.119600 0.147700 0.093900 0.158400 0.159000 0.122000 0.158600 0.124600 0.119200 0.155500 0.128700 0.115800 0.100200 0.161600 0.154300 0.099300 0.161100 0.190500 0.155400 0.157300 0.077900 0.090600 0.143000 0.184000 0.147400 0.162500
BarbaryShe 0.074800 0.343400 0.143500 0.294400 0.095600 0.065100 0.121800 0.130200 0.118400 0.164200 0.071300 0.149300 0.100000 0.138000 0.122400 0.133400 0.162900 0.163500 0.076000 0.136700 0.144200 0.000000 0.148400 0.220600 0.060400 0.144300 0.090000 0.147700 0.117000 0.157900 0.164000 0.133700 0.191900 0.104800 0.089800 0.155400 0.069400 0.111600 0.122900 0.171900 0.148400 0.154300 0.165600 0.206200 0.155200 0.180000 0.100600 0.113500 0.154300 0.188300 0.147400 0.161900
Daviddeer 0.128900 0.295100 0.102100 0.279700 0.103500 0.118100 0.114600 0.123400 0.094200 0.051500 0.114700 0.113700 0.124100 0.119800 0.135500 0.131300 0.115800 0.111000 0.120100 0.101400 0.148400 0.148400 0.000000 0.096100 0.112700 0.131400 0.122900 0.090600 0.104100 0.111400 0.041800 0.126300 0.112600 0.129100 0.134300 0.097700 0.132900 0.109300 0.120600 0.047100 0.018400 0.153000 0.042400 0.076900 0.092500 0.138100 0.103000 0.106000 0.131500 0.124700 0.090400 0.104900
Reindeer 0.184000 0.335200 0.148800 0.252100 0.135000 0.183600 0.192600 0.177700 0.123900 0.100900 0.169300 0.162600 0.156100 0.186600 0.180100 0.156600 0.159500 0.149400 0.152200 0.150000 0.222900 0.220600 0.096100 0.000000 0.177800 0.194000 0.156200 0.149800 0.158900 0.160300 0.080500 0.194200 0.165000 0.161200 0.144200 0.144800 0.165000 0.119400 0.159200 0.066500 0.085800 0.204200 0.086500 0.066200 0.139300 0.207700 0.167700 0.159300 0.185500 0.166700 0.149500 0.164400
Ibex 0.051500 0.328100 0.111200 0.283600 0.081700 0.051400 0.097300 0.105700 0.083200 0.128300 0.037800 0.135100 0.076100 0.113200 0.097600 0.119100 0.126100 0.126700 0.052200 0.100500 0.119100 0.060400 0.112700 0.177800 0.000000 0.108500 0.076200 0.111200 0.082300 0.121300 0.128100 0.108700 0.144200 0.080900 0.066000 0.130100 0.036800 0.097500 0.098200 0.135300 0.112700 0.118400 0.129100 0.168400 0.130000 0.148100 0.076500 0.078400 0.129800 0.151200 0.110900 0.125500
GyrantGaze 0.135400 0.365500 0.125800 0.311300 0.104300 0.135300 0.099300 0.097300 0.085000 0.142100 0.099700 0.149200 0.103600 0.104700 0.110500 0.068600 0.163400 0.140700 0.084000 0.113700 0.089200 0.144300 0.131400 0.194000 0.108500 0.000000 0.103700 0.124800 0.053100 0.135200 0.130900 0.111000 0.181500 0.108600 0.113900 0.144100 0.107600 0.110300 0.094800 0.149700 0.126000 0.038400 0.143000 0.172600 0.143900 0.162800 0.067800 0.080000 0.121600 0.166000 0.124500 0.139400
Hartebeest 0.091300 0.337400 0.090900 0.252100 0.062000 0.091100 0.077300 0.096000 0.073300 0.118300 0.077500 0.082500 0.009100 0.092800 0.087700 0.098400 0.126700 0.116300 0.057400 0.079700 0.119600 0.090000 0.122900 0.156200 0.076200 0.103700 0.000000 0.090200 0.082600 0.100200 0.118000 0.088300 0.156200 0.013700 0.046700 0.098700 0.075500 0.077300 0.067700 0.125100 0.113400 0.124400 0.118800 0.157700 0.109100 0.143100 0.066800 0.063500 0.099600 0.140600 0.090000 0.093900
Bongo 0.127700 0.306600 0.020000 0.276900 0.096100 0.127500 0.091100 0.110600 0.055100 0.106300 0.102100 0.085500 0.090100 0.118600 0.102500 0.136200 0.098000 0.098300 0.107600 0.009900 0.147700 0.147700 0.090600 0.149800 0.111200 0.124800 0.090200 0.000000 0.107800 0.019800 0.084700 0.113900 0.132600 0.095200 0.111200 0.059800 0.120900 0.113000 0.108100 0.102000 0.090500 0.135200 0.094000 0.140300 0.070200 0.142700 0.090400 0.082100 0.125000 0.112200 0.000000 0.014600
Gerenuk 0.103100 0.359800 0.108700 0.272100 0.078000 0.103000 0.088400 0.096900 0.069200 0.114500 0.073300 0.126600 0.082500 0.104300 0.099300 0.058200 0.145500 0.123400 0.068300 0.097000 0.093900 0.117000 0.104100 0.158900 0.082300 0.053100 0.082600 0.107800 0.000000 0.118100 0.103700 0.099700 0.152700 0.087500 0.092500 0.121300 0.081500 0.094000 0.078900 0.121300 0.109600 0.072900 0.114900 0.143200 0.121200 0.150300 0.057500 0.069300 0.110900 0.154100 0.107600 0.122400
CommonElan 0.137900 0.319900 0.019900 0.288900 0.106200 0.137700 0.112200 0.131600 0.065000 0.105600 0.112300 0.106500 0.100100 0.128900 0.112800 0.146800 0.119300 0.108600 0.117900 0.019800 0.158400 0.157900 0.111400 0.160300 0.121300 0.135200 0.100200 0.019800 0.118100 0.000000 0.084100 0.124300 0.131800 0.105200 0.121200 0.069800 0.131000 0.123200 0.107400 0.101400 0.100500 0.145700 0.093500 0.150800 0.080200 0.153600 0.100400 0.092400 0.145900 0.122600 0.019700 0.024300
MuntiacusR 0.133700 0.301000 0.085300 0.246500 0.097700 0.133500 0.130000 0.138800 0.088600 0.027500 0.119500 0.119400 0.118000 0.124500 0.130500 0.131100 0.120500 0.105000 0.114200 0.084800 0.159000 0.164000 0.041800 0.080500 0.128100 0.130900 0.118000 0.084700 0.103700 0.084100 0.000000 0.131000 0.106800 0.123000 0.128100 0.093200 0.127000 0.103400 0.088300 0.032500 0.032300 0.141100 0.018500 0.061400 0.088000 0.142900 0.107600 0.100000 0.136100 0.107900 0.084500 0.098900
HarveysDui 0.130300 0.352600 0.114900 0.313700 0.094000 0.130200 0.052900 0.108200 0.085100 0.131200 0.099900 0.121400 0.088200 0.033100 0.098700 0.111000 0.158000 0.135400 0.094500 0.103000 0.122000 0.133700 0.126300 0.194200 0.108700 0.111000 0.088300 0.113900 0.099700 0.124300 0.131000 0.000000 0.176400 0.093100 0.108800 0.121900 0.107600 0.110500 0.089900 0.138600 0.126300 0.126700 0.132100 0.172600 0.127600 0.163100 0.068000 0.084400 0.096200 0.154500 0.113700 0.128600
Pronghorn 0.128300 0.316100 0.145000 0.290400 0.134900 0.128000 0.163300 0.165400 0.120500 0.117600 0.157800 0.145600 0.156100 0.169200 0.152600 0.158500 0.109500 0.132000 0.163700 0.132700 0.158600 0.191900 0.112600 0.165000 0.144200 0.181500 0.156200 0.132600 0.152700 0.131800 0.106800 0.176400 0.000000 0.150100 0.155500 0.118800 0.164900 0.152100 0.141800 0.108400 0.102000 0.180600 0.107500 0.157000 0.102800 0.183600 0.145100 0.127200 0.179500 0.134200 0.132400 0.147200
BlueWildeb 0.106400 0.359300 0.096000 0.263300 0.066700 0.106300 0.082100 0.100800 0.078200 0.123200 0.082300 0.087300 0.013700 0.097700 0.092600 0.103300 0.131700 0.121300 0.062200 0.084700 0.124600 0.104800 0.129100 0.161200 0.080900 0.108600 0.013700 0.095200 0.087500 0.105200 0.123000 0.093100 0.150100 0.000000 0.051400 0.093100 0.080100 0.082100 0.062400 0.130100 0.118300 0.129300 0.123900 0.162700 0.103400 0.148200 0.071600 0.068300 0.104300 0.134500 0.095000 0.098800
Gemsbok 0.091000 0.335800 0.112100 0.241100 0.061700 0.090900 0.097400 0.085500 0.093700 0.128400 0.067100 0.124300 0.046700 0.113200 0.067100 0.119300 0.115300 0.110600 0.052200 0.100500 0.119200 0.089800 0.134300 0.144200 0.066000 0.113900 0.046700 0.111200 0.092500 0.121200 0.128100 0.108800 0.155500 0.051400 0.000000 0.108600 0.075200 0.077000 0.077600 0.135400 0.123500 0.113200 0.129200 0.168300 0.108500 0.148000 0.076500 0.068200 0.109200 0.151000 0.110900 0.114600
Yak 0.146700 0.362400 0.070800 0.302300 0.094000 0.146500 0.099600 0.097600 0.095400 0.103900 0.121400 0.063100 0.098600 0.126800 0.110800 0.132900 0.117500 0.129200 0.114900 0.070300 0.155500 0.155400 0.097700 0.144800 0.130100 0.144100 0.098700 0.059800 0.121300 0.069800 0.093200 0.121900 0.118800 0.093100 0.108600 0.000000 0.139500 0.110400 0.089700 0.099800 0.098900 0.165000 0.093400 0.147000 0.019000 0.162800 0.098800 0.101600 0.122000 0.121000 0.059700 0.074200
BlueSheep 0.060600 0.347600 0.121800 0.271500 0.091000 0.060600 0.106700 0.115000 0.072300 0.137800 0.047000 0.123000 0.075400 0.122700 0.107100 0.107500 0.135800 0.136500 0.051700 0.110200 0.128700 0.069400 0.132900 0.165000 0.036800 0.107600 0.075500 0.120900 0.081500 0.131000 0.127000 0.107600 0.164900 0.080100 0.075200 0.139500 0.000000 0.106900 0.097300 0.145000 0.132900 0.117300 0.138800 0.166900 0.139600 0.158000 0.085800 0.087600 0.118400 0.149800 0.120600 0.135100
BohorReedb 0.123800 0.314000 0.113900 0.239100 0.023500 0.123700 0.098900 0.118100 0.095100 0.103500 0.088700 0.126500 0.077300 0.104200 0.099400 0.110200 0.133900 0.112200 0.083400 0.102100 0.115800 0.111600 0.109300 0.119400 0.097500 0.110300 0.077300 0.113000 0.094000 0.123200 0.103400 0.110500 0.152100 0.082100 0.077000 0.110400 0.106900 0.000000 0.078700 0.099500 0.098700 0.131400 0.098800 0.120800 0.099500 0.138400 0.077700 0.079600 0.110500 0.148400 0.112700 0.127400
KirksDik 0.124900 0.335600 0.109000 0.272100 0.073300 0.124800 0.078600 0.092400 0.079800 0.098900 0.089200 0.110800 0.067600 0.094400 0.079000 0.089700 0.134400 0.123700 0.073800 0.097200 0.100200 0.122900 0.120600 0.159200 0.098200 0.094800 0.067700 0.108100 0.078900 0.107400 0.088300 0.089900 0.141800 0.062400 0.077600 0.089700 0.097300 0.078700 0.000000 0.105400 0.109700 0.110400 0.098600 0.138000 0.089700 0.116800 0.057900 0.059300 0.091000 0.121400 0.107900 0.111600
RoeDeer 0.141000 0.298200 0.097600 0.256800 0.104300 0.140800 0.137300 0.146300 0.100500 0.042100 0.126600 0.126600 0.125000 0.131800 0.132600 0.144300 0.127800 0.111900 0.132200 0.102100 0.161600 0.171900 0.047100 0.066500 0.135300 0.149700 0.125100 0.102000 0.121300 0.101400 0.032500 0.138600 0.108400 0.130100 0.135400 0.099800 0.145000 0.099500 0.105400 0.000000 0.037400 0.171900 0.032900 0.057200 0.094500 0.150600 0.114400 0.101600 0.154200 0.120500 0.101800 0.116600
WhiteLippe 0.128900 0.280600 0.091200 0.266400 0.093000 0.118100 0.125200 0.123300 0.094200 0.041900 0.114700 0.114600 0.113300 0.109000 0.125800 0.137100 0.115700 0.100200 0.120100 0.090600 0.154300 0.148400 0.018400 0.085800 0.112700 0.126000 0.113400 0.090500 0.109600 0.100500 0.032300 0.126300 0.102000 0.118300 0.123500 0.098900 0.132900 0.098700 0.109700 0.037400 0.000000 0.158900 0.032700 0.066800 0.093700 0.137900 0.103000 0.095200 0.142100 0.124600 0.090300 0.104800
ThomsonGaz 0.134400 0.341500 0.136400 0.318100 0.125100 0.134400 0.114700 0.117600 0.105800 0.163800 0.109600 0.171300 0.124200 0.131200 0.110000 0.088800 0.162400 0.151500 0.083200 0.124100 0.099300 0.154300 0.153000 0.204200 0.118400 0.038400 0.124400 0.135200 0.072900 0.145700 0.141100 0.126700 0.180600 0.129300 0.113200 0.165000 0.117300 0.131400 0.110400 0.171900 0.158900 0.000000 0.164600 0.182700 0.153300 0.185500 0.087700 0.090100 0.131500 0.176700 0.134900 0.149700
MuntiacusC 0.134600 0.312000 0.094600 0.267700 0.097900 0.134400 0.131000 0.139800 0.099100 0.018500 0.120000 0.120400 0.118700 0.125700 0.132500 0.143100 0.121400 0.106300 0.125900 0.094100 0.161100 0.165600 0.042400 0.086500 0.129100 0.143000 0.118800 0.094000 0.114900 0.093500 0.018500 0.132100 0.107500 0.123900 0.129200 0.093400 0.138800 0.098800 0.098600 0.032900 0.032700 0.164600 0.000000 0.067100 0.088200 0.143800 0.108200 0.100000 0.148200 0.120300 0.094000 0.098100
WhiteTaile 0.174400 0.328400 0.141400 0.282000 0.136600 0.174100 0.171100 0.180200 0.127600 0.081500 0.159800 0.165000 0.157600 0.165200 0.160800 0.172700 0.161600 0.145300 0.142600 0.140500 0.190500 0.206200 0.076900 0.066200 0.168400 0.172600 0.157700 0.140300 0.143200 0.150800 0.061400 0.172600 0.157000 0.162700 0.168300 0.147000 0.166900 0.120800 0.138000 0.057200 0.066800 0.182700 0.067100 0.000000 0.141400 0.185700 0.146900 0.139900 0.176200 0.170200 0.140000 0.155000
Cattle 0.135600 0.347700 0.081300 0.298000 0.083400 0.135400 0.104900 0.108000 0.095300 0.098600 0.121200 0.063300 0.109000 0.132100 0.110800 0.132700 0.112000 0.123600 0.114900 0.080800 0.155400 0.155200 0.092500 0.139300 0.130000 0.143900 0.109100 0.070200 0.121200 0.080200 0.088000 0.127600 0.102800 0.103400 0.108500 0.019000 0.139600 0.099500 0.089700 0.094500 0.093700 0.153300 0.088200 0.141400 0.000000 0.163000 0.098700 0.101500 0.122000 0.115500 0.070000 0.084600
RoyalAntel 0.159900 0.395900 0.144000 0.367100 0.132100 0.159600 0.138500 0.146900 0.146500 0.154300 0.139000 0.162700 0.142900 0.155900 0.145500 0.168800 0.169800 0.159000 0.133200 0.154700 0.157300 0.180000 0.138100 0.207700 0.148100 0.162800 0.143100 0.142700 0.150300 0.153600 0.142900 0.163100 0.183600 0.148200 0.148000 0.162800 0.158000 0.138400 0.116800 0.150600 0.137900 0.185500 0.143800 0.185700 0.163000 0.000000 0.126500 0.106900 0.155800 0.167600 0.142500 0.157800
Steenbok 0.102000 0.337700 0.091100 0.268000 0.062300 0.101900 0.057400 0.066100 0.063300 0.107800 0.067600 0.103900 0.066800 0.072500 0.057600 0.067800 0.127000 0.105700 0.062600 0.079900 0.077900 0.100600 0.103000 0.167700 0.076500 0.067800 0.066800 0.090400 0.057500 0.100400 0.107600 0.068000 0.145100 0.071600 0.076500 0.098800 0.085800 0.077700 0.057900 0.114400 0.103000 0.087700 0.108200 0.146900 0.098700 0.126500 0.000000 0.048500 0.089700 0.130200 0.090200 0.104700
Impala 0.098900 0.329900 0.082800 0.277200 0.063700 0.098800 0.069000 0.088300 0.065100 0.100200 0.069300 0.100800 0.063400 0.084900 0.048900 0.090600 0.108400 0.081600 0.064000 0.071400 0.090600 0.113500 0.106000 0.159300 0.078400 0.080000 0.063500 0.082100 0.069300 0.092400 0.100000 0.084400 0.127200 0.068300 0.068200 0.101600 0.087600 0.079600 0.059300 0.101600 0.095200 0.090100 0.100000 0.139900 0.101500 0.106900 0.048500 0.000000 0.102000 0.117100 0.081900 0.096800
Klipspring 0.145800 0.372800 0.136900 0.280100 0.084900 0.145600 0.085400 0.108700 0.107200 0.147000 0.121400 0.137900 0.099500 0.100500 0.121500 0.121900 0.150600 0.145800 0.105800 0.125000 0.143000 0.154300 0.131500 0.185500 0.129800 0.121600 0.099600 0.125000 0.110900 0.145900 0.136100 0.096200 0.179500 0.104300 0.109200 0.122000 0.118400 0.110500 0.091000 0.154200 0.142100 0.131500 0.148200 0.176200 0.122000 0.155800 0.089700 0.102000 0.000000 0.164600 0.124700 0.128200
ForestMusk 0.162200 0.339200 0.124400 0.309400 0.130900 0.161900 0.131300 0.150800 0.127100 0.129600 0.148000 0.126000 0.140500 0.147500 0.154400 0.171600 0.122000 0.117200 0.154400 0.123400 0.184000 0.188300 0.124700 0.166700 0.151200 0.166000 0.140600 0.112200 0.154100 0.122600 0.107900 0.154500 0.134200 0.134500 0.151000 0.121000 0.149800 0.148400 0.121400 0.120500 0.124600 0.176700 0.120300 0.170200 0.115500 0.167600 0.130200 0.117100 0.164600 0.000000 0.112000 0.126800
Bushbuck 0.127400 0.306100 0.020000 0.276400 0.095900 0.127200 0.090900 0.110400 0.054900 0.106000 0.101900 0.085400 0.089900 0.118300 0.102300 0.135900 0.097700 0.098100 0.107400 0.009900 0.147400 0.147400 0.090400 0.149500 0.110900 0.124500 0.090000 0.000000 0.107600 0.019700 0.084500 0.113700 0.132400 0.095000 0.110900 0.059700 0.120600 0.112700 0.107900 0.101800 0.090300 0.134900 0.094000 0.140000 0.070000 0.142500 0.090200 0.081900 0.124700 0.112000 0.000000 0.014600
GreaterKud 0.142100 0.323600 0.034800 0.278700 0.110400 0.141900 0.105600 0.114000 0.069500 0.109900 0.116600 0.100100 0.093800 0.133100 0.117000 0.150900 0.101600 0.113000 0.122100 0.024500 0.162500 0.161900 0.104900 0.164400 0.125500 0.139400 0.093900 0.014600 0.122400 0.024300 0.098900 0.128600 0.147200 0.098800 0.114600 0.074200 0.135100 0.127400 0.111600 0.116600 0.104800 0.149700 0.098100 0.155000 0.084600 0.157800 0.104700 0.096800 0.128200 0.126800 0.014600 0.000000
