CODONML (in paml version 4.10.7, June 2023)  /home/rachel/ruminants_paml/6406-phy-tree/ENSBTAT00000040360.fasta.phy
Model: free dN/dS Ratios for branches,  kappa = 2.000 fixed

Codon frequency model: F3x4
ns =  54  ls =  65

Codon usage in sequences
--------------------------------------------------------------------------------------------------------------------------------------
Phe TTT   2   2   2   2   2   2 | Ser TCT   0   0   0   0   0   0 | Tyr TAT   0   0   0   1   0   0 | Cys TGT   1   1   1   1   1   1
    TTC   2   2   2   2   2   2 |     TCC   0   0   0   0   0   0 |     TAC   3   3   3   2   3   3 |     TGC   0   0   0   0   0   0
Leu TTA   2   2   2   1   1   1 |     TCA   2   2   2   2   2   2 | *** TAA   0   0   0   0   0   0 | *** TGA   0   0   0   0   0   0
    TTG   1   1   1   1   1   1 |     TCG   0   0   0   0   0   0 |     TAG   0   0   0   0   0   0 | Trp TGG   1   1   1   1   1   1
--------------------------------------------------------------------------------------------------------------------------------------
Leu CTT   2   2   2   2   2   2 | Pro CCT   1   1   1   1   1   1 | His CAT   2   2   2   2   2   2 | Arg CGT   0   0   0   0   1   0
    CTC   0   1   0   0   0   0 |     CCC   0   0   0   0   0   0 |     CAC   0   0   0   0   0   0 |     CGC   1   1   1   1   1   1
    CTA   0   0   0   1   1   1 |     CCA   0   0   0   0   0   0 | Gln CAA   1   0   1   1   1   1 |     CGA   1   1   1   1   0   1
    CTG   2   1   2   2   2   2 |     CCG   0   0   0   0   0   0 |     CAG   0   1   0   0   0   0 |     CGG   0   0   0   0   0   0
--------------------------------------------------------------------------------------------------------------------------------------
Ile ATT   2   2   2   2   1   1 | Thr ACT   1   1   1   1   0   0 | Asn AAT   1   1   1   1   1   1 | Ser AGT   2   2   2   2   2   2
    ATC   0   0   0   0   0   0 |     ACC   0   0   0   0   1   1 |     AAC   1   1   1   1   1   2 |     AGC   0   0   0   0   0   0
    ATA   1   1   1   1   1   1 |     ACA   2   2   2   2   1   1 | Lys AAA   5   5   5   5   5   4 | Arg AGA   2   2   2   2   1   2
Met ATG   1   1   1   1   1   1 |     ACG   0   0   0   0   1   1 |     AAG   0   0   0   0   0   0 |     AGG   0   0   0   0   1   0
--------------------------------------------------------------------------------------------------------------------------------------
Val GTT   3   3   3   3   5   4 | Ala GCT   1   1   1   1   1   0 | Asp GAT   4   4   4   4   4   4 | Gly GGT   3   2   3   3   3   4
    GTC   0   0   0   0   0   0 |     GCC   0   0   0   0   0   0 |     GAC   0   0   0   0   0   0 |     GGC   1   2   1   1   1   0
    GTA   1   2   1   1   0   1 |     GCA   1   1   1   0   1   2 | Glu GAA   6   6   6   6   6   6 |     GGA   2   2   2   2   2   2
    GTG   1   0   1   1   1   1 |     GCG   0   0   0   1   0   0 |     GAG   0   0   0   0   0   0 |     GGG   0   0   0   0   0   0
--------------------------------------------------------------------------------------------------------------------------------------

--------------------------------------------------------------------------------------------------------------------------------------
Phe TTT   2   2   2   2   2   2 | Ser TCT   0   0   0   0   0   0 | Tyr TAT   0   0   0   1   0   0 | Cys TGT   1   1   1   1   1   1
    TTC   2   2   2   2   2   2 |     TCC   0   0   0   0   0   0 |     TAC   3   3   3   2   3   3 |     TGC   0   0   0   0   0   0
Leu TTA   2   2   2   2   2   2 |     TCA   2   2   2   2   2   2 | *** TAA   0   0   0   0   0   0 | *** TGA   0   0   0   0   0   0
    TTG   1   1   1   1   1   1 |     TCG   0   0   0   0   0   0 |     TAG   0   0   0   0   0   0 | Trp TGG   1   1   1   1   1   1
--------------------------------------------------------------------------------------------------------------------------------------
Leu CTT   2   2   2   2   2   2 | Pro CCT   1   1   1   1   1   1 | His CAT   2   2   2   2   2   2 | Arg CGT   0   0   0   0   0   0
    CTC   0   0   0   0   0   0 |     CCC   0   0   0   0   0   0 |     CAC   0   0   0   0   0   0 |     CGC   1   1   1   1   1   1
    CTA   0   0   0   0   0   0 |     CCA   0   0   0   0   0   0 | Gln CAA   1   1   1   1   1   0 |     CGA   1   1   1   1   1   1
    CTG   2   2   2   2   2   2 |     CCG   0   0   0   0   0   0 |     CAG   0   0   0   0   0   1 |     CGG   0   0   0   0   0   0
--------------------------------------------------------------------------------------------------------------------------------------
Ile ATT   2   2   2   2   2   3 | Thr ACT   1   1   1   1   1   1 | Asn AAT   1   1   1   1   1   1 | Ser AGT   2   2   2   2   2   2
    ATC   0   0   0   0   0   0 |     ACC   0   0   0   0   0   0 |     AAC   1   1   1   1   1   1 |     AGC   0   0   0   0   0   0
    ATA   1   1   1   1   1   1 |     ACA   2   2   2   2   2   2 | Lys AAA   5   5   5   5   5   5 | Arg AGA   2   2   2   2   2   2
Met ATG   1   1   1   1   1   1 |     ACG   0   0   0   0   0   0 |     AAG   0   0   0   0   0   0 |     AGG   0   0   0   0   0   0
--------------------------------------------------------------------------------------------------------------------------------------
Val GTT   3   3   3   3   3   2 | Ala GCT   1   1   1   1   1   1 | Asp GAT   4   4   4   4   4   4 | Gly GGT   3   3   3   3   3   2
    GTC   0   0   0   0   0   0 |     GCC   0   0   0   0   0   0 |     GAC   0   0   0   0   0   0 |     GGC   1   1   1   1   1   2
    GTA   1   1   1   1   1   1 |     GCA   1   1   1   1   1   1 | Glu GAA   6   6   6   6   6   6 |     GGA   2   2   2   2   2   2
    GTG   1   1   1   1   1   1 |     GCG   0   0   0   0   0   0 |     GAG   0   0   0   0   0   0 |     GGG   0   0   0   0   0   0
--------------------------------------------------------------------------------------------------------------------------------------

--------------------------------------------------------------------------------------------------------------------------------------
Phe TTT   2   2   2   2   2   2 | Ser TCT   0   0   0   0   0   0 | Tyr TAT   0   1   0   0   0   0 | Cys TGT   1   1   1   1   1   1
    TTC   2   2   2   2   2   2 |     TCC   0   0   0   0   0   0 |     TAC   3   2   3   3   3   3 |     TGC   0   0   0   0   0   0
Leu TTA   2   2   2   2   2   2 |     TCA   2   2   2   2   2   2 | *** TAA   0   0   0   0   0   0 | *** TGA   0   0   0   0   0   0
    TTG   1   1   1   1   2   1 |     TCG   0   0   0   0   0   0 |     TAG   0   0   0   0   0   0 | Trp TGG   1   1   1   1   1   1
--------------------------------------------------------------------------------------------------------------------------------------
Leu CTT   2   1   2   2   2   2 | Pro CCT   1   1   1   1   1   1 | His CAT   2   2   2   2   2   2 | Arg CGT   0   0   0   0   0   1
    CTC   0   1   0   0   0   0 |     CCC   0   0   0   0   0   0 |     CAC   0   0   0   0   0   0 |     CGC   1   1   1   1   1   1
    CTA   0   0   0   0   0   0 |     CCA   0   0   0   0   0   0 | Gln CAA   1   1   1   1   1   1 |     CGA   1   1   1   1   1   0
    CTG   2   2   2   2   1   2 |     CCG   0   0   0   0   0   0 |     CAG   0   0   0   0   0   0 |     CGG   0   0   0   0   0   0
--------------------------------------------------------------------------------------------------------------------------------------
Ile ATT   2   2   2   2   2   2 | Thr ACT   1   0   1   1   1   1 | Asn AAT   1   1   1   1   1   1 | Ser AGT   2   2   2   2   2   2
    ATC   0   0   0   0   0   0 |     ACC   0   1   0   0   0   0 |     AAC   1   0   1   1   1   1 |     AGC   0   1   0   0   0   0
    ATA   1   1   1   1   1   1 |     ACA   2   2   2   2   2   2 | Lys AAA   5   5   5   5   5   5 | Arg AGA   2   2   2   2   2   2
Met ATG   1   1   1   1   1   1 |     ACG   0   0   0   0   0   0 |     AAG   0   0   0   0   0   0 |     AGG   0   0   0   0   0   0
--------------------------------------------------------------------------------------------------------------------------------------
Val GTT   3   3   3   3   3   3 | Ala GCT   1   1   1   1   1   1 | Asp GAT   4   4   4   4   4   4 | Gly GGT   3   3   3   3   3   3
    GTC   0   0   0   0   0   0 |     GCC   0   0   0   0   0   0 |     GAC   0   0   0   0   0   0 |     GGC   1   1   1   1   1   1
    GTA   1   1   1   1   1   1 |     GCA   1   1   1   1   1   1 | Glu GAA   6   6   6   6   6   6 |     GGA   2   2   2   2   2   2
    GTG   1   1   1   1   1   1 |     GCG   0   0   0   0   0   0 |     GAG   0   0   0   0   0   0 |     GGG   0   0   0   0   0   0
--------------------------------------------------------------------------------------------------------------------------------------

--------------------------------------------------------------------------------------------------------------------------------------
Phe TTT   2   2   2   2   2   2 | Ser TCT   0   0   0   0   0   0 | Tyr TAT   0   0   0   0   0   0 | Cys TGT   1   1   1   1   1   1
    TTC   2   2   2   2   2   2 |     TCC   0   0   0   0   0   0 |     TAC   3   3   3   3   3   3 |     TGC   0   0   0   0   0   0
Leu TTA   2   2   2   2   2   2 |     TCA   2   2   2   2   2   2 | *** TAA   0   0   0   0   0   0 | *** TGA   0   0   0   0   0   0
    TTG   1   1   1   1   1   1 |     TCG   0   0   0   0   0   0 |     TAG   0   0   0   0   0   0 | Trp TGG   1   1   1   1   1   1
--------------------------------------------------------------------------------------------------------------------------------------
Leu CTT   2   2   2   2   2   2 | Pro CCT   1   1   1   1   1   1 | His CAT   2   2   2   2   2   2 | Arg CGT   0   0   0   0   0   0
    CTC   0   0   0   0   0   0 |     CCC   0   0   0   0   0   0 |     CAC   0   0   0   0   0   0 |     CGC   1   1   1   1   1   1
    CTA   0   0   0   0   0   0 |     CCA   0   0   0   0   0   0 | Gln CAA   1   1   1   1   1   1 |     CGA   1   1   1   1   2   1
    CTG   2   2   2   2   2   2 |     CCG   0   0   0   0   0   0 |     CAG   0   0   0   0   0   0 |     CGG   0   0   0   0   0   0
--------------------------------------------------------------------------------------------------------------------------------------
Ile ATT   3   3   2   2   2   2 | Thr ACT   1   1   1   1   1   1 | Asn AAT   1   1   1   1   1   1 | Ser AGT   1   1   2   2   2   2
    ATC   0   0   0   0   0   0 |     ACC   0   0   0   0   0   0 |     AAC   1   1   1   1   1   1 |     AGC   0   0   0   0   0   0
    ATA   1   1   1   1   1   1 |     ACA   2   2   2   2   2   2 | Lys AAA   5   5   5   5   5   5 | Arg AGA   2   2   2   2   1   2
Met ATG   1   1   1   1   1   1 |     ACG   0   0   0   0   0   0 |     AAG   0   0   0   0   0   0 |     AGG   0   0   0   0   0   0
--------------------------------------------------------------------------------------------------------------------------------------
Val GTT   3   3   3   3   3   3 | Ala GCT   1   1   1   1   1   1 | Asp GAT   4   4   4   4   4   4 | Gly GGT   3   3   3   3   3   3
    GTC   0   0   0   0   0   0 |     GCC   0   0   0   0   0   0 |     GAC   0   0   0   0   0   0 |     GGC   1   1   1   1   1   1
    GTA   1   1   1   1   1   1 |     GCA   1   1   1   1   1   1 | Glu GAA   6   6   6   6   6   6 |     GGA   2   2   2   2   2   2
    GTG   1   1   1   1   1   1 |     GCG   0   0   0   0   0   0 |     GAG   0   0   0   0   0   0 |     GGG   0   0   0   0   0   0
--------------------------------------------------------------------------------------------------------------------------------------

--------------------------------------------------------------------------------------------------------------------------------------
Phe TTT   2   2   2   1   2   2 | Ser TCT   0   0   0   0   0   0 | Tyr TAT   0   0   0   1   0   0 | Cys TGT   1   1   1   0   1   1
    TTC   2   2   2   2   2   2 |     TCC   0   0   0   0   0   0 |     TAC   3   3   3   3   3   3 |     TGC   0   0   0   0   0   0
Leu TTA   2   2   2   2   2   2 |     TCA   2   2   2   3   2   2 | *** TAA   0   0   0   0   0   0 | *** TGA   0   0   0   0   0   0
    TTG   1   1   1   1   1   1 |     TCG   0   0   0   0   0   0 |     TAG   0   0   0   0   0   0 | Trp TGG   1   1   1   1   1   1
--------------------------------------------------------------------------------------------------------------------------------------
Leu CTT   2   2   2   3   2   2 | Pro CCT   1   1   1   0   1   1 | His CAT   2   2   2   1   2   2 | Arg CGT   0   0   0   0   0   0
    CTC   0   0   0   1   0   0 |     CCC   0   0   0   0   0   0 |     CAC   0   0   0   0   0   0 |     CGC   1   1   1   0   1   1
    CTA   0   0   0   0   0   0 |     CCA   0   0   0   0   0   0 | Gln CAA   0   0   1   1   1   1 |     CGA   1   1   1   1   1   1
    CTG   2   2   2   2   2   2 |     CCG   0   0   0   0   0   0 |     CAG   1   1   0   0   0   0 |     CGG   0   0   0   0   0   0
--------------------------------------------------------------------------------------------------------------------------------------
Ile ATT   3   3   2   0   2   2 | Thr ACT   1   1   1   1   1   1 | Asn AAT   1   1   1   1   1   1 | Ser AGT   2   2   2   3   2   2
    ATC   0   0   0   0   0   0 |     ACC   0   0   0   0   0   0 |     AAC   1   1   1   1   1   1 |     AGC   0   0   0   0   0   0
    ATA   1   1   1   1   1   1 |     ACA   1   2   2   2   2   2 | Lys AAA   5   4   5   4   5   5 | Arg AGA   2   2   2   2   2   2
Met ATG   1   1   1   1   1   1 |     ACG   1   0   0   0   0   0 |     AAG   0   0   0   1   0   0 |     AGG   0   0   0   0   0   0
--------------------------------------------------------------------------------------------------------------------------------------
Val GTT   2   2   3   3   3   3 | Ala GCT   1   1   1   2   1   1 | Asp GAT   4   4   4   2   4   4 | Gly GGT   2   2   3   4   3   3
    GTC   0   0   0   0   0   0 |     GCC   0   0   0   0   0   0 |     GAC   0   0   0   2   0   0 |     GGC   2   2   1   1   1   1
    GTA   1   1   1   1   1   1 |     GCA   1   1   1   1   1   1 | Glu GAA   6   7   6   6   6   6 |     GGA   2   2   2   2   2   2
    GTG   1   1   1   1   1   1 |     GCG   0   0   0   0   0   0 |     GAG   0   0   0   0   0   0 |     GGG   0   0   0   0   0   0
--------------------------------------------------------------------------------------------------------------------------------------

--------------------------------------------------------------------------------------------------------------------------------------
Phe TTT   2   2   2   2   2   2 | Ser TCT   0   0   0   0   0   0 | Tyr TAT   0   0   0   0   0   0 | Cys TGT   1   1   1   1   1   1
    TTC   2   2   2   2   2   2 |     TCC   0   0   0   0   0   0 |     TAC   3   3   3   3   3   3 |     TGC   0   0   0   0   0   0
Leu TTA   2   2   2   2   2   2 |     TCA   2   2   2   2   2   2 | *** TAA   0   0   0   0   0   0 | *** TGA   0   0   0   0   0   0
    TTG   1   1   1   1   1   1 |     TCG   0   0   0   0   0   0 |     TAG   0   0   0   0   0   0 | Trp TGG   1   1   1   1   1   1
--------------------------------------------------------------------------------------------------------------------------------------
Leu CTT   2   2   2   2   2   2 | Pro CCT   1   1   1   1   1   1 | His CAT   2   2   2   2   2   2 | Arg CGT   1   0   0   0   0   0
    CTC   0   0   0   0   1   0 |     CCC   0   0   0   0   0   0 |     CAC   0   0   0   0   0   0 |     CGC   1   1   1   1   1   1
    CTA   0   0   0   0   0   0 |     CCA   0   0   0   0   0   0 | Gln CAA   1   1   1   1   1   1 |     CGA   0   1   0   1   1   1
    CTG   2   2   2   2   1   2 |     CCG   0   0   0   0   0   0 |     CAG   0   0   1   0   0   0 |     CGG   0   0   0   0   0   0
--------------------------------------------------------------------------------------------------------------------------------------
Ile ATT   2   2   3   3   1   2 | Thr ACT   1   1   1   1   1   1 | Asn AAT   1   1   1   1   1   1 | Ser AGT   2   2   2   2   2   2
    ATC   0   0   0   0   1   0 |     ACC   0   0   0   0   0   0 |     AAC   1   1   1   1   0   1 |     AGC   0   0   0   0   1   0
    ATA   1   1   1   1   1   1 |     ACA   2   2   2   2   2   2 | Lys AAA   5   5   5   5   5   5 | Arg AGA   2   2   2   2   2   2
Met ATG   1   1   1   1   1   1 |     ACG   0   0   0   0   0   0 |     AAG   0   0   0   0   0   0 |     AGG   0   0   0   0   0   0
--------------------------------------------------------------------------------------------------------------------------------------
Val GTT   3   3   2   2   3   3 | Ala GCT   1   1   1   1   1   1 | Asp GAT   4   4   4   4   4   4 | Gly GGT   3   3   2   3   3   3
    GTC   0   0   0   0   0   0 |     GCC   0   0   0   0   0   0 |     GAC   0   0   0   0   0   0 |     GGC   1   1   2   1   1   1
    GTA   1   1   1   1   1   1 |     GCA   1   1   1   1   1   1 | Glu GAA   6   6   6   6   6   6 |     GGA   2   2   2   2   2   2
    GTG   1   1   1   1   1   1 |     GCG   0   0   0   0   0   0 |     GAG   0   0   0   0   0   0 |     GGG   0   0   0   0   0   0
--------------------------------------------------------------------------------------------------------------------------------------

--------------------------------------------------------------------------------------------------------------------------------------
Phe TTT   2   2   2   2   2   2 | Ser TCT   0   0   0   0   0   0 | Tyr TAT   0   0   0   1   0   0 | Cys TGT   1   1   1   1   1   1
    TTC   2   2   2   2   2   2 |     TCC   0   0   0   0   0   0 |     TAC   3   3   3   2   3   3 |     TGC   0   0   0   0   0   0
Leu TTA   2   2   2   2   2   2 |     TCA   2   2   2   2   2   2 | *** TAA   0   0   0   0   0   0 | *** TGA   0   0   0   0   0   0
    TTG   1   1   1   1   2   1 |     TCG   0   0   0   0   0   0 |     TAG   0   0   0   0   0   0 | Trp TGG   1   1   1   1   1   1
--------------------------------------------------------------------------------------------------------------------------------------
Leu CTT   2   2   2   2   2   2 | Pro CCT   1   1   1   1   1   1 | His CAT   2   2   2   2   2   2 | Arg CGT   0   0   0   0   0   0
    CTC   0   0   0   0   0   0 |     CCC   0   0   0   0   0   0 |     CAC   0   0   0   0   0   0 |     CGC   1   1   1   1   1   1
    CTA   0   0   0   0   0   0 |     CCA   0   0   0   0   0   0 | Gln CAA   1   1   1   1   1   0 |     CGA   1   1   1   1   1   1
    CTG   2   2   2   2   1   2 |     CCG   0   0   0   0   0   0 |     CAG   0   0   0   0   0   1 |     CGG   0   0   0   0   0   0
--------------------------------------------------------------------------------------------------------------------------------------
Ile ATT   2   2   1   2   2   3 | Thr ACT   1   1   1   1   1   1 | Asn AAT   1   1   1   1   1   1 | Ser AGT   2   2   2   2   2   2
    ATC   0   0   0   0   0   0 |     ACC   0   0   0   0   0   0 |     AAC   1   1   1   1   1   1 |     AGC   0   0   0   0   0   0
    ATA   1   1   1   1   1   1 |     ACA   2   2   2   2   2   2 | Lys AAA   5   5   5   5   5   5 | Arg AGA   2   2   2   2   2   2
Met ATG   1   1   1   1   1   1 |     ACG   0   0   0   0   0   0 |     AAG   0   0   0   0   0   0 |     AGG   0   0   0   0   0   0
--------------------------------------------------------------------------------------------------------------------------------------
Val GTT   3   3   4   3   3   2 | Ala GCT   1   1   1   1   1   1 | Asp GAT   4   4   4   4   4   4 | Gly GGT   3   3   3   3   3   2
    GTC   0   0   0   0   0   0 |     GCC   0   0   0   0   0   0 |     GAC   0   0   0   0   0   0 |     GGC   1   1   1   1   1   2
    GTA   1   1   1   1   1   1 |     GCA   1   1   1   1   1   1 | Glu GAA   6   6   6   6   6   6 |     GGA   2   2   2   2   2   2
    GTG   1   1   1   1   1   1 |     GCG   0   0   0   0   0   0 |     GAG   0   0   0   0   0   0 |     GGG   0   0   0   0   0   0
--------------------------------------------------------------------------------------------------------------------------------------

--------------------------------------------------------------------------------------------------------------------------------------
Phe TTT   2   2   2   2   2   2 | Ser TCT   0   0   0   0   0   0 | Tyr TAT   0   0   0   0   0   0 | Cys TGT   1   1   1   1   1   1
    TTC   2   2   2   2   2   2 |     TCC   0   0   0   0   0   0 |     TAC   3   3   3   3   3   3 |     TGC   0   0   0   0   0   0
Leu TTA   2   2   2   2   2   2 |     TCA   2   2   2   2   2   2 | *** TAA   0   0   0   0   0   0 | *** TGA   0   0   0   0   0   0
    TTG   1   1   1   1   1   1 |     TCG   0   0   0   0   0   0 |     TAG   0   0   0   0   0   0 | Trp TGG   1   1   1   1   1   1
--------------------------------------------------------------------------------------------------------------------------------------
Leu CTT   2   2   2   2   2   2 | Pro CCT   1   1   1   1   1   1 | His CAT   2   2   2   2   2   2 | Arg CGT   0   0   0   0   0   0
    CTC   0   0   0   0   0   0 |     CCC   0   0   0   0   0   0 |     CAC   0   0   0   0   0   0 |     CGC   1   1   1   1   1   1
    CTA   0   0   0   0   0   0 |     CCA   0   0   0   0   0   0 | Gln CAA   0   1   0   0   1   1 |     CGA   1   1   1   1   1   1
    CTG   2   2   2   2   2   2 |     CCG   0   0   0   0   0   0 |     CAG   1   0   1   1   0   0 |     CGG   0   0   0   0   0   0
--------------------------------------------------------------------------------------------------------------------------------------
Ile ATT   3   2   3   3   3   2 | Thr ACT   1   1   1   1   1   1 | Asn AAT   1   1   1   1   1   1 | Ser AGT   2   2   2   2   2   2
    ATC   0   0   0   0   0   0 |     ACC   0   0   0   0   0   0 |     AAC   1   1   1   1   1   1 |     AGC   0   0   0   0   0   0
    ATA   1   1   1   1   1   1 |     ACA   1   2   2   2   2   2 | Lys AAA   5   5   5   5   5   5 | Arg AGA   2   2   2   2   2   2
Met ATG   1   1   1   1   1   1 |     ACG   1   0   0   0   0   0 |     AAG   0   0   0   0   0   0 |     AGG   0   0   0   0   0   0
--------------------------------------------------------------------------------------------------------------------------------------
Val GTT   2   3   2   2   2   3 | Ala GCT   1   1   1   1   1   1 | Asp GAT   4   4   4   4   4   4 | Gly GGT   2   3   2   2   3   3
    GTC   0   0   0   0   0   0 |     GCC   0   0   0   0   0   0 |     GAC   0   0   0   0   0   0 |     GGC   2   1   2   2   1   1
    GTA   1   1   1   1   1   1 |     GCA   1   1   1   1   1   1 | Glu GAA   6   6   6   6   6   6 |     GGA   2   2   2   2   2   2
    GTG   1   1   1   1   1   1 |     GCG   0   0   0   0   0   0 |     GAG   0   0   0   0   0   0 |     GGG   0   0   0   0   0   0
--------------------------------------------------------------------------------------------------------------------------------------

--------------------------------------------------------------------------------------------------------------------------------------
Phe TTT   2   2   2   2   2   2 | Ser TCT   0   0   0   0   0   0 | Tyr TAT   0   0   0   0   0   0 | Cys TGT   1   1   1   1   1   1
    TTC   2   2   2   2   2   2 |     TCC   0   0   0   0   0   0 |     TAC   3   3   3   3   3   3 |     TGC   0   0   0   0   0   0
Leu TTA   2   2   2   1   2   2 |     TCA   2   2   2   2   2   2 | *** TAA   0   0   0   0   0   0 | *** TGA   0   0   0   0   0   0
    TTG   1   1   1   1   1   1 |     TCG   0   0   0   0   0   0 |     TAG   0   0   0   0   0   0 | Trp TGG   1   1   1   1   1   1
--------------------------------------------------------------------------------------------------------------------------------------
Leu CTT   2   2   2   2   2   2 | Pro CCT   1   1   1   1   1   1 | His CAT   2   2   1   2   2   2 | Arg CGT   0   0   0   0   0   0
    CTC   0   0   0   0   0   0 |     CCC   0   0   0   0   0   0 |     CAC   0   0   1   0   0   0 |     CGC   1   1   1   1   1   1
    CTA   0   0   0   1   0   0 |     CCA   0   0   0   0   0   0 | Gln CAA   1   1   1   1   1   1 |     CGA   1   1   1   1   1   1
    CTG   2   2   2   2   2   2 |     CCG   0   0   0   0   0   0 |     CAG   0   0   0   0   0   0 |     CGG   0   0   0   0   0   0
--------------------------------------------------------------------------------------------------------------------------------------
Ile ATT   2   2   1   2   2   2 | Thr ACT   1   1   1   1   1   1 | Asn AAT   1   1   1   1   1   1 | Ser AGT   2   2   2   2   2   2
    ATC   0   0   0   0   0   0 |     ACC   0   0   0   0   0   0 |     AAC   1   1   1   1   1   1 |     AGC   0   0   0   0   0   0
    ATA   1   1   1   1   1   1 |     ACA   2   2   2   2   2   2 | Lys AAA   5   5   5   5   5   5 | Arg AGA   2   2   2   2   2   2
Met ATG   1   1   1   1   1   1 |     ACG   0   0   0   0   0   0 |     AAG   0   0   0   0   0   0 |     AGG   0   0   0   0   0   0
--------------------------------------------------------------------------------------------------------------------------------------
Val GTT   3   3   4   3   3   3 | Ala GCT   1   1   1   1   1   1 | Asp GAT   4   4   3   4   4   4 | Gly GGT   3   3   3   3   3   3
    GTC   0   0   0   0   0   0 |     GCC   0   0   0   0   0   0 |     GAC   0   0   1   0   0   0 |     GGC   1   1   1   1   1   1
    GTA   1   1   1   1   1   1 |     GCA   1   1   1   0   1   1 | Glu GAA   6   6   6   6   6   6 |     GGA   2   2   2   2   2   2
    GTG   1   1   1   1   1   1 |     GCG   0   0   0   1   0   0 |     GAG   0   0   0   0   0   0 |     GGG   0   0   0   0   0   0
--------------------------------------------------------------------------------------------------------------------------------------

Codon position x base (3x4) table for each sequence.

#1: Argali         
position  1:    T:0.21538    C:0.15385    A:0.27692    G:0.35385
position  2:    T:0.30769    C:0.12308    A:0.35385    G:0.21538
position  3:    T:0.38462    C:0.12308    A:0.40000    G:0.09231
Average         T:0.30256    C:0.13333    A:0.34359    G:0.22051

#2: LesserMouseDeer
position  1:    T:0.21538    C:0.15385    A:0.27692    G:0.35385
position  2:    T:0.30769    C:0.12308    A:0.35385    G:0.21538
position  3:    T:0.36923    C:0.15385    A:0.40000    G:0.07692
Average         T:0.29744    C:0.14359    A:0.34359    G:0.21538

#3: LesserKudu     
position  1:    T:0.21538    C:0.15385    A:0.27692    G:0.35385
position  2:    T:0.30769    C:0.12308    A:0.35385    G:0.21538
position  3:    T:0.38462    C:0.12308    A:0.40000    G:0.09231
Average         T:0.30256    C:0.13333    A:0.34359    G:0.22051

#4: ForestMuskDeer2
position  1:    T:0.20000    C:0.16923    A:0.27692    G:0.35385
position  2:    T:0.30769    C:0.12308    A:0.35385    G:0.21538
position  3:    T:0.40000    C:0.10769    A:0.38462    G:0.10769
Average         T:0.30256    C:0.13333    A:0.33846    G:0.22564

#5: Camel          
position  1:    T:0.20000    C:0.16923    A:0.26154    G:0.36923
position  2:    T:0.30769    C:0.12308    A:0.35385    G:0.21538
position  3:    T:0.40000    C:0.13846    A:0.33846    G:0.12308
Average         T:0.30256    C:0.14359    A:0.31795    G:0.23590

#6: KillerWhale    
position  1:    T:0.20000    C:0.16923    A:0.26154    G:0.36923
position  2:    T:0.30769    C:0.12308    A:0.35385    G:0.21538
position  3:    T:0.36923    C:0.13846    A:0.38462    G:0.10769
Average         T:0.29231    C:0.14359    A:0.33333    G:0.23077

#7: DefassaWaterbuck
position  1:    T:0.21538    C:0.15385    A:0.27692    G:0.35385
position  2:    T:0.30769    C:0.12308    A:0.35385    G:0.21538
position  3:    T:0.38462    C:0.12308    A:0.40000    G:0.09231
Average         T:0.30256    C:0.13333    A:0.34359    G:0.22051

#8: Sheep          
position  1:    T:0.21538    C:0.15385    A:0.27692    G:0.35385
position  2:    T:0.30769    C:0.12308    A:0.35385    G:0.21538
position  3:    T:0.38462    C:0.12308    A:0.40000    G:0.09231
Average         T:0.30256    C:0.13333    A:0.34359    G:0.22051

#9: MaxwellsDuiker 
position  1:    T:0.21538    C:0.15385    A:0.27692    G:0.35385
position  2:    T:0.30769    C:0.12308    A:0.35385    G:0.21538
position  3:    T:0.38462    C:0.12308    A:0.40000    G:0.09231
Average         T:0.30256    C:0.13333    A:0.34359    G:0.22051

#10: GazellaPrzewalskyi
position  1:    T:0.21538    C:0.15385    A:0.27692    G:0.35385
position  2:    T:0.30769    C:0.12308    A:0.35385    G:0.21538
position  3:    T:0.40000    C:0.10769    A:0.40000    G:0.09231
Average         T:0.30769    C:0.12821    A:0.34359    G:0.22051

#11: MountainNyala  
position  1:    T:0.21538    C:0.15385    A:0.27692    G:0.35385
position  2:    T:0.30769    C:0.12308    A:0.35385    G:0.21538
position  3:    T:0.38462    C:0.12308    A:0.40000    G:0.09231
Average         T:0.30256    C:0.13333    A:0.34359    G:0.22051

#12: MuntiacusMuntjak
position  1:    T:0.21538    C:0.15385    A:0.29231    G:0.33846
position  2:    T:0.30769    C:0.12308    A:0.35385    G:0.21538
position  3:    T:0.36923    C:0.13846    A:0.38462    G:0.10769
Average         T:0.29744    C:0.13846    A:0.34359    G:0.22051

#13: goat           
position  1:    T:0.21538    C:0.15385    A:0.27692    G:0.35385
position  2:    T:0.30769    C:0.12308    A:0.35385    G:0.21538
position  3:    T:0.38462    C:0.12308    A:0.40000    G:0.09231
Average         T:0.30256    C:0.13333    A:0.34359    G:0.22051

#14: AfricanBuffalo 
position  1:    T:0.21538    C:0.15385    A:0.27692    G:0.35385
position  2:    T:0.30769    C:0.12308    A:0.33846    G:0.23077
position  3:    T:0.36923    C:0.13846    A:0.40000    G:0.09231
Average         T:0.29744    C:0.13846    A:0.33846    G:0.22564

#15: Topi           
position  1:    T:0.21538    C:0.15385    A:0.27692    G:0.35385
position  2:    T:0.30769    C:0.12308    A:0.35385    G:0.21538
position  3:    T:0.38462    C:0.12308    A:0.40000    G:0.09231
Average         T:0.30256    C:0.13333    A:0.34359    G:0.22051

#16: CommonDuiker   
position  1:    T:0.21538    C:0.15385    A:0.27692    G:0.35385
position  2:    T:0.30769    C:0.12308    A:0.35385    G:0.21538
position  3:    T:0.38462    C:0.12308    A:0.40000    G:0.09231
Average         T:0.30256    C:0.13333    A:0.34359    G:0.22051

#17: Suni           
position  1:    T:0.23077    C:0.13846    A:0.27692    G:0.35385
position  2:    T:0.30769    C:0.12308    A:0.35385    G:0.21538
position  3:    T:0.38462    C:0.12308    A:0.40000    G:0.09231
Average         T:0.30769    C:0.12821    A:0.34359    G:0.22051

#18: Springbuck     
position  1:    T:0.21538    C:0.15385    A:0.27692    G:0.35385
position  2:    T:0.30769    C:0.12308    A:0.35385    G:0.21538
position  3:    T:0.40000    C:0.12308    A:0.38462    G:0.09231
Average         T:0.30769    C:0.13333    A:0.33846    G:0.22051

#19: Okapi          
position  1:    T:0.21538    C:0.15385    A:0.27692    G:0.35385
position  2:    T:0.32308    C:0.12308    A:0.35385    G:0.20000
position  3:    T:0.38462    C:0.12308    A:0.40000    G:0.09231
Average         T:0.30769    C:0.13333    A:0.34359    G:0.21538

#20: Giraffe        
position  1:    T:0.21538    C:0.15385    A:0.27692    G:0.35385
position  2:    T:0.32308    C:0.12308    A:0.35385    G:0.20000
position  3:    T:0.38462    C:0.12308    A:0.40000    G:0.09231
Average         T:0.30769    C:0.13333    A:0.34359    G:0.21538

#21: TibetanAntelope
position  1:    T:0.21538    C:0.15385    A:0.27692    G:0.35385
position  2:    T:0.30769    C:0.12308    A:0.35385    G:0.21538
position  3:    T:0.38462    C:0.12308    A:0.40000    G:0.09231
Average         T:0.30256    C:0.13333    A:0.34359    G:0.22051

#22: Sitatunga      
position  1:    T:0.21538    C:0.15385    A:0.27692    G:0.35385
position  2:    T:0.30769    C:0.12308    A:0.35385    G:0.21538
position  3:    T:0.38462    C:0.12308    A:0.40000    G:0.09231
Average         T:0.30256    C:0.13333    A:0.34359    G:0.22051

#23: Oribi          
position  1:    T:0.21538    C:0.16923    A:0.26154    G:0.35385
position  2:    T:0.30769    C:0.12308    A:0.35385    G:0.21538
position  3:    T:0.38462    C:0.12308    A:0.40000    G:0.09231
Average         T:0.30256    C:0.13846    A:0.33846    G:0.22051

#24: BarbarySheep   
position  1:    T:0.21538    C:0.15385    A:0.27692    G:0.35385
position  2:    T:0.30769    C:0.12308    A:0.35385    G:0.21538
position  3:    T:0.38462    C:0.12308    A:0.40000    G:0.09231
Average         T:0.30256    C:0.13333    A:0.34359    G:0.22051

#25: Daviddeer      
position  1:    T:0.21538    C:0.15385    A:0.29231    G:0.33846
position  2:    T:0.30769    C:0.12308    A:0.35385    G:0.21538
position  3:    T:0.36923    C:0.13846    A:0.36923    G:0.12308
Average         T:0.29744    C:0.13846    A:0.33846    G:0.22564

#26: Reindeer       
position  1:    T:0.21538    C:0.15385    A:0.27692    G:0.35385
position  2:    T:0.30769    C:0.12308    A:0.35385    G:0.21538
position  3:    T:0.36923    C:0.13846    A:0.38462    G:0.10769
Average         T:0.29744    C:0.13846    A:0.33846    G:0.22564

#27: Ibex           
position  1:    T:0.21538    C:0.15385    A:0.27692    G:0.35385
position  2:    T:0.30769    C:0.12308    A:0.35385    G:0.21538
position  3:    T:0.38462    C:0.12308    A:0.40000    G:0.09231
Average         T:0.30256    C:0.13333    A:0.34359    G:0.22051

#28: GyrantGazelle  
position  1:    T:0.21538    C:0.13846    A:0.26154    G:0.38462
position  2:    T:0.29231    C:0.13846    A:0.35385    G:0.21538
position  3:    T:0.33846    C:0.15385    A:0.40000    G:0.10769
Average         T:0.28205    C:0.14359    A:0.33846    G:0.23590

#29: Hartebeest     
position  1:    T:0.21538    C:0.15385    A:0.27692    G:0.35385
position  2:    T:0.30769    C:0.12308    A:0.35385    G:0.21538
position  3:    T:0.38462    C:0.12308    A:0.40000    G:0.09231
Average         T:0.30256    C:0.13333    A:0.34359    G:0.22051

#30: Bongo          
position  1:    T:0.21538    C:0.15385    A:0.27692    G:0.35385
position  2:    T:0.30769    C:0.12308    A:0.35385    G:0.21538
position  3:    T:0.38462    C:0.12308    A:0.40000    G:0.09231
Average         T:0.30256    C:0.13333    A:0.34359    G:0.22051

#31: Gerenuk        
position  1:    T:0.21538    C:0.15385    A:0.27692    G:0.35385
position  2:    T:0.30769    C:0.12308    A:0.35385    G:0.21538
position  3:    T:0.40000    C:0.12308    A:0.38462    G:0.09231
Average         T:0.30769    C:0.13333    A:0.33846    G:0.22051

#32: CommonEland    
position  1:    T:0.21538    C:0.15385    A:0.27692    G:0.35385
position  2:    T:0.30769    C:0.12308    A:0.35385    G:0.21538
position  3:    T:0.38462    C:0.12308    A:0.40000    G:0.09231
Average         T:0.30256    C:0.13333    A:0.34359    G:0.22051

#33: MuntiacusReevesi
position  1:    T:0.21538    C:0.15385    A:0.29231    G:0.33846
position  2:    T:0.30769    C:0.12308    A:0.36923    G:0.20000
position  3:    T:0.36923    C:0.13846    A:0.38462    G:0.10769
Average         T:0.29744    C:0.13846    A:0.34872    G:0.21538

#34: HarveysDuiker  
position  1:    T:0.21538    C:0.15385    A:0.29231    G:0.33846
position  2:    T:0.30769    C:0.12308    A:0.35385    G:0.21538
position  3:    T:0.38462    C:0.12308    A:0.40000    G:0.09231
Average         T:0.30256    C:0.13333    A:0.34872    G:0.21538

#35: Pronghorn      
position  1:    T:0.21538    C:0.15385    A:0.27692    G:0.35385
position  2:    T:0.30769    C:0.12308    A:0.33846    G:0.23077
position  3:    T:0.36923    C:0.15385    A:0.40000    G:0.07692
Average         T:0.29744    C:0.14359    A:0.33846    G:0.22051

#36: BlueWildebeest 
position  1:    T:0.21538    C:0.15385    A:0.27692    G:0.35385
position  2:    T:0.30769    C:0.12308    A:0.35385    G:0.21538
position  3:    T:0.38462    C:0.12308    A:0.40000    G:0.09231
Average         T:0.30256    C:0.13333    A:0.34359    G:0.22051

#37: Gemsbok        
position  1:    T:0.21538    C:0.15385    A:0.27692    G:0.35385
position  2:    T:0.30769    C:0.12308    A:0.35385    G:0.21538
position  3:    T:0.38462    C:0.12308    A:0.40000    G:0.09231
Average         T:0.30256    C:0.13333    A:0.34359    G:0.22051

#38: Yak            
position  1:    T:0.21538    C:0.15385    A:0.27692    G:0.35385
position  2:    T:0.30769    C:0.12308    A:0.35385    G:0.21538
position  3:    T:0.38462    C:0.12308    A:0.40000    G:0.09231
Average         T:0.30256    C:0.13333    A:0.34359    G:0.22051

#39: BlueSheep      
position  1:    T:0.21538    C:0.15385    A:0.26154    G:0.36923
position  2:    T:0.30769    C:0.12308    A:0.35385    G:0.21538
position  3:    T:0.38462    C:0.12308    A:0.40000    G:0.09231
Average         T:0.30256    C:0.13333    A:0.33846    G:0.22564

#40: BohorReedbuck  
position  1:    T:0.21538    C:0.15385    A:0.27692    G:0.35385
position  2:    T:0.30769    C:0.12308    A:0.35385    G:0.21538
position  3:    T:0.40000    C:0.10769    A:0.40000    G:0.09231
Average         T:0.30769    C:0.12821    A:0.34359    G:0.22051

#41: KirksDik       
position  1:    T:0.23077    C:0.13846    A:0.27692    G:0.35385
position  2:    T:0.30769    C:0.12308    A:0.35385    G:0.21538
position  3:    T:0.38462    C:0.12308    A:0.40000    G:0.09231
Average         T:0.30769    C:0.12821    A:0.34359    G:0.22051

#42: RoeDeer        
position  1:    T:0.21538    C:0.15385    A:0.29231    G:0.33846
position  2:    T:0.30769    C:0.12308    A:0.35385    G:0.21538
position  3:    T:0.36923    C:0.13846    A:0.38462    G:0.10769
Average         T:0.29744    C:0.13846    A:0.34359    G:0.22051

#43: WhiteLippedDeer
position  1:    T:0.21538    C:0.15385    A:0.29231    G:0.33846
position  2:    T:0.30769    C:0.12308    A:0.35385    G:0.21538
position  3:    T:0.36923    C:0.13846    A:0.36923    G:0.12308
Average         T:0.29744    C:0.13846    A:0.33846    G:0.22564

#44: ThomsonGazelle 
position  1:    T:0.21538    C:0.15385    A:0.27692    G:0.35385
position  2:    T:0.30769    C:0.12308    A:0.35385    G:0.21538
position  3:    T:0.38462    C:0.12308    A:0.40000    G:0.09231
Average         T:0.30256    C:0.13333    A:0.34359    G:0.22051

#45: MuntiacusCrinifrons
position  1:    T:0.21538    C:0.15385    A:0.29231    G:0.33846
position  2:    T:0.30769    C:0.12308    A:0.35385    G:0.21538
position  3:    T:0.36923    C:0.13846    A:0.38462    G:0.10769
Average         T:0.29744    C:0.13846    A:0.34359    G:0.22051

#46: WhiteTailedDeer
position  1:    T:0.21538    C:0.15385    A:0.29231    G:0.33846
position  2:    T:0.30769    C:0.12308    A:0.35385    G:0.21538
position  3:    T:0.36923    C:0.13846    A:0.38462    G:0.10769
Average         T:0.29744    C:0.13846    A:0.34359    G:0.22051

#47: Cattle         
position  1:    T:0.21538    C:0.15385    A:0.29231    G:0.33846
position  2:    T:0.30769    C:0.12308    A:0.35385    G:0.21538
position  3:    T:0.38462    C:0.12308    A:0.40000    G:0.09231
Average         T:0.30256    C:0.13333    A:0.34872    G:0.21538

#48: RoyalAntelope  
position  1:    T:0.21538    C:0.15385    A:0.27692    G:0.35385
position  2:    T:0.30769    C:0.12308    A:0.35385    G:0.21538
position  3:    T:0.38462    C:0.12308    A:0.40000    G:0.09231
Average         T:0.30256    C:0.13333    A:0.34359    G:0.22051

#49: Steenbok       
position  1:    T:0.21538    C:0.15385    A:0.27692    G:0.35385
position  2:    T:0.30769    C:0.12308    A:0.35385    G:0.21538
position  3:    T:0.38462    C:0.12308    A:0.40000    G:0.09231
Average         T:0.30256    C:0.13333    A:0.34359    G:0.22051

#50: Impala         
position  1:    T:0.21538    C:0.15385    A:0.27692    G:0.35385
position  2:    T:0.30769    C:0.12308    A:0.35385    G:0.21538
position  3:    T:0.38462    C:0.12308    A:0.40000    G:0.09231
Average         T:0.30256    C:0.13333    A:0.34359    G:0.22051

#51: Klipspringer   
position  1:    T:0.21538    C:0.15385    A:0.26154    G:0.36923
position  2:    T:0.30769    C:0.12308    A:0.35385    G:0.21538
