CODONML (in paml version 4.10.7, June 2023)  /home/rachel/ruminants_paml/6406-phy-tree/ENSBTAT00000018626.fasta.phy
Model: free dN/dS Ratios for branches,  kappa = 2.000 fixed

Codon frequency model: F3x4
ns =  54  ls =  43

Codon usage in sequences
--------------------------------------------------------------------------------------------------------------------------------------
Phe TTT   2   2   2   2   2   2 | Ser TCT   1   2   1   1   1   1 | Tyr TAT   0   0   0   0   0   0 | Cys TGT   0   0   0   0   0   0
    TTC   0   0   0   0   0   0 |     TCC   0   0   0   0   0   0 |     TAC   0   0   0   0   0   0 |     TGC   0   0   0   0   0   0
Leu TTA   0   0   0   0   0   0 |     TCA   2   1   2   1   2   2 | *** TAA   0   0   0   0   0   0 | *** TGA   0   0   0   0   0   0
    TTG   1   1   1   1   1   2 |     TCG   0   0   0   1   0   0 |     TAG   0   0   0   0   0   0 | Trp TGG   0   0   0   0   0   0
--------------------------------------------------------------------------------------------------------------------------------------
Leu CTT   4   4   4   5   4   4 | Pro CCT   0   0   0   0   0   0 | His CAT   0   0   0   0   0   0 | Arg CGT   0   0   0   0   0   0
    CTC   0   0   0   0   0   0 |     CCC   0   0   0   0   0   0 |     CAC   0   0   0   0   0   0 |     CGC   0   0   0   0   0   0
    CTA   1   1   1   1   1   1 |     CCA   2   2   2   2   2   2 | Gln CAA   0   0   0   0   0   0 |     CGA   0   0   0   0   0   0
    CTG   1   1   1   0   1   0 |     CCG   0   0   0   0   0   0 |     CAG   1   1   1   1   1   1 |     CGG   0   0   0   1   0   0
--------------------------------------------------------------------------------------------------------------------------------------
Ile ATT   4   4   4   3   3   4 | Thr ACT   1   1   1   1   1   1 | Asn AAT   3   1   2   3   3   3 | Ser AGT   1   0   1   1   1   1
    ATC   0   0   0   0   0   0 |     ACC   0   0   0   0   0   0 |     AAC   1   3   2   1   1   1 |     AGC   1   2   1   1   1   1
    ATA   0   0   0   0   0   0 |     ACA   0   0   0   0   0   0 | Lys AAA   0   0   0   0   0   0 | Arg AGA   1   1   1   1   1   1
Met ATG   0   0   0   0   0   0 |     ACG   0   0   0   0   0   0 |     AAG   1   1   1   1   1   1 |     AGG   1   1   1   0   1   1
--------------------------------------------------------------------------------------------------------------------------------------
Val GTT   1   0   1   2   2   1 | Ala GCT   0   0   0   0   0   0 | Asp GAT   3   3   3   3   3   3 | Gly GGT   1   1   1   1   1   1
    GTC   0   0   0   0   0   0 |     GCC   1   1   1   1   1   1 |     GAC   1   1   1   1   1   1 |     GGC   0   0   0   0   0   0
    GTA   0   0   0   0   0   0 |     GCA   0   0   0   0   0   0 | Glu GAA   2   1   2   2   2   2 |     GGA   4   4   4   4   3   4
    GTG   0   1   0   0   0   0 |     GCG   0   0   0   0   0   0 |     GAG   1   2   1   1   1   1 |     GGG   0   0   0   0   1   0
--------------------------------------------------------------------------------------------------------------------------------------

--------------------------------------------------------------------------------------------------------------------------------------
Phe TTT   2   2   2   2   2   2 | Ser TCT   1   1   1   1   1   1 | Tyr TAT   0   0   0   0   0   0 | Cys TGT   0   0   0   0   0   0
    TTC   0   0   0   0   0   0 |     TCC   0   0   0   0   0   0 |     TAC   0   0   0   0   0   0 |     TGC   0   0   0   0   0   0
Leu TTA   0   0   0   0   0   0 |     TCA   2   2   2   2   2   2 | *** TAA   0   0   0   0   0   0 | *** TGA   0   0   0   0   0   0
    TTG   1   1   1   1   1   1 |     TCG   0   0   0   0   0   0 |     TAG   0   0   0   0   0   0 | Trp TGG   0   0   0   0   0   0
--------------------------------------------------------------------------------------------------------------------------------------
Leu CTT   4   4   4   4   4   4 | Pro CCT   0   0   0   0   0   0 | His CAT   0   0   0   0   0   0 | Arg CGT   0   0   0   0   0   0
    CTC   0   0   0   1   0   0 |     CCC   0   0   0   0   0   0 |     CAC   0   0   0   0   0   0 |     CGC   0   0   0   0   0   0
    CTA   1   1   1   0   1   1 |     CCA   2   2   2   2   2   2 | Gln CAA   0   0   0   0   0   0 |     CGA   0   0   0   0   0   0
    CTG   1   1   1   1   1   1 |     CCG   0   0   0   0   0   0 |     CAG   1   1   1   1   1   1 |     CGG   0   0   0   0   0   0
--------------------------------------------------------------------------------------------------------------------------------------
Ile ATT   4   4   4   4   4   4 | Thr ACT   1   1   1   1   1   1 | Asn AAT   2   3   2   3   2   2 | Ser AGT   1   1   1   1   1   1
    ATC   0   0   0   0   0   0 |     ACC   0   0   0   0   0   0 |     AAC   2   1   3   1   2   2 |     AGC   1   1   1   1   1   1
    ATA   0   0   0   0   0   0 |     ACA   0   0   0   0   0   0 | Lys AAA   0   0   0   0   0   0 | Arg AGA   2   1   1   1   1   1
Met ATG   0   0   0   0   0   0 |     ACG   0   0   0   0   0   0 |     AAG   1   1   0   1   1   1 |     AGG   0   1   1   1   1   1
--------------------------------------------------------------------------------------------------------------------------------------
Val GTT   1   1   1   1   1   1 | Ala GCT   0   0   0   0   0   0 | Asp GAT   3   3   3   3   3   3 | Gly GGT   1   1   1   0   1   1
    GTC   0   0   0   0   0   0 |     GCC   1   1   1   1   1   1 |     GAC   1   1   1   1   1   1 |     GGC   0   0   0   1   0   0
    GTA   0   0   0   0   0   0 |     GCA   0   0   0   0   0   0 | Glu GAA   2   2   2   2   2   2 |     GGA   4   4   4   4   4   4
    GTG   0   0   0   0   0   0 |     GCG   0   0   0   0   0   0 |     GAG   1   1   1   1   1   1 |     GGG   0   0   0   0   0   0
--------------------------------------------------------------------------------------------------------------------------------------

--------------------------------------------------------------------------------------------------------------------------------------
Phe TTT   2   2   2   2   2   2 | Ser TCT   1   1   1   1   1   1 | Tyr TAT   0   0   0   0   0   0 | Cys TGT   0   0   0   0   0   0
    TTC   0   0   0   0   0   0 |     TCC   0   0   0   0   0   0 |     TAC   0   0   0   0   0   0 |     TGC   0   0   0   0   0   0
Leu TTA   0   0   0   0   0   0 |     TCA   2   2   2   2   2   2 | *** TAA   0   0   0   0   0   0 | *** TGA   0   0   0   0   0   0
    TTG   1   1   1   1   1   1 |     TCG   0   0   0   0   0   0 |     TAG   0   0   0   0   0   0 | Trp TGG   0   0   0   0   0   0
--------------------------------------------------------------------------------------------------------------------------------------
Leu CTT   4   4   4   4   4   4 | Pro CCT   0   0   0   0   0   0 | His CAT   0   0   0   0   0   0 | Arg CGT   0   0   0   0   0   0
    CTC   0   0   0   0   0   0 |     CCC   0   0   0   0   0   0 |     CAC   0   0   0   0   0   0 |     CGC   0   0   0   0   0   0
    CTA   1   1   1   1   1   1 |     CCA   2   2   2   2   2   2 | Gln CAA   0   0   0   0   0   0 |     CGA   0   0   0   0   0   0
    CTG   1   1   1   1   1   1 |     CCG   0   0   0   0   0   0 |     CAG   1   1   1   1   1   1 |     CGG   0   0   0   0   0   0
--------------------------------------------------------------------------------------------------------------------------------------
Ile ATT   4   4   4   4   4   4 | Thr ACT   1   1   1   1   1   1 | Asn AAT   3   2   3   2   2   3 | Ser AGT   1   1   1   1   1   1
    ATC   0   0   0   0   0   0 |     ACC   0   0   0   0   0   0 |     AAC   1   2   1   2   2   1 |     AGC   1   1   1   1   1   1
    ATA   0   0   0   0   0   0 |     ACA   0   0   0   0   0   0 | Lys AAA   0   0   0   0   0   0 | Arg AGA   1   1   1   1   1   1
Met ATG   0   0   0   0   0   0 |     ACG   0   0   0   0   0   0 |     AAG   1   1   1   1   1   1 |     AGG   1   1   1   1   1   1
--------------------------------------------------------------------------------------------------------------------------------------
Val GTT   1   1   1   1   1   1 | Ala GCT   0   0   0   0   0   0 | Asp GAT   3   3   3   3   3   3 | Gly GGT   1   1   1   1   1   1
    GTC   0   0   0   0   0   0 |     GCC   1   1   1   1   1   1 |     GAC   1   1   1   1   1   1 |     GGC   0   0   0   0   0   0
    GTA   0   0   0   0   0   0 |     GCA   0   0   0   0   0   0 | Glu GAA   2   2   2   2   2   2 |     GGA   4   4   4   4   4   4
    GTG   0   0   0   0   0   0 |     GCG   0   0   0   0   0   0 |     GAG   1   1   1   1   1   1 |     GGG   0   0   0   0   0   0
--------------------------------------------------------------------------------------------------------------------------------------

--------------------------------------------------------------------------------------------------------------------------------------
Phe TTT   2   2   2   2   2   2 | Ser TCT   1   1   1   1   1   1 | Tyr TAT   0   0   0   0   0   0 | Cys TGT   0   0   0   0   0   0
    TTC   0   0   0   0   0   0 |     TCC   0   0   0   0   0   0 |     TAC   0   0   0   0   0   0 |     TGC   0   0   0   0   0   0
Leu TTA   0   0   0   0   0   0 |     TCA   2   2   2   2   2   2 | *** TAA   0   0   0   0   0   0 | *** TGA   0   0   0   0   0   0
    TTG   1   1   1   1   1   1 |     TCG   0   0   0   0   0   0 |     TAG   0   0   0   0   0   0 | Trp TGG   0   0   0   0   0   0
--------------------------------------------------------------------------------------------------------------------------------------
Leu CTT   4   4   4   4   4   4 | Pro CCT   0   0   0   0   0   0 | His CAT   0   0   0   0   0   0 | Arg CGT   0   0   0   0   0   0
    CTC   0   0   0   0   0   0 |     CCC   0   0   0   0   0   0 |     CAC   0   0   0   0   0   0 |     CGC   0   0   0   0   0   0
    CTA   1   1   1   1   1   1 |     CCA   2   2   2   2   2   2 | Gln CAA   0   0   0   0   0   0 |     CGA   0   0   0   0   0   0
    CTG   1   1   1   1   1   1 |     CCG   0   0   0   0   0   0 |     CAG   1   1   1   1   1   1 |     CGG   0   0   0   0   0   0
--------------------------------------------------------------------------------------------------------------------------------------
Ile ATT   4   4   4   4   4   4 | Thr ACT   1   1   1   1   1   1 | Asn AAT   2   2   3   2   3   3 | Ser AGT   1   1   1   1   1   1
    ATC   0   0   0   0   0   0 |     ACC   0   0   0   0   0   0 |     AAC   2   2   1   2   1   1 |     AGC   1   1   1   1   1   1
    ATA   0   0   0   0   0   0 |     ACA   0   0   0   0   0   0 | Lys AAA   0   0   0   0   0   0 | Arg AGA   1   1   1   1   1   1
Met ATG   0   0   0   0   0   0 |     ACG   0   0   0   0   0   0 |     AAG   1   1   1   1   1   1 |     AGG   1   1   1   1   1   1
--------------------------------------------------------------------------------------------------------------------------------------
Val GTT   1   1   1   1   1   1 | Ala GCT   0   0   0   0   0   0 | Asp GAT   3   3   3   3   3   3 | Gly GGT   1   1   1   1   1   1
    GTC   0   0   0   0   0   0 |     GCC   1   1   1   1   1   1 |     GAC   1   1   1   1   1   1 |     GGC   0   0   0   0   0   0
    GTA   0   0   0   0   0   0 |     GCA   0   0   0   0   0   0 | Glu GAA   2   2   2   2   2   2 |     GGA   4   4   4   4   4   4
    GTG   0   0   0   0   0   0 |     GCG   0   0   0   0   0   0 |     GAG   1   1   1   1   1   1 |     GGG   0   0   0   0   0   0
--------------------------------------------------------------------------------------------------------------------------------------

--------------------------------------------------------------------------------------------------------------------------------------
Phe TTT   2   2   2   2   2   2 | Ser TCT   1   1   1   1   1   1 | Tyr TAT   0   0   0   0   0   0 | Cys TGT   0   0   0   0   0   0
    TTC   0   0   0   0   0   0 |     TCC   0   0   0   0   0   0 |     TAC   0   0   0   0   0   0 |     TGC   0   0   0   0   0   0
Leu TTA   0   0   0   0   0   0 |     TCA   2   2   2   2   2   2 | *** TAA   0   0   0   0   0   0 | *** TGA   0   0   0   0   0   0
    TTG   1   1   1   1   1   1 |     TCG   0   0   0   0   0   0 |     TAG   0   0   0   0   0   0 | Trp TGG   0   0   0   0   0   0
--------------------------------------------------------------------------------------------------------------------------------------
Leu CTT   4   4   4   4   4   4 | Pro CCT   0   0   0   0   0   0 | His CAT   0   0   0   0   0   0 | Arg CGT   0   0   0   0   0   0
    CTC   0   0   0   0   0   0 |     CCC   0   0   0   0   0   0 |     CAC   0   0   0   0   0   0 |     CGC   0   0   0   0   0   0
    CTA   1   1   1   1   1   1 |     CCA   2   2   2   2   2   2 | Gln CAA   0   0   0   0   0   0 |     CGA   0   0   0   0   0   0
    CTG   1   1   1   1   1   1 |     CCG   0   0   0   0   0   0 |     CAG   1   1   1   1   1   1 |     CGG   0   0   0   0   0   0
--------------------------------------------------------------------------------------------------------------------------------------
Ile ATT   4   4   4   4   4   4 | Thr ACT   1   1   1   1   1   1 | Asn AAT   3   2   3   3   3   2 | Ser AGT   1   1   1   1   1   1
    ATC   0   0   0   0   0   0 |     ACC   0   0   0   0   0   0 |     AAC   1   2   1   1   1   2 |     AGC   1   1   1   1   1   1
    ATA   0   0   0   0   0   0 |     ACA   0   0   0   0   0   0 | Lys AAA   0   0   0   0   0   0 | Arg AGA   1   1   1   1   1   1
Met ATG   0   0   0   0   0   0 |     ACG   0   0   0   0   0   0 |     AAG   1   1   1   1   1   1 |     AGG   1   1   1   1   1   1
--------------------------------------------------------------------------------------------------------------------------------------
Val GTT   1   1   1   1   1   1 | Ala GCT   0   0   0   0   0   0 | Asp GAT   3   3   3   3   3   3 | Gly GGT   1   1   1   1   1   1
    GTC   0   0   0   0   0   0 |     GCC   1   1   1   1   1   1 |     GAC   1   1   1   1   1   1 |     GGC   0   0   0   0   0   0
    GTA   0   0   0   0   0   0 |     GCA   0   0   0   0   0   0 | Glu GAA   2   2   2   2   2   2 |     GGA   4   4   4   4   4   4
    GTG   0   0   0   0   0   0 |     GCG   0   0   0   0   0   0 |     GAG   1   1   1   1   1   1 |     GGG   0   0   0   0   0   0
--------------------------------------------------------------------------------------------------------------------------------------

--------------------------------------------------------------------------------------------------------------------------------------
Phe TTT   2   2   2   2   2   2 | Ser TCT   1   1   1   1   2   1 | Tyr TAT   0   0   0   0   0   0 | Cys TGT   0   0   0   0   0   0
    TTC   0   0   0   0   0   0 |     TCC   0   0   0   0   0   0 |     TAC   0   0   0   0   0   0 |     TGC   0   0   0   0   0   0
Leu TTA   0   0   0   0   0   0 |     TCA   2   2   2   2   1   2 | *** TAA   0   0   0   0   0   0 | *** TGA   0   0   0   0   0   0
    TTG   1   1   1   1   1   1 |     TCG   0   0   0   0   0   0 |     TAG   0   0   0   0   0   0 | Trp TGG   0   0   0   0   0   0
--------------------------------------------------------------------------------------------------------------------------------------
Leu CTT   4   4   4   4   4   4 | Pro CCT   0   0   0   0   0   0 | His CAT   0   0   0   0   0   0 | Arg CGT   0   0   0   0   0   0
    CTC   0   0   0   0   0   0 |     CCC   0   0   0   0   0   0 |     CAC   0   0   0   0   0   0 |     CGC   0   0   0   0   0   0
    CTA   1   1   1   1   1   1 |     CCA   2   2   2   2   2   2 | Gln CAA   0   0   0   0   0   0 |     CGA   0   0   0   0   0   0
    CTG   1   1   1   1   1   1 |     CCG   0   0   0   0   0   0 |     CAG   1   1   1   1   1   1 |     CGG   0   0   0   0   0   0
--------------------------------------------------------------------------------------------------------------------------------------
Ile ATT   4   4   4   4   4   4 | Thr ACT   1   1   1   1   1   1 | Asn AAT   3   2   2   2   2   3 | Ser AGT   1   1   1   1   1   1
    ATC   0   0   0   0   0   0 |     ACC   0   0   0   0   0   0 |     AAC   1   2   2   2   2   1 |     AGC   1   1   1   1   1   1
    ATA   0   0   0   0   0   0 |     ACA   0   0   0   0   0   0 | Lys AAA   0   0   0   0   0   0 | Arg AGA   1   1   1   1   1   1
Met ATG   0   0   0   0   0   0 |     ACG   0   0   0   0   0   0 |     AAG   1   1   1   1   1   1 |     AGG   1   1   1   1   1   1
--------------------------------------------------------------------------------------------------------------------------------------
Val GTT   1   1   1   1   1   1 | Ala GCT   0   0   0   0   0   0 | Asp GAT   3   3   3   3   3   3 | Gly GGT   1   1   1   1   1   1
    GTC   0   0   0   0   0   0 |     GCC   1   1   1   1   1   1 |     GAC   1   1   1   1   1   1 |     GGC   0   0   0   0   0   0
    GTA   0   0   0   0   0   0 |     GCA   0   0   0   0   0   0 | Glu GAA   2   2   2   2   2   2 |     GGA   4   4   4   4   4   4
    GTG   0   0   0   0   0   0 |     GCG   0   0   0   0   0   0 |     GAG   1   1   1   1   1   1 |     GGG   0   0   0   0   0   0
--------------------------------------------------------------------------------------------------------------------------------------

--------------------------------------------------------------------------------------------------------------------------------------
Phe TTT   2   2   2   2   2   2 | Ser TCT   1   1   1   1   1   1 | Tyr TAT   0   0   0   0   0   0 | Cys TGT   0   0   0   0   0   0
    TTC   0   0   0   0   0   0 |     TCC   0   0   0   0   0   1 |     TAC   0   0   0   0   0   0 |     TGC   0   0   0   0   0   0
Leu TTA   0   0   0   0   0   0 |     TCA   2   2   2   2   2   1 | *** TAA   0   0   0   0   0   0 | *** TGA   0   0   0   0   0   0
    TTG   1   1   1   1   1   1 |     TCG   0   0   0   0   0   0 |     TAG   0   0   0   0   0   0 | Trp TGG   0   0   0   0   0   0
--------------------------------------------------------------------------------------------------------------------------------------
Leu CTT   4   4   4   4   4   4 | Pro CCT   0   0   0   0   0   0 | His CAT   0   0   0   0   0   0 | Arg CGT   0   0   0   0   0   0
    CTC   0   0   0   0   0   0 |     CCC   0   0   0   0   0   0 |     CAC   0   0   0   0   0   0 |     CGC   0   0   0   0   0   0
    CTA   1   1   1   1   1   1 |     CCA   2   2   2   2   2   2 | Gln CAA   0   0   0   0   0   0 |     CGA   0   0   0   0   0   0
    CTG   1   1   1   1   1   1 |     CCG   0   0   0   0   0   0 |     CAG   1   1   1   1   1   1 |     CGG   0   0   0   0   0   0
--------------------------------------------------------------------------------------------------------------------------------------
Ile ATT   4   4   4   4   4   4 | Thr ACT   1   1   1   1   1   1 | Asn AAT   3   2   3   2   2   2 | Ser AGT   2   1   1   1   1   1
    ATC   0   0   0   0   0   0 |     ACC   0   0   0   0   0   0 |     AAC   1   2   1   2   2   2 |     AGC   0   1   1   1   1   1
    ATA   0   0   0   0   0   0 |     ACA   0   0   0   0   0   0 | Lys AAA   0   0   0   0   0   0 | Arg AGA   1   1   1   2   1   1
Met ATG   0   0   0   0   0   0 |     ACG   0   0   0   0   0   0 |     AAG   1   1   1   1   1   1 |     AGG   1   1   1   0   1   1
--------------------------------------------------------------------------------------------------------------------------------------
Val GTT   1   1   1   1   1   1 | Ala GCT   0   0   0   0   0   0 | Asp GAT   3   3   3   3   3   3 | Gly GGT   1   1   1   1   1   1
    GTC   0   0   0   0   0   0 |     GCC   1   1   1   1   1   1 |     GAC   1   1   1   1   1   1 |     GGC   0   0   0   0   0   0
    GTA   0   0   0   0   0   0 |     GCA   0   0   0   0   0   0 | Glu GAA   2   2   2   2   2   2 |     GGA   4   4   4   4   4   4
    GTG   0   0   0   0   0   0 |     GCG   0   0   0   0   0   0 |     GAG   1   1   1   1   1   1 |     GGG   0   0   0   0   0   0
--------------------------------------------------------------------------------------------------------------------------------------

--------------------------------------------------------------------------------------------------------------------------------------
Phe TTT   2   2   2   2   2   2 | Ser TCT   1   1   1   1   1   1 | Tyr TAT   0   0   0   0   0   0 | Cys TGT   0   0   0   0   0   0
    TTC   0   0   0   0   0   0 |     TCC   0   0   0   0   0   0 |     TAC   0   0   0   0   0   0 |     TGC   0   0   0   0   0   0
Leu TTA   0   0   0   0   0   0 |     TCA   2   2   2   2   2   2 | *** TAA   0   0   0   0   0   0 | *** TGA   0   0   0   0   0   0
    TTG   1   1   1   1   1   1 |     TCG   0   0   0   0   0   0 |     TAG   0   0   0   0   0   0 | Trp TGG   0   0   0   0   0   0
--------------------------------------------------------------------------------------------------------------------------------------
Leu CTT   4   4   4   4   4   4 | Pro CCT   0   0   0   0   0   0 | His CAT   0   0   0   0   0   0 | Arg CGT   0   0   0   0   0   0
    CTC   0   0   0   0   0   0 |     CCC   0   0   0   0   0   0 |     CAC   0   0   0   0   0   0 |     CGC   0   0   0   0   0   0
    CTA   1   1   1   1   1   1 |     CCA   2   2   2   2   2   2 | Gln CAA   0   0   0   0   0   0 |     CGA   0   0   0   0   0   0
    CTG   1   1   1   1   1   1 |     CCG   0   0   0   0   0   0 |     CAG   1   1   1   1   1   1 |     CGG   0   0   0   0   0   0
--------------------------------------------------------------------------------------------------------------------------------------
Ile ATT   4   4   4   4   4   4 | Thr ACT   1   1   1   1   1   1 | Asn AAT   3   3   2   2   2   3 | Ser AGT   1   1   1   1   1   1
    ATC   0   0   0   0   0   0 |     ACC   0   0   0   0   0   0 |     AAC   1   1   2   2   2   1 |     AGC   1   1   1   1   1   1
    ATA   0   0   0   0   0   0 |     ACA   0   0   0   0   0   0 | Lys AAA   0   0   0   0   0   0 | Arg AGA   1   1   1   1   1   1
Met ATG   0   0   0   0   0   0 |     ACG   0   0   0   0   0   0 |     AAG   1   1   1   1   1   1 |     AGG   1   1   1   1   1   1
--------------------------------------------------------------------------------------------------------------------------------------
Val GTT   1   1   1   1   1   1 | Ala GCT   0   0   0   0   0   0 | Asp GAT   3   3   3   3   3   3 | Gly GGT   1   1   1   1   1   1
    GTC   0   0   0   0   0   0 |     GCC   1   1   1   1   1   1 |     GAC   1   1   1   1   1   1 |     GGC   0   0   0   0   0   0
    GTA   0   0   0   0   0   0 |     GCA   0   0   0   0   0   0 | Glu GAA   2   2   2   2   2   2 |     GGA   4   4   4   4   4   4
    GTG   0   0   0   0   0   0 |     GCG   0   0   0   0   0   0 |     GAG   1   1   1   1   1   1 |     GGG   0   0   0   0   0   0
--------------------------------------------------------------------------------------------------------------------------------------

--------------------------------------------------------------------------------------------------------------------------------------
Phe TTT   2   2   3   2   2   2 | Ser TCT   1   1   1   1   1   1 | Tyr TAT   0   0   0   0   0   0 | Cys TGT   0   0   0   0   0   0
    TTC   0   0   0   0   0   0 |     TCC   0   0   0   0   0   0 |     TAC   0   0   0   0   0   0 |     TGC   0   0   0   0   0   0
Leu TTA   0   0   0   0   0   0 |     TCA   2   2   2   1   2   2 | *** TAA   0   0   0   0   0   0 | *** TGA   0   0   0   0   0   0
    TTG   1   1   1   1   1   1 |     TCG   0   0   0   1   0   0 |     TAG   0   0   0   0   0   0 | Trp TGG   0   0   0   0   0   0
--------------------------------------------------------------------------------------------------------------------------------------
Leu CTT   4   4   2   5   4   4 | Pro CCT   0   0   0   0   0   0 | His CAT   0   0   0   0   0   0 | Arg CGT   0   0   0   0   0   0
    CTC   0   0   1   0   0   0 |     CCC   0   0   0   0   0   0 |     CAC   0   0   0   0   0   0 |     CGC   0   0   0   0   0   0
    CTA   1   1   1   1   1   1 |     CCA   2   2   2   2   2   2 | Gln CAA   0   0   0   0   0   0 |     CGA   0   0   0   0   0   0
    CTG   1   1   1   0   1   1 |     CCG   0   0   0   0   0   0 |     CAG   1   1   1   1   1   1 |     CGG   0   0   0   1   0   0
--------------------------------------------------------------------------------------------------------------------------------------
Ile ATT   4   4   4   3   4   4 | Thr ACT   1   1   1   1   1   1 | Asn AAT   3   3   2   3   2   2 | Ser AGT   1   1   1   1   1   1
    ATC   0   0   0   0   0   0 |     ACC   0   0   0   0   0   0 |     AAC   1   1   2   1   2   2 |     AGC   1   1   1   1   1   1
    ATA   0   0   0   0   0   0 |     ACA   0   0   0   0   0   0 | Lys AAA   0   0   0   0   0   0 | Arg AGA   1   1   1   1   1   1
Met ATG   0   0   0   0   0   0 |     ACG   0   0   0   0   0   0 |     AAG   1   1   1   1   1   1 |     AGG   1   1   1   0   1   1
--------------------------------------------------------------------------------------------------------------------------------------
Val GTT   1   1   1   2   1   1 | Ala GCT   0   0   0   0   0   0 | Asp GAT   3   3   3   3   3   3 | Gly GGT   1   1   1   1   1   1
    GTC   0   0   0   0   0   0 |     GCC   1   1   1   1   1   1 |     GAC   1   1   1   1   1   1 |     GGC   0   0   0   0   0   0
    GTA   0   0   0   0   0   0 |     GCA   0   0   0   0   0   0 | Glu GAA   2   2   1   2   2   2 |     GGA   4   4   4   4   4   4
    GTG   0   0   0   0   0   0 |     GCG   0   0   0   0   0   0 |     GAG   1   1   2   1   1   1 |     GGG   0   0   0   0   0   0
--------------------------------------------------------------------------------------------------------------------------------------

Codon position x base (3x4) table for each sequence.

#1: Argali         
position  1:    T:0.13953    C:0.20930    A:0.32558    G:0.32558
position  2:    T:0.32558    C:0.16279    A:0.30233    G:0.20930
position  3:    T:0.48837    C:0.09302    A:0.27907    G:0.13953
Average         T:0.31783    C:0.15504    A:0.30233    G:0.22481

#2: LesserMouseDeer
position  1:    T:0.13953    C:0.20930    A:0.32558    G:0.32558
position  2:    T:0.32558    C:0.16279    A:0.30233    G:0.20930
position  3:    T:0.41860    C:0.16279    A:0.23256    G:0.18605
Average         T:0.29457    C:0.17829    A:0.28682    G:0.24031

#3: LesserKudu     
position  1:    T:0.13953    C:0.20930    A:0.32558    G:0.32558
position  2:    T:0.32558    C:0.16279    A:0.30233    G:0.20930
position  3:    T:0.46512    C:0.11628    A:0.27907    G:0.13953
Average         T:0.31008    C:0.16279    A:0.30233    G:0.22481

#4: ForestMuskDeer2
position  1:    T:0.13953    C:0.23256    A:0.27907    G:0.34884
position  2:    T:0.32558    C:0.16279    A:0.30233    G:0.20930
position  3:    T:0.51163    C:0.09302    A:0.25581    G:0.13953
Average         T:0.32558    C:0.16279    A:0.27907    G:0.23256

#5: Camel          
position  1:    T:0.13953    C:0.20930    A:0.30233    G:0.34884
position  2:    T:0.32558    C:0.16279    A:0.30233    G:0.20930
position  3:    T:0.48837    C:0.09302    A:0.25581    G:0.16279
Average         T:0.31783    C:0.15504    A:0.28682    G:0.24031

#6: KillerWhale    
position  1:    T:0.16279    C:0.18605    A:0.32558    G:0.32558
position  2:    T:0.32558    C:0.16279    A:0.30233    G:0.20930
position  3:    T:0.48837    C:0.09302    A:0.27907    G:0.13953
Average         T:0.32558    C:0.14729    A:0.30233    G:0.22481

#7: DefassaWaterbuck
position  1:    T:0.13953    C:0.20930    A:0.32558    G:0.32558
position  2:    T:0.32558    C:0.16279    A:0.30233    G:0.20930
position  3:    T:0.46512    C:0.11628    A:0.30233    G:0.11628
Average         T:0.31008    C:0.16279    A:0.31008    G:0.21705

#8: Sheep          
position  1:    T:0.13953    C:0.20930    A:0.32558    G:0.32558
position  2:    T:0.32558    C:0.16279    A:0.30233    G:0.20930
position  3:    T:0.48837    C:0.09302    A:0.27907    G:0.13953
Average         T:0.31783    C:0.15504    A:0.30233    G:0.22481

#9: MaxwellsDuiker 
position  1:    T:0.13953    C:0.20930    A:0.32558    G:0.32558
position  2:    T:0.32558    C:0.16279    A:0.30233    G:0.20930
position  3:    T:0.46512    C:0.13953    A:0.27907    G:0.11628
Average         T:0.31008    C:0.17054    A:0.30233    G:0.21705

#10: GazellaPrzewalskyi
position  1:    T:0.13953    C:0.20930    A:0.32558    G:0.32558
position  2:    T:0.32558    C:0.16279    A:0.30233    G:0.20930
position  3:    T:0.46512    C:0.13953    A:0.25581    G:0.13953
Average         T:0.31008    C:0.17054    A:0.29457    G:0.22481

#11: MountainNyala  
position  1:    T:0.13953    C:0.20930    A:0.32558    G:0.32558
position  2:    T:0.32558    C:0.16279    A:0.30233    G:0.20930
position  3:    T:0.46512    C:0.11628    A:0.27907    G:0.13953
Average         T:0.31008    C:0.16279    A:0.30233    G:0.22481

#12: MuntiacusMuntjak
position  1:    T:0.13953    C:0.20930    A:0.32558    G:0.32558
position  2:    T:0.32558    C:0.16279    A:0.30233    G:0.20930
position  3:    T:0.46512    C:0.11628    A:0.27907    G:0.13953
Average         T:0.31008    C:0.16279    A:0.30233    G:0.22481

#13: goat           
position  1:    T:0.13953    C:0.20930    A:0.32558    G:0.32558
position  2:    T:0.32558    C:0.16279    A:0.30233    G:0.20930
position  3:    T:0.48837    C:0.09302    A:0.27907    G:0.13953
Average         T:0.31783    C:0.15504    A:0.30233    G:0.22481

#14: AfricanBuffalo 
position  1:    T:0.13953    C:0.20930    A:0.32558    G:0.32558
position  2:    T:0.32558    C:0.16279    A:0.30233    G:0.20930
position  3:    T:0.46512    C:0.11628    A:0.27907    G:0.13953
Average         T:0.31008    C:0.16279    A:0.30233    G:0.22481

#15: Topi           
position  1:    T:0.13953    C:0.20930    A:0.32558    G:0.32558
position  2:    T:0.32558    C:0.16279    A:0.30233    G:0.20930
position  3:    T:0.48837    C:0.09302    A:0.27907    G:0.13953
Average         T:0.31783    C:0.15504    A:0.30233    G:0.22481

#16: CommonDuiker   
position  1:    T:0.13953    C:0.20930    A:0.32558    G:0.32558
position  2:    T:0.32558    C:0.16279    A:0.30233    G:0.20930
position  3:    T:0.46512    C:0.11628    A:0.27907    G:0.13953
Average         T:0.31008    C:0.16279    A:0.30233    G:0.22481

#17: Suni           
position  1:    T:0.13953    C:0.20930    A:0.32558    G:0.32558
position  2:    T:0.32558    C:0.16279    A:0.30233    G:0.20930
position  3:    T:0.46512    C:0.11628    A:0.27907    G:0.13953
Average         T:0.31008    C:0.16279    A:0.30233    G:0.22481

#18: Springbuck     
position  1:    T:0.13953    C:0.20930    A:0.32558    G:0.32558
position  2:    T:0.32558    C:0.16279    A:0.30233    G:0.20930
position  3:    T:0.48837    C:0.09302    A:0.27907    G:0.13953
Average         T:0.31783    C:0.15504    A:0.30233    G:0.22481

#19: Okapi          
position  1:    T:0.13953    C:0.20930    A:0.32558    G:0.32558
position  2:    T:0.32558    C:0.16279    A:0.30233    G:0.20930
position  3:    T:0.46512    C:0.11628    A:0.27907    G:0.13953
Average         T:0.31008    C:0.16279    A:0.30233    G:0.22481

#20: Giraffe        
position  1:    T:0.13953    C:0.20930    A:0.32558    G:0.32558
position  2:    T:0.32558    C:0.16279    A:0.30233    G:0.20930
position  3:    T:0.46512    C:0.11628    A:0.27907    G:0.13953
Average         T:0.31008    C:0.16279    A:0.30233    G:0.22481

#21: TibetanAntelope
position  1:    T:0.13953    C:0.20930    A:0.32558    G:0.32558
position  2:    T:0.32558    C:0.16279    A:0.30233    G:0.20930
position  3:    T:0.48837    C:0.09302    A:0.27907    G:0.13953
Average         T:0.31783    C:0.15504    A:0.30233    G:0.22481

#22: Sitatunga      
position  1:    T:0.13953    C:0.20930    A:0.32558    G:0.32558
position  2:    T:0.32558    C:0.16279    A:0.30233    G:0.20930
position  3:    T:0.46512    C:0.11628    A:0.27907    G:0.13953
Average         T:0.31008    C:0.16279    A:0.30233    G:0.22481

#23: Oribi          
position  1:    T:0.13953    C:0.20930    A:0.32558    G:0.32558
position  2:    T:0.32558    C:0.16279    A:0.30233    G:0.20930
position  3:    T:0.48837    C:0.09302    A:0.27907    G:0.13953
Average         T:0.31783    C:0.15504    A:0.30233    G:0.22481

#24: BarbarySheep   
position  1:    T:0.13953    C:0.20930    A:0.32558    G:0.32558
position  2:    T:0.32558    C:0.16279    A:0.30233    G:0.20930
position  3:    T:0.48837    C:0.09302    A:0.27907    G:0.13953
Average         T:0.31783    C:0.15504    A:0.30233    G:0.22481

#25: Daviddeer      
position  1:    T:0.13953    C:0.20930    A:0.32558    G:0.32558
position  2:    T:0.32558    C:0.16279    A:0.30233    G:0.20930
position  3:    T:0.48837    C:0.09302    A:0.27907    G:0.13953
Average         T:0.31783    C:0.15504    A:0.30233    G:0.22481

#26: Reindeer       
position  1:    T:0.13953    C:0.20930    A:0.32558    G:0.32558
position  2:    T:0.32558    C:0.16279    A:0.30233    G:0.20930
position  3:    T:0.46512    C:0.11628    A:0.27907    G:0.13953
Average         T:0.31008    C:0.16279    A:0.30233    G:0.22481

#27: Ibex           
position  1:    T:0.13953    C:0.20930    A:0.32558    G:0.32558
position  2:    T:0.32558    C:0.16279    A:0.30233    G:0.20930
position  3:    T:0.48837    C:0.09302    A:0.27907    G:0.13953
Average         T:0.31783    C:0.15504    A:0.30233    G:0.22481

#28: GyrantGazelle  
position  1:    T:0.13953    C:0.20930    A:0.32558    G:0.32558
position  2:    T:0.32558    C:0.16279    A:0.30233    G:0.20930
position  3:    T:0.48837    C:0.09302    A:0.27907    G:0.13953
Average         T:0.31783    C:0.15504    A:0.30233    G:0.22481

#29: Hartebeest     
position  1:    T:0.13953    C:0.20930    A:0.32558    G:0.32558
position  2:    T:0.32558    C:0.16279    A:0.30233    G:0.20930
position  3:    T:0.48837    C:0.09302    A:0.27907    G:0.13953
Average         T:0.31783    C:0.15504    A:0.30233    G:0.22481

#30: Bongo          
position  1:    T:0.13953    C:0.20930    A:0.32558    G:0.32558
position  2:    T:0.32558    C:0.16279    A:0.30233    G:0.20930
position  3:    T:0.46512    C:0.11628    A:0.27907    G:0.13953
Average         T:0.31008    C:0.16279    A:0.30233    G:0.22481

#31: Gerenuk        
position  1:    T:0.13953    C:0.20930    A:0.32558    G:0.32558
position  2:    T:0.32558    C:0.16279    A:0.30233    G:0.20930
position  3:    T:0.48837    C:0.09302    A:0.27907    G:0.13953
Average         T:0.31783    C:0.15504    A:0.30233    G:0.22481

#32: CommonEland    
position  1:    T:0.13953    C:0.20930    A:0.32558    G:0.32558
position  2:    T:0.32558    C:0.16279    A:0.30233    G:0.20930
position  3:    T:0.46512    C:0.11628    A:0.27907    G:0.13953
Average         T:0.31008    C:0.16279    A:0.30233    G:0.22481

#33: MuntiacusReevesi
position  1:    T:0.13953    C:0.20930    A:0.32558    G:0.32558
position  2:    T:0.32558    C:0.16279    A:0.30233    G:0.20930
position  3:    T:0.46512    C:0.11628    A:0.27907    G:0.13953
Average         T:0.31008    C:0.16279    A:0.30233    G:0.22481

#34: HarveysDuiker  
position  1:    T:0.13953    C:0.20930    A:0.32558    G:0.32558
position  2:    T:0.32558    C:0.16279    A:0.30233    G:0.20930
position  3:    T:0.46512    C:0.11628    A:0.27907    G:0.13953
Average         T:0.31008    C:0.16279    A:0.30233    G:0.22481

#35: Pronghorn      
position  1:    T:0.13953    C:0.20930    A:0.32558    G:0.32558
position  2:    T:0.32558    C:0.16279    A:0.30233    G:0.20930
position  3:    T:0.48837    C:0.11628    A:0.25581    G:0.13953
Average         T:0.31783    C:0.16279    A:0.29457    G:0.22481

#36: BlueWildebeest 
position  1:    T:0.13953    C:0.20930    A:0.32558    G:0.32558
position  2:    T:0.32558    C:0.16279    A:0.30233    G:0.20930
position  3:    T:0.48837    C:0.09302    A:0.27907    G:0.13953
Average         T:0.31783    C:0.15504    A:0.30233    G:0.22481

#37: Gemsbok        
position  1:    T:0.13953    C:0.20930    A:0.32558    G:0.32558
position  2:    T:0.32558    C:0.16279    A:0.30233    G:0.20930
position  3:    T:0.51163    C:0.06977    A:0.27907    G:0.13953
Average         T:0.32558    C:0.14729    A:0.30233    G:0.22481

#38: Yak            
position  1:    T:0.13953    C:0.20930    A:0.32558    G:0.32558
position  2:    T:0.32558    C:0.16279    A:0.30233    G:0.20930
position  3:    T:0.46512    C:0.11628    A:0.27907    G:0.13953
Average         T:0.31008    C:0.16279    A:0.30233    G:0.22481

#39: BlueSheep      
position  1:    T:0.13953    C:0.20930    A:0.32558    G:0.32558
position  2:    T:0.32558    C:0.16279    A:0.30233    G:0.20930
position  3:    T:0.48837    C:0.09302    A:0.27907    G:0.13953
Average         T:0.31783    C:0.15504    A:0.30233    G:0.22481

#40: BohorReedbuck  
position  1:    T:0.13953    C:0.20930    A:0.32558    G:0.32558
position  2:    T:0.32558    C:0.16279    A:0.30233    G:0.20930
position  3:    T:0.46512    C:0.11628    A:0.30233    G:0.11628
Average         T:0.31008    C:0.16279    A:0.31008    G:0.21705

#41: KirksDik       
position  1:    T:0.13953    C:0.20930    A:0.32558    G:0.32558
position  2:    T:0.32558    C:0.16279    A:0.30233    G:0.20930
position  3:    T:0.46512    C:0.11628    A:0.27907    G:0.13953
Average         T:0.31008    C:0.16279    A:0.30233    G:0.22481

#42: RoeDeer        
position  1:    T:0.13953    C:0.20930    A:0.32558    G:0.32558
position  2:    T:0.32558    C:0.16279    A:0.30233    G:0.20930
position  3:    T:0.46512    C:0.13953    A:0.25581    G:0.13953
Average         T:0.31008    C:0.17054    A:0.29457    G:0.22481

#43: WhiteLippedDeer
position  1:    T:0.13953    C:0.20930    A:0.32558    G:0.32558
position  2:    T:0.32558    C:0.16279    A:0.30233    G:0.20930
position  3:    T:0.48837    C:0.09302    A:0.27907    G:0.13953
Average         T:0.31783    C:0.15504    A:0.30233    G:0.22481

#44: ThomsonGazelle 
position  1:    T:0.13953    C:0.20930    A:0.32558    G:0.32558
position  2:    T:0.32558    C:0.16279    A:0.30233    G:0.20930
position  3:    T:0.48837    C:0.09302    A:0.27907    G:0.13953
Average         T:0.31783    C:0.15504    A:0.30233    G:0.22481

#45: MuntiacusCrinifrons
position  1:    T:0.13953    C:0.20930    A:0.32558    G:0.32558
position  2:    T:0.32558    C:0.16279    A:0.30233    G:0.20930
position  3:    T:0.46512    C:0.11628    A:0.27907    G:0.13953
Average         T:0.31008    C:0.16279    A:0.30233    G:0.22481

#46: WhiteTailedDeer
position  1:    T:0.13953    C:0.20930    A:0.32558    G:0.32558
position  2:    T:0.32558    C:0.16279    A:0.30233    G:0.20930
position  3:    T:0.46512    C:0.11628    A:0.27907    G:0.13953
Average         T:0.31008    C:0.16279    A:0.30233    G:0.22481

#47: Cattle         
position  1:    T:0.13953    C:0.20930    A:0.32558    G:0.32558
position  2:    T:0.32558    C:0.16279    A:0.30233    G:0.20930
position  3:    T:0.46512    C:0.11628    A:0.27907    G:0.13953
Average         T:0.31008    C:0.16279    A:0.30233    G:0.22481

#48: RoyalAntelope  
position  1:    T:0.13953    C:0.20930    A:0.32558    G:0.32558
position  2:    T:0.32558    C:0.16279    A:0.30233    G:0.20930
position  3:    T:0.48837    C:0.09302    A:0.27907    G:0.13953
Average         T:0.31783    C:0.15504    A:0.30233    G:0.22481

#49: Steenbok       
position  1:    T:0.13953    C:0.20930    A:0.32558    G:0.32558
position  2:    T:0.32558    C:0.16279    A:0.30233    G:0.20930
position  3:    T:0.48837    C:0.09302    A:0.27907    G:0.13953
Average         T:0.31783    C:0.15504    A:0.30233    G:0.22481

#50: Impala         
position  1:    T:0.13953    C:0.20930    A:0.32558    G:0.32558
position  2:    T:0.32558    C:0.16279    A:0.30233    G:0.20930
position  3:    T:0.48837    C:0.09302    A:0.27907    G:0.13953
Average         T:0.31783    C:0.15504    A:0.30233    G:0.22481

#51: Klipspringer   
position  1:    T:0.16279    C:0.18605    A:0.32558    G:0.32558
position  2:    T:0.32558    C:0.16279    A:0.30233    G:0.20930
