CODONML (in paml version 4.10.7, June 2023)  /home/rachel/ruminants_paml/6406-phy-tree/ENSBTAT00000001000.fasta.phy
Model: free dN/dS Ratios for branches,  kappa = 2.000 fixed

Codon frequency model: F3x4
ns =  54  ls =  41

Codon usage in sequences
--------------------------------------------------------------------------------------------------------------------------------------
Phe TTT   0   0   0   0   0   1 | Ser TCT   0   0   0   0   0   0 | Tyr TAT   0   0   0   0   0   0 | Cys TGT   0   0   0   0   0   0
    TTC   1   1   1   1   1   0 |     TCC   1   1   1   1   1   1 |     TAC   0   0   0   0   0   0 |     TGC   1   1   1   1   1   1
Leu TTA   0   0   0   0   0   0 |     TCA   0   0   0   0   0   0 | *** TAA   0   0   0   0   0   0 | *** TGA   0   0   0   0   0   0
    TTG   1   0   1   1   1   1 |     TCG   0   0   0   0   0   0 |     TAG   0   0   0   0   0   0 | Trp TGG   0   0   0   0   0   0
--------------------------------------------------------------------------------------------------------------------------------------
Leu CTT   1   1   1   1   1   1 | Pro CCT   1   0   1   1   0   1 | His CAT   0   0   0   0   0   0 | Arg CGT   0   0   0   0   0   0
    CTC   0   0   0   0   0   0 |     CCC   2   3   2   2   2   1 |     CAC   0   0   0   0   0   0 |     CGC   0   0   0   0   0   0
    CTA   1   0   1   1   0   1 |     CCA   1   1   1   1   2   1 | Gln CAA   0   0   0   0   0   0 |     CGA   0   1   0   0   0   0
    CTG   2   4   2   2   3   2 |     CCG   0   0   0   0   0   1 |     CAG   5   5   5   5   5   5 |     CGG   1   1   1   1   1   1
--------------------------------------------------------------------------------------------------------------------------------------
Ile ATT   0   1   0   0   1   0 | Thr ACT   0   0   0   0   0   0 | Asn AAT   2   0   2   1   2   1 | Ser AGT   0   0   0   0   0   0
    ATC   2   1   2   2   2   2 |     ACC   1   0   1   1   0   0 |     AAC   1   2   1   2   1   2 |     AGC   1   2   1   1   1   1
    ATA   0   0   0   0   0   0 |     ACA   0   0   0   0   0   0 | Lys AAA   0   0   0   0   0   0 | Arg AGA   2   1   2   2   2   2
Met ATG   0   0   0   0   0   0 |     ACG   0   1   0   0   1   1 |     AAG   2   2   2   2   2   2 |     AGG   0   0   0   0   0   0
--------------------------------------------------------------------------------------------------------------------------------------
Val GTT   1   0   1   1   0   0 | Ala GCT   0   0   0   0   0   0 | Asp GAT   0   0   0   0   0   0 | Gly GGT   0   0   0   0   0   0
    GTC   2   3   2   2   2   3 |     GCC   2   2   2   2   2   2 |     GAC   0   0   0   0   0   0 |     GGC   0   0   0   0   0   0
    GTA   0   0   0   0   0   0 |     GCA   0   0   0   0   0   0 | Glu GAA   1   1   1   1   1   1 |     GGA   0   0   0   0   0   0
    GTG   2   2   2   2   2   2 |     GCG   0   0   0   0   0   0 |     GAG   3   3   3   3   3   3 |     GGG   1   1   1   1   1   1
--------------------------------------------------------------------------------------------------------------------------------------

--------------------------------------------------------------------------------------------------------------------------------------
Phe TTT   0   0   0   0   0   0 | Ser TCT   0   0   0   0   0   0 | Tyr TAT   0   0   0   0   0   0 | Cys TGT   0   0   0   0   0   0
    TTC   1   1   1   1   1   1 |     TCC   1   1   1   1   1   1 |     TAC   0   0   0   0   0   0 |     TGC   1   1   1   1   1   1
Leu TTA   0   0   0   0   0   0 |     TCA   0   0   0   0   0   0 | *** TAA   0   0   0   0   0   0 | *** TGA   0   0   0   0   0   0
    TTG   1   1   1   1   1   1 |     TCG   0   0   0   0   0   0 |     TAG   0   0   0   0   0   0 | Trp TGG   0   0   0   0   0   0
--------------------------------------------------------------------------------------------------------------------------------------
Leu CTT   1   1   1   1   1   1 | Pro CCT   1   1   1   1   1   1 | His CAT   0   0   0   0   0   0 | Arg CGT   0   0   0   0   0   0
    CTC   0   0   0   0   0   0 |     CCC   2   2   2   2   2   2 |     CAC   0   0   0   0   0   0 |     CGC   0   0   0   0   0   0
    CTA   1   1   1   1   1   1 |     CCA   1   1   1   1   1   1 | Gln CAA   0   0   0   0   0   0 |     CGA   0   0   0   0   0   0
    CTG   2   2   2   2   2   2 |     CCG   0   0   0   0   0   0 |     CAG   5   5   5   5   5   5 |     CGG   1   1   1   1   1   1
--------------------------------------------------------------------------------------------------------------------------------------
Ile ATT   0   0   0   0   0   0 | Thr ACT   0   0   0   0   0   0 | Asn AAT   1   2   1   1   2   2 | Ser AGT   0   0   0   0   0   1
    ATC   2   2   2   2   2   2 |     ACC   1   1   1   1   1   1 |     AAC   2   1   2   2   1   1 |     AGC   1   1   1   1   1   0
    ATA   0   0   0   0   0   0 |     ACA   0   0   0   0   0   0 | Lys AAA   0   0   0   0   0   0 | Arg AGA   2   2   2   2   2   2
Met ATG   0   0   0   0   0   0 |     ACG   0   0   0   0   0   0 |     AAG   2   2   2   2   2   2 |     AGG   0   0   0   0   0   0
--------------------------------------------------------------------------------------------------------------------------------------
Val GTT   1   1   1   1   1   1 | Ala GCT   0   0   0   0   0   0 | Asp GAT   0   0   0   0   0   0 | Gly GGT   0   0   0   0   0   0
    GTC   2   2   2   2   2   3 |     GCC   2   2   2   2   2   2 |     GAC   0   0   0   0   0   0 |     GGC   0   0   0   0   0   0
    GTA   0   0   0   0   0   0 |     GCA   0   0   0   0   0   0 | Glu GAA   1   1   1   1   1   1 |     GGA   0   0   0   0   0   0
    GTG   2   2   2   2   2   1 |     GCG   0   0   0   0   0   0 |     GAG   3   3   3   3   3   3 |     GGG   1   1   1   1   1   1
--------------------------------------------------------------------------------------------------------------------------------------

--------------------------------------------------------------------------------------------------------------------------------------
Phe TTT   0   0   0   0   0   0 | Ser TCT   0   0   0   0   0   0 | Tyr TAT   0   0   0   0   0   0 | Cys TGT   0   0   0   0   0   0
    TTC   1   1   1   1   1   1 |     TCC   1   1   1   1   1   1 |     TAC   0   0   0   0   0   0 |     TGC   1   1   1   1   1   1
Leu TTA   0   0   0   0   0   0 |     TCA   0   0   0   0   0   0 | *** TAA   0   0   0   0   0   0 | *** TGA   0   0   0   0   0   0
    TTG   1   1   1   1   1   1 |     TCG   0   0   0   0   0   0 |     TAG   0   0   0   0   0   0 | Trp TGG   0   0   0   0   0   0
--------------------------------------------------------------------------------------------------------------------------------------
Leu CTT   1   1   1   1   1   1 | Pro CCT   1   1   1   1   1   1 | His CAT   0   0   0   0   0   0 | Arg CGT   0   0   0   0   0   0
    CTC   0   0   0   0   0   0 |     CCC   2   2   2   2   2   1 |     CAC   0   0   0   0   0   0 |     CGC   0   0   0   0   0   0
    CTA   1   1   1   1   1   1 |     CCA   1   1   1   1   1   1 | Gln CAA   0   0   0   0   1   0 |     CGA   0   0   0   0   0   0
    CTG   2   2   2   2   2   2 |     CCG   0   0   0   0   0   1 |     CAG   5   5   5   5   4   5 |     CGG   1   1   1   1   1   1
--------------------------------------------------------------------------------------------------------------------------------------
Ile ATT   0   0   0   0   0   0 | Thr ACT   0   0   0   0   0   0 | Asn AAT   1   1   1   1   1   1 | Ser AGT   0   0   0   0   0   0
    ATC   2   2   2   2   2   2 |     ACC   1   1   1   1   1   1 |     AAC   2   2   2   2   2   2 |     AGC   1   1   1   1   1   1
    ATA   0   0   0   0   0   0 |     ACA   0   0   0   0   0   0 | Lys AAA   0   0   0   0   1   0 | Arg AGA   2   2   1   2   2   2
Met ATG   0   0   0   0   0   0 |     ACG   0   0   0   0   0   0 |     AAG   2   2   2   2   1   2 |     AGG   0   0   1   0   0   0
--------------------------------------------------------------------------------------------------------------------------------------
Val GTT   1   1   1   1   1   1 | Ala GCT   0   0   0   0   0   0 | Asp GAT   0   0   0   0   0   0 | Gly GGT   0   0   0   0   0   0
    GTC   2   2   2   2   2   2 |     GCC   2   2   2   2   2   2 |     GAC   0   0   0   0   0   0 |     GGC   0   0   0   0   0   0
    GTA   0   0   0   0   0   0 |     GCA   0   0   0   0   0   0 | Glu GAA   1   1   1   1   1   1 |     GGA   0   0   0   0   0   0
    GTG   2   2   2   2   2   2 |     GCG   0   0   0   0   0   0 |     GAG   3   3   3   3   3   3 |     GGG   1   1   1   1   1   1
--------------------------------------------------------------------------------------------------------------------------------------

--------------------------------------------------------------------------------------------------------------------------------------
Phe TTT   0   0   0   0   0   0 | Ser TCT   0   0   0   0   0   0 | Tyr TAT   0   0   0   0   0   0 | Cys TGT   0   0   0   0   0   0
    TTC   1   1   1   1   1   1 |     TCC   1   1   1   1   1   1 |     TAC   0   0   0   0   0   0 |     TGC   1   1   1   1   1   1
Leu TTA   0   0   0   0   0   0 |     TCA   0   0   0   0   0   0 | *** TAA   0   0   0   0   0   0 | *** TGA   0   0   0   0   0   0
    TTG   1   1   1   1   1   1 |     TCG   0   0   0   0   0   0 |     TAG   0   0   0   0   0   0 | Trp TGG   0   0   0   0   0   0
--------------------------------------------------------------------------------------------------------------------------------------
Leu CTT   1   1   1   1   1   1 | Pro CCT   1   1   1   1   1   1 | His CAT   0   0   0   0   0   0 | Arg CGT   0   0   0   0   0   0
    CTC   0   0   0   0   0   0 |     CCC   2   2   2   2   2   2 |     CAC   0   0   0   0   0   0 |     CGC   0   0   0   0   0   0
    CTA   1   1   1   1   1   1 |     CCA   1   1   1   1   1   1 | Gln CAA   0   0   0   0   0   0 |     CGA   0   0   0   0   0   0
    CTG   2   2   2   2   2   2 |     CCG   0   0   0   0   0   0 |     CAG   5   5   5   5   5   5 |     CGG   1   1   1   1   1   1
--------------------------------------------------------------------------------------------------------------------------------------
Ile ATT   0   0   0   0   0   0 | Thr ACT   0   0   0   0   0   0 | Asn AAT   2   2   1   2   2   1 | Ser AGT   0   0   0   0   0   0
    ATC   2   2   2   2   2   2 |     ACC   2   1   1   1   1   1 |     AAC   1   1   2   1   1   2 |     AGC   1   1   1   1   1   1
    ATA   0   0   0   0   0   0 |     ACA   0   0   0   0   0   0 | Lys AAA   0   0   0   0   0   0 | Arg AGA   2   2   2   2   2   2
Met ATG   0   0   0   0   0   0 |     ACG   0   0   0   0   0   0 |     AAG   2   2   2   2   2   2 |     AGG   0   0   0   0   0   0
--------------------------------------------------------------------------------------------------------------------------------------
Val GTT   1   1   1   1   1   1 | Ala GCT   0   0   0   0   0   0 | Asp GAT   0   0   0   0   0   0 | Gly GGT   1   0   0   0   0   0
    GTC   2   2   2   2   2   2 |     GCC   1   2   2   2   2   2 |     GAC   0   0   0   0   0   0 |     GGC   0   0   0   0   0   0
    GTA   0   0   0   0   0   0 |     GCA   0   0   0   0   0   0 | Glu GAA   1   1   1   1   1   1 |     GGA   0   0   0   0   0   0
    GTG   2   2   2   2   2   2 |     GCG   0   0   0   0   0   0 |     GAG   3   3   3   3   3   3 |     GGG   0   1   1   1   1   1
--------------------------------------------------------------------------------------------------------------------------------------

--------------------------------------------------------------------------------------------------------------------------------------
Phe TTT   0   0   0   0   0   0 | Ser TCT   0   0   0   0   0   0 | Tyr TAT   0   0   0   0   0   0 | Cys TGT   0   0   0   0   0   0
    TTC   1   1   1   1   1   1 |     TCC   1   1   1   1   1   1 |     TAC   0   0   0   0   0   0 |     TGC   1   1   1   1   1   1
Leu TTA   0   0   0   0   0   0 |     TCA   0   0   0   0   0   0 | *** TAA   0   0   0   0   0   0 | *** TGA   0   0   0   0   0   0
    TTG   1   1   1   1   1   1 |     TCG   0   0   0   0   0   0 |     TAG   0   0   0   0   0   0 | Trp TGG   0   0   0   0   0   0
--------------------------------------------------------------------------------------------------------------------------------------
Leu CTT   1   1   1   1   1   1 | Pro CCT   0   1   1   1   1   1 | His CAT   0   0   0   0   0   0 | Arg CGT   0   0   0   0   0   0
    CTC   1   0   0   0   0   0 |     CCC   2   2   2   1   2   2 |     CAC   0   0   0   0   0   0 |     CGC   0   0   0   0   0   0
    CTA   1   1   1   1   1   1 |     CCA   1   1   1   1   1   1 | Gln CAA   0   0   0   0   0   0 |     CGA   0   0   0   0   0   0
    CTG   1   2   2   2   2   2 |     CCG   1   0   0   1   0   0 |     CAG   5   5   5   5   5   5 |     CGG   1   1   1   1   1   1
--------------------------------------------------------------------------------------------------------------------------------------
Ile ATT   0   0   0   0   0   0 | Thr ACT   0   0   0   0   0   0 | Asn AAT   2   1   1   1   1   2 | Ser AGT   1   1   0   0   0   0
    ATC   2   2   2   2   2   2 |     ACC   1   1   1   1   1   1 |     AAC   1   2   2   2   2   1 |     AGC   0   0   1   1   1   1
    ATA   0   0   0   0   0   0 |     ACA   0   0   0   0   0   0 | Lys AAA   0   0   0   0   0   0 | Arg AGA   2   2   2   2   1   2
Met ATG   0   0   0   0   0   0 |     ACG   0   0   0   0   0   0 |     AAG   2   2   2   2   2   2 |     AGG   0   0   0   0   1   0
--------------------------------------------------------------------------------------------------------------------------------------
Val GTT   1   2   1   1   1   1 | Ala GCT   0   0   0   0   0   0 | Asp GAT   0   0   0   0   0   0 | Gly GGT   0   0   0   0   0   0
    GTC   2   2   2   2   2   2 |     GCC   2   2   2   2   2   2 |     GAC   0   0   0   0   0   0 |     GGC   0   0   0   0   0   0
    GTA   0   0   0   0   0   0 |     GCA   0   0   0   0   0   0 | Glu GAA   1   1   1   1   1   1 |     GGA   0   0   0   0   0   0
    GTG   2   1   2   2   2   2 |     GCG   0   0   0   0   0   0 |     GAG   3   3   3   3   3   3 |     GGG   1   1   1   1   1   1
--------------------------------------------------------------------------------------------------------------------------------------

--------------------------------------------------------------------------------------------------------------------------------------
Phe TTT   0   0   0   0   0   0 | Ser TCT   0   0   0   0   0   0 | Tyr TAT   0   0   0   0   0   0 | Cys TGT   0   0   0   0   0   0
    TTC   1   1   1   1   1   1 |     TCC   1   1   1   1   1   1 |     TAC   0   0   0   0   0   0 |     TGC   1   1   1   1   1   1
Leu TTA   0   0   0   0   0   0 |     TCA   0   0   0   0   0   0 | *** TAA   0   0   0   0   0   0 | *** TGA   0   0   0   0   0   0
    TTG   1   1   1   1   1   1 |     TCG   0   0   0   0   0   0 |     TAG   0   0   0   0   0   0 | Trp TGG   0   0   0   0   0   0
--------------------------------------------------------------------------------------------------------------------------------------
Leu CTT   1   1   1   1   1   1 | Pro CCT   1   1   1   1   1   1 | His CAT   0   0   0   0   0   0 | Arg CGT   0   0   0   0   0   0
    CTC   0   0   0   0   0   0 |     CCC   1   2   2   2   2   2 |     CAC   0   0   0   0   0   0 |     CGC   0   0   0   0   0   0
    CTA   1   1   1   1   1   1 |     CCA   1   1   1   1   1   1 | Gln CAA   0   0   0   0   0   0 |     CGA   0   0   0   0   0   0
    CTG   2   2   2   2   2   2 |     CCG   1   0   0   0   0   0 |     CAG   5   5   5   5   5   5 |     CGG   1   1   1   1   1   1
--------------------------------------------------------------------------------------------------------------------------------------
Ile ATT   0   0   0   0   0   0 | Thr ACT   0   0   0   0   0   0 | Asn AAT   1   2   2   1   2   1 | Ser AGT   0   0   1   0   0   0
    ATC   2   2   2   2   2   2 |     ACC   1   1   1   1   1   1 |     AAC   2   1   1   2   1   2 |     AGC   1   1   0   1   1   1
    ATA   0   0   0   0   0   0 |     ACA   0   0   0   0   0   0 | Lys AAA   0   0   0   0   0   0 | Arg AGA   2   2   2   2   2   1
Met ATG   0   0   0   0   0   0 |     ACG   0   0   0   0   0   0 |     AAG   2   2   2   2   2   2 |     AGG   0   0   0   0   0   1
--------------------------------------------------------------------------------------------------------------------------------------
Val GTT   1   1   1   1   1   1 | Ala GCT   0   0   0   0   0   0 | Asp GAT   0   0   0   0   0   0 | Gly GGT   0   0   0   0   0   0
    GTC   2   2   3   2   2   2 |     GCC   2   2   2   2   2   2 |     GAC   0   0   0   0   0   0 |     GGC   0   0   0   0   0   0
    GTA   0   0   0   0   0   0 |     GCA   0   0   0   0   0   0 | Glu GAA   1   1   1   1   1   1 |     GGA   0   0   0   0   0   0
    GTG   2   2   1   2   2   2 |     GCG   0   0   0   0   0   0 |     GAG   3   3   3   3   3   3 |     GGG   1   1   1   1   1   1
--------------------------------------------------------------------------------------------------------------------------------------

--------------------------------------------------------------------------------------------------------------------------------------
Phe TTT   0   0   0   0   0   0 | Ser TCT   0   0   0   0   0   0 | Tyr TAT   0   0   0   0   0   0 | Cys TGT   0   0   0   0   0   0
    TTC   1   1   1   1   1   1 |     TCC   1   1   1   1   1   1 |     TAC   0   0   0   0   0   0 |     TGC   1   1   1   1   1   1
Leu TTA   0   0   0   0   0   0 |     TCA   0   0   0   0   0   0 | *** TAA   0   0   0   0   0   0 | *** TGA   0   0   0   0   0   0
    TTG   1   1   1   1   1   1 |     TCG   0   0   0   0   0   0 |     TAG   0   0   0   0   0   0 | Trp TGG   0   0   0   0   0   0
--------------------------------------------------------------------------------------------------------------------------------------
Leu CTT   1   1   1   1   1   1 | Pro CCT   1   1   1   1   1   1 | His CAT   0   0   0   0   0   0 | Arg CGT   0   0   0   0   0   0
    CTC   0   0   0   0   0   0 |     CCC   2   2   2   2   2   2 |     CAC   0   0   0   0   0   0 |     CGC   0   0   0   0   0   0
    CTA   1   1   1   1   1   1 |     CCA   1   1   1   1   1   1 | Gln CAA   0   0   0   0   0   0 |     CGA   0   0   0   0   0   0
    CTG   2   2   2   2   2   2 |     CCG   0   0   0   0   0   0 |     CAG   5   5   5   5   5   5 |     CGG   1   1   1   1   1   1
--------------------------------------------------------------------------------------------------------------------------------------
Ile ATT   0   0   0   0   0   0 | Thr ACT   0   0   0   0   0   0 | Asn AAT   1   1   1   1   1   1 | Ser AGT   0   0   0   0   0   1
    ATC   2   2   2   3   2   2 |     ACC   1   1   1   1   1   1 |     AAC   2   2   2   2   2   2 |     AGC   1   1   1   1   1   0
    ATA   0   0   0   0   0   0 |     ACA   0   0   0   0   0   0 | Lys AAA   0   0   0   0   0   0 | Arg AGA   2   2   2   1   2   2
Met ATG   0   0   0   0   0   0 |     ACG   0   0   0   0   0   0 |     AAG   2   2   2   2   2   2 |     AGG   0   0   0   1   0   0
--------------------------------------------------------------------------------------------------------------------------------------
Val GTT   1   1   1   1   1   1 | Ala GCT   0   0   0   0   0   0 | Asp GAT   0   0   0   0   0   0 | Gly GGT   0   0   0   0   0   0
    GTC   2   2   2   1   2   2 |     GCC   2   2   2   2   2   2 |     GAC   0   0   0   0   0   0 |     GGC   0   0   0   0   0   0
    GTA   0   0   0   0   0   0 |     GCA   0   0   0   0   0   0 | Glu GAA   1   1   1   1   1   1 |     GGA   0   0   0   0   0   0
    GTG   2   2   2   2   2   2 |     GCG   0   0   0   0   0   0 |     GAG   3   3   3   3   3   3 |     GGG   1   1   1   1   1   1
--------------------------------------------------------------------------------------------------------------------------------------

--------------------------------------------------------------------------------------------------------------------------------------
Phe TTT   0   0   0   0   0   0 | Ser TCT   0   0   0   0   0   0 | Tyr TAT   0   0   0   0   0   0 | Cys TGT   0   0   0   0   0   0
    TTC   1   1   1   1   1   1 |     TCC   1   1   1   1   1   1 |     TAC   0   0   0   0   0   0 |     TGC   1   1   1   1   1   1
Leu TTA   0   0   0   0   0   0 |     TCA   0   0   0   0   0   0 | *** TAA   0   0   0   0   0   0 | *** TGA   0   0   0   0   0   0
    TTG   1   1   1   1   1   1 |     TCG   0   0   0   0   0   0 |     TAG   0   0   0   0   0   0 | Trp TGG   0   0   0   0   0   0
--------------------------------------------------------------------------------------------------------------------------------------
Leu CTT   1   1   1   1   1   1 | Pro CCT   0   1   1   1   1   0 | His CAT   0   0   0   0   0   0 | Arg CGT   0   0   0   0   0   0
    CTC   1   0   0   0   0   0 |     CCC   2   1   2   2   2   3 |     CAC   0   0   0   0   0   0 |     CGC   0   0   0   0   0   0
    CTA   1   1   1   1   1   1 |     CCA   1   1   1   1   1   1 | Gln CAA   0   0   0   0   0   0 |     CGA   0   0   0   0   0   0
    CTG   1   2   2   2   2   2 |     CCG   1   1   0   0   0   0 |     CAG   5   5   5   5   5   5 |     CGG   1   1   1   1   1   1
--------------------------------------------------------------------------------------------------------------------------------------
Ile ATT   0   0   0   0   0   0 | Thr ACT   0   0   0   0   0   0 | Asn AAT   2   1   2   1   1   1 | Ser AGT   1   0   1   1   0   0
    ATC   2   2   2   2   2   2 |     ACC   1   1   1   1   1   1 |     AAC   1   2   1   2   2   2 |     AGC   0   1   0   0   1   1
    ATA   0   0   0   0   0   0 |     ACA   0   0   0   0   0   0 | Lys AAA   0   0   0   0   0   0 | Arg AGA   2   2   2   2   2   2
Met ATG   0   0   0   0   0   0 |     ACG   0   0   0   0   0   0 |     AAG   2   2   2   2   2   2 |     AGG   0   0   0   0   0   0
--------------------------------------------------------------------------------------------------------------------------------------
Val GTT   1   1   1   2   1   1 | Ala GCT   0   0   0   0   0   0 | Asp GAT   0   0   0   0   0   0 | Gly GGT   0   0   0   0   0   0
    GTC   2   2   3   2   2   2 |     GCC   2   2   2   2   2   2 |     GAC   0   0   0   0   0   0 |     GGC   0   0   0   0   0   0
    GTA   0   0   0   0   0   0 |     GCA   0   0   0   0   0   0 | Glu GAA   1   1   1   1   1   1 |     GGA   0   0   0   0   0   0
    GTG   2   2   1   1   2   2 |     GCG   0   0   0   0   0   0 |     GAG   3   3   3   3   3   3 |     GGG   1   1   1   1   1   1
--------------------------------------------------------------------------------------------------------------------------------------

--------------------------------------------------------------------------------------------------------------------------------------
Phe TTT   0   0   0   0   0   0 | Ser TCT   0   0   0   0   0   0 | Tyr TAT   0   0   0   0   0   0 | Cys TGT   0   0   0   0   0   0
    TTC   1   1   1   1   1   1 |     TCC   1   1   1   1   1   1 |     TAC   0   0   0   0   0   0 |     TGC   1   1   1   1   1   1
Leu TTA   0   0   0   0   0   0 |     TCA   0   0   0   0   0   0 | *** TAA   0   0   0   0   0   0 | *** TGA   0   0   0   0   0   0
    TTG   1   1   1   1   1   1 |     TCG   0   0   0   0   0   0 |     TAG   0   0   0   0   0   0 | Trp TGG   0   0   0   0   0   0
--------------------------------------------------------------------------------------------------------------------------------------
Leu CTT   1   1   1   1   1   1 | Pro CCT   1   1   1   1   1   1 | His CAT   0   0   0   0   0   0 | Arg CGT   0   0   0   0   0   0
    CTC   0   0   0   0   0   0 |     CCC   2   2   2   2   2   2 |     CAC   0   0   0   0   0   0 |     CGC   0   0   0   0   0   0
    CTA   1   1   1   1   1   1 |     CCA   1   1   1   1   1   1 | Gln CAA   0   0   0   0   0   0 |     CGA   0   0   0   0   0   0
    CTG   2   2   2   2   2   2 |     CCG   0   0   0   0   0   0 |     CAG   5   5   5   5   5   5 |     CGG   1   1   1   1   1   1
--------------------------------------------------------------------------------------------------------------------------------------
Ile ATT   0   0   0   0   0   0 | Thr ACT   0   0   0   0   0   0 | Asn AAT   1   1   1   1   2   2 | Ser AGT   0   0   0   0   0   0
    ATC   2   2   2   2   2   2 |     ACC   1   1   1   1   1   1 |     AAC   2   2   2   2   1   1 |     AGC   1   1   1   1   1   1
    ATA   0   0   0   0   0   0 |     ACA   0   0   0   0   0   0 | Lys AAA   0   0   0   0   0   0 | Arg AGA   2   2   2   2   2   2
Met ATG   0   0   0   0   0   0 |     ACG   0   0   0   0   0   0 |     AAG   2   2   2   2   2   2 |     AGG   0   0   0   0   0   0
--------------------------------------------------------------------------------------------------------------------------------------
Val GTT   1   1   1   1   1   1 | Ala GCT   0   0   0   0   0   0 | Asp GAT   0   0   0   0   0   0 | Gly GGT   0   0   0   0   0   0
    GTC   2   2   2   2   2   2 |     GCC   2   2   2   2   2   2 |     GAC   0   0   0   0   0   0 |     GGC   0   0   0   0   0   0
    GTA   0   0   0   0   0   0 |     GCA   0   0   0   0   0   0 | Glu GAA   1   1   1   1   1   1 |     GGA   0   0   0   0   0   0
    GTG   2   2   2   2   2   2 |     GCG   0   0   0   0   0   0 |     GAG   3   3   3   3   3   3 |     GGG   1   1   1   1   1   1
--------------------------------------------------------------------------------------------------------------------------------------

Codon position x base (3x4) table for each sequence.

#1: Argali         
position  1:    T:0.09756    C:0.34146    A:0.26829    G:0.29268
position  2:    T:0.31707    C:0.19512    A:0.34146    G:0.14634
position  3:    T:0.12195    C:0.34146    A:0.12195    G:0.41463
Average         T:0.17886    C:0.29268    A:0.24390    G:0.28455

#2: LesserMouseDeer
position  1:    T:0.07317    C:0.39024    A:0.24390    G:0.29268
position  2:    T:0.31707    C:0.19512    A:0.31707    G:0.17073
position  3:    T:0.04878    C:0.39024    A:0.09756    G:0.46341
Average         T:0.14634    C:0.32520    A:0.21951    G:0.30894

#3: LesserKudu     
position  1:    T:0.09756    C:0.34146    A:0.26829    G:0.29268
position  2:    T:0.31707    C:0.19512    A:0.34146    G:0.14634
position  3:    T:0.12195    C:0.34146    A:0.12195    G:0.41463
Average         T:0.17886    C:0.29268    A:0.24390    G:0.28455

#4: ForestMuskDeer2
position  1:    T:0.09756    C:0.34146    A:0.26829    G:0.29268
position  2:    T:0.31707    C:0.19512    A:0.34146    G:0.14634
position  3:    T:0.09756    C:0.36585    A:0.12195    G:0.41463
Average         T:0.17073    C:0.30081    A:0.24390    G:0.28455

#5: Camel          
position  1:    T:0.09756    C:0.34146    A:0.29268    G:0.26829
position  2:    T:0.31707    C:0.19512    A:0.34146    G:0.14634
position  3:    T:0.09756    C:0.31707    A:0.12195    G:0.46341
Average         T:0.17073    C:0.28455    A:0.25203    G:0.29268

#6: KillerWhale    
position  1:    T:0.09756    C:0.34146    A:0.26829    G:0.29268
position  2:    T:0.31707    C:0.19512    A:0.34146    G:0.14634
position  3:    T:0.09756    C:0.31707    A:0.12195    G:0.46341
Average         T:0.17073    C:0.28455    A:0.24390    G:0.30081

#7: DefassaWaterbuck
position  1:    T:0.09756    C:0.34146    A:0.26829    G:0.29268
position  2:    T:0.31707    C:0.19512    A:0.34146    G:0.14634
position  3:    T:0.09756    C:0.36585    A:0.12195    G:0.41463
Average         T:0.17073    C:0.30081    A:0.24390    G:0.28455

#8: Sheep          
position  1:    T:0.09756    C:0.34146    A:0.26829    G:0.29268
position  2:    T:0.31707    C:0.19512    A:0.34146    G:0.14634
position  3:    T:0.12195    C:0.34146    A:0.12195    G:0.41463
Average         T:0.17886    C:0.29268    A:0.24390    G:0.28455

#9: MaxwellsDuiker 
position  1:    T:0.09756    C:0.34146    A:0.26829    G:0.29268
position  2:    T:0.31707    C:0.19512    A:0.34146    G:0.14634
position  3:    T:0.09756    C:0.36585    A:0.12195    G:0.41463
Average         T:0.17073    C:0.30081    A:0.24390    G:0.28455

#10: GazellaPrzewalskyi
position  1:    T:0.09756    C:0.34146    A:0.26829    G:0.29268
position  2:    T:0.31707    C:0.19512    A:0.34146    G:0.14634
position  3:    T:0.09756    C:0.36585    A:0.12195    G:0.41463
Average         T:0.17073    C:0.30081    A:0.24390    G:0.28455

#11: MountainNyala  
position  1:    T:0.09756    C:0.34146    A:0.26829    G:0.29268
position  2:    T:0.31707    C:0.19512    A:0.34146    G:0.14634
position  3:    T:0.12195    C:0.34146    A:0.12195    G:0.41463
Average         T:0.17886    C:0.29268    A:0.24390    G:0.28455

#12: MuntiacusMuntjak
position  1:    T:0.09756    C:0.34146    A:0.26829    G:0.29268
position  2:    T:0.31707    C:0.19512    A:0.34146    G:0.14634
position  3:    T:0.14634    C:0.34146    A:0.12195    G:0.39024
Average         T:0.18699    C:0.29268    A:0.24390    G:0.27642

#13: goat           
position  1:    T:0.09756    C:0.34146    A:0.26829    G:0.29268
position  2:    T:0.31707    C:0.19512    A:0.34146    G:0.14634
position  3:    T:0.09756    C:0.36585    A:0.12195    G:0.41463
Average         T:0.17073    C:0.30081    A:0.24390    G:0.28455

#14: AfricanBuffalo 
position  1:    T:0.09756    C:0.34146    A:0.26829    G:0.29268
position  2:    T:0.31707    C:0.19512    A:0.34146    G:0.14634
position  3:    T:0.09756    C:0.36585    A:0.12195    G:0.41463
Average         T:0.17073    C:0.30081    A:0.24390    G:0.28455

#15: Topi           
position  1:    T:0.09756    C:0.34146    A:0.26829    G:0.29268
position  2:    T:0.31707    C:0.19512    A:0.34146    G:0.14634
position  3:    T:0.09756    C:0.36585    A:0.09756    G:0.43902
Average         T:0.17073    C:0.30081    A:0.23577    G:0.29268

#16: CommonDuiker   
position  1:    T:0.09756    C:0.34146    A:0.26829    G:0.29268
position  2:    T:0.31707    C:0.19512    A:0.34146    G:0.14634
position  3:    T:0.09756    C:0.36585    A:0.12195    G:0.41463
Average         T:0.17073    C:0.30081    A:0.24390    G:0.28455

#17: Suni           
position  1:    T:0.09756    C:0.34146    A:0.26829    G:0.29268
position  2:    T:0.31707    C:0.19512    A:0.34146    G:0.14634
position  3:    T:0.09756    C:0.36585    A:0.17073    G:0.36585
Average         T:0.17073    C:0.30081    A:0.26016    G:0.26829

#18: Springbuck     
position  1:    T:0.09756    C:0.34146    A:0.26829    G:0.29268
position  2:    T:0.31707    C:0.19512    A:0.34146    G:0.14634
position  3:    T:0.09756    C:0.34146    A:0.12195    G:0.43902
Average         T:0.17073    C:0.29268    A:0.24390    G:0.29268

#19: Okapi          
position  1:    T:0.09756    C:0.34146    A:0.29268    G:0.26829
position  2:    T:0.31707    C:0.19512    A:0.34146    G:0.14634
position  3:    T:0.14634    C:0.34146    A:0.12195    G:0.39024
Average         T:0.18699    C:0.29268    A:0.25203    G:0.26829

#20: Giraffe        
position  1:    T:0.09756    C:0.34146    A:0.26829    G:0.29268
position  2:    T:0.31707    C:0.19512    A:0.34146    G:0.14634
position  3:    T:0.12195    C:0.34146    A:0.12195    G:0.41463
Average         T:0.17886    C:0.29268    A:0.24390    G:0.28455

#21: TibetanAntelope
position  1:    T:0.09756    C:0.34146    A:0.26829    G:0.29268
position  2:    T:0.31707    C:0.19512    A:0.34146    G:0.14634
position  3:    T:0.09756    C:0.36585    A:0.12195    G:0.41463
Average         T:0.17073    C:0.30081    A:0.24390    G:0.28455

#22: Sitatunga      
position  1:    T:0.09756    C:0.34146    A:0.26829    G:0.29268
position  2:    T:0.31707    C:0.19512    A:0.34146    G:0.14634
position  3:    T:0.12195    C:0.34146    A:0.12195    G:0.41463
Average         T:0.17886    C:0.29268    A:0.24390    G:0.28455

#23: Oribi          
position  1:    T:0.09756    C:0.34146    A:0.26829    G:0.29268
position  2:    T:0.31707    C:0.19512    A:0.34146    G:0.14634
position  3:    T:0.12195    C:0.34146    A:0.12195    G:0.41463
Average         T:0.17886    C:0.29268    A:0.24390    G:0.28455

#24: BarbarySheep   
position  1:    T:0.09756    C:0.34146    A:0.26829    G:0.29268
position  2:    T:0.31707    C:0.19512    A:0.34146    G:0.14634
position  3:    T:0.09756    C:0.36585    A:0.12195    G:0.41463
Average         T:0.17073    C:0.30081    A:0.24390    G:0.28455

#25: Daviddeer      
position  1:    T:0.09756    C:0.34146    A:0.26829    G:0.29268
position  2:    T:0.31707    C:0.19512    A:0.34146    G:0.14634
position  3:    T:0.12195    C:0.34146    A:0.12195    G:0.41463
Average         T:0.17886    C:0.29268    A:0.24390    G:0.28455

#26: Reindeer       
position  1:    T:0.09756    C:0.34146    A:0.26829    G:0.29268
position  2:    T:0.31707    C:0.19512    A:0.34146    G:0.14634
position  3:    T:0.14634    C:0.34146    A:0.12195    G:0.39024
Average         T:0.18699    C:0.29268    A:0.24390    G:0.27642

#27: Ibex           
position  1:    T:0.09756    C:0.34146    A:0.26829    G:0.29268
position  2:    T:0.31707    C:0.19512    A:0.34146    G:0.14634
position  3:    T:0.09756    C:0.36585    A:0.12195    G:0.41463
Average         T:0.17073    C:0.30081    A:0.24390    G:0.28455

#28: GyrantGazelle  
position  1:    T:0.09756    C:0.34146    A:0.26829    G:0.29268
position  2:    T:0.31707    C:0.19512    A:0.34146    G:0.14634
position  3:    T:0.09756    C:0.34146    A:0.12195    G:0.43902
Average         T:0.17073    C:0.29268    A:0.24390    G:0.29268

#29: Hartebeest     
position  1:    T:0.09756    C:0.34146    A:0.26829    G:0.29268
position  2:    T:0.31707    C:0.19512    A:0.34146    G:0.14634
position  3:    T:0.09756    C:0.36585    A:0.09756    G:0.43902
Average         T:0.17073    C:0.30081    A:0.23577    G:0.29268

#30: Bongo          
position  1:    T:0.09756    C:0.34146    A:0.26829    G:0.29268
position  2:    T:0.31707    C:0.19512    A:0.34146    G:0.14634
position  3:    T:0.12195    C:0.34146    A:0.12195    G:0.41463
Average         T:0.17886    C:0.29268    A:0.24390    G:0.28455

#31: Gerenuk        
position  1:    T:0.09756    C:0.34146    A:0.26829    G:0.29268
position  2:    T:0.31707    C:0.19512    A:0.34146    G:0.14634
position  3:    T:0.09756    C:0.34146    A:0.12195    G:0.43902
Average         T:0.17073    C:0.29268    A:0.24390    G:0.29268

#32: CommonEland    
position  1:    T:0.09756    C:0.34146    A:0.26829    G:0.29268
position  2:    T:0.31707    C:0.19512    A:0.34146    G:0.14634
position  3:    T:0.12195    C:0.34146    A:0.12195    G:0.41463
Average         T:0.17886    C:0.29268    A:0.24390    G:0.28455

#33: MuntiacusReevesi
position  1:    T:0.09756    C:0.34146    A:0.26829    G:0.29268
position  2:    T:0.31707    C:0.19512    A:0.34146    G:0.14634
position  3:    T:0.14634    C:0.34146    A:0.12195    G:0.39024
Average         T:0.18699    C:0.29268    A:0.24390    G:0.27642

#34: HarveysDuiker  
position  1:    T:0.09756    C:0.34146    A:0.26829    G:0.29268
position  2:    T:0.31707    C:0.19512    A:0.34146    G:0.14634
position  3:    T:0.09756    C:0.36585    A:0.12195    G:0.41463
Average         T:0.17073    C:0.30081    A:0.24390    G:0.28455

#35: Pronghorn      
position  1:    T:0.09756    C:0.34146    A:0.26829    G:0.29268
position  2:    T:0.31707    C:0.19512    A:0.34146    G:0.14634
position  3:    T:0.12195    C:0.34146    A:0.12195    G:0.41463
Average         T:0.17886    C:0.29268    A:0.24390    G:0.28455

#36: BlueWildebeest 
position  1:    T:0.09756    C:0.34146    A:0.26829    G:0.29268
position  2:    T:0.31707    C:0.19512    A:0.34146    G:0.14634
position  3:    T:0.09756    C:0.36585    A:0.09756    G:0.43902
Average         T:0.17073    C:0.30081    A:0.23577    G:0.29268

#37: Gemsbok        
position  1:    T:0.09756    C:0.34146    A:0.26829    G:0.29268
position  2:    T:0.31707    C:0.19512    A:0.34146    G:0.14634
position  3:    T:0.09756    C:0.36585    A:0.12195    G:0.41463
Average         T:0.17073    C:0.30081    A:0.24390    G:0.28455

#38: Yak            
position  1:    T:0.09756    C:0.34146    A:0.26829    G:0.29268
position  2:    T:0.31707    C:0.19512    A:0.34146    G:0.14634
position  3:    T:0.09756    C:0.36585    A:0.12195    G:0.41463
Average         T:0.17073    C:0.30081    A:0.24390    G:0.28455

#39: BlueSheep      
position  1:    T:0.09756    C:0.34146    A:0.26829    G:0.29268
position  2:    T:0.31707    C:0.19512    A:0.34146    G:0.14634
position  3:    T:0.09756    C:0.36585    A:0.12195    G:0.41463
Average         T:0.17073    C:0.30081    A:0.24390    G:0.28455

#40: BohorReedbuck  
position  1:    T:0.09756    C:0.34146    A:0.29268    G:0.26829
position  2:    T:0.31707    C:0.19512    A:0.34146    G:0.14634
position  3:    T:0.09756    C:0.36585    A:0.09756    G:0.43902
Average         T:0.17073    C:0.30081    A:0.24390    G:0.28455

#41: KirksDik       
position  1:    T:0.09756    C:0.34146    A:0.26829    G:0.29268
position  2:    T:0.31707    C:0.19512    A:0.34146    G:0.14634
position  3:    T:0.09756    C:0.36585    A:0.12195    G:0.41463
Average         T:0.17073    C:0.30081    A:0.24390    G:0.28455

#42: RoeDeer        
position  1:    T:0.09756    C:0.34146    A:0.26829    G:0.29268
position  2:    T:0.31707    C:0.19512    A:0.34146    G:0.14634
position  3:    T:0.12195    C:0.34146    A:0.12195    G:0.41463
Average         T:0.17886    C:0.29268    A:0.24390    G:0.28455

#43: WhiteLippedDeer
position  1:    T:0.09756    C:0.34146    A:0.26829    G:0.29268
position  2:    T:0.31707    C:0.19512    A:0.34146    G:0.14634
position  3:    T:0.12195    C:0.34146    A:0.12195    G:0.41463
Average         T:0.17886    C:0.29268    A:0.24390    G:0.28455

#44: ThomsonGazelle 
position  1:    T:0.09756    C:0.34146    A:0.26829    G:0.29268
position  2:    T:0.31707    C:0.19512    A:0.34146    G:0.14634
position  3:    T:0.09756    C:0.34146    A:0.12195    G:0.43902
Average         T:0.17073    C:0.29268    A:0.24390    G:0.29268

#45: MuntiacusCrinifrons
position  1:    T:0.09756    C:0.34146    A:0.26829    G:0.29268
position  2:    T:0.31707    C:0.19512    A:0.34146    G:0.14634
position  3:    T:0.14634    C:0.34146    A:0.12195    G:0.39024
Average         T:0.18699    C:0.29268    A:0.24390    G:0.27642

#46: WhiteTailedDeer
position  1:    T:0.09756    C:0.34146    A:0.26829    G:0.29268
position  2:    T:0.31707    C:0.19512    A:0.34146    G:0.14634
position  3:    T:0.14634    C:0.34146    A:0.12195    G:0.39024
Average         T:0.18699    C:0.29268    A:0.24390    G:0.27642

#47: Cattle         
position  1:    T:0.09756    C:0.34146    A:0.26829    G:0.29268
position  2:    T:0.31707    C:0.19512    A:0.34146    G:0.14634
position  3:    T:0.09756    C:0.36585    A:0.12195    G:0.41463
Average         T:0.17073    C:0.30081    A:0.24390    G:0.28455

#48: RoyalAntelope  
position  1:    T:0.09756    C:0.34146    A:0.26829    G:0.29268
position  2:    T:0.31707    C:0.19512    A:0.34146    G:0.14634
position  3:    T:0.07317    C:0.39024    A:0.12195    G:0.41463
Average         T:0.16260    C:0.30894    A:0.24390    G:0.28455

#49: Steenbok       
position  1:    T:0.09756    C:0.34146    A:0.26829    G:0.29268
position  2:    T:0.31707    C:0.19512    A:0.34146    G:0.14634
position  3:    T:0.09756    C:0.36585    A:0.12195    G:0.41463
Average         T:0.17073    C:0.30081    A:0.24390    G:0.28455

#50: Impala         
position  1:    T:0.09756    C:0.34146    A:0.26829    G:0.29268
position  2:    T:0.31707    C:0.19512    A:0.34146    G:0.14634
position  3:    T:0.09756    C:0.36585    A:0.12195    G:0.41463
Average         T:0.17073    C:0.30081    A:0.24390    G:0.28455

#51: Klipspringer   
position  1:    T:0.09756    C:0.34146    A:0.26829    G:0.29268
position  2:    T:0.31707    C:0.19512    A:0.34146    G:0.14634
