1
52 1
Argali 0.000000 0.249500 0.094100 0.185000 0.073400 0.006300 0.132100 0.074000 0.087400 0.333400 0.039200 0.087400 0.046000 0.109500 0.066400 0.088700 0.130900 0.116400 0.086300 0.087400 0.081400 0.025900 0.278900 0.230300 0.045800 0.081300 0.039200 0.101700 0.102000 0.094300 0.311900 0.095000 0.131900 0.066400 0.039200 0.073500 0.032500 0.066600 0.087800 0.252000 0.270200 0.081300 0.332600 0.264200 0.067100 0.087200 0.125000 0.073300 0.066200 0.117400 0.087400 0.101900
LesserMous 0.249500 0.000000 0.206600 0.200400 0.200100 0.240300 0.297400 0.234100 0.215600 0.380300 0.249100 0.207900 0.208200 0.286300 0.232100 0.235400 0.233300 0.259000 0.229500 0.215600 0.226600 0.249100 0.361100 0.317700 0.239900 0.226100 0.232400 0.199300 0.216200 0.207000 0.377400 0.268500 0.233600 0.248500 0.232000 0.233900 0.240100 0.184400 0.233400 0.295400 0.351600 0.226100 0.379400 0.325600 0.226600 0.223800 0.251800 0.258400 0.215600 0.268700 0.215600 0.216000
LesserKudu 0.094100 0.206600 0.000000 0.160800 0.059400 0.086800 0.116700 0.080700 0.012700 0.256900 0.066100 0.045800 0.059400 0.094600 0.052500 0.095500 0.101000 0.101200 0.072200 0.012700 0.088200 0.066100 0.207800 0.178700 0.072800 0.088000 0.052500 0.012800 0.108700 0.006300 0.238200 0.094700 0.094700 0.079700 0.052400 0.046000 0.059100 0.066400 0.109000 0.216400 0.199900 0.088000 0.256300 0.210200 0.039500 0.059300 0.124200 0.059100 0.052400 0.094700 0.012300 0.012800
KillerWhal 0.185000 0.200400 0.160800 0.000000 0.169600 0.176600 0.219000 0.170900 0.153700 0.388300 0.176800 0.138700 0.139100 0.193700 0.161500 0.187400 0.184600 0.201200 0.159600 0.153700 0.163600 0.176800 0.331200 0.281800 0.168500 0.163300 0.161400 0.169200 0.185000 0.161000 0.365500 0.177800 0.178900 0.184100 0.161200 0.154700 0.168600 0.170000 0.169800 0.305400 0.322300 0.163300 0.387500 0.271500 0.147700 0.153800 0.194900 0.185100 0.161500 0.201700 0.153700 0.169600
DefassaWat 0.073400 0.200100 0.059400 0.169600 0.000000 0.066300 0.139900 0.088500 0.052800 0.268400 0.059600 0.066600 0.052900 0.117000 0.059600 0.103600 0.109200 0.124000 0.065600 0.052800 0.096200 0.059700 0.252200 0.189000 0.066300 0.095900 0.046000 0.066500 0.116900 0.059500 0.266700 0.102400 0.102600 0.073400 0.046100 0.066800 0.052600 0.019500 0.117200 0.227500 0.243900 0.095900 0.267800 0.221200 0.060300 0.080400 0.132800 0.080500 0.059500 0.095600 0.052800 0.066600
Sheep 0.006300 0.240300 0.086800 0.176600 0.066300 0.000000 0.124200 0.066800 0.080100 0.322400 0.032500 0.080200 0.039200 0.101900 0.059300 0.081300 0.123100 0.108700 0.079100 0.080100 0.074100 0.019300 0.268900 0.220900 0.039000 0.074000 0.032400 0.094300 0.094500 0.087000 0.301500 0.087600 0.124000 0.059300 0.032500 0.080300 0.025800 0.059600 0.080400 0.242400 0.260300 0.074000 0.321700 0.254300 0.073900 0.079900 0.117200 0.066200 0.059200 0.109700 0.080100 0.094400
MaxwellsDu 0.132100 0.297400 0.116700 0.219000 0.139900 0.124200 0.000000 0.118300 0.109900 0.320000 0.102400 0.110000 0.095500 0.018800 0.087800 0.134200 0.132500 0.110200 0.137900 0.109900 0.126400 0.102800 0.248300 0.216400 0.109400 0.126100 0.088100 0.124700 0.147700 0.116900 0.298600 0.032800 0.148200 0.117100 0.088200 0.110200 0.094900 0.132500 0.140700 0.266400 0.239800 0.126100 0.319200 0.251000 0.103800 0.102400 0.180800 0.102400 0.102100 0.124500 0.109900 0.124800
GazellaPrz 0.074000 0.234100 0.080700 0.170900 0.088500 0.066800 0.118300 0.000000 0.074000 0.296700 0.053200 0.074000 0.060100 0.095900 0.053300 0.040100 0.117100 0.102600 0.073300 0.074000 0.033400 0.053200 0.244500 0.198200 0.059900 0.019800 0.039600 0.088200 0.053200 0.080800 0.276500 0.096000 0.117900 0.053000 0.039500 0.074500 0.046200 0.067400 0.060400 0.228500 0.236300 0.019100 0.296000 0.230800 0.067800 0.074100 0.082000 0.060200 0.053100 0.118200 0.074000 0.088300
MountainNy 0.087400 0.215600 0.012700 0.153700 0.052800 0.080100 0.109900 0.074000 0.000000 0.258000 0.059500 0.039200 0.052800 0.087900 0.046000 0.088600 0.094300 0.094500 0.065600 0.000000 0.081400 0.059500 0.208700 0.171600 0.066200 0.081200 0.045900 0.012800 0.101900 0.006100 0.239200 0.087900 0.087900 0.073100 0.045900 0.039400 0.052500 0.059800 0.102100 0.209300 0.200800 0.081200 0.257400 0.203000 0.032900 0.052700 0.117300 0.059400 0.045900 0.088000 0.000000 0.012800
MuntiacusM 0.333400 0.380300 0.256900 0.388300 0.268400 0.322400 0.320000 0.296700 0.258000 0.000000 0.277600 0.275100 0.302500 0.290200 0.258500 0.325600 0.260100 0.287700 0.266100 0.258000 0.307200 0.295000 0.067500 0.141600 0.285600 0.306600 0.276600 0.267200 0.313300 0.257400 0.026000 0.289800 0.315700 0.283900 0.276100 0.276200 0.285000 0.277800 0.325700 0.103600 0.060500 0.306600 0.006400 0.126700 0.269200 0.267100 0.337600 0.278200 0.275800 0.288100 0.258000 0.267000
goat 0.039200 0.249100 0.066100 0.176800 0.059600 0.032500 0.102400 0.053200 0.059500 0.277600 0.000000 0.059500 0.032600 0.080700 0.039200 0.067400 0.101500 0.087400 0.058100 0.059500 0.060400 0.012900 0.226700 0.180600 0.006400 0.060200 0.012900 0.073300 0.080600 0.066200 0.258000 0.080700 0.102300 0.039200 0.012900 0.059700 0.006400 0.052900 0.066900 0.218900 0.218500 0.060200 0.276900 0.212600 0.053300 0.059300 0.095600 0.045900 0.039100 0.088200 0.059500 0.073400
AfricanBuf 0.087400 0.207900 0.045800 0.138700 0.066600 0.080200 0.110000 0.074000 0.039200 0.275100 0.059500 0.000000 0.052800 0.088000 0.039300 0.088700 0.080100 0.094500 0.079400 0.039200 0.081500 0.059500 0.224900 0.163900 0.052600 0.081300 0.046000 0.052700 0.102000 0.045900 0.255900 0.088100 0.088000 0.073000 0.045900 0.039500 0.052600 0.073800 0.087800 0.201300 0.216900 0.081300 0.274500 0.195000 0.032900 0.039300 0.110100 0.066500 0.059500 0.095200 0.039200 0.052800
Topi 0.046000 0.208200 0.059400 0.139100 0.052900 0.039200 0.095500 0.060100 0.052800 0.302500 0.032600 0.052800 0.000000 0.073900 0.046000 0.074500 0.094400 0.080400 0.065700 0.052800 0.067400 0.032600 0.233600 0.188100 0.039200 0.067200 0.019400 0.066500 0.087700 0.059500 0.282300 0.060000 0.081000 0.045900 0.019400 0.053100 0.025900 0.046300 0.087900 0.226300 0.225500 0.067200 0.301800 0.220100 0.046500 0.052800 0.117500 0.052800 0.032600 0.095300 0.052800 0.066600
CommonDuik 0.109500 0.286300 0.094600 0.193700 0.117000 0.101900 0.018800 0.095900 0.087900 0.290200 0.080700 0.088000 0.073900 0.000000 0.066500 0.111300 0.109800 0.088100 0.115400 0.087900 0.103700 0.080900 0.221200 0.190500 0.087500 0.103500 0.066700 0.102300 0.124600 0.094800 0.269900 0.012900 0.124900 0.094900 0.066800 0.088200 0.073500 0.109800 0.117700 0.238700 0.213000 0.103500 0.289500 0.223800 0.081800 0.080700 0.156400 0.080700 0.080500 0.102000 0.087900 0.102400
Suni 0.066400 0.232100 0.052500 0.161500 0.059600 0.059300 0.087800 0.053300 0.046000 0.258500 0.039200 0.039300 0.046000 0.066500 0.000000 0.067500 0.087400 0.087600 0.058800 0.046000 0.060400 0.039300 0.208900 0.163900 0.045800 0.060300 0.025900 0.059600 0.080700 0.052600 0.239600 0.066500 0.088100 0.052700 0.026000 0.046100 0.032400 0.066700 0.080900 0.201500 0.201000 0.060300 0.257900 0.195200 0.039700 0.059400 0.110200 0.045900 0.039100 0.073800 0.046000 0.059700
Springbuck 0.088700 0.235400 0.095500 0.187400 0.103600 0.081300 0.134200 0.040100 0.088600 0.325600 0.067400 0.088700 0.074500 0.111300 0.067500 0.000000 0.117800 0.103200 0.102000 0.088600 0.047200 0.067400 0.280900 0.233100 0.074300 0.019000 0.053500 0.103200 0.026200 0.095600 0.304400 0.111300 0.133800 0.060200 0.053500 0.089300 0.060300 0.082100 0.074600 0.264300 0.272300 0.018800 0.324800 0.257400 0.082500 0.088800 0.096700 0.074600 0.067400 0.126400 0.088600 0.103300
Okapi 0.130900 0.233300 0.101000 0.184600 0.109200 0.123100 0.132500 0.117100 0.094300 0.260100 0.101500 0.080100 0.094400 0.109800 0.087400 0.117800 0.000000 0.039100 0.121900 0.094300 0.125000 0.101500 0.218300 0.196800 0.094100 0.124800 0.087300 0.108700 0.146200 0.101200 0.241000 0.109800 0.132000 0.108300 0.087100 0.094900 0.094100 0.116900 0.124000 0.203000 0.210300 0.124800 0.259500 0.212800 0.088200 0.094400 0.170900 0.094200 0.101400 0.147000 0.094300 0.108800
Giraffe 0.116400 0.259000 0.101200 0.201200 0.124000 0.108700 0.110200 0.102600 0.094500 0.287700 0.087400 0.094500 0.080400 0.088100 0.087600 0.103200 0.039100 0.000000 0.122100 0.094500 0.110400 0.087400 0.244500 0.205500 0.094300 0.110200 0.073400 0.108900 0.131300 0.101400 0.267600 0.088100 0.124600 0.094200 0.073300 0.095100 0.080200 0.116900 0.124300 0.228800 0.236200 0.110200 0.287000 0.239100 0.088400 0.094600 0.163200 0.066300 0.087300 0.139600 0.094500 0.109100
TibetanAnt 0.086300 0.229500 0.072200 0.159600 0.065600 0.079100 0.137900 0.073300 0.065600 0.266100 0.058100 0.079400 0.065700 0.115400 0.058800 0.102000 0.121900 0.122100 0.000000 0.065600 0.080600 0.058900 0.216100 0.170500 0.065400 0.080400 0.045400 0.079400 0.100700 0.072300 0.247100 0.115400 0.130300 0.072400 0.045400 0.079600 0.051900 0.072700 0.101400 0.208200 0.208100 0.080400 0.265500 0.201900 0.073200 0.093100 0.131100 0.065700 0.045300 0.094200 0.065600 0.079500
Sitatunga 0.087400 0.215600 0.012700 0.153700 0.052800 0.080100 0.109900 0.074000 0.000000 0.258000 0.059500 0.039200 0.052800 0.087900 0.046000 0.088600 0.094300 0.094500 0.065600 0.000000 0.081400 0.059500 0.208700 0.171600 0.066200 0.081200 0.045900 0.012800 0.101900 0.006100 0.239200 0.087900 0.087900 0.073100 0.045900 0.039400 0.052500 0.059800 0.102100 0.209300 0.200800 0.081200 0.257400 0.203000 0.032900 0.052700 0.117300 0.059400 0.045900 0.088000 0.000000 0.012800
Oribi 0.081400 0.226600 0.088200 0.163600 0.096200 0.074100 0.126400 0.033400 0.081400 0.307200 0.060400 0.081500 0.067400 0.103700 0.060400 0.047200 0.125000 0.110400 0.080600 0.081400 0.000000 0.060300 0.254200 0.207400 0.067200 0.026600 0.046600 0.095800 0.060400 0.088300 0.286600 0.103700 0.126000 0.060200 0.046500 0.081900 0.053300 0.074800 0.053700 0.238000 0.245800 0.026600 0.306500 0.231200 0.075200 0.081500 0.075100 0.067400 0.060300 0.126300 0.081400 0.095900
BarbaryShe 0.025900 0.249100 0.066100 0.176800 0.059700 0.019300 0.102800 0.053200 0.059500 0.295000 0.012900 0.059500 0.032600 0.080900 0.039300 0.067400 0.101500 0.087400 0.058900 0.059500 0.060300 0.000000 0.243100 0.196300 0.019400 0.060200 0.012900 0.073300 0.080500 0.066200 0.274900 0.080900 0.102300 0.039200 0.012900 0.059800 0.006400 0.053000 0.066900 0.235200 0.234900 0.060200 0.294300 0.228800 0.053200 0.059500 0.102800 0.046000 0.039200 0.088200 0.059500 0.073400
Daviddeer 0.278900 0.361100 0.207800 0.331200 0.252200 0.268900 0.248300 0.244500 0.208700 0.067500 0.226700 0.224900 0.233600 0.221200 0.208900 0.280900 0.218300 0.244500 0.216100 0.208700 0.254200 0.243100 0.000000 0.097200 0.234300 0.253600 0.225800 0.217300 0.277700 0.208200 0.067000 0.220900 0.280600 0.242800 0.225500 0.225900 0.233800 0.261400 0.271500 0.089400 0.006300 0.253600 0.074200 0.082800 0.219000 0.217200 0.300600 0.227100 0.225200 0.264000 0.208700 0.217200
Reindeer 0.230300 0.317700 0.178700 0.281800 0.189000 0.220900 0.216400 0.198200 0.171600 0.141600 0.180600 0.163900 0.188100 0.190500 0.163900 0.233100 0.196800 0.205500 0.170500 0.171600 0.207400 0.196300 0.097200 0.000000 0.188000 0.206900 0.180100 0.187800 0.230300 0.179100 0.140600 0.190400 0.231800 0.196100 0.179800 0.164700 0.187700 0.197700 0.222900 0.075500 0.089900 0.206900 0.148800 0.054400 0.157800 0.188000 0.233300 0.172600 0.179800 0.215100 0.171600 0.170600
Ibex 0.045800 0.239900 0.072800 0.168500 0.066300 0.039000 0.109400 0.059900 0.066200 0.285600 0.006400 0.052600 0.039200 0.087500 0.045800 0.074300 0.094100 0.094300 0.065400 0.066200 0.067200 0.019400 0.234300 0.188000 0.000000 0.067000 0.019300 0.080100 0.087400 0.073000 0.265800 0.087500 0.109300 0.045800 0.019300 0.066400 0.012800 0.059500 0.059800 0.226500 0.226100 0.067000 0.284900 0.220200 0.060000 0.048400 0.095500 0.052500 0.045700 0.095100 0.066200 0.080200
GyrantGaze 0.081300 0.226100 0.088000 0.163300 0.095900 0.074000 0.126100 0.019800 0.081200 0.306600 0.060200 0.081300 0.067200 0.103500 0.060300 0.019000 0.124800 0.110200 0.080400 0.081200 0.026600 0.060200 0.253600 0.206900 0.067000 0.000000 0.046500 0.095600 0.032800 0.088100 0.286000 0.103500 0.125700 0.060000 0.046400 0.081800 0.053200 0.074600 0.053500 0.237500 0.245300 0.000000 0.305900 0.230700 0.075000 0.081300 0.074900 0.067300 0.060200 0.126000 0.081200 0.095700
Hartebeest 0.039200 0.232400 0.052500 0.161400 0.046000 0.032400 0.088100 0.039600 0.045900 0.276600 0.012900 0.046000 0.019400 0.066700 0.025900 0.053500 0.087300 0.073400 0.045400 0.045900 0.046600 0.012900 0.225800 0.180100 0.019300 0.046500 0.000000 0.059500 0.066600 0.052600 0.257100 0.066700 0.088000 0.025900 0.000000 0.046100 0.006100 0.039400 0.066800 0.218300 0.217800 0.046500 0.275900 0.212000 0.039700 0.045800 0.095500 0.032500 0.025900 0.074000 0.045900 0.059600
Bongo 0.101700 0.199300 0.012800 0.169200 0.066500 0.094300 0.124700 0.088200 0.012800 0.267200 0.073300 0.052700 0.066500 0.102300 0.059600 0.103200 0.108700 0.108900 0.079400 0.012800 0.095800 0.073300 0.217300 0.187800 0.080100 0.095600 0.059500 0.000000 0.116500 0.006400 0.248100 0.102400 0.102300 0.087100 0.059500 0.053000 0.066200 0.073700 0.116800 0.226100 0.209300 0.095600 0.266600 0.219800 0.046400 0.066500 0.132300 0.073200 0.059400 0.088000 0.012800 0.012300
Gerenuk 0.102000 0.216200 0.108700 0.185000 0.116900 0.094500 0.147700 0.053200 0.101900 0.313300 0.080600 0.102000 0.087700 0.124600 0.080700 0.026200 0.146200 0.131300 0.100700 0.101900 0.060400 0.080500 0.277700 0.230300 0.087400 0.032800 0.066600 0.116500 0.000000 0.108900 0.292600 0.124700 0.147300 0.080300 0.066500 0.102600 0.073400 0.095300 0.087800 0.261300 0.269200 0.032800 0.312500 0.254500 0.095800 0.102000 0.110100 0.087800 0.080500 0.132400 0.101900 0.116700
CommonElan 0.094300 0.207000 0.006300 0.161000 0.059500 0.087000 0.116900 0.080800 0.006100 0.257400 0.066200 0.045900 0.059500 0.094800 0.052600 0.095600 0.101200 0.101400 0.072300 0.006100 0.088300 0.066200 0.208200 0.179100 0.073000 0.088100 0.052600 0.006400 0.108900 0.000000 0.238700 0.094900 0.094800 0.079900 0.052500 0.046100 0.059200 0.066500 0.109100 0.216900 0.200400 0.088100 0.256900 0.210600 0.039500 0.059400 0.124400 0.066100 0.052500 0.094900 0.006100 0.006200
MuntiacusR 0.311900 0.377400 0.238200 0.365500 0.266700 0.301500 0.298600 0.276500 0.239200 0.026000 0.258000 0.255900 0.282300 0.269900 0.239600 0.304400 0.241000 0.267600 0.247100 0.239200 0.286600 0.274900 0.067000 0.140600 0.265800 0.286000 0.257100 0.248100 0.292600 0.238700 0.000000 0.269600 0.313300 0.264300 0.256700 0.256900 0.265300 0.276000 0.304500 0.102900 0.060000 0.286000 0.032500 0.125800 0.249800 0.248000 0.315700 0.258500 0.256500 0.268000 0.239200 0.248000
HarveysDui 0.095000 0.268500 0.094700 0.177800 0.102400 0.087600 0.032800 0.096000 0.087900 0.289800 0.080700 0.088100 0.060000 0.012900 0.066500 0.111300 0.109800 0.088100 0.115400 0.087900 0.103700 0.080900 0.220900 0.190400 0.087500 0.103500 0.066700 0.102400 0.124700 0.094900 0.269600 0.000000 0.124900 0.094900 0.066800 0.088200 0.073500 0.095300 0.117700 0.238500 0.212700 0.103500 0.289100 0.223600 0.081800 0.080700 0.156400 0.080700 0.080500 0.102000 0.087900 0.102500
Pronghorn 0.131900 0.233600 0.094700 0.178900 0.102600 0.124000 0.148200 0.117900 0.087900 0.315700 0.102300 0.088000 0.081000 0.124900 0.088100 0.133800 0.132000 0.124600 0.130300 0.087900 0.126000 0.102300 0.280600 0.231800 0.109300 0.125700 0.088000 0.102300 0.147300 0.094800 0.313300 0.124900 0.000000 0.102000 0.087800 0.088500 0.094800 0.102700 0.140300 0.254900 0.272000 0.125700 0.314900 0.248600 0.081800 0.095100 0.156200 0.109700 0.087900 0.140400 0.087900 0.102500
BlueWildeb 0.066400 0.248500 0.079700 0.184100 0.073400 0.059300 0.117100 0.053000 0.073100 0.283900 0.039200 0.073000 0.045900 0.094900 0.052700 0.060200 0.108300 0.094200 0.072400 0.073100 0.060200 0.039200 0.242800 0.196100 0.045800 0.060000 0.025900 0.087100 0.080300 0.079900 0.264300 0.094900 0.102000 0.000000 0.025900 0.073500 0.032400 0.052900 0.080600 0.235000 0.234600 0.060000 0.283200 0.228600 0.066900 0.073100 0.109800 0.059500 0.052500 0.087500 0.073100 0.087200
Gemsbok 0.039200 0.232000 0.052400 0.161200 0.046100 0.032500 0.088200 0.039500 0.045900 0.276100 0.012900 0.045900 0.019400 0.066800 0.026000 0.053500 0.087100 0.073300 0.045400 0.045900 0.046500 0.012900 0.225500 0.179800 0.019300 0.046400 0.000000 0.059500 0.066500 0.052500 0.256700 0.066800 0.087800 0.025900 0.000000 0.046200 0.006400 0.039400 0.066700 0.217900 0.217400 0.046400 0.275500 0.211700 0.039600 0.045900 0.095400 0.032600 0.025900 0.073900 0.045900 0.059500
Yak 0.073500 0.233900 0.046000 0.154700 0.066800 0.080300 0.110200 0.074500 0.039400 0.276200 0.059700 0.039500 0.053100 0.088200 0.046100 0.089300 0.094900 0.095100 0.079600 0.039400 0.081900 0.059800 0.225900 0.164700 0.066400 0.081800 0.046100 0.053000 0.102600 0.046100 0.256900 0.088200 0.088500 0.073500 0.046200 0.000000 0.052700 0.073900 0.102700 0.202200 0.217900 0.081800 0.275600 0.195900 0.006500 0.052900 0.118100 0.066700 0.059600 0.095700 0.039400 0.053100
BlueSheep 0.032500 0.240100 0.059100 0.168600 0.052600 0.025800 0.094900 0.046200 0.052500 0.285000 0.006400 0.052600 0.025900 0.073500 0.032400 0.060300 0.094100 0.080200 0.051900 0.052500 0.053300 0.006400 0.233800 0.187700 0.012800 0.053200 0.006100 0.066200 0.073400 0.059200 0.265300 0.073500 0.094800 0.032400 0.006400 0.052700 0.000000 0.046000 0.059800 0.226100 0.225700 0.053200 0.284300 0.219800 0.046300 0.052400 0.102500 0.039100 0.032400 0.080900 0.052500 0.066300
BohorReedb 0.066600 0.184400 0.066400 0.170000 0.019500 0.059600 0.132500 0.067400 0.059800 0.277800 0.052900 0.073800 0.046300 0.109800 0.066700 0.082100 0.116900 0.116900 0.072700 0.059800 0.074800 0.053000 0.261400 0.197700 0.059500 0.074600 0.039400 0.073700 0.095300 0.066500 0.276000 0.095300 0.102700 0.052900 0.039400 0.073900 0.046000 0.000000 0.095500 0.236600 0.253000 0.074600 0.277200 0.230300 0.067500 0.073500 0.110700 0.073600 0.052800 0.103100 0.059800 0.073800
KirksDik 0.087800 0.233400 0.109000 0.169800 0.117200 0.080400 0.140700 0.060400 0.102100 0.325700 0.066900 0.087800 0.087900 0.117700 0.080900 0.074600 0.124000 0.124300 0.101400 0.102100 0.053700 0.066900 0.271500 0.222900 0.059800 0.053500 0.066800 0.116800 0.087800 0.109100 0.304500 0.117700 0.140300 0.080600 0.066700 0.102700 0.059800 0.095500 0.000000 0.253100 0.262900 0.053500 0.324900 0.247300 0.095900 0.087800 0.081700 0.088100 0.080700 0.148400 0.102100 0.116900
RoeDeer 0.252000 0.295400 0.216400 0.305400 0.227500 0.242400 0.266400 0.228500 0.209300 0.103600 0.218900 0.201300 0.226300 0.238700 0.201500 0.264300 0.203000 0.228800 0.208200 0.209300 0.238000 0.235200 0.089400 0.075500 0.226500 0.237500 0.218300 0.226100 0.261300 0.216900 0.102900 0.238500 0.254900 0.235000 0.217900 0.202200 0.226100 0.236600 0.253100 0.000000 0.082300 0.237500 0.110600 0.075500 0.195300 0.210000 0.256300 0.227700 0.217800 0.264600 0.209300 0.226100
WhiteLippe 0.270200 0.351600 0.199900 0.322300 0.243900 0.260300 0.239800 0.236300 0.200800 0.060500 0.218500 0.216900 0.225500 0.213000 0.201000 0.272300 0.210300 0.236200 0.208100 0.200800 0.245800 0.234900 0.006300 0.089900 0.226100 0.245300 0.217800 0.209300 0.269200 0.200400 0.060000 0.212700 0.272000 0.234600 0.217400 0.217900 0.225700 0.253000 0.262900 0.082300 0.000000 0.245300 0.067200 0.075700 0.211000 0.209300 0.291700 0.218900 0.217200 0.255400 0.200800 0.209300
ThomsonGaz 0.081300 0.226100 0.088000 0.163300 0.095900 0.074000 0.126100 0.019100 0.081200 0.306600 0.060200 0.081300 0.067200 0.103500 0.060300 0.018800 0.124800 0.110200 0.080400 0.081200 0.026600 0.060200 0.253600 0.206900 0.067000 0.000000 0.046500 0.095600 0.032800 0.088100 0.286000 0.103500 0.125700 0.060000 0.046400 0.081800 0.053200 0.074600 0.053500 0.237500 0.245300 0.000000 0.305900 0.230700 0.075000 0.081300 0.074900 0.067300 0.060200 0.126000 0.081200 0.095700
MuntiacusC 0.332600 0.379400 0.256300 0.387500 0.267800 0.321700 0.319200 0.296000 0.257400 0.006400 0.276900 0.274500 0.301800 0.289500 0.257900 0.324800 0.259500 0.287000 0.265500 0.257400 0.306500 0.294300 0.074200 0.148800 0.284900 0.305900 0.275900 0.266600 0.312500 0.256900 0.032500 0.289100 0.314900 0.283200 0.275500 0.275600 0.284300 0.277200 0.324900 0.110600 0.067200 0.305900 0.000000 0.133900 0.268500 0.266500 0.336800 0.277500 0.275200 0.287400 0.257400 0.266500
WhiteTaile 0.264200 0.325600 0.210200 0.271500 0.221200 0.254300 0.251000 0.230800 0.203000 0.126700 0.212600 0.195000 0.220100 0.223800 0.195200 0.257400 0.212800 0.239100 0.201900 0.203000 0.231200 0.228800 0.082800 0.054400 0.220200 0.230700 0.212000 0.219800 0.254500 0.210600 0.125800 0.223600 0.248600 0.228600 0.211700 0.195900 0.219800 0.230300 0.247300 0.075500 0.075700 0.230700 0.133900 0.000000 0.189000 0.187500 0.258000 0.221300 0.211600 0.249300 0.203000 0.201700
Cattle 0.067100 0.226600 0.039500 0.147700 0.060300 0.073900 0.103800 0.067800 0.032900 0.269200 0.053300 0.032900 0.046500 0.081800 0.039700 0.082500 0.088200 0.088400 0.073200 0.032900 0.075200 0.053200 0.219000 0.157800 0.060000 0.075000 0.039700 0.046400 0.095800 0.039500 0.249800 0.081800 0.081800 0.066900 0.039600 0.006500 0.046300 0.067500 0.095900 0.195300 0.211000 0.075000 0.268500 0.189000 0.000000 0.046500 0.111300 0.060200 0.053200 0.089000 0.032900 0.046500
RoyalAntel 0.087200 0.223800 0.059300 0.153800 0.080400 0.079900 0.102400 0.074100 0.052700 0.267100 0.059300 0.039300 0.052800 0.080700 0.059400 0.088800 0.094400 0.094600 0.093100 0.052700 0.081500 0.059500 0.217200 0.188000 0.048400 0.081300 0.045800 0.066500 0.102000 0.059400 0.248000 0.080700 0.095100 0.073100 0.045900 0.052900 0.052400 0.073500 0.087800 0.210000 0.209300 0.081300 0.266500 0.187500 0.046500 0.000000 0.110100 0.066300 0.059300 0.102500 0.052700 0.066600
Steenbok 0.125000 0.251800 0.124200 0.194900 0.132800 0.117200 0.180800 0.082000 0.117300 0.337600 0.095600 0.110100 0.117500 0.156400 0.110200 0.096700 0.170900 0.163200 0.131100 0.117300 0.075100 0.102800 0.300600 0.233300 0.095500 0.074900 0.095500 0.132300 0.110100 0.124400 0.315700 0.156400 0.156200 0.109800 0.095400 0.118100 0.102500 0.110700 0.081700 0.256300 0.291700 0.074900 0.336800 0.258000 0.111300 0.110100 0.000000 0.117600 0.109900 0.164700 0.117300 0.132400
Impala 0.073300 0.258400 0.059100 0.185100 0.080500 0.066200 0.102400 0.060200 0.059400 0.278200 0.045900 0.066500 0.052800 0.080700 0.045900 0.074600 0.094200 0.066300 0.065700 0.059400 0.067400 0.046000 0.227100 0.172600 0.052500 0.067300 0.032500 0.073200 0.087800 0.066100 0.258500 0.080700 0.109700 0.059500 0.032600 0.066700 0.039100 0.073600 0.088100 0.227700 0.218900 0.067300 0.277500 0.221300 0.060200 0.066300 0.117600 0.000000 0.032500 0.095400 0.059400 0.073300
Klipspring 0.066200 0.215600 0.052400 0.161500 0.059500 0.059200 0.102100 0.053100 0.045900 0.275800 0.039100 0.059500 0.032600 0.080500 0.039100 0.067400 0.101400 0.087300 0.045300 0.045900 0.060300 0.039200 0.225200 0.179800 0.045700 0.060200 0.025900 0.059400 0.080500 0.052500 0.256500 0.080500 0.087900 0.052500 0.025900 0.059600 0.032400 0.052800 0.080700 0.217800 0.217200 0.060200 0.275200 0.211600 0.053200 0.059300 0.109900 0.032500 0.000000 0.102400 0.045900 0.059500
ForestMusk 0.117400 0.268700 0.094700 0.201700 0.095600 0.109700 0.124500 0.118200 0.088000 0.288100 0.088200 0.095200 0.095300 0.102000 0.073800 0.126400 0.147000 0.139600 0.094200 0.088000 0.126300 0.088200 0.264000 0.215100 0.095100 0.126000 0.074000 0.088000 0.132400 0.094900 0.268000 0.102000 0.140400 0.087500 0.073900 0.095700 0.080900 0.103100 0.148400 0.264600 0.255400 0.126000 0.287400 0.249300 0.089000 0.102500 0.164700 0.095400 0.102400 0.000000 0.088000 0.102500
Bushbuck 0.087400 0.215600 0.012300 0.153700 0.052800 0.080100 0.109900 0.074000 0.000000 0.258000 0.059500 0.039200 0.052800 0.087900 0.046000 0.088600 0.094300 0.094500 0.065600 0.000000 0.081400 0.059500 0.208700 0.171600 0.066200 0.081200 0.045900 0.012800 0.101900 0.006100 0.239200 0.087900 0.087900 0.073100 0.045900 0.039400 0.052500 0.059800 0.102100 0.209300 0.200800 0.081200 0.257400 0.203000 0.032900 0.052700 0.117300 0.059400 0.045900 0.088000 0.000000 0.012800
GreaterKud 0.101900 0.216000 0.012800 0.169600 0.066600 0.094400 0.124800 0.088300 0.012800 0.267000 0.073400 0.052800 0.066600 0.102400 0.059700 0.103300 0.108800 0.109100 0.079500 0.012800 0.095900 0.073400 0.217200 0.170600 0.080200 0.095700 0.059600 0.012300 0.116700 0.006200 0.248000 0.102500 0.102500 0.087200 0.059500 0.053100 0.066300 0.073800 0.116900 0.226100 0.209300 0.095700 0.266500 0.201700 0.046500 0.066600 0.132400 0.073300 0.059500 0.102500 0.012800 0.000000
