1
52 1
Argali 0.000000 0.177300 0.049300 0.179100 0.039100 0.000000 0.049800 0.091800 0.070900 0.058400 0.019200 0.058800 0.049000 0.039400 0.081000 0.039200 0.038700 0.029000 0.029200 0.029000 0.080200 0.009600 0.048700 0.058900 0.019100 0.049300 0.069300 0.048900 0.049100 0.069800 0.058500 0.049200 0.079400 0.029100 0.029300 0.038800 0.009600 0.049600 0.081600 0.078900 0.048700 0.049400 0.058500 0.079300 0.049000 0.048800 0.059700 0.049200 0.039300 0.080100 0.049300 0.059200
LesserMous 0.177300 0.000000 0.213000 0.166700 0.201000 0.177300 0.215100 0.278900 0.237700 0.176500 0.153700 0.176400 0.212200 0.202300 0.250600 0.201200 0.176600 0.165200 0.165000 0.188300 0.250400 0.165200 0.165200 0.177800 0.153700 0.213400 0.212200 0.188400 0.189000 0.213000 0.176500 0.214100 0.176300 0.188700 0.190200 0.199800 0.165200 0.214600 0.253500 0.177200 0.165200 0.213400 0.176500 0.201400 0.212100 0.175200 0.201500 0.212700 0.201300 0.202700 0.213000 0.200700
LesserKudu 0.049300 0.213000 0.000000 0.191400 0.049500 0.049300 0.060400 0.103300 0.020000 0.068600 0.048900 0.029200 0.080100 0.049800 0.070400 0.039400 0.069200 0.039000 0.059300 0.019400 0.080500 0.039100 0.059300 0.069300 0.048900 0.049600 0.101300 0.019400 0.049300 0.019500 0.069100 0.060200 0.090200 0.059700 0.039500 0.029100 0.039100 0.060100 0.082000 0.089600 0.059100 0.049600 0.068900 0.090000 0.019400 0.059300 0.080800 0.059800 0.029600 0.091100 0.000000 0.009800
KillerWhal 0.179100 0.166700 0.191400 0.000000 0.167600 0.179100 0.193300 0.217600 0.215900 0.177600 0.155100 0.155300 0.214500 0.180700 0.203800 0.179800 0.155000 0.144200 0.166800 0.167000 0.203200 0.166900 0.144200 0.178900 0.155200 0.191700 0.214500 0.167100 0.167700 0.191400 0.177600 0.192400 0.202400 0.190800 0.168700 0.155100 0.166900 0.180700 0.218400 0.178100 0.144200 0.191700 0.177600 0.190300 0.166900 0.189900 0.229000 0.191100 0.179900 0.191600 0.191400 0.179200
DefassaWat 0.039100 0.201000 0.049500 0.167600 0.000000 0.039100 0.049900 0.081500 0.070300 0.058600 0.038800 0.058900 0.069500 0.039500 0.080700 0.039300 0.058800 0.029000 0.048900 0.029300 0.080400 0.029000 0.048900 0.059000 0.038800 0.049500 0.090400 0.049100 0.049200 0.070000 0.058600 0.049800 0.079600 0.049100 0.029400 0.038900 0.029000 0.009700 0.060600 0.079100 0.048900 0.049500 0.058600 0.058800 0.049100 0.048900 0.080700 0.049400 0.039600 0.080500 0.049500 0.059400
Sheep 0.000000 0.177300 0.049300 0.179100 0.039100 0.000000 0.049800 0.091800 0.070100 0.058900 0.019200 0.058800 0.049000 0.039400 0.080400 0.039200 0.038700 0.029000 0.029000 0.029000 0.080200 0.009600 0.049100 0.058900 0.019200 0.049300 0.068900 0.048900 0.048800 0.070800 0.058500 0.049500 0.079400 0.029100 0.029300 0.038800 0.009600 0.049200 0.081600 0.078900 0.048700 0.049300 0.058200 0.079300 0.049000 0.048800 0.059700 0.049200 0.039300 0.080100 0.049300 0.059200
MaxwellsDu 0.049800 0.215100 0.060400 0.193300 0.049900 0.049800 0.000000 0.093600 0.081900 0.069500 0.049300 0.070000 0.049700 0.009800 0.071000 0.029700 0.069800 0.039300 0.059700 0.039500 0.070800 0.039400 0.059800 0.070000 0.049300 0.040100 0.070300 0.059800 0.039600 0.081500 0.069500 0.019700 0.090500 0.029500 0.039700 0.049500 0.039400 0.060400 0.072200 0.090400 0.059600 0.040000 0.069500 0.090900 0.060000 0.059700 0.070200 0.060300 0.050200 0.092000 0.060500 0.070500
GazellaPrz 0.091800 0.278900 0.103300 0.217600 0.081500 0.091800 0.093600 0.000000 0.126100 0.123200 0.101900 0.123900 0.113600 0.082200 0.149100 0.060300 0.101700 0.091400 0.091200 0.091800 0.081100 0.091500 0.112900 0.112900 0.101800 0.070700 0.135800 0.102400 0.070300 0.125400 0.123200 0.093100 0.146600 0.092100 0.081800 0.080700 0.091500 0.093000 0.060900 0.133900 0.112900 0.070700 0.123200 0.112400 0.091700 0.113000 0.103000 0.114200 0.103700 0.147800 0.103300 0.113700
MountainNy 0.070900 0.237700 0.020000 0.215900 0.070300 0.070100 0.081900 0.126100 0.000000 0.089800 0.069400 0.049200 0.101700 0.070800 0.092100 0.060000 0.090200 0.059800 0.080000 0.039300 0.102200 0.059400 0.079900 0.090500 0.069400 0.070400 0.123400 0.039700 0.070000 0.019600 0.089800 0.060400 0.111800 0.080500 0.060200 0.049200 0.059400 0.081400 0.104200 0.111000 0.079900 0.070800 0.089800 0.111500 0.039300 0.080000 0.102600 0.080900 0.049900 0.113000 0.019800 0.029400
MuntiacusM 0.058400 0.176500 0.068600 0.177600 0.058600 0.058900 0.069500 0.123200 0.089800 0.000000 0.058100 0.058200 0.089100 0.059000 0.100400 0.058700 0.057900 0.028700 0.068400 0.048400 0.100100 0.048400 0.028700 0.038400 0.038300 0.068900 0.110100 0.068800 0.048500 0.089500 0.000000 0.069200 0.038500 0.069000 0.048800 0.058200 0.048300 0.069300 0.101600 0.058100 0.028700 0.068900 0.000000 0.058300 0.068500 0.068300 0.100400 0.068800 0.058800 0.058800 0.068900 0.058600
goat 0.019200 0.153700 0.048900 0.155100 0.038800 0.019200 0.049300 0.101900 0.069400 0.058100 0.000000 0.058200 0.048600 0.039100 0.079700 0.038900 0.038400 0.028700 0.028800 0.028800 0.079500 0.009500 0.048400 0.058700 0.019100 0.048900 0.048600 0.048700 0.048700 0.069200 0.058100 0.049100 0.078800 0.028900 0.029100 0.038500 0.009500 0.049100 0.080800 0.058200 0.048400 0.048900 0.058100 0.078500 0.048600 0.048400 0.059200 0.048800 0.039000 0.079500 0.048900 0.058700
AfricanBuf 0.058800 0.176400 0.029200 0.155300 0.058900 0.058800 0.070000 0.123900 0.049200 0.058200 0.058200 0.000000 0.089600 0.059400 0.079900 0.059100 0.058400 0.028800 0.068700 0.028900 0.100600 0.048500 0.048500 0.058600 0.038500 0.069400 0.110700 0.048600 0.048800 0.049400 0.058200 0.069600 0.078900 0.069000 0.049100 0.038600 0.048600 0.069700 0.102400 0.078500 0.048500 0.069400 0.058200 0.078900 0.028900 0.068600 0.101000 0.069200 0.039100 0.080400 0.029300 0.019300
Topi 0.049000 0.212200 0.080100 0.214500 0.069500 0.049000 0.049700 0.113600 0.101700 0.089100 0.048600 0.089600 0.000000 0.039300 0.112300 0.049200 0.068800 0.058700 0.058800 0.059000 0.090500 0.038800 0.079200 0.089700 0.048600 0.059500 0.019200 0.079400 0.059100 0.101300 0.089100 0.049500 0.110800 0.019200 0.059500 0.069000 0.038800 0.080500 0.092200 0.110200 0.079200 0.059500 0.089100 0.110700 0.079900 0.079200 0.069800 0.080000 0.069900 0.111900 0.080100 0.090200
CommonDuik 0.039400 0.202300 0.049800 0.180700 0.039500 0.039400 0.009800 0.082200 0.070800 0.059000 0.039100 0.059400 0.039300 0.000000 0.081300 0.019600 0.059200 0.029200 0.049200 0.029300 0.060100 0.029300 0.049200 0.059000 0.039100 0.029600 0.059600 0.049400 0.029500 0.070500 0.058900 0.009700 0.081000 0.019500 0.029600 0.039200 0.029300 0.049900 0.061200 0.079600 0.049200 0.029600 0.059000 0.080000 0.049500 0.049200 0.060000 0.049500 0.039900 0.080800 0.049800 0.059800
Suni 0.081000 0.250600 0.070400 0.203800 0.080700 0.080400 0.071000 0.149100 0.092100 0.100400 0.079700 0.079900 0.112300 0.081300 0.000000 0.080900 0.100700 0.069500 0.090400 0.069800 0.101900 0.069600 0.090300 0.101100 0.079600 0.091500 0.134300 0.090700 0.091000 0.091500 0.100400 0.092000 0.122800 0.091000 0.070500 0.080000 0.070000 0.092000 0.126600 0.121800 0.090300 0.091500 0.100400 0.122500 0.069900 0.090400 0.124500 0.091300 0.060100 0.123900 0.070400 0.080500
Springbuck 0.039200 0.201200 0.039400 0.179800 0.039300 0.039200 0.029700 0.060300 0.060000 0.058700 0.038900 0.059100 0.049200 0.019600 0.080900 0.000000 0.059100 0.029200 0.049100 0.029200 0.039200 0.029100 0.049000 0.059200 0.039100 0.009700 0.069500 0.039100 0.009600 0.059900 0.058700 0.029600 0.079700 0.029300 0.029500 0.039000 0.029100 0.049500 0.039900 0.079300 0.049000 0.009800 0.058700 0.079600 0.049200 0.049100 0.039300 0.049500 0.039600 0.080500 0.039400 0.049300
Okapi 0.038700 0.176600 0.069200 0.155000 0.058800 0.038700 0.069800 0.101700 0.090200 0.057900 0.038400 0.058400 0.068800 0.059200 0.100700 0.059100 0.000000 0.028700 0.028700 0.048500 0.079300 0.028800 0.048400 0.058900 0.019100 0.070100 0.068400 0.068700 0.048700 0.089900 0.058100 0.069500 0.078900 0.048600 0.049000 0.038500 0.028800 0.069500 0.102100 0.078500 0.048400 0.069200 0.058100 0.078800 0.048500 0.068500 0.079700 0.069100 0.059300 0.079500 0.069200 0.058700
Giraffe 0.029000 0.165200 0.039000 0.144200 0.029000 0.029000 0.039300 0.091400 0.059800 0.028700 0.028700 0.028800 0.058700 0.029200 0.069500 0.029200 0.028700 0.000000 0.038600 0.019300 0.069300 0.019100 0.019300 0.028800 0.009500 0.039000 0.079200 0.038700 0.019200 0.059100 0.028700 0.039200 0.048600 0.038800 0.019400 0.028900 0.019100 0.039200 0.070500 0.048300 0.019200 0.039200 0.028700 0.048500 0.038800 0.038600 0.069600 0.039000 0.029200 0.049000 0.039000 0.029000
TibetanAnt 0.029200 0.165000 0.059300 0.166800 0.048900 0.029000 0.059700 0.091200 0.080000 0.068400 0.028800 0.068700 0.058800 0.049200 0.090400 0.049100 0.028700 0.038600 0.000000 0.038700 0.069200 0.019100 0.058600 0.068100 0.028700 0.059200 0.079300 0.058800 0.059400 0.079800 0.068400 0.059400 0.089400 0.038800 0.039100 0.028800 0.019100 0.059500 0.091700 0.089000 0.059000 0.059200 0.068400 0.089400 0.038700 0.058600 0.048600 0.058800 0.049100 0.090200 0.059200 0.069100
Sitatunga 0.029000 0.188300 0.019400 0.167000 0.029300 0.029000 0.039500 0.091800 0.039300 0.048400 0.028800 0.028900 0.059000 0.029300 0.069800 0.029200 0.048500 0.019300 0.038700 0.000000 0.069600 0.019400 0.038700 0.048600 0.029000 0.039200 0.079500 0.019200 0.039000 0.039100 0.048400 0.039300 0.068900 0.038900 0.019500 0.009600 0.019200 0.039300 0.070800 0.068500 0.038700 0.039200 0.048400 0.068800 0.019400 0.038700 0.069800 0.039100 0.029300 0.069500 0.019500 0.029100
Oribi 0.080200 0.250400 0.080500 0.203200 0.080400 0.080200 0.070800 0.081100 0.102200 0.100100 0.079500 0.100600 0.090500 0.060100 0.101900 0.039200 0.079300 0.069300 0.069200 0.069600 0.000000 0.069400 0.090000 0.100800 0.079400 0.049200 0.112000 0.079800 0.049000 0.101800 0.100100 0.070500 0.122400 0.069700 0.070300 0.059000 0.069400 0.091700 0.081500 0.121500 0.090000 0.049200 0.100100 0.122200 0.069500 0.090100 0.069800 0.091000 0.080800 0.123500 0.080500 0.090600
BarbaryShe 0.009600 0.165200 0.039100 0.166900 0.029000 0.009600 0.039400 0.091500 0.059400 0.048400 0.009500 0.048500 0.038800 0.029300 0.069600 0.029100 0.028800 0.019100 0.019100 0.019400 0.069400 0.000000 0.038600 0.048800 0.009600 0.039100 0.058800 0.038800 0.038900 0.059200 0.048300 0.039200 0.068800 0.019200 0.019400 0.028800 0.000000 0.039200 0.070600 0.068400 0.038600 0.039300 0.048300 0.068700 0.038800 0.038600 0.048900 0.039000 0.029200 0.069400 0.039100 0.049100
Daviddeer 0.048700 0.165200 0.059300 0.144200 0.048900 0.049100 0.059800 0.112900 0.079900 0.028700 0.048400 0.048500 0.079200 0.049200 0.090300 0.049000 0.048400 0.019300 0.058600 0.038700 0.090000 0.038600 0.000000 0.028800 0.028700 0.059100 0.100000 0.058700 0.038800 0.079600 0.028700 0.059300 0.048600 0.058800 0.039100 0.048500 0.038600 0.059400 0.091600 0.048300 0.000000 0.059800 0.028700 0.048500 0.058700 0.058500 0.090400 0.059000 0.049100 0.049000 0.059100 0.049200
Reindeer 0.058900 0.177800 0.069300 0.178900 0.059000 0.058900 0.070000 0.112900 0.090500 0.038400 0.058700 0.058600 0.089700 0.059000 0.101100 0.059200 0.058900 0.028800 0.068100 0.048600 0.100800 0.048800 0.028800 0.000000 0.038600 0.069400 0.110900 0.068900 0.048600 0.090200 0.038500 0.069700 0.058800 0.069100 0.029100 0.058600 0.048600 0.069800 0.091500 0.018900 0.028800 0.069400 0.038500 0.019000 0.069000 0.068700 0.101100 0.069300 0.059200 0.059200 0.069400 0.058800
Ibex 0.019100 0.153700 0.048900 0.155200 0.038800 0.019200 0.049300 0.101800 0.069400 0.038300 0.019100 0.038500 0.048600 0.039100 0.079600 0.039100 0.019100 0.009500 0.028700 0.029000 0.079400 0.009600 0.028700 0.038600 0.000000 0.049400 0.068700 0.048500 0.028900 0.069500 0.038300 0.049100 0.058500 0.028900 0.029100 0.038800 0.009500 0.049000 0.080700 0.058200 0.028700 0.048900 0.038300 0.058400 0.048600 0.048400 0.059100 0.048800 0.038900 0.058800 0.049100 0.038700
GyrantGaze 0.049300 0.213400 0.049600 0.191700 0.049500 0.049300 0.040100 0.070700 0.070400 0.068900 0.048900 0.069400 0.059500 0.029600 0.091500 0.009700 0.070100 0.039000 0.059200 0.039200 0.049200 0.039100 0.059100 0.069400 0.049400 0.000000 0.080200 0.049200 0.019500 0.070200 0.068900 0.039600 0.090200 0.039200 0.039500 0.049100 0.039100 0.060200 0.050100 0.089600 0.059100 0.000000 0.068900 0.090100 0.059400 0.059200 0.049400 0.059800 0.049900 0.091100 0.049600 0.059500
Hartebeest 0.069300 0.212200 0.101300 0.214500 0.090400 0.068900 0.070300 0.135800 0.123400 0.110100 0.048600 0.110700 0.019200 0.059600 0.134300 0.069500 0.068400 0.079200 0.079300 0.079500 0.112000 0.058800 0.100000 0.110900 0.068700 0.080200 0.000000 0.100500 0.079700 0.123000 0.110100 0.069900 0.132500 0.038900 0.080300 0.089700 0.058800 0.101800 0.114000 0.110100 0.100000 0.080200 0.110100 0.132400 0.100600 0.100200 0.090900 0.101100 0.090800 0.133800 0.101300 0.111500
Bongo 0.048900 0.188400 0.019400 0.167100 0.049100 0.048900 0.059800 0.102400 0.039700 0.068800 0.048700 0.048600 0.079400 0.049400 0.090700 0.039100 0.068700 0.038700 0.058800 0.019200 0.079800 0.038800 0.058700 0.068900 0.048500 0.049200 0.100500 0.000000 0.048900 0.039100 0.068500 0.059600 0.089600 0.059000 0.039400 0.028900 0.038800 0.059600 0.081200 0.089000 0.058900 0.049200 0.068500 0.089500 0.038900 0.058700 0.080200 0.059300 0.049300 0.090400 0.019500 0.029400
Gerenuk 0.049100 0.189000 0.049300 0.167700 0.049200 0.048800 0.039600 0.070300 0.070000 0.048500 0.048700 0.048800 0.059100 0.029500 0.091000 0.009600 0.048700 0.019200 0.059400 0.039000 0.049000 0.038900 0.038800 0.048600 0.028900 0.019500 0.079700 0.048900 0.000000 0.069800 0.048500 0.039400 0.069100 0.039000 0.039300 0.048800 0.038900 0.059800 0.049800 0.068700 0.038800 0.019300 0.048500 0.069000 0.059100 0.058900 0.049100 0.059400 0.049400 0.069800 0.049300 0.039000
CommonElan 0.069800 0.213000 0.019500 0.191400 0.070000 0.070800 0.081500 0.125400 0.019600 0.089500 0.069200 0.049400 0.101300 0.070500 0.091500 0.059900 0.089900 0.059100 0.079800 0.039100 0.101800 0.059200 0.079600 0.090200 0.069500 0.070200 0.123000 0.039100 0.069800 0.000000 0.089500 0.081000 0.111400 0.080200 0.059900 0.049000 0.059800 0.081100 0.103700 0.110700 0.079600 0.070200 0.089500 0.111300 0.039200 0.079700 0.102200 0.080800 0.049700 0.112600 0.019500 0.029300
MuntiacusR 0.058500 0.176500 0.069100 0.177600 0.058600 0.058500 0.069500 0.123200 0.089800 0.000000 0.058100 0.058200 0.089100 0.058900 0.100400 0.058700 0.058100 0.028700 0.068400 0.048400 0.100100 0.048300 0.028700 0.038500 0.038300 0.068900 0.110100 0.068500 0.048500 0.089500 0.000000 0.069200 0.038500 0.068600 0.048700 0.058200 0.048400 0.069300 0.101600 0.058100 0.028700 0.069500 0.000000 0.057900 0.068200 0.068300 0.100400 0.068800 0.058800 0.058800 0.068900 0.058500
HarveysDui 0.049200 0.214100 0.060200 0.192400 0.049800 0.049500 0.019700 0.093100 0.060400 0.069200 0.049100 0.069600 0.049500 0.009700 0.092000 0.029600 0.069500 0.039200 0.059400 0.039300 0.070500 0.039200 0.059300 0.069700 0.049100 0.039600 0.069900 0.059600 0.039400 0.081000 0.069200 0.000000 0.090700 0.029400 0.039700 0.049200 0.039200 0.060400 0.071800 0.090000 0.059400 0.039600 0.069200 0.090500 0.059700 0.059400 0.070700 0.060000 0.050000 0.091500 0.060100 0.070200
Pronghorn 0.079400 0.176300 0.090200 0.202400 0.079600 0.079400 0.090500 0.146600 0.111800 0.038500 0.078800 0.078900 0.110800 0.081000 0.122800 0.079700 0.078900 0.048600 0.089400 0.068900 0.122400 0.068800 0.048600 0.058800 0.058500 0.090200 0.132500 0.089600 0.069100 0.111400 0.038500 0.090700 0.000000 0.089800 0.069600 0.079000 0.068800 0.090700 0.124400 0.078900 0.048600 0.090200 0.038500 0.079200 0.089600 0.078500 0.122700 0.090000 0.079800 0.079700 0.090300 0.079400
BlueWildeb 0.029100 0.188700 0.059700 0.190800 0.049100 0.029100 0.029500 0.092100 0.080500 0.069000 0.028900 0.069000 0.019200 0.019500 0.091000 0.029300 0.048600 0.038800 0.038800 0.038900 0.069700 0.019200 0.058800 0.069100 0.028900 0.039200 0.038900 0.059000 0.039000 0.080200 0.068600 0.029400 0.089800 0.000000 0.039300 0.048900 0.019200 0.059800 0.071000 0.089200 0.058800 0.039200 0.068600 0.089700 0.059000 0.058800 0.049300 0.059400 0.049400 0.090600 0.059500 0.069500
Gemsbok 0.029300 0.190200 0.039500 0.168700 0.029400 0.029300 0.039700 0.081800 0.060200 0.048800 0.029100 0.049100 0.059500 0.029600 0.070500 0.029500 0.049000 0.019400 0.039100 0.019500 0.070300 0.019400 0.039100 0.029100 0.029100 0.039500 0.080300 0.039400 0.039300 0.059900 0.048700 0.039700 0.069600 0.039300 0.000000 0.029200 0.019400 0.039700 0.060900 0.048400 0.039000 0.039500 0.048800 0.048600 0.039200 0.039200 0.070500 0.039500 0.029500 0.070200 0.039500 0.049400
Yak 0.038800 0.199800 0.029100 0.155100 0.038900 0.038800 0.049500 0.080700 0.049200 0.058200 0.038500 0.038600 0.069000 0.039200 0.080000 0.039000 0.038500 0.028900 0.028800 0.009600 0.059000 0.028800 0.048500 0.058600 0.038800 0.049100 0.089700 0.028900 0.048800 0.049000 0.058200 0.049200 0.079000 0.048900 0.029200 0.000000 0.028800 0.049600 0.081100 0.078600 0.048500 0.049100 0.058200 0.078900 0.009600 0.048500 0.080000 0.049000 0.039100 0.079700 0.029100 0.038900
BlueSheep 0.009600 0.165200 0.039100 0.166900 0.029000 0.009600 0.039400 0.091500 0.059400 0.048300 0.009500 0.048600 0.038800 0.029300 0.070000 0.029100 0.028800 0.019100 0.019100 0.019200 0.069400 0.000000 0.038600 0.048600 0.009500 0.039100 0.058800 0.038800 0.038900 0.059800 0.048400 0.039200 0.068800 0.019200 0.019400 0.028800 0.000000 0.039200 0.070600 0.069300 0.038600 0.039200 0.048300 0.069400 0.038800 0.038600 0.049200 0.039000 0.029300 0.069400 0.039100 0.048900
BohorReedb 0.049600 0.214600 0.060100 0.180700 0.009700 0.049200 0.060400 0.093000 0.081400 0.069300 0.049100 0.069700 0.080500 0.049900 0.092000 0.049500 0.069500 0.039200 0.059500 0.039300 0.091700 0.039200 0.059400 0.069800 0.049000 0.060200 0.101800 0.059600 0.059800 0.081100 0.069300 0.060400 0.090700 0.059800 0.039700 0.049600 0.039200 0.000000 0.071700 0.090100 0.059400 0.059900 0.069300 0.069500 0.059400 0.059400 0.092000 0.060000 0.049800 0.091600 0.060100 0.070200
KirksDik 0.081600 0.253500 0.082000 0.218400 0.060600 0.081600 0.072200 0.060900 0.104200 0.101600 0.080800 0.102400 0.092200 0.061200 0.126600 0.039900 0.102100 0.070500 0.091700 0.070800 0.081500 0.070600 0.091600 0.091500 0.080700 0.050100 0.114000 0.081200 0.049800 0.103700 0.101600 0.071800 0.124400 0.071000 0.060900 0.081100 0.070600 0.071700 0.000000 0.112200 0.091600 0.050100 0.101600 0.091100 0.092100 0.091600 0.081700 0.092700 0.061000 0.125600 0.082000 0.092300
RoeDeer 0.078900 0.177200 0.089600 0.178100 0.079100 0.078900 0.090400 0.133900 0.111000 0.058100 0.058200 0.078500 0.110200 0.079600 0.121800 0.079300 0.078500 0.048300 0.089000 0.068500 0.121500 0.068400 0.048300 0.018900 0.058200 0.089600 0.110100 0.089000 0.068700 0.110700 0.058100 0.090000 0.078900 0.089200 0.048400 0.078600 0.069300 0.090100 0.112200 0.000000 0.048300 0.089600 0.058100 0.038200 0.089100 0.089100 0.121900 0.089500 0.079300 0.079400 0.089600 0.078900
WhiteLippe 0.048700 0.165200 0.059100 0.144200 0.048900 0.048700 0.059600 0.112900 0.079900 0.028700 0.048400 0.048500 0.079200 0.049200 0.090300 0.049000 0.048400 0.019200 0.059000 0.038700 0.090000 0.038600 0.000000 0.028800 0.028700 0.059100 0.100000 0.058900 0.038800 0.079600 0.028700 0.059400 0.048600 0.058800 0.039000 0.048500 0.038600 0.059400 0.091600 0.048300 0.000000 0.059100 0.028700 0.048400 0.058700 0.058500 0.090400 0.059000 0.049100 0.049000 0.059100 0.048800
ThomsonGaz 0.049400 0.213400 0.049600 0.191700 0.049500 0.049300 0.040000 0.070700 0.070800 0.068900 0.048900 0.069400 0.059500 0.029600 0.091500 0.009800 0.069200 0.039200 0.059200 0.039200 0.049200 0.039300 0.059800 0.069400 0.048900 0.000000 0.080200 0.049200 0.019300 0.070200 0.069500 0.039600 0.090200 0.039200 0.039500 0.049100 0.039200 0.059900 0.050100 0.089600 0.059100 0.000000 0.068900 0.090100 0.059500 0.059200 0.049500 0.059800 0.049700 0.091100 0.049600 0.059500
MuntiacusC 0.058500 0.176500 0.068900 0.177600 0.058600 0.058200 0.069500 0.123200 0.089800 0.000000 0.058100 0.058200 0.089100 0.059000 0.100400 0.058700 0.058100 0.028700 0.068400 0.048400 0.100100 0.048300 0.028700 0.038500 0.038300 0.068900 0.110100 0.068500 0.048500 0.089500 0.000000 0.069200 0.038500 0.068600 0.048800 0.058200 0.048300 0.069300 0.101600 0.058100 0.028700 0.068900 0.000000 0.058300 0.068500 0.068700 0.100400 0.068800 0.058800 0.058800 0.069300 0.058500
WhiteTaile 0.079300 0.201400 0.090000 0.190300 0.058800 0.079300 0.090900 0.112400 0.111500 0.058300 0.078500 0.078900 0.110700 0.080000 0.122500 0.079600 0.078800 0.048500 0.089400 0.068800 0.122200 0.068700 0.048500 0.019000 0.058400 0.090100 0.132400 0.089500 0.069000 0.111300 0.057900 0.090500 0.079200 0.089700 0.048600 0.078900 0.069400 0.069500 0.091100 0.038200 0.048400 0.090100 0.058300 0.000000 0.090300 0.089300 0.122600 0.089900 0.079700 0.079800 0.090000 0.079300
Cattle 0.049000 0.212100 0.019400 0.166900 0.049100 0.049000 0.060000 0.091700 0.039300 0.068500 0.048600 0.028900 0.079900 0.049500 0.069900 0.049200 0.048500 0.038800 0.038700 0.019400 0.069500 0.038800 0.058700 0.069000 0.048600 0.059400 0.100600 0.038900 0.059100 0.039200 0.068200 0.059700 0.089600 0.059000 0.039200 0.009600 0.038800 0.059400 0.092100 0.089100 0.058700 0.059500 0.068500 0.090300 0.000000 0.058700 0.090900 0.059500 0.029300 0.090500 0.019400 0.029100
RoyalAntel 0.048800 0.175200 0.059300 0.189900 0.048900 0.048800 0.059700 0.113000 0.080000 0.068300 0.048400 0.068600 0.079200 0.049200 0.090400 0.049100 0.068500 0.038600 0.058600 0.038700 0.090100 0.038600 0.058500 0.068700 0.048400 0.059200 0.100200 0.058700 0.058900 0.079700 0.068300 0.059400 0.078500 0.058800 0.039200 0.048500 0.038600 0.059400 0.091600 0.089100 0.058500 0.059200 0.068700 0.089300 0.058700 0.000000 0.090500 0.059000 0.049100 0.090100 0.059100 0.069100
Steenbok 0.059700 0.201500 0.080800 0.229000 0.080700 0.059700 0.070200 0.103000 0.102600 0.100400 0.059200 0.101000 0.069800 0.060000 0.124500 0.039300 0.079700 0.069600 0.048600 0.069800 0.069800 0.048900 0.090400 0.101100 0.059100 0.049400 0.090900 0.080200 0.049100 0.102200 0.100400 0.070700 0.122700 0.049300 0.070500 0.080000 0.049200 0.092000 0.081700 0.121900 0.090400 0.049500 0.100400 0.122600 0.090900 0.090500 0.000000 0.091400 0.081100 0.124000 0.080800 0.091000
Impala 0.049200 0.212700 0.059800 0.191100 0.049400 0.049200 0.060300 0.114200 0.080900 0.068800 0.048800 0.069200 0.080000 0.049500 0.091300 0.049500 0.069100 0.039000 0.058800 0.039100 0.091000 0.039000 0.059000 0.069300 0.048800 0.059800 0.101100 0.059300 0.059400 0.080800 0.068800 0.060000 0.090000 0.059400 0.039500 0.049000 0.039000 0.060000 0.092700 0.089500 0.059000 0.059800 0.068800 0.089900 0.059500 0.059000 0.091400 0.000000 0.049600 0.090900 0.059800 0.069700
Klipspring 0.039300 0.201300 0.029600 0.179900 0.039600 0.039300 0.050200 0.103700 0.049900 0.058800 0.039000 0.039100 0.069900 0.039900 0.060100 0.039600 0.059300 0.029200 0.049100 0.029300 0.080800 0.029200 0.049100 0.059200 0.038900 0.049900 0.090800 0.049300 0.049400 0.049700 0.058800 0.050000 0.079800 0.049400 0.029500 0.039100 0.029300 0.049800 0.061000 0.079300 0.049100 0.049700 0.058800 0.079700 0.029300 0.049100 0.081100 0.049600 0.000000 0.080700 0.029500 0.039400
ForestMusk 0.080100 0.202700 0.091100 0.191600 0.080500 0.080100 0.092000 0.147800 0.113000 0.058800 0.079500 0.080400 0.111900 0.080800 0.123900 0.080500 0.079500 0.049000 0.090200 0.069500 0.123500 0.069400 0.049000 0.059200 0.058800 0.091100 0.133800 0.090400 0.069800 0.112600 0.058800 0.091500 0.079700 0.090600 0.070200 0.079700 0.069400 0.091600 0.125600 0.079400 0.049000 0.091100 0.058800 0.079800 0.090500 0.090100 0.124000 0.090900 0.080700 0.000000 0.091100 0.079700
Bushbuck 0.049300 0.213000 0.000000 0.191400 0.049500 0.049300 0.060500 0.103300 0.019800 0.068900 0.048900 0.029300 0.080100 0.049800 0.070400 0.039400 0.069200 0.039000 0.059200 0.019500 0.080500 0.039100 0.059100 0.069400 0.049100 0.049600 0.101300 0.019500 0.049300 0.019500 0.068900 0.060100 0.090300 0.059500 0.039500 0.029100 0.039100 0.060100 0.082000 0.089600 0.059100 0.049600 0.069300 0.090000 0.019400 0.059100 0.080800 0.059800 0.029500 0.091100 0.000000 0.009700
GreaterKud 0.059200 0.200700 0.009800 0.179200 0.059400 0.059200 0.070500 0.113700 0.029400 0.058600 0.058700 0.019300 0.090200 0.059800 0.080500 0.049300 0.058700 0.029000 0.069100 0.029100 0.090600 0.049100 0.049200 0.058800 0.038700 0.059500 0.111500 0.029400 0.039000 0.029300 0.058500 0.070200 0.079400 0.069500 0.049400 0.038900 0.048900 0.070200 0.092300 0.078900 0.048800 0.059500 0.058500 0.079300 0.029100 0.069100 0.091000 0.069700 0.039400 0.079700 0.009700 0.000000
