1
52 1
Argali 0.000000 0.143900 0.073200 0.186500 0.074300 0.000000 0.030800 0.063500 0.073000 0.073700 0.020300 0.031400 0.041200 0.051900 0.063800 0.051400 0.074200 0.073900 0.040600 0.073400 0.074500 0.020400 0.051700 0.051800 0.020300 0.041100 0.041200 0.084600 0.062800 0.084700 0.062500 0.052200 0.106600 0.051800 0.052300 0.042600 0.020300 0.063000 0.074400 0.119800 0.051800 0.051800 0.062600 0.075100 0.053500 0.052500 0.073600 0.085000 0.041600 0.075000 0.084400 0.062600
LesserMous 0.143900 0.000000 0.128800 0.171900 0.182500 0.143900 0.156400 0.168300 0.152500 0.118300 0.144500 0.156800 0.168700 0.156400 0.197300 0.154300 0.107200 0.106900 0.166100 0.153000 0.156300 0.144500 0.129400 0.130400 0.144500 0.143200 0.168700 0.140900 0.167900 0.165600 0.117900 0.144800 0.164400 0.156100 0.169700 0.163400 0.144500 0.169200 0.183000 0.180600 0.129900 0.155500 0.118100 0.136700 0.163000 0.133100 0.189500 0.168700 0.137700 0.131600 0.152600 0.141100
LesserKudu 0.073200 0.128800 0.000000 0.153900 0.084800 0.073200 0.062300 0.074100 0.019600 0.061800 0.051800 0.040900 0.073200 0.062200 0.074600 0.061700 0.040700 0.031700 0.072100 0.019700 0.084900 0.051600 0.061400 0.062100 0.051800 0.051500 0.073200 0.009800 0.073500 0.029900 0.050900 0.062700 0.092300 0.062300 0.084900 0.049500 0.051800 0.073500 0.084900 0.094900 0.061600 0.051500 0.051000 0.085200 0.049500 0.062900 0.073200 0.073400 0.051900 0.055600 0.029800 0.009800
KillerWhal 0.186500 0.171900 0.153900 0.000000 0.231800 0.186500 0.177100 0.219400 0.178300 0.157200 0.164800 0.187900 0.190000 0.176200 0.220000 0.204100 0.152800 0.144700 0.187900 0.179600 0.218600 0.164100 0.168900 0.167200 0.164800 0.187800 0.190000 0.167300 0.219600 0.192700 0.156100 0.165000 0.215100 0.176700 0.190100 0.187300 0.164800 0.218000 0.219200 0.215500 0.169100 0.168100 0.156900 0.178400 0.187300 0.190500 0.228900 0.190900 0.190400 0.150000 0.154000 0.167400
DefassaWat 0.074300 0.182500 0.084800 0.231800 0.000000 0.074300 0.063200 0.075200 0.084600 0.108900 0.052500 0.064600 0.074100 0.063200 0.098500 0.062400 0.109100 0.101900 0.073100 0.085000 0.086300 0.052400 0.085400 0.085700 0.052500 0.052100 0.074100 0.096600 0.074200 0.096500 0.096900 0.063600 0.142700 0.085300 0.086200 0.065300 0.052500 0.010300 0.086200 0.145200 0.085700 0.063000 0.097000 0.111000 0.065100 0.063900 0.085300 0.097100 0.052600 0.086900 0.096200 0.074000
Sheep 0.000000 0.143900 0.073200 0.186500 0.074300 0.000000 0.030800 0.063500 0.073000 0.073700 0.020300 0.031400 0.041200 0.051900 0.063800 0.051400 0.074200 0.073900 0.040600 0.073400 0.074500 0.020400 0.051700 0.051800 0.020300 0.041100 0.041200 0.084600 0.062800 0.084700 0.062500 0.052200 0.106600 0.051800 0.052300 0.042600 0.020300 0.063000 0.074400 0.119800 0.051800 0.051800 0.062600 0.075100 0.053500 0.052500 0.073600 0.085000 0.041600 0.075000 0.084400 0.062600
MaxwellsDu 0.030800 0.156400 0.062300 0.177100 0.063200 0.030800 0.000000 0.052600 0.062200 0.085200 0.030900 0.020800 0.051900 0.020400 0.052900 0.040800 0.085500 0.079400 0.051200 0.062500 0.063400 0.030800 0.062700 0.062900 0.030900 0.030600 0.051900 0.073600 0.052000 0.073600 0.073800 0.020500 0.118200 0.062700 0.063300 0.031800 0.030900 0.052200 0.063300 0.120100 0.062900 0.041200 0.073800 0.086900 0.042600 0.041700 0.062700 0.073900 0.031000 0.063800 0.073400 0.051800
GazellaPrz 0.063500 0.168300 0.074100 0.219400 0.075200 0.063500 0.052600 0.000000 0.073900 0.097800 0.042000 0.058500 0.063400 0.052600 0.087500 0.030800 0.098000 0.090600 0.062600 0.074200 0.031100 0.041900 0.074600 0.074900 0.042000 0.020600 0.063400 0.085600 0.041800 0.085600 0.086000 0.052900 0.131500 0.074500 0.075300 0.058600 0.042000 0.063800 0.053200 0.133800 0.074900 0.031100 0.086000 0.099700 0.058800 0.053200 0.048400 0.086100 0.042200 0.075900 0.085400 0.063300
MountainNy 0.073000 0.152500 0.019600 0.178300 0.084600 0.073000 0.062200 0.073900 0.000000 0.083400 0.051600 0.040800 0.073000 0.062000 0.074300 0.061500 0.061700 0.053000 0.071900 0.000100 0.084700 0.051500 0.061300 0.061600 0.051600 0.051300 0.073000 0.029800 0.073200 0.029800 0.072100 0.062500 0.092100 0.084000 0.084700 0.041300 0.051600 0.073200 0.084500 0.112800 0.061500 0.051200 0.072200 0.085100 0.041200 0.062700 0.072900 0.073200 0.051700 0.066200 0.029700 0.009800
MuntiacusM 0.073700 0.118300 0.061800 0.157200 0.108900 0.073700 0.085200 0.097800 0.083400 0.000000 0.074100 0.063700 0.096200 0.085100 0.098500 0.084100 0.041300 0.041000 0.094600 0.083700 0.086000 0.073900 0.020200 0.041000 0.074100 0.073700 0.096200 0.072900 0.096600 0.095000 0.010100 0.063500 0.072800 0.084900 0.085600 0.064400 0.074100 0.097000 0.086200 0.084700 0.020300 0.073600 0.010000 0.041900 0.064200 0.085900 0.107700 0.074500 0.074500 0.031100 0.072700 0.072900
goat 0.020300 0.144500 0.051800 0.164800 0.052500 0.020300 0.030900 0.042000 0.051600 0.074100 0.000000 0.031500 0.020400 0.030900 0.064100 0.030500 0.074600 0.067100 0.020100 0.051900 0.052600 0.000000 0.051900 0.052100 0.000000 0.020300 0.020400 0.062900 0.041400 0.062800 0.062800 0.031100 0.107100 0.030800 0.031100 0.031900 0.000000 0.041600 0.052600 0.108500 0.052100 0.030800 0.062900 0.075500 0.031800 0.031200 0.052000 0.063100 0.020600 0.053000 0.062700 0.041300
AfricanBuf 0.031400 0.156800 0.040900 0.187900 0.064600 0.031400 0.020800 0.058500 0.040800 0.063700 0.031500 0.000000 0.053000 0.042100 0.031900 0.041500 0.063700 0.055800 0.052200 0.041000 0.064700 0.031400 0.041600 0.041800 0.031500 0.031200 0.053000 0.051700 0.052900 0.051700 0.052400 0.042500 0.095000 0.064000 0.064600 0.010400 0.031500 0.053200 0.064700 0.097800 0.041700 0.031200 0.052500 0.065000 0.020800 0.042600 0.052900 0.053200 0.031500 0.046300 0.051600 0.030600
Topi 0.041200 0.168700 0.073200 0.190000 0.074100 0.041200 0.051900 0.063400 0.073000 0.096200 0.020400 0.053000 0.000000 0.051900 0.086100 0.051200 0.096700 0.089500 0.020100 0.073400 0.074300 0.020400 0.073400 0.073700 0.020400 0.041000 0.000000 0.084600 0.062700 0.084700 0.084600 0.052200 0.129700 0.010100 0.052300 0.053600 0.020400 0.062900 0.074300 0.131700 0.073600 0.051700 0.084600 0.098000 0.053400 0.052400 0.073500 0.084800 0.041500 0.074800 0.084400 0.062600
CommonDuik 0.051900 0.156400 0.062200 0.176200 0.063200 0.051900 0.020400 0.052600 0.062000 0.085100 0.030900 0.042100 0.051900 0.000000 0.074900 0.040700 0.085400 0.078300 0.051200 0.062300 0.063300 0.030800 0.062600 0.062800 0.030900 0.030500 0.051900 0.073500 0.051800 0.051600 0.073700 0.020500 0.118200 0.062600 0.063300 0.042500 0.030900 0.052100 0.063200 0.120000 0.062800 0.041000 0.073700 0.086800 0.042400 0.041700 0.040900 0.073800 0.030900 0.063800 0.073300 0.051700
Suni 0.063800 0.197300 0.074600 0.220000 0.098500 0.063800 0.052900 0.087500 0.074300 0.098500 0.064100 0.031900 0.086100 0.074900 0.000000 0.074000 0.098500 0.090500 0.084900 0.074700 0.098700 0.064000 0.075000 0.066000 0.064100 0.063500 0.086100 0.086200 0.086200 0.086200 0.086500 0.075500 0.132300 0.097600 0.098800 0.043500 0.064100 0.086700 0.098600 0.134600 0.075300 0.063400 0.086600 0.100700 0.054700 0.075800 0.102800 0.064300 0.064200 0.076500 0.086000 0.063700
Springbuck 0.051400 0.154300 0.061700 0.204100 0.062400 0.051400 0.040800 0.030800 0.061500 0.084100 0.030500 0.041500 0.051200 0.040700 0.074000 0.000000 0.084300 0.076300 0.050600 0.061800 0.041300 0.030400 0.061800 0.062000 0.030500 0.010000 0.051200 0.072800 0.010000 0.072900 0.072800 0.041000 0.116700 0.061900 0.062500 0.043800 0.030500 0.051500 0.041100 0.095800 0.062000 0.020100 0.072900 0.085700 0.043900 0.041200 0.040800 0.072900 0.032400 0.063000 0.072700 0.051300
Okapi 0.074200 0.107200 0.040700 0.152800 0.109100 0.074200 0.085500 0.098000 0.061700 0.041300 0.074600 0.063700 0.096700 0.085400 0.098500 0.084300 0.000000 0.000100 0.095300 0.062000 0.109300 0.074400 0.041000 0.040900 0.074600 0.073900 0.096700 0.051400 0.096700 0.073000 0.030500 0.086000 0.072700 0.085300 0.109200 0.064600 0.074600 0.097200 0.109200 0.085200 0.041100 0.073700 0.030600 0.063900 0.064400 0.086300 0.108000 0.074600 0.074600 0.052600 0.072900 0.051500
Giraffe 0.073900 0.106900 0.031700 0.144700 0.101900 0.073900 0.079400 0.090600 0.053000 0.041000 0.067100 0.055800 0.089500 0.078300 0.090500 0.076300 0.000100 0.000000 0.088800 0.053700 0.102500 0.066500 0.040800 0.040700 0.067100 0.065900 0.089500 0.043000 0.088800 0.065000 0.030400 0.079400 0.072300 0.077900 0.101900 0.055700 0.067100 0.090500 0.101500 0.078100 0.040900 0.065000 0.030400 0.063700 0.055800 0.078200 0.100500 0.067100 0.066200 0.043900 0.064800 0.043100
TibetanAnt 0.040600 0.166100 0.072100 0.187900 0.073100 0.040600 0.051200 0.062600 0.071900 0.094600 0.020100 0.052200 0.020100 0.051200 0.084900 0.050600 0.095300 0.088800 0.000000 0.072200 0.073300 0.020100 0.072200 0.072500 0.020100 0.040500 0.020100 0.083300 0.061800 0.083400 0.083200 0.051500 0.105400 0.030300 0.051500 0.052700 0.020100 0.062000 0.073200 0.129300 0.072500 0.050900 0.083300 0.096400 0.052600 0.051700 0.072500 0.083600 0.040900 0.073700 0.083100 0.061600
Sitatunga 0.073400 0.153000 0.019700 0.179600 0.085000 0.073400 0.062500 0.074200 0.000100 0.083700 0.051900 0.041000 0.073400 0.062300 0.074700 0.061800 0.062000 0.053700 0.072200 0.000000 0.085100 0.051700 0.061500 0.061900 0.051900 0.051500 0.073400 0.029900 0.073600 0.029900 0.072500 0.062800 0.092500 0.084400 0.085100 0.041400 0.051900 0.073600 0.085000 0.117900 0.061700 0.051400 0.072500 0.085400 0.041300 0.063000 0.073300 0.073600 0.051900 0.067000 0.029800 0.009800
Oribi 0.074500 0.156300 0.084900 0.218600 0.086300 0.074500 0.063400 0.031100 0.084700 0.086000 0.052600 0.064700 0.074300 0.063300 0.098700 0.041300 0.109300 0.102500 0.073300 0.085100 0.000000 0.052500 0.085500 0.085800 0.052600 0.031000 0.074300 0.096700 0.052600 0.096700 0.097000 0.041900 0.142900 0.085500 0.063900 0.065400 0.052600 0.074800 0.064100 0.145300 0.085800 0.041600 0.097100 0.087700 0.065200 0.064000 0.060700 0.097300 0.052700 0.064400 0.073900 0.074100
BarbaryShe 0.020400 0.144500 0.051600 0.164100 0.052400 0.020400 0.030800 0.041900 0.051500 0.073900 0.000000 0.031400 0.020400 0.030800 0.064000 0.030400 0.074400 0.066500 0.020100 0.051700 0.052500 0.000000 0.051800 0.052000 0.000000 0.020300 0.020400 0.062700 0.041300 0.062600 0.062700 0.031000 0.106800 0.030700 0.031000 0.031800 0.000000 0.041500 0.052400 0.108100 0.051900 0.030700 0.062700 0.075400 0.031700 0.031100 0.051900 0.063000 0.020500 0.052900 0.062500 0.041200
Daviddeer 0.051700 0.129400 0.061400 0.168900 0.085400 0.051700 0.062700 0.074600 0.061300 0.020200 0.051900 0.041600 0.073400 0.062600 0.075000 0.061800 0.041000 0.040800 0.072200 0.061500 0.085500 0.051800 0.000000 0.019900 0.051900 0.051600 0.073400 0.072500 0.073600 0.072500 0.010000 0.063100 0.051000 0.084400 0.085000 0.042000 0.051900 0.073900 0.063400 0.084200 0.000000 0.051500 0.010000 0.041600 0.041900 0.063200 0.084500 0.052100 0.052100 0.041500 0.072300 0.051100
Reindeer 0.051800 0.130400 0.062100 0.167200 0.085700 0.051800 0.062900 0.074900 0.061600 0.041000 0.052100 0.041800 0.073700 0.062800 0.066000 0.062000 0.040900 0.040700 0.072500 0.061900 0.085800 0.052000 0.019900 0.000000 0.052100 0.051800 0.073700 0.072800 0.073800 0.072900 0.030300 0.063400 0.072400 0.084800 0.085500 0.042300 0.052100 0.074200 0.085700 0.062900 0.019900 0.051700 0.030400 0.020700 0.042200 0.063300 0.084800 0.052200 0.052300 0.041600 0.072700 0.051300
Ibex 0.020300 0.144500 0.051800 0.164800 0.052500 0.020300 0.030900 0.042000 0.051600 0.074100 0.000000 0.031500 0.020400 0.030900 0.064100 0.030500 0.074600 0.067100 0.020100 0.051900 0.052600 0.000000 0.051900 0.052100 0.000000 0.020300 0.020400 0.062900 0.041400 0.062800 0.062800 0.031100 0.107100 0.030800 0.031100 0.031900 0.000000 0.041600 0.052600 0.108500 0.052100 0.030800 0.062900 0.075500 0.031800 0.031200 0.052000 0.063100 0.020600 0.053000 0.062700 0.041300
GyrantGaze 0.041100 0.143200 0.051500 0.187800 0.052100 0.041100 0.030600 0.020600 0.051300 0.073700 0.020300 0.031200 0.041000 0.030500 0.063500 0.010000 0.073900 0.065900 0.040500 0.051500 0.031000 0.020300 0.051600 0.051800 0.020300 0.000000 0.041000 0.062500 0.020300 0.062500 0.062500 0.030800 0.106100 0.051600 0.052100 0.031500 0.020300 0.041300 0.030900 0.107800 0.051800 0.010100 0.062500 0.075100 0.031400 0.030900 0.030600 0.062600 0.020300 0.052600 0.062400 0.041100
Hartebeest 0.041200 0.168700 0.073200 0.190000 0.074100 0.041200 0.051900 0.063400 0.073000 0.096200 0.020400 0.053000 0.000000 0.051900 0.086100 0.051200 0.096700 0.089500 0.020100 0.073400 0.074300 0.020400 0.073400 0.073700 0.020400 0.041000 0.000000 0.084600 0.062700 0.084700 0.084600 0.052200 0.129700 0.010100 0.052300 0.053600 0.020400 0.062900 0.074300 0.131700 0.073600 0.051700 0.084600 0.098000 0.053400 0.052400 0.073500 0.084800 0.041500 0.074800 0.084400 0.062600
Bongo 0.084600 0.140900 0.009800 0.167300 0.096600 0.084600 0.073600 0.085600 0.029800 0.072900 0.062900 0.051700 0.084600 0.073500 0.086200 0.072800 0.051400 0.043000 0.083300 0.029900 0.096700 0.062700 0.072500 0.072800 0.062900 0.062500 0.084600 0.000000 0.084900 0.040300 0.061800 0.074000 0.082000 0.073500 0.096700 0.052300 0.062900 0.084900 0.096600 0.102000 0.072800 0.062300 0.061900 0.097000 0.052200 0.074300 0.084700 0.084900 0.062900 0.067500 0.040100 0.019900
Gerenuk 0.062800 0.167900 0.073500 0.219600 0.074200 0.062800 0.052000 0.041800 0.073200 0.096600 0.041400 0.052900 0.062700 0.051800 0.086200 0.010000 0.096700 0.088800 0.061800 0.073600 0.052600 0.041300 0.073600 0.073800 0.041400 0.020300 0.062700 0.084900 0.000000 0.085000 0.084800 0.052200 0.129800 0.073600 0.074300 0.055700 0.041400 0.063000 0.052400 0.108600 0.073800 0.030700 0.084900 0.098200 0.055800 0.052400 0.051900 0.084900 0.043800 0.074900 0.084700 0.062800
CommonElan 0.084700 0.165600 0.029900 0.192700 0.096500 0.084700 0.073600 0.085600 0.029800 0.095000 0.062800 0.051700 0.084700 0.051600 0.086200 0.072900 0.073000 0.065000 0.083400 0.029900 0.096700 0.062600 0.072500 0.072900 0.062800 0.062500 0.084700 0.040300 0.085000 0.000000 0.083600 0.074100 0.103900 0.095900 0.096600 0.052300 0.062800 0.084900 0.096700 0.127400 0.072700 0.062400 0.083600 0.097000 0.052200 0.074200 0.062400 0.084800 0.062900 0.078700 0.040200 0.019900
MuntiacusR 0.062500 0.117900 0.050900 0.156100 0.096900 0.062500 0.073800 0.086000 0.072100 0.010100 0.062800 0.052400 0.084600 0.073700 0.086500 0.072800 0.030500 0.030400 0.083200 0.072500 0.097000 0.062700 0.010000 0.030300 0.062800 0.062500 0.084600 0.061800 0.084800 0.083600 0.000000 0.074200 0.061800 0.073500 0.096500 0.053000 0.062800 0.085300 0.074600 0.073300 0.010100 0.062400 0.000000 0.052500 0.052900 0.074300 0.095900 0.063200 0.063100 0.041600 0.083400 0.061800
HarveysDui 0.052200 0.144800 0.062700 0.165000 0.063600 0.052200 0.020500 0.052900 0.062500 0.063500 0.031100 0.042500 0.052200 0.020500 0.075500 0.041000 0.086000 0.079400 0.051500 0.062800 0.041900 0.031000 0.063100 0.063400 0.031100 0.030800 0.052200 0.074000 0.052200 0.074100 0.074200 0.000000 0.118900 0.063000 0.041900 0.043000 0.031100 0.052500 0.063700 0.120900 0.063300 0.041400 0.074300 0.064700 0.042800 0.042000 0.063000 0.074300 0.031200 0.042200 0.052000 0.052100
Pronghorn 0.106600 0.164400 0.092300 0.215100 0.142700 0.106600 0.118200 0.131500 0.092100 0.072800 0.107100 0.095000 0.129700 0.118200 0.132300 0.116700 0.072700 0.072300 0.105400 0.092500 0.142900 0.106800 0.051000 0.072400 0.107100 0.106100 0.129700 0.082000 0.129800 0.103900 0.061800 0.118900 0.000000 0.141500 0.119300 0.096200 0.107100 0.130300 0.119500 0.141400 0.051200 0.106000 0.061800 0.096400 0.095900 0.119300 0.118200 0.107200 0.107400 0.102700 0.103500 0.081900
BlueWildeb 0.051800 0.156100 0.062300 0.176700 0.085300 0.051800 0.062700 0.074500 0.084000 0.084900 0.030800 0.064000 0.010100 0.062600 0.097600 0.061900 0.085300 0.077900 0.030300 0.084400 0.085500 0.030700 0.084400 0.084800 0.030800 0.051600 0.010100 0.073500 0.073600 0.095900 0.073500 0.063000 0.141500 0.000000 0.063200 0.064700 0.030800 0.073900 0.085400 0.119700 0.084700 0.062400 0.073500 0.109700 0.064500 0.063300 0.084500 0.096100 0.052200 0.074800 0.095600 0.073500
Gemsbok 0.052300 0.169700 0.084900 0.190100 0.086200 0.052300 0.063300 0.075300 0.084700 0.085600 0.031100 0.064600 0.052300 0.063300 0.098800 0.062500 0.109200 0.101900 0.051500 0.085100 0.063900 0.031000 0.085000 0.085500 0.031100 0.052100 0.052300 0.096700 0.074300 0.096600 0.096500 0.041900 0.119300 0.063200 0.000000 0.065400 0.031100 0.074700 0.086300 0.144500 0.085400 0.063000 0.096600 0.087400 0.065200 0.064000 0.074300 0.097100 0.052700 0.064300 0.073900 0.074100
Yak 0.042600 0.163400 0.049500 0.187300 0.065300 0.042600 0.031800 0.058600 0.041300 0.064400 0.031900 0.010400 0.053600 0.042500 0.043500 0.043800 0.064600 0.055700 0.052700 0.041400 0.065400 0.031800 0.042000 0.042300 0.031900 0.031500 0.053600 0.052300 0.055700 0.052300 0.053000 0.043000 0.096200 0.064700 0.065400 0.000000 0.031900 0.053800 0.054300 0.099100 0.042200 0.031600 0.053100 0.065800 0.021000 0.043100 0.053300 0.053800 0.031800 0.046000 0.052200 0.031000
BlueSheep 0.020300 0.144500 0.051800 0.164800 0.052500 0.020300 0.030900 0.042000 0.051600 0.074100 0.000000 0.031500 0.020400 0.030900 0.064100 0.030500 0.074600 0.067100 0.020100 0.051900 0.052600 0.000000 0.051900 0.052100 0.000000 0.020300 0.020400 0.062900 0.041400 0.062800 0.062800 0.031100 0.107100 0.030800 0.031100 0.031900 0.000000 0.041600 0.052600 0.108500 0.052100 0.030800 0.062900 0.075500 0.031800 0.031200 0.052000 0.063100 0.020600 0.053000 0.062700 0.041300
BohorReedb 0.063000 0.169200 0.073500 0.218000 0.010300 0.063000 0.052200 0.063800 0.073200 0.097000 0.041600 0.053200 0.062900 0.052100 0.086700 0.051500 0.097200 0.090500 0.062000 0.073600 0.074800 0.041500 0.073900 0.074200 0.041600 0.041300 0.062900 0.084900 0.063000 0.084900 0.085300 0.052500 0.130300 0.073900 0.074700 0.053800 0.041600 0.000000 0.074700 0.132500 0.074200 0.052000 0.085300 0.098800 0.053600 0.052700 0.073900 0.085400 0.041700 0.075300 0.084600 0.062800
KirksDik 0.074400 0.183000 0.084900 0.219200 0.086200 0.074400 0.063300 0.053200 0.084500 0.086200 0.052600 0.064700 0.074300 0.063200 0.098600 0.041100 0.109200 0.101500 0.073200 0.085000 0.064100 0.052400 0.063400 0.085700 0.052600 0.030900 0.074300 0.096600 0.052400 0.096700 0.074600 0.063700 0.119500 0.085400 0.086300 0.054300 0.052600 0.074700 0.000000 0.145400 0.063600 0.041300 0.074700 0.104600 0.054200 0.063900 0.063300 0.097100 0.042000 0.086900 0.096400 0.074000
RoeDeer 0.119800 0.180600 0.094900 0.215500 0.145200 0.119800 0.120100 0.133800 0.112800 0.084700 0.108500 0.097800 0.131700 0.120000 0.134600 0.095800 0.085200 0.078100 0.129300 0.117900 0.145300 0.108100 0.084200 0.062900 0.108500 0.107800 0.131700 0.102000 0.108600 0.127400 0.073300 0.120900 0.141400 0.119700 0.144500 0.099100 0.108500 0.132500 0.145400 0.000000 0.084500 0.107500 0.073300 0.086900 0.098800 0.121100 0.143700 0.108900 0.109100 0.086000 0.125200 0.106700
WhiteLippe 0.051800 0.129900 0.061600 0.169100 0.085700 0.051800 0.062900 0.074900 0.061500 0.020300 0.052100 0.041700 0.073600 0.062800 0.075300 0.062000 0.041100 0.040900 0.072500 0.061700 0.085800 0.051900 0.000000 0.019900 0.052100 0.051800 0.073600 0.072800 0.073800 0.072700 0.010100 0.063300 0.051200 0.084700 0.085400 0.042200 0.052100 0.074200 0.063600 0.084500 0.000000 0.051700 0.010100 0.041800 0.042100 0.063400 0.084800 0.052300 0.052300 0.041600 0.072600 0.051200
ThomsonGaz 0.051800 0.155500 0.051500 0.168100 0.063000 0.051800 0.041200 0.031100 0.051200 0.073600 0.030800 0.031200 0.051700 0.041000 0.063400 0.020100 0.073700 0.065000 0.050900 0.051400 0.041600 0.030700 0.051500 0.051700 0.030800 0.010100 0.051700 0.062300 0.030700 0.062400 0.062400 0.041400 0.106000 0.062400 0.063000 0.031600 0.030800 0.052000 0.041300 0.107500 0.051700 0.000000 0.062400 0.075000 0.031600 0.031000 0.041000 0.062500 0.030800 0.052600 0.062300 0.041000
MuntiacusC 0.062600 0.118100 0.051000 0.156900 0.097000 0.062600 0.073800 0.086000 0.072200 0.010000 0.062900 0.052500 0.084600 0.073700 0.086600 0.072900 0.030600 0.030400 0.083300 0.072500 0.097100 0.062700 0.010000 0.030400 0.062900 0.062500 0.084600 0.061900 0.084900 0.083600 0.000000 0.074300 0.061800 0.073500 0.096600 0.053100 0.062900 0.085300 0.074700 0.073300 0.010100 0.062400 0.000000 0.052500 0.052900 0.074400 0.096000 0.063200 0.063200 0.041600 0.083400 0.061900
WhiteTaile 0.075100 0.136700 0.085200 0.178400 0.111000 0.075100 0.086900 0.099700 0.085100 0.041900 0.075500 0.065000 0.098000 0.086800 0.100700 0.085700 0.063900 0.063700 0.096400 0.085400 0.087700 0.075400 0.041600 0.020700 0.075500 0.075100 0.098000 0.097000 0.098200 0.097000 0.052500 0.064700 0.096400 0.109700 0.087400 0.065800 0.075500 0.098800 0.104600 0.086900 0.041800 0.075000 0.052500 0.000000 0.065500 0.087600 0.109900 0.075900 0.075900 0.042600 0.074200 0.074400
Cattle 0.053500 0.163000 0.049500 0.187300 0.065100 0.053500 0.042600 0.058800 0.041200 0.064200 0.031800 0.020800 0.053400 0.042400 0.054700 0.043900 0.064400 0.055800 0.052600 0.041300 0.065200 0.031700 0.041900 0.042200 0.031800 0.031400 0.053400 0.052200 0.055800 0.052200 0.052900 0.042800 0.095900 0.064500 0.065200 0.021000 0.031800 0.053600 0.054200 0.098800 0.042100 0.031600 0.052900 0.065500 0.000000 0.042900 0.053200 0.053600 0.031700 0.046100 0.052100 0.030900
RoyalAntel 0.052500 0.133100 0.062900 0.190500 0.063900 0.052500 0.041700 0.053200 0.062700 0.085900 0.031200 0.042600 0.052400 0.041700 0.075800 0.041200 0.086300 0.078200 0.051700 0.063000 0.064000 0.031100 0.063200 0.063300 0.031200 0.030900 0.052400 0.074300 0.052400 0.074200 0.074300 0.042000 0.119300 0.063300 0.064000 0.043100 0.031200 0.052700 0.063900 0.121100 0.063400 0.031000 0.074400 0.087600 0.042900 0.000000 0.063200 0.074600 0.031300 0.064500 0.074100 0.052300
Steenbok 0.073600 0.189500 0.073200 0.228900 0.085300 0.073600 0.062700 0.048400 0.072900 0.107700 0.052000 0.052900 0.073500 0.040900 0.102800 0.040800 0.108000 0.100500 0.072500 0.073300 0.060700 0.051900 0.084500 0.084800 0.052000 0.030600 0.073500 0.084700 0.051900 0.062400 0.095900 0.063000 0.118200 0.084500 0.074300 0.053300 0.052000 0.073900 0.063300 0.143700 0.084800 0.041000 0.096000 0.109900 0.053200 0.063200 0.000000 0.096000 0.052000 0.085900 0.084500 0.062600
Impala 0.085000 0.168700 0.073400 0.190900 0.097100 0.085000 0.073900 0.086100 0.073200 0.074500 0.063100 0.053200 0.084800 0.073800 0.064300 0.072900 0.074600 0.067100 0.083600 0.073600 0.097300 0.063000 0.052100 0.052200 0.063100 0.062600 0.084800 0.084900 0.084900 0.084800 0.063200 0.074300 0.107200 0.096100 0.097100 0.053800 0.063100 0.085400 0.097100 0.108900 0.052300 0.062500 0.063200 0.075900 0.053600 0.074600 0.096000 0.000000 0.063200 0.053100 0.084600 0.062700
Klipspring 0.041600 0.137700 0.051900 0.190400 0.052600 0.041600 0.031000 0.042200 0.051700 0.074500 0.020600 0.031500 0.041500 0.030900 0.064200 0.032400 0.074600 0.066200 0.040900 0.051900 0.052700 0.020500 0.052100 0.052300 0.020600 0.020300 0.041500 0.062900 0.043800 0.062900 0.063100 0.031200 0.107400 0.052200 0.052700 0.031800 0.020600 0.041700 0.042000 0.109100 0.052300 0.030800 0.063200 0.075900 0.031700 0.031300 0.052000 0.063200 0.000000 0.053000 0.062800 0.041300
ForestMusk 0.075000 0.131600 0.055600 0.150000 0.086900 0.075000 0.063800 0.075900 0.066200 0.031100 0.053000 0.046300 0.074800 0.063800 0.076500 0.063000 0.052600 0.043900 0.073700 0.067000 0.064400 0.052900 0.041500 0.041600 0.053000 0.052600 0.074800 0.067500 0.074900 0.078700 0.041600 0.042200 0.102700 0.074800 0.064300 0.046000 0.053000 0.075300 0.086900 0.086000 0.041600 0.052600 0.041600 0.042600 0.046100 0.064500 0.085900 0.053100 0.053000 0.000000 0.055800 0.056200
Bushbuck 0.084400 0.152600 0.029800 0.154000 0.096200 0.084400 0.073400 0.085400 0.029700 0.072700 0.062700 0.051600 0.084400 0.073300 0.086000 0.072700 0.072900 0.064800 0.083100 0.029800 0.073900 0.062500 0.072300 0.072700 0.062700 0.062400 0.084400 0.040100 0.084700 0.040200 0.083400 0.052000 0.103500 0.095600 0.073900 0.052200 0.062700 0.084600 0.096400 0.125200 0.072600 0.062300 0.083400 0.074200 0.052100 0.074100 0.084500 0.084600 0.062800 0.055800 0.000000 0.019800
GreaterKud 0.062600 0.141100 0.009800 0.167400 0.074000 0.062600 0.051800 0.063300 0.009800 0.072900 0.041300 0.030600 0.062600 0.051700 0.063700 0.051300 0.051500 0.043100 0.061600 0.009800 0.074100 0.041200 0.051100 0.051300 0.041300 0.041100 0.062600 0.019900 0.062800 0.019900 0.061800 0.052100 0.081900 0.073500 0.074100 0.031000 0.041300 0.062800 0.074000 0.106700 0.051200 0.041000 0.061900 0.074400 0.030900 0.052300 0.062600 0.062700 0.041300 0.056200 0.019800 0.000000
