1
52 1
Argali 0.000000 0.258400 0.067500 0.243400 0.074400 0.003200 0.053400 0.080800 0.074700 0.096800 0.029700 0.070600 0.049700 0.071100 0.066800 0.074300 0.096800 0.111100 0.039700 0.067500 0.081200 0.039800 0.120100 0.110400 0.039900 0.073900 0.053100 0.067500 0.081100 0.063900 0.093300 0.078500 0.312400 0.049800 0.053200 0.078000 0.043000 0.060200 0.085100 0.100200 0.097100 0.087600 0.093100 0.110300 0.071300 0.092100 0.095500 0.074000 0.071100 0.115100 0.064100 0.067500
LesserMous 0.258400 0.000000 0.217700 0.265700 0.243000 0.253600 0.233700 0.256800 0.240800 0.217800 0.234400 0.220400 0.233000 0.241700 0.217600 0.242900 0.229800 0.249300 0.216400 0.226800 0.260100 0.243400 0.246200 0.223900 0.239600 0.250100 0.228500 0.226800 0.250300 0.226400 0.213800 0.250300 0.485500 0.233300 0.246300 0.226200 0.239100 0.228400 0.287300 0.224200 0.227100 0.262000 0.204700 0.223500 0.236200 0.247500 0.274100 0.250900 0.240000 0.249200 0.226400 0.230500
LesserKudu 0.067500 0.217700 0.000000 0.189100 0.060200 0.063900 0.039700 0.059800 0.019100 0.060800 0.043100 0.042900 0.042900 0.050100 0.036000 0.053300 0.064300 0.085000 0.032900 0.012800 0.056600 0.053300 0.104700 0.074200 0.053500 0.053000 0.046200 0.012800 0.059900 0.009400 0.064400 0.057200 0.314800 0.036100 0.053100 0.029600 0.043000 0.046300 0.077700 0.071200 0.082300 0.066500 0.064300 0.074200 0.036500 0.063600 0.067000 0.059900 0.049900 0.085600 0.009800 0.013000
KillerWhal 0.243400 0.265700 0.189100 0.000000 0.229300 0.238900 0.213000 0.222600 0.213700 0.201800 0.213100 0.208600 0.212200 0.226100 0.203300 0.221200 0.194200 0.230500 0.196600 0.205500 0.229200 0.225100 0.245900 0.216300 0.217700 0.224300 0.208100 0.205500 0.216100 0.201100 0.206200 0.227100 0.449400 0.204200 0.224700 0.205000 0.212300 0.220700 0.233800 0.201900 0.219200 0.240100 0.205800 0.224900 0.214100 0.225200 0.221400 0.224500 0.201800 0.206600 0.201400 0.205200
DefassaWat 0.074400 0.243000 0.060200 0.229300 0.000000 0.070800 0.053200 0.062900 0.067100 0.092700 0.049800 0.070300 0.053000 0.063800 0.059600 0.063300 0.092600 0.106700 0.046300 0.060000 0.070100 0.067000 0.123100 0.098900 0.046600 0.056200 0.056300 0.060000 0.070000 0.056400 0.089200 0.064100 0.324200 0.053000 0.056400 0.063600 0.056700 0.032800 0.087900 0.096100 0.100100 0.062700 0.088900 0.106100 0.063900 0.077500 0.084200 0.066700 0.063700 0.107200 0.056800 0.060300
Sheep 0.003200 0.253600 0.063900 0.238900 0.070800 0.000000 0.049900 0.077300 0.071000 0.093100 0.026300 0.067000 0.046300 0.067600 0.063300 0.070700 0.093000 0.107300 0.036300 0.063900 0.077600 0.036400 0.116200 0.106600 0.036500 0.070400 0.049600 0.063900 0.077500 0.060300 0.089600 0.074900 0.317000 0.046300 0.049800 0.074400 0.039600 0.056700 0.081400 0.096500 0.093400 0.084000 0.089300 0.106500 0.067700 0.088500 0.091800 0.070400 0.067500 0.111300 0.060500 0.064000
MaxwellsDu 0.053400 0.233700 0.039700 0.213000 0.053200 0.049900 0.000000 0.046000 0.046000 0.071200 0.029500 0.042800 0.029400 0.036400 0.032600 0.039600 0.071100 0.084600 0.019500 0.039100 0.046200 0.036200 0.100700 0.081000 0.039700 0.039400 0.032700 0.039100 0.046200 0.035600 0.067700 0.036500 0.303900 0.029400 0.039400 0.043000 0.036200 0.032800 0.063600 0.074500 0.078500 0.052700 0.067600 0.077400 0.043200 0.063500 0.059900 0.046200 0.042900 0.085300 0.036300 0.039700
GazellaPrz 0.080800 0.256800 0.059800 0.222600 0.062900 0.077300 0.046000 0.000000 0.066400 0.088400 0.056200 0.069800 0.039100 0.063300 0.045700 0.032500 0.091900 0.105600 0.046000 0.059300 0.032400 0.066600 0.118400 0.087600 0.066700 0.025800 0.042400 0.059300 0.039000 0.055700 0.084900 0.070500 0.322700 0.045900 0.056000 0.063000 0.063100 0.052700 0.052700 0.084500 0.095900 0.038800 0.084700 0.094700 0.063300 0.080500 0.045800 0.039200 0.059600 0.099000 0.056400 0.052900
MountainNy 0.074700 0.240800 0.019100 0.213700 0.067100 0.071000 0.046000 0.066400 0.000000 0.071600 0.049600 0.049800 0.049400 0.056800 0.042200 0.060000 0.067600 0.092300 0.039000 0.013200 0.063400 0.060100 0.116500 0.092400 0.060300 0.059800 0.052800 0.013200 0.066900 0.009800 0.075300 0.064200 0.338000 0.042500 0.059900 0.049900 0.056600 0.052800 0.085000 0.082100 0.093600 0.073500 0.075100 0.092200 0.050100 0.077800 0.074000 0.066700 0.056500 0.093000 0.013100 0.016400
MuntiacusM 0.096800 0.217800 0.060800 0.201800 0.092700 0.093100 0.071200 0.088400 0.071600 0.000000 0.071200 0.067400 0.067400 0.082200 0.070600 0.081800 0.061000 0.089100 0.057100 0.064400 0.085200 0.081900 0.061100 0.039500 0.082200 0.084900 0.070800 0.064400 0.092300 0.060800 0.009800 0.089800 0.297100 0.060400 0.081600 0.078400 0.074800 0.078100 0.103400 0.036500 0.040000 0.098900 0.009800 0.046200 0.078800 0.081700 0.099600 0.088600 0.067800 0.093300 0.060900 0.064300
goat 0.029700 0.234400 0.043100 0.213100 0.049800 0.026300 0.029500 0.056200 0.049600 0.071200 0.000000 0.046200 0.026100 0.046600 0.042600 0.049700 0.071200 0.085000 0.016200 0.042700 0.056400 0.022900 0.108200 0.084600 0.009800 0.049500 0.029300 0.042700 0.056400 0.039200 0.067800 0.053600 0.314700 0.026100 0.036100 0.053300 0.019600 0.036100 0.074000 0.074600 0.085700 0.059500 0.067600 0.084600 0.053500 0.067000 0.070300 0.049500 0.046400 0.089000 0.039700 0.043100
AfricanBuf 0.070600 0.220400 0.042900 0.208600 0.070300 0.067000 0.042800 0.069800 0.049800 0.067400 0.046200 0.000000 0.046000 0.060100 0.056000 0.056400 0.074500 0.088200 0.029400 0.043000 0.070000 0.053000 0.104000 0.077300 0.056600 0.063000 0.049300 0.043000 0.070000 0.039500 0.064000 0.053400 0.317500 0.046000 0.056200 0.039500 0.053000 0.049500 0.087900 0.070800 0.081800 0.076500 0.063900 0.073700 0.039700 0.073700 0.084100 0.063000 0.060000 0.092200 0.039600 0.042900
Topi 0.049700 0.233000 0.042900 0.212200 0.053000 0.046300 0.029400 0.039100 0.049400 0.067400 0.026100 0.046000 0.000000 0.046300 0.035800 0.039400 0.070900 0.084400 0.016200 0.042500 0.039300 0.036000 0.103900 0.080700 0.036100 0.039200 0.003100 0.042500 0.046000 0.039000 0.064000 0.053400 0.312000 0.006200 0.022700 0.053000 0.032700 0.042700 0.059800 0.074200 0.081700 0.052400 0.063800 0.080600 0.053200 0.056400 0.059700 0.042500 0.042800 0.081300 0.039500 0.036100
CommonDuik 0.071100 0.241700 0.050100 0.226100 0.063800 0.067600 0.036400 0.063300 0.056800 0.082200 0.046600 0.060100 0.046300 0.000000 0.049600 0.053300 0.082200 0.096100 0.036300 0.049800 0.063600 0.056900 0.112400 0.095700 0.057000 0.056500 0.049700 0.049800 0.063500 0.046200 0.078700 0.026400 0.316400 0.046400 0.056600 0.060400 0.053400 0.049800 0.081400 0.085600 0.089700 0.070000 0.078500 0.095600 0.060600 0.074300 0.070400 0.060000 0.053500 0.093100 0.046700 0.050100
Suni 0.066800 0.217600 0.036000 0.203300 0.059600 0.063300 0.032600 0.045700 0.042200 0.070600 0.042600 0.056000 0.035800 0.049600 0.000000 0.039300 0.070600 0.091300 0.032600 0.035400 0.042500 0.052800 0.114500 0.091000 0.052900 0.039100 0.032400 0.035400 0.045800 0.031900 0.074200 0.056600 0.329600 0.035800 0.052600 0.056200 0.049400 0.045900 0.063100 0.081000 0.092100 0.052300 0.074000 0.090900 0.056500 0.069900 0.052700 0.045800 0.049400 0.084600 0.032700 0.029400
Springbuck 0.074300 0.242900 0.053300 0.221200 0.063300 0.070700 0.039600 0.032500 0.060000 0.081800 0.049700 0.056400 0.039400 0.053300 0.039300 0.000000 0.081800 0.095600 0.032800 0.053100 0.029200 0.060000 0.111700 0.088100 0.060200 0.025900 0.042700 0.053100 0.026000 0.049500 0.078300 0.060500 0.327200 0.046200 0.056400 0.056500 0.056600 0.053000 0.049600 0.074400 0.089200 0.039000 0.078100 0.088000 0.056800 0.070400 0.042700 0.039400 0.056700 0.088800 0.049900 0.046400
Okapi 0.096800 0.229800 0.064300 0.194200 0.092600 0.093000 0.071100 0.091900 0.067600 0.061000 0.071200 0.074500 0.070900 0.082200 0.070600 0.081800 0.000000 0.050100 0.057100 0.064000 0.088700 0.081900 0.104900 0.081400 0.082100 0.084900 0.074300 0.064000 0.085000 0.060300 0.064600 0.089800 0.300000 0.063900 0.081500 0.081900 0.078300 0.078000 0.103600 0.071400 0.082500 0.098900 0.057400 0.088500 0.082300 0.092600 0.105700 0.088600 0.074900 0.086000 0.060900 0.064300
Giraffe 0.111100 0.249300 0.085000 0.230500 0.106700 0.107300 0.084600 0.105600 0.092300 0.089100 0.085000 0.088200 0.084400 0.096100 0.091300 0.095600 0.050100 0.000000 0.070300 0.084900 0.106500 0.088500 0.127300 0.095400 0.096100 0.098900 0.088000 0.084900 0.106300 0.081100 0.085600 0.096500 0.319100 0.084500 0.095300 0.095800 0.092200 0.091800 0.125600 0.085200 0.104200 0.105700 0.078200 0.102500 0.096300 0.106800 0.121200 0.102700 0.088700 0.114900 0.081400 0.084900
TibetanAnt 0.039700 0.216400 0.032900 0.196600 0.046300 0.036300 0.019500 0.046000 0.039000 0.057100 0.016200 0.029400 0.016200 0.036300 0.032600 0.032800 0.057100 0.070300 0.000000 0.032200 0.046100 0.026100 0.093300 0.070400 0.026200 0.039300 0.019400 0.032200 0.046100 0.028800 0.053700 0.043200 0.307700 0.016200 0.026000 0.042900 0.022800 0.032700 0.066700 0.060500 0.071300 0.052600 0.053600 0.070400 0.043100 0.049700 0.059900 0.039300 0.036000 0.074500 0.029600 0.032900
Sitatunga 0.067500 0.226800 0.012800 0.205500 0.060000 0.063900 0.039100 0.059300 0.013200 0.064400 0.042700 0.043000 0.042500 0.049800 0.035400 0.053100 0.064000 0.084900 0.032200 0.000000 0.056400 0.053100 0.108800 0.085000 0.053300 0.052900 0.045900 0.000000 0.059800 0.003200 0.068100 0.053500 0.316800 0.035700 0.052900 0.043100 0.049700 0.045900 0.077800 0.071200 0.086200 0.066400 0.067900 0.084800 0.043300 0.070600 0.066900 0.059800 0.049500 0.078400 0.006500 0.009800
Oribi 0.081200 0.260100 0.056600 0.229200 0.070100 0.077600 0.046200 0.032400 0.063400 0.085200 0.056400 0.070000 0.039300 0.063600 0.042500 0.029200 0.088700 0.106500 0.046100 0.056400 0.000000 0.066800 0.119000 0.095100 0.067000 0.032500 0.042600 0.056400 0.039200 0.052900 0.085300 0.070800 0.331300 0.042700 0.063100 0.063200 0.063300 0.059700 0.052900 0.084800 0.096300 0.045600 0.085100 0.095000 0.063500 0.080800 0.049300 0.052800 0.060100 0.099400 0.053200 0.049700
BarbaryShe 0.039800 0.243400 0.053300 0.225100 0.067000 0.036400 0.036200 0.066600 0.060100 0.081900 0.022900 0.053000 0.036000 0.056900 0.052800 0.060000 0.081900 0.088500 0.026100 0.053100 0.066800 0.000000 0.119400 0.088100 0.033000 0.059800 0.039300 0.053100 0.066700 0.049600 0.078400 0.060600 0.328800 0.036100 0.046200 0.060100 0.036200 0.049700 0.077600 0.085300 0.096600 0.066300 0.078200 0.091700 0.060400 0.077500 0.073800 0.059800 0.056800 0.099800 0.050000 0.053400
Daviddeer 0.120100 0.246200 0.104700 0.245900 0.123100 0.116200 0.100700 0.118400 0.116500 0.061100 0.108200 0.104000 0.103900 0.112400 0.114500 0.111700 0.104900 0.127300 0.093300 0.108800 0.119000 0.119400 0.000000 0.067500 0.104800 0.114900 0.107500 0.108800 0.115000 0.104800 0.057700 0.120400 0.286100 0.104000 0.118900 0.115700 0.111900 0.115200 0.134200 0.064600 0.019900 0.129200 0.057500 0.074400 0.108800 0.126500 0.137900 0.118700 0.104700 0.131600 0.104800 0.108400
Reindeer 0.110400 0.223900 0.074200 0.216300 0.098900 0.106600 0.081000 0.087600 0.092400 0.039500 0.084600 0.077300 0.080700 0.095700 0.091000 0.088100 0.081400 0.095400 0.070400 0.085000 0.095100 0.088100 0.067500 0.000000 0.095600 0.084100 0.084200 0.085000 0.098600 0.081300 0.036200 0.092400 0.297200 0.080800 0.087800 0.081200 0.088200 0.080800 0.109800 0.029500 0.046400 0.098000 0.036100 0.016100 0.088700 0.102300 0.113300 0.087700 0.081200 0.106900 0.081400 0.084800
Ibex 0.039900 0.239600 0.053500 0.217700 0.046600 0.036500 0.039700 0.066700 0.060300 0.082200 0.009800 0.056600 0.036100 0.057000 0.052900 0.060200 0.082100 0.096100 0.026200 0.053300 0.067000 0.033000 0.104800 0.095600 0.000000 0.059900 0.039500 0.053300 0.066900 0.049700 0.078700 0.064300 0.311200 0.036200 0.046300 0.063800 0.029600 0.046400 0.084900 0.085600 0.089600 0.070000 0.078500 0.095600 0.064100 0.077700 0.081100 0.059900 0.057000 0.100200 0.050100 0.053500
GyrantGaze 0.073900 0.250100 0.053000 0.224300 0.056200 0.070400 0.039400 0.025800 0.059800 0.084900 0.049500 0.063000 0.039200 0.056500 0.039100 0.025900 0.084900 0.098900 0.039300 0.052900 0.032500 0.059800 0.114900 0.084100 0.059900 0.000000 0.042500 0.052900 0.032400 0.049300 0.081500 0.063700 0.310000 0.046000 0.049300 0.056200 0.056300 0.046000 0.042600 0.077600 0.092400 0.012300 0.081300 0.091200 0.056500 0.077000 0.045800 0.039200 0.056500 0.092000 0.049700 0.046200
Hartebeest 0.053100 0.228500 0.046200 0.208100 0.056300 0.049600 0.032700 0.042400 0.052800 0.070800 0.029300 0.049300 0.003100 0.049700 0.032400 0.042700 0.074300 0.088000 0.019400 0.045900 0.042600 0.039300 0.107500 0.084200 0.039500 0.042500 0.000000 0.045900 0.049300 0.042400 0.067400 0.056700 0.316200 0.009600 0.025900 0.056300 0.036000 0.046000 0.063200 0.077700 0.085200 0.055800 0.067200 0.084100 0.056600 0.059700 0.063000 0.045900 0.046200 0.084800 0.042900 0.039500
Bongo 0.067500 0.226800 0.012800 0.205500 0.060000 0.063900 0.039100 0.059300 0.013200 0.064400 0.042700 0.043000 0.042500 0.049800 0.035400 0.053100 0.064000 0.084900 0.032200 0.000000 0.056400 0.053100 0.108800 0.085000 0.053300 0.052900 0.045900 0.000000 0.059800 0.003200 0.068100 0.053500 0.316800 0.035700 0.052900 0.043100 0.049700 0.045900 0.077800 0.071200 0.086200 0.066400 0.067900 0.084800 0.043300 0.070600 0.066900 0.059800 0.049500 0.078400 0.006500 0.009800
Gerenuk 0.081100 0.250300 0.059900 0.216100 0.070000 0.077500 0.046200 0.039000 0.066900 0.092300 0.056400 0.070000 0.046000 0.063500 0.045800 0.026000 0.085000 0.106300 0.046100 0.059800 0.039200 0.066700 0.115000 0.098600 0.066900 0.032400 0.049300 0.059800 0.000000 0.056200 0.088800 0.070800 0.330200 0.052800 0.063100 0.063200 0.063200 0.059700 0.049400 0.084800 0.092500 0.045600 0.088600 0.098500 0.063500 0.084200 0.052700 0.052800 0.063400 0.092100 0.056600 0.053100
CommonElan 0.063900 0.226400 0.009400 0.201100 0.056400 0.060300 0.035600 0.055700 0.009800 0.060800 0.039200 0.039500 0.039000 0.046200 0.031900 0.049500 0.060300 0.081100 0.028800 0.003200 0.052900 0.049600 0.104800 0.081300 0.049700 0.049300 0.042400 0.003200 0.056200 0.000000 0.064400 0.053500 0.311100 0.032200 0.049400 0.039600 0.046200 0.042400 0.074100 0.071200 0.082400 0.062900 0.064300 0.081100 0.039800 0.067000 0.063200 0.056300 0.045900 0.081800 0.003200 0.006500
MuntiacusR 0.093300 0.213800 0.064400 0.206200 0.089200 0.089600 0.067700 0.084900 0.075300 0.009800 0.067800 0.064000 0.064000 0.078700 0.074200 0.078300 0.064600 0.085600 0.053700 0.068100 0.085300 0.078400 0.057700 0.036200 0.078700 0.081500 0.067400 0.068100 0.088800 0.064400 0.000000 0.086300 0.292800 0.064000 0.078100 0.074900 0.071300 0.074600 0.099900 0.033200 0.036700 0.095400 0.006500 0.042900 0.075300 0.078300 0.103400 0.085100 0.064400 0.089800 0.064500 0.067900
HarveysDui 0.078500 0.250300 0.057200 0.227100 0.064100 0.074900 0.036500 0.070500 0.064200 0.089800 0.053600 0.053400 0.053400 0.026400 0.056600 0.060500 0.089800 0.096500 0.043200 0.053500 0.070800 0.060600 0.120400 0.092400 0.064300 0.063700 0.056700 0.053500 0.070800 0.053500 0.086300 0.000000 0.317300 0.053400 0.063800 0.060600 0.060600 0.050000 0.081700 0.081700 0.097400 0.070300 0.086100 0.088700 0.060900 0.078100 0.077700 0.067200 0.060700 0.100600 0.053800 0.057200
Pronghorn 0.312400 0.485500 0.314800 0.449400 0.324200 0.317000 0.303900 0.322700 0.338000 0.297100 0.314700 0.317500 0.312000 0.316400 0.329600 0.327200 0.300000 0.319100 0.307700 0.316800 0.331300 0.328800 0.286100 0.297200 0.311200 0.310000 0.316200 0.316800 0.330200 0.311100 0.292800 0.317300 0.000000 0.312300 0.307900 0.319000 0.325100 0.306500 0.331600 0.299500 0.292600 0.327200 0.291600 0.311300 0.321200 0.358600 0.355100 0.336200 0.321600 0.344700 0.310600 0.315100
BlueWildeb 0.049800 0.233300 0.036100 0.204200 0.053000 0.046300 0.029400 0.045900 0.042500 0.060400 0.026100 0.046000 0.006200 0.046400 0.035800 0.046200 0.063900 0.084500 0.016200 0.035700 0.042700 0.036100 0.104000 0.080800 0.036200 0.046000 0.009600 0.035700 0.052800 0.032200 0.064000 0.053400 0.312300 0.000000 0.022700 0.053000 0.032700 0.042700 0.066800 0.074300 0.081800 0.059300 0.063900 0.080700 0.053300 0.056400 0.059700 0.049300 0.042800 0.088600 0.032800 0.036200
Gemsbok 0.053200 0.246300 0.053100 0.224700 0.056400 0.049800 0.039400 0.056000 0.059900 0.081600 0.036100 0.056200 0.022700 0.056600 0.052600 0.056400 0.081500 0.095300 0.026000 0.052900 0.063100 0.046200 0.118900 0.087800 0.046300 0.049300 0.025900 0.052900 0.063100 0.049400 0.078100 0.063800 0.307900 0.022700 0.000000 0.063300 0.042800 0.046100 0.080800 0.085000 0.096200 0.062700 0.077900 0.094900 0.063600 0.063300 0.077100 0.052700 0.056500 0.099400 0.049800 0.053100
Yak 0.078000 0.226200 0.029600 0.205000 0.063600 0.074400 0.043000 0.063000 0.049900 0.078400 0.053300 0.039500 0.053000 0.060400 0.056200 0.056500 0.081900 0.095800 0.042900 0.043100 0.063200 0.060100 0.115700 0.081200 0.063800 0.056200 0.056300 0.043100 0.063200 0.039600 0.074900 0.060600 0.319000 0.053000 0.063300 0.000000 0.053200 0.042900 0.081000 0.078000 0.093000 0.069700 0.074700 0.077600 0.012600 0.074000 0.077200 0.070200 0.060200 0.096300 0.039700 0.043100
BlueSheep 0.043000 0.239100 0.043000 0.212300 0.056700 0.039600 0.036200 0.063100 0.056600 0.074800 0.019600 0.053000 0.032700 0.053400 0.049400 0.056600 0.078300 0.092200 0.022800 0.049700 0.063300 0.036200 0.111900 0.088200 0.029600 0.056300 0.036000 0.049700 0.063200 0.046200 0.071300 0.060600 0.325100 0.032700 0.042800 0.053200 0.000000 0.042900 0.081000 0.078200 0.089300 0.069700 0.071200 0.088100 0.053500 0.066900 0.077300 0.049500 0.053300 0.096200 0.046500 0.049900
BohorReedb 0.060200 0.228400 0.046300 0.220700 0.032800 0.056700 0.032800 0.052700 0.052800 0.078100 0.036100 0.049500 0.042700 0.049800 0.045900 0.053000 0.078000 0.091800 0.032700 0.045900 0.059700 0.049700 0.115200 0.080800 0.046400 0.046000 0.046000 0.045900 0.059700 0.042400 0.074600 0.050000 0.306500 0.042700 0.046100 0.042900 0.042900 0.000000 0.077300 0.081400 0.092600 0.059300 0.074400 0.084300 0.043100 0.066900 0.073600 0.052800 0.049600 0.092300 0.043000 0.046400
KirksDik 0.085100 0.287300 0.077700 0.233800 0.087900 0.081400 0.063600 0.052700 0.085000 0.103400 0.074000 0.087900 0.059800 0.081400 0.063100 0.049600 0.103600 0.125600 0.066700 0.077800 0.052900 0.077600 0.134200 0.109800 0.084900 0.042600 0.063200 0.077800 0.049400 0.074100 0.099900 0.081700 0.331600 0.066800 0.080800 0.081000 0.081000 0.077300 0.000000 0.096000 0.111100 0.055900 0.099700 0.109700 0.081400 0.091600 0.070100 0.070300 0.074100 0.110700 0.074300 0.070700
RoeDeer 0.100200 0.224200 0.071200 0.201900 0.096100 0.096500 0.074500 0.084500 0.082100 0.036500 0.074600 0.070800 0.074200 0.085600 0.081000 0.074400 0.071400 0.085200 0.060500 0.071200 0.084800 0.085300 0.064600 0.029500 0.085600 0.077600 0.077700 0.071200 0.084800 0.071200 0.033200 0.081700 0.299500 0.074300 0.085000 0.078000 0.078200 0.081400 0.096000 0.000000 0.043400 0.091400 0.033100 0.036100 0.078400 0.096000 0.099300 0.084900 0.078400 0.093100 0.071300 0.074800
WhiteLippe 0.097100 0.227100 0.082300 0.219200 0.100100 0.093400 0.078500 0.095900 0.093600 0.040000 0.085700 0.081800 0.081700 0.089700 0.092100 0.089200 0.082500 0.104200 0.071300 0.086200 0.096300 0.096600 0.019900 0.046400 0.089600 0.092400 0.085200 0.086200 0.092500 0.082400 0.036700 0.097400 0.292600 0.081800 0.096200 0.093000 0.089300 0.092600 0.111100 0.043400 0.000000 0.106400 0.036600 0.053200 0.086200 0.103600 0.114700 0.096100 0.082300 0.108300 0.082400 0.085900
ThomsonGaz 0.087600 0.262000 0.066500 0.240100 0.062700 0.084000 0.052700 0.038800 0.073500 0.098900 0.059500 0.076500 0.052400 0.070000 0.052300 0.039000 0.098900 0.105700 0.052600 0.066400 0.045600 0.066300 0.129200 0.098000 0.070000 0.012300 0.055800 0.066400 0.045600 0.062900 0.095400 0.070300 0.327200 0.059300 0.062700 0.069700 0.069700 0.059300 0.055900 0.091400 0.106400 0.000000 0.095100 0.105100 0.070000 0.090700 0.059200 0.052400 0.070000 0.105900 0.063100 0.059600
MuntiacusC 0.093100 0.204700 0.064300 0.205800 0.088900 0.089300 0.067600 0.084700 0.075100 0.009800 0.067600 0.063900 0.063800 0.078500 0.074000 0.078100 0.057400 0.078200 0.053600 0.067900 0.085100 0.078200 0.057500 0.036100 0.078500 0.081300 0.067200 0.067900 0.088600 0.064300 0.006500 0.086100 0.291600 0.063900 0.077900 0.074700 0.071200 0.074400 0.099700 0.033100 0.036600 0.095100 0.000000 0.042800 0.075100 0.071000 0.103200 0.084900 0.064200 0.089500 0.064300 0.067800
WhiteTaile 0.110300 0.223500 0.074200 0.224900 0.106100 0.106500 0.077400 0.094700 0.092200 0.046200 0.084600 0.073700 0.080600 0.095600 0.090900 0.088000 0.088500 0.102500 0.070400 0.084800 0.095000 0.091700 0.074400 0.016100 0.095600 0.091200 0.084100 0.084800 0.098500 0.081100 0.042900 0.088700 0.311300 0.080700 0.094900 0.077600 0.088100 0.084300 0.109700 0.036100 0.053200 0.105100 0.042800 0.000000 0.085000 0.102200 0.113200 0.094800 0.088200 0.114100 0.081300 0.084700
Cattle 0.071300 0.236200 0.036500 0.214100 0.063900 0.067700 0.043200 0.063300 0.050100 0.078800 0.053500 0.039700 0.053200 0.060600 0.056500 0.056800 0.082300 0.096300 0.043100 0.043300 0.063500 0.060400 0.108800 0.088700 0.064100 0.056500 0.056600 0.043300 0.063500 0.039800 0.075300 0.060900 0.321200 0.053300 0.063600 0.012600 0.053500 0.043100 0.081400 0.078400 0.086200 0.070000 0.075100 0.085000 0.000000 0.074300 0.077600 0.070500 0.060500 0.096700 0.039900 0.043300
RoyalAntel 0.092100 0.247500 0.063600 0.225200 0.077500 0.088500 0.063500 0.080500 0.077800 0.081700 0.067000 0.073700 0.056400 0.074300 0.069900 0.070400 0.092600 0.106800 0.049700 0.070600 0.080800 0.077500 0.126500 0.102300 0.077700 0.077000 0.059700 0.070600 0.084200 0.067000 0.078300 0.078100 0.358600 0.056400 0.063300 0.074000 0.066900 0.066900 0.091600 0.096000 0.103600 0.090700 0.071000 0.102200 0.074300 0.000000 0.098600 0.084200 0.053100 0.114400 0.067200 0.070700
Steenbok 0.095500 0.274100 0.067000 0.221400 0.084200 0.091800 0.059900 0.045800 0.074000 0.099600 0.070300 0.084100 0.059700 0.070400 0.052700 0.042700 0.105700 0.121200 0.059900 0.066900 0.049300 0.073800 0.137900 0.113300 0.081100 0.045800 0.063000 0.066900 0.052700 0.063200 0.103400 0.077700 0.355100 0.059700 0.077100 0.077200 0.077300 0.073600 0.070100 0.099300 0.114700 0.059200 0.103200 0.113200 0.077600 0.098600 0.000000 0.056300 0.077600 0.114100 0.063600 0.060000
Impala 0.074000 0.250900 0.059900 0.224500 0.066700 0.070400 0.046200 0.039200 0.066700 0.088600 0.049500 0.063000 0.042500 0.060000 0.045800 0.039400 0.088600 0.102700 0.039300 0.059800 0.052800 0.059800 0.118700 0.087700 0.059900 0.039200 0.045900 0.059800 0.052800 0.056300 0.085100 0.067200 0.336200 0.049300 0.052700 0.070200 0.049500 0.052800 0.070300 0.084900 0.096100 0.052400 0.084900 0.094800 0.070500 0.084200 0.056300 0.000000 0.063400 0.099200 0.056500 0.053100
Klipspring 0.071100 0.240000 0.049900 0.201800 0.063700 0.067500 0.042900 0.059600 0.056500 0.067800 0.046400 0.060000 0.042800 0.053500 0.049400 0.056700 0.074900 0.088700 0.036000 0.049500 0.060100 0.056800 0.104700 0.081200 0.057000 0.056500 0.046200 0.049500 0.063400 0.045900 0.064400 0.060700 0.321600 0.042800 0.056500 0.060200 0.053300 0.049600 0.074100 0.078400 0.082300 0.070000 0.064200 0.088200 0.060500 0.053100 0.077600 0.063400 0.000000 0.089200 0.046500 0.049800
ForestMusk 0.115100 0.249200 0.085600 0.206600 0.107200 0.111300 0.085300 0.099000 0.093000 0.093300 0.089000 0.092200 0.081300 0.093100 0.084600 0.088800 0.086000 0.114900 0.074500 0.078400 0.099400 0.099800 0.131600 0.106900 0.100200 0.092000 0.084800 0.078400 0.092100 0.081800 0.089800 0.100600 0.344700 0.088600 0.099400 0.096300 0.096200 0.092300 0.110700 0.093100 0.108300 0.105900 0.089500 0.114100 0.096700 0.114400 0.114100 0.099200 0.089200 0.000000 0.082100 0.078400
Bushbuck 0.064100 0.226400 0.009800 0.201400 0.056800 0.060500 0.036300 0.056400 0.013100 0.060900 0.039700 0.039600 0.039500 0.046700 0.032700 0.049900 0.060900 0.081400 0.029600 0.006500 0.053200 0.050000 0.104800 0.081400 0.050100 0.049700 0.042900 0.006500 0.056600 0.003200 0.064500 0.053800 0.310600 0.032800 0.049800 0.039700 0.046500 0.043000 0.074300 0.071300 0.082400 0.063100 0.064300 0.081300 0.039900 0.067200 0.063600 0.056500 0.046500 0.082100 0.000000 0.003200
GreaterKud 0.067500 0.230500 0.013000 0.205200 0.060300 0.064000 0.039700 0.052900 0.016400 0.064300 0.043100 0.042900 0.036100 0.050100 0.029400 0.046400 0.064300 0.084900 0.032900 0.009800 0.049700 0.053400 0.108400 0.084800 0.053500 0.046200 0.039500 0.009800 0.053100 0.006500 0.067900 0.057200 0.315100 0.036200 0.053100 0.043100 0.049900 0.046400 0.070700 0.074800 0.085900 0.059600 0.067800 0.084700 0.043300 0.070700 0.060000 0.053100 0.049800 0.078400 0.003200 0.000000
