1
52 1
Argali 0.000000 0.453300 0.105400 0.222700 0.024400 0.077200 0.133000 0.024000 0.105400 0.167400 0.024400 0.157500 0.104500 0.024100 0.024000 0.107800 0.192700 0.320500 0.105800 0.105400 0.076100 0.024200 0.271500 0.200800 0.024400 0.105200 0.104500 0.136600 0.049300 0.133900 0.200800 0.024200 0.307400 0.104500 0.075900 0.160000 0.024400 0.024300 0.278900 0.481000 0.201000 0.077200 0.200600 0.174500 0.130200 0.049700 0.024300 0.048800 0.075800 0.077900 0.166700 0.105400
LesserMous 0.453300 0.000000 0.503600 0.303200 0.457300 0.664400 0.732600 0.497500 0.503600 0.518100 0.507900 0.544600 0.669500 0.497500 0.497500 0.518600 0.544000 0.648300 0.528200 0.503600 0.517100 0.513200 0.668700 0.584700 0.509200 0.448500 0.669500 0.574900 0.564800 0.504900 0.580700 0.497500 0.514300 0.669500 0.505400 0.494900 0.507900 0.457300 0.760800 0.828300 0.539300 0.518400 0.581700 0.565700 0.547500 0.576300 0.497500 0.440900 0.497000 0.458900 0.513700 0.503600
LesserKudu 0.105400 0.503600 0.000000 0.258400 0.135600 0.203000 0.138000 0.077400 0.000000 0.052900 0.135000 0.050000 0.235200 0.077400 0.077400 0.173500 0.135400 0.179800 0.170800 0.000000 0.198500 0.134900 0.141300 0.081400 0.135300 0.236600 0.235200 0.025900 0.164300 0.025200 0.081400 0.077400 0.172200 0.235200 0.168300 0.050800 0.135000 0.135600 0.289400 0.350200 0.140000 0.201700 0.081300 0.113900 0.024900 0.107200 0.077400 0.105000 0.136500 0.025500 0.053000 0.000000
KillerWhal 0.222700 0.303200 0.258400 0.000000 0.259400 0.338200 0.333800 0.253200 0.258400 0.264300 0.259100 0.255400 0.383900 0.253200 0.253200 0.287200 0.254300 0.388000 0.302200 0.258400 0.261700 0.258500 0.346300 0.305100 0.259300 0.290200 0.383900 0.298700 0.291400 0.294200 0.303700 0.253200 0.261400 0.383900 0.339300 0.192300 0.259100 0.259400 0.442600 0.635000 0.270100 0.335000 0.303700 0.280200 0.222800 0.293800 0.253200 0.287600 0.254900 0.227200 0.263900 0.258400
DefassaWat 0.024400 0.457300 0.135600 0.259400 0.000000 0.105800 0.164100 0.049200 0.135600 0.201400 0.050000 0.189000 0.134500 0.049200 0.049200 0.138800 0.227700 0.367700 0.135600 0.135600 0.104500 0.049700 0.313600 0.237300 0.050100 0.135300 0.134500 0.168800 0.075900 0.165500 0.237300 0.049200 0.351300 0.134500 0.105400 0.192300 0.050000 0.000000 0.322400 0.487000 0.238100 0.105800 0.237000 0.211100 0.160600 0.076400 0.049200 0.075000 0.103600 0.106800 0.200900 0.135600
Sheep 0.077200 0.664400 0.203000 0.338200 0.105800 0.000000 0.199900 0.104100 0.203000 0.278600 0.051200 0.258800 0.108100 0.104100 0.104100 0.208700 0.305000 0.476100 0.080600 0.203000 0.107200 0.050900 0.409600 0.320000 0.051300 0.202600 0.108100 0.241400 0.134300 0.236400 0.320000 0.104100 0.451900 0.108100 0.108300 0.264300 0.051200 0.105800 0.334500 0.565800 0.322500 0.169500 0.319800 0.294700 0.228300 0.135200 0.104100 0.132400 0.165500 0.171200 0.207000 0.203000
MaxwellsDu 0.133000 0.732600 0.138000 0.333800 0.164100 0.199900 0.000000 0.104100 0.138000 0.205400 0.164200 0.192000 0.230400 0.102900 0.104100 0.205400 0.230900 0.376100 0.234900 0.138000 0.230200 0.163500 0.319700 0.241700 0.164500 0.270900 0.230400 0.171900 0.194500 0.168400 0.241900 0.104100 0.359000 0.230400 0.233800 0.195400 0.164200 0.164100 0.413100 0.450600 0.316600 0.233900 0.241700 0.288700 0.163200 0.105600 0.104100 0.132600 0.165500 0.168700 0.205100 0.138000
GazellaPrz 0.024000 0.497500 0.077400 0.253200 0.049200 0.104100 0.104100 0.000000 0.077400 0.136300 0.049200 0.128400 0.131800 0.000000 0.000000 0.136400 0.160800 0.279400 0.132900 0.077400 0.102200 0.048900 0.234300 0.167500 0.049300 0.133300 0.131800 0.107000 0.074700 0.104800 0.167600 0.000000 0.269200 0.131800 0.103900 0.130100 0.049200 0.049200 0.312000 0.427000 0.232000 0.104100 0.167400 0.205100 0.101900 0.024400 0.000000 0.024100 0.049600 0.104700 0.135500 0.077400
MountainNy 0.105400 0.503600 0.000000 0.258400 0.135600 0.203000 0.138000 0.077400 0.000000 0.052900 0.135000 0.050000 0.235200 0.077400 0.077400 0.173500 0.135400 0.179800 0.170800 0.000000 0.198500 0.134900 0.141300 0.081400 0.135300 0.236600 0.235200 0.025600 0.164300 0.025400 0.081400 0.077400 0.172200 0.235200 0.168300 0.050800 0.135000 0.135600 0.289400 0.350200 0.140000 0.201700 0.081300 0.113900 0.024900 0.107200 0.077400 0.105000 0.136500 0.025500 0.053000 0.000000
MuntiacusM 0.167400 0.518100 0.052900 0.264300 0.201400 0.278600 0.205400 0.136300 0.052900 0.000000 0.200300 0.105100 0.315000 0.136300 0.136300 0.247800 0.137500 0.181900 0.174100 0.052900 0.201700 0.200500 0.080900 0.025800 0.200900 0.316300 0.315000 0.025800 0.232200 0.080500 0.026000 0.136300 0.175000 0.315000 0.238900 0.051500 0.200300 0.201400 0.295700 0.265500 0.108600 0.275600 0.025900 0.054000 0.078300 0.170600 0.136300 0.166800 0.139000 0.080800 0.053800 0.052900
goat 0.024400 0.507900 0.135000 0.259100 0.050000 0.051200 0.164200 0.049200 0.135000 0.200300 0.000000 0.189200 0.077700 0.049200 0.049200 0.138100 0.226800 0.363900 0.078700 0.135000 0.050500 0.000100 0.311000 0.236000 0.000100 0.134700 0.077700 0.167800 0.075700 0.164700 0.236000 0.049200 0.347700 0.077700 0.051000 0.192400 0.000000 0.050000 0.245400 0.536200 0.237000 0.105400 0.235700 0.210500 0.160800 0.076500 0.049200 0.075000 0.103700 0.106600 0.137500 0.135000
AfricanBuf 0.157500 0.544600 0.050000 0.255400 0.189000 0.258800 0.192000 0.128400 0.050000 0.105100 0.189200 0.000000 0.294900 0.128400 0.128400 0.229100 0.190400 0.238600 0.225800 0.050000 0.255900 0.188400 0.197200 0.135100 0.189600 0.295500 0.294900 0.077300 0.219400 0.076000 0.135000 0.128400 0.229400 0.294900 0.223500 0.049000 0.189200 0.189000 0.348400 0.417600 0.196000 0.258200 0.134800 0.170300 0.024000 0.160000 0.128400 0.157000 0.189500 0.076300 0.105400 0.050000
Topi 0.104500 0.669500 0.235200 0.383900 0.134500 0.108100 0.230400 0.131800 0.235200 0.315000 0.077700 0.294900 0.000000 0.131800 0.131800 0.241600 0.269600 0.429100 0.138800 0.235200 0.136100 0.077600 0.366200 0.281500 0.077900 0.235800 0.000000 0.275400 0.163600 0.270300 0.281200 0.131800 0.450600 0.000000 0.078600 0.301200 0.077700 0.134500 0.334700 0.638700 0.283600 0.200900 0.281000 0.256000 0.262500 0.164800 0.131800 0.131400 0.195800 0.202800 0.240600 0.235200
CommonDuik 0.024100 0.497500 0.077400 0.253200 0.049200 0.104100 0.102900 0.000000 0.077400 0.136300 0.049200 0.128400 0.131800 0.000000 0.000000 0.136400 0.160800 0.279400 0.132900 0.077400 0.102200 0.048900 0.234300 0.167500 0.049300 0.133300 0.131800 0.107000 0.074700 0.104800 0.167600 0.000000 0.269200 0.131800 0.103900 0.130100 0.049200 0.049200 0.312000 0.427000 0.232000 0.104100 0.167400 0.205100 0.101900 0.024400 0.000000 0.024100 0.049600 0.104700 0.135500 0.077400
Suni 0.024000 0.497500 0.077400 0.253200 0.049200 0.104100 0.104100 0.000000 0.077400 0.136300 0.049200 0.128400 0.131800 0.000000 0.000000 0.136400 0.160800 0.279400 0.132900 0.077400 0.102200 0.048900 0.234300 0.167500 0.049300 0.133300 0.131800 0.107000 0.074700 0.104800 0.167600 0.000000 0.269200 0.131800 0.103900 0.130100 0.049200 0.049200 0.312000 0.427000 0.232000 0.104100 0.167400 0.205100 0.101900 0.024400 0.000000 0.024100 0.049600 0.104700 0.135500 0.077400
Springbuck 0.107800 0.518600 0.173500 0.287200 0.138800 0.208700 0.205400 0.136400 0.173500 0.247800 0.138100 0.229100 0.241600 0.136400 0.136400 0.000000 0.271700 0.381100 0.245400 0.173500 0.169100 0.138000 0.370300 0.285500 0.138400 0.140500 0.241600 0.210600 0.136400 0.205800 0.288400 0.136400 0.416500 0.241600 0.207700 0.234100 0.138100 0.138800 0.222100 0.640000 0.286600 0.109900 0.287700 0.259200 0.199500 0.170600 0.136400 0.166900 0.140400 0.144800 0.245100 0.173500
Okapi 0.192700 0.544000 0.135400 0.254300 0.227700 0.305000 0.230900 0.160800 0.135400 0.137500 0.226800 0.190400 0.269600 0.160800 0.160800 0.271700 0.000000 0.082600 0.270500 0.135400 0.230400 0.226900 0.139800 0.109900 0.227100 0.296600 0.269600 0.168200 0.259500 0.165300 0.109300 0.160800 0.230800 0.269600 0.304500 0.133000 0.226800 0.227700 0.410100 0.348900 0.139200 0.302500 0.109400 0.144500 0.161400 0.195800 0.160800 0.191100 0.163700 0.166100 0.138900 0.135400
Giraffe 0.320500 0.648300 0.179800 0.388000 0.367700 0.476100 0.376100 0.279400 0.179800 0.181900 0.363900 0.238600 0.429100 0.279400 0.279400 0.381100 0.082600 0.000000 0.337600 0.179800 0.372200 0.365800 0.186400 0.152300 0.364600 0.406400 0.429100 0.218000 0.407000 0.213600 0.151200 0.279400 0.248100 0.429100 0.419300 0.175300 0.363900 0.367700 0.438400 0.383300 0.185100 0.415900 0.150700 0.192700 0.207000 0.327600 0.279400 0.317800 0.286000 0.214800 0.185000 0.179800
TibetanAnt 0.105800 0.528200 0.170800 0.302200 0.135600 0.080600 0.234900 0.132900 0.170800 0.174100 0.078700 0.225800 0.138800 0.132900 0.132900 0.245400 0.270500 0.337600 0.000000 0.170800 0.079700 0.078200 0.284300 0.209800 0.078800 0.238100 0.138800 0.206900 0.165300 0.202700 0.209700 0.132900 0.320700 0.138800 0.108000 0.166100 0.078700 0.135600 0.219200 0.566700 0.210200 0.203100 0.209600 0.183500 0.196100 0.166200 0.132900 0.162300 0.136100 0.140300 0.112000 0.170800
Sitatunga 0.105400 0.503600 0.000000 0.258400 0.135600 0.203000 0.138000 0.077400 0.000000 0.052900 0.135000 0.050000 0.235200 0.077400 0.077400 0.173500 0.135400 0.179800 0.170800 0.000000 0.198500 0.134900 0.141300 0.081400 0.135300 0.236600 0.235200 0.025900 0.164300 0.025200 0.081400 0.077400 0.172200 0.235200 0.168300 0.050800 0.135000 0.135600 0.289400 0.350200 0.140000 0.201700 0.081300 0.113900 0.024900 0.107200 0.077400 0.105000 0.136500 0.025500 0.053000 0.000000
Oribi 0.076100 0.517100 0.198500 0.261700 0.104500 0.107200 0.230200 0.102200 0.198500 0.201700 0.050500 0.255900 0.136100 0.102200 0.102200 0.169100 0.230400 0.372200 0.079700 0.198500 0.000000 0.050300 0.316700 0.240000 0.050500 0.135200 0.136100 0.235200 0.076100 0.231000 0.238600 0.102200 0.352000 0.136100 0.106600 0.194800 0.050500 0.104500 0.179100 0.554500 0.241100 0.106000 0.238300 0.214800 0.225200 0.132900 0.102200 0.129800 0.104400 0.167700 0.139700 0.198500
BarbaryShe 0.024200 0.513200 0.134900 0.258500 0.049700 0.050900 0.163500 0.048900 0.134900 0.200500 0.000100 0.188400 0.077600 0.048900 0.048900 0.138000 0.226900 0.365800 0.078200 0.134900 0.050300 0.000000 0.312100 0.236400 0.000200 0.134600 0.077600 0.167900 0.075600 0.164600 0.236300 0.048900 0.349300 0.077600 0.050700 0.191600 0.000100 0.049700 0.244900 0.542400 0.237300 0.105300 0.236100 0.210600 0.160000 0.076000 0.048900 0.074600 0.103100 0.106400 0.137500 0.134900
Daviddeer 0.271500 0.668700 0.141300 0.346300 0.313600 0.409600 0.319700 0.234300 0.141300 0.080900 0.311000 0.197200 0.366200 0.234300 0.234300 0.370300 0.139800 0.186400 0.284300 0.141300 0.316700 0.312100 0.000000 0.053700 0.312000 0.408600 0.366200 0.110000 0.350000 0.172600 0.053600 0.234300 0.247300 0.366200 0.359700 0.138000 0.311000 0.313600 0.437100 0.315600 0.080300 0.404900 0.053600 0.084800 0.167600 0.277200 0.234300 0.269700 0.239200 0.173300 0.144900 0.141300
Reindeer 0.200800 0.584700 0.081400 0.305100 0.237300 0.320000 0.241700 0.167500 0.081400 0.025800 0.236000 0.135100 0.281500 0.167500 0.167500 0.285500 0.109900 0.152300 0.209800 0.081400 0.240000 0.236400 0.053700 0.000000 0.236600 0.360500 0.281500 0.052800 0.270400 0.110200 0.000200 0.167500 0.210700 0.281500 0.277000 0.079700 0.236000 0.237300 0.341500 0.232100 0.081200 0.317000 0.000300 0.027100 0.107300 0.204300 0.167500 0.199100 0.171200 0.110800 0.083400 0.081400
Ibex 0.024400 0.509200 0.135300 0.259300 0.050100 0.051300 0.164500 0.049300 0.135300 0.200900 0.000100 0.189600 0.077900 0.049300 0.049300 0.138400 0.227100 0.364600 0.078800 0.135300 0.050500 0.000200 0.312000 0.236600 0.000000 0.135000 0.077900 0.168200 0.075900 0.165000 0.236600 0.049300 0.349000 0.077900 0.051100 0.192900 0.000100 0.050100 0.246000 0.538400 0.237700 0.105700 0.236400 0.211100 0.161100 0.076600 0.049300 0.075100 0.103800 0.106800 0.137800 0.135300
GyrantGaze 0.105200 0.448500 0.236600 0.290200 0.135300 0.202600 0.270900 0.133300 0.236600 0.316300 0.134700 0.295500 0.235800 0.133300 0.133300 0.140500 0.296600 0.406400 0.238100 0.236600 0.135200 0.134600 0.408600 0.360500 0.135000 0.000000 0.235800 0.277800 0.104600 0.272100 0.359600 0.133300 0.305900 0.235800 0.202200 0.301300 0.134700 0.135300 0.249500 0.760900 0.321300 0.025500 0.359400 0.334900 0.263500 0.166400 0.133300 0.163200 0.197700 0.202600 0.314600 0.236600
Hartebeest 0.104500 0.669500 0.235200 0.383900 0.134500 0.108100 0.230400 0.131800 0.235200 0.315000 0.077700 0.294900 0.000000 0.131800 0.131800 0.241600 0.269600 0.429100 0.138800 0.235200 0.136100 0.077600 0.366200 0.281500 0.077900 0.235800 0.000000 0.275400 0.163600 0.270300 0.281200 0.131800 0.450600 0.000000 0.078600 0.301200 0.077700 0.134500 0.334700 0.638700 0.283600 0.200900 0.281000 0.256000 0.262500 0.164800 0.131800 0.131400 0.195800 0.202800 0.240600 0.235200
Bongo 0.136600 0.574900 0.025900 0.298700 0.168800 0.241400 0.171900 0.107000 0.025600 0.025800 0.167800 0.077300 0.275400 0.107000 0.107000 0.210600 0.168200 0.218000 0.206900 0.025900 0.235200 0.167900 0.110000 0.052800 0.168200 0.277800 0.275400 0.000000 0.199000 0.052500 0.052800 0.107000 0.208800 0.275400 0.204200 0.078700 0.167800 0.168800 0.335000 0.305700 0.138300 0.239700 0.052700 0.083000 0.051300 0.139100 0.107000 0.136400 0.170100 0.052800 0.082000 0.025900
Gerenuk 0.049300 0.564800 0.164300 0.291400 0.075900 0.134300 0.194500 0.074700 0.164300 0.232200 0.075700 0.219400 0.163600 0.074700 0.074700 0.136400 0.259500 0.407000 0.165300 0.164300 0.076100 0.075600 0.350000 0.270400 0.075900 0.104600 0.163600 0.199000 0.000000 0.195100 0.269500 0.074700 0.387600 0.163600 0.134000 0.223200 0.075700 0.075900 0.279700 0.483800 0.271900 0.076800 0.269200 0.245000 0.190200 0.103300 0.074700 0.101400 0.131300 0.134600 0.232000 0.164300
CommonElan 0.133900 0.504900 0.025200 0.294200 0.165500 0.236400 0.168400 0.104800 0.025400 0.080500 0.164700 0.076000 0.270300 0.104800 0.104800 0.205800 0.165300 0.213600 0.202700 0.025200 0.231000 0.164600 0.172600 0.110200 0.165000 0.272100 0.270300 0.052500 0.195100 0.000000 0.110200 0.104800 0.204700 0.270300 0.200100 0.077200 0.164700 0.165500 0.327800 0.388400 0.171000 0.234800 0.110100 0.144700 0.050400 0.136300 0.104800 0.133600 0.166500 0.051800 0.080400 0.025300
MuntiacusR 0.200800 0.580700 0.081400 0.303700 0.237300 0.320000 0.241900 0.167600 0.081400 0.026000 0.236000 0.135000 0.281200 0.167600 0.167600 0.288400 0.109300 0.151200 0.209700 0.081400 0.238600 0.236300 0.053600 0.000200 0.236600 0.359600 0.281200 0.052800 0.269500 0.110200 0.000000 0.167600 0.210700 0.281200 0.277100 0.079500 0.236000 0.237300 0.341000 0.231800 0.081100 0.316300 0.000100 0.027000 0.107200 0.204500 0.167600 0.199400 0.171200 0.110900 0.083200 0.081400
HarveysDui 0.024200 0.497500 0.077400 0.253200 0.049200 0.104100 0.104100 0.000000 0.077400 0.136300 0.049200 0.128400 0.131800 0.000000 0.000000 0.136400 0.160800 0.279400 0.132900 0.077400 0.102200 0.048900 0.234300 0.167500 0.049300 0.133300 0.131800 0.107000 0.074700 0.104800 0.167600 0.000000 0.269200 0.131800 0.103900 0.130100 0.049200 0.049200 0.312000 0.427000 0.232000 0.104100 0.167400 0.205100 0.101900 0.024500 0.000000 0.024100 0.049700 0.104700 0.135500 0.077400
Pronghorn 0.307400 0.514300 0.172200 0.261400 0.351300 0.451900 0.359000 0.269200 0.172200 0.175000 0.347700 0.229400 0.450600 0.269200 0.269200 0.416500 0.230800 0.248100 0.320700 0.172200 0.352000 0.349300 0.247300 0.210700 0.349000 0.305900 0.450600 0.208800 0.387600 0.204700 0.210700 0.269200 0.000000 0.450600 0.400800 0.168100 0.347700 0.351300 0.298200 0.501900 0.245500 0.355900 0.210500 0.255400 0.198900 0.314300 0.269200 0.306800 0.274000 0.205400 0.176000 0.172200
BlueWildeb 0.104500 0.669500 0.235200 0.383900 0.134500 0.108100 0.230400 0.131800 0.235200 0.315000 0.077700 0.294900 0.000000 0.131800 0.131800 0.241600 0.269600 0.429100 0.138800 0.235200 0.136100 0.077600 0.366200 0.281500 0.077900 0.235800 0.000000 0.275400 0.163600 0.270300 0.281200 0.131800 0.450600 0.000000 0.078600 0.301200 0.077700 0.134500 0.334700 0.638700 0.283600 0.200900 0.281000 0.256000 0.262500 0.164800 0.131800 0.131400 0.195800 0.202800 0.240600 0.235200
Gemsbok 0.075900 0.505400 0.168300 0.339300 0.105400 0.108300 0.233800 0.103900 0.168300 0.238900 0.051000 0.223500 0.078600 0.103900 0.103900 0.207700 0.304500 0.419300 0.108000 0.168300 0.106600 0.050700 0.359700 0.277000 0.051100 0.202200 0.078600 0.204200 0.134000 0.200100 0.277100 0.103900 0.400800 0.078600 0.000000 0.227400 0.051000 0.105000 0.287900 0.592600 0.278600 0.168800 0.276900 0.250600 0.193800 0.134900 0.103900 0.103800 0.165000 0.137900 0.171200 0.168300
Yak 0.160000 0.494900 0.050800 0.192300 0.192300 0.264300 0.195400 0.130100 0.050800 0.051500 0.192400 0.049000 0.301200 0.130100 0.130100 0.234100 0.133000 0.175300 0.166100 0.050800 0.194800 0.191600 0.138000 0.079700 0.192900 0.301300 0.301200 0.078700 0.223200 0.077200 0.079500 0.130100 0.168100 0.301200 0.227400 0.000000 0.192400 0.192300 0.279800 0.340100 0.137100 0.263400 0.079400 0.111500 0.024500 0.162400 0.130100 0.158900 0.132600 0.077700 0.052000 0.050800
BlueSheep 0.024400 0.507900 0.135000 0.259100 0.050000 0.051200 0.164200 0.049200 0.135000 0.200300 0.000000 0.189200 0.077700 0.049200 0.049200 0.138100 0.226800 0.363900 0.078700 0.135000 0.050500 0.000100 0.311000 0.236000 0.000100 0.134700 0.077700 0.167800 0.075700 0.164700 0.236000 0.049200 0.347700 0.077700 0.051000 0.192400 0.000000 0.050000 0.245400 0.536200 0.237000 0.105400 0.235700 0.210500 0.160800 0.076500 0.049200 0.075000 0.103700 0.106600 0.137500 0.135000
BohorReedb 0.024300 0.457300 0.135600 0.259400 0.000000 0.105800 0.164100 0.049200 0.135600 0.201400 0.050000 0.189000 0.134500 0.049200 0.049200 0.138800 0.227700 0.367700 0.135600 0.135600 0.104500 0.049700 0.313600 0.237300 0.050100 0.135300 0.134500 0.168800 0.075900 0.165500 0.237300 0.049200 0.351300 0.134500 0.105000 0.192300 0.050000 0.000000 0.322400 0.487000 0.238100 0.105800 0.237000 0.211100 0.160600 0.076400 0.049200 0.075000 0.103600 0.106800 0.200900 0.135600
KirksDik 0.278900 0.760800 0.289400 0.442600 0.322400 0.334500 0.413100 0.312000 0.289400 0.295700 0.245400 0.348400 0.334700 0.312000 0.312000 0.222100 0.410100 0.438400 0.219200 0.289400 0.179100 0.244900 0.437100 0.341500 0.246000 0.249500 0.334700 0.335000 0.279700 0.327800 0.341000 0.312000 0.298200 0.334700 0.287900 0.279800 0.245400 0.322400 0.000000 0.840700 0.344400 0.213500 0.341400 0.317400 0.314900 0.362100 0.312000 0.350700 0.248100 0.253700 0.221500 0.289400
RoeDeer 0.481000 0.828300 0.350200 0.635000 0.487000 0.565800 0.450600 0.427000 0.350200 0.265500 0.536200 0.417600 0.638700 0.427000 0.427000 0.640000 0.348900 0.383300 0.566700 0.350200 0.554500 0.542400 0.315600 0.232100 0.538400 0.760900 0.638700 0.305700 0.483800 0.388400 0.231800 0.427000 0.501900 0.638700 0.592600 0.340100 0.536200 0.487000 0.840700 0.000000 0.353700 0.682800 0.232000 0.284200 0.379100 0.494700 0.427000 0.474600 0.438200 0.396400 0.363100 0.350200
WhiteLippe 0.201000 0.539300 0.140000 0.270100 0.238100 0.322500 0.316600 0.232000 0.140000 0.108600 0.237000 0.196000 0.283600 0.232000 0.232000 0.286600 0.139200 0.185100 0.210200 0.140000 0.241100 0.237300 0.080300 0.081200 0.237700 0.321300 0.283600 0.138300 0.271900 0.171000 0.081100 0.232000 0.245500 0.283600 0.278600 0.137100 0.237000 0.238100 0.344400 0.353700 0.000000 0.319400 0.081000 0.055000 0.166400 0.274500 0.232000 0.266700 0.236700 0.110500 0.143400 0.140000
ThomsonGaz 0.077200 0.518400 0.201700 0.335000 0.105800 0.169500 0.233900 0.104100 0.201700 0.275600 0.105400 0.258200 0.200900 0.104100 0.104100 0.109900 0.302500 0.415900 0.203100 0.201700 0.106000 0.105300 0.404900 0.317000 0.105700 0.025500 0.200900 0.239700 0.076800 0.234800 0.316300 0.104100 0.355900 0.200900 0.168800 0.263400 0.105400 0.105800 0.213500 0.682800 0.319400 0.000000 0.316000 0.291700 0.227800 0.135100 0.104100 0.132400 0.165300 0.169600 0.275400 0.201700
MuntiacusC 0.200600 0.581700 0.081300 0.303700 0.237000 0.319800 0.241700 0.167400 0.081300 0.025900 0.235700 0.134800 0.281000 0.167400 0.167400 0.287700 0.109400 0.150700 0.209600 0.081300 0.238300 0.236100 0.053600 0.000300 0.236400 0.359400 0.281000 0.052700 0.269200 0.110100 0.000100 0.167400 0.210500 0.281000 0.276900 0.079400 0.235700 0.237000 0.341400 0.232000 0.081000 0.316000 0.000000 0.026800 0.107100 0.204400 0.167400 0.199100 0.171000 0.110800 0.083100 0.081300
WhiteTaile 0.174500 0.565700 0.113900 0.280200 0.211100 0.294700 0.288700 0.205100 0.113900 0.054000 0.210500 0.170300 0.256000 0.205100 0.205100 0.259200 0.144500 0.192700 0.183500 0.113900 0.214800 0.210600 0.084800 0.027100 0.211100 0.334900 0.256000 0.083000 0.245000 0.144700 0.027000 0.205100 0.255400 0.256000 0.250600 0.111500 0.210500 0.211100 0.317400 0.284200 0.055000 0.291700 0.026800 0.000000 0.140700 0.246700 0.205100 0.239000 0.210300 0.084400 0.117000 0.113900
Cattle 0.130200 0.547500 0.024900 0.222800 0.160600 0.228300 0.163200 0.101900 0.024900 0.078300 0.160800 0.024000 0.262500 0.101900 0.101900 0.199500 0.161400 0.207000 0.196100 0.024900 0.225200 0.160000 0.167600 0.107300 0.161100 0.263500 0.262500 0.051300 0.190200 0.050400 0.107200 0.101900 0.198900 0.262500 0.193800 0.024500 0.160800 0.160600 0.314900 0.379100 0.166400 0.227800 0.107100 0.140700 0.000000 0.132200 0.101200 0.129600 0.161300 0.050600 0.078600 0.024900
RoyalAntel 0.049700 0.576300 0.107200 0.293800 0.076400 0.135200 0.105600 0.024400 0.107200 0.170600 0.076500 0.160000 0.164800 0.024400 0.024400 0.170600 0.195800 0.327600 0.166200 0.107200 0.132900 0.076000 0.277200 0.204300 0.076600 0.166400 0.164800 0.139100 0.103300 0.136300 0.204500 0.024500 0.314300 0.164800 0.134900 0.162400 0.076500 0.076400 0.362100 0.494700 0.274500 0.135100 0.204400 0.246700 0.132200 0.000000 0.024400 0.049600 0.077000 0.136200 0.169700 0.107200
Steenbok 0.024300 0.497500 0.077400 0.253200 0.049200 0.104100 0.104100 0.000000 0.077400 0.136300 0.049200 0.128400 0.131800 0.000000 0.000000 0.136400 0.160800 0.279400 0.132900 0.077400 0.102200 0.048900 0.234300 0.167500 0.049300 0.133300 0.131800 0.107000 0.074700 0.104800 0.167600 0.000000 0.269200 0.131800 0.103900 0.130100 0.049200 0.049200 0.312000 0.427000 0.232000 0.104100 0.167400 0.205100 0.101200 0.024400 0.000000 0.024100 0.049600 0.104700 0.135500 0.077400
Impala 0.048800 0.440900 0.105000 0.287600 0.075000 0.132400 0.132600 0.024100 0.105000 0.166800 0.075000 0.157000 0.131400 0.024100 0.024100 0.166900 0.191100 0.317800 0.162300 0.105000 0.129800 0.074600 0.269700 0.199100 0.075100 0.163200 0.131400 0.136400 0.101400 0.133600 0.199400 0.024100 0.306800 0.131400 0.103800 0.158900 0.075000 0.075000 0.350700 0.474600 0.266700 0.132400 0.199100 0.239000 0.129600 0.049600 0.024100 0.000000 0.075700 0.133100 0.165200 0.105000
Klipspring 0.075800 0.497000 0.136500 0.254900 0.103600 0.165500 0.165500 0.049600 0.136500 0.139000 0.103700 0.189500 0.195800 0.049600 0.049600 0.140400 0.163700 0.286000 0.136100 0.136500 0.104400 0.103100 0.239200 0.171200 0.103800 0.197700 0.195800 0.170100 0.131300 0.166500 0.171200 0.049700 0.274000 0.195800 0.165000 0.132600 0.103700 0.103600 0.248100 0.438200 0.236700 0.165300 0.171000 0.210300 0.161300 0.077000 0.049600 0.075700 0.000000 0.166500 0.138700 0.136500
ForestMusk 0.077900 0.458900 0.025500 0.227200 0.106800 0.171200 0.168700 0.104700 0.025500 0.080800 0.106600 0.076300 0.202800 0.104700 0.104700 0.144800 0.166100 0.214800 0.140300 0.025500 0.167700 0.106400 0.173300 0.110800 0.106800 0.202600 0.202800 0.052800 0.134600 0.051800 0.110900 0.104700 0.205400 0.202800 0.137900 0.077700 0.106600 0.106800 0.253700 0.396400 0.110500 0.169600 0.110800 0.084400 0.050600 0.136200 0.104700 0.133100 0.166500 0.000000 0.081000 0.025500
Bushbuck 0.166700 0.513700 0.053000 0.263900 0.200900 0.207000 0.205100 0.135500 0.053000 0.053800 0.137500 0.105400 0.240600 0.135500 0.135500 0.245100 0.138900 0.185000 0.112000 0.053000 0.139700 0.137500 0.144900 0.083400 0.137800 0.314600 0.240600 0.082000 0.232000 0.080400 0.083200 0.135500 0.176000 0.240600 0.171200 0.052000 0.137500 0.200900 0.221500 0.363100 0.143400 0.275400 0.083100 0.117000 0.078600 0.169700 0.135500 0.165200 0.138700 0.081000 0.000000 0.053000
GreaterKud 0.105400 0.503600 0.000000 0.258400 0.135600 0.203000 0.138000 0.077400 0.000000 0.052900 0.135000 0.050000 0.235200 0.077400 0.077400 0.173500 0.135400 0.179800 0.170800 0.000000 0.198500 0.134900 0.141300 0.081400 0.135300 0.236600 0.235200 0.025900 0.164300 0.025300 0.081400 0.077400 0.172200 0.235200 0.168300 0.050800 0.135000 0.135600 0.289400 0.350200 0.140000 0.201700 0.081300 0.113900 0.024900 0.107200 0.077400 0.105000 0.136500 0.025500 0.053000 0.000000
