CODONML (in paml version 4.10.7, June 2023)  /home/rachel/ruminants_paml/6406-phy-tree/ENSBTAT00000034875.fasta.phy
Model: free dN/dS Ratios for branches,  kappa = 2.000 fixed

Codon frequency model: F3x4
ns =  54  ls =  22

Codon usage in sequences
--------------------------------------------------------------------------------------------------------------------------------------
Phe TTT   0   0   0   0   0   0 | Ser TCT   0   0   0   0   0   0 | Tyr TAT   0   0   0   0   0   0 | Cys TGT   0   0   0   0   0   0
    TTC   1   1   1   1   1   1 |     TCC   0   0   0   0   0   0 |     TAC   1   1   1   1   1   1 |     TGC   0   0   0   0   0   0
Leu TTA   0   0   0   0   1   0 |     TCA   0   0   0   0   0   0 | *** TAA   0   0   0   0   0   0 | *** TGA   0   0   0   0   0   0
    TTG   0   0   0   0   1   0 |     TCG   0   0   0   0   0   0 |     TAG   0   0   0   0   0   0 | Trp TGG   0   0   0   0   0   0
--------------------------------------------------------------------------------------------------------------------------------------
Leu CTT   0   0   0   0   0   0 | Pro CCT   0   0   0   0   0   0 | His CAT   1   1   1   1   1   1 | Arg CGT   0   0   0   0   0   0
    CTC   0   0   0   0   0   1 |     CCC   0   0   0   0   0   0 |     CAC   0   0   0   0   0   0 |     CGC   0   0   0   0   0   0
    CTA   0   0   0   0   0   0 |     CCA   0   0   0   0   0   0 | Gln CAA   0   0   0   0   0   0 |     CGA   0   0   0   0   0   0
    CTG   4   4   4   4   2   3 |     CCG   0   0   0   0   0   0 |     CAG   1   1   1   1   1   1 |     CGG   0   0   0   0   0   0
--------------------------------------------------------------------------------------------------------------------------------------
Ile ATT   0   0   0   0   1   0 | Thr ACT   1   1   1   1   1   1 | Asn AAT   0   0   0   0   0   0 | Ser AGT   0   0   0   0   0   0
    ATC   2   2   2   2   1   2 |     ACC   0   0   0   0   0   0 |     AAC   0   0   0   0   0   0 |     AGC   0   0   0   0   0   0
    ATA   0   0   0   0   0   0 |     ACA   0   0   0   0   0   0 | Lys AAA   0   0   0   0   0   0 | Arg AGA   1   1   1   1   1   1
Met ATG   1   1   1   1   1   1 |     ACG   0   0   0   0   0   0 |     AAG   1   1   1   1   1   1 |     AGG   0   0   0   0   0   0
--------------------------------------------------------------------------------------------------------------------------------------
Val GTT   0   0   0   0   0   0 | Ala GCT   0   0   0   0   0   0 | Asp GAT   0   0   0   0   1   0 | Gly GGT   1   1   1   1   0   1
    GTC   0   0   0   0   0   0 |     GCC   1   1   1   1   1   1 |     GAC   1   1   1   1   0   1 |     GGC   0   0   0   0   1   0
    GTA   0   0   0   0   0   0 |     GCA   0   0   0   0   0   0 | Glu GAA   2   2   2   2   2   2 |     GGA   0   0   0   0   0   0
    GTG   0   0   0   0   0   0 |     GCG   0   0   0   0   0   0 |     GAG   2   2   2   2   2   2 |     GGG   1   1   1   1   1   1
--------------------------------------------------------------------------------------------------------------------------------------

--------------------------------------------------------------------------------------------------------------------------------------
Phe TTT   0   0   0   0   1   0 | Ser TCT   0   0   0   0   0   0 | Tyr TAT   0   0   0   0   0   0 | Cys TGT   0   0   0   0   0   0
    TTC   1   1   1   1   0   1 |     TCC   0   0   0   0   0   0 |     TAC   1   1   1   1   1   1 |     TGC   0   0   0   0   0   0
Leu TTA   0   0   0   0   0   0 |     TCA   0   0   0   0   0   0 | *** TAA   0   0   0   0   0   0 | *** TGA   0   0   0   0   0   0
    TTG   0   0   0   0   0   0 |     TCG   0   0   0   0   0   0 |     TAG   0   0   0   0   0   0 | Trp TGG   0   0   0   0   0   0
--------------------------------------------------------------------------------------------------------------------------------------
Leu CTT   0   0   0   0   0   0 | Pro CCT   0   0   0   0   0   0 | His CAT   1   1   1   1   1   1 | Arg CGT   0   0   0   0   0   0
    CTC   0   0   0   0   0   0 |     CCC   0   0   0   0   0   0 |     CAC   0   0   0   0   0   0 |     CGC   0   0   0   0   0   0
    CTA   0   0   0   0   0   0 |     CCA   0   0   0   0   0   0 | Gln CAA   0   0   0   0   0   0 |     CGA   0   0   0   0   0   0
    CTG   4   4   4   4   4   4 |     CCG   0   0   0   0   0   0 |     CAG   1   1   1   1   1   1 |     CGG   0   0   0   0   0   0
--------------------------------------------------------------------------------------------------------------------------------------
Ile ATT   0   0   0   0   0   1 | Thr ACT   1   1   1   1   1   1 | Asn AAT   0   0   0   0   0   0 | Ser AGT   0   0   0   0   0   0
    ATC   2   2   2   2   2   1 |     ACC   0   0   0   0   0   0 |     AAC   0   0   0   0   0   0 |     AGC   0   0   0   0   0   0
    ATA   0   0   0   0   0   0 |     ACA   0   0   0   0   0   0 | Lys AAA   0   0   0   0   0   0 | Arg AGA   1   1   1   1   1   1
Met ATG   1   1   1   1   1   1 |     ACG   0   0   0   0   0   0 |     AAG   1   1   1   1   1   1 |     AGG   0   0   0   0   0   0
--------------------------------------------------------------------------------------------------------------------------------------
Val GTT   0   0   0   0   0   0 | Ala GCT   0   0   0   0   0   0 | Asp GAT   0   0   0   0   0   0 | Gly GGT   1   1   1   1   1   0
    GTC   0   0   0   0   0   0 |     GCC   1   1   1   1   1   1 |     GAC   1   1   1   1   1   1 |     GGC   0   0   0   0   0   0
    GTA   0   0   0   0   0   0 |     GCA   0   0   0   0   0   0 | Glu GAA   2   2   2   2   2   2 |     GGA   0   0   0   0   0   0
    GTG   0   0   0   0   0   0 |     GCG   0   0   0   0   0   0 |     GAG   2   2   2   2   2   2 |     GGG   1   1   1   1   1   2
--------------------------------------------------------------------------------------------------------------------------------------

--------------------------------------------------------------------------------------------------------------------------------------
Phe TTT   0   0   0   0   1   0 | Ser TCT   0   0   0   0   0   0 | Tyr TAT   0   0   0   0   0   0 | Cys TGT   0   0   0   0   0   0
    TTC   1   1   1   1   0   1 |     TCC   0   0   0   0   0   0 |     TAC   1   1   1   1   1   1 |     TGC   0   0   0   0   0   0
Leu TTA   0   0   0   0   0   0 |     TCA   0   0   0   0   0   0 | *** TAA   0   0   0   0   0   0 | *** TGA   0   0   0   0   0   0
    TTG   0   0   0   0   0   0 |     TCG   0   0   0   0   0   0 |     TAG   0   0   0   0   0   0 | Trp TGG   0   0   0   0   0   0
--------------------------------------------------------------------------------------------------------------------------------------
Leu CTT   0   0   0   0   0   0 | Pro CCT   0   0   0   0   0   0 | His CAT   1   1   1   1   1   1 | Arg CGT   0   0   0   0   0   0
    CTC   0   0   0   0   0   0 |     CCC   0   0   0   0   0   0 |     CAC   0   0   0   0   0   0 |     CGC   0   0   0   0   0   0
    CTA   0   0   0   0   0   0 |     CCA   0   0   0   0   0   0 | Gln CAA   0   0   0   0   0   0 |     CGA   0   0   0   0   0   0
    CTG   4   4   4   4   4   4 |     CCG   0   0   0   0   0   0 |     CAG   1   1   1   1   1   1 |     CGG   0   0   0   0   0   0
--------------------------------------------------------------------------------------------------------------------------------------
Ile ATT   0   1   0   0   1   0 | Thr ACT   1   1   1   1   1   1 | Asn AAT   0   0   0   0   0   0 | Ser AGT   0   0   0   0   0   0
    ATC   2   1   2   2   1   2 |     ACC   0   0   0   0   0   0 |     AAC   0   0   0   0   0   0 |     AGC   0   0   0   0   0   0
    ATA   0   0   0   0   0   0 |     ACA   0   0   0   0   0   0 | Lys AAA   0   0   0   0   0   0 | Arg AGA   1   1   1   1   1   1
Met ATG   1   1   1   1   1   1 |     ACG   0   0   0   0   0   0 |     AAG   1   1   1   1   1   1 |     AGG   0   0   0   0   0   0
--------------------------------------------------------------------------------------------------------------------------------------
Val GTT   0   0   0   0   0   0 | Ala GCT   0   0   0   0   0   0 | Asp GAT   0   0   0   0   0   0 | Gly GGT   1   1   1   1   1   1
    GTC   0   0   0   0   0   0 |     GCC   1   1   1   1   1   1 |     GAC   1   1   1   1   1   1 |     GGC   0   0   0   0   0   0
    GTA   0   0   0   0   0   0 |     GCA   0   0   0   0   0   0 | Glu GAA   2   2   2   2   2   2 |     GGA   0   0   0   0   0   0
    GTG   0   0   0   0   0   0 |     GCG   0   0   0   0   0   0 |     GAG   2   2   2   2   2   2 |     GGG   1   1   1   1   1   1
--------------------------------------------------------------------------------------------------------------------------------------

--------------------------------------------------------------------------------------------------------------------------------------
Phe TTT   0   0   0   0   0   1 | Ser TCT   0   0   0   0   0   0 | Tyr TAT   0   0   0   0   0   0 | Cys TGT   0   0   0   0   0   0
    TTC   1   1   1   1   1   0 |     TCC   0   0   0   0   0   0 |     TAC   1   1   1   1   1   1 |     TGC   0   0   0   0   0   0
Leu TTA   0   0   0   0   0   0 |     TCA   0   0   0   0   0   0 | *** TAA   0   0   0   0   0   0 | *** TGA   0   0   0   0   0   0
    TTG   0   0   1   0   0   0 |     TCG   0   0   0   0   0   0 |     TAG   0   0   0   0   0   0 | Trp TGG   0   0   0   0   0   0
--------------------------------------------------------------------------------------------------------------------------------------
Leu CTT   0   0   0   0   0   0 | Pro CCT   0   0   0   0   0   0 | His CAT   1   1   1   1   1   1 | Arg CGT   0   0   0   0   0   0
    CTC   0   0   0   0   0   0 |     CCC   0   0   0   0   0   0 |     CAC   0   0   0   0   0   0 |     CGC   0   0   0   0   0   0
    CTA   0   0   0   0   0   0 |     CCA   0   0   0   0   0   0 | Gln CAA   0   0   0   0   0   0 |     CGA   0   0   0   0   0   0
    CTG   4   4   3   4   4   4 |     CCG   0   0   0   0   0   0 |     CAG   1   1   1   1   1   1 |     CGG   0   0   0   0   0   0
--------------------------------------------------------------------------------------------------------------------------------------
Ile ATT   0   0   0   0   0   1 | Thr ACT   1   1   1   1   1   1 | Asn AAT   0   0   0   0   0   0 | Ser AGT   0   0   0   0   0   0
    ATC   2   2   2   2   2   1 |     ACC   0   0   0   0   0   0 |     AAC   0   0   0   0   0   0 |     AGC   0   0   0   0   0   0
    ATA   0   0   0   0   0   0 |     ACA   0   0   0   0   0   0 | Lys AAA   0   0   0   0   0   0 | Arg AGA   1   1   1   1   1   1
Met ATG   1   1   1   1   1   1 |     ACG   0   0   0   0   0   0 |     AAG   1   1   1   1   1   1 |     AGG   0   0   0   0   0   0
--------------------------------------------------------------------------------------------------------------------------------------
Val GTT   0   0   0   0   0   0 | Ala GCT   0   0   0   0   0   0 | Asp GAT   0   0   0   0   0   0 | Gly GGT   1   1   1   1   1   1
    GTC   0   0   0   0   0   0 |     GCC   1   1   1   1   1   1 |     GAC   1   1   1   1   1   1 |     GGC   0   0   0   0   0   0
    GTA   0   0   0   0   0   0 |     GCA   0   0   0   0   0   0 | Glu GAA   2   2   2   2   2   2 |     GGA   0   0   0   0   0   0
    GTG   0   0   0   0   0   0 |     GCG   0   0   0   0   0   0 |     GAG   2   2   2   2   2   2 |     GGG   1   1   1   1   1   1
--------------------------------------------------------------------------------------------------------------------------------------

--------------------------------------------------------------------------------------------------------------------------------------
Phe TTT   0   0   1   0   0   0 | Ser TCT   0   0   0   0   0   0 | Tyr TAT   0   0   0   0   0   0 | Cys TGT   0   0   0   0   0   0
    TTC   1   1   0   1   1   1 |     TCC   0   0   0   0   0   0 |     TAC   1   1   1   1   1   1 |     TGC   0   0   0   0   0   0
Leu TTA   0   0   0   0   0   0 |     TCA   0   0   0   0   0   0 | *** TAA   0   0   0   0   0   0 | *** TGA   0   0   0   0   0   0
    TTG   0   0   0   0   0   0 |     TCG   0   0   0   0   0   0 |     TAG   0   0   0   0   0   0 | Trp TGG   0   0   0   0   0   0
--------------------------------------------------------------------------------------------------------------------------------------
Leu CTT   0   0   0   0   0   0 | Pro CCT   0   0   0   0   0   0 | His CAT   1   1   1   1   1   1 | Arg CGT   0   0   0   0   0   0
    CTC   0   0   0   0   0   0 |     CCC   0   0   0   0   0   0 |     CAC   0   0   0   0   0   0 |     CGC   0   0   0   0   0   0
    CTA   0   0   0   0   0   0 |     CCA   0   0   0   0   0   0 | Gln CAA   0   0   0   0   0   0 |     CGA   0   0   0   0   0   0
    CTG   4   4   4   4   4   4 |     CCG   0   0   0   0   0   0 |     CAG   1   1   1   1   1   1 |     CGG   0   0   0   0   0   0
--------------------------------------------------------------------------------------------------------------------------------------
Ile ATT   1   1   0   0   0   0 | Thr ACT   1   1   1   1   1   1 | Asn AAT   0   0   0   0   0   0 | Ser AGT   0   0   0   0   0   0
    ATC   1   1   2   2   2   2 |     ACC   0   0   0   0   0   0 |     AAC   0   0   0   0   0   0 |     AGC   0   0   0   0   0   0
    ATA   0   0   0   0   0   0 |     ACA   0   0   0   0   0   0 | Lys AAA   0   0   0   0   0   0 | Arg AGA   1   1   1   1   1   1
Met ATG   1   1   1   1   1   1 |     ACG   0   0   0   0   0   0 |     AAG   1   1   1   1   1   1 |     AGG   0   0   0   0   0   0
--------------------------------------------------------------------------------------------------------------------------------------
Val GTT   0   0   0   0   0   0 | Ala GCT   0   0   0   0   0   0 | Asp GAT   0   0   0   0   0   0 | Gly GGT   0   0   1   1   1   1
    GTC   0   0   0   0   0   0 |     GCC   1   1   1   1   1   1 |     GAC   1   1   1   1   1   1 |     GGC   0   0   0   0   0   0
    GTA   0   0   0   0   0   0 |     GCA   0   0   0   0   0   0 | Glu GAA   2   2   2   2   2   2 |     GGA   0   0   0   1   0   0
    GTG   0   0   0   0   0   0 |     GCG   0   0   0   0   0   0 |     GAG   2   2   2   2   2   2 |     GGG   2   2   1   0   1   1
--------------------------------------------------------------------------------------------------------------------------------------

--------------------------------------------------------------------------------------------------------------------------------------
Phe TTT   0   0   1   0   1   0 | Ser TCT   0   0   0   0   0   0 | Tyr TAT   0   0   0   0   0   0 | Cys TGT   0   0   0   0   0   0
    TTC   1   1   0   1   0   1 |     TCC   0   0   0   0   0   0 |     TAC   1   1   1   1   1   1 |     TGC   0   0   0   0   0   0
Leu TTA   0   0   0   0   0   0 |     TCA   0   0   0   0   0   0 | *** TAA   0   0   0   0   0   0 | *** TGA   0   0   0   0   0   0
    TTG   0   0   0   0   0   0 |     TCG   0   0   0   0   0   0 |     TAG   0   0   0   0   0   0 | Trp TGG   0   0   0   0   0   0
--------------------------------------------------------------------------------------------------------------------------------------
Leu CTT   0   0   0   0   0   0 | Pro CCT   0   0   0   0   0   0 | His CAT   1   1   1   1   1   1 | Arg CGT   0   0   0   0   0   0
    CTC   0   0   0   0   0   0 |     CCC   0   0   0   0   0   0 |     CAC   0   0   0   0   0   0 |     CGC   0   0   0   0   0   0
    CTA   0   0   0   0   0   0 |     CCA   0   0   0   0   0   0 | Gln CAA   0   0   0   0   0   0 |     CGA   0   0   0   0   0   0
    CTG   4   4   4   4   4   4 |     CCG   0   0   0   0   0   0 |     CAG   1   1   1   1   1   1 |     CGG   0   0   0   0   0   0
--------------------------------------------------------------------------------------------------------------------------------------
Ile ATT   0   0   1   0   1   0 | Thr ACT   1   1   1   1   1   1 | Asn AAT   0   0   0   0   0   0 | Ser AGT   0   0   0   0   0   0
    ATC   2   2   1   2   1   2 |     ACC   0   0   0   0   0   0 |     AAC   0   0   0   0   0   0 |     AGC   0   0   0   0   0   0
    ATA   0   0   0   0   0   0 |     ACA   0   0   0   0   0   0 | Lys AAA   0   0   0   0   0   0 | Arg AGA   1   1   1   1   1   1
Met ATG   1   1   1   1   1   1 |     ACG   0   0   0   0   0   0 |     AAG   1   1   1   1   1   1 |     AGG   0   0   0   0   0   0
--------------------------------------------------------------------------------------------------------------------------------------
Val GTT   0   0   0   0   0   0 | Ala GCT   0   0   0   0   0   0 | Asp GAT   0   0   0   0   0   0 | Gly GGT   1   1   0   1   1   1
    GTC   0   0   0   0   0   0 |     GCC   1   1   1   1   1   1 |     GAC   1   1   1   1   1   1 |     GGC   0   0   0   0   0   0
    GTA   0   0   0   0   0   0 |     GCA   0   0   0   0   0   0 | Glu GAA   2   2   2   2   2   2 |     GGA   0   0   0   0   0   0
    GTG   0   0   0   0   0   0 |     GCG   0   0   0   0   0   0 |     GAG   2   2   2   2   2   2 |     GGG   1   1   2   1   1   1
--------------------------------------------------------------------------------------------------------------------------------------

--------------------------------------------------------------------------------------------------------------------------------------
Phe TTT   0   0   0   0   0   0 | Ser TCT   0   0   0   0   0   0 | Tyr TAT   0   0   0   0   0   0 | Cys TGT   0   0   0   0   0   0
    TTC   1   1   1   1   1   1 |     TCC   0   0   0   0   0   0 |     TAC   1   1   1   1   1   1 |     TGC   0   0   0   0   0   0
Leu TTA   0   0   0   0   0   0 |     TCA   0   0   0   0   0   0 | *** TAA   0   0   0   0   0   0 | *** TGA   0   0   0   0   0   0
    TTG   0   0   0   0   0   0 |     TCG   0   0   0   0   0   0 |     TAG   0   0   0   0   0   0 | Trp TGG   0   0   0   0   0   0
--------------------------------------------------------------------------------------------------------------------------------------
Leu CTT   0   0   0   0   0   0 | Pro CCT   0   0   0   0   0   0 | His CAT   1   1   1   1   1   1 | Arg CGT   0   0   0   0   0   0
    CTC   0   0   0   0   0   0 |     CCC   0   0   0   0   0   0 |     CAC   0   0   0   0   0   0 |     CGC   0   0   0   0   0   0
    CTA   0   0   0   0   0   0 |     CCA   0   0   0   0   0   0 | Gln CAA   0   0   0   0   0   0 |     CGA   0   0   0   0   0   0
    CTG   4   4   4   4   4   4 |     CCG   0   0   0   0   0   0 |     CAG   1   1   1   1   1   1 |     CGG   0   0   0   0   0   0
--------------------------------------------------------------------------------------------------------------------------------------
Ile ATT   0   0   0   0   0   1 | Thr ACT   1   1   1   1   1   1 | Asn AAT   0   0   0   0   0   0 | Ser AGT   0   0   0   0   0   0
    ATC   2   2   2   2   2   1 |     ACC   0   0   0   0   0   0 |     AAC   0   0   0   0   0   0 |     AGC   0   0   0   0   0   0
    ATA   0   0   0   0   0   0 |     ACA   0   0   0   0   0   0 | Lys AAA   0   0   0   0   0   0 | Arg AGA   1   1   1   1   1   1
Met ATG   1   1   1   1   1   1 |     ACG   0   0   0   0   0   0 |     AAG   1   1   1   1   1   1 |     AGG   0   0   0   0   0   0
--------------------------------------------------------------------------------------------------------------------------------------
Val GTT   0   0   0   0   0   0 | Ala GCT   0   0   0   0   0   0 | Asp GAT   0   0   0   0   0   0 | Gly GGT   1   1   0   1   1   0
    GTC   0   0   0   0   0   0 |     GCC   1   1   1   1   1   1 |     GAC   1   1   1   1   1   1 |     GGC   0   0   1   0   0   0
    GTA   0   0   0   0   0   0 |     GCA   0   0   0   0   0   0 | Glu GAA   2   2   3   2   2   2 |     GGA   0   0   0   0   0   0
    GTG   0   0   0   0   0   0 |     GCG   0   0   0   0   0   0 |     GAG   2   2   1   2   2   2 |     GGG   1   1   1   1   1   2
--------------------------------------------------------------------------------------------------------------------------------------

--------------------------------------------------------------------------------------------------------------------------------------
Phe TTT   0   0   0   0   0   0 | Ser TCT   0   0   0   0   0   0 | Tyr TAT   0   0   0   0   0   0 | Cys TGT   0   0   0   0   0   0
    TTC   1   1   1   1   1   1 |     TCC   0   0   0   0   0   0 |     TAC   1   1   1   1   1   1 |     TGC   0   0   0   0   0   0
Leu TTA   0   0   0   0   0   0 |     TCA   0   0   0   0   0   0 | *** TAA   0   0   0   0   0   0 | *** TGA   0   0   0   0   0   0
    TTG   0   0   0   0   0   0 |     TCG   0   0   0   0   0   0 |     TAG   0   0   0   0   0   0 | Trp TGG   0   0   0   0   0   0
--------------------------------------------------------------------------------------------------------------------------------------
Leu CTT   0   0   0   0   0   0 | Pro CCT   0   0   0   0   0   0 | His CAT   1   1   1   1   1   1 | Arg CGT   0   0   0   0   0   0
    CTC   0   0   0   0   0   0 |     CCC   0   0   0   0   0   0 |     CAC   0   0   0   0   0   0 |     CGC   0   0   0   0   0   0
    CTA   0   0   0   0   0   0 |     CCA   0   0   0   0   0   0 | Gln CAA   0   0   0   0   0   0 |     CGA   0   0   0   0   0   0
    CTG   4   4   4   4   4   4 |     CCG   0   0   0   0   0   0 |     CAG   1   1   1   1   1   1 |     CGG   0   0   0   0   0   0
--------------------------------------------------------------------------------------------------------------------------------------
Ile ATT   1   0   1   1   0   0 | Thr ACT   1   1   1   1   1   1 | Asn AAT   0   0   0   0   0   0 | Ser AGT   0   0   0   0   0   0
    ATC   1   2   1   1   2   2 |     ACC   0   0   0   0   0   0 |     AAC   0   0   0   0   0   0 |     AGC   0   0   0   0   0   0
    ATA   0   0   0   0   0   0 |     ACA   0   0   0   0   0   0 | Lys AAA   0   0   0   0   0   0 | Arg AGA   1   1   1   1   1   1
Met ATG   1   1   1   1   1   1 |     ACG   0   0   0   0   0   0 |     AAG   1   1   1   1   1   1 |     AGG   0   0   0   0   0   0
--------------------------------------------------------------------------------------------------------------------------------------
Val GTT   0   0   0   0   0   0 | Ala GCT   0   0   0   0   0   0 | Asp GAT   0   0   0   0   0   0 | Gly GGT   0   1   0   0   1   1
    GTC   0   0   0   0   0   0 |     GCC   1   1   1   1   1   1 |     GAC   1   1   1   1   1   1 |     GGC   0   0   0   0   0   0
    GTA   0   0   0   0   0   0 |     GCA   0   0   0   0   0   0 | Glu GAA   2   2   2   2   2   2 |     GGA   0   0   0   0   0   0
    GTG   0   0   0   0   0   0 |     GCG   0   0   0   0   0   0 |     GAG   2   2   2   2   2   2 |     GGG   2   1   2   2   1   1
--------------------------------------------------------------------------------------------------------------------------------------

--------------------------------------------------------------------------------------------------------------------------------------
Phe TTT   0   0   0   0   0   0 | Ser TCT   0   0   0   0   0   0 | Tyr TAT   0   0   0   0   0   0 | Cys TGT   0   0   0   0   0   0
    TTC   1   1   1   1   1   1 |     TCC   0   0   0   0   0   0 |     TAC   1   1   1   1   1   1 |     TGC   0   0   0   0   0   0
Leu TTA   0   0   0   0   0   0 |     TCA   0   0   0   0   0   0 | *** TAA   0   0   0   0   0   0 | *** TGA   0   0   0   0   0   0
    TTG   0   0   1   0   0   0 |     TCG   0   0   0   0   0   0 |     TAG   0   0   0   0   0   0 | Trp TGG   0   0   0   0   0   0
--------------------------------------------------------------------------------------------------------------------------------------
Leu CTT   0   0   0   0   0   0 | Pro CCT   0   0   0   0   0   0 | His CAT   1   1   1   1   1   1 | Arg CGT   0   0   0   0   0   0
    CTC   0   0   0   0   0   0 |     CCC   0   0   0   0   0   0 |     CAC   0   0   0   0   0   0 |     CGC   0   0   0   0   0   0
    CTA   0   0   0   0   0   0 |     CCA   0   0   0   0   0   0 | Gln CAA   0   0   0   0   0   0 |     CGA   0   0   0   0   0   0
    CTG   4   4   3   4   4   4 |     CCG   0   0   0   0   0   0 |     CAG   1   1   1   1   1   1 |     CGG   0   0   0   0   0   0
--------------------------------------------------------------------------------------------------------------------------------------
Ile ATT   1   0   0   0   0   0 | Thr ACT   1   1   1   1   1   1 | Asn AAT   0   0   0   0   0   0 | Ser AGT   0   0   0   0   0   0
    ATC   1   2   2   2   2   2 |     ACC   0   0   0   0   0   0 |     AAC   0   0   0   0   0   0 |     AGC   0   0   0   0   0   0
    ATA   0   0   0   0   0   0 |     ACA   0   0   0   0   0   0 | Lys AAA   0   0   0   0   0   0 | Arg AGA   1   1   1   1   1   1
Met ATG   1   1   1   1   1   1 |     ACG   0   0   0   0   0   0 |     AAG   1   1   1   1   1   1 |     AGG   0   0   0   0   0   0
--------------------------------------------------------------------------------------------------------------------------------------
Val GTT   0   0   0   0   0   0 | Ala GCT   0   0   0   0   0   0 | Asp GAT   0   0   0   0   0   0 | Gly GGT   1   1   1   1   1   1
    GTC   0   0   0   0   0   0 |     GCC   1   1   1   1   1   1 |     GAC   1   1   1   1   1   1 |     GGC   0   0   0   0   0   0
    GTA   0   0   0   0   0   0 |     GCA   0   0   0   0   0   0 | Glu GAA   2   2   2   2   2   2 |     GGA   0   0   0   0   0   0
    GTG   0   0   0   0   0   0 |     GCG   0   0   0   0   0   0 |     GAG   2   2   2   2   2   2 |     GGG   1   1   1   1   1   1
--------------------------------------------------------------------------------------------------------------------------------------

Codon position x base (3x4) table for each sequence.

#1: Argali         
position  1:    T:0.09091    C:0.27273    A:0.27273    G:0.36364
position  2:    T:0.36364    C:0.09091    A:0.40909    G:0.13636
position  3:    T:0.13636    C:0.27273    A:0.13636    G:0.45455
Average         T:0.19697    C:0.21212    A:0.27273    G:0.31818

#2: LesserMouseDeer
position  1:    T:0.09091    C:0.27273    A:0.27273    G:0.36364
position  2:    T:0.36364    C:0.09091    A:0.40909    G:0.13636
position  3:    T:0.13636    C:0.27273    A:0.13636    G:0.45455
Average         T:0.19697    C:0.21212    A:0.27273    G:0.31818

#3: LesserKudu     
position  1:    T:0.09091    C:0.27273    A:0.27273    G:0.36364
position  2:    T:0.36364    C:0.09091    A:0.40909    G:0.13636
position  3:    T:0.13636    C:0.27273    A:0.13636    G:0.45455
Average         T:0.19697    C:0.21212    A:0.27273    G:0.31818

#4: ForestMuskDeer2
position  1:    T:0.09091    C:0.27273    A:0.27273    G:0.36364
position  2:    T:0.36364    C:0.09091    A:0.40909    G:0.13636
position  3:    T:0.13636    C:0.27273    A:0.13636    G:0.45455
Average         T:0.19697    C:0.21212    A:0.27273    G:0.31818

#5: Camel          
position  1:    T:0.18182    C:0.18182    A:0.27273    G:0.36364
position  2:    T:0.36364    C:0.09091    A:0.40909    G:0.13636
position  3:    T:0.18182    C:0.22727    A:0.18182    G:0.40909
Average         T:0.24242    C:0.16667    A:0.28788    G:0.30303

#6: KillerWhale    
position  1:    T:0.09091    C:0.27273    A:0.27273    G:0.36364
position  2:    T:0.36364    C:0.09091    A:0.40909    G:0.13636
position  3:    T:0.13636    C:0.31818    A:0.13636    G:0.40909
Average         T:0.19697    C:0.22727    A:0.27273    G:0.30303

#7: DefassaWaterbuck
position  1:    T:0.09091    C:0.27273    A:0.27273    G:0.36364
position  2:    T:0.36364    C:0.09091    A:0.40909    G:0.13636
position  3:    T:0.13636    C:0.27273    A:0.13636    G:0.45455
Average         T:0.19697    C:0.21212    A:0.27273    G:0.31818

#8: Sheep          
position  1:    T:0.09091    C:0.27273    A:0.27273    G:0.36364
position  2:    T:0.36364    C:0.09091    A:0.40909    G:0.13636
position  3:    T:0.13636    C:0.27273    A:0.13636    G:0.45455
Average         T:0.19697    C:0.21212    A:0.27273    G:0.31818

#9: MaxwellsDuiker 
position  1:    T:0.09091    C:0.27273    A:0.27273    G:0.36364
position  2:    T:0.36364    C:0.09091    A:0.40909    G:0.13636
position  3:    T:0.13636    C:0.27273    A:0.13636    G:0.45455
Average         T:0.19697    C:0.21212    A:0.27273    G:0.31818

#10: GazellaPrzewalskyi
position  1:    T:0.09091    C:0.27273    A:0.27273    G:0.36364
position  2:    T:0.36364    C:0.09091    A:0.40909    G:0.13636
position  3:    T:0.13636    C:0.27273    A:0.13636    G:0.45455
Average         T:0.19697    C:0.21212    A:0.27273    G:0.31818

#11: MountainNyala  
position  1:    T:0.09091    C:0.27273    A:0.27273    G:0.36364
position  2:    T:0.36364    C:0.09091    A:0.40909    G:0.13636
position  3:    T:0.18182    C:0.22727    A:0.13636    G:0.45455
Average         T:0.21212    C:0.19697    A:0.27273    G:0.31818

#12: MuntiacusMuntjak
position  1:    T:0.09091    C:0.27273    A:0.27273    G:0.36364
position  2:    T:0.36364    C:0.09091    A:0.40909    G:0.13636
position  3:    T:0.13636    C:0.22727    A:0.13636    G:0.50000
Average         T:0.19697    C:0.19697    A:0.27273    G:0.33333

#13: goat           
position  1:    T:0.09091    C:0.27273    A:0.27273    G:0.36364
position  2:    T:0.36364    C:0.09091    A:0.40909    G:0.13636
position  3:    T:0.13636    C:0.27273    A:0.13636    G:0.45455
Average         T:0.19697    C:0.21212    A:0.27273    G:0.31818

#14: AfricanBuffalo 
position  1:    T:0.09091    C:0.27273    A:0.27273    G:0.36364
position  2:    T:0.36364    C:0.09091    A:0.40909    G:0.13636
position  3:    T:0.18182    C:0.22727    A:0.13636    G:0.45455
Average         T:0.21212    C:0.19697    A:0.27273    G:0.31818

#15: Topi           
position  1:    T:0.09091    C:0.27273    A:0.27273    G:0.36364
position  2:    T:0.36364    C:0.09091    A:0.40909    G:0.13636
position  3:    T:0.13636    C:0.27273    A:0.13636    G:0.45455
Average         T:0.19697    C:0.21212    A:0.27273    G:0.31818

#16: CommonDuiker   
position  1:    T:0.09091    C:0.27273    A:0.27273    G:0.36364
position  2:    T:0.36364    C:0.09091    A:0.40909    G:0.13636
position  3:    T:0.13636    C:0.27273    A:0.13636    G:0.45455
Average         T:0.19697    C:0.21212    A:0.27273    G:0.31818

#17: Suni           
position  1:    T:0.09091    C:0.27273    A:0.27273    G:0.36364
position  2:    T:0.36364    C:0.09091    A:0.40909    G:0.13636
position  3:    T:0.22727    C:0.18182    A:0.13636    G:0.45455
Average         T:0.22727    C:0.18182    A:0.27273    G:0.31818

#18: Springbuck     
position  1:    T:0.09091    C:0.27273    A:0.27273    G:0.36364
position  2:    T:0.36364    C:0.09091    A:0.40909    G:0.13636
position  3:    T:0.13636    C:0.27273    A:0.13636    G:0.45455
Average         T:0.19697    C:0.21212    A:0.27273    G:0.31818

#19: Okapi          
position  1:    T:0.09091    C:0.27273    A:0.27273    G:0.36364
position  2:    T:0.36364    C:0.09091    A:0.40909    G:0.13636
position  3:    T:0.13636    C:0.27273    A:0.13636    G:0.45455
Average         T:0.19697    C:0.21212    A:0.27273    G:0.31818

#20: Giraffe        
position  1:    T:0.09091    C:0.27273    A:0.27273    G:0.36364
position  2:    T:0.36364    C:0.09091    A:0.40909    G:0.13636
position  3:    T:0.13636    C:0.27273    A:0.13636    G:0.45455
Average         T:0.19697    C:0.21212    A:0.27273    G:0.31818

#21: TibetanAntelope
position  1:    T:0.13636    C:0.22727    A:0.27273    G:0.36364
position  2:    T:0.36364    C:0.09091    A:0.40909    G:0.13636
position  3:    T:0.13636    C:0.27273    A:0.13636    G:0.45455
Average         T:0.21212    C:0.19697    A:0.27273    G:0.31818

#22: Sitatunga      
position  1:    T:0.09091    C:0.27273    A:0.27273    G:0.36364
position  2:    T:0.36364    C:0.09091    A:0.40909    G:0.13636
position  3:    T:0.13636    C:0.27273    A:0.13636    G:0.45455
Average         T:0.19697    C:0.21212    A:0.27273    G:0.31818

#23: Oribi          
position  1:    T:0.09091    C:0.27273    A:0.27273    G:0.36364
position  2:    T:0.36364    C:0.09091    A:0.40909    G:0.13636
position  3:    T:0.13636    C:0.27273    A:0.13636    G:0.45455
Average         T:0.19697    C:0.21212    A:0.27273    G:0.31818

#24: BarbarySheep   
position  1:    T:0.09091    C:0.27273    A:0.27273    G:0.36364
position  2:    T:0.36364    C:0.09091    A:0.40909    G:0.13636
position  3:    T:0.22727    C:0.18182    A:0.13636    G:0.45455
Average         T:0.22727    C:0.18182    A:0.27273    G:0.31818

#25: Daviddeer      
position  1:    T:0.09091    C:0.27273    A:0.27273    G:0.36364
position  2:    T:0.36364    C:0.09091    A:0.40909    G:0.13636
position  3:    T:0.13636    C:0.22727    A:0.13636    G:0.50000
Average         T:0.19697    C:0.19697    A:0.27273    G:0.33333

#26: Reindeer       
position  1:    T:0.09091    C:0.27273    A:0.27273    G:0.36364
position  2:    T:0.36364    C:0.09091    A:0.40909    G:0.13636
position  3:    T:0.13636    C:0.22727    A:0.13636    G:0.50000
Average         T:0.19697    C:0.19697    A:0.27273    G:0.33333

#27: Ibex           
position  1:    T:0.09091    C:0.27273    A:0.27273    G:0.36364
position  2:    T:0.36364    C:0.09091    A:0.40909    G:0.13636
position  3:    T:0.18182    C:0.22727    A:0.13636    G:0.45455
Average         T:0.21212    C:0.19697    A:0.27273    G:0.31818

#28: GyrantGazelle  
position  1:    T:0.09091    C:0.27273    A:0.27273    G:0.36364
position  2:    T:0.36364    C:0.09091    A:0.40909    G:0.13636
position  3:    T:0.13636    C:0.27273    A:0.18182    G:0.40909
Average         T:0.19697    C:0.21212    A:0.28788    G:0.30303

#29: Hartebeest     
position  1:    T:0.09091    C:0.27273    A:0.27273    G:0.36364
position  2:    T:0.36364    C:0.09091    A:0.40909    G:0.13636
position  3:    T:0.13636    C:0.27273    A:0.13636    G:0.45455
Average         T:0.19697    C:0.21212    A:0.27273    G:0.31818

#30: Bongo          
position  1:    T:0.09091    C:0.27273    A:0.27273    G:0.36364
position  2:    T:0.36364    C:0.09091    A:0.40909    G:0.13636
position  3:    T:0.13636    C:0.27273    A:0.13636    G:0.45455
Average         T:0.19697    C:0.21212    A:0.27273    G:0.31818

#31: Gerenuk        
position  1:    T:0.09091    C:0.27273    A:0.27273    G:0.36364
position  2:    T:0.36364    C:0.09091    A:0.40909    G:0.13636
position  3:    T:0.13636    C:0.27273    A:0.13636    G:0.45455
Average         T:0.19697    C:0.21212    A:0.27273    G:0.31818

#32: CommonEland    
position  1:    T:0.09091    C:0.27273    A:0.27273    G:0.36364
position  2:    T:0.36364    C:0.09091    A:0.40909    G:0.13636
position  3:    T:0.13636    C:0.27273    A:0.13636    G:0.45455
Average         T:0.19697    C:0.21212    A:0.27273    G:0.31818

#33: MuntiacusReevesi
position  1:    T:0.09091    C:0.27273    A:0.27273    G:0.36364
position  2:    T:0.36364    C:0.09091    A:0.40909    G:0.13636
position  3:    T:0.18182    C:0.18182    A:0.13636    G:0.50000
Average         T:0.21212    C:0.18182    A:0.27273    G:0.33333

#34: HarveysDuiker  
position  1:    T:0.09091    C:0.27273    A:0.27273    G:0.36364
position  2:    T:0.36364    C:0.09091    A:0.40909    G:0.13636
position  3:    T:0.13636    C:0.27273    A:0.13636    G:0.45455
Average         T:0.19697    C:0.21212    A:0.27273    G:0.31818

#35: Pronghorn      
position  1:    T:0.09091    C:0.27273    A:0.27273    G:0.36364
position  2:    T:0.36364    C:0.09091    A:0.40909    G:0.13636
position  3:    T:0.22727    C:0.18182    A:0.13636    G:0.45455
Average         T:0.22727    C:0.18182    A:0.27273    G:0.31818

#36: BlueWildebeest 
position  1:    T:0.09091    C:0.27273    A:0.27273    G:0.36364
position  2:    T:0.36364    C:0.09091    A:0.40909    G:0.13636
position  3:    T:0.13636    C:0.27273    A:0.13636    G:0.45455
Average         T:0.19697    C:0.21212    A:0.27273    G:0.31818

#37: Gemsbok        
position  1:    T:0.09091    C:0.27273    A:0.27273    G:0.36364
position  2:    T:0.36364    C:0.09091    A:0.40909    G:0.13636
position  3:    T:0.13636    C:0.27273    A:0.13636    G:0.45455
Average         T:0.19697    C:0.21212    A:0.27273    G:0.31818

#38: Yak            
position  1:    T:0.09091    C:0.27273    A:0.27273    G:0.36364
position  2:    T:0.36364    C:0.09091    A:0.40909    G:0.13636
position  3:    T:0.13636    C:0.27273    A:0.13636    G:0.45455
Average         T:0.19697    C:0.21212    A:0.27273    G:0.31818

#39: BlueSheep      
position  1:    T:0.09091    C:0.27273    A:0.27273    G:0.36364
position  2:    T:0.36364    C:0.09091    A:0.40909    G:0.13636
position  3:    T:0.09091    C:0.31818    A:0.18182    G:0.40909
Average         T:0.18182    C:0.22727    A:0.28788    G:0.30303

#40: BohorReedbuck  
position  1:    T:0.09091    C:0.27273    A:0.27273    G:0.36364
position  2:    T:0.36364    C:0.09091    A:0.40909    G:0.13636
position  3:    T:0.13636    C:0.27273    A:0.13636    G:0.45455
Average         T:0.19697    C:0.21212    A:0.27273    G:0.31818

#41: KirksDik       
position  1:    T:0.09091    C:0.27273    A:0.27273    G:0.36364
position  2:    T:0.36364    C:0.09091    A:0.40909    G:0.13636
position  3:    T:0.13636    C:0.27273    A:0.13636    G:0.45455
Average         T:0.19697    C:0.21212    A:0.27273    G:0.31818

#42: RoeDeer        
position  1:    T:0.09091    C:0.27273    A:0.27273    G:0.36364
position  2:    T:0.36364    C:0.09091    A:0.40909    G:0.13636
position  3:    T:0.13636    C:0.22727    A:0.13636    G:0.50000
Average         T:0.19697    C:0.19697    A:0.27273    G:0.33333

#43: WhiteLippedDeer
position  1:    T:0.09091    C:0.27273    A:0.27273    G:0.36364
position  2:    T:0.36364    C:0.09091    A:0.40909    G:0.13636
position  3:    T:0.13636    C:0.22727    A:0.13636    G:0.50000
Average         T:0.19697    C:0.19697    A:0.27273    G:0.33333

#44: ThomsonGazelle 
position  1:    T:0.09091    C:0.27273    A:0.27273    G:0.36364
position  2:    T:0.36364    C:0.09091    A:0.40909    G:0.13636
position  3:    T:0.13636    C:0.27273    A:0.13636    G:0.45455
Average         T:0.19697    C:0.21212    A:0.27273    G:0.31818

#45: MuntiacusCrinifrons
position  1:    T:0.09091    C:0.27273    A:0.27273    G:0.36364
position  2:    T:0.36364    C:0.09091    A:0.40909    G:0.13636
position  3:    T:0.13636    C:0.22727    A:0.13636    G:0.50000
Average         T:0.19697    C:0.19697    A:0.27273    G:0.33333

#46: WhiteTailedDeer
position  1:    T:0.09091    C:0.27273    A:0.27273    G:0.36364
position  2:    T:0.36364    C:0.09091    A:0.40909    G:0.13636
position  3:    T:0.13636    C:0.22727    A:0.13636    G:0.50000
Average         T:0.19697    C:0.19697    A:0.27273    G:0.33333

#47: Cattle         
position  1:    T:0.09091    C:0.27273    A:0.27273    G:0.36364
position  2:    T:0.36364    C:0.09091    A:0.40909    G:0.13636
position  3:    T:0.13636    C:0.27273    A:0.13636    G:0.45455
Average         T:0.19697    C:0.21212    A:0.27273    G:0.31818

#48: RoyalAntelope  
position  1:    T:0.09091    C:0.27273    A:0.27273    G:0.36364
position  2:    T:0.36364    C:0.09091    A:0.40909    G:0.13636
position  3:    T:0.13636    C:0.27273    A:0.13636    G:0.45455
Average         T:0.19697    C:0.21212    A:0.27273    G:0.31818

#49: Steenbok       
position  1:    T:0.09091    C:0.27273    A:0.27273    G:0.36364
position  2:    T:0.36364    C:0.09091    A:0.40909    G:0.13636
position  3:    T:0.18182    C:0.22727    A:0.13636    G:0.45455
Average         T:0.21212    C:0.19697    A:0.27273    G:0.31818

#50: Impala         
position  1:    T:0.09091    C:0.27273    A:0.27273    G:0.36364
position  2:    T:0.36364    C:0.09091    A:0.40909    G:0.13636
position  3:    T:0.13636    C:0.27273    A:0.13636    G:0.45455
Average         T:0.19697    C:0.21212    A:0.27273    G:0.31818

#51: Klipspringer   
position  1:    T:0.13636    C:0.22727    A:0.27273    G:0.36364
position  2:    T:0.36364    C:0.09091    A:0.40909    G:0.13636
