1
52 1
Argali 0.000000 0.213500 0.053000 0.101500 0.063800 0.005600 0.058800 0.046000 0.052600 0.121100 0.022800 0.040800 0.052200 0.052500 0.046400 0.088100 0.070300 0.076200 0.046100 0.058600 0.064100 0.022700 0.114400 0.101900 0.022700 0.076600 0.057900 0.058600 0.088500 0.052600 0.127600 0.058600 0.095200 0.064200 0.046100 0.065200 0.017000 0.063800 0.083100 0.095300 0.128000 0.088800 0.134000 0.113500 0.065200 0.040600 0.052500 0.058400 0.058500 0.070600 0.052900 0.051500
LesserMous 0.213500 0.000000 0.188100 0.213400 0.212200 0.206400 0.209800 0.191800 0.186500 0.238700 0.199200 0.178900 0.207100 0.201600 0.206600 0.241900 0.207300 0.214300 0.227100 0.193600 0.213900 0.212300 0.229600 0.251900 0.213300 0.229900 0.212800 0.193500 0.243500 0.186700 0.246600 0.209200 0.230100 0.220400 0.199100 0.195600 0.205700 0.212400 0.222400 0.237700 0.238600 0.244300 0.253900 0.257900 0.210000 0.194300 0.201300 0.207500 0.200800 0.221500 0.187800 0.199800
LesserKudu 0.053000 0.188100 0.000000 0.084200 0.046700 0.047000 0.041400 0.029000 0.000100 0.103000 0.053100 0.023300 0.047100 0.029300 0.038500 0.069300 0.052900 0.059000 0.065100 0.005700 0.044700 0.052800 0.100700 0.096900 0.053000 0.056600 0.052900 0.005700 0.071400 0.000000 0.109500 0.041300 0.090600 0.059300 0.040900 0.041300 0.046900 0.046800 0.063700 0.077600 0.109900 0.069700 0.115900 0.095800 0.041300 0.035300 0.035200 0.047200 0.041300 0.051100 0.000100 0.005700
KillerWhal 0.101500 0.213400 0.084200 0.000000 0.093100 0.095300 0.096300 0.088800 0.083500 0.168200 0.101700 0.083900 0.083000 0.096000 0.083200 0.107500 0.089400 0.095300 0.113900 0.077300 0.095300 0.101300 0.148000 0.141500 0.101500 0.108400 0.088800 0.077300 0.107900 0.083600 0.175100 0.102500 0.128000 0.095500 0.076500 0.116200 0.095100 0.093600 0.128400 0.141100 0.162300 0.108300 0.181900 0.133600 0.116200 0.083500 0.095900 0.102100 0.095900 0.105600 0.084100 0.094800
DefassaWat 0.063800 0.212200 0.046700 0.093100 0.000000 0.057800 0.052400 0.039900 0.046400 0.126600 0.063900 0.046500 0.034400 0.046300 0.052100 0.057600 0.051900 0.057700 0.063700 0.052300 0.046000 0.063600 0.120000 0.120400 0.063800 0.058100 0.040000 0.040400 0.057700 0.046400 0.133100 0.052300 0.101000 0.046100 0.040000 0.064800 0.057700 0.011200 0.076500 0.100900 0.133700 0.046100 0.139500 0.094100 0.064800 0.046300 0.046200 0.064100 0.052200 0.064200 0.046700 0.056900
Sheep 0.005600 0.206400 0.047000 0.095300 0.057800 0.000000 0.052800 0.040200 0.046600 0.127500 0.016800 0.034900 0.046300 0.046600 0.040500 0.082100 0.064300 0.070100 0.040300 0.052600 0.058100 0.016900 0.120800 0.108200 0.016600 0.070500 0.052000 0.052600 0.082400 0.046700 0.134000 0.052600 0.089100 0.058300 0.040300 0.065200 0.011300 0.057900 0.077000 0.101600 0.134500 0.082700 0.140500 0.119900 0.065200 0.034700 0.046500 0.052200 0.052500 0.064600 0.046900 0.045500
MaxwellsDu 0.058800 0.209800 0.041400 0.096300 0.052400 0.052800 0.000000 0.034700 0.041100 0.115700 0.058900 0.041300 0.052900 0.017200 0.035000 0.076700 0.058800 0.052600 0.058700 0.047100 0.052700 0.058500 0.109100 0.096500 0.058700 0.065100 0.058600 0.047100 0.077000 0.041100 0.122300 0.023000 0.096400 0.064900 0.046600 0.053500 0.052700 0.052400 0.071500 0.089900 0.122700 0.077300 0.128700 0.108200 0.053500 0.017200 0.041000 0.047000 0.034800 0.044800 0.041400 0.052000
GazellaPrz 0.046000 0.191800 0.029000 0.088800 0.039900 0.040200 0.034700 0.000000 0.028800 0.107700 0.046100 0.028900 0.040300 0.028700 0.034500 0.040000 0.046100 0.051900 0.057800 0.034600 0.017000 0.045900 0.111300 0.112300 0.046000 0.028600 0.045900 0.034600 0.040100 0.028800 0.114100 0.034600 0.076500 0.052100 0.034300 0.046800 0.040100 0.040000 0.034600 0.093700 0.125600 0.040300 0.120400 0.110500 0.046800 0.028700 0.005700 0.046300 0.034500 0.046300 0.032400 0.038700
MountainNy 0.052600 0.186500 0.000100 0.083500 0.046400 0.046600 0.041100 0.028800 0.000000 0.102400 0.052700 0.023100 0.046800 0.035000 0.040800 0.070500 0.052500 0.058600 0.064600 0.005600 0.046600 0.052400 0.100100 0.096100 0.052600 0.058800 0.052500 0.005600 0.070800 0.000000 0.108800 0.041000 0.089900 0.058800 0.040600 0.041000 0.046500 0.046400 0.065300 0.077000 0.109100 0.071000 0.115100 0.095100 0.041000 0.035000 0.034900 0.046800 0.041000 0.050600 0.000100 0.005600
MuntiacusM 0.121100 0.238700 0.103000 0.168200 0.126600 0.127500 0.115700 0.107700 0.102400 0.000000 0.134100 0.102700 0.132300 0.108800 0.121200 0.152700 0.121200 0.108200 0.146500 0.108700 0.120700 0.133300 0.046600 0.058600 0.133800 0.140800 0.138100 0.108700 0.140400 0.102400 0.005700 0.115400 0.134900 0.131800 0.120600 0.116000 0.127200 0.126700 0.135100 0.040600 0.059000 0.153900 0.011400 0.058100 0.116000 0.108900 0.115200 0.127900 0.121800 0.121400 0.103000 0.113900
goat 0.022800 0.199200 0.053100 0.101700 0.063900 0.016800 0.058900 0.046100 0.052700 0.134100 0.000000 0.039200 0.052400 0.052600 0.046500 0.088400 0.070400 0.076300 0.046200 0.058700 0.064200 0.022600 0.127400 0.113600 0.011300 0.076700 0.058000 0.058700 0.088700 0.052700 0.140700 0.058800 0.095400 0.064400 0.046200 0.071400 0.017000 0.063900 0.083300 0.108000 0.134500 0.089000 0.147200 0.126400 0.071400 0.040700 0.052600 0.058300 0.058600 0.070800 0.053000 0.051700
AfricanBuf 0.040800 0.178900 0.023300 0.083900 0.046500 0.034900 0.041300 0.028900 0.023100 0.102700 0.039200 0.000000 0.035000 0.035100 0.029100 0.070800 0.052600 0.058800 0.052700 0.029000 0.046800 0.040700 0.100500 0.083800 0.040800 0.059100 0.040700 0.029000 0.071000 0.023100 0.109200 0.041200 0.077700 0.046900 0.028900 0.029000 0.034800 0.046600 0.065500 0.077300 0.107400 0.071300 0.115500 0.095400 0.029000 0.023300 0.035100 0.035000 0.041100 0.053200 0.023300 0.029000
Topi 0.052200 0.207100 0.047100 0.083000 0.034400 0.046300 0.052900 0.040300 0.046800 0.132300 0.052400 0.035000 0.000000 0.046700 0.040600 0.070100 0.046500 0.052200 0.052200 0.052800 0.058300 0.052100 0.121000 0.108500 0.052300 0.070600 0.005600 0.040800 0.070300 0.046800 0.139100 0.052800 0.089300 0.011300 0.028600 0.065300 0.040300 0.046100 0.077100 0.101700 0.134700 0.058500 0.145600 0.107400 0.065300 0.034800 0.052100 0.052500 0.052700 0.064800 0.047100 0.057500
CommonDuik 0.052500 0.201600 0.029300 0.096000 0.046300 0.046600 0.017200 0.028700 0.035000 0.108800 0.052600 0.035100 0.046700 0.000000 0.040800 0.070400 0.052600 0.046500 0.064500 0.041000 0.046500 0.052400 0.102300 0.102600 0.052500 0.058800 0.052400 0.041000 0.070600 0.035000 0.115300 0.017100 0.089700 0.058700 0.040500 0.047300 0.046500 0.046300 0.065100 0.083400 0.115700 0.070900 0.121700 0.101500 0.047300 0.011400 0.034900 0.052800 0.040600 0.052900 0.035200 0.045500
Suni 0.046400 0.206600 0.038500 0.083200 0.052100 0.040500 0.035000 0.034500 0.040800 0.121200 0.046500 0.029100 0.040600 0.040800 0.000000 0.064100 0.058500 0.064300 0.058300 0.046800 0.040500 0.046300 0.114600 0.089500 0.046400 0.058600 0.046300 0.046800 0.076600 0.040900 0.127800 0.046800 0.083200 0.050700 0.034500 0.059300 0.040400 0.052100 0.058800 0.095600 0.128200 0.070700 0.134200 0.113800 0.059300 0.029000 0.040800 0.046600 0.034800 0.044600 0.041100 0.049100
Springbuck 0.088100 0.241900 0.069300 0.107500 0.057600 0.082100 0.076700 0.040000 0.070500 0.152700 0.088400 0.070800 0.070100 0.070400 0.064100 0.000000 0.076100 0.081900 0.100400 0.064500 0.022700 0.088000 0.133000 0.146600 0.088200 0.028600 0.075800 0.064400 0.022700 0.070600 0.159400 0.076600 0.120200 0.080700 0.063800 0.089600 0.081900 0.057600 0.064300 0.126400 0.146900 0.028600 0.166000 0.106600 0.089600 0.070400 0.046300 0.088600 0.076400 0.087200 0.071000 0.080100
Okapi 0.070300 0.207300 0.052900 0.089400 0.051900 0.064300 0.058800 0.046100 0.052500 0.121200 0.070400 0.052600 0.046500 0.052600 0.058500 0.076100 0.000000 0.028700 0.082400 0.058500 0.064200 0.070100 0.119200 0.115000 0.070300 0.076700 0.052200 0.046500 0.064000 0.052500 0.127800 0.058700 0.095500 0.058400 0.046200 0.071100 0.064100 0.052000 0.070900 0.095500 0.128300 0.076600 0.134200 0.101100 0.071100 0.052600 0.052500 0.070700 0.058600 0.069100 0.052800 0.058400
Giraffe 0.076200 0.214300 0.059000 0.095300 0.057700 0.070100 0.052600 0.051900 0.058600 0.108200 0.076300 0.058800 0.052200 0.046500 0.064300 0.081900 0.028700 0.000000 0.088200 0.064600 0.070100 0.075900 0.101600 0.101900 0.076100 0.082600 0.057900 0.052500 0.070000 0.058600 0.114600 0.052500 0.101500 0.064200 0.052000 0.077400 0.070000 0.057800 0.076900 0.082800 0.114900 0.082500 0.120900 0.088300 0.077400 0.046500 0.058400 0.076500 0.064500 0.075200 0.058900 0.069800
TibetanAnt 0.046100 0.227100 0.065100 0.113900 0.063700 0.040300 0.058700 0.057800 0.064600 0.146500 0.046200 0.052700 0.052200 0.064500 0.058300 0.100400 0.082400 0.088200 0.000000 0.070600 0.076100 0.046000 0.139700 0.127100 0.046100 0.088800 0.057900 0.070600 0.100700 0.064600 0.153200 0.058500 0.082500 0.064200 0.057900 0.083500 0.040200 0.075700 0.095400 0.120300 0.153700 0.088700 0.159800 0.138700 0.083500 0.052400 0.052300 0.058300 0.070500 0.082800 0.065000 0.063500
Sitatunga 0.058600 0.193600 0.005700 0.077300 0.052300 0.052600 0.047100 0.034600 0.005600 0.108700 0.058700 0.029000 0.052800 0.041000 0.046800 0.064500 0.058500 0.064600 0.070600 0.000000 0.040600 0.058400 0.093800 0.102500 0.058600 0.052800 0.058500 0.011300 0.064700 0.005600 0.115200 0.047000 0.096200 0.064900 0.046600 0.046900 0.052500 0.052400 0.071400 0.083200 0.102700 0.064900 0.121600 0.088900 0.046900 0.041000 0.040900 0.052800 0.046900 0.056800 0.005700 0.011300
Oribi 0.064100 0.213900 0.044700 0.095300 0.046000 0.058100 0.052700 0.017000 0.046600 0.120700 0.064200 0.046800 0.058300 0.046500 0.040500 0.022700 0.064200 0.070100 0.076100 0.040600 0.000000 0.063900 0.101600 0.114600 0.064100 0.017100 0.064000 0.052600 0.034400 0.046600 0.127200 0.052600 0.095300 0.068800 0.052100 0.065100 0.058000 0.046000 0.040600 0.095100 0.114900 0.028700 0.133700 0.088400 0.065100 0.046500 0.022900 0.064400 0.052500 0.062700 0.046900 0.055400
BarbaryShe 0.022700 0.212300 0.052800 0.101300 0.063600 0.016900 0.058500 0.045900 0.052400 0.133300 0.022600 0.040700 0.052100 0.052400 0.046300 0.088000 0.070100 0.075900 0.046000 0.058400 0.063900 0.000000 0.126700 0.114200 0.022600 0.076300 0.045900 0.058400 0.088200 0.052500 0.139900 0.058400 0.094900 0.064100 0.046000 0.071100 0.016900 0.063700 0.082900 0.107400 0.140400 0.088600 0.146300 0.125800 0.071100 0.040400 0.052300 0.058000 0.058300 0.070400 0.052800 0.051400
Daviddeer 0.114400 0.229600 0.100700 0.148000 0.120000 0.120800 0.109100 0.111300 0.100100 0.046600 0.127400 0.100500 0.121000 0.102300 0.114600 0.133000 0.119200 0.101600 0.139700 0.093800 0.101600 0.126700 0.000000 0.046500 0.127100 0.121200 0.126600 0.106600 0.120800 0.100300 0.052700 0.108800 0.141200 0.120600 0.114100 0.114200 0.120500 0.120200 0.128400 0.028700 0.011500 0.134100 0.058700 0.034400 0.114200 0.102300 0.108600 0.121300 0.115200 0.114800 0.100700 0.108300
Reindeer 0.101900 0.251900 0.096900 0.141500 0.120400 0.108200 0.096500 0.112300 0.096100 0.058600 0.113600 0.083800 0.108500 0.102600 0.089500 0.146600 0.115000 0.101900 0.127100 0.102500 0.114600 0.114200 0.046500 0.000000 0.114500 0.134600 0.114200 0.102500 0.134100 0.096200 0.064800 0.109100 0.128300 0.108300 0.101700 0.109700 0.108000 0.120500 0.128800 0.028800 0.056900 0.147700 0.070800 0.034400 0.109700 0.089900 0.108900 0.108600 0.102600 0.102400 0.096800 0.107700
Ibex 0.022700 0.213300 0.053000 0.101500 0.063800 0.016600 0.058700 0.046000 0.052600 0.133800 0.011300 0.040800 0.052300 0.052500 0.046400 0.088200 0.070300 0.076100 0.046100 0.058600 0.064100 0.022600 0.127100 0.114500 0.000000 0.076500 0.057900 0.058600 0.088500 0.052600 0.140400 0.058600 0.095200 0.064200 0.046100 0.071300 0.017000 0.063800 0.083100 0.107800 0.140900 0.088800 0.146900 0.126100 0.071300 0.040600 0.052400 0.058200 0.058500 0.070600 0.052900 0.051600
GyrantGaze 0.076600 0.229900 0.056600 0.108400 0.058100 0.070500 0.065100 0.028600 0.058800 0.140800 0.076700 0.059100 0.070600 0.058800 0.058600 0.028600 0.076700 0.082600 0.088800 0.052800 0.017100 0.076300 0.121200 0.134600 0.076500 0.000000 0.076400 0.064900 0.034600 0.058900 0.147500 0.064900 0.108400 0.080900 0.064300 0.077800 0.070400 0.058100 0.058800 0.114600 0.135000 0.011400 0.154000 0.107500 0.077800 0.058800 0.034800 0.077000 0.064800 0.074800 0.059200 0.067300
Hartebeest 0.057900 0.212800 0.052900 0.088800 0.040000 0.052000 0.058600 0.045900 0.052500 0.138100 0.058000 0.040700 0.005600 0.052400 0.046300 0.075800 0.052200 0.057900 0.057900 0.058500 0.064000 0.045900 0.126600 0.114200 0.057900 0.076400 0.000000 0.046500 0.076000 0.052500 0.144800 0.058500 0.095000 0.017000 0.034300 0.071100 0.051900 0.051800 0.082900 0.107500 0.140400 0.064200 0.151400 0.113100 0.071100 0.040500 0.052300 0.058200 0.058400 0.070500 0.052800 0.063500
Bongo 0.058600 0.193500 0.005700 0.077300 0.040400 0.052600 0.047100 0.034600 0.005600 0.108700 0.058700 0.029000 0.040800 0.041000 0.046800 0.064400 0.046500 0.052500 0.070600 0.011300 0.052600 0.058400 0.106600 0.102500 0.058600 0.064900 0.046500 0.000000 0.064600 0.005500 0.115100 0.047000 0.096200 0.052700 0.034700 0.046900 0.052500 0.040500 0.071400 0.083200 0.115500 0.064900 0.121500 0.088800 0.046900 0.041000 0.040900 0.052800 0.046900 0.056900 0.005700 0.011300
Gerenuk 0.088500 0.243500 0.071400 0.107900 0.057700 0.082400 0.077000 0.040100 0.070800 0.140400 0.088700 0.071000 0.070300 0.070600 0.076600 0.022700 0.064000 0.070000 0.100700 0.064700 0.034400 0.088200 0.120800 0.134100 0.088500 0.034600 0.076000 0.064600 0.000000 0.070800 0.147000 0.076900 0.120600 0.082500 0.064000 0.089900 0.082200 0.057800 0.064600 0.114100 0.134500 0.034600 0.153600 0.094600 0.089900 0.070600 0.046400 0.088900 0.076700 0.089100 0.071200 0.082000
CommonElan 0.052600 0.186700 0.000000 0.083600 0.046400 0.046700 0.041100 0.028800 0.000000 0.102400 0.052700 0.023100 0.046800 0.035000 0.040900 0.070600 0.052500 0.058600 0.064600 0.005600 0.046600 0.052500 0.100300 0.096200 0.052600 0.058900 0.052500 0.005500 0.070800 0.000000 0.108900 0.041000 0.090000 0.058800 0.040700 0.041000 0.046600 0.046400 0.065300 0.077100 0.109200 0.071100 0.115200 0.095200 0.041000 0.035000 0.035000 0.046900 0.041000 0.050800 0.000000 0.005600
MuntiacusR 0.127600 0.246600 0.109500 0.175100 0.133100 0.134000 0.122300 0.114100 0.108800 0.005700 0.140700 0.109200 0.139100 0.115300 0.127800 0.159400 0.127800 0.114600 0.153200 0.115200 0.127200 0.139900 0.052700 0.064800 0.140400 0.147500 0.144800 0.115100 0.147000 0.108900 0.000000 0.121900 0.141600 0.138500 0.127100 0.122600 0.133700 0.133200 0.141800 0.046500 0.065200 0.160700 0.005600 0.064100 0.122600 0.115400 0.121700 0.134500 0.128400 0.128000 0.109500 0.120500
HarveysDui 0.058600 0.209200 0.041300 0.102500 0.052300 0.052600 0.023000 0.034600 0.041000 0.115400 0.058800 0.041200 0.052800 0.017100 0.046800 0.076600 0.058700 0.052500 0.058500 0.047000 0.052600 0.058400 0.108800 0.109100 0.058600 0.064900 0.058500 0.047000 0.076900 0.041000 0.121900 0.000000 0.083500 0.064800 0.046600 0.053400 0.052500 0.052300 0.071400 0.089700 0.122300 0.077200 0.128400 0.107900 0.053400 0.017100 0.040900 0.058900 0.046600 0.059000 0.041300 0.051500
Pronghorn 0.095200 0.230100 0.090600 0.128000 0.101000 0.089100 0.096400 0.076500 0.089900 0.134900 0.095400 0.077700 0.089300 0.089700 0.083200 0.120200 0.095500 0.101500 0.082500 0.096200 0.095300 0.094900 0.141200 0.128300 0.095200 0.108400 0.095000 0.096200 0.120600 0.090000 0.141600 0.083500 0.000000 0.101900 0.082700 0.109700 0.088900 0.101100 0.102600 0.121400 0.155300 0.121200 0.148100 0.140100 0.109700 0.077200 0.071000 0.095700 0.096000 0.094600 0.090500 0.101800
BlueWildeb 0.064200 0.220400 0.059300 0.095500 0.046100 0.058300 0.064900 0.052100 0.058800 0.131800 0.064400 0.046900 0.011300 0.058700 0.050700 0.080700 0.058400 0.064200 0.064200 0.064900 0.068800 0.064100 0.120600 0.108300 0.064200 0.080900 0.017000 0.052700 0.082500 0.058800 0.138500 0.064800 0.101900 0.000000 0.040400 0.077700 0.058200 0.058000 0.088200 0.101500 0.134200 0.068700 0.145000 0.107100 0.077700 0.046600 0.058600 0.064600 0.064700 0.064700 0.059200 0.070000
Gemsbok 0.046100 0.199100 0.040900 0.076500 0.040000 0.040300 0.046600 0.034300 0.040600 0.120600 0.046200 0.028900 0.028600 0.040500 0.034500 0.063800 0.046200 0.052000 0.057900 0.046600 0.052100 0.046000 0.114100 0.101700 0.046100 0.064300 0.034300 0.034700 0.064000 0.040700 0.127100 0.046600 0.082700 0.040400 0.000000 0.059000 0.040200 0.040100 0.070700 0.095100 0.127600 0.064200 0.127100 0.100700 0.059000 0.028800 0.040500 0.046300 0.040500 0.058400 0.040900 0.051400
Yak 0.065200 0.195600 0.041300 0.116200 0.064800 0.065200 0.053500 0.046800 0.041000 0.116000 0.071400 0.029000 0.065300 0.047300 0.059300 0.089600 0.071100 0.077400 0.083500 0.046900 0.065100 0.071100 0.114200 0.109700 0.071300 0.077800 0.071100 0.046900 0.089900 0.041000 0.122600 0.053400 0.109700 0.077700 0.059000 0.000000 0.065000 0.064800 0.084400 0.090200 0.123100 0.090300 0.129100 0.108500 0.011400 0.047300 0.053300 0.065500 0.059500 0.071800 0.041200 0.046900
BlueSheep 0.017000 0.205700 0.046900 0.095100 0.057700 0.011300 0.052700 0.040100 0.046500 0.127200 0.017000 0.034800 0.040300 0.046500 0.040400 0.081900 0.064100 0.070000 0.040200 0.052500 0.058000 0.016900 0.120500 0.108000 0.017000 0.070400 0.051900 0.052500 0.082200 0.046600 0.133700 0.052500 0.088900 0.058200 0.040200 0.065000 0.000000 0.057800 0.076800 0.101400 0.134100 0.082500 0.140200 0.119600 0.065000 0.034600 0.040500 0.052300 0.052400 0.064500 0.046800 0.045200
BohorReedb 0.063800 0.212400 0.046800 0.093600 0.011200 0.057900 0.052400 0.040000 0.046400 0.126700 0.063900 0.046600 0.046100 0.046300 0.052100 0.057600 0.052000 0.057800 0.075700 0.052400 0.046000 0.063700 0.120200 0.120500 0.063800 0.058100 0.051800 0.040500 0.057800 0.046400 0.133200 0.052300 0.101100 0.058000 0.040100 0.064800 0.057800 0.000000 0.076600 0.101000 0.133800 0.058000 0.139600 0.094200 0.064800 0.046300 0.046200 0.064100 0.052200 0.064200 0.046700 0.057200
KirksDik 0.083100 0.222400 0.063700 0.128400 0.076500 0.077000 0.071500 0.034600 0.065300 0.135100 0.083300 0.065500 0.077100 0.065100 0.058800 0.064300 0.070900 0.076900 0.095400 0.071400 0.040600 0.082900 0.128400 0.128800 0.083100 0.058800 0.082900 0.071400 0.064600 0.065300 0.141800 0.071400 0.102600 0.088200 0.070700 0.084400 0.076800 0.076600 0.000000 0.108800 0.142400 0.070900 0.148400 0.127400 0.084400 0.065200 0.040900 0.083500 0.071200 0.082100 0.065700 0.074600
RoeDeer 0.095300 0.237700 0.077600 0.141100 0.100900 0.101600 0.089900 0.093700 0.077000 0.040600 0.108000 0.077300 0.101700 0.083400 0.095600 0.126400 0.095500 0.082800 0.120300 0.083200 0.095100 0.107400 0.028700 0.028800 0.107800 0.114600 0.107500 0.083200 0.114100 0.077100 0.046500 0.089700 0.121400 0.101500 0.095100 0.090200 0.101400 0.101000 0.108800 0.000000 0.040700 0.127400 0.052500 0.028500 0.090200 0.083400 0.089500 0.102000 0.095900 0.095700 0.077500 0.088200
WhiteLippe 0.128000 0.238600 0.109900 0.162300 0.133700 0.134500 0.122700 0.125600 0.109100 0.059000 0.134500 0.107400 0.134700 0.115700 0.128200 0.146900 0.128300 0.114900 0.153700 0.102700 0.114900 0.140400 0.011500 0.056900 0.140900 0.135000 0.140400 0.115500 0.134500 0.109200 0.065200 0.122300 0.155300 0.134200 0.127600 0.123100 0.134100 0.133800 0.142400 0.040700 0.000000 0.148100 0.071300 0.046400 0.123100 0.115700 0.122200 0.135000 0.128800 0.128400 0.109800 0.120700
ThomsonGaz 0.088800 0.244300 0.069700 0.108300 0.046100 0.082700 0.077300 0.040300 0.071000 0.153900 0.089000 0.071300 0.058500 0.070900 0.070700 0.028600 0.076600 0.082500 0.088700 0.064900 0.028700 0.088600 0.134100 0.147700 0.088800 0.011400 0.064200 0.064900 0.034600 0.071100 0.160700 0.077200 0.121200 0.068700 0.064200 0.090300 0.082500 0.058000 0.070900 0.127400 0.148100 0.000000 0.167300 0.107400 0.090300 0.070900 0.046600 0.089300 0.077000 0.085600 0.071500 0.080900
MuntiacusC 0.134000 0.253900 0.115900 0.181900 0.139500 0.140500 0.128700 0.120400 0.115100 0.011400 0.147200 0.115500 0.145600 0.121700 0.134200 0.166000 0.134200 0.120900 0.159800 0.121600 0.133700 0.146300 0.058700 0.070800 0.146900 0.154000 0.151400 0.121500 0.153600 0.115200 0.005600 0.128400 0.148100 0.145000 0.127100 0.129100 0.140200 0.139600 0.148400 0.052500 0.071300 0.167300 0.000000 0.070100 0.129100 0.121800 0.128100 0.141000 0.127900 0.134400 0.115900 0.126900
WhiteTaile 0.113500 0.257900 0.095800 0.133600 0.094100 0.119900 0.108200 0.110500 0.095100 0.058100 0.126400 0.095400 0.107400 0.101500 0.113800 0.106600 0.101100 0.088300 0.138700 0.088900 0.088400 0.125800 0.034400 0.034400 0.126100 0.107500 0.113100 0.088800 0.094600 0.095200 0.064100 0.107900 0.140100 0.107100 0.100700 0.108500 0.119600 0.094200 0.127400 0.028500 0.046400 0.107400 0.070100 0.000000 0.108500 0.101500 0.107700 0.120300 0.114200 0.114000 0.095700 0.106400
Cattle 0.065200 0.210000 0.041300 0.116200 0.064800 0.065200 0.053500 0.046800 0.041000 0.116000 0.071400 0.029000 0.065300 0.047300 0.059300 0.089600 0.071100 0.077400 0.083500 0.046900 0.065100 0.071100 0.114200 0.109700 0.071300 0.077800 0.071100 0.046900 0.089900 0.041000 0.122600 0.053400 0.109700 0.077700 0.059000 0.011400 0.065000 0.064800 0.084400 0.090200 0.123100 0.090300 0.129100 0.108500 0.000000 0.047300 0.053300 0.065500 0.059500 0.071800 0.041200 0.046900
RoyalAntel 0.040600 0.194300 0.035300 0.083500 0.046300 0.034700 0.017200 0.028700 0.035000 0.108900 0.040700 0.023300 0.034800 0.011400 0.029000 0.070400 0.052600 0.046500 0.052400 0.041000 0.046500 0.040400 0.102300 0.089900 0.040600 0.058800 0.040500 0.041000 0.070600 0.035000 0.115400 0.017100 0.077200 0.046600 0.028800 0.047300 0.034600 0.046300 0.065200 0.083400 0.115700 0.070900 0.121800 0.101500 0.047300 0.000000 0.034900 0.040800 0.040600 0.050700 0.035200 0.045600
Steenbok 0.052500 0.201300 0.035200 0.095900 0.046200 0.046500 0.041000 0.005700 0.034900 0.115200 0.052600 0.035100 0.052100 0.034900 0.040800 0.046300 0.052500 0.058400 0.052300 0.040900 0.022900 0.052300 0.108600 0.108900 0.052400 0.034800 0.052300 0.040900 0.046400 0.035000 0.121700 0.040900 0.071000 0.058600 0.040500 0.053300 0.040500 0.046200 0.040900 0.089500 0.122200 0.046600 0.128100 0.107700 0.053300 0.034900 0.000000 0.052700 0.040800 0.052800 0.035200 0.045400
Impala 0.058400 0.207500 0.047200 0.102100 0.064100 0.052200 0.047000 0.046300 0.046800 0.127900 0.058300 0.035000 0.052500 0.052800 0.046600 0.088600 0.070700 0.076500 0.058300 0.052800 0.064400 0.058000 0.121300 0.108600 0.058200 0.077000 0.058200 0.052800 0.088900 0.046900 0.134500 0.058900 0.095700 0.064600 0.046300 0.065500 0.052300 0.064100 0.083500 0.102000 0.135000 0.089300 0.141000 0.120300 0.065500 0.040800 0.052700 0.000000 0.058800 0.071000 0.047100 0.058000
Klipspring 0.058500 0.200800 0.041300 0.095900 0.052200 0.052500 0.034800 0.034500 0.041000 0.121800 0.058600 0.041100 0.052700 0.040600 0.034800 0.076400 0.058600 0.064500 0.070500 0.046900 0.052500 0.058300 0.115200 0.102600 0.058500 0.064800 0.058400 0.046900 0.076700 0.041000 0.128400 0.046600 0.096000 0.064700 0.040500 0.059500 0.052400 0.052200 0.071200 0.095900 0.128800 0.077000 0.127900 0.114200 0.059500 0.040600 0.040800 0.058800 0.000000 0.046800 0.041200 0.051300
ForestMusk 0.070600 0.221500 0.051100 0.105600 0.064200 0.064600 0.044800 0.046300 0.050600 0.121400 0.070800 0.053200 0.064800 0.052900 0.044600 0.087200 0.069100 0.075200 0.082800 0.056800 0.062700 0.070400 0.114800 0.102400 0.070600 0.074800 0.070500 0.056900 0.089100 0.050800 0.128000 0.059000 0.094600 0.064700 0.058400 0.071800 0.064500 0.064200 0.082100 0.095700 0.128400 0.085600 0.134400 0.114000 0.071800 0.050700 0.052800 0.071000 0.046800 0.000000 0.050800 0.062200
Bushbuck 0.052900 0.187800 0.000100 0.084100 0.046700 0.046900 0.041400 0.032400 0.000100 0.103000 0.053000 0.023300 0.047100 0.035200 0.041100 0.071000 0.052800 0.058900 0.065000 0.005700 0.046900 0.052800 0.100700 0.096800 0.052900 0.059200 0.052800 0.005700 0.071200 0.000000 0.109500 0.041300 0.090500 0.059200 0.040900 0.041200 0.046800 0.046700 0.065700 0.077500 0.109800 0.071500 0.115900 0.095700 0.041200 0.035200 0.035200 0.047100 0.041200 0.050800 0.000000 0.005700
GreaterKud 0.051500 0.199800 0.005700 0.094800 0.056900 0.045500 0.052000 0.038700 0.005600 0.113900 0.051700 0.029000 0.057500 0.045500 0.049100 0.080100 0.058400 0.069800 0.063500 0.011300 0.055400 0.051400 0.108300 0.107700 0.051600 0.067300 0.063500 0.011300 0.082000 0.005600 0.120500 0.051500 0.101800 0.070000 0.051400 0.046900 0.045200 0.057200 0.074600 0.088200 0.120700 0.080900 0.126900 0.106400 0.046900 0.045600 0.045400 0.058000 0.051300 0.062200 0.005700 0.000000
