1
52 1
Argali 0.000000 0.307800 0.145100 0.301200 0.113000 0.040100 0.137300 0.155000 0.122000 0.196400 0.050200 0.122800 0.152800 0.103500 0.125800 0.161500 0.162700 0.143800 0.092500 0.122000 0.113400 0.060900 0.181600 0.145200 0.040300 0.154100 0.128800 0.133100 0.126400 0.133000 0.220100 0.104200 0.158200 0.149100 0.039200 0.144000 0.082700 0.122700 0.126100 0.232800 0.216900 0.174400 0.194600 0.169000 0.132500 0.126100 0.126200 0.176600 0.173200 0.220300 0.132900 0.143700
LesserMous 0.307800 0.000000 0.244000 0.230900 0.301900 0.279400 0.303800 0.323500 0.242600 0.259800 0.304200 0.243100 0.309700 0.237000 0.290000 0.307500 0.274600 0.231200 0.291300 0.242600 0.262000 0.265500 0.244100 0.268800 0.320700 0.318100 0.336900 0.255300 0.265600 0.255300 0.311800 0.238900 0.300100 0.346400 0.247800 0.281600 0.323500 0.312800 0.336700 0.390900 0.281800 0.311100 0.283900 0.309000 0.267300 0.290500 0.278100 0.277500 0.348500 0.325600 0.229700 0.266500
LesserKudu 0.145100 0.244000 0.000000 0.229500 0.120300 0.122400 0.121300 0.161100 0.046900 0.110400 0.155100 0.067200 0.136400 0.099900 0.121600 0.133900 0.114700 0.076400 0.154800 0.046900 0.109900 0.122600 0.119200 0.067100 0.167900 0.172800 0.135900 0.043600 0.122300 0.046600 0.131500 0.100600 0.098700 0.178500 0.098900 0.086800 0.193000 0.141100 0.156500 0.155900 0.129700 0.169400 0.109400 0.087700 0.076500 0.100500 0.122000 0.147300 0.153600 0.110500 0.037400 0.047000
KillerWhal 0.301200 0.230900 0.229500 0.000000 0.295800 0.300300 0.285500 0.316500 0.217300 0.271400 0.339400 0.229600 0.330100 0.271500 0.311000 0.353900 0.216000 0.197500 0.338200 0.217300 0.295900 0.300700 0.253600 0.241600 0.328500 0.379500 0.329000 0.240100 0.312500 0.240100 0.294400 0.273600 0.245100 0.333400 0.269600 0.253100 0.358500 0.332800 0.314300 0.353300 0.265900 0.358600 0.268600 0.277500 0.240300 0.310200 0.312100 0.341800 0.351300 0.321200 0.205700 0.239600
DefassaWat 0.113000 0.301900 0.120300 0.295800 0.000000 0.091000 0.101800 0.120100 0.088400 0.157600 0.123500 0.088900 0.116000 0.090900 0.112400 0.135300 0.148800 0.109000 0.123300 0.088400 0.100600 0.091200 0.144100 0.110100 0.135800 0.151200 0.093400 0.109000 0.102000 0.109000 0.180100 0.091500 0.100700 0.135300 0.068900 0.109200 0.159300 0.048400 0.147200 0.167600 0.177600 0.147500 0.156200 0.132400 0.098400 0.112700 0.091400 0.161200 0.101100 0.180000 0.098700 0.109000
Sheep 0.040100 0.279400 0.122400 0.300300 0.091000 0.000000 0.114300 0.154600 0.100100 0.171700 0.029800 0.100700 0.128800 0.081500 0.103100 0.137600 0.140200 0.121300 0.070800 0.100100 0.091300 0.019800 0.157600 0.122500 0.040300 0.154000 0.105600 0.110800 0.103700 0.110800 0.194800 0.082100 0.135000 0.125700 0.039200 0.121500 0.082700 0.100700 0.137900 0.206500 0.191900 0.150100 0.170100 0.145500 0.110300 0.103400 0.103500 0.151900 0.148700 0.194800 0.110800 0.121300
MaxwellsDu 0.137300 0.303800 0.121300 0.285500 0.101800 0.114300 0.000000 0.132100 0.068500 0.124600 0.147500 0.111100 0.116700 0.049400 0.136000 0.148600 0.139400 0.120500 0.135900 0.068500 0.101700 0.114500 0.133900 0.111000 0.160400 0.177100 0.093900 0.088900 0.114300 0.088900 0.169600 0.070400 0.145700 0.114400 0.090600 0.132000 0.185900 0.122400 0.126300 0.205000 0.167200 0.126900 0.145800 0.133500 0.120700 0.092000 0.114100 0.127600 0.124000 0.158400 0.078700 0.088800
GazellaPrz 0.155000 0.323500 0.161100 0.316500 0.120100 0.154600 0.132100 0.000000 0.117700 0.187800 0.165100 0.128800 0.158300 0.131700 0.153800 0.166300 0.168100 0.149400 0.164000 0.117700 0.119900 0.154900 0.185500 0.149900 0.178000 0.170800 0.135100 0.138700 0.132400 0.138700 0.222500 0.154700 0.163500 0.166400 0.108500 0.149700 0.203200 0.139800 0.133000 0.209900 0.219900 0.166900 0.197800 0.173000 0.138300 0.177100 0.110600 0.205200 0.165500 0.211700 0.128100 0.138500
MountainNy 0.122000 0.242600 0.046900 0.217300 0.088400 0.100100 0.068500 0.117700 0.000000 0.058300 0.132000 0.037600 0.124400 0.078600 0.099500 0.132800 0.084300 0.046800 0.120900 0.000000 0.088400 0.100300 0.087600 0.037600 0.144100 0.148300 0.102000 0.018400 0.100100 0.017800 0.099000 0.079100 0.067700 0.121700 0.077800 0.056700 0.168200 0.108300 0.111300 0.111200 0.097700 0.123100 0.077900 0.057300 0.046800 0.099600 0.099900 0.146000 0.131100 0.078500 0.009200 0.018400
MuntiacusM 0.196400 0.259800 0.110400 0.271400 0.157600 0.171700 0.124600 0.187800 0.058300 0.000000 0.182800 0.100300 0.187100 0.135500 0.170500 0.208200 0.139000 0.099300 0.194300 0.058300 0.157300 0.148600 0.068500 0.058200 0.196600 0.227900 0.162200 0.078500 0.171500 0.078400 0.059200 0.136500 0.134300 0.195600 0.145300 0.120900 0.198100 0.179000 0.184300 0.113900 0.058300 0.185800 0.038800 0.078900 0.109800 0.158700 0.171200 0.185300 0.206900 0.135100 0.068400 0.078400
goat 0.050200 0.304200 0.155100 0.339400 0.123500 0.029800 0.147500 0.165100 0.132000 0.182800 0.000000 0.132700 0.163300 0.113600 0.135900 0.171900 0.172700 0.153800 0.102500 0.132000 0.123500 0.029800 0.192000 0.155300 0.009800 0.164600 0.139100 0.143000 0.136700 0.143000 0.206100 0.114400 0.168500 0.148200 0.048900 0.154000 0.071700 0.133300 0.148200 0.243400 0.227400 0.185900 0.181100 0.168000 0.142400 0.136300 0.136400 0.174400 0.183600 0.217600 0.142900 0.153700
AfricanBuf 0.122800 0.243100 0.067200 0.229600 0.088900 0.100700 0.111100 0.128800 0.037600 0.100300 0.132700 0.000000 0.136200 0.089500 0.100100 0.122400 0.095000 0.056900 0.121400 0.037600 0.088800 0.100900 0.109200 0.057500 0.145000 0.137500 0.124700 0.056900 0.090000 0.056900 0.121300 0.090100 0.068100 0.144600 0.078200 0.046900 0.169200 0.119400 0.133900 0.145300 0.119600 0.134800 0.099400 0.077900 0.037300 0.122000 0.100500 0.146400 0.154800 0.121600 0.047300 0.056900
Topi 0.152800 0.309700 0.136400 0.330100 0.116000 0.128800 0.116700 0.158300 0.124400 0.187100 0.163300 0.136200 0.000000 0.105300 0.175800 0.152900 0.212400 0.169900 0.128000 0.124400 0.149500 0.129000 0.196200 0.171800 0.177000 0.181800 0.020200 0.146600 0.140400 0.146500 0.236200 0.117600 0.160600 0.141700 0.103800 0.169900 0.203700 0.137400 0.177000 0.252400 0.232700 0.141700 0.209800 0.197000 0.157700 0.140300 0.140800 0.166400 0.175900 0.199700 0.113300 0.146500
CommonDuik 0.103500 0.237000 0.099900 0.271500 0.090900 0.081500 0.049400 0.131700 0.078600 0.135500 0.113600 0.089500 0.105300 0.000000 0.102500 0.092500 0.149500 0.109600 0.091700 0.078600 0.069900 0.081600 0.122500 0.100000 0.125800 0.117800 0.104800 0.088900 0.060500 0.088900 0.157600 0.019500 0.134100 0.135300 0.059200 0.120800 0.149900 0.100600 0.114700 0.204400 0.155300 0.093300 0.134300 0.122200 0.109700 0.060100 0.081400 0.082800 0.101300 0.169600 0.088800 0.099100
Suni 0.125800 0.290000 0.121600 0.311000 0.112400 0.103100 0.136000 0.153800 0.099500 0.170500 0.135900 0.100100 0.175800 0.102500 0.000000 0.113200 0.161000 0.120600 0.135600 0.099500 0.090800 0.103300 0.156700 0.121700 0.148600 0.129700 0.151300 0.110200 0.103100 0.110200 0.158200 0.103300 0.134100 0.159100 0.079900 0.120800 0.173600 0.122200 0.137200 0.221200 0.190800 0.127200 0.169000 0.121400 0.109700 0.125000 0.102700 0.149900 0.146000 0.146000 0.110100 0.120600
Springbuck 0.161500 0.307500 0.133900 0.353900 0.135300 0.137600 0.148600 0.166300 0.132800 0.208200 0.171900 0.122400 0.152900 0.092500 0.113200 0.000000 0.196200 0.154800 0.148200 0.132800 0.102400 0.137900 0.193100 0.155200 0.185400 0.106300 0.152200 0.143900 0.029700 0.143900 0.232200 0.115200 0.169500 0.184700 0.112700 0.154900 0.211900 0.145100 0.104300 0.257500 0.228800 0.104200 0.206300 0.179400 0.143200 0.114400 0.114800 0.152400 0.172300 0.207800 0.143800 0.154600
Okapi 0.162700 0.274600 0.114700 0.216000 0.148800 0.140200 0.139400 0.168100 0.084300 0.139000 0.172700 0.095000 0.212400 0.149500 0.161000 0.196200 0.000000 0.036200 0.172400 0.084300 0.148900 0.140400 0.147600 0.104900 0.185400 0.214000 0.188000 0.104000 0.161900 0.104000 0.170900 0.150600 0.127000 0.185300 0.137600 0.114600 0.198600 0.180300 0.196900 0.196300 0.158100 0.210100 0.148400 0.126000 0.104100 0.172100 0.161400 0.222600 0.206300 0.171500 0.094200 0.084300
Giraffe 0.143800 0.231200 0.076400 0.197500 0.109000 0.121300 0.120500 0.149400 0.046800 0.099300 0.153800 0.056900 0.169900 0.109600 0.120600 0.154800 0.036200 0.000000 0.153500 0.046800 0.109000 0.121500 0.108000 0.066700 0.166400 0.171200 0.146200 0.066100 0.121300 0.066100 0.130700 0.110400 0.087800 0.166000 0.098200 0.076300 0.179500 0.140000 0.155300 0.154900 0.118300 0.168000 0.108800 0.087200 0.066200 0.131400 0.121000 0.180000 0.164200 0.130900 0.056500 0.066100
TibetanAnt 0.092500 0.291300 0.154800 0.338200 0.123300 0.070800 0.135900 0.164000 0.120900 0.194300 0.102500 0.121400 0.128000 0.091700 0.135600 0.148200 0.172400 0.153500 0.000000 0.120900 0.100900 0.071000 0.191500 0.154900 0.114500 0.164900 0.127400 0.131800 0.114000 0.131800 0.230100 0.092300 0.168200 0.124300 0.069300 0.153700 0.138200 0.121500 0.160200 0.241000 0.226900 0.149900 0.204500 0.178800 0.142100 0.136000 0.136000 0.174300 0.170600 0.193900 0.131700 0.142400
Sitatunga 0.122000 0.242600 0.046900 0.217300 0.088400 0.100100 0.068500 0.117700 0.000000 0.058300 0.132000 0.037600 0.124400 0.078600 0.099500 0.132800 0.084300 0.046800 0.120900 0.000000 0.088400 0.100300 0.087600 0.037600 0.144100 0.148300 0.102000 0.018400 0.100100 0.018400 0.099000 0.079100 0.067700 0.121700 0.077800 0.056700 0.168200 0.108300 0.111300 0.111200 0.097700 0.123100 0.077900 0.057300 0.046800 0.099600 0.099900 0.146000 0.131100 0.078500 0.009200 0.018400
Oribi 0.113400 0.262000 0.109900 0.295900 0.100600 0.091300 0.101700 0.119900 0.088400 0.157300 0.123500 0.088800 0.149500 0.069900 0.090800 0.102400 0.148900 0.109000 0.100900 0.088400 0.000000 0.091500 0.144000 0.110000 0.135700 0.127800 0.126100 0.098800 0.070300 0.098800 0.179800 0.091400 0.111200 0.112500 0.068900 0.109200 0.159900 0.110300 0.102600 0.189800 0.177400 0.125400 0.156000 0.132300 0.098400 0.112700 0.049400 0.137900 0.134500 0.168300 0.098700 0.108900
BarbaryShe 0.060900 0.265500 0.122600 0.300700 0.091200 0.019800 0.114500 0.154900 0.100300 0.148600 0.029800 0.100900 0.129000 0.081600 0.103300 0.137900 0.140400 0.121500 0.071000 0.100300 0.091500 0.000000 0.157900 0.122700 0.040300 0.154300 0.105700 0.111000 0.103900 0.111000 0.171200 0.082200 0.135200 0.125900 0.039300 0.121700 0.061400 0.100900 0.138200 0.232300 0.192300 0.150300 0.147200 0.145700 0.110500 0.103600 0.103600 0.139900 0.149000 0.182500 0.110900 0.121500
Daviddeer 0.181600 0.244100 0.119200 0.253600 0.144100 0.157600 0.133900 0.185500 0.087600 0.068500 0.192000 0.109200 0.196200 0.122500 0.156700 0.193100 0.147600 0.108000 0.191500 0.087600 0.144000 0.157900 0.000000 0.067200 0.205700 0.211800 0.171500 0.108100 0.157500 0.108000 0.109800 0.123400 0.132200 0.192700 0.132300 0.119100 0.207400 0.176500 0.193800 0.144900 0.028200 0.195100 0.088300 0.087900 0.108100 0.145300 0.157100 0.183500 0.191900 0.167500 0.097800 0.108000
Reindeer 0.145200 0.268800 0.067100 0.241600 0.110100 0.122500 0.111000 0.149900 0.037600 0.058200 0.155300 0.057500 0.171800 0.100000 0.121700 0.155200 0.104900 0.066700 0.154900 0.037600 0.110000 0.122700 0.067200 0.000000 0.168100 0.172000 0.147800 0.056900 0.120900 0.056900 0.078200 0.100700 0.088600 0.167500 0.099000 0.077000 0.193100 0.141200 0.155600 0.100300 0.077100 0.168900 0.057700 0.018700 0.066800 0.120800 0.122100 0.170200 0.154300 0.121400 0.047200 0.056800
Ibex 0.040300 0.320700 0.167900 0.328500 0.135800 0.040300 0.160400 0.178000 0.144100 0.196600 0.009800 0.145000 0.177000 0.125800 0.148600 0.185400 0.185400 0.166400 0.114500 0.144100 0.135700 0.040300 0.205700 0.168100 0.000000 0.178400 0.152200 0.155500 0.149400 0.155400 0.220400 0.126700 0.181700 0.161100 0.059500 0.166700 0.061600 0.145700 0.149000 0.258900 0.242000 0.199900 0.194700 0.181200 0.154800 0.149000 0.149100 0.188200 0.197700 0.232100 0.155300 0.166300
GyrantGaze 0.154100 0.318100 0.172800 0.379500 0.151200 0.154000 0.177100 0.170800 0.148300 0.227900 0.164600 0.137500 0.181800 0.117800 0.129700 0.106300 0.214000 0.171200 0.164900 0.148300 0.127800 0.154300 0.211800 0.172000 0.178400 0.000000 0.180800 0.159900 0.072900 0.159900 0.253200 0.130500 0.187700 0.215500 0.104500 0.171400 0.192100 0.161200 0.129700 0.280400 0.249100 0.062800 0.225800 0.197500 0.159100 0.152900 0.129300 0.194200 0.203200 0.253500 0.159700 0.171100
Hartebeest 0.128800 0.336900 0.135900 0.329000 0.093400 0.105600 0.093900 0.135100 0.102000 0.162200 0.139100 0.124700 0.020200 0.104800 0.151300 0.152200 0.188000 0.146200 0.127400 0.102000 0.126100 0.105700 0.171500 0.147800 0.152200 0.180800 0.000000 0.123600 0.139800 0.123600 0.209900 0.117000 0.136900 0.117800 0.081700 0.146200 0.177900 0.114400 0.152200 0.224800 0.206800 0.140900 0.184400 0.172100 0.134500 0.116800 0.117100 0.153900 0.151000 0.174600 0.112900 0.123600
Bongo 0.133100 0.255300 0.043600 0.240100 0.109000 0.110800 0.088900 0.138700 0.018400 0.078500 0.143000 0.056900 0.146600 0.088900 0.110200 0.143900 0.104000 0.066100 0.131800 0.018400 0.098800 0.111000 0.108100 0.056900 0.155500 0.159900 0.123600 0.000000 0.110800 0.018200 0.120000 0.089500 0.087900 0.143400 0.088000 0.076300 0.179900 0.118900 0.122200 0.132800 0.118300 0.134300 0.098300 0.077100 0.066200 0.110300 0.110500 0.157500 0.119500 0.099100 0.027800 0.037200
Gerenuk 0.126400 0.265600 0.122300 0.312500 0.102000 0.103700 0.114300 0.132400 0.100100 0.171500 0.136700 0.090000 0.140400 0.060500 0.103100 0.029700 0.161900 0.121300 0.114000 0.100100 0.070300 0.103900 0.157500 0.120900 0.149400 0.072900 0.139800 0.110800 0.000000 0.110800 0.194600 0.082100 0.134900 0.148900 0.080400 0.121500 0.174500 0.111700 0.071500 0.217900 0.191800 0.071400 0.169900 0.144100 0.110300 0.103000 0.081800 0.140000 0.136200 0.194700 0.110700 0.121200
CommonElan 0.133000 0.255300 0.046600 0.240100 0.109000 0.110800 0.088900 0.138700 0.017800 0.078400 0.143000 0.056900 0.146500 0.088900 0.110200 0.143900 0.104000 0.066100 0.131800 0.018400 0.098800 0.111000 0.108000 0.056900 0.155400 0.159900 0.123600 0.018200 0.110800 0.000000 0.119900 0.089500 0.087800 0.143400 0.088000 0.076300 0.179900 0.118900 0.122200 0.132800 0.118300 0.134200 0.098300 0.077100 0.066200 0.110300 0.110500 0.157500 0.141400 0.099100 0.027800 0.037200
MuntiacusR 0.220100 0.311800 0.131500 0.294400 0.180100 0.194800 0.169600 0.222500 0.099000 0.059200 0.206100 0.121300 0.236200 0.157600 0.158200 0.232200 0.170900 0.130700 0.230100 0.099000 0.179800 0.171200 0.109800 0.078200 0.220400 0.253200 0.209900 0.120000 0.194600 0.119900 0.000000 0.158700 0.156300 0.219400 0.167400 0.142200 0.248000 0.213600 0.232900 0.146900 0.099100 0.234700 0.038700 0.088800 0.130800 0.181500 0.194200 0.196300 0.217800 0.146000 0.109500 0.119900
HarveysDui 0.104200 0.238900 0.100600 0.273600 0.091500 0.082100 0.070400 0.154700 0.079100 0.136500 0.114400 0.090100 0.117600 0.019500 0.103300 0.115200 0.150600 0.110400 0.092300 0.079100 0.091400 0.082200 0.123400 0.100700 0.126700 0.130500 0.117000 0.089500 0.082100 0.089500 0.158700 0.000000 0.135100 0.149000 0.059600 0.121600 0.151000 0.101200 0.126500 0.205900 0.156500 0.105200 0.135200 0.123000 0.110500 0.060500 0.103600 0.105400 0.125200 0.170700 0.089400 0.099700
Pronghorn 0.158200 0.300100 0.098700 0.245100 0.100700 0.135000 0.145700 0.163500 0.067700 0.134300 0.168500 0.068100 0.160600 0.134100 0.134100 0.169500 0.127000 0.087800 0.168200 0.067700 0.111200 0.135200 0.132200 0.088600 0.181700 0.187700 0.136900 0.087900 0.134900 0.087800 0.156300 0.135100 0.000000 0.153800 0.110700 0.067700 0.207600 0.153900 0.170000 0.158500 0.142900 0.183300 0.133100 0.110200 0.057500 0.157300 0.134500 0.209300 0.192100 0.112500 0.077700 0.087800
BlueWildeb 0.149100 0.346400 0.178500 0.333400 0.135300 0.125700 0.114400 0.166400 0.121700 0.195600 0.148200 0.144600 0.141700 0.135300 0.159100 0.184700 0.185300 0.166000 0.124300 0.121700 0.112500 0.125900 0.192700 0.167500 0.161100 0.215500 0.117800 0.143400 0.148900 0.143400 0.219400 0.149000 0.153800 0.000000 0.101500 0.143700 0.198600 0.156600 0.161300 0.243700 0.228300 0.186300 0.218300 0.156300 0.132100 0.171800 0.148500 0.187600 0.170500 0.182300 0.132600 0.121700
Gemsbok 0.039200 0.247800 0.098900 0.269600 0.068900 0.039200 0.090600 0.108500 0.077800 0.145300 0.048900 0.078200 0.103800 0.059200 0.079900 0.112700 0.137600 0.098200 0.069300 0.077800 0.068900 0.039300 0.132300 0.099000 0.059500 0.104500 0.081700 0.088000 0.080400 0.088000 0.167400 0.059600 0.110700 0.101500 0.000000 0.098200 0.080900 0.078500 0.091000 0.202300 0.165200 0.125000 0.144000 0.120800 0.087600 0.080200 0.080200 0.125900 0.122500 0.167400 0.087900 0.098100
Yak 0.144000 0.281600 0.086800 0.253100 0.109200 0.121500 0.132000 0.149700 0.056700 0.120900 0.154000 0.046900 0.169900 0.120800 0.120800 0.154900 0.114600 0.076300 0.153700 0.056700 0.109200 0.121700 0.119100 0.077000 0.166700 0.171400 0.146200 0.076300 0.121500 0.076300 0.142200 0.121600 0.067700 0.143700 0.098200 0.000000 0.168000 0.140100 0.155400 0.144400 0.129500 0.168100 0.119900 0.097900 0.009200 0.143200 0.121100 0.193100 0.176900 0.121000 0.066500 0.076300
BlueSheep 0.082700 0.323500 0.193000 0.358500 0.159300 0.082700 0.185900 0.203200 0.168200 0.198100 0.071700 0.169200 0.203700 0.149900 0.173600 0.211900 0.198600 0.179500 0.138200 0.168200 0.159900 0.061400 0.207400 0.193100 0.061600 0.192100 0.177900 0.179900 0.174500 0.179900 0.248000 0.151000 0.207600 0.198600 0.080900 0.168000 0.000000 0.169200 0.174100 0.316900 0.243900 0.226100 0.221200 0.218800 0.179100 0.174100 0.148900 0.215600 0.225400 0.260300 0.179700 0.191100
BohorReedb 0.122700 0.312800 0.141100 0.332800 0.048400 0.100700 0.122400 0.139800 0.108300 0.179000 0.133300 0.119400 0.137400 0.100600 0.122200 0.145100 0.180300 0.140000 0.121500 0.108300 0.110300 0.100900 0.176500 0.141200 0.145700 0.161200 0.114400 0.118900 0.111700 0.118900 0.213600 0.101200 0.153900 0.156600 0.078500 0.140100 0.169200 0.000000 0.145800 0.177100 0.210800 0.146000 0.188900 0.164200 0.128900 0.122500 0.101100 0.171200 0.122400 0.201800 0.118800 0.129200
KirksDik 0.126100 0.336700 0.156500 0.314300 0.147200 0.137900 0.126300 0.133000 0.111300 0.184300 0.148200 0.133900 0.177000 0.114700 0.137200 0.104300 0.196900 0.155300 0.160200 0.111300 0.102600 0.138200 0.193800 0.155600 0.149000 0.129700 0.152200 0.122200 0.071500 0.122200 0.232900 0.126500 0.170000 0.161300 0.091000 0.155400 0.174100 0.145800 0.000000 0.259000 0.229600 0.127500 0.206900 0.179900 0.143700 0.137000 0.115100 0.189200 0.185700 0.208000 0.122100 0.132700
RoeDeer 0.232800 0.390900 0.155900 0.353300 0.167600 0.206500 0.205000 0.209900 0.111200 0.113900 0.243400 0.145300 0.252400 0.204400 0.221200 0.257500 0.196300 0.154900 0.241000 0.111200 0.189800 0.232300 0.144900 0.100300 0.258900 0.280400 0.224800 0.132800 0.217900 0.132800 0.146900 0.205900 0.158500 0.243700 0.202300 0.144400 0.316900 0.177100 0.259000 0.000000 0.133600 0.261400 0.123800 0.122500 0.132800 0.229800 0.206500 0.290300 0.226900 0.184400 0.122000 0.132600
WhiteLippe 0.216900 0.281800 0.129700 0.265900 0.177600 0.191900 0.167200 0.219900 0.097700 0.058300 0.227400 0.119600 0.232700 0.155300 0.190800 0.228800 0.158100 0.118300 0.226900 0.097700 0.177400 0.192300 0.028200 0.077100 0.242000 0.249100 0.206800 0.118300 0.191800 0.118300 0.099100 0.156500 0.142900 0.228300 0.165200 0.129500 0.243900 0.210800 0.229600 0.133600 0.000000 0.231100 0.078000 0.098000 0.118400 0.178900 0.191300 0.219300 0.227700 0.178600 0.108000 0.118300
ThomsonGaz 0.174400 0.311100 0.169400 0.358600 0.147500 0.150100 0.126900 0.166900 0.123100 0.185800 0.185900 0.134800 0.141700 0.093300 0.127200 0.104200 0.210100 0.168000 0.149900 0.123100 0.125400 0.150300 0.195100 0.168900 0.199900 0.062800 0.140900 0.134300 0.071400 0.134200 0.234700 0.105200 0.183300 0.186300 0.125000 0.168100 0.226100 0.146000 0.127500 0.261400 0.231100 0.000000 0.208500 0.193800 0.156100 0.126700 0.138600 0.189800 0.199000 0.222300 0.134200 0.145000
MuntiacusC 0.194600 0.283900 0.109400 0.268600 0.156200 0.170100 0.145800 0.197800 0.077900 0.038800 0.181100 0.099400 0.209800 0.134300 0.169000 0.206300 0.148400 0.108800 0.204500 0.077900 0.156000 0.147200 0.088300 0.057700 0.194700 0.225800 0.184400 0.098300 0.169900 0.098300 0.038700 0.135200 0.133100 0.218300 0.144000 0.119900 0.221200 0.188900 0.206900 0.123800 0.078000 0.208500 0.000000 0.078200 0.108900 0.157300 0.169600 0.183700 0.205000 0.156600 0.088100 0.098300
WhiteTaile 0.169000 0.309000 0.087700 0.277500 0.132400 0.145500 0.133500 0.173000 0.057300 0.078900 0.168000 0.077900 0.197000 0.122200 0.121400 0.179400 0.126000 0.087200 0.178800 0.057300 0.132300 0.145700 0.087900 0.018700 0.181200 0.197500 0.172100 0.077100 0.144100 0.077100 0.088800 0.123000 0.110200 0.156300 0.120800 0.097900 0.218800 0.164200 0.179900 0.122500 0.098000 0.193800 0.078200 0.000000 0.087300 0.143900 0.145000 0.170000 0.154200 0.121300 0.067200 0.077100
Cattle 0.132500 0.267300 0.076500 0.240300 0.098400 0.110300 0.120700 0.138300 0.046800 0.109800 0.142400 0.037300 0.157700 0.109700 0.109700 0.143200 0.104100 0.066200 0.142100 0.046800 0.098400 0.110500 0.108100 0.066800 0.154800 0.159100 0.134500 0.066200 0.110300 0.066200 0.130800 0.110500 0.057500 0.132100 0.087600 0.009200 0.179100 0.128900 0.143700 0.132800 0.118400 0.156100 0.108900 0.087300 0.000000 0.131700 0.110000 0.180400 0.164500 0.109800 0.056500 0.066200
RoyalAntel 0.126100 0.290500 0.100500 0.310200 0.112700 0.103400 0.092000 0.177100 0.099600 0.158700 0.136300 0.122000 0.140300 0.060100 0.125000 0.114400 0.172100 0.131400 0.136000 0.099600 0.112700 0.103600 0.145300 0.120800 0.149000 0.152900 0.116800 0.110300 0.103000 0.110300 0.181500 0.060500 0.157300 0.171800 0.080200 0.143200 0.174100 0.122500 0.137000 0.229800 0.178900 0.126700 0.157300 0.143900 0.131700 0.000000 0.125300 0.116700 0.148000 0.170600 0.110100 0.120600
Steenbok 0.126200 0.278100 0.122000 0.312100 0.091400 0.103500 0.114100 0.110600 0.099900 0.171200 0.136400 0.100500 0.140800 0.081400 0.102700 0.114800 0.161400 0.121000 0.136000 0.099900 0.049400 0.103600 0.157100 0.122100 0.149100 0.129300 0.117100 0.110500 0.081800 0.110500 0.194200 0.103600 0.134500 0.148500 0.080200 0.121100 0.148900 0.101100 0.115100 0.206500 0.191300 0.138600 0.169600 0.145000 0.110000 0.125300 0.000000 0.151600 0.125200 0.181800 0.110500 0.120900
Impala 0.176600 0.277500 0.147300 0.341800 0.161200 0.151900 0.127600 0.205200 0.146000 0.185300 0.174400 0.146400 0.166400 0.082800 0.149900 0.152400 0.222600 0.180000 0.174300 0.146000 0.137900 0.139900 0.183500 0.170200 0.188200 0.194200 0.153900 0.157500 0.140000 0.157500 0.196300 0.105400 0.209300 0.187600 0.125900 0.193100 0.215600 0.171200 0.189200 0.290300 0.219300 0.189800 0.183700 0.170000 0.180400 0.116700 0.151600 0.000000 0.126600 0.171400 0.157200 0.168500
Klipspring 0.173200 0.348500 0.153600 0.351300 0.101100 0.148700 0.124000 0.165500 0.131100 0.206900 0.183600 0.154800 0.175900 0.101300 0.146000 0.172300 0.206300 0.164200 0.170600 0.131100 0.134500 0.149000 0.191900 0.154300 0.197700 0.203200 0.151000 0.119500 0.136200 0.141400 0.217800 0.125200 0.192100 0.170500 0.122500 0.176900 0.225400 0.122400 0.185700 0.226900 0.227700 0.199000 0.205000 0.154200 0.164500 0.148000 0.125200 0.126600 0.000000 0.204100 0.142000 0.153200
ForestMusk 0.220300 0.325600 0.110500 0.321200 0.180000 0.194800 0.158400 0.211700 0.078500 0.135100 0.217600 0.121600 0.199700 0.169600 0.146000 0.207800 0.171500 0.130900 0.193900 0.078500 0.168300 0.182500 0.167500 0.121400 0.232100 0.253500 0.174600 0.099100 0.194700 0.099100 0.146000 0.170700 0.112500 0.182300 0.167400 0.121000 0.260300 0.201800 0.208000 0.184400 0.178600 0.222300 0.156600 0.121300 0.109800 0.170600 0.181800 0.171400 0.204100 0.000000 0.088700 0.099000
Bushbuck 0.132900 0.229700 0.037400 0.205700 0.098700 0.110800 0.078700 0.128100 0.009200 0.068400 0.142900 0.047300 0.113300 0.088800 0.110100 0.143800 0.094200 0.056500 0.131700 0.009200 0.098700 0.110900 0.097800 0.047200 0.155300 0.159700 0.112900 0.027800 0.110700 0.027800 0.109500 0.089400 0.077700 0.132600 0.087900 0.066500 0.179700 0.118800 0.122100 0.122000 0.108000 0.134200 0.088100 0.067200 0.056500 0.110100 0.110500 0.157200 0.142000 0.088700 0.000000 0.027800
GreaterKud 0.143700 0.266500 0.047000 0.239600 0.109000 0.121300 0.088800 0.138500 0.018400 0.078400 0.153700 0.056900 0.146500 0.099100 0.120600 0.154600 0.084300 0.066100 0.142400 0.018400 0.108900 0.121500 0.108000 0.056800 0.166300 0.171100 0.123600 0.037200 0.121200 0.037200 0.119900 0.099700 0.087800 0.121700 0.098100 0.076300 0.191100 0.129200 0.132700 0.132600 0.118300 0.145000 0.098300 0.077100 0.066200 0.120600 0.120900 0.168500 0.153200 0.099000 0.027800 0.000000
