1
52 1
Argali 0.000000 0.413300 0.032700 0.249400 0.031900 0.000000 0.063300 0.032400 0.065900 0.301800 0.032800 0.096500 0.067100 0.063300 0.064200 0.121000 0.226900 0.222900 0.032700 0.066100 0.047600 0.032800 0.174800 0.174400 0.032400 0.092900 0.033000 0.066100 0.047600 0.032900 0.180800 0.063300 0.392200 0.033000 0.032800 0.130800 0.068600 0.064100 0.090500 0.182800 0.182800 0.092900 0.227800 0.210500 0.141200 0.064900 0.090500 0.031600 0.032300 0.260000 0.066100 0.066000
LesserMous 0.413300 0.000000 0.352700 0.302100 0.344900 0.413300 0.387400 0.352100 0.393300 0.530200 0.350700 0.433700 0.405700 0.387400 0.390900 0.445000 0.385200 0.372600 0.349800 0.397500 0.347100 0.350700 0.415400 0.395200 0.394800 0.422200 0.353400 0.397500 0.347100 0.353600 0.413800 0.387400 0.595600 0.353400 0.350700 0.382700 0.420900 0.385800 0.411900 0.419900 0.419900 0.422200 0.488000 0.445700 0.430400 0.386200 0.411900 0.345800 0.351300 0.524500 0.397500 0.399700
LesserKudu 0.032700 0.352700 0.000000 0.212100 0.000400 0.032700 0.030700 0.000400 0.031300 0.252400 0.000400 0.062100 0.032500 0.030700 0.030900 0.100600 0.181700 0.178300 0.000500 0.031300 0.032800 0.000400 0.139700 0.134600 0.000600 0.068900 0.000600 0.031300 0.032800 0.000100 0.139800 0.030700 0.337400 0.000600 0.000400 0.094500 0.033300 0.031000 0.068000 0.141000 0.141000 0.068900 0.182300 0.168900 0.101900 0.031200 0.068000 0.000500 0.000400 0.214700 0.031300 0.031400
KillerWhal 0.249400 0.302100 0.212100 0.000000 0.213100 0.249400 0.250700 0.215900 0.229500 0.352300 0.215800 0.293800 0.262800 0.250700 0.250400 0.197500 0.382500 0.369400 0.215000 0.232200 0.201300 0.215800 0.211900 0.210500 0.247900 0.261100 0.216300 0.232200 0.201300 0.212500 0.220300 0.250700 0.419700 0.216300 0.215800 0.248400 0.271900 0.250200 0.254000 0.222400 0.222400 0.261100 0.273200 0.252000 0.250400 0.273100 0.254000 0.211600 0.217000 0.305500 0.232200 0.253500
DefassaWat 0.031900 0.344900 0.000400 0.213100 0.000000 0.031900 0.030500 0.000100 0.031200 0.251300 0.000100 0.062100 0.032500 0.030500 0.030900 0.099700 0.182200 0.177700 0.000200 0.031200 0.032500 0.000100 0.139100 0.133900 0.000300 0.068400 0.000300 0.031200 0.032500 0.000400 0.138900 0.030500 0.340000 0.000300 0.000100 0.094100 0.033000 0.030800 0.067500 0.140300 0.140300 0.068400 0.181400 0.168000 0.101600 0.031200 0.067500 0.000100 0.000100 0.215000 0.031200 0.031100
Sheep 0.000000 0.413300 0.032700 0.249400 0.031900 0.000000 0.063300 0.032400 0.065900 0.301800 0.032800 0.096500 0.067100 0.063300 0.064200 0.121000 0.226900 0.222900 0.032700 0.066100 0.047600 0.032800 0.174800 0.174400 0.032400 0.092900 0.033000 0.066100 0.047600 0.032900 0.180800 0.063300 0.392200 0.033000 0.032800 0.130800 0.068600 0.064100 0.090500 0.182800 0.182800 0.092900 0.227800 0.210500 0.141200 0.064900 0.090500 0.031600 0.032300 0.260000 0.066100 0.066000
MaxwellsDu 0.063300 0.387400 0.030700 0.250700 0.030500 0.063300 0.000000 0.030900 0.061300 0.203500 0.031100 0.091600 0.063500 0.000000 0.060900 0.130800 0.212500 0.208600 0.031200 0.061400 0.064100 0.031100 0.098800 0.095200 0.031000 0.100800 0.031400 0.061400 0.064100 0.030900 0.098700 0.000000 0.286200 0.031400 0.031100 0.124000 0.065100 0.060800 0.099800 0.099500 0.099500 0.100800 0.137000 0.127500 0.133600 0.061700 0.099800 0.030400 0.031200 0.245500 0.061400 0.061600
GazellaPrz 0.032400 0.352100 0.000400 0.215900 0.000100 0.032400 0.030900 0.000000 0.031600 0.255500 0.000100 0.062800 0.032700 0.030900 0.031200 0.101200 0.183500 0.179900 0.000200 0.031600 0.033000 0.000100 0.141300 0.135700 0.000300 0.069400 0.000100 0.031600 0.033000 0.000400 0.141300 0.030900 0.343700 0.000100 0.000100 0.095600 0.033600 0.031300 0.068600 0.142500 0.142500 0.069400 0.184300 0.170600 0.103400 0.031700 0.068600 0.000200 0.000100 0.217600 0.031600 0.031600
MountainNy 0.065900 0.393300 0.031300 0.229500 0.031200 0.065900 0.061300 0.031600 0.000000 0.250600 0.031800 0.093400 0.065000 0.061300 0.062000 0.133500 0.180300 0.177200 0.031900 0.000100 0.065500 0.031800 0.173700 0.167700 0.031700 0.103200 0.032200 0.000100 0.065500 0.031500 0.173700 0.061300 0.388500 0.032200 0.031800 0.126300 0.066700 0.061900 0.102000 0.175100 0.175100 0.103200 0.217200 0.202900 0.136100 0.063000 0.102000 0.031000 0.031400 0.212800 0.000100 0.062900
MuntiacusM 0.301800 0.530200 0.252400 0.352300 0.251300 0.301800 0.203500 0.255500 0.250600 0.000000 0.257800 0.324300 0.303000 0.203500 0.287100 0.350400 0.228400 0.223900 0.258800 0.288600 0.305300 0.257800 0.067700 0.135200 0.256300 0.364800 0.260600 0.288600 0.305300 0.253500 0.067800 0.203500 0.270100 0.260600 0.257800 0.281400 0.222400 0.285800 0.360300 0.068400 0.068400 0.364800 0.105900 0.203600 0.307100 0.292700 0.360300 0.250600 0.253900 0.217100 0.288600 0.290200
goat 0.032800 0.350700 0.000400 0.215800 0.000100 0.032800 0.031100 0.000100 0.031800 0.257800 0.000000 0.063100 0.032900 0.031100 0.031500 0.083600 0.185600 0.182100 0.000100 0.031900 0.000100 0.000000 0.142500 0.137000 0.000100 0.056500 0.000100 0.031900 0.000100 0.000400 0.142200 0.031100 0.346500 0.000100 0.000000 0.096100 0.032900 0.031400 0.054000 0.143700 0.143700 0.056500 0.186100 0.172000 0.103900 0.031900 0.054000 0.000200 0.000100 0.219000 0.031900 0.031800
AfricanBuf 0.096500 0.433700 0.062100 0.293800 0.062100 0.096500 0.091600 0.062800 0.093400 0.324300 0.063100 0.000000 0.063700 0.091600 0.092900 0.167300 0.172800 0.171400 0.063300 0.093400 0.097600 0.063100 0.208400 0.200800 0.062800 0.136800 0.063900 0.093400 0.097600 0.062400 0.209100 0.091600 0.248300 0.063900 0.063100 0.157600 0.099100 0.092500 0.135200 0.209900 0.209900 0.136800 0.253600 0.235800 0.169100 0.094000 0.135200 0.061800 0.062500 0.205100 0.093400 0.093700
Topi 0.067100 0.405700 0.032500 0.262800 0.032500 0.067100 0.063500 0.032700 0.065000 0.303000 0.032900 0.063700 0.000000 0.063500 0.064400 0.120600 0.186300 0.222800 0.032800 0.065100 0.045000 0.032900 0.182600 0.175100 0.032700 0.089800 0.033100 0.065100 0.045000 0.032700 0.183600 0.063500 0.347400 0.033100 0.032900 0.132300 0.069000 0.064300 0.087300 0.183800 0.183800 0.089800 0.228700 0.211700 0.142400 0.065200 0.087300 0.032400 0.032600 0.220900 0.065100 0.065300
CommonDuik 0.063300 0.387400 0.030700 0.250700 0.030500 0.063300 0.000000 0.030900 0.061300 0.203500 0.031100 0.091600 0.063500 0.000000 0.060900 0.130800 0.212500 0.208600 0.031200 0.061400 0.064100 0.031100 0.098800 0.095200 0.031000 0.100800 0.031400 0.061400 0.064100 0.030900 0.098700 0.000000 0.286200 0.031400 0.031100 0.124000 0.065100 0.060800 0.099800 0.099500 0.099500 0.100800 0.137000 0.127500 0.133600 0.061700 0.099800 0.030400 0.031200 0.245500 0.061400 0.061600
Suni 0.064200 0.390900 0.030900 0.250400 0.030900 0.064200 0.060900 0.031200 0.062000 0.287100 0.031500 0.092900 0.064400 0.060900 0.000000 0.132700 0.215900 0.212100 0.031600 0.062100 0.065000 0.031500 0.173500 0.166900 0.031400 0.102300 0.031900 0.062100 0.065000 0.031000 0.173300 0.060900 0.374400 0.031900 0.031500 0.061100 0.066000 0.061600 0.101400 0.174800 0.174800 0.102300 0.217100 0.201500 0.065600 0.062600 0.101400 0.030800 0.031200 0.249000 0.062100 0.062300
Springbuck 0.121000 0.445000 0.100600 0.197500 0.099700 0.121000 0.130800 0.101200 0.133500 0.350400 0.083600 0.167300 0.120600 0.130800 0.132700 0.000000 0.275400 0.268600 0.099000 0.134100 0.067200 0.083600 0.263300 0.252500 0.078200 0.034300 0.080100 0.134100 0.067200 0.101000 0.262600 0.130800 0.498800 0.080100 0.083600 0.203000 0.127900 0.132600 0.105100 0.265300 0.265300 0.034300 0.315200 0.291000 0.220700 0.113500 0.105100 0.099400 0.100900 0.348900 0.134100 0.134500
Okapi 0.226900 0.385200 0.181700 0.382500 0.182200 0.226900 0.212500 0.183500 0.180300 0.228400 0.185600 0.172800 0.186300 0.212500 0.215900 0.275400 0.000000 0.071500 0.185900 0.218100 0.230600 0.185600 0.151800 0.226800 0.184200 0.285700 0.186800 0.218100 0.230600 0.182400 0.152700 0.212500 0.285500 0.186800 0.185600 0.213200 0.150000 0.215900 0.281500 0.153300 0.153300 0.285700 0.198800 0.307000 0.232500 0.218600 0.281500 0.181800 0.183400 0.149900 0.218100 0.219200
Giraffe 0.222900 0.372600 0.178300 0.369400 0.177700 0.222900 0.208600 0.179900 0.177200 0.223900 0.182100 0.171400 0.222800 0.208600 0.212100 0.268600 0.071500 0.000000 0.182400 0.214200 0.226500 0.182100 0.148900 0.222700 0.180700 0.279900 0.183200 0.214200 0.226500 0.179100 0.148700 0.208600 0.282800 0.183200 0.182100 0.208600 0.146900 0.212100 0.276900 0.150200 0.150200 0.279900 0.194900 0.300900 0.228000 0.214800 0.276900 0.177400 0.180000 0.229500 0.214200 0.214800
TibetanAnt 0.032700 0.349800 0.000500 0.215000 0.000200 0.032700 0.031200 0.000200 0.031900 0.258800 0.000100 0.063300 0.032800 0.031200 0.031600 0.099000 0.185900 0.182400 0.000000 0.032000 0.027100 0.000100 0.142800 0.137200 0.000200 0.067600 0.000200 0.032000 0.027100 0.000500 0.142500 0.031200 0.346100 0.000200 0.000100 0.096300 0.033700 0.031500 0.066900 0.144000 0.144000 0.067600 0.186700 0.172400 0.104300 0.031800 0.066900 0.000300 0.000200 0.219300 0.032000 0.031800
Sitatunga 0.066100 0.397500 0.031300 0.232200 0.031200 0.066100 0.061400 0.031600 0.000100 0.288600 0.031900 0.093400 0.065100 0.061400 0.062100 0.134100 0.218100 0.214200 0.032000 0.000000 0.065500 0.031900 0.174600 0.168600 0.031700 0.103300 0.032200 0.000000 0.065500 0.031500 0.174600 0.061400 0.375300 0.032200 0.031900 0.126400 0.066800 0.061900 0.102200 0.176000 0.176000 0.103300 0.218400 0.203200 0.136300 0.063100 0.102200 0.031000 0.031400 0.213300 0.000000 0.062900
Oribi 0.047600 0.347100 0.032800 0.201300 0.032500 0.047600 0.064100 0.033000 0.065500 0.305300 0.000100 0.097600 0.045000 0.064100 0.065000 0.067200 0.230600 0.226500 0.027100 0.065500 0.000000 0.000100 0.183900 0.176600 0.000300 0.034400 0.000300 0.065500 0.000000 0.032900 0.183700 0.064100 0.398300 0.000300 0.000100 0.132200 0.056100 0.064400 0.034000 0.185600 0.185600 0.034400 0.231200 0.212800 0.143300 0.040900 0.034000 0.032400 0.032800 0.263900 0.065500 0.065700
BarbaryShe 0.032800 0.350700 0.000400 0.215800 0.000100 0.032800 0.031100 0.000100 0.031800 0.257800 0.000000 0.063100 0.032900 0.031100 0.031500 0.083600 0.185600 0.182100 0.000100 0.031900 0.000100 0.000000 0.142500 0.137000 0.000100 0.056500 0.000100 0.031900 0.000100 0.000400 0.142200 0.031100 0.346500 0.000100 0.000000 0.096100 0.033500 0.031400 0.054000 0.143700 0.143700 0.056500 0.186100 0.172000 0.103900 0.031900 0.054000 0.000200 0.000100 0.219000 0.031900 0.031800
Daviddeer 0.174800 0.415400 0.139700 0.211900 0.139100 0.174800 0.098800 0.141300 0.173700 0.067700 0.142500 0.208400 0.182600 0.098800 0.173500 0.263300 0.151800 0.148900 0.142800 0.174600 0.183900 0.142500 0.000000 0.066000 0.141800 0.234000 0.144200 0.174600 0.183900 0.140400 0.000200 0.098800 0.198100 0.144200 0.142500 0.170300 0.107800 0.172800 0.230600 0.000100 0.000100 0.234000 0.034500 0.099500 0.185100 0.176700 0.230600 0.138600 0.140400 0.140600 0.174600 0.175500
Reindeer 0.174400 0.395200 0.134600 0.210500 0.133900 0.174400 0.095200 0.135700 0.167700 0.135200 0.137000 0.200800 0.175100 0.095200 0.166900 0.252500 0.226800 0.222700 0.137200 0.168600 0.176600 0.137000 0.066000 0.000000 0.136400 0.223800 0.138300 0.168600 0.176600 0.135200 0.066000 0.095200 0.264400 0.138300 0.137000 0.164500 0.179900 0.166500 0.221000 0.066200 0.066200 0.223800 0.102300 0.030500 0.178000 0.169800 0.221000 0.133500 0.135100 0.210200 0.168600 0.168900
Ibex 0.032400 0.394800 0.000600 0.247900 0.000300 0.032400 0.031000 0.000300 0.031700 0.256300 0.000100 0.062800 0.032700 0.031000 0.031400 0.078200 0.184200 0.180700 0.000200 0.031700 0.000300 0.000100 0.141800 0.136400 0.000000 0.045600 0.000300 0.031700 0.000300 0.000600 0.141500 0.031000 0.344700 0.000300 0.000100 0.095600 0.033500 0.031300 0.043700 0.143000 0.143000 0.045600 0.185200 0.171100 0.103400 0.031700 0.043700 0.000400 0.020500 0.217500 0.031700 0.031500
GyrantGaze 0.092900 0.422200 0.068900 0.261100 0.068400 0.092900 0.100800 0.069400 0.103200 0.364800 0.056500 0.136800 0.089800 0.100800 0.102300 0.034300 0.285700 0.279900 0.067600 0.103300 0.034400 0.056500 0.234000 0.223800 0.045600 0.000000 0.047100 0.103300 0.034400 0.069200 0.233700 0.100800 0.461100 0.047100 0.056500 0.173700 0.102500 0.101500 0.071700 0.236100 0.236100 0.000000 0.286600 0.262500 0.189600 0.083300 0.071700 0.068100 0.069200 0.320000 0.103300 0.103800
Hartebeest 0.033000 0.353400 0.000600 0.216300 0.000300 0.033000 0.031400 0.000100 0.032200 0.260600 0.000100 0.063900 0.033100 0.031400 0.031900 0.080100 0.186800 0.183200 0.000200 0.032200 0.000300 0.000100 0.144200 0.138300 0.000300 0.047100 0.000000 0.032200 0.000300 0.000600 0.143800 0.031400 0.347600 0.000000 0.000100 0.097300 0.034100 0.031800 0.045200 0.145200 0.145200 0.047100 0.188100 0.173900 0.105400 0.032200 0.045200 0.000400 0.000300 0.221500 0.032200 0.032000
Bongo 0.066100 0.397500 0.031300 0.232200 0.031200 0.066100 0.061400 0.031600 0.000100 0.288600 0.031900 0.093400 0.065100 0.061400 0.062100 0.134100 0.218100 0.214200 0.032000 0.000000 0.065500 0.031900 0.174600 0.168600 0.031700 0.103300 0.032200 0.000000 0.065500 0.031500 0.174600 0.061400 0.375300 0.032200 0.031900 0.126400 0.066800 0.061900 0.102200 0.176000 0.176000 0.103300 0.218400 0.203200 0.136300 0.063100 0.102200 0.031000 0.031400 0.213300 0.000000 0.062900
Gerenuk 0.047600 0.347100 0.032800 0.201300 0.032500 0.047600 0.064100 0.033000 0.065500 0.305300 0.000100 0.097600 0.045000 0.064100 0.065000 0.067200 0.230600 0.226500 0.027100 0.065500 0.000000 0.000100 0.183900 0.176600 0.000300 0.034400 0.000300 0.065500 0.000000 0.032900 0.183700 0.064100 0.398300 0.000300 0.000100 0.132200 0.056100 0.064400 0.033300 0.185600 0.185600 0.034400 0.231200 0.212800 0.143300 0.040900 0.033900 0.032400 0.032800 0.263900 0.065500 0.065700
CommonElan 0.032900 0.353600 0.000100 0.212500 0.000400 0.032900 0.030900 0.000400 0.031500 0.253500 0.000400 0.062400 0.032700 0.030900 0.031000 0.101000 0.182400 0.179100 0.000500 0.031500 0.032900 0.000400 0.140400 0.135200 0.000600 0.069200 0.000600 0.031500 0.032900 0.000000 0.140500 0.030900 0.339100 0.000600 0.000400 0.095000 0.033500 0.031100 0.068300 0.141700 0.141700 0.069200 0.183200 0.169700 0.102500 0.031300 0.068300 0.000500 0.000400 0.215800 0.031500 0.030700
MuntiacusR 0.180800 0.413800 0.139800 0.220300 0.138900 0.180800 0.098700 0.141300 0.173700 0.067800 0.142200 0.209100 0.183600 0.098700 0.173300 0.262600 0.152700 0.148700 0.142500 0.174600 0.183700 0.142200 0.000200 0.066000 0.141500 0.233700 0.143800 0.174600 0.183700 0.140500 0.000000 0.098700 0.198600 0.143800 0.142200 0.170200 0.107700 0.172700 0.230100 0.000100 0.000100 0.233700 0.034500 0.099600 0.185300 0.176000 0.230100 0.138600 0.140400 0.141100 0.174600 0.175500
HarveysDui 0.063300 0.387400 0.030700 0.250700 0.030500 0.063300 0.000000 0.030900 0.061300 0.203500 0.031100 0.091600 0.063500 0.000000 0.060900 0.130800 0.212500 0.208600 0.031200 0.061400 0.064100 0.031100 0.098800 0.095200 0.031000 0.100800 0.031400 0.061400 0.064100 0.030900 0.098700 0.000000 0.286200 0.031400 0.031100 0.124000 0.065100 0.060800 0.099800 0.099500 0.099500 0.100800 0.137000 0.127500 0.133600 0.061700 0.099800 0.030400 0.031200 0.245500 0.061400 0.061600
Pronghorn 0.392200 0.595600 0.337400 0.419700 0.340000 0.392200 0.286200 0.343700 0.388500 0.270100 0.346500 0.248300 0.347400 0.286200 0.374400 0.498800 0.285500 0.282800 0.346100 0.375300 0.398300 0.346500 0.198100 0.264400 0.344700 0.461100 0.347600 0.375300 0.398300 0.339100 0.198600 0.286200 0.000000 0.347600 0.346500 0.369900 0.310700 0.374600 0.456400 0.199600 0.199600 0.461100 0.240400 0.289900 0.401400 0.376100 0.456400 0.338100 0.342000 0.233100 0.375300 0.377200
BlueWildeb 0.033000 0.353400 0.000600 0.216300 0.000300 0.033000 0.031400 0.000100 0.032200 0.260600 0.000100 0.063900 0.033100 0.031400 0.031900 0.080100 0.186800 0.183200 0.000200 0.032200 0.000300 0.000100 0.144200 0.138300 0.000300 0.047100 0.000000 0.032200 0.000300 0.000600 0.143800 0.031400 0.347600 0.000000 0.000100 0.097300 0.034100 0.031800 0.045200 0.145200 0.145200 0.047100 0.188100 0.173900 0.105400 0.032200 0.045200 0.000400 0.000300 0.221500 0.032200 0.032000
Gemsbok 0.032800 0.350700 0.000400 0.215800 0.000100 0.032800 0.031100 0.000100 0.031800 0.257800 0.000000 0.063100 0.032900 0.031100 0.031500 0.083600 0.185600 0.182100 0.000100 0.031900 0.000100 0.000000 0.142500 0.137000 0.000100 0.056500 0.000100 0.031900 0.000100 0.000400 0.142200 0.031100 0.346500 0.000100 0.000000 0.096100 0.032900 0.031400 0.054000 0.143700 0.143700 0.056500 0.186100 0.172000 0.103900 0.031900 0.054000 0.000200 0.000100 0.219000 0.031900 0.031800
Yak 0.130800 0.382700 0.094500 0.248400 0.094100 0.130800 0.124000 0.095600 0.126300 0.281400 0.096100 0.157600 0.132300 0.124000 0.061100 0.203000 0.213200 0.208600 0.096300 0.126400 0.132200 0.096100 0.170300 0.164500 0.095600 0.173700 0.097300 0.126400 0.132200 0.095000 0.170200 0.124000 0.369900 0.097300 0.096100 0.000000 0.133900 0.125200 0.172000 0.171700 0.171700 0.173700 0.213100 0.198100 0.064400 0.127200 0.172000 0.093700 0.095000 0.244900 0.126400 0.126500
BlueSheep 0.068600 0.420900 0.033300 0.271900 0.033000 0.068600 0.065100 0.033600 0.066700 0.222400 0.032900 0.099100 0.069000 0.065100 0.066000 0.127900 0.150000 0.146900 0.033700 0.066800 0.056100 0.033500 0.107800 0.179900 0.033500 0.102500 0.034100 0.066800 0.056100 0.033500 0.107700 0.065100 0.310700 0.034100 0.032900 0.133900 0.000000 0.065700 0.099800 0.108900 0.108900 0.102500 0.150200 0.217000 0.145800 0.066800 0.099800 0.032800 0.033400 0.184100 0.066800 0.066800
BohorReedb 0.064100 0.385800 0.031000 0.250200 0.030800 0.064100 0.060800 0.031300 0.061900 0.285800 0.031400 0.092500 0.064300 0.060800 0.061600 0.132600 0.215900 0.212100 0.031500 0.061900 0.064400 0.031400 0.172800 0.166500 0.031300 0.101500 0.031800 0.061900 0.064400 0.031100 0.172700 0.060800 0.374600 0.031800 0.031400 0.125200 0.065700 0.000000 0.100500 0.174200 0.174200 0.101500 0.216200 0.200700 0.134700 0.062500 0.100500 0.030700 0.031100 0.248100 0.061900 0.062100
KirksDik 0.090500 0.411900 0.068000 0.254000 0.067500 0.090500 0.099800 0.068600 0.102000 0.360300 0.054000 0.135200 0.087300 0.099800 0.101400 0.105100 0.281500 0.276900 0.066900 0.102200 0.034000 0.054000 0.230600 0.221000 0.043700 0.071700 0.045200 0.102200 0.033300 0.068300 0.230100 0.099800 0.456400 0.045200 0.054000 0.172000 0.099800 0.100500 0.000000 0.232600 0.232600 0.071700 0.282800 0.258900 0.187100 0.081200 0.000000 0.067200 0.068300 0.314400 0.102200 0.102300
RoeDeer 0.182800 0.419900 0.141000 0.222400 0.140300 0.182800 0.099500 0.142500 0.175100 0.068400 0.143700 0.209900 0.183800 0.099500 0.174800 0.265300 0.153300 0.150200 0.144000 0.176000 0.185600 0.143700 0.000100 0.066200 0.143000 0.236100 0.145200 0.176000 0.185600 0.141700 0.000100 0.099500 0.199600 0.145200 0.143700 0.171700 0.108900 0.174200 0.232600 0.000000 0.000000 0.236100 0.035000 0.100400 0.187000 0.177900 0.232600 0.139900 0.141700 0.141900 0.176000 0.176900
WhiteLippe 0.182800 0.419900 0.141000 0.222400 0.140300 0.182800 0.099500 0.142500 0.175100 0.068400 0.143700 0.209900 0.183800 0.099500 0.174800 0.265300 0.153300 0.150200 0.144000 0.176000 0.185600 0.143700 0.000100 0.066200 0.143000 0.236100 0.145200 0.176000 0.185600 0.141700 0.000100 0.099500 0.199600 0.145200 0.143700 0.171700 0.108900 0.174200 0.232600 0.000000 0.000000 0.236100 0.034700 0.100400 0.187000 0.177900 0.232600 0.139900 0.141700 0.141900 0.176000 0.176900
ThomsonGaz 0.092900 0.422200 0.068900 0.261100 0.068400 0.092900 0.100800 0.069400 0.103200 0.364800 0.056500 0.136800 0.089800 0.100800 0.102300 0.034300 0.285700 0.279900 0.067600 0.103300 0.034400 0.056500 0.234000 0.223800 0.045600 0.000000 0.047100 0.103300 0.034400 0.069200 0.233700 0.100800 0.461100 0.047100 0.056500 0.173700 0.102500 0.101500 0.071700 0.236100 0.236100 0.000000 0.286600 0.262500 0.189600 0.083300 0.071700 0.068100 0.069200 0.320000 0.103300 0.103800
MuntiacusC 0.227800 0.488000 0.182300 0.273200 0.181400 0.227800 0.137000 0.184300 0.217200 0.105900 0.186100 0.253600 0.228700 0.137000 0.217100 0.315200 0.198800 0.194900 0.186700 0.218400 0.231200 0.186100 0.034500 0.102300 0.185200 0.286600 0.188100 0.218400 0.231200 0.183200 0.034500 0.137000 0.240400 0.188100 0.186100 0.213100 0.150200 0.216200 0.282800 0.035000 0.034700 0.286600 0.000000 0.138200 0.232700 0.221500 0.282800 0.181000 0.183200 0.183200 0.218400 0.219600
WhiteTaile 0.210500 0.445700 0.168900 0.252000 0.168000 0.210500 0.127500 0.170600 0.202900 0.203600 0.172000 0.235800 0.211700 0.127500 0.201500 0.291000 0.307000 0.300900 0.172400 0.203200 0.212800 0.172000 0.099500 0.030500 0.171100 0.262500 0.173900 0.203200 0.212800 0.169700 0.099600 0.127500 0.289900 0.173900 0.172000 0.198100 0.217000 0.200700 0.258900 0.100400 0.100400 0.262500 0.138200 0.000000 0.214500 0.205000 0.258900 0.167500 0.169600 0.246800 0.203200 0.203900
Cattle 0.141200 0.430400 0.101900 0.250400 0.101600 0.141200 0.133600 0.103400 0.136100 0.307100 0.103900 0.169100 0.142400 0.133600 0.065600 0.220700 0.232500 0.228000 0.104300 0.136300 0.143300 0.103900 0.185100 0.178000 0.103400 0.189600 0.105400 0.136300 0.143300 0.102500 0.185300 0.133600 0.401400 0.105400 0.103900 0.064400 0.145800 0.134700 0.187100 0.187000 0.187000 0.189600 0.232700 0.214500 0.000000 0.137400 0.187100 0.101000 0.102600 0.266300 0.136300 0.136500
RoyalAntel 0.064900 0.386200 0.031200 0.273100 0.031200 0.064900 0.061700 0.031700 0.063000 0.292700 0.031900 0.094000 0.065200 0.061700 0.062600 0.113500 0.218600 0.214800 0.031800 0.063100 0.040900 0.031900 0.176700 0.169800 0.031700 0.083300 0.032200 0.063100 0.040900 0.031300 0.176000 0.061700 0.376100 0.032200 0.031900 0.127200 0.066800 0.062500 0.081200 0.177900 0.177900 0.083300 0.221500 0.205000 0.137400 0.000000 0.081200 0.031000 0.031600 0.252600 0.063100 0.062900
Steenbok 0.090500 0.411900 0.068000 0.254000 0.067500 0.090500 0.099800 0.068600 0.102000 0.360300 0.054000 0.135200 0.087300 0.099800 0.101400 0.105100 0.281500 0.276900 0.066900 0.102200 0.034000 0.054000 0.230600 0.221000 0.043700 0.071700 0.045200 0.102200 0.033900 0.068300 0.230100 0.099800 0.456400 0.045200 0.054000 0.172000 0.099800 0.100500 0.000000 0.232600 0.232600 0.071700 0.282800 0.258900 0.187100 0.081200 0.000000 0.067200 0.068300 0.314400 0.102200 0.102300
Impala 0.031600 0.345800 0.000500 0.211600 0.000100 0.031600 0.030400 0.000200 0.031000 0.250600 0.000200 0.061800 0.032400 0.030400 0.030800 0.099400 0.181800 0.177400 0.000300 0.031000 0.032400 0.000200 0.138600 0.133500 0.000400 0.068100 0.000400 0.031000 0.032400 0.000500 0.138600 0.030400 0.338100 0.000400 0.000200 0.093700 0.032800 0.030700 0.067200 0.139900 0.139900 0.068100 0.181000 0.167500 0.101000 0.031000 0.067200 0.000000 0.000200 0.214400 0.031000 0.030900
Klipspring 0.032300 0.351300 0.000400 0.217000 0.000100 0.032300 0.031200 0.000100 0.031400 0.253900 0.000100 0.062500 0.032600 0.031200 0.031200 0.100900 0.183400 0.180000 0.000200 0.031400 0.032800 0.000100 0.140400 0.135100 0.020500 0.069200 0.000300 0.031400 0.032800 0.000400 0.140400 0.031200 0.342000 0.000300 0.000100 0.095000 0.033400 0.031100 0.068300 0.141700 0.141700 0.069200 0.183200 0.169600 0.102600 0.031600 0.068300 0.000200 0.000000 0.216500 0.031400 0.031400
ForestMusk 0.260000 0.524500 0.214700 0.305500 0.215000 0.260000 0.245500 0.217600 0.212800 0.217100 0.219000 0.205100 0.220900 0.245500 0.249000 0.348900 0.149900 0.229500 0.219300 0.213300 0.263900 0.219000 0.140600 0.210200 0.217500 0.320000 0.221500 0.213300 0.263900 0.215800 0.141100 0.245500 0.233100 0.221500 0.219000 0.244900 0.184100 0.248100 0.314400 0.141900 0.141900 0.320000 0.183200 0.246800 0.266300 0.252600 0.314400 0.214400 0.216500 0.000000 0.213300 0.252200
Bushbuck 0.066100 0.397500 0.031300 0.232200 0.031200 0.066100 0.061400 0.031600 0.000100 0.288600 0.031900 0.093400 0.065100 0.061400 0.062100 0.134100 0.218100 0.214200 0.032000 0.000000 0.065500 0.031900 0.174600 0.168600 0.031700 0.103300 0.032200 0.000000 0.065500 0.031500 0.174600 0.061400 0.375300 0.032200 0.031900 0.126400 0.066800 0.061900 0.102200 0.176000 0.176000 0.103300 0.218400 0.203200 0.136300 0.063100 0.102200 0.031000 0.031400 0.213300 0.000000 0.062900
GreaterKud 0.066000 0.399700 0.031400 0.253500 0.031100 0.066000 0.061600 0.031600 0.062900 0.290200 0.031800 0.093700 0.065300 0.061600 0.062300 0.134500 0.219200 0.214800 0.031800 0.062900 0.065700 0.031800 0.175500 0.168900 0.031500 0.103800 0.032000 0.062900 0.065700 0.030700 0.175500 0.061600 0.377200 0.032000 0.031800 0.126500 0.066800 0.062100 0.102300 0.176900 0.176900 0.103800 0.219600 0.203900 0.136500 0.062900 0.102300 0.030900 0.031400 0.252200 0.062900 0.000000
