1
52 1
Argali 0.000000 0.272800 0.084600 0.247400 0.064000 0.004400 0.054200 0.068200 0.089400 0.106400 0.017800 0.066300 0.026700 0.049600 0.060900 0.069900 0.095900 0.113000 0.020000 0.086600 0.068700 0.026600 0.100500 0.101000 0.015600 0.059500 0.028900 0.089200 0.073300 0.091500 0.110800 0.058500 0.103600 0.038100 0.033400 0.075500 0.015600 0.064100 0.079600 0.100400 0.100400 0.068700 0.106300 0.105100 0.077600 0.053800 0.080000 0.063200 0.054100 0.100700 0.084600 0.084100
LesserMous 0.272800 0.000000 0.289800 0.251000 0.269300 0.265400 0.281400 0.287800 0.280300 0.273200 0.278600 0.264200 0.273400 0.281800 0.296000 0.280800 0.241200 0.262700 0.287600 0.278900 0.283400 0.294900 0.261400 0.275700 0.282300 0.275400 0.275900 0.285500 0.279200 0.291800 0.277600 0.295100 0.242900 0.289600 0.279400 0.278900 0.282000 0.273000 0.301600 0.289800 0.245700 0.280600 0.270000 0.285800 0.284100 0.273600 0.297400 0.264200 0.278200 0.283400 0.280200 0.277100
LesserKudu 0.084600 0.289800 0.000000 0.263400 0.108500 0.084300 0.090900 0.093000 0.017300 0.104500 0.089200 0.062800 0.074400 0.086200 0.100000 0.092300 0.094500 0.101700 0.086700 0.015000 0.091400 0.098100 0.108700 0.103700 0.086900 0.084500 0.076600 0.017200 0.096000 0.021600 0.099100 0.095100 0.097200 0.086300 0.086200 0.067200 0.086900 0.106200 0.119100 0.113500 0.106100 0.088900 0.104500 0.110200 0.073900 0.080800 0.102600 0.087500 0.088200 0.079200 0.012900 0.012900
KillerWhal 0.247400 0.251000 0.263400 0.000000 0.245900 0.246500 0.247700 0.256500 0.254400 0.246400 0.253000 0.227600 0.233200 0.242000 0.255100 0.265700 0.214800 0.229400 0.249700 0.253200 0.264800 0.262800 0.223200 0.245300 0.250400 0.241900 0.235700 0.259500 0.257600 0.268300 0.244700 0.248600 0.228300 0.254600 0.230300 0.233100 0.250200 0.240700 0.275500 0.252900 0.222800 0.252700 0.246200 0.255200 0.234900 0.246200 0.268900 0.239600 0.229400 0.251800 0.254400 0.249800
DefassaWat 0.064000 0.269300 0.108500 0.245900 0.000000 0.063700 0.072700 0.077300 0.113500 0.115900 0.063800 0.085100 0.058700 0.068100 0.079400 0.081700 0.091000 0.117600 0.061400 0.105600 0.073200 0.068000 0.115000 0.110500 0.061600 0.068700 0.061000 0.113200 0.077700 0.110500 0.120300 0.076900 0.123100 0.073000 0.061100 0.089600 0.061500 0.013200 0.091200 0.110000 0.104900 0.077900 0.115900 0.112100 0.099000 0.067600 0.087000 0.074700 0.072500 0.115300 0.108500 0.103000
Sheep 0.004400 0.265400 0.084300 0.246500 0.063700 0.000000 0.054000 0.067900 0.089100 0.106000 0.017700 0.066100 0.026600 0.049400 0.060700 0.069700 0.090700 0.112600 0.019900 0.086300 0.068500 0.026500 0.100100 0.100600 0.015300 0.059300 0.028800 0.088800 0.068300 0.091100 0.110400 0.058200 0.098400 0.037900 0.033300 0.075200 0.015500 0.063800 0.079400 0.100000 0.100000 0.068400 0.105900 0.104700 0.077300 0.053600 0.079700 0.062900 0.053900 0.100400 0.084300 0.083800
MaxwellsDu 0.054200 0.281400 0.090900 0.247700 0.072700 0.054000 0.000000 0.076900 0.095800 0.100400 0.054100 0.070400 0.044600 0.017500 0.060300 0.069200 0.095200 0.107200 0.056300 0.092900 0.068100 0.062900 0.099600 0.095100 0.056500 0.058900 0.046800 0.095500 0.072600 0.097800 0.104800 0.026100 0.112400 0.060800 0.051400 0.079500 0.056500 0.063400 0.090700 0.099600 0.094600 0.068000 0.100300 0.101700 0.084100 0.055600 0.074500 0.064900 0.053500 0.097300 0.091000 0.090400
GazellaPrz 0.068200 0.287800 0.093000 0.256500 0.077300 0.067900 0.076900 0.000000 0.097900 0.120100 0.068000 0.070200 0.062900 0.072200 0.074100 0.051200 0.104400 0.119100 0.070300 0.090200 0.044600 0.076900 0.121600 0.114600 0.065800 0.035600 0.065200 0.097600 0.044600 0.102200 0.124400 0.081000 0.109700 0.079500 0.069900 0.079200 0.065700 0.082300 0.057700 0.121500 0.116500 0.044600 0.120000 0.121100 0.086100 0.069300 0.065000 0.067100 0.076600 0.109300 0.093000 0.087700
MountainNy 0.089400 0.280300 0.017300 0.254400 0.113500 0.089100 0.095800 0.097900 0.000000 0.109600 0.099000 0.065200 0.079100 0.091100 0.104900 0.092400 0.104100 0.111300 0.096300 0.010600 0.096300 0.107800 0.113700 0.106700 0.096600 0.089300 0.081400 0.008500 0.100900 0.017200 0.104000 0.099900 0.097200 0.086400 0.091000 0.071900 0.096600 0.111200 0.124100 0.118600 0.111100 0.093700 0.109500 0.113300 0.078700 0.085500 0.107600 0.092300 0.093000 0.081600 0.004300 0.012900
MuntiacusM 0.106400 0.273200 0.104500 0.246400 0.115900 0.106000 0.100400 0.120100 0.109600 0.000000 0.111200 0.088500 0.095500 0.095600 0.117300 0.116600 0.084600 0.091700 0.106000 0.106600 0.105800 0.120300 0.043100 0.038600 0.108800 0.101200 0.097800 0.109200 0.115500 0.114000 0.013200 0.109500 0.094600 0.113100 0.093000 0.097900 0.108700 0.111100 0.139600 0.047700 0.043000 0.110700 0.004400 0.049800 0.104900 0.107000 0.125000 0.114500 0.102600 0.098700 0.104600 0.104000
goat 0.017800 0.278600 0.089200 0.253000 0.063800 0.017700 0.054100 0.068000 0.099000 0.111200 0.000000 0.066200 0.031100 0.054200 0.065400 0.069800 0.090900 0.117800 0.019700 0.096100 0.073400 0.017600 0.105300 0.105700 0.002200 0.059400 0.033300 0.098700 0.068400 0.101000 0.115600 0.063000 0.108300 0.047200 0.037900 0.075300 0.002200 0.064000 0.084300 0.105200 0.105200 0.068500 0.111100 0.109900 0.082300 0.058300 0.079900 0.067700 0.054000 0.100500 0.094100 0.093500
AfricanBuf 0.066300 0.264200 0.062800 0.227600 0.085100 0.066100 0.070400 0.070200 0.065200 0.088500 0.066200 0.000000 0.061100 0.065700 0.081800 0.074200 0.083600 0.095500 0.068400 0.064900 0.075500 0.075100 0.090200 0.088200 0.063900 0.061500 0.063300 0.065000 0.075300 0.071900 0.088000 0.074600 0.083900 0.077700 0.058700 0.031100 0.066100 0.080500 0.093500 0.100000 0.090100 0.070700 0.088400 0.094800 0.037800 0.072200 0.086800 0.074600 0.070200 0.075600 0.060500 0.062500
Topi 0.026700 0.273400 0.074400 0.233200 0.058700 0.026600 0.044600 0.062900 0.079100 0.095500 0.031100 0.061100 0.000000 0.035500 0.051200 0.064700 0.080900 0.097600 0.024300 0.076400 0.058800 0.035400 0.085000 0.085400 0.028900 0.045000 0.002200 0.078900 0.063300 0.081200 0.094900 0.048800 0.088300 0.015100 0.024100 0.070100 0.028900 0.058800 0.076600 0.089800 0.084900 0.049400 0.095400 0.091900 0.072300 0.044200 0.069900 0.053400 0.039900 0.080400 0.074400 0.074000
CommonDuik 0.049600 0.281800 0.086200 0.242000 0.068100 0.049400 0.017500 0.072200 0.091100 0.095600 0.054200 0.065700 0.035500 0.000000 0.060400 0.069300 0.095200 0.102500 0.047100 0.088200 0.063400 0.058300 0.089900 0.090300 0.051900 0.054300 0.037700 0.090800 0.067900 0.093100 0.099900 0.021700 0.102800 0.051600 0.046900 0.074800 0.051900 0.063500 0.086000 0.094700 0.085000 0.063400 0.095500 0.096900 0.079400 0.051100 0.074600 0.060300 0.053600 0.087700 0.086300 0.085800
Suni 0.060900 0.296000 0.100000 0.255100 0.079400 0.060700 0.060300 0.074100 0.104900 0.117300 0.065400 0.081800 0.051200 0.060400 0.000000 0.068900 0.104300 0.121300 0.058400 0.102000 0.070000 0.069500 0.111400 0.109300 0.063200 0.058600 0.053400 0.104600 0.067500 0.106900 0.121600 0.073800 0.119300 0.067500 0.053500 0.091000 0.063100 0.070100 0.090200 0.113700 0.106300 0.067600 0.117200 0.115800 0.097900 0.062200 0.078800 0.078500 0.069400 0.111500 0.100100 0.099500
Springbuck 0.069900 0.280800 0.092300 0.265700 0.081700 0.069700 0.069200 0.051200 0.092400 0.116600 0.069800 0.074200 0.064700 0.069300 0.068900 0.000000 0.107000 0.126700 0.074500 0.089500 0.051500 0.081100 0.113300 0.111400 0.072300 0.033300 0.066900 0.092100 0.028700 0.096800 0.118500 0.083000 0.109100 0.071800 0.069400 0.083400 0.072200 0.079300 0.073900 0.118200 0.108200 0.042200 0.116600 0.117900 0.090400 0.059300 0.053400 0.064100 0.071400 0.109500 0.087600 0.087000
Okapi 0.095900 0.241200 0.094500 0.214800 0.091000 0.090700 0.095200 0.104400 0.104100 0.084600 0.090900 0.083600 0.080900 0.095200 0.104300 0.107000 0.000000 0.045600 0.093200 0.096400 0.093300 0.099800 0.086300 0.074700 0.093400 0.096000 0.083100 0.103800 0.100200 0.108400 0.088900 0.104000 0.089400 0.095300 0.078500 0.092600 0.093300 0.091200 0.123300 0.086200 0.086200 0.100400 0.084500 0.081300 0.094700 0.101600 0.106800 0.099200 0.094900 0.098400 0.099300 0.094000
Giraffe 0.113000 0.262700 0.101700 0.229400 0.117600 0.112600 0.107200 0.119100 0.111300 0.091700 0.117800 0.095500 0.097600 0.102500 0.121300 0.126700 0.045600 0.000000 0.115100 0.103500 0.112600 0.126700 0.098200 0.086500 0.115400 0.108200 0.099800 0.111000 0.119800 0.115700 0.096000 0.116100 0.091900 0.112300 0.100000 0.099800 0.115300 0.117900 0.135600 0.102900 0.093200 0.112600 0.091600 0.097800 0.106700 0.113700 0.124000 0.111200 0.111800 0.100800 0.106400 0.101000
TibetanAnt 0.020000 0.287600 0.086700 0.249700 0.061400 0.019900 0.056300 0.070300 0.096300 0.106000 0.019700 0.068400 0.024300 0.047100 0.058400 0.074500 0.093200 0.115100 0.000000 0.093500 0.070800 0.019800 0.097600 0.103000 0.017600 0.061600 0.026500 0.096000 0.075400 0.098400 0.112800 0.060600 0.105700 0.040200 0.026600 0.077600 0.017800 0.061500 0.086500 0.102500 0.097500 0.070800 0.105900 0.107200 0.079700 0.051300 0.082100 0.065300 0.056200 0.102800 0.091500 0.091000
Sitatunga 0.086600 0.278900 0.015000 0.253200 0.105600 0.086300 0.092900 0.090200 0.010600 0.106600 0.096100 0.064900 0.076400 0.088200 0.102000 0.089500 0.096400 0.103500 0.093500 0.000000 0.093400 0.104900 0.110700 0.103800 0.093800 0.086500 0.078600 0.010700 0.098000 0.015000 0.101100 0.097100 0.094300 0.083600 0.088200 0.064600 0.093700 0.108200 0.116100 0.115500 0.108100 0.090900 0.106500 0.110300 0.071300 0.082800 0.104600 0.082500 0.090200 0.081300 0.006400 0.006400
Oribi 0.068700 0.283400 0.091400 0.264800 0.073200 0.068500 0.068100 0.044600 0.096300 0.105800 0.073400 0.075500 0.058800 0.063400 0.070000 0.051500 0.093300 0.112600 0.070800 0.093400 0.000000 0.077500 0.107400 0.100500 0.071100 0.026800 0.061000 0.096000 0.035700 0.100700 0.110200 0.077000 0.110500 0.075400 0.065800 0.084700 0.071000 0.068600 0.058100 0.107300 0.097400 0.035700 0.105700 0.102100 0.091700 0.065100 0.051600 0.065200 0.072400 0.097800 0.091400 0.090900
BarbaryShe 0.026600 0.294900 0.098100 0.262800 0.068000 0.026500 0.062900 0.076900 0.107800 0.120300 0.017600 0.075100 0.035400 0.058300 0.069500 0.081100 0.099800 0.126700 0.019800 0.104900 0.077500 0.000000 0.109300 0.114800 0.015400 0.068300 0.037500 0.107500 0.077200 0.109800 0.124700 0.071800 0.112300 0.051300 0.042100 0.084200 0.015400 0.063400 0.093100 0.114200 0.109200 0.077400 0.120200 0.113900 0.091100 0.062400 0.093500 0.076500 0.067400 0.109500 0.102900 0.102300
Daviddeer 0.100500 0.261400 0.108700 0.223200 0.115000 0.100100 0.099600 0.121600 0.113700 0.043100 0.105300 0.090200 0.085000 0.089900 0.111400 0.113300 0.086300 0.098200 0.097600 0.110700 0.107400 0.109300 0.000000 0.047500 0.102900 0.102800 0.087300 0.113300 0.112100 0.113200 0.047400 0.103700 0.086700 0.102300 0.087400 0.099500 0.102800 0.110200 0.141100 0.049600 0.022200 0.112300 0.043000 0.054100 0.101600 0.101300 0.129200 0.108500 0.101800 0.107900 0.108700 0.108100
Reindeer 0.101000 0.275700 0.103700 0.245300 0.110500 0.100600 0.095100 0.114600 0.106700 0.038600 0.105700 0.088200 0.085400 0.090300 0.109300 0.111400 0.074700 0.086500 0.103000 0.103800 0.100500 0.114800 0.047500 0.000000 0.103400 0.095900 0.087600 0.106400 0.110100 0.111200 0.038400 0.104200 0.094300 0.102700 0.087800 0.097500 0.103300 0.105700 0.134100 0.035900 0.047400 0.100400 0.038500 0.019600 0.104600 0.101700 0.117200 0.109200 0.097300 0.093500 0.101800 0.101200
Ibex 0.015600 0.282300 0.086900 0.250400 0.061600 0.015300 0.056500 0.065800 0.096600 0.108800 0.002200 0.063900 0.028900 0.051900 0.063200 0.072300 0.093400 0.115400 0.017600 0.093800 0.071100 0.015400 0.102900 0.103400 0.000000 0.057100 0.031100 0.096400 0.066100 0.098700 0.113200 0.060800 0.106000 0.044900 0.035700 0.073100 0.000000 0.061700 0.082000 0.102900 0.102800 0.066300 0.108700 0.107500 0.080000 0.056100 0.082400 0.070200 0.056400 0.098200 0.091800 0.091300
GyrantGaze 0.059500 0.275400 0.084500 0.241900 0.068700 0.059300 0.058900 0.035600 0.089300 0.101200 0.059400 0.061500 0.045000 0.054300 0.058600 0.033300 0.096000 0.108200 0.061600 0.086500 0.026800 0.068300 0.102800 0.095900 0.057100 0.000000 0.047200 0.089100 0.026700 0.093800 0.100600 0.067800 0.101200 0.061400 0.056600 0.075400 0.057000 0.064100 0.049100 0.102800 0.097800 0.008800 0.101100 0.102500 0.082400 0.056100 0.042500 0.053900 0.058600 0.086000 0.084500 0.084000
Hartebeest 0.028900 0.275900 0.076600 0.235700 0.061000 0.028800 0.046800 0.065200 0.081400 0.097800 0.033300 0.063300 0.002200 0.037700 0.053400 0.066900 0.083100 0.099800 0.026500 0.078600 0.061000 0.037500 0.087300 0.087600 0.031100 0.047200 0.000000 0.081100 0.065500 0.083400 0.097200 0.051000 0.090500 0.017200 0.026200 0.072400 0.031100 0.061100 0.078800 0.092000 0.087200 0.051600 0.097700 0.094200 0.074500 0.046400 0.072100 0.055600 0.042100 0.082600 0.076600 0.076200
Bongo 0.089200 0.285500 0.017200 0.259500 0.113200 0.088800 0.095500 0.097600 0.008500 0.109200 0.098700 0.065000 0.078900 0.090800 0.104600 0.092100 0.103800 0.111000 0.096000 0.010700 0.096000 0.107500 0.113300 0.106400 0.096400 0.089100 0.081100 0.000000 0.100600 0.017200 0.103700 0.099600 0.096900 0.086100 0.090800 0.071700 0.096300 0.110900 0.123700 0.118200 0.110800 0.093500 0.109200 0.112900 0.078500 0.085300 0.107200 0.092100 0.092800 0.081400 0.004200 0.012800
Gerenuk 0.073300 0.279200 0.096000 0.257600 0.077700 0.068300 0.072600 0.044600 0.100900 0.115500 0.068400 0.075300 0.063300 0.067900 0.067500 0.028700 0.100200 0.119800 0.075400 0.098000 0.035700 0.077200 0.112100 0.110100 0.066100 0.026700 0.065500 0.100600 0.000000 0.105400 0.119800 0.081500 0.105400 0.079900 0.070300 0.084500 0.066100 0.073100 0.057900 0.117000 0.102000 0.035600 0.115400 0.116600 0.096200 0.065000 0.051400 0.072100 0.077000 0.105000 0.096000 0.095500
CommonElan 0.091500 0.291800 0.021600 0.268300 0.110500 0.091100 0.097800 0.102200 0.017200 0.114000 0.101000 0.071900 0.081200 0.093100 0.106900 0.096800 0.108400 0.115700 0.098400 0.015000 0.100700 0.109800 0.113200 0.111200 0.098700 0.093800 0.083400 0.017200 0.105400 0.000000 0.108500 0.097100 0.096700 0.088400 0.093100 0.071600 0.098600 0.113200 0.128500 0.113000 0.110600 0.098100 0.113900 0.117700 0.078400 0.087600 0.112000 0.096700 0.095100 0.088500 0.012900 0.017100
MuntiacusR 0.110800 0.277600 0.099100 0.244700 0.120300 0.110400 0.104800 0.124400 0.104000 0.013200 0.115600 0.088000 0.094900 0.099900 0.121600 0.118500 0.088900 0.096000 0.112800 0.101100 0.110200 0.124700 0.047400 0.038400 0.113200 0.100600 0.097200 0.103700 0.119800 0.108500 0.000000 0.113900 0.089200 0.112400 0.097400 0.097300 0.113100 0.115500 0.144000 0.052100 0.047400 0.110000 0.013200 0.049600 0.104300 0.111400 0.132100 0.118800 0.097100 0.093200 0.099100 0.098600
HarveysDui 0.058500 0.295100 0.095100 0.248600 0.076900 0.058200 0.026100 0.081000 0.099900 0.109500 0.063000 0.074600 0.048800 0.021700 0.073800 0.083000 0.104000 0.116100 0.060600 0.097100 0.077000 0.071800 0.103700 0.104200 0.060800 0.067800 0.051000 0.099600 0.081500 0.097100 0.113900 0.000000 0.121400 0.065000 0.055600 0.083700 0.060700 0.077100 0.094800 0.103700 0.103600 0.074600 0.109400 0.110700 0.083400 0.064400 0.088200 0.069100 0.067000 0.101500 0.095100 0.094600
Pronghorn 0.103600 0.242900 0.097200 0.228300 0.123100 0.098400 0.112400 0.109700 0.097200 0.094600 0.108300 0.083900 0.088300 0.102800 0.119300 0.109100 0.089400 0.091900 0.105700 0.094300 0.110500 0.112300 0.086700 0.094300 0.106000 0.101200 0.090500 0.096900 0.105400 0.096700 0.089200 0.121400 0.000000 0.100500 0.095500 0.088200 0.105900 0.123300 0.128600 0.101000 0.084100 0.110500 0.094500 0.100800 0.099800 0.109200 0.126900 0.109100 0.097600 0.096300 0.092400 0.091900
BlueWildeb 0.038100 0.289600 0.086300 0.254600 0.073000 0.037900 0.060800 0.079500 0.086400 0.113100 0.047200 0.077700 0.015100 0.051600 0.067500 0.071800 0.095300 0.112300 0.040200 0.083600 0.075400 0.051300 0.102300 0.102700 0.044900 0.061400 0.017200 0.086100 0.079900 0.088400 0.112400 0.065000 0.100500 0.000000 0.039900 0.082100 0.044900 0.075500 0.088600 0.107100 0.102100 0.065800 0.113000 0.109300 0.084200 0.055700 0.081800 0.065100 0.056000 0.097500 0.081600 0.081100
Gemsbok 0.033400 0.279400 0.086200 0.230300 0.061100 0.033300 0.051400 0.069900 0.091000 0.093000 0.037900 0.058700 0.024100 0.046900 0.053500 0.069400 0.078500 0.100000 0.026600 0.088200 0.065800 0.042100 0.087400 0.087800 0.035700 0.056600 0.026200 0.090800 0.070300 0.093100 0.097400 0.055600 0.095500 0.039900 0.000000 0.067800 0.035700 0.061200 0.083700 0.092200 0.087300 0.065700 0.092900 0.094300 0.069900 0.046500 0.076900 0.065000 0.051300 0.090000 0.086200 0.085700
Yak 0.075500 0.278900 0.067200 0.233100 0.089600 0.075200 0.079500 0.079200 0.071900 0.097900 0.075300 0.031100 0.070100 0.074800 0.091000 0.083400 0.092600 0.099800 0.077600 0.064600 0.084700 0.084200 0.099500 0.097500 0.073100 0.075400 0.072400 0.071700 0.084500 0.071600 0.097300 0.083700 0.088200 0.082100 0.067800 0.000000 0.073000 0.092200 0.093000 0.109300 0.099400 0.084600 0.097800 0.104100 0.015100 0.076600 0.091200 0.074200 0.079200 0.085000 0.067200 0.062200
BlueSheep 0.015600 0.282000 0.086900 0.250200 0.061500 0.015500 0.056500 0.065700 0.096600 0.108700 0.002200 0.066100 0.028900 0.051900 0.063100 0.072200 0.093300 0.115300 0.017800 0.093700 0.071000 0.015400 0.102800 0.103300 0.000000 0.057000 0.031100 0.096300 0.066100 0.098600 0.113100 0.060700 0.105900 0.044900 0.035700 0.073000 0.000000 0.061600 0.081900 0.102700 0.102700 0.066200 0.108600 0.107400 0.079900 0.056000 0.082300 0.070100 0.056300 0.098100 0.091700 0.091200
BohorReedb 0.064100 0.273000 0.106200 0.240700 0.013200 0.063800 0.063400 0.082300 0.111200 0.111100 0.064000 0.080500 0.058800 0.063500 0.070100 0.079300 0.091200 0.117900 0.061500 0.108200 0.068600 0.063400 0.110200 0.105700 0.061700 0.064100 0.061100 0.110900 0.073100 0.113200 0.115500 0.077100 0.123300 0.075500 0.061200 0.092200 0.061600 0.000000 0.096200 0.105200 0.100100 0.073300 0.111100 0.107400 0.101600 0.065400 0.080000 0.081900 0.072600 0.110500 0.106300 0.105600
KirksDik 0.079600 0.301600 0.119100 0.275500 0.091200 0.079400 0.090700 0.057700 0.124100 0.139600 0.084300 0.093500 0.076600 0.086000 0.090200 0.073900 0.123300 0.135600 0.086500 0.116100 0.058100 0.093100 0.141100 0.134100 0.082000 0.049100 0.078800 0.123700 0.057900 0.128500 0.144000 0.094800 0.128600 0.088600 0.083700 0.093000 0.081900 0.096200 0.000000 0.135900 0.125700 0.053500 0.134400 0.135500 0.104700 0.078200 0.069200 0.076000 0.085600 0.118500 0.119100 0.113600
RoeDeer 0.100400 0.289800 0.113500 0.252900 0.110000 0.100000 0.099600 0.121500 0.118600 0.047700 0.105200 0.100000 0.089800 0.094700 0.113700 0.118200 0.086200 0.102900 0.102500 0.115500 0.107300 0.114200 0.049600 0.035900 0.102900 0.102800 0.092000 0.118200 0.117000 0.113000 0.052100 0.103700 0.101000 0.107100 0.092200 0.109300 0.102700 0.105200 0.135900 0.000000 0.047300 0.107200 0.043000 0.047100 0.111400 0.101200 0.129100 0.116000 0.101700 0.107900 0.113600 0.112900
WhiteLippe 0.100400 0.245700 0.106100 0.222800 0.104900 0.100000 0.094600 0.116500 0.111100 0.043000 0.105200 0.090100 0.084900 0.085000 0.106300 0.108200 0.086200 0.093200 0.097500 0.108100 0.097400 0.109200 0.022200 0.047400 0.102800 0.097800 0.087200 0.110800 0.102000 0.110600 0.047400 0.103600 0.084100 0.102100 0.087300 0.099400 0.102700 0.100100 0.125700 0.047300 0.000000 0.102200 0.038300 0.058700 0.106400 0.091500 0.119000 0.103500 0.096800 0.107700 0.106200 0.105600
ThomsonGaz 0.068700 0.280600 0.088900 0.252700 0.077900 0.068400 0.068000 0.044600 0.093700 0.110700 0.068500 0.070700 0.049400 0.063400 0.067600 0.042200 0.100400 0.112600 0.070800 0.090900 0.035700 0.077400 0.112300 0.100400 0.066300 0.008800 0.051600 0.093500 0.035600 0.098100 0.110000 0.074600 0.110500 0.065800 0.065700 0.084600 0.066200 0.073300 0.053500 0.107200 0.102200 0.000000 0.105600 0.106900 0.091600 0.060400 0.051500 0.060600 0.067700 0.090500 0.088900 0.088400
MuntiacusC 0.106300 0.270000 0.104500 0.246200 0.115900 0.105900 0.100300 0.120000 0.109500 0.004400 0.111100 0.088400 0.095400 0.095500 0.117200 0.116600 0.084500 0.091600 0.105900 0.106500 0.105700 0.120200 0.043000 0.038500 0.108700 0.101100 0.097700 0.109200 0.115400 0.113900 0.013200 0.109400 0.094500 0.113000 0.092900 0.097800 0.108600 0.111100 0.134400 0.043000 0.038300 0.105600 0.000000 0.049800 0.104800 0.102000 0.127700 0.114400 0.102500 0.098600 0.104500 0.103900
WhiteTaile 0.105100 0.285800 0.110200 0.255200 0.112100 0.104700 0.101700 0.121100 0.113300 0.049800 0.109900 0.094800 0.091900 0.096900 0.115800 0.117900 0.081300 0.097800 0.107200 0.110300 0.102100 0.113900 0.054100 0.019600 0.107500 0.102500 0.094200 0.112900 0.116600 0.117700 0.049600 0.110700 0.100800 0.109300 0.094300 0.104100 0.107400 0.107400 0.135500 0.047100 0.058700 0.106900 0.049800 0.000000 0.111100 0.108200 0.123700 0.115600 0.103800 0.102600 0.108300 0.107700
Cattle 0.077600 0.284100 0.073900 0.234900 0.099000 0.077300 0.084100 0.086100 0.078700 0.104900 0.082300 0.037800 0.072300 0.079400 0.097900 0.090400 0.094700 0.106700 0.079700 0.071300 0.091700 0.091100 0.101600 0.104600 0.080000 0.082400 0.074500 0.078500 0.096200 0.078400 0.104300 0.083400 0.099800 0.084200 0.069900 0.015100 0.079900 0.101600 0.104700 0.111400 0.106400 0.091600 0.104800 0.111100 0.000000 0.083400 0.098100 0.081000 0.086100 0.096800 0.074000 0.068900
RoyalAntel 0.053800 0.273600 0.080800 0.246200 0.067600 0.053600 0.055600 0.069300 0.085500 0.107000 0.058300 0.072200 0.044200 0.051100 0.062200 0.059300 0.101600 0.113700 0.051300 0.082800 0.065100 0.062400 0.101300 0.101700 0.056100 0.056100 0.046400 0.085300 0.065000 0.087600 0.111400 0.064400 0.109200 0.055700 0.046500 0.076600 0.056000 0.065400 0.078200 0.101200 0.091500 0.060400 0.102000 0.108200 0.083400 0.000000 0.071500 0.064400 0.055400 0.101400 0.080800 0.080400
Steenbok 0.080000 0.297400 0.102600 0.268900 0.087000 0.079700 0.074500 0.065000 0.107600 0.125000 0.079900 0.086800 0.069900 0.074600 0.078800 0.053400 0.106800 0.124000 0.082100 0.104600 0.051600 0.093500 0.129200 0.117200 0.082400 0.042500 0.072100 0.107200 0.051400 0.112000 0.132100 0.088200 0.126900 0.081800 0.076900 0.091200 0.082300 0.080000 0.069200 0.129100 0.119000 0.051500 0.127700 0.123700 0.098100 0.071500 0.000000 0.069300 0.078900 0.116700 0.102700 0.102100
Impala 0.063200 0.264200 0.087500 0.239600 0.074700 0.062900 0.064900 0.067100 0.092300 0.114500 0.067700 0.074600 0.053400 0.060300 0.078500 0.064100 0.099200 0.111200 0.065300 0.082500 0.065200 0.076500 0.108500 0.109200 0.070200 0.053900 0.055600 0.092100 0.072100 0.096700 0.118800 0.069100 0.109100 0.065100 0.065000 0.074200 0.070100 0.081900 0.076000 0.116000 0.103500 0.060600 0.114400 0.115600 0.081000 0.064400 0.069300 0.000000 0.067000 0.093900 0.087600 0.082300
Klipspring 0.054100 0.278200 0.088200 0.229400 0.072500 0.053900 0.053500 0.076600 0.093000 0.102600 0.054000 0.070200 0.039900 0.053600 0.069400 0.071400 0.094900 0.111800 0.056200 0.090200 0.072400 0.067400 0.101800 0.097300 0.056400 0.058600 0.042100 0.092800 0.077000 0.095100 0.097100 0.067000 0.097600 0.056000 0.051300 0.079200 0.056300 0.072600 0.085600 0.101700 0.096800 0.067700 0.102500 0.103800 0.086100 0.055400 0.078900 0.067000 0.000000 0.092100 0.088300 0.087800
ForestMusk 0.100700 0.283400 0.079200 0.251800 0.115300 0.100400 0.097300 0.109300 0.081600 0.098700 0.100500 0.075600 0.080400 0.087700 0.111500 0.109500 0.098400 0.100800 0.102800 0.081300 0.097800 0.109500 0.107900 0.093500 0.098200 0.086000 0.082600 0.081400 0.105000 0.088500 0.093200 0.101500 0.096300 0.097500 0.090000 0.085000 0.098100 0.110500 0.118500 0.107900 0.107700 0.090500 0.098600 0.102600 0.096800 0.101400 0.116700 0.093900 0.092100 0.000000 0.076900 0.078800
Bushbuck 0.084600 0.280200 0.012900 0.254400 0.108500 0.084300 0.091000 0.093000 0.004300 0.104600 0.094100 0.060500 0.074400 0.086300 0.100100 0.087600 0.099300 0.106400 0.091500 0.006400 0.091400 0.102900 0.108700 0.101800 0.091800 0.084500 0.076600 0.004200 0.096000 0.012900 0.099100 0.095100 0.092400 0.081600 0.086200 0.067200 0.091700 0.106300 0.119100 0.113600 0.106200 0.088900 0.104500 0.108300 0.074000 0.080800 0.102700 0.087600 0.088300 0.076900 0.000000 0.008600
GreaterKud 0.084100 0.277100 0.012900 0.249800 0.103000 0.083800 0.090400 0.087700 0.012900 0.104000 0.093500 0.062500 0.074000 0.085800 0.099500 0.087000 0.094000 0.101000 0.091000 0.006400 0.090900 0.102300 0.108100 0.101200 0.091300 0.084000 0.076200 0.012800 0.095500 0.017100 0.098600 0.094600 0.091900 0.081100 0.085700 0.062200 0.091200 0.105600 0.113600 0.112900 0.105600 0.088400 0.103900 0.107700 0.068900 0.080400 0.102100 0.082300 0.087800 0.078800 0.008600 0.000000
