1
52 1
Argali 0.000000 0.302000 0.141100 0.351500 0.080000 0.088500 0.112100 0.104200 0.097300 0.181700 0.007700 0.166900 0.135700 0.137600 0.093300 0.102700 0.203300 0.155200 0.098800 0.128900 0.080200 0.053200 0.140700 0.158300 0.015200 0.117400 0.092400 0.112500 0.111300 0.115700 0.171500 0.137400 0.142200 0.084900 0.128400 0.134700 0.015500 0.096400 0.143600 0.181800 0.152000 0.125200 0.190300 0.135800 0.141500 0.110100 0.071300 0.127200 0.125600 0.231900 0.130400 0.122400
LesserMous 0.302000 0.000000 0.354300 0.463500 0.307600 0.401400 0.317200 0.340200 0.325600 0.352400 0.292500 0.312300 0.411400 0.338200 0.322300 0.334400 0.297000 0.307400 0.334700 0.313400 0.312400 0.299800 0.324200 0.337600 0.301600 0.351600 0.349600 0.324500 0.345900 0.334600 0.359400 0.347200 0.318500 0.320700 0.357200 0.374900 0.301500 0.333800 0.362800 0.354300 0.341800 0.337500 0.384000 0.323700 0.383000 0.334200 0.299500 0.321900 0.330000 0.396600 0.338600 0.339100
LesserKudu 0.141100 0.354300 0.000000 0.390100 0.139400 0.215000 0.193400 0.148800 0.056000 0.192400 0.132600 0.192500 0.227200 0.202100 0.189000 0.146200 0.230900 0.183700 0.192300 0.062400 0.123600 0.161600 0.167900 0.186300 0.123100 0.161900 0.178600 0.054500 0.173400 0.023300 0.199400 0.201300 0.206600 0.170800 0.207700 0.179700 0.140900 0.168300 0.207500 0.208700 0.179900 0.178500 0.219100 0.181400 0.186400 0.171600 0.149500 0.136700 0.169600 0.204600 0.054800 0.047000
KillerWhal 0.351500 0.463500 0.390100 0.000000 0.332600 0.396200 0.411700 0.402600 0.342800 0.388800 0.341900 0.314700 0.351800 0.388600 0.379700 0.395800 0.407200 0.434100 0.359200 0.356200 0.374300 0.347900 0.340900 0.342400 0.350900 0.391700 0.336100 0.349600 0.364400 0.392000 0.395600 0.433200 0.338400 0.348700 0.444000 0.379200 0.350900 0.385100 0.382100 0.376600 0.348900 0.336400 0.399300 0.360700 0.385200 0.403800 0.360600 0.382300 0.357400 0.457200 0.382600 0.386100
DefassaWat 0.080000 0.307600 0.139400 0.332600 0.000000 0.176000 0.095300 0.070900 0.097200 0.148200 0.071900 0.148100 0.161500 0.103400 0.093300 0.054000 0.200900 0.191500 0.114800 0.144600 0.047300 0.085000 0.141300 0.158800 0.079900 0.085100 0.108700 0.111300 0.062100 0.114300 0.138500 0.102900 0.126100 0.101100 0.126700 0.152000 0.063300 0.055300 0.109800 0.144800 0.118300 0.076400 0.156500 0.119200 0.158800 0.077300 0.055000 0.093800 0.092600 0.212400 0.128800 0.120900
Sheep 0.088500 0.401400 0.215000 0.396200 0.176000 0.000000 0.211400 0.184700 0.150200 0.245400 0.097300 0.267200 0.236200 0.220400 0.170400 0.199900 0.290200 0.249100 0.174500 0.181600 0.177400 0.143800 0.219900 0.239300 0.105500 0.216000 0.186700 0.200900 0.209700 0.188100 0.252100 0.238800 0.233400 0.178900 0.227400 0.224500 0.105500 0.195000 0.244600 0.246100 0.233600 0.223200 0.273300 0.216400 0.212800 0.207500 0.166900 0.226600 0.205300 0.241300 0.183800 0.212700
MaxwellsDu 0.112100 0.317200 0.193400 0.411700 0.095300 0.211400 0.000000 0.102700 0.147300 0.196800 0.103900 0.217400 0.202400 0.085700 0.100600 0.101200 0.229900 0.206800 0.145900 0.171500 0.079000 0.132500 0.207500 0.208400 0.111900 0.116400 0.156900 0.162500 0.109800 0.167300 0.186400 0.053500 0.141000 0.149300 0.178500 0.202300 0.095000 0.103700 0.141600 0.215700 0.202400 0.123500 0.205400 0.168300 0.208800 0.108600 0.067700 0.125400 0.123900 0.248000 0.181500 0.173400
GazellaPrz 0.104200 0.340200 0.148800 0.402600 0.070900 0.184700 0.102700 0.000000 0.104700 0.189100 0.096000 0.191400 0.186100 0.110800 0.100600 0.060100 0.229700 0.198700 0.121800 0.153900 0.038000 0.108500 0.199700 0.200500 0.104000 0.074600 0.132300 0.154600 0.069400 0.123400 0.178800 0.110300 0.150100 0.124700 0.144400 0.176400 0.084300 0.079200 0.100500 0.207600 0.176500 0.083400 0.197600 0.160400 0.165800 0.084700 0.045200 0.101100 0.099900 0.220900 0.138000 0.147300
MountainNy 0.097300 0.325600 0.056000 0.342800 0.097200 0.150200 0.147300 0.104700 0.000000 0.182700 0.088800 0.167700 0.180100 0.138100 0.127000 0.102900 0.204300 0.155800 0.131600 0.046700 0.080400 0.118100 0.158500 0.159200 0.080000 0.118300 0.142600 0.063000 0.128700 0.031900 0.172400 0.155000 0.178700 0.135000 0.182000 0.135300 0.096900 0.122900 0.159500 0.164700 0.152600 0.142500 0.191300 0.136500 0.142100 0.127200 0.104200 0.110700 0.109300 0.178100 0.031200 0.055500
MuntiacusM 0.181700 0.352400 0.192400 0.388800 0.148200 0.245400 0.196800 0.189100 0.182700 0.000000 0.173500 0.233200 0.238100 0.204900 0.175900 0.153100 0.226400 0.232900 0.212900 0.196400 0.165200 0.166400 0.094000 0.109700 0.181400 0.184500 0.208100 0.162900 0.161800 0.185000 0.047800 0.222100 0.200900 0.200800 0.230400 0.218000 0.181300 0.190800 0.227800 0.113200 0.103400 0.191300 0.034800 0.088400 0.224700 0.193400 0.155600 0.176900 0.208700 0.175200 0.198600 0.190700
goat 0.007700 0.292500 0.132600 0.341900 0.071900 0.097300 0.103900 0.096000 0.088800 0.173500 0.000000 0.158600 0.127400 0.129200 0.085300 0.091200 0.194400 0.146700 0.091000 0.120600 0.072000 0.045500 0.132600 0.150100 0.007600 0.109900 0.084600 0.104200 0.103200 0.107200 0.163300 0.128600 0.134800 0.077000 0.120100 0.126500 0.007600 0.088200 0.135400 0.173200 0.143700 0.117100 0.181900 0.127500 0.133400 0.102100 0.063300 0.119000 0.117500 0.223100 0.122000 0.114000
AfricanBuf 0.166900 0.312300 0.192500 0.314700 0.148100 0.267200 0.217400 0.191400 0.167700 0.233200 0.158600 0.000000 0.214000 0.207500 0.212800 0.188600 0.272900 0.226200 0.181400 0.196700 0.167300 0.169000 0.191900 0.209800 0.166600 0.203800 0.176600 0.180400 0.180600 0.167700 0.239800 0.224900 0.230000 0.186100 0.205100 0.153300 0.166600 0.193400 0.212900 0.232300 0.186700 0.210500 0.259600 0.223200 0.143500 0.178800 0.175000 0.178900 0.211200 0.282500 0.181200 0.173600
Topi 0.135700 0.411400 0.227200 0.351800 0.161500 0.236200 0.202400 0.186100 0.180100 0.238100 0.127400 0.214000 0.000000 0.220800 0.164600 0.181800 0.283000 0.269100 0.193200 0.221900 0.161700 0.155700 0.213300 0.214200 0.135400 0.198700 0.058700 0.204700 0.175200 0.200800 0.262800 0.219900 0.234500 0.082300 0.192900 0.181600 0.118300 0.178400 0.216600 0.259300 0.198900 0.205500 0.246900 0.209900 0.188000 0.190600 0.160900 0.191200 0.206200 0.280700 0.214700 0.206600
CommonDuik 0.137600 0.338200 0.202100 0.388600 0.103400 0.220400 0.085700 0.110800 0.138100 0.204900 0.129200 0.207500 0.220800 0.000000 0.116200 0.109200 0.228000 0.234500 0.120800 0.188000 0.087000 0.157600 0.215800 0.233800 0.137300 0.124300 0.165000 0.189100 0.117700 0.175900 0.194300 0.044700 0.166300 0.157400 0.160400 0.192500 0.120000 0.111000 0.133000 0.224500 0.192600 0.131300 0.213400 0.194400 0.217100 0.116500 0.094700 0.116600 0.099200 0.237000 0.171900 0.182000
Suni 0.093300 0.322300 0.189000 0.379700 0.093300 0.170400 0.100600 0.100600 0.127000 0.175900 0.085300 0.212800 0.164600 0.116200 0.000000 0.099200 0.214200 0.202300 0.111000 0.141300 0.077400 0.097800 0.185900 0.203800 0.093100 0.114000 0.121100 0.159000 0.107500 0.163600 0.182500 0.132200 0.154500 0.113700 0.157500 0.180500 0.076900 0.101600 0.138700 0.192900 0.180600 0.120900 0.184100 0.164600 0.186800 0.106400 0.068900 0.122800 0.105400 0.223700 0.159900 0.169700
Springbuck 0.102700 0.334400 0.146200 0.395800 0.054000 0.199900 0.101200 0.060100 0.102900 0.153100 0.091200 0.188600 0.181800 0.109200 0.099200 0.000000 0.207200 0.177600 0.120100 0.151300 0.022600 0.106900 0.179700 0.180400 0.083200 0.044400 0.130400 0.134900 0.037500 0.121300 0.143500 0.108700 0.147900 0.122900 0.150500 0.173800 0.085900 0.078000 0.099100 0.186600 0.156900 0.066900 0.161200 0.141200 0.180300 0.083500 0.045800 0.083600 0.082600 0.199400 0.135600 0.127700
Okapi 0.203300 0.297000 0.230900 0.407200 0.200900 0.290200 0.229900 0.229700 0.204300 0.226400 0.194400 0.272900 0.283000 0.228000 0.214200 0.207200 0.000000 0.119800 0.272700 0.197300 0.185000 0.222500 0.228100 0.228900 0.184100 0.223100 0.249300 0.198300 0.236100 0.204200 0.251700 0.227100 0.194400 0.241500 0.291600 0.260900 0.202900 0.212700 0.252300 0.233800 0.204500 0.249200 0.253800 0.206200 0.287000 0.233700 0.193000 0.215400 0.230900 0.267900 0.218100 0.209900
Giraffe 0.155200 0.307400 0.183700 0.434100 0.191500 0.249100 0.206800 0.198700 0.155800 0.232900 0.146700 0.226200 0.269100 0.234500 0.202300 0.177600 0.119800 0.000000 0.205600 0.170100 0.155600 0.174900 0.234300 0.235200 0.137300 0.175400 0.236500 0.153400 0.205200 0.157900 0.231100 0.233500 0.218500 0.228700 0.281700 0.229000 0.154900 0.182200 0.239300 0.263000 0.248200 0.200200 0.260200 0.231100 0.254300 0.203100 0.163400 0.185100 0.200800 0.275400 0.172100 0.164100
TibetanAnt 0.098800 0.334700 0.192300 0.359200 0.114800 0.174500 0.145900 0.121800 0.131600 0.212900 0.091000 0.181400 0.193200 0.120800 0.111000 0.120100 0.272700 0.205600 0.000000 0.179200 0.098900 0.118600 0.189100 0.206700 0.098600 0.134700 0.141400 0.180200 0.128500 0.167400 0.202700 0.153100 0.175400 0.134200 0.169900 0.183900 0.082700 0.123000 0.159300 0.231900 0.201100 0.141500 0.221400 0.185200 0.190200 0.127200 0.106300 0.127300 0.125900 0.226400 0.163900 0.173300
Sitatunga 0.128900 0.313400 0.062400 0.356200 0.144600 0.181600 0.171500 0.153900 0.046700 0.196400 0.120600 0.196700 0.221900 0.188000 0.141300 0.151300 0.197300 0.170100 0.179200 0.000000 0.129200 0.149100 0.172400 0.173100 0.111500 0.166700 0.174000 0.061000 0.178100 0.046700 0.203200 0.205400 0.210400 0.166400 0.230100 0.184200 0.128600 0.173100 0.211500 0.176600 0.184400 0.173900 0.222600 0.168100 0.190700 0.176200 0.137000 0.151300 0.157000 0.208700 0.045700 0.068100
Oribi 0.080200 0.312400 0.123600 0.374300 0.047300 0.177400 0.079000 0.038000 0.080400 0.165200 0.072000 0.167300 0.161700 0.087000 0.077400 0.022600 0.185000 0.155600 0.098900 0.129200 0.000000 0.101400 0.175500 0.176200 0.063400 0.037000 0.108900 0.112700 0.045100 0.098500 0.155200 0.086600 0.126300 0.101300 0.128600 0.152200 0.063400 0.055400 0.077300 0.182400 0.152300 0.060600 0.173600 0.136200 0.159000 0.060400 0.023300 0.061000 0.060900 0.195500 0.113300 0.105400
BarbaryShe 0.053200 0.299800 0.161600 0.347900 0.085000 0.143800 0.132500 0.108500 0.118100 0.166400 0.045500 0.169000 0.155700 0.157600 0.097800 0.106900 0.222500 0.174900 0.118600 0.149100 0.101400 0.000000 0.143800 0.160900 0.051600 0.138000 0.112700 0.132900 0.115300 0.136700 0.173800 0.156900 0.162600 0.105400 0.165500 0.155300 0.053100 0.126000 0.146500 0.183700 0.154800 0.144900 0.175400 0.139100 0.144600 0.130300 0.092500 0.147100 0.145400 0.214500 0.150800 0.142900
Daviddeer 0.140700 0.324200 0.167900 0.340900 0.141300 0.219900 0.207500 0.199700 0.158500 0.094000 0.132600 0.191900 0.213300 0.215800 0.185900 0.179700 0.228100 0.234300 0.189100 0.172400 0.175500 0.143800 0.000000 0.086600 0.138800 0.209700 0.184300 0.139400 0.188700 0.160500 0.100900 0.233300 0.185400 0.176900 0.215500 0.194400 0.140400 0.201600 0.238900 0.090500 0.049900 0.218700 0.101700 0.081700 0.200700 0.203900 0.165600 0.169900 0.219400 0.220000 0.174300 0.166500
Reindeer 0.158300 0.337600 0.186300 0.342400 0.158800 0.239300 0.208400 0.200500 0.159200 0.109700 0.150100 0.209800 0.214200 0.233800 0.203800 0.180400 0.228900 0.235200 0.206700 0.173100 0.176200 0.160900 0.086600 0.000000 0.158000 0.212800 0.185000 0.156800 0.189500 0.161200 0.116600 0.234200 0.186200 0.194800 0.243300 0.195100 0.158000 0.202400 0.221800 0.090900 0.081400 0.202200 0.117500 0.036400 0.202800 0.204700 0.166300 0.205300 0.220200 0.238900 0.175100 0.167100
Ibex 0.015200 0.301600 0.123100 0.350900 0.079900 0.105500 0.111900 0.104000 0.080000 0.181400 0.007600 0.166600 0.135400 0.137300 0.093100 0.083200 0.184100 0.137300 0.098600 0.111500 0.063400 0.051600 0.138800 0.158000 0.000000 0.101200 0.092300 0.095300 0.111000 0.098100 0.171100 0.136700 0.142800 0.084700 0.128200 0.134500 0.015200 0.096200 0.143400 0.181500 0.151600 0.124900 0.189800 0.135500 0.141200 0.109900 0.071200 0.110000 0.108700 0.212600 0.112800 0.104900
GyrantGaze 0.117400 0.351600 0.161900 0.391700 0.085100 0.216000 0.116400 0.074600 0.118300 0.184500 0.109900 0.203800 0.198700 0.124300 0.114000 0.044400 0.223100 0.175400 0.134700 0.166700 0.037000 0.138000 0.209700 0.212800 0.101200 0.000000 0.145300 0.150300 0.067700 0.136900 0.174600 0.123800 0.163000 0.137800 0.165800 0.189000 0.101100 0.093300 0.113900 0.220100 0.189200 0.036200 0.192900 0.173400 0.195400 0.098300 0.060900 0.098400 0.097200 0.232600 0.151000 0.143200
Hartebeest 0.092400 0.349600 0.178600 0.336100 0.108700 0.186700 0.156900 0.132300 0.142600 0.208100 0.084600 0.176600 0.058700 0.165000 0.121100 0.130400 0.249300 0.236500 0.141400 0.174000 0.108900 0.112700 0.184300 0.185000 0.092300 0.145300 0.000000 0.174900 0.122700 0.161900 0.232000 0.164300 0.187000 0.021000 0.139200 0.145400 0.076200 0.123700 0.170500 0.227200 0.161900 0.135800 0.216600 0.180300 0.152500 0.137500 0.116400 0.154400 0.152600 0.239500 0.175700 0.167900
Bongo 0.112500 0.324500 0.054500 0.349600 0.111300 0.200900 0.162500 0.154600 0.063000 0.162900 0.104200 0.180400 0.204700 0.189100 0.159000 0.134900 0.198300 0.153400 0.180200 0.061000 0.112700 0.132900 0.139400 0.156800 0.095300 0.150300 0.174900 0.000000 0.161400 0.046900 0.169800 0.188300 0.175800 0.167200 0.194800 0.167600 0.112200 0.138600 0.176700 0.177600 0.167800 0.157600 0.188400 0.151500 0.174200 0.159700 0.120500 0.125800 0.157900 0.209500 0.060500 0.037400
Gerenuk 0.111300 0.345900 0.173400 0.364400 0.062100 0.209700 0.109800 0.069400 0.128700 0.161800 0.103200 0.180600 0.175200 0.117700 0.107500 0.037500 0.236100 0.205200 0.128500 0.178100 0.045100 0.115300 0.188700 0.189500 0.111000 0.067700 0.122700 0.161400 0.000000 0.148000 0.152100 0.117200 0.156800 0.115200 0.159500 0.165800 0.094300 0.086400 0.107400 0.196000 0.165900 0.074700 0.170000 0.150900 0.172400 0.091600 0.053800 0.108000 0.106700 0.227200 0.162200 0.154200
CommonElan 0.115700 0.334600 0.023300 0.392000 0.114300 0.188100 0.167300 0.123400 0.031900 0.185000 0.107200 0.167700 0.200800 0.175900 0.163600 0.121300 0.204200 0.157900 0.167400 0.046700 0.098500 0.136700 0.160500 0.161200 0.098100 0.136900 0.161900 0.046900 0.148000 0.000000 0.192100 0.175200 0.199200 0.154100 0.200200 0.154500 0.115500 0.142400 0.181600 0.182700 0.154600 0.161700 0.211700 0.155900 0.161300 0.146400 0.124000 0.129300 0.144700 0.197200 0.030700 0.023000
MuntiacusR 0.171500 0.359400 0.199400 0.395600 0.138500 0.252100 0.186400 0.178800 0.172400 0.047800 0.163300 0.239800 0.262800 0.194300 0.182500 0.143500 0.251700 0.231100 0.202700 0.203200 0.155200 0.173800 0.100900 0.116600 0.171100 0.174600 0.232000 0.169800 0.152100 0.192100 0.000000 0.211800 0.174100 0.224700 0.219400 0.207400 0.171100 0.180400 0.217000 0.120300 0.110400 0.181300 0.041600 0.080100 0.231100 0.183200 0.145800 0.166900 0.198300 0.216000 0.205600 0.197600
HarveysDui 0.137400 0.347200 0.201300 0.433200 0.102900 0.238800 0.053500 0.110300 0.155000 0.222100 0.128600 0.224900 0.219900 0.044700 0.132200 0.108700 0.227100 0.233500 0.153100 0.205400 0.086600 0.156900 0.233300 0.234200 0.136700 0.123800 0.164300 0.188300 0.117200 0.175200 0.211800 0.000000 0.165600 0.156700 0.186100 0.209800 0.119500 0.111400 0.132400 0.242600 0.191900 0.130800 0.230900 0.193700 0.216200 0.116000 0.094300 0.132800 0.114900 0.255700 0.189300 0.181200
Pronghorn 0.142200 0.318500 0.206600 0.338400 0.126100 0.233400 0.141000 0.150100 0.178700 0.200900 0.134800 0.230000 0.234500 0.166300 0.154500 0.147900 0.194400 0.218500 0.175400 0.210400 0.126300 0.162600 0.185400 0.186200 0.142800 0.163000 0.187000 0.175800 0.156800 0.199200 0.174100 0.165600 0.000000 0.162600 0.174000 0.233000 0.125700 0.151600 0.171700 0.210200 0.197600 0.153100 0.191700 0.164300 0.239300 0.155100 0.117100 0.155300 0.170400 0.279200 0.212900 0.204800
BlueWildeb 0.084900 0.320700 0.170800 0.348700 0.101100 0.178900 0.149300 0.124700 0.135000 0.200800 0.077000 0.186100 0.082300 0.157400 0.113700 0.122900 0.241500 0.228700 0.134200 0.166400 0.101300 0.105400 0.176900 0.194800 0.084700 0.137800 0.021000 0.167200 0.115200 0.154100 0.224700 0.156700 0.162600 0.000000 0.131600 0.154600 0.068700 0.117100 0.163000 0.219500 0.171400 0.128400 0.209200 0.172800 0.161100 0.130100 0.108800 0.146900 0.145200 0.231900 0.168100 0.160200
Gemsbok 0.128400 0.357200 0.207700 0.444000 0.126700 0.227400 0.178500 0.144400 0.182000 0.230400 0.120100 0.205100 0.192900 0.160400 0.157500 0.150500 0.291600 0.281700 0.169900 0.230100 0.128600 0.165500 0.215500 0.243300 0.128200 0.165800 0.139200 0.194800 0.159500 0.200200 0.219400 0.186100 0.174000 0.131600 0.000000 0.200700 0.111100 0.145100 0.174800 0.267500 0.219000 0.155700 0.239000 0.220800 0.207600 0.141100 0.136300 0.149800 0.173400 0.243300 0.213900 0.206000
Yak 0.134700 0.374900 0.179700 0.379200 0.152000 0.224500 0.202300 0.176400 0.135300 0.218000 0.126500 0.153300 0.181600 0.192500 0.180500 0.173800 0.260900 0.229000 0.183900 0.184200 0.152200 0.155300 0.194400 0.195100 0.134500 0.189000 0.145400 0.167600 0.165800 0.154500 0.207400 0.209800 0.233000 0.154600 0.200700 0.000000 0.134500 0.160400 0.215700 0.238400 0.171900 0.195900 0.226500 0.190600 0.066200 0.181100 0.159900 0.164500 0.179300 0.250700 0.168500 0.160600
BlueSheep 0.015500 0.301500 0.140900 0.350900 0.063300 0.105500 0.095000 0.084300 0.096900 0.181300 0.007600 0.166600 0.118300 0.120000 0.076900 0.085900 0.202900 0.154900 0.082700 0.128600 0.063400 0.053100 0.140400 0.158000 0.015200 0.101100 0.076200 0.112200 0.094300 0.115500 0.171100 0.119500 0.125700 0.068700 0.111100 0.134500 0.000000 0.079500 0.126200 0.181400 0.151600 0.108300 0.189800 0.136600 0.141200 0.093300 0.054900 0.110000 0.108700 0.231400 0.130100 0.122200
BohorReedb 0.096400 0.333800 0.168300 0.385100 0.055300 0.195000 0.103700 0.079200 0.122900 0.190800 0.088200 0.193400 0.178400 0.111000 0.101600 0.078000 0.212700 0.182200 0.123000 0.173100 0.055400 0.126000 0.201600 0.202400 0.096200 0.093300 0.123700 0.138600 0.086400 0.142400 0.180400 0.111400 0.151600 0.117100 0.145100 0.160400 0.079500 0.000000 0.118200 0.209600 0.178200 0.084400 0.199400 0.161900 0.184800 0.085500 0.063200 0.102100 0.100800 0.241600 0.156900 0.148900
KirksDik 0.143600 0.362800 0.207500 0.382100 0.109800 0.244600 0.141600 0.100500 0.159500 0.227800 0.135400 0.212900 0.216600 0.133000 0.138700 0.099100 0.252300 0.239300 0.159300 0.211500 0.077300 0.146500 0.238900 0.221800 0.143400 0.113900 0.170500 0.176700 0.107400 0.181600 0.217000 0.132400 0.171700 0.163000 0.174800 0.215700 0.126200 0.118200 0.000000 0.248300 0.215900 0.104800 0.236500 0.199700 0.222000 0.123000 0.084800 0.139300 0.137700 0.260900 0.195500 0.169700
RoeDeer 0.181800 0.354300 0.208700 0.376600 0.144800 0.246100 0.215700 0.207600 0.164700 0.113200 0.173200 0.232300 0.259300 0.224500 0.192900 0.186600 0.233800 0.263000 0.231900 0.176600 0.182400 0.183700 0.090500 0.090900 0.181500 0.220100 0.227200 0.177600 0.196000 0.182700 0.120300 0.242600 0.210200 0.219500 0.267500 0.238400 0.181400 0.209600 0.248300 0.000000 0.084100 0.227100 0.121300 0.068800 0.244700 0.193500 0.172000 0.212400 0.209600 0.245400 0.178700 0.188600
WhiteLippe 0.152000 0.341800 0.179900 0.348900 0.118300 0.233600 0.202400 0.176500 0.152600 0.103400 0.143700 0.186700 0.198900 0.192600 0.180600 0.156900 0.204500 0.248200 0.201100 0.184400 0.152300 0.154800 0.049900 0.081400 0.151600 0.189200 0.161900 0.167800 0.165900 0.154600 0.110400 0.191900 0.197600 0.171400 0.219000 0.171900 0.151600 0.178200 0.215900 0.084100 0.000000 0.196100 0.111300 0.075200 0.177800 0.181200 0.160000 0.181600 0.196600 0.215000 0.168600 0.160700
ThomsonGaz 0.125200 0.337500 0.178500 0.336400 0.076400 0.223200 0.123500 0.083400 0.142500 0.191300 0.117100 0.210500 0.205500 0.131300 0.120900 0.066900 0.249200 0.200200 0.141500 0.173900 0.060600 0.144900 0.218700 0.202200 0.124900 0.036200 0.135800 0.157600 0.074700 0.161700 0.181300 0.130800 0.153100 0.128400 0.155700 0.195900 0.108300 0.084400 0.104800 0.227100 0.196100 0.000000 0.199700 0.182100 0.202200 0.105200 0.068100 0.121500 0.120100 0.258200 0.175600 0.167700
MuntiacusC 0.190300 0.384000 0.219100 0.399300 0.156500 0.273300 0.205400 0.197600 0.191300 0.034800 0.181900 0.259600 0.246900 0.213400 0.184100 0.161200 0.253800 0.260200 0.221400 0.222600 0.173600 0.175400 0.101700 0.117500 0.189800 0.192900 0.216600 0.188400 0.170000 0.211700 0.041600 0.230900 0.191700 0.209200 0.239000 0.226500 0.189800 0.199400 0.236500 0.121300 0.111300 0.199700 0.000000 0.080800 0.250800 0.201800 0.164000 0.186600 0.217100 0.217800 0.225300 0.217000
WhiteTaile 0.135800 0.323700 0.181400 0.360700 0.119200 0.216400 0.168300 0.160400 0.136500 0.088400 0.127500 0.223200 0.209900 0.194400 0.164600 0.141200 0.206200 0.231100 0.185200 0.168100 0.136200 0.139100 0.081700 0.036400 0.135500 0.173400 0.180300 0.151500 0.150900 0.155900 0.080100 0.193700 0.164300 0.172800 0.220800 0.190600 0.136600 0.161900 0.199700 0.068800 0.075200 0.182100 0.080800 0.000000 0.197000 0.165300 0.126700 0.165800 0.180800 0.216700 0.170000 0.162000
Cattle 0.141500 0.383000 0.186400 0.385200 0.158800 0.212800 0.208800 0.165800 0.142100 0.224700 0.133400 0.143500 0.188000 0.217100 0.186800 0.180300 0.287000 0.254300 0.190200 0.190700 0.159000 0.144600 0.200700 0.202800 0.141200 0.195400 0.152500 0.174200 0.172400 0.161300 0.231100 0.216200 0.239300 0.161100 0.207600 0.066200 0.141200 0.184800 0.222000 0.244700 0.177800 0.202200 0.250800 0.197000 0.000000 0.170600 0.166600 0.171000 0.185700 0.257500 0.175100 0.167300
RoyalAntel 0.110100 0.334200 0.171600 0.403800 0.077300 0.207500 0.108600 0.084700 0.127200 0.193400 0.102100 0.178800 0.190600 0.116500 0.106400 0.083500 0.233700 0.203100 0.127200 0.176200 0.060400 0.130300 0.203900 0.204700 0.109900 0.098300 0.137500 0.159700 0.091600 0.146400 0.183200 0.116000 0.155100 0.130100 0.141100 0.181100 0.093300 0.085500 0.123000 0.193500 0.181200 0.105200 0.201800 0.165300 0.170600 0.000000 0.069100 0.106900 0.105600 0.242900 0.160400 0.152600
Steenbok 0.071300 0.299500 0.149500 0.360600 0.055000 0.166900 0.067700 0.045200 0.104200 0.155600 0.063300 0.175000 0.160900 0.094700 0.068900 0.045800 0.193000 0.163400 0.106300 0.137000 0.023300 0.092500 0.165600 0.166300 0.071200 0.060900 0.116400 0.120500 0.053800 0.124000 0.145800 0.094300 0.117100 0.108800 0.136300 0.159900 0.054900 0.063200 0.084800 0.172000 0.160000 0.068100 0.164000 0.126700 0.166600 0.069100 0.000000 0.085300 0.084300 0.221900 0.138600 0.130600
Impala 0.127200 0.321900 0.136700 0.382300 0.093800 0.226600 0.125400 0.101100 0.110700 0.176900 0.119000 0.178900 0.191200 0.116600 0.122800 0.083600 0.215400 0.185100 0.127300 0.151300 0.061000 0.147100 0.169900 0.205300 0.110000 0.098400 0.154400 0.125800 0.108000 0.129300 0.166900 0.132800 0.155300 0.146900 0.149800 0.164500 0.110000 0.102100 0.139300 0.212400 0.181600 0.121500 0.186600 0.165800 0.171000 0.106900 0.085300 0.000000 0.089900 0.206900 0.143400 0.135700
Klipspring 0.125600 0.330000 0.169600 0.357400 0.092600 0.205300 0.123900 0.099900 0.109300 0.208700 0.117500 0.211200 0.206200 0.099200 0.105400 0.082600 0.230900 0.200800 0.125900 0.157000 0.060900 0.145400 0.219400 0.220200 0.108700 0.097200 0.152600 0.157900 0.106700 0.144700 0.198300 0.114900 0.170400 0.145200 0.173400 0.179300 0.108700 0.100800 0.137700 0.209600 0.196600 0.120100 0.217100 0.180800 0.185700 0.105600 0.084300 0.089900 0.000000 0.222000 0.141500 0.150900
ForestMusk 0.231900 0.396600 0.204600 0.457200 0.212400 0.241300 0.248000 0.220900 0.178100 0.175200 0.223100 0.282500 0.280700 0.237000 0.223700 0.199400 0.267900 0.275400 0.226400 0.208700 0.195500 0.214500 0.220000 0.238900 0.212600 0.232600 0.239500 0.209500 0.227200 0.197200 0.216000 0.255700 0.279200 0.231900 0.243300 0.250700 0.231400 0.241600 0.260900 0.245400 0.215000 0.258200 0.217800 0.216700 0.257500 0.242900 0.221900 0.206900 0.222000 0.000000 0.192900 0.220700
Bushbuck 0.130400 0.338600 0.054800 0.382600 0.128800 0.183800 0.181500 0.138000 0.031200 0.198600 0.122000 0.181200 0.214700 0.171900 0.159900 0.135600 0.218100 0.172100 0.163900 0.045700 0.113300 0.150800 0.174300 0.175100 0.112800 0.151000 0.175700 0.060500 0.162200 0.030700 0.205600 0.189300 0.212900 0.168100 0.213900 0.168500 0.130100 0.156900 0.195500 0.178700 0.168600 0.175600 0.225300 0.170000 0.175100 0.160400 0.138600 0.143400 0.141500 0.192900 0.000000 0.053000
GreaterKud 0.122400 0.339100 0.047000 0.386100 0.120900 0.212700 0.173400 0.147300 0.055500 0.190700 0.114000 0.173600 0.206600 0.182000 0.169700 0.127700 0.209900 0.164100 0.173300 0.068100 0.105400 0.142900 0.166500 0.167100 0.104900 0.143200 0.167900 0.037400 0.154200 0.023000 0.197600 0.181200 0.204800 0.160200 0.206000 0.160600 0.122200 0.148900 0.169700 0.188600 0.160700 0.167700 0.217000 0.162000 0.167300 0.152600 0.130600 0.135700 0.150900 0.220700 0.053000 0.000000
