CODONML (in paml version 4.10.7, June 2023)  /home/rachel/ruminants_paml/6406-phy-tree/ENSBTAT00000038460.fasta.phy
Model: free dN/dS Ratios for branches,  kappa = 2.000 fixed

Codon frequency model: F3x4
ns =  54  ls =  25

Codon usage in sequences
--------------------------------------------------------------------------------------------------------------------------------------
Phe TTT   0   0   0   0   0   1 | Ser TCT   0   0   0   0   0   0 | Tyr TAT   1   1   1   1   1   1 | Cys TGT   0   0   0   0   0   0
    TTC   0   1   0   0   1   0 |     TCC   0   0   0   0   0   0 |     TAC   2   1   2   2   1   1 |     TGC   0   0   0   0   0   0
Leu TTA   0   0   0   0   0   0 |     TCA   0   0   0   0   0   0 | *** TAA   0   0   0   0   0   0 | *** TGA   0   0   0   0   0   0
    TTG   2   2   2   2   1   1 |     TCG   0   0   0   0   0   0 |     TAG   0   0   0   0   0   0 | Trp TGG   1   1   1   1   1   1
--------------------------------------------------------------------------------------------------------------------------------------
Leu CTT   0   0   0   0   0   0 | Pro CCT   0   0   0   0   0   0 | His CAT   0   0   0   0   0   0 | Arg CGT   0   0   0   0   0   0
    CTC   0   0   0   0   0   0 |     CCC   0   0   0   0   0   0 |     CAC   0   0   0   0   0   0 |     CGC   0   0   0   0   0   0
    CTA   0   0   0   0   0   0 |     CCA   0   0   0   0   0   0 | Gln CAA   0   0   0   0   0   0 |     CGA   0   0   0   0   0   0
    CTG   0   0   0   0   1   1 |     CCG   0   0   0   0   0   0 |     CAG   1   1   1   1   1   1 |     CGG   0   0   0   0   0   0
--------------------------------------------------------------------------------------------------------------------------------------
Ile ATT   1   2   1   2   0   1 | Thr ACT   0   0   0   0   0   0 | Asn AAT   0   0   0   0   0   0 | Ser AGT   1   1   1   1   1   1
    ATC   2   2   2   1   3   2 |     ACC   0   0   0   0   0   0 |     AAC   0   0   0   0   0   0 |     AGC   0   0   0   0   1   0
    ATA   0   0   0   0   0   0 |     ACA   0   0   0   1   0   0 | Lys AAA   4   3   4   4   4   4 | Arg AGA   1   1   1   1   1   1
Met ATG   1   1   1   1   2   2 |     ACG   1   1   1   0   0   0 |     AAG   0   1   0   0   0   0 |     AGG   0   0   0   0   0   0
--------------------------------------------------------------------------------------------------------------------------------------
Val GTT   1   0   1   1   1   1 | Ala GCT   0   0   0   0   0   1 | Asp GAT   0   0   0   0   0   0 | Gly GGT   0   0   0   0   0   0
    GTC   0   0   0   0   1   0 |     GCC   2   2   2   2   1   1 |     GAC   0   0   0   0   0   0 |     GGC   0   0   0   0   0   0
    GTA   1   0   1   1   0   0 |     GCA   0   0   0   0   0   1 | Glu GAA   0   0   0   0   0   0 |     GGA   1   0   1   1   0   1
    GTG   0   1   0   0   0   0 |     GCG   0   0   0   0   0   0 |     GAG   1   1   1   1   1   1 |     GGG   1   2   1   1   2   1
--------------------------------------------------------------------------------------------------------------------------------------

--------------------------------------------------------------------------------------------------------------------------------------
Phe TTT   0   0   0   0   0   0 | Ser TCT   0   0   0   0   0   0 | Tyr TAT   1   1   1   1   1   1 | Cys TGT   0   0   0   0   0   0
    TTC   0   0   0   0   0   0 |     TCC   0   0   0   0   0   0 |     TAC   2   2   2   2   2   2 |     TGC   0   0   0   0   0   0
Leu TTA   0   0   0   0   0   1 |     TCA   0   0   0   0   0   0 | *** TAA   0   0   0   0   0   0 | *** TGA   0   0   0   0   0   0
    TTG   2   2   2   2   2   1 |     TCG   0   0   0   0   0   0 |     TAG   0   0   0   0   0   0 | Trp TGG   1   1   1   1   1   1
--------------------------------------------------------------------------------------------------------------------------------------
Leu CTT   0   0   0   0   0   0 | Pro CCT   0   0   0   0   0   0 | His CAT   0   0   0   0   0   0 | Arg CGT   0   0   0   0   0   0
    CTC   0   0   0   0   0   0 |     CCC   0   0   0   0   0   0 |     CAC   0   0   0   0   0   0 |     CGC   0   0   0   0   0   0
    CTA   0   0   0   0   0   0 |     CCA   0   0   0   0   0   0 | Gln CAA   0   0   0   0   0   0 |     CGA   0   0   0   0   0   0
    CTG   0   0   0   0   0   0 |     CCG   0   0   0   0   0   0 |     CAG   1   1   1   1   1   1 |     CGG   0   0   0   0   0   0
--------------------------------------------------------------------------------------------------------------------------------------
Ile ATT   1   1   1   1   1   1 | Thr ACT   0   0   0   0   0   0 | Asn AAT   0   0   0   0   0   0 | Ser AGT   1   1   1   1   1   1
    ATC   2   2   2   2   2   2 |     ACC   0   0   0   0   0   0 |     AAC   0   0   0   0   0   0 |     AGC   0   0   0   0   0   0
    ATA   0   0   0   0   0   0 |     ACA   0   0   0   0   0   0 | Lys AAA   4   4   4   4   4   4 | Arg AGA   1   1   1   1   1   1
Met ATG   1   1   1   1   1   1 |     ACG   1   1   1   1   1   1 |     AAG   0   0   0   0   0   0 |     AGG   0   0   0   0   0   0
--------------------------------------------------------------------------------------------------------------------------------------
Val GTT   1   1   1   1   1   1 | Ala GCT   0   0   0   0   0   0 | Asp GAT   0   0   0   0   0   0 | Gly GGT   0   0   0   0   0   0
    GTC   0   0   0   0   0   0 |     GCC   2   2   2   2   2   2 |     GAC   0   0   0   0   0   0 |     GGC   0   0   0   0   0   0
    GTA   1   1   1   1   1   1 |     GCA   0   0   0   0   0   0 | Glu GAA   0   0   0   0   0   1 |     GGA   1   1   1   1   1   1
    GTG   0   0   0   0   0   0 |     GCG   0   0   0   0   0   0 |     GAG   1   1   1   1   1   0 |     GGG   1   1   1   1   1   1
--------------------------------------------------------------------------------------------------------------------------------------

--------------------------------------------------------------------------------------------------------------------------------------
Phe TTT   0   0   0   0   0   0 | Ser TCT   0   0   0   0   0   0 | Tyr TAT   1   1   1   1   1   1 | Cys TGT   0   0   0   0   0   0
    TTC   0   0   0   0   0   0 |     TCC   0   0   0   0   0   0 |     TAC   2   2   2   2   2   2 |     TGC   0   0   0   0   0   0
Leu TTA   0   0   0   0   0   0 |     TCA   0   0   0   0   0   0 | *** TAA   0   0   0   0   0   0 | *** TGA   0   0   0   0   0   0
    TTG   2   2   2   2   2   2 |     TCG   0   0   0   0   0   0 |     TAG   0   0   0   0   0   0 | Trp TGG   1   1   1   1   1   1
--------------------------------------------------------------------------------------------------------------------------------------
Leu CTT   0   0   0   0   0   0 | Pro CCT   0   0   0   0   0   0 | His CAT   0   0   0   0   0   0 | Arg CGT   0   0   0   0   0   0
    CTC   0   0   0   0   0   0 |     CCC   0   0   0   0   0   0 |     CAC   0   0   0   0   0   0 |     CGC   0   0   0   0   0   0
    CTA   0   0   0   0   0   0 |     CCA   0   0   0   0   0   0 | Gln CAA   0   0   0   0   0   0 |     CGA   0   0   0   0   0   0
    CTG   0   0   0   0   0   0 |     CCG   0   0   0   0   0   0 |     CAG   1   1   1   1   1   1 |     CGG   0   0   0   0   0   0
--------------------------------------------------------------------------------------------------------------------------------------
Ile ATT   1   1   1   1   1   1 | Thr ACT   0   0   0   0   0   0 | Asn AAT   0   0   0   0   0   0 | Ser AGT   1   1   1   1   1   1
    ATC   2   2   2   2   2   2 |     ACC   0   0   0   0   0   0 |     AAC   0   0   0   0   0   0 |     AGC   0   0   0   0   0   0
    ATA   0   0   0   0   0   0 |     ACA   0   0   0   0   0   0 | Lys AAA   4   4   4   4   4   4 | Arg AGA   1   1   1   1   1   1
Met ATG   1   1   1   1   1   1 |     ACG   1   1   1   1   1   1 |     AAG   0   0   0   0   0   0 |     AGG   0   0   0   0   0   0
--------------------------------------------------------------------------------------------------------------------------------------
Val GTT   1   1   1   1   1   1 | Ala GCT   0   0   0   0   0   0 | Asp GAT   0   0   0   0   0   0 | Gly GGT   0   0   0   0   0   0
    GTC   0   0   0   0   0   0 |     GCC   2   2   2   2   2   2 |     GAC   0   0   0   0   0   0 |     GGC   0   0   0   0   0   0
    GTA   1   1   1   1   1   1 |     GCA   0   0   0   0   0   0 | Glu GAA   0   0   0   0   0   0 |     GGA   1   1   1   1   1   2
    GTG   0   0   0   0   0   0 |     GCG   0   0   0   0   0   0 |     GAG   1   1   1   1   1   1 |     GGG   1   1   1   1   1   0
--------------------------------------------------------------------------------------------------------------------------------------

--------------------------------------------------------------------------------------------------------------------------------------
Phe TTT   0   0   0   0   0   0 | Ser TCT   0   0   0   0   0   0 | Tyr TAT   1   1   1   1   1   1 | Cys TGT   0   0   0   0   0   0
    TTC   0   0   0   0   0   0 |     TCC   0   0   0   0   0   0 |     TAC   2   2   2   2   2   2 |     TGC   0   0   0   0   0   0
Leu TTA   0   0   0   0   0   0 |     TCA   0   0   0   0   0   0 | *** TAA   0   0   0   0   0   0 | *** TGA   0   0   0   0   0   0
    TTG   2   2   2   2   2   2 |     TCG   0   0   0   0   0   0 |     TAG   0   0   0   0   0   0 | Trp TGG   1   1   1   1   1   1
--------------------------------------------------------------------------------------------------------------------------------------
Leu CTT   0   0   0   0   0   0 | Pro CCT   0   0   0   0   0   0 | His CAT   0   0   0   0   0   0 | Arg CGT   0   0   0   0   0   0
    CTC   0   0   0   0   0   0 |     CCC   0   0   0   0   0   0 |     CAC   0   0   0   0   0   0 |     CGC   0   0   0   0   0   0
    CTA   0   0   0   0   0   0 |     CCA   0   0   0   0   0   0 | Gln CAA   0   0   0   0   0   0 |     CGA   0   0   0   0   0   0
    CTG   0   0   0   0   0   0 |     CCG   0   0   0   0   0   0 |     CAG   1   1   1   1   1   1 |     CGG   0   0   0   0   0   0
--------------------------------------------------------------------------------------------------------------------------------------
Ile ATT   1   1   1   1   1   0 | Thr ACT   0   0   0   0   0   0 | Asn AAT   0   0   0   0   0   0 | Ser AGT   1   1   1   1   1   1
    ATC   2   2   2   2   2   2 |     ACC   0   0   0   0   0   0 |     AAC   0   0   0   0   0   0 |     AGC   0   0   0   0   0   0
    ATA   1   1   0   0   0   1 |     ACA   0   0   0   0   0   0 | Lys AAA   4   4   4   4   4   4 | Arg AGA   1   1   1   1   1   1
Met ATG   1   2   1   1   1   1 |     ACG   1   0   1   1   1   1 |     AAG   0   0   0   0   0   0 |     AGG   0   0   0   0   0   0
--------------------------------------------------------------------------------------------------------------------------------------
Val GTT   1   1   1   1   1   1 | Ala GCT   0   0   0   0   0   0 | Asp GAT   0   0   0   0   0   0 | Gly GGT   0   0   0   0   0   0
    GTC   0   0   0   0   0   0 |     GCC   2   2   2   2   2   2 |     GAC   0   0   0   0   0   0 |     GGC   0   0   0   0   0   0
    GTA   0   0   1   1   1   1 |     GCA   0   0   0   0   0   0 | Glu GAA   0   0   0   0   0   0 |     GGA   1   1   1   1   1   1
    GTG   0   0   0   0   0   0 |     GCG   0   0   0   0   0   0 |     GAG   1   1   1   1   1   1 |     GGG   1   1   1   1   1   1
--------------------------------------------------------------------------------------------------------------------------------------

--------------------------------------------------------------------------------------------------------------------------------------
Phe TTT   0   0   0   0   0   0 | Ser TCT   0   0   0   0   0   0 | Tyr TAT   1   1   1   1   1   2 | Cys TGT   0   0   0   0   0   0
    TTC   0   0   0   0   0   0 |     TCC   0   0   0   0   0   0 |     TAC   2   2   2   2   2   1 |     TGC   0   0   0   0   0   0
Leu TTA   0   0   0   0   0   0 |     TCA   0   0   0   0   0   0 | *** TAA   0   0   0   0   0   0 | *** TGA   0   0   0   0   0   0
    TTG   2   2   2   2   2   2 |     TCG   0   0   0   0   0   0 |     TAG   0   0   0   0   0   0 | Trp TGG   1   1   1   1   1   1
--------------------------------------------------------------------------------------------------------------------------------------
Leu CTT   0   0   0   0   0   0 | Pro CCT   0   0   0   0   0   0 | His CAT   0   0   0   0   0   0 | Arg CGT   0   0   0   0   0   0
    CTC   0   0   0   0   0   0 |     CCC   0   0   0   0   0   0 |     CAC   0   0   0   0   0   0 |     CGC   0   0   0   0   0   0
    CTA   0   0   0   0   0   0 |     CCA   0   0   0   0   0   0 | Gln CAA   0   0   0   0   0   0 |     CGA   0   0   0   0   0   0
    CTG   0   0   0   0   0   0 |     CCG   0   0   0   0   0   0 |     CAG   1   1   1   1   1   1 |     CGG   0   0   0   0   0   0
--------------------------------------------------------------------------------------------------------------------------------------
Ile ATT   1   1   1   1   1   1 | Thr ACT   0   0   0   0   0   0 | Asn AAT   0   0   0   0   0   0 | Ser AGT   1   1   1   1   1   1
    ATC   2   2   2   2   2   2 |     ACC   0   0   0   0   0   0 |     AAC   0   0   0   0   0   0 |     AGC   0   0   0   0   0   0
    ATA   0   0   0   1   0   0 |     ACA   0   0   0   0   0   0 | Lys AAA   4   4   4   4   4   4 | Arg AGA   1   1   1   1   1   1
Met ATG   1   1   1   1   1   1 |     ACG   1   1   1   1   1   1 |     AAG   0   0   0   0   0   0 |     AGG   0   0   0   0   0   0
--------------------------------------------------------------------------------------------------------------------------------------
Val GTT   1   1   1   1   1   1 | Ala GCT   0   0   0   0   0   0 | Asp GAT   0   0   0   0   0   0 | Gly GGT   0   0   0   0   0   0
    GTC   0   0   0   0   0   0 |     GCC   2   2   2   2   2   2 |     GAC   0   0   0   0   0   0 |     GGC   0   0   0   0   0   0
    GTA   1   1   1   0   1   1 |     GCA   0   0   0   0   0   0 | Glu GAA   0   0   0   0   0   0 |     GGA   1   1   1   1   1   1
    GTG   0   0   0   0   0   0 |     GCG   0   0   0   0   0   0 |     GAG   1   1   1   1   1   1 |     GGG   1   1   1   1   1   1
--------------------------------------------------------------------------------------------------------------------------------------

--------------------------------------------------------------------------------------------------------------------------------------
Phe TTT   0   0   0   0   0   0 | Ser TCT   0   0   0   0   0   0 | Tyr TAT   1   1   1   1   1   1 | Cys TGT   0   0   0   0   0   0
    TTC   0   0   0   0   0   0 |     TCC   0   0   0   0   0   0 |     TAC   2   2   2   2   2   2 |     TGC   0   0   0   0   0   0
Leu TTA   0   0   0   0   0   0 |     TCA   0   0   0   0   0   0 | *** TAA   0   0   0   0   0   0 | *** TGA   0   0   0   0   0   0
    TTG   2   2   2   2   2   2 |     TCG   0   0   0   0   0   0 |     TAG   0   0   0   0   0   0 | Trp TGG   1   1   1   1   1   1
--------------------------------------------------------------------------------------------------------------------------------------
Leu CTT   0   0   0   0   0   0 | Pro CCT   0   0   0   0   0   0 | His CAT   0   0   0   0   0   0 | Arg CGT   0   0   0   0   0   0
    CTC   0   0   0   0   0   0 |     CCC   0   0   0   0   0   0 |     CAC   0   0   0   0   0   0 |     CGC   0   0   0   0   0   0
    CTA   0   0   0   0   0   0 |     CCA   0   0   0   0   0   0 | Gln CAA   0   0   0   0   0   0 |     CGA   0   0   0   0   0   0
    CTG   0   0   0   0   0   0 |     CCG   0   0   0   0   0   0 |     CAG   1   1   1   1   1   1 |     CGG   0   0   0   0   0   0
--------------------------------------------------------------------------------------------------------------------------------------
Ile ATT   1   1   1   1   1   1 | Thr ACT   0   0   0   0   0   0 | Asn AAT   0   0   0   0   0   0 | Ser AGT   1   1   1   1   1   1
    ATC   2   2   2   2   2   2 |     ACC   0   0   0   0   0   0 |     AAC   0   0   0   0   0   0 |     AGC   0   0   0   0   0   0
    ATA   0   0   0   0   0   0 |     ACA   0   0   0   0   0   0 | Lys AAA   4   4   4   4   4   4 | Arg AGA   1   1   1   1   1   1
Met ATG   1   1   1   1   1   1 |     ACG   1   1   1   1   1   1 |     AAG   0   0   0   0   0   0 |     AGG   0   0   0   0   0   0
--------------------------------------------------------------------------------------------------------------------------------------
Val GTT   1   1   1   1   1   1 | Ala GCT   0   0   0   0   0   0 | Asp GAT   0   0   0   0   0   0 | Gly GGT   0   0   0   0   0   0
    GTC   0   0   0   0   0   0 |     GCC   2   2   2   2   2   2 |     GAC   0   0   0   0   0   0 |     GGC   0   0   0   0   0   0
    GTA   1   1   1   1   1   1 |     GCA   0   0   0   0   0   0 | Glu GAA   0   0   0   0   0   0 |     GGA   1   1   1   1   0   1
    GTG   0   0   0   0   0   0 |     GCG   0   0   0   0   0   0 |     GAG   1   1   1   1   1   1 |     GGG   1   1   1   1   2   1
--------------------------------------------------------------------------------------------------------------------------------------

--------------------------------------------------------------------------------------------------------------------------------------
Phe TTT   0   0   0   0   0   0 | Ser TCT   0   0   0   0   0   0 | Tyr TAT   1   1   1   1   1   1 | Cys TGT   0   0   0   0   0   0
    TTC   0   0   0   0   0   0 |     TCC   0   0   0   0   0   0 |     TAC   2   2   2   2   2   2 |     TGC   0   0   0   0   0   0
Leu TTA   0   0   0   0   0   0 |     TCA   0   0   0   0   0   0 | *** TAA   0   0   0   0   0   0 | *** TGA   0   0   0   0   0   0
    TTG   2   2   2   2   2   2 |     TCG   0   0   0   0   0   0 |     TAG   0   0   0   0   0   0 | Trp TGG   1   1   1   1   1   1
--------------------------------------------------------------------------------------------------------------------------------------
Leu CTT   0   0   0   0   0   0 | Pro CCT   0   0   0   0   0   0 | His CAT   0   0   0   0   0   0 | Arg CGT   0   0   0   0   0   0
    CTC   0   0   0   0   0   0 |     CCC   0   0   0   0   0   0 |     CAC   0   0   0   0   0   0 |     CGC   0   0   0   0   0   0
    CTA   0   0   0   0   0   0 |     CCA   0   0   0   0   0   0 | Gln CAA   0   0   0   0   0   0 |     CGA   0   0   0   0   0   0
    CTG   0   0   0   0   0   0 |     CCG   0   0   0   0   0   0 |     CAG   1   1   1   1   1   1 |     CGG   0   0   0   0   0   0
--------------------------------------------------------------------------------------------------------------------------------------
Ile ATT   1   1   0   1   1   1 | Thr ACT   0   0   0   0   0   0 | Asn AAT   0   0   0   0   0   0 | Ser AGT   1   1   1   1   1   1
    ATC   2   2   3   2   2   2 |     ACC   0   0   0   0   0   0 |     AAC   0   0   0   0   0   0 |     AGC   0   0   0   0   0   0
    ATA   0   0   1   0   0   0 |     ACA   0   0   0   0   0   1 | Lys AAA   4   4   4   4   4   4 | Arg AGA   0   1   1   1   1   1
Met ATG   1   1   1   1   1   1 |     ACG   1   1   1   1   1   0 |     AAG   0   0   0   0   0   0 |     AGG   1   0   0   0   0   0
--------------------------------------------------------------------------------------------------------------------------------------
Val GTT   1   1   1   1   1   1 | Ala GCT   0   0   0   0   0   0 | Asp GAT   0   0   0   0   0   0 | Gly GGT   0   0   0   0   0   0
    GTC   0   0   0   0   0   0 |     GCC   2   2   2   2   2   2 |     GAC   0   0   0   0   0   0 |     GGC   0   0   0   0   0   0
    GTA   1   1   0   1   1   1 |     GCA   0   0   0   0   0   0 | Glu GAA   0   0   0   0   0   0 |     GGA   1   1   1   1   1   1
    GTG   0   0   0   0   0   0 |     GCG   1   0   0   0   0   0 |     GAG   1   1   1   1   1   1 |     GGG   0   1   1   1   1   1
--------------------------------------------------------------------------------------------------------------------------------------

--------------------------------------------------------------------------------------------------------------------------------------
Phe TTT   0   0   0   0   0   0 | Ser TCT   0   0   0   0   0   0 | Tyr TAT   1   1   1   1   1   1 | Cys TGT   0   0   0   0   0   0
    TTC   0   0   0   0   0   0 |     TCC   0   0   0   0   0   0 |     TAC   2   2   2   2   2   2 |     TGC   0   0   0   0   0   0
Leu TTA   0   0   1   0   0   0 |     TCA   0   0   0   0   0   0 | *** TAA   0   0   0   0   0   0 | *** TGA   0   0   0   0   0   0
    TTG   2   2   1   2   2   1 |     TCG   0   0   0   0   0   0 |     TAG   0   0   0   0   0   0 | Trp TGG   1   1   1   1   1   1
--------------------------------------------------------------------------------------------------------------------------------------
Leu CTT   0   0   0   0   0   0 | Pro CCT   0   0   0   0   0   0 | His CAT   0   0   0   0   0   0 | Arg CGT   0   0   0   0   0   0
    CTC   0   0   0   0   0   0 |     CCC   0   0   0   0   0   0 |     CAC   0   0   0   0   0   0 |     CGC   0   0   0   0   0   0
    CTA   0   0   0   0   0   0 |     CCA   0   0   0   0   0   0 | Gln CAA   0   0   0   0   0   0 |     CGA   0   0   0   0   0   0
    CTG   0   0   0   0   0   1 |     CCG   0   0   0   0   0   0 |     CAG   1   1   1   1   1   1 |     CGG   0   0   0   0   0   0
--------------------------------------------------------------------------------------------------------------------------------------
Ile ATT   1   1   1   1   1   1 | Thr ACT   0   0   0   0   0   0 | Asn AAT   0   0   0   0   0   0 | Ser AGT   1   1   1   1   1   1
    ATC   2   2   2   2   2   2 |     ACC   0   0   0   0   0   0 |     AAC   0   0   0   0   0   0 |     AGC   0   0   0   0   0   0
    ATA   0   0   0   0   0   0 |     ACA   0   0   0   0   0   0 | Lys AAA   4   4   4   4   4   4 | Arg AGA   1   1   1   1   1   0
Met ATG   1   1   1   1   1   1 |     ACG   1   1   1   1   1   1 |     AAG   0   0   0   0   0   0 |     AGG   0   0   0   0   0   1
--------------------------------------------------------------------------------------------------------------------------------------
Val GTT   1   1   1   1   1   1 | Ala GCT   0   0   0   0   0   0 | Asp GAT   0   0   0   0   0   0 | Gly GGT   0   0   0   0   0   1
    GTC   0   0   0   0   0   0 |     GCC   2   2   2   2   2   2 |     GAC   0   0   0   0   0   0 |     GGC   0   0   0   0   0   0
    GTA   1   1   1   1   1   1 |     GCA   0   0   0   0   0   0 | Glu GAA   0   0   1   0   0   0 |     GGA   1   1   1   1   1   1
    GTG   0   0   0   0   0   0 |     GCG   0   0   0   0   0   0 |     GAG   1   1   0   1   1   1 |     GGG   1   1   1   1   1   0
--------------------------------------------------------------------------------------------------------------------------------------

--------------------------------------------------------------------------------------------------------------------------------------
Phe TTT   0   0   0   0   0   0 | Ser TCT   0   0   0   0   0   0 | Tyr TAT   1   1   1   1   2   2 | Cys TGT   0   0   0   0   0   0
    TTC   0   0   0   0   0   0 |     TCC   0   0   0   0   0   0 |     TAC   2   2   2   2   1   1 |     TGC   0   0   0   0   0   0
Leu TTA   0   0   0   0   0   0 |     TCA   0   0   0   0   0   0 | *** TAA   0   0   0   0   0   0 | *** TGA   0   0   0   0   0   0
    TTG   2   2   2   2   2   2 |     TCG   0   0   0   0   0   0 |     TAG   0   0   0   0   0   0 | Trp TGG   1   1   1   1   1   1
--------------------------------------------------------------------------------------------------------------------------------------
Leu CTT   0   0   0   0   0   0 | Pro CCT   0   0   0   0   0   0 | His CAT   0   0   0   0   0   0 | Arg CGT   0   0   0   0   0   0
    CTC   0   0   0   0   0   0 |     CCC   0   0   0   0   0   0 |     CAC   0   0   0   0   0   0 |     CGC   0   0   0   0   0   0
    CTA   0   0   0   0   0   0 |     CCA   0   0   0   0   0   0 | Gln CAA   0   0   0   0   0   0 |     CGA   0   0   0   0   0   0
    CTG   0   0   0   0   0   0 |     CCG   0   0   0   0   0   0 |     CAG   1   1   1   1   1   1 |     CGG   0   0   0   0   0   0
--------------------------------------------------------------------------------------------------------------------------------------
Ile ATT   1   1   1   2   1   1 | Thr ACT   0   0   0   0   0   0 | Asn AAT   0   0   0   0   0   0 | Ser AGT   1   1   1   1   1   1
    ATC   2   2   2   1   2   2 |     ACC   0   0   0   0   0   0 |     AAC   0   0   0   0   0   0 |     AGC   0   0   0   0   0   0
    ATA   0   0   0   0   0   0 |     ACA   0   0   0   1   0   0 | Lys AAA   4   4   4   4   4   4 | Arg AGA   1   1   1   1   1   1
Met ATG   1   1   1   1   1   1 |     ACG   1   1   1   0   1   1 |     AAG   0   0   0   0   0   0 |     AGG   0   0   0   0   0   0
--------------------------------------------------------------------------------------------------------------------------------------
Val GTT   0   1   1   1   1   1 | Ala GCT   0   0   0   0   0   0 | Asp GAT   0   0   0   0   0   0 | Gly GGT   0   0   0   0   0   0
    GTC   0   0   0   0   0   0 |     GCC   2   2   2   2   2   2 |     GAC   0   0   0   0   0   0 |     GGC   0   0   0   0   0   0
    GTA   1   1   1   1   1   1 |     GCA   0   0   0   0   0   0 | Glu GAA   0   0   0   0   0   0 |     GGA   1   1   1   1   1   1
    GTG   1   0   0   0   0   0 |     GCG   1   0   0   0   0   0 |     GAG   1   1   1   1   1   1 |     GGG   0   1   1   1   1   1
--------------------------------------------------------------------------------------------------------------------------------------

Codon position x base (3x4) table for each sequence.

#1: Argali         
position  1:    T:0.24000    C:0.04000    A:0.44000    G:0.28000
position  2:    T:0.32000    C:0.12000    A:0.36000    G:0.20000
position  3:    T:0.16000    C:0.24000    A:0.28000    G:0.32000
Average         T:0.24000    C:0.13333    A:0.36000    G:0.26667

#2: LesserMouseDeer
position  1:    T:0.24000    C:0.04000    A:0.48000    G:0.24000
position  2:    T:0.36000    C:0.12000    A:0.32000    G:0.20000
position  3:    T:0.16000    C:0.24000    A:0.16000    G:0.44000
Average         T:0.25333    C:0.13333    A:0.32000    G:0.29333

#3: LesserKudu     
position  1:    T:0.24000    C:0.04000    A:0.44000    G:0.28000
position  2:    T:0.32000    C:0.12000    A:0.36000    G:0.20000
position  3:    T:0.16000    C:0.24000    A:0.28000    G:0.32000
Average         T:0.24000    C:0.13333    A:0.36000    G:0.26667

#4: ForestMuskDeer2
position  1:    T:0.24000    C:0.04000    A:0.44000    G:0.28000
position  2:    T:0.32000    C:0.12000    A:0.36000    G:0.20000
position  3:    T:0.20000    C:0.20000    A:0.32000    G:0.28000
Average         T:0.25333    C:0.12000    A:0.37333    G:0.25333

#5: Camel          
position  1:    T:0.20000    C:0.08000    A:0.48000    G:0.24000
position  2:    T:0.40000    C:0.04000    A:0.32000    G:0.24000
position  3:    T:0.12000    C:0.32000    A:0.20000    G:0.36000
Average         T:0.24000    C:0.14667    A:0.33333    G:0.28000

#6: KillerWhale    
position  1:    T:0.20000    C:0.08000    A:0.44000    G:0.28000
position  2:    T:0.36000    C:0.12000    A:0.32000    G:0.20000
position  3:    T:0.24000    C:0.16000    A:0.28000    G:0.32000
Average         T:0.26667    C:0.12000    A:0.34667    G:0.26667

#7: DefassaWaterbuck
position  1:    T:0.24000    C:0.04000    A:0.44000    G:0.28000
position  2:    T:0.32000    C:0.12000    A:0.36000    G:0.20000
position  3:    T:0.16000    C:0.24000    A:0.28000    G:0.32000
Average         T:0.24000    C:0.13333    A:0.36000    G:0.26667

#8: Sheep          
position  1:    T:0.24000    C:0.04000    A:0.44000    G:0.28000
position  2:    T:0.32000    C:0.12000    A:0.36000    G:0.20000
position  3:    T:0.16000    C:0.24000    A:0.28000    G:0.32000
Average         T:0.24000    C:0.13333    A:0.36000    G:0.26667

#9: MaxwellsDuiker 
position  1:    T:0.24000    C:0.04000    A:0.44000    G:0.28000
position  2:    T:0.32000    C:0.12000    A:0.36000    G:0.20000
position  3:    T:0.16000    C:0.24000    A:0.28000    G:0.32000
Average         T:0.24000    C:0.13333    A:0.36000    G:0.26667

#10: GazellaPrzewalskyi
position  1:    T:0.24000    C:0.04000    A:0.44000    G:0.28000
position  2:    T:0.32000    C:0.12000    A:0.36000    G:0.20000
position  3:    T:0.16000    C:0.24000    A:0.28000    G:0.32000
Average         T:0.24000    C:0.13333    A:0.36000    G:0.26667

#11: MountainNyala  
position  1:    T:0.24000    C:0.04000    A:0.44000    G:0.28000
position  2:    T:0.32000    C:0.12000    A:0.36000    G:0.20000
position  3:    T:0.16000    C:0.24000    A:0.28000    G:0.32000
Average         T:0.24000    C:0.13333    A:0.36000    G:0.26667

#12: MuntiacusMuntjak
position  1:    T:0.24000    C:0.04000    A:0.44000    G:0.28000
position  2:    T:0.32000    C:0.12000    A:0.36000    G:0.20000
position  3:    T:0.16000    C:0.24000    A:0.36000    G:0.24000
Average         T:0.24000    C:0.13333    A:0.38667    G:0.24000

#13: goat           
position  1:    T:0.24000    C:0.04000    A:0.44000    G:0.28000
position  2:    T:0.32000    C:0.12000    A:0.36000    G:0.20000
position  3:    T:0.16000    C:0.24000    A:0.28000    G:0.32000
Average         T:0.24000    C:0.13333    A:0.36000    G:0.26667

#14: AfricanBuffalo 
position  1:    T:0.24000    C:0.04000    A:0.44000    G:0.28000
position  2:    T:0.32000    C:0.12000    A:0.36000    G:0.20000
position  3:    T:0.16000    C:0.24000    A:0.28000    G:0.32000
Average         T:0.24000    C:0.13333    A:0.36000    G:0.26667

#15: Topi           
position  1:    T:0.24000    C:0.04000    A:0.44000    G:0.28000
position  2:    T:0.32000    C:0.12000    A:0.36000    G:0.20000
position  3:    T:0.16000    C:0.24000    A:0.28000    G:0.32000
Average         T:0.24000    C:0.13333    A:0.36000    G:0.26667

#16: CommonDuiker   
position  1:    T:0.24000    C:0.04000    A:0.44000    G:0.28000
position  2:    T:0.32000    C:0.12000    A:0.36000    G:0.20000
position  3:    T:0.16000    C:0.24000    A:0.28000    G:0.32000
Average         T:0.24000    C:0.13333    A:0.36000    G:0.26667

#17: Suni           
position  1:    T:0.24000    C:0.04000    A:0.44000    G:0.28000
position  2:    T:0.32000    C:0.12000    A:0.36000    G:0.20000
position  3:    T:0.16000    C:0.24000    A:0.28000    G:0.32000
Average         T:0.24000    C:0.13333    A:0.36000    G:0.26667

#18: Springbuck     
position  1:    T:0.24000    C:0.04000    A:0.44000    G:0.28000
position  2:    T:0.32000    C:0.12000    A:0.36000    G:0.20000
position  3:    T:0.16000    C:0.24000    A:0.32000    G:0.28000
Average         T:0.24000    C:0.13333    A:0.37333    G:0.25333

#19: Okapi          
position  1:    T:0.24000    C:0.04000    A:0.48000    G:0.24000
position  2:    T:0.32000    C:0.12000    A:0.36000    G:0.20000
position  3:    T:0.16000    C:0.24000    A:0.28000    G:0.32000
Average         T:0.24000    C:0.13333    A:0.37333    G:0.25333

#20: Giraffe        
position  1:    T:0.24000    C:0.04000    A:0.48000    G:0.24000
position  2:    T:0.36000    C:0.08000    A:0.36000    G:0.20000
position  3:    T:0.16000    C:0.24000    A:0.28000    G:0.32000
Average         T:0.25333    C:0.12000    A:0.37333    G:0.25333

#21: TibetanAntelope
position  1:    T:0.24000    C:0.04000    A:0.44000    G:0.28000
position  2:    T:0.32000    C:0.12000    A:0.36000    G:0.20000
position  3:    T:0.16000    C:0.24000    A:0.28000    G:0.32000
Average         T:0.24000    C:0.13333    A:0.36000    G:0.26667

#22: Sitatunga      
position  1:    T:0.24000    C:0.04000    A:0.44000    G:0.28000
position  2:    T:0.32000    C:0.12000    A:0.36000    G:0.20000
position  3:    T:0.16000    C:0.24000    A:0.28000    G:0.32000
Average         T:0.24000    C:0.13333    A:0.36000    G:0.26667

#23: Oribi          
position  1:    T:0.24000    C:0.04000    A:0.44000    G:0.28000
position  2:    T:0.32000    C:0.12000    A:0.36000    G:0.20000
position  3:    T:0.16000    C:0.24000    A:0.28000    G:0.32000
Average         T:0.24000    C:0.13333    A:0.36000    G:0.26667

#24: BarbarySheep   
position  1:    T:0.24000    C:0.04000    A:0.44000    G:0.28000
position  2:    T:0.32000    C:0.12000    A:0.36000    G:0.20000
position  3:    T:0.12000    C:0.24000    A:0.32000    G:0.32000
Average         T:0.22667    C:0.13333    A:0.37333    G:0.26667

#25: Daviddeer      
position  1:    T:0.24000    C:0.04000    A:0.44000    G:0.28000
position  2:    T:0.32000    C:0.12000    A:0.36000    G:0.20000
position  3:    T:0.16000    C:0.24000    A:0.28000    G:0.32000
Average         T:0.24000    C:0.13333    A:0.36000    G:0.26667

#26: Reindeer       
position  1:    T:0.24000    C:0.04000    A:0.44000    G:0.28000
position  2:    T:0.32000    C:0.12000    A:0.36000    G:0.20000
position  3:    T:0.16000    C:0.24000    A:0.28000    G:0.32000
Average         T:0.24000    C:0.13333    A:0.36000    G:0.26667

#27: Ibex           
position  1:    T:0.24000    C:0.04000    A:0.44000    G:0.28000
position  2:    T:0.32000    C:0.12000    A:0.36000    G:0.20000
position  3:    T:0.16000    C:0.24000    A:0.28000    G:0.32000
Average         T:0.24000    C:0.13333    A:0.36000    G:0.26667

#28: GyrantGazelle  
position  1:    T:0.24000    C:0.04000    A:0.48000    G:0.24000
position  2:    T:0.32000    C:0.12000    A:0.36000    G:0.20000
position  3:    T:0.16000    C:0.24000    A:0.28000    G:0.32000
Average         T:0.24000    C:0.13333    A:0.37333    G:0.25333

#29: Hartebeest     
position  1:    T:0.24000    C:0.04000    A:0.44000    G:0.28000
position  2:    T:0.32000    C:0.12000    A:0.36000    G:0.20000
position  3:    T:0.16000    C:0.24000    A:0.28000    G:0.32000
Average         T:0.24000    C:0.13333    A:0.36000    G:0.26667

#30: Bongo          
position  1:    T:0.24000    C:0.04000    A:0.44000    G:0.28000
position  2:    T:0.32000    C:0.12000    A:0.36000    G:0.20000
position  3:    T:0.20000    C:0.20000    A:0.28000    G:0.32000
Average         T:0.25333    C:0.12000    A:0.36000    G:0.26667

#31: Gerenuk        
position  1:    T:0.24000    C:0.04000    A:0.44000    G:0.28000
position  2:    T:0.32000    C:0.12000    A:0.36000    G:0.20000
position  3:    T:0.16000    C:0.24000    A:0.28000    G:0.32000
Average         T:0.24000    C:0.13333    A:0.36000    G:0.26667

#32: CommonEland    
position  1:    T:0.24000    C:0.04000    A:0.44000    G:0.28000
position  2:    T:0.32000    C:0.12000    A:0.36000    G:0.20000
position  3:    T:0.16000    C:0.24000    A:0.28000    G:0.32000
Average         T:0.24000    C:0.13333    A:0.36000    G:0.26667

#33: MuntiacusReevesi
position  1:    T:0.24000    C:0.04000    A:0.44000    G:0.28000
position  2:    T:0.32000    C:0.12000    A:0.36000    G:0.20000
position  3:    T:0.16000    C:0.24000    A:0.28000    G:0.32000
Average         T:0.24000    C:0.13333    A:0.36000    G:0.26667

#34: HarveysDuiker  
position  1:    T:0.24000    C:0.04000    A:0.44000    G:0.28000
position  2:    T:0.32000    C:0.12000    A:0.36000    G:0.20000
position  3:    T:0.16000    C:0.24000    A:0.28000    G:0.32000
Average         T:0.24000    C:0.13333    A:0.36000    G:0.26667

#35: Pronghorn      
position  1:    T:0.24000    C:0.04000    A:0.44000    G:0.28000
position  2:    T:0.32000    C:0.12000    A:0.36000    G:0.20000
position  3:    T:0.16000    C:0.24000    A:0.24000    G:0.36000
Average         T:0.24000    C:0.13333    A:0.34667    G:0.28000

#36: BlueWildebeest 
position  1:    T:0.24000    C:0.04000    A:0.44000    G:0.28000
position  2:    T:0.32000    C:0.12000    A:0.36000    G:0.20000
position  3:    T:0.16000    C:0.24000    A:0.28000    G:0.32000
Average         T:0.24000    C:0.13333    A:0.36000    G:0.26667

#37: Gemsbok        
position  1:    T:0.24000    C:0.04000    A:0.44000    G:0.28000
position  2:    T:0.32000    C:0.16000    A:0.36000    G:0.16000
position  3:    T:0.16000    C:0.24000    A:0.24000    G:0.36000
Average         T:0.24000    C:0.14667    A:0.34667    G:0.26667

#38: Yak            
position  1:    T:0.24000    C:0.04000    A:0.44000    G:0.28000
position  2:    T:0.32000    C:0.12000    A:0.36000    G:0.20000
position  3:    T:0.16000    C:0.24000    A:0.28000    G:0.32000
Average         T:0.24000    C:0.13333    A:0.36000    G:0.26667

#39: BlueSheep      
position  1:    T:0.24000    C:0.04000    A:0.48000    G:0.24000
position  2:    T:0.32000    C:0.12000    A:0.36000    G:0.20000
position  3:    T:0.12000    C:0.28000    A:0.28000    G:0.32000
Average         T:0.22667    C:0.14667    A:0.37333    G:0.25333

#40: BohorReedbuck  
position  1:    T:0.24000    C:0.04000    A:0.44000    G:0.28000
position  2:    T:0.32000    C:0.12000    A:0.36000    G:0.20000
position  3:    T:0.16000    C:0.24000    A:0.28000    G:0.32000
Average         T:0.24000    C:0.13333    A:0.36000    G:0.26667

#41: KirksDik       
position  1:    T:0.24000    C:0.04000    A:0.44000    G:0.28000
position  2:    T:0.32000    C:0.12000    A:0.36000    G:0.20000
position  3:    T:0.16000    C:0.24000    A:0.28000    G:0.32000
Average         T:0.24000    C:0.13333    A:0.36000    G:0.26667

#42: RoeDeer        
position  1:    T:0.24000    C:0.04000    A:0.44000    G:0.28000
position  2:    T:0.32000    C:0.12000    A:0.36000    G:0.20000
position  3:    T:0.16000    C:0.24000    A:0.32000    G:0.28000
Average         T:0.24000    C:0.13333    A:0.37333    G:0.25333

#43: WhiteLippedDeer
position  1:    T:0.24000    C:0.04000    A:0.44000    G:0.28000
position  2:    T:0.32000    C:0.12000    A:0.36000    G:0.20000
position  3:    T:0.16000    C:0.24000    A:0.28000    G:0.32000
Average         T:0.24000    C:0.13333    A:0.36000    G:0.26667

#44: ThomsonGazelle 
position  1:    T:0.24000    C:0.04000    A:0.44000    G:0.28000
position  2:    T:0.32000    C:0.12000    A:0.36000    G:0.20000
position  3:    T:0.16000    C:0.24000    A:0.28000    G:0.32000
Average         T:0.24000    C:0.13333    A:0.36000    G:0.26667

#45: MuntiacusCrinifrons
position  1:    T:0.24000    C:0.04000    A:0.44000    G:0.28000
position  2:    T:0.32000    C:0.12000    A:0.36000    G:0.20000
position  3:    T:0.16000    C:0.24000    A:0.36000    G:0.24000
Average         T:0.24000    C:0.13333    A:0.38667    G:0.24000

#46: WhiteTailedDeer
position  1:    T:0.24000    C:0.04000    A:0.44000    G:0.28000
position  2:    T:0.32000    C:0.12000    A:0.36000    G:0.20000
position  3:    T:0.16000    C:0.24000    A:0.28000    G:0.32000
Average         T:0.24000    C:0.13333    A:0.36000    G:0.26667

#47: Cattle         
position  1:    T:0.24000    C:0.04000    A:0.44000    G:0.28000
position  2:    T:0.32000    C:0.12000    A:0.36000    G:0.20000
position  3:    T:0.16000    C:0.24000    A:0.28000    G:0.32000
Average         T:0.24000    C:0.13333    A:0.36000    G:0.26667

#48: RoyalAntelope  
position  1:    T:0.20000    C:0.08000    A:0.44000    G:0.28000
position  2:    T:0.32000    C:0.12000    A:0.36000    G:0.20000
position  3:    T:0.20000    C:0.24000    A:0.24000    G:0.32000
Average         T:0.24000    C:0.14667    A:0.34667    G:0.26667

#49: Steenbok       
position  1:    T:0.24000    C:0.04000    A:0.44000    G:0.28000
position  2:    T:0.32000    C:0.16000    A:0.36000    G:0.16000
position  3:    T:0.12000    C:0.24000    A:0.28000    G:0.36000
Average         T:0.22667    C:0.14667    A:0.36000    G:0.26667

#50: Impala         
position  1:    T:0.24000    C:0.04000    A:0.44000    G:0.28000
position  2:    T:0.32000    C:0.12000    A:0.36000    G:0.20000
position  3:    T:0.16000    C:0.24000    A:0.28000    G:0.32000
Average         T:0.24000    C:0.13333    A:0.36000    G:0.26667

#51: Klipspringer   
position  1:    T:0.24000    C:0.04000    A:0.44000    G:0.28000
position  2:    T:0.32000    C:0.12000    A:0.36000    G:0.20000
