1
52 1
Argali 0.000000 0.506300 0.000000 0.227200 0.028300 0.000000 0.000200 0.057300 0.000000 0.119300 0.000000 0.000000 0.000000 0.027500 0.056700 0.056600 0.087900 0.028300 0.056800 0.000000 0.027400 0.027700 0.055900 0.055900 0.027800 0.000000 0.000000 0.000000 0.000000 0.000000 0.086900 0.000100 0.089700 0.000000 0.027800 0.058400 0.000000 0.028300 0.000000 0.086100 0.055900 0.027700 0.119300 0.055900 0.028200 0.084400 0.160000 0.027800 0.027500 0.056100 0.000000 0.000000
LesserMous 0.506300 0.000000 0.506300 0.630700 0.559400 0.506300 0.497800 0.618400 0.506300 0.575600 0.506300 0.506300 0.506300 0.550200 0.569200 0.626400 0.565200 0.576300 0.554400 0.506300 0.542300 0.501300 0.550000 0.550000 0.501200 0.506300 0.506300 0.506300 0.506300 0.506300 0.513300 0.498500 0.596000 0.506300 0.441600 0.663700 0.506300 0.559400 0.506300 0.614300 0.550000 0.501300 0.575600 0.550000 0.574100 0.598400 0.648000 0.555400 0.441000 0.555500 0.506300 0.506300
LesserKudu 0.000000 0.506300 0.000000 0.227200 0.028300 0.000000 0.000200 0.057300 0.000000 0.119300 0.000000 0.000000 0.000000 0.027500 0.056700 0.056600 0.087900 0.028300 0.056800 0.000000 0.027400 0.027700 0.055900 0.055900 0.027800 0.000000 0.000000 0.000000 0.000000 0.000000 0.086900 0.000100 0.089700 0.000000 0.027800 0.058400 0.000000 0.028300 0.000000 0.086100 0.055900 0.027700 0.119300 0.055900 0.028200 0.084400 0.160000 0.027800 0.027500 0.056100 0.000000 0.000000
KillerWhal 0.227200 0.630700 0.227200 0.000000 0.264900 0.227200 0.224200 0.303200 0.227200 0.254400 0.227200 0.227200 0.227200 0.259300 0.188500 0.228200 0.270600 0.269800 0.305400 0.227200 0.256500 0.226100 0.260500 0.260500 0.261700 0.227200 0.227200 0.227200 0.227200 0.227200 0.230700 0.225300 0.279100 0.227200 0.262400 0.230000 0.227200 0.264900 0.227200 0.286300 0.260500 0.226100 0.254400 0.260500 0.189400 0.294400 0.373300 0.261700 0.260900 0.263400 0.227200 0.227200
DefassaWat 0.028300 0.559400 0.028300 0.264900 0.000000 0.028300 0.027900 0.028300 0.028300 0.153200 0.028300 0.028300 0.028300 0.056400 0.087300 0.087200 0.119700 0.057900 0.087300 0.028300 0.000200 0.056800 0.027600 0.027600 0.057300 0.028300 0.028300 0.028300 0.028300 0.028300 0.118900 0.028000 0.121600 0.028300 0.057200 0.089900 0.028300 0.000000 0.028300 0.056700 0.027600 0.056800 0.153200 0.027600 0.057800 0.055800 0.195800 0.000100 0.056500 0.086200 0.028300 0.028300
Sheep 0.000000 0.506300 0.000000 0.227200 0.028300 0.000000 0.000200 0.057300 0.000000 0.119300 0.000000 0.000000 0.000000 0.027500 0.056700 0.056600 0.087900 0.028300 0.056800 0.000000 0.027400 0.027700 0.055900 0.055900 0.027800 0.000000 0.000000 0.000000 0.000000 0.000000 0.086900 0.000100 0.089700 0.000000 0.027800 0.058400 0.000000 0.028300 0.000000 0.086100 0.055900 0.027700 0.119300 0.055900 0.028200 0.084400 0.160000 0.027800 0.027500 0.056100 0.000000 0.000000
MaxwellsDu 0.000200 0.497800 0.000200 0.224200 0.027900 0.000200 0.000000 0.075500 0.000200 0.118200 0.000200 0.000200 0.000200 0.040600 0.056200 0.056100 0.086800 0.028000 0.075000 0.000200 0.027100 0.027400 0.055400 0.055400 0.027600 0.000200 0.000200 0.000200 0.000200 0.000200 0.086200 0.000300 0.111700 0.000200 0.027500 0.057900 0.000200 0.027900 0.000200 0.085300 0.055400 0.027400 0.118200 0.055400 0.027900 0.083600 0.158200 0.027600 0.027300 0.055400 0.000200 0.000200
GazellaPrz 0.057300 0.618400 0.057300 0.303200 0.028300 0.057300 0.075500 0.000000 0.057300 0.186900 0.057300 0.057300 0.057300 0.085100 0.118000 0.118100 0.152200 0.088000 0.116900 0.057300 0.027400 0.086400 0.056100 0.056100 0.087200 0.057300 0.057300 0.057300 0.057300 0.057300 0.150900 0.056200 0.152400 0.057300 0.087100 0.121500 0.057300 0.028300 0.057300 0.086400 0.056100 0.086400 0.186900 0.056100 0.087900 0.085000 0.231000 0.027900 0.086000 0.116800 0.057300 0.057300
MountainNy 0.000000 0.506300 0.000000 0.227200 0.028300 0.000000 0.000200 0.057300 0.000000 0.119300 0.000000 0.000000 0.000000 0.027500 0.056700 0.056600 0.087900 0.028300 0.056800 0.000000 0.027400 0.027700 0.055900 0.055900 0.027800 0.000000 0.000000 0.000000 0.000000 0.000000 0.086900 0.000100 0.089700 0.000000 0.027800 0.058400 0.000000 0.028300 0.000000 0.086100 0.055900 0.027700 0.119300 0.055900 0.028200 0.084400 0.160000 0.027800 0.027500 0.056100 0.000000 0.000000
MuntiacusM 0.119300 0.575600 0.119300 0.254400 0.153200 0.119300 0.118200 0.186900 0.119300 0.000000 0.119300 0.119300 0.119300 0.149400 0.118800 0.185500 0.155000 0.154100 0.186200 0.119300 0.148400 0.086500 0.116500 0.116500 0.150600 0.119300 0.119300 0.119300 0.119300 0.119300 0.028400 0.118700 0.158800 0.119300 0.150600 0.191200 0.119300 0.153200 0.119300 0.087000 0.116500 0.086500 0.000000 0.116500 0.153500 0.146500 0.316800 0.150600 0.149800 0.108500 0.119300 0.119300
goat 0.000000 0.506300 0.000000 0.227200 0.028300 0.000000 0.000200 0.057300 0.000000 0.119300 0.000000 0.000000 0.000000 0.027500 0.056700 0.056600 0.087900 0.028300 0.056800 0.000000 0.027400 0.027700 0.055900 0.055900 0.027800 0.000000 0.000000 0.000000 0.000000 0.000000 0.086900 0.000100 0.089700 0.000000 0.027800 0.058400 0.000000 0.028300 0.000000 0.086100 0.055900 0.027700 0.119300 0.055900 0.028200 0.084400 0.160000 0.027800 0.027500 0.056100 0.000000 0.000000
AfricanBuf 0.000000 0.506300 0.000000 0.227200 0.028300 0.000000 0.000200 0.057300 0.000000 0.119300 0.000000 0.000000 0.000000 0.027500 0.056700 0.056600 0.087900 0.028300 0.056800 0.000000 0.027400 0.027700 0.055900 0.055900 0.027800 0.000000 0.000000 0.000000 0.000000 0.000000 0.086900 0.000100 0.089700 0.000000 0.027800 0.058400 0.000000 0.028300 0.000000 0.086100 0.055900 0.027700 0.119300 0.055900 0.028200 0.084400 0.160000 0.027800 0.027500 0.056100 0.000000 0.000000
Topi 0.000000 0.506300 0.000000 0.227200 0.028300 0.000000 0.000200 0.057300 0.000000 0.119300 0.000000 0.000000 0.000000 0.027500 0.056700 0.056600 0.087900 0.028300 0.056800 0.000000 0.027400 0.027700 0.055900 0.055900 0.027800 0.000000 0.000000 0.000000 0.000000 0.000000 0.086900 0.000100 0.089700 0.000000 0.027800 0.058400 0.000000 0.028300 0.000000 0.086100 0.055900 0.027700 0.119300 0.055900 0.028200 0.084400 0.160000 0.027800 0.027500 0.056100 0.000000 0.000000
CommonDuik 0.027500 0.550200 0.027500 0.259300 0.056400 0.027500 0.040600 0.085100 0.027500 0.149400 0.027500 0.027500 0.027500 0.000000 0.085100 0.085000 0.116900 0.056400 0.084100 0.027500 0.054700 0.055300 0.084000 0.084000 0.055700 0.027500 0.027500 0.027500 0.027500 0.027500 0.116000 0.027000 0.117500 0.027500 0.055600 0.087400 0.027500 0.056400 0.027500 0.115200 0.084000 0.055300 0.149400 0.084000 0.056300 0.113100 0.189900 0.055700 0.055100 0.084100 0.027500 0.027500
Suni 0.056700 0.569200 0.056700 0.188500 0.087300 0.056700 0.056200 0.118000 0.056700 0.118800 0.056700 0.056700 0.056700 0.085100 0.000000 0.117100 0.152500 0.087500 0.117500 0.056700 0.084600 0.027500 0.055500 0.055500 0.085800 0.056700 0.056700 0.056700 0.056700 0.056700 0.086600 0.056400 0.155500 0.056700 0.085800 0.057100 0.056700 0.087300 0.056700 0.085500 0.055500 0.027500 0.118800 0.055500 0.027700 0.083800 0.229500 0.085800 0.085400 0.056000 0.056700 0.056700
Springbuck 0.056600 0.626400 0.056600 0.228200 0.087200 0.056600 0.056100 0.118100 0.056600 0.185500 0.056600 0.056600 0.056600 0.085000 0.117100 0.000000 0.152000 0.087400 0.117300 0.056600 0.084600 0.085500 0.115100 0.115100 0.085800 0.056600 0.056600 0.056600 0.056600 0.056600 0.149900 0.056300 0.155400 0.056600 0.085700 0.120200 0.056600 0.087200 0.056600 0.148000 0.115100 0.085500 0.185500 0.115100 0.087100 0.144800 0.231500 0.085800 0.085200 0.116000 0.056600 0.056600
Okapi 0.087900 0.565200 0.087900 0.270600 0.119700 0.087900 0.086800 0.152200 0.087900 0.155000 0.087900 0.087900 0.087900 0.116900 0.152500 0.152000 0.000000 0.120900 0.151400 0.087900 0.116300 0.118300 0.149300 0.149300 0.118300 0.087900 0.087900 0.087900 0.087900 0.087900 0.120300 0.087200 0.124100 0.087900 0.118300 0.155900 0.087900 0.119700 0.087900 0.184700 0.149300 0.118300 0.155000 0.149300 0.120600 0.180200 0.272700 0.118300 0.117800 0.086800 0.087900 0.087900
Giraffe 0.028300 0.576300 0.028300 0.269800 0.057900 0.028300 0.028000 0.088000 0.028300 0.154100 0.028300 0.028300 0.028300 0.056400 0.087500 0.087400 0.120900 0.000000 0.087600 0.028300 0.056200 0.051100 0.085900 0.085900 0.057000 0.028300 0.028300 0.028300 0.028300 0.028300 0.119600 0.028100 0.060000 0.028300 0.056900 0.090100 0.028300 0.057900 0.028300 0.117800 0.085900 0.056800 0.154100 0.085900 0.057900 0.115100 0.199000 0.057000 0.056600 0.086500 0.028300 0.028300
TibetanAnt 0.056800 0.554400 0.056800 0.305400 0.087300 0.056800 0.075000 0.116900 0.056800 0.186200 0.056800 0.056800 0.056800 0.084100 0.117500 0.117300 0.151400 0.087600 0.000000 0.056800 0.084700 0.085700 0.115600 0.115600 0.086100 0.056800 0.056800 0.056800 0.056800 0.056800 0.150400 0.055700 0.153100 0.056800 0.086000 0.120800 0.056800 0.087300 0.056800 0.148600 0.115600 0.085700 0.186200 0.115600 0.087400 0.145500 0.231500 0.086100 0.085400 0.115900 0.056800 0.056800
Sitatunga 0.000000 0.506300 0.000000 0.227200 0.028300 0.000000 0.000200 0.057300 0.000000 0.119300 0.000000 0.000000 0.000000 0.027500 0.056700 0.056600 0.087900 0.028300 0.056800 0.000000 0.027400 0.027700 0.055900 0.055900 0.027800 0.000000 0.000000 0.000000 0.000000 0.000000 0.086900 0.000100 0.089700 0.000000 0.027800 0.058400 0.000000 0.028300 0.000000 0.086100 0.055900 0.027700 0.119300 0.055900 0.028200 0.084400 0.160000 0.027800 0.027500 0.056100 0.000000 0.000000
Oribi 0.027400 0.542300 0.027400 0.256500 0.000200 0.027400 0.027100 0.027400 0.027400 0.148400 0.027400 0.027400 0.027400 0.054700 0.084600 0.084600 0.116300 0.056200 0.084700 0.027400 0.000000 0.055100 0.026800 0.026800 0.055500 0.027400 0.027400 0.027400 0.027400 0.027400 0.115300 0.027200 0.118000 0.027400 0.055400 0.087100 0.027400 0.000200 0.027400 0.055000 0.026800 0.055100 0.148400 0.026800 0.056000 0.054000 0.189300 0.000100 0.054900 0.083600 0.027400 0.027400
BarbaryShe 0.027700 0.501300 0.027700 0.226100 0.056800 0.027700 0.027400 0.086400 0.027700 0.086500 0.027700 0.027700 0.027700 0.055300 0.027500 0.085500 0.118300 0.051100 0.085700 0.027700 0.055100 0.000000 0.027100 0.027100 0.055900 0.027700 0.027700 0.027700 0.027700 0.027700 0.056100 0.027500 0.120500 0.027700 0.055800 0.087900 0.027700 0.056800 0.027700 0.055600 0.027100 0.000000 0.086500 0.027100 0.056700 0.054500 0.191600 0.055300 0.055500 0.027200 0.027700 0.027700
Daviddeer 0.055900 0.550000 0.055900 0.260500 0.027600 0.055900 0.055400 0.056100 0.055900 0.116500 0.055900 0.055900 0.055900 0.084000 0.055500 0.115100 0.149300 0.085900 0.115600 0.055900 0.026800 0.027100 0.000000 0.000000 0.084900 0.055900 0.055900 0.055900 0.055900 0.055900 0.084900 0.055600 0.151400 0.055900 0.084700 0.118300 0.055900 0.027600 0.055900 0.027000 0.000000 0.027100 0.116500 0.000000 0.085800 0.026600 0.224800 0.027200 0.084000 0.055100 0.055900 0.055900
Reindeer 0.055900 0.550000 0.055900 0.260500 0.027600 0.055900 0.055400 0.056100 0.055900 0.116500 0.055900 0.055900 0.055900 0.084000 0.055500 0.115100 0.149300 0.085900 0.115600 0.055900 0.026800 0.027100 0.000000 0.000000 0.084900 0.055900 0.055900 0.055900 0.055900 0.055900 0.084900 0.055600 0.151400 0.055900 0.084700 0.118300 0.055900 0.027600 0.055900 0.027000 0.000000 0.027100 0.116500 0.000000 0.085800 0.026600 0.224800 0.027200 0.084000 0.055100 0.055900 0.055900
Ibex 0.027800 0.501200 0.027800 0.261700 0.057300 0.027800 0.027600 0.087200 0.027800 0.150600 0.027800 0.027800 0.027800 0.055700 0.085800 0.085800 0.118300 0.057000 0.086100 0.027800 0.055500 0.055900 0.084900 0.084900 0.000000 0.027800 0.027800 0.027800 0.027800 0.027800 0.117000 0.027600 0.120100 0.027800 0.056200 0.088400 0.027800 0.057300 0.027800 0.116300 0.084900 0.055900 0.150600 0.084900 0.056900 0.114200 0.193200 0.056300 0.055600 0.085100 0.027800 0.027800
GyrantGaze 0.000000 0.506300 0.000000 0.227200 0.028300 0.000000 0.000200 0.057300 0.000000 0.119300 0.000000 0.000000 0.000000 0.027500 0.056700 0.056600 0.087900 0.028300 0.056800 0.000000 0.027400 0.027700 0.055900 0.055900 0.027800 0.000000 0.000000 0.000000 0.000000 0.000000 0.086900 0.000100 0.089700 0.000000 0.027800 0.058400 0.000000 0.028300 0.000000 0.086100 0.055900 0.027700 0.119300 0.055900 0.028200 0.084400 0.160000 0.027800 0.027500 0.056100 0.000000 0.000000
Hartebeest 0.000000 0.506300 0.000000 0.227200 0.028300 0.000000 0.000200 0.057300 0.000000 0.119300 0.000000 0.000000 0.000000 0.027500 0.056700 0.056600 0.087900 0.028300 0.056800 0.000000 0.027400 0.027700 0.055900 0.055900 0.027800 0.000000 0.000000 0.000000 0.000000 0.000000 0.086900 0.000100 0.089700 0.000000 0.027800 0.058400 0.000000 0.028300 0.000000 0.086100 0.055900 0.027700 0.119300 0.055900 0.028200 0.084400 0.160000 0.027800 0.027500 0.056100 0.000000 0.000000
Bongo 0.000000 0.506300 0.000000 0.227200 0.028300 0.000000 0.000200 0.057300 0.000000 0.119300 0.000000 0.000000 0.000000 0.027500 0.056700 0.056600 0.087900 0.028300 0.056800 0.000000 0.027400 0.027700 0.055900 0.055900 0.027800 0.000000 0.000000 0.000000 0.000000 0.000000 0.086900 0.000100 0.089700 0.000000 0.027800 0.058400 0.000000 0.028300 0.000000 0.086100 0.055900 0.027700 0.119300 0.055900 0.028200 0.084400 0.160000 0.027800 0.027500 0.056100 0.000000 0.000000
Gerenuk 0.000000 0.506300 0.000000 0.227200 0.028300 0.000000 0.000200 0.057300 0.000000 0.119300 0.000000 0.000000 0.000000 0.027500 0.056700 0.056600 0.087900 0.028300 0.056800 0.000000 0.027400 0.027700 0.055900 0.055900 0.027800 0.000000 0.000000 0.000000 0.000000 0.000000 0.086900 0.000100 0.089700 0.000000 0.027800 0.058400 0.000000 0.028300 0.000000 0.086100 0.055900 0.027700 0.119300 0.055900 0.028200 0.084400 0.160000 0.027800 0.027500 0.056100 0.000000 0.000000
CommonElan 0.000000 0.506300 0.000000 0.227200 0.028300 0.000000 0.000200 0.057300 0.000000 0.119300 0.000000 0.000000 0.000000 0.027500 0.056700 0.056600 0.087900 0.028300 0.056800 0.000000 0.027400 0.027700 0.055900 0.055900 0.027800 0.000000 0.000000 0.000000 0.000000 0.000000 0.086900 0.000100 0.089700 0.000000 0.027800 0.058400 0.000000 0.028300 0.000000 0.086100 0.055900 0.027700 0.119300 0.055900 0.028200 0.084400 0.160000 0.027800 0.027500 0.056100 0.000000 0.000000
MuntiacusR 0.086900 0.513300 0.086900 0.230700 0.118900 0.086900 0.086200 0.150900 0.086900 0.028400 0.086900 0.086900 0.086900 0.116000 0.086600 0.149900 0.120300 0.119600 0.150400 0.086900 0.115300 0.056100 0.084900 0.084900 0.117000 0.086900 0.086900 0.086900 0.086900 0.086900 0.000000 0.086500 0.123100 0.086900 0.116900 0.154300 0.086900 0.118900 0.086900 0.116500 0.084900 0.056100 0.028400 0.084900 0.119200 0.113900 0.271300 0.117000 0.116400 0.085700 0.086900 0.086900
HarveysDui 0.000100 0.498500 0.000100 0.225300 0.028000 0.000100 0.000300 0.056200 0.000100 0.118700 0.000100 0.000100 0.000100 0.027000 0.056400 0.056300 0.087200 0.028100 0.055700 0.000100 0.027200 0.027500 0.055600 0.055600 0.027600 0.000100 0.000100 0.000100 0.000100 0.000100 0.086500 0.000000 0.088000 0.000100 0.027600 0.057900 0.000100 0.028000 0.000100 0.085600 0.055600 0.027500 0.118700 0.055600 0.028000 0.083900 0.157600 0.027600 0.027400 0.055700 0.000100 0.000100
Pronghorn 0.089700 0.596000 0.089700 0.279100 0.121600 0.089700 0.111700 0.152400 0.089700 0.158800 0.089700 0.089700 0.089700 0.117500 0.155500 0.155400 0.124100 0.060000 0.153100 0.089700 0.118000 0.120500 0.151400 0.151400 0.120100 0.089700 0.089700 0.089700 0.089700 0.089700 0.123100 0.088000 0.000000 0.089700 0.120200 0.159800 0.089700 0.121600 0.089700 0.187400 0.151400 0.120500 0.158800 0.151400 0.123100 0.181900 0.284700 0.120100 0.120000 0.153100 0.089700 0.089700
BlueWildeb 0.000000 0.506300 0.000000 0.227200 0.028300 0.000000 0.000200 0.057300 0.000000 0.119300 0.000000 0.000000 0.000000 0.027500 0.056700 0.056600 0.087900 0.028300 0.056800 0.000000 0.027400 0.027700 0.055900 0.055900 0.027800 0.000000 0.000000 0.000000 0.000000 0.000000 0.086900 0.000100 0.089700 0.000000 0.027800 0.058400 0.000000 0.028300 0.000000 0.086100 0.055900 0.027700 0.119300 0.055900 0.028200 0.084400 0.160000 0.027800 0.027500 0.056100 0.000000 0.000000
Gemsbok 0.027800 0.441600 0.027800 0.262400 0.057200 0.027800 0.027500 0.087100 0.027800 0.150600 0.027800 0.027800 0.027800 0.055600 0.085800 0.085700 0.118300 0.056900 0.086000 0.027800 0.055400 0.055800 0.084700 0.084700 0.056200 0.027800 0.027800 0.027800 0.027800 0.027800 0.116900 0.027600 0.120200 0.027800 0.000000 0.088300 0.027800 0.057200 0.027800 0.116100 0.084700 0.055800 0.150600 0.084700 0.056800 0.114000 0.193400 0.056200 0.055600 0.085000 0.027800 0.027800
Yak 0.058400 0.663700 0.058400 0.230000 0.089900 0.058400 0.057900 0.121500 0.058400 0.191200 0.058400 0.058400 0.058400 0.087400 0.057100 0.120200 0.155900 0.090100 0.120800 0.058400 0.087100 0.087900 0.118300 0.118300 0.088400 0.058400 0.058400 0.058400 0.058400 0.058400 0.154300 0.057900 0.159800 0.058400 0.088300 0.000000 0.058400 0.089900 0.058400 0.152400 0.118300 0.087900 0.191200 0.118300 0.028400 0.148900 0.240900 0.088400 0.087500 0.119100 0.058400 0.058400
BlueSheep 0.000000 0.506300 0.000000 0.227200 0.028300 0.000000 0.000200 0.057300 0.000000 0.119300 0.000000 0.000000 0.000000 0.027500 0.056700 0.056600 0.087900 0.028300 0.056800 0.000000 0.027400 0.027700 0.055900 0.055900 0.027800 0.000000 0.000000 0.000000 0.000000 0.000000 0.086900 0.000100 0.089700 0.000000 0.027800 0.058400 0.000000 0.028300 0.000000 0.086100 0.055900 0.027700 0.119300 0.055900 0.028200 0.084400 0.160000 0.027800 0.027500 0.056100 0.000000 0.000000
BohorReedb 0.028300 0.559400 0.028300 0.264900 0.000000 0.028300 0.027900 0.028300 0.028300 0.153200 0.028300 0.028300 0.028300 0.056400 0.087300 0.087200 0.119700 0.057900 0.087300 0.028300 0.000200 0.056800 0.027600 0.027600 0.057300 0.028300 0.028300 0.028300 0.028300 0.028300 0.118900 0.028000 0.121600 0.028300 0.057200 0.089900 0.028300 0.000000 0.028300 0.056700 0.027600 0.056800 0.153200 0.027600 0.057800 0.055800 0.195800 0.000100 0.056500 0.086200 0.028300 0.028300
KirksDik 0.000000 0.506300 0.000000 0.227200 0.028300 0.000000 0.000200 0.057300 0.000000 0.119300 0.000000 0.000000 0.000000 0.027500 0.056700 0.056600 0.087900 0.028300 0.056800 0.000000 0.027400 0.027700 0.055900 0.055900 0.027800 0.000000 0.000000 0.000000 0.000000 0.000000 0.086900 0.000100 0.089700 0.000000 0.027800 0.058400 0.000000 0.028300 0.000000 0.086100 0.055900 0.027700 0.119300 0.055900 0.028200 0.084400 0.160000 0.027800 0.027500 0.056100 0.000000 0.000000
RoeDeer 0.086100 0.614300 0.086100 0.286300 0.056700 0.086100 0.085300 0.086400 0.086100 0.087000 0.086100 0.086100 0.086100 0.115200 0.085500 0.148000 0.184700 0.117800 0.148600 0.086100 0.055000 0.055600 0.027000 0.027000 0.116300 0.086100 0.086100 0.086100 0.086100 0.086100 0.116500 0.085600 0.187400 0.086100 0.116100 0.152400 0.086100 0.056700 0.086100 0.000000 0.027000 0.055600 0.087000 0.027000 0.117700 0.054600 0.265600 0.055800 0.115100 0.073700 0.086100 0.086100
WhiteLippe 0.055900 0.550000 0.055900 0.260500 0.027600 0.055900 0.055400 0.056100 0.055900 0.116500 0.055900 0.055900 0.055900 0.084000 0.055500 0.115100 0.149300 0.085900 0.115600 0.055900 0.026800 0.027100 0.000000 0.000000 0.084900 0.055900 0.055900 0.055900 0.055900 0.055900 0.084900 0.055600 0.151400 0.055900 0.084700 0.118300 0.055900 0.027600 0.055900 0.027000 0.000000 0.027100 0.116500 0.000000 0.085800 0.026600 0.224800 0.027200 0.084000 0.055100 0.055900 0.055900
ThomsonGaz 0.027700 0.501300 0.027700 0.226100 0.056800 0.027700 0.027400 0.086400 0.027700 0.086500 0.027700 0.027700 0.027700 0.055300 0.027500 0.085500 0.118300 0.056800 0.085700 0.027700 0.055100 0.000000 0.027100 0.027100 0.055900 0.027700 0.027700 0.027700 0.027700 0.027700 0.056100 0.027500 0.120500 0.027700 0.055800 0.087900 0.027700 0.056800 0.027700 0.055600 0.027100 0.000000 0.086500 0.027100 0.056700 0.054500 0.191600 0.055900 0.055500 0.027200 0.027700 0.027700
MuntiacusC 0.119300 0.575600 0.119300 0.254400 0.153200 0.119300 0.118200 0.186900 0.119300 0.000000 0.119300 0.119300 0.119300 0.149400 0.118800 0.185500 0.155000 0.154100 0.186200 0.119300 0.148400 0.086500 0.116500 0.116500 0.150600 0.119300 0.119300 0.119300 0.119300 0.119300 0.028400 0.118700 0.158800 0.119300 0.150600 0.191200 0.119300 0.153200 0.119300 0.087000 0.116500 0.086500 0.000000 0.116500 0.153500 0.146500 0.316800 0.150600 0.149800 0.108500 0.119300 0.119800
WhiteTaile 0.055900 0.550000 0.055900 0.260500 0.027600 0.055900 0.055400 0.056100 0.055900 0.116500 0.055900 0.055900 0.055900 0.084000 0.055500 0.115100 0.149300 0.085900 0.115600 0.055900 0.026800 0.027100 0.000000 0.000000 0.084900 0.055900 0.055900 0.055900 0.055900 0.055900 0.084900 0.055600 0.151400 0.055900 0.084700 0.118300 0.055900 0.027600 0.055900 0.027000 0.000000 0.027100 0.116500 0.000000 0.085800 0.026600 0.224800 0.027200 0.084000 0.055100 0.055900 0.055900
Cattle 0.028200 0.574100 0.028200 0.189400 0.057800 0.028200 0.027900 0.087900 0.028200 0.153500 0.028200 0.028200 0.028200 0.056300 0.027700 0.087100 0.120600 0.057900 0.087400 0.028200 0.056000 0.056700 0.085800 0.085800 0.056900 0.028200 0.028200 0.028200 0.028200 0.028200 0.119200 0.028000 0.123100 0.028200 0.056800 0.028400 0.028200 0.057800 0.028200 0.117700 0.085800 0.056700 0.153500 0.085800 0.000000 0.115200 0.196800 0.056900 0.056400 0.086500 0.028200 0.028200
RoyalAntel 0.084400 0.598400 0.084400 0.294400 0.055800 0.084400 0.083600 0.085000 0.084400 0.146500 0.084400 0.084400 0.084400 0.113100 0.083800 0.144800 0.180200 0.115100 0.145500 0.084400 0.054000 0.054500 0.026600 0.026600 0.114200 0.084400 0.084400 0.084400 0.084400 0.084400 0.113900 0.083900 0.181900 0.084400 0.114000 0.148900 0.084400 0.055800 0.084400 0.054600 0.026600 0.054500 0.146500 0.026600 0.115200 0.000000 0.257600 0.054800 0.112800 0.083200 0.084400 0.084400
Steenbok 0.160000 0.648000 0.160000 0.373300 0.195800 0.160000 0.158200 0.231000 0.160000 0.316800 0.160000 0.160000 0.160000 0.189900 0.229500 0.231500 0.272700 0.199000 0.231500 0.160000 0.189300 0.191600 0.224800 0.224800 0.193200 0.160000 0.160000 0.160000 0.160000 0.160000 0.271300 0.157600 0.284700 0.160000 0.193400 0.240900 0.160000 0.195800 0.160000 0.265600 0.224800 0.191600 0.316800 0.224800 0.196800 0.257600 0.000000 0.193200 0.191000 0.225800 0.160000 0.160000
Impala 0.027800 0.555400 0.027800 0.261700 0.000100 0.027800 0.027600 0.027900 0.027800 0.150600 0.027800 0.027800 0.027800 0.055700 0.085800 0.085800 0.118300 0.057000 0.086100 0.027800 0.000100 0.055300 0.027200 0.027200 0.056300 0.027800 0.027800 0.027800 0.027800 0.027800 0.117000 0.027600 0.120100 0.027800 0.056200 0.088400 0.027800 0.000100 0.027800 0.055800 0.027200 0.055900 0.150600 0.027200 0.056900 0.054800 0.193200 0.000000 0.055600 0.085100 0.027800 0.027800
Klipspring 0.027500 0.441000 0.027500 0.260900 0.056500 0.027500 0.027300 0.086000 0.027500 0.149800 0.027500 0.027500 0.027500 0.055100 0.085400 0.085200 0.117800 0.056600 0.085400 0.027500 0.054900 0.055500 0.084000 0.084000 0.055600 0.027500 0.027500 0.027500 0.027500 0.027500 0.116400 0.027400 0.120000 0.027500 0.055600 0.087500 0.027500 0.056500 0.027500 0.115100 0.084000 0.055500 0.149800 0.084000 0.056400 0.112800 0.191000 0.055600 0.000000 0.084600 0.027500 0.027500
ForestMusk 0.056100 0.555500 0.056100 0.263400 0.086200 0.056100 0.055400 0.116800 0.056100 0.108500 0.056100 0.056100 0.056100 0.084100 0.056000 0.116000 0.086800 0.086500 0.115900 0.056100 0.083600 0.027200 0.055100 0.055100 0.085100 0.056100 0.056100 0.056100 0.056100 0.056100 0.085700 0.055700 0.153100 0.056100 0.085000 0.119100 0.056100 0.086200 0.056100 0.073700 0.055100 0.027200 0.108500 0.055100 0.086500 0.083200 0.225800 0.085100 0.084600 0.000000 0.056100 0.056100
Bushbuck 0.000000 0.506300 0.000000 0.227200 0.028300 0.000000 0.000200 0.057300 0.000000 0.119300 0.000000 0.000000 0.000000 0.027500 0.056700 0.056600 0.087900 0.028300 0.056800 0.000000 0.027400 0.027700 0.055900 0.055900 0.027800 0.000000 0.000000 0.000000 0.000000 0.000000 0.086900 0.000100 0.089700 0.000000 0.027800 0.058400 0.000000 0.028300 0.000000 0.086100 0.055900 0.027700 0.119300 0.055900 0.028200 0.084400 0.160000 0.027800 0.027500 0.056100 0.000000 0.000000
GreaterKud 0.000000 0.506300 0.000000 0.227200 0.028300 0.000000 0.000200 0.057300 0.000000 0.119300 0.000000 0.000000 0.000000 0.027500 0.056700 0.056600 0.087900 0.028300 0.056800 0.000000 0.027400 0.027700 0.055900 0.055900 0.027800 0.000000 0.000000 0.000000 0.000000 0.000000 0.086900 0.000100 0.089700 0.000000 0.027800 0.058400 0.000000 0.028300 0.000000 0.086100 0.055900 0.027700 0.119800 0.055900 0.028200 0.084400 0.160000 0.027800 0.027500 0.056100 0.000000 0.000000
