1
52 1
Argali 0.000000 0.412400 0.406400 0.657400 0.000400 0.000000 0.001200 0.000000 0.144000 0.800800 0.000000 0.273000 0.000200 0.368400 0.211200 0.000600 0.155700 0.160200 0.152300 0.144000 0.000200 0.154300 0.424500 0.581000 0.000000 0.205600 0.000200 0.271500 0.205600 0.406400 0.708600 0.000800 0.675700 0.000200 0.000000 0.144000 0.000000 0.174000 0.000800 0.581000 0.755100 0.206400 1.060300 0.581000 0.144000 0.564800 0.205600 0.179200 0.000400 0.214200 0.413700 0.416400
LesserMous 0.412400 0.000000 0.714600 1.048300 0.416600 0.412400 0.371600 0.412400 0.375300 0.981200 0.412400 0.530600 0.413700 0.409000 0.474800 0.396700 0.171400 0.176700 0.604700 0.375300 0.424200 0.622400 0.755100 0.648700 0.412400 0.462400 0.413700 0.525100 0.462400 0.714600 0.857500 0.382100 0.759600 0.413700 0.412400 0.375300 0.412400 0.758400 0.392900 0.648700 0.842200 0.466900 0.576600 0.648700 0.375300 0.668400 0.462400 0.205500 0.411600 1.012200 0.738600 0.727400
LesserKudu 0.406400 0.714600 0.000000 0.696800 0.405700 0.406400 0.364400 0.406400 0.223200 0.491600 0.406400 0.329500 0.405000 0.806100 0.714400 0.398100 0.403000 0.415700 0.547500 0.223200 0.412700 0.559300 0.333400 0.413300 0.406400 0.714600 0.405000 0.095400 0.714600 0.000000 0.452600 0.378000 0.329300 0.405000 0.406400 0.223200 0.406400 0.647700 0.382900 0.413300 0.553100 0.729300 1.264800 0.413300 0.223200 1.069100 0.714600 0.613600 0.408600 0.717700 0.193300 0.000200
KillerWhal 0.657400 1.048300 0.696800 0.000000 0.685400 0.657400 0.620300 0.657400 0.438700 1.032600 0.657400 0.548600 0.668500 1.152700 1.048500 0.620700 0.678700 0.688000 0.808600 0.438700 0.676800 0.818100 0.399500 0.863000 0.657400 1.048300 0.668500 0.547600 1.048300 0.696800 0.951400 0.616900 0.483000 0.668500 0.657400 0.438700 0.657400 1.026700 0.652000 0.863000 0.589300 1.071600 2.739500 0.863000 0.438700 1.652300 1.048300 0.908000 0.664500 1.014800 0.393200 0.707000
DefassaWat 0.000400 0.416600 0.405700 0.685400 0.000000 0.000400 0.001700 0.000400 0.145300 0.753400 0.000400 0.277500 0.000600 0.364300 0.210600 0.001000 0.155600 0.160000 0.153800 0.145300 0.000200 0.158100 0.428000 0.582100 0.000400 0.207800 0.000600 0.272900 0.207800 0.405700 0.667100 0.001200 0.678200 0.000600 0.000400 0.145300 0.000400 0.174100 0.001200 0.582100 0.757200 0.205700 0.965500 0.582100 0.145300 0.550200 0.207800 0.177300 0.000800 0.211900 0.421700 0.411100
Sheep 0.000000 0.412400 0.406400 0.657400 0.000400 0.000000 0.001200 0.000000 0.144000 0.800800 0.000000 0.273000 0.000200 0.368400 0.211200 0.000600 0.155700 0.160200 0.152300 0.144000 0.000200 0.156100 0.424500 0.581000 0.000000 0.205600 0.000200 0.271500 0.205600 0.406400 0.708600 0.000800 0.675700 0.000200 0.000000 0.144000 0.000000 0.174000 0.000800 0.581000 0.755100 0.206400 1.060300 0.581000 0.144000 0.564800 0.205600 0.179200 0.000400 0.214200 0.413700 0.416400
MaxwellsDu 0.001200 0.371600 0.364400 0.620300 0.001700 0.001200 0.000000 0.001200 0.127800 0.910600 0.001200 0.250200 0.001000 0.319100 0.184500 0.001700 0.137000 0.140700 0.136900 0.127800 0.001400 0.138900 0.392500 0.526800 0.001200 0.183900 0.001000 0.244600 0.183900 0.364400 0.761200 0.000800 0.581700 0.001000 0.001200 0.127800 0.001200 0.150900 0.000400 0.526800 0.734600 0.182100 1.178300 0.526800 0.127800 0.484800 0.183900 0.147000 0.001700 0.186700 0.370700 0.368200
GazellaPrz 0.000000 0.412400 0.406400 0.657400 0.000400 0.000000 0.001200 0.000000 0.144000 0.800800 0.000000 0.273000 0.000200 0.368400 0.211200 0.000600 0.155700 0.160200 0.152300 0.144000 0.000200 0.156100 0.424500 0.581000 0.000000 0.205600 0.000200 0.271500 0.205600 0.406400 0.708600 0.000800 0.675700 0.000200 0.000000 0.144000 0.000000 0.174000 0.000800 0.581000 0.755100 0.206400 1.060300 0.581000 0.142300 0.564800 0.205600 0.179200 0.000400 0.214200 0.413700 0.416400
MountainNy 0.144000 0.375300 0.223200 0.438700 0.145300 0.144000 0.127800 0.144000 0.000000 0.356600 0.144000 0.112700 0.144400 0.509300 0.379700 0.140500 0.142800 0.146900 0.284500 0.000000 0.146700 0.291200 0.232300 0.295000 0.144000 0.375300 0.144400 0.112400 0.375300 0.223200 0.326400 0.135300 0.393000 0.144400 0.144000 0.000000 0.144000 0.324600 0.134800 0.295000 0.429300 0.376900 0.971600 0.295000 0.000000 0.736700 0.375300 0.322600 0.143600 0.391300 0.225600 0.229500
MuntiacusM 0.800800 0.981200 0.491600 1.032600 0.753400 0.800800 0.910600 0.800800 0.356600 0.000000 0.800800 0.510900 0.779400 1.062300 0.445300 0.762600 0.762500 0.824200 1.097500 0.356600 0.783400 1.205900 0.290600 0.000600 0.800800 0.458700 0.779400 0.324800 0.458700 0.491600 0.000400 0.676700 0.426000 0.779400 0.800800 0.356600 0.800800 1.385100 1.003300 0.000600 0.136700 0.456800 0.208000 0.000600 0.356600 0.901400 0.458700 0.970000 0.762100 0.963900 0.705500 0.500800
goat 0.000000 0.412400 0.406400 0.657400 0.000400 0.000000 0.001200 0.000000 0.144000 0.800800 0.000000 0.273000 0.000200 0.368400 0.211200 0.000600 0.155700 0.160200 0.152300 0.144000 0.000200 0.156100 0.424500 0.581000 0.000000 0.205600 0.000200 0.271500 0.205600 0.406400 0.708600 0.000800 0.675700 0.000200 0.000000 0.143800 0.000000 0.174000 0.000800 0.581000 0.755100 0.206400 1.060300 0.581000 0.144000 0.564800 0.205600 0.179200 0.000400 0.214200 0.413700 0.416400
AfricanBuf 0.273000 0.530600 0.329500 0.548600 0.277500 0.273000 0.250200 0.273000 0.112700 0.510900 0.273000 0.000000 0.275300 0.669900 0.537600 0.264400 0.273900 0.279700 0.408300 0.112700 0.278800 0.417300 0.340900 0.424600 0.273000 0.530600 0.275300 0.217800 0.530600 0.329500 0.479200 0.262500 0.523700 0.275300 0.273000 0.112700 0.273000 0.473700 0.264000 0.424600 0.561000 0.533400 1.292000 0.424600 0.112700 0.937900 0.530600 0.477300 0.277600 0.547600 0.333500 0.337400
Topi 0.000200 0.413700 0.405000 0.668500 0.000600 0.000200 0.001000 0.000200 0.144400 0.779400 0.000200 0.275300 0.000000 0.365500 0.208700 0.000800 0.154700 0.159200 0.152600 0.144400 0.000400 0.156500 0.434000 0.581900 0.000200 0.206100 0.000000 0.272100 0.206100 0.405000 0.690500 0.000600 0.660000 0.000000 0.000200 0.144400 0.000200 0.172700 0.000600 0.581900 0.784300 0.203900 1.009600 0.581900 0.144400 0.554300 0.206100 0.177000 0.000600 0.212200 0.414700 0.410300
CommonDuik 0.368400 0.409000 0.806100 1.152700 0.364300 0.368400 0.319100 0.368400 0.509300 1.062300 0.368400 0.669900 0.365500 0.000000 0.414500 0.350400 0.550200 0.562600 0.151000 0.509300 0.370500 0.553600 0.899300 0.772000 0.368400 0.409000 0.365500 0.643100 0.409000 0.806100 0.842700 0.319500 0.830100 0.365500 0.368400 0.509300 0.368400 0.646000 0.327000 0.772100 1.004000 0.403300 1.470400 0.772100 0.509300 0.554000 0.409000 0.182100 0.359800 0.812400 0.838300 0.800800
Suni 0.211200 0.474800 0.714400 1.048500 0.210600 0.211200 0.184500 0.211200 0.379700 0.445300 0.211200 0.537600 0.208700 0.414500 0.000000 0.200800 0.422400 0.436500 0.413500 0.379700 0.214500 0.428300 0.753900 0.354600 0.211200 0.000200 0.208700 0.527800 0.000200 0.714400 0.405000 0.193300 0.463100 0.208700 0.211200 0.379700 0.211200 0.504500 0.192000 0.354600 0.501700 0.000400 0.556500 0.354600 0.379700 0.662400 0.000200 0.207300 0.206500 0.655200 0.731700 0.718900
Springbuck 0.000600 0.396700 0.398100 0.620700 0.001000 0.000600 0.001700 0.000600 0.140500 0.762600 0.000600 0.264400 0.000800 0.350400 0.200800 0.000000 0.150900 0.154800 0.148200 0.140500 0.000800 0.144300 0.418300 0.560600 0.000600 0.198800 0.000800 0.268600 0.198800 0.398100 0.678800 0.001500 0.640200 0.000800 0.000600 0.140500 0.000600 0.167300 0.001500 0.560600 0.739100 0.197200 0.988800 0.560600 0.140500 0.526900 0.198800 0.174700 0.001000 0.206600 0.395700 0.403400
Okapi 0.155700 0.171400 0.403000 0.678700 0.155600 0.155700 0.137000 0.155700 0.142800 0.762500 0.155700 0.273900 0.154700 0.550200 0.422400 0.150900 0.000000 0.000200 0.304900 0.142800 0.157200 0.313400 0.427900 0.587200 0.155700 0.418500 0.154700 0.268500 0.418500 0.403000 0.678300 0.144700 0.704800 0.154700 0.155700 0.142800 0.155700 0.349000 0.143500 0.587200 0.783100 0.413500 0.463400 0.587200 0.142800 0.817200 0.418500 0.353700 0.153700 0.420100 0.414600 0.408300
Giraffe 0.160200 0.176700 0.415700 0.688000 0.160000 0.160200 0.140700 0.160200 0.146900 0.824200 0.160200 0.279700 0.159200 0.562600 0.436500 0.154800 0.000200 0.000000 0.313800 0.146900 0.160300 0.323700 0.436300 0.611200 0.160200 0.431700 0.159200 0.276900 0.431700 0.415700 0.725300 0.148300 0.728400 0.159200 0.160200 0.146900 0.160200 0.360700 0.147600 0.611200 0.798100 0.428000 0.492200 0.611200 0.146900 0.849300 0.431700 0.365400 0.158300 0.436800 0.423400 0.421900
TibetanAnt 0.152300 0.604700 0.547500 0.808600 0.153800 0.152300 0.136900 0.152300 0.284500 1.097500 0.152300 0.408300 0.152600 0.151000 0.413500 0.148200 0.304900 0.313800 0.000000 0.284500 0.155600 0.305500 0.568100 0.775600 0.152300 0.401900 0.152600 0.405700 0.401900 0.547500 0.960400 0.143700 0.845600 0.152600 0.152300 0.284500 0.152300 0.347500 0.142900 0.775600 0.970400 0.402700 1.621800 0.775600 0.284500 0.817300 0.401900 0.359800 0.151400 0.416700 0.559000 0.558900
Sitatunga 0.144000 0.375300 0.223200 0.438700 0.145300 0.144000 0.127800 0.144000 0.000000 0.356600 0.144000 0.112700 0.144400 0.509300 0.379700 0.140500 0.142800 0.146900 0.284500 0.000000 0.146700 0.291200 0.232300 0.295000 0.144000 0.375300 0.144400 0.112400 0.375300 0.223200 0.326400 0.135300 0.393000 0.144400 0.144000 0.000000 0.144000 0.324600 0.134800 0.295000 0.429300 0.376900 0.971600 0.295000 0.000000 0.736700 0.375300 0.322600 0.143600 0.391300 0.225600 0.229500
Oribi 0.000200 0.424200 0.412700 0.676800 0.000200 0.000200 0.001400 0.000200 0.146700 0.783400 0.000200 0.278800 0.000400 0.370500 0.214500 0.000800 0.157200 0.160300 0.155600 0.146700 0.000000 0.159900 0.431100 0.594900 0.000200 0.211300 0.000400 0.275800 0.211300 0.412700 0.691600 0.001000 0.703100 0.000400 0.000200 0.146700 0.000200 0.176200 0.001000 0.594900 0.769300 0.209100 1.035300 0.594900 0.146700 0.563900 0.211300 0.180700 0.000600 0.215000 0.420400 0.419000
BarbaryShe 0.154300 0.622400 0.559300 0.818100 0.158100 0.156100 0.138900 0.156100 0.291200 1.205900 0.156100 0.417300 0.156500 0.553600 0.428300 0.144300 0.313400 0.323700 0.305500 0.291200 0.159900 0.000000 0.581900 0.799600 0.156100 0.415300 0.156500 0.414500 0.415300 0.559300 1.049400 0.148000 0.877300 0.156500 0.156100 0.291200 0.156100 0.356000 0.145900 0.799600 0.996800 0.417900 1.998200 0.799600 0.291000 0.832900 0.415300 0.365300 0.156100 0.428700 0.571300 0.573400
Daviddeer 0.424500 0.755100 0.333400 0.399500 0.428000 0.424500 0.392500 0.424500 0.232300 0.290600 0.424500 0.340900 0.434000 0.899300 0.753900 0.418300 0.427900 0.436300 0.568100 0.232300 0.431100 0.581900 0.000000 0.245600 0.424500 0.755100 0.434000 0.219600 0.755100 0.333400 0.271200 0.406200 0.694600 0.434000 0.424500 0.232300 0.424500 0.669000 0.415200 0.245600 0.104600 0.791400 0.670700 0.245600 0.232300 1.317200 0.755100 0.659700 0.426700 0.753500 0.471300 0.341600
Reindeer 0.581000 0.648700 0.413300 0.863000 0.582100 0.581000 0.526800 0.581000 0.295000 0.000600 0.581000 0.424600 0.581900 0.772000 0.354600 0.560600 0.587200 0.611200 0.775600 0.295000 0.594900 0.799600 0.245600 0.000000 0.581000 0.350500 0.581900 0.274200 0.350500 0.413300 0.001000 0.535800 0.373400 0.581900 0.581000 0.295000 0.581000 0.975600 0.564400 0.000000 0.116400 0.353900 0.207000 0.000000 0.295000 1.171300 0.350500 0.561700 0.583800 1.257800 0.587300 0.423300
Ibex 0.000000 0.412400 0.406400 0.657400 0.000400 0.000000 0.001200 0.000000 0.144000 0.800800 0.000000 0.273000 0.000200 0.368400 0.211200 0.000600 0.155700 0.160200 0.152300 0.144000 0.000200 0.156100 0.424500 0.581000 0.000000 0.205600 0.000200 0.271500 0.205600 0.406400 0.708600 0.000800 0.675700 0.000200 0.000000 0.144000 0.000000 0.174000 0.000800 0.581000 0.755100 0.206400 1.060300 0.581000 0.144000 0.564800 0.205600 0.179200 0.000400 0.214200 0.413700 0.416400
GyrantGaze 0.205600 0.462400 0.714600 1.048300 0.207800 0.205600 0.183900 0.205600 0.375300 0.458700 0.205600 0.530600 0.206100 0.409000 0.000200 0.198800 0.418500 0.431700 0.401900 0.375300 0.211300 0.415300 0.755100 0.350500 0.205600 0.000000 0.206100 0.525100 0.000000 0.714600 0.416500 0.192300 0.456600 0.206100 0.205600 0.375300 0.205600 0.502200 0.190900 0.350500 0.498100 0.000200 0.569800 0.350500 0.375300 0.668400 0.000000 0.205500 0.203700 0.657500 0.738600 0.727400
Hartebeest 0.000200 0.413700 0.405000 0.668500 0.000600 0.000200 0.001000 0.000200 0.144400 0.779400 0.000200 0.275300 0.000000 0.365500 0.208700 0.000800 0.154700 0.159200 0.152600 0.144400 0.000400 0.156500 0.434000 0.581900 0.000200 0.206100 0.000000 0.272100 0.206100 0.405000 0.690500 0.000600 0.660000 0.000000 0.000200 0.144400 0.000200 0.172700 0.000600 0.581900 0.784300 0.203900 1.009600 0.581900 0.144400 0.554300 0.206100 0.177000 0.000600 0.212200 0.414700 0.410300
Bongo 0.271500 0.525100 0.095400 0.547600 0.272900 0.271500 0.244600 0.271500 0.112400 0.324800 0.271500 0.217800 0.272100 0.643100 0.527800 0.268600 0.268500 0.276900 0.405700 0.112400 0.275800 0.414500 0.219600 0.274200 0.271500 0.525100 0.272100 0.000000 0.525100 0.095400 0.298800 0.256000 0.511000 0.272100 0.271500 0.112400 0.271500 0.465900 0.256900 0.274200 0.402500 0.533200 0.817300 0.274200 0.112900 0.884900 0.525100 0.451000 0.271600 0.535700 0.332000 0.098300
Gerenuk 0.205600 0.462400 0.714600 1.048300 0.207800 0.205600 0.183900 0.205600 0.375300 0.458700 0.205600 0.530600 0.206100 0.409000 0.000200 0.198800 0.418500 0.431700 0.401900 0.375300 0.211300 0.415300 0.755100 0.350500 0.205600 0.000000 0.206100 0.525100 0.000000 0.714600 0.416500 0.192300 0.456600 0.206100 0.205600 0.375300 0.205600 0.502200 0.190900 0.350500 0.498100 0.000200 0.569800 0.350500 0.375300 0.668400 0.000000 0.205500 0.203700 0.657500 0.738600 0.727400
CommonElan 0.406400 0.714600 0.000000 0.696800 0.405700 0.406400 0.364400 0.406400 0.223200 0.491600 0.406400 0.329500 0.405000 0.806100 0.714400 0.398100 0.403000 0.415700 0.547500 0.223200 0.412700 0.559300 0.333400 0.413300 0.406400 0.714600 0.405000 0.095400 0.714600 0.000000 0.452600 0.378000 0.329300 0.405000 0.406400 0.223200 0.406400 0.647700 0.382900 0.413300 0.553100 0.729300 1.264800 0.413300 0.223200 1.069100 0.714600 0.613600 0.408600 0.717700 0.193300 0.000200
MuntiacusR 0.708600 0.857500 0.452600 0.951400 0.667100 0.708600 0.761200 0.708600 0.326400 0.000400 0.708600 0.479200 0.690500 0.842700 0.405000 0.678800 0.678300 0.725300 0.960400 0.326400 0.691600 1.049400 0.271200 0.001000 0.708600 0.416500 0.690500 0.298800 0.416500 0.452600 0.000000 0.557600 0.399200 0.690500 0.708600 0.326400 0.708600 1.158300 0.814200 0.001000 0.128100 0.414100 0.192200 0.001000 0.326400 0.802000 0.416500 0.888000 0.681600 0.841400 0.641500 0.460500
HarveysDui 0.000800 0.382100 0.378000 0.616900 0.001200 0.000800 0.000800 0.000800 0.135300 0.676700 0.000800 0.262500 0.000600 0.319500 0.193300 0.001500 0.144700 0.148300 0.143700 0.135300 0.001000 0.148000 0.406200 0.535800 0.000800 0.192300 0.000600 0.256000 0.192300 0.378000 0.557600 0.000000 0.617600 0.000600 0.000800 0.135300 0.000800 0.159700 0.000400 0.535800 0.717200 0.189700 0.846600 0.535800 0.135300 0.489900 0.192300 0.163300 0.001200 0.193200 0.384100 0.382200
Pronghorn 0.675700 0.759600 0.329300 0.483000 0.678200 0.675700 0.581700 0.675700 0.393000 0.426000 0.675700 0.523700 0.660000 0.830100 0.463100 0.640200 0.704800 0.728400 0.845600 0.393000 0.703100 0.877300 0.694600 0.373400 0.675700 0.456600 0.660000 0.511000 0.456600 0.329300 0.399200 0.617600 0.000000 0.660000 0.675700 0.393000 0.675700 1.153900 0.623100 0.373400 0.493200 0.455700 0.949200 0.373400 0.393000 1.080900 0.456600 0.652800 0.864600 1.198100 0.329500 0.333500
BlueWildeb 0.000200 0.413700 0.405000 0.668500 0.000600 0.000200 0.001000 0.000200 0.144400 0.779400 0.000200 0.275300 0.000000 0.365500 0.208700 0.000800 0.154700 0.159200 0.152600 0.144400 0.000400 0.156500 0.434000 0.581900 0.000200 0.206100 0.000000 0.272100 0.206100 0.405000 0.690500 0.000600 0.660000 0.000000 0.000200 0.144400 0.000200 0.172700 0.000600 0.581900 0.784300 0.203900 1.009600 0.581900 0.144400 0.554300 0.206100 0.177000 0.000600 0.212200 0.414700 0.410300
Gemsbok 0.000000 0.412400 0.406400 0.657400 0.000400 0.000000 0.001200 0.000000 0.144000 0.800800 0.000000 0.273000 0.000200 0.368400 0.211200 0.000600 0.155700 0.160200 0.152300 0.144000 0.000200 0.156100 0.424500 0.581000 0.000000 0.205600 0.000200 0.271500 0.205600 0.406400 0.708600 0.000800 0.675700 0.000200 0.000000 0.144000 0.000000 0.174000 0.000800 0.581000 0.755100 0.206400 1.060300 0.581000 0.144000 0.564800 0.205600 0.179200 0.000400 0.214200 0.413700 0.416400
Yak 0.144000 0.375300 0.223200 0.438700 0.145300 0.144000 0.127800 0.144000 0.000000 0.356600 0.143800 0.112700 0.144400 0.509300 0.379700 0.140500 0.142800 0.146900 0.284500 0.000000 0.146700 0.291200 0.232300 0.295000 0.144000 0.375300 0.144400 0.112400 0.375300 0.223200 0.326400 0.135300 0.393000 0.144400 0.144000 0.000000 0.144000 0.324600 0.134800 0.295000 0.429300 0.376900 0.971600 0.295000 0.000000 0.736700 0.375300 0.322600 0.143600 0.391300 0.225600 0.229500
BlueSheep 0.000000 0.412400 0.406400 0.657400 0.000400 0.000000 0.001200 0.000000 0.144000 0.800800 0.000000 0.273000 0.000200 0.368400 0.211200 0.000600 0.155700 0.160200 0.152300 0.144000 0.000200 0.156100 0.424500 0.581000 0.000000 0.205600 0.000200 0.271500 0.205600 0.406400 0.708600 0.000800 0.675700 0.000200 0.000000 0.144000 0.000000 0.174000 0.000800 0.581000 0.755100 0.206400 1.060300 0.581000 0.144000 0.564800 0.205600 0.179200 0.000400 0.214200 0.413700 0.416400
BohorReedb 0.174000 0.758400 0.647700 1.026700 0.174100 0.174000 0.150900 0.174000 0.324600 1.385100 0.174000 0.473700 0.172700 0.646000 0.504500 0.167300 0.349000 0.360700 0.347500 0.324600 0.176200 0.356000 0.669000 0.975600 0.174000 0.502200 0.172700 0.465900 0.502200 0.647700 1.158300 0.159700 1.153900 0.172700 0.174000 0.324600 0.174000 0.000000 0.159200 0.975600 1.245700 0.496400 1.997900 0.975600 0.324600 1.082500 0.502200 0.411200 0.171400 0.497600 0.662700 0.653500
KirksDik 0.000800 0.392900 0.382900 0.652000 0.001200 0.000800 0.000400 0.000800 0.134800 1.003300 0.000800 0.264000 0.000600 0.327000 0.192000 0.001500 0.143500 0.147600 0.142900 0.134800 0.001000 0.145900 0.415200 0.564400 0.000800 0.190900 0.000600 0.256900 0.190900 0.382900 0.814200 0.000400 0.623100 0.000600 0.000800 0.134800 0.000800 0.159200 0.000000 0.564400 0.799300 0.188800 1.331300 0.564400 0.134800 0.506000 0.190900 0.153400 0.001200 0.197600 0.393000 0.387400
RoeDeer 0.581000 0.648700 0.413300 0.863000 0.582100 0.581000 0.526800 0.581000 0.295000 0.000600 0.581000 0.424600 0.581900 0.772100 0.354600 0.560600 0.587200 0.611200 0.775600 0.295000 0.594900 0.799600 0.245600 0.000000 0.581000 0.350500 0.581900 0.274200 0.350500 0.413300 0.001000 0.535800 0.373400 0.581900 0.581000 0.295000 0.581000 0.975600 0.564400 0.000000 0.116400 0.353900 0.207000 0.000000 0.295000 1.171300 0.350500 0.561700 0.583800 1.257800 0.587300 0.423300
WhiteLippe 0.755100 0.842200 0.553100 0.589300 0.757200 0.755100 0.734600 0.755100 0.429300 0.136700 0.755100 0.561000 0.784300 1.004000 0.501700 0.739100 0.783100 0.798100 0.970400 0.429300 0.769300 0.996800 0.104600 0.116400 0.755100 0.498100 0.784300 0.402500 0.498100 0.553100 0.128100 0.717200 0.493200 0.784300 0.755100 0.429300 0.755100 1.245700 0.799300 0.116400 0.000000 0.514800 0.395400 0.116400 0.429300 1.592000 0.498100 0.751600 0.762800 1.505600 0.754500 0.563600
ThomsonGaz 0.206400 0.466900 0.729300 1.071600 0.205700 0.206400 0.182100 0.206400 0.376900 0.456800 0.206400 0.533400 0.203900 0.403300 0.000400 0.197200 0.413500 0.428000 0.402700 0.376900 0.209100 0.417900 0.791400 0.353900 0.206400 0.000200 0.203900 0.533200 0.000200 0.729300 0.414100 0.189700 0.455700 0.203900 0.206400 0.376900 0.206400 0.496400 0.188800 0.353900 0.514800 0.000000 0.568400 0.353900 0.376900 0.659100 0.000200 0.203500 0.201900 0.647900 0.745200 0.729900
MuntiacusC 1.060300 0.576600 1.264800 2.739500 0.965500 1.060300 1.178300 1.060300 0.971600 0.208000 1.060300 1.292000 1.009600 1.470400 0.556500 0.988800 0.463400 0.492200 1.621800 0.971600 1.035300 1.998200 0.670700 0.207000 1.060300 0.569800 1.009600 0.817300 0.569800 1.264800 0.192200 0.846600 0.949200 1.009600 1.060300 0.971600 1.060300 1.997900 1.331300 0.207000 0.395400 0.568400 0.000000 0.207000 0.971600 1.194600 0.569800 1.286100 1.007700 1.391200 2.788300 1.240900
WhiteTaile 0.581000 0.648700 0.413300 0.863000 0.582100 0.581000 0.526800 0.581000 0.295000 0.000600 0.581000 0.424600 0.581900 0.772100 0.354600 0.560600 0.587200 0.611200 0.775600 0.295000 0.594900 0.799600 0.245600 0.000000 0.581000 0.350500 0.581900 0.274200 0.350500 0.413300 0.001000 0.535800 0.373400 0.581900 0.581000 0.295000 0.581000 0.975600 0.564400 0.000000 0.116400 0.353900 0.207000 0.000000 0.295000 1.171300 0.350500 0.561700 0.583800 1.257800 0.587300 0.423300
Cattle 0.144000 0.375300 0.223200 0.438700 0.145300 0.144000 0.127800 0.142300 0.000000 0.356600 0.144000 0.112700 0.144400 0.509300 0.379700 0.140500 0.142800 0.146900 0.284500 0.000000 0.146700 0.291000 0.232300 0.295000 0.144000 0.375300 0.144400 0.112900 0.375300 0.223200 0.326400 0.135300 0.393000 0.144400 0.144000 0.000000 0.144000 0.324600 0.134800 0.295000 0.429300 0.376900 0.971600 0.295000 0.000000 0.736700 0.375300 0.322600 0.143600 0.391300 0.225600 0.229500
RoyalAntel 0.564800 0.668400 1.069100 1.652300 0.550200 0.564800 0.484800 0.564800 0.736700 0.901400 0.564800 0.937900 0.554300 0.554000 0.662400 0.526900 0.817200 0.849300 0.817300 0.736700 0.563900 0.832900 1.317200 1.171300 0.564800 0.668400 0.554300 0.884900 0.668400 1.069100 0.802000 0.489900 1.080900 0.554300 0.564800 0.736700 0.564800 1.082500 0.506000 1.171300 1.592000 0.659100 1.194600 1.171300 0.736700 0.000000 0.668400 0.395100 0.537800 0.350600 1.199400 1.044100
Steenbok 0.205600 0.462400 0.714600 1.048300 0.207800 0.205600 0.183900 0.205600 0.375300 0.458700 0.205600 0.530600 0.206100 0.409000 0.000200 0.198800 0.418500 0.431700 0.401900 0.375300 0.211300 0.415300 0.755100 0.350500 0.205600 0.000000 0.206100 0.525100 0.000000 0.714600 0.416500 0.192300 0.456600 0.206100 0.205600 0.375300 0.205600 0.502200 0.190900 0.350500 0.498100 0.000200 0.569800 0.350500 0.375300 0.668400 0.000000 0.205500 0.203700 0.657500 0.738600 0.727400
Impala 0.179200 0.205500 0.613600 0.908000 0.177300 0.179200 0.147000 0.179200 0.322600 0.970000 0.179200 0.477300 0.177000 0.182100 0.207300 0.174700 0.353700 0.365400 0.359800 0.322600 0.180700 0.365300 0.659700 0.561700 0.179200 0.205500 0.177000 0.451000 0.205500 0.613600 0.888000 0.163300 0.652800 0.177000 0.179200 0.322600 0.179200 0.411200 0.153400 0.561700 0.751600 0.203500 1.286100 0.561700 0.322600 0.395100 0.205500 0.000000 0.175800 0.511900 0.641000 0.615300
Klipspring 0.000400 0.411600 0.408600 0.664500 0.000800 0.000400 0.001700 0.000400 0.143600 0.762100 0.000400 0.277600 0.000600 0.359800 0.206500 0.001000 0.153700 0.158300 0.151400 0.143600 0.000600 0.156100 0.426700 0.583800 0.000400 0.203700 0.000600 0.271600 0.203700 0.408600 0.681600 0.001200 0.864600 0.000600 0.000400 0.143600 0.000400 0.171400 0.001200 0.583800 0.762800 0.201900 1.007700 0.583800 0.143600 0.537800 0.203700 0.175800 0.000000 0.207100 0.416000 0.416100
ForestMusk 0.214200 1.012200 0.717700 1.014800 0.211900 0.214200 0.186700 0.214200 0.391300 0.963900 0.214200 0.547600 0.212200 0.812400 0.655200 0.206600 0.420100 0.436800 0.416700 0.391300 0.215000 0.428700 0.753500 1.257800 0.214200 0.657500 0.212200 0.535700 0.657500 0.717700 0.841400 0.193200 1.198100 0.212200 0.214200 0.391300 0.214200 0.497600 0.197600 1.257800 1.505600 0.647900 1.391200 1.257800 0.391300 0.350600 0.657500 0.511900 0.207100 0.000000 0.758100 0.722800
Bushbuck 0.413700 0.738600 0.193300 0.393200 0.421700 0.413700 0.370700 0.413700 0.225600 0.705500 0.413700 0.333500 0.414700 0.838300 0.731700 0.395700 0.414600 0.423400 0.559000 0.225600 0.420400 0.571300 0.471300 0.587300 0.413700 0.738600 0.414700 0.332000 0.738600 0.193300 0.641500 0.384100 0.329500 0.414700 0.413700 0.225600 0.413700 0.662700 0.393000 0.587300 0.754500 0.745200 2.788300 0.587300 0.225600 1.199400 0.738600 0.641000 0.416000 0.758100 0.000000 0.198000
GreaterKud 0.416400 0.727400 0.000200 0.707000 0.411100 0.416400 0.368200 0.416400 0.229500 0.500800 0.416400 0.337400 0.410300 0.800800 0.718900 0.403400 0.408300 0.421900 0.558900 0.229500 0.419000 0.573400 0.341600 0.423300 0.416400 0.727400 0.410300 0.098300 0.727400 0.000200 0.460500 0.382200 0.333500 0.410300 0.416400 0.229500 0.416400 0.653500 0.387400 0.423300 0.563600 0.729900 1.240900 0.423300 0.229500 1.044100 0.727400 0.615300 0.416100 0.722800 0.198000 0.000000
