1
52 1
Argali 0.000000 0.317900 0.111500 0.319500 0.071100 0.006900 0.074800 0.105900 0.119200 0.115400 0.049400 0.087000 0.067400 0.071400 0.094500 0.085800 0.108600 0.118300 0.042300 0.107700 0.074900 0.038600 0.133700 0.121900 0.052900 0.085300 0.064100 0.112100 0.085700 0.104300 0.122900 0.063600 0.136300 0.067000 0.063000 0.108400 0.056200 0.074200 0.093900 0.154700 0.139800 0.077900 0.114900 0.129500 0.097800 0.066900 0.081900 0.082800 0.090100 0.127000 0.108600 0.118300
LesserMous 0.317900 0.000000 0.306200 0.349700 0.291000 0.308000 0.310000 0.303300 0.296400 0.282600 0.321200 0.265000 0.320000 0.295900 0.313500 0.303700 0.279800 0.293200 0.281900 0.282400 0.300500 0.310900 0.308800 0.274000 0.325500 0.302000 0.307100 0.284300 0.279500 0.268600 0.301500 0.294800 0.281100 0.318500 0.325400 0.279500 0.308100 0.283300 0.301000 0.311200 0.287300 0.302000 0.291200 0.283200 0.277300 0.297600 0.289200 0.290900 0.316600 0.301700 0.285000 0.280100
LesserKudu 0.111500 0.306200 0.000000 0.290400 0.096800 0.112100 0.108200 0.140800 0.041300 0.118600 0.128000 0.078900 0.123500 0.104800 0.105400 0.123600 0.104300 0.098900 0.120400 0.030800 0.116200 0.104700 0.140900 0.101600 0.131600 0.111300 0.120300 0.041500 0.119500 0.027400 0.126100 0.089000 0.131700 0.115200 0.118200 0.089000 0.127000 0.092300 0.112400 0.141300 0.134700 0.103700 0.118000 0.101400 0.078400 0.092200 0.115400 0.109100 0.120100 0.122300 0.031100 0.041000
KillerWhal 0.319500 0.349700 0.290400 0.000000 0.318000 0.321600 0.303900 0.326000 0.291000 0.311800 0.343300 0.282700 0.313000 0.294700 0.323000 0.333000 0.274800 0.295800 0.303900 0.286000 0.318300 0.327800 0.318400 0.297100 0.337500 0.316100 0.309800 0.287700 0.326700 0.291400 0.316000 0.274300 0.292300 0.301600 0.313100 0.311000 0.320900 0.320000 0.319200 0.338800 0.272800 0.315700 0.310200 0.306200 0.299000 0.291200 0.292800 0.325500 0.334200 0.304000 0.298000 0.284000
DefassaWat 0.071100 0.291000 0.096800 0.318000 0.000000 0.071400 0.045800 0.091000 0.096800 0.100200 0.071700 0.053700 0.075000 0.049600 0.072200 0.078700 0.109100 0.126600 0.064400 0.085600 0.060400 0.067900 0.130400 0.106800 0.075200 0.070800 0.071700 0.089700 0.063800 0.074700 0.107700 0.042100 0.137100 0.074600 0.066900 0.074800 0.078500 0.010300 0.079100 0.131100 0.124300 0.070900 0.099800 0.114400 0.064300 0.052600 0.067500 0.057100 0.060600 0.119900 0.086200 0.088600
Sheep 0.006900 0.308000 0.112100 0.321600 0.071400 0.000000 0.075200 0.102500 0.119800 0.111600 0.049600 0.087500 0.067700 0.071700 0.090800 0.086200 0.109100 0.118900 0.042500 0.108300 0.075300 0.038800 0.129900 0.122500 0.053200 0.085700 0.064400 0.112700 0.086100 0.104800 0.119100 0.063900 0.137000 0.067400 0.063300 0.109000 0.056500 0.074600 0.094400 0.155600 0.135900 0.078300 0.111100 0.130200 0.098300 0.067300 0.082400 0.079200 0.090600 0.127700 0.109200 0.118900
MaxwellsDu 0.074800 0.310000 0.108200 0.303900 0.045800 0.075200 0.000000 0.087300 0.100700 0.096400 0.075400 0.068500 0.078700 0.038700 0.068600 0.075000 0.112700 0.122500 0.068100 0.089400 0.060500 0.064200 0.134400 0.110700 0.071600 0.074500 0.075400 0.101100 0.067600 0.093400 0.096000 0.038400 0.145500 0.071000 0.074200 0.105000 0.082300 0.049000 0.075400 0.143300 0.128300 0.074600 0.096000 0.118300 0.094300 0.056300 0.063800 0.064500 0.064300 0.116100 0.097700 0.107400
GazellaPrz 0.105900 0.303300 0.140800 0.326000 0.091000 0.102500 0.087300 0.000000 0.148800 0.129000 0.114800 0.107800 0.117900 0.083800 0.103700 0.091000 0.138200 0.147900 0.099200 0.136800 0.080000 0.106600 0.160000 0.139600 0.118400 0.105700 0.114800 0.141500 0.083300 0.133300 0.136700 0.083200 0.167100 0.117400 0.112800 0.141700 0.113900 0.094100 0.068700 0.160900 0.154000 0.098100 0.128400 0.147500 0.130800 0.094200 0.072000 0.076400 0.103100 0.165300 0.138000 0.147700
MountainNy 0.119200 0.296400 0.041300 0.291000 0.096800 0.119800 0.100700 0.148800 0.000000 0.118600 0.120200 0.079000 0.115900 0.104800 0.113200 0.131300 0.092700 0.113900 0.112700 0.023800 0.123900 0.112300 0.140900 0.101700 0.116100 0.118900 0.120300 0.034200 0.127200 0.020500 0.126100 0.096600 0.139400 0.107600 0.125800 0.096400 0.119400 0.092300 0.120300 0.149500 0.134800 0.111200 0.118100 0.101400 0.085900 0.099700 0.123100 0.109100 0.120100 0.114800 0.024000 0.034000
MuntiacusM 0.115400 0.282600 0.118600 0.311800 0.100200 0.111600 0.096400 0.129000 0.118600 0.000000 0.124600 0.085600 0.112000 0.100600 0.101200 0.127600 0.115700 0.125600 0.108700 0.106900 0.120300 0.112500 0.058600 0.054900 0.128300 0.123100 0.108700 0.111400 0.123600 0.103300 0.014200 0.092200 0.152800 0.111400 0.122300 0.119500 0.131500 0.103300 0.132600 0.090000 0.051800 0.115200 0.007100 0.058600 0.108500 0.111300 0.119400 0.096800 0.116500 0.134900 0.107800 0.117700
goat 0.049400 0.321200 0.128000 0.343300 0.071700 0.049600 0.075400 0.114800 0.120200 0.124600 0.000000 0.087700 0.067900 0.064500 0.103000 0.086500 0.121400 0.126900 0.042600 0.116400 0.075500 0.038900 0.143300 0.131000 0.003400 0.086000 0.064600 0.120800 0.086400 0.105200 0.124200 0.064100 0.149700 0.067600 0.063400 0.124900 0.049400 0.074900 0.094600 0.143400 0.149400 0.078600 0.124000 0.138800 0.114100 0.067500 0.082700 0.091200 0.090900 0.128100 0.117300 0.127000
AfricanBuf 0.087000 0.265000 0.078900 0.282700 0.053700 0.087500 0.068500 0.107800 0.079000 0.085600 0.087700 0.000000 0.083500 0.065000 0.073100 0.079400 0.079500 0.093300 0.080300 0.067800 0.076200 0.076200 0.115800 0.084500 0.091400 0.086800 0.080200 0.071900 0.087200 0.060700 0.093100 0.057200 0.110600 0.079400 0.082400 0.056900 0.087000 0.064300 0.095400 0.124400 0.101500 0.075500 0.085200 0.088300 0.046300 0.064300 0.083200 0.069100 0.080100 0.098000 0.068400 0.078400
Topi 0.067400 0.320000 0.123500 0.313000 0.075000 0.067700 0.078700 0.117900 0.115900 0.112000 0.067900 0.083500 0.000000 0.075300 0.098800 0.089900 0.113000 0.130300 0.060700 0.112000 0.078900 0.064200 0.130400 0.118400 0.071500 0.078300 0.010400 0.116400 0.089800 0.108500 0.119500 0.067400 0.165300 0.020700 0.052400 0.120400 0.067500 0.078100 0.105700 0.151300 0.128300 0.070900 0.111500 0.126100 0.109600 0.070800 0.086000 0.086900 0.094100 0.131100 0.112900 0.115000
CommonDuik 0.071400 0.295900 0.104800 0.294700 0.049600 0.071700 0.038700 0.083800 0.104800 0.100600 0.064500 0.065000 0.075300 0.000000 0.072600 0.071600 0.101400 0.119000 0.057200 0.093400 0.060800 0.068200 0.122800 0.099400 0.068100 0.078500 0.072000 0.097700 0.064200 0.090000 0.108200 0.027900 0.133900 0.067500 0.070800 0.094000 0.078800 0.052900 0.072000 0.131600 0.116700 0.071200 0.100200 0.106900 0.090900 0.052900 0.053100 0.061100 0.060900 0.120400 0.094200 0.104000
Suni 0.094500 0.313500 0.105400 0.323000 0.072200 0.090800 0.068600 0.103700 0.113200 0.101200 0.103000 0.073100 0.098800 0.072600 0.000000 0.102600 0.117900 0.127900 0.087600 0.101800 0.083700 0.099200 0.131600 0.116100 0.106700 0.102000 0.095500 0.106200 0.094800 0.098100 0.108800 0.064500 0.155000 0.098200 0.093800 0.110200 0.110100 0.082900 0.103100 0.148800 0.125500 0.094400 0.100700 0.115900 0.099400 0.067900 0.090900 0.068800 0.091600 0.137400 0.102600 0.112500
Springbuck 0.085800 0.303700 0.123600 0.333000 0.078700 0.086200 0.075000 0.091000 0.131300 0.127600 0.086500 0.079400 0.089900 0.071600 0.102600 0.000000 0.132600 0.138200 0.086700 0.112000 0.045800 0.082700 0.154300 0.134000 0.090100 0.055900 0.086600 0.116400 0.034700 0.116200 0.135200 0.071100 0.161100 0.085800 0.085200 0.124100 0.085900 0.081800 0.086600 0.167400 0.152300 0.045200 0.127000 0.137800 0.121200 0.081900 0.052900 0.075600 0.090300 0.131500 0.120700 0.122600
Okapi 0.108600 0.279800 0.104300 0.274800 0.109100 0.109100 0.112700 0.138200 0.092700 0.115700 0.121400 0.079500 0.113000 0.101400 0.117900 0.132600 0.000000 0.062500 0.098000 0.108100 0.113400 0.105600 0.118200 0.102800 0.125000 0.116300 0.117500 0.100700 0.124600 0.100800 0.123300 0.093600 0.101700 0.120100 0.122800 0.108800 0.112700 0.112200 0.121500 0.134700 0.115900 0.116300 0.111300 0.102600 0.098000 0.104500 0.112700 0.110000 0.113300 0.115700 0.100900 0.111200
Giraffe 0.118300 0.293200 0.098900 0.295800 0.126600 0.118900 0.122500 0.147900 0.113900 0.125600 0.126900 0.093300 0.130300 0.119000 0.127900 0.138200 0.062500 0.000000 0.104100 0.110200 0.123000 0.107800 0.143600 0.115900 0.130600 0.129700 0.127100 0.103200 0.134100 0.099100 0.133100 0.111000 0.107200 0.122000 0.124800 0.118500 0.130000 0.129500 0.127300 0.148200 0.141600 0.114300 0.121200 0.115600 0.107900 0.114100 0.137800 0.127700 0.130800 0.132500 0.111000 0.120600
TibetanAnt 0.042300 0.281900 0.120400 0.303900 0.064400 0.042500 0.068100 0.099200 0.112700 0.108700 0.042600 0.080300 0.060700 0.057200 0.087600 0.086700 0.098000 0.104100 0.000000 0.108900 0.075800 0.046200 0.119000 0.107400 0.046200 0.086200 0.057300 0.113300 0.086700 0.097700 0.116300 0.056900 0.137700 0.060400 0.056000 0.113200 0.056800 0.067600 0.087200 0.131800 0.125000 0.078800 0.108200 0.115000 0.102500 0.060300 0.075300 0.076100 0.083400 0.124400 0.109800 0.119600
Sitatunga 0.107700 0.282400 0.030800 0.286000 0.085600 0.108300 0.089400 0.136800 0.023800 0.106900 0.116400 0.067800 0.112000 0.093400 0.101800 0.112000 0.108100 0.110200 0.108900 0.000000 0.112400 0.100900 0.129000 0.090300 0.112300 0.107500 0.108800 0.023500 0.108000 0.017100 0.114300 0.085400 0.135500 0.096300 0.114500 0.077900 0.115500 0.081200 0.116500 0.145500 0.122800 0.099900 0.106400 0.090000 0.067400 0.088500 0.111600 0.097700 0.108600 0.096000 0.013700 0.023700
Oribi 0.074900 0.300500 0.116200 0.318300 0.060400 0.075300 0.060500 0.080000 0.123900 0.120300 0.075500 0.076200 0.078900 0.060800 0.083700 0.045800 0.113400 0.123000 0.075800 0.112400 0.000000 0.071300 0.142700 0.126700 0.079100 0.059900 0.075600 0.116800 0.038600 0.108800 0.127900 0.060300 0.149500 0.078600 0.074400 0.112900 0.075000 0.071000 0.075700 0.160000 0.144900 0.052700 0.119700 0.134500 0.102200 0.063700 0.056700 0.072200 0.079400 0.124000 0.113300 0.123000
BarbaryShe 0.038600 0.310900 0.104700 0.327800 0.067900 0.038800 0.064200 0.106600 0.112300 0.112500 0.038900 0.076200 0.064200 0.068200 0.099200 0.082700 0.105600 0.107800 0.046200 0.100900 0.071300 0.000000 0.139000 0.118900 0.042400 0.078400 0.060900 0.105200 0.082600 0.097400 0.120100 0.060400 0.141400 0.063900 0.059800 0.105400 0.038500 0.071100 0.090800 0.143400 0.136900 0.074800 0.112000 0.126600 0.094600 0.056400 0.078900 0.087300 0.083000 0.116300 0.101700 0.111500
Daviddeer 0.133700 0.308800 0.140900 0.318400 0.130400 0.129900 0.134400 0.160000 0.140900 0.058600 0.143300 0.115800 0.130400 0.122800 0.131600 0.154300 0.118200 0.143600 0.119000 0.129000 0.142700 0.139000 0.000000 0.073000 0.147100 0.145600 0.127200 0.141600 0.154200 0.125500 0.065900 0.114300 0.175600 0.129800 0.136900 0.146100 0.142000 0.133400 0.159500 0.112300 0.051100 0.145500 0.050800 0.076800 0.139000 0.129600 0.138000 0.118900 0.138800 0.149100 0.130100 0.139800
Reindeer 0.121900 0.274000 0.101600 0.297100 0.106800 0.122500 0.110700 0.139600 0.101700 0.054900 0.131000 0.084500 0.118400 0.099400 0.116100 0.134000 0.102800 0.115900 0.107400 0.090300 0.126700 0.118900 0.073000 0.000000 0.134700 0.129500 0.115200 0.094500 0.129900 0.086800 0.062300 0.098800 0.142200 0.117900 0.120900 0.110300 0.129800 0.102100 0.131100 0.077100 0.062500 0.121600 0.054700 0.017600 0.099400 0.110100 0.125900 0.111600 0.115000 0.125100 0.091000 0.100900
Ibex 0.052900 0.325500 0.131600 0.337500 0.075200 0.053200 0.071600 0.118400 0.116100 0.128300 0.003400 0.091400 0.071500 0.068100 0.106700 0.090100 0.125000 0.130600 0.046200 0.112300 0.079100 0.042400 0.147100 0.134700 0.000000 0.089600 0.068200 0.124500 0.090000 0.108700 0.127900 0.067700 0.153400 0.063800 0.066900 0.128500 0.052900 0.078400 0.098300 0.147100 0.153200 0.082100 0.127700 0.142500 0.117700 0.071000 0.086200 0.094800 0.094500 0.124000 0.121000 0.130700
GyrantGaze 0.085300 0.302000 0.111300 0.316100 0.070800 0.085700 0.074500 0.105700 0.118900 0.123100 0.086000 0.086800 0.078300 0.078500 0.102000 0.055900 0.116300 0.129700 0.086200 0.107500 0.059900 0.078400 0.145600 0.129500 0.089600 0.000000 0.075000 0.111800 0.055900 0.104000 0.130600 0.063400 0.144200 0.077900 0.081100 0.123500 0.085400 0.073900 0.101200 0.162600 0.131400 0.020200 0.122500 0.137200 0.112800 0.088800 0.059800 0.090100 0.093500 0.134600 0.108300 0.118100
Hartebeest 0.064100 0.307100 0.120300 0.309800 0.071700 0.064400 0.075400 0.114800 0.120300 0.108700 0.064600 0.080200 0.010400 0.072000 0.095500 0.086600 0.117500 0.127100 0.057300 0.108800 0.075600 0.060900 0.127200 0.115200 0.068200 0.075000 0.000000 0.113200 0.086600 0.105300 0.116300 0.064100 0.153900 0.017300 0.049100 0.117200 0.071500 0.074800 0.102400 0.148200 0.120900 0.067600 0.108200 0.122900 0.106400 0.067500 0.082700 0.083600 0.090900 0.128000 0.109700 0.119400
Bongo 0.112100 0.284300 0.041500 0.287700 0.089700 0.112700 0.101100 0.141500 0.034200 0.111400 0.120800 0.071900 0.116400 0.097700 0.106200 0.116400 0.100700 0.103200 0.113300 0.023500 0.116800 0.105200 0.141600 0.094500 0.124500 0.111800 0.113200 0.000000 0.112400 0.027600 0.118900 0.089600 0.136400 0.108100 0.118900 0.089400 0.119900 0.085300 0.121000 0.150300 0.127400 0.104200 0.110900 0.094300 0.078800 0.092700 0.116000 0.102000 0.113000 0.107700 0.024100 0.034100
Gerenuk 0.085700 0.279500 0.119500 0.326700 0.063800 0.086100 0.067600 0.083300 0.127200 0.123600 0.086400 0.087200 0.089800 0.064200 0.094800 0.034700 0.124600 0.134100 0.086700 0.108000 0.038600 0.082600 0.154200 0.129900 0.090000 0.055900 0.086600 0.112400 0.000000 0.112200 0.131200 0.063700 0.152800 0.089400 0.085100 0.116300 0.078400 0.067000 0.079000 0.155000 0.148300 0.048700 0.123100 0.137600 0.105500 0.074400 0.060100 0.071800 0.082800 0.127400 0.116600 0.118600
CommonElan 0.104300 0.268600 0.027400 0.291400 0.074700 0.104800 0.093400 0.133300 0.020500 0.103300 0.105200 0.060700 0.108500 0.090000 0.098100 0.116200 0.100800 0.099100 0.097700 0.017100 0.108800 0.097400 0.125500 0.086800 0.108700 0.104000 0.105300 0.027600 0.112200 0.000000 0.110800 0.081900 0.116300 0.100300 0.107200 0.078100 0.112000 0.070400 0.105200 0.133900 0.119200 0.096400 0.102900 0.086600 0.067600 0.077700 0.108100 0.094200 0.097500 0.107500 0.017200 0.027300
MuntiacusR 0.122900 0.301500 0.126100 0.316000 0.107700 0.119100 0.096000 0.136700 0.126100 0.014200 0.124200 0.093100 0.119500 0.108200 0.108800 0.135200 0.123300 0.133100 0.116300 0.114300 0.127900 0.120100 0.065900 0.062300 0.127900 0.130600 0.116300 0.118900 0.131200 0.110800 0.000000 0.099600 0.160600 0.118900 0.129900 0.127100 0.139100 0.110800 0.140300 0.097500 0.059200 0.122700 0.014000 0.066000 0.116100 0.118800 0.127000 0.104300 0.124100 0.142400 0.115300 0.125100
HarveysDui 0.063600 0.294800 0.089000 0.274300 0.042100 0.063900 0.038400 0.083200 0.096600 0.092200 0.064100 0.057200 0.067400 0.027900 0.064500 0.071100 0.093600 0.111000 0.056900 0.085400 0.060300 0.060400 0.114300 0.098800 0.067700 0.063400 0.064100 0.089600 0.063700 0.081900 0.099600 0.000000 0.136700 0.059800 0.055800 0.093400 0.071000 0.045300 0.071500 0.122800 0.108100 0.063400 0.091800 0.106300 0.082800 0.045300 0.045600 0.060700 0.060400 0.112000 0.086100 0.095900
Pronghorn 0.136300 0.281100 0.131700 0.292300 0.137100 0.137000 0.145500 0.167100 0.139400 0.152800 0.149700 0.110600 0.165300 0.133900 0.155000 0.161100 0.101700 0.107200 0.137700 0.135500 0.149500 0.141400 0.175600 0.142200 0.153400 0.144200 0.153900 0.136400 0.152800 0.116300 0.160600 0.136700 0.000000 0.164500 0.163300 0.116800 0.160600 0.140000 0.145700 0.176300 0.156900 0.136200 0.152100 0.150000 0.106000 0.139900 0.156700 0.150200 0.157900 0.159500 0.136600 0.146300
BlueWildeb 0.067000 0.318500 0.115200 0.301600 0.074600 0.067400 0.071000 0.117400 0.107600 0.111400 0.067600 0.079400 0.020700 0.067500 0.098200 0.085800 0.120100 0.122000 0.060400 0.096300 0.078600 0.063900 0.129800 0.117900 0.063800 0.077900 0.017300 0.108100 0.089400 0.100300 0.118900 0.059800 0.164500 0.000000 0.052100 0.119800 0.074500 0.077700 0.105100 0.150600 0.127700 0.063300 0.110900 0.117600 0.109100 0.070400 0.078100 0.086500 0.093700 0.122800 0.104600 0.114300
Gemsbok 0.063000 0.325400 0.118200 0.313100 0.066900 0.063300 0.074200 0.112800 0.125800 0.122300 0.063400 0.082400 0.052400 0.070800 0.093800 0.085200 0.122800 0.124800 0.056000 0.114500 0.074400 0.059800 0.136900 0.120900 0.066900 0.081100 0.049100 0.118900 0.085100 0.107200 0.129900 0.055800 0.163300 0.052100 0.000000 0.118800 0.070300 0.070100 0.092900 0.145100 0.142800 0.073800 0.121800 0.136400 0.108100 0.048500 0.081300 0.089700 0.082000 0.133500 0.115400 0.125000
Yak 0.108400 0.279500 0.089000 0.311000 0.074800 0.109000 0.105000 0.141700 0.096400 0.119500 0.124900 0.056900 0.120400 0.094000 0.110200 0.124100 0.108800 0.118500 0.113200 0.077900 0.112900 0.105400 0.146100 0.110300 0.128500 0.123500 0.117200 0.089400 0.116300 0.078100 0.127100 0.093400 0.116800 0.119800 0.118800 0.000000 0.123900 0.085400 0.117200 0.150600 0.135800 0.115800 0.119000 0.117800 0.010100 0.100500 0.112200 0.102100 0.117100 0.126700 0.078500 0.081000
BlueSheep 0.056200 0.308100 0.127000 0.320900 0.078500 0.056500 0.082300 0.113900 0.119400 0.131500 0.049400 0.087000 0.067500 0.078800 0.110100 0.085900 0.112700 0.130000 0.056800 0.115500 0.075000 0.038500 0.142000 0.129800 0.052900 0.085400 0.071500 0.119900 0.078400 0.112000 0.139100 0.071000 0.160600 0.074500 0.070300 0.123900 0.000000 0.081600 0.109200 0.158700 0.148100 0.078000 0.122900 0.137500 0.113200 0.066900 0.082100 0.090400 0.097700 0.119300 0.116400 0.118500
BohorReedb 0.074200 0.283300 0.092300 0.320000 0.010300 0.074600 0.049000 0.094100 0.092300 0.103300 0.074900 0.064300 0.078100 0.052900 0.082900 0.081800 0.112200 0.129500 0.067600 0.081200 0.071000 0.071100 0.133400 0.102100 0.078400 0.073900 0.074800 0.085300 0.067000 0.070400 0.110800 0.045300 0.140000 0.077700 0.070100 0.085400 0.081600 0.000000 0.082300 0.134100 0.127300 0.074000 0.102900 0.109600 0.074900 0.055900 0.070600 0.060400 0.063800 0.115200 0.081800 0.084200
KirksDik 0.093900 0.301000 0.112400 0.319200 0.079100 0.094400 0.075400 0.068700 0.120300 0.132600 0.094600 0.095400 0.105700 0.072000 0.103100 0.086600 0.121500 0.127300 0.087200 0.116500 0.075700 0.090800 0.159500 0.131100 0.098300 0.101200 0.102400 0.121000 0.079000 0.105200 0.140300 0.071500 0.145700 0.105100 0.092900 0.117200 0.109200 0.082300 0.000000 0.156100 0.153600 0.093600 0.132000 0.138900 0.106400 0.074900 0.067800 0.076000 0.087100 0.152000 0.117400 0.127200
RoeDeer 0.154700 0.311200 0.141300 0.338800 0.131100 0.155600 0.143300 0.160900 0.149500 0.090000 0.143400 0.124400 0.151300 0.131600 0.148800 0.167400 0.134700 0.148200 0.131800 0.145500 0.160000 0.143400 0.112300 0.077100 0.147100 0.162600 0.148200 0.150300 0.155000 0.133900 0.097500 0.122800 0.176300 0.150600 0.145100 0.150600 0.158700 0.134100 0.156100 0.000000 0.098000 0.154400 0.089500 0.088600 0.139600 0.134200 0.154500 0.132300 0.156300 0.166400 0.146800 0.148300
WhiteLippe 0.139800 0.287300 0.134700 0.272800 0.124300 0.135900 0.128300 0.154000 0.134800 0.051800 0.149400 0.101500 0.128300 0.116700 0.125500 0.152300 0.115900 0.141600 0.125000 0.122800 0.144900 0.136900 0.051100 0.062500 0.153200 0.131400 0.120900 0.127400 0.148300 0.119200 0.059200 0.108100 0.156900 0.127700 0.142800 0.135800 0.148100 0.127300 0.153600 0.098000 0.000000 0.131300 0.051600 0.066300 0.124700 0.123500 0.127700 0.120800 0.132800 0.151300 0.123900 0.133700
ThomsonGaz 0.077900 0.302000 0.103700 0.315700 0.070900 0.078300 0.074600 0.098100 0.111200 0.115200 0.078600 0.075500 0.070900 0.071200 0.094400 0.045200 0.116300 0.114300 0.078800 0.099900 0.052700 0.074800 0.145500 0.121600 0.082100 0.020200 0.067600 0.104200 0.048700 0.096400 0.122700 0.063400 0.136200 0.063300 0.073800 0.115800 0.078000 0.074000 0.093600 0.154400 0.131300 0.000000 0.114600 0.121300 0.105100 0.074000 0.059800 0.082600 0.089800 0.119000 0.100700 0.110400
MuntiacusC 0.114900 0.291200 0.118000 0.310200 0.099800 0.111100 0.096000 0.128400 0.118100 0.007100 0.124000 0.085200 0.111500 0.100200 0.100700 0.127000 0.111300 0.121200 0.108200 0.106400 0.119700 0.112000 0.050800 0.054700 0.127700 0.122500 0.108200 0.110900 0.123100 0.102900 0.014000 0.091800 0.152100 0.110900 0.121800 0.119000 0.122900 0.102900 0.132000 0.089500 0.051600 0.114600 0.000000 0.058400 0.108100 0.110800 0.118900 0.088500 0.116000 0.126200 0.107300 0.117200
WhiteTaile 0.129500 0.283200 0.101400 0.306200 0.114400 0.130200 0.118300 0.147500 0.101400 0.058600 0.138800 0.088300 0.126100 0.106900 0.115900 0.137800 0.102600 0.115600 0.115000 0.090000 0.134500 0.126600 0.076800 0.017600 0.142500 0.137200 0.122900 0.094300 0.137600 0.086600 0.066000 0.106300 0.150000 0.117600 0.136400 0.117800 0.137500 0.109600 0.138900 0.088600 0.066300 0.121300 0.058400 0.000000 0.107000 0.117500 0.133500 0.119200 0.114800 0.132800 0.090800 0.100600
Cattle 0.097800 0.277300 0.078400 0.299000 0.064300 0.098300 0.094300 0.130800 0.085900 0.108500 0.114100 0.046300 0.109600 0.090900 0.099400 0.121200 0.098000 0.107900 0.102500 0.067400 0.102200 0.094600 0.139000 0.099400 0.117700 0.112800 0.106400 0.078800 0.105500 0.067600 0.116100 0.082800 0.106000 0.109100 0.108100 0.010100 0.113200 0.074900 0.106400 0.139600 0.124700 0.105100 0.108100 0.107000 0.000000 0.089900 0.109300 0.091400 0.106300 0.116100 0.067900 0.070500
RoyalAntel 0.066900 0.297600 0.092200 0.291200 0.052600 0.067300 0.056300 0.094200 0.099700 0.111300 0.067500 0.064300 0.070800 0.052900 0.067900 0.081900 0.104500 0.114100 0.060300 0.088500 0.063700 0.056400 0.129600 0.110100 0.071000 0.088800 0.067500 0.092700 0.074400 0.077700 0.118800 0.045300 0.139900 0.070400 0.048500 0.100500 0.066900 0.055900 0.074900 0.134200 0.123500 0.074000 0.110800 0.117500 0.089900 0.000000 0.070700 0.071400 0.063700 0.107500 0.089300 0.099000
Steenbok 0.081900 0.289200 0.115400 0.292800 0.067500 0.082400 0.063800 0.072000 0.123100 0.119400 0.082700 0.083200 0.086000 0.053100 0.090900 0.052900 0.112700 0.137800 0.075300 0.111600 0.056700 0.078900 0.138000 0.125900 0.086200 0.059800 0.082700 0.116000 0.060100 0.108100 0.127000 0.045600 0.156700 0.078100 0.081300 0.112200 0.082100 0.070600 0.067800 0.154500 0.127700 0.059800 0.118900 0.133500 0.109300 0.070700 0.000000 0.071700 0.078900 0.138900 0.112500 0.122200
Impala 0.082800 0.290900 0.109100 0.325500 0.057100 0.079200 0.064500 0.076400 0.109100 0.096800 0.091200 0.069100 0.086900 0.061100 0.068800 0.075600 0.110000 0.127700 0.076100 0.097700 0.072200 0.087300 0.118900 0.111600 0.094800 0.090100 0.083600 0.102000 0.071800 0.094200 0.104300 0.060700 0.150200 0.086500 0.089700 0.102100 0.090400 0.060400 0.076000 0.132300 0.120800 0.082600 0.088500 0.119200 0.091400 0.071400 0.071700 0.000000 0.079800 0.124400 0.098500 0.104500
Klipspring 0.090100 0.316600 0.120100 0.334200 0.060600 0.090600 0.064300 0.103100 0.120100 0.116500 0.090900 0.080100 0.094100 0.060900 0.091600 0.090300 0.113300 0.130800 0.083400 0.108600 0.079400 0.083000 0.138800 0.115000 0.094500 0.093500 0.090900 0.113000 0.082800 0.097500 0.124100 0.060400 0.157900 0.093700 0.082000 0.117100 0.097700 0.063800 0.087100 0.156300 0.132800 0.089800 0.116000 0.114800 0.106300 0.063700 0.078900 0.079800 0.000000 0.140100 0.109500 0.119200
ForestMusk 0.127000 0.301700 0.122300 0.304000 0.119900 0.127700 0.116100 0.165300 0.114800 0.134900 0.128100 0.098000 0.131100 0.120400 0.137400 0.131500 0.115700 0.132500 0.124400 0.096000 0.124000 0.116300 0.149100 0.125100 0.124000 0.134600 0.128000 0.107700 0.127400 0.107500 0.142400 0.112000 0.159500 0.122800 0.133500 0.126700 0.119300 0.115200 0.152000 0.166400 0.151300 0.119000 0.126200 0.132800 0.116100 0.107500 0.138900 0.124400 0.140100 0.000000 0.111900 0.117800
Bushbuck 0.108600 0.285000 0.031100 0.298000 0.086200 0.109200 0.097700 0.138000 0.024000 0.107800 0.117300 0.068400 0.112900 0.094200 0.102600 0.120700 0.100900 0.111000 0.109800 0.013700 0.113300 0.101700 0.130100 0.091000 0.121000 0.108300 0.109700 0.024100 0.116600 0.017200 0.115300 0.086100 0.136600 0.104600 0.115400 0.078500 0.116400 0.081800 0.117400 0.146800 0.123900 0.100700 0.107300 0.090800 0.067900 0.089300 0.112500 0.098500 0.109500 0.111900 0.000000 0.023900
GreaterKud 0.118300 0.280100 0.041000 0.284000 0.088600 0.118900 0.107400 0.147700 0.034000 0.117700 0.127000 0.078400 0.115000 0.104000 0.112500 0.122600 0.111200 0.120600 0.119600 0.023700 0.123000 0.111500 0.139800 0.100900 0.130700 0.118100 0.119400 0.034100 0.118600 0.027300 0.125100 0.095900 0.146300 0.114300 0.125000 0.081000 0.118500 0.084200 0.127200 0.148300 0.133700 0.110400 0.117200 0.100600 0.070500 0.099000 0.122200 0.104500 0.119200 0.117800 0.023900 0.000000
