1
52 1
Argali 0.000000 0.086600 0.039800 0.125500 0.033000 0.003000 0.026500 0.031800 0.037800 0.044700 0.008000 0.034200 0.041200 0.025400 0.044300 0.035700 0.049500 0.049000 0.014100 0.043600 0.032600 0.010000 0.046800 0.047000 0.009000 0.036800 0.038000 0.040900 0.030600 0.038800 0.046800 0.026400 0.062600 0.041100 0.031900 0.036100 0.007000 0.032000 0.036100 0.045600 0.047800 0.035800 0.047900 0.048000 0.035000 0.029800 0.040100 0.045800 0.027500 0.046900 0.038900 0.037800
LesserMous 0.086600 0.000000 0.084000 0.110700 0.087300 0.083300 0.079300 0.078900 0.086500 0.061700 0.081500 0.085600 0.100600 0.082500 0.093200 0.081100 0.069200 0.071100 0.073600 0.093500 0.081200 0.082500 0.068600 0.069700 0.083300 0.084600 0.095800 0.089000 0.080200 0.089700 0.063900 0.079000 0.076600 0.094500 0.087800 0.080000 0.081100 0.086600 0.083700 0.066200 0.069600 0.082900 0.063100 0.066200 0.077700 0.078900 0.089100 0.089700 0.074200 0.066100 0.087600 0.081900
LesserKudu 0.039800 0.084000 0.000000 0.125900 0.039900 0.036700 0.038800 0.038400 0.011000 0.043500 0.037100 0.022200 0.048500 0.037700 0.048600 0.040000 0.048000 0.047500 0.029500 0.015100 0.038900 0.039900 0.045600 0.047600 0.039100 0.043000 0.046300 0.014000 0.038800 0.011000 0.045500 0.036700 0.056000 0.049400 0.039000 0.016100 0.036700 0.038900 0.041100 0.044400 0.046600 0.041400 0.046600 0.047600 0.015000 0.036900 0.049400 0.047800 0.036700 0.045100 0.012000 0.002000
KillerWhal 0.125500 0.110700 0.125900 0.000000 0.123500 0.122400 0.118500 0.119700 0.121400 0.103500 0.124400 0.123200 0.128400 0.119500 0.128500 0.123300 0.110100 0.106200 0.115300 0.128900 0.120700 0.121800 0.105500 0.101900 0.122900 0.125800 0.123400 0.123500 0.121000 0.127100 0.102300 0.119600 0.114900 0.124700 0.120000 0.119400 0.123000 0.122500 0.124400 0.097700 0.106600 0.125300 0.106800 0.105200 0.120500 0.118800 0.125900 0.124300 0.116300 0.114400 0.122600 0.123900
DefassaWat 0.033000 0.087300 0.039900 0.123500 0.000000 0.029900 0.028600 0.026500 0.039900 0.044200 0.031000 0.037500 0.041300 0.027500 0.036900 0.030600 0.048300 0.045700 0.020300 0.043700 0.027500 0.031000 0.040600 0.044900 0.030900 0.031700 0.039100 0.043100 0.027500 0.043000 0.046300 0.028600 0.057700 0.041200 0.033000 0.034100 0.029900 0.005000 0.028600 0.041500 0.041600 0.030600 0.047300 0.046000 0.033000 0.024600 0.038000 0.037900 0.028500 0.040600 0.041000 0.037800
Sheep 0.003000 0.083300 0.036700 0.122400 0.029900 0.000000 0.023400 0.028700 0.034700 0.041500 0.005000 0.031100 0.038000 0.022300 0.041100 0.032600 0.046300 0.045800 0.011100 0.040500 0.029500 0.007000 0.043600 0.043800 0.006000 0.033700 0.034900 0.037800 0.027500 0.035700 0.043600 0.023400 0.059400 0.038000 0.030900 0.033000 0.004000 0.028800 0.032900 0.042500 0.044700 0.032700 0.044700 0.044800 0.031900 0.026600 0.039000 0.042600 0.024400 0.043700 0.035700 0.034700
MaxwellsDu 0.026500 0.079300 0.038800 0.118500 0.028600 0.023400 0.000000 0.026400 0.038900 0.040500 0.024500 0.032200 0.039100 0.007000 0.038700 0.030600 0.042800 0.042500 0.018200 0.042600 0.027400 0.024400 0.040500 0.042700 0.025400 0.031700 0.034900 0.041300 0.027500 0.042000 0.042600 0.006000 0.053000 0.038000 0.030800 0.031000 0.023400 0.027500 0.028500 0.039300 0.041500 0.030600 0.043600 0.043800 0.029900 0.025000 0.037000 0.039100 0.025400 0.042700 0.039900 0.036700
GazellaPrz 0.031800 0.078900 0.038400 0.119700 0.026500 0.028700 0.026400 0.000000 0.038800 0.040700 0.029800 0.034700 0.040500 0.025400 0.037400 0.012100 0.040800 0.038100 0.021300 0.044500 0.009000 0.031900 0.039300 0.041400 0.028700 0.015100 0.036200 0.041900 0.011200 0.041800 0.042800 0.026400 0.053200 0.039400 0.029500 0.035500 0.028700 0.027800 0.012100 0.038200 0.040400 0.014100 0.043900 0.042400 0.033300 0.016200 0.023400 0.038900 0.022300 0.039600 0.039900 0.036400
MountainNy 0.037800 0.086500 0.011000 0.121400 0.039900 0.034700 0.038900 0.038800 0.000000 0.043600 0.035800 0.022200 0.047500 0.037800 0.049200 0.042200 0.048300 0.047900 0.029500 0.006000 0.039000 0.037800 0.045700 0.047700 0.037000 0.043000 0.045300 0.003000 0.036000 0.008000 0.045700 0.036700 0.056000 0.048500 0.038000 0.018100 0.034700 0.038900 0.041400 0.044500 0.046700 0.041500 0.046800 0.047700 0.017100 0.036900 0.049500 0.050400 0.036700 0.045800 0.001000 0.009000
MuntiacusM 0.044700 0.061700 0.043500 0.103500 0.044200 0.041500 0.040500 0.040700 0.043600 0.000000 0.042700 0.045100 0.056500 0.037300 0.051500 0.045100 0.031600 0.030500 0.034100 0.050000 0.041700 0.044800 0.011500 0.013400 0.041500 0.046100 0.052100 0.046800 0.040800 0.046700 0.002000 0.036200 0.045400 0.053300 0.044600 0.037300 0.041600 0.043100 0.045000 0.010300 0.012500 0.044600 0.003000 0.014400 0.038300 0.038900 0.046200 0.051700 0.040900 0.028900 0.044700 0.041500
goat 0.008000 0.081500 0.037100 0.124400 0.031000 0.005000 0.024500 0.029800 0.035800 0.042700 0.000000 0.034300 0.040200 0.023400 0.042300 0.033700 0.047400 0.047000 0.012100 0.041600 0.030600 0.006000 0.044800 0.047100 0.005000 0.034800 0.036000 0.038900 0.028600 0.036800 0.044800 0.024400 0.059500 0.039100 0.032000 0.034100 0.003000 0.030000 0.034100 0.043600 0.045800 0.033800 0.045800 0.043900 0.033000 0.027800 0.040200 0.043800 0.025500 0.042700 0.036900 0.035000
AfricanBuf 0.034200 0.085600 0.022200 0.123200 0.037500 0.031100 0.032200 0.034700 0.022200 0.045100 0.034300 0.000000 0.045100 0.033200 0.041800 0.036700 0.049500 0.049400 0.025900 0.028800 0.035900 0.036400 0.047200 0.045000 0.033900 0.041300 0.042900 0.025300 0.037300 0.025300 0.047200 0.034200 0.057700 0.046200 0.036600 0.017600 0.033200 0.036500 0.035700 0.046000 0.048200 0.039800 0.048300 0.043900 0.016500 0.034400 0.047800 0.046300 0.031100 0.047400 0.023200 0.020100
Topi 0.041200 0.100600 0.048500 0.128400 0.041300 0.038000 0.039100 0.040500 0.047500 0.056500 0.040200 0.045100 0.000000 0.039100 0.051000 0.044300 0.057800 0.054700 0.035400 0.053500 0.041100 0.041800 0.052800 0.055100 0.041200 0.045400 0.006000 0.050600 0.041200 0.050600 0.058700 0.040100 0.070200 0.011100 0.029600 0.043700 0.039100 0.040200 0.041200 0.051500 0.053800 0.044400 0.059800 0.056100 0.042600 0.037300 0.048800 0.051800 0.040100 0.059400 0.048500 0.046400
CommonDuik 0.025400 0.082500 0.037700 0.119500 0.027500 0.022300 0.007000 0.025400 0.037800 0.037300 0.023400 0.033200 0.039100 0.000000 0.036400 0.029500 0.041700 0.041300 0.017200 0.041500 0.026400 0.023400 0.039400 0.041600 0.024400 0.030600 0.034800 0.040900 0.026400 0.040800 0.039300 0.005000 0.056200 0.038000 0.029700 0.031900 0.022300 0.026500 0.027500 0.038200 0.040400 0.029500 0.040400 0.042600 0.030900 0.023600 0.034800 0.037100 0.025400 0.041600 0.038800 0.035600
Suni 0.044300 0.093200 0.048600 0.128500 0.036900 0.041100 0.038700 0.037400 0.049200 0.051500 0.042300 0.041800 0.051000 0.036400 0.000000 0.038500 0.053400 0.050800 0.031200 0.053800 0.038600 0.042200 0.051800 0.049500 0.043200 0.042700 0.046700 0.052400 0.039100 0.052300 0.053600 0.038600 0.063600 0.050000 0.041000 0.043200 0.041200 0.037300 0.037400 0.048300 0.052800 0.041200 0.054700 0.048400 0.042000 0.033700 0.047200 0.023300 0.036800 0.054100 0.050300 0.046600
Springbuck 0.035700 0.081100 0.040000 0.123300 0.030600 0.032600 0.030600 0.012100 0.042200 0.045100 0.033700 0.036700 0.044300 0.029500 0.038500 0.000000 0.045100 0.042400 0.025400 0.045900 0.011000 0.035800 0.043600 0.044600 0.032600 0.011100 0.040100 0.045400 0.009000 0.045300 0.047200 0.030500 0.057500 0.043200 0.033600 0.039500 0.032600 0.031600 0.014100 0.041400 0.044600 0.010000 0.046100 0.043500 0.038300 0.020400 0.027500 0.039900 0.026400 0.043900 0.043300 0.038000
Okapi 0.049500 0.069200 0.048000 0.110100 0.048300 0.046300 0.042800 0.040800 0.048300 0.031600 0.047400 0.049500 0.057800 0.041700 0.053400 0.045100 0.000000 0.017100 0.038500 0.052800 0.041800 0.049600 0.031600 0.032800 0.048600 0.045900 0.055600 0.051600 0.040800 0.051400 0.033700 0.038600 0.044600 0.056700 0.045000 0.046000 0.046300 0.047200 0.045100 0.030500 0.032700 0.044300 0.032600 0.033800 0.044900 0.037700 0.049200 0.053700 0.042800 0.035800 0.049500 0.045900
Giraffe 0.049000 0.071100 0.047500 0.106200 0.045700 0.045800 0.042500 0.038100 0.047900 0.030500 0.047000 0.049400 0.054700 0.041300 0.050800 0.042400 0.017100 0.000000 0.036100 0.052300 0.039100 0.049100 0.029400 0.030600 0.048000 0.042400 0.052500 0.051100 0.038400 0.051000 0.032500 0.038200 0.041000 0.055700 0.043700 0.045600 0.045900 0.046800 0.042400 0.027300 0.030500 0.040800 0.033500 0.030600 0.044500 0.037300 0.042400 0.051100 0.041400 0.034700 0.049000 0.045500
TibetanAnt 0.014100 0.073600 0.029500 0.115300 0.020300 0.011100 0.018200 0.021300 0.029500 0.034100 0.012100 0.025900 0.035400 0.017200 0.031200 0.025400 0.038500 0.036100 0.000000 0.033100 0.022200 0.012100 0.035200 0.038400 0.013100 0.025400 0.031100 0.032600 0.022300 0.030500 0.036200 0.018200 0.049700 0.034300 0.023600 0.023800 0.011100 0.019300 0.023300 0.035100 0.036200 0.024400 0.037300 0.037400 0.022700 0.019400 0.032700 0.032900 0.019200 0.036300 0.030600 0.027400
Sitatunga 0.043600 0.093500 0.015100 0.128900 0.043700 0.040500 0.042600 0.044500 0.006000 0.050000 0.041600 0.028800 0.053500 0.041500 0.053800 0.045900 0.052800 0.052300 0.033100 0.000000 0.044800 0.041600 0.052200 0.054500 0.042900 0.048900 0.051300 0.009000 0.041800 0.014000 0.052100 0.038300 0.058300 0.054500 0.043900 0.022300 0.040500 0.042700 0.045100 0.051000 0.053200 0.045200 0.053200 0.054400 0.021200 0.041700 0.055400 0.054700 0.040500 0.052300 0.007000 0.013100
Oribi 0.032600 0.081200 0.038900 0.120700 0.027500 0.029500 0.027400 0.009000 0.039000 0.041700 0.030600 0.035900 0.041100 0.026400 0.038600 0.011000 0.041800 0.039100 0.022200 0.044800 0.000000 0.032600 0.040300 0.042600 0.029500 0.014100 0.036900 0.042100 0.010000 0.042100 0.043800 0.027400 0.054200 0.040000 0.030500 0.036300 0.029500 0.028500 0.013100 0.039200 0.041400 0.013100 0.044900 0.043600 0.035100 0.017400 0.024400 0.040200 0.025400 0.038500 0.040100 0.036900
BarbaryShe 0.010000 0.082500 0.039900 0.121800 0.031000 0.007000 0.024400 0.031900 0.037800 0.044800 0.006000 0.036400 0.041800 0.023400 0.042200 0.035800 0.049600 0.049100 0.012100 0.041600 0.032600 0.000000 0.046300 0.049200 0.007000 0.036900 0.037500 0.041000 0.030600 0.038800 0.046900 0.024400 0.059800 0.040700 0.033500 0.034100 0.005000 0.030000 0.034000 0.045700 0.047300 0.035800 0.048000 0.046000 0.033000 0.029800 0.042200 0.043800 0.027500 0.044900 0.038900 0.037800
Daviddeer 0.046800 0.068600 0.045600 0.105500 0.040600 0.043600 0.040500 0.039300 0.045700 0.011500 0.044800 0.047200 0.052800 0.039400 0.051800 0.043600 0.031600 0.029400 0.035200 0.052200 0.040300 0.046300 0.000000 0.012100 0.043700 0.043600 0.048400 0.048900 0.039400 0.048800 0.013500 0.038400 0.045700 0.049600 0.042600 0.039400 0.043700 0.039500 0.043600 0.009000 0.001000 0.042000 0.014600 0.015100 0.040400 0.037500 0.045800 0.052100 0.041600 0.026800 0.046800 0.043600
Reindeer 0.047000 0.069700 0.047600 0.101900 0.044900 0.043800 0.042700 0.041400 0.047700 0.013400 0.047100 0.045000 0.055100 0.041600 0.049500 0.044600 0.032800 0.030600 0.038400 0.054500 0.042600 0.049200 0.012100 0.000000 0.045900 0.045600 0.050700 0.050900 0.040600 0.050800 0.015500 0.040600 0.044900 0.051800 0.044800 0.041700 0.045900 0.043900 0.045600 0.007000 0.013100 0.044000 0.016500 0.011000 0.042700 0.039700 0.045700 0.052000 0.041700 0.031100 0.048800 0.045600
Ibex 0.009000 0.083300 0.039100 0.122900 0.030900 0.006000 0.025400 0.028700 0.037000 0.041500 0.005000 0.033900 0.041200 0.024400 0.043200 0.032600 0.048600 0.048000 0.013100 0.042900 0.029500 0.007000 0.043700 0.045900 0.000000 0.035800 0.036900 0.040200 0.029500 0.038000 0.043600 0.025400 0.061500 0.038000 0.033000 0.035300 0.004000 0.029900 0.032900 0.042500 0.044700 0.034800 0.044700 0.042700 0.034200 0.028700 0.039100 0.044800 0.026400 0.041900 0.038100 0.037000
GyrantGaze 0.036800 0.084600 0.043000 0.125800 0.031700 0.033700 0.031700 0.015100 0.043000 0.046100 0.034800 0.041300 0.045400 0.030600 0.042700 0.011100 0.045900 0.042400 0.025400 0.048900 0.014100 0.036900 0.043600 0.045600 0.035800 0.000000 0.041200 0.046200 0.010100 0.046100 0.048200 0.031600 0.058600 0.044400 0.034700 0.040300 0.033700 0.032700 0.019200 0.042500 0.044600 0.005000 0.047100 0.046700 0.039200 0.021400 0.028600 0.044200 0.029600 0.044700 0.042000 0.040900
Hartebeest 0.038000 0.095800 0.046300 0.123400 0.039100 0.034900 0.034900 0.036200 0.045300 0.052100 0.036000 0.042900 0.006000 0.034800 0.046700 0.040100 0.055600 0.052500 0.031100 0.051300 0.036900 0.037500 0.048400 0.050700 0.036900 0.041200 0.000000 0.048400 0.036900 0.048400 0.054200 0.035900 0.067900 0.007100 0.027500 0.041600 0.034900 0.038100 0.036900 0.047200 0.049400 0.040100 0.055300 0.051700 0.040500 0.034100 0.044500 0.047500 0.035900 0.055000 0.046400 0.044200
Bongo 0.040900 0.089000 0.014000 0.123500 0.043100 0.037800 0.041300 0.041900 0.003000 0.046800 0.038900 0.025300 0.050600 0.040900 0.052400 0.045400 0.051600 0.051100 0.032600 0.009000 0.042100 0.041000 0.048900 0.050900 0.040200 0.046200 0.048400 0.000000 0.039200 0.011000 0.048800 0.039900 0.058500 0.051600 0.041200 0.021200 0.037800 0.042000 0.044600 0.047700 0.049900 0.044600 0.049900 0.050800 0.020200 0.040100 0.052600 0.053600 0.039900 0.049000 0.004000 0.012000
Gerenuk 0.030600 0.080200 0.038800 0.121000 0.027500 0.027500 0.027500 0.011200 0.036000 0.040800 0.028600 0.037300 0.041200 0.026400 0.039100 0.009000 0.040800 0.038400 0.022300 0.041800 0.010000 0.030600 0.039400 0.040600 0.029500 0.010100 0.036900 0.039200 0.000000 0.039100 0.042900 0.027500 0.053200 0.040100 0.030500 0.036100 0.027500 0.028600 0.015300 0.037200 0.040400 0.009000 0.043900 0.041600 0.035000 0.017300 0.022300 0.040200 0.025400 0.039400 0.037100 0.036700
CommonElan 0.038800 0.089700 0.011000 0.127100 0.043000 0.035700 0.042000 0.041800 0.008000 0.046700 0.036800 0.025300 0.050600 0.040800 0.052300 0.045300 0.051400 0.051000 0.030500 0.014000 0.042100 0.038800 0.048800 0.050800 0.038000 0.046100 0.048400 0.011000 0.039100 0.000000 0.048800 0.039800 0.059200 0.051600 0.041100 0.019100 0.035700 0.042000 0.044500 0.047600 0.049800 0.044600 0.049800 0.050800 0.018100 0.040000 0.052600 0.051300 0.039800 0.048900 0.009000 0.011000
MuntiacusR 0.046800 0.063900 0.045500 0.102300 0.046300 0.043600 0.042600 0.042800 0.045700 0.002000 0.044800 0.047200 0.058700 0.039300 0.053600 0.047200 0.033700 0.032500 0.036200 0.052100 0.043800 0.046900 0.013500 0.015500 0.043600 0.048200 0.054200 0.048800 0.042900 0.048800 0.000000 0.038300 0.047500 0.055400 0.046700 0.039300 0.043600 0.045300 0.047100 0.010300 0.014500 0.046700 0.005000 0.016500 0.040300 0.040900 0.048300 0.053800 0.042900 0.031000 0.046800 0.043500
HarveysDui 0.026400 0.079000 0.036700 0.119600 0.028600 0.023400 0.006000 0.026400 0.036700 0.036200 0.024400 0.034200 0.040100 0.005000 0.038600 0.030500 0.038600 0.038200 0.018200 0.038300 0.027400 0.024400 0.038400 0.040600 0.025400 0.031600 0.035900 0.039900 0.027500 0.039800 0.038300 0.000000 0.053000 0.039000 0.030800 0.030900 0.023300 0.027500 0.028500 0.037200 0.039400 0.030600 0.039400 0.041600 0.029900 0.023600 0.035900 0.039200 0.024400 0.040500 0.037800 0.034600
Pronghorn 0.062600 0.076600 0.056000 0.114900 0.057700 0.059400 0.053000 0.053200 0.056000 0.045400 0.059500 0.057700 0.070200 0.056200 0.063600 0.057500 0.044600 0.041000 0.049700 0.058300 0.054200 0.059800 0.045700 0.044900 0.061500 0.058600 0.067900 0.058500 0.053200 0.059200 0.047500 0.053000 0.000000 0.071200 0.058200 0.049700 0.059400 0.056700 0.055400 0.042400 0.046800 0.057000 0.048500 0.045700 0.048600 0.054700 0.055400 0.064300 0.054500 0.048600 0.057200 0.053900
BlueWildeb 0.041100 0.094500 0.049400 0.124700 0.041200 0.038000 0.038000 0.039400 0.048500 0.053300 0.039100 0.046200 0.011100 0.038000 0.050000 0.043200 0.056700 0.055700 0.034300 0.054500 0.040000 0.040700 0.049600 0.051800 0.038000 0.044400 0.007100 0.051600 0.040100 0.051600 0.055400 0.039000 0.071200 0.000000 0.030600 0.044800 0.038000 0.040200 0.040100 0.048300 0.050500 0.043300 0.054300 0.052900 0.043700 0.037200 0.047600 0.048500 0.039000 0.054000 0.049600 0.047400
Gemsbok 0.031900 0.087800 0.039000 0.120000 0.033000 0.030900 0.030800 0.029500 0.038000 0.044600 0.032000 0.036600 0.029600 0.029700 0.041000 0.033600 0.045000 0.043700 0.023600 0.043900 0.030500 0.033500 0.042600 0.044800 0.033000 0.034700 0.027500 0.041200 0.030500 0.041100 0.046700 0.030800 0.058200 0.030600 0.000000 0.035300 0.028800 0.032000 0.032600 0.041300 0.043600 0.033600 0.046700 0.045800 0.034200 0.026400 0.036900 0.043000 0.029500 0.048200 0.039100 0.037000
Yak 0.036100 0.080000 0.016100 0.119400 0.034100 0.033000 0.031000 0.035500 0.018100 0.037300 0.034100 0.017600 0.043700 0.031900 0.043200 0.039500 0.046000 0.045600 0.023800 0.022300 0.036300 0.034100 0.039400 0.041700 0.035300 0.040300 0.041600 0.021200 0.036100 0.019100 0.039300 0.030900 0.049700 0.044800 0.035300 0.000000 0.033000 0.033100 0.036300 0.038200 0.040400 0.038700 0.040400 0.042700 0.003000 0.033200 0.046800 0.043100 0.032000 0.041600 0.019200 0.016100
BlueSheep 0.007000 0.081100 0.036700 0.123000 0.029900 0.004000 0.023400 0.028700 0.034700 0.041600 0.003000 0.033200 0.039100 0.022300 0.041200 0.032600 0.046300 0.045900 0.011100 0.040500 0.029500 0.005000 0.043700 0.045900 0.004000 0.033700 0.034900 0.037800 0.027500 0.035700 0.043600 0.023300 0.059400 0.038000 0.028800 0.033000 0.000000 0.028900 0.032900 0.042500 0.044700 0.032700 0.044700 0.042700 0.031900 0.026700 0.039100 0.042700 0.024400 0.041600 0.035700 0.034700
BohorReedb 0.032000 0.086600 0.038900 0.122500 0.005000 0.028800 0.027500 0.027800 0.038900 0.043100 0.030000 0.036500 0.040200 0.026500 0.037300 0.031600 0.047200 0.046800 0.019300 0.042700 0.028500 0.030000 0.039500 0.043900 0.029900 0.032700 0.038100 0.042000 0.028600 0.042000 0.045300 0.027500 0.056700 0.040200 0.032000 0.033100 0.028900 0.000000 0.029600 0.040400 0.040500 0.031700 0.046300 0.044900 0.032100 0.025700 0.039100 0.038300 0.027900 0.041700 0.040000 0.036800
KirksDik 0.036100 0.083700 0.041100 0.124400 0.028600 0.032900 0.028500 0.012100 0.041400 0.045000 0.034100 0.035700 0.041200 0.027500 0.037400 0.014100 0.045100 0.042400 0.023300 0.045100 0.013100 0.034000 0.043600 0.045600 0.032900 0.019200 0.036900 0.044600 0.015300 0.044500 0.047100 0.028500 0.055400 0.040100 0.032600 0.036300 0.032900 0.029600 0.000000 0.042400 0.044600 0.018200 0.048100 0.044600 0.035100 0.020400 0.027500 0.038900 0.026500 0.043900 0.042500 0.039000
RoeDeer 0.045600 0.066200 0.044400 0.097700 0.041500 0.042500 0.039300 0.038200 0.044500 0.010300 0.043600 0.046000 0.051500 0.038200 0.048300 0.041400 0.030500 0.027300 0.035100 0.051000 0.039200 0.045700 0.009000 0.007000 0.042500 0.042500 0.047200 0.047700 0.037200 0.047600 0.010300 0.037200 0.042400 0.048300 0.041300 0.038200 0.042500 0.040400 0.042400 0.000000 0.010000 0.040800 0.013400 0.010000 0.039200 0.036300 0.041400 0.048800 0.040400 0.027700 0.045600 0.042400
WhiteLippe 0.047800 0.069600 0.046600 0.106600 0.041600 0.044700 0.041500 0.040400 0.046700 0.012500 0.045800 0.048200 0.053800 0.040400 0.052800 0.044600 0.032700 0.030500 0.036200 0.053200 0.041400 0.047300 0.001000 0.013100 0.044700 0.044600 0.049400 0.049900 0.040400 0.049800 0.014500 0.039400 0.046800 0.050500 0.043600 0.040400 0.044700 0.040500 0.044600 0.010000 0.000000 0.043000 0.015600 0.016100 0.041400 0.038500 0.046800 0.053100 0.042600 0.027800 0.047800 0.044600
ThomsonGaz 0.035800 0.082900 0.041400 0.125300 0.030600 0.032700 0.030600 0.014100 0.041500 0.044600 0.033800 0.039800 0.044400 0.029500 0.041200 0.010000 0.044300 0.040800 0.024400 0.045200 0.013100 0.035800 0.042000 0.044000 0.034800 0.005000 0.040100 0.044600 0.009000 0.044600 0.046700 0.030600 0.057000 0.043300 0.033600 0.038700 0.032700 0.031700 0.018200 0.040800 0.043000 0.000000 0.045600 0.045100 0.037600 0.020400 0.027500 0.042600 0.028500 0.043100 0.042600 0.039400
MuntiacusC 0.047900 0.063100 0.046600 0.106800 0.047300 0.044700 0.043600 0.043900 0.046800 0.003000 0.045800 0.048300 0.059800 0.040400 0.054700 0.046100 0.032600 0.033500 0.037300 0.053200 0.044900 0.048000 0.014600 0.016500 0.044700 0.047100 0.055300 0.049900 0.043900 0.049800 0.005000 0.039400 0.048500 0.054300 0.046700 0.040400 0.044700 0.046300 0.048100 0.013400 0.015600 0.045600 0.000000 0.017500 0.041400 0.041800 0.049400 0.054900 0.043000 0.029900 0.047800 0.044600
WhiteTaile 0.048000 0.066200 0.047600 0.105200 0.046000 0.044800 0.043800 0.042400 0.047700 0.014400 0.043900 0.043900 0.056100 0.042600 0.048400 0.043500 0.033800 0.030600 0.037400 0.054400 0.043600 0.046000 0.015100 0.011000 0.042700 0.046700 0.051700 0.050800 0.041600 0.050800 0.016500 0.041600 0.045700 0.052900 0.045800 0.042700 0.042700 0.044900 0.044600 0.010000 0.016100 0.045100 0.017500 0.000000 0.043700 0.040800 0.046700 0.051200 0.040600 0.032200 0.048800 0.045500
Cattle 0.035000 0.077700 0.015000 0.120500 0.033000 0.031900 0.029900 0.033300 0.017100 0.038300 0.033000 0.016500 0.042600 0.030900 0.042000 0.038300 0.044900 0.044500 0.022700 0.021200 0.035100 0.033000 0.040400 0.042700 0.034200 0.039200 0.040500 0.020200 0.035000 0.018100 0.040300 0.029900 0.048600 0.043700 0.034200 0.003000 0.031900 0.032100 0.035100 0.039200 0.041400 0.037600 0.041400 0.043700 0.000000 0.032100 0.045700 0.041900 0.029900 0.040500 0.018100 0.015100
RoyalAntel 0.029800 0.078900 0.036900 0.118800 0.024600 0.026600 0.025000 0.016200 0.036900 0.038900 0.027800 0.034400 0.037300 0.023600 0.033700 0.020400 0.037700 0.037300 0.019400 0.041700 0.017400 0.029800 0.037500 0.039700 0.028700 0.021400 0.034100 0.040100 0.017300 0.040000 0.040900 0.023600 0.054700 0.037200 0.026400 0.033200 0.026700 0.025700 0.020400 0.036300 0.038500 0.020400 0.041800 0.040800 0.032100 0.000000 0.029800 0.035900 0.022300 0.039600 0.038000 0.034800
Steenbok 0.040100 0.089100 0.049400 0.125900 0.038000 0.039000 0.037000 0.023400 0.049500 0.046200 0.040200 0.047800 0.048800 0.034800 0.047200 0.027500 0.049200 0.042400 0.032700 0.055400 0.024400 0.042200 0.045800 0.045700 0.039100 0.028600 0.044500 0.052600 0.022300 0.052600 0.048300 0.035900 0.055400 0.047600 0.036900 0.046800 0.039100 0.039100 0.027500 0.041400 0.046800 0.027500 0.049400 0.046700 0.045700 0.029800 0.000000 0.048500 0.035900 0.046900 0.050600 0.047300
Impala 0.045800 0.089700 0.047800 0.124300 0.037900 0.042600 0.039100 0.038900 0.050400 0.051700 0.043800 0.046300 0.051800 0.037100 0.023300 0.039900 0.053700 0.051100 0.032900 0.054700 0.040200 0.043800 0.052100 0.052000 0.044800 0.044200 0.047500 0.053600 0.040200 0.051300 0.053800 0.039200 0.064300 0.048500 0.043000 0.043100 0.042700 0.038300 0.038900 0.048800 0.053100 0.042600 0.054900 0.051200 0.041900 0.035900 0.048500 0.000000 0.038200 0.054300 0.051500 0.047900
Klipspring 0.027500 0.074200 0.036700 0.116300 0.028500 0.024400 0.025400 0.022300 0.036700 0.040900 0.025500 0.031100 0.040100 0.025400 0.036800 0.026400 0.042800 0.041400 0.019200 0.040500 0.025400 0.027500 0.041600 0.041700 0.026400 0.029600 0.035900 0.039900 0.025400 0.039800 0.042900 0.024400 0.054500 0.039000 0.029500 0.032000 0.024400 0.027900 0.026500 0.040400 0.042600 0.028500 0.043000 0.040600 0.029900 0.022300 0.035900 0.038200 0.000000 0.043800 0.037800 0.034600
ForestMusk 0.046900 0.066100 0.045100 0.114400 0.040600 0.043700 0.042700 0.039600 0.045800 0.028900 0.042700 0.047400 0.059400 0.041600 0.054100 0.043900 0.035800 0.034700 0.036300 0.052300 0.038500 0.044900 0.026800 0.031100 0.041900 0.044700 0.055000 0.049000 0.039400 0.048900 0.031000 0.040500 0.048600 0.054000 0.048200 0.041600 0.041600 0.041700 0.043900 0.027700 0.027800 0.043100 0.029900 0.032200 0.040500 0.039600 0.046900 0.054300 0.043800 0.000000 0.046900 0.043100
Bushbuck 0.038900 0.087600 0.012000 0.122600 0.041000 0.035700 0.039900 0.039900 0.001000 0.044700 0.036900 0.023200 0.048500 0.038800 0.050300 0.043300 0.049500 0.049000 0.030600 0.007000 0.040100 0.038900 0.046800 0.048800 0.038100 0.042000 0.046400 0.004000 0.037100 0.009000 0.046800 0.037800 0.057200 0.049600 0.039100 0.019200 0.035700 0.040000 0.042500 0.045600 0.047800 0.042600 0.047800 0.048800 0.018100 0.038000 0.050600 0.051500 0.037800 0.046900 0.000000 0.010000
GreaterKud 0.037800 0.081900 0.002000 0.123900 0.037800 0.034700 0.036700 0.036400 0.009000 0.041500 0.035000 0.020100 0.046400 0.035600 0.046600 0.038000 0.045900 0.045500 0.027400 0.013100 0.036900 0.037800 0.043600 0.045600 0.037000 0.040900 0.044200 0.012000 0.036700 0.011000 0.043500 0.034600 0.053900 0.047400 0.037000 0.016100 0.034700 0.036800 0.039000 0.042400 0.044600 0.039400 0.044600 0.045500 0.015100 0.034800 0.047300 0.047900 0.034600 0.043100 0.010000 0.000000
