1
52 1
Argali 0.000000 0.068300 0.034600 0.113400 0.000400 0.000200 0.000400 0.001000 0.034000 0.000700 0.000400 0.031500 0.000600 0.000200 0.000400 0.001000 0.097300 0.064400 0.066400 0.033100 0.000200 0.000200 0.000400 0.032800 0.000400 0.065300 0.000600 0.033100 0.001400 0.067700 0.000400 0.000400 0.176900 0.000600 0.033000 0.000400 0.000400 0.000200 0.000200 0.032900 0.000600 0.062900 0.000400 0.000300 0.000400 0.000200 0.001000 0.000400 0.000300 0.031500 0.033100 0.033100
LesserMous 0.068300 0.000000 0.110500 0.112700 0.064000 0.066200 0.064000 0.062300 0.107000 0.065200 0.064000 0.098700 0.066200 0.066200 0.064000 0.062300 0.097200 0.064100 0.141700 0.104200 0.066200 0.066200 0.064000 0.105200 0.064000 0.137700 0.066200 0.104200 0.063300 0.142700 0.064000 0.064000 0.178600 0.066200 0.105000 0.064000 0.064000 0.066200 0.066500 0.102900 0.066200 0.132000 0.064000 0.068300 0.064000 0.066200 0.062300 0.064000 0.067200 0.098700 0.104200 0.104200
LesserKudu 0.034600 0.110500 0.000000 0.159400 0.033100 0.034000 0.033100 0.032200 0.000100 0.033900 0.033100 0.033200 0.034000 0.034000 0.033100 0.032200 0.141300 0.105100 0.032000 0.000300 0.034000 0.034000 0.033100 0.069000 0.033100 0.068800 0.034000 0.000300 0.033000 0.032200 0.033100 0.033100 0.229200 0.034000 0.034400 0.033100 0.033100 0.034000 0.034200 0.071500 0.033600 0.100200 0.033100 0.034400 0.033100 0.034000 0.032200 0.033100 0.034900 0.033200 0.000300 0.000300
KillerWhal 0.113400 0.112700 0.159400 0.000000 0.110300 0.112200 0.110300 0.105900 0.157400 0.111900 0.110300 0.151700 0.112200 0.112300 0.110300 0.105900 0.070800 0.037700 0.196800 0.154300 0.112200 0.112300 0.110300 0.072500 0.110300 0.196500 0.112200 0.154300 0.109000 0.199700 0.110300 0.110300 0.151000 0.112200 0.156700 0.110300 0.110300 0.112200 0.112100 0.154400 0.112500 0.102900 0.110300 0.113700 0.110300 0.112300 0.106000 0.110300 0.114100 0.151700 0.154300 0.154300
DefassaWat 0.000400 0.064000 0.033100 0.110300 0.000000 0.000200 0.000000 0.000500 0.032100 0.000300 0.000000 0.029400 0.000200 0.000300 0.000000 0.000500 0.093200 0.060800 0.063500 0.031000 0.000200 0.000300 0.000000 0.031400 0.000000 0.060500 0.000200 0.031000 0.001200 0.063800 0.000000 0.000000 0.171500 0.000200 0.031300 0.000000 0.000000 0.000200 0.001000 0.031000 0.000200 0.058800 0.000000 0.000400 0.000000 0.000300 0.000500 0.000000 0.000500 0.029400 0.031000 0.031000
Sheep 0.000200 0.066200 0.034000 0.112200 0.000200 0.000000 0.000200 0.000700 0.033100 0.000500 0.000200 0.030600 0.000400 0.000400 0.000200 0.000700 0.095100 0.062700 0.064600 0.032100 0.000000 0.000400 0.000200 0.032200 0.000200 0.063100 0.000400 0.032100 0.001200 0.066000 0.000200 0.000200 0.173800 0.000400 0.032300 0.000200 0.000200 0.000000 0.000400 0.032000 0.000400 0.060800 0.000200 0.000600 0.000200 0.000400 0.000700 0.000200 0.000700 0.030600 0.032100 0.032100
MaxwellsDu 0.000400 0.064000 0.033100 0.110300 0.000000 0.000200 0.000000 0.000500 0.032100 0.000300 0.000000 0.029400 0.000200 0.000300 0.000000 0.000500 0.093200 0.060800 0.063500 0.031000 0.000200 0.000300 0.000000 0.031400 0.000000 0.060500 0.000200 0.031000 0.001200 0.063800 0.000000 0.000000 0.171500 0.000200 0.031300 0.000000 0.000000 0.000200 0.001000 0.031000 0.000200 0.058800 0.000000 0.000400 0.000000 0.000300 0.000500 0.000000 0.000500 0.029400 0.031000 0.031000
GazellaPrz 0.001000 0.062300 0.032200 0.105900 0.000500 0.000700 0.000500 0.000000 0.031300 0.001200 0.000500 0.028700 0.000700 0.000900 0.000500 0.000000 0.091200 0.059100 0.061900 0.030200 0.000700 0.000900 0.000500 0.030800 0.000500 0.059100 0.000700 0.030200 0.000700 0.062400 0.000500 0.000500 0.166500 0.000700 0.030600 0.000500 0.000500 0.000700 0.000700 0.030200 0.000700 0.057100 0.000500 0.001000 0.000500 0.000900 0.000000 0.000500 0.001400 0.028700 0.030200 0.030200
MountainNy 0.034000 0.107000 0.000100 0.157400 0.032100 0.033100 0.032100 0.031300 0.000000 0.032700 0.032100 0.032100 0.033100 0.033000 0.032100 0.031300 0.138500 0.102200 0.031600 0.000200 0.033100 0.033000 0.032100 0.067600 0.032100 0.066500 0.033100 0.000200 0.031800 0.031100 0.032100 0.032100 0.224900 0.033100 0.033500 0.032100 0.032100 0.033100 0.033300 0.068900 0.032700 0.097500 0.032100 0.033500 0.032100 0.033000 0.031300 0.032100 0.033700 0.032100 0.000200 0.000200
MuntiacusM 0.000700 0.065200 0.033900 0.111900 0.000300 0.000500 0.000300 0.001200 0.032700 0.000000 0.000300 0.030000 0.000500 0.000500 0.000300 0.001200 0.095400 0.062600 0.065100 0.031500 0.000500 0.000500 0.000300 0.032300 0.000300 0.061800 0.000500 0.031500 0.000300 0.064900 0.000300 0.000300 0.175100 0.000500 0.032100 0.000300 0.000300 0.000500 0.001400 0.031500 0.000500 0.060000 0.000300 0.000700 0.000300 0.000500 0.001200 0.000300 0.000200 0.030000 0.031500 0.031500
goat 0.000400 0.064000 0.033100 0.110300 0.000000 0.000200 0.000000 0.000500 0.032100 0.000300 0.000000 0.029400 0.000200 0.000300 0.000000 0.000500 0.093200 0.060800 0.063500 0.031000 0.000200 0.000300 0.000000 0.031400 0.000000 0.060500 0.000200 0.031000 0.001200 0.063800 0.000000 0.000000 0.171500 0.000200 0.031300 0.000000 0.000000 0.000200 0.001000 0.031000 0.000200 0.058800 0.000000 0.000400 0.000000 0.000300 0.000500 0.000000 0.000500 0.029400 0.031000 0.031000
AfricanBuf 0.031500 0.098700 0.033200 0.151700 0.029400 0.030600 0.029400 0.028700 0.032100 0.030000 0.029400 0.000000 0.030600 0.030400 0.029400 0.028700 0.128600 0.094000 0.063800 0.031000 0.030600 0.030400 0.029400 0.064000 0.029400 0.029400 0.030600 0.031000 0.029300 0.063700 0.029400 0.029400 0.213600 0.030600 0.000400 0.029400 0.029400 0.030600 0.030700 0.063900 0.030300 0.090800 0.029400 0.031300 0.029400 0.030400 0.028700 0.029400 0.031200 0.000000 0.031000 0.031000
Topi 0.000600 0.066200 0.034000 0.112200 0.000200 0.000400 0.000200 0.000700 0.033100 0.000500 0.000200 0.030600 0.000000 0.000400 0.000200 0.000700 0.096800 0.062700 0.065600 0.032100 0.000400 0.000400 0.000200 0.032200 0.000200 0.063100 0.000000 0.032100 0.001200 0.066000 0.000200 0.000200 0.175400 0.000000 0.032300 0.000200 0.000200 0.000400 0.001100 0.031700 0.000400 0.060800 0.000200 0.000600 0.000200 0.000400 0.000700 0.000200 0.000700 0.030600 0.032100 0.032100
CommonDuik 0.000200 0.066200 0.034000 0.112300 0.000300 0.000400 0.000300 0.000900 0.033000 0.000500 0.000300 0.030400 0.000400 0.000000 0.000300 0.000900 0.095100 0.062400 0.065500 0.032100 0.000400 0.000000 0.000300 0.032200 0.000300 0.062900 0.000400 0.032100 0.001400 0.065900 0.000300 0.000300 0.174000 0.000400 0.032200 0.000300 0.000300 0.000400 0.000400 0.032000 0.000400 0.061000 0.000300 0.000200 0.000300 0.000000 0.000900 0.000300 0.000200 0.030400 0.032100 0.032100
Suni 0.000400 0.064000 0.033100 0.110300 0.000000 0.000200 0.000000 0.000500 0.032100 0.000300 0.000000 0.029400 0.000200 0.000300 0.000000 0.000500 0.093200 0.060800 0.063500 0.031000 0.000200 0.000300 0.000000 0.031400 0.000000 0.060500 0.000200 0.031000 0.001200 0.063800 0.000000 0.000000 0.171500 0.000200 0.031300 0.000000 0.000000 0.000200 0.001000 0.031000 0.000200 0.058800 0.000000 0.000400 0.000000 0.000300 0.000500 0.000000 0.000500 0.029400 0.031000 0.031000
Springbuck 0.001000 0.062300 0.032200 0.105900 0.000500 0.000700 0.000500 0.000000 0.031300 0.001200 0.000500 0.028700 0.000700 0.000900 0.000500 0.000000 0.091200 0.059100 0.061900 0.030200 0.000700 0.000900 0.000500 0.030800 0.000500 0.059100 0.000700 0.030200 0.000700 0.062400 0.000500 0.000500 0.166500 0.000700 0.030600 0.000500 0.000500 0.000700 0.000700 0.030200 0.000700 0.057100 0.000500 0.001000 0.000500 0.000900 0.000000 0.000500 0.001400 0.028700 0.030200 0.030200
Okapi 0.097300 0.097200 0.141300 0.070800 0.093200 0.095100 0.093200 0.091200 0.138500 0.095400 0.093200 0.128600 0.096800 0.095100 0.093200 0.091200 0.000000 0.029400 0.097300 0.135700 0.095100 0.095100 0.093200 0.134600 0.093200 0.166500 0.096800 0.135700 0.093200 0.173600 0.093200 0.093200 0.061300 0.096800 0.135700 0.093200 0.093200 0.095100 0.095200 0.132900 0.096800 0.160600 0.093200 0.098500 0.093200 0.095100 0.091200 0.093200 0.097700 0.128600 0.135700 0.135700
Giraffe 0.064400 0.064100 0.105100 0.037700 0.060800 0.062700 0.060800 0.059100 0.102200 0.062600 0.060800 0.094000 0.062700 0.062400 0.060800 0.059100 0.029400 0.000000 0.135100 0.099400 0.062700 0.062400 0.060800 0.099500 0.060800 0.130300 0.062700 0.099400 0.060500 0.136600 0.060800 0.060800 0.096100 0.062700 0.099600 0.060800 0.060800 0.062700 0.063000 0.099000 0.062700 0.125300 0.060800 0.064400 0.060800 0.062400 0.059100 0.060800 0.065900 0.094000 0.099400 0.099400
TibetanAnt 0.066400 0.141700 0.032000 0.196800 0.063500 0.064600 0.063500 0.061900 0.031600 0.065100 0.063500 0.063800 0.065600 0.065500 0.063500 0.061900 0.097300 0.135100 0.000000 0.030700 0.064600 0.065500 0.063500 0.099900 0.063500 0.098800 0.065600 0.030700 0.063600 0.062900 0.063500 0.063500 0.171600 0.065600 0.066500 0.063500 0.063500 0.064600 0.065000 0.102500 0.064400 0.128000 0.063500 0.066300 0.063500 0.065500 0.061900 0.063500 0.067200 0.063800 0.030700 0.030700
Sitatunga 0.033100 0.104200 0.000300 0.154300 0.031000 0.032100 0.031000 0.030200 0.000200 0.031500 0.031000 0.031000 0.032100 0.032100 0.031000 0.030200 0.135700 0.099400 0.030700 0.000000 0.032100 0.032100 0.031000 0.066100 0.031000 0.063800 0.032100 0.000000 0.030600 0.030000 0.031000 0.031000 0.219700 0.032100 0.032600 0.031000 0.031000 0.032100 0.032200 0.067100 0.031500 0.094100 0.031000 0.032700 0.031000 0.032100 0.030200 0.031000 0.032700 0.031000 0.000000 0.000000
Oribi 0.000200 0.066200 0.034000 0.112200 0.000200 0.000000 0.000200 0.000700 0.033100 0.000500 0.000200 0.030600 0.000400 0.000400 0.000200 0.000700 0.095100 0.062700 0.064600 0.032100 0.000000 0.000400 0.000200 0.032200 0.000200 0.063100 0.000400 0.032100 0.001200 0.066000 0.000200 0.000200 0.173800 0.000400 0.032300 0.000200 0.000200 0.000000 0.000400 0.032000 0.000400 0.060800 0.000200 0.000600 0.000200 0.000400 0.000700 0.000200 0.000700 0.030600 0.032100 0.032100
BarbaryShe 0.000200 0.066200 0.034000 0.112300 0.000300 0.000400 0.000300 0.000900 0.033000 0.000500 0.000300 0.030400 0.000400 0.000000 0.000300 0.000900 0.095100 0.062400 0.065500 0.032100 0.000400 0.000000 0.000300 0.032200 0.000300 0.062900 0.000400 0.032100 0.001400 0.065900 0.000300 0.000300 0.174000 0.000400 0.032200 0.000300 0.000300 0.000400 0.000400 0.032000 0.000400 0.061000 0.000300 0.000200 0.000300 0.000000 0.000900 0.000300 0.000200 0.030400 0.032100 0.032100
Daviddeer 0.000400 0.064000 0.033100 0.110300 0.000000 0.000200 0.000000 0.000500 0.032100 0.000300 0.000000 0.029400 0.000200 0.000300 0.000000 0.000500 0.093200 0.060800 0.063500 0.031000 0.000200 0.000300 0.000000 0.031400 0.000000 0.060500 0.000200 0.031000 0.001200 0.063800 0.000000 0.000000 0.171500 0.000200 0.031300 0.000000 0.000000 0.000200 0.001000 0.031000 0.000200 0.058800 0.000000 0.000400 0.000000 0.000300 0.000500 0.000000 0.000500 0.029400 0.031000 0.031000
Reindeer 0.032800 0.105200 0.069000 0.072500 0.031400 0.032200 0.031400 0.030800 0.067600 0.032300 0.031400 0.064000 0.032200 0.032200 0.031400 0.030800 0.134600 0.099500 0.099900 0.066100 0.032200 0.032200 0.031400 0.000000 0.031400 0.100000 0.032200 0.066100 0.031700 0.101600 0.031400 0.031400 0.217600 0.032200 0.066500 0.031400 0.031400 0.032200 0.032400 0.067400 0.032100 0.030500 0.031400 0.032600 0.031400 0.032200 0.030800 0.031400 0.033000 0.064000 0.066100 0.066100
Ibex 0.000400 0.064000 0.033100 0.110300 0.000000 0.000200 0.000000 0.000500 0.032100 0.000300 0.000000 0.029400 0.000200 0.000300 0.000000 0.000500 0.093200 0.060800 0.063500 0.031000 0.000200 0.000300 0.000000 0.031400 0.000000 0.060500 0.000200 0.031000 0.001200 0.063800 0.000000 0.000000 0.171500 0.000200 0.031300 0.000000 0.000000 0.000200 0.001000 0.031000 0.000200 0.058800 0.000000 0.000400 0.000000 0.000300 0.000500 0.000000 0.000500 0.029400 0.031000 0.031000
GyrantGaze 0.065300 0.137700 0.068800 0.196500 0.060500 0.063100 0.060500 0.059100 0.066500 0.061800 0.060500 0.029400 0.063100 0.062900 0.060500 0.059100 0.166500 0.130300 0.098800 0.063800 0.063100 0.062900 0.060500 0.100000 0.060500 0.000000 0.063100 0.063800 0.060300 0.098600 0.060500 0.060500 0.261000 0.063100 0.031700 0.060500 0.060500 0.063100 0.063600 0.099000 0.062600 0.058700 0.060500 0.065000 0.060500 0.062900 0.059100 0.060500 0.064500 0.029400 0.063800 0.063800
Hartebeest 0.000600 0.066200 0.034000 0.112200 0.000200 0.000400 0.000200 0.000700 0.033100 0.000500 0.000200 0.030600 0.000000 0.000400 0.000200 0.000700 0.096800 0.062700 0.065600 0.032100 0.000400 0.000400 0.000200 0.032200 0.000200 0.063100 0.000000 0.032100 0.001200 0.066000 0.000200 0.000200 0.175400 0.000000 0.032300 0.000200 0.000200 0.000400 0.001100 0.031700 0.000400 0.060800 0.000200 0.000600 0.000200 0.000400 0.000700 0.000200 0.000700 0.030600 0.032100 0.032100
Bongo 0.033100 0.104200 0.000300 0.154300 0.031000 0.032100 0.031000 0.030200 0.000200 0.031500 0.031000 0.031000 0.032100 0.032100 0.031000 0.030200 0.135700 0.099400 0.030700 0.000000 0.032100 0.032100 0.031000 0.066100 0.031000 0.063800 0.032100 0.000000 0.030600 0.030000 0.031000 0.031000 0.219700 0.032100 0.032600 0.031000 0.031000 0.032100 0.032200 0.067100 0.031500 0.094100 0.031000 0.032700 0.031000 0.032100 0.030200 0.031000 0.032700 0.031000 0.000000 0.000000
Gerenuk 0.001400 0.063300 0.033000 0.109000 0.001200 0.001200 0.001200 0.000700 0.031800 0.000300 0.001200 0.029300 0.001200 0.001400 0.001200 0.000700 0.093200 0.060500 0.063600 0.030600 0.001200 0.001400 0.001200 0.031700 0.001200 0.060300 0.001200 0.030600 0.000000 0.063400 0.001200 0.001200 0.170000 0.001200 0.031300 0.001200 0.001200 0.001200 0.001100 0.030700 0.001200 0.057900 0.001200 0.001400 0.001200 0.001400 0.000700 0.001200 0.000600 0.029300 0.030600 0.030600
CommonElan 0.067700 0.142700 0.032200 0.199700 0.063800 0.066000 0.063800 0.062400 0.031100 0.064900 0.063800 0.063700 0.066000 0.065900 0.063800 0.062400 0.173600 0.136600 0.062900 0.030000 0.066000 0.065900 0.063800 0.101600 0.063800 0.098600 0.066000 0.030000 0.063400 0.000000 0.063800 0.063800 0.262900 0.066000 0.066800 0.063800 0.063800 0.066000 0.066100 0.103400 0.064800 0.129700 0.063800 0.066900 0.063800 0.065900 0.062400 0.063800 0.067400 0.063700 0.030000 0.030000
MuntiacusR 0.000400 0.064000 0.033100 0.110300 0.000000 0.000200 0.000000 0.000500 0.032100 0.000300 0.000000 0.029400 0.000200 0.000300 0.000000 0.000500 0.093200 0.060800 0.063500 0.031000 0.000200 0.000300 0.000000 0.031400 0.000000 0.060500 0.000200 0.031000 0.001200 0.063800 0.000000 0.000000 0.171500 0.000200 0.031300 0.000000 0.000000 0.000200 0.001000 0.031000 0.000200 0.058800 0.000000 0.000400 0.000000 0.000300 0.000500 0.000000 0.000500 0.029400 0.031000 0.031000
HarveysDui 0.000400 0.064000 0.033100 0.110300 0.000000 0.000200 0.000000 0.000500 0.032100 0.000300 0.000000 0.029400 0.000200 0.000300 0.000000 0.000500 0.093200 0.060800 0.063500 0.031000 0.000200 0.000300 0.000000 0.031400 0.000000 0.060500 0.000200 0.031000 0.001200 0.063800 0.000000 0.000000 0.171500 0.000200 0.031300 0.000000 0.000000 0.000200 0.001000 0.031000 0.000200 0.058800 0.000000 0.000400 0.000000 0.000300 0.000500 0.000000 0.000500 0.029400 0.031000 0.031000
Pronghorn 0.176900 0.178600 0.229200 0.151000 0.171500 0.173800 0.171500 0.166500 0.224900 0.175100 0.171500 0.213600 0.175400 0.174000 0.171500 0.166500 0.061300 0.096100 0.171600 0.219700 0.173800 0.174000 0.171500 0.217600 0.171500 0.261000 0.175400 0.219700 0.170000 0.262900 0.171500 0.171500 0.000000 0.175400 0.223100 0.171500 0.171500 0.173800 0.172400 0.216700 0.174100 0.244700 0.171500 0.177500 0.171500 0.174000 0.166500 0.171500 0.178600 0.213600 0.219700 0.219700
BlueWildeb 0.000600 0.066200 0.034000 0.112200 0.000200 0.000400 0.000200 0.000700 0.033100 0.000500 0.000200 0.030600 0.000000 0.000400 0.000200 0.000700 0.096800 0.062700 0.065600 0.032100 0.000400 0.000400 0.000200 0.032200 0.000200 0.063100 0.000000 0.032100 0.001200 0.066000 0.000200 0.000200 0.175400 0.000000 0.032300 0.000200 0.000200 0.000400 0.001100 0.031700 0.000400 0.060800 0.000200 0.000600 0.000200 0.000400 0.000700 0.000200 0.000700 0.030600 0.032100 0.032100
Gemsbok 0.033000 0.105000 0.034400 0.156700 0.031300 0.032300 0.031300 0.030600 0.033500 0.032100 0.031300 0.000400 0.032300 0.032200 0.031300 0.030600 0.135700 0.099600 0.066500 0.032600 0.032300 0.032200 0.031300 0.066500 0.031300 0.031700 0.032300 0.032600 0.031300 0.066800 0.031300 0.031300 0.223100 0.032300 0.000000 0.031300 0.031300 0.032300 0.032400 0.067600 0.032300 0.096200 0.031300 0.032800 0.031300 0.032200 0.030600 0.031300 0.033000 0.000400 0.032600 0.032600
Yak 0.000400 0.064000 0.033100 0.110300 0.000000 0.000200 0.000000 0.000500 0.032100 0.000300 0.000000 0.029400 0.000200 0.000300 0.000000 0.000500 0.093200 0.060800 0.063500 0.031000 0.000200 0.000300 0.000000 0.031400 0.000000 0.060500 0.000200 0.031000 0.001200 0.063800 0.000000 0.000000 0.171500 0.000200 0.031300 0.000000 0.000000 0.000200 0.001000 0.031000 0.000200 0.058800 0.000000 0.000400 0.000000 0.000300 0.000500 0.000000 0.000500 0.029400 0.031000 0.031000
BlueSheep 0.000400 0.064000 0.033100 0.110300 0.000000 0.000200 0.000000 0.000500 0.032100 0.000300 0.000000 0.029400 0.000200 0.000300 0.000000 0.000500 0.093200 0.060800 0.063500 0.031000 0.000200 0.000300 0.000000 0.031400 0.000000 0.060500 0.000200 0.031000 0.001200 0.063800 0.000000 0.000000 0.171500 0.000200 0.031300 0.000000 0.000000 0.000200 0.001000 0.031000 0.000200 0.058800 0.000000 0.000400 0.000000 0.000300 0.000500 0.000000 0.000500 0.029400 0.031000 0.031000
BohorReedb 0.000200 0.066200 0.034000 0.112200 0.000200 0.000000 0.000200 0.000700 0.033100 0.000500 0.000200 0.030600 0.000400 0.000400 0.000200 0.000700 0.095100 0.062700 0.064600 0.032100 0.000000 0.000400 0.000200 0.032200 0.000200 0.063100 0.000400 0.032100 0.001200 0.066000 0.000200 0.000200 0.173800 0.000400 0.032300 0.000200 0.000200 0.000000 0.000400 0.032000 0.000400 0.060800 0.000200 0.000600 0.000200 0.000400 0.000700 0.000200 0.000700 0.030600 0.032100 0.032100
KirksDik 0.000200 0.066500 0.034200 0.112100 0.001000 0.000400 0.001000 0.000700 0.033300 0.001400 0.001000 0.030700 0.001100 0.000400 0.001000 0.000700 0.095200 0.063000 0.065000 0.032200 0.000400 0.000400 0.001000 0.032400 0.001000 0.063600 0.001100 0.032200 0.001100 0.066100 0.001000 0.001000 0.172400 0.001100 0.032400 0.001000 0.001000 0.000400 0.000000 0.032200 0.001100 0.061100 0.001000 0.000600 0.001000 0.000400 0.000700 0.001000 0.000700 0.030700 0.032200 0.032200
RoeDeer 0.032900 0.102900 0.071500 0.154400 0.031000 0.032000 0.031000 0.030200 0.068900 0.031500 0.031000 0.063900 0.031700 0.032000 0.031000 0.030200 0.132900 0.099000 0.102500 0.067100 0.032000 0.032000 0.031000 0.067400 0.031000 0.099000 0.031700 0.067100 0.030700 0.103400 0.031000 0.031000 0.216700 0.031700 0.067600 0.031000 0.031000 0.032000 0.032200 0.000000 0.032000 0.095000 0.031000 0.032900 0.031000 0.032000 0.030200 0.031000 0.032500 0.063900 0.067100 0.067100
WhiteLippe 0.000600 0.066200 0.033600 0.112500 0.000200 0.000400 0.000200 0.000700 0.032700 0.000500 0.000200 0.030300 0.000400 0.000400 0.000200 0.000700 0.096800 0.062700 0.064400 0.031500 0.000400 0.000400 0.000200 0.032100 0.000200 0.062600 0.000400 0.031500 0.001200 0.064800 0.000200 0.000200 0.174100 0.000400 0.032300 0.000200 0.000200 0.000400 0.001100 0.032000 0.000000 0.060200 0.000200 0.000200 0.000200 0.000400 0.000700 0.000200 0.000700 0.030300 0.031500 0.031500
ThomsonGaz 0.062900 0.132000 0.100200 0.102900 0.058800 0.060800 0.058800 0.057100 0.097500 0.060000 0.058800 0.090800 0.060800 0.061000 0.058800 0.057100 0.160600 0.125300 0.128000 0.094100 0.060800 0.061000 0.058800 0.030500 0.058800 0.058700 0.060800 0.094100 0.057900 0.129700 0.058800 0.058800 0.244700 0.060800 0.096200 0.058800 0.058800 0.060800 0.061100 0.095000 0.060200 0.000000 0.058800 0.062400 0.058800 0.061000 0.057100 0.058800 0.062300 0.090800 0.094100 0.094100
MuntiacusC 0.000400 0.064000 0.033100 0.110300 0.000000 0.000200 0.000000 0.000500 0.032100 0.000300 0.000000 0.029400 0.000200 0.000300 0.000000 0.000500 0.093200 0.060800 0.063500 0.031000 0.000200 0.000300 0.000000 0.031400 0.000000 0.060500 0.000200 0.031000 0.001200 0.063800 0.000000 0.000000 0.171500 0.000200 0.031300 0.000000 0.000000 0.000200 0.001000 0.031000 0.000200 0.058800 0.000000 0.000400 0.000000 0.000300 0.000500 0.000000 0.000500 0.029400 0.031000 0.031000
WhiteTaile 0.000300 0.068300 0.034400 0.113700 0.000400 0.000600 0.000400 0.001000 0.033500 0.000700 0.000400 0.031300 0.000600 0.000200 0.000400 0.001000 0.098500 0.064400 0.066300 0.032700 0.000600 0.000200 0.000400 0.032600 0.000400 0.065000 0.000600 0.032700 0.001400 0.066900 0.000400 0.000400 0.177500 0.000600 0.032800 0.000400 0.000400 0.000600 0.000600 0.032900 0.000200 0.062400 0.000400 0.000000 0.000400 0.000200 0.001000 0.000400 0.000300 0.031300 0.032700 0.032700
Cattle 0.000400 0.064000 0.033100 0.110300 0.000000 0.000200 0.000000 0.000500 0.032100 0.000300 0.000000 0.029400 0.000200 0.000300 0.000000 0.000500 0.093200 0.060800 0.063500 0.031000 0.000200 0.000300 0.000000 0.031400 0.000000 0.060500 0.000200 0.031000 0.001200 0.063800 0.000000 0.000000 0.171500 0.000200 0.031300 0.000000 0.000000 0.000200 0.001000 0.031000 0.000200 0.058800 0.000000 0.000400 0.000000 0.000300 0.000500 0.000000 0.000500 0.029400 0.031000 0.031000
RoyalAntel 0.000200 0.066200 0.034000 0.112300 0.000300 0.000400 0.000300 0.000900 0.033000 0.000500 0.000300 0.030400 0.000400 0.000000 0.000300 0.000900 0.095100 0.062400 0.065500 0.032100 0.000400 0.000000 0.000300 0.032200 0.000300 0.062900 0.000400 0.032100 0.001400 0.065900 0.000300 0.000300 0.174000 0.000400 0.032200 0.000300 0.000300 0.000400 0.000400 0.032000 0.000400 0.061000 0.000300 0.000200 0.000300 0.000000 0.000900 0.000300 0.000200 0.030400 0.032100 0.032100
Steenbok 0.001000 0.062300 0.032200 0.106000 0.000500 0.000700 0.000500 0.000000 0.031300 0.001200 0.000500 0.028700 0.000700 0.000900 0.000500 0.000000 0.091200 0.059100 0.061900 0.030200 0.000700 0.000900 0.000500 0.030800 0.000500 0.059100 0.000700 0.030200 0.000700 0.062400 0.000500 0.000500 0.166500 0.000700 0.030600 0.000500 0.000500 0.000700 0.000700 0.030200 0.000700 0.057100 0.000500 0.001000 0.000500 0.000900 0.000000 0.000500 0.001400 0.028700 0.030200 0.030200
Impala 0.000400 0.064000 0.033100 0.110300 0.000000 0.000200 0.000000 0.000500 0.032100 0.000300 0.000000 0.029400 0.000200 0.000300 0.000000 0.000500 0.093200 0.060800 0.063500 0.031000 0.000200 0.000300 0.000000 0.031400 0.000000 0.060500 0.000200 0.031000 0.001200 0.063800 0.000000 0.000000 0.171500 0.000200 0.031300 0.000000 0.000000 0.000200 0.001000 0.031000 0.000200 0.058800 0.000000 0.000400 0.000000 0.000300 0.000500 0.000000 0.000500 0.029400 0.031000 0.031000
Klipspring 0.000300 0.067200 0.034900 0.114100 0.000500 0.000700 0.000500 0.001400 0.033700 0.000200 0.000500 0.031200 0.000700 0.000200 0.000500 0.001400 0.097700 0.065900 0.067200 0.032700 0.000700 0.000200 0.000500 0.033000 0.000500 0.064500 0.000700 0.032700 0.000600 0.067400 0.000500 0.000500 0.178600 0.000700 0.033000 0.000500 0.000500 0.000700 0.000700 0.032500 0.000700 0.062300 0.000500 0.000300 0.000500 0.000200 0.001400 0.000500 0.000000 0.031200 0.032700 0.032700
ForestMusk 0.031500 0.098700 0.033200 0.151700 0.029400 0.030600 0.029400 0.028700 0.032100 0.030000 0.029400 0.000000 0.030600 0.030400 0.029400 0.028700 0.128600 0.094000 0.063800 0.031000 0.030600 0.030400 0.029400 0.064000 0.029400 0.029400 0.030600 0.031000 0.029300 0.063700 0.029400 0.029400 0.213600 0.030600 0.000400 0.029400 0.029400 0.030600 0.030700 0.063900 0.030300 0.090800 0.029400 0.031300 0.029400 0.030400 0.028700 0.029400 0.031200 0.000000 0.031000 0.031000
Bushbuck 0.033100 0.104200 0.000300 0.154300 0.031000 0.032100 0.031000 0.030200 0.000200 0.031500 0.031000 0.031000 0.032100 0.032100 0.031000 0.030200 0.135700 0.099400 0.030700 0.000000 0.032100 0.032100 0.031000 0.066100 0.031000 0.063800 0.032100 0.000000 0.030600 0.030000 0.031000 0.031000 0.219700 0.032100 0.032600 0.031000 0.031000 0.032100 0.032200 0.067100 0.031500 0.094100 0.031000 0.032700 0.031000 0.032100 0.030200 0.031000 0.032700 0.031000 0.000000 0.000000
GreaterKud 0.033100 0.104200 0.000300 0.154300 0.031000 0.032100 0.031000 0.030200 0.000200 0.031500 0.031000 0.031000 0.032100 0.032100 0.031000 0.030200 0.135700 0.099400 0.030700 0.000000 0.032100 0.032100 0.031000 0.066100 0.031000 0.063800 0.032100 0.000000 0.030600 0.030000 0.031000 0.031000 0.219700 0.032100 0.032600 0.031000 0.031000 0.032100 0.032200 0.067100 0.031500 0.094100 0.031000 0.032700 0.031000 0.032100 0.030200 0.031000 0.032700 0.031000 0.000000 0.000000
