1
52 1
Argali 0.000000 0.583900 0.227100 0.538400 0.151400 0.000000 0.126000 0.147800 0.224100 0.281300 0.026300 0.215700 0.122100 0.141400 0.196100 0.149900 0.415200 0.287400 0.078500 0.250900 0.163300 0.051100 0.276600 0.231700 0.039300 0.174800 0.122100 0.224100 0.176500 0.237500 0.281300 0.142400 0.277500 0.135300 0.180600 0.200200 0.026300 0.169200 0.179400 0.274600 0.281400 0.187700 0.296100 0.232400 0.184400 0.168200 0.149800 0.081300 0.139200 0.258300 0.229300 0.237800
LesserMous 0.583900 0.000000 0.693000 0.544000 0.578900 0.581300 0.551700 0.544400 0.632000 0.577300 0.597400 0.633200 0.580400 0.605200 0.593200 0.570200 0.543400 0.452500 0.654000 0.665700 0.568800 0.549500 0.546900 0.536700 0.564700 0.512500 0.580400 0.632000 0.604500 0.651300 0.577300 0.561000 0.501600 0.576600 0.615200 0.639600 0.597400 0.613900 0.614300 0.567900 0.505600 0.527000 0.596600 0.538800 0.634600 0.658000 0.618900 0.525800 0.614600 0.504200 0.648800 0.650500
LesserKudu 0.227100 0.693000 0.000000 0.621200 0.242800 0.226500 0.185200 0.205900 0.025000 0.327600 0.199800 0.151700 0.196700 0.219300 0.238700 0.208800 0.370400 0.248900 0.256000 0.049400 0.191500 0.238600 0.322400 0.312000 0.213300 0.233600 0.196700 0.025100 0.204700 0.036900 0.327600 0.236500 0.360200 0.210200 0.258900 0.137300 0.199800 0.263400 0.207800 0.356200 0.327900 0.232100 0.342800 0.312900 0.122500 0.246400 0.163800 0.199700 0.198800 0.269900 0.025300 0.036900
KillerWhal 0.538400 0.544000 0.621200 0.000000 0.606700 0.536400 0.627700 0.688500 0.611200 0.511400 0.602700 0.618800 0.636200 0.664300 0.622700 0.645900 0.523100 0.435900 0.577000 0.595000 0.563500 0.596800 0.482300 0.432500 0.618200 0.629700 0.636200 0.611200 0.630200 0.628900 0.511400 0.663800 0.417200 0.631700 0.602900 0.614900 0.602700 0.599400 0.697000 0.462200 0.467100 0.644300 0.507900 0.433900 0.619900 0.684800 0.595700 0.527400 0.644500 0.463500 0.579800 0.629700
DefassaWat 0.151400 0.578900 0.242800 0.606700 0.000000 0.151000 0.110900 0.162300 0.239500 0.296500 0.124700 0.199600 0.107500 0.141600 0.180800 0.135000 0.374300 0.252100 0.179200 0.266300 0.148200 0.177400 0.275800 0.231400 0.137900 0.159800 0.107500 0.239500 0.161300 0.253000 0.296500 0.127000 0.328700 0.120600 0.165000 0.216300 0.124700 0.039600 0.163800 0.274200 0.280600 0.172600 0.311400 0.232100 0.200300 0.152800 0.135000 0.095500 0.124200 0.194000 0.212600 0.221100
Sheep 0.000000 0.581300 0.226500 0.536400 0.151000 0.000000 0.125700 0.147400 0.223400 0.280400 0.026100 0.215100 0.121200 0.141000 0.195700 0.149500 0.413700 0.286500 0.077900 0.250100 0.162800 0.050700 0.275700 0.231000 0.039000 0.174400 0.121200 0.223400 0.176000 0.236800 0.280400 0.142000 0.276600 0.134200 0.180100 0.199700 0.026100 0.168700 0.179000 0.273700 0.280500 0.187300 0.295200 0.231700 0.183900 0.167700 0.149500 0.081100 0.138800 0.257600 0.228600 0.237100
MaxwellsDu 0.126000 0.551700 0.185200 0.627700 0.110900 0.125700 0.000000 0.137300 0.182600 0.202700 0.098700 0.158900 0.111100 0.084600 0.157200 0.109100 0.365100 0.259800 0.124200 0.209500 0.122500 0.152700 0.216400 0.238300 0.112300 0.105900 0.111100 0.182600 0.135700 0.196100 0.202700 0.070300 0.338900 0.124600 0.170100 0.175400 0.098700 0.127600 0.080700 0.282100 0.220100 0.147400 0.217100 0.238900 0.159500 0.126300 0.109100 0.069000 0.097600 0.199700 0.155500 0.196400
GazellaPrz 0.147800 0.544400 0.205900 0.688500 0.162300 0.147400 0.137300 0.000000 0.173400 0.341900 0.121600 0.164300 0.162500 0.108900 0.192700 0.077000 0.402700 0.313400 0.175000 0.199100 0.089700 0.144800 0.336400 0.290900 0.106100 0.101400 0.162500 0.173400 0.102200 0.186800 0.341900 0.094700 0.338800 0.175600 0.221500 0.149800 0.121600 0.179700 0.131400 0.334100 0.342100 0.113700 0.357100 0.291700 0.135100 0.179000 0.104100 0.121700 0.121200 0.283600 0.207700 0.187000
MountainNy 0.224100 0.632000 0.025000 0.611200 0.239500 0.223400 0.182600 0.173400 0.000000 0.323100 0.197100 0.149600 0.194100 0.216300 0.235700 0.175800 0.365300 0.245400 0.252600 0.024500 0.159500 0.235500 0.317900 0.307600 0.179500 0.200300 0.194100 0.000000 0.172400 0.036400 0.323100 0.233100 0.355100 0.207400 0.255600 0.135400 0.197100 0.259700 0.205000 0.351300 0.323300 0.199000 0.338000 0.308600 0.120900 0.243000 0.161600 0.197000 0.196000 0.266300 0.025000 0.036400
MuntiacusM 0.281300 0.577300 0.327600 0.511400 0.296500 0.280400 0.202700 0.341900 0.323100 0.000000 0.288200 0.355800 0.332400 0.307700 0.369100 0.326500 0.284200 0.250600 0.244900 0.350900 0.306200 0.344300 0.065600 0.080600 0.302100 0.283700 0.332400 0.323100 0.320100 0.337700 0.000000 0.290800 0.261900 0.346500 0.363000 0.357900 0.288200 0.319200 0.291400 0.121100 0.039700 0.331600 0.012800 0.081200 0.339500 0.353300 0.291700 0.285000 0.319300 0.164000 0.311900 0.337200
goat 0.026300 0.597400 0.199800 0.602700 0.124700 0.026100 0.098700 0.121600 0.197100 0.288200 0.000000 0.188100 0.095000 0.113800 0.200100 0.123300 0.425600 0.258600 0.079800 0.224000 0.136800 0.053400 0.283500 0.237100 0.013100 0.148600 0.095000 0.197100 0.150100 0.210700 0.288200 0.114700 0.320000 0.108200 0.153600 0.172600 0.000000 0.141700 0.152700 0.280900 0.288400 0.161700 0.303500 0.237800 0.156900 0.141200 0.123300 0.083100 0.112100 0.231100 0.201700 0.210900
AfricanBuf 0.215700 0.633200 0.151700 0.618800 0.199600 0.215100 0.158900 0.164300 0.149600 0.355800 0.188100 0.000000 0.200200 0.175100 0.245800 0.166800 0.456700 0.290000 0.230100 0.176100 0.180400 0.242600 0.348800 0.301800 0.201700 0.177900 0.200200 0.149600 0.193700 0.163100 0.355800 0.191800 0.351200 0.213900 0.263700 0.067600 0.188100 0.186600 0.166100 0.346400 0.355000 0.205500 0.371600 0.302700 0.053700 0.202400 0.166800 0.156700 0.187500 0.244600 0.123200 0.162800
Topi 0.122100 0.580400 0.196700 0.636200 0.107500 0.121200 0.111100 0.162500 0.194100 0.332400 0.095000 0.200200 0.000000 0.126200 0.181700 0.135200 0.376000 0.218500 0.148500 0.220700 0.148400 0.118700 0.310300 0.264500 0.108200 0.160000 0.000000 0.194100 0.161500 0.207300 0.332400 0.127100 0.347600 0.013100 0.107000 0.217200 0.095000 0.123700 0.164200 0.308100 0.315900 0.144100 0.347700 0.265200 0.200900 0.152800 0.106500 0.095600 0.095200 0.224800 0.167200 0.176700
CommonDuik 0.141400 0.605200 0.219300 0.664300 0.141600 0.141000 0.084600 0.108900 0.216300 0.307700 0.113800 0.175100 0.126200 0.000000 0.187500 0.081200 0.407000 0.298300 0.169700 0.243700 0.094500 0.168200 0.285700 0.274900 0.127500 0.106800 0.126200 0.216300 0.107700 0.229900 0.307700 0.041900 0.343500 0.139800 0.186300 0.159900 0.113800 0.159600 0.081300 0.319900 0.291100 0.119700 0.323100 0.275700 0.144200 0.157600 0.081200 0.098600 0.098200 0.267300 0.188500 0.230300
Suni 0.196100 0.593200 0.238700 0.622700 0.180800 0.195700 0.157200 0.192700 0.235700 0.369100 0.200100 0.245800 0.181700 0.187500 0.000000 0.179500 0.374500 0.293100 0.253000 0.260900 0.192100 0.192000 0.347800 0.338300 0.212800 0.202800 0.181700 0.235700 0.204600 0.248200 0.369100 0.173400 0.401400 0.165900 0.239200 0.231000 0.200100 0.198100 0.151200 0.314300 0.338000 0.215000 0.383700 0.339200 0.229600 0.197000 0.179400 0.142100 0.141600 0.330100 0.210400 0.248600
Springbuck 0.149900 0.570200 0.208800 0.645900 0.135000 0.149500 0.109100 0.077000 0.175800 0.326500 0.123300 0.166800 0.135200 0.081200 0.179500 0.000000 0.406500 0.282500 0.177200 0.201700 0.063600 0.175800 0.304900 0.260800 0.107600 0.075600 0.135200 0.175800 0.050100 0.219000 0.326500 0.098000 0.342200 0.148300 0.163600 0.152400 0.123300 0.151900 0.105000 0.304000 0.310500 0.087900 0.341500 0.261500 0.137400 0.150200 0.077600 0.094100 0.093600 0.254000 0.179500 0.219400
Okapi 0.415200 0.543400 0.370400 0.523100 0.374300 0.413700 0.365100 0.402700 0.365300 0.284200 0.425600 0.456700 0.376000 0.407000 0.374500 0.406500 0.000000 0.193100 0.448500 0.393300 0.348000 0.405600 0.233200 0.271200 0.439900 0.431300 0.376000 0.365300 0.398200 0.345200 0.284200 0.388500 0.267100 0.390100 0.446800 0.436800 0.425600 0.399500 0.384200 0.315700 0.268800 0.408200 0.298600 0.273800 0.417500 0.436000 0.333600 0.402700 0.362500 0.298000 0.337300 0.344800
Giraffe 0.287400 0.452500 0.248900 0.435900 0.252100 0.286500 0.259800 0.313400 0.245400 0.250600 0.258600 0.290000 0.218500 0.298300 0.293100 0.282500 0.193100 0.000000 0.318400 0.240600 0.262400 0.280100 0.230900 0.187000 0.272700 0.307900 0.218500 0.245400 0.276300 0.227200 0.250600 0.281000 0.183700 0.232400 0.249300 0.292300 0.258600 0.273800 0.316700 0.231000 0.234900 0.255000 0.265300 0.188700 0.290400 0.306800 0.215300 0.240300 0.239200 0.182400 0.217800 0.259200
TibetanAnt 0.078500 0.654000 0.256000 0.577000 0.179200 0.077900 0.124200 0.175000 0.252600 0.244900 0.079800 0.230100 0.148500 0.169700 0.253000 0.177200 0.448500 0.318400 0.000000 0.279500 0.160700 0.130900 0.274400 0.229100 0.092700 0.143900 0.148500 0.252600 0.203900 0.266400 0.244900 0.171000 0.344300 0.161500 0.208400 0.214100 0.079800 0.197300 0.207800 0.271400 0.278600 0.185600 0.259400 0.229700 0.198300 0.196800 0.177300 0.137700 0.167200 0.223600 0.258900 0.266500
Sitatunga 0.250900 0.665700 0.049400 0.595000 0.266300 0.250100 0.209500 0.199100 0.024500 0.350900 0.224000 0.176100 0.220700 0.243700 0.260900 0.201700 0.393300 0.240600 0.279500 0.000000 0.185100 0.262000 0.345400 0.335300 0.205900 0.225800 0.220700 0.023900 0.197900 0.036600 0.350900 0.260800 0.348100 0.233900 0.282600 0.161500 0.224000 0.287000 0.231200 0.379100 0.351100 0.195500 0.365900 0.336400 0.146800 0.270100 0.187500 0.223800 0.222800 0.292900 0.049600 0.060300
Oribi 0.163300 0.568800 0.191500 0.563500 0.148200 0.162800 0.122500 0.089700 0.159500 0.306200 0.136800 0.180400 0.148400 0.094500 0.192100 0.063600 0.348000 0.262400 0.160700 0.185100 0.000000 0.189000 0.252800 0.241800 0.120800 0.088000 0.148400 0.159500 0.064000 0.201900 0.306200 0.109100 0.321300 0.161400 0.176800 0.165800 0.136800 0.165400 0.118000 0.284000 0.290500 0.100200 0.321000 0.242500 0.150800 0.134500 0.063600 0.107300 0.106800 0.235900 0.162800 0.202200
BarbaryShe 0.051100 0.549500 0.238600 0.596800 0.177400 0.050700 0.152700 0.144800 0.235500 0.344300 0.053400 0.242600 0.118700 0.168200 0.192000 0.175800 0.405600 0.280100 0.130900 0.262000 0.189000 0.000000 0.338600 0.292400 0.064600 0.200200 0.118700 0.235500 0.202100 0.218000 0.344300 0.169300 0.305200 0.103700 0.176500 0.227000 0.051900 0.195700 0.205500 0.301400 0.328200 0.183600 0.359500 0.293200 0.211000 0.194600 0.146400 0.107400 0.165600 0.284900 0.240800 0.218300
Daviddeer 0.276600 0.546900 0.322400 0.482300 0.275800 0.275700 0.216400 0.336400 0.317900 0.065600 0.283500 0.348800 0.310300 0.285700 0.347800 0.304900 0.233200 0.230900 0.274400 0.345400 0.252800 0.338600 0.000000 0.093300 0.297100 0.296800 0.310300 0.317900 0.299200 0.332700 0.065300 0.269500 0.242100 0.324100 0.340200 0.367600 0.283500 0.297500 0.238800 0.133600 0.052100 0.310600 0.078900 0.094100 0.349400 0.295800 0.271400 0.264200 0.297600 0.177200 0.290900 0.332000
Reindeer 0.231700 0.536700 0.312000 0.432500 0.231400 0.231000 0.238300 0.290900 0.307600 0.080600 0.237100 0.301800 0.264500 0.274900 0.338300 0.260800 0.271200 0.187000 0.229100 0.335300 0.241800 0.292400 0.093300 0.000000 0.250900 0.253700 0.264500 0.307600 0.255400 0.321700 0.080600 0.258300 0.167200 0.278400 0.295700 0.320700 0.237100 0.252000 0.294500 0.065900 0.066900 0.267200 0.093900 0.000000 0.302800 0.283900 0.227800 0.219600 0.252100 0.135700 0.280400 0.321600
Ibex 0.039300 0.564700 0.213300 0.618200 0.137900 0.039000 0.112300 0.106100 0.179500 0.302100 0.013100 0.201700 0.108200 0.127500 0.212800 0.107600 0.439900 0.272700 0.092700 0.205900 0.120800 0.064600 0.297100 0.250900 0.000000 0.132600 0.108200 0.179500 0.133900 0.223900 0.302100 0.128500 0.333900 0.121300 0.167000 0.186200 0.013100 0.155200 0.166000 0.294600 0.302300 0.145500 0.317300 0.251700 0.170500 0.154600 0.136500 0.096600 0.125600 0.244500 0.215300 0.224100
GyrantGaze 0.174800 0.512500 0.233600 0.629700 0.159800 0.174400 0.105900 0.101400 0.200300 0.283700 0.148600 0.177900 0.160000 0.106800 0.202800 0.075600 0.431300 0.307900 0.143900 0.225800 0.088000 0.200200 0.296800 0.253700 0.132600 0.000000 0.160000 0.200300 0.100300 0.243300 0.283700 0.121300 0.367900 0.173000 0.218600 0.163600 0.148600 0.177000 0.129800 0.295500 0.302000 0.035900 0.297900 0.254400 0.148700 0.175000 0.102100 0.119300 0.118700 0.216400 0.204800 0.243800
Hartebeest 0.122100 0.580400 0.196700 0.636200 0.107500 0.121200 0.111100 0.162500 0.194100 0.332400 0.095000 0.200200 0.000000 0.126200 0.181700 0.135200 0.376000 0.218500 0.148500 0.220700 0.148400 0.118700 0.310300 0.264500 0.108200 0.160000 0.000000 0.194100 0.161500 0.207300 0.332400 0.127100 0.347600 0.012600 0.107000 0.217200 0.095000 0.123700 0.164200 0.308100 0.315900 0.144100 0.347700 0.265200 0.200900 0.152800 0.106500 0.095600 0.095200 0.224800 0.167200 0.176700
Bongo 0.224100 0.632000 0.025100 0.611200 0.239500 0.223400 0.182600 0.173400 0.000000 0.323100 0.197100 0.149600 0.194100 0.216300 0.235700 0.175800 0.365300 0.245400 0.252600 0.023900 0.159500 0.235500 0.317900 0.307600 0.179500 0.200300 0.194100 0.000000 0.172400 0.036200 0.323100 0.233100 0.355100 0.207400 0.255600 0.135400 0.197100 0.259700 0.205000 0.351300 0.323300 0.199000 0.338000 0.308600 0.120900 0.243000 0.161600 0.197000 0.196000 0.266300 0.025000 0.036900
Gerenuk 0.176500 0.604500 0.204700 0.630200 0.161300 0.176000 0.135700 0.102200 0.172400 0.320100 0.150100 0.193700 0.161500 0.107700 0.204600 0.050100 0.398200 0.276300 0.203900 0.197900 0.064000 0.202100 0.299200 0.255400 0.133900 0.100300 0.161500 0.172400 0.000000 0.214900 0.320100 0.122400 0.335100 0.174500 0.189900 0.179200 0.150100 0.178700 0.130700 0.297800 0.304300 0.112500 0.334800 0.256100 0.164000 0.176900 0.076100 0.120300 0.119800 0.249100 0.175900 0.215200
CommonElan 0.237500 0.651300 0.036900 0.628900 0.253000 0.236800 0.196100 0.186800 0.036400 0.337700 0.210700 0.163100 0.207300 0.229900 0.248200 0.219000 0.345200 0.227200 0.266400 0.036600 0.201900 0.218000 0.332700 0.321700 0.223900 0.243300 0.207300 0.036200 0.214900 0.000000 0.337700 0.246900 0.301100 0.220500 0.268900 0.148400 0.210700 0.273400 0.218200 0.365500 0.337900 0.212200 0.352800 0.322700 0.133800 0.256900 0.174500 0.210400 0.209400 0.280000 0.037300 0.023900
MuntiacusR 0.281300 0.577300 0.327600 0.511400 0.296500 0.280400 0.202700 0.341900 0.323100 0.000000 0.288200 0.355800 0.332400 0.307700 0.369100 0.326500 0.284200 0.250600 0.244900 0.350900 0.306200 0.344300 0.065300 0.080600 0.302100 0.283700 0.332400 0.323100 0.320100 0.337700 0.000000 0.290800 0.261900 0.346500 0.363000 0.357900 0.288200 0.319200 0.291400 0.121100 0.039700 0.331600 0.012800 0.081200 0.339500 0.353300 0.291700 0.285000 0.319300 0.164000 0.311900 0.337200
HarveysDui 0.142400 0.561000 0.236500 0.663800 0.127000 0.142000 0.070300 0.094700 0.233100 0.290800 0.114700 0.191800 0.127100 0.041900 0.173400 0.098000 0.388500 0.281000 0.171000 0.260800 0.109100 0.169300 0.269500 0.258300 0.128500 0.121300 0.127100 0.233100 0.122400 0.246900 0.290800 0.000000 0.361700 0.140800 0.187400 0.176300 0.114700 0.144500 0.095800 0.302900 0.274400 0.134300 0.306100 0.259000 0.160200 0.142900 0.095700 0.084300 0.083900 0.251400 0.205200 0.247300
Pronghorn 0.277500 0.501600 0.360200 0.417200 0.328700 0.276600 0.338900 0.338800 0.355100 0.261900 0.320000 0.351200 0.347600 0.343500 0.401400 0.342200 0.267100 0.183700 0.344300 0.348100 0.321300 0.305200 0.242100 0.167200 0.333900 0.367900 0.347600 0.355100 0.335100 0.301100 0.261900 0.361700 0.000000 0.361700 0.379900 0.369800 0.320000 0.353400 0.341800 0.240400 0.246300 0.347200 0.276600 0.167700 0.351300 0.387300 0.306900 0.282100 0.352700 0.224300 0.327100 0.334400
BlueWildeb 0.135300 0.576600 0.210200 0.631700 0.120600 0.134200 0.124600 0.175600 0.207400 0.346500 0.108200 0.213900 0.013100 0.139800 0.165900 0.148300 0.390100 0.232400 0.161500 0.233900 0.161400 0.103700 0.324100 0.278400 0.121300 0.173000 0.012600 0.207400 0.174500 0.220500 0.346500 0.140800 0.361700 0.000000 0.120100 0.231100 0.108200 0.137000 0.177400 0.287700 0.313800 0.156800 0.361800 0.279200 0.214700 0.166100 0.119400 0.108900 0.108500 0.238100 0.180700 0.189800
Gemsbok 0.180600 0.615200 0.258900 0.602900 0.165000 0.180100 0.170100 0.221500 0.255600 0.363000 0.153600 0.263700 0.107000 0.186300 0.239200 0.163600 0.446800 0.249300 0.208400 0.282600 0.176800 0.176500 0.340200 0.295700 0.167000 0.218600 0.107000 0.255600 0.189900 0.268900 0.363000 0.187400 0.379900 0.120100 0.000000 0.266600 0.153600 0.183200 0.224000 0.339700 0.346500 0.201300 0.378200 0.296600 0.264800 0.213300 0.134300 0.153700 0.183800 0.254400 0.228400 0.236700
Yak 0.200200 0.639600 0.137300 0.614900 0.216300 0.199700 0.175400 0.149800 0.135400 0.357900 0.172600 0.067600 0.217200 0.159900 0.231000 0.152400 0.436800 0.292300 0.214100 0.161500 0.165800 0.227000 0.367600 0.320700 0.186200 0.163600 0.217200 0.135400 0.179200 0.148400 0.357900 0.176300 0.369800 0.231100 0.266600 0.000000 0.172600 0.203400 0.151500 0.365700 0.374500 0.190700 0.373700 0.321600 0.013100 0.219200 0.152300 0.173000 0.172400 0.261800 0.138500 0.148500
BlueSheep 0.026300 0.597400 0.199800 0.602700 0.124700 0.026100 0.098700 0.121600 0.197100 0.288200 0.000000 0.188100 0.095000 0.113800 0.200100 0.123300 0.425600 0.258600 0.079800 0.224000 0.136800 0.051900 0.283500 0.237100 0.013100 0.148600 0.095000 0.197100 0.150100 0.210700 0.288200 0.114700 0.320000 0.108200 0.153600 0.172600 0.000000 0.141700 0.152700 0.280900 0.288400 0.161700 0.303500 0.237800 0.156900 0.141200 0.123300 0.083100 0.112100 0.231100 0.201700 0.210900
BohorReedb 0.169200 0.613900 0.263400 0.599400 0.039600 0.168700 0.127600 0.179700 0.259700 0.319200 0.141700 0.186600 0.123700 0.159600 0.198100 0.151900 0.399500 0.273800 0.197300 0.287000 0.165400 0.195700 0.297500 0.252000 0.155200 0.177000 0.123700 0.259700 0.178700 0.273400 0.319200 0.144500 0.353400 0.137000 0.183200 0.203400 0.141700 0.000000 0.151200 0.295700 0.302800 0.190100 0.334500 0.252700 0.187300 0.170500 0.151900 0.111900 0.141200 0.212700 0.232200 0.240400
KirksDik 0.179400 0.614300 0.207800 0.697000 0.163800 0.179000 0.080700 0.131400 0.205000 0.291400 0.152700 0.166100 0.164200 0.081300 0.151200 0.105000 0.384200 0.316700 0.207800 0.231200 0.118000 0.205500 0.238800 0.294500 0.166000 0.129800 0.164200 0.205000 0.130700 0.218200 0.291400 0.095800 0.341800 0.177400 0.224000 0.151500 0.152700 0.151200 0.000000 0.304100 0.275800 0.142400 0.306100 0.295300 0.136700 0.180800 0.105000 0.122900 0.122300 0.287000 0.178700 0.218400
RoeDeer 0.274600 0.567900 0.356200 0.462200 0.274200 0.273700 0.282100 0.334100 0.351300 0.121100 0.280900 0.346400 0.308100 0.319900 0.314300 0.304000 0.315700 0.231000 0.271400 0.379100 0.284000 0.301400 0.133600 0.065900 0.294600 0.295500 0.308100 0.351300 0.297800 0.365500 0.121100 0.302900 0.240400 0.287700 0.339700 0.365700 0.280900 0.295700 0.304100 0.000000 0.093600 0.309100 0.134400 0.066000 0.347400 0.328000 0.270000 0.262800 0.295800 0.176700 0.324200 0.365300
WhiteLippe 0.281400 0.505600 0.327900 0.467100 0.280600 0.280500 0.220100 0.342100 0.323300 0.039700 0.288400 0.355000 0.315900 0.291100 0.338000 0.310500 0.268800 0.234900 0.278600 0.351100 0.290500 0.328200 0.052100 0.066900 0.302300 0.302000 0.315900 0.323300 0.304300 0.337900 0.039700 0.274400 0.246300 0.313800 0.346500 0.374500 0.288400 0.302800 0.275800 0.093600 0.000000 0.315900 0.052400 0.067500 0.355900 0.336500 0.276100 0.269000 0.302900 0.179900 0.295900 0.337400
ThomsonGaz 0.187700 0.527000 0.232100 0.644300 0.172600 0.187300 0.147400 0.113700 0.199000 0.331600 0.161700 0.205500 0.144100 0.119700 0.215000 0.087900 0.408200 0.255000 0.185600 0.195500 0.100200 0.183600 0.310600 0.267200 0.145500 0.035900 0.144100 0.199000 0.112500 0.212200 0.331600 0.134300 0.347200 0.156800 0.201300 0.190700 0.161700 0.190100 0.142400 0.309100 0.315900 0.000000 0.346200 0.267900 0.175600 0.188100 0.087800 0.132100 0.131500 0.260600 0.203500 0.242300
MuntiacusC 0.296100 0.596600 0.342800 0.507900 0.311400 0.295200 0.217100 0.357100 0.338000 0.012800 0.303500 0.371600 0.347700 0.323100 0.383700 0.341500 0.298600 0.265300 0.259400 0.365900 0.321000 0.359500 0.078900 0.093900 0.317300 0.297900 0.347700 0.338000 0.334800 0.352800 0.012800 0.306100 0.276600 0.361800 0.378200 0.373700 0.303500 0.334500 0.306100 0.134400 0.052400 0.346200 0.000000 0.094700 0.355100 0.369000 0.306400 0.265600 0.334600 0.177700 0.327000 0.352200
WhiteTaile 0.232400 0.538800 0.312900 0.433900 0.232100 0.231700 0.238900 0.291700 0.308600 0.081200 0.237800 0.302700 0.265200 0.275700 0.339200 0.261500 0.273800 0.188700 0.229700 0.336400 0.242500 0.293200 0.094100 0.000000 0.251700 0.254400 0.265200 0.308600 0.256100 0.322700 0.081200 0.259000 0.167700 0.279200 0.296600 0.321600 0.237800 0.252700 0.295300 0.066000 0.067500 0.267900 0.094700 0.000000 0.303700 0.284700 0.228400 0.220200 0.252700 0.136700 0.281200 0.322600
Cattle 0.184400 0.634600 0.122500 0.619900 0.200300 0.183900 0.159500 0.135100 0.120900 0.339500 0.156900 0.053700 0.200900 0.144200 0.229600 0.137400 0.417500 0.290400 0.198300 0.146800 0.150800 0.211000 0.349400 0.302800 0.170500 0.148700 0.200900 0.120900 0.164000 0.133800 0.339500 0.160200 0.351300 0.214700 0.264800 0.013100 0.156900 0.187300 0.136700 0.347400 0.355900 0.175600 0.355100 0.303700 0.000000 0.203000 0.137300 0.157300 0.156700 0.245300 0.123600 0.133900
RoyalAntel 0.168200 0.658000 0.246400 0.684800 0.152800 0.167700 0.126300 0.179000 0.243000 0.353300 0.141200 0.202400 0.152800 0.157600 0.197000 0.150200 0.436000 0.306800 0.196800 0.270100 0.134500 0.194600 0.295800 0.283900 0.154600 0.175000 0.152800 0.243000 0.176900 0.256900 0.353300 0.142900 0.387300 0.166100 0.213300 0.219200 0.141200 0.170500 0.180800 0.328000 0.336500 0.188100 0.369000 0.284700 0.203000 0.000000 0.150300 0.110500 0.139800 0.244300 0.215600 0.257000
Steenbok 0.149800 0.618900 0.163800 0.595700 0.135000 0.149500 0.109100 0.104100 0.161600 0.291700 0.123300 0.166800 0.106500 0.081200 0.179400 0.077600 0.333600 0.215300 0.177300 0.187500 0.063600 0.146400 0.271400 0.227800 0.136500 0.102100 0.106500 0.161600 0.076100 0.174500 0.291700 0.095700 0.306900 0.119400 0.134300 0.152300 0.123300 0.151900 0.105000 0.270000 0.276100 0.087800 0.306400 0.228400 0.137300 0.150300 0.000000 0.094000 0.093600 0.222200 0.135400 0.174800
Impala 0.081300 0.525800 0.199700 0.527400 0.095500 0.081100 0.069000 0.121700 0.197000 0.285000 0.083100 0.156700 0.095600 0.098600 0.142100 0.094100 0.402700 0.240300 0.137700 0.223800 0.107300 0.107400 0.264200 0.219600 0.096600 0.119300 0.095600 0.197000 0.120300 0.210400 0.285000 0.084300 0.282100 0.108900 0.153700 0.173000 0.083100 0.111900 0.122900 0.262800 0.269000 0.132100 0.265600 0.220200 0.157300 0.110500 0.094000 0.000000 0.082400 0.214000 0.169800 0.210700
Klipspring 0.139200 0.614600 0.198800 0.644500 0.124200 0.138800 0.097600 0.121200 0.196000 0.319300 0.112100 0.187500 0.095200 0.098200 0.141600 0.093600 0.362500 0.239200 0.167200 0.222800 0.106800 0.165600 0.297600 0.252100 0.125600 0.118700 0.095200 0.196000 0.119800 0.209400 0.319300 0.083900 0.352700 0.108500 0.183800 0.172400 0.112100 0.141200 0.122300 0.295800 0.302900 0.131500 0.334600 0.252700 0.156700 0.139800 0.093600 0.082400 0.000000 0.245600 0.169000 0.209700
ForestMusk 0.258300 0.504200 0.269900 0.463500 0.194000 0.257600 0.199700 0.283600 0.266300 0.164000 0.231100 0.244600 0.224800 0.267300 0.330100 0.254000 0.298000 0.182400 0.223600 0.292900 0.235900 0.284900 0.177200 0.135700 0.244500 0.216400 0.224800 0.266300 0.249100 0.280000 0.164000 0.251400 0.224300 0.238100 0.254400 0.261800 0.231100 0.212700 0.287000 0.176700 0.179900 0.260600 0.177700 0.136700 0.245300 0.244300 0.222200 0.214000 0.245600 0.000000 0.240000 0.247600
Bushbuck 0.229300 0.648800 0.025300 0.579800 0.212600 0.228600 0.155500 0.207700 0.025000 0.311900 0.201700 0.123200 0.167200 0.188500 0.210400 0.179500 0.337300 0.217800 0.258900 0.049600 0.162800 0.240800 0.290900 0.280400 0.215300 0.204800 0.167200 0.025000 0.175900 0.037300 0.311900 0.205200 0.327100 0.180700 0.228400 0.138500 0.201700 0.232200 0.178700 0.324200 0.295900 0.203500 0.327000 0.281200 0.123600 0.215600 0.135400 0.169800 0.169000 0.240000 0.000000 0.037300
GreaterKud 0.237800 0.650500 0.036900 0.629700 0.221100 0.237100 0.196400 0.187000 0.036400 0.337200 0.210900 0.162800 0.176700 0.230300 0.248600 0.219400 0.344800 0.259200 0.266500 0.060300 0.202200 0.218300 0.332000 0.321600 0.224100 0.243800 0.176700 0.036900 0.215200 0.023900 0.337200 0.247300 0.334400 0.189800 0.236700 0.148500 0.210900 0.240400 0.218400 0.365300 0.337400 0.242300 0.352200 0.322600 0.133900 0.257000 0.174800 0.210700 0.209700 0.247600 0.037300 0.000000
