CODONML (in paml version 4.10.7, June 2023)  /home/rachel/ruminants_paml/6406-phy-tree/ENSBTAT00000032564.fasta.phy
Model: free dN/dS Ratios for branches,  kappa = 2.000 fixed

Codon frequency model: F3x4
ns =  54  ls = 107

Codon usage in sequences
--------------------------------------------------------------------------------------------------------------------------------------
Phe TTT   2   0   2   2   2   1 | Ser TCT   1   1   1   1   1   1 | Tyr TAT   0   0   0   0   0   0 | Cys TGT   1   1   1   1   1   1
    TTC   5   7   5   5   4   6 |     TCC   1   1   1   1   1   1 |     TAC   1   1   1   1   1   1 |     TGC   0   0   0   0   0   0
Leu TTA   1   1   1   1   1   0 |     TCA   1   0   1   1   0   0 | *** TAA   0   0   0   0   0   0 | *** TGA   0   0   0   0   0   0
    TTG   5   5   5   5   4   5 |     TCG   0   1   0   0   1   0 |     TAG   0   0   0   0   0   0 | Trp TGG   1   1   1   1   1   1
--------------------------------------------------------------------------------------------------------------------------------------
Leu CTT   1   1   2   1   0   0 | Pro CCT   3   3   3   3   3   2 | His CAT   2   1   2   2   2   2 | Arg CGT   3   2   3   3   1   2
    CTC   0   0   0   0   1   1 |     CCC   4   4   4   4   4   5 |     CAC   1   2   1   1   1   1 |     CGC   0   1   0   0   2   1
    CTA   0   0   0   0   0   1 |     CCA   4   3   4   4   3   4 | Gln CAA   1   0   1   1   2   0 |     CGA   1   1   0   1   1   2
    CTG   1   1   1   1   3   1 |     CCG   0   1   0   0   1   0 |     CAG   4   6   5   5   3   5 |     CGG   3   2   3   2   2   2
--------------------------------------------------------------------------------------------------------------------------------------
Ile ATT   5   4   5   5   5   4 | Thr ACT   2   1   2   2   0   1 | Asn AAT   2   1   2   2   4   3 | Ser AGT   0   0   0   0   0   0
    ATC   1   1   1   1   0   2 |     ACC   2   3   1   2   2   2 |     AAC   3   4   2   3   1   3 |     AGC   1   1   2   1   0   1
    ATA   0   0   0   0   1   0 |     ACA   3   2   4   2   1   3 | Lys AAA   8   7   8   8   8   8 | Arg AGA   3   4   3   3   3   3
Met ATG   2   2   2   2   2   2 |     ACG   0   1   0   1   3   1 |     AAG   2   2   2   2   2   2 |     AGG   1   1   1   1   2   1
--------------------------------------------------------------------------------------------------------------------------------------
Val GTT   3   4   2   3   3   3 | Ala GCT   3   3   3   4   5   3 | Asp GAT   1   1   1   0   2   1 | Gly GGT   1   1   1   1   1   1
    GTC   2   2   2   2   3   2 |     GCC   5   5   5   4   3   4 |     GAC   4   5   4   5   4   4 |     GGC   0   0   0   0   0   0
    GTA   0   0   0   0   0   0 |     GCA   1   1   1   1   1   3 | Glu GAA   2   0   2   2   0   0 |     GGA   0   0   0   1   0   0
    GTG   0   0   0   0   0   0 |     GCG   0   0   0   0   0   0 |     GAG   2   3   2   2   4   3 |     GGG   1   1   1   0   1   1
--------------------------------------------------------------------------------------------------------------------------------------

--------------------------------------------------------------------------------------------------------------------------------------
Phe TTT   2   2   2   2   2   2 | Ser TCT   1   1   1   1   1   1 | Tyr TAT   0   0   0   0   0   0 | Cys TGT   1   1   1   1   1   2
    TTC   5   5   5   5   5   5 |     TCC   1   1   1   1   1   1 |     TAC   1   1   1   1   1   1 |     TGC   0   0   0   0   0   0
Leu TTA   1   1   1   1   1   2 |     TCA   1   1   1   1   1   1 | *** TAA   0   0   0   0   0   0 | *** TGA   0   0   0   0   0   0
    TTG   5   5   5   5   5   4 |     TCG   0   0   0   0   0   0 |     TAG   0   0   0   0   0   0 | Trp TGG   1   1   1   1   1   1
--------------------------------------------------------------------------------------------------------------------------------------
Leu CTT   1   1   1   1   2   1 | Pro CCT   3   3   3   3   3   3 | His CAT   2   2   2   2   2   2 | Arg CGT   3   3   3   3   3   1
    CTC   0   0   0   0   0   0 |     CCC   4   4   4   4   4   4 |     CAC   1   1   1   1   1   1 |     CGC   0   0   0   0   0   0
    CTA   0   0   0   0   0   0 |     CCA   4   4   4   4   4   3 | Gln CAA   1   1   1   1   1   1 |     CGA   1   1   1   1   0   2
    CTG   1   1   1   1   1   1 |     CCG   0   0   0   0   0   1 |     CAG   5   4   5   5   5   5 |     CGG   2   3   2   2   3   2
--------------------------------------------------------------------------------------------------------------------------------------
Ile ATT   5   5   6   5   5   4 | Thr ACT   2   2   2   2   2   2 | Asn AAT   3   2   3   2   2   3 | Ser AGT   0   0   0   0   0   0
    ATC   1   1   1   1   1   2 |     ACC   2   2   2   2   1   2 |     AAC   2   3   2   3   2   2 |     AGC   1   1   1   1   2   1
    ATA   0   0   0   0   0   0 |     ACA   3   3   2   2   3   2 | Lys AAA   8   8   8   7   8   8 | Arg AGA   3   3   3   4   3   3
Met ATG   2   2   2   2   2   2 |     ACG   0   0   1   1   1   1 |     AAG   2   2   2   2   2   2 |     AGG   1   1   1   1   1   1
--------------------------------------------------------------------------------------------------------------------------------------
Val GTT   3   3   2   3   2   3 | Ala GCT   3   3   3   3   3   4 | Asp GAT   1   1   1   1   1   1 | Gly GGT   1   1   1   1   1   1
    GTC   2   2   2   2   2   2 |     GCC   5   5   5   5   5   4 |     GAC   4   4   4   4   4   4 |     GGC   0   0   0   0   0   0
    GTA   0   0   0   0   0   0 |     GCA   1   1   1   1   1   1 | Glu GAA   2   2   2   2   2   1 |     GGA   1   0   0   0   0   0
    GTG   0   0   0   0   0   0 |     GCG   0   0   0   0   0   0 |     GAG   2   2   2   2   2   3 |     GGG   0   1   1   1   1   1
--------------------------------------------------------------------------------------------------------------------------------------

--------------------------------------------------------------------------------------------------------------------------------------
Phe TTT   2   2   2   2   2   2 | Ser TCT   1   0   1   1   1   1 | Tyr TAT   0   0   0   0   0   0 | Cys TGT   1   1   1   1   1   1
    TTC   5   5   5   5   5   5 |     TCC   1   2   1   1   1   1 |     TAC   1   1   1   1   1   1 |     TGC   0   0   0   0   0   0
Leu TTA   1   1   1   1   0   1 |     TCA   1   1   1   1   1   1 | *** TAA   0   0   0   0   0   0 | *** TGA   0   0   0   0   0   0
    TTG   5   5   5   5   5   5 |     TCG   0   0   0   0   0   0 |     TAG   0   0   0   0   0   0 | Trp TGG   1   1   1   1   1   1
--------------------------------------------------------------------------------------------------------------------------------------
Leu CTT   1   1   1   1   1   1 | Pro CCT   3   3   3   3   3   3 | His CAT   2   2   2   2   2   2 | Arg CGT   3   3   3   3   3   3
    CTC   0   0   0   0   0   0 |     CCC   4   4   4   4   4   4 |     CAC   1   1   1   1   1   1 |     CGC   0   0   0   0   0   0
    CTA   0   0   0   0   0   0 |     CCA   4   4   4   4   4   4 | Gln CAA   1   2   1   1   1   1 |     CGA   1   1   1   1   1   1
    CTG   1   1   1   1   1   1 |     CCG   0   0   0   0   0   0 |     CAG   4   4   5   5   5   5 |     CGG   3   2   2   2   2   2
--------------------------------------------------------------------------------------------------------------------------------------
Ile ATT   5   5   4   4   5   5 | Thr ACT   2   2   2   2   2   2 | Asn AAT   2   2   2   3   2   2 | Ser AGT   0   0   0   0   0   0
    ATC   1   1   1   1   1   1 |     ACC   2   2   3   2   2   2 |     AAC   3   3   3   2   3   3 |     AGC   1   1   1   1   1   1
    ATA   0   0   0   0   0   0 |     ACA   2   2   2   2   2   2 | Lys AAA   8   8   8   8   8   8 | Arg AGA   3   3   3   3   3   3
Met ATG   2   2   2   2   2   2 |     ACG   1   1   1   1   1   1 |     AAG   2   2   2   2   2   2 |     AGG   1   1   1   1   1   1
--------------------------------------------------------------------------------------------------------------------------------------
Val GTT   3   3   4   4   3   3 | Ala GCT   3   3   3   3   2   3 | Asp GAT   1   1   1   1   1   1 | Gly GGT   1   1   1   1   1   1
    GTC   2   2   2   2   2   2 |     GCC   5   5   4   5   6   5 |     GAC   4   4   4   4   4   4 |     GGC   0   0   0   0   0   0
    GTA   0   0   0   0   1   0 |     GCA   1   1   1   1   1   1 | Glu GAA   2   2   1   3   2   2 |     GGA   0   0   0   0   0   0
    GTG   0   0   0   0   0   0 |     GCG   0   0   0   0   0   0 |     GAG   2   2   3   1   2   2 |     GGG   1   1   1   1   1   1
--------------------------------------------------------------------------------------------------------------------------------------

--------------------------------------------------------------------------------------------------------------------------------------
Phe TTT   2   2   2   2   2   2 | Ser TCT   1   1   1   1   1   1 | Tyr TAT   0   0   0   0   0   0 | Cys TGT   1   1   1   1   1   1
    TTC   5   5   5   5   5   5 |     TCC   1   1   1   1   1   1 |     TAC   1   1   1   1   1   1 |     TGC   0   0   0   0   0   0
Leu TTA   2   2   1   1   1   1 |     TCA   1   1   1   1   0   1 | *** TAA   0   0   0   0   0   0 | *** TGA   0   0   0   0   0   0
    TTG   4   4   5   5   5   5 |     TCG   0   0   0   0   1   0 |     TAG   0   0   0   0   0   0 | Trp TGG   1   1   1   1   1   1
--------------------------------------------------------------------------------------------------------------------------------------
Leu CTT   1   1   1   2   1   1 | Pro CCT   3   3   3   3   4   3 | His CAT   1   2   2   2   2   2 | Arg CGT   4   3   3   3   3   3
    CTC   0   0   0   0   0   0 |     CCC   4   4   4   4   3   4 |     CAC   1   1   1   1   1   1 |     CGC   0   0   0   0   0   0
    CTA   0   0   0   0   0   0 |     CCA   4   4   4   4   4   3 | Gln CAA   1   1   1   1   1   1 |     CGA   1   1   1   0   1   1
    CTG   1   1   1   1   1   1 |     CCG   0   0   0   0   0   1 |     CAG   5   5   4   5   5   4 |     CGG   2   2   3   3   2   3
--------------------------------------------------------------------------------------------------------------------------------------
Ile ATT   4   4   5   5   5   5 | Thr ACT   2   2   2   2   2   2 | Asn AAT   2   2   2   2   2   2 | Ser AGT   0   0   0   0   0   0
    ATC   2   3   1   1   1   1 |     ACC   2   2   2   1   2   2 |     AAC   3   3   3   2   3   3 |     AGC   1   1   1   2   1   1
    ATA   0   0   0   0   0   0 |     ACA   2   2   1   4   2   2 | Lys AAA   8   7   7   8   8   8 | Arg AGA   3   3   4   3   3   3
Met ATG   2   2   2   1   2   2 |     ACG   1   1   2   0   1   1 |     AAG   2   3   2   2   2   2 |     AGG   1   1   1   1   1   1
--------------------------------------------------------------------------------------------------------------------------------------
Val GTT   3   3   3   2   3   3 | Ala GCT   4   4   4   3   3   3 | Asp GAT   2   2   1   1   1   1 | Gly GGT   1   1   1   1   1   1
    GTC   2   1   2   2   2   2 |     GCC   4   4   4   5   5   5 |     GAC   3   3   4   4   5   4 |     GGC   0   0   0   0   0   0
    GTA   0   0   0   0   0   0 |     GCA   1   1   1   1   1   1 | Glu GAA   1   1   2   2   2   2 |     GGA   0   0   0   0   0   0
    GTG   0   0   0   1   0   0 |     GCG   0   0   0   0   0   0 |     GAG   3   3   2   2   1   2 |     GGG   1   1   1   1   1   1
--------------------------------------------------------------------------------------------------------------------------------------

--------------------------------------------------------------------------------------------------------------------------------------
Phe TTT   2   2   2   2   2   2 | Ser TCT   1   1   1   1   1   1 | Tyr TAT   0   0   0   0   0   0 | Cys TGT   1   1   1   1   1   1
    TTC   5   5   5   5   5   5 |     TCC   1   1   1   1   1   1 |     TAC   1   1   1   1   1   1 |     TGC   0   0   0   0   0   0
Leu TTA   2   2   1   1   1   1 |     TCA   1   1   1   1   1   1 | *** TAA   0   0   0   0   0   0 | *** TGA   0   0   0   0   0   0
    TTG   4   4   5   5   5   5 |     TCG   0   0   0   0   0   0 |     TAG   0   0   0   0   0   0 | Trp TGG   1   1   1   1   1   1
--------------------------------------------------------------------------------------------------------------------------------------
Leu CTT   1   1   1   1   1   2 | Pro CCT   3   3   3   3   3   3 | His CAT   2   2   2   2   2   2 | Arg CGT   1   2   3   3   3   3
    CTC   0   0   0   0   0   0 |     CCC   4   4   4   4   4   4 |     CAC   1   1   1   1   1   1 |     CGC   0   0   0   0   0   0
    CTA   0   0   0   0   0   0 |     CCA   3   3   4   4   4   4 | Gln CAA   1   0   1   1   1   1 |     CGA   2   1   1   1   1   0
    CTG   1   1   1   1   1   1 |     CCG   1   1   0   0   0   0 |     CAG   5   5   4   5   5   5 |     CGG   2   2   3   2   2   3
--------------------------------------------------------------------------------------------------------------------------------------
Ile ATT   4   4   5   5   5   5 | Thr ACT   2   2   2   3   2   2 | Asn AAT   3   2   3   2   2   2 | Ser AGT   0   0   0   0   0   0
    ATC   2   2   1   1   1   1 |     ACC   2   2   2   2   2   1 |     AAC   2   3   2   3   3   2 |     AGC   1   1   1   1   1   2
    ATA   0   1   0   0   0   0 |     ACA   2   1   2   1   2   3 | Lys AAA   8   9   8   8   8   8 | Arg AGA   3   3   3   3   3   3
Met ATG   2   2   2   3   2   2 |     ACG   1   1   1   0   1   1 |     AAG   2   2   2   2   2   2 |     AGG   1   1   1   1   1   1
--------------------------------------------------------------------------------------------------------------------------------------
Val GTT   3   3   3   3   3   2 | Ala GCT   3   3   3   3   3   3 | Asp GAT   2   1   1   1   1   1 | Gly GGT   2   2   1   1   1   1
    GTC   2   2   2   2   2   2 |     GCC   5   5   5   5   5   5 |     GAC   3   4   4   4   4   4 |     GGC   0   0   0   0   0   0
    GTA   0   0   0   0   0   0 |     GCA   1   1   1   1   1   1 | Glu GAA   1   1   2   2   1   2 |     GGA   0   0   0   0   0   0
    GTG   0   0   0   0   0   0 |     GCG   0   0   0   0   0   0 |     GAG   3   3   2   2   3   2 |     GGG   1   1   1   1   1   1
--------------------------------------------------------------------------------------------------------------------------------------

--------------------------------------------------------------------------------------------------------------------------------------
Phe TTT   2   2   2   2   2   2 | Ser TCT   1   1   1   1   1   1 | Tyr TAT   0   0   0   0   0   0 | Cys TGT   1   1   2   1   1   1
    TTC   5   5   5   5   5   5 |     TCC   1   1   1   1   1   1 |     TAC   1   1   1   1   1   1 |     TGC   0   0   0   0   0   0
Leu TTA   1   1   2   1   2   1 |     TCA   1   1   1   1   1   1 | *** TAA   0   0   0   0   0   0 | *** TGA   0   0   0   0   0   0
    TTG   5   5   4   5   4   5 |     TCG   0   0   0   0   0   0 |     TAG   0   0   0   0   0   0 | Trp TGG   1   1   1   1   1   1
--------------------------------------------------------------------------------------------------------------------------------------
Leu CTT   1   2   1   1   1   1 | Pro CCT   3   3   3   4   3   3 | His CAT   2   2   2   2   2   2 | Arg CGT   3   3   1   3   3   3
    CTC   0   0   0   0   0   0 |     CCC   4   4   4   3   4   4 |     CAC   1   1   1   1   1   1 |     CGC   0   0   0   0   0   0
    CTA   0   0   0   0   0   0 |     CCA   4   4   3   4   4   4 | Gln CAA   1   1   1   1   1   1 |     CGA   1   0   2   1   2   1
    CTG   1   1   1   1   1   1 |     CCG   0   0   1   0   0   0 |     CAG   5   5   5   5   5   5 |     CGG   2   3   2   2   1   2
--------------------------------------------------------------------------------------------------------------------------------------
Ile ATT   5   5   4   5   4   5 | Thr ACT   2   2   2   2   2   2 | Asn AAT   2   2   3   2   3   2 | Ser AGT   0   0   0   0   0   0
    ATC   1   1   2   1   2   1 |     ACC   2   1   2   3   2   2 |     AAC   3   2   2   3   2   3 |     AGC   1   2   1   1   1   1
    ATA   0   0   0   0   0   0 |     ACA   2   3   2   2   2   2 | Lys AAA   8   8   8   8   8   8 | Arg AGA   3   3   3   3   3   3
Met ATG   2   2   2   2   2   2 |     ACG   1   1   1   1   1   1 |     AAG   2   2   2   2   2   2 |     AGG   1   1   1   1   1   1
--------------------------------------------------------------------------------------------------------------------------------------
Val GTT   3   2   3   3   3   3 | Ala GCT   3   3   4   3   3   3 | Asp GAT   1   1   1   1   1   1 | Gly GGT   1   1   1   1   1   1
    GTC   2   2   2   2   2   2 |     GCC   5   5   4   4   5   5 |     GAC   4   4   4   4   4   4 |     GGC   0   0   0   0   0   0
    GTA   0   0   0   0   0   0 |     GCA   1   1   1   1   1   1 | Glu GAA   2   2   1   3   1   1 |     GGA   0   0   0   0   0   0
    GTG   0   0   0   0   0   0 |     GCG   0   0   0   0   0   0 |     GAG   2   2   3   1   3   3 |     GGG   1   1   1   1   1   1
--------------------------------------------------------------------------------------------------------------------------------------

--------------------------------------------------------------------------------------------------------------------------------------
Phe TTT   2   2   2   2   2   2 | Ser TCT   1   1   1   1   1   1 | Tyr TAT   0   0   0   0   0   0 | Cys TGT   1   1   1   1   1   1
    TTC   5   5   5   5   4   5 |     TCC   1   1   1   1   1   1 |     TAC   1   1   1   1   1   1 |     TGC   0   0   0   0   0   0
Leu TTA   1   1   1   1   1   2 |     TCA   1   1   1   1   1   1 | *** TAA   0   0   0   0   0   0 | *** TGA   0   0   0   0   0   0
    TTG   5   5   5   5   5   4 |     TCG   0   0   0   0   0   0 |     TAG   0   0   0   0   0   0 | Trp TGG   1   1   1   1   1   1
--------------------------------------------------------------------------------------------------------------------------------------
Leu CTT   1   1   1   1   1   1 | Pro CCT   3   3   3   3   3   3 | His CAT   2   2   2   2   2   2 | Arg CGT   3   3   3   3   3   2
    CTC   0   0   0   0   1   0 |     CCC   4   4   4   4   4   4 |     CAC   1   1   1   1   1   1 |     CGC   0   0   0   0   0   0
    CTA   0   0   0   0   0   0 |     CCA   4   4   4   4   4   3 | Gln CAA   1   2   1   1   1   1 |     CGA   1   1   1   1   1   0
    CTG   1   1   1   1   1   1 |     CCG   0   0   0   0   0   1 |     CAG   5   4   4   5   5   5 |     CGG   2   2   3   2   2   2
--------------------------------------------------------------------------------------------------------------------------------------
Ile ATT   5   5   5   5   5   4 | Thr ACT   2   2   3   2   2   1 | Asn AAT   2   2   2   3   2   2 | Ser AGT   0   0   0   0   0   0
    ATC   1   1   1   1   1   2 |     ACC   2   2   1   2   2   3 |     AAC   3   3   3   2   3   3 |     AGC   1   1   1   1   1   1
    ATA   0   0   0   0   0   1 |     ACA   2   2   2   3   2   1 | Lys AAA   8   8   8   8   8   8 | Arg AGA   3   3   3   3   3   4
Met ATG   2   2   2   2   2   2 |     ACG   1   1   1   0   1   1 |     AAG   2   2   2   2   2   2 |     AGG   1   1   1   1   1   1
--------------------------------------------------------------------------------------------------------------------------------------
Val GTT   3   3   3   3   3   3 | Ala GCT   3   3   3   3   3   3 | Asp GAT   1   1   1   1   1   1 | Gly GGT   1   1   1   1   1   2
    GTC   2   2   2   2   2   2 |     GCC   5   5   5   5   5   5 |     GAC   4   4   4   4   4   4 |     GGC   0   0   0   0   0   0
    GTA   0   0   0   0   0   0 |     GCA   1   1   1   1   1   1 | Glu GAA   2   2   2   2   2   1 |     GGA   0   0   0   1   0   0
    GTG   0   0   0   0   0   0 |     GCG   0   0   0   0   0   0 |     GAG   2   2   2   2   2   3 |     GGG   1   1   1   0   1   1
--------------------------------------------------------------------------------------------------------------------------------------

--------------------------------------------------------------------------------------------------------------------------------------
Phe TTT   2   2   2   2   2   2 | Ser TCT   1   1   1   1   1   1 | Tyr TAT   0   0   0   0   0   0 | Cys TGT   1   1   2   1   1   1
    TTC   5   5   5   5   5   5 |     TCC   1   1   1   1   1   1 |     TAC   1   1   1   1   1   1 |     TGC   0   0   0   0   0   0
Leu TTA   2   1   2   2   1   1 |     TCA   1   1   1   1   1   1 | *** TAA   0   0   0   0   0   0 | *** TGA   0   0   0   0   0   0
    TTG   4   5   4   4   5   5 |     TCG   0   0   0   0   0   0 |     TAG   0   0   0   0   0   0 | Trp TGG   1   1   1   1   1   1
--------------------------------------------------------------------------------------------------------------------------------------
Leu CTT   1   1   1   1   1   1 | Pro CCT   3   3   3   3   3   3 | His CAT   2   2   2   2   2   2 | Arg CGT   1   3   1   2   3   3
    CTC   0   0   0   0   0   0 |     CCC   4   4   4   4   4   5 |     CAC   1   1   1   1   1   1 |     CGC   0   0   0   0   0   0
    CTA   0   0   0   0   0   0 |     CCA   3   4   3   3   4   3 | Gln CAA   1   1   1   0   2   1 |     CGA   2   1   2   1   1   1
    CTG   1   1   1   1   1   1 |     CCG   1   0   1   1   0   0 |     CAG   5   5   5   5   4   5 |     CGG   2   2   2   2   2   2
--------------------------------------------------------------------------------------------------------------------------------------
Ile ATT   4   5   4   4   5   5 | Thr ACT   2   2   2   2   2   2 | Asn AAT   3   2   3   2   2   2 | Ser AGT   0   0   0   0   0   0
    ATC   2   1   2   2   1   1 |     ACC   2   2   2   2   2   2 |     AAC   2   3   2   3   3   3 |     AGC   1   1   1   1   1   1
    ATA   0   0   0   1   0   0 |     ACA   2   2   2   1   1   2 | Lys AAA   8   8   8   9   8   8 | Arg AGA   3   4   3   3   3   3
Met ATG   2   3   2   2   2   2 |     ACG   1   0   1   1   2   1 |     AAG   2   2   2   2   2   2 |     AGG   1   0   1   1   1   1
--------------------------------------------------------------------------------------------------------------------------------------
Val GTT   3   3   3   3   3   3 | Ala GCT   4   3   4   3   3   4 | Asp GAT   3   1   1   1   1   1 | Gly GGT   2   1   1   2   1   1
    GTC   2   2   2   2   2   2 |     GCC   4   5   4   5   5   4 |     GAC   2   4   4   4   4   4 |     GGC   0   0   0   0   0   0
    GTA   0   0   0   0   0   0 |     GCA   1   1   1   1   1   1 | Glu GAA   1   2   1   1   2   2 |     GGA   0   0   0   0   0   0
    GTG   0   0   0   0   0   0 |     GCG   0   0   0   0   0   0 |     GAG   3   2   3   3   2   2 |     GGG   1   1   1   1   1   1
--------------------------------------------------------------------------------------------------------------------------------------

--------------------------------------------------------------------------------------------------------------------------------------
Phe TTT   2   2   2   2   2   2 | Ser TCT   1   2   1   1   1   1 | Tyr TAT   0   0   0   0   0   0 | Cys TGT   1   1   1   1   1   1
    TTC   5   5   5   5   5   5 |     TCC   1   1   1   1   1   1 |     TAC   1   1   1   1   1   1 |     TGC   0   0   0   0   0   0
Leu TTA   1   2   1   1   1   1 |     TCA   1   1   1   1   1   1 | *** TAA   0   0   0   0   0   0 | *** TGA   0   0   0   0   0   0
    TTG   5   4   5   5   5   5 |     TCG   0   0   0   0   0   0 |     TAG   0   0   0   0   0   0 | Trp TGG   1   1   1   1   1   1
--------------------------------------------------------------------------------------------------------------------------------------
Leu CTT   1   1   1   1   2   2 | Pro CCT   3   3   3   3   3   3 | His CAT   2   2   2   2   2   2 | Arg CGT   3   3   3   3   3   3
    CTC   0   0   0   0   0   0 |     CCC   4   4   4   4   4   4 |     CAC   1   1   1   1   1   1 |     CGC   0   0   0   0   0   0
    CTA   0   0   0   0   0   0 |     CCA   4   4   4   4   4   4 | Gln CAA   1   1   1   1   1   1 |     CGA   1   0   1   1   0   0
    CTG   1   1   1   1   1   1 |     CCG   0   0   0   0   0   0 |     CAG   6   5   5   5   5   5 |     CGG   1   2   2   2   3   3
--------------------------------------------------------------------------------------------------------------------------------------
Ile ATT   5   5   5   5   5   5 | Thr ACT   2   2   3   2   2   2 | Asn AAT   2   2   2   2   2   2 | Ser AGT   0   0   0   0   0   0
    ATC   1   1   1   1   1   1 |     ACC   2   2   2   2   1   1 |     AAC   3   3   3   3   2   2 |     AGC   1   1   1   1   2   2
    ATA   0   0   0   0   0   0 |     ACA   2   2   2   2   3   3 | Lys AAA   8   8   8   8   8   8 | Arg AGA   3   4   3   3   3   3
Met ATG   2   2   2   2   2   1 |     ACG   1   1   1   1   1   1 |     AAG   2   2   2   2   2   2 |     AGG   1   1   1   1   1   1
--------------------------------------------------------------------------------------------------------------------------------------
Val GTT   3   3   3   3   2   2 | Ala GCT   3   2   2   4   3   3 | Asp GAT   1   1   1   0   2   1 | Gly GGT   1   1   1   1   1   1
    GTC   2   2   2   2   2   2 |     GCC   5   5   5   4   5   5 |     GAC   4   4   4   5   3   4 |     GGC   0   0   0   0   0   0
    GTA   0   0   0   0   0   0 |     GCA   1   1   1   1   1   1 | Glu GAA   2   2   2   2   2   2 |     GGA   0   0   0   1   0   0
    GTG   0   0   0   0   0   1 |     GCG   0   0   0   0   0   0 |     GAG   2   2   2   2   2   2 |     GGG   1   1   1   0   1   1
--------------------------------------------------------------------------------------------------------------------------------------

Codon position x base (3x4) table for each sequence.

#1: Argali         
position  1:    T:0.17757    C:0.26168    A:0.32710    G:0.23364
position  2:    T:0.26168    C:0.28037    A:0.30841    G:0.14953
position  3:    T:0.28037    C:0.28037    A:0.23364    G:0.20561
Average         T:0.23988    C:0.27414    A:0.28972    G:0.19626

#2: LesserMouseDeer
position  1:    T:0.17757    C:0.26168    A:0.31776    G:0.24299
position  2:    T:0.26168    C:0.28037    A:0.30841    G:0.14953
position  3:    T:0.22430    C:0.34579    A:0.17757    G:0.25234
Average         T:0.22118    C:0.29595    A:0.26791    G:0.21495

#3: LesserKudu     
position  1:    T:0.17757    C:0.27103    A:0.32710    G:0.22430
position  2:    T:0.26168    C:0.28037    A:0.30841    G:0.14953
position  3:    T:0.28037    C:0.27103    A:0.23364    G:0.21495
Average         T:0.23988    C:0.27414    A:0.28972    G:0.19626

#4: ForestMuskDeer2
position  1:    T:0.17757    C:0.26168    A:0.32710    G:0.23364
position  2:    T:0.26168    C:0.28037    A:0.31776    G:0.14019
position  3:    T:0.28037    C:0.28037    A:0.23364    G:0.20561
Average         T:0.23988    C:0.27414    A:0.29283    G:0.19315

#5: Camel          
position  1:    T:0.15888    C:0.27103    A:0.31776    G:0.25234
position  2:    T:0.27103    C:0.27103    A:0.31776    G:0.14019
position  3:    T:0.28037    C:0.25234    A:0.19626    G:0.27103
Average         T:0.23676    C:0.26480    A:0.27726    G:0.22118

#6: KillerWhale    
position  1:    T:0.15888    C:0.27103    A:0.33645    G:0.23364
position  2:    T:0.26168    C:0.28037    A:0.30841    G:0.14953
position  3:    T:0.23364    C:0.31776    A:0.22430    G:0.22430
Average         T:0.21807    C:0.28972    A:0.28972    G:0.20249

#7: DefassaWaterbuck
position  1:    T:0.17757    C:0.26168    A:0.32710    G:0.23364
position  2:    T:0.26168    C:0.28037    A:0.31776    G:0.14019
position  3:    T:0.28972    C:0.27103    A:0.24299    G:0.19626
Average         T:0.24299    C:0.27103    A:0.29595    G:0.19003

#8: Sheep          
position  1:    T:0.17757    C:0.26168    A:0.32710    G:0.23364
position  2:    T:0.26168    C:0.28037    A:0.30841    G:0.14953
position  3:    T:0.28037    C:0.28037    A:0.23364    G:0.20561
Average         T:0.23988    C:0.27414    A:0.28972    G:0.19626

#9: MaxwellsDuiker 
position  1:    T:0.17757    C:0.26168    A:0.33645    G:0.22430
position  2:    T:0.26168    C:0.28037    A:0.31776    G:0.14019
position  3:    T:0.28972    C:0.27103    A:0.22430    G:0.21495
Average         T:0.24299    C:0.27103    A:0.29283    G:0.19315

#10: GazellaPrzewalskyi
position  1:    T:0.17757    C:0.26168    A:0.32710    G:0.23364
position  2:    T:0.26168    C:0.28037    A:0.30841    G:0.14953
position  3:    T:0.28037    C:0.28037    A:0.22430    G:0.21495
Average         T:0.23988    C:0.27414    A:0.28660    G:0.19938

#11: MountainNyala  
position  1:    T:0.17757    C:0.27103    A:0.32710    G:0.22430
position  2:    T:0.26168    C:0.28037    A:0.30841    G:0.14953
position  3:    T:0.28037    C:0.27103    A:0.22430    G:0.22430
Average         T:0.23988    C:0.27414    A:0.28660    G:0.19938

#12: MuntiacusMuntjak
position  1:    T:0.18692    C:0.25234    A:0.32710    G:0.23364
position  2:    T:0.26168    C:0.28037    A:0.31776    G:0.14019
position  3:    T:0.28037    C:0.27103    A:0.22430    G:0.22430
Average         T:0.24299    C:0.26791    A:0.28972    G:0.19938

#13: goat           
position  1:    T:0.17757    C:0.26168    A:0.32710    G:0.23364
position  2:    T:0.26168    C:0.28037    A:0.30841    G:0.14953
position  3:    T:0.28037    C:0.28037    A:0.22430    G:0.21495
Average         T:0.23988    C:0.27414    A:0.28660    G:0.19938

#14: AfricanBuffalo 
position  1:    T:0.17757    C:0.26168    A:0.32710    G:0.23364
position  2:    T:0.26168    C:0.28037    A:0.31776    G:0.14019
position  3:    T:0.27103    C:0.28972    A:0.23364    G:0.20561
Average         T:0.23676    C:0.27726    A:0.29283    G:0.19315

#15: Topi           
position  1:    T:0.17757    C:0.26168    A:0.32710    G:0.23364
position  2:    T:0.26168    C:0.28037    A:0.31776    G:0.14019
position  3:    T:0.28037    C:0.28037    A:0.21495    G:0.22430
Average         T:0.23988    C:0.27414    A:0.28660    G:0.19938

#16: CommonDuiker   
position  1:    T:0.17757    C:0.26168    A:0.31776    G:0.24299
position  2:    T:0.26168    C:0.28037    A:0.31776    G:0.14019
position  3:    T:0.28972    C:0.27103    A:0.23364    G:0.20561
Average         T:0.24299    C:0.27103    A:0.28972    G:0.19626

#17: Suni           
position  1:    T:0.16822    C:0.26168    A:0.32710    G:0.24299
position  2:    T:0.26168    C:0.28037    A:0.31776    G:0.14019
position  3:    T:0.27103    C:0.28972    A:0.22430    G:0.21495
Average         T:0.23364    C:0.27726    A:0.28972    G:0.19938

#18: Springbuck     
position  1:    T:0.17757    C:0.26168    A:0.32710    G:0.23364
position  2:    T:0.26168    C:0.28037    A:0.31776    G:0.14019
position  3:    T:0.28037    C:0.28037    A:0.22430    G:0.21495
Average         T:0.23988    C:0.27414    A:0.28972    G:0.19626

#19: Okapi          
position  1:    T:0.17757    C:0.26168    A:0.32710    G:0.23364
position  2:    T:0.26168    C:0.28037    A:0.30841    G:0.14953
position  3:    T:0.28972    C:0.27103    A:0.22430    G:0.21495
Average         T:0.24299    C:0.27103    A:0.28660    G:0.19938

#20: Giraffe        
position  1:    T:0.17757    C:0.26168    A:0.33645    G:0.22430
position  2:    T:0.26168    C:0.28037    A:0.31776    G:0.14019
position  3:    T:0.28972    C:0.27103    A:0.21495    G:0.22430
Average         T:0.24299    C:0.27103    A:0.28972    G:0.19626

#21: TibetanAntelope
position  1:    T:0.17757    C:0.26168    A:0.32710    G:0.23364
position  2:    T:0.26168    C:0.28037    A:0.29907    G:0.15888
position  3:    T:0.28972    C:0.27103    A:0.21495    G:0.22430
Average         T:0.24299    C:0.27103    A:0.28037    G:0.20561

#22: Sitatunga      
position  1:    T:0.17757    C:0.27103    A:0.31776    G:0.23364
position  2:    T:0.26168    C:0.28037    A:0.30841    G:0.14953
position  3:    T:0.28037    C:0.27103    A:0.23364    G:0.21495
Average         T:0.23988    C:0.27414    A:0.28660    G:0.19938

#23: Oribi          
position  1:    T:0.17757    C:0.26168    A:0.32710    G:0.23364
position  2:    T:0.26168    C:0.28037    A:0.31776    G:0.14019
position  3:    T:0.28972    C:0.28037    A:0.21495    G:0.21495
Average         T:0.24299    C:0.27414    A:0.28660    G:0.19626

#24: BarbarySheep   
position  1:    T:0.17757    C:0.26168    A:0.32710    G:0.23364
position  2:    T:0.26168    C:0.28037    A:0.30841    G:0.14953
position  3:    T:0.28037    C:0.28037    A:0.21495    G:0.22430
Average         T:0.23988    C:0.27414    A:0.28349    G:0.20249

#25: Daviddeer      
position  1:    T:0.17757    C:0.25234    A:0.32710    G:0.24299
position  2:    T:0.26168    C:0.28037    A:0.31776    G:0.14019
position  3:    T:0.28037    C:0.27103    A:0.22430    G:0.22430
Average         T:0.23988    C:0.26791    A:0.28972    G:0.20249

#26: Reindeer       
position  1:    T:0.17757    C:0.24299    A:0.33645    G:0.24299
position  2:    T:0.27103    C:0.27103    A:0.31776    G:0.14019
position  3:    T:0.27103    C:0.28972    A:0.21495    G:0.22430
Average         T:0.23988    C:0.26791    A:0.28972    G:0.20249

#27: Ibex           
position  1:    T:0.17757    C:0.26168    A:0.32710    G:0.23364
position  2:    T:0.26168    C:0.28037    A:0.30841    G:0.14953
position  3:    T:0.28972    C:0.27103    A:0.22430    G:0.21495
Average         T:0.24299    C:0.27103    A:0.28660    G:0.19938

#28: GyrantGazelle  
position  1:    T:0.17757    C:0.26168    A:0.32710    G:0.23364
position  2:    T:0.27103    C:0.27103    A:0.31776    G:0.14019
position  3:    T:0.28972    C:0.28037    A:0.21495    G:0.21495
Average         T:0.24611    C:0.27103    A:0.28660    G:0.19626

#29: Hartebeest     
position  1:    T:0.17757    C:0.26168    A:0.32710    G:0.23364
position  2:    T:0.26168    C:0.28037    A:0.31776    G:0.14019
position  3:    T:0.28037    C:0.28037    A:0.21495    G:0.22430
Average         T:0.23988    C:0.27414    A:0.28660    G:0.19938

#30: Bongo          
position  1:    T:0.17757    C:0.27103    A:0.32710    G:0.22430
position  2:    T:0.26168    C:0.28037    A:0.30841    G:0.14953
position  3:    T:0.28037    C:0.27103    A:0.22430    G:0.22430
Average         T:0.23988    C:0.27414    A:0.28660    G:0.19938

#31: Gerenuk        
position  1:    T:0.17757    C:0.26168    A:0.32710    G:0.23364
position  2:    T:0.26168    C:0.28037    A:0.31776    G:0.14019
position  3:    T:0.28037    C:0.28037    A:0.22430    G:0.21495
Average         T:0.23988    C:0.27414    A:0.28972    G:0.19626

#32: CommonEland    
position  1:    T:0.17757    C:0.27103    A:0.32710    G:0.22430
position  2:    T:0.26168    C:0.28037    A:0.30841    G:0.14953
position  3:    T:0.28037    C:0.27103    A:0.22430    G:0.22430
Average         T:0.23988    C:0.27414    A:0.28660    G:0.19938

#33: MuntiacusReevesi
position  1:    T:0.18692    C:0.25234    A:0.32710    G:0.23364
position  2:    T:0.26168    C:0.28037    A:0.31776    G:0.14019
position  3:    T:0.28037    C:0.27103    A:0.22430    G:0.22430
Average         T:0.24299    C:0.26791    A:0.28972    G:0.19938

#34: HarveysDuiker  
position  1:    T:0.17757    C:0.26168    A:0.33645    G:0.22430
position  2:    T:0.26168    C:0.28037    A:0.31776    G:0.14019
position  3:    T:0.28972    C:0.27103    A:0.23364    G:0.20561
Average         T:0.24299    C:0.27103    A:0.29595    G:0.19003

#35: Pronghorn      
position  1:    T:0.17757    C:0.26168    A:0.32710    G:0.23364
position  2:    T:0.26168    C:0.28037    A:0.31776    G:0.14019
position  3:    T:0.28037    C:0.28037    A:0.23364    G:0.20561
Average         T:0.23988    C:0.27414    A:0.29283    G:0.19315

#36: BlueWildebeest 
position  1:    T:0.17757    C:0.26168    A:0.32710    G:0.23364
position  2:    T:0.26168    C:0.28037    A:0.31776    G:0.14019
position  3:    T:0.28037    C:0.28037    A:0.21495    G:0.22430
Average         T:0.23988    C:0.27414    A:0.28660    G:0.19938

#37: Gemsbok        
position  1:    T:0.17757    C:0.26168    A:0.32710    G:0.23364
position  2:    T:0.26168    C:0.28037    A:0.31776    G:0.14019
position  3:    T:0.28037    C:0.28037    A:0.22430    G:0.21495
Average         T:0.23988    C:0.27414    A:0.28972    G:0.19626

#38: Yak            
position  1:    T:0.17757    C:0.26168    A:0.32710    G:0.23364
position  2:    T:0.26168    C:0.28037    A:0.31776    G:0.14019
position  3:    T:0.28037    C:0.28037    A:0.23364    G:0.20561
Average         T:0.23988    C:0.27414    A:0.29283    G:0.19315

#39: BlueSheep      
position  1:    T:0.17757    C:0.26168    A:0.32710    G:0.23364
position  2:    T:0.26168    C:0.28037    A:0.30841    G:0.14953
position  3:    T:0.28972    C:0.27103    A:0.22430    G:0.21495
Average         T:0.24299    C:0.27103    A:0.28660    G:0.19938

#40: BohorReedbuck  
position  1:    T:0.17757    C:0.26168    A:0.32710    G:0.23364
position  2:    T:0.26168    C:0.28037    A:0.31776    G:0.14019
position  3:    T:0.28972    C:0.27103    A:0.24299    G:0.19626
Average         T:0.24299    C:0.27103    A:0.29595    G:0.19003

#41: KirksDik       
position  1:    T:0.16822    C:0.27103    A:0.32710    G:0.23364
position  2:    T:0.26168    C:0.28037    A:0.31776    G:0.14019
position  3:    T:0.28037    C:0.28037    A:0.22430    G:0.21495
Average         T:0.23676    C:0.27726    A:0.28972    G:0.19626

#42: RoeDeer        
position  1:    T:0.17757    C:0.24299    A:0.33645    G:0.24299
position  2:    T:0.27103    C:0.27103    A:0.31776    G:0.14019
position  3:    T:0.26168    C:0.29907    A:0.21495    G:0.22430
Average         T:0.23676    C:0.27103    A:0.28972    G:0.20249

#43: WhiteLippedDeer
position  1:    T:0.17757    C:0.25234    A:0.32710    G:0.24299
position  2:    T:0.26168    C:0.28037    A:0.31776    G:0.14019
position  3:    T:0.29907    C:0.25234    A:0.22430    G:0.22430
Average         T:0.24611    C:0.26168    A:0.28972    G:0.20249

#44: ThomsonGazelle 
position  1:    T:0.17757    C:0.26168    A:0.32710    G:0.23364
position  2:    T:0.27103    C:0.27103    A:0.31776    G:0.14019
position  3:    T:0.28037    C:0.28037    A:0.23364    G:0.20561
Average         T:0.24299    C:0.27103    A:0.29283    G:0.19315

#45: MuntiacusCrinifrons
position  1:    T:0.18692    C:0.25234    A:0.32710    G:0.23364
position  2:    T:0.26168    C:0.28037    A:0.31776    G:0.14019
position  3:    T:0.28037    C:0.27103    A:0.22430    G:0.22430
Average         T:0.24299    C:0.26791    A:0.28972    G:0.19938

#46: WhiteTailedDeer
position  1:    T:0.17757    C:0.24299    A:0.33645    G:0.24299
position  2:    T:0.27103    C:0.27103    A:0.31776    G:0.14019
position  3:    T:0.27103    C:0.28972    A:0.21495    G:0.22430
Average         T:0.23988    C:0.26791    A:0.28972    G:0.20249

#47: Cattle         
position  1:    T:0.17757    C:0.26168    A:0.32710    G:0.23364
position  2:    T:0.26168    C:0.28037    A:0.31776    G:0.14019
position  3:    T:0.28037    C:0.28037    A:0.22430    G:0.21495
Average         T:0.23988    C:0.27414    A:0.28972    G:0.19626

#48: RoyalAntelope  
position  1:    T:0.17757    C:0.26168    A:0.32710    G:0.23364
position  2:    T:0.26168    C:0.28037    A:0.31776    G:0.14019
position  3:    T:0.28972    C:0.28037    A:0.21495    G:0.21495
Average         T:0.24299    C:0.27414    A:0.28660    G:0.19626

#49: Steenbok       
position  1:    T:0.17757    C:0.26168    A:0.32710    G:0.23364
position  2:    T:0.26168    C:0.28037    A:0.32710    G:0.13084
position  3:    T:0.28037    C:0.28037    A:0.22430    G:0.21495
Average         T:0.23988    C:0.27414    A:0.29283    G:0.19315

#50: Impala         
position  1:    T:0.18692    C:0.25234    A:0.33645    G:0.22430
position  2:    T:0.26168    C:0.28037    A:0.31776    G:0.14019
position  3:    T:0.28037    C:0.28037    A:0.23364    G:0.20561
Average         T:0.24299    C:0.27103    A:0.29595    G:0.19003

#51: Klipspringer   
position  1:    T:0.17757    C:0.26168    A:0.33645    G:0.22430
position  2:    T:0.26168    C:0.28037    A:0.31776    G:0.14019
