1
52 1
Argali 0.000000 0.387800 0.112400 0.417200 0.194400 0.014900 0.044900 0.183800 0.186000 0.225900 0.108400 0.112800 0.126700 0.077100 0.162000 0.078800 0.230800 0.270200 0.046200 0.131100 0.112500 0.045900 0.243400 0.205900 0.014900 0.094400 0.110000 0.149300 0.114800 0.131100 0.225900 0.060400 0.238200 0.045400 0.079500 0.127700 0.045100 0.158800 0.094200 0.205700 0.245400 0.094800 0.225900 0.184700 0.127700 0.164100 0.131200 0.217100 0.183800 0.112200 0.150000 0.150700
LesserMous 0.387800 0.000000 0.280000 0.357600 0.471700 0.422100 0.311200 0.620100 0.406600 0.422300 0.449800 0.332600 0.317900 0.311100 0.394100 0.427100 0.329900 0.310600 0.360700 0.305200 0.346200 0.387600 0.411300 0.398700 0.354900 0.511400 0.343800 0.331000 0.498400 0.305200 0.422300 0.284500 0.351700 0.339900 0.357900 0.296200 0.394600 0.443700 0.396300 0.398600 0.444700 0.502000 0.422300 0.369400 0.296200 0.408300 0.566100 0.533700 0.347500 0.205600 0.333800 0.306100
LesserKudu 0.112400 0.280000 0.000000 0.311900 0.229300 0.130800 0.094000 0.265200 0.128400 0.163600 0.196800 0.061600 0.109600 0.129500 0.160800 0.131300 0.169300 0.187100 0.095400 0.014900 0.166900 0.094700 0.179800 0.164500 0.094300 0.184400 0.127300 0.030200 0.171000 0.014900 0.163600 0.110700 0.214800 0.093600 0.096600 0.044700 0.127000 0.210800 0.146700 0.164300 0.181000 0.185100 0.163600 0.145100 0.044700 0.127900 0.187800 0.254800 0.146300 0.045500 0.030300 0.030400
KillerWhal 0.417200 0.357600 0.311900 0.000000 0.380300 0.450400 0.335900 0.625600 0.437700 0.322500 0.496800 0.362900 0.430200 0.393100 0.501100 0.424600 0.315400 0.333800 0.421500 0.292500 0.475300 0.414400 0.316500 0.348400 0.412800 0.500000 0.462400 0.315900 0.375500 0.292500 0.322500 0.359600 0.517400 0.409300 0.425800 0.325200 0.456900 0.402400 0.446600 0.347900 0.342500 0.500400 0.322500 0.320600 0.325200 0.405600 0.448700 0.478700 0.436700 0.283900 0.314500 0.294700
DefassaWat 0.194400 0.471700 0.229300 0.380300 0.000000 0.214000 0.174300 0.317600 0.275700 0.271600 0.208100 0.231000 0.268800 0.213600 0.210500 0.254500 0.318000 0.412300 0.212600 0.249700 0.256400 0.212500 0.249800 0.250500 0.174700 0.233200 0.249100 0.270600 0.256600 0.249700 0.271600 0.192700 0.423700 0.174000 0.215000 0.246200 0.173800 0.072700 0.233000 0.250700 0.252100 0.234700 0.271600 0.229500 0.246200 0.210900 0.236300 0.269500 0.231900 0.229500 0.254200 0.271700
Sheep 0.014900 0.422100 0.130800 0.450400 0.214000 0.000000 0.060800 0.165100 0.206800 0.248100 0.125700 0.131200 0.145100 0.077300 0.181400 0.062500 0.211000 0.295300 0.062600 0.150200 0.130700 0.062100 0.265700 0.227400 0.030300 0.077900 0.127900 0.169000 0.097500 0.150200 0.248100 0.076700 0.260000 0.061500 0.063100 0.146200 0.061100 0.177300 0.077900 0.227200 0.268000 0.078200 0.248100 0.205300 0.146200 0.183800 0.113600 0.198100 0.184500 0.130600 0.169800 0.170600
MaxwellsDu 0.044900 0.311200 0.094000 0.335900 0.174300 0.060800 0.000000 0.240200 0.164200 0.242200 0.157900 0.094300 0.107900 0.029500 0.178000 0.094500 0.206800 0.243400 0.061400 0.111800 0.127700 0.093600 0.259200 0.222200 0.060700 0.144500 0.091800 0.129300 0.130800 0.111800 0.242200 0.014000 0.254100 0.060200 0.061900 0.109100 0.091600 0.175000 0.077000 0.222000 0.261400 0.144800 0.242200 0.200900 0.109100 0.143900 0.184800 0.236200 0.162000 0.093700 0.129500 0.130400
GazellaPrz 0.183800 0.620100 0.265200 0.625600 0.317600 0.165100 0.240200 0.000000 0.363300 0.415000 0.279000 0.267300 0.305700 0.241900 0.328600 0.144900 0.363300 0.443300 0.203000 0.288300 0.200900 0.202600 0.434300 0.386800 0.163600 0.161500 0.283600 0.311800 0.146000 0.288300 0.415000 0.239500 0.356300 0.201000 0.186900 0.282900 0.200000 0.274200 0.179600 0.387100 0.440100 0.162400 0.415000 0.358700 0.282900 0.177000 0.202500 0.373000 0.240000 0.265100 0.314200 0.313400
MountainNy 0.186000 0.406600 0.128400 0.437700 0.275700 0.206800 0.164200 0.363300 0.000000 0.267700 0.238900 0.185600 0.162900 0.204500 0.238100 0.207800 0.316800 0.315900 0.166800 0.111900 0.226600 0.204900 0.285900 0.312300 0.165200 0.268300 0.182200 0.129600 0.253400 0.111900 0.267700 0.182800 0.216200 0.164200 0.168800 0.144500 0.201000 0.297700 0.183800 0.312100 0.288700 0.268000 0.267700 0.287200 0.144500 0.244600 0.321900 0.371300 0.224900 0.146100 0.125700 0.130400
MuntiacusM 0.225900 0.422300 0.163600 0.322500 0.271600 0.248100 0.242200 0.415000 0.267700 0.000000 0.237500 0.183400 0.261500 0.289000 0.197400 0.293900 0.337100 0.334900 0.246500 0.146700 0.294700 0.204000 0.029000 0.075400 0.203600 0.224800 0.284400 0.165200 0.347600 0.146700 0.000000 0.263200 0.368100 0.202100 0.249200 0.179600 0.201800 0.251000 0.309800 0.075400 0.014200 0.225700 0.000000 0.059300 0.179600 0.242500 0.228400 0.344800 0.308700 0.162800 0.166000 0.147400
goat 0.108400 0.449800 0.196800 0.496800 0.208100 0.125700 0.157900 0.279000 0.238900 0.237500 0.000000 0.198200 0.212800 0.196300 0.213500 0.180000 0.285900 0.329200 0.125100 0.217100 0.180800 0.124700 0.254800 0.216900 0.091200 0.160400 0.194300 0.217600 0.221100 0.217100 0.237500 0.175900 0.294500 0.123700 0.162000 0.213300 0.058900 0.172100 0.177200 0.217000 0.257300 0.161200 0.237500 0.196400 0.213300 0.214600 0.162400 0.271900 0.275600 0.197000 0.238900 0.238700
AfricanBuf 0.112800 0.332600 0.061600 0.362900 0.231000 0.131200 0.094300 0.267300 0.185600 0.183400 0.198200 0.000000 0.145300 0.130000 0.160900 0.131800 0.169700 0.187900 0.095700 0.078400 0.168100 0.095000 0.199900 0.165000 0.094600 0.185500 0.128000 0.095200 0.171700 0.078400 0.183400 0.111100 0.257500 0.094000 0.096900 0.076500 0.127700 0.212300 0.147400 0.164800 0.201400 0.186600 0.183400 0.145600 0.076500 0.128500 0.188900 0.300400 0.147100 0.077900 0.095800 0.096000
Topi 0.126700 0.317900 0.109600 0.430200 0.268800 0.145100 0.107900 0.305700 0.162900 0.261500 0.212800 0.145300 0.000000 0.143400 0.177200 0.164100 0.267300 0.242100 0.109600 0.127400 0.161600 0.143900 0.278700 0.261600 0.108600 0.219400 0.014000 0.145300 0.204900 0.127400 0.261500 0.124600 0.232900 0.075300 0.110700 0.124900 0.141200 0.269500 0.161700 0.261500 0.281400 0.219600 0.261500 0.239100 0.124900 0.198200 0.266500 0.275200 0.178400 0.109400 0.145900 0.146100
CommonDuik 0.077100 0.311100 0.129500 0.393100 0.213600 0.077300 0.029500 0.241900 0.204500 0.289000 0.196300 0.130000 0.143400 0.000000 0.218200 0.112300 0.228400 0.291000 0.094900 0.148600 0.128200 0.128800 0.306600 0.267000 0.093900 0.164000 0.126400 0.167200 0.150100 0.148600 0.289000 0.014500 0.255700 0.093000 0.078700 0.144900 0.125800 0.214400 0.094000 0.266700 0.309600 0.164200 0.289000 0.243600 0.144900 0.163200 0.206200 0.259100 0.125900 0.129000 0.167400 0.168600
Suni 0.162000 0.394100 0.160800 0.501100 0.210500 0.181400 0.178000 0.328600 0.238100 0.197400 0.213500 0.160900 0.177200 0.218200 0.000000 0.221500 0.283600 0.354500 0.179900 0.178800 0.201200 0.161400 0.213900 0.178400 0.142900 0.161600 0.159300 0.197900 0.266000 0.178800 0.197400 0.196500 0.338000 0.140600 0.182700 0.175800 0.141800 0.191800 0.238200 0.178400 0.215800 0.162400 0.197400 0.159300 0.175800 0.197600 0.223300 0.316700 0.199400 0.142000 0.181800 0.198800
Springbuck 0.078800 0.427100 0.131300 0.424600 0.254500 0.062500 0.094500 0.144900 0.207800 0.293900 0.180000 0.131800 0.164100 0.112300 0.221500 0.000000 0.212200 0.273500 0.079200 0.150700 0.061500 0.112800 0.311900 0.271400 0.078300 0.045100 0.146400 0.169600 0.030600 0.150700 0.293900 0.111200 0.261800 0.111600 0.080000 0.146700 0.110900 0.215600 0.061000 0.271100 0.315000 0.045300 0.293900 0.247400 0.146700 0.165300 0.078200 0.218400 0.165800 0.131200 0.170600 0.171200
Okapi 0.230800 0.329900 0.169300 0.315400 0.318000 0.211000 0.206800 0.363300 0.316800 0.337100 0.285900 0.169700 0.267300 0.228400 0.283600 0.212200 0.000000 0.113500 0.210700 0.189800 0.296000 0.209100 0.354000 0.315200 0.207800 0.270900 0.246500 0.209800 0.258500 0.189800 0.337100 0.226000 0.398600 0.205600 0.172000 0.184400 0.244600 0.339700 0.228500 0.315000 0.357300 0.271800 0.337100 0.290100 0.184400 0.247500 0.276400 0.353200 0.226700 0.188200 0.210200 0.211500
Giraffe 0.270200 0.310600 0.187100 0.333800 0.412300 0.295300 0.243400 0.443300 0.315900 0.334900 0.329200 0.187900 0.242100 0.291000 0.354500 0.273500 0.113500 0.000000 0.249000 0.208100 0.314200 0.247200 0.327800 0.313400 0.245600 0.337500 0.264300 0.228800 0.324900 0.208100 0.334900 0.263400 0.371800 0.243000 0.251500 0.202400 0.284200 0.413600 0.314700 0.313200 0.355500 0.337600 0.334900 0.288200 0.202400 0.264700 0.344900 0.460100 0.265100 0.166600 0.229300 0.230400
TibetanAnt 0.046200 0.360700 0.095400 0.421500 0.212600 0.062600 0.061400 0.203000 0.166800 0.246500 0.125100 0.095700 0.109600 0.094900 0.179900 0.079200 0.210700 0.249000 0.000000 0.113500 0.112900 0.061900 0.264000 0.226000 0.030200 0.129200 0.093300 0.131200 0.115400 0.113500 0.246500 0.077400 0.218000 0.061200 0.063000 0.110500 0.060800 0.176300 0.077700 0.225700 0.266300 0.129900 0.246500 0.204000 0.110500 0.146000 0.169000 0.257900 0.165100 0.095200 0.131900 0.132500
Sitatunga 0.131100 0.305200 0.014900 0.292500 0.249700 0.150200 0.111800 0.288300 0.111900 0.146700 0.217100 0.078400 0.127400 0.148600 0.178800 0.150700 0.189800 0.208100 0.113500 0.000000 0.187500 0.112500 0.162900 0.184700 0.112100 0.205300 0.145800 0.014500 0.192400 0.000000 0.146700 0.128900 0.235300 0.111200 0.114800 0.060700 0.145600 0.230800 0.166000 0.184400 0.164000 0.206100 0.146700 0.164400 0.060700 0.146500 0.209200 0.276400 0.165700 0.061700 0.015100 0.015200
Oribi 0.112500 0.346200 0.166900 0.475300 0.256400 0.130700 0.127700 0.200900 0.226600 0.294700 0.180800 0.168100 0.161600 0.128200 0.201200 0.061500 0.296000 0.314200 0.112900 0.187500 0.000000 0.147900 0.313700 0.270800 0.111900 0.076900 0.144100 0.207500 0.095700 0.187500 0.294700 0.109800 0.217700 0.146100 0.149900 0.183300 0.110400 0.216600 0.127200 0.270500 0.317100 0.077000 0.294700 0.246800 0.183300 0.146100 0.112200 0.259700 0.144900 0.166100 0.207700 0.209300
BarbaryShe 0.045900 0.387600 0.094700 0.414400 0.212500 0.062100 0.093600 0.202600 0.204900 0.204000 0.124700 0.095000 0.143900 0.128800 0.161400 0.112800 0.209100 0.247200 0.061900 0.112500 0.147900 0.000000 0.220900 0.184800 0.030000 0.128600 0.126800 0.129900 0.150900 0.112500 0.204000 0.110200 0.257900 0.060800 0.096100 0.109700 0.060500 0.176000 0.110800 0.184600 0.222700 0.129300 0.204000 0.164500 0.109700 0.145000 0.130700 0.237200 0.163900 0.111700 0.130900 0.131300
Daviddeer 0.243400 0.411300 0.179800 0.316500 0.249800 0.265700 0.259200 0.434300 0.285900 0.029000 0.254800 0.199900 0.278700 0.306600 0.213900 0.311900 0.354000 0.327800 0.264000 0.162900 0.313700 0.220900 0.000000 0.074600 0.220700 0.242300 0.301900 0.181600 0.366300 0.162900 0.029000 0.280500 0.360800 0.219000 0.266500 0.195800 0.218900 0.229700 0.327300 0.074600 0.013900 0.243300 0.029000 0.058700 0.195800 0.259700 0.246200 0.362100 0.326400 0.160300 0.182400 0.163700
Reindeer 0.205900 0.398700 0.164500 0.348400 0.250500 0.227400 0.222200 0.386800 0.312300 0.075400 0.216900 0.165000 0.261600 0.267000 0.178400 0.271400 0.315200 0.313400 0.226000 0.184700 0.270800 0.184800 0.074600 0.000000 0.184200 0.204300 0.262400 0.204200 0.323000 0.184700 0.075400 0.242300 0.343000 0.182700 0.228500 0.180200 0.182300 0.230800 0.287200 0.029100 0.091200 0.205100 0.075400 0.014300 0.180200 0.222100 0.207600 0.345900 0.286100 0.145300 0.205000 0.185600
Ibex 0.014900 0.354900 0.094300 0.412800 0.174700 0.030300 0.060700 0.163600 0.165200 0.203600 0.091200 0.094600 0.108600 0.093900 0.142900 0.078300 0.207800 0.245600 0.030200 0.112100 0.111900 0.030000 0.220700 0.184200 0.000000 0.093800 0.092400 0.129600 0.114000 0.112100 0.203600 0.076600 0.216400 0.029700 0.062300 0.109400 0.029500 0.140200 0.077000 0.184000 0.222500 0.094200 0.203600 0.164000 0.109400 0.144500 0.130400 0.215800 0.163300 0.094100 0.130300 0.130800
GyrantGaze 0.094400 0.511400 0.184400 0.500000 0.233200 0.077900 0.144500 0.161500 0.268300 0.224800 0.160400 0.185500 0.219400 0.164000 0.161600 0.045100 0.270900 0.337500 0.129200 0.205300 0.076900 0.128600 0.242300 0.204300 0.093800 0.000000 0.200400 0.225600 0.077900 0.205300 0.224800 0.162500 0.325900 0.127400 0.130400 0.200600 0.092900 0.195200 0.108900 0.204100 0.244600 0.000100 0.224800 0.183300 0.200600 0.181800 0.061100 0.197100 0.221100 0.184400 0.227000 0.227500
Hartebeest 0.110000 0.343800 0.127300 0.462400 0.249100 0.127900 0.091800 0.283600 0.182200 0.284400 0.194300 0.128000 0.014000 0.126400 0.159300 0.146400 0.246500 0.264300 0.093300 0.145800 0.144100 0.126800 0.301900 0.262400 0.092400 0.200400 0.000000 0.164200 0.186000 0.145800 0.284400 0.108200 0.253600 0.059800 0.094200 0.142800 0.124500 0.249700 0.144100 0.262200 0.305000 0.200800 0.284400 0.239700 0.142800 0.179800 0.245600 0.297400 0.160600 0.127000 0.164800 0.165200
Bongo 0.149300 0.331000 0.030200 0.315900 0.270600 0.169000 0.129300 0.311800 0.129600 0.165200 0.217600 0.095200 0.145300 0.167200 0.197900 0.169600 0.209800 0.228800 0.131200 0.014500 0.207500 0.129900 0.181600 0.204200 0.129600 0.225600 0.164200 0.000000 0.212600 0.015100 0.165200 0.146800 0.256100 0.128600 0.132800 0.076700 0.145900 0.250900 0.185100 0.204000 0.182900 0.226600 0.165200 0.183300 0.076700 0.164900 0.230000 0.298800 0.184700 0.078000 0.030600 0.030700
Gerenuk 0.114800 0.498400 0.171000 0.375500 0.256600 0.097500 0.130800 0.146000 0.253400 0.347600 0.221100 0.171700 0.204900 0.150100 0.266000 0.030600 0.258500 0.324900 0.115400 0.192400 0.095700 0.150900 0.366300 0.323000 0.114000 0.077900 0.186000 0.212600 0.000000 0.192400 0.347600 0.148600 0.309500 0.149200 0.116300 0.186800 0.148100 0.217300 0.094700 0.322600 0.370200 0.078300 0.347600 0.296200 0.186800 0.166900 0.113700 0.261800 0.167500 0.170800 0.213600 0.215000
CommonElan 0.131100 0.305200 0.014900 0.292500 0.249700 0.150200 0.111800 0.288300 0.111900 0.146700 0.217100 0.078400 0.127400 0.148600 0.178800 0.150700 0.189800 0.208100 0.113500 0.000000 0.187500 0.112500 0.162900 0.184700 0.112100 0.205300 0.145800 0.015100 0.192400 0.000000 0.146700 0.128900 0.235300 0.111200 0.114800 0.060700 0.145600 0.230800 0.166000 0.184400 0.164000 0.206100 0.146700 0.164400 0.060700 0.146500 0.209200 0.276400 0.165700 0.061700 0.015100 0.014700
MuntiacusR 0.225900 0.422300 0.163600 0.322500 0.271600 0.248100 0.242200 0.415000 0.267700 0.000000 0.237500 0.183400 0.261500 0.289000 0.197400 0.293900 0.337100 0.334900 0.246500 0.146700 0.294700 0.204000 0.029000 0.075400 0.203600 0.224800 0.284400 0.165200 0.347600 0.146700 0.000000 0.263200 0.368100 0.202100 0.249200 0.179600 0.201800 0.251000 0.309800 0.075400 0.013800 0.225700 0.000000 0.059300 0.179600 0.242500 0.228400 0.344800 0.308700 0.162800 0.166000 0.147400
HarveysDui 0.060400 0.284500 0.110700 0.359600 0.192700 0.076700 0.014000 0.239500 0.182800 0.263200 0.175900 0.111100 0.124600 0.014500 0.196500 0.111200 0.226000 0.263400 0.077400 0.128900 0.109800 0.110200 0.280500 0.242300 0.076600 0.162500 0.108200 0.146800 0.148600 0.128900 0.263200 0.000000 0.232600 0.075900 0.078000 0.125900 0.108000 0.193300 0.093200 0.242100 0.283100 0.162800 0.263200 0.220200 0.125900 0.143400 0.204100 0.256400 0.143000 0.110200 0.147000 0.148000
Pronghorn 0.238200 0.351700 0.214800 0.517400 0.423700 0.260000 0.254100 0.356300 0.216200 0.368100 0.294500 0.257500 0.232900 0.255700 0.338000 0.261800 0.398600 0.371800 0.218000 0.235300 0.217700 0.257900 0.360800 0.343000 0.216400 0.325900 0.253600 0.256100 0.309500 0.235300 0.368100 0.232600 0.000000 0.254500 0.242200 0.231400 0.253700 0.350300 0.236600 0.343100 0.391000 0.326000 0.368100 0.318000 0.231400 0.321300 0.383700 0.407300 0.274100 0.175800 0.257100 0.257200
BlueWildeb 0.045400 0.339900 0.093600 0.409300 0.174000 0.061500 0.060200 0.201000 0.164200 0.202100 0.123700 0.094000 0.075300 0.093000 0.140600 0.111600 0.205600 0.243000 0.061200 0.111200 0.146100 0.060800 0.219000 0.182700 0.029700 0.127400 0.059800 0.128600 0.149200 0.111200 0.202100 0.075900 0.254500 0.000000 0.061700 0.108700 0.059800 0.174600 0.109700 0.182500 0.220900 0.127600 0.202100 0.162800 0.108700 0.143700 0.166400 0.255100 0.161700 0.088800 0.128900 0.129700
Gemsbok 0.079500 0.357900 0.096600 0.425800 0.215000 0.063100 0.061900 0.186900 0.168800 0.249200 0.162000 0.096900 0.110700 0.078700 0.182700 0.080000 0.172000 0.251500 0.063000 0.114800 0.149900 0.096100 0.266500 0.228500 0.062300 0.130400 0.094200 0.132800 0.116300 0.114800 0.249200 0.078000 0.242200 0.061700 0.000000 0.111900 0.094100 0.216000 0.078600 0.228200 0.268900 0.130700 0.249200 0.206400 0.111900 0.147800 0.170400 0.260700 0.147600 0.096200 0.133000 0.134000
Yak 0.127700 0.296200 0.044700 0.325200 0.246200 0.146200 0.109100 0.282900 0.144500 0.179600 0.213300 0.076500 0.124900 0.144900 0.175800 0.146700 0.184400 0.202400 0.110500 0.060700 0.183300 0.109700 0.195800 0.180200 0.109400 0.200600 0.142800 0.076700 0.186800 0.060700 0.179600 0.125900 0.231400 0.108700 0.111900 0.000000 0.142500 0.226900 0.162200 0.180000 0.197400 0.201300 0.179600 0.160600 0.000000 0.143400 0.204100 0.271100 0.161900 0.060200 0.077100 0.077300
BlueSheep 0.045100 0.394600 0.127000 0.456900 0.173800 0.061100 0.091600 0.200000 0.201000 0.201800 0.058900 0.127700 0.141200 0.125800 0.141800 0.110900 0.244600 0.284200 0.060800 0.145600 0.110400 0.060500 0.218900 0.182300 0.029500 0.092900 0.124500 0.145900 0.148100 0.145600 0.201800 0.108000 0.253700 0.059800 0.094100 0.142500 0.000000 0.139300 0.109000 0.182200 0.220800 0.093000 0.201800 0.162400 0.142500 0.143200 0.129000 0.214300 0.198000 0.126500 0.164300 0.165200
BohorReedb 0.158800 0.443700 0.210800 0.402400 0.072700 0.177300 0.175000 0.274200 0.297700 0.251000 0.172100 0.212300 0.269500 0.214400 0.191800 0.215600 0.339700 0.413600 0.176300 0.230800 0.216600 0.176000 0.229700 0.230800 0.140200 0.195200 0.249700 0.250900 0.217300 0.230800 0.251000 0.193300 0.350300 0.174600 0.216000 0.226900 0.139300 0.000000 0.195200 0.230900 0.231800 0.196300 0.251000 0.210500 0.226900 0.211500 0.197700 0.268200 0.232900 0.211100 0.234800 0.252100
KirksDik 0.094200 0.396300 0.146700 0.446600 0.233000 0.077900 0.077000 0.179600 0.183800 0.309800 0.177200 0.147400 0.161700 0.094000 0.238200 0.061000 0.228500 0.314700 0.077700 0.166000 0.127200 0.110800 0.327300 0.287200 0.077000 0.108900 0.144100 0.185100 0.094700 0.166000 0.309800 0.093200 0.236600 0.109700 0.078600 0.162200 0.109000 0.195200 0.000000 0.287000 0.330700 0.109400 0.309800 0.263400 0.162200 0.200600 0.145800 0.238500 0.201100 0.147000 0.186500 0.186400
RoeDeer 0.205700 0.398600 0.164300 0.347900 0.250700 0.227200 0.222000 0.387100 0.312100 0.075400 0.217000 0.164800 0.261500 0.266700 0.178400 0.271100 0.315000 0.313200 0.225700 0.184400 0.270500 0.184600 0.074600 0.029100 0.184000 0.204100 0.262200 0.204000 0.322600 0.184400 0.075400 0.242100 0.343100 0.182500 0.228200 0.180000 0.182200 0.230900 0.287000 0.000000 0.091200 0.204900 0.075400 0.014000 0.180000 0.222000 0.207400 0.346100 0.285800 0.145100 0.204800 0.185300
WhiteLippe 0.245400 0.444700 0.181000 0.342500 0.252100 0.268000 0.261400 0.440100 0.288700 0.014200 0.257300 0.201400 0.281400 0.309600 0.215800 0.315000 0.357300 0.355500 0.266300 0.164000 0.317100 0.222700 0.013900 0.091200 0.222500 0.244600 0.305000 0.182900 0.370200 0.164000 0.013800 0.283100 0.391000 0.220900 0.268900 0.197400 0.220800 0.231800 0.330700 0.091200 0.000000 0.245600 0.014200 0.074700 0.197400 0.262100 0.248500 0.366100 0.329700 0.180200 0.183700 0.163400
ThomsonGaz 0.094800 0.502000 0.185100 0.500400 0.234700 0.078200 0.144800 0.162400 0.268000 0.225700 0.161200 0.186600 0.219600 0.164200 0.162400 0.045300 0.271800 0.337600 0.129900 0.206100 0.077000 0.129300 0.243300 0.205100 0.094200 0.000100 0.200800 0.226600 0.078300 0.206100 0.225700 0.162800 0.326000 0.127600 0.130700 0.201300 0.093000 0.196300 0.109400 0.204900 0.245600 0.000000 0.225700 0.183700 0.201300 0.182900 0.061400 0.197700 0.221600 0.184400 0.227000 0.228500
MuntiacusC 0.225900 0.422300 0.163600 0.322500 0.271600 0.248100 0.242200 0.415000 0.267700 0.000000 0.237500 0.183400 0.261500 0.289000 0.197400 0.293900 0.337100 0.334900 0.246500 0.146700 0.294700 0.204000 0.029000 0.075400 0.203600 0.224800 0.284400 0.165200 0.347600 0.146700 0.000000 0.263200 0.368100 0.202100 0.249200 0.179600 0.201800 0.251000 0.309800 0.075400 0.014200 0.225700 0.000000 0.059300 0.179600 0.242500 0.228400 0.344800 0.308700 0.162800 0.166000 0.147400
WhiteTaile 0.184700 0.369400 0.145100 0.320600 0.229500 0.205300 0.200900 0.358700 0.287200 0.059300 0.196400 0.145600 0.239100 0.243600 0.159300 0.247400 0.290100 0.288200 0.204000 0.164400 0.246800 0.164500 0.058700 0.014300 0.164000 0.183300 0.239700 0.183300 0.296200 0.164400 0.059300 0.220200 0.318000 0.162800 0.206400 0.160600 0.162400 0.210500 0.263400 0.014000 0.074700 0.183700 0.059300 0.000000 0.160600 0.200900 0.186200 0.320700 0.262300 0.126700 0.184100 0.165100
Cattle 0.127700 0.296200 0.044700 0.325200 0.246200 0.146200 0.109100 0.282900 0.144500 0.179600 0.213300 0.076500 0.124900 0.144900 0.175800 0.146700 0.184400 0.202400 0.110500 0.060700 0.183300 0.109700 0.195800 0.180200 0.109400 0.200600 0.142800 0.076700 0.186800 0.060700 0.179600 0.125900 0.231400 0.108700 0.111900 0.000000 0.142500 0.226900 0.162200 0.180000 0.197400 0.201300 0.179600 0.160600 0.000000 0.143400 0.204100 0.271100 0.161900 0.060200 0.077100 0.077300
RoyalAntel 0.164100 0.408300 0.127900 0.405600 0.210900 0.183800 0.143900 0.177000 0.244600 0.242500 0.214600 0.128500 0.198200 0.163200 0.197600 0.165300 0.247500 0.264700 0.146000 0.146500 0.146100 0.145000 0.259700 0.222100 0.144500 0.181800 0.179800 0.164900 0.166900 0.146500 0.242500 0.143400 0.321300 0.143700 0.147800 0.143400 0.143200 0.211500 0.200600 0.222000 0.262100 0.182900 0.242500 0.200900 0.143400 0.000000 0.184900 0.345200 0.125900 0.145800 0.166000 0.166000
Steenbok 0.131200 0.566100 0.187800 0.448700 0.236300 0.113600 0.184800 0.202500 0.321900 0.228400 0.162400 0.188900 0.266500 0.206200 0.223300 0.078200 0.276400 0.344900 0.169000 0.209200 0.112200 0.130700 0.246200 0.207600 0.130400 0.061100 0.245600 0.230000 0.113700 0.209200 0.228400 0.204100 0.383700 0.166400 0.170400 0.204100 0.129000 0.197700 0.145800 0.207400 0.248500 0.061400 0.228400 0.186200 0.204100 0.184900 0.000000 0.240600 0.225200 0.208000 0.231300 0.232100
Impala 0.217100 0.533700 0.254800 0.478700 0.269500 0.198100 0.236200 0.373000 0.371300 0.344800 0.271900 0.300400 0.275200 0.259100 0.316700 0.218400 0.353200 0.460100 0.257900 0.276400 0.259700 0.237200 0.362100 0.345900 0.215800 0.197100 0.297400 0.298800 0.261800 0.276400 0.344800 0.256400 0.407300 0.255100 0.260700 0.271100 0.214300 0.268200 0.238500 0.346100 0.366100 0.197700 0.344800 0.320700 0.271100 0.345200 0.240600 0.000000 0.394400 0.255800 0.301400 0.299800
Klipspring 0.183800 0.347500 0.146300 0.436700 0.231900 0.184500 0.162000 0.240000 0.224900 0.308700 0.275600 0.147100 0.178400 0.125900 0.199400 0.165800 0.226700 0.265100 0.165100 0.165700 0.144900 0.163900 0.326400 0.286100 0.163300 0.221100 0.160600 0.184700 0.167500 0.165700 0.308700 0.143000 0.274100 0.161700 0.147600 0.161900 0.198000 0.232900 0.201100 0.285800 0.329700 0.221600 0.308700 0.262300 0.161900 0.125900 0.225200 0.394400 0.000000 0.164200 0.167300 0.186100
ForestMusk 0.112200 0.205600 0.045500 0.283900 0.229500 0.130600 0.093700 0.265100 0.146100 0.162800 0.197000 0.077900 0.109400 0.129000 0.142000 0.131200 0.188200 0.166600 0.095200 0.061700 0.166100 0.111700 0.160300 0.145300 0.094100 0.184400 0.127000 0.078000 0.170800 0.061700 0.162800 0.110200 0.175800 0.088800 0.096200 0.060200 0.126500 0.211100 0.147000 0.145100 0.180200 0.184400 0.162800 0.126700 0.060200 0.145800 0.208000 0.255800 0.164200 0.000000 0.078300 0.078600
Bushbuck 0.150000 0.333800 0.030300 0.314500 0.254200 0.169800 0.129500 0.314200 0.125700 0.166000 0.238900 0.095800 0.145900 0.167400 0.181800 0.170600 0.210200 0.229300 0.131900 0.015100 0.207700 0.130900 0.182400 0.205000 0.130300 0.227000 0.164800 0.030600 0.213600 0.015100 0.166000 0.147000 0.257100 0.128900 0.133000 0.077100 0.164300 0.234800 0.186500 0.204800 0.183700 0.227000 0.166000 0.184100 0.077100 0.166000 0.231300 0.301400 0.167300 0.078300 0.000000 0.030800
GreaterKud 0.150700 0.306100 0.030400 0.294700 0.271700 0.170600 0.130400 0.313400 0.130400 0.147400 0.238700 0.096000 0.146100 0.168600 0.198800 0.171200 0.211500 0.230400 0.132500 0.015200 0.209300 0.131300 0.163700 0.185600 0.130800 0.227500 0.165200 0.030700 0.215000 0.014700 0.147400 0.148000 0.257200 0.129700 0.134000 0.077300 0.165200 0.252100 0.186400 0.185300 0.163400 0.228500 0.147400 0.165100 0.077300 0.166000 0.232100 0.299800 0.186100 0.078600 0.030800 0.000000
