CODONML (in paml version 4.10.7, June 2023)  /home/rachel/ruminants_paml/6406-phy-tree/ENSBTAT00000026242.fasta.phy
Model: free dN/dS Ratios for branches,  kappa = 2.000 fixed

Codon frequency model: F3x4
ns =  54  ls =  62

Codon usage in sequences
--------------------------------------------------------------------------------------------------------------------------------------
Phe TTT   2   1   2   2   2   2 | Ser TCT   1   1   1   1   1   1 | Tyr TAT   2   2   2   2   2   2 | Cys TGT   0   0   0   0   0   0
    TTC   0   0   0   0   0   0 |     TCC   0   0   0   0   0   0 |     TAC   3   3   3   3   3   3 |     TGC   0   0   0   0   0   0
Leu TTA   0   1   0   0   0   0 |     TCA   2   1   2   2   1   2 | *** TAA   0   0   0   0   0   0 | *** TGA   0   0   0   0   0   0
    TTG   0   1   0   0   0   0 |     TCG   0   0   0   0   1   0 |     TAG   0   0   0   0   0   0 | Trp TGG   2   2   2   2   2   2
--------------------------------------------------------------------------------------------------------------------------------------
Leu CTT   0   0   0   0   1   0 | Pro CCT   1   0   1   1   1   1 | His CAT   0   1   0   0   0   0 | Arg CGT   0   0   0   0   0   0
    CTC   1   1   1   1   1   1 |     CCC   1   1   1   1   1   1 |     CAC   2   1   2   2   2   2 |     CGC   0   0   0   0   0   0
    CTA   3   2   3   4   2   4 |     CCA   2   2   2   2   2   2 | Gln CAA   2   3   3   3   3   3 |     CGA   0   0   0   0   0   0
    CTG   0   2   0   0   1   0 |     CCG   0   1   0   0   0   0 |     CAG   1   0   0   0   1   0 |     CGG   0   0   0   0   0   0
--------------------------------------------------------------------------------------------------------------------------------------
Ile ATT   1   1   1   1   2   0 | Thr ACT   0   0   0   0   0   0 | Asn AAT   1   0   1   1   0   0 | Ser AGT   0   0   0   0   0   0
    ATC   0   1   0   0   1   3 |     ACC   0   0   0   0   0   1 |     AAC   0   1   0   0   1   1 |     AGC   0   0   0   0   0   0
    ATA   1   0   2   0   1   1 |     ACA   2   2   2   3   2   2 | Lys AAA   4   2   4   4   1   2 | Arg AGA   1   3   0   0   1   1
Met ATG   2   2   2   2   2   2 |     ACG   0   0   0   0   0   0 |     AAG   3   4   3   3   4   3 |     AGG   0   0   1   1   1   1
--------------------------------------------------------------------------------------------------------------------------------------
Val GTT   1   1   1   1   0   1 | Ala GCT   0   0   0   0   0   0 | Asp GAT   3   4   2   3   4   1 | Gly GGT   0   0   0   0   0   0
    GTC   2   1   2   2   1   0 |     GCC   1   0   1   1   1   0 |     GAC   2   1   3   2   1   3 |     GGC   1   1   1   1   1   1
    GTA   2   1   1   1   0   0 |     GCA   1   1   1   1   1   1 | Glu GAA   5   3   5   5   3   5 |     GGA   1   1   2   1   1   1
    GTG   1   2   1   1   2   2 |     GCG   0   0   0   0   0   0 |     GAG   1   3   1   1   3   3 |     GGG   1   1   0   1   1   1
--------------------------------------------------------------------------------------------------------------------------------------

--------------------------------------------------------------------------------------------------------------------------------------
Phe TTT   2   2   1   2   2   2 | Ser TCT   1   1   1   1   1   1 | Tyr TAT   2   2   2   2   2   2 | Cys TGT   0   0   0   0   0   0
    TTC   0   0   0   0   0   0 |     TCC   0   0   0   0   0   0 |     TAC   3   3   3   3   3   3 |     TGC   0   0   0   0   0   0
Leu TTA   0   0   0   0   0   0 |     TCA   2   2   2   2   2   1 | *** TAA   0   0   0   0   0   0 | *** TGA   0   0   0   0   0   0
    TTG   0   0   0   0   0   0 |     TCG   0   0   0   0   0   1 |     TAG   0   0   0   0   0   0 | Trp TGG   2   2   1   2   2   2
--------------------------------------------------------------------------------------------------------------------------------------
Leu CTT   0   0   1   0   0   0 | Pro CCT   1   1   1   1   1   1 | His CAT   0   0   0   0   1   0 | Arg CGT   0   0   0   0   0   0
    CTC   1   1   1   1   1   0 |     CCC   1   1   1   1   1   1 |     CAC   2   2   2   2   1   2 |     CGC   0   0   0   0   0   0
    CTA   3   3   3   3   3   4 |     CCA   2   2   2   2   2   2 | Gln CAA   3   3   3   3   3   3 |     CGA   0   0   0   0   0   0
    CTG   0   0   0   0   0   1 |     CCG   0   0   0   0   0   0 |     CAG   0   0   0   0   0   0 |     CGG   0   0   1   0   0   0
--------------------------------------------------------------------------------------------------------------------------------------
Ile ATT   1   1   1   1   1   1 | Thr ACT   0   0   0   0   0   0 | Asn AAT   1   1   1   1   1   1 | Ser AGT   0   0   0   0   0   0
    ATC   0   0   0   0   0   0 |     ACC   0   0   0   0   0   0 |     AAC   0   0   0   0   0   0 |     AGC   0   0   0   0   0   1
    ATA   1   2   1   1   1   0 |     ACA   2   2   2   2   2   3 | Lys AAA   4   4   4   4   4   2 | Arg AGA   0   1   0   0   0   0
Met ATG   2   2   2   2   2   2 |     ACG   0   0   0   0   0   1 |     AAG   3   3   3   3   3   4 |     AGG   1   0   1   1   1   1
--------------------------------------------------------------------------------------------------------------------------------------
Val GTT   1   1   1   1   1   1 | Ala GCT   0   0   0   0   0   0 | Asp GAT   4   3   3   3   2   3 | Gly GGT   0   0   0   0   0   0
    GTC   2   2   2   2   2   2 |     GCC   1   1   1   1   1   1 |     GAC   1   2   2   2   3   2 |     GGC   1   1   0   1   1   0
    GTA   2   1   2   2   1   1 |     GCA   1   1   1   1   1   1 | Glu GAA   5   5   5   5   5   5 |     GGA   1   1   1   1   2   1
    GTG   1   1   1   1   2   1 |     GCG   0   0   0   0   0   0 |     GAG   1   1   1   1   1   1 |     GGG   1   1   2   1   0   1
--------------------------------------------------------------------------------------------------------------------------------------

--------------------------------------------------------------------------------------------------------------------------------------
Phe TTT   2   2   2   1   2   2 | Ser TCT   1   1   1   1   1   1 | Tyr TAT   2   2   2   2   2   2 | Cys TGT   0   0   0   0   0   0
    TTC   0   0   0   0   0   0 |     TCC   0   0   0   0   0   0 |     TAC   3   3   3   3   3   3 |     TGC   0   0   0   0   0   0
Leu TTA   0   0   0   0   0   0 |     TCA   2   2   2   2   2   2 | *** TAA   0   0   0   0   0   0 | *** TGA   0   0   0   0   0   0
    TTG   0   0   0   0   0   0 |     TCG   0   0   0   0   0   0 |     TAG   0   0   0   0   0   0 | Trp TGG   2   2   2   2   2   2
--------------------------------------------------------------------------------------------------------------------------------------
Leu CTT   0   0   0   1   0   0 | Pro CCT   1   1   1   1   1   1 | His CAT   0   0   0   0   0   0 | Arg CGT   0   0   0   0   0   0
    CTC   1   1   1   1   1   1 |     CCC   1   1   1   1   1   1 |     CAC   2   2   2   2   2   2 |     CGC   0   0   0   0   0   0
    CTA   3   4   3   3   3   3 |     CCA   2   2   2   2   2   2 | Gln CAA   3   3   3   3   3   3 |     CGA   0   0   0   0   0   0
    CTG   0   0   0   0   0   0 |     CCG   0   0   0   0   0   0 |     CAG   0   0   0   0   0   0 |     CGG   0   0   0   0   0   0
--------------------------------------------------------------------------------------------------------------------------------------
Ile ATT   1   1   1   0   1   1 | Thr ACT   0   0   0   0   0   0 | Asn AAT   1   1   1   1   1   1 | Ser AGT   0   0   0   0   0   0
    ATC   0   0   1   0   1   0 |     ACC   0   0   0   0   0   0 |     AAC   0   0   0   1   0   0 |     AGC   0   0   0   0   0   0
    ATA   1   1   2   1   1   1 |     ACA   2   2   2   2   2   2 | Lys AAA   4   4   4   3   4   4 | Arg AGA   1   0   0   0   0   0
Met ATG   2   2   2   3   2   2 |     ACG   0   0   0   0   0   0 |     AAG   3   3   3   3   3   4 |     AGG   0   1   1   1   1   1
--------------------------------------------------------------------------------------------------------------------------------------
Val GTT   1   1   1   1   1   1 | Ala GCT   0   0   0   0   0   0 | Asp GAT   3   3   3   3   3   2 | Gly GGT   0   0   0   0   0   0
    GTC   2   2   1   2   1   2 |     GCC   1   1   1   1   1   1 |     GAC   2   2   2   2   2   3 |     GGC   1   1   1   1   1   1
    GTA   2   1   1   2   2   2 |     GCA   1   1   1   1   0   1 | Glu GAA   5   5   5   5   5   5 |     GGA   1   1   1   1   2   1
    GTG   1   1   1   1   1   1 |     GCG   0   0   0   0   0   0 |     GAG   1   1   1   1   1   0 |     GGG   1   1   1   1   1   1
--------------------------------------------------------------------------------------------------------------------------------------

--------------------------------------------------------------------------------------------------------------------------------------
Phe TTT   2   2   2   2   2   2 | Ser TCT   1   1   1   1   1   1 | Tyr TAT   2   2   2   2   2   2 | Cys TGT   0   0   0   0   0   0
    TTC   0   0   0   0   0   0 |     TCC   0   0   0   0   0   0 |     TAC   3   3   3   3   3   3 |     TGC   0   0   0   0   0   0
Leu TTA   0   0   0   0   0   0 |     TCA   2   2   2   2   2   2 | *** TAA   0   0   0   0   0   0 | *** TGA   0   0   0   0   0   0
    TTG   0   0   0   0   0   0 |     TCG   0   0   0   0   0   0 |     TAG   0   0   0   0   0   0 | Trp TGG   2   2   2   2   2   2
--------------------------------------------------------------------------------------------------------------------------------------
Leu CTT   0   0   0   0   0   0 | Pro CCT   1   1   1   1   1   1 | His CAT   0   0   0   0   0   0 | Arg CGT   0   0   0   0   0   0
    CTC   1   1   1   1   1   1 |     CCC   1   1   1   1   1   1 |     CAC   2   2   2   2   2   2 |     CGC   0   0   0   0   0   0
    CTA   4   4   3   3   3   3 |     CCA   2   2   2   2   2   2 | Gln CAA   3   3   3   3   3   3 |     CGA   0   0   0   0   0   0
    CTG   0   0   0   0   0   0 |     CCG   0   0   0   0   0   0 |     CAG   1   1   0   0   0   0 |     CGG   0   0   0   0   0   0
--------------------------------------------------------------------------------------------------------------------------------------
Ile ATT   1   1   1   1   1   1 | Thr ACT   0   0   0   0   0   0 | Asn AAT   1   1   1   1   1   1 | Ser AGT   0   0   0   0   0   0
    ATC   0   0   0   0   0   0 |     ACC   0   0   0   0   0   0 |     AAC   0   0   0   0   0   0 |     AGC   0   0   0   0   0   0
    ATA   1   1   1   1   1   1 |     ACA   2   2   2   2   2   2 | Lys AAA   4   4   4   4   4   4 | Arg AGA   0   0   1   0   0   1
Met ATG   2   2   2   2   2   2 |     ACG   0   0   0   0   0   1 |     AAG   2   2   3   3   3   2 |     AGG   1   1   0   1   1   0
--------------------------------------------------------------------------------------------------------------------------------------
Val GTT   1   1   1   1   1   1 | Ala GCT   0   0   0   0   0   0 | Asp GAT   3   3   3   2   2   3 | Gly GGT   0   0   0   0   0   0
    GTC   2   2   2   2   2   2 |     GCC   1   1   1   1   1   1 |     GAC   2   2   2   3   3   2 |     GGC   1   1   1   1   1   1
    GTA   1   1   2   2   2   2 |     GCA   1   1   1   1   1   1 | Glu GAA   5   5   5   5   5   5 |     GGA   1   1   1   2   1   1
    GTG   1   1   1   1   1   1 |     GCG   0   0   0   0   0   0 |     GAG   1   1   1   1   1   1 |     GGG   1   1   1   0   1   1
--------------------------------------------------------------------------------------------------------------------------------------

--------------------------------------------------------------------------------------------------------------------------------------
Phe TTT   2   2   2   1   2   2 | Ser TCT   1   1   1   1   1   1 | Tyr TAT   2   2   2   2   2   2 | Cys TGT   0   0   0   1   0   0
    TTC   0   0   0   0   0   0 |     TCC   0   1   0   0   0   0 |     TAC   3   3   3   3   3   3 |     TGC   0   0   0   0   0   0
Leu TTA   0   0   0   0   0   0 |     TCA   2   1   2   2   2   2 | *** TAA   0   0   0   0   0   0 | *** TGA   0   0   0   0   0   0
    TTG   0   0   0   0   0   0 |     TCG   0   0   0   0   0   0 |     TAG   0   0   0   0   0   0 | Trp TGG   2   2   2   2   2   2
--------------------------------------------------------------------------------------------------------------------------------------
Leu CTT   0   0   0   0   0   0 | Pro CCT   1   1   1   1   1   1 | His CAT   0   0   0   0   0   0 | Arg CGT   0   0   0   0   0   0
    CTC   1   1   1   1   1   1 |     CCC   1   1   1   1   1   1 |     CAC   2   2   2   2   2   2 |     CGC   0   0   0   0   0   0
    CTA   4   4   3   3   3   3 |     CCA   2   2   2   2   2   2 | Gln CAA   3   3   3   3   3   3 |     CGA   0   0   0   0   0   0
    CTG   0   0   0   0   0   0 |     CCG   0   0   0   0   0   0 |     CAG   0   0   0   0   0   0 |     CGG   0   0   0   0   0   0
--------------------------------------------------------------------------------------------------------------------------------------
Ile ATT   1   1   1   1   1   1 | Thr ACT   0   0   0   0   0   0 | Asn AAT   1   2   1   1   1   1 | Ser AGT   0   0   0   0   0   0
    ATC   0   0   0   0   0   0 |     ACC   0   0   0   0   0   0 |     AAC   0   0   0   0   0   0 |     AGC   0   0   0   0   0   0
    ATA   0   0   1   1   1   1 |     ACA   3   2   2   2   2   2 | Lys AAA   2   3   4   4   4   4 | Arg AGA   0   0   1   0   0   0
Met ATG   2   2   2   2   2   2 |     ACG   0   0   0   0   0   0 |     AAG   5   3   3   3   3   3 |     AGG   1   1   0   1   1   1
--------------------------------------------------------------------------------------------------------------------------------------
Val GTT   1   1   1   1   1   1 | Ala GCT   0   0   0   0   0   0 | Asp GAT   3   3   3   2   3   2 | Gly GGT   0   0   0   0   0   0
    GTC   2   3   3   3   2   2 |     GCC   1   0   0   0   1   1 |     GAC   2   2   2   3   2   3 |     GGC   1   1   1   1   1   1
    GTA   1   1   2   2   2   2 |     GCA   1   2   1   1   1   1 | Glu GAA   5   5   5   5   5   5 |     GGA   1   1   1   1   1   2
    GTG   1   1   1   1   1   1 |     GCG   0   0   0   0   0   0 |     GAG   1   1   1   1   1   1 |     GGG   1   1   1   1   1   0
--------------------------------------------------------------------------------------------------------------------------------------

--------------------------------------------------------------------------------------------------------------------------------------
Phe TTT   2   2   2   1   2   2 | Ser TCT   1   1   1   1   1   1 | Tyr TAT   2   2   2   2   1   2 | Cys TGT   0   0   0   0   0   0
    TTC   0   0   0   0   0   0 |     TCC   0   0   0   0   0   0 |     TAC   3   3   3   3   3   3 |     TGC   0   0   0   0   0   0
Leu TTA   0   0   0   0   0   0 |     TCA   2   2   1   2   2   2 | *** TAA   0   0   0   0   0   0 | *** TGA   0   0   0   0   0   0
    TTG   0   0   0   0   0   0 |     TCG   0   0   1   0   0   0 |     TAG   0   0   0   0   0   0 | Trp TGG   2   2   2   2   2   2
--------------------------------------------------------------------------------------------------------------------------------------
Leu CTT   0   0   0   1   0   0 | Pro CCT   1   1   1   1   1   1 | His CAT   0   0   0   0   1   0 | Arg CGT   0   0   0   0   0   0
    CTC   1   1   0   1   1   1 |     CCC   1   1   1   1   1   1 |     CAC   2   2   2   2   2   2 |     CGC   0   0   0   0   0   0
    CTA   3   3   4   3   4   3 |     CCA   2   2   2   2   2   2 | Gln CAA   3   3   3   3   3   3 |     CGA   0   0   0   0   0   0
    CTG   0   0   1   0   0   0 |     CCG   0   0   0   0   0   0 |     CAG   0   0   0   0   0   0 |     CGG   0   0   0   0   0   0
--------------------------------------------------------------------------------------------------------------------------------------
Ile ATT   1   1   1   0   1   1 | Thr ACT   0   0   0   0   0   0 | Asn AAT   1   1   1   1   1   0 | Ser AGT   0   0   0   0   0   1
    ATC   0   0   0   0   0   0 |     ACC   0   0   0   0   0   0 |     AAC   0   0   0   0   0   0 |     AGC   0   0   1   0   0   0
    ATA   2   1   0   1   1   1 |     ACA   2   2   3   2   2   2 | Lys AAA   4   4   2   4   3   4 | Arg AGA   0   0   0   0   0   0
Met ATG   2   2   2   3   2   2 |     ACG   0   0   1   0   0   0 |     AAG   4   3   4   3   4   3 |     AGG   1   1   1   1   1   1
--------------------------------------------------------------------------------------------------------------------------------------
Val GTT   1   1   1   1   1   1 | Ala GCT   0   0   0   0   0   0 | Asp GAT   2   2   3   3   3   3 | Gly GGT   0   0   0   0   0   0
    GTC   2   2   2   2   2   2 |     GCC   1   1   1   1   1   1 |     GAC   3   3   2   2   2   2 |     GGC   1   1   0   1   1   1
    GTA   1   2   1   2   1   2 |     GCA   1   1   1   1   1   1 | Glu GAA   5   5   5   5   5   5 |     GGA   1   2   1   1   1   1
    GTG   1   1   1   1   1   1 |     GCG   0   0   0   0   0   0 |     GAG   0   1   1   1   1   1 |     GGG   1   0   1   1   1   1
--------------------------------------------------------------------------------------------------------------------------------------

--------------------------------------------------------------------------------------------------------------------------------------
Phe TTT   2   2   2   2   2   2 | Ser TCT   1   1   1   1   1   1 | Tyr TAT   2   2   2   2   2   2 | Cys TGT   0   0   0   0   0   0
    TTC   0   0   0   0   0   0 |     TCC   0   0   0   0   0   1 |     TAC   3   3   3   3   3   3 |     TGC   0   0   0   0   0   0
Leu TTA   0   0   0   0   0   0 |     TCA   2   2   2   2   2   1 | *** TAA   0   0   0   0   0   0 | *** TGA   0   0   0   0   0   0
    TTG   0   0   0   0   0   0 |     TCG   0   0   0   0   0   0 |     TAG   0   0   0   0   0   0 | Trp TGG   2   2   2   2   2   2
--------------------------------------------------------------------------------------------------------------------------------------
Leu CTT   0   0   0   0   0   0 | Pro CCT   1   1   1   1   1   1 | His CAT   0   0   0   0   0   0 | Arg CGT   0   0   0   0   0   0
    CTC   0   1   1   1   1   1 |     CCC   1   1   1   1   1   1 |     CAC   2   2   2   2   2   2 |     CGC   0   0   0   0   0   0
    CTA   4   4   3   3   3   4 |     CCA   2   2   2   2   2   2 | Gln CAA   3   3   3   3   3   2 |     CGA   0   0   0   0   0   0
    CTG   0   0   0   0   0   0 |     CCG   0   0   0   0   0   0 |     CAG   0   0   0   0   1   1 |     CGG   0   0   0   0   0   0
--------------------------------------------------------------------------------------------------------------------------------------
Ile ATT   1   1   1   1   1   0 | Thr ACT   0   0   0   0   0   0 | Asn AAT   1   1   1   1   1   1 | Ser AGT   0   0   0   0   0   0
    ATC   0   0   0   0   0   1 |     ACC   0   0   0   0   0   1 |     AAC   0   0   0   0   0   0 |     AGC   0   0   0   0   0   0
    ATA   1   1   1   1   1   0 |     ACA   2   2   2   2   2   2 | Lys AAA   4   4   4   4   4   2 | Arg AGA   0   1   1   0   0   0
Met ATG   2   2   2   2   2   2 |     ACG   0   0   0   0   0   0 |     AAG   3   2   3   3   2   5 |     AGG   1   1   0   1   1   1
--------------------------------------------------------------------------------------------------------------------------------------
Val GTT   1   1   1   1   1   1 | Ala GCT   0   0   0   0   0   0 | Asp GAT   3   2   3   4   3   3 | Gly GGT   0   0   0   0   0   0
    GTC   2   1   2   2   2   2 |     GCC   1   1   1   1   1   1 |     GAC   2   3   2   1   2   2 |     GGC   1   1   1   1   1   1
    GTA   2   1   2   2   2   1 |     GCA   1   1   1   1   1   1 | Glu GAA   5   5   5   5   5   5 |     GGA   1   2   1   1   1   1
    GTG   1   2   1   1   1   1 |     GCG   0   0   0   0   0   0 |     GAG   1   1   1   1   1   1 |     GGG   1   0   1   1   1   1
--------------------------------------------------------------------------------------------------------------------------------------

--------------------------------------------------------------------------------------------------------------------------------------
Phe TTT   2   1   2   2   2   2 | Ser TCT   1   1   1   1   1   1 | Tyr TAT   2   2   2   2   2   2 | Cys TGT   0   1   0   0   0   0
    TTC   0   0   0   0   0   0 |     TCC   0   0   0   1   0   0 |     TAC   3   3   3   3   3   3 |     TGC   0   0   0   0   0   0
Leu TTA   0   0   0   0   0   0 |     TCA   2   2   1   1   2   2 | *** TAA   0   0   0   0   0   0 | *** TGA   0   0   0   0   0   0
    TTG   0   0   0   0   0   0 |     TCG   0   0   1   0   0   0 |     TAG   0   0   0   0   0   0 | Trp TGG   2   2   2   2   2   2
--------------------------------------------------------------------------------------------------------------------------------------
Leu CTT   0   0   0   0   0   0 | Pro CCT   1   1   1   1   1   1 | His CAT   0   0   0   0   0   0 | Arg CGT   0   0   0   0   0   0
    CTC   1   1   1   1   1   1 |     CCC   1   1   1   1   1   1 |     CAC   2   2   2   2   2   2 |     CGC   0   0   0   0   0   0
    CTA   4   3   4   4   4   3 |     CCA   2   2   2   2   2   2 | Gln CAA   3   3   3   3   3   3 |     CGA   0   0   0   0   0   0
    CTG   0   0   0   0   0   0 |     CCG   0   0   0   0   0   0 |     CAG   0   0   0   0   0   0 |     CGG   0   0   0   0   0   0
--------------------------------------------------------------------------------------------------------------------------------------
Ile ATT   1   1   1   1   1   1 | Thr ACT   0   0   0   0   0   0 | Asn AAT   1   1   1   1   1   1 | Ser AGT   0   0   0   0   0   0
    ATC   0   0   0   0   0   0 |     ACC   0   0   0   0   0   0 |     AAC   0   0   0   0   0   0 |     AGC   0   0   1   0   0   0
    ATA   0   1   0   0   1   1 |     ACA   3   2   4   3   2   3 | Lys AAA   2   4   2   3   4   4 | Arg AGA   0   0   0   0   1   0
Met ATG   2   2   2   2   2   2 |     ACG   0   0   0   0   0   0 |     AAG   5   3   4   4   2   3 |     AGG   1   1   1   1   1   1
--------------------------------------------------------------------------------------------------------------------------------------
Val GTT   1   1   1   1   1   1 | Ala GCT   0   0   0   0   0   0 | Asp GAT   3   3   3   3   2   3 | Gly GGT   0   0   0   0   0   0
    GTC   2   3   2   3   1   2 |     GCC   1   0   1   0   1   1 |     GAC   2   2   2   2   3   2 |     GGC   1   1   0   1   1   1
    GTA   1   2   1   1   1   2 |     GCA   1   1   1   1   1   0 | Glu GAA   5   5   5   5   5   5 |     GGA   1   1   1   1   2   1
    GTG   1   1   1   1   2   1 |     GCG   0   0   0   0   0   0 |     GAG   1   1   1   1   1   1 |     GGG   1   1   1   1   0   1
--------------------------------------------------------------------------------------------------------------------------------------

--------------------------------------------------------------------------------------------------------------------------------------
Phe TTT   2   2   2   2   2   2 | Ser TCT   1   1   1   1   1   1 | Tyr TAT   2   2   2   2   2   2 | Cys TGT   0   0   0   0   0   0
    TTC   0   0   0   0   0   0 |     TCC   0   0   0   0   0   0 |     TAC   3   3   3   3   3   3 |     TGC   0   0   0   0   0   0
Leu TTA   0   0   0   0   0   0 |     TCA   2   2   2   2   2   2 | *** TAA   0   0   0   0   0   0 | *** TGA   0   0   0   0   0   0
    TTG   0   0   0   0   0   0 |     TCG   0   0   0   0   0   0 |     TAG   0   0   0   0   0   0 | Trp TGG   2   2   2   2   2   2
--------------------------------------------------------------------------------------------------------------------------------------
Leu CTT   0   0   0   0   0   0 | Pro CCT   1   1   1   1   1   1 | His CAT   0   0   0   0   0   0 | Arg CGT   0   0   0   0   0   0
    CTC   1   1   1   1   1   1 |     CCC   1   1   1   1   1   1 |     CAC   2   2   2   2   2   2 |     CGC   0   0   0   0   0   0
    CTA   2   3   3   4   3   3 |     CCA   1   2   2   2   2   2 | Gln CAA   3   3   3   3   3   3 |     CGA   0   0   0   0   0   0
    CTG   1   0   0   0   0   0 |     CCG   1   0   0   0   0   0 |     CAG   0   0   0   0   0   0 |     CGG   1   0   0   0   0   0
--------------------------------------------------------------------------------------------------------------------------------------
Ile ATT   1   1   1   1   1   1 | Thr ACT   0   0   0   0   0   0 | Asn AAT   0   1   2   1   1   1 | Ser AGT   0   0   0   0   0   0
    ATC   0   0   0   0   0   0 |     ACC   0   0   0   0   0   0 |     AAC   1   0   0   0   0   0 |     AGC   0   0   0   0   0   0
    ATA   2   1   1   0   1   1 |     ACA   2   2   2   3   2   2 | Lys AAA   4   4   3   4   4   4 | Arg AGA   0   0   0   0   0   0
Met ATG   2   2   2   2   2   2 |     ACG   0   0   0   0   0   0 |     AAG   3   3   3   3   3   3 |     AGG   0   1   1   1   1   1
--------------------------------------------------------------------------------------------------------------------------------------
Val GTT   1   1   1   1   1   1 | Ala GCT   0   0   0   0   0   0 | Asp GAT   3   3   3   3   2   3 | Gly GGT   0   0   0   0   0   0
    GTC   2   2   2   2   2   2 |     GCC   1   1   1   1   1   1 |     GAC   2   2   2   2   3   2 |     GGC   1   1   1   1   1   1
    GTA   1   2   2   1   2   1 |     GCA   1   1   1   1   1   1 | Glu GAA   5   5   5   5   5   5 |     GGA   1   1   1   1   2   2
    GTG   1   1   1   1   1   2 |     GCG   0   0   0   0   0   0 |     GAG   1   1   1   1   1   1 |     GGG   1   1   1   1   0   0
--------------------------------------------------------------------------------------------------------------------------------------

Codon position x base (3x4) table for each sequence.

#1: Argali         
position  1:    T:0.19355    C:0.20968    A:0.24194    G:0.35484
position  2:    T:0.25806    C:0.17742    A:0.46774    G:0.09677
position  3:    T:0.19355    C:0.20968    A:0.41935    G:0.17742
Average         T:0.21505    C:0.19892    A:0.37634    G:0.20968

#2: LesserMouseDeer
position  1:    T:0.19355    C:0.22581    A:0.25806    G:0.32258
position  2:    T:0.27419    C:0.14516    A:0.45161    G:0.12903
position  3:    T:0.17742    C:0.17742    A:0.35484    G:0.29032
Average         T:0.21505    C:0.18280    A:0.35484    G:0.24731

#3: LesserKudu     
position  1:    T:0.19355    C:0.20968    A:0.25806    G:0.33871
position  2:    T:0.25806    C:0.17742    A:0.46774    G:0.09677
position  3:    T:0.17742    C:0.22581    A:0.43548    G:0.16129
Average         T:0.20968    C:0.20430    A:0.38710    G:0.19892

#4: ForestMuskDeer2
position  1:    T:0.19355    C:0.22581    A:0.24194    G:0.33871
position  2:    T:0.24194    C:0.19355    A:0.46774    G:0.09677
position  3:    T:0.19355    C:0.20968    A:0.41935    G:0.17742
Average         T:0.20968    C:0.20968    A:0.37634    G:0.20430

#5: Camel          
position  1:    T:0.19355    C:0.24194    A:0.25806    G:0.30645
position  2:    T:0.25806    C:0.17742    A:0.45161    G:0.11290
position  3:    T:0.20968    C:0.20968    A:0.29032    G:0.29032
Average         T:0.22043    C:0.20968    A:0.33333    G:0.23656

#6: KillerWhale    
position  1:    T:0.19355    C:0.22581    A:0.27419    G:0.30645
position  2:    T:0.25806    C:0.17742    A:0.45161    G:0.11290
position  3:    T:0.12903    C:0.25806    A:0.38710    G:0.22581
Average         T:0.19355    C:0.22043    A:0.37097    G:0.21505

#7: DefassaWaterbuck
position  1:    T:0.19355    C:0.20968    A:0.24194    G:0.35484
position  2:    T:0.25806    C:0.17742    A:0.46774    G:0.09677
position  3:    T:0.20968    C:0.19355    A:0.41935    G:0.17742
Average         T:0.22043    C:0.19355    A:0.37634    G:0.20968

#8: Sheep          
position  1:    T:0.19355    C:0.20968    A:0.25806    G:0.33871
position  2:    T:0.25806    C:0.17742    A:0.46774    G:0.09677
position  3:    T:0.19355    C:0.20968    A:0.43548    G:0.16129
Average         T:0.21505    C:0.19892    A:0.38710    G:0.19892

#9: MaxwellsDuiker 
position  1:    T:0.16129    C:0.24194    A:0.24194    G:0.35484
position  2:    T:0.25806    C:0.17742    A:0.46774    G:0.09677
position  3:    T:0.19355    C:0.19355    A:0.41935    G:0.19355
Average         T:0.20430    C:0.20430    A:0.37634    G:0.21505

#10: GazellaPrzewalskyi
position  1:    T:0.19355    C:0.20968    A:0.24194    G:0.35484
position  2:    T:0.25806    C:0.17742    A:0.46774    G:0.09677
position  3:    T:0.19355    C:0.20968    A:0.41935    G:0.17742
Average         T:0.21505    C:0.19892    A:0.37634    G:0.20968

#11: MountainNyala  
position  1:    T:0.19355    C:0.20968    A:0.24194    G:0.35484
position  2:    T:0.25806    C:0.17742    A:0.46774    G:0.09677
position  3:    T:0.19355    C:0.20968    A:0.41935    G:0.17742
Average         T:0.21505    C:0.19892    A:0.37634    G:0.20968

#12: MuntiacusMuntjak
position  1:    T:0.19355    C:0.22581    A:0.25806    G:0.32258
position  2:    T:0.24194    C:0.20968    A:0.45161    G:0.09677
position  3:    T:0.19355    C:0.19355    A:0.37097    G:0.24194
Average         T:0.20968    C:0.20968    A:0.36022    G:0.22043

#13: goat           
position  1:    T:0.19355    C:0.20968    A:0.24194    G:0.35484
position  2:    T:0.25806    C:0.17742    A:0.46774    G:0.09677
position  3:    T:0.19355    C:0.20968    A:0.43548    G:0.16129
Average         T:0.21505    C:0.19892    A:0.38172    G:0.20430

#14: AfricanBuffalo 
position  1:    T:0.19355    C:0.22581    A:0.24194    G:0.33871
position  2:    T:0.25806    C:0.17742    A:0.46774    G:0.09677
position  3:    T:0.19355    C:0.20968    A:0.41935    G:0.17742
Average         T:0.21505    C:0.20430    A:0.37634    G:0.20430

#15: Topi           
position  1:    T:0.19355    C:0.20968    A:0.27419    G:0.32258
position  2:    T:0.25806    C:0.17742    A:0.46774    G:0.09677
position  3:    T:0.19355    C:0.20968    A:0.41935    G:0.17742
Average         T:0.21505    C:0.19892    A:0.38710    G:0.19892

#16: CommonDuiker   
position  1:    T:0.17742    C:0.22581    A:0.24194    G:0.35484
position  2:    T:0.25806    C:0.17742    A:0.46774    G:0.09677
position  3:    T:0.17742    C:0.22581    A:0.40323    G:0.19355
Average         T:0.20430    C:0.20968    A:0.37097    G:0.21505

#17: Suni           
position  1:    T:0.19355    C:0.20968    A:0.25806    G:0.33871
position  2:    T:0.25806    C:0.16129    A:0.46774    G:0.11290
position  3:    T:0.19355    C:0.20968    A:0.41935    G:0.17742
Average         T:0.21505    C:0.19355    A:0.38172    G:0.20968

#18: Springbuck     
position  1:    T:0.19355    C:0.20968    A:0.25806    G:0.33871
position  2:    T:0.25806    C:0.17742    A:0.46774    G:0.09677
position  3:    T:0.17742    C:0.22581    A:0.41935    G:0.17742
Average         T:0.20968    C:0.20430    A:0.38172    G:0.20430

#19: Okapi          
position  1:    T:0.19355    C:0.24194    A:0.22581    G:0.33871
position  2:    T:0.25806    C:0.17742    A:0.46774    G:0.09677
position  3:    T:0.19355    C:0.20968    A:0.41935    G:0.17742
Average         T:0.21505    C:0.20968    A:0.37097    G:0.20430

#20: Giraffe        
position  1:    T:0.19355    C:0.24194    A:0.22581    G:0.33871
position  2:    T:0.25806    C:0.17742    A:0.46774    G:0.09677
position  3:    T:0.19355    C:0.20968    A:0.41935    G:0.17742
Average         T:0.21505    C:0.20968    A:0.37097    G:0.20430

#21: TibetanAntelope
position  1:    T:0.19355    C:0.20968    A:0.24194    G:0.35484
position  2:    T:0.25806    C:0.17742    A:0.46774    G:0.09677
position  3:    T:0.19355    C:0.20968    A:0.43548    G:0.16129
Average         T:0.21505    C:0.19892    A:0.38172    G:0.20430

#22: Sitatunga      
position  1:    T:0.19355    C:0.20968    A:0.24194    G:0.35484
position  2:    T:0.25806    C:0.17742    A:0.46774    G:0.09677
position  3:    T:0.17742    C:0.22581    A:0.43548    G:0.16129
Average         T:0.20968    C:0.20430    A:0.38172    G:0.20430

#23: Oribi          
position  1:    T:0.19355    C:0.20968    A:0.24194    G:0.35484
position  2:    T:0.25806    C:0.17742    A:0.46774    G:0.09677
position  3:    T:0.17742    C:0.22581    A:0.41935    G:0.17742
Average         T:0.20968    C:0.20430    A:0.37634    G:0.20968

#24: BarbarySheep   
position  1:    T:0.19355    C:0.20968    A:0.24194    G:0.35484
position  2:    T:0.25806    C:0.19355    A:0.45161    G:0.09677
position  3:    T:0.19355    C:0.20968    A:0.43548    G:0.16129
Average         T:0.21505    C:0.20430    A:0.37634    G:0.20430

#25: Daviddeer      
position  1:    T:0.19355    C:0.22581    A:0.24194    G:0.33871
position  2:    T:0.24194    C:0.19355    A:0.46774    G:0.09677
position  3:    T:0.19355    C:0.20968    A:0.38710    G:0.20968
Average         T:0.20968    C:0.20968    A:0.36559    G:0.21505

#26: Reindeer       
position  1:    T:0.19355    C:0.22581    A:0.22581    G:0.35484
position  2:    T:0.25806    C:0.17742    A:0.46774    G:0.09677
position  3:    T:0.20968    C:0.22581    A:0.38710    G:0.17742
Average         T:0.22043    C:0.20968    A:0.36022    G:0.20968

#27: Ibex           
position  1:    T:0.19355    C:0.20968    A:0.24194    G:0.35484
position  2:    T:0.27419    C:0.16129    A:0.46774    G:0.09677
position  3:    T:0.19355    C:0.20968    A:0.43548    G:0.16129
Average         T:0.22043    C:0.19355    A:0.38172    G:0.20430

#28: GyrantGazelle  
position  1:    T:0.19355    C:0.20968    A:0.24194    G:0.35484
position  2:    T:0.25806    C:0.16129    A:0.46774    G:0.11290
position  3:    T:0.17742    C:0.22581    A:0.41935    G:0.17742
Average         T:0.20968    C:0.19892    A:0.37634    G:0.21505

#29: Hartebeest     
position  1:    T:0.19355    C:0.20968    A:0.24194    G:0.35484
position  2:    T:0.25806    C:0.17742    A:0.46774    G:0.09677
position  3:    T:0.19355    C:0.20968    A:0.41935    G:0.17742
Average         T:0.21505    C:0.19892    A:0.37634    G:0.20968

#30: Bongo          
position  1:    T:0.19355    C:0.20968    A:0.24194    G:0.35484
position  2:    T:0.25806    C:0.17742    A:0.46774    G:0.09677
position  3:    T:0.17742    C:0.22581    A:0.43548    G:0.16129
Average         T:0.20968    C:0.20430    A:0.38172    G:0.20430

#31: Gerenuk        
position  1:    T:0.19355    C:0.20968    A:0.27419    G:0.32258
position  2:    T:0.25806    C:0.17742    A:0.46774    G:0.09677
position  3:    T:0.17742    C:0.22581    A:0.41935    G:0.17742
Average         T:0.20968    C:0.20430    A:0.38710    G:0.19892

#32: CommonEland    
position  1:    T:0.19355    C:0.20968    A:0.24194    G:0.35484
position  2:    T:0.25806    C:0.17742    A:0.46774    G:0.09677
position  3:    T:0.17742    C:0.22581    A:0.43548    G:0.16129
Average         T:0.20968    C:0.20430    A:0.38172    G:0.20430

#33: MuntiacusReevesi
position  1:    T:0.19355    C:0.22581    A:0.25806    G:0.32258
position  2:    T:0.24194    C:0.20968    A:0.45161    G:0.09677
position  3:    T:0.19355    C:0.19355    A:0.37097    G:0.24194
Average         T:0.20968    C:0.20968    A:0.36022    G:0.22043

#34: HarveysDuiker  
position  1:    T:0.17742    C:0.22581    A:0.24194    G:0.35484
position  2:    T:0.25806    C:0.17742    A:0.46774    G:0.09677
position  3:    T:0.17742    C:0.20968    A:0.41935    G:0.19355
Average         T:0.20430    C:0.20430    A:0.37634    G:0.21505

#35: Pronghorn      
position  1:    T:0.17742    C:0.24194    A:0.24194    G:0.33871
position  2:    T:0.25806    C:0.17742    A:0.46774    G:0.09677
position  3:    T:0.19355    C:0.20968    A:0.40323    G:0.19355
Average         T:0.20968    C:0.20968    A:0.37097    G:0.20968

#36: BlueWildebeest 
position  1:    T:0.19355    C:0.20968    A:0.24194    G:0.35484
position  2:    T:0.25806    C:0.17742    A:0.45161    G:0.11290
position  3:    T:0.19355    C:0.20968    A:0.41935    G:0.17742
Average         T:0.21505    C:0.19892    A:0.37097    G:0.21505

#37: Gemsbok        
position  1:    T:0.19355    C:0.20968    A:0.24194    G:0.35484
position  2:    T:0.25806    C:0.17742    A:0.46774    G:0.09677
position  3:    T:0.19355    C:0.19355    A:0.43548    G:0.17742
Average         T:0.21505    C:0.19355    A:0.38172    G:0.20968

#38: Yak            
position  1:    T:0.19355    C:0.22581    A:0.24194    G:0.33871
position  2:    T:0.25806    C:0.17742    A:0.45161    G:0.11290
position  3:    T:0.17742    C:0.20968    A:0.45161    G:0.16129
Average         T:0.20968    C:0.20430    A:0.38172    G:0.20430

#39: BlueSheep      
position  1:    T:0.19355    C:0.20968    A:0.24194    G:0.35484
position  2:    T:0.25806    C:0.17742    A:0.46774    G:0.09677
position  3:    T:0.19355    C:0.20968    A:0.43548    G:0.16129
Average         T:0.21505    C:0.19892    A:0.38172    G:0.20430

#40: BohorReedbuck  
position  1:    T:0.19355    C:0.20968    A:0.24194    G:0.35484
position  2:    T:0.25806    C:0.17742    A:0.46774    G:0.09677
position  3:    T:0.20968    C:0.19355    A:0.41935    G:0.17742
Average         T:0.22043    C:0.19355    A:0.37634    G:0.20968

#41: KirksDik       
position  1:    T:0.19355    C:0.22581    A:0.22581    G:0.35484
position  2:    T:0.25806    C:0.17742    A:0.46774    G:0.09677
position  3:    T:0.19355    C:0.20968    A:0.41935    G:0.17742
Average         T:0.21505    C:0.20430    A:0.37097    G:0.20968

#42: RoeDeer        
position  1:    T:0.19355    C:0.22581    A:0.24194    G:0.33871
position  2:    T:0.24194    C:0.19355    A:0.46774    G:0.09677
position  3:    T:0.17742    C:0.25806    A:0.33871    G:0.22581
Average         T:0.20430    C:0.22581    A:0.34946    G:0.22043

#43: WhiteLippedDeer
position  1:    T:0.19355    C:0.22581    A:0.24194    G:0.33871
position  2:    T:0.24194    C:0.19355    A:0.46774    G:0.09677
position  3:    T:0.19355    C:0.20968    A:0.38710    G:0.20968
Average         T:0.20968    C:0.20968    A:0.36559    G:0.21505

#44: ThomsonGazelle 
position  1:    T:0.19355    C:0.20968    A:0.24194    G:0.35484
position  2:    T:0.25806    C:0.16129    A:0.46774    G:0.11290
position  3:    T:0.19355    C:0.20968    A:0.41935    G:0.17742
Average         T:0.21505    C:0.19355    A:0.37634    G:0.21505

#45: MuntiacusCrinifrons
position  1:    T:0.19355    C:0.22581    A:0.25806    G:0.32258
position  2:    T:0.24194    C:0.20968    A:0.45161    G:0.09677
position  3:    T:0.19355    C:0.20968    A:0.38710    G:0.20968
Average         T:0.20968    C:0.21505    A:0.36559    G:0.20968

#46: WhiteTailedDeer
position  1:    T:0.19355    C:0.22581    A:0.24194    G:0.33871
position  2:    T:0.25806    C:0.17742    A:0.46774    G:0.09677
position  3:    T:0.19355    C:0.22581    A:0.38710    G:0.19355
Average         T:0.21505    C:0.20968    A:0.36559    G:0.20968

#47: Cattle         
position  1:    T:0.19355    C:0.22581    A:0.24194    G:0.33871
position  2:    T:0.25806    C:0.17742    A:0.45161    G:0.11290
position  3:    T:0.17742    C:0.20968    A:0.45161    G:0.16129
Average         T:0.20968    C:0.20430    A:0.38172    G:0.20430

#48: RoyalAntelope  
position  1:    T:0.19355    C:0.20968    A:0.25806    G:0.33871
position  2:    T:0.25806    C:0.17742    A:0.46774    G:0.09677
position  3:    T:0.19355    C:0.20968    A:0.41935    G:0.17742
Average         T:0.21505    C:0.19892    A:0.38172    G:0.20430

#49: Steenbok       
position  1:    T:0.19355    C:0.22581    A:0.24194    G:0.33871
position  2:    T:0.25806    C:0.17742    A:0.46774    G:0.09677
position  3:    T:0.17742    C:0.22581    A:0.38710    G:0.20968
Average         T:0.20968    C:0.20968    A:0.36559    G:0.21505

#50: Impala         
position  1:    T:0.19355    C:0.20968    A:0.24194    G:0.35484
position  2:    T:0.25806    C:0.17742    A:0.46774    G:0.09677
position  3:    T:0.19355    C:0.20968    A:0.41935    G:0.17742
Average         T:0.21505    C:0.19892    A:0.37634    G:0.20968

#51: Klipspringer   
position  1:    T:0.19355    C:0.20968    A:0.24194    G:0.35484
position  2:    T:0.25806    C:0.17742    A:0.46774    G:0.09677
