1
52 1
Argali 0.000000 0.185400 0.061000 0.189500 0.050900 0.000000 0.050700 0.071200 0.050600 0.071000 0.020000 0.050200 0.050200 0.083600 0.060400 0.030200 0.101700 0.115200 0.020000 0.060700 0.081800 0.020000 0.070500 0.060700 0.020000 0.050900 0.050800 0.060600 0.030200 0.050800 0.070800 0.072600 0.139100 0.040100 0.060800 0.071500 0.030000 0.040800 0.095200 0.050300 0.090900 0.060900 0.070800 0.081400 0.060300 0.051100 0.081200 0.041000 0.093000 0.051000 0.060900 0.051100
LesserMous 0.185400 0.000000 0.183400 0.157400 0.175300 0.185400 0.172200 0.195000 0.171400 0.168900 0.187400 0.194600 0.183400 0.186700 0.206300 0.148400 0.176900 0.220500 0.187400 0.182200 0.182700 0.187400 0.167600 0.134000 0.187400 0.172700 0.197400 0.182100 0.148400 0.172200 0.168400 0.174100 0.172600 0.183500 0.207700 0.220400 0.186900 0.182300 0.228000 0.158100 0.189700 0.159300 0.168400 0.156000 0.205200 0.149400 0.215300 0.162500 0.194800 0.198200 0.182900 0.173200
LesserKudu 0.061000 0.183400 0.000000 0.187300 0.050500 0.061000 0.029700 0.049700 0.009800 0.070600 0.040500 0.039600 0.049700 0.061200 0.080900 0.029900 0.101000 0.115300 0.040500 0.019600 0.059900 0.040500 0.070100 0.060300 0.040500 0.050400 0.050300 0.019500 0.029900 0.009800 0.070300 0.050600 0.115200 0.039700 0.060200 0.060400 0.050600 0.040400 0.072200 0.060500 0.090300 0.039600 0.070300 0.080900 0.049500 0.050600 0.059500 0.061700 0.070600 0.040300 0.019600 0.009900
KillerWhal 0.189500 0.157400 0.187300 0.000000 0.176900 0.189500 0.175900 0.198800 0.175000 0.172200 0.166000 0.185700 0.150200 0.190400 0.185200 0.176500 0.180700 0.174900 0.166100 0.185700 0.186200 0.166000 0.171000 0.137400 0.166000 0.201600 0.176200 0.185800 0.176500 0.175700 0.171600 0.177800 0.199200 0.166800 0.186100 0.211000 0.152900 0.141600 0.231200 0.161400 0.193300 0.162900 0.171600 0.159500 0.196200 0.177600 0.218400 0.166200 0.223200 0.176600 0.186600 0.176800
DefassaWat 0.050900 0.175300 0.050500 0.176900 0.000000 0.050900 0.040300 0.060600 0.040100 0.081600 0.030400 0.050200 0.039800 0.072600 0.070900 0.040500 0.112400 0.127400 0.030500 0.050200 0.071000 0.030400 0.081100 0.071300 0.030400 0.061500 0.040300 0.050100 0.040500 0.040300 0.081400 0.061800 0.127500 0.029900 0.050300 0.070600 0.040500 0.030300 0.084000 0.071400 0.101600 0.050400 0.081400 0.092100 0.059100 0.061700 0.070500 0.051500 0.082000 0.051100 0.050300 0.040600
Sheep 0.000000 0.185400 0.061000 0.189500 0.050900 0.000000 0.050700 0.071200 0.050600 0.071000 0.020000 0.050200 0.050200 0.083600 0.060400 0.030200 0.101700 0.115200 0.020000 0.060700 0.081800 0.020000 0.070500 0.060700 0.020000 0.050900 0.050800 0.060600 0.030200 0.050800 0.070800 0.072600 0.139100 0.040100 0.060800 0.071500 0.030000 0.040800 0.095200 0.050300 0.090900 0.060900 0.070800 0.081400 0.060300 0.051100 0.081200 0.041000 0.093000 0.051000 0.060900 0.051100
MaxwellsDu 0.050700 0.172200 0.029700 0.175900 0.040300 0.050700 0.000000 0.019100 0.019700 0.081300 0.030300 0.049900 0.039500 0.050700 0.070300 0.019600 0.111900 0.127000 0.029000 0.029600 0.049600 0.030300 0.080700 0.071000 0.030300 0.038100 0.040100 0.009700 0.019100 0.019800 0.081000 0.040300 0.126700 0.029700 0.050100 0.071100 0.040400 0.030200 0.061800 0.071100 0.101100 0.028800 0.081000 0.091700 0.059900 0.040200 0.049400 0.051300 0.060300 0.050800 0.029700 0.019900
GazellaPrz 0.071200 0.195000 0.049700 0.198800 0.060600 0.071200 0.019100 0.000000 0.039500 0.101900 0.050600 0.070100 0.059500 0.071200 0.090700 0.039700 0.132800 0.148600 0.050500 0.049400 0.069600 0.050600 0.101200 0.091500 0.050600 0.060200 0.060300 0.029300 0.039700 0.039700 0.101600 0.060600 0.148300 0.049700 0.049600 0.091600 0.060700 0.050500 0.061200 0.091700 0.121800 0.049400 0.101600 0.112400 0.080200 0.060500 0.069400 0.072000 0.080700 0.071300 0.049500 0.039900
MountainNy 0.050600 0.171400 0.009800 0.175000 0.040100 0.050600 0.019700 0.039500 0.000000 0.060100 0.030200 0.029500 0.039500 0.050700 0.070300 0.019800 0.090300 0.104100 0.030200 0.009700 0.049600 0.030200 0.059700 0.050000 0.030200 0.040100 0.040000 0.009500 0.019800 0.000000 0.059900 0.040300 0.104100 0.029600 0.049900 0.050100 0.040200 0.030100 0.061600 0.050100 0.079700 0.029600 0.059900 0.070300 0.039400 0.040200 0.049300 0.051100 0.060100 0.030100 0.009600 0.000100
MuntiacusM 0.071000 0.168900 0.070600 0.172200 0.081600 0.071000 0.081300 0.101900 0.060100 0.000000 0.071600 0.059700 0.059600 0.093000 0.090800 0.060400 0.068400 0.102500 0.071600 0.070200 0.112700 0.071600 0.019200 0.029200 0.071600 0.081500 0.060200 0.070000 0.060400 0.060300 0.000000 0.082100 0.102700 0.049600 0.091400 0.081000 0.081800 0.071400 0.127700 0.029300 0.038400 0.091400 0.000000 0.048900 0.069800 0.081800 0.111800 0.071700 0.124200 0.071300 0.070400 0.060700
goat 0.020000 0.187400 0.040500 0.166000 0.030400 0.020000 0.030300 0.050600 0.030200 0.071600 0.000000 0.040200 0.029900 0.062400 0.060900 0.030400 0.102400 0.093800 0.000000 0.040200 0.061000 0.000000 0.071100 0.061200 0.000000 0.051300 0.030300 0.040200 0.030400 0.030300 0.071300 0.051600 0.140400 0.020000 0.040300 0.061300 0.009700 0.020300 0.073800 0.050700 0.091500 0.040400 0.071300 0.082100 0.050300 0.051500 0.060500 0.041300 0.071800 0.030500 0.040400 0.030500
AfricanBuf 0.050200 0.194600 0.039600 0.185700 0.050200 0.050200 0.049900 0.070100 0.029500 0.059700 0.040200 0.000000 0.049400 0.082100 0.069900 0.039900 0.089800 0.114400 0.040200 0.039400 0.080400 0.040200 0.059300 0.049700 0.040200 0.060500 0.049900 0.039300 0.039900 0.029600 0.059500 0.071300 0.125900 0.039500 0.059900 0.039100 0.050200 0.040100 0.093600 0.049800 0.079300 0.059900 0.059500 0.069900 0.028900 0.060800 0.079900 0.050800 0.091400 0.040000 0.039500 0.029800
Topi 0.050200 0.183400 0.049700 0.150200 0.039800 0.050200 0.039500 0.059500 0.039500 0.059600 0.029900 0.049400 0.000000 0.071200 0.069600 0.039700 0.110800 0.125400 0.028800 0.049400 0.069700 0.029900 0.059200 0.070200 0.029900 0.060300 0.019600 0.049300 0.039700 0.039700 0.059400 0.060600 0.148300 0.009700 0.049500 0.070200 0.019700 0.029900 0.082600 0.070300 0.079100 0.049400 0.059400 0.090700 0.059300 0.060500 0.069400 0.050700 0.080800 0.050200 0.049600 0.039900
CommonDuik 0.083600 0.186700 0.061200 0.190400 0.072600 0.083600 0.050700 0.071200 0.050700 0.093000 0.062400 0.082100 0.071200 0.000000 0.103400 0.050900 0.124200 0.117100 0.062200 0.060800 0.081700 0.062400 0.092400 0.082500 0.062400 0.072200 0.072300 0.060700 0.050900 0.050900 0.092700 0.010000 0.139800 0.061200 0.082400 0.104400 0.072700 0.062200 0.095500 0.082700 0.113100 0.060800 0.092700 0.103700 0.092400 0.072500 0.081400 0.084600 0.093200 0.083700 0.061000 0.051200
Suni 0.060400 0.206300 0.080900 0.185200 0.070900 0.060400 0.070300 0.090700 0.070300 0.090800 0.060900 0.069900 0.069600 0.103400 0.000000 0.049800 0.099800 0.136200 0.060700 0.080400 0.101300 0.060900 0.069200 0.080500 0.060900 0.070500 0.070600 0.080200 0.049800 0.070600 0.090500 0.092300 0.136400 0.059800 0.080600 0.091500 0.071000 0.060800 0.093300 0.080700 0.089200 0.080300 0.090500 0.079900 0.080000 0.070800 0.079600 0.061100 0.112900 0.081700 0.080600 0.071100
Springbuck 0.030200 0.148400 0.029900 0.176500 0.040500 0.030200 0.019600 0.039700 0.019800 0.060400 0.030400 0.039900 0.039700 0.050900 0.049800 0.000000 0.090700 0.127300 0.029400 0.029700 0.049800 0.030400 0.060000 0.050200 0.030400 0.019800 0.040300 0.029600 0.000000 0.019900 0.060200 0.039200 0.104600 0.029900 0.050300 0.060800 0.040500 0.030400 0.062000 0.050300 0.080100 0.029700 0.060200 0.070700 0.049900 0.019900 0.049600 0.030500 0.060500 0.051000 0.029800 0.020000
Okapi 0.101700 0.176900 0.101000 0.180700 0.112400 0.101700 0.111900 0.132800 0.090300 0.068400 0.102400 0.089800 0.110800 0.124200 0.099800 0.090700 0.000000 0.069300 0.102500 0.079500 0.143800 0.102400 0.048000 0.058500 0.102400 0.112300 0.112000 0.100200 0.090700 0.090700 0.068200 0.113000 0.090100 0.100600 0.100800 0.111700 0.112700 0.102200 0.136200 0.058600 0.067300 0.100700 0.068200 0.058100 0.099900 0.112700 0.120700 0.102700 0.155700 0.102000 0.100700 0.091300
Giraffe 0.115200 0.220500 0.115300 0.174900 0.127400 0.115200 0.127000 0.148600 0.104100 0.102500 0.093800 0.114400 0.125400 0.117100 0.136200 0.127300 0.069300 0.000000 0.093800 0.114500 0.159900 0.093800 0.080400 0.092100 0.093800 0.150600 0.126900 0.114500 0.127300 0.104500 0.102200 0.105700 0.104000 0.114800 0.137200 0.137500 0.104200 0.094500 0.152400 0.081400 0.100700 0.137400 0.102200 0.091300 0.124800 0.151200 0.135500 0.140600 0.172400 0.105100 0.114900 0.105200
TibetanAnt 0.020000 0.187400 0.040500 0.166100 0.030500 0.020000 0.029000 0.050500 0.030200 0.071600 0.000000 0.040200 0.028800 0.062200 0.060700 0.029400 0.102500 0.093800 0.000000 0.040300 0.060800 0.000000 0.071100 0.061300 0.000000 0.051200 0.030300 0.040200 0.029400 0.030300 0.071400 0.051400 0.140500 0.020000 0.040400 0.061400 0.010000 0.020300 0.073700 0.050800 0.091600 0.040300 0.071400 0.082100 0.050300 0.051400 0.060600 0.041400 0.071900 0.030500 0.040400 0.030500
Sitatunga 0.060700 0.182200 0.019600 0.185700 0.050200 0.060700 0.029600 0.049400 0.009700 0.070200 0.040200 0.039400 0.049400 0.060800 0.080400 0.029700 0.079500 0.114500 0.040300 0.000000 0.059500 0.040200 0.069700 0.060000 0.040200 0.050100 0.050000 0.019400 0.029700 0.009800 0.069900 0.050300 0.114600 0.039500 0.039500 0.060100 0.050300 0.040200 0.071800 0.060100 0.089800 0.039400 0.069900 0.080500 0.049300 0.050300 0.059100 0.061300 0.070100 0.040100 0.019500 0.009800
Oribi 0.081800 0.182700 0.059900 0.186200 0.071000 0.081800 0.049600 0.069600 0.049600 0.112700 0.061000 0.080400 0.069700 0.081700 0.101300 0.049800 0.143800 0.159900 0.060800 0.059500 0.000000 0.061000 0.112000 0.102200 0.061000 0.070600 0.070700 0.059400 0.049800 0.049800 0.112300 0.070900 0.159900 0.059900 0.080700 0.081000 0.071100 0.060800 0.093400 0.102400 0.132700 0.039300 0.112300 0.123400 0.069700 0.050100 0.079700 0.082600 0.091200 0.081900 0.059700 0.050100
BarbaryShe 0.020000 0.187400 0.040500 0.166000 0.030400 0.020000 0.030300 0.050600 0.030200 0.071600 0.000000 0.040200 0.029900 0.062400 0.060900 0.030400 0.102400 0.093800 0.000000 0.040200 0.061000 0.000000 0.071100 0.061200 0.000000 0.051300 0.030300 0.040200 0.030400 0.030300 0.071300 0.051600 0.140400 0.020000 0.040300 0.061300 0.009700 0.020300 0.073800 0.050700 0.091500 0.040400 0.071300 0.082100 0.050300 0.051500 0.060500 0.041300 0.071800 0.030500 0.040400 0.030500
Daviddeer 0.070500 0.167600 0.070100 0.171000 0.081100 0.070500 0.080700 0.101200 0.059700 0.019200 0.071100 0.059300 0.059200 0.092400 0.069200 0.060000 0.048000 0.080400 0.071100 0.069700 0.112000 0.071100 0.000000 0.029000 0.071100 0.081000 0.059800 0.069500 0.060000 0.059900 0.019100 0.081500 0.080500 0.049300 0.090800 0.080500 0.081200 0.070900 0.104100 0.029100 0.018800 0.090800 0.019100 0.028800 0.069400 0.081300 0.089700 0.071300 0.123400 0.070800 0.069900 0.060300
Reindeer 0.060700 0.134000 0.060300 0.137400 0.071300 0.060700 0.071000 0.091500 0.050000 0.029200 0.061200 0.049700 0.070200 0.082500 0.080500 0.050200 0.058500 0.092100 0.061300 0.060000 0.102200 0.061200 0.029000 0.000000 0.061200 0.071200 0.071000 0.059900 0.050200 0.050200 0.029100 0.071700 0.092200 0.060100 0.081000 0.070700 0.071400 0.061100 0.116400 0.019500 0.048400 0.081100 0.029100 0.019200 0.059700 0.071500 0.101400 0.040400 0.113500 0.050400 0.060200 0.050500
Ibex 0.020000 0.187400 0.040500 0.166000 0.030400 0.020000 0.030300 0.050600 0.030200 0.071600 0.000000 0.040200 0.029900 0.062400 0.060900 0.030400 0.102400 0.093800 0.000000 0.040200 0.061000 0.000000 0.071100 0.061200 0.000000 0.051300 0.030300 0.040200 0.030400 0.030300 0.071300 0.051600 0.140400 0.020000 0.040300 0.061300 0.009700 0.020300 0.073800 0.050700 0.091500 0.040400 0.071300 0.082100 0.050300 0.051500 0.060500 0.041300 0.071800 0.030500 0.040400 0.030500
GyrantGaze 0.050900 0.172700 0.050400 0.201600 0.061500 0.050900 0.038100 0.060200 0.040100 0.081500 0.051300 0.060500 0.060300 0.072200 0.070500 0.019800 0.112300 0.150600 0.051200 0.050100 0.070600 0.051300 0.081000 0.071200 0.051300 0.000000 0.061200 0.050000 0.019800 0.040200 0.081200 0.061400 0.127200 0.050400 0.071200 0.082100 0.061500 0.051200 0.083800 0.071300 0.101400 0.050100 0.081200 0.092000 0.070700 0.040300 0.070300 0.051500 0.081800 0.072300 0.050200 0.040500
Hartebeest 0.050800 0.197400 0.050300 0.176200 0.040300 0.050800 0.040100 0.060300 0.040000 0.060200 0.030300 0.049900 0.019600 0.072300 0.070600 0.040300 0.112000 0.126900 0.030300 0.050000 0.070700 0.030300 0.059800 0.071000 0.030300 0.061200 0.000000 0.049900 0.040300 0.040100 0.060000 0.061500 0.150100 0.009800 0.050100 0.071000 0.040400 0.030200 0.083600 0.071100 0.079900 0.050200 0.060000 0.091700 0.059900 0.061400 0.070200 0.051300 0.081700 0.050800 0.050100 0.040400
Bongo 0.060600 0.182100 0.019500 0.185800 0.050100 0.060600 0.009700 0.029300 0.009500 0.070000 0.040200 0.039300 0.049300 0.060700 0.080200 0.029600 0.100200 0.114500 0.040200 0.019400 0.059400 0.040200 0.069500 0.059900 0.040200 0.050000 0.049900 0.000000 0.029600 0.009700 0.069800 0.050200 0.114300 0.039400 0.059800 0.060000 0.050200 0.040100 0.071700 0.060000 0.089600 0.039300 0.069800 0.080300 0.049200 0.050200 0.059000 0.061200 0.070000 0.040000 0.019400 0.009800
Gerenuk 0.030200 0.148400 0.029900 0.176500 0.040500 0.030200 0.019100 0.039700 0.019800 0.060400 0.030400 0.039900 0.039700 0.050900 0.049800 0.000000 0.090700 0.127300 0.029400 0.029700 0.049800 0.030400 0.060000 0.050200 0.030400 0.019800 0.040300 0.029600 0.000000 0.019900 0.060200 0.038700 0.104600 0.029900 0.050300 0.060800 0.040500 0.030400 0.062000 0.050300 0.080100 0.028900 0.060200 0.070700 0.049900 0.019900 0.049600 0.030500 0.060500 0.051000 0.029800 0.020000
CommonElan 0.050800 0.172200 0.009800 0.175700 0.040300 0.050800 0.019800 0.039700 0.000000 0.060300 0.030300 0.029600 0.039700 0.050900 0.070600 0.019900 0.090700 0.104500 0.030300 0.009800 0.049800 0.030300 0.059900 0.050200 0.030300 0.040200 0.040100 0.009700 0.019900 0.000000 0.060100 0.040400 0.104500 0.029800 0.050100 0.050300 0.040400 0.030200 0.061800 0.050300 0.080000 0.029700 0.060100 0.070600 0.039600 0.040400 0.049500 0.051300 0.060300 0.030200 0.009800 0.000000
MuntiacusR 0.070800 0.168400 0.070300 0.171600 0.081400 0.070800 0.081000 0.101600 0.059900 0.000000 0.071300 0.059500 0.059400 0.092700 0.090500 0.060200 0.068200 0.102200 0.071400 0.069900 0.112300 0.071300 0.019100 0.029100 0.071300 0.081200 0.060000 0.069800 0.060200 0.060100 0.000000 0.081800 0.102300 0.049400 0.091100 0.080700 0.081500 0.071200 0.127200 0.029200 0.038300 0.091100 0.000000 0.048800 0.069500 0.081500 0.111400 0.071500 0.123800 0.071000 0.070100 0.060500
HarveysDui 0.072600 0.174100 0.050600 0.177800 0.061800 0.072600 0.040300 0.060600 0.040300 0.082100 0.051600 0.071300 0.060600 0.010000 0.092300 0.039200 0.113000 0.105700 0.051400 0.050300 0.070900 0.051600 0.081500 0.071700 0.051600 0.061400 0.061500 0.050200 0.038700 0.040400 0.081800 0.000000 0.128100 0.050600 0.071600 0.093200 0.061900 0.051500 0.084200 0.071900 0.102100 0.050300 0.081800 0.092600 0.081500 0.061700 0.070700 0.073400 0.082200 0.072700 0.050500 0.040700
Pronghorn 0.139100 0.172600 0.115200 0.199200 0.127500 0.139100 0.126700 0.148300 0.104100 0.102700 0.140400 0.125900 0.148300 0.139800 0.136400 0.104600 0.090100 0.104000 0.140500 0.114600 0.159900 0.140400 0.080500 0.092200 0.140400 0.127200 0.150100 0.114300 0.104600 0.104500 0.102300 0.128100 0.000000 0.137600 0.160700 0.149800 0.151100 0.117300 0.152600 0.092400 0.100800 0.137200 0.102300 0.091600 0.136600 0.127700 0.135400 0.140700 0.172100 0.139800 0.115000 0.105200
BlueWildeb 0.040100 0.183500 0.039700 0.166800 0.029900 0.040100 0.029700 0.049700 0.029600 0.049600 0.020000 0.039500 0.009700 0.061200 0.059800 0.029900 0.100600 0.114800 0.020000 0.039500 0.059900 0.020000 0.049300 0.060100 0.020000 0.050400 0.009800 0.039400 0.029900 0.029800 0.049400 0.050600 0.137600 0.000000 0.039600 0.060200 0.029900 0.019900 0.072300 0.060300 0.069100 0.039600 0.049400 0.080600 0.049400 0.050600 0.059400 0.040500 0.070600 0.040200 0.039600 0.029900
Gemsbok 0.060800 0.207700 0.060200 0.186100 0.050300 0.060800 0.050100 0.049600 0.049900 0.091400 0.040300 0.059900 0.049500 0.082400 0.080600 0.050300 0.100800 0.137200 0.040400 0.039500 0.080700 0.040300 0.090800 0.081000 0.040300 0.071200 0.050100 0.059800 0.050300 0.050100 0.091100 0.071600 0.160700 0.039600 0.000000 0.081300 0.050400 0.040200 0.072200 0.081200 0.111200 0.060100 0.091100 0.091400 0.070000 0.071500 0.080100 0.061500 0.091700 0.060900 0.060100 0.050400
Yak 0.071500 0.220400 0.060400 0.211000 0.070600 0.071500 0.071100 0.091600 0.050100 0.081000 0.061300 0.039100 0.070200 0.104400 0.091500 0.060800 0.111700 0.137500 0.061400 0.060100 0.081000 0.061300 0.080500 0.070700 0.061300 0.082100 0.071000 0.060000 0.060800 0.050300 0.080700 0.093200 0.149800 0.060200 0.081300 0.000000 0.071500 0.061200 0.115800 0.070900 0.100800 0.081100 0.080700 0.091600 0.009600 0.082400 0.101500 0.072300 0.113600 0.061100 0.060300 0.049700
BlueSheep 0.030000 0.186900 0.050600 0.152900 0.040500 0.030000 0.040400 0.060700 0.040200 0.081800 0.009700 0.050200 0.019700 0.072700 0.071000 0.040500 0.112700 0.104200 0.010000 0.050300 0.071100 0.009700 0.081200 0.071400 0.009700 0.061500 0.040400 0.050200 0.040500 0.040400 0.081500 0.061900 0.151100 0.029900 0.050400 0.071500 0.000000 0.030400 0.084300 0.060800 0.101700 0.050400 0.081500 0.092300 0.060300 0.061800 0.070600 0.051600 0.082100 0.040600 0.050400 0.040600
BohorReedb 0.040800 0.182300 0.040400 0.141600 0.030300 0.040800 0.030200 0.050500 0.030100 0.071400 0.020300 0.040100 0.029900 0.062200 0.060800 0.030400 0.102200 0.094500 0.020300 0.040200 0.060800 0.020300 0.070900 0.061100 0.020300 0.051200 0.030200 0.040100 0.030400 0.030200 0.071200 0.051500 0.117300 0.019900 0.040200 0.061200 0.030400 0.000000 0.073500 0.061200 0.091300 0.040300 0.071200 0.081900 0.050200 0.051400 0.060400 0.041200 0.071700 0.040900 0.040300 0.030400
KirksDik 0.095200 0.228000 0.072200 0.231200 0.084000 0.095200 0.061800 0.061200 0.061600 0.127700 0.073800 0.093600 0.082600 0.095500 0.093300 0.062000 0.136200 0.152400 0.073700 0.071800 0.093400 0.073800 0.104100 0.116400 0.073800 0.083800 0.083600 0.071700 0.062000 0.061800 0.127200 0.084200 0.152600 0.072300 0.072200 0.115800 0.084300 0.073500 0.000000 0.117000 0.125200 0.072000 0.127200 0.115500 0.103300 0.084100 0.071100 0.096400 0.104600 0.106100 0.072100 0.062300
RoeDeer 0.050300 0.158100 0.060500 0.161400 0.071400 0.050300 0.071100 0.091700 0.050100 0.029300 0.050700 0.049800 0.070300 0.082700 0.080700 0.050300 0.058600 0.081400 0.050800 0.060100 0.102400 0.050700 0.029100 0.019500 0.050700 0.071300 0.071100 0.060000 0.050300 0.050300 0.029200 0.071900 0.092400 0.060300 0.081200 0.070900 0.060800 0.061200 0.117000 0.000000 0.048500 0.081300 0.029200 0.039100 0.059800 0.071600 0.101600 0.061500 0.113800 0.040200 0.060300 0.050600
WhiteLippe 0.090900 0.189700 0.090300 0.193300 0.101600 0.090900 0.101100 0.121800 0.079700 0.038400 0.091500 0.079300 0.079100 0.113100 0.089200 0.080100 0.067300 0.100700 0.091600 0.089800 0.132700 0.091500 0.018800 0.048400 0.091500 0.101400 0.079900 0.089600 0.080100 0.080000 0.038300 0.102100 0.100800 0.069100 0.111200 0.100800 0.101700 0.091300 0.125200 0.048500 0.000000 0.111300 0.038300 0.048100 0.089300 0.101800 0.088700 0.091800 0.144500 0.091200 0.090000 0.080600
ThomsonGaz 0.060900 0.159300 0.039600 0.162900 0.050400 0.060900 0.028800 0.049400 0.029600 0.091400 0.040400 0.059900 0.049400 0.060800 0.080300 0.029700 0.100700 0.137400 0.040300 0.039400 0.039300 0.040400 0.090800 0.081100 0.040400 0.050100 0.050200 0.039300 0.028900 0.029700 0.091100 0.050300 0.137200 0.039600 0.060100 0.081100 0.050400 0.040300 0.072000 0.081300 0.111300 0.000000 0.091100 0.101900 0.069800 0.029800 0.059300 0.061500 0.070400 0.060900 0.039500 0.029900
MuntiacusC 0.070800 0.168400 0.070300 0.171600 0.081400 0.070800 0.081000 0.101600 0.059900 0.000000 0.071300 0.059500 0.059400 0.092700 0.090500 0.060200 0.068200 0.102200 0.071400 0.069900 0.112300 0.071300 0.019100 0.029100 0.071300 0.081200 0.060000 0.069800 0.060200 0.060100 0.000000 0.081800 0.102300 0.049400 0.091100 0.080700 0.081500 0.071200 0.127200 0.029200 0.038300 0.091100 0.000000 0.048800 0.069500 0.081500 0.111400 0.071500 0.123800 0.071000 0.070100 0.060500
WhiteTaile 0.081400 0.156000 0.080900 0.159500 0.092100 0.081400 0.091700 0.112400 0.070300 0.048900 0.082100 0.069900 0.090700 0.103700 0.079900 0.070700 0.058100 0.091300 0.082100 0.080500 0.123400 0.082100 0.028800 0.019200 0.082100 0.092000 0.091700 0.080300 0.070700 0.070600 0.048800 0.092600 0.091600 0.080600 0.091400 0.091600 0.092300 0.081900 0.115500 0.039100 0.048100 0.101900 0.048800 0.000000 0.080100 0.092400 0.100600 0.060900 0.135000 0.071000 0.080700 0.071100
Cattle 0.060300 0.205200 0.049500 0.196200 0.059100 0.060300 0.059900 0.080200 0.039400 0.069800 0.050300 0.028900 0.059300 0.092400 0.080000 0.049900 0.099900 0.124800 0.050300 0.049300 0.069700 0.050300 0.069400 0.059700 0.050300 0.070700 0.059900 0.049200 0.049900 0.039600 0.069500 0.081500 0.136600 0.049400 0.070000 0.009600 0.060300 0.050200 0.103300 0.059800 0.089300 0.069800 0.069500 0.080100 0.000000 0.070900 0.089900 0.061000 0.101600 0.050100 0.049500 0.038500
RoyalAntel 0.051100 0.149400 0.050600 0.177600 0.061700 0.051100 0.040200 0.060500 0.040200 0.081800 0.051500 0.060800 0.060500 0.072500 0.070800 0.019900 0.112700 0.151200 0.051400 0.050300 0.050100 0.051500 0.081300 0.071500 0.051500 0.040300 0.061400 0.050200 0.019900 0.040400 0.081500 0.061700 0.127700 0.050600 0.071500 0.082400 0.061800 0.051400 0.084100 0.071600 0.101800 0.029800 0.081500 0.092400 0.070900 0.000000 0.070600 0.051700 0.082100 0.072600 0.050400 0.040600
Steenbok 0.081200 0.215300 0.059500 0.218400 0.070500 0.081200 0.049400 0.069400 0.049300 0.111800 0.060500 0.079900 0.069400 0.081400 0.079600 0.049600 0.120700 0.135500 0.060600 0.059100 0.079700 0.060500 0.089700 0.101400 0.060500 0.070300 0.070200 0.059000 0.049600 0.049500 0.111400 0.070700 0.135400 0.059400 0.080100 0.101500 0.070600 0.060400 0.071100 0.101600 0.088700 0.059300 0.111400 0.100600 0.089900 0.070600 0.000000 0.082000 0.090600 0.081200 0.059300 0.049800
Impala 0.041000 0.162500 0.061700 0.166200 0.051500 0.041000 0.051300 0.072000 0.051100 0.071700 0.041300 0.050800 0.050700 0.084600 0.061100 0.030500 0.102700 0.140600 0.041400 0.061300 0.082600 0.041300 0.071300 0.040400 0.041300 0.051500 0.051300 0.061200 0.030500 0.051300 0.071500 0.073400 0.140700 0.040500 0.061500 0.072300 0.051600 0.041200 0.096400 0.061500 0.091800 0.061500 0.071500 0.060900 0.061000 0.051700 0.082000 0.000000 0.093900 0.051600 0.061500 0.051700
Klipspring 0.093000 0.194800 0.070600 0.223200 0.082000 0.093000 0.060300 0.080700 0.060100 0.124200 0.071800 0.091400 0.080800 0.093200 0.112900 0.060500 0.155700 0.172400 0.071900 0.070100 0.091200 0.071800 0.123400 0.113500 0.071800 0.081800 0.081700 0.070000 0.060500 0.060300 0.123800 0.082200 0.172100 0.070600 0.091700 0.113600 0.082100 0.071700 0.104600 0.113800 0.144500 0.070400 0.123800 0.135000 0.101600 0.082100 0.090600 0.093900 0.000000 0.093000 0.070300 0.060700
ForestMusk 0.051000 0.198200 0.040300 0.176600 0.051100 0.051000 0.050800 0.071300 0.030100 0.071300 0.030500 0.040000 0.050200 0.083700 0.081700 0.051000 0.102000 0.105100 0.030500 0.040100 0.081900 0.030500 0.070800 0.050400 0.030500 0.072300 0.050800 0.040000 0.051000 0.030200 0.071000 0.072700 0.139800 0.040200 0.060900 0.061100 0.040600 0.040900 0.106100 0.040200 0.091200 0.060900 0.071000 0.071000 0.050100 0.072600 0.081200 0.051600 0.093000 0.000000 0.040200 0.030400
Bushbuck 0.060900 0.182900 0.019600 0.186600 0.050300 0.060900 0.029700 0.049500 0.009600 0.070400 0.040400 0.039500 0.049600 0.061000 0.080600 0.029800 0.100700 0.114900 0.040400 0.019500 0.059700 0.040400 0.069900 0.060200 0.040400 0.050200 0.050100 0.019400 0.029800 0.009800 0.070100 0.050500 0.115000 0.039600 0.060100 0.060300 0.050400 0.040300 0.072100 0.060300 0.090000 0.039500 0.070100 0.080700 0.049500 0.050400 0.059300 0.061500 0.070300 0.040200 0.000000 0.009900
GreaterKud 0.051100 0.173200 0.009900 0.176800 0.040600 0.051100 0.019900 0.039900 0.000100 0.060700 0.030500 0.029800 0.039900 0.051200 0.071100 0.020000 0.091300 0.105200 0.030500 0.009800 0.050100 0.030500 0.060300 0.050500 0.030500 0.040500 0.040400 0.009800 0.020000 0.000000 0.060500 0.040700 0.105200 0.029900 0.050400 0.049700 0.040600 0.030400 0.062300 0.050600 0.080600 0.029900 0.060500 0.071100 0.038500 0.040600 0.049800 0.051700 0.060700 0.030400 0.009900 0.000000
