CODONML (in paml version 4.10.7, June 2023)  /home/rachel/ruminants_paml/6406-phy-tree/ENSBTAT00000012391.fasta.phy
Model: free dN/dS Ratios for branches,  kappa = 2.000 fixed

Codon frequency model: F3x4
ns =  54  ls = 125

Codon usage in sequences
--------------------------------------------------------------------------------------------------------------------------------------
Phe TTT   2   1   2   2   2   2 | Ser TCT   2   1   2   2   1   1 | Tyr TAT   2   1   1   1   1   1 | Cys TGT   1   1   1   1   1   1
    TTC   3   4   3   3   3   3 |     TCC   2   3   2   2   3   3 |     TAC   2   3   3   3   3   3 |     TGC   0   0   0   0   0   0
Leu TTA   0   0   0   0   0   0 |     TCA   2   2   2   2   2   2 | *** TAA   0   0   0   0   0   0 | *** TGA   0   0   0   0   0   0
    TTG   3   3   3   3   1   3 |     TCG   0   0   0   0   0   0 |     TAG   0   0   0   0   0   0 | Trp TGG   0   0   0   0   0   0
--------------------------------------------------------------------------------------------------------------------------------------
Leu CTT   1   1   1   1   2   1 | Pro CCT   2   3   2   2   3   3 | His CAT   1   1   1   1   1   1 | Arg CGT   1   1   1   1   2   1
    CTC   2   2   2   2   1   2 |     CCC   1   1   1   1   1   1 |     CAC   0   0   0   0   0   0 |     CGC   4   4   4   4   4   4
    CTA   0   0   0   0   1   0 |     CCA   3   1   3   4   3   2 | Gln CAA   0   0   0   0   1   0 |     CGA   1   1   1   1   1   2
    CTG   6   6   6   6   7   6 |     CCG   1   2   1   0   0   1 |     CAG   4   4   4   4   3   4 |     CGG   2   2   2   2   2   2
--------------------------------------------------------------------------------------------------------------------------------------
Ile ATT   4   4   4   4   6   4 | Thr ACT   2   2   2   2   2   2 | Asn AAT   2   1   2   2   1   0 | Ser AGT   0   0   0   0   1   0
    ATC   5   5   5   5   3   5 |     ACC   2   2   2   2   2   2 |     AAC   2   3   2   2   3   4 |     AGC   2   2   2   2   1   2
    ATA   0   0   0   0   0   0 |     ACA   2   2   2   2   2   2 | Lys AAA   3   2   3   3   2   2 | Arg AGA   3   2   3   3   2   2
Met ATG   3   3   3   3   3   3 |     ACG   0   0   0   0   0   0 |     AAG   7   8   7   7   8   8 |     AGG   0   1   0   0   0   0
--------------------------------------------------------------------------------------------------------------------------------------
Val GTT   2   1   2   2   2   2 | Ala GCT   3   2   3   2   2   3 | Asp GAT   4   4   4   4   3   4 | Gly GGT   0   0   0   0   0   0
    GTC   2   3   2   2   2   2 |     GCC   3   4   3   5   4   3 |     GAC   6   6   6   6   7   6 |     GGC   1   1   1   1   1   1
    GTA   0   0   0   0   0   0 |     GCA   2   1   2   1   2   2 | Glu GAA   4   3   4   3   3   3 |     GGA   2   2   2   2   3   2
    GTG   2   2   2   2   2   2 |     GCG   0   1   0   0   0   0 |     GAG   7   8   7   8   8   8 |     GGG   2   2   2   2   1   2
--------------------------------------------------------------------------------------------------------------------------------------

--------------------------------------------------------------------------------------------------------------------------------------
Phe TTT   2   2   2   2   2   2 | Ser TCT   2   2   2   3   2   2 | Tyr TAT   1   2   1   1   1   1 | Cys TGT   1   1   1   1   1   1
    TTC   3   3   3   3   3   3 |     TCC   2   2   2   1   2   2 |     TAC   3   2   3   3   3   3 |     TGC   0   0   0   0   0   0
Leu TTA   0   0   0   0   0   0 |     TCA   2   2   2   2   2   2 | *** TAA   0   0   0   0   0   0 | *** TGA   0   0   0   0   0   0
    TTG   3   3   3   3   3   3 |     TCG   0   0   0   0   0   0 |     TAG   0   0   0   0   0   0 | Trp TGG   0   0   0   0   0   0
--------------------------------------------------------------------------------------------------------------------------------------
Leu CTT   1   1   1   1   1   1 | Pro CCT   2   2   2   2   2   2 | His CAT   1   1   1   1   1   1 | Arg CGT   1   1   1   1   1   0
    CTC   2   2   2   2   2   2 |     CCC   1   1   1   1   1   1 |     CAC   0   0   0   0   0   0 |     CGC   4   4   4   4   4   3
    CTA   0   1   0   0   0   0 |     CCA   3   3   3   2   3   3 | Gln CAA   0   0   0   0   1   0 |     CGA   1   1   1   1   1   3
    CTG   6   5   6   6   6   6 |     CCG   1   1   1   2   1   1 |     CAG   4   4   4   4   3   4 |     CGG   2   2   2   2   2   2
--------------------------------------------------------------------------------------------------------------------------------------
Ile ATT   4   4   4   5   5   4 | Thr ACT   2   2   2   2   2   2 | Asn AAT   2   2   2   2   2   2 | Ser AGT   0   0   0   0   0   0
    ATC   5   5   5   4   4   5 |     ACC   2   2   2   2   2   2 |     AAC   2   2   2   2   2   2 |     AGC   2   2   2   2   2   2
    ATA   0   0   0   0   0   0 |     ACA   2   2   2   2   2   2 | Lys AAA   3   3   3   3   3   3 | Arg AGA   3   3   3   3   3   3
Met ATG   3   3   3   3   3   3 |     ACG   0   0   0   0   0   0 |     AAG   7   7   7   7   7   7 |     AGG   0   0   0   0   0   0
--------------------------------------------------------------------------------------------------------------------------------------
Val GTT   2   2   2   2   2   2 | Ala GCT   3   3   3   3   3   2 | Asp GAT   4   4   4   4   4   4 | Gly GGT   0   0   0   0   0   0
    GTC   2   2   2   2   2   2 |     GCC   3   3   3   3   3   4 |     GAC   6   6   6   6   6   6 |     GGC   1   1   1   1   1   1
    GTA   0   0   0   0   0   0 |     GCA   1   2   2   2   1   2 | Glu GAA   4   4   4   4   4   4 |     GGA   2   2   2   2   2   2
    GTG   2   2   2   2   2   2 |     GCG   1   0   0   0   1   0 |     GAG   7   7   7   7   7   7 |     GGG   2   2   2   2   2   2
--------------------------------------------------------------------------------------------------------------------------------------

--------------------------------------------------------------------------------------------------------------------------------------
Phe TTT   2   2   2   2   1   2 | Ser TCT   2   2   2   2   2   2 | Tyr TAT   2   1   1   1   1   1 | Cys TGT   1   1   1   1   1   1
    TTC   3   3   3   3   4   3 |     TCC   2   2   2   2   2   2 |     TAC   2   3   3   3   3   3 |     TGC   0   0   0   0   0   0
Leu TTA   0   0   0   0   0   0 |     TCA   2   2   2   2   2   2 | *** TAA   0   0   0   0   0   0 | *** TGA   0   0   0   0   0   0
    TTG   3   3   4   3   3   4 |     TCG   0   0   0   0   0   0 |     TAG   0   0   0   0   0   0 | Trp TGG   0   0   0   0   0   0
--------------------------------------------------------------------------------------------------------------------------------------
Leu CTT   1   2   1   1   1   1 | Pro CCT   2   2   2   2   2   2 | His CAT   1   1   1   1   1   1 | Arg CGT   1   1   1   1   1   1
    CTC   2   2   2   2   2   2 |     CCC   1   1   1   1   1   1 |     CAC   0   0   0   0   0   0 |     CGC   4   4   4   4   4   4
    CTA   0   0   0   0   0   0 |     CCA   3   3   3   4   3   3 | Gln CAA   0   0   0   0   0   1 |     CGA   1   1   1   1   1   1
    CTG   6   5   5   6   6   5 |     CCG   1   1   1   0   1   1 |     CAG   4   4   4   4   4   3 |     CGG   2   2   2   2   2   2
--------------------------------------------------------------------------------------------------------------------------------------
Ile ATT   4   4   4   4   4   5 | Thr ACT   2   2   2   2   2   2 | Asn AAT   2   2   2   2   2   2 | Ser AGT   0   0   0   1   0   0
    ATC   5   5   5   5   5   4 |     ACC   2   2   2   2   2   2 |     AAC   2   2   2   2   2   2 |     AGC   2   2   2   1   2   2
    ATA   0   0   0   0   0   0 |     ACA   2   2   2   2   2   2 | Lys AAA   3   3   3   3   3   3 | Arg AGA   3   3   3   3   3   3
Met ATG   3   3   3   3   3   3 |     ACG   0   0   0   0   0   0 |     AAG   7   7   7   7   7   7 |     AGG   0   0   0   0   0   0
--------------------------------------------------------------------------------------------------------------------------------------
Val GTT   2   2   3   2   2   2 | Ala GCT   3   3   3   3   3   3 | Asp GAT   4   4   4   5   4   4 | Gly GGT   0   0   0   0   0   0
    GTC   2   2   1   2   2   2 |     GCC   3   3   3   3   4   3 |     GAC   6   6   6   5   6   6 |     GGC   2   1   1   1   1   1
    GTA   0   0   0   0   0   0 |     GCA   2   1   1   1   1   2 | Glu GAA   4   4   5   4   4   4 |     GGA   1   2   2   3   3   2
    GTG   2   2   2   2   2   2 |     GCG   0   1   1   1   0   0 |     GAG   7   7   6   7   7   7 |     GGG   2   2   2   1   1   2
--------------------------------------------------------------------------------------------------------------------------------------

--------------------------------------------------------------------------------------------------------------------------------------
Phe TTT   2   2   2   2   2   2 | Ser TCT   2   2   2   2   2   2 | Tyr TAT   1   1   2   1   1   2 | Cys TGT   1   1   1   1   1   1
    TTC   3   3   3   3   3   3 |     TCC   2   2   2   2   2   2 |     TAC   3   3   2   3   3   2 |     TGC   0   0   0   0   0   0
Leu TTA   0   0   0   0   1   0 |     TCA   2   2   2   2   2   2 | *** TAA   0   0   0   0   0   0 | *** TGA   0   0   0   0   0   0
    TTG   3   3   3   3   2   3 |     TCG   0   0   0   0   0   0 |     TAG   0   0   0   0   0   0 | Trp TGG   0   0   0   0   0   0
--------------------------------------------------------------------------------------------------------------------------------------
Leu CTT   1   1   1   1   1   1 | Pro CCT   2   2   2   2   2   2 | His CAT   1   1   1   1   1   1 | Arg CGT   1   1   1   1   1   1
    CTC   2   2   2   2   2   2 |     CCC   1   1   1   1   1   1 |     CAC   0   0   0   0   0   0 |     CGC   4   4   4   4   4   4
    CTA   0   0   0   0   0   0 |     CCA   4   3   3   3   2   3 | Gln CAA   1   1   0   1   0   0 |     CGA   1   1   1   1   1   1
    CTG   6   6   6   6   6   6 |     CCG   0   1   1   1   2   1 |     CAG   3   3   4   3   4   4 |     CGG   2   2   2   2   2   2
--------------------------------------------------------------------------------------------------------------------------------------
Ile ATT   4   4   4   5   5   4 | Thr ACT   2   2   2   2   1   2 | Asn AAT   2   2   2   2   2   2 | Ser AGT   0   0   0   0   0   0
    ATC   5   5   5   4   4   5 |     ACC   2   2   2   2   3   2 |     AAC   2   2   2   2   2   2 |     AGC   2   2   2   2   2   2
    ATA   0   0   0   0   0   0 |     ACA   2   2   2   2   2   2 | Lys AAA   3   3   3   3   3   3 | Arg AGA   3   3   3   3   3   3
Met ATG   3   3   3   3   3   3 |     ACG   0   0   0   0   0   0 |     AAG   7   7   7   7   7   7 |     AGG   0   0   0   0   0   0
--------------------------------------------------------------------------------------------------------------------------------------
Val GTT   2   2   2   2   2   2 | Ala GCT   3   2   3   3   3   3 | Asp GAT   4   4   4   4   4   4 | Gly GGT   0   0   0   0   0   0
    GTC   2   2   2   2   2   2 |     GCC   3   4   3   3   3   3 |     GAC   6   6   6   6   6   6 |     GGC   1   1   1   1   1   2
    GTA   0   0   0   0   0   0 |     GCA   1   1   2   1   2   2 | Glu GAA   4   4   3   4   4   4 |     GGA   2   2   2   2   2   1
    GTG   2   2   2   2   2   2 |     GCG   1   1   0   1   0   0 |     GAG   7   7   8   7   7   7 |     GGG   2   2   2   2   2   2
--------------------------------------------------------------------------------------------------------------------------------------

--------------------------------------------------------------------------------------------------------------------------------------
Phe TTT   2   2   2   2   2   2 | Ser TCT   2   2   2   2   2   2 | Tyr TAT   1   1   2   1   1   1 | Cys TGT   1   1   1   1   1   1
    TTC   3   3   3   3   3   3 |     TCC   2   2   2   2   2   2 |     TAC   3   3   2   3   3   3 |     TGC   0   0   0   0   0   0
Leu TTA   0   0   0   0   0   0 |     TCA   2   2   2   2   2   2 | *** TAA   0   0   0   0   0   0 | *** TGA   0   0   0   0   0   0
    TTG   3   3   3   3   4   3 |     TCG   0   0   0   0   0   0 |     TAG   0   0   0   0   0   0 | Trp TGG   0   0   0   0   0   0
--------------------------------------------------------------------------------------------------------------------------------------
Leu CTT   1   1   1   1   1   1 | Pro CCT   2   2   2   2   2   2 | His CAT   1   1   1   1   1   1 | Arg CGT   0   0   1   1   1   1
    CTC   2   2   2   2   2   2 |     CCC   1   1   1   1   1   1 |     CAC   0   0   0   0   0   0 |     CGC   3   3   4   4   4   4
    CTA   0   0   0   0   0   0 |     CCA   3   3   3   3   3   3 | Gln CAA   0   0   0   0   0   1 |     CGA   2   2   1   1   1   1
    CTG   6   6   6   6   5   6 |     CCG   1   1   1   1   1   1 |     CAG   4   4   4   4   4   3 |     CGG   3   3   2   2   2   2
--------------------------------------------------------------------------------------------------------------------------------------
Ile ATT   4   4   4   4   4   5 | Thr ACT   2   2   2   2   2   2 | Asn AAT   2   2   2   2   2   2 | Ser AGT   0   0   0   0   0   0
    ATC   5   5   5   5   5   4 |     ACC   2   2   2   2   1   2 |     AAC   2   2   2   2   2   2 |     AGC   2   2   2   2   2   2
    ATA   0   0   0   0   0   0 |     ACA   2   2   2   2   3   2 | Lys AAA   3   3   3   3   3   3 | Arg AGA   3   3   3   3   3   3
Met ATG   3   3   3   3   3   3 |     ACG   0   0   0   0   0   0 |     AAG   7   7   7   7   7   7 |     AGG   0   0   0   0   0   0
--------------------------------------------------------------------------------------------------------------------------------------
Val GTT   2   2   2   2   3   2 | Ala GCT   2   2   3   3   3   3 | Asp GAT   4   4   4   4   4   4 | Gly GGT   0   0   0   0   0   0
    GTC   2   2   2   2   1   2 |     GCC   4   4   3   3   3   3 |     GAC   6   6   6   6   6   6 |     GGC   1   1   2   1   1   1
    GTA   0   0   0   0   0   0 |     GCA   2   2   2   2   1   1 | Glu GAA   4   4   4   4   5   4 |     GGA   2   2   1   2   2   2
    GTG   2   2   2   2   2   2 |     GCG   0   0   0   0   1   1 |     GAG   7   7   7   7   6   7 |     GGG   2   2   2   2   2   2
--------------------------------------------------------------------------------------------------------------------------------------

--------------------------------------------------------------------------------------------------------------------------------------
Phe TTT   2   2   3   2   2   2 | Ser TCT   2   2   2   2   2   2 | Tyr TAT   1   1   1   1   1   1 | Cys TGT   1   1   1   1   1   1
    TTC   3   3   2   3   3   3 |     TCC   2   2   2   2   2   2 |     TAC   3   3   3   3   3   3 |     TGC   0   0   0   0   0   0
Leu TTA   0   0   0   0   0   0 |     TCA   2   2   2   2   2   2 | *** TAA   0   0   0   0   0   0 | *** TGA   0   0   0   0   0   0
    TTG   3   3   3   3   4   4 |     TCG   0   0   0   0   0   0 |     TAG   0   0   0   0   0   0 | Trp TGG   0   0   0   0   0   0
--------------------------------------------------------------------------------------------------------------------------------------
Leu CTT   1   1   1   1   1   1 | Pro CCT   2   2   2   2   2   2 | His CAT   1   1   1   1   1   1 | Arg CGT   1   1   0   2   1   1
    CTC   2   2   2   2   2   2 |     CCC   1   1   1   1   1   1 |     CAC   0   0   0   0   0   0 |     CGC   4   4   3   3   4   4
    CTA   0   0   0   0   1   0 |     CCA   2   3   3   3   4   3 | Gln CAA   0   0   0   0   0   0 |     CGA   1   1   2   1   1   1
    CTG   6   6   6   6   4   5 |     CCG   2   1   1   1   0   1 |     CAG   4   4   4   4   4   4 |     CGG   2   2   3   2   2   2
--------------------------------------------------------------------------------------------------------------------------------------
Ile ATT   5   4   4   4   4   4 | Thr ACT   2   2   2   2   2   2 | Asn AAT   2   2   2   2   2   2 | Ser AGT   0   0   0   1   0   0
    ATC   4   5   5   5   5   5 |     ACC   2   2   2   2   2   2 |     AAC   2   2   2   2   2   2 |     AGC   2   2   2   1   2   2
    ATA   0   0   0   0   0   0 |     ACA   2   2   2   2   2   2 | Lys AAA   2   3   3   3   3   3 | Arg AGA   3   3   3   3   3   3
Met ATG   3   3   3   3   3   3 |     ACG   0   0   0   0   0   0 |     AAG   8   7   7   7   7   7 |     AGG   0   0   0   0   0   0
--------------------------------------------------------------------------------------------------------------------------------------
Val GTT   3   2   2   2   2   3 | Ala GCT   3   3   2   3   2   3 | Asp GAT   6   4   4   4   6   4 | Gly GGT   0   0   0   0   0   0
    GTC   1   2   2   2   2   1 |     GCC   3   3   4   3   4   3 |     GAC   4   6   6   6   4   6 |     GGC   1   1   1   1   1   1
    GTA   0   0   0   0   0   0 |     GCA   2   1   2   1   2   1 | Glu GAA   4   4   4   4   4   5 |     GGA   2   2   2   2   2   2
    GTG   2   2   2   2   2   2 |     GCG   0   1   0   1   0   1 |     GAG   7   7   7   7   7   6 |     GGG   2   2   2   2   2   2
--------------------------------------------------------------------------------------------------------------------------------------

--------------------------------------------------------------------------------------------------------------------------------------
Phe TTT   2   2   2   2   2   2 | Ser TCT   2   2   2   2   2   2 | Tyr TAT   1   1   2   1   1   1 | Cys TGT   1   1   1   1   1   1
    TTC   3   3   3   3   3   3 |     TCC   2   2   2   2   2   2 |     TAC   3   3   2   3   3   3 |     TGC   0   0   0   0   0   0
Leu TTA   1   0   0   0   0   0 |     TCA   2   2   2   2   2   2 | *** TAA   0   0   0   0   0   0 | *** TGA   0   0   0   0   0   0
    TTG   3   2   3   3   3   4 |     TCG   0   0   0   0   0   0 |     TAG   0   0   0   0   0   0 | Trp TGG   0   0   0   0   0   0
--------------------------------------------------------------------------------------------------------------------------------------
Leu CTT   1   1   1   1   1   1 | Pro CCT   3   2   2   2   2   2 | His CAT   1   1   1   1   1   1 | Arg CGT   1   1   1   1   1   0
    CTC   2   2   2   2   2   2 |     CCC   1   1   1   1   1   1 |     CAC   0   0   0   0   0   0 |     CGC   4   4   4   4   4   4
    CTA   0   0   0   0   0   0 |     CCA   2   3   3   3   3   3 | Gln CAA   0   0   0   0   0   0 |     CGA   1   1   1   1   1   2
    CTG   5   7   6   6   6   5 |     CCG   1   1   1   1   1   1 |     CAG   4   4   4   4   4   4 |     CGG   2   2   2   2   2   2
--------------------------------------------------------------------------------------------------------------------------------------
Ile ATT   4   4   4   4   4   3 | Thr ACT   2   2   2   2   2   2 | Asn AAT   2   2   2   2   2   2 | Ser AGT   0   0   0   0   0   0
    ATC   5   5   5   5   5   6 |     ACC   2   2   2   2   2   2 |     AAC   2   2   2   2   2   2 |     AGC   2   2   2   2   2   2
    ATA   0   0   0   0   0   0 |     ACA   2   2   2   2   2   2 | Lys AAA   3   4   3   3   3   3 | Arg AGA   3   3   3   3   3   3
Met ATG   3   3   3   3   3   3 |     ACG   0   0   0   0   0   0 |     AAG   7   6   7   7   7   7 |     AGG   0   0   0   0   0   0
--------------------------------------------------------------------------------------------------------------------------------------
Val GTT   2   2   2   2   2   2 | Ala GCT   4   3   3   3   3   2 | Asp GAT   4   4   4   4   5   4 | Gly GGT   0   0   0   0   0   0
    GTC   2   2   2   2   2   2 |     GCC   3   3   3   3   3   4 |     GAC   6   6   6   6   5   6 |     GGC   1   1   2   1   1   1
    GTA   0   0   0   0   0   0 |     GCA   1   1   2   1   2   2 | Glu GAA   5   4   4   4   4   4 |     GGA   2   2   1   2   2   2
    GTG   2   2   2   2   2   2 |     GCG   0   1   0   1   0   0 |     GAG   6   7   7   7   7   7 |     GGG   2   2   2   2   2   2
--------------------------------------------------------------------------------------------------------------------------------------

--------------------------------------------------------------------------------------------------------------------------------------
Phe TTT   2   2   2   2   2   2 | Ser TCT   2   2   2   2   2   2 | Tyr TAT   1   1   1   1   1   1 | Cys TGT   1   1   1   1   1   1
    TTC   3   3   3   3   3   3 |     TCC   2   2   2   2   2   2 |     TAC   3   3   3   3   3   3 |     TGC   0   0   0   0   0   0
Leu TTA   0   0   0   0   0   0 |     TCA   2   2   2   2   2   2 | *** TAA   0   0   0   0   0   0 | *** TGA   0   0   0   0   0   0
    TTG   3   3   3   3   2   3 |     TCG   0   0   0   0   0   0 |     TAG   0   0   0   0   0   0 | Trp TGG   0   0   0   0   0   0
--------------------------------------------------------------------------------------------------------------------------------------
Leu CTT   1   1   1   1   1   1 | Pro CCT   2   2   2   2   2   2 | His CAT   1   1   1   1   1   1 | Arg CGT   0   1   0   0   1   1
    CTC   2   2   2   2   2   2 |     CCC   1   1   1   1   1   1 |     CAC   0   0   0   0   0   0 |     CGC   3   4   3   3   4   4
    CTA   0   0   0   0   0   0 |     CCA   3   3   3   2   3   2 | Gln CAA   0   0   0   0   0   1 |     CGA   2   1   3   2   1   0
    CTG   6   6   6   6   7   6 |     CCG   1   1   1   2   1   2 |     CAG   4   4   4   4   4   3 |     CGG   3   2   2   3   2   2
--------------------------------------------------------------------------------------------------------------------------------------
Ile ATT   4   5   4   4   4   4 | Thr ACT   2   2   2   2   2   2 | Asn AAT   2   2   2   2   2   2 | Ser AGT   0   0   0   0   0   1
    ATC   5   4   5   5   5   5 |     ACC   2   2   2   2   2   2 |     AAC   2   2   2   2   2   2 |     AGC   2   2   2   2   2   1
    ATA   0   0   0   0   0   0 |     ACA   2   2   2   2   2   2 | Lys AAA   3   3   3   3   4   3 | Arg AGA   3   3   3   3   3   4
Met ATG   3   3   3   3   3   3 |     ACG   0   0   0   0   0   0 |     AAG   7   7   7   7   6   7 |     AGG   0   0   0   0   0   0
--------------------------------------------------------------------------------------------------------------------------------------
Val GTT   2   2   2   2   2   2 | Ala GCT   2   3   2   2   3   3 | Asp GAT   4   3   4   4   4   4 | Gly GGT   0   0   0   0   0   0
    GTC   2   2   2   2   2   2 |     GCC   4   3   4   4   3   3 |     GAC   6   7   6   6   6   6 |     GGC   1   1   1   1   1   1
    GTA   0   0   0   0   0   0 |     GCA   2   2   2   2   1   2 | Glu GAA   4   4   4   4   4   4 |     GGA   2   2   2   2   2   3
    GTG   2   2   2   2   2   2 |     GCG   0   0   0   0   1   0 |     GAG   7   7   7   7   7   7 |     GGG   2   2   2   2   2   1
--------------------------------------------------------------------------------------------------------------------------------------

--------------------------------------------------------------------------------------------------------------------------------------
Phe TTT   2   2   2   2   2   2 | Ser TCT   2   2   2   2   2   2 | Tyr TAT   1   1   1   1   1   1 | Cys TGT   1   1   1   1   1   1
    TTC   3   3   3   3   3   3 |     TCC   2   2   2   2   2   2 |     TAC   3   3   3   3   3   3 |     TGC   0   0   0   0   0   0
Leu TTA   0   1   0   0   0   0 |     TCA   2   2   2   2   2   2 | *** TAA   0   0   0   0   0   0 | *** TGA   0   0   0   0   0   0
    TTG   3   2   3   3   3   3 |     TCG   0   0   0   0   0   0 |     TAG   0   0   0   0   0   0 | Trp TGG   0   0   0   0   0   0
--------------------------------------------------------------------------------------------------------------------------------------
Leu CTT   1   1   1   1   1   1 | Pro CCT   2   2   2   2   2   2 | His CAT   1   1   1   1   1   1 | Arg CGT   1   1   1   1   1   1
    CTC   2   2   2   2   2   2 |     CCC   1   1   1   1   1   1 |     CAC   0   0   0   0   0   0 |     CGC   4   4   3   4   4   4
    CTA   0   0   0   0   0   0 |     CCA   3   3   4   4   3   3 | Gln CAA   0   0   0   0   0   0 |     CGA   1   1   2   1   1   1
    CTG   6   6   6   6   6   6 |     CCG   1   1   0   0   1   1 |     CAG   4   4   4   4   4   4 |     CGG   2   2   2   2   2   2
--------------------------------------------------------------------------------------------------------------------------------------
Ile ATT   4   4   4   4   5   4 | Thr ACT   2   2   2   2   2   2 | Asn AAT   2   2   2   2   2   2 | Ser AGT   0   0   0   0   0   0
    ATC   5   5   5   5   4   5 |     ACC   2   2   2   2   2   2 |     AAC   2   2   2   2   2   2 |     AGC   2   2   2   2   2   2
    ATA   0   0   0   0   0   0 |     ACA   2   2   2   2   2   2 | Lys AAA   4   3   4   3   3   3 | Arg AGA   3   3   3   3   3   3
Met ATG   3   3   3   3   3   3 |     ACG   0   0   0   0   0   0 |     AAG   6   7   6   7   7   7 |     AGG   0   0   0   0   0   0
--------------------------------------------------------------------------------------------------------------------------------------
Val GTT   2   2   2   2   2   2 | Ala GCT   3   3   4   2   3   3 | Asp GAT   5   4   4   4   4   4 | Gly GGT   0   0   0   0   0   0
    GTC   2   2   2   2   2   2 |     GCC   3   3   3   5   3   3 |     GAC   5   6   6   6   6   6 |     GGC   1   1   1   1   1   1
    GTA   1   0   0   0   0   0 |     GCA   2   1   1   1   2   1 | Glu GAA   4   4   5   3   4   4 |     GGA   2   2   2   2   2   2
    GTG   1   2   2   2   2   2 |     GCG   0   1   0   0   0   1 |     GAG   7   7   6   8   7   7 |     GGG   2   2   2   2   2   2
--------------------------------------------------------------------------------------------------------------------------------------

Codon position x base (3x4) table for each sequence.

#1: Argali         
position  1:    T:0.15200    C:0.23200    A:0.29600    G:0.32000
position  2:    T:0.28000    C:0.21600    A:0.35200    G:0.15200
position  3:    T:0.23200    C:0.29600    A:0.17600    G:0.29600
Average         T:0.22133    C:0.24800    A:0.27467    G:0.25600

#2: LesserMouseDeer
position  1:    T:0.15200    C:0.23200    A:0.29600    G:0.32000
position  2:    T:0.28000    C:0.21600    A:0.35200    G:0.15200
position  3:    T:0.19200    C:0.34400    A:0.12800    G:0.33600
Average         T:0.20800    C:0.26400    A:0.25867    G:0.26933

#3: LesserKudu     
position  1:    T:0.15200    C:0.23200    A:0.29600    G:0.32000
position  2:    T:0.28000    C:0.21600    A:0.35200    G:0.15200
position  3:    T:0.22400    C:0.30400    A:0.17600    G:0.29600
Average         T:0.21867    C:0.25067    A:0.27467    G:0.25600

#4: ForestMuskDeer2
position  1:    T:0.15200    C:0.23200    A:0.29600    G:0.32000
position  2:    T:0.28000    C:0.21600    A:0.35200    G:0.15200
position  3:    T:0.21600    C:0.32000    A:0.16800    G:0.29600
Average         T:0.21600    C:0.25600    A:0.27200    G:0.25600

#5: Camel          
position  1:    T:0.13600    C:0.25600    A:0.28800    G:0.32000
position  2:    T:0.28000    C:0.21600    A:0.35200    G:0.15200
position  3:    T:0.24000    C:0.30400    A:0.17600    G:0.28000
Average         T:0.21867    C:0.25867    A:0.27200    G:0.25067

#6: KillerWhale    
position  1:    T:0.15200    C:0.24000    A:0.28800    G:0.32000
position  2:    T:0.28000    C:0.21600    A:0.35200    G:0.15200
position  3:    T:0.20800    C:0.32800    A:0.15200    G:0.31200
Average         T:0.21333    C:0.26133    A:0.26400    G:0.26133

#7: DefassaWaterbuck
position  1:    T:0.15200    C:0.23200    A:0.29600    G:0.32000
position  2:    T:0.28000    C:0.21600    A:0.35200    G:0.15200
position  3:    T:0.22400    C:0.30400    A:0.16800    G:0.30400
Average         T:0.21867    C:0.25067    A:0.27200    G:0.25867

#8: Sheep          
position  1:    T:0.15200    C:0.23200    A:0.29600    G:0.32000
position  2:    T:0.28000    C:0.21600    A:0.35200    G:0.15200
position  3:    T:0.23200    C:0.29600    A:0.18400    G:0.28800
Average         T:0.22133    C:0.24800    A:0.27733    G:0.25333

#9: MaxwellsDuiker 
position  1:    T:0.15200    C:0.23200    A:0.29600    G:0.32000
position  2:    T:0.28000    C:0.21600    A:0.35200    G:0.15200
position  3:    T:0.22400    C:0.30400    A:0.17600    G:0.29600
Average         T:0.21867    C:0.25067    A:0.27467    G:0.25600

#10: GazellaPrzewalskyi
position  1:    T:0.15200    C:0.23200    A:0.29600    G:0.32000
position  2:    T:0.28000    C:0.21600    A:0.35200    G:0.15200
position  3:    T:0.24000    C:0.28800    A:0.16800    G:0.30400
Average         T:0.22400    C:0.24533    A:0.27200    G:0.25867

#11: MountainNyala  
position  1:    T:0.15200    C:0.23200    A:0.29600    G:0.32000
position  2:    T:0.28000    C:0.21600    A:0.35200    G:0.15200
position  3:    T:0.23200    C:0.29600    A:0.17600    G:0.29600
Average         T:0.22133    C:0.24800    A:0.27467    G:0.25600

#12: MuntiacusMuntjak
position  1:    T:0.15200    C:0.23200    A:0.29600    G:0.32000
position  2:    T:0.28000    C:0.21600    A:0.35200    G:0.15200
position  3:    T:0.20800    C:0.30400    A:0.19200    G:0.29600
Average         T:0.21333    C:0.25067    A:0.28000    G:0.25600

#13: goat           
position  1:    T:0.15200    C:0.23200    A:0.29600    G:0.32000
position  2:    T:0.28000    C:0.21600    A:0.35200    G:0.15200
position  3:    T:0.23200    C:0.30400    A:0.16800    G:0.29600
Average         T:0.22133    C:0.25067    A:0.27200    G:0.25600

#14: AfricanBuffalo 
position  1:    T:0.15200    C:0.23200    A:0.29600    G:0.32000
position  2:    T:0.28000    C:0.21600    A:0.35200    G:0.15200
position  3:    T:0.23200    C:0.30400    A:0.16800    G:0.29600
Average         T:0.22133    C:0.25067    A:0.27200    G:0.25600

#15: Topi           
position  1:    T:0.16000    C:0.22400    A:0.29600    G:0.32000
position  2:    T:0.28000    C:0.21600    A:0.35200    G:0.15200
position  3:    T:0.23200    C:0.29600    A:0.17600    G:0.29600
Average         T:0.22400    C:0.24533    A:0.27467    G:0.25600

#16: CommonDuiker   
position  1:    T:0.15200    C:0.23200    A:0.29600    G:0.32000
position  2:    T:0.28000    C:0.21600    A:0.35200    G:0.15200
position  3:    T:0.24000    C:0.28800    A:0.18400    G:0.28800
Average         T:0.22400    C:0.24533    A:0.27733    G:0.25333

#17: Suni           
position  1:    T:0.15200    C:0.23200    A:0.29600    G:0.32000
position  2:    T:0.28000    C:0.21600    A:0.35200    G:0.15200
position  3:    T:0.21600    C:0.32000    A:0.17600    G:0.28800
Average         T:0.21600    C:0.25600    A:0.27467    G:0.25333

#18: Springbuck     
position  1:    T:0.16000    C:0.22400    A:0.29600    G:0.32000
position  2:    T:0.28000    C:0.21600    A:0.35200    G:0.15200
position  3:    T:0.23200    C:0.29600    A:0.18400    G:0.28800
Average         T:0.22400    C:0.24533    A:0.27733    G:0.25333

#19: Okapi          
position  1:    T:0.15200    C:0.23200    A:0.29600    G:0.32000
position  2:    T:0.28000    C:0.21600    A:0.35200    G:0.15200
position  3:    T:0.22400    C:0.30400    A:0.18400    G:0.28800
Average         T:0.21867    C:0.25067    A:0.27733    G:0.25333

#20: Giraffe        
position  1:    T:0.15200    C:0.23200    A:0.29600    G:0.32000
position  2:    T:0.28000    C:0.21600    A:0.35200    G:0.15200
position  3:    T:0.21600    C:0.31200    A:0.17600    G:0.29600
Average         T:0.21600    C:0.25333    A:0.27467    G:0.25600

#21: TibetanAntelope
position  1:    T:0.15200    C:0.23200    A:0.29600    G:0.32000
position  2:    T:0.28000    C:0.21600    A:0.35200    G:0.15200
position  3:    T:0.23200    C:0.29600    A:0.16800    G:0.30400
Average         T:0.22133    C:0.24800    A:0.27200    G:0.25867

#22: Sitatunga      
position  1:    T:0.15200    C:0.23200    A:0.29600    G:0.32000
position  2:    T:0.28000    C:0.21600    A:0.35200    G:0.15200
position  3:    T:0.23200    C:0.29600    A:0.17600    G:0.29600
Average         T:0.22133    C:0.24800    A:0.27467    G:0.25600

#23: Oribi          
position  1:    T:0.15200    C:0.23200    A:0.29600    G:0.32000
position  2:    T:0.28000    C:0.21600    A:0.35200    G:0.15200
position  3:    T:0.22400    C:0.30400    A:0.17600    G:0.29600
Average         T:0.21867    C:0.25067    A:0.27467    G:0.25600

#24: BarbarySheep   
position  1:    T:0.15200    C:0.23200    A:0.29600    G:0.32000
position  2:    T:0.28000    C:0.21600    A:0.35200    G:0.15200
position  3:    T:0.23200    C:0.30400    A:0.16800    G:0.29600
Average         T:0.22133    C:0.25067    A:0.27200    G:0.25600

#25: Daviddeer      
position  1:    T:0.15200    C:0.23200    A:0.29600    G:0.32000
position  2:    T:0.28000    C:0.21600    A:0.35200    G:0.15200
position  3:    T:0.20800    C:0.30400    A:0.18400    G:0.30400
Average         T:0.21333    C:0.25067    A:0.27733    G:0.25867

#26: Reindeer       
position  1:    T:0.15200    C:0.23200    A:0.29600    G:0.32000
position  2:    T:0.28000    C:0.21600    A:0.35200    G:0.15200
position  3:    T:0.20800    C:0.30400    A:0.18400    G:0.30400
Average         T:0.21333    C:0.25067    A:0.27733    G:0.25867

#27: Ibex           
position  1:    T:0.15200    C:0.23200    A:0.29600    G:0.32000
position  2:    T:0.28000    C:0.21600    A:0.35200    G:0.15200
position  3:    T:0.23200    C:0.30400    A:0.16800    G:0.29600
Average         T:0.22133    C:0.25067    A:0.27200    G:0.25600

#28: GyrantGazelle  
position  1:    T:0.15200    C:0.23200    A:0.29600    G:0.32000
position  2:    T:0.28000    C:0.21600    A:0.35200    G:0.15200
position  3:    T:0.22400    C:0.30400    A:0.17600    G:0.29600
Average         T:0.21867    C:0.25067    A:0.27467    G:0.25600

#29: Hartebeest     
position  1:    T:0.16000    C:0.22400    A:0.29600    G:0.32000
position  2:    T:0.28000    C:0.21600    A:0.35200    G:0.15200
position  3:    T:0.23200    C:0.28800    A:0.18400    G:0.29600
Average         T:0.22400    C:0.24267    A:0.27733    G:0.25600

#30: Bongo          
position  1:    T:0.15200    C:0.23200    A:0.29600    G:0.32000
position  2:    T:0.28000    C:0.21600    A:0.35200    G:0.15200
position  3:    T:0.23200    C:0.29600    A:0.17600    G:0.29600
Average         T:0.22133    C:0.24800    A:0.27467    G:0.25600

#31: Gerenuk        
position  1:    T:0.15200    C:0.23200    A:0.29600    G:0.32000
position  2:    T:0.28000    C:0.21600    A:0.35200    G:0.15200
position  3:    T:0.25600    C:0.27200    A:0.16000    G:0.31200
Average         T:0.22933    C:0.24000    A:0.26933    G:0.26133

#32: CommonEland    
position  1:    T:0.15200    C:0.23200    A:0.29600    G:0.32000
position  2:    T:0.28000    C:0.21600    A:0.35200    G:0.15200
position  3:    T:0.22400    C:0.30400    A:0.16800    G:0.30400
Average         T:0.21867    C:0.25067    A:0.27200    G:0.25867

#33: MuntiacusReevesi
position  1:    T:0.15200    C:0.23200    A:0.29600    G:0.32000
position  2:    T:0.28000    C:0.21600    A:0.35200    G:0.15200
position  3:    T:0.21600    C:0.29600    A:0.18400    G:0.30400
Average         T:0.21600    C:0.24800    A:0.27733    G:0.25867

#34: HarveysDuiker  
position  1:    T:0.15200    C:0.23200    A:0.29600    G:0.32000
position  2:    T:0.28000    C:0.21600    A:0.35200    G:0.15200
position  3:    T:0.24000    C:0.28800    A:0.16800    G:0.30400
Average         T:0.22400    C:0.24533    A:0.27200    G:0.25867

#35: Pronghorn      
position  1:    T:0.16000    C:0.22400    A:0.29600    G:0.32000
position  2:    T:0.28000    C:0.21600    A:0.35200    G:0.15200
position  3:    T:0.23200    C:0.29600    A:0.19200    G:0.28000
Average         T:0.22400    C:0.24533    A:0.28000    G:0.25067

#36: BlueWildebeest 
position  1:    T:0.16000    C:0.22400    A:0.29600    G:0.32000
position  2:    T:0.28000    C:0.21600    A:0.35200    G:0.15200
position  3:    T:0.23200    C:0.29600    A:0.17600    G:0.29600
Average         T:0.22400    C:0.24533    A:0.27467    G:0.25600

#37: Gemsbok        
position  1:    T:0.16000    C:0.22400    A:0.29600    G:0.32000
position  2:    T:0.28000    C:0.21600    A:0.35200    G:0.15200
position  3:    T:0.24000    C:0.30400    A:0.17600    G:0.28000
Average         T:0.22667    C:0.24800    A:0.27467    G:0.25067

#38: Yak            
position  1:    T:0.14400    C:0.24000    A:0.29600    G:0.32000
position  2:    T:0.28000    C:0.21600    A:0.35200    G:0.15200
position  3:    T:0.22400    C:0.30400    A:0.17600    G:0.29600
Average         T:0.21600    C:0.25333    A:0.27467    G:0.25600

#39: BlueSheep      
position  1:    T:0.15200    C:0.23200    A:0.29600    G:0.32000
position  2:    T:0.28000    C:0.21600    A:0.35200    G:0.15200
position  3:    T:0.23200    C:0.30400    A:0.16800    G:0.29600
Average         T:0.22133    C:0.25067    A:0.27200    G:0.25600

#40: BohorReedbuck  
position  1:    T:0.15200    C:0.23200    A:0.29600    G:0.32000
position  2:    T:0.28000    C:0.21600    A:0.35200    G:0.15200
position  3:    T:0.22400    C:0.30400    A:0.16800    G:0.30400
Average         T:0.21867    C:0.25067    A:0.27200    G:0.25867

#41: KirksDik       
position  1:    T:0.15200    C:0.23200    A:0.29600    G:0.32000
position  2:    T:0.28000    C:0.21600    A:0.35200    G:0.15200
position  3:    T:0.23200    C:0.29600    A:0.17600    G:0.29600
Average         T:0.22133    C:0.24800    A:0.27467    G:0.25600

#42: RoeDeer        
position  1:    T:0.16000    C:0.22400    A:0.29600    G:0.32000
position  2:    T:0.28000    C:0.21600    A:0.35200    G:0.15200
position  3:    T:0.20000    C:0.32000    A:0.18400    G:0.29600
Average         T:0.21333    C:0.25333    A:0.27733    G:0.25600

#43: WhiteLippedDeer
position  1:    T:0.15200    C:0.23200    A:0.29600    G:0.32000
position  2:    T:0.28000    C:0.21600    A:0.35200    G:0.15200
position  3:    T:0.20800    C:0.30400    A:0.18400    G:0.30400
Average         T:0.21333    C:0.25067    A:0.27733    G:0.25867

#44: ThomsonGazelle 
position  1:    T:0.15200    C:0.23200    A:0.29600    G:0.32000
position  2:    T:0.28000    C:0.21600    A:0.35200    G:0.15200
position  3:    T:0.22400    C:0.30400    A:0.17600    G:0.29600
Average         T:0.21867    C:0.25067    A:0.27467    G:0.25600

#45: MuntiacusCrinifrons
position  1:    T:0.15200    C:0.23200    A:0.29600    G:0.32000
position  2:    T:0.28000    C:0.21600    A:0.35200    G:0.15200
position  3:    T:0.20800    C:0.30400    A:0.19200    G:0.29600
Average         T:0.21333    C:0.25067    A:0.28000    G:0.25600

#46: WhiteTailedDeer
position  1:    T:0.15200    C:0.23200    A:0.29600    G:0.32000
position  2:    T:0.28000    C:0.21600    A:0.35200    G:0.15200
position  3:    T:0.20800    C:0.30400    A:0.17600    G:0.31200
Average         T:0.21333    C:0.25067    A:0.27467    G:0.26133

#47: Cattle         
position  1:    T:0.14400    C:0.24000    A:0.29600    G:0.32000
position  2:    T:0.28000    C:0.21600    A:0.35200    G:0.15200
position  3:    T:0.22400    C:0.30400    A:0.17600    G:0.29600
Average         T:0.21600    C:0.25333    A:0.27467    G:0.25600

#48: RoyalAntelope  
position  1:    T:0.15200    C:0.22400    A:0.30400    G:0.32000
position  2:    T:0.28000    C:0.21600    A:0.35200    G:0.15200
position  3:    T:0.23200    C:0.29600    A:0.18400    G:0.28800
Average         T:0.22133    C:0.24533    A:0.28000    G:0.25333

#49: Steenbok       
position  1:    T:0.15200    C:0.23200    A:0.29600    G:0.32000
position  2:    T:0.28000    C:0.21600    A:0.35200    G:0.15200
position  3:    T:0.23200    C:0.29600    A:0.19200    G:0.28000
Average         T:0.22133    C:0.24800    A:0.28000    G:0.25067

#50: Impala         
position  1:    T:0.15200    C:0.23200    A:0.29600    G:0.32000
position  2:    T:0.28000    C:0.21600    A:0.35200    G:0.15200
position  3:    T:0.22400    C:0.30400    A:0.17600    G:0.29600
Average         T:0.21867    C:0.25067    A:0.27467    G:0.25600

#51: Klipspringer   
position  1:    T:0.15200    C:0.23200    A:0.29600    G:0.32000
position  2:    T:0.28000    C:0.21600    A:0.35200    G:0.15200
