1
52 1
Argali 0.000000 0.234600 0.090600 0.171800 0.023700 0.007700 0.039700 0.023700 0.098800 0.072400 0.023600 0.082800 0.039700 0.031300 0.037100 0.031600 0.055900 0.064700 0.021900 0.125400 0.029400 0.000000 0.072100 0.072700 0.023300 0.031700 0.023600 0.090400 0.031600 0.116000 0.063600 0.039700 0.080700 0.023600 0.039400 0.072900 0.015300 0.021000 0.056800 0.089800 0.072300 0.032000 0.056000 0.081300 0.064900 0.039200 0.036700 0.015700 0.047700 0.081100 0.116400 0.098800
LesserMous 0.234600 0.000000 0.242700 0.180900 0.224900 0.242700 0.214000 0.215700 0.234600 0.233300 0.227200 0.219000 0.225400 0.222800 0.232000 0.223900 0.214600 0.211600 0.204300 0.243600 0.213800 0.234600 0.232200 0.253500 0.225200 0.225300 0.214400 0.223500 0.204500 0.234100 0.248000 0.234700 0.221200 0.215200 0.233300 0.221500 0.224000 0.223800 0.246600 0.275800 0.232900 0.227300 0.243800 0.243600 0.213500 0.231700 0.223700 0.214800 0.245000 0.263900 0.256000 0.245500
LesserKudu 0.090600 0.242700 0.000000 0.189100 0.082500 0.098900 0.090600 0.082400 0.031800 0.107300 0.082800 0.065500 0.090600 0.081200 0.072900 0.090500 0.056900 0.065200 0.081900 0.056400 0.081800 0.090600 0.107100 0.107900 0.082000 0.090700 0.081800 0.040000 0.090600 0.048000 0.098000 0.090700 0.096700 0.082100 0.090000 0.056000 0.091100 0.081800 0.082900 0.116700 0.107300 0.091600 0.098900 0.117100 0.048100 0.089500 0.064900 0.073800 0.098900 0.081700 0.048100 0.039900
KillerWhal 0.171800 0.180900 0.189100 0.000000 0.175200 0.180400 0.180600 0.172900 0.201700 0.180600 0.161700 0.173300 0.183900 0.172300 0.179800 0.181300 0.155000 0.161700 0.171700 0.212700 0.171500 0.171800 0.180100 0.163200 0.162700 0.182100 0.174000 0.191000 0.162500 0.220900 0.177400 0.183500 0.169300 0.174600 0.182300 0.169600 0.173000 0.173600 0.193500 0.201100 0.180300 0.184000 0.172200 0.154200 0.161700 0.181200 0.171500 0.165400 0.174000 0.211200 0.222400 0.212000
DefassaWat 0.023700 0.224900 0.082500 0.175200 0.000000 0.031600 0.015700 0.015700 0.090800 0.064400 0.000300 0.074600 0.031800 0.023500 0.023500 0.023600 0.048500 0.056800 0.015700 0.117300 0.015600 0.023700 0.064200 0.064800 0.000300 0.023700 0.015600 0.082400 0.023600 0.107900 0.055800 0.031800 0.072800 0.015700 0.027400 0.064800 0.023900 0.015700 0.048600 0.081700 0.064400 0.023900 0.048100 0.073400 0.056800 0.031400 0.023700 0.007800 0.039800 0.073200 0.108300 0.090800
Sheep 0.007700 0.242700 0.098900 0.180400 0.031600 0.000000 0.047600 0.031600 0.107200 0.080400 0.031500 0.091100 0.047600 0.039200 0.044400 0.039500 0.063900 0.072800 0.029600 0.133900 0.036500 0.007700 0.080200 0.080800 0.031200 0.039600 0.031400 0.098700 0.039500 0.124400 0.071500 0.047700 0.088800 0.031500 0.047300 0.081000 0.023400 0.028900 0.048300 0.097900 0.080400 0.040000 0.064000 0.089500 0.073000 0.047000 0.044300 0.023600 0.055600 0.089200 0.124800 0.107100
MaxwellsDu 0.039700 0.214000 0.090600 0.180600 0.015700 0.047600 0.000000 0.031600 0.090100 0.047700 0.015800 0.074100 0.031500 0.023300 0.039400 0.039500 0.048200 0.056400 0.031600 0.116400 0.031400 0.039700 0.047500 0.064300 0.015600 0.039700 0.031500 0.081800 0.039500 0.090000 0.055400 0.031600 0.072300 0.031600 0.026800 0.064400 0.039900 0.031500 0.065100 0.081300 0.047700 0.040000 0.064300 0.072900 0.056400 0.031100 0.039600 0.023600 0.039500 0.070300 0.107600 0.107600
GazellaPrz 0.023700 0.215700 0.082400 0.172900 0.015700 0.031600 0.031600 0.000000 0.090700 0.064400 0.015800 0.074600 0.015700 0.023500 0.023500 0.007800 0.048500 0.056700 0.015700 0.117200 0.000100 0.023700 0.064200 0.064700 0.015800 0.007800 0.000200 0.082300 0.007800 0.107800 0.055800 0.031800 0.072700 0.000200 0.031600 0.064800 0.023900 0.015700 0.048600 0.081700 0.064400 0.007900 0.048100 0.073300 0.056800 0.031400 0.023700 0.007800 0.039800 0.073100 0.108200 0.090700
MountainNy 0.098800 0.234600 0.031800 0.201700 0.090800 0.107200 0.090100 0.090700 0.000000 0.106600 0.091000 0.065200 0.090100 0.080800 0.081000 0.098800 0.056500 0.064800 0.090100 0.023700 0.089900 0.098800 0.106300 0.107300 0.090200 0.099000 0.090000 0.007800 0.098800 0.015700 0.097300 0.090200 0.097900 0.090400 0.089500 0.055700 0.099400 0.089900 0.091300 0.115900 0.106600 0.100000 0.107100 0.116400 0.047900 0.088900 0.073100 0.082000 0.098300 0.081300 0.015700 0.015700
MuntiacusM 0.072400 0.233300 0.107300 0.180600 0.064400 0.080400 0.047700 0.064400 0.106600 0.000000 0.064700 0.090000 0.064100 0.055200 0.071800 0.072300 0.064000 0.072100 0.064000 0.133200 0.063900 0.072400 0.015400 0.031200 0.064100 0.072500 0.064000 0.097500 0.072300 0.106400 0.007600 0.064000 0.087900 0.064200 0.063500 0.080100 0.072700 0.063900 0.081600 0.047300 0.015400 0.073200 0.015500 0.039300 0.072100 0.063300 0.064000 0.056000 0.072100 0.079900 0.124200 0.124200
goat 0.023600 0.227200 0.082800 0.161700 0.000300 0.031500 0.015800 0.015800 0.091000 0.064700 0.000000 0.074900 0.031900 0.023600 0.028300 0.023800 0.048200 0.057000 0.015800 0.117700 0.020200 0.023600 0.064500 0.065000 0.000000 0.023900 0.015800 0.082700 0.023800 0.108300 0.056000 0.031900 0.073100 0.015800 0.031700 0.065100 0.023700 0.015800 0.048900 0.082100 0.064700 0.024100 0.048300 0.073600 0.057000 0.031500 0.028000 0.007900 0.040000 0.073400 0.108700 0.091100
AfricanBuf 0.082800 0.219000 0.065500 0.173300 0.074600 0.091100 0.074100 0.074600 0.065200 0.090000 0.074900 0.000000 0.074100 0.065000 0.082200 0.082700 0.040300 0.040200 0.074200 0.082200 0.074000 0.082800 0.089700 0.090500 0.074300 0.082900 0.074100 0.056500 0.082800 0.082000 0.081000 0.074200 0.081400 0.074400 0.073600 0.023600 0.083300 0.074000 0.075100 0.099100 0.090000 0.083800 0.090500 0.090700 0.015700 0.073200 0.074100 0.066000 0.082500 0.081800 0.082300 0.082300
Topi 0.039700 0.225400 0.090600 0.183900 0.031800 0.047600 0.031500 0.015700 0.090100 0.064100 0.031900 0.074100 0.000000 0.023400 0.039400 0.023500 0.048300 0.056400 0.031600 0.116500 0.015600 0.039700 0.063900 0.064400 0.031700 0.023600 0.015500 0.081800 0.023500 0.107100 0.055500 0.031600 0.072300 0.015600 0.031400 0.064400 0.039900 0.031600 0.065200 0.081300 0.064000 0.023800 0.064400 0.072900 0.056500 0.031200 0.039700 0.023700 0.039600 0.072800 0.107500 0.107500
CommonDuik 0.031300 0.222800 0.081200 0.172300 0.023500 0.039200 0.023300 0.023500 0.080800 0.055200 0.023600 0.065000 0.023400 0.000000 0.031100 0.031300 0.039700 0.047700 0.023400 0.106600 0.023300 0.031300 0.055100 0.055500 0.023400 0.031400 0.023400 0.072600 0.031300 0.097500 0.046900 0.023400 0.063400 0.023400 0.023200 0.055600 0.031500 0.023300 0.056200 0.072100 0.055200 0.031700 0.055500 0.063900 0.047700 0.023100 0.031300 0.015600 0.031200 0.063700 0.097900 0.097900
Suni 0.037100 0.232000 0.072900 0.179800 0.023500 0.044400 0.039400 0.023500 0.081000 0.071800 0.028300 0.082200 0.039400 0.031100 0.000000 0.031400 0.061400 0.064300 0.020200 0.107000 0.023400 0.037100 0.071600 0.072200 0.028600 0.031400 0.023400 0.072800 0.031400 0.097900 0.063100 0.039500 0.080100 0.023500 0.039200 0.072300 0.037200 0.023400 0.040000 0.080700 0.071800 0.031700 0.055600 0.080800 0.064400 0.038900 0.015600 0.015600 0.047300 0.063800 0.098100 0.081000
Springbuck 0.031600 0.223900 0.090500 0.181300 0.023600 0.039500 0.039500 0.007800 0.098800 0.072300 0.023800 0.082700 0.023500 0.031300 0.031400 0.000000 0.056500 0.064700 0.023600 0.125400 0.007800 0.031600 0.072000 0.072700 0.023600 0.015600 0.007700 0.090400 0.015600 0.116000 0.063600 0.039700 0.080700 0.007800 0.039400 0.072800 0.031800 0.023500 0.056700 0.089700 0.072300 0.015800 0.056000 0.081300 0.064800 0.039100 0.031600 0.015700 0.047600 0.081100 0.116400 0.098800
Okapi 0.055900 0.214600 0.056900 0.155000 0.048500 0.063900 0.048200 0.048500 0.056500 0.064000 0.048200 0.040300 0.048300 0.039700 0.061400 0.056500 0.000000 0.007800 0.048300 0.082000 0.053400 0.055900 0.063800 0.064300 0.047800 0.056700 0.048200 0.048000 0.056600 0.073100 0.055400 0.048200 0.055600 0.048400 0.047900 0.031500 0.056200 0.048200 0.065700 0.072700 0.063900 0.057200 0.064300 0.072800 0.023700 0.047700 0.052900 0.040200 0.056400 0.055900 0.073400 0.073400
Giraffe 0.064700 0.211600 0.065200 0.161700 0.056800 0.072800 0.056400 0.056700 0.064800 0.072100 0.057000 0.040200 0.056400 0.047700 0.064300 0.064700 0.007800 0.000000 0.056400 0.073300 0.056300 0.064700 0.071800 0.072400 0.056500 0.064900 0.056400 0.056100 0.064800 0.081400 0.063400 0.056400 0.063700 0.056500 0.056000 0.039500 0.065100 0.056300 0.074100 0.080800 0.072000 0.065500 0.072400 0.064200 0.031600 0.055700 0.056400 0.048400 0.064600 0.064000 0.081800 0.081800
TibetanAnt 0.021900 0.204300 0.081900 0.171700 0.015700 0.029600 0.031600 0.015700 0.090100 0.064000 0.015800 0.074200 0.031600 0.023400 0.020200 0.023600 0.048300 0.056400 0.000000 0.116500 0.015600 0.021900 0.063800 0.064400 0.015700 0.023600 0.015600 0.081800 0.023600 0.107100 0.055400 0.031600 0.072300 0.015700 0.031400 0.064400 0.023700 0.015600 0.048400 0.081100 0.064000 0.023900 0.047800 0.072900 0.056500 0.031200 0.023600 0.007800 0.039600 0.072700 0.107500 0.090100
Sitatunga 0.125400 0.243600 0.056400 0.212700 0.117300 0.133900 0.116400 0.117200 0.023700 0.133200 0.117700 0.082200 0.116500 0.106600 0.107000 0.125400 0.082000 0.073300 0.116500 0.000000 0.116300 0.125400 0.132800 0.134200 0.116600 0.125700 0.116400 0.031800 0.125500 0.023600 0.123600 0.116500 0.124400 0.116800 0.115700 0.080700 0.126100 0.116200 0.118100 0.143000 0.133100 0.127000 0.134000 0.125500 0.072800 0.114900 0.098900 0.108300 0.124900 0.107300 0.007800 0.023700
Oribi 0.029400 0.213800 0.081800 0.171500 0.015600 0.036500 0.031400 0.000100 0.089900 0.063900 0.020200 0.074000 0.015600 0.023300 0.023400 0.007800 0.053400 0.056300 0.015600 0.116300 0.000000 0.029400 0.063700 0.064200 0.020800 0.007800 0.000100 0.081700 0.007800 0.106900 0.055300 0.031600 0.072200 0.000100 0.031300 0.064300 0.029500 0.015600 0.048300 0.081100 0.063900 0.007900 0.047700 0.072800 0.056300 0.031100 0.023500 0.007700 0.039500 0.072600 0.107400 0.090000
BarbaryShe 0.000000 0.234600 0.090600 0.171800 0.023700 0.007700 0.039700 0.023700 0.098800 0.072400 0.023600 0.082800 0.039700 0.031300 0.037100 0.031600 0.055900 0.064700 0.021900 0.125400 0.029400 0.000000 0.072100 0.072700 0.023000 0.031700 0.023600 0.090400 0.031600 0.116000 0.063600 0.039700 0.080700 0.023600 0.039400 0.072900 0.015600 0.021000 0.056800 0.089800 0.072300 0.032000 0.056000 0.081300 0.064900 0.039200 0.036700 0.015700 0.047700 0.081100 0.116400 0.098800
Daviddeer 0.072100 0.232200 0.107100 0.180100 0.064200 0.080200 0.047500 0.064200 0.106300 0.015400 0.064500 0.089700 0.063900 0.055100 0.071600 0.072000 0.063800 0.071800 0.063800 0.132800 0.063700 0.072100 0.000000 0.031100 0.063900 0.072200 0.063700 0.097300 0.072100 0.106100 0.023000 0.063900 0.087600 0.064000 0.063300 0.079800 0.072500 0.063700 0.081300 0.047200 0.000100 0.072900 0.031100 0.039100 0.071900 0.063100 0.063800 0.055800 0.071900 0.088000 0.123800 0.123800
Reindeer 0.072700 0.253500 0.107900 0.163200 0.064800 0.080800 0.064300 0.064700 0.107300 0.031200 0.065000 0.090500 0.064400 0.055500 0.072200 0.072700 0.064300 0.072400 0.064400 0.134200 0.064200 0.072700 0.031100 0.000000 0.064400 0.072900 0.064300 0.098100 0.072800 0.124500 0.023200 0.064400 0.088300 0.064500 0.063900 0.080500 0.073100 0.064200 0.082100 0.047500 0.031200 0.073600 0.031300 0.007800 0.072500 0.063500 0.064300 0.056300 0.072500 0.088800 0.125100 0.125100
Ibex 0.023300 0.225200 0.082000 0.162700 0.000300 0.031200 0.015600 0.015800 0.090200 0.064100 0.000000 0.074300 0.031700 0.023400 0.028600 0.023600 0.047800 0.056500 0.015700 0.116600 0.020800 0.023000 0.063900 0.064400 0.000000 0.023700 0.015700 0.081900 0.023600 0.107300 0.055500 0.031700 0.072400 0.015700 0.031400 0.064500 0.023400 0.015700 0.048500 0.081400 0.064100 0.023900 0.047900 0.073000 0.056500 0.031300 0.028200 0.007800 0.039600 0.072800 0.107700 0.090300
GyrantGaze 0.031700 0.225300 0.090700 0.182100 0.023700 0.039600 0.039700 0.007800 0.099000 0.072500 0.023900 0.082900 0.023600 0.031400 0.031400 0.015600 0.056700 0.064900 0.023600 0.125700 0.007800 0.031700 0.072200 0.072900 0.023700 0.000000 0.007800 0.090600 0.015700 0.116200 0.063700 0.039800 0.080900 0.007800 0.039500 0.072900 0.031800 0.023600 0.056800 0.089900 0.072400 0.000000 0.056100 0.081500 0.064900 0.039300 0.031600 0.015700 0.047800 0.081300 0.116600 0.099000
Hartebeest 0.023600 0.214400 0.081800 0.174000 0.015600 0.031400 0.031500 0.000200 0.090000 0.064000 0.015800 0.074100 0.015500 0.023400 0.023400 0.007700 0.048200 0.056400 0.015600 0.116400 0.000100 0.023600 0.063700 0.064300 0.015700 0.007800 0.000000 0.081800 0.007800 0.107000 0.055400 0.031600 0.072200 0.000100 0.031300 0.064300 0.023700 0.015600 0.048400 0.081200 0.063900 0.007800 0.047800 0.072800 0.056400 0.031200 0.023500 0.007800 0.039500 0.072700 0.107500 0.090100
Bongo 0.090400 0.223500 0.040000 0.191000 0.082400 0.098700 0.081800 0.082300 0.007800 0.097500 0.082700 0.056500 0.081800 0.072600 0.072800 0.090400 0.048000 0.056100 0.081800 0.031800 0.081700 0.090400 0.097300 0.098100 0.081900 0.090600 0.081800 0.000000 0.090500 0.023700 0.088400 0.081900 0.088900 0.082000 0.081300 0.047300 0.091000 0.081700 0.082900 0.106600 0.097400 0.091600 0.098000 0.107000 0.039500 0.080800 0.064900 0.073700 0.090100 0.072400 0.023700 0.023700
Gerenuk 0.031600 0.204500 0.090600 0.162500 0.023600 0.039500 0.039500 0.007800 0.098800 0.072300 0.023800 0.082800 0.023500 0.031300 0.031400 0.015600 0.056600 0.064800 0.023600 0.125500 0.007800 0.031600 0.072100 0.072800 0.023600 0.015700 0.007800 0.090500 0.000000 0.116000 0.063600 0.039700 0.080800 0.007800 0.039400 0.072800 0.031800 0.023500 0.056700 0.089800 0.072300 0.015800 0.056000 0.081400 0.064800 0.039200 0.031600 0.015700 0.047700 0.081200 0.116500 0.098900
CommonElan 0.116000 0.234100 0.048000 0.220900 0.107900 0.124400 0.090000 0.107800 0.015700 0.106400 0.108300 0.082000 0.107100 0.097500 0.097900 0.116000 0.073100 0.081400 0.107100 0.023600 0.106900 0.116000 0.106100 0.124500 0.107300 0.116200 0.107000 0.023700 0.116000 0.000000 0.114200 0.107300 0.114900 0.107400 0.106400 0.072100 0.116700 0.106900 0.108600 0.133200 0.106400 0.117400 0.124300 0.133800 0.064200 0.105700 0.089900 0.099000 0.115400 0.098100 0.015700 0.031600
MuntiacusR 0.063600 0.248000 0.098000 0.177400 0.055800 0.071500 0.055400 0.055800 0.097300 0.007600 0.056000 0.081000 0.055500 0.046900 0.063100 0.063600 0.055400 0.063400 0.055400 0.123600 0.055300 0.063600 0.023000 0.023200 0.055500 0.063700 0.055400 0.088400 0.063600 0.114200 0.000000 0.055400 0.079000 0.055500 0.055000 0.071300 0.063900 0.055400 0.072700 0.039000 0.023100 0.064300 0.007700 0.031100 0.063500 0.054800 0.055400 0.047500 0.063500 0.071200 0.114700 0.114700
HarveysDui 0.039700 0.234700 0.090700 0.183500 0.031800 0.047700 0.031600 0.031800 0.090200 0.064000 0.031900 0.074200 0.031600 0.023400 0.039500 0.039700 0.048200 0.056400 0.031600 0.116500 0.031600 0.039700 0.063900 0.064400 0.031700 0.039800 0.031600 0.081900 0.039700 0.107300 0.055400 0.000000 0.072300 0.031700 0.031400 0.064500 0.040000 0.031600 0.065200 0.081200 0.064000 0.040200 0.064300 0.072900 0.056500 0.031200 0.039700 0.023700 0.039600 0.072700 0.107600 0.107600
Pronghorn 0.080700 0.221200 0.096700 0.169300 0.072800 0.088800 0.072300 0.072700 0.097900 0.087900 0.073100 0.081400 0.072300 0.063400 0.080100 0.080700 0.055600 0.063700 0.072300 0.124400 0.072200 0.080700 0.087600 0.088300 0.072400 0.080900 0.072200 0.088900 0.080800 0.114900 0.079000 0.072300 0.000000 0.064200 0.071800 0.071600 0.081200 0.072200 0.086700 0.105500 0.087800 0.081700 0.088300 0.097000 0.063700 0.071400 0.072300 0.064300 0.080500 0.088300 0.115400 0.115400
BlueWildeb 0.023600 0.215200 0.082100 0.174600 0.015700 0.031500 0.031600 0.000200 0.090400 0.064200 0.015800 0.074400 0.015600 0.023400 0.023500 0.007800 0.048400 0.056500 0.015700 0.116800 0.000100 0.023600 0.064000 0.064500 0.015700 0.007800 0.000100 0.082000 0.007800 0.107400 0.055500 0.031700 0.064200 0.000000 0.031500 0.064600 0.023800 0.015700 0.048500 0.081400 0.064100 0.007900 0.047900 0.073100 0.056600 0.031300 0.023600 0.007800 0.039700 0.072900 0.107900 0.090400
Gemsbok 0.039400 0.233300 0.090000 0.182300 0.027400 0.047300 0.026800 0.031600 0.089500 0.063500 0.031700 0.073600 0.031400 0.023200 0.039200 0.039400 0.047900 0.056000 0.031400 0.115700 0.031300 0.039400 0.063300 0.063900 0.031400 0.039500 0.031300 0.081300 0.039400 0.106400 0.055000 0.031400 0.071800 0.031500 0.000000 0.064000 0.039600 0.031300 0.064700 0.080600 0.063500 0.039900 0.063800 0.072300 0.056100 0.031000 0.039400 0.023500 0.039300 0.072100 0.106800 0.106800
Yak 0.072900 0.221500 0.056000 0.169600 0.064800 0.081000 0.064400 0.064800 0.055700 0.080100 0.065100 0.023600 0.064400 0.055600 0.072300 0.072800 0.031500 0.039500 0.064400 0.080700 0.064300 0.072900 0.079800 0.080500 0.064500 0.072900 0.064300 0.047300 0.072800 0.072100 0.071300 0.064500 0.071600 0.064600 0.064000 0.000000 0.073300 0.064300 0.082200 0.088900 0.080100 0.073600 0.080400 0.089100 0.007700 0.063600 0.064400 0.056400 0.072500 0.071900 0.072300 0.072300
BlueSheep 0.015300 0.224000 0.091100 0.173000 0.023900 0.023400 0.039900 0.023900 0.099400 0.072700 0.023700 0.083300 0.039900 0.031500 0.037200 0.031800 0.056200 0.065100 0.023700 0.126100 0.029500 0.015600 0.072500 0.073100 0.023400 0.031800 0.023700 0.091000 0.031800 0.116700 0.063900 0.040000 0.081200 0.023800 0.039600 0.073300 0.000000 0.023700 0.057100 0.090200 0.072700 0.032100 0.056300 0.081800 0.065200 0.039400 0.036900 0.015800 0.047900 0.081600 0.117100 0.099400
BohorReedb 0.021000 0.223800 0.081800 0.173600 0.015700 0.028900 0.031500 0.015700 0.089900 0.063900 0.015800 0.074000 0.031600 0.023300 0.023400 0.023500 0.048200 0.056300 0.015600 0.116200 0.015600 0.021000 0.063700 0.064200 0.015700 0.023600 0.015600 0.081700 0.023500 0.106900 0.055400 0.031600 0.072200 0.015700 0.031300 0.064300 0.023700 0.000000 0.048300 0.081100 0.063900 0.023800 0.047700 0.072800 0.056400 0.015500 0.023600 0.007800 0.023500 0.072600 0.107300 0.090000
KirksDik 0.056800 0.246600 0.082900 0.193500 0.048600 0.048300 0.065100 0.048600 0.091300 0.081600 0.048900 0.075100 0.065200 0.056200 0.040000 0.056700 0.065700 0.074100 0.048400 0.118100 0.048300 0.056800 0.081300 0.082100 0.048500 0.056800 0.048400 0.082900 0.056700 0.108600 0.072700 0.065200 0.086700 0.048500 0.064700 0.082200 0.057100 0.048300 0.000000 0.099400 0.081600 0.057400 0.065000 0.091000 0.074100 0.064300 0.031900 0.040400 0.073400 0.073500 0.109000 0.091300
RoeDeer 0.089800 0.275800 0.116700 0.201100 0.081700 0.097900 0.081300 0.081700 0.115900 0.047300 0.082100 0.099100 0.081300 0.072100 0.080700 0.089700 0.072700 0.080800 0.081100 0.143000 0.081100 0.089800 0.047200 0.047500 0.081400 0.089900 0.081200 0.106600 0.089800 0.133200 0.039000 0.081200 0.105500 0.081400 0.080600 0.088900 0.090200 0.081100 0.099400 0.000000 0.047300 0.090800 0.047500 0.055700 0.080900 0.080300 0.081200 0.073100 0.089500 0.097300 0.133800 0.133800
WhiteLippe 0.072300 0.232900 0.107300 0.180300 0.064400 0.080400 0.047700 0.064400 0.106600 0.015400 0.064700 0.090000 0.064000 0.055200 0.071800 0.072300 0.063900 0.072000 0.064000 0.133100 0.063900 0.072300 0.000100 0.031200 0.064100 0.072400 0.063900 0.097400 0.072300 0.106400 0.023100 0.064000 0.087800 0.064100 0.063500 0.080100 0.072700 0.063900 0.081600 0.047300 0.000000 0.073100 0.031200 0.039200 0.072100 0.063200 0.064000 0.056000 0.072100 0.088300 0.124200 0.124200
ThomsonGaz 0.032000 0.227300 0.091600 0.184000 0.023900 0.040000 0.040000 0.007900 0.100000 0.073200 0.024100 0.083800 0.023800 0.031700 0.031700 0.015800 0.057200 0.065500 0.023900 0.127000 0.007900 0.032000 0.072900 0.073600 0.023900 0.000000 0.007800 0.091600 0.015800 0.117400 0.064300 0.040200 0.081700 0.007900 0.039900 0.073600 0.032100 0.023800 0.057400 0.090800 0.073100 0.000000 0.056700 0.082400 0.065600 0.039600 0.032000 0.023700 0.048200 0.082100 0.117900 0.100000
MuntiacusC 0.056000 0.243800 0.098900 0.172200 0.048100 0.064000 0.064300 0.048100 0.107100 0.015500 0.048300 0.090500 0.064400 0.055500 0.055600 0.056000 0.064300 0.072400 0.047800 0.134000 0.047700 0.056000 0.031100 0.031300 0.047900 0.056100 0.047800 0.098000 0.056000 0.124300 0.007700 0.064300 0.088300 0.047900 0.063800 0.080400 0.056300 0.047700 0.065000 0.047500 0.031200 0.056700 0.000000 0.039400 0.072500 0.063600 0.047700 0.039800 0.072500 0.080300 0.124900 0.107200
WhiteTaile 0.081300 0.243600 0.117100 0.154200 0.073400 0.089500 0.072900 0.073300 0.116400 0.039300 0.073600 0.090700 0.072900 0.063900 0.080800 0.081300 0.072800 0.064200 0.072900 0.125500 0.072800 0.081300 0.039100 0.007800 0.073000 0.081500 0.072800 0.107000 0.081400 0.133800 0.031100 0.072900 0.097000 0.073100 0.072300 0.089100 0.081800 0.072800 0.091000 0.055700 0.039200 0.082400 0.039400 0.000000 0.081100 0.072000 0.072900 0.064800 0.081100 0.097500 0.134400 0.134400
Cattle 0.064900 0.213500 0.048100 0.161700 0.056800 0.073000 0.056400 0.056800 0.047900 0.072100 0.057000 0.015700 0.056500 0.047700 0.064400 0.064800 0.023700 0.031600 0.056500 0.072800 0.056300 0.064900 0.071900 0.072500 0.056500 0.064900 0.056400 0.039500 0.064800 0.064200 0.063500 0.056500 0.063700 0.056600 0.056100 0.007700 0.065200 0.056400 0.074100 0.080900 0.072100 0.065600 0.072500 0.081100 0.000000 0.055700 0.056500 0.048400 0.064600 0.064100 0.064400 0.064400
RoyalAntel 0.039200 0.231700 0.089500 0.181200 0.031400 0.047000 0.031100 0.031400 0.088900 0.063300 0.031500 0.073200 0.031200 0.023100 0.038900 0.039100 0.047700 0.055700 0.031200 0.114900 0.031100 0.039200 0.063100 0.063500 0.031300 0.039300 0.031200 0.080800 0.039200 0.105700 0.054800 0.031200 0.071400 0.031300 0.031000 0.063600 0.039400 0.015500 0.064300 0.080300 0.063200 0.039600 0.063600 0.072000 0.055700 0.000000 0.039200 0.023400 0.023300 0.071800 0.106200 0.106200
Steenbok 0.036700 0.223700 0.064900 0.171500 0.023700 0.044300 0.039600 0.023700 0.073100 0.064000 0.028000 0.074100 0.039700 0.031300 0.015600 0.031600 0.052900 0.056400 0.023600 0.098900 0.023500 0.036700 0.063800 0.064300 0.028200 0.031600 0.023500 0.064900 0.031600 0.089900 0.055400 0.039700 0.072300 0.023600 0.039400 0.064400 0.036900 0.023600 0.031900 0.081200 0.064000 0.032000 0.047700 0.072900 0.056500 0.039200 0.000000 0.015700 0.047700 0.056000 0.090200 0.073100
Impala 0.015700 0.214800 0.073800 0.165400 0.007800 0.023600 0.023600 0.007800 0.082000 0.056000 0.007900 0.066000 0.023700 0.015600 0.015600 0.015700 0.040200 0.048400 0.007800 0.108300 0.007700 0.015700 0.055800 0.056300 0.007800 0.015700 0.007800 0.073700 0.015700 0.099000 0.047500 0.023700 0.064300 0.007800 0.023500 0.056400 0.015800 0.007800 0.040400 0.073100 0.056000 0.023700 0.039800 0.064800 0.048400 0.023400 0.015700 0.000000 0.031700 0.064600 0.099400 0.082000
Klipspring 0.047700 0.245000 0.098900 0.174000 0.039800 0.055600 0.039500 0.039800 0.098300 0.072100 0.040000 0.082500 0.039600 0.031200 0.047300 0.047600 0.056400 0.064600 0.039600 0.124900 0.039500 0.047700 0.071900 0.072500 0.039600 0.047800 0.039500 0.090100 0.047700 0.115400 0.063500 0.039600 0.080500 0.039700 0.039300 0.072500 0.047900 0.023500 0.073400 0.089500 0.072100 0.048200 0.072500 0.081100 0.064600 0.023300 0.047700 0.031700 0.000000 0.080900 0.115900 0.115900
ForestMusk 0.081100 0.263900 0.081700 0.211200 0.073200 0.089200 0.070300 0.073100 0.081300 0.079900 0.073400 0.081800 0.072800 0.063700 0.063800 0.081100 0.055900 0.064000 0.072700 0.107300 0.072600 0.081100 0.088000 0.088800 0.072800 0.081300 0.072700 0.072400 0.081200 0.098100 0.071200 0.072700 0.088300 0.072900 0.072100 0.071900 0.081600 0.072600 0.073500 0.097300 0.088300 0.082100 0.080300 0.097500 0.064100 0.071800 0.056000 0.064600 0.080900 0.000000 0.098500 0.098500
Bushbuck 0.116400 0.256000 0.048100 0.222400 0.108300 0.124800 0.107600 0.108200 0.015700 0.124200 0.108700 0.082300 0.107500 0.097900 0.098100 0.116400 0.073400 0.081800 0.107500 0.007800 0.107400 0.116400 0.123800 0.125100 0.107700 0.116600 0.107500 0.023700 0.116500 0.015700 0.114700 0.107600 0.115400 0.107900 0.106800 0.072300 0.117100 0.107300 0.109000 0.133800 0.124200 0.117900 0.124900 0.134400 0.064400 0.106200 0.090200 0.099400 0.115900 0.098500 0.000000 0.015400
GreaterKud 0.098800 0.245500 0.039900 0.212000 0.090800 0.107100 0.107600 0.090700 0.015700 0.124200 0.091100 0.082300 0.107500 0.097900 0.081000 0.098800 0.073400 0.081800 0.090100 0.023700 0.090000 0.098800 0.123800 0.125100 0.090300 0.099000 0.090100 0.023700 0.098900 0.031600 0.114700 0.107600 0.115400 0.090400 0.106800 0.072300 0.099400 0.090000 0.091300 0.133800 0.124200 0.100000 0.107200 0.134400 0.064400 0.106200 0.073100 0.082000 0.115900 0.098500 0.015400 0.000000
