1
52 1
Argali 0.000000 0.231700 0.048000 0.209700 0.047300 0.007700 0.047700 0.039100 0.056700 0.124400 0.030400 0.065100 0.047600 0.055400 0.056100 0.031000 0.057100 0.055900 0.031100 0.056700 0.031500 0.007600 0.099200 0.081300 0.038300 0.054300 0.047600 0.056500 0.054300 0.064600 0.124000 0.047700 0.071500 0.047600 0.055300 0.063500 0.022900 0.056500 0.047100 0.115900 0.089800 0.031200 0.141900 0.081500 0.055700 0.064600 0.031300 0.023300 0.040100 0.056100 0.089000 0.064600
LesserMous 0.231700 0.000000 0.212400 0.330500 0.230500 0.219200 0.222500 0.219200 0.203500 0.242000 0.245900 0.203600 0.232100 0.230500 0.244200 0.228200 0.184600 0.220600 0.229500 0.203500 0.210300 0.219200 0.231300 0.231400 0.257200 0.225200 0.231600 0.203000 0.256400 0.212400 0.251800 0.222600 0.227800 0.231600 0.218100 0.228700 0.237700 0.236300 0.230000 0.252800 0.242200 0.208400 0.273100 0.232300 0.219900 0.234400 0.230400 0.220000 0.204600 0.180700 0.240600 0.212400
LesserKudu 0.048000 0.212400 0.000000 0.220000 0.047800 0.039500 0.048300 0.039600 0.040200 0.107100 0.062900 0.048700 0.048200 0.056000 0.056700 0.047400 0.040600 0.072900 0.064200 0.040200 0.048200 0.039500 0.082500 0.081500 0.071300 0.071200 0.048100 0.040300 0.071200 0.048200 0.107200 0.048300 0.071900 0.048100 0.055900 0.063600 0.055200 0.057200 0.064100 0.098700 0.073000 0.047700 0.124800 0.082000 0.055800 0.065400 0.047800 0.039700 0.040600 0.040000 0.072500 0.048200
KillerWhal 0.209700 0.330500 0.220000 0.000000 0.228100 0.198100 0.200700 0.217600 0.182200 0.268900 0.214000 0.221300 0.230000 0.218600 0.221300 0.206600 0.222900 0.227900 0.178100 0.182200 0.210200 0.198100 0.220500 0.218700 0.224500 0.204300 0.229500 0.181700 0.223800 0.190600 0.268400 0.210600 0.234300 0.229500 0.237500 0.196700 0.215400 0.243400 0.217800 0.238700 0.228300 0.188100 0.268200 0.219500 0.197600 0.243300 0.189400 0.198700 0.203700 0.218400 0.197700 0.181300
DefassaWat 0.047300 0.230500 0.047800 0.228100 0.000000 0.039000 0.047400 0.039000 0.056500 0.123900 0.062100 0.064800 0.031400 0.055000 0.055900 0.046700 0.048600 0.080700 0.063300 0.056500 0.047300 0.039000 0.098900 0.097900 0.070400 0.070000 0.031200 0.056300 0.070200 0.064400 0.123500 0.047400 0.087800 0.031600 0.054900 0.079800 0.054500 0.039800 0.062900 0.115400 0.089400 0.046800 0.141300 0.098300 0.071900 0.064200 0.047100 0.039000 0.040000 0.039600 0.088700 0.064400
Sheep 0.007700 0.219200 0.039500 0.198100 0.039000 0.000000 0.039300 0.030900 0.048000 0.114600 0.022500 0.056200 0.039200 0.046900 0.047500 0.023000 0.048300 0.047300 0.023000 0.048000 0.023300 0.000000 0.089800 0.072200 0.030300 0.046000 0.039100 0.047900 0.046000 0.055900 0.114300 0.039300 0.062800 0.039100 0.046800 0.054900 0.015100 0.047800 0.038800 0.106200 0.080600 0.023100 0.131800 0.072400 0.047100 0.055900 0.023200 0.015400 0.031700 0.047500 0.080000 0.055900
MaxwellsDu 0.047700 0.222500 0.048300 0.200700 0.047400 0.039300 0.000000 0.039300 0.057000 0.107200 0.062500 0.048600 0.047900 0.039300 0.056400 0.047100 0.057400 0.089700 0.063800 0.057000 0.047700 0.039300 0.082300 0.081500 0.070900 0.070500 0.047600 0.056800 0.070500 0.065000 0.106900 0.015800 0.088500 0.047600 0.055400 0.080500 0.054900 0.056600 0.047100 0.098800 0.073100 0.047200 0.124400 0.081800 0.072600 0.064800 0.047500 0.039300 0.040400 0.056400 0.089500 0.065000
GazellaPrz 0.039100 0.219200 0.039600 0.217600 0.039000 0.030900 0.039300 0.000000 0.048000 0.114600 0.053900 0.056300 0.039200 0.046900 0.047500 0.023000 0.048400 0.080200 0.054900 0.048000 0.023300 0.030900 0.089800 0.089000 0.062000 0.046000 0.039200 0.047900 0.046000 0.055900 0.114300 0.039300 0.079200 0.039200 0.046800 0.071200 0.046300 0.047900 0.038800 0.106200 0.080600 0.023100 0.131800 0.089300 0.063400 0.055900 0.023000 0.031000 0.031800 0.047500 0.080000 0.055900
MountainNy 0.056700 0.203500 0.040200 0.182200 0.056500 0.048000 0.057000 0.048000 0.000000 0.099000 0.071600 0.040700 0.056900 0.048200 0.065600 0.055900 0.032500 0.064900 0.073000 0.000000 0.056800 0.048000 0.074400 0.073500 0.080200 0.080000 0.056800 0.000000 0.080000 0.007900 0.099100 0.057000 0.064000 0.056800 0.064600 0.055800 0.063800 0.066100 0.072900 0.090600 0.082000 0.056200 0.116700 0.073900 0.047900 0.074500 0.040000 0.048100 0.049300 0.032000 0.031900 0.007900
MuntiacusM 0.124400 0.242000 0.107100 0.268900 0.123900 0.114600 0.107200 0.114600 0.099000 0.000000 0.130100 0.090700 0.124700 0.115100 0.134400 0.122700 0.099800 0.124300 0.123200 0.099000 0.124700 0.114600 0.055900 0.055500 0.139300 0.139100 0.124500 0.099200 0.139000 0.089100 0.015400 0.125100 0.104900 0.124500 0.132300 0.114000 0.130800 0.099100 0.123200 0.072000 0.071900 0.123400 0.063300 0.055700 0.114500 0.135300 0.123700 0.114900 0.117800 0.089900 0.132000 0.098600
goat 0.030400 0.245900 0.062900 0.214000 0.062100 0.022500 0.062500 0.053900 0.071600 0.130100 0.000000 0.079900 0.062500 0.070000 0.070900 0.045800 0.072100 0.054500 0.038100 0.071600 0.046500 0.022500 0.105400 0.087600 0.007500 0.053000 0.062400 0.071400 0.053000 0.079400 0.129700 0.062600 0.086000 0.062400 0.070000 0.061900 0.022400 0.071400 0.061800 0.121700 0.096000 0.046000 0.147400 0.088100 0.070400 0.062900 0.046100 0.038300 0.055200 0.070900 0.086900 0.063000
AfricanBuf 0.065100 0.203600 0.048700 0.221300 0.064800 0.056200 0.048600 0.056300 0.040700 0.090700 0.079900 0.000000 0.065100 0.073200 0.074100 0.064200 0.041000 0.073400 0.081500 0.040700 0.065300 0.056200 0.065800 0.065200 0.088600 0.071800 0.064900 0.040600 0.088400 0.048700 0.090400 0.065500 0.072400 0.064900 0.073000 0.047800 0.072100 0.074700 0.064400 0.082300 0.073700 0.064600 0.107800 0.065400 0.039900 0.083100 0.064800 0.056400 0.057800 0.040200 0.073100 0.048700
Topi 0.047600 0.232100 0.048200 0.230000 0.031400 0.039200 0.047900 0.039200 0.056900 0.124700 0.062500 0.065100 0.000000 0.055600 0.056300 0.047000 0.049000 0.064300 0.063700 0.056900 0.047800 0.039200 0.099500 0.098600 0.070800 0.070700 0.000000 0.056700 0.070600 0.064900 0.124400 0.047900 0.088400 0.000000 0.039200 0.080300 0.054800 0.056700 0.063600 0.116200 0.090000 0.047300 0.142300 0.098900 0.072400 0.064900 0.047400 0.039300 0.040300 0.039800 0.089300 0.064800
CommonDuik 0.055400 0.230500 0.056000 0.218600 0.055000 0.046900 0.039300 0.046900 0.048200 0.115100 0.070000 0.073200 0.055600 0.000000 0.064100 0.054700 0.065200 0.097400 0.071400 0.048200 0.055400 0.046900 0.107500 0.106500 0.078400 0.078000 0.055300 0.048100 0.078000 0.039800 0.114700 0.023600 0.079400 0.055300 0.063000 0.088100 0.062400 0.064400 0.071000 0.124100 0.097900 0.054800 0.150200 0.106800 0.080200 0.073000 0.039100 0.046900 0.048200 0.064100 0.080300 0.056100
Suni 0.056100 0.244200 0.056700 0.221300 0.055900 0.047500 0.056400 0.047500 0.065600 0.134400 0.070900 0.074100 0.056300 0.064100 0.000000 0.055300 0.066100 0.098600 0.072300 0.065600 0.056200 0.047500 0.108900 0.107900 0.079300 0.079200 0.056200 0.065400 0.079200 0.073600 0.134000 0.056400 0.097300 0.056200 0.063900 0.089200 0.063200 0.065400 0.072100 0.125700 0.099100 0.055600 0.152100 0.108200 0.081200 0.073700 0.055800 0.047600 0.048800 0.064900 0.098300 0.073600
Springbuck 0.031000 0.228200 0.047400 0.206600 0.046700 0.023000 0.047100 0.023000 0.055900 0.122700 0.045800 0.064200 0.047000 0.054700 0.055300 0.000000 0.056400 0.071500 0.046600 0.055900 0.015400 0.023000 0.098000 0.080200 0.053800 0.038000 0.046900 0.055800 0.030300 0.063800 0.122400 0.047100 0.070600 0.046900 0.054600 0.062700 0.038200 0.055800 0.030700 0.114300 0.088600 0.015200 0.140000 0.080400 0.055000 0.063800 0.015300 0.038700 0.039600 0.055400 0.087900 0.063800
Okapi 0.057100 0.184600 0.040600 0.222900 0.048600 0.048300 0.057400 0.048400 0.032500 0.099800 0.072100 0.041000 0.049000 0.065200 0.066100 0.056400 0.000000 0.032000 0.073600 0.032500 0.057300 0.048300 0.075000 0.074200 0.080700 0.080600 0.048900 0.032600 0.080600 0.040600 0.099900 0.057500 0.064500 0.048900 0.065100 0.056200 0.064300 0.066700 0.073400 0.091400 0.082700 0.056700 0.117600 0.074500 0.048300 0.075100 0.056800 0.048500 0.049700 0.024200 0.065500 0.040600
Giraffe 0.055900 0.220600 0.072900 0.227900 0.080700 0.047300 0.089700 0.080200 0.064900 0.124300 0.054500 0.073400 0.064300 0.097400 0.098600 0.071500 0.032000 0.000000 0.063900 0.064900 0.072700 0.047300 0.099200 0.081200 0.062700 0.078900 0.064200 0.064700 0.078900 0.072900 0.123900 0.089800 0.079600 0.064200 0.080200 0.055200 0.063000 0.099400 0.088600 0.115800 0.107100 0.071900 0.141800 0.081600 0.063800 0.090300 0.072100 0.063800 0.082300 0.056000 0.097300 0.056200
TibetanAnt 0.031100 0.229500 0.064200 0.178100 0.063300 0.023000 0.063800 0.054900 0.073000 0.123200 0.038100 0.081500 0.063700 0.071400 0.072300 0.046600 0.073600 0.063900 0.000000 0.073000 0.047300 0.023000 0.098300 0.080400 0.046100 0.046100 0.063600 0.072800 0.062100 0.081000 0.122900 0.063800 0.087700 0.063600 0.071300 0.071500 0.038300 0.072900 0.063000 0.114700 0.097400 0.030900 0.140500 0.080600 0.071800 0.072700 0.047000 0.039000 0.056300 0.072300 0.105500 0.072700
Sitatunga 0.056700 0.203500 0.040200 0.182200 0.056500 0.048000 0.057000 0.048000 0.000000 0.099000 0.071600 0.040700 0.056900 0.048200 0.065600 0.055900 0.032500 0.064900 0.073000 0.000000 0.056800 0.048000 0.074400 0.073500 0.080200 0.080000 0.056800 0.000000 0.080000 0.008000 0.099100 0.057000 0.064000 0.056800 0.064600 0.055800 0.063800 0.066100 0.072900 0.090600 0.082000 0.056200 0.116700 0.073900 0.047900 0.074500 0.040000 0.048100 0.049300 0.032000 0.031900 0.008000
Oribi 0.031500 0.210300 0.048200 0.210200 0.047300 0.023300 0.047700 0.023300 0.056800 0.124700 0.046500 0.065300 0.047800 0.055400 0.056200 0.015400 0.057300 0.072700 0.047300 0.056800 0.000000 0.023300 0.099500 0.081500 0.054600 0.038400 0.047500 0.056700 0.038400 0.064800 0.124400 0.047700 0.071700 0.047500 0.038900 0.063700 0.038800 0.056500 0.031100 0.116200 0.090000 0.015400 0.142300 0.081700 0.055800 0.064600 0.015500 0.039200 0.040300 0.056200 0.089300 0.064800
BarbaryShe 0.007600 0.219200 0.039500 0.198100 0.039000 0.000000 0.039300 0.030900 0.048000 0.114600 0.022500 0.056200 0.039200 0.046900 0.047500 0.023000 0.048300 0.047300 0.023000 0.048000 0.023300 0.000000 0.089800 0.072200 0.030600 0.046000 0.039100 0.047900 0.046000 0.055900 0.114300 0.039300 0.062800 0.039100 0.046800 0.054900 0.015100 0.047800 0.038800 0.106200 0.080600 0.023100 0.131800 0.072400 0.047100 0.055900 0.023200 0.015400 0.031700 0.047500 0.080000 0.055900
Daviddeer 0.099200 0.231300 0.082500 0.220500 0.098900 0.089800 0.082300 0.089800 0.074400 0.055900 0.105400 0.065800 0.099500 0.107500 0.108900 0.098000 0.075000 0.099200 0.098300 0.074400 0.099500 0.089800 0.000000 0.031700 0.114400 0.114200 0.099400 0.074200 0.114200 0.082500 0.055600 0.099800 0.106300 0.099400 0.107200 0.072700 0.106000 0.109700 0.098300 0.015700 0.031600 0.098400 0.055600 0.031800 0.073100 0.109600 0.098700 0.073100 0.092300 0.073600 0.107400 0.074000
Reindeer 0.081300 0.231400 0.081500 0.218700 0.097900 0.072200 0.081500 0.089000 0.073500 0.055500 0.087600 0.065200 0.098600 0.106500 0.107900 0.080200 0.074200 0.081200 0.080400 0.073500 0.081500 0.072200 0.031700 0.000000 0.096300 0.096200 0.098500 0.073500 0.096100 0.081500 0.055500 0.098900 0.088400 0.098500 0.106300 0.071800 0.088100 0.108700 0.072100 0.047500 0.047700 0.080600 0.071900 0.015600 0.072400 0.108600 0.080900 0.089300 0.082800 0.072900 0.106000 0.073100
Ibex 0.038300 0.257200 0.071300 0.224500 0.070400 0.030300 0.070900 0.062000 0.080200 0.139300 0.007500 0.088600 0.070800 0.078400 0.079300 0.053800 0.080700 0.062700 0.046100 0.080200 0.054600 0.030600 0.114400 0.096300 0.000000 0.061000 0.070700 0.080000 0.061000 0.088100 0.138900 0.070900 0.094600 0.070700 0.078300 0.070200 0.030100 0.080000 0.070100 0.130800 0.104800 0.054000 0.156800 0.096800 0.078800 0.071300 0.054200 0.046200 0.063600 0.079300 0.095500 0.071400
GyrantGaze 0.054300 0.225200 0.071200 0.204300 0.070000 0.046000 0.070500 0.046000 0.080000 0.139100 0.053000 0.071800 0.070700 0.078000 0.079200 0.038000 0.080600 0.078900 0.046100 0.080000 0.038400 0.046000 0.114200 0.096200 0.061000 0.000000 0.070300 0.079800 0.045100 0.087900 0.138800 0.070600 0.077600 0.070300 0.077900 0.054000 0.061300 0.079500 0.037900 0.130600 0.104700 0.022600 0.156500 0.096600 0.062400 0.070900 0.038300 0.061800 0.063500 0.079200 0.112200 0.071200
Hartebeest 0.047600 0.231600 0.048100 0.229500 0.031200 0.039100 0.047600 0.039200 0.056800 0.124500 0.062400 0.064900 0.000000 0.055300 0.056200 0.046900 0.048900 0.064200 0.063600 0.056800 0.047500 0.039100 0.099400 0.098500 0.070700 0.070300 0.000000 0.056600 0.070300 0.064700 0.124200 0.047600 0.088200 0.000000 0.039000 0.080200 0.054700 0.056400 0.063200 0.116000 0.089900 0.047000 0.142000 0.098700 0.072300 0.064400 0.047300 0.039100 0.040200 0.039700 0.089200 0.064700
Bongo 0.056500 0.203000 0.040300 0.181700 0.056300 0.047900 0.056800 0.047900 0.000000 0.099200 0.071400 0.040600 0.056700 0.048100 0.065400 0.055800 0.032600 0.064700 0.072800 0.000000 0.056700 0.047900 0.074200 0.073500 0.080000 0.079800 0.056600 0.000000 0.079800 0.007900 0.098900 0.056900 0.063900 0.056600 0.064500 0.055900 0.063700 0.066000 0.072700 0.090700 0.082100 0.056100 0.116400 0.073700 0.048000 0.074300 0.039900 0.048000 0.049200 0.032000 0.031800 0.007900
Gerenuk 0.054300 0.256400 0.071200 0.223800 0.070200 0.046000 0.070500 0.046000 0.080000 0.139000 0.053000 0.088400 0.070600 0.078000 0.079200 0.030300 0.080600 0.078900 0.062100 0.080000 0.038400 0.046000 0.114200 0.096100 0.061000 0.045100 0.070300 0.079800 0.000000 0.087900 0.138600 0.070500 0.094400 0.070300 0.077800 0.070100 0.061300 0.079500 0.053700 0.130500 0.104600 0.038200 0.156400 0.096600 0.078700 0.070900 0.038300 0.061800 0.063400 0.079200 0.112200 0.071200
CommonElan 0.064600 0.212400 0.048200 0.190600 0.064400 0.055900 0.065000 0.055900 0.007900 0.089100 0.079400 0.048700 0.064900 0.039800 0.073600 0.063800 0.040600 0.072900 0.081000 0.008000 0.064800 0.055900 0.082500 0.081500 0.088100 0.087900 0.064700 0.007900 0.087900 0.000000 0.089900 0.065000 0.055500 0.064700 0.072600 0.063700 0.071700 0.074200 0.080900 0.098700 0.090100 0.064100 0.124800 0.082000 0.055800 0.082600 0.047900 0.056000 0.057400 0.040000 0.039800 0.016000
MuntiacusR 0.124000 0.251800 0.107200 0.268400 0.123500 0.114300 0.106900 0.114300 0.099100 0.015400 0.129700 0.090400 0.124400 0.114700 0.134000 0.122400 0.099900 0.123900 0.122900 0.099100 0.124400 0.114300 0.055600 0.055500 0.138900 0.138800 0.124200 0.098900 0.138600 0.089900 0.000000 0.124700 0.104600 0.124200 0.131900 0.114100 0.130600 0.116900 0.122900 0.072000 0.072000 0.123200 0.047000 0.055600 0.114600 0.134900 0.123400 0.114600 0.117400 0.098000 0.132100 0.098700
HarveysDui 0.047700 0.222600 0.048300 0.210600 0.047400 0.039300 0.015800 0.039300 0.057000 0.125100 0.062600 0.065500 0.047900 0.023600 0.056400 0.047100 0.057500 0.089800 0.063800 0.057000 0.047700 0.039300 0.099800 0.098900 0.070900 0.070600 0.047600 0.056900 0.070500 0.065000 0.124700 0.000000 0.088600 0.047600 0.055400 0.080500 0.054900 0.056700 0.063500 0.116500 0.090300 0.047200 0.142600 0.099200 0.072600 0.064800 0.047500 0.039500 0.040400 0.056400 0.089500 0.065000
Pronghorn 0.071500 0.227800 0.071900 0.234300 0.087800 0.062800 0.088500 0.079200 0.064000 0.104900 0.086000 0.072400 0.088400 0.079400 0.097300 0.070600 0.064500 0.079600 0.087700 0.064000 0.071700 0.062800 0.106300 0.088400 0.094600 0.077600 0.088200 0.063900 0.094400 0.055500 0.104600 0.088600 0.000000 0.088200 0.096000 0.070700 0.078400 0.098000 0.070600 0.105400 0.114100 0.071000 0.148600 0.088600 0.062900 0.106300 0.071200 0.079400 0.081200 0.063400 0.096100 0.071900
BlueWildeb 0.047600 0.231600 0.048100 0.229500 0.031600 0.039100 0.047600 0.039200 0.056800 0.124500 0.062400 0.064900 0.000000 0.055300 0.056200 0.046900 0.048900 0.064200 0.063600 0.056800 0.047500 0.039100 0.099400 0.098500 0.070700 0.070300 0.000000 0.056600 0.070300 0.064700 0.124200 0.047600 0.088200 0.000000 0.039000 0.080200 0.054700 0.056400 0.063200 0.116000 0.089900 0.047000 0.142000 0.098700 0.072300 0.064500 0.047300 0.039300 0.040200 0.039700 0.089200 0.064700
Gemsbok 0.055300 0.218100 0.055900 0.237500 0.054900 0.046800 0.055400 0.046800 0.064600 0.132300 0.070000 0.073000 0.039200 0.063000 0.063900 0.054600 0.065100 0.080200 0.071300 0.064600 0.038900 0.046800 0.107200 0.106300 0.078300 0.077900 0.039000 0.064500 0.077800 0.072600 0.131900 0.055400 0.096000 0.039000 0.000000 0.087900 0.062300 0.064700 0.070900 0.123800 0.097700 0.054700 0.149800 0.106600 0.080000 0.072300 0.055000 0.046800 0.048000 0.063900 0.096900 0.072600
Yak 0.063500 0.228700 0.063600 0.196700 0.079800 0.054900 0.080500 0.071200 0.055800 0.114000 0.061900 0.047800 0.080300 0.088100 0.089200 0.062700 0.056200 0.055200 0.071500 0.055800 0.063700 0.054900 0.072700 0.071800 0.070200 0.054000 0.080200 0.055900 0.070100 0.063700 0.114100 0.080500 0.070700 0.080200 0.087900 0.000000 0.070500 0.089900 0.079500 0.088600 0.097100 0.063000 0.114100 0.072500 0.007700 0.081000 0.063200 0.055100 0.073100 0.055400 0.087700 0.047300
BlueSheep 0.022900 0.237700 0.055200 0.215400 0.054500 0.015100 0.054900 0.046300 0.063800 0.130800 0.022400 0.072100 0.054800 0.062400 0.063200 0.038200 0.064300 0.063000 0.038300 0.063800 0.038800 0.015100 0.106000 0.088100 0.030100 0.061300 0.054700 0.063700 0.061300 0.071700 0.130600 0.054900 0.078400 0.054700 0.062300 0.070500 0.000000 0.063700 0.054200 0.122400 0.096600 0.038400 0.130400 0.088400 0.062700 0.071600 0.038500 0.030700 0.047500 0.063200 0.079200 0.071700
BohorReedb 0.056500 0.236300 0.057200 0.243400 0.039800 0.047800 0.056600 0.047900 0.066100 0.099100 0.071400 0.074700 0.056700 0.064400 0.065400 0.055800 0.066700 0.099400 0.072900 0.066100 0.056500 0.047800 0.109700 0.108700 0.080000 0.079500 0.056400 0.066000 0.079500 0.074200 0.116900 0.056700 0.098000 0.056400 0.064700 0.089900 0.063700 0.000000 0.073200 0.126700 0.099900 0.055900 0.134500 0.109100 0.081900 0.074000 0.056300 0.047800 0.049200 0.057100 0.099100 0.074200
KirksDik 0.047100 0.230000 0.064100 0.217800 0.062900 0.038800 0.047100 0.038800 0.072900 0.123200 0.061800 0.064400 0.063600 0.071000 0.072100 0.030700 0.073400 0.088600 0.063000 0.072900 0.031100 0.038800 0.098300 0.072100 0.070100 0.037900 0.063200 0.072700 0.053700 0.080900 0.122900 0.063500 0.070600 0.063200 0.070900 0.079500 0.054200 0.073200 0.000000 0.114800 0.088900 0.030800 0.140600 0.080700 0.071600 0.080600 0.031000 0.054700 0.047600 0.072100 0.105300 0.080800
RoeDeer 0.115900 0.252800 0.098700 0.238700 0.115400 0.106200 0.098800 0.106200 0.090600 0.072000 0.121700 0.082300 0.116200 0.124100 0.125700 0.114300 0.091400 0.115800 0.114700 0.090600 0.116200 0.106200 0.015700 0.047500 0.130800 0.130600 0.116000 0.090700 0.130500 0.098700 0.072000 0.116500 0.105400 0.116000 0.123800 0.088600 0.122400 0.126700 0.114800 0.000000 0.047200 0.114900 0.072000 0.047700 0.089500 0.126600 0.115300 0.089400 0.109200 0.090000 0.123500 0.090200
WhiteLippe 0.089800 0.242200 0.073000 0.228300 0.089400 0.080600 0.073100 0.080600 0.082000 0.071900 0.096000 0.073700 0.090000 0.097900 0.099100 0.088600 0.082700 0.107100 0.097400 0.082000 0.090000 0.080600 0.031600 0.047700 0.104800 0.104700 0.089900 0.082100 0.104600 0.090100 0.072000 0.090300 0.114100 0.089900 0.097700 0.097100 0.096600 0.099900 0.088900 0.047200 0.000000 0.089100 0.088700 0.047800 0.097600 0.099800 0.089300 0.080800 0.082800 0.081400 0.114800 0.081700
ThomsonGaz 0.031200 0.208400 0.047700 0.188100 0.046800 0.023100 0.047200 0.023100 0.056200 0.123400 0.046000 0.064600 0.047300 0.054800 0.055600 0.015200 0.056700 0.071900 0.030900 0.056200 0.015400 0.023100 0.098400 0.080600 0.054000 0.022600 0.047000 0.056100 0.038200 0.064100 0.123200 0.047200 0.071000 0.047000 0.054700 0.063000 0.038400 0.055900 0.030800 0.114900 0.089100 0.000000 0.140800 0.080800 0.055200 0.063900 0.015400 0.038800 0.039800 0.055600 0.088300 0.064100
MuntiacusC 0.141900 0.273100 0.124800 0.268200 0.141300 0.131800 0.124400 0.131800 0.116700 0.063300 0.147400 0.107800 0.142300 0.150200 0.152100 0.140000 0.117600 0.141800 0.140500 0.116700 0.142300 0.131800 0.055600 0.071900 0.156800 0.156500 0.142000 0.116400 0.156400 0.124800 0.047000 0.142600 0.148600 0.142000 0.149800 0.114100 0.130400 0.134500 0.140600 0.072000 0.088700 0.140800 0.000000 0.072000 0.114600 0.153100 0.141200 0.114600 0.135400 0.115400 0.150000 0.116200
WhiteTaile 0.081500 0.232300 0.082000 0.219500 0.098300 0.072400 0.081800 0.089300 0.073900 0.055700 0.088100 0.065400 0.098900 0.106800 0.108200 0.080400 0.074500 0.081600 0.080600 0.073900 0.081700 0.072400 0.031800 0.015600 0.096800 0.096600 0.098700 0.073700 0.096600 0.082000 0.055600 0.099200 0.088600 0.098700 0.106600 0.072500 0.088400 0.109100 0.080700 0.047700 0.047800 0.080800 0.072000 0.000000 0.072600 0.109200 0.081100 0.089500 0.091700 0.073100 0.106700 0.073700
Cattle 0.055700 0.219900 0.055800 0.197600 0.071900 0.047100 0.072600 0.063400 0.047900 0.114500 0.070400 0.039900 0.072400 0.080200 0.081200 0.055000 0.048300 0.063800 0.071800 0.047900 0.055800 0.047100 0.073100 0.072400 0.078800 0.062400 0.072300 0.048000 0.078700 0.055800 0.114600 0.072600 0.062900 0.072300 0.080000 0.007700 0.062700 0.081900 0.071600 0.089500 0.097600 0.055200 0.114600 0.072600 0.000000 0.090100 0.055400 0.047300 0.065100 0.047600 0.079900 0.055800
RoyalAntel 0.064600 0.234400 0.065400 0.243300 0.064200 0.055900 0.064800 0.055900 0.074500 0.135300 0.062900 0.083100 0.064900 0.073000 0.073700 0.063800 0.075100 0.090300 0.072700 0.074500 0.064600 0.055900 0.109600 0.108600 0.071300 0.070900 0.064400 0.074300 0.070900 0.082600 0.134900 0.064800 0.106300 0.064500 0.072300 0.081000 0.071600 0.074000 0.080600 0.126600 0.099800 0.063900 0.153100 0.109200 0.090100 0.000000 0.064400 0.055800 0.057400 0.073600 0.107400 0.065400
Steenbok 0.031300 0.230400 0.047800 0.189400 0.047100 0.023200 0.047500 0.023000 0.040000 0.123700 0.046100 0.064800 0.047400 0.039100 0.055800 0.015300 0.056800 0.072100 0.047000 0.040000 0.015500 0.023200 0.098700 0.080900 0.054200 0.038300 0.047300 0.039900 0.038300 0.047900 0.123400 0.047500 0.071200 0.047300 0.055000 0.063200 0.038500 0.056300 0.031000 0.115300 0.089300 0.015400 0.141200 0.081100 0.055400 0.064400 0.000000 0.039000 0.040000 0.055800 0.072000 0.047900
Impala 0.023300 0.220000 0.039700 0.198700 0.039000 0.015400 0.039300 0.031000 0.048100 0.114900 0.038300 0.056400 0.039300 0.046900 0.047600 0.038700 0.048500 0.063800 0.039000 0.048100 0.039200 0.015400 0.073100 0.089300 0.046200 0.061800 0.039100 0.048000 0.061800 0.056000 0.114600 0.039500 0.079400 0.039300 0.046800 0.055100 0.030700 0.047800 0.054700 0.089400 0.080800 0.038800 0.114600 0.089500 0.047300 0.055800 0.039000 0.000000 0.031800 0.047600 0.080200 0.056000
Klipspring 0.040100 0.204600 0.040600 0.203700 0.040000 0.031700 0.040400 0.031800 0.049300 0.117800 0.055200 0.057800 0.040300 0.048200 0.048800 0.039600 0.049700 0.082300 0.056300 0.049300 0.040300 0.031700 0.092300 0.082800 0.063600 0.063500 0.040200 0.049200 0.063400 0.057400 0.117400 0.040400 0.081200 0.040200 0.048000 0.073100 0.047500 0.049200 0.047600 0.109200 0.082800 0.039800 0.135400 0.091700 0.065100 0.057400 0.040000 0.031800 0.000000 0.048800 0.082100 0.057400
ForestMusk 0.056100 0.180700 0.040000 0.218400 0.039600 0.047500 0.056400 0.047500 0.032000 0.089900 0.070900 0.040200 0.039800 0.064100 0.064900 0.055400 0.024200 0.056000 0.072300 0.032000 0.056200 0.047500 0.073600 0.072900 0.079300 0.079200 0.039700 0.032000 0.079200 0.040000 0.098000 0.056400 0.063400 0.039700 0.063900 0.055400 0.063200 0.057100 0.072100 0.090000 0.081400 0.055600 0.115400 0.073100 0.047600 0.073600 0.055800 0.047600 0.048800 0.000000 0.064000 0.040000
Bushbuck 0.089000 0.240600 0.072500 0.197700 0.088700 0.080000 0.089500 0.080000 0.031900 0.132000 0.086900 0.073100 0.089300 0.080300 0.098300 0.087900 0.065500 0.097300 0.105500 0.031900 0.089300 0.080000 0.107400 0.106000 0.095500 0.112200 0.089200 0.031800 0.112200 0.039800 0.132100 0.089500 0.096100 0.089200 0.096900 0.087700 0.079200 0.099100 0.105300 0.123500 0.114800 0.088300 0.150000 0.106700 0.079900 0.107400 0.072000 0.080200 0.082100 0.064000 0.000000 0.039700
GreaterKud 0.064600 0.212400 0.048200 0.181300 0.064400 0.055900 0.065000 0.055900 0.007900 0.098600 0.063000 0.048700 0.064800 0.056100 0.073600 0.063800 0.040600 0.056200 0.072700 0.008000 0.064800 0.055900 0.074000 0.073100 0.071400 0.071200 0.064700 0.007900 0.071200 0.016000 0.098700 0.065000 0.071900 0.064700 0.072600 0.047300 0.071700 0.074200 0.080800 0.090200 0.081700 0.064100 0.116200 0.073700 0.055800 0.065400 0.047900 0.056000 0.057400 0.040000 0.039700 0.000000
