CODONML (in paml version 4.10.7, June 2023)  /home/rachel/ruminants_paml/6406-phy-tree/ENSBTAT00000002933.fasta.phy
Model: free dN/dS Ratios for branches,  kappa = 2.000 fixed

Codon frequency model: F3x4
ns =  54  ls = 109

Codon usage in sequences
--------------------------------------------------------------------------------------------------------------------------------------
Phe TTT   4   4   4   4   5   4 | Ser TCT   1   1   1   1   1   1 | Tyr TAT   0   0   1   1   1   0 | Cys TGT   4   3   4   4   4   4
    TTC   1   1   1   1   0   1 |     TCC   0   0   0   0   0   0 |     TAC   2   2   1   1   1   2 |     TGC   0   1   0   0   0   0
Leu TTA   3   3   3   3   2   2 |     TCA   0   0   0   0   0   0 | *** TAA   0   0   0   0   0   0 | *** TGA   0   0   0   0   0   0
    TTG   0   0   0   0   0   0 |     TCG   0   0   0   0   0   0 |     TAG   0   0   0   0   0   0 | Trp TGG   0   0   0   0   0   0
--------------------------------------------------------------------------------------------------------------------------------------
Leu CTT   4   4   4   4   4   4 | Pro CCT   3   3   3   3   2   3 | His CAT   2   1   2   2   2   2 | Arg CGT   1   1   1   1   1   1
    CTC   0   0   0   0   0   0 |     CCC   0   0   0   0   1   0 |     CAC   1   2   1   1   1   1 |     CGC   0   0   0   0   0   0
    CTA   1   1   1   1   2   2 |     CCA   5   5   5   5   4   5 | Gln CAA   0   0   0   0   0   0 |     CGA   0   0   0   0   0   0
    CTG   0   0   0   0   0   0 |     CCG   0   0   0   0   1   0 |     CAG   2   2   2   2   2   2 |     CGG   0   0   0   0   0   0
--------------------------------------------------------------------------------------------------------------------------------------
Ile ATT   6   4   4   5   4   5 | Thr ACT   4   2   5   4   4   4 | Asn AAT   1   2   1   1   2   2 | Ser AGT   1   1   1   1   1   2
    ATC   1   2   2   2   2   2 |     ACC   0   0   0   0   0   0 |     AAC   3   3   3   3   3   3 |     AGC   1   0   1   1   0   0
    ATA   2   2   2   2   3   2 |     ACA   3   4   3   3   3   2 | Lys AAA   3   3   3   2   3   3 | Arg AGA   3   3   3   3   3   3
Met ATG   4   6   4   4   4   4 |     ACG   0   0   0   0   0   0 |     AAG   1   1   1   2   1   1 |     AGG   0   0   0   0   0   0
--------------------------------------------------------------------------------------------------------------------------------------
Val GTT   6   3   6   6   3   4 | Ala GCT   4   7   4   4   4   4 | Asp GAT   5   6   5   5   5   5 | Gly GGT   2   3   2   2   3   2
    GTC   0   1   0   0   4   1 |     GCC   1   2   1   1   1   1 |     GAC   1   0   1   1   1   1 |     GGC   2   2   2   2   1   2
    GTA   3   3   3   3   1   4 |     GCA   6   3   6   6   5   5 | Glu GAA   6   6   6   6   6   6 |     GGA   1   1   1   1   1   1
    GTG   4   4   4   4   5   4 |     GCG   0   0   0   0   1   1 |     GAG   1   1   1   1   1   1 |     GGG   0   0   0   0   0   0
--------------------------------------------------------------------------------------------------------------------------------------

--------------------------------------------------------------------------------------------------------------------------------------
Phe TTT   4   4   4   4   4   4 | Ser TCT   1   1   1   1   1   1 | Tyr TAT   0   0   1   0   1   1 | Cys TGT   4   4   4   4   4   4
    TTC   1   1   1   1   1   1 |     TCC   0   0   0   0   0   0 |     TAC   2   2   2   2   1   1 |     TGC   0   0   0   0   0   0
Leu TTA   3   3   2   3   3   3 |     TCA   0   0   0   0   0   0 | *** TAA   0   0   0   0   0   0 | *** TGA   0   0   0   0   0   0
    TTG   0   0   1   0   0   0 |     TCG   0   0   0   0   0   0 |     TAG   0   0   0   0   0   0 | Trp TGG   0   0   0   0   0   0
--------------------------------------------------------------------------------------------------------------------------------------
Leu CTT   4   3   3   4   4   4 | Pro CCT   3   3   3   3   3   3 | His CAT   2   2   1   2   2   2 | Arg CGT   1   1   4   1   1   1
    CTC   0   1   0   0   0   0 |     CCC   0   0   0   0   0   0 |     CAC   1   1   0   1   1   1 |     CGC   0   0   0   0   0   0
    CTA   1   1   2   1   1   1 |     CCA   5   5   5   5   5   5 | Gln CAA   0   0   0   0   0   1 |     CGA   0   0   0   0   0   0
    CTG   0   0   0   0   0   0 |     CCG   0   0   0   0   0   0 |     CAG   2   2   2   2   2   1 |     CGG   0   0   0   0   0   0
--------------------------------------------------------------------------------------------------------------------------------------
Ile ATT   6   6   5   6   5   5 | Thr ACT   3   4   4   4   4   4 | Asn AAT   1   2   1   1   1   1 | Ser AGT   1   1   0   1   1   1
    ATC   0   1   1   1   2   2 |     ACC   0   0   1   0   0   0 |     AAC   3   2   5   3   3   3 |     AGC   1   1   0   1   1   1
    ATA   3   2   4   2   2   2 |     ACA   3   3   2   3   3   2 | Lys AAA   3   3   3   3   3   2 | Arg AGA   3   3   2   3   3   3
Met ATG   4   4   4   4   4   4 |     ACG   1   0   0   0   0   1 |     AAG   1   1   1   1   1   2 |     AGG   0   0   0   0   0   0
--------------------------------------------------------------------------------------------------------------------------------------
Val GTT   6   6   5   6   6   6 | Ala GCT   4   4   4   4   4   4 | Asp GAT   5   5   5   5   5   5 | Gly GGT   2   2   2   2   2   2
    GTC   0   0   0   0   0   0 |     GCC   1   1   1   1   1   1 |     GAC   1   1   1   1   1   1 |     GGC   2   2   2   2   2   2
    GTA   3   3   4   3   3   3 |     GCA   6   6   5   6   6   6 | Glu GAA   6   6   6   6   5   6 |     GGA   1   1   1   1   1   1
    GTG   4   4   2   4   4   4 |     GCG   0   0   1   0   0   0 |     GAG   1   1   1   1   2   1 |     GGG   0   0   0   0   0   0
--------------------------------------------------------------------------------------------------------------------------------------

--------------------------------------------------------------------------------------------------------------------------------------
Phe TTT   4   4   4   4   4   4 | Ser TCT   1   1   1   1   1   1 | Tyr TAT   0   1   0   1   0   0 | Cys TGT   4   4   4   4   4   4
    TTC   1   1   1   1   1   1 |     TCC   0   0   0   0   0   0 |     TAC   2   1   2   1   2   2 |     TGC   0   0   0   0   0   0
Leu TTA   3   3   2   3   3   3 |     TCA   0   0   0   0   0   0 | *** TAA   0   0   0   0   0   0 | *** TGA   0   0   0   0   0   0
    TTG   0   0   1   0   0   0 |     TCG   0   0   0   0   0   0 |     TAG   0   0   0   0   0   0 | Trp TGG   0   0   0   0   0   0
--------------------------------------------------------------------------------------------------------------------------------------
Leu CTT   4   4   4   4   4   4 | Pro CCT   3   3   3   3   3   3 | His CAT   2   2   2   2   2   2 | Arg CGT   1   1   1   1   1   1
    CTC   0   0   0   0   0   0 |     CCC   0   0   0   0   0   0 |     CAC   1   1   1   1   1   1 |     CGC   0   0   0   0   0   0
    CTA   1   1   1   1   1   1 |     CCA   5   5   5   5   5   5 | Gln CAA   0   0   0   1   0   0 |     CGA   0   0   0   0   0   0
    CTG   0   0   0   0   0   0 |     CCG   0   0   0   0   0   0 |     CAG   2   2   2   1   2   2 |     CGG   0   0   0   0   0   0
--------------------------------------------------------------------------------------------------------------------------------------
Ile ATT   6   5   6   6   6   6 | Thr ACT   4   4   4   4   4   4 | Asn AAT   1   1   1   1   1   1 | Ser AGT   1   1   1   1   1   1
    ATC   1   2   1   1   1   1 |     ACC   0   0   0   0   0   0 |     AAC   3   3   3   3   3   3 |     AGC   1   1   1   1   1   1
    ATA   2   2   2   2   2   2 |     ACA   3   3   3   3   3   3 | Lys AAA   3   3   3   3   3   3 | Arg AGA   3   3   3   3   3   3
Met ATG   4   4   4   4   4   4 |     ACG   0   0   0   0   0   0 |     AAG   1   1   1   1   1   1 |     AGG   0   0   0   0   0   0
--------------------------------------------------------------------------------------------------------------------------------------
Val GTT   6   6   6   6   6   6 | Ala GCT   4   4   4   4   4   4 | Asp GAT   5   5   5   5   5   5 | Gly GGT   2   2   2   3   3   2
    GTC   0   0   0   0   0   0 |     GCC   1   1   1   1   1   1 |     GAC   1   1   1   1   1   1 |     GGC   2   2   2   1   1   1
    GTA   3   3   3   3   3   3 |     GCA   6   6   6   5   6   6 | Glu GAA   6   6   6   6   6   6 |     GGA   1   1   1   1   1   1
    GTG   4   4   4   4   4   4 |     GCG   0   0   0   1   0   0 |     GAG   1   1   1   1   1   1 |     GGG   0   0   0   0   0   1
--------------------------------------------------------------------------------------------------------------------------------------

--------------------------------------------------------------------------------------------------------------------------------------
Phe TTT   4   4   4   4   4   4 | Ser TCT   1   1   1   1   1   1 | Tyr TAT   1   1   0   1   0   0 | Cys TGT   4   4   4   4   4   4
    TTC   1   1   1   1   1   1 |     TCC   0   0   0   0   0   0 |     TAC   1   1   2   1   2   2 |     TGC   0   0   0   0   0   0
Leu TTA   3   3   3   3   3   3 |     TCA   0   0   0   0   0   0 | *** TAA   0   0   0   0   0   0 | *** TGA   0   0   0   0   0   0
    TTG   0   0   0   0   0   0 |     TCG   0   0   0   0   0   0 |     TAG   0   0   0   0   0   0 | Trp TGG   0   0   0   0   0   0
--------------------------------------------------------------------------------------------------------------------------------------
Leu CTT   4   4   4   4   4   4 | Pro CCT   3   3   3   3   3   3 | His CAT   2   2   1   2   2   2 | Arg CGT   1   1   2   1   1   1
    CTC   0   0   0   0   0   0 |     CCC   0   0   0   0   0   0 |     CAC   1   1   1   1   1   1 |     CGC   0   0   0   0   0   0
    CTA   1   1   1   1   1   1 |     CCA   5   5   5   5   5   5 | Gln CAA   0   0   0   0   0   0 |     CGA   0   0   0   0   0   0
    CTG   0   0   0   0   0   0 |     CCG   0   0   0   0   0   0 |     CAG   2   2   2   2   2   2 |     CGG   0   0   0   0   0   0
--------------------------------------------------------------------------------------------------------------------------------------
Ile ATT   5   5   6   5   6   6 | Thr ACT   4   3   4   4   4   4 | Asn AAT   1   1   1   2   1   1 | Ser AGT   1   1   1   1   1   1
    ATC   2   2   1   2   1   1 |     ACC   0   1   0   0   0   0 |     AAC   3   3   3   2   3   3 |     AGC   1   1   1   1   1   1
    ATA   2   2   2   2   2   2 |     ACA   3   3   3   3   3   3 | Lys AAA   3   3   3   3   3   3 | Arg AGA   3   3   3   3   3   3
Met ATG   4   4   4   4   4   4 |     ACG   0   0   0   0   0   0 |     AAG   1   1   1   1   1   1 |     AGG   0   0   0   0   0   0
--------------------------------------------------------------------------------------------------------------------------------------
Val GTT   6   6   6   6   6   6 | Ala GCT   4   4   4   4   4   4 | Asp GAT   5   6   5   5   5   5 | Gly GGT   2   2   2   2   2   2
    GTC   0   0   0   0   0   0 |     GCC   1   1   1   1   1   1 |     GAC   1   0   1   1   1   1 |     GGC   2   2   2   2   2   2
    GTA   3   3   3   3   3   3 |     GCA   6   6   5   6   6   6 | Glu GAA   6   6   6   6   6   6 |     GGA   1   1   1   1   1   1
    GTG   4   4   4   4   4   4 |     GCG   0   0   1   0   0   0 |     GAG   1   1   1   1   1   1 |     GGG   0   0   0   0   0   0
--------------------------------------------------------------------------------------------------------------------------------------

--------------------------------------------------------------------------------------------------------------------------------------
Phe TTT   4   4   4   4   4   4 | Ser TCT   1   1   1   1   1   1 | Tyr TAT   1   1   0   0   0   1 | Cys TGT   4   4   4   4   4   4
    TTC   1   1   1   1   1   1 |     TCC   0   0   0   0   0   0 |     TAC   1   1   2   2   2   1 |     TGC   0   0   0   0   0   0
Leu TTA   3   3   3   3   2   3 |     TCA   0   0   0   0   1   0 | *** TAA   0   0   0   0   0   0 | *** TGA   0   0   0   0   0   0
    TTG   0   0   0   0   0   0 |     TCG   0   0   0   0   0   0 |     TAG   0   0   0   0   0   0 | Trp TGG   0   0   0   0   0   0
--------------------------------------------------------------------------------------------------------------------------------------
Leu CTT   4   4   4   4   4   4 | Pro CCT   3   3   3   3   3   3 | His CAT   2   2   2   2   1   2 | Arg CGT   1   1   1   0   1   1
    CTC   0   0   0   0   0   0 |     CCC   0   0   0   0   0   0 |     CAC   1   1   1   1   1   1 |     CGC   0   0   0   0   0   0
    CTA   1   1   1   1   1   1 |     CCA   5   5   5   4   5   5 | Gln CAA   1   0   0   0   0   0 |     CGA   0   0   0   0   0   0
    CTG   0   0   0   0   0   0 |     CCG   0   0   0   1   0   0 |     CAG   1   2   2   1   2   2 |     CGG   0   0   0   0   0   0
--------------------------------------------------------------------------------------------------------------------------------------
Ile ATT   5   5   6   4   6   5 | Thr ACT   4   4   4   6   5   4 | Asn AAT   1   1   1   1   1   1 | Ser AGT   1   1   1   2   2   1
    ATC   2   2   1   1   2   2 |     ACC   0   0   0   0   0   0 |     AAC   3   3   3   3   3   3 |     AGC   1   1   1   1   1   1
    ATA   2   2   2   2   2   2 |     ACA   2   2   3   3   4   3 | Lys AAA   2   2   3   3   4   3 | Arg AGA   3   2   3   3   2   3
Met ATG   4   4   4   4   4   4 |     ACG   1   1   0   0   0   0 |     AAG   2   2   1   2   1   1 |     AGG   0   1   0   0   0   0
--------------------------------------------------------------------------------------------------------------------------------------
Val GTT   6   6   6   6   5   6 | Ala GCT   4   4   4   3   3   4 | Asp GAT   5   5   5   6   5   5 | Gly GGT   2   3   2   3   1   2
    GTC   0   0   0   0   0   0 |     GCC   1   1   1   2   1   1 |     GAC   1   1   1   0   2   1 |     GGC   2   1   2   1   2   2
    GTA   3   3   3   3   3   3 |     GCA   6   6   6   6   5   6 | Glu GAA   6   6   6   6   6   6 |     GGA   1   1   1   1   1   1
    GTG   4   4   4   4   4   4 |     GCG   0   0   0   0   0   0 |     GAG   1   1   1   1   1   1 |     GGG   0   0   0   0   0   0
--------------------------------------------------------------------------------------------------------------------------------------

--------------------------------------------------------------------------------------------------------------------------------------
Phe TTT   4   4   4   4   4   4 | Ser TCT   1   1   1   1   1   1 | Tyr TAT   0   1   0   0   1   0 | Cys TGT   3   4   4   4   4   4
    TTC   1   1   1   1   1   1 |     TCC   0   0   0   0   0   0 |     TAC   2   1   2   2   1   2 |     TGC   1   0   0   0   0   0
Leu TTA   3   3   3   3   3   3 |     TCA   0   0   0   0   0   0 | *** TAA   0   0   0   0   0   0 | *** TGA   0   0   0   0   0   0
    TTG   0   0   0   0   0   0 |     TCG   0   0   0   0   0   0 |     TAG   0   0   0   0   0   0 | Trp TGG   0   0   0   0   0   0
--------------------------------------------------------------------------------------------------------------------------------------
Leu CTT   4   4   4   4   4   4 | Pro CCT   3   3   3   3   3   3 | His CAT   2   2   2   2   2   2 | Arg CGT   1   1   1   1   1   1
    CTC   0   0   0   0   0   0 |     CCC   0   0   0   0   0   0 |     CAC   1   1   1   1   1   1 |     CGC   0   0   0   0   0   0
    CTA   1   1   1   1   1   1 |     CCA   5   5   5   5   5   5 | Gln CAA   0   0   1   1   0   0 |     CGA   0   0   0   0   0   0
    CTG   0   0   0   0   0   0 |     CCG   0   0   0   0   0   0 |     CAG   2   2   1   1   2   2 |     CGG   0   0   0   0   0   0
--------------------------------------------------------------------------------------------------------------------------------------
Ile ATT   6   5   5   6   5   6 | Thr ACT   4   4   4   4   4   4 | Asn AAT   1   1   1   1   1   1 | Ser AGT   1   1   1   1   1   1
    ATC   1   2   2   1   2   1 |     ACC   0   0   0   0   0   0 |     AAC   3   3   3   3   3   3 |     AGC   1   1   1   1   1   1
    ATA   2   2   2   2   2   2 |     ACA   3   3   2   3   3   3 | Lys AAA   3   3   2   3   3   3 | Arg AGA   3   3   3   3   3   3
Met ATG   4   4   4   4   4   4 |     ACG   0   0   1   0   0   0 |     AAG   1   1   2   1   1   1 |     AGG   0   0   0   0   0   0
--------------------------------------------------------------------------------------------------------------------------------------
Val GTT   6   6   6   6   6   6 | Ala GCT   4   4   4   4   4   4 | Asp GAT   5   5   5   5   5   5 | Gly GGT   2   2   2   3   3   2
    GTC   0   0   0   0   0   0 |     GCC   1   1   1   1   2   1 |     GAC   1   1   1   1   1   1 |     GGC   1   2   2   1   1   2
    GTA   3   3   3   3   3   3 |     GCA   6   6   6   6   5   6 | Glu GAA   6   6   6   6   6   6 |     GGA   1   1   1   1   1   1
    GTG   4   4   4   4   4   4 |     GCG   0   0   0   0   0   0 |     GAG   1   1   1   1   1   1 |     GGG   1   0   0   0   0   0
--------------------------------------------------------------------------------------------------------------------------------------

--------------------------------------------------------------------------------------------------------------------------------------
Phe TTT   4   4   4   4   4   3 | Ser TCT   1   1   1   1   1   1 | Tyr TAT   0   1   0   0   0   1 | Cys TGT   4   4   4   4   4   4
    TTC   1   1   1   1   1   2 |     TCC   0   0   0   0   0   0 |     TAC   2   1   2   2   2   1 |     TGC   0   0   0   0   0   0
Leu TTA   3   3   3   3   3   3 |     TCA   0   0   0   0   0   0 | *** TAA   0   0   0   0   0   0 | *** TGA   0   0   0   0   0   0
    TTG   0   0   0   0   0   0 |     TCG   0   0   0   0   0   0 |     TAG   0   0   0   0   0   0 | Trp TGG   0   0   0   0   0   0
--------------------------------------------------------------------------------------------------------------------------------------
Leu CTT   4   4   4   4   3   4 | Pro CCT   3   3   3   3   3   3 | His CAT   2   2   2   2   1   2 | Arg CGT   1   1   1   1   2   1
    CTC   0   0   0   0   0   0 |     CCC   0   0   0   0   0   0 |     CAC   1   1   1   1   1   1 |     CGC   0   0   0   0   0   0
    CTA   1   1   1   1   1   1 |     CCA   5   5   5   5   5   5 | Gln CAA   0   0   0   0   0   0 |     CGA   0   0   0   0   0   0
    CTG   0   0   0   0   1   0 |     CCG   0   0   0   0   0   0 |     CAG   2   2   2   2   2   2 |     CGG   0   0   0   0   0   0
--------------------------------------------------------------------------------------------------------------------------------------
Ile ATT   6   5   6   6   6   6 | Thr ACT   4   4   4   3   4   4 | Asn AAT   1   1   1   1   1   1 | Ser AGT   1   1   1   1   1   1
    ATC   1   2   1   0   1   1 |     ACC   0   0   0   0   0   0 |     AAC   3   3   3   3   3   3 |     AGC   1   1   1   1   1   1
    ATA   2   2   2   3   2   2 |     ACA   3   3   3   3   3   3 | Lys AAA   3   3   3   3   3   2 | Arg AGA   3   3   3   3   3   3
Met ATG   4   4   4   4   4   4 |     ACG   0   0   0   1   0   0 |     AAG   1   1   1   1   1   2 |     AGG   0   0   0   0   0   0
--------------------------------------------------------------------------------------------------------------------------------------
Val GTT   6   6   6   6   6   6 | Ala GCT   4   4   4   4   4   4 | Asp GAT   5   5   5   5   5   5 | Gly GGT   2   3   2   2   2   3
    GTC   0   0   0   0   1   0 |     GCC   1   1   1   1   1   1 |     GAC   1   1   1   1   1   1 |     GGC   2   1   2   2   2   1
    GTA   3   3   3   3   2   3 |     GCA   6   6   6   6   6   6 | Glu GAA   6   6   6   6   6   6 |     GGA   1   1   1   1   1   1
    GTG   4   4   4   4   4   4 |     GCG   0   0   0   0   0   0 |     GAG   1   1   1   1   1   1 |     GGG   0   0   0   0   0   0
--------------------------------------------------------------------------------------------------------------------------------------

--------------------------------------------------------------------------------------------------------------------------------------
Phe TTT   4   4   4   4   4   4 | Ser TCT   1   1   1   1   1   1 | Tyr TAT   1   1   1   1   1   1 | Cys TGT   4   4   4   4   4   4
    TTC   1   1   1   1   1   1 |     TCC   0   0   0   0   0   0 |     TAC   1   1   1   1   1   1 |     TGC   0   0   0   0   0   0
Leu TTA   3   3   3   3   3   3 |     TCA   0   0   0   0   0   0 | *** TAA   0   0   0   0   0   0 | *** TGA   0   0   0   0   0   0
    TTG   0   0   0   0   0   0 |     TCG   0   0   0   0   0   0 |     TAG   0   0   0   0   0   0 | Trp TGG   0   0   0   0   0   0
--------------------------------------------------------------------------------------------------------------------------------------
Leu CTT   4   4   4   4   4   4 | Pro CCT   3   3   3   3   3   3 | His CAT   2   2   2   2   2   2 | Arg CGT   1   1   1   1   1   1
    CTC   0   0   0   0   0   0 |     CCC   0   0   0   0   0   0 |     CAC   1   1   1   1   1   1 |     CGC   0   0   0   0   0   0
    CTA   1   1   1   1   1   1 |     CCA   5   5   5   5   5   4 | Gln CAA   1   0   1   0   0   0 |     CGA   0   0   0   0   0   0
    CTG   0   0   0   0   0   0 |     CCG   0   0   0   0   0   1 |     CAG   1   2   1   2   2   2 |     CGG   0   0   0   0   0   0
--------------------------------------------------------------------------------------------------------------------------------------
Ile ATT   5   6   5   5   5   5 | Thr ACT   4   4   4   4   4   4 | Asn AAT   1   1   1   1   1   1 | Ser AGT   1   1   1   1   1   1
    ATC   2   1   2   2   2   1 |     ACC   0   0   0   0   0   0 |     AAC   3   3   3   3   3   3 |     AGC   1   1   1   1   1   1
    ATA   2   2   2   2   2   3 |     ACA   2   3   2   2   3   3 | Lys AAA   2   3   2   2   3   3 | Arg AGA   3   3   3   3   3   3
Met ATG   4   4   4   4   4   4 |     ACG   1   0   1   1   0   0 |     AAG   2   1   2   2   1   1 |     AGG   0   0   0   0   0   0
--------------------------------------------------------------------------------------------------------------------------------------
Val GTT   6   6   6   6   6   6 | Ala GCT   4   4   4   4   4   4 | Asp GAT   5   5   5   5   5   5 | Gly GGT   2   2   2   2   3   2
    GTC   0   0   0   0   0   0 |     GCC   1   1   1   1   1   1 |     GAC   1   1   1   1   1   1 |     GGC   2   2   2   2   1   2
    GTA   3   3   3   3   3   2 |     GCA   6   6   6   6   6   5 | Glu GAA   6   6   6   6   6   6 |     GGA   1   1   1   1   1   1
    GTG   4   4   4   4   4   5 |     GCG   0   0   0   0   0   1 |     GAG   1   1   1   1   1   1 |     GGG   0   0   0   0   0   0
--------------------------------------------------------------------------------------------------------------------------------------

--------------------------------------------------------------------------------------------------------------------------------------
Phe TTT   4   4   4   4   4   4 | Ser TCT   1   1   1   1   1   1 | Tyr TAT   0   0   1   1   1   1 | Cys TGT   4   4   4   4   4   4
    TTC   1   1   1   1   1   1 |     TCC   0   0   0   0   0   0 |     TAC   2   2   1   1   1   1 |     TGC   0   0   0   0   0   0
Leu TTA   3   3   3   3   3   3 |     TCA   0   0   0   0   0   0 | *** TAA   0   0   0   0   0   0 | *** TGA   0   0   0   0   0   0
    TTG   0   0   0   0   0   0 |     TCG   0   0   0   0   0   0 |     TAG   0   0   0   0   0   0 | Trp TGG   0   0   0   0   0   0
--------------------------------------------------------------------------------------------------------------------------------------
Leu CTT   4   4   4   4   4   4 | Pro CCT   3   3   3   3   3   3 | His CAT   1   1   2   2   2   1 | Arg CGT   2   2   1   1   1   2
    CTC   0   0   0   0   0   0 |     CCC   0   0   0   0   0   0 |     CAC   1   1   1   1   1   1 |     CGC   0   0   0   0   0   0
    CTA   1   1   1   1   1   1 |     CCA   5   5   5   5   5   5 | Gln CAA   0   0   0   0   0   0 |     CGA   0   0   0   0   0   0
    CTG   0   0   0   0   0   0 |     CCG   0   0   0   0   0   0 |     CAG   2   2   2   2   2   2 |     CGG   0   0   0   0   0   0
--------------------------------------------------------------------------------------------------------------------------------------
Ile ATT   6   6   5   5   5   5 | Thr ACT   4   3   3   4   4   5 | Asn AAT   1   1   1   1   1   1 | Ser AGT   1   1   1   1   1   1
    ATC   1   1   1   2   2   2 |     ACC   0   0   0   0   0   0 |     AAC   3   3   3   3   3   3 |     AGC   1   1   1   1   1   1
    ATA   2   2   3   2   2   2 |     ACA   3   3   3   3   3   2 | Lys AAA   3   2   3   3   3   3 | Arg AGA   3   2   3   3   3   3
Met ATG   4   4   4   4   4   4 |     ACG   0   1   0   0   0   0 |     AAG   1   2   1   1   1   1 |     AGG   0   1   0   0   0   0
--------------------------------------------------------------------------------------------------------------------------------------
Val GTT   6   5   6   6   6   6 | Ala GCT   4   4   5   4   4   4 | Asp GAT   6   5   5   5   5   5 | Gly GGT   2   2   2   2   2   2
    GTC   0   1   0   0   0   0 |     GCC   1   2   1   1   1   1 |     GAC   0   1   1   1   1   1 |     GGC   2   2   2   2   2   2
    GTA   3   3   3   3   3   3 |     GCA   6   5   5   6   6   6 | Glu GAA   6   6   6   6   6   5 |     GGA   1   1   1   1   1   1
    GTG   4   4   4   4   4   4 |     GCG   0   0   1   0   0   0 |     GAG   1   1   1   1   1   2 |     GGG   0   0   0   0   0   0
--------------------------------------------------------------------------------------------------------------------------------------

Codon position x base (3x4) table for each sequence.

#1: Argali         
position  1:    T:0.13761    C:0.17431    A:0.30275    G:0.38532
position  2:    T:0.35780    C:0.24771    A:0.25688    G:0.13761
position  3:    T:0.44037    C:0.11927    A:0.33028    G:0.11009
Average         T:0.31193    C:0.18043    A:0.29664    G:0.21101

#2: LesserMouseDeer
position  1:    T:0.13761    C:0.17431    A:0.30275    G:0.38532
position  2:    T:0.34862    C:0.24771    A:0.26606    G:0.13761
position  3:    T:0.41284    C:0.14679    A:0.31193    G:0.12844
Average         T:0.29969    C:0.18960    A:0.29358    G:0.21713

#3: LesserKudu     
position  1:    T:0.13761    C:0.17431    A:0.30275    G:0.38532
position  2:    T:0.34862    C:0.25688    A:0.25688    G:0.13761
position  3:    T:0.44037    C:0.11927    A:0.33028    G:0.11009
Average         T:0.30887    C:0.18349    A:0.29664    G:0.21101

#4: ForestMuskDeer2
position  1:    T:0.13761    C:0.17431    A:0.30275    G:0.38532
position  2:    T:0.35780    C:0.24771    A:0.25688    G:0.13761
position  3:    T:0.44037    C:0.11927    A:0.32110    G:0.11927
Average         T:0.31193    C:0.18043    A:0.29358    G:0.21407

#5: Camel          
position  1:    T:0.12844    C:0.18349    A:0.30275    G:0.38532
position  2:    T:0.35780    C:0.24771    A:0.26606    G:0.12844
position  3:    T:0.42202    C:0.13761    A:0.30275    G:0.13761
Average         T:0.30275    C:0.18960    A:0.29052    G:0.21713

#6: KillerWhale    
position  1:    T:0.12844    C:0.18349    A:0.30275    G:0.38532
position  2:    T:0.35780    C:0.23853    A:0.26606    G:0.13761
position  3:    T:0.43119    C:0.12844    A:0.32110    G:0.11927
Average         T:0.30581    C:0.18349    A:0.29664    G:0.21407

#7: DefassaWaterbuck
position  1:    T:0.13761    C:0.17431    A:0.30275    G:0.38532
position  2:    T:0.35780    C:0.24771    A:0.25688    G:0.13761
position  3:    T:0.43119    C:0.11009    A:0.33945    G:0.11927
Average         T:0.30887    C:0.17737    A:0.29969    G:0.21407

#8: Sheep          
position  1:    T:0.13761    C:0.17431    A:0.30275    G:0.38532
position  2:    T:0.35780    C:0.24771    A:0.25688    G:0.13761
position  3:    T:0.44037    C:0.11927    A:0.33028    G:0.11009
Average         T:0.31193    C:0.18043    A:0.29664    G:0.21101

#9: MaxwellsDuiker 
position  1:    T:0.14679    C:0.18349    A:0.30275    G:0.36697
position  2:    T:0.34862    C:0.24771    A:0.26606    G:0.13761
position  3:    T:0.43119    C:0.12844    A:0.33028    G:0.11009
Average         T:0.30887    C:0.18654    A:0.29969    G:0.20489

#10: GazellaPrzewalskyi
position  1:    T:0.13761    C:0.17431    A:0.30275    G:0.38532
position  2:    T:0.35780    C:0.24771    A:0.25688    G:0.13761
position  3:    T:0.44037    C:0.11927    A:0.33028    G:0.11009
Average         T:0.31193    C:0.18043    A:0.29664    G:0.21101

#11: MountainNyala  
position  1:    T:0.13761    C:0.17431    A:0.30275    G:0.38532
position  2:    T:0.35780    C:0.24771    A:0.25688    G:0.13761
position  3:    T:0.44037    C:0.11927    A:0.32110    G:0.11927
Average         T:0.31193    C:0.18043    A:0.29358    G:0.21407

#12: MuntiacusMuntjak
position  1:    T:0.13761    C:0.17431    A:0.30275    G:0.38532
position  2:    T:0.35780    C:0.24771    A:0.25688    G:0.13761
position  3:    T:0.44037    C:0.11927    A:0.32110    G:0.11927
Average         T:0.31193    C:0.18043    A:0.29358    G:0.21407

#13: goat           
position  1:    T:0.13761    C:0.17431    A:0.30275    G:0.38532
position  2:    T:0.35780    C:0.24771    A:0.25688    G:0.13761
position  3:    T:0.44037    C:0.11927    A:0.33028    G:0.11009
Average         T:0.31193    C:0.18043    A:0.29664    G:0.21101

#14: AfricanBuffalo 
position  1:    T:0.13761    C:0.17431    A:0.30275    G:0.38532
position  2:    T:0.35780    C:0.24771    A:0.25688    G:0.13761
position  3:    T:0.44037    C:0.11927    A:0.33028    G:0.11009
Average         T:0.31193    C:0.18043    A:0.29664    G:0.21101

#15: Topi           
position  1:    T:0.13761    C:0.17431    A:0.30275    G:0.38532
position  2:    T:0.35780    C:0.24771    A:0.25688    G:0.13761
position  3:    T:0.44037    C:0.11927    A:0.32110    G:0.11927
Average         T:0.31193    C:0.18043    A:0.29358    G:0.21407

#16: CommonDuiker   
position  1:    T:0.13761    C:0.17431    A:0.30275    G:0.38532
position  2:    T:0.35780    C:0.24771    A:0.25688    G:0.13761
position  3:    T:0.45872    C:0.10092    A:0.33028    G:0.11009
Average         T:0.31804    C:0.17431    A:0.29664    G:0.21101

#17: Suni           
position  1:    T:0.13761    C:0.17431    A:0.30275    G:0.38532
position  2:    T:0.35780    C:0.24771    A:0.25688    G:0.13761
position  3:    T:0.44954    C:0.11009    A:0.33028    G:0.11009
Average         T:0.31498    C:0.17737    A:0.29664    G:0.21101

#18: Springbuck     
position  1:    T:0.13761    C:0.17431    A:0.30275    G:0.38532
position  2:    T:0.35780    C:0.24771    A:0.25688    G:0.13761
position  3:    T:0.44037    C:0.11009    A:0.33028    G:0.11927
Average         T:0.31193    C:0.17737    A:0.29664    G:0.21407

#19: Okapi          
position  1:    T:0.13761    C:0.17431    A:0.30275    G:0.38532
position  2:    T:0.35780    C:0.24771    A:0.25688    G:0.13761
position  3:    T:0.44037    C:0.11927    A:0.33028    G:0.11009
Average         T:0.31193    C:0.18043    A:0.29664    G:0.21101

#20: Giraffe        
position  1:    T:0.13761    C:0.17431    A:0.30275    G:0.38532
position  2:    T:0.35780    C:0.24771    A:0.25688    G:0.13761
position  3:    T:0.44037    C:0.11927    A:0.33028    G:0.11009
Average         T:0.31193    C:0.18043    A:0.29664    G:0.21101

#21: TibetanAntelope
position  1:    T:0.13761    C:0.17431    A:0.30275    G:0.38532
position  2:    T:0.35780    C:0.24771    A:0.24771    G:0.14679
position  3:    T:0.44037    C:0.11927    A:0.32110    G:0.11927
Average         T:0.31193    C:0.18043    A:0.29052    G:0.21713

#22: Sitatunga      
position  1:    T:0.13761    C:0.17431    A:0.30275    G:0.38532
position  2:    T:0.35780    C:0.24771    A:0.25688    G:0.13761
position  3:    T:0.44954    C:0.11009    A:0.33028    G:0.11009
Average         T:0.31498    C:0.17737    A:0.29664    G:0.21101

#23: Oribi          
position  1:    T:0.13761    C:0.17431    A:0.30275    G:0.38532
position  2:    T:0.35780    C:0.24771    A:0.25688    G:0.13761
position  3:    T:0.44037    C:0.11927    A:0.33028    G:0.11009
Average         T:0.31193    C:0.18043    A:0.29664    G:0.21101

#24: BarbarySheep   
position  1:    T:0.13761    C:0.17431    A:0.30275    G:0.38532
position  2:    T:0.35780    C:0.24771    A:0.25688    G:0.13761
position  3:    T:0.44037    C:0.11927    A:0.33028    G:0.11009
Average         T:0.31193    C:0.18043    A:0.29664    G:0.21101

#25: Daviddeer      
position  1:    T:0.13761    C:0.17431    A:0.30275    G:0.38532
position  2:    T:0.35780    C:0.24771    A:0.25688    G:0.13761
position  3:    T:0.44037    C:0.11927    A:0.32110    G:0.11927
Average         T:0.31193    C:0.18043    A:0.29358    G:0.21407

#26: Reindeer       
position  1:    T:0.13761    C:0.17431    A:0.30275    G:0.38532
position  2:    T:0.35780    C:0.24771    A:0.25688    G:0.13761
position  3:    T:0.44954    C:0.11009    A:0.30275    G:0.13761
Average         T:0.31498    C:0.17737    A:0.28746    G:0.22018

#27: Ibex           
position  1:    T:0.13761    C:0.17431    A:0.30275    G:0.38532
position  2:    T:0.35780    C:0.24771    A:0.25688    G:0.13761
position  3:    T:0.44037    C:0.11927    A:0.33028    G:0.11009
Average         T:0.31193    C:0.18043    A:0.29664    G:0.21101

#28: GyrantGazelle  
position  1:    T:0.13761    C:0.15596    A:0.32110    G:0.38532
position  2:    T:0.33945    C:0.26606    A:0.25688    G:0.13761
position  3:    T:0.44954    C:0.11009    A:0.32110    G:0.11927
Average         T:0.30887    C:0.17737    A:0.29969    G:0.21407

#29: Hartebeest     
position  1:    T:0.13761    C:0.16514    A:0.33945    G:0.35780
position  2:    T:0.34862    C:0.25688    A:0.26606    G:0.12844
position  3:    T:0.42202    C:0.13761    A:0.33028    G:0.11009
Average         T:0.30275    C:0.18654    A:0.31193    G:0.19878

#30: Bongo          
position  1:    T:0.13761    C:0.17431    A:0.30275    G:0.38532
position  2:    T:0.35780    C:0.24771    A:0.25688    G:0.13761
position  3:    T:0.44037    C:0.11927    A:0.33028    G:0.11009
Average         T:0.31193    C:0.18043    A:0.29664    G:0.21101

#31: Gerenuk        
position  1:    T:0.13761    C:0.17431    A:0.30275    G:0.38532
position  2:    T:0.35780    C:0.24771    A:0.25688    G:0.13761
position  3:    T:0.43119    C:0.11927    A:0.33028    G:0.11927
Average         T:0.30887    C:0.18043    A:0.29664    G:0.21407

#32: CommonEland    
position  1:    T:0.13761    C:0.17431    A:0.30275    G:0.38532
position  2:    T:0.35780    C:0.24771    A:0.25688    G:0.13761
position  3:    T:0.44037    C:0.11927    A:0.33028    G:0.11009
Average         T:0.31193    C:0.18043    A:0.29664    G:0.21101

#33: MuntiacusReevesi
position  1:    T:0.13761    C:0.17431    A:0.30275    G:0.38532
position  2:    T:0.35780    C:0.24771    A:0.25688    G:0.13761
position  3:    T:0.43119    C:0.12844    A:0.32110    G:0.11927
Average         T:0.30887    C:0.18349    A:0.29358    G:0.21407

#34: HarveysDuiker  
position  1:    T:0.13761    C:0.17431    A:0.30275    G:0.38532
position  2:    T:0.35780    C:0.24771    A:0.25688    G:0.13761
position  3:    T:0.44954    C:0.11009    A:0.33945    G:0.10092
Average         T:0.31498    C:0.17737    A:0.29969    G:0.20795

#35: Pronghorn      
position  1:    T:0.13761    C:0.17431    A:0.30275    G:0.38532
position  2:    T:0.35780    C:0.24771    A:0.25688    G:0.13761
position  3:    T:0.44954    C:0.11927    A:0.32110    G:0.11009
Average         T:0.31498    C:0.18043    A:0.29358    G:0.21101

#36: BlueWildebeest 
position  1:    T:0.13761    C:0.17431    A:0.30275    G:0.38532
position  2:    T:0.35780    C:0.24771    A:0.25688    G:0.13761
position  3:    T:0.44037    C:0.11927    A:0.33028    G:0.11009
Average         T:0.31193    C:0.18043    A:0.29664    G:0.21101

#37: Gemsbok        
position  1:    T:0.13761    C:0.17431    A:0.30275    G:0.38532
position  2:    T:0.35780    C:0.24771    A:0.25688    G:0.13761
position  3:    T:0.44037    C:0.11927    A:0.33028    G:0.11009
Average         T:0.31193    C:0.18043    A:0.29664    G:0.21101

#38: Yak            
position  1:    T:0.13761    C:0.17431    A:0.30275    G:0.38532
position  2:    T:0.35780    C:0.24771    A:0.25688    G:0.13761
position  3:    T:0.44954    C:0.11009    A:0.33028    G:0.11009
Average         T:0.31498    C:0.17737    A:0.29664    G:0.21101

#39: BlueSheep      
position  1:    T:0.13761    C:0.17431    A:0.30275    G:0.38532
position  2:    T:0.35780    C:0.24771    A:0.25688    G:0.13761
position  3:    T:0.44037    C:0.11927    A:0.33028    G:0.11009
Average         T:0.31193    C:0.18043    A:0.29664    G:0.21101

#40: BohorReedbuck  
position  1:    T:0.13761    C:0.17431    A:0.30275    G:0.38532
position  2:    T:0.35780    C:0.24771    A:0.25688    G:0.13761
position  3:    T:0.43119    C:0.11009    A:0.33945    G:0.11927
Average         T:0.30887    C:0.17737    A:0.29969    G:0.21407

#41: KirksDik       
position  1:    T:0.13761    C:0.17431    A:0.30275    G:0.38532
position  2:    T:0.35780    C:0.24771    A:0.24771    G:0.14679
position  3:    T:0.43119    C:0.12844    A:0.32110    G:0.11927
Average         T:0.30887    C:0.18349    A:0.29052    G:0.21713

#42: RoeDeer        
position  1:    T:0.13761    C:0.17431    A:0.30275    G:0.38532
position  2:    T:0.35780    C:0.24771    A:0.25688    G:0.13761
position  3:    T:0.44954    C:0.11009    A:0.32110    G:0.11927
Average         T:0.31498    C:0.17737    A:0.29358    G:0.21407

#43: WhiteLippedDeer
position  1:    T:0.13761    C:0.17431    A:0.30275    G:0.38532
position  2:    T:0.35780    C:0.24771    A:0.25688    G:0.13761
position  3:    T:0.44037    C:0.11927    A:0.32110    G:0.11927
Average         T:0.31193    C:0.18043    A:0.29358    G:0.21407

#44: ThomsonGazelle 
position  1:    T:0.13761    C:0.17431    A:0.30275    G:0.38532
position  2:    T:0.35780    C:0.24771    A:0.25688    G:0.13761
position  3:    T:0.44954    C:0.11009    A:0.33028    G:0.11009
Average         T:0.31498    C:0.17737    A:0.29664    G:0.21101

#45: MuntiacusCrinifrons
position  1:    T:0.13761    C:0.17431    A:0.30275    G:0.38532
position  2:    T:0.35780    C:0.24771    A:0.25688    G:0.13761
position  3:    T:0.44037    C:0.11927    A:0.32110    G:0.11927
Average         T:0.31193    C:0.18043    A:0.29358    G:0.21407

#46: WhiteTailedDeer
position  1:    T:0.13761    C:0.17431    A:0.30275    G:0.38532
position  2:    T:0.35780    C:0.24771    A:0.25688    G:0.13761
position  3:    T:0.44037    C:0.11927    A:0.31193    G:0.12844
Average         T:0.31193    C:0.18043    A:0.29052    G:0.21713

#47: Cattle         
position  1:    T:0.13761    C:0.17431    A:0.30275    G:0.38532
position  2:    T:0.35780    C:0.24771    A:0.25688    G:0.13761
position  3:    T:0.44954    C:0.11009    A:0.33028    G:0.11009
Average         T:0.31498    C:0.17737    A:0.29664    G:0.21101

#48: RoyalAntelope  
position  1:    T:0.13761    C:0.17431    A:0.30275    G:0.38532
position  2:    T:0.35780    C:0.24771    A:0.25688    G:0.13761
position  3:    T:0.44037    C:0.11009    A:0.31193    G:0.13761
Average         T:0.31193    C:0.17737    A:0.29052    G:0.22018

#49: Steenbok       
position  1:    T:0.13761    C:0.17431    A:0.30275    G:0.38532
position  2:    T:0.35780    C:0.24771    A:0.24771    G:0.14679
position  3:    T:0.44954    C:0.11009    A:0.33028    G:0.11009
Average         T:0.31498    C:0.17737    A:0.29358    G:0.21407

#50: Impala         
position  1:    T:0.13761    C:0.17431    A:0.30275    G:0.38532
position  2:    T:0.35780    C:0.24771    A:0.24771    G:0.14679
position  3:    T:0.42202    C:0.13761    A:0.30275    G:0.13761
Average         T:0.30581    C:0.18654    A:0.28440    G:0.22324

#51: Klipspringer   
position  1:    T:0.13761    C:0.17431    A:0.29358    G:0.39450
position  2:    T:0.35780    C:0.24771    A:0.25688    G:0.13761
