CODONML (in paml version 4.10.7, June 2023)  /home/rachel/ruminants_paml/6406-phy-tree/ENSBTAT00000001254.fasta.phy
Model: free dN/dS Ratios for branches,  kappa = 2.000 fixed

Codon frequency model: F3x4
ns =  54  ls = 149

Codon usage in sequences
--------------------------------------------------------------------------------------------------------------------------------------
Phe TTT   3   3   3   3   3   3 | Ser TCT   1   1   1   1   1   1 | Tyr TAT   2   4   2   2   3   3 | Cys TGT   0   0   0   0   0   0
    TTC   0   0   0   0   0   0 |     TCC   3   3   3   3   3   2 |     TAC   4   2   4   4   3   3 |     TGC   1   1   1   1   1   1
Leu TTA   2   1   2   2   1   1 |     TCA   0   1   0   1   0   0 | *** TAA   0   0   0   0   0   0 | *** TGA   0   0   0   0   0   0
    TTG   2   2   2   3   2   2 |     TCG   1   0   1   0   1   0 |     TAG   0   0   0   0   0   0 | Trp TGG   2   2   2   2   2   2
--------------------------------------------------------------------------------------------------------------------------------------
Leu CTT   2   2   2   2   1   2 | Pro CCT   1   1   1   1   1   1 | His CAT   0   0   0   0   0   0 | Arg CGT   0   0   0   0   0   0
    CTC   3   1   3   3   3   3 |     CCC   1   1   1   1   1   2 |     CAC   1   1   1   1   0   0 |     CGC   0   0   0   0   0   0
    CTA   0   0   0   0   0   0 |     CCA   1   1   1   1   1   0 | Gln CAA   5   4   5   5   6   6 |     CGA   0   0   0   0   0   0
    CTG   2   3   2   1   3   3 |     CCG   0   0   0   0   0   1 |     CAG   5   6   5   5   4   4 |     CGG   2   2   3   2   2   2
--------------------------------------------------------------------------------------------------------------------------------------
Ile ATT   4   4   4   4   4   4 | Thr ACT   0   1   1   1   1   1 | Asn AAT   2   1   2   2   2   2 | Ser AGT   1   2   1   1   2   1
    ATC   0   0   0   0   0   0 |     ACC   0   0   0   0   1   0 |     AAC   1   2   1   1   0   2 |     AGC   3   3   3   3   3   3
    ATA   1   1   1   1   1   1 |     ACA   4   2   3   3   1   3 | Lys AAA  12  13  12  11  12  12 | Arg AGA   3   3   3   3   5   4
Met ATG   4   4   4   4   5   4 |     ACG   1   1   1   1   1   0 |     AAG  10   9  10  11  10  10 |     AGG   6   6   5   6   5   6
--------------------------------------------------------------------------------------------------------------------------------------
Val GTT   1   2   1   1   2   1 | Ala GCT   4   4   4   4   3   3 | Asp GAT   7   5   7   8   6   9 | Gly GGT   0   0   0   0   0   0
    GTC   3   4   3   3   4   3 |     GCC   4   3   5   4   3   4 |     GAC   5   6   5   4   6   4 |     GGC   0   0   0   0   0   0
    GTA   0   2   1   0   1   0 |     GCA   4   5   3   4   6   6 | Glu GAA  11   9  10  10   7   8 |     GGA   3   3   4   3   3   1
    GTG   3   2   2   3   2   4 |     GCG   0   0   0   0   0   0 |     GAG   5   7   6   6   9   7 |     GGG   3   3   2   3   2   4
--------------------------------------------------------------------------------------------------------------------------------------

--------------------------------------------------------------------------------------------------------------------------------------
Phe TTT   3   3   3   3   3   3 | Ser TCT   1   1   1   1   1   1 | Tyr TAT   2   2   2   2   2   2 | Cys TGT   0   0   0   0   0   0
    TTC   0   0   0   0   0   0 |     TCC   3   3   3   3   3   3 |     TAC   4   4   4   4   4   4 |     TGC   1   1   1   1   1   1
Leu TTA   2   2   2   2   2   2 |     TCA   0   0   0   0   0   0 | *** TAA   0   0   0   0   0   0 | *** TGA   0   0   0   0   0   0
    TTG   2   2   2   2   2   2 |     TCG   1   1   1   1   1   1 |     TAG   0   0   0   0   0   0 | Trp TGG   2   2   2   2   2   2
--------------------------------------------------------------------------------------------------------------------------------------
Leu CTT   2   2   2   2   2   2 | Pro CCT   1   1   1   1   1   1 | His CAT   0   0   0   0   0   0 | Arg CGT   0   0   0   0   0   0
    CTC   3   3   3   3   3   3 |     CCC   1   1   1   1   1   1 |     CAC   1   1   1   1   1   1 |     CGC   0   0   0   0   0   0
    CTA   0   0   0   0   0   0 |     CCA   1   1   1   1   1   1 | Gln CAA   5   5   5   4   5   5 |     CGA   0   0   0   0   0   0
    CTG   2   2   2   2   2   2 |     CCG   0   0   0   0   0   0 |     CAG   5   5   5   5   5   5 |     CGG   2   2   2   2   3   2
--------------------------------------------------------------------------------------------------------------------------------------
Ile ATT   4   4   4   4   4   4 | Thr ACT   1   0   1   1   1   1 | Asn AAT   2   2   2   2   2   2 | Ser AGT   1   1   1   1   1   1
    ATC   0   0   0   0   0   0 |     ACC   0   0   0   0   0   0 |     AAC   1   1   1   1   1   1 |     AGC   3   3   3   3   3   3
    ATA   1   1   1   2   1   1 |     ACA   3   4   4   3   3   3 | Lys AAA  11  12  12  12  12  12 | Arg AGA   3   3   3   4   3   3
Met ATG   4   4   4   3   4   4 |     ACG   1   1   0   1   1   1 |     AAG  10  10  10   9  10  10 |     AGG   7   6   6   6   5   6
--------------------------------------------------------------------------------------------------------------------------------------
Val GTT   1   1   1   1   1   1 | Ala GCT   5   4   4   4   4   4 | Asp GAT   7   7   7   7   7   7 | Gly GGT   0   0   0   0   0   0
    GTC   3   3   3   3   3   3 |     GCC   3   4   5   4   5   4 |     GAC   5   5   5   5   5   5 |     GGC   0   0   0   0   0   0
    GTA   0   0   0   0   1   0 |     GCA   4   4   3   4   3   4 | Glu GAA  11  11  11  12  10  10 |     GGA   3   3   3   3   4   3
    GTG   3   3   3   3   2   3 |     GCG   0   0   0   0   0   0 |     GAG   5   5   5   5   6   6 |     GGG   3   3   3   3   2   3
--------------------------------------------------------------------------------------------------------------------------------------

--------------------------------------------------------------------------------------------------------------------------------------
Phe TTT   3   3   3   3   3   3 | Ser TCT   1   1   1   1   1   1 | Tyr TAT   2   2   2   2   2   2 | Cys TGT   0   0   0   0   0   0
    TTC   0   0   0   0   0   0 |     TCC   3   3   3   3   3   3 |     TAC   4   4   4   4   4   4 |     TGC   1   1   1   1   1   1
Leu TTA   2   2   2   2   2   2 |     TCA   0   0   0   0   0   0 | *** TAA   0   0   0   0   0   0 | *** TGA   0   0   0   0   0   0
    TTG   2   2   2   2   2   2 |     TCG   1   1   1   1   1   1 |     TAG   0   0   0   0   0   0 | Trp TGG   2   2   2   2   2   2
--------------------------------------------------------------------------------------------------------------------------------------
Leu CTT   2   2   2   2   2   2 | Pro CCT   1   1   1   1   1   1 | His CAT   0   0   0   0   0   0 | Arg CGT   0   0   0   0   0   0
    CTC   3   3   3   3   3   3 |     CCC   1   1   1   1   1   1 |     CAC   1   1   1   1   1   1 |     CGC   0   0   0   0   0   0
    CTA   0   0   0   0   0   0 |     CCA   1   1   1   1   1   1 | Gln CAA   5   5   5   5   5   6 |     CGA   0   0   0   0   0   0
    CTG   2   2   2   2   2   2 |     CCG   0   0   0   0   0   0 |     CAG   5   5   5   5   5   5 |     CGG   2   2   2   2   2   2
--------------------------------------------------------------------------------------------------------------------------------------
Ile ATT   4   4   4   5   4   4 | Thr ACT   1   1   1   1   1   1 | Asn AAT   2   2   2   2   2   2 | Ser AGT   1   1   1   1   1   1
    ATC   0   0   0   0   0   0 |     ACC   0   0   0   0   0   0 |     AAC   1   1   1   1   1   1 |     AGC   3   3   3   3   3   3
    ATA   1   1   1   2   1   1 |     ACA   3   3   3   4   3   3 | Lys AAA  12  12  11  12  12  12 | Arg AGA   3   3   3   3   3   3
Met ATG   4   4   4   3   3   4 |     ACG   1   1   1   0   1   1 |     AAG  10  10  11  10  10   9 |     AGG   6   6   6   6   6   6
--------------------------------------------------------------------------------------------------------------------------------------
Val GTT   1   1   1   0   1   1 | Ala GCT   4   3   4   4   4   4 | Asp GAT   7   8   6   7   7   6 | Gly GGT   0   0   0   0   0   0
    GTC   3   3   3   3   3   3 |     GCC   4   4   4   4   4   4 |     GAC   5   5   6   5   5   6 |     GGC   0   0   0   0   0   0
    GTA   0   0   0   0   0   0 |     GCA   4   4   4   4   4   4 | Glu GAA  11  11  11  11  11  11 |     GGA   3   4   3   3   3   3
    GTG   3   3   3   3   4   3 |     GCG   0   0   0   0   0   0 |     GAG   5   5   5   5   5   5 |     GGG   3   2   3   3   3   3
--------------------------------------------------------------------------------------------------------------------------------------

--------------------------------------------------------------------------------------------------------------------------------------
Phe TTT   3   3   3   3   3   3 | Ser TCT   1   0   1   1   1   1 | Tyr TAT   2   2   2   2   2   2 | Cys TGT   0   0   0   0   0   0
    TTC   0   0   0   0   0   0 |     TCC   3   4   3   3   3   3 |     TAC   4   4   4   4   4   4 |     TGC   1   1   1   1   1   1
Leu TTA   2   2   2   2   2   2 |     TCA   0   1   0   0   0   0 | *** TAA   0   0   0   0   0   0 | *** TGA   0   0   0   0   0   0
    TTG   1   1   2   2   2   2 |     TCG   1   0   1   1   1   1 |     TAG   0   0   0   0   0   0 | Trp TGG   2   2   2   2   2   2
--------------------------------------------------------------------------------------------------------------------------------------
Leu CTT   2   2   2   2   2   2 | Pro CCT   1   1   1   1   1   1 | His CAT   0   0   0   0   0   0 | Arg CGT   0   0   0   0   0   0
    CTC   3   3   3   3   3   3 |     CCC   1   1   1   1   1   1 |     CAC   0   0   1   1   1   1 |     CGC   0   0   0   0   0   0
    CTA   1   1   0   0   0   0 |     CCA   1   1   1   1   1   1 | Gln CAA   5   5   5   5   5   5 |     CGA   0   0   0   0   0   0
    CTG   2   2   2   2   2   2 |     CCG   0   0   0   0   0   0 |     CAG   5   5   5   5   5   5 |     CGG   2   2   2   3   2   2
--------------------------------------------------------------------------------------------------------------------------------------
Ile ATT   4   4   4   4   4   4 | Thr ACT   1   1   1   1   0   1 | Asn AAT   2   2   2   2   2   2 | Ser AGT   1   1   1   1   1   1
    ATC   0   0   0   0   0   0 |     ACC   0   0   0   0   0   0 |     AAC   2   2   1   1   1   1 |     AGC   3   3   3   3   3   3
    ATA   1   1   1   1   1   1 |     ACA   3   4   3   3   3   3 | Lys AAA  12  12  13  12  13  12 | Arg AGA   3   3   3   3   3   3
Met ATG   4   4   4   4   4   4 |     ACG   1   0   1   1   1   1 |     AAG  10  10   9  10   9  10 |     AGG   6   6   6   5   6   6
--------------------------------------------------------------------------------------------------------------------------------------
Val GTT   0   0   1   1   1   1 | Ala GCT   4   4   4   5   5   4 | Asp GAT   7   6   6   7   7   7 | Gly GGT   0   0   0   0   0   0
    GTC   3   3   3   3   3   3 |     GCC   5   5   4   4   4   4 |     GAC   5   6   5   5   5   5 |     GGC   0   0   0   0   0   0
    GTA   0   0   0   1   0   0 |     GCA   4   4   4   3   4   4 | Glu GAA  10  10  12  10  11  11 |     GGA   3   3   3   4   3   3
    GTG   3   3   3   2   3   3 |     GCG   0   0   0   0   0   0 |     GAG   6   6   5   6   5   5 |     GGG   3   3   3   2   3   3
--------------------------------------------------------------------------------------------------------------------------------------

--------------------------------------------------------------------------------------------------------------------------------------
Phe TTT   3   3   3   3   3   3 | Ser TCT   1   1   1   1   1   1 | Tyr TAT   2   2   2   2   2   2 | Cys TGT   0   0   0   0   0   0
    TTC   0   1   0   0   0   0 |     TCC   3   4   3   3   3   3 |     TAC   4   4   4   4   4   4 |     TGC   1   1   1   1   1   1
Leu TTA   2   2   2   2   2   2 |     TCA   0   0   0   0   0   0 | *** TAA   0   0   0   0   0   0 | *** TGA   0   0   0   0   0   0
    TTG   2   2   2   2   2   2 |     TCG   1   0   1   1   1   1 |     TAG   0   0   0   0   0   0 | Trp TGG   2   2   2   2   2   2
--------------------------------------------------------------------------------------------------------------------------------------
Leu CTT   2   2   2   2   2   2 | Pro CCT   1   1   1   1   1   1 | His CAT   0   0   0   0   0   0 | Arg CGT   0   0   0   0   0   0
    CTC   3   2   3   3   3   3 |     CCC   1   1   1   1   1   1 |     CAC   1   1   1   1   1   1 |     CGC   0   0   0   0   0   0
    CTA   0   0   0   0   0   0 |     CCA   1   0   1   1   1   1 | Gln CAA   5   4   5   5   5   5 |     CGA   0   0   0   0   0   0
    CTG   2   2   2   2   2   2 |     CCG   0   1   0   0   0   0 |     CAG   5   5   5   5   5   5 |     CGG   2   2   2   2   2   3
--------------------------------------------------------------------------------------------------------------------------------------
Ile ATT   4   4   4   4   4   4 | Thr ACT   1   1   1   1   1   1 | Asn AAT   2   2   2   2   2   2 | Ser AGT   1   1   1   1   1   1
    ATC   0   0   0   1   0   0 |     ACC   0   0   0   0   0   0 |     AAC   1   1   1   2   1   1 |     AGC   3   3   3   2   3   3
    ATA   1   1   1   1   1   1 |     ACA   3   3   3   3   3   3 | Lys AAA  12  12  12  13  12  12 | Arg AGA   3   3   3   3   3   3
Met ATG   4   4   4   4   4   4 |     ACG   1   1   1   1   1   1 |     AAG  10  10  10   9  10  10 |     AGG   6   6   6   6   6   5
--------------------------------------------------------------------------------------------------------------------------------------
Val GTT   1   1   1   1   1   1 | Ala GCT   4   4   4   4   4   4 | Asp GAT   7   7   7   7   6   7 | Gly GGT   0   0   0   0   0   0
    GTC   3   2   3   2   3   3 |     GCC   3   4   4   4   4   5 |     GAC   5   5   5   5   6   5 |     GGC   0   0   0   0   0   0
    GTA   0   1   0   0   0   1 |     GCA   4   4   4   4   4   3 | Glu GAA  10  10  11  11  11  10 |     GGA   3   3   3   3   3   4
    GTG   3   3   3   3   3   2 |     GCG   1   0   0   0   0   0 |     GAG   6   7   5   5   5   6 |     GGG   3   3   3   3   3   2
--------------------------------------------------------------------------------------------------------------------------------------

--------------------------------------------------------------------------------------------------------------------------------------
Phe TTT   3   3   3   3   5   3 | Ser TCT   1   1   1   2   0   1 | Tyr TAT   2   2   2   2   1   2 | Cys TGT   0   0   0   0   0   0
    TTC   0   0   0   0   0   0 |     TCC   3   3   3   2   3   3 |     TAC   4   4   4   4   4   4 |     TGC   1   1   1   1   1   1
Leu TTA   2   2   2   2   1   2 |     TCA   0   0   0   0   0   0 | *** TAA   0   0   0   0   0   0 | *** TGA   0   0   0   0   0   0
    TTG   2   2   2   2   2   2 |     TCG   1   1   1   1   1   1 |     TAG   0   0   0   0   0   0 | Trp TGG   2   2   2   2   2   2
--------------------------------------------------------------------------------------------------------------------------------------
Leu CTT   2   2   2   2   2   2 | Pro CCT   1   1   1   1   1   1 | His CAT   0   0   0   0   0   0 | Arg CGT   0   0   0   0   0   0
    CTC   3   3   3   3   3   3 |     CCC   1   1   1   1   1   1 |     CAC   1   1   1   1   0   1 |     CGC   0   0   0   1   0   0
    CTA   0   0   0   0   1   0 |     CCA   1   1   1   1   1   1 | Gln CAA   5   5   5   5   5   5 |     CGA   0   0   0   0   0   0
    CTG   2   2   2   2   2   2 |     CCG   0   0   0   0   0   0 |     CAG   5   5   5   5   5   5 |     CGG   2   3   2   2   2   2
--------------------------------------------------------------------------------------------------------------------------------------
Ile ATT   4   4   4   4   4   4 | Thr ACT   1   1   1   1   1   1 | Asn AAT   2   2   2   2   2   2 | Ser AGT   1   1   1   1   1   1
    ATC   0   0   0   0   0   0 |     ACC   0   0   0   0   0   0 |     AAC   1   1   1   1   2   1 |     AGC   3   3   3   2   2   3
    ATA   1   1   1   1   1   1 |     ACA   3   3   3   4   3   3 | Lys AAA  13  12  12  12  12  12 | Arg AGA   2   3   3   3   3   3
Met ATG   4   4   4   4   4   4 |     ACG   1   1   1   0   1   1 |     AAG   9  10  10  10  11  10 |     AGG   7   5   6   6   6   6
--------------------------------------------------------------------------------------------------------------------------------------
Val GTT   1   1   1   1   2   1 | Ala GCT   4   4   4   5   5   4 | Asp GAT   7   7   7   7   7   6 | Gly GGT   0   0   0   0   0   0
    GTC   3   3   3   3   2   3 |     GCC   4   5   4   3   3   4 |     GAC   5   5   5   5   6   6 |     GGC   0   0   0   0   0   0
    GTA   0   1   0   1   2   0 |     GCA   4   3   4   4   3   4 | Glu GAA  11  10  10  11   8  11 |     GGA   3   4   3   3   3   3
    GTG   3   2   3   2   1   3 |     GCG   0   0   0   0   0   0 |     GAG   5   6   6   5   7   5 |     GGG   3   2   3   3   4   3
--------------------------------------------------------------------------------------------------------------------------------------

--------------------------------------------------------------------------------------------------------------------------------------
Phe TTT   3   3   3   3   3   3 | Ser TCT   1   1   2   1   1   1 | Tyr TAT   2   2   2   2   2   2 | Cys TGT   0   0   0   0   0   0
    TTC   0   0   0   0   0   0 |     TCC   3   3   2   3   3   4 |     TAC   4   4   4   4   4   4 |     TGC   1   1   1   1   1   1
Leu TTA   2   2   2   2   1   2 |     TCA   0   0   0   0   0   0 | *** TAA   0   0   0   0   0   0 | *** TGA   0   0   0   0   0   0
    TTG   2   2   2   2   3   2 |     TCG   1   1   1   1   1   0 |     TAG   0   0   0   0   0   0 | Trp TGG   2   2   2   2   2   2
--------------------------------------------------------------------------------------------------------------------------------------
Leu CTT   2   2   2   2   2   2 | Pro CCT   1   1   1   1   1   1 | His CAT   0   0   0   0   0   0 | Arg CGT   0   0   0   0   0   0
    CTC   3   3   3   3   3   3 |     CCC   1   1   1   1   1   1 |     CAC   1   1   1   1   1   1 |     CGC   0   0   0   0   0   0
    CTA   0   0   0   0   0   0 |     CCA   1   1   1   1   1   0 | Gln CAA   5   5   5   5   5   4 |     CGA   0   0   0   0   0   0
    CTG   2   2   2   2   1   2 |     CCG   0   0   0   0   0   1 |     CAG   5   5   5   5   5   6 |     CGG   2   2   2   2   2   2
--------------------------------------------------------------------------------------------------------------------------------------
Ile ATT   4   4   4   4   4   4 | Thr ACT   1   1   1   1   1   1 | Asn AAT   2   2   2   2   2   2 | Ser AGT   1   1   1   1   1   1
    ATC   0   0   0   0   0   0 |     ACC   0   0   0   0   0   0 |     AAC   1   1   1   1   1   1 |     AGC   3   3   3   3   3   3
    ATA   1   1   1   1   1   1 |     ACA   3   3   3   3   3   3 | Lys AAA  12  12  12  12  12  12 | Arg AGA   3   3   3   3   4   3
Met ATG   4   4   4   4   5   4 |     ACG   1   1   1   1   1   1 |     AAG  10  10  10   9   9  10 |     AGG   6   6   6   7   6   6
--------------------------------------------------------------------------------------------------------------------------------------
Val GTT   1   1   1   1   1   1 | Ala GCT   4   4   4   5   4   4 | Asp GAT   7   7   7   7   7   7 | Gly GGT   0   0   0   0   0   0
    GTC   3   3   3   3   3   3 |     GCC   4   4   4   3   4   4 |     GAC   5   5   5   5   5   5 |     GGC   0   0   0   0   0   0
    GTA   0   1   0   0   0   0 |     GCA   4   3   4   4   4   4 | Glu GAA  11  12  11  11  11  10 |     GGA   3   4   3   3   3   3
    GTG   3   3   3   3   3   3 |     GCG   0   0   0   0   0   0 |     GAG   5   4   5   5   5   6 |     GGG   3   2   3   3   3   3
--------------------------------------------------------------------------------------------------------------------------------------

--------------------------------------------------------------------------------------------------------------------------------------
Phe TTT   3   3   3   3   3   3 | Ser TCT   1   1   1   1   1   1 | Tyr TAT   2   2   2   2   2   2 | Cys TGT   0   0   0   0   0   0
    TTC   0   0   0   0   0   0 |     TCC   3   3   3   4   3   3 |     TAC   4   4   4   4   4   4 |     TGC   1   1   1   1   1   1
Leu TTA   2   2   2   2   2   2 |     TCA   0   0   0   0   0   0 | *** TAA   0   0   0   0   0   0 | *** TGA   0   0   0   0   0   0
    TTG   2   2   2   2   2   2 |     TCG   1   1   1   0   1   1 |     TAG   0   0   0   0   0   0 | Trp TGG   2   2   2   2   2   2
--------------------------------------------------------------------------------------------------------------------------------------
Leu CTT   2   2   2   2   2   2 | Pro CCT   1   1   1   1   1   1 | His CAT   0   0   0   0   0   0 | Arg CGT   0   0   0   0   0   0
    CTC   3   3   3   3   3   3 |     CCC   1   1   1   1   1   1 |     CAC   1   1   1   1   1   1 |     CGC   0   0   0   0   0   0
    CTA   0   0   0   0   0   0 |     CCA   1   1   1   0   1   1 | Gln CAA   5   5   5   4   5   6 |     CGA   0   0   0   0   0   0
    CTG   2   2   2   2   2   2 |     CCG   0   0   0   1   0   0 |     CAG   5   5   5   5   5   4 |     CGG   2   2   2   2   2   2
--------------------------------------------------------------------------------------------------------------------------------------
Ile ATT   4   4   4   4   4   4 | Thr ACT   1   1   1   1   1   1 | Asn AAT   2   2   2   2   2   2 | Ser AGT   1   1   1   1   1   1
    ATC   0   0   0   0   0   0 |     ACC   0   0   0   0   0   0 |     AAC   1   2   1   1   1   1 |     AGC   3   2   3   3   3   3
    ATA   1   1   1   1   1   1 |     ACA   3   3   3   2   3   3 | Lys AAA  12  13  12  12  12  11 | Arg AGA   3   3   3   3   3   3
Met ATG   4   4   4   4   4   4 |     ACG   1   1   1   1   1   1 |     AAG  10   9   9  10  10  11 |     AGG   6   6   7   6   6   6
--------------------------------------------------------------------------------------------------------------------------------------
Val GTT   1   1   1   1   1   1 | Ala GCT   4   4   4   4   4   4 | Asp GAT   7   7   7   6   7   7 | Gly GGT   0   0   0   0   0   0
    GTC   3   3   3   2   3   3 |     GCC   4   4   4   4   4   4 |     GAC   5   5   5   6   5   5 |     GGC   0   0   0   0   0   0
    GTA   0   0   0   1   1   0 |     GCA   4   4   4   5   3   3 | Glu GAA  10  11  10  11  11  11 |     GGA   3   3   3   3   4   3
    GTG   3   2   3   3   3   3 |     GCG   0   1   0   0   0   1 |     GAG   6   5   6   6   5   5 |     GGG   3   3   3   3   2   3
--------------------------------------------------------------------------------------------------------------------------------------

--------------------------------------------------------------------------------------------------------------------------------------
Phe TTT   3   3   3   3   3   3 | Ser TCT   2   1   1   2   1   1 | Tyr TAT   2   2   2   2   2   2 | Cys TGT   0   0   0   0   0   0
    TTC   0   0   0   0   0   0 |     TCC   3   3   2   2   3   3 |     TAC   4   4   4   4   4   4 |     TGC   0   1   1   1   1   1
Leu TTA   2   2   2   2   2   2 |     TCA   0   0   0   1   0   0 | *** TAA   0   0   0   0   0   0 | *** TGA   0   0   0   0   0   0
    TTG   2   2   1   3   2   2 |     TCG   1   1   1   0   1   1 |     TAG   0   0   0   0   0   0 | Trp TGG   2   2   2   2   2   2
--------------------------------------------------------------------------------------------------------------------------------------
Leu CTT   2   2   2   2   2   2 | Pro CCT   1   1   1   1   1   1 | His CAT   0   0   0   0   0   0 | Arg CGT   0   0   0   0   0   0
    CTC   3   3   3   3   3   3 |     CCC   1   1   2   1   1   1 |     CAC   1   1   1   1   1   1 |     CGC   0   0   0   0   0   0
    CTA   0   0   0   0   0   0 |     CCA   1   1   1   1   1   1 | Gln CAA   5   5   5   5   5   5 |     CGA   0   0   0   0   0   0
    CTG   2   2   3   1   2   2 |     CCG   0   0   0   0   0   0 |     CAG   5   5   5   5   5   5 |     CGG   2   2   2   2   3   3
--------------------------------------------------------------------------------------------------------------------------------------
Ile ATT   5   4   4   4   4   4 | Thr ACT   2   1   1   1   1   1 | Asn AAT   2   2   2   2   2   2 | Ser AGT   1   1   1   1   1   1
    ATC   0   0   0   0   0   0 |     ACC   0   0   0   0   0   0 |     AAC   1   1   1   1   1   1 |     AGC   3   3   3   3   3   3
    ATA   1   1   1   1   1   1 |     ACA   2   2   3   3   3   3 | Lys AAA  13  12  12  11  12  12 | Arg AGA   3   3   3   3   3   3
Met ATG   4   4   4   4   4   4 |     ACG   1   1   1   1   1   1 |     AAG   9  10  10  11  10  10 |     AGG   6   6   6   6   5   5
--------------------------------------------------------------------------------------------------------------------------------------
Val GTT   0   2   1   1   1   1 | Ala GCT   4   4   4   4   4   4 | Asp GAT   6   7   5   8   7   7 | Gly GGT   0   0   0   0   0   0
    GTC   3   2   3   3   3   3 |     GCC   4   4   4   4   5   5 |     GAC   6   5   6   4   5   5 |     GGC   0   0   0   0   0   0
    GTA   0   0   0   0   1   1 |     GCA   4   5   4   4   3   3 | Glu GAA  11  11  12  10  10  10 |     GGA   3   3   3   3   4   4
    GTG   3   3   3   3   2   2 |     GCG   0   0   0   0   0   0 |     GAG   5   5   5   6   6   6 |     GGG   3   3   3   3   2   2
--------------------------------------------------------------------------------------------------------------------------------------

Codon position x base (3x4) table for each sequence.

#1: Argali         
position  1:    T:0.14094    C:0.15436    A:0.34899    G:0.35570
position  2:    T:0.20134    C:0.16779    A:0.46980    G:0.16107
position  3:    T:0.18792    C:0.19463    A:0.30872    G:0.30872
Average         T:0.17673    C:0.17226    A:0.37584    G:0.27517

#2: LesserMouseDeer
position  1:    T:0.13423    C:0.14765    A:0.34899    G:0.36913
position  2:    T:0.20805    C:0.16107    A:0.46309    G:0.16779
position  3:    T:0.20134    C:0.18121    A:0.30201    G:0.31544
Average         T:0.18121    C:0.16331    A:0.37136    G:0.28412

#3: LesserKudu     
position  1:    T:0.14094    C:0.16107    A:0.34228    G:0.35570
position  2:    T:0.20134    C:0.16779    A:0.46980    G:0.16107
position  3:    T:0.19463    C:0.20134    A:0.30201    G:0.30201
Average         T:0.17897    C:0.17673    A:0.37136    G:0.27293

#4: ForestMuskDeer2
position  1:    T:0.14765    C:0.14765    A:0.34899    G:0.35570
position  2:    T:0.20134    C:0.16779    A:0.46980    G:0.16107
position  3:    T:0.20134    C:0.18792    A:0.29530    G:0.31544
Average         T:0.18345    C:0.16779    A:0.37136    G:0.27740

#5: Camel          
position  1:    T:0.13423    C:0.14765    A:0.35570    G:0.36242
position  2:    T:0.21477    C:0.16107    A:0.45638    G:0.16779
position  3:    T:0.19463    C:0.18792    A:0.29530    G:0.32215
Average         T:0.18121    C:0.16555    A:0.36913    G:0.28412

#6: KillerWhale    
position  1:    T:0.12081    C:0.16107    A:0.35570    G:0.36242
position  2:    T:0.20805    C:0.16107    A:0.46980    G:0.16107
position  3:    T:0.20805    C:0.18121    A:0.28188    G:0.32886
Average         T:0.17897    C:0.16779    A:0.36913    G:0.28412

#7: DefassaWaterbuck
position  1:    T:0.14094    C:0.15436    A:0.34899    G:0.35570
position  2:    T:0.20134    C:0.16779    A:0.46309    G:0.16779
position  3:    T:0.20134    C:0.18792    A:0.29530    G:0.31544
Average         T:0.18121    C:0.17002    A:0.36913    G:0.27964

#8: Sheep          
position  1:    T:0.14094    C:0.15436    A:0.34899    G:0.35570
position  2:    T:0.20134    C:0.16779    A:0.46980    G:0.16107
position  3:    T:0.18792    C:0.19463    A:0.30872    G:0.30872
Average         T:0.17673    C:0.17226    A:0.37584    G:0.27517

#9: MaxwellsDuiker 
position  1:    T:0.14094    C:0.15436    A:0.34899    G:0.35570
position  2:    T:0.20134    C:0.16779    A:0.46980    G:0.16107
position  3:    T:0.19463    C:0.20134    A:0.30201    G:0.30201
Average         T:0.17897    C:0.17450    A:0.37360    G:0.27293

#10: GazellaPrzewalskyi
position  1:    T:0.14094    C:0.14765    A:0.34899    G:0.36242
position  2:    T:0.20134    C:0.16779    A:0.46309    G:0.16779
position  3:    T:0.19463    C:0.19463    A:0.31544    G:0.29530
Average         T:0.17897    C:0.17002    A:0.37584    G:0.27517

#11: MountainNyala  
position  1:    T:0.14094    C:0.16107    A:0.34228    G:0.35570
position  2:    T:0.20134    C:0.16779    A:0.46980    G:0.16107
position  3:    T:0.19463    C:0.20134    A:0.30201    G:0.30201
Average         T:0.17897    C:0.17673    A:0.37136    G:0.27293

#12: MuntiacusMuntjak
position  1:    T:0.14094    C:0.15436    A:0.34899    G:0.35570
position  2:    T:0.20134    C:0.16779    A:0.46980    G:0.16107
position  3:    T:0.19463    C:0.19463    A:0.29530    G:0.31544
Average         T:0.17897    C:0.17226    A:0.37136    G:0.27740

#13: goat           
position  1:    T:0.14094    C:0.15436    A:0.34899    G:0.35570
position  2:    T:0.20134    C:0.16779    A:0.46980    G:0.16107
position  3:    T:0.19463    C:0.19463    A:0.30201    G:0.30872
Average         T:0.17897    C:0.17226    A:0.37360    G:0.27517

#14: AfricanBuffalo 
position  1:    T:0.14094    C:0.15436    A:0.34899    G:0.35570
position  2:    T:0.20134    C:0.16107    A:0.47651    G:0.16107
position  3:    T:0.19463    C:0.19463    A:0.30872    G:0.30201
Average         T:0.17897    C:0.17002    A:0.37808    G:0.27293

#15: Topi           
position  1:    T:0.14094    C:0.15436    A:0.34899    G:0.35570
position  2:    T:0.20134    C:0.16779    A:0.46980    G:0.16107
position  3:    T:0.18792    C:0.20134    A:0.29530    G:0.31544
Average         T:0.17673    C:0.17450    A:0.37136    G:0.27740

#16: CommonDuiker   
position  1:    T:0.14094    C:0.15436    A:0.35570    G:0.34899
position  2:    T:0.20134    C:0.16779    A:0.46980    G:0.16107
position  3:    T:0.19463    C:0.19463    A:0.31544    G:0.29530
Average         T:0.17897    C:0.17226    A:0.38031    G:0.26846

#17: Suni           
position  1:    T:0.14094    C:0.15436    A:0.34228    G:0.36242
position  2:    T:0.20134    C:0.16779    A:0.46980    G:0.16107
position  3:    T:0.19463    C:0.19463    A:0.30201    G:0.30872
Average         T:0.17897    C:0.17226    A:0.37136    G:0.27740

#18: Springbuck     
position  1:    T:0.14094    C:0.16107    A:0.34228    G:0.35570
position  2:    T:0.20134    C:0.16779    A:0.46980    G:0.16107
position  3:    T:0.18792    C:0.20134    A:0.30872    G:0.30201
Average         T:0.17673    C:0.17673    A:0.37360    G:0.27293

#19: Okapi          
position  1:    T:0.13423    C:0.15436    A:0.35570    G:0.35570
position  2:    T:0.19463    C:0.17450    A:0.46980    G:0.16107
position  3:    T:0.18792    C:0.20134    A:0.30201    G:0.30872
Average         T:0.17226    C:0.17673    A:0.37584    G:0.27517

#20: Giraffe        
position  1:    T:0.13423    C:0.15436    A:0.35570    G:0.35570
position  2:    T:0.19463    C:0.17450    A:0.46980    G:0.16107
position  3:    T:0.17450    C:0.21477    A:0.31544    G:0.29530
Average         T:0.16779    C:0.18121    A:0.38031    G:0.27069

#21: TibetanAntelope
position  1:    T:0.14094    C:0.15436    A:0.34899    G:0.35570
position  2:    T:0.20134    C:0.16779    A:0.46980    G:0.16107
position  3:    T:0.18792    C:0.19463    A:0.31544    G:0.30201
Average         T:0.17673    C:0.17226    A:0.37808    G:0.27293

#22: Sitatunga      
position  1:    T:0.14094    C:0.16107    A:0.34228    G:0.35570
position  2:    T:0.20134    C:0.16779    A:0.46980    G:0.16107
position  3:    T:0.20134    C:0.19463    A:0.30201    G:0.30201
Average         T:0.18121    C:0.17450    A:0.37136    G:0.27293

#23: Oribi          
position  1:    T:0.14094    C:0.15436    A:0.34228    G:0.36242
position  2:    T:0.20134    C:0.16779    A:0.46980    G:0.16107
position  3:    T:0.19463    C:0.19463    A:0.30872    G:0.30201
Average         T:0.17897    C:0.17226    A:0.37360    G:0.27517

#24: BarbarySheep   
position  1:    T:0.14094    C:0.15436    A:0.34899    G:0.35570
position  2:    T:0.20134    C:0.16779    A:0.46980    G:0.16107
position  3:    T:0.19463    C:0.19463    A:0.30201    G:0.30872
Average         T:0.17897    C:0.17226    A:0.37360    G:0.27517

#25: Daviddeer      
position  1:    T:0.14094    C:0.15436    A:0.34899    G:0.35570
position  2:    T:0.20134    C:0.16779    A:0.46980    G:0.16107
position  3:    T:0.19463    C:0.18792    A:0.29530    G:0.32215
Average         T:0.17897    C:0.17002    A:0.37136    G:0.27964

#26: Reindeer       
position  1:    T:0.14765    C:0.14094    A:0.34899    G:0.36242
position  2:    T:0.20134    C:0.16779    A:0.46980    G:0.16107
position  3:    T:0.19463    C:0.19463    A:0.28859    G:0.32215
Average         T:0.18121    C:0.16779    A:0.36913    G:0.28188

#27: Ibex           
position  1:    T:0.14094    C:0.15436    A:0.34899    G:0.35570
position  2:    T:0.20134    C:0.16779    A:0.46980    G:0.16107
position  3:    T:0.19463    C:0.19463    A:0.30201    G:0.30872
Average         T:0.17897    C:0.17226    A:0.37360    G:0.27517

#28: GyrantGazelle  
position  1:    T:0.14094    C:0.15436    A:0.35570    G:0.34899
position  2:    T:0.20134    C:0.16779    A:0.47651    G:0.15436
position  3:    T:0.19463    C:0.19463    A:0.30872    G:0.30201
Average         T:0.17897    C:0.17226    A:0.38031    G:0.26846

#29: Hartebeest     
position  1:    T:0.14094    C:0.15436    A:0.34899    G:0.35570
position  2:    T:0.20134    C:0.16779    A:0.46980    G:0.16107
position  3:    T:0.18792    C:0.20134    A:0.30201    G:0.30872
Average         T:0.17673    C:0.17450    A:0.37360    G:0.27517

#30: Bongo          
position  1:    T:0.14094    C:0.16107    A:0.34228    G:0.35570
position  2:    T:0.20134    C:0.16779    A:0.46980    G:0.16107
position  3:    T:0.19463    C:0.20134    A:0.30201    G:0.30201
Average         T:0.17897    C:0.17673    A:0.37136    G:0.27293

#31: Gerenuk        
position  1:    T:0.14094    C:0.15436    A:0.34899    G:0.35570
position  2:    T:0.20134    C:0.16779    A:0.46980    G:0.16107
position  3:    T:0.19463    C:0.19463    A:0.30201    G:0.30872
Average         T:0.17897    C:0.17226    A:0.37360    G:0.27517

#32: CommonEland    
position  1:    T:0.14094    C:0.16107    A:0.34228    G:0.35570
position  2:    T:0.20134    C:0.16779    A:0.46980    G:0.16107
position  3:    T:0.19463    C:0.20134    A:0.30201    G:0.30201
Average         T:0.17897    C:0.17673    A:0.37136    G:0.27293

#33: MuntiacusReevesi
position  1:    T:0.14094    C:0.15436    A:0.34899    G:0.35570
position  2:    T:0.20134    C:0.16779    A:0.46980    G:0.16107
position  3:    T:0.19463    C:0.19463    A:0.29530    G:0.31544
Average         T:0.17897    C:0.17226    A:0.37136    G:0.27740

#34: HarveysDuiker  
position  1:    T:0.14094    C:0.16107    A:0.34228    G:0.35570
position  2:    T:0.20134    C:0.16779    A:0.46980    G:0.16107
position  3:    T:0.20805    C:0.18121    A:0.31544    G:0.29530
Average         T:0.18345    C:0.17002    A:0.37584    G:0.27069

#35: Pronghorn      
position  1:    T:0.13423    C:0.15436    A:0.35570    G:0.35570
position  2:    T:0.21477    C:0.15436    A:0.46980    G:0.16107
position  3:    T:0.20805    C:0.18121    A:0.28859    G:0.32215
Average         T:0.18568    C:0.16331    A:0.37136    G:0.27964

#36: BlueWildebeest 
position  1:    T:0.14094    C:0.15436    A:0.34899    G:0.35570
position  2:    T:0.20134    C:0.16779    A:0.46980    G:0.16107
position  3:    T:0.18792    C:0.20134    A:0.30201    G:0.30872
Average         T:0.17673    C:0.17450    A:0.37360    G:0.27517

#37: Gemsbok        
position  1:    T:0.14094    C:0.15436    A:0.34899    G:0.35570
position  2:    T:0.20134    C:0.16779    A:0.46980    G:0.16107
position  3:    T:0.19463    C:0.19463    A:0.30201    G:0.30872
Average         T:0.17897    C:0.17226    A:0.37360    G:0.27517

#38: Yak            
position  1:    T:0.14094    C:0.15436    A:0.34899    G:0.35570
position  2:    T:0.20805    C:0.16107    A:0.46980    G:0.16107
position  3:    T:0.19463    C:0.19463    A:0.31544    G:0.29530
Average         T:0.18121    C:0.17002    A:0.37808    G:0.27069

#39: BlueSheep      
position  1:    T:0.14094    C:0.15436    A:0.34899    G:0.35570
position  2:    T:0.20134    C:0.16779    A:0.46980    G:0.16107
position  3:    T:0.20134    C:0.18792    A:0.30201    G:0.30872
Average         T:0.18121    C:0.17002    A:0.37360    G:0.27517

#40: BohorReedbuck  
position  1:    T:0.14094    C:0.15436    A:0.34899    G:0.35570
position  2:    T:0.20134    C:0.16779    A:0.46309    G:0.16779
position  3:    T:0.20134    C:0.18792    A:0.30201    G:0.30872
Average         T:0.18121    C:0.17002    A:0.37136    G:0.27740

#41: KirksDik       
position  1:    T:0.14094    C:0.14765    A:0.35570    G:0.35570
position  2:    T:0.20134    C:0.16779    A:0.46309    G:0.16779
position  3:    T:0.19463    C:0.19463    A:0.30201    G:0.30872
Average         T:0.17897    C:0.17002    A:0.37360    G:0.27740

#42: RoeDeer        
position  1:    T:0.14094    C:0.15436    A:0.34899    G:0.35570
position  2:    T:0.20134    C:0.16779    A:0.46980    G:0.16107
position  3:    T:0.19463    C:0.20134    A:0.28188    G:0.32215
Average         T:0.17897    C:0.17450    A:0.36689    G:0.27964

#43: WhiteLippedDeer
position  1:    T:0.14094    C:0.15436    A:0.34899    G:0.35570
position  2:    T:0.20134    C:0.16779    A:0.46980    G:0.16107
position  3:    T:0.19463    C:0.19463    A:0.29530    G:0.31544
Average         T:0.17897    C:0.17226    A:0.37136    G:0.27740

#44: ThomsonGazelle 
position  1:    T:0.14094    C:0.15436    A:0.34899    G:0.35570
position  2:    T:0.19463    C:0.17450    A:0.47651    G:0.15436
position  3:    T:0.19463    C:0.19463    A:0.30872    G:0.30201
Average         T:0.17673    C:0.17450    A:0.37808    G:0.27069

#45: MuntiacusCrinifrons
position  1:    T:0.14094    C:0.15436    A:0.34899    G:0.35570
position  2:    T:0.20134    C:0.16779    A:0.46309    G:0.16779
position  3:    T:0.19463    C:0.19463    A:0.29530    G:0.31544
Average         T:0.17897    C:0.17226    A:0.36913    G:0.27964

#46: WhiteTailedDeer
position  1:    T:0.14094    C:0.14765    A:0.34228    G:0.36913
position  2:    T:0.20134    C:0.16779    A:0.46980    G:0.16107
position  3:    T:0.18792    C:0.20134    A:0.29530    G:0.31544
Average         T:0.17673    C:0.17226    A:0.36913    G:0.28188

#47: Cattle         
position  1:    T:0.14094    C:0.15436    A:0.34899    G:0.35570
position  2:    T:0.20805    C:0.16107    A:0.46980    G:0.16107
position  3:    T:0.19463    C:0.19463    A:0.30872    G:0.30201
Average         T:0.18121    C:0.17002    A:0.37584    G:0.27293

#48: RoyalAntelope  
position  1:    T:0.14094    C:0.15436    A:0.34899    G:0.35570
position  2:    T:0.20134    C:0.16779    A:0.46980    G:0.16107
position  3:    T:0.19463    C:0.19463    A:0.29530    G:0.31544
Average         T:0.17897    C:0.17226    A:0.37136    G:0.27740

#49: Steenbok       
position  1:    T:0.14094    C:0.15436    A:0.35570    G:0.34899
position  2:    T:0.20134    C:0.17450    A:0.46980    G:0.15436
position  3:    T:0.20134    C:0.19463    A:0.30201    G:0.30201
Average         T:0.18121    C:0.17450    A:0.37584    G:0.26846

#50: Impala         
position  1:    T:0.14094    C:0.15436    A:0.34228    G:0.36242
position  2:    T:0.20134    C:0.16779    A:0.46980    G:0.16107
position  3:    T:0.20134    C:0.18792    A:0.30201    G:0.30872
Average         T:0.18121    C:0.17002    A:0.37136    G:0.27740

#51: Klipspringer   
position  1:    T:0.12752    C:0.16779    A:0.34899    G:0.35570
position  2:    T:0.20134    C:0.16779    A:0.46980    G:0.16107
