1
52 1
Argali 0.000000 0.196500 0.064200 0.160900 0.045500 0.000000 0.071100 0.056600 0.060700 0.101300 0.020900 0.060000 0.056800 0.067700 0.080500 0.049600 0.091300 0.075500 0.024500 0.061000 0.049400 0.020900 0.096800 0.104800 0.024300 0.067800 0.053100 0.053500 0.060600 0.057200 0.109200 0.060600 0.105400 0.045800 0.080000 0.071300 0.027900 0.067000 0.071700 0.100900 0.104100 0.089700 0.111600 0.127200 0.081600 0.072600 0.053100 0.071200 0.076100 0.094000 0.068100 0.061100
LesserMous 0.196500 0.000000 0.198300 0.201600 0.188300 0.197200 0.206400 0.180800 0.177200 0.237800 0.195100 0.183800 0.198100 0.207200 0.205900 0.181000 0.206800 0.195800 0.195000 0.186700 0.188800 0.193600 0.232000 0.237100 0.202400 0.193200 0.193700 0.186500 0.176400 0.182200 0.247700 0.208600 0.197900 0.193400 0.205500 0.201600 0.197700 0.196200 0.189700 0.223300 0.239900 0.226200 0.248500 0.244600 0.199700 0.211100 0.201200 0.201800 0.214400 0.212400 0.203800 0.178700
LesserKudu 0.064200 0.198300 0.000000 0.187500 0.049600 0.064500 0.068200 0.048800 0.031800 0.094400 0.060400 0.038600 0.068600 0.057300 0.081100 0.050000 0.076500 0.068500 0.068900 0.031900 0.049800 0.061000 0.082100 0.097900 0.064600 0.060900 0.064800 0.031900 0.057400 0.028300 0.102300 0.050200 0.075700 0.064700 0.096500 0.042300 0.068400 0.064100 0.061000 0.094000 0.089400 0.082800 0.104700 0.120100 0.052700 0.065900 0.046200 0.066800 0.080700 0.067400 0.046300 0.024700
KillerWhal 0.160900 0.201600 0.187500 0.000000 0.169000 0.161500 0.179100 0.179300 0.175000 0.226700 0.169400 0.173000 0.174700 0.175600 0.177100 0.158700 0.211400 0.205800 0.176000 0.184500 0.158200 0.174800 0.206300 0.215700 0.174800 0.170300 0.170600 0.175600 0.167100 0.179900 0.236400 0.176700 0.213300 0.170200 0.199000 0.182200 0.183100 0.176800 0.179700 0.216400 0.213600 0.202100 0.237300 0.232200 0.197300 0.188100 0.182800 0.203900 0.212800 0.201500 0.184100 0.185100
DefassaWat 0.045500 0.188300 0.049600 0.169000 0.000000 0.045600 0.060000 0.049300 0.053400 0.086100 0.045400 0.052700 0.045900 0.056600 0.072800 0.042300 0.084100 0.068500 0.042400 0.053600 0.035000 0.045800 0.089300 0.105200 0.049400 0.053100 0.042200 0.046200 0.053300 0.049800 0.093800 0.042300 0.097700 0.042200 0.076300 0.056600 0.053000 0.026800 0.056900 0.101300 0.096600 0.074700 0.104100 0.127500 0.066900 0.061400 0.042200 0.071200 0.072300 0.089900 0.060700 0.053800
Sheep 0.000000 0.197200 0.064500 0.161500 0.045600 0.000000 0.071400 0.056900 0.060900 0.101700 0.021000 0.060200 0.057000 0.067900 0.080800 0.049800 0.091800 0.076000 0.024600 0.061200 0.049600 0.020900 0.097200 0.105300 0.024400 0.068000 0.053400 0.053700 0.060800 0.057400 0.109700 0.060900 0.105700 0.046000 0.080400 0.071600 0.028000 0.067300 0.072000 0.101400 0.104500 0.090100 0.112000 0.127700 0.081900 0.072900 0.053300 0.068500 0.076400 0.094300 0.068300 0.061400
MaxwellsDu 0.071100 0.206400 0.068200 0.179100 0.060000 0.071400 0.000000 0.060600 0.064600 0.113900 0.056400 0.063800 0.056900 0.045700 0.076800 0.053200 0.088100 0.087600 0.068300 0.064900 0.060200 0.056900 0.101400 0.109500 0.060400 0.071300 0.053200 0.064800 0.067900 0.053600 0.125200 0.038800 0.101700 0.060500 0.080200 0.075200 0.064200 0.067200 0.075300 0.082000 0.108600 0.093300 0.116100 0.132100 0.085600 0.080100 0.067600 0.067500 0.087400 0.094000 0.072100 0.065100
GazellaPrz 0.056600 0.180800 0.048800 0.179300 0.049300 0.056900 0.060600 0.000000 0.050100 0.094500 0.053200 0.056900 0.053800 0.064600 0.069700 0.031800 0.088400 0.079700 0.061300 0.050400 0.038800 0.053800 0.094100 0.094200 0.057400 0.049700 0.050200 0.050300 0.041500 0.046600 0.102500 0.057500 0.087100 0.050100 0.077500 0.068200 0.061200 0.064000 0.053600 0.098200 0.101400 0.071400 0.104900 0.124600 0.078600 0.069600 0.046100 0.071000 0.072600 0.082700 0.065000 0.050500
MountainNy 0.060700 0.177200 0.031800 0.175000 0.053400 0.060900 0.064600 0.050100 0.000000 0.090800 0.056700 0.028000 0.065000 0.061100 0.069700 0.046400 0.065400 0.057500 0.065300 0.014100 0.046300 0.057400 0.086400 0.094300 0.061000 0.057300 0.061200 0.014100 0.053800 0.010500 0.098700 0.054000 0.072200 0.061100 0.085000 0.038900 0.064800 0.060500 0.057400 0.082700 0.093700 0.079200 0.101100 0.108600 0.049200 0.062200 0.049900 0.064200 0.077100 0.059900 0.028300 0.013800
MuntiacusM 0.101300 0.237800 0.094400 0.226700 0.086100 0.101700 0.113900 0.094500 0.090800 0.000000 0.097400 0.089700 0.106400 0.102500 0.104000 0.086600 0.094800 0.086500 0.098900 0.087100 0.086300 0.090300 0.039800 0.054800 0.102100 0.097800 0.102500 0.091100 0.102300 0.087200 0.017800 0.095000 0.115600 0.104000 0.132600 0.093900 0.106000 0.109300 0.110400 0.050900 0.047000 0.120000 0.028300 0.080300 0.104500 0.104300 0.093800 0.101400 0.119700 0.108400 0.106500 0.091600
goat 0.020900 0.195100 0.060400 0.169400 0.045400 0.021000 0.056400 0.053200 0.056700 0.097400 0.000000 0.056100 0.042000 0.053000 0.064000 0.045500 0.087400 0.079200 0.024800 0.056900 0.045400 0.007000 0.092800 0.100800 0.003500 0.064200 0.038500 0.049400 0.059800 0.053100 0.105300 0.045900 0.101600 0.045800 0.072700 0.067500 0.014000 0.067300 0.068100 0.097100 0.100100 0.086200 0.107700 0.123400 0.078000 0.065200 0.049100 0.059200 0.076300 0.090200 0.064000 0.057200
AfricanBuf 0.060000 0.183800 0.038600 0.173000 0.052700 0.060200 0.063800 0.056900 0.028000 0.089700 0.056100 0.000000 0.064200 0.053100 0.069000 0.045900 0.064700 0.056900 0.064500 0.028100 0.045700 0.056800 0.085300 0.093200 0.060300 0.056600 0.060500 0.028100 0.060500 0.024500 0.097500 0.053400 0.063900 0.060400 0.091700 0.031300 0.064100 0.059900 0.056800 0.081700 0.092500 0.078300 0.099900 0.107300 0.041600 0.061500 0.049400 0.063400 0.083800 0.066800 0.042300 0.028200
Topi 0.056800 0.198100 0.068600 0.174700 0.045900 0.057000 0.056900 0.053800 0.065000 0.106400 0.042000 0.064200 0.000000 0.060900 0.069500 0.046400 0.096100 0.087900 0.053900 0.065300 0.038900 0.042600 0.101800 0.110100 0.038900 0.064600 0.003500 0.057700 0.061100 0.061400 0.114500 0.053800 0.110200 0.010400 0.065400 0.075700 0.049800 0.067600 0.061100 0.106000 0.109200 0.079100 0.116800 0.132700 0.086100 0.073300 0.060900 0.060200 0.084500 0.102300 0.072500 0.065500
CommonDuik 0.067700 0.207200 0.057300 0.175600 0.056600 0.067900 0.045700 0.064600 0.061100 0.102500 0.053000 0.053100 0.060900 0.000000 0.081000 0.057100 0.084700 0.076600 0.064900 0.061400 0.056900 0.053400 0.090100 0.106000 0.057000 0.075400 0.057200 0.061300 0.071900 0.057600 0.118500 0.021000 0.083100 0.064500 0.092200 0.057000 0.060700 0.063800 0.064500 0.094400 0.089600 0.097500 0.120800 0.128500 0.067300 0.076700 0.064200 0.071600 0.087700 0.083000 0.068600 0.061600
Suni 0.080500 0.205900 0.081100 0.177100 0.072800 0.080800 0.076800 0.069700 0.069700 0.104000 0.064000 0.069000 0.069500 0.081000 0.000000 0.058300 0.101500 0.093100 0.077800 0.077800 0.065600 0.062000 0.099400 0.111600 0.068800 0.077000 0.065800 0.077700 0.073300 0.073800 0.112300 0.073800 0.115500 0.073200 0.097900 0.088400 0.077200 0.080200 0.081200 0.103600 0.106800 0.098800 0.114600 0.134500 0.099000 0.090400 0.075900 0.064700 0.097800 0.111500 0.085200 0.078000
Springbuck 0.049600 0.181000 0.050000 0.158700 0.042300 0.049800 0.053200 0.031800 0.046400 0.086600 0.045500 0.045900 0.046400 0.057100 0.058300 0.000000 0.076400 0.060800 0.054000 0.039300 0.028000 0.046300 0.082200 0.090100 0.049900 0.024500 0.042700 0.039200 0.021000 0.042900 0.094500 0.050000 0.090900 0.042600 0.073400 0.057100 0.053600 0.056700 0.039000 0.086200 0.089400 0.045800 0.097100 0.112200 0.067400 0.061900 0.035200 0.056500 0.072900 0.086400 0.053800 0.046800
Okapi 0.091300 0.206800 0.076500 0.211400 0.084100 0.091800 0.088100 0.088400 0.065400 0.094800 0.087400 0.064700 0.096100 0.084700 0.101500 0.076400 0.000000 0.034900 0.093000 0.065600 0.076300 0.080400 0.098200 0.106200 0.092000 0.080000 0.092300 0.065600 0.088300 0.061700 0.110700 0.085100 0.079000 0.093700 0.125800 0.076200 0.088300 0.099300 0.100200 0.094500 0.105500 0.101700 0.105100 0.120600 0.086900 0.094000 0.076300 0.095700 0.112800 0.074900 0.080400 0.065800
Giraffe 0.075500 0.195800 0.068500 0.205800 0.068500 0.076000 0.087600 0.079700 0.057500 0.086500 0.079200 0.056900 0.087900 0.076600 0.093100 0.060800 0.034900 0.000000 0.077000 0.050000 0.068300 0.072400 0.089900 0.097800 0.083900 0.071900 0.084100 0.050000 0.080100 0.053800 0.102200 0.076900 0.067300 0.085500 0.117000 0.068300 0.080200 0.083400 0.088100 0.086200 0.097100 0.093500 0.104600 0.111900 0.078800 0.089600 0.068300 0.087400 0.100300 0.074500 0.064700 0.057900
TibetanAnt 0.024500 0.195000 0.068900 0.176000 0.042400 0.024600 0.068300 0.061300 0.065300 0.098900 0.024800 0.064500 0.053900 0.064900 0.077800 0.054000 0.093000 0.077000 0.000000 0.065600 0.053800 0.024700 0.102300 0.110500 0.028200 0.072500 0.050200 0.058000 0.065200 0.061700 0.106900 0.050300 0.106900 0.057500 0.077300 0.076000 0.031800 0.071700 0.076600 0.106600 0.109700 0.094800 0.117300 0.133400 0.086500 0.077500 0.057500 0.068400 0.081000 0.099300 0.072900 0.065800
Sitatunga 0.061000 0.186700 0.031900 0.184500 0.053600 0.061200 0.064900 0.050400 0.014100 0.087100 0.056900 0.028100 0.065300 0.061400 0.077800 0.039300 0.065600 0.050000 0.065600 0.000000 0.046500 0.057700 0.082700 0.090700 0.061300 0.057600 0.061500 0.007000 0.054000 0.010600 0.095000 0.054300 0.072400 0.061400 0.093300 0.039000 0.065100 0.068300 0.061500 0.079000 0.090000 0.079600 0.097500 0.104900 0.049400 0.062500 0.050100 0.061700 0.077500 0.060000 0.021200 0.014200
Oribi 0.049400 0.188800 0.049800 0.158200 0.035000 0.049600 0.060200 0.038800 0.046300 0.086300 0.045400 0.045700 0.038900 0.056900 0.065600 0.028000 0.076300 0.068300 0.053800 0.046500 0.000000 0.046200 0.089600 0.097600 0.049700 0.038700 0.035300 0.039100 0.042400 0.042700 0.094100 0.049800 0.090500 0.035200 0.073100 0.049600 0.053400 0.056600 0.049700 0.093700 0.096900 0.060100 0.096600 0.119800 0.059900 0.061600 0.035100 0.056300 0.080100 0.078600 0.053600 0.046600
BarbaryShe 0.020900 0.193600 0.061000 0.174800 0.045800 0.020900 0.056900 0.053800 0.057400 0.090300 0.007000 0.056800 0.042600 0.053400 0.062000 0.046300 0.080400 0.072400 0.024700 0.057700 0.046200 0.000000 0.085900 0.093800 0.010400 0.064600 0.039000 0.050200 0.061100 0.053900 0.098200 0.046400 0.094500 0.046100 0.073100 0.068100 0.013900 0.067600 0.068600 0.090000 0.093200 0.086600 0.100700 0.116100 0.078500 0.065600 0.049800 0.060300 0.076700 0.083200 0.064900 0.057900
Daviddeer 0.096800 0.232000 0.082100 0.206300 0.089300 0.097200 0.101400 0.094100 0.086400 0.039800 0.092800 0.085300 0.101800 0.090100 0.099400 0.082200 0.098200 0.089900 0.102300 0.082700 0.089600 0.085900 0.000000 0.039700 0.097500 0.101000 0.098000 0.086600 0.097700 0.082700 0.047300 0.082700 0.119000 0.099600 0.131900 0.081700 0.101400 0.104600 0.097800 0.039600 0.014100 0.123100 0.050300 0.060800 0.092200 0.111700 0.092000 0.096800 0.115000 0.103900 0.101900 0.087100
Reindeer 0.104800 0.237100 0.097900 0.215700 0.105200 0.105300 0.109500 0.094200 0.094300 0.054800 0.100800 0.093200 0.110100 0.106000 0.111600 0.090100 0.106200 0.097800 0.110500 0.090700 0.097600 0.093800 0.039700 0.000000 0.105600 0.109100 0.106100 0.094600 0.105800 0.090700 0.062400 0.098700 0.127300 0.107700 0.140600 0.105200 0.109600 0.120700 0.114100 0.050900 0.046900 0.132200 0.065300 0.035700 0.115800 0.120000 0.108200 0.108900 0.127500 0.112100 0.110100 0.095100
Ibex 0.024300 0.202400 0.064600 0.174800 0.049400 0.024400 0.060400 0.057400 0.061000 0.102100 0.003500 0.060300 0.038900 0.057000 0.068800 0.049900 0.092000 0.083900 0.028200 0.061300 0.049700 0.010400 0.097500 0.105600 0.000000 0.068200 0.042500 0.053800 0.064300 0.057500 0.110100 0.049900 0.106000 0.049700 0.076800 0.071700 0.017400 0.071200 0.072200 0.101700 0.104800 0.090200 0.112400 0.128200 0.082100 0.069300 0.053400 0.064100 0.080400 0.094700 0.068500 0.061500
GyrantGaze 0.067800 0.193200 0.060900 0.170300 0.053100 0.068000 0.071300 0.049700 0.057300 0.097800 0.064200 0.056600 0.064600 0.075400 0.077000 0.024500 0.080000 0.071900 0.072500 0.057600 0.038700 0.064600 0.101000 0.109100 0.068200 0.000000 0.060900 0.057500 0.038800 0.053800 0.105700 0.068300 0.101700 0.060800 0.092300 0.067900 0.064500 0.067600 0.060700 0.105300 0.108300 0.027700 0.108000 0.131700 0.070800 0.073000 0.038700 0.075300 0.091700 0.097500 0.072200 0.057700
Hartebeest 0.053100 0.193700 0.064800 0.170600 0.042200 0.053400 0.053200 0.050200 0.061200 0.102500 0.038500 0.060500 0.003500 0.057200 0.065800 0.042700 0.092300 0.084100 0.050200 0.061500 0.035300 0.039000 0.098000 0.106100 0.042500 0.060900 0.000000 0.054000 0.057400 0.057700 0.110600 0.050100 0.106300 0.006900 0.061700 0.072000 0.046200 0.063900 0.057400 0.102100 0.105300 0.075300 0.112900 0.128700 0.082400 0.069500 0.057200 0.056500 0.080600 0.098400 0.068700 0.061700
Bongo 0.053500 0.186500 0.031900 0.175600 0.046200 0.053700 0.064800 0.050300 0.014100 0.091100 0.049400 0.028100 0.057700 0.061300 0.077700 0.039200 0.065600 0.050000 0.058000 0.007000 0.039100 0.050200 0.086600 0.094600 0.053800 0.057500 0.054000 0.000000 0.053900 0.010600 0.099000 0.054200 0.072400 0.053900 0.085300 0.039000 0.057500 0.068100 0.061400 0.083000 0.094000 0.079400 0.101400 0.108900 0.049300 0.062400 0.050100 0.064300 0.077300 0.060100 0.014100 0.014200
Gerenuk 0.060600 0.176400 0.057400 0.167100 0.053300 0.060800 0.067900 0.041500 0.053800 0.102300 0.059800 0.060500 0.061100 0.071900 0.073300 0.021000 0.088300 0.080100 0.065200 0.054000 0.042400 0.061100 0.097700 0.105800 0.064300 0.038800 0.057400 0.053900 0.000000 0.050200 0.110300 0.064800 0.090800 0.057300 0.088800 0.071900 0.068500 0.067800 0.057200 0.101800 0.097200 0.053000 0.104800 0.120000 0.082300 0.069400 0.049600 0.068800 0.069000 0.101900 0.068600 0.054100
CommonElan 0.057200 0.182200 0.028300 0.179900 0.049800 0.057400 0.053600 0.046600 0.010500 0.087200 0.053100 0.024500 0.061400 0.057600 0.073800 0.042900 0.061700 0.053800 0.061700 0.010600 0.042700 0.053900 0.082700 0.090700 0.057500 0.053800 0.057700 0.010600 0.050200 0.000000 0.095000 0.050400 0.068600 0.057600 0.089200 0.035300 0.061200 0.057000 0.061300 0.079100 0.090100 0.075600 0.097500 0.104900 0.045700 0.058600 0.046400 0.060500 0.069700 0.056300 0.024800 0.010600
MuntiacusR 0.109200 0.247700 0.102300 0.236400 0.093800 0.109700 0.125200 0.102500 0.098700 0.017800 0.105300 0.097500 0.114500 0.118500 0.112300 0.094500 0.110700 0.102200 0.106900 0.095000 0.094100 0.098200 0.047300 0.062400 0.110100 0.105700 0.110600 0.099000 0.110300 0.095000 0.000000 0.103000 0.131800 0.112100 0.141000 0.101800 0.114100 0.109400 0.118500 0.058600 0.054500 0.128000 0.024800 0.088300 0.112400 0.112400 0.104600 0.101100 0.128000 0.124600 0.114600 0.099500
HarveysDui 0.060600 0.208600 0.050200 0.176700 0.042300 0.060900 0.038800 0.057500 0.054000 0.095000 0.045900 0.053400 0.053800 0.021000 0.073800 0.050000 0.085100 0.076900 0.050300 0.054300 0.049800 0.046400 0.082700 0.098700 0.049900 0.068300 0.050100 0.054200 0.064800 0.050400 0.103000 0.000000 0.098900 0.057400 0.085000 0.049900 0.053600 0.064100 0.064800 0.086900 0.090000 0.090400 0.113400 0.121100 0.060300 0.069400 0.057100 0.064400 0.080600 0.083300 0.061500 0.054400
Pronghorn 0.105400 0.197900 0.075700 0.213300 0.097700 0.105700 0.101700 0.087100 0.072200 0.115600 0.101600 0.063900 0.110200 0.083100 0.115500 0.090900 0.079000 0.067300 0.106900 0.072400 0.090500 0.094500 0.119000 0.127300 0.106000 0.101700 0.106300 0.072400 0.090800 0.068600 0.131800 0.098900 0.000000 0.106100 0.131700 0.082900 0.109800 0.105100 0.106300 0.107000 0.118300 0.123700 0.134000 0.142200 0.093300 0.104000 0.098200 0.096900 0.115200 0.087400 0.087300 0.072700
BlueWildeb 0.045800 0.193400 0.064700 0.170200 0.042200 0.046000 0.060500 0.050100 0.061100 0.104000 0.045800 0.060400 0.010400 0.064500 0.073200 0.042600 0.093700 0.085500 0.057500 0.061400 0.035200 0.046100 0.099600 0.107700 0.049700 0.060800 0.006900 0.053900 0.057300 0.057600 0.112100 0.057400 0.106100 0.000000 0.069100 0.071800 0.053400 0.063800 0.057300 0.103500 0.106800 0.075200 0.114400 0.130200 0.082200 0.069400 0.057100 0.064000 0.080500 0.095300 0.068600 0.061600
Gemsbok 0.080000 0.205500 0.096500 0.199000 0.076300 0.080400 0.080200 0.077500 0.085000 0.132600 0.072700 0.091700 0.065400 0.092200 0.097900 0.073400 0.125800 0.117000 0.077300 0.093300 0.073100 0.073100 0.131900 0.140600 0.076800 0.092300 0.061700 0.085300 0.088800 0.089200 0.141000 0.085000 0.131700 0.069100 0.000000 0.096000 0.080700 0.099000 0.088700 0.127900 0.139300 0.115200 0.143000 0.164200 0.106600 0.105900 0.088400 0.088200 0.109300 0.132000 0.100700 0.093600
Yak 0.071300 0.201600 0.042300 0.182200 0.056600 0.071600 0.075200 0.068200 0.038900 0.093900 0.067500 0.031300 0.075700 0.057000 0.088400 0.057100 0.076200 0.068300 0.076000 0.039000 0.049600 0.068100 0.081700 0.105200 0.071700 0.067900 0.072000 0.039000 0.071900 0.035300 0.101800 0.049900 0.082900 0.071800 0.096000 0.000000 0.075500 0.071100 0.068100 0.093500 0.088900 0.089900 0.104100 0.119600 0.024000 0.073100 0.053200 0.075000 0.095700 0.070800 0.049800 0.039100
BlueSheep 0.027900 0.197700 0.068400 0.183100 0.053000 0.028000 0.064200 0.061200 0.064800 0.106000 0.014000 0.064100 0.049800 0.060700 0.077200 0.053600 0.088300 0.080200 0.031800 0.065100 0.053400 0.013900 0.101400 0.109600 0.017400 0.064500 0.046200 0.057500 0.068500 0.061200 0.114100 0.053600 0.109800 0.053400 0.080700 0.075500 0.000000 0.074900 0.076000 0.105600 0.108700 0.086600 0.116300 0.132200 0.085800 0.073200 0.049800 0.064900 0.084300 0.098500 0.072200 0.065300
BohorReedb 0.067000 0.196200 0.064100 0.176800 0.026800 0.067300 0.067200 0.064000 0.060500 0.109300 0.067300 0.059900 0.067600 0.063800 0.080200 0.056700 0.099300 0.083400 0.071700 0.068300 0.056600 0.067600 0.104600 0.120700 0.071200 0.067600 0.063900 0.068100 0.067800 0.057000 0.109400 0.064100 0.105100 0.063800 0.099000 0.071100 0.074900 0.000000 0.064100 0.116700 0.111800 0.089500 0.111700 0.143400 0.081400 0.076300 0.056500 0.086200 0.083400 0.105100 0.082900 0.068400
KirksDik 0.071700 0.189700 0.061000 0.179700 0.056900 0.072000 0.075300 0.053600 0.057400 0.110400 0.068100 0.056800 0.061100 0.064500 0.081200 0.039000 0.100200 0.088100 0.076600 0.061500 0.049700 0.068600 0.097800 0.114100 0.072200 0.060700 0.057400 0.061400 0.057200 0.061300 0.118500 0.064800 0.106300 0.057300 0.088700 0.068100 0.076000 0.064100 0.000000 0.110000 0.105100 0.075000 0.120800 0.136900 0.078500 0.080600 0.042300 0.075300 0.095900 0.106000 0.076200 0.065400
RoeDeer 0.100900 0.223300 0.094000 0.216400 0.101300 0.101400 0.082000 0.098200 0.082700 0.050900 0.097100 0.081700 0.106000 0.094400 0.103600 0.086200 0.094500 0.086200 0.106600 0.079000 0.093700 0.090000 0.039600 0.050900 0.101700 0.105300 0.102100 0.083000 0.101800 0.079100 0.058600 0.086900 0.107000 0.103500 0.127900 0.093500 0.105600 0.116700 0.110000 0.000000 0.046800 0.127500 0.061400 0.064600 0.104100 0.116000 0.104200 0.093000 0.119200 0.107900 0.090400 0.083400
WhiteLippe 0.104100 0.239900 0.089400 0.213600 0.096600 0.104500 0.108600 0.101400 0.093700 0.047000 0.100100 0.092500 0.109200 0.089600 0.106800 0.089400 0.105500 0.097100 0.109700 0.090000 0.096900 0.093200 0.014100 0.046900 0.104800 0.108300 0.105300 0.094000 0.097200 0.090100 0.054500 0.090000 0.118300 0.106800 0.139300 0.088900 0.108700 0.111800 0.105100 0.046800 0.000000 0.122400 0.050000 0.060400 0.099400 0.119200 0.099300 0.104300 0.122400 0.111200 0.109300 0.094500
ThomsonGaz 0.089700 0.226200 0.082800 0.202100 0.074700 0.090100 0.093300 0.071400 0.079200 0.120000 0.086200 0.078300 0.079100 0.097500 0.098800 0.045800 0.101700 0.093500 0.094800 0.079600 0.060100 0.086600 0.123100 0.132200 0.090200 0.027700 0.075300 0.079400 0.053000 0.075600 0.128000 0.090400 0.123700 0.075200 0.115200 0.089900 0.086600 0.089500 0.075000 0.127500 0.122400 0.000000 0.122100 0.146900 0.092700 0.095000 0.060100 0.097700 0.114300 0.119600 0.094400 0.079800
MuntiacusC 0.111600 0.248500 0.104700 0.237300 0.104100 0.112000 0.116100 0.104900 0.101100 0.028300 0.107700 0.099900 0.116800 0.120800 0.114600 0.097100 0.105100 0.104600 0.117300 0.097500 0.096600 0.100700 0.050300 0.065300 0.112400 0.108000 0.112900 0.101400 0.104800 0.097500 0.024800 0.113400 0.134000 0.114400 0.143000 0.104100 0.116300 0.111700 0.120800 0.061400 0.050000 0.122100 0.000000 0.083100 0.114600 0.114800 0.107100 0.111800 0.130200 0.118800 0.116800 0.102000
WhiteTaile 0.127200 0.244600 0.120100 0.232200 0.127500 0.127700 0.132100 0.124600 0.108600 0.080300 0.123400 0.107300 0.132700 0.128500 0.134500 0.112200 0.120600 0.111900 0.133400 0.104900 0.119800 0.116100 0.060800 0.035700 0.128200 0.131700 0.128700 0.108900 0.120000 0.104900 0.088300 0.121100 0.142200 0.130200 0.164200 0.119600 0.132200 0.143400 0.136900 0.064600 0.060400 0.146900 0.083100 0.000000 0.130200 0.143300 0.126800 0.131700 0.142400 0.126700 0.124600 0.109500
Cattle 0.081600 0.199700 0.052700 0.197300 0.066900 0.081900 0.085600 0.078600 0.049200 0.104500 0.078000 0.041600 0.086100 0.067300 0.099000 0.067400 0.086900 0.078800 0.086500 0.049400 0.059900 0.078500 0.092200 0.115800 0.082100 0.070800 0.082400 0.049300 0.082300 0.045700 0.112400 0.060300 0.093300 0.082200 0.106600 0.024000 0.085800 0.081400 0.078500 0.104100 0.099400 0.092700 0.114600 0.130200 0.000000 0.083600 0.063500 0.082100 0.106200 0.081400 0.063800 0.042300
RoyalAntel 0.072600 0.211100 0.065900 0.188100 0.061400 0.072900 0.080100 0.069600 0.062200 0.104300 0.065200 0.061500 0.073300 0.076700 0.090400 0.061900 0.094000 0.089600 0.077500 0.062500 0.061600 0.065600 0.111700 0.120000 0.069300 0.073000 0.069500 0.062400 0.069400 0.058600 0.112400 0.069400 0.104000 0.069400 0.105900 0.073100 0.073200 0.076300 0.080600 0.116000 0.119200 0.095000 0.114800 0.143300 0.083600 0.000000 0.065200 0.072600 0.077300 0.100000 0.077500 0.062700
Steenbok 0.053100 0.201200 0.046200 0.182800 0.042200 0.053300 0.067600 0.046100 0.049900 0.093800 0.049100 0.049400 0.060900 0.064200 0.075900 0.035200 0.076300 0.068300 0.057500 0.050100 0.035100 0.049800 0.092000 0.108200 0.053400 0.038700 0.057200 0.050100 0.049600 0.046400 0.104600 0.057100 0.098200 0.057100 0.088400 0.053200 0.049800 0.056500 0.042300 0.104200 0.099300 0.060100 0.107100 0.126800 0.063500 0.065200 0.000000 0.067200 0.087800 0.086500 0.064700 0.050300
Impala 0.071200 0.201800 0.066800 0.203900 0.071200 0.068500 0.067500 0.071000 0.064200 0.101400 0.059200 0.063400 0.060200 0.071600 0.064700 0.056500 0.095700 0.087400 0.068400 0.061700 0.056300 0.060300 0.096800 0.108900 0.064100 0.075300 0.056500 0.064300 0.068800 0.060500 0.101100 0.064400 0.096900 0.064000 0.088200 0.075000 0.064900 0.086200 0.075300 0.093000 0.104300 0.097700 0.111800 0.131700 0.082100 0.072600 0.067200 0.000000 0.076400 0.104000 0.078300 0.061200
Klipspring 0.076100 0.214400 0.080700 0.212800 0.072300 0.076400 0.087400 0.072600 0.077100 0.119700 0.076300 0.083800 0.084500 0.087700 0.097800 0.072900 0.112800 0.100300 0.081000 0.077500 0.080100 0.076700 0.115000 0.127500 0.080400 0.091700 0.080600 0.077300 0.069000 0.069700 0.128000 0.080600 0.115200 0.080500 0.109300 0.095700 0.084300 0.083400 0.095900 0.119200 0.122400 0.114300 0.130200 0.142400 0.106200 0.077300 0.087800 0.076400 0.000000 0.123400 0.092500 0.077700
ForestMusk 0.094000 0.212400 0.067400 0.201500 0.089900 0.094300 0.094000 0.082700 0.059900 0.108400 0.090200 0.066800 0.102300 0.083000 0.111500 0.086400 0.074900 0.074500 0.099300 0.060000 0.078600 0.083200 0.103900 0.112100 0.094700 0.097500 0.098400 0.060100 0.101900 0.056300 0.124600 0.083300 0.087400 0.095300 0.132000 0.070800 0.098500 0.105100 0.106000 0.107900 0.111200 0.119600 0.118800 0.126700 0.081400 0.100000 0.086500 0.104000 0.123400 0.000000 0.075000 0.060300
Bushbuck 0.068100 0.203800 0.046300 0.184100 0.060700 0.068300 0.072100 0.065000 0.028300 0.106500 0.064000 0.042300 0.072500 0.068600 0.085200 0.053800 0.080400 0.064700 0.072900 0.021200 0.053600 0.064900 0.101900 0.110100 0.068500 0.072200 0.068700 0.014100 0.068600 0.024800 0.114600 0.061500 0.087300 0.068600 0.100700 0.049800 0.072200 0.082900 0.076200 0.090400 0.109300 0.094400 0.116800 0.124600 0.063800 0.077500 0.064700 0.078300 0.092500 0.075000 0.000000 0.028500
GreaterKud 0.061100 0.178700 0.024700 0.185100 0.053800 0.061400 0.065100 0.050500 0.013800 0.091600 0.057200 0.028200 0.065500 0.061600 0.078000 0.046800 0.065800 0.057900 0.065800 0.014200 0.046600 0.057900 0.087100 0.095100 0.061500 0.057700 0.061700 0.014200 0.054100 0.010600 0.099500 0.054400 0.072700 0.061600 0.093600 0.039100 0.065300 0.068400 0.065400 0.083400 0.094500 0.079800 0.102000 0.109500 0.042300 0.062700 0.050300 0.061200 0.077700 0.060300 0.028500 0.000000
