1
52 1
Argali 0.000000 0.159900 0.054500 0.169900 0.025600 0.002100 0.032100 0.027900 0.056200 0.043400 0.002100 0.048000 0.023300 0.023400 0.023500 0.032100 0.041700 0.045900 0.012600 0.062300 0.025600 0.012500 0.043600 0.041300 0.004100 0.025600 0.016900 0.062000 0.025600 0.052800 0.041300 0.030100 0.057700 0.014700 0.016900 0.045400 0.002100 0.023400 0.041000 0.041500 0.043500 0.028600 0.041300 0.048100 0.049900 0.038900 0.034300 0.025700 0.029800 0.041300 0.057500 0.055200
LesserMous 0.159900 0.000000 0.161700 0.151800 0.156600 0.157200 0.162100 0.148600 0.157800 0.154800 0.156800 0.158600 0.165600 0.154000 0.165500 0.145100 0.134500 0.138500 0.151800 0.166700 0.145900 0.160100 0.155700 0.144600 0.159200 0.140300 0.168100 0.160300 0.151300 0.157400 0.152500 0.154400 0.160100 0.163100 0.160000 0.156100 0.156800 0.148300 0.160600 0.148000 0.155500 0.153600 0.152300 0.152400 0.161600 0.159800 0.156500 0.160300 0.156200 0.150000 0.160800 0.150600
LesserKudu 0.054500 0.161700 0.000000 0.154200 0.049900 0.052300 0.056700 0.041000 0.012700 0.050100 0.052200 0.025600 0.059300 0.047600 0.052400 0.047500 0.039300 0.043500 0.047800 0.019200 0.041000 0.059100 0.050400 0.043500 0.054300 0.045400 0.056900 0.019100 0.045300 0.012700 0.048000 0.050100 0.067000 0.054700 0.050100 0.021200 0.052200 0.043100 0.052200 0.043700 0.050300 0.047500 0.047900 0.050200 0.025500 0.059200 0.054400 0.043200 0.049800 0.048100 0.014900 0.012700
KillerWhal 0.169900 0.151800 0.154200 0.000000 0.166300 0.167300 0.175500 0.161100 0.156000 0.160200 0.166800 0.162800 0.178800 0.163900 0.167200 0.158400 0.145800 0.141800 0.161700 0.170600 0.155900 0.169300 0.155400 0.150000 0.169200 0.152700 0.178400 0.158700 0.162000 0.162200 0.157900 0.170300 0.165200 0.176100 0.161300 0.159500 0.166800 0.157900 0.177900 0.153300 0.160600 0.158300 0.157700 0.155000 0.165300 0.178000 0.166800 0.168200 0.171900 0.164400 0.159100 0.162800
DefassaWat 0.025600 0.156600 0.049900 0.166300 0.000000 0.023400 0.027700 0.023400 0.050400 0.043400 0.023400 0.047800 0.034400 0.019100 0.027800 0.027700 0.037100 0.041400 0.018000 0.057500 0.021200 0.029900 0.043600 0.041400 0.025500 0.016900 0.032200 0.057300 0.021200 0.050300 0.041300 0.025600 0.057700 0.030000 0.027900 0.045300 0.023400 0.008400 0.034300 0.041500 0.043700 0.023300 0.041300 0.048100 0.049800 0.036600 0.029900 0.025600 0.021100 0.037100 0.052800 0.050500
Sheep 0.002100 0.157200 0.052300 0.167300 0.023400 0.000000 0.030000 0.025700 0.053900 0.041200 0.000000 0.045800 0.021200 0.021300 0.021400 0.029900 0.039500 0.043700 0.010500 0.060000 0.023500 0.010500 0.041400 0.039200 0.002100 0.023400 0.014700 0.059800 0.023500 0.050500 0.039100 0.027900 0.055500 0.012600 0.014800 0.043200 0.000000 0.021300 0.038800 0.039300 0.041300 0.026500 0.039100 0.045900 0.047700 0.036700 0.032200 0.023500 0.027700 0.039100 0.055200 0.053000
MaxwellsDu 0.032100 0.162100 0.056700 0.175500 0.027700 0.030000 0.000000 0.025600 0.057300 0.050200 0.029900 0.050200 0.036700 0.012600 0.034500 0.029900 0.037200 0.048200 0.025600 0.064500 0.023400 0.036600 0.050400 0.048100 0.032100 0.023400 0.038800 0.064200 0.019100 0.057200 0.048000 0.019200 0.062500 0.036700 0.034500 0.047600 0.029900 0.025500 0.038700 0.048300 0.050300 0.025500 0.048000 0.054900 0.052100 0.043300 0.032100 0.032200 0.032000 0.043600 0.059700 0.055100
GazellaPrz 0.027900 0.148600 0.041000 0.161100 0.023400 0.025700 0.025600 0.000000 0.048200 0.041300 0.025600 0.041200 0.032400 0.017000 0.025800 0.021200 0.035000 0.039200 0.021400 0.055300 0.010600 0.032300 0.041500 0.039200 0.027800 0.014800 0.030100 0.055100 0.014800 0.048200 0.039100 0.021400 0.057800 0.027900 0.023600 0.038700 0.025600 0.017000 0.027800 0.039400 0.041400 0.016900 0.039100 0.045900 0.043200 0.034500 0.023400 0.021300 0.021200 0.038300 0.050600 0.048300
MountainNy 0.056200 0.157800 0.012700 0.156000 0.050400 0.053900 0.057300 0.048200 0.000000 0.050600 0.053800 0.028100 0.064600 0.048100 0.057600 0.048000 0.039700 0.039400 0.049300 0.015000 0.045900 0.060800 0.050900 0.044000 0.056100 0.045800 0.062100 0.010700 0.045900 0.008500 0.048500 0.055300 0.060600 0.059900 0.055300 0.025700 0.053800 0.043600 0.061900 0.044200 0.050800 0.039000 0.048500 0.050800 0.030100 0.064500 0.059500 0.048200 0.054800 0.049400 0.006400 0.008500
MuntiacusM 0.043400 0.154800 0.050100 0.160200 0.043400 0.041200 0.050200 0.041300 0.050600 0.000000 0.041100 0.048100 0.052600 0.036700 0.050400 0.041000 0.023900 0.032500 0.036800 0.057700 0.039000 0.038900 0.012800 0.014900 0.043300 0.038900 0.050200 0.057500 0.034500 0.048300 0.006300 0.048200 0.053200 0.048100 0.043600 0.045500 0.041100 0.036700 0.059600 0.015000 0.012800 0.038800 0.004200 0.021400 0.050100 0.059500 0.047900 0.045800 0.047800 0.037000 0.053000 0.050900
goat 0.002100 0.156800 0.052200 0.166800 0.023400 0.000000 0.029900 0.025600 0.053800 0.041100 0.000000 0.045700 0.021200 0.021200 0.021300 0.029900 0.039400 0.043600 0.010500 0.059900 0.023400 0.010400 0.041300 0.039100 0.002100 0.023400 0.014700 0.059600 0.023400 0.050400 0.039000 0.027900 0.055300 0.012600 0.014800 0.043100 0.000000 0.021200 0.038700 0.039200 0.041200 0.026500 0.039000 0.045700 0.047500 0.036600 0.032100 0.023400 0.027600 0.039000 0.055100 0.052900
AfricanBuf 0.048000 0.158600 0.025600 0.162800 0.047800 0.045800 0.050200 0.041200 0.028100 0.048100 0.045700 0.000000 0.053200 0.041100 0.041300 0.045500 0.032700 0.041400 0.046400 0.037100 0.038900 0.057100 0.048300 0.041500 0.047900 0.041500 0.050800 0.036900 0.043400 0.030200 0.046000 0.048100 0.062500 0.048600 0.048600 0.006300 0.045700 0.041000 0.050100 0.041700 0.048100 0.043300 0.045900 0.048200 0.012700 0.053100 0.052300 0.036700 0.050100 0.046100 0.032500 0.030300
Topi 0.023300 0.165600 0.059300 0.178800 0.034400 0.021200 0.036700 0.032400 0.064600 0.052600 0.021200 0.053200 0.000000 0.027800 0.032400 0.041000 0.046400 0.055300 0.019100 0.069500 0.030100 0.027700 0.052900 0.050500 0.023300 0.030000 0.010500 0.069200 0.034500 0.062100 0.050500 0.034600 0.072000 0.012600 0.019100 0.050100 0.021200 0.032200 0.045600 0.050800 0.052800 0.036600 0.050500 0.057300 0.054700 0.043500 0.038800 0.034600 0.036600 0.050600 0.064600 0.064700
CommonDuik 0.023400 0.154000 0.047600 0.163900 0.019100 0.021300 0.012600 0.017000 0.048100 0.036700 0.021200 0.041100 0.027800 0.000000 0.025700 0.021200 0.030500 0.039200 0.017000 0.055200 0.014800 0.027800 0.036900 0.034600 0.023300 0.014800 0.030000 0.054900 0.014800 0.048100 0.034600 0.010600 0.055400 0.027800 0.025700 0.038700 0.021200 0.016900 0.029900 0.039300 0.036800 0.016900 0.034600 0.041300 0.043100 0.034400 0.023400 0.023400 0.023300 0.034600 0.050500 0.048200
Suni 0.023500 0.165500 0.052400 0.167200 0.027800 0.021400 0.034500 0.025800 0.057600 0.050400 0.021300 0.041300 0.032400 0.025700 0.000000 0.034400 0.044100 0.048400 0.021400 0.064800 0.023600 0.032300 0.050600 0.048400 0.023500 0.027900 0.025700 0.064500 0.027900 0.057500 0.048300 0.032400 0.060300 0.023600 0.025800 0.038800 0.021300 0.025700 0.034500 0.048600 0.050500 0.030000 0.048200 0.055100 0.045500 0.034600 0.032200 0.023600 0.030100 0.043800 0.060000 0.057700
Springbuck 0.032100 0.145100 0.047500 0.158400 0.027700 0.029900 0.029900 0.021200 0.048000 0.041000 0.029900 0.045500 0.041000 0.021200 0.034400 0.000000 0.034800 0.039100 0.025600 0.055000 0.014800 0.036500 0.041200 0.036800 0.032000 0.019000 0.038700 0.054800 0.019000 0.047900 0.038900 0.027800 0.057500 0.034400 0.032200 0.043000 0.029900 0.021200 0.038700 0.039200 0.041200 0.021100 0.038900 0.043400 0.047400 0.038800 0.030200 0.029900 0.031900 0.039100 0.050300 0.048100
Okapi 0.041700 0.134500 0.039300 0.145800 0.037100 0.039500 0.037200 0.035000 0.039700 0.023900 0.039400 0.032700 0.046400 0.030500 0.044100 0.034800 0.000000 0.017300 0.035000 0.046700 0.032700 0.041700 0.024000 0.021800 0.041600 0.032700 0.048600 0.046600 0.032700 0.039600 0.021700 0.037400 0.042300 0.046400 0.041900 0.030300 0.039400 0.030400 0.053100 0.017400 0.023900 0.034800 0.021700 0.028400 0.034800 0.053300 0.041700 0.039500 0.041600 0.026200 0.042100 0.039700
Giraffe 0.045900 0.138500 0.043500 0.141800 0.041400 0.043700 0.048200 0.039200 0.039400 0.032500 0.043600 0.041400 0.055300 0.039200 0.048400 0.039100 0.017300 0.000000 0.039300 0.050900 0.037000 0.045900 0.032600 0.026000 0.045800 0.036900 0.052800 0.046200 0.036900 0.043800 0.030400 0.046100 0.041900 0.050700 0.046100 0.038900 0.043600 0.034600 0.057400 0.026100 0.032600 0.034600 0.030300 0.032600 0.041200 0.057600 0.050500 0.043700 0.045800 0.030400 0.041700 0.044000
TibetanAnt 0.012600 0.151800 0.047800 0.161700 0.018000 0.010500 0.025600 0.021400 0.049300 0.036800 0.010500 0.046400 0.019100 0.017000 0.021400 0.025600 0.035000 0.039300 0.000000 0.055400 0.019200 0.016900 0.036900 0.034700 0.012600 0.019100 0.016900 0.055100 0.019200 0.046000 0.034700 0.023600 0.055500 0.014800 0.012700 0.043200 0.010500 0.016100 0.034500 0.034900 0.036900 0.022000 0.034600 0.041400 0.047700 0.032300 0.027800 0.023500 0.023400 0.034700 0.050600 0.048400
Sitatunga 0.062300 0.166700 0.019200 0.170600 0.057500 0.060000 0.064500 0.055300 0.015000 0.057700 0.059900 0.037100 0.069500 0.055200 0.064800 0.055000 0.046700 0.050900 0.055400 0.000000 0.052900 0.067000 0.058000 0.051000 0.062100 0.052800 0.069300 0.017200 0.052900 0.015000 0.055600 0.062400 0.072700 0.067100 0.062400 0.032400 0.059900 0.050500 0.064400 0.051200 0.057900 0.055100 0.055500 0.057900 0.036900 0.071700 0.066700 0.055300 0.062400 0.055600 0.012900 0.015100
Oribi 0.025600 0.145900 0.041000 0.155900 0.021200 0.023500 0.023400 0.010600 0.045900 0.039000 0.023400 0.038900 0.030100 0.014800 0.023600 0.014800 0.032700 0.037000 0.019200 0.052900 0.000000 0.030000 0.039200 0.036900 0.025600 0.012700 0.027900 0.052700 0.012700 0.045900 0.036900 0.021400 0.055500 0.025700 0.021400 0.036500 0.023400 0.014800 0.027800 0.037100 0.039100 0.014800 0.036800 0.043600 0.040900 0.032300 0.021300 0.019100 0.023400 0.037000 0.048200 0.046000
BarbaryShe 0.012500 0.160100 0.059100 0.169300 0.029900 0.010500 0.036600 0.032300 0.060800 0.038900 0.010400 0.057100 0.027700 0.027800 0.032300 0.036500 0.041700 0.045900 0.016900 0.067000 0.030000 0.000000 0.043600 0.041300 0.012500 0.030000 0.025500 0.066700 0.030000 0.057400 0.041300 0.034500 0.062300 0.023300 0.021200 0.054400 0.010400 0.027800 0.045500 0.041500 0.043500 0.033000 0.041200 0.048000 0.059000 0.043400 0.038800 0.034400 0.034200 0.041300 0.062100 0.059900
Daviddeer 0.043600 0.155700 0.050400 0.155400 0.043600 0.041400 0.050400 0.041500 0.050900 0.012800 0.041300 0.048300 0.052900 0.036900 0.050600 0.041200 0.024000 0.032600 0.036900 0.058000 0.039200 0.043600 0.000000 0.019400 0.043500 0.039100 0.050500 0.057800 0.039100 0.048500 0.010700 0.048400 0.053400 0.048300 0.039300 0.045800 0.041300 0.036800 0.059900 0.019400 0.004200 0.039000 0.012800 0.025900 0.050300 0.059800 0.048100 0.041500 0.048000 0.037200 0.053300 0.051200
Reindeer 0.041300 0.144600 0.043500 0.150000 0.041400 0.039200 0.048100 0.039200 0.044000 0.014900 0.039100 0.041500 0.050500 0.034600 0.048400 0.036800 0.021800 0.026000 0.034700 0.051000 0.036900 0.041300 0.019400 0.000000 0.041200 0.036900 0.048200 0.050800 0.036900 0.041600 0.012800 0.046100 0.051200 0.046000 0.041500 0.039000 0.039100 0.034600 0.057600 0.012900 0.019300 0.039000 0.012800 0.010700 0.043500 0.057500 0.050400 0.043700 0.045800 0.034900 0.046300 0.044200
Ibex 0.004100 0.159200 0.054300 0.169200 0.025500 0.002100 0.032100 0.027800 0.056100 0.043300 0.002100 0.047900 0.023300 0.023300 0.023500 0.032000 0.041600 0.045800 0.012600 0.062100 0.025600 0.012500 0.043500 0.041200 0.000000 0.025500 0.016800 0.061800 0.025600 0.052600 0.041200 0.030000 0.057600 0.014700 0.016900 0.045300 0.002100 0.023300 0.040900 0.041400 0.043400 0.028800 0.041100 0.047900 0.049700 0.038800 0.034200 0.025600 0.029800 0.041200 0.057300 0.055100
GyrantGaze 0.025600 0.140300 0.045400 0.152700 0.016900 0.023400 0.023400 0.014800 0.045800 0.038900 0.023400 0.041500 0.030000 0.014800 0.027900 0.019000 0.032700 0.036900 0.019100 0.052800 0.012700 0.030000 0.039100 0.036900 0.025500 0.000000 0.032200 0.052600 0.012700 0.045800 0.036800 0.021300 0.055300 0.030000 0.025700 0.040800 0.023400 0.010500 0.032200 0.037000 0.039000 0.014700 0.036800 0.043500 0.045300 0.036700 0.025500 0.023400 0.021200 0.036900 0.048100 0.045900
Hartebeest 0.016900 0.168100 0.056900 0.178400 0.032200 0.014700 0.038800 0.030100 0.062100 0.050200 0.014700 0.050800 0.010500 0.030000 0.025700 0.038700 0.048600 0.052800 0.016900 0.069300 0.027900 0.025500 0.050500 0.048200 0.016800 0.032200 0.000000 0.069000 0.032200 0.059700 0.048100 0.036800 0.064800 0.006300 0.016900 0.047700 0.014700 0.030000 0.043300 0.048400 0.050400 0.034400 0.048100 0.055000 0.052200 0.041200 0.034400 0.027900 0.034300 0.048200 0.064500 0.062200
Bongo 0.062000 0.160300 0.019100 0.158700 0.057300 0.059800 0.064200 0.055100 0.010700 0.057500 0.059600 0.036900 0.069200 0.054900 0.064500 0.054800 0.046600 0.046200 0.055100 0.017200 0.052700 0.066700 0.057800 0.050800 0.061800 0.052600 0.069000 0.000000 0.052600 0.015000 0.055400 0.062200 0.067600 0.066800 0.062200 0.032300 0.059600 0.050300 0.068800 0.051000 0.057700 0.050300 0.055300 0.057700 0.036700 0.071500 0.061800 0.055100 0.061700 0.055500 0.008500 0.015000
Gerenuk 0.025600 0.151300 0.045300 0.162000 0.021200 0.023500 0.019100 0.014800 0.045900 0.034500 0.023400 0.043400 0.034500 0.014800 0.027900 0.019000 0.032700 0.036900 0.019200 0.052900 0.012700 0.030000 0.039100 0.036900 0.025600 0.012700 0.032200 0.052600 0.000000 0.045800 0.036800 0.021300 0.055400 0.030100 0.025700 0.040900 0.023400 0.014800 0.032200 0.037000 0.039000 0.014800 0.032400 0.043600 0.045300 0.036700 0.025600 0.023500 0.025500 0.036900 0.048200 0.046000
CommonElan 0.052800 0.157400 0.012700 0.162200 0.050300 0.050500 0.057200 0.048200 0.008500 0.048300 0.050400 0.030200 0.062100 0.048100 0.057500 0.047900 0.039600 0.043800 0.046000 0.015000 0.045900 0.057400 0.048500 0.041600 0.052600 0.045800 0.059700 0.015000 0.045800 0.000000 0.046200 0.055200 0.065100 0.057500 0.052900 0.025700 0.050400 0.043500 0.061800 0.041800 0.048400 0.048000 0.046100 0.048400 0.030100 0.064400 0.059400 0.048200 0.054800 0.048500 0.010700 0.008500
MuntiacusR 0.041300 0.152500 0.048000 0.157900 0.041300 0.039100 0.048000 0.039100 0.048500 0.006300 0.039000 0.046000 0.050500 0.034600 0.048300 0.038900 0.021700 0.030400 0.034700 0.055600 0.036900 0.041300 0.010700 0.012800 0.041200 0.036800 0.048100 0.055400 0.036800 0.046200 0.000000 0.046000 0.051100 0.045900 0.041400 0.043400 0.039000 0.034600 0.057500 0.010700 0.010600 0.036700 0.006400 0.019300 0.047900 0.057400 0.045700 0.043600 0.045700 0.034900 0.050900 0.048800
HarveysDui 0.030100 0.154400 0.050100 0.170300 0.025600 0.027900 0.019200 0.021400 0.055300 0.048200 0.027900 0.048100 0.034600 0.010600 0.032400 0.027800 0.037400 0.046100 0.023600 0.062400 0.021400 0.034500 0.048400 0.046100 0.030000 0.021300 0.036800 0.062200 0.021300 0.055200 0.046000 0.000000 0.062700 0.034600 0.032400 0.045600 0.027900 0.023500 0.032300 0.046300 0.048200 0.023500 0.046000 0.052900 0.050100 0.041300 0.030000 0.030100 0.027800 0.037000 0.057600 0.055400
Pronghorn 0.057700 0.160100 0.067000 0.165200 0.057700 0.055500 0.062500 0.057800 0.060600 0.053200 0.055300 0.062500 0.072000 0.055400 0.060300 0.057500 0.042300 0.041900 0.055500 0.072700 0.055500 0.062300 0.053400 0.051200 0.057600 0.055300 0.064800 0.067600 0.055400 0.065100 0.051100 0.062700 0.000000 0.062600 0.060300 0.059800 0.055300 0.053100 0.074100 0.051300 0.053300 0.053000 0.051000 0.058000 0.064500 0.074400 0.067000 0.053200 0.062200 0.048800 0.063000 0.062900
BlueWildeb 0.014700 0.163100 0.054700 0.176100 0.030000 0.012600 0.036700 0.027900 0.059900 0.048100 0.012600 0.048600 0.012600 0.027800 0.023600 0.034400 0.046400 0.050700 0.014800 0.067100 0.025700 0.023300 0.048300 0.046000 0.014700 0.030000 0.006300 0.066800 0.030100 0.057500 0.045900 0.034600 0.062600 0.000000 0.014800 0.045500 0.012600 0.027800 0.041100 0.046200 0.048200 0.032200 0.045900 0.052800 0.050000 0.039000 0.034400 0.025700 0.032200 0.046100 0.062300 0.060000
Gemsbok 0.016900 0.160000 0.050100 0.161300 0.027900 0.014800 0.034500 0.023600 0.055300 0.043600 0.014800 0.048600 0.019100 0.025700 0.025800 0.032200 0.041900 0.046100 0.012700 0.062400 0.021400 0.021200 0.039300 0.041500 0.016900 0.025700 0.016900 0.062200 0.025700 0.052900 0.041400 0.032400 0.060300 0.014800 0.000000 0.045600 0.014800 0.023500 0.039000 0.041700 0.039200 0.027800 0.041400 0.046000 0.050000 0.036800 0.032300 0.019200 0.030000 0.043900 0.057600 0.055400
Yak 0.045400 0.156100 0.021200 0.159500 0.045300 0.043200 0.047600 0.038700 0.025700 0.045500 0.043100 0.006300 0.050100 0.038700 0.038800 0.043000 0.030300 0.038900 0.043200 0.032400 0.036500 0.054400 0.045800 0.039000 0.045300 0.040800 0.047700 0.032300 0.040900 0.025700 0.043400 0.045600 0.059800 0.045500 0.045600 0.000000 0.043100 0.038600 0.047600 0.039100 0.045700 0.043000 0.043400 0.045600 0.006300 0.050000 0.049800 0.034300 0.047500 0.043500 0.027900 0.025800
BlueSheep 0.002100 0.156800 0.052200 0.166800 0.023400 0.000000 0.029900 0.025600 0.053800 0.041100 0.000000 0.045700 0.021200 0.021200 0.021300 0.029900 0.039400 0.043600 0.010500 0.059900 0.023400 0.010400 0.041300 0.039100 0.002100 0.023400 0.014700 0.059600 0.023400 0.050400 0.039000 0.027900 0.055300 0.012600 0.014800 0.043100 0.000000 0.021200 0.038700 0.039200 0.041200 0.026500 0.039000 0.045700 0.047500 0.036600 0.032100 0.023400 0.027600 0.039000 0.055100 0.052900
BohorReedb 0.023400 0.148300 0.043100 0.157900 0.008400 0.021300 0.025500 0.017000 0.043600 0.036700 0.021200 0.041000 0.032200 0.016900 0.025700 0.021200 0.030400 0.034600 0.016100 0.050500 0.014800 0.027800 0.036800 0.034600 0.023300 0.010500 0.030000 0.050300 0.014800 0.043500 0.034600 0.023500 0.053100 0.027800 0.023500 0.038600 0.021200 0.000000 0.032100 0.034800 0.036900 0.016900 0.034500 0.041300 0.043000 0.034400 0.027700 0.021300 0.019000 0.034800 0.045900 0.043700
KirksDik 0.041000 0.160600 0.052200 0.177900 0.034300 0.038800 0.038700 0.027800 0.061900 0.059600 0.038700 0.050100 0.045600 0.029900 0.034500 0.038700 0.053100 0.057400 0.034500 0.064400 0.027800 0.045500 0.059900 0.057600 0.040900 0.032200 0.043300 0.068800 0.032200 0.061800 0.057500 0.032300 0.074100 0.041100 0.039000 0.047600 0.038700 0.032100 0.000000 0.057800 0.059800 0.034300 0.057400 0.064400 0.054400 0.041100 0.036500 0.036600 0.036500 0.052900 0.064300 0.057500
RoeDeer 0.041500 0.148000 0.043700 0.153300 0.041500 0.039300 0.048300 0.039400 0.044200 0.015000 0.039200 0.041700 0.050800 0.039300 0.048600 0.039200 0.017400 0.026100 0.034900 0.051200 0.037100 0.041500 0.019400 0.012900 0.041400 0.037000 0.048400 0.051000 0.037000 0.041800 0.010700 0.046300 0.051300 0.046200 0.041700 0.039100 0.039200 0.034800 0.057800 0.000000 0.019400 0.039200 0.012900 0.019400 0.043700 0.057700 0.046000 0.043900 0.046000 0.035100 0.046500 0.044400
WhiteLippe 0.043500 0.155500 0.050300 0.160600 0.043700 0.041300 0.050300 0.041400 0.050800 0.012800 0.041200 0.048100 0.052800 0.036800 0.050500 0.041200 0.023900 0.032600 0.036900 0.057900 0.039100 0.043500 0.004200 0.019300 0.043400 0.039000 0.050400 0.057700 0.039000 0.048400 0.010600 0.048200 0.053300 0.048200 0.039200 0.045700 0.041200 0.036900 0.059800 0.019400 0.000000 0.038900 0.012800 0.025900 0.050200 0.059700 0.048000 0.041400 0.047900 0.037100 0.053100 0.051000
ThomsonGaz 0.028600 0.153600 0.047500 0.158300 0.023300 0.026500 0.025500 0.016900 0.039000 0.038800 0.026500 0.043300 0.036600 0.016900 0.030000 0.021100 0.034800 0.034600 0.022000 0.055100 0.014800 0.033000 0.039000 0.039000 0.028800 0.014700 0.034400 0.050300 0.014800 0.048000 0.036700 0.023500 0.053000 0.032200 0.027800 0.043000 0.026500 0.016900 0.034300 0.039200 0.038900 0.000000 0.034500 0.045700 0.047500 0.037100 0.027700 0.025600 0.027600 0.039900 0.045800 0.048100
MuntiacusC 0.041300 0.152300 0.047900 0.157700 0.041300 0.039100 0.048000 0.039100 0.048500 0.004200 0.039000 0.045900 0.050500 0.034600 0.048200 0.038900 0.021700 0.030300 0.034600 0.055500 0.036800 0.041200 0.012800 0.012800 0.041100 0.036800 0.048100 0.055300 0.032400 0.046100 0.006400 0.046000 0.051000 0.045900 0.041400 0.043400 0.039000 0.034500 0.057400 0.012900 0.012800 0.034500 0.000000 0.019300 0.047900 0.057300 0.045700 0.043600 0.045600 0.034900 0.050800 0.048700
WhiteTaile 0.048100 0.152400 0.050200 0.155000 0.048100 0.045900 0.054900 0.045900 0.050800 0.021400 0.045700 0.048200 0.057300 0.041300 0.055100 0.043400 0.028400 0.032600 0.041400 0.057900 0.043600 0.048000 0.025900 0.010700 0.047900 0.043500 0.055000 0.057700 0.043600 0.048400 0.019300 0.052900 0.058000 0.052800 0.046000 0.045600 0.045700 0.041300 0.064400 0.019400 0.025900 0.045700 0.019300 0.000000 0.050200 0.064400 0.057100 0.050500 0.052500 0.041700 0.053100 0.051000
Cattle 0.049900 0.161600 0.025500 0.165300 0.049800 0.047700 0.052100 0.043200 0.030100 0.050100 0.047500 0.012700 0.054700 0.043100 0.045500 0.047400 0.034800 0.041200 0.047700 0.036900 0.040900 0.059000 0.050300 0.043500 0.049700 0.045300 0.052200 0.036700 0.045300 0.030100 0.047900 0.050100 0.064500 0.050000 0.050000 0.006300 0.047500 0.043000 0.054400 0.043700 0.050200 0.047500 0.047900 0.050200 0.000000 0.056800 0.054300 0.038700 0.052000 0.048000 0.032400 0.030200
RoyalAntel 0.038900 0.159800 0.059200 0.178000 0.036600 0.036700 0.043300 0.034500 0.064500 0.059500 0.036600 0.053100 0.043500 0.034400 0.034600 0.038800 0.053300 0.057600 0.032300 0.071700 0.032300 0.043400 0.059800 0.057500 0.038800 0.036700 0.041200 0.071500 0.036700 0.064400 0.057400 0.041300 0.074400 0.039000 0.036800 0.050000 0.036600 0.034400 0.041100 0.057700 0.059700 0.037100 0.057300 0.064400 0.056800 0.000000 0.041000 0.036800 0.038800 0.052900 0.066900 0.064600
Steenbok 0.034300 0.156500 0.054400 0.166800 0.029900 0.032200 0.032100 0.023400 0.059500 0.047900 0.032100 0.052300 0.038800 0.023400 0.032200 0.030200 0.041700 0.050500 0.027800 0.066700 0.021300 0.038800 0.048100 0.050400 0.034200 0.025500 0.034400 0.061800 0.025600 0.059400 0.045700 0.030000 0.067000 0.034400 0.032300 0.049800 0.032100 0.027700 0.036500 0.046000 0.048000 0.027700 0.045700 0.057100 0.054300 0.041000 0.000000 0.030000 0.032000 0.045800 0.061900 0.059600
Impala 0.025700 0.160300 0.043200 0.168200 0.025600 0.023500 0.032200 0.021300 0.048200 0.045800 0.023400 0.036700 0.034600 0.023400 0.023600 0.029900 0.039500 0.043700 0.023500 0.055300 0.019100 0.034400 0.041500 0.043700 0.025600 0.023400 0.027900 0.055100 0.023500 0.048200 0.043600 0.030100 0.053200 0.025700 0.019200 0.034300 0.023400 0.021300 0.036600 0.043900 0.041400 0.025600 0.043600 0.050500 0.038700 0.036800 0.030000 0.000000 0.027800 0.041500 0.050600 0.048400
Klipspring 0.029800 0.156200 0.049800 0.171900 0.021100 0.027700 0.032000 0.021200 0.054800 0.047800 0.027600 0.050100 0.036600 0.023300 0.030100 0.031900 0.041600 0.045800 0.023400 0.062400 0.023400 0.034200 0.048000 0.045800 0.029800 0.021200 0.034300 0.061700 0.025500 0.054800 0.045700 0.027800 0.062200 0.032200 0.030000 0.047500 0.027600 0.019000 0.036500 0.046000 0.047900 0.027600 0.045600 0.052500 0.052000 0.038800 0.032000 0.027800 0.000000 0.038900 0.057200 0.054900
ForestMusk 0.041300 0.150000 0.048100 0.164400 0.037100 0.039100 0.043600 0.038300 0.049400 0.037000 0.039000 0.046100 0.050600 0.034600 0.043800 0.039100 0.026200 0.030400 0.034700 0.055600 0.037000 0.041300 0.037200 0.034900 0.041200 0.036900 0.048200 0.055500 0.036900 0.048500 0.034900 0.037000 0.048800 0.046100 0.043900 0.043500 0.039000 0.034800 0.052900 0.035100 0.037100 0.039900 0.034900 0.041700 0.048000 0.052900 0.045800 0.041500 0.038900 0.000000 0.050900 0.048700
Bushbuck 0.057500 0.160800 0.014900 0.159100 0.052800 0.055200 0.059700 0.050600 0.006400 0.053000 0.055100 0.032500 0.064600 0.050500 0.060000 0.050300 0.042100 0.041700 0.050600 0.012900 0.048200 0.062100 0.053300 0.046300 0.057300 0.048100 0.064500 0.008500 0.048200 0.010700 0.050900 0.057600 0.063000 0.062300 0.057600 0.027900 0.055100 0.045900 0.064300 0.046500 0.053100 0.045800 0.050800 0.053100 0.032400 0.066900 0.061900 0.050600 0.057200 0.050900 0.000000 0.010700
GreaterKud 0.055200 0.150600 0.012700 0.162800 0.050500 0.053000 0.055100 0.048300 0.008500 0.050900 0.052900 0.030300 0.064700 0.048200 0.057700 0.048100 0.039700 0.044000 0.048400 0.015100 0.046000 0.059900 0.051200 0.044200 0.055100 0.045900 0.062200 0.015000 0.046000 0.008500 0.048800 0.055400 0.062900 0.060000 0.055400 0.025800 0.052900 0.043700 0.057500 0.044400 0.051000 0.048100 0.048700 0.051000 0.030200 0.064600 0.059600 0.048400 0.054900 0.048700 0.010700 0.000000
