CODONML (in paml version 4.10.7, June 2023)  /home/rachel/ruminants_paml/6406-phy-tree/ENSBTAT00000002827.fasta.phy
Model: free dN/dS Ratios for branches,  kappa = 2.000 fixed

Codon frequency model: F3x4
ns =  54  ls =  60

Codon usage in sequences
--------------------------------------------------------------------------------------------------------------------------------------
Phe TTT   1   0   1   1   0   1 | Ser TCT   1   1   1   1   1   1 | Tyr TAT   0   0   0   0   0   0 | Cys TGT   0   0   0   0   0   0
    TTC   1   2   1   1   2   1 |     TCC   2   2   2   2   2   2 |     TAC   1   1   1   1   1   1 |     TGC   0   0   0   0   0   0
Leu TTA   1   1   1   1   2   0 |     TCA   0   0   0   0   1   1 | *** TAA   0   0   0   0   0   0 | *** TGA   0   0   0   0   0   0
    TTG   2   2   1   2   2   3 |     TCG   2   2   2   2   1   1 |     TAG   0   0   0   0   0   0 | Trp TGG   1   1   1   1   1   1
--------------------------------------------------------------------------------------------------------------------------------------
Leu CTT   2   2   2   2   2   2 | Pro CCT   0   0   0   0   1   0 | His CAT   0   0   0   0   0   0 | Arg CGT   2   2   2   2   2   1
    CTC   0   0   0   0   0   0 |     CCC   1   2   1   1   0   1 |     CAC   1   0   1   1   1   1 |     CGC   0   0   0   0   0   1
    CTA   0   0   0   0   0   0 |     CCA   1   1   1   1   1   1 | Gln CAA   2   2   2   2   2   2 |     CGA   0   1   0   0   1   0
    CTG   1   1   2   1   0   1 |     CCG   0   0   0   0   0   0 |     CAG   0   0   0   0   0   0 |     CGG   0   0   0   0   1   0
--------------------------------------------------------------------------------------------------------------------------------------
Ile ATT   0   0   0   0   0   0 | Thr ACT   1   2   1   1   2   0 | Asn AAT   1   1   1   1   1   1 | Ser AGT   0   0   0   0   0   0
    ATC   1   1   2   1   1   1 |     ACC   2   0   2   2   0   1 |     AAC   2   2   2   2   2   2 |     AGC   0   0   0   0   0   0
    ATA   0   0   0   0   0   0 |     ACA   1   1   1   1   2   3 | Lys AAA   3   4   3   3   3   3 | Arg AGA   2   2   2   2   2   3
Met ATG   2   2   2   2   2   2 |     ACG   0   1   1   1   0   0 |     AAG   5   4   5   5   5   5 |     AGG   2   1   2   2   0   1
--------------------------------------------------------------------------------------------------------------------------------------
Val GTT   0   0   0   0   0   0 | Ala GCT   0   0   0   0   0   0 | Asp GAT   0   0   0   0   0   0 | Gly GGT   0   0   0   0   0   0
    GTC   1   1   0   1   1   1 |     GCC   1   1   1   1   0   0 |     GAC   1   1   1   1   1   1 |     GGC   2   3   2   2   3   3
    GTA   0   0   0   0   0   0 |     GCA   0   0   0   0   1   3 | Glu GAA   2   2   2   2   2   2 |     GGA   3   3   3   3   1   2
    GTG   0   0   0   0   0   0 |     GCG   2   2   1   1   2   0 |     GAG   2   2   2   2   2   2 |     GGG   2   1   2   2   3   2
--------------------------------------------------------------------------------------------------------------------------------------

--------------------------------------------------------------------------------------------------------------------------------------
Phe TTT   1   1   1   1   1   1 | Ser TCT   1   1   1   0   1   1 | Tyr TAT   0   0   0   0   0   0 | Cys TGT   0   0   0   0   0   0
    TTC   1   1   1   1   1   1 |     TCC   2   2   2   2   2   2 |     TAC   1   1   1   1   1   1 |     TGC   0   0   0   0   0   0
Leu TTA   1   1   1   1   1   1 |     TCA   0   0   0   0   0   0 | *** TAA   0   0   0   0   0   0 | *** TGA   0   0   0   0   0   0
    TTG   2   2   2   2   1   2 |     TCG   2   2   2   3   2   2 |     TAG   0   0   0   0   0   0 | Trp TGG   1   1   1   1   1   1
--------------------------------------------------------------------------------------------------------------------------------------
Leu CTT   2   2   2   2   2   2 | Pro CCT   0   0   0   0   0   0 | His CAT   0   0   0   0   0   0 | Arg CGT   1   2   2   2   2   2
    CTC   0   0   0   0   0   0 |     CCC   1   1   1   1   1   1 |     CAC   1   1   1   1   1   1 |     CGC   0   0   0   0   0   0
    CTA   0   0   0   0   0   0 |     CCA   1   1   1   1   1   1 | Gln CAA   2   2   2   2   2   2 |     CGA   1   0   0   0   0   1
    CTG   1   1   1   1   2   1 |     CCG   0   0   0   0   0   0 |     CAG   0   0   0   0   0   0 |     CGG   0   0   0   0   0   0
--------------------------------------------------------------------------------------------------------------------------------------
Ile ATT   0   0   0   0   0   0 | Thr ACT   2   1   1   1   1   1 | Asn AAT   1   1   1   1   1   1 | Ser AGT   0   0   0   0   0   0
    ATC   1   1   1   1   1   1 |     ACC   1   2   2   2   2   1 |     AAC   2   2   2   2   2   2 |     AGC   0   0   0   0   0   0
    ATA   0   0   0   0   0   0 |     ACA   1   1   1   1   1   1 | Lys AAA   3   3   3   3   3   2 | Arg AGA   2   2   2   2   2   0
Met ATG   2   2   2   2   2   2 |     ACG   0   0   0   0   0   1 |     AAG   5   5   5   5   5   6 |     AGG   2   2   2   2   2   3
--------------------------------------------------------------------------------------------------------------------------------------
Val GTT   0   0   0   0   0   0 | Ala GCT   0   0   0   0   0   0 | Asp GAT   0   0   0   0   0   0 | Gly GGT   0   0   0   0   0   0
    GTC   1   1   1   1   1   1 |     GCC   1   1   1   1   1   1 |     GAC   1   1   1   1   1   1 |     GGC   2   2   2   2   2   3
    GTA   0   0   0   0   0   0 |     GCA   0   0   0   0   0   0 | Glu GAA   2   2   2   2   2   2 |     GGA   3   3   3   3   3   1
    GTG   0   0   0   0   0   0 |     GCG   2   2   2   2   2   2 |     GAG   2   2   2   2   2   2 |     GGG   2   2   2   2   2   3
--------------------------------------------------------------------------------------------------------------------------------------

--------------------------------------------------------------------------------------------------------------------------------------
Phe TTT   1   1   1   1   1   1 | Ser TCT   1   1   1   1   1   1 | Tyr TAT   0   0   0   0   0   0 | Cys TGT   0   0   0   0   0   0
    TTC   1   1   1   1   1   1 |     TCC   2   2   2   2   2   2 |     TAC   1   1   1   1   1   1 |     TGC   0   0   0   0   0   0
Leu TTA   1   1   1   1   1   1 |     TCA   0   0   0   0   0   0 | *** TAA   0   0   0   0   0   0 | *** TGA   0   0   0   0   0   0
    TTG   2   2   2   2   2   2 |     TCG   2   2   2   2   2   2 |     TAG   0   0   0   0   0   0 | Trp TGG   1   1   1   1   1   1
--------------------------------------------------------------------------------------------------------------------------------------
Leu CTT   2   2   2   2   1   2 | Pro CCT   0   0   0   0   0   0 | His CAT   0   0   0   0   0   0 | Arg CGT   2   2   2   2   2   2
    CTC   0   0   0   0   1   0 |     CCC   1   1   1   1   1   1 |     CAC   1   1   1   1   1   1 |     CGC   0   0   0   0   0   0
    CTA   0   0   0   0   0   0 |     CCA   1   1   1   1   1   1 | Gln CAA   2   2   1   2   2   2 |     CGA   0   0   0   0   0   0
    CTG   1   1   1   1   1   1 |     CCG   0   0   0   0   0   0 |     CAG   0   0   1   0   0   0 |     CGG   0   0   0   0   0   0
--------------------------------------------------------------------------------------------------------------------------------------
Ile ATT   0   0   0   0   0   0 | Thr ACT   1   1   2   1   1   1 | Asn AAT   1   1   1   1   1   1 | Ser AGT   0   0   0   0   0   0
    ATC   1   1   1   1   1   1 |     ACC   2   2   1   2   2   2 |     AAC   2   2   2   2   2   2 |     AGC   0   0   0   0   0   0
    ATA   0   0   0   0   0   0 |     ACA   1   1   1   1   1   1 | Lys AAA   3   3   3   3   3   3 | Arg AGA   2   2   2   2   2   2
Met ATG   2   2   2   2   2   2 |     ACG   0   0   0   0   0   0 |     AAG   5   5   5   5   5   5 |     AGG   2   2   2   2   2   2
--------------------------------------------------------------------------------------------------------------------------------------
Val GTT   0   0   0   0   0   0 | Ala GCT   0   0   0   0   0   0 | Asp GAT   0   0   0   0   0   0 | Gly GGT   0   0   0   0   0   0
    GTC   1   1   1   1   1   1 |     GCC   1   1   1   1   1   1 |     GAC   1   1   1   1   1   1 |     GGC   2   2   2   2   2   2
    GTA   0   0   0   0   0   0 |     GCA   0   0   0   0   0   0 | Glu GAA   2   2   2   2   2   2 |     GGA   3   3   3   3   3   2
    GTG   0   0   0   0   0   0 |     GCG   2   2   2   2   2   2 |     GAG   2   2   2   2   2   2 |     GGG   2   2   2   2   2   3
--------------------------------------------------------------------------------------------------------------------------------------

--------------------------------------------------------------------------------------------------------------------------------------
Phe TTT   1   1   1   1   1   1 | Ser TCT   1   1   1   1   1   1 | Tyr TAT   0   0   0   0   0   0 | Cys TGT   0   0   0   0   0   0
    TTC   1   1   1   1   1   1 |     TCC   2   2   2   2   2   2 |     TAC   1   1   1   1   1   1 |     TGC   0   0   0   0   0   0
Leu TTA   1   1   1   1   1   1 |     TCA   0   0   0   0   0   0 | *** TAA   0   0   0   0   0   0 | *** TGA   0   0   0   0   0   0
    TTG   2   2   2   1   2   2 |     TCG   2   2   2   2   2   2 |     TAG   0   0   0   0   0   0 | Trp TGG   1   1   1   1   1   1
--------------------------------------------------------------------------------------------------------------------------------------
Leu CTT   2   2   2   2   2   2 | Pro CCT   0   0   0   0   0   0 | His CAT   0   0   0   0   0   1 | Arg CGT   2   2   2   2   2   2
    CTC   0   0   0   0   0   0 |     CCC   1   1   1   1   1   1 |     CAC   1   1   1   1   1   0 |     CGC   0   0   0   0   0   0
    CTA   0   0   0   0   0   0 |     CCA   1   1   1   1   1   1 | Gln CAA   2   2   2   2   2   2 |     CGA   0   0   0   0   0   0
    CTG   1   1   1   2   1   1 |     CCG   0   0   0   0   0   0 |     CAG   0   0   0   0   0   0 |     CGG   0   0   0   0   0   0
--------------------------------------------------------------------------------------------------------------------------------------
Ile ATT   0   0   0   0   0   0 | Thr ACT   1   1   1   1   1   1 | Asn AAT   1   1   1   1   1   1 | Ser AGT   0   0   0   0   0   0
    ATC   1   1   1   1   1   1 |     ACC   1   1   2   2   2   2 |     AAC   2   2   2   2   2   2 |     AGC   0   0   0   0   0   0
    ATA   0   0   0   0   0   0 |     ACA   2   2   1   1   1   1 | Lys AAA   3   3   3   3   3   3 | Arg AGA   3   3   3   2   2   2
Met ATG   2   2   2   2   2   2 |     ACG   0   0   0   0   0   0 |     AAG   5   5   5   5   5   5 |     AGG   1   1   1   2   2   2
--------------------------------------------------------------------------------------------------------------------------------------
Val GTT   0   0   0   0   0   0 | Ala GCT   0   0   0   0   0   0 | Asp GAT   0   0   0   0   0   0 | Gly GGT   0   0   0   0   0   0
    GTC   1   1   1   1   1   1 |     GCC   1   1   1   1   1   1 |     GAC   1   1   1   1   1   1 |     GGC   3   3   2   2   2   2
    GTA   0   0   0   0   0   0 |     GCA   0   0   0   0   0   0 | Glu GAA   2   2   2   2   2   2 |     GGA   3   3   3   3   3   3
    GTG   0   0   0   0   0   0 |     GCG   2   2   2   2   2   2 |     GAG   2   2   2   2   2   2 |     GGG   1   1   2   2   2   2
--------------------------------------------------------------------------------------------------------------------------------------

--------------------------------------------------------------------------------------------------------------------------------------
Phe TTT   1   1   1   1   1   1 | Ser TCT   1   2   1   1   1   1 | Tyr TAT   0   0   0   0   0   0 | Cys TGT   0   0   0   0   0   0
    TTC   1   1   1   1   1   1 |     TCC   2   1   2   2   2   2 |     TAC   1   1   1   1   1   1 |     TGC   0   0   0   0   0   0
Leu TTA   1   2   1   1   1   1 |     TCA   0   0   0   0   0   0 | *** TAA   0   0   0   0   0   0 | *** TGA   0   0   0   0   0   0
    TTG   2   1   2   2   2   1 |     TCG   2   1   2   2   2   2 |     TAG   0   0   0   0   0   0 | Trp TGG   1   1   1   1   1   1
--------------------------------------------------------------------------------------------------------------------------------------
Leu CTT   2   2   2   2   2   2 | Pro CCT   0   0   0   0   0   0 | His CAT   0   0   0   0   0   0 | Arg CGT   2   2   2   2   2   2
    CTC   0   0   0   0   0   0 |     CCC   1   1   1   1   1   1 |     CAC   1   1   1   1   1   1 |     CGC   0   0   0   0   0   0
    CTA   0   0   0   0   0   0 |     CCA   1   1   1   1   1   1 | Gln CAA   2   2   2   2   1   2 |     CGA   0   0   0   0   0   0
    CTG   1   1   1   1   1   2 |     CCG   0   1   0   0   0   0 |     CAG   0   0   0   0   1   0 |     CGG   0   0   0   0   0   0
--------------------------------------------------------------------------------------------------------------------------------------
Ile ATT   0   0   0   0   0   0 | Thr ACT   1   1   1   1   2   1 | Asn AAT   1   1   1   1   1   1 | Ser AGT   0   0   0   0   0   0
    ATC   1   1   1   1   1   1 |     ACC   2   2   2   2   1   2 |     AAC   2   2   2   2   2   2 |     AGC   0   0   0   0   0   0
    ATA   0   0   0   0   0   0 |     ACA   1   1   1   1   1   1 | Lys AAA   3   3   3   3   3   3 | Arg AGA   2   2   2   2   2   2
Met ATG   2   2   2   2   2   2 |     ACG   0   0   0   0   0   0 |     AAG   5   5   5   5   5   5 |     AGG   2   2   2   2   2   2
--------------------------------------------------------------------------------------------------------------------------------------
Val GTT   0   0   0   0   0   0 | Ala GCT   0   0   0   0   0   0 | Asp GAT   0   0   0   0   0   0 | Gly GGT   0   0   0   0   0   0
    GTC   1   1   1   1   1   1 |     GCC   1   1   1   1   1   1 |     GAC   1   1   1   1   1   1 |     GGC   3   3   2   2   2   2
    GTA   0   0   0   0   0   0 |     GCA   0   0   0   0   0   0 | Glu GAA   3   2   2   2   2   2 |     GGA   2   2   3   3   3   3
    GTG   0   0   0   0   0   0 |     GCG   2   2   2   2   2   2 |     GAG   1   2   2   2   2   2 |     GGG   2   2   2   2   2   2
--------------------------------------------------------------------------------------------------------------------------------------

--------------------------------------------------------------------------------------------------------------------------------------
Phe TTT   1   1   1   1   1   1 | Ser TCT   1   1   1   1   1   1 | Tyr TAT   0   0   0   0   0   0 | Cys TGT   0   0   0   0   0   0
    TTC   1   1   1   1   1   1 |     TCC   2   2   2   2   2   2 |     TAC   1   1   1   1   1   1 |     TGC   0   0   0   0   0   0
Leu TTA   1   1   1   1   1   1 |     TCA   0   0   0   0   0   0 | *** TAA   0   0   0   0   0   0 | *** TGA   0   0   0   0   0   0
    TTG   3   1   2   2   2   2 |     TCG   1   2   2   2   2   2 |     TAG   0   0   0   0   0   0 | Trp TGG   1   1   1   1   1   1
--------------------------------------------------------------------------------------------------------------------------------------
Leu CTT   2   2   2   2   2   2 | Pro CCT   0   0   0   0   0   0 | His CAT   0   0   0   0   0   0 | Arg CGT   2   2   2   2   2   2
    CTC   0   0   0   0   0   0 |     CCC   1   1   1   1   1   1 |     CAC   1   1   1   1   1   1 |     CGC   0   0   0   0   0   0
    CTA   0   0   0   0   0   0 |     CCA   1   1   1   1   1   1 | Gln CAA   2   2   2   2   2   1 |     CGA   0   0   1   0   0   0
    CTG   1   2   1   1   1   1 |     CCG   0   0   0   0   0   0 |     CAG   0   0   0   0   0   1 |     CGG   0   0   0   0   0   0
--------------------------------------------------------------------------------------------------------------------------------------
Ile ATT   0   0   0   0   0   0 | Thr ACT   1   1   1   1   1   2 | Asn AAT   1   1   1   1   1   1 | Ser AGT   0   0   0   0   0   0
    ATC   1   1   1   1   1   1 |     ACC   2   2   1   2   1   1 |     AAC   2   2   2   2   2   2 |     AGC   0   0   0   0   0   0
    ATA   0   0   0   0   0   0 |     ACA   1   1   1   1   2   1 | Lys AAA   3   3   2   3   4   3 | Arg AGA   2   2   1   2   3   2
Met ATG   2   2   2   2   2   2 |     ACG   0   0   1   0   0   0 |     AAG   5   5   6   5   4   5 |     AGG   2   2   2   2   1   2
--------------------------------------------------------------------------------------------------------------------------------------
Val GTT   0   0   0   0   0   0 | Ala GCT   0   0   0   0   0   0 | Asp GAT   0   0   0   0   0   0 | Gly GGT   0   0   0   0   0   0
    GTC   1   1   1   1   1   1 |     GCC   1   1   1   1   1   1 |     GAC   1   1   1   1   1   1 |     GGC   2   2   3   2   2   2
    GTA   0   0   0   0   0   0 |     GCA   0   0   0   0   0   0 | Glu GAA   2   2   2   2   2   2 |     GGA   3   3   1   3   3   3
    GTG   0   0   0   0   0   0 |     GCG   2   2   2   2   2   2 |     GAG   2   2   2   2   2   2 |     GGG   2   2   3   2   2   2
--------------------------------------------------------------------------------------------------------------------------------------

--------------------------------------------------------------------------------------------------------------------------------------
Phe TTT   1   1   1   1   1   1 | Ser TCT   1   1   1   1   1   1 | Tyr TAT   0   0   0   0   0   0 | Cys TGT   0   0   0   0   0   0
    TTC   1   1   1   1   1   1 |     TCC   2   2   2   2   2   2 |     TAC   1   1   1   1   1   1 |     TGC   0   0   0   0   0   0
Leu TTA   1   1   1   1   1   1 |     TCA   0   0   0   0   0   0 | *** TAA   0   0   0   0   0   0 | *** TGA   0   0   0   0   0   0
    TTG   2   2   2   2   2   2 |     TCG   2   2   2   2   2   1 |     TAG   0   0   0   0   0   0 | Trp TGG   1   1   1   1   1   1
--------------------------------------------------------------------------------------------------------------------------------------
Leu CTT   2   2   2   2   2   2 | Pro CCT   0   0   0   0   0   0 | His CAT   0   0   0   0   0   0 | Arg CGT   2   2   2   1   2   2
    CTC   0   0   0   0   0   0 |     CCC   1   1   1   1   1   1 |     CAC   1   1   1   1   1   1 |     CGC   0   0   0   0   0   0
    CTA   0   0   0   0   0   0 |     CCA   1   1   1   1   1   1 | Gln CAA   2   2   2   2   2   2 |     CGA   0   0   0   1   0   0
    CTG   1   1   1   1   1   1 |     CCG   0   0   0   0   0   1 |     CAG   0   0   0   0   0   0 |     CGG   0   0   0   0   0   0
--------------------------------------------------------------------------------------------------------------------------------------
Ile ATT   0   0   0   0   0   0 | Thr ACT   1   1   1   2   1   1 | Asn AAT   1   1   1   1   1   1 | Ser AGT   0   0   0   0   0   0
    ATC   1   1   1   1   1   1 |     ACC   1   2   2   1   2   2 |     AAC   2   2   2   2   2   2 |     AGC   0   0   0   0   0   0
    ATA   0   0   0   0   0   0 |     ACA   2   1   1   1   1   1 | Lys AAA   3   3   3   3   4   3 | Arg AGA   2   2   2   2   2   2
Met ATG   2   2   2   2   2   2 |     ACG   0   0   0   0   0   0 |     AAG   5   5   5   5   4   5 |     AGG   2   2   2   2   2   2
--------------------------------------------------------------------------------------------------------------------------------------
Val GTT   0   0   0   0   0   0 | Ala GCT   0   0   0   0   0   0 | Asp GAT   0   0   0   0   0   0 | Gly GGT   0   0   0   0   0   0
    GTC   1   1   1   1   1   1 |     GCC   1   1   1   1   1   1 |     GAC   1   1   1   1   1   1 |     GGC   2   2   2   2   2   3
    GTA   0   0   0   0   0   0 |     GCA   0   0   0   0   0   0 | Glu GAA   2   2   2   2   1   2 |     GGA   3   3   3   3   3   2
    GTG   0   0   0   0   0   0 |     GCG   2   2   2   2   2   2 |     GAG   2   2   2   2   3   2 |     GGG   2   2   2   2   2   2
--------------------------------------------------------------------------------------------------------------------------------------

--------------------------------------------------------------------------------------------------------------------------------------
Phe TTT   1   1   1   1   1   1 | Ser TCT   1   1   1   1   1   1 | Tyr TAT   0   0   0   0   0   0 | Cys TGT   0   0   0   0   0   0
    TTC   1   1   1   1   1   1 |     TCC   2   2   2   2   2   2 |     TAC   1   1   1   1   1   1 |     TGC   0   0   0   0   0   0
Leu TTA   1   1   1   2   1   1 |     TCA   0   0   0   0   0   0 | *** TAA   0   0   0   0   0   0 | *** TGA   0   0   0   0   0   0
    TTG   2   2   2   1   2   2 |     TCG   2   2   2   1   2   2 |     TAG   0   0   0   0   0   0 | Trp TGG   1   1   1   1   1   1
--------------------------------------------------------------------------------------------------------------------------------------
Leu CTT   2   2   2   2   2   2 | Pro CCT   0   0   0   0   0   0 | His CAT   0   0   0   0   0   0 | Arg CGT   2   2   2   2   2   2
    CTC   0   0   0   0   0   0 |     CCC   1   1   1   1   1   1 |     CAC   1   1   1   1   1   1 |     CGC   0   0   0   0   0   0
    CTA   0   0   0   0   0   0 |     CCA   1   1   1   1   1   1 | Gln CAA   2   2   2   2   2   2 |     CGA   0   0   1   0   0   0
    CTG   1   1   1   1   1   1 |     CCG   0   0   0   1   0   0 |     CAG   0   0   0   0   0   0 |     CGG   0   0   0   0   0   0
--------------------------------------------------------------------------------------------------------------------------------------
Ile ATT   0   0   0   0   0   0 | Thr ACT   1   1   1   1   1   1 | Asn AAT   1   1   1   1   1   1 | Ser AGT   0   0   0   0   0   0
    ATC   1   1   1   1   1   1 |     ACC   2   2   1   2   2   2 |     AAC   2   2   2   2   2   2 |     AGC   0   0   0   0   0   0
    ATA   0   0   0   0   0   0 |     ACA   1   1   1   1   1   1 | Lys AAA   3   3   2   3   3   3 | Arg AGA   2   2   0   2   2   2
Met ATG   2   2   2   2   2   2 |     ACG   0   0   1   0   0   0 |     AAG   5   5   6   5   5   5 |     AGG   2   2   3   2   2   2
--------------------------------------------------------------------------------------------------------------------------------------
Val GTT   0   0   0   0   0   0 | Ala GCT   0   0   0   0   0   0 | Asp GAT   0   0   0   0   0   0 | Gly GGT   0   0   0   0   0   0
    GTC   1   1   1   1   1   1 |     GCC   1   1   1   1   1   1 |     GAC   1   1   1   1   1   1 |     GGC   3   2   3   3   2   2
    GTA   0   0   0   0   0   0 |     GCA   0   0   0   0   0   0 | Glu GAA   3   2   2   2   2   2 |     GGA   2   3   1   2   3   3
    GTG   0   0   0   0   0   0 |     GCG   2   2   2   2   2   2 |     GAG   1   2   2   2   2   2 |     GGG   2   2   3   2   2   2
--------------------------------------------------------------------------------------------------------------------------------------

--------------------------------------------------------------------------------------------------------------------------------------
Phe TTT   1   1   1   1   1   1 | Ser TCT   1   1   1   1   2   1 | Tyr TAT   0   0   0   0   0   0 | Cys TGT   0   0   0   0   0   0
    TTC   1   1   1   1   1   1 |     TCC   2   2   2   2   1   2 |     TAC   1   1   1   1   1   1 |     TGC   0   0   0   0   0   0
Leu TTA   1   1   1   1   1   1 |     TCA   0   1   0   0   0   0 | *** TAA   0   0   0   0   0   0 | *** TGA   0   0   0   0   0   0
    TTG   2   2   1   2   1   1 |     TCG   2   1   2   2   2   2 |     TAG   0   0   0   0   0   0 | Trp TGG   1   1   1   1   1   1
--------------------------------------------------------------------------------------------------------------------------------------
Leu CTT   1   2   2   2   2   2 | Pro CCT   0   0   0   0   0   0 | His CAT   0   0   0   0   0   0 | Arg CGT   2   2   2   2   2   2
    CTC   1   0   0   0   0   0 |     CCC   1   1   1   1   1   1 |     CAC   1   1   2   1   1   1 |     CGC   0   0   0   0   0   0
    CTA   0   0   0   0   0   0 |     CCA   1   1   1   1   1   1 | Gln CAA   2   2   2   2   2   2 |     CGA   0   0   0   0   0   0
    CTG   1   1   2   1   2   2 |     CCG   0   0   0   0   0   0 |     CAG   0   0   0   0   0   0 |     CGG   1   0   0   0   0   0
--------------------------------------------------------------------------------------------------------------------------------------
Ile ATT   0   0   0   0   0   0 | Thr ACT   1   1   1   1   1   1 | Asn AAT   1   1   1   1   1   1 | Ser AGT   0   0   0   0   0   0
    ATC   1   1   1   1   1   1 |     ACC   2   2   2   2   2   2 |     AAC   2   2   1   2   2   2 |     AGC   0   0   0   0   0   0
    ATA   0   0   0   0   0   0 |     ACA   1   1   1   1   1   1 | Lys AAA   3   3   3   3   3   3 | Arg AGA   2   2   2   2   2   2
Met ATG   2   2   2   2   2   2 |     ACG   0   0   0   1   0   0 |     AAG   5   5   5   5   5   5 |     AGG   1   2   2   2   2   2
--------------------------------------------------------------------------------------------------------------------------------------
Val GTT   0   0   0   0   0   0 | Ala GCT   0   0   0   0   0   0 | Asp GAT   0   0   0   0   0   0 | Gly GGT   0   0   1   0   0   0
    GTC   1   1   1   1   1   1 |     GCC   1   1   1   1   1   1 |     GAC   1   1   1   1   1   1 |     GGC   2   2   1   2   2   2
    GTA   0   0   0   0   0   0 |     GCA   0   0   0   0   0   0 | Glu GAA   2   2   2   2   2   2 |     GGA   3   3   3   3   4   3
    GTG   0   0   0   0   0   0 |     GCG   2   2   2   1   2   2 |     GAG   2   2   2   2   2   2 |     GGG   2   2   2   2   1   2
--------------------------------------------------------------------------------------------------------------------------------------

Codon position x base (3x4) table for each sequence.

#1: Argali         
position  1:    T:0.20000    C:0.16667    A:0.36667    G:0.26667
position  2:    T:0.20000    C:0.23333    A:0.33333    G:0.23333
position  3:    T:0.13333    C:0.26667    A:0.25000    G:0.35000
Average         T:0.17778    C:0.22222    A:0.31667    G:0.28333

#2: LesserMouseDeer
position  1:    T:0.20000    C:0.18333    A:0.35000    G:0.26667
position  2:    T:0.20000    C:0.25000    A:0.31667    G:0.23333
position  3:    T:0.13333    C:0.26667    A:0.28333    G:0.31667
Average         T:0.17778    C:0.23333    A:0.31667    G:0.27222

#3: LesserKudu     
position  1:    T:0.18333    C:0.18333    A:0.40000    G:0.23333
position  2:    T:0.20000    C:0.23333    A:0.33333    G:0.23333
position  3:    T:0.13333    C:0.26667    A:0.25000    G:0.35000
Average         T:0.17222    C:0.22778    A:0.32778    G:0.27222

#4: ForestMuskDeer2
position  1:    T:0.20000    C:0.16667    A:0.38333    G:0.25000
position  2:    T:0.20000    C:0.23333    A:0.33333    G:0.23333
position  3:    T:0.13333    C:0.26667    A:0.25000    G:0.35000
Average         T:0.17778    C:0.22222    A:0.32222    G:0.27778

#5: Camel          
position  1:    T:0.21667    C:0.18333    A:0.33333    G:0.26667
position  2:    T:0.20000    C:0.23333    A:0.33333    G:0.23333
position  3:    T:0.15000    C:0.23333    A:0.30000    G:0.31667
Average         T:0.18889    C:0.21667    A:0.32222    G:0.27222

#6: KillerWhale    
position  1:    T:0.20000    C:0.16667    A:0.36667    G:0.26667
position  2:    T:0.20000    C:0.23333    A:0.33333    G:0.23333
position  3:    T:0.10000    C:0.26667    A:0.33333    G:0.30000
Average         T:0.16667    C:0.22222    A:0.34444    G:0.26667

#7: DefassaWaterbuck
position  1:    T:0.20000    C:0.16667    A:0.36667    G:0.26667
position  2:    T:0.20000    C:0.23333    A:0.33333    G:0.23333
position  3:    T:0.13333    C:0.25000    A:0.26667    G:0.35000
Average         T:0.17778    C:0.21667    A:0.32222    G:0.28333

#8: Sheep          
position  1:    T:0.20000    C:0.16667    A:0.36667    G:0.26667
position  2:    T:0.20000    C:0.23333    A:0.33333    G:0.23333
position  3:    T:0.13333    C:0.26667    A:0.25000    G:0.35000
Average         T:0.17778    C:0.22222    A:0.31667    G:0.28333

#9: MaxwellsDuiker 
position  1:    T:0.20000    C:0.16667    A:0.36667    G:0.26667
position  2:    T:0.20000    C:0.23333    A:0.33333    G:0.23333
position  3:    T:0.13333    C:0.26667    A:0.25000    G:0.35000
Average         T:0.17778    C:0.22222    A:0.31667    G:0.28333

#10: GazellaPrzewalskyi
position  1:    T:0.20000    C:0.16667    A:0.36667    G:0.26667
position  2:    T:0.20000    C:0.23333    A:0.33333    G:0.23333
position  3:    T:0.11667    C:0.26667    A:0.25000    G:0.36667
Average         T:0.17222    C:0.22222    A:0.31667    G:0.28889

#11: MountainNyala  
position  1:    T:0.18333    C:0.18333    A:0.36667    G:0.26667
position  2:    T:0.20000    C:0.23333    A:0.33333    G:0.23333
position  3:    T:0.13333    C:0.26667    A:0.25000    G:0.35000
Average         T:0.17222    C:0.22778    A:0.31667    G:0.28333

#12: MuntiacusMuntjak
position  1:    T:0.20000    C:0.18333    A:0.35000    G:0.26667
position  2:    T:0.20000    C:0.23333    A:0.33333    G:0.23333
position  3:    T:0.13333    C:0.26667    A:0.18333    G:0.41667
Average         T:0.17778    C:0.22778    A:0.28889    G:0.30556

#13: goat           
position  1:    T:0.20000    C:0.16667    A:0.36667    G:0.26667
position  2:    T:0.20000    C:0.23333    A:0.33333    G:0.23333
position  3:    T:0.13333    C:0.26667    A:0.25000    G:0.35000
Average         T:0.17778    C:0.22222    A:0.31667    G:0.28333

#14: AfricanBuffalo 
position  1:    T:0.20000    C:0.16667    A:0.36667    G:0.26667
position  2:    T:0.20000    C:0.23333    A:0.33333    G:0.23333
position  3:    T:0.13333    C:0.26667    A:0.25000    G:0.35000
Average         T:0.17778    C:0.22222    A:0.31667    G:0.28333

#15: Topi           
position  1:    T:0.20000    C:0.16667    A:0.36667    G:0.26667
position  2:    T:0.20000    C:0.23333    A:0.33333    G:0.23333
position  3:    T:0.15000    C:0.25000    A:0.23333    G:0.36667
Average         T:0.18333    C:0.21667    A:0.31111    G:0.28889

#16: CommonDuiker   
position  1:    T:0.20000    C:0.16667    A:0.36667    G:0.26667
position  2:    T:0.20000    C:0.23333    A:0.33333    G:0.23333
position  3:    T:0.13333    C:0.26667    A:0.25000    G:0.35000
Average         T:0.17778    C:0.22222    A:0.31667    G:0.28333

#17: Suni           
position  1:    T:0.20000    C:0.16667    A:0.36667    G:0.26667
position  2:    T:0.20000    C:0.23333    A:0.33333    G:0.23333
position  3:    T:0.11667    C:0.28333    A:0.25000    G:0.35000
Average         T:0.17222    C:0.22778    A:0.31667    G:0.28333

#18: Springbuck     
position  1:    T:0.20000    C:0.16667    A:0.36667    G:0.26667
position  2:    T:0.20000    C:0.23333    A:0.33333    G:0.23333
position  3:    T:0.13333    C:0.26667    A:0.23333    G:0.36667
Average         T:0.17778    C:0.22222    A:0.31111    G:0.28889

#19: Okapi          
position  1:    T:0.20000    C:0.16667    A:0.36667    G:0.26667
position  2:    T:0.20000    C:0.23333    A:0.33333    G:0.23333
position  3:    T:0.13333    C:0.26667    A:0.28333    G:0.31667
Average         T:0.17778    C:0.22222    A:0.32778    G:0.27222

#20: Giraffe        
position  1:    T:0.20000    C:0.16667    A:0.36667    G:0.26667
position  2:    T:0.20000    C:0.23333    A:0.33333    G:0.23333
position  3:    T:0.13333    C:0.26667    A:0.28333    G:0.31667
Average         T:0.17778    C:0.22222    A:0.32778    G:0.27222

#21: TibetanAntelope
position  1:    T:0.20000    C:0.16667    A:0.36667    G:0.26667
position  2:    T:0.20000    C:0.23333    A:0.33333    G:0.23333
position  3:    T:0.13333    C:0.26667    A:0.26667    G:0.33333
Average         T:0.17778    C:0.22222    A:0.32222    G:0.27778

#22: Sitatunga      
position  1:    T:0.18333    C:0.18333    A:0.36667    G:0.26667
position  2:    T:0.20000    C:0.23333    A:0.33333    G:0.23333
position  3:    T:0.13333    C:0.26667    A:0.25000    G:0.35000
Average         T:0.17222    C:0.22778    A:0.31667    G:0.28333

#23: Oribi          
position  1:    T:0.20000    C:0.16667    A:0.36667    G:0.26667
position  2:    T:0.20000    C:0.23333    A:0.33333    G:0.23333
position  3:    T:0.13333    C:0.26667    A:0.25000    G:0.35000
Average         T:0.17778    C:0.22222    A:0.31667    G:0.28333

#24: BarbarySheep   
position  1:    T:0.20000    C:0.16667    A:0.36667    G:0.26667
position  2:    T:0.20000    C:0.23333    A:0.33333    G:0.23333
position  3:    T:0.15000    C:0.25000    A:0.25000    G:0.35000
Average         T:0.18333    C:0.21667    A:0.31667    G:0.28333

#25: Daviddeer      
position  1:    T:0.20000    C:0.16667    A:0.36667    G:0.26667
position  2:    T:0.20000    C:0.23333    A:0.33333    G:0.23333
position  3:    T:0.13333    C:0.28333    A:0.25000    G:0.33333
Average         T:0.17778    C:0.22778    A:0.31667    G:0.27778

#26: Reindeer       
position  1:    T:0.18333    C:0.18333    A:0.36667    G:0.26667
position  2:    T:0.20000    C:0.23333    A:0.33333    G:0.23333
position  3:    T:0.15000    C:0.26667    A:0.25000    G:0.33333
Average         T:0.17778    C:0.22778    A:0.31667    G:0.27778

#27: Ibex           
position  1:    T:0.20000    C:0.16667    A:0.36667    G:0.26667
position  2:    T:0.20000    C:0.23333    A:0.33333    G:0.23333
position  3:    T:0.13333    C:0.26667    A:0.25000    G:0.35000
Average         T:0.17778    C:0.22222    A:0.31667    G:0.28333

#28: GyrantGazelle  
position  1:    T:0.20000    C:0.16667    A:0.36667    G:0.26667
position  2:    T:0.20000    C:0.23333    A:0.33333    G:0.23333
position  3:    T:0.13333    C:0.26667    A:0.25000    G:0.35000
Average         T:0.17778    C:0.22222    A:0.31667    G:0.28333

#29: Hartebeest     
position  1:    T:0.20000    C:0.16667    A:0.36667    G:0.26667
position  2:    T:0.20000    C:0.23333    A:0.33333    G:0.23333
position  3:    T:0.15000    C:0.25000    A:0.23333    G:0.36667
Average         T:0.18333    C:0.21667    A:0.31111    G:0.28889

#30: Bongo          
position  1:    T:0.18333    C:0.18333    A:0.36667    G:0.26667
position  2:    T:0.20000    C:0.23333    A:0.33333    G:0.23333
position  3:    T:0.13333    C:0.26667    A:0.25000    G:0.35000
Average         T:0.17222    C:0.22778    A:0.31667    G:0.28333

#31: Gerenuk        
position  1:    T:0.20000    C:0.16667    A:0.36667    G:0.26667
position  2:    T:0.21667    C:0.21667    A:0.33333    G:0.23333
position  3:    T:0.13333    C:0.26667    A:0.25000    G:0.35000
Average         T:0.18333    C:0.21667    A:0.31667    G:0.28333

#32: CommonEland    
position  1:    T:0.18333    C:0.18333    A:0.36667    G:0.26667
position  2:    T:0.20000    C:0.23333    A:0.33333    G:0.23333
position  3:    T:0.13333    C:0.26667    A:0.25000    G:0.35000
Average         T:0.17222    C:0.22778    A:0.31667    G:0.28333

#33: MuntiacusReevesi
position  1:    T:0.20000    C:0.18333    A:0.35000    G:0.26667
position  2:    T:0.20000    C:0.23333    A:0.33333    G:0.23333
position  3:    T:0.13333    C:0.26667    A:0.20000    G:0.40000
Average         T:0.17778    C:0.22778    A:0.29444    G:0.30000

#34: HarveysDuiker  
position  1:    T:0.20000    C:0.16667    A:0.36667    G:0.26667
position  2:    T:0.20000    C:0.23333    A:0.33333    G:0.23333
position  3:    T:0.13333    C:0.26667    A:0.25000    G:0.35000
Average         T:0.17778    C:0.22222    A:0.31667    G:0.28333

#35: Pronghorn      
position  1:    T:0.20000    C:0.16667    A:0.36667    G:0.26667
position  2:    T:0.20000    C:0.23333    A:0.33333    G:0.23333
position  3:    T:0.13333    C:0.25000    A:0.30000    G:0.31667
Average         T:0.17778    C:0.21667    A:0.33333    G:0.27222

#36: BlueWildebeest 
position  1:    T:0.20000    C:0.16667    A:0.36667    G:0.26667
position  2:    T:0.20000    C:0.23333    A:0.33333    G:0.23333
position  3:    T:0.15000    C:0.25000    A:0.23333    G:0.36667
Average         T:0.18333    C:0.21667    A:0.31111    G:0.28889

#37: Gemsbok        
position  1:    T:0.20000    C:0.16667    A:0.36667    G:0.26667
position  2:    T:0.20000    C:0.23333    A:0.33333    G:0.23333
position  3:    T:0.13333    C:0.25000    A:0.26667    G:0.35000
Average         T:0.17778    C:0.21667    A:0.32222    G:0.28333

#38: Yak            
position  1:    T:0.20000    C:0.16667    A:0.36667    G:0.26667
position  2:    T:0.20000    C:0.23333    A:0.33333    G:0.23333
position  3:    T:0.13333    C:0.26667    A:0.25000    G:0.35000
Average         T:0.17778    C:0.22222    A:0.31667    G:0.28333

#39: BlueSheep      
position  1:    T:0.20000    C:0.16667    A:0.36667    G:0.26667
position  2:    T:0.20000    C:0.23333    A:0.33333    G:0.23333
position  3:    T:0.13333    C:0.26667    A:0.25000    G:0.35000
Average         T:0.17778    C:0.22222    A:0.31667    G:0.28333

#40: BohorReedbuck  
position  1:    T:0.20000    C:0.16667    A:0.36667    G:0.26667
position  2:    T:0.20000    C:0.23333    A:0.33333    G:0.23333
position  3:    T:0.13333    C:0.25000    A:0.26667    G:0.35000
Average         T:0.17778    C:0.21667    A:0.32222    G:0.28333

#41: KirksDik       
position  1:    T:0.20000    C:0.16667    A:0.36667    G:0.26667
position  2:    T:0.20000    C:0.23333    A:0.33333    G:0.23333
position  3:    T:0.13333    C:0.26667    A:0.25000    G:0.35000
Average         T:0.17778    C:0.22222    A:0.31667    G:0.28333

#42: RoeDeer        
position  1:    T:0.18333    C:0.18333    A:0.36667    G:0.26667
position  2:    T:0.20000    C:0.23333    A:0.33333    G:0.23333
position  3:    T:0.13333    C:0.28333    A:0.23333    G:0.35000
Average         T:0.17222    C:0.23333    A:0.31111    G:0.28333

#43: WhiteLippedDeer
position  1:    T:0.20000    C:0.16667    A:0.36667    G:0.26667
position  2:    T:0.20000    C:0.23333    A:0.33333    G:0.23333
position  3:    T:0.13333    C:0.28333    A:0.25000    G:0.33333
Average         T:0.17778    C:0.22778    A:0.31667    G:0.27778

#44: ThomsonGazelle 
position  1:    T:0.20000    C:0.16667    A:0.36667    G:0.26667
position  2:    T:0.20000    C:0.23333    A:0.33333    G:0.23333
position  3:    T:0.13333    C:0.26667    A:0.25000    G:0.35000
Average         T:0.17778    C:0.22222    A:0.31667    G:0.28333

#45: MuntiacusCrinifrons
position  1:    T:0.20000    C:0.18333    A:0.35000    G:0.26667
position  2:    T:0.20000    C:0.23333    A:0.33333    G:0.23333
position  3:    T:0.13333    C:0.26667    A:0.18333    G:0.41667
Average         T:0.17778    C:0.22778    A:0.28889    G:0.30556

#46: WhiteTailedDeer
position  1:    T:0.18333    C:0.18333    A:0.36667    G:0.26667
position  2:    T:0.20000    C:0.23333    A:0.33333    G:0.23333
position  3:    T:0.13333    C:0.28333    A:0.25000    G:0.33333
Average         T:0.17222    C:0.23333    A:0.31667    G:0.27778

#47: Cattle         
position  1:    T:0.20000    C:0.16667    A:0.36667    G:0.26667
position  2:    T:0.20000    C:0.23333    A:0.33333    G:0.23333
position  3:    T:0.13333    C:0.26667    A:0.25000    G:0.35000
Average         T:0.17778    C:0.22222    A:0.31667    G:0.28333

#48: RoyalAntelope  
position  1:    T:0.20000    C:0.16667    A:0.36667    G:0.26667
position  2:    T:0.20000    C:0.23333    A:0.33333    G:0.23333
position  3:    T:0.13333    C:0.26667    A:0.25000    G:0.35000
Average         T:0.17778    C:0.22222    A:0.31667    G:0.28333

#49: Steenbok       
position  1:    T:0.20000    C:0.18333    A:0.35000    G:0.26667
position  2:    T:0.20000    C:0.23333    A:0.33333    G:0.23333
position  3:    T:0.11667    C:0.28333    A:0.25000    G:0.35000
Average         T:0.17222    C:0.23333    A:0.31111    G:0.28333

#50: Impala         
position  1:    T:0.20000    C:0.16667    A:0.36667    G:0.26667
position  2:    T:0.20000    C:0.23333    A:0.33333    G:0.23333
position  3:    T:0.13333    C:0.26667    A:0.26667    G:0.33333
Average         T:0.17778    C:0.22222    A:0.32222    G:0.27778

#51: Klipspringer   
position  1:    T:0.18333    C:0.20000    A:0.35000    G:0.26667
position  2:    T:0.20000    C:0.23333    A:0.33333    G:0.23333
