1
52 1
Argali 0.000000 0.806700 0.360400 0.649400 0.263900 0.045500 0.249100 0.236600 0.370700 0.308900 0.103900 0.303900 0.213100 0.261000 0.310700 0.249100 0.377200 0.327400 0.200900 0.372400 0.242300 0.078300 0.353000 0.420400 0.099700 0.329700 0.198900 0.382800 0.308600 0.378500 0.301000 0.284700 0.405700 0.253700 0.212700 0.452700 0.088400 0.274600 0.291100 0.390200 0.342400 0.364800 0.330400 0.405900 0.426400 0.253200 0.215800 0.248000 0.209200 0.331900 0.410800 0.405500
LesserMous 0.806700 0.000000 0.744300 0.892200 0.813200 0.848300 0.699600 0.771800 0.725600 0.838100 0.829100 0.720100 0.780000 0.724800 0.884300 0.785300 0.634700 0.671600 0.955000 0.731100 0.769900 0.841300 0.760100 0.737100 0.782300 0.794900 0.810400 0.705100 0.810300 0.665800 0.829100 0.719000 0.688300 0.814400 0.783700 0.842400 0.780600 0.811600 0.802100 0.873500 0.788400 0.831400 0.835000 0.760200 0.808900 0.761100 0.791200 0.716000 0.680500 0.798500 0.730200 0.742600
LesserKudu 0.360400 0.744300 0.000000 0.768300 0.347900 0.377000 0.235500 0.266600 0.081600 0.274000 0.326300 0.223000 0.379600 0.225700 0.321500 0.288700 0.368200 0.362600 0.475000 0.073400 0.282200 0.362600 0.340100 0.384100 0.318500 0.350400 0.358800 0.081700 0.395800 0.057400 0.288200 0.272600 0.417600 0.402600 0.303100 0.314400 0.323300 0.326900 0.322800 0.389600 0.329400 0.375500 0.273600 0.371400 0.298600 0.305200 0.364800 0.277000 0.245900 0.318200 0.105600 0.098600
KillerWhal 0.649400 0.892200 0.768300 0.000000 0.733300 0.667600 0.786800 0.752800 0.790400 0.752300 0.676000 0.677700 0.637600 0.772800 0.749100 0.706100 0.702200 0.674500 0.708100 0.795500 0.718600 0.666600 0.773100 0.794700 0.699500 0.688900 0.670800 0.774000 0.791400 0.772000 0.744000 0.797400 0.692800 0.741800 0.623600 0.841900 0.677800 0.732600 0.620400 0.979500 0.799200 0.773000 0.755400 0.842900 0.848100 0.673400 0.726200 0.756600 0.703600 0.647400 0.798700 0.846500
DefassaWat 0.263900 0.813200 0.347900 0.733300 0.000000 0.259900 0.219300 0.269700 0.336300 0.296600 0.304300 0.315200 0.276300 0.210600 0.261900 0.239700 0.344900 0.318300 0.376000 0.337800 0.254700 0.294900 0.255400 0.381300 0.308300 0.264800 0.271100 0.325200 0.270600 0.320200 0.288800 0.213800 0.379800 0.329400 0.224300 0.360600 0.290600 0.075600 0.323500 0.352700 0.245900 0.286200 0.295700 0.369600 0.358500 0.202300 0.245000 0.220100 0.164200 0.297300 0.330400 0.335300
Sheep 0.045500 0.848300 0.377000 0.667600 0.259900 0.000000 0.265900 0.234200 0.387400 0.325700 0.154400 0.344000 0.250400 0.277900 0.308200 0.255800 0.393700 0.321200 0.217300 0.389100 0.281500 0.128200 0.369600 0.437900 0.151900 0.324300 0.234900 0.375700 0.327100 0.371200 0.317900 0.301200 0.398600 0.314300 0.209500 0.457000 0.139800 0.312400 0.307700 0.432000 0.359100 0.381500 0.347100 0.423100 0.457000 0.270400 0.231000 0.243400 0.225500 0.348700 0.380100 0.397800
MaxwellsDu 0.249100 0.699600 0.235500 0.786800 0.219300 0.265900 0.000000 0.181300 0.234000 0.274400 0.238500 0.179500 0.239800 0.043800 0.237000 0.193400 0.277200 0.272900 0.358600 0.235100 0.208000 0.250300 0.296300 0.362400 0.262200 0.239500 0.223900 0.234600 0.287200 0.228600 0.265800 0.068900 0.322400 0.284200 0.176800 0.317500 0.223400 0.250000 0.191400 0.393400 0.262900 0.262300 0.273400 0.349600 0.290100 0.172000 0.238900 0.170600 0.113600 0.297000 0.261800 0.255400
GazellaPrz 0.236600 0.771800 0.266600 0.752800 0.269700 0.234200 0.181300 0.000000 0.276400 0.352400 0.248600 0.277500 0.271800 0.171800 0.284200 0.122000 0.285800 0.260000 0.315900 0.277700 0.132100 0.257900 0.350200 0.406800 0.250000 0.208700 0.255200 0.265600 0.189700 0.260100 0.344200 0.216700 0.320100 0.315600 0.207700 0.375100 0.231900 0.280800 0.183100 0.362900 0.339400 0.229700 0.351200 0.393300 0.385200 0.184300 0.174600 0.182100 0.145600 0.293500 0.270800 0.286300
MountainNy 0.370700 0.725600 0.081600 0.790400 0.336300 0.387400 0.234000 0.276400 0.000000 0.329900 0.359100 0.243600 0.367300 0.235500 0.331800 0.277000 0.332900 0.327800 0.486700 0.023300 0.291900 0.373000 0.328200 0.395900 0.328800 0.360700 0.336300 0.063700 0.383000 0.056500 0.321600 0.282600 0.404600 0.389300 0.270200 0.360800 0.333500 0.337700 0.310700 0.377000 0.317500 0.385900 0.306300 0.382900 0.345200 0.304300 0.374600 0.265600 0.234900 0.329200 0.087700 0.080700
MuntiacusM 0.308900 0.838100 0.274000 0.752300 0.296600 0.325700 0.274400 0.352400 0.329900 0.000000 0.297900 0.286000 0.339800 0.264700 0.273200 0.337000 0.338500 0.322800 0.387600 0.331500 0.331600 0.288100 0.126100 0.229000 0.325700 0.419200 0.343400 0.295000 0.422100 0.290000 0.007900 0.289500 0.388400 0.363300 0.287600 0.414300 0.305700 0.309800 0.415800 0.276500 0.134400 0.420700 0.032500 0.199100 0.386400 0.265100 0.357700 0.281200 0.229900 0.290600 0.322500 0.340400
goat 0.103900 0.829100 0.326300 0.676000 0.304300 0.154400 0.238500 0.248600 0.359100 0.297900 0.000000 0.316000 0.243800 0.250300 0.302400 0.258800 0.389700 0.361100 0.211600 0.360700 0.254200 0.070600 0.341700 0.384300 0.073100 0.372900 0.228900 0.371000 0.350800 0.366600 0.312200 0.274000 0.441200 0.263900 0.203200 0.466700 0.047300 0.316900 0.279300 0.412600 0.331200 0.397900 0.319100 0.370900 0.440500 0.242500 0.206200 0.258200 0.199400 0.343400 0.398800 0.393400
AfricanBuf 0.303900 0.720100 0.223000 0.677700 0.315200 0.344000 0.179500 0.277500 0.243600 0.286000 0.316000 0.000000 0.297100 0.191400 0.268100 0.297300 0.333800 0.283300 0.424400 0.234000 0.293300 0.329300 0.295900 0.337600 0.251000 0.374700 0.279000 0.243900 0.382300 0.216500 0.277500 0.216600 0.346000 0.344600 0.270900 0.275700 0.301300 0.293600 0.266400 0.343300 0.308600 0.376000 0.285200 0.349400 0.249000 0.246800 0.354200 0.243600 0.212700 0.320200 0.270900 0.264800
Topi 0.213100 0.780000 0.379600 0.637600 0.276300 0.250400 0.239800 0.271800 0.367300 0.339800 0.243800 0.297100 0.000000 0.230100 0.307700 0.303700 0.326800 0.345300 0.313700 0.369200 0.310800 0.234600 0.313700 0.367500 0.223200 0.358300 0.024200 0.355200 0.357600 0.349600 0.331300 0.243700 0.352300 0.103000 0.163400 0.438300 0.228900 0.299700 0.330100 0.400900 0.302800 0.410400 0.337800 0.355300 0.410700 0.221900 0.305600 0.238900 0.198500 0.375100 0.359400 0.378500
CommonDuik 0.261000 0.724800 0.225700 0.772800 0.210600 0.277900 0.043800 0.171800 0.235500 0.264700 0.250300 0.191400 0.230100 0.000000 0.248300 0.195000 0.246300 0.263900 0.372800 0.236600 0.198400 0.262300 0.286900 0.342100 0.252500 0.241400 0.214600 0.224800 0.289200 0.218700 0.256100 0.042600 0.325900 0.273700 0.188000 0.320800 0.235200 0.240700 0.224100 0.372000 0.253600 0.264400 0.263800 0.329900 0.304400 0.162300 0.250000 0.181900 0.123700 0.263400 0.252000 0.245500
Suni 0.310700 0.884300 0.321500 0.749100 0.261900 0.308200 0.237000 0.284200 0.331800 0.273200 0.302400 0.268100 0.307700 0.248300 0.000000 0.276500 0.350800 0.302900 0.397300 0.355700 0.311400 0.311300 0.315100 0.377100 0.349700 0.323700 0.290400 0.320800 0.345000 0.316200 0.286400 0.271300 0.351700 0.340600 0.241600 0.418400 0.306900 0.283500 0.298000 0.360600 0.305100 0.347400 0.293300 0.343100 0.392600 0.240900 0.319600 0.236500 0.199400 0.360000 0.347200 0.353000
Springbuck 0.249100 0.785300 0.288700 0.706100 0.239700 0.255800 0.193400 0.122000 0.277000 0.337000 0.258800 0.297300 0.303700 0.195000 0.276500 0.000000 0.295400 0.270900 0.347400 0.299800 0.119900 0.270200 0.271400 0.329300 0.260100 0.144600 0.286400 0.287700 0.109100 0.282400 0.329100 0.207900 0.316000 0.347300 0.199700 0.415700 0.244600 0.248900 0.194900 0.334300 0.281800 0.145200 0.336000 0.340700 0.415800 0.166800 0.135100 0.233300 0.139800 0.249300 0.314200 0.308300
Okapi 0.377200 0.634700 0.368200 0.702200 0.344900 0.393700 0.277200 0.285800 0.332900 0.338500 0.389700 0.333800 0.326800 0.246300 0.350800 0.295400 0.000000 0.130700 0.465400 0.357800 0.311200 0.404300 0.314400 0.342800 0.348700 0.346000 0.330300 0.344500 0.347100 0.316600 0.330400 0.269900 0.349900 0.406600 0.279200 0.449500 0.353200 0.358700 0.365900 0.372100 0.282200 0.370400 0.337400 0.353500 0.449100 0.279700 0.360500 0.253800 0.215200 0.329100 0.326500 0.366700
Giraffe 0.327400 0.671600 0.362600 0.674500 0.318300 0.321200 0.272900 0.260000 0.327800 0.322800 0.361100 0.283300 0.345300 0.263900 0.302900 0.270900 0.130700 0.000000 0.428500 0.352400 0.318400 0.352200 0.321400 0.349800 0.320600 0.362800 0.325400 0.339200 0.342500 0.334200 0.314700 0.287300 0.356600 0.413800 0.254700 0.454200 0.347500 0.330800 0.337900 0.388800 0.311200 0.387200 0.344400 0.360600 0.454000 0.287700 0.355700 0.200400 0.192700 0.301000 0.321600 0.361400
TibetanAnt 0.200900 0.955000 0.475000 0.708100 0.376000 0.217300 0.358600 0.315900 0.486700 0.387600 0.211600 0.424400 0.313700 0.372800 0.397300 0.347400 0.465400 0.428500 0.000000 0.489100 0.396200 0.201700 0.409800 0.474900 0.233700 0.416200 0.294800 0.472700 0.448200 0.469300 0.379300 0.398100 0.508300 0.360600 0.286000 0.528300 0.175100 0.393700 0.430000 0.564300 0.398000 0.418000 0.387600 0.482900 0.500300 0.338700 0.347400 0.326600 0.307000 0.416200 0.503700 0.498700
Sitatunga 0.372400 0.731100 0.073400 0.795500 0.337800 0.389100 0.235100 0.277700 0.023300 0.331500 0.360700 0.234000 0.369200 0.236600 0.355700 0.299800 0.357800 0.352400 0.489100 0.000000 0.293200 0.374700 0.329800 0.397900 0.330300 0.351200 0.337900 0.039400 0.407800 0.047700 0.323300 0.283900 0.394800 0.391300 0.293000 0.350400 0.335000 0.339200 0.312200 0.378900 0.319100 0.376300 0.307800 0.384800 0.334700 0.294200 0.376200 0.266800 0.235900 0.330900 0.063000 0.055800
Oribi 0.242300 0.769900 0.282200 0.718600 0.254700 0.281500 0.208000 0.132100 0.291900 0.331600 0.254200 0.293300 0.310800 0.198400 0.311400 0.119900 0.311200 0.318400 0.396200 0.293200 0.000000 0.263400 0.307500 0.383600 0.255300 0.215300 0.304300 0.303000 0.186900 0.297800 0.323500 0.222600 0.335700 0.331500 0.213700 0.428300 0.237600 0.243900 0.229300 0.309700 0.275800 0.216200 0.330600 0.371300 0.413100 0.180100 0.190000 0.237700 0.151900 0.309200 0.330300 0.324400
BarbaryShe 0.078300 0.841300 0.362600 0.666600 0.294900 0.128200 0.250300 0.257900 0.373000 0.288100 0.070600 0.329300 0.234600 0.262300 0.311300 0.270200 0.404300 0.352200 0.201700 0.374700 0.263400 0.000000 0.309400 0.400000 0.118000 0.362900 0.219700 0.361200 0.338700 0.380800 0.280100 0.286100 0.381600 0.245100 0.213600 0.455800 0.088600 0.296800 0.314100 0.402700 0.299100 0.412400 0.309300 0.384200 0.429400 0.254400 0.234900 0.248600 0.210100 0.333800 0.364900 0.408100
Daviddeer 0.353000 0.760100 0.340100 0.773100 0.255400 0.369600 0.296300 0.350200 0.328200 0.126100 0.341700 0.295900 0.313700 0.286900 0.315100 0.271400 0.314400 0.321400 0.409800 0.329800 0.307500 0.309400 0.000000 0.209600 0.324100 0.364900 0.318000 0.294500 0.351400 0.311800 0.118200 0.288500 0.359900 0.335500 0.287400 0.418600 0.304600 0.276600 0.412000 0.255400 0.038300 0.343800 0.125800 0.183800 0.391800 0.254200 0.314100 0.249400 0.210800 0.301700 0.298800 0.315800
Reindeer 0.420400 0.737100 0.384100 0.794700 0.381300 0.437900 0.362400 0.406800 0.395900 0.229000 0.384300 0.337600 0.367500 0.342100 0.377100 0.329300 0.342800 0.349800 0.474900 0.397900 0.383600 0.400000 0.209600 0.000000 0.391100 0.384900 0.371300 0.383800 0.412900 0.354700 0.220800 0.353300 0.415700 0.399800 0.314100 0.442800 0.393800 0.373900 0.430900 0.302400 0.220200 0.385600 0.227900 0.095400 0.443600 0.340800 0.374400 0.343400 0.289500 0.264500 0.412600 0.407000
Ibex 0.099700 0.782300 0.318500 0.699500 0.308300 0.151900 0.262200 0.250000 0.328800 0.325700 0.073100 0.251000 0.223200 0.252500 0.349700 0.260100 0.348700 0.320600 0.233700 0.330300 0.255300 0.118000 0.324100 0.391100 0.000000 0.378900 0.208500 0.340800 0.354700 0.336000 0.317400 0.277200 0.399600 0.266000 0.222900 0.424800 0.075500 0.298800 0.305100 0.371600 0.313200 0.405000 0.324600 0.377600 0.397700 0.254200 0.263300 0.260400 0.198700 0.325600 0.368900 0.363300
GyrantGaze 0.329700 0.794900 0.350400 0.688900 0.264800 0.324300 0.239500 0.208700 0.360700 0.419200 0.372900 0.374700 0.358300 0.241400 0.323700 0.144600 0.346000 0.362800 0.416200 0.351200 0.215300 0.362900 0.364900 0.384900 0.378900 0.000000 0.338100 0.338100 0.177100 0.344400 0.411200 0.232900 0.299400 0.405300 0.263600 0.401900 0.359300 0.264400 0.238700 0.388900 0.331300 0.078400 0.417800 0.418400 0.427700 0.275300 0.225500 0.280500 0.219400 0.299300 0.319900 0.360100
Hartebeest 0.198900 0.810400 0.358800 0.670800 0.271100 0.234900 0.223900 0.255200 0.336300 0.343400 0.228900 0.279000 0.024200 0.214600 0.290400 0.286400 0.330300 0.325400 0.294800 0.337900 0.304300 0.219700 0.318000 0.371300 0.208500 0.338100 0.000000 0.325100 0.338500 0.319800 0.335200 0.228100 0.354900 0.110500 0.151100 0.428800 0.214200 0.294000 0.310800 0.403200 0.307400 0.387400 0.342200 0.358900 0.401800 0.218200 0.288900 0.223700 0.184700 0.378000 0.329300 0.347100
Bongo 0.382800 0.705100 0.081700 0.774000 0.325200 0.375700 0.234600 0.265600 0.063700 0.295000 0.371000 0.243900 0.355200 0.224800 0.320800 0.287700 0.344500 0.339200 0.472700 0.039400 0.303000 0.361200 0.294500 0.383800 0.340800 0.338100 0.325100 0.000000 0.394200 0.039000 0.286800 0.271600 0.355800 0.392300 0.280900 0.336600 0.345400 0.349500 0.299400 0.365000 0.284100 0.362600 0.272300 0.347300 0.321000 0.281300 0.363400 0.255000 0.224600 0.317700 0.038700 0.047400
Gerenuk 0.308600 0.810300 0.395800 0.791400 0.270600 0.327100 0.287200 0.189700 0.383000 0.422100 0.350800 0.382300 0.357600 0.289200 0.345000 0.109100 0.347100 0.342500 0.448200 0.407800 0.186900 0.338700 0.351400 0.412900 0.354700 0.177100 0.338500 0.394200 0.000000 0.367400 0.414500 0.300000 0.390400 0.401600 0.288900 0.478300 0.313900 0.270500 0.286600 0.352500 0.353800 0.213400 0.420800 0.423600 0.505200 0.248100 0.183300 0.265300 0.209300 0.310000 0.376400 0.416400
CommonElan 0.378500 0.665800 0.057400 0.772000 0.320200 0.371200 0.228600 0.260100 0.056500 0.290000 0.366600 0.216500 0.349600 0.218700 0.316200 0.282400 0.316600 0.334200 0.469300 0.047700 0.297800 0.380800 0.311800 0.354700 0.336000 0.344400 0.319800 0.039000 0.367400 0.000000 0.281700 0.266000 0.387500 0.397900 0.275600 0.307800 0.317400 0.321600 0.294200 0.360700 0.301100 0.369400 0.267000 0.366300 0.291800 0.275800 0.337200 0.249300 0.218700 0.289500 0.064000 0.056700
MuntiacusR 0.301000 0.829100 0.288200 0.744000 0.288800 0.317900 0.265800 0.344200 0.321600 0.007900 0.312200 0.277500 0.331300 0.256100 0.286400 0.329100 0.330400 0.314700 0.379300 0.323300 0.323500 0.280100 0.118200 0.220800 0.317400 0.411200 0.335200 0.286800 0.414500 0.281700 0.000000 0.281100 0.380100 0.354800 0.279500 0.405700 0.297600 0.301700 0.407600 0.268500 0.126600 0.412700 0.024500 0.211000 0.377600 0.256500 0.350200 0.273000 0.221700 0.282300 0.314400 0.332200
HarveysDui 0.284700 0.719000 0.272600 0.797400 0.213800 0.301200 0.068900 0.216700 0.282600 0.289500 0.274000 0.216600 0.243700 0.042600 0.271300 0.207900 0.269900 0.287300 0.398100 0.283900 0.222600 0.286100 0.288500 0.353300 0.277200 0.232900 0.228100 0.271600 0.300000 0.266000 0.281100 0.000000 0.361000 0.264200 0.191800 0.357600 0.259400 0.243400 0.248300 0.407500 0.234700 0.254900 0.288500 0.341000 0.330500 0.188000 0.252300 0.206200 0.138100 0.288700 0.298800 0.292800
Pronghorn 0.405700 0.688300 0.417600 0.692800 0.379800 0.398600 0.322400 0.320100 0.404600 0.388400 0.441200 0.346000 0.352300 0.325900 0.351700 0.316000 0.349900 0.356600 0.508300 0.394800 0.335700 0.381600 0.359900 0.415700 0.399600 0.299400 0.354900 0.355800 0.390400 0.387500 0.380100 0.361000 0.000000 0.387000 0.322300 0.465000 0.427700 0.419600 0.342800 0.384300 0.349000 0.345700 0.412300 0.365400 0.494400 0.323900 0.383500 0.316600 0.297000 0.399700 0.337000 0.403900
BlueWildeb 0.253700 0.814400 0.402600 0.741800 0.329400 0.314300 0.284200 0.315600 0.389300 0.363300 0.263900 0.344600 0.103000 0.273700 0.340600 0.347300 0.406600 0.413800 0.360600 0.391300 0.331500 0.245100 0.335500 0.399800 0.266000 0.405300 0.110500 0.392300 0.401600 0.397900 0.354800 0.264200 0.387000 0.000000 0.242300 0.508300 0.249100 0.356900 0.350800 0.423300 0.324600 0.459800 0.361600 0.402500 0.480300 0.274600 0.347700 0.280100 0.260800 0.423900 0.396200 0.413400
Gemsbok 0.212700 0.783700 0.303100 0.623600 0.224300 0.209500 0.176800 0.207700 0.270200 0.287600 0.203200 0.270900 0.163400 0.188000 0.241600 0.199700 0.279200 0.254700 0.286000 0.293000 0.213700 0.213600 0.287400 0.314100 0.222900 0.263600 0.151100 0.280900 0.288900 0.275600 0.279500 0.191800 0.322300 0.242300 0.000000 0.389500 0.188600 0.274200 0.258700 0.389900 0.256100 0.307000 0.286700 0.283400 0.388200 0.180200 0.261900 0.197400 0.142200 0.297300 0.286000 0.301600
Yak 0.452700 0.842400 0.314400 0.841900 0.360600 0.457000 0.317500 0.375100 0.360800 0.414300 0.466700 0.275700 0.438300 0.320800 0.418400 0.415700 0.449500 0.454200 0.528300 0.350400 0.428300 0.455800 0.418600 0.442800 0.424800 0.401900 0.428800 0.336600 0.478300 0.307800 0.405700 0.357600 0.465000 0.508300 0.389500 0.000000 0.425600 0.401200 0.411700 0.472900 0.434000 0.483800 0.412900 0.478700 0.024500 0.395500 0.499600 0.373800 0.325500 0.439500 0.317400 0.359600
BlueSheep 0.088400 0.780600 0.323300 0.677800 0.290600 0.139800 0.223400 0.231900 0.333500 0.305700 0.047300 0.301300 0.228900 0.235200 0.306900 0.244600 0.353200 0.347500 0.175100 0.335000 0.237600 0.088600 0.304600 0.393800 0.075500 0.359300 0.214200 0.345400 0.313900 0.317400 0.297600 0.259400 0.427700 0.249100 0.188600 0.425600 0.000000 0.302900 0.264800 0.374900 0.294200 0.384500 0.304700 0.380500 0.399100 0.227100 0.192200 0.243600 0.184500 0.329300 0.373200 0.367600
BohorReedb 0.274600 0.811600 0.326900 0.732600 0.075600 0.312400 0.250000 0.280800 0.337700 0.309800 0.316900 0.293600 0.299700 0.240700 0.283500 0.248900 0.358700 0.330800 0.393700 0.339200 0.243900 0.296800 0.276600 0.373900 0.298800 0.264400 0.294000 0.349500 0.270500 0.321600 0.301700 0.243400 0.419600 0.356900 0.274200 0.401200 0.302900 0.000000 0.349100 0.343800 0.266500 0.307900 0.308800 0.384900 0.374900 0.242500 0.293400 0.239800 0.170600 0.287800 0.366600 0.372000
KirksDik 0.291100 0.802100 0.322800 0.620400 0.323500 0.307700 0.191400 0.183100 0.310700 0.415800 0.279300 0.266400 0.330100 0.224100 0.298000 0.194900 0.365900 0.337900 0.430000 0.312200 0.229300 0.314100 0.412000 0.430900 0.305100 0.238700 0.310800 0.299400 0.286600 0.294200 0.407600 0.248300 0.342800 0.350800 0.258700 0.411700 0.264800 0.349100 0.000000 0.464900 0.400800 0.282500 0.414400 0.469800 0.384800 0.237500 0.201300 0.253800 0.214000 0.364700 0.327100 0.321100
RoeDeer 0.390200 0.873500 0.389600 0.979500 0.352700 0.432000 0.393400 0.362900 0.377000 0.276500 0.412600 0.343300 0.400900 0.372000 0.360600 0.334300 0.372100 0.388800 0.564300 0.378900 0.309700 0.402700 0.255400 0.302400 0.371600 0.388900 0.403200 0.365000 0.352500 0.360700 0.268500 0.407500 0.384300 0.423300 0.389900 0.472900 0.374900 0.343800 0.464900 0.000000 0.266700 0.414600 0.275800 0.260700 0.474400 0.321500 0.357400 0.350100 0.295100 0.397400 0.393500 0.389400
WhiteLippe 0.342400 0.788400 0.329400 0.799200 0.245900 0.359100 0.262900 0.339400 0.317500 0.134400 0.331200 0.308600 0.302800 0.253600 0.305100 0.281800 0.282200 0.311200 0.398000 0.319100 0.275800 0.299100 0.038300 0.220200 0.313200 0.331300 0.307400 0.284100 0.353800 0.301100 0.126600 0.234700 0.349000 0.324600 0.256100 0.434000 0.294200 0.266500 0.400800 0.266700 0.000000 0.332900 0.134100 0.192200 0.406900 0.265400 0.304500 0.239300 0.201100 0.314200 0.288700 0.327800
ThomsonGaz 0.364800 0.831400 0.375500 0.773000 0.286200 0.381500 0.262300 0.229700 0.385900 0.420700 0.397900 0.376000 0.410400 0.264400 0.347400 0.145200 0.370400 0.387200 0.418000 0.376300 0.216200 0.412400 0.343800 0.385600 0.405000 0.078400 0.387400 0.362600 0.213400 0.369400 0.412700 0.254900 0.345700 0.459800 0.307000 0.483800 0.384500 0.307900 0.282500 0.414600 0.332900 0.000000 0.419300 0.444300 0.485600 0.276500 0.208000 0.326400 0.220400 0.323100 0.390700 0.361600
MuntiacusC 0.330400 0.835000 0.273600 0.755400 0.295700 0.347100 0.273400 0.351200 0.306300 0.032500 0.319100 0.285200 0.337800 0.263800 0.293300 0.336000 0.337400 0.344400 0.387600 0.307800 0.330600 0.309300 0.125800 0.227900 0.324600 0.417800 0.342200 0.272300 0.420800 0.267000 0.024500 0.288500 0.412300 0.361600 0.286700 0.412900 0.304700 0.308800 0.414400 0.275800 0.134100 0.419300 0.000000 0.218300 0.385100 0.264200 0.356600 0.280300 0.229300 0.290100 0.299500 0.316600
WhiteTaile 0.405900 0.760200 0.371400 0.842900 0.369600 0.423100 0.349600 0.393300 0.382900 0.199100 0.370900 0.349400 0.355300 0.329900 0.343100 0.340700 0.353500 0.360600 0.482900 0.384800 0.371300 0.384200 0.183800 0.095400 0.377600 0.418400 0.358900 0.347300 0.423600 0.366300 0.211000 0.341000 0.365400 0.402500 0.283400 0.478700 0.380500 0.384900 0.469800 0.260700 0.192200 0.444300 0.218300 0.000000 0.480200 0.328800 0.406100 0.332100 0.279800 0.320400 0.374900 0.393700
Cattle 0.426400 0.808900 0.298600 0.848100 0.358500 0.457000 0.290100 0.385200 0.345200 0.386400 0.440500 0.249000 0.410700 0.304400 0.392600 0.415800 0.449100 0.454000 0.500300 0.334700 0.413100 0.429400 0.391800 0.443600 0.397700 0.427700 0.401800 0.321000 0.505200 0.291800 0.377600 0.330500 0.494400 0.480300 0.388200 0.024500 0.399100 0.374900 0.384800 0.474400 0.406900 0.485600 0.385100 0.480200 0.000000 0.367800 0.474400 0.372400 0.323100 0.424000 0.349600 0.344000
RoyalAntel 0.253200 0.761100 0.305200 0.673400 0.202300 0.270400 0.172000 0.184300 0.304300 0.265100 0.242500 0.246800 0.221900 0.162300 0.240900 0.166800 0.279700 0.287700 0.338700 0.294200 0.180100 0.254400 0.254200 0.340800 0.254200 0.275300 0.218200 0.281300 0.248100 0.275800 0.256500 0.188000 0.323900 0.274600 0.180200 0.395500 0.227100 0.242500 0.237500 0.321500 0.265400 0.276500 0.264200 0.328800 0.367800 0.000000 0.222800 0.194200 0.106000 0.252700 0.309000 0.290900
Steenbok 0.215800 0.791200 0.364800 0.726200 0.245000 0.231000 0.238900 0.174600 0.374600 0.357700 0.206200 0.354200 0.305600 0.250000 0.319600 0.135100 0.360500 0.355700 0.347400 0.376200 0.190000 0.234900 0.314100 0.374400 0.263300 0.225500 0.288900 0.363400 0.183300 0.337200 0.350200 0.252300 0.383500 0.347700 0.261900 0.499600 0.192200 0.293400 0.201300 0.357400 0.304500 0.208000 0.356600 0.406100 0.474400 0.222800 0.000000 0.258100 0.202400 0.335900 0.390200 0.384600
Impala 0.248000 0.716000 0.277000 0.756600 0.220100 0.243400 0.170600 0.182100 0.265600 0.281200 0.258200 0.243600 0.238900 0.181900 0.236500 0.233300 0.253800 0.200400 0.326600 0.266800 0.237700 0.248600 0.249400 0.343400 0.260400 0.280500 0.223700 0.255000 0.265300 0.249300 0.273000 0.206200 0.316600 0.280100 0.197400 0.373800 0.243600 0.239800 0.253800 0.350100 0.239300 0.326400 0.280300 0.332100 0.372400 0.194200 0.258100 0.000000 0.135800 0.293800 0.218700 0.275600
Klipspring 0.209200 0.680500 0.245900 0.703600 0.164200 0.225500 0.113600 0.145600 0.234900 0.229900 0.199400 0.212700 0.198500 0.123700 0.199400 0.139800 0.215200 0.192700 0.307000 0.235900 0.151900 0.210100 0.210800 0.289500 0.198700 0.219400 0.184700 0.224600 0.209300 0.218700 0.221700 0.138100 0.297000 0.260800 0.142200 0.325500 0.184500 0.170600 0.214000 0.295100 0.201100 0.220400 0.229300 0.279800 0.323100 0.106000 0.202400 0.135800 0.000000 0.229800 0.230100 0.244400
ForestMusk 0.331900 0.798500 0.318200 0.647400 0.297300 0.348700 0.297000 0.293500 0.329200 0.290600 0.343400 0.320200 0.375100 0.263400 0.360000 0.249300 0.329100 0.301000 0.416200 0.330900 0.309200 0.333800 0.301700 0.264500 0.325600 0.299300 0.378000 0.317700 0.310000 0.289500 0.282300 0.288700 0.399700 0.423900 0.297300 0.439500 0.329300 0.287800 0.364700 0.397400 0.314200 0.323100 0.290100 0.320400 0.424000 0.252700 0.335900 0.293800 0.229800 0.000000 0.345500 0.339800
Bushbuck 0.410800 0.730200 0.105600 0.798700 0.330400 0.380100 0.261800 0.270800 0.087700 0.322500 0.398800 0.270900 0.359400 0.252000 0.347200 0.314200 0.326500 0.321600 0.503700 0.063000 0.330300 0.364900 0.298800 0.412600 0.368900 0.319900 0.329300 0.038700 0.376400 0.064000 0.314400 0.298800 0.337000 0.396200 0.286000 0.317400 0.373200 0.366600 0.327100 0.393500 0.288700 0.390700 0.299500 0.374900 0.349600 0.309000 0.390200 0.218700 0.230100 0.345500 0.000000 0.070800
GreaterKud 0.405500 0.742600 0.098600 0.846500 0.335300 0.397800 0.255400 0.286300 0.080700 0.340400 0.393400 0.264800 0.378500 0.245500 0.353000 0.308300 0.366700 0.361400 0.498700 0.055800 0.324400 0.408100 0.315800 0.407000 0.363300 0.360100 0.347100 0.047400 0.416400 0.056700 0.332200 0.292800 0.403900 0.413400 0.301600 0.359600 0.367600 0.372000 0.321100 0.389400 0.327800 0.361600 0.316600 0.393700 0.344000 0.290900 0.384600 0.275600 0.244400 0.339800 0.070800 0.000000
