CODONML (in paml version 4.10.7, June 2023)  /home/rachel/ruminants_paml/6406-phy-tree/ENSBTAT00000000502.fasta.phy
Model: free dN/dS Ratios for branches,  kappa = 2.000 fixed

Codon frequency model: F3x4
ns =  54  ls =  63

Codon usage in sequences
--------------------------------------------------------------------------------------------------------------------------------------
Phe TTT   1   1   1   1   1   1 | Ser TCT   2   2   2   2   2   2 | Tyr TAT   2   2   2   2   1   2 | Cys TGT   1   1   1   1   1   1
    TTC   0   0   0   0   0   0 |     TCC   0   0   0   0   0   0 |     TAC   1   1   1   1   2   1 |     TGC   0   0   0   0   0   0
Leu TTA   1   1   1   1   1   1 |     TCA   0   0   0   0   0   0 | *** TAA   0   0   0   0   0   0 | *** TGA   0   0   0   0   0   0
    TTG   1   1   1   1   1   1 |     TCG   0   0   0   0   0   0 |     TAG   0   0   0   0   0   0 | Trp TGG   0   0   0   0   0   0
--------------------------------------------------------------------------------------------------------------------------------------
Leu CTT   1   1   1   1   1   1 | Pro CCT   2   2   2   2   2   2 | His CAT   0   0   0   0   0   0 | Arg CGT   0   0   0   0   0   0
    CTC   0   0   0   0   0   0 |     CCC   1   1   1   1   1   1 |     CAC   1   1   1   1   1   1 |     CGC   0   0   0   0   0   0
    CTA   1   1   1   1   1   1 |     CCA   2   2   2   2   2   2 | Gln CAA   2   2   2   2   2   1 |     CGA   0   0   0   0   0   0
    CTG   2   2   2   2   2   2 |     CCG   0   0   0   0   0   0 |     CAG   1   1   1   1   1   2 |     CGG   0   0   0   0   0   0
--------------------------------------------------------------------------------------------------------------------------------------
Ile ATT   1   1   1   1   1   1 | Thr ACT   1   2   1   1   1   2 | Asn AAT   2   1   2   2   1   2 | Ser AGT   1   1   1   1   1   1
    ATC   2   1   2   2   2   2 |     ACC   1   0   1   1   0   0 |     AAC   3   4   3   3   4   3 |     AGC   0   0   0   0   0   0
    ATA   0   0   0   0   0   0 |     ACA   1   1   1   1   1   1 | Lys AAA   3   3   3   3   3   3 | Arg AGA   2   2   2   2   2   2
Met ATG   1   1   1   1   1   1 |     ACG   0   0   0   0   1   0 |     AAG   2   2   2   2   2   2 |     AGG   1   1   1   1   1   1
--------------------------------------------------------------------------------------------------------------------------------------
Val GTT   1   2   1   1   1   1 | Ala GCT   1   1   1   1   1   1 | Asp GAT   1   1   1   1   1   1 | Gly GGT   1   0   0   0   0   0
    GTC   2   2   2   2   2   2 |     GCC   2   2   2   2   2   2 |     GAC   1   1   1   1   1   1 |     GGC   1   2   1   1   2   1
    GTA   1   1   1   1   1   1 |     GCA   1   1   1   1   1   1 | Glu GAA   1   1   1   1   1   1 |     GGA   2   2   3   3   2   3
    GTG   4   4   4   4   4   4 |     GCG   0   0   0   0   0   0 |     GAG   1   1   1   1   1   1 |     GGG   0   0   0   0   0   0
--------------------------------------------------------------------------------------------------------------------------------------

--------------------------------------------------------------------------------------------------------------------------------------
Phe TTT   1   1   1   1   1   1 | Ser TCT   2   2   2   2   2   1 | Tyr TAT   2   2   2   3   2   2 | Cys TGT   1   1   1   1   1   1
    TTC   0   0   0   0   0   0 |     TCC   0   0   0   0   0   0 |     TAC   1   1   1   0   1   1 |     TGC   0   0   0   0   0   0
Leu TTA   1   1   1   1   1   1 |     TCA   0   0   0   0   0   1 | *** TAA   0   0   0   0   0   0 | *** TGA   0   0   0   0   0   0
    TTG   1   1   1   1   1   1 |     TCG   0   0   0   0   0   0 |     TAG   0   0   0   0   0   0 | Trp TGG   0   0   0   0   0   0
--------------------------------------------------------------------------------------------------------------------------------------
Leu CTT   1   1   1   1   1   1 | Pro CCT   2   2   2   2   3   2 | His CAT   0   0   0   0   0   0 | Arg CGT   0   0   0   0   0   0
    CTC   0   0   0   0   0   0 |     CCC   1   1   1   1   0   1 |     CAC   1   1   1   1   1   1 |     CGC   0   0   0   0   0   0
    CTA   1   1   1   1   1   0 |     CCA   2   2   2   2   2   2 | Gln CAA   2   2   2   2   2   2 |     CGA   0   0   0   0   0   0
    CTG   2   2   2   2   2   3 |     CCG   0   0   0   0   0   0 |     CAG   1   1   1   1   1   1 |     CGG   0   0   0   0   0   0
--------------------------------------------------------------------------------------------------------------------------------------
Ile ATT   1   1   1   1   1   2 | Thr ACT   1   1   1   1   1   1 | Asn AAT   2   2   2   3   2   3 | Ser AGT   1   1   1   1   1   1
    ATC   2   2   2   2   2   1 |     ACC   1   1   1   1   1   1 |     AAC   3   3   3   2   3   2 |     AGC   0   0   0   0   0   0
    ATA   0   0   0   0   0   0 |     ACA   1   1   1   1   1   1 | Lys AAA   3   3   3   3   3   3 | Arg AGA   2   2   2   2   2   2
Met ATG   1   1   1   1   1   2 |     ACG   0   0   0   0   0   0 |     AAG   2   2   2   2   2   2 |     AGG   1   1   1   1   1   1
--------------------------------------------------------------------------------------------------------------------------------------
Val GTT   1   1   1   1   1   1 | Ala GCT   1   1   1   1   1   1 | Asp GAT   1   1   0   0   1   1 | Gly GGT   0   1   0   0   0   0
    GTC   2   2   2   2   2   2 |     GCC   2   2   2   2   2   2 |     GAC   1   1   2   2   1   1 |     GGC   1   1   2   2   1   1
    GTA   1   1   1   1   1   1 |     GCA   1   1   1   1   1   1 | Glu GAA   1   1   1   1   1   1 |     GGA   3   2   2   2   3   3
    GTG   4   4   4   4   4   3 |     GCG   0   0   0   0   0   0 |     GAG   1   1   1   1   1   1 |     GGG   0   0   0   0   0   0
--------------------------------------------------------------------------------------------------------------------------------------

--------------------------------------------------------------------------------------------------------------------------------------
Phe TTT   1   1   1   1   1   1 | Ser TCT   2   2   2   2   2   2 | Tyr TAT   2   2   3   2   2   2 | Cys TGT   1   1   1   1   1   1
    TTC   0   0   0   0   0   0 |     TCC   0   0   0   0   0   0 |     TAC   1   1   0   1   1   1 |     TGC   0   0   0   0   0   0
Leu TTA   1   1   1   1   1   1 |     TCA   0   0   0   0   0   0 | *** TAA   0   0   0   0   0   0 | *** TGA   0   0   0   0   0   0
    TTG   1   1   1   1   1   1 |     TCG   0   0   0   0   0   0 |     TAG   0   0   0   0   0   0 | Trp TGG   0   0   0   0   0   0
--------------------------------------------------------------------------------------------------------------------------------------
Leu CTT   1   1   1   1   1   1 | Pro CCT   2   2   2   2   2   1 | His CAT   0   0   0   0   0   0 | Arg CGT   0   0   0   0   0   0
    CTC   0   0   0   0   0   0 |     CCC   1   1   1   1   0   2 |     CAC   1   1   1   1   1   1 |     CGC   0   0   0   0   0   0
    CTA   1   1   1   1   1   1 |     CCA   2   2   2   2   3   2 | Gln CAA   2   2   2   2   2   2 |     CGA   0   0   0   0   0   0
    CTG   2   2   2   2   2   2 |     CCG   0   0   0   0   0   0 |     CAG   1   1   1   1   1   1 |     CGG   0   0   0   0   0   0
--------------------------------------------------------------------------------------------------------------------------------------
Ile ATT   1   1   1   1   1   1 | Thr ACT   1   1   1   1   1   1 | Asn AAT   2   2   2   2   2   2 | Ser AGT   1   1   1   1   1   1
    ATC   2   2   2   2   2   2 |     ACC   1   1   1   1   1   1 |     AAC   3   3   3   3   3   3 |     AGC   0   0   0   0   0   0
    ATA   0   0   0   0   0   0 |     ACA   1   1   1   1   1   1 | Lys AAA   3   3   3   3   3   3 | Arg AGA   2   2   2   2   2   2
Met ATG   1   1   1   1   1   1 |     ACG   0   0   0   0   0   0 |     AAG   2   2   2   2   2   2 |     AGG   1   1   1   1   1   1
--------------------------------------------------------------------------------------------------------------------------------------
Val GTT   1   1   1   1   1   1 | Ala GCT   1   1   1   1   2   1 | Asp GAT   1   1   1   1   1   0 | Gly GGT   1   0   1   0   1   0
    GTC   2   2   2   2   2   2 |     GCC   2   2   2   2   1   2 |     GAC   1   1   1   1   1   2 |     GGC   1   1   1   2   0   2
    GTA   1   1   1   1   1   1 |     GCA   1   1   1   1   1   1 | Glu GAA   1   1   1   1   1   1 |     GGA   2   3   2   2   3   2
    GTG   4   4   4   4   4   4 |     GCG   0   0   0   0   0   0 |     GAG   1   1   1   1   1   1 |     GGG   0   0   0   0   0   0
--------------------------------------------------------------------------------------------------------------------------------------

--------------------------------------------------------------------------------------------------------------------------------------
Phe TTT   1   1   1   1   1   1 | Ser TCT   2   2   2   2   2   2 | Tyr TAT   1   2   2   2   2   2 | Cys TGT   1   1   1   1   1   1
    TTC   0   0   0   0   0   0 |     TCC   0   0   0   0   0   0 |     TAC   2   1   1   1   1   1 |     TGC   0   0   0   0   0   0
Leu TTA   1   1   1   1   1   1 |     TCA   0   0   0   0   0   0 | *** TAA   0   0   0   0   0   0 | *** TGA   0   0   0   0   0   0
    TTG   1   1   1   1   1   1 |     TCG   0   0   0   0   0   0 |     TAG   0   0   0   0   0   0 | Trp TGG   0   0   0   0   0   0
--------------------------------------------------------------------------------------------------------------------------------------
Leu CTT   1   1   1   1   1   1 | Pro CCT   2   2   2   2   2   2 | His CAT   0   0   0   0   0   0 | Arg CGT   0   0   0   0   0   0
    CTC   0   0   0   0   0   0 |     CCC   1   1   1   1   1   1 |     CAC   1   1   1   1   1   1 |     CGC   0   0   0   0   0   0
    CTA   1   1   1   1   1   1 |     CCA   2   2   2   2   2   2 | Gln CAA   2   2   2   2   2   2 |     CGA   0   0   0   0   0   0
    CTG   2   2   2   2   2   2 |     CCG   0   0   0   0   0   0 |     CAG   1   1   1   1   1   1 |     CGG   0   0   0   0   0   0
--------------------------------------------------------------------------------------------------------------------------------------
Ile ATT   1   1   1   1   1   1 | Thr ACT   1   1   1   1   1   1 | Asn AAT   2   2   2   2   2   2 | Ser AGT   1   1   1   1   1   1
    ATC   2   2   2   2   2   2 |     ACC   1   1   1   1   1   1 |     AAC   3   3   3   3   3   3 |     AGC   0   0   0   0   0   0
    ATA   0   0   0   0   0   0 |     ACA   1   1   1   1   1   1 | Lys AAA   3   3   3   3   3   3 | Arg AGA   2   2   2   2   2   2
Met ATG   1   1   1   1   1   1 |     ACG   0   0   0   0   0   0 |     AAG   2   2   2   2   2   2 |     AGG   1   1   1   1   1   1
--------------------------------------------------------------------------------------------------------------------------------------
Val GTT   2   1   1   1   1   1 | Ala GCT   1   1   1   1   1   1 | Asp GAT   1   1   1   1   0   1 | Gly GGT   0   0   1   0   0   1
    GTC   1   2   2   2   2   2 |     GCC   2   2   2   2   2   2 |     GAC   1   1   1   1   2   1 |     GGC   1   1   1   1   2   1
    GTA   1   1   1   1   1   1 |     GCA   1   1   1   1   1   1 | Glu GAA   1   1   1   1   1   1 |     GGA   3   3   2   3   2   2
    GTG   4   4   4   4   4   4 |     GCG   0   0   0   0   0   0 |     GAG   1   1   1   1   1   1 |     GGG   0   0   0   0   0   0
--------------------------------------------------------------------------------------------------------------------------------------

--------------------------------------------------------------------------------------------------------------------------------------
Phe TTT   1   1   1   1   1   1 | Ser TCT   1   1   2   2   2   2 | Tyr TAT   2   2   2   2   3   2 | Cys TGT   1   1   1   1   1   1
    TTC   0   0   0   0   0   0 |     TCC   0   0   0   0   0   0 |     TAC   1   1   1   1   0   1 |     TGC   0   0   0   0   0   0
Leu TTA   1   1   1   1   1   1 |     TCA   1   1   0   0   0   0 | *** TAA   0   0   0   0   0   0 | *** TGA   0   0   0   0   0   0
    TTG   1   1   1   1   1   1 |     TCG   0   0   0   0   0   0 |     TAG   0   0   0   0   0   0 | Trp TGG   0   0   0   0   0   0
--------------------------------------------------------------------------------------------------------------------------------------
Leu CTT   1   0   1   1   1   1 | Pro CCT   2   2   2   2   2   2 | His CAT   0   0   0   0   0   1 | Arg CGT   0   0   0   0   0   0
    CTC   0   0   0   0   0   0 |     CCC   1   1   1   1   1   1 |     CAC   1   1   1   1   1   0 |     CGC   0   0   0   0   0   0
    CTA   1   2   1   1   1   1 |     CCA   2   2   2   2   2   2 | Gln CAA   2   2   2   2   2   2 |     CGA   0   0   0   0   0   0
    CTG   2   2   2   2   2   2 |     CCG   0   0   0   0   0   0 |     CAG   1   1   1   1   1   1 |     CGG   0   0   0   0   0   0
--------------------------------------------------------------------------------------------------------------------------------------
Ile ATT   2   2   1   1   1   1 | Thr ACT   1   1   1   1   1   1 | Asn AAT   3   3   2   2   3   2 | Ser AGT   1   1   1   1   1   1
    ATC   1   1   2   2   2   2 |     ACC   1   1   1   1   1   1 |     AAC   2   2   3   3   2   3 |     AGC   0   0   0   0   0   0
    ATA   0   0   0   0   0   0 |     ACA   1   1   1   1   1   1 | Lys AAA   3   3   3   3   3   3 | Arg AGA   2   2   2   2   2   2
Met ATG   2   2   1   1   1   1 |     ACG   0   0   0   0   0   0 |     AAG   2   2   2   2   2   2 |     AGG   1   1   1   1   1   1
--------------------------------------------------------------------------------------------------------------------------------------
Val GTT   1   1   1   1   1   1 | Ala GCT   1   1   1   1   1   1 | Asp GAT   1   1   1   0   1   1 | Gly GGT   0   0   1   0   1   0
    GTC   2   2   2   2   2   2 |     GCC   2   2   2   2   2   2 |     GAC   1   1   1   2   1   1 |     GGC   1   2   1   2   1   1
    GTA   1   1   1   1   1   1 |     GCA   1   1   1   1   1   1 | Glu GAA   1   1   1   1   1   1 |     GGA   3   2   2   2   2   3
    GTG   3   3   4   4   4   4 |     GCG   0   0   0   0   0   0 |     GAG   1   1   1   1   1   1 |     GGG   0   0   0   0   0   0
--------------------------------------------------------------------------------------------------------------------------------------

--------------------------------------------------------------------------------------------------------------------------------------
Phe TTT   1   1   1   1   1   1 | Ser TCT   2   2   1   2   2   2 | Tyr TAT   2   2   2   2   2   3 | Cys TGT   1   1   1   1   1   1
    TTC   0   0   0   0   0   0 |     TCC   0   0   0   0   0   0 |     TAC   1   1   1   1   1   0 |     TGC   0   0   0   0   0   0
Leu TTA   1   1   1   1   1   1 |     TCA   0   0   1   0   0   0 | *** TAA   0   0   0   0   0   0 | *** TGA   0   0   0   0   0   0
    TTG   1   1   1   1   1   1 |     TCG   0   0   0   0   0   0 |     TAG   0   0   0   0   0   0 | Trp TGG   0   0   0   0   0   0
--------------------------------------------------------------------------------------------------------------------------------------
Leu CTT   1   1   1   1   1   1 | Pro CCT   2   2   2   2   1   2 | His CAT   0   1   0   0   0   0 | Arg CGT   0   0   0   0   0   0
    CTC   0   0   0   0   0   0 |     CCC   1   1   1   1   1   1 |     CAC   1   0   1   1   1   1 |     CGC   0   0   0   0   0   0
    CTA   1   1   0   1   1   1 |     CCA   2   2   2   2   2   2 | Gln CAA   2   2   2   2   2   2 |     CGA   0   0   0   0   0   0
    CTG   2   2   3   2   2   2 |     CCG   0   0   0   0   1   0 |     CAG   1   1   1   1   1   1 |     CGG   0   0   0   0   0   0
--------------------------------------------------------------------------------------------------------------------------------------
Ile ATT   1   1   2   1   2   1 | Thr ACT   1   1   1   1   1   1 | Asn AAT   2   2   3   2   2   2 | Ser AGT   1   1   1   1   1   1
    ATC   2   2   1   2   1   2 |     ACC   1   1   1   1   1   1 |     AAC   3   3   2   3   3   3 |     AGC   0   0   0   0   0   0
    ATA   0   0   0   0   0   0 |     ACA   1   1   1   1   1   1 | Lys AAA   3   3   3   3   4   3 | Arg AGA   2   2   2   2   2   2
Met ATG   1   1   2   1   1   1 |     ACG   0   0   0   0   0   0 |     AAG   2   2   2   2   1   2 |     AGG   1   1   1   1   1   1
--------------------------------------------------------------------------------------------------------------------------------------
Val GTT   1   1   1   1   1   1 | Ala GCT   1   1   1   1   1   1 | Asp GAT   0   1   1   1   1   1 | Gly GGT   0   0   0   0   1   1
    GTC   2   2   2   2   2   2 |     GCC   2   2   2   2   2   2 |     GAC   2   1   1   1   1   1 |     GGC   2   1   1   2   0   1
    GTA   1   1   1   1   1   1 |     GCA   1   1   1   1   1   1 | Glu GAA   1   1   1   1   1   1 |     GGA   2   3   3   2   3   2
    GTG   4   4   3   4   4   4 |     GCG   0   0   0   0   0   0 |     GAG   1   1   1   1   1   1 |     GGG   0   0   0   0   0   0
--------------------------------------------------------------------------------------------------------------------------------------

--------------------------------------------------------------------------------------------------------------------------------------
Phe TTT   1   1   1   1   1   1 | Ser TCT   2   2   2   2   2   1 | Tyr TAT   3   2   2   2   2   2 | Cys TGT   1   1   1   1   1   1
    TTC   0   0   0   0   0   0 |     TCC   0   0   0   0   0   0 |     TAC   0   1   1   1   1   1 |     TGC   0   0   0   0   0   0
Leu TTA   1   1   1   1   1   1 |     TCA   0   0   0   0   0   1 | *** TAA   0   0   0   0   0   0 | *** TGA   0   0   0   0   0   0
    TTG   1   1   1   1   1   1 |     TCG   0   0   0   0   0   0 |     TAG   0   0   0   0   0   0 | Trp TGG   0   0   0   0   0   0
--------------------------------------------------------------------------------------------------------------------------------------
Leu CTT   1   1   1   1   1   1 | Pro CCT   2   2   2   2   2   2 | His CAT   0   0   0   0   1   0 | Arg CGT   0   0   0   0   0   0
    CTC   0   0   0   0   0   0 |     CCC   1   1   1   1   1   1 |     CAC   1   1   1   1   0   1 |     CGC   0   0   0   0   0   0
    CTA   1   1   1   1   1   1 |     CCA   2   2   2   2   2   2 | Gln CAA   2   2   2   2   2   2 |     CGA   0   0   0   0   0   0
    CTG   2   2   2   2   2   2 |     CCG   0   0   0   0   0   0 |     CAG   1   1   1   1   1   1 |     CGG   0   0   0   0   0   0
--------------------------------------------------------------------------------------------------------------------------------------
Ile ATT   1   1   1   1   1   2 | Thr ACT   1   1   1   1   1   1 | Asn AAT   2   2   2   2   2   3 | Ser AGT   1   1   1   1   1   1
    ATC   2   2   2   2   2   1 |     ACC   1   1   1   1   1   1 |     AAC   3   3   3   3   3   2 |     AGC   0   0   0   0   0   0
    ATA   0   0   0   0   0   0 |     ACA   1   1   1   1   1   1 | Lys AAA   3   3   3   3   3   3 | Arg AGA   2   2   2   2   2   2
Met ATG   1   1   1   1   1   2 |     ACG   0   0   0   0   0   0 |     AAG   2   2   2   2   2   2 |     AGG   1   1   1   1   1   1
--------------------------------------------------------------------------------------------------------------------------------------
Val GTT   1   1   1   1   1   1 | Ala GCT   1   1   1   1   1   1 | Asp GAT   1   1   1   1   0   1 | Gly GGT   2   0   1   0   0   0
    GTC   2   2   2   2   2   2 |     GCC   2   2   2   2   2   2 |     GAC   1   1   1   1   2   1 |     GGC   0   1   1   1   2   1
    GTA   1   1   1   1   1   1 |     GCA   1   1   1   1   1   1 | Glu GAA   1   1   1   1   1   1 |     GGA   2   3   2   3   2   3
    GTG   4   4   4   4   4   3 |     GCG   0   0   0   0   0   0 |     GAG   1   1   1   1   1   1 |     GGG   0   0   0   0   0   0
--------------------------------------------------------------------------------------------------------------------------------------

--------------------------------------------------------------------------------------------------------------------------------------
Phe TTT   1   1   1   1   1   1 | Ser TCT   1   2   1   1   2   2 | Tyr TAT   2   2   2   2   2   2 | Cys TGT   1   1   1   1   1   1
    TTC   0   0   0   0   0   0 |     TCC   0   0   0   0   0   0 |     TAC   1   1   1   1   1   1 |     TGC   0   0   0   0   0   0
Leu TTA   1   1   1   1   1   1 |     TCA   1   0   1   1   0   0 | *** TAA   0   0   0   0   0   0 | *** TGA   0   0   0   0   0   0
    TTG   1   1   1   1   1   1 |     TCG   0   0   0   0   0   0 |     TAG   0   0   0   0   0   0 | Trp TGG   0   0   0   0   0   0
--------------------------------------------------------------------------------------------------------------------------------------
Leu CTT   1   1   1   1   1   1 | Pro CCT   2   2   2   2   2   0 | His CAT   0   0   0   0   0   0 | Arg CGT   0   0   0   0   0   0
    CTC   0   0   0   0   0   0 |     CCC   1   1   1   1   1   2 |     CAC   1   1   1   1   1   1 |     CGC   0   0   0   0   0   0
    CTA   1   1   0   1   1   1 |     CCA   2   2   2   2   2   2 | Gln CAA   2   2   2   2   2   2 |     CGA   0   0   0   0   0   0
    CTG   2   2   3   2   2   2 |     CCG   0   0   0   0   0   1 |     CAG   1   1   1   1   1   1 |     CGG   0   0   0   0   0   0
--------------------------------------------------------------------------------------------------------------------------------------
Ile ATT   2   1   2   2   1   1 | Thr ACT   1   1   1   1   1   1 | Asn AAT   3   2   3   3   2   3 | Ser AGT   1   1   1   1   1   1
    ATC   1   2   1   1   2   2 |     ACC   1   1   1   1   1   1 |     AAC   2   3   2   2   3   2 |     AGC   0   0   0   0   0   0
    ATA   0   0   0   0   0   0 |     ACA   1   1   1   1   1   1 | Lys AAA   3   3   3   3   3   3 | Arg AGA   2   2   2   2   2   2
Met ATG   2   1   2   2   1   1 |     ACG   0   0   0   0   0   0 |     AAG   2   2   2   2   2   2 |     AGG   1   1   1   1   1   1
--------------------------------------------------------------------------------------------------------------------------------------
Val GTT   1   1   1   1   1   1 | Ala GCT   1   1   1   1   1   1 | Asp GAT   1   0   1   1   1   1 | Gly GGT   0   0   0   0   0   0
    GTC   2   2   2   2   2   2 |     GCC   2   2   2   2   2   2 |     GAC   1   2   1   1   1   1 |     GGC   1   2   1   1   1   2
    GTA   1   1   1   1   1   1 |     GCA   1   1   1   1   1   1 | Glu GAA   1   1   1   1   1   1 |     GGA   3   2   3   3   3   2
    GTG   3   4   3   3   4   4 |     GCG   0   0   0   0   0   0 |     GAG   1   1   1   1   1   1 |     GGG   0   0   0   0   0   0
--------------------------------------------------------------------------------------------------------------------------------------

--------------------------------------------------------------------------------------------------------------------------------------
Phe TTT   1   1   1   1   1   1 | Ser TCT   2   2   2   2   2   2 | Tyr TAT   2   2   2   2   2   2 | Cys TGT   1   1   1   1   1   1
    TTC   0   0   0   0   0   0 |     TCC   0   0   0   0   0   0 |     TAC   1   1   1   1   1   1 |     TGC   0   0   0   0   0   0
Leu TTA   1   1   1   1   1   1 |     TCA   0   0   0   0   0   0 | *** TAA   0   0   0   0   0   0 | *** TGA   0   0   0   0   0   0
    TTG   1   1   1   1   1   1 |     TCG   0   0   0   0   0   0 |     TAG   0   0   0   0   0   0 | Trp TGG   0   0   0   0   0   0
--------------------------------------------------------------------------------------------------------------------------------------
Leu CTT   1   1   1   1   1   1 | Pro CCT   2   2   2   2   2   2 | His CAT   1   0   0   0   1   1 | Arg CGT   0   0   0   0   0   0
    CTC   0   0   0   0   0   0 |     CCC   1   1   1   1   1   1 |     CAC   0   1   1   1   0   0 |     CGC   0   0   0   0   0   0
    CTA   1   1   1   1   1   1 |     CCA   2   2   2   2   2   2 | Gln CAA   1   2   2   2   2   2 |     CGA   0   0   0   0   0   0
    CTG   2   2   2   2   2   2 |     CCG   0   0   0   0   0   0 |     CAG   2   1   1   1   1   1 |     CGG   0   0   0   0   0   0
--------------------------------------------------------------------------------------------------------------------------------------
Ile ATT   1   1   1   1   1   1 | Thr ACT   1   1   1   1   1   1 | Asn AAT   2   2   2   2   2   3 | Ser AGT   1   1   1   1   1   1
    ATC   2   2   2   2   2   2 |     ACC   1   1   1   1   1   1 |     AAC   3   3   3   3   3   2 |     AGC   0   0   0   0   0   0
    ATA   0   0   0   0   0   0 |     ACA   0   1   1   1   1   1 | Lys AAA   3   3   3   3   3   3 | Arg AGA   2   2   2   2   2   2
Met ATG   1   1   1   1   1   1 |     ACG   1   0   0   0   0   0 |     AAG   2   2   2   2   2   2 |     AGG   1   1   1   1   1   1
--------------------------------------------------------------------------------------------------------------------------------------
Val GTT   1   1   1   1   1   1 | Ala GCT   1   1   1   1   1   1 | Asp GAT   0   1   1   1   1   1 | Gly GGT   0   0   0   0   0   0
    GTC   2   2   2   2   2   2 |     GCC   2   2   2   2   2   2 |     GAC   2   1   1   1   1   1 |     GGC   2   1   2   1   1   1
    GTA   1   1   1   1   1   1 |     GCA   1   1   1   1   1   1 | Glu GAA   1   1   1   1   1   1 |     GGA   2   3   2   3   3   3
    GTG   4   4   4   4   4   4 |     GCG   0   0   0   0   0   0 |     GAG   1   1   1   1   1   1 |     GGG   0   0   0   0   0   0
--------------------------------------------------------------------------------------------------------------------------------------

Codon position x base (3x4) table for each sequence.

#1: Argali         
position  1:    T:0.14286    C:0.20635    A:0.33333    G:0.31746
position  2:    T:0.30159    C:0.22222    A:0.33333    G:0.14286
position  3:    T:0.28571    C:0.23810    A:0.26984    G:0.20635
Average         T:0.24339    C:0.22222    A:0.31217    G:0.22222

#2: LesserMouseDeer
position  1:    T:0.14286    C:0.20635    A:0.31746    G:0.33333
position  2:    T:0.30159    C:0.22222    A:0.33333    G:0.14286
position  3:    T:0.28571    C:0.23810    A:0.26984    G:0.20635
Average         T:0.24339    C:0.22222    A:0.30688    G:0.22751

#3: LesserKudu     
position  1:    T:0.14286    C:0.20635    A:0.33333    G:0.31746
position  2:    T:0.30159    C:0.22222    A:0.33333    G:0.14286
position  3:    T:0.26984    C:0.23810    A:0.28571    G:0.20635
Average         T:0.23810    C:0.22222    A:0.31746    G:0.22222

#4: ForestMuskDeer2
position  1:    T:0.14286    C:0.20635    A:0.33333    G:0.31746
position  2:    T:0.30159    C:0.22222    A:0.33333    G:0.14286
position  3:    T:0.26984    C:0.23810    A:0.28571    G:0.20635
Average         T:0.23810    C:0.22222    A:0.31746    G:0.22222

#5: Camel          
position  1:    T:0.14286    C:0.20635    A:0.33333    G:0.31746
position  2:    T:0.30159    C:0.22222    A:0.33333    G:0.14286
position  3:    T:0.23810    C:0.26984    A:0.26984    G:0.22222
Average         T:0.22751    C:0.23280    A:0.31217    G:0.22751

#6: KillerWhale    
position  1:    T:0.14286    C:0.20635    A:0.33333    G:0.31746
position  2:    T:0.30159    C:0.22222    A:0.33333    G:0.14286
position  3:    T:0.28571    C:0.22222    A:0.26984    G:0.22222
Average         T:0.24339    C:0.21693    A:0.31217    G:0.22751

#7: DefassaWaterbuck
position  1:    T:0.14286    C:0.20635    A:0.33333    G:0.31746
position  2:    T:0.30159    C:0.22222    A:0.33333    G:0.14286
position  3:    T:0.26984    C:0.23810    A:0.28571    G:0.20635
Average         T:0.23810    C:0.22222    A:0.31746    G:0.22222

#8: Sheep          
position  1:    T:0.14286    C:0.20635    A:0.33333    G:0.31746
position  2:    T:0.30159    C:0.22222    A:0.33333    G:0.14286
position  3:    T:0.28571    C:0.23810    A:0.26984    G:0.20635
Average         T:0.24339    C:0.22222    A:0.31217    G:0.22222

#9: MaxwellsDuiker 
position  1:    T:0.14286    C:0.20635    A:0.33333    G:0.31746
position  2:    T:0.30159    C:0.22222    A:0.33333    G:0.14286
position  3:    T:0.25397    C:0.26984    A:0.26984    G:0.20635
Average         T:0.23280    C:0.23280    A:0.31217    G:0.22222

#10: GazellaPrzewalskyi
position  1:    T:0.14286    C:0.20635    A:0.33333    G:0.31746
position  2:    T:0.30159    C:0.22222    A:0.33333    G:0.14286
position  3:    T:0.28571    C:0.23810    A:0.26984    G:0.20635
Average         T:0.24339    C:0.22222    A:0.31217    G:0.22222

#11: MountainNyala  
position  1:    T:0.14286    C:0.20635    A:0.33333    G:0.31746
position  2:    T:0.30159    C:0.22222    A:0.33333    G:0.14286
position  3:    T:0.28571    C:0.22222    A:0.28571    G:0.20635
Average         T:0.24339    C:0.21693    A:0.31746    G:0.22222

#12: MuntiacusMuntjak
position  1:    T:0.14286    C:0.20635    A:0.34921    G:0.30159
position  2:    T:0.30159    C:0.22222    A:0.33333    G:0.14286
position  3:    T:0.28571    C:0.20635    A:0.28571    G:0.22222
Average         T:0.24339    C:0.21164    A:0.32275    G:0.22222

#13: goat           
position  1:    T:0.14286    C:0.20635    A:0.33333    G:0.31746
position  2:    T:0.30159    C:0.22222    A:0.33333    G:0.14286
position  3:    T:0.28571    C:0.23810    A:0.26984    G:0.20635
Average         T:0.24339    C:0.22222    A:0.31217    G:0.22222

#14: AfricanBuffalo 
position  1:    T:0.14286    C:0.20635    A:0.33333    G:0.31746
position  2:    T:0.30159    C:0.22222    A:0.33333    G:0.14286
position  3:    T:0.26984    C:0.23810    A:0.28571    G:0.20635
Average         T:0.23810    C:0.22222    A:0.31746    G:0.22222

#15: Topi           
position  1:    T:0.14286    C:0.20635    A:0.33333    G:0.31746
position  2:    T:0.30159    C:0.22222    A:0.33333    G:0.14286
position  3:    T:0.30159    C:0.22222    A:0.26984    G:0.20635
Average         T:0.24868    C:0.21693    A:0.31217    G:0.22222

#16: CommonDuiker   
position  1:    T:0.14286    C:0.20635    A:0.33333    G:0.31746
position  2:    T:0.30159    C:0.22222    A:0.33333    G:0.14286
position  3:    T:0.26984    C:0.25397    A:0.26984    G:0.20635
Average         T:0.23810    C:0.22751    A:0.31217    G:0.22222

#17: Suni           
position  1:    T:0.14286    C:0.20635    A:0.33333    G:0.31746
position  2:    T:0.30159    C:0.22222    A:0.33333    G:0.14286
position  3:    T:0.30159    C:0.19048    A:0.30159    G:0.20635
Average         T:0.24868    C:0.20635    A:0.32275    G:0.22222

#18: Springbuck     
position  1:    T:0.14286    C:0.20635    A:0.33333    G:0.31746
position  2:    T:0.30159    C:0.22222    A:0.33333    G:0.14286
position  3:    T:0.23810    C:0.28571    A:0.26984    G:0.20635
Average         T:0.22751    C:0.23810    A:0.31217    G:0.22222

#19: Okapi          
position  1:    T:0.14286    C:0.20635    A:0.33333    G:0.31746
position  2:    T:0.30159    C:0.22222    A:0.33333    G:0.14286
position  3:    T:0.26984    C:0.23810    A:0.28571    G:0.20635
Average         T:0.23810    C:0.22222    A:0.31746    G:0.22222

#20: Giraffe        
position  1:    T:0.14286    C:0.20635    A:0.33333    G:0.31746
position  2:    T:0.30159    C:0.22222    A:0.33333    G:0.14286
position  3:    T:0.26984    C:0.23810    A:0.28571    G:0.20635
Average         T:0.23810    C:0.22222    A:0.31746    G:0.22222

#21: TibetanAntelope
position  1:    T:0.14286    C:0.20635    A:0.33333    G:0.31746
position  2:    T:0.30159    C:0.22222    A:0.33333    G:0.14286
position  3:    T:0.28571    C:0.23810    A:0.26984    G:0.20635
Average         T:0.24339    C:0.22222    A:0.31217    G:0.22222

#22: Sitatunga      
position  1:    T:0.14286    C:0.20635    A:0.33333    G:0.31746
position  2:    T:0.30159    C:0.22222    A:0.33333    G:0.14286
position  3:    T:0.26984    C:0.23810    A:0.28571    G:0.20635
Average         T:0.23810    C:0.22222    A:0.31746    G:0.22222

#23: Oribi          
position  1:    T:0.14286    C:0.20635    A:0.33333    G:0.31746
position  2:    T:0.30159    C:0.22222    A:0.33333    G:0.14286
position  3:    T:0.25397    C:0.26984    A:0.26984    G:0.20635
Average         T:0.23280    C:0.23280    A:0.31217    G:0.22222

#24: BarbarySheep   
position  1:    T:0.14286    C:0.20635    A:0.33333    G:0.31746
position  2:    T:0.30159    C:0.22222    A:0.33333    G:0.14286
position  3:    T:0.28571    C:0.23810    A:0.26984    G:0.20635
Average         T:0.24339    C:0.22222    A:0.31217    G:0.22222

#25: Daviddeer      
position  1:    T:0.14286    C:0.20635    A:0.34921    G:0.30159
position  2:    T:0.30159    C:0.22222    A:0.33333    G:0.14286
position  3:    T:0.28571    C:0.20635    A:0.30159    G:0.20635
Average         T:0.24339    C:0.21164    A:0.32804    G:0.21693

#26: Reindeer       
position  1:    T:0.14286    C:0.20635    A:0.34921    G:0.30159
position  2:    T:0.30159    C:0.22222    A:0.33333    G:0.14286
position  3:    T:0.26984    C:0.22222    A:0.30159    G:0.20635
Average         T:0.23810    C:0.21693    A:0.32804    G:0.21693

#27: Ibex           
position  1:    T:0.14286    C:0.20635    A:0.33333    G:0.31746
position  2:    T:0.30159    C:0.22222    A:0.33333    G:0.14286
position  3:    T:0.28571    C:0.23810    A:0.26984    G:0.20635
Average         T:0.24339    C:0.22222    A:0.31217    G:0.22222

#28: GyrantGazelle  
position  1:    T:0.14286    C:0.20635    A:0.33333    G:0.31746
position  2:    T:0.30159    C:0.22222    A:0.33333    G:0.14286
position  3:    T:0.25397    C:0.26984    A:0.26984    G:0.20635
Average         T:0.23280    C:0.23280    A:0.31217    G:0.22222

#29: Hartebeest     
position  1:    T:0.14286    C:0.20635    A:0.33333    G:0.31746
position  2:    T:0.30159    C:0.22222    A:0.33333    G:0.14286
position  3:    T:0.31746    C:0.20635    A:0.26984    G:0.20635
Average         T:0.25397    C:0.21164    A:0.31217    G:0.22222

#30: Bongo          
position  1:    T:0.14286    C:0.20635    A:0.33333    G:0.31746
position  2:    T:0.30159    C:0.22222    A:0.33333    G:0.14286
position  3:    T:0.28571    C:0.22222    A:0.28571    G:0.20635
Average         T:0.24339    C:0.21693    A:0.31746    G:0.22222

#31: Gerenuk        
position  1:    T:0.14286    C:0.20635    A:0.33333    G:0.31746
position  2:    T:0.30159    C:0.22222    A:0.33333    G:0.14286
position  3:    T:0.25397    C:0.26984    A:0.26984    G:0.20635
Average         T:0.23280    C:0.23280    A:0.31217    G:0.22222

#32: CommonEland    
position  1:    T:0.14286    C:0.20635    A:0.33333    G:0.31746
position  2:    T:0.30159    C:0.22222    A:0.33333    G:0.14286
position  3:    T:0.28571    C:0.22222    A:0.28571    G:0.20635
Average         T:0.24339    C:0.21693    A:0.31746    G:0.22222

#33: MuntiacusReevesi
position  1:    T:0.14286    C:0.20635    A:0.34921    G:0.30159
position  2:    T:0.30159    C:0.22222    A:0.33333    G:0.14286
position  3:    T:0.28571    C:0.20635    A:0.28571    G:0.22222
Average         T:0.24339    C:0.21164    A:0.32275    G:0.22222

#34: HarveysDuiker  
position  1:    T:0.14286    C:0.20635    A:0.33333    G:0.31746
position  2:    T:0.30159    C:0.22222    A:0.33333    G:0.14286
position  3:    T:0.26984    C:0.25397    A:0.26984    G:0.20635
Average         T:0.23810    C:0.22751    A:0.31217    G:0.22222

#35: Pronghorn      
position  1:    T:0.14286    C:0.20635    A:0.33333    G:0.31746
position  2:    T:0.30159    C:0.22222    A:0.33333    G:0.14286
position  3:    T:0.28571    C:0.20635    A:0.30159    G:0.20635
Average         T:0.24339    C:0.21164    A:0.32275    G:0.22222

#36: BlueWildebeest 
position  1:    T:0.14286    C:0.20635    A:0.33333    G:0.31746
position  2:    T:0.30159    C:0.22222    A:0.33333    G:0.14286
position  3:    T:0.30159    C:0.22222    A:0.26984    G:0.20635
Average         T:0.24868    C:0.21693    A:0.31217    G:0.22222

#37: Gemsbok        
position  1:    T:0.14286    C:0.20635    A:0.33333    G:0.31746
position  2:    T:0.30159    C:0.22222    A:0.33333    G:0.14286
position  3:    T:0.31746    C:0.20635    A:0.26984    G:0.20635
Average         T:0.25397    C:0.21164    A:0.31217    G:0.22222

#38: Yak            
position  1:    T:0.14286    C:0.20635    A:0.33333    G:0.31746
position  2:    T:0.30159    C:0.22222    A:0.33333    G:0.14286
position  3:    T:0.26984    C:0.23810    A:0.28571    G:0.20635
Average         T:0.23810    C:0.22222    A:0.31746    G:0.22222

#39: BlueSheep      
position  1:    T:0.14286    C:0.20635    A:0.33333    G:0.31746
position  2:    T:0.30159    C:0.22222    A:0.33333    G:0.14286
position  3:    T:0.28571    C:0.23810    A:0.26984    G:0.20635
Average         T:0.24339    C:0.22222    A:0.31217    G:0.22222

#40: BohorReedbuck  
position  1:    T:0.14286    C:0.20635    A:0.33333    G:0.31746
position  2:    T:0.30159    C:0.22222    A:0.33333    G:0.14286
position  3:    T:0.26984    C:0.23810    A:0.28571    G:0.20635
Average         T:0.23810    C:0.22222    A:0.31746    G:0.22222

#41: KirksDik       
position  1:    T:0.14286    C:0.20635    A:0.33333    G:0.31746
position  2:    T:0.30159    C:0.22222    A:0.33333    G:0.14286
position  3:    T:0.26984    C:0.25397    A:0.26984    G:0.20635
Average         T:0.23810    C:0.22751    A:0.31217    G:0.22222

#42: RoeDeer        
position  1:    T:0.14286    C:0.20635    A:0.34921    G:0.30159
position  2:    T:0.30159    C:0.22222    A:0.33333    G:0.14286
position  3:    T:0.28571    C:0.20635    A:0.30159    G:0.20635
Average         T:0.24339    C:0.21164    A:0.32804    G:0.21693

#43: WhiteLippedDeer
position  1:    T:0.14286    C:0.20635    A:0.34921    G:0.30159
position  2:    T:0.30159    C:0.22222    A:0.33333    G:0.14286
position  3:    T:0.28571    C:0.20635    A:0.30159    G:0.20635
Average         T:0.24339    C:0.21164    A:0.32804    G:0.21693

#44: ThomsonGazelle 
position  1:    T:0.14286    C:0.20635    A:0.33333    G:0.31746
position  2:    T:0.30159    C:0.22222    A:0.33333    G:0.14286
position  3:    T:0.25397    C:0.26984    A:0.26984    G:0.20635
Average         T:0.23280    C:0.23280    A:0.31217    G:0.22222

#45: MuntiacusCrinifrons
position  1:    T:0.14286    C:0.20635    A:0.34921    G:0.30159
position  2:    T:0.30159    C:0.22222    A:0.33333    G:0.14286
position  3:    T:0.28571    C:0.20635    A:0.28571    G:0.22222
Average         T:0.24339    C:0.21164    A:0.32275    G:0.22222

#46: WhiteTailedDeer
position  1:    T:0.14286    C:0.20635    A:0.34921    G:0.30159
position  2:    T:0.30159    C:0.22222    A:0.33333    G:0.14286
position  3:    T:0.28571    C:0.20635    A:0.30159    G:0.20635
Average         T:0.24339    C:0.21164    A:0.32804    G:0.21693

#47: Cattle         
position  1:    T:0.14286    C:0.20635    A:0.33333    G:0.31746
position  2:    T:0.30159    C:0.22222    A:0.33333    G:0.14286
position  3:    T:0.26984    C:0.23810    A:0.28571    G:0.20635
Average         T:0.23810    C:0.22222    A:0.31746    G:0.22222

#48: RoyalAntelope  
position  1:    T:0.14286    C:0.20635    A:0.33333    G:0.31746
position  2:    T:0.30159    C:0.22222    A:0.33333    G:0.14286
position  3:    T:0.25397    C:0.25397    A:0.26984    G:0.22222
Average         T:0.23280    C:0.22751    A:0.31217    G:0.22751

#49: Steenbok       
position  1:    T:0.14286    C:0.20635    A:0.33333    G:0.31746
position  2:    T:0.30159    C:0.22222    A:0.33333    G:0.14286
position  3:    T:0.26984    C:0.25397    A:0.23810    G:0.23810
Average         T:0.23810    C:0.22751    A:0.30159    G:0.23280

#50: Impala         
position  1:    T:0.14286    C:0.20635    A:0.33333    G:0.31746
position  2:    T:0.30159    C:0.22222    A:0.33333    G:0.14286
position  3:    T:0.26984    C:0.23810    A:0.28571    G:0.20635
Average         T:0.23810    C:0.22222    A:0.31746    G:0.22222

#51: Klipspringer   
position  1:    T:0.14286    C:0.20635    A:0.33333    G:0.31746
position  2:    T:0.30159    C:0.22222    A:0.33333    G:0.14286
