1
52 1
Argali 0.000000 0.265800 0.013200 0.212100 0.013000 0.000000 0.055200 0.025800 0.013200 0.055500 0.026800 0.026700 0.056600 0.055500 0.041700 0.026700 0.040900 0.026700 0.027100 0.013200 0.013500 0.026200 0.040900 0.053200 0.013200 0.038900 0.042300 0.013200 0.026700 0.040600 0.040900 0.069000 0.054600 0.026600 0.053600 0.026700 0.026900 0.013500 0.026100 0.069400 0.067700 0.039900 0.055400 0.040900 0.039100 0.054000 0.013100 0.013100 0.041800 0.055300 0.013100 0.040100
LesserMous 0.265800 0.000000 0.248200 0.407800 0.248200 0.265800 0.307000 0.264100 0.248200 0.249300 0.263900 0.232500 0.253800 0.270400 0.293500 0.262600 0.247800 0.267200 0.267400 0.248200 0.248200 0.264100 0.247800 0.263100 0.248200 0.278100 0.215400 0.248200 0.262600 0.283800 0.247800 0.324400 0.244000 0.232500 0.297500 0.280000 0.265200 0.248200 0.263700 0.289700 0.279700 0.278100 0.249800 0.247800 0.295300 0.300300 0.248200 0.248200 0.294700 0.269500 0.248200 0.279600
LesserKudu 0.013200 0.248200 0.000000 0.196200 0.000000 0.013500 0.040500 0.013400 0.000000 0.041500 0.013100 0.013700 0.041100 0.041500 0.027400 0.013100 0.026400 0.041000 0.013300 0.000000 0.000000 0.013100 0.027200 0.039500 0.000000 0.026600 0.028200 0.000000 0.013300 0.027000 0.026400 0.055000 0.040800 0.013400 0.038900 0.026700 0.013400 0.000000 0.013100 0.055400 0.054000 0.026600 0.041400 0.026600 0.039900 0.040400 0.000000 0.000000 0.027800 0.041400 0.000000 0.026700
KillerWhal 0.212100 0.407800 0.196200 0.000000 0.196200 0.212100 0.231500 0.211000 0.196200 0.214600 0.210900 0.181800 0.200700 0.199100 0.200600 0.210100 0.195900 0.195600 0.213400 0.196200 0.196200 0.211000 0.195900 0.210400 0.196200 0.224200 0.166200 0.196200 0.210100 0.228000 0.195900 0.247000 0.211900 0.181800 0.241700 0.225400 0.211500 0.196200 0.210800 0.233200 0.192300 0.224200 0.214900 0.195900 0.206500 0.243700 0.196200 0.196200 0.236600 0.248800 0.196200 0.225600
DefassaWat 0.013000 0.248200 0.000000 0.196200 0.000000 0.013200 0.041300 0.013400 0.000000 0.041500 0.013100 0.013400 0.042300 0.041500 0.027700 0.013100 0.027200 0.041000 0.013300 0.000000 0.000000 0.013400 0.027200 0.040600 0.000000 0.026600 0.027300 0.000000 0.013100 0.027000 0.027200 0.055000 0.040800 0.013400 0.039900 0.026700 0.013400 0.000000 0.013100 0.055400 0.054000 0.026100 0.041400 0.026600 0.039900 0.039300 0.000000 0.000000 0.027800 0.040500 0.000000 0.026700
Sheep 0.000000 0.265800 0.013500 0.212100 0.013200 0.000000 0.055200 0.026100 0.013500 0.055500 0.026800 0.026400 0.056600 0.055500 0.041400 0.025900 0.040900 0.026700 0.026800 0.013200 0.013200 0.026800 0.039800 0.054200 0.013200 0.039900 0.042300 0.013200 0.026700 0.040600 0.040900 0.069000 0.054600 0.027400 0.053600 0.026700 0.026900 0.013500 0.026100 0.069400 0.067700 0.039900 0.055200 0.040900 0.039800 0.054000 0.013200 0.013200 0.041800 0.055300 0.013500 0.038900
MaxwellsDu 0.055200 0.307000 0.040500 0.231500 0.041300 0.055200 0.000000 0.054900 0.040100 0.085200 0.054800 0.055900 0.086800 0.026800 0.071100 0.054600 0.069600 0.084100 0.055500 0.041300 0.040200 0.054900 0.068600 0.083200 0.041300 0.068000 0.072200 0.041200 0.054600 0.069200 0.068200 0.013400 0.083700 0.055300 0.082200 0.068400 0.055100 0.041300 0.054800 0.099300 0.096900 0.068000 0.084900 0.069600 0.081700 0.082800 0.041300 0.040200 0.071300 0.084900 0.040200 0.068300
GazellaPrz 0.025800 0.264100 0.013400 0.211000 0.013400 0.026100 0.054900 0.000000 0.013100 0.055200 0.026700 0.027200 0.056300 0.053400 0.041500 0.026600 0.040600 0.054500 0.026200 0.013400 0.013400 0.000000 0.039500 0.053900 0.013100 0.039700 0.042100 0.013100 0.026100 0.040400 0.040600 0.068500 0.054300 0.027200 0.026300 0.012900 0.026800 0.013200 0.026200 0.069000 0.067300 0.038800 0.055000 0.040600 0.026200 0.053700 0.013100 0.013100 0.041600 0.053200 0.013100 0.038900
MountainNy 0.013200 0.248200 0.000000 0.196200 0.000000 0.013500 0.040100 0.013100 0.000000 0.041500 0.013100 0.013400 0.041200 0.041500 0.027700 0.013100 0.026700 0.041000 0.013500 0.000000 0.000000 0.013100 0.027200 0.040600 0.000000 0.026200 0.028200 0.000000 0.013100 0.026500 0.026900 0.055000 0.040800 0.013400 0.040100 0.026700 0.013200 0.000000 0.013100 0.055400 0.054000 0.026600 0.041400 0.026800 0.039900 0.040400 0.000000 0.000000 0.027800 0.041400 0.000000 0.026700
MuntiacusM 0.055500 0.249300 0.041500 0.214600 0.041500 0.055500 0.085200 0.055200 0.041500 0.000000 0.055200 0.027800 0.057500 0.056400 0.071600 0.055000 0.041500 0.055700 0.055800 0.041500 0.041500 0.055200 0.013600 0.027100 0.041500 0.068500 0.043100 0.041500 0.055000 0.069700 0.013600 0.099400 0.055400 0.027800 0.082700 0.068800 0.055400 0.041500 0.055100 0.041500 0.040500 0.068500 0.000000 0.013600 0.082200 0.083400 0.041500 0.041500 0.071800 0.085500 0.041500 0.068700
goat 0.026800 0.263900 0.013100 0.210900 0.013100 0.026800 0.054800 0.026700 0.013100 0.055200 0.000000 0.027200 0.056200 0.055100 0.041500 0.026600 0.040600 0.054500 0.026600 0.013100 0.013100 0.025900 0.040600 0.053900 0.013100 0.039700 0.042100 0.013100 0.026500 0.040200 0.039700 0.068500 0.054200 0.026500 0.053300 0.039900 0.026800 0.013100 0.026600 0.069000 0.067300 0.039700 0.055000 0.040600 0.053000 0.052800 0.013400 0.013100 0.041600 0.054900 0.013400 0.039900
AfricanBuf 0.026700 0.232500 0.013700 0.181800 0.013400 0.026400 0.055900 0.027200 0.013400 0.027800 0.027200 0.000000 0.028400 0.027800 0.042300 0.027100 0.013400 0.026700 0.027500 0.013700 0.013400 0.027200 0.013400 0.026400 0.013400 0.040500 0.014100 0.013700 0.027100 0.040200 0.013400 0.069900 0.027300 0.000000 0.054300 0.040700 0.026400 0.013400 0.027200 0.040000 0.040700 0.040500 0.027100 0.013400 0.054000 0.054800 0.013400 0.013700 0.042500 0.056300 0.013400 0.040700
Topi 0.056600 0.253800 0.041100 0.200700 0.042300 0.056600 0.086800 0.056300 0.041200 0.057500 0.056200 0.028400 0.000000 0.057500 0.071900 0.056000 0.041000 0.056800 0.056900 0.042300 0.042300 0.054200 0.042300 0.056200 0.042300 0.069700 0.027900 0.042300 0.056000 0.068400 0.042300 0.101200 0.056500 0.028400 0.084300 0.070100 0.056500 0.040900 0.056200 0.071900 0.069300 0.069700 0.057400 0.042300 0.083800 0.085000 0.042300 0.042300 0.073300 0.087000 0.041100 0.070100
CommonDuik 0.055500 0.270400 0.041500 0.199100 0.041500 0.055500 0.026800 0.053400 0.041500 0.056400 0.055100 0.027800 0.057500 0.000000 0.071500 0.055000 0.041500 0.055700 0.055800 0.041500 0.040600 0.055200 0.041500 0.055100 0.041500 0.068400 0.043000 0.041500 0.055000 0.069600 0.041500 0.041100 0.055400 0.027200 0.082700 0.068700 0.055400 0.040400 0.055100 0.070500 0.068700 0.068400 0.056200 0.041500 0.082200 0.083300 0.041500 0.041500 0.071800 0.085300 0.041500 0.068700
Suni 0.041700 0.293500 0.027400 0.200600 0.027700 0.041400 0.071100 0.041500 0.027700 0.071600 0.041500 0.042300 0.071900 0.071500 0.000000 0.041300 0.056200 0.068300 0.041900 0.027700 0.027700 0.041500 0.056200 0.069900 0.027700 0.054800 0.057100 0.027700 0.041300 0.055800 0.056200 0.085300 0.070300 0.042300 0.069000 0.055100 0.041600 0.027700 0.041400 0.085900 0.083700 0.053600 0.071400 0.055300 0.068600 0.069600 0.027700 0.027700 0.057600 0.071300 0.027700 0.055100
Springbuck 0.026700 0.262600 0.013100 0.210100 0.013100 0.025900 0.054600 0.026600 0.013100 0.055000 0.026600 0.027100 0.056000 0.055000 0.041300 0.000000 0.040500 0.052700 0.026900 0.013100 0.013100 0.025900 0.040500 0.053700 0.013300 0.012800 0.040400 0.013300 0.000000 0.039600 0.040500 0.068300 0.054000 0.026600 0.053100 0.039800 0.026700 0.013100 0.026600 0.068700 0.067100 0.012900 0.054800 0.039700 0.052800 0.053500 0.013100 0.013300 0.041500 0.053200 0.013300 0.039700
Okapi 0.040900 0.247800 0.026400 0.195900 0.027200 0.040900 0.069600 0.040600 0.026700 0.041500 0.040600 0.013400 0.041000 0.041500 0.056200 0.040500 0.000000 0.041000 0.041100 0.026700 0.026600 0.040600 0.026600 0.040600 0.027200 0.052800 0.028200 0.027200 0.040500 0.054700 0.026800 0.083500 0.040800 0.013300 0.067600 0.054000 0.040800 0.026600 0.040600 0.055300 0.054000 0.053700 0.041400 0.026500 0.067100 0.068200 0.026400 0.027200 0.056300 0.069800 0.027200 0.053000
Giraffe 0.026700 0.267200 0.041000 0.195600 0.041000 0.026700 0.084100 0.054500 0.041000 0.055700 0.054500 0.026700 0.056800 0.055700 0.068300 0.052700 0.041000 0.000000 0.055100 0.041000 0.039900 0.054500 0.039800 0.054400 0.041000 0.067600 0.042500 0.041000 0.054300 0.068800 0.039800 0.098100 0.054800 0.027500 0.081700 0.054200 0.054700 0.041000 0.053900 0.069600 0.068000 0.067400 0.055600 0.041000 0.067400 0.082400 0.039700 0.041000 0.070900 0.084300 0.041000 0.067900
TibetanAnt 0.027100 0.267400 0.013300 0.213400 0.013300 0.026800 0.055500 0.026200 0.013500 0.055800 0.026600 0.027500 0.056900 0.055800 0.041900 0.026900 0.041100 0.055100 0.000000 0.013300 0.013500 0.027000 0.041100 0.053500 0.013300 0.040100 0.041200 0.013300 0.026900 0.040800 0.040200 0.069300 0.054800 0.026900 0.054400 0.039800 0.027100 0.013500 0.026500 0.069700 0.068000 0.040100 0.054300 0.041100 0.053500 0.026100 0.013300 0.013300 0.042100 0.055600 0.013200 0.039200
Sitatunga 0.013200 0.248200 0.000000 0.196200 0.000000 0.013200 0.041300 0.013400 0.000000 0.041500 0.013100 0.013700 0.042300 0.041500 0.027700 0.013100 0.026700 0.041000 0.013300 0.000000 0.000000 0.013100 0.027200 0.040600 0.000000 0.025900 0.027200 0.000000 0.013300 0.026400 0.026600 0.055000 0.040800 0.013700 0.039300 0.026700 0.013400 0.000000 0.013100 0.055400 0.054000 0.026600 0.041400 0.026600 0.039900 0.040400 0.000000 0.000000 0.027400 0.040400 0.000000 0.026700
Oribi 0.013500 0.248200 0.000000 0.196200 0.000000 0.013200 0.040200 0.013400 0.000000 0.041500 0.013100 0.013400 0.042300 0.040600 0.027700 0.013100 0.026600 0.039900 0.013500 0.000000 0.000000 0.013000 0.026700 0.040500 0.000000 0.026200 0.027100 0.000000 0.013100 0.027000 0.027200 0.055000 0.039700 0.013400 0.040100 0.026700 0.013100 0.000000 0.013400 0.055400 0.052500 0.026600 0.041400 0.026700 0.039900 0.040400 0.000000 0.000000 0.027800 0.041400 0.000000 0.026000
BarbaryShe 0.026200 0.264100 0.013100 0.211000 0.013400 0.026800 0.054900 0.000000 0.013100 0.055200 0.025900 0.027200 0.054200 0.055200 0.041500 0.025900 0.040600 0.054500 0.027000 0.013100 0.013000 0.000000 0.040600 0.053900 0.013200 0.039700 0.042100 0.013400 0.026600 0.040400 0.040600 0.068500 0.054300 0.027200 0.026300 0.012800 0.026800 0.013100 0.025900 0.069000 0.067300 0.039700 0.055000 0.040600 0.025300 0.053700 0.013200 0.013100 0.041600 0.055000 0.013100 0.039900
Daviddeer 0.040900 0.247800 0.027200 0.195900 0.027200 0.039800 0.068600 0.039500 0.027200 0.013600 0.040600 0.013400 0.042300 0.041500 0.056200 0.040500 0.026600 0.039800 0.041100 0.027200 0.026700 0.040600 0.000000 0.013300 0.026600 0.053700 0.028200 0.026600 0.040500 0.054700 0.000000 0.083500 0.040800 0.013600 0.067600 0.053200 0.039900 0.026700 0.040600 0.027200 0.026500 0.052800 0.013400 0.000000 0.067200 0.068200 0.027200 0.027200 0.056300 0.069800 0.027200 0.054000
Reindeer 0.053200 0.263100 0.039500 0.210400 0.040600 0.054200 0.083200 0.053900 0.040600 0.027100 0.053900 0.026400 0.056200 0.055100 0.069900 0.053700 0.040600 0.054400 0.053500 0.040600 0.040500 0.053900 0.013300 0.000000 0.040000 0.066900 0.042000 0.040600 0.053700 0.068000 0.013100 0.097000 0.054200 0.027200 0.080800 0.066900 0.054100 0.040600 0.053900 0.040600 0.039200 0.066900 0.027000 0.013100 0.080300 0.081100 0.040600 0.040600 0.070100 0.083600 0.040600 0.067200
Ibex 0.013200 0.248200 0.000000 0.196200 0.000000 0.013200 0.041300 0.013100 0.000000 0.041500 0.013100 0.013400 0.042300 0.041500 0.027700 0.013300 0.027200 0.041000 0.013300 0.000000 0.000000 0.013200 0.026600 0.040000 0.000000 0.026600 0.028200 0.000000 0.013100 0.027000 0.026600 0.055000 0.040800 0.013700 0.040100 0.025900 0.013400 0.000000 0.013100 0.055400 0.054000 0.026600 0.040900 0.026700 0.039900 0.040400 0.000000 0.000000 0.027400 0.041400 0.000000 0.025800
GyrantGaze 0.038900 0.278100 0.026600 0.224200 0.026600 0.039900 0.068000 0.039700 0.026200 0.068500 0.039700 0.040500 0.069700 0.068400 0.054800 0.012800 0.052800 0.067600 0.040100 0.025900 0.026200 0.039700 0.053700 0.066900 0.026600 0.000000 0.055700 0.026600 0.012900 0.026400 0.053700 0.081600 0.067300 0.040500 0.066100 0.052800 0.039800 0.026600 0.039700 0.082100 0.080200 0.000000 0.068300 0.052500 0.065700 0.066600 0.026000 0.026600 0.055000 0.068200 0.026100 0.052800
Hartebeest 0.042300 0.215400 0.028200 0.166200 0.027300 0.042300 0.072200 0.042100 0.028200 0.043100 0.042100 0.014100 0.027900 0.043000 0.057100 0.040400 0.028200 0.042500 0.041200 0.027200 0.027100 0.042100 0.028200 0.042000 0.028200 0.055700 0.000000 0.028200 0.042000 0.056600 0.028200 0.086600 0.042300 0.014100 0.070100 0.056000 0.042200 0.028200 0.042100 0.057400 0.056000 0.055700 0.042900 0.027100 0.069600 0.070700 0.027300 0.027200 0.058500 0.072400 0.027000 0.055900
Bongo 0.013200 0.248200 0.000000 0.196200 0.000000 0.013200 0.041200 0.013100 0.000000 0.041500 0.013100 0.013700 0.042300 0.041500 0.027700 0.013300 0.027200 0.041000 0.013300 0.000000 0.000000 0.013400 0.026600 0.040600 0.000000 0.026600 0.028200 0.000000 0.013100 0.026400 0.026600 0.055000 0.039600 0.013700 0.038800 0.026700 0.013400 0.000000 0.013200 0.053300 0.054000 0.026000 0.041400 0.027200 0.039900 0.040400 0.000000 0.000000 0.027800 0.040400 0.000000 0.026100
Gerenuk 0.026700 0.262600 0.013300 0.210100 0.013100 0.026700 0.054600 0.026100 0.013100 0.055000 0.026500 0.027100 0.056000 0.055000 0.041300 0.000000 0.040500 0.054300 0.026900 0.013300 0.013100 0.026600 0.040500 0.053700 0.013100 0.012900 0.042000 0.013100 0.000000 0.039300 0.040500 0.068300 0.054100 0.027100 0.053100 0.039800 0.026100 0.013100 0.026000 0.068700 0.067100 0.012800 0.054800 0.040500 0.051300 0.053500 0.013100 0.013100 0.041500 0.054800 0.013100 0.039700
CommonElan 0.040600 0.283800 0.027000 0.228000 0.027000 0.040600 0.069200 0.040400 0.026500 0.069700 0.040200 0.040200 0.068400 0.069600 0.055800 0.039600 0.054700 0.068800 0.040800 0.026400 0.027000 0.040400 0.054700 0.068000 0.027000 0.026400 0.056600 0.026400 0.039300 0.000000 0.054700 0.083100 0.068400 0.041200 0.067200 0.053700 0.040500 0.027000 0.040300 0.083500 0.081500 0.025900 0.069400 0.054700 0.066800 0.067000 0.027000 0.026400 0.056000 0.069400 0.026500 0.053600
MuntiacusR 0.040900 0.247800 0.026400 0.195900 0.027200 0.040900 0.068200 0.040600 0.026900 0.013600 0.039700 0.013400 0.042300 0.041500 0.056200 0.040500 0.026800 0.039800 0.040200 0.026600 0.027200 0.040600 0.000000 0.013100 0.026600 0.053700 0.028200 0.026600 0.040500 0.054700 0.000000 0.083500 0.040800 0.013600 0.067600 0.054000 0.040800 0.026600 0.040600 0.027200 0.025900 0.053700 0.013400 0.000000 0.067200 0.068200 0.026600 0.027200 0.054900 0.069800 0.027200 0.054000
HarveysDui 0.069000 0.324400 0.055000 0.247000 0.055000 0.069000 0.013400 0.068500 0.055000 0.099400 0.068500 0.069900 0.101200 0.041100 0.085300 0.068300 0.083500 0.098100 0.069300 0.055000 0.055000 0.068500 0.083500 0.097000 0.055000 0.081600 0.086600 0.055000 0.068300 0.083100 0.083500 0.000000 0.097600 0.069900 0.095800 0.080300 0.068800 0.055000 0.068500 0.113400 0.110700 0.081600 0.099100 0.083500 0.095300 0.096600 0.055000 0.055000 0.085500 0.099000 0.055000 0.081100
Pronghorn 0.054600 0.244000 0.040800 0.211900 0.040800 0.054600 0.083700 0.054300 0.040800 0.055400 0.054200 0.027300 0.056500 0.055400 0.070300 0.054000 0.040800 0.054800 0.054800 0.040800 0.039700 0.054300 0.040800 0.054200 0.040800 0.067300 0.042300 0.039600 0.054100 0.068400 0.040800 0.097600 0.000000 0.026600 0.081300 0.067600 0.054400 0.040800 0.054200 0.040900 0.067600 0.067300 0.054200 0.040200 0.080800 0.082000 0.040800 0.040800 0.070600 0.083800 0.040800 0.066900
BlueWildeb 0.026600 0.232500 0.013400 0.181800 0.013400 0.027400 0.055300 0.027200 0.013400 0.027800 0.026500 0.000000 0.028400 0.027200 0.042300 0.026600 0.013300 0.027500 0.026900 0.013700 0.013400 0.027200 0.013600 0.027200 0.013700 0.040500 0.014100 0.013700 0.027100 0.041200 0.013600 0.069900 0.026600 0.000000 0.054300 0.040700 0.027300 0.013700 0.027200 0.041700 0.040700 0.040500 0.027200 0.013400 0.054000 0.054800 0.013400 0.013700 0.042500 0.056100 0.013700 0.040700
Gemsbok 0.053600 0.297500 0.038900 0.241700 0.039900 0.053600 0.082200 0.026300 0.040100 0.082700 0.053300 0.054300 0.084300 0.082700 0.069000 0.053100 0.067600 0.081700 0.054400 0.039300 0.040100 0.026300 0.067600 0.080800 0.040100 0.066100 0.070100 0.038800 0.053100 0.067200 0.067600 0.095800 0.081300 0.054300 0.000000 0.037700 0.053400 0.040100 0.053300 0.096500 0.094200 0.066100 0.082400 0.067800 0.052300 0.080500 0.039400 0.040100 0.069200 0.082300 0.040100 0.066300
Yak 0.026700 0.280000 0.026700 0.225400 0.026700 0.026700 0.068400 0.012900 0.026700 0.068800 0.039900 0.040700 0.070100 0.068700 0.055100 0.039800 0.054000 0.054200 0.039800 0.026700 0.026700 0.012800 0.053200 0.066900 0.025900 0.052800 0.056000 0.026700 0.039800 0.053700 0.054000 0.080300 0.067600 0.040700 0.037700 0.000000 0.040000 0.025900 0.039900 0.082500 0.080600 0.052800 0.068600 0.054000 0.012800 0.067000 0.026100 0.026000 0.055300 0.068500 0.025900 0.053000
BlueSheep 0.026900 0.265200 0.013400 0.211500 0.013400 0.026900 0.055100 0.026800 0.013200 0.055400 0.026800 0.026400 0.056500 0.055400 0.041600 0.026700 0.040800 0.054700 0.027100 0.013400 0.013100 0.026800 0.039900 0.054100 0.013400 0.039800 0.042200 0.013400 0.026100 0.040500 0.040800 0.068800 0.054400 0.027300 0.053400 0.040000 0.000000 0.013100 0.025900 0.069200 0.067500 0.039800 0.054200 0.040800 0.053100 0.052000 0.013400 0.013400 0.041100 0.055200 0.013100 0.039100
BohorReedb 0.013500 0.248200 0.000000 0.196200 0.000000 0.013500 0.041300 0.013200 0.000000 0.041500 0.013100 0.013400 0.040900 0.040400 0.027700 0.013100 0.026600 0.041000 0.013500 0.000000 0.000000 0.013100 0.026700 0.040600 0.000000 0.026600 0.028200 0.000000 0.013100 0.027000 0.026600 0.055000 0.040800 0.013700 0.040100 0.025900 0.013100 0.000000 0.013100 0.055400 0.054000 0.026000 0.040500 0.027200 0.039900 0.040400 0.000000 0.000000 0.027200 0.041400 0.000000 0.026700
KirksDik 0.026100 0.263700 0.013100 0.210800 0.013100 0.026100 0.054800 0.026200 0.013100 0.055100 0.026600 0.027200 0.056200 0.055100 0.041400 0.026600 0.040600 0.053900 0.026500 0.013100 0.013400 0.025900 0.040600 0.053900 0.013100 0.039700 0.042100 0.013200 0.026000 0.040300 0.040600 0.068500 0.054200 0.027200 0.053300 0.039900 0.025900 0.013100 0.000000 0.068900 0.067300 0.038700 0.055000 0.040600 0.052900 0.053700 0.013400 0.013400 0.041600 0.054900 0.013100 0.039800
RoeDeer 0.069400 0.289700 0.055400 0.233200 0.055400 0.069400 0.099300 0.069000 0.055400 0.041500 0.069000 0.040000 0.071900 0.070500 0.085900 0.068700 0.055300 0.069600 0.069700 0.055400 0.055400 0.069000 0.027200 0.040600 0.055400 0.082100 0.057400 0.053300 0.068700 0.083500 0.027200 0.113400 0.040900 0.041700 0.096500 0.082500 0.069200 0.055400 0.068900 0.000000 0.054000 0.082100 0.040200 0.026200 0.095900 0.097300 0.055400 0.055400 0.086200 0.099500 0.055400 0.082500
WhiteLippe 0.067700 0.279700 0.054000 0.192300 0.054000 0.067700 0.096900 0.067300 0.054000 0.040500 0.067300 0.040700 0.069300 0.068700 0.083700 0.067100 0.054000 0.068000 0.068000 0.054000 0.052500 0.067300 0.026500 0.039200 0.054000 0.080200 0.056000 0.054000 0.067100 0.081500 0.025900 0.110700 0.067600 0.040700 0.094200 0.080600 0.067500 0.054000 0.067300 0.054000 0.000000 0.080300 0.040400 0.026500 0.066000 0.095000 0.054000 0.054000 0.083600 0.097100 0.054000 0.081000
ThomsonGaz 0.039900 0.278100 0.026600 0.224200 0.026100 0.039900 0.068000 0.038800 0.026600 0.068500 0.039700 0.040500 0.069700 0.068400 0.053600 0.012900 0.053700 0.067400 0.040100 0.026600 0.026600 0.039700 0.052800 0.066900 0.026600 0.000000 0.055700 0.026000 0.012800 0.025900 0.053700 0.081600 0.067300 0.040500 0.066100 0.052800 0.039800 0.026000 0.038700 0.082100 0.080300 0.000000 0.066900 0.053700 0.065700 0.064900 0.026100 0.026600 0.055000 0.068200 0.026100 0.052800
MuntiacusC 0.055400 0.249800 0.041400 0.214900 0.041400 0.055200 0.084900 0.055000 0.041400 0.000000 0.055000 0.027100 0.057400 0.056200 0.071400 0.054800 0.041400 0.055600 0.054300 0.041400 0.041400 0.055000 0.013400 0.027000 0.040900 0.068300 0.042900 0.041400 0.054800 0.069400 0.013400 0.099100 0.054200 0.027200 0.082400 0.068600 0.054200 0.040500 0.055000 0.040200 0.040400 0.066900 0.000000 0.013600 0.082000 0.083100 0.041400 0.041400 0.071600 0.085200 0.040700 0.068500
WhiteTaile 0.040900 0.247800 0.026600 0.195900 0.026600 0.040900 0.069600 0.040600 0.026800 0.013600 0.040600 0.013400 0.042300 0.041500 0.055300 0.039700 0.026500 0.041000 0.041100 0.026600 0.026700 0.040600 0.000000 0.013100 0.026700 0.052500 0.027100 0.027200 0.040500 0.054700 0.000000 0.083500 0.040200 0.013400 0.067800 0.054000 0.040800 0.027200 0.040600 0.026200 0.026500 0.053700 0.013600 0.000000 0.067200 0.068200 0.026600 0.027200 0.055300 0.069800 0.027200 0.053600
Cattle 0.039100 0.295300 0.039900 0.206500 0.039900 0.039800 0.081700 0.026200 0.039900 0.082200 0.053000 0.054000 0.083800 0.082200 0.068600 0.052800 0.067100 0.067400 0.053500 0.039900 0.039900 0.025300 0.067200 0.080300 0.039900 0.065700 0.069600 0.039900 0.051300 0.066800 0.067200 0.095300 0.080800 0.054000 0.052300 0.012800 0.053100 0.039900 0.052900 0.095900 0.066000 0.065700 0.082000 0.067200 0.000000 0.080000 0.039900 0.039900 0.068800 0.081900 0.038700 0.066000
RoyalAntel 0.054000 0.300300 0.040400 0.243700 0.039300 0.054000 0.082800 0.053700 0.040400 0.083400 0.052800 0.054800 0.085000 0.083300 0.069600 0.053500 0.068200 0.082400 0.026100 0.040400 0.040400 0.053700 0.068200 0.081100 0.040400 0.066600 0.070700 0.040400 0.053500 0.067000 0.068200 0.096600 0.082000 0.054800 0.080500 0.067000 0.052000 0.040400 0.053700 0.097300 0.095000 0.064900 0.083100 0.068200 0.080000 0.000000 0.040400 0.040400 0.069800 0.083000 0.039500 0.066900
Steenbok 0.013100 0.248200 0.000000 0.196200 0.000000 0.013200 0.041300 0.013100 0.000000 0.041500 0.013400 0.013400 0.042300 0.041500 0.027700 0.013100 0.026400 0.039700 0.013300 0.000000 0.000000 0.013200 0.027200 0.040600 0.000000 0.026000 0.027300 0.000000 0.013100 0.027000 0.026600 0.055000 0.040800 0.013400 0.039400 0.026100 0.013400 0.000000 0.013400 0.055400 0.054000 0.026100 0.041400 0.026600 0.039900 0.040400 0.000000 0.000000 0.027800 0.041400 0.000000 0.026700
Impala 0.013100 0.248200 0.000000 0.196200 0.000000 0.013200 0.040200 0.013100 0.000000 0.041500 0.013100 0.013700 0.042300 0.041500 0.027700 0.013300 0.027200 0.041000 0.013300 0.000000 0.000000 0.013100 0.027200 0.040600 0.000000 0.026600 0.027200 0.000000 0.013100 0.026400 0.027200 0.055000 0.040800 0.013700 0.040100 0.026000 0.013400 0.000000 0.013400 0.055400 0.054000 0.026600 0.041400 0.027200 0.039900 0.040400 0.000000 0.000000 0.027800 0.041400 0.000000 0.026700
Klipspring 0.041800 0.294700 0.027800 0.236600 0.027800 0.041800 0.071300 0.041600 0.027800 0.071800 0.041600 0.042500 0.073300 0.071800 0.057600 0.041500 0.056300 0.070900 0.042100 0.027400 0.027800 0.041600 0.056300 0.070100 0.027400 0.055000 0.058500 0.027800 0.041500 0.056000 0.054900 0.085500 0.070600 0.042500 0.069200 0.055300 0.041100 0.027200 0.041600 0.086200 0.083600 0.055000 0.071600 0.055300 0.068800 0.069800 0.027800 0.027800 0.000000 0.071500 0.027200 0.055300
ForestMusk 0.055300 0.269500 0.041400 0.248800 0.040500 0.055300 0.084900 0.053200 0.041400 0.085500 0.054900 0.056300 0.087000 0.085300 0.071300 0.053200 0.069800 0.084300 0.055600 0.040400 0.041400 0.055000 0.069800 0.083600 0.041400 0.068200 0.072400 0.040400 0.054800 0.069400 0.069800 0.099000 0.083800 0.056100 0.082300 0.068500 0.055200 0.041400 0.054900 0.099500 0.097100 0.068200 0.085200 0.069800 0.081900 0.083000 0.041400 0.041400 0.071500 0.000000 0.041400 0.068400
Bushbuck 0.013100 0.248200 0.000000 0.196200 0.000000 0.013500 0.040200 0.013100 0.000000 0.041500 0.013400 0.013400 0.041100 0.041500 0.027700 0.013300 0.027200 0.041000 0.013200 0.000000 0.000000 0.013100 0.027200 0.040600 0.000000 0.026100 0.027000 0.000000 0.013100 0.026500 0.027200 0.055000 0.040800 0.013700 0.040100 0.025900 0.013100 0.000000 0.013100 0.055400 0.054000 0.026100 0.040700 0.027200 0.038700 0.039500 0.000000 0.000000 0.027200 0.041400 0.000000 0.026700
GreaterKud 0.040100 0.279600 0.026700 0.225600 0.026700 0.038900 0.068300 0.038900 0.026700 0.068700 0.039900 0.040700 0.070100 0.068700 0.055100 0.039700 0.053000 0.067900 0.039200 0.026700 0.026000 0.039900 0.054000 0.067200 0.025800 0.052800 0.055900 0.026100 0.039700 0.053600 0.054000 0.081100 0.066900 0.040700 0.066300 0.053000 0.039100 0.026700 0.039800 0.082500 0.081000 0.052800 0.068500 0.053600 0.066000 0.066900 0.026700 0.026700 0.055300 0.068400 0.026700 0.000000
