CODONML (in paml version 4.10.7, June 2023)  /home/rachel/ruminants_paml/6406-phy-tree/ENSBTAT00000004797.fasta.phy
Model: free dN/dS Ratios for branches,  kappa = 2.000 fixed

Codon frequency model: F3x4
ns =  54  ls =  90

Codon usage in sequences
--------------------------------------------------------------------------------------------------------------------------------------
Phe TTT   4   4   4   4   3   2 | Ser TCT   1   1   1   1   1   1 | Tyr TAT   2   3   2   2   3   2 | Cys TGT   0   0   0   0   0   0
    TTC   3   3   3   3   5   5 |     TCC   1   1   1   1   1   1 |     TAC   3   2   3   3   2   3 |     TGC   0   0   0   0   0   0
Leu TTA   0   0   0   0   0   0 |     TCA   1   1   1   1   2   1 | *** TAA   0   0   0   0   0   0 | *** TGA   0   0   0   0   0   0
    TTG   0   0   1   0   0   1 |     TCG   1   1   1   1   0   1 |     TAG   0   0   0   0   0   0 | Trp TGG   1   1   1   1   1   1
--------------------------------------------------------------------------------------------------------------------------------------
Leu CTT   2   2   2   2   2   2 | Pro CCT   1   1   1   1   2   1 | His CAT   2   0   2   2   2   1 | Arg CGT   0   0   0   0   0   0
    CTC   1   1   1   1   1   1 |     CCC   1   1   0   1   1   1 |     CAC   1   3   1   1   1   2 |     CGC   1   1   1   1   1   1
    CTA   0   0   0   0   0   0 |     CCA   2   1   2   2   2   0 | Gln CAA   0   0   0   0   0   0 |     CGA   0   0   0   0   0   0
    CTG   3   3   2   3   2   1 |     CCG   1   2   2   1   0   3 |     CAG   4   4   4   4   4   4 |     CGG   1   2   1   1   1   1
--------------------------------------------------------------------------------------------------------------------------------------
Ile ATT   2   1   2   2   2   1 | Thr ACT   2   1   2   2   2   3 | Asn AAT   2   2   3   2   2   3 | Ser AGT   0   1   0   0   0   0
    ATC   3   3   3   3   3   3 |     ACC   1   1   1   1   1   1 |     AAC   4   4   3   4   3   3 |     AGC   0   0   0   0   1   0
    ATA   0   0   0   0   0   0 |     ACA   1   1   1   1   1   1 | Lys AAA   2   2   2   3   2   2 | Arg AGA   2   1   1   1   1   1
Met ATG   0   0   0   0   0   0 |     ACG   0   0   0   0   0   0 |     AAG   5   5   5   4   6   5 |     AGG   0   0   1   1   0   1
--------------------------------------------------------------------------------------------------------------------------------------
Val GTT   1   2   1   1   1   1 | Ala GCT   1   1   1   1   0   0 | Asp GAT   3   2   3   3   3   3 | Gly GGT   2   1   2   3   1   1
    GTC   1   1   1   1   1   1 |     GCC   1   1   1   1   2   2 |     GAC   1   2   1   1   1   1 |     GGC   4   5   4   3   5   5
    GTA   0   0   0   0   0   0 |     GCA   0   0   0   0   0   0 | Glu GAA   2   1   2   2   1   3 |     GGA   5   6   5   5   3   4
    GTG   2   2   2   2   2   3 |     GCG   1   1   1   1   1   1 |     GAG   5   5   5   5   6   4 |     GGG   0   0   0   0   2   1
--------------------------------------------------------------------------------------------------------------------------------------

--------------------------------------------------------------------------------------------------------------------------------------
Phe TTT   4   4   4   4   4   4 | Ser TCT   1   1   1   1   1   0 | Tyr TAT   2   2   2   2   2   2 | Cys TGT   0   0   0   0   0   0
    TTC   3   3   3   3   3   3 |     TCC   1   1   1   1   1   1 |     TAC   3   3   3   3   3   3 |     TGC   0   0   0   0   0   0
Leu TTA   0   0   0   0   0   0 |     TCA   1   1   1   1   1   1 | *** TAA   0   0   0   0   0   0 | *** TGA   0   0   0   0   0   0
    TTG   0   0   0   0   0   0 |     TCG   1   1   1   1   1   1 |     TAG   0   0   0   0   0   0 | Trp TGG   1   1   1   1   1   1
--------------------------------------------------------------------------------------------------------------------------------------
Leu CTT   2   2   2   2   2   2 | Pro CCT   1   1   1   1   1   1 | His CAT   2   2   2   2   2   1 | Arg CGT   0   0   0   1   0   0
    CTC   1   1   1   1   1   1 |     CCC   1   1   1   1   1   1 |     CAC   1   1   1   1   1   2 |     CGC   1   1   1   0   1   1
    CTA   0   0   0   0   0   0 |     CCA   3   2   2   2   2   2 | Gln CAA   0   0   0   0   0   0 |     CGA   0   0   0   0   0   0
    CTG   2   3   3   3   3   3 |     CCG   0   1   1   1   1   1 |     CAG   4   4   4   4   4   4 |     CGG   1   1   1   1   1   1
--------------------------------------------------------------------------------------------------------------------------------------
Ile ATT   2   2   2   2   2   2 | Thr ACT   2   2   2   2   2   2 | Asn AAT   2   2   2   2   3   2 | Ser AGT   0   0   0   0   0   0
    ATC   3   3   3   3   3   3 |     ACC   1   1   1   1   1   1 |     AAC   4   4   4   4   3   4 |     AGC   0   0   0   0   0   0
    ATA   0   0   0   0   0   0 |     ACA   1   1   1   1   1   1 | Lys AAA   2   2   2   2   2   2 | Arg AGA   1   2   1   1   1   1
Met ATG   1   0   0   0   0   0 |     ACG   0   0   0   0   0   0 |     AAG   5   5   5   6   5   5 |     AGG   1   0   1   0   1   1
--------------------------------------------------------------------------------------------------------------------------------------
Val GTT   1   1   1   1   1   1 | Ala GCT   1   1   1   1   1   2 | Asp GAT   3   3   3   3   3   3 | Gly GGT   3   2   2   2   2   2
    GTC   1   1   1   1   1   1 |     GCC   1   1   1   1   1   1 |     GAC   1   1   1   1   1   1 |     GGC   3   4   4   4   4   4
    GTA   0   0   0   0   0   0 |     GCA   0   0   0   1   0   0 | Glu GAA   2   2   2   2   2   2 |     GGA   5   5   5   5   5   5
    GTG   2   2   2   2   2   2 |     GCG   1   1   1   0   1   1 |     GAG   5   5   5   5   5   5 |     GGG   0   0   0   0   0   0
--------------------------------------------------------------------------------------------------------------------------------------

--------------------------------------------------------------------------------------------------------------------------------------
Phe TTT   4   4   4   4   4   4 | Ser TCT   1   1   1   1   1   1 | Tyr TAT   2   2   2   2   2   2 | Cys TGT   0   0   0   0   0   0
    TTC   3   3   3   3   3   3 |     TCC   1   1   1   1   1   1 |     TAC   3   3   3   3   3   3 |     TGC   0   0   0   0   0   0
Leu TTA   0   0   0   0   0   0 |     TCA   1   1   1   1   1   1 | *** TAA   0   0   0   0   0   0 | *** TGA   0   0   0   0   0   0
    TTG   0   0   0   0   0   0 |     TCG   1   1   1   1   1   1 |     TAG   0   0   0   0   0   0 | Trp TGG   1   1   1   1   1   1
--------------------------------------------------------------------------------------------------------------------------------------
Leu CTT   2   2   2   2   2   2 | Pro CCT   1   1   1   1   1   1 | His CAT   2   2   2   2   2   2 | Arg CGT   0   0   0   0   0   0
    CTC   1   1   1   1   1   1 |     CCC   1   1   1   1   1   1 |     CAC   1   1   1   1   1   1 |     CGC   1   1   1   1   1   1
    CTA   0   0   0   0   0   0 |     CCA   2   2   2   2   2   2 | Gln CAA   0   0   0   0   0   0 |     CGA   0   0   0   0   0   0
    CTG   3   3   3   3   3   3 |     CCG   1   1   1   1   1   1 |     CAG   4   4   4   4   4   4 |     CGG   1   1   1   1   1   1
--------------------------------------------------------------------------------------------------------------------------------------
Ile ATT   2   2   2   2   2   2 | Thr ACT   2   2   2   2   2   2 | Asn AAT   2   3   2   2   3   2 | Ser AGT   0   0   0   0   0   0
    ATC   3   3   3   3   3   3 |     ACC   1   1   1   1   1   1 |     AAC   4   3   4   4   3   4 |     AGC   0   0   0   0   0   0
    ATA   0   0   0   0   0   0 |     ACA   1   1   1   1   1   1 | Lys AAA   2   2   2   2   2   3 | Arg AGA   2   1   1   1   1   1
Met ATG   0   0   0   0   0   0 |     ACG   0   0   0   0   0   0 |     AAG   5   5   5   5   5   4 |     AGG   0   1   1   1   1   1
--------------------------------------------------------------------------------------------------------------------------------------
Val GTT   1   1   1   1   1   1 | Ala GCT   1   1   1   1   1   1 | Asp GAT   3   3   3   3   3   3 | Gly GGT   2   2   2   2   2   2
    GTC   1   1   1   1   1   1 |     GCC   1   1   1   1   1   1 |     GAC   1   1   1   1   1   1 |     GGC   4   4   4   4   4   4
    GTA   0   0   0   0   0   0 |     GCA   0   0   0   0   0   0 | Glu GAA   2   2   2   2   2   2 |     GGA   5   4   5   5   5   5
    GTG   2   2   2   2   2   2 |     GCG   1   1   1   1   1   1 |     GAG   5   5   5   5   5   5 |     GGG   0   1   0   0   0   0
--------------------------------------------------------------------------------------------------------------------------------------

--------------------------------------------------------------------------------------------------------------------------------------
Phe TTT   4   4   4   4   4   4 | Ser TCT   1   1   1   1   1   1 | Tyr TAT   2   2   2   3   2   2 | Cys TGT   0   0   0   0   0   0
    TTC   3   3   3   3   3   3 |     TCC   1   1   1   1   1   1 |     TAC   3   3   3   2   3   3 |     TGC   0   0   0   0   0   0
Leu TTA   0   0   0   0   0   0 |     TCA   1   2   1   1   1   1 | *** TAA   0   0   0   0   0   0 | *** TGA   0   0   0   0   0   0
    TTG   0   0   0   0   0   0 |     TCG   1   0   1   1   1   1 |     TAG   0   0   0   0   0   0 | Trp TGG   1   1   1   1   1   1
--------------------------------------------------------------------------------------------------------------------------------------
Leu CTT   2   2   2   2   2   2 | Pro CCT   1   1   1   1   1   1 | His CAT   2   2   2   2   2   2 | Arg CGT   0   0   0   0   0   0
    CTC   2   1   1   1   1   1 |     CCC   1   1   1   1   1   1 |     CAC   1   1   1   1   1   1 |     CGC   1   1   1   1   1   1
    CTA   0   0   1   0   0   0 |     CCA   3   3   3   2   2   2 | Gln CAA   1   1   1   0   0   0 |     CGA   0   0   0   0   0   0
    CTG   2   3   2   3   3   3 |     CCG   0   0   0   1   1   1 |     CAG   3   3   3   4   4   4 |     CGG   1   1   1   1   1   1
--------------------------------------------------------------------------------------------------------------------------------------
Ile ATT   2   2   2   2   2   2 | Thr ACT   2   2   2   2   2   2 | Asn AAT   1   2   2   3   2   2 | Ser AGT   0   0   0   0   0   0
    ATC   3   3   3   3   3   3 |     ACC   1   1   1   1   1   1 |     AAC   4   3   4   3   4   4 |     AGC   0   0   0   0   0   0
    ATA   0   0   0   0   0   0 |     ACA   1   1   1   1   1   1 | Lys AAA   2   3   2   2   2   2 | Arg AGA   1   1   1   1   1   2
Met ATG   0   0   0   0   0   0 |     ACG   0   0   0   0   0   0 |     AAG   6   5   5   5   5   5 |     AGG   1   1   1   1   1   0
--------------------------------------------------------------------------------------------------------------------------------------
Val GTT   1   1   1   1   1   1 | Ala GCT   1   1   1   1   1   1 | Asp GAT   3   3   3   3   3   3 | Gly GGT   2   2   2   3   2   2
    GTC   1   1   1   1   1   1 |     GCC   1   1   1   1   1   1 |     GAC   1   1   1   1   1   1 |     GGC   3   4   4   3   4   4
    GTA   0   0   0   0   0   0 |     GCA   0   0   0   0   0   0 | Glu GAA   2   2   2   2   2   2 |     GGA   6   5   5   5   5   5
    GTG   2   2   2   2   2   2 |     GCG   1   1   1   1   1   1 |     GAG   5   5   5   5   5   5 |     GGG   0   0   0   0   0   0
--------------------------------------------------------------------------------------------------------------------------------------

--------------------------------------------------------------------------------------------------------------------------------------
Phe TTT   4   4   4   4   4   4 | Ser TCT   1   1   1   1   1   1 | Tyr TAT   3   2   2   2   2   2 | Cys TGT   0   0   0   0   0   0
    TTC   3   3   3   3   3   3 |     TCC   1   1   1   1   1   1 |     TAC   2   3   3   3   3   3 |     TGC   0   0   0   0   0   0
Leu TTA   0   0   0   0   0   0 |     TCA   1   2   1   1   1   1 | *** TAA   0   0   0   0   0   0 | *** TGA   0   0   0   0   0   0
    TTG   0   0   0   0   0   0 |     TCG   1   0   1   1   1   1 |     TAG   0   0   0   0   0   0 | Trp TGG   1   1   1   1   1   1
--------------------------------------------------------------------------------------------------------------------------------------
Leu CTT   2   2   2   2   2   2 | Pro CCT   1   1   1   1   1   1 | His CAT   1   1   2   2   2   2 | Arg CGT   0   0   0   0   0   0
    CTC   1   1   1   1   1   1 |     CCC   1   1   1   1   1   1 |     CAC   2   2   1   1   1   1 |     CGC   1   1   1   1   1   1
    CTA   0   0   0   0   0   0 |     CCA   2   2   2   2   2   2 | Gln CAA   0   0   0   0   0   0 |     CGA   0   0   0   0   0   0
    CTG   3   3   3   3   3   3 |     CCG   1   1   1   1   1   1 |     CAG   4   4   4   4   4   4 |     CGG   1   1   1   1   1   1
--------------------------------------------------------------------------------------------------------------------------------------
Ile ATT   2   2   2   2   2   2 | Thr ACT   2   2   2   2   2   2 | Asn AAT   2   3   2   2   2   3 | Ser AGT   0   0   0   0   0   0
    ATC   3   3   3   3   3   3 |     ACC   1   1   1   1   1   1 |     AAC   4   3   4   4   4   3 |     AGC   0   0   0   0   0   0
    ATA   0   0   0   0   0   0 |     ACA   1   1   1   1   1   1 | Lys AAA   2   2   2   2   2   2 | Arg AGA   1   1   2   1   0   1
Met ATG   0   0   0   0   0   0 |     ACG   0   0   0   0   0   0 |     AAG   5   5   5   5   5   5 |     AGG   1   1   0   1   2   1
--------------------------------------------------------------------------------------------------------------------------------------
Val GTT   1   1   1   1   1   1 | Ala GCT   1   1   1   1   1   1 | Asp GAT   3   3   3   3   3   3 | Gly GGT   2   2   2   2   2   2
    GTC   1   1   1   1   1   1 |     GCC   1   1   1   1   1   1 |     GAC   1   1   1   1   1   1 |     GGC   4   4   4   4   4   4
    GTA   0   0   0   0   0   0 |     GCA   0   0   0   0   0   0 | Glu GAA   2   2   2   2   2   2 |     GGA   5   5   5   5   5   5
    GTG   2   2   2   2   2   2 |     GCG   1   1   1   1   1   1 |     GAG   5   5   5   5   5   5 |     GGG   0   0   0   0   0   0
--------------------------------------------------------------------------------------------------------------------------------------

--------------------------------------------------------------------------------------------------------------------------------------
Phe TTT   4   4   4   4   4   4 | Ser TCT   1   1   0   1   1   1 | Tyr TAT   2   2   2   2   3   2 | Cys TGT   0   0   0   0   0   0
    TTC   3   3   3   3   3   3 |     TCC   1   1   1   1   1   1 |     TAC   3   3   3   3   2   3 |     TGC   0   0   0   0   0   0
Leu TTA   0   0   0   0   0   0 |     TCA   1   1   1   1   1   1 | *** TAA   0   0   0   0   0   0 | *** TGA   0   0   0   0   0   0
    TTG   0   0   0   0   1   0 |     TCG   1   1   1   1   0   1 |     TAG   0   0   0   0   0   0 | Trp TGG   1   1   1   1   1   1
--------------------------------------------------------------------------------------------------------------------------------------
Leu CTT   2   2   2   2   2   2 | Pro CCT   1   1   1   1   1   1 | His CAT   2   2   1   2   2   2 | Arg CGT   0   0   0   0   0   0
    CTC   1   1   1   1   1   1 |     CCC   1   1   1   1   1   1 |     CAC   1   1   2   1   1   1 |     CGC   1   1   1   1   1   1
    CTA   0   0   0   0   0   0 |     CCA   2   2   2   2   3   2 | Gln CAA   0   0   0   1   0   0 |     CGA   0   0   0   0   0   0
    CTG   3   3   3   3   3   3 |     CCG   1   1   1   1   0   1 |     CAG   4   4   4   3   4   4 |     CGG   1   1   1   1   1   1
--------------------------------------------------------------------------------------------------------------------------------------
Ile ATT   2   2   2   2   2   2 | Thr ACT   2   2   2   2   2   2 | Asn AAT   2   3   2   3   1   2 | Ser AGT   0   0   0   0   0   0
    ATC   3   3   3   3   3   3 |     ACC   1   1   1   1   1   1 |     AAC   4   3   4   3   4   4 |     AGC   0   0   0   0   0   0
    ATA   0   0   0   0   0   0 |     ACA   1   1   1   1   1   1 | Lys AAA   2   2   2   2   2   2 | Arg AGA   1   1   1   1   1   1
Met ATG   0   0   0   0   0   0 |     ACG   0   0   0   0   0   0 |     AAG   5   5   5   5   6   5 |     AGG   1   1   1   1   1   1
--------------------------------------------------------------------------------------------------------------------------------------
Val GTT   1   1   1   1   1   1 | Ala GCT   1   1   2   1   1   1 | Asp GAT   3   3   3   3   3   3 | Gly GGT   2   2   2   2   3   2
    GTC   1   1   1   1   1   1 |     GCC   1   1   1   1   1   1 |     GAC   1   1   1   1   1   1 |     GGC   4   4   4   4   3   4
    GTA   0   0   0   0   0   0 |     GCA   0   0   0   0   0   0 | Glu GAA   2   2   2   2   1   2 |     GGA   5   5   5   5   5   5
    GTG   2   2   2   2   2   2 |     GCG   1   1   1   1   1   1 |     GAG   5   5   5   5   6   5 |     GGG   0   0   0   0   0   0
--------------------------------------------------------------------------------------------------------------------------------------

--------------------------------------------------------------------------------------------------------------------------------------
Phe TTT   4   4   4   4   4   4 | Ser TCT   1   1   1   1   1   1 | Tyr TAT   3   2   2   2   3   2 | Cys TGT   0   0   0   0   0   0
    TTC   3   3   3   3   3   3 |     TCC   1   1   1   1   1   1 |     TAC   2   3   3   3   2   3 |     TGC   0   0   0   0   0   0
Leu TTA   0   0   0   0   0   0 |     TCA   2   1   1   1   1   2 | *** TAA   0   0   0   0   0   0 | *** TGA   0   0   0   0   0   0
    TTG   0   0   0   0   0   0 |     TCG   0   1   1   1   1   0 |     TAG   0   0   0   0   0   0 | Trp TGG   1   1   1   1   1   1
--------------------------------------------------------------------------------------------------------------------------------------
Leu CTT   2   2   2   2   2   3 | Pro CCT   1   1   1   2   1   1 | His CAT   1   2   2   2   2   2 | Arg CGT   0   0   0   0   0   0
    CTC   1   1   1   1   1   0 |     CCC   1   1   1   0   1   1 |     CAC   2   1   1   1   1   1 |     CGC   1   1   0   1   1   1
    CTA   0   0   0   0   0   0 |     CCA   2   2   2   3   2   2 | Gln CAA   0   0   0   0   1   0 |     CGA   0   0   1   0   0   0
    CTG   3   3   3   2   3   3 |     CCG   1   1   1   0   1   1 |     CAG   4   4   4   4   3   4 |     CGG   1   1   1   1   1   1
--------------------------------------------------------------------------------------------------------------------------------------
Ile ATT   2   2   2   2   2   2 | Thr ACT   2   2   2   2   2   2 | Asn AAT   2   3   2   2   2   2 | Ser AGT   0   0   0   0   0   0
    ATC   3   3   3   3   3   3 |     ACC   1   1   1   1   1   1 |     AAC   4   3   4   4   4   4 |     AGC   0   0   0   0   0   0
    ATA   0   0   0   0   0   0 |     ACA   1   1   1   1   1   1 | Lys AAA   2   3   2   2   2   2 | Arg AGA   1   1   2   1   1   1
Met ATG   0   0   0   1   0   0 |     ACG   0   0   0   0   0   0 |     AAG   5   4   5   5   5   5 |     AGG   1   1   0   1   1   1
--------------------------------------------------------------------------------------------------------------------------------------
Val GTT   1   1   1   1   1   2 | Ala GCT   1   1   1   1   1   1 | Asp GAT   3   3   3   3   3   3 | Gly GGT   2   2   2   2   2   2
    GTC   1   1   1   1   1   1 |     GCC   1   1   1   1   1   1 |     GAC   1   1   1   1   1   1 |     GGC   4   4   4   4   4   4
    GTA   0   0   0   0   0   0 |     GCA   0   0   0   0   0   0 | Glu GAA   2   2   2   2   2   2 |     GGA   5   5   5   5   5   5
    GTG   2   2   2   2   2   1 |     GCG   1   1   1   1   1   1 |     GAG   5   5   5   5   5   5 |     GGG   0   0   0   0   0   0
--------------------------------------------------------------------------------------------------------------------------------------

--------------------------------------------------------------------------------------------------------------------------------------
Phe TTT   4   4   4   4   4   4 | Ser TCT   1   1   0   1   1   2 | Tyr TAT   2   2   2   1   2   3 | Cys TGT   0   0   0   0   0   0
    TTC   3   3   3   3   3   3 |     TCC   1   1   1   1   1   1 |     TAC   3   3   3   4   3   2 |     TGC   0   0   0   0   0   0
Leu TTA   0   0   0   0   0   0 |     TCA   1   1   1   2   1   1 | *** TAA   0   0   0   0   0   0 | *** TGA   0   0   0   0   0   0
    TTG   0   0   0   0   0   0 |     TCG   1   1   1   0   1   0 |     TAG   0   0   0   0   0   0 | Trp TGG   1   1   1   1   1   1
--------------------------------------------------------------------------------------------------------------------------------------
Leu CTT   2   2   2   2   2   2 | Pro CCT   1   1   1   1   1   1 | His CAT   1   2   1   2   2   1 | Arg CGT   0   0   0   0   0   0
    CTC   1   1   1   1   1   2 |     CCC   1   1   1   1   1   1 |     CAC   2   1   2   1   1   2 |     CGC   1   1   0   1   1   1
    CTA   0   0   0   0   0   0 |     CCA   2   2   2   2   2   2 | Gln CAA   0   0   0   1   0   0 |     CGA   0   0   1   0   0   0
    CTG   3   3   3   3   3   1 |     CCG   1   1   1   1   1   1 |     CAG   4   4   4   3   4   4 |     CGG   1   1   1   1   1   1
--------------------------------------------------------------------------------------------------------------------------------------
Ile ATT   2   2   2   2   2   2 | Thr ACT   2   2   2   2   2   2 | Asn AAT   3   2   2   3   3   2 | Ser AGT   0   0   0   0   0   0
    ATC   3   3   3   3   3   3 |     ACC   1   1   1   1   1   1 |     AAC   3   4   4   3   3   4 |     AGC   0   0   0   0   0   0
    ATA   0   0   0   0   0   0 |     ACA   1   1   1   1   1   0 | Lys AAA   2   2   2   2   3   3 | Arg AGA   1   1   1   1   1   0
Met ATG   0   0   0   0   0   1 |     ACG   0   0   0   0   0   1 |     AAG   5   5   5   5   4   5 |     AGG   1   1   1   1   1   1
--------------------------------------------------------------------------------------------------------------------------------------
Val GTT   1   1   1   1   1   1 | Ala GCT   1   1   2   1   1   1 | Asp GAT   3   3   3   3   3   3 | Gly GGT   2   2   2   2   2   3
    GTC   1   1   1   1   1   1 |     GCC   1   1   1   1   1   1 |     GAC   1   1   1   1   1   1 |     GGC   4   4   4   4   4   3
    GTA   0   0   0   0   0   0 |     GCA   0   0   0   0   0   0 | Glu GAA   2   2   2   2   2   2 |     GGA   5   5   5   5   5   5
    GTG   2   2   2   2   2   2 |     GCG   1   1   1   1   1   1 |     GAG   5   5   5   5   5   5 |     GGG   0   0   0   0   0   0
--------------------------------------------------------------------------------------------------------------------------------------

--------------------------------------------------------------------------------------------------------------------------------------
Phe TTT   4   4   4   4   4   4 | Ser TCT   1   1   1   1   1   1 | Tyr TAT   2   2   2   2   3   2 | Cys TGT   0   0   0   0   0   0
    TTC   3   3   3   3   3   3 |     TCC   1   1   1   1   1   1 |     TAC   3   3   3   3   2   3 |     TGC   0   0   0   0   0   0
Leu TTA   0   0   0   0   0   0 |     TCA   1   1   1   1   1   1 | *** TAA   0   0   0   0   0   0 | *** TGA   0   0   0   0   0   0
    TTG   0   0   0   0   0   0 |     TCG   1   1   1   1   1   1 |     TAG   0   0   0   0   0   0 | Trp TGG   1   1   1   1   1   1
--------------------------------------------------------------------------------------------------------------------------------------
Leu CTT   2   2   2   2   2   2 | Pro CCT   1   1   1   1   1   1 | His CAT   1   2   1   2   2   2 | Arg CGT   0   0   0   0   0   0
    CTC   1   1   1   1   1   1 |     CCC   1   1   1   1   1   1 |     CAC   2   1   2   1   1   1 |     CGC   1   1   1   1   1   1
    CTA   0   0   0   0   0   0 |     CCA   2   1   2   2   2   2 | Gln CAA   1   0   0   0   0   0 |     CGA   0   0   0   0   0   0
    CTG   3   3   2   3   3   3 |     CCG   1   2   1   1   1   1 |     CAG   3   4   4   4   4   4 |     CGG   1   1   1   1   1   1
--------------------------------------------------------------------------------------------------------------------------------------
Ile ATT   2   2   2   2   2   2 | Thr ACT   2   2   2   2   2   2 | Asn AAT   2   2   2   3   3   3 | Ser AGT   0   0   0   0   0   0
    ATC   3   2   3   3   3   3 |     ACC   1   1   1   1   1   1 |     AAC   4   4   4   3   3   3 |     AGC   0   0   0   0   0   0
    ATA   0   1   0   0   0   0 |     ACA   1   1   1   1   1   1 | Lys AAA   2   2   0   3   2   2 | Arg AGA   1   1   1   1   1   1
Met ATG   0   0   1   0   0   0 |     ACG   0   0   0   0   0   0 |     AAG   5   5   7   4   5   5 |     AGG   1   1   1   1   1   1
--------------------------------------------------------------------------------------------------------------------------------------
Val GTT   1   1   1   1   1   1 | Ala GCT   1   1   1   1   1   1 | Asp GAT   3   3   3   3   3   3 | Gly GGT   2   3   2   3   2   2
    GTC   1   1   1   1   1   1 |     GCC   1   1   1   1   1   1 |     GAC   1   1   1   1   1   1 |     GGC   4   3   4   3   4   4
    GTA   0   0   0   0   0   0 |     GCA   0   0   0   0   0   0 | Glu GAA   2   2   2   2   2   2 |     GGA   5   5   5   5   5   5
    GTG   2   2   2   2   2   2 |     GCG   1   1   1   1   1   1 |     GAG   5   5   5   5   5   5 |     GGG   0   0   0   0   0   0
--------------------------------------------------------------------------------------------------------------------------------------

Codon position x base (3x4) table for each sequence.

#1: Argali         
position  1:    T:0.18889    C:0.22222    A:0.26667    G:0.32222
position  2:    T:0.24444    C:0.17778    A:0.40000    G:0.17778
position  3:    T:0.27778    C:0.28889    A:0.16667    G:0.26667
Average         T:0.23704    C:0.22963    A:0.27778    G:0.25556

#2: LesserMouseDeer
position  1:    T:0.18889    C:0.23333    A:0.24444    G:0.33333
position  2:    T:0.24444    C:0.16667    A:0.38889    G:0.20000
position  3:    T:0.24444    C:0.32222    A:0.14444    G:0.28889
Average         T:0.22593    C:0.24074    A:0.25926    G:0.27407

#3: LesserKudu     
position  1:    T:0.20000    C:0.21111    A:0.26667    G:0.32222
position  2:    T:0.24444    C:0.17778    A:0.40000    G:0.17778
position  3:    T:0.28889    C:0.26667    A:0.15556    G:0.28889
Average         T:0.24444    C:0.21852    A:0.27407    G:0.26296

#4: ForestMuskDeer2
position  1:    T:0.18889    C:0.22222    A:0.26667    G:0.32222
position  2:    T:0.24444    C:0.17778    A:0.40000    G:0.17778
position  3:    T:0.28889    C:0.27778    A:0.16667    G:0.26667
Average         T:0.24074    C:0.22593    A:0.27778    G:0.25556

#5: Camel          
position  1:    T:0.20000    C:0.21111    A:0.26667    G:0.32222
position  2:    T:0.24444    C:0.17778    A:0.40000    G:0.17778
position  3:    T:0.26667    C:0.32222    A:0.13333    G:0.27778
Average         T:0.23704    C:0.23704    A:0.26667    G:0.25926

#6: KillerWhale    
position  1:    T:0.20000    C:0.20000    A:0.26667    G:0.33333
position  2:    T:0.23333    C:0.18889    A:0.40000    G:0.17778
position  3:    T:0.23333    C:0.33333    A:0.13333    G:0.30000
Average         T:0.22222    C:0.24074    A:0.26667    G:0.27037

#7: DefassaWaterbuck
position  1:    T:0.18889    C:0.21111    A:0.27778    G:0.32222
position  2:    T:0.24444    C:0.17778    A:0.40000    G:0.17778
position  3:    T:0.28889    C:0.27778    A:0.16667    G:0.26667
Average         T:0.24074    C:0.22222    A:0.28148    G:0.25556

#8: Sheep          
position  1:    T:0.18889    C:0.22222    A:0.26667    G:0.32222
position  2:    T:0.24444    C:0.17778    A:0.40000    G:0.17778
position  3:    T:0.27778    C:0.28889    A:0.16667    G:0.26667
Average         T:0.23704    C:0.22963    A:0.27778    G:0.25556

#9: MaxwellsDuiker 
position  1:    T:0.18889    C:0.22222    A:0.26667    G:0.32222
position  2:    T:0.24444    C:0.17778    A:0.40000    G:0.17778
position  3:    T:0.27778    C:0.28889    A:0.15556    G:0.27778
Average         T:0.23704    C:0.22963    A:0.27407    G:0.25926

#10: GazellaPrzewalskyi
position  1:    T:0.18889    C:0.22222    A:0.26667    G:0.32222
position  2:    T:0.24444    C:0.17778    A:0.41111    G:0.16667
position  3:    T:0.28889    C:0.27778    A:0.16667    G:0.26667
Average         T:0.24074    C:0.22593    A:0.28148    G:0.25185

#11: MountainNyala  
position  1:    T:0.18889    C:0.22222    A:0.26667    G:0.32222
position  2:    T:0.24444    C:0.17778    A:0.40000    G:0.17778
position  3:    T:0.28889    C:0.27778    A:0.15556    G:0.27778
Average         T:0.24074    C:0.22593    A:0.27407    G:0.25926

#12: MuntiacusMuntjak
position  1:    T:0.17778    C:0.22222    A:0.26667    G:0.33333
position  2:    T:0.24444    C:0.17778    A:0.40000    G:0.17778
position  3:    T:0.26667    C:0.30000    A:0.15556    G:0.27778
Average         T:0.22963    C:0.23333    A:0.27407    G:0.26296

#13: goat           
position  1:    T:0.18889    C:0.22222    A:0.26667    G:0.32222
position  2:    T:0.24444    C:0.17778    A:0.40000    G:0.17778
position  3:    T:0.27778    C:0.28889    A:0.16667    G:0.26667
Average         T:0.23704    C:0.22963    A:0.27778    G:0.25556

#14: AfricanBuffalo 
position  1:    T:0.18889    C:0.22222    A:0.26667    G:0.32222
position  2:    T:0.24444    C:0.17778    A:0.40000    G:0.17778
position  3:    T:0.28889    C:0.27778    A:0.14444    G:0.28889
Average         T:0.24074    C:0.22593    A:0.27037    G:0.26296

#15: Topi           
position  1:    T:0.18889    C:0.22222    A:0.26667    G:0.32222
position  2:    T:0.24444    C:0.17778    A:0.40000    G:0.17778
position  3:    T:0.27778    C:0.28889    A:0.15556    G:0.27778
Average         T:0.23704    C:0.22963    A:0.27407    G:0.25926

#16: CommonDuiker   
position  1:    T:0.18889    C:0.22222    A:0.26667    G:0.32222
position  2:    T:0.24444    C:0.17778    A:0.40000    G:0.17778
position  3:    T:0.27778    C:0.28889    A:0.15556    G:0.27778
Average         T:0.23704    C:0.22963    A:0.27407    G:0.25926

#17: Suni           
position  1:    T:0.18889    C:0.22222    A:0.26667    G:0.32222
position  2:    T:0.24444    C:0.17778    A:0.40000    G:0.17778
position  3:    T:0.28889    C:0.27778    A:0.15556    G:0.27778
Average         T:0.24074    C:0.22593    A:0.27407    G:0.25926

#18: Springbuck     
position  1:    T:0.18889    C:0.22222    A:0.26667    G:0.32222
position  2:    T:0.24444    C:0.17778    A:0.40000    G:0.17778
position  3:    T:0.27778    C:0.28889    A:0.16667    G:0.26667
Average         T:0.23704    C:0.22963    A:0.27778    G:0.25556

#19: Okapi          
position  1:    T:0.18889    C:0.22222    A:0.26667    G:0.32222
position  2:    T:0.24444    C:0.17778    A:0.40000    G:0.17778
position  3:    T:0.26667    C:0.28889    A:0.18889    G:0.25556
Average         T:0.23333    C:0.22963    A:0.28519    G:0.25185

#20: Giraffe        
position  1:    T:0.18889    C:0.22222    A:0.26667    G:0.32222
position  2:    T:0.24444    C:0.17778    A:0.40000    G:0.17778
position  3:    T:0.27778    C:0.27778    A:0.20000    G:0.24444
Average         T:0.23704    C:0.22593    A:0.28889    G:0.24815

#21: TibetanAntelope
position  1:    T:0.18889    C:0.22222    A:0.26667    G:0.32222
position  2:    T:0.24444    C:0.17778    A:0.40000    G:0.17778
position  3:    T:0.27778    C:0.28889    A:0.18889    G:0.24444
Average         T:0.23704    C:0.22963    A:0.28519    G:0.24815

#22: Sitatunga      
position  1:    T:0.18889    C:0.22222    A:0.26667    G:0.32222
position  2:    T:0.24444    C:0.17778    A:0.40000    G:0.17778
position  3:    T:0.31111    C:0.25556    A:0.15556    G:0.27778
Average         T:0.24815    C:0.21852    A:0.27407    G:0.25926

#23: Oribi          
position  1:    T:0.18889    C:0.22222    A:0.26667    G:0.32222
position  2:    T:0.24444    C:0.17778    A:0.40000    G:0.17778
position  3:    T:0.27778    C:0.28889    A:0.15556    G:0.27778
Average         T:0.23704    C:0.22963    A:0.27407    G:0.25926

#24: BarbarySheep   
position  1:    T:0.18889    C:0.22222    A:0.26667    G:0.32222
position  2:    T:0.24444    C:0.17778    A:0.40000    G:0.17778
position  3:    T:0.27778    C:0.28889    A:0.16667    G:0.26667
Average         T:0.23704    C:0.22963    A:0.27778    G:0.25556

#25: Daviddeer      
position  1:    T:0.18889    C:0.22222    A:0.26667    G:0.32222
position  2:    T:0.24444    C:0.17778    A:0.40000    G:0.17778
position  3:    T:0.27778    C:0.28889    A:0.15556    G:0.27778
Average         T:0.23704    C:0.22963    A:0.27407    G:0.25926

#26: Reindeer       
position  1:    T:0.18889    C:0.22222    A:0.26667    G:0.32222
position  2:    T:0.24444    C:0.17778    A:0.40000    G:0.17778
position  3:    T:0.27778    C:0.28889    A:0.16667    G:0.26667
Average         T:0.23704    C:0.22963    A:0.27778    G:0.25556

#27: Ibex           
position  1:    T:0.18889    C:0.22222    A:0.26667    G:0.32222
position  2:    T:0.24444    C:0.17778    A:0.40000    G:0.17778
position  3:    T:0.27778    C:0.28889    A:0.16667    G:0.26667
Average         T:0.23704    C:0.22963    A:0.27778    G:0.25556

#28: GyrantGazelle  
position  1:    T:0.18889    C:0.22222    A:0.26667    G:0.32222
position  2:    T:0.24444    C:0.17778    A:0.40000    G:0.17778
position  3:    T:0.27778    C:0.28889    A:0.15556    G:0.27778
Average         T:0.23704    C:0.22963    A:0.27407    G:0.25926

#29: Hartebeest     
position  1:    T:0.18889    C:0.22222    A:0.26667    G:0.32222
position  2:    T:0.24444    C:0.17778    A:0.40000    G:0.17778
position  3:    T:0.27778    C:0.28889    A:0.14444    G:0.28889
Average         T:0.23704    C:0.22963    A:0.27037    G:0.26296

#30: Bongo          
position  1:    T:0.18889    C:0.22222    A:0.26667    G:0.32222
position  2:    T:0.24444    C:0.17778    A:0.40000    G:0.17778
position  3:    T:0.28889    C:0.27778    A:0.15556    G:0.27778
Average         T:0.24074    C:0.22593    A:0.27407    G:0.25926

#31: Gerenuk        
position  1:    T:0.18889    C:0.22222    A:0.26667    G:0.32222
position  2:    T:0.24444    C:0.17778    A:0.40000    G:0.17778
position  3:    T:0.27778    C:0.28889    A:0.15556    G:0.27778
Average         T:0.23704    C:0.22963    A:0.27407    G:0.25926

#32: CommonEland    
position  1:    T:0.18889    C:0.22222    A:0.26667    G:0.32222
position  2:    T:0.24444    C:0.17778    A:0.40000    G:0.17778
position  3:    T:0.28889    C:0.27778    A:0.15556    G:0.27778
Average         T:0.24074    C:0.22593    A:0.27407    G:0.25926

#33: MuntiacusReevesi
position  1:    T:0.17778    C:0.22222    A:0.26667    G:0.33333
position  2:    T:0.24444    C:0.17778    A:0.40000    G:0.17778
position  3:    T:0.26667    C:0.30000    A:0.15556    G:0.27778
Average         T:0.22963    C:0.23333    A:0.27407    G:0.26296

#34: HarveysDuiker  
position  1:    T:0.18889    C:0.22222    A:0.26667    G:0.32222
position  2:    T:0.24444    C:0.17778    A:0.40000    G:0.17778
position  3:    T:0.28889    C:0.27778    A:0.16667    G:0.26667
Average         T:0.24074    C:0.22593    A:0.27778    G:0.25556

#35: Pronghorn      
position  1:    T:0.18889    C:0.22222    A:0.26667    G:0.32222
position  2:    T:0.25556    C:0.16667    A:0.40000    G:0.17778
position  3:    T:0.28889    C:0.26667    A:0.15556    G:0.28889
Average         T:0.24444    C:0.21852    A:0.27407    G:0.26296

#36: BlueWildebeest 
position  1:    T:0.18889    C:0.22222    A:0.26667    G:0.32222
position  2:    T:0.24444    C:0.17778    A:0.40000    G:0.17778
position  3:    T:0.27778    C:0.28889    A:0.15556    G:0.27778
Average         T:0.23704    C:0.22963    A:0.27407    G:0.25926

#37: Gemsbok        
position  1:    T:0.18889    C:0.22222    A:0.26667    G:0.32222
position  2:    T:0.24444    C:0.17778    A:0.40000    G:0.17778
position  3:    T:0.27778    C:0.28889    A:0.16667    G:0.26667
Average         T:0.23704    C:0.22963    A:0.27778    G:0.25556

#38: Yak            
position  1:    T:0.18889    C:0.22222    A:0.26667    G:0.32222
position  2:    T:0.24444    C:0.17778    A:0.40000    G:0.17778
position  3:    T:0.28889    C:0.27778    A:0.16667    G:0.26667
Average         T:0.24074    C:0.22593    A:0.27778    G:0.25556

#39: BlueSheep      
position  1:    T:0.18889    C:0.22222    A:0.26667    G:0.32222
position  2:    T:0.24444    C:0.17778    A:0.40000    G:0.17778
position  3:    T:0.27778    C:0.27778    A:0.17778    G:0.26667
Average         T:0.23704    C:0.22593    A:0.28148    G:0.25556

#40: BohorReedbuck  
position  1:    T:0.18889    C:0.21111    A:0.27778    G:0.32222
position  2:    T:0.24444    C:0.17778    A:0.40000    G:0.17778
position  3:    T:0.28889    C:0.27778    A:0.16667    G:0.26667
Average         T:0.24074    C:0.22222    A:0.28148    G:0.25556

#41: KirksDik       
position  1:    T:0.18889    C:0.22222    A:0.26667    G:0.32222
position  2:    T:0.24444    C:0.17778    A:0.40000    G:0.17778
position  3:    T:0.28889    C:0.27778    A:0.16667    G:0.26667
Average         T:0.24074    C:0.22593    A:0.27778    G:0.25556

#42: RoeDeer        
position  1:    T:0.18889    C:0.22222    A:0.26667    G:0.32222
position  2:    T:0.24444    C:0.17778    A:0.40000    G:0.17778
position  3:    T:0.30000    C:0.27778    A:0.16667    G:0.25556
Average         T:0.24444    C:0.22593    A:0.27778    G:0.25185

#43: WhiteLippedDeer
position  1:    T:0.18889    C:0.22222    A:0.26667    G:0.32222
position  2:    T:0.24444    C:0.17778    A:0.40000    G:0.17778
position  3:    T:0.27778    C:0.28889    A:0.15556    G:0.27778
Average         T:0.23704    C:0.22963    A:0.27407    G:0.25926

#44: ThomsonGazelle 
position  1:    T:0.18889    C:0.22222    A:0.26667    G:0.32222
position  2:    T:0.24444    C:0.17778    A:0.40000    G:0.17778
position  3:    T:0.27778    C:0.28889    A:0.15556    G:0.27778
Average         T:0.23704    C:0.22963    A:0.27407    G:0.25926

#45: MuntiacusCrinifrons
position  1:    T:0.17778    C:0.22222    A:0.26667    G:0.33333
position  2:    T:0.24444    C:0.17778    A:0.40000    G:0.17778
position  3:    T:0.26667    C:0.28889    A:0.16667    G:0.27778
Average         T:0.22963    C:0.22963    A:0.27778    G:0.26296

#46: WhiteTailedDeer
position  1:    T:0.18889    C:0.22222    A:0.26667    G:0.32222
position  2:    T:0.24444    C:0.17778    A:0.40000    G:0.17778
position  3:    T:0.27778    C:0.28889    A:0.17778    G:0.25556
Average         T:0.23704    C:0.22963    A:0.28148    G:0.25185

#47: Cattle         
position  1:    T:0.18889    C:0.22222    A:0.26667    G:0.32222
position  2:    T:0.24444    C:0.17778    A:0.40000    G:0.17778
position  3:    T:0.28889    C:0.27778    A:0.16667    G:0.26667
Average         T:0.24074    C:0.22593    A:0.27778    G:0.25556

#48: RoyalAntelope  
position  1:    T:0.18889    C:0.21111    A:0.27778    G:0.32222
position  2:    T:0.24444    C:0.17778    A:0.41111    G:0.16667
position  3:    T:0.30000    C:0.28889    A:0.14444    G:0.26667
Average         T:0.24444    C:0.22593    A:0.27778    G:0.25185

#49: Steenbok       
position  1:    T:0.18889    C:0.22222    A:0.26667    G:0.32222
position  2:    T:0.24444    C:0.17778    A:0.40000    G:0.17778
position  3:    T:0.26667    C:0.30000    A:0.16667    G:0.26667
Average         T:0.23333    C:0.23333    A:0.27778    G:0.25556

#50: Impala         
position  1:    T:0.18889    C:0.22222    A:0.26667    G:0.32222
position  2:    T:0.24444    C:0.17778    A:0.40000    G:0.17778
position  3:    T:0.28889    C:0.26667    A:0.15556    G:0.28889
Average         T:0.24074    C:0.22222    A:0.27407    G:0.26296

#51: Klipspringer   
position  1:    T:0.18889    C:0.21111    A:0.27778    G:0.32222
position  2:    T:0.24444    C:0.17778    A:0.40000    G:0.17778
