1
52 1
Argali 0.000000 0.261800 0.125900 0.314400 0.115700 0.010700 0.103300 0.192100 0.138400 0.101100 0.043300 0.101700 0.113400 0.066400 0.113800 0.089800 0.077500 0.077700 0.065700 0.150900 0.054600 0.032200 0.102100 0.126600 0.032300 0.112800 0.101300 0.137800 0.152400 0.126100 0.102000 0.124200 0.176000 0.077800 0.077900 0.089300 0.032300 0.141900 0.101500 0.139500 0.101300 0.089700 0.102000 0.150500 0.101100 0.065700 0.077900 0.125000 0.111700 0.077600 0.137700 0.125900
LesserMous 0.261800 0.000000 0.233300 0.273800 0.296900 0.276400 0.238000 0.282200 0.247900 0.246300 0.230600 0.179300 0.232100 0.206100 0.233900 0.261700 0.202700 0.191500 0.217200 0.247000 0.217700 0.244600 0.221200 0.249900 0.217500 0.230700 0.246700 0.218300 0.341300 0.233800 0.233400 0.272400 0.260500 0.218700 0.247100 0.204700 0.217500 0.300400 0.247200 0.249200 0.219000 0.232800 0.233400 0.248100 0.218300 0.203200 0.247000 0.288700 0.214300 0.191500 0.218600 0.233300
LesserKudu 0.125900 0.233300 0.000000 0.283900 0.128300 0.138300 0.115700 0.206100 0.010600 0.112900 0.076900 0.066100 0.066000 0.077800 0.077900 0.101800 0.077600 0.077800 0.100800 0.020400 0.089100 0.112200 0.113800 0.114100 0.088700 0.088800 0.066000 0.010300 0.164800 0.000000 0.113800 0.136200 0.174800 0.066300 0.089400 0.054200 0.088700 0.128800 0.113300 0.127200 0.113000 0.089400 0.113800 0.137900 0.065400 0.076900 0.089400 0.137000 0.123900 0.089400 0.010200 0.000000
KillerWhal 0.314400 0.273800 0.283900 0.000000 0.321700 0.330300 0.187400 0.292300 0.300000 0.296400 0.279200 0.268800 0.282600 0.225800 0.256000 0.269400 0.237000 0.237900 0.311000 0.314600 0.265700 0.294100 0.270700 0.242500 0.265400 0.280400 0.298700 0.297700 0.258800 0.284600 0.299900 0.264200 0.280200 0.268200 0.268200 0.282000 0.265400 0.293300 0.268700 0.287800 0.267100 0.253400 0.299900 0.240300 0.297300 0.279400 0.267800 0.297300 0.336500 0.237700 0.267400 0.283900
DefassaWat 0.115700 0.296900 0.128300 0.321700 0.000000 0.128100 0.105400 0.196200 0.141000 0.127400 0.090300 0.128200 0.103300 0.067700 0.116100 0.091600 0.102900 0.103200 0.114700 0.153800 0.078900 0.102300 0.128900 0.129100 0.078700 0.115000 0.091200 0.140400 0.155600 0.128500 0.128600 0.126600 0.205900 0.067500 0.079400 0.115100 0.078700 0.022300 0.091400 0.168100 0.127700 0.091500 0.128600 0.153400 0.127400 0.090300 0.067300 0.127400 0.138100 0.103000 0.140300 0.128300
Sheep 0.010700 0.276400 0.138300 0.330300 0.128100 0.000000 0.115600 0.205600 0.151000 0.113100 0.054500 0.113900 0.125600 0.078000 0.126000 0.101600 0.089200 0.089400 0.077100 0.163700 0.065900 0.043200 0.114200 0.139000 0.043400 0.124900 0.113300 0.150400 0.165200 0.138500 0.114100 0.136400 0.189100 0.089400 0.089600 0.101100 0.043400 0.154800 0.113600 0.152200 0.113300 0.101500 0.114100 0.163300 0.113100 0.077200 0.089600 0.137300 0.123700 0.089300 0.150300 0.138300
MaxwellsDu 0.103300 0.238000 0.115700 0.187400 0.105400 0.115600 0.000000 0.156500 0.128400 0.115000 0.078400 0.115800 0.103100 0.033200 0.103800 0.067700 0.090600 0.091000 0.102500 0.140700 0.067100 0.090200 0.116200 0.080100 0.067000 0.102600 0.091100 0.127800 0.104800 0.116000 0.116000 0.066900 0.192000 0.067400 0.067500 0.102900 0.067000 0.106300 0.079300 0.116900 0.115200 0.079400 0.116000 0.103500 0.115100 0.078500 0.067500 0.115000 0.125500 0.090800 0.127700 0.115700
GazellaPrz 0.192100 0.282200 0.206100 0.292300 0.196200 0.205600 0.156500 0.000000 0.220200 0.177900 0.163800 0.206000 0.191900 0.115600 0.193100 0.140300 0.177800 0.178400 0.163900 0.205300 0.151600 0.176600 0.154000 0.154600 0.151500 0.164200 0.178700 0.218900 0.208900 0.206500 0.179600 0.176800 0.260300 0.152700 0.152800 0.191300 0.151500 0.226300 0.179200 0.194700 0.178200 0.140000 0.179600 0.179300 0.204700 0.163800 0.152700 0.151900 0.187500 0.177900 0.218800 0.206100
MountainNy 0.138400 0.247900 0.010600 0.300000 0.141000 0.151000 0.128400 0.220200 0.000000 0.125100 0.088500 0.077700 0.077500 0.089600 0.089700 0.114000 0.089300 0.089600 0.112900 0.032100 0.101000 0.124300 0.126200 0.126600 0.100600 0.100600 0.077600 0.020600 0.178100 0.010600 0.126200 0.148700 0.187900 0.077900 0.101300 0.065500 0.100600 0.141700 0.125600 0.139900 0.125300 0.101300 0.126200 0.150600 0.077000 0.088600 0.101300 0.149700 0.136100 0.101400 0.021200 0.010600
MuntiacusM 0.101100 0.246300 0.112900 0.296400 0.127400 0.113100 0.115000 0.177900 0.125100 0.000000 0.076600 0.089700 0.124500 0.077400 0.101000 0.089300 0.065800 0.066000 0.100500 0.137200 0.065700 0.088200 0.043400 0.066000 0.065400 0.111800 0.112400 0.124700 0.163100 0.113500 0.020700 0.135400 0.162000 0.089100 0.077300 0.077100 0.065400 0.127900 0.112600 0.078000 0.043100 0.088800 0.021400 0.088400 0.088700 0.076700 0.088900 0.136200 0.123400 0.065900 0.124600 0.112900
goat 0.043300 0.230600 0.076900 0.279200 0.090300 0.054500 0.078400 0.163800 0.088500 0.076600 0.000000 0.077500 0.065300 0.043100 0.088600 0.065800 0.054100 0.054300 0.043000 0.100100 0.032100 0.031900 0.077300 0.100800 0.010500 0.087900 0.054100 0.088300 0.125200 0.077300 0.077300 0.099000 0.148500 0.054300 0.054200 0.065300 0.010500 0.114500 0.076900 0.113600 0.076700 0.065500 0.077300 0.124000 0.076600 0.042700 0.054200 0.099600 0.087500 0.054200 0.088200 0.076900
AfricanBuf 0.101700 0.179300 0.066100 0.268800 0.128200 0.113900 0.115800 0.206000 0.077700 0.089700 0.077500 0.000000 0.101500 0.078200 0.078300 0.101800 0.066200 0.066400 0.077600 0.089200 0.066100 0.089100 0.090300 0.114700 0.066100 0.101100 0.089600 0.077500 0.165500 0.066200 0.090400 0.137000 0.138700 0.066300 0.089800 0.010600 0.066100 0.129300 0.113800 0.102900 0.066500 0.101700 0.090400 0.114100 0.021300 0.054600 0.089900 0.137800 0.100300 0.043700 0.054600 0.066100
Topi 0.113400 0.232100 0.066000 0.282600 0.103300 0.125600 0.103100 0.191900 0.077500 0.124500 0.065300 0.101500 0.000000 0.066100 0.089300 0.089700 0.077300 0.077500 0.088800 0.089100 0.077300 0.100000 0.125700 0.125900 0.076900 0.065500 0.010300 0.077200 0.151600 0.066300 0.125600 0.123700 0.188000 0.032400 0.077500 0.088700 0.076900 0.128400 0.077500 0.139100 0.124800 0.066000 0.125600 0.149800 0.099800 0.065300 0.066000 0.124400 0.111500 0.101000 0.077200 0.066000
CommonDuik 0.066400 0.206100 0.077800 0.225800 0.067700 0.078000 0.033200 0.115600 0.089600 0.077400 0.043100 0.078200 0.066100 0.000000 0.066400 0.043800 0.054700 0.054800 0.065900 0.101300 0.032400 0.054200 0.078100 0.055300 0.032200 0.065500 0.054700 0.089200 0.102500 0.078200 0.078000 0.054300 0.149700 0.032500 0.032500 0.065900 0.030700 0.091800 0.054900 0.090700 0.077500 0.043600 0.078000 0.077800 0.077400 0.043100 0.031100 0.077300 0.088100 0.054800 0.089100 0.077800
Suni 0.113800 0.233900 0.077900 0.256000 0.116100 0.126000 0.103800 0.193100 0.089700 0.101000 0.088600 0.078300 0.089300 0.066400 0.000000 0.090100 0.077700 0.077900 0.089100 0.101000 0.077600 0.100300 0.102000 0.102300 0.077200 0.088900 0.077600 0.089300 0.127400 0.078300 0.101800 0.124100 0.175500 0.055000 0.077800 0.066000 0.077200 0.116600 0.101500 0.115000 0.101100 0.089600 0.101800 0.125700 0.077500 0.065600 0.077800 0.101000 0.111700 0.077800 0.089300 0.077900
Springbuck 0.089800 0.261700 0.101800 0.269400 0.091600 0.101600 0.067700 0.140300 0.114000 0.089300 0.065800 0.101800 0.089700 0.043800 0.090100 0.000000 0.086900 0.077800 0.089100 0.126100 0.032400 0.077200 0.090200 0.090400 0.054600 0.043400 0.077900 0.113500 0.078900 0.102000 0.090000 0.100500 0.176100 0.055000 0.055000 0.089300 0.054600 0.104500 0.078100 0.138000 0.089400 0.021600 0.090000 0.113600 0.101100 0.065800 0.055000 0.101100 0.111700 0.077700 0.113400 0.101800
Okapi 0.077500 0.202700 0.077600 0.237000 0.102900 0.089200 0.090600 0.177800 0.089300 0.065800 0.054100 0.066200 0.077300 0.054700 0.077700 0.086900 0.000000 0.021400 0.077000 0.101100 0.043200 0.065400 0.066400 0.089800 0.043100 0.077000 0.089000 0.089000 0.138900 0.077700 0.066300 0.111600 0.125100 0.065900 0.066000 0.054500 0.043100 0.103700 0.089200 0.101600 0.065900 0.054600 0.066300 0.112900 0.065800 0.032100 0.066000 0.112300 0.099500 0.043300 0.088900 0.077600
Giraffe 0.077700 0.191500 0.077800 0.237900 0.103200 0.089400 0.091000 0.178400 0.089600 0.066000 0.054300 0.066400 0.077500 0.054800 0.077900 0.077800 0.021400 0.000000 0.077200 0.101400 0.043300 0.043100 0.066600 0.090100 0.043300 0.077200 0.089300 0.089300 0.139300 0.078000 0.066500 0.112000 0.125400 0.066100 0.066200 0.054600 0.043300 0.104000 0.089400 0.102300 0.066100 0.054800 0.066500 0.113300 0.066000 0.054300 0.066200 0.088800 0.076500 0.043500 0.089200 0.077800
TibetanAnt 0.065700 0.217200 0.100800 0.311000 0.114700 0.077100 0.102500 0.163900 0.112900 0.100500 0.043000 0.077600 0.088800 0.065900 0.089100 0.089100 0.077000 0.077200 0.000000 0.100600 0.054200 0.054100 0.101300 0.125700 0.032100 0.088400 0.077200 0.112600 0.151100 0.101000 0.101300 0.123400 0.175000 0.054400 0.077300 0.065600 0.032100 0.140600 0.100800 0.113900 0.100600 0.089000 0.101300 0.149600 0.077100 0.043000 0.077400 0.100000 0.064800 0.077100 0.112400 0.100800
Sitatunga 0.150900 0.247000 0.020400 0.314600 0.153800 0.163700 0.140700 0.205300 0.032100 0.137200 0.100100 0.089200 0.089100 0.101300 0.101000 0.126100 0.101100 0.101400 0.100600 0.000000 0.112900 0.136500 0.138800 0.138700 0.112300 0.112400 0.089100 0.032000 0.191000 0.021400 0.138500 0.161100 0.201200 0.089500 0.113300 0.076800 0.112300 0.154500 0.137800 0.152300 0.137500 0.113200 0.138500 0.163000 0.088300 0.100200 0.113200 0.136700 0.123700 0.113300 0.032000 0.021300
Oribi 0.054600 0.217700 0.089100 0.265700 0.078900 0.065900 0.067100 0.151600 0.101000 0.065700 0.032100 0.066100 0.077300 0.032400 0.077600 0.032400 0.043200 0.043300 0.054200 0.112900 0.000000 0.043000 0.066300 0.089700 0.021300 0.054300 0.065800 0.100700 0.090100 0.089300 0.066200 0.088100 0.137100 0.043300 0.043400 0.054400 0.021300 0.103500 0.066000 0.101800 0.065800 0.032400 0.066200 0.112700 0.065700 0.032100 0.043400 0.088500 0.076300 0.043300 0.100600 0.089100
BarbaryShe 0.032200 0.244600 0.112200 0.294100 0.102300 0.043200 0.090200 0.176600 0.124300 0.088200 0.031900 0.089100 0.100000 0.054200 0.100300 0.077200 0.065400 0.043100 0.054100 0.136500 0.043000 0.000000 0.088900 0.112700 0.021200 0.099600 0.088300 0.123900 0.137500 0.112800 0.088900 0.110800 0.161200 0.065600 0.065500 0.076600 0.020300 0.127100 0.088400 0.125800 0.088300 0.076900 0.088900 0.136100 0.088200 0.053800 0.065200 0.087900 0.076100 0.065500 0.123800 0.112000
Daviddeer 0.102100 0.221200 0.113800 0.270700 0.128900 0.114200 0.116200 0.154000 0.126200 0.043400 0.077300 0.090300 0.125700 0.078100 0.102000 0.090200 0.066400 0.066600 0.101300 0.138800 0.066300 0.088900 0.000000 0.066600 0.066200 0.112800 0.113500 0.125700 0.165500 0.114500 0.043700 0.136500 0.163300 0.089900 0.089800 0.077800 0.066000 0.129500 0.113700 0.078700 0.021100 0.089800 0.043700 0.089200 0.089400 0.076900 0.089700 0.137400 0.124300 0.066500 0.125600 0.113800
Reindeer 0.126600 0.249900 0.114100 0.242500 0.129100 0.139000 0.080100 0.154600 0.126600 0.066000 0.100800 0.114700 0.125900 0.055300 0.102300 0.090400 0.089800 0.090100 0.125700 0.138700 0.089700 0.112700 0.066600 0.000000 0.089200 0.113000 0.113700 0.126000 0.166000 0.114800 0.066500 0.112700 0.189300 0.090100 0.089900 0.101400 0.089200 0.129800 0.114100 0.033000 0.066100 0.089900 0.065800 0.021000 0.113500 0.100800 0.089900 0.137800 0.124400 0.089900 0.125900 0.114100
Ibex 0.032300 0.217500 0.088700 0.265400 0.078700 0.043400 0.067000 0.151500 0.100600 0.065400 0.010500 0.066100 0.076900 0.032200 0.077200 0.054600 0.043100 0.043300 0.032100 0.112300 0.021300 0.021200 0.066200 0.089200 0.000000 0.076600 0.065500 0.100200 0.113400 0.089200 0.065900 0.087700 0.136400 0.043300 0.043200 0.054200 0.000000 0.102900 0.065600 0.101800 0.065500 0.054300 0.065900 0.112200 0.065400 0.031900 0.043200 0.088100 0.076200 0.043200 0.100100 0.088700
GyrantGaze 0.112800 0.230700 0.088800 0.280400 0.115000 0.124900 0.102600 0.164200 0.100600 0.111800 0.087900 0.101100 0.065500 0.065500 0.088900 0.043400 0.077000 0.077200 0.088400 0.112400 0.054300 0.099600 0.112800 0.113000 0.076600 0.000000 0.077000 0.100300 0.125900 0.089300 0.112800 0.123100 0.187100 0.054500 0.077200 0.088300 0.076600 0.140300 0.100500 0.125900 0.112000 0.021300 0.112800 0.136500 0.100000 0.065000 0.077200 0.123800 0.111000 0.100500 0.100500 0.088800
Hartebeest 0.101300 0.246700 0.066000 0.298700 0.091200 0.113300 0.091100 0.178700 0.077600 0.112400 0.054100 0.089600 0.010300 0.054700 0.077600 0.077900 0.089000 0.089300 0.077200 0.089100 0.065800 0.088300 0.113500 0.113700 0.065500 0.077000 0.000000 0.077300 0.139000 0.066400 0.113400 0.111700 0.188000 0.021500 0.066000 0.077100 0.065500 0.115900 0.066000 0.126700 0.112600 0.077600 0.113400 0.137300 0.088700 0.054100 0.054600 0.112300 0.099600 0.089100 0.077200 0.066000
Bongo 0.137800 0.218300 0.010300 0.297700 0.140400 0.150400 0.127800 0.218900 0.020600 0.124700 0.088300 0.077500 0.077200 0.089200 0.089300 0.113500 0.089000 0.089300 0.112600 0.032000 0.100700 0.123900 0.125700 0.126000 0.100200 0.100300 0.077300 0.000000 0.177200 0.010600 0.125700 0.148200 0.161400 0.077600 0.100900 0.065300 0.100200 0.141000 0.125100 0.139300 0.124800 0.100900 0.125700 0.150000 0.076600 0.088300 0.101000 0.149100 0.111500 0.101000 0.021200 0.010200
Gerenuk 0.152400 0.341300 0.164800 0.258800 0.155600 0.165200 0.104800 0.208900 0.178100 0.163100 0.125200 0.165500 0.151600 0.102500 0.127400 0.078900 0.138900 0.139300 0.151100 0.191000 0.090100 0.137500 0.165500 0.166000 0.113400 0.125900 0.139000 0.177200 0.000000 0.165800 0.165200 0.137500 0.216900 0.114700 0.114400 0.151000 0.113400 0.169400 0.114700 0.207200 0.164000 0.102500 0.165200 0.190800 0.163800 0.125300 0.114400 0.138500 0.149600 0.139100 0.177000 0.164800
CommonElan 0.126100 0.233800 0.000000 0.284600 0.128500 0.138500 0.116000 0.206500 0.010600 0.113500 0.077300 0.066200 0.066300 0.078200 0.078300 0.102000 0.077700 0.078000 0.101000 0.021400 0.089300 0.112800 0.114500 0.114800 0.089200 0.089300 0.066400 0.010600 0.165800 0.000000 0.114500 0.136800 0.175900 0.066400 0.089900 0.054500 0.089200 0.129600 0.114000 0.127400 0.113700 0.089900 0.114500 0.138700 0.065800 0.077300 0.089900 0.137900 0.124100 0.089600 0.010600 0.000000
MuntiacusR 0.102000 0.233400 0.113800 0.299900 0.128600 0.114100 0.116000 0.179600 0.126200 0.020700 0.077300 0.090400 0.125600 0.078000 0.101800 0.090000 0.066300 0.066500 0.101300 0.138500 0.066200 0.088900 0.043700 0.066500 0.065900 0.112800 0.113400 0.125700 0.165200 0.114500 0.000000 0.137700 0.163500 0.089800 0.089600 0.077700 0.065900 0.129100 0.113600 0.078700 0.043400 0.089600 0.000000 0.089200 0.089400 0.077300 0.089700 0.137400 0.124500 0.066400 0.125600 0.113800
HarveysDui 0.124200 0.272400 0.136200 0.264200 0.126600 0.136400 0.066900 0.176800 0.148700 0.135400 0.099000 0.137000 0.123700 0.054300 0.124100 0.100500 0.111600 0.112000 0.123400 0.161100 0.088100 0.110800 0.136500 0.112700 0.087700 0.123100 0.111700 0.148200 0.137500 0.136800 0.137700 0.000000 0.161000 0.088500 0.088300 0.123300 0.087700 0.152100 0.112600 0.150500 0.135600 0.100000 0.136600 0.136100 0.135500 0.099100 0.065500 0.135300 0.146500 0.111800 0.148000 0.136200
Pronghorn 0.176000 0.260500 0.174800 0.280200 0.205900 0.189100 0.192000 0.260300 0.187900 0.162000 0.148500 0.138700 0.188000 0.149700 0.175500 0.176100 0.125100 0.125400 0.175000 0.201200 0.137100 0.161200 0.163300 0.189300 0.136400 0.187100 0.188000 0.161400 0.216900 0.175900 0.163500 0.161000 0.000000 0.162900 0.162400 0.149400 0.136400 0.206700 0.188200 0.204600 0.137400 0.162300 0.163500 0.188200 0.162100 0.148500 0.162400 0.213500 0.173600 0.113200 0.161700 0.174800
BlueWildeb 0.077800 0.218700 0.066300 0.268200 0.067500 0.089400 0.067400 0.152700 0.077900 0.089100 0.054300 0.066300 0.032400 0.032500 0.055000 0.055000 0.065900 0.066100 0.054400 0.089500 0.043300 0.065600 0.089900 0.090100 0.043300 0.054500 0.021500 0.077600 0.114700 0.066400 0.089800 0.088500 0.162900 0.000000 0.043600 0.054600 0.043300 0.091900 0.043600 0.102200 0.089300 0.054900 0.089800 0.113300 0.065900 0.032200 0.032500 0.089000 0.076500 0.066000 0.077500 0.066300
Gemsbok 0.077900 0.247100 0.089400 0.268200 0.079400 0.089600 0.067500 0.152800 0.101300 0.077300 0.054200 0.089800 0.077500 0.032500 0.077800 0.055000 0.066000 0.066200 0.077300 0.113300 0.043400 0.065500 0.089800 0.089900 0.043200 0.077200 0.066000 0.100900 0.114400 0.089900 0.089600 0.088300 0.162400 0.043600 0.000000 0.077300 0.043200 0.103800 0.066100 0.126900 0.089000 0.054800 0.089600 0.113000 0.088900 0.054200 0.043500 0.088500 0.099800 0.066100 0.100800 0.089400
Yak 0.089300 0.204700 0.054200 0.282000 0.115100 0.101100 0.102900 0.191300 0.065500 0.077100 0.065300 0.010600 0.088700 0.065900 0.066000 0.089300 0.054500 0.054600 0.065600 0.076800 0.054400 0.076600 0.077800 0.101400 0.054200 0.088300 0.077100 0.065300 0.151000 0.054500 0.077700 0.123300 0.149400 0.054600 0.077300 0.000000 0.054200 0.115600 0.100200 0.090200 0.077200 0.088900 0.077700 0.124800 0.010500 0.043000 0.077300 0.124100 0.087900 0.054600 0.065200 0.054200
BlueSheep 0.032300 0.217500 0.088700 0.265400 0.078700 0.043400 0.067000 0.151500 0.100600 0.065400 0.010500 0.066100 0.076900 0.030700 0.077200 0.054600 0.043100 0.043300 0.032100 0.112300 0.021300 0.020300 0.066000 0.089200 0.000000 0.076600 0.065500 0.100200 0.113400 0.089200 0.065900 0.087700 0.136400 0.043300 0.043200 0.054200 0.000000 0.102900 0.065600 0.101800 0.065500 0.054300 0.065900 0.112200 0.065400 0.031900 0.043200 0.088100 0.076200 0.043200 0.100100 0.088700
BohorReedb 0.141900 0.300400 0.128800 0.293300 0.022300 0.154800 0.106300 0.226300 0.141700 0.127900 0.114500 0.129300 0.128400 0.091800 0.116600 0.104500 0.103700 0.104000 0.140600 0.154500 0.103500 0.127100 0.129500 0.129800 0.102900 0.140300 0.115900 0.141000 0.169400 0.129600 0.129100 0.152100 0.206700 0.091900 0.103800 0.115600 0.102900 0.000000 0.116200 0.169700 0.128300 0.116300 0.129100 0.154200 0.127900 0.114800 0.091200 0.153200 0.164500 0.103800 0.140900 0.128800
KirksDik 0.101500 0.247200 0.113300 0.268700 0.091400 0.113600 0.079300 0.179200 0.125600 0.112600 0.076900 0.113800 0.077500 0.054900 0.101500 0.078100 0.089200 0.089400 0.100800 0.137800 0.066000 0.088400 0.113700 0.114100 0.065600 0.100500 0.066000 0.125100 0.114700 0.114000 0.113600 0.112600 0.188200 0.043600 0.066100 0.100200 0.065600 0.116200 0.000000 0.152300 0.112800 0.077700 0.113600 0.137700 0.112700 0.076900 0.054800 0.112500 0.099900 0.089300 0.125000 0.113300
RoeDeer 0.139500 0.249200 0.127200 0.287800 0.168100 0.152200 0.116900 0.194700 0.139900 0.078000 0.113600 0.102900 0.139100 0.090700 0.115000 0.138000 0.101600 0.102300 0.113900 0.152300 0.101800 0.125800 0.078700 0.033000 0.101800 0.125900 0.126700 0.139300 0.207200 0.127400 0.078700 0.150500 0.204600 0.102200 0.126900 0.090200 0.101800 0.169700 0.152300 0.000000 0.078100 0.126800 0.078700 0.055400 0.102100 0.089600 0.126900 0.177100 0.112800 0.102100 0.139200 0.127200
WhiteLippe 0.101300 0.219000 0.113000 0.267100 0.127700 0.113300 0.115200 0.178200 0.125300 0.043100 0.076700 0.066500 0.124800 0.077500 0.101100 0.089400 0.065900 0.066100 0.100600 0.137500 0.065800 0.088300 0.021100 0.066100 0.065500 0.112000 0.112600 0.124800 0.164000 0.113700 0.043400 0.135600 0.137400 0.089300 0.089000 0.077200 0.065500 0.128300 0.112800 0.078100 0.000000 0.089000 0.043400 0.065600 0.088800 0.076800 0.089100 0.136400 0.123600 0.043500 0.100800 0.113000
ThomsonGaz 0.089700 0.232800 0.089400 0.253400 0.091500 0.101500 0.079400 0.140000 0.101300 0.088800 0.065500 0.101700 0.066000 0.043600 0.089600 0.021600 0.054600 0.054800 0.089000 0.113200 0.032400 0.076900 0.089800 0.089900 0.054300 0.021300 0.077600 0.100900 0.102500 0.089900 0.089600 0.100000 0.162300 0.054900 0.054800 0.088900 0.054300 0.116300 0.077700 0.126800 0.089000 0.000000 0.089600 0.113000 0.100700 0.065500 0.051200 0.100600 0.111700 0.077700 0.100800 0.089400
MuntiacusC 0.102000 0.233400 0.113800 0.299900 0.128600 0.114100 0.116000 0.179600 0.126200 0.021400 0.077300 0.090400 0.125600 0.078000 0.101800 0.090000 0.066300 0.066500 0.101300 0.138500 0.066200 0.088900 0.043700 0.065800 0.065900 0.112800 0.113400 0.125700 0.165200 0.114500 0.000000 0.136600 0.163500 0.089800 0.089600 0.077700 0.065900 0.129100 0.113600 0.078700 0.043400 0.089600 0.000000 0.089200 0.089400 0.077300 0.089200 0.137400 0.124500 0.066400 0.125600 0.113800
WhiteTaile 0.150500 0.248100 0.137900 0.240300 0.153400 0.163300 0.103500 0.179300 0.150600 0.088400 0.124000 0.114100 0.149800 0.077800 0.125700 0.113600 0.112900 0.113300 0.149600 0.163000 0.112700 0.136100 0.089200 0.021000 0.112200 0.136500 0.137300 0.150000 0.190800 0.138700 0.089200 0.136100 0.188200 0.113300 0.113000 0.124800 0.112200 0.154200 0.137700 0.055400 0.065600 0.113000 0.089200 0.000000 0.137100 0.124000 0.113100 0.161800 0.148200 0.089300 0.125100 0.137900
Cattle 0.101100 0.218300 0.065400 0.297300 0.127400 0.113100 0.115100 0.204700 0.077000 0.088700 0.076600 0.021300 0.099800 0.077400 0.077500 0.101100 0.065800 0.066000 0.077100 0.088300 0.065700 0.088200 0.089400 0.113500 0.065400 0.100000 0.088700 0.076600 0.163800 0.065800 0.089400 0.135500 0.162100 0.065900 0.088900 0.010500 0.065400 0.127900 0.112700 0.102100 0.088800 0.100700 0.089400 0.137100 0.000000 0.054000 0.088900 0.136300 0.099600 0.065900 0.076500 0.065400
RoyalAntel 0.065700 0.203200 0.076900 0.279400 0.090300 0.077200 0.078500 0.163800 0.088600 0.076700 0.042700 0.054600 0.065300 0.043100 0.065600 0.065800 0.032100 0.054300 0.043000 0.100200 0.032100 0.053800 0.076900 0.100800 0.031900 0.065000 0.054100 0.088300 0.125300 0.077300 0.077300 0.099100 0.148500 0.032200 0.054200 0.043000 0.031900 0.114800 0.076900 0.089600 0.076800 0.065500 0.077300 0.124000 0.054000 0.000000 0.054200 0.099600 0.064800 0.054200 0.088200 0.076900
Steenbok 0.077900 0.247000 0.089400 0.267800 0.067300 0.089600 0.067500 0.152700 0.101300 0.088900 0.054200 0.089900 0.066000 0.031100 0.077800 0.055000 0.066000 0.066200 0.077400 0.113200 0.043400 0.065200 0.089700 0.089900 0.043200 0.077200 0.054600 0.101000 0.114400 0.089900 0.089700 0.065500 0.162400 0.032500 0.043500 0.077300 0.043200 0.091200 0.054800 0.126900 0.089100 0.051200 0.089200 0.113100 0.088900 0.054200 0.000000 0.088800 0.099900 0.066100 0.100900 0.089400
Impala 0.125000 0.288700 0.137000 0.297300 0.127400 0.137300 0.115000 0.151900 0.149700 0.136200 0.099600 0.137800 0.124400 0.077300 0.101000 0.101100 0.112300 0.088800 0.100000 0.136700 0.088500 0.087900 0.137400 0.137800 0.088100 0.123800 0.112300 0.149100 0.138500 0.137900 0.137400 0.135300 0.213500 0.089000 0.088500 0.124100 0.088100 0.153200 0.112500 0.177100 0.136400 0.100600 0.137400 0.161800 0.136300 0.099600 0.088800 0.000000 0.099000 0.088900 0.148900 0.136000
Klipspring 0.111700 0.214300 0.123900 0.336500 0.138100 0.123700 0.125500 0.187500 0.136100 0.123400 0.087500 0.100300 0.111500 0.088100 0.111700 0.111700 0.099500 0.076500 0.064800 0.123700 0.076300 0.076100 0.124300 0.124400 0.076200 0.111000 0.099600 0.111500 0.149600 0.124100 0.124500 0.146500 0.173600 0.076500 0.099800 0.087900 0.076200 0.164500 0.099900 0.112800 0.123600 0.111700 0.124500 0.148200 0.099600 0.064800 0.099900 0.099000 0.000000 0.099600 0.135600 0.123900
ForestMusk 0.077600 0.191500 0.089400 0.237700 0.103000 0.089300 0.090800 0.177900 0.101400 0.065900 0.054200 0.043700 0.101000 0.054800 0.077800 0.077700 0.043300 0.043500 0.077100 0.113300 0.043300 0.065500 0.066500 0.089900 0.043200 0.100500 0.089100 0.101000 0.139100 0.089600 0.066400 0.111800 0.113200 0.066000 0.066100 0.054600 0.043200 0.103800 0.089300 0.102100 0.043500 0.077700 0.066400 0.089300 0.065900 0.054200 0.066100 0.088900 0.099600 0.000000 0.077500 0.089400
Bushbuck 0.137700 0.218600 0.010200 0.267400 0.140300 0.150300 0.127700 0.218800 0.021200 0.124600 0.088200 0.054600 0.077200 0.089100 0.089300 0.113400 0.088900 0.089200 0.112400 0.032000 0.100600 0.123800 0.125600 0.125900 0.100100 0.100500 0.077200 0.021200 0.177000 0.010600 0.125600 0.148000 0.161700 0.077500 0.100800 0.065200 0.100100 0.140900 0.125000 0.139200 0.100800 0.100800 0.125600 0.125100 0.076500 0.088200 0.100900 0.148900 0.135600 0.077500 0.000000 0.010200
GreaterKud 0.125900 0.233300 0.000000 0.283900 0.128300 0.138300 0.115700 0.206100 0.010600 0.112900 0.076900 0.066100 0.066000 0.077800 0.077900 0.101800 0.077600 0.077800 0.100800 0.021300 0.089100 0.112000 0.113800 0.114100 0.088700 0.088800 0.066000 0.010200 0.164800 0.000000 0.113800 0.136200 0.174800 0.066300 0.089400 0.054200 0.088700 0.128800 0.113300 0.127200 0.113000 0.089400 0.113800 0.137900 0.065400 0.076900 0.089400 0.136000 0.123900 0.089400 0.010200 0.000000
