CODONML (in paml version 4.10.7, June 2023)  /home/rachel/ruminants_paml/6406-phy-tree/ENSBTAT00000064793.fasta.phy
Model: free dN/dS Ratios for branches,  kappa = 2.000 fixed

Codon frequency model: F3x4
ns =  54  ls =  54

Codon usage in sequences
--------------------------------------------------------------------------------------------------------------------------------------
Phe TTT   1   1   1   1   1   1 | Ser TCT   1   1   1   1   1   2 | Tyr TAT   1   1   1   1   1   1 | Cys TGT   2   3   2   2   1   2
    TTC   1   1   1   1   1   1 |     TCC   1   1   1   1   0   0 |     TAC   0   0   0   0   1   0 |     TGC   0   0   0   0   0   0
Leu TTA   1   2   1   2   1   2 |     TCA   2   2   2   2   3   3 | *** TAA   0   0   0   0   0   0 | *** TGA   0   0   0   0   0   0
    TTG   0   0   0   0   0   0 |     TCG   0   0   0   0   0   0 |     TAG   0   0   0   0   0   0 | Trp TGG   1   1   1   1   1   1
--------------------------------------------------------------------------------------------------------------------------------------
Leu CTT   0   0   0   0   1   0 | Pro CCT   2   3   2   2   3   3 | His CAT   1   1   1   1   1   1 | Arg CGT   0   0   0   0   1   1
    CTC   1   2   1   1   0   1 |     CCC   0   0   0   0   0   0 |     CAC   0   0   0   0   0   0 |     CGC   0   0   0   0   0   0
    CTA   1   0   1   0   1   0 |     CCA   2   1   1   1   1   1 | Gln CAA   1   2   1   1   1   0 |     CGA   0   1   0   0   0   0
    CTG   1   1   1   1   1   1 |     CCG   0   0   1   1   0   0 |     CAG   1   0   1   1   0   1 |     CGG   0   0   0   0   0   0
--------------------------------------------------------------------------------------------------------------------------------------
Ile ATT   0   0   1   0   1   1 | Thr ACT   1   1   1   1   1   1 | Asn AAT   4   5   4   4   1   4 | Ser AGT   0   0   0   0   1   0
    ATC   2   1   1   2   1   2 |     ACC   0   1   1   1   1   1 |     AAC   2   0   2   2   4   2 |     AGC   0   0   0   0   0   0
    ATA   0   2   0   0   1   0 |     ACA   0   0   0   0   0   0 | Lys AAA   3   1   4   4   4   4 | Arg AGA   1   1   1   1   1   1
Met ATG   4   4   4   4   3   4 |     ACG   0   0   0   0   0   0 |     AAG   4   5   3   3   3   3 |     AGG   1   1   1   1   1   1
--------------------------------------------------------------------------------------------------------------------------------------
Val GTT   0   0   0   0   0   0 | Ala GCT   2   2   2   2   2   2 | Asp GAT   2   0   2   2   1   0 | Gly GGT   0   0   0   0   0   0
    GTC   0   0   0   0   0   0 |     GCC   1   0   0   0   0   0 |     GAC   1   2   1   1   1   1 |     GGC   1   1   1   1   1   1
    GTA   1   0   1   1   1   1 |     GCA   0   0   0   0   0   0 | Glu GAA   0   0   0   0   1   0 |     GGA   0   0   0   0   0   0
    GTG   1   1   1   1   1   1 |     GCG   0   0   0   0   1   0 |     GAG   1   1   1   1   0   1 |     GGG   1   1   1   1   1   1
--------------------------------------------------------------------------------------------------------------------------------------

--------------------------------------------------------------------------------------------------------------------------------------
Phe TTT   1   1   1   1   1   1 | Ser TCT   1   1   0   2   1   0 | Tyr TAT   1   1   1   1   1   1 | Cys TGT   2   2   2   1   2   3
    TTC   1   1   1   1   1   1 |     TCC   1   1   1   1   1   1 |     TAC   0   0   0   0   0   0 |     TGC   0   0   0   0   0   0
Leu TTA   1   1   1   1   1   2 |     TCA   2   2   2   2   2   2 | *** TAA   0   0   0   0   0   0 | *** TGA   0   0   0   0   0   0
    TTG   0   0   0   0   0   0 |     TCG   0   0   0   0   0   0 |     TAG   0   0   0   0   0   0 | Trp TGG   1   1   1   1   1   1
--------------------------------------------------------------------------------------------------------------------------------------
Leu CTT   0   0   0   0   0   0 | Pro CCT   2   2   3   2   2   2 | His CAT   1   1   1   1   1   0 | Arg CGT   0   0   0   0   0   0
    CTC   1   1   1   1   1   1 |     CCC   0   0   0   0   0   1 |     CAC   0   0   0   0   0   0 |     CGC   0   0   0   0   0   0
    CTA   1   1   1   1   1   0 |     CCA   1   2   2   1   1   1 | Gln CAA   1   1   1   1   1   1 |     CGA   0   0   0   0   0   0
    CTG   1   1   1   1   1   1 |     CCG   1   0   0   1   1   1 |     CAG   1   1   1   1   1   1 |     CGG   0   0   0   0   0   0
--------------------------------------------------------------------------------------------------------------------------------------
Ile ATT   0   0   0   0   0   0 | Thr ACT   1   1   1   1   1   1 | Asn AAT   4   4   4   3   4   4 | Ser AGT   0   0   0   1   0   1
    ATC   2   2   1   2   2   2 |     ACC   0   0   1   1   1   0 |     AAC   2   2   2   2   2   2 |     AGC   0   0   0   0   0   0
    ATA   0   0   0   0   0   0 |     ACA   0   0   0   0   0   0 | Lys AAA   4   3   4   4   4   3 | Arg AGA   1   1   1   1   1   1
Met ATG   4   4   4   4   4   4 |     ACG   1   0   0   0   0   0 |     AAG   3   4   3   3   3   3 |     AGG   1   1   1   1   1   1
--------------------------------------------------------------------------------------------------------------------------------------
Val GTT   0   0   0   0   0   0 | Ala GCT   2   2   2   2   2   2 | Asp GAT   2   2   2   2   2   2 | Gly GGT   0   0   0   0   0   0
    GTC   0   0   1   0   0   0 |     GCC   0   1   0   0   0   0 |     GAC   1   1   1   1   1   1 |     GGC   1   1   1   1   1   1
    GTA   1   1   1   1   1   1 |     GCA   0   0   0   0   0   0 | Glu GAA   0   0   0   0   0   1 |     GGA   0   0   0   0   0   0
    GTG   1   1   1   1   1   1 |     GCG   0   0   0   0   0   0 |     GAG   1   1   1   1   1   1 |     GGG   1   1   1   1   1   1
--------------------------------------------------------------------------------------------------------------------------------------

--------------------------------------------------------------------------------------------------------------------------------------
Phe TTT   1   1   1   1   1   1 | Ser TCT   0   1   1   0   1   1 | Tyr TAT   1   1   1   1   1   1 | Cys TGT   2   2   2   2   2   2
    TTC   1   1   1   1   1   1 |     TCC   2   1   1   1   1   1 |     TAC   0   0   0   0   0   0 |     TGC   0   0   0   0   0   0
Leu TTA   1   1   1   1   1   1 |     TCA   2   2   2   2   2   2 | *** TAA   0   0   0   0   0   0 | *** TGA   0   0   0   0   0   0
    TTG   0   0   0   0   0   0 |     TCG   0   0   0   0   0   0 |     TAG   0   0   0   0   0   0 | Trp TGG   1   1   1   1   1   1
--------------------------------------------------------------------------------------------------------------------------------------
Leu CTT   1   0   0   0   0   0 | Pro CCT   2   2   2   3   2   2 | His CAT   1   1   1   1   1   1 | Arg CGT   0   0   0   0   0   0
    CTC   0   1   1   1   1   1 |     CCC   0   1   0   0   0   0 |     CAC   0   0   0   0   0   0 |     CGC   0   0   0   0   0   0
    CTA   1   1   1   1   1   1 |     CCA   1   1   1   1   1   1 | Gln CAA   1   1   1   1   1   1 |     CGA   0   0   0   0   0   0
    CTG   1   1   1   1   1   1 |     CCG   1   1   1   1   1   1 |     CAG   1   1   1   1   1   1 |     CGG   0   0   0   0   0   0
--------------------------------------------------------------------------------------------------------------------------------------
Ile ATT   0   0   0   0   0   0 | Thr ACT   1   0   1   1   1   1 | Asn AAT   4   4   4   4   4   4 | Ser AGT   0   0   0   0   0   0
    ATC   2   2   2   1   2   2 |     ACC   0   0   1   1   1   1 |     AAC   2   2   2   2   2   2 |     AGC   0   0   0   0   0   0
    ATA   0   0   0   0   0   0 |     ACA   0   0   0   0   0   0 | Lys AAA   3   4   3   4   4   4 | Arg AGA   1   1   1   1   1   1
Met ATG   4   4   4   4   4   4 |     ACG   0   1   0   0   0   0 |     AAG   4   3   4   3   3   3 |     AGG   1   1   1   1   1   1
--------------------------------------------------------------------------------------------------------------------------------------
Val GTT   0   0   0   0   0   0 | Ala GCT   2   2   2   2   1   2 | Asp GAT   2   1   2   2   2   2 | Gly GGT   0   0   0   0   0   0
    GTC   0   0   0   1   0   0 |     GCC   1   0   0   0   1   0 |     GAC   1   1   1   1   1   1 |     GGC   1   1   1   1   1   1
    GTA   1   1   1   1   1   1 |     GCA   0   0   0   0   0   0 | Glu GAA   0   0   0   0   0   0 |     GGA   0   0   0   0   0   0
    GTG   1   1   1   1   1   1 |     GCG   0   0   0   0   0   0 |     GAG   1   2   1   1   1   1 |     GGG   1   1   1   1   1   1
--------------------------------------------------------------------------------------------------------------------------------------

--------------------------------------------------------------------------------------------------------------------------------------
Phe TTT   1   1   1   1   1   1 | Ser TCT   1   1   1   1   1   1 | Tyr TAT   1   1   1   1   1   1 | Cys TGT   2   2   2   2   2   2
    TTC   1   1   1   1   1   1 |     TCC   1   1   1   1   1   1 |     TAC   0   0   0   0   0   0 |     TGC   0   0   0   0   0   0
Leu TTA   2   2   1   1   1   1 |     TCA   2   2   2   2   2   2 | *** TAA   0   0   0   0   0   0 | *** TGA   0   0   0   0   0   0
    TTG   0   0   0   0   0   0 |     TCG   0   0   0   0   0   0 |     TAG   0   0   0   0   0   0 | Trp TGG   1   1   1   1   1   1
--------------------------------------------------------------------------------------------------------------------------------------
Leu CTT   0   0   0   0   0   0 | Pro CCT   2   2   2   2   3   2 | His CAT   0   0   1   1   1   1 | Arg CGT   1   1   0   0   0   0
    CTC   1   1   1   1   1   1 |     CCC   0   0   0   0   0   0 |     CAC   0   0   1   0   0   0 |     CGC   0   0   0   0   0   0
    CTA   0   0   1   2   1   1 |     CCA   1   1   2   1   0   1 | Gln CAA   1   1   1   1   1   1 |     CGA   0   0   0   0   0   0
    CTG   1   1   1   0   1   1 |     CCG   1   1   0   1   1   1 |     CAG   1   1   1   1   1   1 |     CGG   0   0   0   0   0   0
--------------------------------------------------------------------------------------------------------------------------------------
Ile ATT   0   0   0   0   0   0 | Thr ACT   1   1   2   1   1   1 | Asn AAT   3   3   4   4   4   4 | Ser AGT   0   0   0   0   0   0
    ATC   2   2   2   2   2   2 |     ACC   1   1   0   1   1   0 |     AAC   2   2   1   2   2   2 |     AGC   0   1   0   0   0   0
    ATA   0   0   0   0   0   0 |     ACA   0   0   0   0   0   0 | Lys AAA   3   4   3   4   4   3 | Arg AGA   1   1   1   1   1   1
Met ATG   4   4   4   4   4   4 |     ACG   0   0   0   0   0   0 |     AAG   3   3   4   3   3   4 |     AGG   1   1   1   1   1   1
--------------------------------------------------------------------------------------------------------------------------------------
Val GTT   0   0   0   0   0   0 | Ala GCT   2   2   2   2   2   2 | Asp GAT   3   3   2   2   2   2 | Gly GGT   0   0   0   0   0   0
    GTC   0   0   0   0   0   0 |     GCC   0   0   0   0   0   1 |     GAC   1   1   1   1   1   1 |     GGC   1   0   1   1   1   1
    GTA   1   1   1   1   1   1 |     GCA   0   0   0   0   0   0 | Glu GAA   1   0   0   0   0   0 |     GGA   0   0   0   0   0   0
    GTG   1   1   1   1   1   1 |     GCG   0   0   0   0   0   0 |     GAG   1   1   1   1   1   1 |     GGG   1   1   1   1   1   1
--------------------------------------------------------------------------------------------------------------------------------------

--------------------------------------------------------------------------------------------------------------------------------------
Phe TTT   1   1   1   1   1   1 | Ser TCT   0   0   0   1   1   1 | Tyr TAT   1   1   1   1   1   2 | Cys TGT   3   3   2   2   2   2
    TTC   1   1   1   1   1   1 |     TCC   1   1   2   1   1   1 |     TAC   0   0   0   0   0   0 |     TGC   0   0   0   0   0   0
Leu TTA   2   2   1   1   1   1 |     TCA   2   2   2   2   2   2 | *** TAA   0   0   0   0   0   0 | *** TGA   0   0   0   0   0   0
    TTG   0   0   0   0   0   0 |     TCG   0   0   0   0   0   0 |     TAG   0   0   0   0   0   0 | Trp TGG   1   1   1   1   1   1
--------------------------------------------------------------------------------------------------------------------------------------
Leu CTT   0   0   1   0   0   0 | Pro CCT   2   2   2   1   2   2 | His CAT   0   0   1   1   1   0 | Arg CGT   0   0   0   0   0   0
    CTC   1   1   0   1   1   1 |     CCC   1   1   0   0   0   0 |     CAC   0   0   0   0   0   0 |     CGC   0   0   0   0   0   0
    CTA   0   0   1   1   1   1 |     CCA   1   1   1   1   1   1 | Gln CAA   1   1   1   1   1   1 |     CGA   0   0   0   0   0   0
    CTG   1   1   1   1   1   1 |     CCG   1   1   1   2   1   1 |     CAG   1   1   1   1   1   1 |     CGG   0   0   0   0   0   0
--------------------------------------------------------------------------------------------------------------------------------------
Ile ATT   0   0   0   0   0   0 | Thr ACT   2   1   1   1   1   1 | Asn AAT   4   4   4   4   4   4 | Ser AGT   1   1   0   0   0   0
    ATC   2   2   2   2   2   2 |     ACC   0   0   0   1   1   1 |     AAC   2   2   2   2   2   2 |     AGC   0   0   0   0   0   0
    ATA   0   0   0   0   0   0 |     ACA   0   0   0   0   0   0 | Lys AAA   3   4   3   4   3   4 | Arg AGA   1   1   1   1   1   1
Met ATG   4   4   4   4   4   4 |     ACG   0   0   0   0   0   0 |     AAG   3   3   4   3   4   3 |     AGG   1   1   1   1   1   1
--------------------------------------------------------------------------------------------------------------------------------------
Val GTT   0   0   0   0   0   0 | Ala GCT   1   2   2   2   2   2 | Asp GAT   2   2   2   2   2   2 | Gly GGT   0   0   0   0   0   0
    GTC   0   0   0   0   0   0 |     GCC   0   0   1   0   0   0 |     GAC   1   1   1   1   1   1 |     GGC   1   1   1   1   1   1
    GTA   1   1   1   1   1   1 |     GCA   0   0   0   0   0   0 | Glu GAA   0   0   0   0   0   0 |     GGA   0   0   0   0   0   0
    GTG   1   1   1   1   1   1 |     GCG   0   0   0   0   0   0 |     GAG   2   1   1   1   1   1 |     GGG   1   1   1   1   1   1
--------------------------------------------------------------------------------------------------------------------------------------

--------------------------------------------------------------------------------------------------------------------------------------
Phe TTT   1   1   1   1   1   1 | Ser TCT   1   1   0   0   0   1 | Tyr TAT   0   1   1   1   1   1 | Cys TGT   2   2   3   2   2   2
    TTC   1   1   1   1   1   1 |     TCC   1   1   1   1   1   1 |     TAC   1   0   0   0   0   0 |     TGC   0   0   0   0   0   0
Leu TTA   1   1   2   1   2   1 |     TCA   2   2   2   2   2   2 | *** TAA   0   0   0   0   0   0 | *** TGA   0   0   0   0   0   0
    TTG   0   0   0   0   0   0 |     TCG   0   0   0   0   0   0 |     TAG   0   0   0   0   0   0 | Trp TGG   1   1   1   1   1   1
--------------------------------------------------------------------------------------------------------------------------------------
Leu CTT   0   0   0   0   0   0 | Pro CCT   2   2   2   3   2   2 | His CAT   1   1   0   1   0   1 | Arg CGT   0   0   0   0   1   0
    CTC   1   1   1   1   1   1 |     CCC   0   0   1   0   0   0 |     CAC   0   0   0   0   0   0 |     CGC   0   0   0   0   0   0
    CTA   1   2   0   1   0   1 |     CCA   1   1   1   1   1   1 | Gln CAA   1   1   1   1   1   1 |     CGA   0   0   0   0   0   0
    CTG   1   0   1   1   1   1 |     CCG   1   1   1   1   1   1 |     CAG   1   1   1   1   1   1 |     CGG   0   0   0   0   0   0
--------------------------------------------------------------------------------------------------------------------------------------
Ile ATT   0   0   0   0   0   0 | Thr ACT   1   1   1   0   1   1 | Asn AAT   4   4   4   4   5   4 | Ser AGT   0   0   1   0   0   0
    ATC   2   2   2   2   2   2 |     ACC   1   1   0   1   1   1 |     AAC   2   1   2   2   2   2 |     AGC   0   0   0   0   0   0
    ATA   0   0   0   0   0   0 |     ACA   0   0   0   0   0   0 | Lys AAA   4   4   3   4   4   3 | Arg AGA   1   1   1   1   1   1
Met ATG   4   4   4   4   3   4 |     ACG   0   0   0   0   0   0 |     AAG   3   4   3   3   3   4 |     AGG   1   1   1   1   1   1
--------------------------------------------------------------------------------------------------------------------------------------
Val GTT   0   0   0   0   1   0 | Ala GCT   2   2   2   3   2   2 | Asp GAT   2   2   2   2   2   2 | Gly GGT   0   0   0   0   0   0
    GTC   0   0   0   0   0   0 |     GCC   0   0   0   0   0   0 |     GAC   1   1   1   1   1   1 |     GGC   1   1   1   1   1   1
    GTA   1   1   1   1   0   1 |     GCA   0   0   0   0   0   0 | Glu GAA   0   0   1   0   0   0 |     GGA   0   0   0   0   1   0
    GTG   1   1   1   1   2   1 |     GCG   0   0   0   0   0   0 |     GAG   1   1   1   1   1   1 |     GGG   1   1   1   1   0   1
--------------------------------------------------------------------------------------------------------------------------------------

--------------------------------------------------------------------------------------------------------------------------------------
Phe TTT   1   1   1   1   1   1 | Ser TCT   1   1   1   1   1   0 | Tyr TAT   1   1   1   1   1   1 | Cys TGT   2   2   2   2   2   3
    TTC   1   1   1   1   1   1 |     TCC   1   1   1   1   1   1 |     TAC   0   0   0   0   0   0 |     TGC   0   0   0   0   0   0
Leu TTA   1   1   1   1   1   2 |     TCA   2   2   2   2   2   2 | *** TAA   0   0   0   0   0   0 | *** TGA   0   0   0   0   0   0
    TTG   0   0   0   0   0   0 |     TCG   0   0   0   0   0   0 |     TAG   0   0   0   0   0   0 | Trp TGG   1   1   1   1   1   1
--------------------------------------------------------------------------------------------------------------------------------------
Leu CTT   0   0   0   0   0   0 | Pro CCT   2   2   2   2   2   2 | His CAT   1   1   1   0   1   0 | Arg CGT   0   0   0   1   0   0
    CTC   1   1   1   1   1   1 |     CCC   0   0   0   0   0   1 |     CAC   0   0   0   0   0   0 |     CGC   0   0   0   0   0   0
    CTA   1   1   1   1   1   0 |     CCA   1   1   1   1   1   1 | Gln CAA   1   1   1   1   1   1 |     CGA   0   0   0   0   0   0
    CTG   1   1   1   1   1   1 |     CCG   1   1   1   1   1   1 |     CAG   1   1   1   1   1   1 |     CGG   0   0   0   0   0   0
--------------------------------------------------------------------------------------------------------------------------------------
Ile ATT   0   0   0   0   0   0 | Thr ACT   1   1   1   1   1   1 | Asn AAT   4   4   4   4   3   4 | Ser AGT   0   0   0   0   0   1
    ATC   2   2   2   2   2   2 |     ACC   1   1   0   1   1   0 |     AAC   1   2   2   2   3   2 |     AGC   1   1   0   0   0   0
    ATA   0   0   0   1   0   0 |     ACA   0   0   0   0   0   0 | Lys AAA   3   4   3   4   4   3 | Arg AGA   1   1   1   1   1   1
Met ATG   4   4   4   4   4   4 |     ACG   0   0   0   0   0   0 |     AAG   4   3   4   3   3   3 |     AGG   1   1   1   1   1   1
--------------------------------------------------------------------------------------------------------------------------------------
Val GTT   0   0   0   0   0   0 | Ala GCT   2   2   2   2   2   2 | Asp GAT   2   2   2   2   2   2 | Gly GGT   0   0   0   0   0   0
    GTC   0   0   0   0   0   0 |     GCC   0   0   1   0   0   0 |     GAC   1   1   1   1   1   1 |     GGC   1   0   1   1   1   1
    GTA   1   1   1   0   1   1 |     GCA   0   0   0   0   0   0 | Glu GAA   0   0   0   0   0   1 |     GGA   0   0   0   0   0   0
    GTG   1   1   1   1   1   1 |     GCG   0   0   0   0   0   0 |     GAG   1   1   1   1   1   1 |     GGG   1   1   1   1   1   1
--------------------------------------------------------------------------------------------------------------------------------------

--------------------------------------------------------------------------------------------------------------------------------------
Phe TTT   1   1   1   1   1   1 | Ser TCT   0   1   0   0   1   0 | Tyr TAT   1   1   1   1   1   1 | Cys TGT   3   2   3   3   2   2
    TTC   1   1   1   1   1   1 |     TCC   1   1   1   1   1   1 |     TAC   0   0   0   0   0   0 |     TGC   0   0   0   0   0   0
Leu TTA   2   1   2   2   1   1 |     TCA   2   2   2   2   2   2 | *** TAA   0   0   0   0   0   0 | *** TGA   0   0   0   0   0   0
    TTG   0   0   0   0   0   0 |     TCG   0   0   0   0   0   0 |     TAG   0   0   0   0   0   0 | Trp TGG   1   1   1   1   1   1
--------------------------------------------------------------------------------------------------------------------------------------
Leu CTT   0   0   0   0   0   1 | Pro CCT   2   2   2   2   2   3 | His CAT   0   1   0   0   1   1 | Arg CGT   0   0   0   0   0   0
    CTC   1   1   1   1   1   1 |     CCC   1   0   1   1   0   0 |     CAC   0   0   0   0   0   0 |     CGC   0   0   0   0   0   0
    CTA   0   1   0   0   1   1 |     CCA   2   1   1   1   1   1 | Gln CAA   1   1   1   1   1   1 |     CGA   0   0   0   0   0   0
    CTG   1   1   1   1   1   0 |     CCG   0   1   1   1   1   1 |     CAG   1   1   1   1   1   1 |     CGG   0   0   0   0   0   0
--------------------------------------------------------------------------------------------------------------------------------------
Ile ATT   0   0   0   0   0   0 | Thr ACT   1   1   1   1   1   1 | Asn AAT   3   4   4   4   4   4 | Ser AGT   1   0   1   1   0   0
    ATC   2   2   2   2   2   2 |     ACC   0   1   0   0   1   1 |     AAC   2   2   2   2   2   2 |     AGC   0   0   0   0   0   0
    ATA   0   0   0   0   0   0 |     ACA   0   0   0   0   0   0 | Lys AAA   4   4   3   3   4   4 | Arg AGA   1   1   1   1   1   1
Met ATG   4   4   4   4   4   4 |     ACG   0   0   0   0   0   0 |     AAG   3   3   3   3   3   3 |     AGG   1   1   1   1   1   1
--------------------------------------------------------------------------------------------------------------------------------------
Val GTT   0   0   0   0   0   0 | Ala GCT   2   2   2   2   2   2 | Asp GAT   2   2   2   2   2   2 | Gly GGT   0   0   0   0   0   0
    GTC   0   0   0   0   0   0 |     GCC   0   0   0   0   0   0 |     GAC   1   1   1   1   1   1 |     GGC   1   1   1   1   1   1
    GTA   1   1   1   1   1   0 |     GCA   0   0   0   0   0   0 | Glu GAA   1   0   1   1   0   0 |     GGA   0   0   0   0   0   0
    GTG   1   1   1   1   1   2 |     GCG   0   0   0   0   0   0 |     GAG   1   1   1   1   1   1 |     GGG   1   1   1   1   1   1
--------------------------------------------------------------------------------------------------------------------------------------

--------------------------------------------------------------------------------------------------------------------------------------
Phe TTT   1   1   1   1   1   1 | Ser TCT   1   1   1   1   1   1 | Tyr TAT   1   1   1   1   1   2 | Cys TGT   2   2   2   2   2   2
    TTC   1   1   1   1   1   1 |     TCC   1   1   1   1   1   1 |     TAC   0   0   0   0   0   0 |     TGC   0   0   0   0   0   0
Leu TTA   1   1   1   2   1   1 |     TCA   2   2   2   2   2   2 | *** TAA   0   0   0   0   0   0 | *** TGA   0   0   0   0   0   0
    TTG   0   0   0   0   0   0 |     TCG   0   0   0   0   0   0 |     TAG   0   0   0   0   0   0 | Trp TGG   1   1   1   1   1   1
--------------------------------------------------------------------------------------------------------------------------------------
Leu CTT   0   0   0   0   0   0 | Pro CCT   2   2   2   2   2   2 | His CAT   1   1   1   1   1   0 | Arg CGT   0   0   0   0   0   0
    CTC   1   1   1   1   1   1 |     CCC   0   0   0   0   0   0 |     CAC   0   0   0   0   0   0 |     CGC   0   0   0   0   0   0
    CTA   1   1   1   0   1   1 |     CCA   1   1   2   2   1   1 | Gln CAA   1   0   1   1   1   1 |     CGA   0   0   0   0   0   0
    CTG   1   1   1   1   1   1 |     CCG   1   1   0   0   1   1 |     CAG   1   2   1   1   1   1 |     CGG   0   0   0   0   0   0
--------------------------------------------------------------------------------------------------------------------------------------
Ile ATT   0   0   0   0   0   0 | Thr ACT   1   1   1   1   1   1 | Asn AAT   4   4   4   4   4   4 | Ser AGT   0   0   0   0   0   0
    ATC   2   2   2   2   2   2 |     ACC   1   1   1   1   1   1 |     AAC   2   2   2   2   2   2 |     AGC   0   0   0   0   0   0
    ATA   0   0   0   0   0   0 |     ACA   0   0   0   0   0   0 | Lys AAA   4   4   4   4   4   4 | Arg AGA   1   1   1   1   1   1
Met ATG   4   4   4   4   4   4 |     ACG   0   0   0   0   0   0 |     AAG   3   3   3   3   3   3 |     AGG   1   1   1   1   1   1
--------------------------------------------------------------------------------------------------------------------------------------
Val GTT   0   0   0   0   0   0 | Ala GCT   2   2   2   2   2   2 | Asp GAT   2   2   2   2   2   2 | Gly GGT   0   0   0   0   0   0
    GTC   0   0   0   0   0   0 |     GCC   0   0   0   0   0   0 |     GAC   1   1   1   1   1   1 |     GGC   1   1   1   1   1   1
    GTA   1   1   1   1   1   1 |     GCA   0   0   0   0   0   0 | Glu GAA   0   0   0   0   0   0 |     GGA   0   0   0   0   0   0
    GTG   1   1   1   1   1   1 |     GCG   0   0   0   0   0   0 |     GAG   1   1   1   1   1   1 |     GGG   1   1   1   1   1   1
--------------------------------------------------------------------------------------------------------------------------------------

Codon position x base (3x4) table for each sequence.

#1: Argali         
position  1:    T:0.20370    C:0.18519    A:0.40741    G:0.20370
position  2:    T:0.25926    C:0.22222    A:0.38889    G:0.12963
position  3:    T:0.31481    C:0.18519    A:0.22222    G:0.27778
Average         T:0.25926    C:0.19753    A:0.33951    G:0.20370

#2: LesserMouseDeer
position  1:    T:0.24074    C:0.20370    A:0.40741    G:0.14815
position  2:    T:0.27778    C:0.22222    A:0.33333    G:0.16667
position  3:    T:0.33333    C:0.16667    A:0.22222    G:0.27778
Average         T:0.28395    C:0.19753    A:0.32099    G:0.19753

#3: LesserKudu     
position  1:    T:0.20370    C:0.18519    A:0.42593    G:0.18519
position  2:    T:0.25926    C:0.22222    A:0.38889    G:0.12963
position  3:    T:0.33333    C:0.16667    A:0.22222    G:0.27778
Average         T:0.26543    C:0.19136    A:0.34568    G:0.19753

#4: ForestMuskDeer2
position  1:    T:0.22222    C:0.16667    A:0.42593    G:0.18519
position  2:    T:0.25926    C:0.22222    A:0.38889    G:0.12963
position  3:    T:0.31481    C:0.18519    A:0.22222    G:0.27778
Average         T:0.26543    C:0.19136    A:0.34568    G:0.19753

#5: Camel          
position  1:    T:0.20370    C:0.18519    A:0.42593    G:0.18519
position  2:    T:0.25926    C:0.24074    A:0.35185    G:0.14815
position  3:    T:0.31481    C:0.18519    A:0.27778    G:0.22222
Average         T:0.25926    C:0.20370    A:0.35185    G:0.18519

#6: KillerWhale    
position  1:    T:0.24074    C:0.16667    A:0.44444    G:0.14815
position  2:    T:0.27778    C:0.24074    A:0.33333    G:0.14815
position  3:    T:0.35185    C:0.16667    A:0.22222    G:0.25926
Average         T:0.29012    C:0.19136    A:0.33333    G:0.18519

#7: DefassaWaterbuck
position  1:    T:0.20370    C:0.18519    A:0.42593    G:0.18519
position  2:    T:0.25926    C:0.22222    A:0.38889    G:0.12963
position  3:    T:0.31481    C:0.16667    A:0.22222    G:0.29630
Average         T:0.25926    C:0.19136    A:0.34568    G:0.20370

#8: Sheep          
position  1:    T:0.20370    C:0.18519    A:0.40741    G:0.20370
position  2:    T:0.25926    C:0.22222    A:0.38889    G:0.12963
position  3:    T:0.31481    C:0.18519    A:0.22222    G:0.27778
Average         T:0.25926    C:0.19753    A:0.33951    G:0.20370

#9: MaxwellsDuiker 
position  1:    T:0.18519    C:0.20370    A:0.40741    G:0.20370
position  2:    T:0.25926    C:0.22222    A:0.38889    G:0.12963
position  3:    T:0.31481    C:0.18519    A:0.24074    G:0.25926
Average         T:0.25309    C:0.20370    A:0.34568    G:0.19753

#10: GazellaPrzewalskyi
position  1:    T:0.20370    C:0.18519    A:0.42593    G:0.18519
position  2:    T:0.25926    C:0.24074    A:0.37037    G:0.12963
position  3:    T:0.31481    C:0.18519    A:0.22222    G:0.27778
Average         T:0.25926    C:0.20370    A:0.33951    G:0.19753

#11: MountainNyala  
position  1:    T:0.20370    C:0.18519    A:0.42593    G:0.18519
position  2:    T:0.25926    C:0.22222    A:0.38889    G:0.12963
position  3:    T:0.31481    C:0.18519    A:0.22222    G:0.27778
Average         T:0.25926    C:0.19753    A:0.34568    G:0.19753

#12: MuntiacusMuntjak
position  1:    T:0.22222    C:0.16667    A:0.40741    G:0.20370
position  2:    T:0.25926    C:0.20370    A:0.37037    G:0.16667
position  3:    T:0.31481    C:0.18519    A:0.22222    G:0.27778
Average         T:0.26543    C:0.18519    A:0.33333    G:0.21605

#13: goat           
position  1:    T:0.20370    C:0.18519    A:0.40741    G:0.20370
position  2:    T:0.25926    C:0.22222    A:0.38889    G:0.12963
position  3:    T:0.31481    C:0.18519    A:0.20370    G:0.29630
Average         T:0.25926    C:0.19753    A:0.33333    G:0.20988

#14: AfricanBuffalo 
position  1:    T:0.20370    C:0.20370    A:0.40741    G:0.18519
position  2:    T:0.25926    C:0.22222    A:0.38889    G:0.12963
position  3:    T:0.27778    C:0.18519    A:0.22222    G:0.31481
Average         T:0.24691    C:0.20370    A:0.33951    G:0.20988

#15: Topi           
position  1:    T:0.20370    C:0.18519    A:0.42593    G:0.18519
position  2:    T:0.25926    C:0.22222    A:0.38889    G:0.12963
position  3:    T:0.31481    C:0.18519    A:0.20370    G:0.29630
Average         T:0.25926    C:0.19753    A:0.33951    G:0.20370

#16: CommonDuiker   
position  1:    T:0.18519    C:0.20370    A:0.40741    G:0.20370
position  2:    T:0.25926    C:0.22222    A:0.38889    G:0.12963
position  3:    T:0.31481    C:0.18519    A:0.22222    G:0.27778
Average         T:0.25309    C:0.20370    A:0.33951    G:0.20370

#17: Suni           
position  1:    T:0.20370    C:0.18519    A:0.42593    G:0.18519
position  2:    T:0.25926    C:0.22222    A:0.38889    G:0.12963
position  3:    T:0.29630    C:0.20370    A:0.22222    G:0.27778
Average         T:0.25309    C:0.20370    A:0.34568    G:0.19753

#18: Springbuck     
position  1:    T:0.20370    C:0.18519    A:0.42593    G:0.18519
position  2:    T:0.25926    C:0.22222    A:0.38889    G:0.12963
position  3:    T:0.31481    C:0.18519    A:0.22222    G:0.27778
Average         T:0.25926    C:0.19753    A:0.34568    G:0.19753

#19: Okapi          
position  1:    T:0.22222    C:0.16667    A:0.38889    G:0.22222
position  2:    T:0.25926    C:0.22222    A:0.37037    G:0.14815
position  3:    T:0.31481    C:0.18519    A:0.22222    G:0.27778
Average         T:0.26543    C:0.19136    A:0.32716    G:0.21605

#20: Giraffe        
position  1:    T:0.22222    C:0.16667    A:0.42593    G:0.18519
position  2:    T:0.25926    C:0.22222    A:0.37037    G:0.14815
position  3:    T:0.31481    C:0.18519    A:0.22222    G:0.27778
Average         T:0.26543    C:0.19136    A:0.33951    G:0.20370

#21: TibetanAntelope
position  1:    T:0.20370    C:0.20370    A:0.40741    G:0.18519
position  2:    T:0.25926    C:0.22222    A:0.38889    G:0.12963
position  3:    T:0.33333    C:0.16667    A:0.22222    G:0.27778
Average         T:0.26543    C:0.19753    A:0.33951    G:0.19753

#22: Sitatunga      
position  1:    T:0.20370    C:0.18519    A:0.42593    G:0.18519
position  2:    T:0.25926    C:0.22222    A:0.38889    G:0.12963
position  3:    T:0.31481    C:0.18519    A:0.24074    G:0.25926
Average         T:0.25926    C:0.19753    A:0.35185    G:0.19136

#23: Oribi          
position  1:    T:0.20370    C:0.18519    A:0.42593    G:0.18519
position  2:    T:0.25926    C:0.22222    A:0.38889    G:0.12963
position  3:    T:0.33333    C:0.18519    A:0.20370    G:0.27778
Average         T:0.26543    C:0.19753    A:0.33951    G:0.19753

#24: BarbarySheep   
position  1:    T:0.20370    C:0.18519    A:0.40741    G:0.20370
position  2:    T:0.25926    C:0.22222    A:0.38889    G:0.12963
position  3:    T:0.31481    C:0.18519    A:0.20370    G:0.29630
Average         T:0.25926    C:0.19753    A:0.33333    G:0.20988

#25: Daviddeer      
position  1:    T:0.22222    C:0.16667    A:0.42593    G:0.18519
position  2:    T:0.25926    C:0.20370    A:0.37037    G:0.16667
position  3:    T:0.31481    C:0.18519    A:0.20370    G:0.29630
Average         T:0.26543    C:0.18519    A:0.33333    G:0.21605

#26: Reindeer       
position  1:    T:0.22222    C:0.16667    A:0.42593    G:0.18519
position  2:    T:0.25926    C:0.20370    A:0.37037    G:0.16667
position  3:    T:0.31481    C:0.18519    A:0.22222    G:0.27778
Average         T:0.26543    C:0.18519    A:0.33951    G:0.20988

#27: Ibex           
position  1:    T:0.20370    C:0.18519    A:0.40741    G:0.20370
position  2:    T:0.25926    C:0.22222    A:0.38889    G:0.12963
position  3:    T:0.31481    C:0.18519    A:0.20370    G:0.29630
Average         T:0.25926    C:0.19753    A:0.33333    G:0.20988

#28: GyrantGazelle  
position  1:    T:0.20370    C:0.18519    A:0.42593    G:0.18519
position  2:    T:0.25926    C:0.22222    A:0.38889    G:0.12963
position  3:    T:0.29630    C:0.18519    A:0.22222    G:0.29630
Average         T:0.25309    C:0.19753    A:0.34568    G:0.20370

#29: Hartebeest     
position  1:    T:0.20370    C:0.18519    A:0.42593    G:0.18519
position  2:    T:0.25926    C:0.22222    A:0.38889    G:0.12963
position  3:    T:0.31481    C:0.18519    A:0.20370    G:0.29630
Average         T:0.25926    C:0.19753    A:0.33951    G:0.20370

#30: Bongo          
position  1:    T:0.22222    C:0.16667    A:0.42593    G:0.18519
position  2:    T:0.25926    C:0.22222    A:0.38889    G:0.12963
position  3:    T:0.31481    C:0.18519    A:0.22222    G:0.27778
Average         T:0.26543    C:0.19136    A:0.34568    G:0.19753

#31: Gerenuk        
position  1:    T:0.20370    C:0.18519    A:0.42593    G:0.18519
position  2:    T:0.25926    C:0.22222    A:0.38889    G:0.12963
position  3:    T:0.29630    C:0.20370    A:0.22222    G:0.27778
Average         T:0.25309    C:0.20370    A:0.34568    G:0.19753

#32: CommonEland    
position  1:    T:0.20370    C:0.18519    A:0.42593    G:0.18519
position  2:    T:0.25926    C:0.22222    A:0.38889    G:0.12963
position  3:    T:0.31481    C:0.16667    A:0.24074    G:0.27778
Average         T:0.25926    C:0.19136    A:0.35185    G:0.19753

#33: MuntiacusReevesi
position  1:    T:0.22222    C:0.16667    A:0.40741    G:0.20370
position  2:    T:0.25926    C:0.20370    A:0.37037    G:0.16667
position  3:    T:0.31481    C:0.18519    A:0.22222    G:0.27778
Average         T:0.26543    C:0.18519    A:0.33333    G:0.21605

#34: HarveysDuiker  
position  1:    T:0.18519    C:0.20370    A:0.40741    G:0.20370
position  2:    T:0.25926    C:0.22222    A:0.38889    G:0.12963
position  3:    T:0.31481    C:0.18519    A:0.22222    G:0.27778
Average         T:0.25309    C:0.20370    A:0.33951    G:0.20370

#35: Pronghorn      
position  1:    T:0.20370    C:0.16667    A:0.42593    G:0.20370
position  2:    T:0.25926    C:0.20370    A:0.38889    G:0.14815
position  3:    T:0.33333    C:0.18519    A:0.22222    G:0.25926
Average         T:0.26543    C:0.18519    A:0.34568    G:0.20370

#36: BlueWildebeest 
position  1:    T:0.20370    C:0.18519    A:0.42593    G:0.18519
position  2:    T:0.25926    C:0.22222    A:0.38889    G:0.12963
position  3:    T:0.31481    C:0.18519    A:0.20370    G:0.29630
Average         T:0.25926    C:0.19753    A:0.33951    G:0.20370

#37: Gemsbok        
position  1:    T:0.20370    C:0.18519    A:0.42593    G:0.18519
position  2:    T:0.25926    C:0.22222    A:0.37037    G:0.14815
position  3:    T:0.31481    C:0.18519    A:0.20370    G:0.29630
Average         T:0.25926    C:0.19753    A:0.33333    G:0.20988

#38: Yak            
position  1:    T:0.20370    C:0.18519    A:0.44444    G:0.16667
position  2:    T:0.25926    C:0.22222    A:0.38889    G:0.12963
position  3:    T:0.31481    C:0.18519    A:0.22222    G:0.27778
Average         T:0.25926    C:0.19753    A:0.35185    G:0.19136

#39: BlueSheep      
position  1:    T:0.20370    C:0.18519    A:0.40741    G:0.20370
position  2:    T:0.25926    C:0.22222    A:0.38889    G:0.12963
position  3:    T:0.31481    C:0.18519    A:0.20370    G:0.29630
Average         T:0.25926    C:0.19753    A:0.33333    G:0.20988

#40: BohorReedbuck  
position  1:    T:0.20370    C:0.18519    A:0.44444    G:0.16667
position  2:    T:0.25926    C:0.22222    A:0.37037    G:0.14815
position  3:    T:0.31481    C:0.18519    A:0.22222    G:0.27778
Average         T:0.25926    C:0.19753    A:0.34568    G:0.19753

#41: KirksDik       
position  1:    T:0.20370    C:0.18519    A:0.42593    G:0.18519
position  2:    T:0.25926    C:0.22222    A:0.38889    G:0.12963
position  3:    T:0.29630    C:0.20370    A:0.22222    G:0.27778
Average         T:0.25309    C:0.20370    A:0.34568    G:0.19753

#42: RoeDeer        
position  1:    T:0.22222    C:0.16667    A:0.40741    G:0.20370
position  2:    T:0.25926    C:0.20370    A:0.37037    G:0.16667
position  3:    T:0.31481    C:0.18519    A:0.22222    G:0.27778
Average         T:0.26543    C:0.18519    A:0.33333    G:0.21605

#43: WhiteLippedDeer
position  1:    T:0.22222    C:0.16667    A:0.40741    G:0.20370
position  2:    T:0.25926    C:0.20370    A:0.37037    G:0.16667
position  3:    T:0.29630    C:0.18519    A:0.25926    G:0.25926
Average         T:0.25926    C:0.18519    A:0.34568    G:0.20988

#44: ThomsonGazelle 
position  1:    T:0.20370    C:0.18519    A:0.42593    G:0.18519
position  2:    T:0.25926    C:0.22222    A:0.38889    G:0.12963
position  3:    T:0.31481    C:0.18519    A:0.22222    G:0.27778
Average         T:0.25926    C:0.19753    A:0.34568    G:0.19753

#45: MuntiacusCrinifrons
position  1:    T:0.22222    C:0.16667    A:0.40741    G:0.20370
position  2:    T:0.25926    C:0.20370    A:0.37037    G:0.16667
position  3:    T:0.31481    C:0.18519    A:0.22222    G:0.27778
Average         T:0.26543    C:0.18519    A:0.33333    G:0.21605

#46: WhiteTailedDeer
position  1:    T:0.22222    C:0.16667    A:0.40741    G:0.20370
position  2:    T:0.25926    C:0.20370    A:0.37037    G:0.16667
position  3:    T:0.31481    C:0.18519    A:0.22222    G:0.27778
Average         T:0.26543    C:0.18519    A:0.33333    G:0.21605

#47: Cattle         
position  1:    T:0.20370    C:0.18519    A:0.42593    G:0.18519
position  2:    T:0.25926    C:0.22222    A:0.38889    G:0.12963
position  3:    T:0.31481    C:0.18519    A:0.22222    G:0.27778
Average         T:0.25926    C:0.19753    A:0.34568    G:0.19753

#48: RoyalAntelope  
position  1:    T:0.18519    C:0.20370    A:0.42593    G:0.18519
position  2:    T:0.25926    C:0.22222    A:0.38889    G:0.12963
position  3:    T:0.33333    C:0.18519    A:0.20370    G:0.27778
Average         T:0.25926    C:0.20370    A:0.33951    G:0.19753

#49: Steenbok       
position  1:    T:0.20370    C:0.18519    A:0.42593    G:0.18519
position  2:    T:0.25926    C:0.22222    A:0.38889    G:0.12963
position  3:    T:0.31481    C:0.18519    A:0.22222    G:0.27778
Average         T:0.25926    C:0.19753    A:0.34568    G:0.19753

#50: Impala         
position  1:    T:0.20370    C:0.18519    A:0.42593    G:0.18519
position  2:    T:0.25926    C:0.22222    A:0.38889    G:0.12963
position  3:    T:0.31481    C:0.18519    A:0.20370    G:0.29630
Average         T:0.25926    C:0.19753    A:0.33951    G:0.20370

#51: Klipspringer   
position  1:    T:0.20370    C:0.18519    A:0.42593    G:0.18519
position  2:    T:0.25926    C:0.22222    A:0.38889    G:0.12963
