1
52 1
Argali 0.000000 0.272700 0.105700 0.216300 0.047000 0.018200 0.057000 0.056600 0.105200 0.077000 0.009200 0.098100 0.028000 0.057400 0.077000 0.056400 0.087000 0.076000 0.047000 0.095400 0.076300 0.009200 0.087300 0.118700 0.000100 0.066200 0.028000 0.115700 0.057300 0.105200 0.077000 0.057400 0.178900 0.018600 0.047400 0.066400 0.000100 0.057200 0.104600 0.118300 0.077200 0.075500 0.086600 0.152400 0.075500 0.077300 0.074900 0.037800 0.096500 0.095900 0.107100 0.094900
LesserMous 0.272700 0.000000 0.257400 0.230400 0.268700 0.293700 0.274900 0.286300 0.255900 0.263700 0.261000 0.328500 0.273100 0.272700 0.250000 0.259300 0.268400 0.252300 0.284400 0.244300 0.286900 0.284800 0.263600 0.302400 0.272300 0.297800 0.273100 0.255300 0.288900 0.231800 0.263700 0.272300 0.269100 0.260500 0.269900 0.281300 0.272500 0.284500 0.346700 0.276300 0.276400 0.309500 0.274900 0.320100 0.295800 0.275800 0.320900 0.250400 0.259500 0.271500 0.261300 0.241700
LesserKudu 0.105700 0.257400 0.000000 0.200500 0.095800 0.124300 0.105800 0.105800 0.017700 0.106100 0.095800 0.107000 0.095900 0.106500 0.085700 0.105400 0.116300 0.104600 0.116200 0.008800 0.126500 0.115400 0.116800 0.148700 0.105400 0.115700 0.095900 0.026400 0.107100 0.017600 0.106100 0.106500 0.176300 0.086000 0.096400 0.075200 0.105700 0.107200 0.154900 0.148100 0.106500 0.125100 0.115700 0.172100 0.084200 0.106300 0.124100 0.086000 0.125400 0.124900 0.018300 0.008900
KillerWhal 0.216300 0.230400 0.200500 0.000000 0.195000 0.237100 0.216200 0.216600 0.199500 0.168100 0.204600 0.235200 0.204400 0.208200 0.191500 0.215400 0.184500 0.158300 0.218000 0.188100 0.217100 0.227900 0.180600 0.203600 0.215800 0.228400 0.204400 0.201800 0.219300 0.175900 0.168100 0.208300 0.223200 0.192300 0.196400 0.193500 0.216100 0.209600 0.249500 0.204800 0.168400 0.239400 0.178900 0.218500 0.212200 0.218900 0.262200 0.193900 0.204400 0.177900 0.204000 0.184700
DefassaWat 0.047000 0.268700 0.095800 0.195000 0.000000 0.065500 0.028100 0.047000 0.095300 0.067100 0.056800 0.077300 0.037500 0.028300 0.047400 0.046800 0.077000 0.066200 0.042600 0.085600 0.066500 0.056400 0.077400 0.108200 0.046800 0.056500 0.037500 0.103100 0.047500 0.095300 0.067100 0.028200 0.168300 0.028000 0.057200 0.046700 0.046900 0.028100 0.094700 0.107900 0.067400 0.065800 0.076700 0.141800 0.055800 0.047400 0.084800 0.028200 0.064200 0.086000 0.097000 0.085200
Sheep 0.018200 0.293700 0.124300 0.237100 0.065500 0.000000 0.075700 0.075000 0.123600 0.095700 0.027600 0.117100 0.046400 0.076200 0.095700 0.074500 0.105700 0.094500 0.065500 0.113800 0.094900 0.027400 0.106100 0.137600 0.018200 0.084600 0.046400 0.134200 0.075900 0.123700 0.095700 0.076100 0.197900 0.037000 0.065900 0.084900 0.018200 0.076000 0.123000 0.137100 0.095900 0.093900 0.105200 0.171700 0.093900 0.096100 0.093200 0.056400 0.115300 0.114500 0.125800 0.113300
MaxwellsDu 0.057000 0.274900 0.105800 0.216200 0.028100 0.075700 0.000000 0.036500 0.105200 0.077000 0.067100 0.067100 0.047400 0.000100 0.057100 0.037500 0.087000 0.076000 0.057300 0.095400 0.057100 0.066600 0.087400 0.118500 0.056900 0.047200 0.047400 0.115700 0.038100 0.105200 0.077000 0.000100 0.178700 0.037800 0.067500 0.056200 0.057000 0.038000 0.085300 0.097300 0.077300 0.056500 0.086600 0.152400 0.065300 0.037800 0.075400 0.037800 0.076200 0.085700 0.107100 0.095000
GazellaPrz 0.056600 0.286300 0.105800 0.216600 0.047000 0.075000 0.036500 0.000000 0.105200 0.077000 0.066400 0.077700 0.047100 0.037900 0.077000 0.018500 0.087100 0.076000 0.066500 0.095400 0.037400 0.065800 0.087400 0.118800 0.056200 0.027800 0.047100 0.115700 0.018700 0.105300 0.077000 0.037900 0.179000 0.037500 0.067000 0.066400 0.056500 0.057300 0.065100 0.097500 0.077300 0.036900 0.086600 0.152600 0.075500 0.057400 0.055600 0.037800 0.096600 0.085800 0.107100 0.095000
MountainNy 0.105200 0.255900 0.017700 0.199500 0.095300 0.123600 0.105200 0.105200 0.000000 0.105500 0.095300 0.106500 0.095400 0.105800 0.085200 0.104800 0.115700 0.104100 0.115500 0.008800 0.125800 0.114800 0.116100 0.148000 0.104800 0.115100 0.095400 0.008800 0.106500 0.017500 0.105500 0.105800 0.175500 0.085500 0.095800 0.074800 0.105100 0.106500 0.154200 0.147500 0.105900 0.124500 0.115100 0.182600 0.083800 0.105700 0.123500 0.085500 0.124800 0.124300 0.018200 0.008900
MuntiacusM 0.077000 0.263700 0.106100 0.168100 0.067100 0.095700 0.077000 0.077000 0.105500 0.000000 0.087400 0.098500 0.067300 0.077500 0.097400 0.076700 0.066900 0.056300 0.087200 0.095700 0.097400 0.086700 0.028200 0.037900 0.076800 0.086900 0.067300 0.116000 0.078000 0.105600 0.000000 0.077400 0.157100 0.057400 0.087900 0.066500 0.076900 0.077900 0.126200 0.037800 0.018700 0.096400 0.009200 0.068000 0.075700 0.097800 0.115800 0.057400 0.117300 0.076300 0.107500 0.095300
goat 0.009200 0.261000 0.095800 0.204600 0.056800 0.027600 0.067100 0.066400 0.095300 0.087400 0.000000 0.108900 0.037600 0.067500 0.067200 0.066300 0.097600 0.086200 0.056900 0.085600 0.086600 0.017900 0.097900 0.129800 0.009200 0.076300 0.037600 0.105700 0.067400 0.095300 0.087400 0.067500 0.168200 0.028100 0.037800 0.076400 0.009200 0.067300 0.114600 0.129300 0.087600 0.085400 0.097000 0.164200 0.085600 0.067400 0.085000 0.047600 0.086600 0.106400 0.097100 0.085200
AfricanBuf 0.098100 0.328500 0.107000 0.235200 0.077300 0.117100 0.067100 0.077700 0.106500 0.098500 0.108900 0.000000 0.088100 0.067500 0.108000 0.077400 0.108800 0.097100 0.094000 0.096600 0.098200 0.108000 0.109200 0.141900 0.097800 0.087600 0.088100 0.114800 0.078600 0.106500 0.098500 0.067500 0.204000 0.078000 0.109500 0.046300 0.098000 0.088300 0.127300 0.119800 0.098700 0.097200 0.108300 0.177300 0.036600 0.087400 0.096400 0.077700 0.125600 0.107200 0.108500 0.096100
Topi 0.028000 0.273100 0.095900 0.204400 0.037500 0.046400 0.047400 0.047100 0.095400 0.067300 0.037600 0.088100 0.000000 0.047700 0.067300 0.046900 0.077200 0.066400 0.037600 0.085700 0.066600 0.037300 0.077500 0.108600 0.027900 0.056600 0.000000 0.105800 0.047700 0.095500 0.067300 0.047700 0.168400 0.009000 0.037800 0.056700 0.028000 0.047600 0.094800 0.108200 0.067500 0.065900 0.076800 0.142000 0.065900 0.067500 0.084900 0.028300 0.086700 0.086100 0.097200 0.085300
CommonDuik 0.057400 0.272700 0.106500 0.208200 0.028300 0.076200 0.000100 0.037900 0.105800 0.077500 0.067500 0.067500 0.047700 0.000000 0.057400 0.037800 0.087600 0.076500 0.053100 0.096000 0.057500 0.067000 0.087900 0.119300 0.057200 0.047500 0.047700 0.114400 0.038300 0.105900 0.077500 0.000000 0.179900 0.038100 0.067900 0.056600 0.057400 0.038300 0.085800 0.098000 0.077800 0.056900 0.087100 0.153500 0.065700 0.037900 0.075900 0.037900 0.074900 0.086300 0.107800 0.095600
Suni 0.077000 0.250000 0.085700 0.191500 0.047400 0.095700 0.057100 0.077000 0.085200 0.097400 0.067200 0.108000 0.067300 0.057400 0.000000 0.076800 0.096800 0.085600 0.077400 0.075600 0.097400 0.086600 0.087700 0.140000 0.076800 0.086900 0.067300 0.095400 0.078000 0.085200 0.097400 0.057400 0.178700 0.057500 0.067600 0.075900 0.076900 0.057700 0.126000 0.139600 0.077600 0.096300 0.107100 0.175000 0.085000 0.057300 0.115700 0.057400 0.076300 0.116600 0.086700 0.075200
Springbuck 0.056400 0.259300 0.105400 0.215400 0.046800 0.074500 0.037500 0.018500 0.104800 0.076700 0.066300 0.077400 0.046900 0.037800 0.076800 0.000000 0.086700 0.075700 0.066200 0.095100 0.037300 0.065800 0.087100 0.118300 0.056200 0.027700 0.046900 0.115300 0.018700 0.104900 0.076700 0.037700 0.156900 0.037400 0.066700 0.066100 0.056400 0.057100 0.065000 0.097100 0.077000 0.036900 0.086300 0.151900 0.075300 0.057200 0.055400 0.037700 0.076300 0.085500 0.106700 0.094600
Okapi 0.087000 0.268400 0.116300 0.184500 0.077000 0.105700 0.087000 0.087100 0.115700 0.066900 0.097600 0.108800 0.077200 0.087600 0.096800 0.086700 0.000000 0.027500 0.097300 0.105800 0.107700 0.096800 0.077100 0.108100 0.086800 0.097000 0.077200 0.126200 0.088200 0.115700 0.066900 0.087500 0.146400 0.067300 0.098100 0.076300 0.087000 0.088100 0.136500 0.087100 0.067100 0.106500 0.076400 0.141400 0.085500 0.108100 0.126100 0.073300 0.135200 0.086200 0.117800 0.105300
Giraffe 0.076000 0.252300 0.104600 0.158300 0.066200 0.094500 0.076000 0.076000 0.104100 0.056300 0.086200 0.097100 0.066400 0.076500 0.085600 0.075700 0.027500 0.000000 0.086000 0.094400 0.096100 0.085500 0.066200 0.096400 0.075700 0.085700 0.066400 0.114300 0.076900 0.104200 0.056300 0.076400 0.113800 0.056600 0.086700 0.065700 0.075900 0.076900 0.124600 0.076000 0.056500 0.095100 0.065700 0.128700 0.074700 0.096500 0.114400 0.061800 0.122600 0.075300 0.106000 0.094000
TibetanAnt 0.047000 0.284400 0.116200 0.218000 0.042600 0.065500 0.057300 0.066500 0.115500 0.087200 0.056900 0.094000 0.037600 0.053100 0.077400 0.066200 0.097300 0.086000 0.000000 0.105700 0.086400 0.056500 0.097700 0.129400 0.046900 0.076100 0.037600 0.105500 0.067200 0.115600 0.087200 0.052600 0.189700 0.028100 0.053200 0.061600 0.047000 0.053300 0.114700 0.128900 0.087500 0.085500 0.096800 0.163700 0.075800 0.077600 0.084700 0.047600 0.076700 0.096100 0.117700 0.105200
Sitatunga 0.095400 0.244300 0.008800 0.188100 0.085600 0.113800 0.095400 0.095400 0.008800 0.095700 0.085600 0.096600 0.085700 0.096000 0.075600 0.095100 0.105800 0.094400 0.105700 0.000000 0.115900 0.105000 0.106200 0.137700 0.095100 0.105200 0.085700 0.017500 0.096600 0.008900 0.095700 0.096000 0.165200 0.075900 0.086100 0.065300 0.095300 0.096600 0.144200 0.137200 0.096100 0.114600 0.105200 0.172000 0.074300 0.095900 0.113700 0.075800 0.114900 0.114400 0.009100 0.000100
Oribi 0.076300 0.286900 0.126500 0.217100 0.066500 0.094900 0.057100 0.037400 0.125800 0.097400 0.086600 0.098200 0.066600 0.057500 0.097400 0.037300 0.107700 0.096100 0.086400 0.115900 0.000000 0.085900 0.108100 0.140200 0.076100 0.046900 0.066600 0.136600 0.037900 0.105500 0.097400 0.057500 0.190500 0.056900 0.087100 0.086300 0.076300 0.057300 0.075100 0.118400 0.097700 0.056200 0.107100 0.152900 0.095500 0.056900 0.075000 0.057300 0.117300 0.106100 0.128100 0.115300
BarbaryShe 0.009200 0.284800 0.115400 0.227900 0.056400 0.027400 0.066600 0.065800 0.114800 0.086700 0.017900 0.108000 0.037300 0.067000 0.086600 0.065800 0.096800 0.085500 0.056500 0.105000 0.085900 0.000000 0.097100 0.128700 0.008900 0.075700 0.037300 0.125300 0.066800 0.114800 0.086700 0.067000 0.167400 0.027900 0.056900 0.075900 0.009200 0.066800 0.113800 0.128300 0.086900 0.084700 0.096300 0.162800 0.085000 0.087000 0.084300 0.047200 0.106300 0.105600 0.116900 0.104500
Daviddeer 0.087300 0.263600 0.116800 0.180600 0.077400 0.106100 0.087400 0.087400 0.116100 0.028200 0.097900 0.109200 0.077500 0.087900 0.087700 0.087100 0.077100 0.066200 0.097700 0.106200 0.108100 0.097100 0.000000 0.067600 0.087100 0.097400 0.077500 0.126800 0.088500 0.116200 0.028200 0.087900 0.168200 0.067600 0.098500 0.076700 0.087300 0.088400 0.136900 0.047600 0.009400 0.106900 0.037600 0.099100 0.085900 0.108600 0.126400 0.067500 0.128200 0.086600 0.118300 0.105700
Reindeer 0.118700 0.302400 0.148700 0.203600 0.108200 0.137600 0.118500 0.118800 0.148000 0.037900 0.129800 0.141900 0.108600 0.119300 0.140000 0.118300 0.108100 0.096400 0.129400 0.137700 0.140200 0.128700 0.067600 0.000000 0.118300 0.129000 0.108600 0.159100 0.120300 0.148000 0.037900 0.119300 0.179700 0.098300 0.130500 0.107400 0.118600 0.120000 0.147900 0.057400 0.057600 0.138700 0.047300 0.077800 0.116700 0.140800 0.158800 0.098200 0.138900 0.117700 0.150700 0.146100
Ibex 0.000100 0.272300 0.105400 0.215800 0.046800 0.018200 0.056900 0.056200 0.104800 0.076800 0.009200 0.097800 0.027900 0.057200 0.076800 0.056200 0.086800 0.075700 0.046900 0.095100 0.076100 0.008900 0.087100 0.118300 0.000000 0.066000 0.027900 0.115300 0.057100 0.104900 0.076800 0.057200 0.178200 0.018500 0.047200 0.066100 0.000000 0.057100 0.103200 0.117900 0.077000 0.075000 0.086300 0.152000 0.075300 0.077100 0.074700 0.037700 0.096300 0.095600 0.106700 0.094600
GyrantGaze 0.066200 0.297800 0.115700 0.228400 0.056500 0.084600 0.047200 0.027800 0.115100 0.086900 0.076300 0.087600 0.056600 0.047500 0.086900 0.027700 0.097000 0.085700 0.076100 0.105200 0.046900 0.075700 0.097400 0.129000 0.066000 0.000000 0.056600 0.125700 0.028200 0.115100 0.086900 0.047400 0.189500 0.047000 0.076700 0.076000 0.066100 0.067000 0.074800 0.107600 0.087100 0.009100 0.096500 0.163200 0.085200 0.067100 0.065100 0.047300 0.106500 0.095600 0.117200 0.104700
Hartebeest 0.028000 0.273100 0.095900 0.204400 0.037500 0.046400 0.047400 0.047100 0.095400 0.067300 0.037600 0.088100 0.000000 0.047700 0.067300 0.046900 0.077200 0.066400 0.037600 0.085700 0.066600 0.037300 0.077500 0.108600 0.027900 0.056600 0.000000 0.105800 0.047700 0.095500 0.067300 0.047700 0.168400 0.009000 0.037800 0.056700 0.028000 0.047600 0.094800 0.108200 0.067500 0.065900 0.076800 0.142000 0.065900 0.067500 0.084900 0.028300 0.086700 0.086100 0.097200 0.085300
Bongo 0.115700 0.255300 0.026400 0.201800 0.103100 0.134200 0.115700 0.115700 0.008800 0.116000 0.105700 0.114800 0.105800 0.114400 0.095400 0.115300 0.126200 0.114300 0.105500 0.017500 0.136600 0.125300 0.126800 0.159100 0.115300 0.125700 0.105800 0.000000 0.117100 0.026600 0.116000 0.113900 0.186500 0.095800 0.103400 0.081600 0.115500 0.114700 0.165100 0.158500 0.116500 0.135100 0.125600 0.194400 0.093800 0.116200 0.134000 0.095700 0.114700 0.134900 0.027500 0.017900
Gerenuk 0.057300 0.288900 0.107100 0.219300 0.047500 0.075900 0.038100 0.018700 0.106500 0.078000 0.067400 0.078600 0.047700 0.038300 0.078000 0.018700 0.088200 0.076900 0.067200 0.096600 0.037900 0.066800 0.088500 0.120300 0.057100 0.028200 0.047700 0.117100 0.000000 0.106600 0.078000 0.038300 0.181000 0.038000 0.067800 0.067100 0.057200 0.058000 0.066000 0.098800 0.078300 0.037500 0.087700 0.154500 0.076400 0.058100 0.056300 0.038300 0.097700 0.086900 0.108500 0.096200
CommonElan 0.105200 0.231800 0.017600 0.175900 0.095300 0.123700 0.105200 0.105300 0.017500 0.105600 0.095300 0.106500 0.095500 0.105900 0.085200 0.104900 0.115700 0.104200 0.115600 0.008900 0.105500 0.114800 0.116200 0.148000 0.104900 0.115100 0.095500 0.026600 0.106600 0.000000 0.105600 0.105800 0.175500 0.085600 0.095900 0.074800 0.105100 0.106500 0.154300 0.147500 0.105900 0.124500 0.115100 0.160800 0.083800 0.105700 0.123500 0.085500 0.124800 0.124300 0.018200 0.008900
MuntiacusR 0.077000 0.263700 0.106100 0.168100 0.067100 0.095700 0.077000 0.077000 0.105500 0.000000 0.087400 0.098500 0.067300 0.077500 0.097400 0.076700 0.066900 0.056300 0.087200 0.095700 0.097400 0.086700 0.028200 0.037900 0.076800 0.086900 0.067300 0.116000 0.078000 0.105600 0.000000 0.077400 0.157100 0.057400 0.087900 0.066500 0.076900 0.077900 0.126200 0.037800 0.018700 0.096400 0.009200 0.068000 0.075700 0.097800 0.115800 0.057400 0.117300 0.076300 0.107500 0.095300
HarveysDui 0.057400 0.272300 0.106500 0.208300 0.028200 0.076100 0.000100 0.037900 0.105800 0.077400 0.067500 0.067500 0.047700 0.000000 0.057400 0.037700 0.087500 0.076400 0.052600 0.096000 0.057500 0.067000 0.087900 0.119300 0.057200 0.047400 0.047700 0.113900 0.038300 0.105800 0.077400 0.000000 0.179800 0.038000 0.067900 0.056500 0.057300 0.038200 0.085800 0.098000 0.077800 0.056800 0.087100 0.153500 0.065700 0.037900 0.075900 0.037900 0.074500 0.086200 0.107800 0.095500
Pronghorn 0.178900 0.269100 0.176300 0.223200 0.168300 0.197900 0.178700 0.179000 0.175500 0.157100 0.168200 0.204000 0.168400 0.179900 0.178700 0.156900 0.146400 0.113800 0.189700 0.165200 0.190500 0.167400 0.168200 0.179700 0.178200 0.189500 0.168400 0.186500 0.181000 0.175500 0.157100 0.179800 0.000000 0.157800 0.169300 0.167300 0.178700 0.180900 0.208400 0.179200 0.157400 0.199200 0.167000 0.226500 0.176400 0.168900 0.219900 0.164200 0.183900 0.177600 0.178600 0.164500
BlueWildeb 0.018600 0.260500 0.086000 0.192300 0.028000 0.037000 0.037800 0.037500 0.085500 0.057400 0.028100 0.078000 0.009000 0.038100 0.057500 0.037400 0.067300 0.056600 0.028100 0.075900 0.056900 0.027900 0.067600 0.098300 0.018500 0.047000 0.009000 0.095800 0.038000 0.085600 0.057400 0.038000 0.157800 0.000000 0.028300 0.047100 0.018600 0.038000 0.085000 0.097900 0.057600 0.056300 0.067000 0.131300 0.056200 0.057700 0.075100 0.018800 0.076800 0.076200 0.087100 0.075500
Gemsbok 0.047400 0.269900 0.096400 0.196400 0.057200 0.065900 0.067500 0.067000 0.095800 0.087900 0.037800 0.109500 0.037800 0.067900 0.067600 0.066700 0.098100 0.086700 0.053200 0.086100 0.087100 0.056900 0.098500 0.130500 0.047200 0.076700 0.037800 0.103400 0.067800 0.095900 0.087900 0.067900 0.169300 0.028300 0.000000 0.076800 0.047300 0.067700 0.095500 0.130100 0.088200 0.086100 0.097600 0.165200 0.086100 0.067600 0.105400 0.047800 0.084600 0.107000 0.097600 0.085600
Yak 0.066400 0.281300 0.075200 0.193500 0.046700 0.084900 0.056200 0.066400 0.074800 0.066500 0.076400 0.046300 0.056700 0.056600 0.075900 0.066100 0.076300 0.065700 0.061600 0.065300 0.086300 0.075900 0.076700 0.107400 0.066100 0.076000 0.056700 0.081600 0.067100 0.074800 0.066500 0.056500 0.167300 0.047100 0.076800 0.000000 0.066300 0.056900 0.114800 0.107100 0.074900 0.085400 0.076000 0.140700 0.008800 0.075900 0.084800 0.046900 0.092500 0.085200 0.076100 0.065000
BlueSheep 0.000100 0.272500 0.105700 0.216100 0.046900 0.018200 0.057000 0.056500 0.105100 0.076900 0.009200 0.098000 0.028000 0.057400 0.076900 0.056400 0.087000 0.075900 0.047000 0.095300 0.076300 0.009200 0.087300 0.118600 0.000000 0.066100 0.028000 0.115500 0.057200 0.105100 0.076900 0.057300 0.178700 0.018600 0.047300 0.066300 0.000000 0.057200 0.104500 0.118200 0.077200 0.075400 0.086500 0.152400 0.075400 0.077200 0.074900 0.037700 0.096500 0.095800 0.107000 0.094900
BohorReedb 0.057200 0.284500 0.107200 0.209600 0.028100 0.076000 0.038000 0.057300 0.106500 0.077900 0.067300 0.088300 0.047600 0.038300 0.057700 0.057100 0.088100 0.076900 0.053300 0.096600 0.057300 0.066800 0.088400 0.120000 0.057100 0.067000 0.047600 0.114700 0.058000 0.106500 0.077900 0.038200 0.180900 0.038000 0.067700 0.056900 0.057200 0.000000 0.105700 0.119500 0.078200 0.076400 0.087600 0.154200 0.066100 0.057800 0.095700 0.038200 0.075000 0.097000 0.108500 0.096100
KirksDik 0.104600 0.346700 0.154900 0.249500 0.094700 0.123000 0.085300 0.065100 0.154200 0.126200 0.114600 0.127300 0.094800 0.085800 0.126000 0.065000 0.136500 0.124600 0.114700 0.144200 0.075100 0.113800 0.136900 0.147900 0.103200 0.074800 0.094800 0.165100 0.066000 0.154300 0.126200 0.085800 0.208400 0.085000 0.095500 0.114800 0.104500 0.105700 0.000000 0.147600 0.126400 0.083700 0.135900 0.159900 0.123800 0.095900 0.102900 0.085700 0.104800 0.114300 0.156900 0.143500
RoeDeer 0.118300 0.276300 0.148100 0.204800 0.107900 0.137100 0.097300 0.097500 0.147500 0.037800 0.129300 0.119800 0.108200 0.098000 0.139600 0.097100 0.087100 0.076000 0.128900 0.137200 0.118400 0.128300 0.047600 0.057400 0.117900 0.107600 0.108200 0.158500 0.098800 0.147500 0.037800 0.098000 0.179200 0.097900 0.130100 0.107100 0.118200 0.119500 0.147600 0.000000 0.057400 0.117200 0.047200 0.098500 0.116300 0.118800 0.136900 0.097900 0.160300 0.106800 0.150100 0.136600
WhiteLippe 0.077200 0.276400 0.106500 0.168400 0.067400 0.095900 0.077300 0.077300 0.105900 0.018700 0.087600 0.098700 0.067500 0.077800 0.077600 0.077000 0.067100 0.056500 0.087500 0.096100 0.097700 0.086900 0.009400 0.057600 0.077000 0.087100 0.067500 0.116500 0.078300 0.105900 0.018700 0.077800 0.157400 0.057600 0.088200 0.074900 0.077200 0.078200 0.126400 0.057400 0.000000 0.096600 0.028000 0.088700 0.084500 0.098200 0.116000 0.057600 0.117700 0.076500 0.107900 0.095600
ThomsonGaz 0.075500 0.309500 0.125100 0.239400 0.065800 0.093900 0.056500 0.036900 0.124500 0.096400 0.085400 0.097200 0.065900 0.056900 0.096300 0.036900 0.106500 0.095100 0.085500 0.114600 0.056200 0.084700 0.106900 0.138700 0.075000 0.009100 0.065900 0.135100 0.037500 0.124500 0.096400 0.056800 0.199200 0.056300 0.086100 0.085400 0.075400 0.076400 0.083700 0.117200 0.096600 0.000000 0.106000 0.173100 0.094500 0.076600 0.074200 0.056700 0.116000 0.105000 0.126700 0.114100
MuntiacusC 0.086600 0.274900 0.115700 0.178900 0.076700 0.105200 0.086600 0.086600 0.115100 0.009200 0.097000 0.108300 0.076800 0.087100 0.107100 0.086300 0.076400 0.065700 0.096800 0.105200 0.107100 0.096300 0.037600 0.047300 0.086300 0.096500 0.076800 0.125600 0.087700 0.115100 0.009200 0.087100 0.167000 0.067000 0.097600 0.076000 0.086500 0.087600 0.135900 0.047200 0.028000 0.106000 0.000000 0.077700 0.085200 0.107600 0.125400 0.066900 0.127100 0.085800 0.117200 0.104700
WhiteTaile 0.152400 0.320100 0.172100 0.218500 0.141800 0.171700 0.152400 0.152600 0.182600 0.068000 0.164200 0.177300 0.142000 0.153500 0.175000 0.151900 0.141400 0.128700 0.163700 0.172000 0.152900 0.162800 0.099100 0.077800 0.152000 0.163200 0.142000 0.194400 0.154500 0.160800 0.068000 0.153500 0.226500 0.131300 0.165200 0.140700 0.152400 0.154200 0.159900 0.098500 0.088700 0.173100 0.077700 0.000000 0.150000 0.175900 0.193800 0.131400 0.173500 0.151300 0.186100 0.181000
Cattle 0.075500 0.295800 0.084200 0.212200 0.055800 0.093900 0.065300 0.075500 0.083800 0.075700 0.085600 0.036600 0.065900 0.065700 0.085000 0.075300 0.085500 0.074700 0.075800 0.074300 0.095500 0.085000 0.085900 0.116700 0.075300 0.085200 0.065900 0.093800 0.076400 0.083800 0.075700 0.065700 0.176400 0.056200 0.086100 0.008800 0.075400 0.066100 0.123800 0.116300 0.084500 0.094500 0.085200 0.150000 0.000000 0.085300 0.093900 0.056200 0.104200 0.094300 0.085300 0.074000
RoyalAntel 0.077300 0.275800 0.106300 0.218900 0.047400 0.096100 0.037800 0.057400 0.105700 0.097800 0.067400 0.087400 0.067500 0.037900 0.057300 0.057200 0.108100 0.096500 0.077600 0.095900 0.056900 0.087000 0.108600 0.140800 0.077100 0.067100 0.067500 0.116200 0.058100 0.105700 0.097800 0.037900 0.168900 0.057700 0.067600 0.075900 0.077200 0.057800 0.095900 0.118800 0.098200 0.076600 0.107600 0.175900 0.085300 0.000000 0.095800 0.057600 0.076600 0.106500 0.107700 0.095400
Steenbok 0.074900 0.320900 0.124100 0.262200 0.084800 0.093200 0.075400 0.055600 0.123500 0.115800 0.085000 0.096400 0.084900 0.075900 0.115700 0.055400 0.126100 0.114400 0.084700 0.113700 0.075000 0.084300 0.126400 0.158800 0.074700 0.065100 0.084900 0.134000 0.056300 0.123500 0.115800 0.075900 0.219900 0.075100 0.105400 0.084800 0.074900 0.095700 0.102900 0.136900 0.116000 0.074200 0.125400 0.193800 0.093900 0.095800 0.000000 0.075700 0.135600 0.114100 0.125600 0.113100
Impala 0.037800 0.250400 0.086000 0.193900 0.028200 0.056400 0.037800 0.037800 0.085500 0.057400 0.047600 0.077700 0.028300 0.037900 0.057400 0.037700 0.073300 0.061800 0.047600 0.075800 0.057300 0.047200 0.067500 0.098200 0.037700 0.047300 0.028300 0.095700 0.038300 0.085500 0.057400 0.037900 0.164200 0.018800 0.047800 0.046900 0.037700 0.038200 0.085700 0.097900 0.057600 0.056700 0.066900 0.131400 0.056200 0.057600 0.075700 0.000000 0.076700 0.076200 0.087100 0.075500
Klipspring 0.096500 0.259500 0.125400 0.204400 0.064200 0.115300 0.076200 0.096600 0.124800 0.117300 0.086600 0.125600 0.086700 0.074900 0.076300 0.076300 0.135200 0.122600 0.076700 0.114900 0.117300 0.106300 0.128200 0.138900 0.096300 0.106500 0.086700 0.114700 0.097700 0.124800 0.117300 0.074500 0.183900 0.076800 0.084600 0.092500 0.096500 0.075000 0.104800 0.160300 0.117700 0.116000 0.127100 0.173500 0.104200 0.076600 0.135600 0.076700 0.000000 0.115800 0.106500 0.114400
ForestMusk 0.095900 0.271500 0.124900 0.177900 0.086000 0.114500 0.085700 0.085800 0.124300 0.076300 0.106400 0.107200 0.086100 0.086300 0.116600 0.085500 0.086200 0.075300 0.096100 0.114400 0.106100 0.105600 0.086600 0.117700 0.095600 0.095600 0.086100 0.134900 0.086900 0.124300 0.076300 0.086200 0.177600 0.076200 0.107000 0.085200 0.095800 0.097000 0.114300 0.106800 0.076500 0.105000 0.085800 0.151300 0.094300 0.106500 0.114100 0.076200 0.115800 0.000000 0.126600 0.113900
Bushbuck 0.107100 0.261300 0.018300 0.204000 0.097000 0.125800 0.107100 0.107100 0.018200 0.107500 0.097100 0.108500 0.097200 0.107800 0.086700 0.106700 0.117800 0.106000 0.117700 0.009100 0.128100 0.116900 0.118300 0.150700 0.106700 0.117200 0.097200 0.027500 0.108500 0.018200 0.107500 0.107800 0.178600 0.087100 0.097600 0.076100 0.107000 0.108500 0.156900 0.150100 0.107900 0.126700 0.117200 0.186100 0.085300 0.107700 0.125600 0.087100 0.106500 0.126600 0.000000 0.009000
GreaterKud 0.094900 0.241700 0.008900 0.184700 0.085200 0.113300 0.095000 0.095000 0.008900 0.095300 0.085200 0.096100 0.085300 0.095600 0.075200 0.094600 0.105300 0.094000 0.105200 0.000100 0.115300 0.104500 0.105700 0.146100 0.094600 0.104700 0.085300 0.017900 0.096200 0.008900 0.095300 0.095500 0.164500 0.075500 0.085600 0.065000 0.094900 0.096100 0.143500 0.136600 0.095600 0.114100 0.104700 0.181000 0.074000 0.095400 0.113100 0.075500 0.114400 0.113900 0.009000 0.000000
