1
52 1
Argali 0.000000 0.195800 0.186900 0.090200 0.194000 0.046500 0.099500 0.189600 0.188700 0.292900 0.046800 0.147200 0.158900 0.145100 0.186900 0.143600 0.237200 0.194000 0.215300 0.143600 0.091700 0.099200 0.436300 0.329300 0.046300 0.149500 0.145700 0.143600 0.099200 0.143600 0.338900 0.099200 0.179200 0.047100 0.146900 0.144900 0.092900 0.149500 0.200000 0.333600 0.436300 0.046300 0.228100 0.395400 0.144900 0.046300 0.099200 0.236000 0.145100 0.257100 0.143600 0.144300
LesserMous 0.195800 0.000000 0.188500 0.190100 0.092800 0.198300 0.099700 0.191300 0.190300 0.295700 0.146300 0.148500 0.160400 0.146300 0.188500 0.144800 0.136100 0.092800 0.217500 0.144800 0.193500 0.099500 0.440700 0.394600 0.146300 0.047900 0.147000 0.144800 0.100100 0.144800 0.342100 0.100100 0.179200 0.150600 0.148200 0.146100 0.093000 0.048000 0.148100 0.336700 0.440700 0.146300 0.337400 0.398800 0.146100 0.146300 0.100100 0.238000 0.146300 0.146900 0.144800 0.144800
LesserKudu 0.186900 0.188500 0.000000 0.182300 0.089500 0.241200 0.095500 0.087900 0.087400 0.280700 0.140000 0.141900 0.152300 0.140000 0.086900 0.138700 0.131700 0.089500 0.205600 0.045800 0.185400 0.095500 0.417800 0.320300 0.141300 0.143600 0.140600 0.044400 0.095500 0.044400 0.325200 0.095500 0.173100 0.143400 0.141700 0.139800 0.187200 0.143600 0.192400 0.219400 0.417800 0.140000 0.321000 0.323500 0.139800 0.140000 0.095500 0.131100 0.044800 0.246100 0.044400 0.045700
KillerWhal 0.090200 0.190100 0.182300 0.000000 0.188500 0.139600 0.096300 0.184900 0.183300 0.283400 0.045100 0.143100 0.153700 0.141200 0.182300 0.139800 0.230900 0.188500 0.207700 0.139800 0.089400 0.096300 0.422000 0.435400 0.045100 0.145800 0.141800 0.139800 0.096300 0.139800 0.328300 0.097100 0.174400 0.144600 0.143300 0.140900 0.090400 0.144900 0.194100 0.323500 0.422000 0.045100 0.221500 0.440500 0.140900 0.045100 0.096300 0.229700 0.141100 0.248500 0.139800 0.139800
DefassaWat 0.194000 0.092800 0.089500 0.188500 0.000000 0.196500 0.099200 0.091000 0.188700 0.292800 0.144900 0.147200 0.158900 0.145100 0.089500 0.143600 0.043200 0.000000 0.215300 0.143600 0.191900 0.099200 0.436100 0.279500 0.145100 0.047300 0.145700 0.143600 0.099200 0.143600 0.338800 0.099200 0.085400 0.149200 0.146900 0.144900 0.092300 0.047300 0.146800 0.227700 0.436100 0.145100 0.334100 0.281900 0.144900 0.145100 0.099200 0.135500 0.046300 0.145600 0.143600 0.143600
Sheep 0.046500 0.198300 0.241200 0.139600 0.196500 0.000000 0.153900 0.245100 0.243900 0.355300 0.095500 0.203200 0.219400 0.200000 0.241200 0.197800 0.240000 0.196500 0.279500 0.197800 0.142000 0.153900 0.506700 0.277400 0.096000 0.151400 0.201000 0.197800 0.153900 0.197800 0.403100 0.154300 0.181500 0.097300 0.202700 0.199600 0.094000 0.151400 0.147000 0.396300 0.506700 0.095600 0.283900 0.394800 0.199600 0.095500 0.153900 0.293100 0.199900 0.260900 0.197800 0.197800
MaxwellsDu 0.099500 0.099700 0.095500 0.096300 0.099200 0.153900 0.000000 0.096900 0.098900 0.198900 0.050500 0.050400 0.054600 0.049600 0.095500 0.049100 0.145100 0.099200 0.110800 0.050200 0.098400 0.000000 0.342200 0.354600 0.049600 0.051100 0.050500 0.050300 0.000000 0.050300 0.245600 0.000000 0.190600 0.051000 0.050200 0.049500 0.099400 0.051600 0.102300 0.241900 0.342200 0.049600 0.242400 0.357900 0.049500 0.049600 0.000000 0.144400 0.049500 0.157300 0.049100 0.050300
GazellaPrz 0.189600 0.191300 0.087900 0.184900 0.091000 0.245100 0.096900 0.000000 0.184400 0.285200 0.142000 0.144000 0.154700 0.142000 0.087900 0.140600 0.133400 0.090700 0.209100 0.140600 0.188000 0.096900 0.425000 0.325500 0.142000 0.145700 0.142600 0.140600 0.096900 0.140600 0.330500 0.096900 0.175400 0.145500 0.143700 0.141700 0.190000 0.145700 0.195400 0.222500 0.425000 0.142000 0.326100 0.328800 0.141700 0.142000 0.096900 0.132700 0.045300 0.250200 0.140600 0.140600
MountainNy 0.188700 0.190300 0.087400 0.183300 0.188700 0.243900 0.098900 0.184400 0.000000 0.284600 0.141100 0.143100 0.154100 0.141100 0.181800 0.139700 0.230600 0.188700 0.208700 0.044700 0.186500 0.096500 0.422900 0.437200 0.141100 0.145300 0.141700 0.044700 0.096500 0.044700 0.329000 0.096500 0.273300 0.145100 0.142800 0.140900 0.189000 0.145300 0.194200 0.324100 0.422900 0.141100 0.324700 0.441900 0.140900 0.141100 0.096500 0.229400 0.142200 0.249500 0.044700 0.044900
MuntiacusM 0.292900 0.295700 0.280700 0.283400 0.292800 0.355300 0.198900 0.285200 0.284600 0.000000 0.242400 0.246200 0.265400 0.138000 0.280700 0.239700 0.228000 0.292800 0.203500 0.239700 0.288800 0.198900 0.118500 0.122800 0.242400 0.250600 0.243600 0.239700 0.198900 0.239700 0.040400 0.198900 0.378600 0.250300 0.245600 0.241900 0.293400 0.250600 0.192000 0.039300 0.118500 0.242400 0.039400 0.123200 0.241900 0.242400 0.198900 0.223700 0.242300 0.305900 0.239700 0.239700
goat 0.046800 0.146300 0.140000 0.045100 0.144900 0.095500 0.050500 0.142000 0.141100 0.242400 0.000000 0.098000 0.105800 0.097300 0.140000 0.095700 0.189100 0.145100 0.160900 0.095700 0.045800 0.050300 0.383300 0.396300 0.000000 0.099400 0.097000 0.095700 0.049600 0.095700 0.288200 0.049600 0.133800 0.099200 0.097800 0.096400 0.046300 0.099400 0.149500 0.283900 0.383300 0.000000 0.181300 0.400600 0.096400 0.000000 0.049500 0.188100 0.096600 0.204300 0.095700 0.095700
AfricanBuf 0.147200 0.148500 0.141900 0.143100 0.147200 0.203200 0.050400 0.144000 0.143100 0.246200 0.098000 0.000000 0.107500 0.098000 0.142500 0.097000 0.191900 0.147200 0.163600 0.097500 0.046100 0.050300 0.275900 0.403400 0.098000 0.099900 0.098400 0.097000 0.050300 0.097000 0.292800 0.050300 0.236500 0.100700 0.099200 0.097800 0.147500 0.100900 0.151800 0.288300 0.275900 0.098000 0.288800 0.407800 0.097800 0.098000 0.050400 0.190900 0.097900 0.207600 0.097000 0.097000
Topi 0.158900 0.160400 0.152300 0.153700 0.158900 0.219400 0.054600 0.154700 0.154100 0.265400 0.105800 0.107500 0.000000 0.105800 0.152300 0.104600 0.206000 0.158900 0.178800 0.106900 0.156700 0.054600 0.417400 0.432800 0.105800 0.109400 0.106300 0.104600 0.054600 0.106800 0.314400 0.055900 0.253600 0.109200 0.107200 0.105600 0.159200 0.109400 0.164100 0.309200 0.417400 0.105800 0.309800 0.437400 0.105600 0.105800 0.054600 0.204900 0.105800 0.225100 0.104600 0.104600
CommonDuik 0.145100 0.146300 0.140000 0.141200 0.145100 0.200000 0.049600 0.142000 0.141100 0.138000 0.097300 0.098000 0.105800 0.000000 0.140000 0.095700 0.090500 0.145100 0.160900 0.095700 0.143600 0.049600 0.274000 0.283400 0.096600 0.099400 0.097000 0.095700 0.049600 0.095700 0.183500 0.049600 0.233000 0.099200 0.097800 0.096400 0.145300 0.099400 0.047600 0.181000 0.274000 0.096600 0.181300 0.285900 0.096400 0.096600 0.050400 0.188100 0.096600 0.204300 0.095700 0.095700
Suni 0.186900 0.188500 0.086900 0.182300 0.089500 0.241200 0.095500 0.087900 0.181800 0.280700 0.140000 0.142500 0.152300 0.140000 0.000000 0.044400 0.131700 0.089500 0.205600 0.138700 0.185400 0.095500 0.417800 0.320300 0.140000 0.143600 0.140600 0.138700 0.095500 0.138700 0.325200 0.097000 0.173100 0.143400 0.141700 0.139800 0.187200 0.143600 0.192400 0.219400 0.417800 0.140000 0.321000 0.323500 0.139800 0.140000 0.095500 0.131100 0.044800 0.246100 0.138700 0.138700
Springbuck 0.143600 0.144800 0.138700 0.139800 0.143600 0.197800 0.049100 0.140600 0.139700 0.239700 0.095700 0.097000 0.104600 0.095700 0.044400 0.000000 0.187200 0.143600 0.159000 0.094700 0.142200 0.049500 0.378700 0.391400 0.095700 0.098400 0.096100 0.094700 0.050300 0.094700 0.284900 0.050300 0.230600 0.098200 0.096800 0.095500 0.143900 0.098400 0.147900 0.280700 0.378700 0.095700 0.281300 0.395500 0.095500 0.095700 0.049700 0.186200 0.095700 0.202000 0.094700 0.094700
Okapi 0.237200 0.136100 0.131700 0.230900 0.043200 0.240000 0.145100 0.133400 0.230600 0.228000 0.189100 0.191900 0.206000 0.090500 0.131700 0.187200 0.000000 0.043200 0.261500 0.187200 0.235000 0.145100 0.362700 0.218300 0.189100 0.093000 0.189900 0.187200 0.145100 0.187200 0.271700 0.145100 0.125500 0.194000 0.191500 0.188800 0.135600 0.092300 0.091400 0.171100 0.362700 0.189100 0.268300 0.220100 0.188800 0.189100 0.145100 0.177100 0.090600 0.189500 0.187200 0.187200
Giraffe 0.194000 0.092800 0.089500 0.188500 0.000000 0.196500 0.099200 0.090700 0.188700 0.292800 0.145100 0.147200 0.158900 0.145100 0.089500 0.143600 0.043200 0.000000 0.215300 0.143600 0.191900 0.099200 0.436100 0.279500 0.145100 0.048000 0.145700 0.143600 0.099200 0.143600 0.338800 0.099200 0.085400 0.149200 0.146900 0.144900 0.092300 0.047300 0.146800 0.227700 0.436100 0.145100 0.334100 0.281900 0.144900 0.145100 0.099200 0.135500 0.046300 0.145600 0.143600 0.143600
TibetanAnt 0.215300 0.217500 0.205600 0.207700 0.215300 0.279500 0.110800 0.209100 0.208700 0.203500 0.160900 0.163600 0.178800 0.160900 0.205600 0.159000 0.261500 0.215300 0.000000 0.159000 0.209900 0.110800 0.348500 0.362200 0.160900 0.167000 0.161700 0.159000 0.110800 0.159000 0.250600 0.110800 0.309600 0.166700 0.163200 0.160600 0.215700 0.167000 0.222400 0.246700 0.348500 0.160900 0.247200 0.364700 0.160600 0.160900 0.110800 0.146800 0.160800 0.287500 0.159000 0.159000
Sitatunga 0.143600 0.144800 0.045800 0.139800 0.143600 0.197800 0.050200 0.140600 0.044700 0.239700 0.095700 0.097500 0.106900 0.095700 0.138700 0.094700 0.187200 0.143600 0.159000 0.000000 0.142200 0.049100 0.378700 0.391400 0.097100 0.098400 0.096100 0.000000 0.050300 0.000000 0.284900 0.050300 0.230600 0.098200 0.096800 0.095500 0.143900 0.098400 0.147900 0.280700 0.378700 0.095700 0.281300 0.395500 0.095500 0.095700 0.049100 0.186200 0.095700 0.202000 0.000000 0.000000
Oribi 0.091700 0.193500 0.185400 0.089400 0.191900 0.142000 0.098400 0.188000 0.186500 0.288800 0.045800 0.046100 0.156700 0.143600 0.185400 0.142200 0.235000 0.191900 0.209900 0.142200 0.000000 0.097900 0.316000 0.444900 0.045800 0.147500 0.144200 0.142200 0.098000 0.142200 0.334700 0.098000 0.177200 0.147200 0.145300 0.143300 0.091800 0.147500 0.197700 0.329600 0.316000 0.045800 0.225300 0.450300 0.143300 0.046000 0.098000 0.233700 0.143500 0.253400 0.142200 0.142200
BarbaryShe 0.099200 0.099500 0.095500 0.096300 0.099200 0.153900 0.000000 0.096900 0.096500 0.198900 0.050300 0.050300 0.054600 0.049600 0.095500 0.049500 0.145100 0.099200 0.110800 0.049100 0.097900 0.000000 0.342200 0.354600 0.049300 0.051700 0.050500 0.049100 0.000000 0.049100 0.245600 0.000000 0.190600 0.051700 0.050400 0.049500 0.099400 0.051100 0.102300 0.241900 0.342200 0.049600 0.242400 0.357900 0.049500 0.050400 0.000000 0.144400 0.049500 0.157300 0.049100 0.049200
Daviddeer 0.436300 0.440700 0.417800 0.422000 0.436100 0.506700 0.342200 0.425000 0.422900 0.118500 0.383300 0.275900 0.417400 0.274000 0.417800 0.378700 0.362700 0.436100 0.348500 0.378700 0.316000 0.342200 0.000000 0.243400 0.383300 0.396100 0.385300 0.378700 0.342200 0.378700 0.156500 0.342200 0.521000 0.395500 0.388800 0.382500 0.437000 0.396100 0.332300 0.154800 0.000000 0.383300 0.155000 0.244700 0.382500 0.383300 0.342200 0.354200 0.382400 0.457500 0.378700 0.378700
Reindeer 0.329300 0.394600 0.320300 0.435400 0.279500 0.277400 0.354600 0.325500 0.437200 0.122800 0.396300 0.403400 0.432800 0.283400 0.320300 0.391400 0.218300 0.279500 0.362200 0.391400 0.444900 0.354600 0.243400 0.000000 0.396300 0.350000 0.398500 0.391400 0.354600 0.391400 0.162000 0.354600 0.363900 0.288800 0.402200 0.395500 0.391300 0.350000 0.231900 0.077100 0.243400 0.396300 0.160300 0.076900 0.395500 0.396300 0.354600 0.262800 0.283500 0.409500 0.391400 0.391400
Ibex 0.046300 0.146300 0.141300 0.045100 0.145100 0.096000 0.049600 0.142000 0.141100 0.242400 0.000000 0.098000 0.105800 0.096600 0.140000 0.095700 0.189100 0.145100 0.160900 0.097100 0.045800 0.049300 0.383300 0.396300 0.000000 0.099500 0.097400 0.095700 0.050300 0.095700 0.288200 0.049600 0.133800 0.100000 0.097800 0.096400 0.046900 0.099400 0.149500 0.283900 0.383300 0.000000 0.181300 0.400600 0.096400 0.000000 0.049600 0.188100 0.096600 0.204300 0.095700 0.095700
GyrantGaze 0.149500 0.047900 0.143600 0.145800 0.047300 0.151400 0.051100 0.145700 0.145300 0.250600 0.099400 0.099900 0.109400 0.099400 0.143600 0.098400 0.093000 0.048000 0.167000 0.098400 0.147500 0.051700 0.396100 0.350000 0.099500 0.000000 0.099800 0.098400 0.051600 0.098400 0.297500 0.051100 0.136600 0.102500 0.100700 0.099200 0.047400 0.000000 0.100600 0.292800 0.396100 0.099400 0.293400 0.353200 0.099200 0.099400 0.051100 0.193400 0.099400 0.099900 0.098400 0.098400
Hartebeest 0.145700 0.147000 0.140600 0.141800 0.145700 0.201000 0.050500 0.142600 0.141700 0.243600 0.097000 0.098400 0.106300 0.097000 0.140600 0.096100 0.189900 0.145700 0.161700 0.096100 0.144200 0.050500 0.385300 0.398500 0.097400 0.099800 0.000000 0.096100 0.049800 0.096100 0.289600 0.050600 0.234000 0.099700 0.098200 0.096900 0.146000 0.099800 0.150200 0.285200 0.385300 0.097000 0.285700 0.402800 0.096900 0.097000 0.049800 0.189000 0.097000 0.205300 0.096100 0.097200
Bongo 0.143600 0.144800 0.044400 0.139800 0.143600 0.197800 0.050300 0.140600 0.044700 0.239700 0.095700 0.097000 0.104600 0.095700 0.138700 0.094700 0.187200 0.143600 0.159000 0.000000 0.142200 0.049100 0.378700 0.391400 0.095700 0.098400 0.096100 0.000000 0.049100 0.000000 0.284900 0.050300 0.230600 0.099200 0.096800 0.095500 0.143900 0.098400 0.147900 0.280700 0.378700 0.095700 0.281300 0.395500 0.095500 0.095700 0.049100 0.186200 0.095700 0.201300 0.000000 0.000000
Gerenuk 0.099200 0.100100 0.095500 0.096300 0.099200 0.153900 0.000000 0.096900 0.096500 0.198900 0.049600 0.050300 0.054600 0.049600 0.095500 0.050300 0.145100 0.099200 0.110800 0.050300 0.098000 0.000000 0.342200 0.354600 0.050300 0.051600 0.049800 0.049100 0.000000 0.049100 0.245600 0.000000 0.190600 0.051000 0.050200 0.050700 0.099400 0.051700 0.103100 0.241900 0.342200 0.049600 0.242400 0.357900 0.049500 0.050300 0.000000 0.144400 0.049500 0.157300 0.049100 0.050200
CommonElan 0.143600 0.144800 0.044400 0.139800 0.143600 0.197800 0.050300 0.140600 0.044700 0.239700 0.095700 0.097000 0.106800 0.095700 0.138700 0.094700 0.187200 0.143600 0.159000 0.000000 0.142200 0.049100 0.378700 0.391400 0.095700 0.098400 0.096100 0.000000 0.049100 0.000000 0.284900 0.050200 0.230600 0.098200 0.096800 0.096900 0.143900 0.098400 0.147900 0.280700 0.378700 0.095700 0.281300 0.395500 0.095500 0.095700 0.050200 0.186200 0.095700 0.202000 0.000000 0.000000
MuntiacusR 0.338900 0.342100 0.325200 0.328300 0.338800 0.403100 0.245600 0.330500 0.329000 0.040400 0.288200 0.292800 0.314400 0.183500 0.325200 0.284900 0.271700 0.338800 0.250600 0.284900 0.334700 0.245600 0.156500 0.162000 0.288200 0.297500 0.289600 0.284900 0.245600 0.284900 0.000000 0.245600 0.423500 0.297000 0.184800 0.287600 0.339400 0.297500 0.237600 0.077700 0.156500 0.288200 0.077800 0.162700 0.287600 0.288200 0.245600 0.266100 0.287900 0.353900 0.284900 0.284900
HarveysDui 0.099200 0.100100 0.095500 0.097100 0.099200 0.154300 0.000000 0.096900 0.096500 0.198900 0.049600 0.050300 0.055900 0.049600 0.097000 0.050300 0.145100 0.099200 0.110800 0.050300 0.098000 0.000000 0.342200 0.354600 0.049600 0.051100 0.050600 0.050300 0.000000 0.050200 0.245600 0.000000 0.190600 0.051600 0.050200 0.049600 0.099400 0.051100 0.102300 0.241900 0.342200 0.049300 0.242400 0.357900 0.049500 0.049600 0.000000 0.144400 0.049500 0.157300 0.049300 0.050400
Pronghorn 0.179200 0.179200 0.173100 0.174400 0.085400 0.181500 0.190600 0.175400 0.273300 0.378600 0.133800 0.236500 0.253600 0.233000 0.173100 0.230600 0.125500 0.085400 0.309600 0.230600 0.177200 0.190600 0.521000 0.363900 0.133800 0.136600 0.234000 0.230600 0.190600 0.230600 0.423500 0.190600 0.000000 0.239500 0.235900 0.232600 0.085500 0.138500 0.235800 0.310300 0.521000 0.133800 0.310600 0.367600 0.232600 0.133800 0.190600 0.218800 0.134000 0.234700 0.230600 0.230600
BlueWildeb 0.047100 0.150600 0.143400 0.144600 0.149200 0.097300 0.051000 0.145500 0.145100 0.250300 0.099200 0.100700 0.109200 0.099200 0.143400 0.098200 0.194000 0.149200 0.166700 0.098200 0.147200 0.051700 0.395500 0.288800 0.100000 0.102500 0.099700 0.099200 0.051000 0.098200 0.297000 0.051600 0.239500 0.000000 0.100500 0.099100 0.149500 0.102500 0.153900 0.292400 0.395500 0.099200 0.292900 0.353200 0.099100 0.099200 0.051900 0.193100 0.099200 0.211100 0.098200 0.098200
Gemsbok 0.146900 0.148200 0.141700 0.143300 0.146900 0.202700 0.050200 0.143700 0.142800 0.245600 0.097800 0.099200 0.107200 0.097800 0.141700 0.096800 0.191500 0.146900 0.163200 0.096800 0.145300 0.050400 0.388800 0.402200 0.097800 0.100700 0.098200 0.096800 0.050200 0.096800 0.184800 0.050200 0.235900 0.100500 0.000000 0.097600 0.147200 0.100700 0.151500 0.287600 0.388800 0.097800 0.288200 0.406600 0.098200 0.097800 0.050200 0.190500 0.097700 0.207100 0.097300 0.097400
Yak 0.144900 0.146100 0.139800 0.140900 0.144900 0.199600 0.049500 0.141700 0.140900 0.241900 0.096400 0.097800 0.105600 0.096400 0.139800 0.095500 0.188800 0.144900 0.160600 0.095500 0.143300 0.049500 0.382500 0.395500 0.096400 0.099200 0.096900 0.095500 0.050700 0.096900 0.287600 0.049600 0.232600 0.099100 0.097600 0.000000 0.145100 0.099200 0.149300 0.283300 0.382500 0.096400 0.283900 0.399700 0.000000 0.096400 0.049500 0.089900 0.096400 0.203900 0.095500 0.095500
BlueSheep 0.092900 0.093000 0.187200 0.090400 0.092300 0.094000 0.099400 0.190000 0.189000 0.293400 0.046300 0.147500 0.159200 0.145300 0.187200 0.143900 0.135600 0.092300 0.215700 0.143900 0.091800 0.099400 0.437000 0.391300 0.046900 0.047400 0.146000 0.143900 0.099400 0.143900 0.339400 0.099400 0.085500 0.149500 0.147200 0.145100 0.000000 0.048000 0.147000 0.334100 0.437000 0.046900 0.228400 0.395400 0.145100 0.046300 0.099800 0.236300 0.145300 0.145100 0.143900 0.143900
BohorReedb 0.149500 0.048000 0.143600 0.144900 0.047300 0.151400 0.051600 0.145700 0.145300 0.250600 0.099400 0.100900 0.109400 0.099400 0.143600 0.098400 0.092300 0.047300 0.167000 0.098400 0.147500 0.051100 0.396100 0.350000 0.099400 0.000000 0.099800 0.098400 0.051700 0.098400 0.297500 0.051100 0.138500 0.102500 0.100700 0.099200 0.048000 0.000000 0.100600 0.292800 0.396100 0.099400 0.293400 0.353200 0.099200 0.099400 0.051100 0.193400 0.099400 0.100100 0.098400 0.098400
KirksDik 0.200000 0.148100 0.192400 0.194100 0.146800 0.147000 0.102300 0.195400 0.194200 0.192000 0.149500 0.151800 0.164100 0.047600 0.192400 0.147900 0.091400 0.146800 0.222400 0.147900 0.197700 0.102300 0.332300 0.231900 0.149500 0.100600 0.150200 0.147900 0.103100 0.147900 0.237600 0.102300 0.235800 0.153900 0.151500 0.149300 0.147000 0.100600 0.000000 0.234200 0.332300 0.149500 0.234600 0.285600 0.149300 0.149500 0.102300 0.243000 0.149500 0.207100 0.147900 0.147900
RoeDeer 0.333600 0.336700 0.219400 0.323500 0.227700 0.396300 0.241900 0.222500 0.324100 0.039300 0.283900 0.288300 0.309200 0.181000 0.219400 0.280700 0.171100 0.227700 0.246700 0.280700 0.329600 0.241900 0.154800 0.077100 0.283900 0.292800 0.285200 0.280700 0.241900 0.280700 0.077700 0.241900 0.310300 0.292400 0.287600 0.283300 0.334100 0.292800 0.234200 0.000000 0.154800 0.283900 0.077000 0.077400 0.283300 0.283900 0.241900 0.168100 0.181100 0.348100 0.280700 0.280700
WhiteLippe 0.436300 0.440700 0.417800 0.422000 0.436100 0.506700 0.342200 0.425000 0.422900 0.118500 0.383300 0.275900 0.417400 0.274000 0.417800 0.378700 0.362700 0.436100 0.348500 0.378700 0.316000 0.342200 0.000000 0.243400 0.383300 0.396100 0.385300 0.378700 0.342200 0.378700 0.156500 0.342200 0.521000 0.395500 0.388800 0.382500 0.437000 0.396100 0.332300 0.154800 0.000000 0.383300 0.155000 0.244700 0.382500 0.383300 0.342200 0.354200 0.382400 0.457500 0.378700 0.378700
ThomsonGaz 0.046300 0.146300 0.140000 0.045100 0.145100 0.095600 0.049600 0.142000 0.141100 0.242400 0.000000 0.098000 0.105800 0.096600 0.140000 0.095700 0.189100 0.145100 0.160900 0.095700 0.045800 0.049600 0.383300 0.396300 0.000000 0.099400 0.097000 0.095700 0.049600 0.095700 0.288200 0.049300 0.133800 0.099200 0.097800 0.096400 0.046900 0.099400 0.149500 0.283900 0.383300 0.000000 0.181300 0.400600 0.096400 0.000000 0.050400 0.188100 0.096600 0.204000 0.095700 0.095700
MuntiacusC 0.228100 0.337400 0.321000 0.221500 0.334100 0.283900 0.242400 0.326100 0.324700 0.039400 0.181300 0.288800 0.309800 0.181300 0.321000 0.281300 0.268300 0.334100 0.247200 0.281300 0.225300 0.242400 0.155000 0.160300 0.181300 0.293400 0.285700 0.281300 0.242400 0.281300 0.077800 0.242400 0.310600 0.292900 0.288200 0.283900 0.228400 0.293400 0.234600 0.077000 0.155000 0.181300 0.000000 0.161000 0.283900 0.181300 0.242400 0.262900 0.284200 0.348800 0.281300 0.281300
WhiteTaile 0.395400 0.398800 0.323500 0.440500 0.281900 0.394800 0.357900 0.328800 0.441900 0.123200 0.400600 0.407800 0.437400 0.285900 0.323500 0.395500 0.220100 0.281900 0.364700 0.395500 0.450300 0.357900 0.244700 0.076900 0.400600 0.353200 0.402800 0.395500 0.357900 0.395500 0.162700 0.357900 0.367600 0.353200 0.406600 0.399700 0.395400 0.353200 0.285600 0.077400 0.244700 0.400600 0.161000 0.000000 0.399700 0.400600 0.357900 0.264900 0.286000 0.414000 0.395500 0.395500
Cattle 0.144900 0.146100 0.139800 0.140900 0.144900 0.199600 0.049500 0.141700 0.140900 0.241900 0.096400 0.097800 0.105600 0.096400 0.139800 0.095500 0.188800 0.144900 0.160600 0.095500 0.143300 0.049500 0.382500 0.395500 0.096400 0.099200 0.096900 0.095500 0.049500 0.095500 0.287600 0.049500 0.232600 0.099100 0.098200 0.000000 0.145100 0.099200 0.149300 0.283300 0.382500 0.096400 0.283900 0.399700 0.000000 0.096400 0.049500 0.089900 0.096400 0.203900 0.095500 0.095500
RoyalAntel 0.046300 0.146300 0.140000 0.045100 0.145100 0.095500 0.049600 0.142000 0.141100 0.242400 0.000000 0.098000 0.105800 0.096600 0.140000 0.095700 0.189100 0.145100 0.160900 0.095700 0.046000 0.050400 0.383300 0.396300 0.000000 0.099400 0.097000 0.095700 0.050300 0.095700 0.288200 0.049600 0.133800 0.099200 0.097800 0.096400 0.046300 0.099400 0.149500 0.283900 0.383300 0.000000 0.181300 0.400600 0.096400 0.000000 0.050300 0.188100 0.096600 0.204300 0.095700 0.095700
Steenbok 0.099200 0.100100 0.095500 0.096300 0.099200 0.153900 0.000000 0.096900 0.096500 0.198900 0.049500 0.050400 0.054600 0.050400 0.095500 0.049700 0.145100 0.099200 0.110800 0.049100 0.098000 0.000000 0.342200 0.354600 0.049600 0.051100 0.049800 0.049100 0.000000 0.050200 0.245600 0.000000 0.190600 0.051900 0.050200 0.049500 0.099800 0.051100 0.102300 0.241900 0.342200 0.050400 0.242400 0.357900 0.049500 0.050300 0.000000 0.144400 0.049500 0.157300 0.050700 0.049100
Impala 0.236000 0.238000 0.131100 0.229700 0.135500 0.293100 0.144400 0.132700 0.229400 0.223700 0.188100 0.190900 0.204900 0.188100 0.131100 0.186200 0.177100 0.135500 0.146800 0.186200 0.233700 0.144400 0.354200 0.262800 0.188100 0.193400 0.189000 0.186200 0.144400 0.186200 0.266100 0.144400 0.218800 0.193100 0.190500 0.089900 0.236300 0.193400 0.243000 0.168100 0.354200 0.188100 0.262900 0.264900 0.089900 0.188100 0.144400 0.000000 0.090100 0.299700 0.186200 0.186200
Klipspring 0.145100 0.146300 0.044800 0.141100 0.046300 0.199900 0.049500 0.045300 0.142200 0.242300 0.096600 0.097900 0.105800 0.096600 0.044800 0.095700 0.090600 0.046300 0.160800 0.095700 0.143500 0.049500 0.382400 0.283500 0.096600 0.099400 0.097000 0.095700 0.049500 0.095700 0.287900 0.049500 0.134000 0.099200 0.097700 0.096400 0.145300 0.099400 0.149500 0.181100 0.382400 0.096600 0.284200 0.286000 0.096400 0.096600 0.049500 0.090100 0.000000 0.204200 0.095700 0.095700
ForestMusk 0.257100 0.146900 0.246100 0.248500 0.145600 0.260900 0.157300 0.250200 0.249500 0.305900 0.204300 0.207600 0.225100 0.204300 0.246100 0.202000 0.189500 0.145600 0.287500 0.202000 0.253400 0.157300 0.457500 0.409500 0.204300 0.099900 0.205300 0.201300 0.157300 0.202000 0.353900 0.157300 0.234700 0.211100 0.207100 0.203900 0.145100 0.100100 0.207100 0.348100 0.457500 0.204000 0.348800 0.414000 0.203900 0.204300 0.157300 0.299700 0.204200 0.000000 0.202000 0.202000
Bushbuck 0.143600 0.144800 0.044400 0.139800 0.143600 0.197800 0.049100 0.140600 0.044700 0.239700 0.095700 0.097000 0.104600 0.095700 0.138700 0.094700 0.187200 0.143600 0.159000 0.000000 0.142200 0.049100 0.378700 0.391400 0.095700 0.098400 0.096100 0.000000 0.049100 0.000000 0.284900 0.049300 0.230600 0.098200 0.097300 0.095500 0.143900 0.098400 0.147900 0.280700 0.378700 0.095700 0.281300 0.395500 0.095500 0.095700 0.050700 0.186200 0.095700 0.202000 0.000000 0.000000
GreaterKud 0.144300 0.144800 0.045700 0.139800 0.143600 0.197800 0.050300 0.140600 0.044900 0.239700 0.095700 0.097000 0.104600 0.095700 0.138700 0.094700 0.187200 0.143600 0.159000 0.000000 0.142200 0.049200 0.378700 0.391400 0.095700 0.098400 0.097200 0.000000 0.050200 0.000000 0.284900 0.050400 0.230600 0.098200 0.097400 0.095500 0.143900 0.098400 0.147900 0.280700 0.378700 0.095700 0.281300 0.395500 0.095500 0.095700 0.049100 0.186200 0.095700 0.202000 0.000000 0.000000
