1
52 1
Argali 0.000000 0.698000 0.188300 0.613300 0.055700 0.000000 0.114700 0.106500 0.187000 0.158200 0.040900 0.085900 0.055000 0.124100 0.180400 0.142300 0.190000 0.206200 0.054500 0.168300 0.156800 0.055400 0.123400 0.230100 0.040900 0.135500 0.067600 0.158200 0.095000 0.200200 0.212400 0.097600 0.175000 0.067500 0.111000 0.139700 0.040900 0.055700 0.188400 0.139900 0.122900 0.134400 0.158200 0.165700 0.140400 0.100000 0.124300 0.069000 0.111900 0.143000 0.172100 0.165500
LesserMous 0.698000 0.000000 0.862900 0.928400 0.645800 0.698000 0.609700 0.727300 0.775100 0.878900 0.705700 0.655900 0.664800 0.807600 0.812900 0.796000 0.728400 0.946800 0.725600 0.783900 0.747500 0.707300 0.813100 0.697900 0.705700 0.879200 0.749700 0.756800 0.793300 0.793800 0.922400 0.763600 0.876600 0.748200 0.787800 0.817400 0.705700 0.645800 0.784400 0.746900 0.808800 0.875100 0.878900 0.810800 0.817000 0.716900 0.731000 0.736200 0.835700 0.714200 0.781500 0.850900
LesserKudu 0.188300 0.862900 0.000000 0.655100 0.192600 0.188300 0.260500 0.208000 0.107300 0.235700 0.141700 0.228600 0.157000 0.229600 0.283100 0.251800 0.270000 0.288500 0.187000 0.119600 0.233600 0.174400 0.196100 0.276400 0.141700 0.240500 0.201200 0.080500 0.165500 0.091700 0.290500 0.236600 0.238600 0.200700 0.235000 0.247900 0.141700 0.192600 0.267200 0.214500 0.195200 0.238600 0.235700 0.263900 0.249100 0.208900 0.198200 0.188600 0.218700 0.254500 0.080400 0.055200
KillerWhal 0.613300 0.928400 0.655100 0.000000 0.572100 0.613300 0.770600 0.620600 0.655400 0.682400 0.562200 0.698700 0.648100 0.753900 0.758200 0.655400 0.698700 0.702600 0.609300 0.694600 0.633100 0.594700 0.579700 0.705600 0.562200 0.620600 0.603600 0.639500 0.614100 0.676600 0.724300 0.721200 0.721500 0.632100 0.634400 0.701100 0.562200 0.572100 0.603900 0.607800 0.599900 0.614100 0.682400 0.611300 0.701700 0.518300 0.598200 0.641000 0.653600 0.654000 0.658500 0.639700
DefassaWat 0.055700 0.645800 0.192600 0.572100 0.000000 0.048400 0.117300 0.108700 0.191200 0.161800 0.041800 0.119300 0.056200 0.126800 0.184600 0.145500 0.194300 0.245900 0.055700 0.171900 0.128000 0.042200 0.126000 0.235500 0.041800 0.138400 0.069100 0.161800 0.097000 0.204700 0.200900 0.099800 0.179000 0.068900 0.113400 0.174400 0.041800 0.000000 0.144600 0.143000 0.125500 0.137200 0.161800 0.169700 0.175300 0.086600 0.097200 0.056000 0.099300 0.146300 0.175900 0.169500
Sheep 0.000000 0.698000 0.188300 0.613300 0.048400 0.000000 0.114700 0.106500 0.187000 0.158200 0.040900 0.085900 0.055000 0.124100 0.180400 0.142300 0.190000 0.206200 0.054500 0.168300 0.156800 0.055400 0.123400 0.230100 0.040900 0.135500 0.067600 0.158200 0.095000 0.200200 0.212400 0.097600 0.175000 0.067500 0.111000 0.139700 0.040900 0.055700 0.188400 0.139900 0.122900 0.134400 0.158200 0.165700 0.140400 0.100000 0.124300 0.069000 0.111900 0.143000 0.172100 0.165500
MaxwellsDu 0.114700 0.609700 0.260500 0.770600 0.117300 0.114700 0.000000 0.167700 0.258500 0.193400 0.100300 0.150900 0.115800 0.126000 0.218400 0.177100 0.262600 0.318300 0.084400 0.236700 0.192100 0.116600 0.187500 0.308500 0.100300 0.199400 0.085000 0.227900 0.156900 0.272100 0.248700 0.099200 0.246500 0.097500 0.143100 0.205800 0.100300 0.117300 0.260400 0.206300 0.186600 0.197800 0.193400 0.239200 0.206900 0.165700 0.189100 0.130700 0.176800 0.177600 0.242400 0.239000
GazellaPrz 0.106500 0.727300 0.208000 0.620600 0.108700 0.106500 0.167700 0.000000 0.239100 0.165300 0.065400 0.170400 0.107200 0.146200 0.234300 0.078200 0.179300 0.226500 0.106400 0.219600 0.091400 0.094000 0.131700 0.234000 0.065400 0.075000 0.118900 0.210700 0.037500 0.251800 0.217400 0.149700 0.196300 0.118600 0.162600 0.222400 0.065400 0.108700 0.147900 0.147700 0.131200 0.074400 0.165300 0.172800 0.223500 0.123000 0.090100 0.121200 0.164100 0.195700 0.224200 0.186600
MountainNy 0.187000 0.775100 0.107300 0.655400 0.191200 0.187000 0.258500 0.239100 0.000000 0.251700 0.172400 0.226600 0.155900 0.262000 0.225900 0.285900 0.250800 0.268700 0.186300 0.091200 0.267200 0.189000 0.211200 0.331800 0.172400 0.272300 0.199700 0.025900 0.228000 0.038000 0.306900 0.234900 0.236600 0.199400 0.200000 0.213400 0.172400 0.191200 0.338500 0.230000 0.210400 0.270400 0.251700 0.280800 0.214500 0.242100 0.263600 0.203100 0.251500 0.201800 0.038700 0.083700
MuntiacusM 0.158200 0.878900 0.235700 0.682400 0.161800 0.158200 0.193400 0.165300 0.251700 0.000000 0.112700 0.131400 0.158400 0.185200 0.248500 0.173100 0.172200 0.221200 0.126100 0.213600 0.221600 0.144400 0.077900 0.203500 0.112700 0.197300 0.140000 0.238500 0.154000 0.264900 0.050200 0.172700 0.174800 0.139600 0.220000 0.124000 0.112700 0.161800 0.270200 0.078800 0.077500 0.195300 0.000000 0.113800 0.124600 0.145600 0.200900 0.174000 0.221100 0.111300 0.218900 0.213400
goat 0.040900 0.705700 0.141700 0.562200 0.041800 0.040900 0.100300 0.065400 0.172400 0.112700 0.000000 0.102000 0.041200 0.110200 0.165100 0.097600 0.143000 0.190800 0.040900 0.154000 0.111700 0.027500 0.080700 0.179800 0.000000 0.093100 0.054100 0.143700 0.053300 0.185600 0.166300 0.083600 0.160200 0.054000 0.097000 0.156200 0.000000 0.041800 0.141900 0.096100 0.080400 0.092300 0.112700 0.118100 0.157000 0.056100 0.081300 0.055200 0.097900 0.128600 0.157500 0.117700
AfricanBuf 0.085900 0.655900 0.228600 0.698700 0.119300 0.085900 0.150900 0.170400 0.226600 0.131400 0.102000 0.000000 0.116800 0.190700 0.259100 0.212600 0.196600 0.213400 0.085300 0.205800 0.229500 0.117900 0.158100 0.312100 0.102000 0.203300 0.099300 0.196200 0.158800 0.240100 0.186600 0.163400 0.214600 0.099000 0.178200 0.083100 0.102000 0.119300 0.264100 0.144600 0.157300 0.201400 0.131400 0.206700 0.083600 0.168800 0.192700 0.132200 0.178800 0.116000 0.210600 0.205800
Topi 0.055000 0.664800 0.157000 0.648100 0.056200 0.055000 0.115800 0.107200 0.155900 0.158400 0.041200 0.116800 0.000000 0.124800 0.149000 0.142800 0.190200 0.240600 0.054600 0.138300 0.158200 0.055500 0.123800 0.231300 0.041200 0.136300 0.040300 0.127700 0.095400 0.138700 0.212600 0.069000 0.175300 0.040200 0.082600 0.140200 0.041200 0.056200 0.188800 0.140400 0.123300 0.135300 0.158400 0.166400 0.141000 0.100700 0.125200 0.069200 0.112100 0.143300 0.141400 0.133600
CommonDuik 0.124100 0.807600 0.229600 0.753900 0.126800 0.124100 0.126000 0.146200 0.262000 0.185200 0.110200 0.190700 0.124800 0.000000 0.242500 0.152900 0.265900 0.301800 0.123300 0.241400 0.168200 0.125400 0.179700 0.295400 0.110200 0.175500 0.137000 0.232500 0.133900 0.241800 0.239000 0.079800 0.185200 0.136900 0.151800 0.212100 0.110200 0.126800 0.263200 0.197500 0.179100 0.174500 0.185200 0.227700 0.213100 0.173300 0.164800 0.124200 0.183300 0.184400 0.213700 0.243200
Suni 0.180400 0.812900 0.283100 0.758200 0.184600 0.180400 0.218400 0.234300 0.225900 0.248500 0.165100 0.259100 0.149000 0.242500 0.000000 0.248100 0.284000 0.341500 0.180100 0.275500 0.264600 0.183400 0.206600 0.295200 0.165100 0.268600 0.193600 0.267300 0.224200 0.258000 0.270600 0.231500 0.306200 0.193200 0.210300 0.242600 0.165100 0.184600 0.339200 0.226400 0.205800 0.266700 0.248500 0.299300 0.243900 0.237200 0.242500 0.164200 0.247700 0.231300 0.282200 0.280800
Springbuck 0.142300 0.796000 0.251800 0.655400 0.145500 0.142300 0.177100 0.078200 0.285900 0.173100 0.097600 0.212600 0.142800 0.152900 0.248100 0.000000 0.253800 0.307200 0.141300 0.263600 0.096000 0.128600 0.167600 0.282100 0.097600 0.106100 0.155200 0.255400 0.066100 0.299300 0.227500 0.157000 0.239600 0.154800 0.203000 0.233000 0.097600 0.145500 0.186000 0.185400 0.166900 0.105300 0.173100 0.215400 0.234200 0.161000 0.123400 0.157700 0.203800 0.221100 0.269800 0.230600
Okapi 0.190000 0.728400 0.270000 0.698700 0.194300 0.190000 0.262600 0.179300 0.250800 0.172200 0.143000 0.196600 0.190200 0.265900 0.284000 0.253800 0.000000 0.092700 0.188400 0.281400 0.270900 0.176000 0.166800 0.277700 0.143000 0.243700 0.202800 0.273200 0.199100 0.299900 0.226400 0.238900 0.170400 0.202200 0.219400 0.216900 0.143000 0.194300 0.269600 0.168800 0.165900 0.241200 0.172200 0.197200 0.218000 0.211300 0.200500 0.206400 0.255300 0.156600 0.287700 0.248100
Giraffe 0.206200 0.946800 0.288500 0.702600 0.245900 0.206200 0.318300 0.226500 0.268700 0.221200 0.190800 0.213400 0.240600 0.301800 0.341500 0.307200 0.092700 0.000000 0.222100 0.318500 0.308000 0.226100 0.214000 0.373300 0.190800 0.294800 0.253100 0.291900 0.248300 0.319000 0.276400 0.292000 0.202600 0.236100 0.270700 0.233200 0.190800 0.245900 0.362800 0.216600 0.212900 0.291900 0.221200 0.249500 0.234300 0.263900 0.285500 0.257800 0.309400 0.204800 0.306600 0.266700
TibetanAnt 0.054500 0.725600 0.187000 0.609300 0.055700 0.054500 0.084400 0.106400 0.186300 0.126100 0.040900 0.085300 0.054600 0.123300 0.180100 0.141300 0.188400 0.222100 0.000000 0.137100 0.125700 0.055100 0.122600 0.228300 0.040900 0.135300 0.039900 0.157600 0.094400 0.199500 0.179400 0.097000 0.173600 0.013000 0.110800 0.137900 0.040900 0.055700 0.187100 0.139000 0.122100 0.134200 0.126100 0.164400 0.139400 0.099800 0.124100 0.068600 0.111200 0.111600 0.171400 0.164300
Sitatunga 0.168300 0.783900 0.119600 0.694600 0.171900 0.168300 0.236700 0.219600 0.091200 0.213600 0.154000 0.205800 0.138300 0.241400 0.275500 0.263600 0.281400 0.318500 0.137100 0.000000 0.212400 0.170000 0.176600 0.288200 0.154000 0.251400 0.180900 0.065200 0.208500 0.103700 0.267300 0.182300 0.265900 0.149900 0.213200 0.226500 0.154000 0.171900 0.314100 0.194000 0.146200 0.217700 0.213600 0.239300 0.227600 0.187500 0.242500 0.183800 0.230500 0.231400 0.078000 0.096800
Oribi 0.156800 0.747500 0.233600 0.633100 0.128000 0.156800 0.192100 0.091400 0.267200 0.221600 0.111700 0.229500 0.158200 0.168200 0.264600 0.096000 0.270900 0.308000 0.125700 0.212400 0.000000 0.128500 0.182800 0.228000 0.111700 0.119300 0.169600 0.237100 0.079800 0.280500 0.259900 0.172400 0.256900 0.138400 0.218100 0.284300 0.111700 0.128000 0.185700 0.201000 0.182100 0.118600 0.221600 0.232200 0.285700 0.159000 0.137200 0.157600 0.203700 0.255900 0.251400 0.212300
BarbaryShe 0.055400 0.707300 0.174400 0.594700 0.042200 0.055400 0.116600 0.094000 0.189000 0.144400 0.027500 0.117900 0.055500 0.125400 0.183400 0.128600 0.176000 0.226100 0.055100 0.170000 0.128500 0.000000 0.110200 0.215400 0.027500 0.123100 0.068700 0.159900 0.081800 0.202300 0.167300 0.098700 0.176900 0.068500 0.112700 0.172400 0.027500 0.042200 0.142100 0.126500 0.109700 0.122100 0.144400 0.151300 0.173500 0.071600 0.111500 0.041200 0.083400 0.144700 0.173900 0.151100
Daviddeer 0.123400 0.813100 0.196100 0.579700 0.126000 0.123400 0.187500 0.131700 0.211200 0.077900 0.080700 0.158100 0.123800 0.179700 0.206600 0.167600 0.166800 0.214000 0.122600 0.176600 0.182800 0.110200 0.000000 0.136800 0.080700 0.161300 0.136300 0.198400 0.120300 0.224500 0.101000 0.137300 0.169300 0.136000 0.151000 0.211100 0.080700 0.126000 0.228100 0.050400 0.024400 0.159800 0.077900 0.081400 0.212200 0.096400 0.134200 0.138200 0.182400 0.167400 0.212000 0.173800
Reindeer 0.230100 0.697900 0.276400 0.705600 0.235500 0.230100 0.308500 0.234000 0.331800 0.203500 0.179800 0.312100 0.231300 0.295400 0.295200 0.282100 0.277700 0.373300 0.228300 0.288200 0.228000 0.215400 0.136800 0.000000 0.179800 0.267700 0.243600 0.318300 0.222400 0.346800 0.225500 0.245400 0.303800 0.243500 0.298600 0.370200 0.179800 0.235500 0.241400 0.168500 0.136400 0.266100 0.203500 0.179800 0.371600 0.216100 0.238800 0.247400 0.262000 0.318200 0.333600 0.293200
Ibex 0.040900 0.705700 0.141700 0.562200 0.041800 0.040900 0.100300 0.065400 0.172400 0.112700 0.000000 0.102000 0.041200 0.110200 0.165100 0.097600 0.143000 0.190800 0.040900 0.154000 0.111700 0.027500 0.080700 0.179800 0.000000 0.093100 0.054100 0.143700 0.053300 0.185600 0.166300 0.083600 0.160200 0.054000 0.097000 0.156200 0.000000 0.041800 0.141900 0.096100 0.080400 0.092300 0.112700 0.118100 0.157000 0.056100 0.081300 0.055200 0.097900 0.128600 0.157500 0.117700
GyrantGaze 0.135500 0.879200 0.240500 0.620600 0.138400 0.135500 0.199400 0.075000 0.272300 0.197300 0.093100 0.203300 0.136300 0.175500 0.268600 0.106100 0.243700 0.294800 0.135300 0.251400 0.119300 0.123100 0.161300 0.267700 0.093100 0.000000 0.147900 0.243100 0.063700 0.285000 0.250000 0.180200 0.229200 0.147400 0.193100 0.255300 0.093100 0.138400 0.178600 0.148000 0.160400 0.048900 0.197300 0.206800 0.256400 0.153600 0.118200 0.151000 0.195300 0.228400 0.256700 0.219200
Hartebeest 0.067600 0.749700 0.201200 0.603600 0.069100 0.067600 0.085000 0.118900 0.199700 0.140000 0.054100 0.099300 0.040300 0.137000 0.193600 0.155200 0.202800 0.253100 0.039900 0.180900 0.169600 0.068700 0.136300 0.243600 0.054100 0.147900 0.000000 0.171100 0.107900 0.181400 0.193000 0.081800 0.187800 0.026000 0.094900 0.122700 0.054100 0.069100 0.169600 0.153000 0.135800 0.146800 0.140000 0.179700 0.123400 0.113300 0.137000 0.082100 0.124900 0.125300 0.184900 0.179300
Bongo 0.158200 0.756800 0.080500 0.639500 0.161800 0.158200 0.227900 0.210700 0.025900 0.238500 0.143700 0.196200 0.127700 0.232500 0.267300 0.255400 0.273200 0.291900 0.157600 0.065200 0.237100 0.159900 0.198400 0.318300 0.143700 0.243100 0.171100 0.000000 0.199300 0.038600 0.294000 0.205400 0.223300 0.170800 0.204000 0.217500 0.143700 0.161800 0.306800 0.217100 0.197600 0.241400 0.238500 0.267100 0.218700 0.211600 0.233900 0.174000 0.221600 0.222400 0.012900 0.055900
Gerenuk 0.095000 0.793300 0.165500 0.614100 0.097000 0.095000 0.156900 0.037500 0.228000 0.154000 0.053300 0.158800 0.095400 0.133900 0.224200 0.066100 0.199100 0.248300 0.094400 0.208500 0.079800 0.081800 0.120300 0.222400 0.053300 0.063700 0.107900 0.199300 0.000000 0.241500 0.206700 0.137500 0.169600 0.107600 0.152300 0.211900 0.053300 0.097000 0.136600 0.136400 0.119800 0.063200 0.154000 0.161300 0.213000 0.111700 0.078800 0.109400 0.152600 0.184400 0.213000 0.174900
CommonElan 0.200200 0.793800 0.091700 0.676600 0.204700 0.200200 0.272100 0.251800 0.038000 0.264900 0.185600 0.240100 0.138700 0.241800 0.258000 0.299300 0.299900 0.319000 0.199500 0.103700 0.280500 0.202300 0.224500 0.346800 0.185600 0.285000 0.181400 0.038600 0.241500 0.000000 0.319900 0.215400 0.249900 0.181200 0.213900 0.227300 0.185600 0.204700 0.351900 0.243500 0.223700 0.283200 0.264900 0.295400 0.228400 0.255600 0.242500 0.200400 0.264900 0.248900 0.051300 0.097200
MuntiacusR 0.212400 0.922400 0.290500 0.724300 0.200900 0.212400 0.248700 0.217400 0.306900 0.050200 0.166300 0.186600 0.212600 0.239000 0.270600 0.227500 0.226400 0.276400 0.179400 0.267300 0.259900 0.167300 0.101000 0.225500 0.166300 0.250000 0.193000 0.294000 0.206700 0.319900 0.000000 0.226600 0.229500 0.192500 0.274700 0.176500 0.166300 0.200900 0.289600 0.102100 0.100500 0.247700 0.050200 0.167500 0.177400 0.184500 0.254500 0.196100 0.242100 0.164400 0.273600 0.269900
HarveysDui 0.097600 0.763600 0.236600 0.721200 0.099800 0.097600 0.099200 0.149700 0.234900 0.172700 0.083600 0.163400 0.069000 0.079800 0.231500 0.157000 0.238900 0.292000 0.097000 0.182300 0.172400 0.098700 0.137300 0.245400 0.083600 0.180200 0.081800 0.205400 0.137500 0.215400 0.226600 0.000000 0.223400 0.081600 0.096000 0.185600 0.083600 0.099800 0.236500 0.154000 0.136700 0.178800 0.172700 0.180900 0.186500 0.114900 0.169700 0.112400 0.156800 0.189600 0.219400 0.214900
Pronghorn 0.175000 0.876600 0.238600 0.721500 0.179000 0.175000 0.246500 0.196300 0.236600 0.174800 0.160200 0.214600 0.175300 0.185200 0.306200 0.239600 0.170400 0.202600 0.173600 0.265900 0.256900 0.176900 0.169300 0.303800 0.160200 0.229200 0.187800 0.223300 0.169600 0.249900 0.229500 0.223400 0.000000 0.187300 0.238200 0.235000 0.160200 0.179000 0.309400 0.203300 0.168500 0.227200 0.174800 0.200700 0.236200 0.230500 0.235900 0.191200 0.239400 0.173500 0.204000 0.213700
BlueWildeb 0.067500 0.748200 0.200700 0.632100 0.068900 0.067500 0.097500 0.118600 0.199400 0.139600 0.054000 0.099000 0.040200 0.136900 0.193200 0.154800 0.202200 0.236100 0.013000 0.149900 0.138400 0.068500 0.136000 0.243500 0.054000 0.147400 0.026000 0.170800 0.107600 0.181200 0.192500 0.081600 0.187300 0.000000 0.094700 0.122500 0.054000 0.068900 0.200700 0.152600 0.135500 0.146400 0.139600 0.179000 0.123100 0.112900 0.136600 0.081900 0.124600 0.125000 0.184600 0.179000
Gemsbok 0.111000 0.787800 0.235000 0.634400 0.113400 0.111000 0.143100 0.162600 0.200000 0.220000 0.097000 0.178200 0.082600 0.151800 0.210300 0.203000 0.219400 0.270700 0.110800 0.213200 0.218100 0.112700 0.151000 0.298600 0.097000 0.193100 0.094900 0.204000 0.152300 0.213900 0.274700 0.096000 0.238200 0.094700 0.000000 0.152900 0.097000 0.113400 0.251600 0.200100 0.181300 0.191700 0.220000 0.196800 0.153800 0.113700 0.151800 0.126400 0.171000 0.171600 0.218000 0.214000
Yak 0.139700 0.817400 0.247900 0.701100 0.174400 0.139700 0.205800 0.222400 0.213400 0.124000 0.156200 0.083100 0.140200 0.212100 0.242600 0.233000 0.216900 0.233200 0.137900 0.226500 0.284300 0.172400 0.211100 0.370200 0.156200 0.255300 0.122700 0.217500 0.211900 0.227300 0.176500 0.185600 0.235000 0.122500 0.152900 0.000000 0.156200 0.174400 0.318300 0.198100 0.210200 0.253200 0.124000 0.263700 0.000000 0.224200 0.245900 0.186300 0.233200 0.109300 0.198900 0.227300
BlueSheep 0.040900 0.705700 0.141700 0.562200 0.041800 0.040900 0.100300 0.065400 0.172400 0.112700 0.000000 0.102000 0.041200 0.110200 0.165100 0.097600 0.143000 0.190800 0.040900 0.154000 0.111700 0.027500 0.080700 0.179800 0.000000 0.093100 0.054100 0.143700 0.053300 0.185600 0.166300 0.083600 0.160200 0.054000 0.097000 0.156200 0.000000 0.041800 0.141900 0.096100 0.080400 0.092300 0.112700 0.118100 0.157000 0.056100 0.081300 0.055200 0.097900 0.128600 0.157500 0.117700
BohorReedb 0.055700 0.645800 0.192600 0.572100 0.000000 0.055700 0.117300 0.108700 0.191200 0.161800 0.041800 0.119300 0.056200 0.126800 0.184600 0.145500 0.194300 0.245900 0.055700 0.171900 0.128000 0.042200 0.126000 0.235500 0.041800 0.138400 0.069100 0.161800 0.097000 0.204700 0.200900 0.099800 0.179000 0.068900 0.113400 0.174400 0.041800 0.000000 0.144600 0.143000 0.125500 0.137200 0.161800 0.169700 0.175300 0.086600 0.097200 0.056000 0.099300 0.146300 0.175900 0.169500
KirksDik 0.188400 0.784400 0.267200 0.603900 0.144600 0.188400 0.260400 0.147900 0.338500 0.270200 0.141900 0.264100 0.188800 0.263200 0.339200 0.186000 0.269600 0.362800 0.187100 0.314100 0.185700 0.142100 0.228100 0.241400 0.141900 0.178600 0.169600 0.306800 0.136600 0.351900 0.289600 0.236500 0.309400 0.200700 0.251600 0.318300 0.141900 0.144600 0.000000 0.247500 0.227000 0.176900 0.270200 0.247700 0.320100 0.192700 0.108200 0.172100 0.186100 0.290300 0.321400 0.282600
RoeDeer 0.139900 0.746900 0.214500 0.607800 0.143000 0.139900 0.206300 0.147700 0.230000 0.078800 0.096100 0.144600 0.140400 0.197500 0.226400 0.185400 0.168800 0.216600 0.139000 0.194000 0.201000 0.126500 0.050400 0.168500 0.096100 0.148000 0.153000 0.217100 0.136400 0.243500 0.102100 0.154000 0.203300 0.152600 0.200100 0.198100 0.096100 0.143000 0.247500 0.000000 0.050200 0.146500 0.078800 0.111400 0.199000 0.127400 0.181400 0.155100 0.200600 0.138700 0.230900 0.192300
WhiteLippe 0.122900 0.808800 0.195200 0.599900 0.125500 0.122900 0.186600 0.131200 0.210400 0.077500 0.080400 0.157300 0.123300 0.179100 0.205800 0.166900 0.165900 0.212900 0.122100 0.146200 0.182100 0.109700 0.024400 0.136400 0.080400 0.160400 0.135800 0.197600 0.119800 0.223700 0.100500 0.136700 0.168500 0.135500 0.181300 0.210200 0.080400 0.125500 0.227000 0.050200 0.000000 0.130300 0.077500 0.080900 0.211200 0.110300 0.163300 0.137600 0.181600 0.166600 0.211300 0.173100
ThomsonGaz 0.134400 0.875100 0.238600 0.614100 0.137200 0.134400 0.197800 0.074400 0.270400 0.195300 0.092300 0.201400 0.135300 0.174500 0.266700 0.105300 0.241200 0.291900 0.134200 0.217700 0.118600 0.122100 0.159800 0.266100 0.092300 0.048900 0.146800 0.241400 0.063200 0.283200 0.247700 0.178800 0.227200 0.146400 0.191700 0.253200 0.092300 0.137200 0.176900 0.146500 0.130300 0.000000 0.195300 0.204300 0.254400 0.152100 0.117100 0.149700 0.193600 0.226400 0.255100 0.217600
MuntiacusC 0.158200 0.878900 0.235700 0.682400 0.161800 0.158200 0.193400 0.165300 0.251700 0.000000 0.112700 0.131400 0.158400 0.185200 0.248500 0.173100 0.172200 0.221200 0.126100 0.213600 0.221600 0.144400 0.077900 0.203500 0.112700 0.197300 0.140000 0.238500 0.154000 0.264900 0.050200 0.172700 0.174800 0.139600 0.220000 0.124000 0.112700 0.161800 0.270200 0.078800 0.077500 0.195300 0.000000 0.113800 0.124600 0.145600 0.200900 0.174000 0.221100 0.111300 0.218900 0.213400
WhiteTaile 0.165700 0.810800 0.263900 0.611300 0.169700 0.165700 0.239200 0.172800 0.280800 0.113800 0.118100 0.206700 0.166400 0.227700 0.299300 0.215400 0.197200 0.249500 0.164400 0.239300 0.232200 0.151300 0.081400 0.179800 0.118100 0.206800 0.179700 0.267100 0.161300 0.295400 0.167500 0.180900 0.200700 0.179000 0.196800 0.263700 0.118100 0.169700 0.247700 0.111400 0.080900 0.204300 0.113800 0.000000 0.265000 0.120200 0.210600 0.182400 0.231800 0.180400 0.282000 0.241300
Cattle 0.140400 0.817000 0.249100 0.701700 0.175300 0.140400 0.206900 0.223500 0.214500 0.124600 0.157000 0.083600 0.141000 0.213100 0.243900 0.234200 0.218000 0.234300 0.139400 0.227600 0.285700 0.173500 0.212200 0.371600 0.157000 0.256400 0.123400 0.218700 0.213000 0.228400 0.177400 0.186500 0.236200 0.123100 0.153800 0.000000 0.157000 0.175300 0.320100 0.199000 0.211200 0.254400 0.124600 0.265000 0.000000 0.225400 0.247100 0.187300 0.234300 0.110000 0.200000 0.228700
RoyalAntel 0.100000 0.716900 0.208900 0.518300 0.086600 0.100000 0.165700 0.123000 0.242100 0.145600 0.056100 0.168800 0.100700 0.173300 0.237200 0.161000 0.211300 0.263900 0.099800 0.187500 0.159000 0.071600 0.096400 0.216100 0.056100 0.153600 0.113300 0.211600 0.111700 0.255600 0.184500 0.114900 0.230500 0.112900 0.113700 0.224200 0.056100 0.086600 0.192700 0.127400 0.110300 0.152100 0.145600 0.120200 0.225400 0.000000 0.127200 0.100500 0.145800 0.195700 0.226000 0.185900
Steenbok 0.124300 0.731000 0.198200 0.598200 0.097200 0.124300 0.189100 0.090100 0.263600 0.200900 0.081300 0.192700 0.125200 0.164800 0.242500 0.123400 0.200500 0.285500 0.124100 0.242500 0.137200 0.111500 0.134200 0.238800 0.081300 0.118200 0.137000 0.233900 0.078800 0.242500 0.254500 0.169700 0.235900 0.136600 0.151800 0.245900 0.081300 0.097200 0.108200 0.181400 0.163300 0.117100 0.200900 0.210600 0.247100 0.127200 0.000000 0.125100 0.184800 0.218400 0.247900 0.209300
Impala 0.069000 0.736200 0.188600 0.641000 0.056000 0.069000 0.130700 0.121200 0.203100 0.174000 0.055200 0.132200 0.069200 0.124200 0.164200 0.157700 0.206400 0.257800 0.068600 0.183800 0.157600 0.041200 0.138200 0.247400 0.055200 0.151000 0.082100 0.174000 0.109400 0.200400 0.196100 0.112400 0.191200 0.081900 0.126400 0.186300 0.055200 0.056000 0.172100 0.155100 0.137600 0.149700 0.174000 0.182400 0.187300 0.100500 0.125100 0.000000 0.096800 0.158600 0.187900 0.182100
Klipspring 0.111900 0.835700 0.218700 0.653600 0.099300 0.111900 0.176800 0.164100 0.251500 0.221100 0.097900 0.178800 0.112100 0.183300 0.247700 0.203800 0.255300 0.309400 0.111200 0.230500 0.203700 0.083400 0.182400 0.262000 0.097900 0.195300 0.124900 0.221600 0.152600 0.264900 0.242100 0.156800 0.239400 0.124600 0.171000 0.233200 0.097900 0.099300 0.186100 0.200600 0.181600 0.193600 0.221100 0.231800 0.234300 0.145800 0.184800 0.096800 0.000000 0.205200 0.235800 0.230700
ForestMusk 0.143000 0.714200 0.254500 0.654000 0.146300 0.143000 0.177600 0.195700 0.201800 0.111300 0.128600 0.116000 0.143300 0.184400 0.231300 0.221100 0.156600 0.204800 0.111600 0.231400 0.255900 0.144700 0.167400 0.318200 0.128600 0.228400 0.125300 0.222400 0.184400 0.248900 0.164400 0.189600 0.173500 0.125000 0.171600 0.109300 0.128600 0.146300 0.290300 0.138700 0.166600 0.226400 0.111300 0.180400 0.110000 0.195700 0.218400 0.158600 0.205200 0.000000 0.203300 0.233200
Bushbuck 0.172100 0.781500 0.080400 0.658500 0.175900 0.172100 0.242400 0.224200 0.038700 0.218900 0.157500 0.210600 0.141400 0.213700 0.282200 0.269800 0.287700 0.306600 0.171400 0.078000 0.251400 0.173900 0.212000 0.333600 0.157500 0.256700 0.184900 0.012900 0.213000 0.051300 0.273600 0.219400 0.204000 0.184600 0.218000 0.198900 0.157500 0.175900 0.321400 0.230900 0.211300 0.255100 0.218900 0.282000 0.200000 0.226000 0.247900 0.187900 0.235800 0.203300 0.000000 0.069600
GreaterKud 0.165500 0.850900 0.055200 0.639700 0.169500 0.165500 0.239000 0.186600 0.083700 0.213400 0.117700 0.205800 0.133600 0.243200 0.280800 0.230600 0.248100 0.266700 0.164300 0.096800 0.212300 0.151100 0.173800 0.293200 0.117700 0.219200 0.179300 0.055900 0.174900 0.097200 0.269900 0.214900 0.213700 0.179000 0.214000 0.227300 0.117700 0.169500 0.282600 0.192300 0.173100 0.217600 0.213400 0.241300 0.228700 0.185900 0.209300 0.182100 0.230700 0.233200 0.069600 0.000000
