CODONML (in paml version 4.10.7, June 2023)  /home/rachel/ruminants_paml/6406-phy-tree/ENSBTAT00000027774.fasta.phy
Model: free dN/dS Ratios for branches,  kappa = 2.000 fixed

Codon frequency model: F3x4
ns =  54  ls =  63

Codon usage in sequences
--------------------------------------------------------------------------------------------------------------------------------------
Phe TTT   1   1   1   1   1   1 | Ser TCT   0   0   0   0   0   0 | Tyr TAT   2   1   2   2   1   1 | Cys TGT   0   0   0   0   0   0
    TTC   0   0   0   0   0   0 |     TCC   0   0   0   1   0   0 |     TAC   0   0   0   0   0   0 |     TGC   0   0   0   0   0   0
Leu TTA   2   0   2   2   0   1 |     TCA   2   2   2   3   1   0 | *** TAA   0   0   0   0   0   0 | *** TGA   0   0   0   0   0   0
    TTG   2   3   2   2   3   2 |     TCG   1   1   1   0   1   1 |     TAG   0   0   0   0   0   0 | Trp TGG   0   0   0   0   0   0
--------------------------------------------------------------------------------------------------------------------------------------
Leu CTT   1   1   0   0   1   1 | Pro CCT   2   1   2   2   2   2 | His CAT   2   3   2   2   3   3 | Arg CGT   0   0   0   0   0   0
    CTC   1   0   1   1   0   0 |     CCC   1   1   1   0   1   1 |     CAC   0   1   0   0   0   0 |     CGC   1   1   1   1   1   1
    CTA   1   4   2   2   2   3 |     CCA   1   3   1   1   3   3 | Gln CAA   0   0   0   0   0   0 |     CGA   0   0   0   0   0   0
    CTG   2   1   2   2   2   2 |     CCG   0   0   0   0   0   0 |     CAG   0   0   0   0   0   0 |     CGG   0   0   0   0   0   0
--------------------------------------------------------------------------------------------------------------------------------------
Ile ATT   3   3   3   3   3   3 | Thr ACT   1   2   1   1   1   1 | Asn AAT   1   1   1   1   1   1 | Ser AGT   1   1   1   1   0   1
    ATC   2   2   2   2   3   3 |     ACC   0   0   0   0   0   0 |     AAC   0   0   0   0   0   1 |     AGC   1   0   1   1   2   0
    ATA   0   0   0   1   1   1 |     ACA   2   2   2   3   2   2 | Lys AAA   4   1   5   4   3   3 | Arg AGA   1   1   1   1   2   2
Met ATG   3   3   3   3   2   2 |     ACG   0   0   0   0   0   0 |     AAG   1   1   0   0   0   1 |     AGG   0   0   0   0   1   0
--------------------------------------------------------------------------------------------------------------------------------------
Val GTT   0   1   0   0   0   0 | Ala GCT   3   3   3   3   4   4 | Asp GAT   2   1   2   2   1   2 | Gly GGT   0   1   0   0   0   0
    GTC   0   0   0   0   0   0 |     GCC   2   2   2   2   1   1 |     GAC   0   1   0   0   1   0 |     GGC   1   0   1   1   2   1
    GTA   2   2   2   1   2   1 |     GCA   2   2   2   2   2   3 | Glu GAA   3   4   2   2   4   3 |     GGA   3   2   3   3   0   3
    GTG   2   2   2   2   2   2 |     GCG   0   0   0   0   0   0 |     GAG   1   1   2   2   0   0 |     GGG   0   0   0   0   1   0
--------------------------------------------------------------------------------------------------------------------------------------

--------------------------------------------------------------------------------------------------------------------------------------
Phe TTT   1   1   1   1   1   1 | Ser TCT   0   0   0   0   0   0 | Tyr TAT   1   2   2   2   2   2 | Cys TGT   0   0   0   0   0   0
    TTC   0   0   0   0   0   0 |     TCC   0   0   0   0   0   1 |     TAC   0   0   0   0   0   0 |     TGC   0   0   0   0   0   0
Leu TTA   2   2   2   1   2   2 |     TCA   2   2   2   2   2   2 | *** TAA   0   0   0   0   0   0 | *** TGA   0   0   0   0   0   0
    TTG   2   2   2   3   2   2 |     TCG   1   1   1   1   1   1 |     TAG   0   0   0   0   0   0 | Trp TGG   0   0   0   0   0   0
--------------------------------------------------------------------------------------------------------------------------------------
Leu CTT   1   1   1   1   0   0 | Pro CCT   2   2   2   2   2   2 | His CAT   2   2   2   2   2   2 | Arg CGT   0   0   0   0   0   0
    CTC   1   1   1   1   1   1 |     CCC   1   1   1   1   1   1 |     CAC   0   0   0   0   0   0 |     CGC   1   1   1   1   1   1
    CTA   1   1   1   2   2   3 |     CCA   1   1   1   1   1   1 | Gln CAA   0   0   0   0   0   0 |     CGA   0   0   0   0   0   0
    CTG   2   2   2   2   2   2 |     CCG   0   0   0   0   0   0 |     CAG   0   0   0   0   0   0 |     CGG   0   0   0   0   0   0
--------------------------------------------------------------------------------------------------------------------------------------
Ile ATT   3   3   3   3   3   3 | Thr ACT   1   1   1   1   1   1 | Asn AAT   1   1   1   1   1   1 | Ser AGT   1   1   1   1   1   1
    ATC   2   2   2   2   2   2 |     ACC   0   0   0   0   0   0 |     AAC   0   0   0   0   0   1 |     AGC   1   1   1   1   1   0
    ATA   0   0   1   0   0   0 |     ACA   3   2   2   2   2   3 | Lys AAA   5   4   5   5   5   4 | Arg AGA   0   1   1   1   1   1
Met ATG   3   3   3   3   3   3 |     ACG   0   0   0   0   0   0 |     AAG   1   1   1   1   0   1 |     AGG   0   0   0   0   0   0
--------------------------------------------------------------------------------------------------------------------------------------
Val GTT   0   0   0   0   0   0 | Ala GCT   3   3   3   3   3   3 | Asp GAT   3   2   2   1   1   2 | Gly GGT   0   0   0   0   0   0
    GTC   0   0   0   0   0   0 |     GCC   2   2   2   2   2   1 |     GAC   0   0   0   1   1   0 |     GGC   1   1   1   1   1   1
    GTA   2   2   1   1   2   1 |     GCA   2   2   2   2   2   2 | Glu GAA   2   3   2   2   2   2 |     GGA   3   3   3   3   3   3
    GTG   2   2   2   1   2   2 |     GCG   0   0   0   0   0   0 |     GAG   1   1   1   2   2   1 |     GGG   0   0   0   0   0   0
--------------------------------------------------------------------------------------------------------------------------------------

--------------------------------------------------------------------------------------------------------------------------------------
Phe TTT   1   1   1   1   1   1 | Ser TCT   0   0   0   0   0   0 | Tyr TAT   2   2   2   2   2   2 | Cys TGT   0   0   0   0   0   0
    TTC   0   0   0   0   0   0 |     TCC   0   0   0   0   0   0 |     TAC   0   0   0   0   0   0 |     TGC   0   0   0   0   0   0
Leu TTA   2   2   2   2   2   3 |     TCA   2   3   2   2   2   2 | *** TAA   0   0   0   0   0   0 | *** TGA   0   0   0   0   0   0
    TTG   2   2   2   2   2   2 |     TCG   1   0   1   1   1   1 |     TAG   0   0   0   0   0   0 | Trp TGG   0   0   0   0   0   0
--------------------------------------------------------------------------------------------------------------------------------------
Leu CTT   1   0   1   1   1   1 | Pro CCT   2   2   2   2   2   2 | His CAT   2   2   2   2   2   2 | Arg CGT   0   0   0   0   0   0
    CTC   1   1   1   1   1   1 |     CCC   1   1   1   1   1   1 |     CAC   0   0   0   0   0   0 |     CGC   1   1   1   1   1   1
    CTA   1   2   1   1   1   1 |     CCA   1   1   1   1   1   1 | Gln CAA   0   0   0   0   0   0 |     CGA   0   0   0   0   0   0
    CTG   2   2   2   2   2   2 |     CCG   0   0   0   0   0   0 |     CAG   0   0   0   0   0   0 |     CGG   0   0   0   0   0   0
--------------------------------------------------------------------------------------------------------------------------------------
Ile ATT   3   3   3   3   3   3 | Thr ACT   1   1   1   1   1   1 | Asn AAT   1   1   1   1   1   1 | Ser AGT   1   1   1   1   1   1
    ATC   2   2   2   2   2   2 |     ACC   0   0   0   0   0   0 |     AAC   0   0   0   0   0   0 |     AGC   1   1   1   1   1   1
    ATA   0   1   0   1   0   0 |     ACA   2   2   2   2   2   2 | Lys AAA   5   5   5   5   5   5 | Arg AGA   1   1   1   1   1   1
Met ATG   3   3   3   3   3   3 |     ACG   0   0   0   0   0   0 |     AAG   1   0   1   1   0   1 |     AGG   0   0   0   0   0   0
--------------------------------------------------------------------------------------------------------------------------------------
Val GTT   0   0   0   0   0   0 | Ala GCT   3   3   3   3   3   3 | Asp GAT   2   2   2   2   2   2 | Gly GGT   0   0   0   0   0   0
    GTC   0   0   0   0   0   0 |     GCC   2   2   2   2   2   2 |     GAC   0   0   0   0   0   0 |     GGC   1   1   1   1   1   1
    GTA   2   1   2   1   2   1 |     GCA   2   2   2   2   2   2 | Glu GAA   2   3   2   2   2   2 |     GGA   3   3   3   3   3   3
    GTG   2   2   2   2   2   1 |     GCG   0   0   0   0   0   0 |     GAG   1   1   1   1   2   2 |     GGG   0   0   0   0   0   0
--------------------------------------------------------------------------------------------------------------------------------------

--------------------------------------------------------------------------------------------------------------------------------------
Phe TTT   1   1   1   1   1   1 | Ser TCT   0   0   0   0   0   0 | Tyr TAT   2   2   2   2   2   2 | Cys TGT   0   0   0   0   0   0
    TTC   0   0   0   0   0   0 |     TCC   0   0   0   0   0   0 |     TAC   0   0   0   0   0   0 |     TGC   0   0   0   0   0   0
Leu TTA   2   2   2   2   3   2 |     TCA   3   4   2   2   2   2 | *** TAA   0   0   0   0   0   0 | *** TGA   0   0   0   0   0   0
    TTG   2   2   2   2   2   2 |     TCG   1   0   1   1   1   1 |     TAG   0   0   0   0   0   0 | Trp TGG   0   0   0   0   0   0
--------------------------------------------------------------------------------------------------------------------------------------
Leu CTT   0   0   1   0   1   1 | Pro CCT   2   2   2   2   2   2 | His CAT   2   2   2   2   2   2 | Arg CGT   0   0   0   0   0   0
    CTC   1   1   1   1   1   1 |     CCC   1   1   1   1   1   1 |     CAC   0   0   0   0   0   0 |     CGC   1   1   1   1   1   1
    CTA   2   2   1   2   1   1 |     CCA   1   1   1   1   1   1 | Gln CAA   0   0   0   0   0   0 |     CGA   0   0   0   0   0   0
    CTG   2   2   2   2   2   2 |     CCG   0   0   0   0   0   0 |     CAG   0   0   0   0   0   0 |     CGG   0   0   0   0   0   0
--------------------------------------------------------------------------------------------------------------------------------------
Ile ATT   2   2   3   3   3   3 | Thr ACT   1   1   2   1   1   1 | Asn AAT   1   1   1   1   1   1 | Ser AGT   1   1   1   1   1   1
    ATC   2   2   2   2   2   2 |     ACC   0   0   0   0   0   0 |     AAC   0   0   0   0   0   0 |     AGC   1   1   1   1   1   1
    ATA   1   2   0   0   0   0 |     ACA   2   2   1   2   2   2 | Lys AAA   4   4   5   5   5   5 | Arg AGA   1   1   1   1   1   1
Met ATG   3   3   3   3   3   3 |     ACG   0   0   0   0   0   0 |     AAG   0   0   1   0   1   1 |     AGG   0   0   0   0   0   0
--------------------------------------------------------------------------------------------------------------------------------------
Val GTT   1   0   0   0   0   0 | Ala GCT   3   3   3   3   3   3 | Asp GAT   1   1   2   2   2   2 | Gly GGT   0   0   0   0   0   0
    GTC   0   0   0   0   0   0 |     GCC   2   2   2   2   2   2 |     GAC   0   0   0   0   0   0 |     GGC   1   1   1   1   1   1
    GTA   0   0   2   2   1   2 |     GCA   2   2   2   2   2   2 | Glu GAA   2   2   2   2   2   2 |     GGA   3   3   3   3   3   3
    GTG   3   3   2   2   1   2 |     GCG   0   0   0   0   0   0 |     GAG   3   3   1   2   2   1 |     GGG   0   0   0   0   0   0
--------------------------------------------------------------------------------------------------------------------------------------

--------------------------------------------------------------------------------------------------------------------------------------
Phe TTT   1   1   1   1   1   1 | Ser TCT   0   0   0   1   0   0 | Tyr TAT   2   2   2   2   2   2 | Cys TGT   0   0   0   0   0   0
    TTC   0   0   0   0   0   0 |     TCC   1   0   0   0   0   0 |     TAC   0   0   0   0   0   0 |     TGC   0   0   0   0   0   0
Leu TTA   2   2   2   3   2   2 |     TCA   1   2   2   2   2   2 | *** TAA   0   0   0   0   0   0 | *** TGA   0   0   0   0   0   0
    TTG   2   2   2   2   2   2 |     TCG   1   1   1   0   1   1 |     TAG   0   0   0   0   0   0 | Trp TGG   0   0   0   0   0   0
--------------------------------------------------------------------------------------------------------------------------------------
Leu CTT   0   0   1   1   1   0 | Pro CCT   2   2   2   2   2   2 | His CAT   2   2   2   2   2   2 | Arg CGT   0   0   0   0   0   0
    CTC   1   1   1   1   1   1 |     CCC   1   1   1   1   1   1 |     CAC   0   0   0   0   0   0 |     CGC   1   1   1   1   1   1
    CTA   3   3   1   1   1   2 |     CCA   2   1   1   1   1   1 | Gln CAA   0   0   0   0   0   0 |     CGA   0   0   0   0   0   0
    CTG   2   2   2   2   2   2 |     CCG   0   0   0   0   0   0 |     CAG   0   0   0   0   0   0 |     CGG   0   0   0   0   0   0
--------------------------------------------------------------------------------------------------------------------------------------
Ile ATT   3   3   3   3   3   3 | Thr ACT   1   1   1   1   1   1 | Asn AAT   1   1   1   1   1   1 | Ser AGT   1   1   1   1   1   1
    ATC   2   2   2   2   2   2 |     ACC   0   0   0   0   0   0 |     AAC   1   1   0   0   0   0 |     AGC   0   0   1   1   1   1
    ATA   0   0   0   0   0   0 |     ACA   3   3   2   2   2   2 | Lys AAA   4   4   5   5   5   5 | Arg AGA   1   1   1   1   1   1
Met ATG   3   3   3   3   3   3 |     ACG   0   0   0   0   0   0 |     AAG   1   1   1   1   1   0 |     AGG   0   0   0   0   0   0
--------------------------------------------------------------------------------------------------------------------------------------
Val GTT   0   0   0   0   0   0 | Ala GCT   3   3   3   3   3   3 | Asp GAT   2   2   2   2   2   2 | Gly GGT   0   0   0   0   0   0
    GTC   0   0   0   0   0   0 |     GCC   1   2   2   2   2   2 |     GAC   0   0   0   0   0   0 |     GGC   1   1   1   1   1   1
    GTA   1   1   2   1   2   2 |     GCA   2   2   2   2   2   2 | Glu GAA   2   2   2   2   2   2 |     GGA   3   3   3   3   3   3
    GTG   2   2   2   1   2   2 |     GCG   0   0   0   0   0   0 |     GAG   1   1   1   2   1   2 |     GGG   0   0   0   0   0   0
--------------------------------------------------------------------------------------------------------------------------------------

--------------------------------------------------------------------------------------------------------------------------------------
Phe TTT   1   1   1   1   1   1 | Ser TCT   0   0   0   0   0   0 | Tyr TAT   2   2   2   2   2   2 | Cys TGT   0   0   0   0   0   0
    TTC   0   0   0   0   0   0 |     TCC   0   0   1   0   0   0 |     TAC   0   0   0   0   0   0 |     TGC   0   0   0   0   0   0
Leu TTA   3   2   2   2   3   2 |     TCA   2   2   2   2   1   2 | *** TAA   0   0   0   0   0   0 | *** TGA   0   0   0   0   0   0
    TTG   2   2   2   2   1   2 |     TCG   1   1   1   1   1   1 |     TAG   0   0   0   0   0   0 | Trp TGG   0   0   0   0   0   0
--------------------------------------------------------------------------------------------------------------------------------------
Leu CTT   1   0   0   1   0   1 | Pro CCT   2   2   2   3   2   2 | His CAT   2   2   2   2   2   2 | Arg CGT   0   0   0   0   0   0
    CTC   1   1   1   1   1   1 |     CCC   1   1   1   0   1   1 |     CAC   0   0   0   0   0   0 |     CGC   1   1   1   1   1   1
    CTA   1   2   3   1   2   1 |     CCA   1   1   1   1   2   1 | Gln CAA   0   0   0   0   0   0 |     CGA   0   0   0   0   0   0
    CTG   2   2   2   2   2   2 |     CCG   0   0   0   0   0   0 |     CAG   0   0   0   0   0   0 |     CGG   0   0   0   0   0   0
--------------------------------------------------------------------------------------------------------------------------------------
Ile ATT   3   3   3   3   2   3 | Thr ACT   1   1   1   1   1   1 | Asn AAT   1   1   1   2   1   1 | Ser AGT   1   1   1   1   1   1
    ATC   2   2   2   2   3   2 |     ACC   0   0   0   0   0   0 |     AAC   0   0   1   0   0   0 |     AGC   1   1   0   1   1   1
    ATA   0   0   0   1   0   0 |     ACA   2   2   3   2   3   2 | Lys AAA   5   5   3   4   4   5 | Arg AGA   1   1   1   1   1   1
Met ATG   3   3   3   3   3   3 |     ACG   0   0   0   0   0   0 |     AAG   1   0   1   1   1   1 |     AGG   0   0   0   0   0   0
--------------------------------------------------------------------------------------------------------------------------------------
Val GTT   0   0   0   0   0   0 | Ala GCT   3   3   3   3   3   3 | Asp GAT   2   2   2   2   2   2 | Gly GGT   0   0   0   0   0   0
    GTC   0   0   0   0   0   0 |     GCC   2   2   2   2   2   2 |     GAC   0   0   0   0   0   0 |     GGC   1   1   0   1   1   1
    GTA   1   2   1   1   1   2 |     GCA   2   2   2   2   2   2 | Glu GAA   2   2   3   2   2   2 |     GGA   3   3   3   3   3   3
    GTG   1   2   2   2   3   2 |     GCG   0   0   0   0   0   0 |     GAG   2   2   1   1   1   1 |     GGG   0   0   0   0   0   0
--------------------------------------------------------------------------------------------------------------------------------------

--------------------------------------------------------------------------------------------------------------------------------------
Phe TTT   1   1   1   1   1   1 | Ser TCT   0   0   0   0   0   0 | Tyr TAT   2   2   2   1   1   2 | Cys TGT   0   0   0   0   1   0
    TTC   0   0   0   0   0   0 |     TCC   0   0   0   0   0   0 |     TAC   0   0   0   0   0   0 |     TGC   0   0   0   0   0   0
Leu TTA   2   2   2   2   3   1 |     TCA   2   2   2   2   2   2 | *** TAA   0   0   0   0   0   0 | *** TGA   0   0   0   0   0   0
    TTG   2   2   2   2   2   3 |     TCG   1   1   1   1   1   1 |     TAG   0   0   0   0   0   0 | Trp TGG   0   0   0   0   0   0
--------------------------------------------------------------------------------------------------------------------------------------
Leu CTT   1   0   1   1   2   0 | Pro CCT   2   2   2   2   2   2 | His CAT   2   2   2   2   2   2 | Arg CGT   0   0   0   0   0   0
    CTC   1   1   1   1   1   1 |     CCC   1   1   1   1   1   1 |     CAC   0   0   0   0   1   0 |     CGC   1   1   1   1   0   1
    CTA   1   2   1   1   1   3 |     CCA   1   1   1   1   1   1 | Gln CAA   0   0   0   0   0   0 |     CGA   0   0   0   0   0   0
    CTG   2   2   2   2   1   2 |     CCG   0   0   0   0   0   0 |     CAG   0   0   0   0   0   0 |     CGG   0   0   0   0   0   0
--------------------------------------------------------------------------------------------------------------------------------------
Ile ATT   3   3   3   3   3   3 | Thr ACT   1   1   1   1   1   1 | Asn AAT   1   1   1   1   1   1 | Ser AGT   1   1   1   1   1   1
    ATC   2   2   2   2   2   2 |     ACC   0   0   0   0   0   0 |     AAC   0   0   0   0   0   1 |     AGC   1   1   1   1   1   0
    ATA   0   0   0   0   0   0 |     ACA   2   2   2   3   2   3 | Lys AAA   5   5   5   5   5   4 | Arg AGA   1   1   1   0   1   1
Met ATG   3   3   3   3   3   3 |     ACG   0   0   0   0   0   0 |     AAG   1   0   1   1   1   1 |     AGG   0   0   0   0   0   0
--------------------------------------------------------------------------------------------------------------------------------------
Val GTT   0   0   0   0   0   0 | Ala GCT   3   3   3   3   3   3 | Asp GAT   2   2   2   3   2   2 | Gly GGT   0   0   0   0   0   0
    GTC   0   0   0   0   0   0 |     GCC   2   2   2   2   2   2 |     GAC   0   0   0   0   0   0 |     GGC   1   1   1   1   1   1
    GTA   2   2   2   2   1   1 |     GCA   2   2   2   2   2   2 | Glu GAA   2   2   2   2   2   2 |     GGA   3   3   3   3   3   3
    GTG   2   2   2   2   1   2 |     GCG   0   0   0   0   0   0 |     GAG   1   2   1   1   2   1 |     GGG   0   0   0   0   0   0
--------------------------------------------------------------------------------------------------------------------------------------

--------------------------------------------------------------------------------------------------------------------------------------
Phe TTT   1   1   1   1   1   1 | Ser TCT   0   1   0   0   0   0 | Tyr TAT   2   2   2   2   2   2 | Cys TGT   0   0   0   0   0   0
    TTC   0   0   0   0   0   0 |     TCC   1   0   1   0   0   0 |     TAC   0   0   0   0   0   0 |     TGC   0   0   0   0   0   0
Leu TTA   2   3   2   2   2   2 |     TCA   2   2   2   2   2   2 | *** TAA   0   0   0   0   0   0 | *** TGA   0   0   0   0   0   0
    TTG   2   2   2   2   2   2 |     TCG   1   0   1   1   1   1 |     TAG   0   0   0   0   0   0 | Trp TGG   0   0   0   0   0   0
--------------------------------------------------------------------------------------------------------------------------------------
Leu CTT   0   1   0   0   0   1 | Pro CCT   2   2   2   2   2   2 | His CAT   2   2   2   2   2   2 | Arg CGT   0   0   0   0   0   0
    CTC   1   1   1   1   1   1 |     CCC   1   1   1   1   1   1 |     CAC   0   0   0   0   0   0 |     CGC   1   1   1   1   1   1
    CTA   3   1   3   3   2   1 |     CCA   1   1   1   1   1   1 | Gln CAA   0   0   0   0   0   0 |     CGA   0   0   0   0   0   0
    CTG   2   2   2   2   2   2 |     CCG   0   0   0   0   0   0 |     CAG   0   0   0   0   0   0 |     CGG   0   0   0   0   0   0
--------------------------------------------------------------------------------------------------------------------------------------
Ile ATT   3   3   3   3   3   3 | Thr ACT   1   1   1   2   1   1 | Asn AAT   1   1   1   1   1   1 | Ser AGT   1   1   1   1   1   1
    ATC   2   2   2   2   2   2 |     ACC   0   0   0   0   0   0 |     AAC   1   0   1   1   0   0 |     AGC   0   1   0   0   1   1
    ATA   0   0   0   1   0   0 |     ACA   3   2   3   1   2   2 | Lys AAA   4   5   4   4   5   5 | Arg AGA   1   1   1   1   1   1
Met ATG   3   3   3   3   3   3 |     ACG   0   0   0   0   0   0 |     AAG   1   1   1   1   0   1 |     AGG   0   0   0   0   0   0
--------------------------------------------------------------------------------------------------------------------------------------
Val GTT   0   0   0   0   0   0 | Ala GCT   3   3   3   3   3   3 | Asp GAT   2   2   2   2   2   2 | Gly GGT   0   0   0   0   0   0
    GTC   0   0   0   0   0   0 |     GCC   1   2   1   2   2   2 |     GAC   0   0   0   0   0   0 |     GGC   1   1   1   1   1   1
    GTA   1   1   1   1   2   1 |     GCA   2   2   2   2   2   2 | Glu GAA   2   2   2   2   2   2 |     GGA   3   3   3   3   3   3
    GTG   2   1   2   2   2   3 |     GCG   0   0   0   0   0   0 |     GAG   1   2   1   1   2   1 |     GGG   0   0   0   0   0   0
--------------------------------------------------------------------------------------------------------------------------------------

--------------------------------------------------------------------------------------------------------------------------------------
Phe TTT   1   1   1   1   1   1 | Ser TCT   0   0   0   0   0   0 | Tyr TAT   1   2   2   2   2   2 | Cys TGT   1   0   0   0   0   0
    TTC   0   0   0   0   0   0 |     TCC   0   1   0   1   0   0 |     TAC   0   0   0   0   0   0 |     TGC   0   0   0   0   0   0
Leu TTA   3   2   2   2   2   2 |     TCA   2   2   2   3   2   2 | *** TAA   0   0   0   0   0   0 | *** TGA   0   0   0   0   0   0
    TTG   2   2   2   2   2   2 |     TCG   1   1   1   0   1   1 |     TAG   0   0   0   0   0   0 | Trp TGG   0   0   0   0   0   0
--------------------------------------------------------------------------------------------------------------------------------------
Leu CTT   1   2   1   0   0   0 | Pro CCT   2   2   2   2   2   2 | His CAT   2   1   2   2   2   2 | Arg CGT   0   0   0   0   0   0
    CTC   1   1   1   1   1   1 |     CCC   1   0   1   0   1   1 |     CAC   0   0   0   0   0   0 |     CGC   1   1   1   1   1   1
    CTA   1   1   1   2   2   2 |     CCA   1   1   1   1   1   1 | Gln CAA   0   0   0   0   0   0 |     CGA   0   0   0   0   0   0
    CTG   2   2   2   2   2   2 |     CCG   0   0   0   0   0   0 |     CAG   0   1   0   0   0   0 |     CGG   0   0   0   0   0   0
--------------------------------------------------------------------------------------------------------------------------------------
Ile ATT   3   2   3   3   3   3 | Thr ACT   1   1   1   1   1   1 | Asn AAT   1   1   1   1   1   1 | Ser AGT   1   1   1   1   1   1
    ATC   2   2   2   2   2   2 |     ACC   0   0   0   0   0   0 |     AAC   0   0   0   0   0   0 |     AGC   1   1   1   1   1   1
    ATA   1   1   0   1   0   0 |     ACA   2   2   2   3   2   2 | Lys AAA   5   5   6   4   5   5 | Arg AGA   1   1   1   1   1   1
Met ATG   3   2   3   3   3   3 |     ACG   0   1   0   0   0   0 |     AAG   1   1   0   0   0   0 |     AGG   0   0   0   0   0   0
--------------------------------------------------------------------------------------------------------------------------------------
Val GTT   0   0   0   0   0   0 | Ala GCT   3   3   3   3   3   3 | Asp GAT   2   2   2   2   2   2 | Gly GGT   0   1   0   0   0   0
    GTC   0   0   0   0   0   0 |     GCC   2   2   2   2   2   2 |     GAC   0   0   0   0   0   0 |     GGC   1   0   1   1   1   1
    GTA   0   1   2   1   2   2 |     GCA   2   2   2   2   2   2 | Glu GAA   2   2   1   2   2   2 |     GGA   3   3   3   3   3   3
    GTG   1   2   2   2   2   2 |     GCG   0   0   0   0   0   0 |     GAG   2   1   2   2   2   2 |     GGG   0   0   0   0   0   0
--------------------------------------------------------------------------------------------------------------------------------------

Codon position x base (3x4) table for each sequence.

#1: Argali         
position  1:    T:0.15873    C:0.19048    A:0.31746    G:0.33333
position  2:    T:0.34921    C:0.26984    A:0.25397    G:0.12698
position  3:    T:0.30159    C:0.14286    A:0.36508    G:0.19048
Average         T:0.26984    C:0.20106    A:0.31217    G:0.21693

#2: LesserMouseDeer
position  1:    T:0.12698    C:0.25397    A:0.26984    G:0.34921
position  2:    T:0.36508    C:0.30159    A:0.23810    G:0.09524
position  3:    T:0.31746    C:0.12698    A:0.36508    G:0.19048
Average         T:0.26984    C:0.22751    A:0.29101    G:0.21164

#3: LesserKudu     
position  1:    T:0.15873    C:0.19048    A:0.31746    G:0.33333
position  2:    T:0.34921    C:0.26984    A:0.25397    G:0.12698
position  3:    T:0.28571    C:0.14286    A:0.38095    G:0.19048
Average         T:0.26455    C:0.20106    A:0.31746    G:0.21693

#4: ForestMuskDeer2
position  1:    T:0.17460    C:0.17460    A:0.33333    G:0.31746
position  2:    T:0.34921    C:0.28571    A:0.23810    G:0.12698
position  3:    T:0.28571    C:0.14286    A:0.39683    G:0.17460
Average         T:0.26984    C:0.20106    A:0.32275    G:0.20635

#5: Camel          
position  1:    T:0.11111    C:0.23810    A:0.33333    G:0.31746
position  2:    T:0.34921    C:0.28571    A:0.22222    G:0.14286
position  3:    T:0.28571    C:0.17460    A:0.34921    G:0.19048
Average         T:0.24868    C:0.23280    A:0.30159    G:0.21693

#6: KillerWhale    
position  1:    T:0.09524    C:0.25397    A:0.33333    G:0.31746
position  2:    T:0.34921    C:0.28571    A:0.23810    G:0.12698
position  3:    T:0.31746    C:0.12698    A:0.39683    G:0.15873
Average         T:0.25397    C:0.22222    A:0.32275    G:0.20106

#7: DefassaWaterbuck
position  1:    T:0.14286    C:0.19048    A:0.33333    G:0.33333
position  2:    T:0.34921    C:0.28571    A:0.25397    G:0.11111
position  3:    T:0.30159    C:0.14286    A:0.36508    G:0.19048
Average         T:0.26455    C:0.20635    A:0.31746    G:0.21164

#8: Sheep          
position  1:    T:0.15873    C:0.19048    A:0.31746    G:0.33333
position  2:    T:0.34921    C:0.26984    A:0.25397    G:0.12698
position  3:    T:0.30159    C:0.14286    A:0.36508    G:0.19048
Average         T:0.26984    C:0.20106    A:0.31217    G:0.21693

#9: MaxwellsDuiker 
position  1:    T:0.15873    C:0.19048    A:0.34921    G:0.30159
position  2:    T:0.34921    C:0.26984    A:0.25397    G:0.12698
position  3:    T:0.30159    C:0.14286    A:0.36508    G:0.19048
Average         T:0.26984    C:0.20106    A:0.32275    G:0.20635

#10: GazellaPrzewalskyi
position  1:    T:0.15873    C:0.20635    A:0.33333    G:0.30159
position  2:    T:0.33333    C:0.26984    A:0.26984    G:0.12698
position  3:    T:0.28571    C:0.15873    A:0.34921    G:0.20635
Average         T:0.25926    C:0.21164    A:0.31746    G:0.21164

#11: MountainNyala  
position  1:    T:0.15873    C:0.19048    A:0.31746    G:0.33333
position  2:    T:0.34921    C:0.26984    A:0.25397    G:0.12698
position  3:    T:0.26984    C:0.15873    A:0.38095    G:0.19048
Average         T:0.25926    C:0.20635    A:0.31746    G:0.21693

#12: MuntiacusMuntjak
position  1:    T:0.17460    C:0.20635    A:0.33333    G:0.28571
position  2:    T:0.34921    C:0.28571    A:0.25397    G:0.11111
position  3:    T:0.28571    C:0.14286    A:0.38095    G:0.19048
Average         T:0.26984    C:0.21164    A:0.32275    G:0.19577

#13: goat           
position  1:    T:0.15873    C:0.19048    A:0.33333    G:0.31746
position  2:    T:0.34921    C:0.26984    A:0.25397    G:0.12698
position  3:    T:0.30159    C:0.14286    A:0.36508    G:0.19048
Average         T:0.26984    C:0.20106    A:0.31746    G:0.21164

#14: AfricanBuffalo 
position  1:    T:0.15873    C:0.19048    A:0.33333    G:0.31746
position  2:    T:0.34921    C:0.26984    A:0.25397    G:0.12698
position  3:    T:0.28571    C:0.14286    A:0.41270    G:0.15873
Average         T:0.26455    C:0.20106    A:0.33333    G:0.20106

#15: Topi           
position  1:    T:0.15873    C:0.19048    A:0.33333    G:0.31746
position  2:    T:0.34921    C:0.26984    A:0.25397    G:0.12698
position  3:    T:0.30159    C:0.14286    A:0.36508    G:0.19048
Average         T:0.26984    C:0.20106    A:0.31746    G:0.21164

#16: CommonDuiker   
position  1:    T:0.15873    C:0.19048    A:0.34921    G:0.30159
position  2:    T:0.34921    C:0.26984    A:0.25397    G:0.12698
position  3:    T:0.30159    C:0.14286    A:0.36508    G:0.19048
Average         T:0.26984    C:0.20106    A:0.32275    G:0.20635

#17: Suni           
position  1:    T:0.15873    C:0.19048    A:0.31746    G:0.33333
position  2:    T:0.34921    C:0.26984    A:0.25397    G:0.12698
position  3:    T:0.30159    C:0.14286    A:0.36508    G:0.19048
Average         T:0.26984    C:0.20106    A:0.31217    G:0.21693

#18: Springbuck     
position  1:    T:0.17460    C:0.19048    A:0.33333    G:0.30159
position  2:    T:0.33333    C:0.26984    A:0.26984    G:0.12698
position  3:    T:0.30159    C:0.14286    A:0.36508    G:0.19048
Average         T:0.26984    C:0.20106    A:0.32275    G:0.20635

#19: Okapi          
position  1:    T:0.17460    C:0.19048    A:0.30159    G:0.33333
position  2:    T:0.34921    C:0.28571    A:0.23810    G:0.12698
position  3:    T:0.26984    C:0.14286    A:0.36508    G:0.22222
Average         T:0.26455    C:0.20635    A:0.30159    G:0.22751

#20: Giraffe        
position  1:    T:0.17460    C:0.19048    A:0.31746    G:0.31746
position  2:    T:0.34921    C:0.28571    A:0.23810    G:0.12698
position  3:    T:0.25397    C:0.14286    A:0.39683    G:0.20635
Average         T:0.25926    C:0.20635    A:0.31746    G:0.21693

#21: TibetanAntelope
position  1:    T:0.15873    C:0.19048    A:0.33333    G:0.31746
position  2:    T:0.34921    C:0.26984    A:0.25397    G:0.12698
position  3:    T:0.31746    C:0.14286    A:0.34921    G:0.19048
Average         T:0.27513    C:0.20106    A:0.31217    G:0.21164

#22: Sitatunga      
position  1:    T:0.15873    C:0.19048    A:0.31746    G:0.33333
position  2:    T:0.34921    C:0.26984    A:0.25397    G:0.12698
position  3:    T:0.28571    C:0.14286    A:0.38095    G:0.19048
Average         T:0.26455    C:0.20106    A:0.31746    G:0.21693

#23: Oribi          
position  1:    T:0.17460    C:0.19048    A:0.33333    G:0.30159
position  2:    T:0.33333    C:0.26984    A:0.26984    G:0.12698
position  3:    T:0.30159    C:0.14286    A:0.36508    G:0.19048
Average         T:0.26984    C:0.20106    A:0.32275    G:0.20635

#24: BarbarySheep   
position  1:    T:0.15873    C:0.19048    A:0.33333    G:0.31746
position  2:    T:0.34921    C:0.26984    A:0.25397    G:0.12698
position  3:    T:0.30159    C:0.14286    A:0.36508    G:0.19048
Average         T:0.26984    C:0.20106    A:0.31746    G:0.21164

#25: Daviddeer      
position  1:    T:0.15873    C:0.22222    A:0.33333    G:0.28571
position  2:    T:0.34921    C:0.28571    A:0.25397    G:0.11111
position  3:    T:0.28571    C:0.14286    A:0.38095    G:0.19048
Average         T:0.26455    C:0.21693    A:0.32275    G:0.19577

#26: Reindeer       
position  1:    T:0.15873    C:0.20635    A:0.33333    G:0.30159
position  2:    T:0.34921    C:0.28571    A:0.25397    G:0.11111
position  3:    T:0.28571    C:0.14286    A:0.38095    G:0.19048
Average         T:0.26455    C:0.21164    A:0.32275    G:0.20106

#27: Ibex           
position  1:    T:0.15873    C:0.19048    A:0.33333    G:0.31746
position  2:    T:0.34921    C:0.26984    A:0.25397    G:0.12698
position  3:    T:0.30159    C:0.14286    A:0.36508    G:0.19048
Average         T:0.26984    C:0.20106    A:0.31746    G:0.21164

#28: GyrantGazelle  
position  1:    T:0.17460    C:0.19048    A:0.33333    G:0.30159
position  2:    T:0.33333    C:0.26984    A:0.26984    G:0.12698
position  3:    T:0.31746    C:0.14286    A:0.36508    G:0.17460
Average         T:0.27513    C:0.20106    A:0.32275    G:0.20106

#29: Hartebeest     
position  1:    T:0.15873    C:0.19048    A:0.33333    G:0.31746
position  2:    T:0.34921    C:0.26984    A:0.25397    G:0.12698
position  3:    T:0.30159    C:0.14286    A:0.36508    G:0.19048
Average         T:0.26984    C:0.20106    A:0.31746    G:0.21164

#30: Bongo          
position  1:    T:0.15873    C:0.19048    A:0.31746    G:0.33333
position  2:    T:0.34921    C:0.26984    A:0.25397    G:0.12698
position  3:    T:0.28571    C:0.14286    A:0.38095    G:0.19048
Average         T:0.26455    C:0.20106    A:0.31746    G:0.21693

#31: Gerenuk        
position  1:    T:0.17460    C:0.19048    A:0.33333    G:0.30159
position  2:    T:0.33333    C:0.26984    A:0.26984    G:0.12698
position  3:    T:0.30159    C:0.14286    A:0.36508    G:0.19048
Average         T:0.26984    C:0.20106    A:0.32275    G:0.20635

#32: CommonEland    
position  1:    T:0.15873    C:0.19048    A:0.31746    G:0.33333
position  2:    T:0.34921    C:0.26984    A:0.25397    G:0.12698
position  3:    T:0.28571    C:0.14286    A:0.38095    G:0.19048
Average         T:0.26455    C:0.20106    A:0.31746    G:0.21693

#33: MuntiacusReevesi
position  1:    T:0.17460    C:0.20635    A:0.31746    G:0.30159
position  2:    T:0.34921    C:0.30159    A:0.25397    G:0.09524
position  3:    T:0.28571    C:0.14286    A:0.38095    G:0.19048
Average         T:0.26984    C:0.21693    A:0.31746    G:0.19577

#34: HarveysDuiker  
position  1:    T:0.15873    C:0.19048    A:0.34921    G:0.30159
position  2:    T:0.34921    C:0.26984    A:0.25397    G:0.12698
position  3:    T:0.33333    C:0.12698    A:0.34921    G:0.19048
Average         T:0.28042    C:0.19577    A:0.31746    G:0.20635

#35: Pronghorn      
position  1:    T:0.14286    C:0.20635    A:0.33333    G:0.31746
position  2:    T:0.34921    C:0.28571    A:0.23810    G:0.12698
position  3:    T:0.26984    C:0.15873    A:0.38095    G:0.19048
Average         T:0.25397    C:0.21693    A:0.31746    G:0.21164

#36: BlueWildebeest 
position  1:    T:0.15873    C:0.19048    A:0.33333    G:0.31746
position  2:    T:0.34921    C:0.26984    A:0.25397    G:0.12698
position  3:    T:0.30159    C:0.14286    A:0.36508    G:0.19048
Average         T:0.26984    C:0.20106    A:0.31746    G:0.21164

#37: Gemsbok        
position  1:    T:0.15873    C:0.19048    A:0.33333    G:0.31746
position  2:    T:0.34921    C:0.26984    A:0.25397    G:0.12698
position  3:    T:0.30159    C:0.14286    A:0.36508    G:0.19048
Average         T:0.26984    C:0.20106    A:0.31746    G:0.21164

#38: Yak            
position  1:    T:0.15873    C:0.19048    A:0.31746    G:0.33333
position  2:    T:0.34921    C:0.26984    A:0.25397    G:0.12698
position  3:    T:0.28571    C:0.14286    A:0.38095    G:0.19048
Average         T:0.26455    C:0.20106    A:0.31746    G:0.21693

#39: BlueSheep      
position  1:    T:0.15873    C:0.19048    A:0.33333    G:0.31746
position  2:    T:0.34921    C:0.26984    A:0.25397    G:0.12698
position  3:    T:0.30159    C:0.14286    A:0.36508    G:0.19048
Average         T:0.26984    C:0.20106    A:0.31746    G:0.21164

#40: BohorReedbuck  
position  1:    T:0.14286    C:0.19048    A:0.33333    G:0.33333
position  2:    T:0.34921    C:0.28571    A:0.25397    G:0.11111
position  3:    T:0.30159    C:0.14286    A:0.36508    G:0.19048
Average         T:0.26455    C:0.20635    A:0.31746    G:0.21164

#41: KirksDik       
position  1:    T:0.17460    C:0.19048    A:0.33333    G:0.30159
position  2:    T:0.33333    C:0.26984    A:0.26984    G:0.12698
position  3:    T:0.31746    C:0.14286    A:0.36508    G:0.17460
Average         T:0.27513    C:0.20106    A:0.32275    G:0.20106

#42: RoeDeer        
position  1:    T:0.15873    C:0.20635    A:0.33333    G:0.30159
position  2:    T:0.34921    C:0.28571    A:0.25397    G:0.11111
position  3:    T:0.28571    C:0.14286    A:0.36508    G:0.20635
Average         T:0.26455    C:0.21164    A:0.31746    G:0.20635

#43: WhiteLippedDeer
position  1:    T:0.17460    C:0.20635    A:0.33333    G:0.28571
position  2:    T:0.34921    C:0.28571    A:0.25397    G:0.11111
position  3:    T:0.28571    C:0.14286    A:0.38095    G:0.19048
Average         T:0.26984    C:0.21164    A:0.32275    G:0.19577

#44: ThomsonGazelle 
position  1:    T:0.17460    C:0.19048    A:0.33333    G:0.30159
position  2:    T:0.33333    C:0.26984    A:0.26984    G:0.12698
position  3:    T:0.31746    C:0.14286    A:0.36508    G:0.17460
Average         T:0.27513    C:0.20106    A:0.32275    G:0.20106

#45: MuntiacusCrinifrons
position  1:    T:0.17460    C:0.20635    A:0.33333    G:0.28571
position  2:    T:0.34921    C:0.28571    A:0.25397    G:0.11111
position  3:    T:0.28571    C:0.14286    A:0.38095    G:0.19048
Average         T:0.26984    C:0.21164    A:0.32275    G:0.19577

#46: WhiteTailedDeer
position  1:    T:0.15873    C:0.20635    A:0.33333    G:0.30159
position  2:    T:0.36508    C:0.26984    A:0.25397    G:0.11111
position  3:    T:0.30159    C:0.14286    A:0.36508    G:0.19048
Average         T:0.27513    C:0.20635    A:0.31746    G:0.20106

#47: Cattle         
position  1:    T:0.15873    C:0.19048    A:0.31746    G:0.33333
position  2:    T:0.34921    C:0.26984    A:0.25397    G:0.12698
position  3:    T:0.28571    C:0.14286    A:0.38095    G:0.19048
Average         T:0.26455    C:0.20106    A:0.31746    G:0.21693

#48: RoyalAntelope  
position  1:    T:0.15873    C:0.19048    A:0.33333    G:0.31746
position  2:    T:0.34921    C:0.26984    A:0.25397    G:0.12698
position  3:    T:0.30159    C:0.14286    A:0.34921    G:0.20635
Average         T:0.26984    C:0.20106    A:0.31217    G:0.21693

#49: Steenbok       
position  1:    T:0.17460    C:0.19048    A:0.34921    G:0.28571
position  2:    T:0.33333    C:0.26984    A:0.25397    G:0.14286
position  3:    T:0.30159    C:0.14286    A:0.36508    G:0.19048
Average         T:0.26984    C:0.20106    A:0.32275    G:0.20635

#50: Impala         
position  1:    T:0.17460    C:0.19048    A:0.33333    G:0.30159
position  2:    T:0.33333    C:0.28571    A:0.25397    G:0.12698
position  3:    T:0.30159    C:0.12698    A:0.36508    G:0.20635
Average         T:0.26984    C:0.20106    A:0.31746    G:0.21164

#51: Klipspringer   
position  1:    T:0.15873    C:0.19048    A:0.33333    G:0.31746
position  2:    T:0.34921    C:0.26984    A:0.25397    G:0.12698
