1
52 1
Argali 0.000000 0.345700 0.092700 0.231500 0.037700 0.007500 0.045000 0.061600 0.061300 0.083200 0.007300 0.094100 0.029700 0.053100 0.045300 0.053100 0.090800 0.107500 0.022400 0.061300 0.060600 0.022300 0.083200 0.107400 0.007500 0.069500 0.046000 0.053000 0.061000 0.053000 0.091700 0.045500 0.092500 0.037500 0.022400 0.069000 0.014900 0.037700 0.053500 0.091600 0.075400 0.061100 0.083100 0.125100 0.069000 0.067100 0.030100 0.052700 0.053000 0.094200 0.053100 0.060700
LesserMous 0.345700 0.000000 0.302500 0.362500 0.339600 0.359800 0.323900 0.339600 0.282900 0.292800 0.334900 0.364100 0.359300 0.337800 0.302900 0.327700 0.350700 0.349200 0.337200 0.282800 0.360800 0.359000 0.307400 0.285900 0.334900 0.363300 0.364300 0.292000 0.339400 0.292000 0.298400 0.326800 0.334800 0.374200 0.337000 0.349000 0.334900 0.339600 0.340900 0.310000 0.297100 0.373400 0.285600 0.309400 0.349000 0.350200 0.328200 0.311800 0.323100 0.352200 0.292300 0.302300
LesserKudu 0.092700 0.302500 0.000000 0.252500 0.085600 0.101500 0.060800 0.094200 0.030200 0.067600 0.084700 0.085800 0.092900 0.069100 0.045400 0.069100 0.107100 0.124200 0.069100 0.045500 0.093100 0.101200 0.067600 0.091600 0.084700 0.102500 0.093900 0.037500 0.077300 0.037500 0.075900 0.061400 0.100800 0.101700 0.066600 0.077000 0.092500 0.085600 0.069600 0.092100 0.059900 0.093500 0.067600 0.108900 0.077000 0.096600 0.077600 0.052800 0.085000 0.111200 0.037700 0.029800
KillerWhal 0.231500 0.362500 0.252500 0.000000 0.223400 0.242800 0.212200 0.256300 0.234600 0.257900 0.222100 0.256500 0.251800 0.223700 0.233700 0.223300 0.307000 0.308900 0.243800 0.234900 0.242600 0.232900 0.257700 0.257100 0.222100 0.245600 0.275800 0.223200 0.214100 0.223200 0.269600 0.214800 0.268900 0.263600 0.243300 0.244200 0.230800 0.223400 0.245800 0.258400 0.248200 0.254100 0.257700 0.270700 0.244200 0.276000 0.215100 0.241800 0.212300 0.265500 0.223600 0.232400
DefassaWat 0.037700 0.339600 0.085600 0.223400 0.000000 0.045800 0.037800 0.070400 0.054000 0.076200 0.030100 0.086900 0.053400 0.045800 0.038100 0.045800 0.100000 0.100400 0.045900 0.054000 0.053500 0.061500 0.076200 0.100600 0.030100 0.062200 0.070100 0.045800 0.053800 0.045800 0.084700 0.038200 0.085400 0.061700 0.045800 0.061800 0.037600 0.000000 0.046200 0.084700 0.068300 0.053800 0.076200 0.118300 0.061800 0.075600 0.022800 0.045500 0.061500 0.087000 0.045900 0.053500
Sheep 0.007500 0.359800 0.101500 0.242800 0.045800 0.000000 0.053100 0.070000 0.069600 0.091700 0.014800 0.086400 0.037500 0.061300 0.053400 0.061300 0.099400 0.116300 0.030200 0.069700 0.068900 0.030400 0.091600 0.116300 0.014800 0.078000 0.053600 0.061200 0.069400 0.061200 0.100400 0.053700 0.101200 0.045500 0.030200 0.061500 0.022200 0.045800 0.061800 0.100300 0.083800 0.069400 0.091600 0.134400 0.061500 0.075300 0.038000 0.060900 0.061200 0.103200 0.061300 0.069000
MaxwellsDu 0.045000 0.323900 0.060800 0.212200 0.037800 0.053100 0.000000 0.061600 0.030100 0.067600 0.037400 0.061600 0.045100 0.022400 0.030000 0.022400 0.091000 0.091300 0.037700 0.045600 0.045200 0.068800 0.067600 0.091500 0.037400 0.053600 0.061400 0.022400 0.030000 0.022400 0.075900 0.014900 0.068500 0.053200 0.037600 0.053300 0.044900 0.037800 0.038000 0.075900 0.059900 0.045400 0.067600 0.108800 0.053300 0.067100 0.030200 0.037400 0.037600 0.077900 0.022400 0.029900
GazellaPrz 0.061600 0.339600 0.094200 0.256300 0.070400 0.070000 0.061600 0.000000 0.062200 0.084500 0.069700 0.103900 0.077700 0.070100 0.046000 0.053900 0.092300 0.126100 0.054000 0.078600 0.061500 0.069900 0.084400 0.092700 0.069700 0.062600 0.078600 0.070000 0.062000 0.070000 0.093100 0.062300 0.110800 0.086400 0.053900 0.078200 0.077400 0.070400 0.038400 0.109800 0.076500 0.062000 0.084400 0.110200 0.078200 0.100200 0.046300 0.053600 0.069900 0.079100 0.070100 0.077900
MountainNy 0.061300 0.282900 0.030200 0.234600 0.054000 0.069600 0.030100 0.062200 0.000000 0.052500 0.053500 0.054100 0.061400 0.038100 0.015000 0.038100 0.075700 0.092200 0.038100 0.015100 0.061400 0.069500 0.052500 0.076200 0.053500 0.070400 0.062100 0.007500 0.046000 0.007500 0.060600 0.030400 0.069100 0.069800 0.038000 0.045800 0.061100 0.054000 0.038300 0.076600 0.044800 0.061800 0.052500 0.093100 0.045800 0.067700 0.046200 0.022400 0.053700 0.078800 0.007500 0.015000
MuntiacusM 0.083200 0.292800 0.067600 0.257900 0.076200 0.091700 0.067600 0.084500 0.052500 0.000000 0.075400 0.092400 0.083400 0.075900 0.037000 0.075900 0.097500 0.098100 0.060200 0.068100 0.083500 0.091500 0.014400 0.066800 0.075400 0.092600 0.084300 0.060000 0.084000 0.060000 0.007200 0.068300 0.099200 0.091900 0.060100 0.067800 0.083000 0.076200 0.060600 0.067200 0.007200 0.083900 0.000000 0.083100 0.067800 0.089400 0.068400 0.044300 0.091700 0.101100 0.060000 0.067600
goat 0.007300 0.334900 0.084700 0.222100 0.030100 0.014800 0.037400 0.069700 0.053500 0.075400 0.000000 0.086000 0.022700 0.045400 0.037700 0.045400 0.099000 0.099500 0.014900 0.053500 0.052900 0.029900 0.075400 0.099500 0.000000 0.061600 0.037800 0.045300 0.053300 0.045300 0.083800 0.037800 0.084500 0.030300 0.014900 0.061200 0.007400 0.030100 0.045800 0.083800 0.067700 0.053300 0.075400 0.116900 0.061200 0.059500 0.022500 0.045100 0.045300 0.086100 0.045400 0.053000
AfricanBuf 0.094100 0.364100 0.085800 0.256500 0.086900 0.086400 0.061600 0.103900 0.054100 0.092400 0.086000 0.000000 0.094200 0.070100 0.053900 0.070100 0.116700 0.125900 0.078200 0.070300 0.094300 0.111000 0.092300 0.117300 0.086000 0.104100 0.103500 0.053900 0.078400 0.053900 0.101200 0.062300 0.102200 0.103200 0.078000 0.022500 0.093800 0.086900 0.078700 0.109700 0.084400 0.094900 0.092300 0.135500 0.022500 0.100100 0.078700 0.061400 0.086300 0.121400 0.054000 0.061700
Topi 0.029700 0.359300 0.092900 0.251800 0.053400 0.037500 0.045100 0.077700 0.061400 0.083400 0.022700 0.094200 0.000000 0.053200 0.045400 0.053200 0.107100 0.107600 0.022500 0.077500 0.060800 0.052900 0.083300 0.107700 0.022200 0.069600 0.015200 0.053100 0.061100 0.053100 0.091900 0.045600 0.092600 0.007400 0.022400 0.069100 0.030000 0.053400 0.053600 0.091900 0.075500 0.061100 0.083300 0.125500 0.069100 0.067200 0.045600 0.052800 0.053100 0.094400 0.053200 0.060800
CommonDuik 0.053100 0.337800 0.069100 0.223700 0.045800 0.061300 0.022400 0.070100 0.038100 0.075900 0.045400 0.070100 0.053200 0.000000 0.037900 0.030200 0.099600 0.100100 0.045700 0.053800 0.053200 0.077300 0.075800 0.100100 0.045400 0.062000 0.069800 0.030100 0.037900 0.030100 0.084300 0.022600 0.076900 0.061400 0.045600 0.061500 0.053000 0.045800 0.046000 0.084300 0.068100 0.053600 0.075800 0.117700 0.061500 0.075400 0.038100 0.045300 0.045600 0.086700 0.030200 0.037700
Suni 0.045300 0.302900 0.045400 0.233700 0.038100 0.053400 0.030000 0.046000 0.015000 0.037000 0.037700 0.053900 0.045400 0.037900 0.000000 0.037900 0.059800 0.075800 0.022500 0.030300 0.045500 0.053300 0.037000 0.060200 0.037700 0.054000 0.045900 0.022500 0.045800 0.022500 0.044900 0.030300 0.060900 0.053500 0.022500 0.030100 0.045200 0.038100 0.022700 0.060500 0.029500 0.045700 0.037000 0.076500 0.030100 0.052000 0.030400 0.007400 0.053400 0.062100 0.022500 0.030000
Springbuck 0.053100 0.327700 0.069100 0.223300 0.045800 0.061300 0.022400 0.053900 0.038100 0.075900 0.045400 0.070100 0.053200 0.030200 0.037900 0.000000 0.099600 0.100000 0.045700 0.053800 0.037600 0.077200 0.075800 0.100300 0.045400 0.054000 0.069800 0.030100 0.007500 0.030100 0.084300 0.022600 0.076900 0.061400 0.045600 0.061500 0.052900 0.045800 0.030400 0.084400 0.068000 0.037800 0.075800 0.117900 0.061500 0.075300 0.022600 0.045300 0.045500 0.070300 0.030100 0.037700
Okapi 0.090800 0.350700 0.107100 0.307000 0.100000 0.099400 0.091000 0.092300 0.075700 0.097500 0.099000 0.116700 0.107100 0.099600 0.059800 0.099600 0.000000 0.058500 0.083500 0.091700 0.107400 0.099300 0.081700 0.105600 0.099000 0.116900 0.108200 0.083200 0.107900 0.083200 0.106000 0.091900 0.114800 0.116000 0.083300 0.091300 0.098700 0.100000 0.084100 0.106200 0.089600 0.107900 0.097400 0.122900 0.091300 0.112800 0.092100 0.067100 0.115700 0.108800 0.083400 0.091000
Giraffe 0.107500 0.349200 0.124200 0.308900 0.100400 0.116300 0.091300 0.126100 0.092200 0.098100 0.099500 0.125900 0.107600 0.100100 0.075800 0.100000 0.058500 0.000000 0.100100 0.108700 0.107800 0.132900 0.082200 0.122300 0.099500 0.117500 0.125600 0.083600 0.108400 0.083600 0.106700 0.092300 0.115300 0.116500 0.100000 0.100100 0.099200 0.100400 0.100900 0.106500 0.090200 0.108400 0.098000 0.140200 0.100100 0.113400 0.092400 0.083300 0.116200 0.143400 0.083700 0.091400
TibetanAnt 0.022400 0.337200 0.069100 0.243800 0.045900 0.030200 0.037700 0.054000 0.038100 0.060200 0.014900 0.078200 0.022500 0.045700 0.022500 0.045700 0.083500 0.100100 0.000000 0.053800 0.053300 0.030100 0.060100 0.083900 0.014900 0.061900 0.022700 0.045600 0.053600 0.045600 0.068400 0.038100 0.085100 0.030300 0.000100 0.053500 0.022400 0.045900 0.030400 0.084400 0.052400 0.053600 0.060100 0.101000 0.053500 0.059900 0.038100 0.030000 0.045700 0.068400 0.045700 0.053300
Sitatunga 0.061300 0.282800 0.045500 0.234900 0.054000 0.069700 0.045600 0.078600 0.015100 0.068100 0.053500 0.070300 0.077500 0.053800 0.030300 0.053800 0.091700 0.108700 0.053800 0.000000 0.077500 0.069500 0.068100 0.092300 0.053500 0.086900 0.078300 0.022900 0.061900 0.022900 0.076500 0.046100 0.085300 0.086100 0.053700 0.061700 0.061100 0.054000 0.054200 0.092800 0.060400 0.078000 0.068100 0.109700 0.061700 0.075700 0.046200 0.037700 0.069600 0.095500 0.022700 0.030100
Oribi 0.060600 0.360800 0.093100 0.242600 0.053500 0.068900 0.045200 0.061500 0.061400 0.083500 0.052900 0.094300 0.060800 0.053200 0.045500 0.037600 0.107400 0.107800 0.053300 0.077500 0.000000 0.068800 0.083400 0.108000 0.052900 0.061700 0.077600 0.053200 0.045400 0.053200 0.092000 0.045600 0.092800 0.069100 0.053200 0.069200 0.060500 0.053500 0.037900 0.092100 0.075600 0.045400 0.083500 0.125800 0.069200 0.082900 0.030100 0.052900 0.068900 0.094500 0.053200 0.060900
BarbaryShe 0.022300 0.359000 0.101200 0.232900 0.061500 0.030400 0.068800 0.069900 0.069500 0.091500 0.029900 0.111000 0.052900 0.077300 0.053300 0.077200 0.099300 0.132900 0.030100 0.069500 0.068800 0.000000 0.091400 0.116100 0.030600 0.094400 0.053500 0.077100 0.069300 0.077100 0.100200 0.069500 0.117800 0.061100 0.030100 0.085300 0.037300 0.061500 0.061700 0.116700 0.083600 0.085500 0.091400 0.134100 0.085300 0.091100 0.053600 0.060800 0.077200 0.102900 0.077300 0.085000
Daviddeer 0.083200 0.307400 0.067600 0.257700 0.076200 0.091600 0.067600 0.084400 0.052500 0.014400 0.075400 0.092300 0.083300 0.075800 0.037000 0.075800 0.081700 0.082200 0.060100 0.068100 0.083400 0.091400 0.000000 0.066800 0.075400 0.092500 0.084200 0.059900 0.083900 0.059900 0.021800 0.068200 0.099100 0.091800 0.060000 0.067800 0.083000 0.076200 0.060500 0.067100 0.007100 0.083900 0.014300 0.083000 0.067800 0.089300 0.068300 0.044300 0.091600 0.101000 0.060000 0.067500
Reindeer 0.107400 0.285900 0.091600 0.257100 0.100600 0.116300 0.091500 0.092700 0.076200 0.066800 0.099500 0.117300 0.107700 0.100100 0.060200 0.100300 0.105600 0.122300 0.083900 0.092300 0.108000 0.116100 0.066800 0.000000 0.099500 0.100900 0.108900 0.083700 0.108600 0.083700 0.082400 0.092400 0.107300 0.116700 0.083800 0.091800 0.107200 0.100600 0.084600 0.029200 0.059200 0.108500 0.066800 0.014500 0.091800 0.113300 0.092600 0.067500 0.083600 0.092800 0.083900 0.091600
Ibex 0.007500 0.334900 0.084700 0.222100 0.030100 0.014800 0.037400 0.069700 0.053500 0.075400 0.000000 0.086000 0.022200 0.045400 0.037700 0.045400 0.099000 0.099500 0.014900 0.053500 0.052900 0.030600 0.075400 0.099500 0.000000 0.061600 0.037800 0.045300 0.053300 0.045300 0.083800 0.037800 0.084500 0.029900 0.014900 0.061200 0.007400 0.030100 0.045800 0.083800 0.067700 0.053300 0.075400 0.116900 0.061200 0.059500 0.022500 0.045100 0.045300 0.086100 0.045400 0.053000
GyrantGaze 0.069500 0.363300 0.102500 0.245600 0.062200 0.078000 0.053600 0.062600 0.070400 0.092600 0.061600 0.104100 0.069600 0.062000 0.054000 0.054000 0.116900 0.117500 0.061900 0.086900 0.061700 0.094400 0.092500 0.100900 0.061600 0.000000 0.086900 0.061800 0.062100 0.061800 0.101400 0.054200 0.102300 0.078100 0.061900 0.078300 0.069300 0.062200 0.038500 0.101300 0.084600 0.046200 0.092500 0.118600 0.078300 0.092100 0.046300 0.061500 0.061800 0.062700 0.061900 0.069700
Hartebeest 0.046000 0.364300 0.093900 0.275800 0.070100 0.053600 0.061400 0.078600 0.062100 0.084300 0.037800 0.103500 0.015200 0.069800 0.045900 0.069800 0.108200 0.125600 0.022700 0.078300 0.077600 0.053500 0.084200 0.108900 0.037800 0.086900 0.000000 0.069700 0.078100 0.069700 0.092900 0.062100 0.110400 0.007500 0.022700 0.077900 0.045400 0.070100 0.054200 0.109500 0.076300 0.078000 0.084200 0.126900 0.077900 0.083800 0.062100 0.053400 0.069700 0.095500 0.069900 0.077600
Bongo 0.053000 0.292000 0.037500 0.223200 0.045800 0.061200 0.022400 0.070000 0.007500 0.060000 0.045300 0.053900 0.053100 0.030100 0.022500 0.030100 0.083200 0.083600 0.045600 0.022900 0.053200 0.077100 0.059900 0.083700 0.045300 0.061800 0.069700 0.000000 0.037900 0.000000 0.068100 0.022600 0.060800 0.061300 0.045600 0.045600 0.052900 0.045800 0.046000 0.068200 0.052300 0.053500 0.059900 0.100800 0.045600 0.059500 0.038000 0.029900 0.045500 0.086500 0.000000 0.007500
Gerenuk 0.061000 0.339400 0.077300 0.214100 0.053800 0.069400 0.030000 0.062000 0.046000 0.084000 0.053300 0.078400 0.061100 0.037900 0.045800 0.007500 0.107900 0.108400 0.053600 0.061900 0.045400 0.069300 0.083900 0.108600 0.053300 0.062100 0.078100 0.037900 0.000000 0.037900 0.092600 0.030300 0.085100 0.069500 0.053500 0.069600 0.060900 0.053800 0.038200 0.092600 0.076100 0.045700 0.083900 0.126500 0.069600 0.083300 0.030300 0.053200 0.053400 0.078700 0.037900 0.045500
CommonElan 0.053000 0.292000 0.037500 0.223200 0.045800 0.061200 0.022400 0.070000 0.007500 0.060000 0.045300 0.053900 0.053100 0.030100 0.022500 0.030100 0.083200 0.083600 0.045600 0.022900 0.053200 0.077100 0.059900 0.083700 0.045300 0.061800 0.069700 0.000000 0.037900 0.000000 0.068100 0.022600 0.060800 0.061300 0.045600 0.045600 0.052900 0.045800 0.046000 0.068200 0.052300 0.053500 0.059900 0.100800 0.045600 0.059500 0.038000 0.029900 0.045500 0.086500 0.000000 0.007400
MuntiacusR 0.091700 0.298400 0.075900 0.269600 0.084700 0.100400 0.075900 0.093100 0.060600 0.007200 0.083800 0.101200 0.091900 0.084300 0.044900 0.084300 0.106000 0.106700 0.068400 0.076500 0.092000 0.100200 0.021800 0.082400 0.083800 0.101400 0.092900 0.068100 0.092600 0.068100 0.000000 0.076600 0.107900 0.100600 0.068300 0.076100 0.091500 0.084700 0.068800 0.075400 0.014500 0.092500 0.007200 0.075700 0.076100 0.097700 0.076700 0.052200 0.100300 0.110000 0.068200 0.075900
HarveysDui 0.045500 0.326800 0.061400 0.214800 0.038200 0.053700 0.014900 0.062300 0.030400 0.068300 0.037800 0.062300 0.045600 0.022600 0.030300 0.022600 0.091900 0.092300 0.038100 0.046100 0.045600 0.069500 0.068200 0.092400 0.037800 0.054200 0.062100 0.022600 0.030300 0.022600 0.076600 0.000000 0.069200 0.053700 0.038000 0.053800 0.045400 0.038200 0.038400 0.076600 0.060500 0.045900 0.068200 0.109800 0.053800 0.067800 0.030500 0.037800 0.038000 0.078800 0.022600 0.030200
Pronghorn 0.092500 0.334800 0.100800 0.268900 0.085400 0.101200 0.068500 0.110800 0.069100 0.099200 0.084500 0.102200 0.092600 0.076900 0.060900 0.076900 0.114800 0.115300 0.085100 0.085300 0.092800 0.117800 0.099100 0.107300 0.084500 0.102300 0.110400 0.060800 0.085100 0.060800 0.107900 0.069200 0.000000 0.101400 0.085000 0.085100 0.084300 0.085400 0.085700 0.091500 0.091200 0.076900 0.099100 0.124700 0.085100 0.098600 0.077400 0.068400 0.076600 0.110800 0.060900 0.068500
BlueWildeb 0.037500 0.374200 0.101700 0.263600 0.061700 0.045500 0.053200 0.086400 0.069800 0.091900 0.030300 0.103200 0.007400 0.061400 0.053500 0.061400 0.116000 0.116500 0.030300 0.086100 0.069100 0.061100 0.091800 0.116700 0.029900 0.078100 0.007500 0.061300 0.069500 0.061300 0.100600 0.053700 0.101400 0.000000 0.030200 0.077600 0.037400 0.061700 0.061900 0.100600 0.083900 0.069500 0.091800 0.134800 0.077600 0.075400 0.053800 0.061000 0.061300 0.103400 0.061400 0.069100
Gemsbok 0.022400 0.337000 0.066600 0.243300 0.045800 0.030200 0.037600 0.053900 0.038000 0.060100 0.014900 0.078000 0.022400 0.045600 0.022500 0.045600 0.083300 0.100000 0.000100 0.053700 0.053200 0.030100 0.060000 0.083800 0.014900 0.061900 0.022700 0.045600 0.053500 0.045600 0.068300 0.038000 0.085000 0.030200 0.000000 0.053400 0.022300 0.045800 0.030400 0.084300 0.052400 0.053600 0.060000 0.100900 0.053400 0.059800 0.038100 0.029900 0.045600 0.070100 0.045600 0.053200
Yak 0.069000 0.349000 0.077000 0.244200 0.061800 0.061500 0.053300 0.078200 0.045800 0.067800 0.061200 0.022500 0.069100 0.061500 0.030100 0.061500 0.091300 0.100100 0.053500 0.061700 0.069200 0.085300 0.067800 0.091800 0.061200 0.078300 0.077900 0.045600 0.069600 0.045600 0.076100 0.053800 0.085100 0.077600 0.053400 0.000000 0.068900 0.061800 0.053900 0.084300 0.060100 0.069700 0.067800 0.109100 0.000000 0.075400 0.053900 0.037500 0.077400 0.094900 0.045700 0.053300
BlueSheep 0.014900 0.334900 0.092500 0.230800 0.037600 0.022200 0.044900 0.077400 0.061100 0.083000 0.007400 0.093800 0.030000 0.053000 0.045200 0.052900 0.098700 0.099200 0.022400 0.061100 0.060500 0.037300 0.083000 0.107200 0.007400 0.069300 0.045400 0.052900 0.060900 0.052900 0.091500 0.045400 0.084300 0.037400 0.022300 0.068900 0.000000 0.037600 0.053400 0.091400 0.075200 0.060900 0.083000 0.124800 0.068900 0.067000 0.030000 0.052600 0.052900 0.094000 0.053000 0.060600
BohorReedb 0.037700 0.339600 0.085600 0.223400 0.000000 0.045800 0.037800 0.070400 0.054000 0.076200 0.030100 0.086900 0.053400 0.045800 0.038100 0.045800 0.100000 0.100400 0.045900 0.054000 0.053500 0.061500 0.076200 0.100600 0.030100 0.062200 0.070100 0.045800 0.053800 0.045800 0.084700 0.038200 0.085400 0.061700 0.045800 0.061800 0.037600 0.000000 0.046200 0.084700 0.068300 0.053800 0.076200 0.118300 0.061800 0.075600 0.022800 0.045500 0.061500 0.087000 0.045900 0.053500
KirksDik 0.053500 0.340900 0.069600 0.245800 0.046200 0.061800 0.038000 0.038400 0.038300 0.060600 0.045800 0.078700 0.053600 0.046000 0.022700 0.030400 0.084100 0.100900 0.030400 0.054200 0.037900 0.061700 0.060500 0.084600 0.045800 0.038500 0.054200 0.046000 0.038200 0.046000 0.068800 0.038400 0.085700 0.061900 0.030400 0.053900 0.053400 0.046200 0.000000 0.085000 0.052800 0.038200 0.060500 0.101800 0.053900 0.075900 0.022800 0.030200 0.061800 0.070800 0.046000 0.053700
RoeDeer 0.091600 0.310000 0.092100 0.258400 0.084700 0.100300 0.075900 0.109800 0.076600 0.067200 0.083800 0.109700 0.091900 0.084300 0.060500 0.084400 0.106200 0.106500 0.084400 0.092800 0.092100 0.116700 0.067100 0.029200 0.083800 0.101300 0.109500 0.068200 0.092600 0.068200 0.075400 0.076600 0.091500 0.100600 0.084300 0.084300 0.091400 0.084700 0.085000 0.000000 0.059500 0.092500 0.067100 0.044600 0.084300 0.097700 0.076800 0.067900 0.084000 0.109900 0.068300 0.075900
WhiteLippe 0.075400 0.297100 0.059900 0.248200 0.068300 0.083800 0.059900 0.076500 0.044800 0.007200 0.067700 0.084400 0.075500 0.068100 0.029500 0.068000 0.089600 0.090200 0.052400 0.060400 0.075600 0.083600 0.007100 0.059200 0.067700 0.084600 0.076300 0.052300 0.076100 0.052300 0.014500 0.060500 0.091200 0.083900 0.052400 0.060100 0.075200 0.068300 0.052800 0.059500 0.000000 0.076000 0.007300 0.075300 0.060100 0.081600 0.060500 0.036800 0.083700 0.092900 0.052300 0.059900
ThomsonGaz 0.061100 0.373400 0.093500 0.254100 0.053800 0.069400 0.045400 0.062000 0.061800 0.083900 0.053300 0.094900 0.061100 0.053600 0.045700 0.037800 0.107900 0.108400 0.053600 0.078000 0.045400 0.085500 0.083900 0.108500 0.053300 0.046200 0.078000 0.053500 0.045700 0.053500 0.092500 0.045900 0.076900 0.069500 0.053600 0.069700 0.060900 0.053800 0.038200 0.092500 0.076000 0.000000 0.083800 0.126300 0.069700 0.083400 0.030300 0.053200 0.069400 0.078700 0.053600 0.061200
MuntiacusC 0.083100 0.285600 0.067600 0.257700 0.076200 0.091600 0.067600 0.084400 0.052500 0.000000 0.075400 0.092300 0.083300 0.075800 0.037000 0.075800 0.097400 0.098000 0.060100 0.068100 0.083500 0.091400 0.014300 0.066800 0.075400 0.092500 0.084200 0.059900 0.083900 0.059900 0.007200 0.068200 0.099100 0.091800 0.060000 0.067800 0.083000 0.076200 0.060500 0.067100 0.007300 0.083800 0.000000 0.083100 0.067800 0.089300 0.068300 0.044300 0.091600 0.101000 0.060000 0.067500
WhiteTaile 0.125100 0.309400 0.108900 0.270700 0.118300 0.134400 0.108800 0.110200 0.093100 0.083100 0.116900 0.135500 0.125500 0.117700 0.076500 0.117900 0.122900 0.140200 0.101000 0.109700 0.125800 0.134100 0.083000 0.014500 0.116900 0.118600 0.126900 0.100800 0.126500 0.100800 0.075700 0.109800 0.124700 0.134800 0.100900 0.109100 0.124800 0.118300 0.101800 0.044600 0.075300 0.126300 0.083100 0.000000 0.109100 0.130700 0.110100 0.084000 0.100600 0.110300 0.101000 0.108800
Cattle 0.069000 0.349000 0.077000 0.244200 0.061800 0.061500 0.053300 0.078200 0.045800 0.067800 0.061200 0.022500 0.069100 0.061500 0.030100 0.061500 0.091300 0.100100 0.053500 0.061700 0.069200 0.085300 0.067800 0.091800 0.061200 0.078300 0.077900 0.045600 0.069600 0.045600 0.076100 0.053800 0.085100 0.077600 0.053400 0.000000 0.068900 0.061800 0.053900 0.084300 0.060100 0.069700 0.067800 0.109100 0.000000 0.075400 0.053900 0.037500 0.077400 0.094900 0.045700 0.053300
RoyalAntel 0.067100 0.350200 0.096600 0.276000 0.075600 0.075300 0.067100 0.100200 0.067700 0.089400 0.059500 0.100100 0.067200 0.075400 0.052000 0.075300 0.112800 0.113400 0.059900 0.075700 0.082900 0.091100 0.089300 0.113300 0.059500 0.092100 0.083800 0.059500 0.083300 0.059500 0.097700 0.067800 0.098600 0.075400 0.059800 0.075400 0.067000 0.075600 0.075900 0.097700 0.081600 0.083400 0.089300 0.130700 0.075400 0.000000 0.067900 0.059300 0.075300 0.117000 0.059600 0.067100
Steenbok 0.030100 0.328200 0.077600 0.215100 0.022800 0.038000 0.030200 0.046300 0.046200 0.068400 0.022500 0.078700 0.045600 0.038100 0.030400 0.022600 0.092100 0.092400 0.038100 0.046200 0.030100 0.053600 0.068300 0.092600 0.022500 0.046300 0.062100 0.038000 0.030300 0.038000 0.076700 0.030500 0.077400 0.053800 0.038100 0.053900 0.030000 0.022800 0.022800 0.076800 0.060500 0.030300 0.068300 0.110100 0.053900 0.067900 0.000000 0.037800 0.053700 0.078900 0.038100 0.045700
Impala 0.052700 0.311800 0.052800 0.241800 0.045500 0.060900 0.037400 0.053600 0.022400 0.044300 0.045100 0.061400 0.052800 0.045300 0.007400 0.045300 0.067100 0.083300 0.030000 0.037700 0.052900 0.060800 0.044300 0.067500 0.045100 0.061500 0.053400 0.029900 0.053200 0.029900 0.052200 0.037800 0.068400 0.061000 0.029900 0.037500 0.052600 0.045500 0.030200 0.067900 0.036800 0.053200 0.044300 0.084000 0.037500 0.059300 0.037800 0.000000 0.060900 0.069700 0.029900 0.037400
Klipspring 0.053000 0.323100 0.085000 0.212300 0.061500 0.061200 0.037600 0.069900 0.053700 0.091700 0.045300 0.086300 0.053100 0.045600 0.053400 0.045500 0.115700 0.116200 0.045700 0.069600 0.068900 0.077200 0.091600 0.083600 0.045300 0.061800 0.069700 0.045500 0.053400 0.045500 0.100300 0.038000 0.076600 0.061300 0.045600 0.077400 0.052900 0.061500 0.061800 0.084000 0.083700 0.069400 0.091600 0.100600 0.077400 0.075300 0.053700 0.060900 0.000000 0.069900 0.045500 0.053200
ForestMusk 0.094200 0.352200 0.111200 0.265500 0.087000 0.103200 0.077900 0.079100 0.078800 0.101100 0.086100 0.121400 0.094400 0.086700 0.062100 0.070300 0.108800 0.143400 0.068400 0.095500 0.094500 0.102900 0.101000 0.092800 0.086100 0.062700 0.095500 0.086500 0.078700 0.086500 0.110000 0.078800 0.110800 0.103400 0.070100 0.094900 0.094000 0.087000 0.070800 0.109900 0.092900 0.078700 0.101000 0.110300 0.094900 0.117000 0.078900 0.069700 0.069900 0.000000 0.086700 0.094600
Bushbuck 0.053100 0.292300 0.037700 0.223600 0.045900 0.061300 0.022400 0.070100 0.007500 0.060000 0.045400 0.054000 0.053200 0.030200 0.022500 0.030100 0.083400 0.083700 0.045700 0.022700 0.053200 0.077300 0.060000 0.083900 0.045400 0.061900 0.069900 0.000000 0.037900 0.000000 0.068200 0.022600 0.060900 0.061400 0.045600 0.045700 0.053000 0.045900 0.046000 0.068300 0.052300 0.053600 0.060000 0.101000 0.045700 0.059600 0.038100 0.029900 0.045500 0.086700 0.000000 0.007400
GreaterKud 0.060700 0.302300 0.029800 0.232400 0.053500 0.069000 0.029900 0.077900 0.015000 0.067600 0.053000 0.061700 0.060800 0.037700 0.030000 0.037700 0.091000 0.091400 0.053300 0.030100 0.060900 0.085000 0.067500 0.091600 0.053000 0.069700 0.077600 0.007500 0.045500 0.007400 0.075900 0.030200 0.068500 0.069100 0.053200 0.053300 0.060600 0.053500 0.053700 0.075900 0.059900 0.061200 0.067500 0.108800 0.053300 0.067100 0.045700 0.037400 0.053200 0.094600 0.007400 0.000000
