CODONML (in paml version 4.10.7, June 2023)  /home/rachel/ruminants_paml/6406-phy-tree/ENSBTAT00000021593.fasta.phy
Model: free dN/dS Ratios for branches,  kappa = 2.000 fixed

Codon frequency model: F3x4
ns =  54  ls =  38

Codon usage in sequences
--------------------------------------------------------------------------------------------------------------------------------------
Phe TTT   0   0   0   0   0   0 | Ser TCT   0   0   0   0   0   1 | Tyr TAT   0   0   0   0   0   0 | Cys TGT   1   2   1   1   1   2
    TTC   3   3   3   3   3   3 |     TCC   2   2   2   1   1   1 |     TAC   1   1   1   1   1   1 |     TGC   1   0   1   1   1   0
Leu TTA   0   0   0   0   0   0 |     TCA   0   0   0   0   1   0 | *** TAA   0   0   0   0   0   0 | *** TGA   0   0   0   0   0   0
    TTG   0   0   0   0   0   0 |     TCG   0   0   0   1   0   0 |     TAG   0   0   0   0   0   0 | Trp TGG   0   0   0   0   0   0
--------------------------------------------------------------------------------------------------------------------------------------
Leu CTT   0   0   0   0   0   0 | Pro CCT   0   0   0   0   0   0 | His CAT   0   0   1   0   0   0 | Arg CGT   0   0   0   0   0   0
    CTC   0   0   0   0   2   0 |     CCC   0   0   0   0   0   0 |     CAC   4   4   3   4   4   4 |     CGC   4   4   4   4   4   4
    CTA   0   0   0   0   0   0 |     CCA   0   1   0   0   0   0 | Gln CAA   0   0   0   0   0   0 |     CGA   1   0   1   1   0   0
    CTG   3   3   3   3   1   3 |     CCG   1   0   1   1   1   1 |     CAG   1   1   1   1   1   1 |     CGG   0   1   0   0   1   1
--------------------------------------------------------------------------------------------------------------------------------------
Ile ATT   0   0   0   0   0   0 | Thr ACT   1   0   1   1   0   0 | Asn AAT   0   0   0   0   0   0 | Ser AGT   0   0   0   0   1   0
    ATC   0   0   0   0   0   0 |     ACC   2   3   2   2   3   3 |     AAC   0   0   0   0   0   0 |     AGC   1   1   1   1   0   1
    ATA   0   0   0   0   0   0 |     ACA   1   1   1   1   0   0 | Lys AAA   0   0   0   0   0   0 | Arg AGA   0   0   0   0   0   0
Met ATG   1   1   1   1   1   1 |     ACG   0   0   0   0   1   1 |     AAG   4   4   4   4   4   4 |     AGG   0   0   0   0   0   0
--------------------------------------------------------------------------------------------------------------------------------------
Val GTT   0   0   0   0   0   0 | Ala GCT   0   0   0   0   0   0 | Asp GAT   1   1   1   0   0   0 | Gly GGT   0   0   0   0   0   0
    GTC   0   0   0   0   0   0 |     GCC   0   0   0   0   0   0 |     GAC   1   1   1   2   2   2 |     GGC   0   0   0   0   0   0
    GTA   0   0   0   0   0   0 |     GCA   0   0   0   0   0   0 | Glu GAA   0   0   0   0   0   0 |     GGA   0   0   0   0   0   0
    GTG   0   0   0   0   0   0 |     GCG   0   0   0   0   0   0 |     GAG   3   3   3   3   3   3 |     GGG   1   1   1   1   1   1
--------------------------------------------------------------------------------------------------------------------------------------

--------------------------------------------------------------------------------------------------------------------------------------
Phe TTT   0   0   0   0   0   0 | Ser TCT   0   0   0   0   0   0 | Tyr TAT   0   0   0   0   0   0 | Cys TGT   1   1   1   1   1   1
    TTC   3   3   3   3   3   3 |     TCC   2   2   2   2   2   1 |     TAC   1   1   1   1   1   1 |     TGC   1   1   1   1   1   1
Leu TTA   0   0   0   0   0   0 |     TCA   0   0   0   0   0   0 | *** TAA   0   0   0   0   0   0 | *** TGA   0   0   0   0   0   0
    TTG   0   0   0   0   0   0 |     TCG   0   0   0   0   0   1 |     TAG   0   0   0   0   0   0 | Trp TGG   0   0   0   0   0   0
--------------------------------------------------------------------------------------------------------------------------------------
Leu CTT   0   0   0   0   0   0 | Pro CCT   0   0   0   0   0   0 | His CAT   0   0   0   0   0   0 | Arg CGT   0   0   0   0   0   0
    CTC   0   0   0   0   0   1 |     CCC   0   0   0   0   0   0 |     CAC   4   4   4   4   4   4 |     CGC   4   4   4   5   4   4
    CTA   0   0   0   0   0   0 |     CCA   0   0   0   0   0   0 | Gln CAA   0   0   0   0   0   0 |     CGA   1   1   1   0   1   1
    CTG   3   3   3   3   3   2 |     CCG   1   1   1   1   1   1 |     CAG   1   1   1   1   1   1 |     CGG   0   0   0   0   0   0
--------------------------------------------------------------------------------------------------------------------------------------
Ile ATT   0   0   0   0   0   0 | Thr ACT   1   1   1   1   1   1 | Asn AAT   0   0   0   0   0   0 | Ser AGT   0   0   0   0   0   0
    ATC   0   0   0   0   0   0 |     ACC   2   2   2   2   2   2 |     AAC   0   0   0   0   0   0 |     AGC   1   1   1   1   1   1
    ATA   0   0   0   0   0   0 |     ACA   0   1   1   1   1   1 | Lys AAA   0   0   0   0   0   0 | Arg AGA   0   0   0   0   0   0
Met ATG   1   1   1   1   1   1 |     ACG   1   0   0   0   0   0 |     AAG   4   4   4   4   4   4 |     AGG   0   0   0   0   0   0
--------------------------------------------------------------------------------------------------------------------------------------
Val GTT   0   0   0   0   0   0 | Ala GCT   0   0   0   0   0   0 | Asp GAT   0   1   0   0   0   0 | Gly GGT   0   0   0   0   0   0
    GTC   0   0   0   0   0   0 |     GCC   0   0   0   0   0   0 |     GAC   2   1   2   2   2   2 |     GGC   0   0   0   0   0   0
    GTA   0   0   0   0   0   0 |     GCA   0   0   0   0   0   0 | Glu GAA   0   0   0   0   0   0 |     GGA   0   0   0   0   0   0
    GTG   0   0   0   0   0   0 |     GCG   0   0   0   0   0   0 |     GAG   3   3   3   3   3   3 |     GGG   1   1   1   1   1   1
--------------------------------------------------------------------------------------------------------------------------------------

--------------------------------------------------------------------------------------------------------------------------------------
Phe TTT   0   0   0   0   0   0 | Ser TCT   0   0   0   0   0   0 | Tyr TAT   0   0   0   0   0   0 | Cys TGT   1   1   0   1   1   1
    TTC   3   3   3   3   3   3 |     TCC   2   2   0   2   2   2 |     TAC   1   1   1   1   1   1 |     TGC   1   1   2   1   1   1
Leu TTA   0   0   0   0   0   0 |     TCA   0   0   0   0   0   0 | *** TAA   0   0   0   0   0   0 | *** TGA   0   0   0   0   0   0
    TTG   0   0   0   0   0   0 |     TCG   0   0   2   0   0   0 |     TAG   0   0   0   0   0   0 | Trp TGG   0   0   0   0   0   0
--------------------------------------------------------------------------------------------------------------------------------------
Leu CTT   0   0   0   0   0   0 | Pro CCT   0   0   0   0   0   0 | His CAT   0   0   0   0   0   0 | Arg CGT   0   0   0   0   0   0
    CTC   0   0   0   0   0   0 |     CCC   0   0   0   0   0   0 |     CAC   4   4   4   4   4   4 |     CGC   4   5   5   4   4   4
    CTA   0   0   0   0   0   0 |     CCA   0   0   0   0   0   0 | Gln CAA   0   0   0   0   0   0 |     CGA   1   0   0   1   1   1
    CTG   3   3   3   3   3   3 |     CCG   1   1   1   1   1   1 |     CAG   1   1   1   1   1   1 |     CGG   0   0   0   0   0   0
--------------------------------------------------------------------------------------------------------------------------------------
Ile ATT   0   0   0   0   0   0 | Thr ACT   1   1   0   1   1   1 | Asn AAT   0   0   0   0   0   0 | Ser AGT   0   0   0   0   0   0
    ATC   0   0   0   0   0   0 |     ACC   2   2   2   2   2   2 |     AAC   0   0   0   0   0   0 |     AGC   1   1   1   1   1   1
    ATA   0   0   0   0   0   0 |     ACA   1   1   1   1   1   1 | Lys AAA   0   0   0   0   0   0 | Arg AGA   0   0   0   0   0   0
Met ATG   1   1   1   1   1   1 |     ACG   0   0   1   0   0   0 |     AAG   4   4   4   4   4   4 |     AGG   0   0   0   0   0   0
--------------------------------------------------------------------------------------------------------------------------------------
Val GTT   0   0   0   0   0   0 | Ala GCT   0   0   0   0   0   0 | Asp GAT   0   0   0   0   0   0 | Gly GGT   0   0   0   0   0   0
    GTC   0   0   0   0   0   0 |     GCC   0   0   0   0   0   0 |     GAC   2   2   2   2   2   2 |     GGC   0   0   0   0   0   0
    GTA   0   0   0   0   0   0 |     GCA   0   0   0   0   0   0 | Glu GAA   0   0   0   0   0   0 |     GGA   0   0   0   0   0   0
    GTG   0   0   0   0   0   0 |     GCG   0   0   0   0   0   0 |     GAG   3   3   3   3   3   3 |     GGG   1   1   1   1   1   1
--------------------------------------------------------------------------------------------------------------------------------------

--------------------------------------------------------------------------------------------------------------------------------------
Phe TTT   1   1   0   0   0   0 | Ser TCT   0   0   0   0   0   0 | Tyr TAT   0   0   0   0   0   0 | Cys TGT   1   1   1   1   1   1
    TTC   2   2   3   3   3   3 |     TCC   2   2   2   2   2   2 |     TAC   1   1   1   1   1   1 |     TGC   1   1   1   1   1   1
Leu TTA   0   0   0   0   0   0 |     TCA   0   0   0   0   0   0 | *** TAA   0   0   0   0   0   0 | *** TGA   0   0   0   0   0   0
    TTG   0   0   0   0   0   0 |     TCG   0   0   0   0   0   0 |     TAG   0   0   0   0   0   0 | Trp TGG   0   0   0   0   0   0
--------------------------------------------------------------------------------------------------------------------------------------
Leu CTT   0   0   0   0   0   0 | Pro CCT   0   0   0   0   0   0 | His CAT   0   0   0   0   0   0 | Arg CGT   0   0   0   0   0   0
    CTC   0   0   0   0   0   0 |     CCC   0   0   0   0   0   0 |     CAC   4   4   4   4   4   4 |     CGC   4   4   4   4   4   4
    CTA   0   0   0   0   0   0 |     CCA   0   1   0   0   0   0 | Gln CAA   0   0   0   0   0   0 |     CGA   1   1   1   1   1   1
    CTG   3   3   3   3   3   3 |     CCG   1   0   1   1   1   1 |     CAG   1   1   1   1   1   1 |     CGG   0   0   0   0   0   0
--------------------------------------------------------------------------------------------------------------------------------------
Ile ATT   0   0   0   0   0   0 | Thr ACT   0   0   1   1   1   1 | Asn AAT   0   0   0   0   0   0 | Ser AGT   0   0   0   0   0   0
    ATC   0   0   0   0   0   0 |     ACC   3   3   2   2   2   2 |     AAC   0   0   0   0   0   0 |     AGC   1   1   1   1   1   1
    ATA   0   0   0   0   0   0 |     ACA   0   0   1   1   1   1 | Lys AAA   0   0   0   0   0   0 | Arg AGA   0   0   0   0   0   0
Met ATG   1   1   1   1   1   1 |     ACG   1   1   0   0   0   0 |     AAG   4   4   4   4   4   4 |     AGG   0   0   0   0   0   0
--------------------------------------------------------------------------------------------------------------------------------------
Val GTT   0   0   0   0   0   0 | Ala GCT   0   0   0   0   0   0 | Asp GAT   0   0   0   0   0   0 | Gly GGT   0   0   0   0   0   0
    GTC   0   0   0   0   0   0 |     GCC   0   0   0   0   0   0 |     GAC   2   2   2   2   2   2 |     GGC   0   0   0   0   0   0
    GTA   0   0   0   0   0   0 |     GCA   0   0   0   0   0   0 | Glu GAA   0   0   0   0   0   0 |     GGA   0   0   0   0   0   0
    GTG   0   0   0   0   0   0 |     GCG   0   0   0   0   0   0 |     GAG   3   3   3   3   3   3 |     GGG   1   1   1   1   1   1
--------------------------------------------------------------------------------------------------------------------------------------

--------------------------------------------------------------------------------------------------------------------------------------
Phe TTT   0   0   0   0   0   0 | Ser TCT   0   0   0   0   0   0 | Tyr TAT   0   0   0   0   0   0 | Cys TGT   1   1   1   1   0   1
    TTC   3   3   3   3   3   3 |     TCC   2   1   2   2   0   2 |     TAC   1   1   1   1   1   1 |     TGC   1   1   1   1   2   1
Leu TTA   0   0   0   0   0   0 |     TCA   0   0   0   0   0   0 | *** TAA   0   0   0   0   0   0 | *** TGA   0   0   0   0   0   0
    TTG   0   0   0   0   0   0 |     TCG   0   1   0   0   2   0 |     TAG   0   0   0   0   0   0 | Trp TGG   0   0   0   0   0   0
--------------------------------------------------------------------------------------------------------------------------------------
Leu CTT   0   0   0   0   0   0 | Pro CCT   0   0   0   0   0   0 | His CAT   1   0   0   0   0   0 | Arg CGT   0   0   0   0   0   0
    CTC   1   1   0   0   0   0 |     CCC   0   0   0   0   0   0 |     CAC   3   4   4   4   4   4 |     CGC   4   4   4   4   5   4
    CTA   0   0   0   0   0   0 |     CCA   0   0   0   0   0   0 | Gln CAA   0   0   0   0   0   0 |     CGA   1   1   1   1   0   1
    CTG   2   2   3   3   3   3 |     CCG   1   1   1   1   1   1 |     CAG   1   1   1   1   1   1 |     CGG   0   0   0   0   0   0
--------------------------------------------------------------------------------------------------------------------------------------
Ile ATT   0   0   0   0   0   0 | Thr ACT   1   1   1   1   0   1 | Asn AAT   0   0   0   0   0   0 | Ser AGT   0   0   0   0   0   0
    ATC   0   0   0   0   0   0 |     ACC   2   2   2   2   2   2 |     AAC   0   0   0   0   0   0 |     AGC   1   1   1   1   1   1
    ATA   0   0   0   0   0   0 |     ACA   1   1   1   1   0   1 | Lys AAA   0   0   0   0   0   0 | Arg AGA   0   0   0   0   0   0
Met ATG   1   1   1   1   1   1 |     ACG   0   0   0   0   2   0 |     AAG   4   4   4   4   4   4 |     AGG   0   0   0   0   0   0
--------------------------------------------------------------------------------------------------------------------------------------
Val GTT   0   0   0   0   0   0 | Ala GCT   0   0   0   0   0   0 | Asp GAT   0   0   0   0   0   0 | Gly GGT   0   0   0   0   0   0
    GTC   0   0   0   0   0   0 |     GCC   0   0   0   0   0   0 |     GAC   2   2   2   2   2   2 |     GGC   0   0   0   0   0   0
    GTA   0   0   0   0   0   0 |     GCA   0   0   0   0   0   0 | Glu GAA   0   0   0   0   0   0 |     GGA   0   0   0   0   0   0
    GTG   0   0   0   0   0   0 |     GCG   0   0   0   0   0   0 |     GAG   3   3   3   3   3   3 |     GGG   1   1   1   1   1   1
--------------------------------------------------------------------------------------------------------------------------------------

--------------------------------------------------------------------------------------------------------------------------------------
Phe TTT   0   0   0   0   0   0 | Ser TCT   0   0   0   0   0   0 | Tyr TAT   0   0   0   0   0   0 | Cys TGT   1   1   1   1   1   0
    TTC   3   3   3   3   3   3 |     TCC   2   2   1   2   2   0 |     TAC   1   1   1   1   1   1 |     TGC   1   1   1   1   1   2
Leu TTA   0   0   0   0   0   0 |     TCA   0   0   0   0   0   0 | *** TAA   0   0   0   0   0   0 | *** TGA   0   0   0   0   0   0
    TTG   0   0   0   0   0   0 |     TCG   0   0   1   0   0   2 |     TAG   0   0   0   0   0   0 | Trp TGG   0   0   0   0   0   0
--------------------------------------------------------------------------------------------------------------------------------------
Leu CTT   0   0   0   0   0   0 | Pro CCT   0   0   0   0   0   0 | His CAT   0   0   0   0   1   0 | Arg CGT   0   0   0   0   0   0
    CTC   0   0   1   0   0   0 |     CCC   0   0   0   0   0   0 |     CAC   4   4   4   4   3   4 |     CGC   4   4   4   4   4   5
    CTA   0   0   0   0   0   0 |     CCA   0   0   0   0   1   0 | Gln CAA   0   0   0   0   0   0 |     CGA   1   1   1   1   1   0
    CTG   3   3   2   3   3   3 |     CCG   1   1   1   1   0   1 |     CAG   1   1   1   1   1   1 |     CGG   0   0   0   0   0   0
--------------------------------------------------------------------------------------------------------------------------------------
Ile ATT   0   0   0   0   0   0 | Thr ACT   1   1   1   1   1   0 | Asn AAT   0   0   0   0   0   0 | Ser AGT   0   0   0   0   0   0
    ATC   0   0   0   0   0   0 |     ACC   2   2   2   2   2   1 |     AAC   0   0   0   0   0   0 |     AGC   1   1   1   1   1   1
    ATA   0   0   0   0   0   0 |     ACA   1   1   1   1   1   1 | Lys AAA   0   0   0   0   0   0 | Arg AGA   0   0   0   0   0   0
Met ATG   1   1   1   1   1   1 |     ACG   0   0   0   0   0   2 |     AAG   4   4   4   4   4   4 |     AGG   0   0   0   0   0   0
--------------------------------------------------------------------------------------------------------------------------------------
Val GTT   0   0   0   0   0   0 | Ala GCT   0   0   0   0   0   0 | Asp GAT   0   0   0   0   0   0 | Gly GGT   0   0   0   0   0   0
    GTC   0   0   0   0   0   0 |     GCC   0   0   0   0   0   0 |     GAC   2   2   2   2   2   2 |     GGC   0   0   0   0   0   0
    GTA   0   0   0   0   0   0 |     GCA   0   0   0   0   0   0 | Glu GAA   0   0   0   0   0   0 |     GGA   0   0   0   0   0   0
    GTG   0   0   0   0   0   0 |     GCG   0   0   0   0   0   0 |     GAG   3   3   3   3   3   3 |     GGG   1   1   1   1   1   1
--------------------------------------------------------------------------------------------------------------------------------------

--------------------------------------------------------------------------------------------------------------------------------------
Phe TTT   0   0   0   0   0   0 | Ser TCT   0   0   0   0   0   0 | Tyr TAT   0   0   0   0   0   0 | Cys TGT   1   1   1   1   1   0
    TTC   3   3   3   3   3   3 |     TCC   2   2   2   2   2   1 |     TAC   1   1   1   1   1   1 |     TGC   1   1   1   1   1   2
Leu TTA   0   0   0   0   0   0 |     TCA   0   0   0   0   0   0 | *** TAA   0   0   0   0   0   0 | *** TGA   0   0   0   0   0   0
    TTG   0   0   0   0   0   0 |     TCG   0   0   0   0   0   1 |     TAG   0   0   0   0   0   0 | Trp TGG   0   0   0   0   0   0
--------------------------------------------------------------------------------------------------------------------------------------
Leu CTT   0   0   0   0   0   0 | Pro CCT   0   0   0   0   0   0 | His CAT   0   0   0   0   0   0 | Arg CGT   0   0   0   0   0   0
    CTC   0   0   0   0   0   1 |     CCC   0   0   0   0   0   0 |     CAC   4   4   4   4   4   4 |     CGC   4   5   4   4   4   4
    CTA   0   0   0   0   0   0 |     CCA   0   0   0   0   0   0 | Gln CAA   0   0   0   0   0   0 |     CGA   1   0   1   1   1   1
    CTG   3   3   3   3   3   2 |     CCG   1   1   1   1   1   1 |     CAG   1   1   1   1   1   1 |     CGG   0   0   0   0   0   0
--------------------------------------------------------------------------------------------------------------------------------------
Ile ATT   0   0   0   0   0   0 | Thr ACT   1   1   1   1   1   1 | Asn AAT   0   0   0   0   0   0 | Ser AGT   0   0   0   0   0   0
    ATC   0   0   0   0   0   0 |     ACC   2   2   2   2   2   2 |     AAC   0   0   0   0   0   0 |     AGC   1   1   1   1   1   1
    ATA   0   0   0   0   0   0 |     ACA   1   1   1   0   1   1 | Lys AAA   0   0   0   0   0   0 | Arg AGA   0   0   0   0   0   0
Met ATG   1   1   1   1   1   1 |     ACG   0   0   0   1   0   0 |     AAG   4   4   4   4   4   4 |     AGG   0   0   0   0   0   0
--------------------------------------------------------------------------------------------------------------------------------------
Val GTT   0   0   0   0   0   0 | Ala GCT   0   0   0   0   0   0 | Asp GAT   0   0   0   0   0   0 | Gly GGT   0   0   0   0   0   0
    GTC   0   0   0   0   0   0 |     GCC   0   0   0   0   0   0 |     GAC   2   2   2   2   2   2 |     GGC   0   0   0   0   0   0
    GTA   0   0   0   0   0   0 |     GCA   0   0   0   0   0   0 | Glu GAA   0   0   0   0   0   0 |     GGA   0   0   0   0   0   0
    GTG   0   0   0   0   0   0 |     GCG   0   0   0   0   0   0 |     GAG   3   3   3   3   3   3 |     GGG   1   1   1   1   1   1
--------------------------------------------------------------------------------------------------------------------------------------

--------------------------------------------------------------------------------------------------------------------------------------
Phe TTT   0   0   0   0   0   0 | Ser TCT   0   0   0   0   0   0 | Tyr TAT   0   0   0   0   0   0 | Cys TGT   1   1   1   1   1   1
    TTC   3   3   3   3   3   3 |     TCC   2   2   1   1   2   2 |     TAC   1   1   1   1   1   1 |     TGC   1   1   1   1   1   1
Leu TTA   0   0   0   0   0   0 |     TCA   0   0   0   0   0   0 | *** TAA   0   0   0   0   0   0 | *** TGA   0   0   0   0   0   0
    TTG   0   0   0   0   0   0 |     TCG   0   0   1   1   0   0 |     TAG   0   0   0   0   0   0 | Trp TGG   0   0   0   0   0   0
--------------------------------------------------------------------------------------------------------------------------------------
Leu CTT   0   0   0   0   0   0 | Pro CCT   0   0   0   0   0   0 | His CAT   0   0   0   0   0   0 | Arg CGT   0   0   0   0   0   0
    CTC   1   0   1   1   0   0 |     CCC   0   0   0   0   0   0 |     CAC   4   4   4   4   4   4 |     CGC   4   4   4   4   5   4
    CTA   0   0   0   0   0   0 |     CCA   0   0   0   0   0   0 | Gln CAA   0   0   0   0   0   0 |     CGA   1   1   1   1   0   1
    CTG   2   3   2   2   3   3 |     CCG   1   1   1   1   1   1 |     CAG   1   1   1   1   1   1 |     CGG   0   0   0   0   0   0
--------------------------------------------------------------------------------------------------------------------------------------
Ile ATT   0   0   0   0   0   0 | Thr ACT   1   1   1   1   1   1 | Asn AAT   0   0   0   0   0   0 | Ser AGT   0   0   0   0   0   0
    ATC   0   0   0   0   0   0 |     ACC   2   2   2   2   2   2 |     AAC   0   0   0   0   0   0 |     AGC   1   1   1   1   1   1
    ATA   0   0   0   0   0   0 |     ACA   1   0   1   1   1   1 | Lys AAA   0   0   0   0   0   0 | Arg AGA   0   0   0   0   0   0
Met ATG   1   1   1   1   1   1 |     ACG   0   1   0   0   0   0 |     AAG   4   4   4   4   4   4 |     AGG   0   0   0   0   0   0
--------------------------------------------------------------------------------------------------------------------------------------
Val GTT   0   0   0   0   0   0 | Ala GCT   0   0   0   0   0   0 | Asp GAT   0   0   0   0   0   0 | Gly GGT   0   0   0   0   0   0
    GTC   0   0   0   0   0   0 |     GCC   0   0   0   0   0   0 |     GAC   2   2   2   2   2   2 |     GGC   0   0   0   0   0   0
    GTA   0   0   0   0   0   0 |     GCA   0   0   0   0   0   0 | Glu GAA   0   0   0   0   0   0 |     GGA   0   0   0   0   0   0
    GTG   0   0   0   0   0   0 |     GCG   0   0   0   0   0   0 |     GAG   3   3   3   3   3   3 |     GGG   1   1   1   1   1   1
--------------------------------------------------------------------------------------------------------------------------------------

--------------------------------------------------------------------------------------------------------------------------------------
Phe TTT   0   0   0   0   0   0 | Ser TCT   1   0   0   0   0   0 | Tyr TAT   0   0   0   0   0   0 | Cys TGT   1   1   0   0   1   1
    TTC   3   3   3   3   3   3 |     TCC   1   2   1   1   2   2 |     TAC   1   1   1   1   1   1 |     TGC   1   1   2   2   1   1
Leu TTA   0   0   0   0   0   0 |     TCA   0   0   0   0   0   0 | *** TAA   0   0   0   0   0   0 | *** TGA   0   0   0   0   0   0
    TTG   0   0   0   0   0   0 |     TCG   0   0   0   0   0   0 |     TAG   0   0   0   0   0   0 | Trp TGG   0   0   0   0   0   0
--------------------------------------------------------------------------------------------------------------------------------------
Leu CTT   0   0   0   0   0   0 | Pro CCT   0   0   0   0   0   0 | His CAT   0   0   0   0   0   0 | Arg CGT   0   0   0   0   0   0
    CTC   0   0   0   0   0   0 |     CCC   0   0   1   1   0   0 |     CAC   4   4   4   4   4   4 |     CGC   4   4   3   3   4   4
    CTA   0   0   0   0   0   0 |     CCA   0   0   0   0   0   0 | Gln CAA   0   0   0   0   0   0 |     CGA   1   1   0   0   1   1
    CTG   3   3   2   2   3   3 |     CCG   1   1   0   0   1   1 |     CAG   1   1   0   0   1   1 |     CGG   0   0   1   1   0   0
--------------------------------------------------------------------------------------------------------------------------------------
Ile ATT   0   0   0   0   0   0 | Thr ACT   1   1   0   0   1   1 | Asn AAT   0   0   0   0   0   0 | Ser AGT   0   0   0   0   0   0
    ATC   0   0   1   1   0   0 |     ACC   2   1   1   2   2   2 |     AAC   0   0   0   0   0   0 |     AGC   1   1   2   2   1   1
    ATA   0   0   0   0   0   0 |     ACA   1   1   1   1   1   1 | Lys AAA   0   0   0   0   0   0 | Arg AGA   0   0   0   0   0   0
Met ATG   1   1   1   1   1   1 |     ACG   0   1   1   0   0   0 |     AAG   4   4   5   5   4   4 |     AGG   0   0   0   0   0   0
--------------------------------------------------------------------------------------------------------------------------------------
Val GTT   0   0   0   0   0   0 | Ala GCT   0   0   0   0   0   0 | Asp GAT   0   0   0   1   0   0 | Gly GGT   0   0   0   0   0   0
    GTC   0   0   0   0   0   0 |     GCC   0   0   0   0   0   0 |     GAC   2   2   3   2   2   2 |     GGC   0   0   0   0   0   0
    GTA   0   0   0   0   0   0 |     GCA   0   0   0   0   0   0 | Glu GAA   0   0   1   1   0   0 |     GGA   0   0   0   0   0   0
    GTG   0   0   0   0   0   0 |     GCG   0   0   2   2   0   0 |     GAG   3   3   1   1   3   3 |     GGG   1   1   1   1   1   1
--------------------------------------------------------------------------------------------------------------------------------------

Codon position x base (3x4) table for each sequence.

#1: Argali         
position  1:    T:0.21053    C:0.36842    A:0.26316    G:0.15789
position  2:    T:0.18421    C:0.18421    A:0.39474    G:0.23684
position  3:    T:0.07895    C:0.50000    A:0.05263    G:0.36842
Average         T:0.15789    C:0.35088    A:0.23684    G:0.25439

#2: LesserMouseDeer
position  1:    T:0.21053    C:0.36842    A:0.26316    G:0.15789
position  2:    T:0.18421    C:0.18421    A:0.39474    G:0.23684
position  3:    T:0.07895    C:0.50000    A:0.05263    G:0.36842
Average         T:0.15789    C:0.35088    A:0.23684    G:0.25439

#3: LesserKudu     
position  1:    T:0.21053    C:0.36842    A:0.26316    G:0.15789
position  2:    T:0.18421    C:0.18421    A:0.39474    G:0.23684
position  3:    T:0.10526    C:0.47368    A:0.05263    G:0.36842
Average         T:0.16667    C:0.34211    A:0.23684    G:0.25439

#4: ForestMuskDeer2
position  1:    T:0.21053    C:0.36842    A:0.26316    G:0.15789
position  2:    T:0.18421    C:0.18421    A:0.39474    G:0.23684
position  3:    T:0.05263    C:0.50000    A:0.05263    G:0.39474
Average         T:0.14912    C:0.35088    A:0.23684    G:0.26316

#5: Camel          
position  1:    T:0.21053    C:0.36842    A:0.26316    G:0.15789
position  2:    T:0.18421    C:0.18421    A:0.39474    G:0.23684
position  3:    T:0.05263    C:0.55263    A:0.02632    G:0.36842
Average         T:0.14912    C:0.36842    A:0.22807    G:0.25439

#6: KillerWhale    
position  1:    T:0.21053    C:0.36842    A:0.26316    G:0.15789
position  2:    T:0.18421    C:0.18421    A:0.39474    G:0.23684
position  3:    T:0.07895    C:0.50000    A:0.00000    G:0.42105
Average         T:0.15789    C:0.35088    A:0.21930    G:0.27193

#7: DefassaWaterbuck
position  1:    T:0.21053    C:0.36842    A:0.26316    G:0.15789
position  2:    T:0.18421    C:0.18421    A:0.39474    G:0.23684
position  3:    T:0.05263    C:0.52632    A:0.02632    G:0.39474
Average         T:0.14912    C:0.35965    A:0.22807    G:0.26316

#8: Sheep          
position  1:    T:0.21053    C:0.36842    A:0.26316    G:0.15789
position  2:    T:0.18421    C:0.18421    A:0.39474    G:0.23684
position  3:    T:0.07895    C:0.50000    A:0.05263    G:0.36842
Average         T:0.15789    C:0.35088    A:0.23684    G:0.25439

#9: MaxwellsDuiker 
position  1:    T:0.21053    C:0.36842    A:0.26316    G:0.15789
position  2:    T:0.18421    C:0.18421    A:0.39474    G:0.23684
position  3:    T:0.05263    C:0.52632    A:0.05263    G:0.36842
Average         T:0.14912    C:0.35965    A:0.23684    G:0.25439

#10: GazellaPrzewalskyi
position  1:    T:0.21053    C:0.36842    A:0.26316    G:0.15789
position  2:    T:0.18421    C:0.18421    A:0.39474    G:0.23684
position  3:    T:0.05263    C:0.55263    A:0.02632    G:0.36842
Average         T:0.14912    C:0.36842    A:0.22807    G:0.25439

#11: MountainNyala  
position  1:    T:0.21053    C:0.36842    A:0.26316    G:0.15789
position  2:    T:0.18421    C:0.18421    A:0.39474    G:0.23684
position  3:    T:0.05263    C:0.52632    A:0.05263    G:0.36842
Average         T:0.14912    C:0.35965    A:0.23684    G:0.25439

#12: MuntiacusMuntjak
position  1:    T:0.21053    C:0.36842    A:0.26316    G:0.15789
position  2:    T:0.18421    C:0.18421    A:0.39474    G:0.23684
position  3:    T:0.05263    C:0.52632    A:0.05263    G:0.36842
Average         T:0.14912    C:0.35965    A:0.23684    G:0.25439

#13: goat           
position  1:    T:0.21053    C:0.36842    A:0.26316    G:0.15789
position  2:    T:0.18421    C:0.18421    A:0.39474    G:0.23684
position  3:    T:0.05263    C:0.52632    A:0.05263    G:0.36842
Average         T:0.14912    C:0.35965    A:0.23684    G:0.25439

#14: AfricanBuffalo 
position  1:    T:0.21053    C:0.36842    A:0.26316    G:0.15789
position  2:    T:0.18421    C:0.18421    A:0.39474    G:0.23684
position  3:    T:0.05263    C:0.55263    A:0.02632    G:0.36842
Average         T:0.14912    C:0.36842    A:0.22807    G:0.25439

#15: Topi           
position  1:    T:0.21053    C:0.36842    A:0.26316    G:0.15789
position  2:    T:0.18421    C:0.18421    A:0.39474    G:0.23684
position  3:    T:0.00000    C:0.52632    A:0.02632    G:0.44737
Average         T:0.13158    C:0.35965    A:0.22807    G:0.28070

#16: CommonDuiker   
position  1:    T:0.21053    C:0.36842    A:0.26316    G:0.15789
position  2:    T:0.18421    C:0.18421    A:0.39474    G:0.23684
position  3:    T:0.05263    C:0.52632    A:0.05263    G:0.36842
Average         T:0.14912    C:0.35965    A:0.23684    G:0.25439

#17: Suni           
position  1:    T:0.21053    C:0.36842    A:0.26316    G:0.15789
position  2:    T:0.18421    C:0.18421    A:0.39474    G:0.23684
position  3:    T:0.05263    C:0.52632    A:0.05263    G:0.36842
Average         T:0.14912    C:0.35965    A:0.23684    G:0.25439

#18: Springbuck     
position  1:    T:0.21053    C:0.36842    A:0.26316    G:0.15789
position  2:    T:0.18421    C:0.18421    A:0.39474    G:0.23684
position  3:    T:0.05263    C:0.52632    A:0.05263    G:0.36842
Average         T:0.14912    C:0.35965    A:0.23684    G:0.25439

#19: Okapi          
position  1:    T:0.21053    C:0.36842    A:0.26316    G:0.15789
position  2:    T:0.18421    C:0.18421    A:0.39474    G:0.23684
position  3:    T:0.05263    C:0.52632    A:0.02632    G:0.39474
Average         T:0.14912    C:0.35965    A:0.22807    G:0.26316

#20: Giraffe        
position  1:    T:0.21053    C:0.36842    A:0.26316    G:0.15789
position  2:    T:0.18421    C:0.18421    A:0.39474    G:0.23684
position  3:    T:0.05263    C:0.52632    A:0.05263    G:0.36842
Average         T:0.14912    C:0.35965    A:0.23684    G:0.25439

#21: TibetanAntelope
position  1:    T:0.21053    C:0.36842    A:0.26316    G:0.15789
position  2:    T:0.18421    C:0.18421    A:0.39474    G:0.23684
position  3:    T:0.05263    C:0.52632    A:0.05263    G:0.36842
Average         T:0.14912    C:0.35965    A:0.23684    G:0.25439

#22: Sitatunga      
position  1:    T:0.21053    C:0.36842    A:0.26316    G:0.15789
position  2:    T:0.18421    C:0.18421    A:0.39474    G:0.23684
position  3:    T:0.05263    C:0.52632    A:0.05263    G:0.36842
Average         T:0.14912    C:0.35965    A:0.23684    G:0.25439

#23: Oribi          
position  1:    T:0.21053    C:0.36842    A:0.26316    G:0.15789
position  2:    T:0.18421    C:0.18421    A:0.39474    G:0.23684
position  3:    T:0.05263    C:0.52632    A:0.05263    G:0.36842
Average         T:0.14912    C:0.35965    A:0.23684    G:0.25439

#24: BarbarySheep   
position  1:    T:0.21053    C:0.36842    A:0.26316    G:0.15789
position  2:    T:0.18421    C:0.18421    A:0.39474    G:0.23684
position  3:    T:0.05263    C:0.52632    A:0.05263    G:0.36842
Average         T:0.14912    C:0.35965    A:0.23684    G:0.25439

#25: Daviddeer      
position  1:    T:0.21053    C:0.36842    A:0.26316    G:0.15789
position  2:    T:0.18421    C:0.18421    A:0.39474    G:0.23684
position  3:    T:0.07895    C:0.52632    A:0.05263    G:0.34211
Average         T:0.15789    C:0.35965    A:0.23684    G:0.24561

#26: Reindeer       
position  1:    T:0.21053    C:0.36842    A:0.26316    G:0.15789
position  2:    T:0.18421    C:0.18421    A:0.39474    G:0.23684
position  3:    T:0.05263    C:0.52632    A:0.05263    G:0.36842
Average         T:0.14912    C:0.35965    A:0.23684    G:0.25439

#27: Ibex           
position  1:    T:0.21053    C:0.36842    A:0.26316    G:0.15789
position  2:    T:0.18421    C:0.18421    A:0.39474    G:0.23684
position  3:    T:0.05263    C:0.52632    A:0.05263    G:0.36842
Average         T:0.14912    C:0.35965    A:0.23684    G:0.25439

#28: GyrantGazelle  
position  1:    T:0.21053    C:0.36842    A:0.26316    G:0.15789
position  2:    T:0.18421    C:0.18421    A:0.39474    G:0.23684
position  3:    T:0.05263    C:0.52632    A:0.05263    G:0.36842
Average         T:0.14912    C:0.35965    A:0.23684    G:0.25439

#29: Hartebeest     
position  1:    T:0.21053    C:0.36842    A:0.26316    G:0.15789
position  2:    T:0.18421    C:0.18421    A:0.39474    G:0.23684
position  3:    T:0.00000    C:0.52632    A:0.00000    G:0.47368
Average         T:0.13158    C:0.35965    A:0.21930    G:0.28947

#30: Bongo          
position  1:    T:0.21053    C:0.36842    A:0.26316    G:0.15789
position  2:    T:0.18421    C:0.18421    A:0.39474    G:0.23684
position  3:    T:0.05263    C:0.52632    A:0.05263    G:0.36842
Average         T:0.14912    C:0.35965    A:0.23684    G:0.25439

#31: Gerenuk        
position  1:    T:0.21053    C:0.36842    A:0.26316    G:0.15789
position  2:    T:0.18421    C:0.18421    A:0.39474    G:0.23684
position  3:    T:0.05263    C:0.52632    A:0.05263    G:0.36842
Average         T:0.14912    C:0.35965    A:0.23684    G:0.25439

#32: CommonEland    
position  1:    T:0.21053    C:0.36842    A:0.26316    G:0.15789
position  2:    T:0.18421    C:0.18421    A:0.39474    G:0.23684
position  3:    T:0.05263    C:0.52632    A:0.05263    G:0.36842
Average         T:0.14912    C:0.35965    A:0.23684    G:0.25439

#33: MuntiacusReevesi
position  1:    T:0.21053    C:0.36842    A:0.26316    G:0.15789
position  2:    T:0.18421    C:0.18421    A:0.39474    G:0.23684
position  3:    T:0.05263    C:0.52632    A:0.05263    G:0.36842
Average         T:0.14912    C:0.35965    A:0.23684    G:0.25439

#34: HarveysDuiker  
position  1:    T:0.21053    C:0.36842    A:0.26316    G:0.15789
position  2:    T:0.18421    C:0.18421    A:0.39474    G:0.23684
position  3:    T:0.05263    C:0.52632    A:0.05263    G:0.36842
Average         T:0.14912    C:0.35965    A:0.23684    G:0.25439

#35: Pronghorn      
position  1:    T:0.21053    C:0.36842    A:0.26316    G:0.15789
position  2:    T:0.18421    C:0.18421    A:0.39474    G:0.23684
position  3:    T:0.07895    C:0.50000    A:0.07895    G:0.34211
Average         T:0.15789    C:0.35088    A:0.24561    G:0.24561

#36: BlueWildebeest 
position  1:    T:0.21053    C:0.36842    A:0.26316    G:0.15789
position  2:    T:0.18421    C:0.18421    A:0.39474    G:0.23684
position  3:    T:0.00000    C:0.50000    A:0.02632    G:0.47368
Average         T:0.13158    C:0.35088    A:0.22807    G:0.28947

#37: Gemsbok        
position  1:    T:0.21053    C:0.36842    A:0.26316    G:0.15789
position  2:    T:0.18421    C:0.18421    A:0.39474    G:0.23684
position  3:    T:0.05263    C:0.52632    A:0.05263    G:0.36842
Average         T:0.14912    C:0.35965    A:0.23684    G:0.25439

#38: Yak            
position  1:    T:0.21053    C:0.36842    A:0.26316    G:0.15789
position  2:    T:0.18421    C:0.18421    A:0.39474    G:0.23684
position  3:    T:0.05263    C:0.55263    A:0.02632    G:0.36842
Average         T:0.14912    C:0.36842    A:0.22807    G:0.25439

#39: BlueSheep      
position  1:    T:0.21053    C:0.36842    A:0.26316    G:0.15789
position  2:    T:0.18421    C:0.18421    A:0.39474    G:0.23684
position  3:    T:0.05263    C:0.52632    A:0.05263    G:0.36842
Average         T:0.14912    C:0.35965    A:0.23684    G:0.25439

#40: BohorReedbuck  
position  1:    T:0.21053    C:0.36842    A:0.26316    G:0.15789
position  2:    T:0.18421    C:0.18421    A:0.39474    G:0.23684
position  3:    T:0.05263    C:0.52632    A:0.02632    G:0.39474
Average         T:0.14912    C:0.35965    A:0.22807    G:0.26316

#41: KirksDik       
position  1:    T:0.21053    C:0.36842    A:0.26316    G:0.15789
position  2:    T:0.18421    C:0.18421    A:0.39474    G:0.23684
position  3:    T:0.05263    C:0.52632    A:0.05263    G:0.36842
Average         T:0.14912    C:0.35965    A:0.23684    G:0.25439

#42: RoeDeer        
position  1:    T:0.21053    C:0.36842    A:0.26316    G:0.15789
position  2:    T:0.18421    C:0.18421    A:0.39474    G:0.23684
position  3:    T:0.02632    C:0.55263    A:0.05263    G:0.36842
Average         T:0.14035    C:0.36842    A:0.23684    G:0.25439

#43: WhiteLippedDeer
position  1:    T:0.21053    C:0.36842    A:0.26316    G:0.15789
position  2:    T:0.18421    C:0.18421    A:0.39474    G:0.23684
position  3:    T:0.05263    C:0.55263    A:0.05263    G:0.34211
Average         T:0.14912    C:0.36842    A:0.23684    G:0.24561

#44: ThomsonGazelle 
position  1:    T:0.21053    C:0.36842    A:0.26316    G:0.15789
position  2:    T:0.18421    C:0.18421    A:0.39474    G:0.23684
position  3:    T:0.05263    C:0.52632    A:0.02632    G:0.39474
Average         T:0.14912    C:0.35965    A:0.22807    G:0.26316

#45: MuntiacusCrinifrons
position  1:    T:0.21053    C:0.36842    A:0.26316    G:0.15789
position  2:    T:0.18421    C:0.18421    A:0.39474    G:0.23684
position  3:    T:0.05263    C:0.52632    A:0.05263    G:0.36842
Average         T:0.14912    C:0.35965    A:0.23684    G:0.25439

#46: WhiteTailedDeer
position  1:    T:0.21053    C:0.36842    A:0.26316    G:0.15789
position  2:    T:0.18421    C:0.18421    A:0.39474    G:0.23684
position  3:    T:0.05263    C:0.52632    A:0.05263    G:0.36842
Average         T:0.14912    C:0.35965    A:0.23684    G:0.25439

#47: Cattle         
position  1:    T:0.21053    C:0.36842    A:0.26316    G:0.15789
position  2:    T:0.18421    C:0.18421    A:0.39474    G:0.23684
position  3:    T:0.05263    C:0.55263    A:0.02632    G:0.36842
Average         T:0.14912    C:0.36842    A:0.22807    G:0.25439

#48: RoyalAntelope  
position  1:    T:0.21053    C:0.36842    A:0.26316    G:0.15789
position  2:    T:0.18421    C:0.18421    A:0.39474    G:0.23684
position  3:    T:0.05263    C:0.52632    A:0.05263    G:0.36842
Average         T:0.14912    C:0.35965    A:0.23684    G:0.25439

#49: Steenbok       
position  1:    T:0.21053    C:0.36842    A:0.26316    G:0.15789
position  2:    T:0.18421    C:0.18421    A:0.39474    G:0.23684
position  3:    T:0.07895    C:0.50000    A:0.05263    G:0.36842
Average         T:0.15789    C:0.35088    A:0.23684    G:0.25439

#50: Impala         
position  1:    T:0.21053    C:0.36842    A:0.26316    G:0.15789
position  2:    T:0.18421    C:0.18421    A:0.39474    G:0.23684
position  3:    T:0.05263    C:0.50000    A:0.05263    G:0.39474
Average         T:0.14912    C:0.35088    A:0.23684    G:0.26316

#51: Klipspringer   
position  1:    T:0.18421    C:0.28947    A:0.31579    G:0.21053
position  2:    T:0.18421    C:0.18421    A:0.39474    G:0.23684
