CODONML (in paml version 4.10.7, June 2023)  /home/rachel/ruminants_paml/6406-phy-tree/ENSBTAT00000022780.fasta.phy
Model: free dN/dS Ratios for branches,  kappa = 2.000 fixed

Codon frequency model: F3x4
ns =  54  ls =  60

Codon usage in sequences
--------------------------------------------------------------------------------------------------------------------------------------
Phe TTT   3   3   3   3   3   3 | Ser TCT   0   0   0   0   0   0 | Tyr TAT   0   0   0   0   0   0 | Cys TGT   0   0   0   0   0   0
    TTC   1   1   1   1   1   1 |     TCC   0   0   0   0   0   0 |     TAC   0   0   0   0   0   0 |     TGC   0   0   0   0   0   0
Leu TTA   1   1   1   1   1   1 |     TCA   0   1   1   1   1   1 | *** TAA   0   0   0   0   0   0 | *** TGA   0   0   0   0   0   0
    TTG   1   1   1   1   1   1 |     TCG   1   0   0   0   0   0 |     TAG   0   0   0   0   0   0 | Trp TGG   0   0   0   0   0   0
--------------------------------------------------------------------------------------------------------------------------------------
Leu CTT   0   0   0   0   0   0 | Pro CCT   0   0   0   0   0   0 | His CAT   1   1   1   1   1   1 | Arg CGT   1   1   1   1   1   1
    CTC   0   0   0   0   0   0 |     CCC   0   0   0   0   0   0 |     CAC   0   0   0   0   0   0 |     CGC   1   1   1   1   1   1
    CTA   0   0   0   0   0   0 |     CCA   0   0   0   0   0   0 | Gln CAA   2   3   2   2   2   2 |     CGA   1   1   1   1   1   1
    CTG   1   1   1   1   1   1 |     CCG   0   0   0   0   0   0 |     CAG   4   3   4   4   4   4 |     CGG   0   0   0   0   0   0
--------------------------------------------------------------------------------------------------------------------------------------
Ile ATT   3   3   3   3   3   3 | Thr ACT   0   0   0   0   0   0 | Asn AAT   1   1   1   1   1   1 | Ser AGT   0   0   0   0   0   0
    ATC   0   0   0   0   0   0 |     ACC   0   0   0   0   0   1 |     AAC   1   1   1   1   1   1 |     AGC   0   0   0   0   0   0
    ATA   3   3   3   3   3   3 |     ACA   2   3   2   3   3   2 | Lys AAA   3   3   3   3   5   3 | Arg AGA   1   1   1   1   0   2
Met ATG   3   3   3   3   3   3 |     ACG   0   0   0   0   0   0 |     AAG   2   2   2   2   1   2 |     AGG   2   2   2   2   2   1
--------------------------------------------------------------------------------------------------------------------------------------
Val GTT   1   1   1   1   1   0 | Ala GCT   3   4   3   4   3   3 | Asp GAT   4   4   4   4   2   4 | Gly GGT   0   0   0   0   0   0
    GTC   0   0   0   0   0   1 |     GCC   1   0   0   0   0   0 |     GAC   0   0   0   0   2   0 |     GGC   0   0   0   0   0   0
    GTA   1   1   1   2   1   1 |     GCA   1   0   1   0   1   0 | Glu GAA   3   4   3   3   3   2 |     GGA   2   2   2   2   2   2
    GTG   2   2   2   1   2   1 |     GCG   0   0   1   0   0   2 |     GAG   3   2   3   3   3   4 |     GGG   0   0   0   0   0   0
--------------------------------------------------------------------------------------------------------------------------------------

--------------------------------------------------------------------------------------------------------------------------------------
Phe TTT   3   3   3   3   3   3 | Ser TCT   0   0   0   0   0   0 | Tyr TAT   0   0   0   0   0   0 | Cys TGT   0   0   0   0   0   0
    TTC   1   1   1   1   1   1 |     TCC   0   0   0   0   0   0 |     TAC   0   0   0   0   0   0 |     TGC   0   0   0   0   0   0
Leu TTA   1   1   1   1   1   1 |     TCA   0   0   0   0   1   1 | *** TAA   0   0   0   0   0   0 | *** TGA   0   0   0   0   0   0
    TTG   1   1   1   1   1   1 |     TCG   1   1   1   1   0   0 |     TAG   0   0   0   0   0   0 | Trp TGG   0   0   0   0   0   0
--------------------------------------------------------------------------------------------------------------------------------------
Leu CTT   0   0   0   0   0   0 | Pro CCT   0   0   0   0   0   0 | His CAT   1   1   1   1   1   0 | Arg CGT   1   1   1   1   1   1
    CTC   0   0   0   0   0   0 |     CCC   0   0   0   0   0   0 |     CAC   0   0   0   0   0   1 |     CGC   1   1   1   1   1   1
    CTA   0   0   0   0   0   0 |     CCA   0   0   0   0   0   0 | Gln CAA   2   2   2   2   2   2 |     CGA   1   1   1   1   1   1
    CTG   1   1   1   1   1   1 |     CCG   0   0   0   0   0   0 |     CAG   4   4   4   4   4   4 |     CGG   0   0   0   0   0   0
--------------------------------------------------------------------------------------------------------------------------------------
Ile ATT   3   3   3   3   3   3 | Thr ACT   0   0   0   0   0   0 | Asn AAT   1   1   1   1   1   1 | Ser AGT   0   0   0   0   0   0
    ATC   0   0   0   0   0   0 |     ACC   0   0   0   0   0   0 |     AAC   1   1   1   1   1   1 |     AGC   0   0   0   0   0   0
    ATA   3   3   3   3   3   3 |     ACA   2   2   2   2   2   3 | Lys AAA   3   3   3   3   3   3 | Arg AGA   1   1   1   1   1   1
Met ATG   3   3   3   3   3   3 |     ACG   0   0   0   0   0   0 |     AAG   2   2   2   2   2   2 |     AGG   2   2   2   2   2   2
--------------------------------------------------------------------------------------------------------------------------------------
Val GTT   1   1   1   1   1   1 | Ala GCT   3   3   3   3   3   4 | Asp GAT   4   4   4   4   4   4 | Gly GGT   0   0   0   0   0   0
    GTC   0   0   0   0   0   0 |     GCC   1   1   1   1   0   0 |     GAC   0   0   0   0   0   0 |     GGC   0   0   0   0   0   0
    GTA   1   1   1   1   1   1 |     GCA   1   1   1   1   1   0 | Glu GAA   3   3   3   2   3   3 |     GGA   2   2   2   2   2   2
    GTG   2   2   2   2   2   2 |     GCG   0   0   0   0   1   0 |     GAG   3   3   3   4   3   3 |     GGG   0   0   0   0   0   0
--------------------------------------------------------------------------------------------------------------------------------------

--------------------------------------------------------------------------------------------------------------------------------------
Phe TTT   3   3   3   3   3   3 | Ser TCT   0   0   0   0   0   0 | Tyr TAT   0   0   0   0   0   0 | Cys TGT   0   0   0   0   0   0
    TTC   1   1   1   1   1   1 |     TCC   0   0   0   0   0   0 |     TAC   0   0   0   0   0   0 |     TGC   0   0   0   0   0   0
Leu TTA   1   1   1   1   1   1 |     TCA   0   0   0   0   0   0 | *** TAA   0   0   0   0   0   0 | *** TGA   0   0   0   0   0   0
    TTG   1   1   1   1   1   1 |     TCG   1   1   1   1   1   1 |     TAG   0   0   0   0   0   0 | Trp TGG   0   0   0   0   0   0
--------------------------------------------------------------------------------------------------------------------------------------
Leu CTT   0   0   0   0   0   0 | Pro CCT   0   0   0   0   0   0 | His CAT   1   1   1   1   1   1 | Arg CGT   1   1   1   1   1   1
    CTC   0   0   0   0   0   0 |     CCC   0   0   0   0   0   0 |     CAC   0   0   0   0   0   0 |     CGC   1   1   1   1   1   1
    CTA   0   0   0   0   0   0 |     CCA   0   0   0   0   0   0 | Gln CAA   2   2   2   2   2   2 |     CGA   1   1   1   1   1   1
    CTG   1   1   1   1   1   1 |     CCG   0   0   0   0   0   0 |     CAG   4   4   4   4   4   4 |     CGG   0   0   0   0   0   0
--------------------------------------------------------------------------------------------------------------------------------------
Ile ATT   3   3   3   3   3   3 | Thr ACT   0   0   0   0   0   0 | Asn AAT   1   1   1   1   1   1 | Ser AGT   0   0   0   0   0   0
    ATC   0   0   0   0   0   0 |     ACC   0   0   0   0   0   0 |     AAC   1   1   1   1   1   1 |     AGC   0   0   0   0   0   0
    ATA   3   3   3   3   3   3 |     ACA   2   2   2   2   2   2 | Lys AAA   3   3   3   3   3   3 | Arg AGA   1   1   1   1   1   1
Met ATG   3   3   3   3   3   3 |     ACG   0   0   0   0   0   0 |     AAG   2   2   2   2   2   2 |     AGG   2   2   2   2   2   2
--------------------------------------------------------------------------------------------------------------------------------------
Val GTT   1   2   1   1   1   1 | Ala GCT   3   3   3   3   3   3 | Asp GAT   4   3   4   4   4   4 | Gly GGT   0   0   0   0   0   0
    GTC   0   0   0   0   0   0 |     GCC   1   0   1   1   1   1 |     GAC   0   0   0   0   0   0 |     GGC   0   0   0   0   0   0
    GTA   1   1   2   1   1   1 |     GCA   1   1   1   1   1   1 | Glu GAA   3   4   3   3   3   2 |     GGA   2   2   2   2   2   2
    GTG   2   1   1   2   2   2 |     GCG   0   1   0   0   0   0 |     GAG   3   3   3   3   3   4 |     GGG   0   0   0   0   0   0
--------------------------------------------------------------------------------------------------------------------------------------

--------------------------------------------------------------------------------------------------------------------------------------
Phe TTT   3   3   3   3   3   3 | Ser TCT   0   0   0   0   0   0 | Tyr TAT   0   0   0   0   0   0 | Cys TGT   0   0   0   0   0   0
    TTC   1   1   1   1   1   1 |     TCC   0   0   0   0   0   0 |     TAC   0   0   0   0   0   0 |     TGC   0   0   0   0   0   0
Leu TTA   1   1   1   1   1   1 |     TCA   0   1   0   1   0   0 | *** TAA   0   0   0   0   0   0 | *** TGA   0   0   0   0   0   0
    TTG   1   1   1   1   1   1 |     TCG   1   0   1   0   1   1 |     TAG   0   0   0   0   0   0 | Trp TGG   0   0   0   0   0   0
--------------------------------------------------------------------------------------------------------------------------------------
Leu CTT   0   0   0   0   0   0 | Pro CCT   0   0   0   0   0   0 | His CAT   1   1   1   1   1   1 | Arg CGT   1   1   1   1   1   1
    CTC   0   0   0   0   0   0 |     CCC   0   0   0   0   0   0 |     CAC   0   0   0   0   0   0 |     CGC   1   1   1   1   1   1
    CTA   0   0   0   0   0   0 |     CCA   0   0   0   0   0   0 | Gln CAA   2   2   2   2   2   2 |     CGA   1   1   1   1   1   1
    CTG   1   1   1   1   1   1 |     CCG   0   0   0   0   0   0 |     CAG   4   4   4   4   4   4 |     CGG   0   0   0   0   0   0
--------------------------------------------------------------------------------------------------------------------------------------
Ile ATT   3   3   3   3   3   3 | Thr ACT   0   0   0   0   0   0 | Asn AAT   1   1   1   1   1   1 | Ser AGT   0   0   0   0   0   0
    ATC   0   0   0   0   0   0 |     ACC   0   0   0   0   0   0 |     AAC   1   1   1   1   1   1 |     AGC   0   0   0   0   0   0
    ATA   3   3   3   3   3   3 |     ACA   3   3   1   2   2   2 | Lys AAA   3   3   3   3   3   3 | Arg AGA   1   1   1   1   1   1
Met ATG   3   3   3   3   3   3 |     ACG   0   0   1   0   0   0 |     AAG   2   2   2   2   2   2 |     AGG   2   2   2   2   2   2
--------------------------------------------------------------------------------------------------------------------------------------
Val GTT   1   1   1   1   1   1 | Ala GCT   4   4   3   3   3   3 | Asp GAT   4   4   4   4   4   4 | Gly GGT   0   0   0   0   0   0
    GTC   0   0   0   0   0   0 |     GCC   0   0   1   0   1   1 |     GAC   0   0   0   0   0   0 |     GGC   0   0   0   0   0   0
    GTA   1   1   1   1   1   1 |     GCA   0   0   1   1   1   1 | Glu GAA   3   3   3   3   2   3 |     GGA   2   2   2   2   2   2
    GTG   2   2   2   2   2   2 |     GCG   0   0   0   1   0   0 |     GAG   3   3   3   3   4   3 |     GGG   0   0   0   0   0   0
--------------------------------------------------------------------------------------------------------------------------------------

--------------------------------------------------------------------------------------------------------------------------------------
Phe TTT   3   3   3   3   3   3 | Ser TCT   0   0   0   0   0   0 | Tyr TAT   0   0   0   0   0   0 | Cys TGT   0   0   0   0   0   0
    TTC   1   1   1   1   1   1 |     TCC   0   0   0   0   0   0 |     TAC   0   0   0   0   0   0 |     TGC   0   0   0   0   0   0
Leu TTA   1   1   1   1   1   1 |     TCA   0   0   0   0   0   1 | *** TAA   0   0   0   0   0   0 | *** TGA   0   0   0   0   0   0
    TTG   1   1   1   1   1   1 |     TCG   1   1   1   1   1   0 |     TAG   0   0   0   0   0   0 | Trp TGG   0   0   0   0   0   0
--------------------------------------------------------------------------------------------------------------------------------------
Leu CTT   0   0   0   0   0   0 | Pro CCT   0   0   0   0   0   0 | His CAT   0   0   1   1   1   1 | Arg CGT   1   1   1   1   1   1
    CTC   0   0   0   0   0   0 |     CCC   0   0   0   0   0   0 |     CAC   1   1   0   0   0   0 |     CGC   1   1   1   1   1   1
    CTA   0   0   0   0   0   0 |     CCA   0   0   0   0   0   0 | Gln CAA   2   2   2   2   2   2 |     CGA   1   1   1   1   1   1
    CTG   1   1   1   1   1   1 |     CCG   0   0   0   0   0   0 |     CAG   4   4   4   4   4   4 |     CGG   0   0   0   0   0   0
--------------------------------------------------------------------------------------------------------------------------------------
Ile ATT   3   3   3   3   3   3 | Thr ACT   0   0   0   0   0   0 | Asn AAT   1   1   1   1   1   1 | Ser AGT   0   0   0   0   0   0
    ATC   0   0   0   0   0   0 |     ACC   0   0   0   0   0   0 |     AAC   1   1   1   1   1   1 |     AGC   0   0   0   0   0   0
    ATA   3   3   3   3   3   3 |     ACA   3   3   2   2   2   2 | Lys AAA   3   3   3   3   3   3 | Arg AGA   1   1   1   1   1   1
Met ATG   3   3   3   3   3   3 |     ACG   0   0   0   0   0   0 |     AAG   2   2   2   2   2   2 |     AGG   2   2   2   2   2   2
--------------------------------------------------------------------------------------------------------------------------------------
Val GTT   1   1   1   1   1   1 | Ala GCT   4   4   3   3   3   3 | Asp GAT   4   4   4   4   4   4 | Gly GGT   0   0   0   0   0   0
    GTC   0   0   0   0   0   0 |     GCC   0   0   1   1   1   0 |     GAC   0   0   0   0   0   0 |     GGC   0   1   0   0   0   0
    GTA   1   1   0   1   2   1 |     GCA   0   0   1   1   1   1 | Glu GAA   3   3   3   2   3   3 |     GGA   2   1   2   2   2   2
    GTG   2   2   3   2   1   2 |     GCG   0   0   0   0   0   1 |     GAG   3   3   3   4   3   3 |     GGG   0   0   0   0   0   0
--------------------------------------------------------------------------------------------------------------------------------------

--------------------------------------------------------------------------------------------------------------------------------------
Phe TTT   3   3   3   3   3   3 | Ser TCT   0   0   0   0   0   0 | Tyr TAT   0   0   0   0   0   0 | Cys TGT   0   0   0   0   0   0
    TTC   1   1   1   1   1   1 |     TCC   0   0   0   0   0   0 |     TAC   0   0   0   0   0   0 |     TGC   0   0   0   0   0   0
Leu TTA   1   1   1   1   1   1 |     TCA   0   1   1   0   1   0 | *** TAA   0   0   0   0   0   0 | *** TGA   0   0   0   0   0   0
    TTG   1   1   1   1   1   1 |     TCG   1   0   0   1   0   1 |     TAG   0   0   0   0   0   0 | Trp TGG   0   0   0   0   0   0
--------------------------------------------------------------------------------------------------------------------------------------
Leu CTT   0   0   0   0   0   0 | Pro CCT   0   0   0   0   0   0 | His CAT   1   1   0   1   1   1 | Arg CGT   1   1   1   1   1   1
    CTC   0   0   0   0   0   0 |     CCC   0   0   0   0   0   0 |     CAC   0   0   1   0   0   0 |     CGC   1   1   1   1   1   1
    CTA   0   0   0   0   0   0 |     CCA   0   0   0   0   0   0 | Gln CAA   2   2   2   2   2   2 |     CGA   1   1   1   1   1   1
    CTG   1   1   1   1   1   1 |     CCG   0   0   0   0   0   0 |     CAG   4   4   4   4   4   4 |     CGG   0   0   0   0   0   0
--------------------------------------------------------------------------------------------------------------------------------------
Ile ATT   3   3   3   3   3   3 | Thr ACT   0   0   0   0   0   0 | Asn AAT   1   1   1   1   1   1 | Ser AGT   0   0   0   0   0   0
    ATC   0   0   0   0   0   0 |     ACC   0   0   0   0   0   0 |     AAC   1   1   1   1   1   1 |     AGC   0   0   0   0   0   0
    ATA   3   3   3   3   3   3 |     ACA   2   2   3   2   3   2 | Lys AAA   3   3   3   3   3   3 | Arg AGA   1   1   1   1   1   1
Met ATG   3   3   3   3   3   3 |     ACG   0   0   0   0   0   0 |     AAG   2   2   2   2   2   2 |     AGG   2   2   2   2   2   2
--------------------------------------------------------------------------------------------------------------------------------------
Val GTT   1   1   1   1   1   1 | Ala GCT   3   3   4   3   4   3 | Asp GAT   4   4   4   4   4   4 | Gly GGT   0   0   0   0   0   0
    GTC   0   0   0   0   0   0 |     GCC   1   0   0   1   0   1 |     GAC   0   0   0   0   0   0 |     GGC   0   0   0   0   0   0
    GTA   1   1   1   1   1   2 |     GCA   1   1   0   1   0   1 | Glu GAA   2   3   3   3   3   3 |     GGA   2   2   2   2   2   2
    GTG   2   2   2   2   2   1 |     GCG   0   1   0   0   0   0 |     GAG   4   3   3   3   3   3 |     GGG   0   0   0   0   0   0
--------------------------------------------------------------------------------------------------------------------------------------

--------------------------------------------------------------------------------------------------------------------------------------
Phe TTT   3   3   3   3   3   3 | Ser TCT   0   0   0   0   0   0 | Tyr TAT   0   0   0   0   0   0 | Cys TGT   0   0   0   0   0   0
    TTC   1   1   1   1   1   1 |     TCC   0   0   0   0   0   0 |     TAC   0   0   0   0   0   0 |     TGC   0   0   0   0   0   0
Leu TTA   1   1   1   1   1   1 |     TCA   0   0   0   0   1   0 | *** TAA   0   0   0   0   0   0 | *** TGA   0   0   0   0   0   0
    TTG   1   1   1   1   1   1 |     TCG   1   1   1   1   0   1 |     TAG   0   0   0   0   0   0 | Trp TGG   0   0   0   0   0   0
--------------------------------------------------------------------------------------------------------------------------------------
Leu CTT   0   0   0   0   0   0 | Pro CCT   0   0   0   0   0   0 | His CAT   1   1   1   1   1   0 | Arg CGT   1   1   1   1   1   1
    CTC   0   0   0   0   0   0 |     CCC   0   0   0   0   0   0 |     CAC   0   0   0   0   0   1 |     CGC   1   1   1   1   1   1
    CTA   0   1   0   0   0   0 |     CCA   0   0   0   0   0   0 | Gln CAA   2   2   2   2   2   2 |     CGA   1   1   1   1   1   1
    CTG   1   0   1   1   1   1 |     CCG   0   0   0   0   0   0 |     CAG   4   4   4   4   4   4 |     CGG   0   0   0   0   0   0
--------------------------------------------------------------------------------------------------------------------------------------
Ile ATT   3   3   3   3   3   3 | Thr ACT   0   0   0   0   1   0 | Asn AAT   1   1   1   1   1   1 | Ser AGT   0   0   0   0   0   0
    ATC   0   0   0   0   0   0 |     ACC   0   0   0   0   0   0 |     AAC   1   1   1   1   1   1 |     AGC   0   0   0   0   0   0
    ATA   3   3   3   3   3   3 |     ACA   2   2   2   2   1   3 | Lys AAA   3   3   3   3   3   3 | Arg AGA   1   1   1   1   1   1
Met ATG   3   3   3   3   3   3 |     ACG   0   0   0   0   0   0 |     AAG   2   2   2   2   2   2 |     AGG   2   2   2   2   2   2
--------------------------------------------------------------------------------------------------------------------------------------
Val GTT   1   1   1   1   1   1 | Ala GCT   3   3   3   3   3   4 | Asp GAT   4   4   4   4   4   4 | Gly GGT   0   0   0   0   0   0
    GTC   0   0   0   0   0   0 |     GCC   1   1   1   1   1   0 |     GAC   0   0   0   0   0   0 |     GGC   0   0   0   0   0   1
    GTA   2   1   1   1   2   1 |     GCA   1   1   1   1   1   0 | Glu GAA   3   3   4   3   2   3 |     GGA   2   2   2   2   2   1
    GTG   1   2   2   2   1   2 |     GCG   0   0   0   0   0   0 |     GAG   3   3   2   3   4   3 |     GGG   0   0   0   0   0   0
--------------------------------------------------------------------------------------------------------------------------------------

--------------------------------------------------------------------------------------------------------------------------------------
Phe TTT   3   3   3   3   3   3 | Ser TCT   0   0   0   0   0   0 | Tyr TAT   0   0   0   0   0   0 | Cys TGT   0   0   0   0   0   0
    TTC   1   1   1   1   1   1 |     TCC   0   0   0   0   0   0 |     TAC   0   0   0   0   0   0 |     TGC   0   0   0   0   0   0
Leu TTA   1   1   1   1   1   1 |     TCA   0   0   1   0   0   0 | *** TAA   0   0   0   0   0   0 | *** TGA   0   0   0   0   0   0
    TTG   1   1   1   1   1   1 |     TCG   1   1   0   1   1   1 |     TAG   0   0   0   0   0   0 | Trp TGG   0   0   0   0   0   0
--------------------------------------------------------------------------------------------------------------------------------------
Leu CTT   0   0   0   0   0   0 | Pro CCT   0   0   0   0   0   0 | His CAT   1   1   0   0   1   1 | Arg CGT   1   1   1   1   1   1
    CTC   0   0   0   0   0   0 |     CCC   0   0   0   0   0   0 |     CAC   0   0   1   1   0   0 |     CGC   1   1   1   1   1   1
    CTA   0   0   0   0   0   0 |     CCA   0   0   0   0   0   0 | Gln CAA   2   2   2   2   2   2 |     CGA   1   1   1   1   1   1
    CTG   1   1   1   1   1   1 |     CCG   0   0   0   0   0   0 |     CAG   4   4   4   4   4   4 |     CGG   0   0   0   0   0   0
--------------------------------------------------------------------------------------------------------------------------------------
Ile ATT   3   3   3   3   3   3 | Thr ACT   0   0   0   0   0   0 | Asn AAT   1   1   1   1   1   1 | Ser AGT   0   0   0   0   0   0
    ATC   0   0   0   0   0   0 |     ACC   0   0   0   0   0   0 |     AAC   1   1   1   1   1   1 |     AGC   0   0   0   0   0   0
    ATA   3   3   3   3   3   3 |     ACA   3   2   3   3   2   2 | Lys AAA   3   3   3   3   4   3 | Arg AGA   1   1   1   1   1   0
Met ATG   3   3   3   3   3   3 |     ACG   0   0   0   0   0   0 |     AAG   2   2   2   2   1   2 |     AGG   2   2   2   2   2   3
--------------------------------------------------------------------------------------------------------------------------------------
Val GTT   1   1   1   1   1   1 | Ala GCT   4   3   4   3   3   3 | Asp GAT   4   4   4   4   4   4 | Gly GGT   0   0   0   0   0   0
    GTC   0   0   0   0   0   0 |     GCC   0   1   0   0   1   1 |     GAC   0   0   0   0   0   0 |     GGC   0   0   0   1   0   0
    GTA   1   1   1   1   1   1 |     GCA   0   0   0   1   1   1 | Glu GAA   3   2   3   3   3   3 |     GGA   2   2   2   1   2   2
    GTG   2   2   2   2   2   2 |     GCG   0   1   0   0   0   0 |     GAG   3   4   3   3   3   3 |     GGG   0   0   0   0   0   0
--------------------------------------------------------------------------------------------------------------------------------------

--------------------------------------------------------------------------------------------------------------------------------------
Phe TTT   3   3   3   3   3   3 | Ser TCT   0   0   0   0   0   0 | Tyr TAT   0   0   0   0   0   0 | Cys TGT   0   0   0   0   0   0
    TTC   1   1   1   1   1   1 |     TCC   0   0   0   0   0   0 |     TAC   0   0   0   0   0   0 |     TGC   0   0   0   0   0   0
Leu TTA   1   1   1   1   1   1 |     TCA   0   0   0   1   1   1 | *** TAA   0   0   0   0   0   0 | *** TGA   0   0   0   0   0   0
    TTG   1   1   1   1   1   1 |     TCG   1   1   1   0   0   0 |     TAG   0   0   0   0   0   0 | Trp TGG   0   0   0   0   0   0
--------------------------------------------------------------------------------------------------------------------------------------
Leu CTT   0   0   0   0   0   0 | Pro CCT   0   0   0   0   0   0 | His CAT   1   1   1   1   1   1 | Arg CGT   1   1   1   1   1   1
    CTC   0   0   0   0   0   0 |     CCC   0   0   0   0   0   0 |     CAC   0   0   0   0   0   0 |     CGC   1   1   1   1   1   1
    CTA   0   0   0   0   0   0 |     CCA   0   0   0   0   0   0 | Gln CAA   2   2   2   2   2   2 |     CGA   1   1   1   1   1   1
    CTG   1   1   1   1   1   1 |     CCG   0   0   0   0   0   0 |     CAG   4   4   4   4   4   4 |     CGG   0   0   0   0   0   0
--------------------------------------------------------------------------------------------------------------------------------------
Ile ATT   3   3   3   3   3   3 | Thr ACT   0   0   0   0   0   0 | Asn AAT   1   1   1   1   1   1 | Ser AGT   0   0   0   0   0   0
    ATC   0   0   0   0   0   0 |     ACC   0   0   0   0   0   0 |     AAC   1   1   1   1   1   1 |     AGC   0   0   0   0   0   0
    ATA   3   4   3   3   3   3 |     ACA   2   2   2   3   2   2 | Lys AAA   3   3   3   3   3   3 | Arg AGA   1   1   1   1   1   1
Met ATG   3   3   3   3   3   3 |     ACG   0   0   0   0   0   0 |     AAG   2   2   2   2   2   2 |     AGG   2   2   2   2   2   2
--------------------------------------------------------------------------------------------------------------------------------------
Val GTT   1   1   1   1   1   1 | Ala GCT   3   3   3   4   3   3 | Asp GAT   4   4   4   4   4   4 | Gly GGT   0   0   0   0   0   0
    GTC   0   0   0   0   0   0 |     GCC   1   1   1   0   0   0 |     GAC   0   0   0   0   0   0 |     GGC   0   0   0   0   0   0
    GTA   1   0   1   2   1   1 |     GCA   1   1   1   0   1   1 | Glu GAA   2   3   3   3   3   3 |     GGA   2   2   2   2   2   2
    GTG   2   2   2   1   2   2 |     GCG   0   0   0   0   1   1 |     GAG   4   3   3   3   3   3 |     GGG   0   0   0   0   0   0
--------------------------------------------------------------------------------------------------------------------------------------

Codon position x base (3x4) table for each sequence.

#1: Argali         
position  1:    T:0.11667    C:0.18333    A:0.35000    G:0.35000
position  2:    T:0.33333    C:0.13333    A:0.40000    G:0.13333
position  3:    T:0.28333    C:0.06667    A:0.33333    G:0.31667
Average         T:0.24444    C:0.12778    A:0.36111    G:0.26667

#2: LesserMouseDeer
position  1:    T:0.11667    C:0.18333    A:0.36667    G:0.33333
position  2:    T:0.33333    C:0.13333    A:0.40000    G:0.13333
position  3:    T:0.30000    C:0.05000    A:0.38333    G:0.26667
Average         T:0.25000    C:0.12222    A:0.38333    G:0.24444

#3: LesserKudu     
position  1:    T:0.11667    C:0.18333    A:0.35000    G:0.35000
position  2:    T:0.33333    C:0.13333    A:0.40000    G:0.13333
position  3:    T:0.28333    C:0.05000    A:0.35000    G:0.31667
Average         T:0.24444    C:0.12222    A:0.36667    G:0.26667

#4: ForestMuskDeer2
position  1:    T:0.11667    C:0.18333    A:0.36667    G:0.33333
position  2:    T:0.33333    C:0.13333    A:0.40000    G:0.13333
position  3:    T:0.30000    C:0.05000    A:0.36667    G:0.28333
Average         T:0.25000    C:0.12222    A:0.37778    G:0.25000

#5: Camel          
position  1:    T:0.11667    C:0.18333    A:0.36667    G:0.33333
position  2:    T:0.33333    C:0.13333    A:0.41667    G:0.11667
position  3:    T:0.25000    C:0.08333    A:0.38333    G:0.28333
Average         T:0.23333    C:0.13333    A:0.38889    G:0.24444

#6: KillerWhale    
position  1:    T:0.11667    C:0.18333    A:0.36667    G:0.33333
position  2:    T:0.31667    C:0.15000    A:0.40000    G:0.13333
position  3:    T:0.26667    C:0.08333    A:0.33333    G:0.31667
Average         T:0.23333    C:0.13889    A:0.36667    G:0.26111

#7: DefassaWaterbuck
position  1:    T:0.11667    C:0.18333    A:0.35000    G:0.35000
position  2:    T:0.33333    C:0.13333    A:0.40000    G:0.13333
position  3:    T:0.28333    C:0.06667    A:0.33333    G:0.31667
Average         T:0.24444    C:0.12778    A:0.36111    G:0.26667

#8: Sheep          
position  1:    T:0.11667    C:0.18333    A:0.35000    G:0.35000
position  2:    T:0.33333    C:0.13333    A:0.40000    G:0.13333
position  3:    T:0.28333    C:0.06667    A:0.33333    G:0.31667
Average         T:0.24444    C:0.12778    A:0.36111    G:0.26667

#9: MaxwellsDuiker 
position  1:    T:0.11667    C:0.18333    A:0.35000    G:0.35000
position  2:    T:0.33333    C:0.13333    A:0.40000    G:0.13333
position  3:    T:0.28333    C:0.06667    A:0.33333    G:0.31667
Average         T:0.24444    C:0.12778    A:0.36111    G:0.26667

#10: GazellaPrzewalskyi
position  1:    T:0.11667    C:0.18333    A:0.35000    G:0.35000
position  2:    T:0.33333    C:0.13333    A:0.40000    G:0.13333
position  3:    T:0.28333    C:0.06667    A:0.31667    G:0.33333
Average         T:0.24444    C:0.12778    A:0.35556    G:0.27222

#11: MountainNyala  
position  1:    T:0.11667    C:0.18333    A:0.35000    G:0.35000
position  2:    T:0.33333    C:0.13333    A:0.40000    G:0.13333
position  3:    T:0.28333    C:0.05000    A:0.35000    G:0.31667
Average         T:0.24444    C:0.12222    A:0.36667    G:0.26667

#12: MuntiacusMuntjak
position  1:    T:0.11667    C:0.18333    A:0.36667    G:0.33333
position  2:    T:0.33333    C:0.13333    A:0.40000    G:0.13333
position  3:    T:0.28333    C:0.06667    A:0.35000    G:0.30000
Average         T:0.24444    C:0.12778    A:0.37222    G:0.25556

#13: goat           
position  1:    T:0.11667    C:0.18333    A:0.35000    G:0.35000
position  2:    T:0.33333    C:0.13333    A:0.40000    G:0.13333
position  3:    T:0.28333    C:0.06667    A:0.33333    G:0.31667
Average         T:0.24444    C:0.12778    A:0.36111    G:0.26667

#14: AfricanBuffalo 
position  1:    T:0.11667    C:0.18333    A:0.35000    G:0.35000
position  2:    T:0.33333    C:0.13333    A:0.40000    G:0.13333
position  3:    T:0.28333    C:0.05000    A:0.35000    G:0.31667
Average         T:0.24444    C:0.12222    A:0.36667    G:0.26667

#15: Topi           
position  1:    T:0.11667    C:0.18333    A:0.35000    G:0.35000
position  2:    T:0.33333    C:0.13333    A:0.40000    G:0.13333
position  3:    T:0.28333    C:0.06667    A:0.35000    G:0.30000
Average         T:0.24444    C:0.12778    A:0.36667    G:0.26111

#16: CommonDuiker   
position  1:    T:0.11667    C:0.18333    A:0.35000    G:0.35000
position  2:    T:0.33333    C:0.13333    A:0.40000    G:0.13333
position  3:    T:0.28333    C:0.06667    A:0.33333    G:0.31667
Average         T:0.24444    C:0.12778    A:0.36111    G:0.26667

#17: Suni           
position  1:    T:0.11667    C:0.18333    A:0.35000    G:0.35000
position  2:    T:0.33333    C:0.13333    A:0.40000    G:0.13333
position  3:    T:0.28333    C:0.06667    A:0.33333    G:0.31667
Average         T:0.24444    C:0.12778    A:0.36111    G:0.26667

#18: Springbuck     
position  1:    T:0.11667    C:0.18333    A:0.35000    G:0.35000
position  2:    T:0.33333    C:0.13333    A:0.40000    G:0.13333
position  3:    T:0.28333    C:0.06667    A:0.31667    G:0.33333
Average         T:0.24444    C:0.12778    A:0.35556    G:0.27222

#19: Okapi          
position  1:    T:0.11667    C:0.18333    A:0.36667    G:0.33333
position  2:    T:0.33333    C:0.13333    A:0.40000    G:0.13333
position  3:    T:0.30000    C:0.05000    A:0.33333    G:0.31667
Average         T:0.25000    C:0.12222    A:0.36667    G:0.26111

#20: Giraffe        
position  1:    T:0.11667    C:0.18333    A:0.36667    G:0.33333
position  2:    T:0.33333    C:0.13333    A:0.40000    G:0.13333
position  3:    T:0.30000    C:0.05000    A:0.35000    G:0.30000
Average         T:0.25000    C:0.12222    A:0.37222    G:0.25556

#21: TibetanAntelope
position  1:    T:0.11667    C:0.18333    A:0.35000    G:0.35000
position  2:    T:0.33333    C:0.13333    A:0.40000    G:0.13333
position  3:    T:0.28333    C:0.06667    A:0.31667    G:0.33333
Average         T:0.24444    C:0.12778    A:0.35556    G:0.27222

#22: Sitatunga      
position  1:    T:0.11667    C:0.18333    A:0.35000    G:0.35000
position  2:    T:0.33333    C:0.13333    A:0.40000    G:0.13333
position  3:    T:0.28333    C:0.05000    A:0.35000    G:0.31667
Average         T:0.24444    C:0.12222    A:0.36667    G:0.26667

#23: Oribi          
position  1:    T:0.11667    C:0.18333    A:0.35000    G:0.35000
position  2:    T:0.33333    C:0.13333    A:0.40000    G:0.13333
position  3:    T:0.28333    C:0.06667    A:0.31667    G:0.33333
Average         T:0.24444    C:0.12778    A:0.35556    G:0.27222

#24: BarbarySheep   
position  1:    T:0.11667    C:0.18333    A:0.35000    G:0.35000
position  2:    T:0.33333    C:0.13333    A:0.40000    G:0.13333
position  3:    T:0.28333    C:0.06667    A:0.33333    G:0.31667
Average         T:0.24444    C:0.12778    A:0.36111    G:0.26667

#25: Daviddeer      
position  1:    T:0.11667    C:0.18333    A:0.36667    G:0.33333
position  2:    T:0.33333    C:0.13333    A:0.40000    G:0.13333
position  3:    T:0.28333    C:0.06667    A:0.33333    G:0.31667
Average         T:0.24444    C:0.12778    A:0.36667    G:0.26111

#26: Reindeer       
position  1:    T:0.11667    C:0.18333    A:0.36667    G:0.33333
position  2:    T:0.33333    C:0.13333    A:0.40000    G:0.13333
position  3:    T:0.28333    C:0.08333    A:0.31667    G:0.31667
Average         T:0.24444    C:0.13333    A:0.36111    G:0.26111

#27: Ibex           
position  1:    T:0.11667    C:0.18333    A:0.35000    G:0.35000
position  2:    T:0.33333    C:0.13333    A:0.40000    G:0.13333
position  3:    T:0.28333    C:0.06667    A:0.31667    G:0.33333
Average         T:0.24444    C:0.12778    A:0.35556    G:0.27222

#28: GyrantGazelle  
position  1:    T:0.11667    C:0.18333    A:0.35000    G:0.35000
position  2:    T:0.33333    C:0.13333    A:0.40000    G:0.13333
position  3:    T:0.28333    C:0.06667    A:0.31667    G:0.33333
Average         T:0.24444    C:0.12778    A:0.35556    G:0.27222

#29: Hartebeest     
position  1:    T:0.11667    C:0.18333    A:0.35000    G:0.35000
position  2:    T:0.33333    C:0.13333    A:0.40000    G:0.13333
position  3:    T:0.28333    C:0.06667    A:0.35000    G:0.30000
Average         T:0.24444    C:0.12778    A:0.36667    G:0.26111

#30: Bongo          
position  1:    T:0.11667    C:0.18333    A:0.35000    G:0.35000
position  2:    T:0.33333    C:0.13333    A:0.40000    G:0.13333
position  3:    T:0.28333    C:0.05000    A:0.35000    G:0.31667
Average         T:0.24444    C:0.12222    A:0.36667    G:0.26667

#31: Gerenuk        
position  1:    T:0.11667    C:0.18333    A:0.35000    G:0.35000
position  2:    T:0.33333    C:0.13333    A:0.40000    G:0.13333
position  3:    T:0.28333    C:0.06667    A:0.31667    G:0.33333
Average         T:0.24444    C:0.12778    A:0.35556    G:0.27222

#32: CommonEland    
position  1:    T:0.11667    C:0.18333    A:0.35000    G:0.35000
position  2:    T:0.33333    C:0.13333    A:0.40000    G:0.13333
position  3:    T:0.28333    C:0.05000    A:0.35000    G:0.31667
Average         T:0.24444    C:0.12222    A:0.36667    G:0.26667

#33: MuntiacusReevesi
position  1:    T:0.11667    C:0.18333    A:0.36667    G:0.33333
position  2:    T:0.33333    C:0.13333    A:0.40000    G:0.13333
position  3:    T:0.28333    C:0.06667    A:0.35000    G:0.30000
Average         T:0.24444    C:0.12778    A:0.37222    G:0.25556

#34: HarveysDuiker  
position  1:    T:0.11667    C:0.18333    A:0.35000    G:0.35000
position  2:    T:0.33333    C:0.13333    A:0.40000    G:0.13333
position  3:    T:0.28333    C:0.06667    A:0.33333    G:0.31667
Average         T:0.24444    C:0.12778    A:0.36111    G:0.26667

#35: Pronghorn      
position  1:    T:0.11667    C:0.18333    A:0.36667    G:0.33333
position  2:    T:0.33333    C:0.13333    A:0.40000    G:0.13333
position  3:    T:0.30000    C:0.05000    A:0.35000    G:0.30000
Average         T:0.25000    C:0.12222    A:0.37222    G:0.25556

#36: BlueWildebeest 
position  1:    T:0.11667    C:0.18333    A:0.35000    G:0.35000
position  2:    T:0.33333    C:0.13333    A:0.40000    G:0.13333
position  3:    T:0.28333    C:0.06667    A:0.35000    G:0.30000
Average         T:0.24444    C:0.12778    A:0.36667    G:0.26111

#37: Gemsbok        
position  1:    T:0.11667    C:0.18333    A:0.35000    G:0.35000
position  2:    T:0.33333    C:0.13333    A:0.40000    G:0.13333
position  3:    T:0.28333    C:0.06667    A:0.35000    G:0.30000
Average         T:0.24444    C:0.12778    A:0.36667    G:0.26111

#38: Yak            
position  1:    T:0.11667    C:0.18333    A:0.35000    G:0.35000
position  2:    T:0.33333    C:0.13333    A:0.40000    G:0.13333
position  3:    T:0.28333    C:0.06667    A:0.35000    G:0.30000
Average         T:0.24444    C:0.12778    A:0.36667    G:0.26111

#39: BlueSheep      
position  1:    T:0.11667    C:0.18333    A:0.35000    G:0.35000
position  2:    T:0.33333    C:0.13333    A:0.40000    G:0.13333
position  3:    T:0.28333    C:0.06667    A:0.35000    G:0.30000
Average         T:0.24444    C:0.12778    A:0.36667    G:0.26111

#40: BohorReedbuck  
position  1:    T:0.11667    C:0.18333    A:0.35000    G:0.35000
position  2:    T:0.33333    C:0.13333    A:0.40000    G:0.13333
position  3:    T:0.28333    C:0.06667    A:0.33333    G:0.31667
Average         T:0.24444    C:0.12778    A:0.36111    G:0.26667

#41: KirksDik       
position  1:    T:0.11667    C:0.18333    A:0.35000    G:0.35000
position  2:    T:0.33333    C:0.13333    A:0.40000    G:0.13333
position  3:    T:0.30000    C:0.06667    A:0.33333    G:0.30000
Average         T:0.25000    C:0.12778    A:0.36111    G:0.26111

#42: RoeDeer        
position  1:    T:0.11667    C:0.18333    A:0.36667    G:0.33333
position  2:    T:0.33333    C:0.13333    A:0.40000    G:0.13333
position  3:    T:0.28333    C:0.08333    A:0.31667    G:0.31667
Average         T:0.24444    C:0.13333    A:0.36111    G:0.26111

#43: WhiteLippedDeer
position  1:    T:0.11667    C:0.18333    A:0.36667    G:0.33333
position  2:    T:0.33333    C:0.13333    A:0.40000    G:0.13333
position  3:    T:0.30000    C:0.05000    A:0.33333    G:0.31667
Average         T:0.25000    C:0.12222    A:0.36667    G:0.26111

#44: ThomsonGazelle 
position  1:    T:0.11667    C:0.18333    A:0.35000    G:0.35000
position  2:    T:0.33333    C:0.13333    A:0.40000    G:0.13333
position  3:    T:0.28333    C:0.06667    A:0.30000    G:0.35000
Average         T:0.24444    C:0.12778    A:0.35000    G:0.27778

#45: MuntiacusCrinifrons
position  1:    T:0.11667    C:0.18333    A:0.36667    G:0.33333
position  2:    T:0.33333    C:0.13333    A:0.40000    G:0.13333
position  3:    T:0.28333    C:0.06667    A:0.35000    G:0.30000
Average         T:0.24444    C:0.12778    A:0.37222    G:0.25556

#46: WhiteTailedDeer
position  1:    T:0.11667    C:0.18333    A:0.36667    G:0.33333
position  2:    T:0.33333    C:0.13333    A:0.40000    G:0.13333
position  3:    T:0.26667    C:0.08333    A:0.33333    G:0.31667
Average         T:0.23889    C:0.13333    A:0.36667    G:0.26111

#47: Cattle         
position  1:    T:0.11667    C:0.18333    A:0.35000    G:0.35000
position  2:    T:0.33333    C:0.13333    A:0.40000    G:0.13333
position  3:    T:0.28333    C:0.06667    A:0.35000    G:0.30000
Average         T:0.24444    C:0.12778    A:0.36667    G:0.26111

#48: RoyalAntelope  
position  1:    T:0.11667    C:0.18333    A:0.35000    G:0.35000
position  2:    T:0.33333    C:0.13333    A:0.40000    G:0.13333
position  3:    T:0.28333    C:0.06667    A:0.31667    G:0.33333
Average         T:0.24444    C:0.12778    A:0.35556    G:0.27222

#49: Steenbok       
position  1:    T:0.11667    C:0.18333    A:0.35000    G:0.35000
position  2:    T:0.33333    C:0.13333    A:0.40000    G:0.13333
position  3:    T:0.28333    C:0.06667    A:0.31667    G:0.33333
Average         T:0.24444    C:0.12778    A:0.35556    G:0.27222

#50: Impala         
position  1:    T:0.11667    C:0.18333    A:0.36667    G:0.33333
position  2:    T:0.33333    C:0.13333    A:0.40000    G:0.13333
position  3:    T:0.28333    C:0.06667    A:0.33333    G:0.31667
Average         T:0.24444    C:0.12778    A:0.36667    G:0.26111

#51: Klipspringer   
position  1:    T:0.11667    C:0.18333    A:0.35000    G:0.35000
position  2:    T:0.33333    C:0.13333    A:0.40000    G:0.13333
