1
52 1
Argali 0.000000 0.242600 0.105700 0.263200 0.072600 0.020000 0.085300 0.083200 0.095900 0.116100 0.040600 0.084900 0.083900 0.063800 0.116300 0.062900 0.119200 0.138300 0.040900 0.107000 0.062500 0.041300 0.135500 0.068000 0.040700 0.041600 0.072900 0.106100 0.071200 0.127600 0.114100 0.086200 0.139000 0.072900 0.073000 0.118500 0.020000 0.082900 0.063600 0.104900 0.135500 0.052600 0.115900 0.106200 0.120500 0.094700 0.071900 0.104300 0.083300 0.095000 0.096400 0.117300
LesserMous 0.242600 0.000000 0.214400 0.260100 0.242100 0.240800 0.207800 0.256000 0.230900 0.177500 0.216100 0.217600 0.230000 0.196700 0.256300 0.216700 0.157300 0.197500 0.217600 0.241900 0.231400 0.194500 0.221000 0.215800 0.216900 0.207900 0.217000 0.240800 0.262800 0.262600 0.223400 0.180300 0.176300 0.217000 0.217600 0.217300 0.214900 0.253600 0.209500 0.240500 0.221000 0.208600 0.177000 0.217100 0.221200 0.242500 0.239300 0.241500 0.228300 0.180500 0.231200 0.252700
LesserKudu 0.105700 0.214400 0.000000 0.240700 0.096300 0.105200 0.087000 0.130200 0.020700 0.062600 0.083600 0.052800 0.085500 0.065000 0.140900 0.075000 0.097100 0.094600 0.084000 0.030900 0.085900 0.062800 0.103700 0.074000 0.083700 0.064400 0.074300 0.030800 0.116700 0.051100 0.104900 0.076400 0.106500 0.074300 0.063600 0.063400 0.082900 0.106800 0.064900 0.095500 0.103700 0.076100 0.062400 0.074300 0.064400 0.085500 0.095200 0.105700 0.084900 0.074700 0.020700 0.041100
KillerWhal 0.263200 0.260100 0.240700 0.000000 0.255200 0.261000 0.274000 0.320200 0.258700 0.239200 0.236700 0.257200 0.268900 0.222100 0.250400 0.258200 0.219300 0.226100 0.237700 0.270600 0.217300 0.214300 0.258800 0.241300 0.237300 0.246600 0.254800 0.242600 0.275600 0.292100 0.260500 0.235200 0.182600 0.254800 0.255500 0.255900 0.239200 0.266500 0.247600 0.292800 0.258800 0.247000 0.238600 0.269400 0.260400 0.282300 0.225200 0.286300 0.241700 0.230400 0.259700 0.281400
DefassaWat 0.072600 0.242100 0.096300 0.255200 0.000000 0.072200 0.074700 0.117200 0.086700 0.084700 0.051300 0.097800 0.073500 0.053300 0.062100 0.063200 0.109800 0.117200 0.051700 0.097400 0.052100 0.031000 0.126100 0.062900 0.051500 0.052800 0.062600 0.096900 0.082400 0.118100 0.083300 0.075700 0.129400 0.062600 0.062700 0.108800 0.040800 0.010100 0.053100 0.118400 0.126100 0.064000 0.084400 0.096800 0.110500 0.084200 0.061700 0.072300 0.073000 0.086200 0.087000 0.107800
Sheep 0.020000 0.240800 0.105200 0.261000 0.072200 0.000000 0.084800 0.082800 0.095500 0.115600 0.040400 0.084500 0.083400 0.063400 0.115600 0.062500 0.118600 0.137600 0.040700 0.106500 0.062200 0.041000 0.134800 0.067900 0.040500 0.041400 0.072500 0.105600 0.070800 0.127000 0.113600 0.085700 0.138200 0.072500 0.072600 0.118000 0.019900 0.082400 0.063200 0.104500 0.134800 0.052300 0.115400 0.105700 0.119900 0.094100 0.071500 0.103800 0.082800 0.094600 0.096000 0.116700
MaxwellsDu 0.085300 0.207800 0.087000 0.274000 0.074700 0.084800 0.000000 0.085800 0.077200 0.097600 0.052500 0.088400 0.064000 0.043300 0.119700 0.053500 0.100500 0.119900 0.063700 0.088000 0.064300 0.042500 0.117400 0.075400 0.052700 0.042900 0.053000 0.087600 0.095200 0.109100 0.118800 0.065900 0.144200 0.053000 0.053100 0.099600 0.062900 0.085300 0.043200 0.109400 0.117400 0.054200 0.097400 0.087500 0.101200 0.074900 0.052300 0.085000 0.063500 0.076600 0.077400 0.098600
GazellaPrz 0.083200 0.256000 0.130200 0.320200 0.117200 0.082800 0.085800 0.000000 0.121000 0.140900 0.083300 0.109200 0.106400 0.086300 0.163200 0.085100 0.145200 0.163400 0.084000 0.131800 0.106900 0.084700 0.160300 0.118300 0.077500 0.063400 0.095200 0.131100 0.114800 0.141300 0.162200 0.109600 0.177200 0.095200 0.095300 0.143800 0.061400 0.127800 0.086100 0.129800 0.160300 0.074800 0.140500 0.131100 0.146000 0.117400 0.094000 0.127500 0.105700 0.120300 0.121400 0.142200
MountainNy 0.095900 0.230900 0.020700 0.258700 0.086700 0.095500 0.077200 0.121000 0.000000 0.074800 0.073600 0.032000 0.075800 0.055000 0.131400 0.065200 0.087200 0.107600 0.073800 0.010400 0.076300 0.052200 0.094600 0.064300 0.073700 0.054400 0.064600 0.010400 0.107500 0.031000 0.095700 0.066400 0.120000 0.064600 0.053800 0.042800 0.072900 0.097500 0.054800 0.086100 0.094600 0.066100 0.074600 0.064600 0.043400 0.075800 0.085800 0.096000 0.075300 0.064900 0.000100 0.020700
MuntiacusM 0.116100 0.177500 0.062600 0.239200 0.084700 0.115600 0.097600 0.140900 0.074800 0.000000 0.093500 0.085600 0.096000 0.075700 0.127900 0.085500 0.085000 0.104000 0.094000 0.085300 0.096500 0.072700 0.059900 0.051300 0.093700 0.075000 0.084800 0.084900 0.127100 0.105800 0.040000 0.087100 0.082800 0.084800 0.062900 0.096400 0.082400 0.095200 0.075500 0.072200 0.059900 0.086800 0.000000 0.051500 0.097800 0.084600 0.105800 0.115700 0.095400 0.084300 0.075000 0.095500
goat 0.040600 0.216100 0.083600 0.236700 0.051300 0.040400 0.052500 0.083300 0.073600 0.093500 0.000000 0.063000 0.062200 0.042100 0.094000 0.051900 0.096200 0.115500 0.020200 0.084600 0.041200 0.020300 0.113100 0.046800 0.000000 0.041700 0.051500 0.083800 0.071200 0.105000 0.092200 0.063900 0.115800 0.051500 0.051600 0.095900 0.020000 0.061500 0.041900 0.082800 0.113100 0.052700 0.093400 0.083900 0.097500 0.072800 0.050800 0.082500 0.061800 0.072800 0.074100 0.094700
AfricanBuf 0.084900 0.217600 0.052800 0.257200 0.097800 0.084500 0.088400 0.109200 0.032000 0.085600 0.063000 0.000000 0.086800 0.066100 0.143500 0.076200 0.087400 0.106700 0.063100 0.042500 0.087300 0.064200 0.105300 0.075100 0.063000 0.065400 0.075500 0.042400 0.118500 0.063300 0.106500 0.077600 0.118900 0.075500 0.064600 0.042300 0.062300 0.108500 0.065900 0.074700 0.105300 0.065000 0.085300 0.075500 0.043000 0.086800 0.096700 0.107600 0.086200 0.064300 0.032100 0.052900
Topi 0.083900 0.230000 0.085500 0.268900 0.073500 0.083400 0.064000 0.106400 0.075800 0.096000 0.062200 0.086800 0.000000 0.042600 0.117700 0.052600 0.098700 0.117900 0.041400 0.086500 0.063200 0.041800 0.115500 0.074200 0.062400 0.042200 0.010200 0.086100 0.093700 0.106500 0.116900 0.064800 0.141800 0.010200 0.030900 0.075100 0.061900 0.083900 0.042400 0.085100 0.115500 0.053300 0.095700 0.086000 0.099300 0.073600 0.072700 0.062100 0.041200 0.064300 0.076100 0.096900
CommonDuik 0.063800 0.196700 0.065000 0.222100 0.053300 0.063400 0.043300 0.086300 0.055000 0.075700 0.042100 0.066100 0.042600 0.000000 0.097800 0.032000 0.078000 0.097800 0.042400 0.065800 0.042800 0.021200 0.095800 0.053700 0.042200 0.021400 0.031700 0.065500 0.073900 0.087000 0.096900 0.021700 0.109700 0.031700 0.031800 0.077200 0.041900 0.063900 0.021500 0.087200 0.095800 0.032500 0.075500 0.065400 0.078500 0.053400 0.052700 0.063600 0.042300 0.054600 0.055200 0.076500
Suni 0.116300 0.256300 0.140900 0.250400 0.062100 0.115600 0.119700 0.163200 0.131400 0.127900 0.094000 0.143500 0.117700 0.097800 0.000000 0.107300 0.155800 0.174000 0.094700 0.142600 0.095600 0.073600 0.170600 0.102300 0.094300 0.096700 0.106300 0.141600 0.126000 0.163300 0.103200 0.121000 0.175000 0.106300 0.106500 0.130600 0.083200 0.072400 0.097400 0.163400 0.170600 0.108800 0.127700 0.141700 0.157200 0.128800 0.104800 0.093500 0.116800 0.130500 0.132000 0.152900
Springbuck 0.062900 0.216700 0.075000 0.258200 0.063200 0.062500 0.053500 0.085100 0.065200 0.085500 0.051900 0.076200 0.052600 0.032000 0.107300 0.000000 0.088000 0.107400 0.052400 0.075900 0.052800 0.031400 0.105100 0.063700 0.052100 0.021100 0.041800 0.075600 0.051400 0.096800 0.106400 0.054100 0.131200 0.041800 0.041900 0.087300 0.041300 0.073600 0.031900 0.097000 0.105100 0.032000 0.085300 0.075400 0.088700 0.063300 0.062500 0.073300 0.052200 0.064800 0.065400 0.086400
Okapi 0.119200 0.157300 0.097100 0.219300 0.109800 0.118600 0.100500 0.145200 0.087200 0.085000 0.096200 0.087400 0.098700 0.078000 0.155800 0.088000 0.000000 0.062600 0.096700 0.098200 0.099300 0.074900 0.082900 0.096800 0.096400 0.077200 0.087200 0.074800 0.130600 0.119200 0.105800 0.089700 0.085100 0.087200 0.087300 0.087300 0.095500 0.120700 0.077700 0.119000 0.082900 0.077300 0.084800 0.097300 0.088700 0.110100 0.086100 0.119100 0.053300 0.064200 0.087600 0.108500
Giraffe 0.138300 0.197500 0.094600 0.226100 0.117200 0.137600 0.119900 0.163400 0.107600 0.104000 0.115500 0.106700 0.117900 0.097800 0.174000 0.107400 0.062600 0.000000 0.116200 0.118100 0.118600 0.094700 0.122900 0.115700 0.115800 0.096900 0.106500 0.095300 0.149100 0.138600 0.146300 0.109400 0.104100 0.106500 0.106600 0.106500 0.114700 0.127700 0.097500 0.137600 0.122900 0.097000 0.103700 0.116200 0.108200 0.129100 0.105200 0.137800 0.073000 0.083700 0.107900 0.128300
TibetanAnt 0.040900 0.217600 0.084000 0.237700 0.051700 0.040700 0.063700 0.084000 0.073800 0.094000 0.020200 0.063100 0.041400 0.042400 0.094700 0.052400 0.096700 0.116200 0.000000 0.085000 0.041500 0.020500 0.113800 0.046300 0.020300 0.042000 0.030900 0.084200 0.071800 0.105600 0.092600 0.064500 0.116500 0.030900 0.052000 0.096400 0.020100 0.062000 0.042300 0.060800 0.113800 0.053100 0.093900 0.084300 0.097900 0.073400 0.051200 0.083300 0.062200 0.073000 0.074400 0.095200
Sitatunga 0.107000 0.241900 0.030900 0.270600 0.097400 0.106500 0.088000 0.131800 0.010400 0.085300 0.084600 0.042500 0.086500 0.065800 0.142600 0.075900 0.098200 0.118100 0.085000 0.000000 0.087000 0.063500 0.094100 0.074800 0.084700 0.065200 0.075200 0.020700 0.118100 0.041200 0.106100 0.077300 0.130600 0.075200 0.064400 0.053300 0.083900 0.108100 0.065700 0.096700 0.094100 0.077000 0.085000 0.075200 0.054100 0.086500 0.096400 0.107000 0.085900 0.075500 0.010500 0.010200
Oribi 0.062500 0.231400 0.085900 0.217300 0.052100 0.062200 0.064300 0.106900 0.076300 0.096500 0.041200 0.087300 0.063200 0.042800 0.095600 0.052800 0.099300 0.118600 0.041500 0.087000 0.000000 0.020800 0.093800 0.052600 0.041300 0.042400 0.052400 0.086600 0.061800 0.085100 0.094900 0.065100 0.119200 0.052400 0.052400 0.098300 0.041000 0.062500 0.042700 0.108100 0.093800 0.053600 0.096200 0.086400 0.100000 0.074100 0.051600 0.083900 0.062800 0.075700 0.076400 0.097500
BarbaryShe 0.041300 0.194500 0.062800 0.214300 0.031000 0.041000 0.042500 0.084700 0.052200 0.072700 0.020300 0.064200 0.041800 0.021200 0.073600 0.031400 0.074900 0.094700 0.020500 0.063500 0.020800 0.000000 0.092800 0.024500 0.020400 0.021000 0.031100 0.062800 0.051200 0.084300 0.071700 0.043000 0.094900 0.031100 0.031200 0.074900 0.020300 0.041300 0.021100 0.084300 0.092800 0.031800 0.072700 0.062900 0.076100 0.052400 0.030700 0.062400 0.041500 0.051500 0.052800 0.073800
Daviddeer 0.135500 0.221000 0.103700 0.258800 0.126100 0.134800 0.117400 0.160300 0.094600 0.059900 0.113100 0.105300 0.115500 0.095800 0.170600 0.105100 0.082900 0.122900 0.113800 0.094100 0.093800 0.092800 0.000000 0.070700 0.113400 0.094900 0.104300 0.082800 0.135200 0.102800 0.079500 0.107100 0.101900 0.104300 0.082600 0.115900 0.112400 0.136500 0.095500 0.091400 0.000000 0.106700 0.059800 0.071000 0.117700 0.104000 0.103100 0.135000 0.093000 0.103700 0.094800 0.104100
Reindeer 0.068000 0.215800 0.074000 0.241300 0.062900 0.067900 0.075400 0.118300 0.064300 0.051300 0.046800 0.075100 0.074200 0.053700 0.102300 0.063700 0.096800 0.115700 0.046300 0.074800 0.052600 0.024500 0.070700 0.000000 0.046500 0.053200 0.063200 0.074500 0.083200 0.095500 0.050500 0.064900 0.094000 0.063200 0.041700 0.086000 0.045800 0.073300 0.053600 0.062000 0.070700 0.064600 0.051200 0.040900 0.087300 0.063000 0.062300 0.091200 0.073700 0.073900 0.064500 0.085200
Ibex 0.040700 0.216900 0.083700 0.237300 0.051500 0.040500 0.052700 0.077500 0.073700 0.093700 0.000000 0.063000 0.062400 0.042200 0.094300 0.052100 0.096400 0.115800 0.020300 0.084700 0.041300 0.020400 0.113400 0.046500 0.000000 0.041800 0.051700 0.083900 0.071400 0.105300 0.092400 0.064100 0.116100 0.051700 0.051700 0.096100 0.020000 0.061700 0.042100 0.082900 0.113400 0.052800 0.093600 0.084000 0.097700 0.073000 0.050900 0.082800 0.062000 0.072900 0.074200 0.094900
GyrantGaze 0.041600 0.207900 0.064400 0.246600 0.052800 0.041400 0.042900 0.063400 0.054400 0.075000 0.041700 0.065400 0.042200 0.021400 0.096700 0.021100 0.077200 0.096900 0.042000 0.065200 0.042400 0.021000 0.094900 0.053200 0.041800 0.000000 0.031400 0.064900 0.051700 0.086200 0.096000 0.043400 0.120500 0.031400 0.031500 0.076500 0.020500 0.063200 0.021300 0.086400 0.094900 0.010600 0.074800 0.064800 0.077700 0.052900 0.052200 0.063000 0.041900 0.054100 0.054600 0.075700
Hartebeest 0.072900 0.217000 0.074300 0.254800 0.062600 0.072500 0.053000 0.095200 0.064600 0.084800 0.051500 0.075500 0.010200 0.031700 0.106300 0.041800 0.087200 0.106500 0.030900 0.075200 0.052400 0.031100 0.104300 0.063200 0.051700 0.031400 0.000000 0.074900 0.082800 0.095900 0.105500 0.053600 0.129900 0.000000 0.020400 0.064000 0.051300 0.073000 0.031600 0.074000 0.104300 0.042400 0.084500 0.074800 0.087800 0.062700 0.062000 0.072900 0.051800 0.053300 0.064800 0.085600
Bongo 0.106100 0.240800 0.030800 0.242600 0.096900 0.105600 0.087600 0.131100 0.010400 0.084900 0.083800 0.042400 0.086100 0.065500 0.141600 0.075600 0.074800 0.095300 0.084200 0.020700 0.086600 0.062800 0.082800 0.074500 0.083900 0.064900 0.074900 0.000000 0.117500 0.041000 0.105600 0.076900 0.107300 0.074900 0.064100 0.053000 0.083100 0.107600 0.065300 0.096300 0.082800 0.076600 0.084700 0.074900 0.053900 0.086100 0.073900 0.106200 0.063500 0.075200 0.010400 0.030900
Gerenuk 0.071200 0.262800 0.116700 0.275600 0.082400 0.070800 0.095200 0.114800 0.107500 0.127100 0.071200 0.118500 0.093700 0.073900 0.126000 0.051400 0.130600 0.149100 0.071800 0.118100 0.061800 0.051200 0.135200 0.083200 0.071400 0.051700 0.082800 0.117500 0.000000 0.128000 0.125100 0.095900 0.149800 0.082800 0.082900 0.129400 0.050100 0.092600 0.073700 0.138800 0.135200 0.062700 0.126700 0.117400 0.108100 0.104400 0.081600 0.114200 0.093000 0.106800 0.107800 0.128400
CommonElan 0.127600 0.262600 0.051100 0.292100 0.118100 0.127000 0.109100 0.141300 0.031000 0.105800 0.105000 0.063300 0.106500 0.087000 0.163300 0.096800 0.119200 0.138600 0.105600 0.041200 0.085100 0.084300 0.102800 0.095500 0.105300 0.086200 0.095900 0.041000 0.128000 0.000000 0.126400 0.098500 0.128100 0.095900 0.085200 0.073900 0.104300 0.128700 0.086800 0.117300 0.102800 0.098100 0.105500 0.096000 0.075100 0.107200 0.116900 0.127400 0.106500 0.096300 0.031100 0.051300
MuntiacusR 0.114100 0.223400 0.104900 0.260500 0.083300 0.113600 0.118800 0.162200 0.095700 0.040000 0.092200 0.106500 0.116900 0.096900 0.103200 0.106400 0.105800 0.146300 0.092600 0.106100 0.094900 0.071700 0.079500 0.050500 0.092400 0.096000 0.105500 0.105600 0.125100 0.126400 0.000000 0.108400 0.102700 0.105500 0.083600 0.094900 0.081000 0.093600 0.096700 0.092400 0.079500 0.108000 0.039900 0.071900 0.119100 0.105200 0.104000 0.136900 0.116100 0.104900 0.096000 0.116300
HarveysDui 0.086200 0.180300 0.076400 0.235200 0.075700 0.085700 0.065900 0.109600 0.066400 0.087100 0.063900 0.077600 0.064800 0.021700 0.121000 0.054100 0.089700 0.109400 0.064500 0.077300 0.065100 0.043000 0.107100 0.064900 0.064100 0.043400 0.053600 0.076900 0.095900 0.098500 0.108400 0.000000 0.121400 0.053600 0.053700 0.088900 0.063600 0.086300 0.043700 0.098800 0.107100 0.054900 0.086900 0.076800 0.090300 0.075800 0.074800 0.085900 0.064300 0.066000 0.066600 0.087900
Pronghorn 0.139000 0.176300 0.106500 0.182600 0.129400 0.138200 0.144200 0.177200 0.120000 0.082800 0.115800 0.118900 0.141800 0.109700 0.175000 0.131200 0.085100 0.104100 0.116500 0.130600 0.119200 0.094900 0.101900 0.094000 0.116100 0.120500 0.129900 0.107300 0.149800 0.128100 0.102700 0.121400 0.000000 0.129900 0.107100 0.118800 0.115300 0.140000 0.121200 0.138200 0.101900 0.120600 0.082500 0.116800 0.120700 0.129700 0.105700 0.161900 0.118200 0.106200 0.120300 0.141000
BlueWildeb 0.072900 0.217000 0.074300 0.254800 0.062600 0.072500 0.053000 0.095200 0.064600 0.084800 0.051500 0.075500 0.010200 0.031700 0.106300 0.041800 0.087200 0.106500 0.030900 0.075200 0.052400 0.031100 0.104300 0.063200 0.051700 0.031400 0.000000 0.074900 0.082800 0.095900 0.105500 0.053600 0.129900 0.000000 0.020400 0.064000 0.051300 0.073000 0.031600 0.074000 0.104300 0.042400 0.084500 0.074800 0.087800 0.062700 0.062000 0.072900 0.051800 0.053300 0.064800 0.085600
Gemsbok 0.073000 0.217600 0.063600 0.255500 0.062700 0.072600 0.053100 0.095300 0.053800 0.062900 0.051600 0.064600 0.030900 0.031800 0.106500 0.041900 0.087300 0.106600 0.052000 0.064400 0.052400 0.031200 0.082600 0.041700 0.051700 0.031500 0.020400 0.064100 0.082900 0.085200 0.083600 0.053700 0.107100 0.020400 0.000000 0.053300 0.051300 0.073100 0.031700 0.074000 0.082600 0.042500 0.062800 0.052900 0.076700 0.041400 0.062000 0.072900 0.051800 0.053400 0.054000 0.074800
Yak 0.118500 0.217300 0.063400 0.255900 0.108800 0.118000 0.099600 0.143800 0.042800 0.096400 0.095900 0.042300 0.075100 0.077200 0.130600 0.087300 0.087300 0.106500 0.096400 0.053300 0.098300 0.074900 0.115900 0.086000 0.096100 0.076500 0.064000 0.053000 0.129400 0.073900 0.094900 0.088900 0.118800 0.064000 0.053300 0.000000 0.095100 0.119600 0.077100 0.108000 0.115900 0.076600 0.096100 0.086500 0.043000 0.097800 0.107600 0.118600 0.097100 0.053400 0.042900 0.063600
BlueSheep 0.020000 0.214900 0.082900 0.239200 0.040800 0.019900 0.062900 0.061400 0.072900 0.082400 0.020000 0.062300 0.061900 0.041900 0.083200 0.041300 0.095500 0.114700 0.020100 0.083900 0.041000 0.020300 0.112400 0.045800 0.020000 0.020500 0.051300 0.083100 0.050100 0.104300 0.081000 0.063600 0.115300 0.051300 0.051300 0.095100 0.000000 0.051000 0.041700 0.082200 0.112400 0.031100 0.082400 0.083200 0.096700 0.072400 0.050600 0.082100 0.061500 0.072100 0.073400 0.094000
BohorReedb 0.082900 0.253600 0.106800 0.266500 0.010100 0.082400 0.085300 0.127800 0.097500 0.095200 0.061500 0.108500 0.083900 0.063900 0.072400 0.073600 0.120700 0.127700 0.062000 0.108100 0.062500 0.041300 0.136500 0.073300 0.061700 0.063200 0.073000 0.107600 0.092600 0.128700 0.093600 0.086300 0.140000 0.073000 0.073100 0.119600 0.051000 0.000000 0.063600 0.129100 0.136500 0.074600 0.094800 0.107500 0.121400 0.094600 0.071900 0.082500 0.083300 0.096900 0.097700 0.118500
KirksDik 0.063600 0.209500 0.064900 0.247600 0.053100 0.063200 0.043200 0.086100 0.054800 0.075500 0.041900 0.065900 0.042400 0.021500 0.097400 0.031900 0.077700 0.097500 0.042300 0.065700 0.042700 0.021100 0.095500 0.053600 0.042100 0.021300 0.031600 0.065300 0.073700 0.086800 0.096700 0.043700 0.121200 0.031600 0.031700 0.077100 0.041700 0.063600 0.000000 0.087000 0.095500 0.032400 0.075300 0.065300 0.078200 0.053200 0.052500 0.063500 0.042100 0.054500 0.055000 0.076300
RoeDeer 0.104900 0.240500 0.095500 0.292800 0.118400 0.104500 0.109400 0.129800 0.086100 0.072200 0.082800 0.074700 0.085100 0.087200 0.163400 0.097000 0.119000 0.137600 0.060800 0.096700 0.108100 0.084300 0.091400 0.062000 0.082900 0.086400 0.074000 0.096300 0.138800 0.117300 0.092400 0.098800 0.138200 0.074000 0.074000 0.108000 0.082200 0.129100 0.087000 0.000000 0.091400 0.098400 0.072000 0.062300 0.109700 0.096000 0.117200 0.127800 0.106800 0.095600 0.086400 0.106900
WhiteLippe 0.135500 0.221000 0.103700 0.258800 0.126100 0.134800 0.117400 0.160300 0.094600 0.059900 0.113100 0.105300 0.115500 0.095800 0.170600 0.105100 0.082900 0.122900 0.113800 0.094100 0.093800 0.092800 0.000000 0.070700 0.113400 0.094900 0.104300 0.082800 0.135200 0.102800 0.079500 0.107100 0.101900 0.104300 0.082600 0.115900 0.112400 0.136500 0.095500 0.091400 0.000000 0.106700 0.059800 0.071000 0.117700 0.104000 0.103100 0.135000 0.093000 0.103700 0.094800 0.104100
ThomsonGaz 0.052600 0.208600 0.076100 0.247000 0.064000 0.052300 0.054200 0.074800 0.066100 0.086800 0.052700 0.065000 0.053300 0.032500 0.108800 0.032000 0.077300 0.097000 0.053100 0.077000 0.053600 0.031800 0.106700 0.064600 0.052800 0.010600 0.042400 0.076600 0.062700 0.098100 0.108000 0.054900 0.120600 0.042400 0.042500 0.076600 0.031100 0.074600 0.032400 0.098400 0.106700 0.000000 0.086500 0.076500 0.077800 0.064100 0.063300 0.074400 0.052900 0.054200 0.066300 0.087600
MuntiacusC 0.115900 0.177000 0.062400 0.238600 0.084400 0.115400 0.097400 0.140500 0.074600 0.000000 0.093400 0.085300 0.095700 0.075500 0.127700 0.085300 0.084800 0.103700 0.093900 0.085000 0.096200 0.072700 0.059800 0.051200 0.093600 0.074800 0.084500 0.084700 0.126700 0.105500 0.039900 0.086900 0.082500 0.084500 0.062800 0.096100 0.082400 0.094800 0.075300 0.072000 0.059800 0.086500 0.000000 0.051400 0.097600 0.084300 0.105400 0.115500 0.095100 0.084000 0.074800 0.095200
WhiteTaile 0.106200 0.217100 0.074300 0.269400 0.096800 0.105700 0.087500 0.131100 0.064600 0.051500 0.083900 0.075500 0.086000 0.065400 0.141700 0.075400 0.097300 0.116200 0.084300 0.075200 0.086400 0.062900 0.071000 0.040900 0.084000 0.064800 0.074800 0.074900 0.117400 0.096000 0.071900 0.076800 0.116800 0.074800 0.052900 0.086500 0.083200 0.107500 0.065300 0.062300 0.071000 0.076500 0.051400 0.000000 0.087800 0.074600 0.095900 0.106300 0.085400 0.074300 0.064800 0.085600
Cattle 0.120500 0.221200 0.064400 0.260400 0.110500 0.119900 0.101200 0.146000 0.043400 0.097800 0.097500 0.043000 0.099300 0.078500 0.157200 0.088700 0.088700 0.108200 0.097900 0.054100 0.100000 0.076100 0.117700 0.087300 0.097700 0.077700 0.087800 0.053900 0.108100 0.075100 0.119100 0.090300 0.120700 0.087800 0.076700 0.043000 0.096700 0.121400 0.078200 0.109700 0.117700 0.077800 0.097600 0.087800 0.000000 0.099400 0.109300 0.120300 0.098700 0.065300 0.043500 0.064600
RoyalAntel 0.094700 0.242500 0.085500 0.282300 0.084200 0.094100 0.074900 0.117400 0.075800 0.084600 0.072800 0.086800 0.073600 0.053400 0.128800 0.063300 0.110100 0.129100 0.073400 0.086500 0.074100 0.052400 0.104000 0.063000 0.073000 0.052900 0.062700 0.086100 0.104400 0.107200 0.105200 0.075800 0.129700 0.062700 0.041400 0.097800 0.072400 0.094600 0.053200 0.096000 0.104000 0.064100 0.084300 0.074600 0.099400 0.000000 0.083400 0.094300 0.073100 0.086300 0.076100 0.096900
Steenbok 0.071900 0.239300 0.095200 0.225200 0.061700 0.071500 0.052300 0.094000 0.085800 0.105800 0.050800 0.096700 0.072700 0.052700 0.104800 0.062500 0.086100 0.105200 0.051200 0.096400 0.051600 0.030700 0.103100 0.062300 0.050900 0.052200 0.062000 0.073900 0.081600 0.116900 0.104000 0.074800 0.105700 0.062000 0.062000 0.107600 0.050600 0.071900 0.052500 0.117200 0.103100 0.063300 0.105400 0.095900 0.109300 0.083400 0.000000 0.093200 0.051100 0.085200 0.086100 0.106700
Impala 0.104300 0.241500 0.105700 0.286300 0.072300 0.103800 0.085000 0.127500 0.096000 0.115700 0.082500 0.107600 0.062100 0.063600 0.093500 0.073300 0.119100 0.137800 0.083300 0.107000 0.083900 0.062400 0.135000 0.091200 0.082800 0.063000 0.072900 0.106200 0.114200 0.127400 0.136900 0.085900 0.161900 0.072900 0.072900 0.118600 0.082100 0.082500 0.063500 0.127800 0.135000 0.074400 0.115500 0.106300 0.120300 0.094300 0.093200 0.000000 0.061500 0.095200 0.096500 0.117100
Klipspring 0.083300 0.228300 0.084900 0.241700 0.073000 0.082800 0.063500 0.105700 0.075300 0.095400 0.061800 0.086200 0.041200 0.042300 0.116800 0.052200 0.053300 0.073000 0.062200 0.085900 0.062800 0.041500 0.093000 0.073700 0.062000 0.041900 0.051800 0.063500 0.093000 0.106500 0.116100 0.064300 0.118200 0.051800 0.051800 0.097100 0.061500 0.083300 0.042100 0.106800 0.093000 0.052900 0.095100 0.085400 0.098700 0.073100 0.051100 0.061500 0.000000 0.074900 0.075500 0.096200
ForestMusk 0.095000 0.180500 0.074700 0.230400 0.086200 0.094600 0.076600 0.120300 0.064900 0.084300 0.072800 0.064300 0.064300 0.054600 0.130500 0.064800 0.064200 0.083700 0.073000 0.075500 0.075700 0.051500 0.103700 0.073900 0.072900 0.054100 0.053300 0.075200 0.106800 0.096300 0.104900 0.066000 0.106200 0.053300 0.053400 0.053400 0.072100 0.096900 0.054500 0.095600 0.103700 0.054200 0.084000 0.074300 0.065300 0.086300 0.085200 0.095200 0.074900 0.000000 0.065100 0.085900
Bushbuck 0.096400 0.231200 0.020700 0.259700 0.087000 0.096000 0.077400 0.121400 0.000100 0.075000 0.074100 0.032100 0.076100 0.055200 0.132000 0.065400 0.087600 0.107900 0.074400 0.010500 0.076400 0.052800 0.094800 0.064500 0.074200 0.054600 0.064800 0.010400 0.107800 0.031100 0.096000 0.066600 0.120300 0.064800 0.054000 0.042900 0.073400 0.097700 0.055000 0.086400 0.094800 0.066300 0.074800 0.064800 0.043500 0.076100 0.086100 0.096500 0.075500 0.065100 0.000000 0.020800
GreaterKud 0.117300 0.252700 0.041100 0.281400 0.107800 0.116700 0.098600 0.142200 0.020700 0.095500 0.094700 0.052900 0.096900 0.076500 0.152900 0.086400 0.108500 0.128300 0.095200 0.010200 0.097500 0.073800 0.104100 0.085200 0.094900 0.075700 0.085600 0.030900 0.128400 0.051300 0.116300 0.087900 0.141000 0.085600 0.074800 0.063600 0.094000 0.118500 0.076300 0.106900 0.104100 0.087600 0.095200 0.085600 0.064600 0.096900 0.106700 0.117100 0.096200 0.085900 0.020800 0.000000
