CODONML (in paml version 4.10.7, June 2023)  /home/rachel/ruminants_paml/6406-phy-tree/ENSBTAT00000024202.fasta.phy
Model: free dN/dS Ratios for branches,  kappa = 2.000 fixed

Codon frequency model: F3x4
ns =  54  ls =  30

Codon usage in sequences
--------------------------------------------------------------------------------------------------------------------------------------
Phe TTT   0   0   0   0   0   0 | Ser TCT   1   2   1   1   1   1 | Tyr TAT   0   0   0   0   0   0 | Cys TGT   0   0   0   0   0   0
    TTC   2   1   2   2   2   2 |     TCC   0   0   0   0   0   0 |     TAC   0   0   0   0   0   0 |     TGC   0   0   0   0   0   0
Leu TTA   1   1   1   1   1   1 |     TCA   1   1   1   1   1   1 | *** TAA   0   0   0   0   0   0 | *** TGA   0   0   0   0   0   0
    TTG   0   0   0   0   0   0 |     TCG   0   0   0   0   0   0 |     TAG   0   0   0   0   0   0 | Trp TGG   0   0   0   0   0   0
--------------------------------------------------------------------------------------------------------------------------------------
Leu CTT   1   0   1   1   1   1 | Pro CCT   1   1   1   1   1   1 | His CAT   0   0   0   0   0   0 | Arg CGT   0   0   0   0   0   0
    CTC   0   0   0   0   0   0 |     CCC   0   0   0   0   0   0 |     CAC   0   0   0   0   0   0 |     CGC   0   0   0   0   0   0
    CTA   1   1   1   1   1   0 |     CCA   0   0   0   0   0   0 | Gln CAA   0   0   0   0   0   0 |     CGA   0   0   0   0   0   0
    CTG   0   1   0   0   0   0 |     CCG   0   1   0   0   0   0 |     CAG   0   0   0   0   0   0 |     CGG   0   0   0   0   0   0
--------------------------------------------------------------------------------------------------------------------------------------
Ile ATT   0   0   0   0   0   0 | Thr ACT   0   0   0   0   1   1 | Asn AAT   2   2   2   2   2   2 | Ser AGT   0   0   0   0   0   0
    ATC   1   1   0   1   0   1 |     ACC   0   0   0   0   0   0 |     AAC   0   0   0   0   0   0 |     AGC   0   0   0   0   1   1
    ATA   0   0   0   0   0   0 |     ACA   0   1   0   0   0   0 | Lys AAA   1   1   1   1   1   1 | Arg AGA   1   1   1   1   1   1
Met ATG   1   1   1   1   1   1 |     ACG   2   0   2   2   1   1 |     AAG   3   3   3   3   3   3 |     AGG   0   0   0   0   0   0
--------------------------------------------------------------------------------------------------------------------------------------
Val GTT   1   1   1   1   1   1 | Ala GCT   3   3   3   3   3   3 | Asp GAT   0   0   0   0   0   0 | Gly GGT   0   0   0   0   0   0
    GTC   0   0   1   0   1   0 |     GCC   2   2   2   2   2   2 |     GAC   2   2   2   2   2   2 |     GGC   1   1   1   1   0   0
    GTA   0   0   0   0   0   1 |     GCA   1   1   1   1   1   1 | Glu GAA   0   0   0   0   0   0 |     GGA   0   0   0   0   0   0
    GTG   0   0   0   0   0   0 |     GCG   0   0   0   0   0   0 |     GAG   1   1   1   1   1   1 |     GGG   0   0   0   0   0   0
--------------------------------------------------------------------------------------------------------------------------------------

--------------------------------------------------------------------------------------------------------------------------------------
Phe TTT   0   0   0   0   0   0 | Ser TCT   1   1   0   1   1   1 | Tyr TAT   0   0   0   0   0   0 | Cys TGT   0   0   0   0   0   0
    TTC   2   2   2   2   2   2 |     TCC   0   0   1   0   0   0 |     TAC   0   0   0   0   0   0 |     TGC   0   0   0   0   0   0
Leu TTA   0   1   1   1   1   1 |     TCA   1   1   1   1   1   1 | *** TAA   0   0   0   0   0   0 | *** TGA   0   0   0   0   0   0
    TTG   0   0   0   0   0   0 |     TCG   0   0   0   0   0   0 |     TAG   0   0   0   0   0   0 | Trp TGG   0   0   0   0   0   0
--------------------------------------------------------------------------------------------------------------------------------------
Leu CTT   1   1   1   1   1   1 | Pro CCT   1   1   1   1   1   1 | His CAT   0   0   0   0   0   0 | Arg CGT   0   0   0   0   0   0
    CTC   0   0   1   0   0   0 |     CCC   0   0   0   0   0   0 |     CAC   0   0   0   0   0   0 |     CGC   0   0   0   0   0   0
    CTA   2   1   1   1   1   1 |     CCA   0   0   0   0   0   0 | Gln CAA   0   0   0   0   0   0 |     CGA   0   0   0   0   0   0
    CTG   0   0   0   0   0   0 |     CCG   0   0   0   0   0   0 |     CAG   0   0   0   0   0   0 |     CGG   0   0   0   0   0   0
--------------------------------------------------------------------------------------------------------------------------------------
Ile ATT   0   0   0   0   0   0 | Thr ACT   0   0   0   0   0   0 | Asn AAT   1   2   2   2   2   1 | Ser AGT   0   0   0   0   0   0
    ATC   1   1   0   1   0   1 |     ACC   0   0   0   0   0   1 |     AAC   1   0   0   0   0   1 |     AGC   0   0   0   0   0   0
    ATA   0   0   0   0   0   0 |     ACA   0   0   2   0   0   0 | Lys AAA   1   1   0   1   1   1 | Arg AGA   1   1   2   1   1   1
Met ATG   1   1   1   1   2   1 |     ACG   2   2   1   2   1   1 |     AAG   3   3   3   3   3   3 |     AGG   0   0   0   0   0   0
--------------------------------------------------------------------------------------------------------------------------------------
Val GTT   1   1   1   1   1   1 | Ala GCT   3   3   3   3   3   3 | Asp GAT   0   0   0   0   0   0 | Gly GGT   0   0   0   0   0   0
    GTC   0   0   0   0   1   0 |     GCC   2   2   2   2   2   2 |     GAC   2   2   3   2   2   2 |     GGC   1   1   0   1   1   1
    GTA   0   0   0   0   0   0 |     GCA   1   1   0   1   1   1 | Glu GAA   0   0   0   0   0   0 |     GGA   0   0   0   0   0   0
    GTG   0   0   0   0   0   0 |     GCG   0   0   0   0   0   0 |     GAG   1   1   1   1   1   1 |     GGG   0   0   0   0   0   0
--------------------------------------------------------------------------------------------------------------------------------------

--------------------------------------------------------------------------------------------------------------------------------------
Phe TTT   0   0   0   0   0   0 | Ser TCT   1   1   1   1   1   1 | Tyr TAT   0   0   0   0   0   0 | Cys TGT   0   0   0   0   0   0
    TTC   2   2   2   2   2   2 |     TCC   0   0   0   0   0   0 |     TAC   0   0   0   0   0   0 |     TGC   0   0   0   0   0   0
Leu TTA   1   1   1   1   1   1 |     TCA   1   1   1   1   1   1 | *** TAA   0   0   0   0   0   0 | *** TGA   0   0   0   0   0   0
    TTG   0   0   0   0   0   0 |     TCG   0   0   0   0   1   0 |     TAG   0   0   0   0   0   0 | Trp TGG   0   0   0   0   0   0
--------------------------------------------------------------------------------------------------------------------------------------
Leu CTT   1   1   1   1   1   1 | Pro CCT   1   1   1   1   1   1 | His CAT   0   0   0   0   0   0 | Arg CGT   0   0   0   0   0   0
    CTC   0   0   0   0   0   0 |     CCC   0   0   0   0   0   0 |     CAC   0   0   0   0   0   0 |     CGC   0   0   0   0   0   0
    CTA   1   1   1   1   1   1 |     CCA   0   0   0   0   0   0 | Gln CAA   0   0   0   0   0   0 |     CGA   0   0   0   0   0   0
    CTG   0   0   0   0   0   0 |     CCG   0   0   0   0   0   0 |     CAG   0   0   0   0   0   0 |     CGG   0   0   0   0   0   0
--------------------------------------------------------------------------------------------------------------------------------------
Ile ATT   0   0   0   0   0   0 | Thr ACT   0   0   0   0   0   0 | Asn AAT   2   2   2   2   2   2 | Ser AGT   0   0   0   0   0   0
    ATC   1   1   1   1   1   1 |     ACC   0   0   0   0   1   0 |     AAC   0   0   0   0   0   0 |     AGC   0   0   0   0   0   0
    ATA   0   0   0   0   0   0 |     ACA   0   0   1   2   0   0 | Lys AAA   1   1   1   0   1   1 | Arg AGA   1   1   1   2   1   1
Met ATG   1   1   1   1   1   1 |     ACG   2   2   1   1   1   2 |     AAG   3   3   3   3   3   3 |     AGG   0   0   0   0   0   0
--------------------------------------------------------------------------------------------------------------------------------------
Val GTT   1   1   1   1   1   1 | Ala GCT   3   3   3   3   3   3 | Asp GAT   0   0   0   0   0   0 | Gly GGT   0   0   0   0   0   0
    GTC   0   0   0   0   0   1 |     GCC   2   2   2   2   1   1 |     GAC   2   2   2   2   2   2 |     GGC   1   1   1   1   1   1
    GTA   0   0   0   0   0   0 |     GCA   1   1   1   0   1   1 | Glu GAA   0   0   0   0   0   0 |     GGA   0   0   0   0   0   0
    GTG   0   0   0   0   0   0 |     GCG   0   0   0   0   0   0 |     GAG   1   1   1   1   1   1 |     GGG   0   0   0   0   0   0
--------------------------------------------------------------------------------------------------------------------------------------

--------------------------------------------------------------------------------------------------------------------------------------
Phe TTT   0   0   0   1   0   0 | Ser TCT   1   1   1   1   1   1 | Tyr TAT   0   0   0   0   0   0 | Cys TGT   0   0   0   0   0   0
    TTC   2   2   2   1   2   2 |     TCC   0   0   0   0   0   0 |     TAC   0   0   0   0   0   0 |     TGC   0   0   0   0   0   0
Leu TTA   1   1   1   1   1   1 |     TCA   1   1   1   1   1   1 | *** TAA   0   0   0   0   0   0 | *** TGA   0   0   0   0   0   0
    TTG   0   0   0   0   0   0 |     TCG   0   0   0   0   0   0 |     TAG   0   0   0   0   0   0 | Trp TGG   0   0   0   0   0   0
--------------------------------------------------------------------------------------------------------------------------------------
Leu CTT   1   1   1   1   1   1 | Pro CCT   1   1   1   1   1   1 | His CAT   0   0   0   0   0   0 | Arg CGT   0   0   0   0   0   0
    CTC   0   0   0   0   0   0 |     CCC   0   0   0   0   0   0 |     CAC   0   0   0   0   0   0 |     CGC   0   0   0   0   0   0
    CTA   1   1   1   1   1   1 |     CCA   0   0   0   0   0   0 | Gln CAA   0   0   0   0   0   0 |     CGA   0   0   0   0   0   0
    CTG   0   0   0   0   0   0 |     CCG   0   0   0   0   0   0 |     CAG   0   0   0   0   0   0 |     CGG   0   0   0   0   0   0
--------------------------------------------------------------------------------------------------------------------------------------
Ile ATT   0   0   0   0   0   0 | Thr ACT   0   0   0   0   0   0 | Asn AAT   2   2   2   2   2   2 | Ser AGT   0   0   0   0   0   0
    ATC   1   1   1   0   1   1 |     ACC   0   0   0   0   0   0 |     AAC   0   0   0   0   0   0 |     AGC   0   0   0   0   0   0
    ATA   0   0   0   0   0   0 |     ACA   0   0   0   1   0   0 | Lys AAA   1   1   1   1   2   1 | Arg AGA   1   1   1   1   1   1
Met ATG   1   1   1   1   1   1 |     ACG   2   2   2   1   2   2 |     AAG   3   3   3   3   2   3 |     AGG   0   0   0   0   0   0
--------------------------------------------------------------------------------------------------------------------------------------
Val GTT   1   1   1   1   1   1 | Ala GCT   3   3   3   3   3   3 | Asp GAT   0   0   0   0   0   0 | Gly GGT   0   0   0   0   0   0
    GTC   0   0   0   1   0   0 |     GCC   2   2   2   2   2   2 |     GAC   2   2   2   2   2   2 |     GGC   1   1   1   1   1   1
    GTA   0   0   0   0   0   0 |     GCA   1   1   1   1   1   1 | Glu GAA   0   0   0   0   0   0 |     GGA   0   0   0   0   0   0
    GTG   0   0   0   0   0   0 |     GCG   0   0   0   0   0   0 |     GAG   1   1   1   1   1   1 |     GGG   0   0   0   0   0   0
--------------------------------------------------------------------------------------------------------------------------------------

--------------------------------------------------------------------------------------------------------------------------------------
Phe TTT   0   0   0   0   0   0 | Ser TCT   1   1   1   1   1   1 | Tyr TAT   0   0   0   0   0   0 | Cys TGT   0   0   0   0   0   0
    TTC   2   2   2   2   2   2 |     TCC   0   1   0   0   0   0 |     TAC   0   0   0   0   0   0 |     TGC   0   0   0   0   0   0
Leu TTA   1   1   1   1   1   1 |     TCA   1   1   1   1   1   1 | *** TAA   0   0   0   0   0   0 | *** TGA   0   0   0   0   0   0
    TTG   0   0   0   0   0   0 |     TCG   0   0   0   0   0   0 |     TAG   0   0   0   0   0   0 | Trp TGG   0   0   0   0   0   0
--------------------------------------------------------------------------------------------------------------------------------------
Leu CTT   1   1   1   1   1   1 | Pro CCT   1   1   1   1   1   1 | His CAT   0   0   0   0   0   0 | Arg CGT   0   0   0   0   0   0
    CTC   0   0   0   0   0   0 |     CCC   0   0   0   0   0   0 |     CAC   0   0   0   0   0   0 |     CGC   0   0   0   0   0   0
    CTA   1   1   1   1   1   1 |     CCA   0   0   0   0   0   0 | Gln CAA   0   0   0   0   0   0 |     CGA   0   0   0   0   0   0
    CTG   0   0   0   0   0   0 |     CCG   0   0   0   0   0   0 |     CAG   0   0   0   0   0   0 |     CGG   0   0   0   0   0   0
--------------------------------------------------------------------------------------------------------------------------------------
Ile ATT   0   0   0   0   0   0 | Thr ACT   0   0   0   0   0   0 | Asn AAT   1   1   2   2   2   2 | Ser AGT   0   0   0   0   0   0
    ATC   1   1   1   1   1   0 |     ACC   1   0   0   0   0   0 |     AAC   1   1   0   0   0   0 |     AGC   0   0   0   0   0   0
    ATA   0   0   0   0   0   0 |     ACA   0   0   0   0   0   0 | Lys AAA   1   1   1   1   1   1 | Arg AGA   1   1   1   1   1   1
Met ATG   1   2   1   1   1   1 |     ACG   1   0   2   2   2   2 |     AAG   3   3   3   3   3   3 |     AGG   0   0   0   0   0   0
--------------------------------------------------------------------------------------------------------------------------------------
Val GTT   1   1   1   1   1   1 | Ala GCT   3   3   3   3   3   3 | Asp GAT   0   0   0   0   0   0 | Gly GGT   1   0   0   0   0   0
    GTC   0   0   0   0   0   1 |     GCC   2   2   2   2   2   2 |     GAC   2   2   2   2   2   2 |     GGC   0   1   1   1   1   1
    GTA   0   0   0   0   0   0 |     GCA   1   1   1   1   1   1 | Glu GAA   0   0   0   0   0   0 |     GGA   0   0   0   0   0   0
    GTG   0   0   0   0   0   0 |     GCG   0   0   0   0   0   0 |     GAG   1   1   1   1   1   1 |     GGG   0   0   0   0   0   0
--------------------------------------------------------------------------------------------------------------------------------------

--------------------------------------------------------------------------------------------------------------------------------------
Phe TTT   0   0   0   0   0   0 | Ser TCT   1   1   1   1   1   1 | Tyr TAT   0   0   0   0   0   0 | Cys TGT   0   0   0   0   0   0
    TTC   2   2   2   2   2   2 |     TCC   0   0   0   0   0   0 |     TAC   0   0   0   0   0   0 |     TGC   0   0   0   0   0   0
Leu TTA   1   1   1   1   1   1 |     TCA   1   1   1   1   1   1 | *** TAA   0   0   0   0   0   0 | *** TGA   0   0   0   0   0   0
    TTG   0   0   0   0   0   0 |     TCG   0   0   0   0   0   0 |     TAG   0   0   0   0   0   0 | Trp TGG   0   0   0   0   0   0
--------------------------------------------------------------------------------------------------------------------------------------
Leu CTT   1   1   1   1   1   1 | Pro CCT   1   1   0   1   1   1 | His CAT   0   0   0   0   0   0 | Arg CGT   0   0   0   0   0   0
    CTC   0   0   0   0   0   0 |     CCC   0   0   0   0   0   0 |     CAC   0   0   0   0   0   0 |     CGC   0   0   0   0   0   0
    CTA   1   1   1   1   1   1 |     CCA   0   0   0   0   0   0 | Gln CAA   0   0   0   0   0   0 |     CGA   0   0   0   0   0   0
    CTG   0   0   0   0   0   0 |     CCG   0   0   1   0   0   0 |     CAG   0   0   0   0   0   0 |     CGG   0   0   0   0   0   0
--------------------------------------------------------------------------------------------------------------------------------------
Ile ATT   0   0   0   0   0   0 | Thr ACT   0   0   0   0   0   0 | Asn AAT   2   2   1   2   2   2 | Ser AGT   0   0   0   0   0   0
    ATC   1   0   1   1   1   1 |     ACC   0   0   1   0   0   0 |     AAC   0   0   1   0   0   0 |     AGC   0   0   0   0   0   0
    ATA   0   0   0   0   0   0 |     ACA   0   0   0   2   0   0 | Lys AAA   1   1   1   0   1   1 | Arg AGA   1   1   1   2   1   1
Met ATG   1   1   1   1   1   1 |     ACG   2   2   1   1   1   2 |     AAG   3   3   3   3   3   3 |     AGG   0   0   0   0   0   0
--------------------------------------------------------------------------------------------------------------------------------------
Val GTT   1   1   1   1   1   1 | Ala GCT   3   3   3   3   2   3 | Asp GAT   0   0   0   0   0   0 | Gly GGT   0   0   0   0   0   0
    GTC   0   1   0   0   1   0 |     GCC   2   2   2   2   1   2 |     GAC   2   2   2   2   2   2 |     GGC   1   1   1   1   1   1
    GTA   0   0   0   0   0   0 |     GCA   1   1   1   0   2   0 | Glu GAA   0   0   0   0   0   1 |     GGA   0   0   0   0   0   0
    GTG   0   0   0   0   0   0 |     GCG   0   0   0   0   1   0 |     GAG   1   1   1   1   1   1 |     GGG   0   0   0   0   0   0
--------------------------------------------------------------------------------------------------------------------------------------

--------------------------------------------------------------------------------------------------------------------------------------
Phe TTT   0   0   1   0   0   0 | Ser TCT   1   1   1   1   1   1 | Tyr TAT   0   0   0   0   0   0 | Cys TGT   0   0   0   0   0   0
    TTC   2   2   1   2   2   2 |     TCC   0   0   0   0   0   1 |     TAC   0   0   0   0   0   0 |     TGC   0   0   0   0   0   0
Leu TTA   1   1   1   0   1   1 |     TCA   1   1   1   1   1   1 | *** TAA   0   0   0   0   0   0 | *** TGA   0   0   0   0   0   0
    TTG   0   0   0   0   0   0 |     TCG   0   0   0   0   0   0 |     TAG   0   0   0   0   0   0 | Trp TGG   0   0   0   0   0   0
--------------------------------------------------------------------------------------------------------------------------------------
Leu CTT   1   1   1   1   1   1 | Pro CCT   1   1   1   1   1   1 | His CAT   0   0   0   0   0   0 | Arg CGT   0   0   0   0   0   0
    CTC   0   0   0   0   0   0 |     CCC   0   0   0   0   0   0 |     CAC   0   0   0   0   0   0 |     CGC   0   0   0   0   0   0
    CTA   1   1   1   2   1   1 |     CCA   0   0   0   0   0   0 | Gln CAA   0   0   0   0   0   0 |     CGA   0   0   0   0   0   0
    CTG   0   0   0   0   0   0 |     CCG   0   1   0   0   0   0 |     CAG   0   0   0   0   0   0 |     CGG   0   0   0   0   0   0
--------------------------------------------------------------------------------------------------------------------------------------
Ile ATT   0   0   0   0   0   0 | Thr ACT   0   0   0   0   0   0 | Asn AAT   2   2   2   1   2   1 | Ser AGT   0   0   0   0   0   0
    ATC   1   1   1   1   0   1 |     ACC   0   0   0   0   0   0 |     AAC   0   0   0   1   0   1 |     AGC   0   0   0   0   0   0
    ATA   0   0   0   0   0   0 |     ACA   0   0   0   0   0   0 | Lys AAA   2   1   1   1   1   1 | Arg AGA   0   1   1   1   1   1
Met ATG   1   1   1   1   1   1 |     ACG   2   1   2   2   2   1 |     AAG   3   3   3   3   3   3 |     AGG   0   0   0   0   0   0
--------------------------------------------------------------------------------------------------------------------------------------
Val GTT   1   1   1   1   0   1 | Ala GCT   3   3   3   3   3   3 | Asp GAT   0   0   0   0   0   0 | Gly GGT   0   0   0   0   0   0
    GTC   0   0   0   0   1   0 |     GCC   2   2   2   2   2   2 |     GAC   2   2   2   2   2   2 |     GGC   1   1   1   1   1   1
    GTA   0   0   0   0   0   0 |     GCA   1   1   1   1   1   1 | Glu GAA   0   0   0   0   0   0 |     GGA   0   0   0   0   0   0
    GTG   0   0   0   0   1   0 |     GCG   0   0   0   0   0   0 |     GAG   1   1   1   1   1   1 |     GGG   0   0   0   0   0   0
--------------------------------------------------------------------------------------------------------------------------------------

--------------------------------------------------------------------------------------------------------------------------------------
Phe TTT   0   0   0   1   0   0 | Ser TCT   1   1   1   1   1   0 | Tyr TAT   0   0   0   0   0   0 | Cys TGT   0   0   0   0   0   0
    TTC   2   2   2   1   2   2 |     TCC   0   0   0   1   0   1 |     TAC   0   0   0   0   0   0 |     TGC   0   0   0   0   0   0
Leu TTA   1   1   1   1   1   1 |     TCA   1   1   1   1   1   1 | *** TAA   0   0   0   0   0   0 | *** TGA   0   0   0   0   0   0
    TTG   0   0   0   0   0   0 |     TCG   0   0   0   0   0   0 |     TAG   0   0   0   0   0   0 | Trp TGG   0   0   0   0   0   0
--------------------------------------------------------------------------------------------------------------------------------------
Leu CTT   1   1   1   1   1   1 | Pro CCT   1   1   1   1   1   1 | His CAT   0   0   0   0   0   0 | Arg CGT   0   0   0   0   0   0
    CTC   0   0   0   0   0   0 |     CCC   0   0   0   0   0   0 |     CAC   0   0   0   0   0   0 |     CGC   0   0   0   0   0   0
    CTA   1   1   1   1   1   1 |     CCA   0   0   0   0   0   0 | Gln CAA   0   0   0   0   0   0 |     CGA   0   0   0   0   0   0
    CTG   0   0   0   0   0   0 |     CCG   0   0   0   0   0   0 |     CAG   0   0   0   0   0   0 |     CGG   0   0   0   0   0   0
--------------------------------------------------------------------------------------------------------------------------------------
Ile ATT   0   0   0   0   0   0 | Thr ACT   0   0   0   0   0   0 | Asn AAT   1   2   1   1   2   2 | Ser AGT   0   0   0   0   0   0
    ATC   1   1   1   1   1   0 |     ACC   1   0   1   0   0   1 |     AAC   1   0   1   1   0   0 |     AGC   0   0   0   0   0   0
    ATA   0   0   0   0   0   0 |     ACA   0   0   0   0   0   0 | Lys AAA   1   1   1   1   1   0 | Arg AGA   1   1   1   1   1   2
Met ATG   1   1   1   1   1   1 |     ACG   1   2   1   1   2   2 |     AAG   3   3   3   3   3   3 |     AGG   0   0   0   0   0   0
--------------------------------------------------------------------------------------------------------------------------------------
Val GTT   0   1   1   1   1   0 | Ala GCT   3   3   3   3   3   3 | Asp GAT   0   0   0   0   0   0 | Gly GGT   1   0   0   0   0   0
    GTC   1   0   0   0   0   0 |     GCC   2   2   2   2   2   2 |     GAC   2   2   2   2   2   3 |     GGC   0   1   1   1   1   0
    GTA   0   0   0   0   0   0 |     GCA   1   1   1   1   1   1 | Glu GAA   0   0   0   0   0   0 |     GGA   0   0   0   0   0   0
    GTG   0   0   0   0   0   1 |     GCG   0   0   0   0   0   0 |     GAG   1   1   1   1   1   1 |     GGG   0   0   0   0   0   0
--------------------------------------------------------------------------------------------------------------------------------------

--------------------------------------------------------------------------------------------------------------------------------------
Phe TTT   0   1   0   0   0   0 | Ser TCT   1   1   1   1   1   1 | Tyr TAT   0   0   0   0   0   0 | Cys TGT   0   0   0   0   0   0
    TTC   2   1   2   2   2   2 |     TCC   0   0   0   0   0   0 |     TAC   0   0   0   0   0   0 |     TGC   0   0   0   0   0   0
Leu TTA   1   1   1   1   1   1 |     TCA   1   1   1   1   1   1 | *** TAA   0   0   0   0   0   0 | *** TGA   0   0   0   0   0   0
    TTG   0   0   0   0   0   0 |     TCG   0   0   0   0   0   0 |     TAG   0   0   0   0   0   0 | Trp TGG   0   0   0   0   0   0
--------------------------------------------------------------------------------------------------------------------------------------
Leu CTT   0   1   0   1   1   1 | Pro CCT   1   1   1   1   1   1 | His CAT   0   0   0   0   0   0 | Arg CGT   0   0   0   0   0   0
    CTC   0   0   1   0   0   0 |     CCC   0   0   0   0   0   0 |     CAC   0   0   0   0   0   0 |     CGC   0   0   0   0   0   0
    CTA   1   1   1   1   1   1 |     CCA   0   0   0   0   0   0 | Gln CAA   0   0   0   0   0   0 |     CGA   0   0   0   0   0   0
    CTG   1   0   0   0   0   0 |     CCG   0   0   0   0   0   0 |     CAG   0   0   0   0   0   0 |     CGG   0   0   0   0   0   0
--------------------------------------------------------------------------------------------------------------------------------------
Ile ATT   0   0   0   0   0   0 | Thr ACT   0   0   0   0   0   0 | Asn AAT   2   2   2   2   2   2 | Ser AGT   0   0   0   0   0   0
    ATC   1   1   0   1   0   0 |     ACC   0   0   0   0   0   0 |     AAC   0   0   0   0   0   0 |     AGC   0   0   0   0   0   0
    ATA   0   0   0   0   0   0 |     ACA   0   0   0   0   0   0 | Lys AAA   1   1   1   1   1   2 | Arg AGA   1   1   1   1   1   1
Met ATG   1   1   1   1   1   1 |     ACG   2   2   2   2   2   2 |     AAG   3   3   3   3   3   2 |     AGG   0   0   0   0   0   0
--------------------------------------------------------------------------------------------------------------------------------------
Val GTT   0   0   1   1   1   1 | Ala GCT   3   3   3   3   3   3 | Asp GAT   0   0   1   0   0   0 | Gly GGT   0   0   0   0   0   0
    GTC   1   1   1   0   1   1 |     GCC   2   2   2   2   2   2 |     GAC   2   2   1   2   2   2 |     GGC   1   1   1   1   1   1
    GTA   0   0   0   0   0   0 |     GCA   1   1   1   1   1   1 | Glu GAA   0   0   0   0   0   0 |     GGA   0   0   0   0   0   0
    GTG   0   0   0   0   0   0 |     GCG   0   0   0   0   0   0 |     GAG   1   1   1   1   1   1 |     GGG   0   0   0   0   0   0
--------------------------------------------------------------------------------------------------------------------------------------

Codon position x base (3x4) table for each sequence.

#1: Argali         
position  1:    T:0.16667    C:0.10000    A:0.36667    G:0.36667
position  2:    T:0.26667    C:0.36667    A:0.30000    G:0.06667
position  3:    T:0.30000    C:0.26667    A:0.20000    G:0.23333
Average         T:0.24444    C:0.24444    A:0.28889    G:0.22222

#2: LesserMouseDeer
position  1:    T:0.16667    C:0.13333    A:0.33333    G:0.36667
position  2:    T:0.23333    C:0.40000    A:0.30000    G:0.06667
position  3:    T:0.30000    C:0.23333    A:0.23333    G:0.23333
Average         T:0.23333    C:0.25556    A:0.28889    G:0.22222

#3: LesserKudu     
position  1:    T:0.16667    C:0.10000    A:0.33333    G:0.40000
position  2:    T:0.26667    C:0.36667    A:0.30000    G:0.06667
position  3:    T:0.30000    C:0.26667    A:0.20000    G:0.23333
Average         T:0.24444    C:0.24444    A:0.27778    G:0.23333

#4: ForestMuskDeer2
position  1:    T:0.16667    C:0.10000    A:0.36667    G:0.36667
position  2:    T:0.26667    C:0.36667    A:0.30000    G:0.06667
position  3:    T:0.30000    C:0.26667    A:0.20000    G:0.23333
Average         T:0.24444    C:0.24444    A:0.28889    G:0.22222

#5: Camel          
position  1:    T:0.16667    C:0.10000    A:0.36667    G:0.36667
position  2:    T:0.26667    C:0.36667    A:0.30000    G:0.06667
position  3:    T:0.33333    C:0.26667    A:0.20000    G:0.20000
Average         T:0.25556    C:0.24444    A:0.28889    G:0.21111

#6: KillerWhale    
position  1:    T:0.16667    C:0.06667    A:0.40000    G:0.36667
position  2:    T:0.26667    C:0.36667    A:0.30000    G:0.06667
position  3:    T:0.33333    C:0.26667    A:0.20000    G:0.20000
Average         T:0.25556    C:0.23333    A:0.30000    G:0.21111

#7: DefassaWaterbuck
position  1:    T:0.13333    C:0.13333    A:0.36667    G:0.36667
position  2:    T:0.26667    C:0.36667    A:0.30000    G:0.06667
position  3:    T:0.26667    C:0.30000    A:0.20000    G:0.23333
Average         T:0.22222    C:0.26667    A:0.28889    G:0.22222

#8: Sheep          
position  1:    T:0.16667    C:0.10000    A:0.36667    G:0.36667
position  2:    T:0.26667    C:0.36667    A:0.30000    G:0.06667
position  3:    T:0.30000    C:0.26667    A:0.20000    G:0.23333
Average         T:0.24444    C:0.24444    A:0.28889    G:0.22222

#9: MaxwellsDuiker 
position  1:    T:0.16667    C:0.13333    A:0.36667    G:0.33333
position  2:    T:0.26667    C:0.36667    A:0.30000    G:0.06667
position  3:    T:0.26667    C:0.30000    A:0.23333    G:0.20000
Average         T:0.23333    C:0.26667    A:0.30000    G:0.20000

#10: GazellaPrzewalskyi
position  1:    T:0.16667    C:0.10000    A:0.36667    G:0.36667
position  2:    T:0.26667    C:0.36667    A:0.30000    G:0.06667
position  3:    T:0.30000    C:0.26667    A:0.20000    G:0.23333
Average         T:0.24444    C:0.24444    A:0.28889    G:0.22222

#11: MountainNyala  
position  1:    T:0.16667    C:0.10000    A:0.33333    G:0.40000
position  2:    T:0.30000    C:0.33333    A:0.30000    G:0.06667
position  3:    T:0.30000    C:0.26667    A:0.20000    G:0.23333
Average         T:0.25556    C:0.23333    A:0.27778    G:0.23333

#12: MuntiacusMuntjak
position  1:    T:0.16667    C:0.10000    A:0.36667    G:0.36667
position  2:    T:0.26667    C:0.36667    A:0.30000    G:0.06667
position  3:    T:0.26667    C:0.33333    A:0.20000    G:0.20000
Average         T:0.23333    C:0.26667    A:0.28889    G:0.21111

#13: goat           
position  1:    T:0.16667    C:0.10000    A:0.36667    G:0.36667
position  2:    T:0.26667    C:0.36667    A:0.30000    G:0.06667
position  3:    T:0.30000    C:0.26667    A:0.20000    G:0.23333
Average         T:0.24444    C:0.24444    A:0.28889    G:0.22222

#14: AfricanBuffalo 
position  1:    T:0.16667    C:0.10000    A:0.36667    G:0.36667
position  2:    T:0.26667    C:0.36667    A:0.30000    G:0.06667
position  3:    T:0.30000    C:0.26667    A:0.20000    G:0.23333
Average         T:0.24444    C:0.24444    A:0.28889    G:0.22222

#15: Topi           
position  1:    T:0.16667    C:0.10000    A:0.36667    G:0.36667
position  2:    T:0.26667    C:0.36667    A:0.30000    G:0.06667
position  3:    T:0.30000    C:0.26667    A:0.23333    G:0.20000
Average         T:0.24444    C:0.24444    A:0.30000    G:0.21111

#16: CommonDuiker   
position  1:    T:0.16667    C:0.10000    A:0.40000    G:0.33333
position  2:    T:0.26667    C:0.36667    A:0.26667    G:0.10000
position  3:    T:0.30000    C:0.26667    A:0.23333    G:0.20000
Average         T:0.24444    C:0.24444    A:0.30000    G:0.21111

#17: Suni           
position  1:    T:0.20000    C:0.10000    A:0.36667    G:0.33333
position  2:    T:0.26667    C:0.36667    A:0.30000    G:0.06667
position  3:    T:0.30000    C:0.26667    A:0.20000    G:0.23333
Average         T:0.25556    C:0.24444    A:0.28889    G:0.21111

#18: Springbuck     
position  1:    T:0.16667    C:0.10000    A:0.36667    G:0.36667
position  2:    T:0.30000    C:0.33333    A:0.30000    G:0.06667
position  3:    T:0.30000    C:0.26667    A:0.20000    G:0.23333
Average         T:0.25556    C:0.23333    A:0.28889    G:0.22222

#19: Okapi          
position  1:    T:0.16667    C:0.10000    A:0.36667    G:0.36667
position  2:    T:0.26667    C:0.36667    A:0.30000    G:0.06667
position  3:    T:0.30000    C:0.26667    A:0.20000    G:0.23333
Average         T:0.24444    C:0.24444    A:0.28889    G:0.22222

#20: Giraffe        
position  1:    T:0.16667    C:0.10000    A:0.36667    G:0.36667
position  2:    T:0.26667    C:0.36667    A:0.30000    G:0.06667
position  3:    T:0.30000    C:0.26667    A:0.20000    G:0.23333
Average         T:0.24444    C:0.24444    A:0.28889    G:0.22222

#21: TibetanAntelope
position  1:    T:0.16667    C:0.10000    A:0.36667    G:0.36667
position  2:    T:0.26667    C:0.36667    A:0.30000    G:0.06667
position  3:    T:0.30000    C:0.26667    A:0.20000    G:0.23333
Average         T:0.24444    C:0.24444    A:0.28889    G:0.22222

#22: Sitatunga      
position  1:    T:0.16667    C:0.10000    A:0.33333    G:0.40000
position  2:    T:0.26667    C:0.36667    A:0.30000    G:0.06667
position  3:    T:0.33333    C:0.23333    A:0.23333    G:0.20000
Average         T:0.25556    C:0.23333    A:0.28889    G:0.22222

#23: Oribi          
position  1:    T:0.16667    C:0.10000    A:0.36667    G:0.36667
position  2:    T:0.26667    C:0.36667    A:0.30000    G:0.06667
position  3:    T:0.30000    C:0.26667    A:0.23333    G:0.20000
Average         T:0.24444    C:0.24444    A:0.30000    G:0.21111

#24: BarbarySheep   
position  1:    T:0.16667    C:0.10000    A:0.36667    G:0.36667
position  2:    T:0.26667    C:0.36667    A:0.30000    G:0.06667
position  3:    T:0.30000    C:0.26667    A:0.20000    G:0.23333
Average         T:0.24444    C:0.24444    A:0.28889    G:0.22222

#25: Daviddeer      
position  1:    T:0.16667    C:0.10000    A:0.36667    G:0.36667
position  2:    T:0.26667    C:0.36667    A:0.30000    G:0.06667
position  3:    T:0.30000    C:0.30000    A:0.20000    G:0.20000
Average         T:0.24444    C:0.25556    A:0.28889    G:0.21111

#26: Reindeer       
position  1:    T:0.20000    C:0.10000    A:0.33333    G:0.36667
position  2:    T:0.30000    C:0.33333    A:0.30000    G:0.06667
position  3:    T:0.26667    C:0.33333    A:0.20000    G:0.20000
Average         T:0.25556    C:0.25556    A:0.27778    G:0.21111

#27: Ibex           
position  1:    T:0.16667    C:0.10000    A:0.36667    G:0.36667
position  2:    T:0.26667    C:0.36667    A:0.30000    G:0.06667
position  3:    T:0.30000    C:0.26667    A:0.20000    G:0.23333
Average         T:0.24444    C:0.24444    A:0.28889    G:0.22222

#28: GyrantGazelle  
position  1:    T:0.16667    C:0.10000    A:0.36667    G:0.36667
position  2:    T:0.26667    C:0.36667    A:0.30000    G:0.06667
position  3:    T:0.30000    C:0.26667    A:0.20000    G:0.23333
Average         T:0.24444    C:0.24444    A:0.28889    G:0.22222

#29: Hartebeest     
position  1:    T:0.16667    C:0.10000    A:0.36667    G:0.36667
position  2:    T:0.26667    C:0.36667    A:0.30000    G:0.06667
position  3:    T:0.30000    C:0.26667    A:0.20000    G:0.23333
Average         T:0.24444    C:0.24444    A:0.28889    G:0.22222

#30: Bongo          
position  1:    T:0.16667    C:0.10000    A:0.33333    G:0.40000
position  2:    T:0.26667    C:0.36667    A:0.30000    G:0.06667
position  3:    T:0.30000    C:0.26667    A:0.20000    G:0.23333
Average         T:0.24444    C:0.24444    A:0.27778    G:0.23333

#31: Gerenuk        
position  1:    T:0.16667    C:0.10000    A:0.36667    G:0.36667
position  2:    T:0.26667    C:0.36667    A:0.30000    G:0.06667
position  3:    T:0.30000    C:0.26667    A:0.20000    G:0.23333
Average         T:0.24444    C:0.24444    A:0.28889    G:0.22222

#32: CommonEland    
position  1:    T:0.16667    C:0.10000    A:0.33333    G:0.40000
position  2:    T:0.26667    C:0.36667    A:0.30000    G:0.06667
position  3:    T:0.30000    C:0.26667    A:0.20000    G:0.23333
Average         T:0.24444    C:0.24444    A:0.27778    G:0.23333

#33: MuntiacusReevesi
position  1:    T:0.16667    C:0.10000    A:0.36667    G:0.36667
position  2:    T:0.26667    C:0.36667    A:0.30000    G:0.06667
position  3:    T:0.23333    C:0.33333    A:0.20000    G:0.23333
Average         T:0.22222    C:0.26667    A:0.28889    G:0.22222

#34: HarveysDuiker  
position  1:    T:0.16667    C:0.10000    A:0.40000    G:0.33333
position  2:    T:0.26667    C:0.36667    A:0.26667    G:0.10000
position  3:    T:0.30000    C:0.26667    A:0.23333    G:0.20000
Average         T:0.24444    C:0.24444    A:0.30000    G:0.21111

#35: Pronghorn      
position  1:    T:0.16667    C:0.10000    A:0.33333    G:0.40000
position  2:    T:0.30000    C:0.33333    A:0.30000    G:0.06667
position  3:    T:0.26667    C:0.26667    A:0.23333    G:0.23333
Average         T:0.24444    C:0.23333    A:0.28889    G:0.23333

#36: BlueWildebeest 
position  1:    T:0.16667    C:0.10000    A:0.36667    G:0.36667
position  2:    T:0.26667    C:0.33333    A:0.33333    G:0.06667
position  3:    T:0.30000    C:0.26667    A:0.20000    G:0.23333
Average         T:0.24444    C:0.23333    A:0.30000    G:0.22222

#37: Gemsbok        
position  1:    T:0.16667    C:0.10000    A:0.36667    G:0.36667
position  2:    T:0.26667    C:0.36667    A:0.33333    G:0.03333
position  3:    T:0.30000    C:0.26667    A:0.20000    G:0.23333
Average         T:0.24444    C:0.24444    A:0.30000    G:0.21111

#38: Yak            
position  1:    T:0.16667    C:0.13333    A:0.33333    G:0.36667
position  2:    T:0.26667    C:0.36667    A:0.30000    G:0.06667
position  3:    T:0.30000    C:0.26667    A:0.20000    G:0.23333
Average         T:0.24444    C:0.25556    A:0.27778    G:0.22222

#39: BlueSheep      
position  1:    T:0.16667    C:0.10000    A:0.36667    G:0.36667
position  2:    T:0.26667    C:0.36667    A:0.30000    G:0.06667
position  3:    T:0.33333    C:0.23333    A:0.20000    G:0.23333
Average         T:0.25556    C:0.23333    A:0.28889    G:0.22222

#40: BohorReedbuck  
position  1:    T:0.13333    C:0.13333    A:0.36667    G:0.36667
position  2:    T:0.26667    C:0.36667    A:0.30000    G:0.06667
position  3:    T:0.26667    C:0.30000    A:0.20000    G:0.23333
Average         T:0.22222    C:0.26667    A:0.28889    G:0.22222

#41: KirksDik       
position  1:    T:0.16667    C:0.10000    A:0.33333    G:0.40000
position  2:    T:0.26667    C:0.36667    A:0.30000    G:0.06667
position  3:    T:0.26667    C:0.26667    A:0.20000    G:0.26667
Average         T:0.23333    C:0.24444    A:0.27778    G:0.24444

#42: RoeDeer        
position  1:    T:0.20000    C:0.10000    A:0.33333    G:0.36667
position  2:    T:0.26667    C:0.36667    A:0.30000    G:0.06667
position  3:    T:0.26667    C:0.33333    A:0.20000    G:0.20000
Average         T:0.24444    C:0.26667    A:0.27778    G:0.21111

#43: WhiteLippedDeer
position  1:    T:0.16667    C:0.10000    A:0.36667    G:0.36667
position  2:    T:0.26667    C:0.36667    A:0.30000    G:0.06667
position  3:    T:0.26667    C:0.33333    A:0.20000    G:0.20000
Average         T:0.23333    C:0.26667    A:0.28889    G:0.21111

#44: ThomsonGazelle 
position  1:    T:0.16667    C:0.10000    A:0.36667    G:0.36667
position  2:    T:0.26667    C:0.36667    A:0.30000    G:0.06667
position  3:    T:0.30000    C:0.26667    A:0.20000    G:0.23333
Average         T:0.24444    C:0.24444    A:0.28889    G:0.22222

#45: MuntiacusCrinifrons
position  1:    T:0.16667    C:0.10000    A:0.36667    G:0.36667
position  2:    T:0.26667    C:0.36667    A:0.30000    G:0.06667
position  3:    T:0.26667    C:0.33333    A:0.20000    G:0.20000
Average         T:0.23333    C:0.26667    A:0.28889    G:0.21111

#46: WhiteTailedDeer
position  1:    T:0.20000    C:0.10000    A:0.33333    G:0.36667
position  2:    T:0.26667    C:0.36667    A:0.30000    G:0.06667
position  3:    T:0.30000    C:0.30000    A:0.20000    G:0.20000
Average         T:0.25556    C:0.25556    A:0.27778    G:0.21111

#47: Cattle         
position  1:    T:0.16667    C:0.10000    A:0.36667    G:0.36667
position  2:    T:0.26667    C:0.36667    A:0.30000    G:0.06667
position  3:    T:0.30000    C:0.26667    A:0.20000    G:0.23333
Average         T:0.24444    C:0.24444    A:0.28889    G:0.22222

#48: RoyalAntelope  
position  1:    T:0.16667    C:0.10000    A:0.36667    G:0.36667
position  2:    T:0.23333    C:0.40000    A:0.30000    G:0.06667
position  3:    T:0.23333    C:0.30000    A:0.20000    G:0.26667
Average         T:0.21111    C:0.26667    A:0.28889    G:0.23333

#49: Steenbok       
position  1:    T:0.16667    C:0.10000    A:0.36667    G:0.36667
position  2:    T:0.26667    C:0.36667    A:0.30000    G:0.06667
position  3:    T:0.23333    C:0.30000    A:0.20000    G:0.26667
Average         T:0.22222    C:0.25556    A:0.28889    G:0.23333

#50: Impala         
position  1:    T:0.16667    C:0.10000    A:0.36667    G:0.36667
position  2:    T:0.26667    C:0.36667    A:0.30000    G:0.06667
position  3:    T:0.30000    C:0.26667    A:0.20000    G:0.23333
Average         T:0.24444    C:0.24444    A:0.28889    G:0.22222

#51: Klipspringer   
position  1:    T:0.16667    C:0.10000    A:0.33333    G:0.40000
position  2:    T:0.26667    C:0.36667    A:0.30000    G:0.06667
