1
52 1
Argali 0.000000 0.306800 0.040500 0.248400 0.013400 0.000000 0.013400 0.040200 0.040300 0.111200 0.000000 0.040800 0.026800 0.053700 0.040800 0.040200 0.040900 0.097300 0.000100 0.053700 0.027200 0.013900 0.145600 0.095300 0.000000 0.040600 0.026800 0.026900 0.026800 0.026800 0.111100 0.040400 0.069100 0.026800 0.040200 0.040100 0.000000 0.026900 0.040800 0.111300 0.112700 0.027000 0.111200 0.125000 0.040200 0.027000 0.013500 0.054300 0.013400 0.026800 0.040500 0.026900
LesserMous 0.306800 0.000000 0.273400 0.411900 0.316200 0.306800 0.316200 0.347600 0.272300 0.325600 0.306800 0.354600 0.331500 0.366300 0.314900 0.347600 0.315600 0.392900 0.299600 0.307800 0.337700 0.284500 0.301400 0.341100 0.306800 0.333900 0.331500 0.294200 0.331500 0.331400 0.325400 0.332500 0.315800 0.331500 0.347700 0.346900 0.306800 0.314900 0.355500 0.326500 0.293300 0.316500 0.325600 0.322700 0.348400 0.334100 0.316900 0.351500 0.316200 0.331500 0.312300 0.333900
LesserKudu 0.040500 0.273400 0.000000 0.291300 0.026100 0.040500 0.026100 0.052100 0.000000 0.093100 0.040500 0.052800 0.039100 0.065400 0.026000 0.052100 0.053000 0.108100 0.039900 0.038600 0.039600 0.026600 0.125000 0.078300 0.040500 0.039300 0.039100 0.012900 0.039100 0.039100 0.093100 0.052400 0.080600 0.039100 0.052100 0.052100 0.040500 0.039200 0.052900 0.093200 0.094200 0.026100 0.093100 0.106400 0.052200 0.039300 0.026200 0.066000 0.026100 0.039100 0.025900 0.039200
KillerWhal 0.248400 0.411900 0.291300 0.000000 0.258700 0.248400 0.258700 0.288200 0.290200 0.288700 0.248400 0.293000 0.257100 0.305100 0.293900 0.272000 0.242200 0.310900 0.244200 0.305400 0.277500 0.264800 0.336700 0.303500 0.248400 0.292500 0.257100 0.274900 0.257100 0.273100 0.288500 0.255600 0.242300 0.257100 0.272100 0.287700 0.248400 0.274600 0.294000 0.289300 0.293000 0.276300 0.288700 0.268100 0.288600 0.274900 0.259100 0.256200 0.258700 0.257100 0.292100 0.274900
DefassaWat 0.013400 0.316200 0.026100 0.258700 0.000000 0.013400 0.000000 0.025800 0.026300 0.094100 0.013400 0.026900 0.012900 0.038900 0.026700 0.025800 0.026300 0.080300 0.013300 0.038900 0.013100 0.026900 0.125900 0.078800 0.013400 0.026100 0.012900 0.013000 0.013300 0.012900 0.094000 0.026000 0.053300 0.013300 0.025800 0.025800 0.013400 0.013000 0.026300 0.093800 0.094900 0.013200 0.094100 0.107000 0.025900 0.013300 0.000000 0.039300 0.000000 0.012900 0.026100 0.013000
Sheep 0.000000 0.306800 0.040500 0.248400 0.013400 0.000000 0.013400 0.040200 0.040300 0.111200 0.000000 0.040800 0.026800 0.053700 0.040800 0.040200 0.040900 0.097300 0.000100 0.053700 0.027200 0.013400 0.145600 0.095300 0.000000 0.040600 0.026800 0.026900 0.026800 0.026800 0.111100 0.040400 0.069100 0.026800 0.040200 0.040100 0.000000 0.026900 0.040800 0.111300 0.112700 0.027000 0.111200 0.125000 0.040200 0.027000 0.013500 0.054300 0.013400 0.026800 0.040500 0.026900
MaxwellsDu 0.013400 0.316200 0.026100 0.258700 0.000000 0.013400 0.000000 0.026400 0.026500 0.094100 0.013400 0.026200 0.012900 0.038900 0.026200 0.025800 0.026600 0.080300 0.013300 0.038900 0.013500 0.026900 0.125900 0.078800 0.013400 0.026100 0.012900 0.013000 0.012900 0.012900 0.094000 0.026600 0.053300 0.013200 0.025800 0.025800 0.013400 0.013000 0.027000 0.093800 0.094900 0.013300 0.094100 0.107000 0.025900 0.013300 0.000000 0.039300 0.000000 0.012900 0.026100 0.013000
GazellaPrz 0.040200 0.347600 0.052100 0.288200 0.025800 0.040200 0.026400 0.000000 0.051800 0.120800 0.040200 0.052300 0.038700 0.038200 0.052300 0.025500 0.053900 0.106900 0.039600 0.064600 0.040200 0.053600 0.153300 0.104900 0.040200 0.052100 0.039700 0.038800 0.038700 0.038700 0.092700 0.051800 0.052500 0.038700 0.051500 0.025500 0.040200 0.038900 0.052400 0.120400 0.121700 0.039000 0.120800 0.133600 0.051600 0.038900 0.026000 0.065300 0.025800 0.038700 0.052000 0.038800
MountainNy 0.040300 0.272300 0.000000 0.290200 0.026300 0.040300 0.026500 0.051800 0.000000 0.092800 0.040300 0.052500 0.038900 0.064900 0.026100 0.051800 0.052600 0.107400 0.039800 0.038400 0.040800 0.026500 0.124000 0.077800 0.040300 0.039000 0.039700 0.013100 0.038900 0.039000 0.092700 0.052100 0.080000 0.038900 0.051700 0.052600 0.040300 0.039100 0.052600 0.092500 0.093600 0.026600 0.092800 0.105600 0.051800 0.039000 0.026100 0.065500 0.025900 0.040000 0.025800 0.039000
MuntiacusM 0.111200 0.325600 0.093100 0.288700 0.094100 0.111200 0.094100 0.120800 0.092800 0.000000 0.111200 0.122400 0.079500 0.134700 0.093800 0.092700 0.094100 0.151300 0.109600 0.106000 0.108800 0.095900 0.052900 0.038100 0.111200 0.107800 0.079500 0.079500 0.079500 0.107400 0.025300 0.121400 0.122900 0.079500 0.092600 0.120700 0.111200 0.107700 0.122700 0.025400 0.025700 0.094200 0.000000 0.038100 0.092800 0.107800 0.094100 0.136100 0.094100 0.079500 0.065600 0.107700
goat 0.000000 0.306800 0.040500 0.248400 0.013400 0.000000 0.013400 0.040200 0.040300 0.111200 0.000000 0.040800 0.026800 0.053700 0.040800 0.040200 0.040900 0.097300 0.000100 0.053700 0.027200 0.013400 0.145600 0.095300 0.000000 0.040600 0.026800 0.026900 0.026800 0.026800 0.111100 0.040400 0.069100 0.026800 0.040200 0.040100 0.000000 0.026900 0.040800 0.111300 0.112700 0.027000 0.111200 0.125000 0.040200 0.027000 0.013500 0.054300 0.013400 0.026800 0.040500 0.026900
AfricanBuf 0.040800 0.354600 0.052800 0.293000 0.026900 0.040800 0.026200 0.052300 0.052500 0.122400 0.040800 0.000000 0.039300 0.065500 0.053100 0.053800 0.053100 0.108300 0.040200 0.065500 0.039700 0.054500 0.155700 0.106300 0.040800 0.052800 0.039200 0.039400 0.039200 0.039200 0.122300 0.052600 0.080800 0.039200 0.052200 0.025800 0.040800 0.039500 0.053100 0.122000 0.123500 0.039600 0.122400 0.135400 0.026400 0.040500 0.026300 0.066200 0.026200 0.039200 0.052800 0.039400
Topi 0.026800 0.331500 0.039100 0.257100 0.012900 0.026800 0.012900 0.038700 0.038900 0.079500 0.026800 0.039300 0.000000 0.051800 0.039300 0.013100 0.012900 0.066000 0.026400 0.051800 0.026900 0.040300 0.110100 0.064800 0.026800 0.039100 0.000000 0.026900 0.000000 0.025800 0.079400 0.038900 0.039400 0.000000 0.012700 0.038700 0.026800 0.026000 0.040200 0.079200 0.080100 0.026000 0.079500 0.092300 0.038700 0.026300 0.013000 0.053900 0.012900 0.000000 0.039100 0.026500
CommonDuik 0.053700 0.366300 0.065400 0.305100 0.038900 0.053700 0.038900 0.038200 0.064900 0.134700 0.053700 0.065500 0.051800 0.000000 0.065600 0.038300 0.065600 0.120700 0.053000 0.077800 0.052400 0.067200 0.167900 0.118500 0.053700 0.065300 0.051800 0.051900 0.052600 0.051700 0.106300 0.038400 0.065800 0.051800 0.065900 0.038200 0.053700 0.052100 0.052200 0.105700 0.135800 0.052200 0.134700 0.147600 0.064700 0.052000 0.039000 0.078600 0.038900 0.051800 0.065300 0.051900
Suni 0.040800 0.314900 0.026000 0.293900 0.026700 0.040800 0.026200 0.052300 0.026100 0.093800 0.040800 0.053100 0.039300 0.065600 0.000000 0.052300 0.055000 0.108500 0.040200 0.038800 0.013100 0.026800 0.125500 0.078600 0.040800 0.039400 0.039300 0.013200 0.039300 0.039200 0.093700 0.052600 0.080900 0.039300 0.052200 0.052300 0.040800 0.039500 0.053100 0.093500 0.094600 0.026200 0.093800 0.106700 0.052300 0.039500 0.026300 0.039300 0.026900 0.039300 0.026000 0.039400
Springbuck 0.040200 0.347600 0.052100 0.272000 0.025800 0.040200 0.025800 0.025500 0.051800 0.092700 0.040200 0.053800 0.013100 0.038300 0.052300 0.000000 0.026500 0.079100 0.039600 0.064700 0.039100 0.053600 0.123800 0.077700 0.040200 0.052100 0.013100 0.038800 0.012700 0.038700 0.065300 0.053400 0.025900 0.012700 0.026000 0.025500 0.040200 0.038900 0.053400 0.092400 0.093400 0.039000 0.092700 0.105500 0.051600 0.038900 0.026000 0.065300 0.026000 0.012700 0.052100 0.039900
Okapi 0.040900 0.315600 0.053000 0.242200 0.026300 0.040900 0.026600 0.053900 0.052600 0.094100 0.040900 0.053100 0.012900 0.065600 0.055000 0.026500 0.000000 0.052800 0.040300 0.065700 0.039800 0.054600 0.126000 0.078900 0.040900 0.054000 0.012900 0.039400 0.012900 0.039300 0.094100 0.054300 0.026300 0.012900 0.025800 0.052300 0.040900 0.039600 0.053200 0.093800 0.094900 0.039600 0.094100 0.107100 0.052400 0.039500 0.026400 0.066300 0.026300 0.013200 0.052900 0.039400
Giraffe 0.097300 0.392900 0.108100 0.310900 0.080300 0.097300 0.080300 0.106900 0.107400 0.151300 0.097300 0.108300 0.066000 0.120700 0.108500 0.079100 0.052800 0.000000 0.095900 0.120700 0.094700 0.111400 0.186000 0.134400 0.097300 0.108100 0.066000 0.093900 0.066000 0.093500 0.151200 0.107600 0.080300 0.066000 0.079100 0.106800 0.097300 0.094200 0.108600 0.150800 0.152500 0.094400 0.151300 0.164400 0.106900 0.094000 0.080700 0.121900 0.080300 0.067400 0.108100 0.093900
TibetanAnt 0.000100 0.299600 0.039900 0.244200 0.013300 0.000100 0.013300 0.039600 0.039800 0.109600 0.000100 0.040200 0.026400 0.053000 0.040200 0.039600 0.040300 0.095900 0.000000 0.053000 0.026800 0.013500 0.143400 0.094000 0.000100 0.040000 0.026400 0.026500 0.026400 0.026400 0.109500 0.039900 0.068100 0.026400 0.039600 0.039600 0.000100 0.026500 0.040200 0.109600 0.111000 0.026700 0.109600 0.123100 0.039600 0.026600 0.013300 0.053500 0.013300 0.026400 0.039900 0.026500
Sitatunga 0.053700 0.307800 0.038600 0.305400 0.038900 0.053700 0.038900 0.064600 0.038400 0.106000 0.053700 0.065500 0.051800 0.077800 0.038800 0.064700 0.065700 0.120700 0.053000 0.000000 0.052400 0.039800 0.137700 0.090800 0.053700 0.052000 0.051800 0.025900 0.051800 0.026400 0.105900 0.065100 0.093300 0.051800 0.064600 0.064600 0.053700 0.025600 0.065600 0.105700 0.106900 0.038900 0.106000 0.118800 0.064700 0.052000 0.039100 0.080100 0.038900 0.051800 0.038600 0.051900
Oribi 0.027200 0.337700 0.039600 0.277500 0.013100 0.027200 0.013500 0.040200 0.040800 0.108800 0.027200 0.039700 0.026900 0.052400 0.013100 0.039100 0.039800 0.094700 0.026800 0.052400 0.000000 0.040800 0.141600 0.092900 0.027200 0.039600 0.026200 0.026200 0.026800 0.026100 0.108700 0.039400 0.067300 0.026200 0.039100 0.040100 0.027200 0.026300 0.039800 0.108400 0.109700 0.026400 0.108800 0.121800 0.039200 0.026300 0.013200 0.026100 0.013100 0.026900 0.039600 0.027300
BarbaryShe 0.013900 0.284500 0.026600 0.264800 0.026900 0.013400 0.026900 0.053600 0.026500 0.095900 0.013400 0.054500 0.040300 0.067200 0.026800 0.053600 0.054600 0.111400 0.013500 0.039800 0.040800 0.000000 0.129100 0.080600 0.013800 0.040400 0.040300 0.013300 0.040300 0.040300 0.095800 0.054000 0.083100 0.040300 0.053600 0.053600 0.013800 0.040400 0.054500 0.096000 0.097100 0.026900 0.095900 0.109500 0.053700 0.040500 0.026900 0.068000 0.026900 0.040300 0.026600 0.040400
Daviddeer 0.145600 0.301400 0.125000 0.336700 0.125900 0.145600 0.125900 0.153300 0.124000 0.052900 0.145600 0.155700 0.110100 0.167900 0.125500 0.123800 0.126000 0.186000 0.143400 0.137700 0.141600 0.129100 0.000000 0.065800 0.145600 0.140200 0.110100 0.110300 0.110100 0.139500 0.052800 0.154600 0.156500 0.110100 0.123700 0.153100 0.145600 0.140700 0.156100 0.052700 0.027100 0.126000 0.052900 0.065800 0.123900 0.140300 0.126600 0.169800 0.125900 0.110100 0.096000 0.140200
Reindeer 0.095300 0.341100 0.078300 0.303500 0.078800 0.095300 0.078800 0.104900 0.077800 0.038100 0.095300 0.106300 0.064800 0.118500 0.078600 0.077700 0.078900 0.134400 0.094000 0.090800 0.092900 0.080600 0.065800 0.000000 0.095300 0.092200 0.064800 0.064800 0.064800 0.091800 0.038000 0.105500 0.106700 0.064800 0.077600 0.104800 0.095300 0.092400 0.106600 0.038000 0.038300 0.078900 0.038100 0.025000 0.077800 0.092200 0.079200 0.119600 0.078800 0.064800 0.051600 0.092100
Ibex 0.000000 0.306800 0.040500 0.248400 0.013400 0.000000 0.013400 0.040200 0.040300 0.111200 0.000000 0.040800 0.026800 0.053700 0.040800 0.040200 0.040900 0.097300 0.000100 0.053700 0.027200 0.013800 0.145600 0.095300 0.000000 0.040600 0.026800 0.026900 0.026800 0.026800 0.111100 0.040400 0.069100 0.026800 0.040200 0.040100 0.000000 0.026900 0.040800 0.111300 0.112700 0.027000 0.111200 0.125000 0.040200 0.027000 0.013500 0.054300 0.013400 0.026800 0.040500 0.026900
GyrantGaze 0.040600 0.333900 0.039300 0.292500 0.026100 0.040600 0.026100 0.052100 0.039000 0.107800 0.040600 0.052800 0.039100 0.065300 0.039400 0.052100 0.054000 0.108100 0.040000 0.052000 0.039600 0.040400 0.140200 0.092200 0.040600 0.000000 0.039100 0.026000 0.038900 0.039100 0.107700 0.052400 0.080500 0.040000 0.052100 0.052900 0.040600 0.039300 0.052900 0.107500 0.108700 0.012900 0.107800 0.120800 0.052100 0.039300 0.026200 0.065900 0.026900 0.039100 0.039300 0.039200
Hartebeest 0.026800 0.331500 0.039100 0.257100 0.012900 0.026800 0.012900 0.039700 0.039700 0.079500 0.026800 0.039200 0.000000 0.051800 0.039300 0.013100 0.012900 0.066000 0.026400 0.051800 0.026200 0.040300 0.110100 0.064800 0.026800 0.039100 0.000000 0.025900 0.000000 0.025800 0.079400 0.038900 0.039300 0.000000 0.012700 0.038700 0.026800 0.026000 0.039300 0.079200 0.080100 0.026600 0.079500 0.092300 0.038700 0.025900 0.013000 0.052300 0.012900 0.000000 0.039100 0.025900
Bongo 0.026900 0.294200 0.012900 0.274900 0.013000 0.026900 0.013000 0.038800 0.013100 0.079500 0.026900 0.039400 0.026900 0.051900 0.013200 0.038800 0.039400 0.093900 0.026500 0.025900 0.026200 0.013300 0.110300 0.064800 0.026900 0.026000 0.025900 0.000000 0.025900 0.026100 0.079400 0.039900 0.066700 0.026500 0.038800 0.038800 0.026900 0.026100 0.040300 0.079300 0.080200 0.013200 0.079500 0.092400 0.038800 0.026100 0.013000 0.052400 0.013300 0.026400 0.012900 0.026000
Gerenuk 0.026800 0.331500 0.039100 0.257100 0.013300 0.026800 0.012900 0.038700 0.038900 0.079500 0.026800 0.039200 0.000000 0.052600 0.039300 0.012700 0.012900 0.066000 0.026400 0.051800 0.026800 0.040300 0.110100 0.064800 0.026800 0.038900 0.000000 0.025900 0.000000 0.025800 0.079400 0.038900 0.039400 0.000000 0.013200 0.038700 0.026800 0.026000 0.039300 0.079200 0.080100 0.026100 0.079500 0.092300 0.039600 0.025900 0.013000 0.052300 0.013300 0.000000 0.039100 0.026900
CommonElan 0.026800 0.331400 0.039100 0.273100 0.012900 0.026800 0.012900 0.038700 0.039000 0.107400 0.026800 0.039200 0.025800 0.051700 0.039200 0.038700 0.039300 0.093500 0.026400 0.026400 0.026100 0.040300 0.139500 0.091800 0.026800 0.039100 0.025800 0.026100 0.025800 0.000000 0.107300 0.038900 0.066400 0.026700 0.038700 0.038700 0.026800 0.026000 0.039300 0.107000 0.108200 0.026500 0.107400 0.120200 0.038700 0.026600 0.013000 0.052300 0.012900 0.025800 0.039100 0.025900
MuntiacusR 0.111100 0.325400 0.093100 0.288500 0.094000 0.111100 0.094000 0.092700 0.092700 0.025300 0.111100 0.122300 0.079400 0.106300 0.093700 0.065300 0.094100 0.151200 0.109500 0.105900 0.108700 0.095800 0.052800 0.038000 0.111100 0.107700 0.079400 0.079400 0.079400 0.107300 0.000000 0.121400 0.094200 0.079400 0.092500 0.092600 0.111100 0.107600 0.122600 0.025400 0.025700 0.094100 0.025300 0.038000 0.092700 0.107800 0.094100 0.136000 0.094000 0.079400 0.065600 0.107600
HarveysDui 0.040400 0.332500 0.052400 0.255600 0.026000 0.040400 0.026600 0.051800 0.052100 0.121400 0.040400 0.052600 0.038900 0.038400 0.052600 0.053400 0.054300 0.107600 0.039900 0.065100 0.039400 0.054000 0.154600 0.105500 0.040400 0.052400 0.038900 0.039900 0.038900 0.038900 0.121400 0.000000 0.080200 0.038900 0.051800 0.051800 0.040400 0.039200 0.040000 0.092700 0.122500 0.039200 0.121400 0.105800 0.051900 0.039100 0.026100 0.038800 0.026600 0.038900 0.052400 0.039100
Pronghorn 0.069100 0.315800 0.080600 0.242300 0.053300 0.069100 0.053300 0.052500 0.080000 0.122900 0.069100 0.080800 0.039400 0.065800 0.080900 0.025900 0.026300 0.080300 0.068100 0.093300 0.067300 0.083100 0.156500 0.106700 0.069100 0.080500 0.039300 0.066700 0.039400 0.066400 0.094200 0.080200 0.000000 0.039400 0.052400 0.052400 0.069100 0.066900 0.081000 0.122500 0.124000 0.067000 0.122900 0.135900 0.079700 0.069500 0.053500 0.094200 0.053300 0.039400 0.080500 0.066700
BlueWildeb 0.026800 0.331500 0.039100 0.257100 0.013300 0.026800 0.013200 0.038700 0.038900 0.079500 0.026800 0.039200 0.000000 0.051800 0.039300 0.012700 0.012900 0.066000 0.026400 0.051800 0.026200 0.040300 0.110100 0.064800 0.026800 0.040000 0.000000 0.026500 0.000000 0.026700 0.079400 0.038900 0.039400 0.000000 0.012700 0.038700 0.026800 0.026000 0.040100 0.079200 0.080100 0.026000 0.079500 0.092300 0.038700 0.026600 0.013000 0.052300 0.012900 0.000000 0.039100 0.025900
Gemsbok 0.040200 0.347700 0.052100 0.272100 0.025800 0.040200 0.025800 0.051500 0.051700 0.092600 0.040200 0.052200 0.012700 0.065900 0.052200 0.026000 0.025800 0.079100 0.039600 0.064600 0.039100 0.053600 0.123700 0.077600 0.040200 0.052100 0.012700 0.038800 0.013200 0.038700 0.092500 0.051800 0.052400 0.012700 0.000000 0.051500 0.040200 0.038900 0.052300 0.092300 0.093300 0.039000 0.092600 0.105400 0.051600 0.038800 0.025900 0.065200 0.026500 0.012700 0.052100 0.038800
Yak 0.040100 0.346900 0.052100 0.287700 0.025800 0.040100 0.025800 0.025500 0.052600 0.120700 0.040100 0.025800 0.038700 0.038200 0.052300 0.025500 0.052300 0.106800 0.039600 0.064600 0.040100 0.053600 0.153100 0.104800 0.040100 0.052900 0.038700 0.038800 0.038700 0.038700 0.092600 0.051800 0.052400 0.038700 0.051500 0.000000 0.040100 0.038900 0.052300 0.120200 0.121600 0.039000 0.120700 0.133500 0.025500 0.038800 0.025900 0.065200 0.025800 0.038700 0.052000 0.038800
BlueSheep 0.000000 0.306800 0.040500 0.248400 0.013400 0.000000 0.013400 0.040200 0.040300 0.111200 0.000000 0.040800 0.026800 0.053700 0.040800 0.040200 0.040900 0.097300 0.000100 0.053700 0.027200 0.013800 0.145600 0.095300 0.000000 0.040600 0.026800 0.026900 0.026800 0.026800 0.111100 0.040400 0.069100 0.026800 0.040200 0.040100 0.000000 0.026900 0.040800 0.111300 0.112700 0.027000 0.111200 0.125000 0.040200 0.027000 0.013500 0.054300 0.013400 0.026800 0.040500 0.026900
BohorReedb 0.026900 0.314900 0.039200 0.274600 0.013000 0.026900 0.013000 0.038900 0.039100 0.107700 0.026900 0.039500 0.026000 0.052100 0.039500 0.038900 0.039600 0.094200 0.026500 0.025600 0.026300 0.040400 0.140700 0.092400 0.026900 0.039300 0.026000 0.026100 0.026000 0.026000 0.107600 0.039200 0.066900 0.026000 0.038900 0.038900 0.026900 0.000000 0.039500 0.107700 0.109000 0.026200 0.107700 0.121000 0.039000 0.026100 0.013000 0.052600 0.013000 0.026000 0.039200 0.026100
KirksDik 0.040800 0.355500 0.052900 0.294000 0.026300 0.040800 0.027000 0.052400 0.052600 0.122700 0.040800 0.053100 0.040200 0.052200 0.053100 0.053400 0.053200 0.108600 0.040200 0.065600 0.039800 0.054500 0.156100 0.106600 0.040800 0.052900 0.039300 0.040300 0.039300 0.039300 0.122600 0.040000 0.081000 0.040100 0.052300 0.052300 0.040800 0.039500 0.000000 0.108000 0.123700 0.039600 0.122700 0.135800 0.052400 0.039500 0.026400 0.066300 0.026200 0.039300 0.052900 0.039400
RoeDeer 0.111300 0.326500 0.093200 0.289300 0.093800 0.111300 0.093800 0.120400 0.092500 0.025400 0.111300 0.122000 0.079200 0.105700 0.093500 0.092400 0.093800 0.150800 0.109600 0.105700 0.108400 0.096000 0.052700 0.038000 0.111300 0.107500 0.079200 0.079300 0.079200 0.107000 0.025400 0.092700 0.122500 0.079200 0.092300 0.120200 0.111300 0.107700 0.108000 0.000000 0.025600 0.093900 0.025400 0.038600 0.092500 0.107500 0.094200 0.135600 0.093800 0.079200 0.065700 0.107400
WhiteLippe 0.112700 0.293300 0.094200 0.293000 0.094900 0.112700 0.094900 0.121700 0.093600 0.025700 0.112700 0.123500 0.080100 0.135800 0.094600 0.093400 0.094900 0.152500 0.111000 0.106900 0.109700 0.097100 0.027100 0.038300 0.112700 0.108700 0.080100 0.080200 0.080100 0.108200 0.025700 0.122500 0.124000 0.080100 0.093300 0.121600 0.112700 0.109000 0.123700 0.025600 0.000000 0.095000 0.025700 0.038300 0.093500 0.108800 0.095400 0.137100 0.094900 0.080100 0.066400 0.108600
ThomsonGaz 0.027000 0.316500 0.026100 0.276300 0.013200 0.027000 0.013300 0.039000 0.026600 0.094200 0.027000 0.039600 0.026000 0.052200 0.026200 0.039000 0.039600 0.094400 0.026700 0.038900 0.026400 0.026900 0.126000 0.078900 0.027000 0.012900 0.026600 0.013200 0.026100 0.026500 0.094100 0.039200 0.067000 0.026000 0.039000 0.039000 0.027000 0.026200 0.039600 0.093900 0.095000 0.000000 0.094200 0.107200 0.039000 0.026200 0.013100 0.052700 0.013000 0.026600 0.026100 0.026100
MuntiacusC 0.111200 0.325600 0.093100 0.288700 0.094100 0.111200 0.094100 0.120800 0.092800 0.000000 0.111200 0.122400 0.079500 0.134700 0.093800 0.092700 0.094100 0.151300 0.109600 0.106000 0.108800 0.095900 0.052900 0.038100 0.111200 0.107800 0.079500 0.079500 0.079500 0.107400 0.025300 0.121400 0.122900 0.079500 0.092600 0.120700 0.111200 0.107700 0.122700 0.025400 0.025700 0.094200 0.000000 0.038100 0.092800 0.107800 0.094100 0.136100 0.094100 0.079500 0.065600 0.107700
WhiteTaile 0.125000 0.322700 0.106400 0.268100 0.107000 0.125000 0.107000 0.133600 0.105600 0.038100 0.125000 0.135400 0.092300 0.147600 0.106700 0.105500 0.107100 0.164400 0.123100 0.118800 0.121800 0.109500 0.065800 0.025000 0.125000 0.120800 0.092300 0.092400 0.092300 0.120200 0.038000 0.105800 0.135900 0.092300 0.105400 0.133500 0.125000 0.121000 0.135800 0.038600 0.038300 0.107200 0.038100 0.000000 0.105600 0.120800 0.107500 0.119900 0.107000 0.092300 0.078700 0.120700
Cattle 0.040200 0.348400 0.052200 0.288600 0.025900 0.040200 0.025900 0.051600 0.051800 0.092800 0.040200 0.026400 0.038700 0.064700 0.052300 0.051600 0.052400 0.106900 0.039600 0.064700 0.039200 0.053700 0.123900 0.077800 0.040200 0.052100 0.038700 0.038800 0.039600 0.038700 0.092700 0.051900 0.079700 0.038700 0.051600 0.025500 0.040200 0.039000 0.052400 0.092500 0.093500 0.039000 0.092800 0.105600 0.000000 0.038900 0.026000 0.065300 0.025900 0.038700 0.025700 0.038800
RoyalAntel 0.027000 0.334100 0.039300 0.274900 0.013300 0.027000 0.013300 0.038900 0.039000 0.107800 0.027000 0.040500 0.026300 0.052000 0.039500 0.038900 0.039500 0.094000 0.026600 0.052000 0.026300 0.040500 0.140300 0.092200 0.027000 0.039300 0.025900 0.026100 0.025900 0.026600 0.107800 0.039100 0.069500 0.026600 0.038800 0.038800 0.027000 0.026100 0.039500 0.107500 0.108800 0.026200 0.107800 0.120800 0.038900 0.000000 0.013100 0.052500 0.013000 0.025900 0.039300 0.026000
Steenbok 0.013500 0.316900 0.026200 0.259100 0.000000 0.013500 0.000000 0.026000 0.026100 0.094100 0.013500 0.026300 0.013000 0.039000 0.026300 0.026000 0.026400 0.080700 0.013300 0.039100 0.013200 0.026900 0.126600 0.079200 0.013500 0.026200 0.013000 0.013000 0.013000 0.013000 0.094100 0.026100 0.053500 0.013000 0.025900 0.025900 0.013500 0.013000 0.026400 0.094200 0.095400 0.013100 0.094100 0.107500 0.026000 0.013100 0.000000 0.039400 0.000000 0.013000 0.026100 0.013000
Impala 0.054300 0.351500 0.066000 0.256200 0.039300 0.054300 0.039300 0.065300 0.065500 0.136100 0.054300 0.066200 0.053900 0.078600 0.039300 0.065300 0.066300 0.121900 0.053500 0.080100 0.026100 0.068000 0.169800 0.119600 0.054300 0.065900 0.052300 0.052400 0.052300 0.052300 0.136000 0.038800 0.094200 0.052300 0.065200 0.065200 0.054300 0.052600 0.066300 0.135600 0.137100 0.052700 0.136100 0.119900 0.065300 0.052500 0.039400 0.000000 0.039300 0.052300 0.065900 0.054100
Klipspring 0.013400 0.316200 0.026100 0.258700 0.000000 0.013400 0.000000 0.025800 0.025900 0.094100 0.013400 0.026200 0.012900 0.038900 0.026900 0.026000 0.026300 0.080300 0.013300 0.038900 0.013100 0.026900 0.125900 0.078800 0.013400 0.026900 0.012900 0.013300 0.013300 0.012900 0.094000 0.026600 0.053300 0.012900 0.026500 0.025800 0.013400 0.013000 0.026200 0.093800 0.094900 0.013000 0.094100 0.107000 0.025900 0.013000 0.000000 0.039300 0.000000 0.012900 0.026100 0.013300
ForestMusk 0.026800 0.331500 0.039100 0.257100 0.012900 0.026800 0.012900 0.038700 0.040000 0.079500 0.026800 0.039200 0.000000 0.051800 0.039300 0.012700 0.013200 0.067400 0.026400 0.051800 0.026900 0.040300 0.110100 0.064800 0.026800 0.039100 0.000000 0.026400 0.000000 0.025800 0.079400 0.038900 0.039400 0.000000 0.012700 0.038700 0.026800 0.026000 0.039300 0.079200 0.080100 0.026600 0.079500 0.092300 0.038700 0.025900 0.013000 0.052300 0.012900 0.000000 0.039100 0.025900
Bushbuck 0.040500 0.312300 0.025900 0.292100 0.026100 0.040500 0.026100 0.052000 0.025800 0.065600 0.040500 0.052800 0.039100 0.065300 0.026000 0.052100 0.052900 0.108100 0.039900 0.038600 0.039600 0.026600 0.096000 0.051600 0.040500 0.039300 0.039100 0.012900 0.039100 0.039100 0.065600 0.052400 0.080500 0.039100 0.052100 0.052000 0.040500 0.039200 0.052900 0.065700 0.066400 0.026100 0.065600 0.078700 0.025700 0.039300 0.026100 0.065900 0.026100 0.039100 0.000000 0.039200
GreaterKud 0.026900 0.333900 0.039200 0.274900 0.013000 0.026900 0.013000 0.038800 0.039000 0.107700 0.026900 0.039400 0.026500 0.051900 0.039400 0.039900 0.039400 0.093900 0.026500 0.051900 0.027300 0.040400 0.140200 0.092100 0.026900 0.039200 0.025900 0.026000 0.026900 0.025900 0.107600 0.039100 0.066700 0.025900 0.038800 0.038800 0.026900 0.026100 0.039400 0.107400 0.108600 0.026100 0.107700 0.120700 0.038800 0.026000 0.013000 0.054100 0.013300 0.025900 0.039200 0.000000
