1
52 1
Argali 0.000000 0.156500 0.000100 0.154800 0.041800 0.000000 0.062200 0.020400 0.000100 0.062700 0.020200 0.061700 0.020200 0.041200 0.062700 0.000200 0.108100 0.133400 0.000000 0.000100 0.020300 0.000000 0.020300 0.000000 0.020200 0.041300 0.000100 0.000200 0.000000 0.062500 0.061900 0.041300 0.040900 0.020200 0.019900 0.041100 0.000000 0.063800 0.020700 0.040600 0.020300 0.020500 0.062800 0.000100 0.041100 0.020700 0.042500 0.064100 0.041000 0.020100 0.020500 0.020400
LesserMous 0.156500 0.000000 0.157400 0.200000 0.209400 0.156500 0.223900 0.182600 0.157400 0.179600 0.180700 0.232900 0.180400 0.170900 0.159800 0.153700 0.294300 0.327600 0.156500 0.157400 0.133400 0.156500 0.181800 0.156500 0.180700 0.182700 0.157400 0.156000 0.156500 0.183300 0.208100 0.224500 0.206900 0.180400 0.172100 0.208000 0.156500 0.181000 0.184200 0.204600 0.181800 0.184100 0.180500 0.158600 0.207800 0.185100 0.214500 0.242200 0.183100 0.131800 0.183700 0.182500
LesserKudu 0.000100 0.157400 0.000000 0.155300 0.042000 0.000100 0.062500 0.020500 0.000000 0.063000 0.020300 0.062200 0.020300 0.041400 0.063000 0.000200 0.108700 0.134100 0.000100 0.000000 0.020400 0.000100 0.020400 0.000100 0.020300 0.041500 0.000000 0.000100 0.000100 0.063000 0.062300 0.041500 0.041100 0.020200 0.020000 0.041400 0.000100 0.064300 0.020800 0.040800 0.020400 0.020600 0.063300 0.000200 0.041300 0.020800 0.042700 0.064400 0.041400 0.020300 0.020600 0.020500
KillerWhal 0.154800 0.200000 0.155300 0.000000 0.209200 0.154800 0.229600 0.180400 0.155300 0.231600 0.179100 0.229000 0.179000 0.155200 0.179900 0.152400 0.261000 0.323000 0.154800 0.155300 0.131800 0.154800 0.179700 0.154800 0.179100 0.180900 0.155300 0.154100 0.154800 0.131600 0.229100 0.206100 0.203300 0.178100 0.176000 0.205400 0.154800 0.237400 0.182400 0.176900 0.179700 0.181900 0.232900 0.156300 0.205100 0.177800 0.210800 0.237600 0.205300 0.129600 0.181000 0.181200
DefassaWat 0.041800 0.209400 0.042000 0.209200 0.000000 0.041800 0.108000 0.063900 0.042000 0.108800 0.063300 0.107600 0.063400 0.086200 0.108900 0.041200 0.158400 0.187100 0.041800 0.042000 0.063600 0.041800 0.063600 0.041800 0.063300 0.086300 0.042000 0.041600 0.041800 0.109000 0.107600 0.086600 0.041400 0.063200 0.062100 0.086000 0.041800 0.021300 0.021000 0.084500 0.063600 0.064200 0.109300 0.042300 0.086000 0.042500 0.043200 0.111800 0.085600 0.063200 0.064200 0.064200
Sheep 0.000000 0.156500 0.000100 0.154800 0.041800 0.000000 0.062200 0.020400 0.000100 0.062700 0.020200 0.056700 0.020200 0.041200 0.062700 0.000200 0.108100 0.133400 0.000000 0.000100 0.020300 0.000000 0.020300 0.000000 0.020200 0.041300 0.000100 0.000200 0.000000 0.062500 0.061900 0.041300 0.040900 0.020200 0.019900 0.041100 0.000000 0.063800 0.020700 0.040600 0.020300 0.020500 0.062800 0.000100 0.041100 0.020700 0.042500 0.064100 0.041000 0.020100 0.020500 0.020400
MaxwellsDu 0.062200 0.223900 0.062500 0.229600 0.108000 0.062200 0.000000 0.084300 0.062500 0.130000 0.083700 0.128200 0.041000 0.062100 0.130000 0.061200 0.179100 0.207000 0.062200 0.062500 0.084200 0.062200 0.084000 0.062200 0.083700 0.106900 0.062500 0.062000 0.062200 0.129700 0.128600 0.062400 0.106100 0.083500 0.082400 0.106500 0.062200 0.109400 0.085500 0.104700 0.084000 0.084900 0.130500 0.062900 0.106400 0.085800 0.109800 0.132900 0.106500 0.083500 0.084800 0.084600
GazellaPrz 0.020400 0.182600 0.020500 0.180400 0.063900 0.020400 0.084300 0.000000 0.020500 0.085200 0.041100 0.084100 0.041200 0.062900 0.085100 0.020100 0.132400 0.159300 0.020400 0.020500 0.041300 0.020400 0.041300 0.020400 0.041100 0.063200 0.020500 0.020300 0.020400 0.084800 0.084000 0.063200 0.062600 0.041100 0.040500 0.062900 0.020400 0.086600 0.042100 0.062000 0.041300 0.041600 0.085300 0.020600 0.063000 0.042200 0.065000 0.087200 0.062600 0.041000 0.000100 0.041500
MountainNy 0.000100 0.157400 0.000000 0.155300 0.042000 0.000100 0.062500 0.020500 0.000000 0.063000 0.020300 0.062200 0.020300 0.041400 0.063000 0.000200 0.108700 0.134100 0.000100 0.000000 0.020400 0.000100 0.020400 0.000100 0.020300 0.041500 0.000000 0.000100 0.000100 0.063000 0.062300 0.041500 0.041100 0.019600 0.020000 0.041400 0.000100 0.064300 0.020800 0.040800 0.020400 0.020600 0.063300 0.000200 0.041300 0.020800 0.042700 0.064400 0.041400 0.020300 0.020600 0.020500
MuntiacusM 0.062700 0.179600 0.063000 0.231600 0.108800 0.062700 0.130000 0.085200 0.063000 0.000000 0.084200 0.129800 0.084400 0.107200 0.105500 0.061800 0.132300 0.158400 0.062700 0.063000 0.084800 0.062700 0.084800 0.062700 0.084200 0.107800 0.063000 0.062400 0.062700 0.130600 0.040300 0.107800 0.106900 0.084200 0.061700 0.107700 0.062700 0.133400 0.086100 0.105800 0.084800 0.085500 0.000100 0.063400 0.107600 0.086500 0.110700 0.134000 0.085000 0.084100 0.085600 0.085200
goat 0.020200 0.180700 0.020300 0.179100 0.063300 0.020200 0.083700 0.041100 0.020300 0.084200 0.000000 0.083100 0.040800 0.062300 0.084100 0.019900 0.130800 0.156900 0.020200 0.020300 0.041100 0.020200 0.040900 0.020200 0.000000 0.062400 0.020300 0.020100 0.020200 0.084400 0.083400 0.062500 0.062000 0.040700 0.040100 0.062100 0.020200 0.086200 0.041700 0.061300 0.040900 0.041400 0.084600 0.020400 0.062100 0.041800 0.064000 0.085900 0.062300 0.040600 0.041300 0.041300
AfricanBuf 0.061700 0.232900 0.062200 0.229000 0.107600 0.056700 0.128200 0.084100 0.062200 0.129800 0.083100 0.000000 0.083400 0.106000 0.129400 0.061000 0.179100 0.157400 0.061700 0.062200 0.083600 0.061700 0.083600 0.061700 0.083100 0.106700 0.062200 0.061600 0.061700 0.128700 0.127900 0.106800 0.105600 0.083200 0.082000 0.020400 0.061700 0.131400 0.085100 0.104600 0.083600 0.084200 0.129900 0.062600 0.020400 0.085500 0.064300 0.042200 0.105700 0.083100 0.084800 0.084000
Topi 0.020200 0.180400 0.020300 0.179000 0.063400 0.020200 0.041000 0.041200 0.020300 0.084400 0.040800 0.083400 0.000000 0.020300 0.084400 0.019800 0.131200 0.157800 0.020200 0.020300 0.041000 0.020200 0.041000 0.020200 0.040800 0.062600 0.020300 0.020100 0.020200 0.084400 0.083500 0.020400 0.062000 0.040800 0.040100 0.062400 0.020200 0.086300 0.041800 0.061400 0.041000 0.041400 0.084700 0.020400 0.062300 0.041900 0.064400 0.086400 0.062300 0.040700 0.041400 0.041300
CommonDuik 0.041200 0.170900 0.041400 0.155200 0.086200 0.041200 0.062100 0.062900 0.041400 0.107200 0.062300 0.106000 0.020300 0.000000 0.062900 0.040500 0.155800 0.183600 0.041200 0.041400 0.062700 0.041200 0.062600 0.041200 0.062300 0.085000 0.041400 0.040900 0.041200 0.063000 0.106000 0.041500 0.084200 0.062200 0.061200 0.084700 0.041200 0.109900 0.063800 0.083100 0.062600 0.063200 0.107600 0.041600 0.084600 0.063900 0.087400 0.109900 0.084400 0.020200 0.063200 0.063200
Suni 0.062700 0.159800 0.063000 0.179900 0.108900 0.062700 0.130000 0.085100 0.063000 0.105500 0.084100 0.129400 0.084400 0.062900 0.000000 0.061900 0.180400 0.208300 0.062700 0.063000 0.084900 0.062700 0.084700 0.062700 0.084100 0.107600 0.063000 0.062500 0.062700 0.085200 0.061300 0.107700 0.107000 0.084300 0.083200 0.107300 0.062700 0.133400 0.086100 0.105800 0.084700 0.085700 0.105900 0.063400 0.107300 0.086400 0.110500 0.133900 0.107700 0.041200 0.085500 0.085200
Springbuck 0.000200 0.153700 0.000200 0.152400 0.041200 0.000200 0.061200 0.020100 0.000200 0.061800 0.019900 0.061000 0.019800 0.040500 0.061900 0.000000 0.099400 0.131700 0.000200 0.000200 0.019900 0.000200 0.019900 0.000200 0.019900 0.028800 0.000200 0.000300 0.000200 0.054800 0.061100 0.040600 0.040200 0.019700 0.019600 0.040500 0.000200 0.063100 0.020300 0.028000 0.019900 0.020200 0.062000 0.000200 0.040500 0.020400 0.041800 0.063100 0.040500 0.019800 0.020200 0.020100
Okapi 0.108100 0.294300 0.108700 0.261000 0.158400 0.108100 0.179100 0.132400 0.108700 0.132300 0.130800 0.179100 0.131200 0.155800 0.180400 0.099400 0.000000 0.064900 0.108100 0.108700 0.131800 0.108100 0.085700 0.108100 0.130800 0.109200 0.108700 0.107600 0.108100 0.132500 0.130800 0.108800 0.155000 0.130900 0.128600 0.156200 0.108100 0.184700 0.133800 0.107000 0.085700 0.109000 0.132900 0.109300 0.156100 0.134200 0.161000 0.185500 0.131200 0.123900 0.133200 0.132600
Giraffe 0.133400 0.327600 0.134100 0.323000 0.187100 0.133400 0.207000 0.159300 0.134100 0.158400 0.156900 0.157400 0.157800 0.183600 0.208300 0.131700 0.064900 0.000000 0.133400 0.134100 0.158000 0.133400 0.110400 0.133400 0.156900 0.184500 0.134100 0.133000 0.133400 0.209400 0.156600 0.134800 0.182400 0.157100 0.154300 0.134800 0.133400 0.214300 0.161200 0.180200 0.110400 0.134500 0.159200 0.134900 0.134600 0.161600 0.138800 0.163000 0.157100 0.157100 0.160100 0.159400
TibetanAnt 0.000000 0.156500 0.000100 0.154800 0.041800 0.000000 0.062200 0.020400 0.000100 0.062700 0.020200 0.061700 0.020200 0.041200 0.062700 0.000200 0.108100 0.133400 0.000000 0.000100 0.020300 0.000000 0.020300 0.000000 0.020200 0.041300 0.000100 0.000200 0.000000 0.062500 0.061900 0.041300 0.040900 0.020200 0.019900 0.041100 0.000000 0.063800 0.020700 0.040600 0.020300 0.020500 0.062800 0.000100 0.041100 0.020700 0.042500 0.064100 0.041000 0.020100 0.020500 0.020400
Sitatunga 0.000100 0.157400 0.000000 0.155300 0.042000 0.000100 0.062500 0.020500 0.000000 0.063000 0.020300 0.062200 0.020300 0.041400 0.063000 0.000200 0.108700 0.134100 0.000100 0.000000 0.020400 0.000100 0.020400 0.000100 0.020300 0.041500 0.000000 0.000100 0.000100 0.063000 0.062300 0.041500 0.041100 0.020200 0.020000 0.041400 0.000100 0.064300 0.020800 0.040800 0.020400 0.020600 0.063300 0.000200 0.041300 0.020800 0.042700 0.064400 0.041400 0.020300 0.020600 0.020500
Oribi 0.020300 0.133400 0.020400 0.131800 0.063600 0.020300 0.084200 0.041300 0.020400 0.084800 0.041100 0.083600 0.041000 0.062700 0.084900 0.019900 0.131800 0.158000 0.020300 0.020400 0.000000 0.020300 0.041100 0.020300 0.041100 0.062700 0.020400 0.020200 0.020300 0.084900 0.083900 0.062900 0.062200 0.040900 0.040300 0.062500 0.020300 0.086600 0.041900 0.061800 0.041100 0.041700 0.085100 0.020600 0.062500 0.042000 0.064600 0.086700 0.062700 0.040800 0.041500 0.041500
BarbaryShe 0.000000 0.156500 0.000100 0.154800 0.041800 0.000000 0.062200 0.020400 0.000100 0.062700 0.020200 0.061700 0.020200 0.041200 0.062700 0.000200 0.108100 0.133400 0.000000 0.000100 0.020300 0.000000 0.020300 0.000000 0.020200 0.041300 0.000100 0.000200 0.000000 0.062500 0.061900 0.041300 0.040900 0.020200 0.019900 0.041100 0.000000 0.063800 0.020700 0.040600 0.020300 0.020500 0.062800 0.000100 0.041100 0.020700 0.042500 0.064100 0.041000 0.020100 0.020500 0.020400
Daviddeer 0.020300 0.181800 0.020400 0.179700 0.063600 0.020300 0.084000 0.041300 0.020400 0.084800 0.040900 0.083600 0.041000 0.062600 0.084700 0.019900 0.085700 0.110400 0.020300 0.020400 0.041100 0.020300 0.000000 0.020300 0.040900 0.062800 0.020400 0.020200 0.020300 0.084400 0.083600 0.062900 0.062200 0.040900 0.040300 0.062600 0.020300 0.086200 0.041900 0.061600 0.000000 0.041400 0.084900 0.020500 0.062700 0.042000 0.064600 0.086700 0.062500 0.040800 0.041600 0.041300
Reindeer 0.000000 0.156500 0.000100 0.154800 0.041800 0.000000 0.062200 0.020400 0.000100 0.062700 0.020200 0.061700 0.020200 0.041200 0.062700 0.000200 0.108100 0.133400 0.000000 0.000100 0.020300 0.000000 0.020300 0.000000 0.020200 0.041300 0.000100 0.000200 0.000000 0.062500 0.061900 0.041300 0.040900 0.020200 0.019900 0.041100 0.000000 0.063900 0.020700 0.040600 0.020300 0.020500 0.062800 0.000100 0.041100 0.020700 0.042500 0.064100 0.041000 0.020100 0.020500 0.020400
Ibex 0.020200 0.180700 0.020300 0.179100 0.063300 0.020200 0.083700 0.041100 0.020300 0.084200 0.000000 0.083100 0.040800 0.062300 0.084100 0.019900 0.130800 0.156900 0.020200 0.020300 0.041100 0.020200 0.040900 0.020200 0.000000 0.062400 0.020300 0.020100 0.020200 0.084400 0.083400 0.062500 0.062000 0.040700 0.040100 0.062100 0.020200 0.086200 0.041700 0.061300 0.040900 0.041400 0.084600 0.020400 0.062100 0.041800 0.064000 0.085900 0.062300 0.040600 0.041300 0.041300
GyrantGaze 0.041300 0.182700 0.041500 0.180900 0.086300 0.041300 0.106900 0.063200 0.041500 0.107800 0.062400 0.106700 0.062600 0.085000 0.107600 0.028800 0.109200 0.184500 0.041300 0.041500 0.062700 0.041300 0.062800 0.041300 0.062400 0.000000 0.041500 0.041100 0.041300 0.063200 0.106600 0.085500 0.084400 0.062400 0.061400 0.085200 0.041300 0.110000 0.063800 0.040900 0.062800 0.063400 0.108300 0.041800 0.085100 0.064100 0.087700 0.110400 0.084800 0.052700 0.063500 0.063300
Hartebeest 0.000100 0.157400 0.000000 0.155300 0.042000 0.000100 0.062500 0.020500 0.000000 0.063000 0.020300 0.062200 0.020300 0.041400 0.063000 0.000200 0.108700 0.134100 0.000100 0.000000 0.020400 0.000100 0.020400 0.000100 0.020300 0.041500 0.000000 0.000100 0.000100 0.063000 0.062300 0.041500 0.041100 0.020200 0.020000 0.041400 0.000100 0.064300 0.020800 0.040800 0.020400 0.020600 0.063300 0.000200 0.041300 0.020800 0.042700 0.064400 0.041400 0.020300 0.020600 0.020500
Bongo 0.000200 0.156000 0.000100 0.154100 0.041600 0.000200 0.062000 0.020300 0.000100 0.062400 0.020100 0.061600 0.020100 0.040900 0.062500 0.000300 0.107600 0.133000 0.000200 0.000100 0.020200 0.000200 0.020200 0.000200 0.020100 0.041100 0.000100 0.000000 0.000200 0.062400 0.061800 0.041100 0.040700 0.020100 0.019800 0.041000 0.000200 0.063600 0.020600 0.040400 0.020200 0.020400 0.062700 0.000200 0.040900 0.020600 0.042300 0.063800 0.041000 0.020000 0.020400 0.020300
Gerenuk 0.000000 0.156500 0.000100 0.154800 0.041800 0.000000 0.062200 0.020400 0.000100 0.062700 0.020200 0.061700 0.020200 0.041200 0.062700 0.000200 0.108100 0.133400 0.000000 0.000100 0.020300 0.000000 0.020300 0.000000 0.020200 0.041300 0.000100 0.000200 0.000000 0.062500 0.061900 0.041300 0.040900 0.020200 0.019900 0.041100 0.000000 0.063800 0.020700 0.040600 0.020300 0.020500 0.062800 0.000100 0.041100 0.020700 0.042500 0.064100 0.041000 0.020100 0.020500 0.020400
CommonElan 0.062500 0.183300 0.063000 0.131600 0.109000 0.062500 0.129700 0.084800 0.063000 0.130600 0.084400 0.128700 0.084400 0.063000 0.085200 0.054800 0.132500 0.209400 0.062500 0.063000 0.084900 0.062500 0.084400 0.062500 0.084400 0.063200 0.063000 0.062400 0.062500 0.000000 0.129400 0.107800 0.106800 0.084300 0.082900 0.106900 0.062500 0.133100 0.086200 0.062100 0.084400 0.085500 0.130900 0.063400 0.107100 0.086200 0.110600 0.133800 0.107200 0.030000 0.085400 0.085100
MuntiacusR 0.061900 0.208100 0.062300 0.229100 0.107600 0.061900 0.128600 0.084000 0.062300 0.040300 0.083400 0.127900 0.083500 0.106000 0.061300 0.061100 0.130800 0.156600 0.061900 0.062300 0.083900 0.061900 0.083600 0.061900 0.083400 0.106600 0.062300 0.061800 0.061900 0.129400 0.000000 0.106600 0.105700 0.083300 0.082200 0.106100 0.061900 0.131500 0.085100 0.104700 0.083600 0.084500 0.040400 0.062700 0.106300 0.085500 0.109400 0.132400 0.106100 0.083200 0.084700 0.084000
HarveysDui 0.041300 0.224500 0.041500 0.206100 0.086600 0.041300 0.062400 0.063200 0.041500 0.107800 0.062500 0.106800 0.020400 0.041500 0.107700 0.040600 0.108800 0.134800 0.041300 0.041500 0.062900 0.041300 0.062900 0.041300 0.062500 0.085500 0.041500 0.041100 0.041300 0.107800 0.106600 0.000000 0.084600 0.062500 0.061500 0.085300 0.041300 0.110400 0.064100 0.083500 0.062900 0.063400 0.108300 0.041800 0.085200 0.064300 0.088000 0.110600 0.084700 0.062400 0.063600 0.063400
Pronghorn 0.040900 0.206900 0.041100 0.203300 0.041400 0.040900 0.106100 0.062600 0.041100 0.106900 0.062000 0.105600 0.062000 0.084200 0.107000 0.040200 0.155000 0.182400 0.040900 0.041100 0.062200 0.040900 0.062200 0.040900 0.062000 0.084400 0.041100 0.040700 0.040900 0.106800 0.105700 0.084600 0.000000 0.061900 0.060900 0.084200 0.040900 0.063600 0.020400 0.083000 0.062200 0.062900 0.107400 0.041400 0.084100 0.041500 0.042100 0.109400 0.084200 0.061700 0.062900 0.062700
BlueWildeb 0.020200 0.180400 0.020200 0.178100 0.063200 0.020200 0.083500 0.041100 0.019600 0.084200 0.040700 0.083200 0.040800 0.062200 0.084300 0.019700 0.130900 0.157100 0.020200 0.020200 0.040900 0.020200 0.040900 0.020200 0.040700 0.062400 0.020200 0.020100 0.020200 0.084300 0.083300 0.062500 0.061900 0.000000 0.040000 0.062200 0.020200 0.085900 0.041600 0.061300 0.040900 0.041300 0.084600 0.020400 0.062200 0.041700 0.064200 0.086100 0.062200 0.040600 0.041200 0.041200
Gemsbok 0.019900 0.172100 0.020000 0.176000 0.062100 0.019900 0.082400 0.040500 0.020000 0.061700 0.040100 0.082000 0.040100 0.061200 0.083200 0.019600 0.128600 0.154300 0.019900 0.020000 0.040300 0.019900 0.040300 0.019900 0.040100 0.061400 0.020000 0.019800 0.019900 0.082900 0.082200 0.061500 0.060900 0.040000 0.000000 0.061300 0.019900 0.084600 0.041000 0.060400 0.040300 0.040700 0.061900 0.020100 0.061200 0.041100 0.063100 0.084800 0.019900 0.040000 0.040700 0.040500
Yak 0.041100 0.208000 0.041400 0.205400 0.086000 0.041100 0.106500 0.062900 0.041400 0.107700 0.062100 0.020400 0.062400 0.084700 0.107300 0.040500 0.156200 0.134800 0.041100 0.041400 0.062500 0.041100 0.062600 0.041100 0.062100 0.085200 0.041400 0.041000 0.041100 0.106900 0.106100 0.085300 0.084200 0.062200 0.061300 0.000000 0.041100 0.109300 0.063700 0.083400 0.057200 0.063000 0.107800 0.041700 0.000100 0.064000 0.042800 0.021100 0.084200 0.062100 0.063400 0.062900
BlueSheep 0.000000 0.156500 0.000100 0.154800 0.041800 0.000000 0.062200 0.020400 0.000100 0.062700 0.020200 0.061700 0.020200 0.041200 0.062700 0.000200 0.108100 0.133400 0.000000 0.000100 0.020300 0.000000 0.020300 0.000000 0.020200 0.041300 0.000100 0.000200 0.000000 0.062500 0.061900 0.041300 0.040900 0.020200 0.019900 0.041100 0.000000 0.063800 0.020700 0.040600 0.020300 0.020500 0.062800 0.000100 0.041100 0.020700 0.042500 0.064100 0.041000 0.020100 0.020500 0.020400
BohorReedb 0.063800 0.181000 0.064300 0.237400 0.021300 0.063800 0.109400 0.086600 0.064300 0.133400 0.086200 0.131400 0.086300 0.109900 0.133400 0.063100 0.184700 0.214300 0.063800 0.064300 0.086600 0.063800 0.086200 0.063900 0.086200 0.110000 0.064300 0.063600 0.063800 0.133100 0.131500 0.110400 0.063600 0.085900 0.084600 0.109300 0.063800 0.000000 0.042900 0.107900 0.086200 0.087100 0.133600 0.064800 0.109600 0.065000 0.066100 0.136900 0.109100 0.086000 0.087300 0.087000
KirksDik 0.020700 0.184200 0.020800 0.182400 0.021000 0.020700 0.085500 0.042100 0.020800 0.086100 0.041700 0.085100 0.041800 0.063800 0.086100 0.020300 0.133800 0.161200 0.020700 0.020800 0.041900 0.020700 0.041900 0.020700 0.041700 0.063800 0.020800 0.020600 0.020700 0.086200 0.085100 0.064100 0.020400 0.041600 0.041000 0.063700 0.020700 0.042900 0.000000 0.062700 0.041900 0.042300 0.086400 0.020900 0.063700 0.021000 0.021300 0.088300 0.063600 0.041600 0.042300 0.042200
RoeDeer 0.040600 0.204600 0.040800 0.176900 0.084500 0.040600 0.104700 0.062000 0.040800 0.105800 0.061300 0.104600 0.061400 0.083100 0.105800 0.028000 0.107000 0.180200 0.040600 0.040800 0.061800 0.040600 0.061600 0.040600 0.061300 0.040900 0.040800 0.040400 0.040600 0.062100 0.104700 0.083500 0.083000 0.061300 0.060400 0.083400 0.040600 0.107900 0.062700 0.000000 0.061600 0.062300 0.106300 0.041000 0.083300 0.062800 0.085900 0.108200 0.083300 0.051700 0.062300 0.062000
WhiteLippe 0.020300 0.181800 0.020400 0.179700 0.063600 0.020300 0.084000 0.041300 0.020400 0.084800 0.040900 0.083600 0.041000 0.062600 0.084700 0.019900 0.085700 0.110400 0.020300 0.020400 0.041100 0.020300 0.000000 0.020300 0.040900 0.062800 0.020400 0.020200 0.020300 0.084400 0.083600 0.062900 0.062200 0.040900 0.040300 0.057200 0.020300 0.086200 0.041900 0.061600 0.000000 0.041400 0.084900 0.020500 0.062700 0.042000 0.064600 0.086700 0.062300 0.040800 0.041600 0.041300
ThomsonGaz 0.020500 0.184100 0.020600 0.181900 0.064200 0.020500 0.084900 0.041600 0.020600 0.085500 0.041400 0.084200 0.041400 0.063200 0.085700 0.020200 0.109000 0.134500 0.020500 0.020600 0.041700 0.020500 0.041400 0.020500 0.041400 0.063400 0.020600 0.020400 0.020500 0.085500 0.084500 0.063400 0.062900 0.041300 0.040700 0.063000 0.020500 0.087100 0.042300 0.062300 0.041400 0.000000 0.085700 0.020800 0.063100 0.042400 0.065200 0.087600 0.019900 0.041300 0.042000 0.041800
MuntiacusC 0.062800 0.180500 0.063300 0.232900 0.109300 0.062800 0.130500 0.085300 0.063300 0.000100 0.084600 0.129900 0.084700 0.107600 0.105900 0.062000 0.132900 0.159200 0.062800 0.063300 0.085100 0.062800 0.084900 0.062800 0.084600 0.108300 0.063300 0.062700 0.062800 0.130900 0.040400 0.108300 0.107400 0.084600 0.061900 0.107800 0.062800 0.133600 0.086400 0.106300 0.084900 0.085700 0.000000 0.063700 0.108000 0.086800 0.111100 0.134500 0.085100 0.084500 0.086000 0.085300
WhiteTaile 0.000100 0.158600 0.000200 0.156300 0.042300 0.000100 0.062900 0.020600 0.000200 0.063400 0.020400 0.062600 0.020400 0.041600 0.063400 0.000200 0.109300 0.134900 0.000100 0.000200 0.020600 0.000100 0.020500 0.000100 0.020400 0.041800 0.000200 0.000200 0.000100 0.063400 0.062700 0.041800 0.041400 0.020400 0.020100 0.041700 0.000100 0.064800 0.020900 0.041000 0.020500 0.020800 0.063700 0.000000 0.041600 0.021000 0.043000 0.064900 0.041600 0.020400 0.020800 0.020700
Cattle 0.041100 0.207800 0.041300 0.205100 0.086000 0.041100 0.106400 0.063000 0.041300 0.107600 0.062100 0.020400 0.062300 0.084600 0.107300 0.040500 0.156100 0.134600 0.041100 0.041300 0.062500 0.041100 0.062700 0.041100 0.062100 0.085100 0.041300 0.040900 0.041100 0.107100 0.106300 0.085200 0.084100 0.062200 0.061200 0.000100 0.041100 0.109600 0.063700 0.083300 0.062700 0.063100 0.108000 0.041600 0.000000 0.063900 0.042800 0.021000 0.084400 0.062100 0.063400 0.063000
RoyalAntel 0.020700 0.185100 0.020800 0.177800 0.042500 0.020700 0.085800 0.042200 0.020800 0.086500 0.041800 0.085500 0.041900 0.063900 0.086400 0.020400 0.134200 0.161600 0.020700 0.020800 0.042000 0.020700 0.042000 0.020700 0.041800 0.064100 0.020800 0.020600 0.020700 0.086200 0.085500 0.064300 0.041500 0.041700 0.041100 0.064000 0.020700 0.065000 0.021000 0.062800 0.042000 0.042400 0.086800 0.021000 0.063900 0.000000 0.043200 0.088600 0.063700 0.041600 0.042400 0.042300
Steenbok 0.042500 0.214500 0.042700 0.210800 0.043200 0.042500 0.109800 0.065000 0.042700 0.110700 0.064000 0.064300 0.064400 0.087400 0.110500 0.041800 0.161000 0.138800 0.042500 0.042700 0.064600 0.042500 0.064600 0.042500 0.064000 0.087700 0.042700 0.042300 0.042500 0.110600 0.109400 0.088000 0.042100 0.064200 0.063100 0.042800 0.042500 0.066100 0.021300 0.085900 0.064600 0.065200 0.111100 0.043000 0.042800 0.043200 0.000000 0.066600 0.087100 0.064100 0.065300 0.065100
Impala 0.064100 0.242200 0.064400 0.237600 0.111800 0.064100 0.132900 0.087200 0.064400 0.134000 0.085900 0.042200 0.086400 0.109900 0.133900 0.063100 0.185500 0.163000 0.064100 0.064400 0.086700 0.064100 0.086700 0.064100 0.085900 0.110400 0.064400 0.063800 0.064100 0.133800 0.132400 0.110600 0.109400 0.086100 0.084800 0.021100 0.064100 0.136900 0.088300 0.108200 0.086700 0.087600 0.134500 0.064900 0.021000 0.088600 0.066600 0.000000 0.109900 0.086000 0.087700 0.087300
Klipspring 0.041000 0.183100 0.041400 0.205300 0.085600 0.041000 0.106500 0.062600 0.041400 0.085000 0.062300 0.105700 0.062300 0.084400 0.107700 0.040500 0.131200 0.157100 0.041000 0.041400 0.062700 0.041000 0.062500 0.041000 0.062300 0.084800 0.041400 0.041000 0.041000 0.107200 0.106100 0.084700 0.084200 0.062200 0.019900 0.084200 0.041000 0.109100 0.063600 0.083300 0.062300 0.019900 0.085100 0.041600 0.084400 0.063700 0.087100 0.109900 0.000000 0.062200 0.063100 0.062700
ForestMusk 0.020100 0.131800 0.020300 0.129600 0.063200 0.020100 0.083500 0.041000 0.020300 0.084100 0.040600 0.083100 0.040700 0.020200 0.041200 0.019800 0.123900 0.157100 0.020100 0.020300 0.040800 0.020100 0.040800 0.020100 0.040600 0.052700 0.020300 0.020000 0.020100 0.030000 0.083200 0.062400 0.061700 0.040600 0.040000 0.062100 0.020100 0.086000 0.041600 0.051700 0.040800 0.041300 0.084500 0.020400 0.062100 0.041600 0.064100 0.086000 0.062200 0.000000 0.041300 0.041100
Bushbuck 0.020500 0.183700 0.020600 0.181000 0.064200 0.020500 0.084800 0.000100 0.020600 0.085600 0.041300 0.084800 0.041400 0.063200 0.085500 0.020200 0.133200 0.160100 0.020500 0.020600 0.041500 0.020500 0.041600 0.020500 0.041300 0.063500 0.020600 0.020400 0.020500 0.085400 0.084700 0.063600 0.062900 0.041200 0.040700 0.063400 0.020500 0.087300 0.042300 0.062300 0.041600 0.042000 0.086000 0.020800 0.063400 0.042400 0.065300 0.087700 0.063100 0.041300 0.000000 0.041800
GreaterKud 0.020400 0.182500 0.020500 0.181200 0.064200 0.020400 0.084600 0.041500 0.020500 0.085200 0.041300 0.084000 0.041300 0.063200 0.085200 0.020100 0.132600 0.159400 0.020400 0.020500 0.041500 0.020400 0.041300 0.020400 0.041300 0.063300 0.020500 0.020300 0.020400 0.085100 0.084000 0.063400 0.062700 0.041200 0.040500 0.062900 0.020400 0.087000 0.042200 0.062000 0.041300 0.041800 0.085300 0.020700 0.063000 0.042300 0.065100 0.087300 0.062700 0.041100 0.041800 0.000000
