1
52 1
Argali 0.000000 0.896500 0.390500 1.279400 0.258400 0.171000 0.433300 0.279200 0.401400 0.538500 0.256300 0.102300 0.310000 0.460100 0.374500 0.414300 0.722900 0.650300 0.254100 0.401400 0.459700 0.261300 0.586600 0.656300 0.256300 0.411000 0.310000 0.439300 0.532100 0.401400 0.538500 0.460100 0.710500 0.255900 0.406900 0.420900 0.256300 0.258400 0.378300 0.723800 0.652800 0.411000 0.538500 0.693100 0.417900 0.367400 0.421300 0.065000 0.453800 0.518000 0.440200 0.476300
LesserMous 0.896500 0.000000 0.663400 0.772200 0.649600 0.678600 0.825800 0.932100 0.690400 0.648200 0.742200 0.945000 0.772400 0.853800 0.738600 0.931400 0.885900 0.729100 0.856000 0.690400 1.020600 0.678600 0.715700 0.806000 0.742200 0.906400 0.772400 0.740400 1.133400 0.690400 0.648200 0.853800 0.738400 0.840100 0.769400 0.684400 0.742200 0.649600 0.869200 0.995000 0.799100 0.906400 0.648200 0.857700 0.683000 0.706000 0.942200 0.858400 0.955400 0.755200 0.732300 0.772800
LesserKudu 0.390500 0.663400 0.000000 0.643400 0.160000 0.162500 0.126200 0.229900 0.000100 0.191200 0.201600 0.244200 0.119700 0.160300 0.082700 0.228800 0.359700 0.320400 0.162300 0.000100 0.267300 0.162500 0.238000 0.320100 0.201600 0.225300 0.119700 0.040800 0.335400 0.000100 0.191200 0.160300 0.327600 0.159600 0.206600 0.121200 0.201600 0.160000 0.191500 0.421100 0.288500 0.225300 0.191200 0.360100 0.122000 0.166600 0.231100 0.344800 0.204800 0.205900 0.041100 0.080900
KillerWhal 1.279400 0.772200 0.643400 0.000000 0.716100 0.993600 0.830500 1.059100 0.674800 0.801900 1.093600 0.924700 0.869400 0.645100 0.844300 1.046700 1.111300 1.013900 0.957900 0.674800 1.163800 0.993600 0.650800 0.994300 1.093600 1.016400 0.869400 0.731400 0.992300 0.674800 0.801900 0.645100 0.526400 0.953200 0.853500 0.497800 1.093600 0.716100 0.964300 1.499500 0.738600 1.016400 0.801900 1.052100 0.497000 0.789300 0.816700 1.292600 1.112300 0.892400 0.721400 0.767900
DefassaWat 0.258400 0.649600 0.160000 0.716100 0.000000 0.148600 0.199800 0.133800 0.164500 0.266800 0.105800 0.217400 0.035100 0.229700 0.156200 0.133200 0.427200 0.423600 0.070600 0.164500 0.167800 0.071200 0.310500 0.387300 0.105800 0.132600 0.035100 0.201000 0.229400 0.164500 0.266800 0.229700 0.401500 0.070200 0.108300 0.110900 0.105800 0.000000 0.101400 0.483300 0.359500 0.132600 0.266800 0.423800 0.110800 0.072700 0.135700 0.208000 0.143500 0.185400 0.202700 0.240200
Sheep 0.171000 0.678600 0.162500 0.993600 0.148600 0.000000 0.202700 0.136700 0.168800 0.274600 0.107600 0.322200 0.111300 0.232900 0.159500 0.213800 0.435000 0.435700 0.072000 0.168800 0.249400 0.072300 0.319600 0.396800 0.107600 0.210600 0.111300 0.206500 0.314200 0.168800 0.274600 0.232900 0.529900 0.071100 0.191400 0.287400 0.107600 0.148600 0.178700 0.496800 0.369800 0.210600 0.274600 0.434600 0.289400 0.154200 0.215500 0.216600 0.231800 0.279700 0.207600 0.245600
MaxwellsDu 0.433300 0.825800 0.126200 0.830500 0.199800 0.202700 0.000000 0.268200 0.131100 0.237400 0.241500 0.393300 0.159400 0.114700 0.124500 0.266300 0.403100 0.405800 0.203000 0.131100 0.305600 0.202700 0.283900 0.365400 0.241500 0.262700 0.159400 0.170500 0.373000 0.131100 0.237400 0.114700 0.372200 0.199600 0.247800 0.254600 0.241500 0.199800 0.229800 0.466800 0.335300 0.262700 0.237400 0.406000 0.256700 0.207800 0.270000 0.389900 0.291400 0.246900 0.172000 0.211600
GazellaPrz 0.279200 0.932100 0.229900 1.059100 0.133800 0.136700 0.268200 0.000000 0.237000 0.338600 0.097700 0.336800 0.100800 0.295000 0.224400 0.124800 0.496000 0.486900 0.064800 0.237000 0.156800 0.136700 0.380400 0.454600 0.097700 0.124000 0.100800 0.271500 0.215600 0.237000 0.338600 0.295000 0.596300 0.064600 0.173300 0.258700 0.097700 0.133800 0.094400 0.434800 0.429400 0.124000 0.338600 0.489400 0.258500 0.139300 0.126400 0.330900 0.208500 0.250300 0.272800 0.308000
MountainNy 0.401400 0.690400 0.000100 0.674800 0.164500 0.168800 0.131100 0.237000 0.000000 0.198200 0.209500 0.248400 0.124200 0.166400 0.085100 0.235300 0.377400 0.330900 0.167300 0.000000 0.277300 0.168800 0.246700 0.331900 0.209500 0.233500 0.124200 0.041500 0.348400 0.000000 0.198200 0.166400 0.343500 0.165700 0.214900 0.125700 0.209500 0.164500 0.198600 0.437600 0.299600 0.233500 0.198200 0.373400 0.125400 0.173300 0.239800 0.352900 0.207800 0.212400 0.041800 0.082900
MuntiacusM 0.538500 0.648200 0.191200 0.801900 0.266800 0.274600 0.237400 0.338600 0.198200 0.000000 0.319900 0.496300 0.224100 0.269900 0.184900 0.340000 0.177000 0.288400 0.271200 0.198200 0.384400 0.274600 0.046900 0.133500 0.319900 0.335600 0.224100 0.241600 0.458100 0.198200 0.000000 0.269900 0.242100 0.268400 0.326500 0.335100 0.319900 0.266800 0.299500 0.223400 0.093200 0.335600 0.000000 0.174900 0.334600 0.282800 0.344100 0.492600 0.375800 0.219300 0.241700 0.283400
goat 0.256300 0.742200 0.201600 1.093600 0.105800 0.107600 0.241500 0.097700 0.209500 0.319900 0.000000 0.316200 0.070500 0.270300 0.197800 0.169600 0.478000 0.475300 0.107400 0.209500 0.203300 0.034400 0.364900 0.442500 0.000000 0.167200 0.070500 0.246400 0.265800 0.209500 0.319900 0.270300 0.579200 0.105700 0.145300 0.232200 0.000000 0.105800 0.136000 0.423200 0.416600 0.167200 0.319900 0.480200 0.233700 0.109800 0.170800 0.212300 0.183100 0.226600 0.247500 0.284600
AfricanBuf 0.102300 0.945000 0.244200 0.924700 0.217400 0.322200 0.393300 0.336800 0.248400 0.496300 0.316200 0.000000 0.273100 0.421300 0.334700 0.379500 0.683500 0.555800 0.313400 0.248400 0.424200 0.322200 0.544800 0.615600 0.316200 0.376400 0.273100 0.287700 0.497100 0.248400 0.496300 0.421300 0.522600 0.314800 0.369300 0.276700 0.316200 0.217400 0.342900 0.684200 0.610100 0.376400 0.496300 0.654300 0.273200 0.329600 0.385400 0.102000 0.365700 0.478100 0.288400 0.324400
Topi 0.310000 0.772400 0.119700 0.869400 0.035100 0.111300 0.159400 0.100800 0.124200 0.224100 0.070500 0.273100 0.000000 0.190600 0.117600 0.100500 0.382800 0.387000 0.035500 0.124200 0.133900 0.034400 0.268100 0.345700 0.070500 0.099300 0.000000 0.161800 0.196100 0.124200 0.224100 0.190600 0.468800 0.035000 0.072100 0.153100 0.070500 0.035100 0.065400 0.441600 0.316400 0.099300 0.224100 0.383100 0.154100 0.035200 0.101500 0.265900 0.108300 0.149000 0.163000 0.201000
CommonDuik 0.460100 0.853800 0.160300 0.645100 0.229700 0.232900 0.114700 0.295000 0.166400 0.269900 0.270300 0.421300 0.190600 0.000000 0.158300 0.293000 0.429200 0.429200 0.233200 0.166400 0.331500 0.232900 0.213400 0.392600 0.270300 0.289200 0.190600 0.203400 0.309000 0.166400 0.269900 0.000000 0.294500 0.229600 0.276900 0.193500 0.270300 0.229700 0.257700 0.491200 0.258700 0.289200 0.269900 0.430000 0.194800 0.238400 0.212800 0.418500 0.319400 0.188500 0.205100 0.243000
Suni 0.374500 0.738600 0.082700 0.844300 0.156200 0.159500 0.124500 0.224400 0.085100 0.184900 0.197800 0.334700 0.117600 0.158300 0.000000 0.222300 0.351800 0.355500 0.158500 0.085100 0.263000 0.159500 0.230600 0.213100 0.197800 0.221600 0.117600 0.124400 0.329400 0.085100 0.184900 0.158200 0.439700 0.157100 0.117000 0.208600 0.197800 0.156200 0.108900 0.303500 0.279600 0.221600 0.184900 0.251300 0.208100 0.163400 0.227600 0.335000 0.242600 0.200200 0.125700 0.165100
Springbuck 0.414300 0.931400 0.228800 1.046700 0.133200 0.213800 0.266300 0.124800 0.235300 0.340000 0.169600 0.379500 0.100500 0.293000 0.222300 0.000000 0.494700 0.487300 0.134800 0.235300 0.090700 0.136300 0.381900 0.451800 0.169600 0.059900 0.100500 0.269500 0.085900 0.235300 0.340000 0.293000 0.592800 0.134000 0.172500 0.256500 0.169600 0.133200 0.094100 0.548400 0.430200 0.059900 0.340000 0.487200 0.256100 0.139000 0.125900 0.373900 0.207800 0.249800 0.270400 0.304900
Okapi 0.722900 0.885900 0.359700 1.111300 0.427200 0.435000 0.403100 0.496000 0.377400 0.177000 0.478000 0.683500 0.382800 0.429200 0.351800 0.494700 0.000000 0.176700 0.434600 0.377400 0.484000 0.435000 0.220200 0.296100 0.478000 0.483500 0.382800 0.306400 0.608100 0.377400 0.177000 0.429200 0.412000 0.426400 0.488700 0.502800 0.478000 0.427200 0.450600 0.384800 0.266300 0.483500 0.177000 0.336700 0.507800 0.447200 0.496400 0.685300 0.547300 0.379400 0.416200 0.346700
Giraffe 0.650300 0.729100 0.320400 1.013900 0.423600 0.435700 0.405800 0.486900 0.330900 0.288400 0.475300 0.555800 0.387000 0.429200 0.355500 0.487300 0.176700 0.000000 0.430100 0.330900 0.529300 0.435700 0.328100 0.394700 0.475300 0.480500 0.387000 0.271900 0.597100 0.330900 0.288400 0.429200 0.466600 0.426800 0.483100 0.446800 0.475300 0.423600 0.449600 0.484900 0.372400 0.480500 0.288400 0.432700 0.446700 0.445500 0.491700 0.614800 0.425400 0.381900 0.365500 0.307000
TibetanAnt 0.254100 0.856000 0.162300 0.957900 0.070600 0.072000 0.203000 0.064800 0.167300 0.271200 0.107400 0.313400 0.035500 0.233200 0.158500 0.134800 0.434600 0.430100 0.000000 0.167300 0.170000 0.072000 0.316100 0.393100 0.107400 0.134100 0.035500 0.204500 0.232600 0.167300 0.271200 0.233200 0.532500 0.000100 0.109700 0.195500 0.107400 0.070600 0.102500 0.483100 0.366500 0.134100 0.271200 0.430200 0.195200 0.073600 0.137400 0.306000 0.145600 0.187300 0.206100 0.244200
Sitatunga 0.401400 0.690400 0.000100 0.674800 0.164500 0.168800 0.131100 0.237000 0.000000 0.198200 0.209500 0.248400 0.124200 0.166400 0.085100 0.235300 0.377400 0.330900 0.167300 0.000000 0.277300 0.168800 0.246700 0.331900 0.209500 0.233500 0.124200 0.041500 0.348400 0.000000 0.198200 0.166400 0.343500 0.165700 0.214900 0.125700 0.209500 0.164500 0.198600 0.437600 0.299600 0.233500 0.198200 0.373400 0.125400 0.173300 0.239800 0.352900 0.207800 0.212400 0.041800 0.082900
Oribi 0.459700 1.020600 0.267300 1.163800 0.167800 0.249400 0.305600 0.156800 0.277300 0.384400 0.203300 0.424200 0.133900 0.331500 0.263000 0.090700 0.484000 0.529300 0.170000 0.277300 0.000000 0.170200 0.427000 0.500800 0.203300 0.089800 0.133900 0.311300 0.178200 0.277300 0.384400 0.331500 0.642700 0.167800 0.207300 0.295300 0.203300 0.167800 0.125500 0.600300 0.369300 0.089800 0.384400 0.536400 0.297200 0.173500 0.157700 0.420200 0.244000 0.287800 0.313100 0.348300
BarbaryShe 0.261300 0.678600 0.162500 0.993600 0.071200 0.072300 0.202700 0.136700 0.168800 0.274600 0.034400 0.322200 0.034400 0.232900 0.159500 0.136300 0.435000 0.435700 0.072000 0.168800 0.170200 0.000000 0.319600 0.396800 0.032900 0.134500 0.034300 0.206500 0.233000 0.168800 0.274600 0.232900 0.529900 0.071100 0.109800 0.194800 0.034400 0.071200 0.102800 0.496800 0.369800 0.134500 0.274600 0.434600 0.196000 0.073800 0.137500 0.216600 0.147200 0.189800 0.207600 0.245600
Daviddeer 0.586600 0.715700 0.238000 0.650800 0.310500 0.319600 0.283900 0.380400 0.246700 0.046900 0.364900 0.544800 0.268100 0.213400 0.230600 0.381900 0.220200 0.328100 0.316100 0.246700 0.427000 0.319600 0.000000 0.177300 0.364900 0.377000 0.268100 0.288900 0.394100 0.246700 0.046900 0.213400 0.183100 0.312600 0.372400 0.271600 0.364900 0.310500 0.341800 0.266700 0.044600 0.377000 0.046900 0.217900 0.271400 0.328900 0.285800 0.541000 0.421700 0.262500 0.289100 0.329800
Reindeer 0.656300 0.806000 0.320100 0.994300 0.387300 0.396800 0.365400 0.454600 0.331900 0.133500 0.442500 0.615600 0.345700 0.392600 0.213100 0.451800 0.296100 0.394700 0.393100 0.331900 0.500800 0.396800 0.177300 0.000000 0.442500 0.351000 0.345700 0.370600 0.570700 0.331900 0.133500 0.392600 0.371800 0.390200 0.343900 0.465600 0.442500 0.387300 0.318100 0.077000 0.223500 0.351000 0.133500 0.037500 0.464900 0.407800 0.461600 0.611800 0.498700 0.337800 0.267200 0.306700
Ibex 0.256300 0.742200 0.201600 1.093600 0.105800 0.107600 0.241500 0.097700 0.209500 0.319900 0.000000 0.316200 0.070500 0.270300 0.197800 0.169600 0.478000 0.475300 0.107400 0.209500 0.203300 0.032900 0.364900 0.442500 0.000000 0.167200 0.070500 0.246400 0.265800 0.209500 0.319900 0.270300 0.579200 0.105700 0.145300 0.232200 0.000000 0.105800 0.136000 0.423200 0.416600 0.167200 0.319900 0.480200 0.233700 0.109800 0.170800 0.212300 0.183100 0.226600 0.247500 0.284600
GyrantGaze 0.411000 0.906400 0.225300 1.016400 0.132600 0.210600 0.262700 0.124000 0.233500 0.335600 0.167200 0.376400 0.099300 0.289200 0.221600 0.059900 0.483500 0.480500 0.134100 0.233500 0.089800 0.134500 0.377000 0.351000 0.167200 0.000000 0.099300 0.267300 0.146700 0.233500 0.335600 0.289200 0.577900 0.132500 0.170400 0.253600 0.167200 0.132600 0.093100 0.438300 0.425200 0.000000 0.335600 0.385500 0.255200 0.137100 0.124600 0.371900 0.206000 0.247600 0.268700 0.303400
Hartebeest 0.310000 0.772400 0.119700 0.869400 0.035100 0.111300 0.159400 0.100800 0.124200 0.224100 0.070500 0.273100 0.000000 0.190600 0.117600 0.100500 0.382800 0.387000 0.035500 0.124200 0.133900 0.034300 0.268100 0.345700 0.070500 0.099300 0.000000 0.161800 0.196100 0.124200 0.224100 0.190600 0.468800 0.035000 0.072100 0.153100 0.070500 0.035100 0.067500 0.441600 0.316400 0.099300 0.224100 0.383100 0.154100 0.035000 0.101500 0.265900 0.108300 0.149000 0.163000 0.201000
Bongo 0.439300 0.740400 0.040800 0.731400 0.201000 0.206500 0.170500 0.271500 0.041500 0.241600 0.246400 0.287700 0.161800 0.203400 0.124400 0.269500 0.306400 0.271900 0.204500 0.041500 0.311300 0.206500 0.288900 0.370600 0.246400 0.267300 0.161800 0.000000 0.381200 0.041500 0.241600 0.203400 0.384000 0.202500 0.252200 0.163500 0.246400 0.201000 0.233500 0.475800 0.341400 0.267300 0.241600 0.415300 0.163100 0.211700 0.274300 0.393500 0.244200 0.249900 0.081400 0.121000
Gerenuk 0.532100 1.133400 0.335400 0.992300 0.229400 0.314200 0.373000 0.215600 0.348400 0.458100 0.265800 0.497100 0.196100 0.309000 0.329400 0.085900 0.608100 0.597100 0.232600 0.348400 0.178200 0.233000 0.394100 0.570700 0.265800 0.146700 0.196100 0.381200 0.000000 0.348400 0.458100 0.309000 0.588300 0.229500 0.270200 0.275000 0.265800 0.229400 0.184400 0.671800 0.440300 0.146700 0.458100 0.604900 0.276700 0.237200 0.148900 0.493800 0.308500 0.352900 0.382300 0.415500
CommonElan 0.401400 0.690400 0.000100 0.674800 0.164500 0.168800 0.131100 0.237000 0.000000 0.198200 0.209500 0.248400 0.124200 0.166400 0.085100 0.235300 0.377400 0.330900 0.167300 0.000000 0.277300 0.168800 0.246700 0.331900 0.209500 0.233500 0.124200 0.041500 0.348400 0.000000 0.198200 0.166400 0.343500 0.165700 0.214900 0.125700 0.209500 0.164500 0.198600 0.437600 0.299600 0.233500 0.198200 0.373400 0.125400 0.173300 0.239800 0.352900 0.207800 0.212400 0.041800 0.082900
MuntiacusR 0.538500 0.648200 0.191200 0.801900 0.266800 0.274600 0.237400 0.338600 0.198200 0.000000 0.319900 0.496300 0.224100 0.269900 0.184900 0.340000 0.177000 0.288400 0.271200 0.198200 0.384400 0.274600 0.046900 0.133500 0.319900 0.335600 0.224100 0.241600 0.458100 0.198200 0.000000 0.269900 0.242100 0.268400 0.326500 0.335100 0.319900 0.266800 0.299500 0.223400 0.093200 0.335600 0.000000 0.174900 0.334600 0.282800 0.344100 0.492600 0.375800 0.219300 0.241700 0.283400
HarveysDui 0.460100 0.853800 0.160300 0.645100 0.229700 0.232900 0.114700 0.295000 0.166400 0.269900 0.270300 0.421300 0.190600 0.000000 0.158200 0.293000 0.429200 0.429200 0.233200 0.166400 0.331500 0.232900 0.213400 0.392600 0.270300 0.289200 0.190600 0.203400 0.309000 0.166400 0.269900 0.000000 0.294500 0.229600 0.276900 0.193500 0.270300 0.229700 0.257700 0.491200 0.258700 0.289200 0.269900 0.430000 0.194800 0.238400 0.212800 0.418500 0.319400 0.188500 0.205100 0.243000
Pronghorn 0.710500 0.738400 0.327600 0.526400 0.401500 0.529900 0.372200 0.596300 0.343500 0.242100 0.579200 0.522600 0.468800 0.294500 0.439700 0.592800 0.412000 0.466600 0.532500 0.343500 0.642700 0.529900 0.183100 0.371800 0.579200 0.577900 0.468800 0.384000 0.588300 0.343500 0.242100 0.294500 0.000000 0.518700 0.592900 0.256000 0.579200 0.401500 0.542200 0.471000 0.230700 0.577900 0.242100 0.412000 0.258300 0.545800 0.472400 0.670900 0.596100 0.464100 0.384800 0.424400
BlueWildeb 0.255900 0.840100 0.159600 0.953200 0.070200 0.071100 0.199600 0.064600 0.165700 0.268400 0.105700 0.314800 0.035000 0.229600 0.157100 0.134000 0.426400 0.426800 0.000100 0.165700 0.167800 0.071100 0.312600 0.390200 0.105700 0.132500 0.035000 0.202500 0.229500 0.165700 0.268400 0.229600 0.518700 0.000000 0.108200 0.192100 0.105700 0.070200 0.101300 0.487400 0.362200 0.132500 0.268400 0.426900 0.193400 0.072600 0.135700 0.308600 0.144500 0.186500 0.204300 0.242100
Gemsbok 0.406900 0.769400 0.206600 0.853500 0.108300 0.191400 0.247800 0.173300 0.214900 0.326500 0.145300 0.369300 0.072100 0.276900 0.117000 0.172500 0.488700 0.483100 0.109700 0.214900 0.207300 0.109800 0.372400 0.343900 0.145300 0.170400 0.072100 0.252200 0.270200 0.214900 0.326500 0.276900 0.592900 0.108200 0.000000 0.238200 0.145300 0.108300 0.065500 0.439200 0.425500 0.170400 0.326500 0.381200 0.239800 0.036100 0.174400 0.364300 0.186600 0.231400 0.253900 0.292100
Yak 0.420900 0.684400 0.121200 0.497800 0.110900 0.287400 0.254600 0.258700 0.125700 0.335100 0.232200 0.276700 0.153100 0.193500 0.208600 0.256500 0.502800 0.446800 0.195500 0.125700 0.295300 0.194800 0.271600 0.465600 0.232200 0.253600 0.153100 0.163500 0.275000 0.125700 0.335100 0.193500 0.256000 0.192100 0.238200 0.000000 0.232200 0.110900 0.221600 0.573800 0.321000 0.253600 0.335100 0.504100 0.000100 0.199200 0.178100 0.375800 0.235400 0.236900 0.165300 0.204000
BlueSheep 0.256300 0.742200 0.201600 1.093600 0.105800 0.107600 0.241500 0.097700 0.209500 0.319900 0.000000 0.316200 0.070500 0.270300 0.197800 0.169600 0.478000 0.475300 0.107400 0.209500 0.203300 0.034400 0.364900 0.442500 0.000000 0.167200 0.070500 0.246400 0.265800 0.209500 0.319900 0.270300 0.579200 0.105700 0.145300 0.232200 0.000000 0.105800 0.135400 0.423200 0.416600 0.167200 0.319900 0.480200 0.233700 0.109800 0.170800 0.212300 0.183100 0.226600 0.247500 0.284600
BohorReedb 0.258400 0.649600 0.160000 0.716100 0.000000 0.148600 0.199800 0.133800 0.164500 0.266800 0.105800 0.217400 0.035100 0.229700 0.156200 0.133200 0.427200 0.423600 0.070600 0.164500 0.167800 0.071200 0.310500 0.387300 0.105800 0.132600 0.035100 0.201000 0.229400 0.164500 0.266800 0.229700 0.401500 0.070200 0.108300 0.110900 0.105800 0.000000 0.101400 0.483300 0.359500 0.132600 0.266800 0.423800 0.110800 0.072700 0.135700 0.208000 0.143500 0.185400 0.202700 0.240200
KirksDik 0.378300 0.869200 0.191500 0.964300 0.101400 0.178700 0.229800 0.094400 0.198600 0.299500 0.136000 0.342900 0.065400 0.257700 0.108900 0.094100 0.450600 0.449600 0.102500 0.198600 0.125500 0.102800 0.341800 0.318100 0.136000 0.093100 0.067500 0.233500 0.184400 0.198600 0.299500 0.257700 0.542200 0.101300 0.065500 0.221600 0.135400 0.101400 0.000000 0.405700 0.389900 0.093100 0.299500 0.353100 0.223000 0.103600 0.093700 0.337700 0.174500 0.215800 0.235100 0.271000
RoeDeer 0.723800 0.995000 0.421100 1.499500 0.483300 0.496800 0.466800 0.434800 0.437600 0.223400 0.423200 0.684200 0.441600 0.491200 0.303500 0.548400 0.384800 0.484900 0.483100 0.437600 0.600300 0.496800 0.266700 0.077000 0.423200 0.438300 0.441600 0.475800 0.671800 0.437600 0.223400 0.491200 0.471000 0.487400 0.439200 0.573800 0.423200 0.483300 0.405700 0.000000 0.314600 0.438300 0.223400 0.113700 0.573000 0.511100 0.559100 0.681400 0.608400 0.431900 0.364200 0.402800
WhiteLippe 0.652800 0.799100 0.288500 0.738600 0.359500 0.369800 0.335300 0.429400 0.299600 0.093200 0.416600 0.610100 0.316400 0.258700 0.279600 0.430200 0.266300 0.372400 0.366500 0.299600 0.369300 0.369800 0.044600 0.223500 0.416600 0.425200 0.316400 0.341400 0.440300 0.299600 0.093200 0.258700 0.230700 0.362200 0.425500 0.321000 0.416600 0.359500 0.389900 0.314600 0.000000 0.425200 0.093200 0.263700 0.320600 0.380800 0.330800 0.608000 0.477100 0.309400 0.342000 0.382700
ThomsonGaz 0.411000 0.906400 0.225300 1.016400 0.132600 0.210600 0.262700 0.124000 0.233500 0.335600 0.167200 0.376400 0.099300 0.289200 0.221600 0.059900 0.483500 0.480500 0.134100 0.233500 0.089800 0.134500 0.377000 0.351000 0.167200 0.000000 0.099300 0.267300 0.146700 0.233500 0.335600 0.289200 0.577900 0.132500 0.170400 0.253600 0.167200 0.132600 0.093100 0.438300 0.425200 0.000000 0.335600 0.385500 0.255200 0.137100 0.124600 0.371900 0.206000 0.247600 0.268700 0.303400
MuntiacusC 0.538500 0.648200 0.191200 0.801900 0.266800 0.274600 0.237400 0.338600 0.198200 0.000000 0.319900 0.496300 0.224100 0.269900 0.184900 0.340000 0.177000 0.288400 0.271200 0.198200 0.384400 0.274600 0.046900 0.133500 0.319900 0.335600 0.224100 0.241600 0.458100 0.198200 0.000000 0.269900 0.242100 0.268400 0.326500 0.335100 0.319900 0.266800 0.299500 0.223400 0.093200 0.335600 0.000000 0.174900 0.334600 0.282800 0.344100 0.492600 0.375800 0.219300 0.241700 0.283400
WhiteTaile 0.693100 0.857700 0.360100 1.052100 0.423800 0.434600 0.406000 0.489400 0.373400 0.174900 0.480200 0.654300 0.383100 0.430000 0.251300 0.487200 0.336700 0.432700 0.430200 0.373400 0.536400 0.434600 0.217900 0.037500 0.480200 0.385500 0.383100 0.415300 0.604900 0.373400 0.174900 0.430000 0.412000 0.426900 0.381200 0.504100 0.480200 0.423800 0.353100 0.113700 0.263700 0.385500 0.174900 0.000000 0.503500 0.446400 0.497100 0.650300 0.537700 0.374900 0.307100 0.345000
Cattle 0.417900 0.683000 0.122000 0.497000 0.110800 0.289400 0.256700 0.258500 0.125400 0.334600 0.233700 0.273200 0.154100 0.194800 0.208100 0.256100 0.507800 0.446700 0.195200 0.125400 0.297200 0.196000 0.271400 0.464900 0.233700 0.255200 0.154100 0.163100 0.276700 0.125400 0.334600 0.194800 0.258300 0.193400 0.239800 0.000100 0.233700 0.110800 0.223000 0.573000 0.320600 0.255200 0.334600 0.503500 0.000000 0.200600 0.179100 0.371800 0.235100 0.236600 0.164900 0.203600
RoyalAntel 0.367400 0.706000 0.166600 0.789300 0.072700 0.154200 0.207800 0.139300 0.173300 0.282800 0.109800 0.329600 0.035200 0.238400 0.163400 0.139000 0.447200 0.445500 0.073600 0.173300 0.173500 0.073800 0.328900 0.407800 0.109800 0.137100 0.035000 0.211700 0.237200 0.173300 0.282800 0.238400 0.545800 0.072600 0.036100 0.199200 0.109800 0.072700 0.103600 0.511100 0.380800 0.137100 0.282800 0.446400 0.200600 0.000000 0.140200 0.323600 0.150300 0.194100 0.213000 0.251700
Steenbok 0.421300 0.942200 0.231100 0.816700 0.135700 0.215500 0.270000 0.126400 0.239800 0.344100 0.170800 0.385400 0.101500 0.212800 0.227600 0.125900 0.496400 0.491700 0.137400 0.239800 0.157700 0.137500 0.285800 0.461600 0.170800 0.124600 0.101500 0.274300 0.148900 0.239800 0.344100 0.212800 0.472400 0.135700 0.174400 0.178100 0.170800 0.135700 0.093700 0.559100 0.330800 0.124600 0.344100 0.497100 0.179100 0.140200 0.000000 0.380800 0.210400 0.253400 0.276400 0.312400
Impala 0.065000 0.858400 0.344800 1.292600 0.208000 0.216600 0.389900 0.330900 0.352900 0.492600 0.212300 0.102000 0.265900 0.418500 0.335000 0.373900 0.685300 0.614800 0.306000 0.352900 0.420200 0.216600 0.541000 0.611800 0.212300 0.371900 0.265900 0.393500 0.493800 0.352900 0.492600 0.418500 0.670900 0.308600 0.364300 0.375800 0.212300 0.208000 0.337700 0.681400 0.608000 0.371900 0.492600 0.650300 0.371800 0.323600 0.380800 0.000000 0.411800 0.474300 0.393800 0.430100
Klipspring 0.453800 0.955400 0.204800 1.112300 0.143500 0.231800 0.291400 0.208500 0.207800 0.375800 0.183100 0.365700 0.108300 0.319400 0.242600 0.207800 0.547300 0.425400 0.145600 0.207800 0.244000 0.147200 0.421700 0.498700 0.183100 0.206000 0.108300 0.244200 0.308500 0.207800 0.375800 0.319400 0.596100 0.144500 0.186600 0.235400 0.183100 0.143500 0.174500 0.608400 0.477100 0.206000 0.375800 0.537700 0.235100 0.150300 0.210400 0.411800 0.000000 0.271100 0.245300 0.284100
ForestMusk 0.518000 0.755200 0.205900 0.892400 0.185400 0.279700 0.246900 0.250300 0.212400 0.219300 0.226600 0.478100 0.149000 0.188500 0.200200 0.249800 0.379400 0.381900 0.187300 0.212400 0.287800 0.189800 0.262500 0.337800 0.226600 0.247600 0.149000 0.249900 0.352900 0.212400 0.219300 0.188500 0.464100 0.186500 0.231400 0.236900 0.226600 0.185400 0.215800 0.431900 0.309400 0.247600 0.219300 0.374900 0.236600 0.194100 0.253400 0.474300 0.271100 0.000000 0.250800 0.289400
Bushbuck 0.440200 0.732300 0.041100 0.721400 0.202700 0.207600 0.172000 0.272800 0.041800 0.241700 0.247500 0.288400 0.163000 0.205100 0.125700 0.270400 0.416200 0.365500 0.206100 0.041800 0.313100 0.207600 0.289100 0.267200 0.247500 0.268700 0.163000 0.081400 0.382300 0.041800 0.241700 0.205100 0.384800 0.204300 0.253900 0.165300 0.247500 0.202700 0.235100 0.364200 0.342000 0.268700 0.241700 0.307100 0.164900 0.213000 0.276400 0.393800 0.245300 0.250800 0.000000 0.039400
GreaterKud 0.476300 0.772800 0.080900 0.767900 0.240200 0.245600 0.211600 0.308000 0.082900 0.283400 0.284600 0.324400 0.201000 0.243000 0.165100 0.304900 0.346700 0.307000 0.244200 0.082900 0.348300 0.245600 0.329800 0.306700 0.284600 0.303400 0.201000 0.121000 0.415500 0.082900 0.283400 0.243000 0.424400 0.242100 0.292100 0.204000 0.284600 0.240200 0.271000 0.402800 0.382700 0.303400 0.283400 0.345000 0.203600 0.251700 0.312400 0.430100 0.284100 0.289400 0.039400 0.000000
