CODONML (in paml version 4.10.7, June 2023)  /home/rachel/ruminants_paml/6406-phy-tree/ENSBTAT00000027395.fasta.phy
Model: free dN/dS Ratios for branches,  kappa = 2.000 fixed

Codon frequency model: F3x4
ns =  54  ls =  37

Codon usage in sequences
--------------------------------------------------------------------------------------------------------------------------------------
Phe TTT   0   0   1   0   0   0 | Ser TCT   0   0   0   0   0   0 | Tyr TAT   0   0   0   0   0   0 | Cys TGT   0   0   0   0   0   0
    TTC   1   1   0   1   1   1 |     TCC   0   0   0   0   0   0 |     TAC   0   0   0   0   0   0 |     TGC   0   0   0   0   0   0
Leu TTA   0   0   0   0   0   0 |     TCA   0   0   0   0   0   0 | *** TAA   0   0   0   0   0   0 | *** TGA   0   0   0   0   0   0
    TTG   0   0   0   0   0   0 |     TCG   0   0   0   0   0   0 |     TAG   0   0   0   0   0   0 | Trp TGG   1   1   1   1   1   1
--------------------------------------------------------------------------------------------------------------------------------------
Leu CTT   0   0   0   0   0   0 | Pro CCT   0   0   0   1   0   0 | His CAT   0   0   0   0   0   0 | Arg CGT   0   0   0   0   0   0
    CTC   0   0   0   0   0   0 |     CCC   3   3   3   2   3   3 |     CAC   0   0   0   0   0   0 |     CGC   0   0   0   0   0   0
    CTA   0   0   0   0   0   0 |     CCA   3   3   3   2   2   3 | Gln CAA   0   0   0   0   0   0 |     CGA   0   0   0   0   0   0
    CTG   1   1   1   2   1   1 |     CCG   2   1   2   2   2   2 |     CAG   4   4   4   4   4   4 |     CGG   0   0   0   0   0   0
--------------------------------------------------------------------------------------------------------------------------------------
Ile ATT   0   0   0   0   0   0 | Thr ACT   0   0   0   0   0   1 | Asn AAT   1   1   1   1   1   2 | Ser AGT   0   0   0   0   0   0
    ATC   1   2   1   1   2   2 |     ACC   2   2   2   2   2   1 |     AAC   2   2   2   2   2   1 |     AGC   2   2   2   2   2   2
    ATA   0   0   0   0   0   0 |     ACA   0   0   0   0   0   0 | Lys AAA   0   1   0   0   1   1 | Arg AGA   0   0   0   0   0   0
Met ATG   0   0   0   0   0   0 |     ACG   0   1   0   0   1   0 |     AAG   1   0   1   1   0   0 |     AGG   1   1   1   1   1   1
--------------------------------------------------------------------------------------------------------------------------------------
Val GTT   0   0   0   1   0   0 | Ala GCT   0   0   0   0   0   0 | Asp GAT   0   0   0   0   0   0 | Gly GGT   1   1   0   0   0   0
    GTC   2   1   2   1   1   1 |     GCC   1   1   1   1   1   1 |     GAC   1   1   1   2   1   1 |     GGC   1   1   2   2   2   2
    GTA   0   0   0   0   0   0 |     GCA   2   2   2   2   1   1 | Glu GAA   0   0   0   0   0   0 |     GGA   0   0   0   0   0   0
    GTG   2   2   2   2   2   2 |     GCG   0   0   0   0   1   1 |     GAG   1   1   1   0   1   1 |     GGG   1   1   1   1   1   1
--------------------------------------------------------------------------------------------------------------------------------------

--------------------------------------------------------------------------------------------------------------------------------------
Phe TTT   0   0   0   0   1   0 | Ser TCT   0   0   0   0   0   0 | Tyr TAT   0   0   0   0   0   0 | Cys TGT   0   0   0   0   0   0
    TTC   1   1   1   1   0   1 |     TCC   0   0   0   0   0   0 |     TAC   0   0   0   0   0   0 |     TGC   0   0   0   0   0   0
Leu TTA   0   0   0   0   0   0 |     TCA   0   0   0   0   0   0 | *** TAA   0   0   0   0   0   0 | *** TGA   0   0   0   0   0   0
    TTG   0   0   0   0   0   0 |     TCG   0   0   0   0   0   0 |     TAG   0   0   0   0   0   0 | Trp TGG   1   1   1   1   1   1
--------------------------------------------------------------------------------------------------------------------------------------
Leu CTT   0   0   0   0   0   0 | Pro CCT   0   0   0   0   0   0 | His CAT   0   0   0   0   0   0 | Arg CGT   0   0   0   0   0   0
    CTC   0   0   0   0   0   0 |     CCC   3   3   3   3   3   3 |     CAC   0   0   0   0   0   0 |     CGC   0   0   0   0   0   0
    CTA   0   0   0   0   0   0 |     CCA   3   3   2   2   3   2 | Gln CAA   0   0   0   0   0   0 |     CGA   0   0   0   0   0   0
    CTG   1   1   1   1   1   1 |     CCG   2   2   3   3   2   3 |     CAG   4   4   4   4   4   4 |     CGG   0   0   0   0   0   0
--------------------------------------------------------------------------------------------------------------------------------------
Ile ATT   0   0   0   0   0   0 | Thr ACT   0   0   0   0   0   0 | Asn AAT   1   1   1   1   1   2 | Ser AGT   0   0   0   1   0   0
    ATC   3   1   1   1   1   1 |     ACC   1   2   2   2   2   2 |     AAC   2   2   2   2   2   1 |     AGC   2   2   2   1   2   2
    ATA   0   0   0   0   0   0 |     ACA   0   0   0   0   0   0 | Lys AAA   0   0   0   0   0   0 | Arg AGA   0   0   0   0   0   0
Met ATG   0   0   0   0   0   0 |     ACG   0   0   0   0   0   0 |     AAG   1   1   1   1   1   1 |     AGG   1   1   1   1   1   1
--------------------------------------------------------------------------------------------------------------------------------------
Val GTT   0   0   0   0   1   1 | Ala GCT   0   0   0   1   0   0 | Asp GAT   0   0   0   0   0   0 | Gly GGT   0   1   0   0   0   1
    GTC   1   2   2   2   1   1 |     GCC   1   1   1   0   1   2 |     GAC   1   1   1   1   1   1 |     GGC   2   1   2   2   2   1
    GTA   0   0   0   0   0   0 |     GCA   2   2   2   2   2   1 | Glu GAA   0   0   0   0   0   0 |     GGA   0   0   0   0   0   0
    GTG   2   2   2   2   2   2 |     GCG   0   0   0   0   0   0 |     GAG   1   1   1   1   1   1 |     GGG   1   1   1   1   1   1
--------------------------------------------------------------------------------------------------------------------------------------

--------------------------------------------------------------------------------------------------------------------------------------
Phe TTT   0   1   0   0   0   0 | Ser TCT   0   0   0   0   0   0 | Tyr TAT   0   0   0   0   0   0 | Cys TGT   0   0   0   0   0   0
    TTC   1   0   1   1   1   1 |     TCC   0   0   0   0   0   0 |     TAC   0   0   0   0   0   0 |     TGC   0   0   0   0   0   0
Leu TTA   0   0   0   0   0   0 |     TCA   0   0   0   0   0   0 | *** TAA   0   0   0   0   0   0 | *** TGA   0   0   0   0   0   0
    TTG   0   0   0   0   0   0 |     TCG   0   0   0   0   0   0 |     TAG   0   0   0   0   0   0 | Trp TGG   1   1   1   1   1   1
--------------------------------------------------------------------------------------------------------------------------------------
Leu CTT   0   0   0   0   0   0 | Pro CCT   0   0   0   0   0   0 | His CAT   0   0   0   0   0   0 | Arg CGT   0   0   0   0   0   0
    CTC   0   0   0   0   0   0 |     CCC   3   3   3   3   2   3 |     CAC   0   0   0   0   0   0 |     CGC   0   0   0   0   0   0
    CTA   0   0   0   0   0   0 |     CCA   3   2   4   2   3   3 | Gln CAA   0   0   0   0   0   0 |     CGA   0   0   0   0   0   0
    CTG   1   1   1   1   2   1 |     CCG   2   3   1   3   2   2 |     CAG   4   4   4   4   4   4 |     CGG   0   0   0   0   0   0
--------------------------------------------------------------------------------------------------------------------------------------
Ile ATT   0   0   0   0   0   0 | Thr ACT   0   0   0   0   0   0 | Asn AAT   1   2   2   1   1   1 | Ser AGT   0   1   0   0   0   1
    ATC   1   1   1   2   1   1 |     ACC   2   2   2   2   2   2 |     AAC   2   1   1   2   2   2 |     AGC   2   1   2   2   2   1
    ATA   0   0   0   0   0   0 |     ACA   0   0   0   0   0   0 | Lys AAA   0   0   0   0   0   0 | Arg AGA   0   0   0   0   0   0
Met ATG   0   0   0   0   0   0 |     ACG   0   0   0   0   0   0 |     AAG   1   1   1   1   1   1 |     AGG   1   1   1   1   1   1
--------------------------------------------------------------------------------------------------------------------------------------
Val GTT   0   0   0   0   1   0 | Ala GCT   0   0   0   0   0   0 | Asp GAT   0   0   0   0   0   0 | Gly GGT   0   0   0   0   0   0
    GTC   2   2   2   1   1   2 |     GCC   1   1   1   1   2   1 |     GAC   1   1   1   1   1   1 |     GGC   2   2   2   2   2   2
    GTA   0   0   0   0   0   0 |     GCA   2   2   2   2   1   2 | Glu GAA   0   0   0   0   0   0 |     GGA   0   0   0   0   0   0
    GTG   2   2   2   2   2   2 |     GCG   0   0   0   0   0   0 |     GAG   1   1   1   1   1   1 |     GGG   1   1   1   1   1   1
--------------------------------------------------------------------------------------------------------------------------------------

--------------------------------------------------------------------------------------------------------------------------------------
Phe TTT   0   0   0   1   0   0 | Ser TCT   0   0   0   0   0   0 | Tyr TAT   0   0   0   0   0   0 | Cys TGT   0   0   0   0   0   0
    TTC   1   1   1   0   1   1 |     TCC   0   0   0   0   0   0 |     TAC   0   0   0   0   0   0 |     TGC   0   0   0   0   0   0
Leu TTA   0   0   0   0   0   0 |     TCA   0   0   0   0   0   0 | *** TAA   0   0   0   0   0   0 | *** TGA   0   0   0   0   0   0
    TTG   0   0   0   0   0   0 |     TCG   0   0   0   0   0   0 |     TAG   0   0   0   0   0   0 | Trp TGG   1   1   1   1   1   1
--------------------------------------------------------------------------------------------------------------------------------------
Leu CTT   0   0   0   0   0   0 | Pro CCT   0   0   0   0   0   0 | His CAT   0   0   0   0   0   0 | Arg CGT   0   0   0   0   0   0
    CTC   0   0   0   0   0   0 |     CCC   3   3   3   3   3   3 |     CAC   0   0   0   0   0   0 |     CGC   0   0   0   0   0   0
    CTA   0   0   0   0   0   0 |     CCA   3   2   4   3   2   4 | Gln CAA   0   0   0   0   0   0 |     CGA   0   0   0   0   0   0
    CTG   1   1   1   1   1   1 |     CCG   2   3   1   2   3   1 |     CAG   4   4   4   4   4   4 |     CGG   0   0   0   0   0   0
--------------------------------------------------------------------------------------------------------------------------------------
Ile ATT   0   0   0   0   0   0 | Thr ACT   0   0   0   0   0   0 | Asn AAT   2   1   2   1   1   1 | Ser AGT   0   0   0   0   1   0
    ATC   1   2   1   1   1   1 |     ACC   2   2   2   2   2   2 |     AAC   1   2   1   2   2   2 |     AGC   2   2   2   2   1   2
    ATA   0   0   0   0   0   0 |     ACA   0   0   0   0   0   0 | Lys AAA   0   0   0   0   0   0 | Arg AGA   0   0   0   0   0   0
Met ATG   0   0   0   0   0   0 |     ACG   0   0   0   0   0   0 |     AAG   1   1   1   1   1   1 |     AGG   1   1   1   1   1   1
--------------------------------------------------------------------------------------------------------------------------------------
Val GTT   0   0   0   1   0   0 | Ala GCT   0   0   0   0   0   0 | Asp GAT   0   0   0   0   0   0 | Gly GGT   0   0   0   0   0   0
    GTC   2   1   2   1   2   2 |     GCC   1   1   1   1   1   1 |     GAC   1   1   1   1   1   1 |     GGC   2   2   2   2   2   2
    GTA   0   0   0   0   0   0 |     GCA   2   2   2   2   2   2 | Glu GAA   0   0   0   0   0   0 |     GGA   0   0   0   0   0   0
    GTG   2   2   2   2   2   2 |     GCG   0   0   0   0   0   0 |     GAG   1   1   1   1   1   1 |     GGG   1   1   1   1   1   1
--------------------------------------------------------------------------------------------------------------------------------------

--------------------------------------------------------------------------------------------------------------------------------------
Phe TTT   0   0   0   0   0   1 | Ser TCT   0   0   0   0   0   0 | Tyr TAT   0   0   0   0   0   0 | Cys TGT   0   0   0   0   0   0
    TTC   1   1   1   1   1   0 |     TCC   0   0   0   0   0   0 |     TAC   0   0   0   0   0   0 |     TGC   0   0   0   0   0   0
Leu TTA   0   0   0   0   0   0 |     TCA   0   0   0   0   0   0 | *** TAA   0   0   0   0   0   0 | *** TGA   0   0   0   0   0   0
    TTG   0   0   0   0   0   0 |     TCG   0   0   0   0   0   0 |     TAG   0   0   0   0   0   0 | Trp TGG   1   1   1   1   1   1
--------------------------------------------------------------------------------------------------------------------------------------
Leu CTT   0   0   0   0   0   0 | Pro CCT   0   1   0   0   0   0 | His CAT   0   0   0   0   0   0 | Arg CGT   0   0   0   0   0   0
    CTC   0   0   0   0   0   0 |     CCC   3   3   3   3   3   3 |     CAC   0   0   0   0   0   0 |     CGC   0   0   0   0   0   0
    CTA   0   0   0   0   0   0 |     CCA   2   3   3   2   4   3 | Gln CAA   0   0   0   0   0   0 |     CGA   0   0   0   0   0   0
    CTG   1   1   1   1   1   1 |     CCG   3   2   2   3   1   2 |     CAG   4   4   4   4   4   4 |     CGG   0   0   0   0   0   0
--------------------------------------------------------------------------------------------------------------------------------------
Ile ATT   0   0   0   0   0   0 | Thr ACT   0   0   0   0   0   0 | Asn AAT   1   1   1   1   2   1 | Ser AGT   0   0   0   1   0   0
    ATC   1   1   1   1   1   1 |     ACC   2   2   2   2   2   2 |     AAC   2   2   2   2   1   2 |     AGC   2   2   2   1   2   2
    ATA   0   0   0   0   0   0 |     ACA   0   0   0   0   0   0 | Lys AAA   0   0   0   0   0   0 | Arg AGA   0   0   0   0   0   0
Met ATG   0   0   0   0   0   0 |     ACG   0   0   0   0   0   0 |     AAG   1   1   1   1   1   1 |     AGG   1   1   1   1   1   1
--------------------------------------------------------------------------------------------------------------------------------------
Val GTT   1   1   0   0   0   1 | Ala GCT   0   0   0   0   0   0 | Asp GAT   0   0   0   0   0   0 | Gly GGT   1   1   0   0   0   0
    GTC   1   1   2   2   2   1 |     GCC   2   2   1   1   1   1 |     GAC   1   1   1   1   1   1 |     GGC   1   1   2   2   2   2
    GTA   0   0   0   0   0   0 |     GCA   1   0   2   2   2   2 | Glu GAA   0   0   0   0   0   0 |     GGA   0   0   0   0   0   0
    GTG   2   2   2   2   2   2 |     GCG   0   0   0   0   0   0 |     GAG   1   1   1   1   1   1 |     GGG   1   1   1   1   1   1
--------------------------------------------------------------------------------------------------------------------------------------

--------------------------------------------------------------------------------------------------------------------------------------
Phe TTT   0   1   0   0   0   0 | Ser TCT   0   0   0   0   0   0 | Tyr TAT   0   0   0   0   0   0 | Cys TGT   0   0   0   0   0   0
    TTC   1   0   1   1   1   1 |     TCC   0   0   0   0   0   0 |     TAC   0   0   0   0   0   0 |     TGC   0   0   0   0   0   0
Leu TTA   0   0   0   0   0   0 |     TCA   0   0   0   0   0   0 | *** TAA   0   0   0   0   0   0 | *** TGA   0   0   0   0   0   0
    TTG   0   0   0   0   0   0 |     TCG   0   0   0   0   0   0 |     TAG   0   0   0   0   0   0 | Trp TGG   1   1   1   1   1   1
--------------------------------------------------------------------------------------------------------------------------------------
Leu CTT   0   0   0   0   0   0 | Pro CCT   0   0   0   0   0   0 | His CAT   0   0   0   0   0   0 | Arg CGT   0   0   0   0   0   0
    CTC   0   0   0   0   0   0 |     CCC   3   3   3   3   3   3 |     CAC   0   0   0   0   0   0 |     CGC   0   0   0   0   0   0
    CTA   1   0   0   0   0   0 |     CCA   2   3   2   2   3   4 | Gln CAA   0   0   0   0   0   0 |     CGA   0   0   0   0   0   0
    CTG   0   1   1   1   1   1 |     CCG   3   2   3   3   2   1 |     CAG   4   4   4   4   4   4 |     CGG   0   0   0   0   0   0
--------------------------------------------------------------------------------------------------------------------------------------
Ile ATT   0   0   0   0   0   0 | Thr ACT   0   0   0   0   0   0 | Asn AAT   1   1   2   1   1   2 | Ser AGT   1   0   0   0   0   0
    ATC   1   1   1   1   1   1 |     ACC   2   2   2   2   2   2 |     AAC   2   2   1   2   2   1 |     AGC   1   2   2   2   2   2
    ATA   0   0   0   0   0   0 |     ACA   0   0   0   0   0   0 | Lys AAA   0   0   0   0   0   0 | Arg AGA   0   0   0   0   0   0
Met ATG   0   0   0   0   0   0 |     ACG   0   0   0   0   0   0 |     AAG   1   1   1   1   1   1 |     AGG   1   1   1   1   1   1
--------------------------------------------------------------------------------------------------------------------------------------
Val GTT   0   1   1   0   0   0 | Ala GCT   0   0   0   0   0   0 | Asp GAT   0   0   0   0   0   0 | Gly GGT   0   0   1   0   0   1
    GTC   2   1   1   2   2   2 |     GCC   1   1   2   1   2   1 |     GAC   1   1   1   1   1   1 |     GGC   2   2   1   2   2   1
    GTA   1   0   0   0   0   0 |     GCA   2   2   1   2   1   2 | Glu GAA   0   0   0   0   0   0 |     GGA   0   0   0   0   0   0
    GTG   1   2   2   2   2   2 |     GCG   0   0   0   0   0   0 |     GAG   1   1   1   1   1   1 |     GGG   1   1   1   1   1   1
--------------------------------------------------------------------------------------------------------------------------------------

--------------------------------------------------------------------------------------------------------------------------------------
Phe TTT   0   1   0   0   0   0 | Ser TCT   0   0   0   0   0   0 | Tyr TAT   0   0   0   0   0   0 | Cys TGT   0   0   0   0   0   0
    TTC   1   0   1   1   1   1 |     TCC   0   0   0   0   0   0 |     TAC   0   0   0   0   0   0 |     TGC   0   0   0   0   0   0
Leu TTA   0   0   0   0   0   0 |     TCA   0   0   0   0   0   0 | *** TAA   0   0   0   0   0   0 | *** TGA   0   0   0   0   0   0
    TTG   0   0   0   0   0   0 |     TCG   0   0   0   0   0   0 |     TAG   0   0   0   0   0   0 | Trp TGG   1   1   1   1   1   1
--------------------------------------------------------------------------------------------------------------------------------------
Leu CTT   0   0   0   0   0   0 | Pro CCT   0   1   0   0   0   1 | His CAT   0   0   0   0   0   0 | Arg CGT   0   0   0   0   0   0
    CTC   0   0   0   0   0   0 |     CCC   3   3   3   3   3   3 |     CAC   0   0   0   0   0   0 |     CGC   0   0   0   0   0   0
    CTA   0   0   0   0   0   0 |     CCA   3   2   3   2   2   2 | Gln CAA   0   0   0   1   0   0 |     CGA   0   0   0   0   0   0
    CTG   1   1   1   1   1   1 |     CCG   2   2   2   2   3   2 |     CAG   4   4   4   4   4   4 |     CGG   0   0   0   0   0   0
--------------------------------------------------------------------------------------------------------------------------------------
Ile ATT   0   0   0   0   0   0 | Thr ACT   0   0   0   0   0   0 | Asn AAT   2   1   1   1   1   1 | Ser AGT   0   0   0   0   0   0
    ATC   1   1   1   2   1   1 |     ACC   2   2   2   1   2   2 |     AAC   1   2   2   2   2   2 |     AGC   2   2   2   2   2   2
    ATA   0   0   0   0   0   0 |     ACA   0   0   0   0   0   0 | Lys AAA   0   0   0   0   0   0 | Arg AGA   0   0   0   0   0   0
Met ATG   0   0   0   0   0   0 |     ACG   0   0   0   0   0   0 |     AAG   1   1   1   1   1   1 |     AGG   1   1   1   1   1   1
--------------------------------------------------------------------------------------------------------------------------------------
Val GTT   0   0   0   0   0   1 | Ala GCT   0   0   0   0   0   0 | Asp GAT   0   0   0   0   0   0 | Gly GGT   0   0   0   0   0   1
    GTC   2   2   1   1   2   1 |     GCC   1   1   2   2   1   2 |     GAC   1   1   1   1   1   1 |     GGC   2   2   2   2   2   1
    GTA   0   0   0   0   0   0 |     GCA   2   2   2   2   2   1 | Glu GAA   0   0   0   0   0   0 |     GGA   0   0   0   0   0   0
    GTG   2   2   2   2   2   2 |     GCG   0   0   0   0   0   0 |     GAG   1   1   1   1   1   1 |     GGG   1   1   1   1   1   1
--------------------------------------------------------------------------------------------------------------------------------------

--------------------------------------------------------------------------------------------------------------------------------------
Phe TTT   0   0   0   0   1   0 | Ser TCT   0   0   0   0   0   0 | Tyr TAT   0   0   0   0   0   0 | Cys TGT   0   0   0   0   0   0
    TTC   1   1   1   1   0   1 |     TCC   0   0   0   0   0   0 |     TAC   0   0   0   0   0   0 |     TGC   0   0   0   0   0   0
Leu TTA   0   0   0   0   0   0 |     TCA   0   0   0   0   0   0 | *** TAA   0   0   0   0   0   0 | *** TGA   0   0   0   0   0   0
    TTG   0   0   0   0   0   0 |     TCG   0   0   0   0   0   0 |     TAG   0   0   0   0   0   0 | Trp TGG   1   1   1   1   1   1
--------------------------------------------------------------------------------------------------------------------------------------
Leu CTT   0   0   0   0   0   0 | Pro CCT   0   0   0   1   1   1 | His CAT   0   0   0   0   0   0 | Arg CGT   0   0   0   0   0   0
    CTC   0   0   0   0   0   0 |     CCC   3   3   3   3   3   2 |     CAC   0   0   0   0   0   0 |     CGC   0   0   0   0   0   0
    CTA   0   0   0   0   0   0 |     CCA   2   2   2   2   2   3 | Gln CAA   0   0   0   0   0   0 |     CGA   0   0   0   0   0   0
    CTG   1   1   1   1   1   1 |     CCG   3   3   3   2   2   2 |     CAG   4   4   4   4   4   4 |     CGG   0   0   0   0   0   0
--------------------------------------------------------------------------------------------------------------------------------------
Ile ATT   0   0   0   0   0   0 | Thr ACT   0   0   0   0   0   0 | Asn AAT   1   1   2   1   1   1 | Ser AGT   0   1   0   0   0   0
    ATC   1   1   1   1   1   1 |     ACC   2   2   2   2   2   2 |     AAC   2   2   1   2   2   2 |     AGC   2   1   2   2   2   2
    ATA   0   0   0   0   0   0 |     ACA   0   0   0   0   0   0 | Lys AAA   0   0   0   0   0   0 | Arg AGA   0   0   0   0   0   0
Met ATG   0   0   0   0   0   0 |     ACG   0   0   0   0   0   0 |     AAG   1   1   1   1   1   1 |     AGG   1   1   1   1   1   1
--------------------------------------------------------------------------------------------------------------------------------------
Val GTT   1   0   1   1   0   1 | Ala GCT   0   0   0   0   0   0 | Asp GAT   0   0   0   0   0   0 | Gly GGT   1   0   1   1   0   1
    GTC   1   2   1   1   2   1 |     GCC   2   1   2   2   1   1 |     GAC   1   1   1   1   1   1 |     GGC   1   2   1   1   2   1
    GTA   0   0   0   0   0   0 |     GCA   1   2   1   1   2   2 | Glu GAA   0   0   0   0   0   0 |     GGA   0   0   0   0   0   0
    GTG   2   2   2   2   2   2 |     GCG   0   0   0   0   0   0 |     GAG   1   1   1   1   1   1 |     GGG   1   1   1   1   1   1
--------------------------------------------------------------------------------------------------------------------------------------

--------------------------------------------------------------------------------------------------------------------------------------
Phe TTT   0   0   0   0   1   1 | Ser TCT   0   0   0   0   0   0 | Tyr TAT   0   0   0   0   0   0 | Cys TGT   0   0   0   0   0   0
    TTC   1   1   1   1   0   0 |     TCC   0   0   0   0   0   0 |     TAC   0   0   0   0   0   0 |     TGC   0   0   0   0   0   0
Leu TTA   0   0   0   0   0   0 |     TCA   0   0   0   0   0   0 | *** TAA   0   0   0   0   0   0 | *** TGA   0   0   0   0   0   0
    TTG   0   0   0   0   0   0 |     TCG   0   0   0   0   0   0 |     TAG   0   0   0   0   0   0 | Trp TGG   1   1   1   1   1   1
--------------------------------------------------------------------------------------------------------------------------------------
Leu CTT   0   0   0   0   0   0 | Pro CCT   0   0   0   1   0   0 | His CAT   0   0   0   0   0   0 | Arg CGT   0   0   0   0   0   0
    CTC   0   0   0   0   0   0 |     CCC   3   3   3   2   3   3 |     CAC   0   0   0   0   0   0 |     CGC   0   0   0   0   0   0
    CTA   1   0   0   0   0   0 |     CCA   2   3   2   2   3   4 | Gln CAA   0   0   0   0   0   0 |     CGA   0   0   0   0   0   0
    CTG   1   1   1   2   1   1 |     CCG   2   2   3   2   2   1 |     CAG   4   4   4   4   4   4 |     CGG   0   0   0   0   0   0
--------------------------------------------------------------------------------------------------------------------------------------
Ile ATT   0   0   0   0   0   0 | Thr ACT   0   0   0   0   0   0 | Asn AAT   1   1   1   1   1   1 | Ser AGT   0   0   0   0   0   0
    ATC   1   1   1   1   1   1 |     ACC   2   2   2   2   2   2 |     AAC   2   2   2   2   2   2 |     AGC   2   2   2   2   2   2
    ATA   0   0   0   0   0   0 |     ACA   0   0   0   0   0   0 | Lys AAA   0   0   0   0   0   0 | Arg AGA   0   0   0   0   0   0
Met ATG   0   0   0   0   0   0 |     ACG   0   0   0   0   0   0 |     AAG   1   1   1   1   1   1 |     AGG   1   1   1   1   1   1
--------------------------------------------------------------------------------------------------------------------------------------
Val GTT   1   0   1   1   1   1 | Ala GCT   0   0   0   0   0   0 | Asp GAT   0   0   0   0   0   0 | Gly GGT   0   1   0   0   0   0
    GTC   1   2   1   1   1   1 |     GCC   1   1   1   1   1   1 |     GAC   1   1   1   2   1   1 |     GGC   2   1   2   2   2   2
    GTA   0   0   0   0   0   0 |     GCA   2   2   2   2   2   2 | Glu GAA   0   0   0   0   0   0 |     GGA   0   0   0   0   0   0
    GTG   2   2   2   2   2   2 |     GCG   0   0   0   0   0   0 |     GAG   1   1   1   0   1   1 |     GGG   1   1   1   1   1   1
--------------------------------------------------------------------------------------------------------------------------------------

Codon position x base (3x4) table for each sequence.

#1: Argali         
position  1:    T:0.05405    C:0.35135    A:0.27027    G:0.32432
position  2:    T:0.18919    C:0.35135    A:0.27027    G:0.18919
position  3:    T:0.05405    C:0.43243    A:0.13514    G:0.37838
Average         T:0.09910    C:0.37838    A:0.22523    G:0.29730

#2: LesserMouseDeer
position  1:    T:0.05405    C:0.32432    A:0.32432    G:0.29730
position  2:    T:0.18919    C:0.35135    A:0.27027    G:0.18919
position  3:    T:0.05405    C:0.43243    A:0.16216    G:0.35135
Average         T:0.09910    C:0.36937    A:0.25225    G:0.27928

#3: LesserKudu     
position  1:    T:0.05405    C:0.35135    A:0.27027    G:0.32432
position  2:    T:0.18919    C:0.35135    A:0.27027    G:0.18919
position  3:    T:0.05405    C:0.43243    A:0.13514    G:0.37838
Average         T:0.09910    C:0.37838    A:0.22523    G:0.29730

#4: ForestMuskDeer2
position  1:    T:0.05405    C:0.35135    A:0.27027    G:0.32432
position  2:    T:0.21622    C:0.32432    A:0.27027    G:0.18919
position  3:    T:0.08108    C:0.43243    A:0.10811    G:0.37838
Average         T:0.11712    C:0.36937    A:0.21622    G:0.29730

#5: Camel          
position  1:    T:0.05405    C:0.32432    A:0.32432    G:0.29730
position  2:    T:0.18919    C:0.35135    A:0.27027    G:0.18919
position  3:    T:0.02703    C:0.45946    A:0.10811    G:0.40541
Average         T:0.09009    C:0.37838    A:0.23423    G:0.29730

#6: KillerWhale    
position  1:    T:0.05405    C:0.35135    A:0.29730    G:0.29730
position  2:    T:0.18919    C:0.35135    A:0.27027    G:0.18919
position  3:    T:0.08108    C:0.40541    A:0.13514    G:0.37838
Average         T:0.10811    C:0.36937    A:0.23423    G:0.28829

#7: DefassaWaterbuck
position  1:    T:0.05405    C:0.35135    A:0.29730    G:0.29730
position  2:    T:0.21622    C:0.32432    A:0.27027    G:0.18919
position  3:    T:0.02703    C:0.45946    A:0.13514    G:0.37838
Average         T:0.09910    C:0.37838    A:0.23423    G:0.28829

#8: Sheep          
position  1:    T:0.05405    C:0.35135    A:0.27027    G:0.32432
position  2:    T:0.18919    C:0.35135    A:0.27027    G:0.18919
position  3:    T:0.05405    C:0.43243    A:0.13514    G:0.37838
Average         T:0.09910    C:0.37838    A:0.22523    G:0.29730

#9: MaxwellsDuiker 
position  1:    T:0.05405    C:0.35135    A:0.27027    G:0.32432
position  2:    T:0.18919    C:0.35135    A:0.27027    G:0.18919
position  3:    T:0.02703    C:0.45946    A:0.10811    G:0.40541
Average         T:0.09009    C:0.38739    A:0.21622    G:0.30631

#10: GazellaPrzewalskyi
position  1:    T:0.05405    C:0.35135    A:0.27027    G:0.32432
position  2:    T:0.18919    C:0.35135    A:0.27027    G:0.18919
position  3:    T:0.08108    C:0.40541    A:0.10811    G:0.40541
Average         T:0.10811    C:0.36937    A:0.21622    G:0.30631

#11: MountainNyala  
position  1:    T:0.05405    C:0.35135    A:0.27027    G:0.32432
position  2:    T:0.18919    C:0.35135    A:0.27027    G:0.18919
position  3:    T:0.08108    C:0.40541    A:0.13514    G:0.37838
Average         T:0.10811    C:0.36937    A:0.22523    G:0.29730

#12: MuntiacusMuntjak
position  1:    T:0.05405    C:0.35135    A:0.27027    G:0.32432
position  2:    T:0.18919    C:0.35135    A:0.27027    G:0.18919
position  3:    T:0.10811    C:0.40541    A:0.08108    G:0.40541
Average         T:0.11712    C:0.36937    A:0.20721    G:0.30631

#13: goat           
position  1:    T:0.05405    C:0.35135    A:0.27027    G:0.32432
position  2:    T:0.18919    C:0.35135    A:0.27027    G:0.18919
position  3:    T:0.02703    C:0.45946    A:0.13514    G:0.37838
Average         T:0.09009    C:0.38739    A:0.22523    G:0.29730

#14: AfricanBuffalo 
position  1:    T:0.05405    C:0.35135    A:0.27027    G:0.32432
position  2:    T:0.18919    C:0.35135    A:0.27027    G:0.18919
position  3:    T:0.10811    C:0.37838    A:0.10811    G:0.40541
Average         T:0.11712    C:0.36036    A:0.21622    G:0.30631

#15: Topi           
position  1:    T:0.05405    C:0.35135    A:0.27027    G:0.32432
position  2:    T:0.18919    C:0.35135    A:0.27027    G:0.18919
position  3:    T:0.05405    C:0.43243    A:0.16216    G:0.35135
Average         T:0.09910    C:0.37838    A:0.23423    G:0.28829

#16: CommonDuiker   
position  1:    T:0.05405    C:0.35135    A:0.29730    G:0.29730
position  2:    T:0.18919    C:0.35135    A:0.27027    G:0.18919
position  3:    T:0.02703    C:0.45946    A:0.10811    G:0.40541
Average         T:0.09009    C:0.38739    A:0.22523    G:0.29730

#17: Suni           
position  1:    T:0.05405    C:0.35135    A:0.27027    G:0.32432
position  2:    T:0.21622    C:0.32432    A:0.27027    G:0.18919
position  3:    T:0.05405    C:0.43243    A:0.10811    G:0.40541
Average         T:0.10811    C:0.36937    A:0.21622    G:0.30631

#18: Springbuck     
position  1:    T:0.05405    C:0.35135    A:0.27027    G:0.32432
position  2:    T:0.18919    C:0.35135    A:0.27027    G:0.18919
position  3:    T:0.05405    C:0.43243    A:0.13514    G:0.37838
Average         T:0.09910    C:0.37838    A:0.22523    G:0.29730

#19: Okapi          
position  1:    T:0.05405    C:0.35135    A:0.27027    G:0.32432
position  2:    T:0.18919    C:0.35135    A:0.27027    G:0.18919
position  3:    T:0.05405    C:0.43243    A:0.13514    G:0.37838
Average         T:0.09910    C:0.37838    A:0.22523    G:0.29730

#20: Giraffe        
position  1:    T:0.05405    C:0.35135    A:0.29730    G:0.29730
position  2:    T:0.18919    C:0.35135    A:0.27027    G:0.18919
position  3:    T:0.02703    C:0.45946    A:0.10811    G:0.40541
Average         T:0.09009    C:0.38739    A:0.22523    G:0.29730

#21: TibetanAntelope
position  1:    T:0.05405    C:0.35135    A:0.27027    G:0.32432
position  2:    T:0.18919    C:0.35135    A:0.27027    G:0.18919
position  3:    T:0.05405    C:0.43243    A:0.16216    G:0.35135
Average         T:0.09910    C:0.37838    A:0.23423    G:0.28829

#22: Sitatunga      
position  1:    T:0.05405    C:0.35135    A:0.27027    G:0.32432
position  2:    T:0.18919    C:0.35135    A:0.27027    G:0.18919
position  3:    T:0.08108    C:0.40541    A:0.13514    G:0.37838
Average         T:0.10811    C:0.36937    A:0.22523    G:0.29730

#23: Oribi          
position  1:    T:0.05405    C:0.35135    A:0.27027    G:0.32432
position  2:    T:0.18919    C:0.35135    A:0.27027    G:0.18919
position  3:    T:0.05405    C:0.43243    A:0.10811    G:0.40541
Average         T:0.09910    C:0.37838    A:0.21622    G:0.30631

#24: BarbarySheep   
position  1:    T:0.05405    C:0.35135    A:0.27027    G:0.32432
position  2:    T:0.18919    C:0.35135    A:0.27027    G:0.18919
position  3:    T:0.02703    C:0.45946    A:0.16216    G:0.35135
Average         T:0.09009    C:0.38739    A:0.23423    G:0.28829

#25: Daviddeer      
position  1:    T:0.05405    C:0.35135    A:0.27027    G:0.32432
position  2:    T:0.18919    C:0.35135    A:0.27027    G:0.18919
position  3:    T:0.08108    C:0.43243    A:0.08108    G:0.40541
Average         T:0.10811    C:0.37838    A:0.20721    G:0.30631

#26: Reindeer       
position  1:    T:0.05405    C:0.37838    A:0.27027    G:0.29730
position  2:    T:0.18919    C:0.35135    A:0.27027    G:0.18919
position  3:    T:0.10811    C:0.43243    A:0.08108    G:0.37838
Average         T:0.11712    C:0.38739    A:0.20721    G:0.28829

#27: Ibex           
position  1:    T:0.05405    C:0.35135    A:0.27027    G:0.32432
position  2:    T:0.18919    C:0.35135    A:0.27027    G:0.18919
position  3:    T:0.02703    C:0.45946    A:0.13514    G:0.37838
Average         T:0.09009    C:0.38739    A:0.22523    G:0.29730

#28: GyrantGazelle  
position  1:    T:0.05405    C:0.35135    A:0.27027    G:0.32432
position  2:    T:0.18919    C:0.35135    A:0.27027    G:0.18919
position  3:    T:0.05405    C:0.43243    A:0.10811    G:0.40541
Average         T:0.09910    C:0.37838    A:0.21622    G:0.30631

#29: Hartebeest     
position  1:    T:0.05405    C:0.35135    A:0.27027    G:0.32432
position  2:    T:0.18919    C:0.35135    A:0.27027    G:0.18919
position  3:    T:0.05405    C:0.43243    A:0.16216    G:0.35135
Average         T:0.09910    C:0.37838    A:0.23423    G:0.28829

#30: Bongo          
position  1:    T:0.05405    C:0.35135    A:0.27027    G:0.32432
position  2:    T:0.18919    C:0.35135    A:0.27027    G:0.18919
position  3:    T:0.08108    C:0.40541    A:0.13514    G:0.37838
Average         T:0.10811    C:0.36937    A:0.22523    G:0.29730

#31: Gerenuk        
position  1:    T:0.05405    C:0.35135    A:0.27027    G:0.32432
position  2:    T:0.18919    C:0.35135    A:0.27027    G:0.18919
position  3:    T:0.05405    C:0.43243    A:0.16216    G:0.35135
Average         T:0.09910    C:0.37838    A:0.23423    G:0.28829

#32: CommonEland    
position  1:    T:0.05405    C:0.35135    A:0.27027    G:0.32432
position  2:    T:0.18919    C:0.35135    A:0.27027    G:0.18919
position  3:    T:0.08108    C:0.40541    A:0.13514    G:0.37838
Average         T:0.10811    C:0.36937    A:0.22523    G:0.29730

#33: MuntiacusReevesi
position  1:    T:0.05405    C:0.35135    A:0.27027    G:0.32432
position  2:    T:0.18919    C:0.35135    A:0.27027    G:0.18919
position  3:    T:0.10811    C:0.40541    A:0.08108    G:0.40541
Average         T:0.11712    C:0.36937    A:0.20721    G:0.30631

#34: HarveysDuiker  
position  1:    T:0.05405    C:0.35135    A:0.27027    G:0.32432
position  2:    T:0.18919    C:0.35135    A:0.27027    G:0.18919
position  3:    T:0.02703    C:0.45946    A:0.10811    G:0.40541
Average         T:0.09009    C:0.38739    A:0.21622    G:0.30631

#35: Pronghorn      
position  1:    T:0.05405    C:0.35135    A:0.27027    G:0.32432
position  2:    T:0.18919    C:0.35135    A:0.27027    G:0.18919
position  3:    T:0.02703    C:0.48649    A:0.10811    G:0.37838
Average         T:0.09009    C:0.39640    A:0.21622    G:0.29730

#36: BlueWildebeest 
position  1:    T:0.05405    C:0.35135    A:0.27027    G:0.32432
position  2:    T:0.18919    C:0.35135    A:0.27027    G:0.18919
position  3:    T:0.08108    C:0.40541    A:0.16216    G:0.35135
Average         T:0.10811    C:0.36937    A:0.23423    G:0.28829

#37: Gemsbok        
position  1:    T:0.05405    C:0.35135    A:0.27027    G:0.32432
position  2:    T:0.18919    C:0.35135    A:0.27027    G:0.18919
position  3:    T:0.05405    C:0.43243    A:0.13514    G:0.37838
Average         T:0.09910    C:0.37838    A:0.22523    G:0.29730

#38: Yak            
position  1:    T:0.05405    C:0.35135    A:0.27027    G:0.32432
position  2:    T:0.18919    C:0.35135    A:0.27027    G:0.18919
position  3:    T:0.08108    C:0.43243    A:0.10811    G:0.37838
Average         T:0.10811    C:0.37838    A:0.21622    G:0.29730

#39: BlueSheep      
position  1:    T:0.05405    C:0.35135    A:0.27027    G:0.32432
position  2:    T:0.16216    C:0.37838    A:0.27027    G:0.18919
position  3:    T:0.02703    C:0.45946    A:0.13514    G:0.37838
Average         T:0.08108    C:0.39640    A:0.22523    G:0.29730

#40: BohorReedbuck  
position  1:    T:0.05405    C:0.35135    A:0.27027    G:0.32432
position  2:    T:0.18919    C:0.32432    A:0.29730    G:0.18919
position  3:    T:0.02703    C:0.45946    A:0.13514    G:0.37838
Average         T:0.09009    C:0.37838    A:0.23423    G:0.29730

#41: KirksDik       
position  1:    T:0.05405    C:0.35135    A:0.27027    G:0.32432
position  2:    T:0.18919    C:0.35135    A:0.27027    G:0.18919
position  3:    T:0.02703    C:0.45946    A:0.10811    G:0.40541
Average         T:0.09009    C:0.38739    A:0.21622    G:0.30631

#42: RoeDeer        
position  1:    T:0.05405    C:0.35135    A:0.27027    G:0.32432
position  2:    T:0.18919    C:0.35135    A:0.27027    G:0.18919
position  3:    T:0.10811    C:0.43243    A:0.08108    G:0.37838
Average         T:0.11712    C:0.37838    A:0.20721    G:0.29730

#43: WhiteLippedDeer
position  1:    T:0.05405    C:0.35135    A:0.27027    G:0.32432
position  2:    T:0.18919    C:0.35135    A:0.27027    G:0.18919
position  3:    T:0.08108    C:0.43243    A:0.08108    G:0.40541
Average         T:0.10811    C:0.37838    A:0.20721    G:0.30631

#44: ThomsonGazelle 
position  1:    T:0.05405    C:0.35135    A:0.27027    G:0.32432
position  2:    T:0.18919    C:0.35135    A:0.27027    G:0.18919
position  3:    T:0.05405    C:0.43243    A:0.10811    G:0.40541
Average         T:0.09910    C:0.37838    A:0.21622    G:0.30631

#45: MuntiacusCrinifrons
position  1:    T:0.05405    C:0.35135    A:0.27027    G:0.32432
position  2:    T:0.18919    C:0.35135    A:0.27027    G:0.18919
position  3:    T:0.10811    C:0.40541    A:0.08108    G:0.40541
Average         T:0.11712    C:0.36937    A:0.20721    G:0.30631

#46: WhiteTailedDeer
position  1:    T:0.05405    C:0.35135    A:0.27027    G:0.32432
position  2:    T:0.18919    C:0.35135    A:0.27027    G:0.18919
position  3:    T:0.10811    C:0.43243    A:0.08108    G:0.37838
Average         T:0.11712    C:0.37838    A:0.20721    G:0.29730

#47: Cattle         
position  1:    T:0.05405    C:0.35135    A:0.27027    G:0.32432
position  2:    T:0.18919    C:0.35135    A:0.27027    G:0.18919
position  3:    T:0.08108    C:0.43243    A:0.10811    G:0.37838
Average         T:0.10811    C:0.37838    A:0.21622    G:0.29730

#48: RoyalAntelope  
position  1:    T:0.05405    C:0.35135    A:0.27027    G:0.32432
position  2:    T:0.18919    C:0.35135    A:0.27027    G:0.18919
position  3:    T:0.10811    C:0.37838    A:0.13514    G:0.37838
Average         T:0.11712    C:0.36036    A:0.22523    G:0.29730

#49: Steenbok       
position  1:    T:0.05405    C:0.35135    A:0.27027    G:0.32432
position  2:    T:0.21622    C:0.32432    A:0.27027    G:0.18919
position  3:    T:0.05405    C:0.43243    A:0.13514    G:0.37838
Average         T:0.10811    C:0.36937    A:0.22523    G:0.29730

#50: Impala         
position  1:    T:0.05405    C:0.35135    A:0.27027    G:0.32432
position  2:    T:0.18919    C:0.35135    A:0.27027    G:0.18919
position  3:    T:0.05405    C:0.43243    A:0.13514    G:0.37838
Average         T:0.09910    C:0.37838    A:0.22523    G:0.29730

#51: Klipspringer   
position  1:    T:0.05405    C:0.35135    A:0.27027    G:0.32432
position  2:    T:0.18919    C:0.35135    A:0.27027    G:0.18919
