1
52 1
Argali 0.000000 0.540100 0.200400 0.656300 0.109200 0.000000 0.061900 0.058800 0.141500 0.184800 0.046100 0.095200 0.075800 0.063900 0.151200 0.060400 0.180100 0.185100 0.118100 0.156700 0.094100 0.045600 0.171200 0.234000 0.046100 0.060100 0.061100 0.123100 0.061900 0.157200 0.185000 0.079500 0.263900 0.062100 0.076900 0.159200 0.061100 0.108700 0.106800 0.213800 0.185900 0.089600 0.170400 0.229600 0.144400 0.121900 0.094600 0.077200 0.107300 0.131800 0.141500 0.156700
LesserMous 0.540100 0.000000 0.665500 0.466200 0.581700 0.540100 0.493800 0.582200 0.577200 0.715300 0.529000 0.501400 0.571000 0.450600 0.631600 0.543400 0.718200 0.755100 0.625300 0.600300 0.520600 0.517200 0.663700 0.809300 0.529000 0.568200 0.550900 0.600300 0.494100 0.606700 0.716700 0.473700 0.828200 0.496100 0.514400 0.546900 0.550000 0.574900 0.566800 0.756800 0.686200 0.614800 0.693700 0.709500 0.526100 0.589300 0.527100 0.518300 0.561400 0.448600 0.577200 0.600300
LesserKudu 0.200400 0.665500 0.000000 0.703200 0.255800 0.200400 0.205300 0.229200 0.057500 0.296100 0.223800 0.172100 0.182300 0.212000 0.224800 0.167000 0.259600 0.304600 0.293500 0.042600 0.205100 0.221100 0.283300 0.294900 0.223800 0.215700 0.168300 0.071700 0.137200 0.071900 0.296300 0.227200 0.365600 0.171200 0.220300 0.201400 0.238600 0.254300 0.165400 0.325200 0.298000 0.210800 0.281900 0.342000 0.187200 0.214000 0.206300 0.220800 0.234200 0.247800 0.057500 0.042300
KillerWhal 0.656300 0.466200 0.703200 0.000000 0.700600 0.656300 0.546700 0.623300 0.622900 0.570300 0.648700 0.552700 0.686500 0.573100 0.543700 0.659400 0.643100 0.670700 0.598500 0.644200 0.638800 0.635100 0.555900 0.643700 0.648700 0.615700 0.668500 0.644200 0.613000 0.650200 0.571100 0.594000 0.607200 0.615800 0.632000 0.526300 0.668000 0.691800 0.648200 0.544200 0.575000 0.659000 0.552000 0.573700 0.508000 0.568400 0.578800 0.634900 0.606400 0.505200 0.622900 0.644200
DefassaWat 0.109200 0.581700 0.255800 0.700600 0.000000 0.109200 0.078500 0.139000 0.195500 0.203200 0.095200 0.112700 0.125300 0.081100 0.168900 0.109200 0.237900 0.244100 0.152000 0.211100 0.146000 0.094100 0.189500 0.253700 0.095200 0.108700 0.110500 0.175200 0.110400 0.175100 0.203400 0.096700 0.326100 0.078800 0.093800 0.177800 0.110400 0.030200 0.157800 0.216300 0.204500 0.138900 0.188700 0.248700 0.161400 0.123200 0.146800 0.094000 0.124600 0.150500 0.195500 0.211100
Sheep 0.000000 0.540100 0.200400 0.656300 0.109200 0.000000 0.061900 0.058800 0.141500 0.184800 0.046100 0.095200 0.075800 0.063900 0.151200 0.060400 0.180100 0.184600 0.118100 0.156700 0.094100 0.045600 0.171200 0.234000 0.046100 0.060100 0.061100 0.123100 0.061800 0.157200 0.185000 0.079500 0.263900 0.062100 0.077000 0.159200 0.061500 0.108700 0.106800 0.213800 0.185900 0.089600 0.170400 0.229600 0.144400 0.122100 0.094600 0.077200 0.107300 0.132500 0.141500 0.156700
MaxwellsDu 0.061900 0.493800 0.205300 0.546700 0.078500 0.061900 0.000000 0.091900 0.145200 0.122200 0.047300 0.063900 0.077700 0.032200 0.089900 0.062200 0.149200 0.152900 0.120900 0.160600 0.096600 0.046700 0.108500 0.169700 0.047300 0.045800 0.062700 0.126100 0.063400 0.161300 0.122900 0.048100 0.233200 0.031300 0.046700 0.128400 0.062600 0.078200 0.109500 0.151100 0.122800 0.075700 0.107500 0.166700 0.113200 0.060500 0.097100 0.046700 0.077200 0.065500 0.145200 0.160600
GazellaPrz 0.058800 0.582200 0.229200 0.623300 0.139000 0.058800 0.091900 0.000000 0.171200 0.147100 0.076000 0.125500 0.105000 0.094800 0.147200 0.089700 0.210700 0.215800 0.115100 0.186200 0.124100 0.075100 0.133700 0.193700 0.076000 0.089300 0.090700 0.152400 0.091700 0.186900 0.147200 0.077300 0.276600 0.092200 0.106700 0.189200 0.059400 0.105600 0.136000 0.175200 0.116200 0.118300 0.133200 0.190100 0.174600 0.118500 0.124800 0.107000 0.136500 0.127700 0.171200 0.186200
MountainNy 0.141500 0.577200 0.057500 0.622900 0.195500 0.141500 0.145200 0.171200 0.000000 0.237600 0.163100 0.111900 0.157800 0.150000 0.201900 0.141500 0.235500 0.241500 0.235400 0.014700 0.145000 0.161100 0.224100 0.273100 0.163100 0.157000 0.143100 0.014600 0.111000 0.014700 0.237800 0.165800 0.303800 0.145700 0.160600 0.142300 0.178500 0.194400 0.140000 0.267100 0.239100 0.187400 0.223000 0.283600 0.127400 0.155700 0.145800 0.161000 0.175100 0.185800 0.000000 0.014600
MuntiacusM 0.184800 0.715300 0.296100 0.570300 0.203200 0.184800 0.122200 0.147100 0.237600 0.000000 0.155700 0.156400 0.201100 0.159800 0.113600 0.185100 0.243800 0.249600 0.207600 0.252600 0.224600 0.170000 0.041400 0.096700 0.155700 0.167000 0.186900 0.216800 0.189100 0.253800 0.027000 0.175100 0.235000 0.155300 0.169400 0.220500 0.136800 0.202200 0.217100 0.081300 0.055000 0.196300 0.013600 0.095200 0.206000 0.148500 0.225700 0.136600 0.166000 0.159400 0.237600 0.252600
goat 0.046100 0.529000 0.223800 0.648700 0.095200 0.046100 0.047300 0.076000 0.163100 0.155700 0.000000 0.080700 0.094500 0.048800 0.138200 0.078200 0.204400 0.209700 0.105000 0.178700 0.113200 0.030900 0.158200 0.221800 0.000000 0.076900 0.079100 0.143500 0.080800 0.179500 0.155900 0.064700 0.291500 0.047400 0.063100 0.145900 0.015300 0.094700 0.126500 0.201600 0.173300 0.108200 0.141100 0.217700 0.130700 0.108400 0.114500 0.062900 0.093600 0.117500 0.163100 0.178700
AfricanBuf 0.095200 0.501400 0.172100 0.552700 0.112700 0.095200 0.063900 0.125500 0.111900 0.156400 0.080700 0.000000 0.111500 0.066100 0.122600 0.062400 0.186700 0.191500 0.154800 0.127300 0.132200 0.079700 0.142100 0.170500 0.080900 0.110900 0.096300 0.127300 0.097500 0.127800 0.156500 0.082200 0.254100 0.064100 0.079400 0.062500 0.096400 0.112100 0.127500 0.185700 0.157300 0.141500 0.141600 0.167500 0.046900 0.092900 0.132800 0.079800 0.110800 0.100500 0.111900 0.127300
Topi 0.075800 0.571000 0.182300 0.686500 0.125300 0.075800 0.077700 0.105000 0.157800 0.201100 0.094500 0.111500 0.000000 0.080200 0.134200 0.075900 0.162100 0.202300 0.166000 0.138900 0.110200 0.093000 0.187500 0.215200 0.094200 0.090800 0.014900 0.138900 0.045800 0.173600 0.201300 0.095800 0.322000 0.046000 0.092700 0.141900 0.109200 0.124700 0.090700 0.229900 0.202300 0.088800 0.186700 0.246200 0.161200 0.137700 0.110800 0.093100 0.123200 0.148900 0.157800 0.138900
CommonDuik 0.063900 0.450600 0.212000 0.573100 0.081100 0.063900 0.032200 0.094800 0.150000 0.159800 0.048800 0.066100 0.080200 0.000000 0.125700 0.064000 0.191800 0.196900 0.124600 0.166000 0.099900 0.048100 0.145300 0.209900 0.049000 0.079500 0.064700 0.130200 0.065500 0.166700 0.159900 0.016400 0.258100 0.032300 0.048000 0.132700 0.064700 0.080700 0.113100 0.189700 0.160700 0.110800 0.144800 0.206200 0.117000 0.094900 0.099300 0.048100 0.079700 0.103200 0.150000 0.166000
Suni 0.151200 0.631600 0.224800 0.543700 0.168900 0.151200 0.089900 0.147200 0.201900 0.113600 0.138200 0.122600 0.134200 0.125700 0.000000 0.151000 0.225800 0.231500 0.143600 0.182400 0.188500 0.136700 0.100300 0.097300 0.138200 0.134000 0.120200 0.182400 0.121500 0.217600 0.113100 0.140300 0.253100 0.089900 0.136200 0.184800 0.152900 0.168000 0.182300 0.111000 0.114200 0.131100 0.100000 0.125000 0.170600 0.116500 0.189600 0.104100 0.133000 0.159100 0.201900 0.182400
Springbuck 0.060400 0.543400 0.167000 0.659400 0.109200 0.060400 0.062200 0.089700 0.141500 0.185100 0.078200 0.062400 0.075900 0.064000 0.151000 0.000000 0.145500 0.184900 0.150300 0.156500 0.094200 0.076600 0.171300 0.198800 0.078200 0.075500 0.061100 0.123000 0.061800 0.157200 0.185300 0.079600 0.303900 0.062200 0.076900 0.125300 0.093300 0.108700 0.075300 0.213700 0.186200 0.104800 0.170600 0.195600 0.110400 0.122000 0.094600 0.077400 0.107600 0.131500 0.141500 0.156500
Okapi 0.180100 0.718200 0.259600 0.643100 0.237900 0.180100 0.149200 0.210700 0.235500 0.243800 0.204400 0.186700 0.162100 0.191800 0.225800 0.145500 0.000000 0.062600 0.278100 0.251300 0.222400 0.201500 0.229800 0.296500 0.204400 0.161900 0.182400 0.251300 0.184700 0.252700 0.244000 0.208200 0.271900 0.185800 0.200800 0.218700 0.220100 0.236500 0.161000 0.273300 0.245300 0.192100 0.228800 0.291200 0.241100 0.212400 0.223500 0.184300 0.216500 0.191500 0.235500 0.251300
Giraffe 0.185100 0.755100 0.304600 0.670700 0.244100 0.184600 0.152900 0.215800 0.241500 0.249600 0.209700 0.191500 0.202300 0.196900 0.231500 0.184900 0.062600 0.000000 0.285000 0.257800 0.228100 0.206700 0.235400 0.304000 0.209700 0.165100 0.186900 0.257800 0.189500 0.259200 0.249900 0.213700 0.239700 0.190700 0.206000 0.224000 0.225800 0.242600 0.238400 0.280000 0.251200 0.196700 0.234300 0.298000 0.208300 0.217600 0.229300 0.188900 0.221800 0.196400 0.241500 0.257800
TibetanAnt 0.118100 0.625300 0.293500 0.598500 0.152000 0.118100 0.120900 0.115100 0.235400 0.207600 0.105000 0.154800 0.166000 0.124600 0.143600 0.150300 0.278100 0.285000 0.000000 0.250500 0.187400 0.103800 0.194600 0.255800 0.105300 0.117700 0.152000 0.215000 0.153700 0.251500 0.207700 0.139500 0.307300 0.121300 0.135400 0.218100 0.119400 0.151300 0.197800 0.202400 0.208800 0.146300 0.193800 0.217900 0.203900 0.146500 0.188400 0.103600 0.133200 0.192800 0.235400 0.250500
Sitatunga 0.156700 0.600300 0.042600 0.644200 0.211100 0.156700 0.160600 0.186200 0.014700 0.252600 0.178700 0.127300 0.138900 0.166000 0.182400 0.156500 0.251300 0.257800 0.250500 0.000000 0.160400 0.176600 0.239300 0.251300 0.178700 0.172100 0.124400 0.029200 0.093100 0.029300 0.252800 0.181600 0.319900 0.126700 0.176000 0.157400 0.194000 0.209900 0.155000 0.282200 0.254300 0.168100 0.238200 0.298600 0.142700 0.170700 0.161300 0.176300 0.190200 0.201700 0.014600 0.000000
Oribi 0.094100 0.520600 0.205100 0.638800 0.146000 0.094100 0.096600 0.124100 0.145000 0.224600 0.113200 0.132200 0.110200 0.099900 0.188500 0.094200 0.222400 0.228100 0.187400 0.160400 0.000000 0.112400 0.210600 0.276200 0.113900 0.109700 0.095200 0.125600 0.063300 0.161100 0.189600 0.115900 0.353500 0.096900 0.112000 0.163500 0.129300 0.145300 0.109400 0.254100 0.225900 0.140000 0.209700 0.271200 0.148200 0.158400 0.095900 0.112500 0.143600 0.172100 0.145000 0.160400
BarbaryShe 0.045600 0.517200 0.221100 0.635100 0.094100 0.045600 0.046700 0.075100 0.161100 0.170000 0.030900 0.079700 0.093000 0.048100 0.136700 0.076600 0.201500 0.206700 0.103800 0.176600 0.112400 0.000000 0.156200 0.219200 0.031000 0.076900 0.078200 0.141800 0.079100 0.177200 0.170100 0.063900 0.287600 0.046900 0.030400 0.143900 0.046100 0.093600 0.124900 0.199300 0.171000 0.106900 0.155600 0.214900 0.128900 0.107100 0.113000 0.062100 0.092300 0.115400 0.161100 0.176600
Daviddeer 0.171200 0.663700 0.283300 0.555900 0.189500 0.171200 0.108500 0.133700 0.224100 0.041400 0.158200 0.142100 0.187500 0.145300 0.100300 0.171300 0.229800 0.235400 0.194600 0.239300 0.210600 0.156200 0.000000 0.083500 0.158200 0.153300 0.173100 0.203400 0.175200 0.240400 0.041600 0.160700 0.221200 0.141300 0.155700 0.206600 0.138900 0.188600 0.203500 0.068400 0.013700 0.182900 0.027700 0.068200 0.192000 0.134800 0.211800 0.122600 0.152200 0.144900 0.224100 0.239300
Reindeer 0.234000 0.809300 0.294900 0.643700 0.253700 0.234000 0.169700 0.193700 0.273100 0.096700 0.221800 0.170500 0.215200 0.209900 0.097300 0.198800 0.296500 0.304000 0.255800 0.251300 0.276200 0.219200 0.083500 0.000000 0.221800 0.215100 0.201100 0.251300 0.203500 0.289900 0.096700 0.225200 0.286200 0.169600 0.218500 0.234200 0.201100 0.252300 0.267100 0.094500 0.097200 0.210300 0.083300 0.079800 0.219900 0.195200 0.277900 0.183900 0.212400 0.209300 0.273100 0.251300
Ibex 0.046100 0.529000 0.223800 0.648700 0.095200 0.046100 0.047300 0.076000 0.163100 0.155700 0.000000 0.080900 0.094200 0.049000 0.138200 0.078200 0.204400 0.209700 0.105300 0.178700 0.113900 0.031000 0.158200 0.221800 0.000000 0.077500 0.079100 0.143500 0.080100 0.179500 0.155900 0.064700 0.291500 0.047400 0.062700 0.145900 0.015400 0.094700 0.126500 0.201600 0.173300 0.108200 0.141100 0.217700 0.130700 0.108400 0.114500 0.062900 0.093600 0.117500 0.163100 0.178700
GyrantGaze 0.060100 0.568200 0.215700 0.615700 0.108700 0.060100 0.045800 0.089300 0.157000 0.167000 0.076900 0.110900 0.090800 0.079500 0.134000 0.075500 0.161900 0.165100 0.117700 0.172100 0.109700 0.076900 0.153300 0.215100 0.077500 0.000000 0.076300 0.138300 0.077200 0.172800 0.167100 0.095300 0.282000 0.077500 0.092900 0.175200 0.093000 0.108200 0.122400 0.162600 0.167900 0.028400 0.152700 0.211300 0.160400 0.073800 0.110200 0.092600 0.122800 0.113600 0.157000 0.172100
Hartebeest 0.061100 0.550900 0.168300 0.668500 0.110500 0.061100 0.062700 0.090700 0.143100 0.186900 0.079100 0.096300 0.014900 0.064700 0.120200 0.061100 0.182400 0.186900 0.152000 0.124400 0.095200 0.078200 0.173100 0.201100 0.079100 0.076300 0.000000 0.124400 0.030800 0.159000 0.187100 0.080500 0.307200 0.030900 0.077900 0.161200 0.094400 0.110000 0.108000 0.216100 0.188000 0.074400 0.172400 0.232200 0.146200 0.123300 0.095700 0.078200 0.108500 0.133500 0.143100 0.124400
Bongo 0.123100 0.600300 0.071700 0.644200 0.175200 0.123100 0.126100 0.152400 0.014600 0.216800 0.143500 0.127300 0.138900 0.130200 0.182400 0.123000 0.251300 0.257800 0.215000 0.029200 0.125600 0.141800 0.203400 0.251300 0.143500 0.138300 0.124400 0.000000 0.093100 0.029200 0.216900 0.145700 0.319900 0.126700 0.141300 0.157400 0.158600 0.174200 0.121800 0.246000 0.218100 0.168100 0.202500 0.261900 0.142700 0.137100 0.126700 0.141600 0.155500 0.201700 0.014600 0.029200
Gerenuk 0.061900 0.494100 0.137200 0.613000 0.110400 0.061800 0.063400 0.091700 0.111000 0.189100 0.080800 0.097500 0.045800 0.065500 0.121500 0.061800 0.184700 0.189500 0.153700 0.093100 0.063300 0.079100 0.175200 0.203500 0.080100 0.077200 0.030800 0.093100 0.000000 0.126800 0.189300 0.081500 0.311300 0.031300 0.078900 0.128500 0.096300 0.111000 0.077000 0.218700 0.190300 0.075300 0.174500 0.234800 0.113400 0.124700 0.063700 0.079100 0.109800 0.135200 0.111000 0.093100
CommonElan 0.157200 0.606700 0.071900 0.650200 0.175100 0.157200 0.161300 0.186900 0.014700 0.253800 0.179500 0.127800 0.173600 0.166700 0.217600 0.157200 0.252700 0.259200 0.251500 0.029300 0.161100 0.177200 0.240400 0.289900 0.179500 0.172800 0.159000 0.029200 0.126800 0.000000 0.254000 0.182400 0.321400 0.161900 0.176600 0.158100 0.194800 0.210700 0.155600 0.283400 0.255500 0.203100 0.239300 0.300100 0.144000 0.171300 0.162000 0.177100 0.191100 0.202700 0.014700 0.029200
MuntiacusR 0.185000 0.716700 0.296300 0.571100 0.203400 0.185000 0.122900 0.147200 0.237800 0.027000 0.155900 0.156500 0.201300 0.159900 0.113100 0.185300 0.244000 0.249900 0.207700 0.252800 0.189600 0.170100 0.041600 0.096700 0.155900 0.167100 0.187100 0.216900 0.189300 0.254000 0.000000 0.175200 0.235300 0.155500 0.169600 0.220600 0.136900 0.202400 0.217300 0.081400 0.055100 0.196400 0.013600 0.095300 0.206200 0.148600 0.225800 0.136700 0.166200 0.159600 0.237800 0.252800
HarveysDui 0.079500 0.473700 0.227200 0.594000 0.096700 0.079500 0.048100 0.077300 0.165800 0.175100 0.064700 0.082200 0.095800 0.016400 0.140300 0.079600 0.208200 0.213700 0.139500 0.181600 0.115900 0.063900 0.160700 0.225200 0.064700 0.095300 0.080500 0.145700 0.081500 0.182400 0.175200 0.000000 0.234500 0.048200 0.063700 0.148600 0.080400 0.063000 0.128600 0.204600 0.141200 0.126000 0.160100 0.221200 0.133100 0.077200 0.115400 0.064000 0.095200 0.119800 0.165800 0.181600
Pronghorn 0.263900 0.828200 0.365600 0.607200 0.326100 0.263900 0.233200 0.276600 0.303800 0.235000 0.291500 0.254100 0.322000 0.258100 0.253100 0.303900 0.271900 0.239700 0.307300 0.319900 0.353500 0.287600 0.221200 0.286200 0.291500 0.282000 0.307200 0.319900 0.311300 0.321400 0.235300 0.234500 0.000000 0.272100 0.286600 0.324900 0.307100 0.283400 0.318700 0.264000 0.200600 0.313900 0.220400 0.245700 0.309900 0.239800 0.354800 0.248200 0.242700 0.280100 0.303800 0.319900
BlueWildeb 0.062100 0.496100 0.171200 0.615800 0.078800 0.062100 0.031300 0.092200 0.145700 0.155300 0.047400 0.064100 0.046000 0.032300 0.089900 0.062200 0.185800 0.190700 0.121300 0.126700 0.096900 0.046900 0.141300 0.169600 0.047400 0.077500 0.030900 0.126700 0.031300 0.161900 0.155500 0.048200 0.272100 0.000000 0.046900 0.128700 0.062900 0.078400 0.109900 0.184800 0.156300 0.075600 0.140700 0.200500 0.113500 0.092300 0.097400 0.046800 0.077400 0.100000 0.145700 0.126700
Gemsbok 0.076900 0.514400 0.220300 0.632000 0.093800 0.077000 0.046700 0.106700 0.160600 0.169400 0.063100 0.079400 0.092700 0.048000 0.136200 0.076900 0.200800 0.206000 0.135400 0.176000 0.112000 0.030400 0.155700 0.218500 0.062700 0.092900 0.077900 0.141300 0.078900 0.176600 0.169600 0.063700 0.286600 0.046900 0.000000 0.143000 0.078000 0.093600 0.124500 0.165700 0.170500 0.122200 0.155000 0.214200 0.128500 0.106700 0.112700 0.061800 0.092000 0.115400 0.160600 0.176000
Yak 0.159200 0.546900 0.201400 0.526300 0.177800 0.159200 0.128400 0.189200 0.142300 0.220500 0.145900 0.062500 0.141900 0.132700 0.184800 0.125300 0.218700 0.224000 0.218100 0.157400 0.163500 0.143900 0.206600 0.234200 0.145900 0.175200 0.161200 0.157400 0.128500 0.158100 0.220600 0.148600 0.324900 0.128700 0.143000 0.000000 0.161100 0.177000 0.124500 0.213600 0.221700 0.205600 0.205800 0.230300 0.015100 0.155500 0.164200 0.144200 0.175200 0.168200 0.142300 0.157400
BlueSheep 0.061100 0.550000 0.238600 0.668000 0.110400 0.061500 0.062600 0.059400 0.178500 0.136800 0.015300 0.096400 0.109200 0.064700 0.152900 0.093300 0.220100 0.225800 0.119400 0.194000 0.129300 0.046100 0.138900 0.201100 0.015400 0.093000 0.094400 0.158600 0.096300 0.194800 0.136900 0.080400 0.307100 0.062900 0.078000 0.161100 0.000000 0.109900 0.141500 0.181800 0.153700 0.123000 0.122400 0.197300 0.146100 0.123200 0.130100 0.078100 0.108500 0.098100 0.178500 0.194000
BohorReedb 0.108700 0.574900 0.254300 0.691800 0.030200 0.108700 0.078200 0.105600 0.194400 0.202200 0.094700 0.112100 0.124700 0.080700 0.168000 0.108700 0.236500 0.242600 0.151300 0.209900 0.145300 0.093600 0.188600 0.252300 0.094700 0.108200 0.110000 0.174200 0.111000 0.210700 0.202400 0.063000 0.283400 0.078400 0.093600 0.177000 0.109900 0.000000 0.157100 0.215200 0.168700 0.138300 0.187800 0.247400 0.162100 0.089500 0.146100 0.093600 0.124100 0.149800 0.194400 0.209900
KirksDik 0.106800 0.566800 0.165400 0.648200 0.157800 0.106800 0.109500 0.136000 0.140000 0.217100 0.126500 0.127500 0.090700 0.113100 0.182300 0.075300 0.161000 0.238400 0.197800 0.155000 0.109400 0.124900 0.203500 0.267100 0.126500 0.122400 0.108000 0.121800 0.077000 0.155600 0.217300 0.128600 0.318700 0.109900 0.124500 0.124500 0.141500 0.157100 0.000000 0.245800 0.218400 0.151500 0.202700 0.262300 0.143100 0.153200 0.109900 0.125000 0.155200 0.183700 0.140000 0.155000
RoeDeer 0.213800 0.756800 0.325200 0.544200 0.216300 0.213800 0.151100 0.175200 0.267100 0.081300 0.201600 0.185700 0.229900 0.189700 0.111000 0.213700 0.273300 0.280000 0.202400 0.282200 0.254100 0.199300 0.068400 0.094500 0.201600 0.162600 0.216100 0.246000 0.218700 0.283400 0.081400 0.204600 0.264000 0.184800 0.165700 0.213600 0.181800 0.215200 0.245800 0.000000 0.081800 0.191300 0.068100 0.093300 0.199700 0.144500 0.255600 0.165200 0.194300 0.189000 0.267100 0.282200
WhiteLippe 0.185900 0.686200 0.298000 0.575000 0.204500 0.185900 0.122800 0.116200 0.239100 0.055000 0.173300 0.157300 0.202300 0.160700 0.114200 0.186200 0.245300 0.251200 0.208800 0.254300 0.225900 0.171000 0.013700 0.097200 0.173300 0.167900 0.188000 0.218100 0.190300 0.255500 0.055100 0.141200 0.200600 0.156300 0.170500 0.221700 0.153700 0.168700 0.218400 0.081800 0.000000 0.197400 0.041600 0.081600 0.207200 0.117200 0.227100 0.137300 0.166900 0.160300 0.239100 0.254300
ThomsonGaz 0.089600 0.614800 0.210800 0.659000 0.138900 0.089600 0.075700 0.118300 0.187400 0.196300 0.108200 0.141500 0.088800 0.110800 0.131100 0.104800 0.192100 0.196700 0.146300 0.168100 0.140000 0.106900 0.182900 0.210300 0.108200 0.028400 0.074400 0.168100 0.075300 0.203100 0.196400 0.126000 0.313900 0.075600 0.122200 0.205600 0.123000 0.138300 0.151500 0.191300 0.197400 0.000000 0.182200 0.240400 0.191100 0.102600 0.140700 0.122500 0.152300 0.144800 0.187400 0.168100
MuntiacusC 0.170400 0.693700 0.281900 0.552000 0.188700 0.170400 0.107500 0.133200 0.223000 0.013600 0.141100 0.141600 0.186700 0.144800 0.100000 0.170600 0.228800 0.234300 0.193800 0.238200 0.209700 0.155600 0.027700 0.083300 0.141100 0.152700 0.172400 0.202500 0.174500 0.239300 0.013600 0.160100 0.220400 0.140700 0.155000 0.205800 0.122400 0.187800 0.202700 0.068100 0.041600 0.182200 0.000000 0.082000 0.191200 0.134300 0.210800 0.122100 0.151700 0.144400 0.223000 0.238200
WhiteTaile 0.229600 0.709500 0.342000 0.573700 0.248700 0.229600 0.166700 0.190100 0.283600 0.095200 0.217700 0.167500 0.246200 0.206200 0.125000 0.195600 0.291200 0.298000 0.217900 0.298600 0.271200 0.214900 0.068200 0.079800 0.217700 0.211300 0.232200 0.261900 0.234800 0.300100 0.095300 0.221200 0.245700 0.200500 0.214200 0.230300 0.197300 0.247400 0.262300 0.093300 0.081600 0.240400 0.082000 0.000000 0.216200 0.191900 0.272400 0.180900 0.177400 0.205800 0.283600 0.298600
Cattle 0.144400 0.526100 0.187200 0.508000 0.161400 0.144400 0.113200 0.174600 0.127400 0.206000 0.130700 0.046900 0.161200 0.117000 0.170600 0.110400 0.241100 0.208300 0.203900 0.142700 0.148200 0.128900 0.192000 0.219900 0.130700 0.160400 0.146200 0.142700 0.113400 0.144000 0.206200 0.133100 0.309900 0.113500 0.128500 0.015100 0.146100 0.162100 0.143100 0.199700 0.207200 0.191100 0.191200 0.216200 0.000000 0.140900 0.148900 0.129100 0.160300 0.152600 0.127400 0.142700
RoyalAntel 0.121900 0.589300 0.214000 0.568400 0.123200 0.122100 0.060500 0.118500 0.155700 0.148500 0.108400 0.092900 0.137700 0.094900 0.116500 0.122000 0.212400 0.217600 0.146500 0.170700 0.158400 0.107100 0.134800 0.195200 0.108400 0.073800 0.123300 0.137100 0.124700 0.171300 0.148600 0.077200 0.239800 0.092300 0.106700 0.155500 0.123200 0.089500 0.153200 0.144500 0.117200 0.102600 0.134300 0.191900 0.140900 0.000000 0.159200 0.107200 0.104700 0.128700 0.155700 0.170700
Steenbok 0.094600 0.527100 0.206300 0.578800 0.146800 0.094600 0.097100 0.124800 0.145800 0.225700 0.114500 0.132800 0.110800 0.099300 0.189600 0.094600 0.223500 0.229300 0.188400 0.161300 0.095900 0.113000 0.211800 0.277900 0.114500 0.110200 0.095700 0.126700 0.063700 0.162000 0.225800 0.115400 0.354800 0.097400 0.112700 0.164200 0.130100 0.146100 0.109900 0.255600 0.227100 0.140700 0.210800 0.272400 0.148900 0.159200 0.000000 0.113000 0.144200 0.172700 0.145800 0.161300
Impala 0.077200 0.518300 0.220800 0.634900 0.094000 0.077200 0.046700 0.107000 0.161000 0.136600 0.062900 0.079800 0.093100 0.048100 0.104100 0.077400 0.184300 0.188900 0.103600 0.176300 0.112500 0.062100 0.122600 0.183900 0.062900 0.092600 0.078200 0.141600 0.079100 0.177100 0.136700 0.064000 0.248200 0.046800 0.061800 0.144200 0.078100 0.093600 0.125000 0.165200 0.137300 0.122500 0.122100 0.180900 0.129100 0.107200 0.113000 0.000000 0.060600 0.116100 0.161000 0.176300
Klipspring 0.107300 0.561400 0.234200 0.606400 0.124600 0.107300 0.077200 0.136500 0.175100 0.166000 0.093600 0.110800 0.123200 0.079700 0.133000 0.107600 0.216500 0.221800 0.133200 0.190200 0.143600 0.092300 0.152200 0.212400 0.093600 0.122800 0.108500 0.155500 0.109800 0.191100 0.166200 0.095200 0.242700 0.077400 0.092000 0.175200 0.108500 0.124100 0.155200 0.194300 0.166900 0.152300 0.151700 0.177400 0.160300 0.104700 0.144200 0.060600 0.000000 0.148100 0.175100 0.190200
ForestMusk 0.131800 0.448600 0.247800 0.505200 0.150500 0.132500 0.065500 0.127700 0.185800 0.159400 0.117500 0.100500 0.148900 0.103200 0.159100 0.131500 0.191500 0.196400 0.192800 0.201700 0.172100 0.115400 0.144900 0.209300 0.117500 0.113600 0.133500 0.201700 0.135200 0.202700 0.159600 0.119800 0.280100 0.100000 0.115400 0.168200 0.098100 0.149800 0.183700 0.189000 0.160300 0.144800 0.144400 0.205800 0.152600 0.128700 0.172700 0.116100 0.148100 0.000000 0.185800 0.201700
Bushbuck 0.141500 0.577200 0.057500 0.622900 0.195500 0.141500 0.145200 0.171200 0.000000 0.237600 0.163100 0.111900 0.157800 0.150000 0.201900 0.141500 0.235500 0.241500 0.235400 0.014600 0.145000 0.161100 0.224100 0.273100 0.163100 0.157000 0.143100 0.014600 0.111000 0.014700 0.237800 0.165800 0.303800 0.145700 0.160600 0.142300 0.178500 0.194400 0.140000 0.267100 0.239100 0.187400 0.223000 0.283600 0.127400 0.155700 0.145800 0.161000 0.175100 0.185800 0.000000 0.014700
GreaterKud 0.156700 0.600300 0.042300 0.644200 0.211100 0.156700 0.160600 0.186200 0.014600 0.252600 0.178700 0.127300 0.138900 0.166000 0.182400 0.156500 0.251300 0.257800 0.250500 0.000000 0.160400 0.176600 0.239300 0.251300 0.178700 0.172100 0.124400 0.029200 0.093100 0.029200 0.252800 0.181600 0.319900 0.126700 0.176000 0.157400 0.194000 0.209900 0.155000 0.282200 0.254300 0.168100 0.238200 0.298600 0.142700 0.170700 0.161300 0.176300 0.190200 0.201700 0.014700 0.000000
