1
52 1
Argali 0.000000 0.266000 0.200800 0.254500 0.000700 0.000000 0.506500 0.000400 0.200800 0.162100 0.186300 0.000400 0.204300 0.227300 0.000400 0.000400 0.554700 0.162100 0.214200 0.188100 0.000400 0.000000 0.000800 0.001100 0.000000 0.000400 0.204300 0.000400 0.188400 0.000400 0.000600 0.506500 0.000400 0.204300 0.470200 0.389800 0.000000 0.000700 0.000400 0.449600 0.000400 0.000400 0.000400 0.001100 0.631000 0.000600 0.389900 0.000400 0.000400 0.370400 0.200800 0.200800
LesserMous 0.266000 0.000000 0.530800 0.000300 0.239200 0.266000 1.113600 0.262000 0.530800 0.402600 0.492600 0.262000 0.496800 0.595100 0.262000 0.262000 0.882800 0.402600 0.577500 0.459400 0.262000 0.266000 0.267900 0.268400 0.266000 0.262000 0.496800 0.262000 0.480600 0.262000 0.245500 1.113600 0.262000 0.496800 0.895400 0.789700 0.266000 0.239200 0.262000 0.847900 0.262000 0.262000 0.262000 0.268400 1.085900 0.247400 0.675400 0.262000 0.262000 0.757600 0.530800 0.530800
LesserKudu 0.200800 0.530800 0.000000 0.517300 0.190000 0.200800 0.814300 0.196000 0.000000 0.321800 0.385100 0.196000 0.000300 0.447400 0.196000 0.196000 0.335900 0.321800 0.440500 0.363500 0.196000 0.200800 0.196200 0.196700 0.200800 0.196000 0.000300 0.196000 0.372900 0.196000 0.187400 0.814300 0.196000 0.000300 0.152400 0.146400 0.200800 0.190000 0.196000 0.668600 0.196000 0.196000 0.196000 0.196700 0.311000 0.187600 0.542100 0.196000 0.196000 0.141500 0.000000 0.000000
KillerWhal 0.254500 0.000300 0.517300 0.000000 0.232600 0.254500 1.014600 0.256600 0.517300 0.393900 0.467200 0.256600 0.470000 0.563100 0.256600 0.256600 0.918500 0.430200 0.548200 0.452300 0.256600 0.254500 0.257900 0.257100 0.254500 0.256600 0.470000 0.256600 0.467100 0.256600 0.284300 1.014600 0.256600 0.470000 0.825700 0.736800 0.254500 0.232600 0.256600 0.803300 0.256600 0.256600 0.256600 0.257100 1.011600 0.236600 0.669000 0.256600 0.256600 0.704200 0.517300 0.517300
DefassaWat 0.000700 0.239200 0.190000 0.232600 0.000000 0.000700 0.435400 0.000300 0.190000 0.149500 0.176200 0.000300 0.173000 0.201900 0.000300 0.000300 0.536200 0.149500 0.197700 0.168400 0.000300 0.000700 0.000400 0.000900 0.000700 0.000300 0.173000 0.000300 0.173400 0.000300 0.000400 0.435400 0.000300 0.173000 0.391500 0.372400 0.000700 0.000000 0.000300 0.399100 0.000300 0.000300 0.000300 0.000900 0.590700 0.000400 0.327800 0.000300 0.000300 0.360100 0.190000 0.190000
Sheep 0.000000 0.266000 0.200800 0.254500 0.000700 0.000000 0.506500 0.000400 0.200800 0.162100 0.186300 0.000400 0.204300 0.227300 0.000400 0.000400 0.554700 0.162100 0.214200 0.188100 0.000400 0.000000 0.000800 0.001100 0.000000 0.000400 0.204300 0.000400 0.188400 0.000400 0.000600 0.506500 0.000400 0.204300 0.470200 0.389800 0.000000 0.000700 0.000400 0.449600 0.000400 0.000400 0.000400 0.001100 0.631000 0.000600 0.389900 0.000400 0.000400 0.370400 0.200800 0.200800
MaxwellsDu 0.506500 1.113600 0.814300 1.014600 0.435400 0.506500 0.000000 0.484800 0.814300 0.582500 0.762200 0.484800 0.771100 0.186200 0.484800 0.484800 1.155800 0.582500 0.908300 0.679000 0.484800 0.506500 0.486500 0.481400 0.506500 0.484800 0.771100 0.484800 0.716100 0.484800 0.450500 0.000000 0.484800 0.771100 1.456700 1.123600 0.506500 0.435400 0.484800 1.160400 0.484800 0.484800 0.484800 0.481400 1.523600 0.450300 0.938600 0.484800 0.484800 1.152900 0.814300 0.814300
GazellaPrz 0.000400 0.262000 0.196000 0.256600 0.000300 0.000400 0.484800 0.000000 0.196000 0.160500 0.188400 0.000000 0.181400 0.222200 0.000000 0.000000 0.545500 0.160500 0.217000 0.181500 0.000000 0.000400 0.000300 0.000600 0.000400 0.000000 0.181400 0.000000 0.184500 0.000000 0.000100 0.484800 0.000000 0.181400 0.407600 0.381700 0.000400 0.000300 0.000000 0.434000 0.000000 0.000000 0.000000 0.000600 0.601400 0.000100 0.350900 0.000000 0.000000 0.368300 0.196000 0.196000
MountainNy 0.200800 0.530800 0.000000 0.517300 0.190000 0.200800 0.814300 0.196000 0.000000 0.321800 0.385100 0.196000 0.000300 0.447400 0.196000 0.196000 0.335900 0.321800 0.440500 0.363500 0.196000 0.200800 0.196200 0.196700 0.200800 0.196000 0.000300 0.196000 0.372900 0.196000 0.187400 0.814300 0.196000 0.000300 0.152400 0.146400 0.200800 0.190000 0.196000 0.668600 0.196000 0.196000 0.196000 0.196700 0.311000 0.187600 0.542100 0.196000 0.196000 0.141500 0.000000 0.000000
MuntiacusM 0.162100 0.402600 0.321800 0.393900 0.149500 0.162100 0.582500 0.160500 0.321800 0.000000 0.309700 0.160500 0.302500 0.349100 0.160500 0.160500 0.604400 0.270700 0.344200 0.299500 0.160500 0.162100 0.159500 0.161200 0.162100 0.160500 0.302500 0.160500 0.305000 0.160500 0.154300 0.582500 0.160500 0.302500 0.503400 0.476400 0.162100 0.149500 0.160500 0.532000 0.160500 0.160500 0.160500 0.161200 0.666200 0.155700 0.442000 0.160500 0.160500 0.467400 0.321800 0.321800
goat 0.186300 0.492600 0.385100 0.467200 0.176200 0.186300 0.762200 0.188400 0.385100 0.309700 0.000000 0.188400 0.393600 0.425400 0.188400 0.188400 0.323700 0.309700 0.400400 0.356000 0.188400 0.186300 0.184500 0.185700 0.186300 0.188400 0.393600 0.188400 0.000400 0.188400 0.178300 0.762200 0.188400 0.393600 0.694300 0.139600 0.186300 0.176200 0.188400 0.402600 0.188400 0.188400 0.188400 0.185700 0.298600 0.180300 0.565000 0.188400 0.188400 0.135000 0.385100 0.385100
AfricanBuf 0.000400 0.262000 0.196000 0.256600 0.000300 0.000400 0.484800 0.000000 0.196000 0.160500 0.188400 0.000000 0.181400 0.222200 0.000000 0.000000 0.545500 0.160500 0.217000 0.181500 0.000000 0.000400 0.000300 0.000600 0.000400 0.000000 0.181400 0.000000 0.184500 0.000000 0.000100 0.484800 0.000000 0.181400 0.407600 0.381700 0.000400 0.000300 0.000000 0.434000 0.000000 0.000000 0.000000 0.000600 0.601400 0.000100 0.350900 0.000000 0.000000 0.368300 0.196000 0.196000
Topi 0.204300 0.496800 0.000300 0.470000 0.173000 0.204300 0.771100 0.181400 0.000300 0.302500 0.393600 0.181400 0.000000 0.416000 0.181400 0.181400 0.319300 0.302500 0.290100 0.346000 0.181400 0.204300 0.344200 0.178500 0.204300 0.181400 0.000000 0.181400 0.351300 0.181400 0.173400 0.771100 0.181400 0.000000 0.110800 0.135700 0.204300 0.173000 0.181400 0.634900 0.181400 0.181400 0.181400 0.178500 0.295400 0.517100 0.562900 0.181400 0.181400 0.131400 0.000300 0.000300
CommonDuik 0.227300 0.595100 0.447400 0.563100 0.201900 0.227300 0.186200 0.222200 0.447400 0.349100 0.425400 0.222200 0.416000 0.000000 0.222200 0.222200 0.773600 0.349100 0.486800 0.401100 0.222200 0.227300 0.219300 0.210100 0.227300 0.222200 0.416000 0.222200 0.412800 0.222200 0.207100 0.186200 0.222200 0.416000 0.730100 0.658300 0.227300 0.201900 0.222200 0.722700 0.222200 0.222200 0.222200 0.210100 0.928000 0.209400 0.586900 0.222200 0.222200 0.647100 0.447400 0.447400
Suni 0.000400 0.262000 0.196000 0.256600 0.000300 0.000400 0.484800 0.000000 0.196000 0.160500 0.188400 0.000000 0.181400 0.222200 0.000000 0.000000 0.545500 0.160500 0.217000 0.181500 0.000000 0.000400 0.000300 0.000600 0.000400 0.000000 0.181400 0.000000 0.184500 0.000000 0.000100 0.484800 0.000000 0.181400 0.407600 0.381700 0.000400 0.000300 0.000000 0.434000 0.000000 0.000000 0.000000 0.000600 0.601400 0.000100 0.350900 0.000000 0.000000 0.368300 0.196000 0.196000
Springbuck 0.000400 0.262000 0.196000 0.256600 0.000300 0.000400 0.484800 0.000000 0.196000 0.160500 0.188400 0.000000 0.181400 0.222200 0.000000 0.000000 0.545500 0.160500 0.217000 0.181500 0.000000 0.000400 0.000300 0.000600 0.000400 0.000000 0.181400 0.000000 0.184500 0.000000 0.000100 0.484800 0.000000 0.181400 0.407600 0.381700 0.000400 0.000300 0.000000 0.434000 0.000000 0.000000 0.000000 0.000600 0.601400 0.000100 0.350900 0.000000 0.000000 0.368300 0.196000 0.196000
Okapi 0.554700 0.882800 0.335900 0.918500 0.536200 0.554700 1.155800 0.545500 0.335900 0.604400 0.323700 0.545500 0.319300 0.773600 0.545500 0.545500 0.000000 0.301900 0.759400 0.661700 0.545500 0.554700 0.553200 0.562700 0.554700 0.545500 0.319300 0.545500 0.322000 0.545500 0.420000 1.155800 0.545500 0.319300 0.461100 0.183000 0.554700 0.536200 0.545500 0.743000 0.545500 0.545500 0.545500 0.562700 0.286000 0.528300 0.807200 0.545500 0.545500 0.181600 0.335900 0.335900
Giraffe 0.162100 0.402600 0.321800 0.430200 0.149500 0.162100 0.582500 0.160500 0.321800 0.270700 0.309700 0.160500 0.302500 0.349100 0.160500 0.160500 0.301900 0.000000 0.344200 0.299500 0.160500 0.162100 0.159500 0.161200 0.162100 0.160500 0.302500 0.160500 0.305000 0.160500 0.000100 0.582500 0.160500 0.302500 0.503400 0.476400 0.162100 0.149500 0.160500 0.532000 0.160500 0.160500 0.160500 0.161200 0.666200 0.155700 0.442000 0.160500 0.160500 0.467400 0.321800 0.321800
TibetanAnt 0.214200 0.577500 0.440500 0.548200 0.197700 0.214200 0.908300 0.217000 0.440500 0.344200 0.400400 0.217000 0.290100 0.486800 0.217000 0.217000 0.759400 0.344200 0.000000 0.401000 0.217000 0.214200 0.000800 0.207100 0.214200 0.217000 0.290100 0.217000 0.406200 0.217000 0.201400 0.908300 0.217000 0.290100 0.550700 0.653500 0.214200 0.197700 0.217000 0.717300 0.217000 0.217000 0.217000 0.207100 0.931000 0.211100 0.641800 0.217000 0.217000 0.627900 0.440500 0.440500
Sitatunga 0.188100 0.459400 0.363500 0.452300 0.168400 0.188100 0.679000 0.181500 0.363500 0.299500 0.356000 0.181500 0.346000 0.401100 0.181500 0.181500 0.661700 0.299500 0.401000 0.000000 0.181500 0.188100 0.179800 0.179800 0.188100 0.181500 0.346000 0.181500 0.341800 0.181500 0.174100 0.679000 0.183200 0.346000 0.583700 0.545200 0.188100 0.168400 0.181500 0.396600 0.181500 0.181500 0.181500 0.179800 0.758400 0.174200 0.491600 0.181500 0.181500 0.529200 0.363500 0.363500
Oribi 0.000400 0.262000 0.196000 0.256600 0.000300 0.000400 0.484800 0.000000 0.196000 0.160500 0.188400 0.000000 0.181400 0.222200 0.000000 0.000000 0.545500 0.160500 0.217000 0.181500 0.000000 0.000400 0.000300 0.000600 0.000400 0.000000 0.181400 0.000000 0.184500 0.000000 0.000100 0.484800 0.000000 0.181400 0.407600 0.381700 0.000400 0.000300 0.000000 0.434000 0.000000 0.000000 0.000000 0.000600 0.601400 0.000100 0.350900 0.000000 0.000000 0.368300 0.196000 0.196000
BarbaryShe 0.000000 0.266000 0.200800 0.254500 0.000700 0.000000 0.506500 0.000400 0.200800 0.162100 0.186300 0.000400 0.204300 0.227300 0.000400 0.000400 0.554700 0.162100 0.214200 0.188100 0.000400 0.000000 0.000800 0.001100 0.000000 0.000400 0.204300 0.000400 0.188400 0.000400 0.000600 0.506500 0.000400 0.204300 0.470200 0.389800 0.000000 0.000700 0.000400 0.449600 0.000400 0.000400 0.000400 0.001100 0.631000 0.000600 0.389900 0.000400 0.000400 0.370400 0.200800 0.200800
Daviddeer 0.000800 0.267900 0.196200 0.257900 0.000400 0.000800 0.486500 0.000300 0.196200 0.159500 0.184500 0.000300 0.344200 0.219300 0.000300 0.000300 0.553200 0.159500 0.000800 0.179800 0.000300 0.000800 0.000000 0.000900 0.000800 0.000300 0.344200 0.000300 0.184100 0.000300 0.000400 0.486500 0.000300 0.344200 0.578100 0.379800 0.000800 0.000400 0.000300 0.432800 0.000300 0.000300 0.000300 0.000900 0.605100 0.181500 0.356700 0.000300 0.000300 0.365400 0.196200 0.196200
Reindeer 0.001100 0.268400 0.196700 0.257100 0.000900 0.001100 0.481400 0.000600 0.196700 0.161200 0.185700 0.000600 0.178500 0.210100 0.000600 0.000600 0.562700 0.161200 0.207100 0.179800 0.000600 0.001100 0.000900 0.000000 0.001100 0.000600 0.178500 0.000600 0.185400 0.000600 0.000700 0.481400 0.000600 0.178500 0.404700 0.383000 0.001100 0.000900 0.000600 0.429400 0.000600 0.000600 0.000600 0.000000 0.606400 0.000700 0.351300 0.000600 0.000600 0.367600 0.196700 0.196700
Ibex 0.000000 0.266000 0.200800 0.254500 0.000700 0.000000 0.506500 0.000400 0.200800 0.162100 0.186300 0.000400 0.204300 0.227300 0.000400 0.000400 0.554700 0.162100 0.214200 0.188100 0.000400 0.000000 0.000800 0.001100 0.000000 0.000400 0.204300 0.000400 0.188400 0.000400 0.000600 0.506500 0.000400 0.204300 0.470200 0.389800 0.000000 0.000700 0.000400 0.449600 0.000400 0.000400 0.000400 0.001100 0.631000 0.000600 0.389900 0.000400 0.000400 0.370400 0.200800 0.200800
GyrantGaze 0.000400 0.262000 0.196000 0.256600 0.000300 0.000400 0.484800 0.000000 0.196000 0.160500 0.188400 0.000000 0.181400 0.222200 0.000000 0.000000 0.545500 0.160500 0.217000 0.181500 0.000000 0.000400 0.000300 0.000600 0.000400 0.000000 0.181400 0.000000 0.184500 0.000000 0.000100 0.484800 0.000000 0.181400 0.407600 0.381700 0.000400 0.000300 0.000000 0.434000 0.000000 0.000000 0.000000 0.000600 0.601400 0.000100 0.350900 0.000000 0.000000 0.368300 0.196000 0.196000
Hartebeest 0.204300 0.496800 0.000300 0.470000 0.173000 0.204300 0.771100 0.181400 0.000300 0.302500 0.393600 0.181400 0.000000 0.416000 0.181400 0.181400 0.319300 0.302500 0.290100 0.346000 0.181400 0.204300 0.344200 0.178500 0.204300 0.181400 0.000000 0.181400 0.351300 0.181400 0.173400 0.771100 0.181400 0.000000 0.110800 0.135700 0.204300 0.173000 0.181400 0.634900 0.181400 0.181400 0.181400 0.178500 0.295400 0.517100 0.562900 0.181400 0.181400 0.131400 0.000300 0.000300
Bongo 0.000400 0.262000 0.196000 0.256600 0.000300 0.000400 0.484800 0.000000 0.196000 0.160500 0.188400 0.000000 0.181400 0.222200 0.000000 0.000000 0.545500 0.160500 0.217000 0.181500 0.000000 0.000400 0.000300 0.000600 0.000400 0.000000 0.181400 0.000000 0.184500 0.000000 0.000100 0.484800 0.000000 0.181400 0.407600 0.381700 0.000400 0.000300 0.000000 0.434000 0.000000 0.000000 0.000000 0.000600 0.601400 0.000100 0.350900 0.000000 0.000000 0.368300 0.196000 0.196000
Gerenuk 0.188400 0.480600 0.372900 0.467100 0.173400 0.188400 0.716100 0.184500 0.372900 0.305000 0.000400 0.184500 0.351300 0.412800 0.184500 0.184500 0.322000 0.305000 0.406200 0.341800 0.184500 0.188400 0.184100 0.185400 0.188400 0.184500 0.351300 0.184500 0.000000 0.184500 0.176800 0.716100 0.184500 0.351300 0.601100 0.138700 0.188400 0.173400 0.184500 0.391000 0.184400 0.184500 0.184500 0.185400 0.291400 0.176900 0.505700 0.184500 0.184300 0.135100 0.372900 0.372900
CommonElan 0.000400 0.262000 0.196000 0.256600 0.000300 0.000400 0.484800 0.000000 0.196000 0.160500 0.188400 0.000000 0.181400 0.222200 0.000000 0.000000 0.545500 0.160500 0.217000 0.181500 0.000000 0.000400 0.000300 0.000600 0.000400 0.000000 0.181400 0.000000 0.184500 0.000000 0.000100 0.484800 0.000000 0.181400 0.407600 0.381700 0.000400 0.000300 0.000000 0.434000 0.000000 0.000000 0.000000 0.000600 0.601400 0.000100 0.350900 0.000000 0.000000 0.368300 0.196000 0.196000
MuntiacusR 0.000600 0.245500 0.187400 0.284300 0.000400 0.000600 0.450500 0.000100 0.187400 0.154300 0.178300 0.000100 0.173400 0.207100 0.000100 0.000100 0.420000 0.000100 0.201400 0.174100 0.000100 0.000600 0.000400 0.000700 0.000600 0.000100 0.173400 0.000100 0.176800 0.000100 0.000000 0.450500 0.000100 0.173400 0.385800 0.360300 0.000600 0.000400 0.000100 0.404900 0.000100 0.000100 0.000100 0.000700 0.566000 0.000300 0.336600 0.000100 0.000100 0.348500 0.187400 0.187400
HarveysDui 0.506500 1.113600 0.814300 1.014600 0.435400 0.506500 0.000000 0.484800 0.814300 0.582500 0.762200 0.484800 0.771100 0.186200 0.484800 0.484800 1.155800 0.582500 0.908300 0.679000 0.484800 0.506500 0.486500 0.481400 0.506500 0.484800 0.771100 0.484800 0.716100 0.484800 0.450500 0.000000 0.484800 0.771100 1.456700 1.123600 0.506500 0.435400 0.484800 1.160400 0.484800 0.484800 0.484800 0.481400 1.523600 0.450300 0.938600 0.484800 0.484800 1.152900 0.814300 0.814300
Pronghorn 0.000400 0.262000 0.196000 0.256600 0.000300 0.000400 0.484800 0.000000 0.196000 0.160500 0.188400 0.000000 0.181400 0.222200 0.000000 0.000000 0.545500 0.160500 0.217000 0.183200 0.000000 0.000400 0.000300 0.000600 0.000400 0.000000 0.181400 0.000000 0.184500 0.000000 0.000100 0.484800 0.000000 0.181400 0.407600 0.381700 0.000400 0.000300 0.000000 0.434000 0.000000 0.000000 0.000000 0.000600 0.601400 0.000100 0.350900 0.000000 0.000000 0.368300 0.196000 0.196000
BlueWildeb 0.204300 0.496800 0.000300 0.470000 0.173000 0.204300 0.771100 0.181400 0.000300 0.302500 0.393600 0.181400 0.000000 0.416000 0.181400 0.181400 0.319300 0.302500 0.290100 0.346000 0.181400 0.204300 0.344200 0.178500 0.204300 0.181400 0.000000 0.181400 0.351300 0.181400 0.173400 0.771100 0.181400 0.000000 0.108600 0.135700 0.204300 0.173000 0.181400 0.634900 0.181400 0.181400 0.181400 0.178500 0.295400 0.517100 0.562900 0.181400 0.181400 0.131400 0.000300 0.000300
Gemsbok 0.470200 0.895400 0.152400 0.825700 0.391500 0.470200 1.456700 0.407600 0.152400 0.503400 0.694300 0.407600 0.110800 0.730100 0.407600 0.407600 0.461100 0.503400 0.550700 0.583700 0.407600 0.470200 0.578100 0.404700 0.470200 0.407600 0.110800 0.407600 0.601100 0.407600 0.385800 1.456700 0.407600 0.108600 0.000000 0.302900 0.470200 0.391500 0.407600 0.964200 0.407600 0.407600 0.407600 0.404700 0.495000 0.903000 0.305300 0.407600 0.407600 0.289800 0.152400 0.152400
Yak 0.389800 0.789700 0.146400 0.736800 0.372400 0.389800 1.123600 0.381700 0.146400 0.476400 0.139600 0.381700 0.135700 0.658300 0.381700 0.381700 0.183000 0.476400 0.653500 0.545200 0.381700 0.389800 0.379800 0.383000 0.389800 0.381700 0.135700 0.381700 0.138700 0.381700 0.360300 1.123600 0.381700 0.135700 0.302900 0.000000 0.389800 0.372400 0.381700 0.614000 0.381700 0.381700 0.381700 0.383000 0.117800 0.358400 0.784300 0.381700 0.381700 0.000500 0.146400 0.146400
BlueSheep 0.000000 0.266000 0.200800 0.254500 0.000700 0.000000 0.506500 0.000400 0.200800 0.162100 0.186300 0.000400 0.204300 0.227300 0.000400 0.000400 0.554700 0.162100 0.214200 0.188100 0.000400 0.000000 0.000800 0.001100 0.000000 0.000400 0.204300 0.000400 0.188400 0.000400 0.000600 0.506500 0.000400 0.204300 0.470200 0.389800 0.000000 0.000700 0.000400 0.449600 0.000400 0.000400 0.000400 0.001100 0.631000 0.000600 0.389900 0.000400 0.000400 0.370400 0.200800 0.200800
BohorReedb 0.000700 0.239200 0.190000 0.232600 0.000000 0.000700 0.435400 0.000300 0.190000 0.149500 0.176200 0.000300 0.173000 0.201900 0.000300 0.000300 0.536200 0.149500 0.197700 0.168400 0.000300 0.000700 0.000400 0.000900 0.000700 0.000300 0.173000 0.000300 0.173400 0.000300 0.000400 0.435400 0.000300 0.173000 0.391500 0.372400 0.000700 0.000000 0.000300 0.399100 0.000300 0.000300 0.000300 0.000900 0.590700 0.000400 0.327800 0.000300 0.000300 0.360100 0.190000 0.190000
KirksDik 0.000400 0.262000 0.196000 0.256600 0.000300 0.000400 0.484800 0.000000 0.196000 0.160500 0.188400 0.000000 0.181400 0.222200 0.000000 0.000000 0.545500 0.160500 0.217000 0.181500 0.000000 0.000400 0.000300 0.000600 0.000400 0.000000 0.181400 0.000000 0.184500 0.000000 0.000100 0.484800 0.000000 0.181400 0.407600 0.381700 0.000400 0.000300 0.000000 0.434000 0.000000 0.000000 0.000000 0.000600 0.601400 0.000100 0.350900 0.000000 0.000000 0.368300 0.196000 0.196000
RoeDeer 0.449600 0.847900 0.668600 0.803300 0.399100 0.449600 1.160400 0.434000 0.668600 0.532000 0.402600 0.434000 0.634900 0.722700 0.434000 0.434000 0.743000 0.532000 0.717300 0.396600 0.434000 0.449600 0.432800 0.429400 0.449600 0.434000 0.634900 0.434000 0.391000 0.434000 0.404900 1.160400 0.434000 0.634900 0.964200 0.614000 0.449600 0.399100 0.434000 0.000000 0.434000 0.434000 0.434000 0.429400 0.851400 0.405500 0.777800 0.434000 0.434000 0.594200 0.668600 0.668600
WhiteLippe 0.000400 0.262000 0.196000 0.256600 0.000300 0.000400 0.484800 0.000000 0.196000 0.160500 0.188400 0.000000 0.181400 0.222200 0.000000 0.000000 0.545500 0.160500 0.217000 0.181500 0.000000 0.000400 0.000300 0.000600 0.000400 0.000000 0.181400 0.000000 0.184400 0.000000 0.000100 0.484800 0.000000 0.181400 0.407600 0.381700 0.000400 0.000300 0.000000 0.434000 0.000000 0.000000 0.000000 0.000600 0.601400 0.000100 0.350900 0.000000 0.000000 0.368300 0.196000 0.196000
ThomsonGaz 0.000400 0.262000 0.196000 0.256600 0.000300 0.000400 0.484800 0.000000 0.196000 0.160500 0.188400 0.000000 0.181400 0.222200 0.000000 0.000000 0.545500 0.160500 0.217000 0.181500 0.000000 0.000400 0.000300 0.000600 0.000400 0.000000 0.181400 0.000000 0.184500 0.000000 0.000100 0.484800 0.000000 0.181400 0.407600 0.381700 0.000400 0.000300 0.000000 0.434000 0.000000 0.000000 0.000000 0.000600 0.601400 0.000100 0.351100 0.000000 0.000000 0.368300 0.196000 0.196000
MuntiacusC 0.000400 0.262000 0.196000 0.256600 0.000300 0.000400 0.484800 0.000000 0.196000 0.160500 0.188400 0.000000 0.181400 0.222200 0.000000 0.000000 0.545500 0.160500 0.217000 0.181500 0.000000 0.000400 0.000300 0.000600 0.000400 0.000000 0.181400 0.000000 0.184500 0.000000 0.000100 0.484800 0.000000 0.181400 0.407600 0.381700 0.000400 0.000300 0.000000 0.434000 0.000000 0.000000 0.000000 0.000600 0.601400 0.000100 0.350600 0.000000 0.000000 0.368300 0.196000 0.196000
WhiteTaile 0.001100 0.268400 0.196700 0.257100 0.000900 0.001100 0.481400 0.000600 0.196700 0.161200 0.185700 0.000600 0.178500 0.210100 0.000600 0.000600 0.562700 0.161200 0.207100 0.179800 0.000600 0.001100 0.000900 0.000000 0.001100 0.000600 0.178500 0.000600 0.185400 0.000600 0.000700 0.481400 0.000600 0.178500 0.404700 0.383000 0.001100 0.000900 0.000600 0.429400 0.000600 0.000600 0.000600 0.000000 0.606400 0.000700 0.351300 0.000600 0.000600 0.367600 0.196700 0.196700
Cattle 0.631000 1.085900 0.311000 1.011600 0.590700 0.631000 1.523600 0.601400 0.311000 0.666200 0.298600 0.601400 0.295400 0.928000 0.601400 0.601400 0.286000 0.666200 0.931000 0.758400 0.601400 0.631000 0.605100 0.606400 0.631000 0.601400 0.295400 0.601400 0.291400 0.601400 0.566000 1.523600 0.601400 0.295400 0.495000 0.117800 0.631000 0.590700 0.601400 0.851400 0.601400 0.601400 0.601400 0.606400 0.000000 0.560800 1.028900 0.601400 0.601400 0.116500 0.311000 0.311000
RoyalAntel 0.000600 0.247400 0.187600 0.236600 0.000400 0.000600 0.450300 0.000100 0.187600 0.155700 0.180300 0.000100 0.517100 0.209400 0.000100 0.000100 0.528300 0.155700 0.211100 0.174200 0.000100 0.000600 0.181500 0.000700 0.000600 0.000100 0.517100 0.000100 0.176900 0.000100 0.000300 0.450300 0.000100 0.517100 0.903000 0.358400 0.000600 0.000400 0.000100 0.405500 0.000100 0.000100 0.000100 0.000700 0.560800 0.000000 0.338900 0.000100 0.000100 0.350200 0.187600 0.187600
Steenbok 0.389900 0.675400 0.542100 0.669000 0.327800 0.389900 0.938600 0.350900 0.542100 0.442000 0.565000 0.350900 0.562900 0.586900 0.350900 0.350900 0.807200 0.442000 0.641800 0.491600 0.350900 0.389900 0.356700 0.351300 0.389900 0.350900 0.562900 0.350900 0.505700 0.350900 0.336600 0.938600 0.350900 0.562900 0.305300 0.784300 0.389900 0.327800 0.350900 0.777800 0.350900 0.351100 0.350600 0.351300 1.028900 0.338900 0.000000 0.350900 0.350900 0.717600 0.542100 0.542100
Impala 0.000400 0.262000 0.196000 0.256600 0.000300 0.000400 0.484800 0.000000 0.196000 0.160500 0.188400 0.000000 0.181400 0.222200 0.000000 0.000000 0.545500 0.160500 0.217000 0.181500 0.000000 0.000400 0.000300 0.000600 0.000400 0.000000 0.181400 0.000000 0.184500 0.000000 0.000100 0.484800 0.000000 0.181400 0.407600 0.381700 0.000400 0.000300 0.000000 0.434000 0.000000 0.000000 0.000000 0.000600 0.601400 0.000100 0.350900 0.000000 0.000000 0.368300 0.196000 0.196000
Klipspring 0.000400 0.262000 0.196000 0.256600 0.000300 0.000400 0.484800 0.000000 0.196000 0.160500 0.188400 0.000000 0.181400 0.222200 0.000000 0.000000 0.545500 0.160500 0.217000 0.181500 0.000000 0.000400 0.000300 0.000600 0.000400 0.000000 0.181400 0.000000 0.184300 0.000000 0.000100 0.484800 0.000000 0.181400 0.407600 0.381700 0.000400 0.000300 0.000000 0.434000 0.000000 0.000000 0.000000 0.000600 0.601400 0.000100 0.350900 0.000000 0.000000 0.368300 0.194000 0.196000
ForestMusk 0.370400 0.757600 0.141500 0.704200 0.360100 0.370400 1.152900 0.368300 0.141500 0.467400 0.135000 0.368300 0.131400 0.647100 0.368300 0.368300 0.181600 0.467400 0.627900 0.529200 0.368300 0.370400 0.365400 0.367600 0.370400 0.368300 0.131400 0.368300 0.135100 0.368300 0.348500 1.152900 0.368300 0.131400 0.289800 0.000500 0.370400 0.360100 0.368300 0.594200 0.368300 0.368300 0.368300 0.367600 0.116500 0.350200 0.717600 0.368300 0.368300 0.000000 0.141500 0.141500
Bushbuck 0.200800 0.530800 0.000000 0.517300 0.190000 0.200800 0.814300 0.196000 0.000000 0.321800 0.385100 0.196000 0.000300 0.447400 0.196000 0.196000 0.335900 0.321800 0.440500 0.363500 0.196000 0.200800 0.196200 0.196700 0.200800 0.196000 0.000300 0.196000 0.372900 0.196000 0.187400 0.814300 0.196000 0.000300 0.152400 0.146400 0.200800 0.190000 0.196000 0.668600 0.196000 0.196000 0.196000 0.196700 0.311000 0.187600 0.542100 0.196000 0.194000 0.141500 0.000000 0.000000
GreaterKud 0.200800 0.530800 0.000000 0.517300 0.190000 0.200800 0.814300 0.196000 0.000000 0.321800 0.385100 0.196000 0.000300 0.447400 0.196000 0.196000 0.335900 0.321800 0.440500 0.363500 0.196000 0.200800 0.196200 0.196700 0.200800 0.196000 0.000300 0.196000 0.372900 0.196000 0.187400 0.814300 0.196000 0.000300 0.152400 0.146400 0.200800 0.190000 0.196000 0.668600 0.196000 0.196000 0.196000 0.196700 0.311000 0.187600 0.542100 0.196000 0.196000 0.141500 0.000000 0.000000
