CODONML (in paml version 4.10.7, June 2023)  /home/rachel/ruminants_paml/6406-phy-tree/ENSBTAT00000007554.fasta.phy
Model: free dN/dS Ratios for branches,  kappa = 2.000 fixed

Codon frequency model: F3x4
ns =  54  ls =  23

Codon usage in sequences
--------------------------------------------------------------------------------------------------------------------------------------
Phe TTT   1   0   0   0   0   0 | Ser TCT   0   0   0   0   0   0 | Tyr TAT   0   0   0   0   0   0 | Cys TGT   0   0   0   0   0   0
    TTC   0   1   1   1   1   1 |     TCC   1   1   1   1   1   1 |     TAC   0   0   0   0   0   0 |     TGC   2   2   2   2   2   2
Leu TTA   0   0   0   0   0   0 |     TCA   0   0   0   0   0   0 | *** TAA   0   0   0   0   0   0 | *** TGA   0   0   0   0   0   0
    TTG   0   0   0   0   0   0 |     TCG   0   0   0   0   0   0 |     TAG   0   0   0   0   0   0 | Trp TGG   0   0   0   0   0   0
--------------------------------------------------------------------------------------------------------------------------------------
Leu CTT   0   0   0   0   0   0 | Pro CCT   0   0   0   0   0   0 | His CAT   0   0   0   0   0   0 | Arg CGT   0   0   0   0   1   1
    CTC   1   1   1   1   1   1 |     CCC   1   1   1   1   1   1 |     CAC   0   0   0   0   0   0 |     CGC   3   3   3   3   2   2
    CTA   0   0   0   0   0   0 |     CCA   1   0   1   1   0   0 | Gln CAA   0   0   0   0   0   0 |     CGA   0   0   0   0   0   0
    CTG   0   0   0   0   0   0 |     CCG   0   1   0   0   1   1 |     CAG   2   2   2   2   2   2 |     CGG   0   0   0   0   0   0
--------------------------------------------------------------------------------------------------------------------------------------
Ile ATT   0   0   0   0   0   0 | Thr ACT   0   0   0   0   0   0 | Asn AAT   0   0   0   0   1   0 | Ser AGT   0   1   0   0   0   0
    ATC   1   1   1   1   1   1 |     ACC   1   1   1   1   2   1 |     AAC   1   1   1   1   0   1 |     AGC   1   0   1   1   1   1
    ATA   0   0   0   0   0   0 |     ACA   0   0   0   0   0   0 | Lys AAA   0   0   0   0   0   0 | Arg AGA   0   0   0   0   0   0
Met ATG   0   0   0   0   0   0 |     ACG   0   0   0   0   0   0 |     AAG   1   1   1   1   1   1 |     AGG   0   0   0   0   0   0
--------------------------------------------------------------------------------------------------------------------------------------
Val GTT   0   0   0   0   0   0 | Ala GCT   0   0   0   0   0   0 | Asp GAT   0   0   0   0   0   0 | Gly GGT   0   0   0   0   1   0
    GTC   0   0   0   0   0   0 |     GCC   2   2   2   2   1   2 |     GAC   1   1   1   1   1   1 |     GGC   2   2   2   2   1   2
    GTA   0   0   0   0   0   0 |     GCA   0   0   0   0   0   0 | Glu GAA   0   0   0   0   0   0 |     GGA   0   0   0   0   0   0
    GTG   0   0   0   0   0   0 |     GCG   0   0   0   0   0   0 |     GAG   0   0   0   0   0   0 |     GGG   1   1   1   1   1   1
--------------------------------------------------------------------------------------------------------------------------------------

--------------------------------------------------------------------------------------------------------------------------------------
Phe TTT   0   1   0   0   0   0 | Ser TCT   0   0   0   0   0   0 | Tyr TAT   0   0   0   0   0   0 | Cys TGT   0   0   0   0   0   0
    TTC   1   0   1   1   1   1 |     TCC   1   1   1   1   2   1 |     TAC   0   0   0   0   0   0 |     TGC   2   2   2   2   2   2
Leu TTA   0   0   0   0   0   0 |     TCA   0   0   0   0   0   0 | *** TAA   0   0   0   0   0   0 | *** TGA   0   0   0   0   0   0
    TTG   0   0   0   0   0   0 |     TCG   0   0   0   0   0   0 |     TAG   0   0   0   0   0   0 | Trp TGG   0   0   0   0   0   0
--------------------------------------------------------------------------------------------------------------------------------------
Leu CTT   0   0   0   0   0   0 | Pro CCT   0   0   0   0   0   0 | His CAT   0   0   0   0   0   0 | Arg CGT   0   0   0   0   0   0
    CTC   1   1   1   1   1   1 |     CCC   1   1   1   1   0   1 |     CAC   0   0   0   0   0   0 |     CGC   3   3   3   3   3   3
    CTA   0   0   0   0   0   0 |     CCA   1   1   1   1   1   1 | Gln CAA   0   0   0   0   0   0 |     CGA   0   0   0   0   0   0
    CTG   0   0   0   0   0   0 |     CCG   0   0   0   0   0   0 |     CAG   2   2   2   2   2   2 |     CGG   0   0   0   0   0   0
--------------------------------------------------------------------------------------------------------------------------------------
Ile ATT   0   0   0   0   0   0 | Thr ACT   0   0   0   0   0   0 | Asn AAT   0   0   0   0   0   0 | Ser AGT   0   0   0   0   0   0
    ATC   1   1   1   1   1   1 |     ACC   1   1   1   1   1   1 |     AAC   1   1   1   1   1   1 |     AGC   1   1   1   1   1   1
    ATA   0   0   0   0   0   0 |     ACA   0   0   0   0   0   0 | Lys AAA   0   0   0   0   0   0 | Arg AGA   0   0   0   0   0   0
Met ATG   0   0   0   0   0   0 |     ACG   0   0   0   0   0   0 |     AAG   1   1   1   1   1   1 |     AGG   0   0   0   0   0   0
--------------------------------------------------------------------------------------------------------------------------------------
Val GTT   0   0   0   0   0   0 | Ala GCT   0   0   0   0   0   0 | Asp GAT   0   0   0   0   0   0 | Gly GGT   0   0   0   0   0   0
    GTC   0   0   0   0   0   0 |     GCC   2   2   2   2   2   2 |     GAC   1   1   1   1   1   1 |     GGC   2   2   2   2   2   2
    GTA   0   0   0   0   0   0 |     GCA   0   0   0   0   0   0 | Glu GAA   0   0   0   0   0   0 |     GGA   0   0   0   0   0   0
    GTG   0   0   0   0   0   0 |     GCG   0   0   0   0   0   0 |     GAG   0   0   0   0   0   0 |     GGG   1   1   1   1   1   1
--------------------------------------------------------------------------------------------------------------------------------------

--------------------------------------------------------------------------------------------------------------------------------------
Phe TTT   0   0   0   0   0   0 | Ser TCT   0   0   0   0   0   0 | Tyr TAT   0   0   0   0   0   0 | Cys TGT   0   0   0   0   0   0
    TTC   1   1   1   1   1   1 |     TCC   1   1   1   1   1   1 |     TAC   0   0   0   0   0   0 |     TGC   2   2   2   2   2   2
Leu TTA   0   0   0   0   0   0 |     TCA   0   0   0   0   0   0 | *** TAA   0   0   0   0   0   0 | *** TGA   0   0   0   0   0   0
    TTG   0   0   0   0   0   0 |     TCG   0   0   0   0   0   0 |     TAG   0   0   0   0   0   0 | Trp TGG   0   0   0   0   0   0
--------------------------------------------------------------------------------------------------------------------------------------
Leu CTT   0   0   0   0   0   0 | Pro CCT   0   0   0   0   0   0 | His CAT   0   0   0   0   0   0 | Arg CGT   0   0   0   0   0   0
    CTC   1   1   1   1   1   1 |     CCC   1   1   1   1   1   1 |     CAC   0   0   0   0   0   0 |     CGC   3   2   3   3   3   3
    CTA   0   0   0   0   0   0 |     CCA   1   1   1   1   1   1 | Gln CAA   0   0   0   0   0   0 |     CGA   0   1   0   0   0   0
    CTG   0   0   0   0   0   0 |     CCG   0   0   0   0   0   0 |     CAG   2   2   2   2   2   2 |     CGG   0   0   0   0   0   0
--------------------------------------------------------------------------------------------------------------------------------------
Ile ATT   0   0   0   0   0   0 | Thr ACT   0   0   0   0   0   0 | Asn AAT   0   0   0   0   0   0 | Ser AGT   0   0   0   0   0   0
    ATC   1   1   1   1   1   1 |     ACC   1   1   1   1   1   1 |     AAC   1   1   1   1   1   1 |     AGC   1   1   1   1   1   1
    ATA   0   0   0   0   0   0 |     ACA   0   0   0   0   0   0 | Lys AAA   0   0   0   0   0   0 | Arg AGA   0   0   0   0   0   0
Met ATG   0   0   0   0   0   0 |     ACG   0   0   0   0   0   0 |     AAG   1   1   1   1   1   1 |     AGG   0   0   0   0   0   0
--------------------------------------------------------------------------------------------------------------------------------------
Val GTT   0   0   0   0   0   0 | Ala GCT   0   0   0   0   0   0 | Asp GAT   0   0   0   0   0   0 | Gly GGT   0   0   0   1   0   0
    GTC   0   0   0   0   0   0 |     GCC   2   2   2   2   2   2 |     GAC   1   1   1   1   1   1 |     GGC   2   2   2   1   2   2
    GTA   0   0   0   0   0   0 |     GCA   0   0   0   0   0   0 | Glu GAA   0   0   0   0   0   0 |     GGA   0   0   0   0   0   0
    GTG   0   0   0   0   0   0 |     GCG   0   0   0   0   0   0 |     GAG   0   0   0   0   0   0 |     GGG   1   1   1   1   1   1
--------------------------------------------------------------------------------------------------------------------------------------

--------------------------------------------------------------------------------------------------------------------------------------
Phe TTT   0   0   0   0   0   0 | Ser TCT   0   0   0   0   0   0 | Tyr TAT   0   0   0   0   0   0 | Cys TGT   0   0   0   0   0   0
    TTC   1   1   1   1   1   1 |     TCC   1   1   1   2   1   1 |     TAC   0   0   0   0   0   0 |     TGC   2   2   2   2   2   2
Leu TTA   0   0   0   0   0   0 |     TCA   0   0   0   0   0   0 | *** TAA   0   0   0   0   0   0 | *** TGA   0   0   0   0   0   0
    TTG   0   0   0   0   0   0 |     TCG   0   0   0   0   0   0 |     TAG   0   0   0   0   0   0 | Trp TGG   0   0   0   0   0   0
--------------------------------------------------------------------------------------------------------------------------------------
Leu CTT   0   0   0   0   0   0 | Pro CCT   0   0   0   0   0   0 | His CAT   0   0   0   0   0   0 | Arg CGT   0   0   0   0   0   0
    CTC   1   1   1   1   1   1 |     CCC   0   0   1   0   1   1 |     CAC   0   0   0   0   0   0 |     CGC   3   3   3   3   3   3
    CTA   0   0   0   0   0   0 |     CCA   1   1   1   1   1   1 | Gln CAA   0   0   0   0   0   0 |     CGA   0   0   0   0   0   0
    CTG   0   0   0   0   0   0 |     CCG   0   0   0   0   0   0 |     CAG   2   2   2   2   2   2 |     CGG   0   0   0   0   0   0
--------------------------------------------------------------------------------------------------------------------------------------
Ile ATT   0   0   0   0   0   0 | Thr ACT   0   0   0   0   0   0 | Asn AAT   0   0   0   0   0   0 | Ser AGT   0   0   0   0   0   0
    ATC   1   1   1   1   1   1 |     ACC   1   1   1   1   1   1 |     AAC   1   1   1   1   1   1 |     AGC   1   1   1   1   1   1
    ATA   0   0   0   0   0   0 |     ACA   0   0   0   0   0   0 | Lys AAA   0   0   0   0   0   0 | Arg AGA   0   0   0   0   0   0
Met ATG   0   0   0   0   0   0 |     ACG   0   0   0   0   0   0 |     AAG   1   1   1   1   1   1 |     AGG   0   0   0   0   0   0
--------------------------------------------------------------------------------------------------------------------------------------
Val GTT   0   0   0   0   0   0 | Ala GCT   0   0   0   0   0   0 | Asp GAT   0   0   0   0   0   0 | Gly GGT   0   0   0   0   0   0
    GTC   0   0   1   0   0   0 |     GCC   3   2   2   2   2   2 |     GAC   1   1   1   1   1   1 |     GGC   2   2   1   2   2   2
    GTA   0   0   0   0   0   0 |     GCA   0   1   0   0   0   0 | Glu GAA   0   0   0   0   0   0 |     GGA   0   0   0   0   0   0
    GTG   0   0   0   0   0   0 |     GCG   0   0   0   0   0   0 |     GAG   0   0   0   0   0   0 |     GGG   1   1   1   1   1   1
--------------------------------------------------------------------------------------------------------------------------------------

--------------------------------------------------------------------------------------------------------------------------------------
Phe TTT   0   0   0   0   0   0 | Ser TCT   0   0   0   0   0   0 | Tyr TAT   0   0   0   0   0   0 | Cys TGT   0   0   0   0   0   0
    TTC   1   1   1   1   1   1 |     TCC   1   1   1   1   1   2 |     TAC   0   0   0   0   0   0 |     TGC   2   2   2   2   2   2
Leu TTA   0   0   0   0   0   0 |     TCA   0   0   0   0   0   0 | *** TAA   0   0   0   0   0   0 | *** TGA   0   0   0   0   0   0
    TTG   0   0   0   0   0   0 |     TCG   0   0   0   0   0   0 |     TAG   0   0   0   0   0   0 | Trp TGG   0   0   0   0   0   0
--------------------------------------------------------------------------------------------------------------------------------------
Leu CTT   0   0   0   0   0   0 | Pro CCT   0   0   0   0   0   0 | His CAT   0   0   0   0   0   0 | Arg CGT   0   0   0   0   0   0
    CTC   1   1   1   1   1   1 |     CCC   1   1   1   1   1   0 |     CAC   0   0   0   0   0   0 |     CGC   2   3   3   3   3   3
    CTA   0   0   0   0   0   0 |     CCA   1   1   1   1   1   1 | Gln CAA   0   0   0   0   0   0 |     CGA   0   0   0   0   0   0
    CTG   0   0   0   0   0   0 |     CCG   0   0   0   0   0   0 |     CAG   2   2   2   2   2   2 |     CGG   0   0   0   0   0   0
--------------------------------------------------------------------------------------------------------------------------------------
Ile ATT   0   0   0   0   0   0 | Thr ACT   0   0   0   0   0   0 | Asn AAT   0   0   0   0   0   0 | Ser AGT   0   0   0   0   0   0
    ATC   1   1   1   1   1   1 |     ACC   1   1   1   1   1   1 |     AAC   1   1   1   1   1   1 |     AGC   1   1   1   1   1   1
    ATA   0   0   0   0   0   0 |     ACA   0   0   0   0   0   0 | Lys AAA   0   0   0   0   0   0 | Arg AGA   0   0   0   0   0   0
Met ATG   0   0   0   0   0   0 |     ACG   0   0   0   0   0   0 |     AAG   1   1   1   1   1   1 |     AGG   0   0   0   0   0   0
--------------------------------------------------------------------------------------------------------------------------------------
Val GTT   0   0   0   0   0   0 | Ala GCT   0   0   0   0   0   0 | Asp GAT   0   0   0   0   0   0 | Gly GGT   0   0   0   0   0   0
    GTC   0   0   0   0   0   0 |     GCC   3   2   2   2   2   2 |     GAC   1   1   1   1   1   1 |     GGC   2   2   2   2   2   2
    GTA   0   0   0   0   0   0 |     GCA   0   0   0   0   0   0 | Glu GAA   0   0   0   0   0   0 |     GGA   0   0   0   0   0   0
    GTG   0   0   0   0   0   0 |     GCG   0   0   0   0   0   0 |     GAG   0   0   0   0   0   0 |     GGG   1   1   1   1   1   1
--------------------------------------------------------------------------------------------------------------------------------------

--------------------------------------------------------------------------------------------------------------------------------------
Phe TTT   0   0   0   0   0   0 | Ser TCT   0   0   0   0   0   0 | Tyr TAT   0   0   0   0   0   0 | Cys TGT   0   0   0   0   0   0
    TTC   1   1   1   1   1   1 |     TCC   1   1   1   1   1   1 |     TAC   0   0   0   0   0   0 |     TGC   2   2   2   2   2   2
Leu TTA   0   0   0   0   0   0 |     TCA   0   0   0   0   0   0 | *** TAA   0   0   0   0   0   0 | *** TGA   0   0   0   0   0   0
    TTG   0   0   0   0   0   0 |     TCG   0   0   0   0   0   0 |     TAG   0   0   0   0   0   0 | Trp TGG   0   0   0   0   0   0
--------------------------------------------------------------------------------------------------------------------------------------
Leu CTT   0   0   0   0   0   0 | Pro CCT   0   0   0   0   0   0 | His CAT   0   0   0   0   0   0 | Arg CGT   0   0   0   0   0   0
    CTC   1   1   1   1   1   1 |     CCC   1   1   1   1   1   1 |     CAC   0   0   0   0   0   0 |     CGC   3   3   3   3   3   3
    CTA   0   0   0   0   0   0 |     CCA   1   1   1   1   1   1 | Gln CAA   0   0   0   0   0   0 |     CGA   0   0   0   0   0   0
    CTG   0   0   0   0   0   0 |     CCG   0   0   0   0   0   0 |     CAG   2   2   2   2   2   2 |     CGG   0   0   0   0   0   0
--------------------------------------------------------------------------------------------------------------------------------------
Ile ATT   0   0   0   0   0   0 | Thr ACT   0   0   0   0   0   0 | Asn AAT   0   0   0   0   0   0 | Ser AGT   0   0   0   0   0   0
    ATC   1   1   1   1   1   1 |     ACC   1   1   1   1   1   1 |     AAC   1   1   1   1   1   1 |     AGC   1   1   1   1   1   1
    ATA   0   0   0   0   0   0 |     ACA   0   0   0   0   0   0 | Lys AAA   0   0   0   0   0   0 | Arg AGA   0   0   0   0   0   0
Met ATG   0   0   0   0   0   0 |     ACG   0   0   0   0   0   0 |     AAG   1   1   1   1   1   1 |     AGG   0   0   0   0   0   0
--------------------------------------------------------------------------------------------------------------------------------------
Val GTT   0   0   0   0   0   0 | Ala GCT   0   0   0   0   0   0 | Asp GAT   0   0   0   0   0   0 | Gly GGT   0   0   0   0   0   0
    GTC   0   0   0   0   0   0 |     GCC   2   2   2   2   2   2 |     GAC   1   1   1   1   1   1 |     GGC   2   2   2   2   2   2
    GTA   0   0   0   0   0   0 |     GCA   0   0   0   0   0   0 | Glu GAA   0   0   0   0   0   0 |     GGA   0   0   0   0   0   0
    GTG   0   0   0   0   0   0 |     GCG   0   0   0   0   0   0 |     GAG   0   0   0   0   0   0 |     GGG   1   1   1   1   1   1
--------------------------------------------------------------------------------------------------------------------------------------

--------------------------------------------------------------------------------------------------------------------------------------
Phe TTT   0   0   0   0   0   0 | Ser TCT   0   0   0   0   0   0 | Tyr TAT   0   0   0   0   0   0 | Cys TGT   0   0   0   0   0   0
    TTC   1   1   1   1   1   1 |     TCC   1   1   1   1   1   1 |     TAC   0   0   0   0   0   0 |     TGC   2   2   2   2   2   2
Leu TTA   0   0   0   0   0   0 |     TCA   0   0   0   0   0   0 | *** TAA   0   0   0   0   0   0 | *** TGA   0   0   0   0   0   0
    TTG   0   0   0   0   0   0 |     TCG   0   0   0   0   0   0 |     TAG   0   0   0   0   0   0 | Trp TGG   0   0   0   0   0   0
--------------------------------------------------------------------------------------------------------------------------------------
Leu CTT   0   0   0   0   0   0 | Pro CCT   0   0   0   0   0   0 | His CAT   0   0   0   0   0   0 | Arg CGT   0   0   0   0   0   0
    CTC   1   1   1   1   1   1 |     CCC   1   1   1   1   1   1 |     CAC   0   0   0   0   0   0 |     CGC   3   2   3   3   3   3
    CTA   0   0   0   0   0   0 |     CCA   1   1   1   1   1   1 | Gln CAA   0   0   0   0   0   0 |     CGA   0   1   0   0   0   0
    CTG   0   0   0   0   0   0 |     CCG   0   0   0   0   0   0 |     CAG   2   2   2   2   2   2 |     CGG   0   0   0   0   0   0
--------------------------------------------------------------------------------------------------------------------------------------
Ile ATT   0   0   0   0   0   0 | Thr ACT   0   0   0   0   0   0 | Asn AAT   0   0   0   0   0   0 | Ser AGT   0   0   0   0   0   0
    ATC   1   1   1   1   1   1 |     ACC   1   1   2   1   1   1 |     AAC   1   1   1   1   1   1 |     AGC   1   1   1   1   1   1
    ATA   0   0   0   0   0   0 |     ACA   0   0   0   0   0   0 | Lys AAA   0   0   0   0   0   0 | Arg AGA   0   0   0   0   0   0
Met ATG   0   0   0   0   0   0 |     ACG   0   0   0   0   0   0 |     AAG   1   1   1   1   1   1 |     AGG   0   0   0   0   0   0
--------------------------------------------------------------------------------------------------------------------------------------
Val GTT   0   0   0   0   0   0 | Ala GCT   0   0   0   0   0   0 | Asp GAT   0   0   0   0   0   0 | Gly GGT   0   0   0   0   0   0
    GTC   0   0   0   0   0   0 |     GCC   2   2   1   2   2   2 |     GAC   1   0   1   1   1   1 |     GGC   2   2   2   2   2   2
    GTA   0   0   0   0   0   0 |     GCA   0   0   0   0   0   0 | Glu GAA   0   1   0   0   0   0 |     GGA   0   0   0   0   0   0
    GTG   0   0   0   0   0   0 |     GCG   0   0   0   0   0   0 |     GAG   0   0   0   0   0   0 |     GGG   1   1   1   1   1   1
--------------------------------------------------------------------------------------------------------------------------------------

--------------------------------------------------------------------------------------------------------------------------------------
Phe TTT   0   0   0   0   0   0 | Ser TCT   0   0   0   0   0   0 | Tyr TAT   0   0   0   0   0   0 | Cys TGT   0   0   0   0   0   0
    TTC   1   1   1   1   1   1 |     TCC   1   1   1   1   1   1 |     TAC   0   0   0   0   0   0 |     TGC   2   2   2   2   2   2
Leu TTA   0   0   0   0   0   0 |     TCA   0   0   0   0   0   0 | *** TAA   0   0   0   0   0   0 | *** TGA   0   0   0   0   0   0
    TTG   0   0   0   0   0   0 |     TCG   0   0   0   0   0   0 |     TAG   0   0   0   0   0   0 | Trp TGG   0   0   0   0   0   0
--------------------------------------------------------------------------------------------------------------------------------------
Leu CTT   0   0   0   0   0   0 | Pro CCT   0   0   0   0   0   0 | His CAT   0   0   0   0   0   0 | Arg CGT   0   0   0   0   0   0
    CTC   1   1   1   1   1   1 |     CCC   1   1   1   1   1   1 |     CAC   0   0   0   0   0   0 |     CGC   3   3   3   3   2   3
    CTA   0   0   0   0   0   0 |     CCA   1   1   1   1   1   1 | Gln CAA   0   0   0   0   0   0 |     CGA   0   0   0   0   1   0
    CTG   0   0   0   0   0   0 |     CCG   0   0   0   0   0   0 |     CAG   2   2   2   2   2   2 |     CGG   0   0   0   0   0   0
--------------------------------------------------------------------------------------------------------------------------------------
Ile ATT   0   0   0   0   0   0 | Thr ACT   0   0   0   0   0   0 | Asn AAT   0   0   0   0   0   0 | Ser AGT   0   0   0   0   0   0
    ATC   1   1   1   1   1   1 |     ACC   1   1   1   1   1   1 |     AAC   1   1   1   1   1   1 |     AGC   1   1   1   1   1   1
    ATA   0   0   0   0   0   0 |     ACA   0   0   0   0   0   0 | Lys AAA   0   0   0   0   0   0 | Arg AGA   0   0   0   0   0   0
Met ATG   0   0   0   0   0   0 |     ACG   0   0   0   0   0   0 |     AAG   1   1   1   1   1   1 |     AGG   0   0   0   0   0   0
--------------------------------------------------------------------------------------------------------------------------------------
Val GTT   0   0   0   0   0   0 | Ala GCT   0   0   0   0   0   0 | Asp GAT   0   0   0   0   0   0 | Gly GGT   0   0   0   0   0   0
    GTC   0   0   0   0   0   0 |     GCC   2   2   2   2   2   2 |     GAC   1   1   1   1   0   1 |     GGC   2   2   2   2   2   2
    GTA   0   0   0   0   0   0 |     GCA   0   0   0   0   0   0 | Glu GAA   0   0   0   0   1   0 |     GGA   0   0   0   0   0   0
    GTG   0   0   0   0   0   0 |     GCG   0   0   0   0   0   0 |     GAG   0   0   0   0   0   0 |     GGG   1   1   1   1   1   1
--------------------------------------------------------------------------------------------------------------------------------------

--------------------------------------------------------------------------------------------------------------------------------------
Phe TTT   0   0   0   0   0   0 | Ser TCT   0   0   0   0   0   0 | Tyr TAT   0   0   0   0   0   0 | Cys TGT   0   0   0   0   0   0
    TTC   1   1   1   1   1   1 |     TCC   1   1   1   1   1   1 |     TAC   0   0   0   0   0   0 |     TGC   2   2   2   2   2   2
Leu TTA   0   0   0   0   0   0 |     TCA   0   0   0   0   0   0 | *** TAA   0   0   0   0   0   0 | *** TGA   0   0   0   0   0   0
    TTG   0   0   0   0   0   0 |     TCG   0   0   0   0   0   0 |     TAG   0   0   0   0   0   0 | Trp TGG   0   0   0   0   0   0
--------------------------------------------------------------------------------------------------------------------------------------
Leu CTT   0   0   0   0   0   0 | Pro CCT   0   0   0   0   0   0 | His CAT   0   0   0   0   0   0 | Arg CGT   0   0   0   0   0   0
    CTC   1   1   1   1   1   1 |     CCC   1   1   1   1   1   1 |     CAC   0   0   0   0   0   0 |     CGC   3   3   3   3   3   3
    CTA   0   0   0   0   0   0 |     CCA   1   1   1   1   1   1 | Gln CAA   0   0   0   0   0   0 |     CGA   0   0   0   0   0   0
    CTG   0   0   0   0   0   0 |     CCG   0   0   0   0   0   0 |     CAG   2   2   2   2   2   2 |     CGG   0   0   0   0   0   0
--------------------------------------------------------------------------------------------------------------------------------------
Ile ATT   0   0   0   0   0   0 | Thr ACT   0   0   0   0   0   0 | Asn AAT   1   0   0   0   0   0 | Ser AGT   0   0   0   0   0   0
    ATC   1   1   1   1   1   1 |     ACC   1   1   1   1   1   1 |     AAC   0   1   1   1   1   1 |     AGC   1   1   1   1   1   1
    ATA   0   0   0   0   0   0 |     ACA   0   0   0   0   0   0 | Lys AAA   0   0   0   0   0   0 | Arg AGA   0   0   0   0   0   0
Met ATG   0   0   0   0   0   0 |     ACG   0   0   0   0   0   0 |     AAG   1   1   1   1   1   1 |     AGG   0   0   0   0   0   0
--------------------------------------------------------------------------------------------------------------------------------------
Val GTT   0   0   0   0   0   0 | Ala GCT   0   0   0   0   0   0 | Asp GAT   0   0   0   0   0   0 | Gly GGT   0   0   0   0   0   0
    GTC   0   0   0   0   0   0 |     GCC   2   2   2   2   2   2 |     GAC   1   1   1   1   1   1 |     GGC   2   2   2   2   2   2
    GTA   0   0   0   0   0   0 |     GCA   0   0   0   0   0   0 | Glu GAA   0   0   0   0   0   0 |     GGA   0   0   0   0   0   0
    GTG   0   0   0   0   0   0 |     GCG   0   0   0   0   0   0 |     GAG   0   0   0   0   0   0 |     GGG   1   1   1   1   1   1
--------------------------------------------------------------------------------------------------------------------------------------

Codon position x base (3x4) table for each sequence.

#1: Argali         
position  1:    T:0.17391    C:0.34783    A:0.21739    G:0.26087
position  2:    T:0.13043    C:0.26087    A:0.21739    G:0.39130
position  3:    T:0.04348    C:0.73913    A:0.04348    G:0.17391
Average         T:0.11594    C:0.44928    A:0.15942    G:0.27536

#2: LesserMouseDeer
position  1:    T:0.17391    C:0.34783    A:0.21739    G:0.26087
position  2:    T:0.13043    C:0.26087    A:0.21739    G:0.39130
position  3:    T:0.04348    C:0.73913    A:0.00000    G:0.21739
Average         T:0.11594    C:0.44928    A:0.14493    G:0.28986

#3: LesserKudu     
position  1:    T:0.17391    C:0.34783    A:0.21739    G:0.26087
position  2:    T:0.13043    C:0.26087    A:0.21739    G:0.39130
position  3:    T:0.00000    C:0.78261    A:0.04348    G:0.17391
Average         T:0.10145    C:0.46377    A:0.15942    G:0.27536

#4: ForestMuskDeer2
position  1:    T:0.17391    C:0.34783    A:0.21739    G:0.26087
position  2:    T:0.13043    C:0.26087    A:0.21739    G:0.39130
position  3:    T:0.00000    C:0.78261    A:0.04348    G:0.17391
Average         T:0.10145    C:0.46377    A:0.15942    G:0.27536

#5: Camel          
position  1:    T:0.17391    C:0.34783    A:0.26087    G:0.21739
position  2:    T:0.13043    C:0.26087    A:0.21739    G:0.39130
position  3:    T:0.13043    C:0.65217    A:0.00000    G:0.21739
Average         T:0.14493    C:0.42029    A:0.15942    G:0.27536

#6: KillerWhale    
position  1:    T:0.17391    C:0.34783    A:0.21739    G:0.26087
position  2:    T:0.13043    C:0.26087    A:0.21739    G:0.39130
position  3:    T:0.04348    C:0.73913    A:0.00000    G:0.21739
Average         T:0.11594    C:0.44928    A:0.14493    G:0.28986

#7: DefassaWaterbuck
position  1:    T:0.17391    C:0.34783    A:0.21739    G:0.26087
position  2:    T:0.13043    C:0.26087    A:0.21739    G:0.39130
position  3:    T:0.00000    C:0.78261    A:0.04348    G:0.17391
Average         T:0.10145    C:0.46377    A:0.15942    G:0.27536

#8: Sheep          
position  1:    T:0.17391    C:0.34783    A:0.21739    G:0.26087
position  2:    T:0.13043    C:0.26087    A:0.21739    G:0.39130
position  3:    T:0.04348    C:0.73913    A:0.04348    G:0.17391
Average         T:0.11594    C:0.44928    A:0.15942    G:0.27536

#9: MaxwellsDuiker 
position  1:    T:0.17391    C:0.34783    A:0.21739    G:0.26087
position  2:    T:0.13043    C:0.26087    A:0.21739    G:0.39130
position  3:    T:0.00000    C:0.78261    A:0.04348    G:0.17391
Average         T:0.10145    C:0.46377    A:0.15942    G:0.27536

#10: GazellaPrzewalskyi
position  1:    T:0.17391    C:0.34783    A:0.21739    G:0.26087
position  2:    T:0.13043    C:0.26087    A:0.21739    G:0.39130
position  3:    T:0.00000    C:0.78261    A:0.04348    G:0.17391
Average         T:0.10145    C:0.46377    A:0.15942    G:0.27536

#11: MountainNyala  
position  1:    T:0.21739    C:0.30435    A:0.21739    G:0.26087
position  2:    T:0.13043    C:0.26087    A:0.21739    G:0.39130
position  3:    T:0.00000    C:0.78261    A:0.04348    G:0.17391
Average         T:0.11594    C:0.44928    A:0.15942    G:0.27536

#12: MuntiacusMuntjak
position  1:    T:0.17391    C:0.34783    A:0.21739    G:0.26087
position  2:    T:0.13043    C:0.26087    A:0.21739    G:0.39130
position  3:    T:0.00000    C:0.78261    A:0.04348    G:0.17391
Average         T:0.10145    C:0.46377    A:0.15942    G:0.27536

#13: goat           
position  1:    T:0.17391    C:0.34783    A:0.21739    G:0.26087
position  2:    T:0.13043    C:0.26087    A:0.21739    G:0.39130
position  3:    T:0.00000    C:0.78261    A:0.04348    G:0.17391
Average         T:0.10145    C:0.46377    A:0.15942    G:0.27536

#14: AfricanBuffalo 
position  1:    T:0.17391    C:0.34783    A:0.21739    G:0.26087
position  2:    T:0.13043    C:0.26087    A:0.21739    G:0.39130
position  3:    T:0.00000    C:0.73913    A:0.08696    G:0.17391
Average         T:0.10145    C:0.44928    A:0.17391    G:0.27536

#15: Topi           
position  1:    T:0.17391    C:0.34783    A:0.21739    G:0.26087
position  2:    T:0.13043    C:0.26087    A:0.21739    G:0.39130
position  3:    T:0.00000    C:0.78261    A:0.04348    G:0.17391
Average         T:0.10145    C:0.46377    A:0.15942    G:0.27536

#16: CommonDuiker   
position  1:    T:0.17391    C:0.34783    A:0.21739    G:0.26087
position  2:    T:0.13043    C:0.26087    A:0.21739    G:0.39130
position  3:    T:0.04348    C:0.73913    A:0.04348    G:0.17391
Average         T:0.11594    C:0.44928    A:0.15942    G:0.27536

#17: Suni           
position  1:    T:0.17391    C:0.34783    A:0.21739    G:0.26087
position  2:    T:0.13043    C:0.26087    A:0.21739    G:0.39130
position  3:    T:0.00000    C:0.78261    A:0.04348    G:0.17391
Average         T:0.10145    C:0.46377    A:0.15942    G:0.27536

#18: Springbuck     
position  1:    T:0.17391    C:0.34783    A:0.21739    G:0.26087
position  2:    T:0.13043    C:0.26087    A:0.21739    G:0.39130
position  3:    T:0.00000    C:0.78261    A:0.04348    G:0.17391
Average         T:0.10145    C:0.46377    A:0.15942    G:0.27536

#19: Okapi          
position  1:    T:0.17391    C:0.30435    A:0.21739    G:0.30435
position  2:    T:0.13043    C:0.26087    A:0.21739    G:0.39130
position  3:    T:0.00000    C:0.78261    A:0.04348    G:0.17391
Average         T:0.10145    C:0.44928    A:0.15942    G:0.28986

#20: Giraffe        
position  1:    T:0.17391    C:0.30435    A:0.21739    G:0.30435
position  2:    T:0.13043    C:0.26087    A:0.21739    G:0.39130
position  3:    T:0.00000    C:0.73913    A:0.08696    G:0.17391
Average         T:0.10145    C:0.43478    A:0.17391    G:0.28986

#21: TibetanAntelope
position  1:    T:0.17391    C:0.34783    A:0.21739    G:0.26087
position  2:    T:0.17391    C:0.26087    A:0.21739    G:0.34783
position  3:    T:0.00000    C:0.78261    A:0.04348    G:0.17391
Average         T:0.11594    C:0.46377    A:0.15942    G:0.26087

#22: Sitatunga      
position  1:    T:0.21739    C:0.30435    A:0.21739    G:0.26087
position  2:    T:0.13043    C:0.26087    A:0.21739    G:0.39130
position  3:    T:0.00000    C:0.78261    A:0.04348    G:0.17391
Average         T:0.11594    C:0.44928    A:0.15942    G:0.27536

#23: Oribi          
position  1:    T:0.17391    C:0.34783    A:0.21739    G:0.26087
position  2:    T:0.13043    C:0.26087    A:0.21739    G:0.39130
position  3:    T:0.00000    C:0.78261    A:0.04348    G:0.17391
Average         T:0.10145    C:0.46377    A:0.15942    G:0.27536

#24: BarbarySheep   
position  1:    T:0.17391    C:0.34783    A:0.21739    G:0.26087
position  2:    T:0.13043    C:0.26087    A:0.21739    G:0.39130
position  3:    T:0.00000    C:0.78261    A:0.04348    G:0.17391
Average         T:0.10145    C:0.46377    A:0.15942    G:0.27536

#25: Daviddeer      
position  1:    T:0.17391    C:0.30435    A:0.21739    G:0.30435
position  2:    T:0.13043    C:0.30435    A:0.21739    G:0.34783
position  3:    T:0.00000    C:0.78261    A:0.04348    G:0.17391
Average         T:0.10145    C:0.46377    A:0.15942    G:0.27536

#26: Reindeer       
position  1:    T:0.17391    C:0.34783    A:0.21739    G:0.26087
position  2:    T:0.13043    C:0.26087    A:0.21739    G:0.39130
position  3:    T:0.00000    C:0.78261    A:0.04348    G:0.17391
Average         T:0.10145    C:0.46377    A:0.15942    G:0.27536

#27: Ibex           
position  1:    T:0.17391    C:0.34783    A:0.21739    G:0.26087
position  2:    T:0.13043    C:0.26087    A:0.21739    G:0.39130
position  3:    T:0.00000    C:0.78261    A:0.04348    G:0.17391
Average         T:0.10145    C:0.46377    A:0.15942    G:0.27536

#28: GyrantGazelle  
position  1:    T:0.17391    C:0.34783    A:0.21739    G:0.26087
position  2:    T:0.13043    C:0.26087    A:0.21739    G:0.39130
position  3:    T:0.00000    C:0.78261    A:0.04348    G:0.17391
Average         T:0.10145    C:0.46377    A:0.15942    G:0.27536

#29: Hartebeest     
position  1:    T:0.17391    C:0.34783    A:0.21739    G:0.26087
position  2:    T:0.13043    C:0.26087    A:0.21739    G:0.39130
position  3:    T:0.00000    C:0.78261    A:0.04348    G:0.17391
Average         T:0.10145    C:0.46377    A:0.15942    G:0.27536

#30: Bongo          
position  1:    T:0.21739    C:0.30435    A:0.21739    G:0.26087
position  2:    T:0.13043    C:0.26087    A:0.21739    G:0.39130
position  3:    T:0.00000    C:0.78261    A:0.04348    G:0.17391
Average         T:0.11594    C:0.44928    A:0.15942    G:0.27536

#31: Gerenuk        
position  1:    T:0.17391    C:0.34783    A:0.21739    G:0.26087
position  2:    T:0.13043    C:0.26087    A:0.21739    G:0.39130
position  3:    T:0.00000    C:0.78261    A:0.04348    G:0.17391
Average         T:0.10145    C:0.46377    A:0.15942    G:0.27536

#32: CommonEland    
position  1:    T:0.17391    C:0.34783    A:0.21739    G:0.26087
position  2:    T:0.13043    C:0.26087    A:0.21739    G:0.39130
position  3:    T:0.00000    C:0.78261    A:0.04348    G:0.17391
Average         T:0.10145    C:0.46377    A:0.15942    G:0.27536

#33: MuntiacusReevesi
position  1:    T:0.17391    C:0.34783    A:0.21739    G:0.26087
position  2:    T:0.13043    C:0.26087    A:0.21739    G:0.39130
position  3:    T:0.00000    C:0.78261    A:0.04348    G:0.17391
Average         T:0.10145    C:0.46377    A:0.15942    G:0.27536

#34: HarveysDuiker  
position  1:    T:0.17391    C:0.34783    A:0.21739    G:0.26087
position  2:    T:0.13043    C:0.26087    A:0.21739    G:0.39130
position  3:    T:0.00000    C:0.78261    A:0.04348    G:0.17391
Average         T:0.10145    C:0.46377    A:0.15942    G:0.27536

#35: Pronghorn      
position  1:    T:0.17391    C:0.34783    A:0.21739    G:0.26087
position  2:    T:0.13043    C:0.26087    A:0.21739    G:0.39130
position  3:    T:0.00000    C:0.78261    A:0.04348    G:0.17391
Average         T:0.10145    C:0.46377    A:0.15942    G:0.27536

#36: BlueWildebeest 
position  1:    T:0.17391    C:0.34783    A:0.21739    G:0.26087
position  2:    T:0.13043    C:0.26087    A:0.21739    G:0.39130
position  3:    T:0.00000    C:0.78261    A:0.04348    G:0.17391
Average         T:0.10145    C:0.46377    A:0.15942    G:0.27536

#37: Gemsbok        
position  1:    T:0.17391    C:0.34783    A:0.21739    G:0.26087
position  2:    T:0.13043    C:0.26087    A:0.21739    G:0.39130
position  3:    T:0.00000    C:0.78261    A:0.04348    G:0.17391
Average         T:0.10145    C:0.46377    A:0.15942    G:0.27536

#38: Yak            
position  1:    T:0.17391    C:0.34783    A:0.21739    G:0.26087
position  2:    T:0.13043    C:0.26087    A:0.21739    G:0.39130
position  3:    T:0.00000    C:0.69565    A:0.13043    G:0.17391
Average         T:0.10145    C:0.43478    A:0.18841    G:0.27536

#39: BlueSheep      
position  1:    T:0.17391    C:0.34783    A:0.26087    G:0.21739
position  2:    T:0.13043    C:0.26087    A:0.21739    G:0.39130
position  3:    T:0.00000    C:0.78261    A:0.04348    G:0.17391
Average         T:0.10145    C:0.46377    A:0.17391    G:0.26087

#40: BohorReedbuck  
position  1:    T:0.17391    C:0.34783    A:0.21739    G:0.26087
position  2:    T:0.13043    C:0.26087    A:0.21739    G:0.39130
position  3:    T:0.00000    C:0.78261    A:0.04348    G:0.17391
Average         T:0.10145    C:0.46377    A:0.15942    G:0.27536

#41: KirksDik       
position  1:    T:0.17391    C:0.34783    A:0.21739    G:0.26087
position  2:    T:0.13043    C:0.26087    A:0.21739    G:0.39130
position  3:    T:0.00000    C:0.78261    A:0.04348    G:0.17391
Average         T:0.10145    C:0.46377    A:0.15942    G:0.27536

#42: RoeDeer        
position  1:    T:0.17391    C:0.34783    A:0.21739    G:0.26087
position  2:    T:0.13043    C:0.26087    A:0.21739    G:0.39130
position  3:    T:0.00000    C:0.78261    A:0.04348    G:0.17391
Average         T:0.10145    C:0.46377    A:0.15942    G:0.27536

#43: WhiteLippedDeer
position  1:    T:0.17391    C:0.34783    A:0.21739    G:0.26087
position  2:    T:0.13043    C:0.26087    A:0.21739    G:0.39130
position  3:    T:0.00000    C:0.78261    A:0.04348    G:0.17391
Average         T:0.10145    C:0.46377    A:0.15942    G:0.27536

#44: ThomsonGazelle 
position  1:    T:0.17391    C:0.34783    A:0.21739    G:0.26087
position  2:    T:0.13043    C:0.26087    A:0.21739    G:0.39130
position  3:    T:0.00000    C:0.78261    A:0.04348    G:0.17391
Average         T:0.10145    C:0.46377    A:0.15942    G:0.27536

#45: MuntiacusCrinifrons
position  1:    T:0.17391    C:0.34783    A:0.21739    G:0.26087
position  2:    T:0.13043    C:0.26087    A:0.21739    G:0.39130
position  3:    T:0.00000    C:0.78261    A:0.04348    G:0.17391
Average         T:0.10145    C:0.46377    A:0.15942    G:0.27536

#46: WhiteTailedDeer
position  1:    T:0.17391    C:0.34783    A:0.21739    G:0.26087
position  2:    T:0.13043    C:0.26087    A:0.21739    G:0.39130
position  3:    T:0.00000    C:0.78261    A:0.04348    G:0.17391
Average         T:0.10145    C:0.46377    A:0.15942    G:0.27536

#47: Cattle         
position  1:    T:0.17391    C:0.34783    A:0.21739    G:0.26087
position  2:    T:0.13043    C:0.26087    A:0.21739    G:0.39130
position  3:    T:0.00000    C:0.69565    A:0.13043    G:0.17391
Average         T:0.10145    C:0.43478    A:0.18841    G:0.27536

#48: RoyalAntelope  
position  1:    T:0.17391    C:0.34783    A:0.21739    G:0.26087
position  2:    T:0.13043    C:0.26087    A:0.21739    G:0.39130
position  3:    T:0.00000    C:0.78261    A:0.04348    G:0.17391
Average         T:0.10145    C:0.46377    A:0.15942    G:0.27536

#49: Steenbok       
position  1:    T:0.17391    C:0.34783    A:0.21739    G:0.26087
position  2:    T:0.13043    C:0.26087    A:0.21739    G:0.39130
position  3:    T:0.04348    C:0.73913    A:0.04348    G:0.17391
Average         T:0.11594    C:0.44928    A:0.15942    G:0.27536

#50: Impala         
position  1:    T:0.17391    C:0.34783    A:0.21739    G:0.26087
position  2:    T:0.13043    C:0.26087    A:0.21739    G:0.39130
position  3:    T:0.00000    C:0.78261    A:0.04348    G:0.17391
Average         T:0.10145    C:0.46377    A:0.15942    G:0.27536

#51: Klipspringer   
position  1:    T:0.17391    C:0.34783    A:0.21739    G:0.26087
position  2:    T:0.13043    C:0.26087    A:0.21739    G:0.39130
