1
52 1
Argali 0.000000 0.313100 0.065400 0.213900 0.036300 0.000000 0.035900 0.045500 0.075900 0.138900 0.026900 0.064000 0.008900 0.055100 0.026900 0.027200 0.064900 0.064400 0.025800 0.065700 0.036500 0.008700 0.115500 0.149300 0.035900 0.036500 0.008900 0.085700 0.045500 0.065700 0.139900 0.055100 0.105300 0.008900 0.017800 0.064300 0.008900 0.036200 0.064300 0.136600 0.158000 0.036400 0.128100 0.149600 0.074000 0.027100 0.074400 0.045900 0.084200 0.054700 0.065700 0.065200
LesserMous 0.313100 0.000000 0.358100 0.229000 0.339300 0.313100 0.321300 0.311200 0.376200 0.363600 0.321600 0.308600 0.297200 0.353400 0.321500 0.326200 0.233900 0.256700 0.323400 0.360300 0.340900 0.297300 0.356200 0.377900 0.335000 0.341100 0.296400 0.359200 0.351600 0.359100 0.368200 0.352100 0.259800 0.297200 0.307200 0.308000 0.295900 0.337500 0.379700 0.328200 0.326700 0.340400 0.348000 0.361200 0.349900 0.325100 0.393600 0.300100 0.353400 0.257100 0.360300 0.356000
LesserKudu 0.065400 0.358100 0.000000 0.227500 0.084900 0.065400 0.064400 0.074700 0.009000 0.140100 0.074400 0.073900 0.055400 0.084800 0.055100 0.055700 0.075300 0.074900 0.055300 0.000100 0.073600 0.055400 0.137900 0.150300 0.084000 0.085400 0.055300 0.036500 0.074800 0.000000 0.141300 0.084800 0.116700 0.055400 0.064500 0.093700 0.055200 0.084600 0.094200 0.137900 0.159500 0.065400 0.129200 0.162100 0.083900 0.055500 0.103500 0.075200 0.085000 0.074500 0.000100 0.017900
KillerWhal 0.213900 0.229000 0.227500 0.000000 0.211300 0.213900 0.233800 0.212700 0.241800 0.279200 0.222400 0.200100 0.201100 0.259100 0.211100 0.225200 0.201400 0.200100 0.200800 0.228800 0.238200 0.201100 0.249800 0.253800 0.233800 0.238000 0.198300 0.253500 0.247300 0.228400 0.282300 0.260200 0.250100 0.201100 0.210500 0.234300 0.200300 0.235600 0.271200 0.249700 0.299500 0.237200 0.266100 0.280200 0.246200 0.224700 0.282800 0.237000 0.248600 0.189100 0.228800 0.226600
DefassaWat 0.036300 0.339300 0.084900 0.211300 0.000000 0.036300 0.054300 0.064300 0.095700 0.137300 0.045200 0.083100 0.026900 0.074100 0.035900 0.045600 0.084100 0.083600 0.045400 0.085300 0.055200 0.026900 0.135900 0.170500 0.054400 0.055300 0.026900 0.105700 0.064300 0.085200 0.138300 0.074100 0.125600 0.026900 0.035800 0.083400 0.026800 0.017300 0.083300 0.157400 0.179300 0.055100 0.126700 0.171000 0.093300 0.045500 0.093800 0.064800 0.103900 0.073500 0.085300 0.084600
Sheep 0.000000 0.313100 0.065400 0.213900 0.036300 0.000000 0.035900 0.045500 0.075900 0.138900 0.026900 0.064000 0.008900 0.055100 0.026900 0.027200 0.064900 0.064400 0.026500 0.065700 0.036500 0.008800 0.115500 0.149300 0.035900 0.036500 0.008900 0.085700 0.045500 0.065700 0.139900 0.055100 0.105300 0.008900 0.017800 0.064300 0.008900 0.036200 0.064300 0.136600 0.158000 0.036400 0.128100 0.149600 0.074000 0.027100 0.074400 0.045900 0.084200 0.054700 0.065700 0.065200
MaxwellsDu 0.035900 0.321300 0.064400 0.233800 0.054300 0.035900 0.000000 0.026600 0.074700 0.136500 0.044700 0.063000 0.026600 0.017600 0.026500 0.026800 0.063900 0.063500 0.044800 0.064700 0.017800 0.026600 0.134200 0.157500 0.053700 0.036000 0.026600 0.104300 0.044800 0.064700 0.137500 0.017700 0.083800 0.026600 0.035400 0.063200 0.026500 0.054100 0.044700 0.134200 0.155200 0.017700 0.125800 0.158000 0.053900 0.008800 0.054300 0.045200 0.063700 0.072600 0.064700 0.083400
GazellaPrz 0.045500 0.311200 0.074700 0.212700 0.064300 0.045500 0.026600 0.000000 0.085300 0.148500 0.054400 0.092400 0.036000 0.045400 0.035800 0.036200 0.074100 0.073600 0.054600 0.075100 0.027100 0.036000 0.146000 0.148300 0.063600 0.045600 0.036000 0.115500 0.054600 0.075000 0.149600 0.045400 0.114800 0.036000 0.044900 0.092800 0.035900 0.064000 0.054400 0.146000 0.167400 0.027000 0.137600 0.148700 0.083100 0.017600 0.064300 0.055100 0.073900 0.082900 0.075100 0.094100
MountainNy 0.075900 0.376200 0.009000 0.241800 0.095700 0.075900 0.074700 0.085300 0.000000 0.152400 0.085000 0.084300 0.065600 0.095600 0.065200 0.065900 0.086000 0.085400 0.065500 0.009000 0.075900 0.065600 0.150000 0.162800 0.094700 0.096200 0.065500 0.046100 0.085300 0.009000 0.153700 0.095600 0.128300 0.065600 0.074700 0.104500 0.065400 0.095300 0.105200 0.149900 0.172000 0.075800 0.141200 0.175000 0.094500 0.065700 0.114900 0.085800 0.095800 0.085100 0.009000 0.027100
MuntiacusM 0.138900 0.363600 0.140100 0.279200 0.137300 0.138900 0.136500 0.148500 0.152400 0.000000 0.148000 0.147800 0.127100 0.159800 0.126400 0.128000 0.105000 0.104300 0.137700 0.140800 0.139000 0.127200 0.036700 0.076200 0.158300 0.161100 0.127100 0.172900 0.138000 0.140700 0.027900 0.159700 0.148000 0.127100 0.136500 0.169900 0.126700 0.136800 0.170100 0.055600 0.055600 0.138700 0.009100 0.096500 0.159000 0.127400 0.181400 0.149800 0.182500 0.137200 0.140800 0.161500
goat 0.026900 0.321600 0.074400 0.222400 0.045200 0.026900 0.044700 0.054400 0.085000 0.148000 0.000000 0.072800 0.017700 0.064000 0.035700 0.036100 0.073800 0.073300 0.035800 0.074800 0.045400 0.017700 0.124500 0.158400 0.008800 0.045500 0.017700 0.094800 0.054400 0.074800 0.149200 0.064000 0.114400 0.017700 0.026500 0.073200 0.017700 0.045100 0.073100 0.145700 0.167100 0.045300 0.137200 0.158700 0.082900 0.035900 0.083300 0.054900 0.093200 0.063500 0.074800 0.074200
AfricanBuf 0.064000 0.308600 0.073900 0.200100 0.083100 0.064000 0.063000 0.092400 0.084300 0.147800 0.072800 0.000000 0.054200 0.083000 0.072700 0.054600 0.083500 0.083000 0.054200 0.074200 0.064200 0.054200 0.104200 0.158200 0.082200 0.064300 0.054200 0.094200 0.054400 0.074200 0.149000 0.083000 0.104100 0.054200 0.063100 0.053800 0.054100 0.082800 0.111900 0.145500 0.145600 0.064000 0.137000 0.158800 0.081800 0.073200 0.101900 0.093100 0.112800 0.082500 0.074200 0.073600
Topi 0.008900 0.297200 0.055400 0.201100 0.026900 0.008900 0.026600 0.036000 0.065600 0.127100 0.017700 0.054200 0.000000 0.045300 0.017700 0.017900 0.054900 0.054600 0.017800 0.055700 0.027100 0.000100 0.104400 0.137300 0.026700 0.027100 0.000100 0.075300 0.036000 0.055600 0.128000 0.045400 0.094600 0.000000 0.008800 0.054400 0.000100 0.026800 0.054400 0.125000 0.146000 0.027000 0.116500 0.137800 0.063900 0.017800 0.064300 0.036300 0.073900 0.045000 0.055700 0.055200
CommonDuik 0.055100 0.353400 0.084800 0.259100 0.074100 0.055100 0.017600 0.045400 0.095600 0.159800 0.064000 0.083000 0.045300 0.000000 0.045100 0.045600 0.084100 0.083500 0.064200 0.085200 0.036300 0.045400 0.157200 0.181500 0.073300 0.055200 0.045300 0.126400 0.064200 0.085200 0.161000 0.017800 0.104900 0.045300 0.035900 0.083200 0.045200 0.073800 0.064000 0.157200 0.179000 0.036300 0.148700 0.182100 0.073600 0.027000 0.074000 0.064800 0.083800 0.092900 0.085200 0.104500
Suni 0.026900 0.321500 0.055100 0.211100 0.035900 0.026900 0.026500 0.035800 0.065200 0.126400 0.035700 0.072700 0.017700 0.045100 0.000000 0.024800 0.054600 0.054300 0.035800 0.055400 0.033900 0.017700 0.124300 0.147100 0.044700 0.053700 0.017700 0.094600 0.043700 0.055300 0.127300 0.045100 0.094000 0.017700 0.026500 0.073000 0.017700 0.045000 0.054100 0.124400 0.145100 0.035100 0.115900 0.147500 0.063600 0.017700 0.072300 0.036100 0.073500 0.063400 0.055400 0.074000
Springbuck 0.027200 0.326200 0.055700 0.225200 0.045600 0.027200 0.026800 0.036200 0.065900 0.128000 0.036100 0.054600 0.017900 0.045600 0.024800 0.000000 0.055300 0.054900 0.036200 0.056000 0.009000 0.017900 0.125800 0.149100 0.045200 0.027300 0.017800 0.095600 0.017700 0.055900 0.129000 0.045600 0.095100 0.017900 0.026800 0.073700 0.017800 0.045500 0.054800 0.126000 0.146900 0.009000 0.117300 0.149400 0.064200 0.018000 0.045800 0.036500 0.074400 0.064100 0.056000 0.074800
Okapi 0.064900 0.233900 0.075300 0.201400 0.084100 0.064900 0.063900 0.074100 0.086000 0.105000 0.073800 0.083500 0.054900 0.084100 0.054600 0.055300 0.000000 0.017600 0.074100 0.075700 0.073400 0.055000 0.103200 0.124800 0.083200 0.084600 0.054900 0.116500 0.074100 0.075600 0.105700 0.084100 0.054700 0.054900 0.063900 0.073800 0.054800 0.083800 0.093500 0.103000 0.102800 0.064900 0.094800 0.125500 0.083600 0.055100 0.103000 0.055300 0.094100 0.045400 0.075700 0.094900
Giraffe 0.064400 0.256700 0.074900 0.200100 0.083600 0.064400 0.063500 0.073600 0.085400 0.104300 0.073300 0.083000 0.054600 0.083500 0.054300 0.054900 0.017600 0.000000 0.073600 0.075200 0.072600 0.054600 0.102600 0.124300 0.082700 0.084100 0.054500 0.115800 0.073600 0.075200 0.105000 0.083500 0.054400 0.054600 0.063500 0.073400 0.054400 0.083300 0.092800 0.102600 0.102500 0.064400 0.094200 0.124700 0.083100 0.054700 0.102200 0.054900 0.093500 0.045100 0.075200 0.094400
TibetanAnt 0.025800 0.323400 0.055300 0.200800 0.045400 0.026500 0.044800 0.054600 0.065500 0.137700 0.035800 0.054200 0.017800 0.064200 0.035800 0.036200 0.074100 0.073600 0.000000 0.055600 0.045600 0.017600 0.114600 0.148000 0.044900 0.045600 0.017800 0.075200 0.054600 0.055600 0.138600 0.064200 0.114800 0.017800 0.026600 0.073400 0.017700 0.045200 0.073400 0.135500 0.156700 0.045500 0.127000 0.148400 0.083200 0.036100 0.083600 0.055000 0.073900 0.063800 0.055600 0.055100
Sitatunga 0.065700 0.360300 0.000100 0.228800 0.085300 0.065700 0.064700 0.075100 0.009000 0.140800 0.074800 0.074200 0.055700 0.085200 0.055400 0.056000 0.075700 0.075200 0.055600 0.000000 0.065800 0.055700 0.138500 0.151100 0.084400 0.085700 0.055600 0.036600 0.075100 0.000000 0.142000 0.085200 0.117200 0.055700 0.064800 0.094100 0.055500 0.085000 0.094700 0.138600 0.160300 0.065700 0.129800 0.163000 0.084200 0.055800 0.104300 0.075600 0.085400 0.074900 0.000000 0.017900
Oribi 0.036500 0.340900 0.073600 0.238200 0.055200 0.036500 0.017800 0.027100 0.075900 0.139000 0.045400 0.064200 0.027100 0.036300 0.033900 0.009000 0.073400 0.072600 0.045600 0.065800 0.000000 0.027100 0.146300 0.170800 0.054600 0.018100 0.027000 0.106000 0.027100 0.065800 0.140000 0.036300 0.105500 0.027100 0.036000 0.083600 0.027000 0.055000 0.045500 0.146600 0.168200 0.000100 0.128100 0.171100 0.074000 0.008900 0.036500 0.046000 0.064800 0.082400 0.065800 0.084800
BarbaryShe 0.008700 0.297300 0.055400 0.201100 0.026900 0.008800 0.026600 0.036000 0.065600 0.127200 0.017700 0.054200 0.000100 0.045400 0.017700 0.017900 0.055000 0.054600 0.017600 0.055700 0.027100 0.000000 0.104500 0.137400 0.026700 0.027100 0.000200 0.075300 0.036000 0.055700 0.128100 0.045400 0.094600 0.000100 0.008800 0.054500 0.000000 0.026800 0.054500 0.125200 0.146100 0.027000 0.116600 0.137800 0.064000 0.017800 0.064300 0.036300 0.074000 0.045000 0.055700 0.055200
Daviddeer 0.115500 0.356200 0.137900 0.249800 0.135900 0.115500 0.134200 0.146000 0.150000 0.036700 0.124500 0.104200 0.104400 0.157200 0.124300 0.125800 0.103200 0.102600 0.114600 0.138500 0.146300 0.104500 0.000000 0.065000 0.134500 0.136800 0.104300 0.148300 0.115000 0.138400 0.065600 0.157100 0.145600 0.104400 0.113700 0.124800 0.104100 0.135400 0.167200 0.054600 0.036100 0.136300 0.046000 0.084800 0.156600 0.125300 0.178300 0.147200 0.179600 0.114300 0.138500 0.137300
Reindeer 0.149300 0.377900 0.150300 0.253800 0.170500 0.149300 0.157500 0.148300 0.162800 0.076200 0.158400 0.158200 0.137300 0.181500 0.147100 0.149100 0.124800 0.124300 0.148000 0.151100 0.170800 0.137400 0.065000 0.000000 0.168700 0.171700 0.137300 0.172100 0.159200 0.150900 0.086700 0.181400 0.169500 0.137300 0.146700 0.169100 0.136800 0.169800 0.192100 0.074700 0.094200 0.160100 0.086000 0.066000 0.169200 0.148400 0.203600 0.159900 0.205200 0.147500 0.151100 0.160700
Ibex 0.035900 0.335000 0.084000 0.233800 0.054400 0.035900 0.053700 0.063600 0.094700 0.158300 0.008800 0.082200 0.026700 0.073300 0.044700 0.045200 0.083200 0.082700 0.044900 0.084400 0.054600 0.026700 0.134500 0.168700 0.000000 0.054700 0.026600 0.104500 0.063600 0.084300 0.159500 0.073300 0.124300 0.026700 0.035400 0.082500 0.026500 0.054200 0.082400 0.155800 0.177400 0.054500 0.147400 0.169100 0.092300 0.045000 0.092800 0.064200 0.102900 0.072800 0.084400 0.083700
GyrantGaze 0.036500 0.341100 0.085400 0.238000 0.055300 0.036500 0.036000 0.045600 0.096200 0.161100 0.045500 0.064300 0.027100 0.055200 0.053700 0.027300 0.084600 0.084100 0.045600 0.085700 0.018100 0.027100 0.136800 0.171700 0.054700 0.000000 0.027000 0.106300 0.045700 0.085700 0.162300 0.055200 0.126300 0.027100 0.036000 0.064400 0.027000 0.036300 0.064400 0.158400 0.180400 0.018100 0.158800 0.172200 0.074100 0.027100 0.055300 0.065200 0.083500 0.074000 0.085700 0.085000
Hartebeest 0.008900 0.296400 0.055300 0.198300 0.026900 0.008900 0.026600 0.036000 0.065500 0.127100 0.017700 0.054200 0.000100 0.045300 0.017700 0.017800 0.054900 0.054500 0.017800 0.055600 0.027000 0.000200 0.104300 0.137300 0.026600 0.027000 0.000000 0.075200 0.036000 0.055600 0.127900 0.045300 0.094500 0.000100 0.008700 0.054400 0.000100 0.026800 0.054400 0.125000 0.146000 0.027000 0.116500 0.137700 0.063900 0.017800 0.064200 0.036300 0.073900 0.045000 0.055600 0.055100
Bongo 0.085700 0.359200 0.036500 0.253500 0.105700 0.085700 0.104300 0.115500 0.046100 0.172900 0.094800 0.094200 0.075300 0.126400 0.094600 0.095600 0.116500 0.115800 0.075200 0.036600 0.106000 0.075300 0.148300 0.172100 0.104500 0.106300 0.075200 0.000000 0.105300 0.036500 0.174400 0.126300 0.160700 0.075300 0.084400 0.114500 0.075000 0.105300 0.136000 0.170200 0.169900 0.105800 0.161500 0.184600 0.124900 0.095300 0.146300 0.116300 0.126700 0.094900 0.036600 0.036300
Gerenuk 0.045500 0.351600 0.074800 0.247300 0.064300 0.045500 0.044800 0.054600 0.085300 0.138000 0.054400 0.054400 0.036000 0.064200 0.043700 0.017700 0.074100 0.073600 0.054600 0.075100 0.027100 0.036000 0.115000 0.159200 0.063600 0.045700 0.036000 0.105300 0.000000 0.075100 0.139100 0.064200 0.114800 0.036000 0.044900 0.073500 0.035900 0.064000 0.073400 0.135900 0.135800 0.027100 0.127300 0.159400 0.083200 0.036100 0.064500 0.055100 0.093600 0.083000 0.075100 0.094200
CommonElan 0.065700 0.359100 0.000000 0.228400 0.085200 0.065700 0.064700 0.075000 0.009000 0.140700 0.074800 0.074200 0.055600 0.085200 0.055300 0.055900 0.075600 0.075200 0.055600 0.000000 0.065800 0.055700 0.138400 0.150900 0.084300 0.085700 0.055600 0.036500 0.075100 0.000000 0.141900 0.085100 0.117100 0.055600 0.064700 0.094000 0.055500 0.084900 0.094600 0.138500 0.160100 0.065600 0.129700 0.162800 0.084200 0.055700 0.104100 0.075500 0.085400 0.074900 0.000000 0.017900
MuntiacusR 0.139900 0.368200 0.141300 0.282300 0.138300 0.139900 0.137500 0.149600 0.153700 0.027900 0.149200 0.149000 0.128000 0.161000 0.127300 0.129000 0.105700 0.105000 0.138600 0.142000 0.140000 0.128100 0.065600 0.086700 0.159500 0.162300 0.127900 0.174400 0.139100 0.141900 0.000000 0.160900 0.149100 0.128000 0.137500 0.171300 0.127600 0.137800 0.171400 0.065800 0.085300 0.139800 0.037300 0.097000 0.160300 0.128300 0.182600 0.150900 0.184400 0.138200 0.142000 0.162900
HarveysDui 0.055100 0.352100 0.084800 0.260200 0.074100 0.055100 0.017700 0.045400 0.095600 0.159700 0.064000 0.083000 0.045400 0.017800 0.045100 0.045600 0.084100 0.083500 0.064200 0.085200 0.036300 0.045400 0.157100 0.181400 0.073300 0.055200 0.045300 0.126300 0.064200 0.085100 0.160900 0.000000 0.104900 0.045400 0.054300 0.083300 0.045200 0.073800 0.064000 0.157100 0.178900 0.036300 0.148600 0.182000 0.073600 0.027000 0.074000 0.064800 0.083800 0.092900 0.085200 0.104500
Pronghorn 0.105300 0.259800 0.116700 0.250100 0.125600 0.105300 0.083800 0.114800 0.128300 0.148000 0.114400 0.104100 0.094600 0.104900 0.094000 0.095100 0.054700 0.054400 0.114800 0.117200 0.105500 0.094600 0.145600 0.169500 0.124300 0.126300 0.094500 0.160700 0.114800 0.117100 0.149100 0.104900 0.000000 0.094600 0.103700 0.094000 0.094300 0.125100 0.135200 0.145600 0.145400 0.105200 0.137100 0.170000 0.104200 0.094800 0.145600 0.095100 0.136200 0.084200 0.117200 0.137300
BlueWildeb 0.008900 0.297200 0.055400 0.201100 0.026900 0.008900 0.026600 0.036000 0.065600 0.127100 0.017700 0.054200 0.000000 0.045300 0.017700 0.017900 0.054900 0.054600 0.017800 0.055700 0.027100 0.000100 0.104400 0.137300 0.026700 0.027100 0.000100 0.075300 0.036000 0.055600 0.128000 0.045400 0.094600 0.000000 0.008800 0.054400 0.000100 0.026800 0.054400 0.125000 0.146000 0.027000 0.116500 0.137800 0.063900 0.017800 0.064300 0.036300 0.073900 0.045000 0.055700 0.055200
Gemsbok 0.017800 0.307200 0.064500 0.210500 0.035800 0.017800 0.035400 0.044900 0.074700 0.136500 0.026500 0.063100 0.008800 0.035900 0.026500 0.026800 0.063900 0.063500 0.026600 0.064800 0.036000 0.008800 0.113700 0.146700 0.035400 0.036000 0.008700 0.084400 0.044900 0.064700 0.137500 0.054300 0.103700 0.008800 0.000000 0.063300 0.008700 0.035700 0.063400 0.134300 0.155300 0.035900 0.125900 0.147200 0.072900 0.026700 0.073300 0.045200 0.083000 0.053900 0.064800 0.064200
Yak 0.064300 0.308000 0.093700 0.234300 0.083400 0.064300 0.063200 0.092800 0.104500 0.169900 0.073200 0.053800 0.054400 0.083200 0.073000 0.073700 0.073800 0.073400 0.073400 0.094100 0.083600 0.054500 0.124800 0.169100 0.082500 0.064400 0.054400 0.114500 0.073500 0.094000 0.171300 0.083300 0.094000 0.054400 0.063300 0.000000 0.054300 0.063900 0.112300 0.167300 0.145800 0.083400 0.158900 0.180900 0.044400 0.073500 0.122000 0.054300 0.113300 0.063600 0.094100 0.093400
BlueSheep 0.008900 0.295900 0.055200 0.200300 0.026800 0.008900 0.026500 0.035900 0.065400 0.126700 0.017700 0.054100 0.000100 0.045200 0.017700 0.017800 0.054800 0.054400 0.017700 0.055500 0.027000 0.000000 0.104100 0.136800 0.026500 0.027000 0.000100 0.075000 0.035900 0.055500 0.127600 0.045200 0.094300 0.000100 0.008700 0.054300 0.000000 0.026800 0.054300 0.124600 0.145500 0.026900 0.116100 0.137300 0.063700 0.017800 0.064100 0.036200 0.073700 0.044900 0.055500 0.055000
BohorReedb 0.036200 0.337500 0.084600 0.235600 0.017300 0.036200 0.054100 0.064000 0.095300 0.136800 0.045100 0.082800 0.026800 0.073800 0.045000 0.045500 0.083800 0.083300 0.045200 0.085000 0.055000 0.026800 0.135400 0.169800 0.054200 0.036300 0.026800 0.105300 0.064000 0.084900 0.137800 0.073800 0.125100 0.026800 0.035700 0.063900 0.026800 0.000000 0.083000 0.156800 0.178700 0.054900 0.126200 0.170300 0.073500 0.045300 0.093400 0.064600 0.103500 0.073300 0.085000 0.084300
KirksDik 0.064300 0.379700 0.094200 0.271200 0.083300 0.064300 0.044700 0.054400 0.105200 0.170100 0.073100 0.111900 0.054400 0.064000 0.054100 0.054800 0.093500 0.092800 0.073400 0.094700 0.045500 0.054500 0.167200 0.192100 0.082400 0.064400 0.054400 0.136000 0.073400 0.094600 0.171400 0.064000 0.135200 0.054400 0.063400 0.112300 0.054300 0.083000 0.000000 0.146000 0.189100 0.045400 0.158900 0.192500 0.083000 0.036000 0.064200 0.074000 0.093100 0.102200 0.094700 0.113900
RoeDeer 0.136600 0.328200 0.137900 0.249700 0.157400 0.136600 0.134200 0.146000 0.149900 0.055600 0.145700 0.145500 0.125000 0.157200 0.124400 0.126000 0.103000 0.102600 0.135500 0.138600 0.146600 0.125200 0.054600 0.074700 0.155800 0.158400 0.125000 0.170200 0.135900 0.138500 0.065800 0.157100 0.145600 0.125000 0.134300 0.167300 0.124600 0.156800 0.146000 0.000000 0.054600 0.136500 0.065100 0.094900 0.135600 0.125300 0.156900 0.147300 0.157500 0.135000 0.138600 0.159000
WhiteLippe 0.158000 0.326700 0.159500 0.299500 0.179300 0.158000 0.155200 0.167400 0.172000 0.055600 0.167100 0.145600 0.146000 0.179000 0.145100 0.146900 0.102800 0.102500 0.156700 0.160300 0.168200 0.146100 0.036100 0.094200 0.177400 0.180400 0.146000 0.169900 0.135800 0.160100 0.085300 0.178900 0.145400 0.146000 0.155300 0.145800 0.145500 0.178700 0.189100 0.054600 0.000000 0.157700 0.065100 0.115000 0.178400 0.146200 0.200800 0.147100 0.179300 0.134900 0.160300 0.181200
ThomsonGaz 0.036400 0.340400 0.065400 0.237200 0.055100 0.036400 0.017700 0.027000 0.075800 0.138700 0.045300 0.064000 0.027000 0.036300 0.035100 0.009000 0.064900 0.064400 0.045500 0.065700 0.000100 0.027000 0.136300 0.160100 0.054500 0.018100 0.027000 0.105800 0.027100 0.065600 0.139800 0.036300 0.105200 0.027000 0.035900 0.083400 0.026900 0.054900 0.045400 0.136500 0.157700 0.000000 0.127900 0.160400 0.073800 0.008900 0.036400 0.045900 0.064600 0.073700 0.065700 0.084700
MuntiacusC 0.128100 0.348000 0.129200 0.266100 0.126700 0.128100 0.125800 0.137600 0.141200 0.009100 0.137200 0.137000 0.116500 0.148700 0.115900 0.117300 0.094800 0.094200 0.127000 0.129800 0.128100 0.116600 0.046000 0.086000 0.147400 0.158800 0.116500 0.161500 0.127300 0.129700 0.037300 0.148600 0.137100 0.116500 0.125900 0.158900 0.116100 0.126200 0.158900 0.065100 0.065100 0.127900 0.000000 0.106400 0.148100 0.116800 0.169900 0.138800 0.180400 0.126500 0.129800 0.150400
WhiteTaile 0.149600 0.361200 0.162100 0.280200 0.171000 0.149600 0.158000 0.148700 0.175000 0.096500 0.158700 0.158800 0.137800 0.182100 0.147500 0.149400 0.125500 0.124700 0.148400 0.163000 0.171100 0.137800 0.084800 0.066000 0.169100 0.172200 0.137700 0.184600 0.159400 0.162800 0.097000 0.182000 0.170000 0.137800 0.147200 0.180900 0.137300 0.170300 0.192500 0.094900 0.115000 0.160400 0.106400 0.000000 0.180900 0.148900 0.204000 0.171700 0.205600 0.147800 0.163000 0.172700
Cattle 0.074000 0.349900 0.083900 0.246200 0.093300 0.074000 0.053900 0.083100 0.094500 0.159000 0.082900 0.081800 0.063900 0.073600 0.063600 0.064200 0.083600 0.083100 0.083200 0.084200 0.074000 0.064000 0.156600 0.169200 0.092300 0.074100 0.063900 0.124900 0.083200 0.084200 0.160300 0.073600 0.104200 0.063900 0.072900 0.044400 0.063700 0.073500 0.083000 0.135600 0.178400 0.073800 0.148100 0.180900 0.000000 0.064000 0.092100 0.063800 0.123700 0.092500 0.084200 0.103400
RoyalAntel 0.027100 0.325100 0.055500 0.224700 0.045500 0.027100 0.008800 0.017600 0.065700 0.127400 0.035900 0.073200 0.017800 0.027000 0.017700 0.018000 0.055100 0.054700 0.036100 0.055800 0.008900 0.017800 0.125300 0.148400 0.045000 0.027100 0.017800 0.095300 0.036100 0.055700 0.128300 0.027000 0.094800 0.017800 0.026700 0.073500 0.017800 0.045300 0.036000 0.125300 0.146200 0.008900 0.116800 0.148900 0.064000 0.000000 0.045500 0.036400 0.054900 0.063900 0.055800 0.074600
Steenbok 0.074400 0.393600 0.103500 0.282800 0.093800 0.074400 0.054300 0.064300 0.114900 0.181400 0.083300 0.101900 0.064300 0.074000 0.072300 0.045800 0.103000 0.102200 0.083600 0.104300 0.036500 0.064300 0.178300 0.203600 0.092800 0.055300 0.064200 0.146300 0.064500 0.104100 0.182600 0.074000 0.145600 0.064300 0.073300 0.122000 0.064100 0.093400 0.064200 0.156900 0.200800 0.036400 0.169900 0.204000 0.092100 0.045500 0.000000 0.083800 0.103800 0.111900 0.104300 0.124100
Impala 0.045900 0.300100 0.075200 0.237000 0.064800 0.045900 0.045200 0.055100 0.085800 0.149800 0.054900 0.093100 0.036300 0.064800 0.036100 0.036500 0.055300 0.054900 0.055000 0.075600 0.046000 0.036300 0.147200 0.159900 0.064200 0.065200 0.036300 0.116300 0.055100 0.075500 0.150900 0.064800 0.095100 0.036300 0.045200 0.054300 0.036200 0.064600 0.074000 0.147300 0.147100 0.045900 0.138800 0.171700 0.063800 0.036400 0.083800 0.000000 0.074600 0.064200 0.075600 0.094800
Klipspring 0.084200 0.353400 0.085000 0.248600 0.103900 0.084200 0.063700 0.073900 0.095800 0.182500 0.093200 0.112800 0.073900 0.083800 0.073500 0.074400 0.094100 0.093500 0.073900 0.085400 0.064800 0.074000 0.179600 0.205200 0.102900 0.083500 0.073900 0.126700 0.093600 0.085400 0.184400 0.083800 0.136200 0.073900 0.083000 0.113300 0.073700 0.103500 0.093100 0.157500 0.179300 0.064600 0.180400 0.205600 0.123700 0.054900 0.103800 0.074600 0.000000 0.083200 0.085400 0.104700
ForestMusk 0.054700 0.257100 0.074500 0.189100 0.073500 0.054700 0.072600 0.082900 0.085100 0.137200 0.063500 0.082500 0.045000 0.092900 0.063400 0.064100 0.045400 0.045100 0.063800 0.074900 0.082400 0.045000 0.114300 0.147500 0.072800 0.074000 0.045000 0.094900 0.083000 0.074900 0.138200 0.092900 0.084200 0.045000 0.053900 0.063600 0.044900 0.073300 0.102200 0.135000 0.134900 0.073700 0.126500 0.147800 0.092500 0.063900 0.111900 0.064200 0.083200 0.000000 0.074900 0.074300
Bushbuck 0.065700 0.360300 0.000100 0.228800 0.085300 0.065700 0.064700 0.075100 0.009000 0.140800 0.074800 0.074200 0.055700 0.085200 0.055400 0.056000 0.075700 0.075200 0.055600 0.000000 0.065800 0.055700 0.138500 0.151100 0.084400 0.085700 0.055600 0.036600 0.075100 0.000000 0.142000 0.085200 0.117200 0.055700 0.064800 0.094100 0.055500 0.085000 0.094700 0.138600 0.160300 0.065700 0.129800 0.163000 0.084200 0.055800 0.104300 0.075600 0.085400 0.074900 0.000000 0.017900
GreaterKud 0.065200 0.356000 0.017900 0.226600 0.084600 0.065200 0.083400 0.094100 0.027100 0.161500 0.074200 0.073600 0.055200 0.104500 0.074000 0.074800 0.094900 0.094400 0.055100 0.017900 0.084800 0.055200 0.137300 0.160700 0.083700 0.085000 0.055100 0.036300 0.094200 0.017900 0.162900 0.104500 0.137300 0.055200 0.064200 0.093400 0.055000 0.084300 0.113900 0.159000 0.181200 0.084700 0.150400 0.172700 0.103400 0.074600 0.124100 0.094800 0.104700 0.074300 0.017900 0.000000
