CODONML (in paml version 4.10.7, June 2023)  /home/rachel/ruminants_paml/6406-phy-tree/ENSBTAT00000026855.fasta.phy
Model: free dN/dS Ratios for branches,  kappa = 2.000 fixed

Codon frequency model: F3x4
ns =  54  ls = 110

Codon usage in sequences
--------------------------------------------------------------------------------------------------------------------------------------
Phe TTT   2   2   2   2   2   2 | Ser TCT   3   2   3   3   2   3 | Tyr TAT   1   1   1   1   1   1 | Cys TGT   1   2   2   2   2   2
    TTC   0   0   0   0   0   0 |     TCC   2   2   2   2   2   2 |     TAC   1   1   1   1   1   1 |     TGC   2   1   1   1   1   1
Leu TTA   1   2   2   2   3   2 |     TCA   2   3   2   2   2   2 | *** TAA   0   0   0   0   0   0 | *** TGA   0   0   0   0   0   0
    TTG   6   4   5   5   4   5 |     TCG   0   0   0   0   1   0 |     TAG   0   0   0   0   0   0 | Trp TGG   2   2   2   2   2   2
--------------------------------------------------------------------------------------------------------------------------------------
Leu CTT   3   4   3   3   2   3 | Pro CCT   4   4   4   4   3   3 | His CAT   2   2   2   2   2   2 | Arg CGT   0   0   0   0   0   0
    CTC   0   0   0   0   1   1 |     CCC   0   0   0   0   1   1 |     CAC   0   0   0   0   0   1 |     CGC   0   0   0   0   0   0
    CTA   1   0   1   1   0   0 |     CCA   3   3   3   3   1   3 | Gln CAA   3   2   2   2   3   3 |     CGA   0   0   0   0   0   0
    CTG   3   4   3   3   4   3 |     CCG   0   0   0   0   2   0 |     CAG   8   8   8   9   8   7 |     CGG   0   0   1   0   0   0
--------------------------------------------------------------------------------------------------------------------------------------
Ile ATT   4   3   4   4   2   2 | Thr ACT   2   2   2   2   2   2 | Asn AAT   4   4   4   4   3   4 | Ser AGT   1   1   1   2   1   1
    ATC   1   1   1   1   2   2 |     ACC   2   2   2   2   2   2 |     AAC   2   2   2   2   3   2 |     AGC   1   1   1   0   1   1
    ATA   1   2   1   1   2   2 |     ACA   0   0   0   0   0   0 | Lys AAA   6   6   6   6   5   6 | Arg AGA   0   0   0   0   0   0
Met ATG   2   2   2   2   2   2 |     ACG   0   0   0   0   0   0 |     AAG   1   2   1   1   2   1 |     AGG   0   0   0   0   0   0
--------------------------------------------------------------------------------------------------------------------------------------
Val GTT   5   7   6   6   6   5 | Ala GCT   3   2   3   3   3   3 | Asp GAT   5   5   5   5   4   5 | Gly GGT   0   1   1   1   0   1
    GTC   1   1   1   1   1   2 |     GCC   1   2   1   1   1   1 |     GAC   2   2   2   2   3   2 |     GGC   0   0   0   0   2   0
    GTA   1   0   1   1   1   1 |     GCA   3   3   3   3   3   3 | Glu GAA   5   5   6   5   3   5 |     GGA   2   2   2   2   1   2
    GTG   3   2   2   2   2   2 |     GCG   0   0   0   0   0   0 |     GAG   1   1   0   1   3   1 |     GGG   1   0   0   0   0   0
--------------------------------------------------------------------------------------------------------------------------------------

--------------------------------------------------------------------------------------------------------------------------------------
Phe TTT   2   2   2   2   2   2 | Ser TCT   3   3   4   3   3   3 | Tyr TAT   1   1   1   1   1   1 | Cys TGT   2   1   2   2   2   2
    TTC   0   0   0   0   0   0 |     TCC   2   2   1   2   2   2 |     TAC   1   1   1   1   1   1 |     TGC   1   2   1   1   1   1
Leu TTA   2   1   2   2   2   2 |     TCA   2   2   2   2   2   2 | *** TAA   0   0   0   0   0   0 | *** TGA   0   0   0   0   0   0
    TTG   5   6   5   5   5   4 |     TCG   0   0   0   0   0   0 |     TAG   0   0   0   0   0   0 | Trp TGG   2   2   2   2   2   2
--------------------------------------------------------------------------------------------------------------------------------------
Leu CTT   3   3   3   3   3   3 | Pro CCT   4   4   4   5   4   4 | His CAT   2   2   2   2   2   2 | Arg CGT   0   0   0   0   0   0
    CTC   0   0   0   0   0   0 |     CCC   0   0   0   0   0   0 |     CAC   0   0   0   0   0   0 |     CGC   0   0   0   0   0   0
    CTA   1   1   1   1   1   1 |     CCA   3   3   3   2   3   3 | Gln CAA   2   2   2   3   2   2 |     CGA   0   0   0   0   0   0
    CTG   3   3   3   3   3   4 |     CCG   0   0   0   0   0   0 |     CAG   9   9   9   8   9   9 |     CGG   0   0   0   0   0   0
--------------------------------------------------------------------------------------------------------------------------------------
Ile ATT   4   4   3   4   4   4 | Thr ACT   2   2   2   2   2   2 | Asn AAT   4   4   4   3   4   4 | Ser AGT   1   1   1   1   1   1
    ATC   1   1   2   1   1   1 |     ACC   2   2   2   2   2   2 |     AAC   2   2   2   3   2   2 |     AGC   1   1   1   1   1   1
    ATA   1   1   1   1   1   1 |     ACA   0   0   0   0   0   0 | Lys AAA   6   6   6   6   6   6 | Arg AGA   0   0   0   0   0   0
Met ATG   2   2   2   2   2   2 |     ACG   0   0   0   0   0   0 |     AAG   1   1   1   1   1   1 |     AGG   0   0   0   0   0   0
--------------------------------------------------------------------------------------------------------------------------------------
Val GTT   6   5   6   6   6   6 | Ala GCT   3   3   3   3   3   3 | Asp GAT   5   5   5   5   5   4 | Gly GGT   0   0   0   0   1   1
    GTC   1   1   1   1   1   1 |     GCC   1   1   1   1   1   1 |     GAC   2   2   2   2   2   3 |     GGC   0   0   0   0   0   1
    GTA   1   1   1   1   1   1 |     GCA   3   3   3   3   3   2 | Glu GAA   5   5   5   5   6   4 |     GGA   2   2   2   2   2   1
    GTG   2   3   2   2   2   2 |     GCG   0   0   0   0   0   1 |     GAG   1   1   1   1   0   2 |     GGG   1   1   1   1   0   0
--------------------------------------------------------------------------------------------------------------------------------------

--------------------------------------------------------------------------------------------------------------------------------------
Phe TTT   2   2   2   2   2   2 | Ser TCT   3   3   3   3   3   3 | Tyr TAT   1   1   1   1   1   1 | Cys TGT   1   2   1   2   2   1
    TTC   0   0   0   0   0   0 |     TCC   2   2   2   2   2   2 |     TAC   1   1   1   1   1   1 |     TGC   2   1   2   1   1   2
Leu TTA   2   2   2   1   2   2 |     TCA   2   2   2   2   2   2 | *** TAA   0   0   0   0   0   0 | *** TGA   0   0   0   0   0   0
    TTG   5   5   4   5   5   4 |     TCG   0   0   0   0   0   0 |     TAG   0   0   0   0   0   0 | Trp TGG   2   2   2   2   2   2
--------------------------------------------------------------------------------------------------------------------------------------
Leu CTT   3   3   3   3   3   3 | Pro CCT   4   4   4   4   4   4 | His CAT   2   2   2   2   2   1 | Arg CGT   0   0   0   0   0   0
    CTC   0   0   0   0   0   0 |     CCC   0   0   0   0   0   0 |     CAC   0   0   0   0   0   1 |     CGC   0   0   0   0   0   0
    CTA   1   2   1   2   1   1 |     CCA   3   3   3   3   3   3 | Gln CAA   2   2   2   2   2   2 |     CGA   0   0   0   0   0   0
    CTG   3   2   4   3   3   4 |     CCG   0   0   0   0   0   0 |     CAG   9   9   9   9   9   9 |     CGG   0   0   0   0   0   0
--------------------------------------------------------------------------------------------------------------------------------------
Ile ATT   4   4   4   4   4   4 | Thr ACT   2   2   2   2   2   2 | Asn AAT   4   5   4   4   4   3 | Ser AGT   1   1   1   1   1   1
    ATC   1   1   1   1   1   1 |     ACC   2   2   2   2   2   2 |     AAC   2   1   2   2   2   3 |     AGC   1   1   1   1   1   1
    ATA   1   1   1   1   1   1 |     ACA   0   0   0   0   0   0 | Lys AAA   6   6   6   5   6   6 | Arg AGA   0   0   0   0   0   0
Met ATG   2   2   2   2   2   2 |     ACG   0   0   0   0   0   0 |     AAG   1   1   1   2   1   1 |     AGG   0   0   0   0   0   0
--------------------------------------------------------------------------------------------------------------------------------------
Val GTT   5   6   6   6   5   6 | Ala GCT   3   3   3   3   3   3 | Asp GAT   5   5   5   5   5   5 | Gly GGT   0   1   0   0   0   0
    GTC   1   1   1   1   2   1 |     GCC   1   1   1   1   1   1 |     GAC   2   2   2   2   2   2 |     GGC   0   0   0   0   0   0
    GTA   1   1   1   1   1   1 |     GCA   3   3   3   3   3   3 | Glu GAA   5   5   5   5   5   4 |     GGA   2   2   2   2   2   2
    GTG   3   2   2   2   2   2 |     GCG   0   0   0   0   0   0 |     GAG   1   1   1   1   1   2 |     GGG   1   0   1   1   1   1
--------------------------------------------------------------------------------------------------------------------------------------

--------------------------------------------------------------------------------------------------------------------------------------
Phe TTT   2   2   2   2   2   2 | Ser TCT   3   3   3   3   3   3 | Tyr TAT   1   1   1   1   1   1 | Cys TGT   1   2   1   2   2   1
    TTC   0   0   0   0   0   0 |     TCC   2   2   2   2   2   2 |     TAC   1   1   1   1   1   1 |     TGC   2   1   2   1   1   2
Leu TTA   1   1   2   2   2   2 |     TCA   2   2   2   2   2   2 | *** TAA   0   0   0   0   0   0 | *** TGA   0   0   0   0   0   0
    TTG   5   5   5   5   5   5 |     TCG   0   0   0   0   0   0 |     TAG   0   0   0   0   0   0 | Trp TGG   2   2   2   2   2   2
--------------------------------------------------------------------------------------------------------------------------------------
Leu CTT   3   3   3   3   3   3 | Pro CCT   4   4   4   4   5   4 | His CAT   2   2   2   2   2   2 | Arg CGT   0   0   0   0   0   0
    CTC   0   0   0   0   0   0 |     CCC   0   0   0   0   0   0 |     CAC   0   0   0   0   0   0 |     CGC   0   0   0   0   0   0
    CTA   1   1   1   1   1   1 |     CCA   3   3   2   3   2   3 | Gln CAA   2   2   2   2   2   2 |     CGA   0   0   0   0   0   0
    CTG   4   4   3   3   3   3 |     CCG   0   0   1   0   0   0 |     CAG   9   9   9   9   9   9 |     CGG   0   0   0   0   0   0
--------------------------------------------------------------------------------------------------------------------------------------
Ile ATT   4   4   4   4   4   4 | Thr ACT   2   2   2   2   2   2 | Asn AAT   4   4   4   4   3   4 | Ser AGT   1   1   1   1   1   1
    ATC   1   1   1   1   1   1 |     ACC   2   2   2   2   2   2 |     AAC   2   2   2   2   3   2 |     AGC   1   1   1   1   1   1
    ATA   1   1   1   1   1   1 |     ACA   0   0   0   0   0   0 | Lys AAA   6   6   6   6   6   6 | Arg AGA   0   0   0   0   0   0
Met ATG   2   2   2   2   2   2 |     ACG   0   0   0   0   0   0 |     AAG   1   1   1   1   1   1 |     AGG   0   0   0   0   0   0
--------------------------------------------------------------------------------------------------------------------------------------
Val GTT   6   6   6   6   6   5 | Ala GCT   1   3   3   3   3   3 | Asp GAT   4   5   5   5   5   5 | Gly GGT   1   1   0   1   0   0
    GTC   1   1   1   1   1   1 |     GCC   2   1   1   1   1   1 |     GAC   3   2   2   2   2   2 |     GGC   0   0   0   0   0   0
    GTA   1   1   0   1   1   1 |     GCA   3   3   3   3   3   3 | Glu GAA   5   5   5   6   5   5 |     GGA   2   2   2   2   2   2
    GTG   2   2   3   2   2   3 |     GCG   1   0   0   0   0   0 |     GAG   1   1   1   0   1   1 |     GGG   0   0   1   0   1   1
--------------------------------------------------------------------------------------------------------------------------------------

--------------------------------------------------------------------------------------------------------------------------------------
Phe TTT   2   2   2   2   2   2 | Ser TCT   3   3   3   3   3   3 | Tyr TAT   1   1   1   1   1   1 | Cys TGT   2   2   1   2   1   2
    TTC   0   0   0   0   0   0 |     TCC   2   2   2   2   2   2 |     TAC   1   1   1   1   1   1 |     TGC   1   1   2   1   2   1
Leu TTA   2   2   2   3   2   2 |     TCA   2   2   2   2   2   2 | *** TAA   0   0   0   0   0   0 | *** TGA   0   0   0   0   0   0
    TTG   3   4   5   4   4   5 |     TCG   0   0   0   0   0   0 |     TAG   0   0   0   0   0   0 | Trp TGG   2   2   2   2   2   2
--------------------------------------------------------------------------------------------------------------------------------------
Leu CTT   3   3   3   3   3   3 | Pro CCT   4   4   4   4   4   4 | His CAT   2   2   2   2   2   2 | Arg CGT   0   0   0   0   0   0
    CTC   0   0   0   0   0   0 |     CCC   0   0   0   0   0   0 |     CAC   0   0   0   0   0   0 |     CGC   0   0   0   0   0   0
    CTA   1   1   1   1   1   1 |     CCA   3   3   3   3   3   3 | Gln CAA   2   2   2   2   2   2 |     CGA   0   0   0   0   0   0
    CTG   5   4   3   3   4   3 |     CCG   0   0   0   0   0   0 |     CAG   9   9   9   9   9   9 |     CGG   0   0   0   0   0   0
--------------------------------------------------------------------------------------------------------------------------------------
Ile ATT   3   4   4   4   4   4 | Thr ACT   2   2   2   2   2   2 | Asn AAT   4   4   4   4   4   4 | Ser AGT   1   1   1   1   1   1
    ATC   2   1   1   1   1   1 |     ACC   2   2   2   2   2   2 |     AAC   2   1   2   2   2   2 |     AGC   1   2   1   1   1   1
    ATA   1   1   1   1   1   1 |     ACA   0   0   0   0   0   0 | Lys AAA   6   6   6   6   6   6 | Arg AGA   0   0   0   0   0   0
Met ATG   2   2   2   2   2   2 |     ACG   0   0   0   0   0   0 |     AAG   1   1   1   1   1   1 |     AGG   0   0   0   0   0   0
--------------------------------------------------------------------------------------------------------------------------------------
Val GTT   6   6   5   6   6   6 | Ala GCT   3   3   3   3   3   3 | Asp GAT   5   5   5   5   5   5 | Gly GGT   1   1   0   0   0   1
    GTC   1   1   1   1   1   1 |     GCC   1   1   1   1   1   1 |     GAC   2   2   2   2   2   2 |     GGC   1   1   0   0   0   0
    GTA   1   1   1   1   1   1 |     GCA   3   3   3   2   3   3 | Glu GAA   3   4   5   5   5   6 |     GGA   1   1   2   2   2   2
    GTG   2   2   3   2   2   2 |     GCG   0   0   0   1   0   0 |     GAG   3   2   1   1   1   0 |     GGG   0   0   1   1   1   0
--------------------------------------------------------------------------------------------------------------------------------------

--------------------------------------------------------------------------------------------------------------------------------------
Phe TTT   2   2   2   2   2   2 | Ser TCT   3   3   3   3   3   3 | Tyr TAT   1   1   1   1   1   1 | Cys TGT   2   2   2   2   2   1
    TTC   0   0   0   0   0   0 |     TCC   2   2   2   2   2   2 |     TAC   1   1   1   1   1   1 |     TGC   1   1   1   1   1   2
Leu TTA   2   2   2   2   2   2 |     TCA   2   2   2   2   2   2 | *** TAA   0   0   0   0   0   0 | *** TGA   0   0   0   0   0   0
    TTG   5   5   4   5   5   4 |     TCG   0   0   0   0   0   0 |     TAG   0   0   0   0   0   0 | Trp TGG   2   2   2   2   2   2
--------------------------------------------------------------------------------------------------------------------------------------
Leu CTT   3   3   3   3   3   3 | Pro CCT   4   4   4   4   5   4 | His CAT   1   2   2   2   2   2 | Arg CGT   0   0   0   0   0   0
    CTC   0   0   0   0   0   0 |     CCC   0   0   0   0   0   0 |     CAC   1   0   0   0   0   0 |     CGC   0   0   0   0   0   0
    CTA   1   1   1   1   1   1 |     CCA   3   3   3   3   2   3 | Gln CAA   2   2   2   2   2   2 |     CGA   0   0   0   0   0   0
    CTG   3   3   4   3   3   4 |     CCG   0   0   0   0   0   0 |     CAG   9   9   9   9   9   9 |     CGG   0   0   0   0   0   0
--------------------------------------------------------------------------------------------------------------------------------------
Ile ATT   4   4   4   4   4   4 | Thr ACT   2   2   2   2   2   2 | Asn AAT   3   4   4   4   3   4 | Ser AGT   1   1   1   1   1   1
    ATC   1   1   1   1   1   1 |     ACC   2   1   2   2   2   2 |     AAC   3   2   2   2   3   2 |     AGC   1   1   1   1   1   1
    ATA   1   1   1   1   1   1 |     ACA   0   0   0   0   0   0 | Lys AAA   6   6   6   5   5   6 | Arg AGA   0   0   0   0   0   0
Met ATG   2   2   2   2   2   2 |     ACG   0   1   0   0   0   0 |     AAG   1   1   1   2   2   1 |     AGG   0   0   0   0   0   0
--------------------------------------------------------------------------------------------------------------------------------------
Val GTT   6   6   6   6   6   6 | Ala GCT   3   3   3   3   3   3 | Asp GAT   5   5   4   5   5   5 | Gly GGT   0   1   1   0   1   0
    GTC   1   1   1   1   1   1 |     GCC   1   1   1   1   1   1 |     GAC   2   2   3   2   2   2 |     GGC   0   0   1   0   0   0
    GTA   1   1   1   1   1   1 |     GCA   3   3   2   3   2   3 | Glu GAA   5   6   4   5   5   5 |     GGA   2   2   1   2   2   2
    GTG   2   2   2   2   2   2 |     GCG   0   0   1   0   1   0 |     GAG   1   0   2   1   1   1 |     GGG   1   0   0   1   0   1
--------------------------------------------------------------------------------------------------------------------------------------

--------------------------------------------------------------------------------------------------------------------------------------
Phe TTT   2   2   2   2   2   2 | Ser TCT   3   3   3   3   3   3 | Tyr TAT   1   1   1   1   1   1 | Cys TGT   1   2   1   2   2   2
    TTC   0   0   0   0   0   0 |     TCC   2   2   2   2   2   2 |     TAC   1   1   1   1   1   1 |     TGC   2   1   2   1   1   1
Leu TTA   2   2   2   2   3   2 |     TCA   2   2   2   2   2   2 | *** TAA   0   0   0   0   0   0 | *** TGA   0   0   0   0   0   0
    TTG   5   5   5   5   4   5 |     TCG   0   0   0   0   0   0 |     TAG   0   0   0   0   0   0 | Trp TGG   2   2   2   2   2   2
--------------------------------------------------------------------------------------------------------------------------------------
Leu CTT   3   3   3   3   3   3 | Pro CCT   4   4   4   4   5   4 | His CAT   2   2   2   2   2   2 | Arg CGT   0   0   0   0   0   0
    CTC   0   0   0   0   0   0 |     CCC   0   0   0   0   0   0 |     CAC   0   0   0   0   0   0 |     CGC   0   0   0   0   0   0
    CTA   2   2   1   1   2   1 |     CCA   3   3   3   3   2   3 | Gln CAA   2   2   2   2   2   2 |     CGA   0   0   0   0   0   0
    CTG   2   2   3   3   2   3 |     CCG   0   0   0   0   0   0 |     CAG   9   9   9   9   9   9 |     CGG   0   0   0   0   0   0
--------------------------------------------------------------------------------------------------------------------------------------
Ile ATT   4   4   4   4   4   4 | Thr ACT   3   2   2   2   2   2 | Asn AAT   4   5   4   4   4   4 | Ser AGT   1   1   1   1   1   1
    ATC   1   1   1   1   1   1 |     ACC   1   2   2   2   2   2 |     AAC   2   1   2   2   2   2 |     AGC   1   1   1   1   1   1
    ATA   1   1   1   1   1   1 |     ACA   0   0   0   0   0   0 | Lys AAA   6   6   6   6   5   6 | Arg AGA   0   0   0   0   0   0
Met ATG   2   2   2   2   2   2 |     ACG   0   0   0   0   0   0 |     AAG   1   1   1   1   2   1 |     AGG   0   0   0   0   0   0
--------------------------------------------------------------------------------------------------------------------------------------
Val GTT   6   6   5   6   6   6 | Ala GCT   3   3   3   3   3   3 | Asp GAT   5   5   5   5   5   5 | Gly GGT   0   1   0   0   0   1
    GTC   1   1   1   1   1   1 |     GCC   1   1   1   1   1   1 |     GAC   2   2   2   2   2   2 |     GGC   0   0   0   0   0   1
    GTA   1   1   1   1   2   1 |     GCA   3   3   3   3   3   3 | Glu GAA   5   5   5   5   5   3 |     GGA   2   2   2   2   2   1
    GTG   2   2   3   2   1   2 |     GCG   0   0   0   0   0   0 |     GAG   1   1   1   1   1   3 |     GGG   1   0   1   1   1   0
--------------------------------------------------------------------------------------------------------------------------------------

--------------------------------------------------------------------------------------------------------------------------------------
Phe TTT   2   2   2   2   2   2 | Ser TCT   3   3   3   3   3   3 | Tyr TAT   1   1   1   1   1   1 | Cys TGT   2   2   2   2   2   2
    TTC   0   0   0   0   0   0 |     TCC   2   2   2   2   2   2 |     TAC   1   1   1   1   1   1 |     TGC   1   1   1   1   1   1
Leu TTA   2   2   2   2   2   2 |     TCA   2   2   2   2   2   2 | *** TAA   0   0   0   0   0   0 | *** TGA   0   0   0   0   0   0
    TTG   4   5   4   4   5   4 |     TCG   0   0   0   0   0   0 |     TAG   0   0   0   0   0   0 | Trp TGG   2   2   2   2   2   2
--------------------------------------------------------------------------------------------------------------------------------------
Leu CTT   3   3   3   3   3   3 | Pro CCT   4   4   4   4   4   4 | His CAT   2   2   2   2   2   2 | Arg CGT   0   0   0   0   0   0
    CTC   0   0   0   0   0   0 |     CCC   0   0   0   0   0   0 |     CAC   0   0   0   0   0   0 |     CGC   0   0   0   0   0   0
    CTA   1   1   1   1   1   1 |     CCA   3   3   3   3   3   3 | Gln CAA   2   2   2   2   2   4 |     CGA   0   0   0   0   0   0
    CTG   4   3   4   4   3   4 |     CCG   0   0   0   0   0   0 |     CAG   9   9   9   9   9   7 |     CGG   0   0   0   0   0   0
--------------------------------------------------------------------------------------------------------------------------------------
Ile ATT   3   4   4   4   3   4 | Thr ACT   2   2   2   2   2   2 | Asn AAT   4   4   4   4   5   4 | Ser AGT   1   1   1   1   1   1
    ATC   2   1   1   1   1   1 |     ACC   2   2   2   2   2   2 |     AAC   2   3   2   2   1   2 |     AGC   1   0   1   1   1   1
    ATA   1   1   1   1   1   1 |     ACA   0   0   0   0   0   0 | Lys AAA   6   6   6   6   6   6 | Arg AGA   0   0   0   0   0   0
Met ATG   2   2   2   2   2   2 |     ACG   0   0   0   0   0   0 |     AAG   1   1   1   1   1   1 |     AGG   0   0   0   0   0   0
--------------------------------------------------------------------------------------------------------------------------------------
Val GTT   6   6   6   6   7   5 | Ala GCT   3   3   3   2   3   3 | Asp GAT   5   5   4   5   5   5 | Gly GGT   1   0   1   1   1   0
    GTC   1   1   1   1   1   1 |     GCC   1   1   1   2   1   1 |     GAC   2   2   3   2   2   2 |     GGC   1   0   1   1   0   0
    GTA   1   1   1   1   1   1 |     GCA   3   2   2   3   3   3 | Glu GAA   3   5   4   4   5   5 |     GGA   1   2   1   1   2   2
    GTG   2   2   2   2   2   3 |     GCG   0   1   1   0   0   0 |     GAG   3   1   2   2   1   1 |     GGG   0   1   0   0   0   1
--------------------------------------------------------------------------------------------------------------------------------------

--------------------------------------------------------------------------------------------------------------------------------------
Phe TTT   2   2   2   2   2   2 | Ser TCT   2   3   3   3   3   3 | Tyr TAT   1   1   0   1   1   1 | Cys TGT   2   2   2   2   2   2
    TTC   0   0   0   0   0   0 |     TCC   2   2   2   2   2   2 |     TAC   1   1   2   1   1   1 |     TGC   1   1   1   1   1   1
Leu TTA   2   2   2   2   2   2 |     TCA   3   2   2   2   2   2 | *** TAA   0   0   0   0   0   0 | *** TGA   0   0   0   0   0   0
    TTG   5   5   4   5   5   5 |     TCG   0   0   0   0   0   0 |     TAG   0   0   0   0   0   0 | Trp TGG   2   2   2   2   2   2
--------------------------------------------------------------------------------------------------------------------------------------
Leu CTT   3   3   3   3   3   3 | Pro CCT   5   4   4   4   4   4 | His CAT   2   2   2   2   2   2 | Arg CGT   0   0   0   0   0   0
    CTC   0   0   0   0   0   0 |     CCC   0   0   0   0   0   0 |     CAC   0   0   0   0   0   0 |     CGC   0   0   0   0   0   0
    CTA   1   1   1   1   1   1 |     CCA   2   3   3   3   3   3 | Gln CAA   2   2   2   2   2   2 |     CGA   0   0   0   0   0   0
    CTG   3   3   4   3   3   3 |     CCG   0   0   0   0   0   0 |     CAG   9   9   9   9   9   9 |     CGG   0   0   0   0   0   0
--------------------------------------------------------------------------------------------------------------------------------------
Ile ATT   4   4   4   4   4   4 | Thr ACT   2   2   2   2   2   2 | Asn AAT   4   4   4   4   4   4 | Ser AGT   1   1   1   2   1   1
    ATC   1   1   1   1   1   1 |     ACC   2   2   2   2   2   2 |     AAC   2   2   2   2   2   2 |     AGC   1   1   1   0   1   1
    ATA   1   1   1   1   1   1 |     ACA   0   0   0   0   0   0 | Lys AAA   6   6   6   6   6   6 | Arg AGA   0   0   0   0   0   0
Met ATG   2   2   2   2   2   2 |     ACG   0   0   0   0   0   0 |     AAG   1   1   1   1   1   1 |     AGG   0   0   0   0   0   0
--------------------------------------------------------------------------------------------------------------------------------------
Val GTT   7   6   6   6   6   6 | Ala GCT   3   3   3   3   3   3 | Asp GAT   5   5   5   5   5   5 | Gly GGT   0   0   0   1   1   1
    GTC   0   1   1   1   1   1 |     GCC   1   1   1   1   1   1 |     GAC   2   2   2   2   2   2 |     GGC   0   0   0   0   0   0
    GTA   1   1   1   1   1   1 |     GCA   3   3   3   3   3   3 | Glu GAA   5   5   5   5   6   6 |     GGA   2   2   2   2   2   2
    GTG   2   2   2   2   2   2 |     GCG   0   0   0   0   0   0 |     GAG   1   1   1   1   0   0 |     GGG   1   1   1   0   0   0
--------------------------------------------------------------------------------------------------------------------------------------

Codon position x base (3x4) table for each sequence.

#1: Argali         
position  1:    T:0.20909    C:0.24545    A:0.24545    G:0.30000
position  2:    T:0.30909    C:0.22727    A:0.37273    G:0.09091
position  3:    T:0.36364    C:0.13636    A:0.25455    G:0.24545
Average         T:0.29394    C:0.20303    A:0.29091    G:0.21212

#2: LesserMouseDeer
position  1:    T:0.20000    C:0.24545    A:0.25455    G:0.30000
position  2:    T:0.30909    C:0.22727    A:0.37273    G:0.09091
position  3:    T:0.38182    C:0.13636    A:0.25455    G:0.22727
Average         T:0.29697    C:0.20303    A:0.29394    G:0.20606

#3: LesserKudu     
position  1:    T:0.20909    C:0.24545    A:0.24545    G:0.30000
position  2:    T:0.30909    C:0.22727    A:0.36364    G:0.10000
position  3:    T:0.39091    C:0.12727    A:0.26364    G:0.21818
Average         T:0.30303    C:0.20000    A:0.29091    G:0.20606

#4: ForestMuskDeer2
position  1:    T:0.20909    C:0.24545    A:0.24545    G:0.30000
position  2:    T:0.30909    C:0.22727    A:0.37273    G:0.09091
position  3:    T:0.40000    C:0.11818    A:0.25455    G:0.22727
Average         T:0.30606    C:0.19697    A:0.29091    G:0.20606

#5: Camel          
position  1:    T:0.20909    C:0.24545    A:0.24545    G:0.30000
position  2:    T:0.30909    C:0.22727    A:0.37273    G:0.09091
position  3:    T:0.31818    C:0.19091    A:0.21818    G:0.27273
Average         T:0.27879    C:0.22121    A:0.27879    G:0.22121

#6: KillerWhale    
position  1:    T:0.20909    C:0.24545    A:0.24545    G:0.30000
position  2:    T:0.30909    C:0.22727    A:0.37273    G:0.09091
position  3:    T:0.35455    C:0.17273    A:0.26364    G:0.20909
Average         T:0.29091    C:0.21515    A:0.29394    G:0.20000

#7: DefassaWaterbuck
position  1:    T:0.20909    C:0.24545    A:0.24545    G:0.30000
position  2:    T:0.30909    C:0.22727    A:0.37273    G:0.09091
position  3:    T:0.38182    C:0.12727    A:0.25455    G:0.23636
Average         T:0.30000    C:0.20000    A:0.29091    G:0.20909

#8: Sheep          
position  1:    T:0.20909    C:0.24545    A:0.24545    G:0.30000
position  2:    T:0.30909    C:0.22727    A:0.37273    G:0.09091
position  3:    T:0.36364    C:0.13636    A:0.24545    G:0.25455
Average         T:0.29394    C:0.20303    A:0.28788    G:0.21515

#9: MaxwellsDuiker 
position  1:    T:0.20909    C:0.24545    A:0.24545    G:0.30000
position  2:    T:0.30909    C:0.22727    A:0.37273    G:0.09091
position  3:    T:0.38182    C:0.12727    A:0.25455    G:0.23636
Average         T:0.30000    C:0.20000    A:0.29091    G:0.20909

#10: GazellaPrzewalskyi
position  1:    T:0.20909    C:0.24545    A:0.24545    G:0.30000
position  2:    T:0.30909    C:0.22727    A:0.37273    G:0.09091
position  3:    T:0.38182    C:0.13636    A:0.25455    G:0.22727
Average         T:0.30000    C:0.20303    A:0.29091    G:0.20606

#11: MountainNyala  
position  1:    T:0.20909    C:0.24545    A:0.24545    G:0.30000
position  2:    T:0.30909    C:0.22727    A:0.37273    G:0.09091
position  3:    T:0.39091    C:0.12727    A:0.26364    G:0.21818
Average         T:0.30303    C:0.20000    A:0.29394    G:0.20303

#12: MuntiacusMuntjak
position  1:    T:0.20000    C:0.25455    A:0.24545    G:0.30000
position  2:    T:0.30909    C:0.22727    A:0.37273    G:0.09091
position  3:    T:0.38182    C:0.14545    A:0.22727    G:0.24545
Average         T:0.29697    C:0.20909    A:0.28182    G:0.21212

#13: goat           
position  1:    T:0.20909    C:0.24545    A:0.24545    G:0.30000
position  2:    T:0.30909    C:0.22727    A:0.37273    G:0.09091
position  3:    T:0.36364    C:0.13636    A:0.25455    G:0.24545
Average         T:0.29394    C:0.20303    A:0.29091    G:0.21212

#14: AfricanBuffalo 
position  1:    T:0.20909    C:0.24545    A:0.24545    G:0.30000
position  2:    T:0.30909    C:0.22727    A:0.37273    G:0.09091
position  3:    T:0.40000    C:0.11818    A:0.26364    G:0.21818
Average         T:0.30606    C:0.19697    A:0.29394    G:0.20303

#15: Topi           
position  1:    T:0.20000    C:0.25455    A:0.24545    G:0.30000
position  2:    T:0.30909    C:0.22727    A:0.37273    G:0.09091
position  3:    T:0.37273    C:0.13636    A:0.25455    G:0.23636
Average         T:0.29394    C:0.20606    A:0.29091    G:0.20909

#16: CommonDuiker   
position  1:    T:0.20000    C:0.25455    A:0.24545    G:0.30000
position  2:    T:0.30909    C:0.22727    A:0.37273    G:0.09091
position  3:    T:0.38182    C:0.12727    A:0.24545    G:0.24545
Average         T:0.29697    C:0.20303    A:0.28788    G:0.21212

#17: Suni           
position  1:    T:0.20909    C:0.24545    A:0.24545    G:0.30000
position  2:    T:0.30909    C:0.22727    A:0.37273    G:0.09091
position  3:    T:0.37273    C:0.13636    A:0.25455    G:0.23636
Average         T:0.29697    C:0.20303    A:0.29091    G:0.20909

#18: Springbuck     
position  1:    T:0.20000    C:0.25455    A:0.24545    G:0.30000
position  2:    T:0.30909    C:0.22727    A:0.37273    G:0.09091
position  3:    T:0.35455    C:0.15455    A:0.24545    G:0.24545
Average         T:0.28788    C:0.21212    A:0.28788    G:0.21212

#19: Okapi          
position  1:    T:0.20000    C:0.25455    A:0.24545    G:0.30000
position  2:    T:0.30909    C:0.22727    A:0.37273    G:0.09091
position  3:    T:0.35455    C:0.15455    A:0.24545    G:0.24545
Average         T:0.28788    C:0.21212    A:0.28788    G:0.21212

#20: Giraffe        
position  1:    T:0.20000    C:0.25455    A:0.24545    G:0.30000
position  2:    T:0.30909    C:0.22727    A:0.37273    G:0.09091
position  3:    T:0.39091    C:0.12727    A:0.24545    G:0.23636
Average         T:0.30000    C:0.20303    A:0.28788    G:0.20909

#21: TibetanAntelope
position  1:    T:0.20909    C:0.24545    A:0.24545    G:0.30000
position  2:    T:0.30909    C:0.22727    A:0.37273    G:0.09091
position  3:    T:0.37273    C:0.13636    A:0.23636    G:0.25455
Average         T:0.29697    C:0.20303    A:0.28485    G:0.21515

#22: Sitatunga      
position  1:    T:0.20909    C:0.24545    A:0.24545    G:0.30000
position  2:    T:0.30909    C:0.22727    A:0.37273    G:0.09091
position  3:    T:0.39091    C:0.12727    A:0.26364    G:0.21818
Average         T:0.30303    C:0.20000    A:0.29394    G:0.20303

#23: Oribi          
position  1:    T:0.20909    C:0.24545    A:0.24545    G:0.30000
position  2:    T:0.30909    C:0.22727    A:0.37273    G:0.09091
position  3:    T:0.38182    C:0.13636    A:0.24545    G:0.23636
Average         T:0.30000    C:0.20303    A:0.28788    G:0.20909

#24: BarbarySheep   
position  1:    T:0.20909    C:0.24545    A:0.24545    G:0.30000
position  2:    T:0.30909    C:0.22727    A:0.37273    G:0.09091
position  3:    T:0.36364    C:0.13636    A:0.25455    G:0.24545
Average         T:0.29394    C:0.20303    A:0.29091    G:0.21212

#25: Daviddeer      
position  1:    T:0.19091    C:0.26364    A:0.24545    G:0.30000
position  2:    T:0.30909    C:0.22727    A:0.37273    G:0.09091
position  3:    T:0.38182    C:0.14545    A:0.22727    G:0.24545
Average         T:0.29394    C:0.21212    A:0.28182    G:0.21212

#26: Reindeer       
position  1:    T:0.20000    C:0.25455    A:0.24545    G:0.30000
position  2:    T:0.30909    C:0.22727    A:0.36364    G:0.10000
position  3:    T:0.39091    C:0.13636    A:0.23636    G:0.23636
Average         T:0.30000    C:0.20606    A:0.28182    G:0.21212

#27: Ibex           
position  1:    T:0.20909    C:0.24545    A:0.24545    G:0.30000
position  2:    T:0.30909    C:0.22727    A:0.37273    G:0.09091
position  3:    T:0.36364    C:0.13636    A:0.25455    G:0.24545
Average         T:0.29394    C:0.20303    A:0.29091    G:0.21212

#28: GyrantGazelle  
position  1:    T:0.20909    C:0.24545    A:0.24545    G:0.30000
position  2:    T:0.30909    C:0.22727    A:0.37273    G:0.09091
position  3:    T:0.38182    C:0.12727    A:0.25455    G:0.23636
Average         T:0.30000    C:0.20000    A:0.29091    G:0.20909

#29: Hartebeest     
position  1:    T:0.20000    C:0.25455    A:0.24545    G:0.30000
position  2:    T:0.30909    C:0.22727    A:0.37273    G:0.09091
position  3:    T:0.37273    C:0.13636    A:0.25455    G:0.23636
Average         T:0.29394    C:0.20606    A:0.29091    G:0.20909

#30: Bongo          
position  1:    T:0.20909    C:0.24545    A:0.24545    G:0.30000
position  2:    T:0.30909    C:0.22727    A:0.37273    G:0.09091
position  3:    T:0.39091    C:0.12727    A:0.26364    G:0.21818
Average         T:0.30303    C:0.20000    A:0.29394    G:0.20303

#31: Gerenuk        
position  1:    T:0.20909    C:0.24545    A:0.24545    G:0.30000
position  2:    T:0.30909    C:0.22727    A:0.37273    G:0.09091
position  3:    T:0.36364    C:0.14545    A:0.25455    G:0.23636
Average         T:0.29394    C:0.20606    A:0.29091    G:0.20909

#32: CommonEland    
position  1:    T:0.20909    C:0.24545    A:0.24545    G:0.30000
position  2:    T:0.30909    C:0.22727    A:0.37273    G:0.09091
position  3:    T:0.39091    C:0.11818    A:0.26364    G:0.22727
Average         T:0.30303    C:0.19697    A:0.29394    G:0.20606

#33: MuntiacusReevesi
position  1:    T:0.20000    C:0.25455    A:0.24545    G:0.30000
position  2:    T:0.30909    C:0.22727    A:0.37273    G:0.09091
position  3:    T:0.38182    C:0.14545    A:0.22727    G:0.24545
Average         T:0.29697    C:0.20909    A:0.28182    G:0.21212

#34: HarveysDuiker  
position  1:    T:0.20909    C:0.24545    A:0.24545    G:0.30000
position  2:    T:0.30909    C:0.22727    A:0.37273    G:0.09091
position  3:    T:0.38182    C:0.12727    A:0.24545    G:0.24545
Average         T:0.30000    C:0.20000    A:0.28788    G:0.21212

#35: Pronghorn      
position  1:    T:0.20909    C:0.24545    A:0.24545    G:0.30000
position  2:    T:0.30909    C:0.22727    A:0.37273    G:0.09091
position  3:    T:0.39091    C:0.13636    A:0.22727    G:0.24545
Average         T:0.30303    C:0.20303    A:0.28182    G:0.21212

#36: BlueWildebeest 
position  1:    T:0.20000    C:0.25455    A:0.24545    G:0.30000
position  2:    T:0.30909    C:0.22727    A:0.37273    G:0.09091
position  3:    T:0.37273    C:0.13636    A:0.25455    G:0.23636
Average         T:0.29394    C:0.20606    A:0.29091    G:0.20909

#37: Gemsbok        
position  1:    T:0.20909    C:0.24545    A:0.24545    G:0.30000
position  2:    T:0.30909    C:0.22727    A:0.37273    G:0.09091
position  3:    T:0.38182    C:0.12727    A:0.26364    G:0.22727
Average         T:0.30000    C:0.20000    A:0.29394    G:0.20606

#38: Yak            
position  1:    T:0.20909    C:0.24545    A:0.24545    G:0.30000
position  2:    T:0.30909    C:0.22727    A:0.37273    G:0.09091
position  3:    T:0.40000    C:0.11818    A:0.26364    G:0.21818
Average         T:0.30606    C:0.19697    A:0.29394    G:0.20303

#39: BlueSheep      
position  1:    T:0.20909    C:0.24545    A:0.24545    G:0.30000
position  2:    T:0.30909    C:0.22727    A:0.37273    G:0.09091
position  3:    T:0.36364    C:0.13636    A:0.25455    G:0.24545
Average         T:0.29394    C:0.20303    A:0.29091    G:0.21212

#40: BohorReedbuck  
position  1:    T:0.20909    C:0.24545    A:0.24545    G:0.30000
position  2:    T:0.30909    C:0.22727    A:0.37273    G:0.09091
position  3:    T:0.38182    C:0.12727    A:0.25455    G:0.23636
Average         T:0.30000    C:0.20000    A:0.29091    G:0.20909

#41: KirksDik       
position  1:    T:0.20909    C:0.24545    A:0.24545    G:0.30000
position  2:    T:0.30909    C:0.22727    A:0.37273    G:0.09091
position  3:    T:0.39091    C:0.12727    A:0.26364    G:0.21818
Average         T:0.30303    C:0.20000    A:0.29394    G:0.20303

#42: RoeDeer        
position  1:    T:0.20909    C:0.24545    A:0.24545    G:0.30000
position  2:    T:0.30909    C:0.22727    A:0.37273    G:0.09091
position  3:    T:0.39091    C:0.13636    A:0.22727    G:0.24545
Average         T:0.30303    C:0.20303    A:0.28182    G:0.21212

#43: WhiteLippedDeer
position  1:    T:0.20000    C:0.25455    A:0.24545    G:0.30000
position  2:    T:0.30909    C:0.22727    A:0.37273    G:0.09091
position  3:    T:0.38182    C:0.14545    A:0.22727    G:0.24545
Average         T:0.29697    C:0.20909    A:0.28182    G:0.21212

#44: ThomsonGazelle 
position  1:    T:0.20909    C:0.24545    A:0.24545    G:0.30000
position  2:    T:0.30909    C:0.22727    A:0.38182    G:0.08182
position  3:    T:0.38182    C:0.12727    A:0.24545    G:0.24545
Average         T:0.30000    C:0.20000    A:0.29091    G:0.20909

#45: MuntiacusCrinifrons
position  1:    T:0.20000    C:0.25455    A:0.24545    G:0.30000
position  2:    T:0.30909    C:0.22727    A:0.37273    G:0.09091
position  3:    T:0.38182    C:0.14545    A:0.22727    G:0.24545
Average         T:0.29697    C:0.20909    A:0.28182    G:0.21212

#46: WhiteTailedDeer
position  1:    T:0.20000    C:0.25455    A:0.24545    G:0.30000
position  2:    T:0.30909    C:0.22727    A:0.37273    G:0.09091
position  3:    T:0.38182    C:0.14545    A:0.23636    G:0.23636
Average         T:0.29697    C:0.20909    A:0.28485    G:0.20909

#47: Cattle         
position  1:    T:0.20909    C:0.24545    A:0.23636    G:0.30909
position  2:    T:0.30909    C:0.22727    A:0.37273    G:0.09091
position  3:    T:0.40000    C:0.11818    A:0.25455    G:0.22727
Average         T:0.30606    C:0.19697    A:0.28788    G:0.20909

#48: RoyalAntelope  
position  1:    T:0.20000    C:0.25455    A:0.24545    G:0.30000
position  2:    T:0.30909    C:0.22727    A:0.37273    G:0.09091
position  3:    T:0.37273    C:0.12727    A:0.27273    G:0.22727
Average         T:0.29394    C:0.20303    A:0.29697    G:0.20606

#49: Steenbok       
position  1:    T:0.20909    C:0.24545    A:0.24545    G:0.30000
position  2:    T:0.30909    C:0.22727    A:0.37273    G:0.09091
position  3:    T:0.39091    C:0.11818    A:0.25455    G:0.23636
Average         T:0.30303    C:0.19697    A:0.29091    G:0.20909

#50: Impala         
position  1:    T:0.20909    C:0.24545    A:0.24545    G:0.30000
position  2:    T:0.30909    C:0.22727    A:0.37273    G:0.09091
position  3:    T:0.38182    C:0.12727    A:0.25455    G:0.23636
Average         T:0.30000    C:0.20000    A:0.29091    G:0.20909

#51: Klipspringer   
position  1:    T:0.20000    C:0.25455    A:0.24545    G:0.30000
position  2:    T:0.30909    C:0.22727    A:0.37273    G:0.09091
