1
52 1
Argali 0.000000 0.243500 0.066900 0.223800 0.048000 0.009300 0.051100 0.037800 0.063200 0.073900 0.018700 0.069400 0.038000 0.051500 0.054700 0.054000 0.084000 0.105000 0.044400 0.063100 0.050800 0.018700 0.070200 0.070300 0.028100 0.044900 0.038000 0.063200 0.038500 0.066600 0.077400 0.057800 0.108200 0.047600 0.037900 0.056200 0.018800 0.067800 0.067500 0.114600 0.087500 0.051400 0.073800 0.087600 0.052900 0.057700 0.048300 0.057800 0.054500 0.080800 0.073700 0.073500
LesserMous 0.243500 0.000000 0.257400 0.265800 0.232100 0.238700 0.243200 0.252700 0.251800 0.257800 0.248600 0.249000 0.257300 0.267600 0.242300 0.259500 0.280400 0.270400 0.256400 0.242500 0.265100 0.240600 0.251600 0.260800 0.256500 0.250600 0.257200 0.252000 0.251400 0.256300 0.262700 0.262600 0.247800 0.269700 0.246300 0.250300 0.244300 0.244400 0.279900 0.268200 0.274100 0.258700 0.257600 0.270100 0.242500 0.287500 0.253500 0.253000 0.244700 0.256100 0.265800 0.261500
LesserKudu 0.066900 0.257400 0.000000 0.233700 0.064800 0.070200 0.073400 0.057600 0.034900 0.085500 0.069200 0.060500 0.064600 0.073700 0.071900 0.071100 0.102900 0.112800 0.063200 0.028400 0.071200 0.067100 0.081500 0.078300 0.076000 0.072100 0.064600 0.028400 0.062100 0.031600 0.089000 0.087700 0.112400 0.074400 0.054500 0.047500 0.076300 0.074900 0.088200 0.129900 0.098900 0.078700 0.085400 0.092000 0.044400 0.092000 0.061900 0.061400 0.081900 0.102200 0.038200 0.031700
KillerWhal 0.223800 0.265800 0.233700 0.000000 0.233400 0.223400 0.245600 0.246500 0.244000 0.239300 0.235500 0.251700 0.241100 0.261100 0.238000 0.243900 0.235500 0.254800 0.248100 0.218000 0.262400 0.233500 0.229300 0.236900 0.243500 0.252700 0.241000 0.235400 0.244700 0.235600 0.243800 0.246400 0.266600 0.244200 0.236000 0.222900 0.240700 0.254600 0.272000 0.261600 0.242200 0.251900 0.239100 0.234000 0.227500 0.257100 0.244100 0.246500 0.251600 0.211400 0.248900 0.248800
DefassaWat 0.048000 0.232100 0.064800 0.233400 0.000000 0.051200 0.044600 0.044300 0.061200 0.071900 0.053500 0.067100 0.051100 0.058300 0.061600 0.060800 0.092100 0.105800 0.047700 0.061100 0.057600 0.048200 0.074800 0.075000 0.063400 0.051700 0.051100 0.061200 0.045200 0.064600 0.074600 0.051300 0.112800 0.060800 0.051000 0.060800 0.054800 0.028400 0.070900 0.101700 0.092100 0.058100 0.071800 0.085200 0.057600 0.071200 0.048300 0.057900 0.061100 0.088500 0.071600 0.071400
Sheep 0.009300 0.238700 0.070200 0.223400 0.051200 0.000000 0.047700 0.041000 0.066400 0.077200 0.021900 0.072600 0.041200 0.054800 0.064700 0.057300 0.094400 0.101300 0.047700 0.066300 0.054100 0.021900 0.080400 0.080500 0.031300 0.048200 0.041200 0.066400 0.041700 0.069900 0.080700 0.054400 0.111600 0.050800 0.041100 0.066100 0.021900 0.071100 0.070800 0.121500 0.097900 0.048100 0.077100 0.083900 0.062800 0.061000 0.051500 0.061100 0.057800 0.084200 0.076900 0.076700
MaxwellsDu 0.051100 0.243200 0.073400 0.245600 0.044600 0.047700 0.000000 0.044200 0.067400 0.078200 0.054500 0.073400 0.051000 0.025300 0.054800 0.060600 0.106000 0.105300 0.054200 0.067300 0.057400 0.051300 0.081200 0.081300 0.057600 0.051500 0.051000 0.067400 0.045100 0.070800 0.081600 0.031500 0.105000 0.060600 0.044300 0.067000 0.058000 0.064300 0.070700 0.114900 0.098600 0.058000 0.078100 0.091600 0.063700 0.071000 0.048200 0.051200 0.064500 0.087800 0.077900 0.078000
GazellaPrz 0.037800 0.252700 0.057600 0.246500 0.044300 0.041000 0.044200 0.000000 0.060600 0.071200 0.041100 0.066600 0.031300 0.038000 0.054400 0.040700 0.098400 0.098100 0.047300 0.060600 0.037600 0.037900 0.074200 0.074300 0.050700 0.031600 0.031300 0.060700 0.025300 0.064000 0.074700 0.050800 0.104600 0.040800 0.031200 0.053700 0.044400 0.063900 0.057000 0.114600 0.091300 0.038000 0.071200 0.084500 0.057100 0.057300 0.034900 0.037800 0.057400 0.087700 0.071000 0.070700
MountainNy 0.063200 0.251800 0.034900 0.244000 0.061200 0.066400 0.067400 0.060600 0.000000 0.088700 0.068700 0.050400 0.061000 0.074500 0.068200 0.070800 0.115300 0.129100 0.066200 0.018700 0.067500 0.063400 0.091600 0.091700 0.075500 0.068400 0.061000 0.006200 0.061800 0.009300 0.092200 0.081500 0.112200 0.070700 0.060900 0.050600 0.072400 0.078000 0.084400 0.133000 0.109100 0.074900 0.088600 0.102100 0.047500 0.088100 0.051500 0.064500 0.078100 0.098300 0.015700 0.015600
MuntiacusM 0.073900 0.257800 0.085500 0.239300 0.071900 0.077200 0.078200 0.071200 0.088700 0.000000 0.079600 0.084400 0.071600 0.089000 0.086100 0.088300 0.084200 0.097500 0.069900 0.081600 0.085100 0.074200 0.022000 0.028500 0.086500 0.075800 0.071600 0.081700 0.072600 0.085200 0.003100 0.092500 0.101600 0.081600 0.076500 0.081100 0.083300 0.088900 0.092100 0.074100 0.034900 0.082500 0.000000 0.038100 0.077900 0.092400 0.062200 0.082200 0.082200 0.074700 0.092400 0.085300
goat 0.018700 0.248600 0.069200 0.235500 0.053500 0.021900 0.054500 0.041100 0.068700 0.079600 0.000000 0.075000 0.041400 0.055000 0.065000 0.050900 0.089700 0.118700 0.047800 0.068600 0.047700 0.025100 0.083000 0.075900 0.009200 0.048400 0.041300 0.068800 0.035300 0.072200 0.083100 0.061300 0.121800 0.051000 0.034700 0.068500 0.018800 0.066700 0.071000 0.122000 0.100800 0.054900 0.079500 0.093600 0.065100 0.061200 0.051700 0.061300 0.058100 0.086700 0.072400 0.079300
AfricanBuf 0.069400 0.249000 0.060500 0.251700 0.067100 0.072600 0.073400 0.066600 0.050400 0.084400 0.075000 0.000000 0.070300 0.083900 0.074400 0.070000 0.112000 0.114600 0.072200 0.050400 0.080100 0.069600 0.090600 0.090800 0.081800 0.074400 0.070300 0.049200 0.067900 0.053700 0.087900 0.087400 0.125000 0.080100 0.070100 0.043600 0.078700 0.077100 0.076700 0.130600 0.108000 0.080900 0.084300 0.101100 0.040500 0.087200 0.064400 0.077300 0.070700 0.097200 0.067100 0.066900
Topi 0.038000 0.257300 0.064600 0.241100 0.051100 0.041200 0.051000 0.031300 0.061000 0.071600 0.041400 0.070300 0.000000 0.048200 0.058100 0.047400 0.098900 0.105400 0.046800 0.060900 0.037800 0.025200 0.081400 0.074700 0.051000 0.031800 0.000000 0.061000 0.031900 0.064400 0.075100 0.057700 0.105200 0.009300 0.021900 0.060600 0.044700 0.070900 0.057300 0.122400 0.091700 0.038200 0.071600 0.078000 0.064000 0.057500 0.035000 0.041300 0.064400 0.088100 0.071300 0.071100
CommonDuik 0.051500 0.267600 0.073700 0.261100 0.058300 0.054800 0.025300 0.038000 0.074500 0.089000 0.055000 0.083900 0.048200 0.000000 0.068800 0.061200 0.118800 0.132800 0.054600 0.074500 0.054600 0.051700 0.092100 0.092200 0.064800 0.052000 0.048100 0.074600 0.038800 0.078000 0.085500 0.025300 0.112700 0.057900 0.041400 0.077500 0.058500 0.078500 0.071300 0.126400 0.102600 0.058500 0.088900 0.102800 0.074100 0.071600 0.052100 0.058300 0.071900 0.098800 0.085300 0.082200
Suni 0.054700 0.242300 0.071900 0.238000 0.061600 0.064700 0.054800 0.054400 0.068200 0.086100 0.065000 0.074400 0.058100 0.068800 0.000000 0.071000 0.099500 0.113600 0.064600 0.074900 0.064600 0.061700 0.082100 0.075300 0.068100 0.053900 0.058000 0.068200 0.055400 0.071700 0.089700 0.075100 0.106200 0.067900 0.061200 0.061100 0.068500 0.068200 0.081500 0.111500 0.099500 0.060500 0.085900 0.092600 0.057900 0.078300 0.051900 0.048100 0.075100 0.103000 0.085700 0.081900
Springbuck 0.054000 0.259500 0.071100 0.243900 0.060800 0.057300 0.060600 0.040700 0.070800 0.088300 0.050900 0.070000 0.047400 0.061200 0.071000 0.000000 0.109000 0.122800 0.063700 0.064100 0.053800 0.054300 0.091300 0.084500 0.060500 0.047900 0.047400 0.070800 0.028400 0.074200 0.091900 0.067400 0.129200 0.057000 0.040800 0.063600 0.060900 0.074000 0.067000 0.129000 0.108700 0.054400 0.088300 0.101800 0.067000 0.073900 0.051300 0.060800 0.067500 0.105100 0.081200 0.081000
Okapi 0.084000 0.280400 0.102900 0.235500 0.092100 0.094400 0.106000 0.098400 0.115300 0.084200 0.089700 0.112000 0.098900 0.118800 0.099500 0.109000 0.000000 0.060600 0.094100 0.102200 0.113000 0.098700 0.087300 0.074900 0.096800 0.103800 0.098900 0.109500 0.093100 0.113000 0.087700 0.113600 0.134400 0.109200 0.095200 0.094700 0.101000 0.102600 0.116500 0.122300 0.097900 0.110600 0.084200 0.085200 0.098300 0.113300 0.096300 0.103000 0.106500 0.098900 0.120700 0.113200
Giraffe 0.105000 0.270400 0.112800 0.254800 0.105800 0.101300 0.105300 0.098100 0.129100 0.097500 0.118700 0.114600 0.105400 0.132800 0.113600 0.122800 0.060600 0.000000 0.108000 0.115800 0.119500 0.105400 0.086500 0.087900 0.125700 0.110200 0.105400 0.123100 0.107200 0.126600 0.101100 0.127300 0.132900 0.115600 0.105300 0.094200 0.122600 0.123500 0.122900 0.135500 0.097000 0.110000 0.097400 0.077600 0.104700 0.134200 0.103200 0.105900 0.120300 0.119000 0.134300 0.126800
TibetanAnt 0.044400 0.256400 0.063200 0.248100 0.047700 0.047700 0.054200 0.047300 0.066200 0.069900 0.047800 0.072200 0.046800 0.054600 0.064600 0.063700 0.094100 0.108000 0.000000 0.066200 0.060500 0.044600 0.073000 0.073100 0.057500 0.054700 0.046900 0.066300 0.048200 0.069600 0.066400 0.060900 0.110900 0.056500 0.047500 0.065800 0.051200 0.067500 0.067100 0.114900 0.090300 0.061100 0.069800 0.083400 0.062600 0.067500 0.051400 0.060900 0.067600 0.086700 0.076700 0.076500
Sitatunga 0.063100 0.242500 0.028400 0.218000 0.061100 0.066300 0.067300 0.060600 0.018700 0.081600 0.068600 0.050400 0.060900 0.074500 0.074900 0.064100 0.102200 0.115800 0.066200 0.000000 0.067400 0.063300 0.084600 0.084700 0.075400 0.068300 0.060900 0.012400 0.061800 0.015600 0.085100 0.081400 0.112100 0.070700 0.060800 0.044100 0.072400 0.077900 0.084300 0.118600 0.094900 0.074900 0.081600 0.088100 0.047400 0.088100 0.051500 0.064500 0.071300 0.098200 0.022000 0.021900
Oribi 0.050800 0.265100 0.071200 0.262400 0.057600 0.054100 0.057400 0.037600 0.067500 0.085100 0.047700 0.080100 0.037800 0.054600 0.064600 0.053800 0.113000 0.119500 0.060500 0.067400 0.000000 0.051100 0.088100 0.088200 0.057300 0.041500 0.037800 0.067500 0.038300 0.070900 0.088700 0.064200 0.108400 0.047300 0.037700 0.067100 0.051000 0.070700 0.070400 0.122000 0.105500 0.047900 0.085100 0.098600 0.067300 0.070700 0.041500 0.054200 0.070900 0.101800 0.071100 0.077700
BarbaryShe 0.018700 0.240600 0.067100 0.233500 0.048200 0.021900 0.051300 0.037900 0.063400 0.074200 0.025100 0.069600 0.025200 0.051700 0.061700 0.054300 0.098700 0.105400 0.044600 0.063300 0.051100 0.000000 0.077400 0.070600 0.034600 0.038500 0.025200 0.063400 0.038700 0.066800 0.077700 0.058000 0.108500 0.034700 0.038100 0.063200 0.025200 0.068100 0.061000 0.118700 0.087900 0.044900 0.074200 0.073900 0.059800 0.064600 0.048500 0.051400 0.061500 0.081000 0.073900 0.073700
Daviddeer 0.070200 0.251600 0.081500 0.229300 0.074800 0.080400 0.081200 0.074200 0.091600 0.022000 0.083000 0.090600 0.081400 0.092100 0.082100 0.091300 0.087300 0.086500 0.073000 0.084600 0.088100 0.077400 0.000000 0.025100 0.089800 0.078800 0.081400 0.084700 0.075600 0.088100 0.025200 0.095500 0.104600 0.091400 0.074400 0.070500 0.086700 0.091800 0.098400 0.080500 0.015600 0.085400 0.022000 0.041100 0.067300 0.095400 0.065200 0.085100 0.085200 0.084500 0.095400 0.095200
Reindeer 0.070300 0.260800 0.078300 0.236900 0.075000 0.080500 0.081300 0.074300 0.091700 0.028500 0.075900 0.090800 0.074700 0.092200 0.075300 0.084500 0.074900 0.087900 0.073100 0.084700 0.088200 0.070600 0.025100 0.000000 0.082700 0.072100 0.074700 0.084800 0.068800 0.088300 0.031700 0.095600 0.104700 0.084600 0.074500 0.077400 0.086700 0.085100 0.091600 0.080600 0.034700 0.078700 0.028400 0.021900 0.074200 0.095500 0.072100 0.071500 0.085400 0.077800 0.095500 0.088400
Ibex 0.028100 0.256500 0.076000 0.243500 0.063400 0.031300 0.057600 0.050700 0.075500 0.086500 0.009200 0.081800 0.051000 0.064800 0.068100 0.060500 0.096800 0.125700 0.057500 0.075400 0.057300 0.034600 0.089800 0.082700 0.000000 0.054800 0.051000 0.075600 0.045000 0.079000 0.090000 0.071100 0.128800 0.060600 0.044300 0.075300 0.028200 0.069900 0.074100 0.128900 0.107700 0.061300 0.086400 0.097000 0.071900 0.071000 0.061500 0.064400 0.061200 0.093500 0.079200 0.089500
GyrantGaze 0.044900 0.250600 0.072100 0.252700 0.051700 0.048200 0.051500 0.031600 0.068400 0.075800 0.048400 0.074400 0.031800 0.052000 0.053900 0.047900 0.103800 0.110200 0.054700 0.068300 0.041500 0.038500 0.078800 0.072100 0.054800 0.000000 0.031800 0.068400 0.032200 0.071900 0.079400 0.058300 0.102900 0.041400 0.038200 0.061300 0.051800 0.071700 0.057900 0.112900 0.089200 0.006300 0.075800 0.078700 0.064700 0.064900 0.042000 0.045000 0.065000 0.085600 0.072000 0.078700
Hartebeest 0.038000 0.257200 0.064600 0.241000 0.051100 0.041200 0.051000 0.031300 0.061000 0.071600 0.041300 0.070300 0.000000 0.048100 0.058000 0.047400 0.098900 0.105400 0.046900 0.060900 0.037800 0.025200 0.081400 0.074700 0.051000 0.031800 0.000000 0.061000 0.031900 0.064400 0.075000 0.057600 0.105200 0.009300 0.021900 0.060600 0.044700 0.070900 0.057300 0.122300 0.091700 0.038100 0.071500 0.078000 0.064000 0.057500 0.035000 0.041300 0.064400 0.088100 0.071300 0.071100
Bongo 0.063200 0.252000 0.028400 0.235400 0.061200 0.066400 0.067400 0.060700 0.006200 0.081700 0.068800 0.049200 0.061000 0.074600 0.068200 0.070800 0.109500 0.123100 0.066300 0.012400 0.067500 0.063400 0.084700 0.084800 0.075600 0.068400 0.061000 0.000000 0.061900 0.003100 0.085200 0.081500 0.112200 0.070800 0.060900 0.044100 0.072500 0.078000 0.084500 0.125900 0.102100 0.075000 0.081700 0.095100 0.041000 0.088200 0.051500 0.064600 0.078200 0.098400 0.015700 0.015600
Gerenuk 0.038500 0.251400 0.062100 0.244700 0.045200 0.041700 0.045100 0.025300 0.061800 0.072600 0.035300 0.067900 0.031900 0.038800 0.055400 0.028400 0.093100 0.107200 0.048200 0.061800 0.038300 0.038700 0.075600 0.068800 0.045000 0.032200 0.031900 0.061900 0.000000 0.065300 0.076200 0.051800 0.113900 0.041500 0.025300 0.054800 0.045300 0.065100 0.058200 0.116900 0.086000 0.038700 0.072600 0.086100 0.058200 0.058400 0.035600 0.045200 0.058600 0.089300 0.072300 0.072100
CommonElan 0.066600 0.256300 0.031600 0.235600 0.064600 0.069900 0.070800 0.064000 0.009300 0.085200 0.072200 0.053700 0.064400 0.078000 0.071700 0.074200 0.113000 0.126600 0.069600 0.015600 0.070900 0.066800 0.088100 0.088300 0.079000 0.071900 0.064400 0.003100 0.065300 0.000000 0.088700 0.085000 0.115800 0.074200 0.064300 0.047400 0.075900 0.081400 0.087900 0.129500 0.105500 0.078400 0.085100 0.098600 0.044200 0.091800 0.054900 0.067900 0.081600 0.094900 0.018800 0.018800
MuntiacusR 0.077400 0.262700 0.089000 0.243800 0.074600 0.080700 0.081600 0.074700 0.092200 0.003100 0.083100 0.087900 0.075100 0.085500 0.089700 0.091900 0.087700 0.101100 0.066400 0.085100 0.088700 0.077700 0.025200 0.031700 0.090000 0.079400 0.075000 0.085200 0.076200 0.088700 0.000000 0.089100 0.105200 0.085000 0.079900 0.084600 0.086800 0.091200 0.088700 0.077500 0.038200 0.086000 0.003100 0.041400 0.081300 0.096000 0.065700 0.085700 0.083600 0.078100 0.096000 0.088800
HarveysDui 0.057800 0.262600 0.087700 0.246400 0.051300 0.054400 0.031500 0.050800 0.081500 0.092500 0.061300 0.087400 0.057700 0.025300 0.075100 0.067400 0.113600 0.127300 0.060900 0.081400 0.064200 0.058000 0.095500 0.095600 0.071100 0.058300 0.057600 0.081500 0.051800 0.085000 0.089100 0.000000 0.126900 0.067400 0.050900 0.080900 0.064700 0.071200 0.077600 0.122600 0.113100 0.058100 0.092400 0.099200 0.077600 0.077800 0.061700 0.071300 0.078100 0.102200 0.092200 0.091800
Pronghorn 0.108200 0.247800 0.112400 0.266600 0.112800 0.111600 0.105000 0.104600 0.112200 0.101600 0.121800 0.125000 0.105200 0.112700 0.106200 0.129200 0.134400 0.132900 0.110900 0.112100 0.108400 0.108500 0.104600 0.104700 0.128800 0.102900 0.105200 0.112200 0.113900 0.115800 0.105200 0.126900 0.000000 0.115400 0.105000 0.121900 0.125700 0.130400 0.133600 0.142800 0.118800 0.109600 0.101600 0.115000 0.118700 0.141400 0.111900 0.112700 0.127000 0.115400 0.116100 0.115900
BlueWildeb 0.047600 0.269700 0.074400 0.244200 0.060800 0.050800 0.060600 0.040800 0.070700 0.081600 0.051000 0.080100 0.009300 0.057900 0.067900 0.057000 0.109200 0.115600 0.056500 0.070700 0.047300 0.034700 0.091400 0.084600 0.060600 0.041400 0.009300 0.070800 0.041500 0.074200 0.085000 0.067400 0.115400 0.000000 0.031300 0.070300 0.054400 0.080800 0.067000 0.132600 0.101800 0.047800 0.081500 0.087900 0.073800 0.067200 0.044700 0.050900 0.074200 0.091200 0.081200 0.080900
Gemsbok 0.037900 0.246300 0.054500 0.236000 0.051000 0.041100 0.044300 0.031200 0.060900 0.076500 0.034700 0.070100 0.021900 0.041400 0.061200 0.040800 0.095200 0.105300 0.047500 0.060800 0.037700 0.038100 0.074400 0.074500 0.044300 0.038200 0.021900 0.060900 0.025300 0.064300 0.079900 0.050900 0.105000 0.031300 0.000000 0.053900 0.044600 0.070800 0.063800 0.114900 0.091600 0.044600 0.076400 0.091700 0.057300 0.064100 0.035000 0.051000 0.064200 0.087900 0.071200 0.070900
Yak 0.056200 0.250300 0.047500 0.222900 0.060800 0.066100 0.067000 0.053700 0.050600 0.081100 0.068500 0.043600 0.060600 0.077500 0.061100 0.063600 0.094700 0.094200 0.065800 0.044100 0.067100 0.063200 0.070500 0.077400 0.075300 0.061300 0.060600 0.044100 0.054800 0.047400 0.084600 0.080900 0.121900 0.070300 0.053900 0.000000 0.072200 0.070600 0.070300 0.114400 0.080700 0.067700 0.081100 0.087600 0.015400 0.087600 0.044700 0.064200 0.077600 0.097700 0.060600 0.060500
BlueSheep 0.018800 0.244300 0.076300 0.240700 0.054800 0.021900 0.058000 0.044400 0.072400 0.083300 0.018800 0.078700 0.044700 0.058500 0.068500 0.060900 0.101000 0.122600 0.051200 0.072400 0.051000 0.025200 0.086700 0.086700 0.028200 0.051800 0.044700 0.072500 0.045300 0.075900 0.086800 0.064700 0.125700 0.054400 0.044600 0.072200 0.000000 0.067900 0.074500 0.129600 0.104600 0.058300 0.083200 0.097300 0.068700 0.064600 0.055200 0.064800 0.061500 0.090500 0.076100 0.083000
BohorReedb 0.067800 0.244400 0.074900 0.254600 0.028400 0.071100 0.064300 0.063900 0.078000 0.088900 0.066700 0.077100 0.070900 0.078500 0.068200 0.074000 0.102600 0.123500 0.067500 0.077900 0.070700 0.068100 0.091800 0.085100 0.069900 0.071700 0.070900 0.078000 0.065100 0.081400 0.091200 0.071200 0.130400 0.080800 0.070800 0.070600 0.067900 0.000000 0.074100 0.119100 0.109400 0.078200 0.088800 0.095400 0.067400 0.091500 0.068300 0.064500 0.071100 0.105600 0.081600 0.084800
KirksDik 0.067500 0.279900 0.088200 0.272000 0.070900 0.070800 0.070700 0.057000 0.084400 0.092100 0.071000 0.076700 0.057300 0.071300 0.081500 0.067000 0.116500 0.122900 0.067100 0.084300 0.070400 0.061000 0.098400 0.091600 0.074100 0.057900 0.057300 0.084500 0.058200 0.087900 0.088700 0.077600 0.133600 0.067000 0.063800 0.070300 0.074500 0.074100 0.000000 0.135600 0.105000 0.064400 0.092100 0.102000 0.073800 0.084200 0.068100 0.064200 0.074300 0.094800 0.095100 0.094900
RoeDeer 0.114600 0.268200 0.129900 0.261600 0.101700 0.121500 0.114900 0.114600 0.133000 0.074100 0.122000 0.130600 0.122400 0.126400 0.111500 0.129000 0.122300 0.135500 0.114900 0.118600 0.122000 0.118700 0.080500 0.080600 0.128900 0.112900 0.122300 0.125900 0.116900 0.129500 0.077500 0.122600 0.142800 0.132600 0.114900 0.114400 0.129600 0.119100 0.135600 0.000000 0.087400 0.112600 0.074000 0.083900 0.118100 0.133200 0.106000 0.126300 0.122600 0.118500 0.137100 0.129500
WhiteLippe 0.087500 0.274100 0.098900 0.242200 0.092100 0.097900 0.098600 0.091300 0.109100 0.034900 0.100800 0.108000 0.091700 0.102600 0.099500 0.108700 0.097900 0.097000 0.090300 0.094900 0.105500 0.087900 0.015600 0.034700 0.107700 0.089200 0.091700 0.102100 0.086000 0.105500 0.038200 0.113100 0.118800 0.101800 0.091600 0.080700 0.104600 0.109400 0.105000 0.087400 0.000000 0.095900 0.034900 0.044400 0.084200 0.113000 0.075500 0.095500 0.102700 0.091500 0.113000 0.109400
ThomsonGaz 0.051400 0.258700 0.078700 0.251900 0.058100 0.048100 0.058000 0.038000 0.074900 0.082500 0.054900 0.080900 0.038200 0.058500 0.060500 0.054400 0.110600 0.110000 0.061100 0.074900 0.047900 0.044900 0.085400 0.078700 0.061300 0.006300 0.038100 0.075000 0.038700 0.078400 0.086000 0.058100 0.109600 0.047800 0.044600 0.067700 0.058300 0.078200 0.064400 0.112600 0.095900 0.000000 0.082400 0.078500 0.071200 0.071400 0.048500 0.051400 0.071600 0.092200 0.078600 0.085300
MuntiacusC 0.073800 0.257600 0.085400 0.239100 0.071800 0.077100 0.078100 0.071200 0.088600 0.000000 0.079500 0.084300 0.071600 0.088900 0.085900 0.088300 0.084200 0.097400 0.069800 0.081600 0.085100 0.074200 0.022000 0.028400 0.086400 0.075800 0.071500 0.081700 0.072600 0.085100 0.003100 0.092400 0.101600 0.081500 0.076400 0.081100 0.083200 0.088800 0.092100 0.074000 0.034900 0.082400 0.000000 0.038100 0.077800 0.092300 0.062200 0.082100 0.082200 0.074600 0.092400 0.085200
WhiteTaile 0.087600 0.270100 0.092000 0.234000 0.085200 0.083900 0.091600 0.084500 0.102100 0.038100 0.093600 0.101100 0.078000 0.102800 0.092600 0.101800 0.085200 0.077600 0.083400 0.088100 0.098600 0.073900 0.041100 0.021900 0.097000 0.078700 0.078000 0.095100 0.086100 0.098600 0.041400 0.099200 0.115000 0.087900 0.091700 0.087600 0.097300 0.095400 0.102000 0.083900 0.044400 0.078500 0.038100 0.000000 0.091200 0.106000 0.075500 0.081700 0.095700 0.088000 0.106000 0.098700
Cattle 0.052900 0.242500 0.044400 0.227500 0.057600 0.062800 0.063700 0.057100 0.047500 0.077900 0.065100 0.040500 0.064000 0.074100 0.057900 0.067000 0.098300 0.104700 0.062600 0.047400 0.067300 0.059800 0.067300 0.074200 0.071900 0.064700 0.064000 0.041000 0.058200 0.044200 0.081300 0.077600 0.118700 0.073800 0.057300 0.015400 0.068700 0.067400 0.073800 0.118100 0.084200 0.071200 0.077800 0.091200 0.000000 0.084300 0.054600 0.067600 0.074300 0.094400 0.057500 0.057400
RoyalAntel 0.057700 0.287500 0.092000 0.257100 0.071200 0.061000 0.071000 0.057300 0.088100 0.092400 0.061200 0.087200 0.057500 0.071600 0.078300 0.073900 0.113300 0.134200 0.067500 0.088100 0.070700 0.064600 0.095400 0.095500 0.071000 0.064900 0.057500 0.088200 0.058400 0.091800 0.096000 0.077800 0.141400 0.067200 0.064100 0.087600 0.064600 0.091500 0.084200 0.133200 0.113000 0.071400 0.092300 0.106000 0.084300 0.000000 0.061500 0.067800 0.070900 0.088200 0.098900 0.098600
Steenbok 0.048300 0.253500 0.061900 0.244100 0.048300 0.051500 0.048200 0.034900 0.051500 0.062200 0.051700 0.064400 0.035000 0.052100 0.051900 0.051300 0.096300 0.103200 0.051400 0.051500 0.041500 0.048500 0.065200 0.072100 0.061500 0.042000 0.035000 0.051500 0.035600 0.054900 0.065700 0.061700 0.111900 0.044700 0.035000 0.044700 0.055200 0.068300 0.068100 0.106000 0.075500 0.048500 0.062200 0.075500 0.054600 0.061500 0.000000 0.048400 0.065000 0.085500 0.068600 0.068400
Impala 0.057800 0.253000 0.061400 0.246500 0.057900 0.061100 0.051200 0.037800 0.064500 0.082200 0.061300 0.077300 0.041300 0.058300 0.048100 0.060800 0.103000 0.105900 0.060900 0.064500 0.054200 0.051400 0.085100 0.071500 0.064400 0.045000 0.041300 0.064600 0.045200 0.067900 0.085700 0.071300 0.112700 0.050900 0.051000 0.064200 0.064800 0.064500 0.064200 0.126300 0.095500 0.051400 0.082100 0.081700 0.067600 0.067800 0.048400 0.000000 0.071400 0.091900 0.075000 0.071300
Klipspring 0.054500 0.244700 0.081900 0.251600 0.061100 0.057800 0.064500 0.057400 0.078100 0.082200 0.058100 0.070700 0.064400 0.071900 0.075100 0.067500 0.106500 0.120300 0.067600 0.071300 0.070900 0.061500 0.085200 0.085400 0.061200 0.065000 0.064400 0.078200 0.058600 0.081600 0.083600 0.078100 0.127000 0.074200 0.064200 0.077600 0.061500 0.071100 0.074300 0.122600 0.102700 0.071600 0.082200 0.095700 0.074300 0.070900 0.065000 0.071400 0.000000 0.098900 0.088800 0.091900
ForestMusk 0.080800 0.256100 0.102200 0.211400 0.088500 0.084200 0.087800 0.087700 0.098300 0.074700 0.086700 0.097200 0.088100 0.098800 0.103000 0.105100 0.098900 0.119000 0.086700 0.098200 0.101800 0.081000 0.084500 0.077800 0.093500 0.085600 0.088100 0.098400 0.089300 0.094900 0.078100 0.102200 0.115400 0.091200 0.087900 0.097700 0.090500 0.105600 0.094800 0.118500 0.091500 0.092200 0.074600 0.088000 0.094400 0.088200 0.085500 0.091900 0.098900 0.000000 0.109200 0.101900
Bushbuck 0.073700 0.265800 0.038200 0.248900 0.071600 0.076900 0.077900 0.071000 0.015700 0.092400 0.072400 0.067100 0.071300 0.085300 0.085700 0.081200 0.120700 0.134300 0.076700 0.022000 0.071100 0.073900 0.095400 0.095500 0.079200 0.072000 0.071300 0.015700 0.072300 0.018800 0.096000 0.092200 0.116100 0.081200 0.071200 0.060600 0.076100 0.081600 0.095100 0.137100 0.113000 0.078600 0.092400 0.106000 0.057500 0.098900 0.068600 0.075000 0.088800 0.109200 0.000000 0.018900
GreaterKud 0.073500 0.261500 0.031700 0.248800 0.071400 0.076700 0.078000 0.070700 0.015600 0.085300 0.079300 0.066900 0.071100 0.082200 0.081900 0.081000 0.113200 0.126800 0.076500 0.021900 0.077700 0.073700 0.095200 0.088400 0.089500 0.078700 0.071100 0.015600 0.072100 0.018800 0.088800 0.091800 0.115900 0.080900 0.070900 0.060500 0.083000 0.084800 0.094900 0.129500 0.109400 0.085300 0.085200 0.098700 0.057400 0.098600 0.068400 0.071300 0.091900 0.101900 0.018900 0.000000
