1
52 1
Argali 0.000000 0.154400 0.043100 0.127500 0.032300 0.010400 0.010600 0.066200 0.021300 0.032600 0.010600 0.032700 0.010600 0.010600 0.010600 0.021500 0.066900 0.043400 0.043200 0.032200 0.065900 0.021300 0.141200 0.032700 0.010600 0.032100 0.010600 0.021300 0.032200 0.032300 0.032700 0.010600 0.067200 0.021300 0.010600 0.064800 0.021400 0.021400 0.043900 0.055100 0.155100 0.021300 0.032700 0.066800 0.064800 0.043200 0.055100 0.021400 0.066800 0.043700 0.032100 0.021300
LesserMous 0.154400 0.000000 0.180800 0.205000 0.154800 0.141200 0.141400 0.155300 0.154100 0.168700 0.140700 0.179400 0.141200 0.141400 0.154300 0.154800 0.156400 0.154300 0.166900 0.168100 0.167000 0.141500 0.302600 0.169400 0.140700 0.141200 0.141200 0.154100 0.141000 0.163800 0.169300 0.141400 0.184100 0.154100 0.141200 0.179800 0.153900 0.154600 0.178100 0.196300 0.321400 0.154300 0.169300 0.210900 0.179800 0.153600 0.187600 0.154400 0.183000 0.154700 0.167300 0.154100
LesserKudu 0.043100 0.180800 0.000000 0.150500 0.054400 0.032100 0.032200 0.089100 0.021200 0.077900 0.032100 0.055000 0.032100 0.032200 0.054200 0.043400 0.089300 0.065700 0.065500 0.032100 0.088900 0.043200 0.192700 0.078200 0.032100 0.054100 0.032100 0.021200 0.054200 0.032200 0.078100 0.032200 0.090500 0.043000 0.032100 0.088200 0.043100 0.043300 0.066500 0.101800 0.207700 0.043100 0.078100 0.089900 0.088200 0.065500 0.077900 0.043300 0.090000 0.066100 0.032000 0.021200
KillerWhal 0.127500 0.205000 0.150500 0.000000 0.115300 0.114700 0.115000 0.153600 0.126900 0.115900 0.114300 0.150900 0.114700 0.115000 0.127300 0.127800 0.104200 0.102600 0.139100 0.140000 0.178600 0.127200 0.211700 0.116300 0.114300 0.139600 0.114700 0.126900 0.139700 0.136100 0.116200 0.115000 0.129600 0.126900 0.114700 0.177000 0.127100 0.115400 0.154900 0.140800 0.213400 0.127300 0.116200 0.154600 0.177000 0.151700 0.164600 0.127000 0.141300 0.103200 0.139300 0.126900
DefassaWat 0.032300 0.154800 0.054400 0.115300 0.000000 0.021300 0.021500 0.077900 0.032200 0.043800 0.021300 0.043900 0.021300 0.021500 0.021400 0.032500 0.078600 0.054700 0.032200 0.043300 0.077700 0.032300 0.154100 0.044000 0.021300 0.043200 0.020800 0.032200 0.043300 0.043500 0.043900 0.021500 0.079100 0.032200 0.021300 0.076700 0.032300 0.010600 0.055300 0.066700 0.141200 0.032300 0.043900 0.078600 0.076700 0.054500 0.066700 0.029900 0.078600 0.055000 0.043200 0.032200
Sheep 0.010400 0.141200 0.032100 0.114700 0.021300 0.000000 0.000000 0.054700 0.010600 0.043700 0.000000 0.021600 0.000000 0.000000 0.021300 0.010600 0.055200 0.032200 0.032100 0.021300 0.054400 0.010300 0.153700 0.043800 0.000000 0.021200 0.000000 0.010300 0.021300 0.021400 0.043800 0.000000 0.055500 0.010600 0.000000 0.053100 0.010600 0.010600 0.032600 0.066500 0.167900 0.010600 0.043800 0.078300 0.053100 0.032100 0.043700 0.010600 0.055100 0.032500 0.021200 0.010200
MaxwellsDu 0.010600 0.141400 0.032200 0.115000 0.021500 0.000000 0.000000 0.055000 0.010600 0.043800 0.000100 0.021600 0.000000 0.000000 0.021400 0.010700 0.055500 0.032400 0.032200 0.021400 0.054600 0.010600 0.154000 0.044000 0.000100 0.021400 0.000000 0.010600 0.021400 0.021400 0.043900 0.000000 0.055600 0.010600 0.000000 0.052800 0.010600 0.010700 0.032700 0.066700 0.168200 0.010600 0.043900 0.078500 0.052800 0.032200 0.043800 0.010600 0.055300 0.032500 0.021300 0.010600
GazellaPrz 0.066200 0.155300 0.089100 0.153600 0.077900 0.054700 0.055000 0.000000 0.066000 0.090300 0.054700 0.078800 0.054700 0.055000 0.077700 0.043800 0.090700 0.066100 0.089200 0.077800 0.089700 0.066100 0.129200 0.090700 0.054700 0.032400 0.054700 0.066000 0.054700 0.077100 0.090600 0.055000 0.091100 0.066000 0.054700 0.113200 0.066200 0.066500 0.067300 0.114600 0.142900 0.043500 0.090600 0.127400 0.113200 0.089200 0.077300 0.066300 0.115300 0.066600 0.077400 0.066000
MountainNy 0.021300 0.154100 0.021200 0.126900 0.032200 0.010600 0.010600 0.066000 0.000000 0.054900 0.010600 0.032600 0.010600 0.010600 0.032100 0.021400 0.066500 0.043200 0.043100 0.010300 0.065800 0.021300 0.166400 0.055100 0.010600 0.032000 0.010600 0.000000 0.032100 0.010600 0.055100 0.010600 0.066900 0.021200 0.010600 0.064700 0.021300 0.021400 0.043800 0.078100 0.180700 0.021300 0.055100 0.066500 0.064700 0.043100 0.054900 0.021300 0.066600 0.043500 0.010300 0.000000
MuntiacusM 0.032600 0.168700 0.077900 0.115900 0.043800 0.043700 0.043800 0.090300 0.054900 0.000000 0.043500 0.077100 0.043700 0.043800 0.021500 0.055300 0.067500 0.043800 0.054700 0.066500 0.101900 0.055100 0.102500 0.000100 0.043500 0.066400 0.043700 0.054900 0.066400 0.066300 0.000000 0.043800 0.067600 0.054900 0.043700 0.102100 0.054900 0.055200 0.079200 0.021400 0.115500 0.055100 0.000000 0.032400 0.102100 0.077800 0.090700 0.055100 0.103300 0.044000 0.066300 0.054900
goat 0.010600 0.140700 0.032100 0.114300 0.021300 0.000000 0.000100 0.054700 0.010600 0.043500 0.000000 0.021500 0.000000 0.000100 0.021300 0.010600 0.055200 0.032200 0.031900 0.021300 0.054300 0.010600 0.153100 0.043700 0.000000 0.021200 0.000000 0.010600 0.021300 0.021300 0.043700 0.000100 0.055300 0.010600 0.000000 0.052500 0.010200 0.010600 0.032500 0.066300 0.167200 0.010600 0.043700 0.078100 0.052500 0.032000 0.043500 0.010600 0.055000 0.032400 0.021200 0.010600
AfricanBuf 0.032700 0.179400 0.055000 0.150900 0.043900 0.021600 0.021600 0.078800 0.032600 0.077100 0.021500 0.000000 0.021600 0.021600 0.043800 0.032700 0.079500 0.055300 0.054900 0.043800 0.055000 0.032700 0.166700 0.067500 0.021500 0.043700 0.021600 0.032600 0.043700 0.043800 0.076700 0.021600 0.079700 0.032600 0.021600 0.043400 0.032500 0.032700 0.055800 0.091100 0.181300 0.032600 0.076700 0.103500 0.043400 0.054900 0.067200 0.032600 0.079300 0.055500 0.043700 0.032600
Topi 0.010600 0.141200 0.032100 0.114700 0.021300 0.000000 0.000000 0.054700 0.010600 0.043700 0.000000 0.021600 0.000000 0.000000 0.021300 0.010600 0.055200 0.032200 0.032100 0.021300 0.054400 0.010600 0.153700 0.043800 0.000000 0.020600 0.000000 0.010600 0.021300 0.021400 0.043800 0.000000 0.055500 0.010600 0.000000 0.053100 0.010600 0.010600 0.032600 0.066500 0.167900 0.010600 0.043800 0.078300 0.053100 0.032100 0.043700 0.010600 0.055100 0.032500 0.021200 0.010600
CommonDuik 0.010600 0.141400 0.032200 0.115000 0.021500 0.000000 0.000000 0.055000 0.010600 0.043800 0.000100 0.021600 0.000000 0.000000 0.021400 0.010700 0.055500 0.032400 0.032200 0.021400 0.054600 0.010600 0.154000 0.044000 0.000100 0.021400 0.000000 0.010600 0.021400 0.021400 0.043900 0.000000 0.055600 0.010600 0.000000 0.052800 0.010600 0.010700 0.032700 0.066700 0.168200 0.010600 0.043900 0.078500 0.052800 0.032200 0.043800 0.010600 0.055300 0.032500 0.021300 0.010600
Suni 0.010600 0.154300 0.054200 0.127300 0.021400 0.021300 0.021400 0.077700 0.032100 0.021500 0.021300 0.043800 0.021300 0.021400 0.000000 0.032400 0.078400 0.054500 0.032100 0.043200 0.077400 0.032200 0.128000 0.021600 0.021300 0.043100 0.021300 0.032100 0.043100 0.043300 0.021600 0.021400 0.078800 0.032100 0.020900 0.076500 0.032200 0.032300 0.055200 0.043700 0.141500 0.032200 0.021600 0.055100 0.076500 0.054300 0.066500 0.032300 0.078400 0.054900 0.043100 0.032100
Springbuck 0.021500 0.154800 0.043400 0.127800 0.032500 0.010600 0.010700 0.043800 0.021400 0.055300 0.010600 0.032700 0.010600 0.010700 0.032400 0.000000 0.067300 0.043600 0.043300 0.032400 0.043500 0.021500 0.141800 0.055500 0.010600 0.010600 0.010600 0.021400 0.010700 0.032400 0.055400 0.010700 0.067400 0.021400 0.010600 0.064200 0.021400 0.021500 0.021700 0.078500 0.155700 0.000100 0.055400 0.090600 0.064200 0.043300 0.032700 0.021500 0.066900 0.043800 0.032300 0.021400
Okapi 0.066900 0.156400 0.089300 0.104200 0.078600 0.055200 0.055500 0.090700 0.066500 0.067500 0.055200 0.079500 0.055200 0.055500 0.078400 0.067300 0.000000 0.043900 0.090000 0.078400 0.114600 0.066700 0.184500 0.067700 0.055200 0.078200 0.055200 0.066500 0.078300 0.077700 0.067700 0.055500 0.068100 0.066200 0.055200 0.114100 0.066900 0.067100 0.091800 0.091100 0.199700 0.066800 0.067700 0.103800 0.114100 0.089900 0.102700 0.066900 0.116400 0.044300 0.078000 0.066500
Giraffe 0.043400 0.154300 0.065700 0.102600 0.054700 0.032200 0.032400 0.066100 0.043200 0.043800 0.032200 0.055300 0.032200 0.032400 0.054500 0.043600 0.043900 0.000000 0.065800 0.054600 0.089300 0.043400 0.154200 0.043900 0.032200 0.054400 0.032200 0.043200 0.054500 0.053600 0.043900 0.032400 0.044100 0.043200 0.032200 0.088600 0.043400 0.043600 0.066900 0.043800 0.168300 0.043300 0.043900 0.078400 0.088600 0.065800 0.076900 0.043500 0.090500 0.021500 0.054400 0.043200
TibetanAnt 0.043200 0.166900 0.065500 0.139100 0.032200 0.032100 0.032200 0.089200 0.043100 0.054700 0.031900 0.054900 0.032100 0.032200 0.032100 0.043300 0.090000 0.065800 0.000000 0.054300 0.088700 0.043200 0.165700 0.054900 0.031900 0.054100 0.032100 0.043100 0.054200 0.054300 0.054900 0.032200 0.090300 0.043100 0.032100 0.087600 0.042900 0.043200 0.066400 0.077800 0.180000 0.043100 0.054900 0.089800 0.087600 0.065400 0.077700 0.043200 0.089800 0.066000 0.054200 0.043100
Sitatunga 0.032200 0.168100 0.032100 0.140000 0.043300 0.021300 0.021400 0.077800 0.010300 0.066500 0.021300 0.043800 0.021300 0.021400 0.043200 0.032400 0.078400 0.054600 0.054300 0.000000 0.077400 0.032200 0.153500 0.066800 0.021300 0.043100 0.021300 0.010300 0.043200 0.021400 0.066700 0.021400 0.078900 0.030700 0.021300 0.076600 0.032200 0.032400 0.055200 0.090200 0.167600 0.032200 0.066700 0.078400 0.076600 0.054400 0.066500 0.032300 0.078500 0.054900 0.021300 0.010600
Oribi 0.065900 0.167000 0.088900 0.178600 0.077700 0.054400 0.054600 0.089700 0.065800 0.101900 0.054300 0.055000 0.054400 0.054600 0.077400 0.043500 0.114600 0.089300 0.088700 0.077400 0.000000 0.065900 0.193300 0.102300 0.054300 0.054400 0.054400 0.065800 0.032200 0.077400 0.102100 0.054600 0.115100 0.065800 0.054400 0.088000 0.065700 0.066000 0.055200 0.126600 0.208400 0.043300 0.102100 0.139400 0.088000 0.065600 0.078000 0.065900 0.090100 0.089600 0.077200 0.065800
BarbaryShe 0.021300 0.141500 0.043200 0.127200 0.032300 0.010300 0.010600 0.066100 0.021300 0.055100 0.010600 0.032700 0.010600 0.010600 0.032200 0.021500 0.066700 0.043400 0.043200 0.032200 0.065900 0.000000 0.166700 0.055300 0.010600 0.032100 0.010600 0.021300 0.031700 0.032300 0.055200 0.010600 0.067100 0.021300 0.010200 0.064800 0.021300 0.021400 0.043900 0.078300 0.181100 0.021300 0.055200 0.090300 0.064800 0.043200 0.055000 0.021400 0.066700 0.043600 0.032100 0.020700
Daviddeer 0.141200 0.302600 0.192700 0.211700 0.154100 0.153700 0.154000 0.129200 0.166400 0.102500 0.153100 0.166700 0.153700 0.154000 0.128000 0.141800 0.184500 0.154200 0.165700 0.153500 0.193300 0.166700 0.000000 0.103000 0.153100 0.153700 0.153700 0.166400 0.153800 0.179200 0.102800 0.154000 0.184000 0.166400 0.153700 0.193700 0.166800 0.167700 0.169600 0.127000 0.010700 0.141300 0.102800 0.140200 0.193700 0.192300 0.182800 0.166900 0.210000 0.155300 0.179300 0.166400
Reindeer 0.032700 0.169400 0.078200 0.116300 0.044000 0.043800 0.044000 0.090700 0.055100 0.000100 0.043700 0.067500 0.043800 0.044000 0.021600 0.055500 0.067700 0.043900 0.054900 0.066800 0.102300 0.055300 0.103000 0.000000 0.043700 0.066600 0.043800 0.055100 0.066700 0.066600 0.000200 0.044000 0.067900 0.055100 0.043800 0.101400 0.055200 0.055400 0.079500 0.021400 0.115900 0.055300 0.000200 0.032400 0.101400 0.078100 0.091000 0.055300 0.103600 0.044100 0.066600 0.055100
Ibex 0.010600 0.140700 0.032100 0.114300 0.021300 0.000000 0.000100 0.054700 0.010600 0.043500 0.000000 0.021500 0.000000 0.000100 0.021300 0.010600 0.055200 0.032200 0.031900 0.021300 0.054300 0.010600 0.153100 0.043700 0.000000 0.021200 0.000000 0.010600 0.021300 0.021300 0.043700 0.000100 0.055300 0.010600 0.000000 0.052500 0.010500 0.010600 0.032500 0.066300 0.167200 0.010600 0.043700 0.078100 0.052500 0.032000 0.043500 0.010600 0.055000 0.032400 0.021200 0.010600
GyrantGaze 0.032100 0.141200 0.054100 0.139600 0.043200 0.021200 0.021400 0.032400 0.032000 0.066400 0.021200 0.043700 0.020600 0.021400 0.043100 0.010600 0.078200 0.054400 0.054100 0.043100 0.054400 0.032100 0.153700 0.066600 0.021200 0.000000 0.021200 0.032000 0.021300 0.043200 0.066600 0.021400 0.078700 0.032000 0.020600 0.076300 0.032100 0.032300 0.032600 0.089800 0.167800 0.010600 0.066600 0.102100 0.076300 0.054200 0.043700 0.032200 0.078200 0.054800 0.043000 0.032000
Hartebeest 0.010600 0.141200 0.032100 0.114700 0.020800 0.000000 0.000000 0.054700 0.010600 0.043700 0.000000 0.021600 0.000000 0.000000 0.021300 0.010600 0.055200 0.032200 0.032100 0.021300 0.054400 0.010600 0.153700 0.043800 0.000000 0.021200 0.000000 0.010600 0.021300 0.021400 0.043800 0.000000 0.055500 0.010600 0.000000 0.053100 0.010600 0.010600 0.032600 0.066500 0.167900 0.010600 0.043800 0.078300 0.053100 0.032100 0.043700 0.010600 0.055100 0.032500 0.021200 0.010600
Bongo 0.021300 0.154100 0.021200 0.126900 0.032200 0.010300 0.010600 0.066000 0.000000 0.054900 0.010600 0.032600 0.010600 0.010600 0.032100 0.021400 0.066500 0.043200 0.043100 0.010300 0.065800 0.021300 0.166400 0.055100 0.010600 0.032000 0.010600 0.000000 0.032100 0.010600 0.055100 0.010600 0.066900 0.021200 0.010600 0.064700 0.021300 0.021400 0.043800 0.078100 0.180700 0.021300 0.055100 0.066500 0.064700 0.043100 0.054900 0.021300 0.066600 0.043500 0.010500 0.000000
Gerenuk 0.032200 0.141000 0.054200 0.139700 0.043300 0.021300 0.021400 0.054700 0.032100 0.066400 0.021300 0.043700 0.021300 0.021400 0.043100 0.010700 0.078300 0.054500 0.054200 0.043200 0.032200 0.031700 0.153800 0.066700 0.021300 0.021300 0.021300 0.032100 0.000000 0.043300 0.066600 0.021400 0.078800 0.032100 0.021300 0.053000 0.032200 0.032300 0.032700 0.089900 0.167900 0.010600 0.066600 0.102200 0.053000 0.032100 0.043700 0.032200 0.055100 0.054800 0.040200 0.032100
CommonElan 0.032300 0.163800 0.032200 0.136100 0.043500 0.021400 0.021400 0.077100 0.010600 0.066300 0.021300 0.043800 0.021400 0.021400 0.043300 0.032400 0.077700 0.053600 0.054300 0.021400 0.077400 0.032300 0.179200 0.066600 0.021300 0.043200 0.021400 0.010600 0.043300 0.000000 0.066500 0.021400 0.077300 0.032200 0.021400 0.076200 0.032200 0.032300 0.055200 0.089900 0.193900 0.032300 0.066500 0.078100 0.076200 0.054400 0.066400 0.032300 0.078400 0.051200 0.021300 0.010600
MuntiacusR 0.032700 0.169300 0.078100 0.116200 0.043900 0.043800 0.043900 0.090600 0.055100 0.000000 0.043700 0.076700 0.043800 0.043900 0.021600 0.055400 0.067700 0.043900 0.054900 0.066700 0.102100 0.055200 0.102800 0.000200 0.043700 0.066600 0.043800 0.055100 0.066600 0.066500 0.000000 0.043900 0.067800 0.055100 0.043800 0.101300 0.055100 0.055300 0.079400 0.021500 0.115800 0.055200 0.000000 0.032500 0.101300 0.078000 0.090900 0.055200 0.103600 0.044100 0.066500 0.055100
HarveysDui 0.010600 0.141400 0.032200 0.115000 0.021500 0.000000 0.000000 0.055000 0.010600 0.043800 0.000100 0.021600 0.000000 0.000000 0.021400 0.010700 0.055500 0.032400 0.032200 0.021400 0.054600 0.010600 0.154000 0.044000 0.000100 0.021400 0.000000 0.010600 0.021400 0.021400 0.043900 0.000000 0.055600 0.010600 0.000000 0.052800 0.010600 0.010700 0.032700 0.066700 0.168200 0.010600 0.043900 0.078500 0.052800 0.032200 0.043800 0.010600 0.055300 0.032500 0.021300 0.010600
Pronghorn 0.067200 0.184100 0.090500 0.129600 0.079100 0.055500 0.055600 0.091100 0.066900 0.067600 0.055300 0.079700 0.055500 0.055600 0.078800 0.067400 0.068100 0.044100 0.090300 0.078900 0.115100 0.067100 0.184000 0.067900 0.055300 0.078700 0.055500 0.066900 0.078800 0.077300 0.067800 0.055600 0.000000 0.066900 0.055500 0.112800 0.067000 0.067300 0.092000 0.091500 0.199200 0.067100 0.067800 0.104000 0.112800 0.090300 0.102400 0.067100 0.104200 0.044300 0.078600 0.066900
BlueWildeb 0.021300 0.154100 0.043000 0.126900 0.032200 0.010600 0.010600 0.066000 0.021200 0.054900 0.010600 0.032600 0.010600 0.010600 0.032100 0.021400 0.066200 0.043200 0.043100 0.030700 0.065800 0.021300 0.166400 0.055100 0.010600 0.032000 0.010600 0.021200 0.032100 0.032200 0.055100 0.010600 0.066900 0.000000 0.010600 0.064700 0.021300 0.021400 0.043800 0.078100 0.180700 0.021300 0.055100 0.090000 0.064700 0.021200 0.054900 0.021300 0.066600 0.043500 0.032000 0.021200
Gemsbok 0.010600 0.141200 0.032100 0.114700 0.021300 0.000000 0.000000 0.054700 0.010600 0.043700 0.000000 0.021600 0.000000 0.000000 0.020900 0.010600 0.055200 0.032200 0.032100 0.021300 0.054400 0.010200 0.153700 0.043800 0.000000 0.020600 0.000000 0.010600 0.021300 0.021400 0.043800 0.000000 0.055500 0.010600 0.000000 0.053100 0.010600 0.010600 0.032600 0.066500 0.167900 0.010300 0.043800 0.078300 0.053100 0.032100 0.043700 0.010600 0.055100 0.032500 0.021200 0.010200
Yak 0.064800 0.179800 0.088200 0.177000 0.076700 0.053100 0.052800 0.113200 0.064700 0.102100 0.052500 0.043400 0.053100 0.052800 0.076500 0.064200 0.114100 0.088600 0.087600 0.076600 0.088000 0.064800 0.193700 0.101400 0.052500 0.076300 0.053100 0.064700 0.053000 0.076200 0.101300 0.052800 0.112800 0.064700 0.053100 0.000000 0.064200 0.064500 0.088800 0.126100 0.208600 0.064700 0.101300 0.138900 0.000000 0.064100 0.100600 0.064400 0.088900 0.085800 0.076300 0.064700
BlueSheep 0.021400 0.153900 0.043100 0.127100 0.032300 0.010600 0.010600 0.066200 0.021300 0.054900 0.010200 0.032500 0.010600 0.010600 0.032200 0.021400 0.066900 0.043400 0.042900 0.032200 0.065700 0.021300 0.166800 0.055200 0.010500 0.032100 0.010600 0.021300 0.032200 0.032200 0.055100 0.010600 0.067000 0.021300 0.010600 0.064200 0.000000 0.021400 0.043800 0.078000 0.181300 0.021300 0.055100 0.090100 0.064200 0.043000 0.055000 0.021300 0.066600 0.043600 0.032100 0.021300
BohorReedb 0.021400 0.154600 0.043300 0.115400 0.010600 0.010600 0.010700 0.066500 0.021400 0.055200 0.010600 0.032700 0.010600 0.010700 0.032300 0.021500 0.067100 0.043600 0.043200 0.032400 0.066000 0.021400 0.167700 0.055400 0.010600 0.032300 0.010600 0.021400 0.032300 0.032300 0.055300 0.010700 0.067300 0.021400 0.010600 0.064500 0.021400 0.000000 0.044000 0.078400 0.154600 0.021400 0.055300 0.090500 0.064500 0.043200 0.055200 0.015700 0.066900 0.043700 0.032200 0.021400
KirksDik 0.043900 0.178100 0.066500 0.154900 0.055300 0.032600 0.032700 0.067300 0.043800 0.079200 0.032500 0.055800 0.032600 0.032700 0.055200 0.021700 0.091800 0.066900 0.066400 0.055200 0.055200 0.043900 0.169600 0.079500 0.032500 0.032600 0.032600 0.043800 0.032700 0.055200 0.079400 0.032700 0.092000 0.043800 0.032600 0.088800 0.043800 0.044000 0.000000 0.103300 0.184400 0.021700 0.079400 0.091500 0.088800 0.066400 0.033100 0.043900 0.091300 0.067200 0.055000 0.043800
RoeDeer 0.055100 0.196300 0.101800 0.140800 0.066700 0.066500 0.066700 0.114600 0.078100 0.021400 0.066300 0.091100 0.066500 0.066700 0.043700 0.078500 0.091100 0.043800 0.077800 0.090200 0.126600 0.078300 0.127000 0.021400 0.066300 0.089800 0.066500 0.078100 0.089900 0.089900 0.021500 0.066700 0.091500 0.078100 0.066500 0.126100 0.078000 0.078400 0.103300 0.000000 0.140400 0.078200 0.021500 0.054600 0.126100 0.101700 0.115000 0.078300 0.128200 0.066800 0.089900 0.078100
WhiteLippe 0.155100 0.321400 0.207700 0.213400 0.141200 0.167900 0.168200 0.142900 0.180700 0.115500 0.167200 0.181300 0.167900 0.168200 0.141500 0.155700 0.199700 0.168300 0.180000 0.167600 0.208400 0.181100 0.010700 0.115900 0.167200 0.167800 0.167900 0.180700 0.167900 0.193900 0.115800 0.168200 0.199200 0.180700 0.167900 0.208600 0.181300 0.154600 0.184400 0.140400 0.000000 0.155200 0.115800 0.154000 0.208600 0.207300 0.197800 0.178800 0.225700 0.169700 0.193900 0.180700
ThomsonGaz 0.021300 0.154300 0.043100 0.127300 0.032300 0.010600 0.010600 0.043500 0.021300 0.055100 0.010600 0.032600 0.010600 0.010600 0.032200 0.000100 0.066800 0.043300 0.043100 0.032200 0.043300 0.021300 0.141300 0.055300 0.010600 0.010600 0.010600 0.021300 0.010600 0.032300 0.055200 0.010600 0.067100 0.021300 0.010300 0.064700 0.021300 0.021400 0.021700 0.078200 0.155200 0.000000 0.055200 0.090300 0.064700 0.043100 0.032600 0.021400 0.066700 0.043600 0.032100 0.021300
MuntiacusC 0.032700 0.169300 0.078100 0.116200 0.043900 0.043800 0.043900 0.090600 0.055100 0.000000 0.043700 0.076700 0.043800 0.043900 0.021600 0.055400 0.067700 0.043900 0.054900 0.066700 0.102100 0.055200 0.102800 0.000200 0.043700 0.066600 0.043800 0.055100 0.066600 0.066500 0.000000 0.043900 0.067800 0.055100 0.043800 0.101300 0.055100 0.055300 0.079400 0.021500 0.115800 0.055200 0.000000 0.032500 0.101300 0.078000 0.090900 0.055200 0.103600 0.044100 0.066500 0.055100
WhiteTaile 0.066800 0.210900 0.089900 0.154600 0.078600 0.078300 0.078500 0.127400 0.066500 0.032400 0.078100 0.103500 0.078300 0.078500 0.055100 0.090600 0.103800 0.078400 0.089800 0.078400 0.139400 0.090300 0.140200 0.032400 0.078100 0.102100 0.078300 0.066500 0.102200 0.078100 0.032500 0.078500 0.104000 0.090000 0.078300 0.138900 0.090100 0.090500 0.091500 0.054600 0.154000 0.090300 0.032500 0.000000 0.138900 0.114000 0.127900 0.090300 0.141300 0.078700 0.078100 0.066500
Cattle 0.064800 0.179800 0.088200 0.177000 0.076700 0.053100 0.052800 0.113200 0.064700 0.102100 0.052500 0.043400 0.053100 0.052800 0.076500 0.064200 0.114100 0.088600 0.087600 0.076600 0.088000 0.064800 0.193700 0.101400 0.052500 0.076300 0.053100 0.064700 0.053000 0.076200 0.101300 0.052800 0.112800 0.064700 0.053100 0.000000 0.064200 0.064500 0.088800 0.126100 0.208600 0.064700 0.101300 0.138900 0.000000 0.064100 0.100600 0.064400 0.088900 0.085800 0.076300 0.064700
RoyalAntel 0.043200 0.153600 0.065500 0.151700 0.054500 0.032100 0.032200 0.089200 0.043100 0.077800 0.032000 0.054900 0.032100 0.032200 0.054300 0.043300 0.089900 0.065800 0.065400 0.054400 0.065600 0.043200 0.192300 0.078100 0.032000 0.054200 0.032100 0.043100 0.032100 0.054400 0.078000 0.032200 0.090300 0.021200 0.032100 0.064100 0.043000 0.043200 0.066400 0.101700 0.207300 0.043100 0.078000 0.114000 0.064100 0.000000 0.077700 0.043200 0.066400 0.066000 0.054200 0.043100
Steenbok 0.055100 0.187600 0.077900 0.164600 0.066700 0.043700 0.043800 0.077300 0.054900 0.090700 0.043500 0.067200 0.043700 0.043800 0.066500 0.032700 0.102700 0.076900 0.077700 0.066500 0.078000 0.055000 0.182800 0.091000 0.043500 0.043700 0.043700 0.054900 0.043700 0.066400 0.090900 0.043800 0.102400 0.054900 0.043700 0.100600 0.055000 0.055200 0.033100 0.115000 0.197800 0.032600 0.090900 0.127900 0.100600 0.077700 0.000000 0.055000 0.103200 0.075600 0.066200 0.054900
Impala 0.021400 0.154400 0.043300 0.127000 0.029900 0.010600 0.010600 0.066300 0.021300 0.055100 0.010600 0.032600 0.010600 0.010600 0.032300 0.021500 0.066900 0.043500 0.043200 0.032300 0.065900 0.021400 0.166900 0.055300 0.010600 0.032200 0.010600 0.021300 0.032200 0.032300 0.055200 0.010600 0.067100 0.021300 0.010600 0.064400 0.021300 0.015700 0.043900 0.078300 0.178800 0.021400 0.055200 0.090300 0.064400 0.043200 0.055000 0.000000 0.066700 0.043600 0.032200 0.021300
Klipspring 0.066800 0.183000 0.090000 0.141300 0.078600 0.055100 0.055300 0.115300 0.066600 0.103300 0.055000 0.079300 0.055100 0.055300 0.078400 0.066900 0.116400 0.090500 0.089800 0.078500 0.090100 0.066700 0.210000 0.103600 0.055000 0.078200 0.055100 0.066600 0.055100 0.078400 0.103600 0.055300 0.104200 0.066600 0.055100 0.088900 0.066600 0.066900 0.091300 0.128200 0.225700 0.066700 0.103600 0.141300 0.088900 0.066400 0.103200 0.066700 0.000000 0.090900 0.078200 0.066600
ForestMusk 0.043700 0.154700 0.066100 0.103200 0.055000 0.032500 0.032500 0.066600 0.043500 0.044000 0.032400 0.055500 0.032500 0.032500 0.054900 0.043800 0.044300 0.021500 0.066000 0.054900 0.089600 0.043600 0.155300 0.044100 0.032400 0.054800 0.032500 0.043500 0.054800 0.051200 0.044100 0.032500 0.044300 0.043500 0.032500 0.085800 0.043600 0.043700 0.067200 0.066800 0.169700 0.043600 0.044100 0.078700 0.085800 0.066000 0.075600 0.043600 0.090900 0.000000 0.054700 0.043500
Bushbuck 0.032100 0.167300 0.032000 0.139300 0.043200 0.021200 0.021300 0.077400 0.010300 0.066300 0.021200 0.043700 0.021200 0.021300 0.043100 0.032300 0.078000 0.054400 0.054200 0.021300 0.077200 0.032100 0.179300 0.066600 0.021200 0.043000 0.021200 0.010500 0.040200 0.021300 0.066500 0.021300 0.078600 0.032000 0.021200 0.076300 0.032100 0.032200 0.055000 0.089900 0.193900 0.032100 0.066500 0.078100 0.076300 0.054200 0.066200 0.032200 0.078200 0.054700 0.000000 0.010500
GreaterKud 0.021300 0.154100 0.021200 0.126900 0.032200 0.010200 0.010600 0.066000 0.000000 0.054900 0.010600 0.032600 0.010600 0.010600 0.032100 0.021400 0.066500 0.043200 0.043100 0.010600 0.065800 0.020700 0.166400 0.055100 0.010600 0.032000 0.010600 0.000000 0.032100 0.010600 0.055100 0.010600 0.066900 0.021200 0.010200 0.064700 0.021300 0.021400 0.043800 0.078100 0.180700 0.021300 0.055100 0.066500 0.064700 0.043100 0.054900 0.021300 0.066600 0.043500 0.010500 0.000000
