1
52 1
Argali 0.000000 0.495200 0.190800 0.434500 0.127600 0.020200 0.175100 0.200700 0.194300 0.252900 0.086400 0.138100 0.122700 0.149400 0.231900 0.153300 0.251300 0.271200 0.104200 0.194700 0.180200 0.087500 0.218900 0.246200 0.096700 0.149900 0.113600 0.170900 0.164200 0.225500 0.212800 0.128100 0.371800 0.145600 0.113300 0.148900 0.096100 0.162500 0.177600 0.278400 0.219800 0.182800 0.213700 0.268500 0.125800 0.226800 0.186700 0.182600 0.187600 0.225800 0.195700 0.170300
LesserMous 0.495200 0.000000 0.376300 0.519000 0.457600 0.486000 0.443100 0.493800 0.457600 0.583400 0.502000 0.408200 0.497200 0.393200 0.502700 0.467400 0.461200 0.470800 0.488700 0.445700 0.487500 0.477400 0.505300 0.530700 0.513200 0.518400 0.457000 0.414200 0.480500 0.495400 0.537500 0.397500 0.624700 0.501500 0.489900 0.421400 0.497100 0.475000 0.504000 0.590200 0.527200 0.512400 0.540400 0.536100 0.418300 0.446700 0.478100 0.578500 0.497600 0.484100 0.447900 0.457200
LesserKudu 0.190800 0.376300 0.000000 0.449300 0.141700 0.210900 0.176000 0.234200 0.066700 0.262500 0.216900 0.130700 0.200200 0.162200 0.195700 0.189100 0.193000 0.233600 0.195200 0.057300 0.169900 0.207300 0.219700 0.244700 0.226800 0.207100 0.191900 0.057200 0.176700 0.095000 0.224400 0.142000 0.373700 0.201600 0.214100 0.140700 0.191100 0.153200 0.213600 0.253700 0.220300 0.149700 0.225400 0.254100 0.140000 0.189200 0.221500 0.249600 0.221700 0.213700 0.057400 0.066600
KillerWhal 0.434500 0.519000 0.449300 0.000000 0.358800 0.454800 0.425200 0.469500 0.430800 0.469700 0.423100 0.382100 0.418600 0.407100 0.417900 0.417300 0.417500 0.437000 0.329200 0.431300 0.384300 0.408100 0.403900 0.440300 0.432900 0.435300 0.411500 0.404100 0.400400 0.446500 0.431300 0.384900 0.435900 0.475800 0.437800 0.367700 0.421400 0.397300 0.449200 0.462400 0.432600 0.429500 0.433400 0.412000 0.365900 0.517800 0.468100 0.480800 0.469100 0.385500 0.460100 0.414200
DefassaWat 0.127600 0.457600 0.141700 0.358800 0.000000 0.147900 0.103300 0.148100 0.122400 0.201900 0.129300 0.091600 0.098500 0.080700 0.156300 0.104500 0.178200 0.196200 0.112500 0.122700 0.069000 0.131100 0.179800 0.205900 0.139500 0.102000 0.110500 0.101100 0.071600 0.151900 0.185900 0.060600 0.298500 0.141800 0.131800 0.101700 0.150600 0.029900 0.138700 0.192400 0.180600 0.090500 0.186800 0.214200 0.101200 0.172300 0.136100 0.165600 0.136600 0.152900 0.123200 0.132300
Sheep 0.020200 0.486000 0.210900 0.454800 0.147900 0.000000 0.195800 0.221300 0.214700 0.272100 0.107200 0.158400 0.132100 0.147100 0.252500 0.174000 0.271000 0.267400 0.124200 0.215100 0.200200 0.108600 0.239000 0.242400 0.117400 0.170200 0.123100 0.191200 0.184800 0.245700 0.232700 0.148500 0.392000 0.155100 0.133100 0.169200 0.116700 0.183000 0.198800 0.298400 0.240000 0.203000 0.233800 0.289200 0.145800 0.247900 0.183800 0.202700 0.184600 0.246100 0.216200 0.190500
MaxwellsDu 0.175100 0.443100 0.176000 0.425200 0.103300 0.195800 0.000000 0.204800 0.167600 0.248700 0.177500 0.133900 0.163500 0.087200 0.180000 0.127600 0.223300 0.265600 0.157400 0.168000 0.132400 0.179900 0.204200 0.230600 0.187700 0.143900 0.154800 0.145200 0.138100 0.208900 0.209500 0.066200 0.321900 0.164800 0.176700 0.146100 0.199500 0.136700 0.163100 0.239000 0.205000 0.131500 0.210500 0.239600 0.145300 0.196200 0.164100 0.189200 0.146700 0.198500 0.168800 0.177700
GazellaPrz 0.200700 0.493800 0.234200 0.469500 0.148100 0.221300 0.204800 0.000000 0.239000 0.273600 0.227700 0.181800 0.164200 0.169500 0.239100 0.151100 0.224200 0.243200 0.204600 0.239400 0.177300 0.231200 0.204900 0.304600 0.238000 0.147600 0.178300 0.214900 0.138800 0.281800 0.258300 0.148400 0.326800 0.165400 0.200800 0.192500 0.250500 0.160300 0.164000 0.313900 0.205800 0.180000 0.259500 0.317200 0.168700 0.198000 0.183400 0.213900 0.208100 0.246200 0.216400 0.225400
MountainNy 0.194300 0.457600 0.066700 0.430800 0.122400 0.214700 0.167600 0.239000 0.000000 0.244300 0.197000 0.111500 0.181800 0.143200 0.176600 0.169700 0.218400 0.237900 0.176300 0.028600 0.151200 0.211300 0.200400 0.226200 0.207100 0.188300 0.173300 0.048000 0.157400 0.066400 0.205700 0.122800 0.355500 0.183100 0.195500 0.121600 0.194600 0.133700 0.206500 0.235300 0.201100 0.131200 0.206600 0.235000 0.120900 0.193000 0.202500 0.231000 0.202700 0.172500 0.068100 0.038000
MuntiacusM 0.252900 0.583400 0.262500 0.469700 0.201900 0.272100 0.248700 0.273600 0.244300 0.000000 0.255900 0.168700 0.237600 0.222900 0.257100 0.228400 0.251800 0.269300 0.248100 0.244600 0.251800 0.259500 0.134400 0.170300 0.265900 0.246300 0.252700 0.221500 0.192400 0.250900 0.035800 0.202400 0.288200 0.239300 0.274800 0.178200 0.279500 0.236200 0.209400 0.188100 0.135000 0.255500 0.036100 0.155000 0.177600 0.300600 0.251800 0.288700 0.252500 0.220500 0.268900 0.253900
goat 0.086400 0.502000 0.216900 0.423100 0.129300 0.107200 0.177500 0.227700 0.197000 0.255900 0.000000 0.140000 0.146300 0.151500 0.235100 0.144200 0.266000 0.297700 0.116500 0.197400 0.182700 0.100400 0.221600 0.236300 0.031700 0.175400 0.137200 0.173300 0.166700 0.240200 0.215700 0.129900 0.348600 0.170300 0.159700 0.151000 0.074900 0.164700 0.193200 0.282200 0.222700 0.185300 0.216700 0.246300 0.150100 0.229800 0.189500 0.220800 0.190300 0.229100 0.198400 0.207600
AfricanBuf 0.138100 0.408200 0.130700 0.382100 0.091600 0.158400 0.133900 0.181800 0.111500 0.168700 0.140000 0.000000 0.108400 0.112100 0.144800 0.114900 0.199600 0.219000 0.122600 0.111800 0.142000 0.141900 0.145400 0.172200 0.150200 0.112400 0.120500 0.090400 0.125300 0.151600 0.130400 0.091700 0.296600 0.151900 0.120300 0.049500 0.161500 0.124200 0.149500 0.203300 0.146000 0.122100 0.131000 0.178900 0.049300 0.183200 0.146800 0.175700 0.147100 0.141300 0.133900 0.121400
Topi 0.122700 0.497200 0.200200 0.418600 0.098500 0.132100 0.163500 0.164200 0.181800 0.237600 0.146300 0.108400 0.000000 0.118400 0.216600 0.143200 0.225000 0.254000 0.128500 0.182100 0.147300 0.148200 0.217500 0.242500 0.156100 0.119000 0.047000 0.160000 0.131500 0.221700 0.200000 0.119800 0.335000 0.075800 0.126800 0.139400 0.166800 0.130300 0.177700 0.274400 0.218300 0.149200 0.200900 0.251900 0.117800 0.187700 0.174400 0.158900 0.175200 0.211600 0.172200 0.169800
CommonDuik 0.149400 0.393200 0.162200 0.407100 0.080700 0.147100 0.087200 0.169500 0.143200 0.222900 0.151500 0.112100 0.118400 0.000000 0.133300 0.103800 0.166500 0.195800 0.111500 0.143500 0.109500 0.153500 0.178400 0.182500 0.161600 0.122900 0.109600 0.121600 0.114200 0.183600 0.184300 0.019600 0.283600 0.119300 0.130900 0.122300 0.173000 0.113000 0.137800 0.213400 0.179200 0.111000 0.185200 0.212700 0.121600 0.148000 0.113200 0.142100 0.103300 0.173300 0.133400 0.153100
Suni 0.231900 0.502700 0.195700 0.417900 0.156300 0.252500 0.180000 0.239100 0.176600 0.257100 0.235100 0.144800 0.216600 0.133300 0.000000 0.159400 0.197600 0.238600 0.211900 0.177000 0.163000 0.238500 0.213100 0.239200 0.220300 0.178200 0.185300 0.154300 0.169700 0.217600 0.218300 0.112800 0.329900 0.195200 0.185100 0.155300 0.257400 0.190900 0.195700 0.224800 0.190400 0.165100 0.219300 0.248500 0.154300 0.255000 0.215200 0.244200 0.204100 0.207100 0.200600 0.186600
Springbuck 0.153300 0.467400 0.189100 0.417300 0.104500 0.174000 0.127600 0.151100 0.169700 0.228400 0.144200 0.114900 0.143200 0.103800 0.159400 0.000000 0.225900 0.244900 0.114700 0.170000 0.112600 0.146400 0.183000 0.233200 0.154600 0.104300 0.134300 0.147000 0.073300 0.211400 0.189000 0.083200 0.315300 0.144300 0.156100 0.103700 0.177500 0.116000 0.118900 0.242600 0.183900 0.114000 0.189900 0.218700 0.103100 0.175800 0.116400 0.168400 0.139100 0.155600 0.170800 0.179900
Okapi 0.251300 0.461200 0.193000 0.417500 0.178200 0.271000 0.223300 0.224200 0.218400 0.251800 0.266000 0.199600 0.225000 0.166500 0.197600 0.225900 0.000000 0.125200 0.242800 0.218800 0.205100 0.294600 0.232300 0.279700 0.288000 0.221000 0.217000 0.196600 0.212700 0.257900 0.215100 0.157700 0.299200 0.204700 0.227600 0.198400 0.299800 0.211500 0.262800 0.240800 0.222200 0.218700 0.216000 0.253400 0.176100 0.250100 0.257800 0.250900 0.258100 0.205500 0.185800 0.206300
Giraffe 0.271200 0.470800 0.233600 0.437000 0.196200 0.267400 0.265600 0.243200 0.237900 0.269300 0.297700 0.219000 0.254000 0.195800 0.238600 0.244900 0.125200 0.000000 0.272900 0.238300 0.245800 0.329700 0.251400 0.276200 0.307300 0.239900 0.246200 0.215800 0.187400 0.266500 0.255500 0.197500 0.320000 0.233500 0.246200 0.195300 0.319800 0.208200 0.258600 0.260300 0.252300 0.248900 0.256300 0.285500 0.194500 0.246000 0.254400 0.281100 0.231900 0.246000 0.239100 0.225500
TibetanAnt 0.104200 0.488700 0.195200 0.329200 0.112500 0.124200 0.157400 0.204600 0.176300 0.248100 0.116500 0.122600 0.128500 0.111500 0.211900 0.114700 0.242800 0.272900 0.000000 0.176600 0.163300 0.119000 0.203700 0.206100 0.126500 0.156000 0.119800 0.154000 0.147200 0.194300 0.209000 0.112800 0.307500 0.151000 0.140900 0.111500 0.115100 0.145600 0.148800 0.262500 0.204700 0.165300 0.210100 0.214900 0.110800 0.182100 0.146200 0.153400 0.146800 0.162100 0.166400 0.163800
Sitatunga 0.194700 0.445700 0.057300 0.431300 0.122700 0.215100 0.168000 0.239400 0.028600 0.244600 0.197400 0.111800 0.182100 0.143500 0.177000 0.170000 0.218800 0.238300 0.176600 0.000000 0.151500 0.211700 0.200700 0.226600 0.207500 0.188700 0.173600 0.019100 0.157700 0.057000 0.206000 0.123100 0.355800 0.183500 0.195800 0.121900 0.195000 0.134000 0.206900 0.235700 0.201400 0.131500 0.207000 0.235400 0.121200 0.193300 0.202900 0.231400 0.203100 0.172700 0.058600 0.028600
Oribi 0.180200 0.487500 0.169900 0.384300 0.069000 0.200200 0.132400 0.177300 0.151200 0.251800 0.182700 0.142000 0.147300 0.109500 0.163000 0.112600 0.205100 0.245800 0.163300 0.151500 0.000000 0.185200 0.185600 0.223400 0.192700 0.109900 0.138800 0.151000 0.101100 0.191000 0.213600 0.089600 0.301200 0.169900 0.182000 0.152200 0.204300 0.100200 0.168900 0.242800 0.209300 0.098500 0.214600 0.243300 0.151300 0.202100 0.165400 0.193900 0.165800 0.159200 0.174000 0.160900
BarbaryShe 0.087500 0.477400 0.207300 0.408100 0.131100 0.108600 0.179900 0.231200 0.211300 0.259500 0.100400 0.141900 0.148200 0.153500 0.238500 0.146400 0.294600 0.329700 0.119000 0.211700 0.185200 0.000000 0.224600 0.253200 0.111000 0.177700 0.139000 0.187000 0.168700 0.255400 0.218600 0.131600 0.369100 0.172700 0.161600 0.142200 0.110400 0.167000 0.183000 0.272500 0.213600 0.176100 0.219700 0.226600 0.141300 0.220400 0.192100 0.224000 0.193100 0.221100 0.212800 0.222100
Daviddeer 0.218900 0.505300 0.219700 0.403900 0.179800 0.239000 0.204200 0.204900 0.200400 0.134400 0.221600 0.145400 0.217500 0.178400 0.213100 0.183000 0.232300 0.251400 0.203700 0.200700 0.185600 0.224600 0.000000 0.202100 0.231700 0.201800 0.186300 0.177400 0.169900 0.242000 0.117600 0.157400 0.269800 0.196000 0.219400 0.155700 0.221300 0.215700 0.187100 0.177100 0.038700 0.211600 0.118200 0.186600 0.155100 0.256100 0.206900 0.245100 0.207600 0.176500 0.225100 0.210500
Reindeer 0.246200 0.530700 0.244700 0.440300 0.205900 0.242400 0.230600 0.304600 0.226200 0.170300 0.236300 0.172200 0.242500 0.182500 0.239200 0.233200 0.279700 0.276200 0.206100 0.226600 0.223400 0.253200 0.202100 0.000000 0.246200 0.240100 0.257700 0.203500 0.243900 0.243400 0.154600 0.184100 0.328300 0.267600 0.281200 0.160200 0.260200 0.241100 0.238600 0.200700 0.203100 0.237100 0.155300 0.095900 0.203600 0.282300 0.233700 0.258800 0.210600 0.247800 0.250700 0.212900
Ibex 0.096700 0.513200 0.226800 0.432900 0.139500 0.117400 0.187700 0.238000 0.207100 0.265900 0.031700 0.150200 0.156100 0.161600 0.220300 0.154600 0.288000 0.307300 0.126500 0.207500 0.192700 0.111000 0.231700 0.246200 0.000000 0.185600 0.124700 0.183300 0.177000 0.225800 0.225800 0.140100 0.358700 0.157200 0.146700 0.161100 0.085200 0.174900 0.178900 0.292200 0.208200 0.195400 0.226900 0.256500 0.160200 0.240200 0.199800 0.231000 0.200600 0.239000 0.208500 0.217600
GyrantGaze 0.149900 0.518400 0.207100 0.435300 0.102000 0.170200 0.143900 0.147600 0.188300 0.246300 0.175400 0.112400 0.119000 0.122900 0.178200 0.104300 0.221000 0.239900 0.156000 0.188700 0.109900 0.177700 0.201800 0.240100 0.185600 0.000000 0.131500 0.165700 0.092700 0.229500 0.207400 0.102400 0.321600 0.141300 0.152800 0.122900 0.197200 0.134900 0.161100 0.248700 0.202700 0.090400 0.208400 0.261800 0.100900 0.195000 0.158100 0.121300 0.158400 0.196200 0.189600 0.175800
Hartebeest 0.113600 0.457000 0.191900 0.411500 0.110500 0.123100 0.154800 0.178300 0.173300 0.252700 0.137200 0.120500 0.047000 0.109600 0.185300 0.134300 0.217000 0.246200 0.119800 0.173600 0.138800 0.139000 0.186300 0.257700 0.124700 0.131500 0.000000 0.151400 0.144600 0.213500 0.214200 0.110900 0.314000 0.047000 0.097400 0.130700 0.158200 0.143200 0.145900 0.266600 0.187000 0.162400 0.215200 0.267800 0.109000 0.179100 0.165800 0.150500 0.166500 0.181000 0.163600 0.161300
Bongo 0.170900 0.414200 0.057200 0.404100 0.101100 0.191200 0.145200 0.214900 0.048000 0.221500 0.173300 0.090400 0.160000 0.121600 0.154300 0.147000 0.196600 0.215800 0.154000 0.019100 0.151000 0.187000 0.177400 0.203500 0.183300 0.165700 0.151400 0.000000 0.135100 0.076600 0.183200 0.101400 0.329800 0.161200 0.173100 0.100400 0.171200 0.112100 0.182900 0.212500 0.178000 0.110000 0.184000 0.211300 0.099900 0.169800 0.179300 0.207800 0.179500 0.172600 0.057900 0.047900
Gerenuk 0.164200 0.480500 0.176700 0.400400 0.071600 0.184800 0.138100 0.138800 0.157400 0.192400 0.166700 0.125300 0.131500 0.114200 0.169700 0.073300 0.212700 0.187400 0.147200 0.157700 0.101100 0.168700 0.169900 0.243900 0.177000 0.092700 0.144600 0.135100 0.000000 0.187600 0.176100 0.093400 0.302800 0.154500 0.166400 0.135700 0.188600 0.061400 0.129200 0.205300 0.170700 0.081400 0.177000 0.228600 0.134800 0.163000 0.126800 0.179200 0.149800 0.188300 0.158400 0.167500
CommonElan 0.225500 0.495400 0.095000 0.446500 0.151900 0.245700 0.208900 0.281800 0.066400 0.250900 0.240200 0.151600 0.221700 0.183600 0.217600 0.211400 0.257900 0.266500 0.194300 0.057000 0.191000 0.255400 0.242000 0.243400 0.225800 0.229500 0.213500 0.076600 0.187600 0.000000 0.246400 0.163200 0.373100 0.223300 0.236100 0.161600 0.237500 0.163500 0.249400 0.264800 0.242900 0.171000 0.247500 0.277200 0.160700 0.235100 0.244500 0.248400 0.244700 0.212500 0.097000 0.046900
MuntiacusR 0.212800 0.537500 0.224400 0.431300 0.185900 0.232700 0.209500 0.258300 0.205700 0.035800 0.215700 0.130400 0.200000 0.184300 0.218300 0.189000 0.215100 0.255500 0.209000 0.206000 0.213600 0.218600 0.117600 0.154600 0.225800 0.207400 0.214200 0.183200 0.176100 0.246400 0.000000 0.163800 0.321600 0.224000 0.236500 0.162100 0.239200 0.220500 0.192900 0.172900 0.118100 0.216600 0.000000 0.138700 0.139500 0.260500 0.212200 0.249800 0.212900 0.182400 0.229900 0.215500
HarveysDui 0.128100 0.397500 0.142000 0.384900 0.060600 0.148500 0.066200 0.148400 0.122800 0.202400 0.129900 0.091700 0.119800 0.019600 0.112800 0.083200 0.157700 0.197500 0.112800 0.123100 0.089600 0.131600 0.157400 0.184100 0.140100 0.102400 0.110900 0.101400 0.093400 0.163200 0.163800 0.000000 0.262300 0.120700 0.110700 0.102000 0.151400 0.092500 0.116600 0.193400 0.158300 0.091000 0.164500 0.191300 0.101400 0.150000 0.114300 0.143800 0.104300 0.153000 0.123600 0.132700
Pronghorn 0.371800 0.624700 0.373700 0.435900 0.298500 0.392000 0.321900 0.326800 0.355500 0.288200 0.348600 0.296600 0.335000 0.283600 0.329900 0.315300 0.299200 0.320000 0.307500 0.355800 0.301200 0.369100 0.269800 0.328300 0.358700 0.321600 0.314000 0.329800 0.302800 0.373100 0.321600 0.262300 0.000000 0.299200 0.338300 0.281600 0.360100 0.337000 0.318800 0.326700 0.295200 0.331500 0.323100 0.304600 0.304900 0.369300 0.301100 0.351900 0.338600 0.325200 0.357900 0.365400
BlueWildeb 0.145600 0.501500 0.201600 0.475800 0.141800 0.155100 0.164800 0.165400 0.183100 0.239300 0.170300 0.151900 0.075800 0.119300 0.195200 0.144300 0.204700 0.233500 0.151000 0.183500 0.169900 0.172700 0.196000 0.267600 0.157200 0.141300 0.047000 0.161200 0.154500 0.223300 0.224000 0.120700 0.299200 0.000000 0.127700 0.162100 0.191200 0.175200 0.133600 0.276500 0.174100 0.172000 0.225000 0.278100 0.139700 0.189200 0.175800 0.160200 0.176500 0.213000 0.173500 0.171100
Gemsbok 0.113300 0.489900 0.214100 0.437800 0.131800 0.133100 0.176700 0.200800 0.195500 0.274800 0.159700 0.120300 0.126800 0.130900 0.185100 0.156100 0.227600 0.246200 0.140900 0.195800 0.182000 0.161600 0.219400 0.281200 0.146700 0.152800 0.097400 0.173100 0.166400 0.236100 0.236500 0.110700 0.338300 0.127700 0.000000 0.151800 0.180500 0.165100 0.168300 0.289600 0.197100 0.184100 0.237600 0.292300 0.129700 0.201900 0.188000 0.194600 0.189000 0.225300 0.196800 0.183100
Yak 0.148900 0.421400 0.140700 0.367700 0.101700 0.169200 0.146100 0.192500 0.121600 0.178200 0.151000 0.049500 0.139400 0.122300 0.155300 0.103700 0.198400 0.195300 0.111500 0.121900 0.152200 0.142200 0.155700 0.160200 0.161100 0.122900 0.130700 0.100400 0.135700 0.161600 0.162100 0.102000 0.281600 0.162100 0.151800 0.000000 0.172400 0.134500 0.160400 0.213300 0.156300 0.132300 0.162800 0.144200 0.039100 0.170700 0.157300 0.186100 0.135300 0.130200 0.144100 0.131500
BlueSheep 0.096100 0.497100 0.191100 0.421400 0.150600 0.116700 0.199500 0.250500 0.194600 0.279500 0.074900 0.161500 0.166800 0.173000 0.257400 0.177500 0.299800 0.319800 0.115100 0.195000 0.204300 0.110400 0.221300 0.260200 0.085200 0.197200 0.158200 0.171200 0.188600 0.237500 0.239200 0.151400 0.360100 0.191200 0.180500 0.172400 0.000000 0.186600 0.178300 0.256000 0.222200 0.182900 0.240400 0.271100 0.171300 0.226700 0.187600 0.217900 0.163500 0.226400 0.196000 0.205200
BohorReedb 0.162500 0.475000 0.153200 0.397300 0.029900 0.183000 0.136700 0.160300 0.133700 0.236200 0.164700 0.124200 0.130300 0.113000 0.190900 0.116000 0.211500 0.208200 0.145600 0.134000 0.100200 0.167000 0.215700 0.241100 0.174900 0.134900 0.143200 0.112100 0.061400 0.163500 0.220500 0.092500 0.337000 0.175200 0.165100 0.134500 0.186600 0.000000 0.150700 0.226300 0.216500 0.101400 0.221500 0.250800 0.133700 0.184800 0.147800 0.199900 0.171000 0.186500 0.134600 0.143700
KirksDik 0.177600 0.504000 0.213600 0.449200 0.138700 0.198800 0.163100 0.164000 0.206500 0.209400 0.193200 0.149500 0.177700 0.137800 0.195700 0.118900 0.262800 0.258600 0.148800 0.206900 0.168900 0.183000 0.187100 0.238600 0.178900 0.161100 0.145900 0.182900 0.129200 0.249400 0.192900 0.116600 0.318800 0.133600 0.168300 0.160400 0.178300 0.150700 0.000000 0.223100 0.163900 0.171100 0.193800 0.248200 0.159200 0.215000 0.106200 0.205200 0.151900 0.190700 0.208000 0.216900
RoeDeer 0.278400 0.590200 0.253700 0.462400 0.192400 0.298400 0.239000 0.313900 0.235300 0.188100 0.282200 0.203300 0.274400 0.213400 0.224800 0.242600 0.240800 0.260300 0.262500 0.235700 0.242800 0.272500 0.177100 0.200700 0.292200 0.248700 0.266600 0.212500 0.205300 0.264800 0.172900 0.193400 0.326700 0.276500 0.289600 0.213300 0.256000 0.226300 0.223100 0.000000 0.167500 0.235000 0.173700 0.197500 0.212000 0.305800 0.252600 0.244200 0.242700 0.256600 0.260000 0.245100
WhiteLippe 0.219800 0.527200 0.220300 0.432600 0.180600 0.240000 0.205000 0.205800 0.201100 0.135000 0.222700 0.146000 0.218300 0.179200 0.190400 0.183900 0.222200 0.252300 0.204700 0.201400 0.209300 0.213600 0.038700 0.203100 0.208200 0.202700 0.187000 0.178000 0.170700 0.242900 0.118100 0.158300 0.295200 0.174100 0.197100 0.156300 0.222200 0.216500 0.163900 0.167500 0.000000 0.189100 0.118700 0.176400 0.155600 0.231900 0.207900 0.246600 0.208500 0.200000 0.225900 0.211200
ThomsonGaz 0.182800 0.512400 0.149700 0.429500 0.090500 0.203000 0.131500 0.180000 0.131200 0.255500 0.185300 0.122100 0.149200 0.111000 0.165100 0.114000 0.218700 0.248900 0.165300 0.131500 0.098500 0.176100 0.211600 0.237100 0.195400 0.090400 0.162400 0.110000 0.081400 0.171000 0.216600 0.091000 0.331500 0.172000 0.184100 0.132300 0.182900 0.101400 0.171100 0.235000 0.189100 0.000000 0.217600 0.234700 0.131500 0.135700 0.167700 0.196700 0.168000 0.205200 0.132100 0.141000
MuntiacusC 0.213700 0.540400 0.225400 0.433400 0.186800 0.233800 0.210500 0.259500 0.206600 0.036100 0.216700 0.131000 0.200900 0.185200 0.219300 0.189900 0.216000 0.256300 0.210100 0.207000 0.214600 0.219700 0.118200 0.155300 0.226900 0.208400 0.215200 0.184000 0.177000 0.247500 0.000000 0.164500 0.323100 0.225000 0.237600 0.162800 0.240400 0.221500 0.193800 0.173700 0.118700 0.217600 0.000000 0.139300 0.140100 0.261800 0.213300 0.251000 0.213900 0.183200 0.230900 0.216500
WhiteTaile 0.268500 0.536100 0.254100 0.412000 0.214200 0.289200 0.239600 0.317200 0.235000 0.155000 0.246300 0.178900 0.251900 0.212700 0.248500 0.218700 0.253400 0.285500 0.214900 0.235400 0.243300 0.226600 0.186600 0.095900 0.256500 0.261800 0.267800 0.211300 0.228600 0.277200 0.138700 0.191300 0.304600 0.278100 0.292300 0.144200 0.271100 0.250800 0.248200 0.197500 0.176400 0.234700 0.139300 0.000000 0.188500 0.281700 0.268000 0.306300 0.243600 0.234400 0.260600 0.245100
Cattle 0.125800 0.418300 0.140000 0.365900 0.101200 0.145800 0.145300 0.168700 0.120900 0.177600 0.150100 0.049300 0.117800 0.121600 0.154300 0.103100 0.176100 0.194500 0.110800 0.121200 0.151300 0.141300 0.155100 0.203600 0.160200 0.100900 0.109000 0.099900 0.134800 0.160700 0.139500 0.101400 0.304900 0.139700 0.129700 0.039100 0.171300 0.133700 0.159200 0.212000 0.155600 0.131500 0.140100 0.188500 0.000000 0.192900 0.156400 0.162800 0.156800 0.129500 0.143300 0.109700
RoyalAntel 0.226800 0.446700 0.189200 0.517800 0.172300 0.247900 0.196200 0.198000 0.193000 0.300600 0.229800 0.183200 0.187700 0.148000 0.255000 0.175800 0.250100 0.246000 0.182100 0.193300 0.202100 0.220400 0.256100 0.282300 0.240200 0.195000 0.179100 0.169800 0.163000 0.235100 0.260500 0.150000 0.369300 0.189200 0.201900 0.170700 0.226700 0.184800 0.215000 0.305800 0.231900 0.135700 0.261800 0.281700 0.192900 0.000000 0.209600 0.214800 0.186100 0.248600 0.159700 0.203200
Steenbok 0.186700 0.478100 0.221500 0.468100 0.136100 0.183800 0.164100 0.183400 0.202500 0.251800 0.189500 0.146800 0.174400 0.113200 0.215200 0.116400 0.257800 0.254400 0.146200 0.202900 0.165400 0.192100 0.206900 0.233700 0.199800 0.158100 0.165800 0.179300 0.126800 0.244500 0.212200 0.114300 0.301100 0.175800 0.188000 0.157300 0.187600 0.147800 0.106200 0.252600 0.207900 0.167700 0.213300 0.268000 0.156400 0.209600 0.000000 0.177500 0.126200 0.186800 0.203800 0.212600
Impala 0.182600 0.578500 0.249600 0.480800 0.165600 0.202700 0.189200 0.213900 0.231000 0.288700 0.220800 0.175700 0.158900 0.142100 0.244200 0.168400 0.250900 0.281100 0.153400 0.231400 0.193900 0.224000 0.245100 0.258800 0.231000 0.121300 0.150500 0.207800 0.179200 0.248400 0.249800 0.143800 0.351900 0.160200 0.194600 0.186100 0.217900 0.199900 0.205200 0.244200 0.246600 0.196700 0.251000 0.306300 0.162800 0.214800 0.177500 0.000000 0.177900 0.237500 0.221200 0.194900
Klipspring 0.187600 0.497600 0.221700 0.469100 0.136600 0.184600 0.146700 0.208100 0.202700 0.252500 0.190300 0.147100 0.175200 0.103300 0.204100 0.139100 0.258100 0.231900 0.146800 0.203100 0.165800 0.193100 0.207600 0.210600 0.200600 0.158400 0.166500 0.179500 0.149800 0.244700 0.212900 0.104300 0.338600 0.176500 0.189000 0.135300 0.163500 0.171000 0.151900 0.242700 0.208500 0.168000 0.213900 0.243600 0.156800 0.186100 0.126200 0.177900 0.000000 0.187300 0.204100 0.212900
ForestMusk 0.225800 0.484100 0.213700 0.385500 0.152900 0.246100 0.198500 0.246200 0.172500 0.220500 0.229100 0.141300 0.211600 0.173300 0.207100 0.155600 0.205500 0.246000 0.162100 0.172700 0.159200 0.221100 0.176500 0.247800 0.239000 0.196200 0.181000 0.172600 0.188300 0.212500 0.182400 0.153000 0.325200 0.213000 0.225300 0.130200 0.226400 0.186500 0.190700 0.256600 0.200000 0.205200 0.183200 0.234400 0.129500 0.248600 0.186800 0.237500 0.187300 0.000000 0.195800 0.182200
Bushbuck 0.195700 0.447900 0.057400 0.460100 0.123200 0.216200 0.168800 0.216400 0.068100 0.268900 0.198400 0.133900 0.172200 0.133400 0.200600 0.170800 0.185800 0.239100 0.166400 0.058600 0.174000 0.212800 0.225100 0.250700 0.208500 0.189600 0.163600 0.057900 0.158400 0.097000 0.229900 0.123600 0.357900 0.173500 0.196800 0.144100 0.196000 0.134600 0.208000 0.260000 0.225900 0.132100 0.230900 0.260600 0.143300 0.159700 0.203800 0.221200 0.204100 0.195800 0.000000 0.068000
GreaterKud 0.170300 0.457200 0.066600 0.414200 0.132300 0.190500 0.177700 0.225400 0.038000 0.253900 0.207600 0.121400 0.169800 0.153100 0.186600 0.179900 0.206300 0.225500 0.163800 0.028600 0.160900 0.222100 0.210500 0.212900 0.217600 0.175800 0.161300 0.047900 0.167500 0.046900 0.215500 0.132700 0.365400 0.171100 0.183100 0.131500 0.205200 0.143700 0.216900 0.245100 0.211200 0.141000 0.216500 0.245100 0.109700 0.203200 0.212600 0.194900 0.212900 0.182200 0.068000 0.000000
