CODONML (in paml version 4.10.7, June 2023)  /home/rachel/ruminants_paml/6406-phy-tree/ENSBTAT00000021641.fasta.phy
Model: free dN/dS Ratios for branches,  kappa = 2.000 fixed

Codon frequency model: F3x4
ns =  54  ls =  29

Codon usage in sequences
--------------------------------------------------------------------------------------------------------------------------------------
Phe TTT   0   0   0   0   0   0 | Ser TCT   0   0   0   0   0   0 | Tyr TAT   0   1   1   1   0   2 | Cys TGT   0   0   0   0   0   0
    TTC   1   1   1   1   2   1 |     TCC   0   0   0   0   0   0 |     TAC   4   3   3   3   3   2 |     TGC   0   0   0   0   0   0
Leu TTA   0   0   0   0   0   0 |     TCA   0   0   0   0   0   0 | *** TAA   0   0   0   0   0   0 | *** TGA   0   0   0   0   0   0
    TTG   0   0   0   0   0   0 |     TCG   0   0   0   0   0   0 |     TAG   0   0   0   0   0   0 | Trp TGG   1   1   1   1   1   1
--------------------------------------------------------------------------------------------------------------------------------------
Leu CTT   0   0   0   0   0   0 | Pro CCT   1   0   1   1   0   1 | His CAT   0   0   0   0   0   0 | Arg CGT   0   0   0   0   0   0
    CTC   0   0   0   0   0   0 |     CCC   0   0   0   0   1   0 |     CAC   0   0   0   0   0   0 |     CGC   0   0   0   0   0   0
    CTA   0   0   0   0   0   1 |     CCA   1   1   1   1   1   0 | Gln CAA   0   0   0   0   0   0 |     CGA   1   2   1   1   3   2
    CTG   1   1   1   1   1   0 |     CCG   0   1   0   0   0   1 |     CAG   0   0   0   0   0   0 |     CGG   0   0   0   0   0   0
--------------------------------------------------------------------------------------------------------------------------------------
Ile ATT   1   1   1   1   1   1 | Thr ACT   0   0   0   0   0   0 | Asn AAT   1   1   1   1   1   1 | Ser AGT   0   0   0   0   0   0
    ATC   0   0   0   0   0   0 |     ACC   0   0   0   0   0   1 |     AAC   0   0   0   0   0   0 |     AGC   0   0   0   0   0   0
    ATA   1   1   1   1   1   1 |     ACA   1   1   1   1   1   1 | Lys AAA   2   2   2   2   2   1 | Arg AGA   2   1   2   2   0   2
Met ATG   1   1   1   1   1   1 |     ACG   0   0   0   0   0   0 |     AAG   1   1   1   1   1   1 |     AGG   0   0   0   0   0   0
--------------------------------------------------------------------------------------------------------------------------------------
Val GTT   1   1   1   1   1   1 | Ala GCT   2   2   2   2   2   2 | Asp GAT   0   0   0   0   0   0 | Gly GGT   0   0   0   0   0   0
    GTC   0   0   0   0   0   0 |     GCC   1   1   1   1   1   0 |     GAC   1   1   1   1   1   1 |     GGC   0   0   0   0   0   0
    GTA   0   0   0   0   0   0 |     GCA   0   0   0   0   0   0 | Glu GAA   3   3   3   2   3   3 |     GGA   0   0   0   0   0   0
    GTG   0   0   0   0   0   0 |     GCG   0   0   0   0   0   0 |     GAG   1   1   1   2   1   1 |     GGG   0   0   0   0   0   0
--------------------------------------------------------------------------------------------------------------------------------------

--------------------------------------------------------------------------------------------------------------------------------------
Phe TTT   0   0   0   0   0   0 | Ser TCT   0   0   0   0   0   0 | Tyr TAT   0   0   0   0   1   1 | Cys TGT   0   0   0   0   0   0
    TTC   1   1   1   1   1   1 |     TCC   0   0   0   0   0   0 |     TAC   4   4   4   4   3   3 |     TGC   0   0   0   0   0   0
Leu TTA   0   0   0   0   0   0 |     TCA   0   0   0   0   0   0 | *** TAA   0   0   0   0   0   0 | *** TGA   0   0   0   0   0   0
    TTG   0   0   0   0   0   0 |     TCG   0   0   0   0   0   0 |     TAG   0   0   0   0   0   0 | Trp TGG   1   1   1   1   1   1
--------------------------------------------------------------------------------------------------------------------------------------
Leu CTT   0   0   0   0   0   0 | Pro CCT   1   1   1   1   1   1 | His CAT   0   0   0   0   0   0 | Arg CGT   0   0   0   0   0   0
    CTC   0   0   0   0   0   0 |     CCC   0   0   0   0   0   0 |     CAC   0   0   0   0   0   0 |     CGC   0   0   0   0   0   0
    CTA   0   0   0   0   0   0 |     CCA   1   1   1   1   1   1 | Gln CAA   0   0   0   0   0   0 |     CGA   1   1   1   1   1   1
    CTG   1   1   1   1   1   1 |     CCG   0   0   0   0   0   0 |     CAG   0   0   0   0   0   0 |     CGG   0   0   0   0   0   0
--------------------------------------------------------------------------------------------------------------------------------------
Ile ATT   1   1   1   1   1   1 | Thr ACT   0   0   0   0   0   0 | Asn AAT   1   1   1   1   1   1 | Ser AGT   0   0   0   0   0   0
    ATC   0   0   0   0   0   0 |     ACC   0   0   0   0   0   0 |     AAC   0   0   0   0   0   0 |     AGC   0   0   0   0   0   0
    ATA   1   1   1   1   1   1 |     ACA   1   1   1   1   1   1 | Lys AAA   2   2   2   2   2   2 | Arg AGA   2   1   2   2   2   2
Met ATG   1   1   1   1   1   1 |     ACG   0   0   0   0   0   0 |     AAG   1   1   1   1   1   1 |     AGG   0   1   0   0   0   0
--------------------------------------------------------------------------------------------------------------------------------------
Val GTT   1   1   1   1   1   1 | Ala GCT   2   2   1   2   2   2 | Asp GAT   0   0   0   0   0   0 | Gly GGT   0   0   0   0   0   0
    GTC   0   0   0   0   0   0 |     GCC   1   1   1   1   1   1 |     GAC   1   1   1   1   1   1 |     GGC   0   0   0   0   0   0
    GTA   0   0   0   0   0   0 |     GCA   0   0   1   0   0   0 | Glu GAA   3   3   3   3   3   3 |     GGA   0   0   0   0   0   0
    GTG   0   0   0   0   0   0 |     GCG   0   0   0   0   0   0 |     GAG   1   1   1   1   1   1 |     GGG   0   0   0   0   0   0
--------------------------------------------------------------------------------------------------------------------------------------

--------------------------------------------------------------------------------------------------------------------------------------
Phe TTT   0   0   0   0   0   0 | Ser TCT   0   0   0   0   0   0 | Tyr TAT   0   1   0   0   0   0 | Cys TGT   0   0   0   0   0   0
    TTC   1   1   1   1   1   1 |     TCC   0   0   0   0   0   0 |     TAC   4   3   4   4   4   4 |     TGC   0   0   0   0   0   0
Leu TTA   0   0   0   0   0   0 |     TCA   0   0   0   0   0   0 | *** TAA   0   0   0   0   0   0 | *** TGA   0   0   0   0   0   0
    TTG   0   0   0   0   0   0 |     TCG   0   0   0   0   0   0 |     TAG   0   0   0   0   0   0 | Trp TGG   1   1   1   1   1   1
--------------------------------------------------------------------------------------------------------------------------------------
Leu CTT   0   0   0   0   0   0 | Pro CCT   1   1   1   1   1   1 | His CAT   0   0   0   0   0   0 | Arg CGT   0   0   0   0   0   0
    CTC   0   0   0   0   0   0 |     CCC   0   0   0   0   0   0 |     CAC   0   0   0   0   0   0 |     CGC   0   0   0   0   0   0
    CTA   0   0   0   0   0   0 |     CCA   1   1   1   1   1   1 | Gln CAA   0   1   0   0   0   0 |     CGA   1   1   1   1   1   1
    CTG   1   1   1   1   1   1 |     CCG   0   0   0   0   0   0 |     CAG   0   0   0   0   0   0 |     CGG   0   0   0   0   0   0
--------------------------------------------------------------------------------------------------------------------------------------
Ile ATT   1   1   1   1   1   1 | Thr ACT   0   0   0   0   0   0 | Asn AAT   1   1   1   1   1   1 | Ser AGT   0   0   0   0   0   0
    ATC   0   0   0   0   0   0 |     ACC   0   0   0   0   0   0 |     AAC   0   0   0   0   0   0 |     AGC   0   0   0   0   0   0
    ATA   1   1   1   1   1   1 |     ACA   1   1   1   1   1   1 | Lys AAA   2   2   2   2   2   2 | Arg AGA   2   2   2   2   1   2
Met ATG   1   1   1   1   1   1 |     ACG   0   0   0   0   0   0 |     AAG   1   1   1   1   1   1 |     AGG   0   0   0   0   1   0
--------------------------------------------------------------------------------------------------------------------------------------
Val GTT   0   1   1   1   1   1 | Ala GCT   2   2   2   1   2   2 | Asp GAT   0   0   0   0   0   0 | Gly GGT   0   0   0   0   0   0
    GTC   1   0   0   0   0   0 |     GCC   1   1   1   1   1   1 |     GAC   1   1   1   1   1   1 |     GGC   0   0   0   0   0   0
    GTA   0   0   0   0   0   0 |     GCA   0   0   0   1   0   0 | Glu GAA   3   2   3   3   3   3 |     GGA   0   0   0   0   0   0
    GTG   0   0   0   0   0   0 |     GCG   0   0   0   0   0   0 |     GAG   1   1   1   1   1   1 |     GGG   0   0   0   0   0   0
--------------------------------------------------------------------------------------------------------------------------------------

--------------------------------------------------------------------------------------------------------------------------------------
Phe TTT   0   1   0   0   0   0 | Ser TCT   0   0   0   0   0   0 | Tyr TAT   1   1   0   1   0   0 | Cys TGT   0   0   0   0   0   0
    TTC   1   0   1   1   1   1 |     TCC   0   0   0   0   0   0 |     TAC   3   3   4   3   4   4 |     TGC   0   0   0   0   0   0
Leu TTA   0   0   0   0   0   0 |     TCA   0   0   0   0   0   0 | *** TAA   0   0   0   0   0   0 | *** TGA   0   0   0   0   0   0
    TTG   0   0   0   0   0   0 |     TCG   0   0   0   0   0   0 |     TAG   0   0   0   0   0   0 | Trp TGG   1   1   1   1   1   1
--------------------------------------------------------------------------------------------------------------------------------------
Leu CTT   0   0   0   0   0   0 | Pro CCT   1   1   1   1   1   1 | His CAT   0   0   0   0   0   0 | Arg CGT   0   0   0   0   0   0
    CTC   0   0   0   0   0   0 |     CCC   0   0   0   0   0   0 |     CAC   0   0   0   0   0   0 |     CGC   0   0   0   0   0   0
    CTA   0   0   0   0   0   0 |     CCA   1   1   1   1   1   1 | Gln CAA   0   0   0   0   0   0 |     CGA   1   1   1   1   1   1
    CTG   1   1   1   1   1   1 |     CCG   0   0   0   0   0   0 |     CAG   0   0   0   0   0   0 |     CGG   0   0   0   0   0   0
--------------------------------------------------------------------------------------------------------------------------------------
Ile ATT   1   1   1   1   1   1 | Thr ACT   0   0   0   0   0   0 | Asn AAT   1   1   1   1   1   1 | Ser AGT   0   0   0   0   0   0
    ATC   0   0   0   0   0   0 |     ACC   0   0   0   0   0   0 |     AAC   0   0   0   0   0   0 |     AGC   0   0   0   0   0   0
    ATA   1   1   1   1   1   1 |     ACA   1   1   1   1   1   1 | Lys AAA   2   2   2   2   2   2 | Arg AGA   2   2   2   2   2   2
Met ATG   1   1   1   1   1   1 |     ACG   0   0   0   0   0   0 |     AAG   1   1   1   1   1   1 |     AGG   0   0   0   0   0   0
--------------------------------------------------------------------------------------------------------------------------------------
Val GTT   1   1   1   1   1   1 | Ala GCT   2   2   2   2   1   2 | Asp GAT   0   0   0   0   0   0 | Gly GGT   0   0   0   0   0   0
    GTC   0   0   0   0   0   0 |     GCC   1   1   1   1   2   1 |     GAC   1   1   1   1   1   1 |     GGC   0   0   0   0   0   0
    GTA   0   0   0   0   0   0 |     GCA   0   0   0   0   0   0 | Glu GAA   3   3   3   3   3   3 |     GGA   0   0   0   0   0   0
    GTG   0   0   0   0   0   0 |     GCG   0   0   0   0   0   0 |     GAG   1   1   1   1   1   1 |     GGG   0   0   0   0   0   0
--------------------------------------------------------------------------------------------------------------------------------------

--------------------------------------------------------------------------------------------------------------------------------------
Phe TTT   0   0   0   0   0   0 | Ser TCT   0   0   0   0   0   0 | Tyr TAT   1   1   0   0   0   1 | Cys TGT   0   0   0   0   0   0
    TTC   1   1   1   1   1   1 |     TCC   0   0   0   0   0   0 |     TAC   3   3   4   4   4   3 |     TGC   0   0   0   0   0   0
Leu TTA   0   0   0   0   0   0 |     TCA   0   0   0   0   0   0 | *** TAA   0   0   0   0   0   0 | *** TGA   0   0   0   0   0   0
    TTG   0   0   0   0   0   0 |     TCG   0   0   0   0   0   0 |     TAG   0   0   0   0   0   0 | Trp TGG   1   1   1   1   1   1
--------------------------------------------------------------------------------------------------------------------------------------
Leu CTT   0   0   0   0   0   0 | Pro CCT   1   1   1   1   1   1 | His CAT   0   0   0   0   0   0 | Arg CGT   0   0   0   0   0   0
    CTC   0   0   0   0   0   0 |     CCC   0   0   0   0   0   0 |     CAC   0   0   0   0   0   0 |     CGC   0   0   0   0   0   0
    CTA   0   0   0   0   0   0 |     CCA   1   1   1   1   1   1 | Gln CAA   0   0   0   0   0   0 |     CGA   1   1   1   1   1   1
    CTG   1   1   1   1   1   1 |     CCG   0   0   0   0   0   0 |     CAG   0   0   0   0   0   0 |     CGG   0   0   0   0   0   0
--------------------------------------------------------------------------------------------------------------------------------------
Ile ATT   1   1   1   1   1   0 | Thr ACT   0   0   0   0   0   0 | Asn AAT   1   1   1   1   1   1 | Ser AGT   0   0   0   0   0   0
    ATC   0   0   0   0   0   0 |     ACC   0   0   0   0   0   0 |     AAC   0   0   0   0   0   0 |     AGC   0   0   0   0   0   0
    ATA   1   1   1   1   1   1 |     ACA   1   1   1   1   1   1 | Lys AAA   2   2   2   2   2   2 | Arg AGA   2   2   2   2   2   2
Met ATG   1   1   1   1   1   1 |     ACG   0   0   0   0   0   0 |     AAG   1   1   1   1   1   1 |     AGG   0   0   0   0   0   0
--------------------------------------------------------------------------------------------------------------------------------------
Val GTT   1   1   1   1   1   2 | Ala GCT   2   2   2   2   2   2 | Asp GAT   0   0   0   0   0   0 | Gly GGT   0   0   0   0   0   0
    GTC   0   0   0   0   0   0 |     GCC   1   1   1   1   1   1 |     GAC   1   1   1   1   1   1 |     GGC   0   0   0   0   0   0
    GTA   0   0   0   0   0   0 |     GCA   0   0   0   0   0   0 | Glu GAA   3   3   3   3   3   3 |     GGA   0   0   0   0   0   0
    GTG   0   0   0   0   0   0 |     GCG   0   0   0   0   0   0 |     GAG   1   1   1   1   1   1 |     GGG   0   0   0   0   0   0
--------------------------------------------------------------------------------------------------------------------------------------

--------------------------------------------------------------------------------------------------------------------------------------
Phe TTT   0   0   0   0   0   0 | Ser TCT   0   0   0   0   0   0 | Tyr TAT   0   1   1   0   1   1 | Cys TGT   0   0   0   0   0   0
    TTC   1   1   1   1   1   1 |     TCC   0   0   0   0   0   0 |     TAC   4   3   3   4   3   3 |     TGC   0   0   0   0   0   0
Leu TTA   0   0   0   0   0   0 |     TCA   0   0   0   0   0   0 | *** TAA   0   0   0   0   0   0 | *** TGA   0   0   0   0   0   0
    TTG   0   0   0   0   0   0 |     TCG   0   0   0   0   0   0 |     TAG   0   0   0   0   0   0 | Trp TGG   1   1   1   1   1   1
--------------------------------------------------------------------------------------------------------------------------------------
Leu CTT   0   0   0   0   0   0 | Pro CCT   1   1   1   1   1   1 | His CAT   0   0   0   0   0   0 | Arg CGT   0   0   0   0   0   0
    CTC   0   0   0   0   0   0 |     CCC   0   0   0   0   0   0 |     CAC   0   0   0   0   0   0 |     CGC   0   0   0   0   0   0
    CTA   0   0   0   0   0   0 |     CCA   1   1   1   1   1   1 | Gln CAA   0   0   0   0   0   0 |     CGA   1   1   1   1   1   1
    CTG   1   1   1   1   1   1 |     CCG   0   0   0   0   0   0 |     CAG   0   0   0   0   0   0 |     CGG   0   0   0   0   0   0
--------------------------------------------------------------------------------------------------------------------------------------
Ile ATT   1   1   1   1   0   1 | Thr ACT   0   0   0   0   0   0 | Asn AAT   1   1   1   1   1   1 | Ser AGT   0   0   0   0   0   0
    ATC   0   0   0   0   1   0 |     ACC   0   0   0   0   0   0 |     AAC   0   0   0   0   0   0 |     AGC   0   0   0   0   0   0
    ATA   1   1   1   1   1   1 |     ACA   1   1   1   1   1   1 | Lys AAA   2   2   2   2   2   2 | Arg AGA   2   2   2   2   2   2
Met ATG   1   1   1   1   1   1 |     ACG   0   0   0   0   0   0 |     AAG   1   1   1   1   1   1 |     AGG   0   0   0   0   0   0
--------------------------------------------------------------------------------------------------------------------------------------
Val GTT   1   1   1   1   1   1 | Ala GCT   2   2   2   1   2   2 | Asp GAT   0   0   0   0   0   0 | Gly GGT   0   0   0   0   0   0
    GTC   0   0   0   0   0   0 |     GCC   1   1   1   1   1   1 |     GAC   1   1   1   1   1   1 |     GGC   0   0   0   0   0   0
    GTA   0   0   0   0   0   0 |     GCA   0   0   0   1   0   0 | Glu GAA   3   3   3   3   2   3 |     GGA   0   0   0   0   0   0
    GTG   0   0   0   0   0   0 |     GCG   0   0   0   0   0   0 |     GAG   1   1   1   1   2   1 |     GGG   0   0   0   0   0   0
--------------------------------------------------------------------------------------------------------------------------------------

--------------------------------------------------------------------------------------------------------------------------------------
Phe TTT   0   0   0   0   0   0 | Ser TCT   0   0   0   0   0   0 | Tyr TAT   0   1   0   0   1   1 | Cys TGT   0   0   0   0   0   0
    TTC   1   1   1   1   1   1 |     TCC   0   0   0   0   0   0 |     TAC   4   3   4   4   3   3 |     TGC   0   0   0   0   0   0
Leu TTA   0   0   0   0   0   0 |     TCA   0   0   0   0   0   0 | *** TAA   0   0   0   0   0   0 | *** TGA   0   0   0   0   0   0
    TTG   0   0   0   0   0   0 |     TCG   0   0   0   0   0   0 |     TAG   0   0   0   0   0   0 | Trp TGG   1   1   1   1   1   1
--------------------------------------------------------------------------------------------------------------------------------------
Leu CTT   0   0   0   0   0   0 | Pro CCT   1   1   1   1   1   1 | His CAT   0   0   0   0   0   0 | Arg CGT   0   0   0   0   0   0
    CTC   0   0   0   0   0   0 |     CCC   0   0   0   0   0   0 |     CAC   0   0   0   0   0   0 |     CGC   0   0   0   0   0   0
    CTA   0   0   0   0   0   0 |     CCA   1   1   1   1   1   1 | Gln CAA   0   0   0   0   0   0 |     CGA   1   1   1   1   1   1
    CTG   1   1   1   1   1   1 |     CCG   0   0   0   0   0   0 |     CAG   0   0   0   0   0   0 |     CGG   0   0   0   0   0   0
--------------------------------------------------------------------------------------------------------------------------------------
Ile ATT   1   1   1   1   1   1 | Thr ACT   0   0   0   0   0   0 | Asn AAT   1   1   1   1   1   1 | Ser AGT   0   0   0   0   0   0
    ATC   0   0   0   0   0   0 |     ACC   0   0   0   0   0   0 |     AAC   0   0   0   0   0   0 |     AGC   0   0   0   0   0   0
    ATA   1   1   1   1   1   1 |     ACA   1   1   1   1   1   1 | Lys AAA   2   2   2   2   2   2 | Arg AGA   2   2   2   2   2   2
Met ATG   1   1   1   1   1   1 |     ACG   0   0   0   0   0   0 |     AAG   1   1   1   1   1   1 |     AGG   0   0   0   0   0   0
--------------------------------------------------------------------------------------------------------------------------------------
Val GTT   1   1   1   1   1   1 | Ala GCT   2   2   2   2   2   2 | Asp GAT   0   0   0   0   0   0 | Gly GGT   0   0   0   0   0   0
    GTC   0   0   0   0   0   0 |     GCC   1   1   1   1   1   1 |     GAC   1   1   1   1   1   1 |     GGC   0   0   0   0   0   0
    GTA   0   0   0   0   0   0 |     GCA   0   0   0   0   0   0 | Glu GAA   3   3   3   3   2   3 |     GGA   0   0   0   0   0   0
    GTG   0   0   0   0   0   0 |     GCG   0   0   0   0   0   0 |     GAG   1   1   1   1   2   1 |     GGG   0   0   0   0   0   0
--------------------------------------------------------------------------------------------------------------------------------------

--------------------------------------------------------------------------------------------------------------------------------------
Phe TTT   0   0   0   0   0   0 | Ser TCT   0   0   0   0   0   0 | Tyr TAT   1   0   1   1   1   0 | Cys TGT   0   0   0   0   0   0
    TTC   1   1   1   1   1   1 |     TCC   0   0   0   0   0   0 |     TAC   3   4   3   3   3   4 |     TGC   0   0   0   0   0   0
Leu TTA   0   0   0   0   0   0 |     TCA   0   0   0   0   0   0 | *** TAA   0   0   0   0   0   0 | *** TGA   0   0   0   0   0   0
    TTG   0   0   0   0   0   0 |     TCG   0   0   0   0   0   0 |     TAG   0   0   0   0   0   0 | Trp TGG   1   1   1   1   1   1
--------------------------------------------------------------------------------------------------------------------------------------
Leu CTT   0   0   0   0   0   0 | Pro CCT   1   1   1   1   1   1 | His CAT   0   0   0   0   0   0 | Arg CGT   0   0   0   0   0   0
    CTC   0   0   0   0   0   0 |     CCC   0   0   0   0   0   0 |     CAC   0   0   0   0   0   0 |     CGC   0   0   0   0   0   0
    CTA   0   0   0   0   0   0 |     CCA   1   1   1   1   1   1 | Gln CAA   0   0   0   0   0   0 |     CGA   1   1   1   1   1   1
    CTG   1   1   1   1   1   1 |     CCG   0   0   0   0   0   0 |     CAG   0   0   0   0   0   0 |     CGG   0   0   0   0   0   0
--------------------------------------------------------------------------------------------------------------------------------------
Ile ATT   1   1   1   1   1   1 | Thr ACT   0   0   0   0   0   0 | Asn AAT   1   1   1   1   1   1 | Ser AGT   0   0   0   0   0   0
    ATC   0   0   0   0   0   0 |     ACC   0   0   0   0   0   0 |     AAC   0   0   0   0   0   0 |     AGC   0   0   0   0   0   0
    ATA   1   1   1   1   1   1 |     ACA   1   1   1   1   1   1 | Lys AAA   2   2   2   2   2   2 | Arg AGA   2   2   2   2   2   2
Met ATG   1   1   1   1   1   1 |     ACG   0   0   0   0   0   0 |     AAG   1   1   1   1   1   1 |     AGG   0   0   0   0   0   0
--------------------------------------------------------------------------------------------------------------------------------------
Val GTT   1   1   1   1   1   1 | Ala GCT   2   2   2   2   2   2 | Asp GAT   0   0   0   0   0   0 | Gly GGT   0   0   0   0   0   0
    GTC   0   0   0   0   0   0 |     GCC   1   1   1   1   1   1 |     GAC   1   1   1   1   1   1 |     GGC   0   0   0   0   0   0
    GTA   0   0   0   0   0   0 |     GCA   0   0   0   0   0   0 | Glu GAA   3   3   3   3   3   3 |     GGA   0   0   0   0   0   0
    GTG   0   0   0   0   0   0 |     GCG   0   0   0   0   0   0 |     GAG   1   1   1   1   1   1 |     GGG   0   0   0   0   0   0
--------------------------------------------------------------------------------------------------------------------------------------

--------------------------------------------------------------------------------------------------------------------------------------
Phe TTT   0   0   0   0   0   0 | Ser TCT   0   0   0   0   0   0 | Tyr TAT   0   1   0   1   1   1 | Cys TGT   0   0   0   0   0   0
    TTC   1   1   1   1   1   1 |     TCC   0   0   0   0   0   0 |     TAC   4   3   4   3   3   3 |     TGC   0   0   0   0   0   0
Leu TTA   0   0   0   0   0   0 |     TCA   0   0   0   0   0   0 | *** TAA   0   0   0   0   0   0 | *** TGA   0   0   0   0   0   0
    TTG   0   0   0   0   0   0 |     TCG   0   0   0   0   0   0 |     TAG   0   0   0   0   0   0 | Trp TGG   1   1   1   1   1   1
--------------------------------------------------------------------------------------------------------------------------------------
Leu CTT   0   0   0   0   0   0 | Pro CCT   1   1   1   1   1   1 | His CAT   0   0   0   0   0   0 | Arg CGT   0   0   0   0   0   0
    CTC   0   0   0   0   0   0 |     CCC   0   0   0   0   0   0 |     CAC   0   0   0   0   0   0 |     CGC   0   0   0   0   0   0
    CTA   0   0   0   0   0   0 |     CCA   1   1   1   1   1   1 | Gln CAA   0   0   0   0   0   0 |     CGA   1   1   1   1   1   1
    CTG   1   1   1   1   1   1 |     CCG   0   0   0   0   0   0 |     CAG   0   0   0   0   0   0 |     CGG   0   0   0   0   0   0
--------------------------------------------------------------------------------------------------------------------------------------
Ile ATT   1   1   1   1   1   1 | Thr ACT   0   0   0   0   0   0 | Asn AAT   1   1   1   1   1   1 | Ser AGT   0   0   0   0   0   0
    ATC   0   0   0   0   0   0 |     ACC   0   0   0   0   0   0 |     AAC   0   0   0   0   0   0 |     AGC   0   0   0   0   0   0
    ATA   1   1   1   1   1   1 |     ACA   1   1   1   1   1   1 | Lys AAA   2   2   2   2   2   2 | Arg AGA   2   2   2   2   2   2
Met ATG   1   1   1   1   1   1 |     ACG   0   0   0   0   0   0 |     AAG   1   1   1   1   1   1 |     AGG   0   0   0   0   0   0
--------------------------------------------------------------------------------------------------------------------------------------
Val GTT   1   1   1   1   1   1 | Ala GCT   2   2   2   2   2   2 | Asp GAT   0   0   0   0   0   0 | Gly GGT   0   0   0   0   0   0
    GTC   0   0   0   0   0   0 |     GCC   1   1   1   1   1   1 |     GAC   1   1   1   1   1   1 |     GGC   0   0   0   0   0   0
    GTA   0   0   0   0   0   0 |     GCA   0   0   0   0   0   0 | Glu GAA   3   3   3   2   3   3 |     GGA   0   0   0   0   0   0
    GTG   0   0   0   0   0   0 |     GCG   0   0   0   0   0   0 |     GAG   1   1   1   2   1   1 |     GGG   0   0   0   0   0   0
--------------------------------------------------------------------------------------------------------------------------------------

Codon position x base (3x4) table for each sequence.

#1: Argali         
position  1:    T:0.20690    C:0.13793    A:0.34483    G:0.31034
position  2:    T:0.20690    C:0.20690    A:0.44828    G:0.13793
position  3:    T:0.20690    C:0.24138    A:0.37931    G:0.17241
Average         T:0.20690    C:0.19540    A:0.39080    G:0.20690

#2: LesserMouseDeer
position  1:    T:0.20690    C:0.17241    A:0.31034    G:0.31034
position  2:    T:0.20690    C:0.20690    A:0.44828    G:0.13793
position  3:    T:0.20690    C:0.20690    A:0.37931    G:0.20690
Average         T:0.20690    C:0.19540    A:0.37931    G:0.21839

#3: LesserKudu     
position  1:    T:0.20690    C:0.13793    A:0.34483    G:0.31034
position  2:    T:0.20690    C:0.20690    A:0.44828    G:0.13793
position  3:    T:0.24138    C:0.20690    A:0.37931    G:0.17241
Average         T:0.21839    C:0.18391    A:0.39080    G:0.20690

#4: ForestMuskDeer2
position  1:    T:0.20690    C:0.13793    A:0.34483    G:0.31034
position  2:    T:0.20690    C:0.20690    A:0.44828    G:0.13793
position  3:    T:0.24138    C:0.20690    A:0.34483    G:0.20690
Average         T:0.21839    C:0.18391    A:0.37931    G:0.21839

#5: Camel          
position  1:    T:0.20690    C:0.20690    A:0.27586    G:0.31034
position  2:    T:0.24138    C:0.20690    A:0.41379    G:0.13793
position  3:    T:0.17241    C:0.27586    A:0.37931    G:0.17241
Average         T:0.20690    C:0.22989    A:0.35632    G:0.20690

#6: KillerWhale    
position  1:    T:0.20690    C:0.17241    A:0.34483    G:0.27586
position  2:    T:0.20690    C:0.20690    A:0.41379    G:0.17241
position  3:    T:0.27586    C:0.17241    A:0.37931    G:0.17241
Average         T:0.22989    C:0.18391    A:0.37931    G:0.20690

#7: DefassaWaterbuck
position  1:    T:0.20690    C:0.13793    A:0.34483    G:0.31034
position  2:    T:0.20690    C:0.20690    A:0.44828    G:0.13793
position  3:    T:0.20690    C:0.24138    A:0.37931    G:0.17241
Average         T:0.20690    C:0.19540    A:0.39080    G:0.20690

#8: Sheep          
position  1:    T:0.20690    C:0.13793    A:0.34483    G:0.31034
position  2:    T:0.20690    C:0.20690    A:0.44828    G:0.13793
position  3:    T:0.20690    C:0.24138    A:0.34483    G:0.20690
Average         T:0.20690    C:0.19540    A:0.37931    G:0.21839

#9: MaxwellsDuiker 
position  1:    T:0.20690    C:0.13793    A:0.34483    G:0.31034
position  2:    T:0.20690    C:0.20690    A:0.44828    G:0.13793
position  3:    T:0.17241    C:0.24138    A:0.41379    G:0.17241
Average         T:0.19540    C:0.19540    A:0.40230    G:0.20690

#10: GazellaPrzewalskyi
position  1:    T:0.20690    C:0.13793    A:0.34483    G:0.31034
position  2:    T:0.20690    C:0.20690    A:0.44828    G:0.13793
position  3:    T:0.20690    C:0.24138    A:0.37931    G:0.17241
Average         T:0.20690    C:0.19540    A:0.39080    G:0.20690

#11: MountainNyala  
position  1:    T:0.20690    C:0.13793    A:0.34483    G:0.31034
position  2:    T:0.20690    C:0.20690    A:0.44828    G:0.13793
position  3:    T:0.24138    C:0.20690    A:0.37931    G:0.17241
Average         T:0.21839    C:0.18391    A:0.39080    G:0.20690

#12: MuntiacusMuntjak
position  1:    T:0.20690    C:0.13793    A:0.34483    G:0.31034
position  2:    T:0.20690    C:0.20690    A:0.44828    G:0.13793
position  3:    T:0.24138    C:0.20690    A:0.37931    G:0.17241
Average         T:0.21839    C:0.18391    A:0.39080    G:0.20690

#13: goat           
position  1:    T:0.20690    C:0.13793    A:0.34483    G:0.31034
position  2:    T:0.20690    C:0.20690    A:0.44828    G:0.13793
position  3:    T:0.17241    C:0.27586    A:0.37931    G:0.17241
Average         T:0.19540    C:0.20690    A:0.39080    G:0.20690

#14: AfricanBuffalo 
position  1:    T:0.20690    C:0.17241    A:0.34483    G:0.27586
position  2:    T:0.20690    C:0.20690    A:0.44828    G:0.13793
position  3:    T:0.24138    C:0.20690    A:0.37931    G:0.17241
Average         T:0.21839    C:0.19540    A:0.39080    G:0.19540

#15: Topi           
position  1:    T:0.20690    C:0.13793    A:0.34483    G:0.31034
position  2:    T:0.20690    C:0.20690    A:0.44828    G:0.13793
position  3:    T:0.20690    C:0.24138    A:0.37931    G:0.17241
Average         T:0.20690    C:0.19540    A:0.39080    G:0.20690

#16: CommonDuiker   
position  1:    T:0.20690    C:0.13793    A:0.34483    G:0.31034
position  2:    T:0.20690    C:0.20690    A:0.44828    G:0.13793
position  3:    T:0.17241    C:0.24138    A:0.41379    G:0.17241
Average         T:0.19540    C:0.19540    A:0.40230    G:0.20690

#17: Suni           
position  1:    T:0.20690    C:0.13793    A:0.34483    G:0.31034
position  2:    T:0.20690    C:0.20690    A:0.44828    G:0.13793
position  3:    T:0.20690    C:0.24138    A:0.34483    G:0.20690
Average         T:0.20690    C:0.19540    A:0.37931    G:0.21839

#18: Springbuck     
position  1:    T:0.20690    C:0.13793    A:0.34483    G:0.31034
position  2:    T:0.20690    C:0.20690    A:0.44828    G:0.13793
position  3:    T:0.20690    C:0.24138    A:0.37931    G:0.17241
Average         T:0.20690    C:0.19540    A:0.39080    G:0.20690

#19: Okapi          
position  1:    T:0.20690    C:0.13793    A:0.34483    G:0.31034
position  2:    T:0.20690    C:0.20690    A:0.44828    G:0.13793
position  3:    T:0.24138    C:0.20690    A:0.37931    G:0.17241
Average         T:0.21839    C:0.18391    A:0.39080    G:0.20690

#20: Giraffe        
position  1:    T:0.20690    C:0.13793    A:0.34483    G:0.31034
position  2:    T:0.20690    C:0.20690    A:0.44828    G:0.13793
position  3:    T:0.27586    C:0.17241    A:0.37931    G:0.17241
Average         T:0.22989    C:0.17241    A:0.39080    G:0.20690

#21: TibetanAntelope
position  1:    T:0.20690    C:0.13793    A:0.34483    G:0.31034
position  2:    T:0.20690    C:0.20690    A:0.44828    G:0.13793
position  3:    T:0.20690    C:0.24138    A:0.37931    G:0.17241
Average         T:0.20690    C:0.19540    A:0.39080    G:0.20690

#22: Sitatunga      
position  1:    T:0.20690    C:0.13793    A:0.34483    G:0.31034
position  2:    T:0.20690    C:0.20690    A:0.44828    G:0.13793
position  3:    T:0.24138    C:0.20690    A:0.37931    G:0.17241
Average         T:0.21839    C:0.18391    A:0.39080    G:0.20690

#23: Oribi          
position  1:    T:0.20690    C:0.13793    A:0.34483    G:0.31034
position  2:    T:0.20690    C:0.20690    A:0.44828    G:0.13793
position  3:    T:0.17241    C:0.27586    A:0.37931    G:0.17241
Average         T:0.19540    C:0.20690    A:0.39080    G:0.20690

#24: BarbarySheep   
position  1:    T:0.20690    C:0.13793    A:0.34483    G:0.31034
position  2:    T:0.20690    C:0.20690    A:0.44828    G:0.13793
position  3:    T:0.20690    C:0.24138    A:0.37931    G:0.17241
Average         T:0.20690    C:0.19540    A:0.39080    G:0.20690

#25: Daviddeer      
position  1:    T:0.20690    C:0.13793    A:0.34483    G:0.31034
position  2:    T:0.20690    C:0.20690    A:0.44828    G:0.13793
position  3:    T:0.24138    C:0.20690    A:0.37931    G:0.17241
Average         T:0.21839    C:0.18391    A:0.39080    G:0.20690

#26: Reindeer       
position  1:    T:0.20690    C:0.13793    A:0.34483    G:0.31034
position  2:    T:0.20690    C:0.20690    A:0.44828    G:0.13793
position  3:    T:0.24138    C:0.20690    A:0.37931    G:0.17241
Average         T:0.21839    C:0.18391    A:0.39080    G:0.20690

#27: Ibex           
position  1:    T:0.20690    C:0.13793    A:0.34483    G:0.31034
position  2:    T:0.20690    C:0.20690    A:0.44828    G:0.13793
position  3:    T:0.20690    C:0.24138    A:0.37931    G:0.17241
Average         T:0.20690    C:0.19540    A:0.39080    G:0.20690

#28: GyrantGazelle  
position  1:    T:0.20690    C:0.13793    A:0.34483    G:0.31034
position  2:    T:0.20690    C:0.20690    A:0.44828    G:0.13793
position  3:    T:0.20690    C:0.24138    A:0.37931    G:0.17241
Average         T:0.20690    C:0.19540    A:0.39080    G:0.20690

#29: Hartebeest     
position  1:    T:0.20690    C:0.13793    A:0.34483    G:0.31034
position  2:    T:0.20690    C:0.20690    A:0.44828    G:0.13793
position  3:    T:0.20690    C:0.24138    A:0.37931    G:0.17241
Average         T:0.20690    C:0.19540    A:0.39080    G:0.20690

#30: Bongo          
position  1:    T:0.20690    C:0.13793    A:0.31034    G:0.34483
position  2:    T:0.20690    C:0.20690    A:0.44828    G:0.13793
position  3:    T:0.24138    C:0.20690    A:0.37931    G:0.17241
Average         T:0.21839    C:0.18391    A:0.37931    G:0.21839

#31: Gerenuk        
position  1:    T:0.20690    C:0.13793    A:0.34483    G:0.31034
position  2:    T:0.20690    C:0.20690    A:0.44828    G:0.13793
position  3:    T:0.20690    C:0.24138    A:0.37931    G:0.17241
Average         T:0.20690    C:0.19540    A:0.39080    G:0.20690

#32: CommonEland    
position  1:    T:0.20690    C:0.13793    A:0.34483    G:0.31034
position  2:    T:0.20690    C:0.20690    A:0.44828    G:0.13793
position  3:    T:0.24138    C:0.20690    A:0.37931    G:0.17241
Average         T:0.21839    C:0.18391    A:0.39080    G:0.20690

#33: MuntiacusReevesi
position  1:    T:0.20690    C:0.13793    A:0.34483    G:0.31034
position  2:    T:0.20690    C:0.20690    A:0.44828    G:0.13793
position  3:    T:0.24138    C:0.20690    A:0.37931    G:0.17241
Average         T:0.21839    C:0.18391    A:0.39080    G:0.20690

#34: HarveysDuiker  
position  1:    T:0.20690    C:0.13793    A:0.34483    G:0.31034
position  2:    T:0.20690    C:0.20690    A:0.44828    G:0.13793
position  3:    T:0.17241    C:0.24138    A:0.41379    G:0.17241
Average         T:0.19540    C:0.19540    A:0.40230    G:0.20690

#35: Pronghorn      
position  1:    T:0.20690    C:0.13793    A:0.34483    G:0.31034
position  2:    T:0.20690    C:0.20690    A:0.44828    G:0.13793
position  3:    T:0.20690    C:0.24138    A:0.34483    G:0.20690
Average         T:0.20690    C:0.19540    A:0.37931    G:0.21839

#36: BlueWildebeest 
position  1:    T:0.20690    C:0.13793    A:0.34483    G:0.31034
position  2:    T:0.20690    C:0.20690    A:0.44828    G:0.13793
position  3:    T:0.24138    C:0.20690    A:0.37931    G:0.17241
Average         T:0.21839    C:0.18391    A:0.39080    G:0.20690

#37: Gemsbok        
position  1:    T:0.20690    C:0.13793    A:0.34483    G:0.31034
position  2:    T:0.20690    C:0.20690    A:0.44828    G:0.13793
position  3:    T:0.20690    C:0.24138    A:0.37931    G:0.17241
Average         T:0.20690    C:0.19540    A:0.39080    G:0.20690

#38: Yak            
position  1:    T:0.20690    C:0.13793    A:0.34483    G:0.31034
position  2:    T:0.20690    C:0.20690    A:0.44828    G:0.13793
position  3:    T:0.24138    C:0.20690    A:0.37931    G:0.17241
Average         T:0.21839    C:0.18391    A:0.39080    G:0.20690

#39: BlueSheep      
position  1:    T:0.20690    C:0.13793    A:0.34483    G:0.31034
position  2:    T:0.20690    C:0.20690    A:0.44828    G:0.13793
position  3:    T:0.20690    C:0.24138    A:0.37931    G:0.17241
Average         T:0.20690    C:0.19540    A:0.39080    G:0.20690

#40: BohorReedbuck  
position  1:    T:0.20690    C:0.13793    A:0.34483    G:0.31034
position  2:    T:0.20690    C:0.20690    A:0.44828    G:0.13793
position  3:    T:0.20690    C:0.24138    A:0.37931    G:0.17241
Average         T:0.20690    C:0.19540    A:0.39080    G:0.20690

#41: KirksDik       
position  1:    T:0.20690    C:0.13793    A:0.34483    G:0.31034
position  2:    T:0.20690    C:0.20690    A:0.44828    G:0.13793
position  3:    T:0.24138    C:0.20690    A:0.34483    G:0.20690
Average         T:0.21839    C:0.18391    A:0.37931    G:0.21839

#42: RoeDeer        
position  1:    T:0.20690    C:0.13793    A:0.34483    G:0.31034
position  2:    T:0.20690    C:0.20690    A:0.44828    G:0.13793
position  3:    T:0.24138    C:0.20690    A:0.37931    G:0.17241
Average         T:0.21839    C:0.18391    A:0.39080    G:0.20690

#43: WhiteLippedDeer
position  1:    T:0.20690    C:0.13793    A:0.34483    G:0.31034
position  2:    T:0.20690    C:0.20690    A:0.44828    G:0.13793
position  3:    T:0.24138    C:0.20690    A:0.37931    G:0.17241
Average         T:0.21839    C:0.18391    A:0.39080    G:0.20690

#44: ThomsonGazelle 
position  1:    T:0.20690    C:0.13793    A:0.34483    G:0.31034
position  2:    T:0.20690    C:0.20690    A:0.44828    G:0.13793
position  3:    T:0.20690    C:0.24138    A:0.37931    G:0.17241
Average         T:0.20690    C:0.19540    A:0.39080    G:0.20690

#45: MuntiacusCrinifrons
position  1:    T:0.20690    C:0.13793    A:0.34483    G:0.31034
position  2:    T:0.20690    C:0.20690    A:0.44828    G:0.13793
position  3:    T:0.24138    C:0.20690    A:0.37931    G:0.17241
Average         T:0.21839    C:0.18391    A:0.39080    G:0.20690

#46: WhiteTailedDeer
position  1:    T:0.20690    C:0.13793    A:0.34483    G:0.31034
position  2:    T:0.20690    C:0.20690    A:0.44828    G:0.13793
position  3:    T:0.24138    C:0.20690    A:0.37931    G:0.17241
Average         T:0.21839    C:0.18391    A:0.39080    G:0.20690

#47: Cattle         
position  1:    T:0.20690    C:0.13793    A:0.34483    G:0.31034
position  2:    T:0.20690    C:0.20690    A:0.44828    G:0.13793
position  3:    T:0.24138    C:0.20690    A:0.37931    G:0.17241
Average         T:0.21839    C:0.18391    A:0.39080    G:0.20690

#48: RoyalAntelope  
position  1:    T:0.20690    C:0.13793    A:0.34483    G:0.31034
position  2:    T:0.20690    C:0.20690    A:0.44828    G:0.13793
position  3:    T:0.20690    C:0.24138    A:0.37931    G:0.17241
Average         T:0.20690    C:0.19540    A:0.39080    G:0.20690

#49: Steenbok       
position  1:    T:0.20690    C:0.13793    A:0.34483    G:0.31034
position  2:    T:0.20690    C:0.20690    A:0.44828    G:0.13793
position  3:    T:0.20690    C:0.24138    A:0.37931    G:0.17241
Average         T:0.20690    C:0.19540    A:0.39080    G:0.20690

#50: Impala         
position  1:    T:0.20690    C:0.13793    A:0.34483    G:0.31034
position  2:    T:0.20690    C:0.20690    A:0.44828    G:0.13793
position  3:    T:0.24138    C:0.20690    A:0.37931    G:0.17241
Average         T:0.21839    C:0.18391    A:0.39080    G:0.20690

#51: Klipspringer   
position  1:    T:0.20690    C:0.13793    A:0.34483    G:0.31034
position  2:    T:0.20690    C:0.20690    A:0.44828    G:0.13793
