CODONML (in paml version 4.10.7, June 2023)  /home/rachel/ruminants_paml/6406-phy-tree/ENSBTAT00000000240.fasta.phy
Model: free dN/dS Ratios for branches,  kappa = 2.000 fixed

Codon frequency model: F3x4
ns =  54  ls =  15

Codon usage in sequences
--------------------------------------------------------------------------------------------------------------------------------------
Phe TTT   0   0   0   0   0   0 | Ser TCT   0   0   0   0   0   0 | Tyr TAT   0   0   0   0   0   0 | Cys TGT   0   0   0   0   0   0
    TTC   0   0   0   0   0   0 |     TCC   0   0   0   0   0   0 |     TAC   0   0   0   0   0   0 |     TGC   0   0   0   0   0   0
Leu TTA   0   0   0   0   0   0 |     TCA   0   0   0   0   0   0 | *** TAA   0   0   0   0   0   0 | *** TGA   0   0   0   0   0   0
    TTG   0   0   0   0   0   0 |     TCG   0   0   0   0   0   0 |     TAG   0   0   0   0   0   0 | Trp TGG   0   0   0   0   0   0
--------------------------------------------------------------------------------------------------------------------------------------
Leu CTT   0   0   0   0   0   0 | Pro CCT   0   0   0   0   0   0 | His CAT   0   0   0   0   0   0 | Arg CGT   0   0   0   0   0   0
    CTC   0   0   0   0   0   0 |     CCC   0   0   0   0   0   0 |     CAC   0   0   0   0   0   0 |     CGC   0   0   0   0   0   0
    CTA   0   0   0   0   0   0 |     CCA   0   0   0   0   0   0 | Gln CAA   0   0   0   0   0   0 |     CGA   0   0   0   0   0   0
    CTG   1   1   1   1   1   1 |     CCG   0   0   0   0   0   0 |     CAG   2   2   2   2   2   2 |     CGG   1   1   1   1   1   1
--------------------------------------------------------------------------------------------------------------------------------------
Ile ATT   0   0   0   0   0   0 | Thr ACT   0   0   0   0   0   0 | Asn AAT   0   0   0   0   0   0 | Ser AGT   0   0   0   0   0   0
    ATC   0   0   0   0   0   0 |     ACC   0   0   0   0   0   0 |     AAC   1   1   1   1   1   1 |     AGC   0   0   0   0   0   0
    ATA   0   0   0   0   0   0 |     ACA   0   0   0   0   0   0 | Lys AAA   1   1   1   1   1   1 | Arg AGA   0   0   0   0   0   0
Met ATG   0   0   0   0   0   0 |     ACG   0   0   0   0   0   0 |     AAG   2   2   2   2   2   2 |     AGG   1   1   1   1   1   1
--------------------------------------------------------------------------------------------------------------------------------------
Val GTT   0   0   0   0   0   0 | Ala GCT   1   1   1   1   1   1 | Asp GAT   0   0   0   0   0   0 | Gly GGT   0   0   0   0   0   0
    GTC   0   0   0   0   0   0 |     GCC   2   2   2   1   2   2 |     GAC   0   0   0   0   0   0 |     GGC   0   0   0   0   0   0
    GTA   0   0   0   0   0   0 |     GCA   0   0   0   0   0   0 | Glu GAA   3   3   3   3   3   3 |     GGA   0   0   0   0   0   0
    GTG   0   0   0   0   0   0 |     GCG   0   0   0   1   0   0 |     GAG   0   0   0   0   0   0 |     GGG   0   0   0   0   0   0
--------------------------------------------------------------------------------------------------------------------------------------

--------------------------------------------------------------------------------------------------------------------------------------
Phe TTT   0   0   0   0   0   0 | Ser TCT   0   0   0   0   0   0 | Tyr TAT   0   0   0   0   0   0 | Cys TGT   0   0   0   0   0   0
    TTC   0   0   0   0   0   0 |     TCC   0   0   0   0   0   0 |     TAC   0   0   0   0   0   0 |     TGC   0   0   0   0   0   0
Leu TTA   0   0   0   0   0   0 |     TCA   0   0   0   0   0   0 | *** TAA   0   0   0   0   0   0 | *** TGA   0   0   0   0   0   0
    TTG   0   0   0   0   0   1 |     TCG   0   0   0   0   0   0 |     TAG   0   0   0   0   0   0 | Trp TGG   0   0   0   0   0   0
--------------------------------------------------------------------------------------------------------------------------------------
Leu CTT   0   0   0   0   0   0 | Pro CCT   0   0   0   0   0   0 | His CAT   0   0   0   0   0   0 | Arg CGT   0   0   0   0   0   0
    CTC   0   0   0   0   0   0 |     CCC   0   0   0   0   0   0 |     CAC   1   0   0   0   0   0 |     CGC   0   0   0   0   0   0
    CTA   0   0   0   0   0   0 |     CCA   0   0   0   0   0   0 | Gln CAA   0   0   0   0   0   0 |     CGA   0   0   0   0   0   0
    CTG   1   1   1   1   1   0 |     CCG   0   0   0   0   0   0 |     CAG   2   2   2   2   2   2 |     CGG   1   1   1   1   1   1
--------------------------------------------------------------------------------------------------------------------------------------
Ile ATT   0   0   0   0   0   0 | Thr ACT   0   0   0   0   0   0 | Asn AAT   0   0   0   0   0   0 | Ser AGT   0   0   0   0   0   0
    ATC   0   0   0   0   0   0 |     ACC   0   0   0   0   0   0 |     AAC   0   1   1   1   1   1 |     AGC   0   0   0   0   0   0
    ATA   0   0   0   0   0   0 |     ACA   0   0   0   0   0   0 | Lys AAA   1   1   1   1   1   1 | Arg AGA   0   0   0   0   0   0
Met ATG   0   0   0   0   0   0 |     ACG   0   0   0   0   0   0 |     AAG   2   2   2   2   2   2 |     AGG   1   1   1   1   1   1
--------------------------------------------------------------------------------------------------------------------------------------
Val GTT   0   0   0   0   0   0 | Ala GCT   1   1   1   1   1   1 | Asp GAT   0   0   0   0   0   0 | Gly GGT   0   0   0   0   0   0
    GTC   0   0   0   0   0   0 |     GCC   2   2   2   2   2   2 |     GAC   0   0   0   0   0   0 |     GGC   0   0   0   0   0   0
    GTA   0   0   0   0   0   0 |     GCA   0   0   0   0   0   0 | Glu GAA   3   3   3   3   3   3 |     GGA   0   0   0   0   0   0
    GTG   0   0   0   0   0   0 |     GCG   0   0   0   0   0   0 |     GAG   0   0   0   0   0   0 |     GGG   0   0   0   0   0   0
--------------------------------------------------------------------------------------------------------------------------------------

--------------------------------------------------------------------------------------------------------------------------------------
Phe TTT   0   0   0   0   0   0 | Ser TCT   0   0   0   0   0   0 | Tyr TAT   0   0   0   0   0   0 | Cys TGT   0   0   0   0   0   0
    TTC   0   0   0   0   0   0 |     TCC   0   0   0   0   0   0 |     TAC   0   0   0   0   0   0 |     TGC   0   0   0   0   0   0
Leu TTA   0   0   0   0   0   0 |     TCA   0   0   0   0   0   0 | *** TAA   0   0   0   0   0   0 | *** TGA   0   0   0   0   0   0
    TTG   0   0   0   0   0   0 |     TCG   0   0   0   0   0   0 |     TAG   0   0   0   0   0   0 | Trp TGG   0   0   0   0   0   0
--------------------------------------------------------------------------------------------------------------------------------------
Leu CTT   0   0   0   0   0   0 | Pro CCT   0   0   0   0   0   0 | His CAT   0   0   0   0   0   0 | Arg CGT   0   0   0   0   0   0
    CTC   0   0   0   0   0   0 |     CCC   0   0   0   0   0   0 |     CAC   0   0   0   0   0   0 |     CGC   0   0   0   0   0   0
    CTA   0   0   0   0   0   0 |     CCA   0   0   0   0   0   0 | Gln CAA   0   0   0   0   0   0 |     CGA   0   0   0   0   0   0
    CTG   1   1   1   1   1   1 |     CCG   0   0   0   0   0   0 |     CAG   2   2   2   2   2   2 |     CGG   1   1   1   1   1   1
--------------------------------------------------------------------------------------------------------------------------------------
Ile ATT   0   0   0   0   0   0 | Thr ACT   0   0   0   0   0   0 | Asn AAT   0   0   0   0   0   0 | Ser AGT   0   0   0   0   0   0
    ATC   0   0   0   0   0   0 |     ACC   0   0   0   0   0   0 |     AAC   1   1   1   1   1   1 |     AGC   0   0   0   0   0   0
    ATA   0   0   0   0   0   0 |     ACA   0   0   0   0   0   0 | Lys AAA   1   1   1   1   1   1 | Arg AGA   0   0   0   0   0   0
Met ATG   0   0   0   0   0   0 |     ACG   0   0   0   0   0   0 |     AAG   2   2   2   2   2   2 |     AGG   1   1   1   1   1   1
--------------------------------------------------------------------------------------------------------------------------------------
Val GTT   0   0   0   0   0   0 | Ala GCT   1   1   1   1   1   1 | Asp GAT   0   0   0   0   0   0 | Gly GGT   0   0   0   0   0   0
    GTC   0   0   0   0   0   0 |     GCC   2   2   2   2   2   2 |     GAC   0   0   0   0   0   0 |     GGC   0   0   0   0   0   0
    GTA   0   0   0   0   0   0 |     GCA   0   0   0   0   0   0 | Glu GAA   3   3   3   3   3   3 |     GGA   0   0   0   0   0   0
    GTG   0   0   0   0   0   0 |     GCG   0   0   0   0   0   0 |     GAG   0   0   0   0   0   0 |     GGG   0   0   0   0   0   0
--------------------------------------------------------------------------------------------------------------------------------------

--------------------------------------------------------------------------------------------------------------------------------------
Phe TTT   0   0   0   0   0   0 | Ser TCT   0   0   0   0   0   0 | Tyr TAT   0   0   0   0   0   0 | Cys TGT   0   0   0   0   0   0
    TTC   0   0   0   0   0   0 |     TCC   0   0   0   0   0   0 |     TAC   0   0   0   0   0   0 |     TGC   0   0   0   0   0   0
Leu TTA   0   0   0   0   0   0 |     TCA   0   0   0   0   0   0 | *** TAA   0   0   0   0   0   0 | *** TGA   0   0   0   0   0   0
    TTG   0   0   0   0   0   0 |     TCG   0   0   0   0   0   0 |     TAG   0   0   0   0   0   0 | Trp TGG   0   0   0   0   0   0
--------------------------------------------------------------------------------------------------------------------------------------
Leu CTT   0   0   0   0   0   0 | Pro CCT   0   0   0   0   0   0 | His CAT   0   0   0   0   0   0 | Arg CGT   0   0   0   0   0   0
    CTC   0   0   0   0   0   0 |     CCC   0   0   0   0   0   0 |     CAC   0   0   0   0   0   0 |     CGC   0   0   0   0   0   0
    CTA   0   0   0   0   0   0 |     CCA   0   0   0   0   0   0 | Gln CAA   0   0   0   0   0   0 |     CGA   0   0   0   0   0   0
    CTG   1   1   1   1   1   1 |     CCG   0   0   0   0   0   0 |     CAG   2   2   2   2   2   2 |     CGG   1   1   1   1   1   1
--------------------------------------------------------------------------------------------------------------------------------------
Ile ATT   0   0   0   0   0   0 | Thr ACT   0   0   0   0   0   0 | Asn AAT   0   0   0   0   0   0 | Ser AGT   0   0   0   0   0   0
    ATC   0   0   0   0   0   0 |     ACC   0   0   0   0   0   0 |     AAC   1   1   1   1   1   1 |     AGC   0   0   0   0   0   0
    ATA   0   0   0   0   0   0 |     ACA   0   0   0   0   0   0 | Lys AAA   1   1   1   1   1   1 | Arg AGA   0   0   0   0   0   0
Met ATG   0   0   0   0   0   0 |     ACG   0   0   0   0   0   0 |     AAG   2   2   2   2   2   2 |     AGG   1   1   1   1   1   1
--------------------------------------------------------------------------------------------------------------------------------------
Val GTT   0   0   0   0   0   0 | Ala GCT   1   1   1   1   1   1 | Asp GAT   0   0   0   0   0   0 | Gly GGT   0   0   0   0   0   0
    GTC   0   0   0   0   0   0 |     GCC   2   2   2   2   2   2 |     GAC   0   0   0   0   0   0 |     GGC   0   0   0   0   0   0
    GTA   0   0   0   0   0   0 |     GCA   0   0   0   0   0   0 | Glu GAA   3   3   3   3   3   3 |     GGA   0   0   0   0   0   0
    GTG   0   0   0   0   0   0 |     GCG   0   0   0   0   0   0 |     GAG   0   0   0   0   0   0 |     GGG   0   0   0   0   0   0
--------------------------------------------------------------------------------------------------------------------------------------

--------------------------------------------------------------------------------------------------------------------------------------
Phe TTT   0   0   0   0   0   0 | Ser TCT   0   0   0   0   0   0 | Tyr TAT   0   0   0   0   0   0 | Cys TGT   0   0   0   0   0   0
    TTC   0   0   0   0   0   0 |     TCC   0   0   0   0   0   0 |     TAC   0   0   0   0   0   0 |     TGC   0   0   0   0   0   0
Leu TTA   0   0   0   0   0   0 |     TCA   0   0   0   0   0   0 | *** TAA   0   0   0   0   0   0 | *** TGA   0   0   0   0   0   0
    TTG   1   1   0   0   0   0 |     TCG   0   0   0   0   0   0 |     TAG   0   0   0   0   0   0 | Trp TGG   0   0   0   0   0   0
--------------------------------------------------------------------------------------------------------------------------------------
Leu CTT   0   0   0   0   0   0 | Pro CCT   0   0   0   0   0   0 | His CAT   0   0   0   0   0   0 | Arg CGT   0   0   0   0   0   0
    CTC   0   0   0   0   0   0 |     CCC   0   0   0   0   0   0 |     CAC   0   0   0   0   0   0 |     CGC   0   0   0   0   0   0
    CTA   0   0   0   0   0   0 |     CCA   0   0   0   0   0   0 | Gln CAA   0   0   0   0   0   0 |     CGA   0   0   0   0   0   0
    CTG   0   0   1   1   1   1 |     CCG   0   0   0   0   0   0 |     CAG   2   2   2   2   2   2 |     CGG   1   1   1   1   1   1
--------------------------------------------------------------------------------------------------------------------------------------
Ile ATT   0   0   0   0   0   0 | Thr ACT   0   0   0   0   0   0 | Asn AAT   0   0   0   0   0   0 | Ser AGT   0   0   0   0   0   0
    ATC   0   0   0   0   0   0 |     ACC   0   0   0   0   0   0 |     AAC   1   1   1   1   1   1 |     AGC   0   0   0   0   0   0
    ATA   0   0   0   0   0   0 |     ACA   0   0   0   0   0   0 | Lys AAA   1   0   1   1   1   1 | Arg AGA   0   0   0   0   0   0
Met ATG   0   0   0   0   0   0 |     ACG   0   0   0   0   0   0 |     AAG   2   3   2   2   2   2 |     AGG   1   1   1   1   1   1
--------------------------------------------------------------------------------------------------------------------------------------
Val GTT   0   0   0   0   0   0 | Ala GCT   1   1   1   1   1   1 | Asp GAT   0   0   0   0   0   0 | Gly GGT   0   0   0   0   0   0
    GTC   0   0   0   0   0   0 |     GCC   2   2   2   2   2   2 |     GAC   0   0   0   0   0   0 |     GGC   0   0   0   0   0   0
    GTA   0   0   0   0   0   0 |     GCA   0   0   0   0   0   0 | Glu GAA   3   3   3   3   3   3 |     GGA   0   0   0   0   0   0
    GTG   0   0   0   0   0   0 |     GCG   0   0   0   0   0   0 |     GAG   0   0   0   0   0   0 |     GGG   0   0   0   0   0   0
--------------------------------------------------------------------------------------------------------------------------------------

--------------------------------------------------------------------------------------------------------------------------------------
Phe TTT   0   0   0   0   0   0 | Ser TCT   0   0   0   0   0   0 | Tyr TAT   0   0   0   0   0   0 | Cys TGT   0   0   0   0   0   0
    TTC   0   0   0   0   0   0 |     TCC   0   0   0   0   0   0 |     TAC   0   0   0   0   0   0 |     TGC   0   0   0   0   0   0
Leu TTA   0   0   0   0   0   0 |     TCA   0   0   0   0   0   0 | *** TAA   0   0   0   0   0   0 | *** TGA   0   0   0   0   0   0
    TTG   0   0   1   0   0   0 |     TCG   0   0   0   0   0   0 |     TAG   0   0   0   0   0   0 | Trp TGG   0   0   0   0   0   0
--------------------------------------------------------------------------------------------------------------------------------------
Leu CTT   0   0   0   0   0   0 | Pro CCT   0   0   0   0   0   0 | His CAT   0   0   0   0   0   0 | Arg CGT   0   0   0   0   0   0
    CTC   0   0   0   0   0   0 |     CCC   0   0   0   0   0   0 |     CAC   0   0   0   0   0   0 |     CGC   0   0   0   0   0   0
    CTA   0   0   0   0   0   0 |     CCA   0   0   0   0   0   0 | Gln CAA   0   0   0   0   0   0 |     CGA   0   0   0   0   0   0
    CTG   1   1   0   1   1   1 |     CCG   0   0   0   0   0   0 |     CAG   2   2   2   2   2   2 |     CGG   1   1   1   1   1   1
--------------------------------------------------------------------------------------------------------------------------------------
Ile ATT   0   0   0   0   0   0 | Thr ACT   0   0   0   0   0   0 | Asn AAT   0   0   0   0   0   0 | Ser AGT   0   0   0   0   0   0
    ATC   0   0   0   0   0   0 |     ACC   0   0   0   0   0   0 |     AAC   1   1   1   1   1   1 |     AGC   0   0   0   0   0   0
    ATA   0   0   0   0   0   0 |     ACA   0   0   0   0   0   0 | Lys AAA   1   1   1   1   1   1 | Arg AGA   0   0   0   0   0   0
Met ATG   0   0   0   0   0   0 |     ACG   0   0   0   0   0   0 |     AAG   2   2   2   2   2   2 |     AGG   1   1   1   1   1   1
--------------------------------------------------------------------------------------------------------------------------------------
Val GTT   0   0   0   0   0   0 | Ala GCT   1   1   1   1   1   1 | Asp GAT   0   0   0   0   0   0 | Gly GGT   0   0   0   0   0   0
    GTC   0   0   0   0   0   0 |     GCC   2   2   2   2   2   2 |     GAC   0   0   0   0   0   0 |     GGC   0   0   0   0   0   0
    GTA   0   0   0   0   0   0 |     GCA   0   0   0   0   0   0 | Glu GAA   3   3   3   3   3   3 |     GGA   0   0   0   0   0   0
    GTG   0   0   0   0   0   0 |     GCG   0   0   0   0   0   0 |     GAG   0   0   0   0   0   0 |     GGG   0   0   0   0   0   0
--------------------------------------------------------------------------------------------------------------------------------------

--------------------------------------------------------------------------------------------------------------------------------------
Phe TTT   0   0   0   0   0   0 | Ser TCT   0   0   0   0   0   0 | Tyr TAT   0   0   0   0   0   0 | Cys TGT   0   0   0   0   0   0
    TTC   0   0   0   0   0   0 |     TCC   0   0   0   0   0   0 |     TAC   0   0   0   0   0   0 |     TGC   0   0   0   0   0   0
Leu TTA   0   0   0   0   0   0 |     TCA   0   0   0   0   0   0 | *** TAA   0   0   0   0   0   0 | *** TGA   0   0   0   0   0   0
    TTG   0   0   0   0   0   1 |     TCG   0   0   0   0   0   0 |     TAG   0   0   0   0   0   0 | Trp TGG   0   0   0   0   0   0
--------------------------------------------------------------------------------------------------------------------------------------
Leu CTT   0   0   0   0   0   0 | Pro CCT   0   0   0   0   0   0 | His CAT   0   0   0   0   0   0 | Arg CGT   0   0   0   0   0   0
    CTC   0   0   0   0   0   0 |     CCC   0   0   0   0   0   0 |     CAC   0   0   0   1   0   0 |     CGC   1   0   0   0   0   0
    CTA   0   0   0   0   0   0 |     CCA   0   0   0   0   0   0 | Gln CAA   0   0   0   0   0   0 |     CGA   0   0   0   0   0   0
    CTG   1   1   1   1   1   0 |     CCG   0   0   0   0   0   0 |     CAG   2   2   2   2   2   2 |     CGG   0   1   1   1   1   1
--------------------------------------------------------------------------------------------------------------------------------------
Ile ATT   0   0   0   0   0   0 | Thr ACT   0   0   0   0   0   0 | Asn AAT   0   0   0   0   0   0 | Ser AGT   0   0   0   0   0   0
    ATC   0   0   0   0   0   0 |     ACC   0   0   0   0   0   0 |     AAC   1   1   1   0   1   1 |     AGC   0   0   0   0   0   0
    ATA   0   0   0   0   0   0 |     ACA   0   0   0   0   0   0 | Lys AAA   1   1   1   1   2   1 | Arg AGA   0   0   0   0   0   0
Met ATG   0   0   0   0   0   0 |     ACG   0   0   0   0   0   0 |     AAG   2   2   2   2   1   2 |     AGG   1   1   1   1   1   1
--------------------------------------------------------------------------------------------------------------------------------------
Val GTT   0   0   0   0   0   0 | Ala GCT   1   2   1   1   1   1 | Asp GAT   0   0   0   0   0   0 | Gly GGT   0   0   0   0   0   0
    GTC   0   0   0   0   0   0 |     GCC   2   1   2   2   2   2 |     GAC   0   0   0   0   0   0 |     GGC   0   0   0   0   0   0
    GTA   0   0   0   0   0   0 |     GCA   0   0   0   0   0   0 | Glu GAA   3   3   3   3   3   3 |     GGA   0   0   0   0   0   0
    GTG   0   0   0   0   0   0 |     GCG   0   0   0   0   0   0 |     GAG   0   0   0   0   0   0 |     GGG   0   0   0   0   0   0
--------------------------------------------------------------------------------------------------------------------------------------

--------------------------------------------------------------------------------------------------------------------------------------
Phe TTT   0   0   0   0   0   0 | Ser TCT   0   0   0   0   0   0 | Tyr TAT   0   0   0   0   0   0 | Cys TGT   0   0   0   0   0   0
    TTC   0   0   0   0   0   0 |     TCC   0   0   0   0   0   0 |     TAC   0   0   0   0   0   0 |     TGC   0   0   0   0   0   0
Leu TTA   0   0   0   0   0   0 |     TCA   0   0   0   0   0   0 | *** TAA   0   0   0   0   0   0 | *** TGA   0   0   0   0   0   0
    TTG   1   0   1   1   0   0 |     TCG   0   0   0   0   0   0 |     TAG   0   0   0   0   0   0 | Trp TGG   0   0   0   0   0   0
--------------------------------------------------------------------------------------------------------------------------------------
Leu CTT   0   0   0   0   0   0 | Pro CCT   0   0   0   0   0   0 | His CAT   0   0   0   0   0   0 | Arg CGT   0   0   0   0   0   0
    CTC   0   0   0   0   0   0 |     CCC   0   0   0   0   0   0 |     CAC   0   0   0   0   0   0 |     CGC   0   0   0   0   0   0
    CTA   0   0   0   0   0   0 |     CCA   0   0   0   0   0   0 | Gln CAA   0   0   0   0   0   0 |     CGA   0   0   0   0   0   0
    CTG   0   1   0   0   1   1 |     CCG   0   0   0   0   0   0 |     CAG   2   2   2   2   2   2 |     CGG   1   1   1   1   1   1
--------------------------------------------------------------------------------------------------------------------------------------
Ile ATT   0   0   0   0   0   0 | Thr ACT   0   0   0   0   0   0 | Asn AAT   0   0   0   0   0   0 | Ser AGT   0   0   0   0   0   0
    ATC   0   0   0   0   0   0 |     ACC   0   0   0   0   0   0 |     AAC   1   1   1   1   1   1 |     AGC   0   0   0   0   0   0
    ATA   0   0   0   0   0   0 |     ACA   0   0   0   0   0   0 | Lys AAA   1   1   1   0   1   1 | Arg AGA   0   0   0   0   0   0
Met ATG   0   0   0   0   0   0 |     ACG   0   0   0   0   0   0 |     AAG   2   2   2   3   2   2 |     AGG   1   1   1   1   1   1
--------------------------------------------------------------------------------------------------------------------------------------
Val GTT   0   0   0   0   0   0 | Ala GCT   1   1   1   1   2   1 | Asp GAT   0   0   0   0   0   0 | Gly GGT   0   0   0   0   0   0
    GTC   0   0   0   0   0   0 |     GCC   2   2   2   2   1   2 |     GAC   0   0   0   0   0   0 |     GGC   0   0   0   0   0   0
    GTA   0   0   0   0   0   0 |     GCA   0   0   0   0   0   0 | Glu GAA   3   3   3   3   3   3 |     GGA   0   0   0   0   0   0
    GTG   0   0   0   0   0   0 |     GCG   0   0   0   0   0   0 |     GAG   0   0   0   0   0   0 |     GGG   0   0   0   0   0   0
--------------------------------------------------------------------------------------------------------------------------------------

--------------------------------------------------------------------------------------------------------------------------------------
Phe TTT   0   0   0   0   0   0 | Ser TCT   0   0   0   0   0   0 | Tyr TAT   0   0   0   0   0   0 | Cys TGT   0   0   0   0   0   0
    TTC   0   0   0   0   0   0 |     TCC   0   0   0   0   0   0 |     TAC   0   0   0   0   0   0 |     TGC   0   0   0   0   0   0
Leu TTA   0   0   0   0   0   0 |     TCA   0   0   0   0   0   0 | *** TAA   0   0   0   0   0   0 | *** TGA   0   0   0   0   0   0
    TTG   0   0   0   0   0   0 |     TCG   0   0   0   0   0   0 |     TAG   0   0   0   0   0   0 | Trp TGG   0   0   0   0   0   0
--------------------------------------------------------------------------------------------------------------------------------------
Leu CTT   0   0   0   0   0   0 | Pro CCT   0   0   0   0   0   0 | His CAT   0   0   0   0   0   0 | Arg CGT   0   0   0   0   0   0
    CTC   0   0   0   0   0   0 |     CCC   0   0   0   0   0   0 |     CAC   0   0   0   0   0   0 |     CGC   0   0   0   0   0   0
    CTA   0   0   0   0   0   0 |     CCA   0   0   0   0   0   0 | Gln CAA   0   0   0   0   0   0 |     CGA   0   0   0   0   0   0
    CTG   1   1   1   1   1   1 |     CCG   0   0   0   0   0   0 |     CAG   2   2   2   2   2   2 |     CGG   1   1   1   1   1   1
--------------------------------------------------------------------------------------------------------------------------------------
Ile ATT   0   0   0   0   0   0 | Thr ACT   0   0   0   0   0   0 | Asn AAT   0   0   0   0   0   0 | Ser AGT   0   0   0   0   0   0
    ATC   0   0   0   0   0   0 |     ACC   0   0   0   0   0   0 |     AAC   1   1   1   1   1   1 |     AGC   0   0   0   0   0   0
    ATA   0   0   0   0   0   0 |     ACA   0   0   0   0   0   0 | Lys AAA   1   1   1   1   1   1 | Arg AGA   0   0   0   0   0   0
Met ATG   0   0   0   0   0   0 |     ACG   0   0   0   0   0   0 |     AAG   2   2   2   2   2   2 |     AGG   1   1   1   1   1   1
--------------------------------------------------------------------------------------------------------------------------------------
Val GTT   0   0   0   0   0   0 | Ala GCT   1   1   1   1   1   1 | Asp GAT   0   0   0   0   0   0 | Gly GGT   0   0   0   0   0   0
    GTC   0   0   0   0   0   0 |     GCC   2   2   2   1   2   2 |     GAC   0   0   0   0   0   0 |     GGC   0   0   0   0   0   0
    GTA   0   0   0   0   0   0 |     GCA   0   0   0   0   0   0 | Glu GAA   3   3   3   3   3   3 |     GGA   0   0   0   0   0   0
    GTG   0   0   0   0   0   0 |     GCG   0   0   0   1   0   0 |     GAG   0   0   0   0   0   0 |     GGG   0   0   0   0   0   0
--------------------------------------------------------------------------------------------------------------------------------------

Codon position x base (3x4) table for each sequence.

#1: Argali         
position  1:    T:0.00000    C:0.26667    A:0.33333    G:0.40000
position  2:    T:0.06667    C:0.20000    A:0.60000    G:0.13333
position  3:    T:0.06667    C:0.20000    A:0.26667    G:0.46667
Average         T:0.04444    C:0.22222    A:0.40000    G:0.33333

#2: LesserMouseDeer
position  1:    T:0.00000    C:0.26667    A:0.33333    G:0.40000
position  2:    T:0.06667    C:0.20000    A:0.60000    G:0.13333
position  3:    T:0.06667    C:0.20000    A:0.26667    G:0.46667
Average         T:0.04444    C:0.22222    A:0.40000    G:0.33333

#3: LesserKudu     
position  1:    T:0.00000    C:0.26667    A:0.33333    G:0.40000
position  2:    T:0.06667    C:0.20000    A:0.60000    G:0.13333
position  3:    T:0.06667    C:0.20000    A:0.26667    G:0.46667
Average         T:0.04444    C:0.22222    A:0.40000    G:0.33333

#4: ForestMuskDeer2
position  1:    T:0.00000    C:0.26667    A:0.33333    G:0.40000
position  2:    T:0.06667    C:0.20000    A:0.60000    G:0.13333
position  3:    T:0.06667    C:0.13333    A:0.26667    G:0.53333
Average         T:0.04444    C:0.20000    A:0.40000    G:0.35556

#5: Camel          
position  1:    T:0.00000    C:0.26667    A:0.33333    G:0.40000
position  2:    T:0.06667    C:0.20000    A:0.60000    G:0.13333
position  3:    T:0.06667    C:0.20000    A:0.26667    G:0.46667
Average         T:0.04444    C:0.22222    A:0.40000    G:0.33333

#6: KillerWhale    
position  1:    T:0.00000    C:0.26667    A:0.33333    G:0.40000
position  2:    T:0.06667    C:0.20000    A:0.60000    G:0.13333
position  3:    T:0.06667    C:0.20000    A:0.26667    G:0.46667
Average         T:0.04444    C:0.22222    A:0.40000    G:0.33333

#7: DefassaWaterbuck
position  1:    T:0.00000    C:0.33333    A:0.26667    G:0.40000
position  2:    T:0.06667    C:0.20000    A:0.60000    G:0.13333
position  3:    T:0.06667    C:0.20000    A:0.26667    G:0.46667
Average         T:0.04444    C:0.24444    A:0.37778    G:0.33333

#8: Sheep          
position  1:    T:0.00000    C:0.26667    A:0.33333    G:0.40000
position  2:    T:0.06667    C:0.20000    A:0.60000    G:0.13333
position  3:    T:0.06667    C:0.20000    A:0.26667    G:0.46667
Average         T:0.04444    C:0.22222    A:0.40000    G:0.33333

#9: MaxwellsDuiker 
position  1:    T:0.00000    C:0.26667    A:0.33333    G:0.40000
position  2:    T:0.06667    C:0.20000    A:0.60000    G:0.13333
position  3:    T:0.06667    C:0.20000    A:0.26667    G:0.46667
Average         T:0.04444    C:0.22222    A:0.40000    G:0.33333

#10: GazellaPrzewalskyi
position  1:    T:0.00000    C:0.26667    A:0.33333    G:0.40000
position  2:    T:0.06667    C:0.20000    A:0.60000    G:0.13333
position  3:    T:0.06667    C:0.20000    A:0.26667    G:0.46667
Average         T:0.04444    C:0.22222    A:0.40000    G:0.33333

#11: MountainNyala  
position  1:    T:0.00000    C:0.26667    A:0.33333    G:0.40000
position  2:    T:0.06667    C:0.20000    A:0.60000    G:0.13333
position  3:    T:0.06667    C:0.20000    A:0.26667    G:0.46667
Average         T:0.04444    C:0.22222    A:0.40000    G:0.33333

#12: MuntiacusMuntjak
position  1:    T:0.06667    C:0.20000    A:0.33333    G:0.40000
position  2:    T:0.06667    C:0.20000    A:0.60000    G:0.13333
position  3:    T:0.06667    C:0.20000    A:0.26667    G:0.46667
Average         T:0.06667    C:0.20000    A:0.40000    G:0.33333

#13: goat           
position  1:    T:0.00000    C:0.26667    A:0.33333    G:0.40000
position  2:    T:0.06667    C:0.20000    A:0.60000    G:0.13333
position  3:    T:0.06667    C:0.20000    A:0.26667    G:0.46667
Average         T:0.04444    C:0.22222    A:0.40000    G:0.33333

#14: AfricanBuffalo 
position  1:    T:0.00000    C:0.26667    A:0.33333    G:0.40000
position  2:    T:0.06667    C:0.20000    A:0.60000    G:0.13333
position  3:    T:0.06667    C:0.20000    A:0.26667    G:0.46667
Average         T:0.04444    C:0.22222    A:0.40000    G:0.33333

#15: Topi           
position  1:    T:0.00000    C:0.26667    A:0.33333    G:0.40000
position  2:    T:0.06667    C:0.20000    A:0.60000    G:0.13333
position  3:    T:0.06667    C:0.20000    A:0.26667    G:0.46667
Average         T:0.04444    C:0.22222    A:0.40000    G:0.33333

#16: CommonDuiker   
position  1:    T:0.00000    C:0.26667    A:0.33333    G:0.40000
position  2:    T:0.06667    C:0.20000    A:0.60000    G:0.13333
position  3:    T:0.06667    C:0.20000    A:0.26667    G:0.46667
Average         T:0.04444    C:0.22222    A:0.40000    G:0.33333

#17: Suni           
position  1:    T:0.00000    C:0.26667    A:0.33333    G:0.40000
position  2:    T:0.06667    C:0.20000    A:0.60000    G:0.13333
position  3:    T:0.06667    C:0.20000    A:0.26667    G:0.46667
Average         T:0.04444    C:0.22222    A:0.40000    G:0.33333

#18: Springbuck     
position  1:    T:0.00000    C:0.26667    A:0.33333    G:0.40000
position  2:    T:0.06667    C:0.20000    A:0.60000    G:0.13333
position  3:    T:0.06667    C:0.20000    A:0.26667    G:0.46667
Average         T:0.04444    C:0.22222    A:0.40000    G:0.33333

#19: Okapi          
position  1:    T:0.00000    C:0.26667    A:0.33333    G:0.40000
position  2:    T:0.06667    C:0.20000    A:0.60000    G:0.13333
position  3:    T:0.06667    C:0.20000    A:0.26667    G:0.46667
Average         T:0.04444    C:0.22222    A:0.40000    G:0.33333

#20: Giraffe        
position  1:    T:0.00000    C:0.26667    A:0.33333    G:0.40000
position  2:    T:0.06667    C:0.20000    A:0.60000    G:0.13333
position  3:    T:0.06667    C:0.20000    A:0.26667    G:0.46667
Average         T:0.04444    C:0.22222    A:0.40000    G:0.33333

#21: TibetanAntelope
position  1:    T:0.00000    C:0.26667    A:0.33333    G:0.40000
position  2:    T:0.06667    C:0.20000    A:0.60000    G:0.13333
position  3:    T:0.06667    C:0.20000    A:0.26667    G:0.46667
Average         T:0.04444    C:0.22222    A:0.40000    G:0.33333

#22: Sitatunga      
position  1:    T:0.00000    C:0.26667    A:0.33333    G:0.40000
position  2:    T:0.06667    C:0.20000    A:0.60000    G:0.13333
position  3:    T:0.06667    C:0.20000    A:0.26667    G:0.46667
Average         T:0.04444    C:0.22222    A:0.40000    G:0.33333

#23: Oribi          
position  1:    T:0.00000    C:0.26667    A:0.33333    G:0.40000
position  2:    T:0.06667    C:0.20000    A:0.60000    G:0.13333
position  3:    T:0.06667    C:0.20000    A:0.26667    G:0.46667
Average         T:0.04444    C:0.22222    A:0.40000    G:0.33333

#24: BarbarySheep   
position  1:    T:0.00000    C:0.26667    A:0.33333    G:0.40000
position  2:    T:0.06667    C:0.20000    A:0.60000    G:0.13333
position  3:    T:0.06667    C:0.20000    A:0.26667    G:0.46667
Average         T:0.04444    C:0.22222    A:0.40000    G:0.33333

#25: Daviddeer      
position  1:    T:0.06667    C:0.20000    A:0.33333    G:0.40000
position  2:    T:0.06667    C:0.20000    A:0.60000    G:0.13333
position  3:    T:0.06667    C:0.20000    A:0.26667    G:0.46667
Average         T:0.06667    C:0.20000    A:0.40000    G:0.33333

#26: Reindeer       
position  1:    T:0.06667    C:0.20000    A:0.33333    G:0.40000
position  2:    T:0.06667    C:0.20000    A:0.60000    G:0.13333
position  3:    T:0.06667    C:0.20000    A:0.20000    G:0.53333
Average         T:0.06667    C:0.20000    A:0.37778    G:0.35556

#27: Ibex           
position  1:    T:0.00000    C:0.26667    A:0.33333    G:0.40000
position  2:    T:0.06667    C:0.20000    A:0.60000    G:0.13333
position  3:    T:0.06667    C:0.20000    A:0.26667    G:0.46667
Average         T:0.04444    C:0.22222    A:0.40000    G:0.33333

#28: GyrantGazelle  
position  1:    T:0.00000    C:0.26667    A:0.33333    G:0.40000
position  2:    T:0.06667    C:0.20000    A:0.60000    G:0.13333
position  3:    T:0.06667    C:0.20000    A:0.26667    G:0.46667
Average         T:0.04444    C:0.22222    A:0.40000    G:0.33333

#29: Hartebeest     
position  1:    T:0.00000    C:0.26667    A:0.33333    G:0.40000
position  2:    T:0.06667    C:0.20000    A:0.60000    G:0.13333
position  3:    T:0.06667    C:0.20000    A:0.26667    G:0.46667
Average         T:0.04444    C:0.22222    A:0.40000    G:0.33333

#30: Bongo          
position  1:    T:0.00000    C:0.26667    A:0.33333    G:0.40000
position  2:    T:0.06667    C:0.20000    A:0.60000    G:0.13333
position  3:    T:0.06667    C:0.20000    A:0.26667    G:0.46667
Average         T:0.04444    C:0.22222    A:0.40000    G:0.33333

#31: Gerenuk        
position  1:    T:0.00000    C:0.26667    A:0.33333    G:0.40000
position  2:    T:0.06667    C:0.20000    A:0.60000    G:0.13333
position  3:    T:0.06667    C:0.20000    A:0.26667    G:0.46667
Average         T:0.04444    C:0.22222    A:0.40000    G:0.33333

#32: CommonEland    
position  1:    T:0.00000    C:0.26667    A:0.33333    G:0.40000
position  2:    T:0.06667    C:0.20000    A:0.60000    G:0.13333
position  3:    T:0.06667    C:0.20000    A:0.26667    G:0.46667
Average         T:0.04444    C:0.22222    A:0.40000    G:0.33333

#33: MuntiacusReevesi
position  1:    T:0.06667    C:0.20000    A:0.33333    G:0.40000
position  2:    T:0.06667    C:0.20000    A:0.60000    G:0.13333
position  3:    T:0.06667    C:0.20000    A:0.26667    G:0.46667
Average         T:0.06667    C:0.20000    A:0.40000    G:0.33333

#34: HarveysDuiker  
position  1:    T:0.00000    C:0.26667    A:0.33333    G:0.40000
position  2:    T:0.06667    C:0.20000    A:0.60000    G:0.13333
position  3:    T:0.06667    C:0.20000    A:0.26667    G:0.46667
Average         T:0.04444    C:0.22222    A:0.40000    G:0.33333

#35: Pronghorn      
position  1:    T:0.00000    C:0.26667    A:0.33333    G:0.40000
position  2:    T:0.06667    C:0.20000    A:0.60000    G:0.13333
position  3:    T:0.06667    C:0.20000    A:0.26667    G:0.46667
Average         T:0.04444    C:0.22222    A:0.40000    G:0.33333

#36: BlueWildebeest 
position  1:    T:0.00000    C:0.26667    A:0.33333    G:0.40000
position  2:    T:0.06667    C:0.20000    A:0.60000    G:0.13333
position  3:    T:0.06667    C:0.20000    A:0.26667    G:0.46667
Average         T:0.04444    C:0.22222    A:0.40000    G:0.33333

#37: Gemsbok        
position  1:    T:0.00000    C:0.26667    A:0.33333    G:0.40000
position  2:    T:0.06667    C:0.20000    A:0.60000    G:0.13333
position  3:    T:0.06667    C:0.26667    A:0.26667    G:0.40000
Average         T:0.04444    C:0.24444    A:0.40000    G:0.31111

#38: Yak            
position  1:    T:0.00000    C:0.26667    A:0.33333    G:0.40000
position  2:    T:0.06667    C:0.20000    A:0.60000    G:0.13333
position  3:    T:0.13333    C:0.13333    A:0.26667    G:0.46667
Average         T:0.06667    C:0.20000    A:0.40000    G:0.33333

#39: BlueSheep      
position  1:    T:0.00000    C:0.26667    A:0.33333    G:0.40000
position  2:    T:0.06667    C:0.20000    A:0.60000    G:0.13333
position  3:    T:0.06667    C:0.20000    A:0.26667    G:0.46667
Average         T:0.04444    C:0.22222    A:0.40000    G:0.33333

#40: BohorReedbuck  
position  1:    T:0.00000    C:0.33333    A:0.26667    G:0.40000
position  2:    T:0.06667    C:0.20000    A:0.60000    G:0.13333
position  3:    T:0.06667    C:0.20000    A:0.26667    G:0.46667
Average         T:0.04444    C:0.24444    A:0.37778    G:0.33333

#41: KirksDik       
position  1:    T:0.00000    C:0.26667    A:0.33333    G:0.40000
position  2:    T:0.06667    C:0.20000    A:0.60000    G:0.13333
position  3:    T:0.06667    C:0.20000    A:0.33333    G:0.40000
Average         T:0.04444    C:0.22222    A:0.42222    G:0.31111

#42: RoeDeer        
position  1:    T:0.06667    C:0.20000    A:0.33333    G:0.40000
position  2:    T:0.06667    C:0.20000    A:0.60000    G:0.13333
position  3:    T:0.06667    C:0.20000    A:0.26667    G:0.46667
Average         T:0.06667    C:0.20000    A:0.40000    G:0.33333

#43: WhiteLippedDeer
position  1:    T:0.06667    C:0.20000    A:0.33333    G:0.40000
position  2:    T:0.06667    C:0.20000    A:0.60000    G:0.13333
position  3:    T:0.06667    C:0.20000    A:0.26667    G:0.46667
Average         T:0.06667    C:0.20000    A:0.40000    G:0.33333

#44: ThomsonGazelle 
position  1:    T:0.00000    C:0.26667    A:0.33333    G:0.40000
position  2:    T:0.06667    C:0.20000    A:0.60000    G:0.13333
position  3:    T:0.06667    C:0.20000    A:0.26667    G:0.46667
Average         T:0.04444    C:0.22222    A:0.40000    G:0.33333

#45: MuntiacusCrinifrons
position  1:    T:0.06667    C:0.20000    A:0.33333    G:0.40000
position  2:    T:0.06667    C:0.20000    A:0.60000    G:0.13333
position  3:    T:0.06667    C:0.20000    A:0.26667    G:0.46667
Average         T:0.06667    C:0.20000    A:0.40000    G:0.33333

#46: WhiteTailedDeer
position  1:    T:0.06667    C:0.20000    A:0.33333    G:0.40000
position  2:    T:0.06667    C:0.20000    A:0.60000    G:0.13333
position  3:    T:0.06667    C:0.20000    A:0.20000    G:0.53333
Average         T:0.06667    C:0.20000    A:0.37778    G:0.35556

#47: Cattle         
position  1:    T:0.00000    C:0.26667    A:0.33333    G:0.40000
position  2:    T:0.06667    C:0.20000    A:0.60000    G:0.13333
position  3:    T:0.13333    C:0.13333    A:0.26667    G:0.46667
Average         T:0.06667    C:0.20000    A:0.40000    G:0.33333

#48: RoyalAntelope  
position  1:    T:0.00000    C:0.26667    A:0.33333    G:0.40000
position  2:    T:0.06667    C:0.20000    A:0.60000    G:0.13333
position  3:    T:0.06667    C:0.20000    A:0.26667    G:0.46667
Average         T:0.04444    C:0.22222    A:0.40000    G:0.33333

#49: Steenbok       
position  1:    T:0.00000    C:0.26667    A:0.33333    G:0.40000
position  2:    T:0.06667    C:0.20000    A:0.60000    G:0.13333
position  3:    T:0.06667    C:0.20000    A:0.26667    G:0.46667
Average         T:0.04444    C:0.22222    A:0.40000    G:0.33333

#50: Impala         
position  1:    T:0.00000    C:0.26667    A:0.33333    G:0.40000
position  2:    T:0.06667    C:0.20000    A:0.60000    G:0.13333
position  3:    T:0.06667    C:0.20000    A:0.26667    G:0.46667
Average         T:0.04444    C:0.22222    A:0.40000    G:0.33333

#51: Klipspringer   
position  1:    T:0.00000    C:0.26667    A:0.33333    G:0.40000
position  2:    T:0.06667    C:0.20000    A:0.60000    G:0.13333
