1
52 1
Argali 0.000000 0.245400 0.021900 0.117300 0.000200 0.000000 0.000100 0.066400 0.043700 0.021800 0.000100 0.069400 0.000100 0.000100 0.000100 0.000200 0.043300 0.090700 0.022100 0.021900 0.000200 0.000100 0.021800 0.021700 0.000100 0.022700 0.000100 0.021900 0.000200 0.021900 0.021600 0.022600 0.088300 0.000100 0.000100 0.021900 0.000100 0.000200 0.022900 0.043600 0.021800 0.022700 0.021800 0.044500 0.021900 0.021700 0.000400 0.021900 0.000200 0.044900 0.021900 0.021900
LesserMous 0.245400 0.000000 0.215000 0.208400 0.245100 0.245400 0.247900 0.205400 0.186200 0.239700 0.246200 0.280100 0.246200 0.247900 0.245400 0.238100 0.159700 0.217100 0.277100 0.215000 0.238100 0.246200 0.239000 0.238700 0.246200 0.272500 0.246200 0.215000 0.238100 0.215000 0.236900 0.305200 0.236000 0.246200 0.246200 0.215000 0.246200 0.245100 0.274000 0.264600 0.239700 0.272500 0.239700 0.268800 0.215000 0.201600 0.238000 0.217800 0.245800 0.246200 0.215000 0.215000
LesserKudu 0.021900 0.215000 0.000000 0.091500 0.021800 0.021900 0.022100 0.089800 0.021300 0.000400 0.021900 0.045300 0.021900 0.022100 0.021800 0.022300 0.021200 0.066600 0.044700 0.000000 0.022300 0.021900 0.000500 0.000300 0.021900 0.046000 0.021900 0.000000 0.022300 0.000000 0.000500 0.045700 0.064900 0.021900 0.021900 0.000000 0.021900 0.021800 0.046400 0.021300 0.000400 0.046000 0.000400 0.021700 0.000000 0.043900 0.022500 0.044200 0.021900 0.022000 0.000000 0.000000
KillerWhal 0.117300 0.208400 0.091500 0.000000 0.117100 0.117300 0.118800 0.140600 0.114400 0.091400 0.117700 0.095500 0.117700 0.118800 0.117300 0.118900 0.113700 0.168100 0.144200 0.091500 0.118900 0.117700 0.091000 0.091100 0.117700 0.147300 0.117700 0.091500 0.118900 0.091500 0.090100 0.165400 0.162300 0.117700 0.117700 0.091500 0.117700 0.117100 0.148600 0.114500 0.091400 0.147300 0.091400 0.116300 0.091500 0.141300 0.119400 0.144000 0.117500 0.118500 0.091500 0.091500
DefassaWat 0.000200 0.245100 0.021800 0.117100 0.000000 0.000200 0.000200 0.066200 0.043600 0.021800 0.000100 0.069300 0.000100 0.000200 0.000200 0.000300 0.043200 0.090600 0.022000 0.021800 0.000300 0.000100 0.021700 0.021700 0.000100 0.022700 0.000100 0.021800 0.000300 0.021800 0.021500 0.022600 0.088100 0.000100 0.000100 0.021800 0.000100 0.000000 0.022800 0.043500 0.021800 0.022700 0.021800 0.044400 0.021800 0.021600 0.000400 0.021800 0.000300 0.044800 0.021800 0.021800
Sheep 0.000000 0.245400 0.021900 0.117300 0.000200 0.000000 0.000100 0.066400 0.043700 0.021800 0.000100 0.069400 0.000100 0.000100 0.000100 0.000200 0.043300 0.090700 0.022100 0.021900 0.000200 0.000100 0.021800 0.021700 0.000100 0.022700 0.000100 0.021900 0.000200 0.021900 0.021600 0.022600 0.088300 0.000100 0.000100 0.021900 0.000100 0.000200 0.022900 0.043600 0.021800 0.022700 0.021800 0.044500 0.021900 0.021700 0.000400 0.021900 0.000200 0.044900 0.021900 0.021900
MaxwellsDu 0.000100 0.247900 0.022100 0.118800 0.000200 0.000100 0.000000 0.067200 0.044200 0.022000 0.000100 0.070200 0.000100 0.000000 0.000100 0.000200 0.043900 0.092000 0.022400 0.022100 0.000200 0.000100 0.022000 0.022000 0.000100 0.023000 0.000100 0.022100 0.000200 0.022100 0.021800 0.022900 0.089300 0.000100 0.000100 0.022100 0.000100 0.000200 0.023200 0.044100 0.022000 0.023000 0.022000 0.045000 0.022100 0.022000 0.000200 0.022100 0.000200 0.045400 0.022100 0.022100
GazellaPrz 0.066400 0.205400 0.089800 0.140600 0.066200 0.066400 0.067200 0.000000 0.112400 0.111700 0.066700 0.142600 0.066700 0.067200 0.066400 0.066800 0.064700 0.113700 0.090700 0.089800 0.066800 0.066700 0.111300 0.111500 0.066700 0.091600 0.066700 0.089800 0.066800 0.089800 0.110400 0.092800 0.110900 0.066700 0.066700 0.089800 0.066700 0.066200 0.092700 0.134400 0.111700 0.091600 0.111700 0.137100 0.089800 0.043000 0.067400 0.089200 0.066500 0.115000 0.089800 0.089800
MountainNy 0.043700 0.186200 0.021300 0.114400 0.043600 0.043700 0.044200 0.112400 0.000000 0.021100 0.043800 0.068000 0.043800 0.044200 0.043600 0.044600 0.021000 0.066200 0.067000 0.021300 0.044600 0.043800 0.021000 0.021100 0.043800 0.068900 0.043800 0.021300 0.044600 0.021300 0.020700 0.068500 0.086700 0.043800 0.043800 0.021300 0.043800 0.043600 0.069400 0.042600 0.021100 0.068900 0.021100 0.043400 0.020600 0.065800 0.044900 0.066200 0.043800 0.043900 0.021300 0.021300
MuntiacusM 0.021800 0.239700 0.000400 0.091400 0.021800 0.021800 0.022000 0.111700 0.021100 0.000000 0.021900 0.045000 0.021900 0.022000 0.021800 0.044100 0.020600 0.066300 0.044600 0.000400 0.044100 0.021900 0.000100 0.000100 0.021900 0.068300 0.021900 0.000400 0.044100 0.000400 0.000100 0.059000 0.064600 0.021900 0.021900 0.000400 0.021900 0.021800 0.068700 0.021000 0.000000 0.068300 0.000000 0.021300 0.000400 0.043600 0.044200 0.044000 0.021900 0.021900 0.000400 0.000400
goat 0.000100 0.246200 0.021900 0.117700 0.000100 0.000100 0.000100 0.066700 0.043800 0.021900 0.000000 0.069600 0.000000 0.000100 0.000100 0.000100 0.043400 0.091100 0.022100 0.021900 0.000100 0.000000 0.021800 0.021800 0.000000 0.022800 0.000000 0.021900 0.000100 0.021900 0.021600 0.022700 0.088600 0.000000 0.000000 0.021900 0.000000 0.000100 0.023000 0.043700 0.021900 0.022800 0.021900 0.044600 0.021900 0.021800 0.000300 0.021900 0.000100 0.045000 0.021900 0.021900
AfricanBuf 0.069400 0.280100 0.045300 0.095500 0.069300 0.069400 0.070200 0.142600 0.068000 0.045000 0.069600 0.000000 0.069600 0.070200 0.069400 0.071000 0.067000 0.068900 0.094500 0.045300 0.071000 0.069600 0.044900 0.044900 0.069600 0.072000 0.069600 0.045300 0.071000 0.045300 0.044500 0.096800 0.114300 0.069600 0.069600 0.045300 0.069600 0.069300 0.098400 0.067600 0.045000 0.072000 0.045000 0.068800 0.045300 0.092700 0.071400 0.093600 0.069600 0.022700 0.045300 0.045300
Topi 0.000100 0.246200 0.021900 0.117700 0.000100 0.000100 0.000100 0.066700 0.043800 0.021900 0.000000 0.069600 0.000000 0.000100 0.000100 0.000100 0.043400 0.091100 0.022100 0.021900 0.000100 0.000000 0.021800 0.021800 0.000000 0.022800 0.000000 0.021900 0.000100 0.021900 0.021600 0.022700 0.088600 0.000000 0.000000 0.021900 0.000000 0.000100 0.023000 0.043700 0.021900 0.022800 0.021900 0.044600 0.021900 0.021800 0.000300 0.021900 0.000100 0.045000 0.021900 0.021900
CommonDuik 0.000100 0.247900 0.022100 0.118800 0.000200 0.000100 0.000000 0.067200 0.044200 0.022000 0.000100 0.070200 0.000100 0.000000 0.000100 0.000200 0.043900 0.092000 0.022400 0.022100 0.000200 0.000100 0.022000 0.022000 0.000100 0.023000 0.000100 0.022100 0.000200 0.022100 0.021800 0.022900 0.089300 0.000100 0.000100 0.022100 0.000100 0.000200 0.023200 0.044100 0.022000 0.023000 0.022000 0.045000 0.022100 0.022000 0.000200 0.022100 0.000200 0.045400 0.022100 0.022100
Suni 0.000100 0.245400 0.021800 0.117300 0.000200 0.000100 0.000100 0.066400 0.043600 0.021800 0.000100 0.069400 0.000100 0.000100 0.000000 0.000200 0.043300 0.090800 0.022100 0.021800 0.000200 0.000100 0.021800 0.021700 0.000100 0.022700 0.000100 0.021800 0.000200 0.021800 0.021600 0.022600 0.088300 0.000100 0.000100 0.021800 0.000100 0.000200 0.022900 0.043600 0.021800 0.022700 0.021800 0.044500 0.021800 0.021700 0.000400 0.021900 0.000100 0.044900 0.021800 0.021800
Springbuck 0.000200 0.238100 0.022300 0.118900 0.000300 0.000200 0.000200 0.066800 0.044600 0.044100 0.000100 0.071000 0.000100 0.000200 0.000200 0.000000 0.043900 0.092400 0.022600 0.022300 0.000000 0.000100 0.044000 0.044100 0.000100 0.022800 0.000100 0.022300 0.000000 0.022300 0.043500 0.023100 0.090100 0.000100 0.000100 0.022300 0.000100 0.000300 0.023000 0.066400 0.044100 0.022800 0.044100 0.067800 0.022300 0.021800 0.000100 0.022300 0.000300 0.045800 0.022300 0.022300
Okapi 0.043300 0.159700 0.021200 0.113700 0.043200 0.043300 0.043900 0.064700 0.021000 0.020600 0.043400 0.067000 0.043400 0.043900 0.043300 0.043900 0.000000 0.042200 0.066400 0.021200 0.043900 0.043400 0.020400 0.020700 0.043400 0.067900 0.043400 0.021200 0.043900 0.021200 0.020100 0.085900 0.041900 0.043400 0.043400 0.021200 0.043400 0.043200 0.068300 0.042100 0.020600 0.067900 0.020600 0.042900 0.021200 0.021200 0.044100 0.065700 0.043400 0.043500 0.021200 0.021200
Giraffe 0.090700 0.217100 0.066600 0.168100 0.090600 0.090700 0.092000 0.113700 0.066200 0.066300 0.091100 0.068900 0.091100 0.092000 0.090800 0.092400 0.042200 0.000000 0.116000 0.066600 0.092400 0.091100 0.066000 0.066300 0.091100 0.093600 0.091100 0.066600 0.092400 0.066600 0.065300 0.140100 0.065200 0.091100 0.091100 0.066600 0.091100 0.090600 0.120000 0.088800 0.066300 0.093600 0.066300 0.090300 0.066600 0.066300 0.093000 0.114700 0.091100 0.044700 0.066600 0.066600
TibetanAnt 0.022100 0.277100 0.044700 0.144200 0.022000 0.022100 0.022400 0.090700 0.067000 0.044600 0.022100 0.094500 0.022100 0.022400 0.022100 0.022600 0.066400 0.116000 0.000000 0.044700 0.022600 0.022100 0.044400 0.044400 0.022100 0.046500 0.022100 0.044700 0.022600 0.044700 0.044100 0.046300 0.112800 0.022100 0.022100 0.044700 0.022100 0.022000 0.046900 0.066900 0.044600 0.046500 0.044600 0.021900 0.044700 0.044400 0.022700 0.044700 0.022200 0.068800 0.044700 0.044700
Sitatunga 0.021900 0.215000 0.000000 0.091500 0.021800 0.021900 0.022100 0.089800 0.021300 0.000400 0.021900 0.045300 0.021900 0.022100 0.021800 0.022300 0.021200 0.066600 0.044700 0.000000 0.022300 0.021900 0.000500 0.000300 0.021900 0.046000 0.021900 0.000000 0.022300 0.000000 0.000500 0.045700 0.064900 0.021900 0.021900 0.000000 0.021900 0.021800 0.046400 0.021300 0.000400 0.046000 0.000400 0.021700 0.000000 0.043900 0.022500 0.044200 0.021900 0.022000 0.000000 0.000000
Oribi 0.000200 0.238100 0.022300 0.118900 0.000300 0.000200 0.000200 0.066800 0.044600 0.044100 0.000100 0.071000 0.000100 0.000200 0.000200 0.000000 0.043900 0.092400 0.022600 0.022300 0.000000 0.000100 0.044000 0.044100 0.000100 0.022800 0.000100 0.022300 0.000000 0.022300 0.043500 0.023100 0.090100 0.000100 0.000100 0.022300 0.000100 0.000300 0.023000 0.066400 0.044100 0.022800 0.044100 0.067800 0.022300 0.021800 0.000100 0.022300 0.000300 0.045800 0.022300 0.022300
BarbaryShe 0.000100 0.246200 0.021900 0.117700 0.000100 0.000100 0.000100 0.066700 0.043800 0.021900 0.000000 0.069600 0.000000 0.000100 0.000100 0.000100 0.043400 0.091100 0.022100 0.021900 0.000100 0.000000 0.021800 0.021800 0.000000 0.022800 0.000000 0.021900 0.000100 0.021900 0.021600 0.022700 0.088600 0.000000 0.000000 0.021900 0.000000 0.000100 0.023000 0.043700 0.021900 0.022800 0.021900 0.044600 0.021900 0.021800 0.000300 0.021900 0.000100 0.045000 0.021900 0.021900
Daviddeer 0.021800 0.239000 0.000500 0.091000 0.021700 0.021800 0.022000 0.111300 0.021000 0.000100 0.021800 0.044900 0.021800 0.022000 0.021800 0.044000 0.020400 0.066000 0.044400 0.000500 0.044000 0.021800 0.000000 0.000100 0.021800 0.068000 0.021800 0.000500 0.044000 0.000500 0.000200 0.057700 0.064300 0.021800 0.021800 0.000500 0.021800 0.021700 0.068500 0.020900 0.000100 0.068000 0.000100 0.021300 0.000500 0.043400 0.044000 0.043900 0.021800 0.021800 0.000500 0.000500
Reindeer 0.021700 0.238700 0.000300 0.091100 0.021700 0.021700 0.022000 0.111500 0.021100 0.000100 0.021800 0.044900 0.021800 0.022000 0.021700 0.044100 0.020700 0.066300 0.044400 0.000300 0.044100 0.021800 0.000100 0.000000 0.021800 0.068100 0.021800 0.000300 0.044100 0.000300 0.000200 0.060100 0.064400 0.021800 0.021800 0.000300 0.021800 0.021700 0.068600 0.020900 0.000100 0.068100 0.000100 0.021300 0.000300 0.043500 0.044200 0.043900 0.021800 0.021800 0.000300 0.000300
Ibex 0.000100 0.246200 0.021900 0.117700 0.000100 0.000100 0.000100 0.066700 0.043800 0.021900 0.000000 0.069600 0.000000 0.000100 0.000100 0.000100 0.043400 0.091100 0.022100 0.021900 0.000100 0.000000 0.021800 0.021800 0.000000 0.022800 0.000000 0.021900 0.000100 0.021900 0.021600 0.022700 0.088600 0.000000 0.000000 0.021900 0.000000 0.000100 0.023000 0.043700 0.021900 0.022800 0.021900 0.044600 0.021900 0.021800 0.000300 0.021900 0.000100 0.045000 0.021900 0.021900
GyrantGaze 0.022700 0.272500 0.046000 0.147300 0.022700 0.022700 0.023000 0.091600 0.068900 0.068300 0.022800 0.072000 0.022800 0.023000 0.022700 0.022800 0.067900 0.093600 0.046500 0.046000 0.022800 0.022800 0.068000 0.068100 0.022800 0.000000 0.022800 0.046000 0.022800 0.046000 0.067500 0.047600 0.115900 0.022800 0.022800 0.046000 0.022800 0.022700 0.047500 0.091200 0.068300 0.000000 0.068300 0.093000 0.046000 0.045100 0.023000 0.045900 0.022800 0.046500 0.046000 0.046000
Hartebeest 0.000100 0.246200 0.021900 0.117700 0.000100 0.000100 0.000100 0.066700 0.043800 0.021900 0.000000 0.069600 0.000000 0.000100 0.000100 0.000100 0.043400 0.091100 0.022100 0.021900 0.000100 0.000000 0.021800 0.021800 0.000000 0.022800 0.000000 0.021900 0.000100 0.021900 0.021600 0.022700 0.088600 0.000000 0.000000 0.021900 0.000000 0.000100 0.023000 0.043700 0.021900 0.022800 0.021900 0.044600 0.021900 0.021800 0.000300 0.021900 0.000100 0.045000 0.021900 0.021900
Bongo 0.021900 0.215000 0.000000 0.091500 0.021800 0.021900 0.022100 0.089800 0.021300 0.000400 0.021900 0.045300 0.021900 0.022100 0.021800 0.022300 0.021200 0.066600 0.044700 0.000000 0.022300 0.021900 0.000500 0.000300 0.021900 0.046000 0.021900 0.000000 0.022300 0.000000 0.000500 0.045700 0.064900 0.021900 0.021900 0.000000 0.021900 0.021800 0.046400 0.021300 0.000400 0.046000 0.000400 0.021700 0.000000 0.043900 0.022500 0.044200 0.021900 0.022000 0.000000 0.000000
Gerenuk 0.000200 0.238100 0.022300 0.118900 0.000300 0.000200 0.000200 0.066800 0.044600 0.044100 0.000100 0.071000 0.000100 0.000200 0.000200 0.000000 0.043900 0.092400 0.022600 0.022300 0.000000 0.000100 0.044000 0.044100 0.000100 0.022800 0.000100 0.022300 0.000000 0.022300 0.043500 0.023100 0.090100 0.000100 0.000100 0.022300 0.000100 0.000300 0.023000 0.066400 0.044100 0.022800 0.044100 0.067800 0.022300 0.021800 0.000100 0.022300 0.000300 0.045800 0.022300 0.022300
CommonElan 0.021900 0.215000 0.000000 0.091500 0.021800 0.021900 0.022100 0.089800 0.021300 0.000400 0.021900 0.045300 0.021900 0.022100 0.021800 0.022300 0.021200 0.066600 0.044700 0.000000 0.022300 0.021900 0.000500 0.000300 0.021900 0.046000 0.021900 0.000000 0.022300 0.000000 0.000500 0.045700 0.064900 0.021900 0.021900 0.000000 0.021900 0.021800 0.046400 0.021300 0.000400 0.046000 0.000400 0.021700 0.000000 0.043900 0.022500 0.044200 0.021900 0.022000 0.000000 0.000000
MuntiacusR 0.021600 0.236900 0.000500 0.090100 0.021500 0.021600 0.021800 0.110400 0.020700 0.000100 0.021600 0.044500 0.021600 0.021800 0.021600 0.043500 0.020100 0.065300 0.044100 0.000500 0.043500 0.021600 0.000200 0.000200 0.021600 0.067500 0.021600 0.000500 0.043500 0.000500 0.000000 0.056400 0.063800 0.021600 0.021600 0.000500 0.021600 0.021500 0.067800 0.020700 0.000100 0.067500 0.000100 0.021100 0.000500 0.043000 0.043600 0.043600 0.021600 0.021700 0.000500 0.000500
HarveysDui 0.022600 0.305200 0.045700 0.165400 0.022600 0.022600 0.022900 0.092800 0.068500 0.059000 0.022700 0.096800 0.022700 0.022900 0.022600 0.023100 0.085900 0.140100 0.046300 0.045700 0.023100 0.022700 0.057700 0.060100 0.022700 0.047600 0.022700 0.045700 0.023100 0.045700 0.056400 0.000000 0.135500 0.022700 0.022700 0.045700 0.022700 0.022600 0.048000 0.085200 0.059000 0.047600 0.059000 0.088000 0.045700 0.045500 0.023300 0.045800 0.022700 0.089200 0.045700 0.045700
Pronghorn 0.088300 0.236000 0.064900 0.162300 0.088100 0.088300 0.089300 0.110900 0.086700 0.064600 0.088600 0.114300 0.088600 0.089300 0.088300 0.090100 0.041900 0.065200 0.112800 0.064900 0.090100 0.088600 0.064300 0.064400 0.088600 0.115900 0.088600 0.064900 0.090100 0.064900 0.063800 0.135500 0.000000 0.088600 0.088600 0.064900 0.088600 0.088100 0.116800 0.086200 0.064600 0.115900 0.064600 0.087700 0.064900 0.064700 0.090500 0.111600 0.088600 0.088800 0.064900 0.064900
BlueWildeb 0.000100 0.246200 0.021900 0.117700 0.000100 0.000100 0.000100 0.066700 0.043800 0.021900 0.000000 0.069600 0.000000 0.000100 0.000100 0.000100 0.043400 0.091100 0.022100 0.021900 0.000100 0.000000 0.021800 0.021800 0.000000 0.022800 0.000000 0.021900 0.000100 0.021900 0.021600 0.022700 0.088600 0.000000 0.000000 0.021900 0.000000 0.000100 0.023000 0.043700 0.021900 0.022800 0.021900 0.044600 0.021900 0.021800 0.000300 0.021900 0.000100 0.045000 0.021900 0.021900
Gemsbok 0.000100 0.246200 0.021900 0.117700 0.000100 0.000100 0.000100 0.066700 0.043800 0.021900 0.000000 0.069600 0.000000 0.000100 0.000100 0.000100 0.043400 0.091100 0.022100 0.021900 0.000100 0.000000 0.021800 0.021800 0.000000 0.022800 0.000000 0.021900 0.000100 0.021900 0.021600 0.022700 0.088600 0.000000 0.000000 0.021900 0.000000 0.000100 0.023000 0.043700 0.021900 0.022800 0.021900 0.044600 0.021900 0.021800 0.000300 0.021900 0.000100 0.045000 0.021900 0.021900
Yak 0.021900 0.215000 0.000000 0.091500 0.021800 0.021900 0.022100 0.089800 0.021300 0.000400 0.021900 0.045300 0.021900 0.022100 0.021800 0.022300 0.021200 0.066600 0.044700 0.000000 0.022300 0.021900 0.000500 0.000300 0.021900 0.046000 0.021900 0.000000 0.022300 0.000000 0.000500 0.045700 0.064900 0.021900 0.021900 0.000000 0.021900 0.021800 0.046400 0.021300 0.000400 0.046000 0.000400 0.021700 0.000000 0.043900 0.022500 0.044200 0.021900 0.022000 0.000000 0.000000
BlueSheep 0.000100 0.246200 0.021900 0.117700 0.000100 0.000100 0.000100 0.066700 0.043800 0.021900 0.000000 0.069600 0.000000 0.000100 0.000100 0.000100 0.043400 0.091100 0.022100 0.021900 0.000100 0.000000 0.021800 0.021800 0.000000 0.022800 0.000000 0.021900 0.000100 0.021900 0.021600 0.022700 0.088600 0.000000 0.000000 0.021900 0.000000 0.000100 0.023000 0.043700 0.021900 0.022800 0.021900 0.044600 0.021900 0.021800 0.000300 0.021900 0.000100 0.045000 0.021900 0.021900
BohorReedb 0.000200 0.245100 0.021800 0.117100 0.000000 0.000200 0.000200 0.066200 0.043600 0.021800 0.000100 0.069300 0.000100 0.000200 0.000200 0.000300 0.043200 0.090600 0.022000 0.021800 0.000300 0.000100 0.021700 0.021700 0.000100 0.022700 0.000100 0.021800 0.000300 0.021800 0.021500 0.022600 0.088100 0.000100 0.000100 0.021800 0.000100 0.000000 0.022800 0.043500 0.021800 0.022700 0.021800 0.044400 0.021800 0.021600 0.000400 0.021800 0.000300 0.044800 0.021800 0.021800
KirksDik 0.022900 0.274000 0.046400 0.148600 0.022800 0.022900 0.023200 0.092700 0.069400 0.068700 0.023000 0.098400 0.023000 0.023200 0.022900 0.023000 0.068300 0.120000 0.046900 0.046400 0.023000 0.023000 0.068500 0.068600 0.023000 0.047500 0.023000 0.046400 0.023000 0.046400 0.067800 0.048000 0.116800 0.023000 0.023000 0.046400 0.023000 0.022800 0.000000 0.091800 0.068700 0.047500 0.068700 0.093800 0.046400 0.045400 0.023200 0.046200 0.023000 0.071400 0.046400 0.046400
RoeDeer 0.043600 0.264600 0.021300 0.114500 0.043500 0.043600 0.044100 0.134400 0.042600 0.021000 0.043700 0.067600 0.043700 0.044100 0.043600 0.066400 0.042100 0.088800 0.066900 0.021300 0.066400 0.043700 0.020900 0.020900 0.043700 0.091200 0.043700 0.021300 0.066400 0.021300 0.020700 0.085200 0.086200 0.043700 0.043700 0.021300 0.043700 0.043500 0.091800 0.000000 0.021000 0.091200 0.021000 0.042800 0.021300 0.065600 0.066700 0.066000 0.043700 0.043700 0.021300 0.021300
WhiteLippe 0.021800 0.239700 0.000400 0.091400 0.021800 0.021800 0.022000 0.111700 0.021100 0.000000 0.021900 0.045000 0.021900 0.022000 0.021800 0.044100 0.020600 0.066300 0.044600 0.000400 0.044100 0.021900 0.000100 0.000100 0.021900 0.068300 0.021900 0.000400 0.044100 0.000400 0.000100 0.059000 0.064600 0.021900 0.021900 0.000400 0.021900 0.021800 0.068700 0.021000 0.000000 0.068300 0.000000 0.021300 0.000400 0.043600 0.044200 0.044000 0.021900 0.021900 0.000400 0.000400
ThomsonGaz 0.022700 0.272500 0.046000 0.147300 0.022700 0.022700 0.023000 0.091600 0.068900 0.068300 0.022800 0.072000 0.022800 0.023000 0.022700 0.022800 0.067900 0.093600 0.046500 0.046000 0.022800 0.022800 0.068000 0.068100 0.022800 0.000000 0.022800 0.046000 0.022800 0.046000 0.067500 0.047600 0.115900 0.022800 0.022800 0.046000 0.022800 0.022700 0.047500 0.091200 0.068300 0.000000 0.068300 0.093000 0.046000 0.045100 0.023000 0.045900 0.022800 0.046500 0.046000 0.046000
MuntiacusC 0.021800 0.239700 0.000400 0.091400 0.021800 0.021800 0.022000 0.111700 0.021100 0.000000 0.021900 0.045000 0.021900 0.022000 0.021800 0.044100 0.020600 0.066300 0.044600 0.000400 0.044100 0.021900 0.000100 0.000100 0.021900 0.068300 0.021900 0.000400 0.044100 0.000400 0.000100 0.059000 0.064600 0.021900 0.021900 0.000400 0.021900 0.021800 0.068700 0.021000 0.000000 0.068300 0.000000 0.021300 0.000400 0.043600 0.044200 0.044000 0.021900 0.021900 0.000400 0.000400
WhiteTaile 0.044500 0.268800 0.021700 0.116300 0.044400 0.044500 0.045000 0.137100 0.043400 0.021300 0.044600 0.068800 0.044600 0.045000 0.044500 0.067800 0.042900 0.090300 0.021900 0.021700 0.067800 0.044600 0.021300 0.021300 0.044600 0.093000 0.044600 0.021700 0.067800 0.021700 0.021100 0.088000 0.087700 0.044600 0.044600 0.021700 0.044600 0.044400 0.093800 0.042800 0.021300 0.093000 0.021300 0.000000 0.021700 0.066900 0.068100 0.067500 0.044600 0.044600 0.021700 0.021700
Cattle 0.021900 0.215000 0.000000 0.091500 0.021800 0.021900 0.022100 0.089800 0.020600 0.000400 0.021900 0.045300 0.021900 0.022100 0.021800 0.022300 0.021200 0.066600 0.044700 0.000000 0.022300 0.021900 0.000500 0.000300 0.021900 0.046000 0.021900 0.000000 0.022300 0.000000 0.000500 0.045700 0.064900 0.021900 0.021900 0.000000 0.021900 0.021800 0.046400 0.021300 0.000400 0.046000 0.000400 0.021700 0.000000 0.043900 0.022500 0.044200 0.021900 0.022000 0.000000 0.000000
RoyalAntel 0.021700 0.201600 0.043900 0.141300 0.021600 0.021700 0.022000 0.043000 0.065800 0.043600 0.021800 0.092700 0.021800 0.022000 0.021700 0.021800 0.021200 0.066300 0.044400 0.043900 0.021800 0.021800 0.043400 0.043500 0.021800 0.045100 0.021800 0.043900 0.021800 0.043900 0.043000 0.045500 0.064700 0.021800 0.021800 0.043900 0.021800 0.021600 0.045400 0.065600 0.043600 0.045100 0.043600 0.066900 0.043900 0.000000 0.021700 0.044200 0.021800 0.067500 0.043900 0.043900
Steenbok 0.000400 0.238000 0.022500 0.119400 0.000400 0.000400 0.000200 0.067400 0.044900 0.044200 0.000300 0.071400 0.000300 0.000200 0.000400 0.000100 0.044100 0.093000 0.022700 0.022500 0.000100 0.000300 0.044000 0.044200 0.000300 0.023000 0.000300 0.022500 0.000100 0.022500 0.043600 0.023300 0.090500 0.000300 0.000300 0.022500 0.000300 0.000400 0.023200 0.066700 0.044200 0.023000 0.044200 0.068100 0.022500 0.021700 0.000000 0.022400 0.000400 0.046100 0.022500 0.022500
Impala 0.021900 0.217800 0.044200 0.144000 0.021800 0.021900 0.022100 0.089200 0.066200 0.044000 0.021900 0.093600 0.021900 0.022100 0.021900 0.022300 0.065700 0.114700 0.044700 0.044200 0.022300 0.021900 0.043900 0.043900 0.021900 0.045900 0.021900 0.044200 0.022300 0.044200 0.043600 0.045800 0.111600 0.021900 0.021900 0.044200 0.021900 0.021800 0.046200 0.066000 0.044000 0.045900 0.044000 0.067500 0.044200 0.044200 0.022400 0.000000 0.021900 0.068000 0.044200 0.044200
Klipspring 0.000200 0.245800 0.021900 0.117500 0.000300 0.000200 0.000200 0.066500 0.043800 0.021900 0.000100 0.069600 0.000100 0.000200 0.000100 0.000300 0.043400 0.091100 0.022200 0.021900 0.000300 0.000100 0.021800 0.021800 0.000100 0.022800 0.000100 0.021900 0.000300 0.021900 0.021600 0.022700 0.088600 0.000100 0.000100 0.021900 0.000100 0.000300 0.023000 0.043700 0.021900 0.022800 0.021900 0.044600 0.021900 0.021800 0.000400 0.021900 0.000000 0.045000 0.021900 0.021900
ForestMusk 0.044900 0.246200 0.022000 0.118500 0.044800 0.044900 0.045400 0.115000 0.043900 0.021900 0.045000 0.022700 0.045000 0.045400 0.044900 0.045800 0.043500 0.044700 0.068800 0.022000 0.045800 0.045000 0.021800 0.021800 0.045000 0.046500 0.045000 0.022000 0.045800 0.022000 0.021700 0.089200 0.088800 0.045000 0.045000 0.022000 0.045000 0.044800 0.071400 0.043700 0.021900 0.046500 0.021900 0.044600 0.022000 0.067500 0.046100 0.068000 0.045000 0.000000 0.022000 0.022000
Bushbuck 0.021900 0.215000 0.000000 0.091500 0.021800 0.021900 0.022100 0.089800 0.021300 0.000400 0.021900 0.045300 0.021900 0.022100 0.021800 0.022300 0.021200 0.066600 0.044700 0.000000 0.022300 0.021900 0.000500 0.000300 0.021900 0.046000 0.021900 0.000000 0.022300 0.000000 0.000500 0.045700 0.064900 0.021900 0.021900 0.000000 0.021900 0.021800 0.046400 0.021300 0.000400 0.046000 0.000400 0.021700 0.000000 0.043900 0.022500 0.044200 0.021900 0.022000 0.000000 0.000000
GreaterKud 0.021900 0.215000 0.000000 0.091500 0.021800 0.021900 0.022100 0.089800 0.021300 0.000400 0.021900 0.045300 0.021900 0.022100 0.021800 0.022300 0.021200 0.066600 0.044700 0.000000 0.022300 0.021900 0.000500 0.000300 0.021900 0.046000 0.021900 0.000000 0.022300 0.000000 0.000500 0.045700 0.064900 0.021900 0.021900 0.000000 0.021900 0.021800 0.046400 0.021300 0.000400 0.046000 0.000400 0.021700 0.000000 0.043900 0.022500 0.044200 0.021900 0.022000 0.000000 0.000000
