1
52 1
Argali 0.000000 0.450600 0.220300 0.238600 0.111100 0.042400 0.137900 0.234500 0.212200 0.158700 0.106600 0.227600 0.043300 0.132700 0.181500 0.166400 0.277800 0.300600 0.042500 0.220900 0.195200 0.106600 0.179100 0.209500 0.131200 0.165700 0.021100 0.196900 0.137000 0.196900 0.158700 0.087600 0.202800 0.020800 0.083400 0.201800 0.042400 0.067100 0.150400 0.158800 0.178800 0.116400 0.205400 0.279500 0.224900 0.089800 0.154300 0.281400 0.137500 0.157200 0.196900 0.191600
LesserMous 0.450600 0.000000 0.487300 0.534200 0.458200 0.481900 0.436500 0.489600 0.535600 0.428300 0.569500 0.430400 0.534600 0.482500 0.416200 0.479100 0.488600 0.467700 0.482100 0.563700 0.384100 0.568100 0.484200 0.399300 0.543400 0.509100 0.488400 0.460500 0.501300 0.460500 0.428300 0.458500 0.435900 0.478500 0.460900 0.401600 0.482100 0.404400 0.592700 0.494700 0.487800 0.481500 0.420900 0.378600 0.356400 0.431500 0.511200 0.609900 0.470000 0.491100 0.460500 0.483900
LesserKudu 0.220300 0.487300 0.000000 0.384100 0.198100 0.165800 0.231800 0.225300 0.095900 0.198000 0.295100 0.104100 0.227200 0.221600 0.219900 0.180700 0.211900 0.235200 0.220300 0.100100 0.240500 0.295000 0.274200 0.255000 0.329900 0.180000 0.250200 0.024400 0.174800 0.024700 0.198000 0.282400 0.215000 0.245400 0.263300 0.132700 0.220300 0.149600 0.290500 0.313800 0.219300 0.126200 0.248700 0.331000 0.157400 0.174300 0.190800 0.245400 0.175300 0.197400 0.024400 0.072500
KillerWhal 0.238600 0.534200 0.384100 0.000000 0.389400 0.294500 0.368000 0.326700 0.368500 0.330700 0.314300 0.330700 0.244200 0.411000 0.414300 0.280600 0.418600 0.509600 0.294600 0.386300 0.382900 0.314800 0.351100 0.331700 0.291100 0.307400 0.266400 0.358500 0.365800 0.358500 0.330700 0.296100 0.378800 0.261400 0.283000 0.334400 0.294600 0.336600 0.308300 0.270600 0.350800 0.340800 0.384700 0.290700 0.295900 0.365300 0.377500 0.466600 0.306000 0.270300 0.358500 0.348300
DefassaWat 0.111100 0.458200 0.198100 0.389400 0.000000 0.111100 0.116300 0.213500 0.243000 0.239800 0.178400 0.204800 0.162200 0.111700 0.210300 0.144300 0.256100 0.278300 0.111100 0.253600 0.172800 0.178400 0.314400 0.296400 0.206400 0.143600 0.135000 0.174500 0.115400 0.174500 0.239800 0.162100 0.257200 0.133500 0.152400 0.179200 0.111100 0.045200 0.224400 0.294900 0.260400 0.094200 0.289400 0.369500 0.202500 0.115700 0.181700 0.259600 0.115800 0.186200 0.174500 0.222500
Sheep 0.042400 0.481900 0.165800 0.294500 0.111100 0.000000 0.137400 0.182600 0.160700 0.209400 0.106500 0.227500 0.088700 0.132600 0.132600 0.166300 0.277700 0.300500 0.042200 0.167100 0.195100 0.105500 0.229800 0.263100 0.131200 0.165700 0.064800 0.143700 0.136900 0.143700 0.209400 0.134600 0.176800 0.063700 0.083400 0.201800 0.042400 0.067000 0.150300 0.209700 0.178700 0.116300 0.257800 0.335600 0.224800 0.089800 0.107500 0.281300 0.137400 0.207300 0.142300 0.139900
MaxwellsDu 0.137900 0.436500 0.231800 0.368000 0.116300 0.137400 0.000000 0.090100 0.277800 0.217900 0.157400 0.181600 0.141300 0.090200 0.138100 0.071200 0.233400 0.315900 0.089700 0.290500 0.046900 0.157400 0.292700 0.218700 0.135500 0.121000 0.114300 0.207300 0.093300 0.207300 0.217900 0.044000 0.291000 0.112300 0.131800 0.101000 0.088600 0.070200 0.203800 0.217500 0.238700 0.071500 0.267800 0.290400 0.179500 0.093500 0.160400 0.213000 0.093600 0.217100 0.207300 0.257100
GazellaPrz 0.234500 0.489600 0.225300 0.326700 0.213500 0.182600 0.090100 0.000000 0.270100 0.321300 0.252300 0.233600 0.238700 0.182700 0.182900 0.142600 0.344400 0.428100 0.182700 0.282200 0.143200 0.202500 0.399400 0.322600 0.230300 0.116800 0.208500 0.201500 0.190000 0.201500 0.321300 0.133700 0.281500 0.204800 0.176300 0.205900 0.182700 0.165700 0.247800 0.318700 0.284400 0.143000 0.372800 0.337500 0.288300 0.189500 0.204900 0.284800 0.139400 0.265500 0.201500 0.249900
MountainNy 0.212200 0.535600 0.095900 0.368500 0.243000 0.160700 0.277800 0.270100 0.000000 0.190600 0.284500 0.152800 0.218500 0.266100 0.264000 0.227700 0.259200 0.282900 0.212200 0.046500 0.287800 0.284500 0.264100 0.245000 0.317600 0.226700 0.240800 0.072400 0.220400 0.072400 0.190600 0.327600 0.207500 0.236300 0.254100 0.181700 0.212200 0.195700 0.280300 0.301400 0.211200 0.173200 0.239500 0.318200 0.205400 0.220000 0.234500 0.234600 0.221200 0.242300 0.072400 0.070400
MuntiacusM 0.158700 0.428300 0.198000 0.330700 0.239800 0.209400 0.217900 0.321300 0.190600 0.000000 0.227900 0.149500 0.113700 0.209200 0.260800 0.196200 0.199200 0.222100 0.158700 0.198500 0.225400 0.227900 0.063800 0.043800 0.257900 0.195400 0.135300 0.174300 0.164700 0.174300 0.000000 0.211500 0.232300 0.132900 0.200200 0.124300 0.158700 0.193100 0.224900 0.089600 0.065000 0.144100 0.043100 0.109400 0.202300 0.164300 0.231600 0.257900 0.165200 0.186200 0.174300 0.169500
goat 0.106600 0.569500 0.295100 0.314300 0.178400 0.106500 0.157400 0.252300 0.284500 0.227900 0.000000 0.304500 0.108700 0.151800 0.200200 0.136600 0.355100 0.377900 0.063200 0.295900 0.214400 0.125900 0.248000 0.280900 0.020100 0.185100 0.084800 0.271600 0.156400 0.271600 0.227900 0.154000 0.298100 0.083400 0.102500 0.221200 0.062500 0.134600 0.169000 0.228000 0.247300 0.136500 0.275600 0.299000 0.245300 0.110000 0.173000 0.247700 0.157000 0.277800 0.271600 0.264900
AfricanBuf 0.227600 0.430400 0.104100 0.330700 0.204800 0.227500 0.181600 0.233600 0.152800 0.149500 0.304500 0.000000 0.234900 0.228900 0.227700 0.130200 0.104100 0.184300 0.227600 0.159900 0.188600 0.304500 0.225400 0.150000 0.280400 0.186400 0.258400 0.078700 0.180800 0.078700 0.149500 0.232300 0.279200 0.253300 0.271600 0.079100 0.227600 0.154700 0.299600 0.204600 0.226800 0.130700 0.200200 0.224000 0.105900 0.180200 0.253500 0.253400 0.181400 0.204000 0.078100 0.129600
Topi 0.043300 0.534600 0.227200 0.244200 0.162200 0.088700 0.141300 0.238700 0.218500 0.113700 0.108700 0.234900 0.000000 0.135000 0.185600 0.118400 0.287500 0.308900 0.043300 0.227900 0.200100 0.108700 0.134500 0.163900 0.134000 0.117900 0.021200 0.203100 0.091600 0.203100 0.113700 0.089200 0.258600 0.021100 0.085000 0.152100 0.043300 0.116500 0.106800 0.113200 0.134700 0.069600 0.136000 0.231400 0.232300 0.091300 0.110500 0.232900 0.091300 0.161600 0.203100 0.197500
CommonDuik 0.132700 0.482500 0.221600 0.411000 0.111700 0.132600 0.090200 0.182700 0.266100 0.209200 0.151800 0.228900 0.135000 0.000000 0.181300 0.115800 0.280100 0.299800 0.086300 0.277500 0.143300 0.151700 0.281200 0.263600 0.178100 0.115300 0.109400 0.198100 0.089600 0.198100 0.209200 0.132800 0.277400 0.106900 0.127100 0.148400 0.086300 0.067000 0.195200 0.259900 0.229400 0.068100 0.257300 0.331900 0.226500 0.089300 0.154300 0.227600 0.089300 0.208300 0.198100 0.246000
Suni 0.181500 0.416200 0.219900 0.414300 0.210300 0.132600 0.138100 0.182900 0.264000 0.260800 0.200200 0.227700 0.185600 0.181300 0.000000 0.166600 0.278100 0.359400 0.132700 0.275100 0.142600 0.200300 0.280800 0.261400 0.178500 0.218700 0.157900 0.196500 0.137000 0.196500 0.260800 0.134800 0.277300 0.155000 0.173800 0.147400 0.132700 0.164400 0.174400 0.261800 0.280300 0.167100 0.257200 0.332800 0.225100 0.089800 0.108000 0.228100 0.163900 0.316100 0.196500 0.244000
Springbuck 0.166400 0.479100 0.180700 0.280600 0.144300 0.166300 0.071200 0.142600 0.227700 0.196200 0.136600 0.130200 0.118400 0.115800 0.166600 0.000000 0.210400 0.291300 0.115800 0.238200 0.126100 0.185700 0.271600 0.196900 0.114400 0.095800 0.140800 0.156000 0.070900 0.156000 0.196200 0.117300 0.324200 0.138300 0.158600 0.076900 0.115800 0.096200 0.182100 0.194600 0.217400 0.047100 0.246500 0.214600 0.101900 0.120100 0.139200 0.161300 0.070700 0.195400 0.156000 0.206100
Okapi 0.277800 0.488600 0.211900 0.418600 0.256100 0.277700 0.233400 0.344400 0.259200 0.199200 0.355100 0.104100 0.287500 0.280100 0.278100 0.210400 0.000000 0.125700 0.277800 0.271700 0.242000 0.354900 0.275500 0.200100 0.331300 0.268700 0.310500 0.186900 0.232200 0.186900 0.199200 0.284100 0.273300 0.304100 0.320400 0.133900 0.277800 0.206000 0.290900 0.255900 0.278000 0.211200 0.250500 0.273100 0.158600 0.231300 0.304200 0.333100 0.232800 0.254800 0.186900 0.237900
Giraffe 0.300600 0.467700 0.235200 0.509600 0.278300 0.300500 0.315900 0.428100 0.282900 0.222100 0.377900 0.184300 0.308900 0.299800 0.359400 0.291300 0.125700 0.000000 0.300600 0.296500 0.327700 0.377200 0.271100 0.280200 0.416800 0.289500 0.331400 0.210600 0.254600 0.210600 0.222100 0.365000 0.351400 0.324700 0.342500 0.216900 0.300600 0.227100 0.310600 0.337000 0.273700 0.232800 0.273100 0.352100 0.182100 0.251900 0.325700 0.351800 0.253500 0.276700 0.210600 0.234000
TibetanAnt 0.042500 0.482100 0.220300 0.294600 0.111100 0.042200 0.089700 0.182700 0.212200 0.158700 0.063200 0.227600 0.043300 0.086300 0.132700 0.115800 0.277800 0.300600 0.000000 0.220900 0.142500 0.062500 0.179100 0.209500 0.085400 0.115400 0.021100 0.196900 0.089100 0.196900 0.158700 0.087600 0.227100 0.020800 0.040800 0.147300 0.000000 0.067100 0.104900 0.158800 0.178800 0.068100 0.205400 0.279500 0.224900 0.043900 0.107600 0.228000 0.089400 0.207300 0.196900 0.191600
Sitatunga 0.220900 0.563700 0.100100 0.386300 0.253600 0.167100 0.290500 0.282200 0.046500 0.198500 0.295900 0.159900 0.227900 0.277500 0.275100 0.238200 0.271700 0.296500 0.220900 0.000000 0.301700 0.295800 0.275000 0.255700 0.330900 0.237100 0.250900 0.075600 0.230100 0.075600 0.198500 0.342600 0.215800 0.246000 0.263900 0.190500 0.220900 0.204300 0.291200 0.314700 0.220000 0.181000 0.249500 0.331600 0.215100 0.229500 0.244100 0.244100 0.230800 0.252600 0.074400 0.073300
Oribi 0.195200 0.384100 0.240500 0.382900 0.172800 0.195100 0.046900 0.143200 0.287800 0.225400 0.214400 0.188600 0.200100 0.143300 0.142600 0.126100 0.242000 0.327700 0.142500 0.301700 0.000000 0.214400 0.302500 0.226200 0.191400 0.180300 0.169700 0.215200 0.148500 0.215200 0.225400 0.093200 0.300700 0.166500 0.185800 0.104700 0.142500 0.124200 0.263900 0.282900 0.304600 0.126600 0.276900 0.300100 0.186200 0.096600 0.218800 0.220000 0.148900 0.282600 0.215200 0.266600
BarbaryShe 0.106600 0.568100 0.295000 0.314800 0.178400 0.105500 0.157400 0.202500 0.284500 0.227900 0.125900 0.304500 0.108700 0.151700 0.200300 0.185700 0.354900 0.377200 0.062500 0.295800 0.214400 0.000000 0.248000 0.280700 0.150300 0.136200 0.084800 0.271500 0.156400 0.271500 0.227900 0.153900 0.247300 0.083300 0.060500 0.221100 0.062500 0.134500 0.124700 0.228200 0.247100 0.136500 0.275700 0.299700 0.300900 0.110100 0.173000 0.298900 0.110200 0.177600 0.271500 0.264800
Daviddeer 0.179100 0.484200 0.274200 0.351100 0.314400 0.229800 0.292700 0.399400 0.264100 0.063800 0.248000 0.225400 0.134500 0.281200 0.280800 0.271600 0.275500 0.271100 0.179100 0.275000 0.302500 0.248000 0.000000 0.110300 0.278100 0.270500 0.155800 0.250400 0.236700 0.250400 0.064100 0.231700 0.305400 0.153100 0.220000 0.199600 0.179100 0.267400 0.244900 0.110400 0.084900 0.217300 0.108300 0.176500 0.252400 0.185100 0.251600 0.331700 0.237600 0.257900 0.250400 0.214900
Reindeer 0.209500 0.399300 0.255000 0.331700 0.296400 0.263100 0.218700 0.322600 0.245000 0.043800 0.280900 0.150000 0.163900 0.263600 0.261400 0.196900 0.200100 0.280200 0.209500 0.255700 0.226200 0.280700 0.110300 0.000000 0.258400 0.251400 0.185700 0.230900 0.217700 0.230900 0.044000 0.212700 0.232000 0.182300 0.250800 0.124900 0.209500 0.248900 0.276800 0.089900 0.111200 0.197700 0.087600 0.109600 0.203100 0.217000 0.285900 0.313200 0.218300 0.239200 0.230900 0.224300
Ibex 0.131200 0.543400 0.329900 0.291100 0.206400 0.131200 0.135500 0.230300 0.317600 0.257900 0.020100 0.280400 0.134000 0.178100 0.178500 0.114400 0.331300 0.416800 0.085400 0.330900 0.191400 0.150300 0.278100 0.258400 0.000000 0.214300 0.108700 0.305800 0.183700 0.305800 0.257900 0.132500 0.330400 0.106900 0.126000 0.197800 0.085400 0.161400 0.194800 0.206000 0.277500 0.163900 0.307100 0.276600 0.221900 0.135600 0.199800 0.277700 0.184400 0.309700 0.305800 0.298000
GyrantGaze 0.165700 0.509100 0.180000 0.307400 0.143600 0.165700 0.121000 0.116800 0.226700 0.195400 0.185100 0.186400 0.117900 0.115300 0.218700 0.095800 0.268700 0.289500 0.115400 0.237100 0.180300 0.136200 0.270500 0.251400 0.214300 0.000000 0.140200 0.155300 0.070600 0.155300 0.195400 0.167500 0.267500 0.137700 0.110900 0.130800 0.115400 0.095700 0.133700 0.248300 0.216400 0.046900 0.245400 0.268500 0.212800 0.119700 0.138600 0.210900 0.023000 0.143100 0.155300 0.205100
Hartebeest 0.021100 0.488400 0.250200 0.266400 0.135000 0.064800 0.114300 0.208500 0.240800 0.135300 0.084800 0.258400 0.021200 0.109400 0.157900 0.140800 0.310500 0.331400 0.021100 0.250900 0.169700 0.084800 0.155800 0.185700 0.108700 0.140200 0.000000 0.226300 0.113500 0.226300 0.135300 0.065000 0.228500 0.000000 0.062200 0.175500 0.021100 0.090600 0.127400 0.134700 0.155800 0.092000 0.157500 0.252800 0.255600 0.066600 0.131600 0.254500 0.113200 0.183200 0.226300 0.220300
Bongo 0.196900 0.460500 0.024400 0.358500 0.174500 0.143700 0.207300 0.201500 0.072400 0.174300 0.271600 0.078700 0.203100 0.198100 0.196500 0.156000 0.186900 0.210600 0.196900 0.075600 0.215200 0.271500 0.250400 0.230900 0.305800 0.155300 0.226300 0.000000 0.150800 0.000000 0.174300 0.258100 0.192200 0.221900 0.240400 0.107000 0.196900 0.125500 0.267300 0.289200 0.196100 0.101700 0.225000 0.306600 0.132100 0.150300 0.167900 0.221900 0.151200 0.173800 0.000000 0.048500
Gerenuk 0.137000 0.501300 0.174800 0.365800 0.115400 0.136900 0.093300 0.190000 0.220400 0.164700 0.156400 0.180800 0.091600 0.089600 0.137000 0.070900 0.232200 0.254600 0.089100 0.230100 0.148500 0.156400 0.236700 0.217700 0.183700 0.070600 0.113500 0.150800 0.000000 0.150800 0.164700 0.139200 0.288500 0.111500 0.131000 0.100500 0.089100 0.069600 0.107800 0.216600 0.185500 0.023200 0.212800 0.289300 0.178600 0.092800 0.111500 0.135400 0.045500 0.164100 0.150800 0.199300
CommonElan 0.196900 0.460500 0.024700 0.358500 0.174500 0.143700 0.207300 0.201500 0.072400 0.174300 0.271600 0.078700 0.203100 0.198100 0.196500 0.156000 0.186900 0.210600 0.196900 0.075600 0.215200 0.271500 0.250400 0.230900 0.305800 0.155300 0.226300 0.000000 0.150800 0.000000 0.174300 0.258100 0.192200 0.221900 0.240400 0.107000 0.196900 0.125500 0.267300 0.289200 0.196100 0.101700 0.225000 0.306600 0.132100 0.150300 0.167900 0.221900 0.151200 0.173800 0.000000 0.048800
MuntiacusR 0.158700 0.428300 0.198000 0.330700 0.239800 0.209400 0.217900 0.321300 0.190600 0.000000 0.227900 0.149500 0.113700 0.209200 0.260800 0.196200 0.199200 0.222100 0.158700 0.198500 0.225400 0.227900 0.064100 0.044000 0.257900 0.195400 0.135300 0.174300 0.164700 0.174300 0.000000 0.211500 0.232300 0.132900 0.200200 0.124300 0.158700 0.193100 0.224900 0.089600 0.065000 0.144100 0.043100 0.109400 0.202300 0.164300 0.231600 0.257900 0.165200 0.186200 0.174300 0.169500
HarveysDui 0.087600 0.458500 0.282400 0.296100 0.162100 0.134600 0.044000 0.133700 0.327600 0.211500 0.154000 0.232300 0.089200 0.132800 0.134800 0.117300 0.284100 0.365000 0.087600 0.342600 0.093200 0.153900 0.231700 0.212700 0.132500 0.167500 0.065000 0.258100 0.139200 0.258100 0.211500 0.000000 0.309800 0.063900 0.128900 0.150500 0.087600 0.115600 0.198100 0.159800 0.231900 0.117700 0.260000 0.280200 0.229800 0.090600 0.156600 0.258200 0.138800 0.210600 0.258100 0.307900
Pronghorn 0.202800 0.435900 0.215000 0.378800 0.257200 0.176800 0.291000 0.281500 0.207500 0.232300 0.298100 0.279200 0.258600 0.277400 0.277300 0.324200 0.273300 0.351400 0.227100 0.215800 0.300700 0.247300 0.305400 0.232000 0.330400 0.267500 0.228500 0.192200 0.288500 0.192200 0.232300 0.309800 0.000000 0.224200 0.219100 0.253600 0.227100 0.209500 0.292800 0.341200 0.252400 0.268000 0.281100 0.303200 0.276400 0.233400 0.300100 0.383000 0.235000 0.231900 0.192200 0.187300
BlueWildeb 0.020800 0.478500 0.245400 0.261400 0.133500 0.063700 0.112300 0.204800 0.236300 0.132900 0.083400 0.253300 0.021100 0.106900 0.155000 0.138300 0.304100 0.324700 0.020800 0.246000 0.166500 0.083300 0.153100 0.182300 0.106900 0.137700 0.000000 0.221900 0.111500 0.221900 0.132900 0.063900 0.224200 0.000000 0.061200 0.172100 0.020800 0.089000 0.125300 0.132300 0.153100 0.090400 0.178300 0.248300 0.250500 0.065500 0.129200 0.249900 0.111200 0.179800 0.221900 0.216100
Gemsbok 0.083400 0.460900 0.263300 0.283000 0.152400 0.083400 0.131800 0.176300 0.254100 0.200200 0.102500 0.271600 0.085000 0.127100 0.173800 0.158600 0.320400 0.342500 0.040800 0.263900 0.185800 0.060500 0.220000 0.250800 0.126000 0.110900 0.062200 0.240400 0.131000 0.240400 0.200200 0.128900 0.219100 0.061200 0.000000 0.191500 0.040800 0.109600 0.101700 0.200200 0.219200 0.111100 0.246500 0.269700 0.268400 0.086300 0.147900 0.269000 0.086200 0.199600 0.240400 0.234500
Yak 0.201800 0.401600 0.132700 0.334400 0.179200 0.201800 0.101000 0.205900 0.181700 0.124300 0.221200 0.079100 0.152100 0.148400 0.147400 0.076900 0.133900 0.216900 0.147300 0.190500 0.104700 0.221100 0.199600 0.124900 0.197800 0.130800 0.175500 0.107000 0.100500 0.107000 0.124300 0.150500 0.253600 0.172100 0.191500 0.000000 0.147300 0.128800 0.217700 0.178600 0.201400 0.077200 0.174800 0.198100 0.079400 0.100000 0.172200 0.198900 0.100700 0.178300 0.107000 0.158700
BlueSheep 0.042400 0.482100 0.220300 0.294600 0.111100 0.042400 0.088600 0.182700 0.212200 0.158700 0.062500 0.227600 0.043300 0.086300 0.132700 0.115800 0.277800 0.300600 0.000000 0.220900 0.142500 0.062500 0.179100 0.209500 0.085400 0.115400 0.021100 0.196900 0.089100 0.196900 0.158700 0.087600 0.227100 0.020800 0.040800 0.147300 0.000000 0.067100 0.104900 0.158800 0.178800 0.068100 0.205400 0.279500 0.224900 0.043900 0.107600 0.228000 0.089400 0.207300 0.196900 0.191600
BohorReedb 0.067100 0.404400 0.149600 0.336600 0.045200 0.067000 0.070200 0.165700 0.195700 0.193100 0.134600 0.154700 0.116500 0.067000 0.164400 0.096200 0.206000 0.227100 0.067100 0.204300 0.124200 0.134500 0.267400 0.248900 0.161400 0.095700 0.090600 0.125500 0.069600 0.125500 0.193100 0.115600 0.209500 0.089000 0.109600 0.128800 0.067100 0.000000 0.179400 0.245300 0.213800 0.047100 0.242800 0.320100 0.152900 0.069500 0.136900 0.212200 0.069400 0.140400 0.125500 0.174200
KirksDik 0.150400 0.592700 0.290500 0.308300 0.224400 0.150300 0.203800 0.247800 0.280300 0.224900 0.169000 0.299600 0.106800 0.195200 0.174400 0.182100 0.290900 0.310600 0.104900 0.291200 0.263900 0.124700 0.244900 0.276800 0.194800 0.133700 0.127400 0.267300 0.107800 0.267300 0.224900 0.198100 0.292800 0.125300 0.101700 0.217700 0.104900 0.179400 0.000000 0.223900 0.243800 0.133900 0.248300 0.294100 0.296100 0.154300 0.148900 0.242100 0.106800 0.224300 0.267300 0.260900
RoeDeer 0.158800 0.494700 0.313800 0.270600 0.294900 0.209700 0.217500 0.318700 0.301400 0.089600 0.228000 0.204600 0.113200 0.259900 0.261800 0.194600 0.255900 0.337000 0.158800 0.314700 0.282900 0.228200 0.110400 0.089900 0.206000 0.248300 0.134700 0.289200 0.216600 0.289200 0.089600 0.159800 0.341200 0.132300 0.200200 0.178600 0.158800 0.245300 0.223900 0.000000 0.110600 0.195300 0.135200 0.155800 0.259900 0.215800 0.232000 0.368500 0.215900 0.238100 0.289200 0.281000
WhiteLippe 0.178800 0.487800 0.219300 0.350800 0.260400 0.178700 0.238700 0.284400 0.211200 0.065000 0.247300 0.226800 0.134700 0.229400 0.280300 0.217400 0.278000 0.273700 0.178800 0.220000 0.304600 0.247100 0.084900 0.111200 0.277500 0.216400 0.155800 0.196100 0.185500 0.196100 0.065000 0.231900 0.252400 0.153100 0.219200 0.201400 0.178800 0.213800 0.243800 0.110600 0.000000 0.165600 0.108900 0.176900 0.254300 0.237400 0.200400 0.332600 0.186000 0.206500 0.197400 0.163600
ThomsonGaz 0.116400 0.481500 0.126200 0.340800 0.094200 0.116300 0.071500 0.143000 0.173200 0.144100 0.136500 0.130700 0.069600 0.068100 0.167100 0.047100 0.211200 0.232800 0.068100 0.181000 0.126600 0.136500 0.217300 0.197700 0.163900 0.046900 0.092000 0.101700 0.023200 0.101700 0.144100 0.117700 0.268000 0.090400 0.111100 0.077200 0.068100 0.047100 0.133900 0.195300 0.165600 0.000000 0.193000 0.268800 0.156800 0.070600 0.090900 0.161200 0.023100 0.143500 0.101700 0.151100
MuntiacusC 0.205400 0.420900 0.248700 0.384700 0.289400 0.257800 0.267800 0.372800 0.239500 0.043100 0.275600 0.200200 0.136000 0.257300 0.257200 0.246500 0.250500 0.273100 0.205400 0.249500 0.276900 0.275700 0.108300 0.087600 0.307100 0.245400 0.157500 0.225000 0.212800 0.225000 0.043100 0.260000 0.281100 0.178300 0.246500 0.174800 0.205400 0.242800 0.248300 0.135200 0.108900 0.193000 0.000000 0.154100 0.254200 0.212500 0.228400 0.307100 0.189200 0.234200 0.225000 0.219100
WhiteTaile 0.279500 0.378600 0.331000 0.290700 0.369500 0.335600 0.290400 0.337500 0.318200 0.109400 0.299000 0.224000 0.231400 0.331900 0.332800 0.214600 0.273100 0.352100 0.279500 0.331600 0.300100 0.299700 0.176500 0.109600 0.276600 0.268500 0.252800 0.306600 0.289300 0.306600 0.109400 0.280200 0.303200 0.248300 0.269700 0.198100 0.279500 0.320100 0.294100 0.155800 0.176900 0.268800 0.154100 0.000000 0.222300 0.287300 0.357400 0.328900 0.235900 0.257700 0.306600 0.298600
Cattle 0.224900 0.356400 0.157400 0.295900 0.202500 0.224800 0.179500 0.288300 0.205400 0.202300 0.245300 0.105900 0.232300 0.226500 0.225100 0.101900 0.158600 0.182100 0.224900 0.215100 0.186200 0.300900 0.252400 0.203100 0.221900 0.212800 0.255600 0.132100 0.178600 0.132100 0.202300 0.229800 0.276400 0.250500 0.268400 0.079400 0.224900 0.152900 0.296100 0.259900 0.254300 0.156800 0.254200 0.222300 0.000000 0.178000 0.250600 0.223200 0.179100 0.201600 0.132000 0.155700
RoyalAntel 0.089800 0.431500 0.174300 0.365300 0.115700 0.089800 0.093500 0.189500 0.220000 0.164300 0.110000 0.180200 0.091300 0.089300 0.089800 0.120100 0.231300 0.251900 0.043900 0.229500 0.096600 0.110100 0.185100 0.217000 0.135600 0.119700 0.066600 0.150300 0.092800 0.150300 0.164300 0.090600 0.233400 0.065500 0.086300 0.100000 0.043900 0.069500 0.154300 0.215800 0.237400 0.070600 0.212500 0.287300 0.178000 0.000000 0.111800 0.183800 0.092600 0.216300 0.150300 0.198800
Steenbok 0.154300 0.511200 0.190800 0.377500 0.181700 0.107500 0.160400 0.204900 0.234500 0.231600 0.173000 0.253500 0.110500 0.154300 0.108000 0.139200 0.304200 0.325700 0.107600 0.244100 0.218800 0.173000 0.251600 0.285900 0.199800 0.138600 0.131600 0.167900 0.111500 0.167900 0.231600 0.156600 0.300100 0.129200 0.147900 0.172200 0.107600 0.136900 0.148900 0.232000 0.200400 0.090900 0.228400 0.357400 0.250600 0.111800 0.000000 0.251400 0.089200 0.230800 0.167900 0.214500
Impala 0.281400 0.609900 0.245400 0.466600 0.259600 0.281300 0.213000 0.284800 0.234600 0.257900 0.247700 0.253400 0.232900 0.227600 0.228100 0.161300 0.333100 0.351800 0.228000 0.244100 0.220000 0.298900 0.331700 0.313200 0.277700 0.210900 0.254500 0.221900 0.135400 0.221900 0.257900 0.258200 0.383000 0.249900 0.269000 0.198900 0.228000 0.212200 0.242100 0.368500 0.332600 0.161200 0.307100 0.328900 0.223200 0.183800 0.251400 0.000000 0.184800 0.312400 0.221900 0.269700
Klipspring 0.137500 0.470000 0.175300 0.306000 0.115800 0.137400 0.093600 0.139400 0.221200 0.165200 0.157000 0.181400 0.091300 0.089300 0.163900 0.070700 0.232800 0.253500 0.089400 0.230800 0.148900 0.110200 0.237600 0.218300 0.184400 0.023000 0.113200 0.151200 0.045500 0.151200 0.165200 0.138800 0.235000 0.111200 0.086200 0.100700 0.089400 0.069400 0.106800 0.215900 0.186000 0.023100 0.189200 0.235900 0.179100 0.092600 0.089200 0.184800 0.000000 0.115400 0.151200 0.200000
ForestMusk 0.157200 0.491100 0.197400 0.270300 0.186200 0.207300 0.217100 0.265500 0.242300 0.186200 0.277800 0.204000 0.161600 0.208300 0.316100 0.195400 0.254800 0.276700 0.207300 0.252600 0.282600 0.177600 0.257900 0.239200 0.309700 0.143100 0.183200 0.173800 0.164100 0.173800 0.186200 0.210600 0.231900 0.179800 0.199600 0.178300 0.207300 0.140400 0.224300 0.238100 0.206500 0.143500 0.234200 0.257700 0.201600 0.216300 0.230800 0.312400 0.115400 0.000000 0.173800 0.221700
Bushbuck 0.196900 0.460500 0.024400 0.358500 0.174500 0.142300 0.207300 0.201500 0.072400 0.174300 0.271600 0.078100 0.203100 0.198100 0.196500 0.156000 0.186900 0.210600 0.196900 0.074400 0.215200 0.271500 0.250400 0.230900 0.305800 0.155300 0.226300 0.000000 0.150800 0.000000 0.174300 0.258100 0.192200 0.221900 0.240400 0.107000 0.196900 0.125500 0.267300 0.289200 0.197400 0.101700 0.225000 0.306600 0.132000 0.150300 0.167900 0.221900 0.151200 0.173800 0.000000 0.048600
GreaterKud 0.191600 0.483900 0.072500 0.348300 0.222500 0.139900 0.257100 0.249900 0.070400 0.169500 0.264900 0.129600 0.197500 0.246000 0.244000 0.206100 0.237900 0.234000 0.191600 0.073300 0.266600 0.264800 0.214900 0.224300 0.298000 0.205100 0.220300 0.048500 0.199300 0.048800 0.169500 0.307900 0.187300 0.216100 0.234500 0.158700 0.191600 0.174200 0.260900 0.281000 0.163600 0.151100 0.219100 0.298600 0.155700 0.198800 0.214500 0.269700 0.200000 0.221700 0.048600 0.000000
