1
52 1
Argali 0.000000 0.212000 0.132900 0.238900 0.099900 0.000000 0.064300 0.082100 0.116900 0.115500 0.016100 0.114300 0.064600 0.065900 0.102400 0.081400 0.254800 0.263600 0.048300 0.116900 0.081500 0.049900 0.134900 0.225700 0.032400 0.048500 0.048600 0.116900 0.065500 0.116700 0.115500 0.064300 0.225800 0.032600 0.032800 0.131500 0.047800 0.099900 0.099200 0.149400 0.186200 0.048500 0.115500 0.154100 0.098500 0.113300 0.117500 0.084300 0.098500 0.084400 0.116900 0.116900
LesserMous 0.212000 0.000000 0.218100 0.150100 0.203200 0.212000 0.163100 0.183200 0.183100 0.128100 0.189500 0.144100 0.205000 0.167400 0.229300 0.181800 0.268000 0.323800 0.225300 0.183100 0.146400 0.233300 0.146900 0.198200 0.208700 0.147200 0.188200 0.183100 0.165900 0.201700 0.128100 0.163100 0.217300 0.210000 0.211600 0.197400 0.184900 0.203200 0.201900 0.161300 0.197400 0.147200 0.128100 0.165700 0.200600 0.143100 0.222500 0.188300 0.200300 0.150800 0.183100 0.183100
LesserKudu 0.132900 0.218100 0.000000 0.204400 0.145100 0.132900 0.109100 0.127100 0.030100 0.125900 0.131100 0.060100 0.146400 0.111700 0.131600 0.126500 0.305600 0.315100 0.164800 0.030100 0.126500 0.170300 0.144300 0.194700 0.148900 0.093800 0.166000 0.030100 0.110800 0.014900 0.125900 0.109100 0.253200 0.149800 0.150700 0.075800 0.163200 0.145100 0.144200 0.158500 0.158600 0.093800 0.125900 0.162700 0.076800 0.157500 0.162800 0.130700 0.109500 0.095900 0.030100 0.030100
KillerWhal 0.238900 0.150100 0.204400 0.000000 0.208800 0.238900 0.186200 0.207500 0.169500 0.149200 0.215200 0.166100 0.231300 0.191600 0.215900 0.206300 0.252200 0.307900 0.252000 0.169500 0.150200 0.239100 0.169200 0.222200 0.234900 0.169800 0.255000 0.169500 0.189600 0.187800 0.149200 0.186200 0.243800 0.237300 0.238800 0.184100 0.209700 0.208800 0.228100 0.183400 0.183400 0.169800 0.149200 0.188600 0.186800 0.202000 0.208500 0.213600 0.186900 0.174000 0.169500 0.169500
DefassaWat 0.099900 0.203200 0.145100 0.208800 0.000000 0.099900 0.061900 0.078900 0.112200 0.111000 0.081400 0.110100 0.131500 0.063400 0.116400 0.046100 0.290000 0.299300 0.114300 0.112200 0.061700 0.118400 0.129300 0.216500 0.098400 0.046600 0.115300 0.112200 0.062900 0.129200 0.111000 0.061900 0.216500 0.099100 0.099800 0.126800 0.113400 0.000000 0.095700 0.143600 0.178900 0.046600 0.111000 0.147400 0.094800 0.109400 0.113400 0.115400 0.094700 0.080700 0.112200 0.112200
Sheep 0.000000 0.212000 0.132900 0.238900 0.099900 0.000000 0.064300 0.082100 0.116900 0.115500 0.016100 0.114300 0.064600 0.065900 0.102400 0.081400 0.254800 0.263600 0.048300 0.116900 0.081500 0.049900 0.134900 0.225700 0.032400 0.048500 0.048600 0.116900 0.065500 0.116700 0.115500 0.064300 0.225800 0.032600 0.032800 0.131500 0.047800 0.099900 0.099200 0.149400 0.186200 0.048500 0.115500 0.154100 0.098500 0.113300 0.117500 0.084300 0.098500 0.084400 0.116900 0.116900
MaxwellsDu 0.064300 0.163100 0.109100 0.186200 0.061900 0.064300 0.000000 0.045800 0.077500 0.076700 0.047200 0.076000 0.095200 0.030700 0.080200 0.045500 0.241000 0.248400 0.046500 0.077500 0.045600 0.081600 0.093800 0.176800 0.063400 0.015000 0.079500 0.077500 0.030400 0.093700 0.076700 0.000000 0.193200 0.063800 0.064200 0.092000 0.078200 0.061900 0.061600 0.108000 0.141400 0.015000 0.076700 0.110900 0.061200 0.044600 0.078100 0.079600 0.061100 0.046800 0.077500 0.077500
GazellaPrz 0.082100 0.183200 0.127100 0.207500 0.078900 0.082100 0.045800 0.000000 0.094800 0.093800 0.064200 0.093000 0.113300 0.046900 0.098300 0.061800 0.266200 0.274800 0.096700 0.094800 0.061900 0.099900 0.078400 0.196700 0.080900 0.030600 0.097400 0.094800 0.046500 0.111500 0.093800 0.045800 0.215700 0.081500 0.082000 0.076500 0.062500 0.078900 0.078400 0.125800 0.125900 0.030600 0.093800 0.129300 0.069900 0.092300 0.062400 0.097500 0.077800 0.063700 0.094800 0.094800
MountainNy 0.116900 0.183100 0.030100 0.169500 0.112200 0.116900 0.077500 0.094800 0.000000 0.093800 0.097900 0.029900 0.113200 0.079400 0.098200 0.094100 0.266000 0.274600 0.131100 0.000000 0.094300 0.135500 0.111500 0.160900 0.115200 0.062200 0.132100 0.000000 0.078700 0.014800 0.093800 0.077500 0.215600 0.116000 0.116700 0.045200 0.129800 0.112200 0.111600 0.125800 0.125900 0.062200 0.093800 0.129200 0.045800 0.124200 0.129500 0.097500 0.077700 0.063700 0.000000 0.000000
MuntiacusM 0.115500 0.128100 0.125900 0.149200 0.111000 0.115500 0.076700 0.093800 0.093800 0.000000 0.096800 0.092000 0.146600 0.070000 0.131800 0.093100 0.179100 0.226200 0.129700 0.093800 0.061200 0.134000 0.015000 0.092000 0.113900 0.061500 0.130600 0.093800 0.077900 0.110300 0.000000 0.076700 0.136000 0.114600 0.115300 0.108300 0.094600 0.111000 0.110300 0.029600 0.060100 0.061500 0.000000 0.030300 0.109800 0.091300 0.128100 0.096400 0.109600 0.063000 0.093800 0.093800
goat 0.016100 0.189500 0.131100 0.215200 0.081400 0.016100 0.047200 0.064200 0.097900 0.096800 0.000000 0.095800 0.047400 0.048400 0.083400 0.063700 0.228900 0.236600 0.031500 0.097900 0.063800 0.032600 0.115300 0.203100 0.015800 0.031600 0.031700 0.097900 0.048000 0.115200 0.096800 0.047200 0.201500 0.015900 0.016100 0.112600 0.031200 0.081400 0.080900 0.129700 0.165200 0.031600 0.096800 0.133700 0.080300 0.094700 0.098500 0.065900 0.080200 0.066000 0.097900 0.097900
AfricanBuf 0.114300 0.144100 0.060100 0.166100 0.110100 0.114300 0.076000 0.093000 0.029900 0.092000 0.095800 0.000000 0.077900 0.077800 0.096100 0.092400 0.258800 0.266600 0.128300 0.029900 0.092600 0.132600 0.109300 0.124200 0.112700 0.061000 0.095300 0.029900 0.077200 0.045100 0.092000 0.076000 0.172000 0.113400 0.114100 0.044400 0.127200 0.110100 0.109500 0.123500 0.123600 0.061000 0.092000 0.126600 0.045000 0.090700 0.127100 0.095400 0.076300 0.062300 0.029900 0.029900
Topi 0.064600 0.205000 0.146400 0.231300 0.131500 0.064600 0.095200 0.113300 0.113200 0.146600 0.047400 0.077900 0.000000 0.097600 0.099100 0.112500 0.289300 0.298800 0.079200 0.113200 0.112700 0.082000 0.166300 0.162800 0.063700 0.079600 0.014700 0.113200 0.096700 0.130500 0.146600 0.095200 0.217700 0.031300 0.064600 0.127800 0.078500 0.132400 0.130700 0.180300 0.180400 0.079600 0.146600 0.185600 0.095500 0.110100 0.149400 0.116200 0.095500 0.116300 0.113200 0.113200
CommonDuik 0.065900 0.167400 0.111700 0.191600 0.063400 0.065900 0.030700 0.046900 0.079400 0.070000 0.048400 0.077800 0.097600 0.000000 0.082300 0.046600 0.248500 0.256500 0.080900 0.079400 0.046600 0.083700 0.096000 0.181100 0.065000 0.015400 0.081500 0.079400 0.031100 0.096000 0.078500 0.030700 0.198800 0.065400 0.065900 0.094100 0.080100 0.063400 0.063100 0.110500 0.144800 0.015400 0.078500 0.113500 0.062600 0.077300 0.080100 0.081600 0.062500 0.048000 0.079400 0.079400
Suni 0.102400 0.229300 0.131600 0.215900 0.116400 0.102400 0.080200 0.098300 0.098200 0.131800 0.083400 0.096100 0.099100 0.082300 0.000000 0.097500 0.226900 0.234700 0.117100 0.098200 0.097600 0.121300 0.151400 0.203800 0.100900 0.064500 0.118200 0.098200 0.081600 0.115500 0.131800 0.080200 0.218400 0.101700 0.067100 0.112900 0.115900 0.116400 0.115600 0.165600 0.165700 0.064500 0.131800 0.170800 0.080500 0.129300 0.134100 0.118200 0.080500 0.065600 0.098200 0.098200
Springbuck 0.081400 0.181800 0.126500 0.206300 0.046100 0.081400 0.045500 0.061800 0.094100 0.093100 0.063700 0.092400 0.112500 0.046600 0.097500 0.000000 0.220800 0.227600 0.095900 0.094100 0.061500 0.099100 0.110700 0.195200 0.080200 0.030400 0.096600 0.094100 0.046200 0.110600 0.093100 0.045500 0.213700 0.080800 0.081300 0.108600 0.095000 0.046100 0.046100 0.124900 0.159000 0.030400 0.093100 0.128100 0.077400 0.091800 0.095000 0.096700 0.077300 0.063200 0.094100 0.094100
Okapi 0.254800 0.268000 0.305600 0.252200 0.290000 0.254800 0.241000 0.266200 0.266000 0.179100 0.228900 0.258800 0.289300 0.248500 0.226900 0.220800 0.000000 0.037000 0.268000 0.266000 0.221700 0.254100 0.201900 0.215200 0.206200 0.223800 0.271000 0.266000 0.246500 0.288200 0.179100 0.241000 0.168500 0.252700 0.212500 0.278800 0.221700 0.290000 0.243700 0.175400 0.236200 0.223800 0.179100 0.142000 0.238200 0.256000 0.264800 0.251000 0.240500 0.188600 0.266000 0.266000
Giraffe 0.263600 0.323800 0.315100 0.307900 0.299300 0.263600 0.248400 0.274800 0.274600 0.226200 0.236600 0.266600 0.298800 0.256500 0.234700 0.227600 0.037000 0.000000 0.276700 0.274600 0.272800 0.262600 0.251700 0.264200 0.213100 0.231000 0.280100 0.274600 0.254500 0.297500 0.226200 0.248400 0.217800 0.261500 0.218400 0.286800 0.272600 0.299300 0.251300 0.221100 0.287000 0.231000 0.226200 0.186800 0.245400 0.308100 0.272800 0.259500 0.248000 0.195100 0.274600 0.274600
TibetanAnt 0.048300 0.225300 0.164800 0.252000 0.114300 0.048300 0.046500 0.096700 0.131100 0.129700 0.031500 0.128300 0.079200 0.080900 0.117100 0.095900 0.268000 0.276700 0.000000 0.131100 0.096100 0.065200 0.148900 0.238800 0.047600 0.063400 0.063600 0.131100 0.080300 0.148800 0.129700 0.046500 0.239400 0.047900 0.048200 0.145500 0.062500 0.114300 0.113600 0.161900 0.199700 0.063400 0.129400 0.168000 0.112900 0.093700 0.131800 0.099200 0.112800 0.099200 0.131100 0.131100
Sitatunga 0.116900 0.183100 0.030100 0.169500 0.112200 0.116900 0.077500 0.094800 0.000000 0.093800 0.097900 0.029900 0.113200 0.079400 0.098200 0.094100 0.266000 0.274600 0.131100 0.000000 0.094300 0.135500 0.111500 0.160900 0.115200 0.062200 0.132100 0.000000 0.078700 0.015100 0.093800 0.077500 0.215600 0.116000 0.116700 0.045200 0.129800 0.112200 0.111600 0.125800 0.125900 0.062200 0.093800 0.129200 0.045800 0.125100 0.129500 0.097500 0.077700 0.063700 0.000000 0.000000
Oribi 0.081500 0.146400 0.126500 0.150200 0.061700 0.081500 0.045600 0.061900 0.094300 0.061200 0.063800 0.092600 0.112700 0.046600 0.097600 0.061500 0.221700 0.272800 0.096100 0.094300 0.000000 0.099300 0.077900 0.160300 0.080300 0.030400 0.096800 0.094300 0.046200 0.110900 0.061200 0.045500 0.175200 0.080900 0.081200 0.108900 0.062400 0.061700 0.078100 0.092300 0.125400 0.030400 0.061200 0.094700 0.077500 0.060300 0.095200 0.096900 0.077400 0.063300 0.094300 0.094300
BarbaryShe 0.049900 0.233300 0.170300 0.239100 0.118400 0.049900 0.081600 0.099900 0.135500 0.134000 0.032600 0.132600 0.082000 0.083700 0.121300 0.099100 0.254100 0.262600 0.065200 0.135500 0.099300 0.000000 0.154000 0.246700 0.049200 0.065500 0.065800 0.135500 0.083000 0.153800 0.134000 0.081600 0.225400 0.049600 0.049900 0.150300 0.064600 0.118400 0.117700 0.168400 0.206100 0.065500 0.134000 0.173600 0.116600 0.131600 0.117700 0.102500 0.116600 0.102700 0.135500 0.135500
Daviddeer 0.134900 0.146900 0.144300 0.169200 0.129300 0.134900 0.093800 0.078400 0.111500 0.015000 0.115300 0.109300 0.166300 0.096000 0.151400 0.110700 0.201900 0.251700 0.148900 0.111500 0.077900 0.154000 0.000000 0.109300 0.132900 0.078400 0.150000 0.111500 0.095300 0.128600 0.015000 0.093800 0.156400 0.133800 0.134700 0.125900 0.112600 0.129300 0.128500 0.045100 0.045100 0.078400 0.015000 0.046300 0.127800 0.108400 0.146900 0.114800 0.127600 0.080300 0.111500 0.111500
Reindeer 0.225700 0.198200 0.194700 0.222200 0.216500 0.225700 0.176800 0.196700 0.160900 0.092000 0.203100 0.124200 0.162800 0.181100 0.203800 0.195200 0.215200 0.264200 0.238800 0.160900 0.160300 0.246700 0.109300 0.000000 0.183400 0.161100 0.182800 0.160900 0.179600 0.178800 0.092000 0.176800 0.152500 0.203600 0.225000 0.158400 0.198500 0.216500 0.214900 0.090700 0.090900 0.161100 0.092000 0.060700 0.177900 0.156700 0.235400 0.202500 0.141700 0.164800 0.160900 0.160900
Ibex 0.032400 0.208700 0.148900 0.234900 0.098400 0.032400 0.063400 0.080900 0.115200 0.113900 0.015800 0.112700 0.063700 0.065000 0.100900 0.080200 0.206200 0.213100 0.047600 0.115200 0.080300 0.049200 0.132900 0.183400 0.000000 0.047800 0.047900 0.115200 0.064500 0.132800 0.113900 0.063400 0.201200 0.032100 0.032300 0.129700 0.047100 0.098400 0.097800 0.111900 0.183600 0.047800 0.113900 0.115300 0.097100 0.111700 0.115800 0.083100 0.063200 0.083100 0.115200 0.115200
GyrantGaze 0.048500 0.147200 0.093800 0.169800 0.046600 0.048500 0.015000 0.030600 0.062200 0.061500 0.031600 0.061000 0.079600 0.015400 0.064500 0.030400 0.223800 0.231000 0.063400 0.062200 0.030400 0.065500 0.078400 0.161100 0.047800 0.000000 0.063900 0.062200 0.015300 0.078400 0.061500 0.015000 0.176400 0.048100 0.048400 0.076800 0.062800 0.046600 0.046300 0.092800 0.126000 0.000000 0.061500 0.095300 0.046000 0.060500 0.062700 0.064000 0.045900 0.031400 0.062200 0.062200
Hartebeest 0.048600 0.188200 0.166000 0.255000 0.115300 0.048600 0.079500 0.097400 0.132100 0.130600 0.031700 0.095300 0.014700 0.081500 0.118200 0.096600 0.271000 0.280100 0.063600 0.132100 0.096800 0.065800 0.150000 0.182800 0.047900 0.063900 0.000000 0.132100 0.080900 0.149900 0.130600 0.079500 0.200100 0.015700 0.048600 0.146600 0.063000 0.115300 0.114600 0.164200 0.200900 0.063900 0.130600 0.169200 0.113600 0.094500 0.133000 0.099900 0.113600 0.100000 0.132100 0.132100
Bongo 0.116900 0.183100 0.030100 0.169500 0.112200 0.116900 0.077500 0.094800 0.000000 0.093800 0.097900 0.029900 0.113200 0.079400 0.098200 0.094100 0.266000 0.274600 0.131100 0.000000 0.094300 0.135500 0.111500 0.160900 0.115200 0.062200 0.132100 0.000000 0.078700 0.015100 0.093800 0.077500 0.215600 0.116000 0.116700 0.045200 0.129800 0.112200 0.111600 0.125800 0.125900 0.062200 0.093800 0.129200 0.045800 0.125100 0.129500 0.097500 0.077700 0.063700 0.000000 0.000000
Gerenuk 0.065500 0.165900 0.110800 0.189600 0.062900 0.065500 0.030400 0.046500 0.078700 0.077900 0.048000 0.077200 0.096700 0.031100 0.081600 0.046200 0.246500 0.254500 0.080300 0.078700 0.046200 0.083000 0.095300 0.179600 0.064500 0.015300 0.080900 0.078700 0.000000 0.095200 0.077900 0.030400 0.197000 0.064900 0.065400 0.093300 0.079500 0.062900 0.062500 0.109700 0.143600 0.015300 0.077900 0.112700 0.062100 0.076600 0.079300 0.081000 0.062000 0.047600 0.078700 0.078700
CommonElan 0.116700 0.201700 0.014900 0.187800 0.129200 0.116700 0.093700 0.111500 0.014800 0.110300 0.115200 0.045100 0.130500 0.096000 0.115500 0.110600 0.288200 0.297500 0.148800 0.015100 0.110900 0.153800 0.128600 0.178800 0.132800 0.078400 0.149900 0.015100 0.095200 0.000000 0.110300 0.093700 0.236000 0.133600 0.134500 0.060700 0.147200 0.129200 0.128400 0.142900 0.143000 0.078400 0.110300 0.146800 0.061500 0.141800 0.146700 0.114700 0.094000 0.080200 0.015100 0.015100
MuntiacusR 0.115500 0.128100 0.125900 0.149200 0.111000 0.115500 0.076700 0.093800 0.093800 0.000000 0.096800 0.092000 0.146600 0.078500 0.131800 0.093100 0.179100 0.226200 0.129700 0.093800 0.061200 0.134000 0.015000 0.092000 0.113900 0.061500 0.130600 0.093800 0.077900 0.110300 0.000000 0.076700 0.136000 0.114600 0.115300 0.108300 0.094600 0.111000 0.110300 0.029600 0.060100 0.061500 0.000000 0.030300 0.109800 0.091300 0.128100 0.096400 0.109600 0.063000 0.093800 0.093800
HarveysDui 0.064300 0.163100 0.109100 0.186200 0.061900 0.064300 0.000000 0.045800 0.077500 0.076700 0.047200 0.076000 0.095200 0.030700 0.080200 0.045500 0.241000 0.248400 0.046500 0.077500 0.045500 0.081600 0.093800 0.176800 0.063400 0.015000 0.079500 0.077500 0.030400 0.093700 0.076700 0.000000 0.193200 0.063800 0.064200 0.092000 0.078200 0.061900 0.061600 0.108000 0.141400 0.015000 0.076700 0.110900 0.061200 0.044600 0.078100 0.079600 0.061100 0.046800 0.077500 0.077500
Pronghorn 0.225800 0.217300 0.253200 0.243800 0.216500 0.225800 0.193200 0.215700 0.215600 0.136000 0.201500 0.172000 0.217700 0.198800 0.218400 0.213700 0.168500 0.217800 0.239400 0.215600 0.175200 0.225400 0.156400 0.152500 0.201200 0.176400 0.200100 0.215600 0.197000 0.236000 0.136000 0.193200 0.000000 0.223800 0.225500 0.229700 0.195900 0.216500 0.236000 0.152300 0.209500 0.176400 0.136000 0.119400 0.234100 0.170500 0.215400 0.200300 0.213700 0.181400 0.215600 0.215600
BlueWildeb 0.032600 0.210000 0.149800 0.237300 0.099100 0.032600 0.063800 0.081500 0.116000 0.114600 0.015900 0.113400 0.031300 0.065400 0.101700 0.080800 0.252700 0.261500 0.047900 0.116000 0.080900 0.049600 0.133800 0.203600 0.032100 0.048100 0.015700 0.116000 0.064900 0.133600 0.114600 0.063800 0.223800 0.000000 0.032600 0.130500 0.047400 0.099100 0.098600 0.148000 0.184500 0.048100 0.114600 0.152700 0.097300 0.112400 0.116700 0.083600 0.097700 0.083700 0.116000 0.116000
Gemsbok 0.032800 0.211600 0.150700 0.238800 0.099800 0.032800 0.064200 0.082000 0.116700 0.115300 0.016100 0.114100 0.064600 0.065900 0.067100 0.081300 0.212500 0.218400 0.048200 0.116700 0.081200 0.049900 0.134700 0.225000 0.032300 0.048400 0.048600 0.116700 0.065400 0.134500 0.115300 0.064200 0.225500 0.032600 0.000000 0.131300 0.047700 0.099800 0.099200 0.149000 0.185700 0.048400 0.115300 0.153800 0.098300 0.113100 0.117400 0.083400 0.098300 0.049700 0.116700 0.116700
Yak 0.131500 0.197400 0.075800 0.184100 0.126800 0.131500 0.092000 0.076500 0.045200 0.108300 0.112600 0.044400 0.127800 0.094100 0.112900 0.108600 0.278800 0.286800 0.145500 0.045200 0.108900 0.150300 0.125900 0.158400 0.129700 0.076800 0.146600 0.045200 0.093300 0.060700 0.108300 0.092000 0.229700 0.130500 0.131300 0.000000 0.109900 0.126800 0.126100 0.140200 0.124000 0.076800 0.108300 0.143600 0.060500 0.139600 0.109900 0.112200 0.092300 0.078400 0.045200 0.045200
BlueSheep 0.047800 0.184900 0.163200 0.209700 0.113400 0.047800 0.078200 0.062500 0.129800 0.094600 0.031200 0.127200 0.078500 0.080100 0.115900 0.095000 0.221700 0.272600 0.062500 0.129800 0.062400 0.064600 0.112600 0.198500 0.047100 0.062800 0.063000 0.129800 0.079500 0.147200 0.094600 0.078200 0.195900 0.047400 0.047700 0.109900 0.000000 0.113400 0.112700 0.126900 0.161600 0.062800 0.094600 0.130400 0.111900 0.093100 0.096000 0.098000 0.111700 0.098100 0.130000 0.129800
BohorReedb 0.099900 0.203200 0.145100 0.208800 0.000000 0.099900 0.061900 0.078900 0.112200 0.111000 0.081400 0.110100 0.132400 0.063400 0.116400 0.046100 0.290000 0.299300 0.114300 0.112200 0.061700 0.118400 0.129300 0.216500 0.098400 0.046600 0.115300 0.112200 0.062900 0.129200 0.111000 0.061900 0.216500 0.099100 0.099800 0.126800 0.113400 0.000000 0.095700 0.143600 0.178900 0.046600 0.111000 0.147400 0.094800 0.109400 0.113400 0.115400 0.094700 0.080700 0.112200 0.112200
KirksDik 0.099200 0.201900 0.144200 0.228100 0.095700 0.099200 0.061600 0.078400 0.111600 0.110300 0.080900 0.109500 0.130700 0.063100 0.115600 0.046100 0.243700 0.251300 0.113600 0.111600 0.078100 0.117700 0.128500 0.214900 0.097800 0.046300 0.114600 0.111600 0.062500 0.128400 0.110300 0.061600 0.236000 0.098600 0.099200 0.126100 0.112700 0.095700 0.000000 0.142600 0.177600 0.046300 0.110300 0.146400 0.094300 0.108900 0.112800 0.114600 0.094200 0.080200 0.111600 0.111600
RoeDeer 0.149400 0.161300 0.158500 0.183400 0.143600 0.149400 0.108000 0.125800 0.125800 0.029600 0.129700 0.123500 0.180300 0.110500 0.165600 0.124900 0.175400 0.221100 0.161900 0.125800 0.092300 0.168400 0.045100 0.090700 0.111900 0.092800 0.164200 0.125800 0.109700 0.142900 0.029600 0.108000 0.152300 0.148000 0.149000 0.140200 0.126900 0.143600 0.142600 0.000000 0.090100 0.092800 0.029300 0.029800 0.142200 0.122600 0.161100 0.129300 0.107900 0.094900 0.125800 0.125800
WhiteLippe 0.186200 0.197400 0.158600 0.183400 0.178900 0.186200 0.141400 0.125900 0.125900 0.060100 0.165200 0.123600 0.180400 0.144800 0.165700 0.159000 0.236200 0.287000 0.199700 0.125900 0.125400 0.206100 0.045100 0.090900 0.183600 0.126000 0.200900 0.125900 0.143600 0.143000 0.060100 0.141400 0.209500 0.184500 0.185700 0.124000 0.161600 0.178900 0.177600 0.090100 0.000000 0.126000 0.060100 0.093000 0.125200 0.156100 0.197100 0.164700 0.141900 0.128800 0.125900 0.125900
ThomsonGaz 0.048500 0.147200 0.093800 0.169800 0.046600 0.048500 0.015000 0.030600 0.062200 0.061500 0.031600 0.061000 0.079600 0.015400 0.064500 0.030400 0.223800 0.231000 0.063400 0.062200 0.030400 0.065500 0.078400 0.161100 0.047800 0.000000 0.063900 0.062200 0.015300 0.078400 0.061500 0.015000 0.176400 0.048100 0.048400 0.076800 0.062800 0.046600 0.046300 0.092800 0.126000 0.000000 0.061500 0.095300 0.046000 0.060500 0.062700 0.057700 0.045900 0.031400 0.062200 0.062200
MuntiacusC 0.115500 0.128100 0.125900 0.149200 0.111000 0.115500 0.076700 0.093800 0.093800 0.000000 0.096800 0.092000 0.146600 0.078500 0.131800 0.093100 0.179100 0.226200 0.129400 0.093800 0.061200 0.134000 0.015000 0.092000 0.113900 0.061500 0.130600 0.093800 0.077900 0.110300 0.000000 0.076700 0.136000 0.114600 0.115300 0.108300 0.094600 0.111000 0.110300 0.029300 0.060100 0.061500 0.000000 0.030300 0.109800 0.091300 0.128100 0.096400 0.109600 0.063000 0.093800 0.093800
WhiteTaile 0.154100 0.165700 0.162700 0.188600 0.147400 0.154100 0.110900 0.129300 0.129200 0.030300 0.133700 0.126600 0.185600 0.113500 0.170800 0.128100 0.142000 0.186800 0.168000 0.129200 0.094700 0.173600 0.046300 0.060700 0.115300 0.095300 0.169200 0.129200 0.112700 0.146800 0.030300 0.110900 0.119400 0.152700 0.153800 0.143600 0.130400 0.147400 0.146400 0.029800 0.093000 0.095300 0.030300 0.000000 0.145800 0.125500 0.165200 0.133200 0.110600 0.097700 0.129200 0.129200
Cattle 0.098500 0.200600 0.076800 0.186800 0.094800 0.098500 0.061200 0.069900 0.045800 0.109800 0.080300 0.045000 0.095500 0.062600 0.080500 0.077400 0.238200 0.245400 0.112900 0.045800 0.077500 0.116600 0.127800 0.177900 0.097100 0.046000 0.113600 0.045800 0.062100 0.061500 0.109800 0.061200 0.234100 0.097300 0.098300 0.060500 0.111900 0.094800 0.094300 0.142200 0.125200 0.046000 0.109800 0.145800 0.000000 0.108100 0.111700 0.113900 0.061400 0.079600 0.045800 0.045800
RoyalAntel 0.113300 0.143100 0.157500 0.202000 0.109400 0.113300 0.044600 0.092300 0.124200 0.091300 0.094700 0.090700 0.110100 0.077300 0.129300 0.091800 0.256000 0.308100 0.093700 0.125100 0.060300 0.131600 0.108400 0.156700 0.111700 0.060500 0.094500 0.125100 0.076600 0.141800 0.091300 0.044600 0.170500 0.112400 0.113100 0.139600 0.093100 0.109400 0.108900 0.122600 0.156100 0.060500 0.091300 0.125500 0.108100 0.000000 0.126500 0.128300 0.075800 0.094300 0.125100 0.125100
Steenbok 0.117500 0.222500 0.162800 0.208500 0.113400 0.117500 0.078100 0.062400 0.129500 0.128100 0.098500 0.127100 0.149400 0.080100 0.134100 0.095000 0.264800 0.272800 0.131800 0.129500 0.095200 0.117700 0.146900 0.235400 0.115800 0.062700 0.133000 0.129500 0.079300 0.146700 0.128100 0.078100 0.215400 0.116700 0.117400 0.109900 0.096000 0.113400 0.112800 0.161100 0.197100 0.062700 0.128100 0.165200 0.111700 0.126500 0.000000 0.132900 0.111600 0.097700 0.129500 0.129500
Impala 0.084300 0.188300 0.130700 0.213600 0.115400 0.084300 0.079600 0.097500 0.097500 0.096400 0.065900 0.095400 0.116200 0.081600 0.118200 0.096700 0.251000 0.259500 0.099200 0.097500 0.096900 0.102500 0.114800 0.202500 0.083100 0.064000 0.099900 0.097500 0.081000 0.114700 0.096400 0.079600 0.200300 0.083600 0.083400 0.112200 0.098000 0.115400 0.114600 0.129300 0.164700 0.057700 0.096400 0.133200 0.113900 0.128300 0.132900 0.000000 0.113800 0.065600 0.097500 0.097500
Klipspring 0.098500 0.200300 0.109500 0.186900 0.094700 0.098500 0.061100 0.077800 0.077700 0.109600 0.080200 0.076300 0.095500 0.062500 0.080500 0.077300 0.240500 0.248000 0.112800 0.077700 0.077400 0.116600 0.127600 0.141700 0.063200 0.045900 0.113600 0.077700 0.062000 0.094000 0.109600 0.061100 0.213700 0.097700 0.098300 0.092300 0.111700 0.094700 0.094200 0.107900 0.141900 0.045900 0.109600 0.110600 0.061400 0.075800 0.111600 0.113800 0.000000 0.079600 0.077700 0.077700
ForestMusk 0.084400 0.150800 0.095900 0.174000 0.080700 0.084400 0.046800 0.063700 0.063700 0.063000 0.066000 0.062300 0.116300 0.048000 0.065600 0.063200 0.188600 0.195100 0.099200 0.063700 0.063300 0.102700 0.080300 0.164800 0.083100 0.031400 0.100000 0.063700 0.047600 0.080200 0.063000 0.046800 0.181400 0.083700 0.049700 0.078400 0.098100 0.080700 0.080200 0.094900 0.128800 0.031400 0.063000 0.097700 0.079600 0.094300 0.097700 0.065600 0.079600 0.000000 0.063700 0.063700
Bushbuck 0.116900 0.183100 0.030100 0.169500 0.112200 0.116900 0.077500 0.094800 0.000000 0.093800 0.097900 0.029900 0.113200 0.079400 0.098200 0.094100 0.266000 0.274600 0.131100 0.000000 0.094300 0.135500 0.111500 0.160900 0.115200 0.062200 0.132100 0.000000 0.078700 0.015100 0.093800 0.077500 0.215600 0.116000 0.116700 0.045200 0.130000 0.112200 0.111600 0.125800 0.125900 0.062200 0.093800 0.129200 0.045800 0.125100 0.129500 0.097500 0.077700 0.063700 0.000000 0.000000
GreaterKud 0.116900 0.183100 0.030100 0.169500 0.112200 0.116900 0.077500 0.094800 0.000000 0.093800 0.097900 0.029900 0.113200 0.079400 0.098200 0.094100 0.266000 0.274600 0.131100 0.000000 0.094300 0.135500 0.111500 0.160900 0.115200 0.062200 0.132100 0.000000 0.078700 0.015100 0.093800 0.077500 0.215600 0.116000 0.116700 0.045200 0.129800 0.112200 0.111600 0.125800 0.125900 0.062200 0.093800 0.129200 0.045800 0.125100 0.129500 0.097500 0.077700 0.063700 0.000000 0.000000
