CODONML (in paml version 4.10.7, June 2023)  /home/rachel/ruminants_paml/6406-phy-tree/ENSBTAT00000002462.fasta.phy
Model: free dN/dS Ratios for branches,  kappa = 2.000 fixed

Codon frequency model: F3x4
ns =  54  ls =  67

Codon usage in sequences
--------------------------------------------------------------------------------------------------------------------------------------
Phe TTT   1   1   1   1   1   1 | Ser TCT   0   0   0   0   0   0 | Tyr TAT   2   2   2   2   3   3 | Cys TGT   0   0   0   0   0   0
    TTC   1   1   1   1   1   1 |     TCC   0   0   0   0   0   0 |     TAC   1   1   1   1   0   0 |     TGC   0   0   0   0   0   0
Leu TTA   0   0   0   0   1   0 |     TCA   0   0   0   1   0   0 | *** TAA   0   0   0   0   0   0 | *** TGA   0   0   0   0   0   0
    TTG   1   1   1   1   1   1 |     TCG   1   1   1   0   1   1 |     TAG   0   0   0   0   0   0 | Trp TGG   1   1   1   1   1   1
--------------------------------------------------------------------------------------------------------------------------------------
Leu CTT   2   1   2   2   1   1 | Pro CCT   0   0   0   0   0   0 | His CAT   1   0   0   0   0   0 | Arg CGT   0   0   0   0   0   0
    CTC   1   2   1   1   2   1 |     CCC   0   0   0   0   0   0 |     CAC   0   2   1   0   1   1 |     CGC   0   0   0   0   0   0
    CTA   0   0   0   0   0   0 |     CCA   0   0   0   0   0   0 | Gln CAA   4   3   4   5   4   4 |     CGA   1   1   1   1   2   1
    CTG   1   1   1   1   0   1 |     CCG   0   0   0   0   0   0 |     CAG   3   2   2   2   2   2 |     CGG   1   2   2   2   1   2
--------------------------------------------------------------------------------------------------------------------------------------
Ile ATT   0   0   0   0   0   1 | Thr ACT   1   1   1   1   1   1 | Asn AAT   1   1   1   1   1   1 | Ser AGT   0   0   0   0   0   0
    ATC   1   2   1   1   2   0 |     ACC   0   1   0   0   0   0 |     AAC   1   1   1   1   1   2 |     AGC   1   1   1   1   1   0
    ATA   2   1   2   2   2   1 |     ACA   1   0   1   1   1   1 | Lys AAA   2   2   2   2   2   2 | Arg AGA   3   3   3   3   3   3
Met ATG   1   1   1   1   1   2 |     ACG   0   0   0   0   0   0 |     AAG   1   1   1   1   1   1 |     AGG   0   0   1   0   0   1
--------------------------------------------------------------------------------------------------------------------------------------
Val GTT   1   1   1   1   0   2 | Ala GCT   2   2   2   2   1   2 | Asp GAT   3   2   3   3   2   1 | Gly GGT   2   3   2   2   3   3
    GTC   2   1   3   2   2   3 |     GCC   0   0   0   0   0   0 |     GAC   2   3   2   2   3   3 |     GGC   3   2   3   3   2   2
    GTA   0   1   0   0   1   0 |     GCA   2   1   2   2   2   2 | Glu GAA   5   4   5   5   5   6 |     GGA   3   3   3   3   3   3
    GTG   2   2   1   2   1   1 |     GCG   0   1   0   0   1   0 |     GAG   2   3   2   2   2   2 |     GGG   1   1   0   1   1   0
--------------------------------------------------------------------------------------------------------------------------------------

--------------------------------------------------------------------------------------------------------------------------------------
Phe TTT   1   1   1   1   1   1 | Ser TCT   0   0   0   0   0   0 | Tyr TAT   2   2   2   2   2   2 | Cys TGT   0   0   0   0   0   0
    TTC   1   1   1   1   1   1 |     TCC   0   0   0   0   0   0 |     TAC   1   1   1   1   1   1 |     TGC   0   0   0   0   0   0
Leu TTA   0   0   0   0   0   0 |     TCA   0   0   0   0   0   0 | *** TAA   0   0   0   0   0   0 | *** TGA   0   0   0   0   0   0
    TTG   1   1   1   1   1   1 |     TCG   1   1   1   1   1   1 |     TAG   0   0   0   0   0   0 | Trp TGG   1   1   1   1   1   1
--------------------------------------------------------------------------------------------------------------------------------------
Leu CTT   2   3   2   2   2   2 | Pro CCT   0   0   0   0   0   0 | His CAT   1   1   0   1   0   0 | Arg CGT   0   0   0   0   0   0
    CTC   1   0   1   1   1   1 |     CCC   0   0   0   0   0   0 |     CAC   0   0   1   0   1   1 |     CGC   0   0   0   0   0   0
    CTA   0   0   0   0   0   0 |     CCA   0   0   0   0   0   0 | Gln CAA   4   4   4   4   4   3 |     CGA   1   1   1   1   1   1
    CTG   1   1   1   1   1   1 |     CCG   0   0   0   0   0   0 |     CAG   2   3   2   2   2   3 |     CGG   2   1   2   2   2   2
--------------------------------------------------------------------------------------------------------------------------------------
Ile ATT   0   0   0   0   0   0 | Thr ACT   1   1   1   1   1   1 | Asn AAT   1   1   1   1   1   1 | Ser AGT   0   0   0   0   0   0
    ATC   1   1   1   1   1   1 |     ACC   0   0   0   0   0   0 |     AAC   1   1   1   1   1   1 |     AGC   1   1   1   1   1   1
    ATA   2   2   2   2   2   2 |     ACA   1   1   1   1   1   1 | Lys AAA   2   2   2   2   2   2 | Arg AGA   3   3   3   3   3   3
Met ATG   1   1   1   1   1   1 |     ACG   0   0   0   0   0   0 |     AAG   1   1   1   1   1   1 |     AGG   0   0   0   0   1   0
--------------------------------------------------------------------------------------------------------------------------------------
Val GTT   1   1   1   1   1   1 | Ala GCT   2   2   2   2   2   2 | Asp GAT   3   3   3   3   3   3 | Gly GGT   2   2   2   2   2   2
    GTC   2   2   2   2   2   2 |     GCC   0   0   0   0   0   0 |     GAC   2   2   2   2   2   2 |     GGC   3   3   3   3   3   3
    GTA   0   0   0   0   0   0 |     GCA   2   2   2   2   2   2 | Glu GAA   5   5   5   5   5   5 |     GGA   3   3   3   3   3   3
    GTG   2   2   2   2   2   2 |     GCG   0   0   0   0   0   0 |     GAG   2   2   2   2   2   2 |     GGG   1   1   1   1   0   1
--------------------------------------------------------------------------------------------------------------------------------------

--------------------------------------------------------------------------------------------------------------------------------------
Phe TTT   1   1   1   1   1   1 | Ser TCT   0   0   0   0   0   0 | Tyr TAT   2   3   2   2   2   2 | Cys TGT   0   0   0   0   0   0
    TTC   1   1   1   1   1   1 |     TCC   0   0   0   0   0   0 |     TAC   1   0   1   1   1   1 |     TGC   0   0   0   0   0   0
Leu TTA   0   0   0   0   0   0 |     TCA   0   0   0   0   0   0 | *** TAA   0   0   0   0   0   0 | *** TGA   0   0   0   0   0   0
    TTG   1   1   1   1   1   1 |     TCG   1   1   1   1   1   1 |     TAG   0   0   0   0   0   0 | Trp TGG   1   1   1   1   1   1
--------------------------------------------------------------------------------------------------------------------------------------
Leu CTT   2   2   2   2   2   2 | Pro CCT   0   0   0   0   0   0 | His CAT   1   0   1   0   1   1 | Arg CGT   0   0   0   0   0   0
    CTC   1   1   1   1   1   1 |     CCC   0   0   0   0   0   0 |     CAC   0   1   0   1   0   0 |     CGC   0   0   0   0   0   0
    CTA   0   0   0   0   0   0 |     CCA   0   0   0   0   0   0 | Gln CAA   4   4   4   4   4   4 |     CGA   1   1   1   1   1   1
    CTG   1   1   1   1   1   1 |     CCG   0   0   0   0   0   0 |     CAG   3   2   2   2   2   2 |     CGG   1   2   2   2   2   2
--------------------------------------------------------------------------------------------------------------------------------------
Ile ATT   0   0   1   0   0   0 | Thr ACT   1   1   1   1   1   1 | Asn AAT   1   1   1   1   1   1 | Ser AGT   0   0   0   0   0   0
    ATC   1   1   0   1   1   2 |     ACC   0   0   0   0   0   0 |     AAC   1   1   1   1   1   1 |     AGC   1   1   1   1   1   1
    ATA   2   2   2   2   2   2 |     ACA   1   1   1   1   1   1 | Lys AAA   2   2   2   2   2   2 | Arg AGA   3   2   3   3   3   3
Met ATG   1   1   1   1   1   1 |     ACG   0   0   0   0   0   0 |     AAG   1   2   1   1   1   1 |     AGG   0   1   0   0   0   0
--------------------------------------------------------------------------------------------------------------------------------------
Val GTT   1   1   1   1   1   1 | Ala GCT   2   2   2   2   2   2 | Asp GAT   3   3   3   3   2   3 | Gly GGT   2   2   2   2   3   1
    GTC   2   2   2   2   2   1 |     GCC   0   0   0   1   0   0 |     GAC   2   2   2   2   3   2 |     GGC   3   3   3   3   1   3
    GTA   0   0   0   0   0   0 |     GCA   2   2   2   1   2   2 | Glu GAA   5   5   5   5   5   5 |     GGA   3   3   3   3   4   3
    GTG   2   2   2   2   2   2 |     GCG   0   0   0   0   0   0 |     GAG   2   2   2   2   2   2 |     GGG   1   0   1   1   1   2
--------------------------------------------------------------------------------------------------------------------------------------

--------------------------------------------------------------------------------------------------------------------------------------
Phe TTT   1   1   1   1   1   1 | Ser TCT   0   0   0   0   0   0 | Tyr TAT   2   2   2   2   1   2 | Cys TGT   0   0   0   0   0   0
    TTC   1   1   1   1   1   1 |     TCC   0   0   0   0   0   0 |     TAC   1   1   1   1   2   1 |     TGC   0   0   0   0   0   0
Leu TTA   0   0   0   0   0   0 |     TCA   0   0   0   0   0   0 | *** TAA   0   0   0   0   0   0 | *** TGA   0   0   0   0   0   0
    TTG   1   1   1   1   1   1 |     TCG   1   1   1   1   1   1 |     TAG   0   0   0   0   0   0 | Trp TGG   1   1   1   1   1   1
--------------------------------------------------------------------------------------------------------------------------------------
Leu CTT   2   2   2   2   2   2 | Pro CCT   0   0   0   0   0   0 | His CAT   0   0   1   0   1   1 | Arg CGT   0   0   0   0   0   0
    CTC   1   1   1   1   1   1 |     CCC   0   0   0   0   0   0 |     CAC   1   1   0   1   0   0 |     CGC   0   0   0   0   0   0
    CTA   0   0   0   0   0   0 |     CCA   0   0   0   0   0   0 | Gln CAA   4   4   4   4   4   4 |     CGA   1   1   1   1   0   1
    CTG   1   1   1   1   1   1 |     CCG   0   0   0   0   0   0 |     CAG   2   2   3   2   2   3 |     CGG   2   2   1   2   2   1
--------------------------------------------------------------------------------------------------------------------------------------
Ile ATT   0   0   0   0   0   0 | Thr ACT   1   1   1   1   1   1 | Asn AAT   1   1   1   1   1   1 | Ser AGT   0   0   0   0   0   0
    ATC   1   1   1   1   1   1 |     ACC   0   0   0   0   0   0 |     AAC   2   2   1   1   1   1 |     AGC   0   0   1   1   1   1
    ATA   2   2   2   2   2   2 |     ACA   1   1   1   1   1   1 | Lys AAA   2   2   2   2   2   2 | Arg AGA   3   3   3   3   4   3
Met ATG   1   1   1   1   1   1 |     ACG   0   0   0   0   0   0 |     AAG   1   1   1   1   1   1 |     AGG   0   0   0   1   0   0
--------------------------------------------------------------------------------------------------------------------------------------
Val GTT   1   1   1   1   1   1 | Ala GCT   2   2   2   2   2   2 | Asp GAT   3   3   3   3   3   3 | Gly GGT   2   2   2   2   1   3
    GTC   2   2   2   3   2   2 |     GCC   0   0   0   0   0   0 |     GAC   2   2   2   2   2   2 |     GGC   3   3   3   3   3   2
    GTA   0   0   0   0   0   0 |     GCA   2   2   2   2   2   2 | Glu GAA   5   5   5   5   5   5 |     GGA   3   3   3   3   3   3
    GTG   2   2   2   1   2   2 |     GCG   0   0   0   0   0   0 |     GAG   3   3   2   2   2   2 |     GGG   0   0   1   0   2   1
--------------------------------------------------------------------------------------------------------------------------------------

--------------------------------------------------------------------------------------------------------------------------------------
Phe TTT   1   1   1   1   1   1 | Ser TCT   0   0   0   0   0   0 | Tyr TAT   2   2   2   2   2   2 | Cys TGT   0   0   0   0   0   0
    TTC   1   1   1   1   1   1 |     TCC   0   0   0   0   0   0 |     TAC   1   1   1   1   1   1 |     TGC   0   0   0   0   0   0
Leu TTA   0   0   0   0   0   0 |     TCA   0   0   0   0   0   0 | *** TAA   0   0   0   0   0   0 | *** TGA   0   0   0   0   0   0
    TTG   1   1   1   1   1   1 |     TCG   1   1   1   1   1   1 |     TAG   0   0   0   0   0   0 | Trp TGG   1   1   1   1   1   1
--------------------------------------------------------------------------------------------------------------------------------------
Leu CTT   2   2   2   2   2   2 | Pro CCT   0   0   0   0   0   0 | His CAT   0   0   1   1   1   0 | Arg CGT   0   0   0   0   0   0
    CTC   1   1   1   1   1   1 |     CCC   0   0   0   0   0   0 |     CAC   1   1   0   0   0   1 |     CGC   0   0   0   0   0   0
    CTA   0   0   0   0   0   0 |     CCA   0   0   0   0   0   0 | Gln CAA   3   3   4   4   4   4 |     CGA   1   1   1   1   1   1
    CTG   1   1   1   1   1   1 |     CCG   0   0   0   0   0   0 |     CAG   3   3   3   2   2   2 |     CGG   2   2   1   2   2   2
--------------------------------------------------------------------------------------------------------------------------------------
Ile ATT   0   0   0   0   1   0 | Thr ACT   1   1   1   1   1   1 | Asn AAT   1   1   1   1   1   1 | Ser AGT   0   0   0   0   0   0
    ATC   1   1   1   1   0   1 |     ACC   0   0   0   0   0   0 |     AAC   1   1   1   1   1   1 |     AGC   1   1   1   1   1   1
    ATA   2   2   2   2   2   2 |     ACA   1   1   1   1   1   1 | Lys AAA   2   2   2   2   2   2 | Arg AGA   3   3   3   3   3   3
Met ATG   1   1   1   1   1   1 |     ACG   0   0   0   0   0   0 |     AAG   1   1   1   1   1   1 |     AGG   0   0   0   0   0   1
--------------------------------------------------------------------------------------------------------------------------------------
Val GTT   1   1   1   1   1   1 | Ala GCT   2   1   2   2   2   2 | Asp GAT   3   3   3   3   3   3 | Gly GGT   2   2   2   1   2   2
    GTC   2   2   2   2   2   3 |     GCC   0   1   0   0   0   0 |     GAC   2   2   2   2   2   2 |     GGC   3   3   3   3   3   3
    GTA   0   0   0   0   0   1 |     GCA   2   2   2   2   2   2 | Glu GAA   5   5   5   5   5   5 |     GGA   3   3   3   3   3   3
    GTG   2   2   2   2   2   0 |     GCG   0   0   0   0   0   0 |     GAG   2   2   2   2   2   2 |     GGG   1   1   1   2   1   0
--------------------------------------------------------------------------------------------------------------------------------------

--------------------------------------------------------------------------------------------------------------------------------------
Phe TTT   1   1   1   1   1   1 | Ser TCT   0   0   0   0   0   0 | Tyr TAT   2   2   2   2   2   2 | Cys TGT   0   0   0   0   0   0
    TTC   1   1   1   1   1   1 |     TCC   0   0   0   0   0   0 |     TAC   1   1   1   1   1   1 |     TGC   0   0   0   0   0   0
Leu TTA   0   0   0   0   0   0 |     TCA   0   0   0   0   0   0 | *** TAA   0   0   0   0   0   0 | *** TGA   0   0   0   0   0   0
    TTG   1   1   1   1   0   1 |     TCG   1   1   1   1   1   1 |     TAG   0   0   0   0   0   0 | Trp TGG   1   1   2   1   1   1
--------------------------------------------------------------------------------------------------------------------------------------
Leu CTT   2   2   2   2   2   2 | Pro CCT   0   0   0   0   0   0 | His CAT   1   0   0   0   0   1 | Arg CGT   0   0   0   0   0   0
    CTC   1   1   1   1   1   1 |     CCC   0   0   0   0   0   0 |     CAC   0   1   1   1   1   0 |     CGC   0   0   0   0   1   0
    CTA   0   0   0   0   0   0 |     CCA   0   0   0   0   0   0 | Gln CAA   4   4   3   4   3   4 |     CGA   1   1   1   1   0   1
    CTG   1   1   1   1   2   1 |     CCG   0   0   0   0   0   0 |     CAG   2   2   3   2   3   2 |     CGG   2   2   2   2   2   2
--------------------------------------------------------------------------------------------------------------------------------------
Ile ATT   0   0   0   0   0   1 | Thr ACT   1   1   1   1   0   1 | Asn AAT   1   1   1   1   1   1 | Ser AGT   0   0   0   0   0   0
    ATC   1   1   1   1   2   0 |     ACC   0   0   0   0   0   0 |     AAC   1   1   1   1   1   1 |     AGC   1   1   1   1   1   1
    ATA   2   2   2   2   2   2 |     ACA   1   1   1   1   2   1 | Lys AAA   2   2   2   2   1   2 | Arg AGA   3   3   3   3   3   3
Met ATG   1   1   1   1   1   1 |     ACG   0   0   0   0   0   0 |     AAG   1   1   1   1   2   1 |     AGG   0   1   0   0   0   0
--------------------------------------------------------------------------------------------------------------------------------------
Val GTT   1   1   1   1   1   1 | Ala GCT   2   2   2   2   2   2 | Asp GAT   3   3   3   3   3   3 | Gly GGT   1   2   2   2   2   2
    GTC   2   3   2   2   1   2 |     GCC   0   0   0   0   0   0 |     GAC   2   2   2   2   2   2 |     GGC   3   3   3   3   3   3
    GTA   0   0   0   0   0   0 |     GCA   2   2   2   2   2   2 | Glu GAA   5   5   5   5   5   5 |     GGA   3   3   3   3   3   3
    GTG   2   1   2   2   2   2 |     GCG   0   0   0   0   0   0 |     GAG   2   2   2   2   2   2 |     GGG   2   0   0   1   1   1
--------------------------------------------------------------------------------------------------------------------------------------

--------------------------------------------------------------------------------------------------------------------------------------
Phe TTT   1   1   1   1   1   1 | Ser TCT   0   0   0   0   0   0 | Tyr TAT   2   2   2   2   2   2 | Cys TGT   0   0   0   0   0   0
    TTC   1   1   1   1   1   1 |     TCC   0   0   0   0   0   0 |     TAC   1   1   1   1   1   1 |     TGC   0   0   0   0   0   0
Leu TTA   0   0   0   0   0   0 |     TCA   0   0   0   0   0   0 | *** TAA   0   0   0   0   0   0 | *** TGA   0   0   0   0   0   0
    TTG   1   1   1   1   1   1 |     TCG   1   1   1   1   1   1 |     TAG   0   0   0   0   0   0 | Trp TGG   1   1   1   1   1   1
--------------------------------------------------------------------------------------------------------------------------------------
Leu CTT   1   2   2   2   2   2 | Pro CCT   0   0   0   0   0   0 | His CAT   1   0   1   1   1   0 | Arg CGT   0   0   0   0   0   0
    CTC   2   1   1   1   1   1 |     CCC   0   0   0   0   0   0 |     CAC   0   1   0   0   0   1 |     CGC   0   0   0   0   0   0
    CTA   0   0   0   0   0   0 |     CCA   0   0   0   0   0   0 | Gln CAA   4   4   4   4   4   3 |     CGA   1   1   1   1   1   1
    CTG   1   1   1   1   1   1 |     CCG   0   0   0   0   0   0 |     CAG   2   1   3   2   2   3 |     CGG   2   2   1   2   2   2
--------------------------------------------------------------------------------------------------------------------------------------
Ile ATT   1   0   0   0   0   0 | Thr ACT   1   1   1   1   1   1 | Asn AAT   1   1   1   1   1   1 | Ser AGT   0   0   0   0   0   0
    ATC   0   1   1   1   1   1 |     ACC   0   0   0   0   0   0 |     AAC   1   1   1   1   1   1 |     AGC   1   1   1   1   1   1
    ATA   2   2   2   2   2   2 |     ACA   1   1   1   1   1   1 | Lys AAA   2   3   2   2   2   2 | Arg AGA   3   3   3   3   3   3
Met ATG   1   1   1   1   1   1 |     ACG   0   0   0   0   0   0 |     AAG   1   1   1   1   1   1 |     AGG   0   1   0   0   0   0
--------------------------------------------------------------------------------------------------------------------------------------
Val GTT   1   1   1   1   1   1 | Ala GCT   2   2   2   2   2   2 | Asp GAT   3   3   3   3   3   3 | Gly GGT   2   2   2   2   1   2
    GTC   2   2   2   2   2   2 |     GCC   0   0   0   0   0   0 |     GAC   2   2   2   2   2   2 |     GGC   3   3   3   3   3   3
    GTA   0   0   0   0   0   0 |     GCA   2   2   2   2   2   2 | Glu GAA   5   5   5   5   5   5 |     GGA   3   3   3   3   3   3
    GTG   2   2   2   2   2   2 |     GCG   0   0   0   0   0   0 |     GAG   2   2   2   2   2   2 |     GGG   1   0   1   1   2   1
--------------------------------------------------------------------------------------------------------------------------------------

--------------------------------------------------------------------------------------------------------------------------------------
Phe TTT   1   1   1   1   1   1 | Ser TCT   0   0   0   0   0   0 | Tyr TAT   2   2   2   2   2   2 | Cys TGT   0   0   0   0   0   0
    TTC   1   1   1   1   1   1 |     TCC   0   0   0   0   0   0 |     TAC   1   1   1   1   1   1 |     TGC   0   0   0   0   0   0
Leu TTA   0   0   0   0   0   0 |     TCA   0   0   0   0   0   0 | *** TAA   0   0   0   0   0   0 | *** TGA   0   0   0   0   0   0
    TTG   1   1   1   1   1   1 |     TCG   1   1   1   1   1   1 |     TAG   0   0   0   0   0   0 | Trp TGG   1   1   1   1   1   1
--------------------------------------------------------------------------------------------------------------------------------------
Leu CTT   2   2   2   2   2   2 | Pro CCT   0   0   0   0   0   0 | His CAT   0   1   0   0   0   1 | Arg CGT   0   0   0   0   0   0
    CTC   1   1   1   1   1   1 |     CCC   0   0   0   0   0   0 |     CAC   1   0   1   1   1   0 |     CGC   0   0   0   0   0   0
    CTA   0   0   0   0   0   0 |     CCA   0   0   0   0   0   0 | Gln CAA   3   4   3   3   4   4 |     CGA   1   1   1   1   1   1
    CTG   1   1   1   1   1   1 |     CCG   0   0   0   0   0   0 |     CAG   3   2   3   3   2   2 |     CGG   2   2   2   2   2   2
--------------------------------------------------------------------------------------------------------------------------------------
Ile ATT   0   0   0   0   0   0 | Thr ACT   1   0   1   1   1   1 | Asn AAT   1   1   1   1   1   1 | Ser AGT   0   0   0   0   0   0
    ATC   1   1   1   1   1   1 |     ACC   0   0   0   0   0   0 |     AAC   1   1   1   1   1   1 |     AGC   1   1   1   1   1   1
    ATA   2   2   2   2   2   2 |     ACA   1   1   1   1   1   1 | Lys AAA   2   2   2   2   2   2 | Arg AGA   3   3   3   3   3   3
Met ATG   1   1   1   1   1   1 |     ACG   0   1   0   0   0   0 |     AAG   1   1   1   1   1   1 |     AGG   0   0   0   0   1   0
--------------------------------------------------------------------------------------------------------------------------------------
Val GTT   1   1   1   1   1   1 | Ala GCT   2   2   2   1   2   2 | Asp GAT   3   3   3   3   3   2 | Gly GGT   2   1   2   2   2   2
    GTC   2   2   2   2   2   2 |     GCC   0   0   0   1   0   0 |     GAC   2   2   2   2   2   3 |     GGC   3   3   3   3   3   3
    GTA   0   0   0   0   0   0 |     GCA   2   2   2   2   2   2 | Glu GAA   5   5   5   5   5   5 |     GGA   3   3   3   3   3   3
    GTG   2   2   2   2   2   1 |     GCG   0   0   0   0   0   1 |     GAG   2   2   2   2   2   2 |     GGG   1   2   1   1   0   1
--------------------------------------------------------------------------------------------------------------------------------------

--------------------------------------------------------------------------------------------------------------------------------------
Phe TTT   1   1   1   1   1   1 | Ser TCT   0   0   0   0   0   0 | Tyr TAT   2   2   2   2   2   2 | Cys TGT   0   0   0   0   0   0
    TTC   1   1   1   1   1   1 |     TCC   0   0   0   0   0   0 |     TAC   1   1   1   1   1   1 |     TGC   0   0   0   0   0   0
Leu TTA   0   0   0   0   0   0 |     TCA   0   0   0   1   0   0 | *** TAA   0   0   0   0   0   0 | *** TGA   0   0   0   0   0   0
    TTG   1   1   1   1   1   1 |     TCG   1   1   1   0   1   1 |     TAG   0   0   0   0   0   0 | Trp TGG   1   1   1   1   1   1
--------------------------------------------------------------------------------------------------------------------------------------
Leu CTT   2   2   2   2   2   2 | Pro CCT   0   0   0   0   0   0 | His CAT   1   1   1   0   0   0 | Arg CGT   0   0   0   0   0   0
    CTC   1   1   1   1   1   1 |     CCC   0   0   0   0   0   0 |     CAC   0   0   0   0   1   1 |     CGC   0   0   0   0   0   0
    CTA   0   0   0   0   0   0 |     CCA   0   0   0   0   0   0 | Gln CAA   4   4   4   5   4   4 |     CGA   1   1   1   1   1   1
    CTG   1   1   1   1   1   1 |     CCG   0   0   0   0   0   0 |     CAG   2   2   2   2   2   2 |     CGG   2   2   2   2   2   2
--------------------------------------------------------------------------------------------------------------------------------------
Ile ATT   0   0   0   0   0   0 | Thr ACT   2   1   1   1   1   1 | Asn AAT   1   1   1   1   1   1 | Ser AGT   0   0   0   0   0   0
    ATC   1   1   1   1   1   1 |     ACC   0   0   0   0   0   0 |     AAC   1   1   1   1   1   1 |     AGC   1   1   1   1   1   1
    ATA   2   2   2   2   2   2 |     ACA   0   1   1   1   1   1 | Lys AAA   2   2   2   2   2   2 | Arg AGA   3   3   3   3   3   3
Met ATG   1   1   1   1   1   1 |     ACG   0   0   0   0   0   0 |     AAG   1   1   1   1   1   1 |     AGG   0   0   0   0   1   1
--------------------------------------------------------------------------------------------------------------------------------------
Val GTT   1   1   1   1   1   1 | Ala GCT   2   2   2   2   2   2 | Asp GAT   3   3   3   3   3   3 | Gly GGT   1   2   2   2   2   2
    GTC   2   2   2   2   3   3 |     GCC   0   0   0   0   0   0 |     GAC   2   2   2   2   2   2 |     GGC   3   3   3   3   3   3
    GTA   0   0   0   0   0   0 |     GCA   2   2   2   2   2   2 | Glu GAA   5   5   5   5   5   5 |     GGA   3   3   3   3   3   3
    GTG   2   2   2   2   1   1 |     GCG   0   0   0   0   0   0 |     GAG   2   2   3   2   2   2 |     GGG   2   1   0   1   0   0
--------------------------------------------------------------------------------------------------------------------------------------

Codon position x base (3x4) table for each sequence.

#1: Argali         
position  1:    T:0.11940    C:0.20896    A:0.22388    G:0.44776
position  2:    T:0.23881    C:0.10448    A:0.41791    G:0.23881
position  3:    T:0.23881    C:0.19403    A:0.34328    G:0.22388
Average         T:0.19900    C:0.16915    A:0.32836    G:0.30348

#2: LesserMouseDeer
position  1:    T:0.11940    C:0.20896    A:0.22388    G:0.44776
position  2:    T:0.23881    C:0.10448    A:0.40299    G:0.25373
position  3:    T:0.20896    C:0.25373    A:0.28358    G:0.25373
Average         T:0.18905    C:0.18905    A:0.30348    G:0.31841

#3: LesserKudu     
position  1:    T:0.11940    C:0.20896    A:0.23881    G:0.43284
position  2:    T:0.23881    C:0.10448    A:0.40299    G:0.25373
position  3:    T:0.22388    C:0.22388    A:0.34328    G:0.20896
Average         T:0.19403    C:0.17910    A:0.32836    G:0.29851

#4: ForestMuskDeer2
position  1:    T:0.11940    C:0.20896    A:0.22388    G:0.44776
position  2:    T:0.23881    C:0.10448    A:0.40299    G:0.25373
position  3:    T:0.22388    C:0.19403    A:0.37313    G:0.20896
Average         T:0.19403    C:0.16915    A:0.33333    G:0.30348

#5: Camel          
position  1:    T:0.13433    C:0.19403    A:0.23881    G:0.43284
position  2:    T:0.23881    C:0.10448    A:0.40299    G:0.25373
position  3:    T:0.19403    C:0.22388    A:0.38806    G:0.19403
Average         T:0.18905    C:0.17413    A:0.34328    G:0.29353

#6: KillerWhale    
position  1:    T:0.11940    C:0.19403    A:0.23881    G:0.44776
position  2:    T:0.23881    C:0.10448    A:0.41791    G:0.23881
position  3:    T:0.23881    C:0.19403    A:0.34328    G:0.22388
Average         T:0.19900    C:0.16418    A:0.33333    G:0.30348

#7: DefassaWaterbuck
position  1:    T:0.11940    C:0.20896    A:0.22388    G:0.44776
position  2:    T:0.23881    C:0.10448    A:0.40299    G:0.25373
position  3:    T:0.23881    C:0.19403    A:0.34328    G:0.22388
Average         T:0.19900    C:0.16915    A:0.32338    G:0.30846

#8: Sheep          
position  1:    T:0.11940    C:0.20896    A:0.22388    G:0.44776
position  2:    T:0.23881    C:0.10448    A:0.41791    G:0.23881
position  3:    T:0.25373    C:0.17910    A:0.34328    G:0.22388
Average         T:0.20398    C:0.16418    A:0.32836    G:0.30348

#9: MaxwellsDuiker 
position  1:    T:0.11940    C:0.20896    A:0.22388    G:0.44776
position  2:    T:0.23881    C:0.10448    A:0.40299    G:0.25373
position  3:    T:0.22388    C:0.20896    A:0.34328    G:0.22388
Average         T:0.19403    C:0.17413    A:0.32338    G:0.30846

#10: GazellaPrzewalskyi
position  1:    T:0.11940    C:0.20896    A:0.22388    G:0.44776
position  2:    T:0.23881    C:0.10448    A:0.40299    G:0.25373
position  3:    T:0.23881    C:0.19403    A:0.34328    G:0.22388
Average         T:0.19900    C:0.16915    A:0.32338    G:0.30846

#11: MountainNyala  
position  1:    T:0.11940    C:0.20896    A:0.23881    G:0.43284
position  2:    T:0.23881    C:0.10448    A:0.40299    G:0.25373
position  3:    T:0.22388    C:0.20896    A:0.34328    G:0.22388
Average         T:0.19403    C:0.17413    A:0.32836    G:0.30348

#12: MuntiacusMuntjak
position  1:    T:0.11940    C:0.20896    A:0.22388    G:0.44776
position  2:    T:0.23881    C:0.10448    A:0.40299    G:0.25373
position  3:    T:0.22388    C:0.20896    A:0.32836    G:0.23881
Average         T:0.19403    C:0.17413    A:0.31841    G:0.31343

#13: goat           
position  1:    T:0.11940    C:0.20896    A:0.22388    G:0.44776
position  2:    T:0.23881    C:0.10448    A:0.41791    G:0.23881
position  3:    T:0.23881    C:0.19403    A:0.34328    G:0.22388
Average         T:0.19900    C:0.16915    A:0.32836    G:0.30348

#14: AfricanBuffalo 
position  1:    T:0.11940    C:0.20896    A:0.23881    G:0.43284
position  2:    T:0.23881    C:0.10448    A:0.41791    G:0.23881
position  3:    T:0.23881    C:0.19403    A:0.32836    G:0.23881
Average         T:0.19900    C:0.16915    A:0.32836    G:0.30348

#15: Topi           
position  1:    T:0.11940    C:0.20896    A:0.22388    G:0.44776
position  2:    T:0.23881    C:0.10448    A:0.40299    G:0.25373
position  3:    T:0.25373    C:0.17910    A:0.34328    G:0.22388
Average         T:0.20398    C:0.16418    A:0.32338    G:0.30846

#16: CommonDuiker   
position  1:    T:0.11940    C:0.20896    A:0.22388    G:0.44776
position  2:    T:0.23881    C:0.10448    A:0.40299    G:0.25373
position  3:    T:0.22388    C:0.22388    A:0.32836    G:0.22388
Average         T:0.19403    C:0.17910    A:0.31841    G:0.30846

#17: Suni           
position  1:    T:0.11940    C:0.20896    A:0.22388    G:0.44776
position  2:    T:0.23881    C:0.10448    A:0.40299    G:0.25373
position  3:    T:0.23881    C:0.17910    A:0.35821    G:0.22388
Average         T:0.19900    C:0.16418    A:0.32836    G:0.30846

#18: Springbuck     
position  1:    T:0.11940    C:0.20896    A:0.23881    G:0.43284
position  2:    T:0.23881    C:0.10448    A:0.40299    G:0.25373
position  3:    T:0.22388    C:0.19403    A:0.34328    G:0.23881
Average         T:0.19403    C:0.16915    A:0.32836    G:0.30846

#19: Okapi          
position  1:    T:0.11940    C:0.20896    A:0.22388    G:0.44776
position  2:    T:0.23881    C:0.10448    A:0.43284    G:0.22388
position  3:    T:0.22388    C:0.20896    A:0.34328    G:0.22388
Average         T:0.19403    C:0.17413    A:0.33333    G:0.29851

#20: Giraffe        
position  1:    T:0.11940    C:0.20896    A:0.22388    G:0.44776
position  2:    T:0.23881    C:0.10448    A:0.43284    G:0.22388
position  3:    T:0.22388    C:0.20896    A:0.34328    G:0.22388
Average         T:0.19403    C:0.17413    A:0.33333    G:0.29851

#21: TibetanAntelope
position  1:    T:0.11940    C:0.20896    A:0.22388    G:0.44776
position  2:    T:0.23881    C:0.10448    A:0.41791    G:0.23881
position  3:    T:0.23881    C:0.19403    A:0.34328    G:0.22388
Average         T:0.19900    C:0.16915    A:0.32836    G:0.30348

#22: Sitatunga      
position  1:    T:0.11940    C:0.20896    A:0.23881    G:0.43284
position  2:    T:0.23881    C:0.10448    A:0.40299    G:0.25373
position  3:    T:0.22388    C:0.22388    A:0.34328    G:0.20896
Average         T:0.19403    C:0.17910    A:0.32836    G:0.29851

#23: Oribi          
position  1:    T:0.11940    C:0.19403    A:0.23881    G:0.44776
position  2:    T:0.23881    C:0.10448    A:0.40299    G:0.25373
position  3:    T:0.20896    C:0.20896    A:0.34328    G:0.23881
Average         T:0.18905    C:0.16915    A:0.32836    G:0.31343

#24: BarbarySheep   
position  1:    T:0.11940    C:0.20896    A:0.22388    G:0.44776
position  2:    T:0.23881    C:0.10448    A:0.41791    G:0.23881
position  3:    T:0.25373    C:0.17910    A:0.34328    G:0.22388
Average         T:0.20398    C:0.16418    A:0.32836    G:0.30348

#25: Daviddeer      
position  1:    T:0.11940    C:0.20896    A:0.22388    G:0.44776
position  2:    T:0.23881    C:0.10448    A:0.40299    G:0.25373
position  3:    T:0.22388    C:0.20896    A:0.32836    G:0.23881
Average         T:0.19403    C:0.17413    A:0.31841    G:0.31343

#26: Reindeer       
position  1:    T:0.11940    C:0.20896    A:0.22388    G:0.44776
position  2:    T:0.23881    C:0.10448    A:0.40299    G:0.25373
position  3:    T:0.20896    C:0.22388    A:0.32836    G:0.23881
Average         T:0.18905    C:0.17910    A:0.31841    G:0.31343

#27: Ibex           
position  1:    T:0.11940    C:0.20896    A:0.22388    G:0.44776
position  2:    T:0.23881    C:0.10448    A:0.41791    G:0.23881
position  3:    T:0.23881    C:0.19403    A:0.34328    G:0.22388
Average         T:0.19900    C:0.16915    A:0.32836    G:0.30348

#28: GyrantGazelle  
position  1:    T:0.11940    C:0.20896    A:0.22388    G:0.44776
position  2:    T:0.23881    C:0.10448    A:0.40299    G:0.25373
position  3:    T:0.22388    C:0.19403    A:0.34328    G:0.23881
Average         T:0.19403    C:0.16915    A:0.32338    G:0.31343

#29: Hartebeest     
position  1:    T:0.11940    C:0.20896    A:0.22388    G:0.44776
position  2:    T:0.23881    C:0.10448    A:0.40299    G:0.25373
position  3:    T:0.25373    C:0.17910    A:0.34328    G:0.22388
Average         T:0.20398    C:0.16418    A:0.32338    G:0.30846

#30: Bongo          
position  1:    T:0.11940    C:0.20896    A:0.23881    G:0.43284
position  2:    T:0.23881    C:0.10448    A:0.40299    G:0.25373
position  3:    T:0.22388    C:0.22388    A:0.35821    G:0.19403
Average         T:0.19403    C:0.17910    A:0.33333    G:0.29353

#31: Gerenuk        
position  1:    T:0.11940    C:0.20896    A:0.22388    G:0.44776
position  2:    T:0.23881    C:0.10448    A:0.40299    G:0.25373
position  3:    T:0.22388    C:0.19403    A:0.34328    G:0.23881
Average         T:0.19403    C:0.16915    A:0.32338    G:0.31343

#32: CommonEland    
position  1:    T:0.11940    C:0.20896    A:0.23881    G:0.43284
position  2:    T:0.23881    C:0.10448    A:0.40299    G:0.25373
position  3:    T:0.22388    C:0.22388    A:0.34328    G:0.20896
Average         T:0.19403    C:0.17910    A:0.32836    G:0.29851

#33: MuntiacusReevesi
position  1:    T:0.13433    C:0.20896    A:0.22388    G:0.43284
position  2:    T:0.23881    C:0.10448    A:0.40299    G:0.25373
position  3:    T:0.22388    C:0.20896    A:0.32836    G:0.23881
Average         T:0.19900    C:0.17413    A:0.31841    G:0.30846

#34: HarveysDuiker  
position  1:    T:0.11940    C:0.20896    A:0.22388    G:0.44776
position  2:    T:0.23881    C:0.10448    A:0.40299    G:0.25373
position  3:    T:0.22388    C:0.20896    A:0.34328    G:0.22388
Average         T:0.19403    C:0.17413    A:0.32338    G:0.30846

#35: Pronghorn      
position  1:    T:0.10448    C:0.22388    A:0.23881    G:0.43284
position  2:    T:0.23881    C:0.10448    A:0.40299    G:0.25373
position  3:    T:0.20896    C:0.22388    A:0.31343    G:0.25373
Average         T:0.18408    C:0.18408    A:0.31841    G:0.31343

#36: BlueWildebeest 
position  1:    T:0.11940    C:0.20896    A:0.22388    G:0.44776
position  2:    T:0.23881    C:0.10448    A:0.40299    G:0.25373
position  3:    T:0.25373    C:0.17910    A:0.34328    G:0.22388
Average         T:0.20398    C:0.16418    A:0.32338    G:0.30846

#37: Gemsbok        
position  1:    T:0.11940    C:0.20896    A:0.22388    G:0.44776
position  2:    T:0.23881    C:0.10448    A:0.40299    G:0.25373
position  3:    T:0.23881    C:0.19403    A:0.34328    G:0.22388
Average         T:0.19900    C:0.16915    A:0.32338    G:0.30846

#38: Yak            
position  1:    T:0.11940    C:0.19403    A:0.25373    G:0.43284
position  2:    T:0.23881    C:0.10448    A:0.40299    G:0.25373
position  3:    T:0.22388    C:0.20896    A:0.35821    G:0.20896
Average         T:0.19403    C:0.16915    A:0.33831    G:0.29851

#39: BlueSheep      
position  1:    T:0.11940    C:0.20896    A:0.22388    G:0.44776
position  2:    T:0.23881    C:0.10448    A:0.41791    G:0.23881
position  3:    T:0.23881    C:0.19403    A:0.34328    G:0.22388
Average         T:0.19900    C:0.16915    A:0.32836    G:0.30348

#40: BohorReedbuck  
position  1:    T:0.11940    C:0.20896    A:0.22388    G:0.44776
position  2:    T:0.23881    C:0.10448    A:0.40299    G:0.25373
position  3:    T:0.23881    C:0.19403    A:0.34328    G:0.22388
Average         T:0.19900    C:0.16915    A:0.32338    G:0.30846

#41: KirksDik       
position  1:    T:0.11940    C:0.20896    A:0.22388    G:0.44776
position  2:    T:0.23881    C:0.10448    A:0.40299    G:0.25373
position  3:    T:0.22388    C:0.19403    A:0.34328    G:0.23881
Average         T:0.19403    C:0.16915    A:0.32338    G:0.31343

#42: RoeDeer        
position  1:    T:0.11940    C:0.20896    A:0.22388    G:0.44776
position  2:    T:0.23881    C:0.10448    A:0.40299    G:0.25373
position  3:    T:0.22388    C:0.20896    A:0.32836    G:0.23881
Average         T:0.19403    C:0.17413    A:0.31841    G:0.31343

#43: WhiteLippedDeer
position  1:    T:0.11940    C:0.20896    A:0.22388    G:0.44776
position  2:    T:0.23881    C:0.10448    A:0.40299    G:0.25373
position  3:    T:0.22388    C:0.20896    A:0.32836    G:0.23881
Average         T:0.19403    C:0.17413    A:0.31841    G:0.31343

#44: ThomsonGazelle 
position  1:    T:0.11940    C:0.20896    A:0.22388    G:0.44776
position  2:    T:0.23881    C:0.10448    A:0.40299    G:0.25373
position  3:    T:0.20896    C:0.19403    A:0.34328    G:0.25373
Average         T:0.18905    C:0.16915    A:0.32338    G:0.31841

#45: MuntiacusCrinifrons
position  1:    T:0.11940    C:0.20896    A:0.22388    G:0.44776
position  2:    T:0.23881    C:0.10448    A:0.40299    G:0.25373
position  3:    T:0.22388    C:0.20896    A:0.32836    G:0.23881
Average         T:0.19403    C:0.17413    A:0.31841    G:0.31343

#46: WhiteTailedDeer
position  1:    T:0.11940    C:0.20896    A:0.22388    G:0.44776
position  2:    T:0.23881    C:0.10448    A:0.40299    G:0.25373
position  3:    T:0.20896    C:0.22388    A:0.32836    G:0.23881
Average         T:0.18905    C:0.17910    A:0.31841    G:0.31343

#47: Cattle         
position  1:    T:0.11940    C:0.20896    A:0.23881    G:0.43284
position  2:    T:0.23881    C:0.10448    A:0.40299    G:0.25373
position  3:    T:0.22388    C:0.20896    A:0.34328    G:0.22388
Average         T:0.19403    C:0.17413    A:0.32836    G:0.30348

#48: RoyalAntelope  
position  1:    T:0.11940    C:0.20896    A:0.22388    G:0.44776
position  2:    T:0.22388    C:0.11940    A:0.40299    G:0.25373
position  3:    T:0.22388    C:0.20896    A:0.34328    G:0.22388
Average         T:0.18905    C:0.17910    A:0.32338    G:0.30846

#49: Steenbok       
position  1:    T:0.11940    C:0.20896    A:0.22388    G:0.44776
position  2:    T:0.23881    C:0.10448    A:0.40299    G:0.25373
position  3:    T:0.23881    C:0.19403    A:0.32836    G:0.23881
Average         T:0.19900    C:0.16915    A:0.31841    G:0.31343

#50: Impala         
position  1:    T:0.11940    C:0.20896    A:0.22388    G:0.44776
position  2:    T:0.23881    C:0.10448    A:0.40299    G:0.25373
position  3:    T:0.23881    C:0.19403    A:0.34328    G:0.22388
Average         T:0.19900    C:0.16915    A:0.32338    G:0.30846

#51: Klipspringer   
position  1:    T:0.11940    C:0.20896    A:0.22388    G:0.44776
position  2:    T:0.23881    C:0.10448    A:0.41791    G:0.23881
