CODONML (in paml version 4.10.7, June 2023)  /home/rachel/ruminants_paml/6406-phy-tree/ENSBTAT00000009038.fasta.phy
Model: free dN/dS Ratios for branches,  kappa = 2.000 fixed

Codon frequency model: F3x4
ns =  54  ls =  90

Codon usage in sequences
--------------------------------------------------------------------------------------------------------------------------------------
Phe TTT   0   0   0   1   0   0 | Ser TCT   1   0   1   1   1   1 | Tyr TAT   1   0   0   1   1   0 | Cys TGT   0   0   0   0   1   0
    TTC   6   6   6   5   6   6 |     TCC   2   3   2   2   2   2 |     TAC   1   2   2   1   1   2 |     TGC   4   4   4   4   3   4
Leu TTA   1   1   1   1   1   1 |     TCA   0   0   0   0   0   0 | *** TAA   0   0   0   0   0   0 | *** TGA   0   0   0   0   0   0
    TTG   0   0   0   0   0   0 |     TCG   0   0   0   0   0   0 |     TAG   0   0   0   0   0   0 | Trp TGG   2   2   2   2   2   2
--------------------------------------------------------------------------------------------------------------------------------------
Leu CTT   0   0   0   1   2   0 | Pro CCT   1   0   1   1   0   1 | His CAT   0   0   0   0   0   1 | Arg CGT   0   0   1   0   0   0
    CTC   2   2   2   2   2   2 |     CCC   0   1   0   0   1   0 |     CAC   1   1   1   1   1   0 |     CGC   1   1   0   1   1   1
    CTA   0   0   0   0   1   0 |     CCA   0   0   0   0   0   0 | Gln CAA   0   0   0   0   0   0 |     CGA   1   1   1   1   1   1
    CTG   4   5   4   3   2   5 |     CCG   0   0   0   0   0   0 |     CAG   0   0   0   0   0   0 |     CGG   2   2   2   2   2   2
--------------------------------------------------------------------------------------------------------------------------------------
Ile ATT   1   1   1   0   0   2 | Thr ACT   0   0   0   1   0   1 | Asn AAT   0   0   0   0   0   0 | Ser AGT   1   1   1   1   1   1
    ATC   3   3   3   4   4   3 |     ACC   4   4   3   3   4   3 |     AAC   6   6   6   6   6   6 |     AGC   2   2   2   2   2   2
    ATA   0   0   0   0   0   0 |     ACA   0   0   0   1   1   0 | Lys AAA   1   2   1   1   2   2 | Arg AGA   0   0   0   0   0   0
Met ATG   6   5   6   5   5   5 |     ACG   2   2   3   1   1   1 |     AAG   8   7   8   8   7   7 |     AGG   1   1   1   1   1   1
--------------------------------------------------------------------------------------------------------------------------------------
Val GTT   0   0   0   0   0   0 | Ala GCT   0   0   0   0   0   0 | Asp GAT   0   2   0   1   1   1 | Gly GGT   0   0   0   1   0   0
    GTC   2   2   2   2   2   2 |     GCC   3   4   3   4   4   4 |     GAC   4   2   4   3   3   3 |     GGC   2   1   2   1   1   1
    GTA   1   0   1   0   0   0 |     GCA   1   0   1   0   0   0 | Glu GAA   0   0   0   0   0   0 |     GGA   0   0   0   0   0   1
    GTG   5   6   5   7   6   6 |     GCG   1   1   1   1   1   1 |     GAG   5   5   5   5   5   5 |     GGG   1   2   1   1   2   1
--------------------------------------------------------------------------------------------------------------------------------------

--------------------------------------------------------------------------------------------------------------------------------------
Phe TTT   0   0   0   0   0   0 | Ser TCT   1   1   1   1   1   1 | Tyr TAT   0   1   0   0   0   1 | Cys TGT   0   0   0   0   0   0
    TTC   6   6   6   6   6   6 |     TCC   1   2   2   2   2   2 |     TAC   2   1   2   2   2   1 |     TGC   4   4   4   4   4   4
Leu TTA   1   1   0   1   1   1 |     TCA   0   0   0   0   0   0 | *** TAA   0   0   0   0   0   0 | *** TGA   0   0   0   0   0   0
    TTG   0   0   0   0   0   0 |     TCG   1   0   0   0   0   0 |     TAG   0   0   0   0   0   0 | Trp TGG   2   2   2   2   2   2
--------------------------------------------------------------------------------------------------------------------------------------
Leu CTT   0   0   0   0   0   0 | Pro CCT   1   1   1   1   1   1 | His CAT   0   0   0   0   0   0 | Arg CGT   0   0   0   0   1   0
    CTC   2   2   2   2   2   2 |     CCC   0   0   0   0   0   0 |     CAC   1   1   1   1   1   1 |     CGC   1   1   1   1   0   1
    CTA   0   0   1   0   0   0 |     CCA   0   0   0   0   0   0 | Gln CAA   0   0   0   0   0   0 |     CGA   1   1   1   1   1   1
    CTG   4   4   4   4   4   4 |     CCG   0   0   0   0   0   0 |     CAG   0   0   0   0   0   0 |     CGG   2   2   2   2   2   2
--------------------------------------------------------------------------------------------------------------------------------------
Ile ATT   1   1   1   1   1   1 | Thr ACT   0   0   0   0   0   0 | Asn AAT   0   0   0   0   0   1 | Ser AGT   1   1   1   1   1   1
    ATC   3   3   3   3   3   3 |     ACC   4   4   4   4   3   4 |     AAC   6   6   6   6   6   5 |     AGC   2   2   2   2   2   2
    ATA   0   0   0   0   0   0 |     ACA   1   0   0   0   0   0 | Lys AAA   1   1   2   1   1   1 | Arg AGA   0   0   0   0   0   0
Met ATG   6   6   6   6   6   6 |     ACG   1   2   2   2   3   2 |     AAG   8   8   7   8   8   8 |     AGG   1   1   1   1   1   1
--------------------------------------------------------------------------------------------------------------------------------------
Val GTT   1   0   0   0   0   0 | Ala GCT   0   0   0   0   0   0 | Asp GAT   0   0   0   2   0   0 | Gly GGT   0   0   0   0   0   0
    GTC   1   2   2   2   2   2 |     GCC   3   3   3   3   3   3 |     GAC   4   4   4   2   4   4 |     GGC   2   2   2   2   2   2
    GTA   1   1   1   1   2   1 |     GCA   1   1   1   1   1   1 | Glu GAA   0   0   0   0   0   0 |     GGA   0   0   0   0   0   0
    GTG   5   5   5   5   4   5 |     GCG   1   1   1   1   1   1 |     GAG   5   5   5   5   5   5 |     GGG   1   1   1   1   1   1
--------------------------------------------------------------------------------------------------------------------------------------

--------------------------------------------------------------------------------------------------------------------------------------
Phe TTT   0   0   0   0   0   0 | Ser TCT   1   1   1   1   1   1 | Tyr TAT   1   0   0   0   0   0 | Cys TGT   0   0   0   0   0   0
    TTC   6   6   6   6   6   6 |     TCC   2   2   2   2   2   2 |     TAC   1   2   2   2   2   2 |     TGC   4   4   4   4   4   4
Leu TTA   1   1   1   0   1   0 |     TCA   0   0   0   0   0   0 | *** TAA   0   0   0   0   0   0 | *** TGA   0   0   0   0   0   0
    TTG   0   0   0   0   0   0 |     TCG   0   0   0   0   0   0 |     TAG   0   0   0   0   0   0 | Trp TGG   2   2   2   2   2   2
--------------------------------------------------------------------------------------------------------------------------------------
Leu CTT   0   0   0   0   0   1 | Pro CCT   1   1   1   1   1   1 | His CAT   0   0   0   0   0   0 | Arg CGT   0   0   0   0   0   0
    CTC   2   2   2   2   2   1 |     CCC   0   0   0   0   0   0 |     CAC   1   1   1   1   1   1 |     CGC   1   1   1   1   1   1
    CTA   0   0   0   1   0   1 |     CCA   0   0   0   0   0   0 | Gln CAA   0   0   0   0   0   0 |     CGA   1   1   1   1   1   1
    CTG   4   4   4   4   4   4 |     CCG   0   0   0   0   0   0 |     CAG   0   0   0   0   0   0 |     CGG   2   2   2   2   2   2
--------------------------------------------------------------------------------------------------------------------------------------
Ile ATT   1   1   1   1   1   1 | Thr ACT   0   0   0   0   0   0 | Asn AAT   0   0   1   0   0   0 | Ser AGT   1   1   1   1   1   1
    ATC   3   3   3   3   3   3 |     ACC   4   3   4   4   3   4 |     AAC   6   6   4   6   6   6 |     AGC   2   2   3   2   2   2
    ATA   0   0   0   0   0   0 |     ACA   0   1   0   0   1   0 | Lys AAA   1   1   1   1   1   1 | Arg AGA   0   0   0   0   0   0
Met ATG   6   6   5   6   6   6 |     ACG   2   2   3   2   1   2 |     AAG   8   8   8   8   8   8 |     AGG   1   1   1   1   1   1
--------------------------------------------------------------------------------------------------------------------------------------
Val GTT   0   0   0   0   0   0 | Ala GCT   0   0   0   0   1   0 | Asp GAT   0   0   0   1   0   1 | Gly GGT   0   0   0   0   0   0
    GTC   2   2   2   2   2   2 |     GCC   3   3   3   3   3   3 |     GAC   4   4   4   3   4   3 |     GGC   2   2   2   2   2   2
    GTA   0   1   1   1   1   0 |     GCA   1   1   1   1   1   2 | Glu GAA   0   1   0   0   1   0 |     GGA   0   0   0   0   0   0
    GTG   6   5   5   5   5   5 |     GCG   1   1   1   1   1   1 |     GAG   5   4   5   5   4   5 |     GGG   1   1   1   1   1   1
--------------------------------------------------------------------------------------------------------------------------------------

--------------------------------------------------------------------------------------------------------------------------------------
Phe TTT   0   0   0   0   1   0 | Ser TCT   1   1   1   1   1   1 | Tyr TAT   0   0   0   0   0   1 | Cys TGT   0   0   0   0   0   0
    TTC   6   6   6   6   5   6 |     TCC   2   2   2   2   2   2 |     TAC   2   2   2   2   2   1 |     TGC   4   4   4   4   4   4
Leu TTA   1   1   1   1   1   1 |     TCA   0   0   0   0   0   0 | *** TAA   0   0   0   0   0   0 | *** TGA   0   0   0   0   0   0
    TTG   0   0   0   0   0   0 |     TCG   0   0   0   0   0   0 |     TAG   0   0   0   0   0   0 | Trp TGG   2   2   2   2   2   2
--------------------------------------------------------------------------------------------------------------------------------------
Leu CTT   0   0   0   0   0   0 | Pro CCT   1   1   1   1   1   1 | His CAT   0   0   0   0   0   0 | Arg CGT   0   0   0   1   0   0
    CTC   2   2   2   2   2   2 |     CCC   0   0   0   0   0   0 |     CAC   1   1   1   1   1   1 |     CGC   1   1   1   0   1   1
    CTA   0   0   0   0   0   0 |     CCA   0   0   0   0   0   0 | Gln CAA   0   0   0   0   0   0 |     CGA   1   1   1   1   1   1
    CTG   4   4   4   4   4   4 |     CCG   0   0   0   0   0   0 |     CAG   0   0   0   0   0   0 |     CGG   2   2   2   2   2   2
--------------------------------------------------------------------------------------------------------------------------------------
Ile ATT   2   1   1   1   2   1 | Thr ACT   0   0   0   0   0   1 | Asn AAT   1   1   0   0   0   0 | Ser AGT   1   1   1   1   1   1
    ATC   2   3   3   3   2   3 |     ACC   3   4   4   3   4   3 |     AAC   5   5   6   6   6   6 |     AGC   2   2   2   2   2   2
    ATA   0   0   0   0   0   0 |     ACA   2   1   0   1   0   0 | Lys AAA   1   1   1   1   1   1 | Arg AGA   0   0   0   0   0   0
Met ATG   6   6   6   6   6   6 |     ACG   1   1   2   2   2   2 |     AAG   8   8   8   8   8   8 |     AGG   1   1   1   1   1   1
--------------------------------------------------------------------------------------------------------------------------------------
Val GTT   0   0   0   0   0   0 | Ala GCT   0   0   0   0   0   0 | Asp GAT   0   0   1   0   1   0 | Gly GGT   0   0   0   0   0   0
    GTC   2   2   2   2   2   2 |     GCC   3   3   3   3   3   3 |     GAC   4   4   3   4   3   4 |     GGC   2   2   2   2   2   2
    GTA   1   1   1   1   1   1 |     GCA   1   2   1   1   1   1 | Glu GAA   0   0   0   0   0   0 |     GGA   0   0   0   0   0   0
    GTG   5   5   5   5   5   5 |     GCG   1   0   1   1   1   1 |     GAG   5   5   5   5   5   5 |     GGG   1   1   1   1   1   1
--------------------------------------------------------------------------------------------------------------------------------------

--------------------------------------------------------------------------------------------------------------------------------------
Phe TTT   0   0   0   0   0   0 | Ser TCT   1   1   1   1   1   1 | Tyr TAT   1   1   1   1   0   0 | Cys TGT   0   0   0   0   0   0
    TTC   6   6   6   6   6   6 |     TCC   2   2   2   2   2   2 |     TAC   1   1   1   1   2   2 |     TGC   4   4   4   4   4   4
Leu TTA   1   1   1   0   1   1 |     TCA   0   0   0   0   0   0 | *** TAA   0   0   0   0   0   0 | *** TGA   0   0   0   0   0   0
    TTG   0   0   0   0   0   0 |     TCG   0   0   0   0   0   0 |     TAG   0   0   0   0   0   0 | Trp TGG   2   2   2   2   2   2
--------------------------------------------------------------------------------------------------------------------------------------
Leu CTT   0   0   0   0   0   0 | Pro CCT   1   1   1   1   1   1 | His CAT   0   0   0   0   0   0 | Arg CGT   0   0   0   0   0   1
    CTC   2   2   2   2   2   2 |     CCC   0   0   0   0   0   0 |     CAC   1   1   1   1   1   1 |     CGC   1   1   1   1   1   0
    CTA   0   0   0   1   0   0 |     CCA   0   0   0   0   0   0 | Gln CAA   0   0   0   0   0   0 |     CGA   1   1   1   1   1   1
    CTG   4   4   4   4   4   4 |     CCG   0   0   0   0   0   0 |     CAG   0   0   0   0   0   0 |     CGG   2   2   2   2   2   2
--------------------------------------------------------------------------------------------------------------------------------------
Ile ATT   1   1   1   1   1   1 | Thr ACT   0   0   0   0   0   0 | Asn AAT   1   1   0   0   1   0 | Ser AGT   1   1   1   1   1   1
    ATC   3   3   3   3   3   3 |     ACC   4   3   4   4   4   3 |     AAC   5   5   6   6   5   6 |     AGC   2   2   2   2   2   2
    ATA   0   0   0   0   0   0 |     ACA   0   2   0   0   0   1 | Lys AAA   0   1   1   1   1   1 | Arg AGA   0   0   0   0   0   0
Met ATG   6   6   6   6   6   6 |     ACG   2   1   2   2   2   2 |     AAG   9   8   8   8   8   8 |     AGG   1   1   1   1   1   1
--------------------------------------------------------------------------------------------------------------------------------------
Val GTT   0   0   0   0   0   0 | Ala GCT   0   0   0   0   0   0 | Asp GAT   0   0   0   1   0   0 | Gly GGT   0   0   0   0   0   0
    GTC   2   2   2   2   2   2 |     GCC   3   3   3   3   3   3 |     GAC   4   4   4   3   4   4 |     GGC   2   2   2   2   2   2
    GTA   1   1   1   1   1   1 |     GCA   1   1   1   1   1   1 | Glu GAA   0   0   0   0   0   0 |     GGA   0   0   0   0   0   0
    GTG   5   5   5   5   5   5 |     GCG   1   1   1   1   1   1 |     GAG   5   5   5   5   5   5 |     GGG   1   1   1   1   1   1
--------------------------------------------------------------------------------------------------------------------------------------

--------------------------------------------------------------------------------------------------------------------------------------
Phe TTT   0   0   0   0   0   0 | Ser TCT   1   1   1   1   1   1 | Tyr TAT   1   0   1   0   0   0 | Cys TGT   0   0   0   0   0   0
    TTC   6   6   6   6   6   6 |     TCC   2   2   2   2   2   2 |     TAC   1   2   1   2   2   2 |     TGC   4   4   4   4   4   4
Leu TTA   0   1   1   0   1   1 |     TCA   0   0   0   0   0   0 | *** TAA   0   0   0   0   0   0 | *** TGA   0   0   0   0   0   0
    TTG   0   0   0   0   0   0 |     TCG   0   0   0   0   0   0 |     TAG   0   0   0   0   0   0 | Trp TGG   2   2   2   2   2   2
--------------------------------------------------------------------------------------------------------------------------------------
Leu CTT   0   0   0   0   0   0 | Pro CCT   1   1   1   1   1   1 | His CAT   0   0   0   0   0   0 | Arg CGT   0   0   0   0   0   0
    CTC   2   2   2   2   2   2 |     CCC   0   0   0   0   0   0 |     CAC   1   1   1   1   1   1 |     CGC   1   1   1   1   1   1
    CTA   1   1   0   1   0   0 |     CCA   0   0   0   0   0   0 | Gln CAA   0   0   0   0   0   0 |     CGA   1   1   1   1   1   1
    CTG   4   3   4   4   4   4 |     CCG   0   0   0   0   0   0 |     CAG   0   0   0   0   0   0 |     CGG   2   2   2   2   2   2
--------------------------------------------------------------------------------------------------------------------------------------
Ile ATT   1   1   1   2   1   1 | Thr ACT   0   0   0   0   0   0 | Asn AAT   0   0   1   1   0   1 | Ser AGT   1   1   1   1   1   1
    ATC   3   3   3   2   3   3 |     ACC   4   3   4   4   4   4 |     AAC   6   6   5   5   5   5 |     AGC   2   2   2   2   3   2
    ATA   0   0   0   0   0   0 |     ACA   0   0   0   1   0   0 | Lys AAA   1   1   1   2   1   1 | Arg AGA   0   0   0   0   0   0
Met ATG   6   6   6   6   5   6 |     ACG   2   3   2   1   3   2 |     AAG   8   8   8   7   8   8 |     AGG   1   1   1   1   1   1
--------------------------------------------------------------------------------------------------------------------------------------
Val GTT   0   0   0   0   0   0 | Ala GCT   0   0   0   0   0   0 | Asp GAT   1   0   0   0   0   1 | Gly GGT   0   0   0   0   0   0
    GTC   2   2   2   2   2   2 |     GCC   3   3   3   3   3   3 |     GAC   3   4   4   4   4   3 |     GGC   2   2   2   2   3   2
    GTA   1   1   1   1   1   1 |     GCA   1   1   1   1   1   1 | Glu GAA   0   0   0   0   0   0 |     GGA   0   0   0   1   0   0
    GTG   5   5   5   5   5   5 |     GCG   1   1   1   1   1   1 |     GAG   5   5   5   5   5   5 |     GGG   1   1   1   0   0   1
--------------------------------------------------------------------------------------------------------------------------------------

--------------------------------------------------------------------------------------------------------------------------------------
Phe TTT   0   0   0   0   0   0 | Ser TCT   1   1   1   1   1   1 | Tyr TAT   0   0   1   0   1   1 | Cys TGT   0   0   0   0   0   0
    TTC   6   6   6   6   6   6 |     TCC   2   2   2   1   2   2 |     TAC   2   2   1   2   1   1 |     TGC   4   4   4   4   4   4
Leu TTA   1   0   1   1   1   1 |     TCA   0   0   0   0   0   0 | *** TAA   0   0   0   0   0   0 | *** TGA   0   0   0   0   0   0
    TTG   0   1   0   0   0   0 |     TCG   0   0   0   1   0   0 |     TAG   0   0   0   0   0   0 | Trp TGG   2   2   2   2   2   2
--------------------------------------------------------------------------------------------------------------------------------------
Leu CTT   0   0   0   0   0   0 | Pro CCT   1   1   1   1   1   1 | His CAT   0   0   0   0   0   0 | Arg CGT   0   0   0   0   0   0
    CTC   2   2   2   2   2   2 |     CCC   0   0   0   0   0   0 |     CAC   1   1   1   1   1   1 |     CGC   1   1   1   1   1   1
    CTA   0   0   0   0   0   0 |     CCA   0   0   0   0   0   0 | Gln CAA   0   0   0   0   0   0 |     CGA   1   1   1   1   1   1
    CTG   4   4   4   4   4   4 |     CCG   0   0   0   0   0   0 |     CAG   0   0   0   0   0   0 |     CGG   2   2   2   2   2   2
--------------------------------------------------------------------------------------------------------------------------------------
Ile ATT   1   1   1   1   1   1 | Thr ACT   0   0   0   0   0   0 | Asn AAT   0   0   0   0   0   1 | Ser AGT   1   1   1   1   1   1
    ATC   3   3   3   3   3   3 |     ACC   4   3   4   4   4   3 |     AAC   6   6   6   6   6   5 |     AGC   2   2   2   2   2   2
    ATA   0   0   0   0   0   0 |     ACA   0   1   0   0   0   1 | Lys AAA   1   1   1   1   1   1 | Arg AGA   0   0   0   0   0   0
Met ATG   6   6   6   6   6   6 |     ACG   2   2   2   2   2   2 |     AAG   8   8   8   8   8   8 |     AGG   1   1   1   1   1   1
--------------------------------------------------------------------------------------------------------------------------------------
Val GTT   0   1   0   1   0   0 | Ala GCT   0   0   0   0   0   0 | Asp GAT   0   0   0   0   0   0 | Gly GGT   0   0   0   0   0   0
    GTC   2   1   2   1   2   2 |     GCC   3   3   3   3   3   3 |     GAC   4   4   4   4   4   4 |     GGC   2   2   2   2   2   2
    GTA   1   1   2   1   1   1 |     GCA   1   1   1   1   1   1 | Glu GAA   0   0   0   0   0   0 |     GGA   0   0   0   0   0   0
    GTG   5   5   4   5   5   5 |     GCG   1   1   1   1   1   1 |     GAG   5   5   5   5   5   5 |     GGG   1   1   1   1   1   1
--------------------------------------------------------------------------------------------------------------------------------------

--------------------------------------------------------------------------------------------------------------------------------------
Phe TTT   0   0   0   0   0   0 | Ser TCT   1   1   1   1   1   1 | Tyr TAT   1   0   1   0   1   0 | Cys TGT   0   0   0   0   0   0
    TTC   6   6   6   6   6   6 |     TCC   2   2   2   2   2   2 |     TAC   1   2   1   2   1   2 |     TGC   4   4   4   4   4   4
Leu TTA   1   0   1   1   0   0 |     TCA   0   0   0   0   0   0 | *** TAA   0   0   0   0   0   0 | *** TGA   0   0   0   0   0   0
    TTG   0   0   0   0   1   1 |     TCG   0   0   0   0   0   0 |     TAG   0   0   0   0   0   0 | Trp TGG   2   2   2   2   2   2
--------------------------------------------------------------------------------------------------------------------------------------
Leu CTT   0   0   0   0   0   0 | Pro CCT   1   1   1   1   1   1 | His CAT   0   0   0   0   0   0 | Arg CGT   0   0   0   0   0   0
    CTC   2   2   2   2   2   2 |     CCC   0   0   0   0   0   0 |     CAC   1   1   1   1   1   1 |     CGC   1   1   1   1   1   2
    CTA   0   1   0   0   0   0 |     CCA   0   0   0   0   0   0 | Gln CAA   0   0   0   0   0   0 |     CGA   1   1   1   1   1   1
    CTG   4   4   4   4   4   4 |     CCG   0   0   0   0   0   0 |     CAG   0   0   0   0   0   0 |     CGG   2   2   2   2   2   1
--------------------------------------------------------------------------------------------------------------------------------------
Ile ATT   1   1   1   1   1   1 | Thr ACT   0   0   0   0   0   0 | Asn AAT   1   0   1   1   0   0 | Ser AGT   1   1   1   1   1   1
    ATC   3   3   3   3   3   3 |     ACC   4   4   4   3   3   4 |     AAC   5   6   5   5   6   6 |     AGC   2   2   2   2   2   2
    ATA   0   0   0   0   0   0 |     ACA   0   0   0   1   1   0 | Lys AAA   0   1   2   1   1   1 | Arg AGA   0   0   0   0   0   0
Met ATG   6   6   6   6   6   6 |     ACG   2   2   2   2   2   2 |     AAG   9   8   7   8   8   8 |     AGG   1   1   1   1   1   1
--------------------------------------------------------------------------------------------------------------------------------------
Val GTT   0   0   0   0   1   0 | Ala GCT   0   0   0   0   0   0 | Asp GAT   0   1   0   0   0   0 | Gly GGT   0   0   0   0   0   0
    GTC   2   2   2   2   1   2 |     GCC   3   3   3   3   3   3 |     GAC   4   3   4   4   4   4 |     GGC   2   2   2   2   2   2
    GTA   1   1   1   1   1   1 |     GCA   1   1   1   1   1   0 | Glu GAA   0   0   0   0   0   0 |     GGA   0   0   0   0   0   0
    GTG   5   5   5   5   5   5 |     GCG   1   1   1   1   1   2 |     GAG   5   5   5   5   5   5 |     GGG   1   1   1   1   1   1
--------------------------------------------------------------------------------------------------------------------------------------

--------------------------------------------------------------------------------------------------------------------------------------
Phe TTT   0   0   0   1   0   0 | Ser TCT   1   1   1   1   1   1 | Tyr TAT   1   0   0   1   0   0 | Cys TGT   0   0   0   0   0   0
    TTC   6   6   6   5   6   6 |     TCC   2   2   2   2   2   2 |     TAC   1   2   2   1   2   2 |     TGC   4   4   4   4   4   4
Leu TTA   1   1   1   1   1   1 |     TCA   0   0   0   0   0   0 | *** TAA   0   0   0   0   0   0 | *** TGA   0   0   0   0   0   0
    TTG   0   0   0   0   0   0 |     TCG   0   0   0   0   0   0 |     TAG   0   0   0   0   0   0 | Trp TGG   2   2   2   2   2   2
--------------------------------------------------------------------------------------------------------------------------------------
Leu CTT   0   0   0   1   0   0 | Pro CCT   1   1   1   1   1   1 | His CAT   0   0   0   0   0   0 | Arg CGT   0   0   0   0   0   1
    CTC   2   2   2   2   2   2 |     CCC   0   0   0   0   0   0 |     CAC   1   1   1   1   1   1 |     CGC   1   1   1   1   1   0
    CTA   0   0   0   0   0   0 |     CCA   0   0   0   0   0   0 | Gln CAA   0   0   0   0   0   0 |     CGA   1   1   1   1   1   1
    CTG   4   4   4   3   4   4 |     CCG   0   0   0   0   0   0 |     CAG   0   0   0   0   0   0 |     CGG   2   2   2   2   2   2
--------------------------------------------------------------------------------------------------------------------------------------
Ile ATT   1   1   1   0   1   1 | Thr ACT   0   0   0   1   0   0 | Asn AAT   0   0   0   0   0   0 | Ser AGT   1   1   1   1   1   1
    ATC   3   3   3   4   3   3 |     ACC   4   4   3   3   3   3 |     AAC   6   6   6   6   6   6 |     AGC   2   2   3   2   2   2
    ATA   0   0   0   0   0   0 |     ACA   1   0   0   1   0   0 | Lys AAA   1   2   1   1   1   1 | Arg AGA   0   0   0   0   0   0
Met ATG   6   6   6   5   6   6 |     ACG   1   2   2   1   3   3 |     AAG   8   7   8   8   8   8 |     AGG   1   1   1   1   1   1
--------------------------------------------------------------------------------------------------------------------------------------
Val GTT   0   0   0   0   0   0 | Ala GCT   0   0   0   0   0   0 | Asp GAT   1   0   0   1   2   1 | Gly GGT   0   0   0   1   0   0
    GTC   2   2   2   2   2   2 |     GCC   3   3   3   4   3   3 |     GAC   3   4   4   3   2   3 |     GGC   2   3   2   1   2   2
    GTA   1   1   1   0   1   1 |     GCA   1   1   2   0   1   1 | Glu GAA   0   0   0   0   0   0 |     GGA   0   0   0   0   0   0
    GTG   5   5   5   7   5   5 |     GCG   1   1   0   1   1   1 |     GAG   5   5   5   5   5   5 |     GGG   1   0   1   1   1   1
--------------------------------------------------------------------------------------------------------------------------------------

Codon position x base (3x4) table for each sequence.

#1: Argali         
position  1:    T:0.20000    C:0.13333    A:0.38889    G:0.27778
position  2:    T:0.34444    C:0.16667    A:0.30000    G:0.18889
position  3:    T:0.05556    C:0.47778    A:0.05556    G:0.41111
Average         T:0.20000    C:0.25926    A:0.24815    G:0.29259

#2: LesserMouseDeer
position  1:    T:0.20000    C:0.14444    A:0.37778    G:0.27778
position  2:    T:0.34444    C:0.16667    A:0.30000    G:0.18889
position  3:    T:0.04444    C:0.48889    A:0.04444    G:0.42222
Average         T:0.19630    C:0.26667    A:0.24074    G:0.29630

#3: LesserKudu     
position  1:    T:0.20000    C:0.13333    A:0.38889    G:0.27778
position  2:    T:0.34444    C:0.16667    A:0.30000    G:0.18889
position  3:    T:0.05556    C:0.46667    A:0.05556    G:0.42222
Average         T:0.20000    C:0.25556    A:0.24815    G:0.29630

#4: ForestMuskDeer2
position  1:    T:0.20000    C:0.13333    A:0.37778    G:0.28889
position  2:    T:0.34444    C:0.16667    A:0.30000    G:0.18889
position  3:    T:0.10000    C:0.45556    A:0.04444    G:0.40000
Average         T:0.21481    C:0.25185    A:0.24074    G:0.29259

#5: Camel          
position  1:    T:0.20000    C:0.14444    A:0.37778    G:0.27778
position  2:    T:0.34444    C:0.16667    A:0.30000    G:0.18889
position  3:    T:0.07778    C:0.47778    A:0.06667    G:0.37778
Average         T:0.20741    C:0.26296    A:0.24815    G:0.28148

#6: KillerWhale    
position  1:    T:0.20000    C:0.14444    A:0.37778    G:0.27778
position  2:    T:0.35556    C:0.15556    A:0.30000    G:0.18889
position  3:    T:0.08889    C:0.45556    A:0.05556    G:0.40000
Average         T:0.21481    C:0.25185    A:0.24444    G:0.28889

#7: DefassaWaterbuck
position  1:    T:0.20000    C:0.13333    A:0.38889    G:0.27778
position  2:    T:0.34444    C:0.16667    A:0.30000    G:0.18889
position  3:    T:0.05556    C:0.46667    A:0.06667    G:0.41111
Average         T:0.20000    C:0.25556    A:0.25185    G:0.29259

#8: Sheep          
position  1:    T:0.20000    C:0.13333    A:0.38889    G:0.27778
position  2:    T:0.34444    C:0.16667    A:0.30000    G:0.18889
position  3:    T:0.05556    C:0.47778    A:0.05556    G:0.41111
Average         T:0.20000    C:0.25926    A:0.24815    G:0.29259

#9: MaxwellsDuiker 
position  1:    T:0.18889    C:0.14444    A:0.38889    G:0.27778
position  2:    T:0.34444    C:0.16667    A:0.30000    G:0.18889
position  3:    T:0.04444    C:0.48889    A:0.06667    G:0.40000
Average         T:0.19259    C:0.26667    A:0.25185    G:0.28889

#10: GazellaPrzewalskyi
position  1:    T:0.20000    C:0.13333    A:0.38889    G:0.27778
position  2:    T:0.34444    C:0.16667    A:0.30000    G:0.18889
position  3:    T:0.06667    C:0.46667    A:0.05556    G:0.41111
Average         T:0.20370    C:0.25556    A:0.24815    G:0.29259

#11: MountainNyala  
position  1:    T:0.20000    C:0.13333    A:0.38889    G:0.27778
position  2:    T:0.34444    C:0.16667    A:0.30000    G:0.18889
position  3:    T:0.05556    C:0.46667    A:0.06667    G:0.41111
Average         T:0.20000    C:0.25556    A:0.25185    G:0.29259

#12: MuntiacusMuntjak
position  1:    T:0.20000    C:0.13333    A:0.38889    G:0.27778
position  2:    T:0.34444    C:0.16667    A:0.30000    G:0.18889
position  3:    T:0.06667    C:0.46667    A:0.05556    G:0.41111
Average         T:0.20370    C:0.25556    A:0.24815    G:0.29259

#13: goat           
position  1:    T:0.20000    C:0.13333    A:0.38889    G:0.27778
position  2:    T:0.34444    C:0.16667    A:0.30000    G:0.18889
position  3:    T:0.05556    C:0.47778    A:0.04444    G:0.42222
Average         T:0.20000    C:0.25926    A:0.24444    G:0.29630

#14: AfricanBuffalo 
position  1:    T:0.20000    C:0.13333    A:0.38889    G:0.27778
position  2:    T:0.34444    C:0.16667    A:0.30000    G:0.18889
position  3:    T:0.04444    C:0.47778    A:0.07778    G:0.40000
Average         T:0.19630    C:0.25926    A:0.25556    G:0.28889

#15: Topi           
position  1:    T:0.20000    C:0.13333    A:0.38889    G:0.27778
position  2:    T:0.33333    C:0.17778    A:0.28889    G:0.20000
position  3:    T:0.05556    C:0.47778    A:0.05556    G:0.41111
Average         T:0.19630    C:0.26296    A:0.24444    G:0.29630

#16: CommonDuiker   
position  1:    T:0.18889    C:0.14444    A:0.38889    G:0.27778
position  2:    T:0.34444    C:0.16667    A:0.30000    G:0.18889
position  3:    T:0.05556    C:0.47778    A:0.05556    G:0.41111
Average         T:0.19630    C:0.26296    A:0.24815    G:0.29259

#17: Suni           
position  1:    T:0.20000    C:0.13333    A:0.37778    G:0.28889
position  2:    T:0.34444    C:0.16667    A:0.30000    G:0.18889
position  3:    T:0.05556    C:0.47778    A:0.07778    G:0.38889
Average         T:0.20000    C:0.25926    A:0.25185    G:0.28889

#18: Springbuck     
position  1:    T:0.18889    C:0.14444    A:0.38889    G:0.27778
position  2:    T:0.33333    C:0.17778    A:0.30000    G:0.18889
position  3:    T:0.06667    C:0.46667    A:0.05556    G:0.41111
Average         T:0.19630    C:0.26296    A:0.24815    G:0.29259

#19: Okapi          
position  1:    T:0.20000    C:0.13333    A:0.38889    G:0.27778
position  2:    T:0.34444    C:0.16667    A:0.30000    G:0.18889
position  3:    T:0.06667    C:0.45556    A:0.07778    G:0.40000
Average         T:0.20370    C:0.25185    A:0.25556    G:0.28889

#20: Giraffe        
position  1:    T:0.20000    C:0.13333    A:0.38889    G:0.27778
position  2:    T:0.34444    C:0.16667    A:0.30000    G:0.18889
position  3:    T:0.05556    C:0.47778    A:0.07778    G:0.38889
Average         T:0.20000    C:0.25926    A:0.25556    G:0.28519

#21: TibetanAntelope
position  1:    T:0.20000    C:0.13333    A:0.38889    G:0.27778
position  2:    T:0.34444    C:0.16667    A:0.30000    G:0.18889
position  3:    T:0.05556    C:0.47778    A:0.05556    G:0.41111
Average         T:0.20000    C:0.25926    A:0.24815    G:0.29259

#22: Sitatunga      
position  1:    T:0.20000    C:0.13333    A:0.38889    G:0.27778
position  2:    T:0.34444    C:0.16667    A:0.30000    G:0.18889
position  3:    T:0.05556    C:0.46667    A:0.06667    G:0.41111
Average         T:0.20000    C:0.25556    A:0.25185    G:0.29259

#23: Oribi          
position  1:    T:0.20000    C:0.13333    A:0.38889    G:0.27778
position  2:    T:0.34444    C:0.16667    A:0.30000    G:0.18889
position  3:    T:0.07778    C:0.45556    A:0.05556    G:0.41111
Average         T:0.20741    C:0.25185    A:0.24815    G:0.29259

#24: BarbarySheep   
position  1:    T:0.20000    C:0.13333    A:0.38889    G:0.27778
position  2:    T:0.34444    C:0.16667    A:0.30000    G:0.18889
position  3:    T:0.06667    C:0.46667    A:0.05556    G:0.41111
Average         T:0.20370    C:0.25556    A:0.24815    G:0.29259

#25: Daviddeer      
position  1:    T:0.20000    C:0.13333    A:0.38889    G:0.27778
position  2:    T:0.34444    C:0.16667    A:0.30000    G:0.18889
position  3:    T:0.06667    C:0.46667    A:0.04444    G:0.42222
Average         T:0.20370    C:0.25556    A:0.24444    G:0.29630

#26: Reindeer       
position  1:    T:0.20000    C:0.13333    A:0.38889    G:0.27778
position  2:    T:0.34444    C:0.16667    A:0.30000    G:0.18889
position  3:    T:0.06667    C:0.45556    A:0.07778    G:0.40000
Average         T:0.20370    C:0.25185    A:0.25556    G:0.28889

#27: Ibex           
position  1:    T:0.20000    C:0.13333    A:0.38889    G:0.27778
position  2:    T:0.34444    C:0.16667    A:0.30000    G:0.18889
position  3:    T:0.05556    C:0.47778    A:0.05556    G:0.41111
Average         T:0.20000    C:0.25926    A:0.24815    G:0.29259

#28: GyrantGazelle  
position  1:    T:0.18889    C:0.14444    A:0.38889    G:0.27778
position  2:    T:0.34444    C:0.16667    A:0.30000    G:0.18889
position  3:    T:0.06667    C:0.46667    A:0.05556    G:0.41111
Average         T:0.20000    C:0.25926    A:0.24815    G:0.29259

#29: Hartebeest     
position  1:    T:0.20000    C:0.13333    A:0.38889    G:0.27778
position  2:    T:0.34444    C:0.16667    A:0.30000    G:0.18889
position  3:    T:0.05556    C:0.47778    A:0.05556    G:0.41111
Average         T:0.20000    C:0.25926    A:0.24815    G:0.29259

#30: Bongo          
position  1:    T:0.20000    C:0.13333    A:0.38889    G:0.27778
position  2:    T:0.34444    C:0.16667    A:0.30000    G:0.18889
position  3:    T:0.05556    C:0.46667    A:0.06667    G:0.41111
Average         T:0.20000    C:0.25556    A:0.25185    G:0.29259

#31: Gerenuk        
position  1:    T:0.18889    C:0.14444    A:0.38889    G:0.27778
position  2:    T:0.34444    C:0.16667    A:0.30000    G:0.18889
position  3:    T:0.06667    C:0.46667    A:0.05556    G:0.41111
Average         T:0.20000    C:0.25926    A:0.24815    G:0.29259

#32: CommonEland    
position  1:    T:0.20000    C:0.13333    A:0.38889    G:0.27778
position  2:    T:0.34444    C:0.16667    A:0.30000    G:0.18889
position  3:    T:0.04444    C:0.47778    A:0.06667    G:0.41111
Average         T:0.19630    C:0.25926    A:0.25185    G:0.29259

#33: MuntiacusReevesi
position  1:    T:0.20000    C:0.13333    A:0.38889    G:0.27778
position  2:    T:0.34444    C:0.16667    A:0.30000    G:0.18889
position  3:    T:0.06667    C:0.46667    A:0.05556    G:0.41111
Average         T:0.20370    C:0.25556    A:0.24815    G:0.29259

#34: HarveysDuiker  
position  1:    T:0.18889    C:0.14444    A:0.38889    G:0.27778
position  2:    T:0.34444    C:0.16667    A:0.30000    G:0.18889
position  3:    T:0.06667    C:0.46667    A:0.08889    G:0.37778
Average         T:0.20000    C:0.25926    A:0.25926    G:0.28148

#35: Pronghorn      
position  1:    T:0.20000    C:0.13333    A:0.38889    G:0.27778
position  2:    T:0.33333    C:0.17778    A:0.28889    G:0.20000
position  3:    T:0.04444    C:0.50000    A:0.05556    G:0.40000
Average         T:0.19259    C:0.27037    A:0.24444    G:0.29259

#36: BlueWildebeest 
position  1:    T:0.20000    C:0.13333    A:0.38889    G:0.27778
position  2:    T:0.34444    C:0.16667    A:0.30000    G:0.18889
position  3:    T:0.06667    C:0.46667    A:0.05556    G:0.41111
Average         T:0.20370    C:0.25556    A:0.24815    G:0.29259

#37: Gemsbok        
position  1:    T:0.20000    C:0.13333    A:0.38889    G:0.27778
position  2:    T:0.34444    C:0.16667    A:0.30000    G:0.18889
position  3:    T:0.04444    C:0.48889    A:0.05556    G:0.41111
Average         T:0.19630    C:0.26296    A:0.24815    G:0.29259

#38: Yak            
position  1:    T:0.20000    C:0.13333    A:0.38889    G:0.27778
position  2:    T:0.34444    C:0.16667    A:0.30000    G:0.18889
position  3:    T:0.05556    C:0.46667    A:0.05556    G:0.42222
Average         T:0.20000    C:0.25556    A:0.24815    G:0.29630

#39: BlueSheep      
position  1:    T:0.20000    C:0.13333    A:0.38889    G:0.27778
position  2:    T:0.34444    C:0.16667    A:0.30000    G:0.18889
position  3:    T:0.05556    C:0.47778    A:0.06667    G:0.40000
Average         T:0.20000    C:0.25926    A:0.25185    G:0.28889

#40: BohorReedbuck  
position  1:    T:0.20000    C:0.13333    A:0.38889    G:0.27778
position  2:    T:0.34444    C:0.16667    A:0.30000    G:0.18889
position  3:    T:0.05556    C:0.46667    A:0.05556    G:0.42222
Average         T:0.20000    C:0.25556    A:0.24815    G:0.29630

#41: KirksDik       
position  1:    T:0.20000    C:0.13333    A:0.38889    G:0.27778
position  2:    T:0.34444    C:0.16667    A:0.30000    G:0.18889
position  3:    T:0.05556    C:0.47778    A:0.05556    G:0.41111
Average         T:0.20000    C:0.25926    A:0.24815    G:0.29259

#42: RoeDeer        
position  1:    T:0.20000    C:0.13333    A:0.38889    G:0.27778
position  2:    T:0.34444    C:0.16667    A:0.30000    G:0.18889
position  3:    T:0.06667    C:0.45556    A:0.06667    G:0.41111
Average         T:0.20370    C:0.25185    A:0.25185    G:0.29259

#43: WhiteLippedDeer
position  1:    T:0.20000    C:0.13333    A:0.38889    G:0.27778
position  2:    T:0.34444    C:0.16667    A:0.30000    G:0.18889
position  3:    T:0.06667    C:0.46667    A:0.04444    G:0.42222
Average         T:0.20370    C:0.25556    A:0.24444    G:0.29630

#44: ThomsonGazelle 
position  1:    T:0.18889    C:0.14444    A:0.38889    G:0.27778
position  2:    T:0.34444    C:0.16667    A:0.30000    G:0.18889
position  3:    T:0.05556    C:0.47778    A:0.05556    G:0.41111
Average         T:0.19630    C:0.26296    A:0.24815    G:0.29259

#45: MuntiacusCrinifrons
position  1:    T:0.20000    C:0.13333    A:0.38889    G:0.27778
position  2:    T:0.34444    C:0.16667    A:0.30000    G:0.18889
position  3:    T:0.06667    C:0.46667    A:0.06667    G:0.40000
Average         T:0.20370    C:0.25556    A:0.25185    G:0.28889

#46: WhiteTailedDeer
position  1:    T:0.20000    C:0.13333    A:0.38889    G:0.27778
position  2:    T:0.34444    C:0.16667    A:0.30000    G:0.18889
position  3:    T:0.05556    C:0.46667    A:0.06667    G:0.41111
Average         T:0.20000    C:0.25556    A:0.25185    G:0.29259

#47: Cattle         
position  1:    T:0.20000    C:0.13333    A:0.38889    G:0.27778
position  2:    T:0.34444    C:0.16667    A:0.30000    G:0.18889
position  3:    T:0.06667    C:0.45556    A:0.05556    G:0.42222
Average         T:0.20370    C:0.25185    A:0.24815    G:0.29630

#48: RoyalAntelope  
position  1:    T:0.20000    C:0.13333    A:0.38889    G:0.27778
position  2:    T:0.34444    C:0.16667    A:0.30000    G:0.18889
position  3:    T:0.04444    C:0.50000    A:0.03333    G:0.42222
Average         T:0.19630    C:0.26667    A:0.24074    G:0.29630

#49: Steenbok       
position  1:    T:0.20000    C:0.13333    A:0.38889    G:0.27778
position  2:    T:0.34444    C:0.16667    A:0.30000    G:0.18889
position  3:    T:0.06667    C:0.46667    A:0.06667    G:0.40000
Average         T:0.20370    C:0.25556    A:0.25185    G:0.28889

#50: Impala         
position  1:    T:0.20000    C:0.13333    A:0.38889    G:0.27778
position  2:    T:0.34444    C:0.16667    A:0.30000    G:0.18889
position  3:    T:0.04444    C:0.50000    A:0.06667    G:0.38889
Average         T:0.19630    C:0.26667    A:0.25185    G:0.28519

#51: Klipspringer   
position  1:    T:0.20000    C:0.13333    A:0.38889    G:0.27778
position  2:    T:0.34444    C:0.15556    A:0.30000    G:0.20000
