CODONML (in paml version 4.10.7, June 2023)  /home/rachel/ruminants_paml/6406-phy-tree/ENSBTAT00000012972.fasta.phy
Model: free dN/dS Ratios for branches,  kappa = 2.000 fixed

Codon frequency model: F3x4
ns =  54  ls =  25

Codon usage in sequences
--------------------------------------------------------------------------------------------------------------------------------------
Phe TTT   0   0   0   0   0   0 | Ser TCT   1   1   2   2   1   2 | Tyr TAT   1   1   1   1   0   0 | Cys TGT   0   0   0   0   1   0
    TTC   1   1   1   1   1   1 |     TCC   2   1   1   1   1   1 |     TAC   0   0   0   0   1   1 |     TGC   0   0   0   0   0   0
Leu TTA   0   0   0   0   0   0 |     TCA   1   1   1   1   0   1 | *** TAA   0   0   0   0   0   0 | *** TGA   0   0   0   0   0   0
    TTG   0   1   0   0   1   1 |     TCG   0   1   0   0   1   0 |     TAG   0   0   0   0   0   0 | Trp TGG   1   1   1   1   1   1
--------------------------------------------------------------------------------------------------------------------------------------
Leu CTT   0   0   0   0   0   1 | Pro CCT   0   0   0   0   0   0 | His CAT   0   0   0   0   0   0 | Arg CGT   0   0   0   0   0   0
    CTC   0   0   0   0   0   0 |     CCC   0   0   0   0   0   0 |     CAC   0   0   0   0   0   0 |     CGC   0   0   0   0   0   0
    CTA   0   1   1   1   1   0 |     CCA   0   0   0   0   0   0 | Gln CAA   0   0   0   0   0   0 |     CGA   0   0   0   0   0   0
    CTG   2   0   1   1   0   0 |     CCG   0   0   0   0   0   0 |     CAG   0   0   0   0   0   0 |     CGG   0   0   0   0   0   0
--------------------------------------------------------------------------------------------------------------------------------------
Ile ATT   0   0   0   0   0   0 | Thr ACT   0   0   0   0   0   0 | Asn AAT   0   0   0   0   0   0 | Ser AGT   0   0   0   0   0   0
    ATC   0   0   0   0   0   0 |     ACC   0   0   0   0   0   0 |     AAC   0   0   0   0   0   0 |     AGC   0   0   0   0   0   0
    ATA   0   1   0   0   0   0 |     ACA   0   0   0   0   0   0 | Lys AAA   2   2   2   2   1   2 | Arg AGA   0   0   0   0   0   0
Met ATG   2   1   2   2   2   2 |     ACG   0   0   0   0   0   0 |     AAG   1   1   1   1   2   1 |     AGG   0   0   0   0   0   0
--------------------------------------------------------------------------------------------------------------------------------------
Val GTT   1   1   1   1   0   1 | Ala GCT   0   0   0   0   0   0 | Asp GAT   1   0   1   1   1   1 | Gly GGT   1   1   1   1   0   1
    GTC   0   0   0   0   0   0 |     GCC   1   1   1   1   1   1 |     GAC   1   2   1   1   1   1 |     GGC   0   0   0   0   1   0
    GTA   1   0   1   1   0   0 |     GCA   1   1   2   1   1   1 | Glu GAA   1   1   1   1   1   1 |     GGA   1   1   1   1   1   1
    GTG   1   2   1   1   3   2 |     GCG   1   1   0   1   1   1 |     GAG   0   0   0   0   0   0 |     GGG   0   0   0   0   0   0
--------------------------------------------------------------------------------------------------------------------------------------

--------------------------------------------------------------------------------------------------------------------------------------
Phe TTT   0   0   0   0   0   0 | Ser TCT   1   1   1   1   2   2 | Tyr TAT   1   1   0   1   1   1 | Cys TGT   0   0   0   0   0   0
    TTC   1   1   1   1   1   1 |     TCC   2   2   2   2   1   1 |     TAC   0   0   1   0   0   0 |     TGC   0   0   0   0   0   0
Leu TTA   0   0   1   0   0   0 |     TCA   1   1   1   1   1   1 | *** TAA   0   0   0   0   0   0 | *** TGA   0   0   0   0   0   0
    TTG   0   0   0   0   0   0 |     TCG   0   0   0   0   0   0 |     TAG   0   0   0   0   0   0 | Trp TGG   1   1   1   1   1   1
--------------------------------------------------------------------------------------------------------------------------------------
Leu CTT   0   0   0   0   0   0 | Pro CCT   0   0   0   0   0   0 | His CAT   0   0   0   0   0   0 | Arg CGT   0   0   0   0   0   0
    CTC   0   0   0   0   0   0 |     CCC   0   0   0   0   0   0 |     CAC   0   0   0   0   0   0 |     CGC   0   0   0   0   0   0
    CTA   1   0   0   1   1   1 |     CCA   0   0   0   0   0   0 | Gln CAA   0   0   0   0   0   0 |     CGA   0   0   0   0   0   0
    CTG   1   2   1   1   1   1 |     CCG   0   0   0   0   0   0 |     CAG   0   0   0   0   0   0 |     CGG   0   0   0   0   0   0
--------------------------------------------------------------------------------------------------------------------------------------
Ile ATT   0   0   0   0   0   0 | Thr ACT   0   0   0   0   0   0 | Asn AAT   0   0   0   0   0   0 | Ser AGT   0   0   0   0   0   0
    ATC   0   0   0   0   0   0 |     ACC   0   0   0   0   0   0 |     AAC   0   0   0   0   0   0 |     AGC   0   0   0   0   0   0
    ATA   0   0   0   0   0   0 |     ACA   0   0   0   0   0   0 | Lys AAA   2   2   2   2   2   2 | Arg AGA   0   0   0   0   0   0
Met ATG   2   2   2   2   2   2 |     ACG   0   0   0   0   0   0 |     AAG   1   1   1   1   1   1 |     AGG   0   0   0   0   0   0
--------------------------------------------------------------------------------------------------------------------------------------
Val GTT   1   1   1   1   1   1 | Ala GCT   0   0   0   0   0   0 | Asp GAT   1   1   1   1   1   1 | Gly GGT   1   1   1   1   1   1
    GTC   0   0   1   0   0   0 |     GCC   1   1   1   1   1   1 |     GAC   1   1   1   1   1   1 |     GGC   0   0   0   0   0   0
    GTA   1   1   0   0   1   1 |     GCA   1   1   1   1   2   1 | Glu GAA   1   1   1   1   1   1 |     GGA   1   1   1   1   1   1
    GTG   1   1   1   2   1   1 |     GCG   1   1   1   1   0   1 |     GAG   0   0   0   0   0   0 |     GGG   0   0   0   0   0   0
--------------------------------------------------------------------------------------------------------------------------------------

--------------------------------------------------------------------------------------------------------------------------------------
Phe TTT   0   0   0   0   0   0 | Ser TCT   1   2   1   1   1   1 | Tyr TAT   1   1   1   1   1   1 | Cys TGT   0   0   0   0   0   0
    TTC   1   1   1   1   1   1 |     TCC   1   1   2   2   2   2 |     TAC   0   0   0   0   0   0 |     TGC   0   0   0   0   0   0
Leu TTA   0   0   0   0   0   0 |     TCA   1   1   1   1   1   1 | *** TAA   0   0   0   0   0   0 | *** TGA   0   0   0   0   0   0
    TTG   0   0   0   0   0   0 |     TCG   1   0   0   0   0   0 |     TAG   0   0   0   0   0   0 | Trp TGG   1   1   1   1   1   1
--------------------------------------------------------------------------------------------------------------------------------------
Leu CTT   0   0   0   0   0   0 | Pro CCT   0   0   0   0   0   0 | His CAT   0   0   0   0   0   0 | Arg CGT   0   0   0   0   0   0
    CTC   0   0   0   0   0   0 |     CCC   0   0   0   0   0   0 |     CAC   0   0   0   0   0   0 |     CGC   0   0   0   0   0   0
    CTA   0   1   1   1   1   1 |     CCA   0   0   0   0   0   0 | Gln CAA   0   0   0   0   0   0 |     CGA   0   0   0   0   0   0
    CTG   2   1   1   1   1   1 |     CCG   0   0   0   0   0   0 |     CAG   0   0   0   0   0   0 |     CGG   0   0   0   0   0   0
--------------------------------------------------------------------------------------------------------------------------------------
Ile ATT   0   0   0   0   0   0 | Thr ACT   0   0   0   0   0   0 | Asn AAT   0   0   0   0   0   0 | Ser AGT   0   0   0   0   0   0
    ATC   0   0   0   0   0   0 |     ACC   0   0   0   0   0   0 |     AAC   0   0   0   0   0   0 |     AGC   0   0   0   0   0   0
    ATA   0   0   0   0   0   0 |     ACA   0   0   0   0   0   0 | Lys AAA   2   2   2   2   2   2 | Arg AGA   0   0   0   0   0   0
Met ATG   2   2   2   2   2   2 |     ACG   0   0   0   0   0   0 |     AAG   1   1   1   1   1   1 |     AGG   0   0   0   0   0   0
--------------------------------------------------------------------------------------------------------------------------------------
Val GTT   1   1   1   1   1   1 | Ala GCT   0   0   0   0   0   0 | Asp GAT   1   1   1   1   0   1 | Gly GGT   1   1   1   1   1   1
    GTC   0   0   0   1   0   0 |     GCC   1   1   1   1   1   1 |     GAC   1   1   1   1   2   1 |     GGC   0   0   0   0   0   0
    GTA   1   1   1   0   1   0 |     GCA   1   1   2   1   1   1 | Glu GAA   1   1   1   1   1   1 |     GGA   1   1   1   1   1   1
    GTG   1   1   1   1   1   2 |     GCG   1   1   0   1   1   1 |     GAG   0   0   0   0   0   0 |     GGG   0   0   0   0   0   0
--------------------------------------------------------------------------------------------------------------------------------------

--------------------------------------------------------------------------------------------------------------------------------------
Phe TTT   0   0   0   0   0   0 | Ser TCT   2   2   1   2   1   1 | Tyr TAT   1   1   1   1   1   1 | Cys TGT   0   0   0   0   0   0
    TTC   1   1   1   1   1   1 |     TCC   1   1   2   1   2   2 |     TAC   0   0   0   0   0   0 |     TGC   0   0   0   0   0   0
Leu TTA   0   0   0   0   0   0 |     TCA   1   1   1   1   1   1 | *** TAA   0   0   0   0   0   0 | *** TGA   0   0   0   0   0   0
    TTG   0   0   0   0   0   0 |     TCG   0   0   0   0   0   0 |     TAG   0   0   0   0   0   0 | Trp TGG   1   1   1   1   1   1
--------------------------------------------------------------------------------------------------------------------------------------
Leu CTT   0   0   0   0   0   0 | Pro CCT   0   0   0   0   0   0 | His CAT   0   0   0   0   0   0 | Arg CGT   0   0   0   0   0   0
    CTC   0   0   0   0   0   0 |     CCC   0   0   0   0   0   0 |     CAC   0   0   0   0   0   0 |     CGC   0   0   0   0   0   0
    CTA   1   1   1   1   1   0 |     CCA   0   0   0   0   0   0 | Gln CAA   0   0   0   0   0   0 |     CGA   0   0   0   0   0   0
    CTG   1   1   1   1   1   2 |     CCG   0   0   0   0   0   0 |     CAG   0   0   0   0   0   0 |     CGG   0   0   0   0   0   0
--------------------------------------------------------------------------------------------------------------------------------------
Ile ATT   0   0   0   0   0   0 | Thr ACT   0   0   0   0   0   0 | Asn AAT   0   0   0   0   0   0 | Ser AGT   0   0   0   0   0   0
    ATC   0   0   0   0   0   0 |     ACC   0   0   0   0   0   0 |     AAC   0   0   0   0   0   0 |     AGC   0   0   0   0   0   0
    ATA   0   0   0   0   0   0 |     ACA   0   0   0   0   0   0 | Lys AAA   2   2   2   2   2   2 | Arg AGA   0   0   0   0   0   0
Met ATG   2   2   2   2   2   2 |     ACG   0   0   0   0   0   0 |     AAG   1   1   1   1   1   1 |     AGG   0   0   0   0   0   0
--------------------------------------------------------------------------------------------------------------------------------------
Val GTT   1   1   1   1   1   1 | Ala GCT   0   0   0   0   0   0 | Asp GAT   1   1   1   1   1   1 | Gly GGT   0   1   1   1   1   1
    GTC   0   0   0   0   0   0 |     GCC   1   1   1   1   1   1 |     GAC   1   1   1   1   1   1 |     GGC   1   0   0   0   0   0
    GTA   1   1   1   1   0   1 |     GCA   1   1   1   2   1   1 | Glu GAA   1   1   1   1   1   1 |     GGA   1   1   1   1   1   1
    GTG   1   1   1   1   2   1 |     GCG   1   1   1   0   1   1 |     GAG   0   0   0   0   0   0 |     GGG   0   0   0   0   0   0
--------------------------------------------------------------------------------------------------------------------------------------

--------------------------------------------------------------------------------------------------------------------------------------
Phe TTT   0   0   0   0   0   0 | Ser TCT   2   2   1   1   1   2 | Tyr TAT   1   1   1   1   1   1 | Cys TGT   0   0   0   0   0   0
    TTC   1   1   1   1   1   1 |     TCC   1   1   2   2   2   1 |     TAC   0   0   0   0   0   0 |     TGC   0   0   0   0   0   0
Leu TTA   1   0   0   0   0   0 |     TCA   1   1   1   1   1   1 | *** TAA   0   0   0   0   0   0 | *** TGA   0   0   0   0   0   0
    TTG   0   0   0   0   0   0 |     TCG   0   0   0   0   0   0 |     TAG   0   0   0   0   0   0 | Trp TGG   1   1   1   1   1   1
--------------------------------------------------------------------------------------------------------------------------------------
Leu CTT   0   0   0   0   0   0 | Pro CCT   0   0   0   0   0   0 | His CAT   0   0   0   0   0   0 | Arg CGT   0   0   0   0   0   0
    CTC   0   0   0   0   0   0 |     CCC   0   0   0   0   0   0 |     CAC   0   0   0   0   0   0 |     CGC   0   0   0   0   0   0
    CTA   0   1   0   1   1   1 |     CCA   0   0   0   0   0   0 | Gln CAA   0   0   0   0   0   0 |     CGA   0   0   0   0   0   0
    CTG   1   1   2   1   1   1 |     CCG   0   0   0   0   0   0 |     CAG   0   0   0   0   0   0 |     CGG   0   0   0   0   0   0
--------------------------------------------------------------------------------------------------------------------------------------
Ile ATT   0   0   0   0   0   0 | Thr ACT   0   0   0   0   0   0 | Asn AAT   0   0   0   0   0   0 | Ser AGT   0   0   0   0   1   0
    ATC   0   0   0   0   0   0 |     ACC   0   0   0   0   0   0 |     AAC   0   0   0   0   0   0 |     AGC   0   0   0   0   0   0
    ATA   0   0   0   0   0   0 |     ACA   0   0   0   0   0   0 | Lys AAA   2   2   2   2   2   2 | Arg AGA   0   0   0   0   0   0
Met ATG   2   2   2   2   2   2 |     ACG   0   0   0   0   0   0 |     AAG   1   1   1   1   1   1 |     AGG   0   0   0   0   0   0
--------------------------------------------------------------------------------------------------------------------------------------
Val GTT   1   1   1   1   1   1 | Ala GCT   0   0   0   0   0   0 | Asp GAT   1   1   1   1   1   1 | Gly GGT   1   1   1   1   0   1
    GTC   0   0   0   0   0   0 |     GCC   1   1   1   1   1   1 |     GAC   1   1   1   1   1   1 |     GGC   0   0   0   0   0   0
    GTA   1   1   1   0   1   1 |     GCA   1   1   2   1   2   2 | Glu GAA   1   1   1   1   1   1 |     GGA   1   1   1   1   1   1
    GTG   1   1   1   2   1   1 |     GCG   1   1   0   1   0   0 |     GAG   0   0   0   0   0   0 |     GGG   0   0   0   0   0   0
--------------------------------------------------------------------------------------------------------------------------------------

--------------------------------------------------------------------------------------------------------------------------------------
Phe TTT   0   0   0   0   0   0 | Ser TCT   1   2   2   1   2   1 | Tyr TAT   1   1   1   1   1   1 | Cys TGT   0   0   0   0   0   0
    TTC   1   1   1   1   1   1 |     TCC   2   1   1   2   1   2 |     TAC   0   0   0   0   0   0 |     TGC   0   0   0   0   0   0
Leu TTA   0   0   0   0   0   0 |     TCA   1   1   1   1   1   1 | *** TAA   0   0   0   0   0   0 | *** TGA   0   0   0   0   0   0
    TTG   0   0   0   0   0   0 |     TCG   0   0   0   0   0   0 |     TAG   0   0   0   0   0   0 | Trp TGG   1   1   1   1   1   1
--------------------------------------------------------------------------------------------------------------------------------------
Leu CTT   0   0   0   0   0   0 | Pro CCT   0   0   0   0   0   0 | His CAT   0   0   0   0   0   0 | Arg CGT   0   0   0   0   0   0
    CTC   0   0   0   0   0   0 |     CCC   0   0   0   0   0   0 |     CAC   0   0   0   0   0   0 |     CGC   0   0   0   0   0   0
    CTA   0   1   1   1   1   1 |     CCA   0   0   0   0   0   0 | Gln CAA   0   0   0   0   0   0 |     CGA   0   0   0   0   0   0
    CTG   1   1   1   1   1   1 |     CCG   0   0   0   0   0   0 |     CAG   0   0   0   0   0   0 |     CGG   0   0   0   0   0   0
--------------------------------------------------------------------------------------------------------------------------------------
Ile ATT   0   0   0   0   0   0 | Thr ACT   0   0   0   0   0   0 | Asn AAT   0   0   0   0   0   0 | Ser AGT   0   0   0   0   0   0
    ATC   0   0   0   0   0   0 |     ACC   0   0   0   0   0   0 |     AAC   0   0   0   0   0   0 |     AGC   0   0   0   0   0   0
    ATA   1   0   0   0   0   0 |     ACA   0   0   0   0   0   0 | Lys AAA   2   2   2   2   2   2 | Arg AGA   0   0   0   0   0   0
Met ATG   2   2   2   2   2   2 |     ACG   0   0   0   0   0   0 |     AAG   1   1   1   1   1   1 |     AGG   0   0   0   0   0   0
--------------------------------------------------------------------------------------------------------------------------------------
Val GTT   1   1   1   1   1   0 | Ala GCT   0   0   0   0   0   0 | Asp GAT   1   1   1   1   1   1 | Gly GGT   1   1   1   1   1   1
    GTC   0   0   0   1   0   1 |     GCC   1   1   1   1   1   1 |     GAC   1   1   1   1   1   1 |     GGC   0   0   0   0   0   0
    GTA   0   1   1   0   2   1 |     GCA   1   2   1   1   0   2 | Glu GAA   1   1   1   1   1   1 |     GGA   1   1   1   1   1   1
    GTG   2   1   1   1   1   1 |     GCG   1   0   1   1   1   0 |     GAG   0   0   0   0   0   0 |     GGG   0   0   0   0   0   0
--------------------------------------------------------------------------------------------------------------------------------------

--------------------------------------------------------------------------------------------------------------------------------------
Phe TTT   0   0   0   0   0   0 | Ser TCT   1   2   1   1   1   2 | Tyr TAT   1   1   1   1   1   1 | Cys TGT   0   0   0   0   0   0
    TTC   1   1   1   1   1   1 |     TCC   2   1   2   2   2   1 |     TAC   0   0   0   0   0   0 |     TGC   0   0   0   0   0   0
Leu TTA   0   0   0   0   0   0 |     TCA   1   1   1   1   1   1 | *** TAA   0   0   0   0   0   0 | *** TGA   0   0   0   0   0   0
    TTG   0   0   0   0   0   0 |     TCG   0   0   0   0   0   0 |     TAG   0   0   0   0   0   0 | Trp TGG   1   1   1   1   1   1
--------------------------------------------------------------------------------------------------------------------------------------
Leu CTT   0   0   0   0   0   0 | Pro CCT   0   0   0   0   0   0 | His CAT   0   0   0   0   0   0 | Arg CGT   0   0   0   0   0   0
    CTC   0   0   0   0   0   0 |     CCC   0   0   0   0   0   0 |     CAC   0   0   0   0   0   0 |     CGC   0   0   0   0   0   0
    CTA   1   1   0   1   1   1 |     CCA   0   0   0   0   0   0 | Gln CAA   0   0   0   0   0   0 |     CGA   0   0   0   0   0   0
    CTG   1   1   2   1   1   1 |     CCG   0   0   0   0   0   0 |     CAG   0   0   0   0   0   0 |     CGG   0   0   0   0   0   0
--------------------------------------------------------------------------------------------------------------------------------------
Ile ATT   0   0   0   0   0   0 | Thr ACT   0   0   0   0   0   0 | Asn AAT   0   0   0   0   0   0 | Ser AGT   0   0   0   0   0   0
    ATC   0   0   0   0   0   0 |     ACC   0   0   0   0   0   0 |     AAC   0   0   0   0   0   0 |     AGC   0   0   0   0   0   0
    ATA   0   0   0   0   0   0 |     ACA   0   0   0   0   0   0 | Lys AAA   2   2   2   2   2   2 | Arg AGA   0   0   0   0   0   0
Met ATG   2   2   2   2   2   2 |     ACG   0   0   0   0   0   0 |     AAG   1   1   1   1   1   1 |     AGG   0   0   0   0   0   0
--------------------------------------------------------------------------------------------------------------------------------------
Val GTT   1   1   1   1   0   1 | Ala GCT   0   0   0   0   0   0 | Asp GAT   1   1   1   1   1   1 | Gly GGT   1   1   1   1   1   1
    GTC   0   0   0   0   1   0 |     GCC   1   1   1   1   1   1 |     GAC   1   1   1   1   1   1 |     GGC   0   0   0   0   0   0
    GTA   1   1   1   1   0   1 |     GCA   2   1   1   1   2   1 | Glu GAA   1   1   1   1   1   1 |     GGA   1   1   1   1   1   1
    GTG   1   1   1   1   2   1 |     GCG   0   1   1   1   0   1 |     GAG   0   0   0   0   0   0 |     GGG   0   0   0   0   0   0
--------------------------------------------------------------------------------------------------------------------------------------

--------------------------------------------------------------------------------------------------------------------------------------
Phe TTT   0   0   0   0   0   0 | Ser TCT   2   1   2   2   2   1 | Tyr TAT   1   1   1   1   1   1 | Cys TGT   0   0   0   0   0   0
    TTC   1   1   1   1   1   1 |     TCC   1   2   1   1   1   2 |     TAC   0   0   0   0   0   0 |     TGC   0   0   0   0   0   0
Leu TTA   1   0   0   0   0   0 |     TCA   1   0   1   1   1   1 | *** TAA   0   0   0   0   0   0 | *** TGA   0   0   0   0   0   0
    TTG   0   0   0   0   0   0 |     TCG   0   1   0   0   0   0 |     TAG   0   0   0   0   0   0 | Trp TGG   1   1   1   1   1   1
--------------------------------------------------------------------------------------------------------------------------------------
Leu CTT   0   0   0   0   0   0 | Pro CCT   0   0   0   0   0   0 | His CAT   0   0   0   0   0   0 | Arg CGT   0   0   0   0   0   0
    CTC   0   0   0   0   0   0 |     CCC   0   0   0   0   0   0 |     CAC   0   0   0   0   0   0 |     CGC   0   0   0   0   0   0
    CTA   0   1   1   1   1   0 |     CCA   0   0   0   0   0   0 | Gln CAA   0   0   0   0   0   0 |     CGA   0   0   0   0   0   0
    CTG   1   1   1   1   1   2 |     CCG   0   0   0   0   0   0 |     CAG   0   0   0   0   0   0 |     CGG   0   0   0   0   0   0
--------------------------------------------------------------------------------------------------------------------------------------
Ile ATT   0   0   0   0   0   0 | Thr ACT   0   0   0   0   0   0 | Asn AAT   0   0   0   0   0   0 | Ser AGT   0   0   0   0   0   0
    ATC   0   0   0   0   0   0 |     ACC   0   0   0   0   0   0 |     AAC   0   0   0   0   0   0 |     AGC   0   0   0   0   0   0
    ATA   0   0   0   0   0   0 |     ACA   0   0   0   0   0   0 | Lys AAA   2   2   2   2   2   2 | Arg AGA   0   0   0   0   0   0
Met ATG   2   2   2   2   2   2 |     ACG   0   0   0   0   0   0 |     AAG   1   1   1   1   1   1 |     AGG   0   0   0   0   0   0
--------------------------------------------------------------------------------------------------------------------------------------
Val GTT   1   1   1   1   1   1 | Ala GCT   0   0   0   0   0   0 | Asp GAT   1   1   1   1   1   1 | Gly GGT   1   1   1   1   1   1
    GTC   0   0   0   0   0   0 |     GCC   1   1   1   1   1   1 |     GAC   1   1   1   1   1   1 |     GGC   0   0   0   0   0   0
    GTA   1   0   1   1   0   1 |     GCA   1   1   1   1   1   1 | Glu GAA   1   1   1   1   1   1 |     GGA   1   1   1   1   1   1
    GTG   1   2   1   1   2   1 |     GCG   1   1   1   1   1   1 |     GAG   0   0   0   0   0   0 |     GGG   0   0   0   0   0   0
--------------------------------------------------------------------------------------------------------------------------------------

--------------------------------------------------------------------------------------------------------------------------------------
Phe TTT   0   0   0   0   0   0 | Ser TCT   1   1   1   2   1   2 | Tyr TAT   1   1   1   1   1   1 | Cys TGT   0   0   0   0   0   0
    TTC   1   1   1   1   1   1 |     TCC   2   1   2   1   2   1 |     TAC   0   0   0   0   0   0 |     TGC   0   0   0   0   0   0
Leu TTA   0   0   0   0   0   0 |     TCA   1   1   1   1   1   1 | *** TAA   0   0   0   0   0   0 | *** TGA   0   0   0   0   0   0
    TTG   0   0   0   0   0   0 |     TCG   0   1   0   0   0   0 |     TAG   0   0   0   0   0   0 | Trp TGG   1   1   1   1   1   1
--------------------------------------------------------------------------------------------------------------------------------------
Leu CTT   0   0   0   0   0   0 | Pro CCT   0   0   0   0   0   0 | His CAT   0   0   0   0   0   0 | Arg CGT   0   0   0   0   0   0
    CTC   0   0   0   0   0   0 |     CCC   0   0   0   0   0   0 |     CAC   0   0   0   0   0   0 |     CGC   0   0   0   0   0   0
    CTA   1   1   1   1   1   1 |     CCA   0   0   0   0   0   0 | Gln CAA   0   0   0   0   0   0 |     CGA   0   0   0   0   0   0
    CTG   1   1   1   1   1   1 |     CCG   0   0   0   0   0   0 |     CAG   0   0   0   0   0   0 |     CGG   0   0   0   0   0   0
--------------------------------------------------------------------------------------------------------------------------------------
Ile ATT   0   0   0   0   0   0 | Thr ACT   0   0   0   0   0   0 | Asn AAT   0   0   0   0   0   0 | Ser AGT   0   0   1   0   0   0
    ATC   0   0   0   0   0   0 |     ACC   0   0   0   0   0   0 |     AAC   0   0   0   0   0   0 |     AGC   0   0   0   0   0   0
    ATA   0   0   0   0   0   0 |     ACA   0   0   0   0   0   0 | Lys AAA   2   2   2   2   2   2 | Arg AGA   0   0   0   0   0   0
Met ATG   2   2   2   2   2   2 |     ACG   0   0   0   0   0   0 |     AAG   1   1   1   1   1   1 |     AGG   0   0   0   0   0   0
--------------------------------------------------------------------------------------------------------------------------------------
Val GTT   1   1   1   1   1   1 | Ala GCT   0   0   0   0   0   0 | Asp GAT   1   1   1   1   1   1 | Gly GGT   1   1   0   1   1   1
    GTC   0   0   0   0   0   0 |     GCC   1   1   1   1   1   1 |     GAC   1   1   1   1   1   1 |     GGC   0   0   0   0   0   0
    GTA   0   0   1   1   1   1 |     GCA   1   1   1   1   2   2 | Glu GAA   1   1   1   1   1   1 |     GGA   1   1   1   1   1   1
    GTG   2   2   1   1   1   1 |     GCG   1   1   1   1   0   0 |     GAG   0   0   0   0   0   0 |     GGG   0   0   0   0   0   0
--------------------------------------------------------------------------------------------------------------------------------------

Codon position x base (3x4) table for each sequence.

#1: Argali         
position  1:    T:0.28000    C:0.08000    A:0.20000    G:0.44000
position  2:    T:0.32000    C:0.28000    A:0.28000    G:0.12000
position  3:    T:0.20000    C:0.20000    A:0.28000    G:0.32000
Average         T:0.26667    C:0.18667    A:0.25333    G:0.29333

#2: LesserMouseDeer
position  1:    T:0.32000    C:0.04000    A:0.20000    G:0.44000
position  2:    T:0.32000    C:0.28000    A:0.28000    G:0.12000
position  3:    T:0.16000    C:0.20000    A:0.32000    G:0.32000
Average         T:0.26667    C:0.17333    A:0.26667    G:0.29333

#3: LesserKudu     
position  1:    T:0.28000    C:0.08000    A:0.20000    G:0.44000
position  2:    T:0.32000    C:0.28000    A:0.28000    G:0.12000
position  3:    T:0.24000    C:0.16000    A:0.36000    G:0.24000
Average         T:0.28000    C:0.17333    A:0.28000    G:0.26667

#4: ForestMuskDeer2
position  1:    T:0.28000    C:0.08000    A:0.20000    G:0.44000
position  2:    T:0.32000    C:0.28000    A:0.28000    G:0.12000
position  3:    T:0.24000    C:0.16000    A:0.32000    G:0.28000
Average         T:0.28000    C:0.17333    A:0.26667    G:0.28000

#5: Camel          
position  1:    T:0.32000    C:0.04000    A:0.20000    G:0.44000
position  2:    T:0.32000    C:0.24000    A:0.28000    G:0.16000
position  3:    T:0.12000    C:0.24000    A:0.20000    G:0.44000
Average         T:0.25333    C:0.17333    A:0.22667    G:0.34667

#6: KillerWhale    
position  1:    T:0.32000    C:0.04000    A:0.20000    G:0.44000
position  2:    T:0.32000    C:0.28000    A:0.28000    G:0.12000
position  3:    T:0.24000    C:0.20000    A:0.24000    G:0.32000
Average         T:0.29333    C:0.17333    A:0.24000    G:0.29333

#7: DefassaWaterbuck
position  1:    T:0.28000    C:0.08000    A:0.20000    G:0.44000
position  2:    T:0.32000    C:0.28000    A:0.28000    G:0.12000
position  3:    T:0.20000    C:0.20000    A:0.32000    G:0.28000
Average         T:0.26667    C:0.18667    A:0.26667    G:0.28000

#8: Sheep          
position  1:    T:0.28000    C:0.08000    A:0.20000    G:0.44000
position  2:    T:0.32000    C:0.28000    A:0.28000    G:0.12000
position  3:    T:0.20000    C:0.20000    A:0.28000    G:0.32000
Average         T:0.26667    C:0.18667    A:0.25333    G:0.29333

#9: MaxwellsDuiker 
position  1:    T:0.32000    C:0.04000    A:0.20000    G:0.44000
position  2:    T:0.32000    C:0.28000    A:0.28000    G:0.12000
position  3:    T:0.16000    C:0.28000    A:0.28000    G:0.28000
Average         T:0.26667    C:0.20000    A:0.25333    G:0.28000

#10: GazellaPrzewalskyi
position  1:    T:0.28000    C:0.08000    A:0.20000    G:0.44000
position  2:    T:0.32000    C:0.28000    A:0.28000    G:0.12000
position  3:    T:0.20000    C:0.20000    A:0.28000    G:0.32000
Average         T:0.26667    C:0.18667    A:0.25333    G:0.29333

#11: MountainNyala  
position  1:    T:0.28000    C:0.08000    A:0.20000    G:0.44000
position  2:    T:0.32000    C:0.28000    A:0.28000    G:0.12000
position  3:    T:0.24000    C:0.16000    A:0.36000    G:0.24000
Average         T:0.28000    C:0.17333    A:0.28000    G:0.26667

#12: MuntiacusMuntjak
position  1:    T:0.28000    C:0.08000    A:0.20000    G:0.44000
position  2:    T:0.32000    C:0.28000    A:0.28000    G:0.12000
position  3:    T:0.24000    C:0.16000    A:0.32000    G:0.28000
Average         T:0.28000    C:0.17333    A:0.26667    G:0.28000

#13: goat           
position  1:    T:0.28000    C:0.08000    A:0.20000    G:0.44000
position  2:    T:0.32000    C:0.28000    A:0.28000    G:0.12000
position  3:    T:0.20000    C:0.16000    A:0.28000    G:0.36000
Average         T:0.26667    C:0.17333    A:0.25333    G:0.30667

#14: AfricanBuffalo 
position  1:    T:0.28000    C:0.08000    A:0.20000    G:0.44000
position  2:    T:0.32000    C:0.28000    A:0.28000    G:0.12000
position  3:    T:0.24000    C:0.16000    A:0.32000    G:0.28000
Average         T:0.28000    C:0.17333    A:0.26667    G:0.28000

#15: Topi           
position  1:    T:0.28000    C:0.08000    A:0.20000    G:0.44000
position  2:    T:0.32000    C:0.28000    A:0.28000    G:0.12000
position  3:    T:0.20000    C:0.20000    A:0.36000    G:0.24000
Average         T:0.26667    C:0.18667    A:0.28000    G:0.26667

#16: CommonDuiker   
position  1:    T:0.28000    C:0.08000    A:0.20000    G:0.44000
position  2:    T:0.32000    C:0.28000    A:0.28000    G:0.12000
position  3:    T:0.20000    C:0.24000    A:0.28000    G:0.28000
Average         T:0.26667    C:0.20000    A:0.25333    G:0.28000

#17: Suni           
position  1:    T:0.28000    C:0.08000    A:0.20000    G:0.44000
position  2:    T:0.32000    C:0.28000    A:0.28000    G:0.12000
position  3:    T:0.16000    C:0.24000    A:0.32000    G:0.28000
Average         T:0.25333    C:0.20000    A:0.26667    G:0.28000

#18: Springbuck     
position  1:    T:0.28000    C:0.08000    A:0.20000    G:0.44000
position  2:    T:0.32000    C:0.28000    A:0.28000    G:0.12000
position  3:    T:0.20000    C:0.20000    A:0.28000    G:0.32000
Average         T:0.26667    C:0.18667    A:0.25333    G:0.29333

#19: Okapi          
position  1:    T:0.28000    C:0.08000    A:0.20000    G:0.44000
position  2:    T:0.32000    C:0.28000    A:0.28000    G:0.12000
position  3:    T:0.20000    C:0.20000    A:0.32000    G:0.28000
Average         T:0.26667    C:0.18667    A:0.26667    G:0.28000

#20: Giraffe        
position  1:    T:0.28000    C:0.08000    A:0.20000    G:0.44000
position  2:    T:0.32000    C:0.28000    A:0.28000    G:0.12000
position  3:    T:0.24000    C:0.16000    A:0.32000    G:0.28000
Average         T:0.28000    C:0.17333    A:0.26667    G:0.28000

#21: TibetanAntelope
position  1:    T:0.28000    C:0.08000    A:0.20000    G:0.44000
position  2:    T:0.32000    C:0.28000    A:0.28000    G:0.12000
position  3:    T:0.20000    C:0.20000    A:0.32000    G:0.28000
Average         T:0.26667    C:0.18667    A:0.26667    G:0.28000

#22: Sitatunga      
position  1:    T:0.28000    C:0.08000    A:0.20000    G:0.44000
position  2:    T:0.32000    C:0.28000    A:0.28000    G:0.12000
position  3:    T:0.24000    C:0.16000    A:0.36000    G:0.24000
Average         T:0.28000    C:0.17333    A:0.28000    G:0.26667

#23: Oribi          
position  1:    T:0.28000    C:0.08000    A:0.20000    G:0.44000
position  2:    T:0.32000    C:0.28000    A:0.28000    G:0.12000
position  3:    T:0.20000    C:0.20000    A:0.28000    G:0.32000
Average         T:0.26667    C:0.18667    A:0.25333    G:0.29333

#24: BarbarySheep   
position  1:    T:0.28000    C:0.08000    A:0.20000    G:0.44000
position  2:    T:0.32000    C:0.28000    A:0.28000    G:0.12000
position  3:    T:0.20000    C:0.20000    A:0.28000    G:0.32000
Average         T:0.26667    C:0.18667    A:0.25333    G:0.29333

#25: Daviddeer      
position  1:    T:0.32000    C:0.04000    A:0.20000    G:0.44000
position  2:    T:0.32000    C:0.28000    A:0.28000    G:0.12000
position  3:    T:0.24000    C:0.16000    A:0.32000    G:0.28000
Average         T:0.29333    C:0.16000    A:0.26667    G:0.28000

#26: Reindeer       
position  1:    T:0.28000    C:0.08000    A:0.20000    G:0.44000
position  2:    T:0.32000    C:0.28000    A:0.28000    G:0.12000
position  3:    T:0.24000    C:0.16000    A:0.32000    G:0.28000
Average         T:0.28000    C:0.17333    A:0.26667    G:0.28000

#27: Ibex           
position  1:    T:0.28000    C:0.08000    A:0.20000    G:0.44000
position  2:    T:0.32000    C:0.28000    A:0.28000    G:0.12000
position  3:    T:0.20000    C:0.20000    A:0.32000    G:0.28000
Average         T:0.26667    C:0.18667    A:0.26667    G:0.28000

#28: GyrantGazelle  
position  1:    T:0.28000    C:0.08000    A:0.20000    G:0.44000
position  2:    T:0.32000    C:0.28000    A:0.28000    G:0.12000
position  3:    T:0.20000    C:0.20000    A:0.28000    G:0.32000
Average         T:0.26667    C:0.18667    A:0.25333    G:0.29333

#29: Hartebeest     
position  1:    T:0.28000    C:0.08000    A:0.24000    G:0.40000
position  2:    T:0.32000    C:0.28000    A:0.28000    G:0.12000
position  3:    T:0.20000    C:0.20000    A:0.36000    G:0.24000
Average         T:0.26667    C:0.18667    A:0.29333    G:0.25333

#30: Bongo          
position  1:    T:0.28000    C:0.08000    A:0.20000    G:0.44000
position  2:    T:0.32000    C:0.28000    A:0.28000    G:0.12000
position  3:    T:0.24000    C:0.16000    A:0.36000    G:0.24000
Average         T:0.28000    C:0.17333    A:0.28000    G:0.26667

#31: Gerenuk        
position  1:    T:0.28000    C:0.04000    A:0.24000    G:0.44000
position  2:    T:0.32000    C:0.28000    A:0.28000    G:0.12000
position  3:    T:0.20000    C:0.20000    A:0.28000    G:0.32000
Average         T:0.26667    C:0.17333    A:0.26667    G:0.29333

#32: CommonEland    
position  1:    T:0.28000    C:0.08000    A:0.20000    G:0.44000
position  2:    T:0.32000    C:0.28000    A:0.28000    G:0.12000
position  3:    T:0.24000    C:0.16000    A:0.36000    G:0.24000
Average         T:0.28000    C:0.17333    A:0.28000    G:0.26667

#33: MuntiacusReevesi
position  1:    T:0.28000    C:0.08000    A:0.20000    G:0.44000
position  2:    T:0.32000    C:0.28000    A:0.28000    G:0.12000
position  3:    T:0.24000    C:0.16000    A:0.32000    G:0.28000
Average         T:0.28000    C:0.17333    A:0.26667    G:0.28000

#34: HarveysDuiker  
position  1:    T:0.28000    C:0.08000    A:0.20000    G:0.44000
position  2:    T:0.32000    C:0.28000    A:0.28000    G:0.12000
position  3:    T:0.20000    C:0.24000    A:0.28000    G:0.28000
Average         T:0.26667    C:0.20000    A:0.25333    G:0.28000

#35: Pronghorn      
position  1:    T:0.28000    C:0.08000    A:0.20000    G:0.44000
position  2:    T:0.36000    C:0.24000    A:0.28000    G:0.12000
position  3:    T:0.24000    C:0.16000    A:0.32000    G:0.28000
Average         T:0.29333    C:0.16000    A:0.26667    G:0.28000

#36: BlueWildebeest 
position  1:    T:0.28000    C:0.08000    A:0.20000    G:0.44000
position  2:    T:0.32000    C:0.28000    A:0.28000    G:0.12000
position  3:    T:0.16000    C:0.24000    A:0.36000    G:0.24000
Average         T:0.25333    C:0.20000    A:0.28000    G:0.26667

#37: Gemsbok        
position  1:    T:0.28000    C:0.08000    A:0.20000    G:0.44000
position  2:    T:0.32000    C:0.28000    A:0.28000    G:0.12000
position  3:    T:0.20000    C:0.20000    A:0.36000    G:0.24000
Average         T:0.26667    C:0.18667    A:0.28000    G:0.26667

#38: Yak            
position  1:    T:0.28000    C:0.08000    A:0.20000    G:0.44000
position  2:    T:0.32000    C:0.28000    A:0.28000    G:0.12000
position  3:    T:0.24000    C:0.16000    A:0.32000    G:0.28000
Average         T:0.28000    C:0.17333    A:0.26667    G:0.28000

#39: BlueSheep      
position  1:    T:0.28000    C:0.08000    A:0.20000    G:0.44000
position  2:    T:0.32000    C:0.28000    A:0.28000    G:0.12000
position  3:    T:0.20000    C:0.20000    A:0.28000    G:0.32000
Average         T:0.26667    C:0.18667    A:0.25333    G:0.29333

#40: BohorReedbuck  
position  1:    T:0.28000    C:0.08000    A:0.20000    G:0.44000
position  2:    T:0.32000    C:0.28000    A:0.28000    G:0.12000
position  3:    T:0.20000    C:0.20000    A:0.32000    G:0.28000
Average         T:0.26667    C:0.18667    A:0.26667    G:0.28000

#41: KirksDik       
position  1:    T:0.28000    C:0.08000    A:0.20000    G:0.44000
position  2:    T:0.32000    C:0.28000    A:0.28000    G:0.12000
position  3:    T:0.16000    C:0.24000    A:0.32000    G:0.28000
Average         T:0.25333    C:0.20000    A:0.26667    G:0.28000

#42: RoeDeer        
position  1:    T:0.28000    C:0.08000    A:0.20000    G:0.44000
position  2:    T:0.32000    C:0.28000    A:0.28000    G:0.12000
position  3:    T:0.24000    C:0.16000    A:0.32000    G:0.28000
Average         T:0.28000    C:0.17333    A:0.26667    G:0.28000

#43: WhiteLippedDeer
position  1:    T:0.32000    C:0.04000    A:0.20000    G:0.44000
position  2:    T:0.32000    C:0.28000    A:0.28000    G:0.12000
position  3:    T:0.24000    C:0.16000    A:0.32000    G:0.28000
Average         T:0.29333    C:0.16000    A:0.26667    G:0.28000

#44: ThomsonGazelle 
position  1:    T:0.28000    C:0.08000    A:0.20000    G:0.44000
position  2:    T:0.32000    C:0.28000    A:0.28000    G:0.12000
position  3:    T:0.20000    C:0.20000    A:0.24000    G:0.36000
Average         T:0.26667    C:0.18667    A:0.24000    G:0.30667

#45: MuntiacusCrinifrons
position  1:    T:0.28000    C:0.08000    A:0.20000    G:0.44000
position  2:    T:0.32000    C:0.28000    A:0.28000    G:0.12000
position  3:    T:0.24000    C:0.16000    A:0.32000    G:0.28000
Average         T:0.28000    C:0.17333    A:0.26667    G:0.28000

#46: WhiteTailedDeer
position  1:    T:0.28000    C:0.08000    A:0.20000    G:0.44000
position  2:    T:0.32000    C:0.28000    A:0.28000    G:0.12000
position  3:    T:0.24000    C:0.16000    A:0.32000    G:0.28000
Average         T:0.28000    C:0.17333    A:0.26667    G:0.28000

#47: Cattle         
position  1:    T:0.28000    C:0.08000    A:0.20000    G:0.44000
position  2:    T:0.32000    C:0.28000    A:0.28000    G:0.12000
position  3:    T:0.24000    C:0.16000    A:0.28000    G:0.32000
Average         T:0.28000    C:0.17333    A:0.25333    G:0.29333

#48: RoyalAntelope  
position  1:    T:0.28000    C:0.08000    A:0.20000    G:0.44000
position  2:    T:0.32000    C:0.28000    A:0.28000    G:0.12000
position  3:    T:0.20000    C:0.20000    A:0.28000    G:0.32000
Average         T:0.26667    C:0.18667    A:0.25333    G:0.29333

#49: Steenbok       
position  1:    T:0.28000    C:0.08000    A:0.20000    G:0.44000
position  2:    T:0.32000    C:0.28000    A:0.28000    G:0.12000
position  3:    T:0.20000    C:0.20000    A:0.28000    G:0.32000
Average         T:0.26667    C:0.18667    A:0.25333    G:0.29333

#50: Impala         
position  1:    T:0.28000    C:0.08000    A:0.20000    G:0.44000
position  2:    T:0.32000    C:0.28000    A:0.28000    G:0.12000
position  3:    T:0.20000    C:0.16000    A:0.28000    G:0.36000
Average         T:0.26667    C:0.17333    A:0.25333    G:0.30667

#51: Klipspringer   
position  1:    T:0.28000    C:0.08000    A:0.24000    G:0.40000
position  2:    T:0.32000    C:0.28000    A:0.28000    G:0.12000
