1
52 1
Argali 0.000000 0.155100 0.038000 0.146700 0.018700 0.003700 0.018800 0.018800 0.049500 0.053900 0.015000 0.061800 0.034100 0.030200 0.045800 0.029900 0.045800 0.038000 0.018600 0.038000 0.022500 0.033600 0.045800 0.081700 0.011100 0.026500 0.029900 0.045600 0.030200 0.041700 0.053900 0.026400 0.057900 0.030000 0.026300 0.037900 0.014900 0.007400 0.026300 0.094400 0.057800 0.030200 0.065900 0.065600 0.034000 0.022700 0.007400 0.018700 0.029900 0.038000 0.042000 0.053500
LesserMous 0.155100 0.000000 0.155300 0.164500 0.150500 0.150800 0.169200 0.155400 0.177800 0.174400 0.150900 0.188400 0.173200 0.164300 0.182900 0.182800 0.155500 0.142100 0.168900 0.164300 0.164100 0.150900 0.165100 0.192500 0.150500 0.178400 0.168500 0.173300 0.182700 0.168700 0.174500 0.169400 0.156200 0.159800 0.164700 0.164400 0.163700 0.146400 0.159500 0.212100 0.178600 0.183000 0.179000 0.174200 0.159600 0.165200 0.155300 0.159700 0.173000 0.164300 0.168600 0.182400
LesserKudu 0.038000 0.155300 0.000000 0.155700 0.041800 0.034100 0.049800 0.049800 0.018800 0.061900 0.038100 0.054000 0.057700 0.053700 0.069800 0.061700 0.053800 0.045800 0.049800 0.007500 0.053600 0.049800 0.053900 0.090300 0.034100 0.057800 0.053700 0.015000 0.061700 0.011200 0.062000 0.049900 0.066200 0.053700 0.049900 0.030300 0.045700 0.030300 0.057600 0.111600 0.065800 0.061800 0.070000 0.074000 0.026400 0.046100 0.038000 0.041900 0.045800 0.045800 0.011200 0.022600
KillerWhal 0.146700 0.164500 0.155700 0.000000 0.142100 0.142300 0.160700 0.151400 0.169200 0.165900 0.151300 0.174900 0.164600 0.164800 0.165200 0.174100 0.155800 0.151200 0.160400 0.155800 0.164500 0.151300 0.156500 0.188400 0.151000 0.169700 0.160000 0.164700 0.174100 0.160200 0.165900 0.160800 0.156800 0.151300 0.147100 0.155900 0.155300 0.138000 0.151000 0.198500 0.170000 0.174400 0.170400 0.151900 0.151200 0.156600 0.146800 0.146700 0.164500 0.146800 0.160100 0.173700
DefassaWat 0.018700 0.150500 0.041800 0.142100 0.000000 0.014800 0.030300 0.030200 0.053400 0.057800 0.026400 0.065700 0.037500 0.026300 0.049600 0.041800 0.049700 0.041800 0.030400 0.041700 0.033600 0.045700 0.049700 0.085700 0.022500 0.038000 0.034000 0.049000 0.041800 0.045600 0.057800 0.030200 0.061800 0.033700 0.030100 0.041700 0.026000 0.011200 0.037400 0.098400 0.061700 0.041800 0.069800 0.069500 0.037800 0.026500 0.018600 0.022500 0.033900 0.041800 0.045500 0.057300
Sheep 0.003700 0.150800 0.034100 0.142300 0.014800 0.000000 0.015000 0.015000 0.045600 0.050000 0.011200 0.057600 0.030200 0.026100 0.041900 0.026100 0.041900 0.034100 0.015000 0.034000 0.018600 0.030200 0.041500 0.077700 0.007400 0.022600 0.026100 0.041800 0.026400 0.037900 0.050000 0.022400 0.054300 0.026400 0.022600 0.034000 0.011100 0.003700 0.022300 0.098600 0.053900 0.026300 0.061900 0.061600 0.030100 0.018900 0.003700 0.015000 0.026300 0.034100 0.037800 0.049600
MaxwellsDu 0.018800 0.169200 0.049800 0.160700 0.030300 0.015000 0.000000 0.030300 0.061700 0.066200 0.026500 0.074300 0.046000 0.034200 0.057900 0.042000 0.057800 0.049900 0.030400 0.049900 0.034200 0.045900 0.058000 0.094700 0.022600 0.038200 0.042000 0.057800 0.042000 0.053800 0.066200 0.015100 0.070300 0.042000 0.038200 0.049900 0.026400 0.018800 0.038100 0.111900 0.070000 0.042100 0.078300 0.078200 0.045900 0.034400 0.018800 0.030400 0.042000 0.049900 0.053800 0.065800
GazellaPrz 0.018800 0.155400 0.049800 0.151400 0.030200 0.015000 0.030300 0.000000 0.061600 0.066000 0.026500 0.074200 0.045900 0.041900 0.057800 0.026400 0.057700 0.049800 0.030300 0.049800 0.018800 0.045800 0.057900 0.086100 0.022600 0.022600 0.041900 0.057700 0.026400 0.053700 0.066000 0.038200 0.070300 0.042000 0.038200 0.049800 0.026400 0.018800 0.030200 0.107300 0.069900 0.026500 0.070000 0.078100 0.045800 0.034400 0.011200 0.030300 0.041900 0.049800 0.053700 0.065600
MountainNy 0.049500 0.177800 0.018800 0.169200 0.053400 0.045600 0.061700 0.061600 0.000000 0.074000 0.057700 0.065800 0.069400 0.065400 0.081700 0.073500 0.065700 0.057600 0.061000 0.018700 0.065300 0.069000 0.065600 0.102300 0.053400 0.069800 0.065400 0.011100 0.073500 0.007400 0.074000 0.060700 0.078100 0.065400 0.061600 0.041800 0.056600 0.041700 0.069400 0.123900 0.077900 0.073600 0.082100 0.085900 0.037800 0.050000 0.049600 0.053500 0.057400 0.057700 0.022500 0.018600
MuntiacusM 0.053900 0.174400 0.061900 0.165900 0.057800 0.050000 0.066200 0.066000 0.074000 0.000000 0.062000 0.086900 0.074100 0.070100 0.086600 0.078200 0.070100 0.062000 0.066100 0.062000 0.069900 0.074100 0.030600 0.066400 0.057800 0.074300 0.070000 0.070000 0.078200 0.065900 0.000000 0.066300 0.074900 0.070100 0.066200 0.054100 0.061800 0.046100 0.074000 0.087100 0.034400 0.078400 0.011300 0.050300 0.057900 0.062300 0.054000 0.058000 0.065900 0.061900 0.065900 0.078100
goat 0.015000 0.150900 0.038100 0.151300 0.026400 0.011200 0.026500 0.026500 0.057700 0.062000 0.000000 0.070100 0.034200 0.038100 0.053900 0.038100 0.045900 0.038000 0.026500 0.045900 0.030300 0.034200 0.054000 0.090400 0.003700 0.034200 0.030300 0.053700 0.038100 0.049800 0.062000 0.034300 0.062200 0.030300 0.026500 0.045900 0.015000 0.015000 0.034100 0.103000 0.065900 0.038100 0.073900 0.074000 0.041900 0.030500 0.015000 0.026500 0.038000 0.045900 0.049700 0.061700
AfricanBuf 0.061800 0.188400 0.054000 0.174900 0.065700 0.057600 0.074300 0.074200 0.065800 0.086900 0.070100 0.000000 0.082100 0.073800 0.094600 0.086300 0.062100 0.062000 0.073200 0.053800 0.077900 0.081400 0.078300 0.107200 0.065700 0.082500 0.077900 0.061600 0.086300 0.057800 0.086900 0.074100 0.091100 0.078000 0.074100 0.038300 0.061700 0.054200 0.074100 0.129000 0.090900 0.086400 0.099400 0.090500 0.034000 0.070500 0.061800 0.065800 0.069000 0.070100 0.057700 0.069800
Topi 0.034100 0.173200 0.057700 0.164600 0.037500 0.030200 0.046000 0.045900 0.069400 0.074100 0.034200 0.082100 0.000000 0.041800 0.065600 0.053600 0.049800 0.041900 0.045700 0.057500 0.049600 0.061500 0.065700 0.094100 0.037900 0.049900 0.011200 0.065400 0.053600 0.061400 0.074100 0.045600 0.074100 0.018700 0.030000 0.057500 0.034000 0.026200 0.053500 0.106900 0.078000 0.053700 0.086300 0.086000 0.052900 0.042200 0.033800 0.037900 0.049600 0.049800 0.061400 0.065000
CommonDuik 0.030200 0.164300 0.053700 0.164800 0.026300 0.026100 0.034200 0.041900 0.065400 0.070100 0.038100 0.073800 0.041800 0.000000 0.061600 0.053600 0.061700 0.053700 0.041800 0.053500 0.045600 0.057800 0.061700 0.090000 0.034000 0.049900 0.045700 0.061400 0.053600 0.057400 0.070100 0.026300 0.074100 0.045700 0.041900 0.053600 0.030200 0.022600 0.049800 0.115500 0.073900 0.053700 0.082200 0.081900 0.049500 0.038300 0.029900 0.034000 0.045700 0.053700 0.057400 0.061500
Suni 0.045800 0.182900 0.069800 0.165200 0.049600 0.041900 0.057900 0.057800 0.081700 0.086600 0.053900 0.094600 0.065600 0.061600 0.000000 0.069700 0.069900 0.069800 0.053700 0.069600 0.061500 0.061600 0.076900 0.115300 0.049400 0.066000 0.061200 0.077700 0.061700 0.074100 0.086600 0.057800 0.090700 0.061600 0.057700 0.069600 0.053500 0.037500 0.065600 0.137300 0.090500 0.069800 0.099000 0.090300 0.064900 0.046200 0.045300 0.041900 0.061500 0.061800 0.073500 0.085800
Springbuck 0.029900 0.182800 0.061700 0.174100 0.041800 0.026100 0.042000 0.026400 0.073500 0.078200 0.038100 0.086300 0.053600 0.053600 0.069700 0.000000 0.069800 0.057700 0.041500 0.061500 0.030100 0.057500 0.069800 0.098300 0.034000 0.018800 0.049600 0.069500 0.014900 0.065500 0.078200 0.049800 0.082300 0.049300 0.045900 0.061500 0.037500 0.030000 0.034000 0.119700 0.082100 0.022600 0.090500 0.090200 0.056800 0.046200 0.022500 0.041700 0.053600 0.061800 0.065400 0.077600
Okapi 0.045800 0.155500 0.053800 0.155800 0.049700 0.041900 0.057800 0.057700 0.065700 0.070100 0.045900 0.062100 0.049800 0.061700 0.069900 0.069800 0.000000 0.022500 0.057800 0.053800 0.061600 0.065700 0.062000 0.090300 0.049700 0.065900 0.045800 0.061700 0.061800 0.057700 0.070100 0.057900 0.070300 0.053700 0.049900 0.053800 0.053600 0.038100 0.065700 0.094800 0.074000 0.069900 0.082300 0.074000 0.049800 0.046100 0.045900 0.049800 0.061600 0.030300 0.057700 0.069700
Giraffe 0.038000 0.142100 0.045800 0.151200 0.041800 0.034100 0.049900 0.049800 0.057600 0.062000 0.038000 0.062000 0.041900 0.053700 0.069800 0.057700 0.022500 0.000000 0.049800 0.045800 0.053600 0.057700 0.053900 0.090300 0.041800 0.053800 0.038000 0.053700 0.057700 0.049700 0.062000 0.049900 0.062200 0.038000 0.034200 0.045900 0.045700 0.030300 0.057600 0.103100 0.065900 0.057800 0.074100 0.074000 0.041900 0.046100 0.038000 0.041900 0.053600 0.038100 0.049700 0.061600
TibetanAnt 0.018600 0.168900 0.049800 0.160400 0.030400 0.015000 0.030400 0.030300 0.061000 0.066100 0.026500 0.073200 0.045700 0.041800 0.053700 0.041500 0.057800 0.049800 0.000000 0.049100 0.034100 0.037300 0.057800 0.094000 0.022300 0.038100 0.041600 0.049100 0.041800 0.053500 0.066100 0.038000 0.070100 0.041300 0.038000 0.049700 0.026300 0.018800 0.037400 0.115600 0.070000 0.041900 0.078200 0.077900 0.045400 0.034400 0.018700 0.026400 0.041500 0.049800 0.053500 0.064800
Sitatunga 0.038000 0.164300 0.007500 0.155800 0.041700 0.034000 0.049900 0.049800 0.018700 0.062000 0.045900 0.053800 0.057500 0.053500 0.069600 0.061500 0.053800 0.045800 0.049100 0.000000 0.053500 0.057500 0.053800 0.090000 0.041300 0.057800 0.052900 0.014900 0.061500 0.011100 0.062000 0.049700 0.066000 0.053600 0.049700 0.030200 0.045600 0.030200 0.057400 0.111900 0.065900 0.061600 0.070000 0.073800 0.026300 0.046100 0.037900 0.041800 0.045600 0.045800 0.011200 0.022500
Oribi 0.022500 0.164100 0.053600 0.164500 0.033600 0.018600 0.034200 0.018800 0.065300 0.069900 0.030300 0.077900 0.049600 0.045600 0.061500 0.030100 0.061600 0.053600 0.034100 0.053500 0.000000 0.049500 0.061600 0.089800 0.026100 0.026400 0.045600 0.061300 0.029900 0.057400 0.070000 0.041700 0.074000 0.045700 0.041900 0.045700 0.030100 0.022500 0.033900 0.102600 0.073800 0.029900 0.082100 0.081800 0.049000 0.038200 0.014900 0.034100 0.045600 0.053700 0.057300 0.069300
BarbaryShe 0.033600 0.150900 0.049800 0.151300 0.045700 0.030200 0.045900 0.045800 0.069000 0.074100 0.034200 0.081400 0.061500 0.057800 0.061600 0.057500 0.065700 0.057700 0.037300 0.057500 0.049500 0.000000 0.065700 0.102500 0.030100 0.053800 0.057500 0.065400 0.057500 0.060800 0.074200 0.053700 0.078200 0.057500 0.053700 0.057500 0.041700 0.034000 0.053500 0.124100 0.078000 0.057600 0.086400 0.077300 0.053500 0.050100 0.034000 0.041600 0.057400 0.057700 0.061400 0.073500
Daviddeer 0.045800 0.165100 0.053900 0.156500 0.049700 0.041500 0.058000 0.057900 0.065600 0.030600 0.054000 0.078300 0.065700 0.061700 0.076900 0.069800 0.062000 0.053900 0.057800 0.053800 0.061600 0.065700 0.000000 0.066200 0.049700 0.066100 0.061600 0.061700 0.069800 0.056900 0.030600 0.057900 0.057500 0.061700 0.057900 0.045700 0.053600 0.038000 0.065600 0.085800 0.018900 0.069900 0.042300 0.050000 0.049800 0.054200 0.045900 0.049600 0.061600 0.053900 0.057600 0.069800
Reindeer 0.081700 0.192500 0.090300 0.188400 0.085700 0.077700 0.094700 0.086100 0.102300 0.066400 0.090400 0.107200 0.094100 0.090000 0.115300 0.098300 0.090300 0.090300 0.094000 0.090000 0.089800 0.102500 0.066200 0.000000 0.085700 0.094600 0.098200 0.098200 0.098300 0.094000 0.066400 0.094500 0.103400 0.098300 0.094400 0.081900 0.081700 0.073700 0.093900 0.098700 0.070200 0.098500 0.078600 0.045600 0.085800 0.090700 0.073700 0.085800 0.094000 0.090300 0.094000 0.098300
Ibex 0.011100 0.150500 0.034100 0.151000 0.022500 0.007400 0.022600 0.022600 0.053400 0.057800 0.003700 0.065700 0.037900 0.034000 0.049400 0.034000 0.049700 0.041800 0.022300 0.041300 0.026100 0.030100 0.049700 0.085700 0.000000 0.030300 0.034000 0.049500 0.033400 0.045600 0.057900 0.030200 0.061800 0.034100 0.029900 0.041700 0.011200 0.011200 0.030100 0.106400 0.061700 0.034000 0.069900 0.069500 0.037300 0.026600 0.011200 0.022500 0.033600 0.041800 0.045200 0.057100
GyrantGaze 0.026500 0.178400 0.057800 0.169700 0.038000 0.022600 0.038200 0.022600 0.069800 0.074300 0.034200 0.082500 0.049900 0.049900 0.066000 0.018800 0.065900 0.053800 0.038100 0.057800 0.026400 0.053800 0.066100 0.094600 0.030300 0.000000 0.045900 0.065800 0.018800 0.061700 0.074300 0.046100 0.078600 0.046000 0.042100 0.057800 0.034100 0.026500 0.038000 0.116100 0.078200 0.003700 0.086500 0.086500 0.053800 0.042300 0.018800 0.038100 0.049800 0.057800 0.061700 0.073800
Hartebeest 0.029900 0.168500 0.053700 0.160000 0.034000 0.026100 0.042000 0.041900 0.065400 0.070000 0.030300 0.077900 0.011200 0.045700 0.061200 0.049600 0.045800 0.038000 0.041600 0.052900 0.045600 0.057500 0.061600 0.098200 0.034000 0.045900 0.000000 0.061400 0.049600 0.057400 0.070000 0.041900 0.069900 0.015000 0.026200 0.053500 0.037800 0.022400 0.049600 0.102700 0.073900 0.049700 0.082100 0.081800 0.049500 0.038200 0.030200 0.034000 0.045600 0.045800 0.056900 0.069400
Bongo 0.045600 0.173300 0.015000 0.164700 0.049000 0.041800 0.057800 0.057700 0.011100 0.070000 0.053700 0.061600 0.065400 0.061400 0.077700 0.069500 0.061700 0.053700 0.049100 0.014900 0.061300 0.065400 0.061700 0.098200 0.049500 0.065800 0.061400 0.000000 0.069500 0.003700 0.070000 0.057600 0.074100 0.061400 0.057600 0.037600 0.052900 0.037800 0.065300 0.119700 0.073900 0.069600 0.078100 0.081800 0.034000 0.054000 0.045700 0.049600 0.053500 0.053700 0.018400 0.014900
Gerenuk 0.030200 0.182700 0.061700 0.174100 0.041800 0.026400 0.042000 0.026400 0.073500 0.078200 0.038100 0.086300 0.053600 0.053600 0.061700 0.014900 0.061800 0.057700 0.041800 0.061500 0.029900 0.057500 0.069800 0.098300 0.033400 0.018800 0.049600 0.069500 0.000000 0.065500 0.078200 0.049800 0.082300 0.049300 0.045900 0.061500 0.037800 0.030200 0.034000 0.119700 0.082100 0.022500 0.090500 0.090200 0.057500 0.038300 0.022300 0.041800 0.053600 0.053800 0.065400 0.077600
CommonElan 0.041700 0.168700 0.011200 0.160200 0.045600 0.037900 0.053800 0.053700 0.007400 0.065900 0.049800 0.057800 0.061400 0.057400 0.074100 0.065500 0.057700 0.049700 0.053500 0.011100 0.057400 0.060800 0.056900 0.094000 0.045600 0.061700 0.057400 0.003700 0.065500 0.000000 0.066000 0.053400 0.070000 0.057500 0.053600 0.033800 0.049400 0.034000 0.061400 0.115400 0.069800 0.065300 0.074000 0.077700 0.030100 0.050000 0.041700 0.045600 0.048800 0.049800 0.014900 0.011200
MuntiacusR 0.053900 0.174500 0.062000 0.165900 0.057800 0.050000 0.066200 0.066000 0.074000 0.000000 0.062000 0.086900 0.074100 0.070100 0.086600 0.078200 0.070100 0.062000 0.066100 0.062000 0.070000 0.074200 0.030600 0.066400 0.057900 0.074300 0.070000 0.070000 0.078200 0.066000 0.000000 0.066300 0.074900 0.070100 0.066200 0.054100 0.061800 0.046100 0.074000 0.087100 0.034400 0.078400 0.011300 0.050300 0.057900 0.062300 0.054000 0.058000 0.065900 0.062000 0.065900 0.078100
HarveysDui 0.026400 0.169400 0.049900 0.160800 0.030200 0.022400 0.015100 0.038200 0.060700 0.066300 0.034300 0.074100 0.045600 0.026300 0.057800 0.049800 0.057900 0.049900 0.038000 0.049700 0.041700 0.053700 0.057900 0.094500 0.030200 0.046100 0.041900 0.057600 0.049800 0.053400 0.066300 0.000000 0.070200 0.042000 0.037700 0.049300 0.034100 0.018800 0.045800 0.111600 0.070200 0.049900 0.078400 0.078100 0.045800 0.034500 0.026500 0.030200 0.041900 0.049900 0.053600 0.065400
Pronghorn 0.057900 0.156200 0.066200 0.156800 0.061800 0.054300 0.070300 0.070300 0.078100 0.074900 0.062200 0.091100 0.074100 0.074100 0.090700 0.082300 0.070300 0.062200 0.070100 0.066000 0.074000 0.078200 0.057500 0.103400 0.061800 0.078600 0.069900 0.074100 0.082300 0.070000 0.074900 0.070200 0.000000 0.070000 0.066200 0.066100 0.064800 0.050000 0.070000 0.107900 0.062500 0.082500 0.087200 0.086800 0.061900 0.066600 0.058000 0.062000 0.065900 0.066200 0.070000 0.082900
BlueWildeb 0.030000 0.159800 0.053700 0.151300 0.033700 0.026400 0.042000 0.042000 0.065400 0.070100 0.030300 0.078000 0.018700 0.045700 0.061600 0.049300 0.053700 0.038000 0.041300 0.053600 0.045700 0.057500 0.061700 0.098300 0.034100 0.046000 0.015000 0.061400 0.049300 0.057500 0.070100 0.042000 0.070000 0.000000 0.026400 0.053600 0.037800 0.022600 0.049200 0.102800 0.074000 0.049800 0.082300 0.081900 0.049600 0.038300 0.030200 0.033800 0.045700 0.053700 0.057100 0.069400
Gemsbok 0.026300 0.164700 0.049900 0.147100 0.030100 0.022600 0.038200 0.038200 0.061600 0.066200 0.026500 0.074100 0.030000 0.041900 0.057700 0.045900 0.049900 0.034200 0.038000 0.049700 0.041900 0.053700 0.057900 0.094400 0.029900 0.042100 0.026200 0.057600 0.045900 0.053600 0.066200 0.037700 0.066200 0.026400 0.000000 0.049800 0.034100 0.018700 0.045400 0.107300 0.070100 0.045700 0.078400 0.078000 0.045800 0.034500 0.026400 0.030300 0.041400 0.049900 0.053600 0.065600
Yak 0.037900 0.164400 0.030300 0.155900 0.041700 0.034000 0.049900 0.049800 0.041800 0.054100 0.045900 0.038300 0.057500 0.053600 0.069600 0.061500 0.053800 0.045900 0.049700 0.030200 0.045700 0.057500 0.045700 0.081900 0.041700 0.057800 0.053500 0.037600 0.061500 0.033800 0.054100 0.049300 0.066100 0.053600 0.049800 0.000000 0.038200 0.030100 0.057500 0.094600 0.057900 0.061600 0.066100 0.065800 0.011200 0.046100 0.037900 0.041300 0.045700 0.045900 0.034000 0.045400
BlueSheep 0.014900 0.163700 0.045700 0.155300 0.026000 0.011100 0.026400 0.026400 0.056600 0.061800 0.015000 0.061700 0.034000 0.030200 0.053500 0.037500 0.053600 0.045700 0.026300 0.045600 0.030100 0.041700 0.053600 0.081700 0.011200 0.034100 0.037800 0.052900 0.037800 0.049400 0.061800 0.034100 0.064800 0.037800 0.034100 0.038200 0.000000 0.014900 0.033700 0.110900 0.065600 0.037900 0.073800 0.073800 0.033900 0.030400 0.014900 0.026000 0.037800 0.045700 0.049400 0.053400
BohorReedb 0.007400 0.146400 0.030300 0.138000 0.011200 0.003700 0.018800 0.018800 0.041700 0.046100 0.015000 0.054200 0.026200 0.022600 0.037500 0.030000 0.038100 0.030300 0.018800 0.030200 0.022500 0.034000 0.038000 0.073700 0.011200 0.026500 0.022400 0.037800 0.030200 0.034000 0.046100 0.018800 0.050000 0.022600 0.018700 0.030100 0.014900 0.000000 0.026200 0.094400 0.049900 0.030300 0.057900 0.057700 0.026300 0.015100 0.007400 0.011200 0.022400 0.030300 0.033800 0.045300
KirksDik 0.026300 0.159500 0.057600 0.151000 0.037400 0.022300 0.038100 0.030200 0.069400 0.074000 0.034100 0.074100 0.053500 0.049800 0.065600 0.034000 0.065700 0.057600 0.037400 0.057400 0.033900 0.053500 0.065600 0.093900 0.030100 0.038000 0.049600 0.065300 0.034000 0.061400 0.074000 0.045800 0.070000 0.049200 0.045400 0.057500 0.033700 0.026200 0.000000 0.115400 0.077900 0.041800 0.086200 0.085900 0.053400 0.042200 0.018700 0.037900 0.049500 0.057600 0.061300 0.073400
RoeDeer 0.094400 0.212100 0.111600 0.198500 0.098400 0.098600 0.111900 0.107300 0.123900 0.087100 0.103000 0.129000 0.106900 0.115500 0.137300 0.119700 0.094800 0.103100 0.115600 0.111900 0.102600 0.124100 0.085800 0.098700 0.106400 0.116100 0.102700 0.119700 0.119700 0.115400 0.087100 0.111600 0.107900 0.102800 0.107300 0.094600 0.110900 0.094400 0.115400 0.000000 0.091000 0.120000 0.091100 0.073800 0.106900 0.112200 0.102800 0.107000 0.115300 0.111600 0.115300 0.128300
WhiteLippe 0.057800 0.178600 0.065800 0.170000 0.061700 0.053900 0.070000 0.069900 0.077900 0.034400 0.065900 0.090900 0.078000 0.073900 0.090500 0.082100 0.074000 0.065900 0.070000 0.065900 0.073800 0.078000 0.018900 0.070200 0.061700 0.078200 0.073900 0.073900 0.082100 0.069800 0.034400 0.070200 0.062500 0.074000 0.070100 0.057900 0.065600 0.049900 0.077900 0.091000 0.000000 0.082300 0.046200 0.054100 0.061800 0.066200 0.057900 0.061800 0.061800 0.065800 0.069800 0.082000
ThomsonGaz 0.030200 0.183000 0.061800 0.174400 0.041800 0.026300 0.042100 0.026500 0.073600 0.078400 0.038100 0.086400 0.053700 0.053700 0.069800 0.022600 0.069900 0.057800 0.041900 0.061600 0.029900 0.057600 0.069900 0.098500 0.034000 0.003700 0.049700 0.069600 0.022500 0.065300 0.078400 0.049900 0.082500 0.049800 0.045700 0.061600 0.037900 0.030300 0.041800 0.120000 0.082300 0.000000 0.090700 0.090300 0.057600 0.046200 0.022600 0.041900 0.053600 0.061800 0.065500 0.078100
MuntiacusC 0.065900 0.179000 0.070000 0.170400 0.069800 0.061900 0.078300 0.070000 0.082100 0.011300 0.073900 0.099400 0.086300 0.082200 0.099000 0.090500 0.082300 0.074100 0.078200 0.070000 0.082100 0.086400 0.042300 0.078600 0.069900 0.086500 0.082100 0.078100 0.090500 0.074000 0.011300 0.078400 0.087200 0.082300 0.078400 0.066100 0.073800 0.057900 0.086200 0.091100 0.046200 0.090700 0.000000 0.062300 0.070000 0.074400 0.066000 0.070000 0.078000 0.074000 0.074000 0.086300
WhiteTaile 0.065600 0.174200 0.074000 0.151900 0.069500 0.061600 0.078200 0.078100 0.085900 0.050300 0.074000 0.090500 0.086000 0.081900 0.090300 0.090200 0.074000 0.074000 0.077900 0.073800 0.081800 0.077300 0.050000 0.045600 0.069500 0.086500 0.081800 0.081800 0.090200 0.077700 0.050300 0.078100 0.086800 0.081900 0.078000 0.065800 0.073800 0.057700 0.085900 0.073800 0.054100 0.090300 0.062300 0.000000 0.069600 0.074400 0.065700 0.069600 0.077700 0.065900 0.077700 0.090000
Cattle 0.034000 0.159600 0.026400 0.151200 0.037800 0.030100 0.045900 0.045800 0.037800 0.057900 0.041900 0.034000 0.052900 0.049500 0.064900 0.056800 0.049800 0.041900 0.045400 0.026300 0.049000 0.053500 0.049800 0.085800 0.037300 0.053800 0.049500 0.034000 0.057500 0.030100 0.057900 0.045800 0.061900 0.049600 0.045800 0.011200 0.033900 0.026300 0.053400 0.106900 0.061800 0.057600 0.070000 0.069600 0.000000 0.042100 0.034000 0.037400 0.041700 0.041900 0.030100 0.041300
RoyalAntel 0.022700 0.165200 0.046100 0.156600 0.026500 0.018900 0.034400 0.034400 0.050000 0.062300 0.030500 0.070500 0.042200 0.038300 0.046200 0.046200 0.046100 0.046100 0.034400 0.046100 0.038200 0.050100 0.054200 0.090700 0.026600 0.042300 0.038200 0.054000 0.038300 0.050000 0.062300 0.034500 0.066600 0.038300 0.034500 0.046100 0.030400 0.015100 0.042200 0.112200 0.066200 0.046200 0.074400 0.074400 0.042100 0.000000 0.022700 0.026600 0.030500 0.038300 0.050000 0.062000
Steenbok 0.007400 0.155300 0.038000 0.146800 0.018600 0.003700 0.018800 0.011200 0.049600 0.054000 0.015000 0.061800 0.033800 0.029900 0.045300 0.022500 0.045900 0.038000 0.018700 0.037900 0.014900 0.034000 0.045900 0.073700 0.011200 0.018800 0.030200 0.045700 0.022300 0.041700 0.054000 0.026500 0.058000 0.030200 0.026400 0.037900 0.014900 0.007400 0.018700 0.102800 0.057900 0.022600 0.066000 0.065700 0.034000 0.022700 0.000000 0.018800 0.029900 0.038000 0.041500 0.053500
Impala 0.018700 0.159700 0.041900 0.146700 0.022500 0.015000 0.030400 0.030300 0.053500 0.058000 0.026500 0.065800 0.037900 0.034000 0.041900 0.041700 0.049800 0.041900 0.026400 0.041800 0.034100 0.041600 0.049600 0.085800 0.022500 0.038100 0.034000 0.049600 0.041800 0.045600 0.058000 0.030200 0.062000 0.033800 0.030300 0.041300 0.026000 0.011200 0.037900 0.107000 0.061800 0.041900 0.070000 0.069600 0.037400 0.026600 0.018800 0.000000 0.034000 0.041900 0.045600 0.057400
Klipspring 0.029900 0.173000 0.045800 0.164500 0.033900 0.026300 0.042000 0.041900 0.057400 0.065900 0.038000 0.069000 0.049600 0.045700 0.061500 0.053600 0.061600 0.053600 0.041500 0.045600 0.045600 0.057400 0.061600 0.094000 0.033600 0.049800 0.045600 0.053500 0.053600 0.048800 0.065900 0.041900 0.065900 0.045700 0.041400 0.045700 0.037800 0.022400 0.049500 0.115300 0.061800 0.053600 0.078000 0.077700 0.041700 0.030500 0.029900 0.034000 0.000000 0.053700 0.049100 0.061400
ForestMusk 0.038000 0.164300 0.045800 0.146800 0.041800 0.034100 0.049900 0.049800 0.057700 0.061900 0.045900 0.070100 0.049800 0.053700 0.061800 0.061800 0.030300 0.038100 0.049800 0.045800 0.053700 0.057700 0.053900 0.090300 0.041800 0.057800 0.045800 0.053700 0.053800 0.049800 0.062000 0.049900 0.066200 0.053700 0.049900 0.045900 0.045700 0.030300 0.057600 0.111600 0.065800 0.061800 0.074000 0.065900 0.041900 0.038300 0.038000 0.041900 0.053700 0.000000 0.049700 0.061700
Bushbuck 0.042000 0.168600 0.011200 0.160100 0.045500 0.037800 0.053800 0.053700 0.022500 0.065900 0.049700 0.057700 0.061400 0.057400 0.073500 0.065400 0.057700 0.049700 0.053500 0.011200 0.057300 0.061400 0.057600 0.094000 0.045200 0.061700 0.056900 0.018400 0.065400 0.014900 0.065900 0.053600 0.070000 0.057100 0.053600 0.034000 0.049400 0.033800 0.061300 0.115300 0.069800 0.065500 0.074000 0.077700 0.030100 0.050000 0.041500 0.045600 0.049100 0.049700 0.000000 0.026300
GreaterKud 0.053500 0.182400 0.022600 0.173700 0.057300 0.049600 0.065800 0.065600 0.018600 0.078100 0.061700 0.069800 0.065000 0.061500 0.085800 0.077600 0.069700 0.061600 0.064800 0.022500 0.069300 0.073500 0.069800 0.098300 0.057100 0.073800 0.069400 0.014900 0.077600 0.011200 0.078100 0.065400 0.082900 0.069400 0.065600 0.045400 0.053400 0.045300 0.073400 0.128300 0.082000 0.078100 0.086300 0.090000 0.041300 0.062000 0.053500 0.057400 0.061400 0.061700 0.026300 0.000000
