CODONML (in paml version 4.10.7, June 2023)  /home/rachel/ruminants_paml/6406-phy-tree/ENSBTAT00000033684.fasta.phy
Model: free dN/dS Ratios for branches,  kappa = 2.000 fixed

Codon frequency model: F3x4
ns =  54  ls =  49

Codon usage in sequences
--------------------------------------------------------------------------------------------------------------------------------------
Phe TTT   0   0   0   0   1   1 | Ser TCT   0   0   0   0   0   0 | Tyr TAT   1   1   1   1   1   1 | Cys TGT   1   1   1   1   1   1
    TTC   1   1   1   1   0   0 |     TCC   0   0   0   0   0   0 |     TAC   0   0   0   0   0   0 |     TGC   0   0   0   0   0   0
Leu TTA   0   0   0   0   0   0 |     TCA   0   0   0   0   0   0 | *** TAA   0   0   0   0   0   0 | *** TGA   0   0   0   0   0   0
    TTG   2   2   2   2   1   2 |     TCG   0   0   0   0   0   0 |     TAG   0   0   0   0   0   0 | Trp TGG   2   2   2   2   2   2
--------------------------------------------------------------------------------------------------------------------------------------
Leu CTT   0   0   0   0   1   0 | Pro CCT   3   3   3   3   3   3 | His CAT   1   1   1   1   1   1 | Arg CGT   0   0   0   0   0   0
    CTC   2   2   2   2   1   2 |     CCC   0   0   0   0   0   0 |     CAC   1   1   1   1   1   1 |     CGC   0   0   0   0   0   0
    CTA   0   0   0   0   1   0 |     CCA   0   0   0   0   0   0 | Gln CAA   0   0   0   0   0   0 |     CGA   0   0   0   0   0   0
    CTG   2   2   2   2   2   2 |     CCG   0   0   0   0   0   0 |     CAG   2   2   2   2   2   2 |     CGG   0   0   0   0   0   0
--------------------------------------------------------------------------------------------------------------------------------------
Ile ATT   2   2   2   2   2   2 | Thr ACT   0   0   0   0   0   0 | Asn AAT   1   1   1   1   1   1 | Ser AGT   0   0   0   0   0   0
    ATC   1   1   1   1   2   2 |     ACC   2   1   2   2   1   1 |     AAC   1   2   1   1   1   1 |     AGC   0   0   0   0   0   0
    ATA   0   0   0   0   0   0 |     ACA   0   0   0   0   0   0 | Lys AAA   3   3   3   3   3   3 | Arg AGA   1   1   1   1   1   1
Met ATG   1   1   1   1   1   1 |     ACG   0   0   0   0   0   0 |     AAG   3   3   3   3   3   3 |     AGG   0   0   0   0   0   0
--------------------------------------------------------------------------------------------------------------------------------------
Val GTT   0   0   0   0   0   0 | Ala GCT   1   1   1   1   1   1 | Asp GAT   0   0   0   0   0   0 | Gly GGT   2   3   2   2   2   2
    GTC   0   0   0   0   0   0 |     GCC   1   1   1   1   1   1 |     GAC   1   1   1   1   1   1 |     GGC   3   2   3   3   2   3
    GTA   1   1   1   1   1   1 |     GCA   0   0   0   0   0   0 | Glu GAA   1   1   1   1   1   1 |     GGA   4   4   4   4   5   4
    GTG   0   0   0   0   0   0 |     GCG   0   0   0   0   0   0 |     GAG   2   2   2   2   2   2 |     GGG   0   0   0   0   0   0
--------------------------------------------------------------------------------------------------------------------------------------

--------------------------------------------------------------------------------------------------------------------------------------
Phe TTT   0   0   0   0   0   0 | Ser TCT   0   0   0   0   0   0 | Tyr TAT   1   1   1   1   1   1 | Cys TGT   1   1   1   1   1   1
    TTC   1   1   1   1   1   1 |     TCC   0   0   0   0   0   0 |     TAC   0   0   0   0   0   0 |     TGC   0   0   0   0   0   0
Leu TTA   0   0   0   0   0   0 |     TCA   0   0   0   0   0   0 | *** TAA   0   0   0   0   0   0 | *** TGA   0   0   0   0   0   0
    TTG   2   2   2   2   2   2 |     TCG   0   0   0   0   0   0 |     TAG   0   0   0   0   0   0 | Trp TGG   2   2   2   2   2   2
--------------------------------------------------------------------------------------------------------------------------------------
Leu CTT   0   0   0   0   0   0 | Pro CCT   3   3   3   3   3   3 | His CAT   1   1   1   1   1   1 | Arg CGT   0   0   0   0   0   0
    CTC   2   2   2   2   2   2 |     CCC   0   0   0   0   0   0 |     CAC   1   1   1   1   1   1 |     CGC   0   0   0   0   0   0
    CTA   0   0   0   0   0   0 |     CCA   0   0   0   0   0   0 | Gln CAA   0   0   0   0   0   0 |     CGA   0   0   0   0   0   0
    CTG   2   2   2   2   2   2 |     CCG   0   0   0   0   0   0 |     CAG   2   2   2   2   2   2 |     CGG   0   0   0   0   0   0
--------------------------------------------------------------------------------------------------------------------------------------
Ile ATT   2   2   2   3   2   1 | Thr ACT   0   0   0   0   0   0 | Asn AAT   1   1   1   1   1   1 | Ser AGT   0   0   0   0   0   0
    ATC   1   1   1   0   1   1 |     ACC   2   2   2   2   2   2 |     AAC   1   1   1   1   1   1 |     AGC   0   0   0   0   0   0
    ATA   0   0   0   0   0   0 |     ACA   0   0   0   0   0   0 | Lys AAA   3   3   3   3   3   3 | Arg AGA   1   1   1   1   1   1
Met ATG   1   1   1   1   1   1 |     ACG   0   0   0   0   0   0 |     AAG   3   3   3   3   3   3 |     AGG   0   0   0   0   0   0
--------------------------------------------------------------------------------------------------------------------------------------
Val GTT   0   0   0   0   0   1 | Ala GCT   1   1   1   1   1   1 | Asp GAT   0   0   0   0   0   0 | Gly GGT   2   2   2   2   2   2
    GTC   0   0   0   0   0   0 |     GCC   1   1   1   1   1   1 |     GAC   1   1   1   1   1   1 |     GGC   3   3   3   3   3   3
    GTA   1   1   1   1   1   1 |     GCA   0   0   0   0   0   0 | Glu GAA   1   1   1   1   1   1 |     GGA   4   4   4   4   4   4
    GTG   0   0   0   0   0   0 |     GCG   0   0   0   0   0   0 |     GAG   2   2   2   2   2   2 |     GGG   0   0   0   0   0   0
--------------------------------------------------------------------------------------------------------------------------------------

--------------------------------------------------------------------------------------------------------------------------------------
Phe TTT   0   0   0   0   0   0 | Ser TCT   0   0   0   0   0   0 | Tyr TAT   1   1   1   1   1   1 | Cys TGT   1   1   1   1   1   1
    TTC   1   1   1   1   1   1 |     TCC   0   0   0   0   0   0 |     TAC   0   0   0   0   0   0 |     TGC   0   0   0   0   0   0
Leu TTA   0   0   0   0   0   0 |     TCA   0   0   0   0   0   0 | *** TAA   0   0   0   0   0   0 | *** TGA   0   0   0   0   0   0
    TTG   2   2   2   2   2   2 |     TCG   0   0   0   0   0   0 |     TAG   0   0   0   0   0   0 | Trp TGG   2   2   2   2   2   2
--------------------------------------------------------------------------------------------------------------------------------------
Leu CTT   0   0   0   0   1   0 | Pro CCT   3   2   3   3   3   3 | His CAT   1   1   1   1   1   1 | Arg CGT   0   0   0   0   0   0
    CTC   2   2   2   2   1   2 |     CCC   0   1   0   0   0   0 |     CAC   1   1   1   1   1   1 |     CGC   0   0   0   0   0   0
    CTA   0   0   0   0   0   0 |     CCA   0   0   0   0   0   0 | Gln CAA   0   0   0   0   0   0 |     CGA   0   0   0   0   0   0
    CTG   2   2   2   2   2   2 |     CCG   0   0   0   0   0   0 |     CAG   2   2   2   2   2   2 |     CGG   0   0   0   0   0   0
--------------------------------------------------------------------------------------------------------------------------------------
Ile ATT   2   2   2   2   2   2 | Thr ACT   0   0   0   0   0   0 | Asn AAT   1   1   1   1   1   1 | Ser AGT   0   0   0   0   0   0
    ATC   1   1   1   1   1   1 |     ACC   2   2   2   2   2   2 |     AAC   1   1   1   1   1   1 |     AGC   0   0   0   0   0   0
    ATA   0   0   0   0   0   0 |     ACA   0   0   0   0   0   0 | Lys AAA   3   3   3   3   3   3 | Arg AGA   1   1   1   1   1   1
Met ATG   1   1   1   1   1   1 |     ACG   0   0   0   0   0   0 |     AAG   3   3   3   3   3   3 |     AGG   0   0   0   0   0   0
--------------------------------------------------------------------------------------------------------------------------------------
Val GTT   0   0   0   0   0   0 | Ala GCT   1   1   1   1   1   1 | Asp GAT   0   0   0   0   0   0 | Gly GGT   2   2   2   2   2   2
    GTC   0   0   0   0   0   0 |     GCC   1   1   1   1   1   1 |     GAC   1   1   1   1   1   1 |     GGC   3   3   3   3   3   3
    GTA   1   1   1   1   1   1 |     GCA   0   0   0   0   0   0 | Glu GAA   1   1   1   1   1   1 |     GGA   4   4   4   4   4   4
    GTG   0   0   0   0   0   0 |     GCG   0   0   0   0   0   0 |     GAG   2   2   2   2   2   2 |     GGG   0   0   0   0   0   0
--------------------------------------------------------------------------------------------------------------------------------------

--------------------------------------------------------------------------------------------------------------------------------------
Phe TTT   0   0   0   0   0   0 | Ser TCT   0   0   0   0   0   0 | Tyr TAT   1   1   1   1   1   1 | Cys TGT   1   1   1   1   1   1
    TTC   1   1   1   1   1   1 |     TCC   0   0   0   0   0   0 |     TAC   0   0   0   0   0   0 |     TGC   0   0   0   0   0   0
Leu TTA   0   0   0   0   0   0 |     TCA   0   0   0   0   0   0 | *** TAA   0   0   0   0   0   0 | *** TGA   0   0   0   0   0   0
    TTG   2   2   2   2   2   2 |     TCG   0   0   0   0   0   0 |     TAG   0   0   0   0   0   0 | Trp TGG   2   2   2   2   2   2
--------------------------------------------------------------------------------------------------------------------------------------
Leu CTT   0   0   0   0   0   0 | Pro CCT   3   3   3   3   3   3 | His CAT   1   1   1   1   1   1 | Arg CGT   0   0   0   0   0   0
    CTC   2   2   2   2   2   2 |     CCC   0   0   0   0   0   0 |     CAC   1   1   1   1   1   1 |     CGC   0   0   0   0   0   0
    CTA   0   0   0   0   0   0 |     CCA   0   0   0   0   0   0 | Gln CAA   0   1   0   0   0   0 |     CGA   0   0   0   0   0   0
    CTG   2   2   2   2   2   2 |     CCG   0   0   0   0   0   0 |     CAG   2   1   2   2   2   2 |     CGG   0   0   0   0   0   0
--------------------------------------------------------------------------------------------------------------------------------------
Ile ATT   2   2   2   2   2   2 | Thr ACT   0   0   0   0   0   0 | Asn AAT   1   1   1   1   1   1 | Ser AGT   0   0   0   0   0   0
    ATC   1   1   1   1   1   1 |     ACC   2   2   2   2   2   2 |     AAC   1   1   1   1   1   1 |     AGC   0   0   0   0   0   0
    ATA   0   0   0   0   0   0 |     ACA   0   0   0   0   0   0 | Lys AAA   3   3   3   3   3   3 | Arg AGA   1   1   1   1   1   1
Met ATG   1   1   1   1   1   1 |     ACG   0   0   0   0   0   0 |     AAG   3   3   3   3   3   3 |     AGG   0   0   0   0   0   0
--------------------------------------------------------------------------------------------------------------------------------------
Val GTT   0   0   0   0   0   0 | Ala GCT   1   1   1   1   1   1 | Asp GAT   0   0   0   0   0   0 | Gly GGT   2   2   2   2   2   2
    GTC   0   0   0   0   0   0 |     GCC   1   1   1   1   1   1 |     GAC   1   1   1   1   1   1 |     GGC   3   3   3   3   3   3
    GTA   1   1   1   1   1   1 |     GCA   0   0   0   0   0   0 | Glu GAA   1   1   1   1   1   1 |     GGA   4   4   4   4   4   4
    GTG   0   0   0   0   0   0 |     GCG   0   0   0   0   0   0 |     GAG   2   2   2   2   2   2 |     GGG   0   0   0   0   0   0
--------------------------------------------------------------------------------------------------------------------------------------

--------------------------------------------------------------------------------------------------------------------------------------
Phe TTT   0   0   0   0   0   0 | Ser TCT   0   0   0   0   0   0 | Tyr TAT   1   1   1   1   1   1 | Cys TGT   1   1   1   1   1   1
    TTC   1   1   1   1   1   1 |     TCC   0   0   0   0   0   0 |     TAC   0   0   0   0   0   0 |     TGC   0   0   0   0   0   0
Leu TTA   0   0   0   0   0   0 |     TCA   0   0   0   0   0   0 | *** TAA   0   0   0   0   0   0 | *** TGA   0   0   0   0   0   0
    TTG   2   2   2   2   2   2 |     TCG   0   0   0   0   0   0 |     TAG   0   0   0   0   0   0 | Trp TGG   2   2   2   2   2   2
--------------------------------------------------------------------------------------------------------------------------------------
Leu CTT   0   0   0   0   0   0 | Pro CCT   3   3   3   3   3   3 | His CAT   1   1   1   1   1   1 | Arg CGT   0   0   0   0   0   0
    CTC   2   2   2   2   2   2 |     CCC   0   0   0   0   0   0 |     CAC   1   1   1   1   1   1 |     CGC   0   0   0   0   0   0
    CTA   0   0   0   0   0   0 |     CCA   0   0   0   0   0   0 | Gln CAA   0   0   0   0   0   0 |     CGA   0   0   0   0   0   0
    CTG   2   2   2   2   2   2 |     CCG   0   0   0   0   0   0 |     CAG   2   2   2   2   2   2 |     CGG   0   0   0   0   0   0
--------------------------------------------------------------------------------------------------------------------------------------
Ile ATT   1   1   2   2   2   2 | Thr ACT   0   0   0   0   0   0 | Asn AAT   1   1   1   1   1   1 | Ser AGT   0   0   0   0   0   0
    ATC   1   1   1   1   1   1 |     ACC   2   1   2   2   2   2 |     AAC   1   1   1   1   1   1 |     AGC   0   0   0   0   0   0
    ATA   0   0   0   0   0   0 |     ACA   0   0   0   0   0   0 | Lys AAA   3   3   3   3   3   3 | Arg AGA   1   1   1   1   1   1
Met ATG   1   1   1   1   1   1 |     ACG   0   1   0   0   0   0 |     AAG   3   3   3   3   3   3 |     AGG   0   0   0   0   0   0
--------------------------------------------------------------------------------------------------------------------------------------
Val GTT   1   1   0   0   0   0 | Ala GCT   1   1   1   1   1   1 | Asp GAT   0   0   0   0   0   0 | Gly GGT   2   2   2   2   2   2
    GTC   0   0   0   0   0   0 |     GCC   1   1   1   1   1   1 |     GAC   1   1   1   1   1   1 |     GGC   3   3   3   3   3   3
    GTA   1   1   1   1   1   1 |     GCA   0   0   0   0   0   0 | Glu GAA   1   1   1   1   1   1 |     GGA   4   4   4   4   4   4
    GTG   0   0   0   0   0   0 |     GCG   0   0   0   0   0   0 |     GAG   2   2   2   2   2   2 |     GGG   0   0   0   0   0   0
--------------------------------------------------------------------------------------------------------------------------------------

--------------------------------------------------------------------------------------------------------------------------------------
Phe TTT   0   0   0   0   0   0 | Ser TCT   0   0   0   0   0   0 | Tyr TAT   1   1   1   1   1   1 | Cys TGT   1   1   1   1   1   1
    TTC   1   1   1   1   1   1 |     TCC   0   0   0   0   0   0 |     TAC   0   0   0   0   0   0 |     TGC   0   0   0   0   0   0
Leu TTA   0   0   0   1   0   0 |     TCA   0   0   0   0   0   0 | *** TAA   0   0   0   0   0   0 | *** TGA   0   0   0   0   0   0
    TTG   2   2   2   1   2   2 |     TCG   0   0   0   0   0   0 |     TAG   0   0   0   0   0   0 | Trp TGG   2   2   2   2   2   2
--------------------------------------------------------------------------------------------------------------------------------------
Leu CTT   0   0   0   0   0   0 | Pro CCT   3   3   3   3   3   3 | His CAT   1   1   1   1   1   1 | Arg CGT   0   0   0   0   0   0
    CTC   2   2   2   2   2   2 |     CCC   0   0   0   0   0   0 |     CAC   1   1   1   1   1   1 |     CGC   0   0   0   0   0   0
    CTA   0   0   0   0   0   0 |     CCA   0   0   0   0   0   0 | Gln CAA   0   0   0   0   0   0 |     CGA   0   0   0   0   0   0
    CTG   2   2   2   2   2   2 |     CCG   0   0   0   0   0   0 |     CAG   2   2   2   2   2   2 |     CGG   0   0   0   0   0   0
--------------------------------------------------------------------------------------------------------------------------------------
Ile ATT   2   2   1   2   2   1 | Thr ACT   0   0   0   0   0   0 | Asn AAT   1   1   1   1   1   1 | Ser AGT   0   0   0   0   0   0
    ATC   1   1   1   1   1   1 |     ACC   2   2   2   2   2   2 |     AAC   1   1   1   1   1   1 |     AGC   0   0   0   0   0   0
    ATA   0   0   0   0   0   0 |     ACA   0   0   0   0   0   0 | Lys AAA   3   3   3   3   3   3 | Arg AGA   1   1   1   1   1   1
Met ATG   1   1   1   1   1   1 |     ACG   0   0   0   0   0   0 |     AAG   3   3   3   3   3   3 |     AGG   0   0   0   0   0   0
--------------------------------------------------------------------------------------------------------------------------------------
Val GTT   0   0   1   0   0   1 | Ala GCT   1   1   1   1   0   1 | Asp GAT   0   0   0   0   0   0 | Gly GGT   2   2   2   2   2   2
    GTC   0   0   0   0   0   0 |     GCC   1   1   1   1   2   1 |     GAC   1   1   1   1   1   1 |     GGC   3   3   3   3   3   3
    GTA   1   1   1   1   1   1 |     GCA   0   0   0   0   0   0 | Glu GAA   2   1   1   1   1   1 |     GGA   4   4   4   4   4   4
    GTG   0   0   0   0   0   0 |     GCG   0   0   0   0   0   0 |     GAG   1   2   2   2   2   2 |     GGG   0   0   0   0   0   0
--------------------------------------------------------------------------------------------------------------------------------------

--------------------------------------------------------------------------------------------------------------------------------------
Phe TTT   0   0   0   0   0   0 | Ser TCT   0   0   0   0   0   0 | Tyr TAT   1   1   1   1   1   1 | Cys TGT   1   1   1   1   0   1
    TTC   1   1   1   1   1   1 |     TCC   0   0   0   0   0   0 |     TAC   0   0   0   0   0   0 |     TGC   0   0   0   0   1   0
Leu TTA   0   0   0   0   0   0 |     TCA   0   0   0   0   0   0 | *** TAA   0   0   0   0   0   0 | *** TGA   0   0   0   0   0   0
    TTG   2   2   2   2   2   2 |     TCG   0   0   0   0   0   0 |     TAG   0   0   0   0   0   0 | Trp TGG   2   2   2   2   2   2
--------------------------------------------------------------------------------------------------------------------------------------
Leu CTT   0   0   0   0   0   0 | Pro CCT   3   3   3   3   3   3 | His CAT   1   1   1   1   1   1 | Arg CGT   0   0   0   0   0   0
    CTC   2   2   2   2   2   2 |     CCC   0   0   0   0   0   0 |     CAC   1   1   1   1   1   1 |     CGC   0   0   0   0   0   0
    CTA   0   0   0   0   0   0 |     CCA   0   0   0   0   0   0 | Gln CAA   0   0   0   0   0   0 |     CGA   0   0   0   0   0   0
    CTG   2   2   2   2   2   2 |     CCG   0   0   0   0   0   0 |     CAG   2   2   2   2   2   2 |     CGG   0   0   0   0   0   0
--------------------------------------------------------------------------------------------------------------------------------------
Ile ATT   2   2   2   2   2   1 | Thr ACT   0   0   0   0   0   0 | Asn AAT   1   1   1   1   1   1 | Ser AGT   0   0   0   0   0   0
    ATC   1   1   1   1   1   1 |     ACC   2   2   2   2   2   1 |     AAC   1   1   1   1   1   1 |     AGC   0   0   0   0   0   0
    ATA   0   0   0   0   0   0 |     ACA   0   0   0   0   0   0 | Lys AAA   3   3   3   3   3   3 | Arg AGA   1   1   1   1   1   1
Met ATG   1   1   1   1   1   1 |     ACG   0   0   0   0   0   1 |     AAG   3   3   3   3   3   3 |     AGG   0   0   0   0   0   0
--------------------------------------------------------------------------------------------------------------------------------------
Val GTT   0   0   0   0   0   1 | Ala GCT   1   1   1   1   1   1 | Asp GAT   0   0   0   0   0   0 | Gly GGT   2   2   2   2   2   2
    GTC   0   0   0   0   0   0 |     GCC   1   1   1   1   1   1 |     GAC   1   1   1   1   1   1 |     GGC   3   3   3   3   3   3
    GTA   1   1   1   1   1   1 |     GCA   0   0   0   0   0   0 | Glu GAA   1   1   1   1   1   1 |     GGA   4   4   4   4   4   4
    GTG   0   0   0   0   0   0 |     GCG   0   0   0   0   0   0 |     GAG   2   2   2   2   2   2 |     GGG   0   0   0   0   0   0
--------------------------------------------------------------------------------------------------------------------------------------

--------------------------------------------------------------------------------------------------------------------------------------
Phe TTT   0   0   0   0   0   0 | Ser TCT   0   0   0   0   0   0 | Tyr TAT   1   1   1   1   1   1 | Cys TGT   1   1   1   1   1   1
    TTC   1   1   1   1   1   1 |     TCC   0   0   0   0   0   0 |     TAC   0   0   0   0   0   0 |     TGC   0   0   0   0   0   0
Leu TTA   0   0   0   0   0   0 |     TCA   0   0   0   0   0   0 | *** TAA   0   0   0   0   0   0 | *** TGA   0   0   0   0   0   0
    TTG   2   2   2   2   2   3 |     TCG   0   0   0   0   0   0 |     TAG   0   0   0   0   0   0 | Trp TGG   2   2   2   2   2   2
--------------------------------------------------------------------------------------------------------------------------------------
Leu CTT   0   0   0   0   0   0 | Pro CCT   3   3   3   3   3   3 | His CAT   1   1   1   1   1   1 | Arg CGT   0   0   0   0   0   0
    CTC   2   2   2   2   2   2 |     CCC   0   0   0   0   0   0 |     CAC   1   1   1   1   1   1 |     CGC   0   0   0   0   0   0
    CTA   0   0   0   0   0   0 |     CCA   0   0   0   0   0   0 | Gln CAA   0   0   0   0   0   0 |     CGA   0   0   0   0   0   0
    CTG   2   2   2   2   2   1 |     CCG   0   0   0   0   0   0 |     CAG   2   2   2   2   2   2 |     CGG   0   0   0   0   0   0
--------------------------------------------------------------------------------------------------------------------------------------
Ile ATT   1   2   1   1   2   2 | Thr ACT   0   0   0   0   0   0 | Asn AAT   1   1   1   1   1   1 | Ser AGT   0   0   0   0   0   0
    ATC   1   1   1   1   1   1 |     ACC   2   2   2   1   2   2 |     AAC   1   1   1   1   1   1 |     AGC   0   0   0   0   0   0
    ATA   0   0   0   0   0   0 |     ACA   0   0   0   0   0   0 | Lys AAA   3   3   3   3   3   3 | Arg AGA   1   1   1   1   1   1
Met ATG   1   1   1   1   1   1 |     ACG   0   0   0   1   0   0 |     AAG   3   3   3   3   3   3 |     AGG   0   0   0   0   0   0
--------------------------------------------------------------------------------------------------------------------------------------
Val GTT   1   0   1   1   0   0 | Ala GCT   1   1   1   1   1   1 | Asp GAT   0   0   0   0   0   0 | Gly GGT   1   2   2   2   2   2
    GTC   0   0   0   0   0   0 |     GCC   1   1   1   1   1   1 |     GAC   1   1   1   1   1   1 |     GGC   3   3   3   3   3   3
    GTA   1   1   1   1   1   1 |     GCA   0   0   0   0   0   0 | Glu GAA   1   1   1   1   2   1 |     GGA   4   4   4   4   4   4
    GTG   0   0   0   0   0   0 |     GCG   0   0   0   0   0   0 |     GAG   2   2   2   2   1   2 |     GGG   1   0   0   0   0   0
--------------------------------------------------------------------------------------------------------------------------------------

--------------------------------------------------------------------------------------------------------------------------------------
Phe TTT   0   0   0   0   0   0 | Ser TCT   0   0   0   0   0   0 | Tyr TAT   1   1   1   1   1   1 | Cys TGT   1   1   1   1   1   1
    TTC   1   1   1   1   1   1 |     TCC   0   0   0   0   0   0 |     TAC   0   0   0   0   0   0 |     TGC   0   0   0   0   0   0
Leu TTA   0   0   0   0   0   0 |     TCA   0   0   0   0   0   0 | *** TAA   0   0   0   0   0   0 | *** TGA   0   0   0   0   0   0
    TTG   2   2   2   2   2   2 |     TCG   0   0   0   0   0   0 |     TAG   0   0   0   0   0   0 | Trp TGG   2   2   2   2   2   2
--------------------------------------------------------------------------------------------------------------------------------------
Leu CTT   0   1   0   0   0   0 | Pro CCT   3   3   3   3   3   3 | His CAT   1   1   1   1   1   1 | Arg CGT   0   0   0   0   0   0
    CTC   2   1   2   2   2   2 |     CCC   0   0   0   0   0   0 |     CAC   1   1   1   1   1   1 |     CGC   0   0   0   0   0   0
    CTA   0   0   0   0   0   0 |     CCA   0   0   0   0   0   0 | Gln CAA   0   0   0   0   0   0 |     CGA   0   0   0   0   0   0
    CTG   2   2   2   2   2   2 |     CCG   0   0   0   0   0   0 |     CAG   1   2   2   2   2   2 |     CGG   0   0   0   0   0   0
--------------------------------------------------------------------------------------------------------------------------------------
Ile ATT   2   2   2   2   2   2 | Thr ACT   0   0   0   0   0   0 | Asn AAT   1   1   1   1   1   1 | Ser AGT   0   0   0   0   0   0
    ATC   1   1   1   1   1   1 |     ACC   2   2   2   2   2   2 |     AAC   1   1   1   1   1   1 |     AGC   0   0   0   0   0   0
    ATA   0   0   0   0   0   0 |     ACA   0   0   0   0   0   0 | Lys AAA   3   3   3   3   3   3 | Arg AGA   1   1   1   1   1   1
Met ATG   1   1   1   1   1   1 |     ACG   0   0   0   0   0   0 |     AAG   3   3   3   3   3   3 |     AGG   0   0   0   0   0   0
--------------------------------------------------------------------------------------------------------------------------------------
Val GTT   0   0   0   0   0   0 | Ala GCT   1   1   1   1   1   1 | Asp GAT   0   0   0   0   0   0 | Gly GGT   2   2   2   2   2   2
    GTC   0   0   0   0   0   0 |     GCC   1   1   1   1   1   1 |     GAC   1   1   1   1   1   1 |     GGC   3   3   3   3   3   3
    GTA   1   1   1   1   1   1 |     GCA   0   0   0   0   0   0 | Glu GAA   1   1   1   1   1   1 |     GGA   4   4   4   4   4   4
    GTG   0   0   0   0   0   0 |     GCG   0   0   0   0   0   0 |     GAG   3   2   2   2   2   2 |     GGG   0   0   0   0   0   0
--------------------------------------------------------------------------------------------------------------------------------------

Codon position x base (3x4) table for each sequence.

#1: Argali         
position  1:    T:0.14286    C:0.22449    A:0.30612    G:0.32653
position  2:    T:0.24490    C:0.14286    A:0.34694    G:0.26531
position  3:    T:0.24490    C:0.26531    A:0.20408    G:0.28571
Average         T:0.21088    C:0.21088    A:0.28571    G:0.29252

#2: LesserMouseDeer
position  1:    T:0.14286    C:0.22449    A:0.30612    G:0.32653
position  2:    T:0.24490    C:0.12245    A:0.36735    G:0.26531
position  3:    T:0.26531    C:0.24490    A:0.20408    G:0.28571
Average         T:0.21769    C:0.19728    A:0.29252    G:0.29252

#3: LesserKudu     
position  1:    T:0.14286    C:0.22449    A:0.30612    G:0.32653
position  2:    T:0.24490    C:0.14286    A:0.34694    G:0.26531
position  3:    T:0.24490    C:0.26531    A:0.20408    G:0.28571
Average         T:0.21088    C:0.21088    A:0.28571    G:0.29252

#4: ForestMuskDeer2
position  1:    T:0.14286    C:0.22449    A:0.30612    G:0.32653
position  2:    T:0.24490    C:0.14286    A:0.34694    G:0.26531
position  3:    T:0.24490    C:0.26531    A:0.20408    G:0.28571
Average         T:0.21088    C:0.21088    A:0.28571    G:0.29252

#5: Camel          
position  1:    T:0.12245    C:0.24490    A:0.30612    G:0.32653
position  2:    T:0.26531    C:0.12245    A:0.34694    G:0.26531
position  3:    T:0.28571    C:0.20408    A:0.24490    G:0.26531
Average         T:0.22449    C:0.19048    A:0.29932    G:0.28571

#6: KillerWhale    
position  1:    T:0.14286    C:0.22449    A:0.30612    G:0.32653
position  2:    T:0.26531    C:0.12245    A:0.34694    G:0.26531
position  3:    T:0.26531    C:0.24490    A:0.20408    G:0.28571
Average         T:0.22449    C:0.19728    A:0.28571    G:0.29252

#7: DefassaWaterbuck
position  1:    T:0.14286    C:0.22449    A:0.30612    G:0.32653
position  2:    T:0.24490    C:0.14286    A:0.34694    G:0.26531
position  3:    T:0.24490    C:0.26531    A:0.20408    G:0.28571
Average         T:0.21088    C:0.21088    A:0.28571    G:0.29252

#8: Sheep          
position  1:    T:0.14286    C:0.22449    A:0.30612    G:0.32653
position  2:    T:0.24490    C:0.14286    A:0.34694    G:0.26531
position  3:    T:0.24490    C:0.26531    A:0.20408    G:0.28571
Average         T:0.21088    C:0.21088    A:0.28571    G:0.29252

#9: MaxwellsDuiker 
position  1:    T:0.14286    C:0.22449    A:0.30612    G:0.32653
position  2:    T:0.24490    C:0.14286    A:0.34694    G:0.26531
position  3:    T:0.24490    C:0.26531    A:0.20408    G:0.28571
Average         T:0.21088    C:0.21088    A:0.28571    G:0.29252

#10: GazellaPrzewalskyi
position  1:    T:0.14286    C:0.22449    A:0.30612    G:0.32653
position  2:    T:0.24490    C:0.14286    A:0.34694    G:0.26531
position  3:    T:0.26531    C:0.24490    A:0.20408    G:0.28571
Average         T:0.21769    C:0.20408    A:0.28571    G:0.29252

#11: MountainNyala  
position  1:    T:0.14286    C:0.22449    A:0.30612    G:0.32653
position  2:    T:0.24490    C:0.14286    A:0.34694    G:0.26531
position  3:    T:0.24490    C:0.26531    A:0.20408    G:0.28571
Average         T:0.21088    C:0.21088    A:0.28571    G:0.29252

#12: MuntiacusMuntjak
position  1:    T:0.14286    C:0.22449    A:0.28571    G:0.34694
position  2:    T:0.24490    C:0.14286    A:0.34694    G:0.26531
position  3:    T:0.24490    C:0.26531    A:0.20408    G:0.28571
Average         T:0.21088    C:0.21088    A:0.27891    G:0.29932

#13: goat           
position  1:    T:0.14286    C:0.22449    A:0.30612    G:0.32653
position  2:    T:0.24490    C:0.14286    A:0.34694    G:0.26531
position  3:    T:0.24490    C:0.26531    A:0.20408    G:0.28571
Average         T:0.21088    C:0.21088    A:0.28571    G:0.29252

#14: AfricanBuffalo 
position  1:    T:0.14286    C:0.22449    A:0.30612    G:0.32653
position  2:    T:0.24490    C:0.14286    A:0.34694    G:0.26531
position  3:    T:0.22449    C:0.28571    A:0.20408    G:0.28571
Average         T:0.20408    C:0.21769    A:0.28571    G:0.29252

#15: Topi           
position  1:    T:0.14286    C:0.22449    A:0.30612    G:0.32653
position  2:    T:0.24490    C:0.14286    A:0.34694    G:0.26531
position  3:    T:0.24490    C:0.26531    A:0.20408    G:0.28571
Average         T:0.21088    C:0.21088    A:0.28571    G:0.29252

#16: CommonDuiker   
position  1:    T:0.14286    C:0.22449    A:0.30612    G:0.32653
position  2:    T:0.24490    C:0.14286    A:0.34694    G:0.26531
position  3:    T:0.24490    C:0.26531    A:0.20408    G:0.28571
Average         T:0.21088    C:0.21088    A:0.28571    G:0.29252

#17: Suni           
position  1:    T:0.14286    C:0.22449    A:0.30612    G:0.32653
position  2:    T:0.24490    C:0.14286    A:0.34694    G:0.26531
position  3:    T:0.26531    C:0.24490    A:0.20408    G:0.28571
Average         T:0.21769    C:0.20408    A:0.28571    G:0.29252

#18: Springbuck     
position  1:    T:0.14286    C:0.22449    A:0.30612    G:0.32653
position  2:    T:0.24490    C:0.14286    A:0.34694    G:0.26531
position  3:    T:0.24490    C:0.26531    A:0.20408    G:0.28571
Average         T:0.21088    C:0.21088    A:0.28571    G:0.29252

#19: Okapi          
position  1:    T:0.14286    C:0.22449    A:0.30612    G:0.32653
position  2:    T:0.24490    C:0.14286    A:0.34694    G:0.26531
position  3:    T:0.24490    C:0.26531    A:0.20408    G:0.28571
Average         T:0.21088    C:0.21088    A:0.28571    G:0.29252

#20: Giraffe        
position  1:    T:0.14286    C:0.22449    A:0.30612    G:0.32653
position  2:    T:0.24490    C:0.14286    A:0.34694    G:0.26531
position  3:    T:0.24490    C:0.26531    A:0.22449    G:0.26531
Average         T:0.21088    C:0.21088    A:0.29252    G:0.28571

#21: TibetanAntelope
position  1:    T:0.14286    C:0.22449    A:0.30612    G:0.32653
position  2:    T:0.24490    C:0.14286    A:0.34694    G:0.26531
position  3:    T:0.24490    C:0.26531    A:0.20408    G:0.28571
Average         T:0.21088    C:0.21088    A:0.28571    G:0.29252

#22: Sitatunga      
position  1:    T:0.14286    C:0.22449    A:0.30612    G:0.32653
position  2:    T:0.24490    C:0.14286    A:0.34694    G:0.26531
position  3:    T:0.24490    C:0.26531    A:0.20408    G:0.28571
Average         T:0.21088    C:0.21088    A:0.28571    G:0.29252

#23: Oribi          
position  1:    T:0.14286    C:0.22449    A:0.30612    G:0.32653
position  2:    T:0.24490    C:0.14286    A:0.34694    G:0.26531
position  3:    T:0.24490    C:0.26531    A:0.20408    G:0.28571
Average         T:0.21088    C:0.21088    A:0.28571    G:0.29252

#24: BarbarySheep   
position  1:    T:0.14286    C:0.22449    A:0.30612    G:0.32653
position  2:    T:0.24490    C:0.14286    A:0.34694    G:0.26531
position  3:    T:0.24490    C:0.26531    A:0.20408    G:0.28571
Average         T:0.21088    C:0.21088    A:0.28571    G:0.29252

#25: Daviddeer      
position  1:    T:0.14286    C:0.22449    A:0.28571    G:0.34694
position  2:    T:0.24490    C:0.14286    A:0.34694    G:0.26531
position  3:    T:0.24490    C:0.26531    A:0.20408    G:0.28571
Average         T:0.21088    C:0.21088    A:0.27891    G:0.29932

#26: Reindeer       
position  1:    T:0.14286    C:0.22449    A:0.28571    G:0.34694
position  2:    T:0.24490    C:0.14286    A:0.34694    G:0.26531
position  3:    T:0.24490    C:0.24490    A:0.20408    G:0.30612
Average         T:0.21088    C:0.20408    A:0.27891    G:0.30612

#27: Ibex           
position  1:    T:0.14286    C:0.22449    A:0.30612    G:0.32653
position  2:    T:0.24490    C:0.14286    A:0.34694    G:0.26531
position  3:    T:0.24490    C:0.26531    A:0.20408    G:0.28571
Average         T:0.21088    C:0.21088    A:0.28571    G:0.29252

#28: GyrantGazelle  
position  1:    T:0.14286    C:0.22449    A:0.30612    G:0.32653
position  2:    T:0.24490    C:0.14286    A:0.34694    G:0.26531
position  3:    T:0.24490    C:0.26531    A:0.20408    G:0.28571
Average         T:0.21088    C:0.21088    A:0.28571    G:0.29252

#29: Hartebeest     
position  1:    T:0.14286    C:0.22449    A:0.30612    G:0.32653
position  2:    T:0.24490    C:0.14286    A:0.34694    G:0.26531
position  3:    T:0.24490    C:0.26531    A:0.20408    G:0.28571
Average         T:0.21088    C:0.21088    A:0.28571    G:0.29252

#30: Bongo          
position  1:    T:0.14286    C:0.22449    A:0.30612    G:0.32653
position  2:    T:0.24490    C:0.14286    A:0.34694    G:0.26531
position  3:    T:0.24490    C:0.26531    A:0.20408    G:0.28571
Average         T:0.21088    C:0.21088    A:0.28571    G:0.29252

#31: Gerenuk        
position  1:    T:0.14286    C:0.22449    A:0.30612    G:0.32653
position  2:    T:0.24490    C:0.14286    A:0.34694    G:0.26531
position  3:    T:0.24490    C:0.26531    A:0.22449    G:0.26531
Average         T:0.21088    C:0.21088    A:0.29252    G:0.28571

#32: CommonEland    
position  1:    T:0.14286    C:0.22449    A:0.30612    G:0.32653
position  2:    T:0.24490    C:0.14286    A:0.34694    G:0.26531
position  3:    T:0.24490    C:0.26531    A:0.20408    G:0.28571
Average         T:0.21088    C:0.21088    A:0.28571    G:0.29252

#33: MuntiacusReevesi
position  1:    T:0.14286    C:0.22449    A:0.28571    G:0.34694
position  2:    T:0.24490    C:0.14286    A:0.34694    G:0.26531
position  3:    T:0.24490    C:0.26531    A:0.20408    G:0.28571
Average         T:0.21088    C:0.21088    A:0.27891    G:0.29932

#34: HarveysDuiker  
position  1:    T:0.14286    C:0.22449    A:0.30612    G:0.32653
position  2:    T:0.24490    C:0.14286    A:0.34694    G:0.26531
position  3:    T:0.24490    C:0.26531    A:0.22449    G:0.26531
Average         T:0.21088    C:0.21088    A:0.29252    G:0.28571

#35: Pronghorn      
position  1:    T:0.14286    C:0.22449    A:0.30612    G:0.32653
position  2:    T:0.24490    C:0.14286    A:0.34694    G:0.26531
position  3:    T:0.22449    C:0.28571    A:0.20408    G:0.28571
Average         T:0.20408    C:0.21769    A:0.28571    G:0.29252

#36: BlueWildebeest 
position  1:    T:0.14286    C:0.22449    A:0.28571    G:0.34694
position  2:    T:0.24490    C:0.14286    A:0.34694    G:0.26531
position  3:    T:0.24490    C:0.26531    A:0.20408    G:0.28571
Average         T:0.21088    C:0.21088    A:0.27891    G:0.29932

#37: Gemsbok        
position  1:    T:0.14286    C:0.22449    A:0.30612    G:0.32653
position  2:    T:0.24490    C:0.14286    A:0.34694    G:0.26531
position  3:    T:0.24490    C:0.26531    A:0.20408    G:0.28571
Average         T:0.21088    C:0.21088    A:0.28571    G:0.29252

#38: Yak            
position  1:    T:0.14286    C:0.22449    A:0.30612    G:0.32653
position  2:    T:0.24490    C:0.14286    A:0.34694    G:0.26531
position  3:    T:0.24490    C:0.26531    A:0.20408    G:0.28571
Average         T:0.21088    C:0.21088    A:0.28571    G:0.29252

#39: BlueSheep      
position  1:    T:0.14286    C:0.22449    A:0.30612    G:0.32653
position  2:    T:0.24490    C:0.14286    A:0.34694    G:0.26531
position  3:    T:0.24490    C:0.26531    A:0.20408    G:0.28571
Average         T:0.21088    C:0.21088    A:0.28571    G:0.29252

#40: BohorReedbuck  
position  1:    T:0.14286    C:0.22449    A:0.30612    G:0.32653
position  2:    T:0.24490    C:0.14286    A:0.34694    G:0.26531
position  3:    T:0.24490    C:0.26531    A:0.20408    G:0.28571
Average         T:0.21088    C:0.21088    A:0.28571    G:0.29252

#41: KirksDik       
position  1:    T:0.14286    C:0.22449    A:0.30612    G:0.32653
position  2:    T:0.24490    C:0.14286    A:0.34694    G:0.26531
position  3:    T:0.22449    C:0.28571    A:0.20408    G:0.28571
Average         T:0.20408    C:0.21769    A:0.28571    G:0.29252

#42: RoeDeer        
position  1:    T:0.14286    C:0.22449    A:0.28571    G:0.34694
position  2:    T:0.24490    C:0.14286    A:0.34694    G:0.26531
position  3:    T:0.24490    C:0.24490    A:0.20408    G:0.30612
Average         T:0.21088    C:0.20408    A:0.27891    G:0.30612

#43: WhiteLippedDeer
position  1:    T:0.14286    C:0.22449    A:0.28571    G:0.34694
position  2:    T:0.24490    C:0.14286    A:0.34694    G:0.26531
position  3:    T:0.22449    C:0.26531    A:0.20408    G:0.30612
Average         T:0.20408    C:0.21088    A:0.27891    G:0.30612

#44: ThomsonGazelle 
position  1:    T:0.14286    C:0.22449    A:0.30612    G:0.32653
position  2:    T:0.24490    C:0.14286    A:0.34694    G:0.26531
position  3:    T:0.24490    C:0.26531    A:0.20408    G:0.28571
Average         T:0.21088    C:0.21088    A:0.28571    G:0.29252

#45: MuntiacusCrinifrons
position  1:    T:0.14286    C:0.22449    A:0.28571    G:0.34694
position  2:    T:0.24490    C:0.14286    A:0.34694    G:0.26531
position  3:    T:0.24490    C:0.26531    A:0.20408    G:0.28571
Average         T:0.21088    C:0.21088    A:0.27891    G:0.29932

#46: WhiteTailedDeer
position  1:    T:0.14286    C:0.22449    A:0.28571    G:0.34694
position  2:    T:0.24490    C:0.14286    A:0.34694    G:0.26531
position  3:    T:0.24490    C:0.24490    A:0.20408    G:0.30612
Average         T:0.21088    C:0.20408    A:0.27891    G:0.30612

#47: Cattle         
position  1:    T:0.14286    C:0.22449    A:0.30612    G:0.32653
position  2:    T:0.24490    C:0.14286    A:0.34694    G:0.26531
position  3:    T:0.24490    C:0.26531    A:0.22449    G:0.26531
Average         T:0.21088    C:0.21088    A:0.29252    G:0.28571

#48: RoyalAntelope  
position  1:    T:0.16327    C:0.20408    A:0.30612    G:0.32653
position  2:    T:0.24490    C:0.14286    A:0.34694    G:0.26531
position  3:    T:0.24490    C:0.26531    A:0.20408    G:0.28571
Average         T:0.21769    C:0.20408    A:0.28571    G:0.29252

#49: Steenbok       
position  1:    T:0.14286    C:0.20408    A:0.30612    G:0.34694
position  2:    T:0.24490    C:0.14286    A:0.34694    G:0.26531
position  3:    T:0.24490    C:0.26531    A:0.20408    G:0.28571
Average         T:0.21088    C:0.20408    A:0.28571    G:0.29932

#50: Impala         
position  1:    T:0.14286    C:0.22449    A:0.30612    G:0.32653
position  2:    T:0.24490    C:0.14286    A:0.34694    G:0.26531
position  3:    T:0.26531    C:0.24490    A:0.20408    G:0.28571
Average         T:0.21769    C:0.20408    A:0.28571    G:0.29252

#51: Klipspringer   
position  1:    T:0.14286    C:0.22449    A:0.30612    G:0.32653
position  2:    T:0.24490    C:0.14286    A:0.34694    G:0.26531
