1
52 1
Argali 0.000000 0.369300 0.063000 0.310100 0.036400 0.000000 0.027100 0.073300 0.063300 0.092700 0.026300 0.072300 0.073900 0.036100 0.036300 0.035800 0.114000 0.105000 0.017600 0.064100 0.073900 0.034700 0.054900 0.103500 0.044600 0.026700 0.063400 0.054000 0.054100 0.044600 0.102800 0.045500 0.156100 0.081600 0.071700 0.054700 0.035400 0.045700 0.054800 0.083000 0.054900 0.026700 0.092900 0.105400 0.054300 0.072500 0.081900 0.063200 0.092100 0.212000 0.063100 0.053700
LesserMous 0.369300 0.000000 0.313000 0.279700 0.334500 0.369300 0.361400 0.353900 0.297300 0.367100 0.395500 0.312100 0.394400 0.345200 0.348800 0.324100 0.326000 0.354500 0.371200 0.278300 0.302900 0.388300 0.331700 0.385700 0.370200 0.330700 0.402800 0.300800 0.306200 0.299000 0.342200 0.334600 0.296900 0.396600 0.376000 0.318500 0.352600 0.349000 0.317700 0.358900 0.331700 0.328800 0.368300 0.413800 0.287500 0.339600 0.354200 0.325100 0.283600 0.391600 0.304200 0.311500
LesserKudu 0.063000 0.313000 0.000000 0.298100 0.064400 0.063000 0.054900 0.092200 0.035400 0.082400 0.071900 0.035200 0.102900 0.063900 0.064300 0.082400 0.103600 0.094200 0.044500 0.017700 0.102900 0.079800 0.045100 0.092800 0.091500 0.054000 0.072300 0.008700 0.082200 0.017500 0.092200 0.073700 0.138500 0.090500 0.099700 0.045100 0.062700 0.074000 0.064100 0.035600 0.045100 0.053900 0.082600 0.055400 0.044700 0.101000 0.091000 0.072300 0.101400 0.134500 0.035300 0.026300
KillerWhal 0.310100 0.279700 0.298100 0.000000 0.305700 0.310100 0.302700 0.322300 0.326400 0.341800 0.320700 0.312300 0.360500 0.302500 0.304100 0.298400 0.295600 0.323800 0.311400 0.285100 0.276500 0.328900 0.300600 0.327300 0.297300 0.274300 0.339800 0.286600 0.298800 0.298800 0.356900 0.317100 0.301000 0.334800 0.316800 0.304000 0.282300 0.319300 0.276900 0.299500 0.300600 0.273600 0.342800 0.336400 0.274700 0.321400 0.309600 0.309600 0.268900 0.332500 0.293800 0.310700
DefassaWat 0.036400 0.334500 0.064400 0.305700 0.000000 0.036400 0.027700 0.055500 0.064700 0.084700 0.064200 0.074000 0.075400 0.018200 0.018300 0.036500 0.096400 0.086900 0.036400 0.046200 0.055900 0.072500 0.046400 0.095200 0.084000 0.027300 0.064600 0.055200 0.036400 0.045600 0.094900 0.027600 0.131700 0.083100 0.073100 0.036900 0.054800 0.009100 0.036900 0.074800 0.046400 0.027300 0.084800 0.097200 0.036500 0.054800 0.064200 0.045500 0.074200 0.194300 0.064500 0.054900
Sheep 0.000000 0.369300 0.063000 0.310100 0.036400 0.000000 0.027100 0.073300 0.063300 0.092700 0.026300 0.072300 0.073900 0.036100 0.036300 0.035800 0.114000 0.105000 0.017600 0.064100 0.073900 0.034700 0.054900 0.103500 0.044600 0.026700 0.063400 0.054000 0.054100 0.044600 0.102800 0.045500 0.156100 0.081600 0.071700 0.054700 0.035400 0.045700 0.054800 0.083000 0.054900 0.026700 0.092900 0.105400 0.054300 0.072500 0.081900 0.063200 0.092100 0.212000 0.063100 0.053700
MaxwellsDu 0.027100 0.361400 0.054900 0.302700 0.027700 0.027100 0.000000 0.055300 0.055200 0.084800 0.054700 0.064400 0.085400 0.027500 0.027700 0.046000 0.105500 0.097000 0.027100 0.055800 0.065700 0.063100 0.046500 0.095600 0.074200 0.018000 0.074400 0.045700 0.045800 0.036300 0.095000 0.037000 0.131500 0.093100 0.082900 0.046400 0.045400 0.037200 0.046500 0.075100 0.046500 0.018100 0.085000 0.097500 0.046000 0.064400 0.073900 0.055000 0.084100 0.205200 0.055000 0.045500
GazellaPrz 0.073300 0.353900 0.092200 0.322300 0.055500 0.073300 0.055300 0.000000 0.102500 0.103200 0.101600 0.101600 0.114100 0.055000 0.055400 0.054500 0.135800 0.126400 0.063800 0.083700 0.074200 0.099900 0.084000 0.113800 0.122400 0.045200 0.092600 0.092700 0.054400 0.082700 0.112800 0.064800 0.129200 0.111300 0.090900 0.074200 0.092100 0.065100 0.055200 0.103300 0.084000 0.045200 0.103400 0.126900 0.073600 0.092100 0.072800 0.063400 0.092400 0.226000 0.102200 0.092100
MountainNy 0.063300 0.297300 0.035400 0.326400 0.064700 0.063300 0.055200 0.102500 0.000000 0.082800 0.091300 0.044400 0.123600 0.064200 0.064600 0.082800 0.104000 0.094600 0.063400 0.036000 0.103400 0.099300 0.045400 0.093300 0.111600 0.054300 0.111800 0.026500 0.082600 0.017600 0.092700 0.074000 0.139100 0.130600 0.119900 0.045300 0.081900 0.074400 0.064400 0.073400 0.045400 0.054200 0.083000 0.095200 0.044900 0.101500 0.111100 0.072600 0.121800 0.178400 0.035500 0.008700
MuntiacusM 0.092700 0.367100 0.082400 0.341800 0.084700 0.092700 0.084800 0.103200 0.082800 0.000000 0.121500 0.092000 0.124000 0.083900 0.084600 0.102900 0.125400 0.115900 0.092900 0.073900 0.118900 0.129400 0.055000 0.083500 0.142800 0.083500 0.112300 0.073300 0.102700 0.063600 0.026800 0.094100 0.160600 0.131000 0.140600 0.064500 0.111800 0.094600 0.084100 0.063900 0.055000 0.083400 0.000000 0.085100 0.064000 0.121900 0.131700 0.112100 0.112100 0.224900 0.082600 0.072800
goat 0.026300 0.395500 0.071900 0.320700 0.064200 0.026300 0.054700 0.101600 0.091300 0.121500 0.000000 0.100500 0.082900 0.063600 0.064000 0.063200 0.144000 0.134900 0.044400 0.073100 0.102500 0.043200 0.082900 0.132900 0.017400 0.053900 0.072200 0.062900 0.081800 0.072100 0.131800 0.073400 0.181700 0.090400 0.080400 0.082800 0.044200 0.073700 0.083000 0.092100 0.082900 0.053800 0.121700 0.114900 0.082100 0.100600 0.110200 0.091100 0.100900 0.199400 0.091000 0.081300
AfricanBuf 0.072300 0.312100 0.035200 0.312300 0.074000 0.072300 0.064400 0.101600 0.044400 0.092000 0.100500 0.000000 0.133200 0.073400 0.073900 0.092000 0.113800 0.104400 0.063000 0.045000 0.093000 0.080000 0.054500 0.102500 0.101200 0.063300 0.111200 0.035400 0.091900 0.026300 0.102100 0.083400 0.105600 0.110100 0.129200 0.054400 0.072000 0.073900 0.073700 0.073000 0.054500 0.063300 0.092200 0.094700 0.053900 0.110800 0.091200 0.081800 0.131300 0.143900 0.044300 0.035200
Topi 0.073900 0.394400 0.102900 0.360500 0.075400 0.073900 0.085400 0.114100 0.123600 0.124000 0.082900 0.133200 0.000000 0.055300 0.075300 0.074100 0.158600 0.127500 0.073900 0.084500 0.104800 0.110500 0.104800 0.144400 0.103300 0.084100 0.026800 0.093500 0.073800 0.103200 0.155800 0.065200 0.173700 0.044700 0.072400 0.094700 0.073400 0.085400 0.095000 0.094000 0.104800 0.084000 0.124300 0.115500 0.093800 0.112800 0.122800 0.102900 0.093000 0.216000 0.123400 0.112800
CommonDuik 0.036100 0.345200 0.063900 0.302500 0.018200 0.036100 0.027500 0.055000 0.064200 0.083900 0.063600 0.073400 0.055300 0.000000 0.018200 0.036200 0.095400 0.086000 0.036100 0.045800 0.055400 0.071900 0.046000 0.094500 0.083300 0.027000 0.045200 0.054800 0.036100 0.045300 0.093300 0.009000 0.131000 0.063300 0.072500 0.036500 0.054300 0.027400 0.036600 0.074300 0.046000 0.027000 0.084000 0.086400 0.036200 0.054400 0.063700 0.045200 0.073600 0.192400 0.064000 0.054400
Suni 0.036300 0.348800 0.064300 0.304100 0.018300 0.036300 0.027700 0.055400 0.064600 0.084600 0.064000 0.073900 0.075300 0.018200 0.000000 0.036500 0.096100 0.086700 0.036300 0.046100 0.055900 0.072300 0.046300 0.095200 0.083900 0.027300 0.064500 0.055100 0.036400 0.045600 0.094700 0.027500 0.131000 0.083000 0.073000 0.036800 0.054700 0.027600 0.036900 0.074800 0.046300 0.027200 0.084700 0.097100 0.036500 0.054800 0.064100 0.045500 0.074200 0.193200 0.064500 0.054800
Springbuck 0.035800 0.324100 0.082400 0.298400 0.036500 0.035800 0.046000 0.054500 0.082800 0.102900 0.063200 0.092000 0.074100 0.036200 0.036500 0.000000 0.114500 0.105400 0.035800 0.064300 0.055000 0.071400 0.064600 0.093600 0.082700 0.026800 0.063600 0.073200 0.035800 0.063600 0.113100 0.045700 0.129300 0.081800 0.062000 0.055000 0.054000 0.045900 0.036300 0.093100 0.064600 0.026800 0.103100 0.116100 0.054500 0.053900 0.063100 0.044800 0.054100 0.213500 0.073300 0.072800
Okapi 0.114000 0.326000 0.103600 0.295600 0.096400 0.114000 0.105500 0.135800 0.104000 0.125400 0.144000 0.113800 0.158600 0.095400 0.096100 0.114500 0.000000 0.064800 0.114200 0.085000 0.137100 0.151800 0.085400 0.136500 0.166600 0.105000 0.145400 0.094200 0.114700 0.084000 0.136100 0.085800 0.107600 0.164900 0.153100 0.075400 0.133900 0.106600 0.095700 0.114900 0.085400 0.104800 0.125700 0.139400 0.074700 0.134400 0.144600 0.124300 0.156200 0.193100 0.083800 0.093500
Giraffe 0.105000 0.354500 0.094200 0.323800 0.086900 0.105000 0.097000 0.126400 0.094600 0.115900 0.134900 0.104400 0.127500 0.086000 0.086700 0.105400 0.064800 0.000000 0.105100 0.075700 0.125500 0.142800 0.076000 0.127000 0.157400 0.095500 0.136100 0.084800 0.105300 0.074700 0.126600 0.096600 0.098500 0.155600 0.144100 0.066000 0.124900 0.097100 0.086300 0.105500 0.076000 0.095400 0.116100 0.129700 0.065400 0.125000 0.135400 0.114800 0.146600 0.207000 0.094500 0.084300
TibetanAnt 0.017600 0.371200 0.044500 0.311400 0.036400 0.017600 0.027100 0.063800 0.063400 0.092900 0.044400 0.063000 0.073900 0.036100 0.036300 0.035800 0.114200 0.105100 0.000000 0.064100 0.073900 0.034700 0.054900 0.103500 0.063300 0.026700 0.044700 0.054000 0.054100 0.044700 0.102900 0.045500 0.150200 0.062600 0.071700 0.054800 0.035400 0.045700 0.054900 0.063800 0.054900 0.026700 0.093000 0.085200 0.054300 0.072500 0.062900 0.063200 0.092000 0.189300 0.063200 0.053700
Sitatunga 0.064100 0.278300 0.017700 0.285100 0.046200 0.064100 0.055800 0.083700 0.036000 0.073900 0.073100 0.045000 0.084500 0.045800 0.046100 0.064300 0.085000 0.075700 0.064100 0.000000 0.084500 0.100400 0.036400 0.084200 0.093000 0.054900 0.073600 0.008900 0.064100 0.017800 0.083700 0.055500 0.119100 0.092000 0.081900 0.027200 0.063700 0.055700 0.045900 0.045500 0.036400 0.054900 0.074000 0.066100 0.017900 0.082900 0.092500 0.054400 0.083200 0.136700 0.035600 0.026700
Oribi 0.073900 0.302900 0.102900 0.276500 0.055900 0.073900 0.065700 0.074200 0.103400 0.118900 0.102500 0.093000 0.104800 0.055400 0.055900 0.055000 0.137100 0.125500 0.073900 0.084500 0.000000 0.091000 0.084700 0.114800 0.103300 0.045600 0.103300 0.093600 0.045400 0.083400 0.129400 0.065300 0.119400 0.102200 0.091700 0.074900 0.073500 0.065600 0.055600 0.114200 0.084700 0.045600 0.118900 0.138700 0.074200 0.092900 0.044900 0.064000 0.093200 0.192200 0.103100 0.092900
BarbaryShe 0.034700 0.388300 0.079800 0.328900 0.072500 0.034700 0.063100 0.099900 0.099300 0.129400 0.043200 0.080000 0.110500 0.071900 0.072300 0.071400 0.151800 0.142800 0.034700 0.100400 0.091000 0.000000 0.091100 0.140800 0.043500 0.062100 0.080200 0.089800 0.089900 0.080100 0.139800 0.081600 0.167100 0.079400 0.107300 0.091000 0.052400 0.081900 0.091200 0.099900 0.091100 0.062000 0.129700 0.122800 0.090200 0.108500 0.079700 0.099000 0.128500 0.184300 0.099100 0.089300
Daviddeer 0.054900 0.331700 0.045100 0.300600 0.046400 0.054900 0.046500 0.084000 0.045400 0.055000 0.082900 0.054500 0.104800 0.046000 0.046300 0.064600 0.085400 0.076000 0.054900 0.036400 0.084700 0.091100 0.000000 0.064800 0.103300 0.045700 0.093300 0.036100 0.064400 0.026900 0.064600 0.055700 0.119700 0.112000 0.101600 0.027300 0.073500 0.055900 0.046100 0.045600 0.000000 0.045700 0.055100 0.066100 0.027000 0.083100 0.092700 0.073600 0.103200 0.180700 0.045300 0.035900
Reindeer 0.103500 0.385700 0.092800 0.327300 0.095200 0.103500 0.095600 0.113800 0.093300 0.083500 0.132900 0.102500 0.144400 0.094500 0.095200 0.093600 0.136500 0.127000 0.103500 0.084200 0.114800 0.140800 0.064800 0.000000 0.154900 0.081600 0.123300 0.083500 0.093400 0.073600 0.113000 0.104900 0.158500 0.142400 0.131300 0.074600 0.122900 0.105500 0.075000 0.074000 0.064800 0.074200 0.083600 0.055700 0.074000 0.141800 0.122500 0.102800 0.113000 0.239500 0.093000 0.083000
Ibex 0.044600 0.370200 0.091500 0.297300 0.084000 0.044600 0.074200 0.122400 0.111600 0.142800 0.017400 0.101200 0.103300 0.083300 0.083900 0.082700 0.166600 0.157400 0.063300 0.093000 0.103300 0.043500 0.103300 0.154900 0.000000 0.073200 0.092000 0.082400 0.101900 0.091700 0.153400 0.093500 0.183400 0.091100 0.100000 0.103200 0.044400 0.093900 0.103500 0.112600 0.103300 0.073000 0.143100 0.136700 0.102200 0.121100 0.111100 0.111300 0.121500 0.201300 0.111300 0.101100
GyrantGaze 0.026700 0.330700 0.054000 0.274300 0.027300 0.026700 0.018000 0.045200 0.054300 0.083500 0.053900 0.063300 0.084100 0.027000 0.027300 0.026800 0.105000 0.095500 0.026700 0.054900 0.045600 0.062100 0.045700 0.081600 0.073200 0.000000 0.073200 0.045000 0.026800 0.035700 0.093500 0.036400 0.118200 0.091700 0.062700 0.045600 0.044700 0.036600 0.027100 0.073900 0.045700 0.000200 0.083700 0.104300 0.045200 0.063500 0.054000 0.035600 0.063600 0.203100 0.054100 0.044700
Hartebeest 0.063400 0.402800 0.072300 0.339800 0.064600 0.063400 0.074400 0.092600 0.111800 0.112300 0.072200 0.111200 0.026800 0.045200 0.064500 0.063600 0.145400 0.136100 0.044700 0.073600 0.103300 0.080200 0.093300 0.123300 0.092000 0.073200 0.000000 0.082500 0.082500 0.091900 0.143400 0.054800 0.183300 0.017300 0.062200 0.083400 0.063000 0.074300 0.083700 0.063600 0.093300 0.073100 0.112600 0.075100 0.082700 0.101300 0.091300 0.091700 0.082200 0.201000 0.111600 0.101300
Bongo 0.054000 0.300800 0.008700 0.286600 0.055200 0.054000 0.045700 0.092700 0.026500 0.073300 0.062900 0.035400 0.093500 0.054800 0.055100 0.073200 0.094200 0.084800 0.054000 0.008900 0.093600 0.089800 0.036100 0.083500 0.082400 0.045000 0.082500 0.000000 0.073100 0.008700 0.083000 0.064500 0.128700 0.100900 0.090700 0.036100 0.053700 0.064800 0.054900 0.045100 0.036100 0.045000 0.073400 0.065600 0.035800 0.091800 0.101400 0.063300 0.092100 0.146100 0.026500 0.017500
Gerenuk 0.054100 0.306200 0.082200 0.298800 0.036400 0.054100 0.045800 0.054400 0.082600 0.102700 0.081800 0.091900 0.073800 0.036100 0.036400 0.035800 0.114700 0.105300 0.054100 0.064100 0.045400 0.089900 0.064400 0.093400 0.101900 0.026800 0.082500 0.073100 0.000000 0.063400 0.112900 0.045500 0.107500 0.101000 0.071600 0.054800 0.072600 0.045800 0.036200 0.092900 0.064400 0.026700 0.102900 0.116000 0.054300 0.072500 0.063000 0.044600 0.072800 0.189900 0.082400 0.072600
CommonElan 0.044600 0.299000 0.017500 0.298800 0.045600 0.044600 0.036300 0.082700 0.017600 0.063600 0.072100 0.026300 0.103200 0.045300 0.045600 0.063600 0.084000 0.074700 0.044700 0.017800 0.083400 0.080100 0.026900 0.073600 0.091700 0.035700 0.091900 0.008700 0.063400 0.000000 0.073200 0.054800 0.117500 0.110400 0.100000 0.026800 0.062900 0.055100 0.045400 0.054300 0.026900 0.035700 0.063700 0.075100 0.026600 0.081900 0.091300 0.053800 0.101700 0.156200 0.017500 0.008700
MuntiacusR 0.102800 0.342200 0.092200 0.356900 0.094900 0.102800 0.095000 0.112800 0.092700 0.026800 0.131800 0.102100 0.155800 0.093300 0.094700 0.113100 0.136100 0.126600 0.102900 0.083700 0.129400 0.139800 0.064600 0.113000 0.153400 0.093500 0.143400 0.083000 0.112900 0.073200 0.000000 0.104300 0.170900 0.162400 0.151200 0.074200 0.122000 0.104800 0.093400 0.092500 0.064600 0.093300 0.026800 0.115100 0.073600 0.132300 0.142100 0.122300 0.142900 0.236900 0.092500 0.082500
HarveysDui 0.045500 0.334600 0.073700 0.317100 0.027600 0.045500 0.037000 0.064800 0.074000 0.094100 0.073400 0.083400 0.065200 0.009000 0.027500 0.045700 0.085800 0.096600 0.045500 0.055500 0.065300 0.081600 0.055700 0.104900 0.093500 0.036400 0.054800 0.064500 0.045500 0.054800 0.104300 0.000000 0.142100 0.073100 0.082300 0.046100 0.064000 0.037000 0.046200 0.084300 0.055700 0.036400 0.094300 0.096800 0.045700 0.064000 0.073400 0.054700 0.083600 0.204700 0.073800 0.064100
Pronghorn 0.156100 0.296900 0.138500 0.301000 0.131700 0.156100 0.131500 0.129200 0.139100 0.160600 0.181700 0.105600 0.173700 0.131000 0.131000 0.129300 0.107600 0.098500 0.150200 0.119100 0.119400 0.167100 0.119700 0.158500 0.183400 0.118200 0.183300 0.128700 0.107500 0.117500 0.170900 0.142100 0.000000 0.181200 0.168400 0.109200 0.149000 0.131500 0.109400 0.151200 0.119700 0.118700 0.160800 0.186800 0.108100 0.171200 0.138700 0.139300 0.172200 0.173500 0.116700 0.127900
BlueWildeb 0.081600 0.396600 0.090500 0.334800 0.083100 0.081600 0.093100 0.111300 0.130600 0.131000 0.090400 0.110100 0.044700 0.063300 0.083000 0.081800 0.164900 0.155600 0.062600 0.092000 0.102200 0.079400 0.112000 0.142400 0.091100 0.091700 0.017300 0.100900 0.101000 0.110400 0.162400 0.073100 0.181200 0.000000 0.080100 0.102100 0.062400 0.092900 0.102400 0.081900 0.112000 0.091500 0.131300 0.094000 0.101200 0.119900 0.090400 0.110200 0.100600 0.199000 0.130400 0.119900
Gemsbok 0.071700 0.376000 0.099700 0.316800 0.073100 0.071700 0.082900 0.090900 0.119900 0.140600 0.080400 0.129200 0.072400 0.072500 0.073000 0.062000 0.153100 0.144100 0.071700 0.081900 0.091700 0.107300 0.101600 0.131300 0.100000 0.062700 0.062200 0.090700 0.071600 0.100000 0.151200 0.082300 0.168400 0.080100 0.000000 0.091700 0.052900 0.082700 0.072700 0.110700 0.101600 0.062600 0.140900 0.134200 0.091000 0.109300 0.099400 0.080700 0.090300 0.231500 0.119700 0.109400
Yak 0.054700 0.318500 0.045100 0.304000 0.036900 0.054700 0.046400 0.074200 0.045300 0.064500 0.082800 0.054400 0.094700 0.036500 0.036800 0.055000 0.075400 0.066000 0.054800 0.027200 0.074900 0.091000 0.027300 0.074600 0.103200 0.045600 0.083400 0.036100 0.054800 0.026800 0.074200 0.046100 0.109200 0.102100 0.091700 0.000000 0.073400 0.046300 0.036600 0.055000 0.027300 0.045600 0.064600 0.076100 0.017800 0.073400 0.082900 0.064000 0.093200 0.169700 0.045200 0.035900
BlueSheep 0.035400 0.352600 0.062700 0.282300 0.054800 0.035400 0.045400 0.092100 0.081900 0.111800 0.044200 0.072000 0.073400 0.054300 0.054700 0.054000 0.133900 0.124900 0.035400 0.063700 0.073500 0.052400 0.073500 0.122900 0.044400 0.044700 0.063000 0.053700 0.072600 0.062900 0.122000 0.064000 0.149000 0.062400 0.052900 0.073400 0.000000 0.064300 0.073600 0.082600 0.073500 0.044700 0.112100 0.105000 0.072800 0.091100 0.081500 0.081700 0.091500 0.188800 0.081700 0.072000
BohorReedb 0.045700 0.349000 0.074000 0.319300 0.009100 0.045700 0.037200 0.065100 0.074400 0.094600 0.073700 0.073900 0.085400 0.027400 0.027600 0.045900 0.106600 0.097100 0.045700 0.055700 0.065600 0.081900 0.055900 0.105500 0.093900 0.036600 0.074300 0.064800 0.045800 0.055100 0.104800 0.037000 0.131500 0.092900 0.082700 0.046300 0.064300 0.000000 0.046400 0.084700 0.055900 0.036500 0.094800 0.107700 0.045900 0.064300 0.073800 0.054900 0.084000 0.194200 0.074200 0.064400
KirksDik 0.054800 0.317700 0.064100 0.276900 0.036900 0.054800 0.046500 0.055200 0.064400 0.084100 0.083000 0.073700 0.095000 0.036600 0.036900 0.036300 0.095700 0.086300 0.054900 0.045900 0.055600 0.091200 0.046100 0.075000 0.103500 0.027100 0.083700 0.054900 0.036200 0.045400 0.093400 0.046200 0.109400 0.102400 0.072700 0.036600 0.073600 0.046400 0.000000 0.074500 0.046100 0.027100 0.084300 0.096900 0.036300 0.073500 0.063900 0.045200 0.073800 0.193600 0.064200 0.054600
RoeDeer 0.083000 0.358900 0.035600 0.299500 0.074800 0.083000 0.075100 0.103300 0.073400 0.063900 0.092100 0.073000 0.094000 0.074300 0.074800 0.093100 0.114900 0.105500 0.063800 0.045500 0.114200 0.099900 0.045600 0.074000 0.112600 0.073900 0.063600 0.045100 0.092900 0.054300 0.092500 0.084300 0.151200 0.081900 0.110700 0.055000 0.082600 0.084700 0.074500 0.000000 0.045600 0.073800 0.064000 0.036800 0.054600 0.112100 0.101800 0.102300 0.092600 0.168600 0.073200 0.063500
WhiteLippe 0.054900 0.331700 0.045100 0.300600 0.046400 0.054900 0.046500 0.084000 0.045400 0.055000 0.082900 0.054500 0.104800 0.046000 0.046300 0.064600 0.085400 0.076000 0.054900 0.036400 0.084700 0.091100 0.000000 0.064800 0.103300 0.045700 0.093300 0.036100 0.064400 0.026900 0.064600 0.055700 0.119700 0.112000 0.101600 0.027300 0.073500 0.055900 0.046100 0.045600 0.000000 0.045700 0.055100 0.066100 0.027000 0.083100 0.092700 0.073600 0.103200 0.180700 0.045300 0.035900
ThomsonGaz 0.026700 0.328800 0.053900 0.273600 0.027300 0.026700 0.018100 0.045200 0.054200 0.083400 0.053800 0.063300 0.084000 0.027000 0.027200 0.026800 0.104800 0.095400 0.026700 0.054900 0.045600 0.062000 0.045700 0.074200 0.073000 0.000200 0.073100 0.045000 0.026700 0.035700 0.093300 0.036400 0.118700 0.091500 0.062600 0.045600 0.044700 0.036500 0.027100 0.073800 0.045700 0.000000 0.083500 0.095800 0.045200 0.063300 0.053600 0.035600 0.063500 0.202500 0.054000 0.044700
MuntiacusC 0.092900 0.368300 0.082600 0.342800 0.084800 0.092900 0.085000 0.103400 0.083000 0.000000 0.121700 0.092200 0.124300 0.084000 0.084700 0.103100 0.125700 0.116100 0.093000 0.074000 0.118900 0.129700 0.055100 0.083600 0.143100 0.083700 0.112600 0.073400 0.102900 0.063700 0.026800 0.094300 0.160800 0.131300 0.140900 0.064600 0.112100 0.094800 0.084300 0.064000 0.055100 0.083500 0.000000 0.085200 0.064100 0.122200 0.132000 0.112300 0.112300 0.225400 0.082800 0.073000
WhiteTaile 0.105400 0.413800 0.055400 0.336400 0.097200 0.105400 0.097500 0.126900 0.095200 0.085100 0.114900 0.094700 0.115500 0.086400 0.097100 0.116100 0.139400 0.129700 0.085200 0.066100 0.138700 0.122800 0.066100 0.055700 0.136700 0.104300 0.075100 0.065600 0.116000 0.075100 0.115100 0.096800 0.186800 0.094000 0.134200 0.076100 0.105000 0.107700 0.096900 0.036800 0.066100 0.095800 0.085200 0.000000 0.075500 0.145000 0.125100 0.125600 0.115500 0.196900 0.095000 0.084700
Cattle 0.054300 0.287500 0.044700 0.274700 0.036500 0.054300 0.046000 0.073600 0.044900 0.064000 0.082100 0.053900 0.093800 0.036200 0.036500 0.054500 0.074700 0.065400 0.054300 0.017900 0.074200 0.090200 0.027000 0.074000 0.102200 0.045200 0.082700 0.035800 0.054300 0.026600 0.073600 0.045700 0.108100 0.101200 0.091000 0.017800 0.072800 0.045900 0.036300 0.054600 0.027000 0.045200 0.064100 0.075500 0.000000 0.072800 0.082200 0.063500 0.092400 0.167900 0.035800 0.035600
RoyalAntel 0.072500 0.339600 0.101000 0.321400 0.054800 0.072500 0.064400 0.092100 0.101500 0.121900 0.100600 0.110800 0.112800 0.054400 0.054800 0.053900 0.134400 0.125000 0.072500 0.082900 0.092900 0.108500 0.083100 0.141800 0.121100 0.063500 0.101300 0.091800 0.072500 0.081900 0.132300 0.064000 0.171200 0.119900 0.109300 0.073400 0.091100 0.064300 0.073500 0.112100 0.083100 0.063300 0.122200 0.145000 0.072800 0.000000 0.100800 0.081700 0.091600 0.223400 0.091900 0.091200
Steenbok 0.081900 0.354200 0.091000 0.309600 0.064200 0.081900 0.073900 0.072800 0.111100 0.131700 0.110200 0.091200 0.122800 0.063700 0.064100 0.063100 0.144600 0.135400 0.062900 0.092500 0.044900 0.079700 0.092700 0.122500 0.111100 0.054000 0.091300 0.101400 0.063000 0.091300 0.142100 0.073400 0.138700 0.090400 0.099400 0.082900 0.081500 0.073800 0.063900 0.101800 0.092700 0.053600 0.132000 0.125100 0.082200 0.100800 0.000000 0.072000 0.100900 0.200300 0.110900 0.100700
Impala 0.063200 0.325100 0.072300 0.309600 0.045500 0.063200 0.055000 0.063400 0.072600 0.112100 0.091100 0.081800 0.102900 0.045200 0.045500 0.044800 0.124300 0.114800 0.063200 0.054400 0.064000 0.099000 0.073600 0.102800 0.111300 0.035600 0.091700 0.063300 0.044600 0.053800 0.122300 0.054700 0.139300 0.110200 0.080700 0.064000 0.081700 0.054900 0.045200 0.102300 0.073600 0.035600 0.112300 0.125600 0.063500 0.081700 0.072000 0.000000 0.081900 0.200600 0.072500 0.062900
Klipspring 0.092100 0.283600 0.101400 0.268900 0.074200 0.092100 0.084100 0.092400 0.121800 0.112100 0.100900 0.131300 0.093000 0.073600 0.074200 0.054100 0.156200 0.146600 0.092000 0.083200 0.093200 0.128500 0.103200 0.113000 0.121500 0.063600 0.082200 0.092100 0.072800 0.101700 0.142900 0.083600 0.172200 0.100600 0.090300 0.093200 0.091500 0.084000 0.073800 0.092600 0.103200 0.063500 0.112300 0.115500 0.092400 0.091600 0.100900 0.081900 0.000000 0.236300 0.112100 0.111200
ForestMusk 0.212000 0.391600 0.134500 0.332500 0.194300 0.212000 0.205200 0.226000 0.178400 0.224900 0.199400 0.143900 0.216000 0.192400 0.193200 0.213500 0.193100 0.207000 0.189300 0.136700 0.192200 0.184300 0.180700 0.239500 0.201300 0.203100 0.201000 0.146100 0.189900 0.156200 0.236900 0.204700 0.173500 0.199000 0.231500 0.169700 0.188800 0.194200 0.193600 0.168600 0.180700 0.202500 0.225400 0.196900 0.167900 0.223400 0.200300 0.200600 0.236300 0.000000 0.156000 0.166400
Bushbuck 0.063100 0.304200 0.035300 0.293800 0.064500 0.063100 0.055000 0.102200 0.035500 0.082600 0.091000 0.044300 0.123400 0.064000 0.064500 0.073300 0.083800 0.094500 0.063200 0.035600 0.103100 0.099100 0.045300 0.093000 0.111300 0.054100 0.111600 0.026500 0.082400 0.017500 0.092500 0.073800 0.116700 0.130400 0.119700 0.045200 0.081700 0.074200 0.064200 0.073200 0.045300 0.054000 0.082800 0.095000 0.035800 0.091900 0.110900 0.072500 0.112100 0.156000 0.000000 0.026300
GreaterKud 0.053700 0.311500 0.026300 0.310700 0.054900 0.053700 0.045500 0.092100 0.008700 0.072800 0.081300 0.035200 0.112800 0.054400 0.054800 0.072800 0.093500 0.084300 0.053700 0.026700 0.092900 0.089300 0.035900 0.083000 0.101100 0.044700 0.101300 0.017500 0.072600 0.008700 0.082500 0.064100 0.127900 0.119900 0.109400 0.035900 0.072000 0.064400 0.054600 0.063500 0.035900 0.044700 0.073000 0.084700 0.035600 0.091200 0.100700 0.062900 0.111200 0.166400 0.026300 0.000000
