1
52 1
Argali 0.000000 0.126400 0.057800 0.133300 0.030200 0.015000 0.026000 0.026400 0.025900 0.053800 0.018500 0.037500 0.030200 0.026300 0.034100 0.014900 0.057400 0.054100 0.022100 0.037900 0.014900 0.025600 0.046200 0.057400 0.014800 0.034200 0.030200 0.030200 0.018700 0.030200 0.053700 0.022600 0.080100 0.026400 0.037600 0.041700 0.018500 0.030000 0.037200 0.057100 0.050100 0.038200 0.053500 0.049600 0.037200 0.045200 0.033800 0.022500 0.037900 0.049800 0.034000 0.030200
LesserMous 0.126400 0.000000 0.142200 0.151100 0.123300 0.119100 0.123600 0.114800 0.131700 0.110400 0.123500 0.118500 0.127200 0.123200 0.123700 0.119000 0.140500 0.124000 0.118300 0.127900 0.127300 0.132000 0.111100 0.126900 0.118900 0.123800 0.127200 0.127800 0.123100 0.127800 0.110300 0.110200 0.134000 0.123400 0.126800 0.122700 0.122900 0.122700 0.126600 0.131400 0.115500 0.128600 0.109900 0.114100 0.118500 0.143500 0.131200 0.110300 0.123400 0.141400 0.122900 0.127800
LesserKudu 0.057800 0.142200 0.000000 0.140100 0.058500 0.050700 0.054500 0.054600 0.034500 0.058800 0.054500 0.046300 0.058400 0.054400 0.062700 0.050400 0.070500 0.067200 0.050200 0.030700 0.050400 0.062400 0.051000 0.062400 0.050500 0.054800 0.058400 0.030700 0.046300 0.030700 0.058700 0.050300 0.093500 0.054600 0.066100 0.050300 0.054300 0.058200 0.061700 0.062100 0.055000 0.067100 0.058500 0.054400 0.046300 0.069800 0.058000 0.042800 0.050000 0.079200 0.034600 0.030700
KillerWhal 0.133300 0.151100 0.140100 0.000000 0.143300 0.134700 0.134900 0.143700 0.147500 0.104100 0.143600 0.134200 0.147200 0.143300 0.152900 0.130100 0.147000 0.134900 0.134000 0.143700 0.134100 0.152200 0.113400 0.124700 0.138900 0.144000 0.147200 0.143500 0.134500 0.143500 0.104300 0.139000 0.136000 0.143400 0.151400 0.133900 0.138700 0.142600 0.146500 0.129500 0.117700 0.139500 0.103600 0.116300 0.129600 0.163500 0.151200 0.130200 0.139100 0.138300 0.138600 0.143500
DefassaWat 0.030200 0.123300 0.058500 0.143300 0.000000 0.015200 0.018800 0.018800 0.034300 0.046400 0.018800 0.030500 0.022800 0.018600 0.026800 0.014900 0.058100 0.038600 0.022300 0.037700 0.022800 0.026600 0.038800 0.054000 0.014900 0.026800 0.022800 0.030000 0.018800 0.030600 0.046400 0.014900 0.080900 0.019000 0.030100 0.034400 0.018600 0.007500 0.026000 0.050100 0.042700 0.030800 0.046200 0.042300 0.030500 0.037900 0.026500 0.015100 0.030100 0.042400 0.034500 0.030600
Sheep 0.015000 0.119100 0.050700 0.134700 0.015200 0.000000 0.011400 0.011400 0.019000 0.038600 0.003800 0.022800 0.015100 0.011400 0.019100 0.007600 0.050200 0.038700 0.007500 0.030700 0.015100 0.011400 0.030900 0.046100 0.000000 0.019100 0.015100 0.022900 0.011300 0.022900 0.038500 0.007600 0.073100 0.011400 0.022700 0.026700 0.003800 0.015100 0.022700 0.042200 0.034800 0.023000 0.038400 0.034400 0.022800 0.030200 0.018900 0.007600 0.022900 0.034600 0.026700 0.022900
MaxwellsDu 0.026000 0.123600 0.054500 0.134900 0.018800 0.011400 0.000000 0.015000 0.030500 0.034700 0.014900 0.026600 0.019000 0.015100 0.022900 0.011300 0.046300 0.034800 0.018900 0.034500 0.019000 0.022600 0.027000 0.042200 0.011300 0.023000 0.019000 0.026700 0.015100 0.026600 0.034600 0.011300 0.069000 0.015200 0.026200 0.030500 0.015000 0.018700 0.026400 0.037600 0.030900 0.026900 0.034500 0.030600 0.026000 0.034100 0.022400 0.011200 0.026400 0.030700 0.030600 0.026400
GazellaPrz 0.026400 0.114800 0.054600 0.143700 0.018800 0.011400 0.015000 0.000000 0.030500 0.034700 0.014900 0.026000 0.019000 0.015100 0.022900 0.011300 0.054200 0.042700 0.018500 0.034500 0.019000 0.022800 0.034800 0.050100 0.011200 0.023000 0.019000 0.026400 0.015100 0.026700 0.042500 0.011300 0.077000 0.015200 0.026000 0.030600 0.015000 0.018700 0.026400 0.045500 0.038800 0.026900 0.042300 0.038400 0.026600 0.034100 0.022400 0.011300 0.026300 0.038600 0.030600 0.026600
MountainNy 0.025900 0.131700 0.034500 0.147500 0.034300 0.019000 0.030500 0.030500 0.000000 0.050200 0.022300 0.018800 0.034200 0.029900 0.037600 0.026500 0.053800 0.050400 0.026000 0.011200 0.026500 0.030400 0.042500 0.053800 0.018900 0.038400 0.034200 0.003700 0.022200 0.003700 0.050100 0.026200 0.084900 0.030500 0.041800 0.022700 0.022700 0.034200 0.037800 0.053600 0.046500 0.042400 0.050000 0.046000 0.018800 0.045500 0.033600 0.026000 0.042100 0.054100 0.007500 0.003700
MuntiacusM 0.053800 0.110400 0.058800 0.104100 0.046400 0.038600 0.034700 0.034700 0.050200 0.000000 0.042500 0.046200 0.046200 0.042400 0.050500 0.038500 0.050100 0.038700 0.038300 0.046400 0.046200 0.050300 0.015100 0.038300 0.038500 0.042600 0.046200 0.046400 0.042300 0.046400 0.007600 0.038500 0.065200 0.042400 0.054000 0.042200 0.042300 0.046200 0.053800 0.034400 0.019100 0.054700 0.007500 0.026600 0.038300 0.061500 0.050000 0.030700 0.042500 0.042400 0.050200 0.046400
goat 0.018500 0.123500 0.054500 0.143600 0.018800 0.003800 0.014900 0.014900 0.022300 0.042500 0.000000 0.026300 0.018900 0.015000 0.022900 0.011200 0.054100 0.042700 0.011200 0.034500 0.019000 0.015000 0.034800 0.050000 0.003800 0.022900 0.018900 0.026700 0.014900 0.026300 0.042400 0.011300 0.073000 0.015200 0.025900 0.030500 0.007400 0.018900 0.026300 0.045900 0.038700 0.026900 0.042300 0.038300 0.026600 0.034000 0.022500 0.011200 0.026300 0.038500 0.030600 0.026700
AfricanBuf 0.037500 0.118500 0.046300 0.134200 0.030500 0.022800 0.026600 0.026000 0.018800 0.046200 0.026300 0.000000 0.030400 0.025900 0.034400 0.022500 0.057900 0.046500 0.029700 0.022700 0.030400 0.034200 0.038600 0.045900 0.022700 0.034500 0.030400 0.015100 0.018500 0.014900 0.046200 0.022300 0.076600 0.026600 0.029800 0.011300 0.018700 0.030100 0.033900 0.049600 0.042500 0.038500 0.046000 0.034300 0.007400 0.041700 0.030200 0.022400 0.038200 0.050200 0.011300 0.015100
Topi 0.030200 0.127200 0.058400 0.147200 0.022800 0.015100 0.019000 0.019000 0.034200 0.046200 0.018900 0.030400 0.000000 0.015100 0.026700 0.015100 0.049800 0.046400 0.022600 0.038300 0.022700 0.026600 0.038500 0.053700 0.015100 0.026700 0.000000 0.030500 0.018900 0.030500 0.046100 0.015100 0.072700 0.011100 0.030300 0.034200 0.018900 0.022700 0.030200 0.049700 0.042500 0.030600 0.046000 0.042000 0.030400 0.030000 0.026400 0.015100 0.030500 0.042200 0.034300 0.030500
CommonDuik 0.026300 0.123200 0.054400 0.143300 0.018600 0.011400 0.015100 0.015100 0.029900 0.042400 0.015000 0.025900 0.015100 0.000000 0.022800 0.011300 0.042200 0.042600 0.018700 0.034400 0.018900 0.022500 0.034700 0.050000 0.011200 0.022900 0.015100 0.026600 0.014800 0.026600 0.042400 0.011300 0.076800 0.015200 0.025800 0.030500 0.014900 0.018400 0.026400 0.046000 0.038700 0.026800 0.042200 0.038300 0.026600 0.030200 0.022100 0.011200 0.026600 0.038400 0.030500 0.026000
Suni 0.034100 0.123700 0.062700 0.152900 0.026800 0.019100 0.022900 0.022900 0.037600 0.050500 0.022900 0.034400 0.026700 0.022800 0.000000 0.019000 0.054200 0.050800 0.026200 0.042400 0.026700 0.022800 0.042800 0.050100 0.019000 0.030800 0.026700 0.034500 0.022800 0.034000 0.050500 0.018800 0.085100 0.022900 0.026200 0.038400 0.022500 0.026600 0.034200 0.053900 0.046800 0.034800 0.050300 0.046300 0.034400 0.034100 0.030400 0.018700 0.034500 0.046500 0.038400 0.034500
Springbuck 0.014900 0.119000 0.050400 0.130100 0.014900 0.007600 0.011300 0.011300 0.026500 0.038500 0.011200 0.022500 0.015100 0.011300 0.019000 0.000000 0.050100 0.038700 0.015000 0.030500 0.007500 0.018900 0.030800 0.046100 0.007500 0.019100 0.015100 0.022700 0.011200 0.022300 0.038500 0.007500 0.072800 0.011400 0.022400 0.026600 0.011300 0.015100 0.022300 0.042000 0.034800 0.023000 0.038300 0.034400 0.022400 0.030200 0.018800 0.007500 0.022800 0.034600 0.026700 0.022800
Okapi 0.057400 0.140500 0.070500 0.147000 0.058100 0.050200 0.046300 0.054200 0.053800 0.050100 0.054100 0.057900 0.049800 0.042200 0.054200 0.050100 0.000000 0.018600 0.057700 0.058000 0.049900 0.062000 0.042400 0.045900 0.050100 0.062200 0.049800 0.050000 0.046000 0.050000 0.050200 0.050100 0.076800 0.054100 0.065600 0.061800 0.053900 0.057900 0.065400 0.053800 0.046400 0.066400 0.049800 0.045600 0.057900 0.065100 0.061600 0.050100 0.062000 0.062000 0.053900 0.050000
Giraffe 0.054100 0.124000 0.067200 0.134900 0.038600 0.038700 0.034800 0.042700 0.050400 0.038700 0.042700 0.046500 0.046400 0.042600 0.050800 0.038700 0.018600 0.000000 0.046300 0.054700 0.046500 0.050500 0.031000 0.046400 0.038700 0.050800 0.046400 0.046600 0.042600 0.046600 0.038700 0.038700 0.065500 0.042700 0.054200 0.050400 0.042500 0.038500 0.054100 0.042400 0.034800 0.054900 0.038100 0.034600 0.046500 0.061800 0.050200 0.038700 0.050600 0.050600 0.050500 0.046600
TibetanAnt 0.022100 0.118300 0.050200 0.134000 0.022300 0.007500 0.018900 0.018500 0.026000 0.038300 0.011200 0.029700 0.022600 0.018700 0.026200 0.015000 0.057700 0.046300 0.000000 0.030100 0.022600 0.018800 0.030700 0.045800 0.007400 0.019000 0.022600 0.030300 0.018800 0.030200 0.038300 0.015000 0.080400 0.018900 0.029800 0.034200 0.011100 0.022500 0.030000 0.041700 0.034600 0.026700 0.038100 0.034200 0.030200 0.037600 0.026300 0.007500 0.015100 0.042200 0.034200 0.030300
Sitatunga 0.037900 0.127900 0.030700 0.143700 0.037700 0.030700 0.034500 0.034500 0.011200 0.046400 0.034500 0.022700 0.038300 0.034400 0.042400 0.030500 0.058000 0.054700 0.030100 0.000000 0.030500 0.042200 0.038700 0.050100 0.030500 0.034700 0.038300 0.007500 0.026600 0.007500 0.046400 0.030500 0.088900 0.034500 0.045900 0.026600 0.034100 0.037400 0.041900 0.049900 0.042700 0.046600 0.046200 0.042300 0.022200 0.049600 0.037500 0.022800 0.038400 0.058400 0.011300 0.007500
Oribi 0.014900 0.127300 0.050400 0.134100 0.022800 0.015100 0.019000 0.019000 0.026500 0.046200 0.019000 0.030400 0.022700 0.018900 0.026700 0.007500 0.049900 0.046500 0.022600 0.030500 0.000000 0.026600 0.038600 0.049900 0.015100 0.026700 0.022700 0.022800 0.011300 0.022800 0.046200 0.015100 0.080800 0.018900 0.030300 0.034200 0.018900 0.022700 0.030200 0.049800 0.042500 0.030700 0.046000 0.042100 0.030400 0.037700 0.026400 0.015100 0.030500 0.042200 0.026500 0.022800
BarbaryShe 0.025600 0.132000 0.062400 0.152200 0.026600 0.011400 0.022600 0.022800 0.030400 0.050300 0.015000 0.034200 0.026600 0.022500 0.022800 0.018900 0.062000 0.050500 0.018800 0.042200 0.026600 0.000000 0.042600 0.057900 0.011100 0.030600 0.026600 0.034100 0.022300 0.034000 0.050200 0.018900 0.084800 0.022800 0.025900 0.038200 0.014900 0.026500 0.034000 0.053700 0.046600 0.034600 0.050100 0.046100 0.033600 0.034000 0.029800 0.018900 0.034400 0.046300 0.038300 0.034300
Daviddeer 0.046200 0.111100 0.051000 0.113400 0.038800 0.030900 0.027000 0.034800 0.042500 0.015100 0.034800 0.038600 0.038500 0.034700 0.042800 0.030800 0.042400 0.031000 0.030700 0.038700 0.038600 0.042600 0.000000 0.030700 0.030800 0.027000 0.038500 0.038700 0.034700 0.038700 0.007600 0.030800 0.065500 0.034800 0.046300 0.034600 0.034700 0.038600 0.046200 0.026800 0.003800 0.038900 0.015000 0.018800 0.030700 0.053900 0.042400 0.023000 0.034800 0.034700 0.042500 0.038700
Reindeer 0.057400 0.126900 0.062400 0.124700 0.054000 0.046100 0.042200 0.050100 0.053800 0.038300 0.050000 0.045900 0.053700 0.050000 0.050100 0.046100 0.045900 0.046400 0.045800 0.050100 0.049900 0.057900 0.030700 0.000000 0.046000 0.050200 0.053700 0.050000 0.046000 0.050000 0.038300 0.046100 0.088800 0.050000 0.061500 0.041900 0.049800 0.053800 0.061300 0.026400 0.034600 0.062300 0.038100 0.011300 0.038000 0.069000 0.057500 0.038200 0.054000 0.058000 0.045900 0.050000
Ibex 0.014800 0.118900 0.050500 0.138900 0.014900 0.000000 0.011300 0.011200 0.018900 0.038500 0.003800 0.022700 0.015100 0.011200 0.019000 0.007500 0.050100 0.038700 0.007400 0.030500 0.015100 0.011100 0.030800 0.046000 0.000000 0.019000 0.015100 0.022500 0.011200 0.022500 0.038400 0.007500 0.072800 0.011400 0.022600 0.026600 0.003700 0.015100 0.022600 0.041900 0.034700 0.023000 0.038300 0.034400 0.022200 0.030100 0.018800 0.007500 0.022800 0.034500 0.026600 0.022800
GyrantGaze 0.034200 0.123800 0.054800 0.144000 0.026800 0.019100 0.023000 0.023000 0.038400 0.042600 0.022900 0.034500 0.026700 0.022900 0.030800 0.019100 0.062200 0.050800 0.019000 0.034700 0.026700 0.030600 0.027000 0.050200 0.019000 0.000000 0.026700 0.034600 0.022900 0.034600 0.034700 0.019100 0.077300 0.022900 0.034400 0.038400 0.022900 0.026700 0.034300 0.046200 0.030900 0.011300 0.042400 0.038400 0.034500 0.041900 0.030500 0.011400 0.026800 0.046500 0.038400 0.034600
Hartebeest 0.030200 0.127200 0.058400 0.147200 0.022800 0.015100 0.019000 0.019000 0.034200 0.046200 0.018900 0.030400 0.000000 0.015100 0.026700 0.015100 0.049800 0.046400 0.022600 0.038300 0.022700 0.026600 0.038500 0.053700 0.015100 0.026700 0.000000 0.030500 0.018900 0.030500 0.046100 0.015100 0.072700 0.011200 0.030300 0.034200 0.018900 0.022700 0.030200 0.049700 0.042500 0.030600 0.046000 0.042000 0.030400 0.030000 0.026400 0.015100 0.030500 0.042200 0.034300 0.030500
Bongo 0.030200 0.127800 0.030700 0.143500 0.030000 0.022900 0.026700 0.026400 0.003700 0.046400 0.026700 0.015100 0.030500 0.026600 0.034500 0.022700 0.050000 0.046600 0.030300 0.007500 0.022800 0.034100 0.038700 0.050000 0.022500 0.034600 0.030500 0.000000 0.018600 0.000000 0.046300 0.022800 0.080800 0.026700 0.038000 0.018900 0.026600 0.030400 0.034100 0.049100 0.042700 0.038600 0.046200 0.042200 0.014800 0.041800 0.029900 0.022600 0.038300 0.050300 0.003800 0.000000
Gerenuk 0.018700 0.123100 0.046300 0.134500 0.018800 0.011300 0.015100 0.015100 0.022200 0.042300 0.014900 0.018500 0.018900 0.014800 0.022800 0.011200 0.046000 0.042600 0.018800 0.026600 0.011300 0.022300 0.034700 0.046000 0.011200 0.022900 0.018900 0.018600 0.000000 0.018700 0.042300 0.011300 0.072700 0.015100 0.018800 0.030400 0.007400 0.018800 0.026300 0.045800 0.038600 0.026800 0.042100 0.038200 0.026500 0.033900 0.022200 0.011100 0.026200 0.038400 0.022700 0.018700
CommonElan 0.030200 0.127800 0.030700 0.143500 0.030600 0.022900 0.026600 0.026700 0.003700 0.046400 0.026300 0.014900 0.030500 0.026600 0.034000 0.022300 0.050000 0.046600 0.030200 0.007500 0.022800 0.034000 0.038700 0.050000 0.022500 0.034600 0.030500 0.000000 0.018700 0.000000 0.046300 0.022500 0.080800 0.026700 0.038000 0.018900 0.026200 0.030400 0.034100 0.048900 0.042700 0.038600 0.046200 0.042200 0.014900 0.041800 0.029900 0.022800 0.038300 0.050300 0.003800 0.000000
MuntiacusR 0.053700 0.110300 0.058700 0.104300 0.046400 0.038500 0.034600 0.042500 0.050100 0.007600 0.042400 0.046200 0.046100 0.042400 0.050500 0.038500 0.050200 0.038700 0.038300 0.046400 0.046200 0.050200 0.007600 0.038300 0.038400 0.034700 0.046100 0.046300 0.042300 0.046300 0.000000 0.038500 0.065100 0.042400 0.053900 0.042200 0.042300 0.046200 0.053800 0.034300 0.011500 0.046600 0.007500 0.026700 0.038300 0.061500 0.049900 0.030700 0.042400 0.042500 0.050200 0.046300
HarveysDui 0.022600 0.110200 0.050300 0.139000 0.014900 0.007600 0.011300 0.011300 0.026200 0.038500 0.011300 0.022300 0.015100 0.011300 0.018800 0.007500 0.050100 0.038700 0.015000 0.030500 0.015100 0.018900 0.030800 0.046100 0.007500 0.019100 0.015100 0.022800 0.011300 0.022500 0.038500 0.000000 0.072400 0.011400 0.022400 0.026600 0.011200 0.014900 0.022400 0.042000 0.034800 0.023000 0.038300 0.034400 0.022700 0.030200 0.018800 0.007500 0.022800 0.034600 0.026700 0.022600
Pronghorn 0.080100 0.134000 0.093500 0.136000 0.080900 0.073100 0.069000 0.077000 0.084900 0.065200 0.073000 0.076600 0.072700 0.076800 0.085100 0.072800 0.076800 0.065500 0.080400 0.088900 0.080800 0.084800 0.065500 0.088800 0.072800 0.077300 0.072700 0.080800 0.072700 0.080800 0.065100 0.072400 0.000000 0.069000 0.076400 0.084800 0.072700 0.080600 0.080100 0.084400 0.069500 0.081500 0.064900 0.076800 0.080600 0.096100 0.084300 0.072800 0.085000 0.085300 0.084900 0.080800
BlueWildeb 0.026400 0.123400 0.054600 0.143400 0.019000 0.011400 0.015200 0.015200 0.030500 0.042400 0.015200 0.026600 0.011100 0.015200 0.022900 0.011400 0.054100 0.042700 0.018900 0.034500 0.018900 0.022800 0.034800 0.050000 0.011400 0.022900 0.011200 0.026700 0.015100 0.026700 0.042400 0.011400 0.069000 0.000000 0.026500 0.030500 0.015100 0.018900 0.026500 0.046000 0.038700 0.026900 0.042200 0.038300 0.026600 0.034000 0.022700 0.011400 0.026700 0.038500 0.030500 0.026700
Gemsbok 0.037600 0.126800 0.066100 0.151400 0.030100 0.022700 0.026200 0.026000 0.041800 0.054000 0.025900 0.029800 0.030300 0.025800 0.026200 0.022400 0.065600 0.054200 0.029800 0.045900 0.030300 0.025900 0.046300 0.061500 0.022600 0.034400 0.030300 0.038000 0.018800 0.038000 0.053900 0.022400 0.076400 0.026500 0.000000 0.041900 0.018600 0.030200 0.037700 0.057300 0.050300 0.038300 0.053700 0.049800 0.037500 0.037600 0.030100 0.022600 0.037800 0.042100 0.042000 0.037900
Yak 0.041700 0.122700 0.050300 0.133900 0.034400 0.026700 0.030500 0.030600 0.022700 0.042200 0.030500 0.011300 0.034200 0.030500 0.038400 0.026600 0.061800 0.050400 0.034200 0.026600 0.034200 0.038200 0.034600 0.041900 0.026600 0.038400 0.034200 0.018900 0.030400 0.018900 0.042200 0.026600 0.084800 0.030500 0.041900 0.000000 0.030400 0.034300 0.037900 0.045800 0.038500 0.042400 0.042000 0.030300 0.003700 0.045500 0.034100 0.026600 0.042200 0.046100 0.015000 0.018900
BlueSheep 0.018500 0.122900 0.054300 0.138700 0.018600 0.003800 0.015000 0.015000 0.022700 0.042300 0.007400 0.018700 0.018900 0.014900 0.022500 0.011300 0.053900 0.042500 0.011100 0.034100 0.018900 0.014900 0.034700 0.049800 0.003700 0.022900 0.018900 0.026600 0.007400 0.026200 0.042300 0.011200 0.072700 0.015100 0.018600 0.030400 0.000000 0.018600 0.026100 0.045700 0.038600 0.026800 0.042100 0.038200 0.026500 0.033900 0.022600 0.011100 0.026400 0.038300 0.030400 0.026600
BohorReedb 0.030000 0.122700 0.058200 0.142600 0.007500 0.015100 0.018700 0.018700 0.034200 0.046200 0.018900 0.030100 0.022700 0.018400 0.026600 0.015100 0.057900 0.038500 0.022500 0.037400 0.022700 0.026500 0.038600 0.053800 0.015100 0.026700 0.022700 0.030400 0.018800 0.030400 0.046200 0.014900 0.080600 0.018900 0.030200 0.034300 0.018600 0.000000 0.030100 0.049600 0.042500 0.030700 0.046000 0.042100 0.030300 0.030100 0.026100 0.015100 0.022500 0.042300 0.034300 0.030400
KirksDik 0.037200 0.126600 0.061700 0.146500 0.026000 0.022700 0.026400 0.026400 0.037800 0.053800 0.026300 0.033900 0.030200 0.026400 0.034200 0.022300 0.065400 0.054100 0.030000 0.041900 0.030200 0.034000 0.046200 0.061300 0.022600 0.034300 0.030200 0.034100 0.026300 0.034100 0.053800 0.022400 0.080100 0.026500 0.037700 0.037900 0.026100 0.030100 0.000000 0.057200 0.050100 0.038200 0.053600 0.049600 0.033800 0.037500 0.018600 0.022100 0.037700 0.049800 0.038000 0.034100
RoeDeer 0.057100 0.131400 0.062100 0.129500 0.050100 0.042200 0.037600 0.045500 0.053600 0.034400 0.045900 0.049600 0.049700 0.046000 0.053900 0.042000 0.053800 0.042400 0.041700 0.049900 0.049800 0.053700 0.026800 0.026400 0.041900 0.046200 0.049700 0.049100 0.045800 0.048900 0.034300 0.042000 0.084400 0.046000 0.057300 0.045800 0.045700 0.049600 0.057200 0.000000 0.030600 0.058200 0.034200 0.015000 0.041800 0.065000 0.053400 0.034200 0.049800 0.054000 0.053800 0.049800
WhiteLippe 0.050100 0.115500 0.055000 0.117700 0.042700 0.034800 0.030900 0.038800 0.046500 0.019100 0.038700 0.042500 0.042500 0.038700 0.046800 0.034800 0.046400 0.034800 0.034600 0.042700 0.042500 0.046600 0.003800 0.034600 0.034700 0.030900 0.042500 0.042700 0.038600 0.042700 0.011500 0.034800 0.069500 0.038700 0.050300 0.038500 0.038600 0.042500 0.050100 0.030600 0.000000 0.042900 0.019000 0.022400 0.034600 0.057800 0.046300 0.026900 0.038700 0.038400 0.046500 0.042700
ThomsonGaz 0.038200 0.128600 0.067100 0.139500 0.030800 0.023000 0.026900 0.026900 0.042400 0.054700 0.026900 0.038500 0.030600 0.026800 0.034800 0.023000 0.066400 0.054900 0.026700 0.046600 0.030700 0.034600 0.038900 0.062300 0.023000 0.011300 0.030600 0.038600 0.026800 0.038600 0.046600 0.023000 0.081500 0.026900 0.038300 0.042400 0.026800 0.030700 0.038200 0.058200 0.042900 0.000000 0.054400 0.050400 0.038500 0.045900 0.034400 0.023000 0.034700 0.050600 0.042500 0.038600
MuntiacusC 0.053500 0.109900 0.058500 0.103600 0.046200 0.038400 0.034500 0.042300 0.050000 0.007500 0.042300 0.046000 0.046000 0.042200 0.050300 0.038300 0.049800 0.038100 0.038100 0.046200 0.046000 0.050100 0.015000 0.038100 0.038300 0.042400 0.046000 0.046200 0.042100 0.046200 0.007500 0.038300 0.064900 0.042200 0.053700 0.042000 0.042100 0.046000 0.053600 0.034200 0.019000 0.054400 0.000000 0.026500 0.038200 0.061200 0.049800 0.030500 0.042300 0.042200 0.050000 0.046200
WhiteTaile 0.049600 0.114100 0.054400 0.116300 0.042300 0.034400 0.030600 0.038400 0.046000 0.026600 0.038300 0.034300 0.042000 0.038300 0.046300 0.034400 0.045600 0.034600 0.034200 0.042300 0.042100 0.046100 0.018800 0.011300 0.034400 0.038400 0.042000 0.042200 0.038200 0.042200 0.026700 0.034400 0.076800 0.038300 0.049800 0.030300 0.038200 0.042100 0.049600 0.015000 0.022400 0.050400 0.026500 0.000000 0.026500 0.057200 0.045800 0.026600 0.042300 0.046100 0.038200 0.042200
Cattle 0.037200 0.118500 0.046300 0.129600 0.030500 0.022800 0.026000 0.026600 0.018800 0.038300 0.026600 0.007400 0.030400 0.026600 0.034400 0.022400 0.057900 0.046500 0.030200 0.022200 0.030400 0.033600 0.030700 0.038000 0.022200 0.034500 0.030400 0.014800 0.026500 0.014900 0.038300 0.022700 0.080600 0.026600 0.037500 0.003700 0.026500 0.030300 0.033800 0.041800 0.034600 0.038500 0.038200 0.026500 0.000000 0.041700 0.030200 0.022400 0.038200 0.042300 0.011300 0.014900
RoyalAntel 0.045200 0.143500 0.069800 0.163500 0.037900 0.030200 0.034100 0.034100 0.045500 0.061500 0.034000 0.041700 0.030000 0.030200 0.034100 0.030200 0.065100 0.061800 0.037600 0.049600 0.037700 0.034000 0.053900 0.069000 0.030100 0.041900 0.030000 0.041800 0.033900 0.041800 0.061500 0.030200 0.096100 0.034000 0.037600 0.045500 0.033900 0.030100 0.037500 0.065000 0.057800 0.045900 0.061200 0.057200 0.041700 0.000000 0.033800 0.030200 0.037900 0.057500 0.045600 0.041800
Steenbok 0.033800 0.131200 0.058000 0.151200 0.026500 0.018900 0.022400 0.022400 0.033600 0.050000 0.022500 0.030200 0.026400 0.022100 0.030400 0.018800 0.061600 0.050200 0.026300 0.037500 0.026400 0.029800 0.042400 0.057500 0.018800 0.030500 0.026400 0.029900 0.022200 0.029900 0.049900 0.018800 0.084300 0.022700 0.030100 0.034100 0.022600 0.026100 0.018600 0.053400 0.046300 0.034400 0.049800 0.045800 0.030200 0.033800 0.000000 0.018700 0.034200 0.042100 0.034200 0.030300
Impala 0.022500 0.110300 0.042800 0.130200 0.015100 0.007600 0.011200 0.011300 0.026000 0.030700 0.011200 0.022400 0.015100 0.011200 0.018700 0.007500 0.050100 0.038700 0.007500 0.022800 0.015100 0.018900 0.023000 0.038200 0.007500 0.011400 0.015100 0.022600 0.011100 0.022800 0.030700 0.007500 0.072800 0.011400 0.022600 0.026600 0.011100 0.015100 0.022100 0.034200 0.026900 0.023000 0.030500 0.026600 0.022400 0.030200 0.018700 0.000000 0.015000 0.034500 0.026600 0.022500
Klipspring 0.037900 0.123400 0.050000 0.139100 0.030100 0.022900 0.026400 0.026300 0.042100 0.042500 0.026300 0.038200 0.030500 0.026600 0.034500 0.022800 0.062000 0.050600 0.015100 0.038400 0.030500 0.034400 0.034800 0.054000 0.022800 0.026800 0.030500 0.038300 0.026200 0.038300 0.042400 0.022800 0.085000 0.026700 0.037800 0.042200 0.026400 0.022500 0.037700 0.049800 0.038700 0.034700 0.042300 0.042300 0.038200 0.037900 0.034200 0.015000 0.000000 0.046400 0.042200 0.038300
ForestMusk 0.049800 0.141400 0.079200 0.138300 0.042400 0.034600 0.030700 0.038600 0.054100 0.042400 0.038500 0.050200 0.042200 0.038400 0.046500 0.034600 0.062000 0.050600 0.042200 0.058400 0.042200 0.046300 0.034700 0.058000 0.034500 0.046500 0.042200 0.050300 0.038400 0.050300 0.042500 0.034600 0.085300 0.038500 0.042100 0.046100 0.038300 0.042300 0.049800 0.054000 0.038400 0.050600 0.042200 0.046100 0.042300 0.057500 0.042100 0.034500 0.046400 0.000000 0.054200 0.050300
Bushbuck 0.034000 0.122900 0.034600 0.138600 0.034500 0.026700 0.030600 0.030600 0.007500 0.050200 0.030600 0.011300 0.034300 0.030500 0.038400 0.026700 0.053900 0.050500 0.034200 0.011300 0.026500 0.038300 0.042500 0.045900 0.026600 0.038400 0.034300 0.003800 0.022700 0.003800 0.050200 0.026700 0.084900 0.030500 0.042000 0.015000 0.030400 0.034300 0.038000 0.053800 0.046500 0.042500 0.050000 0.038200 0.011300 0.045600 0.034200 0.026600 0.042200 0.054200 0.000000 0.003800
GreaterKud 0.030200 0.127800 0.030700 0.143500 0.030600 0.022900 0.026400 0.026600 0.003700 0.046400 0.026700 0.015100 0.030500 0.026000 0.034500 0.022800 0.050000 0.046600 0.030300 0.007500 0.022800 0.034300 0.038700 0.050000 0.022800 0.034600 0.030500 0.000000 0.018700 0.000000 0.046300 0.022600 0.080800 0.026700 0.037900 0.018900 0.026600 0.030400 0.034100 0.049800 0.042700 0.038600 0.046200 0.042200 0.014900 0.041800 0.030300 0.022500 0.038300 0.050300 0.003800 0.000000
