CODONML (in paml version 4.10.7, June 2023)  /home/rachel/ruminants_paml/6406-phy-tree/ENSBTAT00000000504.fasta.phy
Model: free dN/dS Ratios for branches,  kappa = 2.000 fixed

Codon frequency model: F3x4
ns =  54  ls =  67

Codon usage in sequences
--------------------------------------------------------------------------------------------------------------------------------------
Phe TTT   0   1   1   1   1   1 | Ser TCT   0   0   0   0   1   1 | Tyr TAT   2   2   2   1   1   1 | Cys TGT   0   0   0   0   0   0
    TTC   2   1   1   1   1   1 |     TCC   1   1   1   1   1   1 |     TAC   3   3   3   4   4   4 |     TGC   0   0   0   0   0   0
Leu TTA   1   1   1   1   1   0 |     TCA   2   2   2   2   2   1 | *** TAA   0   0   0   0   0   0 | *** TGA   0   0   0   0   0   0
    TTG   0   0   0   0   0   1 |     TCG   0   0   0   0   0   0 |     TAG   0   0   0   0   0   0 | Trp TGG   0   0   0   0   0   0
--------------------------------------------------------------------------------------------------------------------------------------
Leu CTT   1   1   1   1   1   1 | Pro CCT   1   1   1   1   2   1 | His CAT   1   0   1   1   0   1 | Arg CGT   0   0   0   0   0   0
    CTC   1   1   1   1   1   1 |     CCC   1   1   1   1   0   1 |     CAC   0   1   0   0   1   0 |     CGC   0   0   0   0   0   0
    CTA   0   0   0   0   0   0 |     CCA   0   0   0   0   0   0 | Gln CAA   0   0   0   0   0   0 |     CGA   1   1   1   1   1   1
    CTG   1   1   1   1   1   1 |     CCG   0   0   0   0   0   0 |     CAG   0   0   0   0   0   0 |     CGG   0   0   0   0   0   0
--------------------------------------------------------------------------------------------------------------------------------------
Ile ATT   2   2   2   2   2   2 | Thr ACT   0   0   0   0   0   0 | Asn AAT   2   2   2   2   2   1 | Ser AGT   0   0   0   0   0   0
    ATC   1   1   1   1   1   0 |     ACC   0   0   0   0   0   0 |     AAC   2   2   2   2   2   3 |     AGC   0   0   0   0   0   0
    ATA   1   1   1   1   1   1 |     ACA   1   1   1   1   0   2 | Lys AAA   4   4   4   4   4   4 | Arg AGA   1   2   1   1   1   1
Met ATG   4   4   4   4   4   4 |     ACG   0   0   0   0   1   0 |     AAG   2   2   2   2   2   2 |     AGG   1   0   1   1   1   1
--------------------------------------------------------------------------------------------------------------------------------------
Val GTT   1   1   1   1   1   1 | Ala GCT   0   0   0   0   0   0 | Asp GAT   6   6   6   6   6   6 | Gly GGT   0   0   0   0   1   0
    GTC   1   1   1   1   1   1 |     GCC   1   1   1   1   1   2 |     GAC   1   1   1   1   1   1 |     GGC   6   6   6   6   5   6
    GTA   1   1   1   1   1   1 |     GCA   1   1   1   2   0   0 | Glu GAA   5   5   5   5   4   5 |     GGA   0   0   0   0   0   0
    GTG   1   1   1   1   1   1 |     GCG   1   1   1   0   1   1 |     GAG   1   1   1   1   2   1 |     GGG   2   2   2   2   2   2
--------------------------------------------------------------------------------------------------------------------------------------

--------------------------------------------------------------------------------------------------------------------------------------
Phe TTT   1   0   1   1   1   1 | Ser TCT   0   0   0   0   0   0 | Tyr TAT   1   2   2   2   2   2 | Cys TGT   0   0   0   0   0   0
    TTC   1   2   1   1   1   1 |     TCC   1   1   1   1   1   1 |     TAC   4   3   3   3   3   3 |     TGC   0   0   0   0   0   0
Leu TTA   1   1   1   1   1   1 |     TCA   2   2   2   1   2   2 | *** TAA   0   0   0   0   0   0 | *** TGA   0   0   0   0   0   0
    TTG   0   0   0   0   0   0 |     TCG   0   0   0   1   0   0 |     TAG   0   0   0   0   0   0 | Trp TGG   0   0   0   0   0   0
--------------------------------------------------------------------------------------------------------------------------------------
Leu CTT   1   1   1   1   1   1 | Pro CCT   1   1   1   1   1   1 | His CAT   1   1   1   1   1   1 | Arg CGT   0   0   0   0   0   0
    CTC   1   1   1   1   1   1 |     CCC   1   1   1   1   1   1 |     CAC   0   0   0   0   0   0 |     CGC   0   0   0   0   0   0
    CTA   0   0   0   0   0   0 |     CCA   0   0   0   0   0   0 | Gln CAA   0   0   0   0   0   0 |     CGA   1   1   1   1   1   1
    CTG   1   1   1   1   1   1 |     CCG   0   0   0   0   0   0 |     CAG   0   0   0   0   0   0 |     CGG   0   0   0   0   0   0
--------------------------------------------------------------------------------------------------------------------------------------
Ile ATT   2   2   2   2   2   2 | Thr ACT   0   0   0   0   0   0 | Asn AAT   2   2   2   2   2   2 | Ser AGT   0   0   0   0   0   0
    ATC   1   1   1   1   1   1 |     ACC   0   0   0   0   0   0 |     AAC   2   2   2   2   2   2 |     AGC   0   0   0   0   0   0
    ATA   1   1   1   1   1   1 |     ACA   1   1   1   1   1   1 | Lys AAA   4   4   4   4   4   5 | Arg AGA   1   1   1   1   1   1
Met ATG   4   4   4   4   4   4 |     ACG   0   0   0   0   0   0 |     AAG   2   2   2   2   2   1 |     AGG   1   1   1   1   1   1
--------------------------------------------------------------------------------------------------------------------------------------
Val GTT   1   1   1   1   1   1 | Ala GCT   0   0   0   0   0   0 | Asp GAT   6   6   6   6   6   6 | Gly GGT   0   0   0   0   0   0
    GTC   1   1   1   1   1   1 |     GCC   1   1   1   1   1   1 |     GAC   1   1   1   1   1   1 |     GGC   6   6   6   6   5   6
    GTA   1   1   1   1   1   1 |     GCA   1   1   1   1   1   1 | Glu GAA   5   5   5   5   5   5 |     GGA   0   0   0   0   0   0
    GTG   1   1   1   1   1   1 |     GCG   1   1   1   1   1   1 |     GAG   1   1   1   1   1   1 |     GGG   2   2   2   2   3   2
--------------------------------------------------------------------------------------------------------------------------------------

--------------------------------------------------------------------------------------------------------------------------------------
Phe TTT   0   1   1   1   1   1 | Ser TCT   0   0   0   0   0   0 | Tyr TAT   2   2   2   2   2   2 | Cys TGT   0   0   0   0   0   0
    TTC   2   1   1   1   1   1 |     TCC   1   0   1   1   1   1 |     TAC   3   3   3   3   3   3 |     TGC   0   0   0   0   0   0
Leu TTA   1   1   1   1   1   1 |     TCA   2   3   2   2   2   1 | *** TAA   0   0   0   0   0   0 | *** TGA   0   0   0   0   0   0
    TTG   0   0   0   0   0   0 |     TCG   0   1   0   0   0   1 |     TAG   0   0   0   0   0   0 | Trp TGG   0   0   0   0   0   0
--------------------------------------------------------------------------------------------------------------------------------------
Leu CTT   1   1   1   1   1   1 | Pro CCT   1   1   1   1   1   1 | His CAT   1   1   1   1   1   1 | Arg CGT   0   0   0   0   0   0
    CTC   1   1   1   1   1   1 |     CCC   1   1   1   1   1   1 |     CAC   0   0   0   0   0   0 |     CGC   0   0   0   0   0   0
    CTA   0   0   0   0   0   0 |     CCA   0   0   0   0   0   0 | Gln CAA   0   0   0   0   0   0 |     CGA   1   1   1   1   1   1
    CTG   1   1   1   1   1   1 |     CCG   0   0   0   0   0   0 |     CAG   0   0   0   0   0   0 |     CGG   0   0   0   0   0   0
--------------------------------------------------------------------------------------------------------------------------------------
Ile ATT   2   2   2   2   2   2 | Thr ACT   0   0   0   0   0   0 | Asn AAT   2   2   2   2   2   2 | Ser AGT   0   0   0   0   0   0
    ATC   1   1   1   1   1   1 |     ACC   0   0   0   0   0   0 |     AAC   2   2   2   2   2   2 |     AGC   0   0   0   0   0   0
    ATA   1   1   1   1   1   1 |     ACA   1   1   1   1   1   1 | Lys AAA   4   4   4   4   4   4 | Arg AGA   1   1   1   1   1   1
Met ATG   4   4   4   4   4   4 |     ACG   0   0   0   0   0   0 |     AAG   2   2   2   2   2   2 |     AGG   1   1   1   1   1   1
--------------------------------------------------------------------------------------------------------------------------------------
Val GTT   1   1   1   1   1   1 | Ala GCT   0   0   0   0   0   0 | Asp GAT   6   6   6   6   6   6 | Gly GGT   0   0   0   0   0   0
    GTC   1   1   1   1   1   1 |     GCC   1   1   1   1   1   1 |     GAC   1   0   1   1   1   1 |     GGC   6   7   4   6   5   5
    GTA   1   1   1   1   1   1 |     GCA   1   0   1   1   1   1 | Glu GAA   5   5   5   5   5   5 |     GGA   0   0   1   0   1   1
    GTG   1   1   1   1   1   1 |     GCG   1   1   1   1   1   1 |     GAG   1   1   1   1   1   1 |     GGG   2   2   3   2   2   2
--------------------------------------------------------------------------------------------------------------------------------------

--------------------------------------------------------------------------------------------------------------------------------------
Phe TTT   1   1   0   1   1   0 | Ser TCT   0   0   0   0   0   0 | Tyr TAT   2   2   2   2   2   2 | Cys TGT   0   0   0   0   0   0
    TTC   1   1   2   1   1   2 |     TCC   1   1   1   1   1   1 |     TAC   3   3   3   3   3   3 |     TGC   0   0   0   0   0   0
Leu TTA   1   1   1   1   1   1 |     TCA   2   2   2   2   1   2 | *** TAA   0   0   0   0   0   0 | *** TGA   0   0   0   0   0   0
    TTG   0   0   0   0   0   0 |     TCG   0   0   0   0   1   0 |     TAG   0   0   0   0   0   0 | Trp TGG   0   0   0   0   0   0
--------------------------------------------------------------------------------------------------------------------------------------
Leu CTT   1   1   1   1   1   1 | Pro CCT   1   1   1   1   1   1 | His CAT   1   1   1   1   1   1 | Arg CGT   0   0   0   0   0   0
    CTC   1   1   1   1   1   1 |     CCC   1   1   1   1   1   1 |     CAC   0   0   0   0   0   0 |     CGC   0   0   0   0   0   0
    CTA   0   0   0   0   0   0 |     CCA   0   0   0   0   0   0 | Gln CAA   0   0   0   0   0   0 |     CGA   1   1   1   1   1   1
    CTG   1   1   1   1   1   1 |     CCG   0   0   0   0   0   0 |     CAG   0   0   0   0   0   0 |     CGG   0   0   0   0   0   0
--------------------------------------------------------------------------------------------------------------------------------------
Ile ATT   2   2   3   2   2   2 | Thr ACT   0   0   0   0   0   0 | Asn AAT   2   2   2   2   2   2 | Ser AGT   0   0   0   0   0   0
    ATC   1   1   0   1   1   1 |     ACC   0   0   0   0   0   0 |     AAC   2   2   2   2   2   2 |     AGC   0   0   0   0   0   0
    ATA   1   1   1   1   1   1 |     ACA   1   1   1   1   1   1 | Lys AAA   4   4   4   4   4   4 | Arg AGA   1   1   1   1   1   1
Met ATG   4   4   4   4   4   4 |     ACG   0   0   0   0   0   0 |     AAG   2   2   2   2   2   2 |     AGG   1   1   1   1   1   1
--------------------------------------------------------------------------------------------------------------------------------------
Val GTT   1   1   1   1   1   1 | Ala GCT   0   0   0   0   0   0 | Asp GAT   6   6   6   6   6   6 | Gly GGT   0   0   0   0   0   0
    GTC   1   1   1   1   1   1 |     GCC   1   1   1   1   1   1 |     GAC   1   1   1   1   1   1 |     GGC   6   6   6   6   6   6
    GTA   1   1   1   1   1   1 |     GCA   2   1   1   1   1   1 | Glu GAA   5   5   5   5   5   5 |     GGA   0   0   0   0   0   0
    GTG   1   1   1   1   1   1 |     GCG   0   1   1   1   1   1 |     GAG   1   1   2   1   1   1 |     GGG   2   2   1   2   2   2
--------------------------------------------------------------------------------------------------------------------------------------

--------------------------------------------------------------------------------------------------------------------------------------
Phe TTT   1   1   0   1   1   1 | Ser TCT   0   0   0   0   0   0 | Tyr TAT   2   2   2   2   2   2 | Cys TGT   0   0   0   0   0   0
    TTC   1   1   2   1   1   1 |     TCC   1   1   1   1   1   1 |     TAC   3   3   3   3   3   3 |     TGC   0   0   0   0   0   0
Leu TTA   1   1   1   1   1   1 |     TCA   1   2   2   1   2   2 | *** TAA   0   0   0   0   0   0 | *** TGA   0   0   0   0   0   0
    TTG   0   0   0   0   0   0 |     TCG   1   0   0   1   0   0 |     TAG   0   0   0   0   0   0 | Trp TGG   0   0   0   0   0   0
--------------------------------------------------------------------------------------------------------------------------------------
Leu CTT   1   1   1   1   1   1 | Pro CCT   1   1   1   1   1   1 | His CAT   1   1   1   1   1   1 | Arg CGT   0   0   0   0   0   0
    CTC   1   1   1   1   1   1 |     CCC   1   1   1   1   1   1 |     CAC   0   0   0   0   0   0 |     CGC   0   0   0   0   0   0
    CTA   0   0   0   0   0   0 |     CCA   0   0   0   0   0   0 | Gln CAA   0   0   0   0   0   0 |     CGA   1   1   1   1   1   1
    CTG   1   1   1   1   1   1 |     CCG   0   0   0   0   0   0 |     CAG   0   0   0   0   0   0 |     CGG   0   0   0   0   0   0
--------------------------------------------------------------------------------------------------------------------------------------
Ile ATT   2   2   2   2   2   2 | Thr ACT   0   0   0   0   0   0 | Asn AAT   2   1   2   1   2   2 | Ser AGT   0   0   0   0   0   0
    ATC   1   1   1   1   1   1 |     ACC   0   0   0   0   0   0 |     AAC   2   3   2   3   2   2 |     AGC   0   0   0   0   0   0
    ATA   1   1   1   1   1   1 |     ACA   1   1   1   1   1   1 | Lys AAA   5   5   4   4   4   4 | Arg AGA   1   1   1   1   1   1
Met ATG   4   4   4   4   4   4 |     ACG   0   0   0   0   0   0 |     AAG   1   1   2   2   2   2 |     AGG   1   1   1   1   1   1
--------------------------------------------------------------------------------------------------------------------------------------
Val GTT   1   1   1   1   1   1 | Ala GCT   0   0   0   0   0   0 | Asp GAT   6   6   6   6   6   6 | Gly GGT   0   0   0   0   0   0
    GTC   1   1   1   1   1   1 |     GCC   1   1   1   1   1   1 |     GAC   1   1   1   1   1   1 |     GGC   6   6   6   6   4   6
    GTA   1   1   1   1   1   1 |     GCA   1   1   1   1   1   1 | Glu GAA   5   5   5   5   5   5 |     GGA   0   0   0   0   1   0
    GTG   1   1   1   1   1   1 |     GCG   1   1   1   1   1   1 |     GAG   1   1   1   1   1   1 |     GGG   2   2   2   2   3   2
--------------------------------------------------------------------------------------------------------------------------------------

--------------------------------------------------------------------------------------------------------------------------------------
Phe TTT   1   1   1   1   1   1 | Ser TCT   0   0   0   0   0   0 | Tyr TAT   2   2   2   2   2   2 | Cys TGT   0   0   0   0   0   0
    TTC   1   1   1   1   1   1 |     TCC   1   1   1   1   1   1 |     TAC   3   3   3   3   3   3 |     TGC   0   0   0   0   0   0
Leu TTA   1   1   1   1   1   1 |     TCA   2   2   2   2   2   2 | *** TAA   0   0   0   0   0   0 | *** TGA   0   0   0   0   0   0
    TTG   0   0   0   0   1   0 |     TCG   0   0   0   0   0   0 |     TAG   0   0   0   0   0   0 | Trp TGG   0   0   0   0   0   0
--------------------------------------------------------------------------------------------------------------------------------------
Leu CTT   1   1   1   1   1   1 | Pro CCT   1   1   1   1   1   1 | His CAT   1   1   1   1   1   0 | Arg CGT   0   0   0   0   0   1
    CTC   1   1   1   1   1   1 |     CCC   1   1   1   1   1   1 |     CAC   0   0   0   0   0   0 |     CGC   0   0   0   0   0   0
    CTA   0   0   0   0   0   0 |     CCA   0   0   0   0   0   0 | Gln CAA   0   0   0   0   0   0 |     CGA   1   1   1   1   1   1
    CTG   1   1   1   1   0   1 |     CCG   0   0   0   0   0   0 |     CAG   0   0   0   0   0   0 |     CGG   0   0   0   0   0   0
--------------------------------------------------------------------------------------------------------------------------------------
Ile ATT   2   2   2   2   2   2 | Thr ACT   0   0   0   0   0   0 | Asn AAT   2   2   2   2   2   2 | Ser AGT   0   0   0   0   0   0
    ATC   1   1   1   1   1   1 |     ACC   0   0   0   0   0   0 |     AAC   2   2   2   2   2   2 |     AGC   0   0   0   0   0   0
    ATA   1   1   1   1   1   1 |     ACA   1   1   1   1   1   1 | Lys AAA   4   4   5   4   4   4 | Arg AGA   1   1   1   1   1   1
Met ATG   4   4   4   4   4   4 |     ACG   0   0   0   0   0   0 |     AAG   2   2   1   2   2   2 |     AGG   1   1   1   1   1   1
--------------------------------------------------------------------------------------------------------------------------------------
Val GTT   1   1   1   1   1   1 | Ala GCT   0   0   0   0   0   0 | Asp GAT   5   6   6   6   6   6 | Gly GGT   0   0   0   1   0   0
    GTC   1   1   1   1   1   1 |     GCC   1   1   1   1   1   1 |     GAC   2   1   1   1   1   1 |     GGC   5   6   6   5   6   4
    GTA   1   1   1   1   1   1 |     GCA   1   1   1   1   1   1 | Glu GAA   5   5   5   5   5   5 |     GGA   1   0   0   0   0   1
    GTG   1   1   1   1   1   1 |     GCG   1   1   1   1   1   1 |     GAG   2   1   1   1   1   1 |     GGG   1   2   2   2   2   3
--------------------------------------------------------------------------------------------------------------------------------------

--------------------------------------------------------------------------------------------------------------------------------------
Phe TTT   1   1   0   1   1   1 | Ser TCT   0   0   0   0   0   0 | Tyr TAT   2   2   2   2   2   3 | Cys TGT   0   0   0   0   0   0
    TTC   1   1   2   1   1   1 |     TCC   1   1   1   1   1   1 |     TAC   3   3   3   3   3   2 |     TGC   0   0   0   0   0   0
Leu TTA   1   1   1   1   1   1 |     TCA   2   3   2   2   2   2 | *** TAA   0   0   0   0   0   0 | *** TGA   0   0   0   0   0   0
    TTG   0   0   0   0   0   0 |     TCG   0   0   0   0   0   0 |     TAG   0   0   0   0   0   0 | Trp TGG   0   0   0   0   0   0
--------------------------------------------------------------------------------------------------------------------------------------
Leu CTT   1   1   1   1   1   1 | Pro CCT   1   1   1   1   1   1 | His CAT   1   1   1   1   1   1 | Arg CGT   0   0   0   0   0   0
    CTC   1   1   1   1   1   1 |     CCC   1   1   1   1   1   1 |     CAC   0   0   0   0   0   0 |     CGC   0   0   0   0   0   0
    CTA   0   0   0   0   0   0 |     CCA   0   0   0   0   0   0 | Gln CAA   0   0   0   0   0   0 |     CGA   1   1   1   1   1   1
    CTG   1   1   1   1   1   1 |     CCG   0   0   0   0   0   0 |     CAG   0   0   0   0   0   0 |     CGG   0   0   0   0   0   0
--------------------------------------------------------------------------------------------------------------------------------------
Ile ATT   2   2   2   2   2   2 | Thr ACT   0   0   0   0   0   0 | Asn AAT   2   2   2   2   2   2 | Ser AGT   0   0   0   0   0   0
    ATC   1   1   1   1   1   1 |     ACC   0   0   0   0   0   0 |     AAC   2   2   2   2   2   2 |     AGC   0   0   0   0   0   0
    ATA   1   1   1   1   1   1 |     ACA   1   1   1   1   1   1 | Lys AAA   4   4   4   4   4   5 | Arg AGA   1   1   1   1   1   1
Met ATG   4   4   4   4   4   4 |     ACG   0   0   0   0   0   0 |     AAG   2   2   2   2   2   1 |     AGG   1   1   1   1   1   1
--------------------------------------------------------------------------------------------------------------------------------------
Val GTT   1   1   1   1   2   1 | Ala GCT   0   0   0   0   0   0 | Asp GAT   6   6   6   6   6   6 | Gly GGT   0   0   0   0   0   0
    GTC   1   1   1   1   0   1 |     GCC   1   1   1   1   1   1 |     GAC   1   1   1   1   1   1 |     GGC   4   6   6   6   6   6
    GTA   1   1   1   1   1   1 |     GCA   1   0   1   1   1   1 | Glu GAA   5   5   5   5   5   5 |     GGA   1   1   0   0   0   0
    GTG   2   1   1   1   1   1 |     GCG   0   1   1   1   1   1 |     GAG   1   1   1   1   1   1 |     GGG   3   1   2   2   2   2
--------------------------------------------------------------------------------------------------------------------------------------

--------------------------------------------------------------------------------------------------------------------------------------
Phe TTT   1   1   1   1   1   1 | Ser TCT   0   0   0   0   0   0 | Tyr TAT   2   2   2   2   2   2 | Cys TGT   0   0   0   0   0   0
    TTC   1   1   1   1   1   1 |     TCC   1   1   1   1   1   1 |     TAC   3   3   3   3   3   3 |     TGC   0   0   0   0   0   0
Leu TTA   1   1   1   1   1   1 |     TCA   1   1   2   2   3   2 | *** TAA   0   0   0   0   0   0 | *** TGA   0   0   0   0   0   0
    TTG   0   0   0   0   0   0 |     TCG   1   1   0   0   0   0 |     TAG   0   0   0   0   0   0 | Trp TGG   0   0   0   0   0   0
--------------------------------------------------------------------------------------------------------------------------------------
Leu CTT   1   1   1   1   1   1 | Pro CCT   1   1   1   1   1   1 | His CAT   1   1   1   1   1   1 | Arg CGT   0   0   0   0   0   0
    CTC   1   1   1   1   1   1 |     CCC   1   1   1   1   1   1 |     CAC   0   0   0   0   0   0 |     CGC   0   0   0   0   0   0
    CTA   0   0   0   0   0   0 |     CCA   0   0   0   0   0   0 | Gln CAA   0   0   0   0   0   0 |     CGA   1   1   1   1   1   1
    CTG   1   1   1   1   1   1 |     CCG   0   0   0   0   0   0 |     CAG   0   0   0   0   0   0 |     CGG   0   0   0   0   0   0
--------------------------------------------------------------------------------------------------------------------------------------
Ile ATT   2   2   2   2   2   2 | Thr ACT   0   0   0   0   0   0 | Asn AAT   2   1   2   1   2   2 | Ser AGT   0   0   0   0   0   0
    ATC   1   1   1   1   1   1 |     ACC   0   0   0   0   0   0 |     AAC   2   3   2   3   2   2 |     AGC   0   0   0   0   0   0
    ATA   1   1   1   1   1   1 |     ACA   1   1   1   1   1   1 | Lys AAA   5   4   5   5   4   4 | Arg AGA   1   1   1   1   1   1
Met ATG   4   4   4   4   4   4 |     ACG   0   0   0   0   0   0 |     AAG   1   2   1   1   2   2 |     AGG   1   1   1   1   1   1
--------------------------------------------------------------------------------------------------------------------------------------
Val GTT   1   1   1   1   1   1 | Ala GCT   0   0   0   0   0   0 | Asp GAT   6   6   6   6   6   6 | Gly GGT   0   0   0   0   0   0
    GTC   1   1   1   1   1   1 |     GCC   1   1   1   1   1   1 |     GAC   1   1   1   1   1   1 |     GGC   6   6   6   6   6   6
    GTA   1   1   1   1   1   1 |     GCA   2   1   1   1   0   1 | Glu GAA   5   5   5   5   5   5 |     GGA   0   0   0   0   0   0
    GTG   1   1   1   2   1   1 |     GCG   0   1   1   0   1   1 |     GAG   1   1   1   1   1   1 |     GGG   2   2   2   2   2   2
--------------------------------------------------------------------------------------------------------------------------------------

--------------------------------------------------------------------------------------------------------------------------------------
Phe TTT   1   1   1   1   1   1 | Ser TCT   0   0   0   0   0   0 | Tyr TAT   2   2   2   1   2   2 | Cys TGT   0   0   0   0   0   0
    TTC   1   1   1   1   1   1 |     TCC   1   1   1   1   1   1 |     TAC   3   3   3   4   3   3 |     TGC   0   0   0   0   0   0
Leu TTA   1   1   1   1   1   1 |     TCA   2   2   2   2   2   2 | *** TAA   0   0   0   0   0   0 | *** TGA   0   0   0   0   0   0
    TTG   0   0   0   0   0   0 |     TCG   0   0   0   0   0   0 |     TAG   0   0   0   0   0   0 | Trp TGG   0   0   0   0   0   0
--------------------------------------------------------------------------------------------------------------------------------------
Leu CTT   1   1   1   1   1   1 | Pro CCT   1   1   1   1   1   1 | His CAT   1   1   1   1   1   1 | Arg CGT   0   0   0   0   0   0
    CTC   1   1   1   1   1   1 |     CCC   1   1   1   1   1   1 |     CAC   0   0   0   0   0   0 |     CGC   0   0   0   0   0   0
    CTA   0   0   0   0   0   0 |     CCA   0   0   0   0   0   0 | Gln CAA   0   0   0   0   0   0 |     CGA   1   1   1   1   1   1
    CTG   1   1   1   1   1   1 |     CCG   0   0   0   0   0   0 |     CAG   0   0   0   0   0   0 |     CGG   0   0   0   0   0   0
--------------------------------------------------------------------------------------------------------------------------------------
Ile ATT   2   2   2   2   2   2 | Thr ACT   0   0   0   0   0   0 | Asn AAT   2   2   2   2   2   2 | Ser AGT   0   0   0   0   0   0
    ATC   1   1   1   1   1   1 |     ACC   0   0   0   0   0   0 |     AAC   2   2   2   2   2   2 |     AGC   0   0   0   0   0   0
    ATA   1   1   1   1   1   1 |     ACA   1   1   1   1   1   1 | Lys AAA   4   4   4   4   4   4 | Arg AGA   2   1   1   1   1   1
Met ATG   4   4   4   4   4   4 |     ACG   0   0   0   0   0   0 |     AAG   2   2   2   2   2   2 |     AGG   0   1   1   1   1   1
--------------------------------------------------------------------------------------------------------------------------------------
Val GTT   1   1   1   1   1   1 | Ala GCT   0   0   0   0   0   0 | Asp GAT   6   6   6   6   5   6 | Gly GGT   0   0   0   0   0   0
    GTC   1   1   1   1   1   1 |     GCC   1   1   1   1   1   1 |     GAC   1   1   1   1   2   1 |     GGC   6   6   6   6   6   6
    GTA   1   1   1   1   1   1 |     GCA   1   1   1   2   1   1 | Glu GAA   5   5   5   5   5   5 |     GGA   0   0   0   0   0   0
    GTG   1   1   1   1   1   1 |     GCG   1   1   1   0   1   1 |     GAG   1   1   1   1   1   1 |     GGG   2   2   2   2   2   2
--------------------------------------------------------------------------------------------------------------------------------------

Codon position x base (3x4) table for each sequence.

#1: Argali         
position  1:    T:0.16418    C:0.10448    A:0.31343    G:0.41791
position  2:    T:0.26866    C:0.13433    A:0.43284    G:0.16418
position  3:    T:0.23881    C:0.29851    A:0.26866    G:0.19403
Average         T:0.22388    C:0.17910    A:0.33831    G:0.25871

#2: LesserMouseDeer
position  1:    T:0.16418    C:0.10448    A:0.31343    G:0.41791
position  2:    T:0.26866    C:0.13433    A:0.43284    G:0.16418
position  3:    T:0.23881    C:0.29851    A:0.28358    G:0.17910
Average         T:0.22388    C:0.17910    A:0.34328    G:0.25373

#3: LesserKudu     
position  1:    T:0.16418    C:0.10448    A:0.31343    G:0.41791
position  2:    T:0.26866    C:0.13433    A:0.43284    G:0.16418
position  3:    T:0.25373    C:0.28358    A:0.26866    G:0.19403
Average         T:0.22886    C:0.17413    A:0.33831    G:0.25871

#4: ForestMuskDeer2
position  1:    T:0.16418    C:0.10448    A:0.31343    G:0.41791
position  2:    T:0.26866    C:0.13433    A:0.43284    G:0.16418
position  3:    T:0.23881    C:0.29851    A:0.28358    G:0.17910
Average         T:0.22388    C:0.17910    A:0.34328    G:0.25373

#5: Camel          
position  1:    T:0.17910    C:0.10448    A:0.31343    G:0.40299
position  2:    T:0.26866    C:0.13433    A:0.43284    G:0.16418
position  3:    T:0.26866    C:0.28358    A:0.22388    G:0.22388
Average         T:0.23881    C:0.17413    A:0.32338    G:0.26368

#6: KillerWhale    
position  1:    T:0.16418    C:0.10448    A:0.31343    G:0.41791
position  2:    T:0.25373    C:0.14925    A:0.43284    G:0.16418
position  3:    T:0.23881    C:0.31343    A:0.23881    G:0.20896
Average         T:0.21891    C:0.18905    A:0.32836    G:0.26368

#7: DefassaWaterbuck
position  1:    T:0.16418    C:0.10448    A:0.31343    G:0.41791
position  2:    T:0.26866    C:0.13433    A:0.43284    G:0.16418
position  3:    T:0.23881    C:0.29851    A:0.26866    G:0.19403
Average         T:0.22388    C:0.17910    A:0.33831    G:0.25871

#8: Sheep          
position  1:    T:0.16418    C:0.10448    A:0.31343    G:0.41791
position  2:    T:0.26866    C:0.13433    A:0.43284    G:0.16418
position  3:    T:0.23881    C:0.29851    A:0.26866    G:0.19403
Average         T:0.22388    C:0.17910    A:0.33831    G:0.25871

#9: MaxwellsDuiker 
position  1:    T:0.16418    C:0.10448    A:0.31343    G:0.41791
position  2:    T:0.26866    C:0.13433    A:0.43284    G:0.16418
position  3:    T:0.25373    C:0.28358    A:0.26866    G:0.19403
Average         T:0.22886    C:0.17413    A:0.33831    G:0.25871

#10: GazellaPrzewalskyi
position  1:    T:0.16418    C:0.10448    A:0.31343    G:0.41791
position  2:    T:0.26866    C:0.13433    A:0.43284    G:0.16418
position  3:    T:0.25373    C:0.28358    A:0.25373    G:0.20896
Average         T:0.22886    C:0.17413    A:0.33333    G:0.26368

#11: MountainNyala  
position  1:    T:0.16418    C:0.10448    A:0.31343    G:0.41791
position  2:    T:0.26866    C:0.13433    A:0.43284    G:0.16418
position  3:    T:0.25373    C:0.26866    A:0.26866    G:0.20896
Average         T:0.22886    C:0.16915    A:0.33831    G:0.26368

#12: MuntiacusMuntjak
position  1:    T:0.16418    C:0.10448    A:0.31343    G:0.41791
position  2:    T:0.26866    C:0.13433    A:0.43284    G:0.16418
position  3:    T:0.25373    C:0.28358    A:0.28358    G:0.17910
Average         T:0.22886    C:0.17413    A:0.34328    G:0.25373

#13: goat           
position  1:    T:0.16418    C:0.10448    A:0.31343    G:0.41791
position  2:    T:0.26866    C:0.13433    A:0.43284    G:0.16418
position  3:    T:0.23881    C:0.29851    A:0.26866    G:0.19403
Average         T:0.22388    C:0.17910    A:0.33831    G:0.25871

#14: AfricanBuffalo 
position  1:    T:0.17910    C:0.10448    A:0.31343    G:0.40299
position  2:    T:0.26866    C:0.13433    A:0.41791    G:0.17910
position  3:    T:0.25373    C:0.26866    A:0.26866    G:0.20896
Average         T:0.23383    C:0.16915    A:0.33333    G:0.26368

#15: Topi           
position  1:    T:0.16418    C:0.10448    A:0.31343    G:0.41791
position  2:    T:0.26866    C:0.13433    A:0.43284    G:0.16418
position  3:    T:0.25373    C:0.25373    A:0.28358    G:0.20896
Average         T:0.22886    C:0.16418    A:0.34328    G:0.26368

#16: CommonDuiker   
position  1:    T:0.16418    C:0.10448    A:0.31343    G:0.41791
position  2:    T:0.26866    C:0.13433    A:0.43284    G:0.16418
position  3:    T:0.25373    C:0.28358    A:0.26866    G:0.19403
Average         T:0.22886    C:0.17413    A:0.33831    G:0.25871

#17: Suni           
position  1:    T:0.16418    C:0.10448    A:0.31343    G:0.41791
position  2:    T:0.26866    C:0.13433    A:0.43284    G:0.16418
position  3:    T:0.25373    C:0.26866    A:0.28358    G:0.19403
Average         T:0.22886    C:0.16915    A:0.34328    G:0.25871

#18: Springbuck     
position  1:    T:0.16418    C:0.10448    A:0.31343    G:0.41791
position  2:    T:0.26866    C:0.13433    A:0.43284    G:0.16418
position  3:    T:0.25373    C:0.26866    A:0.26866    G:0.20896
Average         T:0.22886    C:0.16915    A:0.33831    G:0.26368

#19: Okapi          
position  1:    T:0.16418    C:0.10448    A:0.31343    G:0.41791
position  2:    T:0.26866    C:0.13433    A:0.43284    G:0.16418
position  3:    T:0.25373    C:0.28358    A:0.28358    G:0.17910
Average         T:0.22886    C:0.17413    A:0.34328    G:0.25373

#20: Giraffe        
position  1:    T:0.16418    C:0.10448    A:0.31343    G:0.41791
position  2:    T:0.26866    C:0.13433    A:0.43284    G:0.16418
position  3:    T:0.25373    C:0.28358    A:0.26866    G:0.19403
Average         T:0.22886    C:0.17413    A:0.33831    G:0.25871

#21: TibetanAntelope
position  1:    T:0.16418    C:0.10448    A:0.31343    G:0.41791
position  2:    T:0.26866    C:0.13433    A:0.44776    G:0.14925
position  3:    T:0.25373    C:0.28358    A:0.26866    G:0.19403
Average         T:0.22886    C:0.17413    A:0.34328    G:0.25373

#22: Sitatunga      
position  1:    T:0.16418    C:0.10448    A:0.31343    G:0.41791
position  2:    T:0.26866    C:0.13433    A:0.43284    G:0.16418
position  3:    T:0.25373    C:0.28358    A:0.26866    G:0.19403
Average         T:0.22886    C:0.17413    A:0.33831    G:0.25871

#23: Oribi          
position  1:    T:0.16418    C:0.10448    A:0.31343    G:0.41791
position  2:    T:0.26866    C:0.13433    A:0.43284    G:0.16418
position  3:    T:0.25373    C:0.28358    A:0.25373    G:0.20896
Average         T:0.22886    C:0.17413    A:0.33333    G:0.26368

#24: BarbarySheep   
position  1:    T:0.16418    C:0.10448    A:0.31343    G:0.41791
position  2:    T:0.26866    C:0.13433    A:0.43284    G:0.16418
position  3:    T:0.23881    C:0.29851    A:0.26866    G:0.19403
Average         T:0.22388    C:0.17910    A:0.33831    G:0.25871

#25: Daviddeer      
position  1:    T:0.16418    C:0.10448    A:0.31343    G:0.41791
position  2:    T:0.26866    C:0.13433    A:0.43284    G:0.16418
position  3:    T:0.25373    C:0.28358    A:0.26866    G:0.19403
Average         T:0.22886    C:0.17413    A:0.33831    G:0.25871

#26: Reindeer       
position  1:    T:0.16418    C:0.10448    A:0.31343    G:0.41791
position  2:    T:0.26866    C:0.13433    A:0.43284    G:0.16418
position  3:    T:0.23881    C:0.29851    A:0.28358    G:0.17910
Average         T:0.22388    C:0.17910    A:0.34328    G:0.25373

#27: Ibex           
position  1:    T:0.16418    C:0.10448    A:0.31343    G:0.41791
position  2:    T:0.26866    C:0.13433    A:0.43284    G:0.16418
position  3:    T:0.23881    C:0.29851    A:0.26866    G:0.19403
Average         T:0.22388    C:0.17910    A:0.33831    G:0.25871

#28: GyrantGazelle  
position  1:    T:0.16418    C:0.10448    A:0.31343    G:0.41791
position  2:    T:0.26866    C:0.13433    A:0.43284    G:0.16418
position  3:    T:0.23881    C:0.29851    A:0.25373    G:0.20896
Average         T:0.22388    C:0.17910    A:0.33333    G:0.26368

#29: Hartebeest     
position  1:    T:0.16418    C:0.10448    A:0.31343    G:0.41791
position  2:    T:0.26866    C:0.13433    A:0.43284    G:0.16418
position  3:    T:0.25373    C:0.25373    A:0.28358    G:0.20896
Average         T:0.22886    C:0.16418    A:0.34328    G:0.26368

#30: Bongo          
position  1:    T:0.16418    C:0.10448    A:0.31343    G:0.41791
position  2:    T:0.26866    C:0.13433    A:0.43284    G:0.16418
position  3:    T:0.25373    C:0.28358    A:0.26866    G:0.19403
Average         T:0.22886    C:0.17413    A:0.33831    G:0.25871

#31: Gerenuk        
position  1:    T:0.16418    C:0.10448    A:0.31343    G:0.41791
position  2:    T:0.26866    C:0.13433    A:0.44776    G:0.14925
position  3:    T:0.23881    C:0.28358    A:0.28358    G:0.19403
Average         T:0.22388    C:0.17413    A:0.34826    G:0.25373

#32: CommonEland    
position  1:    T:0.16418    C:0.10448    A:0.31343    G:0.41791
position  2:    T:0.26866    C:0.13433    A:0.43284    G:0.16418
position  3:    T:0.25373    C:0.28358    A:0.26866    G:0.19403
Average         T:0.22886    C:0.17413    A:0.33831    G:0.25871

#33: MuntiacusReevesi
position  1:    T:0.16418    C:0.10448    A:0.31343    G:0.41791
position  2:    T:0.26866    C:0.13433    A:0.43284    G:0.16418
position  3:    T:0.25373    C:0.28358    A:0.28358    G:0.17910
Average         T:0.22886    C:0.17413    A:0.34328    G:0.25373

#34: HarveysDuiker  
position  1:    T:0.16418    C:0.10448    A:0.31343    G:0.41791
position  2:    T:0.26866    C:0.13433    A:0.43284    G:0.16418
position  3:    T:0.26866    C:0.26866    A:0.26866    G:0.19403
Average         T:0.23383    C:0.16915    A:0.33831    G:0.25871

#35: Pronghorn      
position  1:    T:0.17910    C:0.08955    A:0.31343    G:0.41791
position  2:    T:0.26866    C:0.13433    A:0.43284    G:0.16418
position  3:    T:0.25373    C:0.28358    A:0.26866    G:0.19403
Average         T:0.23383    C:0.16915    A:0.33831    G:0.25871

#36: BlueWildebeest 
position  1:    T:0.16418    C:0.10448    A:0.31343    G:0.41791
position  2:    T:0.26866    C:0.13433    A:0.41791    G:0.17910
position  3:    T:0.25373    C:0.25373    A:0.28358    G:0.20896
Average         T:0.22886    C:0.16418    A:0.33831    G:0.26866

#37: Gemsbok        
position  1:    T:0.16418    C:0.10448    A:0.31343    G:0.41791
position  2:    T:0.28358    C:0.11940    A:0.43284    G:0.16418
position  3:    T:0.25373    C:0.25373    A:0.28358    G:0.20896
Average         T:0.23383    C:0.15920    A:0.34328    G:0.26368

#38: Yak            
position  1:    T:0.17910    C:0.10448    A:0.31343    G:0.40299
position  2:    T:0.26866    C:0.13433    A:0.43284    G:0.16418
position  3:    T:0.25373    C:0.28358    A:0.28358    G:0.17910
Average         T:0.23383    C:0.17413    A:0.34328    G:0.24876

#39: BlueSheep      
position  1:    T:0.16418    C:0.10448    A:0.31343    G:0.41791
position  2:    T:0.26866    C:0.13433    A:0.43284    G:0.16418
position  3:    T:0.23881    C:0.29851    A:0.26866    G:0.19403
Average         T:0.22388    C:0.17910    A:0.33831    G:0.25871

#40: BohorReedbuck  
position  1:    T:0.16418    C:0.10448    A:0.31343    G:0.41791
position  2:    T:0.26866    C:0.13433    A:0.43284    G:0.16418
position  3:    T:0.25373    C:0.28358    A:0.26866    G:0.19403
Average         T:0.22886    C:0.17413    A:0.33831    G:0.25871

#41: KirksDik       
position  1:    T:0.16418    C:0.10448    A:0.31343    G:0.41791
position  2:    T:0.26866    C:0.13433    A:0.43284    G:0.16418
position  3:    T:0.26866    C:0.26866    A:0.26866    G:0.19403
Average         T:0.23383    C:0.16915    A:0.33831    G:0.25871

#42: RoeDeer        
position  1:    T:0.16418    C:0.10448    A:0.31343    G:0.41791
position  2:    T:0.26866    C:0.13433    A:0.43284    G:0.16418
position  3:    T:0.26866    C:0.26866    A:0.28358    G:0.17910
Average         T:0.23383    C:0.16915    A:0.34328    G:0.25373

#43: WhiteLippedDeer
position  1:    T:0.16418    C:0.10448    A:0.31343    G:0.41791
position  2:    T:0.26866    C:0.13433    A:0.43284    G:0.16418
position  3:    T:0.25373    C:0.28358    A:0.28358    G:0.17910
Average         T:0.22886    C:0.17413    A:0.34328    G:0.25373

#44: ThomsonGazelle 
position  1:    T:0.16418    C:0.10448    A:0.31343    G:0.41791
position  2:    T:0.26866    C:0.13433    A:0.43284    G:0.16418
position  3:    T:0.23881    C:0.29851    A:0.25373    G:0.20896
Average         T:0.22388    C:0.17910    A:0.33333    G:0.26368

#45: MuntiacusCrinifrons
position  1:    T:0.16418    C:0.10448    A:0.31343    G:0.41791
position  2:    T:0.26866    C:0.13433    A:0.43284    G:0.16418
position  3:    T:0.25373    C:0.28358    A:0.28358    G:0.17910
Average         T:0.22886    C:0.17413    A:0.34328    G:0.25373

#46: WhiteTailedDeer
position  1:    T:0.16418    C:0.10448    A:0.31343    G:0.41791
position  2:    T:0.28358    C:0.11940    A:0.43284    G:0.16418
position  3:    T:0.23881    C:0.29851    A:0.28358    G:0.17910
Average         T:0.22886    C:0.17413    A:0.34328    G:0.25373

#47: Cattle         
position  1:    T:0.17910    C:0.10448    A:0.31343    G:0.40299
position  2:    T:0.26866    C:0.13433    A:0.43284    G:0.16418
position  3:    T:0.25373    C:0.28358    A:0.26866    G:0.19403
Average         T:0.23383    C:0.17413    A:0.33831    G:0.25373

#48: RoyalAntelope  
position  1:    T:0.16418    C:0.10448    A:0.31343    G:0.41791
position  2:    T:0.26866    C:0.13433    A:0.43284    G:0.16418
position  3:    T:0.25373    C:0.28358    A:0.26866    G:0.19403
Average         T:0.22886    C:0.17413    A:0.33831    G:0.25871

#49: Steenbok       
position  1:    T:0.16418    C:0.10448    A:0.31343    G:0.41791
position  2:    T:0.26866    C:0.13433    A:0.43284    G:0.16418
position  3:    T:0.25373    C:0.28358    A:0.28358    G:0.17910
Average         T:0.22886    C:0.17413    A:0.34328    G:0.25373

#50: Impala         
position  1:    T:0.16418    C:0.10448    A:0.31343    G:0.41791
position  2:    T:0.26866    C:0.13433    A:0.43284    G:0.16418
position  3:    T:0.25373    C:0.28358    A:0.26866    G:0.19403
Average         T:0.22886    C:0.17413    A:0.33831    G:0.25871

#51: Klipspringer   
position  1:    T:0.16418    C:0.10448    A:0.31343    G:0.41791
position  2:    T:0.26866    C:0.13433    A:0.43284    G:0.16418
