CODONML (in paml version 4.10.7, June 2023)  /home/rachel/ruminants_paml/6406-phy-tree/ENSBTAT00000039899.fasta.phy
Model: free dN/dS Ratios for branches,  kappa = 2.000 fixed

Codon frequency model: F3x4
ns =  54  ls =  38

Codon usage in sequences
--------------------------------------------------------------------------------------------------------------------------------------
Phe TTT   3   2   3   3   2   2 | Ser TCT   1   0   1   2   1   1 | Tyr TAT   0   0   0   0   0   0 | Cys TGT   0   0   0   0   0   0
    TTC   1   0   1   1   0   1 |     TCC   2   3   2   1   2   2 |     TAC   0   0   0   0   0   0 |     TGC   1   1   1   1   1   1
Leu TTA   0   0   0   0   0   0 |     TCA   1   1   1   1   1   1 | *** TAA   0   0   0   0   0   0 | *** TGA   0   0   0   0   0   0
    TTG   0   1   0   0   1   0 |     TCG   0   0   0   0   0   0 |     TAG   0   0   0   0   0   0 | Trp TGG   0   0   0   0   0   0
--------------------------------------------------------------------------------------------------------------------------------------
Leu CTT   0   0   0   0   0   0 | Pro CCT   0   1   0   0   0   0 | His CAT   1   0   1   1   1   1 | Arg CGT   0   0   0   0   0   0
    CTC   1   1   1   1   1   1 |     CCC   0   0   0   0   0   0 |     CAC   1   1   1   1   1   1 |     CGC   0   0   0   0   0   0
    CTA   0   0   0   0   0   0 |     CCA   1   1   1   1   1   1 | Gln CAA   0   0   0   0   0   0 |     CGA   0   0   0   0   0   0
    CTG   2   2   2   2   2   2 |     CCG   0   0   0   0   0   0 |     CAG   0   0   0   0   0   0 |     CGG   0   0   0   0   0   0
--------------------------------------------------------------------------------------------------------------------------------------
Ile ATT   1   2   1   1   1   1 | Thr ACT   0   0   0   0   2   1 | Asn AAT   0   0   0   0   0   0 | Ser AGT   1   0   1   1   0   1
    ATC   1   1   1   1   1   1 |     ACC   0   0   0   0   1   0 |     AAC   1   1   1   1   1   2 |     AGC   0   1   0   0   1   0
    ATA   1   1   1   1   1   1 |     ACA   1   0   2   1   0   1 | Lys AAA   0   0   0   0   0   0 | Arg AGA   1   1   1   1   0   1
Met ATG   0   0   0   0   1   1 |     ACG   1   1   0   1   0   0 |     AAG   1   1   1   1   1   1 |     AGG   0   0   0   0   0   0
--------------------------------------------------------------------------------------------------------------------------------------
Val GTT   1   1   1   1   1   1 | Ala GCT   1   1   1   1   1   1 | Asp GAT   2   1   1   2   3   1 | Gly GGT   0   0   0   0   1   0
    GTC   0   0   0   0   0   0 |     GCC   0   0   0   0   0   0 |     GAC   3   4   4   3   1   3 |     GGC   0   0   0   0   0   0
    GTA   0   0   0   1   0   0 |     GCA   1   2   1   1   1   0 | Glu GAA   4   4   4   4   3   3 |     GGA   0   0   0   0   0   0
    GTG   1   1   1   0   1   1 |     GCG   0   0   0   0   0   0 |     GAG   0   0   0   0   1   1 |     GGG   1   1   1   1   1   2
--------------------------------------------------------------------------------------------------------------------------------------

--------------------------------------------------------------------------------------------------------------------------------------
Phe TTT   3   3   3   3   3   3 | Ser TCT   1   1   1   1   1   1 | Tyr TAT   0   0   0   0   0   0 | Cys TGT   0   0   0   0   0   0
    TTC   1   1   1   1   1   1 |     TCC   2   2   2   2   2   2 |     TAC   0   0   0   0   0   0 |     TGC   1   1   1   1   1   1
Leu TTA   0   0   0   0   0   0 |     TCA   1   1   1   1   1   1 | *** TAA   0   0   0   0   0   0 | *** TGA   0   0   0   0   0   0
    TTG   0   0   1   0   0   0 |     TCG   0   0   0   0   0   0 |     TAG   0   0   0   0   0   0 | Trp TGG   0   0   0   0   0   0
--------------------------------------------------------------------------------------------------------------------------------------
Leu CTT   0   0   0   0   0   0 | Pro CCT   0   0   0   0   0   0 | His CAT   1   1   1   1   1   1 | Arg CGT   0   0   0   0   0   0
    CTC   1   1   1   1   1   1 |     CCC   0   0   0   0   0   0 |     CAC   1   1   1   1   1   1 |     CGC   0   0   0   0   0   0
    CTA   0   0   0   0   0   0 |     CCA   1   1   1   1   1   1 | Gln CAA   0   0   0   0   0   0 |     CGA   0   0   0   0   0   0
    CTG   2   2   1   2   2   2 |     CCG   0   0   0   0   0   0 |     CAG   0   0   0   0   0   0 |     CGG   0   0   0   0   0   0
--------------------------------------------------------------------------------------------------------------------------------------
Ile ATT   1   1   1   1   1   1 | Thr ACT   0   0   0   0   0   0 | Asn AAT   0   0   0   0   0   0 | Ser AGT   1   1   1   1   1   1
    ATC   1   1   1   1   1   1 |     ACC   0   0   0   0   0   0 |     AAC   1   1   1   1   1   1 |     AGC   0   0   0   0   0   0
    ATA   1   1   1   1   1   1 |     ACA   1   1   2   1   2   1 | Lys AAA   0   0   0   0   0   0 | Arg AGA   1   1   1   1   1   1
Met ATG   0   0   0   0   0   0 |     ACG   1   1   0   1   0   1 |     AAG   1   1   1   1   1   1 |     AGG   0   0   0   0   0   0
--------------------------------------------------------------------------------------------------------------------------------------
Val GTT   1   1   1   1   1   1 | Ala GCT   1   1   1   1   1   1 | Asp GAT   2   2   2   2   2   1 | Gly GGT   0   0   0   0   0   0
    GTC   0   0   0   0   0   0 |     GCC   0   0   0   0   0   0 |     GAC   3   3   3   1   3   3 |     GGC   0   0   0   1   0   0
    GTA   0   0   0   0   0   0 |     GCA   1   1   1   1   1   1 | Glu GAA   4   4   4   4   4   4 |     GGA   0   0   0   0   0   0
    GTG   1   1   1   1   1   1 |     GCG   0   0   0   0   0   0 |     GAG   0   0   0   1   0   1 |     GGG   1   1   1   1   1   1
--------------------------------------------------------------------------------------------------------------------------------------

--------------------------------------------------------------------------------------------------------------------------------------
Phe TTT   3   3   3   3   3   3 | Ser TCT   1   1   1   1   1   1 | Tyr TAT   0   0   0   0   0   0 | Cys TGT   0   0   0   0   0   0
    TTC   1   1   1   1   1   1 |     TCC   2   2   2   2   2   2 |     TAC   0   0   0   0   0   0 |     TGC   1   1   1   1   1   1
Leu TTA   0   0   0   0   0   0 |     TCA   1   1   1   1   1   1 | *** TAA   0   0   0   0   0   0 | *** TGA   0   0   0   0   0   0
    TTG   0   0   0   0   0   0 |     TCG   0   0   0   0   0   0 |     TAG   0   0   0   0   0   0 | Trp TGG   0   0   0   0   0   0
--------------------------------------------------------------------------------------------------------------------------------------
Leu CTT   0   0   0   0   0   0 | Pro CCT   0   0   0   0   0   0 | His CAT   1   1   1   1   1   1 | Arg CGT   0   0   0   0   0   0
    CTC   1   1   1   1   1   1 |     CCC   0   0   0   0   0   0 |     CAC   1   1   1   1   1   1 |     CGC   0   0   0   0   0   0
    CTA   0   0   0   0   0   0 |     CCA   1   1   1   1   1   1 | Gln CAA   0   0   0   0   0   0 |     CGA   0   0   0   0   0   0
    CTG   2   2   2   2   2   2 |     CCG   0   0   0   0   0   0 |     CAG   0   0   0   0   0   0 |     CGG   0   0   0   0   0   0
--------------------------------------------------------------------------------------------------------------------------------------
Ile ATT   1   1   1   1   1   2 | Thr ACT   0   0   0   0   0   0 | Asn AAT   0   0   0   0   0   0 | Ser AGT   1   1   1   1   1   1
    ATC   1   1   1   1   1   1 |     ACC   0   0   0   0   0   0 |     AAC   1   1   1   1   1   1 |     AGC   0   0   0   0   0   0
    ATA   1   1   1   1   1   1 |     ACA   1   1   1   1   1   1 | Lys AAA   0   0   0   0   0   0 | Arg AGA   1   1   1   1   1   1
Met ATG   0   0   0   0   0   0 |     ACG   1   1   1   1   1   1 |     AAG   1   1   1   1   1   1 |     AGG   0   0   0   0   0   0
--------------------------------------------------------------------------------------------------------------------------------------
Val GTT   1   1   1   1   1   0 | Ala GCT   1   1   1   1   1   1 | Asp GAT   2   2   2   2   2   3 | Gly GGT   0   0   0   0   0   0
    GTC   0   0   0   0   0   0 |     GCC   0   0   0   0   0   0 |     GAC   3   3   3   3   3   2 |     GGC   0   0   0   0   0   0
    GTA   0   0   0   0   0   0 |     GCA   1   1   1   1   1   1 | Glu GAA   4   4   4   4   4   4 |     GGA   0   0   0   0   0   0
    GTG   1   1   1   1   1   1 |     GCG   0   0   0   0   0   0 |     GAG   0   0   0   0   0   0 |     GGG   1   1   1   1   1   1
--------------------------------------------------------------------------------------------------------------------------------------

--------------------------------------------------------------------------------------------------------------------------------------
Phe TTT   3   3   3   3   3   3 | Ser TCT   1   1   1   1   1   1 | Tyr TAT   0   0   0   0   0   0 | Cys TGT   0   0   0   0   0   0
    TTC   1   1   1   1   1   1 |     TCC   2   2   2   2   2   2 |     TAC   0   0   0   0   0   0 |     TGC   1   1   1   1   1   1
Leu TTA   0   0   0   0   0   0 |     TCA   1   1   1   1   1   1 | *** TAA   0   0   0   0   0   0 | *** TGA   0   0   0   0   0   0
    TTG   0   1   0   0   0   0 |     TCG   0   0   0   0   0   0 |     TAG   0   0   0   0   0   0 | Trp TGG   0   0   0   0   0   0
--------------------------------------------------------------------------------------------------------------------------------------
Leu CTT   0   0   0   0   0   0 | Pro CCT   0   0   0   0   0   0 | His CAT   0   0   1   1   1   1 | Arg CGT   0   0   0   0   0   0
    CTC   1   1   1   1   1   1 |     CCC   0   0   0   0   0   0 |     CAC   2   2   1   1   1   1 |     CGC   0   0   0   0   0   0
    CTA   0   0   0   0   0   0 |     CCA   1   1   1   1   1   1 | Gln CAA   0   0   0   0   0   0 |     CGA   0   0   0   0   0   0
    CTG   2   1   2   2   2   2 |     CCG   0   0   0   0   0   0 |     CAG   0   0   0   0   0   0 |     CGG   0   0   0   0   0   0
--------------------------------------------------------------------------------------------------------------------------------------
Ile ATT   1   1   1   1   1   1 | Thr ACT   0   0   0   0   0   0 | Asn AAT   0   0   0   0   0   0 | Ser AGT   1   1   1   1   1   1
    ATC   1   1   1   1   1   1 |     ACC   0   0   0   0   0   0 |     AAC   1   1   1   1   1   1 |     AGC   0   0   0   0   0   0
    ATA   1   1   1   1   1   1 |     ACA   2   2   1   2   1   1 | Lys AAA   0   0   0   0   0   0 | Arg AGA   1   1   1   1   1   1
Met ATG   0   0   0   0   0   0 |     ACG   0   0   1   0   1   1 |     AAG   1   1   1   1   1   1 |     AGG   0   0   0   0   0   0
--------------------------------------------------------------------------------------------------------------------------------------
Val GTT   1   1   1   1   1   1 | Ala GCT   1   1   1   1   1   1 | Asp GAT   2   2   2   1   3   2 | Gly GGT   0   0   0   0   0   0
    GTC   0   0   0   0   0   0 |     GCC   0   0   0   0   0   0 |     GAC   3   3   3   4   2   3 |     GGC   0   0   0   0   0   0
    GTA   0   0   0   0   0   0 |     GCA   1   1   1   1   1   1 | Glu GAA   4   4   4   4   4   4 |     GGA   0   0   0   0   0   0
    GTG   1   1   1   1   1   1 |     GCG   0   0   0   0   0   0 |     GAG   0   0   0   0   0   0 |     GGG   1   1   1   1   1   1
--------------------------------------------------------------------------------------------------------------------------------------

--------------------------------------------------------------------------------------------------------------------------------------
Phe TTT   3   3   3   3   3   3 | Ser TCT   1   1   1   1   1   1 | Tyr TAT   0   0   0   0   0   0 | Cys TGT   0   0   0   0   0   0
    TTC   1   1   1   1   1   1 |     TCC   2   2   2   2   2   2 |     TAC   0   0   0   0   0   0 |     TGC   1   1   1   1   1   1
Leu TTA   0   0   0   0   0   0 |     TCA   1   1   1   1   1   1 | *** TAA   0   0   0   0   0   0 | *** TGA   0   0   0   0   0   0
    TTG   0   0   0   0   0   0 |     TCG   0   0   0   0   0   0 |     TAG   0   0   0   0   0   0 | Trp TGG   0   0   0   0   0   0
--------------------------------------------------------------------------------------------------------------------------------------
Leu CTT   0   0   0   0   0   0 | Pro CCT   0   0   0   0   0   0 | His CAT   1   1   1   1   1   1 | Arg CGT   0   0   0   0   0   0
    CTC   1   1   1   1   1   1 |     CCC   0   0   0   0   0   0 |     CAC   1   1   1   1   1   1 |     CGC   0   0   0   0   0   0
    CTA   0   0   0   0   0   0 |     CCA   1   1   1   1   1   1 | Gln CAA   0   0   0   0   0   0 |     CGA   0   0   0   0   0   0
    CTG   2   2   2   2   2   2 |     CCG   0   0   0   0   0   0 |     CAG   0   0   0   0   0   0 |     CGG   0   0   0   0   0   0
--------------------------------------------------------------------------------------------------------------------------------------
Ile ATT   1   1   1   1   1   1 | Thr ACT   0   0   0   0   0   0 | Asn AAT   0   0   0   0   0   0 | Ser AGT   1   1   1   1   1   1
    ATC   1   1   1   1   1   1 |     ACC   0   0   0   0   0   0 |     AAC   1   1   1   1   1   1 |     AGC   0   0   0   0   0   0
    ATA   1   1   1   1   1   1 |     ACA   2   1   1   2   1   2 | Lys AAA   0   0   0   0   0   0 | Arg AGA   1   1   1   1   1   1
Met ATG   0   0   0   0   0   0 |     ACG   0   1   1   0   1   0 |     AAG   1   1   1   1   1   1 |     AGG   0   0   0   0   0   0
--------------------------------------------------------------------------------------------------------------------------------------
Val GTT   1   1   1   1   1   1 | Ala GCT   1   1   1   1   1   1 | Asp GAT   2   2   2   3   2   2 | Gly GGT   0   0   0   0   0   0
    GTC   0   0   0   0   0   0 |     GCC   0   0   0   0   0   0 |     GAC   2   3   3   2   3   3 |     GGC   0   0   0   0   0   0
    GTA   0   0   0   0   0   0 |     GCA   1   1   1   1   1   1 | Glu GAA   4   4   4   4   4   4 |     GGA   0   0   0   0   0   0
    GTG   1   1   1   1   1   1 |     GCG   0   0   0   0   0   0 |     GAG   1   0   0   0   0   0 |     GGG   1   1   1   1   1   1
--------------------------------------------------------------------------------------------------------------------------------------

--------------------------------------------------------------------------------------------------------------------------------------
Phe TTT   3   3   3   3   3   3 | Ser TCT   1   1   1   1   1   1 | Tyr TAT   0   0   0   0   0   0 | Cys TGT   0   0   0   0   0   0
    TTC   1   1   1   1   1   1 |     TCC   2   2   2   2   2   2 |     TAC   0   0   0   0   0   0 |     TGC   1   1   1   1   1   1
Leu TTA   0   0   0   0   0   0 |     TCA   1   1   1   1   1   1 | *** TAA   0   0   0   0   0   0 | *** TGA   0   0   0   0   0   0
    TTG   0   0   0   0   0   0 |     TCG   0   0   0   0   0   0 |     TAG   0   0   0   0   0   0 | Trp TGG   0   0   0   0   0   0
--------------------------------------------------------------------------------------------------------------------------------------
Leu CTT   0   0   0   0   0   0 | Pro CCT   0   0   0   0   0   0 | His CAT   1   1   1   1   1   1 | Arg CGT   0   0   0   0   0   0
    CTC   1   1   1   1   1   1 |     CCC   0   0   0   0   0   0 |     CAC   1   1   1   1   1   1 |     CGC   0   0   0   0   0   0
    CTA   0   0   0   0   0   0 |     CCA   1   1   1   1   1   1 | Gln CAA   0   0   0   0   0   0 |     CGA   0   0   0   0   0   0
    CTG   2   2   2   2   2   2 |     CCG   0   0   0   0   0   0 |     CAG   0   0   0   0   0   0 |     CGG   0   0   0   0   0   0
--------------------------------------------------------------------------------------------------------------------------------------
Ile ATT   1   1   1   1   0   1 | Thr ACT   0   0   0   0   0   0 | Asn AAT   0   0   0   0   0   0 | Ser AGT   1   1   1   1   1   1
    ATC   1   1   1   1   2   1 |     ACC   0   0   0   0   0   0 |     AAC   1   1   1   1   1   1 |     AGC   0   0   0   0   0   0
    ATA   1   1   1   1   1   1 |     ACA   1   2   1   1   2   1 | Lys AAA   0   0   0   0   0   0 | Arg AGA   1   1   1   1   1   1
Met ATG   0   0   0   0   0   0 |     ACG   1   0   1   1   0   1 |     AAG   1   1   1   1   1   1 |     AGG   0   0   0   0   0   0
--------------------------------------------------------------------------------------------------------------------------------------
Val GTT   1   1   1   1   1   1 | Ala GCT   1   1   1   1   1   1 | Asp GAT   3   2   1   2   2   2 | Gly GGT   0   0   0   0   0   0
    GTC   0   0   0   0   0   0 |     GCC   0   0   0   0   0   0 |     GAC   2   3   3   3   3   3 |     GGC   0   0   0   0   0   0
    GTA   0   0   0   0   0   0 |     GCA   1   1   1   1   1   1 | Glu GAA   4   4   4   4   4   4 |     GGA   0   0   0   0   0   0
    GTG   1   1   1   1   1   1 |     GCG   0   0   0   0   0   0 |     GAG   0   0   1   0   0   0 |     GGG   1   1   1   1   1   1
--------------------------------------------------------------------------------------------------------------------------------------

--------------------------------------------------------------------------------------------------------------------------------------
Phe TTT   3   3   3   3   3   3 | Ser TCT   1   1   2   1   1   1 | Tyr TAT   0   0   0   0   0   0 | Cys TGT   0   0   0   0   0   0
    TTC   1   1   1   1   1   1 |     TCC   2   2   2   2   2   2 |     TAC   0   0   0   0   0   0 |     TGC   1   1   1   1   1   1
Leu TTA   0   0   0   0   0   0 |     TCA   1   1   0   1   1   1 | *** TAA   0   0   0   0   0   0 | *** TGA   0   0   0   0   0   0
    TTG   0   0   0   0   0   0 |     TCG   0   0   0   0   0   0 |     TAG   0   0   0   0   0   0 | Trp TGG   0   0   0   0   0   0
--------------------------------------------------------------------------------------------------------------------------------------
Leu CTT   0   0   0   0   0   0 | Pro CCT   0   0   0   0   0   0 | His CAT   1   1   1   1   1   1 | Arg CGT   0   0   0   0   0   0
    CTC   1   1   1   1   1   1 |     CCC   0   0   0   0   0   0 |     CAC   1   1   1   1   1   1 |     CGC   0   0   0   0   0   0
    CTA   0   0   0   0   0   0 |     CCA   1   1   1   1   1   1 | Gln CAA   0   0   0   0   0   0 |     CGA   0   0   0   0   0   0
    CTG   2   2   2   2   2   2 |     CCG   0   0   0   0   0   0 |     CAG   0   0   0   0   0   0 |     CGG   0   0   0   0   0   0
--------------------------------------------------------------------------------------------------------------------------------------
Ile ATT   1   1   1   1   1   1 | Thr ACT   0   0   0   0   0   0 | Asn AAT   0   0   0   0   0   0 | Ser AGT   1   1   1   1   1   1
    ATC   0   1   1   1   1   1 |     ACC   0   0   0   0   0   0 |     AAC   1   1   1   1   1   1 |     AGC   0   0   0   0   0   0
    ATA   2   1   1   1   1   1 |     ACA   1   1   1   1   1   2 | Lys AAA   0   0   0   0   0   0 | Arg AGA   1   1   1   1   1   1
Met ATG   0   0   0   0   0   0 |     ACG   1   1   1   1   1   0 |     AAG   1   1   1   1   1   1 |     AGG   0   0   0   0   0   0
--------------------------------------------------------------------------------------------------------------------------------------
Val GTT   1   1   1   1   1   1 | Ala GCT   1   1   1   1   1   1 | Asp GAT   2   2   2   2   3   2 | Gly GGT   0   0   0   0   0   0
    GTC   0   0   0   0   0   0 |     GCC   0   0   0   0   0   0 |     GAC   3   3   3   3   2   3 |     GGC   0   0   0   0   0   0
    GTA   0   0   0   0   0   0 |     GCA   0   1   1   1   1   1 | Glu GAA   4   4   4   4   4   4 |     GGA   0   0   0   0   0   0
    GTG   1   1   1   1   1   1 |     GCG   1   0   0   0   0   0 |     GAG   0   0   0   0   0   0 |     GGG   1   1   1   1   1   1
--------------------------------------------------------------------------------------------------------------------------------------

--------------------------------------------------------------------------------------------------------------------------------------
Phe TTT   3   3   3   3   3   3 | Ser TCT   1   1   1   1   1   1 | Tyr TAT   0   0   0   0   0   0 | Cys TGT   0   0   0   0   0   0
    TTC   1   1   1   1   1   1 |     TCC   2   2   2   2   2   2 |     TAC   0   0   0   0   0   0 |     TGC   1   1   1   1   1   1
Leu TTA   0   0   0   0   0   0 |     TCA   1   1   1   1   1   1 | *** TAA   0   0   0   0   0   0 | *** TGA   0   0   0   0   0   0
    TTG   0   0   0   0   0   0 |     TCG   0   0   0   0   0   0 |     TAG   0   0   0   0   0   0 | Trp TGG   0   0   0   0   0   0
--------------------------------------------------------------------------------------------------------------------------------------
Leu CTT   0   0   0   0   0   0 | Pro CCT   0   0   0   0   0   0 | His CAT   1   1   1   2   1   1 | Arg CGT   0   0   0   0   0   0
    CTC   1   1   1   1   1   1 |     CCC   0   0   0   0   0   0 |     CAC   1   1   1   0   1   1 |     CGC   0   0   0   0   0   0
    CTA   0   0   0   0   0   0 |     CCA   1   1   1   1   1   1 | Gln CAA   0   0   0   0   0   0 |     CGA   0   0   0   0   0   0
    CTG   2   2   2   2   2   2 |     CCG   0   0   0   0   0   0 |     CAG   0   0   0   0   0   0 |     CGG   0   0   0   0   0   0
--------------------------------------------------------------------------------------------------------------------------------------
Ile ATT   1   1   1   1   1   1 | Thr ACT   0   0   0   0   0   0 | Asn AAT   0   0   0   0   0   0 | Ser AGT   1   1   1   1   1   1
    ATC   1   1   1   1   1   1 |     ACC   0   0   0   0   0   0 |     AAC   1   1   1   1   1   1 |     AGC   0   0   0   0   0   0
    ATA   1   1   1   1   1   1 |     ACA   2   2   1   1   1   1 | Lys AAA   0   0   0   0   0   0 | Arg AGA   1   1   1   1   1   1
Met ATG   0   0   0   0   0   0 |     ACG   0   0   1   1   1   1 |     AAG   1   1   1   1   1   1 |     AGG   0   0   0   0   0   0
--------------------------------------------------------------------------------------------------------------------------------------
Val GTT   1   1   1   1   1   1 | Ala GCT   1   1   1   1   1   1 | Asp GAT   2   3   1   2   2   2 | Gly GGT   0   0   0   0   0   0
    GTC   0   0   0   0   0   0 |     GCC   0   0   0   0   0   0 |     GAC   2   2   3   3   3   3 |     GGC   0   0   0   0   0   0
    GTA   0   0   0   0   0   0 |     GCA   1   1   1   1   1   1 | Glu GAA   4   4   4   4   4   4 |     GGA   0   0   0   0   0   0
    GTG   1   1   1   1   1   1 |     GCG   0   0   0   0   0   0 |     GAG   1   0   1   0   0   0 |     GGG   1   1   1   1   1   1
--------------------------------------------------------------------------------------------------------------------------------------

--------------------------------------------------------------------------------------------------------------------------------------
Phe TTT   3   3   3   3   3   3 | Ser TCT   1   1   1   2   1   1 | Tyr TAT   0   0   0   0   0   0 | Cys TGT   0   0   0   0   0   0
    TTC   1   1   1   1   1   1 |     TCC   2   2   2   1   2   2 |     TAC   0   0   0   0   0   0 |     TGC   1   1   1   1   1   1
Leu TTA   0   0   0   0   0   0 |     TCA   1   1   1   1   1   1 | *** TAA   0   0   0   0   0   0 | *** TGA   0   0   0   0   0   0
    TTG   0   0   0   0   0   0 |     TCG   0   0   0   0   0   0 |     TAG   0   0   0   0   0   0 | Trp TGG   0   0   0   0   0   0
--------------------------------------------------------------------------------------------------------------------------------------
Leu CTT   0   0   0   0   0   1 | Pro CCT   0   0   0   0   0   0 | His CAT   1   0   1   1   1   1 | Arg CGT   0   0   0   0   0   0
    CTC   1   1   1   1   1   0 |     CCC   0   0   0   0   0   0 |     CAC   1   2   1   1   1   1 |     CGC   0   0   0   0   0   0
    CTA   0   0   0   0   0   0 |     CCA   1   1   0   1   1   1 | Gln CAA   0   0   0   0   0   0 |     CGA   0   0   0   0   0   0
    CTG   2   2   2   2   2   2 |     CCG   0   0   1   0   0   0 |     CAG   0   0   0   0   0   0 |     CGG   0   0   0   0   0   0
--------------------------------------------------------------------------------------------------------------------------------------
Ile ATT   1   1   1   1   1   1 | Thr ACT   0   0   0   0   0   0 | Asn AAT   0   0   0   0   0   0 | Ser AGT   1   1   1   1   1   1
    ATC   1   1   1   1   1   1 |     ACC   0   0   0   0   0   0 |     AAC   1   1   1   1   1   1 |     AGC   0   0   0   0   0   0
    ATA   1   1   1   1   1   1 |     ACA   1   1   1   1   2   2 | Lys AAA   0   0   0   0   0   0 | Arg AGA   1   1   1   1   1   1
Met ATG   0   0   0   0   0   0 |     ACG   1   1   1   1   0   0 |     AAG   1   1   1   1   1   1 |     AGG   0   0   0   0   0   0
--------------------------------------------------------------------------------------------------------------------------------------
Val GTT   1   1   1   1   1   1 | Ala GCT   1   1   1   1   1   1 | Asp GAT   3   2   2   2   2   2 | Gly GGT   0   0   0   0   0   0
    GTC   0   0   0   0   0   0 |     GCC   0   0   0   0   0   0 |     GAC   2   3   3   3   3   3 |     GGC   0   0   0   0   0   0
    GTA   0   0   0   1   0   0 |     GCA   1   1   1   1   1   1 | Glu GAA   4   4   3   4   4   4 |     GGA   0   0   0   0   0   0
    GTG   1   1   1   0   1   1 |     GCG   0   0   0   0   0   0 |     GAG   0   0   1   0   0   0 |     GGG   1   1   1   1   1   1
--------------------------------------------------------------------------------------------------------------------------------------

Codon position x base (3x4) table for each sequence.

#1: Argali         
position  1:    T:0.23684    C:0.15789    A:0.23684    G:0.36842
position  2:    T:0.31579    C:0.23684    A:0.34211    G:0.10526
position  3:    T:0.28947    C:0.28947    A:0.26316    G:0.15789
Average         T:0.28070    C:0.22807    A:0.28070    G:0.21053

#2: LesserMouseDeer
position  1:    T:0.21053    C:0.15789    A:0.23684    G:0.39474
position  2:    T:0.31579    C:0.26316    A:0.31579    G:0.10526
position  3:    T:0.21053    C:0.34211    A:0.26316    G:0.18421
Average         T:0.24561    C:0.25439    A:0.27193    G:0.22807

#3: LesserKudu     
position  1:    T:0.23684    C:0.15789    A:0.23684    G:0.36842
position  2:    T:0.31579    C:0.23684    A:0.34211    G:0.10526
position  3:    T:0.26316    C:0.31579    A:0.28947    G:0.13158
Average         T:0.27193    C:0.23684    A:0.28947    G:0.20175

#4: ForestMuskDeer2
position  1:    T:0.23684    C:0.15789    A:0.23684    G:0.36842
position  2:    T:0.31579    C:0.23684    A:0.34211    G:0.10526
position  3:    T:0.31579    C:0.26316    A:0.28947    G:0.13158
Average         T:0.28947    C:0.21930    A:0.28947    G:0.20175

#5: Camel          
position  1:    T:0.21053    C:0.15789    A:0.26316    G:0.36842
position  2:    T:0.31579    C:0.26316    A:0.31579    G:0.10526
position  3:    T:0.34211    C:0.26316    A:0.18421    G:0.21053
Average         T:0.28947    C:0.22807    A:0.25439    G:0.22807

#6: KillerWhale    
position  1:    T:0.21053    C:0.15789    A:0.28947    G:0.34211
position  2:    T:0.31579    C:0.21053    A:0.34211    G:0.13158
position  3:    T:0.26316    C:0.31579    A:0.21053    G:0.21053
Average         T:0.26316    C:0.22807    A:0.28070    G:0.22807

#7: DefassaWaterbuck
position  1:    T:0.23684    C:0.15789    A:0.23684    G:0.36842
position  2:    T:0.31579    C:0.23684    A:0.34211    G:0.10526
position  3:    T:0.28947    C:0.28947    A:0.26316    G:0.15789
Average         T:0.28070    C:0.22807    A:0.28070    G:0.21053

#8: Sheep          
position  1:    T:0.23684    C:0.15789    A:0.23684    G:0.36842
position  2:    T:0.31579    C:0.23684    A:0.34211    G:0.10526
position  3:    T:0.28947    C:0.28947    A:0.26316    G:0.15789
Average         T:0.28070    C:0.22807    A:0.28070    G:0.21053

#9: MaxwellsDuiker 
position  1:    T:0.26316    C:0.13158    A:0.23684    G:0.36842
position  2:    T:0.31579    C:0.23684    A:0.34211    G:0.10526
position  3:    T:0.28947    C:0.28947    A:0.28947    G:0.13158
Average         T:0.28947    C:0.21930    A:0.28947    G:0.20175

#10: GazellaPrzewalskyi
position  1:    T:0.23684    C:0.15789    A:0.23684    G:0.36842
position  2:    T:0.31579    C:0.23684    A:0.31579    G:0.13158
position  3:    T:0.28947    C:0.26316    A:0.26316    G:0.18421
Average         T:0.28070    C:0.21930    A:0.27193    G:0.22807

#11: MountainNyala  
position  1:    T:0.23684    C:0.15789    A:0.23684    G:0.36842
position  2:    T:0.31579    C:0.23684    A:0.34211    G:0.10526
position  3:    T:0.28947    C:0.28947    A:0.28947    G:0.13158
Average         T:0.28070    C:0.22807    A:0.28947    G:0.20175

#12: MuntiacusMuntjak
position  1:    T:0.23684    C:0.15789    A:0.23684    G:0.36842
position  2:    T:0.31579    C:0.23684    A:0.34211    G:0.10526
position  3:    T:0.26316    C:0.28947    A:0.26316    G:0.18421
Average         T:0.27193    C:0.22807    A:0.28070    G:0.21930

#13: goat           
position  1:    T:0.23684    C:0.15789    A:0.23684    G:0.36842
position  2:    T:0.31579    C:0.23684    A:0.34211    G:0.10526
position  3:    T:0.28947    C:0.28947    A:0.26316    G:0.15789
Average         T:0.28070    C:0.22807    A:0.28070    G:0.21053

#14: AfricanBuffalo 
position  1:    T:0.23684    C:0.15789    A:0.23684    G:0.36842
position  2:    T:0.31579    C:0.23684    A:0.34211    G:0.10526
position  3:    T:0.28947    C:0.28947    A:0.26316    G:0.15789
Average         T:0.28070    C:0.22807    A:0.28070    G:0.21053

#15: Topi           
position  1:    T:0.23684    C:0.15789    A:0.23684    G:0.36842
position  2:    T:0.31579    C:0.23684    A:0.34211    G:0.10526
position  3:    T:0.28947    C:0.28947    A:0.26316    G:0.15789
Average         T:0.28070    C:0.22807    A:0.28070    G:0.21053

#16: CommonDuiker   
position  1:    T:0.23684    C:0.15789    A:0.23684    G:0.36842
position  2:    T:0.31579    C:0.23684    A:0.34211    G:0.10526
position  3:    T:0.28947    C:0.28947    A:0.26316    G:0.15789
Average         T:0.28070    C:0.22807    A:0.28070    G:0.21053

#17: Suni           
position  1:    T:0.23684    C:0.15789    A:0.23684    G:0.36842
position  2:    T:0.31579    C:0.23684    A:0.34211    G:0.10526
position  3:    T:0.28947    C:0.28947    A:0.26316    G:0.15789
Average         T:0.28070    C:0.22807    A:0.28070    G:0.21053

#18: Springbuck     
position  1:    T:0.23684    C:0.15789    A:0.26316    G:0.34211
position  2:    T:0.31579    C:0.23684    A:0.34211    G:0.10526
position  3:    T:0.31579    C:0.26316    A:0.26316    G:0.15789
Average         T:0.28947    C:0.21930    A:0.28947    G:0.20175

#19: Okapi          
position  1:    T:0.23684    C:0.15789    A:0.23684    G:0.36842
position  2:    T:0.31579    C:0.23684    A:0.34211    G:0.10526
position  3:    T:0.26316    C:0.31579    A:0.28947    G:0.13158
Average         T:0.27193    C:0.23684    A:0.28947    G:0.20175

#20: Giraffe        
position  1:    T:0.26316    C:0.13158    A:0.23684    G:0.36842
position  2:    T:0.31579    C:0.23684    A:0.34211    G:0.10526
position  3:    T:0.26316    C:0.31579    A:0.28947    G:0.13158
Average         T:0.28070    C:0.22807    A:0.28947    G:0.20175

#21: TibetanAntelope
position  1:    T:0.23684    C:0.15789    A:0.23684    G:0.36842
position  2:    T:0.31579    C:0.23684    A:0.34211    G:0.10526
position  3:    T:0.28947    C:0.28947    A:0.26316    G:0.15789
Average         T:0.28070    C:0.22807    A:0.28070    G:0.21053

#22: Sitatunga      
position  1:    T:0.23684    C:0.15789    A:0.23684    G:0.36842
position  2:    T:0.31579    C:0.23684    A:0.34211    G:0.10526
position  3:    T:0.26316    C:0.31579    A:0.28947    G:0.13158
Average         T:0.27193    C:0.23684    A:0.28947    G:0.20175

#23: Oribi          
position  1:    T:0.23684    C:0.15789    A:0.23684    G:0.36842
position  2:    T:0.31579    C:0.23684    A:0.34211    G:0.10526
position  3:    T:0.31579    C:0.26316    A:0.26316    G:0.15789
Average         T:0.28947    C:0.21930    A:0.28070    G:0.21053

#24: BarbarySheep   
position  1:    T:0.23684    C:0.15789    A:0.23684    G:0.36842
position  2:    T:0.31579    C:0.23684    A:0.34211    G:0.10526
position  3:    T:0.28947    C:0.28947    A:0.26316    G:0.15789
Average         T:0.28070    C:0.22807    A:0.28070    G:0.21053

#25: Daviddeer      
position  1:    T:0.23684    C:0.15789    A:0.23684    G:0.36842
position  2:    T:0.31579    C:0.23684    A:0.34211    G:0.10526
position  3:    T:0.28947    C:0.26316    A:0.28947    G:0.15789
Average         T:0.28070    C:0.21930    A:0.28947    G:0.21053

#26: Reindeer       
position  1:    T:0.23684    C:0.15789    A:0.23684    G:0.36842
position  2:    T:0.31579    C:0.23684    A:0.34211    G:0.10526
position  3:    T:0.28947    C:0.28947    A:0.26316    G:0.15789
Average         T:0.28070    C:0.22807    A:0.28070    G:0.21053

#27: Ibex           
position  1:    T:0.23684    C:0.15789    A:0.23684    G:0.36842
position  2:    T:0.31579    C:0.23684    A:0.34211    G:0.10526
position  3:    T:0.28947    C:0.28947    A:0.26316    G:0.15789
Average         T:0.28070    C:0.22807    A:0.28070    G:0.21053

#28: GyrantGazelle  
position  1:    T:0.23684    C:0.15789    A:0.23684    G:0.36842
position  2:    T:0.31579    C:0.23684    A:0.34211    G:0.10526
position  3:    T:0.31579    C:0.26316    A:0.28947    G:0.13158
Average         T:0.28947    C:0.21930    A:0.28947    G:0.20175

#29: Hartebeest     
position  1:    T:0.23684    C:0.15789    A:0.23684    G:0.36842
position  2:    T:0.31579    C:0.23684    A:0.34211    G:0.10526
position  3:    T:0.28947    C:0.28947    A:0.26316    G:0.15789
Average         T:0.28070    C:0.22807    A:0.28070    G:0.21053

#30: Bongo          
position  1:    T:0.23684    C:0.15789    A:0.23684    G:0.36842
position  2:    T:0.31579    C:0.23684    A:0.34211    G:0.10526
position  3:    T:0.28947    C:0.28947    A:0.28947    G:0.13158
Average         T:0.28070    C:0.22807    A:0.28947    G:0.20175

#31: Gerenuk        
position  1:    T:0.23684    C:0.15789    A:0.23684    G:0.36842
position  2:    T:0.31579    C:0.23684    A:0.34211    G:0.10526
position  3:    T:0.31579    C:0.26316    A:0.26316    G:0.15789
Average         T:0.28947    C:0.21930    A:0.28070    G:0.21053

#32: CommonEland    
position  1:    T:0.23684    C:0.15789    A:0.23684    G:0.36842
position  2:    T:0.31579    C:0.23684    A:0.34211    G:0.10526
position  3:    T:0.28947    C:0.28947    A:0.28947    G:0.13158
Average         T:0.28070    C:0.22807    A:0.28947    G:0.20175

#33: MuntiacusReevesi
position  1:    T:0.23684    C:0.15789    A:0.23684    G:0.36842
position  2:    T:0.31579    C:0.23684    A:0.34211    G:0.10526
position  3:    T:0.26316    C:0.28947    A:0.26316    G:0.18421
Average         T:0.27193    C:0.22807    A:0.28070    G:0.21930

#34: HarveysDuiker  
position  1:    T:0.23684    C:0.15789    A:0.23684    G:0.36842
position  2:    T:0.31579    C:0.23684    A:0.34211    G:0.10526
position  3:    T:0.28947    C:0.28947    A:0.26316    G:0.15789
Average         T:0.28070    C:0.22807    A:0.28070    G:0.21053

#35: Pronghorn      
position  1:    T:0.23684    C:0.15789    A:0.23684    G:0.36842
position  2:    T:0.31579    C:0.23684    A:0.34211    G:0.10526
position  3:    T:0.26316    C:0.31579    A:0.28947    G:0.13158
Average         T:0.27193    C:0.23684    A:0.28947    G:0.20175

#36: BlueWildebeest 
position  1:    T:0.23684    C:0.15789    A:0.23684    G:0.36842
position  2:    T:0.31579    C:0.23684    A:0.34211    G:0.10526
position  3:    T:0.28947    C:0.28947    A:0.26316    G:0.15789
Average         T:0.28070    C:0.22807    A:0.28070    G:0.21053

#37: Gemsbok        
position  1:    T:0.23684    C:0.15789    A:0.23684    G:0.36842
position  2:    T:0.31579    C:0.23684    A:0.34211    G:0.10526
position  3:    T:0.28947    C:0.26316    A:0.26316    G:0.18421
Average         T:0.28070    C:0.21930    A:0.28070    G:0.21930

#38: Yak            
position  1:    T:0.23684    C:0.15789    A:0.23684    G:0.36842
position  2:    T:0.31579    C:0.23684    A:0.34211    G:0.10526
position  3:    T:0.28947    C:0.28947    A:0.26316    G:0.15789
Average         T:0.28070    C:0.22807    A:0.28070    G:0.21053

#39: BlueSheep      
position  1:    T:0.23684    C:0.15789    A:0.23684    G:0.36842
position  2:    T:0.31579    C:0.23684    A:0.34211    G:0.10526
position  3:    T:0.31579    C:0.28947    A:0.23684    G:0.15789
Average         T:0.28947    C:0.22807    A:0.27193    G:0.21053

#40: BohorReedbuck  
position  1:    T:0.23684    C:0.15789    A:0.23684    G:0.36842
position  2:    T:0.31579    C:0.23684    A:0.34211    G:0.10526
position  3:    T:0.28947    C:0.28947    A:0.26316    G:0.15789
Average         T:0.28070    C:0.22807    A:0.28070    G:0.21053

#41: KirksDik       
position  1:    T:0.23684    C:0.15789    A:0.23684    G:0.36842
position  2:    T:0.31579    C:0.23684    A:0.34211    G:0.10526
position  3:    T:0.31579    C:0.26316    A:0.26316    G:0.15789
Average         T:0.28947    C:0.21930    A:0.28070    G:0.21053

#42: RoeDeer        
position  1:    T:0.23684    C:0.15789    A:0.23684    G:0.36842
position  2:    T:0.31579    C:0.23684    A:0.34211    G:0.10526
position  3:    T:0.28947    C:0.28947    A:0.28947    G:0.13158
Average         T:0.28070    C:0.22807    A:0.28947    G:0.20175

#43: WhiteLippedDeer
position  1:    T:0.23684    C:0.15789    A:0.23684    G:0.36842
position  2:    T:0.31579    C:0.23684    A:0.34211    G:0.10526
position  3:    T:0.28947    C:0.26316    A:0.28947    G:0.15789
Average         T:0.28070    C:0.21930    A:0.28947    G:0.21053

#44: ThomsonGazelle 
position  1:    T:0.23684    C:0.15789    A:0.23684    G:0.36842
position  2:    T:0.31579    C:0.23684    A:0.34211    G:0.10526
position  3:    T:0.31579    C:0.26316    A:0.28947    G:0.13158
Average         T:0.28947    C:0.21930    A:0.28947    G:0.20175

#45: MuntiacusCrinifrons
position  1:    T:0.23684    C:0.15789    A:0.23684    G:0.36842
position  2:    T:0.31579    C:0.23684    A:0.34211    G:0.10526
position  3:    T:0.26316    C:0.28947    A:0.26316    G:0.18421
Average         T:0.27193    C:0.22807    A:0.28070    G:0.21930

#46: WhiteTailedDeer
position  1:    T:0.23684    C:0.15789    A:0.23684    G:0.36842
position  2:    T:0.31579    C:0.23684    A:0.34211    G:0.10526
position  3:    T:0.31579    C:0.26316    A:0.26316    G:0.15789
Average         T:0.28947    C:0.21930    A:0.28070    G:0.21053

#47: Cattle         
position  1:    T:0.23684    C:0.15789    A:0.23684    G:0.36842
position  2:    T:0.31579    C:0.23684    A:0.34211    G:0.10526
position  3:    T:0.28947    C:0.28947    A:0.26316    G:0.15789
Average         T:0.28070    C:0.22807    A:0.28070    G:0.21053

#48: RoyalAntelope  
position  1:    T:0.23684    C:0.15789    A:0.23684    G:0.36842
position  2:    T:0.31579    C:0.23684    A:0.34211    G:0.10526
position  3:    T:0.28947    C:0.28947    A:0.26316    G:0.15789
Average         T:0.28070    C:0.22807    A:0.28070    G:0.21053

#49: Steenbok       
position  1:    T:0.23684    C:0.15789    A:0.23684    G:0.36842
position  2:    T:0.31579    C:0.23684    A:0.34211    G:0.10526
position  3:    T:0.31579    C:0.26316    A:0.26316    G:0.15789
Average         T:0.28947    C:0.21930    A:0.28070    G:0.21053

#50: Impala         
position  1:    T:0.23684    C:0.15789    A:0.23684    G:0.36842
position  2:    T:0.31579    C:0.23684    A:0.34211    G:0.10526
position  3:    T:0.26316    C:0.31579    A:0.26316    G:0.15789
Average         T:0.27193    C:0.23684    A:0.28070    G:0.21053

#51: Klipspringer   
position  1:    T:0.23684    C:0.15789    A:0.23684    G:0.36842
position  2:    T:0.31579    C:0.23684    A:0.34211    G:0.10526
