1
52 1
Argali 0.000000 0.125100 0.035600 0.110700 0.031500 0.003300 0.027100 0.030000 0.033000 0.053300 0.004900 0.030100 0.014900 0.027100 0.024200 0.032700 0.046700 0.050200 0.015800 0.032200 0.030000 0.007400 0.050500 0.051800 0.007400 0.028400 0.015700 0.031300 0.031800 0.032200 0.053300 0.026600 0.053900 0.018200 0.021600 0.030900 0.013200 0.030200 0.040800 0.045600 0.047900 0.034500 0.051600 0.056300 0.028400 0.036100 0.033600 0.024100 0.027500 0.041100 0.033300 0.035600
LesserMous 0.125100 0.000000 0.124700 0.146200 0.128800 0.127100 0.124000 0.115000 0.125600 0.125300 0.125000 0.121900 0.123900 0.122700 0.118500 0.122000 0.132100 0.133000 0.128900 0.122600 0.117500 0.129800 0.122100 0.125600 0.127500 0.115700 0.124800 0.122800 0.123700 0.122700 0.127500 0.122000 0.132500 0.127900 0.129200 0.119900 0.130200 0.124700 0.130400 0.118300 0.121300 0.120200 0.123400 0.128800 0.120500 0.128600 0.122200 0.120000 0.130300 0.127100 0.123700 0.124800
LesserKudu 0.035600 0.124700 0.000000 0.109100 0.035600 0.037300 0.032200 0.033900 0.009000 0.056700 0.037300 0.024900 0.030800 0.030000 0.026700 0.036100 0.050400 0.053400 0.036600 0.008200 0.033400 0.039400 0.054600 0.053600 0.038200 0.032100 0.031700 0.007400 0.033500 0.008200 0.056400 0.030000 0.055800 0.034400 0.037500 0.025800 0.044400 0.033900 0.042900 0.047800 0.051000 0.038300 0.055000 0.056400 0.023300 0.041300 0.039200 0.029600 0.038500 0.042000 0.010700 0.011500
KillerWhal 0.110700 0.146200 0.109100 0.000000 0.114000 0.112700 0.106200 0.100500 0.108000 0.118000 0.110600 0.103900 0.104400 0.104400 0.102200 0.108000 0.108900 0.111600 0.112900 0.107000 0.103900 0.115500 0.117100 0.118100 0.111600 0.104000 0.105300 0.105300 0.109600 0.107100 0.118200 0.104100 0.104900 0.108300 0.108100 0.105000 0.118700 0.111800 0.117900 0.107700 0.115100 0.109200 0.115100 0.122600 0.103900 0.116200 0.112200 0.103100 0.111400 0.107600 0.109900 0.109800
DefassaWat 0.031500 0.128800 0.035600 0.114000 0.000000 0.033200 0.025900 0.032400 0.034800 0.056900 0.031500 0.031900 0.024400 0.026700 0.026000 0.032800 0.044700 0.052200 0.031500 0.032200 0.030200 0.033800 0.057000 0.055500 0.032300 0.026800 0.025300 0.033100 0.031900 0.033900 0.056900 0.026700 0.057800 0.027900 0.030700 0.033200 0.038500 0.007400 0.040000 0.045800 0.053400 0.032900 0.055200 0.060100 0.030600 0.035400 0.032100 0.027100 0.033300 0.044700 0.036500 0.037300
Sheep 0.003300 0.127100 0.037300 0.112700 0.033200 0.000000 0.028800 0.031700 0.034700 0.055100 0.006600 0.031800 0.016500 0.028800 0.025900 0.034400 0.048400 0.051900 0.017400 0.033900 0.031700 0.009000 0.052300 0.053600 0.009000 0.030100 0.017400 0.033000 0.033500 0.033900 0.055100 0.028300 0.055700 0.019900 0.023300 0.032700 0.014900 0.031900 0.042500 0.047400 0.049600 0.036200 0.053400 0.058000 0.030100 0.037800 0.035400 0.025800 0.029200 0.042800 0.035100 0.037300
MaxwellsDu 0.027100 0.124000 0.032200 0.106200 0.025900 0.028800 0.000000 0.025800 0.029600 0.048200 0.027500 0.025400 0.019100 0.012400 0.021200 0.026800 0.044700 0.047300 0.027400 0.028800 0.024100 0.029900 0.046500 0.050800 0.028400 0.022500 0.019900 0.028000 0.025900 0.028800 0.048200 0.012300 0.052500 0.022400 0.025900 0.028000 0.034400 0.024200 0.035600 0.044100 0.044600 0.028500 0.046500 0.055300 0.025400 0.031000 0.027700 0.022800 0.027800 0.038900 0.031400 0.032200
GazellaPrz 0.030000 0.115000 0.033900 0.100500 0.032400 0.031700 0.025800 0.000000 0.033000 0.051300 0.028300 0.030100 0.021600 0.025400 0.025900 0.022500 0.044000 0.047500 0.029300 0.032200 0.017000 0.031700 0.051400 0.050900 0.030900 0.018200 0.022400 0.031300 0.021400 0.032100 0.053100 0.024900 0.050300 0.024900 0.025000 0.030900 0.036900 0.030200 0.032100 0.043800 0.049600 0.024200 0.051400 0.054500 0.028400 0.034400 0.025100 0.024100 0.029200 0.041000 0.034800 0.035600
MountainNy 0.033000 0.125600 0.009000 0.108000 0.034800 0.034700 0.029600 0.033000 0.000000 0.053900 0.034700 0.022400 0.028100 0.027500 0.024200 0.033600 0.047600 0.050700 0.033900 0.002400 0.030700 0.037100 0.051800 0.050900 0.035600 0.029500 0.028900 0.003300 0.030900 0.005700 0.053600 0.027400 0.053100 0.031600 0.034800 0.023300 0.041800 0.033000 0.042000 0.045000 0.048300 0.035700 0.052200 0.053600 0.020700 0.038700 0.036500 0.027000 0.035800 0.039300 0.006600 0.009000
MuntiacusM 0.053300 0.125300 0.056700 0.118000 0.056900 0.055100 0.048200 0.051300 0.053900 0.000000 0.055100 0.052300 0.050300 0.046100 0.051900 0.055900 0.061500 0.065100 0.055800 0.053000 0.048900 0.055700 0.014200 0.028600 0.056000 0.047900 0.051100 0.051300 0.055000 0.053100 0.006600 0.046000 0.065000 0.053100 0.055100 0.052500 0.062600 0.055200 0.063900 0.023600 0.012500 0.051600 0.003300 0.032900 0.049900 0.057900 0.057200 0.047900 0.059500 0.054900 0.055800 0.055700
goat 0.004900 0.125000 0.037300 0.110600 0.031500 0.006600 0.027500 0.028300 0.034700 0.055100 0.000000 0.031800 0.014900 0.027100 0.025900 0.032700 0.046600 0.050100 0.015300 0.033800 0.030000 0.008200 0.053100 0.053500 0.007400 0.028400 0.015700 0.033000 0.031800 0.033800 0.055100 0.026600 0.055700 0.018200 0.021600 0.032600 0.013200 0.030200 0.040700 0.047400 0.049600 0.034500 0.053300 0.058000 0.030100 0.036100 0.033600 0.025800 0.025800 0.042800 0.035000 0.037300
AfricanBuf 0.030100 0.121900 0.024900 0.103900 0.031900 0.031800 0.025400 0.030100 0.022400 0.052300 0.031800 0.000000 0.025000 0.026700 0.022500 0.031000 0.041100 0.045400 0.031000 0.021600 0.028300 0.034100 0.050700 0.048700 0.032600 0.026700 0.025800 0.020700 0.030100 0.021600 0.052300 0.026600 0.052200 0.028400 0.031900 0.017000 0.037000 0.030200 0.040600 0.043000 0.047000 0.031100 0.050600 0.051400 0.014900 0.036800 0.033700 0.024100 0.032900 0.039400 0.024100 0.024900
Topi 0.014900 0.123900 0.030800 0.104400 0.024400 0.016500 0.019100 0.021600 0.028100 0.050300 0.014900 0.025000 0.000000 0.018600 0.019100 0.024200 0.043000 0.045800 0.014100 0.027300 0.021500 0.017100 0.047900 0.048300 0.015700 0.020500 0.000800 0.026400 0.023300 0.027200 0.047900 0.018200 0.048600 0.004900 0.011600 0.025800 0.021600 0.022300 0.034500 0.040900 0.046100 0.026600 0.048500 0.052700 0.023300 0.028400 0.027500 0.019100 0.020800 0.037600 0.028200 0.030700
CommonDuik 0.027100 0.122700 0.030000 0.104400 0.026700 0.028800 0.012400 0.025400 0.027500 0.046100 0.027100 0.026700 0.018600 0.000000 0.022700 0.025900 0.046400 0.049900 0.027000 0.026600 0.023300 0.029400 0.044300 0.048700 0.027900 0.021600 0.019400 0.025800 0.025000 0.026700 0.046100 0.004900 0.052200 0.022000 0.025400 0.027500 0.034000 0.025100 0.037300 0.042100 0.042600 0.026000 0.044300 0.053200 0.025000 0.030100 0.028500 0.022800 0.028100 0.035000 0.029200 0.030000
Suni 0.024200 0.118500 0.026700 0.102200 0.026000 0.025900 0.021200 0.025900 0.024200 0.051900 0.025900 0.022500 0.019100 0.022700 0.000000 0.026800 0.040700 0.044200 0.025100 0.023300 0.023900 0.028200 0.050100 0.049100 0.026700 0.022900 0.020000 0.022500 0.025900 0.023400 0.051900 0.022600 0.049200 0.022500 0.026000 0.025500 0.032800 0.024300 0.034800 0.042400 0.046500 0.028800 0.050200 0.053600 0.022900 0.033200 0.029500 0.019100 0.027200 0.037100 0.025900 0.026700
Springbuck 0.032700 0.122000 0.036100 0.108000 0.032800 0.034400 0.026800 0.022500 0.033600 0.055900 0.032700 0.031000 0.024200 0.025900 0.026800 0.000000 0.049900 0.053400 0.031900 0.032700 0.021200 0.035000 0.054200 0.052300 0.033500 0.010800 0.025000 0.031900 0.011100 0.032700 0.056000 0.025800 0.056700 0.025800 0.031100 0.031900 0.039600 0.031100 0.031300 0.048400 0.052400 0.015000 0.054200 0.056900 0.029300 0.036200 0.024300 0.026700 0.031100 0.043800 0.035300 0.034300
Okapi 0.046700 0.132100 0.050400 0.108900 0.044700 0.048400 0.044700 0.044000 0.047600 0.061500 0.046600 0.041100 0.043000 0.046400 0.040700 0.049900 0.000000 0.026700 0.048500 0.046700 0.044200 0.051800 0.061500 0.060100 0.050100 0.041900 0.043900 0.045000 0.049000 0.046700 0.063300 0.045700 0.058600 0.046500 0.046700 0.040500 0.056500 0.042500 0.055200 0.052100 0.057900 0.047300 0.059700 0.062900 0.039700 0.053800 0.049500 0.038800 0.048500 0.051900 0.049400 0.049300
Giraffe 0.050200 0.133000 0.053400 0.111600 0.052200 0.051900 0.047300 0.047500 0.050700 0.065100 0.050100 0.045400 0.045800 0.049900 0.044200 0.053400 0.026700 0.000000 0.052000 0.049200 0.049400 0.053500 0.062500 0.062300 0.053700 0.047200 0.046600 0.048100 0.052500 0.049800 0.065100 0.049200 0.064000 0.049300 0.050300 0.045800 0.060000 0.049500 0.061500 0.055100 0.058800 0.052700 0.063400 0.066900 0.044900 0.057900 0.054900 0.043400 0.052000 0.055100 0.052500 0.052400
TibetanAnt 0.015800 0.128900 0.036600 0.112900 0.031500 0.017400 0.027400 0.029300 0.033900 0.055800 0.015300 0.031000 0.014100 0.027000 0.025100 0.031900 0.048500 0.052000 0.000000 0.033100 0.029200 0.017500 0.054100 0.052700 0.016600 0.027600 0.014900 0.032300 0.029300 0.033100 0.055900 0.026500 0.052900 0.017500 0.020900 0.031900 0.022600 0.029400 0.038200 0.046500 0.050500 0.033700 0.054100 0.057200 0.029300 0.035300 0.032800 0.026700 0.025900 0.042200 0.034300 0.036500
Sitatunga 0.032200 0.122600 0.008200 0.107000 0.032200 0.033900 0.028800 0.032200 0.002400 0.053000 0.033800 0.021600 0.027300 0.026600 0.023300 0.032700 0.046700 0.049200 0.033100 0.000000 0.029900 0.036200 0.050900 0.050000 0.034700 0.028700 0.028100 0.002500 0.030100 0.004900 0.052700 0.026600 0.052200 0.030800 0.034000 0.022400 0.040900 0.030500 0.041100 0.044100 0.047400 0.034800 0.051300 0.052700 0.019900 0.037800 0.035700 0.024400 0.035000 0.038400 0.005700 0.008200
Oribi 0.030000 0.117500 0.033400 0.103900 0.030200 0.031700 0.024100 0.017000 0.030700 0.048900 0.030000 0.028300 0.021500 0.023300 0.023900 0.021200 0.044200 0.049400 0.029200 0.029900 0.000000 0.032400 0.045400 0.046200 0.030900 0.017000 0.022400 0.029100 0.020600 0.029900 0.048900 0.023300 0.050200 0.025100 0.024900 0.029200 0.036500 0.028500 0.032700 0.041700 0.045400 0.023100 0.047200 0.050700 0.026600 0.033700 0.023900 0.022200 0.031200 0.039400 0.032500 0.033300
BarbaryShe 0.007400 0.129800 0.039400 0.115500 0.033800 0.009000 0.029900 0.031700 0.037100 0.055700 0.008200 0.034100 0.017100 0.029400 0.028200 0.035000 0.051800 0.053500 0.017500 0.036200 0.032400 0.000000 0.052900 0.054200 0.009000 0.030700 0.018000 0.035400 0.034200 0.036200 0.055700 0.028900 0.058100 0.020500 0.023900 0.035000 0.014900 0.032500 0.043200 0.047900 0.050300 0.036900 0.054000 0.058100 0.032400 0.038500 0.036000 0.028100 0.029900 0.045300 0.035600 0.039600
Daviddeer 0.050500 0.122100 0.054600 0.117100 0.057000 0.052300 0.046500 0.051400 0.051800 0.014200 0.053100 0.050700 0.047900 0.044300 0.050100 0.054200 0.061500 0.062500 0.054100 0.050900 0.045400 0.052900 0.000000 0.026000 0.054000 0.047900 0.048700 0.049200 0.053300 0.051000 0.014200 0.044300 0.064300 0.050700 0.053300 0.050800 0.060600 0.055200 0.064300 0.022800 0.008300 0.051600 0.012500 0.030300 0.048100 0.056900 0.057000 0.046100 0.057800 0.053100 0.052700 0.053600
Reindeer 0.051800 0.125600 0.053600 0.118100 0.055500 0.053600 0.050800 0.050900 0.050900 0.028600 0.053500 0.048700 0.048300 0.048700 0.049100 0.052300 0.060100 0.062300 0.052700 0.050000 0.046200 0.054200 0.026000 0.000000 0.054200 0.047000 0.049100 0.048300 0.052300 0.050100 0.028600 0.048600 0.063500 0.051100 0.053700 0.047100 0.061000 0.053700 0.061400 0.020000 0.022600 0.049800 0.026900 0.012400 0.046300 0.057600 0.056100 0.049200 0.057300 0.052400 0.052700 0.051700
Ibex 0.007400 0.127500 0.038200 0.111600 0.032300 0.009000 0.028400 0.030900 0.035600 0.056000 0.007400 0.032600 0.015700 0.027900 0.026700 0.033500 0.050100 0.053700 0.016600 0.034700 0.030900 0.009000 0.054000 0.054200 0.000000 0.029200 0.016500 0.033900 0.032600 0.034700 0.056000 0.027400 0.054800 0.019000 0.022500 0.033500 0.012400 0.031000 0.039900 0.048200 0.050500 0.035300 0.054200 0.058500 0.030900 0.037000 0.034500 0.026600 0.028400 0.041900 0.035900 0.038100
GyrantGaze 0.028400 0.115700 0.032100 0.104000 0.026800 0.030100 0.022500 0.018200 0.029500 0.047900 0.028400 0.026700 0.020500 0.021600 0.022900 0.010800 0.041900 0.047200 0.027600 0.028700 0.017000 0.030700 0.047900 0.047000 0.029200 0.000000 0.021400 0.027900 0.009900 0.028700 0.049700 0.021600 0.048600 0.022300 0.026800 0.025900 0.035300 0.025100 0.028700 0.040400 0.046200 0.007400 0.046200 0.051500 0.023300 0.030100 0.018400 0.022500 0.027600 0.039400 0.031300 0.032100
Hartebeest 0.015700 0.124800 0.031700 0.105300 0.025300 0.017400 0.019900 0.022400 0.028900 0.051100 0.015700 0.025800 0.000800 0.019400 0.020000 0.025000 0.043900 0.046600 0.014900 0.028100 0.022400 0.018000 0.048700 0.049100 0.016500 0.021400 0.000000 0.027300 0.024100 0.028100 0.048700 0.019000 0.049500 0.005700 0.012400 0.026700 0.022400 0.023100 0.035300 0.041800 0.047000 0.027400 0.049400 0.053600 0.024100 0.029200 0.028300 0.019900 0.021600 0.038500 0.029000 0.031500
Bongo 0.031300 0.122800 0.007400 0.105300 0.033100 0.033000 0.028000 0.031300 0.003300 0.051300 0.033000 0.020700 0.026400 0.025800 0.022500 0.031900 0.045000 0.048100 0.032300 0.002500 0.029100 0.035400 0.049200 0.048300 0.033900 0.027900 0.027300 0.000000 0.029300 0.004100 0.051000 0.025800 0.050500 0.030000 0.033100 0.019900 0.040100 0.031400 0.040300 0.042400 0.045700 0.032200 0.049600 0.051000 0.017400 0.037000 0.034900 0.025300 0.034100 0.036700 0.004900 0.005700
Gerenuk 0.031800 0.123700 0.033500 0.109600 0.031900 0.033500 0.025900 0.021400 0.030900 0.055000 0.031800 0.030100 0.023300 0.025000 0.025900 0.011100 0.049000 0.052500 0.029300 0.030100 0.020600 0.034200 0.053300 0.052300 0.032600 0.009900 0.024100 0.029300 0.000000 0.030100 0.055000 0.025000 0.055800 0.025000 0.030200 0.031000 0.038700 0.030200 0.028700 0.047500 0.051500 0.015800 0.053300 0.056800 0.028400 0.035300 0.022600 0.025900 0.031900 0.042900 0.032700 0.033400
CommonElan 0.032200 0.122700 0.008200 0.107100 0.033900 0.033900 0.028800 0.032100 0.005700 0.053100 0.033800 0.021600 0.027200 0.026700 0.023400 0.032700 0.046700 0.049800 0.033100 0.004900 0.029900 0.036200 0.051000 0.050100 0.034700 0.028700 0.028100 0.004100 0.030100 0.000000 0.052800 0.026600 0.052300 0.030800 0.034000 0.022400 0.040900 0.032200 0.041100 0.044200 0.047400 0.034800 0.051400 0.052800 0.019900 0.037800 0.035700 0.026200 0.035000 0.038500 0.005700 0.004900
MuntiacusR 0.053300 0.127500 0.056400 0.118200 0.056900 0.055100 0.048200 0.053100 0.053600 0.006600 0.055100 0.052300 0.047900 0.046100 0.051900 0.056000 0.063300 0.065100 0.055900 0.052700 0.048900 0.055700 0.014200 0.028600 0.056000 0.049700 0.048700 0.051000 0.055000 0.052800 0.000000 0.046000 0.065000 0.050600 0.053300 0.052500 0.062600 0.055200 0.065700 0.023600 0.012500 0.053400 0.005000 0.032900 0.049900 0.057800 0.059000 0.047900 0.059100 0.055000 0.055500 0.055400
HarveysDui 0.026600 0.122000 0.030000 0.104100 0.026700 0.028300 0.012300 0.024900 0.027400 0.046000 0.026600 0.026600 0.018200 0.004900 0.022600 0.025800 0.045700 0.049200 0.026500 0.026600 0.023300 0.028900 0.044300 0.048600 0.027400 0.021600 0.019000 0.025800 0.025000 0.026600 0.046000 0.000000 0.052000 0.021500 0.025000 0.027500 0.033500 0.025000 0.037300 0.042000 0.042500 0.025900 0.044300 0.053100 0.024900 0.030100 0.028500 0.022400 0.027500 0.034900 0.029200 0.029900
Pronghorn 0.053900 0.132500 0.055800 0.104900 0.057800 0.055700 0.052500 0.050300 0.053100 0.065000 0.055700 0.052200 0.048600 0.052200 0.049200 0.056700 0.058600 0.064000 0.052900 0.052200 0.050200 0.058100 0.064300 0.063500 0.054800 0.048600 0.049500 0.050500 0.055800 0.052300 0.065000 0.052000 0.000000 0.052100 0.052200 0.050400 0.063000 0.055900 0.063500 0.051300 0.060700 0.055900 0.063200 0.068100 0.047800 0.059300 0.059600 0.049500 0.053100 0.053400 0.055000 0.054800
BlueWildeb 0.018200 0.127900 0.034400 0.108300 0.027900 0.019900 0.022400 0.024900 0.031600 0.053100 0.018200 0.028400 0.004900 0.022000 0.022500 0.025800 0.046500 0.049300 0.017500 0.030800 0.025100 0.020500 0.050700 0.051100 0.019000 0.022300 0.005700 0.030000 0.025000 0.030800 0.050600 0.021500 0.052100 0.000000 0.014900 0.029200 0.025000 0.025700 0.038000 0.043700 0.048900 0.028300 0.051400 0.055600 0.026700 0.030900 0.030900 0.022400 0.024100 0.041100 0.031800 0.034300
Gemsbok 0.021600 0.129200 0.037500 0.108100 0.030700 0.023300 0.025900 0.025000 0.034800 0.055100 0.021600 0.031900 0.011600 0.025400 0.026000 0.031100 0.046700 0.050300 0.020900 0.034000 0.024900 0.023900 0.053300 0.053700 0.022500 0.026800 0.012400 0.033100 0.030200 0.034000 0.053300 0.025000 0.052200 0.014900 0.000000 0.032700 0.028500 0.028500 0.041200 0.044000 0.051600 0.032800 0.053400 0.058200 0.030200 0.035300 0.032400 0.025900 0.026800 0.042100 0.033100 0.037400
Yak 0.030900 0.119900 0.025800 0.105000 0.033200 0.032700 0.028000 0.030900 0.023300 0.052500 0.032600 0.017000 0.025800 0.027500 0.025500 0.031900 0.040500 0.045800 0.031900 0.022400 0.029200 0.035000 0.050800 0.047100 0.033500 0.025900 0.026700 0.019900 0.031000 0.022400 0.052500 0.027500 0.050400 0.029200 0.032700 0.000000 0.037900 0.031500 0.041500 0.043200 0.047200 0.030200 0.050800 0.051600 0.002500 0.035100 0.034600 0.025000 0.032000 0.038500 0.025000 0.024100
BlueSheep 0.013200 0.130200 0.044400 0.118700 0.038500 0.014900 0.034400 0.036900 0.041800 0.062600 0.013200 0.037000 0.021600 0.034000 0.032800 0.039600 0.056500 0.060000 0.022600 0.040900 0.036500 0.014900 0.060600 0.061000 0.012400 0.035300 0.022400 0.040100 0.038700 0.040900 0.062600 0.033500 0.063000 0.025000 0.028500 0.037900 0.000000 0.037100 0.047900 0.054700 0.057000 0.041500 0.060800 0.065600 0.035300 0.043100 0.040600 0.032700 0.034400 0.049900 0.042200 0.044300
BohorReedb 0.030200 0.124700 0.033900 0.111800 0.007400 0.031900 0.024200 0.030200 0.033000 0.055200 0.030200 0.030200 0.022300 0.025100 0.024300 0.031100 0.042500 0.049500 0.029400 0.030500 0.028500 0.032500 0.055200 0.053700 0.031000 0.025100 0.023100 0.031400 0.030200 0.032200 0.055200 0.025000 0.055900 0.025700 0.028500 0.031500 0.037100 0.000000 0.038300 0.044000 0.051600 0.031200 0.053400 0.058300 0.028900 0.033700 0.030400 0.025100 0.031100 0.042100 0.034800 0.035600
KirksDik 0.040800 0.130400 0.042900 0.117900 0.040000 0.042500 0.035600 0.032100 0.042000 0.063900 0.040700 0.040600 0.034500 0.037300 0.034800 0.031300 0.055200 0.061500 0.038200 0.041100 0.032700 0.043200 0.064300 0.061400 0.039900 0.028700 0.035300 0.040300 0.028700 0.041100 0.065700 0.037300 0.063500 0.038000 0.041200 0.041500 0.047900 0.038300 0.000000 0.054600 0.060600 0.034700 0.062200 0.066100 0.038900 0.044400 0.034000 0.038200 0.040900 0.049800 0.043800 0.044600
RoeDeer 0.045600 0.118300 0.047800 0.107700 0.045800 0.047400 0.044100 0.043800 0.045000 0.023600 0.047400 0.043000 0.040900 0.042100 0.042400 0.048400 0.052100 0.055100 0.046500 0.044100 0.041700 0.047900 0.022800 0.020000 0.048200 0.040400 0.041800 0.042400 0.047500 0.044200 0.023600 0.042000 0.051300 0.043700 0.044000 0.043200 0.054700 0.044000 0.054600 0.000000 0.019400 0.044000 0.021900 0.026000 0.040500 0.051100 0.049400 0.042100 0.050200 0.044500 0.046800 0.046700
WhiteLippe 0.047900 0.121300 0.051000 0.115100 0.053400 0.049600 0.044600 0.049600 0.048300 0.012500 0.049600 0.047000 0.046100 0.042600 0.046500 0.052400 0.057900 0.058800 0.050500 0.047400 0.045400 0.050300 0.008300 0.022600 0.050500 0.046200 0.047000 0.045700 0.051500 0.047400 0.012500 0.042500 0.060700 0.048900 0.051600 0.047200 0.057000 0.051600 0.060600 0.019400 0.000000 0.049800 0.010800 0.026900 0.044600 0.055200 0.055200 0.044400 0.054200 0.049500 0.050100 0.050000
ThomsonGaz 0.034500 0.120200 0.038300 0.109200 0.032900 0.036200 0.028500 0.024200 0.035700 0.051600 0.034500 0.031100 0.026600 0.026000 0.028800 0.015000 0.047300 0.052700 0.033700 0.034800 0.023100 0.036900 0.051600 0.049800 0.035300 0.007400 0.027400 0.032200 0.015800 0.034800 0.053400 0.025900 0.055900 0.028300 0.032800 0.030200 0.041500 0.031200 0.034700 0.044000 0.049800 0.000000 0.049900 0.054300 0.027700 0.037900 0.024400 0.028500 0.035400 0.043000 0.037400 0.034700
MuntiacusC 0.051600 0.123400 0.055000 0.115100 0.055200 0.053400 0.046500 0.051400 0.052200 0.003300 0.053300 0.050600 0.048500 0.044300 0.050200 0.054200 0.059700 0.063400 0.054100 0.051300 0.047200 0.054000 0.012500 0.026900 0.054200 0.046200 0.049400 0.049600 0.053300 0.051400 0.005000 0.044300 0.063200 0.051400 0.053400 0.050800 0.060800 0.053400 0.062200 0.021900 0.010800 0.049900 0.000000 0.031200 0.048100 0.056100 0.055400 0.046200 0.057800 0.053200 0.054000 0.053900
WhiteTaile 0.056300 0.128800 0.056400 0.122600 0.060100 0.058000 0.055300 0.054500 0.053600 0.032900 0.058000 0.051400 0.052700 0.053200 0.053600 0.056900 0.062900 0.066900 0.057200 0.052700 0.050700 0.058100 0.030300 0.012400 0.058500 0.051500 0.053600 0.051000 0.056800 0.052800 0.032900 0.053100 0.068100 0.055600 0.058200 0.051600 0.065600 0.058300 0.066100 0.026000 0.026900 0.054300 0.031200 0.000000 0.049000 0.062200 0.060600 0.053700 0.061800 0.056700 0.055500 0.054500
Cattle 0.028400 0.120500 0.023300 0.103900 0.030600 0.030100 0.025400 0.028400 0.020700 0.049900 0.030100 0.014900 0.023300 0.025000 0.022900 0.029300 0.039700 0.044900 0.029300 0.019900 0.026600 0.032400 0.048100 0.046300 0.030900 0.023300 0.024100 0.017400 0.028400 0.019900 0.049900 0.024900 0.047800 0.026700 0.030200 0.002500 0.035300 0.028900 0.038900 0.040500 0.044600 0.027700 0.048100 0.049000 0.000000 0.032500 0.032000 0.022500 0.029400 0.035900 0.022400 0.021500
RoyalAntel 0.036100 0.128600 0.041300 0.116200 0.035400 0.037800 0.031000 0.034400 0.038700 0.057900 0.036100 0.036800 0.028400 0.030100 0.033200 0.036200 0.053800 0.057900 0.035300 0.037800 0.033700 0.038500 0.056900 0.057600 0.037000 0.030100 0.029200 0.037000 0.035300 0.037800 0.057800 0.030100 0.059300 0.030900 0.035300 0.035100 0.043100 0.033700 0.044400 0.051100 0.055200 0.037900 0.056100 0.062200 0.032500 0.000000 0.036300 0.032700 0.035900 0.048200 0.040400 0.041200
Steenbok 0.033600 0.122200 0.039200 0.112200 0.032100 0.035400 0.027700 0.025100 0.036500 0.057200 0.033600 0.033700 0.027500 0.028500 0.029500 0.024300 0.049500 0.054900 0.032800 0.035700 0.023900 0.036000 0.057000 0.056100 0.034500 0.018400 0.028300 0.034900 0.022600 0.035700 0.059000 0.028500 0.059600 0.030900 0.032400 0.034600 0.040600 0.030400 0.034000 0.049400 0.055200 0.024400 0.055400 0.060600 0.032000 0.036300 0.000000 0.027700 0.035800 0.045100 0.038300 0.039100
Impala 0.024100 0.120000 0.029600 0.103100 0.027100 0.025800 0.022800 0.024100 0.027000 0.047900 0.025800 0.024100 0.019100 0.022800 0.019100 0.026700 0.038800 0.043400 0.026700 0.024400 0.022200 0.028100 0.046100 0.049200 0.026600 0.022500 0.019900 0.025300 0.025900 0.026200 0.047900 0.022400 0.049500 0.022400 0.025900 0.025000 0.032700 0.025100 0.038200 0.042100 0.044400 0.028500 0.046200 0.053700 0.022500 0.032700 0.027700 0.000000 0.028400 0.038500 0.028700 0.029500
Klipspring 0.027500 0.130300 0.038500 0.111400 0.033300 0.029200 0.027800 0.029200 0.035800 0.059500 0.025800 0.032900 0.020800 0.028100 0.027200 0.031100 0.048500 0.052000 0.025900 0.035000 0.031200 0.029900 0.057800 0.057300 0.028400 0.027600 0.021600 0.034100 0.031900 0.035000 0.059100 0.027500 0.053100 0.024100 0.026800 0.032000 0.034400 0.031100 0.040900 0.050200 0.054200 0.035400 0.057800 0.061800 0.029400 0.035900 0.035800 0.028400 0.000000 0.045500 0.037600 0.038400
ForestMusk 0.041100 0.127100 0.042000 0.107600 0.044700 0.042800 0.038900 0.041000 0.039300 0.054900 0.042800 0.039400 0.037600 0.035000 0.037100 0.043800 0.051900 0.055100 0.042200 0.038400 0.039400 0.045300 0.053100 0.052400 0.041900 0.039400 0.038500 0.036700 0.042900 0.038500 0.055000 0.034900 0.053400 0.041100 0.042100 0.038500 0.049900 0.042100 0.049800 0.044500 0.049500 0.043000 0.053200 0.056700 0.035900 0.048200 0.045100 0.038500 0.045500 0.000000 0.041100 0.041000
Bushbuck 0.033300 0.123700 0.010700 0.109900 0.036500 0.035100 0.031400 0.034800 0.006600 0.055800 0.035000 0.024100 0.028200 0.029200 0.025900 0.035300 0.049400 0.052500 0.034300 0.005700 0.032500 0.035600 0.052700 0.052700 0.035900 0.031300 0.029000 0.004900 0.032700 0.005700 0.055500 0.029200 0.055000 0.031800 0.033100 0.025000 0.042200 0.034800 0.043800 0.046800 0.050100 0.037400 0.054000 0.055500 0.022400 0.040400 0.038300 0.028700 0.037600 0.041100 0.000000 0.009000
GreaterKud 0.035600 0.124800 0.011500 0.109800 0.037300 0.037300 0.032200 0.035600 0.009000 0.055700 0.037300 0.024900 0.030700 0.030000 0.026700 0.034300 0.049300 0.052400 0.036500 0.008200 0.033300 0.039600 0.053600 0.051700 0.038100 0.032100 0.031500 0.005700 0.033400 0.004900 0.055400 0.029900 0.054800 0.034300 0.037400 0.024100 0.044300 0.035600 0.044600 0.046700 0.050000 0.034700 0.053900 0.054500 0.021500 0.041200 0.039100 0.029500 0.038400 0.041000 0.009000 0.000000
