1
52 1
Argali 0.000000 0.310300 0.095500 0.313600 0.077100 0.005700 0.068600 0.101000 0.098400 0.110900 0.034800 0.080500 0.064700 0.062400 0.091800 0.083300 0.099000 0.127200 0.034800 0.103900 0.093000 0.032000 0.108500 0.133600 0.029000 0.092700 0.064500 0.100700 0.086500 0.100800 0.120400 0.071500 0.108300 0.064700 0.061600 0.089000 0.040500 0.082400 0.102500 0.108600 0.115000 0.092900 0.114200 0.110700 0.087100 0.093100 0.086200 0.070400 0.087300 0.120700 0.086200 0.097700
LesserMous 0.310300 0.000000 0.309500 0.367100 0.329100 0.314400 0.311900 0.316400 0.308700 0.302000 0.314200 0.319500 0.317500 0.316000 0.335100 0.324100 0.312100 0.326900 0.314600 0.301700 0.333600 0.315800 0.317000 0.312900 0.307500 0.312100 0.324600 0.334300 0.312200 0.306000 0.314000 0.319600 0.340900 0.330000 0.329800 0.324200 0.304400 0.328700 0.317700 0.333500 0.320800 0.320800 0.317500 0.302000 0.336700 0.327100 0.324200 0.318600 0.331800 0.319500 0.305600 0.334200
LesserKudu 0.095500 0.309500 0.000000 0.336400 0.101500 0.095600 0.098600 0.115300 0.037200 0.107400 0.089100 0.055700 0.098400 0.092000 0.103600 0.116900 0.090800 0.103500 0.095400 0.042700 0.126700 0.092700 0.105000 0.120200 0.083200 0.116800 0.098200 0.039400 0.113800 0.034100 0.113700 0.098300 0.105000 0.095200 0.098300 0.079200 0.088700 0.100400 0.117100 0.105000 0.114500 0.110700 0.104300 0.094700 0.082600 0.107900 0.123900 0.076000 0.118300 0.107300 0.022800 0.031100
KillerWhal 0.313600 0.367100 0.336400 0.000000 0.328900 0.322200 0.329000 0.332300 0.364600 0.351100 0.321800 0.335200 0.332900 0.312200 0.334100 0.335900 0.336700 0.358900 0.318000 0.333200 0.341500 0.327600 0.357500 0.375200 0.323000 0.320100 0.327900 0.357800 0.328600 0.341200 0.362500 0.315700 0.378000 0.332700 0.341600 0.343500 0.308300 0.333000 0.350300 0.366300 0.336200 0.320800 0.358900 0.358600 0.352900 0.364300 0.354500 0.317800 0.348500 0.347900 0.345400 0.340600
DefassaWat 0.077100 0.329100 0.101500 0.328900 0.000000 0.080300 0.074600 0.113300 0.104400 0.129900 0.077000 0.077100 0.083100 0.062200 0.082400 0.083000 0.114600 0.123400 0.064800 0.106700 0.089400 0.074300 0.127600 0.126700 0.077300 0.098700 0.082900 0.113100 0.080000 0.106800 0.139600 0.071400 0.127500 0.083100 0.079900 0.085500 0.079800 0.017000 0.095700 0.121200 0.131000 0.092600 0.126700 0.123200 0.096100 0.093000 0.098700 0.073300 0.099600 0.107400 0.092200 0.103600
Sheep 0.005700 0.314400 0.095600 0.322200 0.080300 0.000000 0.071800 0.107400 0.098500 0.114300 0.037800 0.083700 0.067700 0.065500 0.095000 0.086500 0.105500 0.130500 0.037800 0.104000 0.096200 0.035000 0.111900 0.137100 0.032000 0.095900 0.067600 0.100800 0.089700 0.100900 0.123700 0.068500 0.105200 0.067800 0.064700 0.092200 0.043500 0.085500 0.105700 0.112000 0.121700 0.096100 0.117500 0.114100 0.090300 0.089700 0.089400 0.073500 0.093700 0.124000 0.086300 0.097800
MaxwellsDu 0.068600 0.311900 0.098600 0.329000 0.074600 0.071800 0.000000 0.098700 0.099200 0.121600 0.068500 0.078000 0.068500 0.023400 0.089400 0.074600 0.106200 0.121600 0.062400 0.104700 0.081000 0.065800 0.112700 0.144700 0.068800 0.077800 0.068300 0.107900 0.071500 0.101700 0.137800 0.026400 0.131700 0.065400 0.059200 0.083400 0.068200 0.079900 0.087400 0.119300 0.119100 0.071700 0.118400 0.127900 0.068700 0.068900 0.087200 0.080200 0.078500 0.115200 0.086900 0.108000
GazellaPrz 0.101000 0.316400 0.115300 0.332300 0.113300 0.107400 0.098700 0.000000 0.134800 0.158000 0.107100 0.120200 0.116700 0.098500 0.131200 0.081800 0.145400 0.167800 0.107300 0.143400 0.081900 0.110900 0.155800 0.174800 0.107500 0.084800 0.119500 0.124400 0.078800 0.130700 0.161000 0.101600 0.172300 0.119900 0.122900 0.125400 0.112900 0.118300 0.088100 0.156000 0.159100 0.078900 0.161200 0.151100 0.123900 0.120800 0.087900 0.118600 0.098400 0.128700 0.122400 0.127500
MountainNy 0.098400 0.308700 0.037200 0.364600 0.104400 0.098500 0.099200 0.134800 0.000000 0.116700 0.091900 0.064600 0.101200 0.102100 0.094000 0.120300 0.096900 0.112900 0.098300 0.042600 0.130200 0.095600 0.114200 0.132800 0.086100 0.126700 0.104100 0.031000 0.117200 0.019700 0.119600 0.102100 0.111000 0.091800 0.101200 0.082000 0.091500 0.103200 0.123800 0.108000 0.117400 0.120500 0.113500 0.103800 0.092400 0.107000 0.126800 0.091100 0.115100 0.100800 0.017000 0.039700
MuntiacusM 0.110900 0.302000 0.107400 0.351100 0.129900 0.114300 0.121600 0.158000 0.116700 0.000000 0.117200 0.098600 0.123700 0.114900 0.112700 0.130100 0.104000 0.112700 0.120700 0.112600 0.140300 0.121200 0.055100 0.072700 0.104900 0.136600 0.129900 0.119000 0.123800 0.112700 0.037000 0.124600 0.100900 0.123600 0.120400 0.110100 0.116700 0.128300 0.146900 0.061100 0.058100 0.130400 0.016800 0.057600 0.114800 0.134000 0.149800 0.097100 0.141500 0.103400 0.104400 0.122300
goat 0.034800 0.314200 0.089100 0.321800 0.077000 0.037800 0.068500 0.107100 0.091900 0.117200 0.000000 0.080300 0.064600 0.062300 0.079300 0.083200 0.105200 0.120400 0.034800 0.103700 0.095900 0.026100 0.114900 0.133600 0.017300 0.098800 0.064400 0.106900 0.086400 0.100700 0.120200 0.071400 0.121200 0.058500 0.061500 0.088800 0.022900 0.082300 0.095900 0.115000 0.127800 0.092800 0.114000 0.117100 0.086900 0.086600 0.079900 0.064200 0.080800 0.120500 0.086000 0.103800
AfricanBuf 0.080500 0.319500 0.055700 0.335200 0.077100 0.083700 0.078000 0.120200 0.064600 0.098600 0.080300 0.000000 0.080300 0.071700 0.082500 0.095900 0.079100 0.094800 0.080400 0.070200 0.105600 0.077700 0.102500 0.111500 0.074500 0.095900 0.086300 0.070200 0.086500 0.061100 0.108000 0.080900 0.102400 0.080300 0.080300 0.046400 0.086200 0.082400 0.105700 0.096200 0.102400 0.089800 0.095500 0.095400 0.050000 0.092000 0.108800 0.067400 0.093600 0.092200 0.049700 0.064200
Topi 0.064700 0.317500 0.098400 0.332900 0.083100 0.067700 0.068500 0.116700 0.101200 0.123700 0.064600 0.080300 0.000000 0.062200 0.097800 0.089300 0.117900 0.126800 0.058600 0.100500 0.095800 0.055800 0.127900 0.140000 0.064800 0.098800 0.022900 0.109900 0.092500 0.103700 0.133200 0.071400 0.137500 0.022900 0.055400 0.095000 0.064200 0.082100 0.102300 0.114900 0.127800 0.092700 0.120500 0.123500 0.093100 0.092900 0.092300 0.082400 0.093400 0.113900 0.089000 0.106800
CommonDuik 0.062400 0.316000 0.092000 0.312200 0.062200 0.065500 0.023400 0.098500 0.102100 0.114900 0.062300 0.071700 0.062200 0.000000 0.083000 0.074500 0.106000 0.115000 0.056200 0.101400 0.080900 0.059600 0.112500 0.137800 0.062500 0.071400 0.068200 0.107800 0.071500 0.098300 0.130900 0.020400 0.121700 0.068400 0.059200 0.077000 0.062000 0.067600 0.087300 0.112600 0.118900 0.065500 0.111700 0.121100 0.062400 0.075000 0.087000 0.073900 0.078400 0.111700 0.086800 0.101500
Suni 0.091800 0.335100 0.103600 0.334100 0.082400 0.095000 0.089400 0.131200 0.094000 0.112700 0.079300 0.082500 0.097800 0.083000 0.000000 0.104000 0.104000 0.112700 0.079400 0.108800 0.113800 0.089000 0.123000 0.135100 0.079600 0.104000 0.097600 0.115100 0.100900 0.102700 0.115500 0.092300 0.116300 0.091600 0.088500 0.096900 0.085100 0.081400 0.110500 0.116700 0.119800 0.101000 0.109500 0.118800 0.095100 0.091900 0.119900 0.078600 0.095500 0.100200 0.088200 0.112000
Springbuck 0.083300 0.324100 0.116900 0.335900 0.083000 0.086500 0.074600 0.081800 0.120300 0.130100 0.083200 0.095900 0.089300 0.074500 0.104000 0.000000 0.124300 0.133200 0.077100 0.128900 0.052400 0.080500 0.134300 0.146400 0.083500 0.049300 0.089100 0.122600 0.019900 0.116300 0.139600 0.083800 0.137400 0.083100 0.086200 0.101200 0.089000 0.094500 0.058300 0.127900 0.140800 0.043400 0.126800 0.129800 0.099400 0.096500 0.058300 0.088600 0.090000 0.110700 0.107900 0.119500
Okapi 0.099000 0.312100 0.090800 0.336700 0.114600 0.105500 0.106200 0.145400 0.096900 0.104000 0.105200 0.079100 0.117900 0.106000 0.104000 0.124300 0.000000 0.048900 0.095900 0.102500 0.134300 0.102600 0.095200 0.120000 0.099300 0.114700 0.111300 0.108900 0.120200 0.086900 0.106900 0.115600 0.095200 0.111500 0.101800 0.090500 0.111100 0.119700 0.121300 0.095300 0.098300 0.111700 0.103900 0.097500 0.094900 0.118300 0.121300 0.101000 0.128900 0.097900 0.081600 0.096300
Giraffe 0.127200 0.326900 0.103500 0.358900 0.123400 0.130500 0.121600 0.167800 0.112900 0.112700 0.120400 0.094800 0.126800 0.115000 0.112700 0.133200 0.048900 0.000000 0.111100 0.115300 0.143300 0.124400 0.116600 0.128700 0.114500 0.123600 0.120200 0.124800 0.129700 0.102700 0.122000 0.124500 0.116700 0.120400 0.123500 0.106200 0.126300 0.128500 0.136900 0.110300 0.119700 0.120600 0.112600 0.112500 0.110900 0.133900 0.136800 0.109700 0.144600 0.109800 0.097500 0.112200
TibetanAnt 0.034800 0.314600 0.095400 0.318000 0.064800 0.037800 0.062400 0.107300 0.098300 0.120700 0.034800 0.080400 0.058600 0.056200 0.079400 0.077100 0.095900 0.111100 0.000000 0.097600 0.089700 0.032000 0.118300 0.143600 0.034900 0.092600 0.058500 0.106900 0.080300 0.100700 0.130200 0.065300 0.118100 0.058600 0.049600 0.088900 0.040500 0.064200 0.089800 0.118400 0.131300 0.086600 0.117500 0.120500 0.087000 0.086800 0.080000 0.070400 0.081000 0.117400 0.086100 0.103900
Sitatunga 0.103900 0.301700 0.042700 0.333200 0.106700 0.104000 0.104700 0.143400 0.042600 0.112600 0.103700 0.070200 0.100500 0.101400 0.108800 0.128900 0.102500 0.115300 0.097600 0.000000 0.138900 0.101100 0.116500 0.134900 0.097900 0.125800 0.109600 0.045100 0.119400 0.042300 0.128200 0.104400 0.119700 0.103600 0.100500 0.081400 0.090900 0.105500 0.139000 0.123000 0.126100 0.119700 0.109500 0.106100 0.085500 0.116100 0.125800 0.087300 0.130300 0.112400 0.031100 0.039400
Oribi 0.093000 0.333600 0.126700 0.341500 0.089400 0.096200 0.081000 0.081900 0.130200 0.140300 0.095900 0.105600 0.095800 0.080900 0.113800 0.052400 0.134300 0.143300 0.089700 0.138900 0.000000 0.093300 0.141200 0.157000 0.093200 0.049400 0.095600 0.129300 0.049400 0.126100 0.136800 0.084000 0.147600 0.095900 0.098900 0.114100 0.101800 0.094600 0.070700 0.128100 0.147800 0.043500 0.137000 0.140100 0.106000 0.096700 0.052400 0.101200 0.093500 0.127000 0.117700 0.122800
BarbaryShe 0.032000 0.315800 0.092700 0.327600 0.074300 0.035000 0.065800 0.110900 0.095600 0.121200 0.026100 0.077700 0.055800 0.059600 0.089000 0.080500 0.102600 0.124400 0.032000 0.101100 0.093300 0.000000 0.118800 0.131000 0.026200 0.096200 0.061700 0.098000 0.083700 0.098100 0.130700 0.068700 0.118500 0.061900 0.058800 0.080000 0.031800 0.079600 0.093300 0.112400 0.131900 0.083800 0.117900 0.114500 0.077900 0.090200 0.083400 0.067600 0.087600 0.111500 0.083400 0.101200
Daviddeer 0.108500 0.317000 0.105000 0.357500 0.127600 0.111900 0.112700 0.155800 0.114200 0.055100 0.114900 0.102500 0.127900 0.112500 0.123000 0.134300 0.095200 0.116600 0.118300 0.116500 0.141200 0.118800 0.000000 0.070300 0.108800 0.134200 0.134100 0.116500 0.128000 0.110300 0.064000 0.122300 0.104800 0.127700 0.114600 0.114100 0.114400 0.132600 0.144700 0.052500 0.040400 0.128100 0.055100 0.055000 0.118900 0.131600 0.140900 0.107300 0.146000 0.113800 0.101900 0.119900
Reindeer 0.133600 0.312900 0.120200 0.375200 0.126700 0.137100 0.144700 0.174800 0.132800 0.072700 0.133600 0.111500 0.140000 0.137800 0.135100 0.146400 0.120000 0.128700 0.143600 0.134900 0.157000 0.131000 0.070300 0.000000 0.121000 0.159800 0.146300 0.131800 0.133600 0.128600 0.075700 0.147700 0.116900 0.146600 0.149800 0.119700 0.139500 0.138100 0.156900 0.064200 0.085400 0.153500 0.072700 0.037000 0.131100 0.150500 0.163400 0.116100 0.165200 0.112900 0.120300 0.135200
Ibex 0.029000 0.307500 0.083200 0.323000 0.077300 0.032000 0.068800 0.107500 0.086100 0.104900 0.017300 0.074500 0.064800 0.062500 0.079600 0.083500 0.099300 0.114500 0.034900 0.097900 0.093200 0.026200 0.108800 0.121000 0.000000 0.099200 0.064700 0.094800 0.086700 0.094800 0.107800 0.071700 0.108700 0.064800 0.061700 0.089200 0.023000 0.076500 0.096300 0.108900 0.121700 0.093100 0.101700 0.104700 0.087200 0.086900 0.086500 0.064500 0.087500 0.114600 0.080200 0.098000
GyrantGaze 0.092700 0.312100 0.116800 0.320100 0.098700 0.095900 0.077800 0.084800 0.126700 0.136600 0.098800 0.095900 0.098800 0.071400 0.104000 0.049300 0.114700 0.123600 0.092600 0.125800 0.049400 0.096200 0.134200 0.159800 0.099200 0.000000 0.092300 0.125900 0.046300 0.116300 0.152800 0.080700 0.144000 0.092500 0.095600 0.104300 0.098400 0.103800 0.061400 0.134300 0.140700 0.014300 0.133300 0.142900 0.096200 0.099600 0.055300 0.104100 0.096500 0.123500 0.111200 0.106800
Hartebeest 0.064500 0.324600 0.098200 0.327900 0.082900 0.067600 0.068300 0.119500 0.104100 0.129900 0.064400 0.086300 0.022900 0.068200 0.097600 0.089100 0.111300 0.120200 0.058500 0.109600 0.095600 0.061700 0.134100 0.146300 0.064700 0.092300 0.000000 0.109700 0.092300 0.106600 0.139400 0.071200 0.127300 0.022900 0.055300 0.094800 0.064100 0.082000 0.095800 0.127700 0.140600 0.086300 0.126700 0.136200 0.092900 0.092700 0.085900 0.082300 0.093200 0.126500 0.091900 0.100400
Bongo 0.100700 0.334300 0.039400 0.357800 0.113100 0.100800 0.107900 0.124400 0.031000 0.119000 0.106900 0.070200 0.109900 0.107800 0.115100 0.122600 0.108900 0.124800 0.106900 0.045100 0.129300 0.098000 0.116500 0.131800 0.094800 0.125900 0.109700 0.000000 0.119500 0.036600 0.128300 0.110800 0.110300 0.100400 0.109800 0.081500 0.106400 0.111900 0.132600 0.110300 0.126100 0.113300 0.115800 0.106200 0.091800 0.119400 0.132000 0.099700 0.124000 0.097000 0.025400 0.033700
Gerenuk 0.086500 0.312200 0.113800 0.328600 0.080000 0.089700 0.071500 0.078800 0.117200 0.123800 0.086400 0.086500 0.092500 0.071500 0.100900 0.019900 0.120200 0.129700 0.080300 0.119400 0.049400 0.083700 0.128000 0.133600 0.086700 0.046300 0.092300 0.119500 0.000000 0.113200 0.133300 0.080700 0.131200 0.086300 0.089400 0.091800 0.092200 0.091500 0.055400 0.121600 0.134500 0.040500 0.120600 0.117200 0.089900 0.085900 0.055300 0.085500 0.086900 0.107600 0.104800 0.116300
CommonElan 0.100800 0.306000 0.034100 0.341200 0.106800 0.100900 0.101700 0.130700 0.019700 0.112700 0.100700 0.061100 0.103700 0.098300 0.102700 0.116300 0.086900 0.102700 0.100700 0.042300 0.126100 0.098100 0.110300 0.128600 0.094800 0.116300 0.106600 0.036600 0.113200 0.000000 0.122000 0.104600 0.113500 0.094300 0.103600 0.078500 0.100200 0.105600 0.132700 0.104100 0.113500 0.110200 0.109600 0.100000 0.088700 0.116200 0.116300 0.087400 0.124000 0.090800 0.016900 0.036600
MuntiacusR 0.120400 0.314000 0.113700 0.362500 0.139600 0.123700 0.137800 0.161000 0.119600 0.037000 0.120200 0.108000 0.133200 0.130900 0.115500 0.139600 0.106900 0.122000 0.130200 0.128200 0.136800 0.130700 0.064000 0.075700 0.107800 0.152800 0.139400 0.128300 0.133300 0.122000 0.000000 0.140700 0.110200 0.133100 0.136300 0.119500 0.126100 0.137800 0.143200 0.058000 0.073000 0.146500 0.031200 0.060500 0.124300 0.137000 0.159600 0.100000 0.144300 0.112700 0.113700 0.131700
HarveysDui 0.071500 0.319600 0.098300 0.315700 0.071400 0.068500 0.026400 0.101600 0.102100 0.124600 0.071400 0.080900 0.071400 0.020400 0.092300 0.083800 0.115600 0.124500 0.065300 0.104400 0.084000 0.068700 0.122300 0.147700 0.071700 0.080700 0.071200 0.110800 0.080700 0.104600 0.140700 0.000000 0.127900 0.071400 0.068300 0.086200 0.071100 0.076700 0.090300 0.122300 0.128700 0.074600 0.121300 0.130900 0.071600 0.071800 0.090100 0.083100 0.081500 0.114800 0.089800 0.107700
Pronghorn 0.108300 0.340900 0.105000 0.378000 0.127500 0.105200 0.131700 0.172300 0.111000 0.100900 0.121200 0.102400 0.137500 0.121700 0.116300 0.137400 0.095200 0.116700 0.118100 0.119700 0.147600 0.118500 0.104800 0.116900 0.108700 0.144000 0.127300 0.110300 0.131200 0.113500 0.110200 0.127900 0.000000 0.134000 0.130800 0.120400 0.127100 0.125800 0.144700 0.104300 0.120600 0.137700 0.100900 0.100800 0.121800 0.134900 0.144100 0.113600 0.142200 0.116700 0.098700 0.107300
BlueWildeb 0.064700 0.330000 0.095200 0.332700 0.083100 0.067800 0.065400 0.119900 0.091800 0.123600 0.058500 0.080300 0.022900 0.068400 0.091600 0.083100 0.111500 0.120400 0.058600 0.103600 0.095900 0.061900 0.127700 0.146600 0.064800 0.092500 0.022900 0.100400 0.086300 0.094300 0.133100 0.071400 0.134000 0.000000 0.055500 0.088700 0.064300 0.082200 0.095900 0.121300 0.134200 0.086400 0.120300 0.129900 0.086800 0.092800 0.092300 0.076300 0.093500 0.113900 0.079700 0.103700
Gemsbok 0.061600 0.329800 0.098300 0.341600 0.079900 0.064700 0.059200 0.122900 0.101200 0.120400 0.061500 0.080300 0.055400 0.059200 0.088500 0.086200 0.101800 0.123500 0.049600 0.100500 0.098900 0.058800 0.114600 0.149800 0.061700 0.095600 0.055300 0.109800 0.089400 0.103600 0.136300 0.068300 0.130800 0.055500 0.000000 0.091800 0.061200 0.079000 0.099000 0.118000 0.121000 0.089500 0.117100 0.126500 0.089900 0.083400 0.095300 0.073200 0.087100 0.120000 0.089000 0.106800
Yak 0.089000 0.324200 0.079200 0.343500 0.085500 0.092200 0.083400 0.125400 0.082000 0.110100 0.088800 0.046400 0.095000 0.077000 0.096900 0.101200 0.090500 0.106200 0.088900 0.081400 0.114100 0.080000 0.114100 0.119700 0.089200 0.104300 0.094800 0.081500 0.091800 0.078500 0.119500 0.086200 0.120400 0.088700 0.091800 0.000000 0.094600 0.096900 0.104400 0.101500 0.120400 0.092000 0.107000 0.103600 0.014200 0.097200 0.117100 0.069600 0.111700 0.103600 0.073200 0.087600
BlueSheep 0.040500 0.304400 0.088700 0.308300 0.079800 0.043500 0.068200 0.112900 0.091500 0.116700 0.022900 0.086200 0.064200 0.062000 0.085100 0.089000 0.111100 0.126300 0.040500 0.090900 0.101800 0.031800 0.114400 0.139500 0.023000 0.098400 0.064100 0.106400 0.092200 0.100200 0.126100 0.071100 0.127100 0.064300 0.061200 0.094600 0.000000 0.078900 0.101800 0.120900 0.120800 0.092400 0.113500 0.122900 0.092800 0.086200 0.092000 0.064000 0.093000 0.126400 0.085600 0.103300
BohorReedb 0.082400 0.328700 0.100400 0.333000 0.017000 0.085500 0.079900 0.118300 0.103200 0.128300 0.082300 0.082400 0.082100 0.067600 0.081400 0.094500 0.119700 0.128500 0.064200 0.105500 0.094600 0.079600 0.132600 0.138100 0.076500 0.103800 0.082000 0.111900 0.091500 0.105600 0.137800 0.076700 0.125800 0.082200 0.079000 0.096900 0.078900 0.000000 0.101000 0.126200 0.135900 0.097800 0.125100 0.134600 0.101300 0.098100 0.103900 0.078600 0.092200 0.112500 0.091100 0.102500
KirksDik 0.102500 0.317700 0.117100 0.350300 0.095700 0.105700 0.087400 0.088100 0.123800 0.146900 0.095900 0.105700 0.102300 0.087300 0.110500 0.058300 0.121300 0.136900 0.089800 0.139000 0.070700 0.093300 0.144700 0.156900 0.096300 0.061400 0.095800 0.132600 0.055400 0.132700 0.143200 0.090300 0.144700 0.095900 0.099000 0.104400 0.101800 0.101000 0.000000 0.131400 0.151300 0.049500 0.143600 0.140000 0.102700 0.093400 0.070600 0.101300 0.087200 0.133500 0.117800 0.123000
RoeDeer 0.108600 0.333500 0.105000 0.366300 0.121200 0.112000 0.119300 0.156000 0.108000 0.061100 0.115000 0.096200 0.114900 0.112600 0.116700 0.127900 0.095300 0.110300 0.118400 0.123000 0.128100 0.112400 0.052500 0.064200 0.108900 0.134300 0.127700 0.110300 0.121600 0.104100 0.058000 0.122300 0.104300 0.121300 0.118000 0.101500 0.120900 0.126200 0.131400 0.000000 0.055400 0.128100 0.061100 0.049100 0.112500 0.131800 0.141000 0.094800 0.139300 0.101000 0.102000 0.119900
WhiteLippe 0.115000 0.320800 0.114500 0.336200 0.131000 0.121700 0.119100 0.159100 0.117400 0.058100 0.127800 0.102400 0.127800 0.118900 0.119800 0.140800 0.098300 0.119700 0.131300 0.126100 0.147800 0.131900 0.040400 0.085400 0.121700 0.140700 0.140600 0.126100 0.134500 0.113500 0.073000 0.128700 0.120600 0.134200 0.121000 0.120400 0.120800 0.135900 0.151300 0.055400 0.000000 0.134500 0.064000 0.070000 0.125300 0.131600 0.154200 0.107300 0.145800 0.120200 0.105100 0.129500
ThomsonGaz 0.092900 0.320800 0.110700 0.320800 0.092600 0.096100 0.071700 0.078900 0.120500 0.130400 0.092800 0.089800 0.092700 0.065500 0.101000 0.043400 0.111700 0.120600 0.086600 0.119700 0.043500 0.083800 0.128100 0.153500 0.093100 0.014300 0.086300 0.113300 0.040500 0.110200 0.146500 0.074600 0.137700 0.086400 0.089500 0.092000 0.092400 0.097800 0.049500 0.128100 0.134500 0.000000 0.127100 0.136700 0.083800 0.093500 0.049400 0.098100 0.090300 0.117400 0.105000 0.107100
MuntiacusC 0.114200 0.317500 0.104300 0.358900 0.126700 0.117500 0.118400 0.161200 0.113500 0.016800 0.114000 0.095500 0.120500 0.111700 0.109500 0.126800 0.103900 0.112600 0.117500 0.109500 0.137000 0.117900 0.055100 0.072700 0.101700 0.133300 0.126700 0.115800 0.120600 0.109600 0.031200 0.121300 0.100900 0.120300 0.117100 0.107000 0.113500 0.125100 0.143600 0.061100 0.064000 0.127100 0.000000 0.057600 0.111600 0.130700 0.146500 0.094000 0.138100 0.103300 0.101200 0.119100
WhiteTaile 0.110700 0.302000 0.094700 0.358600 0.123200 0.114100 0.127900 0.151100 0.103800 0.057600 0.117100 0.095400 0.123500 0.121100 0.118800 0.129800 0.097500 0.112500 0.120500 0.106100 0.140100 0.114500 0.055000 0.037000 0.104700 0.142900 0.136200 0.106200 0.117200 0.100000 0.060500 0.130900 0.100800 0.129900 0.126500 0.103600 0.122900 0.134600 0.140000 0.049100 0.070000 0.136700 0.057600 0.000000 0.114600 0.133700 0.139700 0.100200 0.144800 0.096900 0.091700 0.109400
Cattle 0.087100 0.336700 0.082600 0.352900 0.096100 0.090300 0.068700 0.123900 0.092400 0.114800 0.086900 0.050000 0.093100 0.062400 0.095100 0.099400 0.094900 0.110900 0.087000 0.085500 0.106000 0.077900 0.118900 0.131100 0.087200 0.096200 0.092900 0.091800 0.089900 0.088700 0.124300 0.071600 0.121800 0.086800 0.089900 0.014200 0.092800 0.101300 0.102700 0.112500 0.125300 0.083800 0.111600 0.114600 0.000000 0.085900 0.112200 0.073600 0.103600 0.114600 0.077200 0.091900
RoyalAntel 0.093100 0.327100 0.107900 0.364300 0.093000 0.089700 0.068900 0.120800 0.107000 0.134000 0.086600 0.092000 0.092900 0.075000 0.091900 0.096500 0.118300 0.133900 0.086800 0.116100 0.096700 0.090200 0.131600 0.150500 0.086900 0.099600 0.092700 0.119400 0.085900 0.116200 0.137000 0.071800 0.134900 0.092800 0.083400 0.097200 0.086200 0.098100 0.093400 0.131800 0.131600 0.093500 0.130700 0.133700 0.085900 0.000000 0.102500 0.079900 0.090700 0.124400 0.101200 0.119400
Steenbok 0.086200 0.324200 0.123900 0.354500 0.098700 0.089400 0.087200 0.087900 0.126800 0.149800 0.079900 0.108800 0.092300 0.087000 0.119900 0.058300 0.121300 0.136800 0.080000 0.125800 0.052400 0.083400 0.140900 0.163400 0.086500 0.055300 0.085900 0.132000 0.055300 0.116300 0.159600 0.090100 0.144100 0.092300 0.095300 0.117100 0.092000 0.103900 0.070600 0.141000 0.154200 0.049400 0.146500 0.139700 0.112200 0.102500 0.000000 0.104200 0.093300 0.130100 0.114300 0.113100
Impala 0.070400 0.318600 0.076000 0.317800 0.073300 0.073500 0.080200 0.118600 0.091100 0.097100 0.064200 0.067400 0.082400 0.073900 0.078600 0.088600 0.101000 0.109700 0.070400 0.087300 0.101200 0.067600 0.107300 0.116100 0.064500 0.104100 0.082300 0.099700 0.085500 0.087400 0.100000 0.083100 0.113600 0.076300 0.073200 0.069600 0.064000 0.078600 0.101300 0.094800 0.107300 0.098100 0.094000 0.100200 0.073600 0.079900 0.104200 0.000000 0.105200 0.106700 0.079100 0.090500
Klipspring 0.087300 0.331800 0.118300 0.348500 0.099600 0.093700 0.078500 0.098400 0.115100 0.141500 0.080800 0.093600 0.093400 0.078400 0.095500 0.090000 0.128900 0.144600 0.081000 0.130300 0.093500 0.087600 0.146000 0.165200 0.087500 0.096500 0.093200 0.124000 0.086900 0.124000 0.144300 0.081500 0.142200 0.093500 0.087100 0.111700 0.093000 0.092200 0.087200 0.139300 0.145800 0.090300 0.138100 0.144800 0.103600 0.090700 0.093300 0.105200 0.000000 0.115100 0.109100 0.127200
ForestMusk 0.120700 0.319500 0.107300 0.347900 0.107400 0.124000 0.115200 0.128700 0.100800 0.103400 0.120500 0.092200 0.113900 0.111700 0.100200 0.110700 0.097900 0.109800 0.117400 0.112400 0.127000 0.111500 0.113800 0.112900 0.114600 0.123500 0.126500 0.097000 0.107600 0.090800 0.112700 0.114800 0.116700 0.113900 0.120000 0.103600 0.126400 0.112500 0.133500 0.101000 0.120200 0.117400 0.103300 0.096900 0.114600 0.124400 0.130100 0.106700 0.115100 0.000000 0.088700 0.112800
Bushbuck 0.086200 0.305600 0.022800 0.345400 0.092200 0.086300 0.086900 0.122400 0.017000 0.104400 0.086000 0.049700 0.089000 0.086800 0.088200 0.107900 0.081600 0.097500 0.086100 0.031100 0.117700 0.083400 0.101900 0.120300 0.080200 0.111200 0.091900 0.025400 0.104800 0.016900 0.113700 0.089800 0.098700 0.079700 0.089000 0.073200 0.085600 0.091100 0.117800 0.102000 0.105100 0.105000 0.101200 0.091700 0.077200 0.101200 0.114300 0.079100 0.109100 0.088700 0.000000 0.031200
GreaterKud 0.097700 0.334200 0.031100 0.340600 0.103600 0.097800 0.108000 0.127500 0.039700 0.122300 0.103800 0.064200 0.106800 0.101500 0.112000 0.119500 0.096300 0.112200 0.103900 0.039400 0.122800 0.101200 0.119900 0.135200 0.098000 0.106800 0.100400 0.033700 0.116300 0.036600 0.131700 0.107700 0.107300 0.103700 0.106800 0.087600 0.103300 0.102500 0.123000 0.119900 0.129500 0.107100 0.119100 0.109400 0.091900 0.119400 0.113100 0.090500 0.127200 0.112800 0.031200 0.000000
