1
52 1
Argali 0.000000 0.373100 0.152200 0.480000 0.115000 0.024400 0.165500 0.099300 0.151900 0.153300 0.033300 0.105100 0.105600 0.126300 0.221100 0.097700 0.161700 0.159200 0.117000 0.143000 0.069500 0.049200 0.143300 0.178700 0.041600 0.097500 0.095800 0.134200 0.079000 0.124600 0.153700 0.169100 0.225200 0.097800 0.087700 0.086900 0.041700 0.069800 0.146700 0.179000 0.143000 0.086500 0.153300 0.196000 0.087900 0.113900 0.079200 0.094000 0.150700 0.167200 0.142800 0.134300
LesserMous 0.373100 0.000000 0.386800 0.319400 0.357700 0.394200 0.371500 0.400700 0.386400 0.348000 0.364400 0.353200 0.365100 0.370000 0.515000 0.395600 0.344600 0.337500 0.432100 0.399900 0.392700 0.402900 0.370300 0.339600 0.374800 0.369800 0.327300 0.377800 0.421100 0.364700 0.348900 0.415100 0.304600 0.347300 0.392100 0.377400 0.400100 0.372300 0.490000 0.339700 0.369300 0.388100 0.348000 0.357400 0.382400 0.373600 0.433800 0.452200 0.424700 0.358100 0.398900 0.389900
LesserKudu 0.152200 0.386800 0.000000 0.526600 0.165100 0.160800 0.176500 0.129100 0.068200 0.184200 0.134100 0.105500 0.115500 0.156700 0.255200 0.146500 0.203100 0.189800 0.195200 0.042100 0.144900 0.169000 0.173800 0.209900 0.143100 0.166200 0.114700 0.051000 0.146300 0.051300 0.184600 0.201600 0.208700 0.107800 0.135900 0.105800 0.163000 0.117600 0.198700 0.220100 0.173500 0.173200 0.184200 0.207400 0.088300 0.172200 0.136600 0.163100 0.201000 0.270700 0.059600 0.051100
KillerWhal 0.480000 0.319400 0.526600 0.000000 0.434900 0.490300 0.476800 0.486200 0.486800 0.446900 0.470500 0.472200 0.458400 0.474800 0.618300 0.480200 0.431700 0.435900 0.521900 0.516200 0.479000 0.515000 0.464200 0.440800 0.482600 0.477100 0.414500 0.489900 0.510800 0.474100 0.448000 0.544700 0.398800 0.453600 0.445500 0.473100 0.513100 0.465000 0.482400 0.428200 0.450700 0.469100 0.446900 0.460500 0.479800 0.452400 0.510400 0.544400 0.532600 0.477800 0.514500 0.504600
DefassaWat 0.115000 0.357700 0.165100 0.434900 0.000000 0.123500 0.158500 0.072200 0.144800 0.166400 0.078700 0.116900 0.098100 0.119000 0.225800 0.080200 0.135300 0.142900 0.147500 0.155700 0.088900 0.113000 0.156100 0.192200 0.105900 0.098800 0.069900 0.146600 0.098900 0.136800 0.166800 0.141200 0.201500 0.090100 0.098900 0.135900 0.106200 0.043700 0.169100 0.192600 0.155800 0.106400 0.166400 0.209900 0.117900 0.106400 0.127900 0.145400 0.194100 0.200500 0.155400 0.146700
Sheep 0.024400 0.394200 0.160800 0.490300 0.123500 0.000000 0.174300 0.108000 0.160500 0.162000 0.041600 0.132600 0.114100 0.115800 0.230100 0.106300 0.170300 0.148600 0.125100 0.151700 0.096400 0.057300 0.151900 0.187300 0.049800 0.106100 0.104300 0.142800 0.087600 0.133200 0.162400 0.178000 0.233800 0.106400 0.115000 0.113900 0.049900 0.078300 0.145700 0.167900 0.151600 0.113500 0.162000 0.204600 0.115300 0.103900 0.087800 0.121700 0.159300 0.195600 0.132400 0.142900
MaxwellsDu 0.165500 0.371500 0.176500 0.476800 0.158500 0.174300 0.000000 0.121900 0.156100 0.157700 0.127200 0.147100 0.089400 0.091300 0.296400 0.119700 0.176000 0.183700 0.178900 0.147100 0.128800 0.143100 0.147500 0.193400 0.136300 0.159700 0.107600 0.138000 0.160000 0.137800 0.158100 0.133200 0.223300 0.081500 0.129000 0.127900 0.156400 0.110400 0.192700 0.193800 0.147100 0.146600 0.157700 0.211200 0.129300 0.145800 0.149900 0.176700 0.185800 0.243800 0.146700 0.138100
GazellaPrz 0.099300 0.400700 0.129100 0.486200 0.072200 0.108000 0.121900 0.000000 0.128700 0.130000 0.062500 0.100400 0.062800 0.083000 0.198200 0.044900 0.118600 0.117000 0.151900 0.119700 0.035500 0.097500 0.119900 0.165800 0.090100 0.063400 0.062400 0.110600 0.063400 0.110400 0.130300 0.104800 0.195400 0.054500 0.063400 0.100700 0.090300 0.026800 0.112400 0.166200 0.119700 0.071300 0.130000 0.183700 0.082600 0.080500 0.073000 0.108300 0.157500 0.184000 0.119400 0.110600
MountainNy 0.151900 0.386400 0.068200 0.486800 0.144800 0.160500 0.156100 0.128700 0.000000 0.164000 0.133900 0.105300 0.115300 0.136600 0.231700 0.146100 0.192500 0.179900 0.156300 0.042200 0.144500 0.149600 0.153800 0.189500 0.142900 0.165900 0.114500 0.016700 0.146000 0.033800 0.164400 0.180300 0.198700 0.107500 0.135600 0.087200 0.162700 0.117300 0.177200 0.199500 0.153500 0.172900 0.164000 0.187200 0.088100 0.152300 0.136200 0.162300 0.201000 0.218100 0.042200 0.033800
MuntiacusM 0.153300 0.348000 0.184200 0.446900 0.166400 0.162000 0.157700 0.130000 0.164000 0.000000 0.135100 0.125800 0.097400 0.127800 0.265900 0.147700 0.161400 0.130400 0.206400 0.154900 0.136800 0.151000 0.025200 0.058400 0.163800 0.147300 0.096700 0.145900 0.147500 0.145600 0.000000 0.171200 0.158100 0.108500 0.136900 0.107100 0.164300 0.118400 0.200500 0.058600 0.025100 0.154400 0.000000 0.074900 0.127700 0.134200 0.157800 0.184800 0.171800 0.166900 0.154700 0.145900
goat 0.033300 0.364400 0.134100 0.470500 0.078700 0.041600 0.127200 0.062500 0.133900 0.135100 0.000000 0.106200 0.069600 0.089200 0.211900 0.061500 0.143500 0.141200 0.082600 0.125000 0.052100 0.032700 0.125300 0.160600 0.024900 0.079700 0.060300 0.116200 0.079800 0.106700 0.135500 0.130000 0.206800 0.061600 0.070200 0.106500 0.025000 0.034600 0.128300 0.160900 0.125000 0.087400 0.135100 0.177900 0.088900 0.077900 0.070600 0.114500 0.142800 0.188500 0.124700 0.116200
AfricanBuf 0.105100 0.353200 0.105500 0.472200 0.116900 0.132600 0.147100 0.100400 0.105300 0.125800 0.106200 0.000000 0.088000 0.127700 0.201000 0.098800 0.163600 0.132200 0.195400 0.096500 0.088500 0.140800 0.135400 0.170900 0.134000 0.117700 0.087400 0.087900 0.098700 0.087700 0.126100 0.171000 0.210200 0.080000 0.088700 0.034100 0.134400 0.089500 0.148000 0.180800 0.135100 0.106000 0.125800 0.188400 0.017100 0.143400 0.108100 0.114900 0.171500 0.188500 0.096400 0.087900
Topi 0.105600 0.365100 0.115500 0.458400 0.098100 0.114100 0.089400 0.062800 0.115300 0.097400 0.069600 0.088000 0.000000 0.089700 0.223600 0.080200 0.134100 0.141800 0.157000 0.106500 0.070400 0.103800 0.088000 0.131800 0.096500 0.098800 0.033900 0.097700 0.098900 0.097500 0.097600 0.130600 0.159700 0.043700 0.070500 0.088200 0.096800 0.060500 0.148600 0.132100 0.087800 0.106300 0.097400 0.149000 0.070700 0.087100 0.089600 0.114600 0.162800 0.199100 0.106300 0.097700
CommonDuik 0.126300 0.370000 0.156700 0.474800 0.119000 0.115800 0.091300 0.083000 0.136600 0.127800 0.089200 0.127700 0.089700 0.000000 0.226900 0.101000 0.145900 0.115000 0.140400 0.127600 0.090700 0.105400 0.117900 0.163100 0.117000 0.120300 0.089000 0.118600 0.120500 0.118500 0.128100 0.054700 0.192100 0.062900 0.089700 0.108800 0.117400 0.072300 0.141600 0.143800 0.117600 0.127700 0.127800 0.180600 0.110000 0.088700 0.130600 0.136600 0.145800 0.191200 0.127300 0.118700
Suni 0.221100 0.515000 0.255200 0.618300 0.225800 0.230100 0.296400 0.198200 0.231700 0.265900 0.211900 0.201000 0.223600 0.226900 0.000000 0.239400 0.253700 0.216400 0.286800 0.244700 0.226500 0.238400 0.277500 0.280000 0.232800 0.261700 0.200200 0.212700 0.228400 0.212500 0.266600 0.255400 0.350900 0.216400 0.225500 0.223600 0.212300 0.195200 0.252000 0.280500 0.276800 0.268000 0.265900 0.298300 0.204400 0.242200 0.227500 0.222900 0.240400 0.235000 0.244200 0.235200
Springbuck 0.097700 0.395600 0.146500 0.480200 0.080200 0.106300 0.119700 0.044900 0.146100 0.147700 0.061500 0.098800 0.080200 0.101000 0.239400 0.000000 0.136000 0.134200 0.149600 0.137100 0.026000 0.096000 0.137600 0.183400 0.088600 0.035100 0.079600 0.128100 0.035100 0.127900 0.148100 0.143500 0.192500 0.072000 0.080900 0.118100 0.088900 0.053300 0.100700 0.183800 0.137300 0.043200 0.147700 0.201100 0.100100 0.079600 0.062400 0.126800 0.155300 0.201200 0.136800 0.128200
Okapi 0.161700 0.344600 0.203100 0.431700 0.135300 0.170300 0.176000 0.118600 0.192500 0.161400 0.143500 0.163600 0.134100 0.145900 0.253700 0.136000 0.000000 0.058100 0.204700 0.193300 0.144700 0.140000 0.151400 0.157200 0.152200 0.155400 0.133300 0.184100 0.135900 0.163700 0.161700 0.169200 0.128300 0.146200 0.154900 0.164100 0.152700 0.117100 0.208300 0.157500 0.151000 0.162300 0.161400 0.174300 0.165900 0.152000 0.176600 0.182100 0.211500 0.154900 0.192800 0.184300
Giraffe 0.159200 0.337500 0.189800 0.435900 0.142900 0.148600 0.183700 0.117000 0.179900 0.130400 0.141200 0.132200 0.141800 0.115000 0.216400 0.134200 0.058100 0.000000 0.201800 0.180600 0.142800 0.137800 0.139800 0.164600 0.149900 0.153400 0.140900 0.171600 0.134100 0.171300 0.130700 0.156600 0.126900 0.134300 0.143000 0.152000 0.150300 0.124900 0.195100 0.146000 0.139500 0.160400 0.130400 0.181600 0.153500 0.140300 0.174200 0.169500 0.178100 0.162400 0.180200 0.171700
TibetanAnt 0.117000 0.432100 0.195200 0.521900 0.147500 0.125100 0.178900 0.151900 0.156300 0.206400 0.082600 0.195400 0.157000 0.140400 0.286800 0.149600 0.204700 0.201800 0.000000 0.147800 0.139300 0.080900 0.176400 0.231600 0.090900 0.168700 0.146800 0.158100 0.168800 0.148500 0.206900 0.182600 0.268800 0.149700 0.158500 0.176600 0.091100 0.121000 0.220500 0.231900 0.176200 0.175600 0.206400 0.229000 0.178200 0.146500 0.159100 0.204800 0.213600 0.241100 0.166500 0.158100
Sitatunga 0.143000 0.399900 0.042100 0.516200 0.155700 0.151700 0.147100 0.119700 0.042200 0.154900 0.125000 0.096500 0.106500 0.127600 0.244700 0.137100 0.193300 0.180600 0.147800 0.000000 0.135600 0.122100 0.125500 0.180500 0.134000 0.156800 0.105700 0.025300 0.137000 0.025200 0.155300 0.171100 0.199500 0.098600 0.126700 0.078500 0.134300 0.108300 0.188900 0.190400 0.144500 0.163900 0.154900 0.178300 0.079300 0.143400 0.127300 0.153700 0.171700 0.240200 0.033800 0.025300
Oribi 0.069500 0.392700 0.144900 0.479000 0.088900 0.096400 0.128800 0.035500 0.144500 0.136800 0.052100 0.088500 0.070400 0.090700 0.226500 0.026000 0.144700 0.142800 0.139300 0.135600 0.000000 0.086300 0.126800 0.172100 0.078900 0.043700 0.070000 0.126600 0.043800 0.126400 0.137100 0.132300 0.201300 0.062300 0.052700 0.088800 0.079100 0.043900 0.090400 0.172500 0.126600 0.034100 0.136800 0.189600 0.071200 0.070000 0.052800 0.096500 0.144400 0.169700 0.135200 0.126700
BarbaryShe 0.049200 0.402900 0.169000 0.515000 0.113000 0.057300 0.143100 0.097500 0.149600 0.151000 0.032700 0.140800 0.103800 0.105400 0.238400 0.096000 0.140000 0.137800 0.080900 0.122100 0.086300 0.000000 0.122300 0.176100 0.040800 0.114400 0.094200 0.132100 0.095900 0.122700 0.151300 0.146100 0.221900 0.096100 0.104700 0.122400 0.024400 0.068600 0.163900 0.176400 0.140900 0.121700 0.151000 0.193200 0.123600 0.093900 0.096100 0.130300 0.139300 0.184200 0.140500 0.132100
Daviddeer 0.143300 0.370300 0.173800 0.464200 0.156100 0.151900 0.147500 0.119900 0.153800 0.025200 0.125300 0.135400 0.088000 0.117900 0.277500 0.137600 0.151400 0.139800 0.176400 0.125500 0.126800 0.122300 0.000000 0.058200 0.153600 0.137100 0.087400 0.135900 0.137400 0.135700 0.025200 0.160700 0.157500 0.098900 0.127100 0.097500 0.134700 0.108600 0.189600 0.058400 0.016800 0.144300 0.025200 0.074700 0.117900 0.124400 0.147600 0.174200 0.203300 0.176400 0.144500 0.135900
Reindeer 0.178700 0.339600 0.209900 0.440800 0.192200 0.187300 0.193400 0.165800 0.189500 0.058400 0.160600 0.170900 0.131800 0.163100 0.280000 0.183400 0.157200 0.164600 0.231600 0.180500 0.172100 0.176100 0.058200 0.000000 0.189300 0.182800 0.112400 0.171500 0.183100 0.151600 0.058600 0.207500 0.163300 0.143700 0.172200 0.132600 0.189900 0.144200 0.237200 0.032100 0.058100 0.189500 0.058400 0.031700 0.153500 0.149500 0.193900 0.220700 0.218600 0.181400 0.180200 0.171600
Ibex 0.041600 0.374800 0.143100 0.482600 0.105900 0.049800 0.136300 0.090100 0.142900 0.163800 0.024900 0.134000 0.096500 0.117000 0.232800 0.088600 0.152200 0.149900 0.090900 0.134000 0.078900 0.040800 0.153600 0.189300 0.000000 0.107300 0.086900 0.125200 0.088500 0.115700 0.164200 0.159300 0.236300 0.088700 0.097400 0.134300 0.033300 0.061000 0.157200 0.189600 0.153300 0.114700 0.163800 0.187000 0.116600 0.104900 0.088700 0.123300 0.151500 0.197500 0.133800 0.125200
GyrantGaze 0.097500 0.369800 0.166200 0.477100 0.098800 0.106100 0.159700 0.063400 0.165900 0.147300 0.079700 0.117700 0.098800 0.120300 0.261700 0.035100 0.155400 0.153400 0.168700 0.156800 0.043700 0.114400 0.137100 0.182800 0.107300 0.000000 0.098100 0.147700 0.053100 0.147400 0.147600 0.164100 0.192100 0.090800 0.099600 0.117800 0.107600 0.071600 0.119900 0.183200 0.136800 0.043100 0.147300 0.200500 0.119300 0.098100 0.080800 0.146300 0.175000 0.200800 0.156400 0.147700
Hartebeest 0.095800 0.327300 0.114700 0.414500 0.069900 0.104300 0.107600 0.062400 0.114500 0.096700 0.060300 0.087400 0.033900 0.089000 0.200200 0.079600 0.133300 0.140900 0.146800 0.105700 0.070000 0.094200 0.087400 0.112400 0.086900 0.098100 0.000000 0.097000 0.098300 0.078400 0.096900 0.129700 0.178300 0.043400 0.070000 0.087600 0.087100 0.051000 0.147700 0.112600 0.087200 0.105600 0.096700 0.129300 0.070200 0.050900 0.089000 0.113900 0.161800 0.177700 0.105500 0.097000
Bongo 0.134200 0.377800 0.051000 0.489900 0.146600 0.142800 0.138000 0.110600 0.016700 0.145900 0.116200 0.087900 0.097700 0.118600 0.212700 0.128100 0.184100 0.171600 0.158100 0.025300 0.126600 0.132100 0.135900 0.171500 0.125200 0.147700 0.097000 0.000000 0.127900 0.016900 0.146200 0.161700 0.190500 0.089800 0.117700 0.069900 0.144800 0.099400 0.179500 0.181400 0.135600 0.154900 0.145900 0.169500 0.070600 0.134500 0.118300 0.144700 0.182800 0.209900 0.025400 0.016900
Gerenuk 0.079000 0.421100 0.146300 0.510800 0.098900 0.087600 0.160000 0.063400 0.146000 0.147500 0.079800 0.098700 0.098900 0.120500 0.228400 0.035100 0.135900 0.134100 0.168800 0.137000 0.043800 0.095900 0.137400 0.183100 0.088500 0.053100 0.098300 0.127900 0.000000 0.127800 0.147900 0.164300 0.213100 0.090900 0.099800 0.118000 0.088800 0.071700 0.100500 0.183500 0.137100 0.061000 0.147500 0.200800 0.100000 0.098200 0.053200 0.107200 0.144800 0.201000 0.136600 0.128000
CommonElan 0.124600 0.364700 0.051300 0.474100 0.136800 0.133200 0.137800 0.110400 0.033800 0.145600 0.106700 0.087700 0.097500 0.118500 0.212500 0.127900 0.163700 0.171300 0.148500 0.025200 0.126400 0.122700 0.135700 0.151600 0.115700 0.147400 0.078400 0.016900 0.127800 0.000000 0.146000 0.161400 0.190100 0.089600 0.117500 0.069800 0.135100 0.090000 0.179300 0.161300 0.135400 0.154600 0.145600 0.149800 0.070500 0.115200 0.118100 0.144400 0.182500 0.209600 0.025300 0.016900
MuntiacusR 0.153700 0.348900 0.184600 0.448000 0.166800 0.162400 0.158100 0.130300 0.164400 0.000000 0.135500 0.126100 0.097600 0.128100 0.266600 0.148100 0.161700 0.130700 0.206900 0.155300 0.137100 0.151300 0.025200 0.058600 0.164200 0.147600 0.096900 0.146200 0.147900 0.146000 0.000000 0.171700 0.158500 0.108700 0.137200 0.107400 0.164700 0.118700 0.201000 0.058700 0.025200 0.154800 0.000000 0.075100 0.128000 0.134500 0.158200 0.185100 0.172200 0.167300 0.155000 0.146300
HarveysDui 0.169100 0.415100 0.201600 0.544700 0.141200 0.178000 0.133200 0.104800 0.180300 0.171200 0.130000 0.171000 0.130600 0.054700 0.255400 0.143500 0.169200 0.156600 0.182600 0.171100 0.132300 0.146100 0.160700 0.207500 0.159300 0.164100 0.129700 0.161700 0.164300 0.161400 0.171700 0.000000 0.238500 0.103000 0.131300 0.151100 0.159900 0.112900 0.197700 0.207900 0.160300 0.171200 0.171200 0.204700 0.152700 0.149100 0.175200 0.180900 0.189800 0.237600 0.150300 0.161800
Pronghorn 0.225200 0.304600 0.208700 0.398800 0.201500 0.233800 0.223300 0.195400 0.198700 0.158100 0.206800 0.210200 0.159700 0.192100 0.350900 0.192500 0.128300 0.126900 0.268800 0.199500 0.201300 0.221900 0.157500 0.163300 0.236300 0.192100 0.178300 0.190500 0.213100 0.190100 0.158500 0.238500 0.000000 0.192600 0.201400 0.190200 0.237200 0.182700 0.268100 0.163500 0.157200 0.198900 0.158100 0.180100 0.212800 0.197600 0.245400 0.228300 0.270500 0.240100 0.199300 0.190600
BlueWildeb 0.097800 0.347300 0.107800 0.453600 0.090100 0.106400 0.081500 0.054500 0.107500 0.108500 0.061600 0.080000 0.043700 0.062900 0.216400 0.072000 0.146200 0.134300 0.149700 0.098600 0.062300 0.096100 0.098900 0.143700 0.088700 0.090800 0.043400 0.089800 0.090900 0.089600 0.108700 0.103000 0.192600 0.000000 0.062400 0.080300 0.089000 0.051900 0.141000 0.144000 0.098700 0.098500 0.108500 0.161100 0.062600 0.097900 0.081500 0.106600 0.135900 0.191800 0.098500 0.089800
Gemsbok 0.087700 0.392100 0.135900 0.445500 0.098900 0.115000 0.129000 0.063400 0.135600 0.136900 0.070200 0.088700 0.070500 0.089700 0.225500 0.080900 0.154900 0.143000 0.158500 0.126700 0.052700 0.104700 0.127100 0.172200 0.097400 0.099600 0.070000 0.117700 0.099800 0.117500 0.137200 0.131300 0.201400 0.062400 0.000000 0.088900 0.097700 0.061200 0.150100 0.172500 0.126700 0.088400 0.136900 0.189700 0.071300 0.106600 0.109600 0.095900 0.153800 0.180100 0.126400 0.117800
Yak 0.086900 0.377400 0.105800 0.473100 0.135900 0.113900 0.127900 0.100700 0.087200 0.107100 0.106500 0.034100 0.088200 0.108800 0.223600 0.118100 0.164100 0.152000 0.176600 0.078500 0.088800 0.122400 0.097500 0.132600 0.134300 0.117800 0.087600 0.069900 0.118000 0.069800 0.107400 0.151100 0.190200 0.080300 0.088900 0.000000 0.134700 0.089800 0.148400 0.142100 0.097400 0.106100 0.107100 0.149800 0.017100 0.124700 0.108400 0.115000 0.172400 0.169500 0.078400 0.069900
BlueSheep 0.041700 0.400100 0.163000 0.513100 0.106200 0.049900 0.156400 0.090300 0.162700 0.164300 0.025000 0.134400 0.096800 0.117400 0.212300 0.088900 0.152700 0.150300 0.091100 0.134300 0.079100 0.024400 0.134700 0.189900 0.033300 0.107600 0.087100 0.144800 0.088800 0.135100 0.164700 0.159900 0.237200 0.089000 0.097700 0.134700 0.000000 0.061100 0.157800 0.190200 0.153800 0.115000 0.164300 0.207400 0.116900 0.105200 0.089000 0.104500 0.152000 0.198100 0.153400 0.144800
BohorReedb 0.069800 0.372300 0.117600 0.465000 0.043700 0.078300 0.110400 0.026800 0.117300 0.118400 0.034600 0.089500 0.060500 0.072300 0.195200 0.053300 0.117100 0.124900 0.121000 0.108300 0.043900 0.068600 0.108600 0.144200 0.061000 0.071600 0.051000 0.099400 0.071700 0.090000 0.118700 0.112900 0.182700 0.051900 0.061200 0.089800 0.061100 0.000000 0.120400 0.144500 0.108400 0.079500 0.118400 0.161800 0.072000 0.079600 0.081200 0.087800 0.145600 0.162100 0.108100 0.099500
KirksDik 0.146700 0.490000 0.198700 0.482400 0.169100 0.145700 0.192700 0.112400 0.177200 0.200500 0.128300 0.148000 0.148600 0.141600 0.252000 0.100700 0.208300 0.195100 0.220500 0.188900 0.090400 0.163900 0.189600 0.237200 0.157200 0.119900 0.147700 0.179500 0.100500 0.179300 0.201000 0.197700 0.268100 0.141000 0.150100 0.148400 0.157800 0.120400 0.000000 0.227100 0.189100 0.127300 0.200500 0.255300 0.130200 0.137900 0.110400 0.178500 0.218000 0.255100 0.188300 0.179600
RoeDeer 0.179000 0.339700 0.220100 0.428200 0.192600 0.167900 0.193800 0.166200 0.199500 0.058600 0.160900 0.180800 0.132100 0.143800 0.280500 0.183800 0.157500 0.146000 0.231900 0.190400 0.172500 0.176400 0.058400 0.032100 0.189600 0.183200 0.112600 0.181400 0.183500 0.161300 0.058700 0.207900 0.163500 0.144000 0.172500 0.142100 0.190200 0.144500 0.227100 0.000000 0.058300 0.190000 0.058600 0.048000 0.163400 0.130800 0.194300 0.221200 0.219000 0.181500 0.190000 0.181500
WhiteLippe 0.143000 0.369300 0.173500 0.450700 0.155800 0.151600 0.147100 0.119700 0.153500 0.025100 0.125000 0.135100 0.087800 0.117600 0.276800 0.137300 0.151000 0.139500 0.176200 0.144500 0.126600 0.140900 0.016800 0.058100 0.153300 0.136800 0.087200 0.135600 0.137100 0.135400 0.025200 0.160300 0.157200 0.098700 0.126700 0.097400 0.153800 0.108400 0.189100 0.058300 0.000000 0.144000 0.025100 0.074500 0.117600 0.124100 0.147200 0.173800 0.202900 0.166900 0.144200 0.135700
ThomsonGaz 0.086500 0.388100 0.173200 0.469100 0.106400 0.113500 0.146600 0.071300 0.172900 0.154400 0.087400 0.106000 0.106300 0.127700 0.268000 0.043200 0.162300 0.160400 0.175600 0.163900 0.034100 0.121700 0.144300 0.189500 0.114700 0.043100 0.105600 0.154900 0.061000 0.154600 0.154800 0.171200 0.198900 0.098500 0.088400 0.106100 0.115000 0.079500 0.127300 0.190000 0.144000 0.000000 0.154400 0.207100 0.107400 0.105500 0.088600 0.133300 0.181700 0.187300 0.163600 0.155000
MuntiacusC 0.153300 0.348000 0.184200 0.446900 0.166400 0.162000 0.157700 0.130000 0.164000 0.000000 0.135100 0.125800 0.097400 0.127800 0.265900 0.147700 0.161400 0.130400 0.206400 0.154900 0.136800 0.151000 0.025200 0.058400 0.163800 0.147300 0.096700 0.145900 0.147500 0.145600 0.000000 0.171200 0.158100 0.108500 0.136900 0.107100 0.164300 0.118400 0.200500 0.058600 0.025100 0.154400 0.000000 0.074900 0.127700 0.134200 0.157800 0.184800 0.171800 0.166900 0.154700 0.145900
WhiteTaile 0.196000 0.357400 0.207400 0.460500 0.209900 0.204600 0.211200 0.183700 0.187200 0.074900 0.177900 0.188400 0.149000 0.180600 0.298300 0.201100 0.174300 0.181600 0.229000 0.178300 0.189600 0.193200 0.074700 0.031700 0.187000 0.200500 0.129300 0.169500 0.200800 0.149800 0.075100 0.204700 0.180100 0.161100 0.189700 0.149800 0.207400 0.161800 0.255300 0.048000 0.074500 0.207100 0.074900 0.000000 0.171000 0.166600 0.211700 0.238500 0.236300 0.198300 0.158700 0.169500
Cattle 0.087900 0.382400 0.088300 0.479800 0.117900 0.115300 0.129300 0.082600 0.088100 0.127700 0.088900 0.017100 0.070700 0.110000 0.204400 0.100100 0.165900 0.153500 0.178200 0.079300 0.071200 0.123600 0.117900 0.153500 0.116600 0.119300 0.070200 0.070600 0.100000 0.070500 0.128000 0.152700 0.212800 0.062600 0.071300 0.017100 0.116900 0.072000 0.130200 0.163400 0.117600 0.107400 0.127700 0.171000 0.000000 0.126000 0.090500 0.097200 0.174200 0.191200 0.079200 0.070600
RoyalAntel 0.113900 0.373600 0.172200 0.452400 0.106400 0.103900 0.145800 0.080500 0.152300 0.134200 0.077900 0.143400 0.087100 0.088700 0.242200 0.079600 0.152000 0.140300 0.146500 0.143400 0.070000 0.093900 0.124400 0.149500 0.104900 0.098100 0.050900 0.134500 0.098200 0.115200 0.134500 0.149100 0.197600 0.097900 0.106600 0.124700 0.105200 0.079600 0.137900 0.130800 0.124100 0.105500 0.134200 0.166600 0.126000 0.000000 0.107900 0.152600 0.161000 0.197000 0.143100 0.134600
Steenbok 0.079200 0.433800 0.136600 0.510400 0.127900 0.087800 0.149900 0.073000 0.136200 0.157800 0.070600 0.108100 0.089600 0.130600 0.227500 0.062400 0.176600 0.174200 0.159100 0.127300 0.052800 0.096100 0.147600 0.193900 0.088700 0.080800 0.089000 0.118300 0.053200 0.118100 0.158200 0.175200 0.245400 0.081500 0.109600 0.108400 0.089000 0.081200 0.110400 0.194300 0.147200 0.088600 0.157800 0.211700 0.090500 0.107900 0.000000 0.126900 0.165200 0.222600 0.127000 0.118300
Impala 0.094000 0.452200 0.163100 0.544400 0.145400 0.121700 0.176700 0.108300 0.162300 0.184800 0.114500 0.114900 0.114600 0.136600 0.222900 0.126800 0.182100 0.169500 0.204800 0.153700 0.096500 0.130300 0.174200 0.220700 0.123300 0.146300 0.113900 0.144700 0.107200 0.144400 0.185100 0.180900 0.228300 0.106600 0.095900 0.115000 0.104500 0.087800 0.178500 0.221200 0.173800 0.133300 0.184800 0.238500 0.097200 0.152600 0.126900 0.000000 0.180700 0.208000 0.153200 0.144700
Klipspring 0.150700 0.424700 0.201000 0.532600 0.194100 0.159300 0.185800 0.157500 0.201000 0.171800 0.142800 0.171500 0.162800 0.145800 0.240400 0.155300 0.211500 0.178100 0.213600 0.171700 0.144400 0.139300 0.203300 0.218600 0.151500 0.175000 0.161800 0.182800 0.144800 0.182500 0.172200 0.189800 0.270500 0.135900 0.153800 0.172400 0.152000 0.145600 0.218000 0.219000 0.202900 0.181700 0.171800 0.236300 0.174200 0.161000 0.165200 0.180700 0.000000 0.215900 0.191600 0.182900
ForestMusk 0.167200 0.358100 0.270700 0.477800 0.200500 0.195600 0.243800 0.184000 0.218100 0.166900 0.188500 0.188500 0.199100 0.191200 0.235000 0.201200 0.154900 0.162400 0.241100 0.240200 0.169700 0.184200 0.176400 0.181400 0.197500 0.200800 0.177700 0.209900 0.201000 0.209600 0.167300 0.237600 0.240100 0.191800 0.180100 0.169500 0.198100 0.162100 0.255100 0.181500 0.166900 0.187300 0.166900 0.198300 0.191200 0.197000 0.222600 0.208000 0.215900 0.000000 0.239900 0.231100
Bushbuck 0.142800 0.398900 0.059600 0.514500 0.155400 0.132400 0.146700 0.119400 0.042200 0.154700 0.124700 0.096400 0.106300 0.127300 0.244200 0.136800 0.192800 0.180200 0.166500 0.033800 0.135200 0.140500 0.144500 0.180200 0.133800 0.156400 0.105500 0.025400 0.136600 0.025300 0.155000 0.150300 0.199300 0.098500 0.126400 0.078400 0.153400 0.108100 0.188300 0.190000 0.144200 0.163600 0.154700 0.158700 0.079200 0.143100 0.127000 0.153200 0.191600 0.239900 0.000000 0.025400
GreaterKud 0.134300 0.389900 0.051100 0.504600 0.146700 0.142900 0.138100 0.110600 0.033800 0.145900 0.116200 0.087900 0.097700 0.118700 0.235200 0.128200 0.184300 0.171700 0.158100 0.025300 0.126700 0.132100 0.135900 0.171600 0.125200 0.147700 0.097000 0.016900 0.128000 0.016900 0.146300 0.161800 0.190600 0.089800 0.117800 0.069900 0.144800 0.099500 0.179600 0.181500 0.135700 0.155000 0.145900 0.169500 0.070600 0.134600 0.118300 0.144700 0.182900 0.231100 0.025400 0.000000
