CODONML (in paml version 4.10.7, June 2023)  /home/rachel/ruminants_paml/6406-phy-tree/ENSBTAT00000016584.fasta.phy
Model: free dN/dS Ratios for branches,  kappa = 2.000 fixed

Codon frequency model: F3x4
ns =  54  ls = 135

Codon usage in sequences
--------------------------------------------------------------------------------------------------------------------------------------
Phe TTT   2   2   2   2   2   2 | Ser TCT   1   2   1   1   1   1 | Tyr TAT   1   1   1   1   1   1 | Cys TGT   3   2   3   3   2   2
    TTC   0   0   0   0   0   0 |     TCC   4   3   4   4   4   4 |     TAC   0   0   0   0   0   0 |     TGC   0   1   0   0   1   1
Leu TTA   0   0   0   0   0   0 |     TCA   1   1   1   1   1   1 | *** TAA   0   0   0   0   0   0 | *** TGA   0   0   0   0   0   0
    TTG   0   0   0   0   0   0 |     TCG   0   0   0   0   0   0 |     TAG   0   0   0   0   0   0 | Trp TGG   1   1   1   1   1   1
--------------------------------------------------------------------------------------------------------------------------------------
Leu CTT   4   4   4   4   4   4 | Pro CCT   1   1   1   1   1   1 | His CAT   3   3   3   3   3   3 | Arg CGT   0   0   0   0   0   0
    CTC   1   1   1   1   1   1 |     CCC   5   5   5   5   5   5 |     CAC   1   1   1   1   1   1 |     CGC   2   2   2   2   2   2
    CTA   0   0   0   0   0   0 |     CCA   4   3   4   4   4   4 | Gln CAA   3   2   3   3   3   3 |     CGA   1   1   1   1   1   1
    CTG   2   2   2   2   2   2 |     CCG   1   2   1   1   1   1 |     CAG   4   5   4   4   4   4 |     CGG   3   3   3   3   3   3
--------------------------------------------------------------------------------------------------------------------------------------
Ile ATT   2   2   2   3   2   1 | Thr ACT   0   0   0   0   0   0 | Asn AAT   4   2   4   4   3   4 | Ser AGT   2   2   2   2   2   2
    ATC   7   7   7   6   6   8 |     ACC   1   1   1   1   1   1 |     AAC   2   4   2   2   3   2 |     AGC   5   5   5   5   5   5
    ATA   2   2   2   2   3   2 |     ACA   4   4   4   4   3   2 | Lys AAA   6   6   6   6   6   7 | Arg AGA   0   1   0   0   0   0
Met ATG   1   1   1   1   1   1 |     ACG   0   0   0   0   1   2 |     AAG   2   2   2   2   2   1 |     AGG   5   4   5   5   5   5
--------------------------------------------------------------------------------------------------------------------------------------
Val GTT   2   2   2   1   3   3 | Ala GCT   3   2   3   3   3   3 | Asp GAT   1   1   1   1   1   1 | Gly GGT   1   1   1   1   2   2
    GTC   6   6   6   6   5   5 |     GCC   2   2   2   2   2   2 |     GAC   4   4   4   4   4   4 |     GGC   2   1   2   2   1   1
    GTA   3   2   3   5   3   3 |     GCA   0   0   0   0   0   0 | Glu GAA   2   2   2   2   2   2 |     GGA   6   7   6   6   6   6
    GTG   6   7   6   5   6   6 |     GCG   0   1   0   0   0   0 |     GAG   2   2   2   2   2   2 |     GGG   4   4   4   4   4   4
--------------------------------------------------------------------------------------------------------------------------------------

--------------------------------------------------------------------------------------------------------------------------------------
Phe TTT   2   2   2   2   2   2 | Ser TCT   1   1   1   1   1   1 | Tyr TAT   1   1   1   1   1   1 | Cys TGT   3   3   3   3   3   2
    TTC   0   0   0   0   0   0 |     TCC   4   4   4   4   4   4 |     TAC   0   0   0   0   0   0 |     TGC   0   0   0   0   0   1
Leu TTA   0   0   0   0   0   0 |     TCA   1   1   1   1   1   1 | *** TAA   0   0   0   0   0   0 | *** TGA   0   0   0   0   0   0
    TTG   0   0   0   0   0   0 |     TCG   0   0   0   0   0   0 |     TAG   0   0   0   0   0   0 | Trp TGG   1   1   1   1   1   1
--------------------------------------------------------------------------------------------------------------------------------------
Leu CTT   4   4   4   4   4   4 | Pro CCT   1   1   1   1   1   1 | His CAT   3   3   3   3   3   3 | Arg CGT   0   0   0   0   0   0
    CTC   1   1   1   1   1   1 |     CCC   5   5   5   5   5   5 |     CAC   1   1   1   1   1   1 |     CGC   2   2   2   2   2   3
    CTA   0   0   0   0   0   0 |     CCA   4   4   4   4   4   4 | Gln CAA   3   3   3   3   3   5 |     CGA   1   1   1   1   1   1
    CTG   2   2   2   2   2   2 |     CCG   1   1   1   1   1   1 |     CAG   4   4   4   4   4   2 |     CGG   3   3   3   3   3   1
--------------------------------------------------------------------------------------------------------------------------------------
Ile ATT   2   2   2   2   2   3 | Thr ACT   0   0   0   0   0   0 | Asn AAT   4   4   4   4   4   4 | Ser AGT   2   2   2   2   2   2
    ATC   7   7   7   7   7   6 |     ACC   1   1   1   1   1   1 |     AAC   2   2   2   2   2   2 |     AGC   5   5   5   5   5   5
    ATA   2   2   2   2   2   2 |     ACA   4   4   4   4   4   3 | Lys AAA   6   6   6   6   6   5 | Arg AGA   0   0   0   0   0   0
Met ATG   1   1   1   1   1   1 |     ACG   0   0   0   0   0   1 |     AAG   2   2   2   2   2   3 |     AGG   5   5   5   5   5   6
--------------------------------------------------------------------------------------------------------------------------------------
Val GTT   3   2   2   2   2   2 | Ala GCT   3   3   3   3   3   3 | Asp GAT   1   1   1   1   1   1 | Gly GGT   1   1   1   1   1   1
    GTC   5   6   6   6   6   6 |     GCC   2   2   2   2   2   2 |     GAC   4   4   4   4   4   4 |     GGC   2   2   2   2   2   2
    GTA   4   3   3   3   3   4 |     GCA   0   0   0   0   0   0 | Glu GAA   2   2   2   2   2   2 |     GGA   6   6   6   6   6   6
    GTG   5   6   6   6   6   5 |     GCG   0   0   0   0   0   0 |     GAG   2   2   2   2   2   2 |     GGG   4   4   4   4   4   4
--------------------------------------------------------------------------------------------------------------------------------------

--------------------------------------------------------------------------------------------------------------------------------------
Phe TTT   2   2   2   2   2   2 | Ser TCT   1   1   1   1   1   1 | Tyr TAT   1   1   1   1   1   1 | Cys TGT   3   3   3   3   3   3
    TTC   0   0   0   0   0   0 |     TCC   4   4   4   4   4   4 |     TAC   0   0   0   0   0   0 |     TGC   0   0   0   0   0   0
Leu TTA   0   0   0   0   0   0 |     TCA   1   1   1   1   1   1 | *** TAA   0   0   0   0   0   0 | *** TGA   0   0   0   0   0   0
    TTG   0   0   0   0   0   0 |     TCG   0   0   0   0   0   0 |     TAG   0   0   0   0   0   0 | Trp TGG   1   1   1   1   1   1
--------------------------------------------------------------------------------------------------------------------------------------
Leu CTT   4   4   4   4   4   4 | Pro CCT   1   1   1   1   1   1 | His CAT   3   3   3   3   3   3 | Arg CGT   0   0   0   0   0   0
    CTC   1   1   1   1   1   1 |     CCC   5   5   5   5   5   5 |     CAC   1   1   1   1   1   1 |     CGC   2   2   2   2   2   2
    CTA   0   0   0   0   0   0 |     CCA   4   4   4   4   4   4 | Gln CAA   3   3   3   3   3   3 |     CGA   1   1   1   1   1   1
    CTG   2   2   2   2   2   2 |     CCG   1   1   1   1   1   1 |     CAG   4   4   4   4   4   4 |     CGG   3   3   3   3   3   3
--------------------------------------------------------------------------------------------------------------------------------------
Ile ATT   2   1   2   2   2   2 | Thr ACT   0   0   0   0   0   0 | Asn AAT   4   4   4   4   4   4 | Ser AGT   2   1   2   2   2   2
    ATC   7   8   7   7   7   7 |     ACC   1   1   1   1   1   1 |     AAC   2   2   2   2   2   2 |     AGC   5   6   5   5   5   5
    ATA   2   2   2   2   2   2 |     ACA   4   4   4   4   3   4 | Lys AAA   6   6   6   6   6   6 | Arg AGA   0   0   0   0   0   0
Met ATG   1   1   1   1   1   1 |     ACG   0   0   0   0   1   0 |     AAG   2   2   2   2   2   2 |     AGG   5   5   5   5   5   5
--------------------------------------------------------------------------------------------------------------------------------------
Val GTT   2   2   2   2   2   2 | Ala GCT   3   2   3   3   3   3 | Asp GAT   1   1   1   1   1   1 | Gly GGT   1   1   1   1   1   1
    GTC   6   6   6   6   6   6 |     GCC   2   3   2   2   2   2 |     GAC   4   4   4   4   4   4 |     GGC   2   2   2   2   2   2
    GTA   3   3   3   3   3   3 |     GCA   0   0   0   0   0   0 | Glu GAA   2   2   2   2   2   2 |     GGA   6   6   6   6   6   6
    GTG   6   6   6   6   6   6 |     GCG   0   0   0   0   0   0 |     GAG   2   2   2   2   2   2 |     GGG   4   4   4   4   4   4
--------------------------------------------------------------------------------------------------------------------------------------

--------------------------------------------------------------------------------------------------------------------------------------
Phe TTT   2   3   2   2   2   2 | Ser TCT   1   0   1   1   1   1 | Tyr TAT   1   1   1   1   1   1 | Cys TGT   2   2   3   3   3   3
    TTC   0   0   0   0   0   0 |     TCC   4   4   4   4   4   4 |     TAC   0   0   0   0   0   0 |     TGC   1   1   0   0   0   0
Leu TTA   0   0   0   0   0   0 |     TCA   1   1   1   1   1   1 | *** TAA   0   0   0   0   0   0 | *** TGA   0   0   0   0   0   0
    TTG   0   0   0   0   0   0 |     TCG   0   0   0   0   0   0 |     TAG   0   0   0   0   0   0 | Trp TGG   1   1   1   1   1   1
--------------------------------------------------------------------------------------------------------------------------------------
Leu CTT   4   4   4   4   4   4 | Pro CCT   1   1   1   1   1   1 | His CAT   3   3   2   3   3   3 | Arg CGT   0   0   0   0   0   0
    CTC   1   1   1   1   1   1 |     CCC   5   5   5   5   5   5 |     CAC   1   1   2   1   1   1 |     CGC   2   2   2   2   2   2
    CTA   0   0   0   0   0   0 |     CCA   4   4   4   4   4   4 | Gln CAA   3   3   3   3   3   3 |     CGA   1   1   1   1   1   1
    CTG   2   2   2   2   2   2 |     CCG   1   1   1   1   1   1 |     CAG   4   4   4   4   4   4 |     CGG   3   3   3   3   3   3
--------------------------------------------------------------------------------------------------------------------------------------
Ile ATT   1   2   2   2   2   2 | Thr ACT   0   0   0   0   0   0 | Asn AAT   4   4   4   4   4   4 | Ser AGT   2   2   2   2   2   2
    ATC   7   7   7   7   7   7 |     ACC   1   1   1   1   1   1 |     AAC   2   2   2   2   2   2 |     AGC   5   5   5   5   5   5
    ATA   3   2   2   2   2   2 |     ACA   3   3   4   4   4   4 | Lys AAA   6   6   6   6   6   6 | Arg AGA   0   0   0   0   0   0
Met ATG   1   1   1   1   1   1 |     ACG   1   1   0   0   0   0 |     AAG   2   2   2   2   2   2 |     AGG   5   5   5   5   5   5
--------------------------------------------------------------------------------------------------------------------------------------
Val GTT   2   2   2   2   2   2 | Ala GCT   3   3   3   3   3   3 | Asp GAT   1   1   1   1   1   1 | Gly GGT   1   1   1   1   1   1
    GTC   6   6   6   6   6   6 |     GCC   2   2   2   2   2   2 |     GAC   4   4   4   4   4   4 |     GGC   2   2   2   2   2   2
    GTA   3   3   3   3   3   3 |     GCA   0   0   0   0   0   0 | Glu GAA   2   2   2   2   2   2 |     GGA   6   6   6   6   6   6
    GTG   6   6   6   6   6   6 |     GCG   0   0   0   0   0   0 |     GAG   2   2   2   2   2   2 |     GGG   4   4   4   4   4   4
--------------------------------------------------------------------------------------------------------------------------------------

--------------------------------------------------------------------------------------------------------------------------------------
Phe TTT   2   2   2   2   2   2 | Ser TCT   1   1   1   1   1   1 | Tyr TAT   1   1   1   1   1   1 | Cys TGT   2   2   3   3   3   3
    TTC   0   0   0   0   0   0 |     TCC   4   4   4   4   4   4 |     TAC   0   0   0   0   0   0 |     TGC   1   1   0   0   0   0
Leu TTA   0   0   0   0   0   0 |     TCA   1   1   1   1   1   1 | *** TAA   0   0   0   0   0   0 | *** TGA   0   0   0   0   0   0
    TTG   0   0   0   0   0   0 |     TCG   0   0   0   0   0   0 |     TAG   0   0   0   0   0   0 | Trp TGG   1   1   1   1   1   1
--------------------------------------------------------------------------------------------------------------------------------------
Leu CTT   4   4   4   4   4   4 | Pro CCT   1   1   1   1   1   1 | His CAT   3   3   3   3   3   3 | Arg CGT   0   0   0   0   0   0
    CTC   1   1   1   1   1   1 |     CCC   5   5   5   5   5   5 |     CAC   1   1   1   1   1   1 |     CGC   2   2   2   2   2   2
    CTA   0   0   0   0   0   0 |     CCA   4   4   4   4   4   4 | Gln CAA   4   3   3   3   3   3 |     CGA   1   1   1   1   1   1
    CTG   2   2   2   2   2   2 |     CCG   1   1   1   1   1   1 |     CAG   3   4   4   4   4   4 |     CGG   3   3   3   3   3   3
--------------------------------------------------------------------------------------------------------------------------------------
Ile ATT   2   2   2   2   2   2 | Thr ACT   0   0   0   0   0   0 | Asn AAT   3   4   4   3   4   4 | Ser AGT   2   2   3   2   2   2
    ATC   7   7   7   7   7   7 |     ACC   1   1   1   1   1   1 |     AAC   3   2   2   3   2   2 |     AGC   5   5   4   5   5   5
    ATA   2   2   2   2   2   2 |     ACA   3   3   4   4   4   4 | Lys AAA   5   5   6   6   6   6 | Arg AGA   0   0   0   0   0   0
Met ATG   1   1   1   1   1   1 |     ACG   1   1   0   0   0   0 |     AAG   3   3   2   2   2   2 |     AGG   5   5   5   5   5   5
--------------------------------------------------------------------------------------------------------------------------------------
Val GTT   2   2   2   2   2   2 | Ala GCT   2   3   3   3   3   3 | Asp GAT   1   1   1   1   1   1 | Gly GGT   1   1   1   1   1   1
    GTC   6   6   6   6   6   6 |     GCC   2   2   2   2   2   2 |     GAC   4   4   4   4   4   4 |     GGC   2   2   2   2   2   2
    GTA   3   3   3   3   3   3 |     GCA   0   0   0   0   0   0 | Glu GAA   2   2   2   2   2   2 |     GGA   6   6   6   6   6   6
    GTG   6   6   6   6   6   6 |     GCG   1   0   0   0   0   0 |     GAG   2   2   2   2   2   2 |     GGG   4   4   4   4   4   4
--------------------------------------------------------------------------------------------------------------------------------------

--------------------------------------------------------------------------------------------------------------------------------------
Phe TTT   2   2   2   2   2   2 | Ser TCT   1   1   1   1   1   1 | Tyr TAT   1   1   1   1   1   1 | Cys TGT   3   3   2   3   2   3
    TTC   0   0   0   0   0   0 |     TCC   4   4   4   4   4   4 |     TAC   0   0   0   0   0   0 |     TGC   0   0   1   0   1   0
Leu TTA   0   0   0   0   0   0 |     TCA   1   1   1   1   1   1 | *** TAA   0   0   0   0   0   0 | *** TGA   0   0   0   0   0   0
    TTG   0   0   0   0   1   0 |     TCG   0   0   0   0   0   0 |     TAG   0   0   0   0   0   0 | Trp TGG   1   1   1   1   1   1
--------------------------------------------------------------------------------------------------------------------------------------
Leu CTT   4   4   4   4   4   4 | Pro CCT   1   1   1   1   1   1 | His CAT   3   3   3   3   3   3 | Arg CGT   0   0   0   0   0   0
    CTC   1   1   1   1   1   1 |     CCC   5   5   5   5   5   5 |     CAC   1   1   1   1   1   1 |     CGC   2   2   3   2   2   2
    CTA   0   0   0   0   0   0 |     CCA   4   4   4   4   4   4 | Gln CAA   3   3   5   3   3   3 |     CGA   1   1   1   1   1   1
    CTG   2   2   2   2   1   2 |     CCG   1   1   1   1   1   1 |     CAG   4   4   2   4   4   4 |     CGG   3   3   1   3   3   3
--------------------------------------------------------------------------------------------------------------------------------------
Ile ATT   2   2   2   2   3   2 | Thr ACT   0   0   0   0   0   0 | Asn AAT   4   4   4   4   4   4 | Ser AGT   2   2   2   2   2   2
    ATC   7   7   7   7   6   7 |     ACC   1   1   1   1   1   1 |     AAC   2   2   2   2   2   2 |     AGC   5   5   5   5   5   5
    ATA   2   2   2   2   2   2 |     ACA   4   4   3   4   3   4 | Lys AAA   6   6   5   6   6   6 | Arg AGA   0   0   0   0   0   0
Met ATG   1   1   1   1   1   1 |     ACG   0   0   1   0   1   0 |     AAG   2   2   3   2   2   2 |     AGG   5   5   6   5   5   5
--------------------------------------------------------------------------------------------------------------------------------------
Val GTT   2   2   2   2   2   2 | Ala GCT   3   3   3   3   3   3 | Asp GAT   1   1   1   1   1   1 | Gly GGT   1   1   1   1   1   1
    GTC   6   6   6   6   5   6 |     GCC   2   2   2   2   2   2 |     GAC   4   4   4   4   4   4 |     GGC   2   2   2   2   2   2
    GTA   3   3   4   3   4   3 |     GCA   0   0   0   0   0   0 | Glu GAA   2   2   2   2   2   2 |     GGA   6   6   6   6   6   6
    GTG   6   6   5   6   6   6 |     GCG   0   0   0   0   0   0 |     GAG   2   2   2   2   2   2 |     GGG   4   4   4   4   4   4
--------------------------------------------------------------------------------------------------------------------------------------

--------------------------------------------------------------------------------------------------------------------------------------
Phe TTT   2   2   2   2   2   2 | Ser TCT   1   1   1   1   1   1 | Tyr TAT   1   1   1   1   1   1 | Cys TGT   2   3   3   3   3   2
    TTC   0   0   0   0   0   0 |     TCC   4   4   4   4   4   4 |     TAC   0   0   0   0   0   0 |     TGC   1   0   0   0   0   1
Leu TTA   0   0   0   0   0   0 |     TCA   1   1   1   1   1   1 | *** TAA   0   0   0   0   0   0 | *** TGA   0   0   0   0   0   0
    TTG   0   0   0   0   0   0 |     TCG   0   0   0   0   0   0 |     TAG   0   0   0   0   0   0 | Trp TGG   1   1   1   1   1   1
--------------------------------------------------------------------------------------------------------------------------------------
Leu CTT   4   4   4   4   4   4 | Pro CCT   1   1   1   1   1   1 | His CAT   3   3   3   3   4   3 | Arg CGT   0   0   0   0   0   0
    CTC   1   1   1   1   1   1 |     CCC   5   5   5   5   5   5 |     CAC   1   1   1   1   0   1 |     CGC   2   2   2   2   2   2
    CTA   0   0   0   0   0   0 |     CCA   4   4   4   4   4   4 | Gln CAA   3   3   3   3   3   3 |     CGA   1   1   1   1   1   1
    CTG   2   2   2   2   2   2 |     CCG   1   1   1   1   1   1 |     CAG   4   4   4   4   4   4 |     CGG   3   3   3   3   3   3
--------------------------------------------------------------------------------------------------------------------------------------
Ile ATT   2   2   2   2   2   2 | Thr ACT   0   0   0   0   0   0 | Asn AAT   3   4   4   4   4   4 | Ser AGT   1   2   2   2   2   2
    ATC   7   7   7   7   7   7 |     ACC   2   1   1   1   1   1 |     AAC   3   2   2   2   2   2 |     AGC   6   5   5   5   5   5
    ATA   2   2   2   2   2   2 |     ACA   3   4   4   4   4   3 | Lys AAA   6   6   6   6   6   5 | Arg AGA   0   0   0   0   0   0
Met ATG   1   1   1   1   1   1 |     ACG   0   0   0   0   0   1 |     AAG   2   2   2   2   2   3 |     AGG   5   5   5   5   5   5
--------------------------------------------------------------------------------------------------------------------------------------
Val GTT   2   2   2   3   2   2 | Ala GCT   3   3   3   3   3   3 | Asp GAT   1   1   1   1   1   1 | Gly GGT   1   1   1   1   1   1
    GTC   6   6   6   5   6   6 |     GCC   2   2   2   2   2   2 |     GAC   4   4   4   4   4   4 |     GGC   2   2   2   2   2   2
    GTA   3   3   3   4   3   3 |     GCA   0   0   0   0   0   0 | Glu GAA   2   2   2   2   2   2 |     GGA   6   6   6   6   6   6
    GTG   6   6   6   5   6   6 |     GCG   0   0   0   0   0   0 |     GAG   2   2   2   2   2   2 |     GGG   4   4   4   4   4   4
--------------------------------------------------------------------------------------------------------------------------------------

--------------------------------------------------------------------------------------------------------------------------------------
Phe TTT   2   2   2   2   2   3 | Ser TCT   1   1   1   1   1   0 | Tyr TAT   1   1   1   1   1   1 | Cys TGT   2   3   2   2   3   3
    TTC   0   0   0   0   0   0 |     TCC   4   4   4   4   4   4 |     TAC   0   0   0   0   0   0 |     TGC   1   0   1   1   0   0
Leu TTA   0   0   0   0   0   0 |     TCA   1   1   1   1   1   1 | *** TAA   0   0   0   0   0   0 | *** TGA   0   0   0   0   0   0
    TTG   0   0   0   0   0   0 |     TCG   0   0   0   0   0   0 |     TAG   0   0   0   0   0   0 | Trp TGG   1   1   1   1   1   1
--------------------------------------------------------------------------------------------------------------------------------------
Leu CTT   4   4   4   4   4   4 | Pro CCT   1   1   1   1   1   1 | His CAT   3   3   3   3   3   3 | Arg CGT   0   0   0   0   0   0
    CTC   1   1   1   1   1   1 |     CCC   5   5   5   5   5   5 |     CAC   1   1   1   1   1   1 |     CGC   2   2   3   2   2   2
    CTA   0   0   0   0   0   0 |     CCA   4   4   4   4   4   4 | Gln CAA   4   3   5   3   3   3 |     CGA   1   1   1   1   1   1
    CTG   2   2   2   2   2   2 |     CCG   1   1   1   1   1   1 |     CAG   3   4   2   4   4   4 |     CGG   3   3   1   3   3   3
--------------------------------------------------------------------------------------------------------------------------------------
Ile ATT   2   2   3   2   2   2 | Thr ACT   0   0   0   0   0   0 | Asn AAT   3   4   4   4   4   4 | Ser AGT   2   2   3   3   2   1
    ATC   7   7   6   7   7   7 |     ACC   1   1   1   1   1   1 |     AAC   3   2   2   2   2   2 |     AGC   5   5   4   4   5   6
    ATA   2   2   2   2   2   2 |     ACA   3   4   3   3   4   4 | Lys AAA   5   6   5   5   6   6 | Arg AGA   0   0   0   0   0   0
Met ATG   1   1   1   1   1   1 |     ACG   1   0   1   1   0   0 |     AAG   3   2   3   3   2   2 |     AGG   5   5   6   5   5   5
--------------------------------------------------------------------------------------------------------------------------------------
Val GTT   2   2   2   2   2   2 | Ala GCT   2   3   3   3   3   3 | Asp GAT   1   1   1   1   1   1 | Gly GGT   1   1   1   1   1   1
    GTC   6   6   6   6   6   6 |     GCC   2   2   2   2   2   2 |     GAC   4   4   4   4   4   4 |     GGC   2   2   2   2   2   2
    GTA   3   3   4   3   3   3 |     GCA   0   0   0   0   0   0 | Glu GAA   2   2   2   2   2   2 |     GGA   6   6   6   6   6   6
    GTG   6   6   5   6   6   6 |     GCG   1   0   0   0   0   0 |     GAG   2   2   2   2   2   2 |     GGG   4   4   4   4   4   4
--------------------------------------------------------------------------------------------------------------------------------------

--------------------------------------------------------------------------------------------------------------------------------------
Phe TTT   2   2   2   2   2   2 | Ser TCT   1   1   1   1   1   1 | Tyr TAT   1   1   1   1   1   1 | Cys TGT   3   3   3   3   3   3
    TTC   0   0   0   0   0   0 |     TCC   4   4   4   4   4   4 |     TAC   0   0   0   0   0   0 |     TGC   0   0   0   0   0   0
Leu TTA   0   0   0   0   0   0 |     TCA   1   1   1   1   1   1 | *** TAA   0   0   0   0   0   0 | *** TGA   0   0   0   0   0   0
    TTG   0   0   0   0   0   0 |     TCG   0   0   0   0   0   0 |     TAG   0   0   0   0   0   0 | Trp TGG   1   1   1   1   1   1
--------------------------------------------------------------------------------------------------------------------------------------
Leu CTT   4   4   4   4   4   4 | Pro CCT   1   1   1   1   1   1 | His CAT   3   3   3   3   3   3 | Arg CGT   0   0   0   0   0   0
    CTC   1   1   1   1   1   1 |     CCC   5   5   5   5   5   5 |     CAC   1   1   1   1   1   1 |     CGC   2   2   2   2   2   2
    CTA   0   0   0   0   0   0 |     CCA   4   4   4   4   4   4 | Gln CAA   3   3   3   3   3   3 |     CGA   1   1   2   1   1   1
    CTG   2   2   2   2   2   2 |     CCG   1   1   1   1   1   1 |     CAG   4   4   4   4   4   4 |     CGG   3   3   2   3   3   3
--------------------------------------------------------------------------------------------------------------------------------------
Ile ATT   2   2   2   3   2   2 | Thr ACT   0   0   0   0   0   0 | Asn AAT   4   4   4   4   4   4 | Ser AGT   2   3   2   2   2   2
    ATC   7   7   7   6   7   7 |     ACC   1   1   1   1   1   1 |     AAC   2   2   2   2   2   2 |     AGC   5   4   5   5   5   5
    ATA   2   2   2   2   2   2 |     ACA   4   4   4   4   4   4 | Lys AAA   6   6   6   6   6   6 | Arg AGA   0   0   0   0   0   0
Met ATG   1   1   1   1   1   1 |     ACG   0   0   0   0   0   0 |     AAG   2   2   2   2   2   2 |     AGG   5   5   5   5   5   5
--------------------------------------------------------------------------------------------------------------------------------------
Val GTT   2   2   2   1   2   2 | Ala GCT   3   3   3   3   3   3 | Asp GAT   1   1   1   1   1   1 | Gly GGT   1   1   1   1   1   1
    GTC   6   6   6   6   6   6 |     GCC   2   2   2   2   2   2 |     GAC   4   4   4   4   4   4 |     GGC   2   2   2   2   2   2
    GTA   3   3   3   5   3   3 |     GCA   0   0   0   0   0   0 | Glu GAA   2   2   2   2   2   2 |     GGA   6   6   6   6   6   6
    GTG   6   6   6   5   6   6 |     GCG   0   0   0   0   0   0 |     GAG   2   2   2   2   2   2 |     GGG   4   4   4   4   4   4
--------------------------------------------------------------------------------------------------------------------------------------

Codon position x base (3x4) table for each sequence.

#1: Argali         
position  1:    T:0.09630    C:0.25926    A:0.31852    G:0.32593
position  2:    T:0.28148    C:0.20000    A:0.25926    G:0.25926
position  3:    T:0.22222    C:0.31111    A:0.23704    G:0.22963
Average         T:0.20000    C:0.25679    A:0.27160    G:0.27160

#2: LesserMouseDeer
position  1:    T:0.09630    C:0.25926    A:0.31852    G:0.32593
position  2:    T:0.28148    C:0.20000    A:0.25926    G:0.25926
position  3:    T:0.20000    C:0.31852    A:0.22963    G:0.25185
Average         T:0.19259    C:0.25926    A:0.26914    G:0.27901

#3: LesserKudu     
position  1:    T:0.09630    C:0.25926    A:0.31852    G:0.32593
position  2:    T:0.28148    C:0.20000    A:0.25926    G:0.25926
position  3:    T:0.22222    C:0.31111    A:0.23704    G:0.22963
Average         T:0.20000    C:0.25679    A:0.27160    G:0.27160

#4: ForestMuskDeer2
position  1:    T:0.09630    C:0.25926    A:0.31852    G:0.32593
position  2:    T:0.28148    C:0.20000    A:0.25926    G:0.25926
position  3:    T:0.22222    C:0.30370    A:0.25185    G:0.22222
Average         T:0.20000    C:0.25432    A:0.27654    G:0.26914

#5: Camel          
position  1:    T:0.09630    C:0.25926    A:0.31852    G:0.32593
position  2:    T:0.28148    C:0.20000    A:0.25926    G:0.25926
position  3:    T:0.22222    C:0.30370    A:0.23704    G:0.23704
Average         T:0.20000    C:0.25432    A:0.27160    G:0.27407

#6: KillerWhale    
position  1:    T:0.09630    C:0.25926    A:0.31852    G:0.32593
position  2:    T:0.28148    C:0.20000    A:0.25926    G:0.25926
position  3:    T:0.22222    C:0.31111    A:0.22963    G:0.23704
Average         T:0.20000    C:0.25679    A:0.26914    G:0.27407

#7: DefassaWaterbuck
position  1:    T:0.09630    C:0.25926    A:0.31852    G:0.32593
position  2:    T:0.28148    C:0.20000    A:0.25926    G:0.25926
position  3:    T:0.22963    C:0.30370    A:0.24444    G:0.22222
Average         T:0.20247    C:0.25432    A:0.27407    G:0.26914

#8: Sheep          
position  1:    T:0.09630    C:0.25926    A:0.31852    G:0.32593
position  2:    T:0.28148    C:0.20000    A:0.25926    G:0.25926
position  3:    T:0.22222    C:0.31111    A:0.23704    G:0.22963
Average         T:0.20000    C:0.25679    A:0.27160    G:0.27160

#9: MaxwellsDuiker 
position  1:    T:0.09630    C:0.25926    A:0.31852    G:0.32593
position  2:    T:0.28148    C:0.20000    A:0.25926    G:0.25926
position  3:    T:0.22222    C:0.31111    A:0.23704    G:0.22963
Average         T:0.20000    C:0.25679    A:0.27160    G:0.27160

#10: GazellaPrzewalskyi
position  1:    T:0.09630    C:0.25926    A:0.31852    G:0.32593
position  2:    T:0.28148    C:0.20000    A:0.25926    G:0.25926
position  3:    T:0.22222    C:0.31111    A:0.23704    G:0.22963
Average         T:0.20000    C:0.25679    A:0.27160    G:0.27160

#11: MountainNyala  
position  1:    T:0.09630    C:0.25926    A:0.31852    G:0.32593
position  2:    T:0.28148    C:0.20000    A:0.25926    G:0.25926
position  3:    T:0.22222    C:0.31111    A:0.23704    G:0.22963
Average         T:0.20000    C:0.25679    A:0.27160    G:0.27160

#12: MuntiacusMuntjak
position  1:    T:0.09630    C:0.25185    A:0.32593    G:0.32593
position  2:    T:0.28148    C:0.20000    A:0.25926    G:0.25926
position  3:    T:0.22222    C:0.31852    A:0.24444    G:0.21481
Average         T:0.20000    C:0.25679    A:0.27654    G:0.26667

#13: goat           
position  1:    T:0.09630    C:0.25926    A:0.31852    G:0.32593
position  2:    T:0.28148    C:0.20000    A:0.25926    G:0.25926
position  3:    T:0.22222    C:0.31111    A:0.23704    G:0.22963
Average         T:0.20000    C:0.25679    A:0.27160    G:0.27160

#14: AfricanBuffalo 
position  1:    T:0.09630    C:0.25926    A:0.31852    G:0.32593
position  2:    T:0.28148    C:0.20000    A:0.25926    G:0.25926
position  3:    T:0.20000    C:0.33333    A:0.23704    G:0.22963
Average         T:0.19259    C:0.26420    A:0.27160    G:0.27160

#15: Topi           
position  1:    T:0.09630    C:0.25926    A:0.31852    G:0.32593
position  2:    T:0.28148    C:0.20000    A:0.25926    G:0.25926
position  3:    T:0.22222    C:0.31111    A:0.23704    G:0.22963
Average         T:0.20000    C:0.25679    A:0.27160    G:0.27160

#16: CommonDuiker   
position  1:    T:0.09630    C:0.25926    A:0.31852    G:0.32593
position  2:    T:0.28148    C:0.20000    A:0.25926    G:0.25926
position  3:    T:0.22222    C:0.31111    A:0.23704    G:0.22963
Average         T:0.20000    C:0.25679    A:0.27160    G:0.27160

#17: Suni           
position  1:    T:0.09630    C:0.25926    A:0.31852    G:0.32593
position  2:    T:0.28148    C:0.20000    A:0.25926    G:0.25926
position  3:    T:0.22222    C:0.31111    A:0.22963    G:0.23704
Average         T:0.20000    C:0.25679    A:0.26914    G:0.27407

#18: Springbuck     
position  1:    T:0.09630    C:0.25926    A:0.31852    G:0.32593
position  2:    T:0.28148    C:0.20000    A:0.25926    G:0.25926
position  3:    T:0.22222    C:0.31111    A:0.23704    G:0.22963
Average         T:0.20000    C:0.25679    A:0.27160    G:0.27160

#19: Okapi          
position  1:    T:0.09630    C:0.25926    A:0.31852    G:0.32593
position  2:    T:0.28148    C:0.20000    A:0.25926    G:0.25926
position  3:    T:0.20741    C:0.31852    A:0.23704    G:0.23704
Average         T:0.19506    C:0.25926    A:0.27160    G:0.27407

#20: Giraffe        
position  1:    T:0.09630    C:0.25926    A:0.31852    G:0.32593
position  2:    T:0.28889    C:0.19259    A:0.25926    G:0.25926
position  3:    T:0.21481    C:0.31852    A:0.22963    G:0.23704
Average         T:0.20000    C:0.25679    A:0.26914    G:0.27407

#21: TibetanAntelope
position  1:    T:0.09630    C:0.25926    A:0.31852    G:0.32593
position  2:    T:0.28148    C:0.20000    A:0.25926    G:0.25926
position  3:    T:0.21481    C:0.31852    A:0.23704    G:0.22963
Average         T:0.19753    C:0.25926    A:0.27160    G:0.27160

#22: Sitatunga      
position  1:    T:0.09630    C:0.25926    A:0.31852    G:0.32593
position  2:    T:0.28148    C:0.20000    A:0.25926    G:0.25926
position  3:    T:0.22222    C:0.31111    A:0.23704    G:0.22963
Average         T:0.20000    C:0.25679    A:0.27160    G:0.27160

#23: Oribi          
position  1:    T:0.09630    C:0.25926    A:0.31852    G:0.32593
position  2:    T:0.28148    C:0.20000    A:0.25926    G:0.25926
position  3:    T:0.22222    C:0.31111    A:0.23704    G:0.22963
Average         T:0.20000    C:0.25679    A:0.27160    G:0.27160

#24: BarbarySheep   
position  1:    T:0.09630    C:0.25926    A:0.31852    G:0.32593
position  2:    T:0.28148    C:0.20000    A:0.25926    G:0.25926
position  3:    T:0.22222    C:0.31111    A:0.23704    G:0.22963
Average         T:0.20000    C:0.25679    A:0.27160    G:0.27160

#25: Daviddeer      
position  1:    T:0.09630    C:0.25926    A:0.31852    G:0.32593
position  2:    T:0.28148    C:0.20000    A:0.25926    G:0.25926
position  3:    T:0.20000    C:0.32593    A:0.22963    G:0.24444
Average         T:0.19259    C:0.26173    A:0.26914    G:0.27654

#26: Reindeer       
position  1:    T:0.09630    C:0.25926    A:0.31852    G:0.32593
position  2:    T:0.28148    C:0.20000    A:0.25926    G:0.25926
position  3:    T:0.21481    C:0.31852    A:0.22222    G:0.24444
Average         T:0.19753    C:0.25926    A:0.26667    G:0.27654

#27: Ibex           
position  1:    T:0.09630    C:0.25926    A:0.31852    G:0.32593
position  2:    T:0.28148    C:0.20000    A:0.25926    G:0.25926
position  3:    T:0.22963    C:0.30370    A:0.23704    G:0.22963
Average         T:0.20247    C:0.25432    A:0.27160    G:0.27160

#28: GyrantGazelle  
position  1:    T:0.09630    C:0.25926    A:0.31852    G:0.32593
position  2:    T:0.28148    C:0.20000    A:0.25926    G:0.25926
position  3:    T:0.21481    C:0.31852    A:0.23704    G:0.22963
Average         T:0.19753    C:0.25926    A:0.27160    G:0.27160

#29: Hartebeest     
position  1:    T:0.09630    C:0.25926    A:0.31852    G:0.32593
position  2:    T:0.28148    C:0.20000    A:0.25926    G:0.25926
position  3:    T:0.22222    C:0.31111    A:0.23704    G:0.22963
Average         T:0.20000    C:0.25679    A:0.27160    G:0.27160

#30: Bongo          
position  1:    T:0.09630    C:0.25926    A:0.31852    G:0.32593
position  2:    T:0.28148    C:0.20000    A:0.25926    G:0.25926
position  3:    T:0.22222    C:0.31111    A:0.23704    G:0.22963
Average         T:0.20000    C:0.25679    A:0.27160    G:0.27160

#31: Gerenuk        
position  1:    T:0.09630    C:0.25926    A:0.31852    G:0.32593
position  2:    T:0.28148    C:0.20000    A:0.25926    G:0.25926
position  3:    T:0.22222    C:0.31111    A:0.23704    G:0.22963
Average         T:0.20000    C:0.25679    A:0.27160    G:0.27160

#32: CommonEland    
position  1:    T:0.09630    C:0.25926    A:0.31852    G:0.32593
position  2:    T:0.28148    C:0.20000    A:0.25926    G:0.25926
position  3:    T:0.22222    C:0.31111    A:0.23704    G:0.22963
Average         T:0.20000    C:0.25679    A:0.27160    G:0.27160

#33: MuntiacusReevesi
position  1:    T:0.09630    C:0.25185    A:0.32593    G:0.32593
position  2:    T:0.28148    C:0.20000    A:0.25926    G:0.25926
position  3:    T:0.21481    C:0.32593    A:0.24444    G:0.21481
Average         T:0.19753    C:0.25926    A:0.27654    G:0.26667

#34: HarveysDuiker  
position  1:    T:0.09630    C:0.25926    A:0.31852    G:0.32593
position  2:    T:0.28148    C:0.20000    A:0.25926    G:0.25926
position  3:    T:0.22222    C:0.31111    A:0.23704    G:0.22963
Average         T:0.20000    C:0.25679    A:0.27160    G:0.27160

#35: Pronghorn      
position  1:    T:0.10370    C:0.25185    A:0.31852    G:0.32593
position  2:    T:0.28148    C:0.20000    A:0.25926    G:0.25926
position  3:    T:0.22222    C:0.30370    A:0.23704    G:0.23704
Average         T:0.20247    C:0.25185    A:0.27160    G:0.27407

#36: BlueWildebeest 
position  1:    T:0.09630    C:0.25926    A:0.31852    G:0.32593
position  2:    T:0.28148    C:0.20000    A:0.25926    G:0.25926
position  3:    T:0.22222    C:0.31111    A:0.23704    G:0.22963
Average         T:0.20000    C:0.25679    A:0.27160    G:0.27160

#37: Gemsbok        
position  1:    T:0.09630    C:0.25926    A:0.31852    G:0.32593
position  2:    T:0.28148    C:0.20000    A:0.25926    G:0.25926
position  3:    T:0.20000    C:0.34074    A:0.22963    G:0.22963
Average         T:0.19259    C:0.26667    A:0.26914    G:0.27160

#38: Yak            
position  1:    T:0.09630    C:0.25926    A:0.31852    G:0.32593
position  2:    T:0.28148    C:0.20000    A:0.25926    G:0.25926
position  3:    T:0.22222    C:0.31111    A:0.23704    G:0.22963
Average         T:0.20000    C:0.25679    A:0.27160    G:0.27160

#39: BlueSheep      
position  1:    T:0.09630    C:0.25926    A:0.31852    G:0.32593
position  2:    T:0.28148    C:0.20000    A:0.25926    G:0.25926
position  3:    T:0.22222    C:0.31111    A:0.23704    G:0.22963
Average         T:0.20000    C:0.25679    A:0.27160    G:0.27160

#40: BohorReedbuck  
position  1:    T:0.09630    C:0.25926    A:0.31852    G:0.32593
position  2:    T:0.28148    C:0.20000    A:0.25926    G:0.25926
position  3:    T:0.22963    C:0.30370    A:0.24444    G:0.22222
Average         T:0.20247    C:0.25432    A:0.27407    G:0.26914

#41: KirksDik       
position  1:    T:0.09630    C:0.25926    A:0.31852    G:0.32593
position  2:    T:0.28148    C:0.20000    A:0.25926    G:0.25926
position  3:    T:0.22963    C:0.30370    A:0.23704    G:0.22963
Average         T:0.20247    C:0.25432    A:0.27160    G:0.27160

#42: RoeDeer        
position  1:    T:0.09630    C:0.25926    A:0.31852    G:0.32593
position  2:    T:0.28148    C:0.20000    A:0.25926    G:0.25926
position  3:    T:0.21481    C:0.31852    A:0.22222    G:0.24444
Average         T:0.19753    C:0.25926    A:0.26667    G:0.27654

#43: WhiteLippedDeer
position  1:    T:0.09630    C:0.25926    A:0.31852    G:0.32593
position  2:    T:0.28148    C:0.20000    A:0.25926    G:0.25926
position  3:    T:0.20000    C:0.32593    A:0.22963    G:0.24444
Average         T:0.19259    C:0.26173    A:0.26914    G:0.27654

#44: ThomsonGazelle 
position  1:    T:0.09630    C:0.25926    A:0.31852    G:0.32593
position  2:    T:0.28148    C:0.20000    A:0.25926    G:0.25926
position  3:    T:0.22222    C:0.31111    A:0.23704    G:0.22963
Average         T:0.20000    C:0.25679    A:0.27160    G:0.27160

#45: MuntiacusCrinifrons
position  1:    T:0.09630    C:0.25185    A:0.32593    G:0.32593
position  2:    T:0.28148    C:0.20000    A:0.25926    G:0.25926
position  3:    T:0.22963    C:0.31111    A:0.24444    G:0.21481
Average         T:0.20247    C:0.25432    A:0.27654    G:0.26667

#46: WhiteTailedDeer
position  1:    T:0.09630    C:0.25926    A:0.31852    G:0.32593
position  2:    T:0.28148    C:0.20000    A:0.25926    G:0.25926
position  3:    T:0.22222    C:0.31111    A:0.22222    G:0.24444
Average         T:0.20000    C:0.25679    A:0.26667    G:0.27654

#47: Cattle         
position  1:    T:0.09630    C:0.25926    A:0.31852    G:0.32593
position  2:    T:0.28148    C:0.20000    A:0.25926    G:0.25926
position  3:    T:0.22222    C:0.31111    A:0.23704    G:0.22963
Average         T:0.20000    C:0.25679    A:0.27160    G:0.27160

#48: RoyalAntelope  
position  1:    T:0.09630    C:0.25926    A:0.31852    G:0.32593
position  2:    T:0.28889    C:0.19259    A:0.25926    G:0.25926
position  3:    T:0.21481    C:0.31852    A:0.23704    G:0.22963
Average         T:0.20000    C:0.25679    A:0.27160    G:0.27160

#49: Steenbok       
position  1:    T:0.09630    C:0.25926    A:0.31852    G:0.32593
position  2:    T:0.28148    C:0.20000    A:0.25926    G:0.25926
position  3:    T:0.22222    C:0.31111    A:0.23704    G:0.22963
Average         T:0.20000    C:0.25679    A:0.27160    G:0.27160

#50: Impala         
position  1:    T:0.09630    C:0.25926    A:0.31852    G:0.32593
position  2:    T:0.28148    C:0.20000    A:0.25926    G:0.25926
position  3:    T:0.22963    C:0.30370    A:0.23704    G:0.22963
Average         T:0.20247    C:0.25432    A:0.27160    G:0.27160

#51: Klipspringer   
position  1:    T:0.09630    C:0.25926    A:0.31852    G:0.32593
position  2:    T:0.28148    C:0.20000    A:0.25926    G:0.25926
