1
52 1
Argali 0.000000 0.188600 0.056900 0.136600 0.028100 0.000000 0.014000 0.028100 0.042800 0.086200 0.000000 0.027400 0.000100 0.013900 0.056400 0.028200 0.103800 0.087600 0.014200 0.057400 0.028100 0.000000 0.071000 0.086200 0.000000 0.028100 0.000100 0.056900 0.013900 0.086700 0.071000 0.042700 0.086700 0.000100 0.013900 0.086500 0.000000 0.013900 0.028300 0.086400 0.071100 0.013900 0.071000 0.071000 0.085700 0.013900 0.041900 0.042400 0.028500 0.100400 0.057200 0.056900
LesserMous 0.188600 0.000000 0.188900 0.171000 0.152500 0.188600 0.186800 0.188600 0.170200 0.170500 0.188600 0.188700 0.189500 0.170600 0.204100 0.171200 0.172200 0.206400 0.203700 0.172500 0.188800 0.188600 0.153000 0.170200 0.188600 0.188500 0.189500 0.188900 0.170700 0.224300 0.153000 0.188900 0.153500 0.189500 0.170100 0.259700 0.188600 0.170600 0.189600 0.153400 0.120100 0.170700 0.153000 0.153000 0.239500 0.170700 0.185700 0.170500 0.173000 0.168800 0.190000 0.188900
LesserKudu 0.056900 0.188900 0.000000 0.137100 0.056900 0.056900 0.072100 0.057100 0.013900 0.056400 0.056900 0.056900 0.057400 0.042100 0.056500 0.057200 0.103300 0.102700 0.073000 0.027900 0.056900 0.056900 0.041800 0.056400 0.056900 0.057000 0.057400 0.000000 0.042300 0.028200 0.040500 0.072000 0.056800 0.057400 0.071600 0.086000 0.056900 0.042100 0.057300 0.056500 0.056400 0.042300 0.041800 0.041800 0.056200 0.042300 0.070800 0.042400 0.057700 0.070600 0.027800 0.000000
KillerWhal 0.136600 0.171000 0.137100 0.000000 0.137300 0.136600 0.153900 0.136700 0.121900 0.152200 0.136600 0.136800 0.137200 0.120100 0.151900 0.120600 0.151500 0.185300 0.147300 0.121600 0.136800 0.136600 0.135400 0.151900 0.136600 0.136900 0.137200 0.137100 0.120200 0.162800 0.135400 0.137000 0.136000 0.137200 0.152500 0.204000 0.136600 0.120100 0.137400 0.135800 0.103300 0.120200 0.135400 0.135400 0.185500 0.120200 0.151300 0.120200 0.121800 0.167500 0.138100 0.137100
DefassaWat 0.028100 0.152500 0.056900 0.137300 0.000000 0.028100 0.027900 0.028100 0.042800 0.086200 0.028100 0.026600 0.028300 0.013900 0.056500 0.028200 0.103800 0.103200 0.043300 0.057400 0.028100 0.028100 0.071000 0.086100 0.028100 0.028200 0.028300 0.056900 0.013900 0.086600 0.071000 0.042700 0.086800 0.028300 0.042400 0.086400 0.028100 0.013500 0.028300 0.086400 0.071100 0.013900 0.071000 0.071000 0.085700 0.013900 0.027700 0.042400 0.028500 0.085500 0.057200 0.056900
Sheep 0.000000 0.188600 0.056900 0.136600 0.028100 0.000000 0.014000 0.028100 0.042800 0.086200 0.000000 0.028100 0.000100 0.013900 0.056400 0.028200 0.103800 0.087600 0.014200 0.057400 0.028100 0.000000 0.071000 0.086200 0.000000 0.028100 0.000100 0.056900 0.013900 0.086700 0.071200 0.042700 0.086700 0.000100 0.013900 0.086500 0.000000 0.013900 0.028300 0.086400 0.071100 0.013900 0.071000 0.071000 0.085700 0.013900 0.041900 0.042400 0.028500 0.100400 0.057200 0.056900
MaxwellsDu 0.014000 0.186800 0.072100 0.153900 0.027900 0.014000 0.000000 0.042700 0.057700 0.102100 0.014000 0.042800 0.014100 0.028100 0.071300 0.042800 0.120300 0.103400 0.028700 0.072700 0.042800 0.014000 0.086400 0.102000 0.014000 0.042600 0.014100 0.072100 0.028100 0.099700 0.086400 0.057700 0.102300 0.014100 0.028100 0.102300 0.014000 0.028100 0.042800 0.102200 0.086500 0.028100 0.086400 0.086400 0.101500 0.028100 0.042000 0.057100 0.043200 0.100800 0.072500 0.072100
GazellaPrz 0.028100 0.188600 0.057100 0.136700 0.028100 0.028100 0.042700 0.000000 0.042800 0.056600 0.028100 0.028100 0.028300 0.013900 0.056400 0.028200 0.103800 0.103200 0.043300 0.057400 0.028100 0.028100 0.070200 0.086200 0.028100 0.028100 0.028300 0.056900 0.013900 0.086700 0.071000 0.042700 0.086700 0.028300 0.042400 0.086500 0.028100 0.013900 0.028300 0.086400 0.071100 0.013900 0.071000 0.071000 0.086000 0.013900 0.041900 0.042400 0.028500 0.100400 0.057200 0.056900
MountainNy 0.042800 0.170200 0.013900 0.121900 0.042800 0.042800 0.057700 0.042800 0.000000 0.072100 0.042800 0.042800 0.043000 0.028200 0.042400 0.042900 0.088700 0.119700 0.058400 0.014000 0.042800 0.042800 0.057000 0.072000 0.042800 0.042800 0.043000 0.013900 0.028200 0.037300 0.057000 0.057800 0.072300 0.043000 0.057300 0.102600 0.042800 0.028200 0.042900 0.072200 0.042500 0.028200 0.057000 0.057000 0.071700 0.028200 0.056600 0.028300 0.043300 0.086300 0.013900 0.013900
MuntiacusM 0.086200 0.170500 0.056400 0.152200 0.086200 0.086200 0.102100 0.056600 0.072100 0.000000 0.086200 0.086300 0.086900 0.071000 0.085600 0.086700 0.072500 0.071700 0.103500 0.086900 0.086300 0.086200 0.013700 0.027600 0.086200 0.086400 0.086900 0.056400 0.071200 0.088000 0.013700 0.101900 0.027800 0.086900 0.101400 0.115900 0.086200 0.071000 0.086800 0.027700 0.041800 0.071200 0.013700 0.013300 0.085000 0.071200 0.100100 0.071300 0.087500 0.041400 0.086600 0.056400
goat 0.000000 0.188600 0.056900 0.136600 0.028100 0.000000 0.014000 0.028100 0.042800 0.086200 0.000000 0.028100 0.000100 0.013900 0.056400 0.028200 0.103800 0.087600 0.014200 0.057400 0.028100 0.000000 0.071000 0.086200 0.000000 0.028100 0.000100 0.056900 0.013900 0.086700 0.071000 0.042700 0.086700 0.000100 0.013900 0.086500 0.000000 0.013900 0.028300 0.086600 0.070900 0.013900 0.071000 0.071000 0.085700 0.013900 0.041900 0.042400 0.028500 0.100400 0.057200 0.056900
AfricanBuf 0.027400 0.188700 0.056900 0.136800 0.026600 0.028100 0.042800 0.028100 0.042800 0.086300 0.028100 0.000000 0.028400 0.013600 0.056500 0.028300 0.103500 0.103200 0.043400 0.056900 0.028200 0.028100 0.071000 0.086200 0.028100 0.028200 0.028400 0.057100 0.013900 0.086800 0.071000 0.042700 0.086800 0.028400 0.042500 0.056700 0.027400 0.013600 0.028300 0.086400 0.071100 0.013900 0.071000 0.071000 0.056200 0.013900 0.041900 0.042400 0.028500 0.100500 0.057200 0.056900
Topi 0.000100 0.189500 0.057400 0.137200 0.028300 0.000100 0.014100 0.028300 0.043000 0.086900 0.000100 0.028400 0.000000 0.014000 0.056800 0.028400 0.104600 0.088000 0.014300 0.057900 0.028400 0.000100 0.071500 0.086800 0.000100 0.028300 0.000000 0.057400 0.014000 0.085800 0.071500 0.043100 0.087100 0.000000 0.014000 0.087200 0.000100 0.014000 0.028400 0.087000 0.071600 0.014000 0.071500 0.071500 0.086500 0.014000 0.042100 0.042600 0.028700 0.100900 0.057700 0.057400
CommonDuik 0.013900 0.170600 0.042100 0.120100 0.013900 0.013900 0.028100 0.013900 0.028200 0.071000 0.013900 0.013600 0.014000 0.000000 0.041800 0.013900 0.087800 0.087300 0.028500 0.042500 0.013900 0.013600 0.056100 0.070900 0.013500 0.013900 0.014000 0.042100 0.000100 0.070700 0.056100 0.028100 0.071400 0.014000 0.027900 0.071100 0.013900 0.000000 0.013900 0.071100 0.056200 0.000100 0.056100 0.056100 0.070600 0.000100 0.027600 0.027900 0.014100 0.085100 0.042400 0.042100
Suni 0.056400 0.204100 0.056500 0.151900 0.056500 0.056400 0.071300 0.056400 0.042400 0.085600 0.056400 0.056500 0.056800 0.041800 0.000000 0.056500 0.102800 0.133300 0.072200 0.056900 0.056500 0.056400 0.070500 0.085500 0.056400 0.056400 0.056800 0.056500 0.041900 0.084600 0.070500 0.071400 0.085800 0.056800 0.070900 0.085500 0.056400 0.041800 0.056600 0.085700 0.070600 0.041900 0.070500 0.070500 0.055800 0.041900 0.070100 0.041900 0.057100 0.099700 0.056700 0.056500
Springbuck 0.028200 0.171200 0.057200 0.120600 0.028200 0.028200 0.042800 0.028200 0.042900 0.086700 0.028200 0.028300 0.028400 0.013900 0.056500 0.000000 0.073100 0.103400 0.037200 0.028300 0.028300 0.028200 0.071400 0.086600 0.028200 0.028100 0.028400 0.057200 0.013500 0.085300 0.071400 0.014000 0.056900 0.028400 0.042500 0.086900 0.028200 0.013900 0.028300 0.056800 0.071500 0.013900 0.071400 0.071400 0.086100 0.014000 0.042000 0.013900 0.000100 0.100700 0.057500 0.057200
Okapi 0.103800 0.172200 0.103300 0.151500 0.103800 0.103800 0.120300 0.103800 0.088700 0.072500 0.103800 0.103500 0.104600 0.087800 0.102800 0.073100 0.000000 0.087900 0.120100 0.073000 0.103800 0.103800 0.057300 0.072400 0.103800 0.104100 0.104600 0.103300 0.088100 0.136400 0.057300 0.088400 0.043000 0.104600 0.119400 0.167700 0.103800 0.087800 0.104500 0.042700 0.057300 0.088100 0.057300 0.057300 0.133900 0.088100 0.117900 0.057800 0.073900 0.086900 0.103900 0.103300
Giraffe 0.087600 0.206400 0.102700 0.185300 0.103200 0.087600 0.103400 0.103200 0.119700 0.071700 0.087600 0.103200 0.088000 0.087300 0.133300 0.103400 0.087900 0.000000 0.104800 0.135800 0.103200 0.087600 0.056700 0.071700 0.087600 0.103100 0.088000 0.102700 0.087400 0.137200 0.056700 0.119500 0.072000 0.088000 0.102600 0.133800 0.087600 0.087300 0.103500 0.071800 0.086800 0.087400 0.056700 0.056700 0.132700 0.087400 0.117000 0.118300 0.104400 0.085800 0.135300 0.102700
TibetanAnt 0.014200 0.203700 0.073000 0.147300 0.043300 0.014200 0.028700 0.043300 0.058400 0.103500 0.014200 0.043400 0.014300 0.028500 0.072200 0.037200 0.120100 0.104800 0.000000 0.071200 0.043400 0.014200 0.087500 0.103400 0.014200 0.043300 0.014300 0.073000 0.028500 0.103100 0.087500 0.055500 0.099300 0.014300 0.028500 0.103800 0.014200 0.028500 0.043400 0.101600 0.087700 0.028500 0.087500 0.087500 0.102700 0.028500 0.057100 0.052900 0.037500 0.117400 0.073500 0.073000
Sitatunga 0.057400 0.172500 0.027900 0.121600 0.057400 0.057400 0.072700 0.057400 0.014000 0.086900 0.057400 0.056900 0.057900 0.042500 0.056900 0.028300 0.073000 0.135800 0.071200 0.000000 0.057400 0.057400 0.071600 0.086800 0.057400 0.057500 0.057900 0.027900 0.042700 0.054900 0.071600 0.042800 0.057300 0.057900 0.072200 0.117900 0.057400 0.042500 0.057800 0.057000 0.056900 0.042700 0.071600 0.071600 0.086400 0.042700 0.071400 0.014000 0.028600 0.101500 0.028000 0.027900
Oribi 0.028100 0.188800 0.056900 0.136800 0.028100 0.028100 0.042800 0.028100 0.042800 0.086300 0.028100 0.028200 0.028400 0.013900 0.056500 0.028300 0.103800 0.103200 0.043400 0.057400 0.000000 0.028100 0.071000 0.086200 0.027000 0.028200 0.028400 0.056900 0.013900 0.086800 0.070800 0.042700 0.086800 0.028400 0.042500 0.086500 0.028100 0.013900 0.028300 0.086400 0.071300 0.013900 0.071000 0.071000 0.085800 0.013900 0.041900 0.042400 0.028500 0.100500 0.057200 0.056900
BarbaryShe 0.000000 0.188600 0.056900 0.136600 0.028100 0.000000 0.014000 0.028100 0.042800 0.086200 0.000000 0.028100 0.000100 0.013600 0.056400 0.028200 0.103800 0.087600 0.014200 0.057400 0.028100 0.000000 0.071000 0.086200 0.000000 0.028100 0.000100 0.056900 0.013900 0.086700 0.069600 0.042700 0.086700 0.000100 0.013900 0.086500 0.000000 0.013900 0.028300 0.086200 0.071100 0.013900 0.071000 0.071000 0.085700 0.013900 0.041900 0.042400 0.028500 0.100400 0.057200 0.056900
Daviddeer 0.071000 0.153000 0.041800 0.135400 0.071000 0.071000 0.086400 0.070200 0.057000 0.013700 0.071000 0.071000 0.071500 0.056100 0.070500 0.071400 0.057300 0.056700 0.087500 0.071600 0.071000 0.071000 0.000000 0.013600 0.071000 0.071100 0.071500 0.041800 0.056300 0.072400 0.000000 0.086300 0.013700 0.071500 0.085800 0.100200 0.071000 0.056100 0.071400 0.013300 0.026400 0.056300 0.000000 0.000000 0.070000 0.056300 0.084800 0.056400 0.072000 0.027300 0.071400 0.041800
Reindeer 0.086200 0.170200 0.056400 0.151900 0.086100 0.086200 0.102000 0.086200 0.072000 0.027600 0.086200 0.086200 0.086800 0.070900 0.085500 0.086600 0.072400 0.071700 0.103400 0.086800 0.086200 0.086200 0.013600 0.000000 0.086200 0.086300 0.086800 0.056400 0.071200 0.087900 0.013600 0.101800 0.027800 0.086800 0.101300 0.115800 0.086200 0.070900 0.086700 0.027600 0.041700 0.071200 0.013400 0.013400 0.084900 0.071200 0.100000 0.071200 0.087400 0.041400 0.086500 0.055400
Ibex 0.000000 0.188600 0.056900 0.136600 0.028100 0.000000 0.014000 0.028100 0.042800 0.086200 0.000000 0.028100 0.000100 0.013500 0.056400 0.028200 0.103800 0.087600 0.014200 0.057400 0.027000 0.000000 0.071000 0.086200 0.000000 0.028100 0.000100 0.056900 0.013900 0.086700 0.071000 0.042700 0.086700 0.000100 0.013900 0.086500 0.000000 0.013900 0.028300 0.086400 0.070800 0.013900 0.071000 0.071000 0.085700 0.013900 0.041900 0.042400 0.028500 0.100400 0.057200 0.056900
GyrantGaze 0.028100 0.188500 0.057000 0.136900 0.028200 0.028100 0.042600 0.028100 0.042800 0.086400 0.028100 0.028200 0.028300 0.013900 0.056400 0.028100 0.104100 0.103100 0.043300 0.057500 0.028200 0.028100 0.071100 0.086300 0.028100 0.000000 0.028300 0.057000 0.013900 0.085000 0.071100 0.042800 0.086700 0.028300 0.042400 0.086600 0.028100 0.013900 0.028200 0.086600 0.071200 0.013900 0.071100 0.071100 0.085900 0.013900 0.041800 0.042400 0.014100 0.100400 0.057300 0.057000
Hartebeest 0.000100 0.189500 0.057400 0.137200 0.028300 0.000100 0.014100 0.028300 0.043000 0.086900 0.000100 0.028400 0.000000 0.014000 0.056800 0.028400 0.104600 0.088000 0.014300 0.057900 0.028400 0.000100 0.071500 0.086800 0.000100 0.028300 0.000000 0.057400 0.014000 0.085800 0.071500 0.043100 0.087100 0.000000 0.014000 0.087200 0.000100 0.014000 0.028400 0.087000 0.071600 0.014000 0.071500 0.071500 0.086500 0.014000 0.042100 0.042600 0.028700 0.100900 0.057700 0.057400
Bongo 0.056900 0.188900 0.000000 0.137100 0.056900 0.056900 0.072100 0.056900 0.013900 0.056400 0.056900 0.057100 0.057400 0.042100 0.056500 0.057200 0.103300 0.102700 0.073000 0.027900 0.056900 0.056900 0.041800 0.056400 0.056900 0.057000 0.057400 0.000000 0.042300 0.028200 0.041800 0.072000 0.056800 0.057400 0.071600 0.086000 0.056900 0.042100 0.057300 0.056500 0.056400 0.042300 0.041800 0.041800 0.056200 0.042300 0.070800 0.042400 0.057700 0.070600 0.027800 0.000000
Gerenuk 0.013900 0.170700 0.042300 0.120200 0.013900 0.013900 0.028100 0.013900 0.028200 0.071200 0.013900 0.013900 0.014000 0.000100 0.041900 0.013500 0.088100 0.087400 0.028500 0.042700 0.013900 0.013900 0.056300 0.071200 0.013900 0.013900 0.014000 0.042300 0.000000 0.069200 0.056300 0.028200 0.071400 0.014000 0.027900 0.071400 0.013900 0.000100 0.014000 0.071400 0.056400 0.000000 0.056300 0.056300 0.070800 0.000100 0.027600 0.028000 0.014100 0.085100 0.042500 0.042300
CommonElan 0.086700 0.224300 0.028200 0.162800 0.086600 0.086700 0.099700 0.086700 0.037300 0.088000 0.086700 0.086800 0.085800 0.070700 0.084600 0.085300 0.136400 0.137200 0.103100 0.054900 0.086800 0.086700 0.072400 0.087900 0.086700 0.085000 0.085800 0.028200 0.069200 0.000000 0.072400 0.103000 0.088200 0.085800 0.101100 0.119400 0.086700 0.070700 0.084500 0.088100 0.085900 0.069200 0.072400 0.072400 0.087500 0.069200 0.098700 0.069100 0.086100 0.102200 0.054800 0.028200
MuntiacusR 0.071000 0.153000 0.040500 0.135400 0.071000 0.071200 0.086400 0.071000 0.057000 0.013700 0.071000 0.071000 0.071500 0.056100 0.070500 0.071400 0.057300 0.056700 0.087500 0.071600 0.070800 0.069600 0.000000 0.013600 0.071000 0.071100 0.071500 0.041800 0.056300 0.072400 0.000000 0.086300 0.013700 0.071500 0.085800 0.100200 0.071000 0.056100 0.071400 0.013700 0.026600 0.056300 0.000000 0.000000 0.070000 0.056300 0.084800 0.056400 0.072000 0.027300 0.071400 0.041800
HarveysDui 0.042700 0.188900 0.072000 0.137000 0.042700 0.042700 0.057700 0.042700 0.057800 0.101900 0.042700 0.042700 0.043100 0.028100 0.071400 0.014000 0.088400 0.119500 0.055500 0.042800 0.042700 0.042700 0.086300 0.101800 0.042700 0.042800 0.043100 0.072000 0.028200 0.103000 0.086300 0.000000 0.071900 0.043100 0.057300 0.102200 0.042700 0.028100 0.042900 0.071600 0.086400 0.028200 0.086300 0.086300 0.101200 0.028200 0.056500 0.028100 0.014200 0.116200 0.072500 0.072000
Pronghorn 0.086700 0.153500 0.056800 0.136000 0.086800 0.086700 0.102300 0.086700 0.072300 0.027800 0.086700 0.086800 0.087100 0.071400 0.085800 0.056900 0.043000 0.072000 0.099300 0.057300 0.086800 0.086700 0.013700 0.027800 0.086700 0.086700 0.087100 0.056800 0.071400 0.088200 0.013700 0.071900 0.000000 0.087100 0.101600 0.116600 0.086700 0.071400 0.087000 0.000100 0.042000 0.071400 0.013700 0.013700 0.085500 0.071400 0.100400 0.042200 0.057500 0.041600 0.087300 0.056800
BlueWildeb 0.000100 0.189500 0.057400 0.137200 0.028300 0.000100 0.014100 0.028300 0.043000 0.086900 0.000100 0.028400 0.000000 0.014000 0.056800 0.028400 0.104600 0.088000 0.014300 0.057900 0.028400 0.000100 0.071500 0.086800 0.000100 0.028300 0.000000 0.057400 0.014000 0.085800 0.071500 0.043100 0.087100 0.000000 0.014000 0.087200 0.000100 0.014000 0.028400 0.087000 0.071600 0.014000 0.071500 0.071500 0.086500 0.014000 0.042100 0.042600 0.028700 0.100900 0.057700 0.057400
Gemsbok 0.013900 0.170100 0.071600 0.152500 0.042400 0.013900 0.028100 0.042400 0.057300 0.101400 0.013900 0.042500 0.014000 0.027900 0.070900 0.042500 0.119400 0.102600 0.028500 0.072200 0.042500 0.013900 0.085800 0.101300 0.013900 0.042400 0.014000 0.071600 0.027900 0.101100 0.085800 0.057300 0.101600 0.014000 0.000000 0.101600 0.013900 0.027900 0.042500 0.101500 0.085900 0.027900 0.085800 0.085800 0.100800 0.027900 0.056100 0.056700 0.042900 0.115400 0.071900 0.071600
Yak 0.086500 0.259700 0.086000 0.204000 0.086400 0.086500 0.102300 0.086500 0.102600 0.115900 0.086500 0.056700 0.087200 0.071100 0.085500 0.086900 0.167700 0.133800 0.103800 0.117900 0.086500 0.086500 0.100200 0.115800 0.086500 0.086600 0.087200 0.086000 0.071400 0.119400 0.100200 0.102200 0.116600 0.087200 0.101600 0.000000 0.086500 0.071100 0.087000 0.116000 0.131500 0.071400 0.100200 0.100200 0.026500 0.071400 0.100300 0.101600 0.087700 0.130300 0.117500 0.086000
BlueSheep 0.000000 0.188600 0.056900 0.136600 0.028100 0.000000 0.014000 0.028100 0.042800 0.086200 0.000000 0.027400 0.000100 0.013900 0.056400 0.028200 0.103800 0.087600 0.014200 0.057400 0.028100 0.000000 0.071000 0.086200 0.000000 0.028100 0.000100 0.056900 0.013900 0.086700 0.071000 0.042700 0.086700 0.000100 0.013900 0.086500 0.000000 0.013900 0.028300 0.086400 0.071100 0.013900 0.071000 0.071000 0.084700 0.013900 0.041900 0.042400 0.028500 0.100400 0.057200 0.056900
BohorReedb 0.013900 0.170600 0.042100 0.120100 0.013500 0.013900 0.028100 0.013900 0.028200 0.071000 0.013900 0.013600 0.014000 0.000000 0.041800 0.013900 0.087800 0.087300 0.028500 0.042500 0.013900 0.013900 0.056100 0.070900 0.013900 0.013900 0.014000 0.042100 0.000100 0.070700 0.056100 0.028100 0.071400 0.014000 0.027900 0.071100 0.013900 0.000000 0.013900 0.071300 0.055200 0.000100 0.056100 0.056100 0.070600 0.000100 0.027600 0.027900 0.014100 0.085100 0.042400 0.042100
KirksDik 0.028300 0.189600 0.057300 0.137400 0.028300 0.028300 0.042800 0.028300 0.042900 0.086800 0.028300 0.028300 0.028400 0.013900 0.056600 0.028300 0.104500 0.103500 0.043400 0.057800 0.028300 0.028300 0.071400 0.086700 0.028300 0.028200 0.028400 0.057300 0.014000 0.084500 0.071400 0.042900 0.087000 0.028400 0.042500 0.087000 0.028300 0.013900 0.000000 0.087000 0.071500 0.014000 0.071400 0.071400 0.086300 0.013900 0.042000 0.042600 0.028600 0.100800 0.057600 0.057300
RoeDeer 0.086400 0.153400 0.056500 0.135800 0.086400 0.086400 0.102200 0.086400 0.072200 0.027700 0.086600 0.086400 0.087000 0.071100 0.085700 0.056800 0.042700 0.071800 0.101600 0.057000 0.086400 0.086200 0.013300 0.027600 0.086400 0.086600 0.087000 0.056500 0.071400 0.088100 0.013700 0.071600 0.000100 0.087000 0.101500 0.116000 0.086400 0.071300 0.087000 0.000000 0.041800 0.071400 0.013400 0.013500 0.085100 0.071400 0.100300 0.042100 0.057400 0.041500 0.086900 0.056500
WhiteLippe 0.071100 0.120100 0.056400 0.103300 0.071100 0.071100 0.086500 0.071100 0.042500 0.041800 0.070900 0.071100 0.071600 0.056200 0.070600 0.071500 0.057300 0.086800 0.087700 0.056900 0.071300 0.071100 0.026400 0.041700 0.070800 0.071200 0.071600 0.056400 0.056400 0.085900 0.026600 0.086400 0.042000 0.071600 0.085900 0.131500 0.071100 0.055200 0.071500 0.041800 0.000000 0.056400 0.027100 0.027500 0.100000 0.056400 0.084900 0.056500 0.072200 0.055700 0.056700 0.056400
ThomsonGaz 0.013900 0.170700 0.042300 0.120200 0.013900 0.013900 0.028100 0.013900 0.028200 0.071200 0.013900 0.013900 0.014000 0.000100 0.041900 0.013900 0.088100 0.087400 0.028500 0.042700 0.013900 0.013900 0.056300 0.071200 0.013900 0.013900 0.014000 0.042300 0.000000 0.069200 0.056300 0.028200 0.071400 0.014000 0.027900 0.071400 0.013900 0.000100 0.014000 0.071400 0.056400 0.000000 0.056300 0.056300 0.070800 0.000100 0.027600 0.028000 0.014100 0.085100 0.042500 0.042300
MuntiacusC 0.071000 0.153000 0.041800 0.135400 0.071000 0.071000 0.086400 0.071000 0.057000 0.013700 0.071000 0.071000 0.071500 0.056100 0.070500 0.071400 0.057300 0.056700 0.087500 0.071600 0.071000 0.071000 0.000000 0.013400 0.071000 0.071100 0.071500 0.041800 0.056300 0.072400 0.000000 0.086300 0.013700 0.071500 0.085800 0.100200 0.071000 0.056100 0.071400 0.013400 0.027100 0.056300 0.000000 0.000000 0.070000 0.056300 0.084800 0.056400 0.072000 0.027300 0.071400 0.041800
WhiteTaile 0.071000 0.153000 0.041800 0.135400 0.071000 0.071000 0.086400 0.071000 0.057000 0.013300 0.071000 0.071000 0.071500 0.056100 0.070500 0.071400 0.057300 0.056700 0.087500 0.071600 0.071000 0.071000 0.000000 0.013400 0.071000 0.071100 0.071500 0.041800 0.056300 0.072400 0.000000 0.086300 0.013700 0.071500 0.085800 0.100200 0.071000 0.056100 0.071400 0.013500 0.027500 0.056300 0.000000 0.000000 0.070000 0.056300 0.084800 0.056400 0.072000 0.027300 0.071400 0.041800
Cattle 0.085700 0.239500 0.056200 0.185500 0.085700 0.085700 0.101500 0.086000 0.071700 0.085000 0.085700 0.056200 0.086500 0.070600 0.055800 0.086100 0.133900 0.132700 0.102700 0.086400 0.085800 0.085700 0.070000 0.084900 0.085700 0.085900 0.086500 0.056200 0.070800 0.087500 0.070000 0.101200 0.085500 0.086500 0.100800 0.026500 0.084700 0.070600 0.086300 0.085100 0.100000 0.070800 0.070000 0.070000 0.000000 0.070800 0.099600 0.070900 0.086900 0.099300 0.086100 0.056200
RoyalAntel 0.013900 0.170700 0.042300 0.120200 0.013900 0.013900 0.028100 0.013900 0.028200 0.071200 0.013900 0.013900 0.014000 0.000100 0.041900 0.014000 0.088100 0.087400 0.028500 0.042700 0.013900 0.013900 0.056300 0.071200 0.013900 0.013900 0.014000 0.042300 0.000100 0.069200 0.056300 0.028200 0.071400 0.014000 0.027900 0.071400 0.013900 0.000100 0.013900 0.071400 0.056400 0.000100 0.056300 0.056300 0.070800 0.000000 0.027600 0.028000 0.014100 0.085100 0.042500 0.042300
Steenbok 0.041900 0.185700 0.070800 0.151300 0.027700 0.041900 0.042000 0.041900 0.056600 0.100100 0.041900 0.041900 0.042100 0.027600 0.070100 0.042000 0.117900 0.117000 0.057100 0.071400 0.041900 0.041900 0.084800 0.100000 0.041900 0.041800 0.042100 0.070800 0.027600 0.098700 0.084800 0.056500 0.100400 0.042100 0.056100 0.100300 0.041900 0.027600 0.042000 0.100300 0.084900 0.027600 0.084800 0.084800 0.099600 0.027600 0.000000 0.056100 0.042400 0.084100 0.071100 0.070800
Impala 0.042400 0.170500 0.042400 0.120200 0.042400 0.042400 0.057100 0.042400 0.028300 0.071300 0.042400 0.042400 0.042600 0.027900 0.041900 0.013900 0.057800 0.118300 0.052900 0.014000 0.042400 0.042400 0.056400 0.071200 0.042400 0.042400 0.042600 0.042400 0.028000 0.069100 0.056400 0.028100 0.042200 0.042600 0.056700 0.101600 0.042400 0.027900 0.042600 0.042100 0.056500 0.028000 0.056400 0.056400 0.070900 0.028000 0.056100 0.000000 0.014000 0.085400 0.042600 0.042400
Klipspring 0.028500 0.173000 0.057700 0.121800 0.028500 0.028500 0.043200 0.028500 0.043300 0.087500 0.028500 0.028500 0.028700 0.014100 0.057100 0.000100 0.073900 0.104400 0.037500 0.028600 0.028500 0.028500 0.072000 0.087400 0.028500 0.014100 0.028700 0.057700 0.014100 0.086100 0.072000 0.014200 0.057500 0.028700 0.042900 0.087700 0.028500 0.014100 0.028600 0.057400 0.072200 0.014100 0.072000 0.072000 0.086900 0.014100 0.042400 0.014000 0.000000 0.101700 0.058100 0.057700
ForestMusk 0.100400 0.168800 0.070600 0.167500 0.085500 0.100400 0.100800 0.100400 0.086300 0.041400 0.100400 0.100500 0.100900 0.085100 0.099700 0.100700 0.086900 0.085800 0.117400 0.101500 0.100500 0.100400 0.027300 0.041400 0.100400 0.100400 0.100900 0.070600 0.085100 0.102200 0.027300 0.116200 0.041600 0.100900 0.115400 0.130300 0.100400 0.085100 0.100800 0.041500 0.055700 0.085100 0.027300 0.027300 0.099300 0.085100 0.084100 0.085400 0.101700 0.000000 0.101100 0.070600
Bushbuck 0.057200 0.190000 0.027800 0.138100 0.057200 0.057200 0.072500 0.057200 0.013900 0.086600 0.057200 0.057200 0.057700 0.042400 0.056700 0.057500 0.103900 0.135300 0.073500 0.028000 0.057200 0.057200 0.071400 0.086500 0.057200 0.057300 0.057700 0.027800 0.042500 0.054800 0.071400 0.072500 0.087300 0.057700 0.071900 0.117500 0.057200 0.042400 0.057600 0.086900 0.056700 0.042500 0.071400 0.071400 0.086100 0.042500 0.071100 0.042600 0.058100 0.101100 0.000000 0.027800
GreaterKud 0.056900 0.188900 0.000000 0.137100 0.056900 0.056900 0.072100 0.056900 0.013900 0.056400 0.056900 0.056900 0.057400 0.042100 0.056500 0.057200 0.103300 0.102700 0.073000 0.027900 0.056900 0.056900 0.041800 0.055400 0.056900 0.057000 0.057400 0.000000 0.042300 0.028200 0.041800 0.072000 0.056800 0.057400 0.071600 0.086000 0.056900 0.042100 0.057300 0.056500 0.056400 0.042300 0.041800 0.041800 0.056200 0.042300 0.070800 0.042400 0.057700 0.070600 0.027800 0.000000
