CODONML (in paml version 4.10.7, June 2023)  /home/rachel/ruminants_paml/6406-phy-tree/ENSBTAT00000027880.fasta.phy
Model: free dN/dS Ratios for branches,  kappa = 2.000 fixed

Codon frequency model: F3x4
ns =  54  ls = 110

Codon usage in sequences
--------------------------------------------------------------------------------------------------------------------------------------
Phe TTT   3   3   3   3   2   3 | Ser TCT   1   1   1   1   1   1 | Tyr TAT   4   4   5   5   5   5 | Cys TGT   0   0   0   0   0   0
    TTC   3   3   3   3   3   3 |     TCC   3   3   3   3   3   3 |     TAC   1   1   0   0   0   0 |     TGC   0   0   0   0   0   0
Leu TTA   2   2   2   2   3   2 |     TCA   0   0   0   0   0   1 | *** TAA   0   0   0   0   0   0 | *** TGA   0   0   0   0   0   0
    TTG   1   1   1   1   1   1 |     TCG   0   0   0   0   0   0 |     TAG   0   0   0   0   0   0 | Trp TGG   0   0   0   0   0   0
--------------------------------------------------------------------------------------------------------------------------------------
Leu CTT   1   1   1   1   1   1 | Pro CCT   1   1   1   1   0   1 | His CAT   0   0   0   0   0   0 | Arg CGT   0   0   0   0   0   0
    CTC   1   1   1   1   1   1 |     CCC   2   1   2   2   3   2 |     CAC   3   3   3   3   3   3 |     CGC   0   0   0   0   0   0
    CTA   0   0   0   1   0   0 |     CCA   1   1   1   1   1   1 | Gln CAA   1   1   1   1   1   1 |     CGA   1   1   1   1   1   1
    CTG   5   6   5   4   6   6 |     CCG   0   1   0   0   0   0 |     CAG   1   1   1   1   1   1 |     CGG   0   0   0   0   0   0
--------------------------------------------------------------------------------------------------------------------------------------
Ile ATT   2   3   2   2   3   3 | Thr ACT   2   2   2   2   3   2 | Asn AAT   4   3   3   4   3   3 | Ser AGT   0   0   0   0   0   0
    ATC   7   6   7   7   6   6 |     ACC   3   3   3   2   2   3 |     AAC   6   6   7   5   7   7 |     AGC   0   1   0   1   0   0
    ATA   4   4   4   4   4   4 |     ACA   2   2   2   3   2   1 | Lys AAA   2   2   2   2   2   2 | Arg AGA   2   2   2   2   1   1
Met ATG   3   2   3   3   2   2 |     ACG   0   0   0   0   0   0 |     AAG   5   5   5   5   5   5 |     AGG   1   1   1   1   2   2
--------------------------------------------------------------------------------------------------------------------------------------
Val GTT   1   2   1   1   1   1 | Ala GCT   1   1   1   1   1   1 | Asp GAT   3   3   3   3   3   3 | Gly GGT   1   1   1   1   1   1
    GTC   2   1   2   2   2   2 |     GCC   4   3   4   4   4   5 |     GAC   4   4   5   4   4   4 |     GGC   0   0   0   0   0   0
    GTA   0   0   0   0   0   1 |     GCA   3   3   3   2   3   2 | Glu GAA   6   6   5   6   6   6 |     GGA   1   0   1   1   1   1
    GTG   3   3   3   3   3   2 |     GCG   0   1   0   1   0   0 |     GAG   1   1   1   1   1   1 |     GGG   2   3   2   2   2   2
--------------------------------------------------------------------------------------------------------------------------------------

--------------------------------------------------------------------------------------------------------------------------------------
Phe TTT   3   3   3   2   3   3 | Ser TCT   1   1   1   1   1   1 | Tyr TAT   5   4   5   5   5   5 | Cys TGT   0   0   0   0   0   0
    TTC   3   3   3   4   3   3 |     TCC   3   3   3   3   3   3 |     TAC   0   1   0   0   0   0 |     TGC   0   0   0   0   0   0
Leu TTA   2   2   2   2   2   2 |     TCA   0   0   0   0   0   0 | *** TAA   0   0   0   0   0   0 | *** TGA   0   0   0   0   0   0
    TTG   1   1   1   1   1   1 |     TCG   0   0   0   0   0   0 |     TAG   0   0   0   0   0   0 | Trp TGG   0   0   0   0   0   0
--------------------------------------------------------------------------------------------------------------------------------------
Leu CTT   1   1   1   1   1   1 | Pro CCT   1   1   1   1   1   1 | His CAT   0   0   0   0   0   0 | Arg CGT   0   0   0   0   0   0
    CTC   1   1   1   1   1   1 |     CCC   2   2   2   2   2   2 |     CAC   3   3   3   3   3   3 |     CGC   0   0   0   0   0   0
    CTA   0   0   0   0   0   0 |     CCA   1   1   1   1   1   1 | Gln CAA   1   1   1   1   1   2 |     CGA   1   1   1   1   1   1
    CTG   5   5   5   5   5   5 |     CCG   0   0   0   0   0   0 |     CAG   1   1   1   1   1   1 |     CGG   0   0   0   0   0   0
--------------------------------------------------------------------------------------------------------------------------------------
Ile ATT   2   2   2   1   1   3 | Thr ACT   2   2   2   2   2   2 | Asn AAT   4   4   5   4   4   3 | Ser AGT   0   0   0   0   0   0
    ATC   7   7   7   8   8   6 |     ACC   3   3   3   3   3   3 |     AAC   6   6   5   6   6   6 |     AGC   0   0   0   0   0   1
    ATA   4   4   4   4   4   4 |     ACA   2   2   2   0   2   2 | Lys AAA   1   2   2   2   2   2 | Arg AGA   2   2   2   2   2   2
Met ATG   3   3   3   3   3   3 |     ACG   0   0   0   2   0   0 |     AAG   6   5   5   5   5   5 |     AGG   1   1   1   1   1   1
--------------------------------------------------------------------------------------------------------------------------------------
Val GTT   1   1   1   1   1   2 | Ala GCT   1   1   1   1   1   1 | Asp GAT   3   3   3   3   4   3 | Gly GGT   1   1   1   1   1   1
    GTC   2   2   2   2   2   1 |     GCC   4   4   4   4   4   4 |     GAC   4   4   4   4   4   4 |     GGC   0   0   0   0   0   0
    GTA   0   0   0   0   0   0 |     GCA   3   3   3   3   3   3 | Glu GAA   6   6   6   6   5   5 |     GGA   1   1   1   1   1   1
    GTG   3   3   3   3   3   3 |     GCG   0   0   0   0   0   0 |     GAG   1   1   1   1   1   1 |     GGG   2   2   2   2   2   2
--------------------------------------------------------------------------------------------------------------------------------------

--------------------------------------------------------------------------------------------------------------------------------------
Phe TTT   3   3   3   3   2   3 | Ser TCT   1   1   1   1   1   1 | Tyr TAT   4   5   5   5   5   5 | Cys TGT   0   0   0   0   0   0
    TTC   3   3   3   3   4   3 |     TCC   3   3   3   3   3   3 |     TAC   1   0   0   0   0   0 |     TGC   0   0   0   0   0   0
Leu TTA   2   2   2   2   2   2 |     TCA   0   0   0   0   0   0 | *** TAA   0   0   0   0   0   0 | *** TGA   0   0   0   0   0   0
    TTG   1   1   1   1   1   1 |     TCG   0   0   0   0   0   0 |     TAG   0   0   0   0   0   0 | Trp TGG   0   0   0   0   0   0
--------------------------------------------------------------------------------------------------------------------------------------
Leu CTT   1   1   1   1   0   0 | Pro CCT   1   1   1   1   1   1 | His CAT   0   0   0   0   0   0 | Arg CGT   0   0   0   0   0   0
    CTC   1   1   1   1   1   2 |     CCC   2   2   2   2   2   2 |     CAC   3   3   3   3   3   3 |     CGC   0   0   0   0   0   0
    CTA   0   0   0   0   0   0 |     CCA   0   0   1   1   1   1 | Gln CAA   1   1   1   1   1   1 |     CGA   1   1   1   1   1   1
    CTG   5   5   5   5   7   5 |     CCG   1   1   0   0   0   0 |     CAG   1   1   1   1   1   1 |     CGG   0   0   0   0   0   0
--------------------------------------------------------------------------------------------------------------------------------------
Ile ATT   2   2   2   2   2   1 | Thr ACT   2   2   2   2   3   2 | Asn AAT   4   5   4   4   5   4 | Ser AGT   0   0   0   0   0   0
    ATC   7   7   7   7   7   8 |     ACC   3   3   3   3   2   3 |     AAC   6   5   6   6   5   6 |     AGC   0   0   0   0   0   0
    ATA   4   4   4   4   4   4 |     ACA   2   2   2   2   2   2 | Lys AAA   2   2   2   2   2   2 | Arg AGA   2   2   2   2   2   2
Met ATG   3   3   3   3   2   3 |     ACG   0   0   0   0   0   0 |     AAG   5   5   5   5   5   5 |     AGG   1   1   1   1   1   1
--------------------------------------------------------------------------------------------------------------------------------------
Val GTT   1   1   1   1   1   1 | Ala GCT   2   1   1   1   1   1 | Asp GAT   3   2   3   3   3   3 | Gly GGT   1   1   1   1   1   1
    GTC   2   2   2   2   2   2 |     GCC   3   4   4   4   4   4 |     GAC   4   5   4   4   4   4 |     GGC   0   0   0   0   1   0
    GTA   0   0   0   0   0   1 |     GCA   3   2   2   3   3   3 | Glu GAA   6   6   6   6   6   6 |     GGA   1   1   1   2   1   1
    GTG   3   3   3   3   3   2 |     GCG   0   1   1   0   0   0 |     GAG   1   1   1   1   1   1 |     GGG   2   2   2   1   1   2
--------------------------------------------------------------------------------------------------------------------------------------

--------------------------------------------------------------------------------------------------------------------------------------
Phe TTT   3   3   3   3   3   3 | Ser TCT   1   1   1   1   1   1 | Tyr TAT   5   5   4   5   5   4 | Cys TGT   0   0   0   0   0   0
    TTC   3   3   3   3   3   3 |     TCC   3   3   3   3   3   3 |     TAC   0   0   1   0   0   1 |     TGC   0   0   0   0   0   0
Leu TTA   2   2   2   2   2   2 |     TCA   0   0   0   0   0   0 | *** TAA   0   0   0   0   0   0 | *** TGA   0   0   0   0   0   0
    TTG   2   1   1   1   1   1 |     TCG   0   0   0   0   0   0 |     TAG   0   0   0   0   0   0 | Trp TGG   0   0   0   0   0   0
--------------------------------------------------------------------------------------------------------------------------------------
Leu CTT   1   1   1   1   0   1 | Pro CCT   1   1   1   1   1   1 | His CAT   0   0   0   0   0   0 | Arg CGT   0   0   0   0   0   0
    CTC   1   1   1   1   2   1 |     CCC   2   2   2   2   2   2 |     CAC   3   3   3   3   3   3 |     CGC   0   0   0   0   0   0
    CTA   1   0   0   0   0   0 |     CCA   1   1   1   1   1   1 | Gln CAA   1   1   1   1   1   1 |     CGA   1   1   1   1   1   1
    CTG   3   5   5   5   5   5 |     CCG   0   0   0   0   0   0 |     CAG   1   1   1   1   1   1 |     CGG   0   0   0   0   0   0
--------------------------------------------------------------------------------------------------------------------------------------
Ile ATT   2   2   2   2   1   3 | Thr ACT   2   2   2   2   2   2 | Asn AAT   5   5   4   4   4   4 | Ser AGT   0   0   0   0   0   0
    ATC   7   7   7   7   8   6 |     ACC   3   3   3   3   3   3 |     AAC   5   5   6   6   6   6 |     AGC   0   0   0   0   0   0
    ATA   4   4   4   4   4   4 |     ACA   2   2   2   2   2   2 | Lys AAA   2   2   2   2   2   2 | Arg AGA   2   2   2   2   2   2
Met ATG   3   3   3   3   3   3 |     ACG   0   0   0   0   0   0 |     AAG   5   5   5   5   5   5 |     AGG   1   1   1   1   1   1
--------------------------------------------------------------------------------------------------------------------------------------
Val GTT   1   1   1   1   1   1 | Ala GCT   1   1   1   1   1   1 | Asp GAT   3   3   3   3   3   4 | Gly GGT   2   2   1   1   1   1
    GTC   2   2   2   2   2   2 |     GCC   4   4   4   4   4   4 |     GAC   4   4   4   5   4   3 |     GGC   0   0   0   0   0   0
    GTA   0   0   0   0   0   0 |     GCA   2   3   3   3   3   3 | Glu GAA   6   6   6   5   6   6 |     GGA   1   1   1   1   1   1
    GTG   3   3   3   3   3   3 |     GCG   1   0   0   0   0   0 |     GAG   1   1   1   1   1   1 |     GGG   1   1   2   2   2   2
--------------------------------------------------------------------------------------------------------------------------------------

--------------------------------------------------------------------------------------------------------------------------------------
Phe TTT   3   3   3   3   3   3 | Ser TCT   2   1   1   1   1   1 | Tyr TAT   4   5   4   5   5   5 | Cys TGT   0   0   0   0   0   0
    TTC   3   3   3   3   3   3 |     TCC   2   3   3   3   3   3 |     TAC   1   0   1   0   0   0 |     TGC   0   0   0   0   0   0
Leu TTA   2   2   2   2   2   2 |     TCA   0   0   0   0   0   0 | *** TAA   0   0   0   0   0   0 | *** TGA   0   0   0   0   0   0
    TTG   1   1   1   1   1   1 |     TCG   0   0   0   0   0   0 |     TAG   0   0   0   0   0   0 | Trp TGG   0   0   0   0   0   0
--------------------------------------------------------------------------------------------------------------------------------------
Leu CTT   1   1   1   0   1   1 | Pro CCT   1   1   1   1   1   1 | His CAT   0   0   0   0   0   0 | Arg CGT   0   0   0   0   0   0
    CTC   1   1   1   2   1   1 |     CCC   2   2   2   2   2   2 |     CAC   3   3   3   3   3   3 |     CGC   0   0   0   0   0   0
    CTA   0   0   0   0   0   0 |     CCA   1   1   1   1   1   1 | Gln CAA   1   1   1   1   1   1 |     CGA   1   1   1   1   1   1
    CTG   5   5   5   5   5   5 |     CCG   0   0   0   0   0   0 |     CAG   1   1   1   1   1   1 |     CGG   0   0   0   0   0   0
--------------------------------------------------------------------------------------------------------------------------------------
Ile ATT   3   3   2   1   2   2 | Thr ACT   2   2   2   2   2   2 | Asn AAT   4   3   4   4   4   4 | Ser AGT   0   0   0   0   0   0
    ATC   6   6   7   8   7   7 |     ACC   3   3   3   3   3   3 |     AAC   5   6   6   6   6   6 |     AGC   1   1   0   0   0   0
    ATA   4   4   4   4   4   4 |     ACA   2   2   2   2   2   2 | Lys AAA   2   2   2   2   2   2 | Arg AGA   2   2   2   1   2   2
Met ATG   3   3   3   3   3   3 |     ACG   0   0   0   0   0   0 |     AAG   5   5   5   5   5   5 |     AGG   1   1   1   2   1   1
--------------------------------------------------------------------------------------------------------------------------------------
Val GTT   2   2   1   1   1   1 | Ala GCT   1   1   2   2   1   1 | Asp GAT   3   3   3   3   3   3 | Gly GGT   1   1   1   1   1   1
    GTC   1   1   2   2   2   2 |     GCC   4   4   3   3   4   4 |     GAC   4   4   4   4   4   5 |     GGC   0   0   0   0   0   0
    GTA   0   0   0   0   0   0 |     GCA   2   3   3   3   2   2 | Glu GAA   6   6   6   6   6   5 |     GGA   1   2   1   1   1   1
    GTG   3   3   3   3   3   3 |     GCG   1   0   0   0   1   1 |     GAG   1   1   1   1   1   1 |     GGG   2   1   2   2   2   2
--------------------------------------------------------------------------------------------------------------------------------------

--------------------------------------------------------------------------------------------------------------------------------------
Phe TTT   3   3   3   3   3   3 | Ser TCT   1   1   1   1   1   1 | Tyr TAT   5   5   5   5   5   5 | Cys TGT   0   0   0   0   0   0
    TTC   3   3   3   3   3   3 |     TCC   3   3   3   3   3   3 |     TAC   0   0   0   0   0   0 |     TGC   0   0   0   0   0   0
Leu TTA   2   2   2   2   2   2 |     TCA   0   0   0   0   0   0 | *** TAA   0   0   0   0   0   0 | *** TGA   0   0   0   0   0   0
    TTG   1   1   1   1   1   1 |     TCG   0   0   0   0   0   0 |     TAG   0   0   0   0   0   0 | Trp TGG   0   0   0   0   0   0
--------------------------------------------------------------------------------------------------------------------------------------
Leu CTT   0   1   1   1   1   1 | Pro CCT   1   1   1   1   1   1 | His CAT   0   0   0   0   0   0 | Arg CGT   0   0   0   0   0   0
    CTC   2   1   1   1   1   1 |     CCC   2   2   2   2   2   2 |     CAC   3   3   3   3   3   3 |     CGC   0   0   0   0   0   0
    CTA   0   0   0   0   0   0 |     CCA   1   1   1   1   1   1 | Gln CAA   1   1   1   1   1   1 |     CGA   1   1   1   1   1   1
    CTG   5   5   5   5   5   5 |     CCG   0   0   0   0   0   0 |     CAG   1   1   1   1   1   1 |     CGG   0   0   0   0   0   0
--------------------------------------------------------------------------------------------------------------------------------------
Ile ATT   1   2   3   2   2   2 | Thr ACT   2   2   2   2   2   2 | Asn AAT   4   4   3   4   4   4 | Ser AGT   0   0   0   0   0   0
    ATC   8   7   6   7   7   7 |     ACC   3   3   3   3   3   3 |     AAC   6   6   6   6   6   6 |     AGC   0   0   1   0   0   0
    ATA   4   4   4   4   4   4 |     ACA   2   2   2   2   2   2 | Lys AAA   2   2   2   2   2   2 | Arg AGA   2   2   2   2   2   2
Met ATG   3   3   3   3   3   3 |     ACG   0   0   0   0   0   0 |     AAG   5   5   5   5   5   5 |     AGG   1   1   1   1   1   1
--------------------------------------------------------------------------------------------------------------------------------------
Val GTT   1   1   1   1   1   1 | Ala GCT   1   1   1   1   1   1 | Asp GAT   3   3   3   3   3   3 | Gly GGT   1   1   1   1   1   1
    GTC   2   2   1   2   2   2 |     GCC   4   4   4   4   4   4 |     GAC   4   5   4   4   4   4 |     GGC   0   0   0   0   0   0
    GTA   0   0   0   0   1   0 |     GCA   3   2   3   3   2   2 | Glu GAA   6   5   6   6   6   6 |     GGA   1   1   1   1   1   1
    GTG   3   3   4   3   2   3 |     GCG   0   1   0   0   1   1 |     GAG   1   1   1   1   1   1 |     GGG   2   2   2   2   2   2
--------------------------------------------------------------------------------------------------------------------------------------

--------------------------------------------------------------------------------------------------------------------------------------
Phe TTT   3   3   3   3   3   3 | Ser TCT   1   1   1   1   1   1 | Tyr TAT   5   5   4   5   5   5 | Cys TGT   0   0   0   0   0   0
    TTC   3   3   3   3   3   3 |     TCC   3   3   3   3   3   3 |     TAC   0   0   1   0   0   0 |     TGC   0   0   0   0   0   0
Leu TTA   1   2   2   2   2   2 |     TCA   0   0   0   0   0   0 | *** TAA   0   0   0   0   0   0 | *** TGA   0   0   0   0   0   0
    TTG   2   1   1   1   1   1 |     TCG   0   0   0   0   0   0 |     TAG   0   0   0   0   0   0 | Trp TGG   0   0   0   0   0   0
--------------------------------------------------------------------------------------------------------------------------------------
Leu CTT   1   1   1   1   1   1 | Pro CCT   1   1   1   1   1   1 | His CAT   0   0   0   0   0   0 | Arg CGT   0   0   0   0   0   0
    CTC   1   1   1   1   1   1 |     CCC   2   2   2   2   2   2 |     CAC   3   3   3   3   3   3 |     CGC   0   0   0   0   0   0
    CTA   0   0   0   0   0   0 |     CCA   1   1   1   1   1   1 | Gln CAA   1   1   1   1   1   1 |     CGA   1   1   1   1   1   1
    CTG   5   5   5   5   5   5 |     CCG   0   0   0   0   0   0 |     CAG   1   1   1   1   1   1 |     CGG   0   0   0   0   0   0
--------------------------------------------------------------------------------------------------------------------------------------
Ile ATT   2   2   2   2   1   3 | Thr ACT   2   2   2   2   2   2 | Asn AAT   4   4   4   4   4   3 | Ser AGT   0   0   0   0   0   0
    ATC   7   7   7   7   8   6 |     ACC   3   3   3   3   3   3 |     AAC   6   6   6   6   6   6 |     AGC   0   0   0   0   0   1
    ATA   4   4   4   4   4   4 |     ACA   2   2   2   2   2   2 | Lys AAA   2   2   2   1   2   1 | Arg AGA   2   2   2   2   2   2
Met ATG   3   3   3   3   3   3 |     ACG   0   0   0   0   0   0 |     AAG   5   5   5   6   5   6 |     AGG   1   1   1   1   1   1
--------------------------------------------------------------------------------------------------------------------------------------
Val GTT   1   1   1   1   1   2 | Ala GCT   1   1   2   1   1   1 | Asp GAT   3   3   3   3   3   3 | Gly GGT   1   1   1   1   1   1
    GTC   2   2   2   2   2   1 |     GCC   4   4   3   4   4   4 |     GAC   4   4   4   4   4   4 |     GGC   0   0   0   0   1   0
    GTA   0   0   0   0   0   0 |     GCA   3   2   3   3   3   2 | Glu GAA   6   6   6   6   6   6 |     GGA   1   1   1   1   1   1
    GTG   3   3   3   3   3   3 |     GCG   0   1   0   0   0   1 |     GAG   1   1   1   1   1   1 |     GGG   2   2   2   2   1   2
--------------------------------------------------------------------------------------------------------------------------------------

--------------------------------------------------------------------------------------------------------------------------------------
Phe TTT   3   3   3   3   3   3 | Ser TCT   2   1   1   1   1   1 | Tyr TAT   4   5   5   5   5   5 | Cys TGT   0   0   0   0   0   0
    TTC   3   3   3   3   3   3 |     TCC   2   3   3   3   3   3 |     TAC   1   0   0   0   0   0 |     TGC   0   0   0   0   0   0
Leu TTA   2   2   2   2   2   2 |     TCA   0   0   0   0   0   0 | *** TAA   0   0   0   0   0   0 | *** TGA   0   0   0   0   0   0
    TTG   1   1   1   1   1   1 |     TCG   0   0   0   0   0   0 |     TAG   0   0   0   0   0   0 | Trp TGG   0   0   0   0   0   0
--------------------------------------------------------------------------------------------------------------------------------------
Leu CTT   1   0   1   1   1   2 | Pro CCT   1   1   1   1   1   1 | His CAT   0   0   0   0   0   0 | Arg CGT   0   0   0   0   0   0
    CTC   1   2   1   1   1   1 |     CCC   2   2   2   2   2   2 |     CAC   3   3   3   3   3   3 |     CGC   0   0   0   0   0   0
    CTA   0   0   0   0   0   0 |     CCA   1   1   1   1   1   1 | Gln CAA   1   1   1   1   1   1 |     CGA   1   1   1   1   1   1
    CTG   5   5   5   5   5   4 |     CCG   0   0   0   0   0   0 |     CAG   1   1   1   1   1   1 |     CGG   0   0   0   0   0   0
--------------------------------------------------------------------------------------------------------------------------------------
Ile ATT   3   1   3   3   2   1 | Thr ACT   2   2   2   2   2   2 | Asn AAT   4   4   3   3   4   5 | Ser AGT   0   0   0   0   0   0
    ATC   6   8   6   6   7   8 |     ACC   3   3   3   3   3   3 |     AAC   5   6   6   6   6   5 |     AGC   1   0   1   1   0   0
    ATA   4   4   4   4   4   4 |     ACA   2   2   2   2   2   2 | Lys AAA   2   2   2   2   2   2 | Arg AGA   2   2   2   2   2   2
Met ATG   3   3   3   3   3   3 |     ACG   0   0   0   0   0   0 |     AAG   5   5   5   5   5   5 |     AGG   1   1   1   1   1   1
--------------------------------------------------------------------------------------------------------------------------------------
Val GTT   2   1   1   2   1   1 | Ala GCT   1   2   1   1   1   1 | Asp GAT   3   3   3   3   3   3 | Gly GGT   1   1   1   1   1   1
    GTC   1   2   1   1   2   2 |     GCC   4   3   4   4   4   4 |     GAC   4   4   4   4   4   4 |     GGC   0   0   0   0   0   0
    GTA   0   0   0   0   0   0 |     GCA   2   3   3   2   3   3 | Glu GAA   6   6   6   6   6   6 |     GGA   1   1   1   2   1   1
    GTG   3   3   4   3   3   3 |     GCG   1   0   0   1   0   0 |     GAG   1   1   1   1   1   1 |     GGG   2   2   2   1   2   2
--------------------------------------------------------------------------------------------------------------------------------------

--------------------------------------------------------------------------------------------------------------------------------------
Phe TTT   3   3   3   3   3   3 | Ser TCT   1   1   1   1   1   1 | Tyr TAT   5   4   5   5   5   5 | Cys TGT   0   0   0   0   0   0
    TTC   3   3   3   3   3   3 |     TCC   3   3   3   3   3   3 |     TAC   0   1   0   0   0   0 |     TGC   0   0   0   0   0   0
Leu TTA   2   2   2   2   2   2 |     TCA   0   0   0   0   0   0 | *** TAA   0   0   0   0   0   0 | *** TGA   0   0   0   0   0   0
    TTG   1   1   1   1   1   1 |     TCG   0   0   0   0   0   0 |     TAG   0   0   0   0   0   0 | Trp TGG   0   0   0   0   0   0
--------------------------------------------------------------------------------------------------------------------------------------
Leu CTT   1   1   1   1   1   1 | Pro CCT   1   2   1   1   1   1 | His CAT   0   0   0   0   0   0 | Arg CGT   0   0   0   0   0   0
    CTC   1   1   1   1   1   1 |     CCC   2   1   2   2   2   2 |     CAC   3   3   3   3   3   3 |     CGC   0   0   0   0   0   0
    CTA   0   0   0   1   0   0 |     CCA   1   1   1   1   1   1 | Gln CAA   1   1   1   1   1   1 |     CGA   1   1   1   1   1   1
    CTG   5   5   5   4   5   5 |     CCG   0   0   0   0   0   0 |     CAG   1   1   1   1   1   1 |     CGG   0   0   0   0   0   0
--------------------------------------------------------------------------------------------------------------------------------------
Ile ATT   2   2   3   2   1   1 | Thr ACT   2   2   2   2   2   2 | Asn AAT   5   4   4   4   4   4 | Ser AGT   0   0   0   0   0   0
    ATC   7   7   6   7   8   8 |     ACC   3   3   3   2   3   3 |     AAC   5   6   5   5   6   6 |     AGC   0   0   1   1   0   0
    ATA   4   4   4   4   4   4 |     ACA   2   2   2   3   2   2 | Lys AAA   2   2   2   2   2   2 | Arg AGA   2   2   2   2   2   2
Met ATG   3   3   3   3   3   3 |     ACG   0   0   0   0   0   0 |     AAG   5   5   5   5   5   5 |     AGG   1   1   1   1   1   1
--------------------------------------------------------------------------------------------------------------------------------------
Val GTT   1   1   1   1   1   1 | Ala GCT   2   1   1   1   1   1 | Asp GAT   3   3   3   3   3   4 | Gly GGT   1   1   1   1   1   1
    GTC   2   2   2   2   2   2 |     GCC   3   4   4   4   4   4 |     GAC   4   4   4   4   5   4 |     GGC   0   0   0   0   0   0
    GTA   0   0   0   0   0   0 |     GCA   3   3   3   2   2   3 | Glu GAA   6   6   6   6   5   5 |     GGA   1   1   1   1   1   1
    GTG   3   3   3   3   3   3 |     GCG   0   0   0   1   1   0 |     GAG   1   1   1   1   1   1 |     GGG   2   2   2   2   2   2
--------------------------------------------------------------------------------------------------------------------------------------

Codon position x base (3x4) table for each sequence.

#1: Argali         
position  1:    T:0.16364    C:0.15455    A:0.39091    G:0.29091
position  2:    T:0.34545    C:0.20909    A:0.37273    G:0.07273
position  3:    T:0.21818    C:0.35455    A:0.22727    G:0.20000
Average         T:0.24242    C:0.23939    A:0.33030    G:0.18788

#2: LesserMouseDeer
position  1:    T:0.16364    C:0.16364    A:0.38182    G:0.29091
position  2:    T:0.34545    C:0.20909    A:0.36364    G:0.08182
position  3:    T:0.22727    C:0.32727    A:0.21818    G:0.22727
Average         T:0.24545    C:0.23333    A:0.32121    G:0.20000

#3: LesserKudu     
position  1:    T:0.16364    C:0.15455    A:0.39091    G:0.29091
position  2:    T:0.34545    C:0.20909    A:0.37273    G:0.07273
position  3:    T:0.21818    C:0.36364    A:0.21818    G:0.20000
Average         T:0.24242    C:0.24242    A:0.32727    G:0.18788

#4: ForestMuskDeer2
position  1:    T:0.16364    C:0.15455    A:0.39091    G:0.29091
position  2:    T:0.34545    C:0.20909    A:0.36364    G:0.08182
position  3:    T:0.22727    C:0.33636    A:0.23636    G:0.20000
Average         T:0.24545    C:0.23333    A:0.33030    G:0.19091

#5: Camel          
position  1:    T:0.16364    C:0.16364    A:0.38182    G:0.29091
position  2:    T:0.34545    C:0.20909    A:0.37273    G:0.07273
position  3:    T:0.21818    C:0.34545    A:0.22727    G:0.20909
Average         T:0.24242    C:0.23939    A:0.32727    G:0.19091

#6: KillerWhale    
position  1:    T:0.17273    C:0.16364    A:0.37273    G:0.29091
position  2:    T:0.34545    C:0.20909    A:0.37273    G:0.07273
position  3:    T:0.22727    C:0.35455    A:0.21818    G:0.20000
Average         T:0.24848    C:0.24242    A:0.32121    G:0.18788

#7: DefassaWaterbuck
position  1:    T:0.16364    C:0.15455    A:0.39091    G:0.29091
position  2:    T:0.34545    C:0.20909    A:0.37273    G:0.07273
position  3:    T:0.22727    C:0.34545    A:0.21818    G:0.20909
Average         T:0.24545    C:0.23636    A:0.32727    G:0.19091

#8: Sheep          
position  1:    T:0.16364    C:0.15455    A:0.39091    G:0.29091
position  2:    T:0.34545    C:0.20909    A:0.37273    G:0.07273
position  3:    T:0.21818    C:0.35455    A:0.22727    G:0.20000
Average         T:0.24242    C:0.23939    A:0.33030    G:0.18788

#9: MaxwellsDuiker 
position  1:    T:0.16364    C:0.15455    A:0.39091    G:0.29091
position  2:    T:0.34545    C:0.20909    A:0.37273    G:0.07273
position  3:    T:0.23636    C:0.33636    A:0.22727    G:0.20000
Average         T:0.24848    C:0.23333    A:0.33030    G:0.18788

#10: GazellaPrzewalskyi
position  1:    T:0.16364    C:0.15455    A:0.39091    G:0.29091
position  2:    T:0.34545    C:0.20909    A:0.37273    G:0.07273
position  3:    T:0.20909    C:0.36364    A:0.20909    G:0.21818
Average         T:0.23939    C:0.24242    A:0.32424    G:0.19394

#11: MountainNyala  
position  1:    T:0.16364    C:0.15455    A:0.39091    G:0.29091
position  2:    T:0.34545    C:0.20909    A:0.37273    G:0.07273
position  3:    T:0.22727    C:0.35455    A:0.21818    G:0.20000
Average         T:0.24545    C:0.23939    A:0.32727    G:0.18788

#12: MuntiacusMuntjak
position  1:    T:0.16364    C:0.16364    A:0.39091    G:0.28182
position  2:    T:0.34545    C:0.20909    A:0.36364    G:0.08182
position  3:    T:0.23636    C:0.33636    A:0.22727    G:0.20000
Average         T:0.24848    C:0.23636    A:0.32727    G:0.18788

#13: goat           
position  1:    T:0.16364    C:0.15455    A:0.39091    G:0.29091
position  2:    T:0.34545    C:0.20909    A:0.37273    G:0.07273
position  3:    T:0.22727    C:0.34545    A:0.21818    G:0.20909
Average         T:0.24545    C:0.23636    A:0.32727    G:0.19091

#14: AfricanBuffalo 
position  1:    T:0.16364    C:0.15455    A:0.39091    G:0.29091
position  2:    T:0.34545    C:0.20909    A:0.37273    G:0.07273
position  3:    T:0.22727    C:0.34545    A:0.20909    G:0.21818
Average         T:0.24545    C:0.23636    A:0.32424    G:0.19394

#15: Topi           
position  1:    T:0.16364    C:0.15455    A:0.39091    G:0.29091
position  2:    T:0.34545    C:0.20909    A:0.37273    G:0.07273
position  3:    T:0.22727    C:0.34545    A:0.21818    G:0.20909
Average         T:0.24545    C:0.23636    A:0.32727    G:0.19091

#16: CommonDuiker   
position  1:    T:0.16364    C:0.15455    A:0.39091    G:0.29091
position  2:    T:0.34545    C:0.20909    A:0.37273    G:0.07273
position  3:    T:0.22727    C:0.34545    A:0.23636    G:0.19091
Average         T:0.24545    C:0.23636    A:0.33333    G:0.18485

#17: Suni           
position  1:    T:0.16364    C:0.16364    A:0.38182    G:0.29091
position  2:    T:0.34545    C:0.20909    A:0.37273    G:0.07273
position  3:    T:0.22727    C:0.34545    A:0.22727    G:0.20000
Average         T:0.24545    C:0.23939    A:0.32727    G:0.18788

#18: Springbuck     
position  1:    T:0.16364    C:0.15455    A:0.39091    G:0.29091
position  2:    T:0.34545    C:0.20909    A:0.37273    G:0.07273
position  3:    T:0.20909    C:0.36364    A:0.23636    G:0.19091
Average         T:0.23939    C:0.24242    A:0.33333    G:0.18485

#19: Okapi          
position  1:    T:0.17273    C:0.14545    A:0.39091    G:0.29091
position  2:    T:0.34545    C:0.20909    A:0.37273    G:0.07273
position  3:    T:0.24545    C:0.33636    A:0.22727    G:0.19091
Average         T:0.25455    C:0.23030    A:0.33030    G:0.18485

#20: Giraffe        
position  1:    T:0.16364    C:0.15455    A:0.39091    G:0.29091
position  2:    T:0.34545    C:0.20909    A:0.37273    G:0.07273
position  3:    T:0.24545    C:0.33636    A:0.22727    G:0.19091
Average         T:0.25152    C:0.23333    A:0.33030    G:0.18485

#21: TibetanAntelope
position  1:    T:0.16364    C:0.15455    A:0.39091    G:0.29091
position  2:    T:0.34545    C:0.20909    A:0.37273    G:0.07273
position  3:    T:0.21818    C:0.35455    A:0.22727    G:0.20000
Average         T:0.24242    C:0.23939    A:0.33030    G:0.18788

#22: Sitatunga      
position  1:    T:0.16364    C:0.15455    A:0.39091    G:0.29091
position  2:    T:0.34545    C:0.20909    A:0.37273    G:0.07273
position  3:    T:0.22727    C:0.35455    A:0.21818    G:0.20000
Average         T:0.24545    C:0.23939    A:0.32727    G:0.18788

#23: Oribi          
position  1:    T:0.16364    C:0.15455    A:0.39091    G:0.29091
position  2:    T:0.34545    C:0.20909    A:0.37273    G:0.07273
position  3:    T:0.20909    C:0.36364    A:0.22727    G:0.20000
Average         T:0.23939    C:0.24242    A:0.33030    G:0.18788

#24: BarbarySheep   
position  1:    T:0.16364    C:0.15455    A:0.39091    G:0.29091
position  2:    T:0.34545    C:0.20909    A:0.37273    G:0.07273
position  3:    T:0.23636    C:0.33636    A:0.22727    G:0.20000
Average         T:0.24848    C:0.23333    A:0.33030    G:0.18788

#25: Daviddeer      
position  1:    T:0.16364    C:0.15455    A:0.39091    G:0.29091
position  2:    T:0.34545    C:0.20909    A:0.36364    G:0.08182
position  3:    T:0.24545    C:0.32727    A:0.21818    G:0.20909
Average         T:0.25152    C:0.23030    A:0.32424    G:0.19394

#26: Reindeer       
position  1:    T:0.16364    C:0.15455    A:0.39091    G:0.29091
position  2:    T:0.34545    C:0.20909    A:0.36364    G:0.08182
position  3:    T:0.23636    C:0.33636    A:0.23636    G:0.19091
Average         T:0.24848    C:0.23333    A:0.33030    G:0.18788

#27: Ibex           
position  1:    T:0.16364    C:0.15455    A:0.39091    G:0.29091
position  2:    T:0.34545    C:0.20909    A:0.37273    G:0.07273
position  3:    T:0.22727    C:0.34545    A:0.22727    G:0.20000
Average         T:0.24545    C:0.23636    A:0.33030    G:0.18788

#28: GyrantGazelle  
position  1:    T:0.16364    C:0.15455    A:0.39091    G:0.29091
position  2:    T:0.34545    C:0.20909    A:0.37273    G:0.07273
position  3:    T:0.21818    C:0.35455    A:0.21818    G:0.20909
Average         T:0.24242    C:0.23939    A:0.32727    G:0.19091

#29: Hartebeest     
position  1:    T:0.16364    C:0.15455    A:0.39091    G:0.29091
position  2:    T:0.34545    C:0.20909    A:0.37273    G:0.07273
position  3:    T:0.22727    C:0.34545    A:0.21818    G:0.20909
Average         T:0.24545    C:0.23636    A:0.32727    G:0.19091

#30: Bongo          
position  1:    T:0.16364    C:0.15455    A:0.39091    G:0.29091
position  2:    T:0.34545    C:0.20909    A:0.37273    G:0.07273
position  3:    T:0.22727    C:0.35455    A:0.20909    G:0.20909
Average         T:0.24545    C:0.23939    A:0.32424    G:0.19091

#31: Gerenuk        
position  1:    T:0.16364    C:0.15455    A:0.39091    G:0.29091
position  2:    T:0.34545    C:0.20909    A:0.37273    G:0.07273
position  3:    T:0.20909    C:0.36364    A:0.22727    G:0.20000
Average         T:0.23939    C:0.24242    A:0.33030    G:0.18788

#32: CommonEland    
position  1:    T:0.16364    C:0.15455    A:0.39091    G:0.29091
position  2:    T:0.34545    C:0.20909    A:0.37273    G:0.07273
position  3:    T:0.22727    C:0.35455    A:0.20909    G:0.20909
Average         T:0.24545    C:0.23939    A:0.32424    G:0.19091

#33: MuntiacusReevesi
position  1:    T:0.16364    C:0.15455    A:0.39091    G:0.29091
position  2:    T:0.34545    C:0.20909    A:0.36364    G:0.08182
position  3:    T:0.22727    C:0.33636    A:0.22727    G:0.20909
Average         T:0.24545    C:0.23333    A:0.32727    G:0.19394

#34: HarveysDuiker  
position  1:    T:0.16364    C:0.15455    A:0.39091    G:0.29091
position  2:    T:0.34545    C:0.20909    A:0.37273    G:0.07273
position  3:    T:0.22727    C:0.34545    A:0.22727    G:0.20000
Average         T:0.24545    C:0.23636    A:0.33030    G:0.18788

#35: Pronghorn      
position  1:    T:0.16364    C:0.15455    A:0.39091    G:0.29091
position  2:    T:0.34545    C:0.20909    A:0.37273    G:0.07273
position  3:    T:0.22727    C:0.34545    A:0.22727    G:0.20000
Average         T:0.24545    C:0.23636    A:0.33030    G:0.18788

#36: BlueWildebeest 
position  1:    T:0.16364    C:0.15455    A:0.39091    G:0.29091
position  2:    T:0.34545    C:0.20909    A:0.37273    G:0.07273
position  3:    T:0.22727    C:0.34545    A:0.21818    G:0.20909
Average         T:0.24545    C:0.23636    A:0.32727    G:0.19091

#37: Gemsbok        
position  1:    T:0.16364    C:0.15455    A:0.39091    G:0.29091
position  2:    T:0.34545    C:0.20909    A:0.37273    G:0.07273
position  3:    T:0.22727    C:0.34545    A:0.21818    G:0.20909
Average         T:0.24545    C:0.23636    A:0.32727    G:0.19091

#38: Yak            
position  1:    T:0.16364    C:0.15455    A:0.39091    G:0.29091
position  2:    T:0.34545    C:0.20909    A:0.37273    G:0.07273
position  3:    T:0.22727    C:0.34545    A:0.21818    G:0.20909
Average         T:0.24545    C:0.23636    A:0.32727    G:0.19091

#39: BlueSheep      
position  1:    T:0.16364    C:0.15455    A:0.39091    G:0.29091
position  2:    T:0.34545    C:0.20909    A:0.37273    G:0.07273
position  3:    T:0.22727    C:0.34545    A:0.22727    G:0.20000
Average         T:0.24545    C:0.23636    A:0.33030    G:0.18788

#40: BohorReedbuck  
position  1:    T:0.16364    C:0.15455    A:0.39091    G:0.29091
position  2:    T:0.34545    C:0.20909    A:0.37273    G:0.07273
position  3:    T:0.22727    C:0.34545    A:0.21818    G:0.20909
Average         T:0.24545    C:0.23636    A:0.32727    G:0.19091

#41: KirksDik       
position  1:    T:0.16364    C:0.15455    A:0.39091    G:0.29091
position  2:    T:0.34545    C:0.20909    A:0.37273    G:0.07273
position  3:    T:0.21818    C:0.36364    A:0.22727    G:0.19091
Average         T:0.24242    C:0.24242    A:0.33030    G:0.18485

#42: RoeDeer        
position  1:    T:0.16364    C:0.15455    A:0.39091    G:0.29091
position  2:    T:0.34545    C:0.20909    A:0.36364    G:0.08182
position  3:    T:0.23636    C:0.33636    A:0.20909    G:0.21818
Average         T:0.24848    C:0.23333    A:0.32121    G:0.19697

#43: WhiteLippedDeer
position  1:    T:0.16364    C:0.15455    A:0.39091    G:0.29091
position  2:    T:0.34545    C:0.20909    A:0.36364    G:0.08182
position  3:    T:0.24545    C:0.32727    A:0.21818    G:0.20909
Average         T:0.25152    C:0.23030    A:0.32424    G:0.19394

#44: ThomsonGazelle 
position  1:    T:0.16364    C:0.15455    A:0.39091    G:0.29091
position  2:    T:0.34545    C:0.20909    A:0.37273    G:0.07273
position  3:    T:0.21818    C:0.35455    A:0.22727    G:0.20000
Average         T:0.24242    C:0.23939    A:0.33030    G:0.18788

#45: MuntiacusCrinifrons
position  1:    T:0.16364    C:0.15455    A:0.39091    G:0.29091
position  2:    T:0.34545    C:0.20909    A:0.36364    G:0.08182
position  3:    T:0.22727    C:0.33636    A:0.22727    G:0.20909
Average         T:0.24545    C:0.23333    A:0.32727    G:0.19394

#46: WhiteTailedDeer
position  1:    T:0.16364    C:0.15455    A:0.39091    G:0.29091
position  2:    T:0.34545    C:0.20909    A:0.36364    G:0.08182
position  3:    T:0.23636    C:0.33636    A:0.22727    G:0.20000
Average         T:0.24848    C:0.23333    A:0.32727    G:0.19091

#47: Cattle         
position  1:    T:0.16364    C:0.15455    A:0.39091    G:0.29091
position  2:    T:0.34545    C:0.20909    A:0.37273    G:0.07273
position  3:    T:0.22727    C:0.34545    A:0.22727    G:0.20000
Average         T:0.24545    C:0.23636    A:0.33030    G:0.18788

#48: RoyalAntelope  
position  1:    T:0.16364    C:0.15455    A:0.39091    G:0.29091
position  2:    T:0.34545    C:0.20909    A:0.37273    G:0.07273
position  3:    T:0.23636    C:0.34545    A:0.22727    G:0.19091
Average         T:0.24848    C:0.23636    A:0.33030    G:0.18485

#49: Steenbok       
position  1:    T:0.16364    C:0.15455    A:0.39091    G:0.29091
position  2:    T:0.34545    C:0.20909    A:0.37273    G:0.07273
position  3:    T:0.24545    C:0.32727    A:0.22727    G:0.20000
Average         T:0.25152    C:0.23030    A:0.33030    G:0.18788

#50: Impala         
position  1:    T:0.16364    C:0.15455    A:0.39091    G:0.29091
position  2:    T:0.34545    C:0.20909    A:0.37273    G:0.07273
position  3:    T:0.22727    C:0.34545    A:0.22727    G:0.20000
Average         T:0.24545    C:0.23636    A:0.33030    G:0.18788

#51: Klipspringer   
position  1:    T:0.16364    C:0.15455    A:0.39091    G:0.29091
position  2:    T:0.34545    C:0.20909    A:0.36364    G:0.08182
