1
52 1
Argali 0.000000 0.175500 0.055300 0.158800 0.067800 0.000000 0.048900 0.036700 0.042500 0.075500 0.030500 0.061900 0.055200 0.061800 0.042500 0.030300 0.062000 0.056000 0.036300 0.067800 0.049200 0.030200 0.069000 0.068800 0.036700 0.030300 0.049000 0.054800 0.024300 0.048900 0.081900 0.061700 0.087900 0.042800 0.030300 0.042800 0.018000 0.055300 0.030400 0.075800 0.082500 0.030200 0.081800 0.089000 0.042900 0.062300 0.030300 0.049500 0.049700 0.081800 0.042600 0.048900
LesserMous 0.175500 0.000000 0.181600 0.228500 0.196200 0.175500 0.189500 0.175900 0.166900 0.191200 0.182600 0.174900 0.181300 0.182300 0.188700 0.167800 0.189800 0.183700 0.189000 0.196300 0.190400 0.166900 0.184300 0.183300 0.189800 0.167800 0.174400 0.181100 0.160400 0.174200 0.198500 0.175000 0.174600 0.167500 0.167300 0.167400 0.166800 0.182000 0.167600 0.210300 0.200900 0.167100 0.183400 0.199200 0.167200 0.206800 0.167800 0.175600 0.192900 0.205700 0.159700 0.174100
LesserKudu 0.055300 0.181600 0.000000 0.150700 0.086900 0.055300 0.067700 0.042600 0.011900 0.081400 0.061600 0.055200 0.061300 0.055000 0.054800 0.048700 0.067700 0.061900 0.067500 0.036200 0.055200 0.048700 0.074900 0.074700 0.068000 0.036300 0.067800 0.023900 0.042600 0.030100 0.087800 0.055100 0.074300 0.061500 0.036400 0.048900 0.048700 0.074200 0.036200 0.095600 0.088400 0.048700 0.074700 0.094800 0.048800 0.080900 0.036300 0.068400 0.043100 0.087600 0.024000 0.017900
KillerWhal 0.158800 0.228500 0.150700 0.000000 0.179400 0.158800 0.179900 0.151200 0.136300 0.181100 0.166100 0.144200 0.158300 0.157900 0.157500 0.165200 0.158400 0.152100 0.172200 0.150200 0.158500 0.136400 0.159300 0.159000 0.173300 0.150800 0.165700 0.149900 0.143800 0.143400 0.188100 0.165300 0.158100 0.158700 0.137000 0.137100 0.150600 0.165400 0.150500 0.183000 0.174600 0.150600 0.173300 0.159700 0.137100 0.181000 0.150800 0.173900 0.152600 0.173300 0.129600 0.143400
DefassaWat 0.067800 0.196200 0.086900 0.179400 0.000000 0.067800 0.093400 0.068000 0.073700 0.107900 0.074400 0.093700 0.073800 0.093700 0.067300 0.074000 0.080900 0.088000 0.080100 0.073700 0.055100 0.048500 0.088000 0.101100 0.080900 0.061200 0.067500 0.073700 0.055100 0.080400 0.114400 0.093500 0.120700 0.061300 0.061200 0.087100 0.061100 0.023900 0.061300 0.123100 0.101800 0.061100 0.100900 0.122100 0.087400 0.068100 0.061200 0.094500 0.081600 0.100900 0.073800 0.080400
Sheep 0.000000 0.175500 0.055300 0.158800 0.067800 0.000000 0.048900 0.036700 0.042500 0.075500 0.030500 0.061900 0.055200 0.061800 0.042500 0.030300 0.062000 0.056000 0.036300 0.067800 0.049200 0.030200 0.069000 0.068800 0.036700 0.030300 0.044600 0.054800 0.024300 0.048900 0.081900 0.061700 0.087900 0.042800 0.030300 0.042800 0.017400 0.055300 0.030400 0.075800 0.082500 0.030200 0.081800 0.089000 0.042900 0.062300 0.030300 0.049500 0.049700 0.081800 0.042600 0.048900
MaxwellsDu 0.048900 0.189500 0.067700 0.179900 0.093400 0.048900 0.000000 0.049000 0.054800 0.094800 0.055400 0.067800 0.080500 0.036100 0.054800 0.042400 0.068100 0.062000 0.061100 0.080400 0.061700 0.054900 0.075100 0.074900 0.049000 0.042500 0.074200 0.067200 0.049000 0.061300 0.101300 0.023800 0.094100 0.061300 0.055000 0.048800 0.042400 0.080700 0.042600 0.095900 0.088700 0.054900 0.088000 0.087900 0.048900 0.088000 0.042500 0.055500 0.075300 0.087900 0.042400 0.061300
GazellaPrz 0.036700 0.175900 0.042600 0.151200 0.068000 0.036700 0.049000 0.000000 0.030200 0.062000 0.042900 0.049200 0.055300 0.036600 0.036400 0.018100 0.049200 0.043200 0.048900 0.055000 0.024300 0.030300 0.043000 0.042900 0.049200 0.006000 0.049100 0.042500 0.012000 0.036400 0.068300 0.036600 0.074800 0.042900 0.030400 0.042900 0.030300 0.055500 0.006000 0.062800 0.056000 0.018100 0.055500 0.062200 0.042800 0.049200 0.006000 0.049600 0.036900 0.068600 0.030300 0.036400
MountainNy 0.042500 0.166900 0.011900 0.136300 0.073700 0.042500 0.054800 0.030200 0.000000 0.068400 0.048900 0.042500 0.048500 0.042500 0.042200 0.036200 0.055200 0.049200 0.054700 0.023900 0.042600 0.036100 0.062000 0.061800 0.055200 0.024000 0.054900 0.011800 0.030200 0.017900 0.074700 0.042400 0.067800 0.048700 0.024000 0.036300 0.036100 0.061200 0.024000 0.082300 0.075200 0.036100 0.061800 0.081600 0.036400 0.068200 0.024000 0.055400 0.030600 0.074600 0.011300 0.005900
MuntiacusM 0.075500 0.191200 0.081400 0.181100 0.107900 0.075500 0.094800 0.062000 0.068400 0.000000 0.082000 0.062200 0.094800 0.101500 0.087800 0.068600 0.062200 0.056200 0.088000 0.094300 0.088500 0.068500 0.043100 0.043000 0.088600 0.068600 0.088400 0.081000 0.075200 0.087900 0.006000 0.094900 0.062100 0.095200 0.081700 0.068600 0.068500 0.094900 0.068500 0.063000 0.056100 0.068600 0.006000 0.062400 0.068600 0.101800 0.068600 0.089000 0.075700 0.082000 0.074900 0.074800
goat 0.030500 0.182600 0.061600 0.166100 0.074400 0.030500 0.055400 0.042900 0.048900 0.082000 0.000000 0.042900 0.049000 0.068200 0.048900 0.036500 0.055600 0.049600 0.042600 0.074200 0.055600 0.036500 0.075500 0.075300 0.018000 0.036600 0.042800 0.061300 0.030400 0.055200 0.088500 0.068200 0.094500 0.036600 0.024200 0.036600 0.012000 0.061800 0.036500 0.096400 0.089100 0.024200 0.075300 0.082200 0.036600 0.068700 0.036600 0.056000 0.056100 0.075200 0.049000 0.042600
AfricanBuf 0.061900 0.174900 0.055200 0.144200 0.093700 0.061900 0.067800 0.049200 0.042500 0.062200 0.042900 0.000000 0.067800 0.061700 0.061300 0.055200 0.036600 0.030600 0.074200 0.067700 0.061900 0.055100 0.055900 0.055700 0.062000 0.042600 0.061500 0.050200 0.049100 0.048900 0.068600 0.055200 0.061800 0.055300 0.042600 0.018000 0.042600 0.081000 0.042700 0.063000 0.069100 0.042600 0.055700 0.062400 0.018100 0.088400 0.042600 0.062100 0.075600 0.055700 0.036300 0.036400
Topi 0.055200 0.181300 0.061300 0.158300 0.073800 0.055200 0.080500 0.055300 0.048500 0.094800 0.049000 0.067800 0.000000 0.080700 0.067500 0.061300 0.068100 0.075000 0.054800 0.073900 0.055300 0.036200 0.088200 0.088000 0.068100 0.048700 0.005700 0.060900 0.042600 0.055000 0.101300 0.080500 0.094200 0.011900 0.024000 0.061400 0.048600 0.061300 0.048800 0.109400 0.102000 0.048600 0.088000 0.095000 0.061600 0.068200 0.048700 0.081400 0.055800 0.101200 0.048600 0.042400
CommonDuik 0.061800 0.182300 0.055000 0.157900 0.093700 0.061800 0.036100 0.036600 0.042500 0.101500 0.068200 0.061700 0.080700 0.000000 0.061300 0.042600 0.074500 0.068500 0.074200 0.067600 0.049000 0.055100 0.081700 0.081400 0.061700 0.030300 0.074400 0.054800 0.036500 0.048700 0.108100 0.011900 0.087600 0.068100 0.055200 0.055300 0.055100 0.081000 0.030200 0.102800 0.095400 0.042600 0.094700 0.094600 0.055300 0.088000 0.030300 0.075200 0.075400 0.094500 0.042500 0.048700
Suni 0.042500 0.188700 0.054800 0.157500 0.067300 0.042500 0.054800 0.036400 0.042200 0.087800 0.048900 0.061300 0.067500 0.061300 0.000000 0.036200 0.061500 0.055500 0.050400 0.054600 0.036400 0.030000 0.068400 0.055400 0.055200 0.030000 0.061200 0.054400 0.036300 0.048500 0.094300 0.061100 0.087200 0.055000 0.042400 0.048700 0.036100 0.054900 0.030100 0.075700 0.081700 0.042300 0.081100 0.075100 0.048800 0.074600 0.030000 0.055400 0.062100 0.081100 0.042300 0.048500
Springbuck 0.030300 0.167800 0.048700 0.165200 0.074000 0.030300 0.042400 0.018100 0.036200 0.068600 0.036500 0.055200 0.061300 0.042600 0.036200 0.000000 0.055400 0.049400 0.042400 0.061200 0.030300 0.036300 0.049400 0.049300 0.042800 0.012000 0.055100 0.048400 0.018100 0.042500 0.075000 0.042600 0.068100 0.048900 0.036400 0.036400 0.024000 0.056100 0.012000 0.069500 0.062600 0.024000 0.062000 0.068900 0.036500 0.068500 0.012000 0.043000 0.056000 0.074800 0.036200 0.042500
Okapi 0.062000 0.189800 0.067700 0.158400 0.080900 0.062000 0.068100 0.049200 0.055200 0.062200 0.055600 0.036600 0.068100 0.074500 0.061500 0.055400 0.000000 0.018100 0.061600 0.080600 0.049100 0.055300 0.055800 0.055700 0.062000 0.042800 0.061800 0.067600 0.049100 0.061500 0.068600 0.068100 0.074600 0.055500 0.055400 0.042800 0.042700 0.068200 0.042700 0.076000 0.069100 0.042700 0.055700 0.075500 0.042800 0.074800 0.042800 0.062300 0.075600 0.055700 0.048900 0.061500
Giraffe 0.056000 0.183700 0.061900 0.152100 0.088000 0.056000 0.062000 0.043200 0.049200 0.056200 0.049600 0.030600 0.075000 0.068500 0.055500 0.049400 0.018100 0.000000 0.068400 0.074600 0.055800 0.049300 0.049800 0.049700 0.055900 0.036800 0.068700 0.061600 0.043100 0.055500 0.062500 0.062100 0.068600 0.062300 0.049400 0.036800 0.036700 0.075200 0.036700 0.069900 0.063000 0.036700 0.049700 0.069400 0.036800 0.082300 0.036800 0.056200 0.069500 0.049600 0.042900 0.055500
TibetanAnt 0.036300 0.189000 0.067500 0.172200 0.080100 0.036300 0.061100 0.048900 0.054700 0.088000 0.042600 0.074200 0.054800 0.074200 0.050400 0.042400 0.061600 0.068400 0.000000 0.080200 0.061600 0.030000 0.081500 0.081300 0.048900 0.042400 0.048600 0.067000 0.036400 0.061200 0.094500 0.074000 0.087400 0.055000 0.042400 0.055000 0.030000 0.067600 0.042500 0.102500 0.095200 0.042300 0.081300 0.101700 0.055100 0.074600 0.042400 0.061800 0.062100 0.094300 0.054800 0.061200
Sitatunga 0.067800 0.196300 0.036200 0.150200 0.073700 0.067800 0.080400 0.055000 0.023900 0.094300 0.074200 0.067700 0.073900 0.067600 0.054600 0.061200 0.080600 0.074600 0.080200 0.000000 0.055000 0.048500 0.087700 0.087500 0.080700 0.048600 0.080500 0.011800 0.055000 0.030000 0.100800 0.067600 0.093600 0.074200 0.048700 0.061300 0.061100 0.074000 0.048500 0.108900 0.101500 0.061100 0.087500 0.108000 0.061300 0.081000 0.048600 0.081200 0.055600 0.100600 0.036200 0.030000
Oribi 0.049200 0.190400 0.055200 0.158500 0.055100 0.049200 0.061700 0.024300 0.042600 0.088500 0.055600 0.061900 0.055300 0.049000 0.036400 0.030300 0.049100 0.055800 0.061600 0.055000 0.000000 0.030300 0.068800 0.068600 0.061900 0.018100 0.049000 0.054900 0.024200 0.048800 0.094900 0.049100 0.087800 0.042800 0.042800 0.055500 0.042700 0.042700 0.018100 0.089500 0.082300 0.030300 0.081700 0.088800 0.055400 0.062100 0.018100 0.062300 0.062500 0.081600 0.042600 0.048800
BarbaryShe 0.030200 0.166900 0.048700 0.136400 0.048500 0.030200 0.054900 0.030300 0.036100 0.068500 0.036500 0.055100 0.036200 0.055100 0.030000 0.036300 0.055300 0.049300 0.030000 0.048500 0.030300 0.000000 0.062100 0.061900 0.042700 0.024000 0.030100 0.048300 0.018000 0.042400 0.074900 0.055000 0.068000 0.036300 0.024000 0.048800 0.024000 0.036200 0.024100 0.082400 0.075400 0.024000 0.061900 0.081800 0.048900 0.055500 0.024000 0.055500 0.043100 0.074700 0.036200 0.042400
Daviddeer 0.069000 0.184300 0.074900 0.159300 0.088000 0.069000 0.075100 0.043000 0.062000 0.043100 0.075500 0.055900 0.088200 0.081700 0.068400 0.049400 0.055800 0.049800 0.081500 0.087700 0.068800 0.062100 0.000000 0.024400 0.082000 0.049400 0.081800 0.074600 0.055900 0.068400 0.036700 0.075200 0.055700 0.075400 0.062300 0.049400 0.062100 0.075200 0.049400 0.043700 0.012200 0.062100 0.036800 0.043300 0.049400 0.068700 0.049400 0.069300 0.069200 0.062400 0.055600 0.068400
Reindeer 0.068800 0.183300 0.074700 0.159000 0.101100 0.068800 0.074900 0.042900 0.061800 0.043000 0.075300 0.055700 0.088000 0.081400 0.055400 0.049300 0.055700 0.049700 0.081300 0.087500 0.068600 0.061900 0.024400 0.000000 0.081800 0.049300 0.081600 0.074300 0.055700 0.068200 0.049200 0.075000 0.055600 0.075200 0.062100 0.049300 0.061900 0.088200 0.049200 0.030900 0.037000 0.062000 0.036700 0.030700 0.049300 0.081700 0.049300 0.069100 0.069000 0.075300 0.055500 0.068200
Ibex 0.036700 0.189800 0.068000 0.173300 0.080900 0.036700 0.049000 0.049200 0.055200 0.088600 0.018000 0.062000 0.068100 0.061700 0.055200 0.042800 0.062000 0.055900 0.048900 0.080700 0.061900 0.042700 0.082000 0.081800 0.000000 0.042800 0.061800 0.067600 0.036600 0.061500 0.095000 0.061700 0.101100 0.055500 0.042800 0.055500 0.018000 0.068200 0.042700 0.103000 0.095700 0.030300 0.081800 0.102300 0.055500 0.075100 0.042800 0.062400 0.062500 0.081700 0.055300 0.061500
GyrantGaze 0.030300 0.167800 0.036300 0.150800 0.061200 0.030300 0.042500 0.006000 0.024000 0.068600 0.036600 0.042600 0.048700 0.030300 0.030000 0.012000 0.042800 0.036800 0.042400 0.048600 0.018100 0.024000 0.049400 0.049300 0.042800 0.000000 0.042500 0.036000 0.006000 0.030100 0.075000 0.030200 0.068100 0.036400 0.024100 0.036400 0.024000 0.048800 0.000000 0.069500 0.062600 0.011900 0.062000 0.068800 0.036500 0.055700 0.000000 0.043000 0.043300 0.061900 0.024000 0.030100
Hartebeest 0.049000 0.174400 0.067800 0.165700 0.067500 0.044600 0.074200 0.049100 0.054900 0.088400 0.042800 0.061500 0.005700 0.074400 0.061200 0.055100 0.061800 0.068700 0.048600 0.080500 0.049000 0.030100 0.081800 0.081600 0.061800 0.042500 0.000000 0.067300 0.036500 0.061400 0.094800 0.074200 0.087700 0.005900 0.030200 0.055200 0.042400 0.055100 0.042600 0.102800 0.095500 0.042500 0.081600 0.088600 0.055300 0.061900 0.042500 0.075000 0.062300 0.094700 0.055000 0.048700
Bongo 0.054800 0.181100 0.023900 0.149900 0.073700 0.054800 0.067200 0.042500 0.011800 0.081000 0.061300 0.050200 0.060900 0.054800 0.054400 0.048400 0.067600 0.061600 0.067000 0.011800 0.054900 0.048300 0.074600 0.074300 0.067600 0.036000 0.067300 0.000000 0.042400 0.029900 0.087400 0.054700 0.080400 0.061100 0.036100 0.048500 0.048300 0.073700 0.036100 0.095300 0.088100 0.048300 0.074400 0.094400 0.048600 0.067900 0.036000 0.067900 0.042900 0.087300 0.023800 0.017800
Gerenuk 0.024300 0.160400 0.042600 0.143800 0.055100 0.024300 0.049000 0.012000 0.030200 0.075200 0.030400 0.049100 0.042600 0.036500 0.036300 0.018100 0.049100 0.043100 0.036400 0.055000 0.024200 0.018000 0.055900 0.055700 0.036600 0.006000 0.036500 0.042400 0.000000 0.036300 0.081600 0.036500 0.074600 0.030400 0.018100 0.042800 0.018000 0.042700 0.006000 0.076200 0.069200 0.006000 0.068600 0.075500 0.042800 0.049300 0.006000 0.049500 0.036900 0.068500 0.030200 0.036300
CommonElan 0.048900 0.174200 0.030100 0.143400 0.080400 0.048900 0.061300 0.036400 0.017900 0.087900 0.055200 0.048900 0.055000 0.048700 0.048500 0.042500 0.061500 0.055500 0.061200 0.030000 0.048800 0.042400 0.068400 0.068200 0.061500 0.030100 0.061400 0.029900 0.036300 0.000000 0.094300 0.048800 0.074300 0.055100 0.030200 0.042600 0.042400 0.067800 0.030100 0.088900 0.081800 0.042400 0.081100 0.088100 0.042600 0.074600 0.030100 0.062000 0.049400 0.081000 0.017900 0.024000
MuntiacusR 0.081900 0.198500 0.087800 0.188100 0.114400 0.081900 0.101300 0.068300 0.074700 0.006000 0.088500 0.068600 0.101300 0.108100 0.094300 0.075000 0.068600 0.062500 0.094500 0.100800 0.094900 0.074900 0.036700 0.049200 0.095000 0.075000 0.094800 0.087400 0.081600 0.094300 0.000000 0.101400 0.068400 0.101700 0.088100 0.075000 0.074900 0.101400 0.074900 0.069400 0.049400 0.074900 0.011600 0.068700 0.074900 0.108300 0.075000 0.095500 0.082200 0.088500 0.081200 0.081200
HarveysDui 0.061700 0.175000 0.055100 0.165300 0.093500 0.061700 0.023800 0.036600 0.042400 0.094900 0.068200 0.055200 0.080500 0.011900 0.061100 0.042600 0.068100 0.062100 0.074000 0.067600 0.049100 0.055000 0.075200 0.075000 0.061700 0.030200 0.074200 0.054700 0.036500 0.048800 0.101400 0.000000 0.081100 0.067900 0.055100 0.048900 0.055000 0.080800 0.030200 0.096100 0.088800 0.042500 0.088100 0.088000 0.049000 0.088100 0.030200 0.068500 0.075500 0.088000 0.030100 0.048700
Pronghorn 0.087900 0.174600 0.074300 0.158100 0.120700 0.087900 0.094100 0.074800 0.067800 0.062100 0.094500 0.061800 0.094200 0.087600 0.087200 0.068100 0.074600 0.068600 0.087400 0.093600 0.087800 0.068000 0.055700 0.055600 0.101100 0.068100 0.087700 0.080400 0.074600 0.074300 0.068400 0.081100 0.000000 0.094500 0.081100 0.055400 0.080900 0.107600 0.068000 0.062400 0.068900 0.080900 0.055600 0.062200 0.055300 0.115100 0.068100 0.088300 0.095300 0.080900 0.061500 0.074200
BlueWildeb 0.042800 0.167500 0.061500 0.158700 0.061300 0.042800 0.061300 0.042900 0.048700 0.095200 0.036600 0.055300 0.011900 0.068100 0.055000 0.048900 0.055500 0.062300 0.055000 0.074200 0.042800 0.036300 0.075400 0.075200 0.055500 0.036400 0.005900 0.061100 0.030400 0.055100 0.101700 0.067900 0.094500 0.000000 0.024100 0.049000 0.036300 0.048900 0.036500 0.096300 0.089000 0.036300 0.088300 0.082100 0.049100 0.055700 0.036400 0.068700 0.056000 0.088300 0.048800 0.042500
Gemsbok 0.030300 0.167300 0.036400 0.137000 0.061200 0.030300 0.055000 0.030400 0.024000 0.081700 0.024200 0.042600 0.024000 0.055200 0.042400 0.036400 0.055400 0.049400 0.042400 0.048700 0.042800 0.024000 0.062300 0.062100 0.042800 0.024100 0.030200 0.036100 0.018100 0.030200 0.088100 0.055100 0.081100 0.024100 0.000000 0.036400 0.024000 0.048800 0.024100 0.082700 0.075600 0.024000 0.075000 0.068800 0.036500 0.055600 0.024100 0.055700 0.030700 0.074900 0.024000 0.018000
Yak 0.042800 0.167400 0.048900 0.137100 0.087100 0.042800 0.048800 0.042900 0.036300 0.068600 0.036600 0.018000 0.061400 0.055300 0.048700 0.036400 0.042800 0.036800 0.055000 0.061300 0.055500 0.048800 0.049400 0.049300 0.055500 0.036400 0.055200 0.048500 0.042800 0.042600 0.075000 0.048900 0.055400 0.049000 0.036400 0.000000 0.036300 0.074500 0.036500 0.069400 0.062500 0.048800 0.062000 0.055900 0.000000 0.081700 0.036400 0.042900 0.069000 0.062000 0.030200 0.030200
BlueSheep 0.018000 0.166800 0.048700 0.150600 0.061100 0.017400 0.042400 0.030300 0.036100 0.068500 0.012000 0.042600 0.048600 0.055100 0.036100 0.024000 0.042700 0.036700 0.030000 0.061100 0.042700 0.024000 0.062100 0.061900 0.018000 0.024000 0.042400 0.048300 0.018000 0.042400 0.074900 0.055000 0.080900 0.036300 0.024000 0.036300 0.000000 0.048700 0.024100 0.082400 0.075400 0.011900 0.061900 0.081800 0.036400 0.055500 0.024000 0.042900 0.043100 0.061900 0.036200 0.042400
BohorReedb 0.055300 0.182000 0.074200 0.165400 0.023900 0.055300 0.080700 0.055500 0.061200 0.094900 0.061800 0.081000 0.061300 0.081000 0.054900 0.056100 0.068200 0.075200 0.067600 0.074000 0.042700 0.036200 0.075200 0.088200 0.068200 0.048800 0.055100 0.073700 0.042700 0.067800 0.101400 0.080800 0.107600 0.048900 0.048800 0.074500 0.048700 0.000000 0.048900 0.109800 0.088800 0.048700 0.088000 0.108900 0.074700 0.055500 0.048800 0.081600 0.055900 0.088000 0.061300 0.067800
KirksDik 0.030400 0.167600 0.036200 0.150500 0.061300 0.030400 0.042600 0.006000 0.024000 0.068500 0.036500 0.042700 0.048800 0.030200 0.030100 0.012000 0.042700 0.036700 0.042500 0.048500 0.018100 0.024100 0.049400 0.049200 0.042700 0.000000 0.042600 0.036100 0.006000 0.030100 0.074900 0.030200 0.068000 0.036500 0.024100 0.036500 0.024100 0.048900 0.000000 0.069200 0.062500 0.012000 0.061900 0.068700 0.036400 0.055600 0.000000 0.043100 0.043200 0.061800 0.024000 0.030100
RoeDeer 0.075800 0.210300 0.095600 0.183000 0.123100 0.075800 0.095900 0.062800 0.082300 0.063000 0.096400 0.063000 0.109400 0.102800 0.075700 0.069500 0.076000 0.069900 0.102500 0.108900 0.089500 0.082400 0.043700 0.030900 0.103000 0.069500 0.102800 0.095300 0.076200 0.088900 0.069400 0.096100 0.062400 0.096300 0.082700 0.069400 0.082400 0.109800 0.069200 0.000000 0.056900 0.082500 0.056400 0.050200 0.069400 0.103100 0.069500 0.090200 0.083300 0.075700 0.075800 0.088900
WhiteLippe 0.082500 0.200900 0.088400 0.174600 0.101800 0.082500 0.088700 0.056000 0.075200 0.056100 0.089100 0.069100 0.102000 0.095400 0.081700 0.062600 0.069100 0.063000 0.095200 0.101500 0.082300 0.075400 0.012200 0.037000 0.095700 0.062600 0.095500 0.088100 0.069200 0.081800 0.049400 0.088800 0.068900 0.089000 0.075600 0.062500 0.075400 0.088800 0.062500 0.056900 0.000000 0.075500 0.049500 0.056300 0.062500 0.056100 0.062600 0.083000 0.082900 0.075800 0.068800 0.081800
ThomsonGaz 0.030200 0.167100 0.048700 0.150600 0.061100 0.030200 0.054900 0.018100 0.036100 0.068600 0.024200 0.042600 0.048600 0.042600 0.042300 0.024000 0.042700 0.036700 0.042300 0.061100 0.030300 0.024000 0.062100 0.062000 0.030300 0.011900 0.042500 0.048300 0.006000 0.042400 0.074900 0.042500 0.080900 0.036300 0.024000 0.048800 0.011900 0.048700 0.012000 0.082500 0.075500 0.000000 0.062000 0.081800 0.049000 0.055500 0.011500 0.055600 0.043100 0.061900 0.036200 0.042400
MuntiacusC 0.081800 0.183400 0.074700 0.173300 0.100900 0.081800 0.088000 0.055500 0.061800 0.006000 0.075300 0.055700 0.088000 0.094700 0.081100 0.062000 0.055700 0.049700 0.081300 0.087500 0.081700 0.061900 0.036800 0.036700 0.081800 0.062000 0.081600 0.074400 0.068600 0.081100 0.011600 0.088100 0.055600 0.088300 0.075000 0.062000 0.061900 0.088000 0.061900 0.056400 0.049500 0.062000 0.000000 0.055800 0.062000 0.094900 0.062000 0.082200 0.069000 0.075300 0.068200 0.068200
WhiteTaile 0.089000 0.199200 0.094800 0.159700 0.122100 0.089000 0.087900 0.062200 0.081600 0.062400 0.082200 0.062400 0.095000 0.094600 0.075100 0.068900 0.075500 0.069400 0.101700 0.108000 0.088800 0.081800 0.043300 0.030700 0.102300 0.068800 0.088600 0.094400 0.075500 0.088100 0.068700 0.088000 0.062200 0.082100 0.068800 0.055900 0.081800 0.108900 0.068700 0.050200 0.056300 0.081800 0.055800 0.000000 0.055900 0.102200 0.068800 0.089400 0.089300 0.082100 0.075200 0.074900
Cattle 0.042900 0.167200 0.048800 0.137100 0.087400 0.042900 0.048900 0.042800 0.036400 0.068600 0.036600 0.018100 0.061600 0.055300 0.048800 0.036500 0.042800 0.036800 0.055100 0.061300 0.055400 0.048900 0.049400 0.049300 0.055500 0.036500 0.055300 0.048600 0.042800 0.042600 0.074900 0.049000 0.055300 0.049100 0.036500 0.000000 0.036400 0.074700 0.036400 0.069400 0.062500 0.049000 0.062000 0.055900 0.000000 0.081700 0.036500 0.043100 0.069000 0.062000 0.030300 0.030200
RoyalAntel 0.062300 0.206800 0.080900 0.181000 0.068100 0.062300 0.088000 0.049200 0.068200 0.101800 0.068700 0.088400 0.068200 0.088000 0.074600 0.068500 0.074800 0.082300 0.074600 0.081000 0.062100 0.055500 0.068700 0.081700 0.075100 0.055700 0.061900 0.067900 0.049300 0.074600 0.108300 0.088100 0.115100 0.055700 0.055600 0.081700 0.055500 0.055500 0.055600 0.103100 0.056100 0.055500 0.094900 0.102200 0.081700 0.000000 0.055700 0.089100 0.062500 0.095200 0.068300 0.074600
Steenbok 0.030300 0.167800 0.036300 0.150800 0.061200 0.030300 0.042500 0.006000 0.024000 0.068600 0.036600 0.042600 0.048700 0.030300 0.030000 0.012000 0.042800 0.036800 0.042400 0.048600 0.018100 0.024000 0.049400 0.049300 0.042800 0.000000 0.042500 0.036000 0.006000 0.030100 0.075000 0.030200 0.068100 0.036400 0.024100 0.036400 0.024000 0.048800 0.000000 0.069500 0.062600 0.011500 0.062000 0.068800 0.036500 0.055700 0.000000 0.043000 0.043300 0.061900 0.024000 0.030100
Impala 0.049500 0.175600 0.068400 0.173900 0.094500 0.049500 0.055500 0.049600 0.055400 0.089000 0.056000 0.062100 0.081400 0.075200 0.055400 0.043000 0.062300 0.056200 0.061800 0.081200 0.062300 0.055500 0.069300 0.069100 0.062400 0.043000 0.075000 0.067900 0.049500 0.062000 0.095500 0.068500 0.088300 0.068700 0.055700 0.042900 0.042900 0.081600 0.043100 0.090200 0.083000 0.055600 0.082200 0.089400 0.043100 0.089100 0.043000 0.000000 0.076300 0.082100 0.049100 0.062000
Klipspring 0.049700 0.192900 0.043100 0.152600 0.081600 0.049700 0.075300 0.036900 0.030600 0.075700 0.056100 0.075600 0.055800 0.075400 0.062100 0.056000 0.075600 0.069500 0.062100 0.055600 0.062500 0.043100 0.069200 0.069000 0.062500 0.043300 0.062300 0.042900 0.036900 0.049400 0.082200 0.075500 0.095300 0.056000 0.030700 0.069000 0.043100 0.055900 0.043200 0.083300 0.082900 0.043100 0.069000 0.089300 0.069000 0.062500 0.043300 0.076300 0.000000 0.089000 0.043100 0.036800
ForestMusk 0.081800 0.205700 0.087600 0.173300 0.100900 0.081800 0.087900 0.068600 0.074600 0.082000 0.075200 0.055700 0.101200 0.094500 0.081100 0.074800 0.055700 0.049600 0.094300 0.100600 0.081600 0.074700 0.062400 0.075300 0.081700 0.061900 0.094700 0.087300 0.068500 0.081000 0.088500 0.088000 0.080900 0.088300 0.074900 0.062000 0.061900 0.088000 0.061800 0.075700 0.075800 0.061900 0.075300 0.082100 0.062000 0.095200 0.061900 0.082100 0.089000 0.000000 0.068200 0.081000
Bushbuck 0.042600 0.159700 0.024000 0.129600 0.073800 0.042600 0.042400 0.030300 0.011300 0.074900 0.049000 0.036300 0.048600 0.042500 0.042300 0.036200 0.048900 0.042900 0.054800 0.036200 0.042600 0.036200 0.055600 0.055500 0.055300 0.024000 0.055000 0.023800 0.030200 0.017900 0.081200 0.030100 0.061500 0.048800 0.024000 0.030200 0.036200 0.061300 0.024000 0.075800 0.068800 0.036200 0.068200 0.075200 0.030300 0.068300 0.024000 0.049100 0.043100 0.068200 0.000000 0.017900
GreaterKud 0.048900 0.174100 0.017900 0.143400 0.080400 0.048900 0.061300 0.036400 0.005900 0.074800 0.042600 0.036400 0.042400 0.048700 0.048500 0.042500 0.061500 0.055500 0.061200 0.030000 0.048800 0.042400 0.068400 0.068200 0.061500 0.030100 0.048700 0.017800 0.036300 0.024000 0.081200 0.048700 0.074200 0.042500 0.018000 0.030200 0.042400 0.067800 0.030100 0.088900 0.081800 0.042400 0.068200 0.074900 0.030200 0.074600 0.030100 0.062000 0.036800 0.081000 0.017900 0.000000
