1
52 1
Argali 0.000000 0.693800 0.131800 0.354400 0.119200 0.000000 0.240100 0.093500 0.099500 0.128100 0.029900 0.092600 0.091900 0.099500 0.128800 0.174000 0.123400 0.096800 0.122300 0.099500 0.061400 0.000000 0.092800 0.127900 0.029800 0.095400 0.092200 0.099500 0.121500 0.099500 0.128100 0.219300 0.155300 0.096800 0.197800 0.029700 0.029900 0.153900 0.031100 0.353100 0.092800 0.064100 0.166200 0.127900 0.059100 0.029700 0.000000 0.128700 0.030900 0.100700 0.164400 0.131700
LesserMous 0.693800 0.000000 0.825100 0.942600 0.815300 0.693800 0.887700 0.816400 0.781900 0.622900 0.748700 0.811300 0.817600 0.839900 0.689300 0.681900 0.540400 0.644200 0.725100 0.781900 0.696700 0.693800 0.660700 0.698400 0.748700 0.786300 0.817600 0.781900 0.652700 0.781900 0.622900 1.055200 0.697300 0.828800 0.853600 0.736400 0.748700 0.832600 0.657000 1.069300 0.660700 0.742300 0.580400 0.698400 0.791500 0.736400 0.693800 0.876900 0.654200 0.621700 0.890700 0.828400
LesserKudu 0.131800 0.825100 0.000000 0.368800 0.191500 0.131800 0.353400 0.167900 0.032800 0.134300 0.165500 0.095700 0.165400 0.261100 0.208300 0.181000 0.199500 0.173700 0.197100 0.032800 0.063900 0.131800 0.166800 0.133900 0.165500 0.099400 0.165400 0.032800 0.126500 0.032800 0.134300 0.363600 0.160600 0.173700 0.207500 0.095300 0.165500 0.158800 0.100100 0.322600 0.166800 0.138100 0.174800 0.133900 0.127200 0.163900 0.131800 0.209000 0.099700 0.104500 0.031400 0.000100
KillerWhal 0.354400 0.942600 0.368800 0.000000 0.332500 0.354400 0.659200 0.399300 0.426700 0.274200 0.396300 0.307600 0.394500 0.519000 0.362700 0.536300 0.343200 0.323300 0.428000 0.426700 0.273900 0.354400 0.307200 0.275500 0.396300 0.321000 0.394500 0.426700 0.340300 0.426700 0.274200 0.727600 0.382100 0.412900 0.358600 0.307200 0.396300 0.379000 0.321900 0.444700 0.307200 0.372400 0.321000 0.275500 0.263500 0.388600 0.354400 0.455800 0.320900 0.425600 0.410300 0.370700
DefassaWat 0.119200 0.815300 0.191500 0.332500 0.000000 0.119200 0.386400 0.119700 0.230300 0.186500 0.149900 0.151000 0.086600 0.229600 0.186500 0.312500 0.248200 0.224600 0.115600 0.230300 0.119200 0.119200 0.151100 0.185600 0.149900 0.154300 0.086600 0.230300 0.179100 0.230300 0.186500 0.362600 0.147200 0.090500 0.119200 0.087000 0.149900 0.027700 0.154600 0.324700 0.151100 0.190900 0.224200 0.185600 0.056600 0.149100 0.119200 0.256700 0.153400 0.233000 0.224000 0.191000
Sheep 0.000000 0.693800 0.131800 0.354400 0.119200 0.000000 0.240100 0.093500 0.099500 0.128100 0.029700 0.092600 0.092200 0.099500 0.128800 0.174000 0.123800 0.096800 0.122300 0.099500 0.061400 0.000000 0.092800 0.127900 0.029900 0.095400 0.092200 0.099500 0.121500 0.099500 0.128100 0.219300 0.155300 0.096800 0.197800 0.029700 0.029900 0.153900 0.031100 0.353100 0.092800 0.064100 0.166200 0.127900 0.059300 0.029700 0.000000 0.128700 0.030900 0.100700 0.164400 0.131700
MaxwellsDu 0.240100 0.887700 0.353400 0.659200 0.386400 0.240100 0.000000 0.378900 0.316900 0.287600 0.281300 0.373400 0.279500 0.124400 0.341700 0.431500 0.320500 0.300100 0.313000 0.316900 0.240500 0.240100 0.322400 0.341800 0.281300 0.293400 0.279500 0.316900 0.309000 0.316900 0.287600 0.178400 0.458100 0.281800 0.337300 0.275300 0.281300 0.444500 0.205000 0.478500 0.322400 0.256600 0.250800 0.341800 0.312400 0.275300 0.240100 0.248000 0.204300 0.316100 0.395600 0.354800
GazellaPrz 0.093500 0.816400 0.167900 0.399300 0.119700 0.093500 0.378900 0.000000 0.208900 0.162800 0.125400 0.125700 0.092400 0.208600 0.237000 0.210600 0.226500 0.203400 0.122600 0.208900 0.093500 0.093500 0.125800 0.162600 0.125400 0.129400 0.092400 0.208900 0.154600 0.208900 0.162800 0.347600 0.155900 0.096900 0.198200 0.059600 0.125400 0.154600 0.130200 0.305600 0.125800 0.168000 0.202700 0.162600 0.090600 0.124200 0.093500 0.236600 0.129200 0.211200 0.200900 0.167300
MountainNy 0.099500 0.781900 0.032800 0.426700 0.230300 0.099500 0.316900 0.208900 0.000000 0.174600 0.133300 0.132400 0.206100 0.226100 0.175000 0.146600 0.166900 0.140900 0.238100 0.000000 0.099600 0.099500 0.207700 0.174400 0.133300 0.138000 0.206100 0.000000 0.163400 0.000000 0.174600 0.326300 0.199200 0.218000 0.252000 0.131700 0.133300 0.196300 0.067600 0.383600 0.207700 0.104600 0.218900 0.174400 0.164500 0.131700 0.099500 0.175400 0.067100 0.070700 0.065200 0.032700
MuntiacusM 0.128100 0.622900 0.134300 0.274200 0.186500 0.128100 0.287600 0.162800 0.174600 0.000000 0.160700 0.161400 0.160400 0.252000 0.202300 0.258300 0.124900 0.097800 0.191400 0.174600 0.062200 0.128100 0.030500 0.062800 0.160700 0.096700 0.160400 0.174600 0.123400 0.174600 0.000000 0.402100 0.156900 0.131700 0.201200 0.092800 0.160700 0.225600 0.097600 0.223200 0.030500 0.134000 0.031700 0.062800 0.124000 0.159400 0.128100 0.202300 0.096900 0.176900 0.167700 0.134100
goat 0.029900 0.748700 0.165500 0.396300 0.149900 0.029700 0.281300 0.125400 0.133300 0.160700 0.000000 0.124100 0.123800 0.133200 0.162100 0.209600 0.155000 0.095900 0.153800 0.133300 0.092500 0.029700 0.124100 0.160800 0.000000 0.128000 0.123800 0.133300 0.152500 0.133300 0.160700 0.257000 0.187500 0.129800 0.232300 0.059600 0.000000 0.185700 0.062500 0.393900 0.124100 0.096700 0.200100 0.160800 0.089500 0.059600 0.029900 0.161900 0.062100 0.134500 0.198200 0.165300
AfricanBuf 0.092600 0.811300 0.095700 0.307600 0.151000 0.092600 0.373400 0.125700 0.132400 0.161400 0.124100 0.000000 0.123900 0.206500 0.234300 0.208300 0.224600 0.200900 0.154300 0.132200 0.092600 0.092600 0.124900 0.160900 0.124100 0.128100 0.123900 0.132200 0.153600 0.132200 0.161400 0.296200 0.120900 0.130100 0.233100 0.059800 0.124100 0.120100 0.128800 0.345700 0.124900 0.166000 0.200700 0.160900 0.090000 0.123200 0.092600 0.234000 0.127900 0.133800 0.127500 0.095200
Topi 0.091900 0.817600 0.165400 0.394500 0.086600 0.092200 0.279500 0.092400 0.206100 0.160400 0.123800 0.123900 0.000000 0.205800 0.233700 0.289400 0.223200 0.200600 0.028800 0.206100 0.092300 0.091300 0.123900 0.160400 0.123800 0.128300 0.000000 0.206100 0.152400 0.206100 0.160400 0.255500 0.120000 0.000100 0.091000 0.059500 0.123800 0.119100 0.128500 0.302500 0.123900 0.165800 0.199800 0.160400 0.089400 0.122400 0.092200 0.233500 0.127600 0.207900 0.198000 0.165000
CommonDuik 0.099500 0.839900 0.261100 0.519000 0.229600 0.099500 0.124400 0.208600 0.226100 0.252000 0.133200 0.206500 0.205800 0.000000 0.253100 0.318300 0.240600 0.217800 0.237500 0.226100 0.171200 0.099500 0.207200 0.251900 0.133200 0.213600 0.205800 0.226100 0.234900 0.226100 0.252000 0.111900 0.277000 0.217500 0.334400 0.131600 0.133200 0.272400 0.139800 0.437000 0.207200 0.180200 0.301000 0.251900 0.164300 0.131600 0.099500 0.175100 0.138600 0.228300 0.296900 0.260600
Suni 0.128800 0.689300 0.208300 0.362700 0.186500 0.128800 0.341700 0.237000 0.175000 0.202300 0.162100 0.234300 0.233700 0.253100 0.000000 0.215000 0.194600 0.170500 0.264900 0.175000 0.128900 0.128800 0.234300 0.202500 0.162100 0.167600 0.233700 0.175000 0.190900 0.175000 0.202300 0.402900 0.304200 0.246000 0.163600 0.160100 0.162100 0.224900 0.098200 0.361100 0.234300 0.135200 0.245600 0.202500 0.124000 0.160100 0.128800 0.203700 0.097400 0.176800 0.242800 0.208200
Springbuck 0.174000 0.681900 0.181000 0.536300 0.312500 0.174000 0.431500 0.210600 0.146600 0.258300 0.209600 0.208300 0.289400 0.318300 0.215000 0.000000 0.246000 0.220100 0.323100 0.146600 0.174300 0.174000 0.292900 0.257000 0.209600 0.217800 0.289400 0.146600 0.240700 0.146600 0.258300 0.435700 0.279900 0.305900 0.254000 0.207500 0.209600 0.276300 0.141100 0.384400 0.292900 0.183100 0.309200 0.257000 0.242600 0.207500 0.174000 0.258900 0.140500 0.147500 0.217700 0.181600
Okapi 0.123400 0.540400 0.199500 0.343200 0.248200 0.123800 0.320500 0.226500 0.166900 0.124900 0.155000 0.224600 0.223200 0.240600 0.194600 0.246000 0.000000 0.094000 0.185200 0.166900 0.123500 0.123400 0.155400 0.124500 0.155000 0.160000 0.223200 0.166900 0.119400 0.166900 0.124900 0.381600 0.151300 0.234900 0.266500 0.153700 0.155000 0.289200 0.093800 0.341900 0.155400 0.128800 0.161500 0.124500 0.185100 0.153700 0.123400 0.194400 0.093100 0.168800 0.160500 0.199200
Giraffe 0.096800 0.644200 0.173700 0.323300 0.224600 0.096800 0.300100 0.203400 0.140900 0.097800 0.095900 0.200900 0.200600 0.217800 0.170500 0.220100 0.094000 0.000000 0.232000 0.140900 0.097000 0.096800 0.129300 0.098000 0.095900 0.134500 0.200600 0.140900 0.159100 0.140900 0.097800 0.363800 0.194300 0.210400 0.244700 0.128200 0.095900 0.266000 0.065400 0.317400 0.129300 0.101900 0.135800 0.098000 0.160200 0.128200 0.096800 0.170400 0.065300 0.141000 0.208600 0.174300
TibetanAnt 0.122300 0.725100 0.197100 0.428000 0.115600 0.122300 0.313000 0.122600 0.238100 0.191400 0.153800 0.154300 0.028800 0.237500 0.264900 0.323100 0.185200 0.232000 0.000000 0.238100 0.122300 0.122300 0.154400 0.191100 0.153800 0.158500 0.028800 0.238100 0.118400 0.238100 0.191400 0.288900 0.149900 0.030100 0.122500 0.088900 0.153800 0.148900 0.159300 0.338700 0.154400 0.197100 0.231100 0.191100 0.119000 0.152500 0.122300 0.264600 0.158100 0.240500 0.229800 0.196600
Sitatunga 0.099500 0.781900 0.032800 0.426700 0.230300 0.099500 0.316900 0.208900 0.000000 0.174600 0.133300 0.132200 0.206100 0.226100 0.175000 0.146600 0.166900 0.140900 0.238100 0.000000 0.099600 0.099500 0.207700 0.174400 0.133300 0.138000 0.206100 0.000000 0.163400 0.000000 0.174600 0.326300 0.199200 0.218000 0.252000 0.131700 0.133300 0.196300 0.067600 0.383600 0.207700 0.104800 0.218900 0.174400 0.164500 0.131700 0.099500 0.175800 0.067100 0.070700 0.065200 0.032700
Oribi 0.061400 0.696700 0.063900 0.273900 0.119200 0.061400 0.240500 0.093500 0.099600 0.062200 0.092500 0.092600 0.092300 0.171200 0.128900 0.174300 0.123500 0.097000 0.122300 0.099600 0.000000 0.061400 0.092800 0.062200 0.092500 0.030900 0.092000 0.099600 0.059100 0.099600 0.062200 0.302800 0.155400 0.096900 0.127900 0.029700 0.092500 0.153900 0.031100 0.265400 0.092800 0.064200 0.096800 0.062200 0.059400 0.091600 0.061400 0.128800 0.030900 0.100700 0.096400 0.063900
BarbaryShe 0.000000 0.693800 0.131800 0.354400 0.119200 0.000000 0.240100 0.093500 0.099500 0.128100 0.029700 0.092600 0.091300 0.099500 0.128800 0.174000 0.123400 0.096800 0.122300 0.099500 0.061400 0.000000 0.092800 0.127900 0.029800 0.095400 0.092200 0.099500 0.121500 0.099500 0.128100 0.219300 0.155300 0.096800 0.197800 0.029700 0.029900 0.153900 0.031100 0.353100 0.092400 0.064100 0.166200 0.127900 0.059200 0.029700 0.000000 0.128700 0.030700 0.100700 0.164400 0.131700
Daviddeer 0.092800 0.660700 0.166800 0.307200 0.151100 0.092800 0.322400 0.125800 0.207700 0.030500 0.124100 0.124900 0.123900 0.207200 0.234300 0.292900 0.155400 0.129300 0.154400 0.207700 0.092800 0.092800 0.000000 0.093500 0.124100 0.128100 0.123900 0.207700 0.153900 0.207700 0.030300 0.345900 0.121800 0.095300 0.233500 0.059300 0.124100 0.187900 0.129100 0.257700 0.000000 0.166000 0.063000 0.093500 0.090200 0.123400 0.092800 0.234200 0.128100 0.210600 0.200300 0.166600
Reindeer 0.127900 0.698400 0.133900 0.275500 0.185600 0.127900 0.341800 0.162600 0.174400 0.062800 0.160800 0.160900 0.160400 0.251900 0.202500 0.257000 0.124500 0.098000 0.191100 0.174400 0.062200 0.127900 0.093500 0.000000 0.160800 0.096700 0.160400 0.174400 0.122700 0.174400 0.062800 0.401000 0.156100 0.168900 0.200900 0.092500 0.160800 0.224100 0.097600 0.183900 0.093500 0.133700 0.097900 0.000000 0.123400 0.158900 0.127900 0.202600 0.096900 0.176000 0.166800 0.133100
Ibex 0.029800 0.748700 0.165500 0.396300 0.149900 0.029900 0.281300 0.125400 0.133300 0.160700 0.000000 0.124100 0.123800 0.133200 0.162100 0.209600 0.155000 0.095900 0.153800 0.133300 0.092500 0.029800 0.124100 0.160800 0.000000 0.128000 0.123800 0.133300 0.152500 0.133300 0.160700 0.257000 0.187500 0.129800 0.232300 0.059900 0.000000 0.185700 0.062500 0.393900 0.124100 0.096700 0.200100 0.160800 0.089500 0.059600 0.029700 0.161900 0.062100 0.134500 0.198200 0.165300
GyrantGaze 0.095400 0.786300 0.099400 0.321000 0.154300 0.095400 0.293400 0.129400 0.138000 0.096700 0.128000 0.128100 0.128300 0.213600 0.167600 0.217800 0.160000 0.134500 0.158500 0.138000 0.030900 0.095400 0.128100 0.096700 0.128000 0.000000 0.127700 0.138000 0.091700 0.138000 0.096700 0.355400 0.193400 0.134100 0.166100 0.061400 0.128000 0.191300 0.064600 0.316900 0.128100 0.031700 0.133900 0.096700 0.092200 0.126500 0.095400 0.167400 0.064200 0.139400 0.132300 0.099300
Hartebeest 0.092200 0.817600 0.165400 0.394500 0.086600 0.092200 0.279500 0.092400 0.206100 0.160400 0.123800 0.123900 0.000000 0.205800 0.233700 0.289400 0.223200 0.200600 0.028800 0.206100 0.092000 0.092200 0.123900 0.160400 0.123800 0.127700 0.000000 0.206100 0.152400 0.206100 0.160400 0.255500 0.120000 0.000100 0.092400 0.059500 0.123800 0.119100 0.128500 0.302500 0.123900 0.165800 0.199800 0.160400 0.089400 0.122400 0.092200 0.233500 0.127600 0.207900 0.198000 0.165000
Bongo 0.099500 0.781900 0.032800 0.426700 0.230300 0.099500 0.316900 0.208900 0.000000 0.174600 0.133300 0.132200 0.206100 0.226100 0.175000 0.146600 0.166900 0.140900 0.238100 0.000000 0.099600 0.099500 0.207700 0.174400 0.133300 0.138000 0.206100 0.000000 0.163400 0.000000 0.174600 0.326300 0.199200 0.218000 0.252000 0.131700 0.133300 0.196300 0.067600 0.383600 0.207700 0.104600 0.218900 0.174400 0.164500 0.131700 0.099500 0.175400 0.067100 0.070700 0.065400 0.032700
Gerenuk 0.121500 0.652700 0.126500 0.340300 0.179100 0.121500 0.309000 0.154600 0.163400 0.123400 0.152500 0.153600 0.152400 0.234900 0.190900 0.240700 0.119400 0.159100 0.118400 0.163400 0.059100 0.121500 0.153900 0.122700 0.152500 0.091700 0.152400 0.163400 0.000000 0.163400 0.123400 0.370500 0.217300 0.159700 0.190100 0.088600 0.152500 0.215900 0.092100 0.336900 0.153900 0.126300 0.159100 0.122700 0.118600 0.151700 0.121500 0.190600 0.091500 0.165600 0.158300 0.126300
CommonElan 0.099500 0.781900 0.032800 0.426700 0.230300 0.099500 0.316900 0.208900 0.000000 0.174600 0.133300 0.132200 0.206100 0.226100 0.175000 0.146600 0.166900 0.140900 0.238100 0.000000 0.099600 0.099500 0.207700 0.174400 0.133300 0.138000 0.206100 0.000000 0.163400 0.000000 0.174600 0.326300 0.199200 0.218000 0.252000 0.131700 0.133300 0.196300 0.067600 0.383600 0.207700 0.104600 0.218900 0.174400 0.164500 0.131700 0.099500 0.175400 0.067100 0.070700 0.065200 0.032700
MuntiacusR 0.128100 0.622900 0.134300 0.274200 0.186500 0.128100 0.287600 0.162800 0.174600 0.000000 0.160700 0.161400 0.160400 0.252000 0.202300 0.258300 0.124900 0.097800 0.191400 0.174600 0.062200 0.128100 0.030300 0.062800 0.160700 0.096700 0.160400 0.174600 0.123400 0.174600 0.000000 0.402100 0.156900 0.131700 0.201200 0.092800 0.160700 0.225600 0.097600 0.223200 0.030500 0.134000 0.031300 0.062200 0.124000 0.159400 0.128100 0.202300 0.096900 0.176900 0.167700 0.134100
HarveysDui 0.219300 1.055200 0.363600 0.727600 0.362600 0.219300 0.178400 0.347600 0.326300 0.402100 0.257000 0.296200 0.255500 0.111900 0.402900 0.435700 0.381600 0.363800 0.288900 0.326300 0.302800 0.219300 0.345900 0.401000 0.257000 0.355400 0.255500 0.326300 0.370500 0.326300 0.402100 0.000000 0.374100 0.271400 0.398900 0.253700 0.257000 0.366800 0.270800 0.447100 0.345900 0.319800 0.464600 0.401000 0.290100 0.253700 0.219300 0.311300 0.268000 0.330200 0.402200 0.362600
Pronghorn 0.155300 0.697300 0.160600 0.382100 0.147200 0.155300 0.458100 0.155900 0.199200 0.156900 0.187500 0.120900 0.120000 0.277000 0.304200 0.279900 0.151300 0.194300 0.149900 0.199200 0.155400 0.155300 0.121800 0.156100 0.187500 0.193400 0.120000 0.199200 0.217300 0.199200 0.156900 0.374100 0.000000 0.126000 0.225400 0.120500 0.187500 0.117100 0.194300 0.332400 0.121800 0.233700 0.194600 0.156100 0.151600 0.186400 0.155300 0.303600 0.192800 0.201600 0.124300 0.160300
BlueWildeb 0.096800 0.828800 0.173700 0.412900 0.090500 0.096800 0.281800 0.096900 0.218000 0.131700 0.129800 0.130100 0.000100 0.217500 0.246000 0.305900 0.234900 0.210400 0.030100 0.218000 0.096900 0.096800 0.095300 0.168900 0.129800 0.134100 0.000100 0.218000 0.159700 0.218000 0.131700 0.271400 0.126000 0.000000 0.097000 0.062300 0.129800 0.124700 0.134500 0.342900 0.095300 0.174500 0.171100 0.168900 0.093600 0.128500 0.096800 0.245900 0.134200 0.218900 0.209000 0.174100
Gemsbok 0.197800 0.853600 0.207500 0.358600 0.119200 0.197800 0.337300 0.198200 0.252000 0.201200 0.232300 0.233100 0.091000 0.334400 0.163600 0.254000 0.266500 0.244700 0.122500 0.252000 0.127900 0.197800 0.233500 0.200900 0.232300 0.166100 0.092400 0.252000 0.190100 0.252000 0.201200 0.398900 0.225400 0.097000 0.000000 0.159000 0.232300 0.153900 0.167400 0.267700 0.233500 0.207500 0.244200 0.200900 0.123200 0.229600 0.197800 0.279000 0.166100 0.254800 0.241800 0.207000
Yak 0.029700 0.736400 0.095300 0.307200 0.087000 0.029700 0.275300 0.059600 0.131700 0.092800 0.059600 0.059800 0.059500 0.131600 0.160100 0.207500 0.153700 0.128200 0.088900 0.131700 0.029700 0.029700 0.059300 0.092500 0.059900 0.061400 0.059500 0.131700 0.088600 0.131700 0.092800 0.253700 0.120500 0.062300 0.159000 0.000000 0.059600 0.119700 0.061800 0.300400 0.059900 0.095400 0.128100 0.092500 0.028900 0.059200 0.029700 0.159900 0.061400 0.133300 0.127000 0.095200
BlueSheep 0.029900 0.748700 0.165500 0.396300 0.149900 0.029900 0.281300 0.125400 0.133300 0.160700 0.000000 0.124100 0.123800 0.133200 0.162100 0.209600 0.155000 0.095900 0.153800 0.133300 0.092500 0.029900 0.124100 0.160800 0.000000 0.128000 0.123800 0.133300 0.152500 0.133300 0.160700 0.257000 0.187500 0.129800 0.232300 0.059600 0.000000 0.185700 0.062500 0.393900 0.124100 0.097700 0.200100 0.160800 0.089100 0.059600 0.029700 0.161900 0.062100 0.134500 0.198200 0.165300
BohorReedb 0.153900 0.832600 0.158800 0.379000 0.027700 0.153900 0.444500 0.154600 0.196300 0.225600 0.185700 0.120100 0.119100 0.272400 0.224900 0.276300 0.289200 0.266000 0.148900 0.196300 0.153900 0.153900 0.187900 0.224100 0.185700 0.191300 0.119100 0.196300 0.215900 0.196300 0.225600 0.366800 0.117100 0.124700 0.153900 0.119700 0.185700 0.000000 0.191800 0.329100 0.187900 0.230400 0.266100 0.224100 0.087100 0.184900 0.153900 0.299200 0.190300 0.199100 0.191000 0.158500
KirksDik 0.031100 0.657000 0.100100 0.321900 0.154600 0.031100 0.205000 0.130200 0.067600 0.097600 0.062500 0.128800 0.128500 0.139800 0.098200 0.141100 0.093800 0.065400 0.159300 0.067600 0.031100 0.031100 0.129100 0.097600 0.062500 0.064600 0.128500 0.067600 0.092100 0.067600 0.097600 0.270800 0.194300 0.134500 0.167400 0.061800 0.062500 0.191800 0.000000 0.318700 0.129100 0.032600 0.135400 0.097600 0.092700 0.061800 0.031100 0.098200 0.000100 0.067900 0.133600 0.100500
RoeDeer 0.353100 1.069300 0.322600 0.444700 0.324700 0.353100 0.478500 0.305600 0.383600 0.223200 0.393900 0.345700 0.302500 0.437000 0.361100 0.384400 0.341900 0.317400 0.338700 0.383600 0.265400 0.353100 0.257700 0.183900 0.393900 0.316900 0.302500 0.383600 0.336900 0.383600 0.223200 0.447100 0.332400 0.342900 0.267700 0.300400 0.393900 0.329100 0.318700 0.000000 0.257700 0.374400 0.272300 0.183900 0.252500 0.388700 0.353100 0.463400 0.318000 0.383400 0.363800 0.323900
WhiteLippe 0.092800 0.660700 0.166800 0.307200 0.151100 0.092800 0.322400 0.125800 0.207700 0.030500 0.124100 0.124900 0.123900 0.207200 0.234300 0.292900 0.155400 0.129300 0.154400 0.207700 0.092800 0.092400 0.000000 0.093500 0.124100 0.128100 0.123900 0.207700 0.153900 0.207700 0.030500 0.345900 0.121800 0.095300 0.233500 0.059900 0.124100 0.187900 0.129100 0.257700 0.000000 0.166000 0.063000 0.093500 0.090200 0.123400 0.092800 0.234200 0.128100 0.210600 0.200300 0.166600
ThomsonGaz 0.064100 0.742300 0.138100 0.372400 0.190900 0.064100 0.256600 0.168000 0.104600 0.134000 0.096700 0.166000 0.165800 0.180200 0.135200 0.183100 0.128800 0.101900 0.197100 0.104800 0.064200 0.064100 0.166000 0.133700 0.096700 0.031700 0.165800 0.104600 0.126300 0.104600 0.134000 0.319800 0.233700 0.174500 0.207500 0.095400 0.097700 0.230400 0.032600 0.374400 0.166000 0.000000 0.174600 0.134300 0.127100 0.095400 0.064100 0.135100 0.032400 0.105600 0.172000 0.138000
MuntiacusC 0.166200 0.580400 0.174800 0.321000 0.224200 0.166200 0.250800 0.202700 0.218900 0.031700 0.200100 0.200700 0.199800 0.301000 0.245600 0.309200 0.161500 0.135800 0.231100 0.218900 0.096800 0.166200 0.063000 0.097900 0.200100 0.133900 0.199800 0.218900 0.159100 0.218900 0.031300 0.464600 0.194600 0.171100 0.244200 0.128100 0.200100 0.266100 0.135400 0.272300 0.063000 0.174600 0.000000 0.097900 0.160100 0.197900 0.166200 0.245900 0.134400 0.221400 0.209100 0.174500
WhiteTaile 0.127900 0.698400 0.133900 0.275500 0.185600 0.127900 0.341800 0.162600 0.174400 0.062800 0.160800 0.160900 0.160400 0.251900 0.202500 0.257000 0.124500 0.098000 0.191100 0.174400 0.062200 0.127900 0.093500 0.000000 0.160800 0.096700 0.160400 0.174400 0.122700 0.174400 0.062200 0.401000 0.156100 0.168900 0.200900 0.092500 0.160800 0.224100 0.097600 0.183900 0.093500 0.134300 0.097900 0.000000 0.123400 0.158900 0.127900 0.202600 0.096900 0.176000 0.166800 0.133700
Cattle 0.059100 0.791500 0.127200 0.263500 0.056600 0.059300 0.312400 0.090600 0.164500 0.124000 0.089500 0.090000 0.089400 0.164300 0.124000 0.242600 0.185100 0.160200 0.119000 0.164500 0.059400 0.059200 0.090200 0.123400 0.089500 0.092200 0.089400 0.164500 0.118600 0.164500 0.124000 0.290100 0.151600 0.093600 0.123200 0.028900 0.089100 0.087100 0.092700 0.252500 0.090200 0.127100 0.160100 0.123400 0.000000 0.089000 0.058800 0.192000 0.092000 0.166700 0.159300 0.127100
RoyalAntel 0.029700 0.736400 0.163900 0.388600 0.149100 0.029700 0.275300 0.124200 0.131700 0.159400 0.059600 0.123200 0.122400 0.131600 0.160100 0.207500 0.153700 0.128200 0.152500 0.131700 0.091600 0.029700 0.123400 0.158900 0.059600 0.126500 0.122400 0.131700 0.151700 0.131700 0.159400 0.253700 0.186400 0.128500 0.229600 0.059200 0.059600 0.184900 0.061800 0.388700 0.123400 0.095400 0.197900 0.158900 0.089000 0.000000 0.029700 0.159900 0.061400 0.133300 0.196600 0.163700
Steenbok 0.000000 0.693800 0.131800 0.354400 0.119200 0.000000 0.240100 0.093500 0.099500 0.128100 0.029900 0.092600 0.092200 0.099500 0.128800 0.174000 0.123400 0.096800 0.122300 0.099500 0.061400 0.000000 0.092800 0.127900 0.029700 0.095400 0.092200 0.099500 0.121500 0.099500 0.128100 0.219300 0.155300 0.096800 0.197800 0.029700 0.029700 0.153900 0.031100 0.353100 0.092800 0.064100 0.166200 0.127900 0.058800 0.029700 0.000000 0.128700 0.030900 0.100700 0.164400 0.131700
Impala 0.128700 0.876900 0.209000 0.455800 0.256700 0.128700 0.248000 0.236600 0.175400 0.202300 0.161900 0.234000 0.233500 0.175100 0.203700 0.258900 0.194400 0.170400 0.264600 0.175800 0.128800 0.128700 0.234200 0.202600 0.161900 0.167400 0.233500 0.175400 0.190600 0.175400 0.202300 0.311300 0.303600 0.245900 0.279000 0.159900 0.161900 0.299200 0.098200 0.463400 0.234200 0.135100 0.245900 0.202600 0.192000 0.159900 0.128700 0.000000 0.097400 0.177100 0.243100 0.208600
Klipspring 0.030900 0.654200 0.099700 0.320900 0.153400 0.030900 0.204300 0.129200 0.067100 0.096900 0.062100 0.127900 0.127600 0.138600 0.097400 0.140500 0.093100 0.065300 0.158100 0.067100 0.030900 0.030700 0.128100 0.096900 0.062100 0.064200 0.127600 0.067100 0.091500 0.067100 0.096900 0.268000 0.192800 0.134200 0.166100 0.061400 0.062100 0.190300 0.000100 0.318000 0.128100 0.032400 0.134400 0.096900 0.092000 0.061400 0.030900 0.097400 0.000000 0.067800 0.132400 0.099600
ForestMusk 0.100700 0.621700 0.104500 0.425600 0.233000 0.100700 0.316100 0.211200 0.070700 0.176900 0.134500 0.133800 0.207900 0.228300 0.176800 0.147500 0.168800 0.141000 0.240500 0.070700 0.100700 0.100700 0.210600 0.176000 0.134500 0.139400 0.207900 0.070700 0.165600 0.070700 0.176900 0.330200 0.201600 0.218900 0.254800 0.133300 0.134500 0.199100 0.067900 0.383400 0.210600 0.105600 0.221400 0.176000 0.166700 0.133300 0.100700 0.177100 0.067800 0.000000 0.139500 0.104900
Bushbuck 0.164400 0.890700 0.031400 0.410300 0.224000 0.164400 0.395600 0.200900 0.065200 0.167700 0.198200 0.127500 0.198000 0.296900 0.242800 0.217700 0.160500 0.208600 0.229800 0.065200 0.096400 0.164400 0.200300 0.166800 0.198200 0.132300 0.198000 0.065400 0.158300 0.065200 0.167700 0.402200 0.124300 0.209000 0.241800 0.127000 0.198200 0.191000 0.133600 0.363800 0.200300 0.172000 0.209100 0.166800 0.159300 0.196600 0.164400 0.243100 0.132400 0.139500 0.000000 0.031400
GreaterKud 0.131700 0.828400 0.000100 0.370700 0.191000 0.131700 0.354800 0.167300 0.032700 0.134100 0.165300 0.095200 0.165000 0.260600 0.208200 0.181600 0.199200 0.174300 0.196600 0.032700 0.063900 0.131700 0.166600 0.133100 0.165300 0.099300 0.165000 0.032700 0.126300 0.032700 0.134100 0.362600 0.160300 0.174100 0.207000 0.095200 0.165300 0.158500 0.100500 0.323900 0.166600 0.138000 0.174500 0.133700 0.127100 0.163700 0.131700 0.208600 0.099600 0.104900 0.031400 0.000000
