CODONML (in paml version 4.10.7, June 2023)  /home/rachel/ruminants_paml/6406-phy-tree/ENSBTAT00000029129.fasta.phy
Model: free dN/dS Ratios for branches,  kappa = 2.000 fixed

Codon frequency model: F3x4
ns =  54  ls =  49

Codon usage in sequences
--------------------------------------------------------------------------------------------------------------------------------------
Phe TTT   2   3   2   2   4   3 | Ser TCT   2   2   2   2   2   1 | Tyr TAT   2   2   2   2   1   2 | Cys TGT   0   0   0   0   0   0
    TTC   2   1   2   2   0   1 |     TCC   1   2   1   2   1   1 |     TAC   1   1   1   1   2   1 |     TGC   0   0   0   0   0   0
Leu TTA   1   1   1   1   1   1 |     TCA   3   2   3   2   2   3 | *** TAA   0   0   0   0   0   0 | *** TGA   0   0   0   0   0   0
    TTG   0   0   0   0   0   0 |     TCG   0   0   0   0   0   0 |     TAG   0   0   0   0   0   0 | Trp TGG   1   1   1   1   1   1
--------------------------------------------------------------------------------------------------------------------------------------
Leu CTT   1   1   1   1   2   2 | Pro CCT   1   1   1   1   1   1 | His CAT   2   2   2   2   2   2 | Arg CGT   0   0   0   0   0   0
    CTC   1   1   1   1   0   0 |     CCC   0   0   0   0   0   0 |     CAC   0   0   0   0   0   0 |     CGC   0   0   0   0   0   0
    CTA   0   0   0   0   0   0 |     CCA   0   0   0   0   0   0 | Gln CAA   2   2   2   2   1   1 |     CGA   0   0   0   0   0   0
    CTG   0   0   0   0   0   0 |     CCG   0   0   0   0   0   0 |     CAG   0   0   0   0   1   1 |     CGG   0   0   0   0   0   0
--------------------------------------------------------------------------------------------------------------------------------------
Ile ATT   2   2   2   2   2   2 | Thr ACT   2   2   2   2   1   2 | Asn AAT   1   1   1   1   1   1 | Ser AGT   0   1   0   1   0   0
    ATC   0   0   0   0   0   0 |     ACC   0   0   0   0   0   0 |     AAC   0   0   0   0   1   0 |     AGC   2   2   2   1   0   3
    ATA   0   0   0   0   0   0 |     ACA   1   1   1   1   2   1 | Lys AAA   2   2   2   2   2   2 | Arg AGA   4   4   4   4   4   4
Met ATG   1   1   1   1   1   1 |     ACG   0   0   0   0   0   0 |     AAG   1   0   1   1   1   0 |     AGG   1   2   1   1   1   1
--------------------------------------------------------------------------------------------------------------------------------------
Val GTT   0   0   0   0   0   0 | Ala GCT   2   1   3   2   3   2 | Asp GAT   0   0   0   0   0   0 | Gly GGT   0   0   0   0   0   0
    GTC   0   0   0   0   0   0 |     GCC   2   2   1   2   2   3 |     GAC   0   0   0   0   0   0 |     GGC   0   0   0   0   1   0
    GTA   1   1   1   1   2   1 |     GCA   0   0   0   0   0   0 | Glu GAA   2   3   3   3   3   3 |     GGA   1   1   1   1   1   1
    GTG   1   1   1   1   0   1 |     GCG   0   0   0   0   0   0 |     GAG   1   0   0   0   0   0 |     GGG   0   0   0   0   0   0
--------------------------------------------------------------------------------------------------------------------------------------

--------------------------------------------------------------------------------------------------------------------------------------
Phe TTT   2   2   2   2   2   2 | Ser TCT   2   2   2   2   2   2 | Tyr TAT   2   2   2   2   1   2 | Cys TGT   0   0   0   0   0   0
    TTC   2   2   2   2   2   2 |     TCC   1   1   1   1   1   1 |     TAC   1   1   1   1   2   1 |     TGC   0   0   0   0   0   0
Leu TTA   1   1   1   1   1   1 |     TCA   3   3   3   3   3   3 | *** TAA   0   0   0   0   0   0 | *** TGA   0   0   0   0   0   0
    TTG   0   0   0   0   0   0 |     TCG   0   0   0   0   0   0 |     TAG   0   0   0   0   0   0 | Trp TGG   1   1   1   1   1   1
--------------------------------------------------------------------------------------------------------------------------------------
Leu CTT   1   1   1   1   1   1 | Pro CCT   1   1   1   1   1   1 | His CAT   2   2   2   2   2   2 | Arg CGT   0   0   0   0   0   0
    CTC   1   1   1   1   1   1 |     CCC   0   0   0   0   0   0 |     CAC   0   0   0   0   0   0 |     CGC   0   0   0   0   0   0
    CTA   0   0   0   0   0   0 |     CCA   0   0   0   0   0   0 | Gln CAA   2   2   2   2   2   2 |     CGA   0   0   0   0   0   0
    CTG   0   0   0   0   0   0 |     CCG   0   0   0   0   0   0 |     CAG   0   0   0   0   0   0 |     CGG   0   0   0   0   0   0
--------------------------------------------------------------------------------------------------------------------------------------
Ile ATT   2   2   1   2   2   2 | Thr ACT   2   2   2   2   2   2 | Asn AAT   1   1   1   1   1   1 | Ser AGT   1   0   0   0   0   0
    ATC   0   0   0   0   0   0 |     ACC   0   0   0   0   0   0 |     AAC   0   0   0   0   0   1 |     AGC   1   2   2   2   2   1
    ATA   0   0   0   0   0   0 |     ACA   1   1   1   1   1   1 | Lys AAA   2   2   2   3   2   3 | Arg AGA   4   4   4   3   4   3
Met ATG   1   1   1   1   1   1 |     ACG   0   0   0   0   0   0 |     AAG   1   1   1   1   1   1 |     AGG   1   1   1   1   1   1
--------------------------------------------------------------------------------------------------------------------------------------
Val GTT   0   0   1   0   0   0 | Ala GCT   3   2   2   2   2   2 | Asp GAT   0   0   0   0   0   0 | Gly GGT   0   0   0   0   0   0
    GTC   0   0   0   0   0   0 |     GCC   1   2   2   2   2   2 |     GAC   0   0   0   0   0   0 |     GGC   0   0   0   0   0   0
    GTA   1   1   1   1   1   1 |     GCA   0   0   0   0   0   0 | Glu GAA   3   2   3   3   3   3 |     GGA   1   1   1   1   1   1
    GTG   1   1   1   1   1   1 |     GCG   0   0   0   0   0   0 |     GAG   0   1   0   0   0   0 |     GGG   0   0   0   0   0   0
--------------------------------------------------------------------------------------------------------------------------------------

--------------------------------------------------------------------------------------------------------------------------------------
Phe TTT   2   2   2   2   2   2 | Ser TCT   2   2   2   2   2   2 | Tyr TAT   2   2   2   2   2   2 | Cys TGT   0   0   0   0   0   0
    TTC   2   2   2   2   2   2 |     TCC   1   1   1   1   1   1 |     TAC   1   1   1   1   1   1 |     TGC   0   0   0   0   0   0
Leu TTA   1   1   1   1   1   1 |     TCA   3   3   3   3   3   3 | *** TAA   0   0   0   0   0   0 | *** TGA   0   0   0   0   0   0
    TTG   0   0   0   0   0   0 |     TCG   0   0   0   0   0   0 |     TAG   0   0   0   0   0   0 | Trp TGG   1   1   1   1   1   1
--------------------------------------------------------------------------------------------------------------------------------------
Leu CTT   1   1   1   1   1   1 | Pro CCT   1   1   1   1   1   0 | His CAT   2   2   2   2   2   2 | Arg CGT   0   0   0   0   0   0
    CTC   1   1   1   1   1   1 |     CCC   0   0   0   0   0   1 |     CAC   0   0   0   0   0   0 |     CGC   0   0   0   0   0   0
    CTA   0   0   0   0   0   0 |     CCA   0   0   0   0   0   0 | Gln CAA   2   2   2   2   2   2 |     CGA   0   0   0   0   0   0
    CTG   0   0   0   0   0   0 |     CCG   0   0   0   0   0   0 |     CAG   0   0   0   0   0   0 |     CGG   0   0   0   0   0   0
--------------------------------------------------------------------------------------------------------------------------------------
Ile ATT   2   2   2   2   2   2 | Thr ACT   2   2   2   2   2   2 | Asn AAT   1   1   1   1   1   1 | Ser AGT   0   0   0   0   0   0
    ATC   0   0   0   0   0   0 |     ACC   0   0   0   0   0   0 |     AAC   0   0   0   0   0   0 |     AGC   2   2   2   2   2   2
    ATA   0   0   0   0   0   0 |     ACA   1   1   1   1   1   1 | Lys AAA   2   2   2   2   2   2 | Arg AGA   4   4   4   4   4   5
Met ATG   1   1   1   1   1   1 |     ACG   0   0   0   0   0   0 |     AAG   1   1   1   1   1   1 |     AGG   1   1   1   1   1   0
--------------------------------------------------------------------------------------------------------------------------------------
Val GTT   0   0   0   0   0   0 | Ala GCT   2   2   2   2   2   2 | Asp GAT   0   0   0   0   0   0 | Gly GGT   0   0   0   0   0   0
    GTC   0   0   0   0   0   0 |     GCC   2   2   2   2   2   2 |     GAC   0   0   0   0   0   0 |     GGC   0   0   0   0   0   0
    GTA   1   1   1   1   1   1 |     GCA   0   0   0   0   0   0 | Glu GAA   2   3   3   3   3   3 |     GGA   1   1   1   1   1   1
    GTG   1   1   1   1   1   1 |     GCG   0   0   0   0   0   0 |     GAG   1   0   0   0   0   0 |     GGG   0   0   0   0   0   0
--------------------------------------------------------------------------------------------------------------------------------------

--------------------------------------------------------------------------------------------------------------------------------------
Phe TTT   3   3   3   2   2   2 | Ser TCT   3   2   2   2   2   2 | Tyr TAT   2   2   2   2   2   2 | Cys TGT   0   0   0   0   0   0
    TTC   1   1   1   2   2   2 |     TCC   0   1   1   1   1   1 |     TAC   1   1   1   1   1   1 |     TGC   0   0   0   0   0   0
Leu TTA   1   1   1   1   1   1 |     TCA   3   3   3   3   3   3 | *** TAA   0   0   0   0   0   0 | *** TGA   0   0   0   0   0   0
    TTG   0   0   0   0   0   0 |     TCG   0   0   0   0   0   0 |     TAG   0   0   0   0   0   0 | Trp TGG   1   1   1   1   1   1
--------------------------------------------------------------------------------------------------------------------------------------
Leu CTT   1   1   1   1   1   1 | Pro CCT   1   1   1   1   1   1 | His CAT   2   2   2   2   2   2 | Arg CGT   0   0   0   0   0   0
    CTC   1   1   1   1   1   1 |     CCC   0   0   0   0   0   0 |     CAC   0   0   0   0   0   0 |     CGC   0   0   0   0   0   0
    CTA   0   0   0   0   0   0 |     CCA   0   0   0   0   0   0 | Gln CAA   2   2   2   2   2   2 |     CGA   0   0   0   0   0   0
    CTG   0   0   0   0   0   0 |     CCG   0   0   0   0   0   0 |     CAG   0   0   0   0   0   0 |     CGG   0   0   0   0   0   0
--------------------------------------------------------------------------------------------------------------------------------------
Ile ATT   2   2   2   2   2   2 | Thr ACT   2   2   2   2   2   2 | Asn AAT   1   1   1   1   1   1 | Ser AGT   0   0   0   0   0   1
    ATC   0   0   0   0   0   0 |     ACC   0   0   0   0   0   0 |     AAC   0   0   0   0   0   0 |     AGC   2   2   2   2   2   1
    ATA   0   0   0   0   0   0 |     ACA   1   1   1   1   1   1 | Lys AAA   2   2   2   2   3   2 | Arg AGA   5   4   4   4   3   4
Met ATG   1   1   1   1   1   1 |     ACG   0   0   0   0   0   0 |     AAG   1   1   1   1   1   1 |     AGG   0   1   1   1   1   1
--------------------------------------------------------------------------------------------------------------------------------------
Val GTT   0   0   0   0   0   0 | Ala GCT   2   2   2   2   2   2 | Asp GAT   0   0   0   0   0   0 | Gly GGT   0   0   0   0   0   0
    GTC   0   0   0   0   0   0 |     GCC   2   2   2   2   2   2 |     GAC   0   0   0   0   0   0 |     GGC   0   0   0   0   0   0
    GTA   1   1   1   1   1   1 |     GCA   0   0   0   0   0   0 | Glu GAA   3   3   3   3   3   3 |     GGA   1   1   1   1   1   1
    GTG   1   1   1   1   1   1 |     GCG   0   0   0   0   0   0 |     GAG   0   0   0   0   0   0 |     GGG   0   0   0   0   0   0
--------------------------------------------------------------------------------------------------------------------------------------

--------------------------------------------------------------------------------------------------------------------------------------
Phe TTT   2   2   2   2   2   2 | Ser TCT   2   2   2   2   2   2 | Tyr TAT   2   2   2   2   2   2 | Cys TGT   0   0   0   0   0   0
    TTC   2   2   2   2   2   2 |     TCC   1   1   1   1   1   1 |     TAC   1   1   1   1   1   1 |     TGC   0   0   0   0   0   0
Leu TTA   1   1   1   1   1   1 |     TCA   2   2   3   3   3   3 | *** TAA   0   0   0   0   0   0 | *** TGA   0   0   0   0   0   0
    TTG   0   0   0   0   0   0 |     TCG   1   1   0   0   0   0 |     TAG   0   0   0   0   0   0 | Trp TGG   1   1   1   1   1   1
--------------------------------------------------------------------------------------------------------------------------------------
Leu CTT   1   1   1   1   1   1 | Pro CCT   1   1   1   1   1   1 | His CAT   2   2   2   2   2   2 | Arg CGT   0   0   0   0   0   0
    CTC   1   1   1   1   1   1 |     CCC   0   0   0   0   0   0 |     CAC   0   0   0   0   0   0 |     CGC   0   0   0   0   0   0
    CTA   0   0   0   0   0   0 |     CCA   0   0   0   0   0   0 | Gln CAA   2   2   2   2   2   2 |     CGA   0   0   0   0   0   0
    CTG   0   0   0   0   0   0 |     CCG   0   0   0   0   0   0 |     CAG   0   0   0   0   0   0 |     CGG   0   0   0   0   0   0
--------------------------------------------------------------------------------------------------------------------------------------
Ile ATT   2   2   2   2   2   2 | Thr ACT   2   2   2   2   2   2 | Asn AAT   1   1   1   1   1   1 | Ser AGT   0   0   0   0   0   0
    ATC   0   0   0   0   0   0 |     ACC   0   0   0   0   0   0 |     AAC   0   1   0   0   0   0 |     AGC   2   1   2   2   2   2
    ATA   0   0   0   0   0   0 |     ACA   1   1   1   1   1   1 | Lys AAA   2   2   2   2   2   2 | Arg AGA   4   4   4   4   4   4
Met ATG   1   1   1   1   1   1 |     ACG   0   0   0   0   0   0 |     AAG   1   1   1   1   1   1 |     AGG   1   1   1   1   1   1
--------------------------------------------------------------------------------------------------------------------------------------
Val GTT   0   0   0   0   0   0 | Ala GCT   2   2   2   2   2   2 | Asp GAT   1   0   0   0   0   0 | Gly GGT   0   0   0   0   0   0
    GTC   0   0   0   0   0   0 |     GCC   2   2   2   2   2   2 |     GAC   0   0   0   0   0   0 |     GGC   0   0   0   0   0   0
    GTA   1   1   1   1   1   1 |     GCA   0   0   0   0   0   0 | Glu GAA   2   3   2   3   3   3 |     GGA   1   1   1   1   1   1
    GTG   1   1   1   1   1   1 |     GCG   0   0   0   0   0   0 |     GAG   0   0   1   0   0   0 |     GGG   0   0   0   0   0   0
--------------------------------------------------------------------------------------------------------------------------------------

--------------------------------------------------------------------------------------------------------------------------------------
Phe TTT   2   2   2   2   3   2 | Ser TCT   2   2   2   2   2   3 | Tyr TAT   2   2   2   1   2   2 | Cys TGT   0   0   0   0   0   0
    TTC   2   2   2   2   1   2 |     TCC   1   1   1   1   1   1 |     TAC   1   1   1   2   1   1 |     TGC   0   0   0   0   0   0
Leu TTA   1   1   1   1   1   1 |     TCA   3   3   3   3   2   2 | *** TAA   0   0   0   0   0   0 | *** TGA   0   0   0   0   0   0
    TTG   0   0   0   0   0   0 |     TCG   0   0   0   0   0   0 |     TAG   0   0   0   0   0   0 | Trp TGG   1   1   1   1   1   1
--------------------------------------------------------------------------------------------------------------------------------------
Leu CTT   1   1   1   1   1   1 | Pro CCT   0   1   1   1   1   1 | His CAT   2   2   2   2   2   2 | Arg CGT   0   0   0   0   0   0
    CTC   1   1   1   1   1   1 |     CCC   1   0   0   0   0   0 |     CAC   0   0   0   0   0   0 |     CGC   0   0   0   0   0   0
    CTA   0   0   0   0   0   0 |     CCA   0   0   0   0   0   0 | Gln CAA   2   2   2   2   2   2 |     CGA   0   0   0   0   0   0
    CTG   0   0   0   0   0   0 |     CCG   0   0   0   0   0   0 |     CAG   0   0   0   0   0   0 |     CGG   0   0   0   0   0   0
--------------------------------------------------------------------------------------------------------------------------------------
Ile ATT   1   2   2   2   2   2 | Thr ACT   2   2   2   2   2   2 | Asn AAT   1   1   1   1   1   1 | Ser AGT   0   0   0   0   0   0
    ATC   0   0   0   0   0   0 |     ACC   0   0   0   0   0   0 |     AAC   0   0   1   0   0   0 |     AGC   2   2   1   2   2   2
    ATA   0   0   0   0   0   0 |     ACA   1   1   1   1   2   1 | Lys AAA   2   2   2   2   2   2 | Arg AGA   4   4   4   4   4   4
Met ATG   1   1   1   1   1   1 |     ACG   0   0   0   0   0   0 |     AAG   1   1   1   1   1   1 |     AGG   1   1   1   1   1   1
--------------------------------------------------------------------------------------------------------------------------------------
Val GTT   1   0   0   0   0   0 | Ala GCT   2   1   2   2   2   2 | Asp GAT   0   0   0   0   0   0 | Gly GGT   0   0   0   0   0   0
    GTC   0   0   0   0   0   0 |     GCC   2   3   2   2   2   2 |     GAC   0   0   0   0   0   0 |     GGC   0   0   0   0   0   0
    GTA   1   1   1   1   1   1 |     GCA   0   0   0   0   0   0 | Glu GAA   3   3   3   3   3   3 |     GGA   1   1   1   1   1   1
    GTG   1   1   1   1   1   1 |     GCG   0   0   0   0   0   0 |     GAG   0   0   0   0   0   0 |     GGG   0   0   0   0   0   0
--------------------------------------------------------------------------------------------------------------------------------------

--------------------------------------------------------------------------------------------------------------------------------------
Phe TTT   2   2   2   2   2   2 | Ser TCT   2   2   2   2   2   2 | Tyr TAT   2   2   2   2   1   2 | Cys TGT   0   0   0   0   0   0
    TTC   2   2   2   2   2   2 |     TCC   1   1   1   1   1   1 |     TAC   1   1   1   1   2   1 |     TGC   0   0   0   0   0   0
Leu TTA   1   1   1   1   1   1 |     TCA   3   3   3   3   3   2 | *** TAA   0   0   0   0   0   0 | *** TGA   0   0   0   0   0   0
    TTG   0   0   0   0   0   0 |     TCG   0   0   0   0   0   1 |     TAG   0   0   0   0   0   0 | Trp TGG   1   1   1   1   1   1
--------------------------------------------------------------------------------------------------------------------------------------
Leu CTT   1   1   1   1   1   1 | Pro CCT   1   1   1   1   1   1 | His CAT   2   2   2   2   2   2 | Arg CGT   0   0   0   0   0   0
    CTC   1   1   1   1   1   1 |     CCC   0   0   0   0   0   0 |     CAC   0   0   0   0   0   0 |     CGC   0   0   0   0   0   0
    CTA   0   0   0   0   0   0 |     CCA   0   0   0   0   0   0 | Gln CAA   2   2   2   2   2   2 |     CGA   0   0   0   0   0   0
    CTG   0   0   0   0   0   0 |     CCG   0   0   0   0   0   0 |     CAG   0   0   0   0   0   0 |     CGG   0   0   0   0   0   0
--------------------------------------------------------------------------------------------------------------------------------------
Ile ATT   2   2   2   2   2   2 | Thr ACT   1   2   2   2   1   2 | Asn AAT   2   1   1   1   1   1 | Ser AGT   0   0   0   1   0   0
    ATC   0   0   0   0   0   0 |     ACC   0   0   0   0   0   0 |     AAC   0   0   0   0   0   1 |     AGC   2   2   2   1   2   1
    ATA   0   0   0   0   0   0 |     ACA   1   1   1   1   1   1 | Lys AAA   2   2   2   2   2   2 | Arg AGA   4   4   4   4   4   4
Met ATG   1   1   1   1   1   1 |     ACG   0   0   0   0   0   0 |     AAG   1   1   1   1   1   1 |     AGG   1   1   1   1   1   1
--------------------------------------------------------------------------------------------------------------------------------------
Val GTT   0   0   0   0   0   0 | Ala GCT   2   2   2   2   3   2 | Asp GAT   0   0   0   0   0   0 | Gly GGT   0   0   0   0   0   0
    GTC   0   0   0   0   0   0 |     GCC   2   2   2   2   2   2 |     GAC   0   0   0   0   0   0 |     GGC   0   0   0   0   0   0
    GTA   1   1   1   1   1   1 |     GCA   0   0   0   0   0   0 | Glu GAA   3   3   2   3   3   3 |     GGA   1   1   1   1   1   1
    GTG   1   1   1   1   1   1 |     GCG   0   0   0   0   0   0 |     GAG   0   0   1   0   0   0 |     GGG   0   0   0   0   0   0
--------------------------------------------------------------------------------------------------------------------------------------

--------------------------------------------------------------------------------------------------------------------------------------
Phe TTT   2   2   2   2   2   2 | Ser TCT   2   2   2   2   2   2 | Tyr TAT   2   2   2   2   2   2 | Cys TGT   0   0   0   0   0   0
    TTC   2   2   2   2   2   2 |     TCC   1   1   1   1   1   1 |     TAC   1   1   1   1   1   1 |     TGC   0   0   0   0   0   0
Leu TTA   1   1   1   1   1   1 |     TCA   2   3   3   2   3   3 | *** TAA   0   0   0   0   0   0 | *** TGA   0   0   0   0   0   0
    TTG   0   0   0   0   0   0 |     TCG   1   0   0   1   0   0 |     TAG   0   0   0   0   0   0 | Trp TGG   1   1   1   1   1   1
--------------------------------------------------------------------------------------------------------------------------------------
Leu CTT   1   1   1   1   1   1 | Pro CCT   1   0   1   1   1   1 | His CAT   2   2   2   2   2   2 | Arg CGT   0   0   0   0   0   0
    CTC   1   1   1   1   1   1 |     CCC   0   1   0   0   0   0 |     CAC   0   0   0   0   0   0 |     CGC   0   0   0   0   0   0
    CTA   0   0   0   0   0   0 |     CCA   0   0   0   0   0   0 | Gln CAA   2   2   2   2   2   2 |     CGA   0   0   0   0   0   0
    CTG   0   0   0   0   0   0 |     CCG   0   0   0   0   0   0 |     CAG   0   0   0   0   0   0 |     CGG   0   0   0   0   0   0
--------------------------------------------------------------------------------------------------------------------------------------
Ile ATT   2   1   2   2   2   2 | Thr ACT   2   2   2   2   2   2 | Asn AAT   1   1   1   1   1   1 | Ser AGT   0   0   0   0   0   0
    ATC   0   0   0   0   0   0 |     ACC   0   0   0   0   0   0 |     AAC   1   0   1   1   0   0 |     AGC   1   2   1   1   2   1
    ATA   0   0   0   0   0   0 |     ACA   1   1   1   1   1   1 | Lys AAA   2   2   2   2   2   2 | Arg AGA   4   4   4   4   4   4
Met ATG   1   1   1   1   1   1 |     ACG   0   0   0   0   0   0 |     AAG   1   1   1   1   1   1 |     AGG   1   1   1   1   1   1
--------------------------------------------------------------------------------------------------------------------------------------
Val GTT   0   1   0   0   0   0 | Ala GCT   2   2   2   2   2   2 | Asp GAT   0   0   0   0   0   0 | Gly GGT   0   0   0   0   0   0
    GTC   0   0   0   0   0   1 |     GCC   2   2   2   2   2   2 |     GAC   0   0   0   0   0   0 |     GGC   0   0   0   0   0   0
    GTA   1   1   1   1   1   1 |     GCA   0   0   0   0   0   0 | Glu GAA   3   3   3   3   3   3 |     GGA   1   1   1   1   1   1
    GTG   1   1   1   1   1   1 |     GCG   0   0   0   0   0   0 |     GAG   0   0   0   0   0   0 |     GGG   0   0   0   0   0   0
--------------------------------------------------------------------------------------------------------------------------------------

--------------------------------------------------------------------------------------------------------------------------------------
Phe TTT   2   2   2   2   2   2 | Ser TCT   2   2   2   2   2   2 | Tyr TAT   2   2   2   2   2   2 | Cys TGT   0   0   0   0   0   0
    TTC   2   2   2   2   2   2 |     TCC   1   1   1   2   1   1 |     TAC   1   1   1   1   1   1 |     TGC   0   0   0   0   0   0
Leu TTA   1   1   1   1   1   1 |     TCA   3   3   3   2   3   3 | *** TAA   0   0   0   0   0   0 | *** TGA   0   0   0   0   0   0
    TTG   0   0   0   0   0   0 |     TCG   0   0   0   0   0   0 |     TAG   0   0   0   0   0   0 | Trp TGG   1   1   1   1   1   1
--------------------------------------------------------------------------------------------------------------------------------------
Leu CTT   1   1   1   1   1   1 | Pro CCT   1   1   1   1   1   1 | His CAT   2   2   2   2   2   2 | Arg CGT   0   0   0   0   0   0
    CTC   1   1   1   1   1   1 |     CCC   0   0   0   0   0   0 |     CAC   0   0   0   0   0   0 |     CGC   0   0   0   0   0   0
    CTA   0   0   0   0   0   0 |     CCA   0   0   0   0   0   0 | Gln CAA   2   1   2   2   2   2 |     CGA   0   0   0   0   0   0
    CTG   0   0   0   0   0   0 |     CCG   0   0   0   0   0   0 |     CAG   0   1   0   0   0   0 |     CGG   0   0   0   0   0   0
--------------------------------------------------------------------------------------------------------------------------------------
Ile ATT   2   2   2   2   2   2 | Thr ACT   2   2   2   2   2   2 | Asn AAT   1   1   1   1   1   1 | Ser AGT   0   0   0   1   0   0
    ATC   0   0   0   0   0   0 |     ACC   0   0   0   0   0   0 |     AAC   1   0   0   0   0   0 |     AGC   1   2   2   1   2   2
    ATA   0   0   0   0   0   0 |     ACA   1   1   1   1   1   1 | Lys AAA   2   2   2   2   2   2 | Arg AGA   4   4   4   4   4   4
Met ATG   1   1   1   1   1   1 |     ACG   0   0   0   0   0   0 |     AAG   1   1   1   1   1   1 |     AGG   1   1   1   1   1   1
--------------------------------------------------------------------------------------------------------------------------------------
Val GTT   0   0   0   0   0   0 | Ala GCT   2   2   2   2   2   2 | Asp GAT   0   0   0   0   0   0 | Gly GGT   0   0   0   0   0   0
    GTC   0   0   0   0   0   0 |     GCC   2   2   2   2   2   2 |     GAC   0   0   0   0   0   0 |     GGC   0   0   0   0   0   0
    GTA   1   1   1   1   1   1 |     GCA   0   0   0   0   0   0 | Glu GAA   3   3   3   3   3   3 |     GGA   1   1   1   1   1   1
    GTG   1   1   1   1   1   1 |     GCG   0   0   0   0   0   0 |     GAG   0   0   0   0   0   0 |     GGG   0   0   0   0   0   0
--------------------------------------------------------------------------------------------------------------------------------------

Codon position x base (3x4) table for each sequence.

#1: Argali         
position  1:    T:0.30612    C:0.14286    A:0.34694    G:0.20408
position  2:    T:0.24490    C:0.28571    A:0.28571    G:0.18367
position  3:    T:0.34694    C:0.18367    A:0.34694    G:0.12245
Average         T:0.29932    C:0.20408    A:0.32653    G:0.17007

#2: LesserMouseDeer
position  1:    T:0.30612    C:0.14286    A:0.36735    G:0.18367
position  2:    T:0.24490    C:0.26531    A:0.26531    G:0.22449
position  3:    T:0.36735    C:0.18367    A:0.34694    G:0.10204
Average         T:0.30612    C:0.19728    A:0.32653    G:0.17007

#3: LesserKudu     
position  1:    T:0.30612    C:0.14286    A:0.34694    G:0.20408
position  2:    T:0.24490    C:0.28571    A:0.28571    G:0.18367
position  3:    T:0.36735    C:0.16327    A:0.36735    G:0.10204
Average         T:0.30612    C:0.19728    A:0.33333    G:0.16327

#4: ForestMuskDeer2
position  1:    T:0.30612    C:0.14286    A:0.34694    G:0.20408
position  2:    T:0.24490    C:0.28571    A:0.28571    G:0.18367
position  3:    T:0.36735    C:0.18367    A:0.34694    G:0.10204
Average         T:0.30612    C:0.20408    A:0.32653    G:0.16327

#5: Camel          
position  1:    T:0.28571    C:0.14286    A:0.32653    G:0.24490
position  2:    T:0.24490    C:0.28571    A:0.30612    G:0.16327
position  3:    T:0.38776    C:0.14286    A:0.36735    G:0.10204
Average         T:0.30612    C:0.19048    A:0.33333    G:0.17007

#6: KillerWhale    
position  1:    T:0.28571    C:0.14286    A:0.34694    G:0.22449
position  2:    T:0.24490    C:0.28571    A:0.26531    G:0.20408
position  3:    T:0.36735    C:0.18367    A:0.34694    G:0.10204
Average         T:0.29932    C:0.20408    A:0.31973    G:0.17687

#7: DefassaWaterbuck
position  1:    T:0.30612    C:0.14286    A:0.34694    G:0.20408
position  2:    T:0.24490    C:0.28571    A:0.28571    G:0.18367
position  3:    T:0.38776    C:0.14286    A:0.36735    G:0.10204
Average         T:0.31293    C:0.19048    A:0.33333    G:0.16327

#8: Sheep          
position  1:    T:0.30612    C:0.14286    A:0.34694    G:0.20408
position  2:    T:0.24490    C:0.28571    A:0.28571    G:0.18367
position  3:    T:0.34694    C:0.18367    A:0.34694    G:0.12245
Average         T:0.29932    C:0.20408    A:0.32653    G:0.17007

#9: MaxwellsDuiker 
position  1:    T:0.30612    C:0.14286    A:0.32653    G:0.22449
position  2:    T:0.24490    C:0.28571    A:0.28571    G:0.18367
position  3:    T:0.34694    C:0.18367    A:0.36735    G:0.10204
Average         T:0.29932    C:0.20408    A:0.32653    G:0.17007

#10: GazellaPrzewalskyi
position  1:    T:0.30612    C:0.14286    A:0.34694    G:0.20408
position  2:    T:0.24490    C:0.28571    A:0.30612    G:0.16327
position  3:    T:0.34694    C:0.18367    A:0.36735    G:0.10204
Average         T:0.29932    C:0.20408    A:0.34014    G:0.15646

#11: MountainNyala  
position  1:    T:0.30612    C:0.14286    A:0.34694    G:0.20408
position  2:    T:0.24490    C:0.28571    A:0.28571    G:0.18367
position  3:    T:0.32653    C:0.20408    A:0.36735    G:0.10204
Average         T:0.29252    C:0.21088    A:0.33333    G:0.16327

#12: MuntiacusMuntjak
position  1:    T:0.30612    C:0.14286    A:0.34694    G:0.20408
position  2:    T:0.24490    C:0.28571    A:0.32653    G:0.14286
position  3:    T:0.34694    C:0.18367    A:0.36735    G:0.10204
Average         T:0.29932    C:0.20408    A:0.34694    G:0.14966

#13: goat           
position  1:    T:0.30612    C:0.14286    A:0.34694    G:0.20408
position  2:    T:0.24490    C:0.28571    A:0.28571    G:0.18367
position  3:    T:0.34694    C:0.18367    A:0.34694    G:0.12245
Average         T:0.29932    C:0.20408    A:0.32653    G:0.17007

#14: AfricanBuffalo 
position  1:    T:0.30612    C:0.14286    A:0.34694    G:0.20408
position  2:    T:0.24490    C:0.28571    A:0.28571    G:0.18367
position  3:    T:0.34694    C:0.18367    A:0.36735    G:0.10204
Average         T:0.29932    C:0.20408    A:0.33333    G:0.16327

#15: Topi           
position  1:    T:0.30612    C:0.14286    A:0.34694    G:0.20408
position  2:    T:0.24490    C:0.28571    A:0.28571    G:0.18367
position  3:    T:0.34694    C:0.18367    A:0.36735    G:0.10204
Average         T:0.29932    C:0.20408    A:0.33333    G:0.16327

#16: CommonDuiker   
position  1:    T:0.30612    C:0.14286    A:0.34694    G:0.20408
position  2:    T:0.24490    C:0.28571    A:0.28571    G:0.18367
position  3:    T:0.34694    C:0.18367    A:0.36735    G:0.10204
Average         T:0.29932    C:0.20408    A:0.33333    G:0.16327

#17: Suni           
position  1:    T:0.30612    C:0.14286    A:0.34694    G:0.20408
position  2:    T:0.24490    C:0.28571    A:0.28571    G:0.18367
position  3:    T:0.34694    C:0.18367    A:0.36735    G:0.10204
Average         T:0.29932    C:0.20408    A:0.33333    G:0.16327

#18: Springbuck     
position  1:    T:0.30612    C:0.14286    A:0.34694    G:0.20408
position  2:    T:0.24490    C:0.28571    A:0.28571    G:0.18367
position  3:    T:0.32653    C:0.20408    A:0.38776    G:0.08163
Average         T:0.29252    C:0.21088    A:0.34014    G:0.15646

#19: Okapi          
position  1:    T:0.30612    C:0.14286    A:0.34694    G:0.20408
position  2:    T:0.24490    C:0.28571    A:0.28571    G:0.18367
position  3:    T:0.38776    C:0.14286    A:0.38776    G:0.08163
Average         T:0.31293    C:0.19048    A:0.34014    G:0.15646

#20: Giraffe        
position  1:    T:0.30612    C:0.14286    A:0.34694    G:0.20408
position  2:    T:0.24490    C:0.28571    A:0.28571    G:0.18367
position  3:    T:0.36735    C:0.16327    A:0.36735    G:0.10204
Average         T:0.30612    C:0.19728    A:0.33333    G:0.16327

#21: TibetanAntelope
position  1:    T:0.30612    C:0.14286    A:0.34694    G:0.20408
position  2:    T:0.24490    C:0.28571    A:0.28571    G:0.18367
position  3:    T:0.36735    C:0.16327    A:0.36735    G:0.10204
Average         T:0.30612    C:0.19728    A:0.33333    G:0.16327

#22: Sitatunga      
position  1:    T:0.30612    C:0.14286    A:0.34694    G:0.20408
position  2:    T:0.24490    C:0.28571    A:0.28571    G:0.18367
position  3:    T:0.34694    C:0.18367    A:0.36735    G:0.10204
Average         T:0.29932    C:0.20408    A:0.33333    G:0.16327

#23: Oribi          
position  1:    T:0.30612    C:0.14286    A:0.34694    G:0.20408
position  2:    T:0.24490    C:0.28571    A:0.30612    G:0.16327
position  3:    T:0.34694    C:0.18367    A:0.36735    G:0.10204
Average         T:0.29932    C:0.20408    A:0.34014    G:0.15646

#24: BarbarySheep   
position  1:    T:0.30612    C:0.14286    A:0.34694    G:0.20408
position  2:    T:0.24490    C:0.28571    A:0.28571    G:0.18367
position  3:    T:0.36735    C:0.16327    A:0.36735    G:0.10204
Average         T:0.30612    C:0.19728    A:0.33333    G:0.16327

#25: Daviddeer      
position  1:    T:0.30612    C:0.14286    A:0.34694    G:0.20408
position  2:    T:0.24490    C:0.28571    A:0.28571    G:0.18367
position  3:    T:0.36735    C:0.18367    A:0.32653    G:0.12245
Average         T:0.30612    C:0.20408    A:0.31973    G:0.17007

#26: Reindeer       
position  1:    T:0.30612    C:0.14286    A:0.34694    G:0.20408
position  2:    T:0.24490    C:0.28571    A:0.30612    G:0.16327
position  3:    T:0.34694    C:0.18367    A:0.34694    G:0.12245
Average         T:0.29932    C:0.20408    A:0.33333    G:0.16327

#27: Ibex           
position  1:    T:0.30612    C:0.14286    A:0.34694    G:0.20408
position  2:    T:0.24490    C:0.28571    A:0.28571    G:0.18367
position  3:    T:0.34694    C:0.18367    A:0.34694    G:0.12245
Average         T:0.29932    C:0.20408    A:0.32653    G:0.17007

#28: GyrantGazelle  
position  1:    T:0.30612    C:0.14286    A:0.34694    G:0.20408
position  2:    T:0.24490    C:0.28571    A:0.28571    G:0.18367
position  3:    T:0.34694    C:0.18367    A:0.36735    G:0.10204
Average         T:0.29932    C:0.20408    A:0.33333    G:0.16327

#29: Hartebeest     
position  1:    T:0.30612    C:0.14286    A:0.34694    G:0.20408
position  2:    T:0.24490    C:0.28571    A:0.28571    G:0.18367
position  3:    T:0.34694    C:0.18367    A:0.36735    G:0.10204
Average         T:0.29932    C:0.20408    A:0.33333    G:0.16327

#30: Bongo          
position  1:    T:0.30612    C:0.14286    A:0.34694    G:0.20408
position  2:    T:0.24490    C:0.28571    A:0.28571    G:0.18367
position  3:    T:0.34694    C:0.18367    A:0.36735    G:0.10204
Average         T:0.29932    C:0.20408    A:0.33333    G:0.16327

#31: Gerenuk        
position  1:    T:0.30612    C:0.14286    A:0.32653    G:0.22449
position  2:    T:0.24490    C:0.28571    A:0.28571    G:0.18367
position  3:    T:0.32653    C:0.20408    A:0.36735    G:0.10204
Average         T:0.29252    C:0.21088    A:0.32653    G:0.17007

#32: CommonEland    
position  1:    T:0.30612    C:0.14286    A:0.34694    G:0.20408
position  2:    T:0.24490    C:0.28571    A:0.28571    G:0.18367
position  3:    T:0.32653    C:0.20408    A:0.36735    G:0.10204
Average         T:0.29252    C:0.21088    A:0.33333    G:0.16327

#33: MuntiacusReevesi
position  1:    T:0.30612    C:0.14286    A:0.34694    G:0.20408
position  2:    T:0.24490    C:0.28571    A:0.30612    G:0.16327
position  3:    T:0.34694    C:0.18367    A:0.36735    G:0.10204
Average         T:0.29932    C:0.20408    A:0.34014    G:0.15646

#34: HarveysDuiker  
position  1:    T:0.30612    C:0.14286    A:0.34694    G:0.20408
position  2:    T:0.24490    C:0.28571    A:0.28571    G:0.18367
position  3:    T:0.32653    C:0.20408    A:0.36735    G:0.10204
Average         T:0.29252    C:0.21088    A:0.33333    G:0.16327

#35: Pronghorn      
position  1:    T:0.28571    C:0.14286    A:0.36735    G:0.20408
position  2:    T:0.24490    C:0.28571    A:0.28571    G:0.18367
position  3:    T:0.36735    C:0.16327    A:0.36735    G:0.10204
Average         T:0.29932    C:0.19728    A:0.34014    G:0.16327

#36: BlueWildebeest 
position  1:    T:0.30612    C:0.14286    A:0.34694    G:0.20408
position  2:    T:0.24490    C:0.28571    A:0.28571    G:0.18367
position  3:    T:0.36735    C:0.18367    A:0.34694    G:0.10204
Average         T:0.30612    C:0.20408    A:0.32653    G:0.16327

#37: Gemsbok        
position  1:    T:0.30612    C:0.14286    A:0.34694    G:0.20408
position  2:    T:0.24490    C:0.26531    A:0.30612    G:0.18367
position  3:    T:0.34694    C:0.18367    A:0.36735    G:0.10204
Average         T:0.29932    C:0.19728    A:0.34014    G:0.16327

#38: Yak            
position  1:    T:0.30612    C:0.14286    A:0.34694    G:0.20408
position  2:    T:0.24490    C:0.28571    A:0.28571    G:0.18367
position  3:    T:0.34694    C:0.18367    A:0.36735    G:0.10204
Average         T:0.29932    C:0.20408    A:0.33333    G:0.16327

#39: BlueSheep      
position  1:    T:0.30612    C:0.14286    A:0.34694    G:0.20408
position  2:    T:0.24490    C:0.28571    A:0.28571    G:0.18367
position  3:    T:0.34694    C:0.18367    A:0.34694    G:0.12245
Average         T:0.29932    C:0.20408    A:0.32653    G:0.17007

#40: BohorReedbuck  
position  1:    T:0.30612    C:0.14286    A:0.34694    G:0.20408
position  2:    T:0.24490    C:0.28571    A:0.28571    G:0.18367
position  3:    T:0.36735    C:0.16327    A:0.36735    G:0.10204
Average         T:0.30612    C:0.19728    A:0.33333    G:0.16327

#41: KirksDik       
position  1:    T:0.30612    C:0.14286    A:0.32653    G:0.22449
position  2:    T:0.24490    C:0.28571    A:0.28571    G:0.18367
position  3:    T:0.32653    C:0.20408    A:0.36735    G:0.10204
Average         T:0.29252    C:0.21088    A:0.32653    G:0.17007

#42: RoeDeer        
position  1:    T:0.30612    C:0.14286    A:0.34694    G:0.20408
position  2:    T:0.24490    C:0.28571    A:0.30612    G:0.16327
position  3:    T:0.34694    C:0.18367    A:0.34694    G:0.12245
Average         T:0.29932    C:0.20408    A:0.33333    G:0.16327

#43: WhiteLippedDeer
position  1:    T:0.30612    C:0.14286    A:0.34694    G:0.20408
position  2:    T:0.24490    C:0.28571    A:0.30612    G:0.16327
position  3:    T:0.34694    C:0.18367    A:0.34694    G:0.12245
Average         T:0.29932    C:0.20408    A:0.33333    G:0.16327

#44: ThomsonGazelle 
position  1:    T:0.30612    C:0.14286    A:0.32653    G:0.22449
position  2:    T:0.24490    C:0.28571    A:0.28571    G:0.18367
position  3:    T:0.32653    C:0.20408    A:0.36735    G:0.10204
Average         T:0.29252    C:0.21088    A:0.32653    G:0.17007

#45: MuntiacusCrinifrons
position  1:    T:0.30612    C:0.14286    A:0.34694    G:0.20408
position  2:    T:0.24490    C:0.28571    A:0.30612    G:0.16327
position  3:    T:0.34694    C:0.18367    A:0.36735    G:0.10204
Average         T:0.29932    C:0.20408    A:0.34014    G:0.15646

#46: WhiteTailedDeer
position  1:    T:0.30612    C:0.14286    A:0.34694    G:0.20408
position  2:    T:0.24490    C:0.28571    A:0.30612    G:0.16327
position  3:    T:0.34694    C:0.18367    A:0.34694    G:0.12245
Average         T:0.29932    C:0.20408    A:0.33333    G:0.16327

#47: Cattle         
position  1:    T:0.30612    C:0.14286    A:0.34694    G:0.20408
position  2:    T:0.24490    C:0.28571    A:0.28571    G:0.18367
position  3:    T:0.34694    C:0.18367    A:0.36735    G:0.10204
Average         T:0.29932    C:0.20408    A:0.33333    G:0.16327

#48: RoyalAntelope  
position  1:    T:0.30612    C:0.14286    A:0.32653    G:0.22449
position  2:    T:0.26531    C:0.28571    A:0.28571    G:0.16327
position  3:    T:0.34694    C:0.18367    A:0.36735    G:0.10204
Average         T:0.30612    C:0.20408    A:0.32653    G:0.16327

#49: Steenbok       
position  1:    T:0.30612    C:0.14286    A:0.34694    G:0.20408
position  2:    T:0.24490    C:0.28571    A:0.30612    G:0.16327
position  3:    T:0.34694    C:0.18367    A:0.36735    G:0.10204
Average         T:0.29932    C:0.20408    A:0.34014    G:0.15646

#50: Impala         
position  1:    T:0.30612    C:0.14286    A:0.34694    G:0.20408
position  2:    T:0.24490    C:0.28571    A:0.28571    G:0.18367
position  3:    T:0.34694    C:0.18367    A:0.34694    G:0.12245
Average         T:0.29932    C:0.20408    A:0.32653    G:0.17007

#51: Klipspringer   
position  1:    T:0.30612    C:0.14286    A:0.34694    G:0.20408
position  2:    T:0.24490    C:0.28571    A:0.28571    G:0.18367
