1
52 1
Argali 0.000000 0.237800 0.058400 0.216000 0.048400 0.003100 0.055200 0.058500 0.045000 0.052000 0.015800 0.045300 0.058600 0.065100 0.045300 0.058600 0.058400 0.065900 0.035300 0.041700 0.072600 0.035100 0.075800 0.059000 0.019000 0.086400 0.058500 0.041700 0.072400 0.045000 0.045200 0.068400 0.092700 0.055000 0.035100 0.068400 0.018900 0.048300 0.065000 0.065800 0.052100 0.055300 0.047600 0.055200 0.058400 0.038400 0.048300 0.055200 0.051400 0.042000 0.045000 0.041700
LesserMous 0.237800 0.000000 0.245100 0.288500 0.230900 0.241300 0.223100 0.229300 0.227200 0.208200 0.224600 0.220800 0.238600 0.244200 0.234700 0.232800 0.225600 0.214400 0.242100 0.222800 0.258700 0.250800 0.249800 0.217000 0.228900 0.240900 0.247300 0.222900 0.234300 0.218900 0.215600 0.235500 0.258000 0.241900 0.211400 0.249200 0.228500 0.230300 0.238100 0.222500 0.220900 0.226100 0.219300 0.215200 0.227900 0.234800 0.225000 0.223500 0.233800 0.214600 0.217800 0.218800
LesserKudu 0.058400 0.245100 0.000000 0.236000 0.068800 0.055000 0.058600 0.075700 0.012600 0.053800 0.055000 0.045300 0.071900 0.079000 0.045400 0.079200 0.067300 0.075000 0.068800 0.015800 0.086700 0.068500 0.077800 0.060700 0.058300 0.086600 0.071800 0.015800 0.086500 0.019000 0.046800 0.075400 0.103300 0.068100 0.054900 0.061700 0.051500 0.068600 0.072000 0.064200 0.053600 0.075900 0.049400 0.063600 0.051700 0.058500 0.065200 0.065500 0.071700 0.057300 0.019000 0.022200
KillerWhal 0.216000 0.288500 0.236000 0.000000 0.216200 0.219200 0.219400 0.232500 0.218500 0.211400 0.207200 0.203000 0.241600 0.214700 0.219400 0.231500 0.214300 0.203600 0.234300 0.214000 0.256200 0.232900 0.253900 0.234400 0.211500 0.261700 0.241400 0.214100 0.251400 0.218800 0.218900 0.237700 0.252000 0.231500 0.209300 0.231700 0.211100 0.228300 0.233200 0.221900 0.228400 0.229500 0.222900 0.232200 0.231800 0.224700 0.227800 0.209500 0.240200 0.216700 0.218700 0.214600
DefassaWat 0.048400 0.230900 0.068800 0.216200 0.000000 0.051700 0.058700 0.062100 0.055200 0.055600 0.038500 0.052100 0.069000 0.061900 0.055500 0.069000 0.062000 0.069500 0.058700 0.051800 0.083200 0.058400 0.086500 0.070600 0.041700 0.083300 0.068900 0.051800 0.083100 0.055200 0.055400 0.065200 0.097400 0.065300 0.045000 0.078900 0.041600 0.019000 0.061800 0.073000 0.062400 0.058900 0.058100 0.073500 0.068700 0.041900 0.061900 0.069000 0.054900 0.052200 0.055100 0.051800
Sheep 0.003100 0.241300 0.055000 0.219200 0.051700 0.000000 0.058500 0.061800 0.041700 0.055300 0.018900 0.048500 0.061900 0.068500 0.048600 0.061900 0.061700 0.069200 0.038500 0.044900 0.075900 0.038300 0.079200 0.062400 0.022100 0.089800 0.061900 0.044900 0.075800 0.048300 0.048500 0.071700 0.096200 0.058300 0.038300 0.071800 0.022100 0.051600 0.068300 0.069200 0.055400 0.058600 0.050900 0.058500 0.061700 0.041700 0.051600 0.058500 0.054700 0.045300 0.048300 0.045000
MaxwellsDu 0.055200 0.223100 0.058600 0.219400 0.058700 0.058500 0.000000 0.067500 0.051800 0.055600 0.045100 0.055500 0.072400 0.035200 0.052200 0.069100 0.055300 0.062700 0.058700 0.048400 0.079800 0.065200 0.086600 0.062700 0.048400 0.090300 0.072400 0.048500 0.079600 0.051900 0.055400 0.038400 0.097500 0.068700 0.051700 0.075500 0.048200 0.060800 0.068700 0.073100 0.062500 0.065800 0.058100 0.065600 0.065300 0.041900 0.058600 0.069100 0.055000 0.054400 0.051800 0.048500
GazellaPrz 0.058500 0.229300 0.075700 0.232500 0.062100 0.061800 0.067500 0.000000 0.061900 0.059000 0.048400 0.065700 0.069000 0.074400 0.062400 0.038600 0.072300 0.080100 0.062100 0.058500 0.055500 0.068500 0.083100 0.073100 0.051700 0.069200 0.075900 0.058500 0.048700 0.055200 0.058800 0.078000 0.110700 0.072300 0.048300 0.079000 0.051600 0.061900 0.058400 0.076600 0.065900 0.035400 0.061500 0.076000 0.068800 0.051900 0.038500 0.072600 0.065000 0.063700 0.061900 0.051800
MountainNy 0.045000 0.227200 0.012600 0.218500 0.055200 0.041700 0.051800 0.061900 0.000000 0.040100 0.041700 0.032100 0.058100 0.065200 0.032100 0.065400 0.053600 0.061000 0.055200 0.003100 0.072700 0.054900 0.063900 0.048700 0.045000 0.072500 0.058100 0.003100 0.072500 0.006300 0.033300 0.061700 0.088900 0.054500 0.041600 0.048300 0.038300 0.055000 0.065100 0.050400 0.040000 0.062200 0.035700 0.049900 0.038400 0.045100 0.051700 0.051900 0.058100 0.043700 0.006300 0.009500
MuntiacusM 0.052000 0.208200 0.053800 0.211400 0.055600 0.055300 0.055600 0.059000 0.040100 0.000000 0.041900 0.045600 0.062400 0.065700 0.045700 0.059100 0.045300 0.052500 0.055600 0.036700 0.080200 0.055300 0.052100 0.032400 0.045300 0.083300 0.069300 0.036700 0.073100 0.033400 0.006300 0.062200 0.080000 0.065700 0.038600 0.069000 0.038600 0.055400 0.065500 0.035700 0.029000 0.062700 0.009500 0.035400 0.058900 0.050500 0.058900 0.055800 0.065300 0.048900 0.040100 0.036800
goat 0.015800 0.224600 0.055000 0.207200 0.038500 0.018900 0.045100 0.048400 0.041700 0.041900 0.000000 0.041900 0.055200 0.055000 0.041900 0.055100 0.048300 0.055600 0.032000 0.038300 0.069000 0.031800 0.072200 0.055600 0.003100 0.075800 0.055100 0.038400 0.068900 0.041700 0.041800 0.058200 0.090000 0.051600 0.031800 0.064900 0.015700 0.038400 0.054800 0.059000 0.048600 0.051900 0.044300 0.051800 0.054900 0.035100 0.048300 0.055100 0.048000 0.038700 0.041700 0.038400
AfricanBuf 0.045300 0.220800 0.045300 0.203000 0.052100 0.048500 0.055500 0.065700 0.032100 0.045600 0.041900 0.000000 0.065800 0.062200 0.045600 0.065700 0.045300 0.052600 0.055500 0.028800 0.080000 0.055200 0.069400 0.049200 0.045200 0.086700 0.065800 0.028800 0.079900 0.032100 0.038800 0.068900 0.087200 0.062200 0.038600 0.035300 0.038500 0.052000 0.068900 0.056000 0.045600 0.064000 0.041000 0.052100 0.025600 0.040300 0.058800 0.059100 0.060500 0.042300 0.032100 0.028800
Topi 0.058600 0.238600 0.071900 0.241600 0.069000 0.061900 0.072400 0.069000 0.058100 0.062400 0.055200 0.065800 0.000000 0.086200 0.048900 0.072500 0.075800 0.083700 0.062200 0.054600 0.072900 0.061800 0.079500 0.069600 0.058500 0.097600 0.012700 0.054700 0.079800 0.051300 0.055400 0.082500 0.112200 0.015900 0.035200 0.082600 0.051700 0.068800 0.072100 0.066100 0.062500 0.069300 0.058100 0.072500 0.072300 0.058700 0.051900 0.052200 0.065100 0.059100 0.058100 0.054700
CommonDuik 0.065100 0.244200 0.079000 0.214700 0.061900 0.068500 0.035200 0.074400 0.065200 0.065700 0.055000 0.062200 0.086200 0.000000 0.065600 0.079200 0.065300 0.072900 0.068600 0.061800 0.093700 0.075300 0.097000 0.079900 0.058300 0.100700 0.086100 0.061800 0.093500 0.065300 0.065500 0.041600 0.115500 0.082300 0.061600 0.089200 0.058100 0.057200 0.068500 0.083400 0.072700 0.075900 0.068300 0.082800 0.078800 0.045100 0.072000 0.079200 0.065000 0.062300 0.065200 0.061800
Suni 0.045300 0.234700 0.045400 0.219400 0.055500 0.048600 0.052200 0.062400 0.032100 0.045700 0.041900 0.045600 0.048900 0.065600 0.000000 0.059100 0.052200 0.063000 0.055600 0.028800 0.073200 0.055200 0.069500 0.052700 0.045200 0.087100 0.055600 0.028800 0.073100 0.032100 0.038900 0.062100 0.094500 0.052100 0.041900 0.062200 0.038500 0.055400 0.072300 0.056100 0.045700 0.062700 0.041300 0.055700 0.052100 0.045400 0.052100 0.049000 0.058500 0.042400 0.032100 0.028900
Springbuck 0.058600 0.232800 0.079200 0.231500 0.069000 0.061900 0.069100 0.038600 0.065400 0.059100 0.055100 0.065700 0.072500 0.079200 0.059100 0.000000 0.079300 0.083700 0.062200 0.062000 0.052200 0.061900 0.083100 0.066100 0.058500 0.069100 0.079500 0.062000 0.032200 0.058600 0.058800 0.082600 0.100300 0.075800 0.048400 0.089500 0.045000 0.068800 0.065200 0.076600 0.065900 0.028800 0.061300 0.076000 0.079200 0.051900 0.045200 0.076100 0.058200 0.061500 0.062000 0.055200
Okapi 0.058400 0.225600 0.067300 0.214300 0.062000 0.061700 0.055300 0.072300 0.053600 0.045300 0.048300 0.045300 0.075800 0.065300 0.052200 0.079300 0.000000 0.032200 0.068800 0.050200 0.093700 0.068400 0.075700 0.059000 0.051600 0.100800 0.075700 0.050300 0.093600 0.053700 0.045100 0.068600 0.093500 0.072100 0.051600 0.075400 0.051500 0.061800 0.078800 0.062400 0.052000 0.076000 0.047900 0.061800 0.058400 0.050300 0.065300 0.069100 0.065000 0.055300 0.053500 0.050300
Giraffe 0.065900 0.214400 0.075000 0.203600 0.069500 0.069200 0.062700 0.080100 0.061000 0.052500 0.055600 0.052600 0.083700 0.072900 0.063000 0.083700 0.032200 0.000000 0.076500 0.057400 0.087600 0.076100 0.076500 0.066500 0.058900 0.109300 0.083600 0.057500 0.094600 0.061100 0.052400 0.076300 0.087300 0.072800 0.058900 0.076200 0.058800 0.069300 0.086600 0.070000 0.059400 0.083900 0.048300 0.069400 0.066000 0.057600 0.072900 0.069900 0.074800 0.055800 0.060900 0.057600
TibetanAnt 0.035300 0.242100 0.068800 0.234300 0.058700 0.038500 0.058700 0.062100 0.055200 0.055600 0.032000 0.055500 0.062200 0.068600 0.055600 0.062200 0.068800 0.076500 0.000000 0.051800 0.076300 0.045100 0.079500 0.055800 0.035200 0.093800 0.069000 0.051800 0.076100 0.048500 0.048700 0.078900 0.104800 0.065400 0.038400 0.078900 0.028600 0.055100 0.065200 0.066100 0.055600 0.058900 0.051200 0.052000 0.068700 0.048500 0.055200 0.069000 0.061700 0.048800 0.055200 0.051800
Sitatunga 0.041700 0.222800 0.015800 0.214000 0.051800 0.044900 0.048400 0.058500 0.003100 0.036700 0.038300 0.028800 0.054600 0.061800 0.028800 0.062000 0.050200 0.057400 0.051800 0.000000 0.069100 0.051500 0.060400 0.043500 0.041600 0.068900 0.054600 0.000000 0.069000 0.003100 0.029900 0.058200 0.085200 0.051000 0.038300 0.044900 0.035000 0.051600 0.061600 0.046900 0.036600 0.058700 0.032200 0.046600 0.035100 0.041700 0.048300 0.048500 0.054700 0.040200 0.003100 0.006300
Oribi 0.072600 0.258700 0.086700 0.256200 0.083200 0.075900 0.079800 0.055500 0.072700 0.080200 0.069000 0.080000 0.072900 0.093700 0.073200 0.052200 0.093700 0.087600 0.076300 0.069100 0.000000 0.082800 0.083500 0.087600 0.072500 0.090800 0.079900 0.069200 0.052300 0.065800 0.072900 0.097100 0.123800 0.069200 0.062100 0.090000 0.065400 0.083000 0.086400 0.084100 0.080200 0.048900 0.068700 0.090500 0.086600 0.065800 0.058900 0.083400 0.079200 0.068900 0.072600 0.069200
BarbaryShe 0.035100 0.250800 0.068500 0.232900 0.058400 0.038300 0.065200 0.068500 0.054900 0.055300 0.031800 0.055200 0.061800 0.075300 0.055200 0.061900 0.068400 0.076100 0.045100 0.051500 0.082800 0.000000 0.086000 0.069200 0.035100 0.096800 0.061800 0.051500 0.075700 0.054900 0.055100 0.071700 0.090100 0.058300 0.044900 0.078500 0.022100 0.058200 0.068200 0.072600 0.062100 0.065400 0.057700 0.065200 0.068400 0.048200 0.054900 0.068600 0.061400 0.052000 0.054900 0.051600
Daviddeer 0.075800 0.249800 0.077800 0.253900 0.086500 0.079200 0.086600 0.083100 0.063900 0.052100 0.072200 0.069400 0.079500 0.097000 0.069500 0.083100 0.075700 0.076500 0.079500 0.060400 0.083500 0.086000 0.000000 0.045600 0.075700 0.112000 0.086500 0.060400 0.090500 0.057000 0.045300 0.086000 0.104500 0.075800 0.061900 0.079200 0.068700 0.086200 0.096600 0.048900 0.028800 0.086900 0.048600 0.055300 0.075900 0.074400 0.082800 0.065900 0.089400 0.065800 0.063800 0.060500
Reindeer 0.059000 0.217000 0.060700 0.234400 0.070600 0.062400 0.062700 0.073100 0.048700 0.032400 0.055600 0.049200 0.069600 0.079900 0.052700 0.066100 0.059000 0.066500 0.055800 0.043500 0.087600 0.069200 0.045600 0.000000 0.058900 0.097800 0.076500 0.043500 0.073300 0.040100 0.025700 0.076200 0.094500 0.072900 0.045400 0.076300 0.052100 0.070400 0.079700 0.035800 0.029100 0.069800 0.029000 0.015900 0.066000 0.057500 0.065900 0.062900 0.072500 0.055900 0.046900 0.043600
Ibex 0.019000 0.228900 0.058300 0.211500 0.041700 0.022100 0.048400 0.051700 0.045000 0.045300 0.003100 0.045200 0.058500 0.058300 0.045200 0.058500 0.051600 0.058900 0.035200 0.041600 0.072500 0.035100 0.075700 0.058900 0.000000 0.079300 0.058500 0.041600 0.072300 0.045000 0.045100 0.061500 0.093500 0.055000 0.035000 0.068300 0.018900 0.041600 0.058200 0.062400 0.052000 0.055200 0.047700 0.055100 0.058300 0.038400 0.051600 0.058500 0.051300 0.042000 0.044900 0.041700
GyrantGaze 0.086400 0.240900 0.086600 0.261700 0.083300 0.089800 0.090300 0.069200 0.072500 0.083300 0.075800 0.086700 0.097600 0.100700 0.087100 0.069100 0.100800 0.109300 0.093800 0.068900 0.090800 0.096800 0.112000 0.097800 0.079300 0.000000 0.101200 0.068900 0.076500 0.069000 0.083100 0.097000 0.135000 0.097300 0.072200 0.111300 0.079100 0.083000 0.082800 0.098000 0.090400 0.045500 0.086000 0.100800 0.100600 0.079500 0.076000 0.097700 0.089500 0.090600 0.072400 0.062100
Hartebeest 0.058500 0.247300 0.071800 0.241400 0.068900 0.061900 0.072400 0.075900 0.058100 0.069300 0.055100 0.065800 0.012700 0.086100 0.055600 0.079500 0.075700 0.083600 0.069000 0.054600 0.079900 0.061800 0.086500 0.076500 0.058500 0.101200 0.000000 0.054600 0.086800 0.058100 0.062200 0.082400 0.112000 0.015900 0.041800 0.082500 0.051600 0.068700 0.078900 0.073100 0.069400 0.076200 0.065000 0.079400 0.072200 0.058600 0.058600 0.052100 0.065100 0.059100 0.058000 0.054700
Bongo 0.041700 0.222900 0.015800 0.214100 0.051800 0.044900 0.048500 0.058500 0.003100 0.036700 0.038400 0.028800 0.054700 0.061800 0.028800 0.062000 0.050300 0.057500 0.051800 0.000000 0.069200 0.051500 0.060400 0.043500 0.041600 0.068900 0.054600 0.000000 0.069000 0.003100 0.029900 0.058300 0.085300 0.051100 0.038300 0.044900 0.035000 0.051600 0.061700 0.046900 0.036500 0.058700 0.032200 0.046500 0.035100 0.041700 0.048400 0.048600 0.054800 0.040200 0.003100 0.006300
Gerenuk 0.072400 0.234300 0.086500 0.251400 0.083100 0.075800 0.079600 0.048700 0.072500 0.073100 0.068900 0.079900 0.079800 0.093500 0.073100 0.032200 0.093600 0.094600 0.076100 0.069000 0.052300 0.075700 0.090500 0.073300 0.072300 0.076500 0.086800 0.069000 0.000000 0.065600 0.072900 0.096900 0.105100 0.076000 0.062000 0.089800 0.058500 0.082800 0.079200 0.091200 0.080200 0.035500 0.075700 0.083200 0.086400 0.065700 0.052100 0.090400 0.079000 0.068800 0.072500 0.062200
CommonElan 0.045000 0.218900 0.019000 0.218800 0.055200 0.048300 0.051900 0.055200 0.006300 0.033400 0.041700 0.032100 0.051300 0.065300 0.032100 0.058600 0.053700 0.061100 0.048500 0.003100 0.065800 0.054900 0.057000 0.040100 0.045000 0.069000 0.058100 0.003100 0.065600 0.000000 0.026600 0.061700 0.089000 0.054500 0.035100 0.048300 0.038300 0.055000 0.058300 0.043500 0.033200 0.055400 0.028800 0.043100 0.038500 0.045100 0.045100 0.052000 0.058200 0.043700 0.006300 0.009500
MuntiacusR 0.045200 0.215600 0.046800 0.218900 0.055400 0.048500 0.055400 0.058800 0.033300 0.006300 0.041800 0.038800 0.055400 0.065500 0.038900 0.058800 0.045100 0.052400 0.048700 0.029900 0.072900 0.055100 0.045300 0.025700 0.045100 0.083100 0.062200 0.029900 0.072900 0.026600 0.000000 0.062000 0.079700 0.058700 0.031900 0.062000 0.038400 0.055200 0.065300 0.029000 0.022400 0.055700 0.003100 0.028800 0.051900 0.043600 0.051900 0.048900 0.058400 0.042100 0.033200 0.030000
HarveysDui 0.068400 0.235500 0.075400 0.237700 0.065200 0.071700 0.038400 0.078000 0.061700 0.062200 0.058200 0.068900 0.082500 0.041600 0.062100 0.082600 0.068600 0.076300 0.078900 0.058200 0.097100 0.071700 0.086000 0.076200 0.061500 0.097000 0.082400 0.058300 0.096900 0.061700 0.062000 0.000000 0.118900 0.078700 0.064900 0.092600 0.061400 0.067500 0.075200 0.079700 0.062100 0.079300 0.064700 0.079100 0.082200 0.055000 0.068500 0.075700 0.061500 0.065600 0.061600 0.058300
Pronghorn 0.092700 0.258000 0.103300 0.252000 0.097400 0.096200 0.097500 0.110700 0.088900 0.080000 0.090000 0.087200 0.112200 0.115500 0.094500 0.100300 0.093500 0.087300 0.104800 0.085200 0.123800 0.090100 0.104500 0.094500 0.093500 0.135000 0.112000 0.085300 0.105100 0.089000 0.079700 0.118900 0.000000 0.100800 0.086500 0.100800 0.079400 0.104400 0.115100 0.098100 0.087100 0.105100 0.082700 0.097300 0.097400 0.092600 0.100100 0.105100 0.100400 0.076500 0.088800 0.078300
BlueWildeb 0.055000 0.241900 0.068100 0.231500 0.065300 0.058300 0.068700 0.072300 0.054500 0.065700 0.051600 0.062200 0.015900 0.082300 0.052100 0.075800 0.072100 0.072800 0.065400 0.051000 0.069200 0.058300 0.075800 0.072900 0.055000 0.097300 0.015900 0.051100 0.076000 0.054500 0.058700 0.078700 0.100800 0.000000 0.038400 0.071900 0.048200 0.065100 0.075300 0.069400 0.065800 0.072500 0.061400 0.075700 0.061800 0.055100 0.055100 0.048700 0.061500 0.048800 0.054400 0.051100
Gemsbok 0.035100 0.211400 0.054900 0.209300 0.045000 0.038300 0.051700 0.048300 0.041600 0.038600 0.031800 0.038600 0.035200 0.061600 0.041900 0.048400 0.051600 0.058900 0.038400 0.038300 0.062100 0.044900 0.061900 0.045400 0.035000 0.072200 0.041800 0.038300 0.062000 0.035100 0.031900 0.064900 0.086500 0.038400 0.000000 0.064900 0.028500 0.044900 0.054700 0.048800 0.038600 0.045200 0.034000 0.048400 0.054900 0.035100 0.041600 0.048500 0.048000 0.035300 0.041600 0.038400
Yak 0.068400 0.249200 0.061700 0.231700 0.078900 0.071800 0.075500 0.079000 0.048300 0.069000 0.064900 0.035300 0.082600 0.089200 0.062200 0.089500 0.075400 0.076200 0.078900 0.044900 0.090000 0.078500 0.079200 0.076300 0.068300 0.111300 0.082500 0.044900 0.089800 0.048300 0.062000 0.092600 0.100800 0.071900 0.064900 0.000000 0.061400 0.078700 0.089000 0.079700 0.069100 0.079300 0.064600 0.079000 0.022200 0.067200 0.075400 0.082700 0.087600 0.058800 0.048300 0.045000
BlueSheep 0.018900 0.228500 0.051500 0.211100 0.041600 0.022100 0.048200 0.051600 0.038300 0.038600 0.015700 0.038500 0.051700 0.058100 0.038500 0.045000 0.051500 0.058800 0.028600 0.035000 0.065400 0.022100 0.068700 0.052100 0.018900 0.079100 0.051600 0.035000 0.058500 0.038300 0.038400 0.061400 0.079400 0.048200 0.028500 0.061400 0.000000 0.041500 0.058000 0.055400 0.045200 0.048400 0.040800 0.048300 0.051400 0.031800 0.044800 0.051700 0.044600 0.035300 0.038300 0.035000
BohorReedb 0.048300 0.230300 0.068600 0.228300 0.019000 0.051600 0.060800 0.061900 0.055000 0.055400 0.038400 0.052000 0.068800 0.057200 0.055400 0.068800 0.061800 0.069300 0.055100 0.051600 0.083000 0.058200 0.086200 0.070400 0.041600 0.083000 0.068700 0.051600 0.082800 0.055000 0.055200 0.067500 0.104400 0.065100 0.044900 0.078700 0.041500 0.000000 0.061700 0.072800 0.062200 0.058800 0.057900 0.073200 0.068500 0.041700 0.061700 0.068800 0.054800 0.052100 0.055000 0.051700
KirksDik 0.065000 0.238100 0.072000 0.233200 0.061800 0.068300 0.068700 0.058400 0.065100 0.065500 0.054800 0.068900 0.072100 0.068500 0.072300 0.065200 0.078800 0.086600 0.065200 0.061600 0.086400 0.068200 0.096600 0.079700 0.058200 0.082800 0.078900 0.061700 0.079200 0.058300 0.065300 0.075200 0.115100 0.075300 0.054700 0.089000 0.058000 0.061700 0.000000 0.083200 0.072400 0.062000 0.068100 0.082500 0.085600 0.051700 0.044900 0.086000 0.071600 0.069000 0.065100 0.055000
RoeDeer 0.065800 0.222500 0.064200 0.221900 0.073000 0.069200 0.073100 0.076600 0.050400 0.035700 0.059000 0.056000 0.066100 0.083400 0.056100 0.076600 0.062400 0.070000 0.066100 0.046900 0.084100 0.072600 0.048900 0.035800 0.062400 0.098000 0.073100 0.046900 0.091200 0.043500 0.029000 0.079700 0.098100 0.069400 0.048800 0.079700 0.055400 0.072800 0.083200 0.000000 0.029100 0.069900 0.032300 0.038800 0.069400 0.063500 0.069400 0.059400 0.075900 0.059400 0.050300 0.047000
WhiteLippe 0.052100 0.220900 0.053600 0.228400 0.062400 0.055400 0.062500 0.065900 0.040000 0.029000 0.048600 0.045600 0.062500 0.072700 0.045700 0.065900 0.052000 0.059400 0.055600 0.036600 0.080200 0.062100 0.028800 0.029100 0.052000 0.090400 0.069400 0.036500 0.080200 0.033200 0.022400 0.062100 0.087100 0.065800 0.038600 0.069100 0.045200 0.062200 0.072400 0.029100 0.000000 0.062700 0.025600 0.032100 0.059000 0.050500 0.058900 0.055800 0.065400 0.049000 0.039900 0.036600
ThomsonGaz 0.055300 0.226100 0.075900 0.229500 0.058900 0.058600 0.065800 0.035400 0.062200 0.062700 0.051900 0.064000 0.069300 0.075900 0.062700 0.028800 0.076000 0.083900 0.058900 0.058700 0.048900 0.065400 0.086900 0.069800 0.055200 0.045500 0.076200 0.058700 0.035500 0.055400 0.055700 0.079300 0.105100 0.072500 0.045200 0.079300 0.048400 0.058800 0.062000 0.069900 0.062700 0.000000 0.058300 0.072800 0.075900 0.048700 0.042000 0.072900 0.061900 0.058300 0.062100 0.052000
MuntiacusC 0.047600 0.219300 0.049400 0.222900 0.058100 0.050900 0.058100 0.061500 0.035700 0.009500 0.044300 0.041000 0.058100 0.068300 0.041300 0.061300 0.047900 0.048300 0.051200 0.032200 0.068700 0.057700 0.048600 0.029000 0.047700 0.086000 0.065000 0.032200 0.075700 0.028800 0.003100 0.064700 0.082700 0.061400 0.034000 0.064600 0.040800 0.057900 0.068100 0.032300 0.025600 0.058300 0.000000 0.032100 0.054400 0.046100 0.054600 0.051600 0.060900 0.044500 0.035600 0.032300
WhiteTaile 0.055200 0.215200 0.063600 0.232200 0.073500 0.058500 0.065600 0.076000 0.049900 0.035400 0.051800 0.052100 0.072500 0.082800 0.055700 0.076000 0.061800 0.069400 0.052000 0.046600 0.090500 0.065200 0.055300 0.015900 0.055100 0.100800 0.079400 0.046500 0.083200 0.043100 0.028800 0.079100 0.097300 0.075700 0.048400 0.079000 0.048300 0.073200 0.082500 0.038800 0.032100 0.072800 0.032100 0.000000 0.068800 0.061400 0.068900 0.065800 0.075300 0.058800 0.049900 0.046600
Cattle 0.058400 0.227900 0.051700 0.231800 0.068700 0.061700 0.065300 0.068800 0.038400 0.058900 0.054900 0.025600 0.072300 0.078800 0.052100 0.079200 0.058400 0.066000 0.068700 0.035100 0.086600 0.068400 0.075900 0.066000 0.058300 0.100600 0.072200 0.035100 0.086400 0.038500 0.051900 0.082200 0.097400 0.061800 0.054900 0.022200 0.051400 0.068500 0.085600 0.069400 0.059000 0.075900 0.054400 0.068800 0.000000 0.057000 0.058400 0.072400 0.073900 0.055500 0.038400 0.035200
RoyalAntel 0.038400 0.234800 0.058500 0.224700 0.041900 0.041700 0.041900 0.051900 0.045100 0.050500 0.035100 0.040300 0.058700 0.045100 0.045400 0.051900 0.050300 0.057600 0.048500 0.041700 0.065800 0.048200 0.074400 0.057500 0.038400 0.079500 0.058600 0.041700 0.065700 0.045100 0.043600 0.055000 0.092600 0.055100 0.035100 0.067200 0.031800 0.041700 0.051700 0.063500 0.050500 0.048700 0.046100 0.061400 0.057000 0.000000 0.045100 0.058000 0.038300 0.041300 0.045100 0.041800
Steenbok 0.048300 0.225000 0.065200 0.227800 0.061900 0.051600 0.058600 0.038500 0.051700 0.058900 0.048300 0.058800 0.051900 0.072000 0.052100 0.045200 0.065300 0.072900 0.055200 0.048300 0.058900 0.054900 0.082800 0.065900 0.051600 0.076000 0.058600 0.048400 0.052100 0.045100 0.051900 0.068500 0.100100 0.055100 0.041600 0.075400 0.044800 0.061700 0.044900 0.069400 0.058900 0.042000 0.054600 0.068900 0.058400 0.045100 0.000000 0.065500 0.058200 0.055500 0.051700 0.041800
Impala 0.055200 0.223500 0.065500 0.209500 0.069000 0.058500 0.069100 0.072600 0.051900 0.055800 0.055100 0.059100 0.052200 0.079200 0.049000 0.076100 0.069100 0.069900 0.069000 0.048500 0.083400 0.068600 0.065900 0.062900 0.058500 0.097700 0.052100 0.048600 0.090400 0.052000 0.048900 0.075700 0.105100 0.048700 0.048500 0.082700 0.051700 0.068800 0.086000 0.059400 0.055800 0.072900 0.051600 0.065800 0.072400 0.058000 0.065500 0.000000 0.065200 0.052300 0.051900 0.048600
Klipspring 0.051400 0.233800 0.071700 0.240200 0.054900 0.054700 0.055000 0.065000 0.058100 0.065300 0.048000 0.060500 0.065100 0.065000 0.058500 0.058200 0.065000 0.074800 0.061700 0.054700 0.079200 0.061400 0.089400 0.072500 0.051300 0.089500 0.065100 0.054800 0.079000 0.058200 0.058400 0.061500 0.100400 0.061500 0.048000 0.087600 0.044600 0.054800 0.071600 0.075900 0.065400 0.061900 0.060900 0.075300 0.073900 0.038300 0.058200 0.065200 0.000000 0.055200 0.058100 0.054800
ForestMusk 0.042000 0.214600 0.057300 0.216700 0.052200 0.045300 0.054400 0.063700 0.043700 0.048900 0.038700 0.042300 0.059100 0.062300 0.042400 0.061500 0.055300 0.055800 0.048800 0.040200 0.068900 0.052000 0.065800 0.055900 0.042000 0.090600 0.059100 0.040200 0.068800 0.043700 0.042100 0.065600 0.076500 0.048800 0.035300 0.058800 0.035300 0.052100 0.069000 0.059400 0.049000 0.058300 0.044500 0.058800 0.055500 0.041300 0.055500 0.052300 0.055200 0.000000 0.043600 0.040300
Bushbuck 0.045000 0.217800 0.019000 0.218700 0.055100 0.048300 0.051800 0.061900 0.006300 0.040100 0.041700 0.032100 0.058100 0.065200 0.032100 0.062000 0.053500 0.060900 0.055200 0.003100 0.072600 0.054900 0.063800 0.046900 0.044900 0.072400 0.058000 0.003100 0.072500 0.006300 0.033200 0.061600 0.088800 0.054400 0.041600 0.048300 0.038300 0.055000 0.065100 0.050300 0.039900 0.062100 0.035600 0.049900 0.038400 0.045100 0.051700 0.051900 0.058100 0.043600 0.000000 0.009400
GreaterKud 0.041700 0.218800 0.022200 0.214600 0.051800 0.045000 0.048500 0.051800 0.009500 0.036800 0.038400 0.028800 0.054700 0.061800 0.028900 0.055200 0.050300 0.057600 0.051800 0.006300 0.069200 0.051600 0.060500 0.043600 0.041700 0.062100 0.054700 0.006300 0.062200 0.009500 0.030000 0.058300 0.078300 0.051100 0.038400 0.045000 0.035000 0.051700 0.055000 0.047000 0.036600 0.052000 0.032300 0.046600 0.035200 0.041800 0.041800 0.048600 0.054800 0.040300 0.009400 0.000000
