1
52 1
Argali 0.000000 0.309300 0.084500 0.332100 0.104400 0.017900 0.065200 0.102900 0.075400 0.131700 0.017900 0.074800 0.074000 0.055500 0.146500 0.129900 0.280000 0.276500 0.027000 0.095000 0.123100 0.045800 0.140800 0.160400 0.017900 0.131800 0.055500 0.084800 0.140600 0.075500 0.193500 0.055500 0.217400 0.055500 0.037200 0.074600 0.044800 0.082900 0.131800 0.194200 0.131600 0.151900 0.131700 0.181000 0.084700 0.055200 0.092600 0.104600 0.104200 0.147600 0.074800 0.084500
LesserMous 0.309300 0.000000 0.295300 0.386400 0.333400 0.308900 0.323400 0.343900 0.285500 0.232900 0.282600 0.338100 0.359400 0.282400 0.341300 0.319600 0.380300 0.336800 0.298800 0.311500 0.345000 0.297000 0.242500 0.276000 0.282600 0.325700 0.336200 0.270000 0.335300 0.285800 0.251300 0.282400 0.363200 0.336200 0.287600 0.336600 0.290200 0.398200 0.367700 0.332200 0.246600 0.351800 0.259300 0.327800 0.352500 0.279700 0.413300 0.351400 0.294700 0.236500 0.297600 0.294900
LesserKudu 0.084500 0.295300 0.000000 0.317900 0.123400 0.084400 0.093900 0.102200 0.027500 0.142700 0.084400 0.084200 0.122400 0.084000 0.135900 0.119800 0.255000 0.227200 0.075300 0.046100 0.122300 0.094800 0.174200 0.182600 0.084400 0.110900 0.103500 0.036500 0.119700 0.027400 0.193700 0.081900 0.253300 0.103500 0.085500 0.083900 0.112500 0.130200 0.131400 0.216900 0.164900 0.131000 0.164800 0.203500 0.094100 0.064500 0.131500 0.134300 0.103800 0.126300 0.045900 0.045700
KillerWhal 0.332100 0.386400 0.317900 0.000000 0.329300 0.344800 0.344600 0.337700 0.308200 0.293300 0.344600 0.317800 0.380800 0.357700 0.318200 0.316300 0.474400 0.352600 0.346900 0.307000 0.338000 0.331000 0.316800 0.322500 0.344600 0.334300 0.357400 0.319400 0.317700 0.308600 0.337000 0.357700 0.325700 0.357400 0.347700 0.316800 0.378500 0.337000 0.360900 0.350200 0.307100 0.359900 0.320000 0.346600 0.330900 0.341100 0.336100 0.358200 0.385300 0.322400 0.293100 0.291900
DefassaWat 0.104400 0.333400 0.123400 0.329300 0.000000 0.124800 0.114800 0.133500 0.125500 0.186900 0.124700 0.135300 0.144100 0.124600 0.189600 0.129800 0.317000 0.328100 0.115500 0.125500 0.175300 0.115300 0.173200 0.182000 0.124700 0.162600 0.124600 0.135000 0.150700 0.125600 0.251400 0.124600 0.228600 0.124600 0.126200 0.134900 0.153500 0.053700 0.152600 0.239600 0.175500 0.183400 0.186900 0.203200 0.146100 0.103500 0.132600 0.188800 0.144800 0.157600 0.104200 0.104300
Sheep 0.017900 0.308900 0.084400 0.344800 0.124800 0.000000 0.046100 0.102800 0.075400 0.131600 0.017900 0.094500 0.074000 0.055500 0.156800 0.150100 0.279700 0.276200 0.027000 0.094900 0.122900 0.045800 0.162800 0.160300 0.017800 0.131700 0.055400 0.084700 0.140500 0.075400 0.193300 0.055500 0.241100 0.055400 0.037100 0.074700 0.044700 0.102400 0.131700 0.171700 0.153600 0.151700 0.131600 0.180800 0.104700 0.055100 0.092700 0.104500 0.104100 0.147500 0.094500 0.084400
MaxwellsDu 0.065200 0.323400 0.093900 0.344600 0.114800 0.046100 0.000000 0.073400 0.085300 0.142600 0.065200 0.104100 0.083500 0.064100 0.167700 0.120200 0.267900 0.290000 0.056100 0.085300 0.092800 0.056000 0.174200 0.193800 0.065200 0.100500 0.064800 0.094300 0.110300 0.085000 0.205100 0.064800 0.229900 0.064800 0.046600 0.084200 0.093000 0.112000 0.102100 0.193900 0.164900 0.121400 0.142600 0.214900 0.114400 0.064700 0.082800 0.134500 0.114200 0.137300 0.104600 0.074800
GazellaPrz 0.102900 0.343900 0.102200 0.337700 0.133500 0.102800 0.073400 0.000000 0.103500 0.161800 0.102700 0.102400 0.120900 0.102400 0.143500 0.080100 0.286700 0.283300 0.093700 0.103500 0.053700 0.093600 0.193300 0.189800 0.102700 0.061800 0.102200 0.112400 0.089600 0.102000 0.223900 0.102200 0.248900 0.102200 0.084200 0.102000 0.130700 0.130300 0.100100 0.212700 0.184100 0.081000 0.161800 0.210500 0.112300 0.102000 0.100200 0.132200 0.132200 0.135400 0.122800 0.073400
MountainNy 0.075400 0.285500 0.027500 0.308200 0.125500 0.075400 0.085300 0.103500 0.000000 0.133100 0.075400 0.075500 0.114000 0.075300 0.137000 0.120800 0.257600 0.229500 0.066200 0.018200 0.113900 0.085700 0.164700 0.184200 0.075400 0.102500 0.094900 0.009000 0.111300 0.000000 0.184400 0.075300 0.243800 0.094900 0.076300 0.075200 0.103500 0.133000 0.132600 0.207400 0.155300 0.122100 0.155200 0.205300 0.085500 0.055500 0.133300 0.125800 0.104700 0.127400 0.036900 0.036700
MuntiacusM 0.131700 0.232900 0.142700 0.293300 0.186900 0.131600 0.142600 0.161800 0.133100 0.000000 0.131500 0.131900 0.173500 0.131700 0.178300 0.236100 0.206200 0.176800 0.121900 0.154800 0.207400 0.143400 0.039800 0.090600 0.131500 0.216200 0.153200 0.143200 0.225400 0.133200 0.069400 0.131700 0.123500 0.153200 0.122300 0.131300 0.161600 0.194900 0.204300 0.090700 0.030100 0.239100 0.020000 0.110800 0.142800 0.130800 0.217400 0.188200 0.164800 0.122800 0.154000 0.120700
goat 0.017900 0.282600 0.084400 0.344600 0.124700 0.017900 0.065200 0.102700 0.075400 0.131500 0.000000 0.094500 0.073900 0.055500 0.156700 0.130000 0.279600 0.276000 0.027000 0.094900 0.103000 0.045800 0.162800 0.160200 0.000000 0.111800 0.055400 0.084700 0.120600 0.075400 0.171200 0.055500 0.241000 0.055400 0.037100 0.094200 0.026600 0.102400 0.111800 0.193900 0.153500 0.131400 0.131500 0.180800 0.104600 0.055100 0.112300 0.104500 0.104000 0.147400 0.094500 0.084400
AfricanBuf 0.074800 0.338100 0.084200 0.317800 0.135300 0.094500 0.104100 0.102400 0.075500 0.131900 0.094500 0.000000 0.132900 0.094400 0.146700 0.149900 0.266500 0.262800 0.085400 0.095200 0.142800 0.105100 0.141000 0.182600 0.094500 0.151400 0.113800 0.084500 0.160200 0.073300 0.193700 0.094000 0.194400 0.113800 0.095700 0.036400 0.122800 0.132600 0.152100 0.205600 0.131700 0.172600 0.153800 0.203600 0.045200 0.093900 0.111500 0.145000 0.145100 0.169400 0.074900 0.065000
Topi 0.074000 0.359400 0.122400 0.380800 0.144100 0.074000 0.083500 0.120900 0.114000 0.173500 0.073900 0.132900 0.000000 0.083100 0.198000 0.169100 0.327700 0.324900 0.055400 0.094000 0.141300 0.064800 0.183000 0.191300 0.073900 0.150000 0.017600 0.122800 0.159700 0.113600 0.213800 0.083100 0.226600 0.017500 0.074800 0.132600 0.101600 0.120600 0.120700 0.214100 0.196200 0.170900 0.173500 0.212100 0.133300 0.092600 0.130700 0.143000 0.143200 0.167200 0.123400 0.103000
CommonDuik 0.055500 0.282400 0.084000 0.357700 0.124600 0.055500 0.064100 0.102400 0.075300 0.131700 0.055500 0.094400 0.083100 0.000000 0.156800 0.129600 0.279700 0.276300 0.027500 0.095000 0.122500 0.065400 0.162900 0.160000 0.055500 0.130900 0.064600 0.064800 0.139600 0.075000 0.193300 0.000000 0.217300 0.064600 0.056200 0.093700 0.083100 0.121500 0.111400 0.205200 0.153700 0.151500 0.131700 0.180500 0.084200 0.055100 0.131600 0.124100 0.084100 0.147400 0.094400 0.084300
Suni 0.146500 0.341300 0.135900 0.318200 0.189600 0.156800 0.167700 0.143500 0.137000 0.178300 0.156700 0.146700 0.198000 0.156800 0.000000 0.181600 0.257200 0.253700 0.147500 0.158000 0.186400 0.168500 0.199500 0.206900 0.156700 0.173800 0.178000 0.146700 0.204000 0.137100 0.242600 0.156800 0.232300 0.178000 0.147800 0.146100 0.186000 0.185600 0.152200 0.255600 0.190200 0.194700 0.201500 0.228400 0.157500 0.155700 0.163700 0.146900 0.145900 0.192200 0.146600 0.146100
Springbuck 0.129900 0.319600 0.119800 0.316300 0.129800 0.150100 0.120200 0.080100 0.120800 0.236100 0.130000 0.149900 0.169100 0.129600 0.181600 0.000000 0.342200 0.300800 0.141100 0.120800 0.080500 0.140800 0.244900 0.241100 0.130000 0.070400 0.150000 0.110200 0.060700 0.120900 0.253200 0.129600 0.302400 0.150000 0.131300 0.149500 0.158100 0.137600 0.126900 0.289200 0.235800 0.088600 0.236100 0.262300 0.160500 0.128700 0.107900 0.180900 0.138800 0.173200 0.100400 0.109500
Okapi 0.280000 0.380300 0.255000 0.474400 0.317000 0.279700 0.267900 0.286700 0.257600 0.206200 0.279600 0.266500 0.327700 0.279700 0.257200 0.342200 0.000000 0.134800 0.270000 0.282200 0.314000 0.294200 0.215700 0.247400 0.279600 0.348200 0.305200 0.268100 0.357800 0.257800 0.248700 0.279700 0.327900 0.305200 0.270500 0.279600 0.311600 0.350900 0.258900 0.298600 0.218900 0.373700 0.230500 0.295500 0.294000 0.277400 0.298000 0.305700 0.276800 0.270900 0.280400 0.266900
Giraffe 0.276500 0.336800 0.227200 0.352600 0.328100 0.276200 0.290000 0.283300 0.229500 0.176800 0.276000 0.262800 0.324900 0.276300 0.253700 0.300800 0.134800 0.000000 0.266200 0.253900 0.310200 0.291000 0.211200 0.243400 0.276000 0.281000 0.302100 0.240200 0.315800 0.229700 0.195300 0.276300 0.272200 0.302100 0.266700 0.276100 0.283700 0.335700 0.279500 0.269600 0.201300 0.305400 0.201200 0.266500 0.290600 0.261700 0.320900 0.303000 0.236500 0.205900 0.252400 0.239000
TibetanAnt 0.027000 0.298800 0.075300 0.346900 0.115500 0.027000 0.056100 0.093700 0.066200 0.121900 0.027000 0.085400 0.055400 0.027500 0.147500 0.141100 0.270000 0.266200 0.000000 0.085800 0.113900 0.036700 0.153200 0.129100 0.027100 0.122600 0.036900 0.075500 0.131500 0.066200 0.183800 0.027500 0.207700 0.036900 0.027900 0.085100 0.054400 0.093400 0.102600 0.184400 0.143900 0.142600 0.121900 0.149400 0.075500 0.046100 0.103300 0.095300 0.094900 0.138100 0.085300 0.075200
Sitatunga 0.095000 0.311500 0.046100 0.307000 0.125500 0.094900 0.085300 0.103500 0.018200 0.154800 0.094900 0.095200 0.094000 0.095000 0.158000 0.120800 0.282200 0.253900 0.085800 0.000000 0.113900 0.085700 0.186900 0.206700 0.094900 0.102500 0.075100 0.027200 0.111400 0.018200 0.206900 0.095000 0.219400 0.075100 0.096200 0.094900 0.123300 0.133000 0.132600 0.230300 0.177600 0.122200 0.177400 0.228200 0.105500 0.074600 0.133400 0.146500 0.124900 0.127400 0.046300 0.036700
Oribi 0.123100 0.345000 0.122300 0.338000 0.175300 0.122900 0.092800 0.053700 0.113900 0.207400 0.103000 0.142800 0.141300 0.122500 0.186400 0.080500 0.314000 0.310200 0.113900 0.113900 0.000000 0.113600 0.240300 0.260100 0.103000 0.044200 0.122300 0.122300 0.071100 0.113100 0.224700 0.123000 0.298800 0.122300 0.104100 0.142400 0.131100 0.160800 0.120200 0.260100 0.231000 0.062500 0.207400 0.282200 0.153500 0.122000 0.140100 0.152900 0.174300 0.178600 0.133400 0.102900
BarbaryShe 0.045800 0.297000 0.094800 0.331000 0.115300 0.045800 0.056000 0.093600 0.085700 0.143400 0.045800 0.105100 0.064800 0.065400 0.168500 0.140800 0.294200 0.291000 0.036700 0.085700 0.113600 0.000000 0.175100 0.172200 0.045800 0.122400 0.046300 0.095200 0.131300 0.085800 0.205900 0.065400 0.230900 0.046300 0.046900 0.104800 0.073100 0.093200 0.122400 0.206600 0.165800 0.142400 0.143400 0.193100 0.115500 0.065000 0.103100 0.115200 0.114700 0.137800 0.105100 0.075100
Daviddeer 0.140800 0.242500 0.174200 0.316800 0.173200 0.162800 0.174200 0.193300 0.164700 0.039800 0.162800 0.141000 0.183000 0.162900 0.199500 0.244900 0.215700 0.211200 0.153200 0.186900 0.240300 0.175100 0.000000 0.089700 0.162800 0.249000 0.185000 0.174800 0.258200 0.164800 0.068800 0.162900 0.132700 0.185000 0.153600 0.140400 0.193000 0.203900 0.213800 0.089800 0.019800 0.272400 0.060300 0.131200 0.152000 0.161800 0.226300 0.220800 0.196800 0.154300 0.163000 0.151600
Reindeer 0.160400 0.276000 0.182600 0.322500 0.182000 0.160300 0.193800 0.189800 0.184200 0.090600 0.160200 0.182600 0.191300 0.160000 0.206900 0.241100 0.247400 0.243400 0.129100 0.206700 0.260100 0.172200 0.089700 0.000000 0.160200 0.269000 0.171000 0.194400 0.254200 0.184400 0.140800 0.160000 0.186700 0.171000 0.151100 0.182000 0.190100 0.190100 0.209900 0.107800 0.090900 0.292700 0.111800 0.056300 0.171400 0.181000 0.200200 0.217000 0.193000 0.162200 0.182700 0.170900
Ibex 0.017900 0.282600 0.084400 0.344600 0.124700 0.017800 0.065200 0.102700 0.075400 0.131500 0.000000 0.094500 0.073900 0.055500 0.156700 0.130000 0.279600 0.276000 0.027100 0.094900 0.103000 0.045800 0.162800 0.160200 0.000000 0.111800 0.055400 0.084700 0.120600 0.075400 0.171200 0.055500 0.241000 0.055400 0.037100 0.094200 0.026600 0.102400 0.111800 0.193900 0.153500 0.131400 0.131500 0.180800 0.104600 0.055100 0.112300 0.104500 0.104000 0.147400 0.094500 0.084400
GyrantGaze 0.131800 0.325700 0.110900 0.334300 0.162600 0.131700 0.100500 0.061800 0.102500 0.216200 0.111800 0.151400 0.150000 0.130900 0.173800 0.070400 0.348200 0.281000 0.122600 0.102500 0.044200 0.122400 0.249000 0.269000 0.111800 0.000000 0.130900 0.111300 0.060600 0.102200 0.233400 0.130900 0.282900 0.130900 0.112900 0.151100 0.139800 0.169500 0.128800 0.268900 0.239800 0.017100 0.216200 0.291000 0.162200 0.110600 0.148700 0.161600 0.141200 0.165600 0.121700 0.091900
Hartebeest 0.055500 0.336200 0.103500 0.357400 0.124600 0.055400 0.064800 0.102200 0.094900 0.153200 0.055400 0.113800 0.017600 0.064600 0.178000 0.150000 0.305200 0.302100 0.036900 0.075100 0.122300 0.046300 0.185000 0.171000 0.055400 0.130900 0.000000 0.103900 0.139700 0.094600 0.216000 0.064600 0.205800 0.000000 0.056100 0.113500 0.083000 0.101800 0.121600 0.216500 0.175700 0.151600 0.153200 0.191700 0.114100 0.074100 0.111800 0.123900 0.124000 0.147400 0.104300 0.084200
Bongo 0.084800 0.270000 0.036500 0.319400 0.135000 0.084700 0.094300 0.112400 0.009000 0.143200 0.084700 0.084500 0.122800 0.064800 0.146700 0.110200 0.268100 0.240200 0.075500 0.027200 0.122300 0.095200 0.174800 0.194400 0.084700 0.111300 0.103900 0.000000 0.120000 0.009000 0.194500 0.064800 0.254300 0.103600 0.085800 0.084200 0.112800 0.141800 0.141900 0.217800 0.165600 0.131500 0.165400 0.215500 0.094500 0.064700 0.142100 0.134800 0.094000 0.137100 0.046000 0.045900
Gerenuk 0.140600 0.335300 0.119700 0.317700 0.150700 0.140500 0.110300 0.089600 0.111300 0.225400 0.120600 0.160200 0.159700 0.139600 0.204000 0.060700 0.357800 0.315800 0.131500 0.111400 0.071100 0.131300 0.258200 0.254200 0.120600 0.060600 0.139700 0.120000 0.000000 0.110900 0.242500 0.139600 0.316800 0.139700 0.121700 0.159800 0.128500 0.157700 0.137500 0.278000 0.249000 0.070500 0.225400 0.275800 0.171000 0.119300 0.137400 0.170300 0.170400 0.184900 0.110600 0.100700
CommonElan 0.075500 0.285800 0.027400 0.308600 0.125600 0.075400 0.085000 0.102000 0.000000 0.133200 0.075400 0.073300 0.113600 0.075000 0.137100 0.120900 0.257800 0.229700 0.066200 0.018200 0.113100 0.085800 0.164800 0.184400 0.075400 0.102200 0.094600 0.009000 0.110900 0.000000 0.184600 0.075000 0.244100 0.094600 0.076400 0.075000 0.103600 0.132500 0.132700 0.207600 0.155500 0.122200 0.155300 0.205500 0.085200 0.055500 0.132800 0.125300 0.104800 0.127500 0.036900 0.036800
MuntiacusR 0.193500 0.251300 0.193700 0.337000 0.251400 0.193300 0.205100 0.223900 0.184400 0.069400 0.171200 0.193700 0.213800 0.193300 0.242600 0.253200 0.248700 0.195300 0.183800 0.206900 0.224700 0.205900 0.068800 0.140800 0.171200 0.233400 0.216000 0.194500 0.242500 0.184600 0.000000 0.193300 0.186100 0.216000 0.184200 0.193000 0.179300 0.247400 0.222100 0.119400 0.079900 0.256100 0.090100 0.161300 0.205400 0.191900 0.282400 0.252300 0.227900 0.162900 0.205700 0.171100
HarveysDui 0.055500 0.282400 0.081900 0.357700 0.124600 0.055500 0.064800 0.102200 0.075300 0.131700 0.055500 0.094000 0.083100 0.000000 0.156800 0.129600 0.279700 0.276300 0.027500 0.095000 0.123000 0.065400 0.162900 0.160000 0.055500 0.130900 0.064600 0.064800 0.139600 0.075000 0.193300 0.000000 0.217300 0.064600 0.056200 0.093700 0.083100 0.121500 0.111400 0.205200 0.153700 0.151500 0.131700 0.180500 0.084200 0.055100 0.131600 0.124100 0.084100 0.147400 0.094400 0.084300
Pronghorn 0.217400 0.363200 0.253300 0.325700 0.228600 0.241100 0.229900 0.248900 0.243800 0.123500 0.241000 0.194400 0.226600 0.217300 0.232300 0.302400 0.327900 0.272200 0.207700 0.219400 0.298800 0.230900 0.132700 0.186700 0.241000 0.282900 0.205800 0.254300 0.316800 0.244100 0.186100 0.217300 0.000000 0.205800 0.232000 0.193700 0.272300 0.236200 0.246000 0.198000 0.123300 0.306900 0.145600 0.208000 0.183200 0.239300 0.259300 0.291800 0.253400 0.186700 0.229700 0.205800
BlueWildeb 0.055500 0.336200 0.103500 0.357400 0.124600 0.055400 0.064800 0.102200 0.094900 0.153200 0.055400 0.113800 0.017500 0.064600 0.178000 0.150000 0.305200 0.302100 0.036900 0.075100 0.122300 0.046300 0.185000 0.171000 0.055400 0.130900 0.000000 0.103600 0.139700 0.094600 0.216000 0.064600 0.205800 0.000000 0.056100 0.113500 0.083000 0.101800 0.121600 0.216500 0.175700 0.151600 0.153200 0.191700 0.114100 0.074100 0.111800 0.123900 0.124000 0.147400 0.104300 0.084200
Gemsbok 0.037200 0.287600 0.085500 0.347700 0.126200 0.037100 0.046600 0.084200 0.076300 0.122300 0.037100 0.095700 0.074800 0.056200 0.147800 0.131300 0.270500 0.266700 0.027900 0.096200 0.104100 0.046900 0.153600 0.151100 0.037100 0.112900 0.056100 0.085800 0.121700 0.076400 0.184200 0.056200 0.232000 0.056100 0.000000 0.095400 0.064900 0.103600 0.112900 0.184900 0.144300 0.132800 0.122300 0.171700 0.105900 0.055800 0.093600 0.095500 0.105400 0.148600 0.105100 0.085400
Yak 0.074600 0.336600 0.083900 0.316800 0.134900 0.074700 0.084200 0.102000 0.075200 0.131300 0.094200 0.036400 0.132600 0.093700 0.146100 0.149500 0.279600 0.276100 0.085100 0.094900 0.142400 0.104800 0.140400 0.182000 0.094200 0.151100 0.113500 0.084200 0.159800 0.075000 0.193000 0.093700 0.193700 0.113500 0.095400 0.000000 0.122400 0.131600 0.151800 0.182200 0.131100 0.172200 0.153100 0.202800 0.027100 0.093500 0.091900 0.144400 0.144700 0.168800 0.074600 0.064800
BlueSheep 0.044800 0.290200 0.112500 0.378500 0.153500 0.044700 0.093000 0.130700 0.103500 0.161600 0.026600 0.122800 0.101600 0.083100 0.186000 0.158100 0.311600 0.283700 0.054400 0.123300 0.131100 0.073100 0.193000 0.190100 0.026600 0.139800 0.083000 0.112800 0.128500 0.103600 0.179300 0.083100 0.272300 0.083000 0.064900 0.122400 0.000000 0.130200 0.139700 0.224500 0.183900 0.149800 0.161600 0.210800 0.133100 0.082600 0.140400 0.132800 0.132300 0.155700 0.122800 0.112400
BohorReedb 0.082900 0.398200 0.130200 0.337000 0.053700 0.102400 0.112000 0.130300 0.133000 0.194900 0.102400 0.132600 0.120600 0.121500 0.185600 0.137600 0.350900 0.335700 0.093400 0.133000 0.160800 0.093200 0.203900 0.190100 0.102400 0.169500 0.101800 0.141800 0.157700 0.132500 0.247400 0.121500 0.236200 0.101800 0.103600 0.131600 0.130200 0.000000 0.149500 0.235800 0.194700 0.190900 0.194900 0.188700 0.142500 0.121300 0.109800 0.162900 0.162900 0.187500 0.111900 0.102100
KirksDik 0.131800 0.367700 0.131400 0.360900 0.152600 0.131700 0.102100 0.100100 0.132600 0.204300 0.111800 0.152100 0.120700 0.111400 0.152200 0.126900 0.258900 0.279500 0.102600 0.132600 0.120200 0.122400 0.213800 0.209900 0.111800 0.128800 0.121600 0.141900 0.137500 0.132700 0.222100 0.111400 0.246000 0.121600 0.112900 0.151800 0.139700 0.149500 0.000000 0.256700 0.227500 0.148300 0.204300 0.230700 0.142200 0.130600 0.109500 0.173100 0.161600 0.186000 0.152200 0.121400
RoeDeer 0.194200 0.332200 0.216900 0.350200 0.239600 0.171700 0.193900 0.212700 0.207400 0.090700 0.193900 0.205600 0.214100 0.205200 0.255600 0.289200 0.298600 0.269600 0.184400 0.230300 0.260100 0.206600 0.089800 0.107800 0.193900 0.268900 0.216500 0.217800 0.278000 0.207600 0.119400 0.205200 0.198000 0.216500 0.184900 0.182200 0.224500 0.235800 0.256700 0.000000 0.101500 0.292800 0.112000 0.127600 0.217300 0.203700 0.235200 0.253600 0.240300 0.196800 0.205700 0.193500
WhiteLippe 0.131600 0.246600 0.164900 0.307100 0.175500 0.153600 0.164900 0.184100 0.155300 0.030100 0.153500 0.131700 0.196200 0.153700 0.190200 0.235800 0.218900 0.201300 0.143900 0.177600 0.231000 0.165800 0.019800 0.090900 0.153500 0.239800 0.175700 0.165600 0.249000 0.155500 0.079900 0.153700 0.123300 0.175700 0.144300 0.131100 0.183900 0.194700 0.227500 0.101500 0.000000 0.263300 0.050300 0.121900 0.142600 0.152600 0.217100 0.211600 0.187600 0.144900 0.153800 0.142400
ThomsonGaz 0.151900 0.351800 0.131000 0.359900 0.183400 0.151700 0.121400 0.081000 0.122100 0.239100 0.131400 0.172600 0.170900 0.151500 0.194700 0.088600 0.373700 0.305400 0.142600 0.122200 0.062500 0.142400 0.272400 0.292700 0.131400 0.017100 0.151600 0.131500 0.070500 0.122200 0.256100 0.151500 0.306900 0.151600 0.132800 0.172200 0.149800 0.190900 0.148300 0.292800 0.263300 0.000000 0.239100 0.290100 0.183600 0.130100 0.169400 0.183000 0.161300 0.186700 0.141600 0.111200
MuntiacusC 0.131700 0.259300 0.164800 0.320000 0.186900 0.131600 0.142600 0.161800 0.155200 0.020000 0.131500 0.153800 0.173500 0.131700 0.201500 0.236100 0.230500 0.201200 0.121900 0.177400 0.207400 0.143400 0.060300 0.111800 0.131500 0.216200 0.153200 0.165400 0.225400 0.155300 0.090100 0.131700 0.145600 0.153200 0.122300 0.153100 0.161600 0.194900 0.204300 0.112000 0.050300 0.239100 0.000000 0.132300 0.165000 0.130800 0.217400 0.188200 0.164800 0.144700 0.176400 0.142200
WhiteTaile 0.181000 0.327800 0.203500 0.346600 0.203200 0.180800 0.214900 0.210500 0.205300 0.110800 0.180800 0.203600 0.212100 0.180500 0.228400 0.262300 0.295500 0.266500 0.149400 0.228200 0.282200 0.193100 0.131200 0.056300 0.180800 0.291000 0.191700 0.215500 0.275800 0.205500 0.161300 0.180500 0.208000 0.191700 0.171700 0.202800 0.210800 0.188700 0.230700 0.127600 0.121900 0.290100 0.132300 0.000000 0.192200 0.201700 0.221000 0.238600 0.214000 0.183000 0.203700 0.191600
Cattle 0.084700 0.352500 0.094100 0.330900 0.146100 0.104700 0.114400 0.112300 0.085500 0.142800 0.104600 0.045200 0.133300 0.084200 0.157500 0.160500 0.294000 0.290600 0.075500 0.105500 0.153500 0.115500 0.152000 0.171400 0.104600 0.162200 0.114100 0.094500 0.171000 0.085200 0.205400 0.084200 0.183200 0.114100 0.105900 0.027100 0.133100 0.142500 0.142200 0.217300 0.142600 0.183600 0.165000 0.192200 0.000000 0.103900 0.121800 0.155600 0.155900 0.180500 0.084700 0.074800
RoyalAntel 0.055200 0.279700 0.064500 0.341100 0.103500 0.055100 0.064700 0.102000 0.055500 0.130800 0.055100 0.093900 0.092600 0.055100 0.155700 0.128700 0.277400 0.261700 0.046100 0.074600 0.122000 0.065000 0.161800 0.181000 0.055100 0.110600 0.074100 0.064700 0.119300 0.055500 0.191900 0.055100 0.239300 0.074100 0.055800 0.093500 0.082600 0.121300 0.130600 0.203700 0.152600 0.130100 0.130800 0.201700 0.103900 0.000000 0.131300 0.123900 0.083500 0.125300 0.074200 0.064400
Steenbok 0.092600 0.413300 0.131500 0.336100 0.132600 0.092700 0.082800 0.100200 0.133300 0.217400 0.112300 0.111500 0.130700 0.131600 0.163700 0.107900 0.298000 0.320900 0.103300 0.133400 0.140100 0.103100 0.226300 0.200200 0.112300 0.148700 0.111800 0.142100 0.137400 0.132800 0.282400 0.131600 0.259300 0.111800 0.093600 0.091900 0.140400 0.109800 0.109500 0.235200 0.217100 0.169400 0.217400 0.221000 0.121800 0.131300 0.000000 0.162500 0.162500 0.187000 0.112100 0.122000
Impala 0.104600 0.351400 0.134300 0.358200 0.188800 0.104500 0.134500 0.132200 0.125800 0.188200 0.104500 0.145000 0.143000 0.124100 0.146900 0.180900 0.305700 0.303000 0.095300 0.146500 0.152900 0.115200 0.220800 0.217000 0.104500 0.161600 0.123900 0.134800 0.170300 0.125300 0.252300 0.124100 0.291800 0.123900 0.095500 0.144400 0.132800 0.162900 0.173100 0.253600 0.211600 0.183000 0.188200 0.238600 0.155600 0.123900 0.162500 0.000000 0.176800 0.225000 0.145700 0.134800
Klipspring 0.104200 0.294700 0.103800 0.385300 0.144800 0.104100 0.114200 0.132200 0.104700 0.164800 0.104000 0.145100 0.143200 0.084100 0.145900 0.138800 0.276800 0.236500 0.094900 0.124900 0.174300 0.114700 0.196800 0.193000 0.104000 0.141200 0.124000 0.094000 0.170400 0.104800 0.227900 0.084100 0.253400 0.124000 0.105400 0.144700 0.132300 0.162900 0.161600 0.240300 0.187600 0.161300 0.164800 0.214000 0.155900 0.083500 0.162500 0.176800 0.000000 0.136100 0.124200 0.113700
ForestMusk 0.147600 0.236500 0.126300 0.322400 0.157600 0.147500 0.137300 0.135400 0.127400 0.122800 0.147400 0.169400 0.167200 0.147400 0.192200 0.173200 0.270900 0.205900 0.138100 0.127400 0.178600 0.137800 0.154300 0.162200 0.147400 0.165600 0.147400 0.137100 0.184900 0.127500 0.162900 0.147400 0.186700 0.147400 0.148600 0.168800 0.155700 0.187500 0.186000 0.196800 0.144900 0.186700 0.144700 0.183000 0.180500 0.125300 0.187000 0.225000 0.136100 0.000000 0.157200 0.115900
Bushbuck 0.074800 0.297600 0.045900 0.293100 0.104200 0.094500 0.104600 0.122800 0.036900 0.154000 0.094500 0.074900 0.123400 0.094400 0.146600 0.100400 0.280400 0.252400 0.085300 0.046300 0.133400 0.105100 0.163000 0.182700 0.094500 0.121700 0.104300 0.046000 0.110600 0.036900 0.205700 0.094400 0.229700 0.104300 0.105100 0.074600 0.122800 0.111900 0.152200 0.205700 0.153800 0.141600 0.176400 0.203700 0.084700 0.074200 0.112100 0.145700 0.124200 0.157200 0.000000 0.055300
GreaterKud 0.084500 0.294900 0.045700 0.291900 0.104300 0.084400 0.074800 0.073400 0.036700 0.120700 0.084400 0.065000 0.103000 0.084300 0.146100 0.109500 0.266900 0.239000 0.075200 0.036700 0.102900 0.075100 0.151600 0.170900 0.084400 0.091900 0.084200 0.045900 0.100700 0.036800 0.171100 0.084300 0.205800 0.084200 0.085400 0.064800 0.112400 0.102100 0.121400 0.193500 0.142400 0.111200 0.142200 0.191600 0.074800 0.064400 0.122000 0.134800 0.113700 0.115900 0.055300 0.000000
