1
52 1
Argali 0.000000 0.236500 0.060800 0.327200 0.075900 0.006700 0.073800 0.054500 0.095500 0.100000 0.026800 0.054100 0.068300 0.040200 0.102200 0.074700 0.104200 0.105200 0.026800 0.074600 0.069500 0.026700 0.075500 0.106400 0.040500 0.054000 0.061200 0.095500 0.060800 0.096400 0.099900 0.047400 0.167200 0.054400 0.060900 0.061200 0.026900 0.095900 0.040700 0.076600 0.068800 0.047100 0.085100 0.083900 0.061200 0.054300 0.074400 0.061800 0.112200 0.091400 0.088700 0.102800
LesserMous 0.236500 0.000000 0.222700 0.339100 0.301700 0.245900 0.307400 0.280800 0.246400 0.269100 0.246500 0.241700 0.298300 0.276900 0.282600 0.294000 0.293000 0.261800 0.264100 0.239300 0.281600 0.245100 0.290500 0.295300 0.255600 0.266900 0.291600 0.228900 0.275700 0.248800 0.276500 0.250000 0.263200 0.302100 0.252000 0.242500 0.247100 0.277300 0.262100 0.285800 0.257200 0.276700 0.269400 0.323100 0.242500 0.261400 0.282800 0.300700 0.320900 0.286500 0.256300 0.255600
LesserKudu 0.060800 0.222700 0.000000 0.300400 0.111100 0.053900 0.096200 0.075000 0.032400 0.091200 0.060600 0.051400 0.103200 0.060200 0.108600 0.102300 0.110100 0.096600 0.060600 0.012900 0.082300 0.074500 0.081700 0.112500 0.074500 0.074200 0.081500 0.032400 0.081100 0.032700 0.091000 0.067600 0.157400 0.088900 0.081100 0.058100 0.060700 0.101900 0.061000 0.082800 0.075000 0.067300 0.076600 0.104800 0.058100 0.060500 0.094600 0.068000 0.136600 0.097500 0.026000 0.039100
KillerWhal 0.327200 0.339100 0.300400 0.000000 0.358000 0.318100 0.309100 0.318000 0.325500 0.338000 0.307300 0.312700 0.352000 0.306100 0.355800 0.351300 0.296100 0.280900 0.299000 0.317700 0.310200 0.343200 0.316900 0.334100 0.316300 0.315100 0.335400 0.325300 0.323000 0.328500 0.338400 0.299500 0.263300 0.346000 0.333200 0.320200 0.308100 0.332300 0.314900 0.303100 0.309700 0.306400 0.318200 0.352900 0.320200 0.297900 0.330300 0.323600 0.352700 0.362000 0.326900 0.328000
DefassaWat 0.075900 0.301700 0.111100 0.358000 0.000000 0.068800 0.112300 0.090200 0.147300 0.115000 0.075600 0.089600 0.089900 0.075100 0.139300 0.118000 0.157000 0.135700 0.061500 0.125500 0.091300 0.104300 0.104800 0.129100 0.089900 0.089300 0.082600 0.147400 0.096400 0.148800 0.130200 0.075600 0.191900 0.075600 0.082100 0.111600 0.075800 0.060600 0.061700 0.098600 0.105200 0.082200 0.115000 0.106000 0.111600 0.089700 0.081700 0.112900 0.134800 0.144700 0.132800 0.155200
Sheep 0.006700 0.245900 0.053900 0.318100 0.068800 0.000000 0.066500 0.047600 0.088300 0.092600 0.020100 0.047200 0.061300 0.033400 0.109500 0.074700 0.097000 0.097800 0.020000 0.067600 0.062400 0.033500 0.068400 0.099000 0.033600 0.047100 0.054300 0.088400 0.053900 0.089100 0.092500 0.040500 0.159400 0.047500 0.053900 0.054200 0.020100 0.088700 0.033800 0.069500 0.061700 0.040300 0.077800 0.076700 0.054200 0.047400 0.067400 0.054700 0.104900 0.084100 0.081500 0.095600
MaxwellsDu 0.073800 0.307400 0.096200 0.309100 0.112300 0.066500 0.000000 0.089400 0.131900 0.122700 0.061200 0.103700 0.104200 0.060900 0.153900 0.103200 0.141400 0.127600 0.047400 0.110400 0.076500 0.089400 0.097100 0.106400 0.075300 0.082100 0.082400 0.132000 0.089000 0.133100 0.122500 0.068400 0.190900 0.089900 0.096300 0.111300 0.061300 0.117700 0.061700 0.083600 0.090300 0.075000 0.107500 0.106000 0.111300 0.089600 0.095700 0.105200 0.142100 0.150800 0.110300 0.139600
GazellaPrz 0.054500 0.280800 0.075000 0.318000 0.090200 0.047600 0.089400 0.000000 0.110100 0.107300 0.061400 0.082300 0.097200 0.054000 0.132000 0.067500 0.134000 0.120300 0.054400 0.089000 0.062200 0.075400 0.090000 0.106300 0.075400 0.026500 0.075400 0.110200 0.046800 0.111200 0.107100 0.054300 0.175600 0.068500 0.089300 0.089700 0.061500 0.110500 0.040700 0.069300 0.083100 0.019900 0.092300 0.083800 0.089700 0.068300 0.074600 0.076200 0.134900 0.113000 0.103300 0.117700
MountainNy 0.095500 0.246400 0.032400 0.325500 0.147300 0.088300 0.131900 0.110100 0.000000 0.127400 0.095100 0.072300 0.138900 0.080200 0.144400 0.137800 0.116300 0.117800 0.095100 0.019300 0.117600 0.109400 0.102400 0.133900 0.109400 0.094700 0.101900 0.012700 0.116100 0.025600 0.127200 0.087900 0.179600 0.124200 0.101400 0.093600 0.095300 0.137500 0.095600 0.103700 0.088500 0.087800 0.112300 0.126100 0.093600 0.095100 0.129800 0.103000 0.174000 0.133600 0.045600 0.006400
MuntiacusM 0.100000 0.269100 0.091200 0.338000 0.115000 0.092600 0.122700 0.107300 0.127400 0.000000 0.099800 0.098900 0.145300 0.084400 0.165300 0.135900 0.152700 0.123100 0.084800 0.105500 0.093700 0.129500 0.083000 0.106700 0.114800 0.106000 0.107000 0.127500 0.113400 0.128600 0.034400 0.077100 0.190300 0.115000 0.121500 0.106500 0.100000 0.105600 0.077800 0.076800 0.076300 0.098800 0.013500 0.099000 0.106500 0.084600 0.105400 0.123000 0.153800 0.139900 0.120200 0.135200
goat 0.026800 0.246500 0.060600 0.307300 0.075600 0.020100 0.061200 0.061400 0.095100 0.099800 0.000000 0.053900 0.082200 0.040100 0.116300 0.088600 0.118500 0.104900 0.026700 0.074300 0.055000 0.026600 0.075300 0.106100 0.013200 0.060700 0.061100 0.095200 0.067600 0.096000 0.099700 0.047300 0.135400 0.054200 0.046900 0.061000 0.000000 0.095600 0.040600 0.062000 0.068600 0.053800 0.085000 0.083700 0.061000 0.068000 0.074100 0.075700 0.111800 0.105800 0.088300 0.102400
AfricanBuf 0.054100 0.241700 0.051400 0.312700 0.089600 0.047200 0.103700 0.082300 0.072300 0.098900 0.053900 0.000000 0.081900 0.053400 0.116000 0.109800 0.088600 0.104200 0.053900 0.065500 0.097700 0.067700 0.089000 0.120300 0.067700 0.081400 0.074600 0.072300 0.088400 0.087400 0.098700 0.060700 0.150000 0.082000 0.074300 0.032900 0.054000 0.095100 0.068200 0.090300 0.082300 0.074500 0.084100 0.105100 0.032900 0.067700 0.087800 0.075400 0.129800 0.090400 0.079700 0.073600
Topi 0.068300 0.298300 0.103200 0.352000 0.089900 0.061300 0.104200 0.097200 0.138900 0.145300 0.082200 0.081900 0.000000 0.081700 0.138600 0.110300 0.140000 0.133800 0.068100 0.117400 0.105400 0.096500 0.118700 0.151600 0.089300 0.096200 0.046600 0.139100 0.088800 0.125300 0.145000 0.089500 0.205700 0.039900 0.074500 0.095900 0.082400 0.109900 0.082700 0.112700 0.111800 0.089100 0.129700 0.128000 0.095900 0.082100 0.102600 0.104800 0.133900 0.128200 0.132000 0.146700
CommonDuik 0.040200 0.276900 0.060200 0.306100 0.075100 0.033400 0.060900 0.054000 0.080200 0.084400 0.040100 0.053400 0.081700 0.000000 0.115600 0.081000 0.102900 0.089700 0.026500 0.073800 0.054700 0.067500 0.060800 0.090800 0.053800 0.053400 0.033200 0.080300 0.060200 0.095300 0.084300 0.019800 0.165700 0.053900 0.060300 0.074500 0.040200 0.080900 0.026700 0.061700 0.054200 0.046700 0.069900 0.068800 0.074500 0.053800 0.059900 0.075200 0.126300 0.111300 0.087700 0.087300
Suni 0.102200 0.282600 0.108600 0.355800 0.139300 0.109500 0.153900 0.132000 0.144400 0.165300 0.116300 0.116000 0.138600 0.115600 0.000000 0.152500 0.160900 0.147500 0.116300 0.122800 0.148000 0.116300 0.138800 0.171800 0.115800 0.130800 0.123300 0.144400 0.137900 0.145700 0.148500 0.123900 0.211500 0.131000 0.122800 0.116200 0.116500 0.129700 0.117000 0.140300 0.131800 0.123500 0.149500 0.163500 0.116200 0.101800 0.152000 0.124600 0.176800 0.156300 0.137500 0.152200
Springbuck 0.074700 0.294000 0.102300 0.351300 0.118000 0.074700 0.103200 0.067500 0.137800 0.135900 0.088600 0.109800 0.110300 0.081000 0.152500 0.000000 0.139600 0.126100 0.081500 0.116400 0.089800 0.081500 0.117700 0.119600 0.102800 0.066800 0.088500 0.138000 0.032800 0.124300 0.135700 0.081500 0.204800 0.095900 0.102200 0.117300 0.088700 0.138300 0.067700 0.097000 0.110900 0.060000 0.120600 0.111700 0.117300 0.095700 0.116200 0.118700 0.163500 0.156800 0.131000 0.145600
Okapi 0.104200 0.293000 0.110100 0.296100 0.157000 0.097000 0.141400 0.134000 0.116300 0.152700 0.118500 0.088600 0.140000 0.102900 0.160900 0.139600 0.000000 0.074600 0.089400 0.124400 0.150700 0.133100 0.125900 0.135900 0.125800 0.117800 0.125400 0.131000 0.124800 0.132400 0.152400 0.111000 0.148200 0.133500 0.124900 0.095700 0.118700 0.146600 0.119200 0.127700 0.119200 0.110700 0.137000 0.143100 0.095700 0.118300 0.153900 0.119500 0.180100 0.149600 0.124400 0.123800
Giraffe 0.105200 0.261800 0.096600 0.280900 0.135700 0.097800 0.127600 0.120300 0.117800 0.123100 0.104900 0.104200 0.133800 0.089700 0.147500 0.126100 0.074600 0.000000 0.090200 0.110900 0.121600 0.134500 0.083000 0.121300 0.112100 0.104300 0.112000 0.132700 0.111400 0.118900 0.122900 0.097700 0.126800 0.119800 0.111400 0.103800 0.105000 0.118200 0.090800 0.098900 0.090100 0.097200 0.107700 0.114000 0.103800 0.104700 0.125600 0.128100 0.182100 0.151400 0.110800 0.125400
TibetanAnt 0.026800 0.264100 0.060600 0.299000 0.061500 0.020000 0.047400 0.054400 0.095100 0.084800 0.026700 0.053900 0.068100 0.026500 0.116300 0.081500 0.089400 0.090200 0.000000 0.074300 0.055000 0.054000 0.061200 0.076700 0.040300 0.053800 0.047100 0.095200 0.060600 0.096000 0.084700 0.033500 0.151000 0.040400 0.046900 0.060900 0.026800 0.081300 0.026900 0.062000 0.054500 0.047000 0.070200 0.069200 0.060900 0.054000 0.060300 0.054600 0.111900 0.091000 0.074300 0.102400
Sitatunga 0.074600 0.239300 0.012900 0.317700 0.125500 0.067600 0.110400 0.089000 0.019300 0.105500 0.074300 0.065500 0.117400 0.073800 0.122800 0.116400 0.124400 0.110900 0.074300 0.000000 0.096300 0.088400 0.095700 0.127000 0.088300 0.088000 0.095400 0.019300 0.095000 0.032600 0.105400 0.081400 0.172500 0.102900 0.095000 0.072400 0.074500 0.116000 0.074800 0.096900 0.088900 0.081100 0.090800 0.119200 0.072400 0.074200 0.108600 0.081900 0.151500 0.111800 0.025800 0.025900
Oribi 0.069500 0.281600 0.082300 0.310200 0.091300 0.062400 0.076500 0.062200 0.117600 0.093700 0.055000 0.097700 0.105400 0.054700 0.148000 0.089800 0.150700 0.121600 0.055000 0.096300 0.000000 0.083200 0.091000 0.107700 0.069100 0.061500 0.069000 0.117700 0.068500 0.118700 0.093600 0.055000 0.191400 0.076400 0.090300 0.105300 0.055100 0.111700 0.041200 0.048500 0.084200 0.054600 0.078800 0.084900 0.105300 0.083500 0.089600 0.106500 0.128500 0.129500 0.110700 0.125100
BarbaryShe 0.026700 0.245100 0.074500 0.343200 0.104300 0.033500 0.089400 0.075400 0.109400 0.129500 0.026600 0.067700 0.096500 0.067500 0.116300 0.081500 0.133100 0.134500 0.054000 0.088400 0.083200 0.000000 0.103900 0.135900 0.040100 0.074600 0.089100 0.109500 0.067500 0.110400 0.129300 0.075100 0.166100 0.082200 0.074500 0.060800 0.026700 0.124400 0.068300 0.090500 0.097100 0.067700 0.114200 0.112800 0.060800 0.082000 0.102300 0.090000 0.111300 0.113000 0.102600 0.116900
Daviddeer 0.075500 0.290500 0.081700 0.316900 0.104800 0.068400 0.097100 0.090000 0.102400 0.083000 0.075300 0.089000 0.118700 0.060800 0.138800 0.117700 0.125900 0.083000 0.061200 0.095700 0.091000 0.103900 0.000000 0.068000 0.089500 0.074900 0.082200 0.117000 0.096100 0.103500 0.075700 0.068300 0.174900 0.089700 0.096100 0.096400 0.075400 0.102900 0.067500 0.040100 0.032900 0.067900 0.068600 0.060800 0.096400 0.075100 0.095600 0.097600 0.141600 0.128400 0.095600 0.109900
Reindeer 0.106400 0.295300 0.112500 0.334100 0.129100 0.099000 0.106400 0.106300 0.133900 0.106700 0.106100 0.120300 0.151600 0.090800 0.171800 0.119600 0.135900 0.121300 0.076700 0.127000 0.107700 0.135900 0.068000 0.000000 0.121000 0.090500 0.113400 0.149200 0.112400 0.135300 0.099100 0.091200 0.194700 0.121300 0.127800 0.128100 0.106400 0.134500 0.077000 0.054700 0.047200 0.083400 0.091800 0.054600 0.128100 0.105800 0.126800 0.122100 0.176000 0.161900 0.127000 0.141800
Ibex 0.040500 0.255600 0.074500 0.316300 0.089900 0.033600 0.075300 0.075400 0.109400 0.114800 0.013200 0.067700 0.089300 0.053800 0.115800 0.102800 0.125800 0.112100 0.040300 0.088300 0.069100 0.040100 0.089500 0.121000 0.000000 0.074600 0.075000 0.109400 0.081500 0.110300 0.114600 0.061100 0.142800 0.068200 0.060600 0.067900 0.013300 0.109900 0.054400 0.076200 0.082800 0.067700 0.099700 0.098200 0.067900 0.082100 0.088100 0.090000 0.126500 0.120600 0.102500 0.116800
GyrantGaze 0.054000 0.266900 0.074200 0.315100 0.089300 0.047100 0.082100 0.026500 0.094700 0.106000 0.060700 0.081400 0.096200 0.053400 0.130800 0.066800 0.117800 0.104300 0.053800 0.088000 0.061500 0.074600 0.074900 0.090500 0.074600 0.000000 0.074600 0.109100 0.046400 0.095700 0.105900 0.053800 0.158100 0.067800 0.088300 0.088700 0.060800 0.109400 0.040200 0.054500 0.068100 0.006400 0.091200 0.068600 0.088700 0.067700 0.060000 0.075400 0.133400 0.111800 0.102300 0.102100
Hartebeest 0.061200 0.291600 0.081500 0.335400 0.082600 0.054300 0.082400 0.075400 0.101900 0.107000 0.061100 0.074600 0.046600 0.033200 0.123300 0.088500 0.125400 0.112000 0.047100 0.095400 0.069000 0.089100 0.082200 0.113400 0.075000 0.074600 0.000000 0.102000 0.067500 0.103000 0.106900 0.040200 0.190400 0.019700 0.053600 0.096300 0.061200 0.088200 0.047400 0.076100 0.075500 0.067700 0.092100 0.090800 0.096300 0.060800 0.081100 0.097300 0.126200 0.120400 0.109700 0.109200
Bongo 0.095500 0.228900 0.032400 0.325300 0.147400 0.088400 0.132000 0.110200 0.012700 0.127500 0.095200 0.072300 0.139100 0.080300 0.144400 0.138000 0.131000 0.132700 0.095200 0.019300 0.117700 0.109500 0.117000 0.149200 0.109400 0.109100 0.102000 0.000000 0.116200 0.038900 0.127200 0.073900 0.195600 0.124300 0.101500 0.093700 0.095300 0.137500 0.095700 0.118500 0.102900 0.102000 0.112400 0.141200 0.093700 0.095100 0.129900 0.103000 0.174200 0.133700 0.045600 0.019200
Gerenuk 0.060800 0.275700 0.081100 0.323000 0.096400 0.053900 0.089000 0.046800 0.116100 0.113400 0.067600 0.088400 0.088800 0.060200 0.137900 0.032800 0.124800 0.111400 0.060600 0.095000 0.068500 0.067500 0.096100 0.112400 0.081500 0.046400 0.067500 0.116200 0.000000 0.102700 0.113200 0.060600 0.181200 0.074700 0.081100 0.095700 0.067700 0.116500 0.047000 0.075500 0.089300 0.039700 0.098400 0.089900 0.095700 0.074600 0.094900 0.096900 0.140800 0.134300 0.109400 0.123600
CommonElan 0.096400 0.248800 0.032700 0.328500 0.148800 0.089100 0.133100 0.111200 0.025600 0.128600 0.096000 0.087400 0.125300 0.095300 0.145700 0.124300 0.132400 0.118900 0.096000 0.032600 0.118700 0.110400 0.103500 0.135300 0.110300 0.095700 0.103000 0.038900 0.102700 0.000000 0.128400 0.103400 0.181500 0.110600 0.102300 0.094400 0.096100 0.138700 0.096500 0.104700 0.089300 0.088600 0.113400 0.127200 0.094400 0.095900 0.131100 0.104000 0.160100 0.135000 0.046000 0.032500
MuntiacusR 0.099900 0.276500 0.091000 0.338400 0.130200 0.092500 0.122500 0.107100 0.127200 0.034400 0.099700 0.098700 0.145000 0.084300 0.148500 0.135700 0.152400 0.122900 0.084700 0.105400 0.093600 0.129300 0.075700 0.099100 0.114600 0.105900 0.106900 0.127200 0.113200 0.128400 0.000000 0.077000 0.210400 0.114800 0.121300 0.106300 0.099900 0.128000 0.077700 0.069500 0.069000 0.098700 0.020500 0.091500 0.106300 0.084400 0.120200 0.122900 0.169700 0.131900 0.120000 0.134900
HarveysDui 0.047400 0.250000 0.067600 0.299500 0.075600 0.040500 0.068400 0.054300 0.087900 0.077100 0.047300 0.060700 0.089500 0.019800 0.123900 0.081500 0.111000 0.097700 0.033500 0.081400 0.055000 0.075100 0.068300 0.091200 0.061100 0.053800 0.040200 0.073900 0.060600 0.103400 0.077000 0.000000 0.175000 0.061300 0.067700 0.082100 0.047400 0.088600 0.026900 0.062000 0.061600 0.046900 0.062600 0.069200 0.082100 0.061200 0.067300 0.083000 0.134800 0.119900 0.095600 0.095200
Pronghorn 0.167200 0.263200 0.157400 0.263300 0.191900 0.159400 0.190900 0.175600 0.179600 0.190300 0.135400 0.150000 0.205700 0.165700 0.211500 0.204800 0.148200 0.126800 0.151000 0.172500 0.191400 0.166100 0.174900 0.194700 0.142800 0.158100 0.190400 0.195600 0.181200 0.181500 0.210400 0.175000 0.000000 0.166900 0.157700 0.141800 0.135700 0.180100 0.167700 0.161100 0.167700 0.150500 0.190400 0.185900 0.141800 0.182100 0.164600 0.168000 0.215600 0.176900 0.188200 0.188000
BlueWildeb 0.054400 0.302100 0.088900 0.346000 0.075600 0.047500 0.089900 0.068500 0.124200 0.115000 0.054200 0.082000 0.039900 0.053900 0.131000 0.095900 0.133500 0.119800 0.040400 0.102900 0.076400 0.082200 0.089700 0.121300 0.068200 0.067800 0.019700 0.124300 0.074700 0.110600 0.114800 0.061300 0.166900 0.000000 0.046900 0.089300 0.054300 0.095600 0.054500 0.083600 0.082900 0.060900 0.099900 0.098400 0.089300 0.068000 0.074300 0.075900 0.119200 0.098400 0.117300 0.131800
Gemsbok 0.060900 0.252000 0.081100 0.333200 0.082100 0.053900 0.096300 0.089300 0.101400 0.121500 0.046900 0.074300 0.074500 0.060300 0.122800 0.102200 0.124900 0.111400 0.046900 0.095000 0.090300 0.074500 0.096100 0.127800 0.060600 0.088300 0.053600 0.101500 0.081100 0.102300 0.121300 0.067700 0.157700 0.046900 0.000000 0.081500 0.047000 0.102000 0.061000 0.097500 0.082200 0.081300 0.106400 0.104900 0.081500 0.074500 0.094800 0.096800 0.133200 0.127500 0.109200 0.108700
Yak 0.061200 0.242500 0.058100 0.320200 0.111600 0.054200 0.111300 0.089700 0.093600 0.106500 0.061000 0.032900 0.095900 0.074500 0.116200 0.117300 0.095700 0.103800 0.060900 0.072400 0.105300 0.060800 0.096400 0.128100 0.067900 0.088700 0.096300 0.093700 0.095700 0.094400 0.106300 0.082100 0.141800 0.089300 0.081500 0.000000 0.061100 0.117000 0.075400 0.097800 0.089700 0.081700 0.091600 0.112800 0.000000 0.074900 0.109500 0.082600 0.122800 0.090600 0.072100 0.095100
BlueSheep 0.026900 0.247100 0.060700 0.308100 0.075800 0.020100 0.061300 0.061500 0.095300 0.100000 0.000000 0.054000 0.082400 0.040200 0.116500 0.088700 0.118700 0.105000 0.026800 0.074500 0.055100 0.026700 0.075400 0.106400 0.013300 0.060800 0.061200 0.095300 0.067700 0.096100 0.099900 0.047400 0.135700 0.054300 0.047000 0.061100 0.000000 0.095800 0.040700 0.062100 0.068700 0.053900 0.085100 0.083800 0.061100 0.068200 0.074200 0.075900 0.112000 0.106000 0.088500 0.102600
BohorReedb 0.095900 0.277300 0.101900 0.332300 0.060600 0.088700 0.117700 0.110500 0.137500 0.105600 0.095600 0.095100 0.109900 0.080900 0.129700 0.138300 0.146600 0.118200 0.081300 0.116000 0.111700 0.124400 0.102900 0.134500 0.109900 0.109400 0.088200 0.137500 0.116500 0.138700 0.128000 0.088600 0.180100 0.095600 0.102000 0.117000 0.095800 0.000000 0.067600 0.104200 0.096100 0.102300 0.113100 0.126700 0.117000 0.081100 0.087300 0.118100 0.139700 0.149500 0.130500 0.145200
KirksDik 0.040700 0.262100 0.061000 0.314900 0.061700 0.033800 0.061700 0.040700 0.095600 0.077800 0.040600 0.068200 0.082700 0.026700 0.117000 0.067700 0.119200 0.090800 0.026900 0.074800 0.041200 0.068300 0.067500 0.077000 0.054400 0.040200 0.047400 0.095700 0.047000 0.096500 0.077700 0.026900 0.167700 0.054500 0.061000 0.075400 0.040700 0.067600 0.000000 0.048100 0.060700 0.033500 0.063200 0.055200 0.075400 0.054300 0.060600 0.080200 0.127600 0.113000 0.088900 0.103000
RoeDeer 0.076600 0.285800 0.082800 0.303100 0.098600 0.069500 0.083600 0.069300 0.103700 0.076800 0.062000 0.090300 0.112700 0.061700 0.140300 0.097000 0.127700 0.098900 0.062000 0.096900 0.048500 0.090500 0.040100 0.054700 0.076200 0.054500 0.076100 0.118500 0.075500 0.104700 0.069500 0.062000 0.161100 0.083600 0.097500 0.097800 0.062100 0.104200 0.048100 0.000000 0.033500 0.047600 0.062400 0.047600 0.097800 0.076100 0.096700 0.098900 0.112600 0.114900 0.111400 0.111200
WhiteLippe 0.068800 0.257200 0.075000 0.309700 0.105200 0.061700 0.090300 0.083100 0.088500 0.076300 0.068600 0.082300 0.111800 0.054200 0.131800 0.110900 0.119200 0.090100 0.054500 0.088900 0.084200 0.097100 0.032900 0.047200 0.082800 0.068100 0.075500 0.102900 0.089300 0.089300 0.069000 0.061600 0.167700 0.082900 0.082200 0.089700 0.068700 0.096100 0.060700 0.033500 0.000000 0.061200 0.062000 0.054200 0.089700 0.068400 0.088700 0.090600 0.134800 0.120800 0.103200 0.095900
ThomsonGaz 0.047100 0.276700 0.067300 0.306400 0.082200 0.040300 0.075000 0.019900 0.087800 0.098800 0.053800 0.074500 0.089100 0.046700 0.123500 0.060000 0.110700 0.097200 0.047000 0.081100 0.054600 0.067700 0.067900 0.083400 0.067700 0.006400 0.067700 0.102000 0.039700 0.088600 0.098700 0.046900 0.150500 0.060900 0.081300 0.081700 0.053900 0.102300 0.033500 0.047600 0.061200 0.000000 0.084100 0.061600 0.081700 0.060800 0.067000 0.068400 0.126100 0.104400 0.095200 0.095100
MuntiacusC 0.085100 0.269400 0.076600 0.318200 0.115000 0.077800 0.107500 0.092300 0.112300 0.013500 0.085000 0.084100 0.129700 0.069900 0.149500 0.120600 0.137000 0.107700 0.070200 0.090800 0.078800 0.114200 0.068600 0.091800 0.099700 0.091200 0.092100 0.112400 0.098400 0.113400 0.020500 0.062600 0.190400 0.099900 0.106400 0.091600 0.085100 0.113100 0.063200 0.062400 0.062000 0.084100 0.000000 0.084200 0.091600 0.069900 0.105400 0.107700 0.153900 0.124200 0.105200 0.120000
WhiteTaile 0.083900 0.323100 0.104800 0.352900 0.106000 0.076700 0.106000 0.083800 0.126100 0.099000 0.083700 0.105100 0.128000 0.068800 0.163500 0.111700 0.143100 0.114000 0.069200 0.119200 0.084900 0.112800 0.060800 0.054600 0.098200 0.068600 0.090800 0.141200 0.089900 0.127200 0.091500 0.069200 0.185900 0.098400 0.104900 0.112800 0.083800 0.126700 0.055200 0.047600 0.054200 0.061600 0.084200 0.000000 0.112800 0.098100 0.104100 0.121500 0.167500 0.154000 0.134000 0.133800
Cattle 0.061200 0.242500 0.058100 0.320200 0.111600 0.054200 0.111300 0.089700 0.093600 0.106500 0.061000 0.032900 0.095900 0.074500 0.116200 0.117300 0.095700 0.103800 0.060900 0.072400 0.105300 0.060800 0.096400 0.128100 0.067900 0.088700 0.096300 0.093700 0.095700 0.094400 0.106300 0.082100 0.141800 0.089300 0.081500 0.000000 0.061100 0.117000 0.075400 0.097800 0.089700 0.081700 0.091600 0.112800 0.000000 0.074900 0.109500 0.082600 0.122800 0.090600 0.072100 0.095100
RoyalAntel 0.054300 0.261400 0.060500 0.297900 0.089700 0.047400 0.089600 0.068300 0.095100 0.084600 0.068000 0.067700 0.082100 0.053800 0.101800 0.095700 0.118300 0.104700 0.054000 0.074200 0.083500 0.082000 0.075100 0.105800 0.082100 0.067700 0.060800 0.095100 0.074600 0.095900 0.084400 0.061200 0.182100 0.068000 0.074500 0.074900 0.068200 0.081100 0.054300 0.076100 0.068400 0.060800 0.069900 0.098100 0.074900 0.000000 0.088200 0.075600 0.111000 0.105500 0.088300 0.102400
Steenbok 0.074400 0.282800 0.094600 0.330300 0.081700 0.067400 0.095700 0.074600 0.129800 0.105400 0.074100 0.087800 0.102600 0.059900 0.152000 0.116200 0.153900 0.125600 0.060300 0.108600 0.089600 0.102300 0.095600 0.126800 0.088100 0.060000 0.081100 0.129900 0.094900 0.131100 0.120200 0.067300 0.164600 0.074300 0.094800 0.109500 0.074200 0.087300 0.060600 0.096700 0.088700 0.067000 0.105400 0.104100 0.109500 0.088200 0.000000 0.089200 0.147100 0.133300 0.123100 0.137400
Impala 0.061800 0.300700 0.068000 0.323600 0.112900 0.054700 0.105200 0.076200 0.103000 0.123000 0.075700 0.075400 0.104800 0.075200 0.124600 0.118700 0.119500 0.128100 0.054600 0.081900 0.106500 0.090000 0.097600 0.122100 0.090000 0.075400 0.097300 0.103000 0.096900 0.104000 0.122900 0.083000 0.168000 0.075900 0.096800 0.082600 0.075900 0.118100 0.080200 0.098900 0.090600 0.068400 0.107700 0.121500 0.082600 0.075600 0.089200 0.000000 0.120000 0.105200 0.089100 0.110500
Klipspring 0.112200 0.320900 0.136600 0.352700 0.134800 0.104900 0.142100 0.134900 0.174000 0.153800 0.111800 0.129800 0.133900 0.126300 0.176800 0.163500 0.180100 0.182100 0.111900 0.151500 0.128500 0.111300 0.141600 0.176000 0.126500 0.133400 0.126200 0.174200 0.140800 0.160100 0.169700 0.134800 0.215600 0.119200 0.133200 0.122800 0.112000 0.139700 0.127600 0.112600 0.134800 0.126100 0.153900 0.167500 0.122800 0.111000 0.147100 0.120000 0.000000 0.129000 0.166700 0.182100
ForestMusk 0.091400 0.286500 0.097500 0.362000 0.144700 0.084100 0.150800 0.113000 0.133600 0.139900 0.105800 0.090400 0.128200 0.111300 0.156300 0.156800 0.149600 0.151400 0.091000 0.111800 0.129500 0.113000 0.128400 0.161900 0.120600 0.111800 0.120400 0.133700 0.134300 0.135000 0.131900 0.119900 0.176900 0.098400 0.127500 0.090600 0.106000 0.149500 0.113000 0.114900 0.120800 0.104400 0.124200 0.154000 0.090600 0.105500 0.133300 0.105200 0.129000 0.000000 0.126600 0.141500
Bushbuck 0.088700 0.256300 0.026000 0.326900 0.132800 0.081500 0.110300 0.103300 0.045600 0.120200 0.088300 0.079700 0.132000 0.087700 0.137500 0.131000 0.124400 0.110800 0.074300 0.025800 0.110700 0.102600 0.095600 0.127000 0.102500 0.102300 0.109700 0.045600 0.109400 0.046000 0.120000 0.095600 0.188200 0.117300 0.109200 0.072100 0.088500 0.130500 0.088900 0.111400 0.103200 0.095200 0.105200 0.134000 0.072100 0.088300 0.123100 0.089100 0.166700 0.126600 0.000000 0.052400
GreaterKud 0.102800 0.255600 0.039100 0.328000 0.155200 0.095600 0.139600 0.117700 0.006400 0.135200 0.102400 0.073600 0.146700 0.087300 0.152200 0.145600 0.123800 0.125400 0.102400 0.025900 0.125100 0.116900 0.109900 0.141800 0.116800 0.102100 0.109200 0.019200 0.123600 0.032500 0.134900 0.095200 0.188000 0.131800 0.108700 0.095100 0.102600 0.145200 0.103000 0.111200 0.095900 0.095100 0.120000 0.133800 0.095100 0.102400 0.137400 0.110500 0.182100 0.141500 0.052400 0.000000
