CODONML (in paml version 4.10.7, June 2023)  /home/rachel/ruminants_paml/6406-phy-tree/ENSBTAT00000000566.fasta.phy
Model: free dN/dS Ratios for branches,  kappa = 2.000 fixed

Codon frequency model: F3x4
ns =  54  ls =  69

Codon usage in sequences
--------------------------------------------------------------------------------------------------------------------------------------
Phe TTT   1   0   3   1   1   1 | Ser TCT   1   0   0   1   0   0 | Tyr TAT   1   2   0   1   1   1 | Cys TGT   0   0   0   1   0   0
    TTC   2   3   1   3   2   2 |     TCC   1   3   3   2   3   3 |     TAC   4   3   4   3   5   4 |     TGC   3   3   3   2   3   3
Leu TTA   0   0   0   0   0   0 |     TCA   0   1   0   0   0   0 | *** TAA   0   0   0   0   0   0 | *** TGA   0   0   0   0   0   0
    TTG   0   0   1   0   0   0 |     TCG   1   0   0   1   0   0 |     TAG   0   0   0   0   0   0 | Trp TGG   1   1   1   1   1   1
--------------------------------------------------------------------------------------------------------------------------------------
Leu CTT   0   0   0   1   0   0 | Pro CCT   1   0   1   0   0   0 | His CAT   0   0   0   0   0   0 | Arg CGT   0   0   0   0   1   1
    CTC   2   2   2   2   1   2 |     CCC   1   2   1   1   1   0 |     CAC   2   2   2   2   2   2 |     CGC   1   1   1   1   1   1
    CTA   0   0   0   0   0   0 |     CCA   0   0   0   0   1   0 | Gln CAA   0   1   0   0   0   0 |     CGA   1   1   1   1   0   0
    CTG   4   4   3   4   5   5 |     CCG   1   0   1   0   0   1 |     CAG   5   4   5   5   5   5 |     CGG   2   2   2   2   1   1
--------------------------------------------------------------------------------------------------------------------------------------
Ile ATT   1   0   1   1   0   1 | Thr ACT   0   0   0   0   0   0 | Asn AAT   0   0   0   0   0   0 | Ser AGT   0   0   0   0   0   0
    ATC   3   3   3   3   4   3 |     ACC   2   2   2   2   2   2 |     AAC   1   1   1   1   1   2 |     AGC   2   3   2   2   1   1
    ATA   0   0   0   0   0   0 |     ACA   0   0   0   0   0   0 | Lys AAA   1   1   1   1   1   0 | Arg AGA   0   0   0   0   0   1
Met ATG   0   0   0   0   0   0 |     ACG   1   1   1   1   1   1 |     AAG   0   0   0   0   0   0 |     AGG   2   2   2   2   3   3
--------------------------------------------------------------------------------------------------------------------------------------
Val GTT   0   0   0   0   1   0 | Ala GCT   1   2   1   1   1   3 | Asp GAT   2   2   2   2   1   2 | Gly GGT   0   0   0   0   0   1
    GTC   0   1   0   0   0   0 |     GCC   3   2   3   3   2   2 |     GAC   5   5   6   5   7   6 |     GGC   2   2   2   2   2   1
    GTA   0   0   0   0   0   0 |     GCA   0   0   0   0   0   0 | Glu GAA   1   1   1   1   1   0 |     GGA   0   0   0   0   0   0
    GTG   4   4   4   4   4   4 |     GCG   0   0   0   0   1   0 |     GAG   3   2   2   3   2   3 |     GGG   0   0   0   0   0   0
--------------------------------------------------------------------------------------------------------------------------------------

--------------------------------------------------------------------------------------------------------------------------------------
Phe TTT   1   1   1   1   3   1 | Ser TCT   1   1   1   1   0   1 | Tyr TAT   0   1   1   1   0   2 | Cys TGT   0   0   0   0   0   0
    TTC   2   2   2   2   1   2 |     TCC   2   1   1   1   3   2 |     TAC   5   4   4   5   4   3 |     TGC   3   3   3   3   3   3
Leu TTA   0   0   0   0   0   0 |     TCA   0   0   0   1   0   0 | *** TAA   0   0   0   0   0   0 | *** TGA   0   0   0   0   0   0
    TTG   0   0   0   0   0   1 |     TCG   0   1   1   0   0   0 |     TAG   0   0   0   0   0   0 | Trp TGG   1   1   1   1   1   1
--------------------------------------------------------------------------------------------------------------------------------------
Leu CTT   0   0   0   0   0   0 | Pro CCT   1   1   1   1   1   1 | His CAT   0   0   0   1   0   0 | Arg CGT   0   0   0   0   0   0
    CTC   2   2   2   2   2   2 |     CCC   1   1   1   1   1   1 |     CAC   2   2   2   1   2   2 |     CGC   1   1   1   1   1   1
    CTA   0   0   0   0   0   0 |     CCA   1   0   1   1   1   0 | Gln CAA   0   0   0   0   0   0 |     CGA   1   1   2   1   1   1
    CTG   4   4   4   4   4   4 |     CCG   0   1   0   0   0   1 |     CAG   5   5   5   5   5   5 |     CGG   2   2   1   2   2   2
--------------------------------------------------------------------------------------------------------------------------------------
Ile ATT   1   1   1   1   1   1 | Thr ACT   0   0   0   0   0   1 | Asn AAT   0   0   1   0   0   0 | Ser AGT   0   0   0   0   0   0
    ATC   3   3   3   3   3   3 |     ACC   2   2   2   2   2   1 |     AAC   2   1   0   1   1   1 |     AGC   2   2   2   2   2   2
    ATA   0   0   0   0   0   0 |     ACA   0   0   0   0   0   0 | Lys AAA   1   1   1   1   1   0 | Arg AGA   0   0   0   0   0   1
Met ATG   0   0   0   0   0   0 |     ACG   1   1   1   1   1   1 |     AAG   0   0   0   0   0   0 |     AGG   2   2   2   2   2   2
--------------------------------------------------------------------------------------------------------------------------------------
Val GTT   0   0   0   0   0   0 | Ala GCT   1   1   1   0   1   1 | Asp GAT   3   2   2   1   2   2 | Gly GGT   0   0   0   0   0   0
    GTC   0   0   0   0   0   0 |     GCC   3   3   3   4   3   3 |     GAC   3   5   5   5   6   5 |     GGC   2   2   2   2   2   2
    GTA   0   0   0   0   0   0 |     GCA   0   0   0   0   0   0 | Glu GAA   1   1   1   1   1   1 |     GGA   0   0   0   0   0   0
    GTG   4   4   4   4   4   3 |     GCG   0   0   0   0   0   0 |     GAG   3   3   3   3   2   3 |     GGG   0   0   0   0   0   0
--------------------------------------------------------------------------------------------------------------------------------------

--------------------------------------------------------------------------------------------------------------------------------------
Phe TTT   1   3   1   1   1   2 | Ser TCT   1   1   1   1   1   1 | Tyr TAT   1   0   0   1   1   1 | Cys TGT   0   0   0   0   0   0
    TTC   2   1   2   2   2   1 |     TCC   1   2   1   1   1   1 |     TAC   4   4   5   4   4   4 |     TGC   3   3   3   3   3   3
Leu TTA   0   0   0   0   0   0 |     TCA   0   0   0   0   0   0 | *** TAA   0   0   0   0   0   0 | *** TGA   0   0   0   0   0   0
    TTG   0   0   0   0   0   0 |     TCG   0   0   1   1   1   1 |     TAG   0   0   0   0   0   0 | Trp TGG   1   1   1   1   1   1
--------------------------------------------------------------------------------------------------------------------------------------
Leu CTT   0   0   0   0   0   0 | Pro CCT   1   1   1   1   1   1 | His CAT   0   0   0   0   0   0 | Arg CGT   0   0   0   0   0   0
    CTC   2   2   2   2   2   2 |     CCC   1   1   1   1   1   1 |     CAC   2   2   2   2   2   3 |     CGC   1   1   1   1   1   1
    CTA   0   0   0   0   0   0 |     CCA   0   0   0   1   1   1 | Gln CAA   0   0   0   0   0   0 |     CGA   1   1   1   1   1   1
    CTG   4   4   4   4   4   4 |     CCG   1   1   1   0   0   0 |     CAG   5   5   5   5   5   5 |     CGG   2   2   2   2   2   2
--------------------------------------------------------------------------------------------------------------------------------------
Ile ATT   1   1   1   1   0   1 | Thr ACT   0   0   0   0   0   0 | Asn AAT   0   0   0   0   0   0 | Ser AGT   0   0   0   0   0   0
    ATC   3   2   3   3   3   3 |     ACC   2   2   2   2   2   2 |     AAC   1   1   1   1   1   1 |     AGC   2   2   2   2   2   2
    ATA   0   0   0   0   0   0 |     ACA   0   0   0   0   0   0 | Lys AAA   1   1   1   1   1   1 | Arg AGA   0   0   0   0   0   0
Met ATG   0   0   0   0   0   0 |     ACG   1   1   1   1   1   1 |     AAG   0   0   0   0   0   0 |     AGG   2   2   2   2   2   2
--------------------------------------------------------------------------------------------------------------------------------------
Val GTT   0   0   0   0   1   0 | Ala GCT   1   1   0   1   1   0 | Asp GAT   2   2   2   2   2   2 | Gly GGT   0   0   0   0   0   0
    GTC   0   1   0   0   0   0 |     GCC   3   3   4   3   3   4 |     GAC   5   5   5   5   5   4 |     GGC   2   2   2   2   2   2
    GTA   0   0   0   0   0   0 |     GCA   0   0   0   0   0   0 | Glu GAA   1   1   1   1   1   1 |     GGA   0   0   0   0   0   0
    GTG   4   4   4   4   4   4 |     GCG   1   0   0   0   0   0 |     GAG   3   3   3   3   3   3 |     GGG   0   0   0   0   0   0
--------------------------------------------------------------------------------------------------------------------------------------

--------------------------------------------------------------------------------------------------------------------------------------
Phe TTT   1   1   1   3   1   1 | Ser TCT   1   1   1   0   1   1 | Tyr TAT   1   1   1   0   1   1 | Cys TGT   0   0   0   0   0   0
    TTC   2   2   2   1   2   2 |     TCC   2   2   1   3   1   1 |     TAC   4   4   4   4   4   4 |     TGC   3   3   3   3   3   3
Leu TTA   0   0   0   0   0   0 |     TCA   0   0   0   0   0   0 | *** TAA   0   0   0   0   0   0 | *** TGA   0   0   0   0   0   0
    TTG   0   0   0   0   0   0 |     TCG   0   0   1   0   1   0 |     TAG   0   0   0   0   0   0 | Trp TGG   1   1   1   1   1   1
--------------------------------------------------------------------------------------------------------------------------------------
Leu CTT   0   0   0   0   0   0 | Pro CCT   1   1   1   1   0   1 | His CAT   0   0   0   0   0   0 | Arg CGT   0   0   0   0   0   0
    CTC   2   2   2   2   2   2 |     CCC   1   1   1   1   1   1 |     CAC   2   2   2   2   3   2 |     CGC   1   1   1   1   1   1
    CTA   0   0   0   0   0   0 |     CCA   1   1   0   0   1   1 | Gln CAA   0   0   0   0   0   0 |     CGA   1   1   1   1   1   1
    CTG   4   4   4   4   4   4 |     CCG   0   0   1   1   0   0 |     CAG   5   5   5   5   5   5 |     CGG   2   2   2   2   2   2
--------------------------------------------------------------------------------------------------------------------------------------
Ile ATT   2   2   1   1   1   1 | Thr ACT   0   0   0   0   0   0 | Asn AAT   0   0   0   0   0   0 | Ser AGT   0   0   0   0   1   0
    ATC   2   2   3   3   3   3 |     ACC   2   2   2   2   2   2 |     AAC   1   1   1   1   1   1 |     AGC   2   2   2   2   1   2
    ATA   0   0   0   0   0   0 |     ACA   0   0   0   0   0   0 | Lys AAA   1   1   1   1   1   1 | Arg AGA   0   0   0   0   0   0
Met ATG   0   0   0   0   0   0 |     ACG   1   1   1   1   1   1 |     AAG   0   0   0   0   0   0 |     AGG   2   2   2   2   2   2
--------------------------------------------------------------------------------------------------------------------------------------
Val GTT   0   0   0   0   0   0 | Ala GCT   1   1   1   1   1   1 | Asp GAT   2   2   2   2   2   2 | Gly GGT   0   0   0   0   0   0
    GTC   0   0   0   0   0   0 |     GCC   3   3   3   3   4   3 |     GAC   5   5   5   6   4   5 |     GGC   2   2   2   2   2   2
    GTA   0   0   1   0   0   0 |     GCA   0   0   0   0   0   0 | Glu GAA   1   1   1   1   1   1 |     GGA   0   0   0   0   0   0
    GTG   4   4   3   4   4   4 |     GCG   0   0   0   0   0   1 |     GAG   3   3   3   2   3   3 |     GGG   0   0   0   0   0   0
--------------------------------------------------------------------------------------------------------------------------------------

--------------------------------------------------------------------------------------------------------------------------------------
Phe TTT   1   1   1   1   1   3 | Ser TCT   1   1   1   1   1   0 | Tyr TAT   2   2   1   1   0   0 | Cys TGT   0   0   0   0   0   0
    TTC   2   2   2   2   2   1 |     TCC   2   2   1   1   1   3 |     TAC   3   3   4   4   5   4 |     TGC   3   3   3   3   3   3
Leu TTA   0   0   0   0   0   0 |     TCA   0   0   0   1   0   0 | *** TAA   0   0   0   0   0   0 | *** TGA   0   0   0   0   0   0
    TTG   1   1   0   0   0   0 |     TCG   0   0   0   0   1   0 |     TAG   0   0   0   0   0   0 | Trp TGG   1   1   1   1   1   1
--------------------------------------------------------------------------------------------------------------------------------------
Leu CTT   0   0   0   0   0   0 | Pro CCT   1   1   1   1   1   1 | His CAT   0   0   0   0   0   0 | Arg CGT   0   0   0   0   0   0
    CTC   2   2   2   2   2   2 |     CCC   1   1   1   1   1   1 |     CAC   2   2   2   3   2   2 |     CGC   1   1   1   1   1   1
    CTA   0   0   0   0   0   0 |     CCA   0   0   0   1   0   1 | Gln CAA   0   0   0   0   0   0 |     CGA   1   1   1   1   1   1
    CTG   4   4   4   4   4   4 |     CCG   1   1   1   0   1   0 |     CAG   5   5   5   5   5   5 |     CGG   1   2   2   2   2   2
--------------------------------------------------------------------------------------------------------------------------------------
Ile ATT   1   1   1   1   1   1 | Thr ACT   0   0   0   0   0   0 | Asn AAT   0   0   0   0   0   0 | Ser AGT   0   0   0   1   0   0
    ATC   3   3   3   3   3   3 |     ACC   2   2   2   2   2   2 |     AAC   1   1   1   1   1   1 |     AGC   2   2   2   1   2   2
    ATA   0   0   0   0   0   0 |     ACA   0   0   0   0   0   0 | Lys AAA   1   1   1   1   1   1 | Arg AGA   0   0   0   0   0   0
Met ATG   0   0   0   0   0   0 |     ACG   1   1   1   1   1   1 |     AAG   0   0   0   0   0   0 |     AGG   3   2   2   2   2   2
--------------------------------------------------------------------------------------------------------------------------------------
Val GTT   0   0   0   0   0   0 | Ala GCT   1   1   1   0   0   1 | Asp GAT   2   2   2   2   2   2 | Gly GGT   0   0   0   0   0   0
    GTC   0   0   0   0   0   0 |     GCC   3   3   3   4   3   3 |     GAC   5   5   5   4   5   6 |     GGC   2   2   2   2   2   2
    GTA   0   1   0   1   0   0 |     GCA   0   0   0   0   1   0 | Glu GAA   1   1   1   1   1   1 |     GGA   0   0   0   0   0   0
    GTG   3   2   4   3   4   4 |     GCG   0   0   1   0   0   0 |     GAG   3   3   3   3   3   2 |     GGG   0   0   0   0   0   0
--------------------------------------------------------------------------------------------------------------------------------------

--------------------------------------------------------------------------------------------------------------------------------------
Phe TTT   1   3   1   1   3   1 | Ser TCT   1   0   1   1   1   1 | Tyr TAT   1   0   2   1   1   0 | Cys TGT   0   0   0   0   0   0
    TTC   2   1   2   2   0   2 |     TCC   1   3   2   1   2   1 |     TAC   4   4   3   4   4   5 |     TGC   3   3   3   3   3   3
Leu TTA   0   0   0   0   0   0 |     TCA   0   0   0   0   0   0 | *** TAA   0   0   0   0   0   0 | *** TGA   0   0   0   0   0   0
    TTG   0   0   1   0   0   0 |     TCG   1   0   0   1   0   1 |     TAG   0   0   0   0   0   0 | Trp TGG   1   1   1   1   1   1
--------------------------------------------------------------------------------------------------------------------------------------
Leu CTT   0   1   0   0   1   0 | Pro CCT   1   1   1   1   1   1 | His CAT   0   1   0   0   0   0 | Arg CGT   0   0   0   0   0   0
    CTC   2   1   2   2   1   2 |     CCC   1   1   1   1   1   1 |     CAC   3   1   2   2   2   2 |     CGC   1   1   1   1   1   1
    CTA   0   0   0   0   0   0 |     CCA   1   0   0   0   0   0 | Gln CAA   1   0   0   0   0   0 |     CGA   1   1   1   1   1   1
    CTG   4   4   4   4   4   4 |     CCG   0   1   1   1   1   1 |     CAG   4   5   5   5   5   5 |     CGG   2   2   2   2   2   2
--------------------------------------------------------------------------------------------------------------------------------------
Ile ATT   1   1   1   0   1   1 | Thr ACT   0   0   1   0   0   0 | Asn AAT   0   0   0   0   0   0 | Ser AGT   0   0   0   0   1   0
    ATC   3   3   3   3   3   3 |     ACC   2   2   1   2   2   2 |     AAC   1   1   1   1   1   1 |     AGC   2   2   2   2   1   2
    ATA   0   0   0   0   0   0 |     ACA   0   0   0   0   0   0 | Lys AAA   1   1   0   1   1   1 | Arg AGA   0   0   1   0   0   0
Met ATG   0   0   0   0   0   0 |     ACG   1   1   1   1   1   1 |     AAG   0   0   0   0   0   0 |     AGG   2   2   2   2   2   2
--------------------------------------------------------------------------------------------------------------------------------------
Val GTT   0   0   0   1   0   0 | Ala GCT   0   1   1   1   2   0 | Asp GAT   2   2   2   1   2   2 | Gly GGT   0   0   0   0   0   0
    GTC   0   0   0   0   0   0 |     GCC   4   3   3   3   2   3 |     GAC   4   6   5   6   5   5 |     GGC   2   2   2   2   2   2
    GTA   0   0   0   0   1   0 |     GCA   0   0   0   0   0   0 | Glu GAA   1   1   1   1   1   1 |     GGA   0   0   0   0   0   0
    GTG   4   4   3   4   3   4 |     GCG   0   0   0   0   0   1 |     GAG   3   2   3   3   3   3 |     GGG   0   0   0   0   0   0
--------------------------------------------------------------------------------------------------------------------------------------

--------------------------------------------------------------------------------------------------------------------------------------
Phe TTT   1   3   1   1   2   1 | Ser TCT   1   1   1   1   1   1 | Tyr TAT   1   0   1   0   1   2 | Cys TGT   0   0   0   0   0   0
    TTC   2   1   2   2   1   2 |     TCC   1   2   1   1   1   2 |     TAC   4   4   4   5   5   3 |     TGC   3   3   3   3   3   3
Leu TTA   0   0   0   0   0   0 |     TCA   1   0   0   0   0   0 | *** TAA   0   0   0   0   0   0 | *** TGA   0   0   0   0   0   0
    TTG   0   0   0   0   0   1 |     TCG   0   0   0   0   1   0 |     TAG   0   0   0   0   0   0 | Trp TGG   1   1   1   1   1   1
--------------------------------------------------------------------------------------------------------------------------------------
Leu CTT   1   0   0   0   0   0 | Pro CCT   1   1   1   1   1   1 | His CAT   0   0   0   0   0   0 | Arg CGT   0   0   0   0   0   0
    CTC   1   2   2   2   2   2 |     CCC   1   1   1   1   1   1 |     CAC   2   2   2   2   2   2 |     CGC   1   1   1   1   1   1
    CTA   0   0   0   0   0   0 |     CCA   0   0   0   1   1   0 | Gln CAA   0   0   0   0   0   1 |     CGA   1   1   1   1   1   1
    CTG   4   4   4   4   4   4 |     CCG   1   1   1   0   0   1 |     CAG   5   5   5   5   5   4 |     CGG   2   2   2   2   2   2
--------------------------------------------------------------------------------------------------------------------------------------
Ile ATT   1   1   1   0   1   1 | Thr ACT   0   0   0   0   0   0 | Asn AAT   0   0   0   0   0   0 | Ser AGT   0   0   0   0   0   0
    ATC   3   3   3   3   3   3 |     ACC   2   2   2   2   2   2 |     AAC   1   1   1   2   1   2 |     AGC   2   2   2   2   2   2
    ATA   0   0   0   0   0   0 |     ACA   0   0   0   0   0   0 | Lys AAA   1   1   1   1   1   1 | Arg AGA   0   0   0   0   0   0
Met ATG   0   0   0   0   0   0 |     ACG   1   1   1   1   1   1 |     AAG   0   0   0   0   0   0 |     AGG   2   2   2   2   2   2
--------------------------------------------------------------------------------------------------------------------------------------
Val GTT   0   0   0   1   0   0 | Ala GCT   1   1   1   1   0   1 | Asp GAT   2   2   2   2   2   2 | Gly GGT   0   0   0   0   0   0
    GTC   0   0   0   0   0   0 |     GCC   3   3   3   4   4   3 |     GAC   5   5   5   4   4   4 |     GGC   2   2   2   2   2   2
    GTA   0   0   0   0   0   0 |     GCA   0   0   0   0   0   0 | Glu GAA   1   1   1   1   1   1 |     GGA   0   0   0   0   0   0
    GTG   4   4   4   4   4   3 |     GCG   0   0   1   0   0   0 |     GAG   3   3   3   3   3   3 |     GGG   0   0   0   0   0   0
--------------------------------------------------------------------------------------------------------------------------------------

--------------------------------------------------------------------------------------------------------------------------------------
Phe TTT   1   1   1   1   3   2 | Ser TCT   1   1   1   1   1   1 | Tyr TAT   2   1   2   2   0   0 | Cys TGT   0   0   0   0   0   0
    TTC   2   2   2   2   1   2 |     TCC   2   1   2   2   2   1 |     TAC   3   4   3   3   4   4 |     TGC   3   3   3   3   3   3
Leu TTA   0   0   0   0   0   0 |     TCA   0   1   0   0   0   1 | *** TAA   0   0   0   0   0   0 | *** TGA   0   0   0   0   0   0
    TTG   1   0   1   1   0   0 |     TCG   0   0   0   0   0   0 |     TAG   0   0   0   0   0   0 | Trp TGG   1   1   1   1   1   1
--------------------------------------------------------------------------------------------------------------------------------------
Leu CTT   0   0   0   0   0   0 | Pro CCT   1   1   1   1   1   1 | His CAT   0   0   0   0   0   0 | Arg CGT   0   0   0   0   0   0
    CTC   2   2   2   2   2   2 |     CCC   1   1   1   1   1   1 |     CAC   2   3   2   2   2   2 |     CGC   1   1   1   1   1   1
    CTA   0   0   0   0   0   0 |     CCA   0   1   0   0   0   0 | Gln CAA   0   0   0   0   0   0 |     CGA   1   1   1   1   1   1
    CTG   4   4   4   4   4   4 |     CCG   1   0   1   1   1   1 |     CAG   5   5   5   5   5   5 |     CGG   2   2   2   2   2   2
--------------------------------------------------------------------------------------------------------------------------------------
Ile ATT   1   1   1   1   1   1 | Thr ACT   0   0   1   0   0   0 | Asn AAT   0   0   0   0   0   0 | Ser AGT   0   0   0   0   0   1
    ATC   3   3   3   3   3   3 |     ACC   2   2   1   2   2   2 |     AAC   1   1   1   1   1   1 |     AGC   2   2   2   2   2   1
    ATA   0   0   0   0   0   0 |     ACA   0   0   0   0   0   0 | Lys AAA   1   1   0   0   1   1 | Arg AGA   0   0   1   1   0   0
Met ATG   0   0   0   0   0   0 |     ACG   1   1   1   1   1   1 |     AAG   0   0   0   0   0   0 |     AGG   2   2   2   2   2   2
--------------------------------------------------------------------------------------------------------------------------------------
Val GTT   0   0   0   0   0   0 | Ala GCT   1   0   1   1   1   0 | Asp GAT   2   2   2   1   2   2 | Gly GGT   0   0   0   0   0   0
    GTC   0   0   0   0   0   0 |     GCC   3   4   3   3   3   4 |     GAC   5   4   5   6   5   5 |     GGC   2   2   2   2   2   2
    GTA   0   1   0   1   0   0 |     GCA   0   0   0   0   0   0 | Glu GAA   1   1   1   1   1   1 |     GGA   0   0   0   0   0   0
    GTG   3   3   3   2   4   4 |     GCG   0   0   0   0   0   0 |     GAG   3   3   3   3   3   3 |     GGG   0   0   0   0   0   0
--------------------------------------------------------------------------------------------------------------------------------------

--------------------------------------------------------------------------------------------------------------------------------------
Phe TTT   1   1   1   1   3   3 | Ser TCT   1   1   1   1   0   0 | Tyr TAT   2   1   1   1   0   0 | Cys TGT   0   0   0   1   0   0
    TTC   2   2   2   3   1   1 |     TCC   1   1   1   2   3   3 |     TAC   4   4   4   3   4   4 |     TGC   3   3   3   2   3   3
Leu TTA   0   0   0   0   0   0 |     TCA   0   1   0   0   0   0 | *** TAA   0   0   0   0   0   0 | *** TGA   0   0   0   0   0   0
    TTG   0   0   1   0   0   0 |     TCG   1   0   1   0   0   0 |     TAG   0   0   0   0   0   0 | Trp TGG   1   1   1   1   1   1
--------------------------------------------------------------------------------------------------------------------------------------
Leu CTT   0   0   0   1   0   0 | Pro CCT   1   1   1   0   1   1 | His CAT   0   0   0   0   0   0 | Arg CGT   0   0   0   0   0   0
    CTC   3   2   2   2   2   2 |     CCC   1   1   1   1   1   1 |     CAC   2   2   2   2   2   2 |     CGC   1   1   1   1   1   1
    CTA   0   0   0   0   0   0 |     CCA   1   0   0   0   1   0 | Gln CAA   0   0   0   0   0   0 |     CGA   1   1   1   1   1   1
    CTG   3   4   3   4   4   4 |     CCG   0   1   1   1   0   1 |     CAG   5   5   5   5   5   5 |     CGG   2   2   2   2   2   2
--------------------------------------------------------------------------------------------------------------------------------------
Ile ATT   2   1   1   1   1   1 | Thr ACT   0   0   0   0   0   0 | Asn AAT   0   0   0   0   0   0 | Ser AGT   0   0   0   0   0   0
    ATC   2   3   3   3   3   3 |     ACC   2   2   2   2   2   2 |     AAC   1   1   1   1   1   1 |     AGC   2   2   2   2   2   2
    ATA   0   0   0   0   0   0 |     ACA   0   0   0   0   0   0 | Lys AAA   1   1   1   1   1   1 | Arg AGA   0   0   0   0   0   0
Met ATG   0   0   0   0   0   0 |     ACG   1   1   1   1   1   1 |     AAG   0   0   0   0   0   0 |     AGG   2   2   2   2   2   2
--------------------------------------------------------------------------------------------------------------------------------------
Val GTT   0   0   0   0   0   0 | Ala GCT   0   1   1   1   1   1 | Asp GAT   1   2   2   2   2   2 | Gly GGT   0   0   0   0   0   0
    GTC   0   0   0   0   0   0 |     GCC   4   3   3   3   3   3 |     GAC   5   5   5   5   6   6 |     GGC   2   2   2   2   2   2
    GTA   0   0   0   0   0   0 |     GCA   0   0   0   0   0   0 | Glu GAA   1   1   1   1   1   1 |     GGA   0   0   0   0   0   0
    GTG   4   4   4   4   4   4 |     GCG   0   0   0   0   0   0 |     GAG   3   3   3   3   2   2 |     GGG   0   0   0   0   0   0
--------------------------------------------------------------------------------------------------------------------------------------

Codon position x base (3x4) table for each sequence.

#1: Argali         
position  1:    T:0.21739    C:0.28986    A:0.18841    G:0.30435
position  2:    T:0.24638    C:0.18841    A:0.36232    G:0.20290
position  3:    T:0.11594    C:0.49275    A:0.04348    G:0.34783
Average         T:0.19324    C:0.32367    A:0.19807    G:0.28502

#2: LesserMouseDeer
position  1:    T:0.23188    C:0.27536    A:0.18841    G:0.30435
position  2:    T:0.24638    C:0.18841    A:0.34783    G:0.21739
position  3:    T:0.08696    C:0.55072    A:0.07246    G:0.28986
Average         T:0.18841    C:0.33816    A:0.20290    G:0.27053

#3: LesserKudu     
position  1:    T:0.23188    C:0.27536    A:0.18841    G:0.30435
position  2:    T:0.26087    C:0.18841    A:0.34783    G:0.20290
position  3:    T:0.11594    C:0.52174    A:0.04348    G:0.31884
Average         T:0.20290    C:0.32850    A:0.19324    G:0.27536

#4: ForestMuskDeer2
position  1:    T:0.23188    C:0.27536    A:0.18841    G:0.30435
position  2:    T:0.27536    C:0.17391    A:0.34783    G:0.20290
position  3:    T:0.13043    C:0.49275    A:0.04348    G:0.33333
Average         T:0.21256    C:0.31401    A:0.19324    G:0.28019

#5: Camel          
position  1:    T:0.23188    C:0.26087    A:0.18841    G:0.31884
position  2:    T:0.26087    C:0.17391    A:0.37681    G:0.18841
position  3:    T:0.08696    C:0.53623    A:0.04348    G:0.33333
Average         T:0.19324    C:0.32367    A:0.20290    G:0.28019

#6: KillerWhale    
position  1:    T:0.21739    C:0.26087    A:0.20290    G:0.31884
position  2:    T:0.26087    C:0.17391    A:0.36232    G:0.20290
position  3:    T:0.14493    C:0.49275    A:0.01449    G:0.34783
Average         T:0.20773    C:0.30918    A:0.19324    G:0.28986

#7: DefassaWaterbuck
position  1:    T:0.21739    C:0.28986    A:0.20290    G:0.28986
position  2:    T:0.24638    C:0.18841    A:0.36232    G:0.20290
position  3:    T:0.11594    C:0.50725    A:0.05797    G:0.31884
Average         T:0.19324    C:0.32850    A:0.20773    G:0.27053

#8: Sheep          
position  1:    T:0.21739    C:0.28986    A:0.18841    G:0.30435
position  2:    T:0.24638    C:0.18841    A:0.36232    G:0.20290
position  3:    T:0.11594    C:0.49275    A:0.04348    G:0.34783
Average         T:0.19324    C:0.32367    A:0.19807    G:0.28502

#9: MaxwellsDuiker 
position  1:    T:0.21739    C:0.28986    A:0.18841    G:0.30435
position  2:    T:0.24638    C:0.18841    A:0.36232    G:0.20290
position  3:    T:0.13043    C:0.47826    A:0.07246    G:0.31884
Average         T:0.19807    C:0.31884    A:0.20773    G:0.27536

#10: GazellaPrzewalskyi
position  1:    T:0.23188    C:0.28986    A:0.18841    G:0.28986
position  2:    T:0.24638    C:0.18841    A:0.36232    G:0.20290
position  3:    T:0.10145    C:0.50725    A:0.07246    G:0.31884
Average         T:0.19324    C:0.32850    A:0.20773    G:0.27053

#11: MountainNyala  
position  1:    T:0.21739    C:0.28986    A:0.18841    G:0.30435
position  2:    T:0.26087    C:0.18841    A:0.34783    G:0.20290
position  3:    T:0.11594    C:0.52174    A:0.05797    G:0.30435
Average         T:0.19807    C:0.33333    A:0.19807    G:0.27053

#12: MuntiacusMuntjak
position  1:    T:0.23188    C:0.28986    A:0.18841    G:0.28986
position  2:    T:0.24638    C:0.18841    A:0.34783    G:0.21739
position  3:    T:0.14493    C:0.47826    A:0.04348    G:0.33333
Average         T:0.20773    C:0.31884    A:0.19324    G:0.28019

#13: goat           
position  1:    T:0.20290    C:0.28986    A:0.18841    G:0.31884
position  2:    T:0.24638    C:0.18841    A:0.36232    G:0.20290
position  3:    T:0.11594    C:0.49275    A:0.04348    G:0.34783
Average         T:0.18841    C:0.32367    A:0.19807    G:0.28986

#14: AfricanBuffalo 
position  1:    T:0.21739    C:0.28986    A:0.17391    G:0.31884
position  2:    T:0.26087    C:0.18841    A:0.34783    G:0.20290
position  3:    T:0.13043    C:0.49275    A:0.04348    G:0.33333
Average         T:0.20290    C:0.32367    A:0.18841    G:0.28502

#15: Topi           
position  1:    T:0.21739    C:0.28986    A:0.18841    G:0.30435
position  2:    T:0.24638    C:0.18841    A:0.36232    G:0.20290
position  3:    T:0.08696    C:0.52174    A:0.04348    G:0.34783
Average         T:0.18357    C:0.33333    A:0.19807    G:0.28502

#16: CommonDuiker   
position  1:    T:0.21739    C:0.28986    A:0.18841    G:0.30435
position  2:    T:0.24638    C:0.18841    A:0.36232    G:0.20290
position  3:    T:0.11594    C:0.49275    A:0.05797    G:0.33333
Average         T:0.19324    C:0.32367    A:0.20290    G:0.28019

#17: Suni           
position  1:    T:0.21739    C:0.28986    A:0.17391    G:0.31884
position  2:    T:0.24638    C:0.18841    A:0.36232    G:0.20290
position  3:    T:0.11594    C:0.49275    A:0.05797    G:0.33333
Average         T:0.19324    C:0.32367    A:0.19807    G:0.28502

#18: Springbuck     
position  1:    T:0.21739    C:0.30435    A:0.18841    G:0.28986
position  2:    T:0.24638    C:0.18841    A:0.36232    G:0.20290
position  3:    T:0.11594    C:0.49275    A:0.05797    G:0.33333
Average         T:0.19324    C:0.32850    A:0.20290    G:0.27536

#19: Okapi          
position  1:    T:0.21739    C:0.28986    A:0.18841    G:0.30435
position  2:    T:0.24638    C:0.18841    A:0.36232    G:0.20290
position  3:    T:0.13043    C:0.49275    A:0.05797    G:0.31884
Average         T:0.19807    C:0.32367    A:0.20290    G:0.27536

#20: Giraffe        
position  1:    T:0.21739    C:0.28986    A:0.18841    G:0.30435
position  2:    T:0.24638    C:0.18841    A:0.36232    G:0.20290
position  3:    T:0.13043    C:0.49275    A:0.05797    G:0.31884
Average         T:0.19807    C:0.32367    A:0.20290    G:0.27536

#21: TibetanAntelope
position  1:    T:0.21739    C:0.28986    A:0.18841    G:0.30435
position  2:    T:0.24638    C:0.18841    A:0.36232    G:0.20290
position  3:    T:0.11594    C:0.49275    A:0.05797    G:0.33333
Average         T:0.19324    C:0.32367    A:0.20290    G:0.28019

#22: Sitatunga      
position  1:    T:0.21739    C:0.28986    A:0.18841    G:0.30435
position  2:    T:0.26087    C:0.18841    A:0.34783    G:0.20290
position  3:    T:0.11594    C:0.52174    A:0.04348    G:0.31884
Average         T:0.19807    C:0.33333    A:0.19324    G:0.27536

#23: Oribi          
position  1:    T:0.21739    C:0.28986    A:0.18841    G:0.30435
position  2:    T:0.24638    C:0.18841    A:0.36232    G:0.20290
position  3:    T:0.11594    C:0.49275    A:0.05797    G:0.33333
Average         T:0.19324    C:0.32367    A:0.20290    G:0.28019

#24: BarbarySheep   
position  1:    T:0.20290    C:0.28986    A:0.18841    G:0.31884
position  2:    T:0.24638    C:0.18841    A:0.36232    G:0.20290
position  3:    T:0.11594    C:0.49275    A:0.05797    G:0.33333
Average         T:0.18841    C:0.32367    A:0.20290    G:0.28502

#25: Daviddeer      
position  1:    T:0.23188    C:0.27536    A:0.20290    G:0.28986
position  2:    T:0.24638    C:0.18841    A:0.36232    G:0.20290
position  3:    T:0.13043    C:0.49275    A:0.04348    G:0.33333
Average         T:0.20290    C:0.31884    A:0.20290    G:0.27536

#26: Reindeer       
position  1:    T:0.23188    C:0.28986    A:0.18841    G:0.28986
position  2:    T:0.24638    C:0.18841    A:0.36232    G:0.20290
position  3:    T:0.13043    C:0.49275    A:0.05797    G:0.31884
Average         T:0.20290    C:0.32367    A:0.20290    G:0.27053

#27: Ibex           
position  1:    T:0.20290    C:0.28986    A:0.18841    G:0.31884
position  2:    T:0.24638    C:0.18841    A:0.36232    G:0.20290
position  3:    T:0.11594    C:0.49275    A:0.04348    G:0.34783
Average         T:0.18841    C:0.32367    A:0.19807    G:0.28986

#28: GyrantGazelle  
position  1:    T:0.21739    C:0.30435    A:0.18841    G:0.28986
position  2:    T:0.24638    C:0.18841    A:0.36232    G:0.20290
position  3:    T:0.11594    C:0.49275    A:0.08696    G:0.30435
Average         T:0.19324    C:0.32850    A:0.21256    G:0.26570

#29: Hartebeest     
position  1:    T:0.21739    C:0.28986    A:0.18841    G:0.30435
position  2:    T:0.24638    C:0.18841    A:0.36232    G:0.20290
position  3:    T:0.08696    C:0.50725    A:0.05797    G:0.34783
Average         T:0.18357    C:0.32850    A:0.20290    G:0.28502

#30: Bongo          
position  1:    T:0.21739    C:0.28986    A:0.18841    G:0.30435
position  2:    T:0.26087    C:0.18841    A:0.34783    G:0.20290
position  3:    T:0.11594    C:0.52174    A:0.05797    G:0.30435
Average         T:0.19807    C:0.33333    A:0.19807    G:0.27053

#31: Gerenuk        
position  1:    T:0.21739    C:0.30435    A:0.18841    G:0.28986
position  2:    T:0.24638    C:0.18841    A:0.36232    G:0.20290
position  3:    T:0.10145    C:0.50725    A:0.07246    G:0.31884
Average         T:0.18841    C:0.33333    A:0.20773    G:0.27053

#32: CommonEland    
position  1:    T:0.21739    C:0.28986    A:0.18841    G:0.30435
position  2:    T:0.26087    C:0.18841    A:0.34783    G:0.20290
position  3:    T:0.14493    C:0.49275    A:0.04348    G:0.31884
Average         T:0.20773    C:0.32367    A:0.19324    G:0.27536

#33: MuntiacusReevesi
position  1:    T:0.23188    C:0.28986    A:0.18841    G:0.28986
position  2:    T:0.24638    C:0.18841    A:0.34783    G:0.21739
position  3:    T:0.14493    C:0.47826    A:0.04348    G:0.33333
Average         T:0.20773    C:0.31884    A:0.19324    G:0.28019

#34: HarveysDuiker  
position  1:    T:0.21739    C:0.28986    A:0.17391    G:0.31884
position  2:    T:0.24638    C:0.18841    A:0.36232    G:0.20290
position  3:    T:0.10145    C:0.50725    A:0.04348    G:0.34783
Average         T:0.18841    C:0.32850    A:0.19324    G:0.28986

#35: Pronghorn      
position  1:    T:0.21739    C:0.28986    A:0.18841    G:0.30435
position  2:    T:0.24638    C:0.18841    A:0.36232    G:0.20290
position  3:    T:0.18841    C:0.43478    A:0.05797    G:0.31884
Average         T:0.21739    C:0.30435    A:0.20290    G:0.27536

#36: BlueWildebeest 
position  1:    T:0.21739    C:0.28986    A:0.18841    G:0.30435
position  2:    T:0.24638    C:0.18841    A:0.36232    G:0.20290
position  3:    T:0.08696    C:0.50725    A:0.04348    G:0.36232
Average         T:0.18357    C:0.32850    A:0.19807    G:0.28986

#37: Gemsbok        
position  1:    T:0.21739    C:0.28986    A:0.18841    G:0.30435
position  2:    T:0.24638    C:0.18841    A:0.36232    G:0.20290
position  3:    T:0.13043    C:0.47826    A:0.05797    G:0.33333
Average         T:0.19807    C:0.31884    A:0.20290    G:0.28019

#38: Yak            
position  1:    T:0.21739    C:0.28986    A:0.18841    G:0.30435
position  2:    T:0.26087    C:0.18841    A:0.34783    G:0.20290
position  3:    T:0.13043    C:0.49275    A:0.04348    G:0.33333
Average         T:0.20290    C:0.32367    A:0.19324    G:0.28019

#39: BlueSheep      
position  1:    T:0.20290    C:0.28986    A:0.18841    G:0.31884
position  2:    T:0.24638    C:0.18841    A:0.36232    G:0.20290
position  3:    T:0.11594    C:0.49275    A:0.04348    G:0.34783
Average         T:0.18841    C:0.32367    A:0.19807    G:0.28986

#40: BohorReedbuck  
position  1:    T:0.20290    C:0.28986    A:0.18841    G:0.31884
position  2:    T:0.24638    C:0.18841    A:0.36232    G:0.20290
position  3:    T:0.10145    C:0.52174    A:0.05797    G:0.31884
Average         T:0.18357    C:0.33333    A:0.20290    G:0.28019

#41: KirksDik       
position  1:    T:0.23188    C:0.28986    A:0.18841    G:0.28986
position  2:    T:0.24638    C:0.18841    A:0.36232    G:0.20290
position  3:    T:0.11594    C:0.49275    A:0.05797    G:0.33333
Average         T:0.19807    C:0.32367    A:0.20290    G:0.27536

#42: RoeDeer        
position  1:    T:0.23188    C:0.28986    A:0.20290    G:0.27536
position  2:    T:0.24638    C:0.18841    A:0.36232    G:0.20290
position  3:    T:0.13043    C:0.49275    A:0.05797    G:0.31884
Average         T:0.20290    C:0.32367    A:0.20773    G:0.26570

#43: WhiteLippedDeer
position  1:    T:0.23188    C:0.28986    A:0.18841    G:0.28986
position  2:    T:0.24638    C:0.18841    A:0.36232    G:0.20290
position  3:    T:0.13043    C:0.49275    A:0.04348    G:0.33333
Average         T:0.20290    C:0.32367    A:0.19807    G:0.27536

#44: ThomsonGazelle 
position  1:    T:0.21739    C:0.30435    A:0.18841    G:0.28986
position  2:    T:0.24638    C:0.18841    A:0.36232    G:0.20290
position  3:    T:0.10145    C:0.50725    A:0.08696    G:0.30435
Average         T:0.18841    C:0.33333    A:0.21256    G:0.26570

#45: MuntiacusCrinifrons
position  1:    T:0.23188    C:0.28986    A:0.18841    G:0.28986
position  2:    T:0.24638    C:0.18841    A:0.34783    G:0.21739
position  3:    T:0.14493    C:0.47826    A:0.04348    G:0.33333
Average         T:0.20773    C:0.31884    A:0.19324    G:0.28019

#46: WhiteTailedDeer
position  1:    T:0.23188    C:0.28986    A:0.18841    G:0.28986
position  2:    T:0.24638    C:0.18841    A:0.34783    G:0.21739
position  3:    T:0.11594    C:0.50725    A:0.05797    G:0.31884
Average         T:0.19807    C:0.32850    A:0.19807    G:0.27536

#47: Cattle         
position  1:    T:0.21739    C:0.28986    A:0.18841    G:0.30435
position  2:    T:0.26087    C:0.18841    A:0.34783    G:0.20290
position  3:    T:0.13043    C:0.49275    A:0.04348    G:0.33333
Average         T:0.20290    C:0.32367    A:0.19324    G:0.28019

#48: RoyalAntelope  
position  1:    T:0.21739    C:0.28986    A:0.18841    G:0.30435
position  2:    T:0.26087    C:0.18841    A:0.34783    G:0.20290
position  3:    T:0.11594    C:0.49275    A:0.05797    G:0.33333
Average         T:0.19807    C:0.32367    A:0.19807    G:0.28019

#49: Steenbok       
position  1:    T:0.23188    C:0.28986    A:0.18841    G:0.28986
position  2:    T:0.24638    C:0.18841    A:0.36232    G:0.20290
position  3:    T:0.11594    C:0.50725    A:0.05797    G:0.31884
Average         T:0.19807    C:0.32850    A:0.20290    G:0.27053

#50: Impala         
position  1:    T:0.21739    C:0.28986    A:0.18841    G:0.30435
position  2:    T:0.24638    C:0.18841    A:0.36232    G:0.20290
position  3:    T:0.11594    C:0.49275    A:0.05797    G:0.33333
Average         T:0.19324    C:0.32367    A:0.20290    G:0.28019

#51: Klipspringer   
position  1:    T:0.23188    C:0.27536    A:0.18841    G:0.30435
position  2:    T:0.24638    C:0.18841    A:0.36232    G:0.20290
