1
52 1
Argali 0.000000 0.483800 0.159200 0.530300 0.089700 0.002000 0.089400 0.105000 0.166500 0.189900 0.038600 0.171200 0.058300 0.111600 0.153800 0.115500 0.201400 0.231600 0.055500 0.167700 0.107300 0.038600 0.184600 0.187800 0.032600 0.104300 0.060500 0.165400 0.109700 0.162900 0.198100 0.106400 0.225500 0.062700 0.070800 0.160400 0.038800 0.089800 0.115500 0.189700 0.189100 0.101800 0.189500 0.184100 0.159700 0.116500 0.100800 0.128600 0.112100 0.212200 0.167200 0.167000
LesserMous 0.483800 0.000000 0.492600 0.610100 0.486200 0.479900 0.503000 0.472900 0.499200 0.492700 0.479400 0.491300 0.447500 0.513400 0.550900 0.481600 0.471500 0.547400 0.484500 0.508500 0.465800 0.470700 0.499900 0.475300 0.485700 0.474900 0.452400 0.500600 0.478400 0.495100 0.506400 0.497500 0.479200 0.456600 0.447900 0.488000 0.475500 0.484300 0.477700 0.485500 0.493600 0.455300 0.487800 0.479400 0.485400 0.497500 0.454300 0.508800 0.456100 0.516600 0.488000 0.486100
LesserKudu 0.159200 0.492600 0.000000 0.587800 0.172800 0.157000 0.172600 0.185600 0.038700 0.208900 0.176200 0.104300 0.153800 0.192100 0.197900 0.200700 0.227300 0.247300 0.157300 0.043100 0.185300 0.166100 0.200900 0.212500 0.169400 0.194000 0.153700 0.038900 0.200500 0.040800 0.217500 0.186000 0.253600 0.151400 0.147200 0.102500 0.168300 0.177900 0.198600 0.212300 0.203000 0.178900 0.208500 0.208900 0.102000 0.162500 0.183400 0.187800 0.178100 0.221400 0.038800 0.038700
KillerWhal 0.530300 0.610100 0.587800 0.000000 0.561700 0.526100 0.550900 0.552700 0.583900 0.549000 0.540300 0.569100 0.519100 0.575400 0.591000 0.559200 0.542000 0.554100 0.543400 0.598700 0.568900 0.526700 0.567300 0.559800 0.529000 0.566700 0.523800 0.589600 0.570800 0.589900 0.573200 0.558700 0.521000 0.502400 0.530200 0.552900 0.532300 0.557700 0.554900 0.557300 0.548700 0.552500 0.547400 0.569400 0.559700 0.534900 0.561800 0.532700 0.568200 0.566300 0.588300 0.587800
DefassaWat 0.089700 0.486200 0.172800 0.561700 0.000000 0.087600 0.120300 0.115900 0.180300 0.188900 0.085200 0.184500 0.093100 0.134000 0.157800 0.115200 0.215600 0.246200 0.098700 0.186600 0.125000 0.098500 0.186400 0.186800 0.079000 0.108400 0.090900 0.181600 0.113800 0.176600 0.197100 0.133200 0.237300 0.093200 0.105900 0.168500 0.076800 0.032200 0.119600 0.193900 0.185900 0.106000 0.188600 0.183200 0.163000 0.116100 0.104900 0.144000 0.116300 0.210800 0.181100 0.180800
Sheep 0.002000 0.479900 0.157000 0.526100 0.087600 0.000000 0.087400 0.102900 0.164300 0.187600 0.036600 0.169100 0.056200 0.109500 0.151700 0.113400 0.199100 0.229200 0.053500 0.165400 0.105200 0.040800 0.182200 0.185600 0.030500 0.102300 0.058400 0.163200 0.107500 0.160600 0.195800 0.104400 0.223200 0.060600 0.068700 0.158200 0.036800 0.087700 0.113400 0.187500 0.186800 0.099800 0.187200 0.181900 0.157500 0.114400 0.098700 0.126500 0.110000 0.209900 0.165000 0.164800
MaxwellsDu 0.089400 0.503000 0.172600 0.550900 0.120300 0.087400 0.000000 0.106000 0.180000 0.192500 0.095900 0.189000 0.086000 0.046000 0.145500 0.107600 0.201200 0.230800 0.100600 0.176200 0.103800 0.100400 0.192300 0.190500 0.094200 0.092300 0.083800 0.181300 0.097600 0.176400 0.205700 0.051900 0.227700 0.086000 0.089800 0.168300 0.096500 0.115900 0.111900 0.195000 0.191800 0.089900 0.192200 0.186700 0.172400 0.122300 0.084400 0.143400 0.115600 0.217200 0.175700 0.180500
GazellaPrz 0.105000 0.472900 0.185600 0.552700 0.115900 0.102900 0.106000 0.000000 0.185900 0.210400 0.107000 0.182100 0.090400 0.110300 0.173600 0.079300 0.222400 0.253100 0.111800 0.194400 0.071200 0.116000 0.207700 0.208400 0.100800 0.072900 0.088200 0.189400 0.073800 0.182200 0.216400 0.114100 0.235900 0.090500 0.087600 0.185900 0.105400 0.118200 0.092200 0.202800 0.214900 0.066400 0.210000 0.204700 0.175400 0.122200 0.058800 0.147900 0.115700 0.227600 0.188900 0.186400
MountainNy 0.166500 0.499200 0.038700 0.583900 0.180300 0.164300 0.180000 0.185900 0.000000 0.223000 0.183500 0.105600 0.161200 0.199700 0.205200 0.208400 0.236200 0.262300 0.164600 0.016100 0.192900 0.179600 0.224600 0.226800 0.176700 0.191600 0.161000 0.012100 0.203000 0.030300 0.231700 0.198500 0.265200 0.158700 0.159400 0.100400 0.174500 0.180300 0.206300 0.226500 0.227600 0.181400 0.222500 0.223000 0.099900 0.169500 0.186000 0.200200 0.190600 0.234400 0.012000 0.020100
MuntiacusM 0.189900 0.492700 0.208900 0.549000 0.188900 0.187600 0.192500 0.210400 0.223000 0.000000 0.187100 0.233700 0.166600 0.215300 0.250900 0.204000 0.194500 0.210900 0.182500 0.222900 0.207900 0.192100 0.055000 0.072100 0.185300 0.196700 0.169100 0.223200 0.195000 0.212500 0.022100 0.208800 0.215900 0.169200 0.170000 0.232200 0.183000 0.184100 0.214300 0.072800 0.056900 0.193800 0.011800 0.068300 0.231100 0.189700 0.201000 0.215300 0.206300 0.221300 0.222500 0.222200
goat 0.038600 0.479400 0.176200 0.540300 0.085200 0.036600 0.095900 0.107000 0.183500 0.187100 0.000000 0.185500 0.064700 0.113600 0.155900 0.117600 0.185300 0.214900 0.061800 0.190000 0.109300 0.040600 0.189300 0.182500 0.013900 0.106400 0.062500 0.182600 0.111800 0.179900 0.195300 0.112900 0.204100 0.064700 0.077200 0.174500 0.028400 0.085300 0.117500 0.187000 0.193900 0.103900 0.181700 0.178800 0.168900 0.111700 0.098400 0.126000 0.114200 0.214500 0.179300 0.184100
AfricanBuf 0.171200 0.491300 0.104300 0.569100 0.184500 0.169100 0.189000 0.182100 0.105600 0.233700 0.185500 0.000000 0.158300 0.203600 0.206700 0.195100 0.233900 0.261900 0.171300 0.108700 0.191800 0.185600 0.228300 0.232200 0.178800 0.185700 0.160700 0.101800 0.186800 0.103400 0.237300 0.212600 0.267500 0.153600 0.166900 0.064800 0.171600 0.184600 0.197400 0.232200 0.238400 0.178000 0.233300 0.233900 0.068700 0.188800 0.180000 0.197000 0.182700 0.239200 0.106000 0.101300
Topi 0.058300 0.447500 0.153800 0.519100 0.093100 0.056200 0.086000 0.090400 0.161200 0.166600 0.064700 0.158300 0.000000 0.103800 0.136600 0.094300 0.182400 0.212200 0.056200 0.167400 0.092800 0.069100 0.171500 0.164800 0.058500 0.087700 0.014300 0.160100 0.093000 0.157500 0.174600 0.098600 0.196800 0.012300 0.045600 0.157200 0.060700 0.093200 0.096600 0.164000 0.171100 0.080900 0.166300 0.161000 0.156500 0.095100 0.084000 0.089400 0.092900 0.196300 0.162000 0.161700
CommonDuik 0.111600 0.513400 0.192100 0.575400 0.134000 0.109500 0.046000 0.110300 0.199700 0.215300 0.113600 0.203600 0.103800 0.000000 0.173400 0.116400 0.238500 0.269400 0.118500 0.201000 0.112600 0.111500 0.215100 0.215900 0.107500 0.114100 0.101500 0.201100 0.110600 0.196000 0.229000 0.033600 0.232600 0.103800 0.103000 0.187500 0.109800 0.134200 0.129800 0.220900 0.214500 0.111600 0.214900 0.207200 0.191700 0.142800 0.097400 0.157300 0.129100 0.240800 0.195300 0.200200
Suni 0.153800 0.550900 0.197900 0.591000 0.157800 0.151700 0.145500 0.173600 0.205200 0.250900 0.155900 0.206700 0.136600 0.173400 0.000000 0.172600 0.250400 0.279000 0.156200 0.204200 0.176200 0.167100 0.248800 0.243500 0.154300 0.167600 0.138800 0.206700 0.159100 0.201700 0.257200 0.179300 0.269200 0.131900 0.154100 0.200300 0.147300 0.167500 0.174800 0.253600 0.260600 0.160400 0.255700 0.242600 0.194500 0.150200 0.160000 0.162200 0.169400 0.255200 0.201000 0.205800
Springbuck 0.115500 0.481600 0.200700 0.559200 0.115200 0.113400 0.107600 0.079300 0.208400 0.204000 0.117600 0.195100 0.094300 0.116400 0.172600 0.000000 0.223400 0.243200 0.115800 0.214800 0.077200 0.120000 0.204100 0.206900 0.109200 0.049800 0.087600 0.209700 0.043400 0.204700 0.212400 0.120100 0.247600 0.090000 0.093600 0.194000 0.118300 0.115300 0.093800 0.204100 0.211100 0.047600 0.203700 0.203300 0.188300 0.137400 0.066800 0.149400 0.110500 0.221100 0.209100 0.208900
Okapi 0.201400 0.471500 0.227300 0.542000 0.215600 0.199100 0.201200 0.222400 0.236200 0.194500 0.185300 0.233900 0.182400 0.238500 0.250400 0.223400 0.000000 0.073500 0.198900 0.242100 0.217100 0.200900 0.210300 0.197600 0.194100 0.208000 0.179800 0.236700 0.229800 0.231000 0.203000 0.228400 0.193900 0.182400 0.183300 0.232100 0.189100 0.213000 0.210800 0.204700 0.209100 0.210200 0.194200 0.198900 0.220400 0.219300 0.210000 0.222100 0.204700 0.225200 0.230600 0.222100
Giraffe 0.231600 0.547400 0.247300 0.554100 0.246200 0.229200 0.230800 0.253100 0.262300 0.210900 0.214900 0.261900 0.212200 0.269400 0.279000 0.243200 0.073500 0.000000 0.231700 0.268300 0.253000 0.236500 0.224600 0.214100 0.229600 0.232600 0.209500 0.262700 0.255100 0.258200 0.214500 0.258800 0.223400 0.201800 0.202200 0.271200 0.224400 0.237900 0.257100 0.229500 0.218000 0.234800 0.200100 0.218100 0.264400 0.236400 0.245600 0.252200 0.234700 0.237100 0.256200 0.258800
TibetanAnt 0.055500 0.484500 0.157300 0.543400 0.098700 0.053500 0.100600 0.111800 0.164600 0.182500 0.061800 0.171300 0.056200 0.118500 0.156200 0.115800 0.198900 0.231700 0.000000 0.170800 0.105200 0.070400 0.187300 0.182900 0.055400 0.106700 0.058400 0.163600 0.112100 0.161000 0.190600 0.117700 0.220400 0.060600 0.064300 0.165400 0.057900 0.098800 0.122400 0.177400 0.189300 0.102000 0.182200 0.179200 0.164700 0.114400 0.103200 0.126500 0.114500 0.220200 0.165400 0.165200
Sitatunga 0.167700 0.508500 0.043100 0.598700 0.186600 0.165400 0.176200 0.194400 0.016100 0.222900 0.190000 0.108700 0.167400 0.201000 0.204200 0.214800 0.242100 0.268300 0.170800 0.000000 0.194100 0.184700 0.217500 0.226900 0.183100 0.202900 0.167200 0.008100 0.204200 0.034700 0.231700 0.204900 0.260400 0.164900 0.165600 0.103300 0.178400 0.186700 0.212700 0.226600 0.227600 0.187500 0.222400 0.217800 0.102900 0.175900 0.192200 0.204200 0.197000 0.234600 0.012100 0.024300
Oribi 0.107300 0.465800 0.185300 0.568900 0.125000 0.105200 0.103800 0.071200 0.192900 0.207900 0.109300 0.191800 0.092800 0.112600 0.176200 0.077200 0.217100 0.253000 0.105200 0.194100 0.000000 0.116300 0.192600 0.205800 0.103200 0.070800 0.086100 0.196300 0.076200 0.184200 0.216400 0.111800 0.233200 0.092800 0.098700 0.185700 0.110000 0.125100 0.092200 0.208200 0.202200 0.072700 0.207600 0.197100 0.180100 0.131400 0.063000 0.148100 0.111200 0.235800 0.188500 0.188400
BarbaryShe 0.038600 0.470700 0.166100 0.526700 0.098500 0.040800 0.100400 0.116000 0.179600 0.192100 0.040600 0.185600 0.069100 0.111500 0.167100 0.120000 0.200900 0.236500 0.070400 0.184700 0.116300 0.000000 0.194500 0.192400 0.034600 0.110900 0.071300 0.177400 0.120800 0.174700 0.200300 0.106300 0.227500 0.073500 0.081600 0.179400 0.036700 0.098700 0.131300 0.186800 0.193800 0.112900 0.191700 0.188700 0.178600 0.122300 0.109700 0.139800 0.128000 0.224700 0.179200 0.178900
Daviddeer 0.184600 0.499900 0.200900 0.567300 0.186400 0.182200 0.192300 0.207700 0.224600 0.055000 0.189300 0.228300 0.171500 0.215100 0.248800 0.204100 0.210300 0.224600 0.187300 0.217500 0.192600 0.194500 0.000000 0.078600 0.187800 0.196700 0.173900 0.220400 0.190000 0.209600 0.057300 0.213700 0.215800 0.171500 0.174800 0.232000 0.185200 0.181600 0.216800 0.079300 0.034000 0.193800 0.054900 0.066100 0.230900 0.190300 0.200900 0.225400 0.211300 0.221800 0.219700 0.219400
Reindeer 0.187800 0.475300 0.212500 0.559800 0.186800 0.185600 0.190500 0.208400 0.226800 0.072100 0.182500 0.232200 0.164800 0.215900 0.243500 0.206900 0.197600 0.214100 0.182900 0.226900 0.205800 0.192400 0.078600 0.000000 0.183600 0.194700 0.157300 0.227000 0.207900 0.215000 0.074500 0.206700 0.224000 0.169800 0.165800 0.230600 0.183400 0.192100 0.217400 0.057800 0.080400 0.191800 0.072000 0.028400 0.224300 0.185500 0.209100 0.213200 0.204500 0.216500 0.226300 0.226000
Ibex 0.032600 0.485700 0.169400 0.529000 0.079000 0.030500 0.094200 0.100800 0.176700 0.185300 0.013900 0.178800 0.058500 0.107500 0.154300 0.109200 0.194100 0.229600 0.055400 0.183100 0.103200 0.034600 0.187800 0.183600 0.000000 0.100200 0.054200 0.175700 0.105700 0.173100 0.193800 0.106800 0.213000 0.058500 0.071000 0.167800 0.022300 0.083500 0.111400 0.183000 0.192400 0.097800 0.184900 0.179800 0.167000 0.114600 0.096700 0.128900 0.107900 0.210500 0.177600 0.177300
GyrantGaze 0.104300 0.474900 0.194000 0.566700 0.108400 0.102300 0.092300 0.072900 0.191600 0.196700 0.106400 0.185700 0.087700 0.114100 0.167600 0.049800 0.208000 0.232600 0.106700 0.202900 0.070800 0.110900 0.196700 0.194700 0.100200 0.000000 0.085400 0.197900 0.052800 0.187800 0.209900 0.109000 0.237200 0.087700 0.087000 0.179600 0.107000 0.099800 0.085400 0.199200 0.203700 0.029400 0.196300 0.196000 0.174100 0.130800 0.060500 0.151600 0.108200 0.229100 0.197300 0.197100
Hartebeest 0.060500 0.452400 0.153700 0.523800 0.090900 0.058400 0.083800 0.088200 0.161000 0.169100 0.062500 0.160700 0.014300 0.101500 0.138800 0.087600 0.179800 0.209500 0.058400 0.167200 0.086100 0.071300 0.173900 0.157300 0.054200 0.085400 0.000000 0.160000 0.090700 0.157400 0.177100 0.100900 0.204400 0.014400 0.043400 0.154700 0.058500 0.091000 0.098700 0.161500 0.173500 0.083100 0.168800 0.158500 0.154100 0.097300 0.081800 0.095900 0.090700 0.193700 0.161800 0.161600
Bongo 0.165400 0.500600 0.038900 0.589600 0.181600 0.163200 0.181300 0.189400 0.012100 0.223200 0.182600 0.101800 0.160100 0.201100 0.206700 0.209700 0.236700 0.262700 0.163600 0.008100 0.196300 0.177400 0.220400 0.227000 0.175700 0.197900 0.160000 0.000000 0.204300 0.026400 0.232000 0.199900 0.260700 0.157600 0.158400 0.101000 0.173500 0.181700 0.207600 0.226700 0.227800 0.182600 0.222700 0.223300 0.100600 0.173400 0.187200 0.201600 0.192000 0.234600 0.012100 0.016200
Gerenuk 0.109700 0.478400 0.200500 0.570800 0.113800 0.107500 0.097600 0.073800 0.203000 0.195000 0.111800 0.186800 0.093000 0.110600 0.159100 0.043400 0.229800 0.255100 0.112100 0.204200 0.076200 0.120800 0.190000 0.207900 0.105700 0.052800 0.090700 0.204300 0.000000 0.199300 0.210300 0.118900 0.245400 0.093000 0.096800 0.190700 0.112400 0.114000 0.095400 0.202300 0.202100 0.050600 0.194600 0.199300 0.185100 0.140500 0.061400 0.147800 0.116000 0.237600 0.198600 0.203500
CommonElan 0.162900 0.495100 0.040800 0.589900 0.176600 0.160600 0.176400 0.182200 0.030300 0.212500 0.179900 0.103400 0.157500 0.196000 0.201700 0.204700 0.231000 0.258200 0.161000 0.034700 0.184200 0.174700 0.209600 0.215000 0.173100 0.187800 0.157400 0.026400 0.199300 0.000000 0.221100 0.189800 0.263000 0.155000 0.155800 0.098200 0.170900 0.176700 0.195200 0.214600 0.217100 0.172900 0.212000 0.211200 0.097800 0.163500 0.182300 0.196500 0.182000 0.229400 0.030500 0.026200
MuntiacusR 0.198100 0.506400 0.217500 0.573200 0.197100 0.195800 0.205700 0.216400 0.231700 0.022100 0.195300 0.237300 0.174600 0.229000 0.257200 0.212400 0.203000 0.214500 0.190600 0.231700 0.216400 0.200300 0.057300 0.074500 0.193800 0.209900 0.177100 0.232000 0.210300 0.221100 0.000000 0.222200 0.224400 0.174800 0.177900 0.235600 0.191200 0.192200 0.222800 0.073100 0.059200 0.206900 0.022000 0.066300 0.234500 0.197900 0.214500 0.223500 0.214700 0.224800 0.231300 0.230900
HarveysDui 0.106400 0.497500 0.186000 0.558700 0.133200 0.104400 0.051900 0.114100 0.198500 0.208800 0.112900 0.212600 0.098600 0.033600 0.179300 0.120100 0.228400 0.258800 0.117700 0.204900 0.111800 0.106300 0.213700 0.206700 0.106800 0.109000 0.100900 0.199900 0.118900 0.189800 0.222200 0.000000 0.252400 0.103200 0.102400 0.191200 0.109100 0.133300 0.122400 0.209000 0.207900 0.111000 0.208400 0.203100 0.195400 0.137400 0.101200 0.149400 0.130700 0.239000 0.199400 0.199000
Pronghorn 0.225500 0.479200 0.253600 0.521000 0.237300 0.223200 0.227700 0.235900 0.265200 0.215900 0.204100 0.267500 0.196800 0.232600 0.269200 0.247600 0.193900 0.223400 0.220400 0.260400 0.233200 0.227500 0.215800 0.224000 0.213000 0.237200 0.204400 0.260700 0.245400 0.263000 0.224400 0.252400 0.000000 0.202000 0.220600 0.265500 0.207900 0.229400 0.239700 0.215900 0.225200 0.223600 0.215500 0.215100 0.265500 0.225200 0.226300 0.241000 0.229200 0.260800 0.256900 0.262100
BlueWildeb 0.062700 0.456600 0.151400 0.502400 0.093200 0.060600 0.086000 0.090500 0.158700 0.169200 0.064700 0.153600 0.012300 0.103800 0.131900 0.090000 0.182400 0.201800 0.060600 0.164900 0.092800 0.073500 0.171500 0.169800 0.058500 0.087700 0.014400 0.157600 0.093000 0.155000 0.174800 0.103200 0.202000 0.000000 0.045600 0.152500 0.060700 0.093300 0.096600 0.169000 0.166200 0.081000 0.171300 0.166100 0.151900 0.095100 0.084100 0.098300 0.093000 0.186400 0.159500 0.159300
Gemsbok 0.070800 0.447900 0.147200 0.530200 0.105900 0.068700 0.089800 0.087600 0.159400 0.170000 0.077200 0.166900 0.045600 0.103000 0.154100 0.093600 0.183300 0.202200 0.064300 0.165600 0.098700 0.081600 0.174800 0.165800 0.071000 0.087000 0.043400 0.158400 0.096800 0.155800 0.177900 0.102400 0.220600 0.045600 0.000000 0.165700 0.073200 0.101500 0.106900 0.167300 0.174400 0.078300 0.164700 0.159500 0.165000 0.107800 0.083400 0.113000 0.090100 0.197100 0.155400 0.155200
Yak 0.160400 0.488000 0.102500 0.552900 0.168500 0.158200 0.168300 0.185900 0.100400 0.232200 0.174500 0.064800 0.157200 0.187500 0.200300 0.194000 0.232100 0.271200 0.165400 0.103300 0.185700 0.179400 0.232000 0.230600 0.167800 0.179600 0.154700 0.101000 0.190700 0.098200 0.235600 0.191200 0.265500 0.152500 0.165700 0.000000 0.160800 0.168600 0.191000 0.241100 0.226200 0.176900 0.231700 0.232200 0.011600 0.172800 0.178900 0.185600 0.171600 0.242900 0.100500 0.100600
BlueSheep 0.038800 0.475500 0.168300 0.532300 0.076800 0.036800 0.096500 0.105400 0.174500 0.183000 0.028400 0.171600 0.060700 0.109800 0.147300 0.118300 0.189100 0.224400 0.057900 0.178400 0.110000 0.036700 0.185200 0.183400 0.022300 0.107000 0.058500 0.173500 0.112400 0.170900 0.191200 0.109100 0.207900 0.060700 0.073200 0.160800 0.000000 0.090200 0.113700 0.182800 0.189800 0.104500 0.182700 0.179700 0.160100 0.112400 0.099000 0.126700 0.114900 0.215500 0.175300 0.175000
BohorReedb 0.089800 0.484300 0.177900 0.557700 0.032200 0.087700 0.115900 0.118200 0.180300 0.184100 0.085300 0.184600 0.093200 0.134200 0.167500 0.115300 0.213000 0.237900 0.098800 0.186700 0.125100 0.098700 0.181600 0.192100 0.083500 0.099800 0.091000 0.181700 0.114000 0.176700 0.192200 0.133300 0.229400 0.093300 0.101500 0.168600 0.090200 0.000000 0.128800 0.194100 0.181100 0.106100 0.183800 0.183400 0.168000 0.107100 0.105000 0.153500 0.116400 0.211000 0.181200 0.180900
KirksDik 0.115500 0.477700 0.198600 0.554900 0.119600 0.113400 0.111900 0.092200 0.206300 0.214300 0.117500 0.197400 0.096600 0.129800 0.174800 0.093800 0.210800 0.257100 0.122400 0.212700 0.092200 0.131300 0.216800 0.217400 0.111400 0.085400 0.098700 0.207600 0.095400 0.195200 0.222800 0.122400 0.239700 0.096600 0.106900 0.191000 0.113700 0.128800 0.000000 0.217200 0.218700 0.080800 0.213900 0.213800 0.190300 0.132900 0.088100 0.153800 0.126200 0.229000 0.207000 0.201800
RoeDeer 0.189700 0.485500 0.212300 0.557300 0.193900 0.187500 0.195000 0.202800 0.226500 0.072800 0.187000 0.232200 0.164000 0.220900 0.253600 0.204100 0.204700 0.229500 0.177400 0.226600 0.208200 0.186800 0.079300 0.057800 0.183000 0.199200 0.161500 0.226700 0.202300 0.214600 0.073100 0.209000 0.215900 0.169000 0.167300 0.241100 0.182800 0.194100 0.217200 0.000000 0.081200 0.196200 0.072700 0.043300 0.239900 0.195200 0.196200 0.220700 0.209100 0.210900 0.226000 0.225700
WhiteLippe 0.189100 0.493600 0.203000 0.548700 0.185900 0.186800 0.191800 0.214900 0.227600 0.056900 0.193900 0.238400 0.171100 0.214500 0.260600 0.211100 0.209100 0.218000 0.189300 0.227600 0.202200 0.193800 0.034000 0.080400 0.192400 0.203700 0.173500 0.227800 0.202100 0.217100 0.059200 0.207900 0.225200 0.166200 0.174400 0.226200 0.189800 0.181100 0.218700 0.081200 0.000000 0.200800 0.056800 0.068000 0.230500 0.191300 0.210500 0.224800 0.215900 0.220700 0.227200 0.226800
ThomsonGaz 0.101800 0.455300 0.178900 0.552500 0.106000 0.099800 0.089900 0.066400 0.181400 0.193800 0.103900 0.178000 0.080900 0.111600 0.160400 0.047600 0.210200 0.234800 0.102000 0.187500 0.072700 0.112900 0.193800 0.191800 0.097800 0.029400 0.083100 0.182600 0.050600 0.172900 0.206900 0.111000 0.223600 0.081000 0.078300 0.176900 0.104500 0.106100 0.080800 0.196200 0.200800 0.000000 0.193400 0.193100 0.166600 0.121300 0.062500 0.144400 0.101500 0.215800 0.182100 0.181900
MuntiacusC 0.189500 0.487800 0.208500 0.547400 0.188600 0.187200 0.192200 0.210000 0.222500 0.011800 0.181700 0.233300 0.166300 0.214900 0.255700 0.203700 0.194200 0.200100 0.182200 0.222400 0.207600 0.191700 0.054900 0.072000 0.184900 0.196300 0.168800 0.222700 0.194600 0.212000 0.022000 0.208400 0.215500 0.171300 0.164700 0.231700 0.182700 0.183800 0.213900 0.072700 0.056800 0.193400 0.000000 0.068100 0.230600 0.179200 0.200600 0.209800 0.206000 0.220900 0.216700 0.221700
WhiteTaile 0.184100 0.479400 0.208900 0.569400 0.183200 0.181900 0.186700 0.204700 0.223000 0.068300 0.178800 0.233900 0.161000 0.207200 0.242600 0.203300 0.198900 0.218100 0.179200 0.217800 0.197100 0.188700 0.066100 0.028400 0.179800 0.196000 0.158500 0.223300 0.199300 0.211200 0.066300 0.203100 0.215100 0.166100 0.159500 0.232200 0.179700 0.183400 0.213800 0.043300 0.068000 0.193100 0.068100 0.000000 0.226000 0.186500 0.205500 0.209600 0.205900 0.212700 0.217200 0.222300
Cattle 0.159700 0.485400 0.102000 0.559700 0.163000 0.157500 0.172400 0.175400 0.099900 0.231100 0.168900 0.068700 0.156500 0.191700 0.194500 0.188300 0.220400 0.264400 0.164700 0.102900 0.180100 0.178600 0.230900 0.224300 0.167000 0.174100 0.154100 0.100600 0.185100 0.097800 0.234500 0.195400 0.265500 0.151900 0.165000 0.011600 0.160100 0.168000 0.190300 0.239900 0.230500 0.166600 0.230600 0.226000 0.000000 0.167200 0.173300 0.180200 0.170900 0.241600 0.100100 0.100100
RoyalAntel 0.116500 0.497500 0.162500 0.534900 0.116100 0.114400 0.122300 0.122200 0.169500 0.189700 0.111700 0.188800 0.095100 0.142800 0.150200 0.137400 0.219300 0.236400 0.114400 0.175900 0.131400 0.122300 0.190300 0.185500 0.114600 0.130800 0.097300 0.173400 0.140500 0.163500 0.197900 0.137400 0.225200 0.095100 0.107800 0.172800 0.112400 0.107100 0.132900 0.195200 0.191300 0.121300 0.179200 0.186500 0.167200 0.000000 0.122600 0.129300 0.127300 0.227700 0.167500 0.172700
Steenbok 0.100800 0.454300 0.183400 0.561800 0.104900 0.098700 0.084400 0.058800 0.186000 0.201000 0.098400 0.180000 0.084000 0.097400 0.160000 0.066800 0.210000 0.245600 0.103200 0.192200 0.063000 0.109700 0.200900 0.209100 0.096700 0.060500 0.081800 0.187200 0.061400 0.182300 0.214500 0.101200 0.226300 0.084100 0.083400 0.178900 0.099000 0.105000 0.088100 0.196200 0.210500 0.062500 0.200600 0.205500 0.173300 0.122600 0.000000 0.134600 0.102600 0.228500 0.186600 0.186500
Impala 0.128600 0.508800 0.187800 0.532700 0.144000 0.126500 0.143400 0.147900 0.200200 0.215300 0.126000 0.197000 0.089400 0.157300 0.162200 0.149400 0.222100 0.252200 0.126500 0.204200 0.148100 0.139800 0.225400 0.213200 0.128900 0.151600 0.095900 0.201600 0.147800 0.196500 0.223500 0.149400 0.241000 0.098300 0.113000 0.185600 0.126700 0.153500 0.153800 0.220700 0.224800 0.144400 0.209800 0.209600 0.180200 0.129300 0.134600 0.000000 0.136900 0.240300 0.196000 0.200700
Klipspring 0.112100 0.456100 0.178100 0.568200 0.116300 0.110000 0.115600 0.115700 0.190600 0.206300 0.114200 0.182700 0.092900 0.129100 0.169400 0.110500 0.204700 0.234700 0.114500 0.197000 0.111200 0.128000 0.211300 0.204500 0.107900 0.108200 0.090700 0.192000 0.116000 0.182000 0.214700 0.130700 0.229200 0.093000 0.090100 0.171600 0.114900 0.116400 0.126200 0.209100 0.215900 0.101500 0.206000 0.205900 0.170900 0.127300 0.102600 0.136900 0.000000 0.223800 0.191400 0.191100
ForestMusk 0.212200 0.516600 0.221400 0.566300 0.210800 0.209900 0.217200 0.227600 0.234400 0.221300 0.214500 0.239200 0.196300 0.240800 0.255200 0.221100 0.225200 0.237100 0.220200 0.234600 0.235800 0.224700 0.221800 0.216500 0.210500 0.229100 0.193700 0.234600 0.237600 0.229400 0.224800 0.239000 0.260800 0.186400 0.197100 0.242900 0.215500 0.211000 0.229000 0.210900 0.220700 0.215800 0.220900 0.212700 0.241600 0.227700 0.228500 0.240300 0.223800 0.000000 0.234000 0.228400
Bushbuck 0.167200 0.488000 0.038800 0.588300 0.181100 0.165000 0.175700 0.188900 0.012000 0.222500 0.179300 0.106000 0.162000 0.195300 0.201000 0.209100 0.230600 0.256200 0.165400 0.012100 0.188500 0.179200 0.219700 0.226300 0.177600 0.197300 0.161800 0.012100 0.198600 0.030500 0.231300 0.199400 0.256900 0.159500 0.155400 0.100500 0.175300 0.181200 0.207000 0.226000 0.227200 0.182100 0.216700 0.217200 0.100100 0.167500 0.186600 0.196000 0.191400 0.234000 0.000000 0.016100
GreaterKud 0.167000 0.486100 0.038700 0.587800 0.180800 0.164800 0.180500 0.186400 0.020100 0.222200 0.184100 0.101300 0.161700 0.200200 0.205800 0.208900 0.222100 0.258800 0.165200 0.024300 0.188400 0.178900 0.219400 0.226000 0.177300 0.197100 0.161600 0.016200 0.203500 0.026200 0.230900 0.199000 0.262100 0.159300 0.155200 0.100600 0.175000 0.180900 0.201800 0.225700 0.226800 0.181900 0.221700 0.222300 0.100100 0.172700 0.186500 0.200700 0.191100 0.228400 0.016100 0.000000
