CODONML (in paml version 4.10.7, June 2023)  /home/rachel/ruminants_paml/6406-phy-tree/ENSBTAT00000009060.fasta.phy
Model: free dN/dS Ratios for branches,  kappa = 2.000 fixed

Codon frequency model: F3x4
ns =  54  ls =  22

Codon usage in sequences
--------------------------------------------------------------------------------------------------------------------------------------
Phe TTT   2   2   1   2   2   2 | Ser TCT   0   0   0   0   0   0 | Tyr TAT   1   1   1   1   1   1 | Cys TGT   0   0   0   0   0   0
    TTC   0   1   0   0   0   1 |     TCC   0   0   0   0   0   0 |     TAC   1   0   1   1   1   0 |     TGC   0   0   0   0   0   0
Leu TTA   0   0   0   0   0   0 |     TCA   0   0   0   0   0   0 | *** TAA   0   0   0   0   0   0 | *** TGA   0   0   0   0   0   0
    TTG   1   1   1   1   1   1 |     TCG   0   0   0   0   0   0 |     TAG   0   0   0   0   0   0 | Trp TGG   2   2   2   2   2   2
--------------------------------------------------------------------------------------------------------------------------------------
Leu CTT   0   0   1   0   0   0 | Pro CCT   0   0   0   0   0   0 | His CAT   1   1   1   1   1   1 | Arg CGT   0   0   0   0   0   0
    CTC   0   0   0   0   0   0 |     CCC   0   0   0   0   0   0 |     CAC   0   0   0   0   0   0 |     CGC   0   0   0   0   0   0
    CTA   0   0   0   0   0   0 |     CCA   0   0   0   0   0   0 | Gln CAA   0   0   0   0   0   0 |     CGA   0   0   0   0   0   0
    CTG   0   0   0   0   0   0 |     CCG   0   0   0   0   0   0 |     CAG   0   0   0   0   0   0 |     CGG   0   0   0   0   0   0
--------------------------------------------------------------------------------------------------------------------------------------
Ile ATT   1   1   1   1   1   0 | Thr ACT   0   0   0   0   0   1 | Asn AAT   1   1   1   1   1   1 | Ser AGT   1   1   1   1   1   0
    ATC   0   0   0   0   0   0 |     ACC   0   0   0   0   0   0 |     AAC   0   0   0   0   0   0 |     AGC   0   0   0   0   0   0
    ATA   0   0   0   0   0   0 |     ACA   0   0   0   0   0   0 | Lys AAA   1   1   1   1   1   1 | Arg AGA   1   1   1   1   1   1
Met ATG   0   0   0   0   0   0 |     ACG   0   0   0   0   0   0 |     AAG   1   1   1   1   1   1 |     AGG   0   0   0   0   0   0
--------------------------------------------------------------------------------------------------------------------------------------
Val GTT   1   1   1   1   1   2 | Ala GCT   0   0   0   0   0   0 | Asp GAT   0   0   0   0   0   0 | Gly GGT   0   0   0   0   0   0
    GTC   0   0   0   0   0   0 |     GCC   0   0   0   0   0   0 |     GAC   0   0   0   0   0   0 |     GGC   1   1   1   1   1   1
    GTA   1   1   1   1   1   1 |     GCA   0   0   0   0   0   0 | Glu GAA   2   2   2   2   2   2 |     GGA   2   2   2   2   2   2
    GTG   1   1   1   1   1   1 |     GCG   0   0   0   0   0   0 |     GAG   0   0   0   0   0   0 |     GGG   0   0   0   0   0   0
--------------------------------------------------------------------------------------------------------------------------------------

--------------------------------------------------------------------------------------------------------------------------------------
Phe TTT   2   2   2   2   1   2 | Ser TCT   0   0   0   0   0   0 | Tyr TAT   1   1   1   1   1   1 | Cys TGT   0   0   0   0   0   0
    TTC   0   0   0   0   0   0 |     TCC   0   0   0   0   0   0 |     TAC   1   1   1   1   1   1 |     TGC   0   0   0   0   0   0
Leu TTA   0   0   0   0   0   0 |     TCA   0   0   0   0   0   0 | *** TAA   0   0   0   0   0   0 | *** TGA   0   0   0   0   0   0
    TTG   1   1   1   1   1   1 |     TCG   0   0   0   0   0   0 |     TAG   0   0   0   0   0   0 | Trp TGG   2   2   2   2   2   2
--------------------------------------------------------------------------------------------------------------------------------------
Leu CTT   0   0   0   0   1   0 | Pro CCT   0   0   0   0   0   0 | His CAT   1   1   1   1   1   1 | Arg CGT   0   0   1   0   0   0
    CTC   0   0   0   0   0   0 |     CCC   0   0   0   0   0   0 |     CAC   0   0   0   0   0   0 |     CGC   0   0   0   0   0   0
    CTA   0   0   0   0   0   0 |     CCA   0   0   0   0   0   0 | Gln CAA   0   0   0   0   0   0 |     CGA   0   0   0   0   0   0
    CTG   0   0   0   0   0   0 |     CCG   0   0   0   0   0   0 |     CAG   0   0   0   0   0   0 |     CGG   0   0   0   0   0   0
--------------------------------------------------------------------------------------------------------------------------------------
Ile ATT   1   1   1   1   1   0 | Thr ACT   0   0   0   0   0   0 | Asn AAT   1   1   1   1   1   1 | Ser AGT   1   1   0   1   1   1
    ATC   0   0   0   0   0   1 |     ACC   0   0   0   0   0   0 |     AAC   0   0   0   0   0   0 |     AGC   0   0   0   0   0   0
    ATA   0   0   0   0   0   0 |     ACA   0   0   0   0   0   0 | Lys AAA   1   1   1   1   1   1 | Arg AGA   1   1   1   1   1   1
Met ATG   0   0   0   0   0   0 |     ACG   0   0   0   0   0   0 |     AAG   1   1   1   1   1   1 |     AGG   0   0   0   0   0   0
--------------------------------------------------------------------------------------------------------------------------------------
Val GTT   1   1   1   1   1   1 | Ala GCT   0   0   0   0   0   0 | Asp GAT   0   0   0   0   0   0 | Gly GGT   0   0   0   0   0   0
    GTC   0   0   0   0   0   0 |     GCC   0   0   0   0   0   0 |     GAC   0   0   0   0   0   0 |     GGC   1   1   1   1   1   1
    GTA   1   1   1   1   1   1 |     GCA   0   0   0   0   0   0 | Glu GAA   2   2   2   1   2   2 |     GGA   2   2   2   2   2   2
    GTG   1   1   1   1   1   1 |     GCG   0   0   0   0   0   0 |     GAG   0   0   0   1   0   0 |     GGG   0   0   0   0   0   0
--------------------------------------------------------------------------------------------------------------------------------------

--------------------------------------------------------------------------------------------------------------------------------------
Phe TTT   2   2   2   2   2   2 | Ser TCT   0   0   0   0   0   0 | Tyr TAT   1   1   1   1   1   1 | Cys TGT   0   0   0   0   0   0
    TTC   0   0   0   0   0   0 |     TCC   0   0   0   0   0   0 |     TAC   1   1   1   1   1   1 |     TGC   0   0   0   0   0   0
Leu TTA   0   0   0   0   0   0 |     TCA   0   0   0   0   0   0 | *** TAA   0   0   0   0   0   0 | *** TGA   0   0   0   0   0   0
    TTG   1   1   1   1   1   1 |     TCG   0   0   0   0   0   0 |     TAG   0   0   0   0   0   0 | Trp TGG   2   2   2   2   2   2
--------------------------------------------------------------------------------------------------------------------------------------
Leu CTT   0   0   0   0   0   0 | Pro CCT   0   0   0   0   0   0 | His CAT   1   1   1   1   1   1 | Arg CGT   0   0   0   0   0   0
    CTC   0   0   0   0   0   0 |     CCC   0   0   0   0   0   0 |     CAC   0   0   0   0   0   0 |     CGC   0   0   0   0   0   0
    CTA   0   0   0   0   0   0 |     CCA   0   0   0   0   0   0 | Gln CAA   0   0   0   0   0   0 |     CGA   0   0   0   0   0   0
    CTG   0   0   0   0   0   0 |     CCG   0   0   0   0   0   0 |     CAG   0   0   0   0   0   0 |     CGG   0   0   0   0   0   0
--------------------------------------------------------------------------------------------------------------------------------------
Ile ATT   1   1   1   1   1   1 | Thr ACT   0   0   0   0   0   0 | Asn AAT   1   1   1   1   1   1 | Ser AGT   1   1   1   1   1   1
    ATC   0   0   0   0   0   0 |     ACC   0   0   0   0   0   0 |     AAC   0   0   0   0   0   0 |     AGC   0   0   0   0   0   0
    ATA   0   0   0   0   0   0 |     ACA   0   0   0   0   0   0 | Lys AAA   1   1   2   1   1   1 | Arg AGA   1   1   1   1   1   1
Met ATG   0   0   0   0   0   0 |     ACG   0   0   0   0   0   0 |     AAG   1   1   0   1   1   1 |     AGG   0   0   0   0   0   0
--------------------------------------------------------------------------------------------------------------------------------------
Val GTT   1   1   1   1   1   1 | Ala GCT   0   0   0   0   0   0 | Asp GAT   0   0   0   0   0   0 | Gly GGT   0   0   0   0   0   0
    GTC   0   0   0   0   0   0 |     GCC   0   0   0   0   0   0 |     GAC   0   0   0   0   0   0 |     GGC   1   1   1   1   1   1
    GTA   1   1   1   1   1   1 |     GCA   0   0   0   0   0   0 | Glu GAA   2   2   2   2   2   2 |     GGA   2   2   2   2   2   2
    GTG   1   1   1   1   1   1 |     GCG   0   0   0   0   0   0 |     GAG   0   0   0   0   0   0 |     GGG   0   0   0   0   0   0
--------------------------------------------------------------------------------------------------------------------------------------

--------------------------------------------------------------------------------------------------------------------------------------
Phe TTT   2   2   2   1   2   2 | Ser TCT   0   0   0   0   0   0 | Tyr TAT   1   1   1   1   1   1 | Cys TGT   0   0   0   0   0   0
    TTC   0   0   0   0   0   0 |     TCC   0   0   0   0   0   0 |     TAC   1   1   1   1   1   1 |     TGC   0   0   0   0   0   0
Leu TTA   0   0   0   0   0   0 |     TCA   0   0   0   0   0   0 | *** TAA   0   0   0   0   0   0 | *** TGA   0   0   0   0   0   0
    TTG   0   1   1   1   1   1 |     TCG   0   0   0   0   0   0 |     TAG   0   0   0   0   0   0 | Trp TGG   2   2   2   2   2   2
--------------------------------------------------------------------------------------------------------------------------------------
Leu CTT   0   0   0   1   0   0 | Pro CCT   0   0   0   0   0   0 | His CAT   1   1   1   1   1   1 | Arg CGT   0   0   0   0   0   0
    CTC   0   0   0   0   0   0 |     CCC   0   0   0   0   0   0 |     CAC   0   0   0   0   0   0 |     CGC   0   0   0   0   0   0
    CTA   0   0   0   0   0   0 |     CCA   0   0   0   0   0   0 | Gln CAA   0   0   0   0   0   0 |     CGA   0   0   0   0   0   0
    CTG   1   0   0   0   0   0 |     CCG   0   0   0   0   0   0 |     CAG   0   0   0   0   0   0 |     CGG   0   0   0   0   0   0
--------------------------------------------------------------------------------------------------------------------------------------
Ile ATT   1   1   1   1   1   1 | Thr ACT   0   0   0   0   0   0 | Asn AAT   2   2   1   1   1   1 | Ser AGT   0   0   1   1   1   1
    ATC   0   0   0   0   0   0 |     ACC   0   0   0   0   0   0 |     AAC   0   0   0   0   0   0 |     AGC   0   0   0   0   0   0
    ATA   0   0   0   0   0   0 |     ACA   0   0   0   0   0   0 | Lys AAA   1   1   1   1   1   1 | Arg AGA   1   1   1   1   1   1
Met ATG   0   0   0   0   0   0 |     ACG   0   0   0   0   0   0 |     AAG   1   1   1   1   1   1 |     AGG   0   0   0   0   0   0
--------------------------------------------------------------------------------------------------------------------------------------
Val GTT   1   1   1   1   1   1 | Ala GCT   0   0   0   0   0   0 | Asp GAT   0   0   0   0   0   0 | Gly GGT   0   0   0   0   0   0
    GTC   0   0   0   0   0   0 |     GCC   0   0   0   0   0   0 |     GAC   0   0   0   0   0   0 |     GGC   1   1   1   1   1   1
    GTA   1   1   1   1   0   1 |     GCA   0   0   0   0   1   0 | Glu GAA   2   2   2   2   2   2 |     GGA   2   2   2   2   2   2
    GTG   1   1   1   1   1   1 |     GCG   0   0   0   0   0   0 |     GAG   0   0   0   0   0   0 |     GGG   0   0   0   0   0   0
--------------------------------------------------------------------------------------------------------------------------------------

--------------------------------------------------------------------------------------------------------------------------------------
Phe TTT   2   2   2   2   2   1 | Ser TCT   0   0   0   0   0   0 | Tyr TAT   1   1   1   1   1   1 | Cys TGT   0   0   0   0   0   0
    TTC   0   0   0   0   0   0 |     TCC   0   0   0   0   0   0 |     TAC   1   1   1   1   1   1 |     TGC   0   0   0   0   0   0
Leu TTA   0   0   0   0   0   0 |     TCA   0   0   0   0   0   0 | *** TAA   0   0   0   0   0   0 | *** TGA   0   0   0   0   0   0
    TTG   1   1   1   1   1   1 |     TCG   0   0   0   0   0   0 |     TAG   0   0   0   0   0   0 | Trp TGG   2   2   2   2   2   2
--------------------------------------------------------------------------------------------------------------------------------------
Leu CTT   0   0   0   0   0   1 | Pro CCT   0   0   0   0   0   0 | His CAT   1   1   1   1   1   1 | Arg CGT   0   0   0   0   0   0
    CTC   0   0   0   0   0   0 |     CCC   0   0   0   0   0   0 |     CAC   0   0   0   0   0   0 |     CGC   0   0   0   0   0   0
    CTA   0   0   0   0   0   0 |     CCA   0   0   0   0   0   0 | Gln CAA   0   0   0   0   0   0 |     CGA   0   0   0   0   0   0
    CTG   0   0   0   0   0   0 |     CCG   0   0   0   0   0   0 |     CAG   0   0   0   0   0   0 |     CGG   0   0   0   0   0   0
--------------------------------------------------------------------------------------------------------------------------------------
Ile ATT   0   0   1   1   1   1 | Thr ACT   0   0   0   0   0   0 | Asn AAT   1   1   1   1   1   1 | Ser AGT   1   1   1   1   1   1
    ATC   1   1   0   0   0   0 |     ACC   0   0   0   0   0   0 |     AAC   0   0   0   0   0   0 |     AGC   0   0   0   0   0   0
    ATA   0   0   0   0   0   0 |     ACA   0   0   0   0   0   0 | Lys AAA   1   1   1   1   2   1 | Arg AGA   1   1   1   1   1   1
Met ATG   0   0   0   0   0   0 |     ACG   0   0   0   0   0   0 |     AAG   1   1   1   1   0   1 |     AGG   0   0   0   0   0   0
--------------------------------------------------------------------------------------------------------------------------------------
Val GTT   1   1   1   1   1   1 | Ala GCT   0   0   0   0   0   0 | Asp GAT   0   0   0   0   0   0 | Gly GGT   0   0   0   0   0   0
    GTC   0   0   0   0   0   0 |     GCC   0   0   0   0   0   0 |     GAC   0   0   0   0   0   0 |     GGC   1   1   1   1   1   1
    GTA   1   1   1   1   1   1 |     GCA   0   0   0   0   0   0 | Glu GAA   2   2   2   2   2   2 |     GGA   2   2   2   2   2   2
    GTG   1   1   1   1   1   1 |     GCG   0   0   0   0   0   0 |     GAG   0   0   0   0   0   0 |     GGG   0   0   0   0   0   0
--------------------------------------------------------------------------------------------------------------------------------------

--------------------------------------------------------------------------------------------------------------------------------------
Phe TTT   2   1   2   2   2   2 | Ser TCT   0   0   0   0   0   0 | Tyr TAT   1   1   1   1   1   1 | Cys TGT   0   0   0   0   0   0
    TTC   0   0   0   0   0   0 |     TCC   0   0   0   0   0   0 |     TAC   1   1   1   1   1   1 |     TGC   0   0   0   0   0   0
Leu TTA   0   0   0   0   0   0 |     TCA   0   0   0   0   0   0 | *** TAA   0   0   0   0   0   0 | *** TGA   0   0   0   0   0   0
    TTG   1   1   1   1   1   1 |     TCG   0   0   0   0   0   0 |     TAG   0   0   0   0   0   0 | Trp TGG   2   2   2   2   2   2
--------------------------------------------------------------------------------------------------------------------------------------
Leu CTT   0   1   0   0   0   0 | Pro CCT   0   0   0   0   0   0 | His CAT   1   1   1   1   1   1 | Arg CGT   0   0   0   0   0   0
    CTC   0   0   0   0   0   0 |     CCC   0   0   0   0   0   0 |     CAC   0   0   0   0   0   0 |     CGC   0   0   0   0   0   0
    CTA   0   0   0   0   0   0 |     CCA   0   0   0   0   0   0 | Gln CAA   0   0   0   0   0   0 |     CGA   0   0   0   0   0   0
    CTG   0   0   0   0   0   0 |     CCG   0   0   0   0   0   0 |     CAG   0   0   0   0   0   0 |     CGG   0   0   0   0   0   0
--------------------------------------------------------------------------------------------------------------------------------------
Ile ATT   1   1   0   1   1   1 | Thr ACT   0   0   0   0   0   0 | Asn AAT   1   1   1   1   1   1 | Ser AGT   1   1   1   1   1   1
    ATC   0   0   1   0   0   0 |     ACC   0   0   0   0   0   0 |     AAC   0   0   0   0   0   0 |     AGC   0   0   0   0   0   0
    ATA   0   0   0   0   0   0 |     ACA   0   0   0   0   0   0 | Lys AAA   1   1   1   1   1   2 | Arg AGA   1   1   1   1   1   1
Met ATG   0   0   0   0   0   0 |     ACG   0   0   0   0   0   0 |     AAG   1   1   1   1   1   0 |     AGG   0   0   0   0   0   0
--------------------------------------------------------------------------------------------------------------------------------------
Val GTT   1   1   1   1   1   1 | Ala GCT   0   0   0   0   0   0 | Asp GAT   0   0   0   0   0   0 | Gly GGT   0   0   0   0   0   0
    GTC   0   0   0   0   0   0 |     GCC   0   0   0   0   0   0 |     GAC   0   0   0   0   0   0 |     GGC   1   1   1   1   1   1
    GTA   1   1   1   1   1   1 |     GCA   0   0   0   0   0   0 | Glu GAA   2   2   2   2   2   2 |     GGA   2   2   2   2   2   2
    GTG   1   1   1   1   1   1 |     GCG   0   0   0   0   0   0 |     GAG   0   0   0   0   0   0 |     GGG   0   0   0   0   0   0
--------------------------------------------------------------------------------------------------------------------------------------

--------------------------------------------------------------------------------------------------------------------------------------
Phe TTT   2   2   2   2   2   2 | Ser TCT   0   0   0   0   0   0 | Tyr TAT   1   1   1   1   1   1 | Cys TGT   1   0   0   0   0   0
    TTC   0   0   0   0   0   0 |     TCC   0   0   0   0   0   0 |     TAC   0   1   1   1   1   1 |     TGC   0   0   0   0   0   0
Leu TTA   0   0   0   1   0   0 |     TCA   0   0   0   0   0   0 | *** TAA   0   0   0   0   0   0 | *** TGA   0   0   0   0   0   0
    TTG   1   1   1   0   1   1 |     TCG   0   0   0   0   0   0 |     TAG   0   0   0   0   0   0 | Trp TGG   2   2   2   2   2   2
--------------------------------------------------------------------------------------------------------------------------------------
Leu CTT   0   0   0   0   0   0 | Pro CCT   0   0   0   0   0   0 | His CAT   1   1   1   1   1   1 | Arg CGT   0   0   0   0   0   0
    CTC   0   0   0   0   0   0 |     CCC   0   0   0   0   0   0 |     CAC   0   0   0   0   0   0 |     CGC   0   0   0   0   0   0
    CTA   0   0   0   0   0   0 |     CCA   0   0   0   0   0   0 | Gln CAA   0   0   0   0   0   0 |     CGA   0   0   0   0   0   0
    CTG   0   0   0   0   0   0 |     CCG   0   0   0   0   0   0 |     CAG   0   0   0   0   0   0 |     CGG   0   0   0   0   0   0
--------------------------------------------------------------------------------------------------------------------------------------
Ile ATT   1   1   1   1   1   0 | Thr ACT   0   0   0   0   0   0 | Asn AAT   1   1   1   1   1   1 | Ser AGT   1   1   1   1   1   1
    ATC   0   0   0   0   0   1 |     ACC   0   0   0   0   0   0 |     AAC   0   0   0   0   0   0 |     AGC   0   0   0   0   0   0
    ATA   0   0   0   0   0   0 |     ACA   0   0   0   0   0   0 | Lys AAA   2   1   1   1   1   1 | Arg AGA   1   1   1   1   1   1
Met ATG   0   0   0   0   0   0 |     ACG   0   0   0   0   0   0 |     AAG   0   1   1   1   1   1 |     AGG   0   0   0   0   0   0
--------------------------------------------------------------------------------------------------------------------------------------
Val GTT   1   1   1   1   1   1 | Ala GCT   0   0   0   0   0   0 | Asp GAT   0   0   0   0   0   0 | Gly GGT   0   0   0   0   0   0
    GTC   0   0   0   0   0   0 |     GCC   0   0   0   0   0   0 |     GAC   0   0   0   0   0   0 |     GGC   1   1   1   1   1   1
    GTA   1   1   1   1   1   1 |     GCA   0   0   0   0   0   0 | Glu GAA   2   2   2   2   2   2 |     GGA   2   2   2   2   2   2
    GTG   1   1   1   1   1   1 |     GCG   0   0   0   0   0   0 |     GAG   0   0   0   0   0   0 |     GGG   0   0   0   0   0   0
--------------------------------------------------------------------------------------------------------------------------------------

--------------------------------------------------------------------------------------------------------------------------------------
Phe TTT   2   2   2   2   2   2 | Ser TCT   0   0   0   0   0   0 | Tyr TAT   1   1   1   1   1   1 | Cys TGT   0   0   0   0   0   0
    TTC   0   0   0   0   0   0 |     TCC   0   0   0   0   0   0 |     TAC   1   1   1   0   1   1 |     TGC   0   0   0   1   0   0
Leu TTA   0   0   0   0   0   0 |     TCA   0   0   0   0   0   0 | *** TAA   0   0   0   0   0   0 | *** TGA   0   0   0   0   0   0
    TTG   1   1   1   1   1   1 |     TCG   0   0   0   0   0   0 |     TAG   0   0   0   0   0   0 | Trp TGG   2   2   2   2   2   2
--------------------------------------------------------------------------------------------------------------------------------------
Leu CTT   0   0   0   0   0   0 | Pro CCT   0   0   0   0   0   0 | His CAT   1   1   1   1   1   1 | Arg CGT   0   0   0   0   0   0
    CTC   0   0   0   0   0   0 |     CCC   0   0   0   0   0   0 |     CAC   0   0   0   0   0   0 |     CGC   0   0   0   0   0   0
    CTA   0   0   0   0   0   0 |     CCA   0   0   0   0   0   0 | Gln CAA   0   0   0   0   0   0 |     CGA   0   0   0   0   0   0
    CTG   0   0   0   0   0   0 |     CCG   0   0   0   0   0   0 |     CAG   0   0   0   0   0   0 |     CGG   0   0   0   0   0   0
--------------------------------------------------------------------------------------------------------------------------------------
Ile ATT   0   1   0   0   1   1 | Thr ACT   0   0   0   0   0   0 | Asn AAT   1   1   1   1   1   1 | Ser AGT   1   1   1   1   1   1
    ATC   1   0   1   1   0   0 |     ACC   0   0   0   0   0   0 |     AAC   0   0   0   0   0   0 |     AGC   0   0   0   0   0   0
    ATA   0   0   0   0   0   0 |     ACA   0   0   0   0   0   0 | Lys AAA   1   1   1   1   1   1 | Arg AGA   1   1   1   1   1   1
Met ATG   0   0   0   0   0   0 |     ACG   0   0   0   0   0   0 |     AAG   1   1   1   1   1   1 |     AGG   0   0   0   0   0   0
--------------------------------------------------------------------------------------------------------------------------------------
Val GTT   1   1   1   1   1   1 | Ala GCT   0   0   0   0   0   0 | Asp GAT   0   0   0   0   0   0 | Gly GGT   0   0   0   0   0   0
    GTC   0   0   0   0   0   0 |     GCC   0   0   0   0   0   0 |     GAC   0   0   0   0   0   0 |     GGC   1   1   1   1   1   1
    GTA   1   1   1   1   1   1 |     GCA   0   0   0   0   0   0 | Glu GAA   2   2   2   2   2   2 |     GGA   2   2   2   2   2   2
    GTG   1   1   1   1   1   1 |     GCG   0   0   0   0   0   0 |     GAG   0   0   0   0   0   0 |     GGG   0   0   0   0   0   0
--------------------------------------------------------------------------------------------------------------------------------------

--------------------------------------------------------------------------------------------------------------------------------------
Phe TTT   2   2   2   2   1   1 | Ser TCT   0   0   0   0   0   0 | Tyr TAT   1   1   1   1   1   1 | Cys TGT   0   0   0   0   0   0
    TTC   0   0   0   0   0   0 |     TCC   0   0   0   0   0   0 |     TAC   1   1   1   1   1   1 |     TGC   0   0   0   0   0   0
Leu TTA   0   0   0   0   0   0 |     TCA   0   0   0   0   0   0 | *** TAA   0   0   0   0   0   0 | *** TGA   0   0   0   0   0   0
    TTG   1   1   1   1   1   1 |     TCG   0   0   0   0   0   0 |     TAG   0   0   0   0   0   0 | Trp TGG   2   2   2   2   2   2
--------------------------------------------------------------------------------------------------------------------------------------
Leu CTT   0   0   0   0   1   1 | Pro CCT   0   0   0   0   0   0 | His CAT   1   1   1   1   1   1 | Arg CGT   0   0   0   0   0   0
    CTC   0   0   0   0   0   0 |     CCC   0   0   0   0   0   0 |     CAC   0   0   0   0   0   0 |     CGC   0   0   0   0   0   0
    CTA   0   0   0   0   0   0 |     CCA   0   0   0   0   0   0 | Gln CAA   0   0   0   0   0   0 |     CGA   0   0   0   0   0   0
    CTG   0   0   0   0   0   0 |     CCG   0   0   0   0   0   0 |     CAG   0   0   0   0   0   0 |     CGG   0   0   0   0   0   0
--------------------------------------------------------------------------------------------------------------------------------------
Ile ATT   1   1   1   1   1   1 | Thr ACT   0   0   0   0   0   0 | Asn AAT   1   1   1   1   1   1 | Ser AGT   1   1   1   1   1   1
    ATC   0   0   0   0   0   0 |     ACC   0   0   0   0   0   0 |     AAC   0   0   0   0   0   0 |     AGC   0   0   0   0   0   0
    ATA   0   0   0   0   0   0 |     ACA   0   0   0   0   0   0 | Lys AAA   1   1   1   1   1   1 | Arg AGA   1   1   1   1   1   1
Met ATG   0   0   0   0   0   0 |     ACG   0   0   0   0   0   0 |     AAG   1   1   1   1   1   1 |     AGG   0   0   0   0   0   0
--------------------------------------------------------------------------------------------------------------------------------------
Val GTT   1   1   1   1   1   1 | Ala GCT   0   0   0   0   0   0 | Asp GAT   0   0   0   0   0   0 | Gly GGT   0   0   0   0   0   0
    GTC   0   0   0   0   0   0 |     GCC   0   0   0   0   0   0 |     GAC   0   0   0   0   0   0 |     GGC   1   1   1   1   1   1
    GTA   1   1   1   1   1   1 |     GCA   0   0   0   0   0   0 | Glu GAA   2   2   2   2   2   2 |     GGA   2   2   2   2   2   2
    GTG   1   1   1   1   1   1 |     GCG   0   0   0   0   0   0 |     GAG   0   0   0   0   0   0 |     GGG   0   0   0   0   0   0
--------------------------------------------------------------------------------------------------------------------------------------

Codon position x base (3x4) table for each sequence.

#1: Argali         
position  1:    T:0.31818    C:0.04545    A:0.27273    G:0.36364
position  2:    T:0.31818    C:0.00000    A:0.36364    G:0.31818
position  3:    T:0.36364    C:0.09091    A:0.31818    G:0.22727
Average         T:0.33333    C:0.04545    A:0.31818    G:0.30303

#2: LesserMouseDeer
position  1:    T:0.31818    C:0.04545    A:0.27273    G:0.36364
position  2:    T:0.36364    C:0.00000    A:0.31818    G:0.31818
position  3:    T:0.36364    C:0.09091    A:0.31818    G:0.22727
Average         T:0.34848    C:0.04545    A:0.30303    G:0.30303

#3: LesserKudu     
position  1:    T:0.27273    C:0.09091    A:0.27273    G:0.36364
position  2:    T:0.31818    C:0.00000    A:0.36364    G:0.31818
position  3:    T:0.36364    C:0.09091    A:0.31818    G:0.22727
Average         T:0.31818    C:0.06061    A:0.31818    G:0.30303

#4: ForestMuskDeer2
position  1:    T:0.31818    C:0.04545    A:0.27273    G:0.36364
position  2:    T:0.31818    C:0.00000    A:0.36364    G:0.31818
position  3:    T:0.36364    C:0.09091    A:0.31818    G:0.22727
Average         T:0.33333    C:0.04545    A:0.31818    G:0.30303

#5: Camel          
position  1:    T:0.31818    C:0.04545    A:0.27273    G:0.36364
position  2:    T:0.31818    C:0.00000    A:0.36364    G:0.31818
position  3:    T:0.36364    C:0.09091    A:0.31818    G:0.22727
Average         T:0.33333    C:0.04545    A:0.31818    G:0.30303

#6: KillerWhale    
position  1:    T:0.31818    C:0.04545    A:0.22727    G:0.40909
position  2:    T:0.36364    C:0.04545    A:0.31818    G:0.27273
position  3:    T:0.36364    C:0.09091    A:0.31818    G:0.22727
Average         T:0.34848    C:0.06061    A:0.28788    G:0.30303

#7: DefassaWaterbuck
position  1:    T:0.31818    C:0.04545    A:0.27273    G:0.36364
position  2:    T:0.31818    C:0.00000    A:0.36364    G:0.31818
position  3:    T:0.36364    C:0.09091    A:0.31818    G:0.22727
Average         T:0.33333    C:0.04545    A:0.31818    G:0.30303

#8: Sheep          
position  1:    T:0.31818    C:0.04545    A:0.27273    G:0.36364
position  2:    T:0.31818    C:0.00000    A:0.36364    G:0.31818
position  3:    T:0.36364    C:0.09091    A:0.31818    G:0.22727
Average         T:0.33333    C:0.04545    A:0.31818    G:0.30303

#9: MaxwellsDuiker 
position  1:    T:0.31818    C:0.09091    A:0.22727    G:0.36364
position  2:    T:0.31818    C:0.00000    A:0.36364    G:0.31818
position  3:    T:0.36364    C:0.09091    A:0.31818    G:0.22727
Average         T:0.33333    C:0.06061    A:0.30303    G:0.30303

#10: GazellaPrzewalskyi
position  1:    T:0.31818    C:0.04545    A:0.27273    G:0.36364
position  2:    T:0.31818    C:0.00000    A:0.36364    G:0.31818
position  3:    T:0.36364    C:0.09091    A:0.27273    G:0.27273
Average         T:0.33333    C:0.04545    A:0.30303    G:0.31818

#11: MountainNyala  
position  1:    T:0.27273    C:0.09091    A:0.27273    G:0.36364
position  2:    T:0.31818    C:0.00000    A:0.36364    G:0.31818
position  3:    T:0.36364    C:0.09091    A:0.31818    G:0.22727
Average         T:0.31818    C:0.06061    A:0.31818    G:0.30303

#12: MuntiacusMuntjak
position  1:    T:0.31818    C:0.04545    A:0.27273    G:0.36364
position  2:    T:0.31818    C:0.00000    A:0.36364    G:0.31818
position  3:    T:0.31818    C:0.13636    A:0.31818    G:0.22727
Average         T:0.31818    C:0.06061    A:0.31818    G:0.30303

#13: goat           
position  1:    T:0.31818    C:0.04545    A:0.27273    G:0.36364
position  2:    T:0.31818    C:0.00000    A:0.36364    G:0.31818
position  3:    T:0.36364    C:0.09091    A:0.31818    G:0.22727
Average         T:0.33333    C:0.04545    A:0.31818    G:0.30303

#14: AfricanBuffalo 
position  1:    T:0.31818    C:0.04545    A:0.27273    G:0.36364
position  2:    T:0.31818    C:0.00000    A:0.36364    G:0.31818
position  3:    T:0.36364    C:0.09091    A:0.31818    G:0.22727
Average         T:0.33333    C:0.04545    A:0.31818    G:0.30303

#15: Topi           
position  1:    T:0.31818    C:0.04545    A:0.27273    G:0.36364
position  2:    T:0.31818    C:0.00000    A:0.36364    G:0.31818
position  3:    T:0.36364    C:0.09091    A:0.36364    G:0.18182
Average         T:0.33333    C:0.04545    A:0.33333    G:0.28788

#16: CommonDuiker   
position  1:    T:0.31818    C:0.04545    A:0.27273    G:0.36364
position  2:    T:0.31818    C:0.00000    A:0.36364    G:0.31818
position  3:    T:0.36364    C:0.09091    A:0.31818    G:0.22727
Average         T:0.33333    C:0.04545    A:0.31818    G:0.30303

#17: Suni           
position  1:    T:0.31818    C:0.04545    A:0.27273    G:0.36364
position  2:    T:0.31818    C:0.00000    A:0.36364    G:0.31818
position  3:    T:0.36364    C:0.09091    A:0.31818    G:0.22727
Average         T:0.33333    C:0.04545    A:0.31818    G:0.30303

#18: Springbuck     
position  1:    T:0.31818    C:0.04545    A:0.27273    G:0.36364
position  2:    T:0.31818    C:0.00000    A:0.36364    G:0.31818
position  3:    T:0.36364    C:0.09091    A:0.31818    G:0.22727
Average         T:0.33333    C:0.04545    A:0.31818    G:0.30303

#19: Okapi          
position  1:    T:0.27273    C:0.09091    A:0.27273    G:0.36364
position  2:    T:0.31818    C:0.00000    A:0.40909    G:0.27273
position  3:    T:0.36364    C:0.09091    A:0.31818    G:0.22727
Average         T:0.31818    C:0.06061    A:0.33333    G:0.28788

#20: Giraffe        
position  1:    T:0.31818    C:0.04545    A:0.27273    G:0.36364
position  2:    T:0.31818    C:0.00000    A:0.40909    G:0.27273
position  3:    T:0.36364    C:0.09091    A:0.31818    G:0.22727
Average         T:0.33333    C:0.04545    A:0.33333    G:0.28788

#21: TibetanAntelope
position  1:    T:0.31818    C:0.04545    A:0.27273    G:0.36364
position  2:    T:0.31818    C:0.00000    A:0.36364    G:0.31818
position  3:    T:0.36364    C:0.09091    A:0.31818    G:0.22727
Average         T:0.33333    C:0.04545    A:0.31818    G:0.30303

#22: Sitatunga      
position  1:    T:0.27273    C:0.09091    A:0.27273    G:0.36364
position  2:    T:0.31818    C:0.00000    A:0.36364    G:0.31818
position  3:    T:0.36364    C:0.09091    A:0.31818    G:0.22727
Average         T:0.31818    C:0.06061    A:0.31818    G:0.30303

#23: Oribi          
position  1:    T:0.31818    C:0.04545    A:0.27273    G:0.36364
position  2:    T:0.27273    C:0.04545    A:0.36364    G:0.31818
position  3:    T:0.36364    C:0.09091    A:0.31818    G:0.22727
Average         T:0.31818    C:0.06061    A:0.31818    G:0.30303

#24: BarbarySheep   
position  1:    T:0.31818    C:0.04545    A:0.27273    G:0.36364
position  2:    T:0.31818    C:0.00000    A:0.36364    G:0.31818
position  3:    T:0.36364    C:0.09091    A:0.31818    G:0.22727
Average         T:0.33333    C:0.04545    A:0.31818    G:0.30303

#25: Daviddeer      
position  1:    T:0.31818    C:0.04545    A:0.27273    G:0.36364
position  2:    T:0.31818    C:0.00000    A:0.36364    G:0.31818
position  3:    T:0.31818    C:0.13636    A:0.31818    G:0.22727
Average         T:0.31818    C:0.06061    A:0.31818    G:0.30303

#26: Reindeer       
position  1:    T:0.31818    C:0.04545    A:0.27273    G:0.36364
position  2:    T:0.31818    C:0.00000    A:0.36364    G:0.31818
position  3:    T:0.31818    C:0.13636    A:0.31818    G:0.22727
Average         T:0.31818    C:0.06061    A:0.31818    G:0.30303

#27: Ibex           
position  1:    T:0.31818    C:0.04545    A:0.27273    G:0.36364
position  2:    T:0.31818    C:0.00000    A:0.36364    G:0.31818
position  3:    T:0.36364    C:0.09091    A:0.31818    G:0.22727
Average         T:0.33333    C:0.04545    A:0.31818    G:0.30303

#28: GyrantGazelle  
position  1:    T:0.31818    C:0.04545    A:0.27273    G:0.36364
position  2:    T:0.31818    C:0.00000    A:0.36364    G:0.31818
position  3:    T:0.36364    C:0.09091    A:0.31818    G:0.22727
Average         T:0.33333    C:0.04545    A:0.31818    G:0.30303

#29: Hartebeest     
position  1:    T:0.31818    C:0.04545    A:0.27273    G:0.36364
position  2:    T:0.31818    C:0.00000    A:0.36364    G:0.31818
position  3:    T:0.36364    C:0.09091    A:0.36364    G:0.18182
Average         T:0.33333    C:0.04545    A:0.33333    G:0.28788

#30: Bongo          
position  1:    T:0.27273    C:0.09091    A:0.27273    G:0.36364
position  2:    T:0.31818    C:0.00000    A:0.36364    G:0.31818
position  3:    T:0.36364    C:0.09091    A:0.31818    G:0.22727
Average         T:0.31818    C:0.06061    A:0.31818    G:0.30303

#31: Gerenuk        
position  1:    T:0.31818    C:0.04545    A:0.27273    G:0.36364
position  2:    T:0.31818    C:0.00000    A:0.36364    G:0.31818
position  3:    T:0.36364    C:0.09091    A:0.31818    G:0.22727
Average         T:0.33333    C:0.04545    A:0.31818    G:0.30303

#32: CommonEland    
position  1:    T:0.27273    C:0.09091    A:0.27273    G:0.36364
position  2:    T:0.31818    C:0.00000    A:0.36364    G:0.31818
position  3:    T:0.36364    C:0.09091    A:0.31818    G:0.22727
Average         T:0.31818    C:0.06061    A:0.31818    G:0.30303

#33: MuntiacusReevesi
position  1:    T:0.31818    C:0.04545    A:0.27273    G:0.36364
position  2:    T:0.31818    C:0.00000    A:0.36364    G:0.31818
position  3:    T:0.31818    C:0.13636    A:0.31818    G:0.22727
Average         T:0.31818    C:0.06061    A:0.31818    G:0.30303

#34: HarveysDuiker  
position  1:    T:0.31818    C:0.04545    A:0.27273    G:0.36364
position  2:    T:0.31818    C:0.00000    A:0.36364    G:0.31818
position  3:    T:0.36364    C:0.09091    A:0.31818    G:0.22727
Average         T:0.33333    C:0.04545    A:0.31818    G:0.30303

#35: Pronghorn      
position  1:    T:0.31818    C:0.04545    A:0.27273    G:0.36364
position  2:    T:0.31818    C:0.00000    A:0.36364    G:0.31818
position  3:    T:0.36364    C:0.09091    A:0.31818    G:0.22727
Average         T:0.33333    C:0.04545    A:0.31818    G:0.30303

#36: BlueWildebeest 
position  1:    T:0.31818    C:0.04545    A:0.27273    G:0.36364
position  2:    T:0.31818    C:0.00000    A:0.36364    G:0.31818
position  3:    T:0.36364    C:0.09091    A:0.36364    G:0.18182
Average         T:0.33333    C:0.04545    A:0.33333    G:0.28788

#37: Gemsbok        
position  1:    T:0.31818    C:0.04545    A:0.27273    G:0.36364
position  2:    T:0.31818    C:0.00000    A:0.31818    G:0.36364
position  3:    T:0.40909    C:0.04545    A:0.36364    G:0.18182
Average         T:0.34848    C:0.03030    A:0.31818    G:0.30303

#38: Yak            
position  1:    T:0.31818    C:0.04545    A:0.27273    G:0.36364
position  2:    T:0.31818    C:0.00000    A:0.36364    G:0.31818
position  3:    T:0.36364    C:0.09091    A:0.31818    G:0.22727
Average         T:0.33333    C:0.04545    A:0.31818    G:0.30303

#39: BlueSheep      
position  1:    T:0.31818    C:0.04545    A:0.27273    G:0.36364
position  2:    T:0.31818    C:0.00000    A:0.36364    G:0.31818
position  3:    T:0.36364    C:0.09091    A:0.31818    G:0.22727
Average         T:0.33333    C:0.04545    A:0.31818    G:0.30303

#40: BohorReedbuck  
position  1:    T:0.31818    C:0.04545    A:0.27273    G:0.36364
position  2:    T:0.31818    C:0.00000    A:0.36364    G:0.31818
position  3:    T:0.36364    C:0.09091    A:0.36364    G:0.18182
Average         T:0.33333    C:0.04545    A:0.33333    G:0.28788

#41: KirksDik       
position  1:    T:0.31818    C:0.04545    A:0.27273    G:0.36364
position  2:    T:0.31818    C:0.00000    A:0.36364    G:0.31818
position  3:    T:0.36364    C:0.09091    A:0.31818    G:0.22727
Average         T:0.33333    C:0.04545    A:0.31818    G:0.30303

#42: RoeDeer        
position  1:    T:0.31818    C:0.04545    A:0.27273    G:0.36364
position  2:    T:0.31818    C:0.00000    A:0.36364    G:0.31818
position  3:    T:0.31818    C:0.13636    A:0.31818    G:0.22727
Average         T:0.31818    C:0.06061    A:0.31818    G:0.30303

#43: WhiteLippedDeer
position  1:    T:0.31818    C:0.04545    A:0.27273    G:0.36364
position  2:    T:0.31818    C:0.00000    A:0.36364    G:0.31818
position  3:    T:0.31818    C:0.13636    A:0.31818    G:0.22727
Average         T:0.31818    C:0.06061    A:0.31818    G:0.30303

#44: ThomsonGazelle 
position  1:    T:0.31818    C:0.04545    A:0.27273    G:0.36364
position  2:    T:0.31818    C:0.00000    A:0.36364    G:0.31818
position  3:    T:0.36364    C:0.09091    A:0.31818    G:0.22727
Average         T:0.33333    C:0.04545    A:0.31818    G:0.30303

#45: MuntiacusCrinifrons
position  1:    T:0.31818    C:0.04545    A:0.27273    G:0.36364
position  2:    T:0.31818    C:0.00000    A:0.36364    G:0.31818
position  3:    T:0.31818    C:0.13636    A:0.31818    G:0.22727
Average         T:0.31818    C:0.06061    A:0.31818    G:0.30303

#46: WhiteTailedDeer
position  1:    T:0.31818    C:0.04545    A:0.27273    G:0.36364
position  2:    T:0.31818    C:0.00000    A:0.31818    G:0.36364
position  3:    T:0.31818    C:0.13636    A:0.31818    G:0.22727
Average         T:0.31818    C:0.06061    A:0.30303    G:0.31818

#47: Cattle         
position  1:    T:0.31818    C:0.04545    A:0.27273    G:0.36364
position  2:    T:0.31818    C:0.00000    A:0.36364    G:0.31818
position  3:    T:0.36364    C:0.09091    A:0.31818    G:0.22727
Average         T:0.33333    C:0.04545    A:0.31818    G:0.30303

#48: RoyalAntelope  
position  1:    T:0.31818    C:0.04545    A:0.27273    G:0.36364
position  2:    T:0.31818    C:0.00000    A:0.36364    G:0.31818
position  3:    T:0.36364    C:0.09091    A:0.31818    G:0.22727
Average         T:0.33333    C:0.04545    A:0.31818    G:0.30303

#49: Steenbok       
position  1:    T:0.31818    C:0.04545    A:0.27273    G:0.36364
position  2:    T:0.31818    C:0.00000    A:0.36364    G:0.31818
position  3:    T:0.36364    C:0.09091    A:0.31818    G:0.22727
Average         T:0.33333    C:0.04545    A:0.31818    G:0.30303

#50: Impala         
position  1:    T:0.31818    C:0.04545    A:0.27273    G:0.36364
position  2:    T:0.31818    C:0.00000    A:0.36364    G:0.31818
position  3:    T:0.36364    C:0.09091    A:0.31818    G:0.22727
Average         T:0.33333    C:0.04545    A:0.31818    G:0.30303

#51: Klipspringer   
position  1:    T:0.31818    C:0.04545    A:0.27273    G:0.36364
position  2:    T:0.31818    C:0.00000    A:0.36364    G:0.31818
