1
52 1
Argali 0.000000 0.325800 0.151500 0.371800 0.074200 0.000000 0.104700 0.173600 0.151600 0.199700 0.029300 0.115300 0.086400 0.130500 0.119200 0.132300 0.214200 0.187400 0.042900 0.192300 0.157800 0.014400 0.226700 0.184500 0.029900 0.118300 0.101000 0.179800 0.147600 0.168200 0.247600 0.103200 0.238800 0.101000 0.073300 0.130400 0.014600 0.090000 0.160300 0.204900 0.210900 0.161200 0.199900 0.587800 0.116400 0.157800 0.173600 0.085300 0.100000 0.103400 0.197100 0.151500
LesserMous 0.325800 0.000000 0.460900 0.343300 0.428200 0.325800 0.383800 0.475500 0.461300 0.482600 0.366800 0.444300 0.410900 0.405100 0.444100 0.430600 0.462800 0.435300 0.354400 0.460900 0.414600 0.341700 0.509200 0.508300 0.375900 0.418000 0.429900 0.492200 0.449600 0.469300 0.542300 0.356000 0.407900 0.429900 0.400800 0.400100 0.327000 0.451900 0.379400 0.543300 0.531500 0.467900 0.483400 0.851000 0.424600 0.395400 0.412500 0.402900 0.383300 0.395700 0.516900 0.460900
LesserKudu 0.151500 0.460900 0.000000 0.472400 0.166800 0.151500 0.149300 0.216800 0.027000 0.261000 0.184500 0.142000 0.129700 0.174400 0.163900 0.176100 0.254300 0.196900 0.116200 0.066000 0.200900 0.166100 0.286800 0.245400 0.188800 0.162400 0.144500 0.053400 0.191100 0.041000 0.309800 0.179400 0.301900 0.144500 0.117200 0.156100 0.152000 0.168000 0.203800 0.267400 0.255300 0.172900 0.261400 0.627000 0.143400 0.154900 0.232500 0.158800 0.159000 0.194700 0.067400 0.000000
KillerWhal 0.371800 0.343300 0.472400 0.000000 0.438300 0.371800 0.365700 0.487000 0.474600 0.489200 0.392800 0.453000 0.417600 0.388500 0.453800 0.440100 0.443500 0.414200 0.358800 0.473000 0.420900 0.389000 0.474600 0.522000 0.429100 0.425500 0.438000 0.506800 0.460900 0.452100 0.552500 0.337200 0.427400 0.438000 0.407400 0.386500 0.373500 0.463700 0.408400 0.559600 0.525600 0.477100 0.490100 1.071800 0.412500 0.360500 0.443500 0.410400 0.431300 0.404200 0.534300 0.472400
DefassaWat 0.074200 0.428200 0.166800 0.438300 0.000000 0.074200 0.119800 0.188300 0.166900 0.181300 0.074000 0.130000 0.100900 0.176900 0.103000 0.147200 0.261600 0.235100 0.087100 0.207300 0.172300 0.088700 0.242000 0.167100 0.107700 0.133300 0.115500 0.195000 0.162600 0.183700 0.228200 0.149900 0.291300 0.115500 0.088000 0.144900 0.090100 0.014300 0.175100 0.220700 0.227200 0.176100 0.181400 0.631800 0.131000 0.172300 0.188400 0.130000 0.114400 0.134600 0.212500 0.166800
Sheep 0.000000 0.325800 0.151500 0.371800 0.074200 0.000000 0.104700 0.173600 0.151600 0.199700 0.029300 0.115300 0.086400 0.130500 0.119200 0.132300 0.214200 0.187400 0.042900 0.192300 0.157800 0.014400 0.226700 0.184500 0.029900 0.118300 0.101000 0.179800 0.147600 0.168200 0.247600 0.103200 0.238800 0.101000 0.073300 0.130400 0.014600 0.090000 0.160300 0.204900 0.210900 0.161200 0.199900 0.587800 0.116400 0.157800 0.173600 0.085300 0.100000 0.103400 0.197100 0.151500
MaxwellsDu 0.104700 0.383800 0.149300 0.365700 0.119800 0.104700 0.000000 0.126100 0.149400 0.214500 0.136600 0.144500 0.100300 0.084200 0.102400 0.085500 0.243500 0.216700 0.086700 0.189700 0.111200 0.119300 0.257300 0.215400 0.139800 0.071700 0.114900 0.177200 0.100100 0.165700 0.262500 0.057100 0.270300 0.114900 0.087500 0.159500 0.089700 0.136300 0.098400 0.236600 0.243600 0.113600 0.214700 0.603300 0.145600 0.141100 0.126100 0.069900 0.114000 0.165200 0.194300 0.149300
GazellaPrz 0.173600 0.475500 0.216800 0.487000 0.188300 0.173600 0.126100 0.000000 0.217000 0.298600 0.205400 0.209800 0.165700 0.165500 0.170100 0.066300 0.306600 0.281100 0.153900 0.223800 0.091200 0.187500 0.289900 0.283200 0.210000 0.053400 0.150500 0.243600 0.079900 0.233400 0.346400 0.153300 0.304400 0.150500 0.154200 0.225000 0.158900 0.205000 0.119200 0.305500 0.314100 0.092600 0.299000 0.628700 0.211700 0.204100 0.145400 0.165000 0.149400 0.232800 0.261000 0.216800
MountainNy 0.151600 0.461300 0.027000 0.474600 0.166900 0.151600 0.149400 0.217000 0.000000 0.261200 0.184700 0.142100 0.129800 0.174500 0.164000 0.176200 0.254400 0.197000 0.116300 0.039200 0.201000 0.166300 0.287000 0.245600 0.188900 0.162600 0.144600 0.026400 0.191300 0.013500 0.310000 0.179500 0.302200 0.144600 0.117300 0.156100 0.152100 0.168100 0.203900 0.267600 0.255500 0.173000 0.261500 0.584000 0.143400 0.155000 0.232600 0.158900 0.159100 0.194900 0.040000 0.027000
MuntiacusM 0.199700 0.482600 0.261000 0.489200 0.181300 0.199700 0.214500 0.298600 0.261200 0.000000 0.199300 0.219300 0.207800 0.288700 0.245200 0.257600 0.321300 0.329400 0.193900 0.267200 0.248600 0.214300 0.139700 0.099700 0.239500 0.243700 0.190800 0.255200 0.273800 0.279000 0.053400 0.243600 0.357400 0.190800 0.195800 0.235300 0.200500 0.198500 0.251100 0.116800 0.119400 0.287400 0.025500 0.633100 0.221400 0.265600 0.264600 0.237400 0.237900 0.194000 0.308200 0.261000
goat 0.029300 0.366800 0.184500 0.392800 0.074000 0.029300 0.136600 0.205400 0.184700 0.199300 0.000000 0.146400 0.116800 0.161700 0.151100 0.164000 0.246200 0.219800 0.072500 0.225300 0.189200 0.043400 0.260900 0.218600 0.060200 0.150100 0.131800 0.213000 0.179700 0.201900 0.247000 0.134600 0.275300 0.131800 0.104000 0.161700 0.044100 0.089800 0.192100 0.240200 0.247400 0.193200 0.199400 0.615800 0.147600 0.189200 0.205500 0.115200 0.130400 0.119400 0.231000 0.184500
AfricanBuf 0.115300 0.444300 0.142000 0.453000 0.130000 0.115300 0.144500 0.209800 0.142100 0.219300 0.146400 0.000000 0.096200 0.168700 0.097800 0.170300 0.231800 0.206800 0.083000 0.180800 0.194400 0.129300 0.244100 0.204100 0.149400 0.157000 0.110200 0.168800 0.185300 0.157500 0.265100 0.173300 0.291400 0.110200 0.083700 0.094300 0.115700 0.146000 0.197000 0.224000 0.230300 0.198400 0.219500 0.603000 0.081100 0.150500 0.210000 0.123900 0.123900 0.157200 0.185000 0.142000
Topi 0.086400 0.410900 0.129700 0.417600 0.100900 0.086400 0.100300 0.165700 0.129800 0.207800 0.116800 0.096200 0.000000 0.125600 0.084600 0.127000 0.252700 0.195800 0.041300 0.169400 0.151800 0.100400 0.233300 0.192600 0.119400 0.113500 0.068200 0.157100 0.141700 0.145400 0.253900 0.128300 0.280000 0.068200 0.039500 0.110700 0.072000 0.116500 0.152800 0.212600 0.218700 0.154800 0.207900 0.525300 0.097200 0.151100 0.165700 0.082200 0.095700 0.144600 0.173300 0.129700
CommonDuik 0.130500 0.405100 0.174400 0.388500 0.176900 0.130500 0.084200 0.165500 0.174500 0.288700 0.161700 0.168700 0.125600 0.000000 0.128100 0.125900 0.264700 0.208100 0.083100 0.213500 0.164700 0.144500 0.313800 0.273100 0.165300 0.112600 0.139900 0.201600 0.140500 0.190700 0.337300 0.083100 0.330200 0.139900 0.113400 0.183700 0.115800 0.193800 0.152600 0.295500 0.304100 0.139200 0.289100 0.596800 0.170200 0.165000 0.180000 0.067100 0.138900 0.189400 0.218600 0.174400
Suni 0.119200 0.444100 0.163900 0.453800 0.103000 0.119200 0.102400 0.170100 0.164000 0.245200 0.151100 0.097800 0.084600 0.128100 0.000000 0.129500 0.256600 0.231000 0.071100 0.204000 0.154600 0.133600 0.271300 0.229900 0.154600 0.115900 0.099000 0.191700 0.144500 0.180500 0.293600 0.131800 0.344900 0.099000 0.071700 0.142600 0.104100 0.119100 0.157000 0.251300 0.258800 0.157900 0.245400 0.599400 0.128900 0.155000 0.170100 0.083800 0.098200 0.179500 0.209000 0.163900
Springbuck 0.132300 0.430600 0.176100 0.440100 0.147200 0.132300 0.085500 0.066300 0.176200 0.257600 0.164000 0.170300 0.127000 0.125900 0.129500 0.000000 0.236200 0.210300 0.113700 0.215400 0.080200 0.146500 0.283100 0.242200 0.167700 0.013500 0.141400 0.171700 0.040300 0.192500 0.305500 0.114000 0.261600 0.141400 0.114700 0.185500 0.117400 0.163700 0.081200 0.263700 0.271400 0.053700 0.257900 0.628300 0.171900 0.166700 0.107900 0.125600 0.140300 0.192000 0.220500 0.176100
Okapi 0.214200 0.462800 0.254300 0.443500 0.261600 0.214200 0.243500 0.306600 0.254400 0.321300 0.246200 0.231800 0.252700 0.264700 0.256600 0.236200 0.000000 0.073400 0.208400 0.260300 0.259700 0.196000 0.312200 0.305800 0.251500 0.255500 0.267500 0.248500 0.252000 0.239200 0.330000 0.209200 0.194900 0.267500 0.242200 0.217800 0.214800 0.279300 0.263000 0.328300 0.337200 0.296500 0.284900 0.642800 0.234800 0.275900 0.258600 0.249000 0.281900 0.253100 0.297900 0.254300
Giraffe 0.187400 0.435300 0.196900 0.414200 0.235100 0.187400 0.216700 0.281100 0.197000 0.329400 0.219800 0.206800 0.195800 0.208100 0.231000 0.210300 0.073400 0.000000 0.152300 0.204500 0.234300 0.169500 0.318900 0.312700 0.224100 0.229200 0.210400 0.192300 0.226000 0.182000 0.337900 0.182900 0.183400 0.210400 0.184500 0.162600 0.188000 0.252600 0.237200 0.336000 0.345500 0.270700 0.291800 0.658700 0.178800 0.219700 0.265100 0.192900 0.224500 0.229200 0.239900 0.196900
TibetanAnt 0.042900 0.354400 0.116200 0.358800 0.087100 0.042900 0.086700 0.153900 0.116300 0.193900 0.072500 0.083000 0.041300 0.083100 0.071100 0.113700 0.208400 0.152300 0.000000 0.156300 0.138900 0.057000 0.220200 0.179000 0.074100 0.100100 0.055200 0.143700 0.128400 0.131800 0.240300 0.085500 0.280100 0.055200 0.028000 0.097400 0.028600 0.102800 0.140900 0.198700 0.204400 0.141700 0.194100 0.550200 0.083800 0.139200 0.153900 0.040800 0.083100 0.100400 0.159900 0.116200
Sitatunga 0.192300 0.460900 0.066000 0.473000 0.207300 0.192300 0.189700 0.223800 0.039200 0.267200 0.225300 0.180800 0.169400 0.213500 0.204000 0.215400 0.260300 0.204500 0.156300 0.000000 0.149200 0.206500 0.227700 0.251800 0.230300 0.202200 0.124300 0.038400 0.230200 0.052900 0.314300 0.187700 0.272400 0.124300 0.157600 0.165000 0.193000 0.208700 0.211100 0.273200 0.261600 0.211500 0.267500 0.542100 0.182600 0.163600 0.239100 0.197800 0.198200 0.234500 0.078400 0.066000
Oribi 0.157800 0.414600 0.200900 0.420900 0.172300 0.157800 0.111200 0.091200 0.201000 0.248600 0.189200 0.194400 0.151800 0.164700 0.154600 0.080200 0.259700 0.234300 0.138900 0.149200 0.000000 0.171600 0.210400 0.233500 0.193300 0.067200 0.108100 0.196600 0.093900 0.217100 0.294700 0.110100 0.253200 0.108100 0.140100 0.179500 0.143300 0.188700 0.106200 0.254200 0.261300 0.106600 0.248800 0.567500 0.196300 0.161300 0.132500 0.150100 0.164700 0.216600 0.244600 0.200900
BarbaryShe 0.014400 0.341700 0.166100 0.389000 0.088700 0.014400 0.119300 0.187500 0.166300 0.214300 0.043400 0.129300 0.100400 0.144500 0.133600 0.146500 0.196000 0.169500 0.057000 0.206500 0.171600 0.000000 0.241000 0.199200 0.044400 0.132700 0.115100 0.194200 0.161900 0.183000 0.262200 0.117500 0.237000 0.115100 0.087600 0.144400 0.027700 0.104600 0.174300 0.219800 0.226300 0.175300 0.214500 0.602400 0.130500 0.171600 0.187500 0.099200 0.113900 0.117800 0.211700 0.166100
Daviddeer 0.226700 0.509200 0.286800 0.474600 0.242000 0.226700 0.257300 0.289900 0.287000 0.139700 0.260900 0.244100 0.233300 0.313800 0.271300 0.283100 0.312200 0.318900 0.220200 0.227700 0.210400 0.241000 0.000000 0.126200 0.266900 0.269700 0.185300 0.280500 0.299200 0.304700 0.197400 0.254400 0.309900 0.185300 0.222100 0.228500 0.227500 0.259900 0.277000 0.143400 0.115600 0.312500 0.139700 0.582800 0.246600 0.258000 0.290200 0.262800 0.263200 0.235900 0.316300 0.286800
Reindeer 0.184500 0.508300 0.245400 0.522000 0.167100 0.184500 0.215400 0.283200 0.245600 0.099700 0.218600 0.204100 0.192600 0.273100 0.229900 0.242200 0.305800 0.312700 0.179000 0.251800 0.233500 0.199200 0.126200 0.000000 0.223700 0.228400 0.144300 0.239800 0.258400 0.263200 0.158200 0.246600 0.340000 0.144300 0.180700 0.220200 0.185200 0.184300 0.269900 0.071400 0.104900 0.272000 0.099800 0.671000 0.206200 0.250500 0.283400 0.222400 0.222700 0.194800 0.292200 0.245400
Ibex 0.029900 0.375900 0.188800 0.429100 0.107700 0.029900 0.139800 0.210000 0.188900 0.239500 0.060200 0.149400 0.119400 0.165300 0.154600 0.167700 0.251500 0.224100 0.074100 0.230300 0.193300 0.044400 0.266900 0.223700 0.000000 0.153500 0.134600 0.217800 0.183800 0.206500 0.289700 0.137600 0.281800 0.134600 0.106400 0.165100 0.045100 0.124400 0.196400 0.226200 0.253300 0.197600 0.239700 0.648800 0.150900 0.193300 0.210000 0.117800 0.133200 0.138000 0.236300 0.188800
GyrantGaze 0.118300 0.418000 0.162400 0.425500 0.133300 0.118300 0.071700 0.053400 0.162600 0.243700 0.150100 0.157000 0.113500 0.112600 0.115900 0.013500 0.255500 0.229200 0.100100 0.202200 0.067200 0.132700 0.269700 0.228400 0.153500 0.000000 0.128000 0.190000 0.027200 0.178800 0.291800 0.100400 0.283600 0.128000 0.101000 0.172200 0.103400 0.149700 0.068000 0.249700 0.257000 0.040500 0.244000 0.615900 0.158400 0.153700 0.094900 0.112300 0.127000 0.178300 0.207100 0.162400
Hartebeest 0.101000 0.429900 0.144500 0.438000 0.115500 0.101000 0.114900 0.150500 0.144600 0.190800 0.131800 0.110200 0.068200 0.139900 0.099000 0.141400 0.267500 0.210400 0.055200 0.124300 0.108100 0.115100 0.185300 0.144300 0.134600 0.128000 0.000000 0.141300 0.156200 0.160300 0.236300 0.142900 0.261700 0.000000 0.055300 0.124800 0.086500 0.131400 0.167100 0.195200 0.200800 0.169300 0.190900 0.543200 0.111300 0.165200 0.180000 0.096000 0.109600 0.159400 0.188200 0.144500
Bongo 0.179800 0.492200 0.053400 0.506800 0.195000 0.179800 0.177200 0.243600 0.026400 0.255200 0.213000 0.168800 0.157100 0.201600 0.191700 0.171700 0.248500 0.192300 0.143700 0.038400 0.196600 0.194200 0.280500 0.239800 0.217800 0.190000 0.141300 0.000000 0.218400 0.040100 0.302900 0.207200 0.294100 0.141300 0.145000 0.182800 0.180400 0.196300 0.230600 0.261200 0.249300 0.199800 0.255600 0.615400 0.170400 0.181300 0.259200 0.185800 0.186100 0.222500 0.066000 0.053400
Gerenuk 0.147600 0.449600 0.191100 0.460900 0.162600 0.147600 0.100100 0.079900 0.191300 0.273800 0.179700 0.185300 0.141700 0.140500 0.144500 0.040300 0.252000 0.226000 0.128400 0.230200 0.093900 0.161900 0.299200 0.258400 0.183800 0.027200 0.156200 0.218400 0.000000 0.207700 0.322100 0.128800 0.314600 0.156200 0.129600 0.169900 0.132700 0.179300 0.095100 0.280400 0.287900 0.067400 0.274100 0.646800 0.156400 0.181400 0.121900 0.140200 0.155000 0.207700 0.235800 0.191100
CommonElan 0.168200 0.469300 0.041000 0.452100 0.183700 0.168200 0.165700 0.233400 0.013500 0.279000 0.201900 0.157500 0.145400 0.190700 0.180500 0.192500 0.239200 0.182000 0.131800 0.052900 0.217100 0.183000 0.304700 0.263200 0.206500 0.178800 0.160300 0.040100 0.207700 0.000000 0.328500 0.196100 0.284500 0.160300 0.133000 0.172800 0.168800 0.185000 0.220300 0.285800 0.273800 0.189000 0.279400 0.585900 0.159000 0.170400 0.249300 0.174800 0.174900 0.211700 0.054100 0.041000
MuntiacusR 0.247600 0.542300 0.309800 0.552500 0.228200 0.247600 0.262500 0.346400 0.310000 0.053400 0.247000 0.265100 0.253900 0.337300 0.293600 0.305500 0.330000 0.337900 0.240300 0.314300 0.294700 0.262200 0.197400 0.158200 0.289700 0.291800 0.236300 0.302900 0.322100 0.328500 0.000000 0.291700 0.366300 0.236300 0.242600 0.281400 0.248500 0.246200 0.297800 0.176800 0.180800 0.335800 0.052900 0.671100 0.267400 0.312500 0.311300 0.284100 0.284600 0.240600 0.357900 0.309800
HarveysDui 0.103200 0.356000 0.179400 0.337200 0.149900 0.103200 0.057100 0.153300 0.179500 0.243600 0.134600 0.173300 0.128300 0.083100 0.131800 0.114000 0.209200 0.182900 0.085500 0.187700 0.110100 0.117500 0.254400 0.246600 0.137600 0.100400 0.142900 0.207200 0.128800 0.196100 0.291700 0.000000 0.267400 0.142900 0.115900 0.157800 0.088300 0.166700 0.111000 0.268600 0.276500 0.142100 0.243900 0.597200 0.175000 0.138700 0.138300 0.069000 0.141800 0.162800 0.224600 0.179400
Pronghorn 0.238800 0.407900 0.301900 0.427400 0.291300 0.238800 0.270300 0.304400 0.302200 0.357400 0.275300 0.291400 0.280000 0.330200 0.344900 0.261600 0.194900 0.183400 0.280100 0.272400 0.253200 0.237000 0.309900 0.340000 0.281800 0.283600 0.261700 0.294100 0.314600 0.284500 0.366300 0.267400 0.000000 0.261700 0.268900 0.273900 0.239700 0.311400 0.291000 0.365900 0.377200 0.329000 0.315900 0.667400 0.294100 0.270600 0.304600 0.312100 0.312600 0.283700 0.351200 0.301900
BlueWildeb 0.101000 0.429900 0.144500 0.438000 0.115500 0.101000 0.114900 0.150500 0.144600 0.190800 0.131800 0.110200 0.068200 0.139900 0.099000 0.141400 0.267500 0.210400 0.055200 0.124300 0.108100 0.115100 0.185300 0.144300 0.134600 0.128000 0.000000 0.141300 0.156200 0.160300 0.236300 0.142900 0.261700 0.000000 0.055300 0.124800 0.086500 0.131400 0.167100 0.195200 0.200800 0.169300 0.190900 0.543200 0.111300 0.165200 0.180000 0.096000 0.109600 0.159400 0.188200 0.144500
Gemsbok 0.073300 0.400800 0.117200 0.407400 0.088000 0.073300 0.087500 0.154200 0.117300 0.195800 0.104000 0.083700 0.039500 0.113400 0.071700 0.114700 0.242200 0.184500 0.028000 0.157600 0.140100 0.087600 0.222100 0.180700 0.106400 0.101000 0.055300 0.145000 0.129600 0.133000 0.242600 0.115900 0.268900 0.055300 0.000000 0.098300 0.058600 0.103800 0.141100 0.200600 0.206400 0.143000 0.195900 0.556000 0.084600 0.139500 0.154300 0.069600 0.083300 0.132300 0.161300 0.117200
Yak 0.130400 0.400100 0.156100 0.386500 0.144900 0.130400 0.159500 0.225000 0.156100 0.235300 0.161700 0.094300 0.110700 0.183700 0.142600 0.185500 0.217800 0.162600 0.097400 0.165000 0.179500 0.144400 0.228500 0.220200 0.165100 0.172200 0.124800 0.182800 0.169900 0.172800 0.281400 0.157800 0.273900 0.124800 0.098300 0.000000 0.130900 0.161100 0.181700 0.240700 0.247400 0.213700 0.235500 0.577100 0.013100 0.165200 0.194700 0.138300 0.138500 0.172000 0.199100 0.156100
BlueSheep 0.014600 0.327000 0.152000 0.373500 0.090100 0.014600 0.089700 0.158900 0.152100 0.200500 0.044100 0.115700 0.072000 0.115800 0.104100 0.117400 0.214800 0.188000 0.028600 0.193000 0.143300 0.027700 0.227500 0.185200 0.045100 0.103400 0.086500 0.180400 0.132700 0.168800 0.248500 0.088300 0.239700 0.086500 0.058600 0.130900 0.000000 0.106300 0.145400 0.205600 0.211800 0.146300 0.200600 0.568600 0.116800 0.174500 0.158900 0.071000 0.115800 0.103800 0.197800 0.152000
BohorReedb 0.090000 0.451900 0.168000 0.463700 0.014300 0.090000 0.136300 0.205000 0.168100 0.198500 0.089800 0.146000 0.116500 0.193800 0.119100 0.163700 0.279300 0.252600 0.102800 0.208700 0.188700 0.104600 0.259900 0.184300 0.124400 0.149700 0.131400 0.196300 0.179300 0.185000 0.246200 0.166700 0.311400 0.131400 0.103800 0.161100 0.106300 0.000000 0.191800 0.239100 0.246300 0.177300 0.198700 0.609000 0.147100 0.173500 0.205100 0.146000 0.130100 0.151300 0.214000 0.168000
KirksDik 0.160300 0.379400 0.203800 0.408400 0.175100 0.160300 0.098400 0.119200 0.203900 0.251100 0.192100 0.197000 0.152800 0.152600 0.157000 0.081200 0.263000 0.237200 0.140900 0.211100 0.106200 0.174300 0.277000 0.269900 0.196400 0.068000 0.167100 0.230600 0.095100 0.220300 0.297800 0.111000 0.291000 0.167100 0.141100 0.181700 0.145400 0.191800 0.000000 0.291800 0.300200 0.107900 0.251400 0.614100 0.198700 0.162600 0.077900 0.152300 0.165900 0.219700 0.248000 0.203800
RoeDeer 0.204900 0.543300 0.267400 0.559600 0.220700 0.204900 0.236600 0.305500 0.267600 0.116800 0.240200 0.224000 0.212600 0.295500 0.251300 0.263700 0.328300 0.336000 0.198700 0.273200 0.254200 0.219800 0.143400 0.071400 0.226200 0.249700 0.195200 0.261200 0.280400 0.285800 0.176800 0.268600 0.365900 0.195200 0.200600 0.240700 0.205600 0.239100 0.291800 0.000000 0.122900 0.294300 0.116800 0.711300 0.226500 0.271700 0.305700 0.243100 0.243500 0.215000 0.315500 0.267400
WhiteLippe 0.210900 0.531500 0.255300 0.525600 0.227200 0.210900 0.243600 0.314100 0.255500 0.119400 0.247400 0.230300 0.218700 0.304100 0.258800 0.271400 0.337200 0.345500 0.204400 0.261600 0.261300 0.226300 0.115600 0.104900 0.253300 0.257000 0.200800 0.249300 0.287900 0.273800 0.180800 0.276500 0.377200 0.200800 0.206400 0.247400 0.211800 0.246300 0.300200 0.122900 0.000000 0.302700 0.119400 0.682700 0.232900 0.279400 0.314400 0.250000 0.250400 0.221100 0.303900 0.255300
ThomsonGaz 0.161200 0.467900 0.172900 0.477100 0.176100 0.161200 0.113600 0.092600 0.173000 0.287400 0.193200 0.198400 0.154800 0.139200 0.157900 0.053700 0.296500 0.270700 0.141700 0.211500 0.106600 0.175300 0.312500 0.272000 0.197600 0.040500 0.169300 0.199800 0.067400 0.189000 0.335800 0.142100 0.329000 0.169300 0.143000 0.213700 0.146300 0.177300 0.107900 0.294300 0.302700 0.000000 0.287800 0.581400 0.200100 0.163800 0.106200 0.153100 0.168100 0.188700 0.184800 0.172900
MuntiacusC 0.199900 0.483400 0.261400 0.490100 0.181400 0.199900 0.214700 0.299000 0.261500 0.025500 0.199400 0.219500 0.207900 0.289100 0.245400 0.257900 0.284900 0.291800 0.194100 0.267500 0.248800 0.214500 0.139700 0.099800 0.239700 0.244000 0.190900 0.255600 0.274100 0.279400 0.052900 0.243900 0.315900 0.190900 0.195900 0.235500 0.200600 0.198700 0.251400 0.116800 0.119400 0.287800 0.000000 0.681100 0.221500 0.265900 0.265000 0.237600 0.238100 0.194200 0.308700 0.261400
WhiteTaile 0.587800 0.851000 0.627000 1.071800 0.631800 0.587800 0.603300 0.628700 0.584000 0.633100 0.615800 0.603000 0.525300 0.596800 0.599400 0.628300 0.642800 0.658700 0.550200 0.542100 0.567500 0.602400 0.582800 0.671000 0.648800 0.615900 0.543200 0.615400 0.646800 0.585900 0.671100 0.597200 0.667400 0.543200 0.556000 0.577100 0.568600 0.609000 0.614100 0.711300 0.682700 0.581400 0.681100 0.000000 0.603100 0.590900 0.585300 0.599400 0.623900 0.639200 0.594600 0.627000
Cattle 0.116400 0.424600 0.143400 0.412500 0.131000 0.116400 0.145600 0.211700 0.143400 0.221400 0.147600 0.081100 0.097200 0.170200 0.128900 0.171900 0.234800 0.178800 0.083800 0.182600 0.196300 0.130500 0.246600 0.206200 0.150900 0.158400 0.111300 0.170400 0.156400 0.159000 0.267400 0.175000 0.294100 0.111300 0.084600 0.013100 0.116800 0.147100 0.198700 0.226500 0.232900 0.200100 0.221500 0.603100 0.000000 0.181700 0.211800 0.125000 0.125100 0.158200 0.186700 0.143400
RoyalAntel 0.157800 0.395400 0.154900 0.360500 0.172300 0.157800 0.141100 0.204100 0.155000 0.265600 0.189200 0.150500 0.151100 0.165000 0.155000 0.166700 0.275900 0.219700 0.139200 0.163600 0.161300 0.171600 0.258000 0.250500 0.193300 0.153700 0.165200 0.181300 0.181400 0.170400 0.312500 0.138700 0.270600 0.165200 0.139500 0.165200 0.174500 0.173500 0.162600 0.271700 0.279400 0.163800 0.265900 0.590900 0.181700 0.000000 0.188600 0.150500 0.134800 0.201500 0.197500 0.154900
Steenbok 0.173600 0.412500 0.232500 0.443500 0.188400 0.173600 0.126100 0.145400 0.232600 0.264600 0.205500 0.210000 0.165700 0.180000 0.170100 0.107900 0.258600 0.265100 0.153900 0.239100 0.132500 0.187500 0.290200 0.283400 0.210000 0.094900 0.180000 0.259200 0.121900 0.249300 0.311300 0.138300 0.304600 0.180000 0.154300 0.194700 0.158900 0.205100 0.077900 0.305700 0.314400 0.106200 0.265000 0.585300 0.211800 0.188600 0.000000 0.165100 0.178700 0.200700 0.243900 0.232500
Impala 0.085300 0.402900 0.158800 0.410400 0.130000 0.085300 0.069900 0.165000 0.158900 0.237400 0.115200 0.123900 0.082200 0.067100 0.083800 0.125600 0.249000 0.192900 0.040800 0.197800 0.150100 0.099200 0.262800 0.222400 0.117800 0.112300 0.096000 0.185800 0.140200 0.174800 0.284100 0.069000 0.312100 0.096000 0.069600 0.138300 0.071000 0.146000 0.152300 0.243100 0.250000 0.153100 0.237600 0.599400 0.125000 0.150500 0.165100 0.000000 0.095300 0.142600 0.202400 0.158800
Klipspring 0.100000 0.383300 0.159000 0.431300 0.114400 0.100000 0.114000 0.149400 0.159100 0.237900 0.130400 0.123900 0.095700 0.138900 0.098200 0.140300 0.281900 0.224500 0.083100 0.198200 0.164700 0.113900 0.263200 0.222700 0.133200 0.127000 0.109600 0.186100 0.155000 0.174900 0.284600 0.141800 0.312600 0.109600 0.083300 0.138500 0.115800 0.130100 0.165900 0.243500 0.250400 0.168100 0.238100 0.623900 0.125100 0.134800 0.178700 0.095300 0.000000 0.173900 0.202800 0.159000
ForestMusk 0.103400 0.395700 0.194700 0.404200 0.134600 0.103400 0.165200 0.232800 0.194900 0.194000 0.119400 0.157200 0.144600 0.189400 0.179500 0.192000 0.253100 0.229200 0.100400 0.234500 0.216600 0.117800 0.235900 0.194800 0.138000 0.178300 0.159400 0.222500 0.207700 0.211700 0.240600 0.162800 0.283700 0.159400 0.132300 0.172000 0.103800 0.151300 0.219700 0.215000 0.221100 0.188700 0.194200 0.639200 0.158200 0.201500 0.200700 0.142600 0.173900 0.000000 0.206900 0.194700
Bushbuck 0.197100 0.516900 0.067400 0.534300 0.212500 0.197100 0.194300 0.261000 0.040000 0.308200 0.231000 0.185000 0.173300 0.218600 0.209000 0.220500 0.297900 0.239900 0.159900 0.078400 0.244600 0.211700 0.316300 0.292200 0.236300 0.207100 0.188200 0.066000 0.235800 0.054100 0.357900 0.224600 0.351200 0.188200 0.161300 0.199100 0.197800 0.214000 0.248000 0.315500 0.303900 0.184800 0.308700 0.594600 0.186700 0.197500 0.243900 0.202400 0.202800 0.206900 0.000000 0.067400
GreaterKud 0.151500 0.460900 0.000000 0.472400 0.166800 0.151500 0.149300 0.216800 0.027000 0.261000 0.184500 0.142000 0.129700 0.174400 0.163900 0.176100 0.254300 0.196900 0.116200 0.066000 0.200900 0.166100 0.286800 0.245400 0.188800 0.162400 0.144500 0.053400 0.191100 0.041000 0.309800 0.179400 0.301900 0.144500 0.117200 0.156100 0.152000 0.168000 0.203800 0.267400 0.255300 0.172900 0.261400 0.627000 0.143400 0.154900 0.232500 0.158800 0.159000 0.194700 0.067400 0.000000
