CODONML (in paml version 4.10.7, June 2023)  /home/rachel/ruminants_paml/6406-phy-tree/ENSBTAT00000011256.fasta.phy
Model: free dN/dS Ratios for branches,  kappa = 2.000 fixed

Codon frequency model: F3x4
ns =  54  ls = 114

Codon usage in sequences
--------------------------------------------------------------------------------------------------------------------------------------
Phe TTT   5   6   6   6   6   6 | Ser TCT   0   0   0   0   0   0 | Tyr TAT   3   3   3   3   2   2 | Cys TGT   0   0   0   0   0   1
    TTC   5   3   4   4   4   4 |     TCC   1   1   1   1   0   1 |     TAC   1   1   1   1   2   2 |     TGC   2   2   2   2   2   1
Leu TTA   2   2   2   2   3   3 |     TCA   0   0   1   0   2   0 | *** TAA   0   0   0   0   0   0 | *** TGA   0   0   0   0   0   0
    TTG   1   1   1   1   1   1 |     TCG   1   1   0   1   0   1 |     TAG   0   0   0   0   0   0 | Trp TGG   1   1   1   1   1   1
--------------------------------------------------------------------------------------------------------------------------------------
Leu CTT   4   3   4   4   3   5 | Pro CCT   0   0   0   0   1   0 | His CAT   0   0   0   0   0   0 | Arg CGT   1   1   1   2   1   1
    CTC   4   5   5   5   4   4 |     CCC   3   3   3   3   3   3 |     CAC   0   0   0   0   0   0 |     CGC   2   2   2   1   2   2
    CTA   2   2   2   2   2   2 |     CCA   3   2   3   3   2   3 | Gln CAA   2   2   2   1   2   2 |     CGA   0   0   0   0   1   0
    CTG   5   5   4   4   5   4 |     CCG   0   1   0   0   0   0 |     CAG   0   0   0   1   0   0 |     CGG   1   1   1   1   0   1
--------------------------------------------------------------------------------------------------------------------------------------
Ile ATT   2   2   2   1   4   2 | Thr ACT   4   4   3   3   3   2 | Asn AAT   1   2   2   2   2   2 | Ser AGT   2   2   2   1   2   2
    ATC   4   5   4   4   3   4 |     ACC   0   1   1   1   1   2 |     AAC   3   2   2   2   2   2 |     AGC   1   1   1   2   1   1
    ATA   2   3   2   1   4   2 |     ACA   3   3   3   2   2   4 | Lys AAA   0   0   0   0   0   0 | Arg AGA   1   1   1   1   1   1
Met ATG   3   3   3   3   3   3 |     ACG   1   0   1   3   2   1 |     AAG   1   1   1   1   1   1 |     AGG   1   1   1   1   1   1
--------------------------------------------------------------------------------------------------------------------------------------
Val GTT   4   3   5   4   2   4 | Ala GCT   2   1   2   1   1   2 | Asp GAT   2   2   2   2   2   2 | Gly GGT   1   1   1   1   1   1
    GTC   3   3   2   4   3   2 |     GCC   1   1   2   2   1   1 |     GAC   1   1   1   1   1   1 |     GGC   1   1   1   2   2   1
    GTA   1   1   1   1   0   0 |     GCA   3   6   2   3   4   3 | Glu GAA   2   2   2   2   3   2 |     GGA   5   4   5   4   5   6
    GTG   5   5   5   5   6   5 |     GCG   2   0   2   2   1   2 |     GAG   2   2   2   2   1   2 |     GGG   1   2   1   1   0   0
--------------------------------------------------------------------------------------------------------------------------------------

--------------------------------------------------------------------------------------------------------------------------------------
Phe TTT   5   5   6   5   6   5 | Ser TCT   0   0   0   0   0   0 | Tyr TAT   3   3   1   2   3   3 | Cys TGT   0   0   0   1   0   0
    TTC   5   5   4   5   4   5 |     TCC   1   1   1   1   1   1 |     TAC   1   1   3   2   1   1 |     TGC   2   2   2   1   2   2
Leu TTA   2   2   2   2   2   2 |     TCA   0   0   0   0   1   0 | *** TAA   0   0   0   0   0   0 | *** TGA   0   0   0   0   0   0
    TTG   1   1   1   1   1   0 |     TCG   1   1   1   1   0   1 |     TAG   0   0   0   0   0   0 | Trp TGG   1   1   1   1   1   1
--------------------------------------------------------------------------------------------------------------------------------------
Leu CTT   4   4   4   4   4   4 | Pro CCT   0   0   0   0   0   0 | His CAT   0   0   0   0   0   0 | Arg CGT   1   1   1   0   1   1
    CTC   5   4   5   5   5   5 |     CCC   3   3   3   3   3   3 |     CAC   0   0   0   0   0   0 |     CGC   2   2   2   3   2   2
    CTA   2   2   2   2   2   2 |     CCA   3   3   2   3   3   3 | Gln CAA   2   2   2   2   2   2 |     CGA   0   0   0   0   0   0
    CTG   4   5   4   4   4   5 |     CCG   0   0   1   0   0   0 |     CAG   0   0   0   0   0   0 |     CGG   1   1   1   1   1   1
--------------------------------------------------------------------------------------------------------------------------------------
Ile ATT   2   2   2   2   2   3 | Thr ACT   3   4   3   3   3   3 | Asn AAT   2   1   2   1   2   2 | Ser AGT   2   2   2   2   2   2
    ATC   4   4   4   5   4   3 |     ACC   1   0   1   1   1   1 |     AAC   2   3   2   3   2   2 |     AGC   1   1   1   1   1   1
    ATA   2   2   2   2   2   2 |     ACA   3   3   3   3   2   3 | Lys AAA   0   0   0   0   0   0 | Arg AGA   1   1   1   1   1   1
Met ATG   3   3   3   3   3   3 |     ACG   1   1   1   1   2   1 |     AAG   1   1   1   1   1   1 |     AGG   1   1   1   1   1   1
--------------------------------------------------------------------------------------------------------------------------------------
Val GTT   4   4   4   4   5   4 | Ala GCT   2   2   1   2   2   2 | Asp GAT   2   2   2   2   2   2 | Gly GGT   1   1   1   1   1   1
    GTC   3   3   3   2   2   3 |     GCC   1   1   2   1   2   1 |     GAC   1   1   1   1   1   1 |     GGC   1   1   1   1   1   1
    GTA   1   1   1   1   1   1 |     GCA   3   3   4   3   2   2 | Glu GAA   2   2   2   2   2   2 |     GGA   5   5   5   4   5   5
    GTG   5   5   5   5   5   5 |     GCG   2   2   1   2   2   3 |     GAG   2   2   2   2   2   2 |     GGG   1   1   1   2   1   1
--------------------------------------------------------------------------------------------------------------------------------------

--------------------------------------------------------------------------------------------------------------------------------------
Phe TTT   6   6   5   6   5   5 | Ser TCT   0   0   0   0   0   0 | Tyr TAT   3   3   3   1   3   2 | Cys TGT   0   0   0   0   0   0
    TTC   4   4   5   4   5   5 |     TCC   1   1   1   1   1   1 |     TAC   1   1   1   3   1   2 |     TGC   2   2   2   2   2   2
Leu TTA   2   2   2   1   2   2 |     TCA   0   1   0   0   0   0 | *** TAA   0   0   0   0   0   0 | *** TGA   0   0   0   0   0   0
    TTG   1   1   1   2   1   1 |     TCG   1   0   1   1   1   1 |     TAG   0   0   0   0   0   0 | Trp TGG   1   1   1   1   1   1
--------------------------------------------------------------------------------------------------------------------------------------
Leu CTT   4   4   4   4   4   4 | Pro CCT   0   0   0   0   0   0 | His CAT   0   0   0   0   0   0 | Arg CGT   1   1   1   1   1   1
    CTC   4   5   5   5   5   5 |     CCC   3   3   3   3   3   3 |     CAC   0   0   0   0   0   0 |     CGC   2   2   2   2   2   2
    CTA   2   2   2   2   2   2 |     CCA   3   3   3   3   3   3 | Gln CAA   2   2   2   2   2   1 |     CGA   0   0   0   0   0   0
    CTG   5   4   4   4   4   4 |     CCG   0   0   0   0   0   0 |     CAG   0   0   0   0   0   1 |     CGG   1   1   1   1   1   1
--------------------------------------------------------------------------------------------------------------------------------------
Ile ATT   2   2   2   2   2   2 | Thr ACT   3   3   4   3   2   2 | Asn AAT   1   2   2   2   2   2 | Ser AGT   2   2   2   2   2   2
    ATC   4   4   4   4   4   4 |     ACC   1   1   0   2   1   1 |     AAC   3   2   2   2   2   2 |     AGC   1   1   1   1   1   1
    ATA   2   2   2   2   2   2 |     ACA   3   3   3   2   3   3 | Lys AAA   0   0   0   0   0   0 | Arg AGA   1   1   1   1   1   1
Met ATG   3   3   3   3   3   3 |     ACG   1   1   1   1   2   2 |     AAG   1   1   1   1   1   1 |     AGG   1   1   1   1   1   1
--------------------------------------------------------------------------------------------------------------------------------------
Val GTT   4   4   4   4   4   4 | Ala GCT   2   2   2   1   2   2 | Asp GAT   2   2   2   2   1   2 | Gly GGT   1   1   1   1   0   1
    GTC   3   3   2   3   3   3 |     GCC   1   2   1   2   1   1 |     GAC   1   1   1   1   2   1 |     GGC   1   1   1   1   2   1
    GTA   1   1   2   1   1   1 |     GCA   4   3   4   4   4   3 | Glu GAA   2   2   2   2   2   2 |     GGA   5   5   5   5   5   5
    GTG   5   5   5   5   5   5 |     GCG   1   1   1   1   1   2 |     GAG   2   2   2   2   2   2 |     GGG   1   1   1   1   1   1
--------------------------------------------------------------------------------------------------------------------------------------

--------------------------------------------------------------------------------------------------------------------------------------
Phe TTT   6   6   5   6   5   5 | Ser TCT   0   0   0   0   0   0 | Tyr TAT   3   3   3   3   2   3 | Cys TGT   0   0   0   0   0   0
    TTC   4   4   5   4   6   5 |     TCC   1   1   1   1   1   1 |     TAC   1   1   1   1   2   1 |     TGC   2   2   2   2   2   2
Leu TTA   2   2   2   2   2   1 |     TCA   0   0   0   1   0   0 | *** TAA   0   0   0   0   0   0 | *** TGA   0   0   0   0   0   0
    TTG   1   1   1   1   0   2 |     TCG   1   1   1   0   1   1 |     TAG   0   0   0   0   0   0 | Trp TGG   1   1   1   1   1   1
--------------------------------------------------------------------------------------------------------------------------------------
Leu CTT   4   4   4   4   4   4 | Pro CCT   0   0   0   0   0   0 | His CAT   0   0   0   0   0   0 | Arg CGT   1   1   1   1   1   1
    CTC   5   5   4   5   5   4 |     CCC   3   3   3   3   3   3 |     CAC   0   0   0   0   0   0 |     CGC   2   2   2   2   2   2
    CTA   2   2   2   2   1   2 |     CCA   3   3   3   3   2   3 | Gln CAA   2   2   2   2   1   1 |     CGA   0   0   0   0   0   0
    CTG   4   4   5   4   5   5 |     CCG   0   0   0   0   1   0 |     CAG   0   0   0   0   1   1 |     CGG   1   1   1   1   1   1
--------------------------------------------------------------------------------------------------------------------------------------
Ile ATT   3   3   2   2   2   2 | Thr ACT   3   3   4   3   3   4 | Asn AAT   1   1   1   2   2   1 | Ser AGT   1   1   2   2   2   2
    ATC   3   3   4   4   4   4 |     ACC   1   1   0   1   1   0 |     AAC   3   3   3   2   2   3 |     AGC   2   2   1   1   1   1
    ATA   3   3   2   2   2   2 |     ACA   3   3   3   3   3   3 | Lys AAA   0   0   0   0   0   0 | Arg AGA   1   1   1   1   1   1
Met ATG   3   3   3   3   3   3 |     ACG   1   1   1   1   1   1 |     AAG   1   1   1   1   1   1 |     AGG   1   1   1   1   1   1
--------------------------------------------------------------------------------------------------------------------------------------
Val GTT   4   4   4   4   4   4 | Ala GCT   2   2   2   2   2   2 | Asp GAT   2   2   2   2   2   2 | Gly GGT   1   1   1   1   1   1
    GTC   2   2   3   3   2   3 |     GCC   1   1   1   2   1   1 |     GAC   1   1   1   1   1   1 |     GGC   1   1   1   1   2   1
    GTA   1   1   1   1   1   1 |     GCA   2   2   4   2   2   4 | Glu GAA   2   2   2   2   2   2 |     GGA   5   5   5   5   4   5
    GTG   5   5   5   5   5   5 |     GCG   3   3   1   2   4   1 |     GAG   2   2   2   2   2   2 |     GGG   1   1   1   1   1   1
--------------------------------------------------------------------------------------------------------------------------------------

--------------------------------------------------------------------------------------------------------------------------------------
Phe TTT   6   5   6   5   5   6 | Ser TCT   0   0   0   0   0   0 | Tyr TAT   3   3   3   2   3   3 | Cys TGT   0   0   0   0   0   0
    TTC   4   5   4   5   5   4 |     TCC   1   1   1   1   1   1 |     TAC   1   1   1   2   1   1 |     TGC   2   2   2   2   2   2
Leu TTA   2   2   2   2   2   2 |     TCA   0   1   0   0   0   1 | *** TAA   0   0   0   0   0   0 | *** TGA   0   0   0   0   0   0
    TTG   1   1   1   1   1   1 |     TCG   1   0   1   1   1   0 |     TAG   0   0   0   0   0   0 | Trp TGG   1   1   1   1   1   1
--------------------------------------------------------------------------------------------------------------------------------------
Leu CTT   4   4   4   4   4   4 | Pro CCT   0   0   0   0   0   0 | His CAT   0   0   0   0   0   0 | Arg CGT   1   1   1   1   1   1
    CTC   5   5   4   5   5   5 |     CCC   3   2   3   3   3   3 |     CAC   0   0   0   0   0   0 |     CGC   2   2   2   2   2   2
    CTA   3   3   2   2   2   2 |     CCA   3   3   3   3   3   3 | Gln CAA   2   2   2   1   2   2 |     CGA   0   0   0   0   0   0
    CTG   3   3   5   4   4   4 |     CCG   0   1   0   0   0   0 |     CAG   0   0   0   1   0   0 |     CGG   1   1   1   1   1   1
--------------------------------------------------------------------------------------------------------------------------------------
Ile ATT   2   1   2   2   2   2 | Thr ACT   3   3   3   3   4   3 | Asn AAT   2   2   1   2   2   2 | Ser AGT   1   1   2   2   2   2
    ATC   4   5   4   3   4   4 |     ACC   1   1   1   1   0   1 |     AAC   2   2   3   2   2   2 |     AGC   2   2   1   1   1   1
    ATA   2   2   2   1   2   2 |     ACA   3   3   3   4   3   3 | Lys AAA   0   0   0   0   0   0 | Arg AGA   1   1   1   1   1   1
Met ATG   3   3   3   3   3   3 |     ACG   1   1   1   1   1   1 |     AAG   1   1   1   1   1   1 |     AGG   1   1   1   1   1   1
--------------------------------------------------------------------------------------------------------------------------------------
Val GTT   4   4   4   3   4   4 | Ala GCT   2   2   2   3   2   2 | Asp GAT   2   2   2   2   2   2 | Gly GGT   1   1   1   1   1   1
    GTC   3   3   3   4   3   3 |     GCC   1   1   1   1   1   2 |     GAC   1   1   1   1   1   1 |     GGC   1   1   1   1   1   1
    GTA   1   1   1   1   1   1 |     GCA   2   3   3   3   4   2 | Glu GAA   2   2   2   2   2   2 |     GGA   5   5   5   5   5   5
    GTG   5   5   5   5   5   5 |     GCG   3   2   2   2   1   2 |     GAG   2   2   2   2   2   2 |     GGG   1   1   1   1   1   1
--------------------------------------------------------------------------------------------------------------------------------------

--------------------------------------------------------------------------------------------------------------------------------------
Phe TTT   5   6   5   6   5   5 | Ser TCT   0   0   0   0   0   0 | Tyr TAT   2   3   3   1   2   3 | Cys TGT   0   0   0   0   0   0
    TTC   5   4   5   4   4   5 |     TCC   1   1   1   1   1   1 |     TAC   2   1   1   3   2   1 |     TGC   2   2   2   2   2   2
Leu TTA   2   2   2   2   1   2 |     TCA   0   1   0   0   1   0 | *** TAA   0   0   0   0   0   0 | *** TGA   0   0   0   0   0   0
    TTG   1   1   0   1   2   1 |     TCG   1   0   1   1   0   1 |     TAG   0   0   0   0   0   0 | Trp TGG   1   1   1   1   1   1
--------------------------------------------------------------------------------------------------------------------------------------
Leu CTT   4   4   4   4   4   4 | Pro CCT   0   0   0   0   0   0 | His CAT   0   0   0   0   0   0 | Arg CGT   1   1   1   1   1   1
    CTC   5   5   5   5   6   5 |     CCC   3   3   2   3   3   3 |     CAC   0   0   0   0   0   0 |     CGC   2   2   2   2   2   2
    CTA   2   2   2   2   2   2 |     CCA   3   3   4   2   2   2 | Gln CAA   1   2   2   2   2   2 |     CGA   0   0   0   0   0   0
    CTG   4   4   5   4   5   4 |     CCG   0   0   0   1   1   1 |     CAG   1   0   0   0   0   0 |     CGG   1   1   1   1   1   1
--------------------------------------------------------------------------------------------------------------------------------------
Ile ATT   2   2   3   3   2   2 | Thr ACT   3   3   3   3   3   4 | Asn AAT   2   2   2   2   2   2 | Ser AGT   2   2   1   2   1   2
    ATC   4   4   3   4   4   4 |     ACC   1   1   1   1   1   0 |     AAC   2   2   2   2   2   2 |     AGC   1   1   2   1   2   1
    ATA   2   2   2   2   2   2 |     ACA   3   3   3   3   2   3 | Lys AAA   0   0   0   0   0   0 | Arg AGA   1   1   1   1   1   1
Met ATG   3   3   3   3   3   3 |     ACG   1   1   1   1   2   1 |     AAG   1   1   1   1   1   1 |     AGG   1   1   1   1   1   1
--------------------------------------------------------------------------------------------------------------------------------------
Val GTT   4   5   4   3   3   4 | Ala GCT   2   2   2   2   2   3 | Asp GAT   2   2   2   2   2   2 | Gly GGT   1   1   1   1   1   1
    GTC   3   2   3   3   3   3 |     GCC   1   2   1   1   1   1 |     GAC   1   1   1   1   1   1 |     GGC   1   1   1   1   1   1
    GTA   1   1   1   1   1   1 |     GCA   2   2   2   3   3   3 | Glu GAA   2   2   2   2   2   2 |     GGA   5   5   5   5   5   5
    GTG   5   5   5   5   4   5 |     GCG   3   2   3   2   3   1 |     GAG   2   2   2   2   2   2 |     GGG   1   1   1   1   1   1
--------------------------------------------------------------------------------------------------------------------------------------

--------------------------------------------------------------------------------------------------------------------------------------
Phe TTT   5   6   5   5   5   5 | Ser TCT   0   0   0   0   0   0 | Tyr TAT   3   3   3   3   3   3 | Cys TGT   0   0   0   0   0   0
    TTC   5   4   5   5   5   5 |     TCC   1   1   1   1   1   1 |     TAC   1   1   1   1   1   1 |     TGC   2   2   2   2   2   2
Leu TTA   2   2   2   2   2   1 |     TCA   0   0   0   0   0   0 | *** TAA   0   0   0   0   0   0 | *** TGA   0   0   0   0   0   0
    TTG   1   1   1   1   1   2 |     TCG   1   1   1   1   1   1 |     TAG   0   0   0   0   0   0 | Trp TGG   1   1   1   1   1   1
--------------------------------------------------------------------------------------------------------------------------------------
Leu CTT   4   3   4   4   4   4 | Pro CCT   0   0   0   0   0   0 | His CAT   0   0   0   0   0   0 | Arg CGT   0   1   1   1   1   1
    CTC   5   5   4   5   5   4 |     CCC   3   2   3   3   3   3 |     CAC   0   0   0   0   0   0 |     CGC   2   2   2   2   2   2
    CTA   2   2   2   2   1   3 |     CCA   3   4   3   2   3   3 | Gln CAA   2   2   2   2   1   2 |     CGA   1   1   0   0   0   0
    CTG   4   5   5   4   5   4 |     CCG   0   0   0   1   0   0 |     CAG   0   0   0   0   1   0 |     CGG   1   0   1   1   1   1
--------------------------------------------------------------------------------------------------------------------------------------
Ile ATT   2   2   2   2   1   1 | Thr ACT   4   3   3   3   3   3 | Asn AAT   2   2   1   2   2   2 | Ser AGT   2   2   2   2   2   1
    ATC   4   4   4   4   5   5 |     ACC   0   1   1   1   2   1 |     AAC   2   2   3   2   2   1 |     AGC   1   1   1   1   1   2
    ATA   2   2   2   2   2   2 |     ACA   3   3   3   2   2   3 | Lys AAA   0   0   0   0   0   0 | Arg AGA   1   1   1   1   1   1
Met ATG   3   3   3   3   3   3 |     ACG   1   1   1   2   1   1 |     AAG   1   1   1   1   1   1 |     AGG   1   1   1   1   1   1
--------------------------------------------------------------------------------------------------------------------------------------
Val GTT   4   4   4   4   3   4 | Ala GCT   2   2   2   2   2   2 | Asp GAT   2   2   2   2   2   2 | Gly GGT   1   1   1   1   1   2
    GTC   3   3   3   3   4   3 |     GCC   1   2   1   1   2   1 |     GAC   1   1   1   1   1   2 |     GGC   1   1   1   1   1   0
    GTA   1   1   1   1   1   1 |     GCA   4   2   3   3   1   1 | Glu GAA   2   2   2   2   2   2 |     GGA   5   5   5   5   5   4
    GTG   5   5   5   5   5   5 |     GCG   1   2   2   2   3   4 |     GAG   2   2   2   2   2   2 |     GGG   1   1   1   1   1   2
--------------------------------------------------------------------------------------------------------------------------------------

--------------------------------------------------------------------------------------------------------------------------------------
Phe TTT   6   6   5   5   6   5 | Ser TCT   0   0   0   0   0   0 | Tyr TAT   3   2   3   3   3   2 | Cys TGT   0   0   0   0   0   0
    TTC   4   4   5   5   4   5 |     TCC   1   1   1   1   1   1 |     TAC   1   2   1   1   1   2 |     TGC   2   2   2   2   2   2
Leu TTA   2   2   2   2   2   1 |     TCA   0   0   0   0   0   0 | *** TAA   0   0   0   0   0   0 | *** TGA   0   0   0   0   0   0
    TTG   1   1   0   1   1   3 |     TCG   1   1   1   1   1   1 |     TAG   0   0   0   0   0   0 | Trp TGG   1   1   1   1   1   1
--------------------------------------------------------------------------------------------------------------------------------------
Leu CTT   4   4   4   4   3   3 | Pro CCT   0   0   0   0   0   0 | His CAT   0   0   0   0   0   0 | Arg CGT   1   1   1   1   1   0
    CTC   5   5   5   5   5   6 |     CCC   3   3   3   2   3   3 |     CAC   0   0   0   0   0   0 |     CGC   2   2   2   2   2   3
    CTA   3   2   2   3   2   2 |     CCA   3   3   3   3   3   3 | Gln CAA   2   1   2   2   2   2 |     CGA   0   0   0   0   1   0
    CTG   3   4   5   3   5   4 |     CCG   0   0   0   1   0   0 |     CAG   0   1   0   0   0   0 |     CGG   1   1   1   1   0   1
--------------------------------------------------------------------------------------------------------------------------------------
Ile ATT   3   2   3   2   2   1 | Thr ACT   3   3   3   3   3   3 | Asn AAT   2   2   2   2   2   1 | Ser AGT   1   2   1   1   2   1
    ATC   4   4   3   4   4   5 |     ACC   1   1   1   1   1   1 |     AAC   2   2   2   2   2   3 |     AGC   2   1   2   2   1   2
    ATA   2   2   2   2   2   2 |     ACA   3   3   3   3   3   2 | Lys AAA   0   0   0   0   0   0 | Arg AGA   1   1   1   1   1   1
Met ATG   3   3   3   3   3   3 |     ACG   1   1   1   1   1   2 |     AAG   1   1   1   1   1   1 |     AGG   1   1   1   1   1   1
--------------------------------------------------------------------------------------------------------------------------------------
Val GTT   3   4   4   4   4   3 | Ala GCT   2   2   2   2   2   2 | Asp GAT   2   2   2   2   2   2 | Gly GGT   1   1   1   1   1   1
    GTC   3   3   3   3   3   3 |     GCC   1   1   1   1   2   1 |     GAC   1   1   1   1   1   1 |     GGC   1   1   1   1   1   2
    GTA   1   1   1   1   1   0 |     GCA   2   3   2   3   2   4 | Glu GAA   2   2   2   2   2   2 |     GGA   5   5   5   5   5   4
    GTG   5   5   5   5   5   6 |     GCG   3   2   3   2   2   1 |     GAG   2   2   2   2   2   2 |     GGG   1   1   1   1   1   1
--------------------------------------------------------------------------------------------------------------------------------------

--------------------------------------------------------------------------------------------------------------------------------------
Phe TTT   5   5   5   7   6   6 | Ser TCT   0   0   0   0   0   0 | Tyr TAT   3   3   3   2   3   3 | Cys TGT   0   0   0   0   0   0
    TTC   5   5   6   4   4   4 |     TCC   1   1   1   1   1   1 |     TAC   1   1   0   1   1   1 |     TGC   2   2   2   2   2   2
Leu TTA   2   2   2   2   2   2 |     TCA   0   0   0   0   1   1 | *** TAA   0   0   0   0   0   0 | *** TGA   0   0   0   0   0   0
    TTG   1   2   1   1   1   1 |     TCG   1   1   1   1   0   0 |     TAG   0   0   0   0   0   0 | Trp TGG   1   1   1   1   1   1
--------------------------------------------------------------------------------------------------------------------------------------
Leu CTT   4   4   4   4   4   4 | Pro CCT   0   0   0   0   0   0 | His CAT   0   0   0   0   0   0 | Arg CGT   1   1   1   2   1   1
    CTC   5   5   4   5   5   5 |     CCC   3   3   3   3   3   3 |     CAC   0   0   0   0   0   0 |     CGC   2   2   2   1   2   2
    CTA   2   2   2   2   2   2 |     CCA   3   3   3   3   3   2 | Gln CAA   2   2   2   1   2   2 |     CGA   0   0   0   0   0   0
    CTG   4   3   5   4   4   4 |     CCG   0   0   0   0   0   1 |     CAG   0   0   0   1   0   0 |     CGG   1   1   1   1   1   1
--------------------------------------------------------------------------------------------------------------------------------------
Ile ATT   2   2   2   1   2   2 | Thr ACT   2   3   3   3   3   3 | Asn AAT   2   2   2   2   2   2 | Ser AGT   2   2   2   1   2   2
    ATC   4   4   4   4   4   4 |     ACC   1   1   1   1   1   1 |     AAC   2   2   2   2   2   2 |     AGC   1   1   1   2   1   1
    ATA   2   2   2   1   2   2 |     ACA   4   3   3   2   3   3 | Lys AAA   0   0   0   0   0   0 | Arg AGA   1   1   1   1   1   1
Met ATG   3   3   3   3   3   3 |     ACG   1   1   1   3   1   1 |     AAG   1   1   1   1   1   1 |     AGG   1   1   1   1   1   1
--------------------------------------------------------------------------------------------------------------------------------------
Val GTT   4   4   3   4   5   5 | Ala GCT   2   2   2   1   2   2 | Asp GAT   2   1   2   2   2   2 | Gly GGT   1   1   1   1   1   0
    GTC   3   3   4   4   2   2 |     GCC   1   1   1   2   2   2 |     GAC   1   2   1   1   1   1 |     GGC   1   1   1   2   1   1
    GTA   1   1   1   1   1   1 |     GCA   4   3   4   3   2   2 | Glu GAA   2   2   2   2   2   2 |     GGA   5   5   5   4   5   5
    GTG   5   5   5   5   5   5 |     GCG   1   2   1   2   2   2 |     GAG   2   2   2   2   2   2 |     GGG   1   1   1   1   1   2
--------------------------------------------------------------------------------------------------------------------------------------

Codon position x base (3x4) table for each sequence.

#1: Argali         
position  1:    T:0.19298    C:0.23684    A:0.25439    G:0.31579
position  2:    T:0.45614    C:0.21053    A:0.15789    G:0.17544
position  3:    T:0.27193    C:0.28070    A:0.22807    G:0.21930
Average         T:0.30702    C:0.24269    A:0.21345    G:0.23684

#2: LesserMouseDeer
position  1:    T:0.18421    C:0.23684    A:0.27193    G:0.30702
position  2:    T:0.45614    C:0.21053    A:0.15789    G:0.17544
position  3:    T:0.26316    C:0.28070    A:0.24561    G:0.21053
Average         T:0.30117    C:0.24269    A:0.22515    G:0.23099

#3: LesserKudu     
position  1:    T:0.19298    C:0.23684    A:0.25439    G:0.31579
position  2:    T:0.45614    C:0.21053    A:0.15789    G:0.17544
position  3:    T:0.28947    C:0.28070    A:0.22807    G:0.20175
Average         T:0.31287    C:0.24269    A:0.21345    G:0.23099

#4: ForestMuskDeer2
position  1:    T:0.19298    C:0.23684    A:0.24561    G:0.32456
position  2:    T:0.44737    C:0.21930    A:0.15789    G:0.17544
position  3:    T:0.26316    C:0.30702    A:0.19298    G:0.23684
Average         T:0.30117    C:0.25439    A:0.19883    G:0.24561

#5: Camel          
position  1:    T:0.20175    C:0.22807    A:0.28070    G:0.28947
position  2:    T:0.46491    C:0.20175    A:0.15789    G:0.17544
position  3:    T:0.26316    C:0.27193    A:0.27193    G:0.19298
Average         T:0.30994    C:0.23392    A:0.23684    G:0.21930

#6: KillerWhale    
position  1:    T:0.20175    C:0.23684    A:0.26316    G:0.29825
position  2:    T:0.44737    C:0.21930    A:0.15789    G:0.17544
position  3:    T:0.28070    C:0.27193    A:0.24561    G:0.20175
Average         T:0.30994    C:0.24269    A:0.22222    G:0.22515

#7: DefassaWaterbuck
position  1:    T:0.19298    C:0.23684    A:0.25439    G:0.31579
position  2:    T:0.45614    C:0.21053    A:0.15789    G:0.17544
position  3:    T:0.27193    C:0.28947    A:0.22807    G:0.21053
Average         T:0.30702    C:0.24561    A:0.21345    G:0.23392

#8: Sheep          
position  1:    T:0.19298    C:0.23684    A:0.25439    G:0.31579
position  2:    T:0.45614    C:0.21053    A:0.15789    G:0.17544
position  3:    T:0.27193    C:0.28070    A:0.22807    G:0.21930
Average         T:0.30702    C:0.24269    A:0.21345    G:0.23684

#9: MaxwellsDuiker 
position  1:    T:0.19298    C:0.23684    A:0.25439    G:0.31579
position  2:    T:0.45614    C:0.21053    A:0.15789    G:0.17544
position  3:    T:0.25439    C:0.30702    A:0.22807    G:0.21053
Average         T:0.30117    C:0.25146    A:0.21345    G:0.23392

#10: GazellaPrzewalskyi
position  1:    T:0.19298    C:0.23684    A:0.26316    G:0.30702
position  2:    T:0.45614    C:0.21053    A:0.15789    G:0.17544
position  3:    T:0.25439    C:0.30702    A:0.21930    G:0.21930
Average         T:0.30117    C:0.25146    A:0.21345    G:0.23392

#11: MountainNyala  
position  1:    T:0.19298    C:0.23684    A:0.25439    G:0.31579
position  2:    T:0.45614    C:0.21053    A:0.15789    G:0.17544
position  3:    T:0.28947    C:0.28070    A:0.21930    G:0.21053
Average         T:0.31287    C:0.24269    A:0.21053    G:0.23392

#12: MuntiacusMuntjak
position  1:    T:0.18421    C:0.24561    A:0.25439    G:0.31579
position  2:    T:0.45614    C:0.21053    A:0.15789    G:0.17544
position  3:    T:0.28070    C:0.28070    A:0.21930    G:0.21930
Average         T:0.30702    C:0.24561    A:0.21053    G:0.23684

#13: goat           
position  1:    T:0.19298    C:0.23684    A:0.25439    G:0.31579
position  2:    T:0.45614    C:0.21053    A:0.15789    G:0.17544
position  3:    T:0.27193    C:0.28070    A:0.23684    G:0.21053
Average         T:0.30702    C:0.24269    A:0.21637    G:0.23392

#14: AfricanBuffalo 
position  1:    T:0.19298    C:0.23684    A:0.25439    G:0.31579
position  2:    T:0.45614    C:0.21053    A:0.15789    G:0.17544
position  3:    T:0.28070    C:0.28947    A:0.23684    G:0.19298
Average         T:0.30994    C:0.24561    A:0.21637    G:0.22807

#15: Topi           
position  1:    T:0.19298    C:0.23684    A:0.25439    G:0.31579
position  2:    T:0.45614    C:0.21053    A:0.15789    G:0.17544
position  3:    T:0.28070    C:0.27193    A:0.24561    G:0.20175
Average         T:0.30994    C:0.23977    A:0.21930    G:0.23099

#16: CommonDuiker   
position  1:    T:0.19298    C:0.23684    A:0.25439    G:0.31579
position  2:    T:0.45614    C:0.21053    A:0.15789    G:0.17544
position  3:    T:0.25439    C:0.31579    A:0.21930    G:0.21053
Average         T:0.30117    C:0.25439    A:0.21053    G:0.23392

#17: Suni           
position  1:    T:0.19298    C:0.23684    A:0.25439    G:0.31579
position  2:    T:0.45614    C:0.21053    A:0.15789    G:0.17544
position  3:    T:0.24561    C:0.30702    A:0.23684    G:0.21053
Average         T:0.29825    C:0.25146    A:0.21637    G:0.23392

#18: Springbuck     
position  1:    T:0.19298    C:0.23684    A:0.25439    G:0.31579
position  2:    T:0.45614    C:0.21053    A:0.15789    G:0.17544
position  3:    T:0.25439    C:0.29825    A:0.21930    G:0.22807
Average         T:0.30117    C:0.24854    A:0.21053    G:0.23977

#19: Okapi          
position  1:    T:0.19298    C:0.23684    A:0.26316    G:0.30702
position  2:    T:0.45614    C:0.21053    A:0.15789    G:0.17544
position  3:    T:0.27193    C:0.28070    A:0.22807    G:0.21930
Average         T:0.30702    C:0.24269    A:0.21637    G:0.23392

#20: Giraffe        
position  1:    T:0.19298    C:0.23684    A:0.26316    G:0.30702
position  2:    T:0.45614    C:0.21053    A:0.15789    G:0.17544
position  3:    T:0.27193    C:0.28070    A:0.22807    G:0.21930
Average         T:0.30702    C:0.24269    A:0.21637    G:0.23392

#21: TibetanAntelope
position  1:    T:0.19298    C:0.23684    A:0.25439    G:0.31579
position  2:    T:0.45614    C:0.21053    A:0.15789    G:0.17544
position  3:    T:0.27193    C:0.28070    A:0.23684    G:0.21053
Average         T:0.30702    C:0.24269    A:0.21637    G:0.23392

#22: Sitatunga      
position  1:    T:0.19298    C:0.23684    A:0.25439    G:0.31579
position  2:    T:0.45614    C:0.21053    A:0.15789    G:0.17544
position  3:    T:0.28070    C:0.28947    A:0.22807    G:0.20175
Average         T:0.30994    C:0.24561    A:0.21345    G:0.23099

#23: Oribi          
position  1:    T:0.19298    C:0.23684    A:0.25439    G:0.31579
position  2:    T:0.44737    C:0.21930    A:0.15789    G:0.17544
position  3:    T:0.26316    C:0.30702    A:0.18421    G:0.24561
Average         T:0.30117    C:0.25439    A:0.19883    G:0.24561

#24: BarbarySheep   
position  1:    T:0.19298    C:0.23684    A:0.25439    G:0.31579
position  2:    T:0.45614    C:0.21053    A:0.15789    G:0.17544
position  3:    T:0.27193    C:0.28070    A:0.21930    G:0.22807
Average         T:0.30702    C:0.24269    A:0.21053    G:0.23977

#25: Daviddeer      
position  1:    T:0.19298    C:0.23684    A:0.25439    G:0.31579
position  2:    T:0.45614    C:0.21053    A:0.15789    G:0.17544
position  3:    T:0.27193    C:0.28947    A:0.22807    G:0.21053
Average         T:0.30702    C:0.24561    A:0.21345    G:0.23392

#26: Reindeer       
position  1:    T:0.19298    C:0.23684    A:0.25439    G:0.31579
position  2:    T:0.45614    C:0.21053    A:0.15789    G:0.17544
position  3:    T:0.25439    C:0.29825    A:0.24561    G:0.20175
Average         T:0.30117    C:0.24854    A:0.21930    G:0.23099

#27: Ibex           
position  1:    T:0.19298    C:0.23684    A:0.25439    G:0.31579
position  2:    T:0.45614    C:0.21053    A:0.15789    G:0.17544
position  3:    T:0.27193    C:0.28070    A:0.22807    G:0.21930
Average         T:0.30702    C:0.24269    A:0.21345    G:0.23684

#28: GyrantGazelle  
position  1:    T:0.19298    C:0.23684    A:0.24561    G:0.32456
position  2:    T:0.43860    C:0.22807    A:0.15789    G:0.17544
position  3:    T:0.26316    C:0.29825    A:0.21930    G:0.21930
Average         T:0.29825    C:0.25439    A:0.20760    G:0.23977

#29: Hartebeest     
position  1:    T:0.19298    C:0.23684    A:0.25439    G:0.31579
position  2:    T:0.45614    C:0.21053    A:0.15789    G:0.17544
position  3:    T:0.28070    C:0.28070    A:0.23684    G:0.20175
Average         T:0.30994    C:0.24269    A:0.21637    G:0.23099

#30: Bongo          
position  1:    T:0.19298    C:0.23684    A:0.25439    G:0.31579
position  2:    T:0.45614    C:0.21053    A:0.15789    G:0.17544
position  3:    T:0.28070    C:0.28947    A:0.22807    G:0.20175
Average         T:0.30994    C:0.24561    A:0.21345    G:0.23099

#31: Gerenuk        
position  1:    T:0.19298    C:0.23684    A:0.25439    G:0.31579
position  2:    T:0.45614    C:0.21053    A:0.15789    G:0.17544
position  3:    T:0.26316    C:0.29825    A:0.21053    G:0.22807
Average         T:0.30409    C:0.24854    A:0.20760    G:0.23977

#32: CommonEland    
position  1:    T:0.19298    C:0.23684    A:0.25439    G:0.31579
position  2:    T:0.45614    C:0.21053    A:0.15789    G:0.17544
position  3:    T:0.28947    C:0.28070    A:0.22807    G:0.20175
Average         T:0.31287    C:0.24269    A:0.21345    G:0.23099

#33: MuntiacusReevesi
position  1:    T:0.18421    C:0.24561    A:0.25439    G:0.31579
position  2:    T:0.45614    C:0.21053    A:0.15789    G:0.17544
position  3:    T:0.27193    C:0.28070    A:0.22807    G:0.21930
Average         T:0.30409    C:0.24561    A:0.21345    G:0.23684

#34: HarveysDuiker  
position  1:    T:0.19298    C:0.23684    A:0.26316    G:0.30702
position  2:    T:0.45614    C:0.21053    A:0.15789    G:0.17544
position  3:    T:0.26316    C:0.29825    A:0.21930    G:0.21930
Average         T:0.30409    C:0.24854    A:0.21345    G:0.23392

#35: Pronghorn      
position  1:    T:0.18421    C:0.25439    A:0.25439    G:0.30702
position  2:    T:0.44737    C:0.21930    A:0.15789    G:0.17544
position  3:    T:0.24561    C:0.30702    A:0.21053    G:0.23684
Average         T:0.29240    C:0.26023    A:0.20760    G:0.23977

#36: BlueWildebeest 
position  1:    T:0.19298    C:0.23684    A:0.25439    G:0.31579
position  2:    T:0.45614    C:0.21053    A:0.15789    G:0.17544
position  3:    T:0.28947    C:0.28070    A:0.21930    G:0.21053
Average         T:0.31287    C:0.24269    A:0.21053    G:0.23392

#37: Gemsbok        
position  1:    T:0.19298    C:0.23684    A:0.25439    G:0.31579
position  2:    T:0.45614    C:0.21053    A:0.15789    G:0.17544
position  3:    T:0.27193    C:0.28070    A:0.24561    G:0.20175
Average         T:0.30702    C:0.24269    A:0.21930    G:0.23099

#38: Yak            
position  1:    T:0.19298    C:0.23684    A:0.25439    G:0.31579
position  2:    T:0.45614    C:0.21053    A:0.15789    G:0.17544
position  3:    T:0.27193    C:0.28070    A:0.23684    G:0.21053
Average         T:0.30702    C:0.24269    A:0.21637    G:0.23392

#39: BlueSheep      
position  1:    T:0.19298    C:0.23684    A:0.25439    G:0.31579
position  2:    T:0.45614    C:0.21053    A:0.15789    G:0.17544
position  3:    T:0.26316    C:0.28947    A:0.22807    G:0.21930
Average         T:0.30409    C:0.24561    A:0.21345    G:0.23684

#40: BohorReedbuck  
position  1:    T:0.19298    C:0.23684    A:0.25439    G:0.31579
position  2:    T:0.45614    C:0.21053    A:0.15789    G:0.17544
position  3:    T:0.27193    C:0.28947    A:0.21053    G:0.22807
Average         T:0.30702    C:0.24561    A:0.20760    G:0.23977

#41: KirksDik       
position  1:    T:0.19298    C:0.23684    A:0.25439    G:0.31579
position  2:    T:0.45614    C:0.21053    A:0.15789    G:0.17544
position  3:    T:0.25439    C:0.32456    A:0.18421    G:0.23684
Average         T:0.30117    C:0.25731    A:0.19883    G:0.24269

#42: RoeDeer        
position  1:    T:0.19298    C:0.23684    A:0.24561    G:0.32456
position  2:    T:0.45614    C:0.21053    A:0.15789    G:0.17544
position  3:    T:0.26316    C:0.28947    A:0.20175    G:0.24561
Average         T:0.30409    C:0.24561    A:0.20175    G:0.24854

#43: WhiteLippedDeer
position  1:    T:0.19298    C:0.23684    A:0.26316    G:0.30702
position  2:    T:0.45614    C:0.21053    A:0.15789    G:0.17544
position  3:    T:0.27193    C:0.28947    A:0.22807    G:0.21053
Average         T:0.30702    C:0.24561    A:0.21637    G:0.23099

#44: ThomsonGazelle 
position  1:    T:0.19298    C:0.23684    A:0.25439    G:0.31579
position  2:    T:0.45614    C:0.21053    A:0.15789    G:0.17544
position  3:    T:0.27193    C:0.28947    A:0.21930    G:0.21930
Average         T:0.30702    C:0.24561    A:0.21053    G:0.23684

#45: MuntiacusCrinifrons
position  1:    T:0.18421    C:0.24561    A:0.25439    G:0.31579
position  2:    T:0.45614    C:0.21053    A:0.15789    G:0.17544
position  3:    T:0.27193    C:0.28947    A:0.21930    G:0.21930
Average         T:0.30409    C:0.24854    A:0.21053    G:0.23684

#46: WhiteTailedDeer
position  1:    T:0.19298    C:0.23684    A:0.25439    G:0.31579
position  2:    T:0.45614    C:0.21053    A:0.15789    G:0.17544
position  3:    T:0.26316    C:0.28947    A:0.23684    G:0.21053
Average         T:0.30409    C:0.24561    A:0.21637    G:0.23392

#47: Cattle         
position  1:    T:0.19298    C:0.23684    A:0.25439    G:0.31579
position  2:    T:0.45614    C:0.21053    A:0.15789    G:0.17544
position  3:    T:0.27193    C:0.28947    A:0.22807    G:0.21053
Average         T:0.30702    C:0.24561    A:0.21345    G:0.23392

#48: RoyalAntelope  
position  1:    T:0.20175    C:0.23684    A:0.25439    G:0.30702
position  2:    T:0.45614    C:0.21053    A:0.15789    G:0.17544
position  3:    T:0.21053    C:0.35088    A:0.20175    G:0.23684
Average         T:0.28947    C:0.26608    A:0.20468    G:0.23977

#49: Steenbok       
position  1:    T:0.19298    C:0.23684    A:0.25439    G:0.31579
position  2:    T:0.45614    C:0.21053    A:0.15789    G:0.17544
position  3:    T:0.26316    C:0.28947    A:0.24561    G:0.20175
Average         T:0.30409    C:0.24561    A:0.21930    G:0.23099

#50: Impala         
position  1:    T:0.20175    C:0.22807    A:0.25439    G:0.31579
position  2:    T:0.45614    C:0.21053    A:0.15789    G:0.17544
position  3:    T:0.26316    C:0.29825    A:0.22807    G:0.21053
Average         T:0.30702    C:0.24561    A:0.21345    G:0.23392

#51: Klipspringer   
position  1:    T:0.19298    C:0.23684    A:0.25439    G:0.31579
position  2:    T:0.46491    C:0.21053    A:0.14912    G:0.17544
