CODONML (in paml version 4.10.7, June 2023)  /home/rachel/ruminants_paml/6406-phy-tree/ENSBTAT00000051953.fasta.phy
Model: free dN/dS Ratios for branches,  kappa = 2.000 fixed

Codon frequency model: F3x4
ns =  54  ls =  42

Codon usage in sequences
--------------------------------------------------------------------------------------------------------------------------------------
Phe TTT   0   0   0   0   0   0 | Ser TCT   4   5   4   4   6   4 | Tyr TAT   0   0   0   0   0   0 | Cys TGT   1   2   1   1   1   1
    TTC   2   2   2   2   2   2 |     TCC   4   2   4   4   2   4 |     TAC   0   0   0   0   0   0 |     TGC   1   0   1   1   1   1
Leu TTA   0   0   0   0   0   0 |     TCA   1   2   1   1   0   1 | *** TAA   0   0   0   0   0   0 | *** TGA   0   0   0   0   0   0
    TTG   0   0   0   0   0   0 |     TCG   0   0   0   0   1   0 |     TAG   0   0   0   0   0   0 | Trp TGG   0   0   0   0   0   0
--------------------------------------------------------------------------------------------------------------------------------------
Leu CTT   1   1   1   1   1   1 | Pro CCT   0   0   0   0   0   0 | His CAT   0   0   0   0   0   0 | Arg CGT   0   0   0   0   1   0
    CTC   1   0   1   1   0   0 |     CCC   0   0   0   0   0   0 |     CAC   1   1   1   1   1   1 |     CGC   1   2   1   1   1   1
    CTA   0   1   0   0   0   1 |     CCA   1   1   1   1   2   1 | Gln CAA   0   0   0   0   0   0 |     CGA   1   1   1   1   0   1
    CTG   1   1   1   1   2   1 |     CCG   1   1   1   1   0   1 |     CAG   0   0   0   0   0   0 |     CGG   3   2   3   3   3   3
--------------------------------------------------------------------------------------------------------------------------------------
Ile ATT   0   0   0   0   0   0 | Thr ACT   0   0   0   0   0   0 | Asn AAT   0   0   0   0   0   0 | Ser AGT   0   0   0   0   0   0
    ATC   0   0   0   0   0   0 |     ACC   0   0   0   0   0   0 |     AAC   0   0   0   0   0   0 |     AGC   3   3   3   3   3   3
    ATA   0   0   0   0   0   0 |     ACA   1   1   1   1   1   1 | Lys AAA   0   0   0   0   0   0 | Arg AGA   7   7   7   7   7   7
Met ATG   0   0   0   0   0   0 |     ACG   0   0   0   0   0   0 |     AAG   1   1   1   1   1   1 |     AGG   2   2   2   2   2   2
--------------------------------------------------------------------------------------------------------------------------------------
Val GTT   0   0   0   0   0   0 | Ala GCT   0   0   0   0   0   0 | Asp GAT   1   1   1   1   1   1 | Gly GGT   0   0   0   0   0   0
    GTC   0   0   0   0   0   0 |     GCC   0   0   0   0   0   0 |     GAC   0   0   0   0   0   0 |     GGC   1   1   1   1   1   1
    GTA   0   0   0   0   0   0 |     GCA   0   0   0   0   0   0 | Glu GAA   0   0   0   0   1   0 |     GGA   0   0   0   0   0   0
    GTG   0   0   0   0   0   0 |     GCG   0   0   0   0   0   0 |     GAG   2   2   2   2   1   2 |     GGG   0   0   0   0   0   0
--------------------------------------------------------------------------------------------------------------------------------------

--------------------------------------------------------------------------------------------------------------------------------------
Phe TTT   0   0   0   0   0   0 | Ser TCT   5   4   4   4   4   4 | Tyr TAT   0   0   0   0   0   0 | Cys TGT   1   1   1   1   1   1
    TTC   2   2   2   2   2   2 |     TCC   4   4   4   4   4   4 |     TAC   0   0   0   0   0   0 |     TGC   1   1   1   1   1   1
Leu TTA   0   0   0   0   0   0 |     TCA   0   1   1   1   1   1 | *** TAA   0   0   0   0   0   0 | *** TGA   0   0   0   0   0   0
    TTG   0   0   0   0   0   0 |     TCG   0   0   0   0   0   0 |     TAG   0   0   0   0   0   0 | Trp TGG   0   0   0   0   0   0
--------------------------------------------------------------------------------------------------------------------------------------
Leu CTT   1   1   1   1   1   1 | Pro CCT   0   0   0   0   0   0 | His CAT   0   0   0   0   1   0 | Arg CGT   1   0   0   0   0   0
    CTC   1   1   1   1   1   0 |     CCC   0   0   0   0   0   0 |     CAC   1   1   1   1   0   1 |     CGC   0   1   1   1   1   1
    CTA   0   0   0   0   0   0 |     CCA   1   1   1   1   1   1 | Gln CAA   0   0   0   0   0   0 |     CGA   1   1   1   1   1   1
    CTG   1   1   1   1   1   2 |     CCG   1   1   1   1   1   1 |     CAG   0   0   0   0   0   0 |     CGG   3   3   3   3   3   3
--------------------------------------------------------------------------------------------------------------------------------------
Ile ATT   0   0   0   0   0   0 | Thr ACT   0   0   0   0   0   0 | Asn AAT   0   0   0   0   0   0 | Ser AGT   0   0   0   0   0   0
    ATC   0   0   0   0   0   0 |     ACC   0   0   0   0   0   0 |     AAC   0   0   0   0   0   0 |     AGC   3   3   3   3   3   3
    ATA   0   0   0   0   0   0 |     ACA   1   1   1   1   1   1 | Lys AAA   0   0   0   0   0   0 | Arg AGA   7   7   7   7   7   7
Met ATG   0   0   0   0   0   0 |     ACG   0   0   0   0   0   0 |     AAG   1   1   1   1   1   1 |     AGG   2   2   2   2   2   2
--------------------------------------------------------------------------------------------------------------------------------------
Val GTT   0   0   0   0   0   0 | Ala GCT   0   0   0   0   0   0 | Asp GAT   1   1   1   1   1   1 | Gly GGT   0   0   0   0   0   0
    GTC   0   0   0   0   0   0 |     GCC   0   0   0   0   0   0 |     GAC   0   0   0   0   0   0 |     GGC   1   1   1   1   1   1
    GTA   0   0   0   0   0   0 |     GCA   0   0   0   0   0   0 | Glu GAA   0   0   0   0   0   0 |     GGA   0   0   0   0   0   0
    GTG   0   0   0   0   0   0 |     GCG   0   0   0   0   0   0 |     GAG   2   2   2   2   2   2 |     GGG   0   0   0   0   0   0
--------------------------------------------------------------------------------------------------------------------------------------

--------------------------------------------------------------------------------------------------------------------------------------
Phe TTT   0   0   0   0   0   0 | Ser TCT   4   4   4   4   4   4 | Tyr TAT   0   0   0   0   0   0 | Cys TGT   1   1   1   1   1   1
    TTC   2   2   2   2   2   2 |     TCC   4   4   4   4   4   4 |     TAC   0   0   0   0   0   0 |     TGC   1   1   1   1   1   1
Leu TTA   0   0   0   0   0   0 |     TCA   1   1   1   1   1   1 | *** TAA   0   0   0   0   0   0 | *** TGA   0   0   0   0   0   0
    TTG   0   0   0   0   0   0 |     TCG   0   0   0   0   0   0 |     TAG   0   0   0   0   0   0 | Trp TGG   0   0   0   0   0   0
--------------------------------------------------------------------------------------------------------------------------------------
Leu CTT   1   1   1   1   1   1 | Pro CCT   0   0   0   0   0   0 | His CAT   0   0   0   0   0   0 | Arg CGT   0   0   1   0   1   0
    CTC   1   1   1   1   1   1 |     CCC   0   0   0   0   0   0 |     CAC   1   1   1   1   1   1 |     CGC   1   1   0   1   0   1
    CTA   0   0   0   0   0   0 |     CCA   1   1   1   1   1   1 | Gln CAA   0   0   0   0   0   0 |     CGA   1   1   1   1   1   1
    CTG   1   1   1   1   1   1 |     CCG   1   1   1   1   1   1 |     CAG   0   0   0   0   0   0 |     CGG   3   3   3   3   3   3
--------------------------------------------------------------------------------------------------------------------------------------
Ile ATT   0   0   0   0   0   0 | Thr ACT   0   0   0   0   0   0 | Asn AAT   0   0   0   0   0   0 | Ser AGT   0   0   0   0   0   0
    ATC   0   0   0   0   0   0 |     ACC   0   0   0   0   0   0 |     AAC   0   0   0   0   0   0 |     AGC   3   3   3   3   3   3
    ATA   0   0   0   0   0   0 |     ACA   1   1   1   1   1   1 | Lys AAA   0   0   0   0   0   0 | Arg AGA   7   7   7   7   6   7
Met ATG   0   0   0   0   0   0 |     ACG   0   0   0   0   0   0 |     AAG   1   1   1   1   1   1 |     AGG   2   2   2   2   3   2
--------------------------------------------------------------------------------------------------------------------------------------
Val GTT   0   0   0   0   0   0 | Ala GCT   0   0   0   0   0   0 | Asp GAT   1   1   1   1   1   1 | Gly GGT   0   0   0   0   0   0
    GTC   0   0   0   0   0   0 |     GCC   0   0   0   0   0   0 |     GAC   0   0   0   0   0   0 |     GGC   1   1   1   1   1   1
    GTA   0   0   0   0   0   0 |     GCA   0   0   0   0   0   0 | Glu GAA   0   0   0   0   0   0 |     GGA   0   0   0   0   0   0
    GTG   0   0   0   0   0   0 |     GCG   0   0   0   0   0   0 |     GAG   2   2   2   2   2   2 |     GGG   0   0   0   0   0   0
--------------------------------------------------------------------------------------------------------------------------------------

--------------------------------------------------------------------------------------------------------------------------------------
Phe TTT   0   0   0   0   0   0 | Ser TCT   4   4   4   4   4   4 | Tyr TAT   0   0   0   0   0   0 | Cys TGT   2   2   1   1   1   1
    TTC   2   2   2   2   2   2 |     TCC   4   4   4   4   4   4 |     TAC   0   0   0   0   0   0 |     TGC   0   0   1   1   1   1
Leu TTA   0   0   0   0   0   0 |     TCA   1   1   1   1   1   1 | *** TAA   0   0   0   0   0   0 | *** TGA   0   0   0   0   0   0
    TTG   0   0   0   0   0   0 |     TCG   0   0   0   0   0   0 |     TAG   0   0   0   0   0   0 | Trp TGG   0   0   0   0   0   0
--------------------------------------------------------------------------------------------------------------------------------------
Leu CTT   1   1   1   2   1   1 | Pro CCT   0   0   0   0   0   0 | His CAT   0   0   0   0   0   0 | Arg CGT   0   0   0   0   0   0
    CTC   0   0   1   0   1   1 |     CCC   0   0   0   0   0   0 |     CAC   1   1   1   1   1   1 |     CGC   1   1   1   1   0   1
    CTA   0   0   0   0   0   0 |     CCA   1   1   1   1   1   1 | Gln CAA   0   0   0   0   0   0 |     CGA   1   1   1   1   2   1
    CTG   2   2   1   1   1   1 |     CCG   1   1   1   1   1   1 |     CAG   0   0   0   0   0   0 |     CGG   3   3   3   3   3   3
--------------------------------------------------------------------------------------------------------------------------------------
Ile ATT   0   0   0   0   0   0 | Thr ACT   0   0   0   0   0   0 | Asn AAT   0   0   0   0   0   0 | Ser AGT   0   0   0   0   0   0
    ATC   0   0   0   0   0   0 |     ACC   0   0   0   0   0   0 |     AAC   0   0   0   0   0   0 |     AGC   3   3   3   3   3   3
    ATA   0   0   0   0   0   0 |     ACA   1   1   1   1   1   1 | Lys AAA   0   0   0   0   0   0 | Arg AGA   7   7   7   7   7   6
Met ATG   0   0   0   0   0   0 |     ACG   0   0   0   0   0   0 |     AAG   1   1   1   1   1   1 |     AGG   2   2   2   2   2   3
--------------------------------------------------------------------------------------------------------------------------------------
Val GTT   0   0   0   0   0   0 | Ala GCT   0   0   0   0   0   0 | Asp GAT   1   1   1   1   1   1 | Gly GGT   1   1   0   0   0   0
    GTC   0   0   0   0   0   0 |     GCC   0   0   0   0   0   0 |     GAC   0   0   0   0   0   0 |     GGC   0   0   1   1   1   1
    GTA   0   0   0   0   0   0 |     GCA   0   0   0   0   0   0 | Glu GAA   0   0   0   0   0   0 |     GGA   0   0   0   0   0   0
    GTG   0   0   0   0   0   0 |     GCG   0   0   0   0   0   0 |     GAG   2   2   2   2   2   2 |     GGG   0   0   0   0   0   0
--------------------------------------------------------------------------------------------------------------------------------------

--------------------------------------------------------------------------------------------------------------------------------------
Phe TTT   0   0   0   0   0   0 | Ser TCT   4   4   4   4   4   4 | Tyr TAT   0   0   0   0   0   0 | Cys TGT   1   1   1   1   1   1
    TTC   2   2   2   2   2   2 |     TCC   4   4   4   4   4   4 |     TAC   0   0   0   0   0   0 |     TGC   1   1   1   1   1   1
Leu TTA   0   0   0   0   0   0 |     TCA   1   1   1   1   1   1 | *** TAA   0   0   0   0   0   0 | *** TGA   0   0   0   0   0   0
    TTG   0   0   0   0   0   0 |     TCG   0   0   0   0   0   0 |     TAG   0   0   0   0   0   0 | Trp TGG   0   0   0   0   0   0
--------------------------------------------------------------------------------------------------------------------------------------
Leu CTT   1   1   1   1   1   1 | Pro CCT   0   0   0   0   0   0 | His CAT   0   0   0   0   0   0 | Arg CGT   0   0   0   0   1   0
    CTC   0   0   1   1   1   1 |     CCC   0   0   0   0   0   0 |     CAC   1   1   1   1   1   1 |     CGC   1   2   1   1   0   1
    CTA   0   0   0   0   0   0 |     CCA   1   1   1   1   1   1 | Gln CAA   0   0   0   0   0   0 |     CGA   1   0   1   1   1   1
    CTG   2   2   1   1   1   1 |     CCG   1   1   1   1   1   1 |     CAG   0   0   0   0   0   0 |     CGG   3   3   3   3   3   3
--------------------------------------------------------------------------------------------------------------------------------------
Ile ATT   0   0   0   0   0   0 | Thr ACT   0   0   0   0   0   0 | Asn AAT   0   0   0   0   0   0 | Ser AGT   0   0   0   0   0   0
    ATC   0   0   0   0   0   0 |     ACC   0   0   0   0   0   0 |     AAC   0   0   0   0   0   0 |     AGC   3   3   3   3   3   3
    ATA   0   0   0   0   0   0 |     ACA   1   1   1   1   1   1 | Lys AAA   0   0   0   0   0   0 | Arg AGA   7   7   7   7   7   7
Met ATG   0   0   0   0   0   0 |     ACG   0   0   0   0   0   0 |     AAG   1   1   1   1   1   1 |     AGG   2   2   2   2   2   2
--------------------------------------------------------------------------------------------------------------------------------------
Val GTT   0   0   0   0   0   0 | Ala GCT   0   0   0   0   0   0 | Asp GAT   1   1   1   1   1   1 | Gly GGT   0   0   0   0   0   0
    GTC   0   0   0   0   0   0 |     GCC   0   0   0   0   0   0 |     GAC   0   0   0   0   0   0 |     GGC   1   1   1   1   1   1
    GTA   0   0   0   0   0   0 |     GCA   0   0   0   0   0   0 | Glu GAA   0   0   0   0   0   0 |     GGA   0   0   0   0   0   0
    GTG   0   0   0   0   0   0 |     GCG   0   0   0   0   0   0 |     GAG   2   2   2   2   2   2 |     GGG   0   0   0   0   0   0
--------------------------------------------------------------------------------------------------------------------------------------

--------------------------------------------------------------------------------------------------------------------------------------
Phe TTT   0   0   0   0   0   0 | Ser TCT   4   4   4   4   4   4 | Tyr TAT   0   0   0   0   0   0 | Cys TGT   1   1   1   1   1   1
    TTC   2   2   2   2   2   2 |     TCC   4   4   4   4   3   4 |     TAC   0   0   0   0   0   0 |     TGC   1   1   1   1   1   1
Leu TTA   0   0   0   0   0   0 |     TCA   1   1   1   1   1   1 | *** TAA   0   0   0   0   0   0 | *** TGA   0   0   0   0   0   0
    TTG   0   0   0   0   0   0 |     TCG   0   0   0   0   1   0 |     TAG   0   0   0   0   0   0 | Trp TGG   0   0   0   0   0   0
--------------------------------------------------------------------------------------------------------------------------------------
Leu CTT   1   1   1   1   1   1 | Pro CCT   0   0   0   0   0   0 | His CAT   0   0   0   0   0   0 | Arg CGT   0   0   0   0   0   1
    CTC   1   1   0   1   0   1 |     CCC   0   0   0   0   0   0 |     CAC   1   1   1   1   1   1 |     CGC   1   1   1   1   0   0
    CTA   0   0   0   0   0   0 |     CCA   1   1   1   1   1   1 | Gln CAA   0   0   0   0   0   0 |     CGA   1   1   1   1   3   1
    CTG   1   1   2   1   2   1 |     CCG   1   1   1   1   1   1 |     CAG   0   0   0   0   0   0 |     CGG   3   3   3   3   2   3
--------------------------------------------------------------------------------------------------------------------------------------
Ile ATT   0   0   0   0   0   0 | Thr ACT   0   0   0   0   0   0 | Asn AAT   0   0   0   0   0   0 | Ser AGT   0   0   0   0   0   0
    ATC   0   0   0   0   0   0 |     ACC   0   0   0   0   0   0 |     AAC   0   0   0   0   0   0 |     AGC   3   3   3   3   3   3
    ATA   0   0   0   0   0   0 |     ACA   1   1   1   1   1   1 | Lys AAA   0   0   0   0   0   0 | Arg AGA   7   7   7   7   7   7
Met ATG   0   0   0   0   0   0 |     ACG   0   0   0   0   0   0 |     AAG   1   1   1   1   1   1 |     AGG   2   2   2   2   2   2
--------------------------------------------------------------------------------------------------------------------------------------
Val GTT   0   0   0   0   0   0 | Ala GCT   0   0   0   0   0   0 | Asp GAT   1   1   1   1   1   1 | Gly GGT   0   0   0   0   0   0
    GTC   0   0   0   0   0   0 |     GCC   0   0   0   0   0   0 |     GAC   0   0   0   0   0   0 |     GGC   1   1   1   1   1   1
    GTA   0   0   0   0   0   0 |     GCA   0   0   0   0   0   0 | Glu GAA   0   0   0   0   0   0 |     GGA   0   0   0   0   0   0
    GTG   0   0   0   0   0   0 |     GCG   0   0   0   0   0   0 |     GAG   2   2   2   2   2   2 |     GGG   0   0   0   0   0   0
--------------------------------------------------------------------------------------------------------------------------------------

--------------------------------------------------------------------------------------------------------------------------------------
Phe TTT   0   0   0   0   0   0 | Ser TCT   4   4   4   5   4   4 | Tyr TAT   0   0   0   0   0   0 | Cys TGT   1   1   1   1   1   1
    TTC   2   2   2   2   2   2 |     TCC   4   4   4   4   4   4 |     TAC   0   0   0   0   0   0 |     TGC   1   1   1   1   1   1
Leu TTA   0   0   0   0   0   0 |     TCA   1   1   1   0   1   1 | *** TAA   0   0   0   0   0   0 | *** TGA   0   0   0   0   0   0
    TTG   0   0   0   0   0   0 |     TCG   0   0   0   0   0   0 |     TAG   0   0   0   0   0   0 | Trp TGG   0   0   0   0   0   0
--------------------------------------------------------------------------------------------------------------------------------------
Leu CTT   1   1   1   1   1   1 | Pro CCT   0   0   0   0   0   0 | His CAT   0   0   0   0   0   0 | Arg CGT   0   0   0   0   0   0
    CTC   1   1   1   1   1   0 |     CCC   0   0   0   0   0   0 |     CAC   1   1   1   1   1   1 |     CGC   1   1   1   1   1   1
    CTA   0   0   0   0   0   0 |     CCA   1   1   1   1   1   1 | Gln CAA   0   0   0   0   0   0 |     CGA   1   1   1   1   1   1
    CTG   1   1   1   1   1   2 |     CCG   1   1   1   1   1   1 |     CAG   0   0   0   0   0   0 |     CGG   3   3   3   3   3   3
--------------------------------------------------------------------------------------------------------------------------------------
Ile ATT   0   0   0   0   0   0 | Thr ACT   0   0   0   0   0   0 | Asn AAT   0   0   0   0   0   0 | Ser AGT   0   0   0   0   0   0
    ATC   0   0   0   0   0   0 |     ACC   0   0   0   0   0   0 |     AAC   0   0   0   0   0   0 |     AGC   3   3   3   3   3   3
    ATA   0   0   0   0   0   0 |     ACA   1   1   1   1   1   1 | Lys AAA   0   0   0   0   0   0 | Arg AGA   7   7   7   7   7   7
Met ATG   0   0   0   0   0   0 |     ACG   0   0   0   0   0   0 |     AAG   1   1   1   1   1   1 |     AGG   2   2   2   2   2   2
--------------------------------------------------------------------------------------------------------------------------------------
Val GTT   0   0   0   0   0   0 | Ala GCT   0   0   0   0   0   0 | Asp GAT   1   1   1   1   1   1 | Gly GGT   0   0   0   1   0   0
    GTC   0   0   0   0   0   0 |     GCC   0   0   0   0   0   0 |     GAC   0   0   0   0   0   0 |     GGC   1   1   1   0   1   1
    GTA   0   0   0   0   0   0 |     GCA   0   0   0   0   0   0 | Glu GAA   0   0   0   0   0   0 |     GGA   0   0   0   0   0   0
    GTG   0   0   0   0   0   0 |     GCG   0   0   0   0   0   0 |     GAG   2   2   2   2   2   2 |     GGG   0   0   0   0   0   0
--------------------------------------------------------------------------------------------------------------------------------------

--------------------------------------------------------------------------------------------------------------------------------------
Phe TTT   0   0   0   0   0   0 | Ser TCT   4   4   4   4   4   4 | Tyr TAT   0   0   0   0   0   0 | Cys TGT   1   1   1   1   1   1
    TTC   2   2   2   2   2   2 |     TCC   4   4   4   3   4   3 |     TAC   0   0   0   0   0   0 |     TGC   1   1   1   1   1   1
Leu TTA   0   0   0   0   0   0 |     TCA   1   1   1   1   1   1 | *** TAA   0   0   0   0   0   0 | *** TGA   0   0   0   0   0   0
    TTG   0   0   0   0   0   0 |     TCG   0   0   0   1   0   1 |     TAG   0   0   0   0   0   0 | Trp TGG   0   0   0   0   0   0
--------------------------------------------------------------------------------------------------------------------------------------
Leu CTT   1   1   1   1   1   2 | Pro CCT   0   0   0   0   0   0 | His CAT   0   0   0   0   0   0 | Arg CGT   0   0   0   0   0   0
    CTC   0   1   0   0   1   0 |     CCC   0   0   0   0   0   0 |     CAC   1   1   1   1   1   1 |     CGC   1   1   1   2   1   1
    CTA   0   0   0   0   0   0 |     CCA   1   1   1   1   1   1 | Gln CAA   0   0   0   0   0   0 |     CGA   1   1   1   0   1   2
    CTG   2   1   2   2   1   1 |     CCG   1   1   1   1   1   1 |     CAG   0   0   0   0   0   0 |     CGG   3   3   3   3   3   2
--------------------------------------------------------------------------------------------------------------------------------------
Ile ATT   0   0   0   0   0   0 | Thr ACT   0   0   0   0   0   0 | Asn AAT   0   0   0   0   0   0 | Ser AGT   0   0   0   0   0   0
    ATC   0   0   0   0   0   0 |     ACC   0   0   0   0   0   0 |     AAC   0   0   0   0   0   0 |     AGC   3   3   3   3   3   3
    ATA   0   0   0   0   0   0 |     ACA   1   1   1   1   1   1 | Lys AAA   0   0   0   0   0   0 | Arg AGA   7   7   7   7   7   6
Met ATG   0   0   0   0   0   0 |     ACG   0   0   0   0   0   0 |     AAG   1   1   1   1   1   1 |     AGG   2   2   2   2   2   3
--------------------------------------------------------------------------------------------------------------------------------------
Val GTT   0   0   0   0   0   0 | Ala GCT   0   0   0   0   0   0 | Asp GAT   1   1   1   1   1   1 | Gly GGT   0   0   0   0   0   0
    GTC   0   0   0   0   0   0 |     GCC   0   0   0   0   0   0 |     GAC   0   0   0   0   0   0 |     GGC   1   1   1   1   1   1
    GTA   0   0   0   0   0   0 |     GCA   0   0   0   0   0   0 | Glu GAA   0   0   0   0   0   0 |     GGA   0   0   0   0   0   0
    GTG   0   0   0   0   0   0 |     GCG   0   0   0   0   0   0 |     GAG   2   2   2   2   2   2 |     GGG   0   0   0   0   0   0
--------------------------------------------------------------------------------------------------------------------------------------

--------------------------------------------------------------------------------------------------------------------------------------
Phe TTT   0   0   0   0   0   0 | Ser TCT   4   4   4   4   4   4 | Tyr TAT   0   0   0   0   0   0 | Cys TGT   1   1   1   1   1   1
    TTC   2   2   2   2   2   2 |     TCC   4   4   4   4   4   4 |     TAC   0   0   0   0   0   0 |     TGC   1   1   1   1   1   1
Leu TTA   0   0   0   0   0   0 |     TCA   1   1   1   1   1   1 | *** TAA   0   0   0   0   0   0 | *** TGA   0   0   0   0   0   0
    TTG   0   0   0   0   0   0 |     TCG   0   0   0   0   0   0 |     TAG   0   0   0   0   0   0 | Trp TGG   0   0   0   0   0   0
--------------------------------------------------------------------------------------------------------------------------------------
Leu CTT   1   1   1   1   1   1 | Pro CCT   0   0   0   0   0   0 | His CAT   0   0   0   0   0   0 | Arg CGT   0   0   0   0   0   0
    CTC   1   1   1   1   1   1 |     CCC   0   0   0   0   0   0 |     CAC   1   1   1   1   1   1 |     CGC   1   1   1   1   1   1
    CTA   0   0   0   0   0   0 |     CCA   1   1   1   1   2   1 | Gln CAA   0   0   0   0   0   0 |     CGA   1   1   1   1   1   1
    CTG   1   1   1   1   1   1 |     CCG   1   1   1   1   0   1 |     CAG   0   0   0   0   0   0 |     CGG   3   3   3   3   3   3
--------------------------------------------------------------------------------------------------------------------------------------
Ile ATT   0   0   0   0   0   0 | Thr ACT   0   0   0   0   0   0 | Asn AAT   0   0   0   0   0   0 | Ser AGT   0   0   0   0   0   0
    ATC   0   0   0   0   0   0 |     ACC   0   0   0   0   0   0 |     AAC   0   0   0   0   0   0 |     AGC   3   3   3   3   3   3
    ATA   0   0   0   0   0   0 |     ACA   1   1   1   1   1   1 | Lys AAA   0   0   0   0   0   0 | Arg AGA   7   7   7   7   7   7
Met ATG   0   0   0   0   0   0 |     ACG   0   0   0   0   0   0 |     AAG   1   1   1   1   1   1 |     AGG   2   2   2   2   2   2
--------------------------------------------------------------------------------------------------------------------------------------
Val GTT   0   0   0   0   0   0 | Ala GCT   0   0   0   0   0   0 | Asp GAT   1   1   1   1   1   1 | Gly GGT   0   0   0   0   0   0
    GTC   0   0   0   0   0   0 |     GCC   0   0   0   0   0   0 |     GAC   0   0   0   0   0   0 |     GGC   1   1   1   1   1   1
    GTA   0   0   0   0   0   0 |     GCA   0   0   0   0   0   0 | Glu GAA   0   0   0   0   0   0 |     GGA   0   0   0   0   0   0
    GTG   0   0   0   0   0   0 |     GCG   0   0   0   0   0   0 |     GAG   2   2   2   2   2   2 |     GGG   0   0   0   0   0   0
--------------------------------------------------------------------------------------------------------------------------------------

Codon position x base (3x4) table for each sequence.

#1: Argali         
position  1:    T:0.30952    C:0.26190    A:0.33333    G:0.09524
position  2:    T:0.11905    C:0.28571    A:0.11905    G:0.47619
position  3:    T:0.16667    C:0.33333    A:0.26190    G:0.23810
Average         T:0.19841    C:0.29365    A:0.23810    G:0.26984

#2: LesserMouseDeer
position  1:    T:0.30952    C:0.26190    A:0.33333    G:0.09524
position  2:    T:0.11905    C:0.28571    A:0.11905    G:0.47619
position  3:    T:0.21429    C:0.26190    A:0.30952    G:0.21429
Average         T:0.21429    C:0.26984    A:0.25397    G:0.26190

#3: LesserKudu     
position  1:    T:0.30952    C:0.26190    A:0.33333    G:0.09524
position  2:    T:0.11905    C:0.28571    A:0.11905    G:0.47619
position  3:    T:0.16667    C:0.33333    A:0.26190    G:0.23810
Average         T:0.19841    C:0.29365    A:0.23810    G:0.26984

#4: ForestMuskDeer2
position  1:    T:0.30952    C:0.26190    A:0.33333    G:0.09524
position  2:    T:0.11905    C:0.28571    A:0.11905    G:0.47619
position  3:    T:0.16667    C:0.33333    A:0.26190    G:0.23810
Average         T:0.19841    C:0.29365    A:0.23810    G:0.26984

#5: Camel          
position  1:    T:0.30952    C:0.26190    A:0.33333    G:0.09524
position  2:    T:0.11905    C:0.28571    A:0.11905    G:0.47619
position  3:    T:0.23810    C:0.26190    A:0.26190    G:0.23810
Average         T:0.22222    C:0.26984    A:0.23810    G:0.26984

#6: KillerWhale    
position  1:    T:0.30952    C:0.26190    A:0.33333    G:0.09524
position  2:    T:0.11905    C:0.28571    A:0.11905    G:0.47619
position  3:    T:0.16667    C:0.30952    A:0.28571    G:0.23810
Average         T:0.19841    C:0.28571    A:0.24603    G:0.26984

#7: DefassaWaterbuck
position  1:    T:0.30952    C:0.26190    A:0.33333    G:0.09524
position  2:    T:0.11905    C:0.28571    A:0.11905    G:0.47619
position  3:    T:0.21429    C:0.30952    A:0.23810    G:0.23810
Average         T:0.21429    C:0.28571    A:0.23016    G:0.26984

#8: Sheep          
position  1:    T:0.30952    C:0.26190    A:0.33333    G:0.09524
position  2:    T:0.11905    C:0.28571    A:0.11905    G:0.47619
position  3:    T:0.16667    C:0.33333    A:0.26190    G:0.23810
Average         T:0.19841    C:0.29365    A:0.23810    G:0.26984

#9: MaxwellsDuiker 
position  1:    T:0.30952    C:0.26190    A:0.33333    G:0.09524
position  2:    T:0.11905    C:0.28571    A:0.11905    G:0.47619
position  3:    T:0.16667    C:0.33333    A:0.26190    G:0.23810
Average         T:0.19841    C:0.29365    A:0.23810    G:0.26984

#10: GazellaPrzewalskyi
position  1:    T:0.30952    C:0.26190    A:0.33333    G:0.09524
position  2:    T:0.11905    C:0.28571    A:0.11905    G:0.47619
position  3:    T:0.16667    C:0.33333    A:0.26190    G:0.23810
Average         T:0.19841    C:0.29365    A:0.23810    G:0.26984

#11: MountainNyala  
position  1:    T:0.30952    C:0.26190    A:0.33333    G:0.09524
position  2:    T:0.11905    C:0.28571    A:0.11905    G:0.47619
position  3:    T:0.19048    C:0.30952    A:0.26190    G:0.23810
Average         T:0.20635    C:0.28571    A:0.23810    G:0.26984

#12: MuntiacusMuntjak
position  1:    T:0.30952    C:0.26190    A:0.33333    G:0.09524
position  2:    T:0.11905    C:0.28571    A:0.11905    G:0.47619
position  3:    T:0.16667    C:0.30952    A:0.26190    G:0.26190
Average         T:0.19841    C:0.28571    A:0.23810    G:0.27778

#13: goat           
position  1:    T:0.30952    C:0.26190    A:0.33333    G:0.09524
position  2:    T:0.11905    C:0.28571    A:0.11905    G:0.47619
position  3:    T:0.16667    C:0.33333    A:0.26190    G:0.23810
Average         T:0.19841    C:0.29365    A:0.23810    G:0.26984

#14: AfricanBuffalo 
position  1:    T:0.30952    C:0.26190    A:0.33333    G:0.09524
position  2:    T:0.11905    C:0.28571    A:0.11905    G:0.47619
position  3:    T:0.16667    C:0.33333    A:0.26190    G:0.23810
Average         T:0.19841    C:0.29365    A:0.23810    G:0.26984

#15: Topi           
position  1:    T:0.30952    C:0.26190    A:0.33333    G:0.09524
position  2:    T:0.11905    C:0.28571    A:0.11905    G:0.47619
position  3:    T:0.19048    C:0.30952    A:0.26190    G:0.23810
Average         T:0.20635    C:0.28571    A:0.23810    G:0.26984

#16: CommonDuiker   
position  1:    T:0.30952    C:0.26190    A:0.33333    G:0.09524
position  2:    T:0.11905    C:0.28571    A:0.11905    G:0.47619
position  3:    T:0.16667    C:0.33333    A:0.26190    G:0.23810
Average         T:0.19841    C:0.29365    A:0.23810    G:0.26984

#17: Suni           
position  1:    T:0.30952    C:0.26190    A:0.33333    G:0.09524
position  2:    T:0.11905    C:0.28571    A:0.11905    G:0.47619
position  3:    T:0.19048    C:0.30952    A:0.23810    G:0.26190
Average         T:0.20635    C:0.28571    A:0.23016    G:0.27778

#18: Springbuck     
position  1:    T:0.30952    C:0.26190    A:0.33333    G:0.09524
position  2:    T:0.11905    C:0.28571    A:0.11905    G:0.47619
position  3:    T:0.16667    C:0.33333    A:0.26190    G:0.23810
Average         T:0.19841    C:0.29365    A:0.23810    G:0.26984

#19: Okapi          
position  1:    T:0.30952    C:0.26190    A:0.33333    G:0.09524
position  2:    T:0.11905    C:0.28571    A:0.11905    G:0.47619
position  3:    T:0.21429    C:0.26190    A:0.26190    G:0.26190
Average         T:0.21429    C:0.26984    A:0.23810    G:0.27778

#20: Giraffe        
position  1:    T:0.30952    C:0.26190    A:0.33333    G:0.09524
position  2:    T:0.11905    C:0.28571    A:0.11905    G:0.47619
position  3:    T:0.21429    C:0.26190    A:0.26190    G:0.26190
Average         T:0.21429    C:0.26984    A:0.23810    G:0.27778

#21: TibetanAntelope
position  1:    T:0.30952    C:0.26190    A:0.33333    G:0.09524
position  2:    T:0.11905    C:0.28571    A:0.11905    G:0.47619
position  3:    T:0.16667    C:0.33333    A:0.26190    G:0.23810
Average         T:0.19841    C:0.29365    A:0.23810    G:0.26984

#22: Sitatunga      
position  1:    T:0.30952    C:0.26190    A:0.33333    G:0.09524
position  2:    T:0.11905    C:0.28571    A:0.11905    G:0.47619
position  3:    T:0.19048    C:0.30952    A:0.26190    G:0.23810
Average         T:0.20635    C:0.28571    A:0.23810    G:0.26984

#23: Oribi          
position  1:    T:0.30952    C:0.26190    A:0.33333    G:0.09524
position  2:    T:0.11905    C:0.28571    A:0.11905    G:0.47619
position  3:    T:0.16667    C:0.30952    A:0.28571    G:0.23810
Average         T:0.19841    C:0.28571    A:0.24603    G:0.26984

#24: BarbarySheep   
position  1:    T:0.30952    C:0.26190    A:0.33333    G:0.09524
position  2:    T:0.11905    C:0.28571    A:0.11905    G:0.47619
position  3:    T:0.16667    C:0.33333    A:0.23810    G:0.26190
Average         T:0.19841    C:0.29365    A:0.23016    G:0.27778

#25: Daviddeer      
position  1:    T:0.30952    C:0.26190    A:0.33333    G:0.09524
position  2:    T:0.11905    C:0.28571    A:0.11905    G:0.47619
position  3:    T:0.16667    C:0.30952    A:0.26190    G:0.26190
Average         T:0.19841    C:0.28571    A:0.23810    G:0.27778

#26: Reindeer       
position  1:    T:0.30952    C:0.26190    A:0.33333    G:0.09524
position  2:    T:0.11905    C:0.28571    A:0.11905    G:0.47619
position  3:    T:0.16667    C:0.33333    A:0.23810    G:0.26190
Average         T:0.19841    C:0.29365    A:0.23016    G:0.27778

#27: Ibex           
position  1:    T:0.30952    C:0.26190    A:0.33333    G:0.09524
position  2:    T:0.11905    C:0.28571    A:0.11905    G:0.47619
position  3:    T:0.16667    C:0.33333    A:0.26190    G:0.23810
Average         T:0.19841    C:0.29365    A:0.23810    G:0.26984

#28: GyrantGazelle  
position  1:    T:0.30952    C:0.26190    A:0.33333    G:0.09524
position  2:    T:0.11905    C:0.28571    A:0.11905    G:0.47619
position  3:    T:0.16667    C:0.33333    A:0.26190    G:0.23810
Average         T:0.19841    C:0.29365    A:0.23810    G:0.26984

#29: Hartebeest     
position  1:    T:0.30952    C:0.26190    A:0.33333    G:0.09524
position  2:    T:0.11905    C:0.28571    A:0.11905    G:0.47619
position  3:    T:0.19048    C:0.30952    A:0.26190    G:0.23810
Average         T:0.20635    C:0.28571    A:0.23810    G:0.26984

#30: Bongo          
position  1:    T:0.30952    C:0.26190    A:0.33333    G:0.09524
position  2:    T:0.11905    C:0.28571    A:0.11905    G:0.47619
position  3:    T:0.16667    C:0.33333    A:0.26190    G:0.23810
Average         T:0.19841    C:0.29365    A:0.23810    G:0.26984

#31: Gerenuk        
position  1:    T:0.30952    C:0.26190    A:0.33333    G:0.09524
position  2:    T:0.11905    C:0.28571    A:0.11905    G:0.47619
position  3:    T:0.16667    C:0.33333    A:0.26190    G:0.23810
Average         T:0.19841    C:0.29365    A:0.23810    G:0.26984

#32: CommonEland    
position  1:    T:0.30952    C:0.26190    A:0.33333    G:0.09524
position  2:    T:0.11905    C:0.28571    A:0.11905    G:0.47619
position  3:    T:0.16667    C:0.33333    A:0.26190    G:0.23810
Average         T:0.19841    C:0.29365    A:0.23810    G:0.26984

#33: MuntiacusReevesi
position  1:    T:0.30952    C:0.26190    A:0.33333    G:0.09524
position  2:    T:0.11905    C:0.28571    A:0.11905    G:0.47619
position  3:    T:0.16667    C:0.30952    A:0.26190    G:0.26190
Average         T:0.19841    C:0.28571    A:0.23810    G:0.27778

#34: HarveysDuiker  
position  1:    T:0.30952    C:0.26190    A:0.33333    G:0.09524
position  2:    T:0.11905    C:0.28571    A:0.11905    G:0.47619
position  3:    T:0.16667    C:0.33333    A:0.26190    G:0.23810
Average         T:0.19841    C:0.29365    A:0.23810    G:0.26984

#35: Pronghorn      
position  1:    T:0.30952    C:0.26190    A:0.33333    G:0.09524
position  2:    T:0.11905    C:0.28571    A:0.11905    G:0.47619
position  3:    T:0.16667    C:0.26190    A:0.30952    G:0.26190
Average         T:0.19841    C:0.26984    A:0.25397    G:0.27778

#36: BlueWildebeest 
position  1:    T:0.30952    C:0.26190    A:0.33333    G:0.09524
position  2:    T:0.11905    C:0.28571    A:0.11905    G:0.47619
position  3:    T:0.19048    C:0.30952    A:0.26190    G:0.23810
Average         T:0.20635    C:0.28571    A:0.23810    G:0.26984

#37: Gemsbok        
position  1:    T:0.30952    C:0.26190    A:0.33333    G:0.09524
position  2:    T:0.11905    C:0.28571    A:0.11905    G:0.47619
position  3:    T:0.16667    C:0.33333    A:0.26190    G:0.23810
Average         T:0.19841    C:0.29365    A:0.23810    G:0.26984

#38: Yak            
position  1:    T:0.30952    C:0.26190    A:0.33333    G:0.09524
position  2:    T:0.11905    C:0.28571    A:0.11905    G:0.47619
position  3:    T:0.16667    C:0.33333    A:0.26190    G:0.23810
Average         T:0.19841    C:0.29365    A:0.23810    G:0.26984

#39: BlueSheep      
position  1:    T:0.30952    C:0.26190    A:0.33333    G:0.09524
position  2:    T:0.11905    C:0.28571    A:0.11905    G:0.47619
position  3:    T:0.16667    C:0.33333    A:0.26190    G:0.23810
Average         T:0.19841    C:0.29365    A:0.23810    G:0.26984

#40: BohorReedbuck  
position  1:    T:0.30952    C:0.26190    A:0.33333    G:0.09524
position  2:    T:0.11905    C:0.28571    A:0.11905    G:0.47619
position  3:    T:0.21429    C:0.30952    A:0.23810    G:0.23810
Average         T:0.21429    C:0.28571    A:0.23016    G:0.26984

#41: KirksDik       
position  1:    T:0.30952    C:0.26190    A:0.33333    G:0.09524
position  2:    T:0.11905    C:0.28571    A:0.11905    G:0.47619
position  3:    T:0.16667    C:0.33333    A:0.26190    G:0.23810
Average         T:0.19841    C:0.29365    A:0.23810    G:0.26984

#42: RoeDeer        
position  1:    T:0.30952    C:0.26190    A:0.33333    G:0.09524
position  2:    T:0.11905    C:0.28571    A:0.11905    G:0.47619
position  3:    T:0.16667    C:0.30952    A:0.26190    G:0.26190
Average         T:0.19841    C:0.28571    A:0.23810    G:0.27778

#43: WhiteLippedDeer
position  1:    T:0.30952    C:0.26190    A:0.33333    G:0.09524
position  2:    T:0.11905    C:0.28571    A:0.11905    G:0.47619
position  3:    T:0.16667    C:0.30952    A:0.26190    G:0.26190
Average         T:0.19841    C:0.28571    A:0.23810    G:0.27778

#44: ThomsonGazelle 
position  1:    T:0.30952    C:0.26190    A:0.33333    G:0.09524
position  2:    T:0.11905    C:0.28571    A:0.11905    G:0.47619
position  3:    T:0.16667    C:0.33333    A:0.26190    G:0.23810
Average         T:0.19841    C:0.29365    A:0.23810    G:0.26984

#45: MuntiacusCrinifrons
position  1:    T:0.30952    C:0.26190    A:0.33333    G:0.09524
position  2:    T:0.11905    C:0.28571    A:0.11905    G:0.47619
position  3:    T:0.16667    C:0.30952    A:0.26190    G:0.26190
Average         T:0.19841    C:0.28571    A:0.23810    G:0.27778

#46: WhiteTailedDeer
position  1:    T:0.30952    C:0.26190    A:0.33333    G:0.09524
position  2:    T:0.11905    C:0.28571    A:0.11905    G:0.47619
position  3:    T:0.16667    C:0.30952    A:0.23810    G:0.28571
Average         T:0.19841    C:0.28571    A:0.23016    G:0.28571

#47: Cattle         
position  1:    T:0.30952    C:0.26190    A:0.33333    G:0.09524
position  2:    T:0.11905    C:0.28571    A:0.11905    G:0.47619
position  3:    T:0.16667    C:0.33333    A:0.26190    G:0.23810
Average         T:0.19841    C:0.29365    A:0.23810    G:0.26984

#48: RoyalAntelope  
position  1:    T:0.30952    C:0.26190    A:0.33333    G:0.09524
position  2:    T:0.11905    C:0.28571    A:0.11905    G:0.47619
position  3:    T:0.19048    C:0.28571    A:0.26190    G:0.26190
Average         T:0.20635    C:0.27778    A:0.23810    G:0.27778

#49: Steenbok       
position  1:    T:0.30952    C:0.26190    A:0.33333    G:0.09524
position  2:    T:0.11905    C:0.28571    A:0.11905    G:0.47619
position  3:    T:0.16667    C:0.33333    A:0.26190    G:0.23810
Average         T:0.19841    C:0.29365    A:0.23810    G:0.26984

#50: Impala         
position  1:    T:0.30952    C:0.26190    A:0.33333    G:0.09524
position  2:    T:0.11905    C:0.28571    A:0.11905    G:0.47619
position  3:    T:0.16667    C:0.33333    A:0.26190    G:0.23810
Average         T:0.19841    C:0.29365    A:0.23810    G:0.26984

#51: Klipspringer   
position  1:    T:0.30952    C:0.26190    A:0.33333    G:0.09524
position  2:    T:0.11905    C:0.28571    A:0.11905    G:0.47619
