1
52 1
Argali 0.000000 0.175100 0.063300 0.215200 0.047900 0.000000 0.083100 0.041100 0.049000 0.069000 0.019700 0.063200 0.034000 0.098900 0.077800 0.063000 0.110800 0.121000 0.047800 0.048500 0.048300 0.027000 0.068500 0.095000 0.019800 0.063000 0.034300 0.056200 0.042100 0.056400 0.069000 0.099000 0.105100 0.041000 0.049500 0.062700 0.019700 0.048400 0.048700 0.079100 0.082600 0.077100 0.069000 0.084100 0.071500 0.034000 0.056200 0.054800 0.079200 0.096500 0.056400 0.049800
LesserMous 0.175100 0.000000 0.129700 0.148800 0.155800 0.177000 0.173900 0.139100 0.131100 0.138000 0.155000 0.129100 0.129400 0.190500 0.157900 0.132100 0.145700 0.139400 0.163200 0.129800 0.167200 0.166700 0.154100 0.162200 0.159200 0.128200 0.130700 0.131800 0.122800 0.139900 0.138000 0.191400 0.122400 0.129400 0.144600 0.128500 0.155000 0.157400 0.145800 0.151700 0.152200 0.135300 0.138000 0.146800 0.138000 0.129400 0.139900 0.153800 0.147400 0.140500 0.122300 0.133500
LesserKudu 0.063300 0.129700 0.000000 0.187100 0.055700 0.063800 0.110100 0.034400 0.013600 0.063900 0.055400 0.027300 0.027100 0.124800 0.072300 0.058900 0.119200 0.129700 0.055300 0.013500 0.056100 0.063700 0.078300 0.089000 0.057700 0.055800 0.027400 0.020400 0.034900 0.020500 0.063900 0.125200 0.096500 0.034100 0.040700 0.027000 0.055400 0.056200 0.041000 0.073400 0.077200 0.069900 0.063900 0.078300 0.034200 0.027100 0.048900 0.048000 0.070500 0.087700 0.020500 0.013800
KillerWhal 0.215200 0.148800 0.187100 0.000000 0.207000 0.217300 0.234700 0.175400 0.167500 0.157200 0.202100 0.184100 0.163900 0.252600 0.206800 0.178100 0.153500 0.160100 0.164300 0.166300 0.205400 0.215900 0.173500 0.172100 0.209300 0.180000 0.166300 0.171100 0.157700 0.167500 0.157200 0.254800 0.138500 0.163900 0.179400 0.183100 0.202100 0.208600 0.161900 0.171100 0.170300 0.170300 0.157200 0.175000 0.174300 0.163900 0.175200 0.174600 0.183100 0.140000 0.157500 0.170300
DefassaWat 0.047900 0.155800 0.055700 0.207000 0.000000 0.048300 0.090400 0.034100 0.041600 0.054200 0.026700 0.048400 0.026900 0.090900 0.040700 0.041100 0.135300 0.146500 0.054200 0.041200 0.041200 0.034100 0.068100 0.078800 0.026700 0.055400 0.027200 0.048700 0.034700 0.048900 0.054200 0.106400 0.112400 0.033900 0.040400 0.048000 0.026700 0.000100 0.040600 0.063400 0.067500 0.069600 0.054200 0.068600 0.055600 0.026900 0.048800 0.033400 0.070200 0.103700 0.048900 0.042200
Sheep 0.000000 0.177000 0.063800 0.217300 0.048300 0.000000 0.083900 0.041500 0.049400 0.069700 0.020000 0.063800 0.034300 0.099900 0.078500 0.063600 0.111800 0.122000 0.048100 0.048900 0.048800 0.027200 0.069100 0.095900 0.020000 0.063600 0.034600 0.056700 0.042500 0.056900 0.069700 0.100000 0.106000 0.041400 0.049600 0.063300 0.020000 0.048800 0.049000 0.079800 0.083300 0.077800 0.069700 0.084900 0.072000 0.034300 0.056700 0.055300 0.079900 0.097400 0.056900 0.050200
MaxwellsDu 0.083100 0.173900 0.110100 0.234700 0.090400 0.083900 0.000000 0.083900 0.094900 0.096600 0.090200 0.110400 0.075900 0.012500 0.090400 0.091400 0.147900 0.140900 0.089100 0.094100 0.091300 0.099600 0.096000 0.124300 0.090200 0.106900 0.076800 0.102800 0.085600 0.102900 0.096600 0.012400 0.158700 0.083300 0.089900 0.109600 0.090200 0.091300 0.090300 0.108200 0.095100 0.121400 0.096600 0.112200 0.118200 0.075900 0.100100 0.097400 0.075900 0.148500 0.103000 0.096200
GazellaPrz 0.041100 0.139100 0.034400 0.175400 0.034100 0.041500 0.083900 0.000000 0.020500 0.040400 0.033900 0.034400 0.006700 0.099800 0.048200 0.034200 0.110900 0.121200 0.033500 0.020400 0.034300 0.041500 0.054100 0.063800 0.033900 0.027300 0.006700 0.027500 0.013700 0.027600 0.040400 0.100000 0.088400 0.013400 0.020000 0.034100 0.033900 0.034400 0.020100 0.049400 0.053600 0.041000 0.040400 0.054600 0.041400 0.006700 0.027500 0.026800 0.048500 0.079900 0.027600 0.020900
MountainNy 0.049000 0.131100 0.013600 0.167500 0.041600 0.049400 0.094900 0.020500 0.000000 0.049600 0.041300 0.013600 0.013500 0.109200 0.057700 0.044300 0.103600 0.113600 0.041300 0.000000 0.041900 0.049300 0.063900 0.073700 0.043300 0.041600 0.013600 0.006800 0.020900 0.006800 0.049600 0.109500 0.081100 0.020400 0.027000 0.013500 0.041300 0.041900 0.027200 0.058500 0.063000 0.055600 0.049600 0.063900 0.020400 0.013500 0.034800 0.034100 0.056100 0.072400 0.006800 0.000100
MuntiacusM 0.069000 0.138000 0.063900 0.157200 0.054200 0.069700 0.096600 0.040400 0.049600 0.000000 0.054200 0.049000 0.033200 0.112700 0.053900 0.054400 0.113400 0.123400 0.032600 0.049300 0.061700 0.062100 0.012600 0.019800 0.054200 0.061700 0.033500 0.057000 0.041100 0.057200 0.000000 0.112800 0.090600 0.040100 0.046500 0.048700 0.054200 0.054600 0.033000 0.006500 0.012500 0.075600 0.000000 0.012700 0.041500 0.033200 0.054800 0.039700 0.061300 0.083700 0.057100 0.050200
goat 0.019700 0.155000 0.055400 0.202100 0.026700 0.020000 0.090200 0.033900 0.041300 0.054200 0.000000 0.048100 0.026800 0.106200 0.055200 0.040900 0.118300 0.128500 0.054700 0.041000 0.040800 0.006600 0.053800 0.078700 0.000000 0.055200 0.027000 0.048400 0.034500 0.048600 0.054200 0.106300 0.095900 0.033700 0.041900 0.047700 0.000000 0.027000 0.041200 0.063400 0.067500 0.069100 0.054200 0.068800 0.055900 0.026800 0.048500 0.047300 0.070900 0.087600 0.048600 0.042000
AfricanBuf 0.063200 0.129100 0.027300 0.184100 0.048400 0.063800 0.110400 0.034400 0.013600 0.049000 0.048100 0.000000 0.027100 0.124600 0.065000 0.051500 0.118600 0.128900 0.055200 0.013500 0.056000 0.056200 0.063100 0.073100 0.050200 0.055800 0.027400 0.020400 0.034900 0.020500 0.049000 0.124900 0.096000 0.034100 0.040700 0.000000 0.048100 0.048900 0.040900 0.057800 0.062200 0.069900 0.049000 0.063300 0.006600 0.027100 0.048900 0.047900 0.070300 0.087300 0.020500 0.013800
Topi 0.034000 0.129400 0.027100 0.163900 0.026900 0.034300 0.075900 0.006700 0.013500 0.033200 0.026800 0.027100 0.000000 0.091400 0.040800 0.027100 0.102100 0.112000 0.026500 0.013400 0.027100 0.034200 0.046800 0.056000 0.026800 0.027100 0.000000 0.020300 0.006800 0.020400 0.033200 0.091600 0.079800 0.006600 0.013200 0.026900 0.026800 0.027200 0.013200 0.041500 0.046400 0.040500 0.033200 0.047200 0.034000 0.000000 0.020400 0.019900 0.041100 0.071500 0.020400 0.013700
CommonDuik 0.098900 0.190500 0.124800 0.252600 0.090900 0.099900 0.012500 0.099800 0.109200 0.112700 0.106200 0.124600 0.091400 0.000000 0.091000 0.107500 0.162400 0.155000 0.089300 0.108200 0.091900 0.116200 0.111900 0.141700 0.106200 0.124100 0.092500 0.117200 0.101900 0.117400 0.112700 0.012500 0.173900 0.099100 0.105700 0.123400 0.106200 0.091800 0.106200 0.125000 0.111300 0.139500 0.112700 0.128500 0.132700 0.091400 0.120100 0.082600 0.091300 0.163200 0.117400 0.111100
Suni 0.077800 0.157900 0.072300 0.206800 0.040700 0.078500 0.090400 0.048200 0.057700 0.053900 0.055200 0.065000 0.040800 0.091000 0.000000 0.055300 0.139500 0.150800 0.054000 0.057300 0.070300 0.063500 0.053400 0.078000 0.055200 0.069900 0.041200 0.065300 0.049100 0.065500 0.053900 0.106600 0.116600 0.047900 0.054400 0.064600 0.055200 0.041100 0.040500 0.062900 0.053000 0.084100 0.053900 0.068100 0.057200 0.040800 0.063300 0.047400 0.069800 0.108400 0.065400 0.058300
Springbuck 0.063000 0.132100 0.058900 0.178100 0.041100 0.063600 0.091400 0.034200 0.044300 0.054400 0.040900 0.051500 0.027100 0.107500 0.055300 0.000000 0.107200 0.117000 0.054600 0.044200 0.055900 0.048700 0.068400 0.063200 0.040900 0.041000 0.027300 0.052100 0.020500 0.051900 0.054400 0.107700 0.101100 0.027100 0.040700 0.051500 0.040900 0.041500 0.040900 0.063700 0.067700 0.054700 0.054400 0.054200 0.058900 0.027100 0.048800 0.047900 0.070600 0.092600 0.052000 0.044500
Okapi 0.110800 0.145700 0.119200 0.153500 0.135300 0.111800 0.147900 0.110900 0.103600 0.113400 0.118300 0.118600 0.102100 0.162400 0.139500 0.107200 0.000000 0.020300 0.103500 0.102700 0.136700 0.128700 0.112300 0.142500 0.124800 0.117400 0.103200 0.111600 0.095600 0.111900 0.113400 0.163400 0.064100 0.102200 0.116800 0.118000 0.118300 0.136500 0.101400 0.124800 0.127000 0.132300 0.113400 0.129500 0.110300 0.102100 0.128000 0.125200 0.118700 0.087000 0.095500 0.105100
Giraffe 0.121000 0.139400 0.129700 0.160100 0.146500 0.122000 0.140900 0.121200 0.113600 0.123400 0.128500 0.128900 0.112000 0.155000 0.150800 0.117000 0.020300 0.000000 0.112800 0.112600 0.148100 0.139800 0.122100 0.153500 0.134800 0.127500 0.113200 0.121900 0.105300 0.122200 0.123400 0.155900 0.072500 0.112100 0.127300 0.128200 0.128500 0.147900 0.111100 0.135500 0.137400 0.142900 0.123400 0.140000 0.120200 0.112000 0.138900 0.135900 0.112400 0.096300 0.105100 0.115200
TibetanAnt 0.047800 0.163200 0.055300 0.164300 0.054200 0.048100 0.089100 0.033500 0.041300 0.032600 0.054700 0.055200 0.026500 0.089300 0.054000 0.054600 0.103500 0.112800 0.000000 0.040900 0.040500 0.062600 0.045900 0.055000 0.054900 0.054500 0.026700 0.048400 0.034100 0.048500 0.032600 0.089500 0.097600 0.033300 0.039700 0.054800 0.054700 0.054700 0.026300 0.040700 0.045500 0.068300 0.032600 0.046300 0.047800 0.026500 0.047900 0.019500 0.054400 0.088800 0.048500 0.041800
Sitatunga 0.048500 0.129800 0.013500 0.166300 0.041200 0.048900 0.094100 0.020400 0.000000 0.049300 0.041000 0.013500 0.013400 0.108200 0.057300 0.044200 0.102700 0.112600 0.040900 0.000000 0.041500 0.048800 0.063500 0.073100 0.043100 0.041300 0.013500 0.006700 0.020700 0.006800 0.049300 0.108500 0.080300 0.020200 0.026800 0.013400 0.041000 0.041600 0.027000 0.058100 0.062500 0.055100 0.049300 0.063400 0.020200 0.013400 0.034500 0.033800 0.055500 0.071700 0.006700 0.000100
Oribi 0.048300 0.167200 0.056100 0.205400 0.041200 0.048800 0.091300 0.034300 0.041900 0.061700 0.040800 0.056000 0.027100 0.091900 0.070300 0.055900 0.136700 0.148100 0.040500 0.041500 0.000000 0.048600 0.075900 0.087200 0.040800 0.055900 0.027400 0.049000 0.035000 0.049200 0.061700 0.092000 0.113100 0.034100 0.040700 0.055600 0.040800 0.041500 0.040900 0.071500 0.075200 0.070000 0.061700 0.076700 0.063300 0.027100 0.049100 0.033800 0.070800 0.087700 0.049200 0.042600
BarbaryShe 0.027000 0.166700 0.063700 0.215900 0.034100 0.027200 0.099600 0.041500 0.049300 0.062100 0.006600 0.056200 0.034200 0.116200 0.063500 0.048700 0.128700 0.139800 0.062600 0.048800 0.048600 0.000000 0.061600 0.088000 0.006600 0.063400 0.034500 0.056500 0.042400 0.056800 0.062100 0.116300 0.088900 0.041300 0.049000 0.055800 0.006600 0.034400 0.048800 0.071800 0.075700 0.077500 0.062100 0.077100 0.064200 0.034200 0.056600 0.055300 0.079400 0.096900 0.056800 0.050200
Daviddeer 0.068500 0.154100 0.078300 0.173500 0.068100 0.069100 0.096000 0.054100 0.063900 0.012600 0.053800 0.063100 0.046800 0.111900 0.053400 0.068400 0.112300 0.122100 0.045900 0.063500 0.075900 0.061600 0.000000 0.033200 0.053800 0.075800 0.047200 0.071400 0.055200 0.071600 0.012600 0.112100 0.089600 0.053800 0.060100 0.062700 0.053800 0.068700 0.046400 0.019700 0.012400 0.089800 0.012600 0.025600 0.055500 0.046800 0.068900 0.053300 0.075300 0.082800 0.071600 0.064700
Reindeer 0.095000 0.162200 0.089000 0.172100 0.078800 0.095900 0.124300 0.063800 0.073700 0.019800 0.078700 0.073100 0.056000 0.141700 0.078000 0.063200 0.142500 0.153500 0.055000 0.073100 0.087200 0.088000 0.033200 0.000000 0.078700 0.086500 0.056600 0.081500 0.065100 0.081800 0.019800 0.141900 0.118700 0.063400 0.070200 0.072500 0.078700 0.079400 0.055800 0.027500 0.032900 0.101200 0.019800 0.006500 0.065000 0.056000 0.079200 0.062900 0.086500 0.077200 0.081700 0.075000
Ibex 0.019800 0.159200 0.057700 0.209300 0.026700 0.020000 0.090200 0.033900 0.043300 0.054200 0.000000 0.050200 0.026800 0.106200 0.055200 0.040900 0.124800 0.134800 0.054900 0.043100 0.040800 0.006600 0.053800 0.078700 0.000000 0.055200 0.027000 0.050800 0.034500 0.050800 0.054200 0.106300 0.102100 0.033700 0.041900 0.050000 0.000000 0.027000 0.041200 0.063400 0.067500 0.069000 0.054200 0.068700 0.058200 0.026800 0.048400 0.047300 0.070900 0.094200 0.050900 0.043700
GyrantGaze 0.063000 0.128200 0.055800 0.180000 0.055400 0.063600 0.106900 0.027300 0.041600 0.061700 0.055200 0.055800 0.027100 0.124100 0.069900 0.041000 0.117400 0.127500 0.054500 0.041300 0.055900 0.063400 0.075800 0.086500 0.055200 0.000000 0.027300 0.048700 0.020500 0.048900 0.061700 0.123800 0.094900 0.027100 0.040600 0.055400 0.055200 0.055900 0.040900 0.071300 0.060500 0.013100 0.061700 0.076400 0.063000 0.027100 0.034500 0.047700 0.072200 0.102700 0.048900 0.042200
Hartebeest 0.034300 0.130700 0.027400 0.166300 0.027200 0.034600 0.076800 0.006700 0.013600 0.033500 0.027000 0.027400 0.000000 0.092500 0.041200 0.027300 0.103200 0.113200 0.026700 0.013500 0.027400 0.034500 0.047200 0.056600 0.027000 0.027300 0.000000 0.020500 0.006800 0.020600 0.033500 0.092600 0.080500 0.006700 0.013300 0.027200 0.027000 0.027400 0.013400 0.041900 0.046800 0.041000 0.033500 0.047700 0.034300 0.000000 0.020600 0.020100 0.041400 0.072100 0.020600 0.013900
Bongo 0.056200 0.131800 0.020400 0.171100 0.048700 0.056700 0.102800 0.027500 0.006800 0.057000 0.048400 0.020400 0.020300 0.117200 0.065300 0.052100 0.111600 0.121900 0.048400 0.006700 0.049000 0.056500 0.071400 0.081500 0.050800 0.048700 0.020500 0.000000 0.027900 0.013700 0.057000 0.117500 0.088800 0.027300 0.033900 0.020300 0.048400 0.049100 0.034100 0.066100 0.070300 0.048200 0.057000 0.071300 0.027300 0.020300 0.041900 0.041100 0.063300 0.079900 0.013600 0.006900
Gerenuk 0.042100 0.122800 0.034900 0.157700 0.034700 0.042500 0.085600 0.013700 0.020900 0.041100 0.034500 0.034900 0.006800 0.101900 0.049100 0.020500 0.095600 0.105300 0.034100 0.020700 0.035000 0.042400 0.055200 0.065100 0.034500 0.020500 0.006800 0.027900 0.000000 0.028000 0.041100 0.102000 0.073100 0.006800 0.020300 0.034600 0.034500 0.035000 0.020500 0.050000 0.054700 0.034200 0.041100 0.055700 0.042000 0.006800 0.028000 0.027300 0.049400 0.081000 0.028000 0.021200
CommonElan 0.056400 0.139900 0.020500 0.167500 0.048900 0.056900 0.102900 0.027600 0.006800 0.057200 0.048600 0.020500 0.020400 0.117400 0.065500 0.051900 0.111900 0.122200 0.048500 0.006800 0.049200 0.056800 0.071600 0.081800 0.050800 0.048900 0.020600 0.013700 0.028000 0.000000 0.057200 0.117700 0.089100 0.027400 0.034000 0.020400 0.048600 0.049300 0.034200 0.066400 0.070500 0.062900 0.057200 0.071600 0.027400 0.020400 0.042000 0.041300 0.063600 0.080300 0.013700 0.006900
MuntiacusR 0.069000 0.138000 0.063900 0.157200 0.054200 0.069700 0.096600 0.040400 0.049600 0.000000 0.054200 0.049000 0.033200 0.112700 0.053900 0.054400 0.113400 0.123400 0.032600 0.049300 0.061700 0.062100 0.012600 0.019800 0.054200 0.061700 0.033500 0.057000 0.041100 0.057200 0.000000 0.112800 0.090600 0.040100 0.046500 0.048700 0.054200 0.054600 0.033000 0.006500 0.012500 0.075600 0.000000 0.012700 0.041500 0.033200 0.054800 0.039700 0.061300 0.083700 0.057100 0.050200
HarveysDui 0.099000 0.191400 0.125200 0.254800 0.106400 0.100000 0.012400 0.100000 0.109500 0.112800 0.106300 0.124900 0.091600 0.012500 0.106600 0.107700 0.163400 0.155900 0.089500 0.108500 0.092000 0.116300 0.112100 0.141900 0.106300 0.123800 0.092600 0.117500 0.102000 0.117700 0.112800 0.000000 0.175200 0.099200 0.105900 0.123800 0.106300 0.107600 0.106300 0.125500 0.111000 0.138700 0.112800 0.128800 0.133000 0.091600 0.116800 0.097800 0.091600 0.164200 0.117800 0.111400
Pronghorn 0.105100 0.122400 0.096500 0.138500 0.112400 0.106000 0.158700 0.088400 0.081100 0.090600 0.095900 0.096000 0.079800 0.173900 0.116600 0.101100 0.064100 0.072500 0.097600 0.080300 0.113100 0.088900 0.089600 0.118700 0.102100 0.094900 0.080500 0.088800 0.073100 0.089100 0.090600 0.175200 0.000000 0.079800 0.094300 0.095600 0.095900 0.113400 0.079100 0.100700 0.104600 0.109700 0.090600 0.106600 0.087900 0.079800 0.105100 0.102600 0.095800 0.065100 0.073100 0.082300
BlueWildeb 0.041000 0.129400 0.034100 0.163900 0.033900 0.041400 0.083300 0.013400 0.020400 0.040100 0.033700 0.034100 0.006600 0.099100 0.047900 0.027100 0.102200 0.112100 0.033300 0.020200 0.034100 0.041300 0.053800 0.063400 0.033700 0.027100 0.006700 0.027300 0.006800 0.027400 0.040100 0.099200 0.079800 0.000000 0.019900 0.033800 0.033700 0.034200 0.020000 0.048700 0.053300 0.040500 0.040100 0.054300 0.041000 0.006600 0.027300 0.026700 0.048200 0.078900 0.027400 0.020700
Gemsbok 0.049500 0.144600 0.040700 0.179400 0.040400 0.049600 0.089900 0.020000 0.027000 0.046500 0.041900 0.040700 0.013200 0.105700 0.054400 0.040700 0.116800 0.127300 0.039700 0.026800 0.040700 0.049000 0.060100 0.070200 0.041900 0.040600 0.013300 0.033900 0.020300 0.034000 0.046500 0.105900 0.094300 0.019900 0.000000 0.040400 0.041900 0.040800 0.026500 0.055300 0.059600 0.054200 0.046500 0.060700 0.047600 0.013200 0.034000 0.033200 0.054800 0.085900 0.034000 0.027400
Yak 0.062700 0.128500 0.027000 0.183100 0.048000 0.063300 0.109600 0.034100 0.013500 0.048700 0.047700 0.000000 0.026900 0.123400 0.064600 0.051500 0.118000 0.128200 0.054800 0.013400 0.055600 0.055800 0.062700 0.072500 0.050000 0.055400 0.027200 0.020300 0.034600 0.020400 0.048700 0.123800 0.095600 0.033800 0.040400 0.000000 0.047700 0.048500 0.040600 0.057400 0.061800 0.069300 0.048700 0.062800 0.006600 0.026900 0.048500 0.047600 0.069700 0.086900 0.020300 0.013700
BlueSheep 0.019700 0.155000 0.055400 0.202100 0.026700 0.020000 0.090200 0.033900 0.041300 0.054200 0.000000 0.048100 0.026800 0.106200 0.055200 0.040900 0.118300 0.128500 0.054700 0.041000 0.040800 0.006600 0.053800 0.078700 0.000000 0.055200 0.027000 0.048400 0.034500 0.048600 0.054200 0.106300 0.095900 0.033700 0.041900 0.047700 0.000000 0.027000 0.041200 0.063400 0.067500 0.069100 0.054200 0.068800 0.055900 0.026800 0.048500 0.047300 0.070900 0.087600 0.048600 0.042000
BohorReedb 0.048400 0.157400 0.056200 0.208600 0.000100 0.048800 0.091300 0.034400 0.041900 0.054600 0.027000 0.048900 0.027200 0.091800 0.041100 0.041500 0.136500 0.147900 0.054700 0.041600 0.041500 0.034400 0.068700 0.079400 0.027000 0.055900 0.027400 0.049100 0.035000 0.049300 0.054600 0.107600 0.113400 0.034200 0.040800 0.048500 0.027000 0.000000 0.041000 0.063900 0.068100 0.070200 0.054600 0.069200 0.056000 0.027200 0.049200 0.033700 0.070900 0.104600 0.049300 0.042600
KirksDik 0.048700 0.145800 0.041000 0.161900 0.040600 0.049000 0.090300 0.020100 0.027200 0.033000 0.041200 0.040900 0.013200 0.106200 0.040500 0.040900 0.101400 0.111100 0.026300 0.027000 0.040900 0.048800 0.046400 0.055800 0.041200 0.040900 0.013400 0.034100 0.020500 0.034200 0.033000 0.106300 0.079100 0.020000 0.026500 0.040600 0.041200 0.041000 0.000000 0.041200 0.046000 0.054500 0.033000 0.046900 0.033800 0.013200 0.020100 0.033300 0.040800 0.071000 0.034200 0.027600
RoeDeer 0.079100 0.151700 0.073400 0.171100 0.063400 0.079800 0.108200 0.049400 0.058500 0.006500 0.063400 0.057800 0.041500 0.125000 0.062900 0.063700 0.124800 0.135500 0.040700 0.058100 0.071500 0.071800 0.019700 0.027500 0.063400 0.071300 0.041900 0.066100 0.050000 0.066400 0.006500 0.125500 0.100700 0.048700 0.055300 0.057400 0.063400 0.063900 0.041200 0.000000 0.019500 0.085800 0.006500 0.019900 0.050000 0.041500 0.064200 0.048200 0.056000 0.093500 0.066300 0.059400
WhiteLippe 0.082600 0.152200 0.077200 0.170300 0.067500 0.083300 0.095100 0.053600 0.063000 0.012500 0.067500 0.062200 0.046400 0.111300 0.053000 0.067700 0.127000 0.137400 0.045500 0.062500 0.075200 0.075700 0.012400 0.032900 0.067500 0.060500 0.046800 0.070300 0.054700 0.070500 0.012500 0.111000 0.104600 0.053300 0.059600 0.061800 0.067500 0.068100 0.046000 0.019500 0.000000 0.074200 0.012500 0.025300 0.054800 0.046400 0.054000 0.052800 0.075600 0.097100 0.070400 0.063800
ThomsonGaz 0.077100 0.135300 0.069900 0.170300 0.069600 0.077800 0.121400 0.041000 0.055600 0.075600 0.069100 0.069900 0.040500 0.139500 0.084100 0.054700 0.132300 0.142900 0.068300 0.055100 0.070000 0.077500 0.089800 0.101200 0.069000 0.013100 0.041000 0.048200 0.034200 0.062900 0.075600 0.138700 0.109700 0.040500 0.054200 0.069300 0.069100 0.070200 0.054500 0.085800 0.074200 0.000000 0.075600 0.090600 0.077100 0.040500 0.048400 0.061500 0.087100 0.117600 0.062900 0.056400
MuntiacusC 0.069000 0.138000 0.063900 0.157200 0.054200 0.069700 0.096600 0.040400 0.049600 0.000000 0.054200 0.049000 0.033200 0.112700 0.053900 0.054400 0.113400 0.123400 0.032600 0.049300 0.061700 0.062100 0.012600 0.019800 0.054200 0.061700 0.033500 0.057000 0.041100 0.057200 0.000000 0.112800 0.090600 0.040100 0.046500 0.048700 0.054200 0.054600 0.033000 0.006500 0.012500 0.075600 0.000000 0.012700 0.041500 0.033200 0.054800 0.039700 0.061300 0.083700 0.057100 0.050200
WhiteTaile 0.084100 0.146800 0.078300 0.175000 0.068600 0.084900 0.112200 0.054600 0.063900 0.012700 0.068800 0.063300 0.047200 0.128500 0.068100 0.054200 0.129500 0.140000 0.046300 0.063400 0.076700 0.077100 0.025600 0.006500 0.068700 0.076400 0.047700 0.071300 0.055700 0.071600 0.012700 0.128800 0.106600 0.054300 0.060700 0.062800 0.068800 0.069200 0.046900 0.019900 0.025300 0.090600 0.012700 0.000000 0.055700 0.047200 0.069500 0.053700 0.076200 0.082600 0.071500 0.064800
Cattle 0.071500 0.138000 0.034200 0.174300 0.055600 0.072000 0.118200 0.041400 0.020400 0.041500 0.055900 0.006600 0.034000 0.132700 0.057200 0.058900 0.110300 0.120200 0.047800 0.020200 0.063300 0.064200 0.055500 0.065000 0.058200 0.063000 0.034300 0.027300 0.042000 0.027400 0.041500 0.133000 0.087900 0.041000 0.047600 0.006600 0.055900 0.056000 0.033800 0.050000 0.054800 0.077100 0.041500 0.055700 0.000000 0.034000 0.056000 0.055000 0.062600 0.079400 0.027300 0.020700
RoyalAntel 0.034000 0.129400 0.027100 0.163900 0.026900 0.034300 0.075900 0.006700 0.013500 0.033200 0.026800 0.027100 0.000000 0.091400 0.040800 0.027100 0.102100 0.112000 0.026500 0.013400 0.027100 0.034200 0.046800 0.056000 0.026800 0.027100 0.000000 0.020300 0.006800 0.020400 0.033200 0.091600 0.079800 0.006600 0.013200 0.026900 0.026800 0.027200 0.013200 0.041500 0.046400 0.040500 0.033200 0.047200 0.034000 0.000000 0.020400 0.019900 0.041100 0.071500 0.020400 0.013700
Steenbok 0.056200 0.139900 0.048900 0.175200 0.048800 0.056700 0.100100 0.027500 0.034800 0.054800 0.048500 0.048900 0.020400 0.120100 0.063300 0.048800 0.128000 0.138900 0.047900 0.034500 0.049100 0.056600 0.068900 0.079200 0.048400 0.034500 0.020600 0.041900 0.028000 0.042000 0.054800 0.116800 0.105100 0.027300 0.034000 0.048500 0.048500 0.049200 0.020100 0.064200 0.054000 0.048400 0.054800 0.069500 0.056000 0.020400 0.000000 0.041100 0.067600 0.095600 0.042000 0.035300
Impala 0.054800 0.153800 0.048000 0.174600 0.033400 0.055300 0.097400 0.026800 0.034100 0.039700 0.047300 0.047900 0.019900 0.082600 0.047400 0.047900 0.125200 0.135900 0.019500 0.033800 0.033800 0.055300 0.053300 0.062900 0.047300 0.047700 0.020100 0.041100 0.027300 0.041300 0.039700 0.097800 0.102600 0.026700 0.033200 0.047600 0.047300 0.033700 0.033300 0.048200 0.052800 0.061500 0.039700 0.053700 0.055000 0.019900 0.041100 0.000000 0.062200 0.094300 0.041200 0.034600
Klipspring 0.079200 0.147400 0.070500 0.183100 0.070200 0.079900 0.075900 0.048500 0.056100 0.061300 0.070900 0.070300 0.041100 0.091300 0.069800 0.070600 0.118700 0.112400 0.054400 0.055500 0.070800 0.079400 0.075300 0.086500 0.070900 0.072200 0.041400 0.063300 0.049400 0.063600 0.061300 0.091600 0.095800 0.048200 0.054800 0.069700 0.070900 0.070900 0.040800 0.056000 0.075600 0.087100 0.061300 0.076200 0.062600 0.041100 0.067600 0.062200 0.000000 0.102900 0.063600 0.057000
ForestMusk 0.096500 0.140500 0.087700 0.140000 0.103700 0.097400 0.148500 0.079900 0.072400 0.083700 0.087600 0.087300 0.071500 0.163200 0.108400 0.092600 0.087000 0.096300 0.088800 0.071700 0.087700 0.096900 0.082800 0.077200 0.094200 0.102700 0.072100 0.079900 0.081000 0.080300 0.083700 0.164200 0.065100 0.078900 0.085900 0.086900 0.087600 0.104600 0.071000 0.093500 0.097100 0.117600 0.083700 0.082600 0.079400 0.071500 0.095600 0.094300 0.102900 0.000000 0.064700 0.073600
Bushbuck 0.056400 0.122300 0.020500 0.157500 0.048900 0.056900 0.103000 0.027600 0.006800 0.057100 0.048600 0.020500 0.020400 0.117400 0.065400 0.052000 0.095500 0.105100 0.048500 0.006700 0.049200 0.056800 0.071600 0.081700 0.050900 0.048900 0.020600 0.013600 0.028000 0.013700 0.057100 0.117800 0.073100 0.027400 0.034000 0.020300 0.048600 0.049300 0.034200 0.066300 0.070400 0.062900 0.057100 0.071500 0.027300 0.020400 0.042000 0.041200 0.063600 0.064700 0.000000 0.006900
GreaterKud 0.049800 0.133500 0.013800 0.170300 0.042200 0.050200 0.096200 0.020900 0.000100 0.050200 0.042000 0.013800 0.013700 0.111100 0.058300 0.044500 0.105100 0.115200 0.041800 0.000100 0.042600 0.050200 0.064700 0.075000 0.043700 0.042200 0.013900 0.006900 0.021200 0.006900 0.050200 0.111400 0.082300 0.020700 0.027400 0.013700 0.042000 0.042600 0.027600 0.059400 0.063800 0.056400 0.050200 0.064800 0.020700 0.013700 0.035300 0.034600 0.057000 0.073600 0.006900 0.000000
