1
52 1
Argali 0.000000 0.171300 0.045400 0.188700 0.041000 0.013300 0.027000 0.031600 0.050200 0.055800 0.017800 0.036100 0.031000 0.026900 0.022200 0.049900 0.075200 0.065000 0.026500 0.050200 0.049800 0.022200 0.080200 0.055500 0.017800 0.045400 0.022100 0.055000 0.040700 0.054800 0.065700 0.031400 0.074500 0.026700 0.026500 0.045400 0.026900 0.036200 0.040500 0.049300 0.075100 0.036100 0.060700 0.070600 0.059800 0.069200 0.036100 0.026700 0.040700 0.079300 0.059800 0.060300
LesserMous 0.171300 0.000000 0.194300 0.199800 0.178600 0.159500 0.172500 0.184300 0.201700 0.203700 0.171700 0.170900 0.189100 0.184200 0.176900 0.194700 0.228500 0.209100 0.183200 0.201700 0.193600 0.165400 0.222700 0.203600 0.171700 0.176800 0.165700 0.208200 0.182800 0.194800 0.204200 0.189600 0.213100 0.172000 0.183500 0.182900 0.178300 0.177800 0.201000 0.196300 0.228600 0.177100 0.210100 0.223000 0.201400 0.237700 0.171400 0.188400 0.200500 0.226300 0.202100 0.215600
LesserKudu 0.045400 0.194300 0.000000 0.212400 0.069800 0.040800 0.055200 0.060000 0.013300 0.075300 0.045500 0.036000 0.059700 0.055200 0.059500 0.079200 0.085100 0.074900 0.055000 0.013300 0.078700 0.050100 0.090400 0.065300 0.045500 0.074200 0.050200 0.017900 0.069400 0.017800 0.075500 0.059800 0.084200 0.055100 0.055000 0.045400 0.055200 0.064600 0.059600 0.060100 0.085200 0.054800 0.070300 0.080400 0.059900 0.099200 0.064600 0.064300 0.069300 0.089400 0.022400 0.022500
KillerWhal 0.188700 0.199800 0.212400 0.000000 0.196000 0.176600 0.190200 0.184200 0.207300 0.216200 0.177200 0.194000 0.195000 0.190000 0.194000 0.206900 0.247700 0.221400 0.177500 0.207300 0.217500 0.182800 0.228800 0.209500 0.177200 0.194500 0.189000 0.201700 0.194700 0.225700 0.222900 0.207600 0.219000 0.189600 0.189200 0.200700 0.190000 0.195400 0.219200 0.214900 0.234800 0.188800 0.222500 0.229100 0.219500 0.237600 0.195000 0.188200 0.206600 0.225300 0.207700 0.221400
DefassaWat 0.041000 0.178600 0.069800 0.196000 0.000000 0.036400 0.041200 0.055600 0.065200 0.081100 0.022500 0.060100 0.045700 0.031800 0.045600 0.064900 0.091000 0.070600 0.031700 0.065200 0.054900 0.036300 0.107000 0.070900 0.022500 0.050400 0.027100 0.070300 0.055300 0.080000 0.081300 0.036400 0.080000 0.031800 0.041100 0.070000 0.022600 0.013300 0.055200 0.075600 0.101600 0.050500 0.086200 0.086300 0.085200 0.074600 0.041000 0.060000 0.055200 0.095400 0.075200 0.075600
Sheep 0.013300 0.159500 0.040800 0.176600 0.036400 0.000000 0.022500 0.027100 0.045000 0.051100 0.013200 0.031500 0.026900 0.022200 0.026400 0.045400 0.070500 0.060300 0.022000 0.045600 0.045300 0.017800 0.075400 0.050800 0.013300 0.040800 0.017600 0.050400 0.036200 0.050200 0.061000 0.026800 0.069800 0.022300 0.022300 0.040100 0.022400 0.031600 0.035400 0.045800 0.070300 0.031500 0.055900 0.065800 0.055100 0.064600 0.031600 0.030900 0.036100 0.074500 0.055200 0.055600
MaxwellsDu 0.027000 0.172500 0.055200 0.190200 0.041200 0.022500 0.000000 0.041200 0.060300 0.066000 0.017900 0.045700 0.031600 0.018000 0.031500 0.050400 0.085900 0.075600 0.027100 0.060300 0.050100 0.022400 0.081100 0.060900 0.017900 0.045600 0.022500 0.065400 0.041000 0.065100 0.076200 0.022500 0.085000 0.018000 0.027100 0.045800 0.027200 0.036400 0.040900 0.060700 0.086000 0.036300 0.071000 0.076100 0.060300 0.059900 0.036300 0.045600 0.040900 0.090300 0.060500 0.070600
GazellaPrz 0.031600 0.184300 0.060000 0.184200 0.055600 0.027100 0.041200 0.000000 0.065200 0.066000 0.031700 0.050500 0.036300 0.031800 0.045500 0.055200 0.091100 0.080600 0.041000 0.065200 0.054900 0.036300 0.081100 0.065900 0.031700 0.049900 0.036400 0.060500 0.045700 0.070000 0.076200 0.045800 0.089800 0.041100 0.041100 0.060200 0.041300 0.041100 0.055200 0.060700 0.075900 0.041000 0.071000 0.081200 0.075200 0.074700 0.041000 0.040900 0.055200 0.095400 0.075200 0.075600
MountainNy 0.050200 0.201700 0.013300 0.207300 0.065200 0.045000 0.060300 0.065200 0.000000 0.080800 0.040400 0.031600 0.064600 0.060100 0.064400 0.084300 0.090600 0.080000 0.049500 0.000000 0.084100 0.054900 0.095700 0.060500 0.040600 0.079600 0.055100 0.004400 0.074700 0.013300 0.081000 0.055200 0.079600 0.060000 0.049300 0.040800 0.050500 0.069800 0.064500 0.065100 0.090400 0.059900 0.075700 0.075800 0.055200 0.094500 0.069800 0.069300 0.074500 0.084500 0.008900 0.009000
MuntiacusM 0.055800 0.203700 0.075300 0.216200 0.081100 0.051100 0.066000 0.066000 0.080800 0.000000 0.055900 0.065500 0.070500 0.066000 0.065300 0.075400 0.107500 0.096700 0.065700 0.080800 0.085000 0.060700 0.037000 0.032200 0.055900 0.080500 0.060800 0.086000 0.065600 0.085600 0.009000 0.070700 0.101200 0.065800 0.065700 0.075600 0.066000 0.070600 0.080500 0.022700 0.032200 0.070500 0.004500 0.046700 0.080900 0.111300 0.075600 0.065400 0.075400 0.106500 0.091100 0.091600
goat 0.017800 0.171700 0.045500 0.177200 0.022500 0.013200 0.017900 0.031700 0.040400 0.055900 0.000000 0.036200 0.022300 0.017700 0.022200 0.040600 0.075400 0.065100 0.008800 0.040800 0.040600 0.013200 0.080400 0.045400 0.000000 0.036100 0.013300 0.045300 0.031500 0.054900 0.065900 0.022300 0.064800 0.017800 0.017800 0.045500 0.008800 0.027000 0.031000 0.050600 0.075200 0.026900 0.060800 0.060800 0.059900 0.050100 0.026900 0.035900 0.031500 0.069600 0.050400 0.050800
AfricanBuf 0.036100 0.170900 0.036000 0.194000 0.060100 0.031500 0.045700 0.050500 0.031600 0.065500 0.036200 0.000000 0.050200 0.045700 0.040600 0.059700 0.075100 0.065100 0.045500 0.031600 0.059200 0.031500 0.080400 0.055600 0.036200 0.054900 0.040800 0.036300 0.050200 0.036100 0.065600 0.040900 0.064600 0.045600 0.045500 0.008900 0.045700 0.055000 0.050200 0.050600 0.075200 0.045400 0.060600 0.070500 0.022400 0.089100 0.059600 0.054800 0.050100 0.079500 0.040900 0.041200
Topi 0.031000 0.189100 0.059700 0.195000 0.045700 0.026900 0.031600 0.036300 0.064600 0.070500 0.022300 0.050200 0.000000 0.022200 0.035800 0.054700 0.090400 0.079800 0.031400 0.064600 0.045200 0.026800 0.085400 0.070200 0.022000 0.040700 0.017800 0.059900 0.045400 0.069300 0.080800 0.035600 0.079500 0.022300 0.040700 0.059700 0.031600 0.040800 0.045000 0.065000 0.080200 0.040700 0.075600 0.085700 0.074400 0.074200 0.031400 0.040000 0.045400 0.089400 0.074500 0.075200
CommonDuik 0.026900 0.184200 0.055200 0.190000 0.031800 0.022200 0.018000 0.031800 0.060100 0.066000 0.017700 0.045700 0.022200 0.000000 0.031400 0.050400 0.075700 0.065300 0.026700 0.060100 0.050100 0.022100 0.080800 0.060700 0.017800 0.045600 0.022400 0.055400 0.041000 0.064800 0.076200 0.013400 0.085000 0.017800 0.035700 0.054900 0.017900 0.027100 0.040800 0.060400 0.075600 0.036300 0.071000 0.076000 0.069900 0.069700 0.036300 0.045400 0.040900 0.089900 0.070000 0.070600
Suni 0.022200 0.176900 0.059500 0.194000 0.045600 0.026400 0.031500 0.045500 0.064400 0.065300 0.022200 0.040600 0.035800 0.031400 0.000000 0.054500 0.090100 0.079500 0.031300 0.064400 0.045000 0.026400 0.095100 0.069900 0.022200 0.049900 0.026700 0.069300 0.045300 0.069100 0.075400 0.035900 0.069400 0.031300 0.039800 0.049900 0.031000 0.040700 0.035700 0.064700 0.090200 0.040600 0.070300 0.085400 0.064400 0.073900 0.040600 0.031200 0.026800 0.094700 0.074200 0.074800
Springbuck 0.049900 0.194700 0.079200 0.206900 0.064900 0.045400 0.050400 0.055200 0.084300 0.075400 0.040600 0.059700 0.054700 0.050400 0.054500 0.000000 0.100800 0.089900 0.049100 0.084300 0.045200 0.035900 0.100500 0.075000 0.040600 0.031500 0.045300 0.089500 0.017800 0.089100 0.085700 0.054800 0.110100 0.050100 0.059600 0.069300 0.050100 0.050200 0.044700 0.069800 0.095200 0.022300 0.080500 0.101100 0.084300 0.094100 0.059700 0.049100 0.064400 0.115100 0.094500 0.095400
Okapi 0.075200 0.228500 0.085100 0.247700 0.091000 0.070500 0.085900 0.091100 0.090600 0.107500 0.075400 0.075100 0.090400 0.075700 0.090100 0.100800 0.000000 0.018100 0.085500 0.090600 0.100100 0.080300 0.123500 0.096700 0.075400 0.095600 0.080400 0.096000 0.090500 0.095500 0.107700 0.080500 0.116600 0.075500 0.085500 0.085400 0.075800 0.085400 0.090400 0.091100 0.117900 0.085400 0.102100 0.112900 0.101000 0.132500 0.100600 0.085200 0.100600 0.111700 0.101100 0.091300
Giraffe 0.065000 0.209100 0.074900 0.221400 0.070600 0.060300 0.075600 0.080600 0.080000 0.096700 0.065100 0.065100 0.079800 0.065300 0.079500 0.089900 0.018100 0.000000 0.074900 0.080000 0.079600 0.069900 0.112100 0.085900 0.065100 0.075100 0.060200 0.085200 0.080200 0.084800 0.086500 0.070100 0.095400 0.065200 0.075000 0.074800 0.065400 0.075200 0.079800 0.080400 0.106600 0.075100 0.091500 0.102100 0.090100 0.121300 0.075100 0.074700 0.090100 0.110800 0.090300 0.091100
TibetanAnt 0.026500 0.183200 0.055000 0.177500 0.031700 0.022000 0.027100 0.041000 0.049500 0.065700 0.008800 0.045500 0.031400 0.026700 0.031300 0.049100 0.085500 0.074900 0.000000 0.049300 0.049900 0.022200 0.090500 0.055600 0.008800 0.045500 0.022100 0.054200 0.040800 0.064500 0.075800 0.031500 0.074600 0.026900 0.026600 0.054900 0.017900 0.036200 0.040600 0.060200 0.084500 0.036100 0.070600 0.070700 0.069600 0.059700 0.036200 0.045200 0.040700 0.079400 0.059900 0.060400
Sitatunga 0.050200 0.201700 0.013300 0.207300 0.065200 0.045600 0.060300 0.065200 0.000000 0.080800 0.040800 0.031600 0.064600 0.060100 0.064400 0.084300 0.090600 0.080000 0.049300 0.000000 0.084100 0.054900 0.095700 0.060500 0.040200 0.079600 0.055100 0.004400 0.074700 0.013300 0.081000 0.055200 0.079600 0.060100 0.050300 0.040800 0.050500 0.069800 0.064500 0.065100 0.090400 0.059900 0.075700 0.075800 0.054100 0.094500 0.069800 0.069300 0.074500 0.084500 0.008900 0.009000
Oribi 0.049800 0.193600 0.078700 0.217500 0.054900 0.045300 0.050100 0.054900 0.084100 0.085000 0.040600 0.059200 0.045200 0.050100 0.045000 0.045200 0.100100 0.079600 0.049900 0.084100 0.000000 0.045100 0.100400 0.084900 0.040600 0.022200 0.026700 0.089200 0.035900 0.088900 0.085200 0.054700 0.079000 0.040600 0.050000 0.069200 0.050200 0.050000 0.035900 0.079500 0.095100 0.031300 0.090100 0.100500 0.084100 0.093500 0.054400 0.049800 0.045200 0.114800 0.094300 0.094800
BarbaryShe 0.022200 0.165400 0.050100 0.182800 0.036300 0.017800 0.022400 0.036300 0.054900 0.060700 0.013200 0.031500 0.026800 0.022100 0.026400 0.035900 0.080300 0.069900 0.022200 0.054900 0.045100 0.000000 0.084300 0.060100 0.013200 0.031400 0.017600 0.059900 0.026900 0.059600 0.070700 0.026500 0.079500 0.022200 0.031400 0.040700 0.022400 0.031500 0.035500 0.055300 0.080100 0.022300 0.065600 0.075600 0.055000 0.064400 0.031500 0.040500 0.036000 0.074400 0.064700 0.065200
Daviddeer 0.080200 0.222700 0.090400 0.228800 0.107000 0.075400 0.081100 0.081100 0.095700 0.037000 0.080400 0.080400 0.085400 0.080800 0.095100 0.100500 0.123500 0.112100 0.090500 0.095700 0.100400 0.084300 0.000000 0.041500 0.080400 0.106200 0.085400 0.089200 0.090600 0.100600 0.037100 0.095700 0.122300 0.080600 0.080500 0.090400 0.091000 0.096000 0.105800 0.041300 0.004500 0.095800 0.032300 0.056400 0.095900 0.138200 0.101100 0.094300 0.095700 0.121900 0.096000 0.107300
Reindeer 0.055500 0.203600 0.065300 0.209500 0.070900 0.050800 0.060900 0.065900 0.060500 0.032200 0.045400 0.055600 0.070200 0.060700 0.069900 0.075000 0.096700 0.085900 0.055600 0.060500 0.084900 0.060100 0.041500 0.000000 0.046000 0.080400 0.060500 0.065500 0.065400 0.075100 0.032300 0.065400 0.085500 0.065500 0.055600 0.065200 0.055900 0.070600 0.080100 0.018000 0.036500 0.070400 0.027500 0.022800 0.080300 0.100600 0.075500 0.070000 0.080300 0.085300 0.070400 0.071000
Ibex 0.017800 0.171700 0.045500 0.177200 0.022500 0.013300 0.017900 0.031700 0.040600 0.055900 0.000000 0.036200 0.022000 0.017800 0.022200 0.040600 0.075400 0.065100 0.008800 0.040200 0.040600 0.013200 0.080400 0.046000 0.000000 0.036100 0.013300 0.045600 0.031500 0.054900 0.065900 0.022300 0.064800 0.017800 0.017600 0.045500 0.008900 0.027000 0.031400 0.050600 0.075200 0.026900 0.060800 0.060800 0.059900 0.050100 0.026900 0.035900 0.031500 0.069300 0.049600 0.050800
GyrantGaze 0.045400 0.176800 0.074200 0.194500 0.050400 0.040800 0.045600 0.049900 0.079600 0.080500 0.036100 0.054900 0.040700 0.045600 0.049900 0.031500 0.095600 0.075100 0.045500 0.079600 0.022200 0.031400 0.106200 0.080400 0.036100 0.000000 0.022300 0.084700 0.022300 0.084400 0.080700 0.050300 0.084200 0.036200 0.055000 0.064600 0.045700 0.045500 0.040700 0.075000 0.100800 0.017800 0.085600 0.095900 0.079600 0.089100 0.045400 0.045300 0.059600 0.110300 0.089700 0.090200
Hartebeest 0.022100 0.165700 0.050200 0.189000 0.027100 0.017600 0.022500 0.036400 0.055100 0.060800 0.013300 0.040800 0.017800 0.022400 0.026700 0.045300 0.080400 0.060200 0.022100 0.055100 0.026700 0.017600 0.085400 0.060500 0.013300 0.022300 0.000000 0.060000 0.036200 0.059700 0.060900 0.026600 0.060000 0.013300 0.031600 0.050200 0.022400 0.031600 0.036000 0.055400 0.080200 0.031500 0.065700 0.075700 0.063800 0.064500 0.022400 0.040600 0.036100 0.084500 0.064800 0.065400
Bongo 0.055000 0.208200 0.017900 0.201700 0.070300 0.050400 0.065400 0.060500 0.004400 0.086000 0.045300 0.036300 0.059900 0.055400 0.069300 0.089500 0.096000 0.085200 0.054200 0.004400 0.089200 0.059900 0.089200 0.065500 0.045600 0.084700 0.060000 0.000000 0.079800 0.017700 0.086200 0.060100 0.084800 0.063900 0.054200 0.045600 0.055400 0.074900 0.069500 0.069300 0.085600 0.064900 0.080900 0.081000 0.060100 0.099800 0.074800 0.074300 0.079600 0.089700 0.013400 0.013500
Gerenuk 0.040700 0.182800 0.069400 0.194700 0.055300 0.036200 0.041000 0.045700 0.074700 0.065600 0.031500 0.050200 0.045400 0.041000 0.045300 0.017800 0.090500 0.080200 0.040800 0.074700 0.035900 0.026900 0.090600 0.065400 0.031500 0.022300 0.036200 0.079800 0.000000 0.079400 0.075700 0.045600 0.099800 0.040900 0.050300 0.059800 0.041000 0.040800 0.036100 0.060300 0.085400 0.013300 0.070500 0.090800 0.074700 0.084100 0.050200 0.040700 0.054900 0.105100 0.084800 0.085200
CommonElan 0.054800 0.194800 0.017800 0.225700 0.080000 0.050200 0.065100 0.070000 0.013300 0.085600 0.054900 0.036100 0.069300 0.064800 0.069100 0.089100 0.095500 0.084800 0.064500 0.013300 0.088900 0.059600 0.100600 0.075100 0.054900 0.084400 0.059700 0.017700 0.079400 0.000000 0.085800 0.059800 0.094600 0.064700 0.064600 0.045400 0.064900 0.074600 0.069200 0.069800 0.095300 0.064600 0.080500 0.090800 0.059900 0.109700 0.074500 0.074000 0.079300 0.099500 0.022400 0.013400
MuntiacusR 0.065700 0.204200 0.075500 0.222900 0.081300 0.061000 0.076200 0.076200 0.081000 0.009000 0.065900 0.065600 0.080800 0.076200 0.075400 0.085700 0.107700 0.086500 0.075800 0.081000 0.085200 0.070700 0.037100 0.032300 0.065900 0.080700 0.060900 0.086200 0.075700 0.085800 0.000000 0.081000 0.091000 0.076000 0.075900 0.075700 0.076300 0.080900 0.090900 0.022800 0.032300 0.080800 0.004500 0.046800 0.081100 0.122300 0.075800 0.075500 0.085700 0.106800 0.091400 0.091800
HarveysDui 0.031400 0.189600 0.059800 0.207600 0.036400 0.026800 0.022500 0.045800 0.055200 0.070700 0.022300 0.040900 0.035600 0.013400 0.035900 0.054800 0.080500 0.070100 0.031500 0.055200 0.054700 0.026500 0.095700 0.065400 0.022300 0.050300 0.026600 0.060100 0.045600 0.059800 0.081000 0.000000 0.089800 0.022400 0.040200 0.049500 0.022400 0.031600 0.045400 0.065200 0.090500 0.040800 0.075800 0.080900 0.064900 0.074400 0.040900 0.050000 0.045500 0.094700 0.064900 0.065500
Pronghorn 0.074500 0.213100 0.084200 0.219000 0.080000 0.069800 0.085000 0.089800 0.079600 0.101200 0.064800 0.064600 0.079500 0.085000 0.069400 0.110100 0.116600 0.095400 0.074600 0.079600 0.079000 0.079500 0.122300 0.085500 0.064800 0.084200 0.060000 0.084800 0.099800 0.094600 0.091000 0.089800 0.000000 0.074800 0.074700 0.074600 0.075000 0.094800 0.089500 0.090200 0.116700 0.094600 0.096000 0.101200 0.089800 0.120300 0.084500 0.084300 0.079500 0.110300 0.089800 0.085100
BlueWildeb 0.026700 0.172000 0.055100 0.189600 0.031800 0.022300 0.018000 0.041100 0.060000 0.065800 0.017800 0.045600 0.022300 0.017800 0.031300 0.050100 0.075500 0.065200 0.026900 0.060100 0.040600 0.022200 0.080600 0.065500 0.017800 0.036200 0.013300 0.063900 0.040900 0.064700 0.076000 0.022400 0.074800 0.000000 0.036200 0.055300 0.017900 0.027000 0.040700 0.060300 0.085400 0.036200 0.070800 0.080900 0.069700 0.069500 0.036200 0.045300 0.040800 0.089700 0.060100 0.070400
Gemsbok 0.026500 0.183500 0.055000 0.189200 0.041100 0.022300 0.027100 0.041100 0.049300 0.065700 0.017800 0.045500 0.040700 0.035700 0.039800 0.059600 0.085500 0.075000 0.026600 0.050300 0.050000 0.031400 0.080500 0.055600 0.017600 0.055000 0.031600 0.054200 0.050300 0.064600 0.075900 0.040200 0.074700 0.036200 0.000000 0.045500 0.026600 0.045600 0.050000 0.060200 0.075300 0.045500 0.070700 0.070700 0.059900 0.059700 0.045500 0.045300 0.040800 0.079500 0.060000 0.060500
Yak 0.045400 0.182900 0.045400 0.200700 0.070000 0.040100 0.045800 0.060200 0.040800 0.075600 0.045500 0.008900 0.059700 0.054900 0.049900 0.069300 0.085400 0.074800 0.054900 0.040800 0.069200 0.040700 0.090400 0.065200 0.045500 0.064600 0.050200 0.045600 0.059800 0.045400 0.075700 0.049500 0.074600 0.055300 0.045500 0.000000 0.055200 0.064800 0.059600 0.060100 0.085100 0.055000 0.070500 0.080600 0.013300 0.089300 0.064700 0.064300 0.059800 0.089400 0.050300 0.050800
BlueSheep 0.026900 0.178300 0.055200 0.190000 0.022600 0.022400 0.027200 0.041300 0.050500 0.066000 0.008800 0.045700 0.031600 0.017900 0.031000 0.050100 0.075800 0.065400 0.017900 0.050500 0.050200 0.022400 0.091000 0.055900 0.008900 0.045700 0.022400 0.055400 0.041000 0.064900 0.076300 0.022400 0.075000 0.017900 0.026600 0.055200 0.000000 0.027100 0.040400 0.060500 0.085800 0.036300 0.071000 0.071100 0.070000 0.060000 0.036300 0.045500 0.040900 0.079900 0.060200 0.060800
BohorReedb 0.036200 0.177800 0.064600 0.195400 0.013300 0.031600 0.036400 0.041100 0.069800 0.070600 0.027000 0.055000 0.040800 0.027100 0.040700 0.050200 0.085400 0.075200 0.036200 0.069800 0.050000 0.031500 0.096000 0.070600 0.027000 0.045500 0.031600 0.074900 0.040800 0.074600 0.080900 0.031600 0.094800 0.027000 0.045600 0.064800 0.027100 0.000000 0.050200 0.065300 0.090700 0.036200 0.075700 0.085900 0.079800 0.079200 0.045600 0.045400 0.050200 0.100100 0.079900 0.080300
KirksDik 0.040500 0.201000 0.059600 0.219200 0.055200 0.035400 0.040900 0.055200 0.064500 0.080500 0.031000 0.050200 0.045000 0.040800 0.035700 0.044700 0.090400 0.079800 0.040600 0.064500 0.035900 0.035500 0.105800 0.080100 0.031400 0.040700 0.036000 0.069500 0.036100 0.069200 0.090900 0.045400 0.089500 0.040700 0.050000 0.059600 0.040400 0.050200 0.000000 0.074700 0.100400 0.022300 0.085600 0.095900 0.074400 0.084000 0.050100 0.049800 0.045400 0.104600 0.074200 0.075000
RoeDeer 0.049300 0.196300 0.060100 0.214900 0.075600 0.045800 0.060700 0.060700 0.065100 0.022700 0.050600 0.050600 0.065000 0.060400 0.064700 0.069800 0.091100 0.080400 0.060200 0.065100 0.079500 0.055300 0.041300 0.018000 0.050600 0.075000 0.055400 0.069300 0.060300 0.069800 0.022800 0.065200 0.090200 0.060300 0.060200 0.060100 0.060500 0.065300 0.074700 0.000000 0.036300 0.065200 0.018100 0.041600 0.075000 0.105400 0.070200 0.064800 0.075000 0.090000 0.075100 0.075700
WhiteLippe 0.075100 0.228600 0.085200 0.234800 0.101600 0.070300 0.086000 0.075900 0.090400 0.032200 0.075200 0.075200 0.080200 0.075600 0.090200 0.095200 0.117900 0.106600 0.084500 0.090400 0.095100 0.080100 0.004500 0.036500 0.075200 0.100800 0.080200 0.085600 0.085400 0.095300 0.032300 0.090500 0.116700 0.085400 0.075300 0.085100 0.085800 0.090700 0.100400 0.036300 0.000000 0.090500 0.027500 0.051400 0.090600 0.132400 0.095800 0.090000 0.090400 0.116400 0.100900 0.101800
ThomsonGaz 0.036100 0.177100 0.054800 0.188800 0.050500 0.031500 0.036300 0.041000 0.059900 0.070500 0.026900 0.045400 0.040700 0.036300 0.040600 0.022300 0.085400 0.075100 0.036100 0.059900 0.031300 0.022300 0.095800 0.070400 0.026900 0.017800 0.031500 0.064900 0.013300 0.064600 0.080800 0.040800 0.094600 0.036200 0.045500 0.055000 0.036300 0.036200 0.022300 0.065200 0.090500 0.000000 0.075500 0.085700 0.069700 0.079100 0.045500 0.036000 0.050100 0.099900 0.069800 0.070100
MuntiacusC 0.060700 0.210100 0.070300 0.222500 0.086200 0.055900 0.071000 0.071000 0.075700 0.004500 0.060800 0.060600 0.075600 0.071000 0.070300 0.080500 0.102100 0.091500 0.070600 0.075700 0.090100 0.065600 0.032300 0.027500 0.060800 0.085600 0.065700 0.080900 0.070500 0.080500 0.004500 0.075800 0.096000 0.070800 0.070700 0.070500 0.071000 0.075700 0.085600 0.018100 0.027500 0.075500 0.000000 0.041900 0.075800 0.116600 0.080600 0.070400 0.080400 0.101200 0.086000 0.086400
WhiteTaile 0.070600 0.223000 0.080400 0.229100 0.086300 0.065800 0.076100 0.081200 0.075800 0.046700 0.060800 0.070500 0.085700 0.076000 0.085400 0.101100 0.112900 0.102100 0.070700 0.075800 0.100500 0.075600 0.056400 0.022800 0.060800 0.095900 0.075700 0.081000 0.090800 0.090800 0.046800 0.080900 0.101200 0.080900 0.070700 0.080600 0.071100 0.085900 0.095900 0.041600 0.051400 0.085700 0.041900 0.000000 0.086000 0.106300 0.090900 0.085500 0.095800 0.101300 0.086000 0.086500
Cattle 0.059800 0.201400 0.059900 0.219500 0.085200 0.055100 0.060300 0.075200 0.055200 0.080900 0.059900 0.022400 0.074400 0.069900 0.064400 0.084300 0.101000 0.090100 0.069600 0.054100 0.084100 0.055000 0.095900 0.080300 0.059900 0.079600 0.063800 0.060100 0.074700 0.059900 0.081100 0.064900 0.089800 0.069700 0.059900 0.013300 0.070000 0.079800 0.074400 0.075000 0.090600 0.069700 0.075800 0.086000 0.000000 0.104800 0.079700 0.079200 0.074600 0.105000 0.065000 0.065500
RoyalAntel 0.069200 0.237700 0.099200 0.237600 0.074600 0.064600 0.059900 0.074700 0.094500 0.111300 0.050100 0.089100 0.074200 0.069700 0.073900 0.094100 0.132500 0.121300 0.059700 0.094500 0.093500 0.064400 0.138200 0.100600 0.050100 0.089100 0.064500 0.099800 0.084100 0.109700 0.122300 0.074400 0.120300 0.069500 0.059700 0.089300 0.060000 0.079200 0.084000 0.105400 0.132400 0.079100 0.116600 0.106300 0.104800 0.000000 0.079200 0.088900 0.084000 0.125900 0.104900 0.105500
Steenbok 0.036100 0.171400 0.064600 0.195000 0.041000 0.031600 0.036300 0.041000 0.069800 0.075600 0.026900 0.059600 0.031400 0.036300 0.040600 0.059700 0.100600 0.075100 0.036200 0.069800 0.054400 0.031500 0.101100 0.075500 0.026900 0.045400 0.022400 0.074800 0.050200 0.074500 0.075800 0.040900 0.084500 0.036200 0.045500 0.064700 0.036300 0.045600 0.050100 0.070200 0.095800 0.045500 0.080600 0.090900 0.079700 0.079200 0.000000 0.054800 0.050100 0.094900 0.079800 0.080200
Impala 0.026700 0.188400 0.064300 0.188200 0.060000 0.030900 0.045600 0.040900 0.069300 0.065400 0.035900 0.054800 0.040000 0.045400 0.031200 0.049100 0.085200 0.074700 0.045200 0.069300 0.049800 0.040500 0.094300 0.070000 0.035900 0.045300 0.040600 0.074300 0.040700 0.074000 0.075500 0.050000 0.084300 0.045300 0.045300 0.064300 0.045500 0.045400 0.049800 0.064800 0.090000 0.036000 0.070400 0.085500 0.079200 0.088900 0.054800 0.000000 0.050000 0.099300 0.079200 0.079900
Klipspring 0.040700 0.200500 0.069300 0.206600 0.055200 0.036100 0.040900 0.055200 0.074500 0.075400 0.031500 0.050100 0.045400 0.040900 0.026800 0.064400 0.100600 0.090100 0.040700 0.074500 0.045200 0.036000 0.095700 0.080300 0.031500 0.059600 0.036100 0.079600 0.054900 0.079300 0.085700 0.045500 0.079500 0.040800 0.040800 0.059800 0.040900 0.050200 0.045400 0.075000 0.090400 0.050100 0.080400 0.095800 0.074600 0.084000 0.050100 0.050000 0.000000 0.104900 0.084600 0.085100
ForestMusk 0.079300 0.226300 0.089400 0.225300 0.095400 0.074500 0.090300 0.095400 0.084500 0.106500 0.069600 0.079500 0.089400 0.089900 0.094700 0.115100 0.111700 0.110800 0.079400 0.084500 0.114800 0.074400 0.121900 0.085300 0.069300 0.110300 0.084500 0.089700 0.105100 0.099500 0.106800 0.094700 0.110300 0.089700 0.079500 0.089400 0.079900 0.100100 0.104600 0.090000 0.116400 0.099900 0.101200 0.101300 0.105000 0.125900 0.094900 0.099300 0.104900 0.000000 0.093500 0.095600
Bushbuck 0.059800 0.202100 0.022400 0.207700 0.075200 0.055200 0.060500 0.075200 0.008900 0.091100 0.050400 0.040900 0.074500 0.070000 0.074200 0.094500 0.101100 0.090300 0.059900 0.008900 0.094300 0.064700 0.096000 0.070400 0.049600 0.089700 0.064800 0.013400 0.084800 0.022400 0.091400 0.064900 0.089800 0.060100 0.060000 0.050300 0.060200 0.079900 0.074200 0.075100 0.100900 0.069800 0.086000 0.086000 0.065000 0.104900 0.079800 0.079200 0.084600 0.093500 0.000000 0.018100
GreaterKud 0.060300 0.215600 0.022500 0.221400 0.075600 0.055600 0.070600 0.075600 0.009000 0.091600 0.050800 0.041200 0.075200 0.070600 0.074800 0.095400 0.091300 0.091100 0.060400 0.009000 0.094800 0.065200 0.107300 0.071000 0.050800 0.090200 0.065400 0.013500 0.085200 0.013400 0.091800 0.065500 0.085100 0.070400 0.060500 0.050800 0.060800 0.080300 0.075000 0.075700 0.101800 0.070100 0.086400 0.086500 0.065500 0.105500 0.080200 0.079900 0.085100 0.095600 0.018100 0.000000
